{"lowlevel": {"spectral_complexity": {"min": 0, "max": 57, "dvar2": 45.1366539001, "median": 19, "dmean2": 6.18030738831, "dmean": 4.24907970428, "var": 106.786911011, "dvar": 23.5730304718, "mean": 19.7127685547}, "silence_rate_20dB": {"min": 1, "max": 1, "dvar2": 0, "median": 1, "dmean2": 0, "dmean": 0, "var": 0, "dvar": 0, "mean": 1}, "average_loudness": 0.92759180069, "erbbands_spread": {"min": 6.36805677414, "max": 153.17350769, "dvar2": 187.050354004, "median": 42.4758605957, "dmean2": 12.4762411118, "dmean": 8.28351783752, "var": 404.222869873, "dvar": 83.251663208, "mean": 46.7519798279}, "spectral_kurtosis": {"min": -1.26108682156, "max": 15.5201911926, "dvar2": 1.14843642712, "median": 3.06330418587, "dmean2": 0.98694217205, "dmean": 0.625263988972, "var": 1.76257097721, "dvar": 0.494497925043, "mean": 3.07501983643}, "barkbands_kurtosis": {"min": -1.90225148201, "max": 62.881401062, "dvar2": 19.774394989, "median": 1.28210473061, "dmean2": 2.71414351463, "dmean": 1.64360761642, "var": 10.6740570068, "dvar": 7.18007850647, "mean": 2.07650876045}, "spectral_strongpeak": {"min": 0, "max": 11.9155931473, "dvar2": 1.72891831398, "median": 0.487283289433, "dmean2": 0.910357296467, "dmean": 0.537538051605, "var": 1.29231727123, "dvar": 0.691960692406, "mean": 0.956717789173}, "spectral_spread": {"min": 2450348, "max": 42852584, "dvar2": 1080951570430.0, "median": 6017945, "dmean2": 845204.125, "dmean": 594868.875, "var": 13350231605200.0, "dvar": 617212411904, "mean": 6496973}, "spectral_rms": {"min": 3.11875655509e-12, "max": 0.011020494625, "dvar2": 3.29258614329e-06, "median": 0.00422545801848, "dmean2": 0.00133036461193, "dmean": 0.000871613097843, "var": 4.05045875596e-06, "dvar": 1.46496779507e-06, "mean": 0.00443239789456}, "erbbands": {"min": [4.51452537392e-23, 3.29662649885e-22, 2.26898529885e-21, 4.71567064215e-21, 8.6016169298e-21, 8.81362962159e-21, 3.2920683318e-20, 7.29825525735e-20, 9.07599951811e-20, 1.9912570252e-19, 2.58820729464e-19, 4.25181122911e-19, 4.32267786014e-19, 5.42591035659e-19, 7.50141094504e-19, 1.41764560504e-18, 1.36251598177e-18, 2.22373135422e-18, 2.76602351918e-18, 2.79220171762e-18, 3.74338270105e-18, 4.2622863342e-18, 4.08225212823e-18, 6.23470139996e-18, 7.48394388903e-18, 5.60514002601e-18, 9.70360448066e-18, 1.08947544889e-17, 8.57872073847e-18, 1.26465344291e-17, 9.78286079105e-18, 1.13986282503e-17, 9.22174199535e-18, 8.58486090016e-18, 6.38849578253e-18, 4.09978008541e-18, 2.37263213628e-18, 1.02300259448e-18, 2.30172802363e-19, 2.61651218735e-20], "max": [1.57977497578, 25.9249401093, 53.3785171509, 39.7971954346, 69.4535980225, 342.056671143, 338.531677246, 303.778320312, 939.656677246, 971.309143066, 1159.30578613, 1317.75769043, 1423.3223877, 1244.78625488, 738.761291504, 740.430480957, 1301.48986816, 1198.86755371, 1279.09851074, 1460.89770508, 668.885559082, 907.256713867, 353.498077393, 666.274658203, 270.644439697, 445.253540039, 272.668884277, 154.253234863, 141.007965088, 115.805290222, 72.0806121826, 43.3413963318, 43.9916763306, 45.9206008911, 33.3955879211, 13.2145195007, 4.16418981552, 0.700388789177, 0.114168845117, 0.00565880723298], "dvar2": [0.0569635294378, 15.0246114731, 82.4129257202, 21.0347042084, 36.1575660706, 3199.76196289, 3737.45458984, 613.787475586, 793.764099121, 4464.73388672, 9541.80175781, 7293.25634766, 6390.2578125, 2353.30834961, 1711.69140625, 3612.10644531, 3857.61083984, 3400.06884766, 2559.53686523, 2129.79736328, 1454.03417969, 2032.24157715, 581.23059082, 630.719116211, 436.999023438, 150.403015137, 228.75428772, 108.752128601, 172.84262085, 151.287368774, 63.0766143799, 43.9782791138, 58.7619743347, 63.4275245667, 32.5364112854, 5.29737377167, 0.503493845463, 0.011846864596, 0.000283169036265, 8.15165890344e-07], "median": [0.0236384365708, 0.393574357033, 1.02643990517, 1.22393345833, 2.16622591019, 6.04554367065, 7.87696123123, 7.38409566879, 8.53898429871, 13.6669855118, 13.9782123566, 12.1579093933, 14.3652248383, 9.46518707275, 10.0503101349, 10.4906253815, 12.7057933807, 11.2890548706, 10.2669773102, 9.75934410095, 11.8381004333, 10.8305950165, 7.2196559906, 8.20770359039, 7.8515663147, 5.52791213989, 6.68115139008, 5.78629589081, 6.72193622589, 3.57232618332, 2.06132793427, 2.21002626419, 1.35851955414, 0.830028712749, 0.62596142292, 0.323424696922, 0.0822216793895, 0.0162628851831, 0.00212218775414, 0.000183893600479], "dmean2": [0.0944438055158, 1.46979773045, 3.70639872551, 2.33377432823, 3.56142258644, 21.9595527649, 25.3380565643, 14.2809085846, 13.4383678436, 32.6580810547, 43.9978713989, 35.6796188354, 37.627696991, 19.6440563202, 19.6700820923, 26.2000045776, 29.1156177521, 27.307466507, 23.2149486542, 19.4635238647, 20.0079555511, 21.3120059967, 12.4714641571, 13.0267677307, 12.3298425674, 7.4426035881, 9.11580657959, 6.1621761322, 7.60212564468, 6.12033939362, 4.02500867844, 3.25261545181, 3.17129182816, 2.94623041153, 2.10391330719, 1.02132821083, 0.254228949547, 0.0435740500689, 0.00650077639148, 0.000349620124325], "dmean": [0.0627211630344, 0.855887055397, 2.15157151222, 1.39084303379, 2.14561057091, 12.5524549484, 14.3839044571, 8.67471122742, 8.71251869202, 21.3055725098, 28.3520393372, 21.7242336273, 23.3582763672, 12.6953668594, 12.7542352676, 16.535118103, 18.0040855408, 17.2653694153, 14.8532629013, 12.4729299545, 12.3728647232, 13.1357584, 8.05864906311, 8.23190975189, 7.92871618271, 4.82222127914, 5.81438970566, 3.99925804138, 4.95902061462, 4.02015256882, 2.68072986603, 2.23267364502, 2.08423233032, 1.93351113796, 1.38924491405, 0.666704416275, 0.167679458857, 0.0294956490397, 0.0043785222806, 0.000230339559494], "var": [0.042109541595, 5.1609992981, 24.121969223, 8.66545295715, 18.3649711609, 854.582336426, 976.231384277, 383.955596924, 755.691833496, 4134.66601562, 8654.47363281, 5829.171875, 6171.32226562, 2671.11303711, 2092.10571289, 4066.81567383, 4025.09838867, 3145.72753906, 2607.40258789, 2218.73193359, 1381.64233398, 1787.67834473, 577.693359375, 640.749511719, 483.351074219, 200.189208984, 166.433059692, 84.4665985107, 134.766326904, 87.9396362305, 42.5553398132, 29.3846035004, 26.9984321594, 28.4816837311, 13.9674682617, 2.79010343552, 0.202792435884, 0.00639428105205, 0.000146006786963, 3.68489452285e-07], "dvar": [0.031569365412, 5.60943508148, 29.5600280762, 7.5164642334, 13.7452831268, 1127.42028809, 1272.00952148, 233.759094238, 328.12121582, 1971.51489258, 4050.78735352, 3008.40600586, 2724.75537109, 1047.23156738, 791.186157227, 1441.8494873, 1519.12890625, 1427.69055176, 1130.67443848, 977.950561523, 576.255554199, 776.612304688, 245.909378052, 263.367706299, 188.678878784, 76.9808654785, 107.509963989, 50.2094497681, 77.9425430298, 65.5570220947, 30.0545425415, 20.255771637, 25.305398941, 27.8353347778, 13.638053894, 2.42931675911, 0.205410763621, 0.00557813467458, 0.000132198241772, 3.57757045322e-07], "mean": [0.0817574635148, 1.04166245461, 2.59421014786, 2.13428688049, 3.49943709373, 14.633058548, 17.0603218079, 14.1590356827, 17.512348175, 36.1191635132, 47.7047958374, 34.5748252869, 39.5502357483, 24.1011447906, 24.2857704163, 31.1282138824, 32.5649337769, 29.0518512726, 26.9903087616, 23.0180072784, 23.4091777802, 23.3062362671, 15.3275547028, 16.2540454865, 15.4849500656, 9.83294487, 10.2846889496, 8.44672393799, 10.4427576065, 6.76381111145, 4.41770267487, 4.16214704514, 2.97102475166, 2.43012332916, 1.8774241209, 0.879588961601, 0.230573713779, 0.0409334525466, 0.00577954063192, 0.000346300017554]}, "zerocrossingrate": {"min": 0.02099609375, "max": 0.52685546875, "dvar2": 0.000307901296765, "median": 0.078125, "dmean2": 0.0157510507852, "dmean": 0.012779337354, "var": 0.00265166722238, "dvar": 0.000210719415918, "mean": 0.0881781578064}, "spectral_contrast_coeffs": {"min": [-0.984253764153, -0.974544584751, -0.978064775467, -0.98666292429, -0.988252639771, -0.96390837431], "max": [-0.298074752092, -0.402005314827, -0.444946169853, -0.544999420643, -0.603528261185, -0.592468678951], "dvar2": [0.00632567517459, 0.00388607452624, 0.00322680361569, 0.00161882478278, 0.000824350281619, 0.000367339293007], "median": [-0.659266889095, -0.734538733959, -0.757264971733, -0.780697345734, -0.797814190388, -0.764554738998], "dmean2": [0.0863280892372, 0.075133278966, 0.0679589062929, 0.0495130494237, 0.0344984680414, 0.0248384233564], "dmean": [0.0524278879166, 0.0461891740561, 0.0415295213461, 0.0311945565045, 0.0212732683867, 0.0150235099718], "var": [0.00715161627159, 0.00564543437213, 0.00570210861042, 0.00378178362735, 0.0017346017994, 0.000968765700236], "dvar": [0.00242381473072, 0.00153885758482, 0.00126896065194, 0.000683572143316, 0.000332395895384, 0.000151845160872], "mean": [-0.653335809708, -0.730673730373, -0.751558482647, -0.775387644768, -0.794410467148, -0.766980946064]}, "dissonance": {"min": 0.328645825386, "max": 0.500000178814, "dvar2": 0.000595121295191, "median": 0.472494900227, "dmean2": 0.0275036673993, "dmean": 0.0163171421736, "var": 0.000440012809122, "dvar": 0.000222668779315, "mean": 0.468394875526}, "spectral_energyband_high": {"min": 6.67515165336e-21, "max": 0.0154236229137, "dvar2": 6.53719462207e-06, "median": 0.000794231484178, "dmean2": 0.00106008874718, "dmean": 0.000751414219849, "var": 3.84167469747e-06, "dvar": 2.96735174743e-06, "mean": 0.00139961787499}, "spectral_skewness": {"min": -0.0928291901946, "max": 2.5420987606, "dvar2": 0.0288651287556, "median": 1.46452462673, "dmean2": 0.175658538938, "dmean": 0.111783847213, "var": 0.0744557902217, "dvar": 0.0126337809488, "mean": 1.4361833334}, "spectral_flux": {"min": 6.40376709993e-11, "max": 0.285569518805, "dvar2": 0.00292364927009, "median": 0.0674794539809, "dmean2": 0.0444649904966, "dmean": 0.0288308039308, "var": 0.00298124249093, "dvar": 0.00140896055382, "mean": 0.0817484930158}, "silence_rate_30dB": {"min": 0, "max": 1, "dvar2": 0.000630862719845, "median": 1, "dmean2": 0.00042078687693, "dmean": 0.000210371305002, "var": 0.000105154751509, "dvar": 0.000210291953408, "mean": 0.999894797802}, "spectral_energyband_middle_high": {"min": 1.15827136573e-21, "max": 0.0687648281455, "dvar2": 1.39644444062e-05, "median": 0.00371472164989, "dmean2": 0.00262110121548, "dmean": 0.00175628205761, "var": 3.17131634802e-05, "dvar": 6.53507049719e-06, "mean": 0.00541114620864}, "barkbands_spread": {"min": 3.66814661026, "max": 90.242515564, "dvar2": 139.950683594, "median": 27.2742404938, "dmean2": 10.3752765656, "dmean": 6.54169559479, "var": 135.224121094, "dvar": 56.7939682007, "mean": 29.2999210358}, "spectral_centroid": {"min": 428.010742188, "max": 11799.5976562, "dvar2": 159368.25, "median": 1407.2890625, "dmean2": 373.971710205, "dmean": 233.136108398, "var": 1061336.875, "dvar": 66585.0625, "mean": 1541.40771484}, "pitch_salience": {"min": 0.142891183496, "max": 0.996046543121, "dvar2": 0.0128139210865, "median": 0.590417861938, "dmean2": 0.118042878807, "dmean": 0.0722907185555, "var": 0.0123841622844, "dvar": 0.00512476777658, "mean": 0.581328511238}, "erbbands_skewness": {"min": -3.13557267189, "max": 3.53178119659, "dvar2": 0.184533670545, "median": 0.439476072788, "dmean2": 0.463195383549, "dmean": 0.294851779938, "var": 0.296515852213, "dvar": 0.0761159211397, "mean": 0.447210878134}, "erbbands_crest": {"min": 2.05228328705, "max": 29.3846263885, "dvar2": 12.7452535629, "median": 7.12564468384, "dmean2": 3.77151942253, "dmean": 2.36413574219, "var": 18.8337039948, "dvar": 5.45444154739, "mean": 8.24668693542}, "melbands": {"min": [8.34294067158e-25, 1.76598011281e-24, 1.21942966755e-24, 5.89826960099e-25, 1.26422957139e-24, 1.91875998762e-24, 1.60063427543e-24, 1.76209832551e-24, 1.49352284033e-24, 3.03180821222e-24, 2.1653450876e-24, 2.14355951041e-24, 2.07238157701e-24, 3.43088466113e-24, 2.69233040191e-24, 2.53763398954e-24, 3.56566588553e-24, 3.25609990581e-24, 2.41597526909e-24, 3.45387601222e-24, 3.61073153689e-24, 4.16061018632e-24, 3.67737529502e-24, 3.68606775334e-24, 4.40335846407e-24, 4.76036141103e-24, 3.97641077052e-24, 3.11397616132e-24, 5.27102381271e-24, 5.94016324265e-24, 5.45773535606e-24, 4.96123419093e-24, 4.28028709096e-24, 6.12147463868e-24, 5.30925122332e-24, 5.75149690198e-24, 6.60870747704e-24, 6.41350187389e-24, 6.2291549411e-24, 6.34791479494e-24], "max": [0.0214102827013, 0.0307168979198, 0.008245870471, 0.0122547177598, 0.0145828127861, 0.00668806349859, 0.0131313055754, 0.0131087349728, 0.0118176126853, 0.00898486282676, 0.00734171364456, 0.0048708608374, 0.00244178087451, 0.00307187787257, 0.00287888199091, 0.00164614769164, 0.00275872135535, 0.0017931238981, 0.00242662546225, 0.00113596150186, 0.000746032572351, 0.00125996978022, 0.000457210669992, 0.000300487969071, 0.000614274351392, 0.000264160451479, 0.000235856146901, 0.000355088530341, 0.000211982624023, 0.000182644376764, 7.52615960664e-05, 8.97347563296e-05, 7.94026855147e-05, 6.0052061599e-05, 4.99360176036e-05, 3.1813950045e-05, 2.94341734843e-05, 2.94494111586e-05, 3.85581261071e-05, 3.80298188247e-05], "dvar2": [7.80646132625e-06, 2.44739912887e-05, 5.63737899029e-07, 3.96105724576e-06, 5.85057250646e-06, 3.15957294106e-07, 1.69785835169e-07, 7.67999040363e-07, 6.56547399558e-07, 2.72655654499e-07, 1.63754236837e-07, 4.25794262071e-08, 1.80826074114e-08, 2.20575309129e-08, 2.53296352781e-08, 1.24898518195e-08, 1.64470232988e-08, 8.5575049269e-09, 8.80898287647e-09, 3.45882233965e-09, 2.45022868661e-09, 3.16081361085e-09, 1.54352119974e-09, 4.12032158392e-10, 5.66003410807e-10, 2.9961755299e-10, 1.69941102857e-10, 8.41073599656e-11, 8.8266699505e-11, 1.04838755732e-10, 4.68342309379e-11, 1.01562459831e-10, 2.90186728813e-11, 5.57888839292e-11, 1.6122537333e-11, 2.27164467792e-11, 1.73386877772e-11, 2.42874990952e-11, 4.72267676355e-11, 4.45314653208e-11], "median": [0.00032882328378, 0.000593914301135, 0.000243693502853, 0.000298910017591, 0.000311470357701, 0.000168445185409, 0.000124003898236, 0.000152769876877, 0.000105951665319, 6.64396211505e-05, 6.67642962071e-05, 3.26513836626e-05, 2.65389826382e-05, 2.69997035502e-05, 2.63335605268e-05, 2.2861368052e-05, 1.87551668205e-05, 1.54862318595e-05, 1.24790631162e-05, 1.26037957671e-05, 1.31597098516e-05, 1.12135521704e-05, 7.05870161255e-06, 5.30438273927e-06, 6.2383119257e-06, 6.15303815721e-06, 4.01332317779e-06, 3.29836552737e-06, 3.56205373464e-06, 4.33761397289e-06, 2.66813685812e-06, 4.08505547966e-06, 2.9324105526e-06, 1.56077840074e-06, 1.17794729704e-06, 1.13483361019e-06, 1.40867155096e-06, 9.65901790551e-07, 7.66994048718e-07, 6.48395598546e-07], "dmean2": [0.00111095013563, 0.00198659463786, 0.000397952157073, 0.000820160494186, 0.000981487799436, 0.000321946106851, 0.000201682109036, 0.000415489281295, 0.000350624002749, 0.000221370646614, 0.00018873999943, 8.41418659547e-05, 6.13053707639e-05, 6.82945174049e-05, 7.21358592273e-05, 5.37668638572e-05, 5.7232875406e-05, 4.03766134696e-05, 3.49952424585e-05, 2.81865504803e-05, 2.57020747085e-05, 2.57350202446e-05, 1.86073666555e-05, 1.03009733721e-05, 1.19663081932e-05, 1.01851619547e-05, 7.29804287403e-06, 5.10528343511e-06, 5.35063509233e-06, 6.92250887369e-06, 3.61857519238e-06, 5.55619226361e-06, 3.45811577063e-06, 3.56767554877e-06, 2.12633540286e-06, 2.60662704932e-06, 2.01045691028e-06, 2.11522205973e-06, 2.64631466962e-06, 2.50707353189e-06], "dmean": [0.00069001148222, 0.00114752259105, 0.000239364730078, 0.00047118839575, 0.000560902582947, 0.000195335960598, 0.000130188767798, 0.00026984536089, 0.000225579016842, 0.000133665773319, 0.000117204159324, 5.41524605069e-05, 3.95432725782e-05, 4.37121052528e-05, 4.50416482636e-05, 3.35017393809e-05, 3.59148471034e-05, 2.56150069617e-05, 2.24677733058e-05, 1.76237190317e-05, 1.57876365847e-05, 1.57529484568e-05, 1.13523710752e-05, 6.6131924541e-06, 7.41984786146e-06, 6.47513388685e-06, 4.64171444037e-06, 3.2535997434e-06, 3.45443459082e-06, 4.16228203903e-06, 2.39777477873e-06, 3.5305529309e-06, 2.29259558182e-06, 2.25586404667e-06, 1.42885153309e-06, 1.6920193957e-06, 1.35571917781e-06, 1.37845279369e-06, 1.70578755387e-06, 1.63855065693e-06], "var": [4.63816559204e-06, 7.48107413528e-06, 2.52212544183e-07, 1.125361905e-06, 1.57193608175e-06, 1.85347232673e-07, 1.76164377308e-07, 7.07590572802e-07, 6.05219440786e-07, 2.06840567785e-07, 1.58559203101e-07, 4.68335699111e-08, 1.89392483918e-08, 2.26421068561e-08, 3.50979192376e-08, 1.10116067376e-08, 1.44734793039e-08, 7.64875451864e-09, 8.33259772293e-09, 2.74393063826e-09, 2.14574069624e-09, 2.81961698434e-09, 1.06876418826e-09, 4.13129225274e-10, 5.02713148887e-10, 3.38089334306e-10, 1.53676529835e-10, 9.32352736682e-11, 6.89296952849e-11, 5.44523315327e-11, 3.45988203365e-11, 6.15429512907e-11, 3.05515127086e-11, 2.57690258021e-11, 1.14198728599e-11, 1.51562477846e-11, 1.05091482391e-11, 1.14621324585e-11, 1.80193412275e-11, 2.11415919493e-11], "dvar": [3.68850828636e-06, 8.81834603206e-06, 2.03496185236e-07, 1.41508371598e-06, 2.01061948246e-06, 1.19267227205e-07, 7.11158349986e-08, 3.36609815577e-07, 2.75209089295e-07, 1.10843906498e-07, 6.98942770327e-08, 1.87273379026e-08, 8.05463606923e-09, 9.87005766007e-09, 1.032815522e-08, 4.91365970134e-09, 6.89733292702e-09, 3.80533515809e-09, 4.00124422484e-09, 1.40101630297e-09, 9.72075753225e-10, 1.21024756883e-09, 6.08353922793e-10, 1.81913276109e-10, 2.30720068051e-10, 1.29909499824e-10, 7.28260576843e-11, 4.15260152653e-11, 4.22873090711e-11, 4.30815071117e-11, 2.14836724799e-11, 4.24322660342e-11, 1.52730328384e-11, 2.27212103299e-11, 7.614768191e-12, 1.08487203596e-11, 7.65227464727e-12, 1.05699702463e-11, 1.91466790339e-11, 2.01311415454e-11], "mean": [0.000948568223976, 0.00143309787381, 0.000396211544285, 0.000599667138886, 0.000684966624249, 0.000317923520925, 0.000258281681454, 0.00044793044799, 0.000380374665838, 0.000201956747333, 0.000193798317923, 9.65508952504e-05, 7.11782340659e-05, 7.69009784563e-05, 8.58306448208e-05, 5.6386263168e-05, 5.5811538914e-05, 4.25388279837e-05, 3.75342715415e-05, 2.94381443382e-05, 2.75586880889e-05, 2.63166948571e-05, 1.77512702066e-05, 1.18261532407e-05, 1.32764616865e-05, 1.2451548173e-05, 8.19125762064e-06, 6.10101869825e-06, 5.90247145738e-06, 6.62663478579e-06, 4.56649104308e-06, 6.59482020637e-06, 4.71788780487e-06, 3.25301630255e-06, 2.39170708483e-06, 2.55871896115e-06, 2.5243411983e-06, 1.97706799554e-06, 2.09148220165e-06, 2.0095965283e-06]}, "spectral_entropy": {"min": 6.75429916382, "max": 9.81772708893, "dvar2": 0.0281263086945, "median": 7.89350605011, "dmean2": 0.176855832338, "dmean": 0.121593482792, "var": 0.0906777903438, "dvar": 0.0137298703194, "mean": 7.90774536133}, "spectral_rolloff": {"min": 86.1328125, "max": 19616.7480469, "dvar2": 3663349.75, "median": 1421.19140625, "dmean2": 1199.77514648, "dmean": 699.712280273, "var": 4754356, "dvar": 1434259.125, "mean": 1940.57995605}, "barkbands": {"min": [1.61183203272e-25, 1.63587624194e-24, 2.5151962216e-24, 4.5168375844e-25, 2.23627965741e-24, 7.60006187688e-24, 8.26234531669e-24, 5.47100794079e-24, 1.64590605615e-23, 1.35440301901e-23, 9.68146664214e-24, 3.33348731838e-23, 3.08313189715e-23, 2.86874821764e-23, 4.39255233185e-23, 5.38203255595e-23, 6.34565581285e-23, 8.42145871905e-23, 1.40905918372e-22, 1.09763633587e-22, 2.65927914158e-22, 2.47323973927e-22, 3.55618395099e-22, 5.56150320816e-22, 8.73071365091e-22, 1.23976097492e-21, 1.8889939543e-21], "max": [0.00112381041981, 0.098830729723, 0.0465993359685, 0.0208903606981, 0.0731033012271, 0.0317856445909, 0.0569015853107, 0.0632603690028, 0.0580732412636, 0.0408872775733, 0.0217082723975, 0.0253690704703, 0.0279067922384, 0.0226483661681, 0.0298465099186, 0.0130876181647, 0.0181906409562, 0.00720184668899, 0.00720461877063, 0.00933327246457, 0.00494701880962, 0.0038908845745, 0.00270929280668, 0.00219643535092, 0.00431938935071, 0.00259511265904, 0.000602816930041], "dvar2": [2.17299707117e-08, 0.000186422417755, 4.48480968771e-05, 1.59573846759e-06, 0.000134555841214, 1.39394187499e-05, 4.50427978649e-06, 2.51265155384e-05, 1.45427929965e-05, 5.02468537888e-06, 1.10206508452e-06, 2.05537867259e-06, 1.7460475874e-06, 1.7521533664e-06, 1.11201791242e-06, 5.16381362559e-07, 9.18630860269e-07, 1.83238256568e-07, 1.87391208328e-07, 8.03082969014e-08, 9.09110866587e-08, 1.70740321437e-07, 1.03949062691e-07, 1.2891179324e-07, 5.67097231396e-07, 1.99596144057e-07, 8.67723404241e-09], "median": [4.16286675318e-05, 0.00149114266969, 0.000795046449639, 0.000344932865119, 0.00169496098533, 0.000911411421839, 0.000565584981814, 0.00078975368524, 0.000413700356148, 0.000433858367614, 0.00016792837414, 0.000213012521272, 0.000221604015678, 0.000187211160664, 0.00017208736972, 0.000179040507646, 0.000208273384487, 0.0001117487991, 0.000177977068233, 0.000105872852146, 0.000159120681928, 0.000171155901626, 7.75920925662e-05, 9.59716999205e-05, 8.39064960019e-05, 5.57743915124e-05, 1.48161052493e-05], "dmean2": [6.42413579044e-05, 0.0052877292037, 0.00287937861867, 0.000625867745839, 0.00471110036597, 0.00188196799718, 0.00100895343348, 0.0023781794589, 0.0015588948736, 0.00107394647785, 0.000440831587184, 0.000641501974314, 0.000612538249698, 0.000581939762924, 0.000454605586128, 0.000356323929736, 0.000476653862279, 0.000215945503442, 0.000260498985881, 0.000166427722434, 0.000197215165826, 0.000215125692193, 0.000158404116519, 0.000158594397362, 0.00027541918098, 0.000176504327101, 3.59767545888e-05], "dmean": [4.25750040449e-05, 0.00316224712878, 0.00169421837199, 0.000374887866201, 0.00272954185493, 0.00111639942043, 0.000641740683932, 0.00155222241301, 0.000942240876611, 0.000678982643876, 0.000283367524389, 0.000406074657803, 0.00037925640936, 0.000367258006008, 0.000291683856631, 0.000221310780034, 0.000290653319098, 0.000138185394462, 0.00016664735449, 0.000108303815068, 0.000123458725284, 0.000144103672937, 0.000102792742837, 0.00010828323866, 0.000182505391422, 0.000115453149192, 2.42783517024e-05], "var": [1.13287423886e-08, 8.12524740468e-05, 1.39167550515e-05, 6.65244613174e-07, 3.91632747778e-05, 5.50426784685e-06, 4.23993697041e-06, 2.32021648117e-05, 1.07148653115e-05, 5.36651077709e-06, 1.02304090888e-06, 2.39473502006e-06, 1.78289303676e-06, 1.60383194725e-06, 1.19289120448e-06, 4.31540541967e-07, 7.93400317889e-07, 1.72626783979e-07, 2.39590150386e-07, 9.67308650957e-08, 6.21973299531e-08, 1.25646053561e-07, 6.07482064652e-08, 7.1357789011e-08, 2.47814284648e-07, 9.42156646033e-08, 4.50411352659e-09], "dvar": [9.95132243276e-09, 7.57425514166e-05, 1.60414929269e-05, 5.60577859687e-07, 4.7545232519e-05, 4.98968120155e-06, 1.83887493677e-06, 1.0842917618e-05, 5.8845712374e-06, 2.17347360376e-06, 4.83982660171e-07, 8.83682787389e-07, 7.02836132405e-07, 7.4681076967e-07, 5.06542278345e-07, 2.06441995942e-07, 3.52394380343e-07, 7.79940876328e-08, 8.19338197289e-08, 3.99821686869e-08, 4.11571292602e-08, 7.84662788078e-08, 4.68895109407e-08, 5.70775569031e-08, 2.41822959879e-07, 8.84078801278e-08, 4.04957667399e-09], "mean": [7.42200863897e-05, 0.00411981483921, 0.00205921009183, 0.000572453136556, 0.00355985201895, 0.00166816706769, 0.00119823007844, 0.00258745672181, 0.00139833206777, 0.00119259115309, 0.000472878018627, 0.000716348760761, 0.000633941148408, 0.000578252540436, 0.000500764930621, 0.000382805243134, 0.000487875338877, 0.000246827112278, 0.000339857273502, 0.000203965668334, 0.000227524797083, 0.000286017602775, 0.000166844969499, 0.000183281066711, 0.000243348782533, 0.000153832428623, 3.41937738995e-05]}, "melbands_flatness_db": {"min": -1.63944292808e-07, "max": 0.350241929293, "dvar2": 0.00135273265187, "median": 0.147932782769, "dmean2": 0.0337965451181, "dmean": 0.0211730971932, "var": 0.00157749967184, "dvar": 0.000528573989868, "mean": 0.150008141994}, "melbands_skewness": {"min": -0.659018695354, "max": 15.9807529449, "dvar2": 1.52762210369, "median": 2.21895575523, "dmean2": 1.00208127499, "dmean": 0.628803551197, "var": 1.80180501938, "dvar": 0.604118466377, "mean": 2.41608476639}, "barkbands_skewness": {"min": -2.40501356125, "max": 7.2642416954, "dvar2": 0.563294351101, "median": 1.27347004414, "dmean2": 0.67853218317, "dmean": 0.419759750366, "var": 0.685095250607, "dvar": 0.214739412069, "mean": 1.30743741989}, "silence_rate_60dB": {"min": 0, "max": 1, "dvar2": 0.0269271321595, "median": 0, "dmean2": 0.0252472124994, "dmean": 0.0126222781837, "var": 0.0685592517257, "dvar": 0.0124637521803, "mean": 0.0740429088473}, "spectral_energyband_low": {"min": 1.39009518844e-23, "max": 0.115860491991, "dvar2": 0.000308492657496, "median": 0.00293942447752, "dmean2": 0.00753055745736, "dmean": 0.00452896673232, "var": 0.000137732291478, "dvar": 0.000122547455248, "mean": 0.0065493946895}, "spectral_energyband_middle_low": {"min": 1.62141485961e-22, "max": 0.095274426043, "dvar2": 0.000312462507281, "median": 0.007996622473, "dmean2": 0.00915165897459, "dmean": 0.0055574583821, "var": 0.000140041069244, "dvar": 0.000114164846309, "mean": 0.0115964896977}, "melbands_kurtosis": {"min": -1.7729319334, "max": 325.158752441, "dvar2": 343.019927979, "median": 6.98482322693, "dmean2": 8.76793193817, "dmean": 5.32262229919, "var": 177.436126709, "dvar": 125.075920105, "mean": 10.406917572}, "spectral_decrease": {"min": -3.22521529483e-08, "max": 2.05190478131e-28, "dvar2": 4.00583155842e-17, "median": -4.39042624478e-09, "dmean2": 4.00341360063e-09, "dmean": 2.47506837248e-09, "var": 2.43903104075e-17, "dvar": 1.60120494458e-17, "mean": -5.82515857772e-09}, "erbbands_kurtosis": {"min": -1.74947786331, "max": 17.4262294769, "dvar2": 1.47533905506, "median": -0.282940983772, "dmean2": 0.940951347351, "dmean": 0.597745537758, "var": 1.81284022331, "dvar": 0.628706276417, "mean": 0.0205379258841}, "melbands_crest": {"min": 1.00140297413, "max": 32.5476074219, "dvar2": 23.8806819916, "median": 11.4315071106, "dmean2": 5.2712059021, "dmean": 3.18757796288, "var": 21.7211856842, "dvar": 9.54513931274, "mean": 12.1592760086}, "gfcc": {"cov": [[21763.4257812, 283.934539795, -1210.1361084, 92.4251480103, -779.631347656, 167.29234314, -467.81829834, 200.66607666, -316.450469971, 132.031646729, -211.066726685, -2.2900955677, -201.126281738], [283.934539795, 463.414337158, -177.996948242, 1.98821628094, 50.9446868896, 37.3683204651, 50.4661445618, 20.2294979095, 31.4087753296, 3.53370594978, 0.137361362576, -9.41235542297, -11.9914312363], [-1210.1361084, -177.996948242, 628.102172852, 131.695755005, 49.1791267395, 23.8480529785, 10.9414052963, -24.9976863861, 2.14048695564, 22.9963550568, 12.6336641312, 31.2422199249, 18.657453537], [92.4251480103, 1.98821628094, 131.695755005, 178.505081177, 49.4427185059, 18.8730010986, 3.25803041458, 9.8247795105, 10.9395990372, 4.30146598816, -3.5667090416, 5.28790187836, 2.33252954483], [-779.631347656, 50.9446868896, 49.1791267395, 49.4427185059, 190.691543579, 74.3269958496, 50.3232536316, 11.814912796, 26.1987819672, 2.45377779007, 10.3060503006, 15.6312112808, 13.7028551102], [167.29234314, 37.3683204651, 23.8480529785, 18.8730010986, 74.3269958496, 142.026443481, 70.5433883667, 15.7047023773, -8.0521364212, 11.132109642, 12.3537988663, 10.2698249817, -6.81883382797], [-467.81829834, 50.4661445618, 10.9414052963, 3.25803041458, 50.3232536316, 70.5433883667, 127.907150269, 44.5428237915, 14.4002819061, -4.96167802811, 19.3327026367, -4.05877876282, -5.55887269974], [200.66607666, 20.2294979095, -24.9976863861, 9.8247795105, 11.814912796, 15.7047023773, 44.5428237915, 101.920890808, 55.5775680542, 6.33874082565, -13.9519252777, -7.7176733017, -4.28888893127], [-316.450469971, 31.4087753296, 2.14048695564, 10.9395990372, 26.1987819672, -8.0521364212, 14.4002819061, 55.5775680542, 94.8637161255, 28.8853340149, -8.47644424438, -19.394618988, 1.06259393692], [132.031646729, 3.53370594978, 22.9963550568, 4.30146598816, 2.45377779007, 11.132109642, -4.96167802811, 6.33874082565, 28.8853340149, 62.2185821533, 24.1851863861, -4.76552534103, -14.5843849182], [-211.066726685, 0.137361362576, 12.6336641312, -3.5667090416, 10.3060503006, 12.3537988663, 19.3327026367, -13.9519252777, -8.47644424438, 24.1851863861, 65.6101608276, 22.0825309753, -11.3104190826], [-2.2900955677, -9.41235542297, 31.2422199249, 5.28790187836, 15.6312112808, 10.2698249817, -4.05877876282, -7.7176733017, -19.394618988, -4.76552534103, 22.0825309753, 64.1077880859, 27.2383499146], [-201.126281738, -11.9914312363, 18.657453537, 2.33252954483, 13.7028551102, -6.81883382797, -5.55887269974, -4.28888893127, 1.06259393692, -14.5843849182, -11.3104190826, 27.2383499146, 60.7140197754]], "icov": [[0.00013278402912, -9.00375889614e-05, 0.000254864629824, -0.000337657838827, 0.000552862009499, -0.000590252398979, 0.000697159674019, -0.00080232869368, 0.000873314100318, -0.000695554423146, 0.000487215729663, -0.000231487996643, 0.000185074299225], [-9.00375889614e-05, 0.0028731119819, 0.000886107503902, -0.0003869762877, -0.000744655844755, 0.000317261175951, -0.00192809104919, 0.00185455416795, -0.00195142719895, 0.000113578331366, 0.000662892765831, -0.000877708254848, 0.000748626305722], [0.000254864629824, 0.000886107503902, 0.00294103729539, -0.00238511571661, 0.000970162975136, -0.000935044314247, -9.95842929115e-05, 0.000172979649506, 0.000911787792575, -0.00267941597849, 0.00209637219086, -0.00204154779203, 0.000533120706677], [-0.000337657838827, -0.0003869762877, -0.00238511571661, 0.00824012700468, -0.00307066063397, 0.00120869488455, -0.000140169984661, 0.000243867427344, -0.00161556072999, 0.00222023623064, -0.00127485347912, 0.00116618338507, -0.000144506208017], [0.000552862009499, -0.000744655844755, 0.000970162975136, -0.00307066063397, 0.0107207261026, -0.00665998738259, 0.00195433059707, -0.000878604128957, -0.00117733248044, -0.000356737204129, 0.000959515338764, -0.00240016356111, -0.000356059201295], [-0.000590252398979, 0.000317261175951, -0.000935044314247, 0.00120869488455, -0.00665998738259, 0.0164783392102, -0.010623713024, 0.00317149329931, 0.00183870561887, -0.00416898587719, 0.00290807569399, -0.00231862580404, 0.0015017419355], [0.000697159674019, -0.00192809104919, -9.95842929115e-05, -0.000140169984661, 0.00195433059707, -0.010623713024, 0.0218504406512, -0.0129658989608, 0.00497763324529, 0.00474978983402, -0.00901806913316, 0.00677043152973, -0.00224849535152], [-0.00080232869368, 0.00185455416795, 0.000172979649506, 0.000243867427344, -0.000878604128957, 0.00317149329931, -0.0129658989608, 0.0266944635659, -0.0187517050654, 0.00430045835674, 0.00548354303464, -0.0068553709425, 0.00435727043077], [0.000873314100318, -0.00195142719895, 0.000911787792575, -0.00161556072999, -0.00117733248044, 0.00183870561887, 0.00497763324529, -0.0187517050654, 0.0319511592388, -0.0171202924103, 0.00437251897529, 0.00643189018592, -0.00484994519502], [-0.000695554423146, 0.000113578331366, -0.00267941597849, 0.00222023623064, -0.000356737204129, -0.00416898587719, 0.00474978983402, 0.00430045835674, -0.0171202924103, 0.0347812138498, -0.0178613476455, 0.00554699217901, 0.00164595630486], [0.000487215729663, 0.000662892765831, 0.00209637219086, -0.00127485347912, 0.000959515338764, 0.00290807569399, -0.00901806913316, 0.00548354303464, 0.00437251897529, -0.0178613476455, 0.0345444567502, -0.0179695151746, 0.0109513485804], [-0.000231487996643, -0.000877708254848, -0.00204154779203, 0.00116618338507, -0.00240016356111, -0.00231862580404, 0.00677043152973, -0.0068553709425, 0.00643189018592, 0.00554699217901, -0.0179695151746, 0.0325521044433, -0.0166723262519], [0.000185074299225, 0.000748626305722, 0.000533120706677, -0.000144506208017, -0.000356059201295, 0.0015017419355, -0.00224849535152, 0.00435727043077, -0.00484994519502, 0.00164595630486, 0.0109513485804, -0.0166723262519, 0.0274244472384]], "mean": [18.9821796417, 53.5055961609, -95.5083847046, 19.0018825531, -58.0851898193, 9.06374931335, -35.7792243958, 7.78594017029, -21.5851097107, 7.66466379166, -18.5424461365, 3.32766413689, -12.116566658]}, "melbands_spread": {"min": 1.977024436, "max": 222.635513306, "dvar2": 171.244354248, "median": 24.6496944427, "dmean2": 11.2081546783, "dmean": 6.87043428421, "var": 281.608001709, "dvar": 71.6957092285, "mean": 27.5834140778}, "spectral_energy": {"min": 9.96980839809e-21, "max": 0.124487578869, "dvar2": 0.000636154320091, "median": 0.0183008555323, "dmean2": 0.0159064494073, "dmean": 0.0100221596658, "var": 0.000414137117332, "dvar": 0.000259566848399, "mean": 0.024288950488}, "mfcc": {"cov": [[9467.60839844, 646.390258789, -247.827713013, -48.2052268982, -84.7747802734, -68.870010376, -16.2938499451, -7.78890800476, -28.9784832001, 69.4254150391, 80.9872360229, -22.7123527527, -62.350025177], [646.390258789, 486.658874512, -101.812652588, -4.53759050369, 1.42476248741, 37.2537117004, 14.158493042, 22.3769207001, 31.9038963318, 11.2541437149, 11.3934173584, 14.64133358, 34.7449798584], [-247.827713013, -101.812652588, 446.368103027, 105.943840027, 35.475818634, 33.6640968323, 3.90926265717, -15.5430688858, -9.36020469666, -27.8394508362, 6.95942687988, 30.3845596313, -28.0227031708], [-48.2052268982, -4.53759050369, 105.943840027, 164.359176636, 56.4872779846, 8.06577587128, -10.9728679657, 8.32807445526, 15.0742301941, 3.50063729286, -6.07659578323, 11.3081455231, 8.66746044159], [-84.7747802734, 1.42476248741, 35.475818634, 56.4872779846, 129.893630981, 54.9944801331, 0.988402843475, 9.67866611481, 28.6747570038, -1.3677854538, -9.49530220032, 19.3536930084, 16.7968997955], [-68.870010376, 37.2537117004, 33.6640968323, 8.06577587128, 54.9944801331, 126.256721497, 68.4447937012, 15.4318132401, 0.44307783246, -8.19349098206, 4.42854738235, 11.6950845718, 12.8763866425], [-16.2938499451, 14.158493042, 3.90926265717, -10.9728679657, 0.988402843475, 68.4447937012, 116.850990295, 51.0727157593, -6.21335077286, -2.0545065403, 9.21781826019, 7.29085493088, 16.4910392761], [-7.78890800476, 22.3769207001, -15.5430688858, 8.32807445526, 9.67866611481, 15.4318132401, 51.0727157593, 95.6807785034, 45.9472312927, 9.77601051331, -1.16225719452, 5.89174079895, 21.1636676788], [-28.9784832001, 31.9038963318, -9.36020469666, 15.0742301941, 28.6747570038, 0.44307783246, -6.21335077286, 45.9472312927, 93.8126373291, 42.5759658813, -2.8610022068, -3.91149806976, 5.82947492599], [69.4254150391, 11.2541437149, -27.8394508362, 3.50063729286, -1.3677854538, -8.19349098206, -2.0545065403, 9.77601051331, 42.5759658813, 98.5731201172, 40.0938034058, -9.51236152649, -4.83721637726], [80.9872360229, 11.3934173584, 6.95942687988, -6.07659578323, -9.49530220032, 4.42854738235, 9.21781826019, -1.16225719452, -2.8610022068, 40.0938034058, 69.8211746216, 25.6675662994, -6.57271432877], [-22.7123527527, 14.64133358, 30.3845596313, 11.3081455231, 19.3536930084, 11.6950845718, 7.29085493088, 5.89174079895, -3.91149806976, -9.51236152649, 25.6675662994, 82.1981201172, 37.7646522522], [-62.350025177, 34.7449798584, -28.0227031708, 8.66746044159, 16.7968997955, 12.8763866425, 16.4910392761, 21.1636676788, 5.82947492599, -4.83721637726, -6.57271432877, 37.7646522522, 80.8413238525]], "icov": [[0.000121994089568, -0.000182086107088, 2.98516588373e-05, -4.75112938148e-06, -3.53102113877e-05, 0.000127855499159, -2.64496666205e-05, -5.39223510714e-05, 0.000164576384122, -8.69924406288e-05, -4.58737486042e-05, -1.70729708771e-05, 0.000176862813532], [-0.000182086107088, 0.00269161397591, 0.00063753593713, -0.000466509984108, 0.000949640874751, -0.00157056527678, 0.000529734708834, 0.000250390410656, -0.00153593323193, 0.000820651184767, -0.000795714964624, -1.61596381076e-05, -0.0010443108622], [2.98516588373e-05, 0.00063753593713, 0.00330680585466, -0.00229539140128, 0.000708776002284, -0.00110444216989, -0.000283980625682, 0.000834376551211, -0.000905102409888, 0.00122193316929, -0.000373877061065, -0.00172476354055, 0.00192322826479], [-4.75112938148e-06, -0.000466509984108, -0.00229539140128, 0.00896213203669, -0.00399694452062, 0.0015082078753, 0.000970403722022, -0.00174121861346, 0.00153893139213, -0.00176238676067, 0.00109310646076, 0.000478806527099, -0.00106281321496], [-3.53102113877e-05, 0.000949640874751, 0.000708776002284, -0.00399694452062, 0.0142546752468, -0.00840334780514, 0.00411372678354, 8.21953799459e-05, -0.00389761687256, 0.000326861569192, 0.00215740129352, -0.00309534254484, -0.000323148735333], [0.000127855499159, -0.00157056527678, -0.00110444216989, 0.0015082078753, -0.00840334780514, 0.0186418108642, -0.0126437135041, 0.00518130976707, -0.00156892079394, 0.00204469193704, -0.00209933309816, 0.00162328174338, -0.000464881421067], [-2.64496666205e-05, 0.000529734708834, -0.000283980625682, 0.000970403722022, 0.00411372678354, -0.0126437135041, 0.0226991437376, -0.014194955118, 0.00825030170381, -0.00283090118319, -6.78736323607e-05, 0.000303845969029, -0.0011175054824], [-5.39223510714e-05, 0.000250390410656, 0.000834376551211, -0.00174121861346, 8.21953799459e-05, 0.00518130976707, -0.014194955118, 0.0248133111745, -0.0152685018256, 0.00561305414885, -0.00273524876684, 0.00089858751744, -0.00332120549865], [0.000164576384122, -0.00153593323193, -0.000905102409888, 0.00153893139213, -0.00389761687256, -0.00156892079394, 0.00825030170381, -0.0152685018256, 0.0263264458627, -0.0136925000697, 0.00856337044388, -0.00232165842317, 0.00274531496689], [-8.69924406288e-05, 0.000820651184767, 0.00122193316929, -0.00176238676067, 0.000326861569192, 0.00204469193704, -0.00283090118319, 0.00561305414885, -0.0136925000697, 0.0238517355174, -0.017766630277, 0.00867660436779, -0.00417601829395], [-4.58737486042e-05, -0.000795714964624, -0.000373877061065, 0.00109310646076, 0.00215740129352, -0.00209933309816, -6.78736323607e-05, -0.00273524876684, 0.00856337044388, -0.017766630277, 0.0321964547038, -0.0157041959465, 0.00894910376519], [-1.70729708771e-05, -1.61596381076e-05, -0.00172476354055, 0.000478806527099, -0.00309534254484, 0.00162328174338, 0.000303845969029, 0.00089858751744, -0.00232165842317, 0.00867660436779, -0.0157041959465, 0.0247928090394, -0.0127401417121], [0.000176862813532, -0.0010443108622, 0.00192322826479, -0.00106281321496, -0.000323148735333, -0.000464881421067, -0.0011175054824, -0.00332120549865, 0.00274531496689, -0.00417601829395, 0.00894910376519, -0.0127401417121, 0.0212056450546]], "mean": [-627.599243164, 98.0000076294, 10.8320741653, 16.0155162811, -0.404080420732, 4.04977369308, -4.64810609818, -0.648389458656, 1.29132819176, -0.353423714638, 2.43435740471, 0.702051877975, -1.86901986599]}, "spectral_contrast_valleys": {"min": [-28.2561035156, -27.9474601746, -27.8626041412, -27.6560134888, -27.5721969604, -27.377872467], "max": [-5.31022787094, -4.47433376312, -5.44585990906, -5.15567541122, -5.45890378952, -7.61320590973], "dvar2": [0.28568559885, 0.358001857996, 0.199687704444, 0.219167903066, 0.186185583472, 0.234227895737], "median": [-7.12139606476, -6.51024389267, -7.23852729797, -7.52739953995, -7.35988140106, -9.4741153717], "dmean2": [0.59113329649, 0.61374515295, 0.513960897923, 0.473709493876, 0.374798119068, 0.354882508516], "dmean": [0.374468654394, 0.380148500204, 0.326485544443, 0.311856240034, 0.264896720648, 0.262808769941], "var": [4.81027984619, 5.05038499832, 4.73721265793, 4.65149450302, 4.63938617706, 3.99843883514], "dvar": [0.133611440659, 0.162288561463, 0.101629659534, 0.116041205823, 0.105363354087, 0.14844943583], "mean": [-7.4787940979, -6.81729078293, -7.56848335266, -7.83634757996, -7.64114665985, -9.70384883881]}, "barkbands_flatness_db": {"min": 0.0130890430883, "max": 0.259589672089, "dvar2": 0.000802417926025, "median": 0.0772941857576, "dmean2": 0.0265260841697, "dmean": 0.0164012350142, "var": 0.000717607559636, "dvar": 0.00029712766991, "mean": 0.0806228294969}, "dynamic_complexity": 3.58662772179, "erbbands_flatness_db": {"min": 0.0286122448742, "max": 0.308866530657, "dvar2": 0.000350165151758, "median": 0.107420220971, "dmean2": 0.0193685907871, "dmean": 0.0135292345658, "var": 0.0010563969845, "dvar": 0.00018307249411, "mean": 0.111199110746}, "hfc": {"min": 1.07807448468e-16, "max": 170.330718994, 