{"lowlevel": {"spectral_complexity": {"min": 0, "max": 61, "dvar2": 29.5029354095, "median": 14, "dmean2": 4.73638343811, "dmean": 3.29285216331, "var": 103.622276306, "dvar": 16.6856784821, "mean": 16.5089836121}, "silence_rate_20dB": {"min": 1, "max": 1, "dvar2": 0, "median": 1, "dmean2": 0, "dmean": 0, "var": 0, "dvar": 0, "mean": 1}, "average_loudness": 0.887531518936, "erbbands_spread": {"min": 0.719476401806, "max": 158.694625854, "dvar2": 220.604568481, "median": 34.0679779053, "dmean2": 13.2080335617, "dmean": 8.90133953094, "var": 471.165252686, "dvar": 103.147331238, "mean": 39.4992713928}, "spectral_kurtosis": {"min": -1.34201443195, "max": 78.9019393921, "dvar2": 39.6503829956, "median": 3.35629749298, "dmean2": 2.91900920868, "dmean": 1.73741209507, "var": 64.8063049316, "dvar": 13.507027626, "mean": 5.17193031311}, "barkbands_kurtosis": {"min": -1.94207727909, "max": 6443.67089844, "dvar2": 20027.0644531, "median": 1.23343658447, "dmean2": 6.44041156769, "dmean": 4.16243219376, "var": 7075.82177734, "dvar": 8525.42089844, "mean": 4.36128616333}, "spectral_strongpeak": {"min": 0, "max": 27.0478916168, "dvar2": 3.62476110458, "median": 0.456373035908, "dmean2": 0.882182776928, "dmean": 0.529013574123, "var": 1.94586980343, "dvar": 1.28307056427, "mean": 0.866253554821}, "spectral_spread": {"min": 948142.9375, "max": 29084102, "dvar2": 864814301184, "median": 4873378, "dmean2": 826150, "dmean": 591050.6875, "var": 4126357061630.0, "dvar": 564783218688, "mean": 5147526.5}, "spectral_rms": {"min": 3.56662553713e-06, "max": 0.0161635018885, "dvar2": 1.72152556388e-06, "median": 0.00340522266924, "dmean2": 0.00107327580918, "dmean": 0.000753512664232, "var": 4.41652355221e-06, "dvar": 1.01467924196e-06, "mean": 0.00379667268135}, "erbbands": {"min": [3.57209817281e-09, 7.90515741755e-08, 7.79872038947e-07, 1.82731605491e-06, 4.96520578963e-06, 6.22089237368e-06, 6.11192035649e-06, 9.47920398175e-06, 9.72257930698e-06, 6.27660665486e-06, 1.05482849904e-05, 2.3738197342e-05, 9.65316485235e-06, 9.55242012424e-06, 6.64411163598e-06, 4.33289324064e-06, 3.80657502319e-06, 3.57333419743e-06, 3.19293963003e-06, 2.82173232335e-06, 2.68673466053e-06, 2.44872990152e-06, 1.84456564511e-06, 3.47873219653e-06, 2.35457241615e-06, 2.07868924917e-06, 2.11604810829e-06, 1.83426641343e-06, 1.34028380216e-06, 1.1094381307e-06, 7.27393228317e-07, 6.75491435231e-07, 5.01548413467e-07, 3.50081478473e-07, 2.6925624752e-07, 1.53588601393e-07, 6.62544934471e-08, 2.44350193412e-08, 4.26746682436e-09, 5.43795508623e-10], "max": [2.48296403885, 13.8180923462, 51.8434486389, 131.554885864, 307.859344482, 196.606628418, 207.366943359, 444.231994629, 589.889770508, 1304.54846191, 1154.17358398, 987.305236816, 2027.61547852, 1166.72216797, 2395.69262695, 1101.29260254, 1719.21179199, 1712.30554199, 1202.24829102, 932.992675781, 541.700683594, 440.385620117, 391.159942627, 396.862731934, 455.036407471, 402.283599854, 458.118621826, 357.370727539, 580.135620117, 650.18548584, 394.243682861, 416.343780518, 89.2189559937, 48.6087722778, 23.8402957916, 7.5557975769, 4.10144281387, 0.719841718674, 0.12943123281, 0.00618404150009], "dvar2": [0.129677906632, 3.4179110527, 10.1989622116, 108.212944031, 409.287261963, 411.782653809, 242.943527222, 580.840209961, 2229.57861328, 10192.0429688, 4169.16064453, 5157.31298828, 7718.74414062, 2978.98608398, 10364.6708984, 5544.99511719, 6043.99853516, 6305.51074219, 3418.38037109, 1757.36193848, 1748.44372559, 439.05960083, 590.978515625, 1206.49963379, 652.919128418, 721.060913086, 947.427856445, 385.629211426, 909.555297852, 868.657531738, 639.681762695, 365.785766602, 51.7517852783, 8.87517261505, 1.64679980278, 0.256964087486, 0.0561812855303, 0.00216563767754, 3.47916939063e-05, 8.72982468536e-08], "median": [0.00820322986692, 0.0920263677835, 0.309063285589, 0.589108347893, 1.77941536903, 3.04735946655, 3.27976632118, 4.9416384697, 6.31875991821, 7.9788274765, 8.9256477356, 6.10605716705, 6.08479547501, 5.88893795013, 6.73250961304, 13.2831716537, 6.87371349335, 8.07928657532, 6.93009281158, 4.84868574142, 3.3582701683, 2.83730792999, 2.65451717377, 3.73575162888, 3.05734038353, 3.24145841599, 2.21193218231, 1.64026880264, 1.81007814407, 1.62650179863, 0.966722011566, 0.792912125587, 0.638599395752, 0.224752500653, 0.0841967761517, 0.0375202782452, 0.0112412404269, 0.0014808808919, 0.000131652297569, 2.93694902211e-05], "dmean2": [0.0962839126587, 0.590589523315, 1.25054633617, 2.83832406998, 8.86573505402, 11.6550893784, 8.42250156403, 10.9916734695, 21.077911377, 39.7317199707, 28.033662796, 26.3306522369, 26.3377666473, 19.5357894897, 26.7667140961, 28.1060009003, 23.8850841522, 25.5800819397, 21.1652088165, 16.7460250854, 13.8190050125, 7.55950307846, 9.27470588684, 11.9944038391, 8.94638633728, 9.14846515656, 8.40295028687, 5.88113975525, 8.52213573456, 7.67983531952, 6.49219369888, 4.3350315094, 2.46970152855, 0.96986079216, 0.41027623415, 0.163210019469, 0.0662398561835, 0.0118036000058, 0.00146221742034, 0.000114557187771], "dmean": [0.0670918598771, 0.378489345312, 0.746864140034, 1.68097555637, 5.32633590698, 6.92882394791, 5.09182262421, 6.74502515793, 12.9966773987, 25.5808029175, 17.7012042999, 16.9113578796, 17.2744846344, 12.7665948868, 18.087436676, 17.6589183807, 15.440071106, 16.4463996887, 14.0358839035, 11.1181659698, 8.97386741638, 4.97861909866, 6.0604095459, 7.77139091492, 5.98525238037, 5.99317264557, 5.3418211937, 3.86656689644, 5.72677946091, 5.01086616516, 4.20672273636, 2.89862918854, 1.66464269161, 0.657486379147, 0.273988693953, 0.109861269593, 0.0447732023895, 0.00774086546153, 0.000946479965933, 7.74142172304e-05], "var": [0.0877135246992, 2.25331377983, 5.22646045685, 48.4590835571, 229.84312439, 227.094619751, 154.922866821, 359.22555542, 1403.96643066, 7005.43701172, 4017.89111328, 3784.91308594, 7507.84667969, 2831.80395508, 12054.8994141, 4304.05517578, 6500.53613281, 6694.55712891, 3907.1081543, 2090.65625, 1312.85888672, 496.055389404, 550.003295898, 789.001220703, 545.252990723, 526.225280762, 609.755737305, 332.301818848, 957.23425293, 631.378112793, 627.405517578, 395.982025146, 46.8300209045, 7.90954685211, 1.75210535526, 0.188226670027, 0.0415057055652, 0.00173335743602, 5.48012721993e-05, 1.33680401859e-07], "dvar": [0.068360298872, 1.84209740162, 4.30815839767, 46.149936676, 182.861694336, 148.77444458, 93.8706207275, 227.919143677, 893.794494629, 4233.66992188, 1754.71875, 2111.86206055, 3399.34570312, 1250.41345215, 4480.94824219, 2247.03833008, 2661.07226562, 2649.66259766, 1508.12365723, 808.811706543, 751.094482422, 195.353988647, 250.074661255, 476.263031006, 272.640655518, 293.547851562, 371.607147217, 171.935394287, 437.13470459, 369.366088867, 268.105224609, 174.059768677, 22.8880290985, 3.74974918365, 0.683226406574, 0.105037033558, 0.0221307501197, 0.00076480966527, 1.42199678521e-05, 3.97874053704e-08], "mean": [0.0718492493033, 0.473488271236, 1.00968801975, 1.91056966782, 6.83316230774, 9.6625995636, 7.5378203392, 10.4466276169, 19.013628006, 38.4053993225, 28.4845809937, 26.4366760254, 28.4275836945, 21.9550418854, 32.5690994263, 32.1536331177, 27.3771381378, 29.8391723633, 25.7304191589, 18.7409896851, 13.9770460129, 9.34072303772, 11.127240181, 13.4391937256, 11.4430751801, 10.9825811386, 9.26730632782, 6.41904115677, 9.71489524841, 8.05784320831, 6.93743371964, 4.89332675934, 2.87612223625, 1.19095385075, 0.494159847498, 0.17460103333, 0.0682997629046, 0.0118560148403, 0.00157007726375, 0.000119468284538]}, "zerocrossingrate": {"min": 0, "max": 0.4130859375, "dvar2": 0.000326298555592, "median": 0.05859375, "dmean2": 0.0147118000314, "dmean": 0.0134326871485, "var": 0.00243486347608, "dvar": 0.000344024330843, "mean": 0.0721711739898}, "spectral_contrast_coeffs": {"min": [-0.926274776459, -0.982738137245, -0.944357872009, -0.964971601963, -0.952260196209, -0.965735137463], "max": [-0.299122750759, -0.409122139215, -0.492799818516, -0.473783016205, -0.577207684517, -0.582275688648], "dvar2": [0.00522044906393, 0.0041486104019, 0.00213241833262, 0.00151936465409, 0.000817080261186, 0.000604349304922], "median": [-0.636239826679, -0.749606966972, -0.769813418388, -0.776275277138, -0.804331183434, -0.776630878448], "dmean2": [0.0879231989384, 0.076949596405, 0.0573074482381, 0.0472468920052, 0.0336424224079, 0.0259067192674], "dmean": [0.0539839155972, 0.0474201329052, 0.0356064401567, 0.0293264985085, 0.0212079137564, 0.0169923398644], "var": [0.00805759895593, 0.00519545935094, 0.00363407237455, 0.00274072540924, 0.00140469614416, 0.00142957584467], "dvar": [0.00207227468491, 0.00165514287073, 0.000868854753207, 0.000631156843156, 0.000348973204382, 0.000281003740383], "mean": [-0.630855083466, -0.741053402424, -0.764922201633, -0.773816347122, -0.79935580492, -0.774915218353]}, "dissonance": {"min": 0.186708956957, "max": 0.499999940395, "dvar2": 0.00106567319017, "median": 0.468862831593, "dmean2": 0.033539198339, "dmean": 0.0199630055577, "var": 0.000811802863609, "dvar": 0.000399945012759, "mean": 0.462088853121}, "spectral_energyband_high": {"min": 2.75820366546e-10, "max": 0.0366671122611, "dvar2": 6.04337083132e-06, "median": 0.000304928777041, "dmean2": 0.000813773600385, "dmean": 0.000561571097933, "var": 7.73038027546e-06, "dvar": 2.94055394079e-06, "mean": 0.00115169154014}, "spectral_skewness": {"min": -0.36242544651, "max": 6.81577777863, "dvar2": 0.207440048456, "median": 1.47670316696, "dmean2": 0.358368039131, "dmean": 0.229834511876, "var": 0.556505978107, "dvar": 0.0836357399821, "mean": 1.57730436325}, "spectral_flux": {"min": 0.000594857381657, "max": 0.42798987031, "dvar2": 0.00217894650996, "median": 0.0618694424629, "dmean2": 0.0349621400237, "dmean": 0.0222354885191, "var": 0.00247511803173, "dvar": 0.000905992696062, "mean": 0.0714583396912}, "silence_rate_30dB": {"min": 0, "max": 1, "dvar2": 0.0243960302323, "median": 1, "dmean2": 0.0196078438312, "dmean": 0.00980258639902, "var": 0.00810060277581, "dvar": 0.00970643851906, "mean": 0.991832315922}, "spectral_energyband_middle_high": {"min": 9.24867793461e-10, "max": 0.0704200714827, "dvar2": 2.55968552665e-05, "median": 0.00189327413682, "dmean2": 0.00251833954826, "dmean": 0.0017685793573, "var": 5.1461494877e-05, "dvar": 1.18159241538e-05, "mean": 0.00462157325819}, "barkbands_spread": {"min": 0.0603588409722, "max": 123.272994995, "dvar2": 168.629302979, "median": 20.8843078613, "dmean2": 10.5811929703, "dmean": 7.03945350647, "var": 307.330627441, "dvar": 87.0428237915, "mean": 25.6267185211}, "spectral_centroid": {"min": 128.090316772, "max": 7600.28027344, "dvar2": 288307.71875, "median": 1183.64550781, "dmean2": 432.674835205, "dmean": 284.243011475, "var": 549602.5, "dvar": 148345.765625, "mean": 1350.58557129}, "pitch_salience": {"min": 0.00662659620866, "max": 0.879569232464, "dvar2": 0.0101152975112, "median": 0.615727305412, "dmean2": 0.115439295769, "dmean": 0.0704620033503, "var": 0.0110677964985, "dvar": 0.0041233706288, "mean": 0.601877212524}, "erbbands_skewness": {"min": -5.0679807663, "max": 3.96979355812, "dvar2": 0.314074426889, "median": 0.417227387428, "dmean2": 0.553275465965, "dmean": 0.369535684586, "var": 0.660327136517, "dvar": 0.154480516911, "mean": 0.389091879129}, "erbbands_crest": {"min": 2.31354737282, "max": 33.3577270508, "dvar2": 15.3497972488, "median": 7.82414150238, "dmean2": 4.29097032547, "dmean": 2.61188149452, "var": 15.8729934692, "dvar": 6.16185951233, "mean": 8.69295692444}, "melbands": {"min": [5.01921351703e-11, 3.03896630083e-10, 1.06001860067e-10, 5.0996445955e-10, 2.1397043859e-10, 2.11572842579e-10, 1.45361597759e-10, 5.15700745995e-11, 1.32522270935e-10, 1.28026825252e-10, 4.34939688432e-11, 3.69911427878e-11, 2.34833836404e-11, 1.51437525714e-11, 1.05388553787e-11, 8.19931102181e-12, 6.4371247048e-12, 5.09535903054e-12, 4.07231236579e-12, 3.61017270765e-12, 3.13146709084e-12, 2.7873252751e-12, 1.50290110218e-12, 2.09087825179e-12, 2.98510066492e-12, 1.77660121857e-12, 1.54753260987e-12, 1.34454979702e-12, 1.43207277634e-12, 1.15873716872e-12, 1.0325567441e-12, 7.91996242894e-13, 6.75742285478e-13, 5.8496393493e-13, 3.73610105527e-13, 5.07136921433e-13, 3.5978552494e-13, 3.16287523516e-13, 3.65408251617e-13, 2.80302609465e-13], "max": [0.0192792974412, 0.0240795426071, 0.0282188467681, 0.0150292851031, 0.00559896277264, 0.00861827284098, 0.0102143231779, 0.0121364081278, 0.0118500748649, 0.00587404472753, 0.00995547045022, 0.00479617761448, 0.00613824417815, 0.00549856713042, 0.00325819151476, 0.00311794551089, 0.00373715977184, 0.00215760222636, 0.00126372638624, 0.00110750773456, 0.000853514880873, 0.000626135617495, 0.00051704258658, 0.000456951063825, 0.000351952185156, 0.000330111972289, 0.000288144685328, 0.000262450950686, 0.00041451791185, 0.000240009656409, 0.000210749029065, 0.0004318090796, 0.000373170507373, 0.000363201106666, 0.000223546332563, 0.00018537856522, 0.00028672371991, 7.93495491962e-05, 7.36783113098e-05, 4.26416299888e-05], "dvar2": [7.77873174229e-06, 2.91478636427e-06, 3.85245766665e-06, 2.21856021199e-06, 3.02735514879e-07, 2.62124245864e-07, 5.98486963099e-07, 1.18842228858e-06, 2.42799757189e-07, 1.98131445472e-07, 1.93313098862e-07, 5.36871063161e-08, 8.34424724871e-08, 5.88040833804e-08, 4.43248886484e-08, 2.32596644167e-08, 2.88872232801e-08, 1.19098473306e-08, 4.14226297707e-09, 5.0306048216e-09, 2.71966160703e-09, 6.69944544285e-10, 4.73820871427e-10, 9.3945540236e-10, 9.43378708484e-10, 3.93050897385e-10, 4.05384309454e-10, 3.64337143788e-10, 6.41772968102e-10, 1.68943609102e-10, 1.42842515594e-10, 4.27655133528e-10, 3.42209122151e-10, 3.52591233987e-10, 2.40305941812e-10, 1.61383073571e-10, 1.87200366319e-10, 3.81766146473e-11, 3.01077079934e-11, 4.90769577755e-12], "median": [0.000118235337141, 0.000162822921993, 0.00013705069432, 0.000213345629163, 0.000126975530293, 0.000105247469037, 9.74236027105e-05, 8.73583339853e-05, 6.60504156258e-05, 3.44397412846e-05, 2.81830725726e-05, 2.33554455917e-05, 1.64654120454e-05, 3.97422190872e-05, 1.88055309991e-05, 1.36821881824e-05, 1.36058715725e-05, 1.00941197161e-05, 6.73021531838e-06, 4.85384725835e-06, 3.39944108418e-06, 2.73943055618e-06, 2.36888172367e-06, 2.32426373259e-06, 2.92411982628e-06, 2.2005633582e-06, 1.96609198611e-06, 2.058033715e-06, 1.33007142722e-06, 1.01038426692e-06, 8.13622818896e-07, 9.51783704295e-07, 1.03539218799e-06, 7.43237023926e-07, 5.49045580556e-07, 4.36352991073e-07, 4.7653517754e-07, 4.78885169741e-07, 2.84211353119e-07, 1.48541985823e-07], "dmean2": [0.000811459904071, 0.000645052583423, 0.00059758167481, 0.000818392145447, 0.000313525553793, 0.00024391511397, 0.000341899634805, 0.000436102127424, 0.000217530192458, 0.000164430792211, 0.000130937769427, 8.29733471619e-05, 8.18904445623e-05, 9.15129494388e-05, 6.664879038e-05, 4.64560725959e-05, 5.22362715856e-05, 3.68795153918e-05, 2.53476555372e-05, 2.40306490014e-05, 1.62926608027e-05, 8.2825536083e-06, 8.42238114274e-06, 1.07442092485e-05, 1.05489216367e-05, 7.09868891136e-06, 6.89502439855e-06, 6.53556071484e-06, 6.46152466288e-06, 3.75222248294e-06, 3.52425263372e-06, 5.20135927218e-06, 4.95613676321e-06, 4.6345166993e-06, 4.2045680857e-06, 2.92944173452e-06, 3.00236888506e-06, 1.99579744731e-06, 1.38741688716e-06, 7.08085224232e-07], "dmean": [0.000550129916519, 0.000411335611716, 0.000362804392353, 0.000483613141114, 0.000190650374861, 0.000149313957081, 0.000212260827539, 0.000280240143184, 0.000137194103445, 0.000106345534732, 8.57720951899e-05, 5.37597734365e-05, 5.51393968635e-05, 5.86089990975e-05, 4.15932045144e-05, 2.9581517083e-05, 3.34250289598e-05, 2.39924847847e-05, 1.65795318026e-05, 1.54232457135e-05, 1.040706411e-05, 5.3130725064e-06, 5.4536440075e-06, 6.69765813655e-06, 6.7292771746e-06, 4.57817031929e-06, 4.5362230594e-06, 4.16672401116e-06, 4.02579962611e-06, 2.39913697442e-06, 2.30833757087e-06, 3.48674120687e-06, 3.19627110912e-06, 2.95953509521e-06, 2.69371639661e-06, 1.9096937649e-06, 1.96122596208e-06, 1.33078196995e-06, 8.95467394457e-07, 4.79461903069e-07], "var": [5.69955136598e-06, 1.94342464965e-06, 2.0681661681e-06, 1.19567414458e-06, 2.052970558e-07, 1.62820924743e-07, 3.87396625001e-07, 8.27184010177e-07, 2.63321993543e-07, 1.46219662156e-07, 1.85493078675e-07, 4.84153943603e-08, 9.36516144634e-08, 6.60093917304e-08, 3.8571375427e-08, 2.10611208473e-08, 2.92194748397e-08, 1.25697550146e-08, 4.79738426762e-09, 3.8895788812e-09, 1.89495175107e-09, 6.20767992565e-10, 4.33367453034e-10, 6.16015460864e-10, 5.721129126e-10, 3.17949083728e-10, 2.89551854715e-10, 2.43898817809e-10, 3.30965727047e-10, 1.18835996599e-10, 1.28442992353e-10, 4.44226072593e-10, 2.83112810973e-10, 2.03167427326e-10, 2.03996597392e-10, 1.48621004392e-10, 2.02449113029e-10, 2.76959011281e-11, 2.05592071145e-11, 4.03069331384e-12], "dvar": [4.3310642468e-06, 1.44318073581e-06, 1.78973652964e-06, 8.3072632151e-07, 1.18579649211e-07, 1.02368211685e-07, 2.43331783167e-07, 4.89667911552e-07, 1.05549659679e-07, 8.28822734888e-08, 8.46413641398e-08, 2.23305871572e-08, 3.63536294401e-08, 2.65783626219e-08, 1.85526971563e-08, 1.00389296875e-08, 1.21101235706e-08, 5.21839416123e-09, 1.86601756269e-09, 2.1145925011e-09, 1.18453535869e-09, 2.79859746488e-10, 2.05643141404e-10, 3.73502895279e-10, 3.6748451504e-10, 1.61283680855e-10, 1.657422255e-10, 1.4636362955e-10, 2.39947978153e-10, 7.0506663008e-11, 6.47814302202e-11, 2.05458747238e-10, 1.50578938207e-10, 1.41445133384e-10, 9.97605609232e-11, 6.71064315227e-11, 8.81822878607e-11, 1.66931433954e-11, 1.0643360325e-11, 2.11340558769e-12], "mean": [0.000655945681501, 0.000575306767132, 0.000446691614343, 0.000664654828142, 0.000292778393487, 0.000227593423915, 0.000311783514917, 0.000421753473347, 0.000217181252083, 0.000162611089763, 0.000137838884257, 8.63421082613e-05, 9.36273427214e-05, 0.000105164290289, 6.85059494572e-05, 5.07367294631e-05, 5.67400275031e-05, 4.11921209889e-05, 2.77206836472e-05, 2.27455238928e-05, 1.4992974684e-05, 9.1750307547e-06, 9.27790915739e-06, 1.10244473035e-05, 1.09886259452e-05, 8.38008600113e-06, 7.92705850472e-06, 7.10562835593e-06, 6.46700709694e-06, 3.92435595131e-06, 3.62097694051e-06, 5.71335476707e-06, 5.14021667186e-06, 4.355963938e-06, 4.17095543526e-06, 3.11329813485e-06, 3.12419911097e-06, 2.1154460228e-06, 1.55275893121e-06, 8.14709892438e-07]}, "spectral_entropy": {"min": 5.54784965515, "max": 8.89556217194, "dvar2": 0.0575043894351, "median": 7.70638656616, "dmean2": 0.240353047848, "dmean": 0.163307204843, "var": 0.223438203335, "dvar": 0.0305679980665, "mean": 7.66581726074}, "spectral_rolloff": {"min": 21.533203125, "max": 12790.7226562, "dvar2": 3103142, "median": 1184.32617188, "dmean2": 1042.36828613, "dmean": 630.48638916, "var": 3901056.75, "dvar": 1529219.875, "mean": 1817.25891113}, "barkbands": {"min": [3.72105853075e-11, 2.44146369788e-10, 4.06638667183e-10, 1.49427761831e-10, 2.0006827306e-09, 1.16339893275e-09, 6.1939348095e-10, 1.08201850257e-10, 1.02791186674e-09, 2.3465168697e-10, 1.9073845281e-10, 1.32832009281e-10, 9.22781503987e-11, 5.56471986546e-11, 6.19637050003e-11, 4.92408579189e-11, 4.33055015459e-11, 4.53223326924e-11, 5.23177369482e-11, 4.70092645366e-11, 4.94029921139e-11, 3.75485476045e-11, 2.92163793159e-11, 3.11507208917e-11, 3.43523265389e-11, 3.65109088796e-11, 3.54126519775e-11], "max": [0.0190820246935, 0.0627169162035, 0.0652701631188, 0.0560539849102, 0.0584109015763, 0.0352574326098, 0.0506761185825, 0.0427502766252, 0.0418216139078, 0.0535993650556, 0.0388366952538, 0.0346422493458, 0.0326537191868, 0.0311025120318, 0.0216322038323, 0.0109345987439, 0.0124291013926, 0.00803238619119, 0.00828009750694, 0.00872047990561, 0.00795258115977, 0.0159451514482, 0.0117721641436, 0.0129641508684, 0.00351798417978, 0.00194248452317, 0.00071563036181], "dvar2": [1.08821166123e-06, 8.10443525552e-05, 1.44016057675e-05, 1.5740375602e-05, 3.32329145749e-05, 5.84376675761e-06, 1.98797206394e-05, 1.78372247319e-05, 8.10983601696e-06, 5.77675427849e-06, 3.69959889213e-06, 4.0599611566e-06, 2.8428994483e-06, 2.59621629084e-06, 1.03249476524e-06, 8.45978206598e-07, 2.21761951025e-07, 3.56706465254e-07, 2.74781740472e-07, 3.7508823425e-07, 3.13593119472e-07, 6.66729306431e-07, 7.79873289503e-07, 4.32881023471e-07, 3.86245666562e-08, 1.41470346549e-08, 1.21245613549e-09], "median": [0.00036477096728, 0.000355589785613, 0.000276424427284, 0.000171461928403, 0.00105638382956, 0.000535751692951, 0.000455027446151, 0.00035590591142, 0.000255942053627, 0.000200827242224, 9.458923887e-05, 0.000304478191538, 0.000124742800836, 0.000128443425638, 0.000107866726466, 6.90208325977e-05, 4.45570913143e-05, 5.25016221218e-05, 6.52312301099e-05, 6.5944812377e-05, 4.53098036814e-05, 5.19585591974e-05, 3.57500975952e-05, 3.93652371713e-05, 1.55810084834e-05, 6.85557961333e-06, 6.78764536133e-07], "dmean2": [0.000400846096454, 0.00280196871608, 0.00127433275338, 0.00112746551167, 0.00329165789299, 0.00123377947602, 0.00193075824063, 0.00172274652869, 0.00113581714686, 0.000818972301204, 0.000567485927604, 0.000762483396102, 0.000530284654815, 0.00051283481298, 0.000380394369131, 0.000317853118759, 0.000142187607707, 0.000216168496991, 0.000191936371266, 0.000202577153686, 0.00016588451399, 0.000231856174651, 0.000239168177359, 0.000181344381417, 6.570432015e-05, 3.46070773958e-05, 1.01315808934e-05], "dmean": [0.000377886462957, 0.00183648697566, 0.000735620618798, 0.000672633526847, 0.00196473277174, 0.000748397491407, 0.0012130808318, 0.00108988885768, 0.000734514323995, 0.000532782112714, 0.000375787669327, 0.000475379580166, 0.000335631222697, 0.000326257577399, 0.000250428187428, 0.000205558011658, 9.10157978069e-05, 0.000136724062031, 0.000125083694002, 0.000132074201247, 0.000105943858216, 0.000155213856488, 0.000153395478264, 0.000121643708553, 4.48804930784e-05, 2.32791717281e-05, 6.52775406706e-06], "var": [2.73595492217e-06, 6.03886583121e-05, 5.80211826673e-06, 8.23419759399e-06, 1.92466068256e-05, 3.70864745491e-06, 1.25036704048e-05, 1.29567497424e-05, 6.77808020555e-06, 5.42593625141e-06, 3.78475692742e-06, 3.40791234521e-06, 2.94063079309e-06, 2.78685752164e-06, 1.05254935079e-06, 6.23541438927e-07, 1.79658883326e-07, 2.52961456226e-07, 2.23836380542e-07, 2.44961739782e-07, 2.29109303973e-07, 7.01946362369e-07, 6.24374422387e-07, 4.63975624143e-07, 3.80129421274e-08, 8.68267679976e-09, 1.92014359968e-09], "dvar": [7.128973607e-07, 4.62295574835e-05, 5.72079352423e-06, 7.33392471375e-06, 1.27034563775e-05, 2.26476322496e-06, 8.1697380665e-06, 7.26255530026e-06, 3.52922143065e-06, 2.45221531259e-06, 1.5855687252e-06, 1.71149065409e-06, 1.23830977827e-06, 1.09082213839e-06, 4.41385282102e-07, 3.59300884156e-07, 9.19809366451e-08, 1.43144887943e-07, 1.11489754318e-07, 1.49498077917e-07, 1.28725886839e-07, 3.20659694353e-07, 3.23511926581e-07, 2.06631881383e-07, 1.67894214087e-08, 5.49420819951e-09, 4.61490484716e-10], "mean": [0.000974970345851, 0.00222752429545, 0.000881531159393, 0.000746402190998, 0.0028572101146, 0.00113919225987, 0.00174557906576, 0.00161753676366, 0.00114211509936, 0.000834124686662, 0.000600362662226, 0.000800222333055, 0.000573107623495, 0.000553160731215, 0.000424173864303, 0.000303668493871, 0.000154958892381, 0.000232260848861, 0.000233093698625, 0.000233600090723, 0.000178676025826, 0.000268744886853, 0.000243807138759, 0.000207626639167, 8.29377531772e-05, 3.53654577339e-05, 1.00630886664e-05]}, "melbands_flatness_db": {"min": 0.0288125760853, "max": 0.55551469326, "dvar2": 0.00127958483063, "median": 0.164566040039, "dmean2": 0.0373567864299, "dmean": 0.0246221963316, "var": 0.00418229168281, "dvar": 0.000654242932796, "mean": 0.17545491457}, "melbands_skewness": {"min": -3.47107839584, "max": 51.8684883118, "dvar2": 2.4213783741, "median": 1.91461932659, "dmean2": 1.06308865547, "dmean": 0.700724124908, "var": 2.73196411133, "dvar": 1.13228821754, "mean": 2.238727808}, "barkbands_skewness": {"min": -7.31830024719, "max": 74.6522369385, "dvar2": 3.03795003891, "median": 1.11618793011, "dmean2": 0.801705420017, "dmean": 0.533626794815, "var": 2.3376891613, "dvar": 1.47642922401, "mean": 1.23503637314}, "silence_rate_60dB": {"min": 0, "max": 1, "dvar2": 0.0956785008311, "median": 0, "dmean2": 0.0898692831397, "dmean": 0.0449285246432, "var": 0.12597733736, "dvar": 0.0429076701403, "mean": 0.147835552692}, "spectral_energyband_low": {"min": 1.86587412188e-09, "max": 0.133837670088, "dvar2": 0.000133960755193, "median": 0.00101303227711, "dmean2": 0.00397732341662, "dmean": 0.00265322928317, "var": 0.000111656670924, "dvar": 7.66747907619e-05, "mean": 0.00372009724379}, "spectral_energyband_middle_low": {"min": 1.017466289e-08, "max": 0.140691712499, "dvar2": 0.000123339501442, "median": 0.00569104030728, "dmean2": 0.00722494954243, "dmean": 0.00462532881647, "var": 0.000122882905998, "dvar": 5.58782630833e-05, "mean": 0.00958101358265}, "melbands_kurtosis": {"min": -1.91510570049, "max": 3334.04760742, "dvar2": 5701.84082031, "median": 5.44268226624, "dmean2": 10.7351303101, "dmean": 6.84639883041, "var": 2065.57495117, "dvar": 2383.94091797, "mean": 11.013915062}, "spectral_decrease": {"min": -6.40576161004e-08, "max": -3.25164047638e-15, "dvar2": 2.25038158327e-17, "median": -2.8431355048e-09, "dmean2": 2.77868217324e-09, "dmean": 1.89716198307e-09, "var": 3.01483146514e-17, "dvar": 1.23862446786e-17, "mean": -4.64851890314e-09}, "erbbands_kurtosis": {"min": -1.79233312607, "max": 87.515007019, "dvar2": 7.54380178452, "median": 0.0847852230072, "dmean2": 1.57597959042, "dmean": 1.01109969616, "var": 8.47378063202, "dvar": 3.91247439384, "mean": 0.678693056107}, "melbands_crest": {"min": 3.25514888763, "max": 39.9510116577, "dvar2": 28.7901191711, "median": 11.666759491, "dmean2": 6.04882049561, "dmean": 3.67720937729, "var": 29.5587558746, "dvar": 11.5044584274, "mean": 12.6878862381}, "gfcc": {"cov": [[7637.15869141, -2112.1262207, -295.108856201, 617.405517578, -742.454772949, 121.936553955, -170.994567871, 144.36114502, -31.0798473358, -8.15747833252, -123.249969482, 56.2573738098, -33.1926002502], [-2112.1262207, 1965.45141602, -525.705871582, -521.75970459, 527.319213867, -278.807922363, 117.058097839, -113.419464111, 47.1549186707, -2.27524209023, 87.0883789062, -121.7110672, 25.0119667053], [-295.108856201, -525.705871582, 936.592834473, 249.756988525, -77.4940872192, 192.556671143, 8.83450126648, 29.9302864075, -20.8559322357, -14.2168931961, -29.5824890137, 65.2748794556, -34.7917709351], [617.405517578, -521.75970459, 249.756988525, 489.43862915, -118.622436523, 39.0638656616, -29.8961257935, 82.5459747314, 22.4174594879, 3.33946752548, -22.1449680328, 39.9678001404, 3.03835868835], [-742.454772949, 527.319213867, -77.4940872192, -118.622436523, 380.296112061, -42.5075950623, 64.8544158936, -15.1052713394, 48.5232658386, 9.89790916443, 27.7249698639, -9.90425014496, 20.6347618103], [121.936553955, -278.807922363, 192.556671143, 39.0638656616, -42.5075950623, 282.050750732, 59.0874443054, 27.2863731384, -15.8699073792, 39.3853759766, 14.71849823, 17.9532299042, -19.4431018829], [-170.994567871, 117.058097839, 8.83450126648, -29.8961257935, 64.8544158936, 59.0874443054, 168.288574219, 35.472492218, 16.7609767914, 11.5812387466, 25.3933238983, 0.873407542706, -4.38447141647], [144.36114502, -113.419464111, 29.9302864075, 82.5459747314, -15.1052713394, 27.2863731384, 35.472492218, 137.790756226, 60.4752197266, 34.5825386047, -2.4500310421, 2.83913826942, 8.10408115387], [-31.0798473358, 47.1549186707, -20.8559322357, 22.4174594879, 48.5232658386, -15.8699073792, 16.7609767914, 60.4752197266, 111.864898682, 42.1395492554, 10.9392347336, 3.29303979874, 14.66726017], [-8.15747833252, -2.27524209023, -14.2168931961, 3.33946752548, 9.89790916443, 39.3853759766, 11.5812387466, 34.5825386047, 42.1395492554, 92.1953964233, 32.592010498, -3.49670505524, 0.0713355392218], [-123.249969482, 87.0883789062, -29.5824890137, -22.1449680328, 27.7249698639, 14.71849823, 25.3933238983, -2.4500310421, 10.9392347336, 32.592010498, 71.0162887573, 20.0759487152, 0.33258998394], [56.2573738098, -121.7110672, 65.2748794556, 39.9678001404, -9.90425014496, 17.9532299042, 0.873407542706, 2.83913826942, 3.29303979874, -3.49670505524, 20.0759487152, 73.9968261719, 22.3123073578], [-33.1926002502, 25.0119667053, -34.7917709351, 3.03835868835, 20.6347618103, -19.4431018829, -4.38447141647, 8.10408115387, 14.66726017, 0.0713355392218, 0.33258998394, 22.3123073578, 60.4983444214]], "icov": [[0.00023597641848, 0.00026245918707, 0.00027030846104, -0.000130480213556, 0.000111937770271, 4.99208499605e-06, -3.82633043046e-05, 2.04269817914e-05, -7.22252443666e-05, 5.30683864781e-05, 0.00010675721569, 3.03263350361e-05, 0.000146555365063], [0.00026245918707, 0.00192783679813, 0.000358947028872, 0.000705319456756, -0.00133088603616, 0.00115087337326, -0.000731971987989, 0.000566249305848, -0.000270959048066, 0.000521368405316, -0.00189221685287, 0.00255004921928, -0.000652120099403], [0.00027030846104, 0.000358947028872, 0.00191632576752, -0.000757602392696, -9.39838282648e-05, -0.000912219868042, -1.95173670363e-05, 0.000159755058121, -0.000101744932181, 0.000305160501739, 0.00109088793397, -0.00138860242441, 0.00138651521411], [-0.000130480213556, 0.000705319456756, -0.000757602392696, 0.00343475583941, -0.000211594364373, 0.000777043867856, 0.000222876711632, -0.00137290719431, -0.00024715505424, 0.000323425105307, -0.00072763353819, 0.000276398088317, -0.0004878170148], [0.000111937770271, -0.00133088603616, -9.39838282648e-05, -0.000211594364373, 0.00485785678029, -0.00052721920656, -0.000774598214775, 0.000621059676632, -0.00176070514135, -2.2841799364e-05, 0.000893059477676, -0.00133260828443, -0.000484001706354], [4.99208499605e-06, 0.00115087337326, -0.000912219868042, 0.000777043867856, -0.00052721920656, 0.00614862143993, -0.00238036504015, -0.00012056902051, 0.00181803479791, -0.00283831916749, -0.000939162273426, 0.000702444580384, 0.000271499506198], [-3.82633043046e-05, -0.000731971987989, -1.95173670363e-05, 0.000222876711632, -0.000774598214775, -0.00238036504015, 0.00845962204039, -0.00305830221623, 2.00604135898e-05, 0.00191361329053, -0.00222235010006, -0.000372751703253, 0.000923740735743], [2.04269817914e-05, 0.000566249305848, 0.000159755058121, -0.00137290719431, 0.000621059676632, -0.00012056902051, -0.00305830221623, 0.0125309713185, -0.00574221415445, -0.00222568796016, 0.00185609667096, 0.00121592974756, -0.00127676769625], [-7.22252443666e-05, -0.000270959048066, -0.000101744932181, -0.00024715505424, -0.00176070514135, 0.00181803479791, 2.00604135898e-05, -0.00574221415445, 0.0155419381335, -0.00595301529393, 0.000955943018198, -0.00148341141175, -0.00123736215755], [5.30683864781e-05, 0.000521368405316, 0.000305160501739, 0.000323425105307, -2.2841799364e-05, -0.00283831916749, 0.00191361329053, -0.00222568796016, -0.00595301529393, 0.0190955065191, -0.00980557687581, 0.00523615721613, -0.00095124769723], [0.00010675721569, -0.00189221685287, 0.00109088793397, -0.00072763353819, 0.000893059477676, -0.000939162273426, -0.00222235010006, 0.00185609667096, 0.000955943018198, -0.00980557687581, 0.0253082606941, -0.0122318984941, 0.00464054523036], [3.03263350361e-05, 0.00255004921928, -0.00138860242441, 0.000276398088317, -0.00133260828443, 0.000702444580384, -0.000372751703253, 0.00121592974756, -0.00148341141175, 0.00523615721613, -0.0122318984941, 0.025073537603, -0.0101863229647], [0.000146555365063, -0.000652120099403, 0.00138651521411, -0.0004878170148, -0.000484001706354, 0.000271499506198, 0.000923740735743, -0.00127676769625, -0.00123736215755, -0.00095124769723, 0.00464054523036, -0.0101863229647, 0.0222239736468]], "mean": [-19.8992710114, 80.4492416382, -112.576469421, 17.7329730988, -67.1985015869, 13.0828647614, -37.2643661499, 2.25330042839, -24.3865013123, 4.53095245361, -12.2443733215, -2.82453370094, -14.3124008179]}, "melbands_spread": {"min": 0.142481684685, "max": 321.967712402, "dvar2": 552.031738281, "median": 22.1076049805, "dmean2": 14.5153856277, "dmean": 9.53262805939, "var": 772.397277832, "dvar": 284.023071289, "mean": 28.4548397064}, "spectral_energy": {"min": 1.30388384534e-08, "max": 0.267790228128, "dvar2": 0.000357466953574, "median": 0.0118854325265, "dmean2": 0.0111293550581, "dmean": 0.00762782013044, "var": 0.00050458003534, "dvar": 0.00019699006225, "mean": 0.0193019900471}, "mfcc": {"cov": [[7241.78564453, -1611.43603516, -381.47454834, 269.231140137, -420.757507324, -134.847824097, -217.146942139, 54.6318740845, -67.4927978516, 78.7871932983, 7.27404165268, -201.300811768, -20.2520236969], [-1611.43603516, 1694.25280762, -575.732971191, -245.950271606, 122.539550781, -51.3519096375, 69.216468811, -113.091651917, -16.8237819672, -8.66854858398, 12.5260505676, 22.8530788422, 16.9751205444], [-381.47454834, -575.732971191, 859.629638672, 106.772628784, 17.9407901764, 117.264411926, 36.9435577393, 81.2109375, 9.79823493958, -20.1237335205, -6.68088102341, 37.8851242065, -35.1589508057], [269.231140137, -245.950271606, 106.772628784, 361.47088623, 43.1729011536, -51.0590209961, -43.219039917, 31.0911197662, 34.4610099792, 6.22394704819, -19.9469852448, 6.35991191864, 6.89737606049], [-420.757507324, 122.539550781, 17.9407901764, 43.1729011536, 208.739044189, 30.9011974335, -5.19103908539, -2.0127620697, 29.7158412933, -5.5871462822, -13.3145589828, 37.12159729, 4.55045366287], [-134.847824097, -51.3519096375, 117.264411926, -51.0590209961, 30.9011974335, 161.717819214, 76.1707305908, 24.2428684235, -7.84771537781, 7.25969839096, 16.1699542999, 17.9807949066, -10.4453744888], [-217.146942139, 69.216468811, 36.9435577393, -43.219039917, -5.19103908539, 76.1707305908, 143.78553772, 38.6367683411, 2.19132184982, 14.2699537277, 21.9090709686, 13.3748407364, -4.65874099731], [54.6318740845, -113.091651917, 81.2109375, 31.0911197662, -2.0127620697, 24.2428684235, 38.6367683411, 105.31867218, 32.2607307434, 6.14981555939, 7.36141681671, 12.5662908554, 0.142732590437], [-67.4927978516, -16.8237819672, 9.79823493958, 34.4610099792, 29.7158412933, -7.84771537781, 2.19132184982, 32.2607307434, 107.553451538, 38.1227073669, 13.6863098145, 9.89516162872, 10.1371135712], [78.7871932983, -8.66854858398, -20.1237335205, 6.22394704819, -5.5871462822, 7.25969839096, 14.2699537277, 6.14981555939, 38.1227073669, 105.706764221, 48.2292518616, 0.332994967699, 10.1688308716], [7.27404165268, 12.5260505676, -6.68088102341, -19.9469852448, -13.3145589828, 16.1699542999, 21.9090709686, 7.36141681671, 13.6863098145, 48.2292518616, 82.2666015625, 14.7218704224, 9.1653881073], [-201.300811768, 22.8530788422, 37.8851242065, 6.35991191864, 37.12159729, 17.9807949066, 13.3748407364, 12.5662908554, 9.89516162872, 0.332994967699, 14.7218704224, 91.1324996948, 21.096704483], [-20.2520236969, 16.9751205444, -35.1589508057, 6.89737606049, 4.55045366287, -10.4453744888, -4.65874099731, 0.142732590437, 10.1371135712, 10.1688308716, 9.1653881073, 21.096704483, 60.9370651245]], "icov": [[0.000258353742538, 0.000290522089927, 0.000327432731865, -0.000121936165669, 0.000289145711577, -0.000109513232019, 0.000248288735747, -0.000177511901711, 0.000211432401557, -0.000168891609064, -3.98283227696e-05, 0.0002208861697, 0.000109216874989], [0.000290522089927, 0.00136041117366, 0.000911722192541, 0.000404029822676, -0.000508744211402, 0.000558505591471, -0.000768320867792, 0.000586781476159, 0.00019106840773, 3.52461465809e-05, -0.000177691676072, -3.28704009007e-05, 0.000271942844847], [0.000327432731865, 0.000911722192541, 0.00223771319725, -0.000429984123912, 0.000224495102884, -0.00109735492151, 0.000163513992447, -0.000602039392106, 0.000182371659321, 0.000221787500777, -2.34468170675e-05, -0.000495642831083, 0.00111142767128], [-0.000121936165669, 0.000404029822676, -0.000429984123912, 0.00383314141072, -0.0013994355686, 0.0018552801339, -2.87222192128e-05, -0.000639915466309, -0.000349922134774, -0.000529478886165, 0.00075235532131, -0.000170310711837, -0.000320837250911], [0.000289145711577, -0.000508744211402, 0.000224495102884, -0.0013994355686, 0.00712011894211, -0.00279586575925, 0.00184159493074, 0.000353430281393, -0.00187518331222, 0.000146210659295, 0.00145222607534, -0.00202712928876, 0.000425690726843], [-0.000109513232019, 0.000558505591471, -0.00109735492151, 0.0018552801339, -0.00279586575925, 0.0109552815557, -0.00526486476883, 5.83002247367e-06, 0.00150010862853, -0.000636495824438, -0.000791081634816, -0.000525511044543, 0.000806599331554], [0.000248288735747, -0.000768320867792, 0.000163513992447, -2.87222192128e-05, 0.00184159493074, -0.00526486476883, 0.0119060212746, -0.00422460725531, 0.000590637850109, -0.000970239867456, -0.000906472851057, -0.000244605907938, 0.000558964500669], [-0.000177511901711, 0.000586781476159, -0.000602039392106, -0.000639915466309, 0.000353430281393, 5.83002247367e-06, -0.00422460725531, 0.0138240391389, -0.00434116227552, 0.00161601928994, -0.000354471238097, -0.00115964410361, 2.91530977847e-05], [0.000211432401557, 0.00019106840773, 0.000182371659321, -0.000349922134774, -0.00187518331222, 0.00150010862853, 0.000590637850109, -0.00434116227552, 0.0132638178766, -0.00495267240331, 0.000292062904919, 7.13587651262e-05, -0.000834283651784], [-0.000168891609064, 3.52461465809e-05, 0.000221787500777, -0.000529478886165, 0.000146210659295, -0.000636495824438, -0.000970239867456, 0.00161601928994, -0.00495267240331, 0.0153801757842, -0.0081929564476, 0.00161902839318, -0.00114692980424], [-3.98283227696e-05, -0.000177691676072, -2.34468170675e-05, 0.00075235532131, 0.00145222607534, -0.000791081634816, -0.000906472851057, -0.000354471238097, 0.000292062904919, -0.0081929564476, 0.0184305384755, -0.003147844458, -0.000738623552024], [0.0002208861697, -3.28704009007e-05, -0.000495642831083, -0.000170310711837, -0.00202712928876, -0.000525511044543, -0.000244605907938, -0.00115964410361, 7.13587651262e-05, 0.00161902839318, -0.003147844458, 0.0144533645362, -0.00495122652501], [0.000109216874989, 0.000271942844847, 0.00111142767128, -0.000320837250911, 0.000425690726843, 0.000806599331554, 0.000558964500669, 2.91530977847e-05, -0.000834283651784, -0.00114692980424, -0.000738623552024, -0.00495122652501, 0.019353043288]], "mean": [-662.664489746, 114.677833557, 8.51095962524, 7.36515283585, -4.77845621109, 4.54583740234, -0.840745389462, -2.77224302292, -6.99530029297, 3.09651088715, 0.384534478188, 0.517735898495, -1.06238174438]}, "spectral_contrast_valleys": {"min": [-13.7716693878, -13.135436058, -13.387090683, -14.3487482071, -15.1125707626, -15.946062088], "max": [-4.97444486618, -4.62985420227, -4.83357524872, -5.66312551498, -5.3475728035, -7.26555776596], "dvar2": [0.313601404428, 0.258170545101, 0.207766994834, 0.210462331772, 0.194707587361, 0.206137225032], "median": [-7.7847905159, -6.65354537964, -7.3437333107, -7.88468551636, -7.7837228775, -9.99899101257], "dmean2": [0.691091477871, 0.580971896648, 0.489253550768, 0.456653296947, 0.387197613716, 0.405153185129], "dmean": [0.432637929916, 0.369969367981, 0.321188658476, 0.313737362623, 0.292260140181, 0.31542468071], "var": [0.679642915726, 0.667041063309, 0.782694220543, 0.871748507023, 1.31193470955, 1.87418806553], "dvar": [0.137809231877, 0.119978487492, 0.106540374458, 0.114475674927, 0.113272003829, 0.12669813633], "mean": [-7.83146953583, -6.72803068161, -7.39508247375, -7.96227455139, -7.90729188919, -10.1830978394]}, "barkbands_flatness_db": {"min": 0.022371340543, "max": 0.555559396744, "dvar2": 0.000793672341388, "median": 0.103331953287, "dmean2": 0.0292627345771, "dmean": 0.0191758815199, "var": 0.00231203669682, "dvar": 0.000385229708627, "mean": 0.112197048962}, "dynamic_complexity": 4.27788925171, "erbbands_flatness_db": {"min": 0.0501886084676, "max": 0.397071570158, "dvar2": 0.000537215033546, "median": 0.143834128976, "dmean2": 0.025081038475, "dmean": 0.0174111314118, "var": 0.00264690117911, "dvar": 0.000295