{"lowlevel": {"spectral_complexity": {"min": 0, "max": 53, "dvar2": 9.36692523956, "median": 4, "dmean2": 2.16519284248, "dmean": 1.43574798107, "var": 61.9855880737, "dvar": 5.68795537949, "mean": 6.98774385452}, "silence_rate_20dB": {"min": 1, "max": 1, "dvar2": 0, "median": 1, "dmean2": 0, "dmean": 0, "var": 0, "dvar": 0, "mean": 1}, "average_loudness": 0.0652953237295, "erbbands_spread": {"min": 0.840541779995, "max": 142.45765686, "dvar2": 118.233398438, "median": 21.1440219879, "dmean2": 7.20867967606, "dmean": 4.68864011765, "var": 215.067077637, "dvar": 51.2903556824, "mean": 22.8113174438}, "spectral_kurtosis": {"min": -1.34397685528, "max": 80.2892303467, "dvar2": 66.1581497192, "median": 11.5657863617, "dmean2": 7.83654689789, "dmean": 4.69238805771, "var": 130.710800171, "dvar": 24.379360199, "mean": 14.9244947433}, "barkbands_kurtosis": {"min": -1.94567883015, "max": 373.618377686, "dvar2": 266.622375488, "median": 3.94591188431, "dmean2": 7.90985965729, "dmean": 5.01151514053, "var": 424.238555908, "dvar": 122.327011108, "mean": 9.84016990662}, "spectral_strongpeak": {"min": 0, "max": 14.9579048157, "dvar2": 1.13231861591, "median": 0.258486688137, "dmean2": 0.510884165764, "dmean": 0.331935942173, "var": 2.37334942818, "dvar": 0.51515185833, "mean": 0.869773030281}, "spectral_spread": {"min": 941341.5, "max": 42013280, "dvar2": 1109674426370.0, "median": 2641420, "dmean2": 632983, "dmean": 420794.78125, "var": 4468256014340.0, "dvar": 581207130112, "mean": 3089630}, "spectral_rms": {"min": 3.17842648902e-12, "max": 0.0141367800534, "dvar2": 8.51455013162e-07, "median": 0.00145170954056, "dmean2": 0.000595462624915, "dmean": 0.000442416290753, "var": 4.95089761898e-06, "dvar": 5.26982773863e-07, "mean": 0.00229003909044}, "erbbands": {"min": [3.43094338394e-22, 5.80732993671e-22, 4.12114023143e-21, 1.01623888078e-20, 2.27963432028e-20, 4.75165469516e-20, 9.11716338581e-20, 1.41207601703e-19, 1.2951712273e-19, 3.36173387073e-19, 2.36840291691e-19, 7.42902902253e-19, 1.04893574066e-18, 7.39726528701e-19, 1.23134809088e-18, 1.29056677811e-18, 1.94808954511e-18, 3.00321611227e-18, 2.99078917113e-18, 3.55030220247e-18, 5.09532876216e-18, 4.52932794648e-18, 5.94444124147e-18, 6.87586108687e-18, 8.33196697148e-18, 1.11477402346e-17, 9.1052493225e-18, 1.15172939266e-17, 1.46063982699e-17, 1.30424131441e-17, 1.12555317946e-17, 9.9131855781e-18, 1.06595556079e-17, 8.98395734774e-18, 7.47100099399e-18, 5.17945799354e-18, 2.32764095559e-18, 1.15615375429e-18, 2.82663150795e-19, 3.07800691397e-20], "max": [0.231509357691, 11.8244247437, 93.2770233154, 64.6943740845, 99.5025253296, 84.2572402954, 255.2940979, 720.453918457, 1554.98291016, 1439.61206055, 1961.85620117, 4013.61865234, 2458.90014648, 1878.51843262, 1575.19128418, 3556.79589844, 3987.75024414, 2233.55493164, 3015.91845703, 1708.66088867, 912.021179199, 927.270141602, 576.711975098, 392.231628418, 337.749603271, 208.478134155, 122.054656982, 247.91242981, 211.66569519, 90.9162216187, 78.5222854614, 79.6722564697, 45.1738166809, 29.4594783783, 13.0148382187, 3.88270401955, 1.16448354721, 0.130783334374, 0.00591567298397, 0.000280203297734], "dvar2": [0.000219099223614, 0.115083761513, 8.75387573242, 10.7875986099, 36.3766593933, 32.1865844727, 139.474105835, 530.03503418, 3462.63061523, 7149.19384766, 16068.4599609, 7492.73535156, 7492.8828125, 3956.29174805, 5037.31152344, 9916.03417969, 17196.3828125, 7061.74609375, 8428.26660156, 4785.6484375, 1416.75756836, 806.629882812, 572.3984375, 192.431716919, 96.9221954346, 130.90788269, 16.6080608368, 54.0479736328, 22.9227981567, 14.6302890778, 7.78755760193, 4.44123506546, 1.37124276161, 0.659834384918, 0.104404695332, 0.016115989536, 0.000533030368388, 3.90081913793e-06, 1.91391613669e-08, 2.17469209307e-10], "median": [0.00064396468224, 0.0196830164641, 0.100509211421, 0.0947494581342, 0.181909620762, 0.463704705238, 0.890850067139, 0.679279923439, 1.12528562546, 0.89471578598, 0.881534099579, 0.553100705147, 0.563168287277, 0.575943291187, 0.893562018871, 0.826778411865, 0.76726436615, 0.718387842178, 0.552356600761, 0.491587549448, 0.237732857466, 0.14908157289, 0.124535158277, 0.0925327464938, 0.0693674683571, 0.0438564568758, 0.0208370909095, 0.014528744854, 0.0139422826469, 0.00926117040217, 0.00529732834548, 0.00230455864221, 0.00142659479752, 0.000689810723998, 0.00028326374013, 0.000140309086419, 5.79036714043e-05, 1.59444643941e-05, 3.92810488847e-06, 2.79011192106e-06], "dmean2": [0.00433871196583, 0.100608952343, 0.656124830246, 0.78909432888, 1.69143140316, 1.72401034832, 3.36965751648, 5.42436408997, 14.0037021637, 20.0549602509, 24.5765399933, 12.9246959686, 11.2711277008, 12.1066207886, 15.1627597809, 17.6007041931, 20.2340641022, 16.8560676575, 16.0998668671, 13.0956306458, 8.13214588165, 5.6838259697, 5.04352664948, 3.14034366608, 2.15785193443, 1.93727707863, 0.870640575886, 0.908516168594, 0.786378741264, 0.684472501278, 0.41256865859, 0.231129810214, 0.153366088867, 0.0967769995332, 0.0390424989164, 0.0129076289013, 0.00246619922109, 0.000241623187321, 1.79528124136e-05, 5.98722044742e-06], "dmean": [0.00284261116758, 0.064851179719, 0.418246239424, 0.477440148592, 0.97090369463, 1.06501805782, 2.32736325264, 3.67556810379, 10.0059661865, 13.6209812164, 16.7622642517, 8.94565200806, 7.50918388367, 8.6566619873, 10.3152523041, 12.2085666656, 14.6132106781, 12.2298727036, 11.1703643799, 8.70183181763, 5.8757686615, 4.19238853455, 3.68791985512, 2.26456403732, 1.5268548727, 1.30774605274, 0.626106739044, 0.611814081669, 0.563924610615, 0.464557737112, 0.273221433163, 0.149489864707, 0.101378574967, 0.0660673901439, 0.0257797315717, 0.00853000022471, 0.00169309298508, 0.000165517340065, 1.22813326016e-05, 4.40245867139e-06], "var": [0.000195157204871, 0.203783243895, 10.0343961716, 7.05916261673, 17.4800281525, 27.3858776093, 206.750457764, 773.984802246, 4968.94726562, 9386.13183594, 19946.4003906, 19306.4707031, 7261.60986328, 5671.02929688, 4675.57470703, 15373.9052734, 24097.0859375, 13859.3525391, 12949.9121094, 4373.58251953, 1931.33032227, 1560.95153809, 767.442810059, 263.042358398, 122.700386047, 92.2536392212, 25.4753704071, 32.3149642944, 23.0638160706, 11.8332509995, 4.50853824615, 2.41540336609, 1.13451313972, 0.455806881189, 0.0669632703066, 0.00876619387418, 0.00048803788377, 5.24007464264e-06, 1.83695831879e-08, 6.20417606179e-10], "dvar": [9.90920671029e-05, 0.0536685213447, 3.64527058601, 3.92432332039, 12.9195165634, 12.5903987885, 65.4456939697, 244.591079712, 1765.60095215, 3308.84667969, 7395.28125, 3630.19067383, 3064.42993164, 2032.9140625, 2337.77026367, 4507.27197266, 8118.90771484, 3590.14819336, 3938.51171875, 1982.24694824, 723.834472656, 424.604888916, 290.340393066, 99.0150299072, 51.7711105347, 58.2050018311, 9.6371307373, 22.8631000519, 12.0743284225, 6.77808904648, 3.23279833794, 1.87108123302, 0.69532418251, 0.321874678135, 0.0489965677261, 0.00700152199715, 0.000289467192488, 2.55248801295e-06, 1.03972270793e-08, 1.2176751274e-10], "mean": [0.00431981403381, 0.121888555586, 0.753759801388, 0.77416318655, 1.29686808586, 2.07365918159, 5.15300178528, 7.80623197556, 20.5485630035, 27.3826751709, 33.7538566589, 19.3632183075, 15.316740036, 16.1727085114, 17.6326980591, 22.8257102966, 26.8719921112, 25.2273387909, 21.7265605927, 15.6509447098, 11.1105775833, 8.57206535339, 7.02685070038, 4.27977085114, 2.68172097206, 2.09308028221, 1.17902994156, 0.964691281319, 0.900976896286, 0.713705539703, 0.386004716158, 0.204753383994, 0.142913416028, 0.0852084457874, 0.0305830556899, 0.00993926823139, 0.00220841029659, 0.00023998816323, 2.23541246669e-05, 1.32155437313e-05]}, "zerocrossingrate": {"min": 0.00390625, "max": 0.51611328125, "dvar2": 0.000172477797605, "median": 0.02880859375, "dmean2": 0.00684511242434, "dmean": 0.00576827302575, "var": 0.00120795308612, "dvar": 0.000147351049236, "mean": 0.0364918373525}, "spectral_contrast_coeffs": {"min": [-0.976067185402, -0.974803090096, -0.982680261135, -0.98044192791, -0.971691608429, -0.964347243309], "max": [-0.322117507458, -0.273146986961, -0.30689561367, -0.44410058856, -0.526203095913, -0.582627236843], "dvar2": [0.00367623777129, 0.00363320787437, 0.00214734743349, 0.0012589476537, 0.000642607046757, 0.000537331739906], "median": [-0.667726874352, -0.727392375469, -0.787700712681, -0.78399503231, -0.800062298775, -0.814653158188], "dmean2": [0.0738509297371, 0.0662715360522, 0.0516445674002, 0.0409455671906, 0.0290105920285, 0.0234902910888], "dmean": [0.0440249033272, 0.042842335999, 0.0335391312838, 0.0265230201185, 0.019289797172, 0.0159681271762], "var": [0.0086728008464, 0.0138281695545, 0.00836188532412, 0.00535543030128, 0.0041516921483, 0.00482354639098], "dvar": [0.00138010946102, 0.00174355390482, 0.000975582108367, 0.000594868906774, 0.000317951431498, 0.000305840105284], "mean": [-0.663984775543, -0.70265597105, -0.76829046011, -0.774253726006, -0.793055415154, -0.801520764828]}, "dissonance": {"min": 0.136611163616, "max": 0.500000119209, "dvar2": 0.00246154773049, "median": 0.442826390266, "dmean2": 0.0490893237293, "dmean": 0.0293739531189, "var": 0.00319917569868, "dvar": 0.000935917661991, "mean": 0.427661031485}, "spectral_energyband_high": {"min": 7.44461662725e-21, "max": 0.0105830635875, "dvar2": 1.65094746762e-07, "median": 2.2036269911e-06, "dmean2": 8.02071881481e-05, "dmean": 5.71851269342e-05, "var": 1.89076146739e-07, "dvar": 8.63379128191e-08, "mean": 0.000105081802758}, "spectral_skewness": {"min": -0.573183178902, "max": 7.05573654175, "dvar2": 0.355024665594, "median": 2.51567316055, "dmean2": 0.641513824463, "dmean": 0.397069364786, "var": 1.23553025723, "dvar": 0.145281359553, "mean": 2.72183585167}, "spectral_flux": {"min": 6.63239185794e-11, "max": 0.348636448383, "dvar2": 0.0012178310426, "median": 0.0211555119604, "dmean2": 0.0230031199753, "dmean": 0.0148505605757, "var": 0.00199916330166, "dvar": 0.000560024695005, "mean": 0.0377252213657}, "silence_rate_30dB": {"min": 0, "max": 1, "dvar2": 0.00817406177521, "median": 1, "dmean2": 0.00803858507425, "dmean": 0.00401888880879, "var": 0.00618943525478, "dvar": 0.0040024286136, "mean": 0.993771374226}, "spectral_energyband_middle_high": {"min": 1.30556767591e-21, "max": 0.111979439855, "dvar2": 3.01509717247e-05, "median": 0.000165011675563, "dmean2": 0.00160486181267, "dmean": 0.00121135171503, "var": 8.76199337654e-05, "dvar": 1.63573949976e-05, "mean": 0.00338859506883}, "barkbands_spread": {"min": 0.22930431366, "max": 111.944221497, "dvar2": 62.4080581665, "median": 7.90047359467, "dmean2": 4.38072729111, "dmean": 2.82798480988, "var": 92.7449188232, "dvar": 29.3586521149, "mean": 10.3419351578}, "spectral_centroid": {"min": 156.005767822, "max": 11217.2128906, "dvar2": 159116.109375, "median": 617.34777832, "dmean2": 194.501815796, "dmean": 129.050201416, "var": 441108.15625, "dvar": 80126.1796875, "mean": 793.953125}, "pitch_salience": {"min": 0.0472400896251, "max": 0.946433484554, "dvar2": 0.0125414440408, "median": 0.548307955265, "dmean2": 0.11858855933, "dmean": 0.0731118768454, "var": 0.0209641940892, "dvar": 0.00491889193654, "mean": 0.527443230152}, "erbbands_skewness": {"min": -5.79987382889, "max": 9.8000497818, "dvar2": 0.577951312065, "median": 0.595201253891, "dmean2": 0.664001226425, "dmean": 0.439943224192, "var": 1.98052442074, "dvar": 0.274257808924, "mean": 0.858032524586}, "erbbands_crest": {"min": 2.15403175354, "max": 33.620388031, "dvar2": 19.1288948059, "median": 10.5736560822, "dmean2": 4.31483125687, "dmean": 2.73331785202, "var": 43.7832756042, "dvar": 8.14868164062, "mean": 12.4604272842}, "melbands": {"min": [4.0791946133e-24, 1.29298394582e-24, 2.05356448341e-24, 2.50356367869e-24, 3.38717427281e-24, 3.02838968349e-24, 2.47967874542e-24, 4.6465481095e-24, 2.11327336532e-24, 4.21148579825e-24, 5.25457527398e-24, 2.56655106653e-24, 3.38173073813e-24, 4.49341719159e-24, 2.74182491561e-24, 5.34479887343e-24, 4.37153936503e-24, 3.76500906412e-24, 4.55392085087e-24, 4.94078139424e-24, 5.15436863977e-24, 4.03054556128e-24, 5.84406302389e-24, 4.63524294387e-24, 4.82056727532e-24, 5.10082588912e-24, 6.34042377178e-24, 7.50180688455e-24, 5.59193321782e-24, 6.21290361759e-24, 5.76874652896e-24, 7.19691608899e-24, 7.65541703546e-24, 6.8226733758e-24, 5.47318204145e-24, 5.75818092043e-24, 5.76171343956e-24, 6.82694190216e-24, 6.4792179316e-24, 6.65142035075e-24], "max": [0.00631782691926, 0.0355169735849, 0.00953987427056, 0.00692833028734, 0.00898098107427, 0.0153965298086, 0.0203541405499, 0.0180211551487, 0.0147981066257, 0.0244434569031, 0.0126973614097, 0.00871093198657, 0.00413355231285, 0.0104830907658, 0.0103434575722, 0.00815487187356, 0.00505121611059, 0.00639437418431, 0.00279038352892, 0.00193367328029, 0.00121717492584, 0.00105671968777, 0.000916250341106, 0.000460699055111, 0.000353905430529, 0.000247945223236, 0.000125298523926, 0.000162823693245, 8.56421684148e-05, 8.7074469775e-05, 0.000150972526171, 0.000143417724757, 5.23446578882e-05, 4.75509295939e-05, 4.47383717983e-05, 7.67443489167e-05, 3.96280593122e-05, 2.78044590232e-05, 3.55122210749e-05, 2.1162091798e-05], "dvar2": [4.23460662091e-08, 1.29811860461e-06, 3.48314927123e-07, 1.45777079297e-07, 1.5937388298e-07, 2.5564668249e-07, 7.30923488845e-07, 9.23171739942e-07, 9.80646404969e-07, 2.87300309765e-07, 1.94225350469e-07, 6.86407091166e-08, 6.17221616039e-08, 1.13822203218e-07, 6.42042579102e-08, 8.33905744457e-08, 2.86162382679e-08, 3.37926167049e-08, 1.06325597216e-08, 6.14997741621e-09, 2.37077224519e-09, 1.03157360432e-09, 6.91317114665e-10, 4.26956026089e-10, 1.6025068772e-10, 1.14079946878e-10, 4.24269265553e-11, 8.05161701201e-11, 9.40356733453e-12, 7.74472760229e-12, 2.14360144218e-11, 1.12600154895e-11, 4.50597415283e-12, 4.85187150873e-12, 2.94224714037e-12, 3.60981188517e-12, 1.36564056504e-12, 6.02841886653e-13, 9.72697183216e-13, 4.05824489682e-13], "median": [1.14362164823e-05, 4.85070413561e-05, 2.10506404983e-05, 2.18816494453e-05, 2.95590598398e-05, 1.35226418934e-05, 1.44827299664e-05, 8.43773523229e-06, 5.22434766026e-06, 2.44687407758e-06, 2.2249560061e-06, 1.88438548321e-06, 2.10469579542e-06, 2.59442049355e-06, 1.06943298306e-06, 1.75769832822e-06, 1.0703697626e-06, 8.03692046247e-07, 6.03979572134e-07, 4.2272125711e-07, 2.11697027908e-07, 1.24440049376e-07, 1.10970631795e-07, 9.17021480973e-08, 6.27339815651e-08, 4.77391708387e-08, 3.95008328269e-08, 2.26272920401e-08, 1.21271330755e-08, 7.42664951758e-09, 7.79602693513e-09, 7.76435982175e-09, 5.62960345007e-09, 4.34102709335e-09, 3.15414272478e-09, 1.58815516293e-09, 1.18425957929e-09, 9.98692906151e-10, 6.76449840586e-10, 4.80900097521e-10], "dmean2": [6.48780114716e-05, 0.000266919494607, 0.000160466501256, 0.000118820047646, 0.000110760993266, 0.000125096907141, 0.000215118765482, 0.000233929400565, 0.000186557459529, 7.60772891226e-05, 5.75471094635e-05, 4.92863109685e-05, 5.17772423336e-05, 6.02887084824e-05, 4.2331233999e-05, 4.97321125295e-05, 3.29649919877e-05, 3.05992653011e-05, 2.0418981876e-05, 1.52662396431e-05, 9.57993415795e-06, 6.29698206467e-06, 5.05148545926e-06, 4.44734541816e-06, 2.75870615951e-06, 2.27963710131e-06, 1.3422639995e-06, 1.41468274251e-06, 6.37660093616e-07, 4.59411978682e-07, 5.95055041686e-07, 5.07947675032e-07, 4.01490609647e-07, 3.92167493146e-07, 2.5947142035e-07, 1.94168521261e-07, 1.34919133643e-07, 1.07459413812e-07, 1.12921682671e-07, 7.58098721576e-08], "dmean": [4.21366967203e-05, 0.00017091378686, 9.61234472925e-05, 7.0409871114e-05, 7.53124113544e-05, 8.50797441672e-05, 0.00015370734036, 0.00015760527458, 0.000128428815515, 5.24881797901e-05, 3.81203535653e-05, 3.57074713975e-05, 3.46850720234e-05, 4.10852990171e-05, 3.00535557471e-05, 3.55810188921e-05, 2.32796373894e-05, 2.09755689866e-05, 1.40397551149e-05, 1.01043042378e-05, 6.89148600941e-06, 4.57307351098e-06, 3.62913647223e-06, 3.16210821438e-06, 1.95776647161e-06, 1.51050517161e-06, 9.16562783004e-07, 9.34098579819e-07, 4.58363928146e-07, 3.14867747875e-07, 4.04854603175e-07, 3.60706224001e-07, 2.78316775848e-07, 2.60650608652e-07, 1.71178129449e-07, 1.25580669419e-07, 8.68842207069e-08, 7.04169380583e-08, 7.59159206609e-08, 5.16395068928e-08], "var": [5.82862647036e-08, 1.60500735547e-06, 2.13257919768e-07, 8.92411406994e-08, 2.33732848187e-07, 4.00097121656e-07, 1.09380653157e-06, 1.27026714836e-06, 1.13829321435e-06, 7.20165644452e-07, 1.88959745628e-07, 9.9694347e-08, 5.63898439054e-08, 1.32417412146e-07, 9.76364944449e-08, 1.22151462278e-07, 5.40300959528e-08, 5.1557858427e-08, 9.97692151117e-09, 5.20300647011e-09, 3.06211322965e-09, 1.7737568081e-09, 1.10829367905e-09, 4.85280648999e-10, 1.87221016468e-10, 1.1746589812e-10, 3.5609900445e-11, 4.81267491137e-11, 1.32666334515e-11, 5.73281092736e-12, 1.45360026099e-11, 1.01593594648e-11, 4.20761255698e-12, 3.80690184237e-12, 1.66655393912e-12, 1.42509647746e-12, 7.99429478778e-13, 4.76418709171e-13, 6.71274450956e-13, 2.66145585388e-13], "dvar": [1.93219094058e-08, 5.47903653114e-07, 1.27363250613e-07, 5.24230365784e-08, 7.39296623919e-08, 1.20965935935e-07, 3.76723249929e-07, 4.21193647071e-07, 4.56509525293e-07, 1.35040608029e-07, 7.93321106585e-08, 3.53777700468e-08, 2.80527920893e-08, 4.93953606906e-08, 3.2401253236e-08, 4.27997441932e-08, 1.46725014361e-08, 1.59505564312e-08, 5.04504171772e-09, 2.47537190745e-09, 1.21653387364e-09, 5.33939281677e-10, 3.75568576239e-10, 2.1041214604e-10, 8.00691180025e-11, 5.50037966562e-11, 1.9836680909e-11, 3.42318187685e-11, 5.25282898775e-12, 3.45784620555e-12, 9.66901385346e-12, 5.80492381594e-12, 2.12545519379e-12, 2.25367619532e-12, 1.21470021541e-12, 1.39403419364e-12, 5.84975264842e-13, 2.93578366912e-13, 4.76725646806e-13, 1.93934183491e-13], "mean": [7.24170386093e-05, 0.000318744045217, 0.000151368367369, 0.000111351560918, 0.000171104969922, 0.000180321963853, 0.000318977545248, 0.000320096762152, 0.000246945768595, 0.000113417743705, 7.55910223234e-05, 6.56637057546e-05, 5.6915316236e-05, 7.0715934271e-05, 5.07642653247e-05, 6.35346441413e-05, 4.41286538262e-05, 3.89630622522e-05, 2.21852205868e-05, 1.69780651049e-05, 1.22622359413e-05, 8.4402408902e-06, 6.99980910213e-06, 5.43140686204e-06, 3.30604461851e-06, 2.43413933276e-06, 1.41700490985e-06, 1.3930048226e-06, 7.98727739948e-07, 4.96230200042e-07, 5.98069391344e-07, 5.41949930266e-07, 4.34054697962e-07, 3.77090827897e-07, 2.31396228401e-07, 1.56579361033e-07, 1.13679000435e-07, 9.62791233405e-08, 9.72227169882e-08, 6.38233217387e-08]}, "spectral_entropy": {"min": 4.17430925369, "max": 9.8211479187, "dvar2": 0.0966985225677, "median": 6.71237945557, "dmean2": 0.282564222813, "dmean": 0.189988180995, "var": 0.432089716196, "dvar": 0.0488738939166, "mean": 6.70042991638}, "spectral_rolloff": {"min": 43.06640625, "max": 19250.6835938, "dvar2": 818916.5, "median": 581.396484375, "dmean2": 366.661987305, "dmean": 217.790206909, "var": 1520387.375, "dvar": 414846.3125, "mean": 939.291870117}, "barkbands": {"min": [1.73467988703e-24, 7.83976436268e-24, 4.34280155668e-24, 3.36484793147e-24, 1.89469053978e-23, 9.36202057402e-24, 1.14906362979e-23, 1.44496787969e-23, 2.46204419375e-23, 1.41717851881e-23, 2.10694429484e-23, 4.01194366893e-23, 4.46503508063e-23, 5.68025037712e-23, 6.39741960327e-23, 9.54986807707e-23, 7.08865865593e-23, 8.36628136972e-23, 1.22445727531e-22, 2.33874362499e-22, 2.33118040529e-22, 4.4898746697e-22, 3.85576706951e-22, 6.56852138791e-22, 9.21930052169e-22, 1.42011603487e-21, 2.20813158413e-21], "max": [6.43430830678e-05, 0.0408516451716, 0.0867581292987, 0.0151737174019, 0.03352445364, 0.0719727277756, 0.0987067520618, 0.0838420391083, 0.129519656301, 0.0724819749594, 0.0405822992325, 0.084703207016, 0.0940508693457, 0.0431133657694, 0.0309474449605, 0.0198211241513, 0.0155899310485, 0.00822825543582, 0.00461173057556, 0.00346021959558, 0.0044628274627, 0.00474463403225, 0.00256901280954, 0.00291035906412, 0.00198644329794, 0.00067800731631, 3.26647750626e-05], "dvar2": [3.31884832117e-11, 1.17333081562e-06, 9.30181249714e-06, 1.13775718091e-06, 3.71885721506e-06, 5.15251031175e-06, 2.02537048608e-05, 3.15335419145e-05, 1.09838374556e-05, 6.9193829404e-06, 3.83210044674e-06, 6.63111768517e-06, 8.24232938612e-06, 3.94440394302e-06, 2.25967255574e-06, 8.44059741212e-07, 2.73117137795e-07, 1.84556796512e-07, 5.83217776295e-08, 3.94067924958e-08, 1.90831279667e-08, 1.43269396347e-08, 9.78084102599e-09, 6.00958527386e-09, 3.11285464072e-09, 2.78559730837e-10, 7.19239392436e-13], "median": [8.77444927028e-06, 6.01525825914e-05, 8.51881050039e-05, 1.8632686988e-05, 0.000160476804012, 7.6448006439e-05, 5.81509739277e-05, 2.84482521238e-05, 1.79732669494e-05, 1.20331606013e-05, 1.1047013686e-05, 1.92924999283e-05, 1.59256596817e-05, 1.17593408504e-05, 8.02631802799e-06, 4.51927553513e-06, 2.06081858778e-06, 1.93324262909e-06, 1.41623809213e-06, 1.0022645256e-06, 3.56394878054e-07, 3.83905842227e-07, 2.01566820124e-07, 9.46842959593e-08, 4.91563696414e-08, 3.1284223212e-08, 1.75792642665e-08], "dmean2": [3.88281387131e-06, 0.000335228774929, 0.000656143587548, 0.000268413627055, 0.000619137601461, 0.000569614756387, 0.00114813528489, 0.00118133192882, 0.000532484380528, 0.000361141545, 0.000396240095142, 0.00047581148101, 0.000495891901664, 0.000394192087697, 0.000299968436593, 0.000196536071599, 0.000104862177977, 8.92994212336e-05, 5.52142410015e-05, 3.96386967623e-05, 1.98710240511e-05, 2.23347706196e-05, 1.61822081282e-05, 9.63542697718e-06, 6.89059379511e-06, 1.76778814875e-06, 1.00374002443e-07], "dmean": [2.41518705479e-06, 0.000217094522668, 0.000414098845795, 0.000158006499987, 0.00038442859659, 0.000383637059713, 0.000806625001132, 0.000780490343459, 0.000355603988282, 0.000243889444391, 0.000260113796685, 0.000324722612277, 0.000350803107722, 0.000275173224509, 0.000195775603061, 0.000131990338559, 7.45076176827e-05, 6.31281072856e-05, 3.80798555852e-05, 2.69787706202e-05, 1.35823374876e-05, 1.59978608281e-05, 1.07349642349e-05, 6.27195640845e-06, 4.73305135529e-06, 1.20525839975e-06, 6.59441639073e-08], "var": [2.91949693587e-11, 2.06592676477e-06, 8.67597918841e-06, 5.27190877619e-07, 3.85569637729e-06, 7.69752477936e-06, 2.7913829399e-05, 4.26473925472e-05, 2.66840870609e-05, 7.10696076567e-06, 3.71495116269e-06, 9.47154239839e-06, 1.22524634207e-05, 6.78276774124e-06, 2.11689575735e-06, 8.32748241919e-07, 4.55027844737e-07, 1.92852454006e-07, 7.06532361505e-08, 3.503860313e-08, 1.33150832582e-08, 1.70977827452e-08, 6.63580568272e-09, 4.3981835951e-09, 2.16067874703e-09, 2.05832517697e-10, 6.49388474851e-13], "dvar": [1.23164915766e-11, 5.52810604404e-07, 3.69302483705e-06, 4.16993117369e-07, 1.50504024532e-06, 2.4211346954e-06, 9.96373091766e-06, 1.38120585689e-05, 5.0101252782e-06, 2.89684135168e-06, 1.711924142e-06, 2.98342661154e-06, 4.05062382924e-06, 2.06212575904e-06, 1.09608367893e-06, 3.83918091984e-07, 1.395704885e-07, 8.6821657419e-08, 2.78228053929e-08, 1.84613213605e-08, 8.38716562868e-09, 7.9183379853e-09, 4.26715995872e-09, 2.85084289509e-09, 1.51652346236e-09, 1.35677732938e-10, 3.78072031147e-13], "mean": [9.21469018067e-06, 0.000393373280531, 0.000706294202246, 0.000210165089811, 0.000767363526393, 0.000795663625468, 0.00164323032368, 0.00160146038979, 0.000771968741901, 0.000450023246231, 0.000426619546488, 0.000579721003305, 0.000615994969849, 0.00051337655168, 0.000301256077364, 0.000222986403969, 0.000138386443723, 0.000111178203952, 6.73121830914e-05, 4.43464632554e-05, 2.24249160965e-05, 2.59714506683e-05, 1.53727323777e-05, 8.87478745426e-06, 5.87327076573e-06, 1.50088783357e-06, 9.83718209113e-08]}, "melbands_flatness_db": {"min": 0.00385227962397, "max": 0.542472720146, "dvar2": 0.00168204191141, "median": 0.297872841358, "dmean2": 0.0385549478233, "dmean": 0.025423290208, "var": 0.0069052237086, "dvar": 0.000773454084992, "mean": 0.297880917788}, "melbands_skewness": {"min": -3.07038474083, "max": 21.3698730469, "dvar2": 1.44239532948, "median": 2.09373259544, "dmean2": 1.04914355278, "dmean": 0.67505800724, "var": 3.80019569397, "dvar": 0.631947934628, "mean": 2.3515894413}, "barkbands_skewness": {"min": -5.24738645554, "max": 16.5077438354, "dvar2": 1.10965275764, "median": 1.51449418068, "dmean2": 0.911980509758, "dmean": 0.588020265102, "var": 2.81884813309, "dvar": 0.501366734505, "mean": 1.74054634571}, "silence_rate_60dB": {"min": 0, "max": 1, "dvar2": 0.138680100441, "median": 1, "dmean2": 0.147909969091, "dmean": 0.0739475563169, "var": 0.244748353958, "dvar": 0.06848500669, "mean": 0.57233273983}, "spectral_energyband_low": {"min": 3.61792594834e-23, "max": 0.110632658005, "dvar2": 1.55836369231e-05, "median": 0.000200227776077, "dmean2": 0.000990503351204, "dmean": 0.000636184762698, "var": 1.83788124559e-05, "dvar": 6.45299905955e-06, "mean": 0.00121999543626}, "spectral_energyband_middle_low": {"min": 1.83138868043e-22, "max": 0.170199170709, "dvar2": 7.9216028098e-05, "median": 0.00112933525816, "dmean2": 0.00331967370585, "dmean": 0.00228988868184, "var": 0.000161378280609, "dvar": 3.89611086575e-05, "mean": 0.00591195235029}, "melbands_kurtosis": {"min": -1.9268835783, "max": 652.390136719, "dvar2": 643.79498291, "median": 7.43113136292, "dmean2": 11.9470863342, "dmean": 7.52110052109, "var": 956.135131836, "dvar": 277.768951416, "mean": 16.1621360779}, "spectral_decrease": {"min": -4.97446777104e-08, "max": 8.96459481578e-29, "dvar2": 8.28733726871e-18, "median": -5.45551659403e-10, "dmean2": 1.19562704182e-09, "dmean": 8.59260662622e-10, "var": 2.32447959536e-17, "dvar": 4.43024163526e-18, "mean": -2.56358001494e-09}, "erbbands_kurtosis": {"min": -1.78680205345, "max": 124.628326416, "dvar2": 51.0724029541, "median": 0.505551934242, "dmean2": 3.2552754879, "dmean": 2.10436344147, "var": 87.7194747925, "dvar": 22.0073375702, "mean": 3.43116140366}, "melbands_crest": {"min": 1.68280279636, "max": 37.5268554688, "dvar2": 24.6222991943, "median": 15.7199459076, "dmean2": 5.51250362396, "dmean": 3.41766381264, "var": 37.8955307007, "dvar": 9.71254920959, "mean": 16.5649719238}, "gfcc": {"cov": [[18444.2695312, -229.163696289, -4494.41455078, 332.791229248, -1301.03942871, -173.472763062, 86.9313278198, -81.413230896, 260.21081543, -73.5446472168, 98.1411743164, -375.593078613, -169.18170166], [-229.163696289, 1990.83898926, 458.63293457, -205.713973999, 599.251220703, -226.857284546, 43.8831291199, -243.911437988, -67.3980331421, -112.725784302, -24.6543312073, -39.6464538574, 43.8880233765], [-4494.41455078, 458.63293457, 2250.62060547, 27.1397686005, 301.409851074, 199.099807739, -131.304916382, 43.0450820923, -201.074783325, -44.6459388733, -55.8563308716, 84.9978027344, 69.3795471191], [332.791229248, -205.713973999, 27.1397686005, 497.171844482, 36.7752151489, 16.3096904755, 4.84836053848, -21.7735404968, 21.4623699188, -38.7085227966, -58.0912208557, -14.3993816376, -3.78875279427], [-1301.03942871, 599.251220703, 301.409851074, 36.7752151489, 729.024475098, 73.1166763306, -27.3837127686, -65.3994903564, -32.4222259521, -12.9869861603, -107.578704834, -7.37023162842, -4.84191799164], [-173.472763062, -226.857284546, 199.099807739, 16.3096904755, 73.1166763306, 358.024749756, 33.0352020264, 39.0714225769, -51.3191490173, 12.3916549683, -34.6738204956, -28.8841457367, -48.677116394], [86.9313278198, 43.8831291199, -131.304916382, 4.84836053848, -27.3837127686, 33.0352020264, 234.264343262, 37.8872375488, 11.0505428314, 14.7948894501, 13.1204614639, -22.1695480347, -22.9459972382], [-81.413230896, -243.911437988, 43.0450820923, -21.7735404968, -65.3994903564, 39.0714225769, 37.8872375488, 211.301437378, 53.7620315552, 13.2472915649, -5.36338233948, -19.5409088135, -11.8400697708], [260.21081543, -67.3980331421, -201.074783325, 21.4623699188, -32.4222259521, -51.3191490173, 11.0505428314, 53.7620315552, 184.069656372, 40.8569602966, 6.63379859924, -26.8320331573, -13.562754631], [-73.5446472168, -112.725784302, -44.6459388733, -38.7085227966, -12.9869861603, 12.3916549683, 14.7948894501, 13.2472915649, 40.8569602966, 143.138031006, 55.1036987305, -1.38675022125, -12.0936412811], [98.1411743164, -24.6543312073, -55.8563308716, -58.0912208557, -107.578704834, -34.6738204956, 13.1204614639, -5.36338233948, 6.63379859924, 55.1036987305, 133.279312134, 32.4198913574, 7.52096557617], [-375.593078613, -39.6464538574, 84.9978027344, -14.3993816376, -7.37023162842, -28.8841457367, -22.1695480347, -19.5409088135, -26.8320331573, -1.38675022125, 32.4198913574, 123.743370056, 52.5171356201], [-169.18170166, 43.8880233765, 69.3795471191, -3.78875279427, -4.84191799164, -48.677116394, -22.9459972382, -11.8400697708, -13.562754631, -12.0936412811, 7.52096557617, 52.5171356201, 108.808647156]], "icov": [[0.000249171804171, -0.000557034101803, 0.000655096198898, -0.000512979575433, 0.000738076050766, -0.000637205957901, 0.000648830260616, -0.000569517666008, 0.000364587118383, -0.000328151334543, 0.000222908041906, 1.22650571939e-05, -1.31833476189e-05], [-0.000557034101803, 0.0027689319104, -0.00188917166088, 0.00199261959642, -0.00291471346281, 0.00261942856014, -0.00248401542194, 0.0028788659256, -0.00122708489653, 0.00226295739412, -0.00152914039791, 0.00150225067046, -0.000398229982238], [0.000655096198898, -0.00188917166088, 0.00243390561081, -0.00165167159867, 0.00207075523213, -0.00225043389946, 0.00232473108917, -0.00234454986639, 0.00166919280309, -0.00130694906693, 0.000852213823237, -0.00062691536732, -0.000201876318897], [-0.000512979575433, 0.00199261959642, -0.00165167159867, 0.0037189333234, -0.00214953231625, 0.00184373627417, -0.00208926922642, 0.00252934824675, -0.0015841643326, 0.00193236209452, -0.000172675601789, 0.000786633987445, -0.000205303163966], [0.000738076050766, -0.00291471346281, 0.00207075523213, -0.00214953231625, 0.00499606737867, -0.00304244179279, 0.00270577031188, -0.00227512721904, 0.00125800771639, -0.00274225696921, 0.00312174251303, -0.00141145195812, 0.000429792300565], [-0.000637205957901, 0.00261942856014, -0.00225043389946, 0.00184373627417, -0.00304244179279, 0.00616630958393, -0.00289368839003, 0.00196526851505, 1.96840574063e-05, 0.00116132642142, -0.000555974896997, 0.00137574679684, 0.00118459796067], [0.000648830260616, -0.00248401542194, 0.00232473108917, -0.00208926922642, 0.00270577031188, -0.00289368839003, 0.00715932575986, -0.00350254587829, 0.00161364639644, -0.0020118211396, 0.000557141960599, -0.000525709358044, 0.000602986547165], [-0.000569517666008, 0.0028788659256, -0.00234454986639, 0.00252934824675, -0.00227512721904, 0.00196526851505, -0.00350254587829, 0.00901246722788, -0.00352863129228, 0.00236384058371, -0.000779254827648, 0.00188532541506, -0.000476874120068], [0.000364587118383, -0.00122708489653, 0.00166919280309, -0.0015841643326, 0.00125800771639, 1.96840574063e-05, 0.00161364639644, -0.00352863129228, 0.00841252412647, -0.0031513068825, 0.000953427632339, 0.000603787659202, 0.000304471235722], [-0.000328151334543, 0.00226295739412, -0.00130694906693, 0.00193236209452, -0.00274225696921, 0.00116132642142, -0.0020118211396, 0.00236384058371, -0.0031513068825, 0.0114787714556, -0.00571448542178, 0.00188158627134, 7.79583715484e-05], [0.000222908041906, -0.00152914039791, 0.000852213823237, -0.000172675601789, 0.00312174251303, -0.000555974896997, 0.000557141960599, -0.000779254827648, 0.000953427632339, -0.00571448542178, 0.0128605151549, -0.0039729597047, 0.00084919098299], [1.22650571939e-05, 0.00150225067046, -0.00062691536732, 0.000786633987445, -0.00141145195812, 0.00137574679684, -0.000525709358044, 0.00188532541506, 0.000603787659202, 0.00188158627134, -0.0039729597047, 0.0129677336663, -0.00521273910999], [-1.31833476189e-05, -0.000398229982238, -0.000201876318897, -0.000205303163966, 0.000429792300565, 0.00118459796067, 0.000602986547165, -0.000476874120068, 0.000304471235722, 7.79583715484e-05, 0.00084919098299, -0.00521273910999, 0.0125803677365]], "mean": [-193.075759888, 133.353103638, -117.181030273, 2.66352581978, -47.3807601929, 1.61568248272, -36.0525131226, -5.46027803421, -16.4542179108, 0.688332259655, -8.15537643433, -2.78867483139, -11.0953941345]}, "melbands_spread": {"min": 0.324905097485, "max": 292.07119751, "dvar2": 197.161392212, "median": 9.04552173615, "dmean2": 6.23781967163, "dmean": 4.05331468582, "var": 293.936798096, "dvar": 96.2699584961, "mean": 13.3230438232}, "spectral_energy": {"min": 1.03549546773e-20, "max": 0.204844772816, "dvar2": 0.00013497886539, "median": 0.00216014729813, "dmean2": 0.00480797002092, "dmean": 0.0034759438131, "var": 0.000391343870433, "dvar": 7.31221734895e-05, "mean": 0.0104499980807}, "mfcc": {"cov": [[15066.5888672, 165.333511353, -3367.43774414, 4.11938714981, -1179.33874512, -184.510757446, -508.453094482, -30.9176502228, -197.785400391, 66.7012863159, 235.453155518, 111.122398376, 130.08493042], [165.333511353, 2336.7253418, 122.586593628, -0.391180545092, 266.999176025, 70.5098495483, 78.5522842407, -88.4842834473, -51.5953712463, -106.341087341, -112.947883606, -53.350856781, -41.9888114929], [-3367.43774414, 122.586593628, 1654.64611816, 36.1116600037, 258.857849121, 83.0611038208, 157.521377563, 42.7441215515, -3.1554543972, 8.34062194824, -129.995376587, -77.0119934082, -92.8014450073], [4.11938714981, -0.391180545092, 36.1116600037, 417.020294189, 77.9428253174, 13.3096761703, -33.8296890259, 3.58961462975, 39.4333152771, -17.4430141449, -47.950340271, 7.03445243835, -13.3533353806], [-1179.33874512, 266.999176025, 258.857849121, 77.9428253174, 515.280395508, 140.279190063, 44.8203887939, 6.78430891037, 85.1404724121, -21.4150676727, -52.4128379822, 7.40007257462, -55.6997451782], [-184.510757446, 70.5098495483, 83.0611038208, 13.3096761703, 140.279190063, 278.614990234, 94.9749908447, 5.55420970917, 18.7630119324, -1.3875221014, 1.99165654182, -17.9393386841, -26.0704555511], [-508.453094482, 78.5522842407, 157.521377563, -33.8296890259, 44.8203887939, 94.9749908447, 223.439117432, 45.9438438416, 2.10816597939, 25.0149879456, 2.05960440636, -36.0725517273, -18.3454322815], [-30.9176502228, -88.4842834473, 42.7441215515, 3.58961462975, 6.78430891037, 5.55420970917, 45.9438438416, 150.710601807, 48.2198867798, 8.28973865509, -1.34393000603, -3.86777186394, -22.4436855316], [-197.785400391, -51.5953712463, -3.1554543972, 39.4333152771, 85.1404724121, 18.7630119324, 2.10816597939, 48.2198867798, 158.24017334, 43.8581733704, 9.36571598053, 19.9849376678, -17.5948753357], [66.7012863159, -106.341087341, 8.34062194824, -17.4430141449, -21.4150676727, -1.3875221014, 25.0149879456, 8.28973865509, 43.8581733704, 144.285095215, 58.7361488342, 11.253364563, 18.2949371338], [235.453155518, -112.947883606, -129.995376587, -47.950340271, -52.4128379822, 1.99165654182, 2.05960440636, -1.34393000603, 9.36571598053, 58.7361488342, 134.901092529, 43.4159126282, 25.3743286133], [111.122398376, -53.350856781, -77.0119934082, 7.03445243835, 7.40007257462, -17.9393386841, -36.0725517273, -3.86777186394, 19.9849376678, 11.253364563, 43.4159126282, 127.394493103, 56.1813201904], [130.08493042, -41.9888114929, -92.8014450073, -13.3533353806, -55.6997451782, -26.0704555511, -18.3454322815, -22.4436855316, -17.5948753357, 18.2949371338, 25.3743286133, 56.1813201904, 136.610290527]], "icov": [[0.000167580830748, -7.36077636248e-05, 0.000310530565912, -6.34645475657e-05, 0.000293781864457, -0.00020787025278, 0.000282920576865, -0.000222652917728, 0.000248301948886, -0.000302989734337, 0.000145626880112, -0.00010571792518, 0.000193056010175], [-7.36077636248e-05, 0.000534465012606, -9.68591994024e-05, 7.64206633903e-05, -0.000401690806029, 0.000166442405316, -0.000381827412639, 0.000427331891842, 3.91732055505e-06, 0.000349095265847, 0.000185532146133, 0.000109983884613, -6.29869682598e-05], [0.000310530565912, -9.68591994024e-05, 0.00135317270178, -0.000109526779852, 0.000181707175216, -0.000294692377793, 7.5866773841e-05, -0.000498279638123, 0.00081799068721, -0.00100497226231, 0.00103693222627, -0.000220204907237, 0.000667128595524], [-6.34645475657e-05, 7.64206633903e-05, -0.000109526779852, 0.00267924671061, -0.000328413123498, -8.62782326294e-05, 0.000331716117216, 0.00011574835662, -0.000630587805063, 0.000118799762276, 0.000967297295574, -0.000272391858744, 1.98297821044e-05], [0.000293781864457, -0.000401690806029, 0.000181707175216, -0.000328413123498, 0.00360379065387, -0.00163005397189, 0.000503062736243, 5.6501612562e-05, -0.00119635416195, -0.000118598603876, 0.000939699355513, -0.00120021938346, 0.00110409595072], [-0.00020787025278, 0.000166442405316, -0.000294692377793, -8.62782326294e-05, -0.00163005397189, 0.00519222998992, -0.0023810393177, 0.000833190453704, -0.000424622179708, 0.000905832333956, -0.00103091017809, 0.000616373145021, -5.41314475413e-05], [0.000282920576865, -0.000381827412639, 7.5866773841e-05, 0.000331716117216, 0.000503062736243, -0.0023810393177, 0.00707014882937, -0.00254958029836, 0.00116402679123, -0.00174616184086, -0.000236974286963, 0.00128766067792, -0.000123270816403], [-0.000222652917728, 0.000427331891842, -0.000498279638123, 0.00011574835662, 5.6501612562e-05, 0.000833190453704, -0.00254958029836, 0.00878668949008, -0.00318436976522, 0.00128426449373, 3.59818186553e-05, -0.000262742338236, 0.000818656524643], [0.000248301948886, 3.91732055505e-06, 0.00081799068721, -0.000630587805063, -0.00119635416195, -0.000424622179708, 0.00116402679123, -0.00318436976522, 0.00986374076456, -0.00385688012466, 0.000846941024065, -0.00165945419576, 0.00163520418573], [-0.000302989734337, 0.000349095265847, -0.00100497226231, 0.000118799762276, -0.000118598603876, 0.000905832333956, -0.00174616184086, 0.00128426449373, -0.00385688012466, 0.0108328172937, -0.00472266320139, 0.00156584847718, -0.00188850343693], [0.000145626880112, 0.000185532146133, 0.00103693222627, 0.000967297295574, 0.000939699355513, -0.00103091017809, -0.000236974286963, 3.59818186553e-05, 0.000846941024065, -0.00472266320139, 0.0121491942555, -0.00405154470354, 0.00102893332951], [-0.00010571792518, 0.000109983884613, -0.000220204907237, -0.000272391858744, -0.00120021938346, 0.000616373145021, 0.00128766067792, -0.000262742338236, -0.00165945419576, 0.00156584847718, -0.00405154470354, 0.0120514146984, -0.00491078244522], [0.000193056010175, -6.29869682598e-05, 0.000667128595524, 1.98297821044e-05, 0.00110409595072, -5.41314475413e-05, -0.000123270816403, 0.000818656524643, 0.00163520418573, -0.00188850343693, 0.00102893332951, -0.00491078244522, 0.010421782732]], "mean": [-829.34765625, 159.445709229, -3.63976430893, 6.98130846024, 4.45060873032, 5.51255130768, -5.41529750824, -4.32302188873, -7.51382160187, -0.597816288471, 1.08906543255, -1.29777169228, 2.58696818352]}, "spectral_contrast_valleys": {"min": [-27.9543476105, -27.7232990265, -27.9416484833, -27.5695209503, -27.5013961792, -27.3250255585], "max": [-5.6485118866, -4.33623933792, -5.17741107941, -5.52545499802, -5.75340461731, -7.80427837372], "dvar2": [0.417767971754, 0.319595694542, 0.268266677856, 0.182861357927, 0.171365186572, 0.222039207816], "median": [-8.8219871521, -8.10371875763, -8.79945850372, -9.34495353699, -10.0876064301, -12.9445552826], "dmean2": [0.737210929394, 0.563026309013, 0.491832464933, 0.402181237936, 0.341606140137, 0.348225027323], "dmean": [0.449947804213, 0.359559327364, 0.322549402714, 0.27118742466, 0.246246278286, 0.268337219954], "var": [1.8535836935, 2.27147173882, 2.32878375053, 2.6204354763, 2.62915372849, 1.87384843826], "dvar": [0.188229203224, 0.158027589321, 0.138392388821, 0.108838312328, 0.112323060632, 0.143968343735], "mean": [-8.95876312256, -8.22778606415, -8.88799381256, -9.37009811401, -10.0251426697, -12.6949863434]}, "barkbands_flatness_db": {"min": 0.0325360409915, "max": 0.458876818419, "dvar2": 0.00124209246133, "median": 0.208167046309, "dmean2": 0.0340062305331, "dmean": 0.0223280321807, "var": 0.00397084280849, "dvar": 0.000565616239328, "mean": 0.212288931012}, "dynamic_complexity": 10.2236585617, "erbban