{"lowlevel": {"spectral_complexity": {"min": 0, "max": 61, "dvar2": 36.6072273254, "median": 15, "dmean2": 5.8710308075, "dmean": 4.13655328751, "var": 183.360046387, "dvar": 21.9555892944, "mean": 18.4733428955}, "silence_rate_20dB": {"min": 1, "max": 1, "dvar2": 0, "median": 1, "dmean2": 0, "dmean": 0, "var": 0, "dvar": 0, "mean": 1}, "average_loudness": 0.701301336288, "erbbands_spread": {"min": 2.12695431709, "max": 199.123352051, "dvar2": 550.165893555, "median": 43.5733108521, "dmean2": 20.9007492065, "dmean": 13.0870542526, "var": 554.222412109, "dvar": 220.431427002, "mean": 48.6197280884}, "spectral_kurtosis": {"min": -1.24417841434, "max": 35.4322509766, "dvar2": 6.04331970215, "median": 2.46335220337, "dmean2": 1.7051589489, "dmean": 1.04583704472, "var": 5.50650835037, "dvar": 2.30678462982, "mean": 2.89910078049}, "barkbands_kurtosis": {"min": -1.96061563492, "max": 508.236083984, "dvar2": 1834.68164062, "median": 0.326035499573, "dmean2": 12.2072210312, "dmean": 7.26791858673, "var": 630.826721191, "dvar": 728.058349609, "mean": 5.96101284027}, "spectral_strongpeak": {"min": 0, "max": 18.6845169067, "dvar2": 2.85920357704, "median": 0.320195794106, "dmean2": 0.871505558491, "dmean": 0.507627427578, "var": 1.54589676857, "dvar": 1.10920965672, "mean": 0.71804946661}, "spectral_spread": {"min": 1767588.625, "max": 47369684, "dvar2": 2346369155070.0, "median": 5260874, "dmean2": 1081741.375, "dmean": 719569.75, "var": 4079335768060.0, "dvar": 1035134566400.0, "mean": 5374505}, "spectral_rms": {"min": 3.20811758235e-12, "max": 0.0128514273092, "dvar2": 5.99441091254e-06, "median": 0.00361368665472, "dmean2": 0.00169026933145, "dmean": 0.00112228980288, "var": 5.74476098336e-06, "dvar": 2.7979845072e-06, "mean": 0.00407177442685}, "erbbands": {"min": [2.72918635417e-22, 1.03615478884e-21, 3.40908029959e-21, 8.00600326791e-21, 5.91813283964e-20, 7.20968618573e-20, 1.37784095018e-19, 3.13409764357e-19, 1.6359424978e-19, 2.70926362632e-19, 3.04171268438e-19, 6.77555168572e-19, 9.74810431608e-19, 1.38363038729e-18, 1.49300362e-18, 2.45098351108e-18, 2.2672983367e-18, 3.23814884792e-18, 3.13228813428e-18, 5.58007521268e-18, 5.52963456611e-18, 7.35795435557e-18, 1.25709714802e-17, 8.13693598101e-18, 7.74672014449e-18, 1.05102437171e-17, 9.66958915951e-18, 1.11563685556e-17, 1.34194710186e-17, 1.49287886049e-17, 1.41213924982e-17, 1.29509377217e-17, 9.00987043479e-18, 1.10623586518e-17, 7.06172443461e-18, 5.18182579804e-18, 2.64566605172e-18, 1.13589765205e-18, 3.14916111951e-19, 3.39318986922e-20], "max": [3.603069067, 34.9548377991, 77.1467666626, 199.619979858, 128.320739746, 71.2389450073, 200.167297363, 211.986785889, 218.149887085, 667.495239258, 958.548034668, 448.092498779, 1307.46179199, 1002.05993652, 1011.44329834, 511.229278564, 777.627563477, 1279.19445801, 3435.45361328, 1684.93994141, 831.083557129, 367.576568604, 561.324157715, 463.300079346, 529.42956543, 294.854675293, 266.661804199, 355.593902588, 412.722045898, 322.111419678, 200.622955322, 285.450897217, 159.680419922, 57.247428894, 19.030002594, 11.7615652084, 5.71453428268, 1.15547657013, 0.164032742381, 0.00777647038922], "dvar2": [0.333605468273, 60.0534629822, 236.213119507, 1061.63793945, 387.280059814, 47.476398468, 171.015167236, 328.103149414, 370.797576904, 699.889343262, 1129.43933105, 1129.66552734, 2247.30224609, 2750.88134766, 3334.47851562, 2014.08935547, 2537.64428711, 3380.453125, 21851.2167969, 7177.54980469, 2823.83251953, 578.688476562, 735.627319336, 612.266601562, 787.637573242, 802.529174805, 781.166381836, 747.161376953, 748.28302002, 610.711303711, 379.406890869, 227.081665039, 93.9884262085, 24.0206546783, 4.97595977783, 0.99885648489, 0.201309725642, 0.0119211962447, 0.000285541202174, 6.1611132196e-07], "median": [0.0236132312566, 0.386141240597, 1.65609037876, 2.07900452614, 1.9617292881, 2.1002099514, 1.73235666752, 1.78564333916, 2.65460276604, 3.77434635162, 2.92661786079, 3.01700901985, 4.01854658127, 5.32625961304, 4.90395069122, 5.36725091934, 8.6737203598, 7.64080381393, 8.29233932495, 7.03118801117, 7.2299618721, 7.23067522049, 7.70656061172, 7.28558254242, 7.38210439682, 8.87739181519, 7.84933710098, 4.17559909821, 3.68608164787, 3.08936047554, 2.54472208023, 1.86561310291, 1.06751573086, 0.524622619152, 0.225944519043, 0.0759403407574, 0.0213061477989, 0.00344331166707, 0.000239424742176, 2.93889934255e-05], "dmean2": [0.217226490378, 2.96182632446, 7.16811323166, 13.2337684631, 7.72865533829, 4.41601610184, 6.19927930832, 6.78798389435, 8.43932723999, 11.2269935608, 11.3474903107, 12.1303539276, 14.8703250885, 18.1838569641, 18.3243179321, 16.9241065979, 21.2080230713, 20.4952430725, 33.3587837219, 26.7540130615, 19.9630298615, 12.9691295624, 14.214053154, 14.211192131, 15.2629652023, 15.5140733719, 14.3390207291, 11.8820991516, 11.8264932632, 10.4590625763, 8.81047344208, 6.5323472023, 4.2845954895, 2.25150132179, 1.03876495361, 0.443376630545, 0.169862121344, 0.0416864976287, 0.00610612658784, 0.000281240063487], "dmean": [0.13321018219, 1.73651957512, 4.12384414673, 7.75121927261, 4.27543067932, 2.61622023582, 3.69154214859, 3.91120409966, 4.96383333206, 7.228307724, 7.01033306122, 7.212474823, 8.95316123962, 11.2771558762, 11.6870660782, 10.343755722, 13.3879938126, 12.6666355133, 21.2924823761, 16.5509738922, 12.3454399109, 8.18565654755, 8.91061973572, 8.62367725372, 9.63574409485, 9.97338867188, 9.22348403931, 7.79384851456, 7.73774147034, 6.7881102562, 5.63824272156, 4.27110147476, 2.82530260086, 1.48563671112, 0.689030885696, 0.290070950985, 0.107074022293, 0.0263399723917, 0.00383013719693, 0.00017890970048], "var": [0.123611800373, 18.3234195709, 65.2278594971, 415.054016113, 100.203239441, 26.3880996704, 124.349319458, 94.7449874878, 174.452774048, 782.529602051, 704.911376953, 707.180664062, 1936.99328613, 2074.83105469, 3098.59814453, 1348.6973877, 2218.7800293, 3535.65112305, 20743.890625, 6002.72460938, 2672.72387695, 821.31451416, 837.13861084, 716.361877441, 871.351623535, 695.155517578, 635.345947266, 592.844909668, 622.307373047, 472.28302002, 322.671112061, 206.627151489, 87.7505950928, 23.5623588562, 4.28432321548, 0.670157074928, 0.0894118100405, 0.0059739369899, 0.000141577518662, 3.09070117055e-07], "dvar": [0.141146764159, 23.5666217804, 86.536315918, 405.914398193, 134.636199951, 17.319480896, 66.5036087036, 116.232002258, 136.510971069, 311.353027344, 437.630279541, 431.630462646, 788.648376465, 1072.53039551, 1345.24316406, 732.542053223, 981.017822266, 1266.66015625, 8908.93261719, 2751.98608398, 1023.8815918, 225.574508667, 282.648590088, 233.16116333, 307.441223145, 327.681854248, 312.593475342, 306.833435059, 307.497741699, 240.82975769, 155.373855591, 96.4730911255, 41.6335639954, 10.5946807861, 2.21653795242, 0.430501103401, 0.0825964435935, 0.00522068887949, 0.000126241619, 2.75375157344e-07], "mean": [0.123076461256, 1.57944393158, 4.33797836304, 8.53232383728, 4.62425088882, 3.83420324326, 5.05992698669, 4.70200204849, 6.55940771103, 11.9074144363, 10.7237939835, 10.1686668396, 14.6122303009, 18.1558017731, 20.026216507, 17.320482254, 23.1115608215, 23.2173480988, 36.534160614, 28.4130554199, 23.0611839294, 17.6184310913, 18.0127696991, 16.7358951569, 19.3631763458, 18.9696178436, 17.2503967285, 13.7835130692, 13.4805984497, 11.8239002228, 9.73897171021, 7.40669775009, 4.71351289749, 2.45525312424, 1.08470201492, 0.409973561764, 0.126498952508, 0.0277095790952, 0.00361136067659, 0.000182701274753]}, "zerocrossingrate": {"min": 0, "max": 0.51318359375, "dvar2": 0.0003614910529, "median": 0.0810546875, "dmean2": 0.0181375797838, "dmean": 0.0153105920181, "var": 0.00209539104253, "dvar": 0.000267673225608, "mean": 0.0839445739985}, "spectral_contrast_coeffs": {"min": [-0.975595831871, -0.978211700916, -0.983456432819, -0.97808098793, -0.967538058758, -0.961685836315], "max": [-0.32830914855, -0.385455727577, -0.46887409687, -0.482026994228, -0.599423289299, -0.58913564682], "dvar2": [0.0062370612286, 0.00424192147329, 0.0026569981128, 0.00176979892422, 0.000886224966962, 0.00101611739956], "median": [-0.656954109669, -0.762068867683, -0.79983741045, -0.795475363731, -0.803409874439, -0.761377632618], "dmean2": [0.0942483246326, 0.0828128606081, 0.0642542541027, 0.0526947751641, 0.0365101359785, 0.034009385854], "dmean": [0.056718416512, 0.0511436723173, 0.0399639382958, 0.0328482240438, 0.0227840095758, 0.0217064172029], "var": [0.00730881094933, 0.00626322813332, 0.00444233696908, 0.00376048055477, 0.00168499758001, 0.00181429367512], "dvar": [0.00241427822039, 0.00170787295792, 0.00108498614281, 0.000740902323741, 0.000365356157999, 0.000456588080851], "mean": [-0.648102164268, -0.753301978111, -0.789111495018, -0.788018941879, -0.800126075745, -0.761169970036]}, "dissonance": {"min": 0.264005154371, "max": 0.500000119209, "dvar2": 0.000590089417528, "median": 0.484648764133, "dmean2": 0.0219232793897, "dmean": 0.0131596662104, "var": 0.000506301934365, "dvar": 0.000231143072597, "mean": 0.47797241807}, "spectral_energyband_high": {"min": 7.63445538562e-21, "max": 0.0258931163698, "dvar2": 8.15493694972e-06, "median": 0.000695859140251, "dmean2": 0.00133708515204, "dmean": 0.00092776294332, "var": 8.90427963895e-06, "dvar": 3.68957194041e-06, "mean": 0.00191252445802}, "spectral_skewness": {"min": -0.601173222065, "max": 4.71115016937, "dvar2": 0.120365224779, "median": 1.17069458961, "dmean2": 0.299706012011, "dmean": 0.195115014911, "var": 0.175695061684, "dvar": 0.0502268783748, "mean": 1.19096910954}, "spectral_flux": {"min": 6.75332706424e-11, "max": 0.352024525404, "dvar2": 0.00523792067543, "median": 0.0646222755313, "dmean2": 0.0509476512671, "dmean": 0.0329802371562, "var": 0.00429594004527, "dvar": 0.00242829462513, "mean": 0.0848494470119}, "silence_rate_30dB": {"min": 0, "max": 1, "dvar2": 0.0292618758976, "median": 1, "dmean2": 0.0201054308563, "dmean": 0.0100514832884, "var": 0.00524237565696, "dvar": 0.00994992814958, "mean": 0.994729757309}, "spectral_energyband_middle_high": {"min": 1.40939742203e-21, "max": 0.06758710742, "dvar2": 1.64087541634e-05, "median": 0.00214803288691, "dmean2": 0.00222651939839, "dmean": 0.00149376771878, "var": 4.18443923991e-05, "dvar": 6.81468054609e-06, "mean": 0.00463184248656}, "barkbands_spread": {"min": 0.340788573027, "max": 113.461364746, "dvar2": 251.087341309, "median": 32.2221679688, "dmean2": 14.9997444153, "dmean": 9.47601127625, "var": 337.695098877, "dvar": 108.051452637, "mean": 33.7530479431}, "spectral_centroid": {"min": 133.459152222, "max": 11474.3310547, "dvar2": 434609.65625, "median": 1871.23327637, "dmean2": 598.267700195, "dmean": 373.14276123, "var": 638918.5625, "dvar": 177275.046875, "mean": 1831.36132812}, "pitch_salience": {"min": 0.071842931211, "max": 0.87365436554, "dvar2": 0.0231775864959, "median": 0.529742479324, "dmean2": 0.161658361554, "dmean": 0.0984201952815, "var": 0.0177081748843, "dvar": 0.00950538367033, "mean": 0.514083385468}, "erbbands_skewness": {"min": -5.49271202087, "max": 4.94548130035, "dvar2": 0.515940606594, "median": -0.178039163351, "dmean2": 0.658576130867, "dmean": 0.416811525822, "var": 0.674749851227, "dvar": 0.207803308964, "mean": -0.127471879125}, "erbbands_crest": {"min": 2.20096993446, "max": 30.1371517181, "dvar2": 17.3442745209, "median": 6.5789642334, "dmean2": 4.2411403656, "dmean": 2.58184695244, "var": 17.2336006165, "dvar": 6.94478082657, "mean": 7.80781030655}, "melbands": {"min": [5.42030824485e-24, 2.58808618038e-24, 1.66800023573e-24, 5.54842201687e-24, 5.56482046293e-24, 6.76213224563e-24, 2.73270016152e-24, 3.60604925299e-24, 2.40393449066e-24, 4.09555164417e-24, 4.44906585378e-24, 5.97753395031e-24, 4.53227253548e-24, 4.76734164675e-24, 5.44911586738e-24, 4.99718455453e-24, 6.27193723457e-24, 4.08377592301e-24, 6.81685316005e-24, 5.43670747977e-24, 5.83233266222e-24, 6.90953011691e-24, 7.45105472935e-24, 8.83460868317e-24, 5.80378023619e-24, 3.85818970868e-24, 6.48310346599e-24, 6.33560107064e-24, 6.84200283457e-24, 3.93157309996e-24, 7.23880460306e-24, 7.12036660447e-24, 8.11439524278e-24, 6.80237361813e-24, 7.58495045738e-24, 7.37687103869e-24, 8.44610809798e-24, 6.00809481621e-24, 7.18785444377e-24, 9.86695860653e-24], "max": [0.0354892909527, 0.0371017828584, 0.0305566582829, 0.0052932696417, 0.00527246808633, 0.00441310461611, 0.00346004636958, 0.00604413589463, 0.00631564576179, 0.00378489494324, 0.00647811079398, 0.00383284781128, 0.00451044691727, 0.00184677436482, 0.0021519230213, 0.00236197910272, 0.00279251136817, 0.00501343049109, 0.00316052814014, 0.00248042447492, 0.00123937265016, 0.00044614134822, 0.000451213505585, 0.000690602697432, 0.000387387350202, 0.000413961999584, 0.000313119468046, 0.000222057438805, 0.000219224355533, 0.000232996651903, 0.000247739488259, 0.000253325066296, 0.000249320146395, 0.000150894193212, 0.000139379379107, 0.00013790052617, 0.000189056634554, 0.000119187599921, 7.73936553742e-05, 4.11337496189e-05], "dvar2": [4.77649409731e-05, 7.3735267506e-05, 2.48720352829e-05, 5.24210577169e-07, 1.69101639358e-07, 1.57291381697e-07, 8.35660003418e-08, 9.02740353581e-08, 6.0388607892e-08, 4.47308075024e-08, 5.7588810165e-08, 4.97352985462e-08, 5.4741018829e-08, 1.80460872912e-08, 1.57219020025e-08, 1.25661765438e-08, 1.3777785135e-08, 4.99973893398e-08, 2.81752718934e-08, 1.73139405035e-08, 5.69731639644e-09, 8.23638268699e-10, 1.19162524292e-09, 1.02520636425e-09, 5.10127828868e-10, 4.52041903909e-10, 4.77217598771e-10, 4.02328614868e-10, 3.83141629534e-10, 2.88440688001e-10, 2.84652523774e-10, 2.80063167102e-10, 2.29608831948e-10, 2.06061154251e-10, 1.49749407319e-10, 1.14592037248e-10, 8.55726947635e-11, 5.85054921176e-11, 2.98148797317e-11, 1.56702723714e-11], "median": [0.000306485861074, 0.00090109516168, 0.000390615750803, 0.000147833445226, 7.42960182833e-05, 3.8717618736e-05, 4.21320983151e-05, 4.13027228205e-05, 2.12682934944e-05, 1.74277865881e-05, 1.86291763384e-05, 2.01948714675e-05, 1.5042582163e-05, 1.2728510228e-05, 1.63605400303e-05, 1.68549067894e-05, 1.15444490802e-05, 1.21219554785e-05, 1.00673678389e-05, 7.75613534643e-06, 7.74895397626e-06, 6.468886113e-06, 6.57957662042e-06, 6.29662463325e-06, 5.44884915143e-06, 4.8833553592e-06, 5.12557062393e-06, 5.667448022e-06, 5.16798900208e-06, 3.07086133944e-06, 2.07944458452e-06, 1.96078121917e-06, 1.99415694624e-06, 1.48037543113e-06, 1.50235746332e-06, 1.11170959372e-06, 1.05596222966e-06, 7.43619466448e-07, 5.27157169472e-07, 3.90305018527e-07], "dmean2": [0.00262671685778, 0.00382705777884, 0.00205447268672, 0.000375531264581, 0.000210595026147, 0.00014879644732, 0.000127998515381, 0.000125420439872, 8.84014079929e-05, 7.64542710385e-05, 7.67167584854e-05, 7.61267801863e-05, 6.80553421262e-05, 5.20665671502e-05, 4.50018087577e-05, 4.34344256064e-05, 3.96478317271e-05, 5.19086570421e-05, 4.45322220912e-05, 3.47307504853e-05, 2.55532486335e-05, 1.41301816257e-05, 1.76279045263e-05, 1.40447673402e-05, 1.25928372654e-05, 1.15383272714e-05, 1.14872700578e-05, 1.10795590444e-05, 1.00530669442e-05, 7.68193331169e-06, 7.23186258256e-06, 7.14856059858e-06, 6.9889219958e-06, 5.92819333178e-06, 5.51272569282e-06, 4.58164595329e-06, 4.0600302782e-06, 3.35101344717e-06, 2.39918699663e-06, 1.83751637906e-06], "dmean": [0.00158127734903, 0.00224640732631, 0.00119212630671, 0.000213181527215, 0.000125235732412, 8.59233696247e-05, 7.61135670473e-05, 8.03156362963e-05, 5.40647451999e-05, 4.55042318208e-05, 4.6150507842e-05, 4.66308592877e-05, 4.30234140367e-05, 3.23389976984e-05, 2.80450640275e-05, 2.71440203505e-05, 2.44337570621e-05, 3.27322122757e-05, 2.84297620965e-05, 2.07242301258e-05, 1.5638235709e-05, 8.79821163835e-06, 1.09967841126e-05, 8.54112749948e-06, 7.51960897105e-06, 7.20189382264e-06, 7.24989240553e-06, 7.00394593878e-06, 6.30674549029e-06, 4.95493895869e-06, 4.66272513222e-06, 4.59484681414e-06, 4.45133946414e-06, 3.78604408979e-06, 3.47694208358e-06, 2.93126413453e-06, 2.63303081738e-06, 2.18177729039e-06, 1.57463750838e-06, 1.2000039078e-06], "var": [1.65473829838e-05, 2.19488501898e-05, 9.42243877944e-06, 1.67538843243e-07, 1.16944860906e-07, 4.65718876796e-08, 4.43051213495e-08, 9.03313832623e-08, 3.8365275401e-08, 2.97446476338e-08, 5.1284619218e-08, 3.62544163579e-08, 4.68695660061e-08, 1.37521105614e-08, 1.08506457153e-08, 1.01811448161e-08, 1.38078242173e-08, 4.58388811353e-08, 3.00730356173e-08, 1.04214299412e-08, 4.56290472073e-09, 9.43991884661e-10, 1.12688702814e-09, 8.13565659286e-10, 4.95515128929e-10, 4.62228422204e-10, 4.26073148985e-10, 3.12423309445e-10, 2.70190064766e-10, 2.12225598206e-10, 2.08296171977e-10, 2.11631726033e-10, 1.81934953214e-10, 1.43047920731e-10, 1.18661663828e-10, 8.94589402556e-11, 7.62631346962e-11, 5.00952369864e-11, 2.80822674142e-11, 1.42043364917e-11], "dvar": [1.96623550437e-05, 2.82130095002e-05, 9.42605674936e-06, 1.81728410098e-07, 6.4905158581e-08, 5.58119310767e-08, 3.11829069233e-08, 3.85084000243e-08, 2.30506671528e-08, 1.74472241099e-08, 2.04685459693e-08, 1.92102280749e-08, 2.18893632109e-08, 6.92277035697e-09, 5.85222981186e-09, 4.664472808e-09, 5.21488274785e-09, 2.03561416612e-08, 1.17566560931e-08, 6.35012487038e-09, 2.01080752049e-09, 3.18380655173e-10, 4.59622839788e-10, 3.78805375956e-10, 1.9027736331e-10, 1.73008163351e-10, 1.88947343882e-10, 1.62164809359e-10, 1.47012832463e-10, 1.17003004507e-10, 1.1449767523e-10, 1.12612995318e-10, 9.18297035635e-11, 8.0240043776e-11, 5.97662613844e-11, 4.72879270463e-11, 3.61540242189e-11, 2.51981404492e-11, 1.30029086456e-11, 6.79481991506e-12], "mean": [0.00145261816215, 0.00232487893663, 0.00133921077941, 0.00027312268503, 0.000177766894922, 0.000103894533822, 0.000104953920527, 0.000132878762088, 8.03357106633e-05, 6.24712120043e-05, 7.37025766284e-05, 7.24656201783e-05, 6.94275586284e-05, 5.02639668412e-05, 4.52790882264e-05, 4.6607623517e-05, 4.08663581766e-05, 5.40725704923e-05, 4.83645999338e-05, 3.22720188706e-05, 2.68064231932e-05, 1.67328489624e-05, 1.95892007469e-05, 1.48799053932e-05, 1.31746046463e-05, 1.36188218676e-05, 1.32812783704e-05, 1.23141380755e-05, 1.11558038043e-05, 8.66221580509e-06, 7.73008287069e-06, 7.61859109843e-06, 7.37988375477e-06, 6.19859429207e-06, 5.77745504415e-06, 4.83257235828e-06, 4.39346558778e-06, 3.47190302818e-06, 2.56944372268e-06, 1.89239574411e-06]}, "spectral_entropy": {"min": 5.33193874359, "max": 9.8103017807, "dvar2": 0.0660275891423, "median": 7.91280698776, "dmean2": 0.234004616737, "dmean": 0.158300295472, "var": 0.137921541929, "dvar": 0.0301930680871, "mean": 7.87363624573}, "spectral_rolloff": {"min": 21.533203125, "max": 18992.2851562, "dvar2": 4513069.5, "median": 1851.85546875, "dmean2": 1604.6887207, "dmean": 953.262329102, "var": 4005509.5, "dvar": 1862729.875, "mean": 2317.28710938}, "barkbands": {"min": [2.19931541033e-24, 1.13743424232e-23, 3.19453049545e-24, 1.56062048931e-24, 2.95005390233e-23, 3.5445707194e-23, 1.41719145613e-23, 1.44967517048e-23, 3.05157525213e-23, 6.51970629644e-23, 1.27110593385e-23, 4.63380934695e-23, 5.57295077897e-23, 5.86807815865e-23, 6.66719804217e-23, 1.11351806227e-22, 1.2718463587e-22, 2.23980506891e-22, 1.4011765069e-22, 2.25415855085e-22, 2.78003594947e-22, 3.7198005185e-22, 4.65743226007e-22, 5.55593397639e-22, 1.01818289659e-21, 1.59982586971e-21, 2.38616605511e-21], "max": [0.00216276524588, 0.14236626029, 0.0652418881655, 0.0796768814325, 0.0219816789031, 0.0199479870498, 0.0314583294094, 0.0456260368228, 0.0261642504483, 0.0302749518305, 0.028774606064, 0.0124116921797, 0.0184546858072, 0.0249574501067, 0.0583861842752, 0.0240016188473, 0.0109299058095, 0.0110812382773, 0.00925791077316, 0.00551219424233, 0.00747908418998, 0.0111112417653, 0.00605368101969, 0.0112028643489, 0.00401187827811, 0.00270676403306, 0.000901746330783], "dvar2": [6.0001909219e-08, 0.000872091564815, 0.000166090729181, 0.000155469533638, 5.702852377e-06, 3.96516816181e-06, 1.89599609257e-06, 2.620499572e-06, 1.95926622837e-06, 2.96335133498e-06, 2.40088456849e-06, 1.22785934309e-06, 1.34298556986e-06, 1.61210107308e-06, 7.53791255192e-06, 1.94932431441e-06, 2.65264446853e-07, 3.15918498472e-07, 2.50135343549e-07, 3.24603746549e-07, 4.49845799722e-07, 5.47020533759e-07, 4.7277060844e-07, 3.86421760368e-07, 1.30823266886e-07, 5.33876836073e-08, 8.89821993866e-09], "median": [5.66327662455e-06, 0.00136020593345, 0.00141018582508, 0.000579839979764, 0.000666748557705, 0.000216203581658, 0.000205178090255, 0.000134909860208, 0.00011612167873, 0.000152050517499, 0.00010213515634, 0.000100717872556, 0.00015891782823, 0.000139963987749, 0.000136692338856, 0.000123600912048, 0.000111222543637, 0.000155491390615, 0.0001336587884, 0.000176360103069, 0.000143663331983, 0.000112482019176, 8.71476804605e-05, 7.807345537e-05, 3.90810964745e-05, 1.39600879265e-05, 1.23889333281e-06], "dmean2": [8.60908912728e-05, 0.0112753044814, 0.00666473852471, 0.00454560481012, 0.00142066064291, 0.000787452561781, 0.000628760608379, 0.000570223142859, 0.000515644263942, 0.000600720115472, 0.000483043055283, 0.000423307355959, 0.000444443779998, 0.000429400708526, 0.000670013134368, 0.000459117756691, 0.000245249364525, 0.000298911414575, 0.000291481555905, 0.000308183021843, 0.000320211431244, 0.000332888128469, 0.000303758162772, 0.000274344667559, 0.000166588404682, 9.31423492148e-05, 3.4711749322e-05], "dmean": [5.11467478645e-05, 0.00671888142824, 0.0038534947671, 0.00260946666822, 0.000821665511467, 0.00045903067803, 0.000385953084333, 0.000355160300387, 0.00030641342164, 0.000362642109394, 0.000303564534988, 0.000258837913861, 0.000278087303741, 0.000264368485659, 0.000431280146586, 0.000277047045529, 0.000153063592734, 0.000185665820027, 0.000180812974577, 0.000198132314836, 0.00020839725039, 0.000217523935135, 0.000196217544726, 0.000182524119737, 0.000110995104478, 6.00067796768e-05, 2.1719473807e-05], "var": [1.86896649268e-08, 0.00028668550658, 5.43524547538e-05, 5.03151895828e-05, 2.37956987803e-06, 1.44183263728e-06, 1.3901174043e-06, 1.72647162344e-06, 1.31211947973e-06, 2.23913707487e-06, 2.0004720227e-06, 8.45352872147e-07, 1.08449683012e-06, 1.66081417774e-06, 7.53798349251e-06, 1.36410426421e-06, 3.14029733772e-07, 3.42918013985e-07, 2.8676635111e-07, 2.8166004995e-07, 3.71138185074e-07, 4.72703845844e-07, 3.90106009718e-07, 3.76890312737e-07, 1.26151221025e-07, 2.80847363143e-08, 4.45896652934e-09], "dvar": [2.36753443517e-08, 0.000351300550392, 6.16215111222e-05, 5.71673881495e-05, 2.00820841201e-06, 1.43391969232e-06, 7.52471180476e-07, 1.0286022416e-06, 7.53750668991e-07, 1.11007341275e-06, 9.59207682172e-07, 4.5622982725e-07, 5.06746800966e-07, 6.0804450186e-07, 3.06580841425e-06, 7.14603856977e-07, 1.0252308158e-07, 1.21621894777e-07, 9.56112344852e-08, 1.32885602966e-07, 1.84830483363e-07, 2.23991236226e-07, 1.93994353026e-07, 1.70445815684e-07, 5.83045469682e-08, 2.25371561413e-08, 3.94570065509e-09], "mean": [4.26929000241e-05, 0.00615410320461, 0.00417001266032, 0.00262223696336, 0.00116706069093, 0.000577366561629, 0.000565913796891, 0.000543594360352, 0.000422861368861, 0.000570966280065, 0.000469632213935, 0.000398859701818, 0.000460765440948, 0.00045536464313, 0.000710034859367, 0.000463374919491, 0.000299537263345, 0.000354209594661, 0.0003553077986, 0.000375928881112, 0.000382337719202, 0.000385934283258, 0.000340018421412, 0.000313976517646, 0.000183134543477, 7.66029188526e-05, 2.04537045647e-05]}, "melbands_flatness_db": {"min": 0.00439649960026, "max": 0.607342600822, "dvar2": 0.00361522776075, "median": 0.160907283425, "dmean2": 0.0564088113606, "dmean": 0.0373256020248, "var": 0.00622489862144, "dvar": 0.00169299601112, "mean": 0.177226155996}, "melbands_skewness": {"min": -3.21989631653, "max": 24.6043815613, "dvar2": 8.29611968994, "median": 2.66904807091, "dmean2": 2.10721969604, "dmean": 1.34836876392, "var": 6.71507167816, "dvar": 3.72997331619, "mean": 3.24034547806}, "barkbands_skewness": {"min": -9.68128585815, "max": 20.6969261169, "dvar2": 4.60678863525, "median": 1.12758910656, "dmean2": 1.42006361485, "dmean": 0.906222105026, "var": 3.6260330677, "dvar": 2.05616784096, "mean": 1.52268242836}, "silence_rate_60dB": {"min": 0, "max": 1, "dvar2": 0.108611658216, "median": 0, "dmean2": 0.107392422855, "dmean": 0.0536896288395, "var": 0.102307453752, "dvar": 0.050800293684, "mean": 0.11570045352}, "spectral_energyband_low": {"min": 2.80211250589e-23, "max": 0.150445148349, "dvar2": 0.00137315981556, "median": 0.00447695329785, "dmean2": 0.0184972397983, "dmean": 0.0112394606695, "var": 0.0005201138556, "dvar": 0.000565587542951, "mean": 0.0122451810166}, "spectral_energyband_middle_low": {"min": 2.21178700148e-22, "max": 0.0925767719746, "dvar2": 0.000225160620175, "median": 0.00336621142924, "dmean2": 0.00669521093369, "dmean": 0.00394819257781, "var": 8.7570559117e-05, "dvar": 8.37182378746e-05, "mean": 0.00607322296128}, "melbands_kurtosis": {"min": -1.90637755394, "max": 951.452819824, "dvar2": 8901.04785156, "median": 8.11141681671, "dmean2": 35.5569496155, "dmean": 21.2647628784, "var": 3200.07104492, "dvar": 3544.2019043, "mean": 23.1053581238}, "spectral_decrease": {"min": -4.24771435803e-08, "max": 9.04673572791e-29, "dvar2": 9.81950340326e-17, "median": -3.19876769517e-09, "dmean2": 5.45638823013e-09, "dmean": 3.36604943918e-09, "var": 4.55404451677e-17, "dvar": 4.07433336279e-17, "mean": -5.47089529235e-09}, "erbbands_kurtosis": {"min": -1.86486434937, "max": 75.5020599365, "dvar2": 11.723815918, "median": -0.16783285141, "dmean2": 1.73848211765, "dmean": 1.05803000927, "var": 6.24156904221, "dvar": 4.48439025879, "mean": 0.343394309282}, "melbands_crest": {"min": 1.66646957397, "max": 35.3109588623, "dvar2": 30.5164680481, "median": 14.9812278748, "dmean2": 6.34130382538, "dmean": 3.87325644493, "var": 33.1879234314, "dvar": 12.6902894974, "mean": 15.4780921936}, "gfcc": {"cov": [[11463.765625, -1578.75402832, -161.765533447, 9.72583866119, -307.01272583, 373.669433594, -304.827819824, 124.458358765, -48.5075912476, 98.5647659302, -220.654067993, 13.4042463303, -269.523925781], [-1578.75402832, 1872.28771973, -472.739349365, -183.423461914, 431.113769531, -178.640762329, 236.265106201, -110.490447998, 61.6749000549, 8.34129714966, 182.942199707, -77.5664138794, 180.16708374], [-161.765533447, -472.739349365, 1134.93945312, 160.527770996, -76.9550552368, 68.9125366211, -27.7247505188, 43.1681671143, -5.29569721222, -21.3624706268, -44.8915290833, 57.2891845703, -70.7918548584], [9.72583866119, -183.423461914, 160.527770996, 414.200927734, 24.7850837708, -14.1908302307, -40.2233047485, -5.74516296387, -1.22058355808, -40.778755188, -33.0581130981, -13.5430736542, 0.776187539101], [-307.01272583, 431.113769531, -76.9550552368, 24.7850837708, 567.701049805, 12.6582050323, 164.413467407, -1.87286925316, 25.0085506439, 36.4918403625, 47.7257728577, -24.9608821869, 44.9373474121], [373.669433594, -178.640762329, 68.9125366211, -14.1908302307, 12.6582050323, 251.525268555, 37.5917053223, 37.5991668701, -1.12472808361, 16.9174499512, -8.26242637634, 14.0354738235, -34.0835418701], [-304.827819824, 236.265106201, -27.7247505188, -40.2233047485, 164.413467407, 37.5917053223, 197.613845825, 28.8334007263, 18.8860054016, 5.69416666031, 40.0130500793, 6.16637420654, 18.2252559662], [124.458358765, -110.490447998, 43.1681671143, -5.74516296387, -1.87286925316, 37.5991668701, 28.8334007263, 114.502845764, 46.8933944702, 14.2836589813, -15.0309267044, 15.9322099686, -9.85284900665], [-48.5075912476, 61.6749000549, -5.29569721222, -1.22058355808, 25.0085506439, -1.12472808361, 18.8860054016, 46.8933944702, 116.594100952, 43.1402359009, 16.2626495361, 4.04947566986, 15.7440710068], [98.5647659302, 8.34129714966, -21.3624706268, -40.778755188, 36.4918403625, 16.9174499512, 5.69416666031, 14.2836589813, 43.1402359009, 91.7311248779, 40.7939338684, 3.9648911953, -5.26301908493], [-220.654067993, 182.942199707, -44.8915290833, -33.0581130981, 47.7257728577, -8.26242637634, 40.0130500793, -15.0309267044, 16.2626495361, 40.7939338684, 99.853767395, 17.0966396332, 22.6208362579], [13.4042463303, -77.5664138794, 57.2891845703, -13.5430736542, -24.9608821869, 14.0354738235, 6.16637420654, 15.9322099686, 4.04947566986, 3.9648911953, 17.0966396332, 88.7139205933, 19.806728363], [-269.523925781, 180.16708374, -70.7918548584, 0.776187539101, 44.9373474121, -34.0835418701, 18.2252559662, -9.85284900665, 15.7440710068, -5.26301908493, 22.6208362579, 19.806728363, 95.4594573975]], "icov": [[0.000110482687887, 5.19981185789e-05, 6.44078172627e-05, -7.73640806528e-07, -2.45985411311e-05, -0.000113918446004, 0.000121148710605, -3.97393596359e-05, 3.65565319953e-05, -0.000153096654685, 0.000155189132784, -6.52625094517e-05, 0.000167542282725], [5.19981185789e-05, 0.00136668304913, 0.000176259083673, 0.000552227487788, -0.000531068537384, 0.000476128800074, -0.000733039341867, 0.000929703062866, -0.000885236484464, 0.0011487872107, -0.0016652806662, 0.00142653717194, -0.00134251918644], [6.44078172627e-05, 0.000176259083673, 0.00112325302325, -0.000368886103388, -3.3565920603e-05, -0.000133696987177, -3.61300590157e-05, -4.50368061138e-05, -0.000148092018208, 0.00015506404452, 0.000129173567984, -0.000825162045658, 0.000829069351312], [-7.73640806528e-07, 0.000552227487788, -0.000368886103388, 0.00309978774749, -0.000705186568666, 0.000215238978853, 0.000608297530562, 0.000435773952631, -0.000991191715002, 0.00204214733094, -0.000655919604469, 0.00110092142131, -0.000802479626145], [-2.45985411311e-05, -0.000531068537384, -3.3565920603e-05, -0.000705186568666, 0.00287317787297, -0.000163679156685, -0.00207079574466, 0.000120806638733, 0.000608194328379, -0.00199363031425, 0.00090986979194, 0.000430948974099, -0.000604696688242], [-0.000113918446004, 0.000476128800074, -0.000133696987177, 0.000215238978853, -0.000163679156685, 0.00501683307812, -0.00152197445277, -0.000634153548162, 0.000444861711003, -0.000669329601806, -2.9438524507e-05, -0.000211240243516, 0.000712784007192], [0.000121148710605, -0.000733039341867, -3.61300590157e-05, 0.000608297530562, -0.00207079574466, -0.00152197445277, 0.00907253753394, -0.00303511926904, -3.14351491397e-05, 0.00243234983645, -0.00250423862599, -0.000814228435047, 0.000981481163763], [-3.97393596359e-05, 0.000929703062866, -4.50368061138e-05, 0.000435773952631, 0.000120806638733, -0.000634153548162, -0.00303511926904, 0.0137246819213, -0.00593625660986, -2.50001430686e-05, 0.00263771368191, -0.0015491276281, 0.000482992094476], [3.65565319953e-05, -0.000885236484464, -0.000148092018208, -0.000991191715002, 0.000608194328379, 0.000444861711003, -3.14351491397e-05, -0.00593625660986, 0.0140482932329, -0.00711696268991, 0.00122936372645, 0.000245618313784, -0.0021136039868], [-0.000153096654685, 0.0011487872107, 0.00015506404452, 0.00204214733094, -0.00199363031425, -0.000669329601806, 0.00243234983645, -2.50001430686e-05, -0.00711696268991, 0.0203622803092, -0.00964069366455, 0.00144307827577, 0.00201204861514], [0.000155189132784, -0.0016652806662, 0.000129173567984, -0.000655919604469, 0.00090986979194, -2.9438524507e-05, -0.00250423862599, 0.00263771368191, 0.00122936372645, -0.00964069366455, 0.0188343301415, -0.00491594849154, -0.000183590076631], [-6.52625094517e-05, 0.00142653717194, -0.000825162045658, 0.00110092142131, 0.000430948974099, -0.000211240243516, -0.000814228435047, -0.0015491276281, 0.000245618313784, 0.00144307827577, -0.00491594849154, 0.0159033443779, -0.00587606383488], [0.000167542282725, -0.00134251918644, 0.000829069351312, -0.000802479626145, -0.000604696688242, 0.000712784007192, 0.000981481163763, 0.000482992094476, -0.0021136039868, 0.00201204861514, -0.000183590076631, -0.00587606383488, 0.0162277501076]], "mean": [-14.0621347427, 62.6809921265, -107.843467712, 45.5617256165, -51.8763885498, 19.7798213959, -31.5933361053, 8.10807514191, -25.1565589905, 3.0975382328, -16.8664855957, -3.99173760414, -14.1311454773]}, "melbands_spread": {"min": 0.403791159391, "max": 272.636077881, "dvar2": 623.220092773, "median": 29.8175811768, "dmean2": 19.5339031219, "dmean": 12.2465047836, "var": 640.877502441, "dvar": 262.497253418, "mean": 33.7167549133}, "spectral_energy": {"min": 1.05493186952e-20, "max": 0.169288158417, "dvar2": 0.00144189945422, "median": 0.0133851999417, "dmean2": 0.0211645402014, "dmean": 0.013224686496, "var": 0.00073233130388, "dvar": 0.000603844004218, "mean": 0.022882303223}, "mfcc": {"cov": [[9982.63867188, -1273.08190918, -204.810546875, -323.713684082, -42.6116218567, 57.2368164062, -176.679092407, 17.9316749573, 2.41751861572, 32.2554473877, 30.9258613586, -62.2284851074, 119.292831421], [-1273.08190918, 1840.38623047, -608.213745117, 59.7640838623, 71.9491882324, 43.6167831421, 211.15838623, -76.1978988647, 40.2299003601, 52.4174957275, -32.9549827576, 126.678855896, 9.31686306], [-204.810546875, -608.213745117, 1091.2421875, 26.8476600647, -14.7788219452, -8.67091655731, -104.330039978, 78.215713501, -42.5689430237, -35.9411468506, 61.9388198853, -96.5295028687, 1.18571305275], [-323.713684082, 59.7640838623, 26.8476600647, 409.744750977, 124.724487305, 9.95056819916, 19.4352169037, -4.35416030884, 24.7506942749, -6.69037055969, -48.0592727661, 29.4020290375, -24.3002662659], [-42.6116218567, 71.9491882324, -14.7788219452, 124.724487305, 236.598144531, 76.9599685669, 59.4759979248, 4.40487718582, 47.3110733032, 24.0490245819, -0.270578563213, 23.0473442078, 14.1356506348], [57.2368164062, 43.6167831421, -8.67091655731, 9.95056819916, 76.9599685669, 163.046539307, 84.9270553589, 30.0492267609, 12.756939888, 13.3847055435, 21.9307346344, 2.08149409294, 12.6297998428], [-176.679092407, 211.15838623, -104.330039978, 19.4352169037, 59.4759979248, 84.9270553589, 189.685379028, 37.1255645752, 17.9375305176, 10.6881055832, 13.8429374695, 27.6250972748, -2.0374288559], [17.9316749573, -76.1978988647, 78.215713501, -4.35416030884, 4.40487718582, 30.0492267609, 37.1255645752, 132.343551636, 43.6169319153, 1.83302295208, 19.7178058624, -18.4147548676, 17.2079296112], [2.41751861572, 40.2299003601, -42.5689430237, 24.7506942749, 47.3110733032, 12.756939888, 17.9375305176, 43.6169319153, 107.317878723, 34.6410560608, 6.76479101181, 3.84293889999, 13.2921113968], [32.2554473877, 52.4174957275, -35.9411468506, -6.69037055969, 24.0490245819, 13.3847055435, 10.6881055832, 1.83302295208, 34.6410560608, 95.4023513794, 36.2594146729, 6.63384819031, 7.68115854263], [30.9258613586, -32.9549827576, 61.9388198853, -48.0592727661, -0.270578563213, 21.9307346344, 13.8429374695, 19.7178058624, 6.76479101181, 36.2594146729, 103.113311768, 15.6487255096, 15.1339654922], [-62.2284851074, 126.678855896, -96.5295028687, 29.4020290375, 23.0473442078, 2.08149409294, 27.6250972748, -18.4147548676, 3.84293889999, 6.63384819031, 15.6487255096, 103.137367249, 29.2080612183], [119.292831421, 9.31686306, 1.18571305275, -24.3002662659, 14.1356506348, 12.6297998428, -2.0374288559, 17.2079296112, 13.2921113968, 7.68115854263, 15.1339654922, 29.2080612183, 80.4764480591]], "icov": [[0.000121682351164, 0.00010540932999, 8.62467277329e-05, 6.72981259413e-05, -2.11298374779e-05, -8.64998219186e-05, 6.98572766851e-05, 1.93575124285e-05, 1.26691429614e-05, -5.33604361408e-05, 1.87049936358e-05, 4.66811688966e-05, -0.000176070258021], [0.00010540932999, 0.000876326754224, 0.000336972705554, 1.70629232343e-06, 5.50362892682e-05, 5.99762788625e-05, -0.000770314654801, 0.000498706998769, -0.000167512553162, -0.000328043533955, 0.000261640234385, -0.000351925758878, -0.000269869720796], [8.62467277329e-05, 0.000336972705554, 0.00143777218182, -0.000317046302371, -0.000239778062678, 5.79811012358e-06, 0.000564478337765, -0.000700703007169, 0.000752974185161, 0.000449756509624, -0.00118509272579, 0.00109299796168, -0.000419573480031], [6.72981259413e-05, 1.70629232343e-06, -0.000317046302371, 0.00351642561145, -0.00186423573177, 0.000241143701714, 0.000249786447966, -0.000427359977039, -0.000239080080064, -0.000121379758639, 0.00187677366193, -0.00173661077861, 0.0016822515754], [-2.11298374779e-05, 5.50362892682e-05, -0.000239778062678, -0.00186423573177, 0.00695140799507, -0.0026318130549, -0.00108278670814, 0.00174786767457, -0.00263977586292, -0.000571783515625, 0.000276901380857, -0.00023268883524, -0.00122060556896], [-8.64998219186e-05, 5.99762788625e-05, 5.79811012358e-06, 0.000241143701714, -0.0026318130549, 0.00966401491314, -0.00376775162295, -0.000773917068727, 0.0011160915019, -0.000147469356307, -0.0013302922016, 0.00161144812591, -0.00129522802308], [6.98572766851e-05, -0.000770314654801, 0.000564478337765, 0.000249786447966, -0.00108278670814, -0.00376775162295, 0.00942136161029, -0.00334665831178, 0.000881862652022, 0.000260284228716, -0.000518103304785, -0.00202222540975, 0.00244923098944], [1.93575124285e-05, 0.000498706998769, -0.000700703007169, -0.000427359977039, 0.00174786767457, -0.000773917068727, -0.00334665831178, 0.0121592450887, -0.00568575412035, 0.00196869135834, -0.00162451225333, 0.00274289143272, -0.0030141978059], [1.26691429614e-05, -0.000167512553162, 0.000752974185161, -0.000239080080064, -0.00263977586292, 0.0011160915019, 0.000881862652022, -0.00568575412035, 0.0144623825327, -0.0046633114107, 0.000879138533492, 0.000131838067318, -0.000712866894901], [-5.33604361408e-05, -0.000328043533955, 0.000449756509624, -0.000121379758639, -0.000571783515625, -0.000147469356307, 0.000260284228716, 0.00196869135834, -0.0046633114107, 0.0147847048938, -0.00586694572121, 0.0014291718835, -0.000273301382549], [1.87049936358e-05, 0.000261640234385, -0.00118509272579, 0.00187677366193, 0.000276901380857, -0.0013302922016, -0.000518103304785, -0.00162451225333, 0.000879138533492, -0.00586694572121, 0.0146248219535, -0.00405983161181, 0.000158504379215], [4.66811688966e-05, -0.000351925758878, 0.00109299796168, -0.00173661077861, -0.00023268883524, 0.00161144812591, -0.00202222540975, 0.00274289143272, 0.000131838067318, 0.0014291718835, -0.00405983161181, 0.0150182284415, -0.00626407796517], [-0.000176070258021, -0.000269869720796, -0.000419573480031, 0.0016822515754, -0.00122060556896, -0.00129522802308, 0.00244923098944, -0.0030141978059, -0.000712866894901, -0.000273301382549, 0.000158504379215, -0.00626407796517, 0.0167440697551]], "mean": [-657.514892578, 90.8128738403, 5.96129131317, 29.3127117157, 6.81009292603, 12.844288826, 7.32294559479, 4.38429880142, 0.471209734678, 5.51957559586, -1.76778578758, 2.01342558861, -2.49987149239]}, "spectral_contrast_valleys": {"min": [-27.7938270569, -27.7115077972, -27.7894763947, -27.5132217407, -27.5817146301, -27.2963809967], "max": [-5.38658285141, -4.85230112076, -5.30744123459, -5.79180145264, -5.51131153107, -7.33016729355], "dvar2": [0.461318910122, 0.446280539036, 0.338986188173, 0.29393979907, 0.34413549304, 0.409369587898], "median": [-7.29732227325, -7.1959438324, -7.47768878937, -7.61834812164, -7.26249170303, -9.67616844177], "dmean2": [0.78090429306, 0.721151888371, 0.607804358006, 0.529529809952, 0.463485777378, 0.502477169037], "dmean": [0.486309170723, 0.45961856842, 0.397366315126, 0.354213356972, 0.317704856396, 0.400499075651], "var": [1.36336398125, 1.4297825098, 1.43680548668, 1.4245749712, 1.43303930759, 2.1769630909], "dvar": [0.212479934096, 0.204767405987, 0.16490919888, 0.147575080395, 0.166028484702, 0.244743719697], "mean": [-7.54097175598, -7.38251447678, -7.68848800659, -7.88171339035, -7.46797800064, -9.91895771027]}, "barkbands_flatness_db": {"min": 0.0187169201672, "max": 0.456581026316, "dvar2": 0.00232997722924, "median": 0.10389392823, "dmean2": 0.0441653467715, "dmean": 0.0287351310253, "var": 0.0033788040746, "dvar": 0.0010459846817, "mean": 0.116740472615}, "dynamic_complexity": 4.18715810776, "erbbands_flatness_db": {"min": 0.033700697124, "max": 0.354521691799, "dvar2": 0.000828360323794, "median": 0.127610906959, "dmean2": 0.0287833847106, "dmean": 0.0198131483048, "var": 0.00166276202071, "dvar": 0.000432927685324, "mean": 0.132087