{"lowlevel": {"spectral_complexity": {"min": 0, "max": 66, "dvar2": 73.111831665, "median": 12, "dmean2": 6.47329807281, "dmean": 4.55839967728, "var": 174.928985596, "dvar": 41.7754478455, "mean": 15.0976142883}, "silence_rate_20dB": {"min": 1, "max": 1, "dvar2": 0, "median": 1, "dmean2": 0, "dmean": 0, "var": 0, "dvar": 0, "mean": 1}, "average_loudness": 0.911786973476, "erbbands_spread": {"min": 1.68682980537, "max": 164.971817017, "dvar2": 378.431213379, "median": 49.0326576233, "dmean2": 18.4514846802, "dmean": 12.0058641434, "var": 643.083435059, "dvar": 170.711975098, "mean": 51.7670974731}, "spectral_kurtosis": {"min": -1.2065680027, "max": 30.2959518433, "dvar2": 8.77867507935, "median": 2.43819570541, "dmean2": 1.89543449879, "dmean": 1.13346362114, "var": 6.28148794174, "dvar": 3.33573246002, "mean": 3.14987277985}, "barkbands_kurtosis": {"min": -1.96644747257, "max": 543.702819824, "dvar2": 1088.86608887, "median": 0.68725669384, "dmean2": 12.035700798, "dmean": 8.05200576782, "var": 1076.21362305, "dvar": 510.550384521, "mean": 10.8791618347}, "spectral_strongpeak": {"min": 0, "max": 15.8707551956, "dvar2": 1.71469283104, "median": 0.226349949837, "dmean2": 0.557200133801, "dmean": 0.319987714291, "var": 0.732951700687, "dvar": 0.659070670605, "mean": 0.457266569138}, "spectral_spread": {"min": 1540530.25, "max": 40442476, "dvar2": 862642176000, "median": 4736000, "dmean2": 755079.9375, "dmean": 505327.21875, "var": 1830517604350.0, "dvar": 460877135872, "mean": 4807615}, "spectral_rms": {"min": 9.82916276371e-07, "max": 0.0117790326476, "dvar2": 2.38845700551e-06, "median": 0.00363393966109, "dmean2": 0.00116111093666, "dmean": 0.000839368498418, "var": 4.30302225141e-06, "dvar": 1.3015175e-06, "mean": 0.00363761978224}, "erbbands": {"min": [3.36236571918e-09, 6.88385570768e-09, 5.83212447225e-08, 1.46903090581e-07, 1.07772365254e-07, 1.06518804444e-07, 3.13894474857e-07, 4.84856002458e-07, 5.04239267229e-07, 2.20698694875e-07, 8.97095020491e-08, 3.86845641742e-07, 2.6720920232e-07, 1.45732201418e-07, 1.05790945781e-06, 3.22842112155e-07, 1.22976473449e-06, 1.02992134998e-06, 1.51248272573e-07, 2.44717085707e-07, 1.0970098856e-06, 1.92565607904e-06, 8.38862149521e-07, 1.33740854835e-06, 7.22462459635e-07, 1.03386128103e-06, 4.60606514707e-07, 5.47277920759e-07, 4.61288209408e-07, 6.61371245769e-07, 4.09858472494e-07, 3.23181609474e-07, 4.54979470987e-07, 4.40483717057e-07, 2.99650565694e-07, 1.58926155791e-07, 4.40149570125e-08, 2.18669082841e-08, 8.70623395599e-09, 1.01939756636e-09], "max": [5.13557291031, 27.3829936981, 55.7704391479, 91.5349197388, 133.034912109, 212.459243774, 265.627563477, 237.321502686, 205.735244751, 404.550628662, 373.287109375, 342.9609375, 397.628417969, 627.670654297, 446.750030518, 552.486328125, 682.021789551, 602.900878906, 856.668334961, 746.64263916, 799.024414062, 652.090881348, 736.269836426, 1192.94421387, 1782.37756348, 2092.36035156, 973.06628418, 838.445251465, 700.547790527, 339.761871338, 304.077911377, 198.331970215, 183.080780029, 69.1204071045, 38.9473381042, 11.335735321, 2.66340851784, 0.811782896519, 0.0982183367014, 0.00382938748226], "dvar2": [0.348296314478, 16.1145172119, 80.0737915039, 151.574203491, 365.156097412, 858.390625, 143.807220459, 155.767349243, 482.773406982, 643.534484863, 367.371826172, 573.011779785, 347.985809326, 676.912231445, 844.545776367, 1540.61315918, 1285.13574219, 1069.35461426, 2214.28710938, 1691.22680664, 1132.0670166, 1207.24084473, 1879.24597168, 2574.13378906, 4525.40966797, 8182.39550781, 8173.85742188, 2447.79296875, 1150.12060547, 372.947814941, 195.654129028, 75.1756896973, 60.6234169006, 15.7005167007, 4.50418329239, 0.431619167328, 0.0259602051228, 0.00162828993052, 1.66663739947e-05, 3.19768140855e-08], "median": [0.06629550457, 0.441384136677, 0.761890769005, 0.991125464439, 1.97638225555, 3.21483945847, 1.76534295082, 1.55700421333, 1.36039090157, 1.32850599289, 1.1493704319, 1.74492621422, 1.61866998672, 1.85317075253, 2.26957082748, 2.75214719772, 2.65943336487, 2.23758125305, 2.38523101807, 2.34392595291, 3.07359147072, 3.67922067642, 4.81874513626, 6.38191699982, 7.63841724396, 9.14049816132, 7.66828632355, 4.07624530792, 2.34820246696, 1.46110630035, 0.845884680748, 0.52151620388, 0.395930051804, 0.209351807833, 0.0952520594001, 0.0285977590829, 0.00670299492776, 0.00125076272525, 0.000101430821815, 2.36930063693e-05], "dmean2": [0.251403927803, 1.48297202587, 2.98349571228, 3.98521447182, 8.13897800446, 12.6518468857, 5.34471225739, 5.10768175125, 7.19326353073, 8.71301937103, 7.06621074677, 9.12488269806, 8.0153055191, 9.37290668488, 11.4379549026, 15.653011322, 13.2473630905, 11.3604478836, 13.5083189011, 12.8569345474, 11.5170125961, 13.9897356033, 16.4487915039, 20.5383377075, 24.0286846161, 34.1490745544, 32.5821838379, 18.1096076965, 12.3308515549, 7.26301336288, 4.36581087112, 2.74628615379, 2.20648908615, 1.2195930481, 0.649227201939, 0.198776528239, 0.0546499975026, 0.0118824271485, 0.00118862930685, 6.29772330285e-05], "dmean": [0.172459945083, 0.962343096733, 1.72262775898, 2.25457119942, 4.64175653458, 7.52352905273, 3.27751255035, 3.21123433113, 4.3119354248, 5.27993488312, 4.31736803055, 5.53315973282, 4.92048835754, 5.78520011902, 7.00346565247, 9.77223396301, 8.2205324173, 7.18151521683, 8.5992193222, 8.19263362885, 7.28567075729, 8.78033065796, 10.261138916, 12.8014278412, 14.82006073, 21.348323822, 20.218875885, 11.7446193695, 7.87050914764, 4.814868927, 2.88538861275, 1.81713724136, 1.435359478, 0.804404914379, 0.432698398829, 0.132576748729, 0.0366084314883, 0.00770283164456, 0.000752704625484, 4.09382264479e-05], "var": [0.259170085192, 6.90952968597, 20.1072998047, 36.2971305847, 102.862106323, 347.048400879, 116.343223572, 106.593566895, 176.375488281, 261.423522949, 201.718460083, 289.735748291, 253.558029175, 392.97946167, 558.039978027, 985.704772949, 772.098327637, 610.544006348, 1247.45751953, 1092.79284668, 514.748962402, 770.39465332, 1111.0690918, 1646.98388672, 2332.97412109, 5132.73925781, 3836.97143555, 1578.86401367, 734.442810059, 337.704071045, 141.447250366, 50.9055747986, 36.0785446167, 11.0196886063, 2.98626065254, 0.251738607883, 0.0171466190368, 0.000885775662027, 7.69629332353e-06, 1.45678713537e-08], "dvar": [0.182211369276, 6.77389621735, 28.6151485443, 52.9081459045, 130.230529785, 319.290771484, 58.3798217773, 64.6733703613, 179.271911621, 246.177124023, 142.15637207, 225.971420288, 139.321289062, 270.508453369, 346.003753662, 618.1171875, 493.779754639, 425.574645996, 906.583740234, 732.888549805, 441.792602539, 483.954315186, 726.532531738, 1079.01867676, 1814.31896973, 3380.06640625, 3215.43896484, 1062.33056641, 492.052520752, 173.618835449, 86.2476348877, 32.4439353943, 25.3336658478, 6.8881611824, 1.97074687481, 0.184581622481, 0.0115732764825, 0.00068914325675, 6.78280321154e-06, 1.29342376809e-08], "mean": [0.244627565145, 1.21878278255, 2.04104781151, 2.63795089722, 5.27415895462, 9.77965641022, 5.1406993866, 4.78544092178, 5.37408590317, 6.45693588257, 5.89503240585, 7.3791270256, 7.17131948471, 8.21640396118, 9.64452362061, 13.0703773499, 11.7115840912, 10.1780071259, 11.7978534698, 11.1718349457, 10.3703250885, 13.3111429214, 16.1558513641, 19.8244991302, 23.3694171906, 33.0332221985, 29.1999568939, 18.4490432739, 11.9538230896, 7.89546298981, 4.6344499588, 2.9222445488, 2.31580209732, 1.24359405041, 0.624508440495, 0.184513360262, 0.0493535883725, 0.00962102878839, 0.000869608251378, 5.88792026974e-05]}, "zerocrossingrate": {"min": 0.001953125, "max": 0.34765625, "dvar2": 0.000277161278063, "median": 0.06884765625, "dmean2": 0.0159915462136, "dmean": 0.0144198648632, "var": 0.00243036309257, "dvar": 0.000247486808803, "mean": 0.0760274082422}, "spectral_contrast_coeffs": {"min": [-0.96353250742, -0.95991975069, -0.959160149097, -0.954214394093, -0.957010984421, -0.96107262373], "max": [-0.32323205471, -0.377754747868, -0.445612221956, -0.477363318205, -0.531398773193, -0.575931072235], "dvar2": [0.00678595853969, 0.00385997630656, 0.00237367348745, 0.00189530348871, 0.0010801035678, 0.00090378546156], "median": [-0.695185780525, -0.768262267113, -0.810971915722, -0.806049108505, -0.796475768089, -0.743531227112], "dmean2": [0.0901913642883, 0.0770880058408, 0.060278557241, 0.0524220243096, 0.038564670831, 0.0319881699979], "dmean": [0.0558619312942, 0.0476123169065, 0.0371392443776, 0.0327859185636, 0.0243735928088, 0.0202482324094], "var": [0.00880569498986, 0.00689127389342, 0.00482076173648, 0.00389089924283, 0.00306288618594, 0.00196659378707], "dvar": [0.00271486700512, 0.0015393961221, 0.000978792086244, 0.00078836112516, 0.000503976421896, 0.000401704397518], "mean": [-0.68494874239, -0.757294297218, -0.799105525017, -0.79510062933, -0.78926974535, -0.745859622955]}, "dissonance": {"min": 0.308496326208, "max": 0.5, "dvar2": 0.000498222827446, "median": 0.483658522367, "dmean2": 0.0204607341439, "dmean": 0.0121506424621, "var": 0.000412303197663, "dvar": 0.000186444711289, "mean": 0.477536201477}, "spectral_energyband_high": {"min": 2.05950867471e-10, "max": 0.0454360432923, "dvar2": 1.39454423334e-05, "median": 0.000472130486742, "dmean2": 0.00148848327808, "dmean": 0.00100079947151, "var": 1.06291636257e-05, "dvar": 6.15158069195e-06, "mean": 0.00174568209331}, "spectral_skewness": {"min": -0.126310750842, "max": 4.44098854065, "dvar2": 0.143400460482, "median": 1.00071084499, "dmean2": 0.297952502966, "dmean": 0.187987968326, "var": 0.194060981274, "dvar": 0.0589077174664, "mean": 1.09226703644}, "spectral_flux": {"min": 6.29348505754e-05, "max": 0.34656432271, "dvar2": 0.00291651231237, "median": 0.0576355531812, "dmean2": 0.0401286967099, "dmean": 0.0264262016863, "var": 0.0031215576455, "dvar": 0.00145644892473, "mean": 0.0706584081054}, "silence_rate_30dB": {"min": 0, "max": 1, "dvar2": 0.000550335855223, "median": 1, "dmean2": 0.000367039814591, "dmean": 0.00018350307073, "var": 9.17291326914e-05, "dvar": 0.000183447104064, "mean": 0.999908268452}, "spectral_energyband_middle_high": {"min": 1.68941999279e-10, "max": 0.0557528100908, "dvar2": 1.60136987688e-05, "median": 0.00138552463613, "dmean2": 0.00213636085391, "dmean": 0.00141820451245, "var": 1.55654324772e-05, "dvar": 7.06658465788e-06, "mean": 0.00288045895286}, "barkbands_spread": {"min": 0.282691895962, "max": 109.897438049, "dvar2": 186.130187988, "median": 31.8911552429, "dmean2": 12.8450345993, "dmean": 8.37789344788, "var": 387.217559814, "dvar": 87.7646713257, "mean": 32.3017730713}, "spectral_centroid": {"min": 153.931488037, "max": 10873.3623047, "dvar2": 365974.5625, "median": 2133.42431641, "dmean2": 573.67010498, "dmean": 373.585235596, "var": 878445.0625, "dvar": 173414.390625, "mean": 2068.62670898}, "pitch_salience": {"min": 0.0345192141831, "max": 0.891503751278, "dvar2": 0.017447438091, "median": 0.539900064468, "dmean2": 0.140323624015, "dmean": 0.0893475860357, "var": 0.0240646805614, "dvar": 0.00797550566494, "mean": 0.519452869892}, "erbbands_skewness": {"min": -6.58022117615, "max": 5.78808832169, "dvar2": 0.397268861532, "median": -0.44974476099, "dmean2": 0.61837798357, "dmean": 0.408266693354, "var": 0.882136583328, "dvar": 0.186949834228, "mean": -0.403028190136}, "erbbands_crest": {"min": 2.47203230858, "max": 30.4308414459, "dvar2": 13.4014081955, "median": 7.01586341858, "dmean2": 3.8063492775, "dmean": 2.31369447708, "var": 12.4306793213, "dvar": 5.35998058319, "mean": 7.93100833893}, "melbands": {"min": [4.35556729572e-11, 2.87590264103e-11, 2.45449268549e-11, 6.34646241809e-12, 9.95914548746e-12, 8.95399292905e-12, 7.35567683152e-12, 1.84940452709e-12, 8.72995469317e-13, 2.62513708688e-12, 1.27955328624e-12, 3.70186737167e-13, 3.13336769725e-12, 1.60860972979e-12, 9.55426384709e-13, 3.33288756836e-12, 1.41554942681e-12, 1.29152764872e-13, 3.64277997957e-13, 2.6965514782e-13, 1.53172320747e-12, 2.11307989335e-12, 9.8962222965e-13, 7.38133187385e-13, 1.1785819716e-12, 5.22059121193e-13, 6.78201256005e-13, 6.49406960498e-13, 2.79218651238e-13, 2.22041203241e-13, 3.99700400815e-13, 2.28509241694e-13, 2.90424287267e-13, 4.26113300461e-13, 1.99729610021e-13, 2.59388159823e-13, 1.69110981729e-13, 2.1320772025e-13, 5.90379633202e-13, 2.80412059675e-13], "max": [0.0371926687658, 0.0268966611475, 0.0145321618766, 0.0142622031271, 0.00698377517983, 0.00493879336864, 0.00350657105446, 0.00457323854789, 0.00265209167264, 0.00217994092964, 0.00205263821408, 0.00280085997656, 0.00139229965862, 0.00108920561615, 0.00174771354068, 0.00154252373613, 0.00141376547981, 0.00135624781251, 0.00233165710233, 0.00150800659321, 0.00112056033686, 0.000763952732086, 0.000658778939396, 0.000601689971518, 0.00120607193094, 0.00102041952778, 0.00157000590116, 0.00146132777445, 0.000703151570633, 0.000830821983982, 0.000573741097469, 0.000479625916341, 0.000236429725192, 0.000224875038839, 0.000234140519751, 0.000183835756616, 8.67395065143e-05, 0.000126266604639, 0.000104664606624, 5.79274856136e-05], "dvar2": [2.29730067076e-05, 1.8649338017e-05, 4.29098281529e-06, 4.06025037591e-06, 2.31744280654e-07, 7.62546292776e-08, 1.17467308769e-07, 6.82248142425e-08, 2.34669244037e-08, 2.47884255344e-08, 8.90857965175e-09, 1.08930642284e-08, 1.03965902554e-08, 6.97446722597e-09, 1.6587922147e-08, 6.69144473164e-09, 4.36093960943e-09, 5.91799809158e-09, 7.30180982345e-09, 3.93909749263e-09, 1.86385507028e-09, 1.69026348473e-09, 1.57253787769e-09, 1.44011602643e-09, 2.12347450734e-09, 2.13342166155e-09, 3.78815689928e-09, 4.46512871122e-09, 4.3441650277e-09, 1.85389603669e-09, 7.270167246e-10, 5.14318698741e-10, 1.95343463627e-10, 1.24007290547e-10, 8.40233022048e-11, 4.80860941343e-11, 2.63920187787e-11, 3.57477311641e-11, 2.13142576505e-11, 1.04566555068e-11], "median": [0.000604577711783, 0.000559333362617, 0.000218706729356, 0.000209422025364, 8.26042232802e-05, 3.46424276358e-05, 2.00866343221e-05, 1.25992710309e-05, 7.81611925049e-06, 1.03513375507e-05, 7.31251111574e-06, 6.76503896102e-06, 6.78841843182e-06, 6.40289636067e-06, 6.92514549883e-06, 4.35938272858e-06, 3.25472501572e-06, 3.32469653586e-06, 2.95307700071e-06, 2.61589002548e-06, 3.3232433907e-06, 3.49820015799e-06, 3.66602148461e-06, 4.13981615566e-06, 4.71985549666e-06, 4.89300919071e-06, 5.68935456613e-06, 5.708216122e-06, 4.99809038956e-06, 3.05875914819e-06, 1.9423696358e-06, 1.30513922159e-06, 9.34013712595e-07, 6.98667008692e-07, 4.9255788781e-07, 3.33937975938e-07, 2.85286745338e-07, 2.82451054545e-07, 2.08625863252e-07, 1.52668505393e-07], "dmean2": [0.00201503769495, 0.00153606652748, 0.000759074871894, 0.000830005097669, 0.000236522522755, 0.000113007357868, 0.000112749148684, 9.21499595279e-05, 5.68868563278e-05, 5.97329162701e-05, 4.04798047384e-05, 3.76232346753e-05, 3.91841022065e-05, 3.47396126017e-05, 4.58417162008e-05, 2.84033230855e-05, 2.1971993192e-05, 2.20784804696e-05, 2.11880997085e-05, 1.85705175682e-05, 1.4030991224e-05, 1.60050640261e-05, 1.54903591465e-05, 1.48249027916e-05, 1.81091909326e-05, 1.72439031303e-05, 2.23586011998e-05, 2.48041360464e-05, 2.3333595891e-05, 1.56788792083e-05, 9.77127092483e-06, 7.99128702056e-06, 5.29110184289e-06, 3.90611239709e-06, 2.80717176793e-06, 1.99733085537e-06, 1.72964030298e-06, 1.71593239884e-06, 1.30416322008e-06, 1.02696799331e-06], "dmean": [0.00136696454138, 0.000949735986069, 0.000431199994637, 0.000481544353534, 0.000145130281453, 7.05924467184e-05, 6.78325086483e-05, 5.57208877581e-05, 3.47634631908e-05, 3.60828344128e-05, 2.47873704211e-05, 2.32661113841e-05, 2.3713133487e-05, 2.16310399992e-05, 2.82868368231e-05, 1.75425666384e-05, 1.37478364195e-05, 1.40110341817e-05, 1.33553439809e-05, 1.13724308903e-05, 8.79207891558e-06, 1.00144097814e-05, 9.52905702434e-06, 9.17037596082e-06, 1.11855333671e-05, 1.06235020212e-05, 1.36830176416e-05, 1.53090113599e-05, 1.42429598782e-05, 9.75021066552e-06, 6.33482886769e-06, 4.97279415868e-06, 3.4149907151e-06, 2.55541181104e-06, 1.81772850283e-06, 1.31204092213e-06, 1.11539452519e-06, 1.09704683382e-06, 8.49677803672e-07, 6.7164870643e-07], "var": [1.60884446814e-05, 6.30282693237e-06, 1.05985827759e-06, 1.29304055463e-06, 1.62947955573e-07, 5.26299359649e-08, 4.35187423875e-08, 3.0062057732e-08, 1.25711281385e-08, 1.21474021952e-08, 6.48362297184e-09, 6.49277431819e-09, 5.56701174048e-09, 5.29498489499e-09, 7.45808304004e-09, 5.11643216683e-09, 2.30578200977e-09, 3.22419335674e-09, 4.61365701199e-09, 1.90736271222e-09, 7.97041932454e-10, 9.82665948612e-10, 9.86200343611e-10, 7.88803189433e-10, 1.34077138281e-09, 1.02894526233e-09, 2.32783126108e-09, 2.50330800533e-09, 1.83262482967e-09, 9.86543291503e-10, 4.57136190013e-10, 2.81963979942e-10, 1.5435797085e-10, 9.98772661798e-11, 5.52487638972e-11, 2.95974911246e-11, 1.71018008782e-11, 2.03886109384e-11, 1.2540565808e-11, 7.34318161832e-12], "dvar": [1.17101753858e-05, 7.18228193364e-06, 1.50331311488e-06, 1.46608067553e-06, 9.23475553805e-08, 3.13038448496e-08, 4.37252936081e-08, 2.62304293841e-08, 9.11477204824e-09, 9.74237668316e-09, 3.56595930562e-09, 4.3839722963e-09, 4.08267242236e-09, 2.81662138057e-09, 6.41977981886e-09, 2.67753130778e-09, 1.73390313218e-09, 2.4645763208e-09, 3.12759529386e-09, 1.54944967967e-09, 7.11095682338e-10, 6.7197192255e-10, 6.12961292834e-10, 5.5774174168e-10, 8.99597729642e-10, 8.39157965338e-10, 1.62869362441e-09, 1.77752002006e-09, 1.67065905554e-09, 7.57085727443e-10, 3.16524306765e-10, 2.11104675407e-10, 8.7435177154e-11, 5.59355999019e-11, 3.60185874182e-11, 2.0415457519e-11, 1.11410724396e-11, 1.46843561616e-11, 8.98418145434e-12, 4.56695271878e-12], "mean": [0.00195197679568, 0.00125106004998, 0.000516463303939, 0.000589992385358, 0.000226086631301, 0.000106053572381, 8.4389692347e-05, 6.93492256687e-05, 4.61497438664e-05, 4.69486694783e-05, 3.5189827031e-05, 3.24167231156e-05, 3.07612535835e-05, 3.10542563966e-05, 3.34084979841e-05, 2.46974504989e-05, 1.79216458491e-05, 1.83581123565e-05, 1.77182646439e-05, 1.36458311317e-05, 1.21457205751e-05, 1.41383143273e-05, 1.41060136229e-05, 1.37920524139e-05, 1.62886753969e-05, 1.54177141667e-05, 2.02009268833e-05, 2.24317809625e-05, 1.96240725927e-05, 1.38901887112e-05, 9.58553209784e-06, 7.01948602e-06, 5.32762442162e-06, 3.98706515625e-06, 2.78180868918e-06, 1.97500435206e-06, 1.73397631897e-06, 1.72122156528e-06, 1.27393172988e-06, 9.84658868219e-07]}, "spectral_entropy": {"min": 5.6415514946, "max": 9.79159069061, "dvar2": 0.0602809824049, "median": 7.84329795837, "dmean2": 0.213391780853, "dmean": 0.146510049701, "var": 0.185452342033, "dvar": 0.0333398096263, "mean": 7.74574041367}, "spectral_rolloff": {"min": 43.06640625, "max": 14750.2441406, "dvar2": 2443134.25, "median": 1658.05664062, "dmean2": 1203.57800293, "dmean": 735.587097168, "var": 4026002.25, "dvar": 1203501.125, "mean": 2215.48925781}, "barkbands": {"min": [2.29620523984e-11, 3.53316126356e-11, 4.43635232716e-11, 2.69409043685e-11, 3.45982305305e-11, 3.95854807267e-11, 2.97260341342e-11, 2.70421510705e-12, 1.76783414296e-11, 3.98138856952e-12, 1.87008984687e-11, 9.92903849417e-12, 2.75275097855e-11, 1.23123160972e-11, 4.00125895958e-12, 1.41425048755e-11, 3.03826130921e-11, 1.55749978886e-11, 1.99303334253e-11, 2.03077173133e-11, 1.17836383012e-11, 1.38294176458e-11, 1.90795920729e-11, 1.78984674304e-11, 4.44550472822e-11, 2.99234977075e-11, 6.35160465889e-11], "max": [0.00639357371256, 0.110602736473, 0.0535653978586, 0.0290112737566, 0.0531624034047, 0.0360716469586, 0.0212349183857, 0.0178094655275, 0.0112031009048, 0.0176649000496, 0.0131653370336, 0.0135798202828, 0.0130712250248, 0.0176635999233, 0.0217967983335, 0.0159603971988, 0.010548199527, 0.0125494487584, 0.02920707874, 0.0389188602567, 0.023540334776, 0.0167234838009, 0.0105010066181, 0.010377782397, 0.0056380154565, 0.00170548586175, 0.00054699316388], "dvar2": [2.83032363768e-07, 0.000286318565486, 7.05351922079e-05, 1.54237368406e-05, 5.80181767873e-05, 2.13943826566e-06, 3.01218983623e-06, 9.68309905147e-07, 9.78457705969e-07, 3.85906929523e-07, 6.69233827466e-07, 9.32747070692e-07, 6.23362723218e-07, 4.72102271942e-07, 1.00851480056e-06, 5.64590379781e-07, 3.93682512367e-07, 6.68564609896e-07, 1.30395198994e-06, 3.39001871907e-06, 2.63397464551e-06, 7.04106014382e-07, 2.67269143706e-07, 1.86791723422e-07, 9.54036565304e-08, 1.09816182814e-08, 5.73769087797e-10], "median": [6.4926687628e-05, 0.00217632064596, 0.000513234292157, 0.000241729750996, 0.000896165263839, 0.000184226606507, 8.60871077748e-05, 3.58736033377e-05, 6.90648012096e-05, 4.22105076723e-05, 4.88715377287e-05, 5.95503297518e-05, 4.76958157378e-05, 3.36974262609e-05, 4.06564795412e-05, 4.07658444601e-05, 6.11974537605e-05, 9.06417844817e-05, 0.000132122426294, 0.000196336681256, 0.000142324599437, 6.06915091339e-05, 3.21480765706e-05, 2.43346858042e-05, 1.61722055054e-05, 4.5997376219e-06, 6.58601265968e-07], "dmean2": [0.000241915273364, 0.00680193211883, 0.00271302950568, 0.00139405566733, 0.00322502385825, 0.000594567449298, 0.000575017300434, 0.000351118360413, 0.000388835382182, 0.000253934354987, 0.000312081916491, 0.000385260704206, 0.000289046001853, 0.000229825687711, 0.000277554412605, 0.000234313847614, 0.000265864568064, 0.00032204008312, 0.000432623346569, 0.000734350993298, 0.000600242638029, 0.000315765762934, 0.00016522158694, 0.000128531624796, 9.58590680966e-05, 3.43526153301e-05, 7.06374839865e-06], "dmean": [0.000184194679605, 0.00461194803938, 0.00154714775272, 0.000787695287727, 0.00188384833746, 0.000367846951121, 0.000347724388121, 0.000212136117625, 0.000234852806898, 0.000158260852913, 0.000188748788787, 0.000239054628764, 0.000179467606358, 0.000144263773109, 0.000174061526195, 0.000144681151141, 0.000166569661815, 0.000199808113393, 0.000269448093604, 0.000456686830148, 0.00038480348303, 0.00020380015485, 0.000110205277451, 8.45433969516e-05, 6.45876498311e-05, 2.29659344768e-05, 4.44842544312e-06], "var": [3.61516356406e-07, 0.000174775923369, 1.65913588717e-05, 4.1505209083e-06, 1.94625481527e-05, 1.61727280101e-06, 1.16202750178e-06, 5.49789263005e-07, 4.63585962507e-07, 3.02025739529e-07, 3.42428506883e-07, 5.75902731725e-07, 4.08847654398e-07, 2.66552859784e-07, 6.39739653252e-07, 2.46142775495e-07, 2.55119829262e-07, 3.76859219386e-07, 7.1670149282e-07, 2.21195409722e-06, 1.50020605361e-06, 4.95203892115e-07, 2.07443775935e-07, 1.16650078041e-07, 6.80637199935e-08, 6.70099531419e-09, 2.62305371868e-10], "dvar": [1.76270916086e-07, 0.000137149108923, 2.47264615609e-05, 5.42080215382e-06, 2.11056540138e-05, 8.7721446107e-07, 1.13230089482e-06, 3.78843594717e-07, 3.82425099588e-07, 1.62178565688e-07, 2.58717761881e-07, 3.71615897166e-07, 2.47843502166e-07, 1.93967110818e-07, 4.21187962729e-07, 2.19862329232e-07, 1.57971641102e-07, 2.59189818053e-07, 5.21445485901e-07, 1.41272141718e-06, 1.09989184693e-06, 3.09052069269e-07, 1.20248060398e-07, 7.88573046862e-08, 4.23630908131e-08, 4.78262141002e-09, 2.33671221261e-10], "mean": [0.000288824172458, 0.00643692025915, 0.00174327916466, 0.000903058971744, 0.00240956596099, 0.000555992126465, 0.00042253738502, 0.000272372795735, 0.000302719068713, 0.000225645111641, 0.000242239621002, 0.000312989315717, 0.000244798255153, 0.000189962433069, 0.000231294266996, 0.000177640133188, 0.000241073750658, 0.000305949972244, 0.000411250948673, 0.000715058471542, 0.000574963109102, 0.000315173791023, 0.000177548790816, 0.00013882778876, 9.74166177912e-05, 3.14604585583e-05, 5.09566916662e-06]}, "melbands_flatness_db": {"min": 0.0223017502576, "max": 0.58476126194, "dvar2": 0.00305641046725, "median": 0.187778770924, "dmean2": 0.0519862994552, "dmean": 0.036328330636, "var": 0.00976265687495, "dvar": 0.00164098653477, "mean": 0.20511174202}, "melbands_skewness": {"min": -3.90815877914, "max": 29.3374080658, "dvar2": 5.82385826111, "median": 3.06034708023, "dmean2": 1.91433596611, "dmean": 1.312063694, "var": 11.7849931717, "dvar": 3.13585686684, "mean": 3.96413373947}, "barkbands_skewness": {"min": -6.76482343674, "max": 20.4906635284, "dvar2": 2.93787646294, "median": 1.3069075346, "dmean2": 1.30641591549, "dmean": 0.913504481316, "var": 5.95274591446, "dvar": 1.52004480362, "mean": 1.94122207165}, "silence_rate_60dB": {"min": 0, "max": 1, "dvar2": 0.0917326584458, "median": 0, "dmean2": 0.0899247601628, "dmean": 0.0449582524598, "var": 0.149715006351, "dvar": 0.0429316982627, "mean": 0.183302745223}, "spectral_energyband_low": {"min": 3.33719940571e-10, "max": 0.128306001425, "dvar2": 0.000292923679808, "median": 0.00416058860719, "dmean2": 0.00754449190572, "dmean": 0.00536913145334, "var": 0.000245549832471, "dvar": 0.000153998873429, "mean": 0.00891556125134}, "spectral_energyband_middle_low": {"min": 1.93711491292e-10, "max": 0.06847358495, "dvar2": 0.000113094698463, "median": 0.00278810365126, "dmean2": 0.00524689257145, "dmean": 0.00315807689913, "var": 4.56999150629e-05, "dvar": 4.27319173468e-05, "mean": 0.00494078360498}, "melbands_kurtosis": {"min": -1.93445289135, "max": 1396.90283203, "dvar2": 6987.66064453, "median": 10.0572624207, "dmean2": 34.1613960266, "dmean": 22.768579483, "var": 7711.60888672, "dvar": 3468.77246094, "mean": 37.3165092468}, "spectral_decrease": {"min": -3.66814099095e-08, "max": -1.89507713611e-16, "dvar2": 2.62541617401e-17, "median": -3.22489546178e-09, "dmean2": 2.96855273696e-09, "dmean": 2.06922656787e-09, "var": 2.30790256501e-17, "dvar": 1.32372679451e-17, "mean": -4.31585123195e-09}, "erbbands_kurtosis": {"min": -1.86741030216, "max": 79.9787597656, "dvar2": 13.6502408981, "median": -0.312628388405, "dmean2": 1.85175049305, "dmean": 1.17487776279, "var": 11.814614296, "dvar": 5.99919843674, "mean": 0.554782390594}, "melbands_crest": {"min": 2.61080622673, "max": 36.9323005676, "dvar2": 32.3058242798, "median": 15.780465126, "dmean2": 6.59085226059, "dmean": 4.20270872116, "var": 46.001750946, "dvar": 13.9366617203, "mean": 16.749458313}, "gfcc": {"cov": [[16806.5136719, -1027.27539062, -1007.78051758, 271.65447998, -988.902038574, -126.736984253, -644.297058105, 119.444526672, -48.6751060486, 137.835800171, -318.580169678, -148.233306885, -118.76146698], [-1027.27539062, 1760.24755859, -103.89225769, -323.504730225, 363.670776367, 36.8635253906, 316.393737793, -82.7100753784, 43.7121086121, -147.362228394, 50.4724464417, -54.8881416321, 76.1923522949], [-1007.78051758, -103.89225769, 1187.36328125, 310.660888672, 22.1911373138, 93.0743560791, 26.5487632751, 40.5298080444, -7.2170624733, 11.1836919785, -10.6578168869, 23.576499939, -37.1561126709], [271.65447998, -323.504730225, 310.660888672, 493.700164795, 51.1058921814, 25.392162323, -37.4328231812, 41.0745201111, 15.398103714, 16.4157428741, -11.3681688309, 11.0687856674, -14.1761112213], [-988.902038574, 363.670776367, 22.1911373138, 51.1058921814, 484.849945068, 109.107948303, 145.004699707, 30.1698036194, 70.4113693237, -20.8266868591, 16.0214157104, 14.580616951, 33.3113365173], [-126.736984253, 36.8635253906, 93.0743560791, 25.392162323, 109.107948303, 231.350830078, 120.078414917, 6.24419021606, 22.4256477356, 15.7905187607, 19.1195278168, -6.30538845062, -1.51780748367], [-644.297058105, 316.393737793, 26.5487632751, -37.4328231812, 145.004699707, 120.078414917, 246.430252075, 11.6481361389, 24.662065506, -24.7932605743, 32.9670028687, 4.2619562149, 20.2675247192], [119.444526672, -82.7100753784, 40.5298080444, 41.0745201111, 30.1698036194, 6.24419021606, 11.6481361389, 122.073677063, 45.5150032043, 18.1062259674, 4.78674221039, 17.9031658173, 8.77448368073], [-48.6751060486, 43.7121086121, -7.2170624733, 15.398103714, 70.4113693237, 22.4256477356, 24.662065506, 45.5150032043, 129.598693848, 35.3470077515, -12.1817436218, 1.25677871704, 14.3161687851], [137.835800171, -147.362228394, 11.1836919785, 16.4157428741, -20.8266868591, 15.7905187607, -24.7932605743, 18.1062259674, 35.3470077515, 111.28163147, 22.7260341644, -1.5407242775, -11.5872831345], [-318.580169678, 50.4724464417, -10.6578168869, -11.3681688309, 16.0214157104, 19.1195278168, 32.9670028687, 4.78674221039, -12.1817436218, 22.7260341644, 108.635704041, 25.7580909729, 3.96208643913], [-148.233306885, -54.8881416321, 23.576499939, 11.0687856674, 14.580616951, -6.30538845062, 4.2619562149, 17.9031658173, 1.25677871704, -1.5407242775, 25.7580909729, 91.0289077759, 26.0651473999], [-118.76146698, 76.1923522949, -37.1561126709, -14.1761112213, 33.3113365173, -1.51780748367, 20.2675247192, 8.77448368073, 14.3161687851, -11.5872831345, 3.96208643913, 26.0651473999, 80.9450378418]], "icov": [[9.57439187914e-05, -9.55712748691e-05, 0.000141676995554, -0.000165023637237, 0.000234105827985, -0.000227572803851, 0.000241009605816, -0.000249004573561, 0.000112790279672, -0.000157147384016, 0.000320417690091, -5.52176315978e-05, 9.22575054574e-05], [-9.55712748691e-05, 0.00142359710298, -0.000361517537385, 0.000944442523178, -0.000973454851191, 0.00105329405051, -0.00143512955401, 0.00120318401605, -0.000907920999452, 0.00153035367839, -0.00125472934451, 0.00137286039535, -0.000832519785035], [0.000141676995554, -0.000361517537385, 0.0013205842115, -0.00101654208265, 0.000571233569644, -0.000833128404338, 0.000371438480215, -0.000722326571122, 0.000531882338692, -0.000496638414916, 0.000892806914635, -0.000707617262378, 0.000729904975742], [-0.000165023637237, 0.000944442523178, -0.00101654208265, 0.00335634546354, -0.00125340069644, 0.000629906251561, -0.000297306920402, 0.00037153006997, -0.000664146966301, 0.000990852713585, -0.000969265121967, 0.000751107814722, -0.000383253180189], [0.000234105827985, -0.000973454851191, 0.000571233569644, -0.00125340069644, 0.0038642550353, -0.00169427797664, 0.000123724952573, -0.00114563084207, -0.000664149934892, -0.000273523852229, 0.00103029224556, -0.00104456348345, 0.000137895389344], [-0.000227572803851, 0.00105329405051, -0.000833128404338, 0.000629906251561, -0.00169427797664, 0.00754387676716, -0.00432280311361, 0.00161316862796, -0.000683193386067, -0.000455861270893, -0.00134526297916, 0.00152874051128, -0.000222097587539], [0.000241009605816, -0.00143512955401, 0.000371438480215, -0.000297306920402, 0.000123724952573, -0.00432280311361, 0.00869485642761, -0.00188420584891, 7.71258783061e-05, 0.000742252042983, -0.000396742194425, -0.000789050245658, 8.42221270432e-05], [-0.000249004573561, 0.00120318401605, -0.000722326571122, 0.00037153006997, -0.00114563084207, 0.00161316862796, -0.00188420584891, 0.0113996323198, -0.00417075306177, 0.000799817498773, -0.00183934892993, -0.000544777198229, -0.000909012043849], [0.000112790279672, -0.000907920999452, 0.000531882338692, -0.000664146966301, -0.000664149934892, -0.000683193386067, 7.71258783061e-05, -0.00417075306177, 0.012031475082, -0.00533397309482, 0.0037502439227, -0.00056108267745, -0.00105313071981], [-0.000157147384016, 0.00153035367839, -0.000496638414916, 0.000990852713585, -0.000273523852229, -0.000455861270893, 0.000742252042983, 0.000799817498773, -0.00533397309482, 0.0140358535573, -0.00531935552135, 0.00213035428897, 0.000632949639112], [0.000320417690091, -0.00125472934451, 0.000892806914635, -0.000969265121967, 0.00103029224556, -0.00134526297916, -0.000396742194425, -0.00183934892993, 0.0037502439227, -0.00531935552135, 0.0135656166822, -0.00452395481989, 0.00110875652172], [-5.52176315978e-05, 0.00137286039535, -0.000707617262378, 0.000751107814722, -0.00104456348345, 0.00152874051128, -0.000789050245658, -0.000544777198229, -0.00056108267745, 0.00213035428897, -0.00452395481989, 0.0150047075003, -0.00505742430687], [9.22575054574e-05, -0.000832519785035, 0.000729904975742, -0.000383253180189, 0.000137895389344, -0.000222097587539, 8.42221270432e-05, -0.000909012043849, -0.00105313071981, 0.000632949639112, 0.00110875652172, -0.00505742430687, 0.0154086621478]], "mean": [-53.1836013794, 67.1359405518, -101.196304321, 58.7390136719, -50.0468330383, 13.6790809631, -23.5582008362, 6.64487838745, -30.5945415497, 5.66375303268, -11.712474823, 1.6283557415, -6.58131742477]}, "melbands_spread": {"min": 0.2845903337, "max": 252.907775879, "dvar2": 688.008972168, "median": 26.3107471466, "dmean2": 19.6082687378, "dmean": 12.7273378372, "var": 1035.53503418, "dvar": 313.568145752, "mean": 34.261428833}, "spectral_energy": {"min": 9.90277526647e-10, "max": 0.142214253545, "dvar2": 0.000420933880378, "median": 0.0135356541723, "dmean2": 0.0120042534545, "dmean": 0.00841663312167, "var": 0.00036962601007, "dvar": 0.000208765442949, "mean": 0.0179736763239}, "mfcc": {"cov": [[14389.8623047, -802.46887207, -522.458496094, 64.1659851074, -439.155761719, -306.940032959, -546.114990234, -319.590423584, -108.752922058, 20.4586296082, -90.88697052, -83.6271133423, -175.997253418], [-802.46887207, 1886.81494141, -284.338653564, -115.147636414, -7.58442020416, 118.39641571, 199.1065979, 128.330535889, 73.2704696655, -21.2454299927, -39.7727813721, 17.0263996124, 12.4866847992], [-522.458496094, -284.338653564, 1014.77270508, 204.260986328, 58.1212997437, 46.8800430298, 33.7462539673, 12.7668380737, -8.18271636963, 3.29616641998, 24.255947113, 15.3489866257, 5.7266087532], [64.1659851074, -115.147636414, 204.260986328, 399.633911133, 149.274810791, 24.6852092743, 15.6806974411, 33.7519073486, 33.360748291, -18.9138298035, 4.42952728271, 31.0534648895, 8.47117042542], [-439.155761719, -7.58442020416, 58.1212997437, 149.274810791, 292.444366455, 72.4724807739, 36.1314468384, 50.9975395203, 59.005027771, 21.4559555054, 21.5664215088, 28.4138031006, 14.4023694992], [-306.940032959, 118.39641571, 46.8800430298, 24.6852092743, 72.4724807739, 237.282623291, 100.032035828, 61.4710769653, 48.7235107422, 39.3388061523, 24.7564735413, 14.5725698471, 14.8955564499], [-546.114990234, 199.1065979, 33.7462539673, 15.6806974411, 36.1314468384, 100.032035828, 206.59375, 80.6059188843, 1.14102089405, 12.4554100037, 13.959851265, 13.4897565842, 18.6436004639], [-319.590423584, 128.330535889, 12.7668380737, 33.7519073486, 50.9975395203, 61.4710769653, 80.6059188843, 158.253707886, 61.6002082825, -5.83145713806, -0.0419603995979, 25.7160453796, 21.1163463593], [-108.752922058, 73.2704696655, -8.18271636963, 33.360748291, 59.005027771, 48.7235107422, 1.14102089405, 61.6002082825, 139.181518555, 35.8235244751, -2.66405534744, 14.981089592, 10.5299377441], [20.4586296082, -21.2454299927, 3.29616641998, -18.9138298035, 21.4559555054, 39.3388061523, 12.4554100037, -5.83145713806, 35.8235244751, 128.14515686, 43.6747207642, -15.4937982559, 2.79034972191], [-90.88697052, -39.7727813721, 24.255947113, 4.42952728271, 21.5664215088, 24.7564735413, 13.959851265, -0.0419603995979, -2.66405534744, 43.6747207642, 97.2934341431, 27.3497962952, 1.92870676517], [-83.6271133423, 17.0263996124, 15.3489866257, 31.0534648895, 28.4138031006, 14.5725698471, 13.4897565842, 25.7160453796, 14.981089592, -15.4937982559, 27.3497962952, 102.858734131, 30.2440299988], [-175.997253418, 12.4866847992, 5.7266087532, 8.47117042542, 14.4023694992, 14.8955564499, 18.6436004639, 21.1163463593, 10.5299377441, 2.79034972191, 1.92870676517, 30.2440299988, 80.3145446777]], "icov": [[8.69656869327e-05, 1.91534163605e-05, 5.73388715566e-05, -0.000108652551717, 0.00014676641149, -3.08808594127e-05, 0.000186046876479, 1.27114608404e-05, 5.88672810409e-05, -0.000123835299746, 0.000102297010017, -7.00078526279e-05, 0.000148335646372], [1.91534163605e-05, 0.000672623689752, 0.000181035517016, 0.000141471115057, 9.67917585513e-05, -9.85900915111e-05, -0.000606989488006, -8.68845381774e-05, -0.000369155692169, 0.000190565275261, 0.000263957685092, -0.000108964886749, 0.000150713967741], [5.73388715566e-05, 0.000181035517016, 0.00120222894475, -0.000658501172438, 0.000231584635912, -0.000234847844695, -8.92695679795e-05, -1.06473789856e-05, 0.000189779049833, -0.000105071478174, -6.00442290306e-05, -3.75138188247e-05, 0.000101123572676], [-0.000108652551717, 0.000141471115057, -0.000658501172438, 0.00371632166207, -0.00184982828796, 0.000264360656729, -0.000418326759245, -3.63872713933e-05, -0.000596753379796, 0.0010058801854, -1.66798199643e-05, -0.000342412560713, -4.31173866673e-05], [0.00014676641149, 9.67917585513e-05, 0.000231584635912, -0.00184982828796, 0.00511387968436, -0.000889297632966, 0.000157364222105, -0.000360383710358, -0.00100310635753, -0.000550075259525, -0.000379850884201, -0.000462569616502, 0.000125217426103], [-3.08808594127e-05, -9.85900915111e-05, -0.000234847844695, 0.000264360656729, -0.000889297632966, 0.00620094081387, -0.0026044473052, -0.000241756584728, -0.00151764054317, -0.000796296691988, -0.000726958038285, 5.81226995564e-05, -0.000163716264069], [0.000186046876479, -0.000606989488006, -8.92695679795e-05, -0.000418326759245, 0.000157364222105, -0.0026044473052, 0.00882696826011, -0.00391355482861, 0.00348780304193, -0.00147553940769, 0.000124074562336, -0.000114229354949, -0.000378684722818], [1.27114608404e-05, -8.68845381774e-05, -1.06473789856e-05, -3.63872713933e-05, -0.000360383710358, -0.000241756584728, -0.00391355482861, 0.0108849266544, -0.00499433605, 0.0024753366597, -0.000389439199353, -0.000533608952537, -0.0010188909946], [5.88672810409e-05, -0.000369155692169, 0.000189779049833, -0.000596753379796, -0.00100310635753, -0.00151764054317, 0.00348780304193, -0.00499433605, 0.0121619850397, -0.00473588705063, 0.00295912381262, -0.00184314826038, 0.000393643946154], [-0.000123835299746, 0.000190565275261, -0.000105071478174, 0.0010058801854, -0.000550075259525, -0.000796296691988, -0.00147553940769, 0.0024753366597, -0.00473588705063, 0.0126951634884, -0.00651219114661, 0.00426153233275, -0.00173009338323], [0.000102297010017, 0.000263957685092, -6.00442290306e-05, -1.66798199643e-05, -0.000379850884201, -0.000726958038285, 0.000124074562336, -0.000389439199353, 0.00295912381262, -0.00651219114661, 0.0153319109231, -0.00576567230746, 0.002106978558], [-7.00078526279e-05, -0.000108964886749, -3.75138188247e-05, -0.000342412560713, -0.000462569616502, 5.81226995564e-05, -0.000114229354949, -0.000533608952537, -0.00184314826038, 0.00426153233275, -0.00576567230746, 0.0139369247481, -0.00487486645579], [0.000148335646372, 0.000150713967741, 0.000101123572676, -4.31173866673e-05, 0.000125217426103, -0.000163716264069, -0.000378684722818, -0.0010188909946, 0.000393643946154, -0.00173009338323, 0.002106978558, -0.00487486645579, 0.0149073349312]], "mean": [-695.609558105, 89.9104309082, 11.0992736816, 46.58436203, 2.10365509987, 14.352845192, 15.614985466, 3.08749675751, 0.0665447711945, -0.200067102909, -2.58653616905, 1.49685013294, 0.444258749485]}, "spectral_contrast_valleys": {"min": [-27.1995029449, -27.3001976013, -27.5358104706, -27.2762851715, -27.258813858, -27.1940937042], "max": [-5.18135166168, -4.89522027969, -5.49667263031, -5.531727314, -5.30074739456, -7.12622833252], "dvar2": [0.295574307442, 0.478335380554, 0.376189261675, 0.402140557766, 0.43531447649, 0.497623592615], "median": [-7.23228645325, -7.65742397308, -7.97605228424, -8.24026489258, -7.43922662735, -10.0558805466], "dmean2": [0.632739305496, 0.716635465622, 0.63843280077, 0.583563327789, 0.491169840097, 0.476969450712], "dmean": [0.402563542128, 0.462511062622, 0.419405281544, 0.397770881653, 0.34838077426, 0.365327686071], "var": [1.63579523563, 1.85170435905, 1.71259403229, 1.8335776329, 1.89905261993, 2.1887140274], "dvar": [0.141407087445, 0.244420677423, 0.199018314481, 0.222402364016, 0.23566454649, 0.279853194952], "mean": [-7.51366233826, -7.83721065521, -8.17787075043, -8.49245452881, -7.72896575928, -10.3299064636]}, "barkbands_flatness_db": {"min": 0.0129312193021, "max": 0.447777241468, "dvar2": 0.00189053919166, "median": 0.122435875237, "dmean2": 0.04001269117, "dmean": 0.0275292936713, "var": 0.00527663435787, "dvar": 0.000998530769721, "mean": 0.138573169708}, "dynamic_complexity": 5.52643537521, "erbbands_flatness_db": {"min": 0.0339757688344, "max": 0.442757457495, "dvar2": 0.000685727573, "median": 0.127481505275, "dmean2": 0.0243399050087, "dmean": 0.0164672918618, "var": 0.00185062212404, "