{"lowlevel": {"spectral_complexity": {"min": 0, "max": 60, "dvar2": 96.7201080322, "median": 13, "dmean2": 7.5413775444, "dmean": 5.05840921402, "var": 158.670455933, "dvar": 46.6819610596, "mean": 15.9452209473}, "silence_rate_20dB": {"min": 1, "max": 1, "dvar2": 0, "median": 1, "dmean2": 0, "dmean": 0, "var": 0, "dvar": 0, "mean": 1}, "average_loudness": 0.884116113186, "erbbands_spread": {"min": 1.85751748085, "max": 186.21875, "dvar2": 383.4921875, "median": 29.9650726318, "dmean2": 16.5115451813, "dmean": 11.1656560898, "var": 476.453979492, "dvar": 181.642715454, "mean": 35.6529884338}, "spectral_kurtosis": {"min": -1.39958429337, "max": 142.189529419, "dvar2": 24.0329208374, "median": 4.56595373154, "dmean2": 3.16034126282, "dmean": 1.97727251053, "var": 29.9210605621, "dvar": 11.1211061478, "mean": 5.32331752777}, "barkbands_kurtosis": {"min": -1.96459567547, "max": 1019.17822266, "dvar2": 2093.14379883, "median": 0.6634349823, "dmean2": 9.16909408569, "dmean": 5.48049592972, "var": 630.569580078, "dvar": 773.424072266, "mean": 4.93766498566}, "spectral_strongpeak": {"min": 0, "max": 9.86075401306, "dvar2": 1.24528241158, "median": 0.482108920813, "dmean2": 0.826947927475, "dmean": 0.501073777676, "var": 0.871207237244, "dvar": 0.50321918726, "mean": 0.803040146828}, "spectral_spread": {"min": 484935.71875, "max": 42474008, "dvar2": 1559752343550.0, "median": 3997104.5, "dmean2": 957100.625, "dmean": 675688.9375, "var": 5879738400770.0, "dvar": 938090496000, "mean": 4614638}, "spectral_rms": {"min": 3.18375707742e-12, "max": 0.0128100672737, "dvar2": 4.30581167166e-06, "median": 0.0029015163891, "dmean2": 0.00160199066158, "dmean": 0.0011103162542, "var": 6.73804379403e-06, "dvar": 2.41384032051e-06, "mean": 0.00347570469603}, "erbbands": {"min": [3.77936128389e-23, 4.6115490806e-22, 2.17726478219e-21, 6.75977408795e-21, 1.08409095547e-20, 2.75855783934e-20, 4.83599997578e-20, 1.09436279384e-19, 9.7156899513e-20, 2.47098856401e-19, 4.03552779736e-19, 5.54486978542e-19, 7.46380214452e-19, 8.90763194505e-19, 1.84132513665e-18, 1.75604715819e-18, 2.08540462872e-18, 2.10873401712e-18, 2.914934641e-18, 3.73120991116e-18, 5.16989992156e-18, 5.23492169438e-18, 7.47090752258e-18, 8.0160261637e-18, 9.13789317819e-18, 1.04112674209e-17, 1.10289132581e-17, 1.38400021974e-17, 1.3484488242e-17, 1.30695289518e-17, 1.16659986669e-17, 1.06714057973e-17, 1.05525821295e-17, 9.34599858542e-18, 7.76779753368e-18, 4.60150855391e-18, 2.37423521231e-18, 1.04259705563e-18, 2.69319460894e-19, 3.22633623055e-20], "max": [2.56287360191, 25.1127548218, 93.467590332, 79.5475845337, 79.4509506226, 311.777709961, 541.348937988, 317.673858643, 424.985290527, 789.174987793, 1299.10009766, 978.457397461, 1308.83312988, 941.928100586, 1363.83947754, 953.489318848, 3171.51269531, 1202.2565918, 1703.26379395, 1304.76965332, 1405.66003418, 846.036437988, 514.855895996, 469.786743164, 492.856536865, 486.673309326, 246.457092285, 350.716766357, 243.293014526, 197.449127197, 282.948883057, 241.162734985, 128.126785278, 69.234703064, 33.9891815186, 17.8997516632, 5.13904953003, 0.761222183704, 0.0635147690773, 0.00256898091175], "dvar2": [0.193554237485, 27.0209827423, 283.099060059, 135.309753418, 108.230651855, 2458.73217773, 5206.84863281, 1044.81945801, 1033.80895996, 2037.57653809, 4364.92285156, 3624.95288086, 5115.01269531, 2704.58178711, 2669.75439453, 5377.99951172, 9230.63769531, 4042.41821289, 5425.27148438, 3509.38574219, 3799.53320312, 1773.91650391, 1159.31201172, 1748.5682373, 1098.77905273, 1185.3326416, 1420.51782227, 5600.28173828, 3438.6706543, 294.201904297, 299.608306885, 305.379302979, 245.359924316, 76.1188278198, 40.2697486877, 8.23633098602, 0.816556036472, 0.0151219954714, 0.000116847942991, 1.61385287356e-07], "median": [0.000842031731736, 0.0170017052442, 0.0937994346023, 0.304216712713, 0.59455883503, 0.907296895981, 1.48885548115, 2.23450303078, 2.72218990326, 4.11627912521, 6.62495040894, 4.82655668259, 3.75263285637, 4.575507164, 5.63536262512, 6.46774339676, 6.53891277313, 5.03451061249, 7.10180282593, 6.95614004135, 5.28252220154, 6.95690488815, 6.2471241951, 4.34412813187, 3.89424276352, 3.36136746407, 2.57960867882, 1.78107225895, 1.05552208424, 0.616097569466, 0.376465499401, 0.278889715672, 0.209995031357, 0.144897207618, 0.0697452798486, 0.0318125672638, 0.00655327597633, 0.00108308834024, 7.72836283431e-05, 1.95027860173e-05], "dmean2": [0.146769151092, 2.00463223457, 5.67662382126, 4.10987663269, 4.30185651779, 15.0406932831, 20.8366127014, 12.1409864426, 12.7798910141, 19.0347671509, 30.6152610779, 24.5635757446, 24.0932483673, 21.9412097931, 21.9806461334, 32.8105392456, 29.2280330658, 21.8665828705, 28.4338912964, 20.9422473907, 19.4907836914, 20.2482433319, 17.4244384766, 19.5680942535, 17.0369682312, 15.3754224777, 15.5197324753, 25.4592018127, 20.1083297729, 6.78392601013, 5.20783901215, 4.90421104431, 4.42524719238, 2.62746810913, 1.76708841324, 0.798502624035, 0.245871275663, 0.0362477526069, 0.00299785565585, 0.000123705351143], "dmean": [0.109147317708, 1.17786407471, 3.28391313553, 2.30498743057, 2.47959828377, 8.88832187653, 12.5905342102, 7.36100149155, 7.9104886055, 11.880853653, 19.5159435272, 15.7502250671, 16.2396011353, 13.7757062912, 13.7295122147, 19.9736747742, 18.3228530884, 14.5036087036, 18.1210575104, 13.437959671, 12.7816772461, 12.7198410034, 10.71367836, 11.8446435928, 10.3550634384, 9.30472373962, 9.0085849762, 14.0080661774, 10.9960727692, 4.15137147903, 3.24015069008, 3.11238336563, 2.78828811646, 1.71484780312, 1.14209711552, 0.534743070602, 0.163040965796, 0.024964435026, 0.00205907854252, 8.4914456238e-05], "var": [0.12907153368, 13.3721370697, 85.2155227661, 32.5497322083, 30.6321125031, 747.096130371, 1799.00012207, 371.001617432, 555.494262695, 1259.51599121, 2835.20776367, 2618.34741211, 5284.36279297, 2093.81103516, 2635.45507812, 2657.55126953, 4532.42724609, 4037.92822266, 3839.6472168, 2671.92700195, 2558.18896484, 1374.99084473, 739.318969727, 833.432922363, 552.635070801, 477.315063477, 397.698364258, 1169.51965332, 692.778564453, 119.094993591, 108.843040466, 119.467277527, 95.7423171997, 38.4400444031, 17.3449382782, 3.83119440079, 0.368025243282, 0.00865137856454, 6.02386862738e-05, 8.72112693173e-08], "dvar": [0.101111955941, 11.369055748, 105.961128235, 47.8872261047, 39.0119857788, 966.779541016, 2141.24169922, 397.642181396, 417.600158691, 849.404174805, 1913.2019043, 1561.7689209, 2417.59472656, 1158.78308105, 1203.19287109, 2112.24389648, 3703.49389648, 1905.31604004, 2361.37084961, 1507.60559082, 1615.44433594, 770.521179199, 479.519897461, 692.917724609, 443.216949463, 461.401031494, 512.72454834, 1952.74072266, 1194.39648438, 124.114295959, 123.818077087, 129.625076294, 104.822746277, 36.2476921082, 17.9508113861, 3.74164938927, 0.369698047638, 0.00749694462866, 5.59229083592e-05, 7.88101175431e-08], "mean": [0.106456078589, 1.1832280159, 2.77070045471, 2.12147903442, 2.60553717613, 8.1561498642, 11.7283983231, 8.73800849915, 10.1063861847, 15.6982107162, 25.7202167511, 21.9594554901, 24.6527500153, 19.3870582581, 20.7371082306, 25.8826007843, 23.3395347595, 22.8845081329, 27.7059516907, 21.5477218628, 19.120721817, 19.5684909821, 15.2598524094, 14.6780586243, 12.5282621384, 10.7412662506, 9.06588840485, 10.8502883911, 7.99104213715, 3.917542696, 2.97129535675, 2.83915567398, 2.50837492943, 1.68657505512, 1.05101633072, 0.5100877285, 0.149225950241, 0.0245871637017, 0.00188048323616, 9.26505890675e-05]}, "zerocrossingrate": {"min": 0.0029296875, "max": 0.52392578125, "dvar2": 0.000556287530344, "median": 0.06884765625, "dmean2": 0.0179636422545, "dmean": 0.0161259230226, "var": 0.00327367545106, "dvar": 0.000472546322271, "mean": 0.0789490640163}, "spectral_contrast_coeffs": {"min": [-0.973800420761, -0.976537644863, -0.982066035271, -0.970361828804, -0.978491187096, -0.96332103014], "max": [-0.291808098555, -0.380514830351, -0.432718396187, -0.42181789875, -0.572517871857, -0.558893442154], "dvar2": [0.00710842432454, 0.00481068529189, 0.00319238519296, 0.0024668017868, 0.00125789223239, 0.00332277012058], "median": [-0.629365265369, -0.758063137531, -0.798157989979, -0.792408466339, -0.797336578369, -0.7610886693], "dmean2": [0.101105153561, 0.0839289650321, 0.0671992972493, 0.0581983700395, 0.0408626645803, 0.0456862226129], "dmean": [0.0623851530254, 0.0535933785141, 0.043678842485, 0.0375110208988, 0.0264008641243, 0.0282697603106], "var": [0.0100373215973, 0.00768490741029, 0.00613303482533, 0.0040741157718, 0.00232696952298, 0.00294520216994], "dvar": [0.00300637981854, 0.00214442703873, 0.0015199148329, 0.00105856312439, 0.000569903291762, 0.00133166357409], "mean": [-0.630454719067, -0.747502267361, -0.781361937523, -0.782822072506, -0.793217539787, -0.756986320019]}, "dissonance": {"min": 0.24379105866, "max": 0.500000119209, "dvar2": 0.00110429897904, "median": 0.476843088865, "dmean2": 0.0302591826767, "dmean": 0.0184874478728, "var": 0.000987901468761, "dvar": 0.000440826610429, "mean": 0.46759852767}, "spectral_energyband_high": {"min": 7.35333514639e-21, "max": 0.0366691127419, "dvar2": 2.1345596906e-05, "median": 0.000216029467992, "dmean2": 0.00193106243387, "dmean": 0.00116395205259, "var": 7.70684710005e-06, "dvar": 8.69520135893e-06, "mean": 0.00107828050386}, "spectral_skewness": {"min": -0.630860328674, "max": 10.0200176239, "dvar2": 0.324490070343, "median": 1.57781600952, "dmean2": 0.479680418968, "dmean": 0.302718013525, "var": 0.374883025885, "dvar": 0.141939654946, "mean": 1.5957505703}, "spectral_flux": {"min": 6.53686965668e-11, "max": 0.335540056229, "dvar2": 0.00484164943919, "median": 0.063162304461, "dmean2": 0.0565062910318, "dmean": 0.0357581190765, "var": 0.00498094270006, "dvar": 0.00224002543837, "mean": 0.0833239033818}, "silence_rate_30dB": {"min": 0, "max": 1, "dvar2": 0.0208667255938, "median": 1, "dmean2": 0.016157431528, "dmean": 0.00807787943631, "var": 0.00556016294286, "dvar": 0.00801325961947, "mean": 0.99440819025}, "spectral_energyband_middle_high": {"min": 1.33686725324e-21, "max": 0.0723134353757, "dvar2": 2.07419725484e-05, "median": 0.00210080924444, "dmean2": 0.00283151259646, "dmean": 0.00194579886738, "var": 3.86241590604e-05, "dvar": 1.03871816464e-05, "mean": 0.0044639185071}, "barkbands_spread": {"min": 0.247201889753, "max": 124.370422363, "dvar2": 335.218597412, "median": 19.7493190765, "dmean2": 14.6175851822, "dmean": 9.10564231873, "var": 250.337081909, "dvar": 136.650482178, "mean": 23.3789577484}, "spectral_centroid": {"min": 127.432579041, "max": 11654.3007812, "dvar2": 709713.375, "median": 1578.07275391, "dmean2": 636.762084961, "dmean": 397.646789551, "var": 830594.1875, "dvar": 298759.9375, "mean": 1661.21044922}, "pitch_salience": {"min": 0.0515363849699, "max": 0.985521793365, "dvar2": 0.0244209989905, "median": 0.613241970539, "dmean2": 0.159173965454, "dmean": 0.0981811508536, "var": 0.0248185973614, "dvar": 0.0107731334865, "mean": 0.589019238949}, "erbbands_skewness": {"min": -5.3638010025, "max": 6.96233463287, "dvar2": 0.710588991642, "median": 0.185348659754, "dmean2": 0.812725543976, "dmean": 0.514263391495, "var": 0.705831766129, "dvar": 0.295342504978, "mean": 0.209303632379}, "erbbands_crest": {"min": 2.53366303444, "max": 32.9882659912, "dvar2": 20.8014621735, "median": 7.80788612366, "dmean2": 4.93978309631, "dmean": 3.03017663956, "var": 18.4579353333, "dvar": 8.6128282547, "mean": 8.98862075806}, "melbands": {"min": [5.14148969663e-25, 1.73057149944e-24, 1.90211502252e-24, 1.94831111156e-24, 1.83648790888e-24, 2.72684622196e-24, 1.25736904531e-24, 2.59582451143e-24, 2.91195322223e-24, 3.85994019103e-24, 3.49722786326e-24, 3.39599610431e-24, 5.9070216183e-24, 2.37849372647e-24, 4.53119021832e-24, 4.08489216119e-24, 3.16661862447e-24, 4.41370910801e-24, 4.0836994035e-24, 6.00042906037e-24, 5.1403340154e-24, 4.08393369519e-24, 5.22334860947e-24, 6.11948749806e-24, 5.93887976596e-24, 6.02177839747e-24, 4.86950268385e-24, 6.2634940563e-24, 6.37135579674e-24, 6.86905760817e-24, 7.51695143621e-24, 6.2573610572e-24, 7.90530450441e-24, 5.63170876795e-24, 6.09790189711e-24, 6.4871408561e-24, 5.98525255984e-24, 5.87771661896e-24, 6.92420292975e-24, 6.97254827033e-24], "max": [0.0254026800394, 0.0403541065753, 0.0123479990289, 0.0102151427418, 0.0175179969519, 0.00658538844436, 0.00575290899724, 0.00918990280479, 0.0094103300944, 0.00694229127839, 0.00634188950062, 0.00371794681996, 0.00605212245136, 0.00203104759566, 0.00491365231574, 0.00453726015985, 0.00248966761865, 0.00376161420718, 0.00145787431393, 0.00297301774845, 0.00166743993759, 0.00111844262574, 0.000589868228417, 0.00040289509343, 0.000406262784963, 0.000607343157753, 0.000381727091735, 0.000308086542645, 0.000191810977412, 0.000258926069364, 0.000214637286263, 0.000170761792106, 0.000100061944977, 0.000131461754791, 0.000153737288201, 0.000158174341777, 0.000159540359164, 9.54466959229e-05, 8.20205314085e-05, 5.65644659218e-05], "dvar2": [1.98126217583e-05, 6.14307136857e-05, 4.02031764679e-06, 2.16035073208e-06, 8.40160464577e-06, 5.63744777082e-07, 2.34120676623e-07, 2.368741292e-07, 2.65784109388e-07, 1.45600239421e-07, 1.29189544396e-07, 4.8556863419e-08, 4.48312960089e-08, 4.37439027223e-08, 4.06529814256e-08, 2.65303459202e-08, 1.76969958687e-08, 1.98009786345e-08, 6.70307498396e-09, 9.30262444854e-09, 5.74582248447e-09, 2.78191825132e-09, 1.57030621839e-09, 7.73329511539e-10, 1.39311473468e-09, 1.26587285099e-09, 3.33056110469e-10, 6.24170271024e-10, 5.9126692431e-10, 7.63939356219e-10, 2.46056530706e-09, 1.66725067086e-09, 1.39700973012e-10, 1.00705402351e-10, 9.67572411081e-11, 1.10204602388e-10, 1.671113109e-10, 1.5411193155e-10, 6.45999642668e-11, 5.4551623635e-11], "median": [1.14446993393e-05, 4.08060186601e-05, 6.64799299557e-05, 5.9430480178e-05, 5.48349198652e-05, 5.21670590388e-05, 4.17693518102e-05, 4.58389076812e-05, 5.15251522302e-05, 2.38051616179e-05, 1.67165126186e-05, 1.69952909346e-05, 1.75737004611e-05, 1.52144848471e-05, 1.6719195628e-05, 1.11911822387e-05, 7.8307093645e-06, 1.05232411443e-05, 8.79386607266e-06, 6.86178282194e-06, 5.35300296178e-06, 6.64616618451e-06, 5.96149311605e-06, 4.80000471725e-06, 2.97733527077e-06, 3.0541657452e-06, 1.90360935903e-06, 2.10733696804e-06, 1.60519562087e-06, 1.28263980059e-06, 8.93886408448e-07, 6.06205389886e-07, 3.85011986737e-07, 3.04603929635e-07, 2.21468567929e-07, 1.64495347121e-07, 1.57262192602e-07, 1.34933273443e-07, 1.3363768403e-07, 1.0777544901e-07], "dmean2": [0.00161180575378, 0.00287098879926, 0.000723996781744, 0.000579135259613, 0.000824524322525, 0.000277721963357, 0.000196878463612, 0.000218535409658, 0.000243945993134, 0.00015159753093, 0.000121722194308, 9.22567342059e-05, 7.55622677389e-05, 9.00803352124e-05, 8.11349018477e-05, 5.38249951205e-05, 4.30255677202e-05, 5.14552521054e-05, 3.06540096062e-05, 3.11560470436e-05, 2.35661063925e-05, 2.28770422837e-05, 1.98566340259e-05, 1.48664476001e-05, 1.68102542375e-05, 1.63386757777e-05, 9.03063846636e-06, 1.07650157588e-05, 9.70961900748e-06, 1.11301787911e-05, 1.62959386216e-05, 1.36897069751e-05, 4.93225934406e-06, 3.37642563863e-06, 3.03855676975e-06, 2.85013584289e-06, 3.44645536643e-06, 3.37595656674e-06, 2.51422534348e-06, 2.191134854e-06], "dmean": [0.00106183893513, 0.00164584862068, 0.000410201348132, 0.000341035047313, 0.000495981541462, 0.000166835903656, 0.000121568780742, 0.000137378039653, 0.000155839617946, 9.68629829003e-05, 8.15884632175e-05, 5.75744088565e-05, 4.76009663544e-05, 5.41220179002e-05, 4.96016982652e-05, 3.40035148838e-05, 2.8715325243e-05, 3.24027314491e-05, 1.99153837457e-05, 1.94448693946e-05, 1.53963355842e-05, 1.44081732287e-05, 1.18837197078e-05, 9.26098800846e-06, 1.00759534689e-05, 9.61511886999e-06, 5.66042490391e-06, 6.45373438601e-06, 5.62190280107e-06, 6.35499372947e-06, 8.86004727363e-06, 7.4228955782e-06, 2.84439852294e-06, 2.13647717828e-06, 1.88381363841e-06, 1.79419350843e-06, 2.14325768866e-06, 2.07115272133e-06, 1.67157543274e-06, 1.42200735809e-06], "var": [1.36843345899e-05, 2.220938768e-05, 1.00627153188e-06, 6.96218933172e-07, 2.85605960926e-06, 1.89642094028e-07, 1.23413215647e-07, 1.58792104799e-07, 1.75697820737e-07, 1.02002097435e-07, 1.33380652301e-07, 3.5460839598e-08, 4.61072531266e-08, 1.90303985903e-08, 1.88084285924e-08, 1.6945165271e-08, 1.67371609905e-08, 1.31962902827e-08, 4.73916683674e-09, 5.43680656051e-09, 3.77843578647e-09, 1.91874183209e-09, 8.81238970685e-10, 5.43913081241e-10, 6.24707285901e-10, 4.84131401635e-10, 1.94811194953e-10, 2.36577868407e-10, 1.65386745965e-10, 2.02702604701e-10, 4.91797769175e-10, 3.2813782247e-10, 3.94034943563e-11, 4.31347180196e-11, 3.58986451676e-11, 3.94671760551e-11, 5.58738541545e-11, 5.26167824588e-11, 3.53298779121e-11, 2.71705193067e-11], "dvar": [1.01301966424e-05, 2.32559032156e-05, 1.43725378621e-06, 8.43518819238e-07, 3.45027979165e-06, 2.10614459206e-07, 9.43934921338e-08, 1.02162736937e-07, 1.16359572644e-07, 6.28523864066e-08, 6.10401329482e-08, 2.08805595037e-08, 2.02080983058e-08, 1.68921605592e-08, 1.61313788993e-08, 1.12113802686e-08, 8.3259559247e-09, 8.6563556323e-09, 2.80030643118e-09, 3.79965348074e-09, 2.46523379488e-09, 1.19629461892e-09, 6.17955686621e-10, 3.36590644245e-10, 5.4856857945e-10, 4.76919281844e-10, 1.45097656112e-10, 2.39414349457e-10, 2.12380557585e-10, 2.77653261493e-10, 8.52080961344e-10, 5.76600267532e-10, 5.26331374318e-11, 4.31089469677e-11, 4.01464833599e-11, 4.52013496077e-11, 6.71551772524e-11, 6.29778035277e-11, 3.10602342457e-11, 2.59749912551e-11], "mean": [0.00116625207011, 0.00153472274542, 0.000388057349483, 0.000345427601133, 0.000452407461125, 0.000197961140657, 0.000155651156092, 0.000181552371942, 0.000204414129257, 0.000131360255182, 0.000121005577967, 7.71335107856e-05, 7.16037102393e-05, 6.78203577991e-05, 6.04751294304e-05, 4.42989949079e-05, 4.20508440584e-05, 4.59598304587e-05, 3.11382682412e-05, 2.66026418103e-05, 2.15818527067e-05, 2.09727077163e-05, 1.58876409841e-05, 1.28329629661e-05, 1.17135514301e-05, 1.07186069727e-05, 6.84054020894e-06, 7.17164266462e-06, 5.61788283449e-06, 5.70646261622e-06, 6.49759977023e-06, 5.21401443621e-06, 2.3976679131e-06, 2.08717756323e-06, 1.73264493242e-06, 1.59729609095e-06, 1.84302348316e-06, 1.7651153712e-06, 1.6673659502e-06, 1.37592064675e-06]}, "spectral_entropy": {"min": 5.20864677429, "max": 9.82857990265, "dvar2": 0.110924310982, "median": 7.70111179352, "dmean2": 0.304004013538, "dmean": 0.208291083574, "var": 0.227100327611, "dvar": 0.0554936863482, "mean": 7.6425204277}, "spectral_rolloff": {"min": 64.599609375, "max": 19552.1484375, "dvar2": 6420300, "median": 1787.25585938, "dmean2": 1708.99084473, "dmean": 995.512023926, "var": 5031716.5, "dvar": 2748170.5, "mean": 2273.56884766}, "barkbands": {"min": [2.68310206053e-25, 5.95198116787e-25, 1.26909575849e-24, 1.31033563168e-24, 5.81749892176e-24, 7.68252071844e-24, 3.91342338268e-24, 1.23583675164e-23, 3.04745550494e-23, 2.39171771737e-23, 3.3322690016e-23, 2.66506654073e-23, 3.67132772955e-23, 4.84644301742e-23, 6.34616699472e-23, 8.68533079858e-23, 8.25579477351e-23, 1.37008680443e-22, 1.68800582717e-22, 2.19440479853e-22, 3.1582668594e-22, 3.93144243304e-22, 4.00391565238e-22, 5.32898134453e-22, 9.85007622586e-22, 1.37406735869e-21, 2.27726942383e-21], "max": [0.000990279135294, 0.0952518880367, 0.0921905636787, 0.0230524763465, 0.0779590606689, 0.0365447476506, 0.0329538546503, 0.0660189315677, 0.0396652072668, 0.0295439343899, 0.0400901436806, 0.0187274068594, 0.0602670535445, 0.0338467806578, 0.0193334072828, 0.0278611108661, 0.0172394104302, 0.00754112936556, 0.0127492519096, 0.0102993380278, 0.00747375236824, 0.00545297376812, 0.00988698750734, 0.00882137287408, 0.00510143628344, 0.0030418606475, 0.000425142527092], "dvar2": [1.95356282262e-08, 0.000379701959901, 0.00020017028146, 9.58421060204e-06, 0.000162308453582, 2.13829825952e-05, 5.5922678257e-06, 7.92051105236e-06, 6.48106424705e-06, 4.32358410762e-06, 2.67743303084e-06, 2.82851419797e-06, 3.88728449252e-06, 2.26136512538e-06, 1.47776961512e-06, 1.50305879743e-06, 6.16859438196e-07, 3.76647761868e-07, 7.83388543368e-07, 4.39165802391e-07, 1.9970213998e-06, 1.68320309513e-06, 3.89939856404e-07, 8.04515082109e-07, 6.98989879311e-07, 2.4607950877e-07, 5.35879740582e-09], "median": [4.53617849416e-06, 5.35491235496e-05, 7.68894824432e-05, 8.23976661195e-05, 0.000284295529127, 0.000272584962659, 0.000211010599742, 0.000244685739744, 0.000165359408129, 0.000116172945127, 0.000108380547317, 0.000141106036608, 0.000120846896607, 9.43486593314e-05, 0.000124510304886, 9.16316203075e-05, 0.000123305144371, 0.000106194478576, 7.86222371971e-05, 6.43746825517e-05, 5.54193575226e-05, 2.74083231488e-05, 1.46151160152e-05, 1.29246527649e-05, 1.13358937597e-05, 5.14089742865e-06, 3.71260284737e-07], "dmean2": [4.97461551277e-05, 0.00749026285484, 0.00469579733908, 0.00111391150858, 0.00406501581892, 0.00160285783932, 0.00100477971137, 0.00132457120344, 0.0010359690059, 0.000788542442024, 0.000561163469683, 0.000775717082433, 0.000644559855573, 0.000513023114763, 0.000484669144498, 0.000409363070503, 0.000370718917111, 0.000328121444909, 0.00040746779996, 0.000302543281578, 0.000523283204529, 0.000468759913929, 0.000192634921405, 0.00025319881388, 0.000239953675191, 0.000139346841024, 1.99235473701e-05], "dmean": [3.49887668563e-05, 0.00450815912336, 0.00272042909637, 0.000616877921857, 0.00240446999669, 0.00095180736389, 0.000619753962383, 0.000847611227073, 0.000659418466967, 0.000510528567247, 0.000351506809238, 0.000466337893158, 0.000398303731345, 0.000331981689669, 0.000309206661768, 0.000260113825789, 0.000232482954743, 0.000201049711904, 0.000243322967435, 0.000184019329026, 0.000293385470286, 0.00025919356267, 0.000120643431728, 0.000161835327162, 0.000156624941155, 9.44156126934e-05, 1.33095236379e-05], "var": [1.28396839827e-08, 0.000219004432438, 5.53088757442e-05, 2.22764606406e-06, 5.11222206114e-05, 6.30364138487e-06, 3.08012658934e-06, 5.26874327988e-06, 4.39482346337e-06, 4.17446426582e-06, 2.56600742432e-06, 1.40489964906e-06, 1.92234824681e-06, 2.05196693059e-06, 9.56371991379e-07, 9.66734887697e-07, 4.80031928873e-07, 2.42528500394e-07, 3.0959159858e-07, 1.88240576904e-07, 4.56520155012e-07, 3.57840093557e-07, 1.48047249127e-07, 3.17595635124e-07, 3.23077784969e-07, 1.20808252291e-07, 2.5201858378e-09], "dvar": [1.032742869e-08, 0.000172579864739, 7.42253105273e-05, 3.31857540914e-06, 6.47403721814e-05, 7.84349958849e-06, 2.27762257055e-06, 3.51472112925e-06, 2.7671285352e-06, 2.02776550395e-06, 1.16988110221e-06, 1.1051851061e-06, 1.56237695137e-06, 1.05288131635e-06, 6.09185974554e-07, 6.24731342214e-07, 2.73574755738e-07, 1.57198670081e-07, 2.96510307862e-07, 1.73797317871e-07, 7.04612148184e-07, 5.91738398725e-07, 1.62967410233e-07, 3.43403172565e-07, 3.20467734127e-07, 1.14266761386e-07, 2.47635867368e-09], "mean": [3.67367210856e-05, 0.00477153994143, 0.00218706042506, 0.000587808317505, 0.00218326621689, 0.00106724258512, 0.000794896564912, 0.0010784859769, 0.0008892355836, 0.000723398581613, 0.000504869967699, 0.000605734763667, 0.000479864742374, 0.000483043200802, 0.000462475058157, 0.000359103694791, 0.000349904992618, 0.000275777565548, 0.000277441169601, 0.000212146842387, 0.000252172874752, 0.000194813896087, 0.000112381661893, 0.000147337676026, 0.00014924586867, 9.12850227905e-05, 1.17670624604e-05]}, "melbands_flatness_db": {"min": 0.00235218647867, "max": 0.616161465645, "dvar2": 0.00382283516228, "median": 0.155130848289, "dmean2": 0.0556058846414, "dmean": 0.0364960283041, "var": 0.00713745690882, "dvar": 0.00181023066398, "mean": 0.176401227713}, "melbands_skewness": {"min": -3.3963932991, "max": 21.8871231079, "dvar2": 4.6965880394, "median": 1.67866528034, "dmean2": 1.61600553989, "dmean": 1.05411422253, "var": 5.22271823883, "dvar": 2.13866996765, "mean": 2.25561952591}, "barkbands_skewness": {"min": -9.16285705566, "max": 28.8311061859, "dvar2": 3.40879511833, "median": 0.894849121571, "dmean2": 1.27892005444, "dmean": 0.821151137352, "var": 3.01408815384, "dvar": 1.4728937149, "mean": 1.21769928932}, "silence_rate_60dB": {"min": 0, "max": 1, "dvar2": 0.181063219905, "median": 0, "dmean2": 0.191403418779, "dmean": 0.0956918001175, "var": 0.189862266183, "dvar": 0.0865328088403, "mean": 0.254737496376}, "spectral_energyband_low": {"min": 2.12575862743e-23, "max": 0.137314289808, "dvar2": 0.000704837380908, "median": 0.000299547798932, "dmean2": 0.0108610782772, "dmean": 0.0064513864927, "var": 0.000401914760005, "dvar": 0.000297998893075, "mean": 0.00732231233269}, "spectral_energyband_middle_low": {"min": 1.6460838654e-22, "max": 0.119625195861, "dvar2": 0.000253384409007, "median": 0.00342013826594, "dmean2": 0.00739902257919, "dmean": 0.00467390846461, "var": 0.000129578693304, "dvar": 0.000109766166133, "mean": 0.00692154187709}, "melbands_kurtosis": {"min": -1.83140707016, "max": 731.885498047, "dvar2": 2997.37402344, "median": 3.61763715744, "dmean2": 19.0399017334, "dmean": 11.7150344849, "var": 1729.09729004, "dvar": 1254.92700195, "mean": 14.123167038}, "spectral_decrease": {"min": -4.31065494411e-08, "max": 1.92471709e-28, "dvar2": 5.84990070131e-17, "median": -2.06103867306e-09, "dmean2": 4.55848292447e-09, "dmean": 2.91189738988e-09, "var": 4.50732800275e-17, "dvar": 2.69745616074e-17, "mean": -4.65760141566e-09}, "erbbands_kurtosis": {"min": -1.86725068092, "max": 64.8180618286, "dvar2": 8.57668781281, "median": 0.0316114425659, "dmean2": 1.95172333717, "dmean": 1.21308290958, "var": 6.83854722977, "dvar": 3.7385737896, "mean": 0.632586538792}, "melbands_crest": {"min": 1.6065171957, "max": 32.8393516541, "dvar2": 36.9375305176, "median": 11.8887987137, "dmean2": 6.82418203354, "dmean": 4.15510177612, "var": 38.4485321045, "dvar": 15.4815015793, "mean": 13.1262292862}, "gfcc": {"cov": [[19575.5996094, -325.692321777, -746.474304199, 132.377639771, -763.838134766, 271.643310547, -508.687072754, 164.079559326, -354.926483154, 40.1893463135, -204.232849121, 16.0550689697, -22.2849578857], [-325.692321777, 2460.82299805, 226.842941284, 229.245834351, 464.501922607, -57.6931495667, 293.639434814, -106.387519836, 99.8561019897, -129.484420776, 29.0147666931, -184.717605591, 17.9924755096], [-746.474304199, 226.842941284, 1476.38037109, 545.640319824, 175.84526062, 96.3105163574, 147.01071167, -27.6309089661, -33.365020752, -13.2586927414, 4.54814386368, 55.3846130371, -5.69344329834], [132.377639771, 229.245834351, 545.640319824, 832.665344238, 296.435668945, 82.9073410034, 210.705810547, 37.132522583, 69.1911773682, -9.57413005829, -23.5406799316, 1.45328807831, -41.1839523315], [-763.838134766, 464.501922607, 175.84526062, 296.435668945, 478.654205322, 135.006530762, 211.54637146, 34.8299026489, 87.785774231, 8.14387798309, 2.77219009399, -23.8993625641, -18.4971237183], [271.643310547, -57.6931495667, 96.3105163574, 82.9073410034, 135.006530762, 307.895202637, 141.100204468, 67.3899841309, 2.25886416435, 31.1303310394, 22.1977558136, -14.8159646988, -1.71434903145], [-508.687072754, 293.639434814, 147.01071167, 210.705810547, 211.54637146, 141.100204468, 340.671813965, 74.6447906494, 79.4442520142, 13.3386936188, 2.7220582962, -26.6622085571, -34.3520851135], [164.079559326, -106.387519836, -27.6309089661, 37.132522583, 34.8299026489, 67.3899841309, 74.6447906494, 201.500061035, 99.4055862427, 46.7366485596, -13.4385652542, -24.4115257263, -0.25341117382], [-354.926483154, 99.8561019897, -33.365020752, 69.1911773682, 87.785774231, 2.25886416435, 79.4442520142, 99.4055862427, 189.000549316, 69.9316711426, 19.4050502777, -18.1343479156, -6.82961368561], [40.1893463135, -129.484420776, -13.2586927414, -9.57413005829, 8.14387798309, 31.1303310394, 13.3386936188, 46.7366485596, 69.9316711426, 128.216751099, 47.6847343445, 12.9115037918, -9.9815158844], [-204.232849121, 29.0147666931, 4.54814386368, -23.5406799316, 2.77219009399, 22.1977558136, 2.7220582962, -13.4385652542, 19.4050502777, 47.6847343445, 135.421676636, 49.7840995789, 25.5430641174], [16.0550689697, -184.717605591, 55.3846130371, 1.45328807831, -23.8993625641, -14.8159646988, -26.6622085571, -24.4115257263, -18.1343479156, 12.9115037918, 49.7840995789, 122.19216156, 37.766368866], [-22.2849578857, 17.9924755096, -5.69344329834, -41.1839523315, -18.4971237183, -1.71434903145, -34.3520851135, -0.25341117382, -6.82961368561, -9.9815158844, 25.5430641174, 37.766368866, 105.3123703]], "icov": [[8.27404437587e-05, -0.000120847253129, 9.45220817812e-05, -0.000161532356287, 0.000254489801591, -0.000262963527348, 0.000225885436521, -0.000204044030397, 0.000228120668908, -0.000235959523707, 0.000268406001851, -0.000298181083053, 0.000127965191496], [-0.000120847253129, 0.00106438214425, -0.000278581283055, 0.000385223393096, -0.00111089588609, 0.00108959304634, -0.000985191203654, 0.000994212925434, -0.000730187632143, 0.00125769979786, -0.00135539483745, 0.00225812429562, -0.000977380317636], [9.45220817812e-05, -0.000278581283055, 0.0010811657412, -0.000840777822305, 0.000447934260592, -0.000523945898749, 0.000209561243537, -0.000203423071071, 0.000715486763511, -0.000577659055125, 0.000500068359543, -0.000968181353528, 0.000152825115947], [-0.000161532356287, 0.000385223393096, -0.000840777822305, 0.00243240874261, -0.001450206968, 0.000768105965108, -0.000974949507508, 0.000404382619308, -0.000976650626399, 0.001021200791, -0.000336267519742, 0.000456254958408, 0.000197912973817], [0.000254489801591, -0.00111089588609, 0.000447934260592, -0.001450206968, 0.00503298873082, -0.00249879690818, 5.3005060181e-05, -0.000161106829182, -0.000565238355193, -0.000972889538389, 0.00171303644311, -0.00216149282642, 0.000791743397713], [-0.000262963527348, 0.00108959304634, -0.000523945898749, 0.000768105965108, -0.00249879690818, 0.00657747453079, -0.0029009138234, -0.000766250654124, 0.00185136881191, -0.000169672188349, -0.00262998975813, 0.00332214124501, -0.001699152519], [0.000225885436521, -0.000985191203654, 0.000209561243537, -0.000974949507508, 5.3005060181e-05, -0.0029009138234, 0.00639995932579, -0.00178140669595, -0.00059469678672, -7.86768359831e-05, 0.000989406020381, -0.00211713672616, 0.00236482894979], [-0.000204044030397, 0.000994212925434, -0.000203423071071, 0.000404382619308, -0.000161106829182, -0.000766250654124, -0.00178140669595, 0.00935957115144, -0.00515245320275, 0.000141896234709, 0.000808845099527, 0.00250802002847, -0.00208150781691], [0.000228120668908, -0.000730187632143, 0.000715486763511, -0.000976650626399, -0.000565238355193, 0.00185136881191, -0.00059469678672, -0.00515245320275, 0.0119232032448, -0.00574919534847, -0.000132587898406, -3.8169155232e-06, -0.000183903626748], [-0.000235959523707, 0.00125769979786, -0.000577659055125, 0.001021200791, -0.000972889538389, -0.000169672188349, -7.86768359831e-05, 0.000141896234709, -0.00574919534847, 0.0143707292154, -0.00539777474478, 0.00126963912044, 0.00174747151323], [0.000268406001851, -0.00135539483745, 0.000500068359543, -0.000336267519742, 0.00171303644311, -0.00262998975813, 0.000989406020381, 0.000808845099527, -0.000132587898406, -0.00539777474478, 0.0128481481224, -0.00642202422023, -0.000566797098145], [-0.000298181083053, 0.00225812429562, -0.000968181353528, 0.000456254958408, -0.00216149282642, 0.00332214124501, -0.00211713672616, 0.00250802002847, -3.8169155232e-06, 0.00126963912044, -0.00642202422023, 0.0162674132735, -0.00548891630024], [0.000127965191496, -0.000977380317636, 0.000152825115947, 0.000197912973817, 0.000791743397713, -0.001699152519, 0.00236482894979, -0.00208150781691, -0.000183903626748, 0.00174747151323, -0.000566797098145, -0.00548891630024, 0.0129126338288]], "mean": [-62.6826477051, 63.6760520935, -130.50567627, 15.9357070923, -59.4480552673, 2.99350667, -36.8714942932, 7.49415683746, -27.2070770264, 6.5580830574, -18.4004440308, -0.44068941474, -13.2126169205]}, "melbands_spread": {"min": 0.315725177526, "max": 264.985137939, "dvar2": 972.525512695, "median": 25.228269577, "dmean2": 21.2548866272, "dmean": 12.8923892975, "var": 669.379882812, "dvar": 399.318908691, "mean": 30.2454891205}, "spectral_energy": {"min": 1.03897172656e-20, "max": 0.168200269341, "dvar2": 0.000889662595, "median": 0.00862926803529, "dmean2": 0.0181777626276, "dmean": 0.0117801753804, "var": 0.000731505919248, "dvar": 0.000423257617513, "mean": 0.0192891694605}, "mfcc": {"cov": [[14151.8496094, 43.2722587585, -718.54309082, -122.470863342, -280.327178955, -168.364364624, -189.505325317, -119.419418335, -77.4370498657, -90.1563110352, -80.9012298584, -151.84942627, -65.6313934326], [43.2722587585, 2042.4720459, -13.7773923874, 217.869567871, 132.652023315, 111.171989441, 135.476257324, 28.8996582031, 59.5720863342, 10.211388588, 49.0624008179, -17.0682373047, -81.7536468506], [-718.54309082, -13.7773923874, 1199.62963867, 400.458557129, 154.525756836, 153.056793213, 135.042800903, 72.6259155273, 8.56786155701, -43.0697669983, 1.02779972553, -4.63122034073, -30.2715377808], [-122.470863342, 217.869567871, 400.458557129, 783.200317383, 219.03604126, 203.264892578, 106.263572693, 135.036727905, 128.812835693, -8.68669033051, 88.2660827637, 70.1359405518, 5.1269364357], [-280.327178955, 132.652023315, 154.525756836, 219.03604126, 293.004364014, 130.544631958, 76.5040893555, 58.4281806946, 60.4818878174, 22.7942428589, 22.1484947205, 29.3490505219, 16.4385814667], [-168.364364624, 111.171989441, 153.056793213, 203.264892578, 130.544631958, 305.345367432, 180.510910034, 100.849769592, 48.4413299561, 35.3484268188, 63.3370361328, 17.1940898895, 7.24333095551], [-189.505325317, 135.476257324, 135.042800903, 106.263572693, 76.5040893555, 180.510910034, 251.967681885, 114.081916809, 63.1868934631, 27.7905254364, 56.5595474243, 11.214094162, -0.24247457087], [-119.419418335, 28.8996582031, 72.6259155273, 135.036727905, 58.4281806946, 100.849769592, 114.081916809, 177.621566772, 95.1640014648, 47.6618537903, 44.1137123108, 19.8109817505, 17.2482452393], [-77.4370498657, 59.5720863342, 8.56786155701, 128.812835693, 60.4818878174, 48.4413299561, 63.1868934631, 95.1640014648, 204.789703369, 86.9265060425, 65.6864471436, 26.8712406158, 1.51608145237], [-90.1563110352, 10.211388588, -43.0697669983, -8.68669033051, 22.7942428589, 35.3484268188, 27.7905254364, 47.6618537903, 86.9265060425, 167.727798462, 78.4345321655, 35.9445304871, 20.693731308], [-80.9012298584, 49.0624008179, 1.02779972553, 88.2660827637, 22.1484947205, 63.3370361328, 56.5595474243, 44.1137123108, 65.6864471436, 78.4345321655, 142.552078247, 63.8786888123, 17.8413467407], [-151.84942627, -17.0682373047, -4.63122034073, 70.1359405518, 29.3490505219, 17.1940898895, 11.214094162, 19.8109817505, 26.8712406158, 35.9445304871, 63.8786888123, 121.088562012, 56.1844177246], [-65.6313934326, -81.7536468506, -30.2715377808, 5.1269364357, 16.4385814667, 7.24333095551, -0.24247457087, 17.2482452393, 1.51608145237, 20.693731308, 17.8413467407, 56.1844177246, 115.306037903]], "icov": [[7.5577001553e-05, -1.23733241253e-06, 5.0267950428e-05, -4.4734479161e-05, 6.07672227488e-05, -3.3301471376e-06, 1.91944182006e-05, 1.75595505425e-05, 6.42495706416e-06, 1.38755285661e-05, -7.03037358107e-06, 0.000104542159534, -6.14020291323e-06], [-1.23733241253e-06, 0.000557402789127, 0.000115937153168, -0.000177158566657, -0.000197055356693, 0.000100379860669, -0.000386587256799, 0.000222925649723, 2.91157848551e-05, -4.93954321428e-05, -8.80076695466e-05, 8.55307953316e-05, 0.000400868040742], [5.0267950428e-05, 0.000115937153168, 0.00115728960373, -0.000652589194942, -0.000175558510819, 0.000104321850813, -0.000606246409006, 9.07229987206e-05, 0.000431421154644, -8.38326959638e-05, 0.000297468155622, 0.000196871129447, 0.000314702192554], [-4.4734479161e-05, -0.000177158566657, -0.000652589194942, 0.00265094568022, -0.000936240365263, -0.00112498668022, 0.00128301675431, -0.00108746078331, -0.00120534724556, 0.00174494006205, -0.00112797308248, -0.000983797828667, 0.000285833259113], [6.07672227488e-05, -0.000197055356693, -0.000175558510819, -0.000936240365263, 0.00518687348813, -0.00159113970585, -3.69034132746e-05, 0.000422163779149, -0.000805613526609, -0.000627235218417, 0.00157437310554, -0.000705079000909, -0.000589211354963], [-3.3301471376e-06, 0.000100379860669, 0.000104321850813, -0.00112498668022, -0.00159113970585, 0.0073570930399, -0.00426786206663, -0.000528625911102, 0.00162937236018, -0.00102762877941, -0.00118404556997, 0.00116852624342, -0.000241704328801], [1.91944182006e-05, -0.000386587256799, -0.000606246409006, 0.00128301675431, -3.69034132746e-05, -0.00426786206663, 0.00913391355425, -0.0036299249623, -0.000895151169971, 0.00161523418501, -0.00180062872823, 9.01588937268e-05, 0.000312747288262], [1.75595505425e-05, 0.000222925649723, 9.07229987206e-05, -0.00108746078331, 0.000422163779149, -0.000528625911102, -0.0036299249623, 0.0107221342623, -0.00309421936981, -0.00118365185335, 0.000946202140767, 0.000490507867653, -0.00153057882562], [6.42495706416e-06, 2.91157848551e-05, 0.000431421154644, -0.00120534724556, -0.000805613526609, 0.00162937236018, -0.000895151169971, -0.00309421936981, 0.00896268431097, -0.00353612704203, -0.0010330399964, 0.000340118102031, 0.00117551849689], [1.38755285661e-05, -4.93954321428e-05, -8.38326959638e-05, 0.00174494006205, -0.000627235218417, -0.00102762877941, 0.00161523418501, -0.00118365185335, -0.00353612704203, 0.0106395026669, -0.00486136134714, -6.64908293402e-05, -0.000870644929819], [-7.03037358107e-06, -8.80076695466e-05, 0.000297468155622, -0.00112797308248, 0.00157437310554, -0.00118404556997, -0.00180062872823, 0.000946202140767, -0.0010330399964, -0.00486136134714, 0.0140881249681, -0.00595547771081, 0.00137451908085], [0.000104542159534, 8.55307953316e-05, 0.000196871129447, -0.000983797828667, -0.000705079000909, 0.00116852624342, 9.01588937268e-05, 0.000490507867653, 0.000340118102031, -6.64908293402e-05, -0.00595547771081, 0.0148228844628, -0.00612418912351], [-6.14020291323e-06, 0.000400868040742, 0.000314702192554, 0.000285833259113, -0.000589211354963, -0.000241704328801, 0.000312747288262, -0.00153057882562, 0.00117551849689, -0.000870644929819, 0.00137451908085, -0.00612418912351, 0.0122642153874]], "mean": [-700.289123535, 103.042915344, -17.3001022339, 13.3315162659, -6.19733953476, -2.72416210175, -1.5615940094, -4.78714418411, -0.709388852119, -2.95319509506, 0.06787686795, 1.00462305546, -2.17657279968]}, "spectral_contrast_valleys": {"min": [-27.8548774719, -27.5309371948, -27.5069522858, -27.4382019043, -27.4636726379, -27.3352184296], "max": [-5.39560365677, -4.38213825226, -5.19905138016, -5.33439302444, -5.17425441742, -6.98241996765], "dvar2": [0.640720963478, 0.621580183506, 0.566606223583, 0.496023356915, 0.725840985775, 0.637486100197], "median": [-8.64563655853, -7.04610586166, -7.55957555771, -7.89970302582, -7.76174545288, -10.4311008453], "dmean2": [0.90654271841, 0.789896607399, 0.705444097519, 0.650773406029, 0.671507418156, 0.649400234222], "dmean": [0.624777376652, 0.520702779293, 0.491209775209, 0.469933748245, 0.488883346319, 0.499859720469], "var": [3.23388886452, 2.64358663559, 2.69524788857, 2.73438644409, 2.61335277557, 2.78437900543], "dvar": [0.374417990446, 0.338358014822, 0.308080881834, 0.281890153885, 0.368254512548, 0.380583226681], "mean": [-8.79902172089, -7.34482431412, -7.81482839584, -8.14791679382, -7.99980592728, -10.7220449448]}, "barkbands_flatness_db": {"min": 0.0207869037986, "max": 0.496978402138, "dvar2": 0.00212500221096, "median": 0.110253579915, "dmean2": 0.0437512248755, "dmean": 0.0283099059016, "var": 0.00350012513809, "dvar": 0.000966780935414, "mean": 0.124501861632}, "dynamic_complexity": 5.32835292816, "erbbands_flatness_db": {"min": 0.0460287481546, "max": 0.418441832066, "dvar2": 0.00103423220571, "median": 0.164875105023, "dmean2": 0.0332578346133, "dmean": 0.0236419662833, "var": 0.00245423265733, "dvar": 0.00057771