{"lowlevel": {"spectral_complexity": {"min": 0, "max": 62, "dvar2": 41.1030502319, "median": 13, "dmean2": 4.81800889969, "dmean": 3.19869160652, "var": 89.1153106689, "dvar": 19.752910614, "mean": 14.642364502}, "silence_rate_20dB": {"min": 1, "max": 1, "dvar2": 0, "median": 1, "dmean2": 0, "dmean": 0, "var": 0, "dvar": 0, "mean": 1}, "average_loudness": 0.542212665081, "erbbands_spread": {"min": 1.12671589851, "max": 138.988632202, "dvar2": 162.723434448, "median": 24.7492580414, "dmean2": 10.815284729, "dmean": 7.16196966171, "var": 275.674224854, "dvar": 75.0468826294, "mean": 28.4517745972}, "spectral_kurtosis": {"min": -1.38776791096, "max": 124.341392517, "dvar2": 45.2079620361, "median": 4.1723613739, "dmean2": 4.19655132294, "dmean": 2.55765509605, "var": 51.5075492859, "dvar": 18.7958774567, "mean": 6.10884618759}, "barkbands_kurtosis": {"min": -1.85920345783, "max": 286.362915039, "dvar2": 178.094436646, "median": 1.40501332283, "dmean2": 4.7177939415, "dmean": 2.95132994652, "var": 132.229507446, "dvar": 81.4617614746, "mean": 4.057949543}, "spectral_strongpeak": {"min": 0, "max": 20.7250003815, "dvar2": 2.12939429283, "median": 0.789161145687, "dmean2": 1.04032874107, "dmean": 0.644264161587, "var": 3.13227438927, "dvar": 0.919336915016, "mean": 1.40112757683}, "spectral_spread": {"min": 785856.9375, "max": 40893700, "dvar2": 730557251584, "median": 3852870, "dmean2": 693842.125, "dmean": 489051.65625, "var": 2264192778240.0, "dvar": 399244099584, "mean": 3977783}, "spectral_rms": {"min": 3.09026870933e-12, "max": 0.0123718064278, "dvar2": 1.59882006301e-06, "median": 0.00346469227225, "dmean2": 0.000990950968117, "dmean": 0.000675034709275, "var": 4.34952198702e-06, "dvar": 8.22700997105e-07, "mean": 0.00374804041348}, "erbbands": {"min": [3.41131475757e-22, 1.40903573246e-21, 5.37860137705e-21, 1.09590857145e-20, 5.46144706968e-20, 2.85565365673e-20, 1.04149503133e-19, 1.5888480036e-19, 1.40305147655e-19, 2.94371168583e-19, 2.94823171089e-19, 6.20411360508e-19, 7.23138145299e-19, 2.06478673836e-18, 1.59252647579e-18, 2.20756348876e-18, 2.67459255774e-18, 4.70602571944e-18, 4.188824424e-18, 2.48641868776e-18, 6.76702272982e-18, 6.39565916663e-18, 5.6254278713e-18, 6.47127919105e-18, 1.29953862719e-17, 1.12047652389e-17, 9.27070943325e-18, 1.3338024334e-17, 1.23369943449e-17, 1.4969032596e-17, 1.28041710656e-17, 1.35153627583e-17, 1.10270471386e-17, 9.40274565699e-18, 8.74036175633e-18, 5.99073812677e-18, 2.9330166024e-18, 1.10058034861e-18, 2.7277430997e-19, 2.66203620161e-20], "max": [2.56091952324, 16.0653686523, 45.5368690491, 49.9752998352, 62.8172340393, 275.069976807, 273.458984375, 619.481567383, 774.412841797, 1106.73706055, 1474.20983887, 1817.64440918, 2514.88745117, 2512.82739258, 2034.74755859, 2093.39794922, 3282.75732422, 4141.15283203, 2544.01025391, 2171.71142578, 1880.23376465, 1324.70471191, 790.952636719, 749.150939941, 587.360534668, 337.994598389, 283.837677002, 389.403625488, 412.589416504, 486.71182251, 320.931549072, 173.420471191, 85.7909851074, 68.2592315674, 15.2703409195, 5.78590726852, 1.27886545658, 0.302016943693, 0.0345873236656, 0.001764501445], "dvar2": [0.0933284908533, 4.51092910767, 54.7264823914, 57.6888923645, 58.1346969604, 405.230834961, 369.95703125, 1144.0859375, 3318.17944336, 4549.73388672, 10576.2050781, 7084.00634766, 14158.1953125, 7147.68408203, 5375.66601562, 11844.7919922, 15042.8017578, 24493.9335938, 7273.63476562, 3525.55957031, 2214.93041992, 1385.94824219, 950.359924316, 843.705871582, 580.395996094, 299.51260376, 228.898712158, 307.083496094, 274.208251953, 269.192474365, 148.859146118, 51.6662559509, 16.3416099548, 4.70260334015, 0.919104218483, 0.119732029736, 0.00671026483178, 0.000277670653304, 2.9001475923e-06, 9.69355973268e-09], "median": [0.00284323445521, 0.0187804959714, 0.115270927548, 0.356782078743, 0.764378666878, 1.31149744987, 2.74330759048, 4.48521661758, 7.34008407593, 7.86701393127, 8.10778808594, 7.29133033752, 8.35390472412, 7.54972743988, 6.02483129501, 7.79854106903, 9.74267482758, 15.1578159332, 7.92518520355, 4.64291954041, 2.91850376129, 2.76095247269, 3.09756469727, 3.8376083374, 3.53349304199, 2.43236279488, 1.87812900543, 1.5698133707, 1.35902285576, 0.874409198761, 0.567875087261, 0.374174028635, 0.198354661465, 0.070382848382, 0.0240176431835, 0.00760635640472, 0.00220324937254, 0.000477138906717, 5.3429579566e-05, 1.97000517801e-05], "dmean2": [0.0786773115396, 0.6251937747, 1.89126002789, 2.21713757515, 3.01555871964, 4.99369525909, 6.47660064697, 14.3169326782, 23.6312026978, 28.1409492493, 36.0814056396, 29.5126781464, 40.9147567749, 29.3115234375, 24.9369888306, 34.8759727478, 35.8819389343, 52.9881668091, 30.3289356232, 19.6143455505, 13.4396009445, 12.236656189, 12.0864639282, 11.3369178772, 8.72681427002, 6.71050167084, 5.42536258698, 5.97467660904, 5.39796257019, 3.83255243301, 2.98255896568, 2.03011894226, 1.02531909943, 0.47014528513, 0.186070337892, 0.0708609595895, 0.0179684646428, 0.0036446552258, 0.00030793127371, 2.42957030423e-05], "dmean": [0.0543512105942, 0.371763646603, 1.03030610085, 1.21925699711, 1.71855342388, 2.90339970589, 4.07154750824, 9.14428043365, 15.3136892319, 18.3487987518, 22.8000850677, 19.383480072, 26.3649368286, 19.5606460571, 16.3292865753, 22.249874115, 23.6530227661, 34.8145027161, 20.1737098694, 13.0198173523, 8.74516010284, 7.93173599243, 7.89487695694, 7.34753751755, 5.7291135788, 4.33389139175, 3.54772925377, 3.9883441925, 3.5228497982, 2.58103179932, 2.01335453987, 1.38579261303, 0.703300595284, 0.322303712368, 0.129443779588, 0.0498981140554, 0.0126646440476, 0.00257670157589, 0.000216748390812, 1.67784291989e-05], "var": [0.053683348, 2.65853428841, 12.1799840927, 13.1377706528, 19.8621253967, 106.304359436, 169.347198486, 944.608520508, 2749.15356445, 6010.32128906, 11747.8681641, 11310.8222656, 18258.3046875, 9633.38867188, 5443.25, 10441.125, 19386.8144531, 38233.8515625, 10368.3359375, 4407.77734375, 2707.24072266, 1248.29663086, 1078.00512695, 735.605163574, 452.383026123, 238.58946228, 170.640930176, 258.342254639, 197.397155762, 156.997039795, 95.0737457275, 41.1560974121, 10.4544448853, 2.95361471176, 0.533843040466, 0.075106471777, 0.0049768765457, 0.00022684650321, 1.85150349807e-06, 6.33067864797e-09], "dvar": [0.0469412133098, 2.06523966789, 18.9111709595, 19.6848926544, 20.2589740753, 145.286804199, 148.901504517, 479.689331055, 1417.11132812, 2009.78930664, 4356.87646484, 3356.95239258, 5778.43652344, 3464.07055664, 2371.93774414, 5051.296875, 6740.12158203, 11008.6015625, 3589.01171875, 1712.68908691, 1122.88745117, 602.445861816, 444.789550781, 364.480285645, 245.488922119, 127.277709961, 99.1541290283, 133.954940796, 125.152481079, 118.24596405, 65.2540664673, 23.4818744659, 7.27460861206, 2.08484005928, 0.412746071815, 0.0546346455812, 0.00324589107186, 0.000136736547574, 1.37393112709e-06, 4.45028947027e-09], "mean": [0.0534941591322, 0.429978013039, 0.920568704605, 1.44600188732, 2.24823141098, 3.65541672707, 6.36183309555, 14.9447402954, 24.591594696, 33.7827911377, 41.89610672, 36.5104637146, 47.8108825684, 34.0087356567, 27.3389415741, 35.9368782043, 42.3598670959, 62.5609016418, 35.5210647583, 21.8462276459, 15.1469211578, 12.8881883621, 12.9109268188, 12.7012233734, 10.4528141022, 7.46802806854, 6.13539552689, 7.28552436829, 5.85989427567, 4.12631750107, 3.0899772644, 2.22163558006, 1.07828330994, 0.483572155237, 0.184946656227, 0.0728428661823, 0.0185624901205, 0.00374796241522, 0.000309890747303, 3.73629263777e-05]}, "zerocrossingrate": {"min": 0, "max": 0.5185546875, "dvar2": 0.000212661325349, "median": 0.05078125, "dmean2": 0.01089534536, "dmean": 0.00965646933764, "var": 0.00134877581149, "dvar": 0.000180852905032, "mean": 0.0586949139833}, "spectral_contrast_coeffs": {"min": [-0.973973929882, -0.974317014217, -0.978593766689, -0.979171872139, -0.967120349407, -0.962179601192], "max": [-0.280008882284, -0.274798989296, -0.393117696047, -0.44284170866, -0.594608068466, -0.539443016052], "dvar2": [0.00398006988689, 0.00451607583091, 0.00299567775801, 0.00228932104073, 0.00114329170901, 0.00152521464042], "median": [-0.638463139534, -0.712034225464, -0.751058518887, -0.747229218483, -0.784054517746, -0.743590950966], "dmean2": [0.0754861831665, 0.0804441422224, 0.0671337172389, 0.0567388869822, 0.0392160005867, 0.033743314445], "dmean": [0.0465817190707, 0.0501089282334, 0.042071569711, 0.035628028214, 0.0251341462135, 0.022110728547], "var": [0.00948236510158, 0.00782783329487, 0.00659185135737, 0.00516891432926, 0.0027439284604, 0.00280225928873], "dvar": [0.00161109806504, 0.00183267425746, 0.00125736626796, 0.000969870248809, 0.000510930782184, 0.000618740625214], "mean": [-0.629589498043, -0.702977001667, -0.742136418819, -0.742324352264, -0.780264735222, -0.740859210491]}, "dissonance": {"min": 0.0286069698632, "max": 0.500000119209, "dvar2": 0.00164372147992, "median": 0.459216356277, "dmean2": 0.0431441664696, "dmean": 0.0257371719927, "var": 0.00139215914533, "dvar": 0.000612554315012, "mean": 0.450363606215}, "spectral_energyband_high": {"min": 7.32236918779e-21, "max": 0.0338482894003, "dvar2": 2.25239909923e-06, "median": 0.000186514167581, "dmean2": 0.00048706275993, "dmean": 0.00033654292929, "var": 1.88522085409e-06, "dvar": 1.05213200641e-06, "mean": 0.000646966509521}, "spectral_skewness": {"min": -0.235942214727, "max": 9.0028219223, "dvar2": 0.316753804684, "median": 1.56938743591, "dmean2": 0.465775638819, "dmean": 0.293952912092, "var": 0.509299814701, "dvar": 0.137117817998, "mean": 1.69890069962}, "spectral_flux": {"min": 6.40195813029e-11, "max": 0.318234950304, "dvar2": 0.00219669914804, "median": 0.0600844994187, "dmean2": 0.0384512394667, "dmean": 0.0239503476769, "var": 0.00289892102592, "dvar": 0.00100258900784, "mean": 0.0729689747095}, "silence_rate_30dB": {"min": 0, "max": 1, "dvar2": 0.00403289031237, "median": 1, "dmean2": 0.00333055783994, "dmean": 0.00166517985053, "var": 0.00136588304304, "dvar": 0.00166227004956, "mean": 0.998632252216}, "spectral_energyband_middle_high": {"min": 1.33012682177e-21, "max": 0.103400804102, "dvar2": 3.23269377986e-05, "median": 0.00249510258436, "dmean2": 0.00322122056969, "dmean": 0.00223334436305, "var": 8.99539954844e-05, "dvar": 1.61024272529e-05, "mean": 0.0062020602636}, "barkbands_spread": {"min": 0.519552767277, "max": 108.2501297, "dvar2": 87.1078643799, "median": 15.9398736954, "dmean2": 7.66738796234, "dmean": 5.04534959793, "var": 157.830062866, "dvar": 42.0177497864, "mean": 18.7936553955}, "spectral_centroid": {"min": 174.707870483, "max": 11099.6455078, "dvar2": 209842.28125, "median": 1180.61022949, "dmean2": 363.495025635, "dmean": 239.57321167, "var": 445478.71875, "dvar": 101704.90625, "mean": 1283.27783203}, "pitch_salience": {"min": 0.032867025584, "max": 0.919926762581, "dvar2": 0.0123132541776, "median": 0.55883705616, "dmean2": 0.116294391453, "dmean": 0.0726782977581, "var": 0.0163967311382, "dvar": 0.00524770794436, "mean": 0.543082594872}, "erbbands_skewness": {"min": -5.18081235886, "max": 6.23096323013, "dvar2": 0.411725491285, "median": 0.559901118279, "dmean2": 0.672353804111, "dmean": 0.439148038626, "var": 0.909954965115, "dvar": 0.186471581459, "mean": 0.647534906864}, "erbbands_crest": {"min": 2.51722860336, "max": 32.6707420349, "dvar2": 22.5702800751, "median": 10.2732944489, "dmean2": 5.32194280624, "dmean": 3.32965087891, "var": 34.8803939819, "dvar": 9.42387866974, "mean": 11.7862148285}, "melbands": {"min": [2.77921573923e-24, 2.35828172957e-24, 2.390497034e-24, 3.81361354551e-24, 3.23242086523e-24, 3.84946332934e-24, 2.32277312808e-24, 4.28754461128e-24, 2.53130219748e-24, 3.40564347875e-24, 3.19168645467e-24, 8.23382089522e-24, 4.55688894003e-24, 5.96999401778e-24, 6.0703367305e-24, 7.1851218296e-24, 7.91181891776e-24, 6.13536095719e-24, 3.58637466758e-24, 4.50347437927e-24, 7.28186851987e-24, 6.12716429796e-24, 7.48459630618e-24, 4.08671364102e-24, 4.39731421182e-24, 7.33543138648e-24, 9.63381628802e-24, 7.13737760103e-24, 5.82229006847e-24, 5.79691990733e-24, 5.63404261294e-24, 7.13394290065e-24, 6.42440117059e-24, 7.6959581751e-24, 6.5717114783e-24, 8.72717687193e-24, 8.09041071582e-24, 7.28660799619e-24, 8.03548627529e-24, 7.02289021785e-24], "max": [0.0222951043397, 0.0221087578684, 0.00847264006734, 0.00854246784002, 0.0110863558948, 0.0121822375804, 0.0106518287212, 0.0106780352071, 0.0139701925218, 0.0106219584122, 0.0125886546448, 0.00957439187914, 0.00677780946717, 0.00594326853752, 0.00598803628236, 0.00771673442796, 0.00986352469772, 0.00444877613336, 0.00443517789245, 0.00190959346946, 0.00230640545487, 0.00186194630805, 0.000797102169599, 0.000911422830541, 0.000715677742846, 0.000491448678076, 0.000407268264098, 0.000189105325262, 0.000172967644176, 0.000247491843766, 0.00024422374554, 0.000207112258067, 0.000316813733662, 0.000261762790615, 0.000232022503042, 0.000170593295479, 8.32951409393e-05, 7.63199641369e-05, 4.06407780247e-05, 7.13079425623e-05], "dvar2": [5.28979717274e-06, 1.15516522783e-05, 1.7401068817e-06, 6.09679148056e-07, 6.92394849011e-07, 5.44945692127e-07, 6.97689245044e-07, 5.22921368429e-07, 7.01439944351e-07, 2.93336881896e-07, 3.56330076556e-07, 1.30416054844e-07, 8.119629058e-08, 8.16361449552e-08, 7.37929681804e-08, 9.97664102442e-08, 1.21089044569e-07, 3.1576149695e-08, 1.39736275884e-08, 5.27980237308e-09, 3.93623400541e-09, 2.33143371275e-09, 1.42473055575e-09, 7.20381643227e-10, 7.48515471827e-10, 5.48001644063e-10, 2.61578175786e-10, 1.39761660578e-10, 1.01121964968e-10, 1.01517620699e-10, 1.24559709769e-10, 1.00919425594e-10, 1.02496205967e-10, 8.45349901191e-11, 5.37128189149e-11, 4.54174475806e-11, 1.59068608979e-11, 1.09078163169e-11, 4.0407161124e-12, 3.75293849816e-12], "median": [4.32682063547e-05, 5.26189032826e-05, 7.84440344432e-05, 7.49874670873e-05, 9.15328928386e-05, 0.000104672726593, 0.00011484096467, 7.77804525569e-05, 5.7098128309e-05, 3.88898770325e-05, 3.50064001395e-05, 2.70312702924e-05, 1.73291336978e-05, 1.64230532391e-05, 1.84173077287e-05, 1.78787649929e-05, 2.58819491137e-05, 1.12622055894e-05, 6.14492546447e-06, 3.89496472053e-06, 2.71635940408e-06, 2.56609382632e-06, 2.44177863351e-06, 2.5376918984e-06, 2.78127845377e-06, 2.54282622336e-06, 1.8473806449e-06, 1.36330879741e-06, 1.0511655546e-06, 9.24117102841e-07, 8.34604065858e-07, 7.39253891879e-07, 5.89359444803e-07, 3.82716905278e-07, 2.97498672808e-07, 2.54954841239e-07, 2.00512317861e-07, 1.48404637912e-07, 7.6851790709e-08, 4.57735218617e-08], "dmean2": [0.000622899853624, 0.000936580006965, 0.000402321689762, 0.000274177757092, 0.000232047081226, 0.000322832056554, 0.000359025783837, 0.000305975467199, 0.000294303958071, 0.000189181489986, 0.000205952615943, 0.000125000966364, 9.36193246162e-05, 8.80928346305e-05, 8.31240613479e-05, 8.78281134646e-05, 0.000110440931167, 5.56067971047e-05, 3.53497198375e-05, 2.36378255067e-05, 1.65012006619e-05, 1.38767272801e-05, 1.42511398735e-05, 1.04480432128e-05, 1.01962714325e-05, 7.86773489381e-06, 5.56133045393e-06, 4.65957054985e-06, 3.60148715117e-06, 3.50578443431e-06, 3.87055388273e-06, 3.45033913618e-06, 2.57284864347e-06, 2.0926356683e-06, 1.83449230917e-06, 1.6120110331e-06, 1.16408773465e-06, 8.12816722373e-07, 5.46339663288e-07, 3.71573037228e-07], "dmean": [0.00045224535279, 0.000522901595104, 0.000222746792133, 0.000156991649419, 0.000143284414662, 0.000205755539355, 0.000231818979955, 0.000198992333026, 0.000186016957741, 0.000124553596834, 0.00013262288121, 8.29420605442e-05, 6.06269313721e-05, 5.60291264264e-05, 5.37184969289e-05, 5.76727034058e-05, 7.19535382814e-05, 3.65738123946e-05, 2.34673352679e-05, 1.55099241965e-05, 1.0670487427e-05, 8.93663946044e-06, 9.04851458472e-06, 6.83792450218e-06, 6.53499500913e-06, 5.13190479978e-06, 3.60966055268e-06, 2.96451048598e-06, 2.32528395827e-06, 2.32956949731e-06, 2.54651695286e-06, 2.21412028623e-06, 1.71446242803e-06, 1.39093174312e-06, 1.22508185996e-06, 1.07146354367e-06, 7.84995336289e-07, 5.44610315956e-07, 3.71203071836e-07, 2.49165651667e-07], "var": [4.22633002017e-06, 3.43186525242e-06, 4.05359685374e-07, 1.87336979707e-07, 2.48703145189e-07, 4.58630665889e-07, 6.34802347577e-07, 6.73743329571e-07, 8.04902299478e-07, 4.44763259111e-07, 4.6338101356e-07, 1.6756190746e-07, 8.77119887832e-08, 6.48110258794e-08, 6.04666539061e-08, 1.3010190969e-07, 1.78238778403e-07, 3.94644175117e-08, 1.66371521004e-08, 5.68075853025e-09, 4.48527925911e-09, 1.90401427957e-09, 1.16042098153e-09, 8.64410210077e-10, 5.84107429091e-10, 3.91244620035e-10, 1.77342335261e-10, 1.02737214569e-10, 6.88772858193e-11, 8.54268392136e-11, 1.0001483669e-10, 6.78286801725e-11, 6.21791715338e-11, 4.75936477728e-11, 3.53352000437e-11, 2.5624363742e-11, 1.29321961126e-11, 5.89629256878e-12, 3.10263533615e-12, 2.05194520229e-12], "dvar": [3.00754982163e-06, 4.10446546084e-06, 5.94907760387e-07, 2.17818964643e-07, 2.67297707524e-07, 2.25486402883e-07, 2.95868630928e-07, 2.31635880255e-07, 2.91184846901e-07, 1.36178627486e-07, 1.47150288399e-07, 6.35308126107e-08, 3.60168392888e-08, 3.4150453132e-08, 3.19711155328e-08, 4.49757564525e-08, 5.33901030053e-08, 1.49228345236e-08, 6.62403598639e-09, 2.5304769391e-09, 2.00372762826e-09, 1.02852815154e-09, 6.4178445891e-10, 3.47186113192e-10, 3.2471911271e-10, 2.24212440281e-10, 1.09024463069e-10, 5.90098109265e-11, 4.31870650353e-11, 4.4859345405e-11, 5.32247614038e-11, 4.46619234651e-11, 4.5212777966e-11, 3.69395763977e-11, 2.39678242531e-11, 1.85805919262e-11, 7.36964482495e-12, 4.61848267963e-12, 1.89722781756e-12, 1.60983650455e-12], "mean": [0.00052646920085, 0.000524378439877, 0.000274046935374, 0.000204862910323, 0.000215520587517, 0.000339273508871, 0.000387783307815, 0.000362645834684, 0.000338031619322, 0.000221478316234, 0.000234697436099, 0.000135717302328, 9.62621779763e-05, 8.59907377162e-05, 8.52718294482e-05, 9.60706238402e-05, 0.000122302764794, 5.91635907767e-05, 3.63814724551e-05, 2.32902712014e-05, 1.69910781551e-05, 1.34505062306e-05, 1.28767323986e-05, 1.07886780825e-05, 1.02757012428e-05, 8.53890742292e-06, 5.96613881498e-06, 4.66901383334e-06, 3.62447053703e-06, 4.01823308493e-06, 4.39971063315e-06, 3.46452202393e-06, 2.75311163023e-06, 2.06708591577e-06, 1.83772863238e-06, 1.56409328156e-06, 1.23096481275e-06, 7.95568041667e-07, 5.49152616713e-07, 3.55064315727e-07]}, "spectral_entropy": {"min": 4.99475955963, "max": 9.80983734131, "dvar2": 0.0983420684934, "median": 7.37756586075, "dmean2": 0.285892754793, "dmean": 0.195922419429, "var": 0.270050644875, "dvar": 0.0502546206117, "mean": 7.33739280701}, "spectral_rolloff": {"min": 21.533203125, "max": 18733.8867188, "dvar2": 1353301.125, "median": 1270.45898438, "dmean2": 708.682434082, "dmean": 433.129364014, "var": 1783638.625, "dvar": 662748.875, "mean": 1513.65991211}, "barkbands": {"min": [4.73353067393e-24, 7.84576049442e-24, 4.75464138061e-24, 2.74980661025e-24, 1.46882997544e-23, 1.99706875029e-23, 1.18337371491e-23, 7.31614689279e-24, 2.45132325851e-23, 3.23035259027e-23, 3.37280887906e-23, 4.60267016712e-23, 6.18065324829e-23, 7.94125762902e-23, 6.89382263411e-23, 9.09895265929e-23, 1.24702702757e-22, 7.63643167783e-23, 1.7360951666e-22, 2.39153419677e-22, 2.62841360182e-22, 3.39323431806e-22, 4.08451729449e-22, 7.6214772732e-22, 1.12675994453e-21, 1.5743805743e-21, 1.9116535736e-21], "max": [0.0197361037135, 0.0688987895846, 0.0452966764569, 0.0199405979365, 0.0596519187093, 0.0535232946277, 0.0483194030821, 0.0606090649962, 0.0625074282289, 0.0654946267605, 0.0595246218145, 0.0453274361789, 0.069094710052, 0.102419547737, 0.0432406328619, 0.0325283072889, 0.0210517700762, 0.014692120254, 0.0165756102651, 0.00671593053266, 0.00765251554549, 0.0115008661523, 0.0113301109523, 0.00550856580958, 0.00466460781172, 0.000932691677008, 0.000188097401406], "dvar2": [2.97879807931e-07, 6.8550776632e-05, 4.05826431233e-05, 5.58188958166e-06, 2.16849930439e-05, 1.12883581096e-05, 1.72079253389e-05, 1.87691402971e-05, 1.45259373312e-05, 1.1184091818e-05, 5.22530126545e-06, 5.97469534114e-06, 7.7848580986e-06, 1.10008168122e-05, 2.4696703349e-06, 9.45156841681e-07, 5.5273039834e-07, 2.95443300047e-07, 3.2069539202e-07, 1.30542872512e-07, 1.61404358323e-07, 2.21769653308e-07, 1.86801372593e-07, 6.6995347936e-08, 2.61179806671e-08, 3.03278802072e-09, 8.32067748036e-11], "median": [0.000236827210756, 6.6885855631e-05, 0.000112126661406, 0.000121784731164, 0.000426319485996, 0.000565629336052, 0.000484934891574, 0.000299823906971, 0.00025310536148, 0.000238922861172, 0.000114087990369, 0.000139926123666, 0.000166991143487, 0.000237096770434, 9.50151879806e-05, 4.52937201771e-05, 5.13927734573e-05, 5.42648558621e-05, 7.43932178011e-05, 4.67960162496e-05, 4.21876320615e-05, 3.72227659682e-05, 2.06785407499e-05, 1.5238789274e-05, 4.78719357488e-06, 1.41132750286e-06, 2.46342807486e-07], "dmean2": [0.000221982423682, 0.00241544889286, 0.00161258748267, 0.000761840376072, 0.00133334239945, 0.00151562551036, 0.00179593963549, 0.0016220806865, 0.00140645785723, 0.00124830054119, 0.000726600526832, 0.000794509483967, 0.000826174684335, 0.00105302094016, 0.000511416583322, 0.00029917768552, 0.000259000342339, 0.000225699681323, 0.000206299766432, 0.00014302758791, 0.000140213945997, 0.000148921622895, 0.000106276973384, 7.41996409488e-05, 3.35678632837e-05, 1.19598807942e-05, 1.71615670297e-06], "dmean": [0.000215371066588, 0.00153436989058, 0.000879023398738, 0.00042197824223, 0.000778413552325, 0.000966955674812, 0.00115800707135, 0.00102632236667, 0.00091099482961, 0.00081707618665, 0.000466483761556, 0.000503950228449, 0.000531805562787, 0.000674200709909, 0.000334327924065, 0.000191268351045, 0.000164249242516, 0.000145771802636, 0.00013493753795, 9.20301390579e-05, 9.34216150199e-05, 9.78581956588e-05, 7.18155788491e-05, 5.11832440679e-05, 2.30104706134e-05, 8.46088823891e-06, 1.22828976146e-06], "var": [9.28875977024e-07, 5.32162848685e-05, 8.58256862557e-06, 1.42765452438e-06, 6.15888211541e-06, 8.66195114213e-06, 1.75512432179e-05, 1.9718432668e-05, 1.93427567865e-05, 1.46244819916e-05, 5.76170123168e-06, 5.23854259882e-06, 1.02008934846e-05, 1.62511969393e-05, 2.9093221201e-06, 9.9353405858e-07, 5.12864858138e-07, 3.3155228607e-07, 2.4831493306e-07, 1.04898710163e-07, 1.28823685941e-07, 1.57908047527e-07, 1.21527861552e-07, 5.36493054426e-08, 1.57166937242e-08, 2.22502616332e-09, 5.7651314278e-11], "dvar": [2.15864943698e-07, 3.70308007405e-05, 1.40593892866e-05, 1.90312846371e-06, 7.85086012911e-06, 4.60874707642e-06, 7.34926470614e-06, 7.86288637755e-06, 6.53244705973e-06, 5.14498606208e-06, 2.31917738347e-06, 2.54786277765e-06, 3.55740326086e-06, 4.84960037284e-06, 1.13755686471e-06, 4.51123639778e-07, 2.47855297175e-07, 1.35704041782e-07, 1.3357217199e-07, 5.56836781129e-08, 7.01280526982e-08, 1.0082219859e-07, 8.31305229099e-08, 3.12607504327e-08, 1.15149347835e-08, 1.45280099062e-09, 4.14299879126e-11], "mean": [0.000576067774091, 0.00188248092309, 0.000806080875918, 0.00050459994236, 0.00104779086541, 0.00157780305017, 0.00194093189202, 0.00179381854832, 0.00154266622849, 0.00139987503644, 0.00072521524271, 0.000773003499489, 0.000887349830009, 0.00114312104415, 0.000528509670403, 0.000288105715299, 0.000249908684054, 0.00022861258185, 0.000236099062022, 0.000154346984345, 0.000166526180692, 0.000164107230376, 0.00010877805471, 8.28431147966e-05, 3.44240979757e-05, 1.24551806948e-05, 1.70207192696e-06]}, "melbands_flatness_db": {"min": 0.00423699291423, "max": 0.541847586632, "dvar2": 0.00205994723365, "median": 0.189669251442, "dmean2": 0.0417044758797, "dmean": 0.0283867679536, "var": 0.00623906636611, "dvar": 0.0010258522816, "mean": 0.199874997139}, "melbands_skewness": {"min": -4.1359167099, "max": 17.4616222382, "dvar2": 1.51092088223, "median": 1.63432812691, "dmean2": 1.03111457825, "dmean": 0.679551482201, "var": 2.61756777763, "dvar": 0.737484812737, "mean": 1.89979374409}, "barkbands_skewness": {"min": -5.41681909561, "max": 14.2795228958, "dvar2": 0.923848867416, "median": 0.933916926384, "dmean2": 0.795859456062, "dmean": 0.527966141701, "var": 1.73999810219, "dvar": 0.456063449383, "mean": 1.09098207951}, "silence_rate_60dB": {"min": 0, "max": 1, "dvar2": 0.0979158729315, "median": 0, "dmean2": 0.0984893515706, "dmean": 0.0492417477071, "var": 0.153440445662, "dvar": 0.0468252114952, "mean": 0.189224541187}, "spectral_energyband_low": {"min": 1.81187576418e-23, "max": 0.0817312896252, "dvar2": 0.000135482812766, "median": 0.000458531372715, "dmean2": 0.00370336114429, "dmean": 0.00220074434765, "var": 8.75043115229e-05, "dvar": 6.03795087954e-05, "mean": 0.00312168034725}, "spectral_energyband_middle_low": {"min": 1.33025576582e-22, "max": 0.0918243452907, "dvar2": 9.06416098587e-05, "median": 0.00553661491722, "dmean2": 0.00597213441506, "dmean": 0.00374642480165, "var": 0.000107406500319, "dvar": 3.63922736142e-05, "mean": 0.00908600632101}, "melbands_kurtosis": {"min": -1.90554344654, "max": 581.39263916, "dvar2": 706.983459473, "median": 4.48394918442, "dmean2": 9.88862800598, "dmean": 6.2675652504, "var": 537.064331055, "dvar": 335.414215088, "mean": 10.0033874512}, "spectral_decrease": {"min": -3.94342087873e-08, "max": 1.15207444085e-28, "dvar2": 1.58100701382e-17, "median": -2.96308622083e-09, "dmean2": 2.47534437392e-09, "dmean": 1.60490543077e-09, "var": 2.24575797452e-17, "dvar": 7.19374494191e-18, "mean": -4.56586590758e-09}, "erbbands_kurtosis": {"min": -1.91780757904, "max": 56.5826911926, "dvar2": 11.6535835266, "median": 0.522668242455, "dmean2": 2.27211833, "dmean": 1.45331919193, "var": 15.7264432907, "dvar": 5.25021314621, "mean": 1.6139677763}, "melbands_crest": {"min": 1.66633963585, "max": 38.6396484375, "dvar2": 23.7666110992, "median": 12.4608621597, "dmean2": 5.48368358612, "dmean": 3.47174239159, "var": 37.8561210632, "dvar": 10.5988521576, "mean": 13.8814115524}, "gfcc": {"cov": [[10873.6611328, -2264.25073242, -701.399902344, 458.88269043, -1021.09246826, 496.720184326, -450.911499023, 332.907073975, -115.983512878, 45.1610107422, -346.749694824, -30.6007404327, -160.939102173], [-2264.25073242, 2195.67944336, 322.115539551, -46.977180481, 627.034851074, -268.625976562, 236.717849731, -231.523635864, 26.4826965332, -169.472885132, 96.7018127441, -159.802566528, 11.1539258957], [-701.399902344, 322.115539551, 943.714538574, 321.647705078, 197.789245605, 107.32901001, 5.07454013824, 6.36691808701, -43.1949882507, -31.5314407349, -27.1417102814, 14.7105951309, -35.3768539429], [458.88269043, -46.977180481, 321.647705078, 562.67767334, 128.603210449, 94.0393371582, -24.7488021851, -6.74617481232, -9.86389064789, -19.9981937408, -63.525177002, -8.33812236786, -21.2501411438], [-1021.09246826, 627.034851074, 197.789245605, 128.603210449, 550.711425781, 27.1072387695, 111.270896912, -35.9998397827, 8.09257221222, -41.8376502991, -16.7911911011, -46.8560180664, -9.04211902618], [496.720184326, -268.625976562, 107.32901001, 94.0393371582, 27.1072387695, 317.708404541, 61.4949531555, 45.601108551, -25.6511669159, 18.6648387909, -31.8114929199, -9.37106704712, -36.3088378906], [-450.911499023, 236.717849731, 5.07454013824, -24.7488021851, 111.270896912, 61.4949531555, 237.493011475, 39.7047653198, 26.8020534515, 11.5047273636, 30.8246002197, -18.3639087677, -15.0975370407], [332.907073975, -231.523635864, 6.36691808701, -6.74617481232, -35.9998397827, 45.601108551, 39.7047653198, 189.9581604, 68.8319625854, 39.1791877747, 1.36854422092, 7.88562583923, -3.9854092598], [-115.983512878, 26.4826965332, -43.1949882507, -9.86389064789, 8.09257221222, -25.6511669159, 26.8020534515, 68.8319625854, 164.433959961, 61.711605072, 34.0787124634, 2.54856729507, 5.87092590332], [45.1610107422, -169.472885132, -31.5314407349, -19.9981937408, -41.8376502991, 18.6648387909, 11.5047273636, 39.1791877747, 61.711605072, 148.062789917, 62.3505935669, 32.4606590271, -1.53391945362], [-346.749694824, 96.7018127441, -27.1417102814, -63.525177002, -16.7911911011, -31.8114929199, 30.8246002197, 1.36854422092, 34.0787124634, 62.3505935669, 149.373123169, 38.3042221069, 10.285115242], [-30.6007404327, -159.802566528, 14.7105951309, -8.33812236786, -46.8560180664, -9.37106704712, -18.3639087677, 7.88562583923, 2.54856729507, 32.4606590271, 38.3042221069, 152.601745605, 58.2700767517], [-160.939102173, 11.1539258957, -35.3768539429, -21.2501411438, -9.04211902618, -36.3088378906, -15.0975370407, -3.9854092598, 5.87092590332, -1.53391945362, 10.285115242, 58.2700767517, 117.402046204]], "icov": [[0.000205158459721, -0.000170703453477, 0.000315039942507, -0.000318350881571, 0.000409279862652, -0.000410290755099, 0.000455161294667, -0.000560277316254, 0.000294477475109, -0.000210857993807, 0.000426016136771, -0.00018971101963, 0.000318266742397], [-0.000170703453477, 0.00203082617372, -0.00105535704643, 0.000761455390602, -0.00170153670479, 0.0017888128059, -0.00193023018073, 0.0024861774873, -0.00137996650301, 0.00200335937552, -0.00196368084289, 0.00195360253565, -0.00105119985528], [0.000315039942507, -0.00105535704643, 0.00227173184976, -0.00139503821265, 0.000769551261328, -0.0014481638791, 0.00152627483476, -0.00200696731918, 0.00130767282099, -0.000849019212183, 0.00106823560782, -0.0014998576371, 0.00127806584351], [-0.000318350881571, 0.000761455390602, -0.00139503821265, 0.00307960482314, -0.00135597505141, 0.000495623156894, -0.000635302101728, 0.00163946230896, -0.00116815906949, 0.000706702179741, -0.000260513683315, 0.000644637795631, -0.000578378210776], [0.000409279862652, -0.00170153670479, 0.000769551261328, -0.00135597505141, 0.00425322121009, -0.00177016993985, 0.000738842471037, -0.00179006555118, 0.000846314011142, -0.00125946488697, 0.00212808279321, -0.00105622201227, 0.000802553782705], [-0.000410290755099, 0.0017888128059, -0.0014481638791, 0.000495623156894, -0.00177016993985, 0.00604283204302, -0.00328990234993, 0.00171575543936, -0.000101873614767, 0.000588822469581, -0.00101277860813, 0.00158215907868, -0.000395116949221], [0.000455161294667, -0.00193023018073, 0.00152627483476, -0.000635302101728, 0.000738842471037, -0.00328990234993, 0.00790993124247, -0.00398373696953, 0.00120951712597, -0.00151901342906, 0.000712271896191, -0.00143206515349, 0.00164170050994], [-0.000560277316254, 0.0024861774873, -0.00200696731918, 0.00163946230896, -0.00179006555118, 0.00171575543936, -0.00398373696953, 0.0108225438744, -0.00508392509073, 0.00192453723866, -0.00174160953611, 0.00203022360802, -0.00164011621382], [0.000294477475109, -0.00137996650301, 0.00130767282099, -0.00116815906949, 0.000846314011142, -0.000101873614767, 0.00120951712597, -0.00508392509073, 0.0101833762601, -0.00454860692844, 0.000857817474753, -0.000451990868896, 0.000314537144732], [-0.000210857993807, 0.00200335937552, -0.000849019212183, 0.000706702179741, -0.00125946488697, 0.000588822469581, -0.00151901342906, 0.00192453723866, -0.00454860692844, 0.012370753102, -0.00558525742963, 0.000374300376279, 4.04080274166e-05], [0.000426016136771, -0.00196368084289, 0.00106823560782, -0.000260513683315, 0.00212808279321, -0.00101277860813, 0.000712271896191, -0.00174160953611, 0.000857817474753, -0.00558525742963, 0.0119188735262, -0.0037641224917, 0.0016366627533], [-0.00018971101963, 0.00195360253565, -0.0014998576371, 0.000644637795631, -0.00105622201227, 0.00158215907868, -0.00143206515349, 0.00203022360802, -0.000451990868896, 0.000374300376279, -0.0037641224917, 0.0113006196916, -0.00573979038745], [0.000318266742397, -0.00105119985528, 0.00127806584351, -0.000578378210776, 0.000802553782705, -0.000395116949221, 0.00164170050994, -0.00164011621382, 0.000314537144732, 4.04080274166e-05, 0.0016366627533, -0.00573979038745, 0.0121196322143]], "mean": [-53.5868797302, 92.0324249268, -139.034515381, 12.9494276047, -69.4030456543, 5.49802064896, -33.9319267273, -2.75389456749, -18.7839870453, 4.12985038757, -8.22950553894, -3.61189126968, -12.5252180099]}, "melbands_spread": {"min": 0.444760888815, "max": 262.476928711, "dvar2": 255.874511719, "median": 19.3173160553, "dmean2": 10.9531183243, "dmean": 7.1486325264, "var": 403.326782227, "dvar": 129.31413269, "mean": 23.3661804199}, "spectral_energy": {"min": 9.78850478654e-21, "max": 0.156888127327, "dvar2": 0.000248692493187, "median": 0.0123041942716, "dmean2": 0.00993824843317, "dmean": 0.006487400271, "var": 0.000375281932065, "dvar": 0.000113604699436, "mean": 0.018857197836}, "mfcc": {"cov": [[9812.89550781, -2014.58764648, -468.46697998, -148.722335815, -534.145324707, -48.1806106567, -347.845245361, 93.8152923584, 76.3834152222, 93.3663406372, -47.4186897278, -82.4437103271, -134.424697876], [-2014.58764648, 1828.60595703, 20.4693584442, 131.714767456, 218.720230103, 13.823720932, 159.732086182, -37.8879470825, -43.7877311707, -44.6873474121, 6.06574869156, -44.8877182007, -11.1071939468], [-468.46697998, 20.4693584442, 717.674865723, 188.130691528, 150.518280029, 106.016036987, 43.9638519287, 46.3569374084, -28.0937423706, -10.3047485352, -43.8419075012, -3.6182513237, -23.9066505432], [-148.722335815, 131.714767456, 188.130691528, 461.690002441, 193.70249939, 75.8263244629, 11.8418626785, 11.3859958649, 28.3970394135, -37.2728004456, -32.2608909607, 2.59172177315, -5.42078447342], [-534.145324707, 218.720230103, 150.518280029, 193.70249939, 381.445404053, 100.409286499, 58.0986633301, 25.4964294434, 39.4442939758, -9.07930850983, -37.3806190491, -3.02158212662, -27.7775363922], [-48.1806106567, 13.823720932, 106.016036987, 75.8263244629, 100.409286499, 253.527542114, 98.9911575317, 38.6151809692, 9.37431430817, 3.95556664467, 8.85583877563, -25.8093509674, -34.9593582153], [-347.845245361, 159.732086182, 43.9638519287, 11.8418626785, 58.0986633301, 98.9911575317, 222.956604004, 53.382938385, 3.81094145775, 19.5037899017, 29.9581623077, -21.6944046021, -12.6300058365], [93.8152923584, -37.8879470825, 46.3569374084, 11.3859958649, 25.4964294434, 38.6151809692, 53.382938385, 144.495285034, 47.9837226868, 23.3631591797, -4.65274810791, 4.79338216782, -4.61640787125], [76.3834152222, -43.7877311707, -28.0937423706, 28.3970394135, 39.4442939758, 9.37431430817, 3.81094145775, 47.9837226868, 150.305358887, 35.1841621399, 8.54607200623, 8.57827854156, -5.46955823898], [93.3663406372, -44.6873474121, -10.3047485352, -37.2728004456, -9.07930850983, 3.95556664467, 19.5037899017, 23.3631591797, 35.1841621399, 151.673049927, 57.3086280823, 22.6366500854, 2.98638296127], [-47.4186897278, 6.06574869156, -43.8419075012, -32.2608909607, -37.3806190491, 8.85583877563, 29.9581623077, -4.65274810791, 8.54607200623, 57.3086280823, 152.482345581, 51.8338356018, 19.7455787659], [-82.4437103271, -44.8877182007, -3.6182513237, 2.59172177315, -3.02158212662, -25.8093509674, -21.6944046021, 4.79338216782, 8.57827854156, 22.6366500854, 51.8338356018, 148.26625061, 54.744354248], [-134.424697876, -11.1071939468, -23.9066505432, -5.42078447342, -27.7775363922, -34.9593582153, -12.6300058365, -4.61640787125, -5.46955823898, 2.98638296127, 19.7455787659, 54.744354248, 145.782958984]], "icov": [[0.000153594897711, 0.000140409800224, 0.00010566819401, -9.2331210908e-05, 0.000152225751663, -6.93274705554e-05, 0.000171530205989, -0.000152722801431, 2.87367929559e-05, -9.46024010773e-05, 3.73853072233e-05, 9.75209113676e-05, 0.000149956918904], [0.000140409800224, 0.000796200591139, 0.000161046060384, -0.000187897923752, -0.000266753544565, 0.000257160514593, -0.000402836594731, 0.000107841886347, 0.000233176251641, 7.65593722463e-05, -0.000131805820274, 0.000284605601337, 0.000107068808575], [0.00010566819401, 0.000161046060384, 0.00182909984142, -0.000610209943261, -0.000244198279688, -0.000429014267866, 8.21445355541e-05, -0.000630065856967, 0.000801202317234, -0.000294236757327, 0.000429925916251, -0.000128848012537, 0.000250962562859], [-9.2331210908e-05, -0.000187897923752, -0.000610209943261, 0.00311737204902, -0.00126986100804, -0.00039211998228, 0.000298132013995, 0.000256042316323, -0.000624030071776, 0.000770088692661, -2.43067788688e-05, -0.000178468704689, -0.000354536634404], [0.000152225751663, -0.000266753544565, -0.000244198279688, -0.00126986100804, 0.00429804483429, -0.00106808054261, -0.00027220803895, 9.81791308732e-05, -0.000974135356955, -0.000343615654856, 0.00122187542729, -0.000673259142786, 0.000632940442301], [-6.93274705554e-05, 0.000257160514593, -0.000429014267866, -0.00039211998228, -0.00106808054261, 0.00572742661461, -0.00216099689715, -0.000396423507482, 0.00017600764113, 0.000286745285848, -0.000865540641826, 0.000699051597621, 0.000696363975294], [0.000171530205989, -0.000402836594731, 8.21445355541e-05, 0.000298132013995, -0.00027220803895, -0.00216099689715, 0.00698326621205, -0.0024807646405, 0.000674124690704, -0.000383039179724, -0.0015519047156, 0.0013033595169, -0.000137709474075], [-0.000152722801431, 0.000107841886347, -0.000630065856967, 0.000256042316323, 9.81791308732e-05, -0.000396423507482, -0.0024807646405, 0.00936703011394, -0.00285506085493, -0.000683015852701, 0.00140818359796, -0.000976783689111, -0.00013812634279], [2.87367929559e-05, 0.000233176251641, 0.000801202317234, -0.000624030071776, -0.000974135356955, 0.00017600764113, 0.000674124690704, -0.00285506085493, 0.00852326769382, -0.00163764855824, -0.000294976955047, 4.88177211082e-05, 0.000351985305315], [-9.46024010773e-05, 7.65593722463e-05, -0.000294236757327, 0.000770088692661, -0.000343615654856, 0.000286745285848, -0.000383039179724, -0.000683015852701, -0.00163764855824, 0.00853480491787, -0.00305533502251, -0.000221186564886, 0.000108072730654], [3.73853072233e-05, -0.000131805820274, 0.000429925916251, -2.43067788688e-05, 0.00122187542729, -0.000865540641826, -0.0015519047156, 0.00140818359796, -0.000294976955047, -0.00305533502251, 0.00968017429113, -0.00331224524416, 1.36301905513e-05], [9.75209113676e-05, 0.000284605601337, -0.000128848012537, -0.000178468704689, -0.000673259142786, 0.000699051597621, 0.0013033595169, -0.000976783689111, 4.88177211082e-05, -0.000221186564886, -0.00331224524416, 0.00947399251163, -0.00289749982767], [0.000149956918904, 0.000107068808575, 0.000250962562859, -0.000354536634404, 0.000632940442301, 0.000696363975294, -0.000137709474075, -0.00013812634279, 0.000351985305315, 0.000108072730654, 1.36301905513e-05, -0.00289749982767, 0.00840241648257]], "mean": [-688.341003418, 122.386688232, -12.3500890732, 6.97304010391, -12.9084806442, 3.34341645241, -5.99491691589, -4.7119436264, -9.48757266998, 3.33379673958, 3.82131123543, 0.910764217377, -3.84066987038]}, "spectral_contrast_valleys": {"min": [-27.8878974915, -27.672121048, -27.6497249603, -27.3859233856, -27.3005161285, -27.3079185486], "max": [-5.48906564713, -4.37194156647, -5.03567123413, -4.69751882553, -5.2945857048, -7.51041603088], "dvar2": [0.449182778597, 0.35815140605, 0.29884198308, 0.345725506544, 0.397541821003, 0.368222981691], "median": [-8.46940517426, -6.90350246429, -7.54934501648, -8.05409812927, -8.07114601135, -10.7083272934], "dmean2": [0.693264722824, 0.62427765131, 0.561198651791, 0.514853596687, 0.481977880001, 0.501830279827], "dmean": [0.428918302059, 0.382604211569, 0.353050768375, 0.337192386389, 0.339188933372, 0.395088434219], "var": [1.86317038536, 1.10927200317, 1.22135615349, 1.28871178627, 1.44055604935, 2.17513227463], "dvar": [0.216270059347, 0.149652302265, 0.137784808874, 0.161683678627, 0.20041783154, 0.245531827211], "mean": [-8.59766101837, -7.0299243927, -7.66524744034, -8.15287590027, -8.22584819794, -10.9862136841]}, "barkbands_flatness_db": {"min": 0.0141003299505, "max": 0.40447691083, "dvar2": 0.00134003942367, "median": 0.136760056019, "dmean2": 0.034628469497, "dmean": 0.0232783649117, "var": 0.00365339289419, "dvar": 0.000642780680209, "mean": 0.145007014275}, "dynamic_complexity": 4.71038484573, "erbbands_flatness_db": {"min": 0.0356333367527, "max": 0.440519452095, "dvar2": 0.000913430994842, "median": 0.195133239031, "dmean2": 0.0310503374785, "dmean": 0.02