{"lowlevel": {"spectral_complexity": {"min": 0, "max": 61, "dvar2": 20.9555873871, "median": 9, "dmean2": 3.4586815834, "dmean": 2.33582520485, "var": 186.606781006, "dvar": 11.2740697861, "mean": 14.7639446259}, "silence_rate_20dB": {"min": 1, "max": 1, "dvar2": 0, "median": 1, "dmean2": 0, "dmean": 0, "var": 0, "dvar": 0, "mean": 1}, "average_loudness": 0.131738051772, "erbbands_spread": {"min": 1.10157871246, "max": 134.921569824, "dvar2": 72.9158172607, "median": 24.782781601, "dmean2": 6.38345193863, "dmean": 4.21685409546, "var": 250.761672974, "dvar": 36.0374679565, "mean": 25.4433956146}, "spectral_kurtosis": {"min": -1.29246020317, "max": 180.44833374, "dvar2": 129.86831665, "median": 6.1262421608, "dmean2": 7.35015010834, "dmean": 4.43066692352, "var": 403.86819458, "dvar": 54.5355682373, "mean": 13.8436613083}, "barkbands_kurtosis": {"min": -1.84261906147, "max": 7266.51757812, "dvar2": 4792.13232422, "median": 1.86543941498, "dmean2": 5.35297727585, "dmean": 3.80194139481, "var": 55275.4726562, "dvar": 2254.39746094, "mean": 15.3364725113}, "spectral_strongpeak": {"min": 0, "max": 9.42008686066, "dvar2": 1.02116036415, "median": 0.272950828075, "dmean2": 0.555995345116, "dmean": 0.330231398344, "var": 0.964766025543, "dvar": 0.393922060728, "mean": 0.688545107841}, "spectral_spread": {"min": 610436, "max": 43485916, "dvar2": 677966774272, "median": 2978784.5, "dmean2": 544944.375, "dmean": 382393.53125, "var": 15590970359800.0, "dvar": 389846138880, "mean": 3626544.5}, "spectral_rms": {"min": 3.1203648606e-12, "max": 0.0133764138445, "dvar2": 2.01944544642e-06, "median": 0.00280766771175, "dmean2": 0.000763528980315, "dmean": 0.000514099025168, "var": 6.00589373789e-06, "dvar": 9.31063141252e-07, "mean": 0.00306927738711}, "erbbands": {"min": [1.06340393777e-22, 7.00462742526e-22, 1.67305175071e-21, 9.63181464498e-21, 1.91204026438e-20, 1.91968182996e-20, 3.56829204955e-20, 2.91344385475e-20, 1.3601765082e-19, 1.49191988415e-19, 2.62797426108e-19, 3.46891062872e-19, 4.05096091964e-19, 3.27803146455e-19, 6.00831840312e-19, 1.19352670494e-18, 1.32205433871e-18, 1.46782496594e-18, 2.49054487145e-18, 2.90446625676e-18, 4.18991671599e-18, 3.71228691387e-18, 5.23706822807e-18, 5.73559013092e-18, 7.87428297547e-18, 8.31157035194e-18, 9.33969050607e-18, 1.0033543666e-17, 1.20056001489e-17, 1.11872687146e-17, 1.06080081937e-17, 1.06858475437e-17, 9.87490531372e-18, 8.87627166688e-18, 5.81327314379e-18, 3.86876797907e-18, 2.25966883632e-18, 8.43963228302e-19, 2.47374540189e-19, 2.63289941077e-20], "max": [0.973072707653, 21.9741744995, 65.1204071045, 82.8561553955, 215.977355957, 416.062713623, 213.751312256, 468.124816895, 727.16998291, 494.130950928, 1146.44189453, 1301.67382812, 889.954101562, 1217.18859863, 937.738830566, 1313.10913086, 1757.84533691, 925.609863281, 559.475341797, 1166.6262207, 448.952697754, 822.983520508, 410.010559082, 222.541915894, 192.459274292, 131.825576782, 201.500106812, 162.587356567, 87.7030334473, 102.263282776, 55.4901008606, 40.0376052856, 33.7037200928, 18.8917922974, 7.17148256302, 5.04841518402, 1.46345484257, 0.144973471761, 0.0158496014774, 0.00198440346867], "dvar2": [0.00576345436275, 2.28901147842, 45.2692184448, 74.4066543579, 490.327362061, 1841.91784668, 382.711334229, 911.758850098, 3315.92382812, 1608.46716309, 3656.07910156, 4314.57373047, 2392.52294922, 2597.00732422, 2470.61694336, 2771.97192383, 6174.06884766, 3141.23803711, 1814.81591797, 1644.09313965, 866.59777832, 897.934570312, 366.053833008, 207.013763428, 90.7030944824, 64.5786743164, 134.783035278, 95.1842651367, 30.5602073669, 24.2515830994, 5.62467336655, 4.90758752823, 3.48579645157, 0.813463270664, 0.149628296494, 0.0447638593614, 0.00234776129946, 4.74420521641e-05, 6.79752361066e-07, 3.4913774094e-09], "median": [0.00144630810246, 0.0177630018443, 0.0679185688496, 0.103292927146, 0.729303836823, 2.66984033585, 1.89425444603, 2.40424013138, 4.91579818726, 6.63374090195, 3.95578718185, 5.18224906921, 5.34906482697, 5.02803039551, 5.56097221375, 4.86103010178, 4.20975732803, 3.59491872787, 3.20961666107, 2.61675095558, 2.13044214249, 2.52914905548, 3.98610544205, 3.51336336136, 2.15648198128, 1.25076055527, 0.356531620026, 0.309217214584, 0.366249978542, 0.0904967710376, 0.0428137928247, 0.0330299288034, 0.0178706422448, 0.00672039762139, 0.0024112011306, 0.000595188466832, 0.000171060150024, 6.23802698101e-05, 1.07858541014e-05, 1.04912742245e-05], "dmean2": [0.0385482870042, 0.728899419308, 2.09392976761, 3.02978849411, 6.86726856232, 12.5130195618, 6.56146860123, 9.84721565247, 19.9669857025, 15.8901767731, 19.6928882599, 21.7926177979, 18.0545158386, 17.815076828, 18.7451095581, 19.733341217, 24.2564430237, 19.2912902832, 14.8160209656, 15.5387334824, 11.5228500366, 11.2245531082, 7.83330059052, 6.90252399445, 3.95085263252, 3.03930282593, 3.24233341217, 2.78513455391, 1.80134189129, 1.201785326, 0.627013385296, 0.592187643051, 0.47257822752, 0.214813351631, 0.0912384241819, 0.0449670292437, 0.00978802330792, 0.00139496952761, 0.00016672120546, 1.60344097822e-05], "dmean": [0.0225860085338, 0.434034317732, 1.25326859951, 1.71257066727, 3.8355755806, 7.09253978729, 4.01478862762, 6.054251194, 11.9337043762, 10.0041513443, 12.5819120407, 14.114774704, 11.8915491104, 11.417634964, 12.1660699844, 12.4786539078, 15.2018594742, 12.2310705185, 9.60284900665, 9.98600673676, 7.47579145432, 7.00262260437, 4.92868041992, 4.37762594223, 2.59834361076, 2.09572291374, 2.39731240273, 2.08551883698, 1.34564709663, 0.917104542255, 0.504872441292, 0.475958883762, 0.394198656082, 0.179931879044, 0.0752662792802, 0.0357824452221, 0.00792961381376, 0.00115727772936, 0.000136625167215, 1.20870727187e-05], "var": [0.00283208489418, 1.17061960697, 17.563659668, 24.9851093292, 127.847053528, 498.400268555, 194.835449219, 451.690216064, 1560.95117188, 1166.11169434, 4261.43310547, 5056.55859375, 3040.12646484, 2573.33032227, 3163.17236328, 3204.02807617, 6236.72021484, 3260.04248047, 1537.5579834, 1842.35144043, 899.225341797, 840.357666016, 410.179718018, 283.093963623, 130.288635254, 88.8174819946, 145.194488525, 108.916343689, 43.2445602417, 23.5007762909, 7.5920381546, 7.01888084412, 4.96798276901, 1.06344616413, 0.187668040395, 0.0430860072374, 0.00215464900248, 4.55212721135e-05, 6.17534851699e-07, 3.54546303427e-09], "dvar": [0.00206686416641, 0.882063031197, 17.2828178406, 26.824508667, 169.051025391, 652.896240234, 149.347991943, 355.947967529, 1156.10083008, 657.180480957, 1587.53674316, 1934.96740723, 1066.43554688, 1050.67333984, 1077.17053223, 1145.4284668, 2354.12255859, 1298.76782227, 784.420227051, 751.967773438, 383.405273438, 352.20324707, 154.531265259, 87.6741943359, 41.2445869446, 32.8969421387, 71.8850860596, 51.7739143372, 17.7994842529, 12.5434513092, 3.28977560997, 3.01270413399, 2.20386528969, 0.490357249975, 0.0913073942065, 0.0245766360313, 0.00127010862343, 2.59367479885e-05, 3.70254383597e-07, 1.84394211011e-09], "mean": [0.0298425536603, 0.560623347759, 1.74938821793, 2.24845385551, 4.23267650604, 8.34580612183, 6.47352027893, 9.63197422028, 18.8295898438, 18.5848007202, 23.9941082001, 28.1012001038, 24.042142868, 21.8740406036, 24.2207107544, 25.0668773651, 29.127696991, 22.5121860504, 17.2135677338, 19.5564918518, 16.0672416687, 15.5428676605, 11.3738117218, 10.6792087555, 6.39509868622, 4.30941963196, 3.7149772644, 3.31478047371, 2.35190725327, 1.3828908205, 0.82036113739, 0.764263629913, 0.612836837769, 0.27481764555, 0.109268508852, 0.0468195974827, 0.0106113115326, 0.00162686465774, 0.000186444609426, 2.6786887247e-05]}, "zerocrossingrate": {"min": 0, "max": 0.53173828125, "dvar2": 0.000120067263197, "median": 0.03955078125, "dmean2": 0.00675496272743, "dmean": 0.00548491207883, "var": 0.0026345688384, "dvar": 9.426651377e-05, "mean": 0.0464139543474}, "spectral_contrast_coeffs": {"min": [-0.980459451675, -0.982782006264, -0.982235968113, -0.977838635445, -0.970914542675, -0.964226126671], "max": [-0.258835971355, -0.385685384274, -0.384985238314, -0.465226560831, -0.529132902622, -0.549269676208], "dvar2": [0.00526711065322, 0.00304020382464, 0.00180323561653, 0.0012523739133, 0.000711987435352, 0.00071468076203], "median": [-0.660762190819, -0.718299090862, -0.793347120285, -0.811773777008, -0.789088487625, -0.767865300179], "dmean2": [0.0796282589436, 0.0640350803733, 0.0506634637713, 0.041896995157, 0.0309964045882, 0.0263499729335], "dmean": [0.0472438894212, 0.0394868701696, 0.031494051218, 0.0258345957845, 0.0195491034538, 0.0171881429851], "var": [0.00779023300856, 0.00783701892942, 0.00717273820192, 0.00527528161183, 0.00399997830391, 0.00578442681581], "dvar": [0.00191539118532, 0.0012147470843, 0.000766345940065, 0.00052714505, 0.000327737798216, 0.000333636446157], "mean": [-0.655041992664, -0.710544884205, -0.774843156338, -0.796921551228, -0.790510177612, -0.773911476135]}, "dissonance": {"min": 0.135022982955, "max": 0.499999940395, "dvar2": 0.00171484437305, "median": 0.45927092433, "dmean2": 0.0383067540824, "dmean": 0.0228710267693, "var": 0.00363921187818, "dvar": 0.00065339053981, "mean": 0.435041487217}, "spectral_energyband_high": {"min": 7.10760272774e-21, "max": 0.0133452741429, "dvar2": 4.48188984592e-07, "median": 3.43980500475e-05, "dmean2": 0.000194413441932, "dmean": 0.000166469617398, "var": 7.82356949003e-07, "dvar": 3.03010011748e-07, "mean": 0.000288523529889}, "spectral_skewness": {"min": -0.125320598483, "max": 11.4004678726, "dvar2": 0.489842563868, "median": 1.73073279858, "dmean2": 0.583605349064, "dmean": 0.358048766851, "var": 2.64864659309, "dvar": 0.212044358253, "mean": 2.34947991371}, "spectral_flux": {"min": 6.33624264168e-11, "max": 0.340943694115, "dvar2": 0.00173378246836, "median": 0.0385018251836, "dmean2": 0.0248150173575, "dmean": 0.0158886983991, "var": 0.00301712937653, "dvar": 0.000817944004666, "mean": 0.0523445494473}, "silence_rate_30dB": {"min": 0, "max": 1, "dvar2": 0.0352988541126, "median": 1, "dmean2": 0.0266881026328, "dmean": 0.0133429784328, "var": 0.0090785427019, "dvar": 0.0131652783602, "mean": 0.9908375144}, "spectral_energyband_middle_high": {"min": 1.16086296945e-21, "max": 0.0627254322171, "dvar2": 1.81590003194e-05, "median": 0.001632302301, "dmean2": 0.00179386604577, "dmean": 0.00126481079496, "var": 4.45572586614e-05, "dvar": 8.99437327462e-06, "mean": 0.00409916322678}, "barkbands_spread": {"min": 0.0547271519899, "max": 100.574409485, "dvar2": 42.3311843872, "median": 14.9200382233, "dmean2": 4.70477437973, "dmean": 3.02957940102, "var": 125.690391541, "dvar": 20.8178215027, "mean": 16.085981369}, "spectral_centroid": {"min": 162.234237671, "max": 11811.7949219, "dvar2": 101458.757812, "median": 1025.64978027, "dmean2": 216.079147339, "dmean": 138.487838745, "var": 1202494.125, "dvar": 48256.15625, "mean": 1108.20996094}, "pitch_salience": {"min": 0.00599483493716, "max": 0.883029282093, "dvar2": 0.00734991393983, "median": 0.630366325378, "dmean2": 0.0912888795137, "dmean": 0.05656946823, "var": 0.0128948995844, "dvar": 0.00278696254827, "mean": 0.617722809315}, "erbbands_skewness": {"min": -3.0318748951, "max": 6.57689809799, "dvar2": 0.208366602659, "median": 0.529933929443, "dmean2": 0.449637323618, "dmean": 0.295270174742, "var": 1.1296299696, "dvar": 0.0946167111397, "mean": 0.744797825813}, "erbbands_crest": {"min": 2.48630642891, "max": 29.3982429504, "dvar2": 11.3884487152, "median": 9.6421585083, "dmean2": 3.31475543976, "dmean": 2.1210360527, "var": 34.2761421204, "dvar": 4.86919546127, "mean": 10.8226861954}, "melbands": {"min": [1.18027771196e-24, 9.55271409e-25, 1.78818023641e-24, 1.77218825092e-24, 9.01782103676e-25, 5.98736749593e-25, 1.82838689903e-24, 1.95789675763e-24, 1.58089115774e-24, 1.88195351272e-24, 1.79581463503e-24, 1.17234256011e-24, 1.83041841307e-24, 2.42614999705e-24, 2.57645265139e-24, 2.48716562705e-24, 2.21873282708e-24, 3.05468912278e-24, 3.31812764435e-24, 2.96344059579e-24, 4.1428627881e-24, 2.36834384763e-24, 4.19934167904e-24, 3.8203007194e-24, 4.30014784754e-24, 3.94297411219e-24, 4.08516234605e-24, 4.66237068711e-24, 5.06020744111e-24, 4.95231414624e-24, 5.42986332256e-24, 5.21916882997e-24, 5.52166267167e-24, 6.09522726421e-24, 5.11171216961e-24, 4.7939941013e-24, 5.80259063395e-24, 6.50721421069e-24, 5.90790672024e-24, 7.04379897615e-24], "max": [0.0132006257772, 0.0338960178196, 0.012822904624, 0.0219164025038, 0.00892518274486, 0.0105567313731, 0.00990084372461, 0.00636052014306, 0.00918168388307, 0.00725341401994, 0.00496898405254, 0.00504561746493, 0.00324539840221, 0.0028271516785, 0.00242847111076, 0.0029867850244, 0.00160368846264, 0.00108850130346, 0.00147188093979, 0.00107594707515, 0.000520635920111, 0.000905836175662, 0.00113618245814, 0.000443187076598, 0.000204989599297, 0.000159605770023, 0.000121897479403, 0.000109197724669, 0.000112719106255, 0.000151104366523, 8.88398863026e-05, 5.11662146891e-05, 5.67899660382e-05, 6.66777705192e-05, 3.72528593289e-05, 2.7280575523e-05, 2.69140964519e-05, 2.42146325036e-05, 2.24367286137e-05, 1.44396735777e-05], "dvar2": [1.23968504795e-06, 7.75561875344e-06, 2.43476119977e-06, 7.00247119312e-06, 6.72791031775e-07, 5.11260736857e-07, 6.11644168202e-07, 2.11492505287e-07, 2.33950387951e-07, 1.52718968138e-07, 6.44434905439e-08, 4.94620095992e-08, 3.15671755402e-08, 2.25094893835e-08, 2.03141325983e-08, 2.47538718412e-08, 1.12613749437e-08, 6.67534383325e-09, 4.19292822684e-09, 2.51078557945e-09, 1.49481249601e-09, 1.16212794943e-09, 9.92734006111e-10, 3.06116743065e-10, 1.67585306743e-10, 8.54737183809e-11, 5.2681064372e-11, 3.21387950974e-11, 5.28859109283e-11, 6.3104667325e-11, 2.92741490771e-11, 1.19388466127e-11, 1.05848810619e-11, 7.23851881212e-12, 2.31264746936e-12, 1.52797501214e-12, 2.39386570462e-12, 2.28587179567e-12, 1.17395784933e-12, 5.04822095584e-13], "median": [2.61598834186e-05, 3.20421822835e-05, 2.3086407964e-05, 0.00013902624778, 8.85622284841e-05, 5.08261946379e-05, 7.83064460848e-05, 6.24605017947e-05, 2.66185852524e-05, 3.17151934723e-05, 2.16113621718e-05, 1.41507789522e-05, 1.60119670909e-05, 1.25817714434e-05, 1.03961974673e-05, 7.5029920481e-06, 5.3860785556e-06, 3.93138179788e-06, 3.43604006048e-06, 2.60863862422e-06, 2.2341996555e-06, 2.26813926929e-06, 2.72653119282e-06, 3.01028512695e-06, 2.6437219276e-06, 1.52638415329e-06, 1.20624326883e-06, 6.28035365935e-07, 1.90228448105e-07, 1.54247260298e-07, 1.78218954261e-07, 2.2935566335e-07, 1.0013826568e-07, 2.48463365438e-08, 2.20756923852e-08, 2.07648067629e-08, 1.78995964717e-08, 1.33843887085e-08, 6.10707928672e-09, 4.31484714625e-09], "dmean2": [0.000560958811548, 0.0010346834315, 0.000558173516765, 0.000777928391472, 0.000267631548923, 0.000230029487284, 0.000281653716229, 0.000176907211426, 0.000162940297741, 0.00013373811089, 9.22532926779e-05, 7.7029420936e-05, 6.69985311106e-05, 5.71157142986e-05, 5.26203511981e-05, 5.07373806613e-05, 3.66147032764e-05, 2.65180042334e-05, 2.20866859308e-05, 2.06608056033e-05, 1.51915401148e-05, 1.32215964186e-05, 1.0436505363e-05, 6.55341864331e-06, 6.29496480542e-06, 4.27894474342e-06, 2.81229267785e-06, 2.02693581741e-06, 2.03465651794e-06, 2.12475833905e-06, 1.58355499025e-06, 1.15775890208e-06, 8.64915932652e-07, 6.33496711089e-07, 3.88713630173e-07, 3.36215123298e-07, 4.03939651505e-07, 3.79007161655e-07, 2.64609099077e-07, 1.67778864579e-07], "dmean": [0.000332746276399, 0.000621892919298, 0.000314779346809, 0.000436529982835, 0.00016151482123, 0.000141739292303, 0.000169390827068, 0.000111963490781, 0.00010416583973, 8.68603456183e-05, 6.06582943874e-05, 4.94430751132e-05, 4.31906264566e-05, 3.61843121937e-05, 3.35166805598e-05, 3.14286990033e-05, 2.31093181355e-05, 1.68782480614e-05, 1.40346137414e-05, 1.29643540276e-05, 9.57116844802e-06, 8.13484075479e-06, 6.4612386268e-06, 4.12868303101e-06, 3.93642949348e-06, 2.66770575763e-06, 1.8436442133e-06, 1.36975552323e-06, 1.45286935549e-06, 1.54030874455e-06, 1.15270267997e-06, 8.2820974967e-07, 6.41480710328e-07, 4.67976292384e-07, 3.0028263609e-07, 2.65625232032e-07, 3.14574066351e-07, 3.04795179318e-07, 2.13897862977e-07, 1.35578787308e-07], "var": [6.37039306639e-07, 3.63462913811e-06, 8.29452687867e-07, 1.8049895516e-06, 2.98754059713e-07, 2.58056530811e-07, 3.11621050741e-07, 1.57480698704e-07, 2.7938622793e-07, 1.81162803869e-07, 8.0952830217e-08, 5.05675465945e-08, 3.72167505702e-08, 2.34271162469e-08, 2.39478303854e-08, 2.54138701195e-08, 1.03564188336e-08, 4.85271600681e-09, 3.35800298679e-09, 2.74389155841e-09, 1.24378485289e-09, 9.855855021e-10, 6.62112420446e-10, 2.64271243777e-10, 2.02469735422e-10, 1.01210727299e-10, 5.69910056647e-11, 3.76506638367e-11, 5.14961025211e-11, 6.06644109946e-11, 3.15476221535e-11, 1.50329835386e-11, 1.04711864179e-11, 6.1781630159e-12, 2.5788260416e-12, 2.09122606384e-12, 2.95931226572e-12, 2.87287554857e-12, 1.47969841675e-12, 5.89520945081e-13], "dvar": [4.62767303588e-07, 3.03554247694e-06, 8.76945989603e-07, 2.44905163527e-06, 2.56574168134e-07, 2.00833454755e-07, 2.16087855165e-07, 8.75074448459e-08, 1.0132606576e-07, 6.91392259e-08, 2.86695556184e-08, 2.04040233598e-08, 1.33581625761e-08, 9.50373291175e-09, 8.20918888422e-09, 9.44728650865e-09, 4.67568916918e-09, 2.80222134386e-09, 1.73766345757e-09, 1.14100628945e-09, 6.25844931434e-10, 4.44623504681e-10, 3.77809949992e-10, 1.2386167092e-10, 6.85159914915e-11, 3.52608151011e-11, 2.29825464215e-11, 1.57794905614e-11, 2.6895796354e-11, 3.25081905839e-11, 1.5446555493e-11, 6.5169740264e-12, 5.4252414193e-12, 3.58532149282e-12, 1.24317450865e-12, 8.91371557728e-13, 1.38019684657e-12, 1.35473598485e-12, 6.95015659608e-13, 2.88278000646e-13], "mean": [0.000440215255367, 0.000909811991733, 0.000424941856181, 0.000491891929414, 0.000259429216385, 0.000223107548663, 0.000277502520476, 0.000201725808438, 0.000197465866222, 0.000169699516846, 0.000117154573672, 8.92987445695e-05, 7.97075481387e-05, 6.70405061101e-05, 6.4894600655e-05, 5.80088344577e-05, 3.87236468669e-05, 2.715458686e-05, 2.52540721704e-05, 2.44319453486e-05, 1.82517469511e-05, 1.65475557878e-05, 1.29769005071e-05, 8.54422250995e-06, 8.92473053682e-06, 5.78675144425e-06, 3.74760406885e-06, 2.54100041275e-06, 2.18396257878e-06, 2.27464147429e-06, 1.80521135462e-06, 1.4186879298e-06, 9.88822876025e-07, 6.71142629471e-07, 4.64866673155e-07, 4.3450074827e-07, 4.81492293147e-07, 4.63835050368e-07, 3.24470846635e-07, 2.01157234869e-07]}, "spectral_entropy": {"min": 4.37006235123, "max": 9.82327270508, "dvar2": 0.0607672259212, "median": 7.3324174881, "dmean2": 0.198168501258, "dmean": 0.138173669577, "var": 0.703140079975, "dvar": 0.0337740294635, "mean": 7.05746078491}, "spectral_rolloff": {"min": 21.533203125, "max": 19509.0820312, "dvar2": 623122, "median": 904.39453125, "dmean2": 396.038635254, "dmean": 236.40284729, "var": 3663754.5, "dvar": 304394.65625, "mean": 1231.42578125}, "barkbands": {"min": [8.20145600304e-25, 3.76181141644e-24, 5.59586075905e-25, 1.66408196361e-24, 9.61312131103e-24, 4.04812887642e-24, 7.42393448029e-24, 1.36956019244e-23, 1.29603149299e-23, 1.27191972276e-23, 1.54715739467e-23, 2.47255150547e-23, 2.73830470271e-23, 2.62963532648e-23, 4.38774406686e-23, 6.3982128818e-23, 5.68110108472e-23, 7.29740765976e-23, 9.93025301904e-23, 1.8175773037e-22, 2.09307466862e-22, 3.55468549393e-22, 4.27638240302e-22, 5.93217039352e-22, 8.29716730944e-22, 1.31046583317e-21, 1.80928896305e-21], "max": [0.0145262107253, 0.075930416584, 0.0666077956557, 0.0294684376568, 0.0912688374519, 0.0478905551136, 0.0396053940058, 0.0455462820828, 0.0485099554062, 0.0324485190213, 0.0201044008136, 0.0305701736361, 0.0317224748433, 0.0174608845264, 0.0169704705477, 0.0109377242625, 0.0175975710154, 0.00776076922193, 0.00440486148, 0.00278421398252, 0.00516063906252, 0.00243542110547, 0.00278332154267, 0.00205936585553, 0.00127562857233, 0.000913685827982, 0.00013279428822], "dvar2": [1.89915553506e-07, 3.02728058159e-05, 4.95437343488e-05, 7.01149701854e-06, 0.000102847145172, 1.14841213872e-05, 1.10292730824e-05, 7.04534249962e-06, 6.06957792115e-06, 3.27740690409e-06, 1.48464778249e-06, 1.60611239153e-06, 2.64616301138e-06, 1.31997603603e-06, 6.55096016544e-07, 3.65519156276e-07, 3.86703561617e-07, 1.29816044137e-07, 5.93642184299e-08, 2.972164026e-08, 7.95540913145e-08, 2.39922908207e-08, 9.67270974428e-09, 1.1913598108e-08, 4.03114785996e-09, 1.16821963214e-09, 2.62490047059e-11], "median": [6.96554488968e-05, 6.37246557744e-05, 5.80231208005e-05, 2.84580783045e-05, 0.000659087439999, 0.000230898382142, 0.000467469799332, 0.000165995981661, 0.000224203919061, 0.000148748527863, 8.98655562196e-05, 9.63888596743e-05, 7.65915392549e-05, 5.79991610721e-05, 4.67107638542e-05, 4.11914807046e-05, 3.71277492377e-05, 7.27266306058e-05, 4.4562821131e-05, 2.66747647402e-05, 7.02849320078e-06, 8.8173437689e-06, 1.46690649672e-06, 1.31969363792e-06, 4.69571375561e-07, 1.12311944633e-07, 2.5915419144e-08], "dmean2": [0.000159938979778, 0.00266682333313, 0.00203716335818, 0.000972848385572, 0.00302083184943, 0.00110156077426, 0.00127664534375, 0.000900322687812, 0.000887157628313, 0.000650420144666, 0.000455872388557, 0.00049310491886, 0.000529220618773, 0.000393155409256, 0.000286131398752, 0.000257248640992, 0.00022205687128, 0.000148591396282, 0.000118860938528, 6.62204765831e-05, 7.85847878433e-05, 4.80771632283e-05, 2.44863986154e-05, 2.84384605038e-05, 1.51172471305e-05, 7.10023095962e-06, 9.58529085437e-07], "dmean": [0.000159451548825, 0.00158508622553, 0.00119150592946, 0.000544322072528, 0.00171586114448, 0.000678795506246, 0.00077508634422, 0.000576774706133, 0.000579070707317, 0.000422414450441, 0.000289753283141, 0.000310744595481, 0.000331551069394, 0.000247933872743, 0.000181884941412, 0.000163754972164, 0.000137587820063, 9.3066773843e-05, 7.46794248698e-05, 4.52588683402e-05, 5.90361887589e-05, 3.63966901205e-05, 1.95030515897e-05, 2.37338426814e-05, 1.27941957544e-05, 5.69900066694e-06, 7.79354024871e-07], "var": [7.48592754007e-07, 1.51627018568e-05, 1.63150525623e-05, 2.22236849368e-06, 2.87981747533e-05, 5.78297294851e-06, 6.28086763754e-06, 7.14060615792e-06, 6.95432663633e-06, 3.84049553759e-06, 1.60101296842e-06, 1.78235211479e-06, 2.50442144534e-06, 1.17869183214e-06, 5.37683263246e-07, 3.88931084672e-07, 2.95085953894e-07, 1.24874858898e-07, 8.10681157759e-08, 3.89916117172e-08, 8.76876811162e-08, 3.2244340531e-08, 1.13858913409e-08, 1.81337806993e-08, 5.40199307508e-09, 1.08610609395e-09, 2.11779656312e-11], "dvar": [1.82609539934e-07, 1.15238653962e-05, 1.82353505807e-05, 2.49741765401e-06, 3.63382023352e-05, 4.57637361251e-06, 3.96102177547e-06, 3.02414946418e-06, 2.70060581897e-06, 1.42365661304e-06, 6.21813569524e-07, 6.81963228999e-07, 1.01304635791e-06, 5.57580847271e-07, 2.75875407851e-07, 1.63320194702e-07, 1.49367039626e-07, 5.299068917e-08, 2.4926260167e-08, 1.48388199506e-08, 4.29509903199e-08, 1.38835556385e-08, 5.38999422872e-09, 7.68992514111e-09, 2.49557685628e-09, 6.3365906966e-10, 1.36849689567e-11], "mean": [0.000356424192432, 0.00203970097937, 0.00158104393631, 0.000645316438749, 0.00210841652006, 0.00103716657031, 0.00135834049433, 0.00102821912151, 0.00114082591608, 0.000786374846939, 0.000509704987053, 0.000577225349844, 0.000589622010011, 0.000417188042775, 0.000319955288433, 0.000322688400047, 0.000280159292743, 0.00019983027596, 0.000174147338839, 9.11044699023e-05, 9.03986001504e-05, 6.17488040007e-05, 3.08424823743e-05, 3.78735821869e-05, 1.92388288269e-05, 7.46157502363e-06, 1.03021034192e-06]}, "melbands_flatness_db": {"min": 0.00309847085737, "max": 0.580211520195, "dvar2": 0.000967822677922, "median": 0.231251657009, "dmean2": 0.0302510261536, "dmean": 0.02026681602, "var": 0.00927791185677, "dvar": 0.000481035851408, "mean": 0.249370962381}, "melbands_skewness": {"min": -1.76699054241, "max": 57.0741958618, "dvar2": 0.85352730751, "median": 1.6944693327, "dmean2": 0.74207007885, "dmean": 0.472632855177, "var": 4.72292423248, "dvar": 0.363790929317, "mean": 1.88205957413}, "barkbands_skewness": {"min": -2.42080378532, "max": 77.1563796997, "dvar2": 0.604829847813, "median": 0.971592247486, "dmean2": 0.573792338371, "dmean": 0.379165440798, "var": 10.5958414078, "dvar": 0.287477999926, "mean": 1.18205845356}, "silence_rate_60dB": {"min": 0, "max": 1, "dvar2": 0.0501625314355, "median": 0, "dmean2": 0.0491961427033, "dmean": 0.0245960932225, "var": 0.239355549216, "dvar": 0.023994455114, "mean": 0.396720796824}, "spectral_energyband_low": {"min": 1.4098471611e-23, "max": 0.124076329172, "dvar2": 0.000111939880298, "median": 0.000206279146369, "dmean2": 0.00424532033503, "dmean": 0.002557417145, "var": 6.01269202889e-05, "dvar": 4.42068085249e-05, "mean": 0.00407826900482}, "spectral_energyband_middle_low": {"min": 1.44351953107e-22, "max": 0.137711390853, "dvar2": 0.000260405766312, "median": 0.00375796621665, "dmean2": 0.0057097254321, "dmean": 0.00350022432394, "var": 0.000153477027197, "dvar": 0.00010168532026, "mean": 0.00753600150347}, "melbands_kurtosis": {"min": -1.77836585045, "max": 4500.55322266, "dvar2": 3259.24511719, "median": 5.37251234055, "dmean2": 7.42615318298, "dmean": 4.67442703247, "var": 11045.6699219, "dvar": 1267.58996582, "mean": 12.632185936}, "spectral_decrease": {"min": -4.64035210257e-08, "max": 2.10073601282e-28, "dvar2": 3.00420351776e-17, "median": -1.98503835591e-09, "dmean2": 2.26121543712e-09, "dmean": 1.45983714006e-09, "var": 3.06279371317e-17, "dvar": 1.2789521697e-17, "mean": -3.90847176845e-09}, "erbbands_kurtosis": {"min": -1.86683475971, "max": 66.1903686523, "dvar2": 10.0639486313, "median": 0.444843888283, "dmean2": 1.75646734238, "dmean": 1.15307950974, "var": 28.6453399658, "dvar": 4.45284318924, "mean": 2.46101665497}, "melbands_crest": {"min": 1.44791555405, "max": 39.9221572876, "dvar2": 16.6130142212, "median": 12.5409507751, "dmean2": 4.23022508621, "dmean": 2.59375786781, "var": 32.3989830017, "dvar": 6.41169929504, "mean": 13.6112070084}, "gfcc": {"cov": [[40010.8007812, -122.564292908, -5550.64746094, 3218.02709961, -758.901000977, 1322.50158691, 331.581817627, 699.972167969, -281.214599609, -284.727325439, -490.234619141, -544.212585449, -388.313842773], [-122.564292908, 2135.53662109, -117.534591675, -212.067001343, 491.319702148, -449.045013428, 156.825637817, -289.175537109, 160.26335144, -141.6849823, 0.420252531767, 66.4192810059, 92.0133361816], [-5550.64746094, -117.534591675, 1516.22583008, -457.583312988, -36.9374008179, -94.7737960815, -277.234436035, -80.1725921631, -20.3705844879, 96.4602813721, -11.0060024261, 135.063308716, 83.6711196899], [3218.02709961, -212.067001343, -457.583312988, 916.480407715, 219.177017212, 134.460128784, 112.231063843, 91.5787734985, 88.3982467651, -61.2855834961, -90.9455337524, -36.8073959351, 0.3462228477], [-758.901000977, 491.319702148, -36.9374008179, 219.177017212, 602.690612793, -67.4024429321, 161.844451904, -61.7125473022, 143.771057129, -23.6704864502, -49.0339241028, 50.6139831543, 49.2063293457], [1322.50158691, -449.045013428, -94.7737960815, 134.460128784, -67.4024429321, 360.612701416, 76.7229309082, 100.852722168, -67.7066574097, 38.7122421265, -7.44096755981, -50.02684021, -46.5837402344], [331.581817627, 156.825637817, -277.234436035, 112.231063843, 161.844451904, 76.7229309082, 336.033599854, -12.3270044327, 19.4755916595, -15.0050830841, 33.4198722839, -27.6567115784, -36.0799255371], [699.972167969, -289.175537109, -80.1725921631, 91.5787734985, -61.7125473022, 100.852722168, -12.3270044327, 155.734603882, -7.09740972519, 5.42055130005, -1.73745405674, -26.6961631775, -15.5952329636], [-281.214599609, 160.26335144, -20.3705844879, 88.3982467651, 143.771057129, -67.7066574097, 19.4755916595, -7.09740972519, 149.14515686, 2.94005894661, -21.8015213013, 10.5347938538, 23.0487480164], [-284.727325439, -141.6849823, 96.4602813721, -61.2855834961, -23.6704864502, 38.7122421265, -15.0050830841, 5.42055130005, 2.94005894661, 98.5177459717, 15.2059783936, 5.98580503464, -10.1355991364], [-490.234619141, 0.420252531767, -11.0060024261, -90.9455337524, -49.0339241028, -7.44096755981, 33.4198722839, -1.73745405674, -21.8015213013, 15.2059783936, 97.4897613525, 2.69191646576, -14.0391368866], [-544.212585449, 66.4192810059, 135.063308716, -36.8073959351, 50.6139831543, -50.02684021, -27.6567115784, -26.6961631775, 10.5347938538, 5.98580503464, 2.69191646576, 84.5361785889, 29.5186195374], [-388.313842773, 92.0133361816, 83.6711196899, 0.3462228477, 49.2063293457, -46.5837402344, -36.0799255371, -15.5952329636, 23.0487480164, -10.1355991364, -14.0391368866, 29.5186195374, 69.2215270996]], "icov": [[0.00019095549942, -0.000411996908952, 0.000610454240814, -0.000536772189662, 0.000547014118638, -0.000584000255913, 0.000401925848564, -0.000360074773198, 0.000459821836557, -0.000612473406363, 0.000881876039784, -0.000483406620333, 0.000372384587536], [-0.000411996908952, 0.0019739351701, -0.00113495800178, 0.00159007369075, -0.0018010691274, 0.00190071843099, -0.00113114807755, 0.00187761150301, -0.00138382718433, 0.00243083154783, -0.00197359407321, 0.00124274624977, -0.00129181554075], [0.000610454240814, -0.00113495800178, 0.00306414091028, -0.00120058248285, 0.00147645850666, -0.00201380462386, 0.00192461395636, -0.000726051279344, 0.00147294311319, -0.00244270428084, 0.00307611352764, -0.00256980163977, 0.000541814486496], [-0.000536772189662, 0.00159007369075, -0.00120058248285, 0.00349418399855, -0.0022545508109, 0.00117325445171, -0.00117294711526, 0.00080367946066, -0.00219309190288, 0.00292118336074, -0.00138947344385, 0.00124249130022, -0.00138282030821], [0.000547014118638, -0.0018010691274, 0.00147645850666, -0.0022545508109, 0.00511607574299, -0.00186410953756, -0.000470737402793, -0.000910970091354, -0.000482396601001, -0.00228028744459, 0.00375816458836, -0.00298283412121, 0.000208385929], [-0.000584000255913, 0.00190071843099, -0.00201380462386, 0.00117325445171, -0.00186410953756, 0.00728679122403, -0.00291993422434, -0.000809876131825, 0.00103365955874, -2.18221957766e-05, -0.00141809729394, 0.00285581825301, -0.000702663091943], [0.000401925848564, -0.00113114807755, 0.00192461395636, -0.00117294711526, -0.000470737402793, -0.00291993422434, 0.00625358195975, 0.000228799835895, 0.000755346205551, -0.000696521543432, -0.000757965201046, -0.000434619723819, 0.00279657356441], [-0.000360074773198, 0.00187761150301, -0.000726051279344, 0.00080367946066, -0.000910970091354, -0.000809876131825, 0.000228799835895, 0.0108299255371, -0.0027067870833, 0.00269726733677, -0.0027856559027, 0.001879675081, -0.00105074897874], [0.000459821836557, -0.00138382718433, 0.00147294311319, -0.00219309190288, -0.000482396601001, 0.00103365955874, 0.000755346205551, -0.0027067870833, 0.011917501688, -0.00463479617611, 0.00328802177683, -6.13238589722e-05, -0.000481901224703], [-0.000612473406363, 0.00243083154783, -0.00244270428084, 0.00292118336074, -0.00228028744459, -2.18221957766e-05, -0.000696521543432, 0.00269726733677, -0.00463479617611, 0.0162400305271, -0.0049782032147, 0.000615033961367, 0.000771115126554], [0.000881876039784, -0.00197359407321, 0.00307611352764, -0.00138947344385, 0.00375816458836, -0.00141809729394, -0.000757965201046, -0.0027856559027, 0.00328802177683, -0.0049782032147, 0.0177617631853, -0.00408549793065, 0.00273153558373], [-0.000483406620333, 0.00124274624977, -0.00256980163977, 0.00124249130022, -0.00298283412121, 0.00285581825301, -0.000434619723819, 0.001879675081, -6.13238589722e-05, 0.000615033961367, -0.00408549793065, 0.0183538552374, -0.00556940771639], [0.000372384587536, -0.00129181554075, 0.000541814486496, -0.00138282030821, 0.000208385929, -0.000702663091943, 0.00279657356441, -0.00105074897874, -0.000481901224703, 0.000771115126554, 0.00273153558373, -0.00556940771639, 0.0214067846537]], "mean": [-142.959915161, 128.534637451, -122.732017517, 10.205827713, -55.5840568542, -4.97084760666, -33.6349411011, 0.669088959694, -16.7353515625, -3.5111758709, -7.73220682144, -0.794637680054, -7.75501155853]}, "melbands_spread": {"min": 0.0986549258232, "max": 214.387771606, "dvar2": 81.1982040405, "median": 15.2502698898, "dmean2": 6.22840023041, "dmean": 3.95440864563, "var": 302.859802246, "dvar": 39.0159988403, "mean": 18.5277366638}, "spectral_energy": {"min": 9.98009322578e-21, "max": 0.183401674032, "dvar2": 0.000463476637378, "median": 0.00808007270098, "dmean2": 0.0088477563113, "dmean": 0.00578007660806, "var": 0.000503903254867, "dvar": 0.00020072357438, "mean": 0.0158120337874}, "mfcc": {"cov": [[25786.8535156, 1040.18347168, -3831.20678711, 1327.24719238, 41.0110969543, 683.340881348, 505.449157715, 864.566772461, 505.262359619, 345.793029785, 381.84463501, 0.287760078907, -369.668823242], [1040.18347168, 1999.9128418, -260.210662842, 221.979629517, 26.3595352173, 53.7026824951, -24.5953426361, 4.01489162445, 23.5065860748, -106.110015869, -49.6071014404, -51.7980270386, 40.7869987488], [-3831.20678711, -260.210662842, 1428.53759766, -405.543487549, -10.4270782471, -167.019836426, -184.261672974, -241.186141968, -133.439620972, -95.7169647217, -146.191268921, 28.382314682, 55.1428184509], [1327.24719238, 221.979629517, -405.543487549, 629.134399414, 219.172409058, 114.748191833, -17.5736255646, 103.289871216, 156.293518066, -23.4605484009, -37.1212081909, 12.5686264038, 10.8124990463], [41.0110969543, 26.3595352173, -10.4270782471, 219.172409058, 318.426879883, 57.2474975586, -66.4124832153, 7.02867031097, 122.091766357, -33.2718467712, -59.9438285828, 36.5259170532, 11.6428585052], [683.340881348, 53.7026824951, -167.019836426, 114.748191833, 57.2474975586, 229.705734253, 88.0889282227, 48.9865074158, 84.2629699707, 10.0568819046, 25.5945167542, 10.5990200043, -13.4170274734], [505.449157715, -24.5953426361, -184.261672974, -17.5736255646, -66.4124832153, 88.0889282227, 207.480041504, 84.0355224609, -9.68272590637, 33.0197639465, 61.0071983337, -15.7556505203, -12.7532930374], [864.566772461, 4.01489162445, -241.186141968, 103.289871216, 7.02867031097, 48.9865074158, 84.0355224609, 150.295593262, 46.2005615234, 26.3173236847, 31.1339797974, -1.52193379402, -10.3628768921], [505.262359619, 23.5065860748, -133.439620972, 156.293518066, 122.091766357, 84.2629699707, -9.68272590637, 46.2005615234, 159.7318573, 11.1234302521, -9.80207157135, 15.718752861, -5.25683784485], [345.793029785, -106.110015869, -95.7169647217, -23.4605484009, -33.2718467712, 10.0568819046, 33.0197639465, 26.3173236847, 11.1234302521, 97.6436080933, 48.7805252075, -3.04586863518, -18.3535194397], [381.84463501, -49.6071014404, -146.191268921, -37.1212081909, -59.9438285828, 25.5945167542, 61.0071983337, 31.1339797974, -9.80207157135, 48.7805252075, 110.718894958, 11.8230953217, -14.5271959305], [0.287760078907, -51.7980270386, 28.382314682, 12.5686264038, 36.5259170532, 10.5990200043, -15.7556505203, -1.52193379402, 15.718752861, -3.04586863518, 11.8230953217, 74.6778869629, 15.0991344452], [-369.668823242, 40.7869987488, 55.1428184509, 10.8124990463, 11.6428585052, -13.4170274734, -12.7532930374, -10.3628768921, -5.25683784485, -18.3535194397, -14.5271959305, 15.0991344452, 64.4934921265]], "icov": [[7.44571516407e-05, -2.62279190792e-05, 0.000153647764819, -3.05885878333e-05, 5.86056594329e-05, -7.54200154915e-05, 6.07920082984e-05, -0.000156131878612, 7.48307775211e-06, -8.76909471117e-05, 8.06527314126e-05, -0.000160477138706, 0.000309180206386], [-2.62279190792e-05, 0.000603070540819, 9.45111023611e-05, -0.000113159971079, 0.000105417639134, -0.00014402155648, 0.000137606213684, 0.000175237553776, 1.76689700311e-05, 0.000697106763255, -1.77010224434e-05, 0.000534979393706, -0.000516603759024], [0.000153647764819, 9.45111023611e-05, 0.00172396749258, 0.000743345648516, -9.12177420105e-05, -0.0001739069412, 0.000435033580288, 0.000691209628712, 0.000376694224542, 0.000201899310923, 0.00164202821907, -0.000884300970938, 6.47180277156e-05], [-3.05885878333e-05, -0.000113159971079, 0.000743345648516, 0.00325277587399, -0.00136206264142, -0.000650514033623, 0.000899482518435, -0.00123460998293, -0.000687604944687, 0.000571464945097, 0.000932826020289, 0.000223223396461, -0.000930183508899], [5.86056594329e-05, 0.000105417639134, -9.12177420105e-05, -0.00136206264142, 0.00616754638031, -0.000413471047068, 0.000715286936611, 0.000375146250008, -0.00321526010521, 0.000735044188332, 0.00188290979713, -0.00214519281872, 0.000451351865195], [-7.54200154915e-05, -0.00014402155648, -0.0001739069412, -0.000650514033623, -0.000413471047068, 0.00767795974389, -0.00417148135602, 0.00169782538433, -0.00372084276751, 0.000836410326883, -0.000904062471818, -0.000894092780072, 0.000976820127107], [6.07920082984e-05, 0.000137606213684, 0.000435033580288, 0.000899482518435, 0.000715286936611, -0.00417148135602, 0.00999684724957, -0.0049238409847, 0.00261966208927, -0.000169132894371, -0.00205655721948, 0.00196468667127, -0.000830435485113], [-0.000156131878612, 0.000175237553776, 0.000691209628712, -0.00123460998293, 0.000375146250008, 0.00169782538433, -0.0049238409847, 0.0125825628638, -0.00278979330324, -0.000430390966358, 6.48224013275e-05, -0.000525985087734, -0.000268294388661], [7.48307775211e-06, 1.76689700311e-05, 0.000376694224542, -0.000687604944687, -0.00321526010521, -0.00372084276751, 0.00261966208927, -0.00278979330324, 0.0129196997732, -0.00262102694251, 0.00111007445958, -0.0004964536638, 0.000374511146219], [-8.76909471117e-05, 0.000697106763255, 0.000201899310923, 0.000571464945097, 0.000735044188332, 0.000836410326883, -0.000169132894371, -0.000430390966358, -0.00262102694251, 0.0153091577813, -0.00548774609342, 0.00157755438704, 0.00126435409766], [8.06527314126e-05, -1.77010224434e-05, 0.00164202821907, 0.000932826020289, 0.00188290979713, -0.000904062471818, -0.00205655721948, 6.48224013275e-05, 0.00111007445958, -0.00548774609342, 0.0168805848807, -0.00547268148512, 0.00160128506832], [-0.000160477138706, 0.000534979393706, -0.000884300970938, 0.000223223396461, -0.00214519281872, -0.000894092780072, 0.00196468667127, -0.000525985087734, -0.0004964536638, 0.00157755438704, -0.00547268148512, 0.0176870971918, -0.00499937869608], [0.000309180206386, -0.000516603759024, 6.47180277156e-05, -0.000930183508899, 0.000451351865195, 0.000976820127107, -0.000830435485113, -0.000268294388661, 0.000374511146219, 0.00126435409766, 0.00160128506832, -0.00499937869608, 0.019540829584]], "mean": [-763.270141602, 147.006576538, -4.94183301926, 15.5556106567, -3.23827934265, -4.55873155594, -5.77844238281, -0.107639692724, -5.33810901642, -2.84319925308, -0.23805731535, 0.0694278553128, -0.171729072928]}, "spectral_contrast_valleys": {"min": [-28.7353820801, -28.3129749298, -27.7323246002, -27.6851634979, -27.5523166656, -27.4567146301], "max": [-5.32434082031, -4.19601964951, -4.77383708954, -5.36400461197, -5.60047101974, -7.81333351135], "dvar2": [0.294996738434, 0.265614926815, 0.190516084433, 0.205256134272, 0.198813185096, 0.317393541336], "median": [-8.57468414307, -7.46024703979, -8.01521778107, -8.65521240234, -8.71096420288, -11.9223899841], "dmean2": [0.635417938232, 0.551785469055, 0.474597245455, 0.414949923754, 0.35098913312, 0.423346877098], "dmean": [0.380187928677, 0.343226343393, 0.297778606415, 0.270329207182, 0.239673212171, 0.340064644814], "var": [6.65128707886, 6.61683225632, 6.73184251785, 7.319688797, 7.46737718582, 5.53176403046], "dvar": [0.126185968518, 0.123939849436, 0.0923869162798, 0.107084423304, 0.110415428877, 0.200891390443], "mean": [-8.58979415894, -7.82075786591, -8.34510231018, -8.93278598785, -9.24005794525, -12.218583107]}, "barkbands_flatness_db": {"min": 0.0238471217453, "max": 0.560684978962, "dvar2": 0.000623901025392, "median": 0.160869017243, "dmean2": 0.0242981500924, "dmean": 0.0164671074599, "var": 0.00627857958898, "dvar": 0.000313081836794, "mean": 0.174872130156}, "dynamic_complexity": 8.75674057007, "erbbands_flatness_db": {"min": 0.0309621524066, "max": 0.439367830753, "dvar2": 0.000571982818656, "