{"lowlevel": {"spectral_complexity": {"min": 0, "max": 61, "dvar2": 57.326965332, "median": 15, "dmean2": 6.19395446777, "dmean": 4.42525577545, "var": 144.111328125, "dvar": 33.9113616943, "mean": 17.1751785278}, "silence_rate_20dB": {"min": 1, "max": 1, "dvar2": 0, "median": 1, "dmean2": 0, "dmean": 0, "var": 0, "dvar": 0, "mean": 1}, "average_loudness": 0.689158678055, "erbbands_spread": {"min": 0.649278879166, "max": 148.605560303, "dvar2": 165.224884033, "median": 26.5794315338, "dmean2": 11.603764534, "dmean": 7.61543607712, "var": 309.4090271, "dvar": 79.0065536499, "mean": 31.1302261353}, "spectral_kurtosis": {"min": -1.24836826324, "max": 61.2436981201, "dvar2": 10.1918182373, "median": 3.55889177322, "dmean2": 2.60863423347, "dmean": 1.54127287865, "var": 7.7278752327, "dvar": 3.6607644558, "mean": 4.07270050049}, "barkbands_kurtosis": {"min": -1.93539130688, "max": 334.227050781, "dvar2": 97.4206848145, "median": 0.32190990448, "dmean2": 3.76398420334, "dmean": 2.29690742493, "var": 102.146240234, "dvar": 44.6481437683, "mean": 2.2137157917}, "spectral_strongpeak": {"min": 0, "max": 12.0036697388, "dvar2": 2.02395033836, "median": 0.4223125875, "dmean2": 0.972119569778, "dmean": 0.576348543167, "var": 1.80950915813, "dvar": 0.816926181316, "mean": 0.982285737991}, "spectral_spread": {"min": 1283023.375, "max": 42298056, "dvar2": 877943062528, "median": 3824558.25, "dmean2": 619078.25, "dmean": 418969.75, "var": 12636486893600.0, "dvar": 455738294272, "mean": 4436024.5}, "spectral_rms": {"min": 3.12632970727e-12, "max": 0.0130569702014, "dvar2": 4.26581800639e-06, "median": 0.00319171906449, "dmean2": 0.00143228517845, "dmean": 0.00102654495277, "var": 5.68610857954e-06, "dvar": 2.17403862734e-06, "mean": 0.00374978757463}, "erbbands": {"min": [6.19474609059e-23, 4.51860940149e-22, 2.63701564406e-21, 4.64734342329e-21, 7.70517448123e-21, 1.38142845835e-20, 4.96734947159e-20, 5.22536229116e-20, 8.44817460306e-20, 1.04458442167e-19, 3.39882852681e-19, 2.50149679446e-19, 3.46302549716e-19, 5.81394026495e-19, 7.56823731577e-19, 1.4334594372e-18, 1.32028262124e-18, 2.00410352785e-18, 1.50270758596e-18, 3.11948503276e-18, 2.92703877491e-18, 4.35692200013e-18, 3.88279199918e-18, 5.39305505286e-18, 6.0497905507e-18, 8.09791952588e-18, 9.71446288056e-18, 9.70135372221e-18, 1.01562534283e-17, 1.15274831374e-17, 1.00523686423e-17, 9.75557706573e-18, 8.86060652044e-18, 8.56310439569e-18, 6.40526852381e-18, 4.0886065297e-18, 2.12705069102e-18, 7.89394278389e-19, 2.3634840357e-19, 2.7035178553e-20], "max": [0.723560869694, 13.6509132385, 74.7774047852, 140.070114136, 83.7645187378, 118.921684265, 252.606826782, 167.666183472, 193.160186768, 474.930755615, 612.065124512, 775.272888184, 1324.31628418, 1252.10070801, 2268.86425781, 1040.18078613, 1168.32836914, 1352.76513672, 2553.41577148, 1397.4753418, 862.789489746, 1066.26208496, 351.980224609, 235.022750854, 139.078125, 112.914169312, 162.740371704, 391.7762146, 537.889648438, 728.965698242, 223.829498291, 82.5924682617, 45.3583946228, 22.0034446716, 23.1869831085, 17.9397792816, 1.90500712395, 0.465725362301, 0.0565210729837, 0.00295941997319], "dvar2": [0.0150869553909, 7.73162937164, 211.639938354, 673.618835449, 185.805297852, 235.99382019, 445.957550049, 196.721054077, 324.00177002, 1139.34997559, 1776.8157959, 2917.80517578, 5480.48242188, 4973.82617188, 4287.05615234, 3574.72412109, 4267.21923828, 8331.234375, 12984.2236328, 4925.39941406, 2493.81835938, 1973.79626465, 1333.4564209, 849.500793457, 116.675170898, 149.924026489, 161.790557861, 690.067626953, 1737.68334961, 9939.93164062, 716.872314453, 40.1177101135, 2.47356176376, 0.85391241312, 0.49649092555, 0.126224339008, 0.0039565670304, 0.00148921366781, 5.29673961864e-05, 1.16063027633e-07], "median": [0.00482052890584, 0.0723715648055, 0.345583707094, 0.526541888714, 0.579302489758, 0.832276642323, 1.10354375839, 1.62985479832, 2.9673306942, 5.42677688599, 6.8803191185, 10.2448501587, 8.0833902359, 9.68261909485, 8.24335193634, 8.22229862213, 13.2326602936, 12.9848651886, 14.5085763931, 10.4749469757, 7.38875770569, 6.36950540543, 5.14022493362, 4.15925884247, 3.02454686165, 2.64057421684, 1.84418118, 1.91278445721, 2.24384355545, 1.71022546291, 0.936544895172, 0.382079839706, 0.142129793763, 0.0627059862018, 0.0360906459391, 0.0131771927699, 0.00289698899724, 0.000735599431209, 0.000105465769593, 2.228989797e-05], "dmean2": [0.063649058342, 1.32158350945, 6.3268828392, 8.97813129425, 5.07935905457, 5.49449872971, 8.08107471466, 6.07660579681, 9.39347553253, 16.7561779022, 19.609828949, 25.7082386017, 33.5915565491, 32.6318435669, 26.3943119049, 28.7409172058, 35.1942176819, 44.4960899353, 51.8775863647, 33.518787384, 23.7967700958, 19.2008857727, 15.964468956, 12.4366512299, 5.5962395668, 6.11752510071, 6.12449598312, 10.6994180679, 16.7873859406, 29.3294048309, 8.51626682281, 2.46088123322, 0.595111906528, 0.264286190271, 0.237491488457, 0.103688985109, 0.0245721675456, 0.0125889852643, 0.00236912677065, 0.000114236863737], "dmean": [0.0437669456005, 0.765017271042, 3.71954131126, 5.45157718658, 2.9694416523, 3.22285223007, 5.5731549263, 3.90642499924, 6.03883504868, 10.5843610764, 12.5371494293, 16.2052001953, 21.2351646423, 21.2686672211, 16.7135429382, 17.7990436554, 21.9555339813, 28.3624725342, 31.9330444336, 20.677942276, 14.5815200806, 11.5327768326, 9.62930202484, 7.1787853241, 3.57587599754, 4.19490528107, 4.39392185211, 8.18226718903, 11.4275445938, 16.654548645, 5.95750904083, 1.73095369339, 0.409996807575, 0.206619873643, 0.166795492172, 0.0824183002114, 0.0171780716628, 0.00998236052692, 0.00194154167548, 0.000114092043077], "var": [0.00961223989725, 2.45528435707, 63.091468811, 219.084289551, 49.984752655, 71.9051818848, 301.310089111, 100.081481934, 222.556838989, 837.055664062, 1612.01928711, 2634.04052734, 6486.13818359, 7460.76220703, 4604.34179688, 2437.38305664, 3670.9465332, 9702.09765625, 15353.3837891, 5375.84228516, 1700.33764648, 983.725036621, 602.310180664, 284.511413574, 81.9679794312, 110.787528992, 226.335220337, 834.237182617, 1751.87475586, 2940.03564453, 517.143554688, 36.2773895264, 2.71129751205, 1.03668904305, 0.53805410862, 0.115145854652, 0.00449977861717, 0.00201165536419, 8.08479671832e-05, 2.33965309349e-07], "dvar": [0.00760291516781, 2.79797911644, 77.7874603271, 266.768585205, 68.2437286377, 85.2914886475, 218.585617065, 81.7490463257, 137.795120239, 476.875976562, 711.351196289, 1126.06481934, 2249.1237793, 2198.6784668, 1822.86804199, 1453.76391602, 1787.2611084, 3469.37060547, 4895.21240234, 1936.31018066, 941.844238281, 728.307128906, 495.589141846, 301.477661133, 47.8008537292, 61.1904449463, 93.4506072998, 394.532348633, 841.560546875, 3337.64501953, 314.091125488, 18.63164711, 1.18622946739, 0.433164894581, 0.25300770998, 0.0637213811278, 0.00209145760164, 0.000864208559506, 3.45499356627e-05, 9.62625037459e-08], "mean": [0.0465223230422, 0.72042131424, 3.2788040638, 4.77282094955, 2.68274068832, 3.41343355179, 6.48886394501, 5.01150035858, 8.57518863678, 15.606171608, 21.4674663544, 28.9456710815, 36.6199569702, 38.4611167908, 28.8729343414, 25.835357666, 34.8279914856, 51.129650116, 55.4092826843, 35.5522270203, 22.8280944824, 18.1529026031, 14.4709596634, 10.392996788, 6.54530906677, 6.87576246262, 7.45034980774, 11.7580003738, 17.0117549896, 17.1147155762, 8.807970047, 2.61805582047, 0.715520143509, 0.352325618267, 0.286400765181, 0.132954135537, 0.0281039271504, 0.015680141747, 0.00285696354695, 0.00016473843425]}, "zerocrossingrate": {"min": 0, "max": 0.52490234375, "dvar2": 0.000268637813861, "median": 0.0615234375, "dmean2": 0.0125852404162, "dmean": 0.0114247947931, "var": 0.00294121634215, "dvar": 0.000218027693336, "mean": 0.0733511596918}, "spectral_contrast_coeffs": {"min": [-0.980848193169, -0.983568370342, -0.977082312107, -0.972958803177, -0.965429902077, -0.965173602104], "max": [-0.307700037956, -0.355274230242, -0.365015923977, -0.437245547771, -0.453352421522, -0.460050225258], "dvar2": [0.00540976645425, 0.00443294364959, 0.00333694415167, 0.00235575530678, 0.000884039909579, 0.00166303967126], "median": [-0.662530124187, -0.750741124153, -0.763917028904, -0.782558262348, -0.804211497307, -0.711332857609], "dmean2": [0.0921534150839, 0.0807402879, 0.0698174387217, 0.0575301088393, 0.0345303229988, 0.0356282964349], "dmean": [0.0556808449328, 0.0495401695371, 0.0436221696436, 0.0350166484714, 0.021233541891, 0.0233143940568], "var": [0.00828148517758, 0.00628833984956, 0.00630657793954, 0.00404468737543, 0.00202643242665, 0.00320277176797], "dvar": [0.00207077758387, 0.00177689082921, 0.00139471609145, 0.000915518030524, 0.000377779651899, 0.000761092407629], "mean": [-0.65384978056, -0.745849728584, -0.757854700089, -0.77446937561, -0.798647582531, -0.713398396969]}, "dissonance": {"min": 0.268653124571, "max": 0.500000178814, "dvar2": 0.00101476011332, "median": 0.474574238062, "dmean2": 0.0310925487429, "dmean": 0.0186177901924, "var": 0.00079977029236, "dvar": 0.000382287893444, "mean": 0.467084914446}, "spectral_energyband_high": {"min": 7.11200035592e-21, "max": 0.0315054282546, "dvar2": 1.18769539768e-05, "median": 0.000225767988013, "dmean2": 0.00122523016762, "dmean": 0.000839504180476, "var": 9.77196486929e-06, "dvar": 5.29351427758e-06, "mean": 0.00132169597782}, "spectral_skewness": {"min": -0.339716225863, "max": 5.51561594009, "dvar2": 0.149874776602, "median": 1.39918982983, "dmean2": 0.364078611135, "dmean": 0.224190592766, "var": 0.220086812973, "dvar": 0.0587026067078, "mean": 1.39465868473}, "spectral_flux": {"min": 6.46287398598e-11, "max": 0.344366908073, "dvar2": 0.00429076561704, "median": 0.0656613782048, "dmean2": 0.0479513891041, "dmean": 0.0317844152451, "var": 0.00404588645324, "dvar": 0.00197882042266, "mean": 0.0830150172114}, "silence_rate_30dB": {"min": 0, "max": 1, "dvar2": 0.0596482604742, "median": 1, "dmean2": 0.0430135726929, "dmean": 0.0215053763241, "var": 0.0121107753366, "dvar": 0.0210406910628, "mean": 0.98774009943}, "spectral_energyband_middle_high": {"min": 1.14392434614e-21, "max": 0.0614767409861, "dvar2": 3.59125770046e-05, "median": 0.00312589644454, "dmean2": 0.00381364533678, "dmean": 0.00250160042197, "var": 6.14277159912e-05, "dvar": 1.53530199896e-05, "mean": 0.00641329213977}, "barkbands_spread": {"min": 0.360898137093, "max": 122.57837677, "dvar2": 173.846450806, "median": 23.0904808044, "dmean2": 11.3908462524, "dmean": 7.27941703796, "var": 237.442886353, "dvar": 71.2604141235, "mean": 26.39985466}, "spectral_centroid": {"min": 164.18637085, "max": 11685.7558594, "dvar2": 276817.28125, "median": 1516.83276367, "dmean2": 449.724700928, "dmean": 286.985321045, "var": 1088068, "dvar": 118120.078125, "mean": 1689.8215332}, "pitch_salience": {"min": 0.0522338040173, "max": 0.937847018242, "dvar2": 0.019543863833, "median": 0.585921943188, "dmean2": 0.142343834043, "dmean": 0.0844273492694, "var": 0.0153505885974, "dvar": 0.00725648272783, "mean": 0.575912952423}, "erbbands_skewness": {"min": -5.79070806503, "max": 6.78529834747, "dvar2": 0.352475017309, "median": 0.17176887393, "dmean2": 0.617000997066, "dmean": 0.396492153406, "var": 0.678249239922, "dvar": 0.153576895595, "mean": 0.172616913915}, "erbbands_crest": {"min": 2.32369661331, "max": 34.2281799316, "dvar2": 18.8614997864, "median": 8.25914478302, "dmean2": 4.51474237442, "dmean": 2.77808833122, "var": 25.6046657562, "dvar": 7.57708501816, "mean": 9.56100845337}, "melbands": {"min": [9.94197848976e-25, 1.44486994261e-24, 1.27825344753e-24, 9.46083743252e-25, 1.70952942365e-24, 1.1901932005e-24, 1.35220166321e-24, 8.11456198825e-25, 2.65588621138e-24, 1.65056808605e-24, 1.7539381511e-24, 2.18572254808e-24, 1.54331041586e-24, 3.36481440488e-24, 2.65600079343e-24, 2.6108059661e-24, 3.32676014924e-24, 1.69564566894e-24, 2.94146470591e-24, 4.2494509126e-24, 2.9133114435e-24, 3.59207182104e-24, 3.92635951823e-24, 3.49391740847e-24, 3.37972072054e-24, 3.93668373533e-24, 2.99604125878e-24, 4.9649797025e-24, 5.33060174372e-24, 4.28037031578e-24, 4.93672073273e-24, 4.63142249051e-24, 5.65308019316e-24, 5.74153871634e-24, 5.63734162924e-24, 3.61011346437e-24, 5.20766999898e-24, 5.70511740277e-24, 6.34355949388e-24, 5.56103945261e-24], "max": [0.00786280632019, 0.0315552614629, 0.0198727417737, 0.00628756918013, 0.00676676584408, 0.00380412535742, 0.00305421510711, 0.00557077024132, 0.00535704707727, 0.00429144594818, 0.00640947371721, 0.00525385141373, 0.00607181061059, 0.00465410482138, 0.00262425770052, 0.00224549020641, 0.00292123528197, 0.00531113287434, 0.00244577974081, 0.0023474288173, 0.000713735411409, 0.00149941863492, 0.000629026384559, 0.000212878352613, 0.000209208024899, 0.000140435688081, 0.000171858089743, 9.31233516894e-05, 0.00012910561054, 0.000158226670465, 0.000383694161428, 0.000320230115904, 0.000496108492371, 0.000343377352692, 0.000160017225426, 8.57655031723e-05, 3.89312626794e-05, 3.4228189179e-05, 2.20443816943e-05, 1.79635062523e-05], "dvar2": [2.48571996053e-06, 3.8517799112e-05, 1.47518039739e-05, 9.46111697431e-07, 3.98459405915e-07, 9.2414403241e-08, 8.25366512913e-08, 1.3537365362e-07, 1.21070542036e-07, 1.08352537609e-07, 1.43313670264e-07, 9.65858859558e-08, 4.90552274357e-08, 3.17658397364e-08, 2.25341665328e-08, 2.82321828138e-08, 3.77486841785e-08, 4.09430107595e-08, 1.72098282292e-08, 1.11017168791e-08, 3.14424775105e-09, 2.63401167544e-09, 2.03838990132e-09, 5.09560615924e-10, 6.81042722217e-10, 8.34115138071e-11, 8.72279956599e-11, 6.62803353868e-11, 4.70693969912e-11, 1.66983260552e-10, 4.15074113969e-10, 3.5114527952e-10, 2.48806220071e-09, 3.42498718275e-09, 4.06013472842e-10, 2.54833550095e-11, 1.09318561148e-11, 1.3593428683e-12, 8.70044216793e-13, 6.58849223008e-13], "median": [7.63322605053e-05, 0.000168862461578, 0.000104026184999, 5.29222015757e-05, 4.03882295359e-05, 3.66849526472e-05, 4.59315488115e-05, 5.88730363233e-05, 6.02550935582e-05, 5.7060358813e-05, 3.66862841474e-05, 3.66490348824e-05, 2.48159612966e-05, 1.86578527064e-05, 2.47889202001e-05, 2.47858188231e-05, 2.16471889871e-05, 2.14957035496e-05, 1.55309098773e-05, 1.11624540295e-05, 7.25902327758e-06, 5.9707535911e-06, 5.75770354772e-06, 3.32700983563e-06, 3.23606309394e-06, 2.18772152039e-06, 1.97922190637e-06, 1.56908708959e-06, 1.14752083391e-06, 8.39407164221e-07, 1.16104126846e-06, 1.21644097817e-06, 1.13329315354e-06, 8.04161800261e-07, 5.83036410262e-07, 2.84985361532e-07, 1.81173561487e-07, 1.03078960478e-07, 5.5029296675e-08, 4.68431551326e-08], "dmean2": [0.000843629997689, 0.00281385867856, 0.0013863198692, 0.000359908648534, 0.000256228726357, 0.000139379306347, 0.000149323095684, 0.000186403616681, 0.00016830835375, 0.000157385671628, 0.000173816399183, 0.00014365631796, 8.65176698426e-05, 8.00594934844e-05, 8.00107445684e-05, 8.06411189842e-05, 9.09198424779e-05, 8.84730252437e-05, 6.0919974203e-05, 4.0888935473e-05, 2.76468817901e-05, 2.12089908018e-05, 2.02308201551e-05, 1.05626304503e-05, 1.11562721941e-05, 4.68098824058e-06, 4.85498640046e-06, 4.18636454924e-06, 3.50767959389e-06, 5.78059552936e-06, 7.70074348111e-06, 7.97978373157e-06, 1.5640311176e-05, 1.72194068e-05, 6.1486616687e-06, 1.98687803277e-06, 1.27423948015e-06, 4.54484933243e-07, 2.47731890113e-07, 2.33810965256e-07], "dmean": [0.000527347146999, 0.00165582937188, 0.000847596558742, 0.000206123004318, 0.000171079213032, 9.20711099752e-05, 9.64203863987e-05, 0.000117855255667, 0.000107695617771, 9.92538480205e-05, 0.000109523971332, 9.29976595216e-05, 5.61051128898e-05, 4.8912854254e-05, 4.92406325066e-05, 4.9859219871e-05, 5.77527316636e-05, 5.4493866628e-05, 3.71638707293e-05, 2.50715711445e-05, 1.68436126842e-05, 1.26995428218e-05, 1.21015955301e-05, 6.35230890111e-06, 6.38729034108e-06, 2.86210160994e-06, 3.01728641716e-06, 2.86753197543e-06, 2.49476852332e-06, 3.72405361304e-06, 5.69614576307e-06, 6.09619291936e-06, 9.03554609977e-06, 9.66927382251e-06, 4.21866616307e-06, 1.54917427153e-06, 8.50976789479e-07, 3.05389335153e-07, 1.81025853863e-07, 1.78665075623e-07], "var": [1.40107840707e-06, 1.17061363198e-05, 5.01586237078e-06, 2.46114211677e-07, 2.90008870252e-07, 5.95667124514e-08, 5.63256641328e-08, 1.01059733026e-07, 1.14136348373e-07, 1.00755983112e-07, 1.66531663126e-07, 1.39584471981e-07, 5.56721104772e-08, 2.813481359e-08, 1.54774912886e-08, 2.07969872434e-08, 4.0759662312e-08, 4.34404689997e-08, 1.95281995019e-08, 7.98611043962e-09, 2.02200678423e-09, 1.27995480881e-09, 9.69570645992e-10, 2.60139298991e-10, 2.1166718378e-10, 5.16633819059e-11, 4.39022915244e-11, 5.56600703028e-11, 6.71065147895e-11, 1.58985935528e-10, 3.92278598493e-10, 5.04580544014e-10, 8.89709916851e-10, 9.29612276046e-10, 2.53527698835e-10, 3.02130438723e-11, 7.9278111853e-12, 1.37677423715e-12, 8.95462198315e-13, 7.431812327e-13], "dvar": [1.14109320748e-06, 1.40788288263e-05, 5.91333036937e-06, 3.33290302024e-07, 2.00250866556e-07, 4.22405257439e-08, 3.54284068749e-08, 5.6084051181e-08, 4.83276956231e-08, 4.23570440944e-08, 5.86480055631e-08, 4.21368611114e-08, 2.16877023007e-08, 1.35577833404e-08, 9.16748010837e-09, 1.13808633628e-08, 1.56301815935e-08, 1.57652220167e-08, 6.60126042717e-09, 4.13954870382e-09, 1.22589016716e-09, 9.72055658188e-10, 7.62095664353e-10, 1.94935373399e-10, 2.39297887061e-10, 3.31458437086e-11, 3.32948807413e-11, 2.81962335424e-11, 2.69026884103e-11, 8.36741995136e-11, 2.17780640743e-10, 2.08850936545e-10, 8.59841642331e-10, 1.12573428357e-09, 1.70910438579e-10, 1.38407254408e-11, 4.60577713121e-12, 6.43686980887e-13, 4.05410161821e-13, 3.31424612147e-13], "mean": [0.000598582846578, 0.00151387811638, 0.000765644595958, 0.000203193383641, 0.000211553153349, 0.000121758785099, 0.000136338974698, 0.000175057648448, 0.000187137586181, 0.000173412583536, 0.000182851668797, 0.000160710216733, 9.58561504376e-05, 6.89249573043e-05, 7.13296540198e-05, 7.57629532018e-05, 9.7465403087e-05, 8.98744474398e-05, 6.05935892963e-05, 3.87115032936e-05, 2.4368016966e-05, 1.88325393538e-05, 1.73550943146e-05, 9.5334917205e-06, 8.52825633046e-06, 4.89961485073e-06, 4.48569016953e-06, 4.58747445009e-06, 4.24693598688e-06, 5.44590784557e-06, 7.46506930227e-06, 9.32167313294e-06, 1.00613315226e-05, 9.36500327953e-06, 5.98239330429e-06, 2.3039451662e-06, 1.22661037949e-06, 5.20160028827e-07, 2.92482212672e-07, 2.92895094844e-07]}, "spectral_entropy": {"min": 4.77157688141, "max": 9.82205963135, "dvar2": 0.0742114707828, "median": 7.69483757019, "dmean2": 0.230539143085, "dmean": 0.149991422892, "var": 0.205225497484, "dvar": 0.0338008031249, "mean": 7.70810365677}, "spectral_rolloff": {"min": 21.533203125, "max": 19810.546875, "dvar2": 3471659.75, "median": 1614.99023438, "dmean2": 1204.30578613, "dmean": 713.755371094, "var": 4735670, "dvar": 1344652.375, "mean": 2132.6496582}, "barkbands": {"min": [4.576697829e-25, 2.31944709328e-24, 1.17614082676e-24, 2.01772554641e-24, 3.65055560197e-24, 5.56164608665e-24, 4.89963559271e-24, 1.16190376097e-23, 1.06402450309e-23, 7.27923056901e-24, 7.25288734794e-24, 2.30332364413e-23, 3.02527557618e-23, 2.91847611584e-23, 4.18679973728e-23, 6.93430634468e-23, 6.37246319967e-23, 8.53847077267e-23, 1.12158501699e-22, 1.53708651236e-22, 2.64401335778e-22, 3.28843824888e-22, 4.1763338881e-22, 5.07417144664e-22, 9.46601986213e-22, 1.24236338287e-21, 1.85818450571e-21], "max": [0.0102318506688, 0.044617511332, 0.0650955960155, 0.0437468327582, 0.03002101928, 0.021058678627, 0.0216891765594, 0.0229047294706, 0.026745993644, 0.0303762871772, 0.0441409833729, 0.0344256125391, 0.0240534450859, 0.0351575538516, 0.0318614132702, 0.0251575857401, 0.0166641119868, 0.0051358868368, 0.00290447287261, 0.00270528416149, 0.00516731664538, 0.0170349255204, 0.0100906360894, 0.00290128914639, 0.00243529002182, 0.00235355598852, 0.000369548914023], "dvar2": [8.76866408817e-07, 7.93479703134e-05, 0.000192563267774, 6.424485764e-05, 1.52489437824e-05, 3.2656721487e-06, 2.6197101306e-06, 3.52107804247e-06, 4.71770181321e-06, 7.2303705565e-06, 2.71453359346e-06, 2.62330104306e-06, 2.55915847447e-06, 3.953162377e-06, 3.85414114135e-06, 1.57273314016e-06, 6.49473008707e-07, 3.80751401963e-07, 1.43661509355e-07, 6.88191548193e-08, 2.9464362683e-07, 2.92570575766e-06, 2.14468468585e-06, 3.11878842751e-08, 6.92642299072e-09, 3.06383074467e-09, 1.67834657283e-09], "median": [0.000193452287931, 0.000213057835936, 0.000316010788083, 0.000136836228194, 0.000254322920227, 0.000190482460312, 0.000240240580752, 0.000262835994363, 0.00037428678479, 0.00033026561141, 0.000160340772709, 0.000148374325363, 0.000247359275818, 0.000228269054787, 0.000234636216192, 0.000138061921461, 0.000119356504001, 7.5878102507e-05, 7.19112140359e-05, 5.40200053365e-05, 4.63635115011e-05, 6.28285779385e-05, 3.52758615918e-05, 1.24483358377e-05, 5.54200687475e-06, 2.12656004805e-06, 5.65816208109e-07], "dmean2": [0.000375797273591, 0.00444836635143, 0.00605517346412, 0.00264870212413, 0.00146303325891, 0.000847410643473, 0.000822978909127, 0.000931103539187, 0.00107215344906, 0.00133289129008, 0.000626285676844, 0.000731144275051, 0.000820863700937, 0.000938417739235, 0.00093677296536, 0.000522472895682, 0.000368282140698, 0.000272448582109, 0.000175122986548, 0.000132320885314, 0.000225897834753, 0.000586889625993, 0.000464176613605, 7.04717458575e-05, 2.70703403658e-05, 1.87632413144e-05, 1.31294636958e-05], "dmean": [0.000309224182274, 0.00261929538101, 0.00371085992083, 0.00152148900088, 0.000883796485141, 0.000580898311455, 0.00052848708583, 0.000589557224885, 0.00067665608367, 0.000839267973788, 0.000402893434511, 0.000446839694632, 0.000504805531818, 0.000590545358136, 0.000567753566429, 0.000316172139719, 0.000223460796406, 0.000163409000379, 0.000103055317595, 9.04773041839e-05, 0.000167667792994, 0.000364621460903, 0.00028504410875, 4.77225403301e-05, 2.04260504688e-05, 1.38992272696e-05, 1.17135577966e-05], "var": [8.57876841565e-07, 3.0766823329e-05, 7.0034606324e-05, 1.69588020071e-05, 5.20993489772e-06, 2.82242626781e-06, 1.77964432169e-06, 2.89339345727e-06, 4.46407238996e-06, 8.91425406735e-06, 2.68333451459e-06, 1.94616382032e-06, 1.88187857475e-06, 4.47749334853e-06, 4.68793223263e-06, 9.99965777737e-07, 3.58761127472e-07, 1.67596752476e-07, 5.51161747353e-08, 5.57315686933e-08, 3.22588419976e-07, 1.63051890922e-06, 9.92844661596e-07, 2.54269689748e-08, 8.85316975285e-09, 3.04889424818e-09, 3.03943115121e-09], "dvar": [4.24150243816e-07, 3.07417976728e-05, 7.68045938457e-05, 2.4041004508e-05, 5.72870294491e-06, 1.76809294317e-06, 1.13019291348e-06, 1.40295389883e-06, 1.85011333542e-06, 2.96471944239e-06, 1.19294577416e-06, 1.10841006062e-06, 1.03058857803e-06, 1.64766606758e-06, 1.46126103573e-06, 5.77952562253e-07, 2.45648209329e-07, 1.42323671071e-07, 5.13209954534e-08, 2.88193238163e-08, 1.6042467621e-07, 1.12512555006e-06, 7.97554264409e-07, 1.34142066344e-08, 3.69507624498e-09, 1.55627244425e-09, 1.22332188823e-09], "mean": [0.00055589369731, 0.00261085899547, 0.00334884296171, 0.00120881875046, 0.000968366162851, 0.000756125431508, 0.000741660885978, 0.000907238747459, 0.00117713632062, 0.00143334059976, 0.000658259436022, 0.000599896826316, 0.000734314846341, 0.00101918214932, 0.000932009075768, 0.00046687250142, 0.000340015743859, 0.000234470775467, 0.000158565293532, 0.00015107957006, 0.000241919144173, 0.000488161196699, 0.000359219411621, 7.26904327166e-05, 3.56696546078e-05, 2.24485520448e-05, 1.75850982487e-05]}, "melbands_flatness_db": {"min": 0.00349968322553, "max": 0.552022993565, "dvar2": 0.00252317613922, "median": 0.16085074842, "dmean2": 0.0477146878839, "dmean": 0.029869871214, "var": 0.00428203260526, "dvar": 0.00109177746344, "mean": 0.169519707561}, "melbands_skewness": {"min": -4.05224275589, "max": 14.9439115524, "dvar2": 1.99035918713, "median": 1.34201455116, "dmean2": 1.22749745846, "dmean": 0.788415014744, "var": 2.80741882324, "dvar": 0.895475208759, "mean": 1.73114275932}, "barkbands_skewness": {"min": -7.01229047775, "max": 17.3028621674, "dvar2": 1.03505253792, "median": 0.620244085789, "dmean2": 0.882659733295, "dmean": 0.564361810684, "var": 1.54861056805, "dvar": 0.467925548553, "mean": 0.775098264217}, "silence_rate_60dB": {"min": 0, "max": 1, "dvar2": 0.141966462135, "median": 0, "dmean2": 0.146875619888, "dmean": 0.0734329894185, "var": 0.155683130026, "dvar": 0.0680277869105, "mean": 0.192880094051}, "spectral_energyband_low": {"min": 1.56747277179e-23, "max": 0.104907780886, "dvar2": 0.000552653800696, "median": 0.000931454065721, "dmean2": 0.0113836731762, "dmean": 0.00696659553796, "var": 0.000212255792576, "dvar": 0.000219364941586, "mean": 0.0069724987261}, "spectral_energyband_middle_low": {"min": 1.42743371058e-22, "max": 0.0861799940467, "dvar2": 0.000176660774741, "median": 0.00300983572379, "dmean2": 0.00596354994923, "dmean": 0.00387465348467, "var": 9.35543430387e-05, "dvar": 7.52030464355e-05, "mean": 0.00622632866725}, "melbands_kurtosis": {"min": -1.93570315838, "max": 311.144287109, "dvar2": 432.158416748, "median": 2.71670484543, "dmean2": 9.31299686432, "dmean": 5.65083837509, "var": 348.471405029, "dvar": 187.328384399, "mean": 7.45178461075}, "spectral_decrease": {"min": -4.25578541297e-08, "max": 1.92288745656e-28, "dvar2": 6.08287049601e-17, "median": -2.48640952272e-09, "dmean2": 4.2143315504e-09, "dmean": 2.81145684511e-09, "var": 3.97841813117e-17, "dvar": 2.71232390507e-17, "mean": -4.84528550615e-09}, "erbbands_kurtosis": {"min": -1.74864923954, "max": 79.3591308594, "dvar2": 6.98637294769, "median": 0.398708105087, "dmean2": 1.66935753822, "dmean": 1.06258952618, "var": 8.95072650909, "dvar": 3.08480858803, "mean": 1.02803242207}, "melbands_crest": {"min": 1.58779072762, "max": 38.5427818298, "dvar2": 36.1726455688, "median": 12.1542491913, "dmean2": 6.61778640747, "dmean": 3.94691228867, "var": 30.7905426025, "dvar": 13.2198400497, "mean": 12.9312076569}, "gfcc": {"cov": [[18016.7792969, -449.115905762, -671.982543945, 116.524726868, -850.924133301, 430.189300537, -449.0987854, -173.95362854, -146.54107666, -12.9164905548, -395.929443359, 95.505859375, -319.382049561], [-449.115905762, 1760.33947754, -369.06741333, 94.5550079346, 269.191741943, -93.7918014526, 221.030426025, 97.0934371948, 136.894622803, -43.5092391968, 177.166687012, -101.473014832, 44.7906761169], [-671.982543945, -369.06741333, 1042.44055176, 353.288818359, 173.976852417, 63.0476341248, -8.42563724518, -13.5552215576, -48.781211853, -1.84839868546, -18.7821388245, 50.0434036255, -35.0123519897], [116.524726868, 94.5550079346, 353.288818359, 638.956115723, 282.877655029, -0.684898376465, 28.7848167419, 28.6421394348, 7.12279224396, -37.2906837463, 9.29047870636, -13.7765522003, -3.12150382996], [-850.924133301, 269.191741943, 173.976852417, 282.877655029, 427.652587891, 45.0163421631, 117.738121033, 80.0572052002, 51.0811271667, -3.78191113472, 39.7253074646, -37.8169670105, 20.0351333618], [430.189300537, -93.7918014526, 63.0476341248, -0.684898376465, 45.0163421631, 247.223571777, 67.6946182251, 72.9364318848, 1.28482472897, 22.9259376526, 1.83643507957, 2.70203089714, -7.13104104996], [-449.0987854, 221.030426025, -8.42563724518, 28.7848167419, 117.738121033, 67.6946182251, 244.664093018, 75.3621139526, 33.9258117676, -12.7095956802, 37.0017242432, -32.5817375183, -1.52053749561], [-173.95362854, 97.0934371948, -13.5552215576, 28.6421394348, 80.0572052002, 72.9364318848, 75.3621139526, 207.900741577, 61.3685951233, 36.3980827332, 36.3586196899, -37.368221283, -0.907537102699], [-146.54107666, 136.894622803, -48.781211853, 7.12279224396, 51.0811271667, 1.28482472897, 33.9258117676, 61.3685951233, 152.140899658, 41.4046630859, 27.2632083893, -8.46754646301, 6.87988185883], [-12.9164905548, -43.5092391968, -1.84839868546, -37.2906837463, -3.78191113472, 22.9259376526, -12.7095956802, 36.3980827332, 41.4046630859, 100.0054245, 37.3898124695, 1.48713922501, -11.2291355133], [-395.929443359, 177.166687012, -18.7821388245, 9.29047870636, 39.7253074646, 1.83643507957, 37.0017242432, 36.3586196899, 27.2632083893, 37.3898124695, 110.348213196, 9.35540103912, 11.4349346161], [95.505859375, -101.473014832, 50.0434036255, -13.7765522003, -37.8169670105, 2.70203089714, -32.5817375183, -37.368221283, -8.46754646301, 1.48713922501, 9.35540103912, 95.7760620117, 30.875919342], [-319.382049561, 44.7906761169, -35.0123519897, -3.12150382996, 20.0351333618, -7.13104104996, -1.52053749561, -0.907537102699, 6.87988185883, -11.2291355133, 11.4349346161, 30.875919342, 93.1331710815]], "icov": [[9.78458483587e-05, -8.17795444163e-05, 0.000114664901048, -0.000199637564947, 0.000238946988247, -0.000293355493341, 0.000137326525874, 1.04561340777e-05, 3.10105242534e-05, -0.00012627945398, 0.00040867831558, -0.000271351105766, 0.000362033926649], [-8.17795444163e-05, 0.0011299449252, 0.000231776517467, 0.000140379095683, -0.000618801161181, 0.00059649918694, -0.000480617280118, 0.000130454325699, -0.000659578654449, 0.00123960711062, -0.00204890710302, 0.00107721926179, -0.000467192701763], [0.000114664901048, 0.000231776517467, 0.00160898512695, -0.000906557776034, -0.000208499957807, -0.000469377293484, 8.76226913533e-05, 8.59011997818e-05, 0.000358908291673, -0.000261015287833, 0.00039737377665, -0.0012247893028, 0.0011667025974], [-0.000199637564947, 0.000140379095683, -0.000906557776034, 0.00312955887057, -0.00211133994162, 0.000864785106387, 0.000301753520034, -0.000224125673412, -0.000183358453796, 0.00147144752555, -0.00111077318434, 0.000607509107795, -0.00033895674278], [0.000238946988247, -0.000618801161181, -0.000208499957807, -0.00211133994162, 0.0051475581713, -0.00118605419993, -0.000865400535986, -0.000245380593697, -0.000486640579766, -0.000815290142782, 0.000937218545005, 0.000674086739309, -0.000647719367407], [-0.000293355493341, 0.00059649918694, -0.000469377293484, 0.000864785106387, -0.00118605419993, 0.00623042788357, -0.00193278572988, -0.00178945658263, 0.000791114347521, -0.000778100686148, -0.000427717604907, -0.000342141895089, -0.000743458338547], [0.000137326525874, -0.000480617280118, 8.76226913533e-05, 0.000301753520034, -0.000865400535986, -0.00193278572988, 0.00641564652324, -0.000947381835431, -0.000616441306192, 0.00224899011664, -0.00101410842035, 0.000516475818586, 0.00114881247282], [1.04561340777e-05, 0.000130454325699, 8.59011997818e-05, -0.000224125673412, -0.000245380593697, -0.00178945658263, -0.000947381835431, 0.00740147614852, -0.00196917215362, -0.00123159459326, -0.00139338441659, 0.00280619040132, -0.000791941594798], [3.10105242534e-05, -0.000659578654449, 0.000358908291673, -0.000183358453796, -0.000486640579766, 0.000791114347521, -0.000616441306192, -0.00196917215362, 0.00924326106906, -0.00433939415962, 0.00159131165128, -0.00131796277128, -0.000276114413282], [-0.00012627945398, 0.00123960711062, -0.000261015287833, 0.00147144752555, -0.000815290142782, -0.000778100686148, 0.00224899011664, -0.00123159459326, -0.00433939415962, 0.0167715661228, -0.00756902154535, 0.00124794407748, 0.00192082405556], [0.00040867831558, -0.00204890710302, 0.00039737377665, -0.00111077318434, 0.000937218545005, -0.000427717604907, -0.00101410842035, -0.00139338441659, 0.00159131165128, -0.00756902154535, 0.0169686581939, -0.00511475838721, 0.000816615764052], [-0.000271351105766, 0.00107721926179, -0.0012247893028, 0.000607509107795, 0.000674086739309, -0.000342141895089, 0.000516475818586, 0.00280619040132, -0.00131796277128, 0.00124794407748, -0.00511475838721, 0.016638809815, -0.00666448380798], [0.000362033926649, -0.000467192701763, 0.0011667025974, -0.00033895674278, -0.000647719367407, -0.000743458338547, 0.00114881247282, -0.000791941594798, -0.000276114413282, 0.00192082405556, 0.000816615764052, -0.00666448380798, 0.0150853935629]], "mean": [-41.0011367798, 78.6074066162, -138.608306885, 23.7347583771, -55.7708854675, 16.5687294006, -26.8643856049, -0.164413258433, -10.6068410873, 0.471230655909, -20.1235694885, -1.67005622387, -15.9617500305]}, "melbands_spread": {"min": 0.506826281548, "max": 302.266296387, "dvar2": 464.643981934, "median": 27.749376297, "dmean2": 17.2955703735, "dmean": 10.7457866669, "var": 526.858276367, "dvar": 194.892822266, "mean": 32.3729362488}, "spectral_energy": {"min": 1.00182865134e-20, "max": 0.174746587873, "dvar2": 0.000940639059991, "median": 0.0104417465627, "dmean2": 0.0166665762663, "dmean": 0.011298709549, "var": 0.000676847121213, "dvar": 0.000429842824815, "mean": 0.0202407240868}, "mfcc": {"cov": [[9473.24511719, -221.788452148, 192.358734131, -247.103271484, -271.314697266, 305.765594482, -352.196868896, 85.8448410034, -122.744247437, -37.1733894348, -73.6332321167, -48.2052764893, -156.091064453], [-221.788452148, 1339.94628906, -342.968109131, 52.5604362488, -5.253033638, -46.3443946838, 91.6818847656, 52.4764938354, 42.3746337891, 45.4277496338, 95.9517669678, 79.8262252808, 63.3921356201], [192.358734131, -342.968109131, 662.939331055, 173.74357605, 125.947242737, 97.9100799561, 26.5804195404, 26.6444702148, -37.316444397, -31.0102806091, -48.5137786865, 5.40334177017, -7.32700490952], [-247.103271484, 52.5604362488, 173.74357605, 612.689819336, 265.925323486, 63.8591079712, 77.3731002808, 38.9137916565, 30.8558235168, -2.19460082054, -24.0456523895, 12.8501176834, 32.1902923584], [-271.314697266, -5.253033638, 125.947242737, 265.925323486, 354.674163818, 52.1403465271, 80.7080764771, 33.681678772, 51.2832145691, 33.3503723145, 19.3516769409, 14.2309570312, 22.4249992371], [305.765594482, -46.3443946838, 97.9100799561, 63.8591079712, 52.1403465271, 194.931335449, 30.5022945404, 46.7670402527, -0.159549832344, -9.98215484619, -13.2435588837, -5.18284034729, -22.0425834656], [-352.196868896, 91.6818847656, 26.5804195404, 77.3731002808, 80.7080764771, 30.5022945404, 259.707580566, 67.8502197266, 50.4434165955, 36.5015983582, 53.3510704041, 8.97854042053, 15.5795412064], [85.8448410034, 52.4764938354, 26.6444702148, 38.9137916565, 33.681678772, 46.7670402527, 67.8502197266, 139.841400146, 55.9216575623, 34.7999000549, 16.4988002777, 10.0811758041, 7.09050607681], [-122.744247437, 42.3746337891, -37.316444397, 30.8558235168, 51.2832145691, -0.159549832344, 50.4434165955, 55.9216575623, 118.469863892, 61.2108612061, 28.5419025421, -4.14761209488, 7.90036678314], [-37.1733894348, 45.4277496338, -31.0102806091, -2.19460082054, 33.3503723145, -9.98215484619, 36.5015983582, 34.7999000549, 61.2108612061, 126.988563538, 71.5466918945, 7.18972873688, 2.45991802216], [-73.6332321167, 95.9517669678, -48.5137786865, -24.0456523895, 19.3516769409, -13.2435588837, 53.3510704041, 16.4988002777, 28.5419025421, 71.5466918945, 137.772903442, 54.4056854248, 4.99579000473], [-48.2052764893, 79.8262252808, 5.40334177017, 12.8501176834, 14.2309570312, -5.18284034729, 8.97854042053, 10.0811758041, -4.14761209488, 7.18972873688, 54.4056854248, 109.463592529, 39.4481201172], [-156.091064453, 63.3921356201, -7.32700490952, 32.1902923584, 22.4249992371, -22.0425834656, 15.5795412064, 7.09050607681, 7.90036678314, 2.45991802216, 4.99579000473, 39.4481201172, 106.243309021]], "icov": [[0.000126466344227, -7.14183306627e-06, -3.07289010379e-05, 2.11706119444e-05, 7.53935746616e-05, -0.000199807880563, 0.000198473731871, -0.000153758068336, 0.000103998710983, -5.3964304243e-05, -3.112783088e-05, 2.92803924822e-05, 8.9427230705e-05], [-7.14183306627e-06, 0.00098149292171, 0.000557276187465, -0.000233620332438, 8.61893640831e-05, 7.50896069803e-05, -0.000241897883825, -0.000322647189023, 0.000147094600834, 2.81077191175e-05, -0.000263601803454, -0.000446501013357, -0.000265919748927], [-3.07289010379e-05, 0.000557276187465, 0.00220198906027, -0.000377624848625, -0.000472722167615, -0.000480972114019, -0.000317193975206, -0.000473566411529, 0.00103797728661, -0.000211336344364, 0.000671712565236, -0.000700992357451, 0.00012312734907], [2.11706119444e-05, -0.000233620332438, -0.000377624848625, 0.00264744926244, -0.00177823076956, -0.00021152717818, -0.000200292954105, -6.74364564475e-05, -9.01978201e-05, 0.0001491610019, 0.000853983219713, -0.000216642525629, -0.000248829339398], [7.53935746616e-05, 8.61893640831e-05, -0.000472722167615, -0.00177823076956, 0.00484627997503, -0.000761528557632, -0.00043490761891, 0.000587585789617, -0.00139937887434, -0.000533032172825, -0.000538263353519, -8.16742176539e-05, -0.000418794108555], [-0.000199807880563, 7.50896069803e-05, -0.000480972114019, -0.00021152717818, -0.000761528557632, 0.00680163362995, -0.000587515765801, -0.00212508160621, 0.000700191245414, 0.000711898261216, 0.000374323397409, -0.000164276149007, 0.00146727415267], [0.000198473731871, -0.000241897883825, -0.000317193975206, -0.000200292954105, -0.00043490761891, -0.000587515765801, 0.00557644944638, -0.00201779440977, -0.000683695427142, 0.000836417661048, -0.00266137323342, 0.00153722334653, -0.00065257831011], [-0.000153758068336, -0.000322647189023, -0.000473566411529, -6.74364564475e-05, 0.000587585789617, -0.00212508160621, -0.00201779440977, 0.0111148674041, -0.00449446588755, -0.00134947733022, 0.00137125863694, -0.00153225264512, -0.000186525692698], [0.000103998710983, 0.000147094600834, 0.00103797728661, -9.01978201e-05, -0.00139937887434, 0.000700191245414, -0.000683695427142, -0.00449446588755, 0.0145635986701, -0.00535310199484, 0.00061462179292, 0.00135630962905, -0.000486729724798], [-5.3964304243e-05, 2.81077191175e-05, -0.000211336344364, 0.0001491610019, -0.000533032172825, 0.000711898261216, 0.000836417661048, -0.00134947733022, -0.00535310199484, 0.0150835458189, -0.00806558225304, 0.00316606136039, -0.000675679068081], [-3.112783088e-05, -0.000263601803454, 0.000671712565236, 0.000853983219713, -0.000538263353519, 0.000374323397409, -0.00266137323342, 0.00137125863694, 0.00061462179292, -0.00806558225304, 0.015977256, -0.00817772652954, 0.00281529920176], [2.92803924822e-05, -0.000446501013357, -0.000700992357451, -0.000216642525629, -8.16742176539e-05, -0.000164276149007, 0.00153722334653, -0.00153225264512, 0.00135630962905, 0.00316606136039, -0.00817772652954, 0.0153738381341, -0.0053112055175], [8.9427230705e-05, -0.000265919748927, 0.00012312734907, -0.000248829339398, -0.000418794108555, 0.00146727415267, -0.00065257831011, -0.000186525692698, -0.000486729724798, -0.000675679068081, 0.00281529920176, -0.0053112055175, 0.0121787562966]], "mean": [-672.450317383, 111.098617554, -21.2528266907, 13.4277820587, -6.77003097534, 18.1554298401, -10.4025115967, 9.56303596497, 1.46298551559, 7.28686475754, 4.56490564346, -1.77659285069, -1.88648867607]}, "spectral_contrast_valleys": {"min": [-28.5471763611, -28.006980896, -27.7072162628, -27.6722183228, -27.5595684052, -27.4394073486], "max": [-5.51041793823, -4.59992694855, -4.78550386429, -5.35791015625, -5.50708961487, -7.56941890717], "dvar2": [0.737988948822, 0.556104838848, 0.481991767883, 0.45870423317, 0.399958729744, 0.35727468133], "median": [-8.12383365631, -7.06579113007, -7.41717624664, -7.46898317337, -7.69379425049, -10.6207475662], "dmean2": [0.94295078516, 0.746141135693, 0.666869282722, 0.573527336121, 0.446948766708, 0.435934394598], "dmean": [0.617584049702, 0.481494009495, 0.440300226212, 0.377685129642, 0.304172813892, 0.335228085518], "var": [4.42728376389, 4.32953500748, 4.256046772, 4.04378604889, 3.93217968941, 3.80859971046], "dvar": [0.399024963379, 0.284910559654, 0.245507478714, 0.228942632675, 0.200603201985, 0.199044525623], "mean": [-8.36803722382, -7.33538246155, -7.64144563675, -7.68910121918, -7.91911220551, -10.897644043]}, "barkbands_flatness_db": {"min": 0.0230177082121, "max": 0.430869907141, "dvar2": 0.00155642232858, "median": 0.109081141651, "dmean2": 0.0364541560411, "dmean": 0.0227171741426, "var": 0.00268525606953, "dvar": 0.00066934217466, "mean": 0.115520521998}, "dynamic_complexity": 4.4773106575, "erbbands_flatness_db": {"min": 0.0404437072575, "max": 0.511831104755, "dvar2": 0.000746337638702, "median": 0.172085225582, "dmean2": 0.026932053268, "dmean": 0.018