{"lowlevel": {"spectral_complexity": {"min": 0, "max": 66, "dvar2": 109.792785645, "median": 8, "dmean2": 6.53662538528, "dmean": 4.64298057556, "var": 184.124954224, "dvar": 56.6071052551, "mean": 12.6876478195}, "silence_rate_20dB": {"min": 1, "max": 1, "dvar2": 0, "median": 1, "dmean2": 0, "dmean": 0, "var": 0, "dvar": 0, "mean": 1}, "average_loudness": 0.92541962862, "erbbands_spread": {"min": 3.18772578239, "max": 174.67539978, "dvar2": 809.365722656, "median": 38.1815338135, "dmean2": 20.6924133301, "dmean": 13.2943115234, "var": 511.331573486, "dvar": 321.847900391, "mean": 41.704864502}, "spectral_kurtosis": {"min": -1.26452147961, "max": 66.4548797607, "dvar2": 42.6807975769, "median": 2.67997193336, "dmean2": 3.86783957481, "dmean": 2.47984576225, "var": 61.5239868164, "dvar": 20.4460983276, "mean": 5.25267028809}, "barkbands_kurtosis": {"min": -1.92046296597, "max": 616.302307129, "dvar2": 3190.359375, "median": 2.97161078453, "dmean2": 19.7925262451, "dmean": 12.3781881332, "var": 1281.20471191, "dvar": 1132.39770508, "mean": 16.723482132}, "spectral_strongpeak": {"min": 0, "max": 12.4644575119, "dvar2": 0.776957333088, "median": 0.16282504797, "dmean2": 0.343209058046, "dmean": 0.202156350017, "var": 0.258153259754, "dvar": 0.283188432455, "mean": 0.274462729692}, "spectral_spread": {"min": 1324525.625, "max": 42560684, "dvar2": 1956054302720.0, "median": 4096948, "dmean2": 958051.5625, "dmean": 654298.25, "var": 16557205880800.0, "dvar": 960812482560, "mean": 4767624}, "spectral_rms": {"min": 3.10426727726e-12, "max": 0.0205963291228, "dvar2": 1.93217783817e-05, "median": 0.00266173388809, "dmean2": 0.00215279869735, "dmean": 0.00153041956946, "var": 1.13524911285e-05, "dvar": 8.6902464318e-06, "mean": 0.00351244932972}, "erbbands": {"min": [5.91746148241e-23, 5.81508525983e-22, 1.4828433258e-21, 3.47965278067e-21, 1.37037170312e-20, 2.00319944529e-20, 4.70844807909e-20, 6.72106542802e-20, 1.49287734571e-19, 1.41266150581e-19, 3.06193725036e-19, 3.17318192751e-19, 4.08459201539e-19, 6.63297108052e-19, 7.77721415777e-19, 8.04531476803e-19, 1.58898417821e-18, 1.97719368816e-18, 2.70245427552e-18, 3.09920049618e-18, 3.29648555382e-18, 5.02802521162e-18, 6.17974765597e-18, 5.86248832229e-18, 6.9367440615e-18, 8.26037945255e-18, 8.98653980561e-18, 1.03976404475e-17, 9.80381823905e-18, 1.18565876975e-17, 1.11098379918e-17, 8.56586800611e-18, 1.01898915551e-17, 8.44585650694e-18, 5.59870497444e-18, 4.1533392029e-18, 2.29866213039e-18, 9.34710163077e-19, 2.24440466568e-19, 2.71670896269e-20], "max": [5.8945016861, 80.2526397705, 219.065505981, 257.979827881, 191.930114746, 80.9836273193, 60.1645011902, 93.3101806641, 187.753936768, 190.970489502, 303.809448242, 379.229644775, 408.112091064, 399.683776855, 329.194763184, 428.116760254, 492.711700439, 659.382873535, 1086.9753418, 694.5859375, 910.488525391, 651.942504883, 585.280395508, 521.07208252, 516.206237793, 406.533355713, 544.948547363, 448.454406738, 444.274475098, 303.943939209, 198.228591919, 185.741912842, 109.578544617, 61.0356864929, 31.3937702179, 23.9292945862, 3.30521607399, 0.700023770332, 0.103885263205, 0.00510508008301], "dvar2": [2.0796687603, 374.503112793, 1637.14794922, 1224.44067383, 388.334625244, 127.495498657, 37.5141868591, 38.8094139099, 58.9222297668, 75.8108978271, 67.3515930176, 153.934158325, 217.405517578, 353.675811768, 301.161682129, 345.644927979, 291.942901611, 573.003295898, 830.903808594, 1042.15466309, 1287.96594238, 827.676269531, 878.923095703, 1840.77001953, 3532.71533203, 2774.87182617, 2384.89404297, 2451.50512695, 2420.85229492, 1420.86401367, 840.746337891, 589.382995605, 190.367294312, 90.2644958496, 25.2927246094, 4.19270515442, 0.193554610014, 0.0103011066094, 0.000156080568559, 4.64052476445e-07], "median": [0.0735446065664, 0.714917063713, 0.689448952675, 0.991959095001, 0.692757487297, 0.611501693726, 0.470526635647, 0.371590912342, 0.662575721741, 0.807859778404, 0.8199198246, 0.359092861414, 1.14012694359, 0.98290592432, 1.95074653625, 1.55824697018, 1.28072214127, 2.24749994278, 2.06300592422, 2.32760953903, 2.36037373543, 1.94227170944, 2.0992064476, 3.32477426529, 2.9074177742, 2.53571033478, 1.55869269371, 1.28266537189, 0.965245723724, 0.663984894753, 0.352975636721, 0.182004213333, 0.0724782198668, 0.026518817991, 0.00681328168139, 0.00186109251808, 0.000392813468352, 5.60297048651e-05, 9.7398451544e-06, 9.53683229454e-06], "dmean2": [0.563383162022, 7.29263210297, 14.4452075958, 11.1807146072, 6.1945977211, 3.50224423409, 2.09717655182, 2.29372835159, 2.81457591057, 2.69795966148, 2.24315953255, 2.71082735062, 4.52120113373, 5.17880916595, 6.5120882988, 7.11493396759, 5.73613643646, 9.13763999939, 10.451300621, 12.4565258026, 12.6459388733, 12.6622714996, 13.0745859146, 20.5331268311, 27.8245944977, 23.469587326, 20.550245285, 20.3793067932, 19.4899616241, 14.2084522247, 10.6288137436, 8.60693454742, 4.85941505432, 3.32080936432, 1.69577002525, 0.667209267616, 0.158541530371, 0.0368788279593, 0.0044930591248, 0.000255630729953], "dmean": [0.326856166124, 4.13300609589, 7.96896934509, 6.04092359543, 3.3668525219, 1.94513702393, 1.21097683907, 1.32973361015, 1.75579679012, 1.70059347153, 1.4826117754, 1.73988294601, 3.06267261505, 3.49365758896, 4.31233358383, 4.87258195877, 3.71719455719, 5.78412151337, 6.91120433807, 7.92452478409, 8.20184230804, 8.02071762085, 8.1978302002, 13.004655838, 17.1217155457, 14.5514583588, 12.9641113281, 13.1190061569, 12.5010404587, 8.8941822052, 6.66959810257, 5.42197275162, 3.01857829094, 2.11320471764, 1.08513975143, 0.431432455778, 0.10347584635, 0.0241043418646, 0.0029128738679, 0.000169069171534], "var": [0.548412740231, 89.0883865356, 361.89352417, 247.587905884, 80.5245895386, 26.8150787354, 9.52455234528, 15.037317276, 53.9086303711, 54.3521347046, 56.1646995544, 128.144195557, 199.139526367, 270.828491211, 245.377960205, 303.671264648, 276.874267578, 548.959106445, 842.266235352, 810.547668457, 1260.98596191, 686.551574707, 734.97668457, 1416.38671875, 1892.16247559, 1502.55761719, 1445.58557129, 1481.39929199, 1435.89074707, 652.4453125, 345.550109863, 232.641662598, 69.2794876099, 36.4463996887, 9.93852901459, 1.64304161072, 0.0890267193317, 0.00484304968268, 7.16341746738e-05, 2.23159432267e-07], "dvar": [0.775113046169, 136.211685181, 586.841186523, 428.847076416, 136.644790649, 44.6315422058, 13.4535417557, 14.6673345566, 26.7305278778, 27.4947280884, 28.8236255646, 65.66771698, 102.611686707, 154.304122925, 127.990333557, 153.951370239, 127.063743591, 237.95866394, 396.374786377, 436.934265137, 570.708496094, 360.399658203, 375.946258545, 764.726806641, 1421.53894043, 1098.27893066, 959.548950195, 1001.39849854, 967.252258301, 550.30859375, 336.757751465, 239.7371521, 75.32762146, 37.7541351318, 10.5833110809, 1.75873148441, 0.0851821005344, 0.00461664656177, 6.97751893313e-05, 2.1079840451e-07], "mean": [0.278569698334, 3.21859121323, 5.66317272186, 4.36968231201, 2.58754181862, 1.74165129662, 1.29732739925, 1.56458938122, 2.58188796043, 2.6024210453, 2.3791706562, 2.49280452728, 4.80553865433, 5.33137512207, 6.70189619064, 7.52822494507, 5.56960105896, 8.64276504517, 10.3553781509, 11.64777565, 12.2233419418, 10.8409109116, 11.548242569, 18.0932312012, 20.9321022034, 18.5482215881, 16.9526824951, 17.2248210907, 16.4146595001, 10.8985128403, 7.12426710129, 5.37100744247, 2.86154508591, 1.96935129166, 0.983332514763, 0.397206604481, 0.0990946516395, 0.022171901539, 0.00261345691979, 0.000159344359417]}, "zerocrossingrate": {"min": 0, "max": 0.53857421875, "dvar2": 0.000541286310181, "median": 0.048828125, "dmean2": 0.0162696950138, "dmean": 0.0138043873012, "var": 0.00430168118328, "dvar": 0.000357545388397, "mean": 0.0614014342427}, "spectral_contrast_coeffs": {"min": [-0.980543613434, -0.976479291916, -0.975008547306, -0.969912827015, -0.969692647457, -0.96495872736], "max": [-0.44079425931, -0.425218045712, -0.500609397888, -0.543365895748, -0.585595488548, -0.478916943073], "dvar2": [0.00538137694821, 0.00295740552247, 0.00253826146945, 0.00228185020387, 0.00124136102386, 0.00128535821568], "median": [-0.751629114151, -0.769408583641, -0.782787501812, -0.781229734421, -0.789664268494, -0.727503657341], "dmean2": [0.0767727419734, 0.0613810531795, 0.0577512308955, 0.0553135834634, 0.0402765572071, 0.0338172763586], "dmean": [0.0490759983659, 0.0392200388014, 0.0394977517426, 0.0364388749003, 0.0263752602041, 0.0231793038547], "var": [0.00583398900926, 0.00543665653095, 0.00642859004438, 0.00596002023667, 0.00435004197061, 0.00407364079729], "dvar": [0.00242103333585, 0.00126094114967, 0.00126244407147, 0.00103917834349, 0.000572813791223, 0.000596145051531], "mean": [-0.740531682968, -0.765007317066, -0.78368383646, -0.778246045113, -0.789257287979, -0.742782175541]}, "dissonance": {"min": 0.200745999813, "max": 0.500000059605, "dvar2": 0.000712759443559, "median": 0.478178203106, "dmean2": 0.0223881900311, "dmean": 0.0139569276944, "var": 0.000526014424395, "dvar": 0.000270727061434, "mean": 0.472633421421}, "spectral_energyband_high": {"min": 7.15407670723e-21, "max": 0.0387924648821, "dvar2": 2.90250445687e-05, "median": 0.000136509741424, "dmean2": 0.00216924981214, "dmean": 0.00142080197111, "var": 1.60897561727e-05, "dvar": 1.21557641251e-05, "mean": 0.00179059314542}, "spectral_skewness": {"min": -0.0821151584387, "max": 7.02593326569, "dvar2": 0.423910170794, "median": 1.0792632103, "dmean2": 0.475787729025, "dmean": 0.320106863976, "var": 1.05476737022, "dvar": 0.219589874148, "mean": 1.38790416718}, "spectral_flux": {"min": 6.33705379838e-11, "max": 0.606547117233, "dvar2": 0.0134892584756, "median": 0.0329622738063, "dmean2": 0.0664655640721, "dmean": 0.0444046147168, "var": 0.0130306677893, "dvar": 0.00756108528003, "mean": 0.0792847722769}, "silence_rate_30dB": {"min": 0, "max": 1, "dvar2": 0.163630276918, "median": 1, "dmean2": 0.188046649098, "dmean": 0.0940147563815, "var": 0.0819749087095, "dvar": 0.085182890296, "mean": 0.909910738468}, "spectral_energyband_middle_high": {"min": 1.07021116367e-21, "max": 0.0435389243066, "dvar2": 1.03272905108e-05, "median": 0.000680876080878, "dmean2": 0.00169875705615, "dmean": 0.0011757343309, "var": 1.61668940564e-05, "dvar": 5.02305601913e-06, "mean": 0.00225786166266}, "barkbands_spread": {"min": 0.136739462614, "max": 114.09552002, "dvar2": 562.110534668, "median": 26.4124202728, "dmean2": 15.8078508377, "dmean": 10.1010656357, "var": 547.982666016, "dvar": 211.378616333, "mean": 29.1040401459}, "spectral_centroid": {"min": 90.1861190796, "max": 11718.2460938, "dvar2": 820371.3125, "median": 2010.70214844, "dmean2": 630.586364746, "dmean": 410.548980713, "var": 2121222.75, "dvar": 333066.21875, "mean": 1974.79089355}, "pitch_salience": {"min": 0.0523470453918, "max": 0.957898736, "dvar2": 0.030244037509, "median": 0.428249955177, "dmean2": 0.153265088797, "dmean": 0.0955962240696, "var": 0.0169207509607, "dvar": 0.0107224127278, "mean": 0.438088148832}, "erbbands_skewness": {"min": -4.71061944962, "max": 6.26486253738, "dvar2": 1.24142730236, "median": -0.402925252914, "dmean2": 0.784500777721, "dmean": 0.520335614681, "var": 2.1411588192, "dvar": 0.515217721462, "mean": -0.0562195293605}, "erbbands_crest": {"min": 2.2166454792, "max": 28.4262065887, "dvar2": 9.58684635162, "median": 6.58112192154, "dmean2": 3.16512060165, "dmean": 1.95825719833, "var": 9.13803291321, "dvar": 4.00806713104, "mean": 7.26941299438}, "melbands": {"min": [9.27223952553e-25, 1.15832775588e-24, 1.00258896242e-24, 1.05717665795e-24, 1.59541260789e-24, 1.75673052149e-24, 2.0912696681e-24, 1.29076823275e-24, 3.01042258751e-24, 2.23058112345e-24, 1.65267483771e-24, 1.84583512174e-24, 1.7450244173e-24, 1.79076967233e-24, 1.57813823039e-24, 3.21208481996e-24, 2.89011893288e-24, 2.85957621079e-24, 3.62132160011e-24, 3.0065431668e-24, 3.37834100282e-24, 4.74866299824e-24, 3.14937747774e-24, 5.05812682047e-24, 4.39210772984e-24, 3.65715757888e-24, 4.09780857522e-24, 4.90067531138e-24, 5.39568119068e-24, 5.18278222628e-24, 5.44388926945e-24, 4.0252665041e-24, 5.90969467348e-24, 5.22595382261e-24, 5.04297990223e-24, 4.68107536803e-24, 4.33615382583e-24, 6.49673971559e-24, 6.7387464641e-24, 6.56796517787e-24], "max": [0.0691339224577, 0.103557802737, 0.0438718795776, 0.00705906981602, 0.00210843631066, 0.00190016906708, 0.00347875710577, 0.00169446773361, 0.00266039278358, 0.00215017516166, 0.00210256502032, 0.00180410931353, 0.0012046439806, 0.00107162888162, 0.0015515369596, 0.00104985444341, 0.0014320241753, 0.00153276650235, 0.00145279883873, 0.00108831305988, 0.000970589753706, 0.000783327734098, 0.000546701543499, 0.000628683657851, 0.00043778939289, 0.000455996225355, 0.000533849815838, 0.000317675643601, 0.000342628976796, 0.000314367614919, 0.00026186517789, 0.000290862109978, 0.000236561245401, 0.000165689300047, 9.45603096625e-05, 0.000138350995257, 0.000121212193335, 9.19348167372e-05, 5.99123086431e-05, 5.68820578337e-05], "dvar2": [0.0003065453202, 0.000500891299453, 3.19354694511e-05, 1.07000880689e-06, 6.27503808914e-08, 1.94034939227e-08, 1.37219879903e-08, 7.64379493035e-09, 5.90750692808e-09, 5.71705438546e-09, 5.84103831969e-09, 6.31181018562e-09, 3.28620797241e-09, 2.97263347271e-09, 2.58610644011e-09, 2.26292740102e-09, 2.5510800139e-09, 2.42149988949e-09, 2.99087998812e-09, 3.32782557066e-09, 1.66270641699e-09, 1.13303177951e-09, 1.00593300356e-09, 7.92573506825e-10, 1.47820089502e-09, 1.96690552734e-09, 1.86621096354e-09, 1.25607280133e-09, 9.89674120433e-10, 1.15832643477e-09, 8.35443547675e-10, 9.44659017676e-10, 7.68254626582e-10, 3.59595075938e-10, 2.53584764298e-10, 2.92085133857e-10, 2.42957404195e-10, 1.1268104505e-10, 6.97750607292e-11, 6.67347913041e-11], "median": [0.000800337991677, 0.000686170591507, 0.000160136522027, 4.9206217227e-05, 1.84411692317e-05, 9.11368442758e-06, 8.99635961105e-06, 8.80463721842e-06, 5.59713771509e-06, 1.46459728967e-06, 5.52963274458e-06, 3.43225610777e-06, 5.47379249838e-06, 5.42634825251e-06, 2.65297057922e-06, 1.7921286144e-06, 4.29708597949e-06, 3.32600939146e-06, 2.50322932516e-06, 3.77734841095e-06, 2.24552604777e-06, 1.57799490808e-06, 1.90689479496e-06, 1.48217736751e-06, 2.81121492662e-06, 1.66108964095e-06, 1.79042990567e-06, 1.58297916641e-06, 8.43211239498e-07, 9.28090912566e-07, 5.6330213738e-07, 4.84127099298e-07, 4.4096759666e-07, 2.60462343249e-07, 2.0150523028e-07, 1.1565305158e-07, 9.87620154547e-08, 4.8223803617e-08, 2.83934031842e-08, 1.79368626618e-08], "dmean2": [0.00672326423228, 0.00835195370018, 0.00184174999595, 0.000332574243657, 8.23482914711e-05, 5.25587238371e-05, 4.1375777073e-05, 3.00057981804e-05, 1.81773139047e-05, 1.75279328687e-05, 2.33352584473e-05, 2.1332549295e-05, 2.09877198358e-05, 1.96645523829e-05, 1.63030927069e-05, 1.38926898217e-05, 1.93337564269e-05, 1.77642177732e-05, 1.74753186002e-05, 2.09338595596e-05, 1.43024253703e-05, 1.43365350596e-05, 1.3042577848e-05, 1.27007251649e-05, 1.80191564141e-05, 2.08618967008e-05, 1.93135529116e-05, 1.57431604748e-05, 1.31726892505e-05, 1.41223008541e-05, 1.17423769552e-05, 1.18510160974e-05, 1.03262782432e-05, 7.08545985617e-06, 5.99200666329e-06, 5.9080293795e-06, 5.4359970818e-06, 3.65157188753e-06, 2.88686351269e-06, 2.81313964479e-06], "dmean": [0.00387420156039, 0.00472719036043, 0.00099507975392, 0.00018324208213, 4.72710016766e-05, 3.06749498122e-05, 2.57044575847e-05, 1.92351199075e-05, 1.19742262541e-05, 1.12307925519e-05, 1.57562117238e-05, 1.4309342987e-05, 1.38351178975e-05, 1.32155410029e-05, 1.09013217298e-05, 8.65040146891e-06, 1.21781049529e-05, 1.16008195619e-05, 1.11505914901e-05, 1.30845783133e-05, 9.27559995034e-06, 9.0213607109e-06, 8.03345483291e-06, 7.87218414189e-06, 1.13202959255e-05, 1.28531100927e-05, 1.169537245e-05, 9.66265815805e-06, 8.20848890726e-06, 8.85149438545e-06, 7.47386684452e-06, 7.53099220674e-06, 6.44327883492e-06, 4.39915265815e-06, 3.73510215468e-06, 3.64903098671e-06, 3.40648966812e-06, 2.23472102334e-06, 1.8240115196e-06, 1.778539513e-06], "var": [7.74724612711e-05, 0.000119825686852, 6.54774157738e-06, 2.26782248092e-07, 1.49560079876e-08, 8.10622236003e-09, 1.1589752269e-08, 5.98243365957e-09, 5.25982102317e-09, 4.56955895345e-09, 5.29154098317e-09, 4.61381421957e-09, 2.75322253884e-09, 2.26310659102e-09, 2.11051842669e-09, 1.62625568567e-09, 2.21357243646e-09, 2.37574115936e-09, 2.07417216735e-09, 2.22663332217e-09, 1.56590096445e-09, 8.24836865476e-10, 6.90925039404e-10, 6.37675634518e-10, 1.07556452633e-09, 1.10923448204e-09, 9.20420795136e-10, 6.56285026324e-10, 5.89931048456e-10, 6.27579321844e-10, 4.89163820561e-10, 5.29035204533e-10, 3.54134860325e-10, 1.57832608094e-10, 1.07146139183e-10, 1.06356118357e-10, 9.30983762304e-11, 3.80266616806e-11, 2.66730439819e-11, 2.62458128147e-11], "dvar": [0.000113016511023, 0.000183093128726, 1.12315847218e-05, 3.77004027996e-07, 2.22804281691e-08, 7.40150296608e-09, 5.9730487223e-09, 2.91413893017e-09, 2.53955412255e-09, 2.41945730117e-09, 2.74352696117e-09, 2.72525313427e-09, 1.39747580175e-09, 1.26659149835e-09, 1.07925168802e-09, 8.70923666518e-10, 1.05274089446e-09, 1.12785714101e-09, 1.22703769367e-09, 1.34919941885e-09, 7.51332274174e-10, 4.84684348212e-10, 4.18824003257e-10, 3.34226285537e-10, 6.09324257717e-10, 8.14037837138e-10, 7.2769085202e-10, 4.96307883679e-10, 3.93207910676e-10, 4.65534527594e-10, 3.38744532424e-10, 3.71497388407e-10, 2.95934526884e-10, 1.39086311912e-10, 1.01499218752e-10, 1.15790953215e-10, 9.82849496234e-11, 4.34470862065e-11, 2.8418756931e-11, 2.77384799158e-11], "mean": [0.00320663535967, 0.0035852715373, 0.000719467236195, 0.000153261964442, 5.03617702634e-05, 3.69535955542e-05, 3.73670045519e-05, 2.98527520499e-05, 1.86334345926e-05, 1.54520494107e-05, 2.42258029175e-05, 2.12126342376e-05, 2.07034845516e-05, 2.0333840439e-05, 1.58666462085e-05, 1.18436582852e-05, 1.72273939825e-05, 1.67381258507e-05, 1.57098129421e-05, 1.79350045073e-05, 1.31108390633e-05, 1.1307002751e-05, 1.06025900095e-05, 1.03272086562e-05, 1.53081673488e-05, 1.52576803885e-05, 1.39479552672e-05, 1.19934438771e-05, 1.0416771147e-05, 1.08744980025e-05, 9.65348044701e-06, 9.70901965047e-06, 7.86695727584e-06, 5.22715799889e-06, 4.02150726586e-06, 3.57725934919e-06, 3.29724730364e-06, 2.08331266549e-06, 1.70524583609e-06, 1.62828155226e-06]}, "spectral_entropy": {"min": 4.57703304291, "max": 9.82053470612, "dvar2": 0.242825016379, "median": 7.60510110855, "dmean2": 0.341334730387, "dmean": 0.245279699564, "var": 0.751847267151, "dvar": 0.126890897751, "mean": 7.46071195602}, "spectral_rolloff": {"min": 21.533203125, "max": 19961.2792969, "dvar2": 8111962.5, "median": 775.1953125, "dmean2": 1628.91247559, "dmean": 965.688049316, "var": 7218624.5, "dvar": 3096173, "mean": 1819.17175293}, "barkbands": {"min": [2.27026329217e-25, 4.48558735268e-24, 6.43329478843e-25, 1.17789594367e-24, 6.96202486585e-24, 1.19437958672e-23, 8.46510386858e-24, 7.88850097827e-24, 1.24001211352e-23, 4.24661140777e-24, 7.83702307104e-24, 1.71884066446e-23, 3.19694843301e-23, 2.56459074718e-23, 4.50249051195e-23, 5.36157960149e-23, 7.63198124014e-23, 1.01873484678e-22, 9.51069955541e-23, 1.75485958008e-22, 2.22971446508e-22, 2.98540686157e-22, 3.41092348256e-22, 5.8068917087e-22, 7.90414140789e-22, 1.19301860602e-21, 1.7764273149e-21], "max": [0.0162280127406, 0.300140857697, 0.212202981114, 0.0997513383627, 0.0256165079772, 0.00824677944183, 0.0186958108097, 0.0101098157465, 0.0163235627115, 0.0116876531392, 0.00860178750008, 0.00976392161101, 0.010901004076, 0.013682840392, 0.0191335026175, 0.0157908108085, 0.00979868602008, 0.0113679757342, 0.00922231934965, 0.0101394290105, 0.0109143974259, 0.0100896768272, 0.00682313460857, 0.00572915142402, 0.00446143420413, 0.00347036216408, 0.000571096374188], "dvar2": [6.70751433063e-06, 0.00567553658038, 0.00109008059371, 9.94889924186e-05, 1.30132766571e-05, 5.43421776911e-07, 3.83150364769e-07, 1.32778509965e-07, 2.67008459787e-07, 3.51076408833e-07, 2.11094601354e-07, 2.22253206061e-07, 2.00320471322e-07, 3.01002216929e-07, 4.11027087921e-07, 5.56164707177e-07, 2.91139713227e-07, 3.4436027363e-07, 1.07588766696e-06, 1.27597820665e-06, 1.46526838307e-06, 1.77254207756e-06, 9.67330265667e-07, 8.99930341802e-07, 5.81795234211e-07, 1.05638939374e-07, 6.36257091458e-09], "median": [0.00016775727272, 0.00294645293616, 0.000560399319511, 0.000185385957593, 0.0002466084552, 4.48936334578e-05, 3.47008717654e-05, 4.72569663543e-05, 7.70661245042e-06, 3.49041256413e-05, 3.30814182234e-05, 4.43513854407e-05, 1.54800836754e-05, 4.1193983634e-05, 2.69150004897e-05, 4.75127708341e-05, 3.63875114999e-05, 3.17400117638e-05, 6.87793799443e-05, 5.5802953284e-05, 2.87274233415e-05, 3.0013590731e-05, 1.30145308503e-05, 6.25931352261e-06, 1.70357816387e-06, 2.78952654753e-07, 2.87772099483e-08], "dmean2": [0.00103626667988, 0.0286167487502, 0.0113047892228, 0.00287685589865, 0.00116408918984, 0.000275040627457, 0.000193782383576, 0.000126495055156, 0.000116341499961, 0.000170371640706, 0.000152518594405, 0.000179092690814, 0.000137136259582, 0.000217933018575, 0.000215478255996, 0.000270817952696, 0.000241378715145, 0.000259428634308, 0.000509110745043, 0.000507556949742, 0.000502595503349, 0.0005287147942, 0.000369102752302, 0.000339919119142, 0.000264702219283, 0.000111039531475, 2.8611291782e-05], "dmean": [0.000736259506084, 0.0163134038448, 0.00613592518494, 0.00152717076708, 0.000651347392704, 0.000158377108164, 0.00011904812709, 8.39218555484e-05, 7.36672009225e-05, 0.000115148352052, 0.000100285506051, 0.000120829870866, 8.61582229845e-05, 0.000137433133204, 0.000137462106068, 0.000171308987774, 0.00015289739531, 0.00016164520639, 0.000321043800795, 0.000312597898301, 0.000320750899846, 0.000342129496858, 0.000232156016864, 0.000213633378735, 0.000170102604898, 7.22347103874e-05, 1.86100605788e-05], "var": [2.8711374398e-06, 0.0013840100728, 0.000226764605031, 1.91493236343e-05, 2.8129918519e-06, 1.86721038631e-07, 2.70312739303e-07, 1.02315802053e-07, 2.32434913983e-07, 2.75607249023e-07, 1.69150439433e-07, 1.81324409709e-07, 1.67012771612e-07, 2.76860077975e-07, 3.24849850131e-07, 4.70073075576e-07, 2.20380414362e-07, 2.73297473541e-07, 7.07187098214e-07, 6.78630613038e-07, 8.86032523795e-07, 1.05289177554e-06, 4.1805057549e-07, 3.50257892023e-07, 2.38628558691e-07, 4.46311680946e-08, 2.90137025516e-09], "dvar": [2.88022670247e-06, 0.00207656458952, 0.000384445564123, 3.44503714587e-05, 4.5913266149e-06, 2.01984647674e-07, 1.52071407911e-07, 5.64187452312e-08, 1.14350307001e-07, 1.56810244789e-07, 8.89700970674e-08, 9.64735136222e-08, 8.0673970615e-08, 1.28958660639e-07, 1.80341231726e-07, 2.34618141803e-07, 1.23982445643e-07, 1.42781530599e-07, 4.49340063824e-07, 5.03149294673e-07, 5.93254071646e-07, 7.14489203801e-07, 3.88246462535e-07, 3.63853274621e-07, 2.45807228794e-07, 4.53778206122e-08, 2.83725798411e-09], "mean": [0.000793626590166, 0.0129426503554, 0.00428112922236, 0.00101653614547, 0.000613472016994, 0.000176697431016, 0.000165180317708, 0.000136618793476, 0.00010179716628, 0.000174699394847, 0.000144719771924, 0.00018513140094, 0.000119045485917, 0.000190974256839, 0.000191704762983, 0.000243638860411, 0.000198933921638, 0.000215994979953, 0.000416971714003, 0.000398192350985, 0.000414775102399, 0.000451488653198, 0.000258359708823, 0.000207697259611, 0.000157526927069, 6.78866417729e-05, 1.66142090166e-05]}, "melbands_flatness_db": {"min": 0.0033313089516, "max": 0.717485070229, "dvar2": 0.00939659029245, "median": 0.216707780957, "dmean2": 0.0671378821135, "dmean": 0.047597642988, "var": 0.0228836536407, "dvar": 0.00371876196004, "mean": 0.259275019169}, "melbands_skewness": {"min": -2.18475008011, "max": 21.8590164185, "dvar2": 12.376247406, "median": 3.50064969063, "dmean2": 2.38815021515, "dmean": 1.54810106754, "var": 7.37013959885, "dvar": 4.67955064774, "mean": 4.06605100632}, "barkbands_skewness": {"min": -4.0158867836, "max": 18.8065624237, "dvar2": 5.86227941513, "median": 1.91922616959, "dmean2": 1.66339147091, "dmean": 1.10429680347, "var": 5.41087913513, "dvar": 2.21926021576, "mean": 2.45156621933}, "silence_rate_60dB": {"min": 0, "max": 1, "dvar2": 0.217723876238, "median": 0, "dmean2": 0.255466461182, "dmean": 0.127721592784, "var": 0.177902087569, "dvar": 0.111411221325, "mean": 0.231462925673}, "spectral_energyband_low": {"min": 1.8258414421e-23, "max": 0.414892613888, "dvar2": 0.00911342538893, "median": 0.00439487956464, "dmean2": 0.0370300076902, "dmean": 0.0217637270689, "var": 0.00248316838406, "dvar": 0.00344524672255, "mean": 0.0182241890579}, "spectral_energyband_middle_low": {"min": 1.57481930718e-22, "max": 0.121896132827, "dvar2": 0.000189441008843, "median": 0.000851804157719, "dmean2": 0.00447946041822, "dmean": 0.00245803268626, "var": 4.03122685384e-05, "dvar": 6.64705075906e-05, "mean": 0.00227753026411}, "melbands_kurtosis": {"min": -1.86045980453, "max": 789.524230957, "dvar2": 7568.43310547, "median": 15.5416765213, "dmean2": 40.5917930603, "dmean": 25.0432300568, "var": 3077.79199219, "dvar": 2776.66992188, "mean": 35.8565559387}, "spectral_decrease": {"min": -1.13018344905e-07, "max": 1.81535556553e-28, "dvar2": 6.42907959603e-16, "median": -1.81457482373e-09, "dmean2": 1.01121742091e-08, "dmean": 6.15395689962e-09, "var": 2.00310189485e-16, "dvar": 2.50879379925e-16, "mean": -5.97720051232e-09}, "erbbands_kurtosis": {"min": -1.85570383072, "max": 55.2290267944, "dvar2": 43.2917633057, "median": 0.340275883675, "dmean2": 3.36949968338, "dmean": 2.2494699955, "var": 54.0554924011, "dvar": 20.7357578278, "mean": 2.77310156822}, "melbands_crest": {"min": 1.59586000443, "max": 38.0511436462, "dvar2": 22.3470077515, "median": 19.435459137, "dmean2": 4.74376821518, "dmean": 3.11947894096, "var": 25.7965240479, "dvar": 8.6543302536, "mean": 18.8707885742}, "gfcc": {"cov": [[39758.6015625, -3046.55224609, -4526.09130859, 1426.92626953, -2058.09106445, 1287.2845459, -516.696472168, 813.627380371, -428.37411499, 328.580932617, -614.014465332, -34.8963127136, -418.089416504], [-3046.55224609, 3065.82519531, 230.218185425, -152.281082153, 486.237854004, -324.412536621, 197.339248657, -299.764953613, 199.607971191, -242.3462677, 234.801361084, -140.981781006, 144.443374634], [-4526.09130859, 230.218185425, 2120.97875977, -6.21427631378, 545.609069824, -287.032867432, 25.4127502441, -105.511482239, -32.4516716003, -1.73815274239, -8.53974533081, 12.1163053513, 19.5404491425], [1426.92626953, -152.281082153, -6.21427631378, 352.970672607, -44.243270874, 33.177696228, -35.0552864075, 2.85989761353, 1.06334459782, 7.41093873978, -28.2881164551, -14.7619142532, -14.013130188], [-2058.09106445, 486.237854004, 545.609069824, -44.243270874, 407.265319824, -106.593254089, 74.4150314331, -83.9317474365, 15.1196966171, -47.5129623413, 26.5154380798, -22.4602832794, 17.6637401581], [1287.2845459, -324.412536621, -287.032867432, 33.177696228, -106.593254089, 210.322738647, 8.72091960907, 52.6915550232, -19.7112293243, 15.5295152664, -20.7298583984, 7.95167589188, -8.18934440613], [-516.696472168, 197.339248657, 25.4127502441, -35.0552864075, 74.4150314331, 8.72091960907, 121.914825439, -9.76613521576, 10.8165721893, -29.7191066742, 21.3391571045, -7.42941999435, 13.7453069687], [813.627380371, -299.764953613, -105.511482239, 2.85989761353, -83.9317474365, 52.6915550232, -9.76613521576, 111.105209351, 1.05319142342, 24.2782440186, -32.2310180664, 11.9791526794, -15.4494457245], [-428.37411499, 199.607971191, -32.4516716003, 1.06334459782, 15.1196966171, -19.7112293243, 10.8165721893, 1.05319142342, 105.430137634, -3.85654020309, 22.8517742157, -15.3442029953, 21.7217769623], [328.580932617, -242.3462677, -1.73815274239, 7.41093873978, -47.5129623413, 15.5295152664, -29.7191066742, 24.2782440186, -3.85654020309, 89.1633224487, 1.82097864151, 19.3715515137, -16.8493175507], [-614.014465332, 234.801361084, -8.53974533081, -28.2881164551, 26.5154380798, -20.7298583984, 21.3391571045, -32.2310180664, 22.8517742157, 1.82097864151, 86.0677719116, 11.9069194794, 16.654586792], [-34.8963127136, -140.981781006, 12.1163053513, -14.7619142532, -22.4602832794, 7.95167589188, -7.42941999435, 11.9791526794, -15.3442029953, 19.3715515137, 11.9069194794, 59.6122932434, 9.66592597961], [-418.089416504, 144.443374634, 19.5404491425, -14.013130188, 17.6637401581, -8.18934440613, 13.7453069687, -15.4494457245, 21.7217769623, -16.8493175507, 16.654586792, 9.66592597961, 56.5846672058]], "icov": [[7.08078441676e-05, -0.000119661373901, 8.92489260877e-05, -0.000243543909164, 0.000123417950817, -0.000216776417801, 0.000122426441521, -0.000322914362187, 0.000306590431137, -0.000250393582974, 0.000410480803112, -0.000128052168293, 0.000258503161604], [-0.000119661373901, 0.0012569866376, 2.11178485188e-05, 0.000528538716026, -0.00071295973612, 0.00125962402672, -0.000616324541625, 0.00150701904204, -0.001231451286, 0.00185184855945, -0.002558874432, 0.00206121895462, -0.00157799641602], [8.92489260877e-05, 2.11178485188e-05, 0.00103482604027, -0.00046197741176, -0.001119300141, 0.000688140513375, 0.000238455992076, -0.000386809319025, 0.0007273866795, -0.000701839337125, 0.000748437538277, -0.000324894033838, -0.000233780112467], [-0.000243543909164, 0.000528538716026, -0.00046197741176, 0.00396699318662, -0.000102199774119, 0.000130065876874, 0.000247454474447, 0.00187251658645, -0.00165919074789, 0.00106564944144, -0.000877501326613, 0.00126675725915, -0.000508712837473], [0.000123417950817, -0.00071295973612, -0.001119300141, -0.000102199774119, 0.00570960575715, -0.000458195572719, -0.001902289805, 0.00109277956653, 0.000133935260237, 0.000109893851914, 0.00136836012825, -0.000192668841919, 0.00161637051497], [-0.000216776417801, 0.00125962402672, 0.000688140513375, 0.000130065876874, -0.000458195572719, 0.00845620688051, -0.00244617229328, -0.00025949178962, 9.2566224339e-05, 0.000941004545894, -0.00196368456818, 0.00172361312434, -0.00260411505587], [0.000122426441521, -0.000616324541625, 0.000238455992076, 0.000247454474447, -0.001902289805, -0.00244617229328, 0.0114999637008, -0.00241467938758, 0.000788676610682, 0.0017782531213, -0.0013262515422, 6.94363989169e-05, -0.000150956271682], [-0.000322914362187, 0.00150701904204, -0.000386809319025, 0.00187251658645, 0.00109277956653, -0.00025949178962, -0.00241467938758, 0.0164834223688, -0.00520057138056, 0.000659632438328, 0.00190532661509, -0.00133440014906, 0.000932773167733], [0.000306590431137, -0.001231451286, 0.0007273866795, -0.00165919074789, 0.000133935260237, 9.2566224339e-05, 0.000788676610682, -0.00520057138056, 0.0146095054224, -0.00346277793869, -0.000618556339759, 0.00354051683098, -0.00395533721894], [-0.000250393582974, 0.00185184855945, -0.000701839337125, 0.00106564944144, 0.000109893851914, 0.000941004545894, 0.0017782531213, 0.000659632438328, -0.00346277793869, 0.0181274823844, -0.00634647207335, -0.00129057094455, 0.00259456178173], [0.000410480803112, -0.002558874432, 0.000748437538277, -0.000877501326613, 0.00136836012825, -0.00196368456818, -0.0013262515422, 0.00190532661509, -0.000618556339759, -0.00634647207335, 0.0225203856826, -0.00894669536501, 0.00246773404069], [-0.000128052168293, 0.00206121895462, -0.000324894033838, 0.00126675725915, -0.000192668841919, 0.00172361312434, 6.94363989169e-05, -0.00133440014906, 0.00354051683098, -0.00129057094455, -0.00894669536501, 0.0265878587961, -0.00950545165688], [0.000258503161604, -0.00157799641602, -0.000233780112467, -0.000508712837473, 0.00161637051497, -0.00260411505587, -0.000150956271682, 0.000932773167733, -0.00395533721894, 0.00259456178173, 0.00246773404069, -0.00950545165688, 0.0261638034135]], "mean": [-120.608451843, 84.9218063354, -96.8027496338, 65.640335083, -35.072933197, 20.7186908722, -18.4022827148, 5.25745773315, -15.3588457108, 2.6085319519, -8.84600257874, -0.734222590923, -8.53427791595]}, "melbands_spread": {"min": 0.23193089664, "max": 254.82409668, "dvar2": 1900.44921875, "median": 18.4358291626, "dmean2": 23.2019958496, "dmean": 14.5340623856, "var": 1119.66687012, "dvar": 721.426574707, "mean": 28.8210201263}, "spectral_energy": {"min": 9.87738712051e-21, "max": 0.43481400609, "dvar2": 0.00936777796596, "median": 0.00726194726303, "dmean2": 0.0390352793038, "dmean": 0.0241425596178, "var": 0.00310910027474, "dvar": 0.00370959821157, "mean": 0.0242820698768}, "mfcc": {"cov": [[24442.9804688, -2632.72290039, -2329.80883789, -104.54637146, -1243.0645752, 189.621520996, -174.023376465, 352.480102539, 168.847137451, 300.019989014, 25.2899265289, -32.6646614075, -25.1236610413], [-2632.72290039, 2525.15234375, 180.171600342, 208.038604736, 306.710754395, 67.6686019897, 109.902610779, 5.09084844589, -42.2683486938, -14.4811143875, -32.3639755249, 14.1712684631, 26.3560619354], [-2329.80883789, 180.171600342, 1098.52478027, 302.224517822, 378.316253662, 36.5091629028, 87.5651397705, -63.1422843933, 8.67070388794, -56.4709434509, -2.52544260025, 8.55086803436, -3.97562742233], [-104.54637146, 208.038604736, 302.224517822, 375.511657715, 162.622680664, 56.4654464722, 20.7230815887, -15.4595279694, 4.62548875809, -5.67362308502, 2.35671114922, 6.90490961075, 3.79006457329], [-1243.0645752, 306.710754395, 378.316253662, 162.622680664, 310.524993896, 49.5888442993, 51.2868156433, -19.2027015686, 8.89331626892, -17.5334129333, -0.483607590199, 3.6585111618, 2.86070799828], [189.621520996, 67.6686019897, 36.5091629028, 56.4654464722, 49.5888442993, 127.166435242, 44.4196510315, 13.5429506302, 3.85160493851, -0.725154101849, 6.36489152908, 0.931388795376, 6.68179130554], [-174.023376465, 109.902610779, 87.5651397705, 20.7230815887, 51.2868156433, 44.4196510315, 127.296257019, 25.2050361633, -2.40125894547, -9.85262298584, -2.73222088814, -3.92891812325, 1.77492213249], [352.480102539, 5.09084844589, -63.1422843933, -15.4595279694, -19.2027015686, 13.5429506302, 25.2050361633, 86.2523651123, 31.0513801575, 2.99432730675, -4.26668167114, 0.155585750937, 1.99881124496], [168.847137451, -42.2683486938, 8.67070388794, 4.62548875809, 8.89331626892, 3.85160493851, -2.40125894547, 31.0513801575, 76.7597503662, 21.5805130005, -4.82743024826, -1.90022420883, -4.5710477829], [300.019989014, -14.4811143875, -56.4709434509, -5.67362308502, -17.5334129333, -0.725154101849, -9.85262298584, 2.99432730675, 21.5805130005, 66.0658874512, 16.7803401947, -8.52262687683, -7.89597511292], [25.2899265289, -32.3639755249, -2.52544260025, 2.35671114922, -0.483607590199, 6.36489152908, -2.73222088814, -4.26668167114, -4.82743024826, 16.7803401947, 60.9803276062, 16.2861595154, -8.58126544952], [-32.6646614075, 14.1712684631, 8.55086803436, 6.90490961075, 3.6585111618, 0.931388795376, -3.92891812325, 0.155585750937, -1.90022420883, -8.52262687683, 16.2861595154, 57.0125083923, 16.9370651245], [-25.1236610413, 26.3560619354, -3.97562742233, 3.79006457329, 2.86070799828, 6.68179130554, 1.77492213249, 1.99881124496, -4.5710477829, -7.89597511292, -8.58126544952, 16.9370651245, 62.8937568665]], "icov": [[7.38560265745e-05, 6.52457165415e-05, 0.000116609830002, -0.000175910783582, 0.000187035111594, -0.000158909111633, -9.69649954641e-06, -0.000167337682797, -1.10103374027e-05, -0.00020506932924, 9.45075080381e-05, -4.76075329061e-05, 3.3269290725e-05], [6.52457165415e-05, 0.000552352867089, 0.000274463440292, -0.000310370058287, -0.000448438775493, -6.43730236334e-05, -0.000289424060611, -0.000282243941911, 0.000451567495475, -0.000424936413765, 0.000486569973873, -0.000279126543319, -3.95097504224e-06], [0.000116609830002, 0.000274463440292, 0.00215438194573, -0.00109889602754, -0.00161567598116, 0.000457306014141, -0.00103957776446, 0.00101387407631, -0.000822947418783, 0.000955617870204, -7.51992483856e-05, -0.000102066856925, 0.00023337751918], [-0.000175910783582, -0.000310370058287, -0.00109889602754, 0.0043565207161, -0.00132810906507, -0.0010134811746, 0.000902596570086, 0.000227499142056, 0.000257225852692, -0.000184225355042, -4.18571798946e-05, -0.000202651091968, -9.23934421735e-05], [0.000187035111594, -0.000448438775493, -0.00161567598116, -0.00132810906507, 0.00750402919948, -0.00170083960984, -0.000573741795961, 0.000433739012806, -0.00137556099799, -5.35654398846e-05, -0.000245008355705, 0.000174601533217, -0.000104825048766], [-0.000158909111633, -6.43730236334e-05, 0.000457306014141, -0.0010134811746, -0.00170083960984, 0.010409347713, -0.00316416122951, -0.000230753823416, -0.000375499221263, 0.000716433743946, -0.00174431316555, 0.000659443612676, -0.00123133952729], [-9.69649954641e-06, -0.000289424060611, -0.00103957776446, 0.000902596570086, -0.000573741795961, -0.00316416122951, 0.0109025202692, -0.00413767574355, 0.00215412327088, 0.000189770726138, 0.00017154001398, 0.000978545867838, 0.000123650359455], [-0.000167337682797, -0.000282243941911, 0.00101387407631, 0.000227499142056, 0.000433739012806, -0.000230753823416, -0.00413767574355, 0.01715638116, -0.00791758764535, 0.00293777836487, -0.000502235430758, -7.09375162842e-05, -0.000577917555347], [-1.10103374027e-05, 0.000451567495475, -0.000822947418783, 0.000257225852692, -0.00137556099799, -0.000375499221263, 0.00215412327088, -0.00791758764535, 0.0192738771439, -0.00762281985953, 0.0041185207665, -0.00189539010171, 0.00154829886742], [-0.00020506932924, -0.000424936413765, 0.000955617870204, -0.000184225355042, -5.35654398846e-05, 0.000716433743946, 0.000189770726138, 0.00293777836487, -0.00762281985953, 0.0218299180269, -0.00801672693342, 0.00526081956923, -0.000328650174197], [9.45075080381e-05, 0.000486569973873, -7.51992483856e-05, -4.18571798946e-05, -0.000245008355705, -0.00174431316555, 0.00017154001398, -0.000502235430758, 0.0041185207665, -0.00801672693342, 0.0223345011473, -0.00884902663529, 0.00476241717115], [-4.76075329061e-05, -0.000279126543319, -0.000102066856925, -0.000202651091968, 0.000174601533217, 0.000659443612676, 0.000978545867838, -7.09375162842e-05, -0.00189539010171, 0.00526081956923, -0.00884902663529, 0.0229586996138, -0.00686699897051], [3.3269290725e-05, -3.95097504224e-06, 0.00023337751918, -9.23934421735e-05, -0.000104825048766, -0.00123133952729, 0.000123650359455, -0.000577917555347, 0.00154829886742, -0.000328650174197, 0.00476241717115, -0.00686699897051, 0.0186558701098]], "mean": [-748.389770508, 97.8865127563, 12.8880243301, 47.7861747742, 16.1392402649, 24.9011669159, 11.8910894394, 10.5829839706, 4.24278593063, 7.03833723068, 1.91038358212, 1.92335665226, 4.99173498154]}, "spectral_contrast_valleys": {"min": [-28.4373893738, -27.8307857513, -27.7471237183, -27.7802257538, -27.543762207, -27.4065055847], "max": [-5.02952623367, -5.40699195862, -5.3593621254, -5.43716716766, -5.2124876976, -7.30547571182], "dvar2": [0.514591693878, 0.820385098457, 0.760234355927, 0.826097249985, 1.12251734734, 1.23860549927], "median": [-7.2776184082, -8.25356674194, -8.78933334351, -8.87543869019, -8.48999977112, -11.3662872314], "dmean2": [0.742358088493, 0.790344953537, 0.767236530781, 0.745228111744, 0.709657669067, 0.661537885666], "dmean": [0.502142727375, 0.544110357761, 0.593955099583, 0.576389193535, 0.571612358093, 0.557230710983], "var": [5.91879415512, 5.84737968445, 6.24485969543, 6.47326421738, 7.22814035416, 6.83060646057], "dvar": [0.259236186743, 0.395981669426, 0.41375926137, 0.461557507515, 0.617497980595, 0.732202351093], "mean": [-7.68296909332, -8.66090106964, -9.19832801819, -9.28572463989, -8.81640529633, -11.4389781952]}, "barkbands_flatness_db": {"min": 0.0211596507579, "max": 0.568764269352, "dvar2": 0.00552168581635, "median": 0.144812494516, "dmean2": 0.0505652092397, "dmean": 0.0358338989317, "var": 0.0139785911888, "dvar": 0.00223519676365, "mean": 0.184255287051}, "dynamic_complexity": 7.12398004532, "erbbands_flatness_db": {"min": 0.0365509204566, "max": 0.340242117643, "dvar2": 0.00101095892023, "median": 0.140960276127, "dmean2": 0.0278330538422, "dmean": 0.0196045320481, "var": 0.00225662253797, "dvar": 0.000503796560224, "mean": 