{"lowlevel": {"spectral_complexity": {"min": 0, "max": 61, "dvar2": 28.7850608826, "median": 16, "dmean2": 4.74784898758, "dmean": 3.32462668419, "var": 199.72694397, "dvar": 18.1318759918, "mean": 17.9057712555}, "silence_rate_20dB": {"min": 1, "max": 1, "dvar2": 0, "median": 1, "dmean2": 0, "dmean": 0, "var": 0, "dvar": 0, "mean": 1}, "average_loudness": 0.738896489143, "erbbands_spread": {"min": 2.73420190811, "max": 168.069763184, "dvar2": 121.909355164, "median": 25.6090011597, "dmean2": 9.73530769348, "dmean": 6.39006471634, "var": 207.323745728, "dvar": 57.1862297058, "mean": 28.6025066376}, "spectral_kurtosis": {"min": -1.31648266315, "max": 33.9546699524, "dvar2": 9.09013748169, "median": 5.20250177383, "dmean2": 2.72208929062, "dmean": 1.61003363132, "var": 7.13773536682, "dvar": 3.28342199326, "mean": 5.54031038284}, "barkbands_kurtosis": {"min": -1.94959771633, "max": 292.603881836, "dvar2": 349.018096924, "median": -0.0953243970871, "dmean2": 5.00321722031, "dmean": 2.95751857758, "var": 140.491088867, "dvar": 124.175552368, "mean": 2.55717253685}, "spectral_strongpeak": {"min": 0, "max": 20.6991100311, "dvar2": 2.76084327698, "median": 0.395332217216, "dmean2": 1.09232842922, "dmean": 0.649296045303, "var": 1.94485771656, "dvar": 1.07615375519, "mean": 1.05049324036}, "spectral_spread": {"min": 1532037.125, "max": 42066692, "dvar2": 666105937920, "median": 3445283.5, "dmean2": 506015.90625, "dmean": 354648.03125, "var": 7755899338750.0, "dvar": 412518776832, "mean": 3781117.5}, "spectral_rms": {"min": 3.11524981159e-12, "max": 0.0107824308798, "dvar2": 1.39572955504e-06, "median": 0.00318913534284, "dmean2": 0.000955796102062, "dmean": 0.000665366766043, "var": 4.01200531996e-06, "dvar": 7.2831903708e-07, "mean": 0.00326579343528}, "erbbands": {"min": [4.90040110333e-23, 6.8687721983e-22, 3.11012478619e-21, 7.85997923261e-21, 1.66363356434e-20, 2.61888079965e-20, 7.11870084199e-20, 1.07668962769e-19, 1.96400439669e-19, 2.71561378848e-19, 3.40253300348e-19, 3.49907092633e-19, 6.42477127131e-19, 9.874227646e-19, 1.05082150566e-18, 1.55792582096e-18, 1.30136438024e-18, 2.43102178175e-18, 3.03149142035e-18, 3.09933284508e-18, 4.11503453668e-18, 5.10042626268e-18, 5.90793073001e-18, 6.17125209748e-18, 7.62312364454e-18, 5.77702443499e-18, 7.31012842692e-18, 1.16037806228e-17, 9.9550367812e-18, 1.17759450324e-17, 1.14233369624e-17, 1.25361306328e-17, 1.0565710313e-17, 7.73186398069e-18, 6.82782712229e-18, 3.95778750224e-18, 2.59168817405e-18, 9.87943474795e-19, 2.18209521808e-19, 2.83763889084e-20], "max": [1.07397198677, 12.9241390228, 27.8690452576, 81.6347198486, 110.864509583, 72.2852630615, 189.300582886, 458.898590088, 547.669372559, 992.387023926, 962.438476562, 1032.84448242, 704.895141602, 1027.57055664, 785.855163574, 889.60333252, 1055.78417969, 1530.25195312, 1486.60571289, 1193.35339355, 883.185546875, 1116.09851074, 1708.02746582, 922.82635498, 547.264770508, 614.678344727, 366.409545898, 163.26953125, 121.643318176, 216.919647217, 128.044296265, 170.563903809, 182.822097778, 161.094512939, 67.3022918701, 10.4274425507, 2.27537536621, 0.66446429491, 0.0922527387738, 0.00355999497697], "dvar2": [0.0388572961092, 6.07963848114, 18.063621521, 122.217063904, 49.9594612122, 31.7954273224, 88.9102935791, 120.774932861, 322.107299805, 2763.54663086, 4574.77294922, 4092.51220703, 2101.42211914, 2543.41015625, 2020.90991211, 3495.48217773, 4828.1171875, 9065.38476562, 6913.31689453, 4854.98876953, 3647.83959961, 2593.67944336, 1664.52380371, 897.913757324, 784.966186523, 572.390319824, 210.085800171, 52.7819404602, 45.129447937, 39.4155464172, 16.5485305786, 22.1351165771, 12.2139501572, 5.03289747238, 0.712691664696, 0.0426876954734, 0.00223249080591, 0.000144832141814, 3.16064506478e-06, 6.25749674299e-09], "median": [0.00426099542528, 0.0689237192273, 0.311374723911, 0.567227065563, 0.839209318161, 1.11897826195, 1.15747797489, 1.28286504745, 2.86521983147, 4.75542163849, 6.40885829926, 5.53655099869, 6.24083423615, 5.33421802521, 5.91123485565, 9.00018882751, 13.0271043777, 11.1986064911, 11.3900356293, 10.1384468079, 10.2174453735, 8.3693189621, 6.93389511108, 5.40636062622, 5.09721088409, 3.80038905144, 2.34420371056, 1.29624986649, 0.859709382057, 0.614921927452, 0.340741574764, 0.157306134701, 0.0848314464092, 0.0419791266322, 0.0149819599465, 0.00952802412212, 0.0055058375001, 0.0014039662201, 0.000151920074131, 2.13839321077e-05], "dmean2": [0.0824073702097, 0.954484343529, 1.97422575951, 3.29748177528, 2.6031897068, 2.69416284561, 3.67871379852, 3.47199749947, 6.47047042847, 17.7562446594, 23.507183075, 23.5454235077, 19.9325771332, 17.5001811981, 17.1329555511, 26.787727356, 31.8797264099, 32.8943557739, 34.6643829346, 28.710105896, 27.0556221008, 22.4647254944, 16.4050941467, 12.6949863434, 13.2649793625, 10.1339130402, 6.63487482071, 3.09430027008, 2.58689284325, 1.95393979549, 1.02020204067, 0.714485526085, 0.576599121094, 0.342563539743, 0.122021630406, 0.0363618768752, 0.0135303288698, 0.00356781785376, 0.000309643015498, 1.87479436136e-05], "dmean": [0.0486383885145, 0.549630284309, 1.18981838226, 2.03675031662, 1.59569180012, 1.64655733109, 2.31863188744, 2.19479084015, 4.19636678696, 11.6481342316, 15.2745914459, 14.9265794754, 12.798412323, 11.3356285095, 10.8066740036, 17.5684509277, 20.4090576172, 21.2479667664, 22.0884227753, 18.5206565857, 17.344833374, 14.6430187225, 10.8610963821, 8.5591545105, 9.13528060913, 6.88299560547, 4.44988155365, 2.29719901085, 1.89965450764, 1.3354883194, 0.727144241333, 0.510873556137, 0.406169474125, 0.249930337071, 0.0877591818571, 0.02538802661, 0.00903818290681, 0.00246511679143, 0.000233817961998, 1.39677986226e-05], "var": [0.0192782711238, 1.93429803848, 7.16243696213, 50.6475906372, 25.2916698456, 20.0249004364, 63.6473808289, 153.43258667, 295.596618652, 2585.73754883, 3622.35620117, 3590.55957031, 2310.52709961, 2190.22509766, 1417.54748535, 3941.22143555, 4836.85009766, 8385.58984375, 5920.10498047, 4154.26953125, 3823.66943359, 2701.63842773, 1922.11938477, 1092.13903809, 1222.75268555, 633.698486328, 249.427749634, 76.9254379272, 52.9732666016, 29.6486968994, 12.4081354141, 16.5025177002, 17.5764026642, 8.53169822693, 1.26337838173, 0.0432961992919, 0.0023607017938, 0.00017871207092, 3.96841869588e-06, 7.50249551373e-09], "dvar": [0.0155018465593, 2.25575757027, 7.19849443436, 52.7656745911, 18.5664024353, 12.1785802841, 38.0066833496, 57.0038070679, 137.112335205, 1334.95068359, 2037.85083008, 1691.50830078, 881.90222168, 1141.59265137, 791.542480469, 1511.4666748, 1944.28930664, 3643.94458008, 2980.03759766, 2030.44946289, 1576.79858398, 1167.04284668, 768.095825195, 424.597473145, 393.850280762, 256.304992676, 103.125076294, 28.8605880737, 23.573682785, 18.2534942627, 7.71217489243, 10.0815725327, 6.78842878342, 3.224588871, 0.460363328457, 0.0218521393836, 0.00112482730765, 8.07729666121e-05, 2.01740954253e-06, 3.71665076493e-09], "mean": [0.0551142059267, 0.534626960754, 1.32728898525, 2.23065304756, 2.48259878159, 2.63094305992, 3.46603035927, 3.55800104141, 7.28676795959, 18.1251411438, 23.5497970581, 24.396150589, 23.5569648743, 19.21484375, 18.2669086456, 33.4369659424, 40.2752494812, 38.717464447, 37.7607536316, 33.0341682434, 32.7655296326, 27.296377182, 21.2037734985, 16.8661880493, 18.8172836304, 13.4037399292, 8.48373794556, 4.43928384781, 3.29118967056, 2.18927836418, 1.28321063519, 0.834960460663, 0.674798607826, 0.391253292561, 0.141526043415, 0.0486570037901, 0.0188088621944, 0.00482330750674, 0.00046694665798, 3.73821676476e-05]}, "zerocrossingrate": {"min": 0.0029296875, "max": 0.52099609375, "dvar2": 0.000219797206228, "median": 0.0673828125, "dmean2": 0.0120136812329, "dmean": 0.0105378171429, "var": 0.00215041590855, "dvar": 0.000200279682758, "mean": 0.0716558843851}, "spectral_contrast_coeffs": {"min": [-0.992384076118, -0.973580121994, -0.98301410675, -0.96932977438, -0.96678429842, -0.963847398758], "max": [-0.328159123659, -0.368230193853, -0.394907534122, -0.491245746613, -0.566250503063, -0.600168764591], "dvar2": [0.00426392024383, 0.00363715202548, 0.00236513791606, 0.00153763219714, 0.000893121119589, 0.000549070246052], "median": [-0.670907378197, -0.771058678627, -0.791289031506, -0.784527301788, -0.798469901085, -0.738512814045], "dmean2": [0.0811261683702, 0.0737700611353, 0.0609402097762, 0.0486820787191, 0.0358989052474, 0.026875205338], "dmean": [0.0500136129558, 0.0460849516094, 0.0380955040455, 0.0305192917585, 0.0226731579751, 0.0183008611202], "var": [0.0078488541767, 0.0061096730642, 0.00463512446731, 0.00327575043775, 0.00227788952179, 0.00186496786773], "dvar": [0.00168976606801, 0.00148158462252, 0.000948632019572, 0.000636024924461, 0.000382881728001, 0.000280673761154], "mean": [-0.663927257061, -0.759615421295, -0.781683981419, -0.779868721962, -0.794992387295, -0.744278490543]}, "dissonance": {"min": 0, "max": 0.500000059605, "dvar2": 0.000733332941309, "median": 0.481757283211, "dmean2": 0.0244703069329, "dmean": 0.0147156631574, "var": 0.000566729926504, "dvar": 0.000274294055998, "mean": 0.474923014641}, "spectral_energyband_high": {"min": 6.79475074161e-21, "max": 0.0250690001994, "dvar2": 6.27343410997e-07, "median": 0.000175657725777, "dmean2": 0.000314689823426, "dmean": 0.000234172330238, "var": 9.56433950705e-07, "dvar": 3.51996078507e-07, "mean": 0.000501186121255}, "spectral_skewness": {"min": -0.0913781821728, "max": 4.2246336937, "dvar2": 0.116927027702, "median": 1.50977659225, "dmean2": 0.344336271286, "dmean": 0.216229572892, "var": 0.175466105342, "dvar": 0.0476266480982, "mean": 1.52126014233}, "spectral_flux": {"min": 6.36453320602e-11, "max": 0.246884569526, "dvar2": 0.00145878386684, "median": 0.0567282438278, "dmean2": 0.0312847793102, "dmean": 0.0198884345591, "var": 0.00214720494114, "dvar": 0.000657988362946, "mean": 0.06484785676}, "silence_rate_30dB": {"min": 1, "max": 1, "dvar2": 0, "median": 1, "dmean2": 0, "dmean": 0, "var": 0, "dvar": 0, "mean": 1}, "spectral_energyband_middle_high": {"min": 1.22529460383e-21, "max": 0.0612432919443, "dvar2": 1.97695098905e-05, "median": 0.00314279925078, "dmean2": 0.00274453358725, "dmean": 0.00191638921387, "var": 5.62263121537e-05, "dvar": 9.69396569417e-06, "mean": 0.00607594428584}, "barkbands_spread": {"min": 0.679235816002, "max": 115.176147461, "dvar2": 113.187774658, "median": 22.9279346466, "dmean2": 9.45509338379, "dmean": 6.03261327744, "var": 151.171905518, "dvar": 49.0554656982, "mean": 24.1266136169}, "spectral_centroid": {"min": 161.98109436, "max": 11577.0527344, "dvar2": 233239.34375, "median": 1729.13769531, "dmean2": 423.127563477, "dmean": 279.970153809, "var": 810373.1875, "dvar": 105891.789062, "mean": 1756.86853027}, "pitch_salience": {"min": 0.0394150838256, "max": 0.990895688534, "dvar2": 0.0164364073426, "median": 0.578957557678, "dmean2": 0.132484018803, "dmean": 0.0809483081102, "var": 0.0166108235717, "dvar": 0.00673355394974, "mean": 0.561144828796}, "erbbands_skewness": {"min": -4.71206998825, "max": 7.23881149292, "dvar2": 0.283764213324, "median": -0.0552543029189, "dmean2": 0.561009585857, "dmean": 0.370348125696, "var": 0.575152039528, "dvar": 0.130500823259, "mean": -0.0131662860513}, "erbbands_crest": {"min": 2.42237973213, "max": 32.7683181763, "dvar2": 17.1422042847, "median": 7.86054039001, "dmean2": 4.4149274826, "dmean": 2.75075936317, "var": 20.9907798767, "dvar": 7.26271057129, "mean": 9.06567001343}, "melbands": {"min": [6.9926316829e-25, 1.17544426258e-24, 1.74600043545e-24, 2.05627343176e-24, 2.01406247079e-24, 2.43913070324e-24, 3.31080149313e-24, 2.84849192621e-24, 2.49500927103e-24, 2.46604072087e-24, 2.99143391666e-24, 3.53249546775e-24, 2.51106653476e-24, 3.74003333343e-24, 1.51532932233e-24, 3.78886106245e-24, 4.24827393213e-24, 4.01332038898e-24, 4.68323211375e-24, 4.1754415602e-24, 4.64104146595e-24, 4.52835978539e-24, 2.67846301606e-24, 4.09499391951e-24, 3.86788125933e-24, 2.89396482701e-24, 3.46840801338e-24, 3.72933480184e-24, 3.35973019634e-24, 5.59959739594e-24, 5.36211397587e-24, 5.31011581487e-24, 5.64688329632e-24, 5.83400149747e-24, 5.99891010869e-24, 4.99881000242e-24, 7.03602711851e-24, 6.87453388057e-24, 6.53059762565e-24, 4.5182805096e-24], "max": [0.0117885842919, 0.0148704666644, 0.0117585314438, 0.00574216013774, 0.0050460989587, 0.00986620318145, 0.0073136142455, 0.00871104653925, 0.00742193497717, 0.00623666541651, 0.00386554072611, 0.00487002823502, 0.0035188740585, 0.00387097918428, 0.0032531619072, 0.003035339294, 0.00332139828242, 0.00245507154614, 0.00181189412251, 0.00141925364733, 0.00115482509136, 0.00112999917474, 0.00112280063331, 0.00281974836253, 0.000892510463018, 0.000484476186102, 0.000346585933585, 0.00055658526253, 0.000364618870663, 0.000155956076924, 8.44781970955e-05, 6.91634559189e-05, 8.07322940091e-05, 0.000143667930388, 6.94881819072e-05, 0.000113419897389, 0.000127092294861, 0.000152372434968, 0.00016972834419, 0.000124185389723], "dvar2": [5.46367573406e-06, 5.57128578293e-06, 2.35711786445e-06, 1.64476546161e-07, 8.85278339524e-08, 6.33087324786e-08, 9.28590395688e-08, 2.68891994892e-07, 2.64655398041e-07, 1.62593110531e-07, 5.79899115394e-08, 5.06641413267e-08, 2.19130633639e-08, 2.52218725905e-08, 5.05044646104e-08, 3.40251098407e-08, 3.93991328451e-08, 2.48035956218e-08, 1.44652148037e-08, 8.39071834235e-09, 5.73666936177e-09, 3.43808137515e-09, 2.09409334317e-09, 2.30088370579e-09, 7.5897721441e-10, 6.67651711694e-10, 5.33334654218e-10, 3.33834654365e-10, 1.5206155779e-10, 3.9784901068e-11, 2.06852954904e-11, 1.66619600062e-11, 1.43962914506e-11, 1.47863717798e-11, 5.52794181957e-12, 8.14211198463e-12, 1.0231664474e-11, 6.76232420754e-12, 5.70516637405e-12, 3.35484483076e-12], "median": [5.47476811334e-05, 0.000160347990459, 0.00012751086615, 7.43276032154e-05, 4.5082953875e-05, 2.94202836812e-05, 4.38480674347e-05, 5.74556870561e-05, 4.46375634056e-05, 3.10317191179e-05, 2.96383550449e-05, 2.07977263926e-05, 1.51249587361e-05, 2.04101488634e-05, 2.46242125286e-05, 2.31384365179e-05, 1.77630281541e-05, 1.64290122484e-05, 1.31926626636e-05, 1.24938778754e-05, 9.56360418058e-06, 7.66135235608e-06, 6.46625903755e-06, 5.08298398927e-06, 3.83962878914e-06, 3.63650656254e-06, 3.03872730001e-06, 2.1393670977e-06, 1.61849379765e-06, 8.68598931447e-07, 6.11845166532e-07, 4.81088250126e-07, 3.60007135214e-07, 3.13819384701e-07, 2.06076080644e-07, 1.20304605389e-07, 7.90766634395e-08, 5.92597473315e-08, 4.56968933804e-08, 2.95509572368e-08], "dmean2": [0.000939078687225, 0.00109294371214, 0.00051084900042, 0.000176212866791, 0.000130464424728, 7.92942882981e-05, 0.000114068017865, 0.000203566582059, 0.000184088683454, 0.000150715524796, 0.000104092810943, 7.83295254223e-05, 5.16786167282e-05, 6.2818355218e-05, 9.97267488856e-05, 7.57101806812e-05, 6.60870355205e-05, 6.32549708826e-05, 4.98372792208e-05, 3.73242801288e-05, 3.23584281432e-05, 2.56519288087e-05, 1.84353648365e-05, 1.4246599676e-05, 1.11390445454e-05, 1.17637919175e-05, 1.04003920569e-05, 6.971979019e-06, 5.29778299097e-06, 2.72440752269e-06, 1.83466727322e-06, 1.59146406986e-06, 1.37220717988e-06, 1.10475809834e-06, 6.4363268848e-07, 5.28331895566e-07, 4.5376910407e-07, 4.40510632416e-07, 3.86334022551e-07, 2.66417316652e-07], "dmean": [0.000542630208656, 0.000661819649395, 0.000319126294926, 0.000106292391138, 8.1474565377e-05, 5.03615665366e-05, 7.52176201786e-05, 0.000132339555421, 0.000119555210404, 9.54651695793e-05, 6.69092405587e-05, 5.06194337504e-05, 3.24787615682e-05, 4.01342440455e-05, 6.53371680528e-05, 4.74485786981e-05, 4.2291743739e-05, 4.00032549805e-05, 3.14285352943e-05, 2.38937809627e-05, 2.04737571039e-05, 1.6527792468e-05, 1.18898560686e-05, 9.35888328968e-06, 7.35833191357e-06, 7.75030093791e-06, 6.9308152888e-06, 4.60115825263e-06, 3.45141529579e-06, 1.87440821264e-06, 1.31763613354e-06, 1.15094394459e-06, 9.35646255584e-07, 7.30982549157e-07, 4.46752181915e-07, 3.64173700973e-07, 3.17316334986e-07, 3.05335191797e-07, 2.7676173886e-07, 1.93537218252e-07], "var": [2.08745768759e-06, 2.1639652914e-06, 1.12865711799e-06, 8.71968026672e-08, 6.35535926108e-08, 7.82763223128e-08, 9.3773728338e-08, 2.5207665999e-07, 2.09630712789e-07, 1.48170471448e-07, 6.33847676568e-08, 4.45444641173e-08, 1.26752368601e-08, 2.042510161e-08, 5.86929225221e-08, 3.22667546016e-08, 3.03585281358e-08, 1.94006393173e-08, 1.11100701972e-08, 6.76162859037e-09, 5.2535189532e-09, 3.15099035753e-09, 2.09353068215e-09, 1.84134707482e-09, 7.39173833253e-10, 8.03427102625e-10, 5.96262539343e-10, 2.72461914141e-10, 1.41203243542e-10, 4.59821521137e-11, 2.38826926985e-11, 1.81579959402e-11, 1.29140430988e-11, 9.07424396041e-12, 4.02465604246e-12, 5.09952670369e-12, 7.31102504925e-12, 8.7788873393e-12, 9.60503291486e-12, 4.93366155221e-12], "dvar": [2.03723925551e-06, 2.21731556849e-06, 1.05696244646e-06, 5.98917679895e-08, 3.67011558922e-08, 2.99925062563e-08, 4.22614583329e-08, 1.2530102822e-07, 1.17153852841e-07, 6.70358772936e-08, 2.43911539854e-08, 2.27808172326e-08, 8.3125719641e-09, 1.05280291152e-08, 2.21719709259e-08, 1.39118938591e-08, 1.55398858226e-08, 1.0475057266e-08, 5.90154547453e-09, 3.56797147383e-09, 2.39551067871e-09, 1.50944168276e-09, 9.05262809159e-10, 1.08170539193e-09, 3.41501382728e-10, 3.12000036917e-10, 2.39634867505e-10, 1.42005157633e-10, 6.94109145161e-11, 2.00860786337e-11, 1.04884902846e-11, 8.436723542e-12, 6.81229725408e-12, 6.53464261868e-12, 2.55072005184e-12, 3.60756411723e-12, 4.49886915915e-12, 3.57999979488e-12, 3.58024655929e-12, 2.00581153249e-12], "mean": [0.000565656344406, 0.000732097483706, 0.000396657793317, 0.000175226319698, 0.000124964411953, 8.15839302959e-05, 0.000126444356283, 0.000210378217162, 0.000182721938472, 0.000155177738634, 0.000119783893751, 8.30500503071e-05, 5.17257212778e-05, 6.85007253196e-05, 0.000118568001199, 8.31475554151e-05, 6.92201792845e-05, 6.24244130449e-05, 5.05203679495e-05, 4.03125850426e-05, 3.56453056156e-05, 2.8228312658e-05, 2.11120914173e-05, 1.67315829458e-05, 1.29758609546e-05, 1.43652750921e-05, 1.24789094116e-05, 8.10392521089e-06, 6.10477491136e-06, 3.31322735292e-06, 2.31552030527e-06, 1.91362732949e-06, 1.48058052218e-06, 1.13051760309e-06, 7.52961568651e-07, 5.95858296037e-07, 4.77135301935e-07, 4.87796000925e-07, 4.23562823926e-07, 2.89280734478e-07]}, "spectral_entropy": {"min": 5.27544546127, "max": 9.82522010803, "dvar2": 0.0527223013341, "median": 7.67279243469, "dmean2": 0.208153620362, "dmean": 0.143553733826, "var": 0.148549586535, "dvar": 0.0264841839671, "mean": 7.64232110977}, "spectral_rolloff": {"min": 64.599609375, "max": 19638.28125, "dvar2": 1366952.75, "median": 1830.32226562, "dmean2": 829.307067871, "dmean": 508.498199463, "var": 3063771.25, "dvar": 676278.3125, "mean": 2035.01965332}, "barkbands": {"min": [2.64093103565e-25, 1.99794998681e-24, 2.26323621784e-24, 1.94059782684e-24, 1.02611997325e-23, 1.02044735337e-23, 1.38458247066e-23, 1.17336046678e-23, 1.83584056962e-23, 1.67676597922e-23, 1.39245056933e-23, 3.89460881343e-23, 3.04225628048e-23, 4.1118459606e-23, 5.55729914752e-23, 5.2746938303e-23, 8.67229692316e-23, 1.16705861989e-22, 1.27812177875e-22, 1.20447612278e-22, 2.93611630786e-22, 2.63624844212e-22, 4.0211852691e-22, 6.97985037707e-22, 8.42337293737e-22, 1.29559455555e-21, 1.90935903597e-21], "max": [0.00158013729379, 0.050334494561, 0.029845321551, 0.028685554862, 0.0221138559282, 0.0441886149347, 0.0480569563806, 0.0348992198706, 0.032765224576, 0.0353822000325, 0.0265803001821, 0.0254016034305, 0.0304649714381, 0.0324682034552, 0.0254380274564, 0.0189371332526, 0.019860541448, 0.0351629033685, 0.016222493723, 0.0154015524313, 0.00503284996375, 0.00323375500739, 0.00543211819604, 0.00988055672497, 0.0125581054017, 0.00161123741418, 0.000499949033838], "dvar2": [1.94839078205e-08, 9.1072084615e-05, 2.14827286982e-05, 1.08858957901e-05, 2.98371514873e-06, 1.576784598e-06, 5.59340787731e-06, 7.40723953641e-06, 6.59334682496e-06, 3.12556585413e-06, 1.22732387808e-06, 2.33288324125e-06, 3.43520105162e-06, 3.99787677452e-06, 2.45712703872e-06, 1.43571105582e-06, 7.94116033376e-07, 6.11657526406e-07, 3.64356679938e-07, 3.06311306986e-07, 5.30372403773e-08, 2.84698362663e-08, 2.61741401886e-08, 4.53018529356e-08, 2.32997816596e-08, 1.32055733015e-09, 9.02799501823e-11], "median": [1.55491179612e-05, 0.000248922297033, 0.000254351936746, 0.000188034580788, 0.000391890993342, 0.000134890331537, 0.000214115731069, 0.000241323141381, 0.00022739553242, 0.0001625361474, 0.000102626829175, 0.000205559903407, 0.000270604039542, 0.000201235437999, 0.000170871440787, 0.000184546850505, 0.000123509875266, 0.000115906674182, 9.70417968347e-05, 8.34861421026e-05, 4.22218654421e-05, 2.20776291826e-05, 1.36517555802e-05, 6.11009909335e-06, 2.82119822259e-06, 2.86881163447e-06, 8.72940404406e-07], "dmean2": [6.15320095676e-05, 0.00377194397151, 0.00193620810751, 0.00101062876638, 0.000822478614282, 0.000420312426286, 0.000789429584984, 0.001032670727, 0.00102537777275, 0.000661328143906, 0.000390622764826, 0.000693232170306, 0.000782294373494, 0.00075721583562, 0.000659645011183, 0.000536481500603, 0.000376835960196, 0.000302881380776, 0.000275540893199, 0.000240535562625, 0.000109824846731, 6.67893255013e-05, 4.24630416092e-05, 3.31309493049e-05, 2.23141942115e-05, 7.84572785051e-06, 1.85676833553e-06], "dmean": [4.32760061813e-05, 0.00218047271483, 0.00115889613517, 0.000618517631665, 0.000498116365634, 0.000267442257609, 0.00052659760695, 0.000661642814521, 0.00064984196797, 0.000426861370215, 0.000246784242336, 0.000456857320387, 0.000489102851134, 0.000475996930618, 0.000416288909037, 0.000342131359503, 0.000244521506829, 0.000199310161406, 0.000183860320249, 0.000162977550644, 7.68782992964e-05, 4.85694981762e-05, 2.95388344966e-05, 2.3865228286e-05, 1.64091270562e-05, 5.28322243554e-06, 1.38730285926e-06], "var": [1.53850798768e-08, 3.2796375308e-05, 9.09733626031e-06, 4.39043969891e-06, 1.74472575054e-06, 1.76006460606e-06, 5.5190294006e-06, 6.10180541116e-06, 6.50219635645e-06, 3.01889895127e-06, 7.31093393824e-07, 2.65498192675e-06, 2.62833350462e-06, 3.07108234665e-06, 1.90719549664e-06, 1.36296318942e-06, 7.30265128368e-07, 6.42575059828e-07, 4.55410116729e-07, 3.18395507293e-07, 7.79419906394e-08, 3.5090767625e-08, 1.88392323963e-08, 4.9475165298e-08, 4.50089601145e-08, 1.0415405205e-09, 1.14422714359e-10], "dvar": [1.08722515435e-08, 3.41303821187e-05, 9.03218278836e-06, 4.57781334262e-06, 1.08892891149e-06, 7.29580904135e-07, 2.74682656709e-06, 3.2234399896e-06, 2.73554815067e-06, 1.35798120482e-06, 4.67851037911e-07, 1.01605894542e-06, 1.35016466629e-06, 1.58652051141e-06, 1.03118804873e-06, 6.18772105554e-07, 3.46832393916e-07, 2.82619822656e-07, 1.71861358922e-07, 1.36837954301e-07, 2.82366485749e-08, 1.50992445214e-08, 1.22096075472e-08, 2.28354455345e-08, 1.60198023735e-08, 6.06917738288e-10, 5.69775858439e-11], "mean": [5.53746358491e-05, 0.00224254257046, 0.00122756091878, 0.000709281535819, 0.0008556903922, 0.000412924273405, 0.000810203899164, 0.00100009166636, 0.00109294825234, 0.00070176407462, 0.000385133957025, 0.000835524057038, 0.000859801075421, 0.000768746074755, 0.000665490457322, 0.000606356537901, 0.000427271937951, 0.000366840249626, 0.000354674557457, 0.000301519525237, 0.000148577266373, 8.52797384141e-05, 5.0648348406e-05, 3.97622497985e-05, 2.65182152361e-05, 1.10197552203e-05, 2.73074533652e-06]}, "melbands_flatness_db": {"min": 0.00321655068547, "max": 0.488668650389, "dvar2": 0.00260333926417, "median": 0.152542591095, "dmean2": 0.0449017062783, "dmean": 0.0290928073227, "var": 0.00452708825469, "dvar": 0.00111895380542, "mean": 0.166532486677}, "melbands_skewness": {"min": -2.41972780228, "max": 17.542798996, "dvar2": 2.7519402504, "median": 1.19525015354, "dmean2": 1.15128135681, "dmean": 0.73407047987, "var": 3.55331850052, "dvar": 1.25262606144, "mean": 1.6762367487}, "barkbands_skewness": {"min": -4.45287322998, "max": 15.3438720703, "dvar2": 1.78737533092, "median": 0.515715718269, "dmean2": 0.912994742393, "dmean": 0.577684044838, "var": 2.02004957199, "dvar": 0.750148832798, "mean": 0.798611998558}, "silence_rate_60dB": {"min": 0, "max": 1, "dvar2": 0.100015185773, "median": 0, "dmean2": 0.101986549795, "dmean": 0.0509892851114, "var": 0.189068779349, "dvar": 0.0483939908445, "mean": 0.253127932549}, "spectral_energyband_low": {"min": 2.13400711483e-23, "max": 0.0822496265173, "dvar2": 0.000134784495458, "median": 0.000844460213557, "dmean2": 0.00560807529837, "dmean": 0.00339474971406, "var": 6.07945512456e-05, "dvar": 5.54347934667e-05, "mean": 0.00394829316065}, "spectral_energyband_middle_low": {"min": 1.94794836965e-22, "max": 0.0522858537734, "dvar2": 3.7369230995e-05, "median": 0.00274996412918, "dmean2": 0.00344172935002, "dmean": 0.00228626397438, "var": 4.10970860685e-05, "dvar": 1.67394719028e-05, "mean": 0.00501369126141}, "melbands_kurtosis": {"min": -1.86967682838, "max": 462.926971436, "dvar2": 1423.81030273, "median": 1.46111011505, "dmean2": 11.1392412186, "dmean": 6.5876994133, "var": 748.835449219, "dvar": 548.16217041, "mean": 7.9879450798}, "spectral_decrease": {"min": -3.00739237957e-08, "max": 1.56173647153e-28, "dvar2": 1.16635832995e-17, "median": -2.48001841285e-09, "dmean2": 2.21265161748e-09, "dmean": 1.46774170595e-09, "var": 1.41112909686e-17, "dvar": 5.46766633052e-18, "mean": -3.59546192819e-09}, "erbbands_kurtosis": {"min": -1.85970795155, "max": 69.0272140503, "dvar2": 6.36516094208, "median": 0.159710884094, "dmean2": 1.51804947853, "dmean": 0.964786827564, "var": 5.76012039185, "dvar": 2.95711374283, "mean": 0.655589342117}, "melbands_crest": {"min": 1.6894338131, "max": 33.8401832581, "dvar2": 26.6033496857, "median": 11.2084598541, "dmean2": 5.72024154663, "dmean": 3.55145812035, "var": 34.4984207153, "dvar": 11.2978944778, "mean": 12.4826774597}, "gfcc": {"cov": [[17918.9375, 282.392944336, -1418.31567383, 544.471862793, -470.146057129, 249.790115356, -256.99307251, 179.918289185, -286.884185791, 34.7774505615, -131.023330688, -214.656936646, -31.1094112396], [282.392944336, 1110.69567871, -46.5375595093, -13.4674158096, 143.838256836, -86.7160720825, 94.4968795776, -68.0258789062, 64.1942825317, -18.3921279907, 65.6445999146, -38.1154747009, 15.4896526337], [-1418.31567383, -46.5375595093, 735.860778809, 139.486022949, 124.586761475, 67.637802124, 56.2963867188, 11.0975952148, 56.9116096497, -5.63338518143, -6.77756023407, 81.2365646362, -36.1514091492], [544.471862793, -13.4674158096, 139.486022949, 401.098388672, 101.349563599, 58.5959129333, 25.4169597626, 13.8232822418, 51.0906181335, -5.45515346527, -1.20728194714, -2.01332902908, 19.43957901], [-470.146057129, 143.838256836, 124.586761475, 101.349563599, 317.355560303, 65.17993927, 132.739990234, 14.6082401276, 53.5647010803, 37.9672813416, 5.65947151184, 39.0778274536, -4.22944068909], [249.790115356, -86.7160720825, 67.637802124, 58.5959129333, 65.17993927, 223.296524048, 61.0700531006, 58.906627655, -2.10170340538, 22.6390476227, 12.5793199539, -3.27295947075, 5.66784954071], [-256.99307251, 94.4968795776, 56.2963867188, 25.4169597626, 132.739990234, 61.0700531006, 228.872894287, 34.1881027222, 47.0229682922, 45.6290283203, 12.4194631577, 24.1339416504, -26.7369594574], [179.918289185, -68.0258789062, 11.0975952148, 13.8232822418, 14.6082401276, 58.906627655, 34.1881027222, 160.635940552, 54.3597450256, 32.2275390625, 1.33518183231, -4.59872579575, 15.8713092804], [-286.884185791, 64.1942825317, 56.9116096497, 51.0906181335, 53.5647010803, -2.10170340538, 47.0229682922, 54.3597450256, 145.772216797, 47.2011604309, 19.7897872925, 7.11735248566, 5.56974744797], [34.7774505615, -18.3921279907, -5.63338518143, -5.45515346527, 37.9672813416, 22.6390476227, 45.6290283203, 32.2275390625, 47.2011604309, 97.0288391113, 37.713848114, 12.3113927841, -4.95648574829], [-131.023330688, 65.6445999146, -6.77756023407, -1.20728194714, 5.65947151184, 12.5793199539, 12.4194631577, 1.33518183231, 19.7897872925, 37.713848114, 98.3613357544, 22.2163009644, 16.7190952301], [-214.656936646, -38.1154747009, 81.2365646362, -2.01332902908, 39.0778274536, -3.27295947075, 24.1339416504, -4.59872579575, 7.11735248566, 12.3113927841, 22.2163009644, 103.29069519, 10.9191045761], [-31.1094112396, 15.4896526337, -36.1514091492, 19.43957901, -4.22944068909, 5.66784954071, -26.7369594574, 15.8713092804, 5.56974744797, -4.95648574829, 16.7190952301, 10.9191045761, 86.95652771]], "icov": [[0.000107031934022, -0.000152376538608, 0.000248689961154, -0.000326635636156, 0.000243778995355, -0.000216513319174, 0.00015749646991, -0.000221158901695, 0.000302595813992, -0.000346901622834, 0.000337306846632, -0.000263745750999, 0.00028571736766], [-0.000152376538608, 0.00154442503117, -0.000318208796671, 0.000738262780942, -0.00111675017979, 0.00095892243553, -0.000826437550131, 0.000882216263562, -0.00109302042983, 0.00168999331072, -0.00185221689753, 0.00156346184667, -0.000832769146655], [0.000248689961154, -0.000318208796671, 0.00241715204902, -0.00119878340047, 0.000239327928284, -0.0010643400019, 0.000580052321311, -0.000451824278571, -0.000113716443593, 1.68170590769e-05, 0.000947384687606, -0.00219978368841, 0.00186270591803], [-0.000326635636156, 0.000738262780942, -0.00119878340047, 0.00417176540941, -0.00171971099917, 0.00013153089094, -0.000347405293724, 0.00113367149606, -0.00215644948184, 0.00209307833575, -0.00131264072843, 0.00177575554699, -0.00179849157576], [0.000243778995355, -0.00111675017979, 0.000239327928284, -0.00171971099917, 0.00594439171255, -0.00156117766164, -0.0016026213998, 4.7008193178e-06, 0.000332649913616, -0.00238984217867, 0.00244894437492, -0.00235109659843, 0.000334193144226], [-0.000216513319174, 0.00095892243553, -0.0010643400019, 0.00013153089094, -0.00156117766164, 0.00693958671764, -0.00176543858834, -0.00167549203616, 0.00152191985399, 0.000359006779036, -0.002293726895, 0.00238791736774, -0.00142129755113], [0.00015749646991, -0.000826437550131, 0.000580052321311, -0.000347405293724, -0.0016026213998, -0.00176543858834, 0.00732172653079, -0.00114598625805, -0.000284656882286, -0.0020724767819, 0.000984762911685, -0.00191121187527, 0.00297066452913], [-0.000221158901695, 0.000882216263562, -0.000451824278571, 0.00113367149606, 4.7008193178e-06, -0.00167549203616, -0.00114598625805, 0.00940682925284, -0.00410598656163, -0.00040140672354, 0.000448185979621, 0.0013904570369, -0.0026580656413], [0.000302595813992, -0.00109302042983, -0.000113716443593, -0.00215644948184, 0.000332649913616, 0.00152191985399, -0.000284656882286, -0.00410598656163, 0.011944600381, -0.00547740375623, 0.000708302774001, -0.000257877662079, 0.00013555631449], [-0.000346901622834, 0.00168999331072, 1.68170590769e-05, 0.00209307833575, -0.00238984217867, 0.000359006779036, -0.0020724767819, -0.00040140672354, -0.00547740375623, 0.0183636173606, -0.0075640049763, 0.00100764620584, 0.00113567314111], [0.000337306846632, -0.00185221689753, 0.000947384687606, -0.00131264072843, 0.00244894437492, -0.002293726895, 0.000984762911685, 0.000448185979621, 0.000708302774001, -0.0075640049763, 0.0159021615982, -0.004386769142, -0.00135563826188], [-0.000263745750999, 0.00156346184667, -0.00219978368841, 0.00177575554699, -0.00235109659843, 0.00238791736774, -0.00191121187527, 0.0013904570369, -0.000257877662079, 0.00100764620584, -0.004386769142, 0.0141765130684, -0.00365855847485], [0.00028571736766, -0.000832769146655, 0.00186270591803, -0.00179849157576, 0.000334193144226, -0.00142129755113, 0.00297066452913, -0.0026580656413, 0.00013555631449, 0.00113567314111, -0.00135563826188, -0.00365855847485, 0.0152105772868]], "mean": [-57.3216934204, 81.285774231, -137.575073242, 20.6437168121, -44.4070777893, 5.23243045807, -27.2612266541, 4.67094135284, -19.2218933105, 3.39819717407, -17.9126052856, -3.41810917854, -17.928604126]}, "melbands_spread": {"min": 0.519410789013, "max": 274.981170654, "dvar2": 287.78717041, "median": 32.2067489624, "dmean2": 14.8306493759, "dmean": 9.48133468628, "var": 535.39239502, "dvar": 143.013580322, "mean": 34.8118743896}, "spectral_energy": {"min": 9.94740101234e-21, "max": 0.119167342782, "dvar2": 0.000176338959136, "median": 0.0104248477146, "dmean2": 0.00876804441214, "dmean": 0.00588328903541, "var": 0.000242283087573, "dvar": 8.45690083224e-05, "mean": 0.0150443287566}, "mfcc": {"cov": [[12797.0869141, 27.4371986389, -825.446655273, 244.130966187, -122.725090027, 29.9573745728, 91.7618103027, -64.8977050781, 42.7357292175, 44.3882637024, 1.39986979961, -39.0961303711, -99.9421386719], [27.4371986389, 1123.31103516, -120.157226562, 66.591003418, 0.277262270451, 27.6696624756, 34.3725128174, -3.0970287323, -15.8229551315, 14.0583152771, 5.36080408096, 41.5331878662, 40.1605453491], [-825.446655273, -120.157226562, 535.065673828, 54.4981536865, 94.837562561, 36.0960197449, -13.6161937714, 57.9781799316, 3.00877690315, -6.93512582779, 12.0136842728, -14.3509302139, 12.3678846359], [244.130966187, 66.591003418, 54.4981536865, 350.164459229, 79.4847564697, 92.0781326294, -6.99243545532, 46.634853363, 30.075881958, 30.8352031708, -6.45087766647, 20.0439624786, 23.7966098785], [-122.725090027, 0.277262270451, 94.837562561, 79.4847564697, 200.276763916, 53.3107147217, 15.5281600952, 32.4857902527, 42.4859428406, 11.2595119476, -4.63945198059, 22.0161437988, 17.3550739288], [29.9573745728, 27.6696624756, 36.0960197449, 92.0781326294, 53.3107147217, 204.923751831, 78.2235565186, 52.0226974487, 17.2357730865, 31.0837497711, 14.7669801712, 22.0257053375, 8.9192533493], [91.7618103027, 34.3725128174, -13.6161937714, -6.99243545532, 15.5281600952, 78.2235565186, 162.488128662, 46.428604126, 25.5929450989, 20.1337757111, 22.2856693268, 21.9759101868, 7.67489480972], [-64.8977050781, -3.0970287323, 57.9781799316, 46.634853363, 32.4857902527, 52.0226974487, 46.428604126, 121.313522339, 51.1215896606, 20.7122249603, 19.2570991516, 19.6820487976, 15.1128902435], [42.7357292175, -15.8229551315, 3.00877690315, 30.075881958, 42.4859428406, 17.2357730865, 25.5929450989, 51.1215896606, 123.274368286, 52.6243286133, 23.4520969391, 22.2589168549, 12.5368099213], [44.3882637024, 14.0583152771, -6.93512582779, 30.8352031708, 11.2595119476, 31.0837497711, 20.1337757111, 20.7122249603, 52.6243286133, 115.514801025, 54.0557632446, 8.9830160141, 6.24281740189], [1.39986979961, 5.36080408096, 12.0136842728, -6.45087766647, -4.63945198059, 14.7669801712, 22.2856693268, 19.2570991516, 23.4520969391, 54.0557632446, 103.369918823, 29.6560993195, 10.2923269272], [-39.0961303711, 41.5331878662, -14.3509302139, 20.0439624786, 22.0161437988, 22.0257053375, 21.9759101868, 19.6820487976, 22.2589168549, 8.9830160141, 29.6560993195, 114.139305115, 48.7962036133], [-99.9421386719, 40.1605453491, 12.3678846359, 23.7966098785, 17.3550739288, 8.9192533493, 7.67489480972, 15.1128902435, 12.5368099213, 6.24281740189, 10.2923269272, 48.7962036133, 81.2773666382]], "icov": [[9.14556585485e-05, 1.64745069924e-05, 0.000146947029862, -0.000113666814286, 1.91168564925e-05, 1.44681271195e-05, -6.86382627464e-05, 3.71692804038e-05, -3.70701127395e-05, 3.35478362103e-05, -5.00049063703e-05, 4.16620059696e-05, 9.35976931942e-05], [1.64745069924e-05, 0.000961728102993, 0.000260731001617, -0.000225975032663, -3.58454781235e-05, 3.46002634615e-05, -0.000222205373575, 2.60373180936e-05, 0.000330754002789, -0.000148696723045, 1.97113840841e-05, -0.000132669563754, -0.000370906491298], [0.000146947029862, 0.000260731001617, 0.0025718039833, -0.000243170390604, -0.00107891054358, -0.000127871215227, 0.000421998876845, -0.00116432690993, 0.000596521189436, 0.000479156937217, -0.000841262750328, 0.000918272591662, -0.000420816184487], [-0.000113666814286, -0.000225975032663, -0.000243170390604, 0.00396850798279, -0.000893145333976, -0.00164601963479, 0.00145958294161, -0.00097032886697, 1.66391473613e-05, -0.000965736224316, 0.000976379436906, -0.000202723487746, -0.00066939817043], [1.91168564925e-05, -3.58454781235e-05, -0.00107891054358, -0.000893145333976, 0.00668550049886, -0.00106401182711, -9.53592461883e-05, 0.000466695229989, -0.00227026129141, 0.0003569626424, 0.00105763331521, -0.000877697893884, -0.000205892210943], [1.44681271195e-05, 3.46002634615e-05, -0.000127871215227, -0.00164601963479, -0.00106401182711, 0.00768185174093, -0.00331536727026, -0.00150305265561, 0.00168433575891, -0.00161037000362, 0.000353638315573, -0.000720101583283, 0.000730256084353], [-6.86382627464e-05, -0.000222205373575, 0.000421998876845, 0.00145958294161, -9.53592461883e-05, -0.00331536727026, 0.00885227881372, -0.00232854951173, -0.000560940010473, 0.000104006794572, -0.000735452806111, -0.000490203034133, -1.89386300917e-05], [3.71692804038e-05, 2.60373180936e-05, -0.00116432690993, -0.00097032886697, 0.000466695229989, -0.00150305265561, -0.00232854951173, 0.0126504031941, -0.00475265691057, 0.00139490957372, -0.00109918601811, -7.77436434873e-05, -0.000761153234635], [-3.70701127395e-05, 0.000330754002789, 0.000596521189436, 1.66391473613e-05, -0.00227026129141, 0.00168433575891, -0.000560940010473, -0.00475265691057, 0.0132696302608, -0.00564700504765, 0.000925639993511, -0.00143019342795, 6.03205226071e-05], [3.35478362103e-05, -0.000148696723045, 0.000479156937217, -0.000965736224316, 0.0003569626424, -0.00161037000362, 0.000104006794572, 0.00139490957372, -0.00564700504765, 0.0149048240855, -0.0072730705142, 0.00235610385425, -0.000611440395005], [-5.00049063703e-05, 1.97113840841e-05, -0.000841262750328, 0.000976379436906, 0.00105763331521, 0.000353638315573, -0.000735452806111, -0.00109918601811, 0.000925639993511, -0.0072730705142, 0.0148683153093, -0.00402610050514, 0.000730296014808], [4.16620059696e-05, -0.000132669563754, 0.000918272591662, -0.000202723487746, -0.000877697893884, -0.000720101583283, -0.000490203034133, -7.77436434873e-05, -0.00143019342795, 0.00235610385425, -0.00402610050514, 0.0136413425207, -0.00727675016969], [9.35976931942e-05, -0.000370906491298, -0.000420816184487, -0.00066939817043, -0.000205892210943, 0.000730256084353, -1.89386300917e-05, -0.000761153234635, 6.03205226071e-05, -0.000611440395005, 0.000730296014808, -0.00727675016969, 0.0172829777002]], "mean": [-692.969116211, 118.171531677, -29.7106494904, 19.6926898956, -1.58760499954, 6.21633815765, -0.130435705185, 2.16853380203, -0.42248249054, 6.57408046722, 1.59588336945, 0.575331866741, -0.127293378115]}, "spectral_contrast_valleys": {"min": [-28.4090862274, -27.7825946808, -27.7670974731, -27.6169185638, -27.5174674988, -27.4257736206], "max": [-5.6001625061, -5.16563081741, -5.32379961014, -5.35046005249, -5.3215303421, -7.22024106979], "dvar2": [0.403886526823, 0.231156855822, 0.211581379175, 0.171296000481, 0.307695806026, 0.279568105936], "median": [-7.98239612579, -7.03156757355, -7.43233394623, -7.45828819275, -7.56912994385, -10.865237236], "dmean2": [0.731896460056, 0.552386105061, 0.51393198967, 0.42947819829, 0.430130183697, 0.429546743631], "dmean": [0.461594074965, 0.346689194441, 0.330230265856, 0.293281465769, 0.306662917137, 0.327586740255], "var": [3.25674676895, 3.13478422165, 3.08764648438, 3.15515708923, 3.17615842819, 2.84045410156], "dvar": [0.19976092875, 0.106037735939, 0.101940125227, 0.0973107144237, 0.159686326981, 0.160021364689], "mean": [-8.30055332184, -7.38325643539, -7.72229862213, -7.79002666473, -7.8470582962, -11.1230487823]}, "barkbands_flatness_db": {"min": 0.0154747534543, "max": 0.368582695723, "dvar2": 0.00172393454704, "median": 0.0976822003722, "dmean2": 0.0356782861054, "dmean": 0.0227025561035, "var": 0.00240308442153, "dvar": 0.000698938849382, "mean": 0.10819388926}, "dynamic_complexity": 5.96342277527, "erbbands_flatness_db": {"min": 0.0668100640178, "max": 0.398616224527, "dvar2": 0.000571039214265, "median": 0.164950057864, "dmean2": 0.0255688559264, "dmean": 0.0177895110101, "var": 0.00181728741154, "dvar": 0.000310164381517, "mean": 0.168603867292}, "hfc": {"min":