{"lowlevel": {"spectral_complexity": {"min": 0, "max": 48, "dvar2": 15.2761468887, "median": 9, "dmean2": 3.04087471962, "dmean": 1.96137738228, "var": 28.2046508789, "dvar": 6.99110746384, "mean": 9.93481826782}, "silence_rate_20dB": {"min": 1, "max": 1, "dvar2": 0, "median": 1, "dmean2": 0, "dmean": 0, "var": 0, "dvar": 0, "mean": 1}, "average_loudness": 0.867988407612, "erbbands_spread": {"min": 1.78691589832, "max": 178.254333496, "dvar2": 460.452331543, "median": 26.9724731445, "dmean2": 16.4114723206, "dmean": 10.8581142426, "var": 678.213745117, "dvar": 215.325592041, "mean": 35.1101951599}, "spectral_kurtosis": {"min": -1.38713049889, "max": 105.989837646, "dvar2": 23.2376327515, "median": 4.3473315239, "dmean2": 3.26949000359, "dmean": 2.05933427811, "var": 84.8404388428, "dvar": 8.97393417358, "mean": 6.85594463348}, "barkbands_kurtosis": {"min": -1.95340383053, "max": 255.883361816, "dvar2": 278.626220703, "median": 8.44127750397, "dmean2": 9.74903583527, "dmean": 6.33022499084, "var": 448.07421875, "dvar": 127.83719635, "mean": 14.8555688858}, "spectral_strongpeak": {"min": 0, "max": 14.3697891235, "dvar2": 1.52329754829, "median": 0.403062552214, "dmean2": 0.688959717751, "dmean": 0.420116186142, "var": 1.62884521484, "dvar": 0.675984978676, "mean": 0.875223875046}, "spectral_spread": {"min": 850252.375, "max": 41767228, "dvar2": 1650797707260.0, "median": 5049329.5, "dmean2": 1062018.75, "dmean": 725088.875, "var": 4183792287740.0, "dvar": 915660537856, "mean": 5415433}, "spectral_rms": {"min": 1.55484030984e-07, "max": 0.0207155179232, "dvar2": 2.02022602025e-06, "median": 0.00474638305604, "dmean2": 0.00109355454333, "dmean": 0.000732514483389, "var": 3.07486789097e-06, "dvar": 9.08227377749e-07, "mean": 0.00492449803278}, "erbbands": {"min": [3.72101516266e-10, 1.35334987661e-09, 2.23419682754e-09, 2.07646166928e-09, 1.9964105924e-09, 1.70550917833e-09, 5.88254778222e-10, 3.08930836468e-09, 6.45884856709e-09, 7.77420883225e-09, 7.60502238961e-09, 4.0079419783e-09, 2.77902700851e-09, 2.67783040186e-09, 1.8297436899e-09, 9.74367431184e-09, 2.33052084297e-08, 1.53389461133e-08, 2.7529938329e-09, 1.57101687215e-09, 1.8196149032e-09, 4.98461583121e-09, 4.04722300118e-09, 8.26991186642e-09, 7.79807063367e-09, 3.91995724769e-09, 3.96415611448e-09, 4.8561981103e-09, 5.02087704746e-09, 6.23372597985e-09, 9.98798999063e-09, 4.67130600867e-09, 6.04797989467e-09, 2.96478441797e-09, 2.03133221355e-09, 1.85121551421e-09, 9.6666197269e-10, 4.87908324853e-10, 7.87852699746e-11, 4.37543447654e-12], "max": [3.67212939262, 60.3553848267, 180.635940552, 202.808670044, 183.388137817, 351.757110596, 317.644927979, 1400.68469238, 1686.52954102, 3263.26074219, 2240.20458984, 1721.44042969, 2528.43481445, 2311.93310547, 1982.01367188, 2994.5090332, 3084.29833984, 1816.66796875, 682.432800293, 952.996887207, 944.526977539, 1088.44873047, 175.626205444, 406.12612915, 456.337036133, 756.853820801, 424.750946045, 426.208709717, 188.884490967, 339.437835693, 254.145736694, 373.247161865, 325.971710205, 117.233024597, 49.5555305481, 12.9533596039, 6.14834785461, 1.45218896866, 0.274352729321, 0.00919144507498], "dvar2": [0.0517342798412, 9.88763999939, 75.7439041138, 109.408660889, 228.849533081, 535.976989746, 881.941772461, 5446.35302734, 10747.8095703, 19882.0722656, 6705.18945312, 2814.82739258, 10612.6591797, 9968.765625, 6068.54394531, 10239.8300781, 6790.74658203, 2395.16577148, 868.354003906, 724.17376709, 286.340301514, 254.672485352, 58.8857307434, 286.403503418, 270.745452881, 324.632598877, 199.660140991, 174.756134033, 165.467788696, 234.296676636, 140.90246582, 129.63117981, 53.9218063354, 9.49684810638, 1.88488602638, 0.410200566053, 0.0502480380237, 0.0023634005338, 5.2683204558e-05, 1.02607600638e-07], "median": [0.0612234324217, 1.94959211349, 4.2561545372, 3.08142471313, 5.2175784111, 4.63059282303, 8.94188690186, 11.3133525848, 12.13352108, 5.93835449219, 6.39301204681, 4.50500297546, 5.4017663002, 3.35426878929, 1.54529285431, 1.43242228031, 0.871407985687, 0.927597522736, 0.8906468153, 0.79601931572, 0.625935792923, 0.633446335793, 0.794347047806, 1.15625727177, 1.08760857582, 1.03215301037, 0.845086693764, 0.693770825863, 0.69936144352, 0.708908557892, 0.490766227245, 0.272166669369, 0.249993652105, 0.12894512713, 0.0639141052961, 0.022198446095, 0.00595265347511, 0.00104973441921, 0.000106369581772, 3.53615541826e-05], "dmean2": [0.0730300545692, 1.04046964645, 2.8968834877, 3.89969015121, 8.15575695038, 10.0895357132, 16.5271472931, 31.0055046082, 38.5928459167, 32.1950531006, 21.4503536224, 16.066783905, 30.452627182, 24.8506355286, 15.9855308533, 17.113986969, 11.3257694244, 9.27096652985, 7.12148189545, 6.41904830933, 4.65647888184, 3.67633414268, 2.93958902359, 5.77706241608, 5.18460893631, 5.086830616, 4.14179134369, 3.71686840057, 4.36438035965, 4.45480728149, 3.17144441605, 2.44810914993, 1.65195119381, 0.831960856915, 0.391758143902, 0.199686765671, 0.065773434937, 0.0122876474634, 0.00138955644798, 7.60682669352e-05], "dmean": [0.0441954210401, 0.639756679535, 1.78666818142, 2.25571346283, 4.84820747375, 6.00398159027, 10.5460691452, 19.7082614899, 25.1089916229, 21.8907566071, 14.7752103806, 11.1284189224, 20.9097938538, 16.4206409454, 11.4367723465, 11.537812233, 7.93693304062, 6.24450874329, 4.78893899918, 4.26752996445, 3.0692949295, 2.53708672523, 1.92280781269, 3.82241940498, 3.45251941681, 3.31793642044, 2.65334701538, 2.38852930069, 2.85534763336, 2.96117377281, 2.17130470276, 1.69263613224, 1.15353727341, 0.563545107841, 0.267518341541, 0.13438244164, 0.0438512153924, 0.00818909984082, 0.000885354704224, 4.85313867102e-05], "var": [0.0168862622231, 3.16404509544, 23.8167648315, 27.7943630219, 92.761756897, 235.386138916, 733.955383301, 4355.26708984, 7360.1015625, 21168.4394531, 9181.63769531, 4780.87353516, 11305.4599609, 9919.50097656, 8475.390625, 15241.8076172, 12401.0957031, 2538.40649414, 908.429077148, 699.228637695, 659.382080078, 516.1640625, 67.8281326294, 315.134185791, 275.166656494, 314.324066162, 137.144836426, 115.409988403, 127.950820923, 170.03086853, 143.835327148, 168.237686157, 98.9226074219, 14.3368453979, 2.20581412315, 0.427649378777, 0.0457680001855, 0.00202753278427, 2.85618662019e-05, 5.17089446816e-08], "dvar": [0.0197506863624, 3.64263057709, 26.9046859741, 37.0291023254, 82.6564178467, 194.181671143, 360.66293335, 2273.64111328, 4588.11083984, 9146.8125, 3090.31152344, 1393.63183594, 5493.02441406, 4448.609375, 3014.94140625, 4310.58984375, 3578.27734375, 1047.34887695, 442.684173584, 323.768493652, 142.285461426, 144.284988403, 25.9979324341, 129.351928711, 116.924629211, 160.113540649, 88.1628570557, 76.8064346313, 73.3579101562, 101.987106323, 69.178352356, 63.4311027527, 29.0297908783, 4.83887529373, 0.897889196873, 0.190881416202, 0.0234277527779, 0.00108024291694, 2.20939964493e-05, 4.31173567961e-08], "mean": [0.0938026309013, 2.08689641953, 4.77974462509, 4.1526389122, 8.05933380127, 9.60952472687, 18.7688312531, 32.1068840027, 40.316368103, 38.432144165, 27.4547080994, 21.1382789612, 34.0368347168, 28.567527771, 19.7964515686, 21.2045173645, 13.8744459152, 9.74309539795, 7.48384904861, 6.90130376816, 5.19791984558, 4.29576873779, 3.40682077408, 6.56959247589, 6.18177652359, 5.55409145355, 4.23070669174, 3.62511205673, 4.49480247498, 4.59382963181, 3.34910845757, 2.58486270905, 1.93226838112, 0.923687875271, 0.41695946455, 0.188857540488, 0.0585190951824, 0.0108747174963, 0.00105866661761, 7.73119973019e-05]}, "zerocrossingrate": {"min": 0.0029296875, "max": 0.4287109375, "dvar2": 0.000202100694878, "median": 0.02880859375, "dmean2": 0.0106783704832, "dmean": 0.0091323107481, "var": 0.00128022290301, "dvar": 0.000174382250407, "mean": 0.0387116521597}, "spectral_contrast_coeffs": {"min": [-0.977259576321, -0.964345991611, -0.969699144363, -0.962717413902, -0.964218378067, -0.961143493652], "max": [-0.28622585535, -0.297593414783, -0.416472434998, -0.479095518589, -0.583564043045, -0.601564764977], "dvar2": [0.00424594338983, 0.0044868150726, 0.00300936424173, 0.00175436434802, 0.000879620201886, 0.000558623403776], "median": [-0.642540216446, -0.681505441666, -0.716213226318, -0.781156480312, -0.81067854166, -0.803741812706], "dmean2": [0.0724497288465, 0.0794325321913, 0.0653667971492, 0.0504497736692, 0.0345040932298, 0.0255233161151], "dmean": [0.0437251068652, 0.049934476614, 0.0419839546084, 0.0323740765452, 0.0221945922822, 0.0166997648776], "var": [0.003860745579, 0.00816465076059, 0.00773420277983, 0.00494662672281, 0.00266356673092, 0.00180774787441], "dvar": [0.0015404142905, 0.00186891457997, 0.00131502386648, 0.000812897807918, 0.000399003416533, 0.000262949150056], "mean": [-0.641359269619, -0.675818145275, -0.711957037449, -0.774268627167, -0.800007998943, -0.798869371414]}, "dissonance": {"min": 0.188560307026, "max": 0.499997347593, "dvar2": 0.00213001482189, "median": 0.431249499321, "dmean2": 0.0529969073832, "dmean": 0.0318727754056, "var": 0.00216397945769, "dvar": 0.000795223808382, "mean": 0.423454642296}, "spectral_energyband_high": {"min": 2.18382126618e-12, "max": 0.0350087024271, "dvar2": 2.40865142587e-06, "median": 0.000134505200549, "dmean2": 0.000508401135448, "dmean": 0.000355433352524, "var": 3.07438631353e-06, "dvar": 1.21420032428e-06, "mean": 0.000641148770228}, "spectral_skewness": {"min": -0.47520121932, "max": 8.79161167145, "dvar2": 0.204003423452, "median": 1.83884298801, "dmean2": 0.431778639555, "dmean": 0.290954202414, "var": 1.03657782078, "dvar": 0.0984948799014, "mean": 2.03935432434}, "spectral_flux": {"min": 2.3530499675e-05, "max": 0.59628200531, "dvar2": 0.00192440580577, "median": 0.0625188797712, "dmean2": 0.0372686721385, "dmean": 0.0233391616493, "var": 0.00215185899287, "dvar": 0.000828433025163, "mean": 0.0694990754128}, "silence_rate_30dB": {"min": 0, "max": 1, "dvar2": 0.0185498893261, "median": 1, "dmean2": 0.0159411411732, "dmean": 0.00796975567937, "var": 0.00679761264473, "dvar": 0.00790588743985, "mean": 0.993154883385}, "spectral_energyband_middle_high": {"min": 1.50459831226e-12, "max": 0.106146268547, "dvar2": 2.35151201196e-05, "median": 0.000592475233134, "dmean2": 0.00175211648457, "dmean": 0.00121262075845, "var": 4.46154117526e-05, "dvar": 1.18056950669e-05, "mean": 0.00278998538852}, "barkbands_spread": {"min": 0.654241621494, "max": 119.308135986, "dvar2": 136.662277222, "median": 8.37950515747, "dmean2": 6.84052228928, "dmean": 4.57569742203, "var": 223.075317383, "dvar": 67.7530822754, "mean": 13.234749794}, "spectral_centroid": {"min": 144.516906738, "max": 10759.0478516, "dvar2": 215563.359375, "median": 548.019897461, "dmean2": 270.489013672, "dmean": 180.819412231, "var": 338759.96875, "dvar": 105319.84375, "mean": 736.130737305}, "pitch_salience": {"min": 0.119569838047, "max": 0.834174752235, "dvar2": 0.00928510911763, "median": 0.485798358917, "dmean2": 0.102989263833, "dmean": 0.0638121515512, "var": 0.0110472077504, "dvar": 0.00359031930566, "mean": 0.493646651506}, "erbbands_skewness": {"min": -5.71237134933, "max": 7.7130074501, "dvar2": 0.645601093769, "median": 1.31858730316, "dmean2": 0.760964989662, "dmean": 0.509981930256, "var": 1.30617499352, "dvar": 0.298628538847, "mean": 1.36454916}, "erbbands_crest": {"min": 2.1872177124, "max": 32.4138717651, "dvar2": 19.408657074, "median": 10.6276817322, "dmean2": 4.82133054733, "dmean": 3.06473064423, "var": 28.2763137817, "dvar": 8.25646305084, "mean": 11.8095912933}, "melbands": {"min": [3.19106676847e-12, 1.40012957825e-12, 3.64533490199e-13, 1.40976003115e-13, 2.86123460536e-14, 6.72623713454e-14, 1.01726414022e-13, 8.34629200063e-14, 5.9354681814e-14, 2.12509029877e-14, 1.37780971121e-14, 1.16578381199e-14, 4.67364912911e-15, 1.52669946861e-14, 4.06304865783e-14, 5.43451188998e-14, 2.47367027578e-14, 4.60882569766e-15, 1.62511529502e-15, 2.14474290311e-15, 2.21503117938e-15, 5.94470041701e-15, 2.67566950719e-15, 5.270385111e-15, 7.10387813434e-15, 3.90408412115e-15, 6.92996998829e-15, 1.51532256676e-15, 2.40151839997e-15, 2.87608745515e-15, 2.97646784742e-15, 3.16613610024e-15, 1.99868922377e-15, 4.10768543068e-15, 5.46250785355e-15, 4.85935644411e-15, 2.58592488412e-15, 3.2858116913e-15, 5.40259382506e-15, 1.56791060729e-15], "max": [0.0502493008971, 0.0897056907415, 0.0348757840693, 0.0187796503305, 0.0104278232902, 0.0276049021631, 0.0262298732996, 0.0366822481155, 0.0185543503612, 0.00924736447632, 0.013236281462, 0.00937309116125, 0.00913263764232, 0.00625743623823, 0.00601115310565, 0.00774636631832, 0.00388845195994, 0.00122940156143, 0.00269330339506, 0.000989963766187, 0.00159745069686, 0.00170799822081, 0.000544100243133, 0.0002573269594, 0.000391962676076, 0.000384063605452, 0.000369762507034, 0.000668915628921, 0.000301638006931, 0.000323532323819, 0.000197308036149, 0.000112134432129, 0.000137006136356, 0.000216965301661, 0.000170331084519, 0.00021388210007, 0.000266374729108, 0.000247113086516, 0.000181505150977, 7.93131184764e-05], "dvar2": [7.27012593416e-06, 1.92255138245e-05, 3.26090798808e-06, 1.91563299268e-06, 9.04988496586e-07, 2.57872193288e-06, 2.23277788791e-06, 2.25608573601e-06, 3.87272791613e-07, 1.1879345152e-07, 2.68877101917e-07, 1.76524252993e-07, 9.62838910823e-08, 5.88570330251e-08, 3.20156310352e-08, 2.98103408625e-08, 1.06698401225e-08, 3.054214881e-09, 3.6500640288e-09, 9.81597914063e-10, 5.35307742577e-10, 5.488530741e-10, 6.2104404952e-11, 1.3064871407e-10, 2.55045928821e-10, 2.2059575e-10, 1.37576075532e-10, 1.92400109733e-10, 1.04300540427e-10, 6.79113709712e-11, 6.43871692074e-11, 5.39713169989e-11, 7.69457830785e-11, 8.24874960004e-11, 5.04863616191e-11, 7.41331301901e-11, 5.21654941465e-11, 3.4920857872e-11, 1.82701007101e-11, 5.38228272715e-12], "median": [0.00121167115867, 0.00270110741258, 0.000656757852994, 0.000361657177564, 0.000300248182612, 0.000270534568699, 0.000182964111445, 5.42172856512e-05, 4.36998961959e-05, 2.31569429161e-05, 2.35597835854e-05, 1.03747443063e-05, 3.7302183955e-06, 3.31964747602e-06, 1.98736074708e-06, 1.57075896823e-06, 1.37031963732e-06, 1.07058735921e-06, 1.07338189537e-06, 6.57267037241e-07, 6.04147317063e-07, 5.67476604374e-07, 5.64609081266e-07, 7.20370735507e-07, 8.40134418922e-07, 7.91143691004e-07, 6.67621804951e-07, 6.31096895631e-07, 5.04015758906e-07, 4.12624018509e-07, 3.5840844248e-07, 3.6121980429e-07, 4.02770524488e-07, 3.55862084689e-07, 2.8690601539e-07, 1.88524140299e-07, 1.49112011627e-07, 1.83121954933e-07, 1.28484430206e-07, 9.78684369102e-08], "dmean2": [0.000873772194609, 0.00148007716052, 0.000764825788792, 0.000637709570583, 0.000530201010406, 0.000699478783645, 0.000575995829422, 0.000325018336298, 0.000162290903972, 0.000108663436549, 0.000152866210556, 0.000103498285171, 6.11667346675e-05, 4.5104225137e-05, 3.18994716508e-05, 2.2625323254e-05, 1.80021288543e-05, 1.21086359286e-05, 1.04345836007e-05, 7.4847707765e-06, 5.78717799726e-06, 4.48850596513e-06, 2.71580142908e-06, 3.79212019652e-06, 5.24980077898e-06, 4.70097165817e-06, 3.54271901415e-06, 3.6679614368e-06, 2.96063535643e-06, 2.3597992822e-06, 2.35341963162e-06, 2.51279493568e-06, 2.86427916762e-06, 2.51712822319e-06, 1.92643096852e-06, 1.80244308012e-06, 1.48123831423e-06, 1.29120610382e-06, 9.80431423159e-07, 6.60181740386e-07], "dmean": [0.000533948186785, 0.000915489741601, 0.000448659469839, 0.000375581148546, 0.000335430755513, 0.000446121237474, 0.000375093746698, 0.000220992835239, 0.000110384680738, 7.55226137699e-05, 0.000104949365777, 6.80852826918e-05, 4.34750982095e-05, 3.08061244141e-05, 2.26020711125e-05, 1.53914861585e-05, 1.20448958114e-05, 8.17983345769e-06, 6.99484917277e-06, 4.88768500873e-06, 3.83913129554e-06, 3.13028112942e-06, 1.78717198196e-06, 2.41757629738e-06, 3.45391345036e-06, 3.12322868012e-06, 2.30530963563e-06, 2.37613130594e-06, 1.86525801382e-06, 1.49744062128e-06, 1.49484719714e-06, 1.6270452079e-06, 1.85373573913e-06, 1.65397489127e-06, 1.31166780193e-06, 1.21648804452e-06, 1.01260343399e-06, 8.93786307188e-07, 6.55663370708e-07, 4.4100318064e-07], "var": [2.39679434344e-06, 5.75876947551e-06, 8.93714741323e-07, 7.48117372495e-07, 7.09028654455e-07, 2.13912517211e-06, 1.66845529748e-06, 2.13873090615e-06, 5.85462657909e-07, 1.85912583106e-07, 2.878612122e-07, 1.73456868424e-07, 1.16977361131e-07, 8.85293545139e-08, 5.80161376718e-08, 4.43007017736e-08, 1.03883106561e-08, 2.80357514981e-09, 1.97268734681e-09, 9.44020084326e-10, 1.48702450353e-09, 1.0603873335e-09, 1.77720616001e-10, 1.03614741787e-10, 2.6587587687e-10, 2.40159864218e-10, 1.18948545458e-10, 1.72525646547e-10, 6.14173781277e-11, 4.70200024749e-11, 3.98640981336e-11, 3.93823203215e-11, 5.63088187189e-11, 5.61900040386e-11, 4.69264280212e-11, 6.41289313319e-11, 6.52303072668e-11, 5.86302950634e-11, 2.51029058651e-11, 7.05090543243e-12], "dvar": [2.72646389021e-06, 6.96980532666e-06, 1.1079836213e-06, 6.87242618369e-07, 3.63252638635e-07, 1.08877770799e-06, 9.74997192316e-07, 9.9013379895e-07, 1.81120299203e-07, 5.98297162924e-08, 1.40060947729e-07, 7.80181537152e-08, 4.67042120533e-08, 2.58810430864e-08, 1.66040923233e-08, 1.64680038495e-08, 4.49306725159e-09, 1.5167491707e-09, 1.51265333592e-09, 4.82514972422e-10, 2.86244222769e-10, 3.19890364198e-10, 3.64508423445e-11, 5.49321872712e-11, 1.15994491789e-10, 9.68685409664e-11, 6.28980964534e-11, 9.6010685513e-11, 4.41370030801e-11, 3.05419335656e-11, 2.7487106341e-11, 2.38481352721e-11, 3.24691593057e-11, 3.5719552316e-11, 2.41416001773e-11, 3.31624554206e-11, 2.49522607437e-11, 1.81317513087e-11, 8.89061307213e-12, 2.62868654795e-12], "mean": [0.00150899926666, 0.00276286969893, 0.000861447071657, 0.000617893587332, 0.000603182066698, 0.000741639931221, 0.000615077035036, 0.000382501166314, 0.000205936696148, 0.000135588939884, 0.000168215308804, 0.000114299211418, 7.02791076037e-05, 5.56446684641e-05, 3.90624336433e-05, 2.46355739364e-05, 1.75152654265e-05, 1.15120083137e-05, 1.04168429971e-05, 7.03311661709e-06, 6.22664265393e-06, 4.90670345243e-06, 2.87307943836e-06, 3.71817532141e-06, 5.47463969269e-06, 5.15593501405e-06, 3.62246123586e-06, 3.6567571442e-06, 2.73250111604e-06, 2.14937062992e-06, 2.12509144148e-06, 2.42566011366e-06, 2.80466360891e-06, 2.45154387812e-06, 1.94364179151e-06, 1.73603575604e-06, 1.5085169025e-06, 1.44048340189e-06, 1.04594755612e-06, 6.93999481882e-07]}, "spectral_entropy": {"min": 5.26451396942, "max": 9.81027889252, "dvar2": 0.131369650364, "median": 7.01162147522, "dmean2": 0.350844562054, "dmean": 0.243585839868, "var": 0.467980116606, "dvar": 0.0685654133558, "mean": 6.9915304184}, "spectral_rolloff": {"min": 86.1328125, "max": 13415.1855469, "dvar2": 2122619.25, "median": 409.130859375, "dmean2": 497.359954834, "dmean": 284.048522949, "var": 1629605.75, "dvar": 904446.875, "mean": 734.923278809}, "barkbands": {"min": [8.66275454148e-12, 8.09450596828e-12, 1.75141064845e-12, 5.9166159385e-13, 5.17348479594e-13, 2.69661788559e-13, 5.07978587579e-13, 3.52278888569e-13, 1.61470297311e-13, 1.06130450023e-13, 3.37705259807e-14, 1.86453093633e-13, 5.43149509744e-13, 1.88704344577e-13, 1.99124621821e-14, 2.66003785296e-14, 8.62872598893e-14, 1.07810495828e-13, 1.32600351597e-13, 1.07104131336e-13, 1.0869689209e-13, 1.44454774206e-13, 3.39788798227e-13, 2.95475720714e-13, 2.55157765576e-13, 6.21546217272e-13, 4.42656219839e-13], "max": [0.00269946549088, 0.22897195816, 0.153757974505, 0.0636028945446, 0.0787542238832, 0.113395184278, 0.145575091243, 0.120417192578, 0.0673004761338, 0.0786017179489, 0.0609891600907, 0.0586300119758, 0.0643290504813, 0.0307853948325, 0.0264566484839, 0.0136325713247, 0.0260647963732, 0.00443084863946, 0.00793929770589, 0.01545977965, 0.0105673894286, 0.00582183897495, 0.0103932116181, 0.0193805452436, 0.0078775761649, 0.00310602062382, 0.00144213647582], "dvar2": [3.16888773e-08, 0.000142508404679, 5.68926952838e-05, 1.3081456018e-05, 3.40133337886e-05, 5.07862787344e-05, 4.85205091536e-05, 3.04697077809e-05, 6.87595866111e-06, 1.09187649286e-05, 6.34337447991e-06, 4.38341476183e-06, 2.79694677374e-06, 8.80263257841e-07, 4.47555066785e-07, 1.30454210989e-07, 1.6593982366e-07, 4.43649561532e-08, 1.2539014449e-07, 1.36963734576e-07, 1.08252677933e-07, 1.52208173176e-07, 2.00021929686e-07, 2.17151622905e-07, 4.84334492512e-08, 1.5973459e-08, 1.66970681725e-09], "median": [3.04150853481e-06, 0.00697351805866, 0.00218915194273, 0.00126510183327, 0.00187543628272, 0.00165480026044, 0.000636665150523, 0.000229879224207, 0.000148720049765, 0.000114915368613, 1.98391971935e-05, 2.63517904386e-05, 1.45281092045e-05, 1.25645892695e-05, 1.63035438163e-05, 8.21275898488e-06, 1.09071679617e-05, 1.49694333231e-05, 2.16316766455e-05, 2.07717275771e-05, 1.96792643692e-05, 2.06397889997e-05, 1.75309469341e-05, 1.42548869917e-05, 1.0013633073e-05, 3.92928268411e-06, 5.37126652489e-07], "dmean2": [7.13521221769e-05, 0.00393706792966, 0.00240153097548, 0.00172047060914, 0.0028371734079, 0.00342526170425, 0.00244260206819, 0.00120285945013, 0.000825109134894, 0.000981978490017, 0.000484476448037, 0.000382658152375, 0.000237851767452, 0.000177186768269, 0.00015345432621, 9.47906955844e-05, 8.03449001978e-05, 7.33592969482e-05, 0.000117408570077, 0.000104139937321, 9.65036815614e-05, 0.000129654668854, 0.000117539253552, 0.000103420505184, 6.20871942374e-05, 3.8412737922e-05, 8.30832959764e-06], "dmean": [4.77942739963e-05, 0.00242549879476, 0.00144744117279, 0.00100442324765, 0.00171147380024, 0.00219631986693, 0.00161539344117, 0.000808015814982, 0.000569597410504, 0.000657514669001, 0.000339293968864, 0.000254725164268, 0.000159834293299, 0.000117919473269, 0.000100497818494, 6.08116897638e-05, 5.44024078408e-05, 4.69029982924e-05, 7.80559130362e-05, 6.70803710818e-05, 6.1427221226e-05, 8.51815202623e-05, 8.04004448582e-05, 7.33908527764e-05, 4.23205747211e-05, 2.59120824921e-05, 5.29648832526e-06], "var": [1.91793070314e-08, 4.65907687612e-05, 1.65188430401e-05, 3.79999596589e-06, 1.63584354596e-05, 4.29418942076e-05, 4.62396637886e-05, 2.51849360211e-05, 1.04441733129e-05, 1.07399955596e-05, 6.54676705381e-06, 7.02896340954e-06, 4.82089080833e-06, 8.41664416384e-07, 3.39030236773e-07, 1.60955295314e-07, 3.26130617623e-07, 3.17472270694e-08, 1.41813984555e-07, 1.1657889587e-07, 7.08506036062e-08, 1.17491353535e-07, 1.80583924703e-07, 3.9169037791e-07, 6.54024532309e-08, 1.63873217218e-08, 9.48684686364e-10], "dvar": [1.52277230825e-08, 5.31048208359e-05, 1.97881017812e-05, 4.3702630137e-06, 1.25113438116e-05, 2.13876191992e-05, 2.2572114176e-05, 1.2608445104e-05, 3.44656768902e-06, 5.32209605808e-06, 2.97560745821e-06, 1.88450314909e-06, 1.51163317241e-06, 3.77903319304e-07, 1.9883188429e-07, 6.50925642276e-08, 9.32729520287e-08, 1.83039343682e-08, 5.49901457703e-08, 6.54091678598e-08, 4.65999683286e-08, 6.63676118506e-08, 9.53790646463e-08, 1.18362066814e-07, 2.39275124159e-08, 7.56679430225e-09, 7.08993752596e-10], "mean": [4.82178656966e-05, 0.00762148760259, 0.00313837802969, 0.00165795930661, 0.00310065760277, 0.00378738483414, 0.00266340142116, 0.00134406948928, 0.000988964224234, 0.00102875416633, 0.000519437133335, 0.000457619375084, 0.0002636796562, 0.000164879689692, 0.00015206351236, 8.48568670335e-05, 8.78723949427e-05, 7.20812022337e-05, 0.00013583432883, 0.000108438383904, 9.40034296946e-05, 0.000134302172228, 0.000123215548228, 0.000120737917314, 6.82562967995e-05, 3.5774664866e-05, 6.27899498795e-06]}, "melbands_flatness_db": {"min": 0.054157782346, "max": 0.574718296528, "dvar2": 0.00193000317086, "median": 0.294680118561, "dmean2": 0.0393085181713, "dmean": 0.0281649250537, "var": 0.00809601601213, "dvar": 0.00101248070132, "mean": 0.301007509232}, "melbands_skewness": {"min": -1.76302790642, "max": 18.6247730255, "dvar2": 2.53465175629, "median": 2.66257882118, "dmean2": 1.34730577469, "dmean": 0.885205149651, "var": 4.29186582565, "dvar": 1.13412165642, "mean": 3.13231873512}, "barkbands_skewness": {"min": -4.16776943207, "max": 12.5998792648, "dvar2": 1.3748666048, "median": 2.1802687645, "dmean2": 1.01502859592, "dmean": 0.672014594078, "var": 2.55918979645, "dvar": 0.616958677769, "mean": 2.47128891945}, "silence_rate_60dB": {"min": 0, "max": 1, "dvar2": 0.028309835121, "median": 0, "dmean2": 0.0224810950458, "dmean": 0.0112393992022, "var": 0.0292301755399, "dvar": 0.01111481525, "mean": 0.030138945207}, "spectral_energyband_low": {"min": 1.4413810423e-11, "max": 0.378029644489, "dvar2": 0.000334651878802, "median": 0.0112522505224, "dmean2": 0.00628448789939, "dmean": 0.00386028923094, "var": 0.00010139861115, "dvar": 0.00012439909915, "mean": 0.0116095170379}, "spectral_energyband_middle_low": {"min": 2.4286870258e-12, "max": 0.189214065671, "dvar2": 0.000230975856539, "median": 0.00961201358587, "dmean2": 0.00860140286386, "dmean": 0.00559255387634, "var": 0.000222823713557, "dvar": 9.7257856396e-05, "mean": 0.0139881456271}, "melbands_kurtosis": {"min": -1.86185789108, "max": 518.449584961, "dvar2": 1266.46350098, "median": 14.7626113892, "dmean2": 19.5133171082, "dmean": 12.5423803329, "var": 1563.78564453, "dvar": 553.783691406, "mean": 27.9819412231}, "spectral_decrease": {"min": -1.14651960814e-07, "max": -5.7809576788e-18, "dvar2": 4.03504327632e-17, "median": -5.87117998663e-09, "dmean2": 3.30952176775e-09, "dmean": 2.13984963082e-09, "var": 2.68893074104e-17, "dvar": 1.60484817887e-17, "mean": -7.06879665913e-09}, "erbbands_kurtosis": {"min": -1.88953411579, "max": 86.1513061523, "dvar2": 34.2646141052, "median": 2.6485555172, "dmean2": 3.99958205223, "dmean": 2.57464432716, "var": 37.5214881897, "dvar": 14.5775232315, "mean": 4.32608175278}, "melbands_crest": {"min": 4.23863887787, "max": 33.1392173767, "dvar2": 15.5008096695, "median": 14.9743824005, "dmean2": 4.1039018631, "dmean": 2.54526042938, "var": 21.4371910095, "dvar": 6.1133480072, "mean": 15.4070577621}, "gfcc": {"cov": [[10290.6826172, -1467.88244629, -1559.17370605, 133.992126465, -777.902404785, -36.6151428223, -122.830093384, -19.9780712128, -219.627563477, 128.503570557, -71.4149169922, 330.390014648, -187.281692505], [-1467.88244629, 1646.6574707, 38.8294715881, -329.050201416, 179.156768799, -64.0191040039, 43.188785553, -12.319231987, 68.8519897461, -120.05229187, 132.813568115, -143.110107422, 139.486251831], [-1559.17370605, 38.8294715881, 1105.86364746, 136.18548584, 27.8373317719, 43.1708869934, -45.2789230347, 30.1184959412, -16.8963031769, 0.0724869668484, -54.5029945374, -39.2482528687, 6.76907682419], [133.992126465, -329.050201416, 136.18548584, 517.04498291, 11.0120372772, -42.035785675, -13.2651042938, 38.9123840332, 37.7724838257, -14.0513038635, -25.9098529816, -16.8443622589, -1.57659983635], [-777.902404785, 179.156768799, 27.8373317719, 11.0120372772, 321.545684814, 58.5817985535, 14.1675758362, 15.52617836, 49.936668396, 4.54565286636, -4.21756410599, -51.3321609497, 20.297000885], [-36.6151428223, -64.0191040039, 43.1708869934, -42.035785675, 58.5817985535, 255.339553833, 69.900932312, -15.3686361313, -29.176366806, 20.6563434601, 4.75873279572, -33.1138000488, -35.4747238159], [-122.830093384, 43.188785553, -45.2789230347, -13.2651042938, 14.1675758362, 69.900932312, 159.229293823, 32.4244651794, -17.4410438538, -1.1372512579, 21.9828605652, -14.1717844009, -14.6922273636], [-19.9780712128, -12.319231987, 30.1184959412, 38.9123840332, 15.52617836, -15.3686361313, 32.4244651794, 118.164009094, 37.2910842896, -19.8839149475, -31.3016891479, -7.11947774887, 2.36954665184], [-219.627563477, 68.8519897461, -16.8963031769, 37.7724838257, 49.936668396, -29.176366806, -17.4410438538, 37.2910842896, 132.455657959, 5.40490627289, -23.9037742615, -27.4121417999, 12.5859699249], [128.503570557, -120.05229187, 0.0724869668484, -14.0513038635, 4.54565286636, 20.6563434601, -1.1372512579, -19.8839149475, 5.40490627289, 108.915794373, 28.1374912262, 0.43317347765, -33.7060623169], [-71.4149169922, 132.813568115, -54.5029945374, -25.9098529816, -4.21756410599, 4.75873279572, 21.9828605652, -31.3016891479, -23.9037742615, 28.1374912262, 120.711151123, 5.82720375061, -7.97379589081], [330.390014648, -143.110107422, -39.2482528687, -16.8443622589, -51.3321609497, -33.1138000488, -14.1717844009, -7.11947774887, -27.4121417999, 0.43317347765, 5.82720375061, 113.664558411, 15.0216026306], [-187.281692505, 139.486251831, 6.76907682419, -1.57659983635, 20.297000885, -35.4747238159, -14.6922273636, 2.36954665184, 12.5859699249, -33.7060623169, -7.97379589081, 15.0216026306, 97.4686737061]], "icov": [[0.000220402696868, -8.07273681858e-05, 0.000376284035156, -0.00023956525547, 0.000459701899672, -0.000265719281742, 0.000384262704756, -0.000308595888782, 0.000407377374358, -0.000446505320724, 0.000439137103967, -0.000448660488473, 0.000280059059151], [-8.07273681858e-05, 0.00178870698437, -0.000458314578282, 0.00140438345261, -0.000721139949746, 0.000908346439246, -0.000664695573505, 0.000435244903201, -0.00114630721509, 0.00233760755509, -0.00277152773924, 0.00253454805352, -0.00195132207591], [0.000376284035156, -0.000458314578282, 0.00172200531233, -0.000910940230824, 0.000866927730385, -0.000890390307177, 0.00125596171711, -0.00102063792292, 0.00139490910806, -0.00141148024704, 0.00155992072541, -0.000795433006715, 0.000536085106432], [-0.00023956525547, 0.00140438345261, -0.000910940230824, 0.0033559773583, -0.000945824023802, 0.0012656475883, -0.000808354874607, 0.000202788854949, -0.00161904050037, 0.00234416034073, -0.00233401102014, 0.00240122410469, -0.00136304134503], [0.000459701899672, -0.000721139949746, 0.000866927730385, -0.000945824023802, 0.0049189934507, -0.00183327437844, 0.00101467920467, -0.00100274349097, -4.30636755482e-05, -0.00192032777704, 0.00150141608901, -0.000394202565076, -0.000149376690388], [-0.000265719281742, 0.000908346439246, -0.000890390307177, 0.0012656475883, -0.00183327437844, 0.00615267455578, -0.00313325109892, 0.00183182046749, 2.51763121923e-05, 0.000984510756098, -0.000876121746842, 0.00249806907959, 0.000256613799138], [0.000384262704756, -0.000664695573505, 0.00125596171711, -0.000808354874607, 0.00101467920467, -0.00313325109892, 0.00961624644697, -0.00441299658269, 0.00250382581726, -0.0010689010378, -0.000529078184627, -0.000690838089213, 0.00116465147585], [-0.000308595888782, 0.000435244903201, -0.00102063792292, 0.000202788854949, -0.00100274349097, 0.00183182046749, -0.00441299658269, 0.0123346932232, -0.00401279702783, 0.00269507500343, 0.00139549595769, 0.000339131715009, 0.000280844018562], [0.000407377374358, -0.00114630721509, 0.00139490910806, -0.00161904050037, -4.30636755482e-05, 2.51763121923e-05, 0.00250382581726, -0.00401279702783, 0.0118210138753, -0.00415500998497, 0.00358335277997, 0.000336606230121, 7.12503897375e-05], [-0.000446505320724, 0.00233760755509, -0.00141148024704, 0.00234416034073, -0.00192032777704, 0.000984510756098, -0.0010689010378, 0.00269507500343, -0.00415500998497, 0.0152777181938, -0.0066068819724, 0.00265832315199, 0.00133384054061], [0.000439137103967, -0.00277152773924, 0.00155992072541, -0.00233401102014, 0.00150141608901, -0.000876121746842, -0.000529078184627, 0.00139549595769, 0.00358335277997, -0.0066068819724, 0.0150082586333, -0.00441600754857, 0.00307971006259], [-0.000448660488473, 0.00253454805352, -0.000795433006715, 0.00240122410469, -0.000394202565076, 0.00249806907959, -0.000690838089213, 0.000339131715009, 0.000336606230121, 0.00265832315199, -0.00441600754857, 0.0148558262736, -0.00529123935848], [0.000280059059151, -0.00195132207591, 0.000536085106432, -0.00136304134503, -0.000149376690388, 0.000256613799138, 0.00116465147585, 0.000280844018562, 7.12503897375e-05, 0.00133384054061, 0.00307971006259, -0.00529123935848, 0.0153437759727]], "mean": [-45.4563674927, 107.237960815, -61.7444953918, 35.2025680542, -65.5815505981, 11.2271537781, -30.812084198, 10.430937767, -20.4956874847, 2.99709057808, -12.4914999008, -2.49858570099, -9.87595844269]}, "melbands_spread": {"min": 0.528440237045, "max": 257.577209473, "dvar2": 213.064788818, "median": 7.47505760193, "dmean2": 5.80880737305, "dmean": 3.81966114044, "var": 185.155899048, "dvar": 90.4957809448, "mean": 11.2470722198}, "spectral_energy": {"min": 2.47796661662e-11, "max": 0.439861029387, "dvar2": 0.000608154165093, "median": 0.023091359064, "dmean2": 0.0129818860441, "dmean": 0.00843042973429, "var": 0.000427599006798, "dvar": 0.000243109097937, "mean": 0.0280085522681}, "mfcc": {"cov": [[8713.41992188, -1371.84802246, -1083.34667969, -109.200965881, -675.059082031, -99.1389694214, -263.380004883, -3.62864732742, -287.984100342, -83.2107925415, -68.7926330566, -111.734237671, 100.398986816], [-1371.84802246, 1671.08178711, 63.983581543, -203.853729248, 91.26537323, -94.2018966675, 83.9276580811, -22.7751064301, 21.2591514587, -4.68503522873, -0.88220500946, 1.43685102463, -14.969294548], [-1083.34667969, 63.983581543, 845.463623047, 111.409034729, 76.9265136719, 28.1746616364, 36.0110664368, 5.94932699203, 18.282333374, 1.62667584419, 13.0608940125, 9.64976596832, -58.5354690552], [-109.200965881, -203.853729248, 111.409034729, 437.871368408, 101.430198669, -47.8013954163, -39.707195282, 21.0291919708, 47.2249526978, 8.24900054932, -17.9048938751, 17.3813438416, 0.154138743877], [-675.059082031, 91.26537323, 76.9265136719, 101.430198669, 285.595245361, 52.1899185181, -8.44760990143, -1.40240192413, 70.936340332, 32.4385299683, -0.336630284786, 18.1007976532, -4.35772228241], [-99.1389694214, -94.2018966675, 28.1746616364, -47.8013954163, 52.1899185181, 189.834075928, 76.5412521362, -11.7374095917, -4.45997810364, 26.0952320099, 38.5797691345, -2.57790398598, 4.67072725296], [-263.380004883, 83.9276580811, 36.0110664368, -39.707195282, -8.44760990143, 76.5412521362, 199.577224731, 23.3383407593, -25.0833511353, 12.3383207321, 37.7077484131, 1.46561121941, 1.33475732803], [-3.62864732742, -22.7751064301, 5.94932699203, 21.0291919708, -1.40240192413, -11.7374095917, 23.3383407593, 124.156265259, 50.056842804, -8.47302246094, -3.84455418587, -4.3348069191, -7.0726480484], [-287.984100342, 21.2591514587, 18.282333374, 47.2249526978, 70.936340332, -4.45997810364, -25.0833511353, 50.056842804, 157.274475098, 36.5844154358, -14.363910675, 5.15839862823, -12.8152618408], [-83.2107925415, -4.68503522873, 1.62667584419, 8.24900054932, 32.4385299683, 26.0952320099, 12.3383207321, -8.47302246094, 36.5844154358, 107.506477356, 28.7535820007, -8.753698349, -9.029047966], [-68.7926330566, -0.88220500946, 13.0608940125, -17.9048938751, -0.336630284786, 38.5797691345, 37.7077484131, -3.84455418587, -14.363910675, 28.7535820007, 111.581794739, 29.3080558777, -8.41396903992], [-111.734237671, 1.43685102463, 9.64976596832, 17.3813438416, 18.1007976532, -2.57790398598, 1.46561121941, -4.3348069191, 5.15839862823, -8.753698349, 29.3080558777, 103.71559906, 42.2024879456], [100.398986816, -14.969294548, -58.5354690552, 0.154138743877, -4.35772228241, 4.67072725296, 1.33475732803, -7.0726480484, -12.8152618408, -9.029047966, -8.41396903992, 42.2024879456, 104.838798523]], "icov": [[0.000203404109925, 0.000108753149107, 0.000204052426852, -4.36958689534e-05, 0.000358037679689, -8.83880857145e-05, 0.000275607075309, -0.00015117971634, 0.000285128247924, -7.24138662918e-05, 4.33897002949e-05, 0.000131460124976, -8.09749180917e-05], [0.000108753149107, 0.000866945832968, 2.06547683774e-05, 0.000563872745261, -0.000422898156103, 0.000987590290606, -0.000550238008145, 0.000309313472826, -0.000109614491521, 0.000124819736811, -9.29657689994e-05, 0.000209909703699, -9.79714823188e-05], [0.000204052426852, 2.06547683774e-05, 0.00154389860108, -0.000432646513218, 0.000225694966502, -0.000378329714295, 7.15842616046e-05, -0.000127610794152, 0.000341984938132, 6.35863762e-05, 0.000155983638251, -0.000318456906825, 0.000874899502378], [-4.36958689534e-05, 0.000563872745261, -0.000432646513218, 0.00320206442848, -0.00151553517208, 0.00165959319565, -0.000314127624733, -0.000109827262349, -0.000335392251145, -0.000105519888166, 7.33666893211e-05, -0.000159179413458, -0.000244375318289], [0.000358037679689, -0.000422898156103, 0.000225694966502, -0.00151553517208, 0.00591845950112, -0.00268217502162, 0.0013367474312, 0.000165210687555, -0.00115644861944, -0.000746244331822, 0.000720535754226, -0.000801675603725, 0.00025952042779], [-8.83880857145e-05, 0.000987590290606, -0.000378329714295, 0.00165959319565, -0.00268217502162, 0.00893733371049, -0.00352974329144, 0.00156798353419, -0.000662598526105, -0.000155045665451, -0.00214488152415, 0.00158982642461, -0.00125342595857], [0.000275607075309, -0.000550238008145, 7.15842616046e-05, -0.000314127624733, 0.0013367474312, -0.00352974329144, 0.00778028462082, -0.00284199765883, 0.00224901502952, -0.00101487210486, -0.000846473965794, -6.16655961494e-05, -0.000235634928686], [-0.00015117971634, 0.000309313472826, -0.000127610794152, -0.000109827262349, 0.000165210687555, 0.00156798353419, -0.00284199765883, 0.0110378107056, -0.00503501947969, 0.00272925826721, -0.000957978481892, 0.00116271886509, -8.96672790986e-05], [0.000285128247924, -0.000109614491521, 0.000341984938132, -0.000335392251145, -0.00115644861944, -0.000662598526105, 0.00224901502952, -0.00503501947969, 0.0108250956982, -0.00429140357301, 0.00248298142105, -0.00191121257376, 0.00143814925104], [-7.24138662918e-05, 0.000124819736811, 6.35863762e-05, -0.000105519888166, -0.000746244331822, -0.000155045665451, -0.00101487210486, 0.00272925826721, -0.00429140357301, 0.0126189673319, -0.00419964967296, 0.00291805830784, -0.000653729541227], [4.33897002949e-05, -9.29657689994e-05, 0.000155983638251, 7.33666893211e-05, 0.000720535754226, -0.00214488152415, -0.000846473965794, -0.000957978481892, 0.00248298142105, -0.00419964967296, 0.0131556307897, -0.00577562535182, 0.00342642096803], [0.000131460124976, 0.000209909703699, -0.000318456906825, -0.000159179413458, -0.000801675603725, 0.00158982642461, -6.16655961494e-05, 0.00116271886509, -0.00191121257376, 0.00291805830784, -0.00577562535182, 0.0147595247254, -0.00668565509841], [-8.09749180917e-05, -9.79714823188e-05, 0.000874899502378, -0.000244375318289, 0.00025952042779, -0.00125342595857, -0.000235634928686, -8.96672790986e-05, 0.00143814925104, -0.000653729541227, 0.00342642096803, -0.00668565509841, 0.0132402125746]], "mean": [-704.682189941, 136.957046509, 53.4531364441, 32.0956306458, 1.3575925827, 2.999979496, 2.05655050278, 3.22389769554, 0.304082751274, 5.92694568634, 2.30394554138, -2.52279162407, 1.42921483517]}, "spectral_contrast_valleys": {"min": [-26.3948402405, -27.2571430206, -27.0167198181, -27.0864181519, -27.2398605347, -27.1724205017], "max": [-5.10594320297, -4.52294969559, -5.56967401505, -6.12740898132, -5.63334655762, -7.09449005127], "dvar2": [0.342807561159, 0.264752805233, 0.302935540676, 0.314627856016, 0.246392384171, 0.264279931784], "median": [-6.88807344437, -6.91520023346, -8.3032913208, -9.09612083435, -8.52195930481, -10.3708734512], "dmean2": [0.630977153778, 0.559003472328, 0.569048345089, 0.532390892506, 0.424647420645, 0.399782121181], "dmean": [0.385803490877, 0.354249328375, 0.363824099302, 0.354337394238, 0.303983718157, 0.30250158906], "var": [0.828721702099, 1.09141540527, 1.13270413876, 1.17426788807, 1.38090348244, 1.49561524391], "dvar": [0.151600465178, 0.127290442586, 0.148392051458, 0.160512700677, 0.142766311765, 0.160471841693], "mean": [-7.03233385086, -7.03032493591, -8.38825702667, -9.15896606445, -8.6488237381, -10.4279193878]}, "barkbands_flatness_db": {"min": 0.0292977113277, "max": 0.459254413843, "dvar2": 0.00133961660322, "median": 0.203456312418, "dmean2": 0.0347197800875, "dmean": 0.0247073955834, "var": 0.00535480584949, "dvar": 0.000702000746969, "mean": 0.210810288787}, "dynamic_complexity": 3.56377696991, "erbbands_flatness_db": {"min": 0.0303553752601, "max": 0.349181175232, "dvar2": 0.000894602329936, "median": 0.165203303099, "dmean2": 0.0311916992068, "dmean": 0.0212979409844, "var": 0.00242676632479, "dvar": 0.00044521267