{"lowlevel": {"spectral_complexity": {"min": 0, "max": 54, "dvar2": 37.7554740906, "median": 11, "dmean2": 5.30509710312, "dmean": 4.02161216736, "var": 132.329681396, "dvar": 28.2769737244, "mean": 14.1473207474}, "silence_rate_20dB": {"min": 1, "max": 1, "dvar2": 0, "median": 1, "dmean2": 0, "dmean": 0, "var": 0, "dvar": 0, "mean": 1}, "average_loudness": 0.57129329443, "erbbands_spread": {"min": 2.55332684517, "max": 159.94984436, "dvar2": 319.96395874, "median": 32.3178977966, "dmean2": 16.5961456299, "dmean": 11.2716121674, "var": 466.159576416, "dvar": 164.616622925, "mean": 37.0285110474}, "spectral_kurtosis": {"min": -1.26035523415, "max": 31.8425140381, "dvar2": 11.9033126831, "median": 4.38074445724, "dmean2": 2.81902265549, "dmean": 1.77973508835, "var": 11.4055986404, "dvar": 5.07423639297, "mean": 4.96969842911}, "barkbands_kurtosis": {"min": -1.92639636993, "max": 563.829956055, "dvar2": 600.333496094, "median": 1.09049224854, "dmean2": 8.28500747681, "dmean": 5.16219615936, "var": 262.031738281, "dvar": 256.570617676, "mean": 4.87468099594}, "spectral_strongpeak": {"min": 0, "max": 13.836148262, "dvar2": 1.99562203884, "median": 0.458718895912, "dmean2": 0.91845023632, "dmean": 0.566372573376, "var": 2.05497431755, "dvar": 0.878460347652, "mean": 0.941601037979}, "spectral_spread": {"min": 1491836.25, "max": 47303676, "dvar2": 2323544276990.0, "median": 4216893.5, "dmean2": 1135218.75, "dmean": 792163.1875, "var": 8166792232960.0, "dvar": 1355688443900.0, "mean": 4891957.5}, "spectral_rms": {"min": 3.13678900563e-12, "max": 0.0121270902455, "dvar2": 3.47519585375e-06, "median": 0.00290425657295, "dmean2": 0.00154369650409, "dmean": 0.00114513176959, "var": 6.91129889674e-06, "dvar": 2.27621876547e-06, "mean": 0.00365376821719}, "erbbands": {"min": [2.13689645989e-22, 9.47342329017e-22, 3.48120859108e-21, 1.05219118751e-20, 1.11424702023e-20, 2.96576076667e-20, 4.81771185254e-20, 1.24201944457e-19, 8.92357468814e-20, 2.70178436262e-19, 3.07327944752e-19, 5.33759124862e-19, 5.46303835839e-19, 1.03168964527e-18, 1.06075429046e-18, 1.15068040357e-18, 1.98532135807e-18, 2.06699220867e-18, 1.7045792567e-18, 3.66848025581e-18, 4.15831179915e-18, 5.19668527057e-18, 6.16296498852e-18, 6.42740429059e-18, 8.45397445747e-18, 8.37577611108e-18, 9.87262477677e-18, 1.21980346194e-17, 1.11267720333e-17, 1.40178940056e-17, 1.04903591223e-17, 1.23745739873e-17, 1.12063749323e-17, 8.68548245859e-18, 6.89008611186e-18, 4.36458872363e-18, 2.47553464526e-18, 1.15100848408e-18, 2.60205998496e-19, 2.98007874608e-20], "max": [1.52472245693, 15.9074897766, 58.2828216553, 103.734657288, 66.8645858765, 90.5838623047, 200.992340088, 299.222106934, 230.146347046, 1041.24328613, 2473.38720703, 1863.76782227, 1592.36071777, 2582.19067383, 3514.57006836, 3140.50024414, 2664.26342773, 2696.02124023, 3165.21728516, 1372.01635742, 1689.34265137, 898.449829102, 562.535522461, 355.12399292, 163.04397583, 147.161300659, 74.2743225098, 45.0288925171, 79.3481674194, 79.8795852661, 94.6513748169, 82.3326187134, 144.15927124, 42.0570106506, 17.5508995056, 9.24684524536, 1.63978934288, 0.32355594635, 0.0225185081363, 0.00228196522221], "dvar2": [0.0969714000821, 9.01994800568, 219.284103394, 428.621398926, 192.415237427, 219.411895752, 249.530578613, 177.375427246, 272.234466553, 4155.09912109, 17813.1464844, 5553.25146484, 7396.08007812, 6036.13085938, 11860.2949219, 10652.2871094, 12906.1181641, 25389.75, 17818.2402344, 6046.19482422, 3062.57446289, 916.26171875, 323.037750244, 137.362045288, 86.5172729492, 77.0441055298, 33.4210128784, 20.7971343994, 45.8593597412, 20.223192215, 17.039188385, 12.6894569397, 15.7514772415, 2.58561706543, 0.601238429546, 0.12619112432, 0.00841889809817, 0.000247151008807, 1.54017641307e-06, 4.63213511992e-09], "median": [0.00419451203197, 0.0870091468096, 0.389786839485, 0.481315940619, 0.739431321621, 1.15445637703, 1.54336106777, 1.64863693714, 2.21673846245, 3.99881362915, 4.42596292496, 2.68506193161, 3.52159452438, 3.86559939384, 6.232006073, 5.520860672, 5.61372709274, 8.35215091705, 6.39527654648, 6.85086488724, 5.24592590332, 3.67326140404, 3.3014588356, 4.43869876862, 2.80247068405, 1.98360669613, 1.59181845188, 1.43195533752, 1.35901165009, 1.09333837032, 0.793890178204, 0.398184686899, 0.240625962615, 0.114150620997, 0.0552601255476, 0.0278745573014, 0.0132733024657, 0.00281715276651, 0.000332149182213, 3.92304064007e-05], "dmean2": [0.117732062936, 1.39701783657, 7.72379732132, 9.09847068787, 5.64520025253, 6.89368343353, 7.859852314, 5.53227329254, 6.91177415848, 21.254283905, 43.2272987366, 18.8333778381, 23.6276626587, 17.8966941833, 28.7830257416, 33.6241607666, 37.0177536011, 47.4392242432, 40.847984314, 29.347410202, 14.1088981628, 10.8342180252, 8.06109619141, 7.0821480751, 5.83514976501, 4.89686107635, 3.8081882, 2.99580931664, 3.76928257942, 2.16457343102, 1.93938314915, 1.22642159462, 0.946867406368, 0.654000639915, 0.353948891163, 0.15514408052, 0.050124719739, 0.00949181616306, 0.000795703323092, 4.33670029452e-05], "dmean": [0.0753956288099, 0.885288834572, 4.84591436386, 5.87097644806, 3.14545702934, 4.11202383041, 4.88349294662, 3.56119394302, 4.41057682037, 14.1081542969, 28.9358444214, 12.4994020462, 15.3186693192, 11.6458282471, 18.9763050079, 23.1824207306, 25.7025222778, 31.5507011414, 27.1765708923, 19.7304573059, 9.8215637207, 7.54755544662, 5.60815048218, 5.07541370392, 4.47559022903, 3.37904024124, 2.62140774727, 2.21221804619, 2.44611120224, 1.48460733891, 1.3223657608, 0.848855137825, 0.646558225155, 0.439123213291, 0.238262102008, 0.105776280165, 0.0349408499897, 0.00685849087313, 0.00057343399385, 3.26547778968e-05], "var": [0.0415793284774, 5.92810344696, 99.2880249023, 222.451065063, 50.3838043213, 87.2890396118, 180.285842896, 111.907798767, 183.950134277, 3493.47485352, 18346.9492188, 7433.66113281, 5959.30371094, 4917.45849609, 11573.1708984, 12767.2011719, 14637.0214844, 20652.6523438, 21403.6113281, 6366.43896484, 1755.57653809, 735.358825684, 316.667327881, 208.270690918, 138.327774048, 85.8360290527, 41.5612945557, 28.7442092896, 30.0720081329, 14.8151912689, 12.1982507706, 10.1541442871, 7.9938211441, 2.2914993763, 0.559838831425, 0.109019517899, 0.00766611285508, 0.000270268006716, 2.18636523641e-06, 6.58183774149e-09], "dvar": [0.0434710010886, 4.98966169357, 98.536605835, 206.193511963, 68.9034805298, 85.8773651123, 104.180213928, 71.2680587769, 115.483642578, 1841.46936035, 8116.93798828, 2575.40795898, 3247.48388672, 2547.35180664, 5150.73730469, 5475.86035156, 6254.41552734, 10706.6083984, 7887.70507812, 2775.64160156, 1253.1829834, 413.907684326, 153.963973999, 78.4203109741, 48.9314842224, 39.0944099426, 17.3543453217, 11.1146459579, 18.4367828369, 8.75685977936, 7.53147602081, 5.74750900269, 6.56923770905, 1.21722042561, 0.298513352871, 0.0627349615097, 0.00429062731564, 0.000131168955704, 8.1750880554e-07, 2.39048469908e-09], "mean": [0.0656158104539, 0.922559380531, 4.22327947617, 5.30067968369, 2.92792773247, 4.6831202507, 6.58354282379, 5.34766197205, 6.33574724197, 21.7833251953, 45.4653739929, 21.0879707336, 23.7794036865, 18.9142570496, 31.2850627899, 36.9971504211, 39.9307899475, 50.3913421631, 45.1914176941, 33.2465057373, 17.1235980988, 12.7682723999, 9.80135822296, 9.30435562134, 7.62100982666, 5.73451471329, 4.40392494202, 3.68108916283, 3.57166957855, 2.37748646736, 1.88459432125, 1.22094321251, 0.8504961133, 0.539333701134, 0.283431261778, 0.129489079118, 0.0466795749962, 0.010063749738, 0.00099925743416, 6.60399455228e-05]}, "zerocrossingrate": {"min": 0, "max": 0.52197265625, "dvar2": 0.000668267370202, "median": 0.05712890625, "dmean2": 0.020449263975, "dmean": 0.0174934174865, "var": 0.00283543509431, "dvar": 0.00050446431851, "mean": 0.0690219625831}, "spectral_contrast_coeffs": {"min": [-0.979143500328, -0.985717177391, -0.974417805672, -0.96872740984, -0.967661380768, -0.963178515434], "max": [-0.33004835248, -0.35046350956, -0.368977665901, -0.476638913155, -0.601061940193, -0.529811143875], "dvar2": [0.00526252342388, 0.00446083862334, 0.00265052984469, 0.00199084705673, 0.00105655286461, 0.00121923373081], "median": [-0.649015545845, -0.741655766964, -0.787258684635, -0.790688097477, -0.810162603855, -0.753058314323], "dmean2": [0.0889260321856, 0.0795347243547, 0.0630373060703, 0.0540255829692, 0.0386717170477, 0.0386162027717], "dmean": [0.055662766099, 0.0507336817682, 0.0408960543573, 0.0349175408483, 0.0248707011342, 0.0263656899333], "var": [0.00871412828565, 0.0100841177627, 0.00650261389092, 0.00503582879901, 0.00239356607199, 0.00305532058701], "dvar": [0.00227431254461, 0.00207692547701, 0.00122201186605, 0.000878599472344, 0.000494898587931, 0.000616156496108], "mean": [-0.646645784378, -0.729805231094, -0.775399684906, -0.780135035515, -0.80358427763, -0.758667767048]}, "dissonance": {"min": 0.0448934957385, "max": 0.500000059605, "dvar2": 0.00129052111879, "median": 0.473804175854, "dmean2": 0.0323339551687, "dmean": 0.0197803936899, "var": 0.00104822497815, "dvar": 0.000494545674883, "mean": 0.464359492064}, "spectral_energyband_high": {"min": 7.47416167696e-21, "max": 0.014892840758, "dvar2": 3.42404860021e-07, "median": 0.000205647054827, "dmean2": 0.000351312337443, "dmean": 0.00026021830854, "var": 4.03873769983e-07, "dvar": 1.72900868733e-07, "mean": 0.000446115562227}, "spectral_skewness": {"min": -0.0753848180175, "max": 4.53018808365, "dvar2": 0.178620561957, "median": 1.55333185196, "dmean2": 0.410344511271, "dmean": 0.26660579443, "var": 0.25668528676, "dvar": 0.0819263979793, "mean": 1.60642397404}, "spectral_flux": {"min": 6.48660361535e-11, "max": 0.310639709234, "dvar2": 0.00542514910921, "median": 0.0633768439293, "dmean2": 0.0638710409403, "dmean": 0.0388062261045, "var": 0.00441561918706, "dvar": 0.00223522610031, "mean": 0.0837807655334}, "silence_rate_30dB": {"min": 0, "max": 1, "dvar2": 0.0139223923907, "median": 1, "dmean2": 0.00993135664612, "dmean": 0.00496495328844, "var": 0.00320161087438, "dvar": 0.00494012562558, "mean": 0.996787846088}, "spectral_energyband_middle_high": {"min": 1.32772515052e-21, "max": 0.11198964715, "dvar2": 3.68014152627e-05, "median": 0.00192582246382, "dmean2": 0.00299317506142, "dmean": 0.00232119951397, "var": 0.000107552754343, "dvar": 2.0974994186e-05, "mean": 0.00567302852869}, "barkbands_spread": {"min": 0.379553556442, "max": 115.268867493, "dvar2": 221.898452759, "median": 21.0670490265, "dmean2": 13.3995332718, "dmean": 8.73497390747, "var": 257.104370117, "dvar": 111.249191284, "mean": 23.9171466827}, "spectral_centroid": {"min": 148.155471802, "max": 11546.0410156, "dvar2": 351397.9375, "median": 1342.06982422, "dmean2": 529.892883301, "dmean": 354.322692871, "var": 775205.4375, "dvar": 168315.65625, "mean": 1470.12792969}, "pitch_salience": {"min": 0.0668149068952, "max": 0.863137960434, "dvar2": 0.0221944395453, "median": 0.563112676144, "dmean2": 0.166371181607, "dmean": 0.104782484472, "var": 0.0206203404814, "dvar": 0.010487829335, "mean": 0.544055998325}, "erbbands_skewness": {"min": -4.81627178192, "max": 4.3357257843, "dvar2": 0.388610541821, "median": 0.135968610644, "dmean2": 0.672690391541, "dmean": 0.43949764967, "var": 0.569618701935, "dvar": 0.169467777014, "mean": 0.173825740814}, "erbbands_crest": {"min": 2.26547789574, "max": 30.6765956879, "dvar2": 21.4730701447, "median": 8.25952911377, "dmean2": 5.11152029037, "dmean": 3.1793410778, "var": 24.4346961975, "dvar": 8.98686122894, "mean": 9.4192943573}, "melbands": {"min": [2.23394660129e-24, 2.19597261225e-24, 1.67453239845e-24, 1.00346834512e-24, 1.96185664216e-24, 2.94899438325e-24, 1.14513514192e-24, 2.78317779313e-24, 2.07036367082e-24, 3.49521547909e-24, 2.56756080849e-24, 3.99727969133e-24, 2.58297593944e-24, 3.70496609961e-24, 2.63532139645e-24, 3.97588775574e-24, 3.56997661594e-24, 2.10977910594e-24, 4.35665355975e-24, 3.79823075785e-24, 4.20230700718e-24, 6.23286929267e-24, 3.16463976689e-24, 4.63644319574e-24, 4.406877967e-24, 6.77628756572e-24, 4.26649109702e-24, 4.17942333561e-24, 6.23197393554e-24, 4.93653377269e-24, 5.86127241896e-24, 5.59708921269e-24, 5.59460075097e-24, 6.65928450512e-24, 5.71953344139e-24, 6.69937836062e-24, 7.56760656152e-24, 7.55288878361e-24, 7.8060926238e-24, 5.85116001102e-24], "max": [0.0170764606446, 0.0221565589309, 0.0156221883371, 0.00494959019125, 0.00592502113432, 0.00589501578361, 0.00620588148013, 0.00910076498985, 0.0178666934371, 0.0114267216995, 0.0079244999215, 0.0115333385766, 0.0109572196379, 0.0111777093261, 0.00326314009726, 0.00671448325738, 0.00597930327058, 0.00507073523477, 0.00380702759139, 0.00208048895001, 0.00160789175425, 0.00102368649095, 0.000439192750491, 0.000564883288462, 0.000271562894341, 0.000172881380422, 0.000218845758354, 0.00012051055819, 5.21769616171e-05, 4.69812039228e-05, 3.16694677167e-05, 5.07082622789e-05, 4.51575797342e-05, 4.19407951995e-05, 6.06542816968e-05, 3.64458173863e-05, 5.77769897063e-05, 0.000102073252492, 9.32453403948e-05, 2.37451404246e-05], "dvar2": [1.06803845483e-05, 3.39241887559e-05, 9.79324067885e-06, 9.63836896517e-07, 2.80470715097e-07, 8.49291694749e-08, 8.58380317936e-08, 5.66232245092e-07, 1.03847605715e-06, 2.22882562184e-07, 1.91210801859e-07, 1.14009090169e-07, 1.13853907635e-07, 1.21106310758e-07, 4.76248089853e-08, 7.82798679211e-08, 1.12222480197e-07, 6.46668638637e-08, 2.67693884837e-08, 8.76306760489e-09, 3.34740080099e-09, 1.3846964686e-09, 6.13684048023e-10, 2.75116929238e-10, 1.04393452216e-10, 8.28487209392e-11, 6.64519272942e-11, 3.71364050622e-11, 2.10763333869e-11, 1.41638003409e-11, 9.98581339146e-12, 1.8648802988e-11, 1.06306595471e-11, 5.75355605173e-12, 6.94009866936e-12, 4.32928042374e-12, 5.32771743389e-12, 8.61695697435e-12, 6.14391523768e-12, 1.65834652868e-12], "median": [6.55004623695e-05, 0.000193690415472, 0.00010044220835, 7.228301547e-05, 6.14422824583e-05, 3.90978930227e-05, 3.10253089992e-05, 4.64102340629e-05, 3.05065041175e-05, 1.3306321307e-05, 1.6248493921e-05, 1.2408971088e-05, 1.76268331415e-05, 1.53170367412e-05, 1.16980072562e-05, 1.16673481898e-05, 1.43365223266e-05, 9.19846570469e-06, 8.72130112839e-06, 6.80598486724e-06, 4.90086813443e-06, 3.7176062051e-06, 2.84112252302e-06, 2.75859724752e-06, 3.4255308492e-06, 2.20342644752e-06, 1.54683516485e-06, 1.04114553778e-06, 8.94116908512e-07, 8.37679408505e-07, 7.25456175132e-07, 7.58647615839e-07, 6.85961992986e-07, 4.95273582146e-07, 4.6288670319e-07, 2.68375288215e-07, 2.04386026326e-07, 1.66772736065e-07, 1.22924177504e-07, 8.3339386947e-08], "dmean2": [0.00128912786022, 0.00317642977461, 0.00141157547478, 0.000412672554376, 0.000278136256384, 0.000130167958559, 0.000114214024507, 0.000274064659607, 0.000326135195792, 0.000114602094982, 0.000120038137538, 7.52179694246e-05, 8.76924896147e-05, 0.000106416991912, 7.94294755906e-05, 8.61637236085e-05, 9.6261195722e-05, 7.42704578442e-05, 5.42552334082e-05, 3.03610686387e-05, 1.6289181076e-05, 1.28865622173e-05, 9.8772597994e-06, 7.55617929826e-06, 6.17830164629e-06, 5.48724528926e-06, 4.16978491558e-06, 3.26842246068e-06, 2.79113601209e-06, 2.1991866106e-06, 1.95440793505e-06, 2.35004631577e-06, 1.73253511093e-06, 1.11480596843e-06, 1.24972382309e-06, 8.62107640387e-07, 7.56943393299e-07, 7.24542303487e-07, 5.87810632169e-07, 5.7850468238e-07], "dmean": [0.00084619387053, 0.00205504451878, 0.000922769424506, 0.000240855602897, 0.000173081687535, 8.37329134811e-05, 7.33840861358e-05, 0.000180674484, 0.000218739180127, 7.55931832828e-05, 7.76862871135e-05, 4.8794754548e-05, 5.74241494178e-05, 7.12191540515e-05, 5.59900727239e-05, 5.78189501539e-05, 6.33708405076e-05, 4.81746646983e-05, 3.56943710358e-05, 2.04794614547e-05, 1.09458114821e-05, 8.75819478097e-06, 6.61922467771e-06, 5.03532282892e-06, 4.31980606663e-06, 3.98248766942e-06, 2.89121908281e-06, 2.23146912504e-06, 1.79376877441e-06, 1.66258462286e-06, 1.34042556965e-06, 1.50536402543e-06, 1.11419979021e-06, 7.656087746e-07, 8.40339623664e-07, 5.78473986934e-07, 5.22623338384e-07, 4.84954398416e-07, 3.97861015244e-07, 3.80567428238e-07], "var": [5.61541992283e-06, 1.72923955688e-05, 5.37519053978e-06, 2.91837039867e-07, 1.91721738929e-07, 5.74042857693e-08, 6.58600569636e-08, 5.01220654314e-07, 1.09123470793e-06, 2.77192015119e-07, 1.52263339714e-07, 9.09141135708e-08, 1.14984878508e-07, 1.3169339752e-07, 5.08411410749e-08, 7.39363557045e-08, 8.05651723113e-08, 8.16186300767e-08, 2.14628048667e-08, 7.77516273587e-09, 2.0045964888e-09, 9.81860037719e-10, 4.72498429271e-10, 2.35156394357e-10, 1.41728295766e-10, 9.52859111059e-11, 6.83668260892e-11, 3.50530958426e-11, 1.6957227289e-11, 1.74448441803e-11, 9.38102807241e-12, 1.13564071341e-11, 6.73839673296e-12, 4.30955054628e-12, 4.46749104724e-12, 3.45506284173e-12, 4.12454662438e-12, 4.17554792825e-12, 3.1971912097e-12, 1.48110180804e-12], "dvar": [5.24406323166e-06, 1.59732426255e-05, 4.79275558973e-06, 3.53350543492e-07, 1.17193977189e-07, 3.44676074349e-08, 3.84409482024e-08, 2.49904360317e-07, 4.77621313166e-07, 1.01989385826e-07, 8.37302849277e-08, 4.81601070135e-08, 4.94186025435e-08, 6.06942265335e-08, 2.42967193032e-08, 3.42983703661e-08, 4.6504048612e-08, 2.77760019429e-08, 1.21804095699e-08, 3.94148891303e-09, 1.39310163405e-09, 6.17528528313e-10, 2.68126049141e-10, 1.29551799843e-10, 5.68157500214e-11, 4.17570179823e-11, 3.16331925931e-11, 1.76514861755e-11, 9.37781623189e-12, 7.37444653953e-12, 4.46694764511e-12, 7.35965195037e-12, 4.40650857816e-12, 2.5142080258e-12, 2.97848573062e-12, 1.9197746691e-12, 2.42866534175e-12, 3.53197137336e-12, 2.59511054139e-12, 7.83072879543e-13], "mean": [0.000789267010987, 0.00194189103786, 0.000863545923494, 0.000252680474659, 0.000235170999076, 0.000125759441289, 0.000106270701508, 0.00028267284506, 0.000343574240105, 0.000119877317047, 0.00011731361883, 7.41615731386e-05, 9.27496294025e-05, 0.000110466360638, 7.98929395387e-05, 8.80461884663e-05, 9.5036237326e-05, 7.70893821027e-05, 5.23054441146e-05, 3.36923039868e-05, 1.76243866008e-05, 1.37221404657e-05, 1.02546719063e-05, 8.18000899017e-06, 7.47906915421e-06, 6.05632249062e-06, 4.80885046272e-06, 3.54087478627e-06, 2.66295523943e-06, 2.59497937805e-06, 2.02700857699e-06, 2.13085604628e-06, 1.59369767516e-06, 1.20078345844e-06, 1.14655404104e-06, 8.23763059543e-07, 7.17365026048e-07, 6.1288977804e-07, 5.11834286954e-07, 4.41980034793e-07]}, "spectral_entropy": {"min": 5.71466112137, "max": 9.81790351868, "dvar2": 0.113090880215, "median": 7.70438432693, "dmean2": 0.339746624231, "dmean": 0.231542468071, "var": 0.21687977016, "dvar": 0.061346963048, "mean": 7.65963888168}, "spectral_rolloff": {"min": 64.599609375, "max": 19422.9492188, "dvar2": 4364889.5, "median": 1464.2578125, "dmean2": 1343.09741211, "dmean": 821.973815918, "var": 4715298.5, "dvar": 2137847.25, "mean": 1878.1652832}, "barkbands": {"min": [6.80642648964e-25, 6.00775481716e-24, 1.61822626805e-24, 1.91885780637e-24, 6.81968753728e-24, 1.0148455732e-23, 6.43964077998e-24, 1.20297122861e-23, 2.22688128692e-23, 2.03084241e-23, 1.81347036761e-23, 2.31530849232e-23, 2.42959471596e-23, 3.47560818352e-23, 5.59382656287e-23, 4.83092139025e-23, 1.15094036144e-22, 1.13453356922e-22, 1.76112288323e-22, 1.96046058713e-22, 2.69866715591e-22, 3.2765235462e-22, 4.10801045577e-22, 6.60401987621e-22, 8.79691738243e-22, 1.30637112758e-21, 2.0726201743e-21], "max": [0.000602096319199, 0.0656118616462, 0.0746380761266, 0.0324332490563, 0.0199255160987, 0.0251407306641, 0.0561380013824, 0.0945062339306, 0.0683504417539, 0.0738990083337, 0.0777869001031, 0.0753689408302, 0.0534574873745, 0.0474369749427, 0.0508343763649, 0.030761083588, 0.0127967428416, 0.0109575195238, 0.00349806901067, 0.00372789637186, 0.00132044497877, 0.00200281618163, 0.0026530190371, 0.00673589808866, 0.00243445928209, 0.00124267651699, 0.000174588363734], "dvar2": [4.90240070761e-09, 0.000149318730109, 0.000312027026666, 4.17578194174e-05, 1.22243100122e-05, 2.65982953351e-06, 5.57474004381e-06, 3.03341512335e-05, 9.82447181741e-06, 8.41975543153e-06, 5.81697076996e-06, 6.69281826049e-06, 6.58594808556e-06, 1.03664560811e-05, 4.67846439278e-06, 1.41721386626e-06, 3.25552065306e-07, 1.13667653068e-07, 3.92082952771e-08, 3.95549193399e-08, 1.15650671262e-08, 3.16273904843e-08, 1.6489581256e-08, 4.06014848409e-08, 1.45923690908e-08, 3.37831873587e-09, 5.07329074584e-11], "median": [1.74734050233e-05, 0.00032177355024, 0.000356434611604, 0.000114587252028, 0.000401389494073, 0.000212584302062, 0.000138280593092, 0.000194424923393, 8.50924916449e-05, 9.84333528322e-05, 0.000114760230645, 0.000113927701022, 0.000105781015009, 0.000138406263432, 0.000106093510112, 8.53716046549e-05, 6.60374425934e-05, 6.01840911258e-05, 7.00927121215e-05, 3.98364863941e-05, 3.76172283723e-05, 3.82684302167e-05, 2.7645015507e-05, 1.58987859322e-05, 8.78684386407e-06, 7.01620047039e-06, 1.87112277672e-06], "dmean2": [3.62270329788e-05, 0.00518959248438, 0.00858278293163, 0.00240704021417, 0.00169256399386, 0.000785245094448, 0.000725717458408, 0.00193190167192, 0.000815594336018, 0.000744290300645, 0.000632937415503, 0.000858093961142, 0.000858566374518, 0.00101425312459, 0.000720736570656, 0.000346024753526, 0.00022259276011, 0.000156254638568, 0.00013517626212, 0.000108480489871, 7.62796626077e-05, 9.84186553978e-05, 6.2114726461e-05, 5.59113759664e-05, 5.51423872821e-05, 2.90697644232e-05, 4.68909820484e-06], "dmean": [2.26014872169e-05, 0.0033380179666, 0.00535613298416, 0.00141976051964, 0.00104700040538, 0.000499628367834, 0.000473341788165, 0.00127961859107, 0.000538355379831, 0.000480828079162, 0.000411976332543, 0.000569994153921, 0.000578354811296, 0.000661457888782, 0.000479269074276, 0.000232401347603, 0.000150868465425, 0.0001041901196, 0.000101710284071, 7.40107425372e-05, 5.71035561734e-05, 6.37530029053e-05, 4.31580119766e-05, 3.87306427001e-05, 3.70447669411e-05, 2.02202572837e-05, 3.44524801221e-06], "var": [2.3883373057e-09, 9.26603097469e-05, 0.000142686913023, 1.17524159577e-05, 5.44982822248e-06, 1.93579535335e-06, 4.50803509011e-06, 3.04885088553e-05, 1.11082563308e-05, 6.89148146193e-06, 5.55596943741e-06, 7.42897145756e-06, 6.59527222524e-06, 1.05517301563e-05, 4.06028539146e-06, 1.01104274108e-06, 2.67617281224e-07, 9.90632074149e-08, 6.33843981745e-08, 4.21126280514e-08, 2.00931840055e-08, 2.08666559587e-08, 1.34778250782e-08, 2.61834696147e-08, 1.37026425762e-08, 3.13159898013e-09, 8.35060631754e-11], "dvar": [2.09913442184e-09, 7.9851852206e-05, 0.000142098433571, 1.58310685947e-05, 4.89887770527e-06, 1.10490259431e-06, 2.58784461948e-06, 1.37208862725e-05, 4.43322096544e-06, 3.59169507647e-06, 2.51009282692e-06, 3.30482203026e-06, 3.08905578095e-06, 4.36429581896e-06, 2.17482102016e-06, 6.17667467395e-07, 1.46758054598e-07, 5.27384109716e-08, 2.28605383512e-08, 1.96893843452e-08, 6.95260071737e-09, 1.28586075121e-08, 7.50336504041e-09, 1.78530221717e-08, 7.12780989787e-09, 1.73431702333e-09, 2.84891693569e-11], "mean": [3.31679584633e-05, 0.00336680840701, 0.00448850588873, 0.00108217983507, 0.00128999201115, 0.000731712556444, 0.000656583462842, 0.0020070169121, 0.00083220959641, 0.000711733475327, 0.000616489094682, 0.000879014551174, 0.000846503826324, 0.0010522142984, 0.000709460175131, 0.000368829118088, 0.000242200680077, 0.000172865489731, 0.000168385449797, 0.000122986006318, 9.85942097032e-05, 9.46425279835e-05, 6.47710621706e-05, 5.39742832188e-05, 4.42955242761e-05, 2.66511160589e-05, 5.9078479353e-06]}, "melbands_flatness_db": {"min": 0.00334082334302, "max": 0.578480601311, "dvar2": 0.00318335508928, "median": 0.178812712431, "dmean2": 0.0600205250084, "dmean": 0.0406687855721, "var": 0.00522821722552, "dvar": 0.00167070282623, "mean": 0.187571719289}, "melbands_skewness": {"min": -1.94113624096, "max": 20.1075534821, "dvar2": 4.73641252518, "median": 1.90592133999, "dmean2": 1.74035227299, "dmean": 1.18472230434, "var": 5.85722255707, "dvar": 2.54923200607, "mean": 2.5133190155}, "barkbands_skewness": {"min": -3.10823154449, "max": 20.7527751923, "dvar2": 2.25391292572, "median": 1.06660246849, "dmean2": 1.26852691174, "dmean": 0.856744706631, "var": 2.64402961731, "dvar": 1.14887702465, "mean": 1.36594045162}, "silence_rate_60dB": {"min": 0, "max": 1, "dvar2": 0.181388154626, "median": 0, "dmean2": 0.20154812932, "dmean": 0.100759342313, "var": 0.194212943316, "dvar": 0.0906039699912, "mean": 0.263834148645}, "spectral_energyband_low": {"min": 1.77744040794e-23, "max": 0.0887934714556, "dvar2": 0.000490642210934, "median": 0.000948769215029, "dmean2": 0.0128633677959, "dmean": 0.00833197962493, "var": 0.000312551652314, "dvar": 0.000260374799836, "mean": 0.00863702129573}, "spectral_energyband_middle_low": {"min": 1.68624180797e-22, "max": 0.102080583572, "dvar2": 0.000144896563143, "median": 0.00289250607602, "dmean2": 0.00663919048384, "dmean": 0.00422531133518, "var": 9.8098651506e-05, "dvar": 5.84409208386e-05, "mean": 0.0069019086659}, "melbands_kurtosis": {"min": -1.92351925373, "max": 578.451171875, "dvar2": 3186.65039062, "median": 4.77774381638, "dmean2": 21.7873916626, "dmean": 13.7590026855, "var": 1616.00146484, "dvar": 1381.66394043, "mean": 16.1508808136}, "spectral_decrease": {"min": -3.719446795e-08, "max": 1.46981448344e-28, "dvar2": 3.89060893869e-17, "median": -2.04496708456e-09, "dmean2": 4.26219948224e-09, "dmean": 2.98291236156e-09, "var": 4.256920579e-17, "dvar": 2.20118154218e-17, "mean": -5.1254591682e-09}, "erbbands_kurtosis": {"min": -1.76480567455, "max": 34.8337669373, "dvar2": 7.12339019775, "median": 0.00807023048401, "dmean2": 1.79705345631, "dmean": 1.13742363453, "var": 5.58578062057, "dvar": 3.0050008297, "mean": 0.673403143883}, "melbands_crest": {"min": 1.58213889599, "max": 34.7097663879, "dvar2": 29.068145752, "median": 13.9161262512, "dmean2": 6.65622615814, "dmean": 4.24199914932, "var": 33.8636550903, "dvar": 13.0184869766, "mean": 14.5934019089}, "gfcc": {"cov": [[20433.9980469, 319.835723877, -1543.24108887, -177.778274536, -607.289306641, 183.263214111, -410.867889404, 129.170791626, -188.655883789, 114.334976196, -317.244903564, -193.125015259, -164.016708374], [319.835723877, 1507.78710938, -283.180297852, -112.52835083, 68.7303237915, -122.335472107, 36.276512146, -120.76725769, 101.034194946, -20.1479263306, 41.7316322327, -108.561164856, -6.37471294403], [-1543.24108887, -283.180297852, 1017.61077881, 394.460449219, 157.011627197, 140.451568604, 45.5781478882, 113.661628723, -20.6029415131, 31.7993278503, 45.1034240723, 96.6378860474, 2.06078481674], [-177.778274536, -112.52835083, 394.460449219, 606.674499512, 245.344497681, 4.05972194672, 32.4917602539, -26.4708843231, -22.4067840576, -29.0400867462, -45.0134353638, 37.2542533875, 2.51700234413], [-607.289306641, 68.7303237915, 157.011627197, 245.344497681, 363.096679688, 50.0385742188, 132.378372192, -7.52250671387, 2.36854171753, 0.515513122082, -5.19600629807, 13.6542062759, -4.80570840836], [183.263214111, -122.335472107, 140.451568604, 4.05972194672, 50.0385742188, 244.72756958, 94.7669830322, 81.1950302124, -9.39450550079, 42.5367279053, 36.0749206543, 14.0163269043, -4.97553348541], [-410.867889404, 36.276512146, 45.5781478882, 32.4917602539, 132.378372192, 94.7669830322, 266.688934326, 48.0653800964, 12.3356361389, -2.6944668293, 41.6923904419, 19.1404132843, -23.6624584198], [129.170791626, -120.76725769, 113.661628723, -26.4708843231, -7.52250671387, 81.1950302124, 48.0653800964, 168.335754395, 56.3030128479, 46.6259498596, 23.3737430573, 13.1878194809, 7.23735713959], [-188.655883789, 101.034194946, -20.6029415131, -22.4067840576, 2.36854171753, -9.39450550079, 12.3356361389, 56.3030128479, 145.145477295, 50.2073974609, 23.8787174225, -15.6039609909, 7.48769760132], [114.334976196, -20.1479263306, 31.7993278503, -29.0400867462, 0.515513122082, 42.5367279053, -2.6944668293, 46.6259498596, 50.2073974609, 97.3448791504, 47.7575340271, 4.19031095505, -9.35412216187], [-317.244903564, 41.7316322327, 45.1034240723, -45.0134353638, -5.19600629807, 36.0749206543, 41.6923904419, 23.3737430573, 23.8787174225, 47.7575340271, 103.468017578, 42.4578056335, 7.71661996841], [-193.125015259, -108.561164856, 96.6378860474, 37.2542533875, 13.6542062759, 14.0163269043, 19.1404132843, 13.1878194809, -15.6039609909, 4.19031095505, 42.4578056335, 104.985717773, 43.6096916199], [-164.016708374, -6.37471294403, 2.06078481674, 2.51700234413, -4.80570840836, -4.97553348541, -23.6624584198, 7.23735713959, 7.48769760132, -9.35412216187, 7.71661996841, 43.6096916199, 102.106010437]], "icov": [[8.81884116097e-05, -9.37168879318e-05, 0.0002343897213, -0.00020258440054, 0.000194693900994, -0.000201215472771, 0.000121031793242, -0.000300339073874, 0.000284840498352, -0.000334670912707, 0.000393521884689, -0.000252594734775, 0.000211363265407], [-9.37168879318e-05, 0.00107605149969, -0.000216163214645, 0.000389651831938, -0.000581493717618, 0.000510147889145, -0.000237859407207, 0.00104447465856, -0.0010513990419, 0.00102115666959, -0.0016678996617, 0.00166114815511, -0.000633045390714], [0.0002343897213, -0.000216163214645, 0.00242126453668, -0.00173184589949, 0.000397532887291, -0.00114638463128, 0.000933592964429, -0.00211232504807, 0.00113424740266, -0.000509013596456, 3.09206006932e-05, -0.0015361775877, 0.00120972178411], [-0.00020258440054, 0.000389651831938, -0.00173184589949, 0.00387004949152, -0.00230709603056, 0.000845623435453, -8.94668046385e-05, 0.00177506625187, -0.0012676595943, 0.00107361923438, 0.000773926498368, -0.00015655173047, -0.000375777803129], [0.000194693900994, -0.000581493717618, 0.000397532887291, -0.00230709603056, 0.00562288379297, -0.000800121692009, -0.00238672853447, 0.000332404568326, 0.000731419539079, -0.002648381982, 0.00246715941466, -0.000721672666259, -0.000200212482014], [-0.000201215472771, 0.000510147889145, -0.00114638463128, 0.000845623435453, -0.000800121692009, 0.00713475653902, -0.00235648523085, -0.00132641161326, 0.00182324892376, -0.00200633797795, -0.00155702442862, 0.00231362204067, -0.00161914015189], [0.000121031793242, -0.000237859407207, 0.000933592964429, -8.94668046385e-05, -0.00238672853447, -0.00235648523085, 0.00718859536573, -0.00244938558899, -0.000552957586478, 0.00396625231951, -0.00290917535312, -0.00156740797684, 0.00306850485504], [-0.000300339073874, 0.00104447465856, -0.00211232504807, 0.00177506625187, 0.000332404568326, -0.00132641161326, -0.00244938558899, 0.0120129808784, -0.0051481127739, -0.00141705817077, 0.000802426075097, 0.000712675682735, -0.00200379476883], [0.000284840498352, -0.0010513990419, 0.00113424740266, -0.0012676595943, 0.000731419539079, 0.00182324892376, -0.000552957586478, -0.0051481127739, 0.0125936176628, -0.00666243955493, 0.000580653257202, 0.0018161382759, -0.00159314682242], [-0.000334670912707, 0.00102115666959, -0.000509013596456, 0.00107361923438, -0.002648381982, -0.00200633797795, 0.00396625231951, -0.00141705817077, -0.00666243955493, 0.0221614278853, -0.0112234475091, 0.00210679182783, 0.0027743645478], [0.000393521884689, -0.0016678996617, 3.09206006932e-05, 0.000773926498368, 0.00246715941466, -0.00155702442862, -0.00290917535312, 0.000802426075097, 0.000580653257202, -0.0112234475091, 0.0226488951594, -0.0101885618642, 0.00138657528441], [-0.000252594734775, 0.00166114815511, -0.0015361775877, -0.00015655173047, -0.000721672666259, 0.00231362204067, -0.00156740797684, 0.000712675682735, 0.0018161382759, 0.00210679182783, -0.0101885618642, 0.0199865046889, -0.00830861367285], [0.000211363265407, -0.000633045390714, 0.00120972178411, -0.000375777803129, -0.000200212482014, -0.00161914015189, 0.00306850485504, -0.00200379476883, -0.00159314682242, 0.0027743645478, 0.00138657528441, -0.00830861367285, 0.0146582359448]], "mean": [-54.7525978088, 70.5834732056, -115.242805481, 20.242225647, -48.1435775757, 12.5145244598, -32.1378364563, 1.23258090019, -20.2572288513, 3.30146884918, -17.697221756, -0.495389342308, -18.1068687439]}, "melbands_spread": {"min": 0.391906559467, "max": 257.504333496, "dvar2": 484.197601318, "median": 22.166595459, "dmean2": 17.4324016571, "dmean": 11.338350296, "var": 563.569152832, "dvar": 237.762084961, "mean": 27.7238922119}, "spectral_energy": {"min": 1.00854319303e-20, "max": 0.150742962956, "dvar2": 0.000576469523367, "median": 0.00864557363093, "dmean2": 0.0165963862091, "dmean": 0.0117010297254, "var": 0.000673711241689, "dvar": 0.000328961614287, "mean": 0.0207678899169}, "mfcc": {"cov": [[13056.6191406, 727.135742188, -874.646606445, -237.584335327, -270.588012695, -66.9622497559, -210.087509155, -158.399581909, 59.0095748901, 69.2610855103, 75.2792892456, -89.9452362061, -182.405853271], [727.135742188, 1400.39733887, -276.319671631, -62.082069397, -70.5853500366, 2.5622651577, -54.0869598389, -46.8096389771, -29.5054264069, 14.2661991119, 76.2028884888, 38.846786499, -43.3809585571], [-874.646606445, -276.319671631, 790.664733887, 166.299484253, 173.462127686, 34.8023376465, 91.323059082, 81.0188980103, 15.0129518509, -5.17700386047, 12.6102600098, 36.9898223877, 68.7638626099], [-237.584335327, -62.082069397, 166.299484253, 584.885131836, 209.290771484, 126.83631897, 33.3636665344, 40.7931938171, 30.6834697723, -15.3274116516, -76.1319198608, -23.2244911194, 24.785282135], [-270.588012695, -70.5853500366, 173.462127686, 209.290771484, 256.728485107, 82.0685577393, 30.1150283813, 9.93016433716, 40.9947471619, 10.6966762543, -12.3538694382, 0.484236359596, 23.169418335], [-66.9622497559, 2.5622651577, 34.8023376465, 126.83631897, 82.0685577393, 195.818695068, 114.266792297, 45.6134986877, 8.15161418915, 8.66851425171, 2.10270810127, 4.37381887436, 5.13956022263], [-210.087509155, -54.0869598389, 91.323059082, 33.3636665344, 30.1150283813, 114.266792297, 238.544998169, 97.3633804321, 21.3974380493, 9.78799724579, 17.0363140106, 24.289598465, 47.3670272827], [-158.399581909, -46.8096389771, 81.0188980103, 40.7931938171, 9.93016433716, 45.6134986877, 97.3633804321, 130.613601685, 46.0245399475, 22.5278682709, 6.85584354401, 16.0649337769, 37.345539093], [59.0095748901, -29.5054264069, 15.0129518509, 30.6834697723, 40.9947471619, 8.15161418915, 21.3974380493, 46.0245399475, 109.94355011, 42.7611083984, 5.81047439575, 2.30744719505, 11.7007417679], [69.2610855103, 14.2661991119, -5.17700386047, -15.3274116516, 10.6966762543, 8.66851425171, 9.78799724579, 22.5278682709, 42.7611083984, 112.091621399, 68.7763671875, 16.95378685, -11.4710712433], [75.2792892456, 76.2028884888, 12.6102600098, -76.1319198608, -12.3538694382, 2.10270810127, 17.0363140106, 6.85584354401, 5.81047439575, 68.7763671875, 124.297264099, 52.1612243652, -13.1578350067], [-89.9452362061, 38.846786499, 36.9898223877, -23.2244911194, 0.484236359596, 4.37381887436, 24.289598465, 16.0649337769, 2.30744719505, 16.95378685, 52.1612243652, 91.7595672607, 47.9762687683], [-182.405853271, -43.3809585571, 68.7638626099, 24.785282135, 23.169418335, 5.13956022263, 47.3670272827, 37.345539093, 11.7007417679, -11.4710712433, -13.1578350067, 47.9762687683, 120.266723633]], "icov": [[8.65049587446e-05, -2.57456867985e-05, 6.31005314062e-05, -1.17321642392e-05, 6.98484655004e-05, -3.64553852705e-05, 3.20255749102e-05, 7.60848124628e-05, -0.000126819330035, 2.45900610025e-05, -0.000100971592474, 0.000101116842416, 3.41487725564e-06], [-2.57456867985e-05, 0.00083153648302, 0.000272541277809, -9.35265343287e-05, 4.52682543255e-05, -0.000125291277072, 0.000159120201715, -6.27781810181e-06, 9.3611619377e-05, 0.000309068273054, -0.000614211952779, -0.000332844560035, 0.000146201986354], [6.31005314062e-05, 0.000272541277809, 0.00189877022058, -0.000238003369304, -0.00125404517166, 0.000746652716771, -0.000296541460557, -0.001058113412, 0.000596799538471, 0.000615455850493, -0.000924186955672, -0.000122809287859, -0.000239019398578], [-1.17321642392e-05, -9.35265343287e-05, -0.000238003369304, 0.00296170916408, -0.001853972557, -0.00132528168615, 0.000722303579096, -0.000887527537998, 0.000298708939226, -0.000541162095033, 0.00209834030829, -0.000257997569861, 0.000130918619107], [6.98484655004e-05, 4.52682543255e-05, -0.00125404517166, -0.001853972557, 0.00752723775804, -0.00242458027788, 0.000354969670298, 0.00285902991891, -0.00301812705584, -0.000148277147673, -0.000704162637703, 0.000716881128028, -0.00123627425637], [-3.64553852705e-05, -0.000125291277072, 0.000746652716771, -0.00132528168615, -0.00242458027788, 0.00962709914893, -0.00455863494426, -0.000921250903048, 0.00170226837508, -0.000510343932547, 0.00026477171923, -0.000864008208737, 0.00204224558547], [3.20255749102e-05, 0.000159120201715, -0.000296541460557, 0.000722303579096, 0.000354969670298, -0.00455863494426, 0.00863543059677, -0.00444141915068, 0.000105798149889, 0.00116012629587, -0.00172881968319, 0.000897745543625, -0.00221571954899], [7.60848124628e-05, -6.27781810181e-06, -0.001058113412, -0.000887527537998, 0.00285902991891, -0.000921250903048, -0.00444141915068, 0.0147347236052, -0.00516735296696, -0.001501078601, 0.000381399528123, 0.00020039100491, -0.0021152633708], [-0.000126819330035, 9.3611619377e-05, 0.000596799538471, 0.000298708939226, -0.00301812705584, 0.00170226837508, 0.000105798149889, -0.00516735296696, 0.0142634855583, -0.00576185388491, 0.00278506474569, -0.000417966075474, 4.4417942263e-05], [2.45900610025e-05, 0.000309068273054, 0.000615455850493, -0.000541162095033, -0.000148277147673, -0.000510343932547, 0.00116012629587, -0.001501078601, -0.00576185388491, 0.0179312545806, -0.0116571169347, 0.00308764935471, -0.000268216943368], [-0.000100971592474, -0.000614211952779, -0.000924186955672, 0.00209834030829, -0.000704162637703, 0.00026477171923, -0.00172881968319, 0.000381399528123, 0.00278506474569, -0.0116571169347, 0.0222408138216, -0.0124775422737, 0.00643602292985], [0.000101116842416, -0.000332844560035, -0.000122809287859, -0.000257997569861, 0.000716881128028, -0.000864008208737, 0.000897745543625, 0.00020039100491, -0.000417966075474, 0.00308764935471, -0.0124775422737, 0.0229291822761, -0.0105370515957], [3.41487725564e-06, 0.000146201986354, -0.000239019398578, 0.000130918619107, -0.00123627425637, 0.00204224558547, -0.00221571954899, -0.0021152633708, 4.4417942263e-05, -0.000268216943368, 0.00643602292985, -0.0105370515957, 0.0150404665619]], "mean": [-696.439575195, 109.891319275, -7.85189008713, 14.8003368378, 2.96048283577, 12.0039825439, -1.8531293869, 2.44815373421, -2.96531772614, 2.953779459, 1.90827596188, -1.34757328033, -0.261058181524]}, "spectral_contrast_valleys": {"min": [-28.1862754822, -27.5699443817, -27.7886390686, -27.6725158691, -27.4520893097, -27.4079246521], "max": [-5.59334135056, -5.11036348343, -5.0534119606, -5.30406904221, -5.59387111664, -7.63384580612], "dvar2": [0.758711099625, 0.429483413696, 0.361558139324, 0.355652928352, 0.434017121792, 0.442873924971], "median": [-8.01591300964, -7.30013751984, -7.656478405, -7.74634361267, -7.88166904449, -10.5001392365], "dmean2": [0.894199490547, 0.705231189728, 0.620804429054, 0.568602502346, 0.616620063782, 0.681415975094], "dmean": [0.609582841396, 0.482927531004, 0.424686312675, 0.405351668596, 0.456564575434, 0.561284184456], "var": [3.02010774612, 3.22946119308, 3.18255233765, 3.25122284889, 3.16512656212, 2.9317047596], "dvar": [0.389906704426, 0.253632426262, 0.207584261894, 0.212829068303, 0.278940409422, 0.340768665075], "mean": [-8.23806285858, -7.58354139328, -7.9165725708, -8.03511333466, -8.15134525299, -10.7608337402]}, "barkbands_flatness_db": {"min": 0.0175135713071, "max": 0.438465207815, "dvar2": 0.00200571515597, "median": 0.109304182231, "dmean2": 0.0467929169536, "dmean": 0.0312354583293, "var": 0.00314894644544, "dvar": 0.00103594327811, "mean": 0.119319081306}, "dynamic_complexity": 5.81127023697, "erbbands_flatness_db": {"min": 0.0278675425798, "max": 0.394208282232, "dvar2": 0.000877100217622, "median": 0.141068592668, "dmean2": 0.0329923816025, "dmean": 0.0242993142456, "var": 0.00297741079703, "dvar": 0.000567984825466, "mean": 0.151