{"lowlevel": {"spectral_complexity": {"min": 0, "max": 64, "dvar2": 34.3896331787, "median": 22, "dmean2": 5.49315881729, "dmean": 3.61312651634, "var": 150.237045288, "dvar": 18.6160087585, "mean": 22.8086185455}, "silence_rate_20dB": {"min": 1, "max": 1, "dvar2": 0, "median": 1, "dmean2": 0, "dmean": 0, "var": 0, "dvar": 0, "mean": 1}, "average_loudness": 0.874925792217, "erbbands_spread": {"min": 0.891198933125, "max": 149.791000366, "dvar2": 135.812911987, "median": 39.2568778992, "dmean2": 11.7712717056, "dmean": 7.49979686737, "var": 289.675170898, "dvar": 58.1389656067, "mean": 41.0252342224}, "spectral_kurtosis": {"min": -1.21901488304, "max": 155.621704102, "dvar2": 12.2547664642, "median": 3.01186847687, "dmean2": 1.37984645367, "dmean": 0.839363276958, "var": 35.0845413208, "dvar": 4.55220746994, "mean": 3.63703751564}, "barkbands_kurtosis": {"min": -1.92964947224, "max": 182.685089111, "dvar2": 47.8560295105, "median": 0.666230916977, "dmean2": 3.13865375519, "dmean": 1.91190588474, "var": 63.2088241577, "dvar": 18.9463577271, "mean": 2.4720697403}, "spectral_strongpeak": {"min": 0, "max": 15.5523071289, "dvar2": 2.03629875183, "median": 0.305294603109, "dmean2": 0.857680380344, "dmean": 0.495006561279, "var": 1.27402210236, "dvar": 0.785858333111, "mean": 0.778732359409}, "spectral_spread": {"min": 626674.8125, "max": 40998876, "dvar2": 927317426176, "median": 5367192, "dmean2": 756957.875, "dmean": 525723.75, "var": 2321882284030.0, "dvar": 489251045376, "mean": 5507505}, "spectral_rms": {"min": 3.22084373061e-12, "max": 0.0136992735788, "dvar2": 2.6188990887e-06, "median": 0.00475836079568, "dmean2": 0.00121762941126, "dmean": 0.000776935601607, "var": 4.60135424873e-06, "dvar": 1.11733220365e-06, "mean": 0.00469342712313}, "erbbands": {"min": [2.41294325065e-22, 5.57368271567e-21, 6.05836612598e-21, 1.81964225125e-20, 3.87884020843e-20, 7.79748848383e-20, 1.0388786849e-19, 2.79103844318e-19, 3.4025407583e-19, 4.65325697303e-19, 4.12039652821e-19, 8.33862319047e-19, 6.24919598244e-19, 1.16229443296e-18, 2.03774165464e-18, 1.57930492427e-18, 2.85229473476e-18, 2.19210472388e-18, 2.46534750242e-18, 3.35540459488e-18, 4.73473757209e-18, 6.22716206227e-18, 8.5540715834e-18, 1.1776900426e-17, 1.05669659732e-17, 1.13871271311e-17, 1.39066067804e-17, 1.21050355304e-17, 1.24129899093e-17, 1.70081717723e-17, 1.15273160469e-17, 1.40213532749e-17, 1.20630164096e-17, 1.09113129904e-17, 7.95458566934e-18, 4.1536332656e-18, 2.36458553008e-18, 1.32305067776e-18, 2.98364124496e-19, 3.28744193648e-20], "max": [3.77986931801, 41.0889091492, 73.6188659668, 134.380874634, 114.126365662, 153.961746216, 177.151351929, 237.698074341, 426.86819458, 893.965942383, 1266.24560547, 625.206787109, 1179.01525879, 1409.42480469, 2086.4230957, 1853.8416748, 919.237182617, 766.416992188, 1345.30871582, 882.857543945, 1097.90991211, 667.404052734, 873.202392578, 758.240722656, 1101.58312988, 698.215270996, 477.418182373, 520.268188477, 699.980834961, 936.461425781, 581.490661621, 288.263793945, 109.415214539, 81.03565979, 58.5931968689, 21.3520202637, 5.6835474968, 1.44773328304, 0.317439198494, 0.0212099011987], "dvar2": [0.277153968811, 28.3599472046, 75.8017654419, 69.3584365845, 94.6094436646, 133.293792725, 167.303543091, 408.369506836, 341.67300415, 2808.42138672, 7945.16113281, 2125.19360352, 2337.06713867, 2443.38989258, 7739.10986328, 5570.79638672, 2957.78442383, 1983.69567871, 3554.46728516, 2495.22192383, 1704.84777832, 1218.19055176, 1982.7611084, 939.208679199, 1230.4942627, 1253.00817871, 1147.17602539, 1170.31665039, 979.038024902, 1209.04699707, 421.638366699, 164.018554688, 44.268283844, 16.0614833832, 10.6988658905, 1.93147408962, 0.250620186329, 0.0254040956497, 0.000711013271939, 4.95719041282e-06], "median": [0.0790857896209, 0.749800801277, 2.43299841881, 3.91719913483, 4.43056678772, 3.25248146057, 2.40457773209, 2.35207700729, 3.44980216026, 7.26565313339, 9.11502933502, 13.445019722, 11.4757118225, 14.8114309311, 16.0796375275, 19.8466434479, 19.3138980865, 15.6359825134, 15.7291460037, 15.3804922104, 14.6755065918, 13.605884552, 13.3472204208, 10.2654237747, 10.4394016266, 9.26372337341, 5.56433439255, 5.684466362, 6.41160678864, 4.62037467957, 3.48510408401, 2.47378015518, 1.55817270279, 0.834616243839, 0.428584843874, 0.168245971203, 0.0527310334146, 0.0125865601003, 0.00178529042751, 0.000158438051585], "dmean2": [0.237039282918, 2.26283669472, 4.64671373367, 5.11203813553, 5.91934537888, 6.18023681641, 5.06485080719, 6.45561695099, 8.01013469696, 22.085105896, 32.2526512146, 25.4434299469, 20.6168212891, 24.0236530304, 34.1743507385, 36.6826553345, 32.3539962769, 25.6014232635, 28.5713424683, 23.7632274628, 20.4840946198, 18.0933265686, 20.6910495758, 15.4328327179, 15.3365926743, 14.3480272293, 11.6643686295, 11.5202960968, 11.6665420532, 10.1874780655, 7.06856393814, 5.21311903, 3.13978242874, 1.76411056519, 1.19882369041, 0.554949820042, 0.211690381169, 0.0628542453051, 0.010328726843, 0.000909026362933], "dmean": [0.139160588384, 1.33517491817, 2.70602321625, 3.0624601841, 3.61931180954, 3.69461464882, 2.98778176308, 3.86316537857, 4.97769594193, 13.8896484375, 20.5452575684, 16.3066558838, 13.1368865967, 15.5284862518, 21.58801651, 22.7565612793, 19.8175430298, 15.6085100174, 17.7106895447, 14.8518705368, 12.9012327194, 11.1631603241, 12.767583847, 9.65030288696, 9.47546863556, 8.76184368134, 7.02053451538, 7.03800582886, 7.45328807831, 6.53977489471, 4.57375335693, 3.4727036953, 2.17679023743, 1.24940299988, 0.830913364887, 0.388660371304, 0.15124951303, 0.0437789671123, 0.00716670090333, 0.000624145963229], "var": [0.112389035523, 11.3825111389, 30.5989074707, 42.2585487366, 65.7164154053, 91.7301712036, 72.7454223633, 133.978408813, 247.723937988, 1809.01843262, 6882.78222656, 2529.82861328, 2313.01196289, 3237.60864258, 9143.71484375, 5507.32958984, 2411.57592773, 1805.75500488, 3479.53149414, 1859.32714844, 1837.64306641, 1134.69616699, 1792.24487305, 890.54119873, 964.186584473, 774.063415527, 569.636047363, 596.331542969, 718.10168457, 813.529846191, 321.338592529, 143.550918579, 51.2262268066, 18.6466674805, 8.91777324677, 1.66499173641, 0.228206560016, 0.017892004922, 0.000512513914146, 3.3944304505e-06], "dvar": [0.103959307075, 10.8735675812, 26.4958610535, 25.4888916016, 35.6820030212, 52.3365402222, 60.3796272278, 147.787094116, 140.529296875, 1121.94689941, 3258.92651367, 894.016479492, 1021.51843262, 1162.11853027, 3159.04125977, 2162.86279297, 1146.2130127, 767.356567383, 1439.03601074, 1056.0604248, 729.22454834, 495.574188232, 808.726806641, 409.645568848, 525.817749023, 501.782196045, 431.573791504, 437.117736816, 421.775939941, 541.813354492, 189.577041626, 74.5277633667, 21.4323329926, 7.92816543579, 4.93634748459, 0.908856272697, 0.124558217824, 0.0116982562467, 0.000333887466695, 2.31644821724e-06], "mean": [0.176739543676, 1.6591937542, 4.08737468719, 5.61667823792, 6.73111581802, 6.10513782501, 4.64313554764, 5.52231740952, 8.25557613373, 22.3600940704, 35.9459381104, 31.3084926605, 23.8801460266, 29.374124527, 40.0350189209, 41.7099304199, 35.0323104858, 29.3993682861, 33.7960510254, 27.8613777161, 26.4677009583, 23.5627269745, 25.5517597198, 20.1282482147, 19.3883285522, 17.8661746979, 13.1148958206, 13.5090732574, 14.939412117, 12.3249101639, 8.91384124756, 6.54639482498, 4.20195150375, 2.41371703148, 1.42755639553, 0.630999326706, 0.230339214206, 0.0620631575584, 0.010132221505, 0.00085156224668]}, "zerocrossingrate": {"min": 0, "max": 0.51953125, "dvar2": 0.000249639182584, "median": 0.0791015625, "dmean2": 0.0149403307587, "dmean": 0.0125057185069, "var": 0.00140956381802, "dvar": 0.000197883593501, "mean": 0.0844352394342}, "spectral_contrast_coeffs": {"min": [-0.974798202515, -0.973926901817, -0.980604946613, -0.991193830967, -0.991336643696, -0.962193131447], "max": [-0.327357500792, -0.411281138659, -0.450609564781, -0.549382686615, -0.440098643303, -0.520535469055], "dvar2": [0.00420755147934, 0.00355220492929, 0.00224560196511, 0.00145641446579, 0.000713075860403, 0.000682493962813], "median": [-0.678888261318, -0.753922224045, -0.759669959545, -0.771802961826, -0.785568714142, -0.75472253561], "dmean2": [0.0802535414696, 0.0733298063278, 0.0607927888632, 0.0483879484236, 0.0334130078554, 0.0286309253424], "dmean": [0.0477366670966, 0.0449263267219, 0.0374555662274, 0.0296495519578, 0.0204832758754, 0.0180599801242], "var": [0.0045905681327, 0.00568746728823, 0.00371818151325, 0.00247942679562, 0.00154917559121, 0.00141561066266], "dvar": [0.00150558468886, 0.00135920173489, 0.00087807275122, 0.000567238777876, 0.000284540059511, 0.000279777072137], "mean": [-0.677340567112, -0.74392157793, -0.75493067503, -0.767791330814, -0.782336950302, -0.756645917892]}, "dissonance": {"min": 0.166730254889, "max": 0.500000059605, "dvar2": 0.000713582150638, "median": 0.478258013725, "dmean2": 0.0259586144239, "dmean": 0.0152927124873, "var": 0.000560233485885, "dvar": 0.000257872481598, "mean": 0.472475141287}, "spectral_energyband_high": {"min": 7.70113712899e-21, "max": 0.0437428578734, "dvar2": 8.15855219116e-06, "median": 0.000889900024049, "dmean2": 0.0011358660413, "dmean": 0.000812371086795, "var": 8.47233150125e-06, "dvar": 3.81664403903e-06, "mean": 0.00192713155411}, "spectral_skewness": {"min": -0.0720712915063, "max": 10.3320617676, "dvar2": 0.0731306746602, "median": 1.39341235161, "dmean2": 0.223042577505, "dmean": 0.138553544879, "var": 0.255737870932, "dvar": 0.0289828367531, "mean": 1.42055392265}, "spectral_flux": {"min": 6.87906537289e-11, "max": 0.367804288864, "dvar2": 0.00236451043747, "median": 0.0776210650802, "dmean2": 0.0348704494536, "dmean": 0.0216811913997, "var": 0.00248609855771, "dvar": 0.000983655452728, "mean": 0.0830048471689}, "silence_rate_30dB": {"min": 0, "max": 1, "dvar2": 0.0474621132016, "median": 1, "dmean2": 0.0343905650079, "dmean": 0.0171943809837, "var": 0.00996431428939, "dvar": 0.0168999079615, "mean": 0.989935517311}, "spectral_energyband_middle_high": {"min": 1.34945833157e-21, "max": 0.0511857941747, "dvar2": 1.9217881345e-05, "median": 0.00475549604744, "dmean2": 0.00295897619799, "dmean": 0.00191860634368, "var": 3.7488527596e-05, "dvar": 8.28857264423e-06, "mean": 0.00637153955176}, "barkbands_spread": {"min": 0.561273097992, "max": 117.046867371, "dvar2": 123.708686829, "median": 30.0677089691, "dmean2": 10.3244810104, "dmean": 6.59679222107, "var": 232.809173584, "dvar": 54.0329856873, "mean": 31.6161155701}, "spectral_centroid": {"min": 166.236724854, "max": 11746.4179688, "dvar2": 153537.828125, "median": 1691.08654785, "dmean2": 371.607177734, "dmean": 236.121566772, "var": 349180.40625, "dvar": 72150.3125, "mean": 1708.38012695}, "pitch_salience": {"min": 0.0147353224456, "max": 0.917220711708, "dvar2": 0.0101027227938, "median": 0.564586877823, "dmean2": 0.110160961747, "dmean": 0.0666528791189, "var": 0.0111403996125, "dvar": 0.00374464411288, "mean": 0.557834029198}, "erbbands_skewness": {"min": -5.58956432343, "max": 3.82887482643, "dvar2": 0.180266499519, "median": 0.171309560537, "dmean2": 0.453201323748, "dmean": 0.288230806589, "var": 0.520793378353, "dvar": 0.0800916478038, "mean": 0.247650682926}, "erbbands_crest": {"min": 1.88330698013, "max": 31.9651660919, "dvar2": 13.5518245697, "median": 7.07516860962, "dmean2": 3.92335629463, "dmean": 2.4111123085, "var": 17.3910598755, "dvar": 5.47784948349, "mean": 8.09690093994}, "melbands": {"min": [5.49262391289e-24, 4.72895725283e-24, 3.49227776108e-24, 3.38782863293e-24, 3.5113942274e-24, 5.85084998868e-24, 5.8424273208e-24, 5.31306812681e-24, 3.59882131494e-24, 5.87877290372e-24, 2.74795298434e-24, 4.45936995492e-24, 7.43863490326e-24, 3.53951632981e-24, 4.64632801731e-24, 7.54372143103e-24, 3.29041594683e-24, 2.66374149106e-24, 3.31671913321e-24, 5.4198944873e-24, 5.48305266352e-24, 6.61044770419e-24, 5.48190960407e-24, 7.84063526512e-24, 8.79822168505e-24, 7.54594049676e-24, 8.86978004663e-24, 6.39286803362e-24, 7.75146400612e-24, 7.81437645217e-24, 7.05416381958e-24, 6.58482629085e-24, 7.46150713635e-24, 8.42709102814e-24, 6.65559973583e-24, 6.04890771844e-24, 7.82977659476e-24, 7.56262174946e-24, 8.98930825099e-24, 8.93070140776e-24], "max": [0.0411620028317, 0.0374823622406, 0.0199467223138, 0.00745351193473, 0.00759948743507, 0.00492050265893, 0.00931958202273, 0.0118766762316, 0.00985860265791, 0.00455158157274, 0.0057266918011, 0.00632678112015, 0.00569251831621, 0.00424719695002, 0.00449603470042, 0.00242812559009, 0.00174516090192, 0.002746560378, 0.00158674654085, 0.00141089700628, 0.00192375411279, 0.00111261359416, 0.000682321609929, 0.000719520379789, 0.000792526232544, 0.000744612305425, 0.000740016752388, 0.000409645552281, 0.00033251818968, 0.000363635597751, 0.000260414672084, 0.000312050018692, 0.000640120590106, 0.000528433884028, 0.000410161388572, 0.000184651493328, 0.00027796937502, 8.28197589726e-05, 7.82019997132e-05, 8.28794727568e-05], "dvar2": [2.95467671094e-05, 2.72802099062e-05, 1.9168687686e-06, 4.97418568557e-07, 2.17653962409e-07, 1.79345477136e-07, 1.04735313755e-07, 3.93730545056e-07, 4.46533420018e-07, 9.54463033054e-08, 5.95812323922e-08, 3.86668901342e-08, 6.8494287575e-08, 4.75698769264e-08, 1.71745533351e-08, 2.15349391652e-08, 8.95878748963e-09, 9.96667903763e-09, 1.0036671938e-08, 4.4880210659e-09, 3.23968962768e-09, 1.81630754881e-09, 1.58661273009e-09, 1.4392641523e-09, 7.53912654528e-10, 5.62355162437e-10, 1.16061604771e-09, 5.23279142239e-10, 5.09075559485e-10, 4.74541239637e-10, 4.40754016617e-10, 3.02414288056e-10, 4.77520023523e-10, 4.36227803879e-10, 1.87060478218e-10, 7.4071727918e-11, 9.59668941536e-11, 2.40928700601e-11, 2.18083277131e-11, 1.148850199e-11], "median": [0.000828488788102, 0.00129053089768, 0.000763227290008, 0.000300992658595, 9.52832415351e-05, 5.3712130466e-05, 5.5238531786e-05, 8.14952145447e-05, 6.80105076754e-05, 7.81166090746e-05, 4.97547771374e-05, 5.29800163349e-05, 5.07824661327e-05, 5.32463491254e-05, 3.99931013817e-05, 3.69653571397e-05, 2.3360549676e-05, 2.14229730773e-05, 2.17797423829e-05, 1.72857871803e-05, 1.50121086335e-05, 1.32642371682e-05, 1.21865004985e-05, 9.70159817371e-06, 7.45942315916e-06, 6.43229896014e-06, 7.62167337598e-06, 5.51691528017e-06, 3.37233473147e-06, 2.94521646538e-06, 3.26152371599e-06, 3.62431637768e-06, 2.89177773993e-06, 2.29897932513e-06, 1.96212522496e-06, 1.63500465078e-06, 1.4281656604e-06, 1.10317989765e-06, 8.02536874289e-07, 6.22919742455e-07], "dmean2": [0.00235066539608, 0.00253552454524, 0.000874318589922, 0.000420315307565, 0.000188692327356, 0.00014005995763, 0.000139649535413, 0.00026630636421, 0.000244613649556, 0.000162228345289, 0.000103710808617, 9.56309304456e-05, 0.000108236286906, 0.000103983351437, 6.79932491039e-05, 8.35822866065e-05, 5.14387247676e-05, 4.58800604974e-05, 4.60635783384e-05, 3.4804099414e-05, 2.52455611189e-05, 2.11354636122e-05, 1.96031487576e-05, 1.75291934283e-05, 1.36167336677e-05, 1.07911073428e-05, 1.41985374285e-05, 9.63960337685e-06, 8.35521586851e-06, 7.0546079769e-06, 7.3578021329e-06, 6.86134080752e-06, 7.15572195986e-06, 5.92947390032e-06, 4.6274185479e-06, 3.43640499523e-06, 3.62785158359e-06, 2.34742128669e-06, 2.08933784052e-06, 1.46243019117e-06], "dmean": [0.00139063748065, 0.0014937624801, 0.000529110489879, 0.000254018843407, 0.000111720015411, 8.41240544105e-05, 8.73562166817e-05, 0.000167716614669, 0.000155916393851, 0.000103973390651, 6.60176228848e-05, 6.20388673269e-05, 6.84720289428e-05, 6.45438340143e-05, 4.21958393417e-05, 5.05228454131e-05, 3.11959629471e-05, 2.83901608782e-05, 2.84636025754e-05, 2.15279433178e-05, 1.57492941071e-05, 1.29596310217e-05, 1.21241027955e-05, 1.08633803393e-05, 8.43270026962e-06, 6.67093945594e-06, 8.59831015987e-06, 5.83644578001e-06, 4.96472830491e-06, 4.22307994086e-06, 4.46373496743e-06, 4.34570665675e-06, 4.47001093562e-06, 3.7590705233e-06, 2.93666289508e-06, 2.21273694478e-06, 2.36469327319e-06, 1.58086368174e-06, 1.43760269111e-06, 1.00507043044e-06], "var": [1.25233063955e-05, 1.12734960567e-05, 1.30792989239e-06, 3.45311320871e-07, 1.11919582935e-07, 6.04810423965e-08, 8.23553776286e-08, 2.71772961469e-07, 3.89677694557e-07, 1.05634420322e-07, 5.90680571122e-08, 5.31944621684e-08, 7.69408643464e-08, 4.9708077654e-08, 1.67761733394e-08, 1.5418100574e-08, 7.17599357714e-09, 9.38721811394e-09, 7.15035142207e-09, 3.28090155044e-09, 3.41760686418e-09, 1.59349633488e-09, 1.34015265552e-09, 1.21768106709e-09, 6.66591393195e-10, 4.64784682963e-10, 7.16392500877e-10, 3.10686587568e-10, 2.50634318855e-10, 1.97170849092e-10, 2.30260852052e-10, 2.15054252184e-10, 2.97426305806e-10, 2.68418509641e-10, 1.28518307108e-10, 6.06406314052e-11, 6.41721467631e-11, 2.45338610538e-11, 2.24491640555e-11, 1.17248962275e-11], "dvar": [1.13867627078e-05, 1.00310735434e-05, 7.11117763785e-07, 1.93727601072e-07, 8.00546260393e-08, 6.53105374226e-08, 4.30745892288e-08, 1.57972863235e-07, 1.83039389867e-07, 4.00026429759e-08, 2.61312180783e-08, 1.89007689499e-08, 2.80535630282e-08, 1.81515797948e-08, 6.88279788719e-09, 8.16190404151e-09, 3.45387674017e-09, 4.05680200544e-09, 4.15489642691e-09, 1.86798376767e-09, 1.36621236546e-09, 7.38276273449e-10, 6.40924091577e-10, 6.18323003909e-10, 3.24801019413e-10, 2.3484408862e-10, 4.77000272614e-10, 2.07187461632e-10, 1.89736767964e-10, 1.75581327255e-10, 1.6429001215e-10, 1.28947685862e-10, 2.03525946096e-10, 1.91693882989e-10, 8.17179865442e-11, 3.359356196e-11, 4.07629069388e-11, 1.11648875908e-11, 1.01535039057e-11, 5.47731087916e-12], "mean": [0.00179235625546, 0.00221752002835, 0.00104340782855, 0.000467401638161, 0.000181681461981, 0.000121929835586, 0.000143639510497, 0.000274001504295, 0.000272844830761, 0.000191810671822, 0.000113287067506, 0.000112385620014, 0.000122747282148, 0.000119122028991, 7.80749396654e-05, 7.93064755271e-05, 5.18121159985e-05, 5.15410356456e-05, 4.72003230243e-05, 3.57695862476e-05, 2.99914536299e-05, 2.49242311838e-05, 2.33675309573e-05, 2.02003102459e-05, 1.59419359989e-05, 1.28626434162e-05, 1.53456112457e-05, 1.10177179522e-05, 8.44846454129e-06, 7.26797588868e-06, 8.03707007435e-06, 8.32157274999e-06, 7.96318818175e-06, 6.53643292026e-06, 5.34452374268e-06, 4.04978618462e-06, 4.07538891523e-06, 2.90838033834e-06, 2.61574541582e-06, 1.81850714398e-06]}, "spectral_entropy": {"min": 4.51834106445, "max": 9.81161785126, "dvar2": 0.0299695283175, "median": 7.89727735519, "dmean2": 0.168606236577, "dmean": 0.113421574235, "var": 0.145834088326, "dvar": 0.0150075294077, "mean": 7.87213754654}, "spectral_rolloff": {"min": 21.533203125, "max": 19336.8164062, "dvar2": 2344864, "median": 1636.5234375, "dmean2": 1081.86914062, "dmean": 650.066345215, "var": 2497463.5, "dvar": 1022846.1875, "mean": 1985.21020508}, "barkbands": {"min": [9.66867762915e-25, 2.23166194178e-23, 4.41219843938e-24, 3.7503208685e-24, 3.30504162523e-23, 2.6283291306e-23, 2.92121314764e-23, 2.63906600083e-23, 4.8662929666e-23, 1.72879340696e-23, 5.56055682751e-23, 3.06943506302e-23, 6.71614212818e-23, 3.79522590778e-23, 5.04102660374e-23, 8.22272446218e-23, 1.13964235866e-22, 1.6075495879e-22, 2.38516676398e-22, 2.40592705865e-22, 3.46748190646e-22, 3.19552684255e-22, 4.58496863328e-22, 7.52795042915e-22, 1.12583613161e-21, 1.46404384904e-21, 2.40745020391e-21], "max": [0.00839432887733, 0.168112009764, 0.0635567605495, 0.0456412322819, 0.0330697149038, 0.0234649609774, 0.0608216188848, 0.0557683557272, 0.0280956998467, 0.0394547134638, 0.0417337939143, 0.0369418114424, 0.0175455119461, 0.0149180851877, 0.0196917746216, 0.0158676281571, 0.0284630469978, 0.0127404276282, 0.0164805483073, 0.0173478648067, 0.0122330356389, 0.0228852108121, 0.0245451051742, 0.00985452625901, 0.00707517378032, 0.00347994966432, 0.00168376497459], "dvar2": [4.56342831967e-07, 0.000480618298752, 4.66331766802e-05, 1.0351282981e-05, 8.46315924719e-06, 4.33676132161e-06, 4.55296776636e-06, 1.58951643243e-05, 3.64181641999e-06, 1.984649316e-06, 4.16503962697e-06, 2.93155244435e-06, 1.49667494043e-06, 8.75371938491e-07, 1.56609178248e-06, 6.37057894437e-07, 6.14634529938e-07, 5.74849252644e-07, 3.22188697055e-07, 7.32761577638e-07, 7.1073526442e-07, 8.31104330246e-07, 6.96587960647e-07, 2.20868855649e-07, 1.33397378477e-07, 7.45768176103e-08, 3.12589456541e-08], "median": [0.000103242884506, 0.00324883265421, 0.00209959922358, 0.00128544052131, 0.0011216228595, 0.000305095658405, 0.000286499474896, 0.000355188094545, 0.000481565424707, 0.000326817389578, 0.000432544649811, 0.000420002703322, 0.000364474923117, 0.000214897503611, 0.000297376798699, 0.000242053589318, 0.000238663342316, 0.000217948792852, 0.000186375298654, 0.000210555677768, 0.000130039246869, 0.000169827253558, 0.000125647202367, 0.000107193482108, 6.76624113112e-05, 3.30543953169e-05, 1.25107844724e-05], "dmean2": [0.00025853907573, 0.00931863859296, 0.00386287551373, 0.00200660596602, 0.0016613479238, 0.000715275062248, 0.000855617574416, 0.00157402676996, 0.00100155547261, 0.000647057895549, 0.000906199158635, 0.000854353478644, 0.000726259546354, 0.000509605451953, 0.00061567791272, 0.000423576188041, 0.000369935092749, 0.000365247426089, 0.000279643514659, 0.000344925065292, 0.000282145716483, 0.000321259256452, 0.000261511886492, 0.000210688274819, 0.000150091000251, 0.000116491370136, 7.13017507223e-05], "dmean": [0.000174064989551, 0.00550607126206, 0.00224838987924, 0.00120874168351, 0.00100484734867, 0.000427491468145, 0.000539767090231, 0.000991013017483, 0.000637435179669, 0.000414521753555, 0.000576590246055, 0.000527372059878, 0.00044295238331, 0.000310972012812, 0.000380237848731, 0.000265787879471, 0.000227158408961, 0.000226644478971, 0.000173738022568, 0.000209056190215, 0.00017064747226, 0.000203681527637, 0.00016936135944, 0.000145206766319, 0.000108218002424, 8.36674662423e-05, 4.95941021654e-05], "var": [2.65522885456e-07, 0.000194924403331, 2.00028935069e-05, 6.57284681438e-06, 6.10240977039e-06, 1.41997713854e-06, 3.41613713317e-06, 1.31375263663e-05, 3.60354351869e-06, 2.44119723902e-06, 4.89125613967e-06, 2.79791152025e-06, 1.15379464205e-06, 7.0938619956e-07, 1.28394390231e-06, 5.60313139886e-07, 5.6719039776e-07, 5.07319725784e-07, 3.01670496583e-07, 4.21663372663e-07, 3.46112727811e-07, 5.87729459767e-07, 4.9127731927e-07, 2.41290280201e-07, 1.48355809415e-07, 7.12230772137e-08, 2.2259838417e-08], "dvar": [2.06595572649e-07, 0.000184133037692, 1.61179923452e-05, 3.80746428164e-06, 3.35297454512e-06, 1.56753583269e-06, 1.85418866749e-06, 6.47623483019e-06, 1.51088886469e-06, 9.39543440381e-07, 1.73565445039e-06, 1.12271243324e-06, 5.79765867315e-07, 3.46693042275e-07, 6.42135034923e-07, 2.74289334357e-07, 2.51221194958e-07, 2.40187887357e-07, 1.38147782991e-07, 2.87993316306e-07, 2.64647923132e-07, 3.61708544006e-07, 3.10703057949e-07, 1.06256038634e-07, 6.61712746819e-08, 3.7206579151e-08, 1.46575791504e-08], "mean": [0.000244486582233, 0.00699214544147, 0.00344579084776, 0.00206824322231, 0.00182698038407, 0.00063177710399, 0.000839907093905, 0.0016448374372, 0.00116828538012, 0.000728945131414, 0.00101580901537, 0.000930430775043, 0.000725556979887, 0.000509615521878, 0.000651496986393, 0.000480634422274, 0.000443067227025, 0.000434976711404, 0.000359136669431, 0.000410603912314, 0.000323078769725, 0.000403312034905, 0.000326335662976, 0.000284303212538, 0.000203298011911, 0.000132923742058, 6.86192433932e-05]}, "melbands_flatness_db": {"min": 0.00607357127592, "max": 0.591643929482, "dvar2": 0.00131971528754, "median": 0.148142874241, "dmean2": 0.0371489152312, "dmean": 0.0233274195343, "var": 0.003486917587, "dvar": 0.000531861558557, "mean": 0.157254710793}, "melbands_skewness": {"min": -6.94637441635, "max": 46.5804214478, "dvar2": 1.75485599041, "median": 2.20857453346, "dmean2": 1.12527394295, "dmean": 0.704426229, "var": 3.98741459846, "dvar": 0.729722797871, "mean": 2.50993037224}, "barkbands_skewness": {"min": -11.3976249695, "max": 12.8801527023, "dvar2": 0.660493731499, "median": 1.09088611603, "dmean2": 0.713681221008, "dmean": 0.44776147604, "var": 1.26244366169, "dvar": 0.2708581388, "mean": 1.26270186901}, "silence_rate_60dB": {"min": 0, "max": 1, "dvar2": 0.030253726989, "median": 0, "dmean2": 0.0262123197317, "dmean": 0.0131054725498, "var": 0.0694262459874, "dvar": 0.0129331247881, "mean": 0.0750642120838}, "spectral_energyband_low": {"min": 4.3395307816e-23, "max": 0.176410242915, "dvar2": 0.000628649431746, "median": 0.00747690536082, "dmean2": 0.0118576074019, "dmean": 0.00707992631942, "var": 0.000296690530377, "dvar": 0.000240280176513, "mean": 0.011709658429}, "spectral_energyband_middle_low": {"min": 2.7619878217e-22, "max": 0.0877705290914, "dvar2": 5.89545197727e-05, "median": 0.00656831590459, "dmean2": 0.00503497384489, "dmean": 0.00316249253228, "var": 5.79611551075e-05, "dvar": 2.41236357397e-05, "mean": 0.00845459010452}, "melbands_kurtosis": {"min": -1.92657387257, "max": 2295.28320312, "dvar2": 664.288208008, "median": 5.8552274704, "dmean2": 10.4259147644, "dmean": 6.43186569214, "var": 3276.42480469, "dvar": 300.039733887, "mean": 12.8696880341}, "spectral_decrease": {"min": -4.97143979317e-08, "max": 5.82783692833e-29, "dvar2": 4.64528617793e-17, "median": -5.52654011443e-09, "dmean2": 3.86775811378e-09, "dmean": 2.3890043277e-09, "var": 3.31284048617e-17, "dvar": 1.84453484558e-17, "mean": -6.51875087243e-09}, "erbbands_kurtosis": {"min": -1.89361703396, "max": 84.8386154175, "dvar2": 3.74424481392, "median": -0.0601851940155, "dmean2": 1.15497243404, "dmean": 0.723414301872, "var": 6.30863332748, "dvar": 1.70339524746, "mean": 0.421357989311}, "melbands_crest": {"min": 1.95149099827, "max": 39.9657707214, "dvar2": 19.558423996, "median": 12.6831216812, "dmean2": 5.19957923889, "dmean": 3.13625192642, "var": 21.9509372711, "dvar": 7.22748708725, "mean": 13.2270469666}, "gfcc": {"cov": [[13877.5888672, -339.930358887, 871.382873535, 790.929260254, 691.598632812, 269.99887085, -202.992919922, 47.6648826599, -94.7326431274, -146.462966919, -396.794525146, 70.568145752, -68.0814819336], [-339.930358887, 919.368713379, -5.3614192009, 112.320167542, 133.947540283, -76.4618453979, 12.1769247055, -30.6479549408, -6.37418174744, -63.3392219543, -7.19753885269, -26.8946609497, 40.7545623779], [871.382873535, -5.3614192009, 906.286560059, 256.678070068, 363.296813965, -36.8253059387, 27.927362442, -5.91590881348, -6.08526945114, -56.7823066711, -52.5957145691, 10.983247757, 23.0341930389], [790.929260254, 112.320167542, 256.678070068, 435.831329346, 187.000915527, 12.3891582489, -1.45539486408, -18.4446430206, -22.6815414429, -49.0195159912, -38.8466110229, 12.1465034485, 46.0231361389], [691.598632812, 133.947540283, 363.296813965, 187.000915527, 511.144165039, 48.8376274109, 47.1202087402, -33.0220069885, -18.8431606293, -72.2507095337, -48.3564033508, 8.16858100891, 56.611415863], [269.99887085, -76.4618453979, -36.8253059387, 12.3891582489, 48.8376274109, 186.775253296, 34.0575714111, 9.53152275085, -9.05715656281, -7.56555509567, 10.1036834717, 7.96468496323, -9.27050113678], [-202.992919922, 12.1769247055, 27.927362442, -1.45539486408, 47.1202087402, 34.0575714111, 118.965797424, 29.4049491882, 12.220954895, -0.447237312794, 10.8203725815, -2.67180037498, -1.74708425999], [47.6648826599, -30.6479549408, -5.91590881348, -18.4446430206, -33.0220069885, 9.53152275085, 29.4049491882, 100.302764893, 38.7815513611, 13.8170127869, 2.73790621758, -1.11849153042, -8.91394424438], [-94.7326431274, -6.37418174744, -6.08526945114, -22.6815414429, -18.8431606293, -9.05715656281, 12.220954895, 38.7815513611, 98.1318511963, 32.4993362427, 2.33586335182, -3.05733942986, -5.58676815033], [-146.462966919, -63.3392219543, -56.7823066711, -49.0195159912, -72.2507095337, -7.56555509567, -0.447237312794, 13.8170127869, 32.4993362427, 82.2477493286, 36.0053062439, -4.14354991913, -14.3431491852], [-396.794525146, -7.19753885269, -52.5957145691, -38.8466110229, -48.3564033508, 10.1036834717, 10.8203725815, 2.73790621758, 2.33586335182, 36.0053062439, 85.7077789307, 20.2243232727, -3.33920907974], [70.568145752, -26.8946609497, 10.983247757, 12.1465034485, 8.16858100891, 7.96468496323, -2.67180037498, -1.11849153042, -3.05733942986, -4.14354991913, 20.2243232727, 67.5607528687, 28.2831306458], [-68.0814819336, 40.7545623779, 23.0341930389, 46.0231361389, 56.611415863, -9.27050113678, -1.74708425999, -8.91394424438, -5.58676815033, -14.3431491852, -3.33920907974, 28.2831306458, 74.9555358887]], "icov": [[0.000114893038699, 1.56735750352e-05, -2.07759749173e-05, -0.000147806858877, -0.000123117686599, -0.000158313821885, 0.000267156836344, -0.000195829474251, 0.000158785987878, -0.000242299196543, 0.000578663370106, -0.000385436083889, 0.000386004132451], [1.56735750352e-05, 0.00140308483969, 0.000329893751768, -0.000354709802195, -0.000427286227932, 0.000790073128883, -0.000155985952006, 0.000189589714864, -0.000430210173363, 0.00133004609961, -0.000885742425453, 0.0009966295911, -0.000385959545383], [-2.07759749173e-05, 0.000329893751768, 0.00189312407747, -0.000707578554284, -0.00130663637538, 0.00105101044755, -0.000208218189073, -0.000295636913506, -0.00011777945474, 0.000314945384162, -6.20549617452e-05, -0.00035693240352, 0.000914694042876], [-0.000147806858877, -0.000354709802195, -0.000707578554284, 0.0033850306645, -0.000143369703437, -0.000355269148713, 5.96533100179e-05, 0.000230513323913, 0.000179216207471, 0.00044279708527, -1.03685642898e-05, 0.000353978743078, -0.00174517009873], [-0.000123117686599, -0.000427286227932, -0.00130663637538, -0.000143369703437, 0.0040265833959, -0.00126227876171, -0.00143936742097, 0.00151244679, -0.000597256468609, 0.00136497046333, 0.000215833482798, 0.000885897432454, -0.00254886969924], [-0.000158313821885, 0.000790073128883, 0.00105101044755, -0.000355269148713, -0.00126227876171, 0.00708607863635, -0.00187603745144, -0.000372386712115, 0.000331243209075, 0.00138473627158, -0.00195262243506, -0.000280116393697, 0.00137191161048], [0.000267156836344, -0.000155985952006, -0.000208218189073, 5.96533100179e-05, -0.00143936742097, -0.00187603745144, 0.0110173812136, -0.00356495706365, -9.26131178858e-05, 2.3209995561e-05, -0.00079272990115, 0.00031789613422, 0.000885016284883], [-0.000195829474251, 0.000189589714864, -0.000295636913506, 0.000230513323913, 0.00151244679, -0.000372386712115, -0.00356495706365, 0.0135549874976, -0.00508084706962, 0.000847907562274, -0.000355098367436, 0.000300435058307, -0.000336718076142], [0.000158785987878, -0.000430210173363, -0.00011777945474, 0.000179216207471, -0.000597256468609, 0.000331243209075, -9.26131178858e-05, -0.00508084706962, 0.014446512796, -0.00678746076301, 0.00332905910909, -0.00144000188448, 0.000659569050185], [-0.000242299196543, 0.00133004609961, 0.000314945384162, 0.00044279708527, 0.00136497046333, 0.00138473627158, 2.3209995561e-05, 0.000847907562274, -0.00678746076301, 0.0216237138957, -0.0100563224405, 0.00463350443169, -0.000634641619399], [0.000578663370106, -0.000885742425453, -6.20549617452e-05, -1.03685642898e-05, 0.000215833482798, -0.00195262243506, -0.00079272990115, -0.000355098367436, 0.00332905910909, -0.0100563224405, 0.0210444051772, -0.00887402147055, 0.00317716738209], [-0.000385436083889, 0.0009966295911, -0.00035693240352, 0.000353978743078, 0.000885897432454, -0.000280116393697, 0.00031789613422, 0.000300435058307, -0.00144000188448, 0.00463350443169, -0.00887402147055, 0.0225030556321, -0.00976736564189], [0.000386004132451, -0.000385959545383, 0.000914694042876, -0.00174517009873, -0.00254886969924, 0.00137191161048, 0.000885016284883, -0.000336718076142, 0.000659569050185, -0.000634641619399, 0.00317716738209, -0.00976736564189, 0.0205222927034]], "mean": [22.4392471313, 55.7381286621, -108.183395386, 26.0176200867, -50.764793396, 21.7909221649, -25.3381462097, 10.1719751358, -20.2910842896, 0.778267264366, -16.3071041107, -2.27673959732, -15.8110113144]}, "melbands_spread": {"min": 0.412945926189, "max": 225.220077515, "dvar2": 254.329650879, "median": 28.0251483917, "dmean2": 12.9175767899, "dmean": 8.12082576752, "var": 363.422821045, "dvar": 112.685768127, "mean": 30.9740695953}, "spectral_energy": {"min": 1.06331805922e-20, "max": 0.192361831665, "dvar2": 0.000702995632309, "median": 0.0232080481946, "dmean2": 0.0153043307364, "dmean": 0.00956378504634, "var": 0.000553126563318, "dvar": 0.000284230540274, "mean": 0.0272954199463}, "mfcc": {"cov": [[9145.43554688, 111.025054932, 149.488174438, 450.550750732, 558.759460449, 400.001037598, 92.9356918335, 232.392929077, 248.457489014, 0.245701372623, -53.5231819153, 62.9899368286, 50.7858276367], [111.025054932, 764.588195801, -2.19928765297, 141.655929565, 122.19908905, 16.6201877594, 39.1710510254, 24.2836894989, 32.2108573914, -25.3533382416, -48.1442260742, -9.57409954071, 11.1572914124], [149.488174438, -2.19928765297, 469.015716553, 194.55065918, 125.610099792, 22.6629142761, 20.077009201, 23.8668365479, 23.3654060364, -1.7668710947, -42.6780891418, 19.4167156219, 37.953086853], [450.550750732, 141.655929565, 194.55065918, 462.192321777, 232.994918823, 78.838760376, 48.1690826416, 30.5454273224, 70.451423645, -25.0395069122, -102.622238159, -3.24820184708, 33.9381561279], [558.759460449, 122.19908905, 125.610099792, 232.994918823, 357.255645752, 129.342529297, 80.9331436157, 48.6135368347, 75.508934021, -36.5350418091, -87.8925857544, 10.0027208328, 17.7461509705], [400.001037598, 16.6201877594, 22.6629142761, 78.838760376, 129.342529297, 168.185302734, 72.0699539185, 36.275680542, 23.9105510712, -17.2721786499, -29.7004356384, 0.717524170876, -5.08580207825], [92.9356918335, 39.1710510254, 20.077009201, 48.1690826416, 80.9331436157, 72.0699539185, 145.335006714, 40.3113517761, 16.2919197083, -17.8382377625, -13.1083135605, 12.0165634155, -1.72980594635], [232.392929077, 24.2836894989, 23.8668365479, 30.5454273224, 48.6135368347, 36.275680542, 40.3113517761, 108.114974976, 40.8235702515, -3.30785751343, -13.0360422134, 11.0653123856, 14.2294912338], [248.457489014, 32.2108573914, 23.3654060364, 70.451423645, 75.508934021, 23.9105510712, 16.2919197083, 40.8235702515, 105.849761963, 11.7523765564, -21.3717784882, 5.72585582733, 5.63508319855], [0.245701372623, -25.3533382416, -1.7668710947, -25.0395069122, -36.5350418091, -17.2721786499, -17.8382377625, -3.30785751343, 11.7523765564, 85.2969818115, 43.0900268555, -0.904524862766, -7.73185873032], [-53.5231819153, -48.1442260742, -42.6780891418, -102.622238159, -87.8925857544, -29.7004356384, -13.1083135605, -13.0360422134, -21.3717784882, 43.0900268555, 107.463867188, 20.6014270782, -7.75055360794], [62.9899368286, -9.57409954071, 19.4167156219, -3.24820184708, 10.0027208328, 0.717524170876, 12.0165634155, 11.0653123856, 5.72585582733, -0.904524862766, 20.6014270782, 72.7916183472, 26.3032188416], [50.7858276367, 11.1572914124, 37.953086853, 33.9381561279, 17.7461509705, -5.08580207825, -1.72980594635, 14.2294912338, 5.63508319855, -7.73185873032, -7.75055360794, 26.3032188416, 71.2904205322]], "icov": [[0.000135921785841, 7.93909111962e-06, 2.24913528655e-05, -6.55121111777e-05, -0.000112712506962, -0.000256336585153, 0.000171354287886, -0.000168141996255, -0.000139238516567, 1.62726355484e-05, -0.000172561267391, -4.23667079303e-05, -2.17257893382e-05], [7.93909111962e-06, 0.00146607635543, 0.000273416313576, -0.000373392074835, -0.000441869080532, 0.000475092092529, -0.000257890671492, -0.000177585345227, 1.48671224451e-05, 0.000164104087162, 9.38810080697e-06, 0.000259136781096, -0.000107800697151], [2.24913528655e-05, 0.000273416313576, 0.00279172742739, -0.00104584498331, -0.000640818849206, 0.000475335924421, 1.03037682493e-05, -0.000390720320866, 0.000622373714577, -0.000627619912848, 0.000228893055464, -0.000509653415065, -0.000679846853018], [-6.55121111777e-05, -0.000373392074835, -0.00104584498331, 0.0041543263942, -0.00138569960836, -0.000185197990504, -0.000261214008788, 0.000759400660172, -0.00096415792359, -0.00059497251641, 0.00211173202842, 0.00044782506302, -0.00106595049147], [-0.000112712506962, -0.000441869080532, -0.000640818849206, -0.00138569960836, 0.00655700452626, -0.00290342164226, -0.000989803927951, 0.000473803607747, -0.0021686097607, 0.000673823757097, 0.00218031182885, -0.00109936180525, 7.94920051703e-05], [-0.000256336585153, 0.000475092092529, 0.000475335924421, -0.000185197990504, -0.00290342164226, 0.0103500271216, -0.00328479125164, -0.00116461154539, 0.00109903141856, 8.08467593743e-05, 0.000215582957026, 0.000549330376089, 0.00129987392575], [0.000171354287886, -0.000257890671492, 1.03037682493e-05, -0.000261214008788, -0.000989803927951, -0.00328479125164, 0.010010112077, -0.00271157477982, 0.00040426113992, 0.00141104205977, -0.0012156132143, -0.00142595835496, 0.00134837045334], [-0.000168141996255, -0.000177585345227, -0.000390720320866, 0.000759400660172, 0.000473803607747, -0.00116461154539, -0.00271157477982, 0.0127436779439, -0.00427114684135, 8.00710040494e-05, 0.000703945173882, -0.00032342976192, -0.00227422080934], [-0.000139238516567, 1.48671224451e-05, 0.000622373714577, -0.00096415792359, -0.0021686097607, 0.00109903141856, 0.00040426113992, -0.00427114684135, 0.0140152871609, -0.00392180681229, 0.00198208005168, -0.00123348226771, 0.000842501525767], [1.62726355484e-05, 0.000164104087162, -0.000627619912848, -0.00059497251641, 0.000673823757097, 8.08467593743e-05, 0.00141104205977, 8.00710040494e-05, -0.00392180681229, 0.0168043989688, -0.00786179490387, 0.0022301170975, 0.000891372037586], [-0.000172561267391, 9.38810080697e-06, 0.000228893055464, 0.00211173202842, 0.00218031182885, 0.000215582957026, -0.0012156132143, 0.000703945173882, 0.00198208005168, -0.00786179490387, 0.0178767349571, -0.00583789218217, 0.00138507550582], [-4.23667079303e-05, 0.000259136781096, -0.000509653415065, 0.00044782506302, -0.00109936180525, 0.000549330376089, -0.00142595835496, -0.00032342976192, -0.00123348226771, 0.0022301170975, -0.00583789218217, 0.0186197366565, -0.00677466066554], [-2.17257893382e-05, -0.000107800697151, -0.000679846853018, -0.00106595049147, 7.94920051703e-05, 0.00129987392575, 0.00134837045334, -0.00227422080934, 0.000842501525767, 0.000891372037586, 0.00138507550582, -0.00677466066554, 0.0181686878204]], "mean": [-622.865783691, 94.031211853, 1.57889771461, 13.8949699402, 2.16444087029, 11.153049469, 5.97772455215, 10.0175647736, 2.16525030136, 5.41723442078, 2.88068509102, 0.806040346622, -0.467522203922]}, "spectral_contrast_valleys": {"min": [-27.7326393127, -27.6986465454, -27.6633529663, -27.4422073364, -27.3534297943, -27.29737854], "max": [-4.94756889343, -4.6879491806, -5.19304847717, -5.60294723511, -5.25960350037, -7.21557188034], "dvar2": [0.272372663021, 0.218092739582, 0.155295953155, 0.138669416308, 0.139019027352, 0.191915109754], "median": [-6.83334827423, -6.81263780594, -7.00644350052, -7.3334441185, -7.19661092758, -9.49140834808], "dmean2": [0.624730706215, 0.545422375202, 0.460412800312, 0.394689708948, 0.312108933926, 0.347080409527], "dmean": [0.373866915703, 0.336666464806, 0.287190616131, 0.252927541733, 0.204706862569, 0.254903405905], "var": [2.4558339119, 1.3048542738, 1.27501130104, 1.49255335331, 1.56087565422, 1.61633276939], "dvar": [0.109231553972, 0.0953065007925, 0.0730974003673, 0.0702309757471, 0.0745917409658, 0.108472466469], "mean": [-7.29306173325, -6.98484945297, -7.20583438873, -7.58232831955, -7.43958854675, -9.68263149261]}, "barkbands_flatness_db": {"min": 0.00619880529121, "max": 0.515809476376, "dvar2": 0.000729189778212, "median": 0.0813503414392, "dmean2": 0.0276242904365, "dmean": 0.0173433292657, "var": 0.00229597953148, "dvar": 0.000293865596177, "mean": 0.0891046226025}, "dynamic_complexity": 3.6482758522, "erbbands_flatness_db": {"min": 0.0182495601475, "max": 0.508828520775, "dvar2": 0.000403560261475, "median": 0.11407918483, "dmean2": 0.0214007999748, "dmean": 0.0143686244264, "var": 0.00223304633982, "dv