{"lowlevel": {"spectral_complexity": {"min": 0, "max": 60, "dvar2": 47.0182991028, "median": 17, "dmean2": 6.37801027298, "dmean": 4.29255819321, "var": 173.48600769, "dvar": 23.1017627716, "mean": 19.3092632294}, "silence_rate_20dB": {"min": 1, "max": 1, "dvar2": 0, "median": 1, "dmean2": 0, "dmean": 0, "var": 0, "dvar": 0, "mean": 1}, "average_loudness": 0.791356503963, "erbbands_spread": {"min": 1.94809019566, "max": 165.59513855, "dvar2": 284.500701904, "median": 40.9942932129, "dmean2": 16.1665554047, "dmean": 10.355890274, "var": 453.038330078, "dvar": 119.114372253, "mean": 43.8080482483}, "spectral_kurtosis": {"min": -1.22196865082, "max": 128.581634521, "dvar2": 64.3732681274, "median": 2.89159536362, "dmean2": 3.17828774452, "dmean": 1.94828128815, "var": 74.5321121216, "dvar": 24.7441654205, "mean": 4.85701417923}, "barkbands_kurtosis": {"min": -1.89055383205, "max": 239.507446289, "dvar2": 206.783966064, "median": 0.736669063568, "dmean2": 5.48713731766, "dmean": 3.33142137527, "var": 106.525680542, "dvar": 74.3836212158, "mean": 4.04870319366}, "spectral_strongpeak": {"min": 0.00218375143595, "max": 8.46466255188, "dvar2": 1.17635583878, "median": 0.393043756485, "dmean2": 0.78242379427, "dmean": 0.468602478504, "var": 0.876868367195, "dvar": 0.487104207277, "mean": 0.743174135685}, "spectral_spread": {"min": 713453.125, "max": 15516837, "dvar2": 957624090624, "median": 5056138.5, "dmean2": 846056.75, "dmean": 597575.125, "var": 3368133591040.0, "dvar": 509100785664, "mean": 5141717}, "spectral_rms": {"min": 7.95674714027e-05, "max": 0.0136305810884, "dvar2": 4.03976082453e-06, "median": 0.00376126589254, "dmean2": 0.00152341357898, "dmean": 0.00100214942358, "var": 4.09341873819e-06, "dvar": 1.68826704794e-06, "mean": 0.00412248400971}, "erbbands": {"min": [1.26178179016e-06, 1.12651014206e-05, 2.89078398055e-05, 6.77392890793e-05, 0.000472960498882, 0.00106345117092, 0.00220580166206, 0.00777246477082, 0.00511458748952, 0.00451176147908, 0.00224200147204, 0.00137876044028, 0.000882578489836, 0.00100748392288, 0.00106267584488, 0.0012786348816, 0.00347104109824, 0.00222644279711, 0.00340704759583, 0.00261764647439, 0.00205929623917, 0.0020900615491, 0.0028811157681, 0.00145608617458, 0.000987800303847, 0.000876806559972, 0.000554217491299, 0.000295265024761, 0.000168928032508, 0.00010863107309, 9.44833736867e-05, 7.83943542046e-05, 3.91819448851e-05, 2.250138823e-05, 1.29661793835e-05, 6.85461964167e-06, 4.40619623987e-06, 2.32030629377e-06, 3.92830770579e-07, 4.97174887926e-08], "max": [1.83449602127, 22.0593223572, 61.3453445435, 136.058624268, 130.406799316, 480.261749268, 488.004577637, 474.122497559, 378.303466797, 411.655487061, 1539.10693359, 1396.7677002, 1458.6217041, 828.934326172, 1314.03845215, 619.643859863, 819.86340332, 937.451599121, 1394.14453125, 1242.74523926, 475.98828125, 384.233703613, 275.457550049, 306.199890137, 216.857879639, 303.764343262, 256.095458984, 146.132522583, 213.440643311, 184.829437256, 230.95274353, 157.971542358, 90.2727966309, 56.5108642578, 16.6542491913, 6.75930643082, 2.03380084038, 0.332395225763, 0.0947381258011, 0.00266582123004], "dvar2": [0.107488118112, 21.7720718384, 124.502044678, 128.763763428, 101.917800903, 2824.16601562, 1967.73278809, 1727.89318848, 1244.875, 1290.14611816, 7977.97607422, 7781.62011719, 4300.5546875, 3243.35009766, 3165.49951172, 2284.25, 3150.00610352, 3482.14331055, 5133.91210938, 3417.04125977, 1670.46496582, 805.324462891, 852.337097168, 547.644104004, 433.489898682, 746.483398438, 942.576049805, 378.921966553, 257.015167236, 201.583297729, 100.109680176, 34.221118927, 21.1501083374, 17.0633525848, 2.52010703087, 0.265215396881, 0.024548670277, 0.000887586327735, 3.09017887048e-05, 6.361675986e-08], "median": [0.0176622830331, 0.259028047323, 0.809774398804, 1.47034180164, 2.37079405785, 3.44688630104, 4.41540622711, 5.05247116089, 3.14812731743, 4.13602209091, 7.80946159363, 9.81511211395, 6.4382853508, 7.25410652161, 8.40148162842, 8.88542556763, 9.79127407074, 11.1666851044, 11.7331809998, 9.96853160858, 9.01351451874, 7.69362401962, 9.91802310944, 7.92912244797, 7.26509237289, 6.69433355331, 5.55519866943, 5.83866834641, 4.6454410553, 3.8656065464, 2.61271882057, 1.63046443462, 1.23672556877, 0.845520853996, 0.402972579002, 0.14771181345, 0.0293070226908, 0.00381660601124, 0.000294575846056, 3.91772155126e-05], "dmean2": [0.131374537945, 1.87881207466, 4.76108407974, 5.42639017105, 5.50842905045, 17.7332725525, 15.9785957336, 15.9981241226, 13.1851444244, 15.4648714066, 34.104347229, 35.4993515015, 24.5211753845, 25.2859477997, 23.0378818512, 21.510055542, 25.2097091675, 28.1712169647, 27.9281768799, 20.8128738403, 20.6191291809, 14.6765623093, 16.8823070526, 13.2294044495, 12.5884532928, 14.9428853989, 14.9567642212, 11.1592063904, 8.85746192932, 7.34020376205, 4.49272632599, 2.77120280266, 2.41414737701, 1.80737316608, 0.782715499401, 0.292990922928, 0.0790042951703, 0.0153160244226, 0.00239801849239, 0.000121148426842], "dmean": [0.0788874998689, 1.10206305981, 2.68996930122, 3.15459084511, 3.24189949036, 10.0987796783, 9.22666740417, 9.34330749512, 7.78214788437, 9.54678630829, 20.8537273407, 22.9118881226, 15.4720525742, 16.222858429, 14.6432495117, 13.4034805298, 15.8919363022, 17.6475543976, 17.469127655, 13.2514305115, 12.8263540268, 9.04792308807, 10.2588481903, 8.38783168793, 8.1378030777, 9.25150585175, 9.04247379303, 6.83124923706, 5.54568004608, 4.72024488449, 2.91492724419, 1.85654342175, 1.58260965347, 1.17668819427, 0.525621175766, 0.202312752604, 0.0556074678898, 0.0106115723029, 0.00156117056031, 7.88677862147e-05], "var": [0.038572512567, 6.48118782043, 34.4795913696, 64.2266845703, 44.4085388184, 699.094726562, 549.139587402, 532.605224609, 440.174163818, 712.924682617, 3879.36767578, 6510.00488281, 4998.0234375, 3254.95703125, 2791.3425293, 1566.63134766, 2751.00219727, 2507.70214844, 2723.76416016, 3006.32055664, 1157.24267578, 582.9765625, 721.40057373, 591.362915039, 538.428833008, 556.688354492, 484.776153564, 308.593933105, 253.926208496, 294.13180542, 152.152038574, 66.9835128784, 35.4747848511, 14.680975914, 2.24406576157, 0.495792269707, 0.0438825897872, 0.00125530536752, 2.14736865018e-05, 4.14364045298e-08], "dvar": [0.0409807004035, 8.2269821167, 44.7644729614, 48.3201255798, 37.2776145935, 1001.81518555, 697.505859375, 620.005310059, 451.977600098, 545.54888916, 3211.06689453, 3511.18994141, 1792.38757324, 1417.47192383, 1434.77990723, 931.148864746, 1421.83728027, 1479.83837891, 1905.04260254, 1384.109375, 632.537353516, 308.563751221, 316.521484375, 240.199508667, 191.708175659, 304.835601807, 365.479644775, 151.396987915, 111.135192871, 83.9060592651, 46.3463554382, 17.5999851227, 9.21106243134, 6.66015911102, 1.07839643955, 0.127416908741, 0.0124173350632, 0.000457681773696, 1.44594932863e-05, 2.89056796277e-08], "mean": [0.087984547019, 1.10134458542, 2.72744822502, 4.2643532753, 4.66470956802, 10.2444086075, 11.3268003464, 11.7294473648, 9.56091976166, 12.0794630051, 26.6002674103, 33.1179924011, 24.7394485474, 24.7748908997, 21.722612381, 20.9961681366, 24.8956317902, 28.2204875946, 29.082742691, 23.9207248688, 21.3766670227, 16.1736984253, 19.3605766296, 16.4331321716, 16.238451004, 15.2097225189, 13.4346694946, 12.5418767929, 10.6502084732, 10.1761789322, 6.318836689, 3.87001752853, 3.54642629623, 2.32512021065, 0.955970942974, 0.452313840389, 0.119191020727, 0.0193143412471, 0.00201932666823, 0.00011505875591]}, "zerocrossingrate": {"min": 0.00244140625, "max": 0.388671875, "dvar2": 0.000455812842119, "median": 0.07861328125, "dmean2": 0.0183873344213, "dmean": 0.0160160288215, "var": 0.0028686937876, "dvar": 0.000406936538639, "mean": 0.0849111974239}, "spectral_contrast_coeffs": {"min": [-0.951586306095, -0.945837557316, -0.924668550491, -0.919050931931, -0.897852659225, -0.90278506279], "max": [-0.320087105036, -0.379094839096, -0.425194263458, -0.525523424149, -0.587253987789, -0.587881922722], "dvar2": [0.00644439691678, 0.00468068290502, 0.00297443219461, 0.00194686942268, 0.00102417578455, 0.000886777881533], "median": [-0.656039118767, -0.744939744473, -0.78207308054, -0.785915195942, -0.793446004391, -0.752595961094], "dmean2": [0.0923783704638, 0.0860744640231, 0.0680359974504, 0.0551714748144, 0.0384593643248, 0.0330440029502], "dmean": [0.0569614693522, 0.0538544431329, 0.0432091765106, 0.0347569771111, 0.0240722615272, 0.0213060099632], "var": [0.00741024455056, 0.00674806069583, 0.00548407109454, 0.00301621877588, 0.00155497295782, 0.00210653361864], "dvar": [0.00240692263469, 0.00193919776939, 0.0013220293913, 0.000833689060528, 0.000442314514657, 0.000376680021873], "mean": [-0.645325362682, -0.73570138216, -0.77021586895, -0.782424688339, -0.791988313198, -0.753766000271]}, "dissonance": {"min": 0.251792877913, "max": 0.500000119209, "dvar2": 0.000942082842812, "median": 0.477518320084, "dmean2": 0.0297820754349, "dmean": 0.0179050061852, "var": 0.000883871456608, "dvar": 0.000370198715245, "mean": 0.468865275383}, "spectral_energyband_high": {"min": 4.45477468247e-08, "max": 0.01609521918, "dvar2": 2.66635674961e-06, "median": 0.000739625305869, "dmean2": 0.0009260608349, "dmean": 0.000619337311946, "var": 4.00699127567e-06, "dvar": 1.17992317428e-06, "mean": 0.00149771943688}, "spectral_skewness": {"min": -0.0398025922477, "max": 8.85936164856, "dvar2": 0.313309699297, "median": 1.35022294521, "dmean2": 0.391469627619, "dmean": 0.253417134285, "var": 0.629606187344, "dvar": 0.131751611829, "mean": 1.50025641918}, "spectral_flux": {"min": 0.00366726377979, "max": 0.382975071669, "dvar2": 0.00271968357265, "median": 0.0711989179254, "dmean2": 0.0440243519843, "dmean": 0.0284524150193, "var": 0.00319441268221, "dvar": 0.00137922004797, "mean": 0.0851500183344}, "silence_rate_30dB": {"min": 0, "max": 1, "dvar2": 0.00145855674054, "median": 1, "dmean2": 0.00097299925983, "dmean": 0.000486381322844, "var": 0.000243072747253, "dvar": 0.000486145989271, "mean": 0.999756872654}, "spectral_energyband_middle_high": {"min": 1.00082183963e-06, "max": 0.0635981708765, "dvar2": 1.60551498993e-05, "median": 0.00312334997579, "dmean2": 0.00257194903679, "dmean": 0.00174964242615, "var": 3.72228096239e-05, "dvar": 7.53431913836e-06, "mean": 0.00491664651781}, "barkbands_spread": {"min": 0.335967510939, "max": 105.704116821, "dvar2": 190.708786011, "median": 26.5065746307, "dmean2": 12.1622915268, "dmean": 7.70613670349, "var": 295.379760742, "dvar": 79.5168380737, "mean": 27.9462928772}, "spectral_centroid": {"min": 147.540054321, "max": 5645.20068359, "dvar2": 289743.09375, "median": 1594.22045898, "dmean2": 512.208190918, "dmean": 335.688690186, "var": 595023.9375, "dvar": 138835.515625, "mean": 1593.69848633}, "pitch_salience": {"min": 0.097530759871, "max": 0.882787525654, "dvar2": 0.0154587822035, "median": 0.594063997269, "dmean2": 0.13478025794, "dmean": 0.0831678658724, "var": 0.0135538578033, "dvar": 0.00591210508719, "mean": 0.579180657864}, "erbbands_skewness": {"min": -3.31121349335, "max": 5.95294570923, "dvar2": 0.395129978657, "median": 0.180304065347, "dmean2": 0.643670737743, "dmean": 0.42759796977, "var": 0.671152830124, "dvar": 0.179783642292, "mean": 0.270669162273}, "erbbands_crest": {"min": 2.21794962883, "max": 29.4881134033, "dvar2": 16.822511673, "median": 6.90990924835, "dmean2": 4.40431308746, "dmean": 2.69982886314, "var": 18.0916118622, "dvar": 6.9347243309, "mean": 8.13833618164}, "melbands": {"min": [1.08740918492e-08, 1.48016869872e-08, 8.65944738138e-09, 2.10251887012e-08, 1.06911649311e-07, 1.00830860106e-07, 1.50166119539e-08, 4.08623286319e-08, 1.87931821216e-08, 7.11164460654e-09, 3.94265420312e-09, 3.19779536184e-09, 3.15785420035e-09, 3.45186301764e-09, 5.44674438885e-09, 6.14822504019e-09, 4.30489199843e-09, 6.15560313832e-09, 3.62309715563e-09, 1.93461402453e-09, 2.6767115191e-09, 2.24444063335e-09, 1.96708516143e-09, 2.47812192988e-09, 8.52109272031e-10, 7.78966113835e-10, 4.01767979996e-10, 5.14528697426e-10, 3.47137402157e-10, 2.22303633834e-10, 1.38492523005e-10, 9.20188161779e-11, 7.35518521089e-11, 5.14650995431e-11, 5.21635928896e-11, 3.7108031925e-11, 3.98076016594e-11, 2.63210894053e-11, 1.41372035606e-11, 1.3649610088e-11], "max": [0.0198690462857, 0.0240076258779, 0.0226893424988, 0.0165661219507, 0.0194595679641, 0.0104669639841, 0.00528066884726, 0.00424378737807, 0.0119942976162, 0.0079580899328, 0.00733552873135, 0.00419146474451, 0.0063627245836, 0.00135314057115, 0.00196322659031, 0.00231130700558, 0.00216593197547, 0.00322012836114, 0.00169831886888, 0.00152744189836, 0.000597603735514, 0.000413526664488, 0.000426126265666, 0.000270072545391, 0.000297406833852, 0.000188838224858, 0.000206041208003, 0.000245085830102, 0.000176447603735, 0.000138453164254, 9.88365718513e-05, 0.000129370033392, 8.7423111836e-05, 0.0001006135426, 0.000137924303999, 0.000140050324262, 8.14841405372e-05, 6.51638838463e-05, 6.34512325632e-05, 5.56652084924e-05], "dvar2": [1.64371376741e-05, 3.26331028191e-05, 3.3975925362e-06, 3.98771635446e-06, 3.53792529495e-06, 8.36349784095e-07, 2.57561453054e-07, 1.85767049743e-07, 5.03649857819e-07, 2.87188299808e-07, 1.1700328173e-07, 6.40392983087e-08, 4.94569221132e-08, 1.61632183193e-08, 2.43576980807e-08, 1.69028453456e-08, 1.51338266363e-08, 2.39259385637e-08, 7.32353733213e-09, 3.45578810013e-09, 3.23208881881e-09, 1.12890763404e-09, 1.22422727511e-09, 7.98989152617e-10, 4.43246023218e-10, 2.46528186754e-10, 3.66829372433e-10, 4.09924705291e-10, 4.27176100048e-10, 3.16916881626e-10, 1.20023269101e-10, 9.42154618211e-11, 1.01118773077e-10, 6.58772134066e-11, 4.93394561318e-11, 2.49364973115e-11, 1.29752276631e-11, 1.20036359325e-11, 1.31024791711e-11, 1.39734456645e-11], "median": [0.000226398042287, 0.000469482474728, 0.00031425835914, 0.000217875000089, 0.000168388607563, 0.000116956100101, 4.68291946163e-05, 4.60515366285e-05, 6.86807106831e-05, 5.5495162087e-05, 2.60104043264e-05, 2.66401384579e-05, 2.59498519881e-05, 2.18609711737e-05, 1.82245512406e-05, 2.0422417947e-05, 1.86245433724e-05, 1.65504116012e-05, 1.46854144987e-05, 8.81345204107e-06, 9.65719664237e-06, 6.51569189358e-06, 7.26421512809e-06, 8.54789959703e-06, 5.74734940528e-06, 4.87488932777e-06, 4.96549682794e-06, 3.83345468435e-06, 3.18292040902e-06, 3.11802500619e-06, 3.33331286129e-06, 2.42971009357e-06, 2.42813644036e-06, 1.8785328848e-06, 1.45369597249e-06, 1.1456336324e-06, 8.20956586267e-07, 8.34193883748e-07, 7.88244904015e-07, 6.5197866661e-07], "dmean2": [0.00162816385273, 0.00246509443969, 0.000909085792955, 0.000775039719883, 0.000638441357296, 0.00035568777821, 0.000199104222702, 0.000186614866834, 0.000289082119707, 0.000215104271774, 0.00012393220095, 0.000106159801362, 8.85572226252e-05, 6.24265230726e-05, 6.39796562609e-05, 5.54893922526e-05, 5.59353939025e-05, 5.16091786267e-05, 3.88728913094e-05, 2.26817883231e-05, 2.7706990295e-05, 1.6348223653e-05, 1.68008846231e-05, 1.62049764185e-05, 1.1321591046e-05, 9.22885465116e-06, 1.09510701805e-05, 1.06581537693e-05, 9.81546509138e-06, 8.90790852281e-06, 6.25806251264e-06, 5.46935552848e-06, 5.26210806129e-06, 4.16778448198e-06, 3.03993192574e-06, 2.26170277529e-06, 1.67250436789e-06, 1.7850926497e-06, 1.72204681803e-06, 1.51655592617e-06], "dmean": [0.000965311483014, 0.00143595878035, 0.000529788958374, 0.000446952239145, 0.000366967753507, 0.000207703938941, 0.000118085852591, 0.000114823342301, 0.00017911568284, 0.000139057083288, 7.78054745751e-05, 6.83867547195e-05, 5.61889901292e-05, 3.8773054257e-05, 4.01061115554e-05, 3.52860879502e-05, 3.49162910425e-05, 3.17853628076e-05, 2.48920550803e-05, 1.40536130857e-05, 1.71929041244e-05, 9.93364574242e-06, 1.01758187157e-05, 9.83414247457e-06, 7.12592509444e-06, 5.94123412156e-06, 6.78558808431e-06, 6.48925242785e-06, 5.88944794799e-06, 5.33967477168e-06, 3.81845438824e-06, 3.35959543918e-06, 3.28498208546e-06, 2.66987376563e-06, 1.92744550986e-06, 1.44571504279e-06, 1.10550615773e-06, 1.15445595839e-06, 1.12650752726e-06, 9.71719259724e-07], "var": [5.27314114152e-06, 9.7779875432e-06, 1.65481640124e-06, 1.09289646844e-06, 9.17306692827e-07, 2.64093984015e-07, 9.71162066321e-08, 9.90276873836e-08, 2.8244781447e-07, 2.25465328185e-07, 1.38232351787e-07, 6.38072563675e-08, 5.3271559608e-08, 9.18053988386e-09, 1.70314375936e-08, 1.30237562956e-08, 1.02628296972e-08, 9.76916059159e-09, 7.13211401049e-09, 3.29786686848e-09, 1.90535431877e-09, 6.58912979734e-10, 7.6544531824e-10, 6.46805109472e-10, 4.2910350273e-10, 2.73958827846e-10, 3.26028787301e-10, 2.57594806596e-10, 2.02237643299e-10, 1.62886745758e-10, 1.03149801201e-10, 8.4558471336e-11, 1.00299490935e-10, 8.66966845536e-11, 5.76125605556e-11, 4.00409289059e-11, 2.11431636088e-11, 1.89015452595e-11, 1.65831515186e-11, 9.03197221874e-12], "dvar": [6.25990151093e-06, 1.21943103295e-05, 1.26790087052e-06, 1.41729537972e-06, 1.25847179788e-06, 3.00613095305e-07, 9.47195815115e-08, 7.72570913909e-08, 2.07072190506e-07, 1.27944687733e-07, 4.92432370436e-08, 2.83206240681e-08, 2.4680604227e-08, 6.25237062124e-09, 9.60338475409e-09, 7.45096429e-09, 6.56379883779e-09, 8.70668781516e-09, 3.26394844485e-09, 1.44633571786e-09, 1.21049625879e-09, 4.18123369261e-10, 4.60005034064e-10, 3.02861458135e-10, 1.95098368017e-10, 1.0687283003e-10, 1.52014165145e-10, 1.62496474609e-10, 1.65331526247e-10, 1.20070883791e-10, 4.75492249741e-11, 4.01799739314e-11, 4.02677301226e-11, 2.70692045168e-11, 2.10507739712e-11, 1.20095487374e-11, 6.31910019103e-12, 5.1610343603e-12, 5.47212448965e-12, 5.32422543553e-12], "mean": [0.00102509895805, 0.00150557607412, 0.000736325571779, 0.000523552356753, 0.000422820216045, 0.00026881613303, 0.000145650061313, 0.000142673859955, 0.000235095270909, 0.000197477085749, 0.000120850651001, 0.000101547135273, 7.99842746346e-05, 5.51273478777e-05, 5.78707185923e-05, 5.26784533577e-05, 5.21934853168e-05, 4.72269493912e-05, 4.17836199631e-05, 2.28149547183e-05, 2.61534914898e-05, 1.58489929163e-05, 1.67104026332e-05, 1.77121801244e-05, 1.28053843582e-05, 1.1162464034e-05, 1.19474943858e-05, 9.52629852691e-06, 8.12845064502e-06, 7.92884020484e-06, 7.09298228685e-06, 5.8833620642e-06, 6.19967431703e-06, 5.3861303968e-06, 3.80051119464e-06, 2.79514824797e-06, 2.12938994082e-06, 2.43787076215e-06, 2.40694384956e-06, 1.7452227894e-06]}, "spectral_entropy": {"min": 4.93855619431, "max": 8.85935592651, "dvar2": 0.0640065297484, "median": 7.87141990662, "dmean2": 0.24047626555, "dmean": 0.168500080705, "var": 0.320202857256, "dvar": 0.034214373678, "mean": 7.72208499908}, "spectral_rolloff": {"min": 64.599609375, "max": 12833.7890625, "dvar2": 3319981.25, "median": 1679.58984375, "dmean2": 1393.61523438, "dmean": 868.721435547, "var": 4366023, "dvar": 1614629, "mean": 2225.68798828}, "barkbands": {"min": [3.10661651959e-09, 1.08446887026e-08, 1.19319398806e-08, 6.78311007363e-09, 2.85818998691e-07, 5.78333811063e-07, 5.95789160229e-08, 9.2456218681e-08, 5.45775122873e-08, 1.1975071601e-08, 2.46722091646e-08, 3.24180930988e-08, 4.54108928238e-08, 6.0430870974e-08, 4.60013360737e-08, 2.08048227535e-08, 3.72761519429e-08, 4.75517154541e-08, 2.74685110213e-08, 1.87727273726e-08, 9.79203029772e-09, 4.10156086872e-09, 2.8160296317e-09, 2.74026734637e-09, 1.44707534844e-09, 1.17899245922e-09, 1.59730206839e-09], "max": [0.00169912714045, 0.0863880068064, 0.0674523413181, 0.0442181788385, 0.0983689129353, 0.05508511886, 0.019412599504, 0.0552331209183, 0.0443631596863, 0.0485541336238, 0.0462115556002, 0.0156743042171, 0.0183503460139, 0.0333670675755, 0.0215088501573, 0.0173764880747, 0.00656540179625, 0.0049979868345, 0.00411666603759, 0.0048582367599, 0.0053386464715, 0.0056333867833, 0.00701871979982, 0.00499421684071, 0.00359312118962, 0.00130000780337, 0.00038389468682], "dvar2": [2.29082495196e-08, 0.000319197250064, 9.02676256374e-05, 1.33537787406e-05, 0.000115423252282, 2.31459962379e-05, 4.29964575233e-06, 1.24776424855e-05, 1.11252311399e-05, 5.36223478775e-06, 2.55481836575e-06, 1.35935590606e-06, 1.81144241651e-06, 2.85880400952e-06, 1.1095003174e-06, 6.13790064108e-07, 3.10963997663e-07, 3.21987215557e-07, 1.53098284272e-07, 3.01855294538e-07, 3.89002565271e-07, 1.96669489583e-07, 1.26826734004e-07, 5.94414899524e-08, 8.27324697639e-08, 8.50333581326e-09, 7.77928166329e-10], "median": [1.17450445032e-05, 0.00100257596932, 0.000619436556008, 0.000474332977319, 0.000977072515525, 0.000669870874844, 0.000204565716558, 0.000220110508963, 0.000420871190727, 0.000135110065457, 0.000179127673618, 0.000191398226889, 0.000186082208529, 0.00020773865981, 0.000193949410459, 0.000149371611769, 0.000113602625788, 0.000188618025277, 0.000136677743285, 0.000135857539135, 0.000143232522532, 0.000130306128995, 9.94310903479e-05, 7.52679698053e-05, 6.93857000442e-05, 2.19772828132e-05, 1.28643296193e-06], "dmean2": [7.94267471065e-05, 0.00717897713184, 0.00403591059148, 0.00183045165613, 0.00374155910686, 0.00190693698823, 0.000910718750674, 0.00133206462488, 0.00148564169649, 0.000807202362921, 0.000685903418344, 0.00055374961812, 0.000590681564063, 0.000655351730529, 0.000495924381539, 0.000381322490284, 0.00027883212897, 0.000331389834173, 0.000233445302001, 0.000310112838633, 0.000327172980178, 0.000243301430601, 0.000173743668711, 0.000125515158288, 0.000133700625156, 5.16185100423e-05, 1.28810570459e-05], "dmean": [4.80250710098e-05, 0.00422451458871, 0.00225277035497, 0.00108013430145, 0.00214660353959, 0.00111420475878, 0.000543868576642, 0.000807443168014, 0.000961956800893, 0.000509646371938, 0.000431813299656, 0.000341678300174, 0.000368589302525, 0.000407361425459, 0.000313427735819, 0.000236674124608, 0.000170710060047, 0.00020070267783, 0.000154756067786, 0.000192108622286, 0.000198890673346, 0.000154170018504, 0.000113199625048, 8.35395258036e-05, 8.88689173735e-05, 3.6224086216e-05, 8.43616817292e-06], "var": [1.83407866672e-08, 9.75205548457e-05, 2.69987576758e-05, 7.45665647628e-06, 2.9363000067e-05, 7.55155133447e-06, 1.87811770047e-06, 5.5571381381e-06, 9.82435085461e-06, 6.10294910075e-06, 2.95092172564e-06, 8.43493353386e-07, 1.36160872444e-06, 1.46350816976e-06, 9.5906466413e-07, 5.32857427515e-07, 1.95323067942e-07, 2.59371034872e-07, 2.00255527716e-07, 2.27051145885e-07, 2.41860590222e-07, 2.44346267664e-07, 2.01933048061e-07, 1.1057899485e-07, 6.94310742233e-08, 1.93303648643e-08, 5.7255700181e-10], "dvar": [8.76234995673e-09, 0.000120924822113, 3.19075297739e-05, 5.2223581406e-06, 4.09473177569e-05, 8.28941392683e-06, 1.62836772688e-06, 4.92870231028e-06, 5.09944720761e-06, 2.30618184105e-06, 1.28471435801e-06, 5.42952989235e-07, 7.75098669692e-07, 1.12884242753e-06, 4.94601010814e-07, 2.56761040873e-07, 1.18504132729e-07, 1.19054284653e-07, 7.22904687223e-08, 1.238758216e-07, 1.52313887725e-07, 8.34975466546e-08, 5.84597401598e-08, 2.85954353529e-08, 3.3408174005e-08, 4.35356461992e-09, 3.70706021435e-10], "mean": [6.48574059596e-05, 0.00434505054727, 0.00233297934756, 0.00145519722719, 0.0024050201755, 0.00150940893218, 0.000657430791762, 0.000940161233302, 0.00140132708475, 0.000771892664488, 0.000603659136686, 0.000492021325044, 0.000536179053597, 0.000610725022852, 0.000508153345436, 0.000386468746001, 0.000273132463917, 0.000370108842617, 0.000300646555843, 0.000311926472932, 0.000327503745211, 0.000314755161526, 0.000246881856583, 0.000186614372069, 0.000168825979927, 8.40424763737e-05, 1.05586823338e-05]}, "melbands_flatness_db": {"min": 0.0243463423103, "max": 0.615166842937, "dvar2": 0.00232426146977, "median": 0.153102204204, "dmean2": 0.048384655267, "dmean": 0.0321600809693, "var": 0.0102800121531, "dvar": 0.00105497462209, "mean": 0.178188845515}, "melbands_skewness": {"min": -2.7122323513, "max": 17.4660949707, "dvar2": 2.82885599136, "median": 2.2899184227, "dmean2": 1.46906781197, "dmean": 0.931541144848, "var": 3.23792505264, "dvar": 1.15037441254, "mean": 2.65138792992}, "barkbands_skewness": {"min": -3.82089710236, "max": 12.9263238907, "dvar2": 1.32269477844, "median": 1.15313482285, "dmean2": 1.02182912827, "dmean": 0.655000567436, "var": 1.69485199451, "dvar": 0.546356797218, "mean": 1.39775955677}, "silence_rate_60dB": {"min": 0, "max": 1, "dvar2": 0.0858820155263, "median": 0, "dmean2": 0.0824616849422, "dmean": 0.0413424111903, "var": 0.0676219090819, "dvar": 0.0396329537034, "mean": 0.0729394629598}, "spectral_energyband_low": {"min": 1.21989927493e-07, "max": 0.105122365057, "dvar2": 0.00052672252059, "median": 0.00285263149999, "dmean2": 0.0103362193331, "dmean": 0.00624109106138, "var": 0.000192637788132, "dvar": 0.000206549972063, "mean": 0.00761770736426}, "spectral_energyband_middle_low": {"min": 2.44808779826e-06, "max": 0.174034789205, "dvar2": 0.000315239478368, "median": 0.00554258329794, "dmean2": 0.00835610926151, "dmean": 0.00503549911082, "var": 0.000117196890642, "dvar": 0.000115008115245, "mean": 0.00857950747013}, "melbands_kurtosis": {"min": -1.80976867676, "max": 417.79083252, "dvar2": 1038.4296875, "median": 6.75836086273, "dmean2": 15.1433172226, "dmean": 9.15861225128, "var": 630.993103027, "dvar": 379.932647705, "mean": 14.3121385574}, "spectral_decrease": {"min": -4.81330353352e-08, "max": -1.3568363013e-12, "dvar2": 5.5984437508e-17, "median": -3.46366491044e-09, "dmean2": 4.48525749874e-09, "dmean": 2.76850853353e-09, "var": 2.82626671096e-17, "dvar": 2.1821568844e-17, "mean": -5.17984188875e-09}, "erbbands_kurtosis": {"min": -1.7767598629, "max": 53.9548110962, "dvar2": 6.71588087082, "median": -0.314196109772, "dmean2": 1.58143007755, "dmean": 1.01276016235, "var": 6.75473356247, "dvar": 3.08829283714, "mean": 0.39013338089}, "melbands_crest": {"min": 3.26418805122, "max": 31.8502082825, "dvar2": 26.5099124908, "median": 12.3310537338, "dmean2": 5.87488174438, "dmean": 3.63986968994, "var": 28.7829265594, "dvar": 10.8041172028, "mean": 13.3370790482}, "gfcc": {"cov": [[8317.19238281, -2803.09521484, -264.538726807, 281.422302246, -540.301513672, 548.957702637, -291.347717285, 250.618560791, -389.2109375, 414.948120117, -403.131622314, 213.928619385, -165.639770508], [-2803.09521484, 2961.28320312, 350.06463623, 238.306045532, 726.867919922, -131.059997559, 343.053833008, -234.556182861, 140.021621704, -303.157012939, 257.005615234, -144.535308838, 73.0773849487], [-264.538726807, 350.06463623, 1175.99389648, 381.69644165, 323.091766357, 153.817779541, 144.21043396, -20.5341777802, -30.3326206207, 21.2608585358, -9.57455730438, 45.9904594421, -9.96340560913], [281.422302246, 238.306045532, 381.69644165, 588.911010742, 194.554550171, 127.034614563, 54.5013961792, -35.1494598389, -20.7551574707, -4.95749807358, -32.7440986633, 0.217504784465, -1.54857707024], [-540.301513672, 726.867919922, 323.091766357, 194.554550171, 536.018066406, 68.0116653442, 160.793670654, -32.3351402283, 62.6940460205, -46.3937683105, 40.0720024109, -9.97236347198, 11.2266750336], [548.957702637, -131.059997559, 153.817779541, 127.034614563, 68.0116653442, 267.648925781, 87.6707000732, 34.3426246643, -32.6386985779, 37.0660820007, -26.7306499481, 21.8325805664, -19.0657634735], [-291.347717285, 343.053833008, 144.21043396, 54.5013961792, 160.793670654, 87.6707000732, 261.213409424, 4.71557283401, 31.0669155121, -27.6303920746, 40.2510261536, -13.3275184631, -5.46849918365], [250.618560791, -234.556182861, -20.5341777802, -35.1494598389, -32.3351402283, 34.3426246643, 4.71557283401, 151.224273682, 37.9943199158, 35.3182563782, -19.8219604492, 10.7922763824, 7.29221868515], [-389.2109375, 140.021621704, -30.3326206207, -20.7551574707, 62.6940460205, -32.6386985779, 31.0669155121, 37.9943199158, 160.819107056, 16.2852649689, 17.9127140045, -21.9699897766, 12.281794548], [414.948120117, -303.157012939, 21.2608585358, -4.95749807358, -46.3937683105, 37.0660820007, -27.6303920746, 35.3182563782, 16.2852649689, 125.538841248, -5.02913665771, 28.7156047821, -12.2176570892], [-403.131622314, 257.005615234, -9.57455730438, -32.7440986633, 40.0720024109, -26.7306499481, 40.2510261536, -19.8219604492, 17.9127140045, -5.02913665771, 118.418380737, 7.9614610672, 22.3151016235], [213.928619385, -144.535308838, 45.9904594421, 0.217504784465, -9.97236347198, 21.8325805664, -13.3275184631, 10.7922763824, -21.9699897766, 28.7156047821, 7.9614610672, 99.7394180298, 21.021982193], [-165.639770508, 73.0773849487, -9.96340560913, -1.54857707024, 11.2266750336, -19.0657634735, -5.46849918365, 7.29221868515, 12.281794548, -12.2176570892, 22.3151016235, 21.021982193, 76.0140380859]], "icov": [[0.000272133853287, 7.46734222048e-05, 0.000169363309396, -0.00018029360217, -1.53157925524e-05, -0.000285242538666, 5.25051254954e-05, -0.000228716249694, 0.00054227898363, -0.000565568567254, 0.000477442401461, -0.00026945778518, 0.000252010242548], [7.46734222048e-05, 0.00113597151358, -6.44189567538e-05, -0.000218465895159, -0.00089771009516, 0.000297356571537, -0.000414920621552, 0.000836504914332, -0.000394358154153, 0.00150724046398, -0.00149574317038, 0.000886754016392, -0.000345353531884], [0.000169363309396, -6.44189567538e-05, 0.00140098540578, -0.000687624211423, -0.000474717933685, -0.000221276830416, -0.000310876232106, -0.00024533944088, 0.00078706163913, -0.000947211578023, 0.000639460573439, -0.000798083085101, 0.000369968183804], [-0.00018029360217, -0.000218465895159, -0.000687624211423, 0.00264340499416, -0.000381444755476, -0.000777059118263, 0.000358897581464, 0.00066608923953, -0.000239011453232, 0.000152225926286, 0.000610722287092, 0.000479922658997, -0.000644694955554], [-1.53157925524e-05, -0.00089771009516, -0.000474717933685, -0.000381444755476, 0.00379996234551, -0.000634972937405, -0.000668901309837, -8.45065587782e-05, -0.00104639399797, -0.000202962313779, 0.000713094719686, -0.000874012475833, 0.000167977254023], [-0.000285242538666, 0.000297356571537, -0.000221276830416, -0.000777059118263, -0.000634972937405, 0.00631366530433, -0.00238694087602, -0.000843350717332, 0.00111395551357, -0.000795612460934, 0.000210925383726, -0.000132658344228, 0.000301192660118], [5.25051254954e-05, -0.000414920621552, -0.000310876232106, 0.000358897581464, -0.000668901309837, -0.00238694087602, 0.00622153142467, -0.000803972652648, -0.000763172458392, 0.00105227611493, -0.00148360989988, 0.000201950460905, 0.00117680232506], [-0.000228716249694, 0.000836504914332, -0.00024533944088, 0.00066608923953, -8.45065587782e-05, -0.000843350717332, -0.000803972652648, 0.0094349514693, -0.00328439543955, 0.000355740834493, 0.000130395113956, 0.000460349285277, -0.00206091301516], [0.00054227898363, -0.000394358154153, 0.00078706163913, -0.000239011453232, -0.00104639399797, 0.00111395551357, -0.000763172458392, -0.00328439543955, 0.0101027265191, -0.00449624890462, 0.00134960364085, 0.00138468516525, -0.000780937727541], [-0.000565568567254, 0.00150724046398, -0.000947211578023, 0.000152225926286, -0.000202962313779, -0.000795612460934, 0.00105227611493, 0.000355740834493, -0.00449624890462, 0.0147810885683, -0.00460130954161, -0.00117861432955, 0.00184847530909], [0.000477442401461, -0.00149574317038, 0.000639460573439, 0.000610722287092, 0.000713094719686, 0.000210925383726, -0.00148360989988, 0.000130395113956, 0.00134960364085, -0.00460130954161, 0.014014470391, -0.00277062738314, -0.00190262007527], [-0.00026945778518, 0.000886754016392, -0.000798083085101, 0.000479922658997, -0.000874012475833, -0.000132658344228, 0.000201950460905, 0.000460349285277, 0.00138468516525, -0.00117861432955, -0.00277062738314, 0.0140865994617, -0.00496382405981], [0.000252010242548, -0.000345353531884, 0.000369968183804, -0.000644694955554, 0.000167977254023, 0.000301192660118, 0.00117680232506, -0.00206091301516, -0.000780937727541, 0.00184847530909, -0.00190262007527, -0.00496382405981, 0.0167596787214]], "mean": [-5.72220993042, 68.1428222656, -113.881256104, 28.5471038818, -60.6919898987, 13.2519226074, -37.803150177, 6.27272319794, -24.5103378296, 2.33361911774, -17.2078208923, -1.30800509453, -10.6416053772]}, "melbands_spread": {"min": 0.404622375965, "max": 211.994277954, "dvar2": 453.15802002, "median": 25.2906455994, "dmean2": 16.8684711456, "dmean": 11.0084075928, "var": 630.026000977, "dvar": 224.497817993, "mean": 30.3723754883}, "spectral_energy": {"min": 6.48925652058e-06, "max": 0.190437555313, "dvar2": 0.000848292373121, "median": 0.0145007986575, "dmean2": 0.0176131613553, "dmean": 0.0109524615109, "var": 0.000464022625238, "dvar": 0.000332095019985, "mean": 0.0216155461967}, "mfcc": {"cov": [[8410.85839844, -2432.35473633, -390.074615479, -212.908294678, -390.513702393, 177.525085449, -44.5621490479, -136.151290894, 49.4266700745, -3.04728341103, 52.4838180542, -205.26802063, -21.6978607178], [-2432.35473633, 2184.72558594, 126.947212219, 299.334869385, 359.525421143, 122.981163025, 228.805664062, 154.058074951, -32.7043876648, -0.736294269562, -33.8647079468, 59.9945449829, 43.0427284241], [-390.074615479, 126.947212219, 857.131958008, 274.811584473, 188.608123779, 203.617767334, 160.177032471, 57.9679489136, 47.3799972534, -7.54752016068, -19.0512161255, -0.0987509787083, 66.8444900513], [-212.908294678, 299.334869385, 274.811584473, 472.114532471, 208.90814209, 163.693344116, 89.9950714111, 57.3451766968, 49.1210098267, -7.01807785034, -27.3585338593, 13.4741001129, 48.2596740723], [-390.513702393, 359.525421143, 188.608123779, 208.90814209, 361.579467773, 123.694946289, 79.6718521118, 53.2052154541, 57.2874755859, 16.9753227234, -12.1210403442, 4.9799284935, 47.3329200745], [177.525085449, 122.981163025, 203.617767334, 163.693344116, 123.694946289, 305.6121521, 147.658782959, 73.2472229004, 43.2354736328, 4.96989965439, 20.7480659485, -6.56441879272, 37.8585548401], [-44.5621490479, 228.805664062, 160.177032471, 89.9950714111, 79.6718521118, 147.658782959, 248.258300781, 88.5825119019, 17.1056175232, 4.51339244843, 5.6770939827, 4.8760766983, 20.6415233612], [-136.151290894, 154.058074951, 57.9679489136, 57.3451766968, 53.2052154541, 73.2472229004, 88.5825119019, 144.845336914, 53.5072631836, 14.3155260086, 9.36568832397, 8.68954372406, 10.1069631577], [49.4266700745, -32.7043876648, 47.3799972534, 49.1210098267, 57.2874755859, 43.2354736328, 17.1056175232, 53.5072631836, 127.320426941, 46.8000488281, 15.6522140503, 4.48187065125, 18.369468689], [-3.04728341103, -0.736294269562, -7.54752016068, -7.01807785034, 16.9753227234, 4.96989965439, 4.51339244843, 14.3155260086, 46.8000488281, 116.798049927, 35.8105888367, 5.21909809113, -1.77312040329], [52.4838180542, -33.8647079468, -19.0512161255, -27.3585338593, -12.1210403442, 20.7480659485, 5.6770939827, 9.36568832397, 15.6522140503, 35.8105888367, 101.519454956, 20.9553527832, 0.055255215615], [-205.26802063, 59.9945449829, -0.0987509787083, 13.4741001129, 4.9799284935, -6.56441879272, 4.8760766983, 8.68954372406, 4.48187065125, 5.21909809113, 20.9553527832, 94.7864990234, 25.9397087097], [-21.6978607178, 43.0427284241, 66.8444900513, 48.2596740723, 47.3329200745, 37.8585548401, 20.6415233612, 10.1069631577, 18.369468689, -1.77312040329, 0.055255215615, 25.9397087097, 86.1262893677]], "icov": [[0.000211382197449, 0.000243496106123, 0.000162508935318, -7.81606140663e-05, 6.23009036644e-05, -0.000217601904296, -0.000180793664185, 9.82156416285e-05, -6.93373112881e-06, 4.43836415798e-06, -3.82217149308e-05, 0.00034953613067, -0.00016122982197], [0.000243496106123, 0.000955928757321, 0.000313811353408, -0.000314618024277, -0.000544865091797, -3.50494810846e-05, -0.0006045611226, -0.000464514276246, 0.000756773806643, -0.000169303719304, 0.000117394549306, 5.61850065424e-05, -0.000151294123498], [0.000162508935318, 0.000313811353408, 0.00178810709622, -0.000664959196001, -0.000266911112703, -0.000524565461092, -0.000818295229692, 0.00025669511524, -5.74365549255e-05, 8.5171610408e-05, 0.000171967447386, 0.000395624752855, -0.000693074834999], [-7.81606140663e-05, -0.000314618024277, -0.000664959196001, 0.00359399616718, -0.00110274506733, -0.00105920515489, 0.000435970519902, -5.79933184781e-05, -0.000576857943088, 0.000331384508172, 0.000962782825809, -0.000705912883859, -4.44096294814e-05], [6.23009036644e-05, -0.000544865091797, -0.000266911112703, -0.00110274506733, 0.0047321440652, -0.000740727002267, 5.08054290549e-05, 0.00037802933366, -0.00145721039735, -0.000354699295713, 0.000341279868735, 0.000613068521488, -0.00109991128556], [-0.000217601904296, -3.50494810846e-05, -0.000524565461092, -0.00105920515489, -0.000740727002267, 0.00626846635714, -0.00238213734701, -0.000783228024375, -0.000351081282133, 0.00055803131545, -0.00179753219709, 0.00100842886604, -0.000938382116146], [-0.000180793664185, -0.0006045611226, -0.000818295229692, 0.000435970519902, 5.08054290549e-05, -0.00238213734701, 0.00734288617969, -0.00310434610583, 0.00127182947472, -0.000414232781623, 0.000270464661298, -0.000465542922029, 0.000131299166242], [9.82156416285e-05, -0.000464514276246, 0.00025669511524, -5.79933184781e-05, 0.00037802933366, -0.000783228024375, -0.00310434610583, 0.0112477205694, -0.0047962917015, 0.000770995393395, -0.000281133980025, -0.000406080129324, 0.000812103156932], [-6.93373112881e-06, 0.000756773806643, -5.74365549255e-05, -0.000576857943088, -0.00145721039735, -0.000351081282133, 0.00127182947472, -0.0047962917015, 0.0127731962129, -0.00439058896154, -8.61764929141e-05, 0.000123014542623, -0.00165065668989], [4.43836415798e-06, -0.000169303719304, 8.5171610408e-05, 0.000331384508172, -0.000354699295713, 0.00055803131545, -0.000414232781623, 0.000770995393395, -0.00439058896154, 0.0113844471052, -0.00353683950379, 0.000191948609427, 0.000907662732061], [-3.82217149308e-05, 0.000117394549306, 0.000171967447386, 0.000962782825809, 0.000341279868735, -0.00179753219709, 0.000270464661298, -0.000281133980025, -8.61764929141e-05, -0.00353683950379, 0.012540477328, -0.00319775217213, 0.000730130588636], [0.00034953613067, 5.61850065424e-05, 0.000395624752855, -0.000705912883859, 0.000613068521488, 0.00100842886604, -0.000465542922029, -0.000406080129324, 0.000123014542623, 0.000191948609427, -0.00319775217213, 0.0134009374306, -0.00452885730192], [-0.00016122982197, -0.000151294123498, -0.000693074834999, -4.44096294814e-05, -0.00109991128556, -0.000938382116146, 0.000131299166242, 0.000812103156932, -0.00165065668989, 0.000907662732061, 0.000730130588636, -0.00452885730192, 0.014833134599]], "mean": [-649.466674805, 100.917457581, 2.86026239395, 16.6248378754, 1.11613380909, 4.8495182991, -1.08771896362, 0.351289957762, -1.5282844305, 0.394955247641, 0.429268956184, -3.14511346817, -3.6624917984]}, "spectral_contrast_valleys": {"min": [-12.0489339828, -10.2413930893, -11.1161384583, -11.2333993912, -11.3558387756, -14.5385789871], "max": [-5.27907657623, -4.1385383606, -4.9503993988, -5.22693061829, -5.59197807312, -7.50590801239], "dvar2": [0.37264251709, 0.391929209232, 0.279454886913, 0.238497659564, 0.259276747704, 0.269843637943], "median": [-7.316655159, -6.86017513275, -7.31605434418, -7.58843851089, -7.35086345673, -9.66266059875], "dmean2": [0.705762803555, 0.695368230343, 0.592174947262, 0.523695886135, 0.478252381086, 0.435233473778], "dmean": [0.448560029268, 0.437090486288, 0.390937328339, 0.348417103291, 0.326787054539, 0.32798537612], "var": [1.52590632439, 0.690443396568, 0.797753930092, 0.867501437664, 1.09184265137, 1.82655096054], "dvar": [0.169867619872, 0.16542892158, 0.129902675748, 0.114111714065, 0.119599804282, 0.148888707161], "mean": [-7.65493202209, -6.93565702438, -7.44287157059, -7.72741270065, -7.57021188736, -10.0281324387]}, "barkbands_flatness_db": {"min": 0.0171627979726, "max": 0.469532668591, "dvar2": 0.00137069693301, "median": 0.100475735962, "dmean2": 0.0373308137059, "dmean": 0.0245317611843, "var": 0.00583366723731, "dvar": 0.000587675254792, "mean": 0.121104225516}, "dynamic_complexity": 3.48305034637, "erbbands_flatness_db": {"min": 0.0452510006726, "max": 0.370844036341, "dvar2": 0.00064048479544, "median": 0.130319222808, "dmean2": 0.0265252031386, "dmean": 0.