{"lowlevel": {"spectral_complexity": {"min": 0, "max": 60, "dvar2": 58.4268112183, "median": 18, "dmean2": 6.98295021057, "dmean": 4.67179918289, "var": 158.907958984, "dvar": 32.7362632751, "mean": 19.3282737732}, "silence_rate_20dB": {"min": 1, "max": 1, "dvar2": 0, "median": 1, "dmean2": 0, "dmean": 0, "var": 0, "dvar": 0, "mean": 1}, "average_loudness": 0.915667891502, "erbbands_spread": {"min": 2.59161114693, "max": 173.484603882, "dvar2": 226.638473511, "median": 30.651632309, "dmean2": 13.1617336273, "dmean": 8.63565635681, "var": 313.545471191, "dvar": 104.541282654, "mean": 34.1640586853}, "spectral_kurtosis": {"min": -1.26506590843, "max": 56.1579627991, "dvar2": 19.83826828, "median": 4.57060098648, "dmean2": 3.18256402016, "dmean": 1.98104035854, "var": 16.9978027344, "dvar": 7.89271640778, "mean": 5.35340595245}, "barkbands_kurtosis": {"min": -1.93735730648, "max": 633.960266113, "dvar2": 551.33984375, "median": 1.02079439163, "dmean2": 7.21100473404, "dmean": 4.54276227951, "var": 288.153137207, "dvar": 225.152069092, "mean": 5.25847387314}, "spectral_strongpeak": {"min": 0, "max": 12.2084388733, "dvar2": 2.02386879921, "median": 0.448584079742, "dmean2": 1.00444960594, "dmean": 0.594540953636, "var": 1.44194877148, "dvar": 0.802019059658, "mean": 0.978653609753}, "spectral_spread": {"min": 1188138.375, "max": 42174380, "dvar2": 1813132083200.0, "median": 3811938.25, "dmean2": 957580.4375, "dmean": 678737.3125, "var": 6986083598340.0, "dvar": 1040425811970.0, "mean": 4487523}, "spectral_rms": {"min": 3.13132549404e-12, "max": 0.0107452888042, "dvar2": 1.78197831247e-06, "median": 0.0042131380178, "dmean2": 0.00130209582858, "dmean": 0.000898455735296, "var": 4.08031746701e-06, "dvar": 9.66079824138e-07, "mean": 0.00420827697963}, "erbbands": {"min": [2.10254756281e-22, 1.43745108287e-21, 2.86884310814e-21, 4.61903106656e-21, 2.56460385742e-20, 4.88860413909e-20, 6.41632692047e-20, 1.61451037738e-19, 1.8363564695e-19, 2.09369507226e-19, 3.3844291218e-19, 4.263463619e-19, 7.2335440133e-19, 6.90706875022e-19, 1.60836667433e-18, 1.13547103365e-18, 1.96398506135e-18, 1.66074168276e-18, 4.52770501812e-18, 3.92934406969e-18, 4.01010047212e-18, 7.145093487e-18, 5.71755469844e-18, 5.80767643977e-18, 7.04557869623e-18, 1.01373300174e-17, 1.20635061005e-17, 1.02799094852e-17, 1.10975618043e-17, 1.18001582633e-17, 1.09438823998e-17, 1.0619532474e-17, 9.82487825745e-18, 9.01236024843e-18, 6.03692747858e-18, 4.42325899012e-18, 2.73467771666e-18, 1.13124238296e-18, 2.82609642549e-19, 2.78764551633e-20], "max": [1.99939799309, 16.2827262878, 43.8396492004, 41.2505340576, 129.254837036, 111.246368408, 246.913040161, 388.571594238, 641.093811035, 1528.71582031, 1838.90344238, 1408.97668457, 1265.09204102, 1349.89953613, 1869.45593262, 1196.89282227, 610.926696777, 664.275146484, 1091.20092773, 1292.08459473, 1506.22302246, 706.783630371, 695.168823242, 455.851135254, 844.015625, 913.726318359, 262.248504639, 271.0652771, 280.783203125, 316.2784729, 267.118652344, 160.538085938, 53.7967796326, 29.2158870697, 17.7312545776, 13.9336881638, 5.3479180336, 0.663633584976, 0.120281390846, 0.0102266222239], "dvar2": [0.0985397547483, 5.42563581467, 50.0653343201, 38.0787010193, 354.642059326, 200.928512573, 319.838684082, 1379.7791748, 1405.99926758, 4526.31005859, 11445.3144531, 12689.8310547, 7977.99560547, 8106.52978516, 8812.60644531, 3348.0612793, 2444.54199219, 2846.19628906, 4214.27246094, 6241.03076172, 4311.93994141, 1733.39331055, 1059.3449707, 633.690551758, 658.434082031, 744.94934082, 189.607376099, 326.289337158, 230.638137817, 284.216308594, 216.159576416, 80.75806427, 24.7845230103, 4.85543632507, 1.43520903587, 0.443025112152, 0.0520587898791, 0.00267799058929, 0.000115187867777, 1.20337335829e-06], "median": [0.0125200953335, 0.116356767714, 0.449994206429, 1.34650480747, 2.27098369598, 2.93205666542, 4.29350852966, 6.26820850372, 6.62469244003, 8.49924564362, 13.7442941666, 14.2408771515, 12.4510259628, 11.3409976959, 7.99272060394, 9.21737384796, 12.1418447495, 11.9162569046, 11.3179693222, 11.0506629944, 10.4813985825, 8.71208763123, 6.46131467819, 5.99769258499, 7.35002231598, 5.44193601608, 3.85073161125, 2.2149939537, 1.4118026495, 1.08156859875, 0.635800242424, 0.278383344412, 0.153157010674, 0.103626325727, 0.0550291500986, 0.0243800561875, 0.00863136164844, 0.00232928805053, 0.000295611069305, 4.16281836806e-05], "dmean2": [0.146627381444, 1.26190531254, 3.56531643867, 3.91306519508, 8.47900867462, 7.42660474777, 9.89898967743, 18.4516677856, 19.0860939026, 26.4601287842, 43.8824577332, 49.1104049683, 39.4253082275, 36.7057991028, 28.1634197235, 23.4059963226, 27.0578174591, 29.3827590942, 30.0984210968, 27.8898696899, 26.2262153625, 21.3969097137, 15.3614997864, 11.3982315063, 11.7898836136, 9.11217880249, 7.25236415863, 8.62970161438, 6.76293563843, 5.94932079315, 4.81478834152, 3.08115983009, 1.97524535656, 0.975189566612, 0.493807673454, 0.251194357872, 0.0899967998266, 0.0197347998619, 0.00369090912864, 0.000325355707901], "dmean": [0.0907127410173, 0.791792392731, 2.04527235031, 2.28940749168, 4.96111965179, 4.4123711586, 6.10681438446, 11.0250997543, 11.8798437119, 17.0040512085, 27.959192276, 31.1787242889, 25.2020206451, 23.5810375214, 18.3891868591, 14.6757917404, 16.7320804596, 18.6930713654, 19.132194519, 18.0539627075, 17.0134353638, 14.0553255081, 9.7209444046, 7.59849834442, 7.84447002411, 6.2078166008, 4.90160894394, 5.8225312233, 4.70474147797, 4.25657272339, 3.46052408218, 2.27076601982, 1.37151634693, 0.735117077827, 0.368353962898, 0.181040987372, 0.0656428858638, 0.0147014101967, 0.00281354854815, 0.000256448460277], "var": [0.0427088811994, 2.89506101608, 16.9999237061, 16.2967834473, 106.596084595, 82.0800170898, 222.989105225, 650.868469238, 1124.68786621, 3146.03369141, 9376.58691406, 12567.0449219, 8026.16699219, 6423.71191406, 5941.55859375, 2940.61083984, 2200.80834961, 2566.73046875, 4332.84277344, 4363.60400391, 2902.70214844, 2061.61938477, 980.863647461, 553.560119629, 599.588684082, 518.716186523, 203.694992065, 287.517852783, 211.624816895, 226.428833008, 154.017166138, 61.1982574463, 22.5785675049, 5.98326921463, 1.59964346886, 0.37847918272, 0.0521891824901, 0.00246440782212, 0.00010468979599, 9.54173401624e-07], "dvar": [0.0421268120408, 2.399102211, 18.4185733795, 14.2851753235, 131.339187622, 75.3617324829, 128.569793701, 534.189697266, 613.391967773, 2001.31921387, 4822.38769531, 5339.72509766, 3532.44970703, 3535.51757812, 3468.34936523, 1369.33227539, 941.591491699, 1158.75598145, 1750.92480469, 2663.81176758, 1767.23022461, 838.594055176, 468.478271484, 290.968811035, 305.404846191, 311.042205811, 94.6586074829, 162.128829956, 118.577209473, 134.232025146, 101.551139832, 40.1489334106, 13.3287658691, 2.97953009605, 0.814859271049, 0.222460269928, 0.0290346760303, 0.00143780186772, 6.74763796269e-05, 6.56865438486e-07], "mean": [0.0863467007875, 0.824036717415, 2.06602501869, 2.82939195633, 5.36976003647, 5.76754331589, 9.09079647064, 14.5883026123, 17.5259075165, 24.8594551086, 45.091709137, 51.9471054077, 41.8637237549, 39.6828727722, 29.7817993164, 25.0160579681, 29.8802986145, 32.3857002258, 33.6500701904, 29.3797626495, 28.1635303497, 24.5602474213, 16.658531189, 13.8419733047, 14.777803421, 12.0243740082, 8.99390125275, 8.39009189606, 6.52360439301, 6.01496982574, 4.43449640274, 2.80528616905, 1.74111020565, 1.00016379356, 0.496512651443, 0.212754666805, 0.0784732624888, 0.0183804091066, 0.00321500003338, 0.000294594676234]}, "zerocrossingrate": {"min": 0, "max": 0.52099609375, "dvar2": 0.000559708103538, "median": 0.052734375, "dmean2": 0.0166049990803, "dmean": 0.0147676616907, "var": 0.00308069074526, "dvar": 0.000496256106999, "mean": 0.0652593523264}, "spectral_contrast_coeffs": {"min": [-0.992853939533, -0.998355746269, -0.996913433075, -0.988399863243, -0.989085078239, -0.963889062405], "max": [-0.317187935114, -0.307498514652, -0.444205850363, -0.528849005699, -0.565809905529, -0.524669110775], "dvar2": [0.00614330312237, 0.00538282608613, 0.00317431194708, 0.00172038050368, 0.00110767583828, 0.00181637099013], "median": [-0.646059393883, -0.747147738934, -0.77876073122, -0.805156946182, -0.802952587605, -0.746707379818], "dmean2": [0.0989070236683, 0.0909125432372, 0.0692450106144, 0.0494662076235, 0.0394237041473, 0.0412520952523], "dmean": [0.0601621903479, 0.0557855814695, 0.0435348860919, 0.0309196598828, 0.0247578341514, 0.0265373270959], "var": [0.0090452125296, 0.0076110092923, 0.0066996300593, 0.00333840097301, 0.00219828751869, 0.00315279071219], "dvar": [0.00235082930885, 0.00212892866693, 0.0013754934771, 0.000725282588974, 0.000483188341605, 0.000753250555135], "mean": [-0.637917935848, -0.737203061581, -0.763841569424, -0.79530531168, -0.797635614872, -0.750448644161]}, "dissonance": {"min": 0.120418384671, "max": 0.500000119209, "dvar2": 0.00140861782711, "median": 0.471256434917, "dmean2": 0.0359316654503, "dmean": 0.0216754395515, "var": 0.00115703011397, "dvar": 0.000523658178281, "mean": 0.461623758078}, "spectral_energyband_high": {"min": 7.19508757883e-21, "max": 0.0222093332559, "dvar2": 2.61931359091e-06, "median": 0.000312338059302, "dmean2": 0.000783216266427, "dmean": 0.000587731832638, "var": 3.16654882226e-06, "dvar": 1.56034968768e-06, "mean": 0.000947993597947}, "spectral_skewness": {"min": -0.452276885509, "max": 6.30177021027, "dvar2": 0.256511002779, "median": 1.52209603786, "dmean2": 0.440077602863, "dmean": 0.284318119287, "var": 0.374274909496, "dvar": 0.107880756259, "mean": 1.59649860859}, "spectral_flux": {"min": 6.51786333239e-11, "max": 0.271705091, "dvar2": 0.00183973961975, "median": 0.0853052064776, "dmean2": 0.0438717827201, "dmean": 0.0275587122887, "var": 0.00242304638959, "dvar": 0.000847462390084, "mean": 0.0904680490494}, "silence_rate_30dB": {"min": 1, "max": 1, "dvar2": 0, "median": 1, "dmean2": 0, "dmean": 0, "var": 0, "dvar": 0, "mean": 1}, "spectral_energyband_middle_high": {"min": 1.21631819976e-21, "max": 0.0594251640141, "dvar2": 2.4747389034e-05, "median": 0.00390787702054, "dmean2": 0.00328357284889, "dmean": 0.00225730240345, "var": 4.97952678415e-05, "dvar": 1.22391493278e-05, "mean": 0.00611876742914}, "barkbands_spread": {"min": 0.287247061729, "max": 136.967330933, "dvar2": 200.570999146, "median": 19.3014144897, "dmean2": 11.014538765, "dmean": 7.15303611755, "var": 222.69303894, "dvar": 89.9271011353, "mean": 22.1984462738}, "spectral_centroid": {"min": 147.695831299, "max": 11631.2714844, "dvar2": 366222.4375, "median": 1334.92700195, "dmean2": 480.636901855, "dmean": 310.556732178, "var": 764523.375, "dvar": 178051, "mean": 1422.15270996}, "pitch_salience": {"min": 0.0508397035301, "max": 0.99602162838, "dvar2": 0.0202491078526, "median": 0.607848644257, "dmean2": 0.152316048741, "dmean": 0.0948695912957, "var": 0.0200024377555, "dvar": 0.00818318407983, "mean": 0.587273955345}, "erbbands_skewness": {"min": -5.28505992889, "max": 9.5936164856, "dvar2": 0.526254355907, "median": 0.336096018553, "dmean2": 0.678913652897, "dmean": 0.43990021944, "var": 0.854974925518, "dvar": 0.240458458662, "mean": 0.404233276844}, "erbbands_crest": {"min": 2.31221032143, "max": 31.3599796295, "dvar2": 19.3666534424, "median": 8.23688030243, "dmean2": 4.79296541214, "dmean": 2.96186614037, "var": 22.8511600494, "dvar": 8.01598453522, "mean": 9.44081687927}, "melbands": {"min": [2.31593784555e-24, 2.50260895978e-24, 1.22925867721e-24, 2.6576712064e-24, 2.17413378695e-24, 3.23078693708e-24, 2.27986067255e-24, 1.83760138604e-24, 3.15608969797e-24, 2.57470986044e-24, 3.18813520009e-24, 2.45853313164e-24, 4.54341006817e-24, 3.82529854767e-24, 2.56012618888e-24, 3.94835296027e-24, 2.67394343472e-24, 6.22500987147e-24, 5.49436847878e-24, 3.44204940953e-24, 4.02592559739e-24, 6.55125237073e-24, 5.34662390313e-24, 4.69947081548e-24, 3.8835764359e-24, 4.8476760859e-24, 5.72034596812e-24, 5.65446306633e-24, 7.23330229824e-24, 5.85971007994e-24, 5.67955830945e-24, 5.99447907699e-24, 6.60616773935e-24, 6.14778038885e-24, 5.18848766278e-24, 4.66613947008e-24, 6.75310452143e-24, 5.50521926053e-24, 6.27062259787e-24, 6.7224525421e-24], "max": [0.0185694452375, 0.0203616693616, 0.00839504227042, 0.00774624710903, 0.00723589817062, 0.00890297815204, 0.00845550745726, 0.0144641241059, 0.0146062569693, 0.0089773433283, 0.00667157582939, 0.00602782936767, 0.00636323541403, 0.00308934296481, 0.00151001580525, 0.00191816850565, 0.00148941576481, 0.00172854715493, 0.00229664519429, 0.00180285947863, 0.00205669784918, 0.000987912993878, 0.000724107085261, 0.000796087668277, 0.000437919079559, 0.000765805598348, 0.000597427424509, 0.000743770797271, 0.000177186710062, 0.000174045097083, 0.000127998369862, 0.000170973711647, 0.000178191039595, 0.000178540110937, 0.000154128050781, 0.000155523928697, 8.4396728198e-05, 4.19258249167e-05, 3.2831900171e-05, 2.36262167164e-05], "dvar2": [8.63525383465e-06, 8.48693616717e-06, 1.81549216904e-06, 1.234997967e-06, 3.21747762655e-07, 5.77415278258e-07, 3.25603338069e-07, 5.21612093962e-07, 7.83149573635e-07, 4.65478819933e-07, 2.09173109056e-07, 1.54990374313e-07, 1.12334603841e-07, 3.22213296045e-08, 1.11902016542e-08, 1.53064050323e-08, 1.21817702592e-08, 1.4247452107e-08, 1.22017631554e-08, 1.08815019217e-08, 8.60047144613e-09, 2.83745449359e-09, 1.82026171913e-09, 1.00180330698e-09, 5.13465547858e-10, 5.72527192322e-10, 3.36019184699e-10, 4.69145555737e-10, 8.8386187258e-11, 1.05504327497e-10, 1.37399147615e-10, 7.74535852122e-11, 9.93468987631e-11, 9.29687438145e-11, 8.58642670853e-11, 5.48438308656e-11, 2.75816296885e-11, 1.49259597737e-11, 6.36070883464e-12, 3.53865396187e-12], "median": [0.000130561908009, 0.000224402174354, 0.000296474201605, 0.00020642922027, 0.000156160516781, 0.000149435960338, 0.000103783175291, 8.94196127774e-05, 0.000112443973194, 7.83489231253e-05, 5.48028110643e-05, 4.3067484512e-05, 2.53422276728e-05, 1.78317441168e-05, 2.3692018658e-05, 2.44187340286e-05, 1.92838888324e-05, 1.63663662534e-05, 1.38603709274e-05, 1.25290034703e-05, 1.09039201561e-05, 8.70987514645e-06, 6.72564419801e-06, 4.91508899358e-06, 4.27539589509e-06, 5.43302348888e-06, 4.19272237195e-06, 3.24775851368e-06, 2.27589453061e-06, 1.70960606738e-06, 1.04892274067e-06, 7.5627770002e-07, 5.91930643168e-07, 5.41094834716e-07, 3.64144142395e-07, 2.1542238926e-07, 1.31771557221e-07, 9.48291614122e-08, 9.353276198e-08, 7.94385073277e-08], "dmean2": [0.00145965488628, 0.00157035619486, 0.000826808332931, 0.000561262189876, 0.000326747132931, 0.000398724630941, 0.000288581650238, 0.0002969748748, 0.000380013341783, 0.000301425141515, 0.000201312082936, 0.000159714982146, 0.000108394735435, 6.50005822536e-05, 5.84478439123e-05, 6.53526731185e-05, 5.85769630561e-05, 5.54399048269e-05, 3.75018607883e-05, 4.00651770178e-05, 3.45670960087e-05, 2.54578262684e-05, 1.99939404411e-05, 1.27727898871e-05, 9.79770084086e-06, 9.88687042991e-06, 8.253508895e-06, 6.32480987406e-06, 4.84376641907e-06, 4.85743112222e-06, 5.45628427062e-06, 3.90028253605e-06, 3.65099140254e-06, 3.40955739375e-06, 2.99363341583e-06, 2.3425359359e-06, 1.85416558907e-06, 1.49244772274e-06, 1.0882628203e-06, 8.04802311904e-07], "dmean": [0.000904835003894, 0.000950899615418, 0.000483508745674, 0.000332738360157, 0.000200952374144, 0.000240061417571, 0.000180095463293, 0.000191858940525, 0.000241748944973, 0.000191369326785, 0.000128170926473, 0.000102265672467, 7.01653116266e-05, 4.15107169829e-05, 3.64282641385e-05, 3.99253731302e-05, 3.72112299374e-05, 3.50608679582e-05, 2.43320664595e-05, 2.52215086221e-05, 2.19696121349e-05, 1.65314504557e-05, 1.255900861e-05, 7.98596647655e-06, 6.44542478767e-06, 6.50816991765e-06, 5.3598237173e-06, 4.21238974013e-06, 3.22695564137e-06, 3.20225444739e-06, 3.63298477168e-06, 2.67716177405e-06, 2.50589891948e-06, 2.41959151026e-06, 2.13258454096e-06, 1.6575254449e-06, 1.3002460264e-06, 1.01135276509e-06, 7.70479346102e-07, 5.91788875681e-07], "var": [3.95058032154e-06, 4.21711320087e-06, 7.08795653281e-07, 4.54408251471e-07, 2.04354904554e-07, 2.99483417621e-07, 2.48058142915e-07, 3.70764183799e-07, 6.36572735857e-07, 4.64890064222e-07, 2.06769030342e-07, 1.23699749111e-07, 8.04758997219e-08, 2.49762361904e-08, 1.08873070559e-08, 1.26715455906e-08, 9.73040403807e-09, 1.32387949492e-08, 8.25707768826e-09, 7.51990025805e-09, 5.35216448938e-09, 3.12785197742e-09, 1.47305956322e-09, 6.71684097231e-10, 3.85197373998e-10, 4.18842016625e-10, 2.71189154466e-10, 2.72610906071e-10, 8.48723522018e-11, 1.00933698899e-10, 1.01707670064e-10, 6.72374031452e-11, 7.22472567882e-11, 7.53061363268e-11, 6.15839115814e-11, 3.26981844379e-11, 2.08119858153e-11, 1.21591859845e-11, 7.51221741063e-12, 3.62919221585e-12], "dvar": [3.71514852304e-06, 3.43173178408e-06, 6.87675537847e-07, 4.72723854728e-07, 1.26166568748e-07, 2.26533643399e-07, 1.39157890544e-07, 2.30896418429e-07, 3.29873955707e-07, 2.00400805284e-07, 9.22349556731e-08, 6.7711880547e-08, 4.42537206879e-08, 1.36028992515e-08, 4.77759121154e-09, 5.93527715864e-09, 4.96880803169e-09, 5.86794568491e-09, 5.53620527199e-09, 4.45047065867e-09, 3.51567841506e-09, 1.33546818049e-09, 7.96437249484e-10, 4.09202699503e-10, 2.28201069152e-10, 2.52063508954e-10, 1.43666564756e-10, 1.98723579259e-10, 4.20265697243e-11, 4.94640127469e-11, 6.53763015945e-11, 3.90705801045e-11, 4.51939805024e-11, 4.45340153643e-11, 3.99425978403e-11, 2.4866502954e-11, 1.36909693652e-11, 7.59693263158e-12, 3.90797203625e-12, 1.95405497339e-12], "mean": [0.000881189189386, 0.00111467973329, 0.000586797890719, 0.000411098881159, 0.00030391823384, 0.000331558345351, 0.000265842507361, 0.000276083039353, 0.00038648021291, 0.000308516231598, 0.000205308475415, 0.000166686630109, 0.000108147680294, 6.47755077807e-05, 6.17842524662e-05, 6.73136964906e-05, 5.84423760301e-05, 5.66133021493e-05, 3.88796906918e-05, 3.75523632101e-05, 3.32642630383e-05, 2.69464835583e-05, 1.91470317077e-05, 1.27327630253e-05, 1.07519163066e-05, 1.143616646e-05, 9.67365031102e-06, 7.54903021516e-06, 5.75835383643e-06, 5.06762899022e-06, 4.73896398034e-06, 3.61432057616e-06, 3.37132064487e-06, 3.39401526617e-06, 2.72280931313e-06, 1.93764390133e-06, 1.60584556852e-06, 1.23347081171e-06, 1.05324727429e-06, 7.72692487772e-07]}, "spectral_entropy": {"min": 4.91967582703, "max": 9.81577205658, "dvar2": 0.126078531146, "median": 7.61406373978, "dmean2": 0.314047366381, "dmean": 0.213398382068, "var": 0.233169704676, "dvar": 0.0620106980205, "mean": 7.60179615021}, "spectral_rolloff": {"min": 21.533203125, "max": 19466.015625, "dvar2": 3558774.75, "median": 1378.125, "dmean2": 1150.77685547, "dmean": 696.425354004, "var": 4326567.5, "dvar": 1734434.875, "mean": 1819.77441406}, "barkbands": {"min": [6.16131526983e-25, 7.85003217622e-24, 4.09346530429e-25, 1.40292936372e-24, 1.12966112251e-23, 1.36069923344e-23, 9.89286795411e-24, 6.36273749135e-24, 2.13616938257e-23, 2.37015751774e-23, 3.42626051628e-23, 2.91102800672e-23, 3.73420593904e-23, 3.57154376702e-23, 7.47023256905e-23, 6.11123033319e-23, 1.13083740878e-22, 1.1542412079e-22, 1.10705470399e-22, 2.0327149449e-22, 2.63221982414e-22, 3.32703487794e-22, 4.24927688989e-22, 6.79423557126e-22, 7.82533559185e-22, 1.43910049636e-21, 2.12942987249e-21], "max": [0.00240606907755, 0.0677296668291, 0.0403089895844, 0.0221531223506, 0.0292782485485, 0.0507526881993, 0.049542337656, 0.0663383826613, 0.0469361953437, 0.0407007075846, 0.0553181804717, 0.0233475994319, 0.0148873189464, 0.0162264611572, 0.0223470870405, 0.022972241044, 0.0165169090033, 0.0143044050783, 0.0136307030916, 0.0134377358481, 0.00631408207119, 0.00912773609161, 0.0107915587723, 0.00458554783836, 0.00245746970177, 0.00276897591539, 0.000649028457701], "dvar2": [2.50296654514e-08, 0.000103249469248, 4.30717955169e-05, 7.25357995179e-06, 2.05144406209e-05, 1.25892529468e-05, 1.02192479972e-05, 1.84420259757e-05, 1.89202346519e-05, 9.79195647233e-06, 6.03913031227e-06, 1.84799557701e-06, 1.27159728436e-06, 1.58885950441e-06, 2.04891921385e-06, 1.89634340586e-06, 8.42295776238e-07, 3.88522408912e-07, 2.81134958868e-07, 2.67120725539e-07, 1.59887292739e-07, 1.97533765345e-07, 2.54855706316e-07, 1.24701358573e-07, 2.95535933503e-08, 1.751418921e-08, 5.1688795466e-09], "median": [7.42944976082e-05, 0.000499776215293, 0.00037787493784, 0.00042336457409, 0.000954866351094, 0.000763765885495, 0.000504351803102, 0.000441463052994, 0.000562492816243, 0.000326856272295, 0.000180271425052, 0.000163747667102, 0.000237104919506, 0.000215048974496, 0.00018935794651, 0.000178163696546, 0.000154975670739, 0.000107673666207, 0.000130332293338, 0.000111649969767, 7.70906772232e-05, 3.88565713365e-05, 2.53842099482e-05, 1.03885904537e-05, 9.03020827536e-06, 5.15680812896e-06, 1.64815935477e-06], "dmean2": [8.30773060443e-05, 0.00536902667955, 0.003262773389, 0.00156623509247, 0.00236963666975, 0.0019540998619, 0.00148543366231, 0.00182866188698, 0.00208107428625, 0.00135024427436, 0.000819640175905, 0.000562117667869, 0.000628985348158, 0.000672161928378, 0.000538640888408, 0.000555554230232, 0.000444423552835, 0.000275885860901, 0.000234859820921, 0.000200057038455, 0.000204521464184, 0.000183095718967, 0.000171889012563, 0.00013575227058, 7.72508865339e-05, 5.18748383911e-05, 2.3594522645e-05], "dmean": [5.67664283153e-05, 0.00337704736739, 0.00185296358541, 0.000916404766031, 0.00141246558633, 0.00118408165872, 0.000939420075156, 0.00115466094576, 0.00131051731296, 0.000862388289534, 0.000522006826941, 0.000350105838152, 0.000382963684388, 0.000423908262746, 0.000343623076333, 0.000352051167283, 0.00028710369952, 0.000173498963704, 0.000156877926202, 0.000133924288093, 0.000138566858368, 0.000126999031636, 0.00012478834833, 9.42311671679e-05, 5.7051773183e-05, 3.75371309929e-05, 1.86179695447e-05], "var": [1.5994645608e-08, 5.3871601267e-05, 1.3651698282e-05, 3.02211719827e-06, 7.78600406193e-06, 7.28417535356e-06, 7.13359213478e-06, 1.44162659126e-05, 1.73501412064e-05, 9.51214951783e-06, 4.16903549194e-06, 1.61762739026e-06, 1.10713585855e-06, 1.27064572553e-06, 1.50024402501e-06, 1.20474533105e-06, 9.42516180658e-07, 3.14249234634e-07, 2.3171944008e-07, 2.0046574889e-07, 1.58668612471e-07, 1.60906623137e-07, 1.97836726556e-07, 1.03201472257e-07, 3.77025592968e-08, 1.64954041537e-08, 4.71777417133e-09], "dvar": [1.15265983425e-08, 4.58055874333e-05, 1.55714387802e-05, 2.77406320492e-06, 7.87999033491e-06, 5.01275371789e-06, 4.31063926953e-06, 7.84773328633e-06, 7.92583068687e-06, 4.26646374763e-06, 2.3703739771e-06, 7.74860268393e-07, 4.92199717428e-07, 6.51572236166e-07, 8.78826085682e-07, 7.5987514947e-07, 3.77746516733e-07, 1.66048266692e-07, 1.26306986203e-07, 1.08871155646e-07, 8.10690536923e-08, 9.45579827771e-08, 1.22238674294e-07, 6.42936157647e-08, 1.84667765524e-08, 9.36003807794e-09, 2.99299052209e-09], "mean": [0.000114502283395, 0.00344352447428, 0.00180240964983, 0.00105080008507, 0.00181577785406, 0.00167218374554, 0.00136387359817, 0.00168640119955, 0.00212163012475, 0.00143471581396, 0.000775803055149, 0.0005544712767, 0.000646091823, 0.00065431027906, 0.000552568119019, 0.000527865777258, 0.000473476480693, 0.000281174347037, 0.000282563036308, 0.00025767943589, 0.000217285225517, 0.000176044544787, 0.000166891128174, 0.000117229021271, 7.94613006292e-05, 4.46247031505e-05, 2.12202758121e-05]}, "melbands_flatness_db": {"min": -1.8120155687e-07, "max": 0.567957520485, "dvar2": 0.00319244433194, "median": 0.181766554713, "dmean2": 0.0553348325193, "dmean": 0.0365425124764, "var": 0.00576369417831, "dvar": 0.00152100611012, "mean": 0.192936688662}, "melbands_skewness": {"min": -2.50129914284, "max": 20.5147914886, "dvar2": 2.61297631264, "median": 1.80788695812, "dmean2": 1.34208273888, "dmean": 0.862086296082, "var": 2.97625637054, "dvar": 1.09665119648, "mean": 2.18986392021}, "barkbands_skewness": {"min": -4.5049996376, "max": 22.7533550262, "dvar2": 1.86601746082, "median": 1.05171620846, "dmean2": 1.07272350788, "dmean": 0.69908618927, "var": 2.46833157539, "dvar": 0.855910181999, "mean": 1.36841762066}, "silence_rate_60dB": {"min": 0, "max": 1, "dvar2": 0.0845685303211, "median": 0, "dmean2": 0.0778792202473, "dmean": 0.0389353260398, "var": 0.0986526012421, "dvar": 0.0374198034406, "mean": 0.110964477062}, "spectral_energyband_low": {"min": 2.12337831853e-23, "max": 0.0858275517821, "dvar2": 0.00013511790894, "median": 0.00166741141584, "dmean2": 0.00697200838476, "dmean": 0.00437478069216, "var": 9.59883836913e-05, "dvar": 6.21318831691e-05, "mean": 0.00576889980584}, "spectral_energyband_middle_low": {"min": 2.05200631746e-22, "max": 0.0843506082892, "dvar2": 0.000117357252748, "median": 0.00703404378146, "dmean2": 0.00732264248654, "dmean": 0.00467601744458, "var": 0.0001010597407, "dvar": 4.97758883284e-05, "mean": 0.0101106762886}, "melbands_kurtosis": {"min": -1.96123337746, "max": 636.260559082, "dvar2": 1061.15649414, "median": 4.44538879395, "dmean2": 13.1843366623, "dmean": 8.18717098236, "var": 555.390380859, "dvar": 419.133758545, "mean": 11.1210565567}, "spectral_decrease": {"min": -2.84217431812e-08, "max": 1.68367056408e-11, "dvar2": 1.62798408973e-17, "median": -4.36541292004e-09, "dmean2": 3.32528848901e-09, "dmean": 2.21437801429e-09, "var": 2.05339579958e-17, "dvar": 7.89022026433e-18, "mean": -5.40498312773e-09}, "erbbands_kurtosis": {"min": -1.87695515156, "max": 136.684524536, "dvar2": 23.8739414215, "median": -0.00651550292969, "dmean2": 2.12212753296, "dmean": 1.32729244232, "var": 18.1698112488, "dvar": 10.1532945633, "mean": 1.00229942799}, "melbands_crest": {"min": 1.00489401817, "max": 38.5942726135, "dvar2": 32.7100372314, "median": 12.1358337402, "dmean2": 6.69253206253, "dmean": 4.08342647552, "var": 34.4503898621, "dvar": 13.1657037735, "mean": 13.3188705444}, "gfcc": {"cov": [[16511.875, -462.03503418, -1787.9161377, 414.417999268, -804.461914062, 320.869598389, -260.067932129, 179.735580444, -159.07472229, -44.9259796143, -174.026046753, -123.065948486, -79.5816345215], [-462.03503418, 1975.01757812, -276.382995605, 75.8167800903, 520.480834961, -140.507766724, 324.33380127, 36.8399124146, 48.0653305054, 53.6502418518, 61.7325401306, -46.1230392456, -7.50719213486], [-1787.9161377, -276.382995605, 1173.05761719, 21.2235870361, 85.2918243408, 109.997955322, -53.4898452759, 83.7608566284, 45.0773353577, 67.2777481079, 8.2434091568, 51.473072052, -38.6992378235], [414.417999268, 75.8167800903, 21.2235870361, 464.010284424, 146.534072876, 2.34671425819, 87.0409317017, 52.3720588684, 71.8211288452, 52.0346336365, 24.5642547607, -6.6361913681, -13.4421453476], [-804.461914062, 520.480834961, 85.2918243408, 146.534072876, 535.581176758, 51.6584510803, 148.52571106, 30.0182914734, 40.954284668, 35.2594871521, 25.5232200623, 10.8611755371, -5.67163658142], [320.869598389, -140.507766724, 109.997955322, 2.34671425819, 51.6584510803, 321.191558838, 86.7422027588, 39.9083442688, 16.0580024719, 19.2314167023, -7.83740615845, -19.4640541077, -4.52085208893], [-260.067932129, 324.33380127, -53.4898452759, 87.0409317017, 148.52571106, 86.7422027588, 269.936981201, 66.5904006958, 40.2651863098, 30.6458873749, 17.8225421906, -14.4306812286, -0.137792229652], [179.735580444, 36.8399124146, 83.7608566284, 52.3720588684, 30.0182914734, 39.9083442688, 66.5904006958, 205.545776367, 68.7356719971, 28.9618244171, -9.19854736328, 13.7147302628, 7.3379535675], [-159.07472229, 48.0653305054, 45.0773353577, 71.8211288452, 40.954284668, 16.0580024719, 40.2651863098, 68.7356719971, 128.6300354, 36.3367195129, 10.1443061829, 10.3126354218, 0.415740072727], [-44.9259796143, 53.6502418518, 67.2777481079, 52.0346336365, 35.2594871521, 19.2314167023, 30.6458873749, 28.9618244171, 36.3367195129, 116.871780396, 33.3597106934, -0.498698621988, 0.42002427578], [-174.026046753, 61.7325401306, 8.2434091568, 24.5642547607, 25.5232200623, -7.83740615845, 17.8225421906, -9.19854736328, 10.1443061829, 33.3597106934, 97.4992446899, 22.828458786, 12.0408792496], [-123.065948486, -46.1230392456, 51.473072052, -6.6361913681, 10.8611755371, -19.4640541077, -14.4306812286, 13.7147302628, 10.3126354218, -0.498698621988, 22.828458786, 94.8058700562, 19.7929706573], [-79.5816345215, -7.50719213486, -38.6992378235, -13.4421453476, -5.67163658142, -4.52085208893, -0.137792229652, 7.3379535675, 0.415740072727, 0.42002427578, 12.0408792496, 19.7929706573, 75.9160919189]], "icov": [[0.000116300310765, -6.8901994382e-05, 0.000220265734242, -0.000229945464525, 0.000211322185351, -0.00031630662852, 0.000318740756484, -0.000258638872765, 0.000258533313172, -0.000100267592643, 0.000137573297252, -0.000129204505356, 0.000220204965444], [-6.8901994382e-05, 0.00104098685551, 3.99560522055e-05, 0.000493274070323, -0.00100826041307, 0.00101911067031, -0.00114465563092, 8.40444190544e-05, -0.000241842513788, -0.000126709026517, -0.000442434538854, 0.000699652708136, 3.36778089149e-06], [0.000220265734242, 3.99560522055e-05, 0.00149185967166, -0.00034046464134, 3.2739371818e-05, -0.000881680694874, 0.00102273758966, -0.000905955967028, 0.00044319400331, -0.000760032504331, 0.000229431665502, -0.000772172119468, 0.00114113942254], [-0.000229945464525, 0.000493274070323, -0.00034046464134, 0.00323856458999, -0.00125867465977, 0.0011970869964, -0.00132148014382, 0.000290473253699, -0.00153983780183, -0.000418008014094, -0.000712619337719, 0.00082346907584, 6.34667812847e-05], [0.000211322185351, -0.00100826041307, 3.2739371818e-05, -0.00125867465977, 0.00357075966895, -0.00133748224471, 0.000154631736223, -4.76975765196e-05, 0.000414952024585, -7.16713402653e-05, 0.000476372020785, -0.00120757264085, 0.00034506211523], [-0.00031630662852, 0.00101911067031, -0.000881680694874, 0.0011970869964, -0.00133748224471, 0.00524428440258, -0.00291567016393, 0.000439252820797, -0.000765802105889, -8.94338008948e-05, -0.000285501533654, 0.00166543666273, -0.000687902327627], [0.000318740756484, -0.00114465563092, 0.00102273758966, -0.00132148014382, 0.000154631736223, -0.00291567016393, 0.00737877935171, -0.00213289959356, 0.000487337994855, -0.000408519350458, -0.000249720178545, -0.000102429163235, 0.000631686474662], [-0.000258638872765, 8.40444190544e-05, -0.000905955967028, 0.000290473253699, -4.76975765196e-05, 0.000439252820797, -0.00213289959356, 0.00735676568002, -0.00343043264002, -0.000419271964347, 0.00147141586058, -0.000771851220634, -0.001376612694], [0.000258533313172, -0.000241842513788, 0.00044319400331, -0.00153983780183, 0.000414952024585, -0.000765802105889, 0.000487337994855, -0.00343043264002, 0.0112292105332, -0.00217610201798, 0.000143638346344, -0.0011902017286, 0.000756309425924], [-0.000100267592643, -0.000126709026517, -0.000760032504331, -0.000418008014094, -7.16713402653e-05, -8.94338008948e-05, -0.000408519350458, -0.000419271964347, -0.00217610201798, 0.0112127363682, -0.00378902861848, 0.0014676701976, -0.000381790479878], [0.000137573297252, -0.000442434538854, 0.000229431665502, -0.000712619337719, 0.000476372020785, -0.000285501533654, -0.000249720178545, 0.00147141586058, 0.000143638346344, -0.00378902861848, 0.0132385268807, -0.00355070456862, -0.00118666107301], [-0.000129204505356, 0.000699652708136, -0.000772172119468, 0.00082346907584, -0.00120757264085, 0.00166543666273, -0.000102429163235, -0.000771851220634, -0.0011902017286, 0.0014676701976, -0.00355070456862, 0.0134277231991, -0.00317002274096], [0.000220204965444, 3.36778089149e-06, 0.00114113942254, 6.34667812847e-05, 0.00034506211523, -0.000687902327627, 0.000631686474662, -0.001376612694, 0.000756309425924, -0.000381790479878, -0.00118666107301, -0.00317002274096, 0.0151282576844]], "mean": [-24.4331130981, 84.635093689, -118.35660553, 15.8391933441, -53.6194343567, 0.819647371769, -30.5779304504, 3.48613643646, -20.2041511536, 3.41140079498, -19.3140869141, -1.84675776958, -12.2079114914]}, "melbands_spread": {"min": 0.358351230621, "max": 336.281921387, "dvar2": 649.765441895, "median": 22.5132236481, "dmean2": 15.8143892288, "dmean": 10.0420455933, "var": 660.114257812, "dvar": 292.632324219, "mean": 27.3720340729}, "spectral_energy": {"min": 1.00503284531e-20, "max": 0.118347764015, "dvar2": 0.00025397707941, "median": 0.0181942973286, "dmean2": 0.0131432423368, "dmean": 0.00885711051524, "var": 0.000342719868058, "dvar": 0.000125813894556, "mean": 0.0223346725106}, "mfcc": {"cov": [[12045.0302734, -423.689605713, -976.385620117, -135.435745239, -505.165130615, -24.1357631683, -133.378799438, 43.0351486206, -7.73102378845, 55.9763450623, -101.585586548, -91.2372589111, -6.3223824501], [-423.689605713, 1843.82116699, -364.687530518, 266.816558838, 93.2306442261, 36.7884178162, 175.7240448, 27.8316745758, 81.8749389648, 36.4757957458, 92.0171890259, 39.0486831665, -0.985381126404], [-976.385620117, -364.687530518, 903.599121094, -81.5066757202, 97.4113616943, -11.3985996246, -38.6813240051, 9.25108146667, -4.06641387939, 29.1150016785, 31.547077179, 36.7218055725, -2.27279663086], [-135.435745239, 266.816558838, -81.5066757202, 534.40045166, 109.002693176, 22.7461414337, 41.6346702576, 20.7566604614, 59.2238426208, 14.0750179291, 83.2266693115, 86.8502349854, 8.28318119049], [-505.165130615, 93.2306442261, 97.4113616943, 109.002693176, 321.395935059, 67.8730239868, 39.0729560852, 32.1878623962, 39.0918197632, 2.61639356613, 33.2561149597, 46.4482269287, 1.05705225468], [-24.1357631683, 36.7884178162, -11.3985996246, 22.7461414337, 67.8730239868, 254.275054932, 106.588485718, 31.8607254028, 20.1084499359, 54.9759101868, 32.1755943298, -6.88706827164, 9.76964473724], [-133.378799438, 175.7240448, -38.6813240051, 41.6346702576, 39.0729560852, 106.588485718, 203.109344482, 54.9974136353, 39.5472869873, 53.6554069519, 34.1530990601, 7.16541576385, 8.03704738617], [43.0351486206, 27.8316745758, 9.25108146667, 20.7566604614, 32.1878623962, 31.8607254028, 54.9974136353, 163.947677612, 75.0458602905, 24.2935390472, 39.3099937439, 8.52654647827, 11.7058458328], [-7.73102378845, 81.8749389648, -4.06641387939, 59.2238426208, 39.0918197632, 20.1084499359, 39.5472869873, 75.0458602905, 150.445404053, 52.5956764221, 46.6450996399, 10.7990245819, 15.866230011], [55.9763450623, 36.4757957458, 29.1150016785, 14.0750179291, 2.61639356613, 54.9759101868, 53.6554069519, 24.2935390472, 52.5956764221, 143.332351685, 42.5363693237, 2.8613679409, 18.5234260559], [-101.585586548, 92.0171890259, 31.547077179, 83.2266693115, 33.2561149597, 32.1755943298, 34.1530990601, 39.3099937439, 46.6450996399, 42.5363693237, 123.560905457, 43.2579154968, 12.2875041962], [-91.2372589111, 39.0486831665, 36.7218055725, 86.8502349854, 46.4482269287, -6.88706827164, 7.16541576385, 8.52654647827, 10.7990245819, 2.8613679409, 43.2579154968, 99.1640472412, 16.4070606232], [-6.3223824501, -0.985381126404, -2.27279663086, 8.28318119049, 1.05705225468, 9.76964473724, 8.03704738617, 11.7058458328, 15.866230011, 18.5234260559, 12.2875041962, 16.4070606232, 98.6977767944]], "icov": [[0.000100627061329, 3.31297887897e-05, 0.000117359362775, 1.7842461375e-06, 0.000120130032883, -4.07959196309e-05, 9.86863451544e-05, -8.49425487104e-05, -1.67136033724e-06, -9.979945753e-05, 5.42291563761e-05, -5.07673757966e-05, 3.48063258571e-05], [3.31297887897e-05, 0.00071462726919, 0.000309178431053, -0.00018442280998, -0.000140161282616, 0.00023569764744, -0.000564592657611, 0.000193362749997, -0.000151505722897, 1.38938389682e-06, -0.000362861173926, 6.18131016381e-05, 9.20606471482e-05], [0.000117359362775, 0.000309178431053, 0.00149791454896, 0.000302741565974, -0.000417906761868, 0.000163454780704, 0.000250333105214, -0.000131647742819, 0.000175194451003, -0.00054703024216, -0.000402704317821, -0.0004956984194, 0.00021025587921], [1.7842461375e-06, -0.00018442280998, 0.000302741565974, 0.00257806992158, -0.000532528618351, -1.37649813041e-05, -2.32671045524e-05, 0.000347691413481, -0.000625601503998, 0.000201595627004, -0.000907932582777, -0.00165137206204, 0.000206888682442], [0.000120130032883, -0.000140161282616, -0.000417906761868, -0.000532528618351, 0.00418482394889, -0.00125846429728, 0.000105446226371, -0.000316087680403, -0.000833903148305, 0.000693317211699, 0.000487886951305, -0.00143812620081, 0.000332278810674], [-4.07959196309e-05, 0.00023569764744, 0.000163454780704, -1.37649813041e-05, -0.00125846429728, 0.00574173172936, -0.00266375346109, -1.40750753417e-05, 0.000827757816296, -0.00124246033374, -0.00101476139389, 0.00144872057717, -0.000346008164342], [9.86863451544e-05, -0.000564592657611, 0.000250333105214, -2.32671045524e-05, 0.000105446226371, -0.00266375346109, 0.00780847715214, -0.0018987377407, 5.76594684389e-05, -0.00164109223988, 0.000262716959696, -0.000502816168591, 0.000209897145396], [-8.49425487104e-05, 0.000193362749997, -0.000131647742819, 0.000347691413481, -0.000316087680403, -1.40750753417e-05, -0.0018987377407, 0.00877428520471, -0.00394912948832, 0.00116203050129, -0.00155524048023, 0.000252405588981, -0.000348563684383], [-1.67136033724e-06, -0.000151505722897, 0.000175194451003, -0.000625601503998, -0.000833903148305, 0.000827757816296, 5.76594684389e-05, -0.00394912948832, 0.0105379465967, -0.00293621071614, -0.00152641057502, 0.00104019208811, -0.000680260069203], [-9.979945753e-05, 1.38938389682e-06, -0.00054703024216, 0.000201595627004, 0.000693317211699, -0.00124246033374, -0.00164109223988, 0.00116203050129, -0.00293621071614, 0.0098836235702, -0.00230881012976, 0.000773021427449, -0.00114851316903], [5.42291563761e-05, -0.000362861173926, -0.000402704317821, -0.000907932582777, 0.000487886951305, -0.00101476139389, 0.000262716959696, -0.00155524048023, -0.00152641057502, -0.00230881012976, 0.0125422570854, -0.00431189034134, 0.000159076953423], [-5.07673757966e-05, 6.18131016381e-05, -0.0004956984194, -0.00165137206204, -0.00143812620081, 0.00144872057717, -0.000502816168591, 0.000252405588981, 0.00104019208811, 0.000773021427449, -0.00431189034134, 0.014538844116, -0.00218480196781], [3.48063258571e-05, 9.20606471482e-05, 0.00021025587921, 0.000206888682442, 0.000332278810674, -0.000346008164342, 0.000209897145396, -0.000348563684383, -0.000680260069203, -0.00114851316903, 0.000159076953423, -0.00218480196781, 0.0108458008617]], "mean": [-667.02947998, 124.467147827, -11.1180524826, 19.2712993622, -5.1210360527, 2.21262407303, -4.55980157852, -1.21502184868, 0.540815353394, 2.84597826004, -0.0174031332135, -2.82377839088, -2.16264128685]}, "spectral_contrast_valleys": {"min": [-27.8105831146, -27.8359336853, -27.6377754211, -27.6683883667, -27.4333305359, -27.4065093994], "max": [-5.33573007584, -4.77498245239, -5.10591030121, -5.51644849777, -5.56512260437, -7.47804546356], "dvar2": [0.433225750923, 0.45482224226, 0.463459789753, 0.421897917986, 0.514785647392, 0.545767068863], "median": [-7.55509328842, -6.53068208694, -7.19855165482, -7.39141273499, -7.43734359741, -10.4494419098], "dmean2": [0.799472689629, 0.744586467743, 0.663895487785, 0.571767270565, 0.559187531471, 0.64477288723], "dmean": [0.517346799374, 0.474888116121, 0.432574659586, 0.378769487143, 0.386970102787, 0.481978178024], "var": [2.76945710182, 2.45674800873, 2.52967333794, 2.55976939201, 2.64584374428, 2.62536406517], "dvar": [0.226815253496, 0.232639536262, 0.235945135355, 0.214841037989, 0.260577887297, 0.349497586489], "mean": [-7.87993955612, -6.82691526413, -7.45977926254, -7.68295001984, -7.74504947662, -10.6054725647]}, "barkbands_flatness_db": {"min": 0.0119126196951, "max": 0.432666987181, "dvar2": 0.00200285203755, "median": 0.115739673376, "dmean2": 0.0427614599466, "dmean": 0.0282825250179, "var": 0.00316511723213, "dvar": 0.000940059719142, "mean": 0.123881109059}, "dynamic_complexity": 3.86945199966, "erbbands_flatness_db": {"min": 0.0269501507282, "max": 0.344614237547, "dvar2": 0.000908350630198, "median": 0.162691786885, "dmean2": 0.0310257486999, "dmean": 0.0218094699085, "var": 0.00216320343316, "dvar": 0.000475324137369, "mean": 0.162139877677}, "hfc": {"min": 1.06079726249e-16, 