{"lowlevel": {"spectral_complexity": {"min": 0, "max": 31, "dvar2": 3.26512622833, "median": 3, "dmean2": 1.54141676426, "dmean": 0.903455257416, "var": 13.4987421036, "dvar": 1.35135066509, "mean": 4.39579296112}, "silence_rate_20dB": {"min": 1, "max": 1, "dvar2": 0, "median": 1, "dmean2": 0, "dmean": 0, "var": 0, "dvar": 0, "mean": 1}, "average_loudness": 0.0397753976285, "erbbands_spread": {"min": 0.293996840715, "max": 170.162719727, "dvar2": 232.396911621, "median": 9.09002399445, "dmean2": 8.33856296539, "dmean": 5.23831272125, "var": 316.476226807, "dvar": 101.127601624, "mean": 14.7073326111}, "spectral_kurtosis": {"min": -1.19257175922, "max": 222.475097656, "dvar2": 156.856414795, "median": 14.5747108459, "dmean2": 9.44994449615, "dmean": 5.88209295273, "var": 618.43762207, "dvar": 61.9903564453, "mean": 22.4258537292}, "barkbands_kurtosis": {"min": -1.94300150871, "max": 6547.16455078, "dvar2": 47147.4921875, "median": 24.652305603, "dmean2": 71.8211288452, "dmean": 45.6706352234, "var": 61974.2695312, "dvar": 20913.1210938, "mean": 94.9897155762}, "spectral_strongpeak": {"min": 0, "max": 13.0845050812, "dvar2": 0.916154384613, "median": 0.479244381189, "dmean2": 0.542147517204, "dmean": 0.344591528177, "var": 2.4155728817, "dvar": 0.394176751375, "mean": 1.01471066475}, "spectral_spread": {"min": 531188.3125, "max": 40670480, "dvar2": 937679650816, "median": 3293113.75, "dmean2": 902757.8125, "dmean": 564959.375, "var": 4267013046270.0, "dvar": 491835949056, "mean": 3792367.75}, "spectral_rms": {"min": 3.16276323707e-12, "max": 0.0138548063114, "dvar2": 1.11840802219e-06, "median": 0.00240418501198, "dmean2": 0.000853281060699, "dmean": 0.000550669326913, "var": 5.10860900249e-06, "dvar": 4.57930411812e-07, "mean": 0.00294934189878}, "erbbands": {"min": [1.95021481121e-21, 6.98260959795e-21, 7.19086362627e-21, 1.96359235735e-20, 1.54998744617e-19, 2.24968776485e-19, 2.94241818215e-19, 1.17307083858e-18, 7.78419090925e-19, 3.73451832341e-19, 4.8123760206e-19, 1.1625830156e-18, 7.97061880775e-19, 7.23360139896e-19, 1.60836057387e-18, 2.88878291235e-18, 4.50440416744e-18, 4.40734693027e-18, 7.0553716875e-18, 6.59025754164e-18, 1.22233976314e-17, 1.00920683487e-17, 7.18153162017e-18, 9.42203468169e-18, 1.29999456915e-17, 1.07800667242e-17, 1.84556964853e-17, 1.9553414789e-17, 1.41877456182e-17, 1.28324904211e-17, 1.91188753065e-17, 1.59285306737e-17, 1.15520876247e-17, 1.09437467422e-17, 8.11953458247e-18, 5.0154863943e-18, 4.02046008212e-18, 1.54778107113e-18, 3.09920716533e-19, 3.61274396019e-20], "max": [0.520422339439, 14.229347229, 72.4873733521, 109.135032654, 204.119277954, 476.106933594, 607.709655762, 844.726013184, 2088.47631836, 3374.94458008, 3990.53295898, 4495.55273438, 4480.87109375, 2322.59375, 5318.18212891, 4963.35302734, 814.68927002, 1366.04382324, 994.789489746, 719.453735352, 282.058044434, 324.211578369, 208.796585083, 121.587165833, 135.903594971, 374.68371582, 117.659347534, 174.462493896, 270.071136475, 266.317077637, 224.357376099, 316.927276611, 165.798751831, 41.286567688, 25.0321731567, 12.3123111725, 3.24821424484, 0.607213973999, 0.0295932013541, 0.00088079541456], "dvar2": [0.000354471674655, 0.372837215662, 13.481877327, 31.5113162994, 114.584411621, 381.836242676, 470.325805664, 1744.85888672, 5523.21386719, 32866.4414062, 11923.7802734, 25390.8203125, 19031.0957031, 4955.93066406, 30181.7695312, 13370.8056641, 709.565307617, 2030.70898438, 635.467407227, 205.720504761, 80.1661224365, 117.381950378, 37.7685089111, 14.2541704178, 13.0503168106, 39.9423332214, 7.50949668884, 10.4222612381, 26.6046924591, 14.2644071579, 20.6991157532, 34.1413002014, 7.29418325424, 0.734214782715, 0.268873006105, 0.0324802547693, 0.00247722142376, 0.00010900414054, 3.13986930678e-07, 4.68088678929e-10], "median": [0.000409888802096, 0.00494688749313, 0.0696433186531, 0.437384337187, 1.00999593735, 1.50978732109, 1.90239429474, 1.97837913036, 1.08720374107, 0.589919507504, 0.702660560608, 0.522218704224, 0.322635650635, 0.202770397067, 0.131125003099, 0.104960478842, 0.0657547041774, 0.0619945824146, 0.0380988307297, 0.0268660783768, 0.0236296765506, 0.0257144998759, 0.0228078514338, 0.0188436564058, 0.0161371771246, 0.0204274449497, 0.0126390680671, 0.0113513153046, 0.0120251597837, 0.0164203345776, 0.0133085716516, 0.00733645632863, 0.00364692485891, 0.00220156740397, 0.00106377503835, 0.000505472940858, 0.000240596578806, 0.000355821335688, 2.94159654004e-05, 8.19326760393e-06], "dmean2": [0.00383752724156, 0.12150041759, 0.921393096447, 2.09179496765, 4.10606479645, 6.47232341766, 7.79887104034, 12.8973560333, 15.5065584183, 35.5565299988, 16.4753494263, 23.5880317688, 20.2452201843, 10.854467392, 25.2634658813, 10.6144533157, 4.90202951431, 6.81780004501, 2.32094621658, 1.71552419662, 0.93200391531, 1.03839921951, 0.806991100311, 0.723024427891, 0.656364321709, 0.685589134693, 0.383485078812, 0.434220194817, 0.494620412588, 0.459621936083, 0.467014580965, 0.392867833376, 0.177312880754, 0.0806375741959, 0.0454418696463, 0.0135107869282, 0.00383513094857, 0.000788677542005, 4.98276604048e-05, 9.3051321528e-06], "dmean": [0.00237571657635, 0.0761250853539, 0.561265170574, 1.28638422489, 2.66701006889, 4.18430089951, 5.0835647583, 8.29336452484, 9.80072021484, 22.2872848511, 11.0492429733, 15.2721271515, 13.6374511719, 7.38439941406, 17.5513858795, 8.13391304016, 3.47887802124, 4.67851114273, 1.64517974854, 1.21779882908, 0.625162780285, 0.699019670486, 0.53358143568, 0.510392546654, 0.4441806674, 0.460889160633, 0.253942847252, 0.299671679735, 0.337046146393, 0.319001048803, 0.321202397346, 0.273338019848, 0.123966269195, 0.0584250241518, 0.0331434421241, 0.01021529641, 0.00299508450553, 0.000595937774051, 3.5335731809e-05, 6.07488664173e-06], "var": [0.000431237451266, 0.501824140549, 14.9368572235, 49.8177223206, 141.697509766, 476.265533447, 679.916320801, 2480.64575195, 7244.78710938, 31658.8046875, 14255.9589844, 37578.5078125, 42304.0898438, 7782.52539062, 50108.8515625, 21006.3007812, 1294.53540039, 2938.64941406, 471.240631104, 386.421325684, 47.6361236572, 154.943588257, 36.0382537842, 17.556137085, 16.7727088928, 28.1234321594, 7.86702013016, 14.7627573013, 33.093334198, 31.8425807953, 28.5966720581, 32.1633262634, 9.0880689621, 1.11537230015, 0.323181241751, 0.0486893877387, 0.00382674648426, 0.000113860653073, 4.03347939937e-07, 9.88631509991e-10], "dvar": [0.000147740458488, 0.158987343311, 5.07665014267, 11.2816028595, 45.5639076233, 160.78263855, 199.139862061, 737.090881348, 2194.01464844, 12528.390625, 5822.25585938, 9549.79980469, 8159.96923828, 2367.99707031, 14292.5058594, 7400.01464844, 377.927886963, 990.337585449, 290.031219482, 107.81652832, 32.2891960144, 52.1945495605, 18.1287670135, 7.05605459213, 6.35976028442, 18.0308685303, 3.43834805489, 5.80010843277, 13.1332006454, 9.54865455627, 10.7635803223, 16.6837272644, 3.92892599106, 0.425711035728, 0.145499408245, 0.0190839990973, 0.00148271874059, 6.21502185822e-05, 1.78404889084e-07, 2.20075624391e-10], "mean": [0.00504464330152, 0.177403852344, 1.23176765442, 2.88693881035, 5.64134263992, 8.78230381012, 10.0131626129, 15.8049821854, 19.350851059, 40.6992492676, 21.6033744812, 34.2905845642, 31.0165691376, 16.1770553589, 36.920337677, 14.182062149, 6.96807861328, 9.23701190948, 2.57913780212, 2.40279316902, 0.995411336422, 1.31510436535, 0.940200746059, 0.884715199471, 0.796874165535, 0.720043241978, 0.42920333147, 0.475711762905, 0.582189798355, 0.571896016598, 0.535884976387, 0.436732083559, 0.2134834975, 0.0982746332884, 0.0511123426259, 0.0170725546777, 0.00509337661788, 0.00113076088019, 7.9902842117e-05, 1.86854031199e-05]}, "zerocrossingrate": {"min": 0.00341796875, "max": 0.5234375, "dvar2": 0.000133945228299, "median": 0.01806640625, "dmean2": 0.00594403874129, "dmean": 0.00490613467991, "var": 0.00134748336859, "dvar": 0.000150516527356, "mean": 0.0267074611038}, "spectral_contrast_coeffs": {"min": [-0.975601136684, -0.957786738873, -0.969984710217, -0.957815051079, -0.960226476192, -0.958357453346], "max": [-0.233425036073, -0.244284614921, -0.293767392635, -0.452840149403, -0.619861662388, -0.626275897026], "dvar2": [0.00389192136936, 0.00381188630126, 0.00197921926156, 0.00121094135102, 0.000642005645204, 0.00034097241587], "median": [-0.561889708042, -0.680048286915, -0.775681495667, -0.814602255821, -0.837261676788, -0.836561024189], "dmean2": [0.0758124142885, 0.0762893036008, 0.0535680800676, 0.041773699224, 0.0282214526087, 0.0197077263147], "dmean": [0.045858502388, 0.0467767231166, 0.0330726727843, 0.0260935463011, 0.0183574575931, 0.012782631442], "var": [0.0199337657541, 0.0157474707812, 0.0120601989329, 0.00654643308371, 0.00366500625387, 0.00217703706585], "dvar": [0.0014986746246, 0.00151089625433, 0.000794760067947, 0.000515181629453, 0.000296550540952, 0.000161988777108], "mean": [-0.57452827692, -0.662023842335, -0.760611832142, -0.800340294838, -0.828858554363, -0.829313337803]}, "dissonance": {"min": 0.0747620463371, "max": 0.500000059605, "dvar2": 0.00577142834663, "median": 0.377047389746, "dmean2": 0.0821898430586, "dmean": 0.0482743382454, "var": 0.0060192104429, "dvar": 0.00206660525873, "mean": 0.369227677584}, "spectral_energyband_high": {"min": 7.34041206491e-21, "max": 0.0253616645932, "dvar2": 2.19304581606e-07, "median": 2.9041639209e-06, "dmean2": 5.15788888151e-05, "dmean": 3.98031588702e-05, "var": 4.68382154395e-07, "dvar": 1.45948561681e-07, "mean": 8.07129763416e-05}, "spectral_skewness": {"min": -0.151688814163, "max": 13.141658783, "dvar2": 0.505747616291, "median": 3.24234962463, "dmean2": 0.737911820412, "dmean": 0.474086791277, "var": 3.48782634735, "dvar": 0.228561595082, "mean": 3.59069013596}, "spectral_flux": {"min": 1.01257828511e-10, "max": 0.399246692657, "dvar2": 0.00116613379214, "median": 0.0290592983365, "dmean2": 0.0259235501289, "dmean": 0.0157733727247, "var": 0.0016446277732, "dvar": 0.000462703261292, "mean": 0.0412158146501}, "silence_rate_30dB": {"min": 0, "max": 1, "dvar2": 0.0204982198775, "median": 1, "dmean2": 0.015448724851, "dmean": 0.00772357732058, "var": 0.00876070652157, "dvar": 0.00766470050439, "mean": 0.991159439087}, "spectral_energyband_middle_high": {"min": 1.30661144617e-21, "max": 0.133414208889, "dvar2": 2.67924206128e-05, "median": 3.22583109664e-05, "dmean2": 0.0010181972757, "dmean": 0.000710705528036, "var": 6.32632436464e-05, "dvar": 1.19251490105e-05, "mean": 0.0019047758542}, "barkbands_spread": {"min": 0.0259239133447, "max": 109.808586121, "dvar2": 63.7730827332, "median": 2.28768253326, "dmean2": 3.06958532333, "dmean": 1.94846355915, "var": 80.7086486816, "dvar": 30.2603664398, "mean": 4.74359846115}, "spectral_centroid": {"min": 99.2248077393, "max": 11326.9941406, "dvar2": 106226.71875, "median": 337.767059326, "dmean2": 120.018737793, "dmean": 79.7771987915, "var": 303138.4375, "dvar": 65126.6679688, "mean": 477.135803223}, "pitch_salience": {"min": 0.0141380997375, "max": 0.837242245674, "dvar2": 0.0129545331001, "median": 0.409628987312, "dmean2": 0.125857517123, "dmean": 0.0770952776074, "var": 0.0274015292525, "dvar": 0.00515564111993, "mean": 0.389633268118}, "erbbands_skewness": {"min": -6.14751052856, "max": 15.4964056015, "dvar2": 2.20312452316, "median": 2.42901468277, "dmean2": 1.35957813263, "dmean": 0.872019708157, "var": 7.27732896805, "dvar": 0.954166054726, "mean": 3.03058385849}, "erbbands_crest": {"min": 2.5839304924, "max": 33.6035346985, "dvar2": 23.4964027405, "median": 18.0581951141, "dmean2": 5.63046455383, "dmean": 3.46585559845, "var": 40.6076011658, "dvar": 9.23986148834, "mean": 18.2531013489}, "melbands": {"min": [1.61812316393e-23, 5.29061951203e-24, 7.40641309073e-24, 1.43539568369e-23, 1.13513471278e-23, 2.40127318951e-23, 1.1065893865e-23, 3.37822109596e-24, 5.41686802244e-24, 6.84986067804e-24, 3.96848863488e-24, 2.83757468292e-24, 5.09435683526e-24, 5.80771901869e-24, 9.97576461347e-24, 1.02440254418e-23, 8.15817623416e-24, 1.24689034953e-23, 8.53159379884e-24, 1.04572356118e-23, 1.46774339843e-23, 1.03936005691e-23, 8.43051389561e-24, 5.51947082164e-24, 7.53472841671e-24, 9.26914797964e-24, 9.13462826264e-24, 6.33317492892e-24, 1.30845392232e-23, 8.58852036834e-24, 1.28948844398e-23, 8.75044274661e-24, 6.35639307752e-24, 7.9686216361e-24, 1.15766544798e-23, 1.06495638448e-23, 8.86755309229e-24, 7.65559452917e-24, 9.02156950657e-24, 9.21871452425e-24], "max": [0.00970713887364, 0.0281779244542, 0.0150175374001, 0.0173598397523, 0.0168268680573, 0.0170800760388, 0.0317456386983, 0.0341444090009, 0.0348300263286, 0.0273248031735, 0.0219024065882, 0.0105545865372, 0.0183330643922, 0.00978062674403, 0.00885727535933, 0.00170835549943, 0.00311042671092, 0.00240785186179, 0.00121202180162, 0.000448784325272, 0.000283562840195, 0.000447564059868, 0.000348131754436, 0.000187024736078, 0.000101237506897, 9.4376031484e-05, 0.000231573314522, 0.000239026951022, 7.22566401237e-05, 8.32225414342e-05, 0.000116427960165, 0.000148521765368, 0.000183447817108, 0.000146033344208, 0.00014123643632, 0.000135314432555, 0.000207495206269, 0.000113329871965, 7.24228375475e-05, 2.60231408902e-05], "dvar2": [1.31530825342e-07, 2.21742925532e-06, 9.73459350462e-07, 7.47570254589e-07, 5.5582307823e-07, 7.40498478535e-07, 1.74344870629e-06, 3.13873260893e-06, 6.77868285948e-07, 1.11406018277e-06, 4.71762490406e-07, 8.6428840973e-08, 4.75930079347e-07, 1.08348871208e-07, 3.66498156268e-08, 4.88109730412e-09, 7.23803461611e-09, 2.93337176771e-09, 5.70451519355e-10, 2.07268258112e-10, 1.22065732522e-10, 2.12106776587e-10, 7.51507883701e-11, 3.4257749415e-11, 1.16850565682e-11, 1.37192132654e-11, 1.6657619728e-11, 1.75525930596e-11, 4.84404356904e-12, 2.82191891382e-12, 5.0134158977e-12, 1.09607063009e-11, 6.41372458615e-12, 5.11758560875e-12, 7.91643573611e-12, 9.3162266096e-12, 1.67219346009e-11, 4.3190598667e-12, 1.95803985005e-12, 3.72977202508e-13], "median": [2.95828613162e-06, 2.06687254831e-05, 0.000102354846604, 0.000104850230855, 7.23057746654e-05, 3.89480701415e-05, 1.39330195452e-05, 4.6118911996e-06, 4.20520836997e-06, 2.66171491603e-06, 1.2245675407e-06, 5.63461867387e-07, 3.61194253173e-07, 2.85334550654e-07, 1.22074553133e-07, 1.36256701921e-07, 8.6665252752e-08, 4.1393445116e-08, 3.46102275728e-08, 2.16354667515e-08, 2.4137431609e-08, 2.20997371514e-08, 1.98913774341e-08, 1.60951696415e-08, 1.23155361464e-08, 1.01352863879e-08, 1.09018456484e-08, 1.23179049183e-08, 7.28533988692e-09, 5.51257661741e-09, 5.95439475504e-09, 5.81580428261e-09, 7.64148744281e-09, 8.68811778076e-09, 7.38610816953e-09, 5.43908429407e-09, 3.5974079271e-09, 2.29649743666e-09, 1.94099003537e-09, 1.60260515969e-09], "dmean2": [6.94867339917e-05, 0.000373460556148, 0.000423989753472, 0.000346695422195, 0.000288106704829, 0.000274072779575, 0.000284208916128, 0.000347684428561, 0.000127886276459, 0.000163761447766, 9.89864201983e-05, 3.96910654672e-05, 9.90090411506e-05, 3.92087968066e-05, 1.76405555976e-05, 1.35258987939e-05, 1.25749229483e-05, 4.10283519159e-06, 2.97757651424e-06, 1.69322038346e-06, 1.13401324597e-06, 1.30076239202e-06, 7.80839798153e-07, 9.48627359776e-07, 6.32846763438e-07, 6.2809664314e-07, 5.05309174059e-07, 4.6712727908e-07, 2.84444325871e-07, 2.15493031419e-07, 2.86322489274e-07, 3.08543917527e-07, 2.95898445302e-07, 2.62684949348e-07, 2.84545706108e-07, 2.81795649926e-07, 2.39416692693e-07, 1.34816104946e-07, 1.05924357285e-07, 5.95836446848e-08], "dmean": [4.38156712335e-05, 0.000227293421631, 0.000264980422799, 0.000224266157602, 0.000186994642718, 0.000176754809218, 0.000178718692041, 0.000219110312173, 8.75995247043e-05, 0.000105620812974, 6.65766347083e-05, 2.78099378193e-05, 6.59270735923e-05, 2.76416139968e-05, 1.19338574223e-05, 9.3319122243e-06, 8.71710290085e-06, 2.85434089164e-06, 2.21510276788e-06, 1.18332104648e-06, 7.19800027582e-07, 8.66790742293e-07, 5.13929194312e-07, 6.33881938938e-07, 4.37770580675e-07, 4.1136891582e-07, 3.27348516294e-07, 3.1121118127e-07, 1.82098347068e-07, 1.4223437006e-07, 1.97311933903e-07, 2.03657052111e-07, 2.03483764949e-07, 1.79231037123e-07, 1.86682811432e-07, 1.93281223915e-07, 1.62394954373e-07, 9.00278180893e-08, 7.38059924288e-08, 4.46926655684e-08], "var": [1.80439613473e-07, 2.72330066764e-06, 1.49983566189e-06, 1.02587137008e-06, 7.33087404114e-07, 1.09415373117e-06, 2.19293633563e-06, 2.97077508549e-06, 1.04351920527e-06, 1.83484632998e-06, 1.05055255517e-06, 1.16721778909e-07, 7.12839494099e-07, 1.50392395426e-07, 5.20248200075e-08, 7.88939047425e-09, 1.05188355803e-08, 1.83308590529e-09, 1.05683639617e-09, 2.56117016484e-10, 5.7450141866e-11, 2.5447713381e-10, 4.11133696532e-11, 4.06752652393e-11, 1.0923219794e-11, 1.40753875569e-11, 1.38734154373e-11, 1.20305302179e-11, 3.58029925152e-12, 3.10489893345e-12, 5.78861091005e-12, 1.00357656213e-11, 1.24828463538e-11, 9.43686014748e-12, 9.96407643894e-12, 1.08581373059e-11, 1.24533786061e-11, 4.69098588099e-12, 2.24243778928e-12, 5.42381948816e-13], "dvar": [5.74534588793e-08, 8.50682909004e-07, 3.64464909808e-07, 3.04958916786e-07, 2.27039294032e-07, 3.16139562528e-07, 6.79521406255e-07, 1.21275411402e-06, 3.51597520876e-07, 4.17245331619e-07, 2.00920922566e-07, 4.32746070089e-08, 1.97474648189e-07, 5.75793954738e-08, 1.98296614684e-08, 2.4637554219e-09, 3.78651598965e-09, 1.38072553391e-09, 3.30446364716e-10, 1.01495020721e-10, 4.81795991991e-11, 9.68304464388e-11, 3.13319196976e-11, 1.65559406462e-11, 5.6977885951e-12, 5.98827498005e-12, 8.2585657063e-12, 7.81338969219e-12, 2.01791621607e-12, 1.28222096569e-12, 2.61891311588e-12, 4.6351043663e-12, 4.32191088473e-12, 2.96218670252e-12, 3.9084152581e-12, 4.99574600438e-12, 7.20764160161e-12, 2.198142059e-12, 1.00289991155e-12, 2.15228171657e-13], "mean": [9.80155164143e-05, 0.000527234107722, 0.000605239067227, 0.000491365150083, 0.000378235476092, 0.000339319871273, 0.000350284972228, 0.00039718914195, 0.000169129911228, 0.00023950690229, 0.000149073282955, 5.27029042132e-05, 0.000140863354318, 4.65616103611e-05, 2.07759676414e-05, 1.77934143721e-05, 1.6026375306e-05, 3.59762611879e-06, 3.79826860808e-06, 2.09442350751e-06, 9.59480416896e-07, 1.52233224071e-06, 7.24986023215e-07, 1.05648712179e-06, 6.47739966553e-07, 6.59583520246e-07, 5.0944385066e-07, 4.5684217298e-07, 2.83196754935e-07, 2.2181724546e-07, 2.91286454512e-07, 3.22414678067e-07, 3.40629895845e-07, 3.07566068614e-07, 2.99607791021e-07, 3.17638807701e-07, 2.4305882107e-07, 1.50888212147e-07, 1.16984139709e-07, 7.03979594618e-08]}, "spectral_entropy": {"min": 2.9661655426, "max": 9.80181598663, "dvar2": 0.199023023248, "median": 5.79968214035, "dmean2": 0.462027966976, "dmean": 0.29643458128, "var": 0.897266030312, "dvar": 0.0900204926729, "mean": 5.82923698425}, "spectral_rolloff": {"min": 64.599609375, "max": 19315.2832031, "dvar2": 873376.25, "median": 344.53125, "dmean2": 237.874328613, "dmean": 136.921356201, "var": 1354086.5, "dvar": 430628.59375, "mean": 599.95703125}, "barkbands": {"min": [3.88366257951e-23, 4.18840080937e-23, 4.56674615147e-24, 1.21406876605e-23, 6.26619038288e-23, 1.0458416221e-22, 4.66112444465e-23, 9.4141571801e-24, 5.19216572675e-23, 2.33122723207e-23, 3.41939332433e-23, 6.76772984484e-23, 1.04371958627e-22, 1.25032307776e-22, 9.45587561576e-23, 2.10709998443e-22, 1.66058249775e-22, 1.35845255758e-22, 2.35378145955e-22, 2.51148447327e-22, 4.32996234058e-22, 4.5060259972e-22, 6.22106716045e-22, 7.24318653606e-22, 1.06807404482e-21, 1.77589376725e-21, 2.61226545501e-21], "max": [0.00034430634696, 0.0508929863572, 0.0870916470885, 0.0304872505367, 0.0872350633144, 0.0722618475556, 0.181109592319, 0.164951726794, 0.175483971834, 0.0681244581938, 0.121678806841, 0.10054821521, 0.0218663383275, 0.0293702185154, 0.0127200558782, 0.00479049514979, 0.00495297648013, 0.00408470164984, 0.00144886493217, 0.00773978047073, 0.00326422834769, 0.0078531159088, 0.00762792769819, 0.0134208789095, 0.00337917590514, 0.00198398367502, 0.000187610843568], "dvar2": [1.47587456145e-10, 4.23135224992e-06, 1.48467888721e-05, 4.08189407608e-06, 1.6710950149e-05, 1.51840140461e-05, 7.59135145927e-05, 3.20861836371e-05, 5.52106830582e-05, 3.36093876285e-06, 1.8268765416e-05, 6.47163687972e-06, 6.10879055785e-07, 8.57462339354e-07, 8.8016996358e-08, 2.98686231304e-08, 2.14568309787e-08, 1.60716275843e-08, 4.43248104887e-09, 1.5248822649e-08, 4.22818047241e-09, 1.54945372088e-08, 2.01655510068e-08, 5.13804607749e-08, 5.05619945912e-09, 7.17953752005e-10, 1.64563813965e-11], "median": [5.80685650675e-07, 1.0478906006e-05, 3.99264208681e-05, 0.000141237600474, 0.000633604940958, 0.000215308464249, 3.02567095787e-05, 2.11983551708e-05, 1.9646513465e-05, 4.29488045484e-06, 2.0921002033e-06, 2.19456751438e-06, 1.17682679956e-06, 8.24401809041e-07, 5.15163719683e-07, 3.18948423228e-07, 4.0136978896e-07, 3.61941431493e-07, 2.93016881869e-07, 4.09229102161e-07, 2.76617242889e-07, 3.74329516717e-07, 4.83721066757e-07, 2.75124307336e-07, 1.76280764208e-07, 1.16518684479e-07, 2.6043642265e-07], "dmean2": [2.83981444227e-06, 0.000391966255847, 0.00101628096309, 0.000857202103361, 0.00167594687082, 0.00137899257243, 0.00181984633673, 0.000882455031388, 0.00120472162962, 0.000276581704384, 0.00064525345806, 0.000265239097644, 0.000131461260025, 0.000128176019643, 4.12418048654e-05, 2.0287314328e-05, 1.67474463524e-05, 1.82308849617e-05, 1.31418637466e-05, 1.41627488119e-05, 9.63612637861e-06, 1.37614215419e-05, 1.52735265146e-05, 1.41989812619e-05, 6.53627057545e-06, 2.18814739128e-06, 3.39752944001e-07], "dmean": [1.83576662494e-06, 0.000248154363362, 0.00062774081016, 0.00053782586474, 0.00108444865327, 0.000894936965778, 0.00111894716974, 0.000585679430515, 0.000776588800363, 0.000207585530006, 0.000428043247666, 0.000197835979634, 8.99216320249e-05, 8.81837986526e-05, 2.9331402402e-05, 1.35202835736e-05, 1.1053119124e-05, 1.18811340144e-05, 8.80275001691e-06, 9.53340531851e-06, 6.41663837087e-06, 9.66063998931e-06, 1.06911866169e-05, 9.82321398624e-06, 4.77960065837e-06, 1.70979444647e-06, 2.32260347843e-07], "var": [1.15523444977e-10, 5.81387757848e-06, 1.94755957637e-05, 5.63785943086e-06, 2.20796300709e-05, 2.37241547438e-05, 8.48575291457e-05, 2.86138147203e-05, 0.000102417034213, 5.28002510691e-06, 3.24759530486e-05, 1.09518232421e-05, 7.22539823528e-07, 9.17130421385e-07, 1.62412945315e-07, 2.2015546719e-08, 4.14728482667e-08, 1.32602728797e-08, 5.14482012548e-09, 1.27276589268e-08, 6.02763305935e-09, 2.63358845842e-08, 3.31021574596e-08, 5.46906733234e-08, 6.74997036043e-09, 1.34709399191e-09, 1.6387936147e-11], "dvar": [7.01263214165e-11, 1.85443684586e-06, 5.75839339945e-06, 1.56895634973e-06, 6.74758666719e-06, 6.70147755955e-06, 2.88672563329e-05, 1.48316830746e-05, 2.08330766327e-05, 2.02828255169e-06, 7.49745186113e-06, 3.52142160409e-06, 3.00876877191e-07, 4.40623608711e-07, 4.93422902537e-08, 1.35977575866e-08, 1.02662411905e-08, 6.87931223098e-09, 1.9829993203e-09, 7.63771978995e-09, 2.26396390524e-09, 9.12016329124e-09, 1.10967741662e-08, 2.6128827102e-08, 2.79600609332e-09, 4.64469740447e-10, 9.0263421737e-12], "mean": [2.26784163715e-06, 0.000561791472137, 0.00135686865542, 0.00109029351734, 0.00238926033489, 0.00172989501152, 0.00210272008553, 0.00100649194792, 0.00178574526217, 0.000341426843079, 0.000955168157816, 0.000331753079081, 0.000149588595377, 0.00013481262431, 5.09180827066e-05, 1.85484332178e-05, 2.23825136345e-05, 1.91820745385e-05, 1.48773324327e-05, 1.45164094647e-05, 1.06365851025e-05, 1.69259546965e-05, 1.84698419616e-05, 1.65717610798e-05, 7.78772937338e-06, 3.00316742141e-06, 5.49084575141e-07]}, "melbands_flatness_db": {"min": 0.00605630222708, "max": 0.758307158947, "dvar2": 0.0021721359808, "median": 0.405666351318, "dmean2": 0.0498156957328, "dmean": 0.0322475582361, "var": 0.0122923608869, "dvar": 0.000970811059233, "mean": 0.407711833715}, "melbands_skewness": {"min": -4.68298864365, "max": 25.0865421295, "dvar2": 4.17240381241, "median": 2.71288919449, "dmean2": 1.84016513824, "dmean": 1.16962945461, "var": 12.1606254578, "dvar": 1.76687943935, "mean": 3.70508384705}, "barkbands_skewness": {"min": -8.19287967682, "max": 70.1594085693, "dvar2": 11.724029541, "median": 3.21973443031, "dmean2": 2.34082126617, "dmean": 1.49169766903, "var": 30.9310379028, "dvar": 5.12670087814, "mean": 4.86878252029}, "silence_rate_60dB": {"min": 0, "max": 1, "dvar2": 0.133715555072, "median": 0, "dmean2": 0.126029074192, "dmean": 0.0630081295967, "var": 0.225257277489, "dvar": 0.0590358190238, "mean": 0.342648118734}, "spectral_energyband_low": {"min": 6.49466406478e-23, "max": 0.0985930562019, "dvar2": 2.99663206533e-05, "median": 0.000235984538449, "dmean2": 0.00160998955835, "dmean": 0.000980962999165, "var": 4.47651254945e-05, "dvar": 1.1554356206e-05, "mean": 0.00239743152633}, "spectral_energyband_middle_low": {"min": 2.93795681502e-22, "max": 0.190120711923, "dvar2": 0.000192041072296, "median": 0.00439335079864, "dmean2": 0.00626238621771, "dmean": 0.0039597870782, "var": 0.000294802128337, "dvar": 7.42591873859e-05, "mean": 0.0102869616821}, "melbands_kurtosis": {"min": -1.92340779305, "max": 991.85369873, "dvar2": 5805.41210938, "median": 23.183303833, "dmean2": 44.856262207, "dmean": 28.0009117126, "var": 10423.1259766, "dvar": 2316.31567383, "mean": 66.6432647705}, "spectral_decrease": {"min": -4.96978351805e-08, "max": 1.29503092431e-28, "dvar2": 1.50496214944e-17, "median": -1.51365298073e-09, "dmean2": 1.90904003716e-09, "dmean": 1.21353704863e-09, "var": 2.8672703848e-17, "dvar": 5.87309319133e-18, "mean": -3.57461016343e-09}, "erbbands_kurtosis": {"min": -1.92491602898, "max": 430.599029541, "dvar2": 1257.44018555, "median": 9.87945556641, "dmean2": 18.6041145325, "dmean": 11.754032135, "var": 1955.70202637, "dvar": 529.01348877, "mean": 25.4586696625}, "melbands_crest": {"min": 2.60458183289, "max": 34.8340072632, "dvar2": 21.4254722595, "median": 20.258392334, "dmean2": 5.09755802155, "dmean": 3.15086770058, "var": 36.2848434448, "dvar": 8.12860488892, "mean": 20.1619873047}, "gfcc": {"cov": [[13195.9609375, 402.714355469, -3829.69995117, -643.38269043, -1171.7545166, 326.849060059, 390.246307373, 209.244125366, -14.4085826874, -80.6815109253, 182.11781311, -324.197570801, -378.648132324], [402.714355469, 2403.83862305, 802.039794922, -204.509353638, 596.319885254, -24.8028678894, 178.867294312, -185.268569946, -85.8835983276, -390.275360107, -188.761871338, -171.873168945, -39.0543365479], [-3829.69995117, 802.039794922, 2772.6472168, 896.093688965, 658.544433594, 99.0276947021, -220.660598755, -334.63961792, -161.148986816, -344.929046631, -352.893554688, 7.18598127365, 42.7666091919], [-643.38269043, -204.509353638, 896.093688965, 1100.03369141, 363.645904541, 86.3413619995, -213.669158936, -163.699371338, -31.8939590454, -186.659194946, -253.023574829, -19.2410850525, -2.82724523544], [-1171.7545166, 596.319885254, 658.544433594, 363.645904541, 692.835449219, 73.6122360229, -40.5664024353, -96.3589859009, -5.670586586, -144.502243042, -181.030685425, -58.8358230591, -2.14138650894], [326.849060059, -24.8028678894, 99.0276947021, 86.3413619995, 73.6122360229, 502.935913086, 239.556610107, 8.50493526459, -49.7630348206, 12.0843706131, -52.162612915, -132.815734863, -145.858322144], [390.246307373, 178.867294312, -220.660598755, -213.669158936, -40.5664024353, 239.556610107, 421.891418457, 157.133468628, 9.46947097778, 66.6303100586, 55.7524375916, -100.577056885, -90.2096633911], [209.244125366, -185.268569946, -334.63961792, -163.699371338, -96.3589859009, 8.50493526459, 157.133468628, 250.442382812, 110.448669434, 120.130599976, 95.2928771973, 2.64044451714, -5.9667801857], [-14.4085826874, -85.8835983276, -161.148986816, -31.8939590454, -5.670586586, -49.7630348206, 9.46947097778, 110.448669434, 229.142105103, 125.723014832, 54.845161438, 19.8010463715, 22.7735157013], [-80.6815109253, -390.275360107, -344.929046631, -186.659194946, -144.502243042, 12.0843706131, 66.6303100586, 120.130599976, 125.723014832, 320.87008667, 194.772949219, 69.1892242432, 27.632062912], [182.11781311, -188.761871338, -352.893554688, -253.023574829, -181.030685425, -52.162612915, 55.7524375916, 95.2928771973, 54.845161438, 194.772949219, 251.847579956, 102.914268494, 26.5630302429], [-324.197570801, -171.873168945, 7.18598127365, -19.2410850525, -58.8358230591, -132.815734863, -100.577056885, 2.64044451714, 19.8010463715, 69.1892242432, 102.914268494, 200.512023926, 118.327415466], [-378.648132324, -39.0543365479, 42.7666091919, -2.82724523544, -2.14138650894, -145.858322144, -90.2096633911, -5.9667801857, 22.7735157013, 27.632062912, 26.5630302429, 118.327415466, 185.516220093]], "icov": [[0.000371125730453, -0.000665491446853, 0.000761827570386, -0.000684630183969, 0.000913931580726, -0.000634600757621, 0.000554511207156, -0.000341585720889, 0.000191286613699, 5.36239167559e-06, 0.000149165498442, -0.000196043300093, 0.000280995824141], [-0.000665491446853, 0.00242276652716, -0.00165133399423, 0.00198950595222, -0.00260961195454, 0.00171334703919, -0.00217671808787, 0.00188121851534, -0.00118614488747, 0.00167532230262, -0.00117003743071, 0.001082726405, -0.000745248282328], [0.000761827570386, -0.00165133399423, 0.00226136855781, -0.00186484970618, 0.00177124526817, -0.00149894563947, 0.00127584836446, -0.000585069414228, 0.000681700999849, -0.000250322365901, 0.000802658207249, -0.00100471242331, 0.000580583582632], [-0.000684630183969, 0.00198950595222, -0.00186484970618, 0.00337619218044, -0.0025645243004, 0.00096751289675, -0.000917256693356, 0.00122138264123, -0.00114805228077, 0.00101756933145, 0.000262027286226, 0.000255888764514, -0.000384210405173], [0.000913931580726, -0.00260961195454, 0.00177124526817, -0.0025645243004, 0.0051889596507, -0.0021386037115, 0.00203494075686, -0.00153622566722, 0.000471871520858, -0.00103906833101, 0.0016733861994, -0.0007936785114, 0.000550645694602], [-0.000634600757621, 0.00171334703919, -0.00149894563947, 0.00096751289675, -0.0021386037115, 0.00548905273899, -0.00398922106251, 0.00213667540811, 0.000129306208692, -0.000903092324734, 0.000485933589516, 0.000801288115326, 0.00138358795084], [0.000554511207156, -0.00217671808787, 0.00127584836446, -0.000917256693356, 0.00203494075686, -0.00398922106251, 0.00784978829324, -0.00516191776842, 0.00190343672875, -0.00107565161306, -0.000381072895834, 0.0011447701836, 0.000154486871907], [-0.000341585720889, 0.00188121851534, -0.000585069414228, 0.00122138264123, -0.00153622566722, 0.00213667540811, -0.00516191776842, 0.00998526252806, -0.00407588854432, 0.0012683251407, -0.00144039024599, 0.000382998521673, -0.000400997028919], [0.000191286613699, -0.00118614488747, 0.000681700999849, -0.00114805228077, 0.000471871520858, 0.000129306208692, 0.00190343672875, -0.00407588854432, 0.00805490929633, -0.00423445180058, 0.00175241287798, 6.63461923978e-06, 0.000254421087448], [5.36239167559e-06, 0.00167532230262, -0.000250322365901, 0.00101756933145, -0.00103906833101, -0.000903092324734, -0.00107565161306, 0.0012683251407, -0.00423445180058, 0.010409806855, -0.00677839759737, 0.0014200694859, -0.00173334160354], [0.000149165498442, -0.00117003743071, 0.000802658207249, 0.000262027286226, 0.0016733861994, 0.000485933589516, -0.000381072895834, -0.00144039024599, 0.00175241287798, -0.00677839759737, 0.0136404139921, -0.00690137315542, 0.00329013448209], [-0.000196043300093, 0.001082726405, -0.00100471242331, 0.000255888764514, -0.0007936785114, 0.000801288115326, 0.0011447701836, 0.000382998521673, 6.63461923978e-06, 0.0014200694859, -0.00690137315542, 0.0134382685646, -0.00654233805835], [0.000280995824141, -0.000745248282328, 0.000580583582632, -0.000384210405173, 0.000550645694602, 0.00138358795084, 0.000154486871907, -0.000400997028919, 0.000254421087448, -0.00173334160354, 0.00329013448209, -0.00654233805835, 0.0107524385676]], "mean": [-205.818557739, 112.927482605, -58.3673782349, 0.454042375088, -69.3547058105, -9.92369270325, -39.1060600281, -11.1439008713, -22.8471412659, -6.02385807037, -12.9196500778, -1.4517134428, -12.6613502502]}, "melbands_spread": {"min": 0.205446660519, "max": 239.424468994, "dvar2": 179.402160645, "median": 2.35105514526, "dmean2": 3.74717354774, "dmean": 2.40970015526, "var": 277.044921875, "dvar": 91.842414856, "mean": 6.10249376297}, "spectral_energy": {"min": 1.02531476463e-20, "max": 0.196754559875, "dvar2": 0.00023638876155, "median": 0.00592460855842, "dmean2": 0.0075110020116, "dmean": 0.00478372862563, "var": 0.000459373695776, "dvar": 9.23127372516e-05, "mean": 0.0141524365172}, "mfcc": {"cov": [[12063.3603516, 488.257507324, -2495.93676758, -1223.1887207, -1538.21472168, -288.82913208, -24.1183815002, 179.001937866, -331.145263672, 377.683044434, 250.120941162, 83.3429260254, 58.1879310608], [488.257507324, 2775.3503418, 344.40145874, -30.1232147217, 156.973205566, 69.4242935181, 180.188980103, 159.612823486, 66.8693389893, -85.4405059814, -145.263763428, -155.087387085, -68.8349761963], [-2495.93676758, 344.40145874, 1730.29333496, 636.898681641, 603.005737305, 392.116607666, 67.7733001709, 100.089790344, 108.217071533, -232.112426758, -181.682754517, -151.054153442, -147.843521118], [-1223.1887207, -30.1232147217, 636.898681641, 839.797912598, 607.34765625, 172.660995483, -98.2690734863, 42.8188896179, 136.770050049, -185.981552124, -203.946838379, -70.6500701904, -55.1135177612], [-1538.21472168, 156.973205566, 603.005737305, 607.34765625, 785.213867188, 263.390167236, -75.2023086548, 31.3650627136, 148.643295288, -173.371032715, -182.345458984, -80.8533782959, -51.0733566284], [-288.82913208, 69.4242935181, 392.116607666, 172.660995483, 263.390167236, 434.797546387, 162.683776855, 78.6057357788, 93.1245956421, 4.45860242844, 4.76929569244, -73.0252380371, -62.0120544434], [-24.1183815002, 180.188980103, 67.7733001709, -98.2690734863, -75.2023086548, 162.683776855, 357.156951904, 117.242897034, 30.4898529053, 103.227142334, 100.153656006, 3.36080694199, -22.2379398346], [179.001937866, 159.612823486, 100.089790344, 42.8188896179, 31.3650627136, 78.6057357788, 117.242897034, 190.635757446, 76.859085083, 27.8445663452, 20.3376464844, -2.67662787437, -28.1797637939], [-331.145263672, 66.8693389893, 108.217071533, 136.770050049, 148.643295288, 93.1245956421, 30.4898529053, 76.859085083, 230.739807129, 58.7525672913, 3.0364792347, 20.8471488953, 6.97814559937], [377.683044434, -85.4405059814, -232.112426758, -185.981552124, -173.371032715, 4.45860242844, 103.227142334, 27.8445663452, 58.7525672913, 281.522979736, 174.875671387, 65.7836303711, 7.32402896881], [250.120941162, -145.263763428, -181.682754517, -203.946838379, -182.345458984, 4.76929569244, 100.153656006, 20.3376464844, 3.0364792347, 174.875671387, 252.208206177, 117.167953491, 46.860370636], [83.3429260254, -155.087387085, -151.054153442, -70.6500701904, -80.8533782959, -73.0252380371, 3.36080694199, -2.67662787437, 20.8471488953, 65.7836303711, 117.167953491, 198.895019531, 126.394927979], [58.1879310608, -68.8349761963, -147.843521118, -55.1135177612, -51.0733566284, -62.0120544434, -22.2379398346, -28.1797637939, 6.97814559937, 7.32402896881, 46.860370636, 126.394927979, 215.634246826]], "icov": [[0.00019502727082, -8.93979304237e-05, 0.000293202610919, -0.0001257720578, 0.000450719613582, -0.000478197121993, 0.000385078135878, -0.000458988477476, 0.000277305138297, -8.74981560628e-05, 0.000190559134353, -0.000133899622597, 6.77521602483e-05], [-8.93979304237e-05, 0.000487350305775, -0.000221654874622, 0.000339018704835, -0.000434420478996, 0.000465873716166, -0.000452862353995, -7.39431998227e-05, -0.000243774542469, 8.40413558763e-05, 0.000140618663863, 0.000390724744648, -0.000165458608535], [0.000293202610919, -0.000221654874622, 0.00148811505642, -0.000698232906871, 0.000572795164771, -0.00127246719785, 0.000424477795605, -0.000719809846487, 0.000407592975534, 0.000499777321238, 8.45460526762e-05, -0.000244073220529, 0.000505914445966], [-0.0001257720578, 0.000339018704835, -0.000698232906871, 0.00345845730044, -0.00228078663349, 0.000692660687491, -7.17598813935e-05, -0.000249763368629, -0.000772077066358, 0.000258444459178, 0.000954354414716, -0.000335786317009, 0.0001719588181], [0.000450719613582, -0.000434420478996, 0.000572795164771, -0.00228078663349, 0.00503955315799, -0.00287164305337, 0.00172245909926, -0.000548973621335, -0.000349467707565, 0.000484517920995, 0.000908337475266, -0.00078033603495, 0.000278026447631], [-0.000478197121993, 0.000465873716166, -0.00127246719785, 0.000692660687491, -0.00287164305337, 0.00616098055616, -0.00308374781162, 0.00112713850103, -0.00149808591232, 0.000274765363429, -0.00192909839097, 0.00254451553337, -0.000529853568878], [0.000385078135878, -0.000452862353995, 0.000424477795605, -7.17598813935e-05, 0.00172245909926, -0.00308374781162, 0.00610632216558, -0.00327123468742, 0.00127737922594, -0.00114992901217, -0.000288245588308, -0.000411969580455, 4.9434878747e-05], [-0.000458988477476, -7.39431998227e-05, -0.000719809846487, -0.000249763368629, -0.000548973621335, 0.00112713850103, -0.00327123468742, 0.00916476733983, -0.00312984990887, 0.00102115795016, -0.000910099945031, -0.000243187590968, 0.00100426399149], [0.000277305138297, -0.000243774542469, 0.000407592975534, -0.000772077066358, -0.000349467707565, -0.00149808591232, 0.00127737922594, -0.00312984990887, 0.00774146988988, -0.00332650309429, 0.00175005744677, -0.00142217508983, -0.000545638205949], [-8.74981560628e-05, 8.40413558763e-05, 0.000499777321238, 0.000258444459178, 0.000484517920995, 0.000274765363429, -0.00114992901217, 0.00102115795016, -0.00332650309429, 0.00846238899976, -0.00489034410566, 0.00055735418573, 0.00122405518778], [0.000190559134353, 0.000140618663863, 8.45460526762e-05, 0.000954354414716, 0.000908337475266, -0.00192909839097, -0.000288245588308, -0.000910099945031, 0.00175005744677, -0.00489034410566, 0.0114545021206, -0.00572462705895, 0.000782821734902], [-0.000133899622597, 0.000390724744648, -0.000244073220529, -0.000335786317009, -0.00078033603495, 0.00254451553337, -0.000411969580455, -0.000243187590968, -0.00142217508983, 0.00055735418573, -0.00572462705895, 0.0127363959327, -0.00581400189549], [6.77521602483e-05, -0.000165458608535, 0.000505914445966, 0.0001719588181, 0.000278026447631, -0.000529853568878, 4.9434878747e-05, 0.00100426399149, -0.000545638205949, 0.00122405518778, 0.000782821734902, -0.00581400189549, 0.00822087842971]], "mean": [-869.733581543, 152.515869141, 47.2434158325, 15.2429237366, -7.45124340057, -3.57945275307, -11.4519710541, -6.38730382919, -14.5262107849, -5.71798276901, -6.16422080994, -5.46039009094, -5.1299700737]}, "spectral_contrast_valleys": {"min": [-27.3991603851, -27.3252773285, -27.0619792938, -27.2977676392, -27.2768917084, -27.3290653229], "max": [-5.72258329391, -5.15563106537, -5.85870742798, -6.30391645432, -6.21300792694, -7.29851055145], "dvar2": [0.286774992943, 0.232045993209, 0.178037464619, 0.16689863801, 0.137746527791, 0.0990572199225], "median": [-9.44389343262, -8.34868431091, -9.56504631042, -10.5880680084, -10.5636367798, -12.3469352722], "dmean2": [0.642151832581, 0.585518836975, 0.481496274471, 0.427001237869, 0.33263784647, 0.237049907446], "dmean": [0.379333436489, 0.356604874134, 0.292701929808, 0.262818723917, 0.217369616032, 0.171031728387], "var": [1.7381349802, 1.55847740173, 1.94338810444, 1.39868462086, 1.35353088379, 1.15360796452], "dvar": [0.114374116063, 0.101406887174, 0.0796157941222, 0.0774813368917, 0.0754903629422, 0.0699478685856], "mean": [-9.23131752014, -8.4003162384, -9.4870223999, -10.4430389404, -10.4386930466, -12.2173442841]}, "barkbands_flatness_db": {"min": 0.0222150795162, "max": 0.601179540157, "dvar2": 0.00189818744548, "median": 0.30577725172, "dmean2": 0.0472590625286, "dmean": 0.0302192624658, "var": 0.00843531638384, "dvar": 0.000810711178929, "mean": 0.309959322214}, "dynamic_complexity": 7.68614530563, "erbbands_flatness_db": {"min": 0.02860566