{"lowlevel": {"spectral_complexity": {"min": 0, "max": 64, "dvar2": 42.8801574707, "median": 30, "dmean2": 6.96724414825, "dmean": 4.58522367477, "var": 187.978927612, "dvar": 22.1311798096, "mean": 28.9111614227}, "silence_rate_20dB": {"min": 1, "max": 1, "dvar2": 0, "median": 1, "dmean2": 0, "dmean": 0, "var": 0, "dvar": 0, "mean": 1}, "average_loudness": 0.915391325951, "erbbands_spread": {"min": 1.93750584126, "max": 140.074829102, "dvar2": 165.333908081, "median": 37.034324646, "dmean2": 12.1606655121, "dmean": 7.74083614349, "var": 246.228210449, "dvar": 68.7578811646, "mean": 37.5869789124}, "spectral_kurtosis": {"min": -1.5215638876, "max": 133.424407959, "dvar2": 27.7972984314, "median": 2.89857578278, "dmean2": 2.36929774284, "dmean": 1.41104853153, "var": 88.5282897949, "dvar": 9.97465705872, "mean": 4.83186817169}, "barkbands_kurtosis": {"min": -1.92310833931, "max": 383.045471191, "dvar2": 103.012680054, "median": -0.528374791145, "dmean2": 3.33111619949, "dmean": 2.02142238617, "var": 78.7710723877, "dvar": 43.3509597778, "mean": 1.43775987625}, "spectral_strongpeak": {"min": 0, "max": 18.1908740997, "dvar2": 3.16247677803, "median": 0.207951948047, "dmean2": 0.826902806759, "dmean": 0.472050100565, "var": 1.8778014183, "dvar": 1.22323083878, "mean": 0.631490767002}, "spectral_spread": {"min": 749348.4375, "max": 22147666, "dvar2": 617355083776, "median": 4249857, "dmean2": 621264.625, "dmean": 421293.75, "var": 1837402423300.0, "dvar": 333609992192, "mean": 4319803.5}, "spectral_rms": {"min": 4.78345373267e-06, "max": 0.0107948370278, "dvar2": 1.80649101367e-06, "median": 0.00451511610299, "dmean2": 0.00121510168537, "dmean": 0.000792854756583, "var": 2.92620643449e-06, "dvar": 8.54573897868e-07, "mean": 0.00456171436235}, "erbbands": {"min": [1.96323082235e-08, 2.36949503574e-07, 1.83652332453e-07, 8.07540288861e-07, 1.85273484021e-06, 1.24741450236e-06, 6.49444075407e-07, 7.69905454945e-07, 8.61017781517e-07, 5.00171893236e-07, 1.27287296436e-06, 2.30903242482e-06, 2.09444647226e-06, 2.2439037366e-06, 2.20494803216e-06, 9.78382786343e-07, 1.8843890075e-06, 2.94972619486e-06, 1.85422959476e-06, 4.04898537454e-06, 4.47194088338e-06, 6.3864981712e-06, 3.37859205501e-06, 3.46565684595e-06, 2.11860719901e-06, 2.05248829843e-06, 1.47166190345e-06, 1.89990430499e-06, 1.0693306649e-06, 9.09054165277e-07, 8.6662009835e-07, 7.88380418726e-07, 7.05073773588e-07, 4.80496396449e-07, 3.12157709459e-07, 1.88837006476e-07, 7.71930999122e-08, 3.67200243545e-08, 1.81135177968e-08, 5.61880408867e-09], "max": [3.30855941772, 21.9066295624, 56.0240974426, 99.2641296387, 152.912628174, 165.645736694, 190.033294678, 122.192298889, 172.012481689, 646.777526855, 837.22467041, 433.339294434, 366.396972656, 611.926391602, 505.260437012, 768.536987305, 1386.52282715, 1775.25537109, 1736.93469238, 1889.99755859, 732.971435547, 957.386291504, 589.294677734, 733.407409668, 672.455566406, 701.300720215, 862.636352539, 649.781860352, 1184.921875, 396.418365479, 374.002929688, 258.959472656, 280.713226318, 405.372314453, 90.7231140137, 33.1155166626, 8.24626159668, 1.08677399158, 0.104195646942, 0.00446383608505], "dvar2": [0.210407286882, 11.1351108551, 59.4447784424, 42.0077400208, 334.796630859, 358.809875488, 87.4965133667, 132.437316895, 217.538406372, 960.602111816, 820.031738281, 1037.8380127, 845.821228027, 796.629882812, 830.611083984, 2021.15197754, 2909.61279297, 8280.23828125, 9013.52539062, 7489.31982422, 3163.53979492, 2526.97338867, 1224.74829102, 1005.02435303, 1055.56762695, 2212.12915039, 1672.81176758, 1746.68481445, 1570.0847168, 904.75012207, 559.245544434, 234.728286743, 99.6791000366, 34.2476425171, 6.28969955444, 1.02281677723, 0.0738754719496, 0.00391653738916, 4.91279570269e-05, 1.47287337882e-07], "median": [0.104150623083, 0.895234942436, 2.37951946259, 2.18595504761, 1.39862823486, 2.75604963303, 3.58533477783, 4.856528759, 3.65597343445, 5.06216716766, 4.35893678665, 6.15595674515, 4.67742013931, 6.58069562912, 6.72499752045, 8.0977678299, 14.1197490692, 15.4493274689, 22.1125679016, 23.2018127441, 27.4676322937, 29.105846405, 21.6448249817, 20.5481719971, 22.864200592, 20.5415668488, 15.2391719818, 13.4103193283, 12.308681488, 6.05697345734, 2.76949977875, 1.99241638184, 0.824082612991, 0.489265441895, 0.342849075794, 0.136601060629, 0.0248507633805, 0.00315525499173, 0.00028614042094, 4.88135119667e-05], "dmean2": [0.228111431003, 1.85284328461, 4.72943305969, 3.64406251907, 6.2624835968, 7.71555995941, 5.58860635757, 7.2097659111, 7.45843648911, 12.3918504715, 11.2895088196, 15.9477863312, 13.6409606934, 13.7887496948, 14.0067329407, 17.9943904877, 25.4621086121, 36.223690033, 42.5313224792, 38.6415863037, 32.4482078552, 30.3409576416, 21.5954914093, 20.0045452118, 21.3225307465, 26.087430954, 19.1842784882, 19.8042144775, 16.0504798889, 12.1588306427, 8.47600841522, 5.32170915604, 3.00144910812, 1.39764285088, 0.833661854267, 0.328999459743, 0.0936810672283, 0.0235616695136, 0.00269219139591, 0.000158283219207], "dmean": [0.139941990376, 1.10726749897, 2.76909351349, 2.14451956749, 3.86232471466, 4.61578416824, 3.38293576241, 4.39272880554, 4.45543050766, 7.50866889954, 7.01675081253, 9.61538124084, 8.16859912872, 8.58044147491, 8.72086143494, 11.1584701538, 16.0855960846, 22.5582389832, 26.1330795288, 23.9375686646, 20.2598628998, 18.5869941711, 13.1374320984, 12.1044788361, 13.1155509949, 16.1402378082, 12.067908287, 12.3090467453, 10.0774059296, 7.70709705353, 5.34835529327, 3.38335371017, 1.8936368227, 0.923870384693, 0.538653790951, 0.212329268456, 0.0612522698939, 0.0152267105877, 0.00171973125543, 0.00010171939357], "var": [0.0958785191178, 4.48083400726, 20.5715999603, 15.9465274811, 133.868041992, 129.769088745, 62.4346580505, 84.6778335571, 103.201095581, 407.636352539, 572.308044434, 447.726623535, 357.298858643, 637.56829834, 752.625427246, 1436.49768066, 2624.90429688, 13137.9316406, 15639.2607422, 8778.44726562, 3082.1237793, 2457.76708984, 1140.46655273, 920.673278809, 1112.13549805, 1738.31994629, 1291.80212402, 1309.32775879, 983.928649902, 574.710632324, 310.612243652, 134.609054565, 64.0990982056, 43.6630020142, 5.51321649551, 0.638700246811, 0.0429251529276, 0.00267849653028, 3.41074046446e-05, 1.04866991535e-07], "dvar": [0.0870776101947, 4.29972600937, 21.647649765, 15.451010704, 139.962051392, 134.701583862, 36.0130004883, 51.4485244751, 82.4813461304, 367.298553467, 365.675048828, 392.498962402, 324.394317627, 362.924743652, 352.569519043, 851.671691895, 1199.49804688, 3249.19750977, 3600.31469727, 2900.77954102, 1357.9855957, 1012.48901367, 486.724853516, 406.343109131, 456.506347656, 933.211364746, 749.501342773, 715.496765137, 634.941345215, 366.1824646, 230.47052002, 99.3566131592, 43.1532897949, 20.1570491791, 2.77045655251, 0.419035881758, 0.0308995004743, 0.00173553696368, 2.23733768507e-05, 6.67867325888e-08], "mean": [0.194218784571, 1.49901866913, 3.61319303513, 3.17909646034, 4.26383495331, 6.09081172943, 5.72216463089, 7.65681743622, 6.66710948944, 10.787815094, 10.9556684494, 13.2885379791, 10.7183513641, 13.7290611267, 14.4510192871, 18.1975975037, 29.3827018738, 46.7140083313, 55.9682044983, 47.1851501465, 42.2144966125, 40.768535614, 30.0044193268, 27.8624343872, 30.7771129608, 32.3237800598, 25.0267391205, 24.5255298615, 21.0791282654, 14.0563774109, 8.72759437561, 5.75266885757, 2.98305463791, 1.56461596489, 0.979369342327, 0.378778398037, 0.0985782444477, 0.0225153043866, 0.00248343171552, 0.000166465397342]}, "zerocrossingrate": {"min": 0.00146484375, "max": 0.4541015625, "dvar2": 0.000221443086048, "median": 0.08349609375, "dmean2": 0.0137445842847, "dmean": 0.011702160351, "var": 0.00170674105175, "dvar": 0.000195851374883, "mean": 0.0863281786442}, "spectral_contrast_coeffs": {"min": [-0.916763722897, -0.949467301369, -0.953783035278, -0.95636510849, -0.923757076263, -0.918725907803], "max": [-0.287506014109, -0.396199733019, -0.488020002842, -0.483881533146, -0.611153244972, -0.554563879967], "dvar2": [0.00495111383498, 0.00396784115583, 0.00262246350758, 0.00151525065303, 0.000700428208802, 0.00071518169716], "median": [-0.704631924629, -0.771858870983, -0.805851697922, -0.793774724007, -0.804994463921, -0.71064633131], "dmean2": [0.0859710276127, 0.0780464336276, 0.0624142326415, 0.0491345413029, 0.0323677621782, 0.0288515612483], "dmean": [0.0517619363964, 0.0466666035354, 0.0378273539245, 0.0297314990312, 0.01954411529, 0.0183136742562], "var": [0.00516621628776, 0.0040195453912, 0.00263088056818, 0.00207531731576, 0.00085551571101, 0.00300700683147], "dvar": [0.00188572390471, 0.00147990009282, 0.000985266524367, 0.000585764006246, 0.000269368843874, 0.00031304906588], "mean": [-0.695168375969, -0.766284525394, -0.799307703972, -0.788566410542, -0.80164283514, -0.715079247952]}, "dissonance": {"min": 0.169093087316, "max": 0.500000119209, "dvar2": 0.000475706590805, "median": 0.488645672798, "dmean2": 0.0166624318808, "dmean": 0.00982227921486, "var": 0.000415193382651, "dvar": 0.00017555996601, "mean": 0.482956290245}, "spectral_energyband_high": {"min": 5.92381643738e-10, "max": 0.0407725907862, "dvar2": 1.0140662198e-05, "median": 0.00130018475465, "dmean2": 0.00147389562335, "dmean": 0.000974166498054, "var": 9.10695234779e-06, "dvar": 4.47990578323e-06, "mean": 0.0022808930371}, "spectral_skewness": {"min": -0.864690303802, "max": 9.1958656311, "dvar2": 0.122285030782, "median": 1.09323263168, "dmean2": 0.275849878788, "dmean": 0.169751062989, "var": 0.766102731228, "dvar": 0.0473095402122, "mean": 1.28384184837}, "spectral_flux": {"min": 0.00016529536515, "max": 0.30555075407, "dvar2": 0.001690668636, "median": 0.0805205851793, "dmean2": 0.0362809672952, "dmean": 0.0227668881416, "var": 0.00194616743829, "dvar": 0.000757873873226, "mean": 0.0885178670287}, "silence_rate_30dB": {"min": 1, "max": 1, "dvar2": 0, "median": 1, "dmean2": 0, "dmean": 0, "var": 0, "dvar": 0, "mean": 1}, "spectral_energyband_middle_high": {"min": 8.47110437352e-10, "max": 0.0444612912834, "dvar2": 1.45281901496e-05, "median": 0.00475787650794, "dmean2": 0.00280104856938, "dmean": 0.00179845199455, "var": 4.00068311137e-05, "dvar": 6.12381700194e-06, "mean": 0.00666109193116}, "barkbands_spread": {"min": 0.31235063076, "max": 114.881034851, "dvar2": 154.420928955, "median": 39.7058105469, "dmean2": 11.700717926, "dmean": 7.33071374893, "var": 294.759399414, "dvar": 66.9655151367, "mean": 38.5346374512}, "spectral_centroid": {"min": 133.336471558, "max": 9025.71386719, "dvar2": 194077.59375, "median": 2269.59130859, "dmean2": 409.961975098, "dmean": 260.188720703, "var": 572877.75, "dvar": 90350.421875, "mean": 2169.6340332}, "pitch_salience": {"min": 0.113659135997, "max": 0.8828368783, "dvar2": 0.0132023598999, "median": 0.576367020607, "dmean2": 0.132104665041, "dmean": 0.0804947093129, "var": 0.0133442888036, "dvar": 0.00521121127531, "mean": 0.567452251911}, "erbbands_skewness": {"min": -6.4596824646, "max": 6.14876937866, "dvar2": 0.224725350738, "median": -0.489423751831, "dmean2": 0.468985170126, "dmean": 0.299811393023, "var": 0.578883707523, "dvar": 0.101794913411, "mean": -0.375804334879}, "erbbands_crest": {"min": 2.37918567657, "max": 29.3678798676, "dvar2": 11.6769008636, "median": 5.92464733124, "dmean2": 3.49132633209, "dmean": 2.10662841797, "var": 15.2663908005, "dvar": 4.54914045334, "mean": 7.16879463196}, "melbands": {"min": [2.22382057213e-10, 6.2354804653e-10, 1.57166252235e-10, 1.1510511988e-10, 2.76507115815e-11, 1.98597423229e-11, 1.28683851769e-11, 3.03997560631e-12, 1.00419629209e-11, 1.55204859381e-11, 1.00913053955e-11, 8.11032491166e-12, 7.59881393919e-12, 3.65742028677e-12, 3.38827793947e-12, 5.21989092575e-12, 5.03513463562e-12, 2.60678848299e-12, 3.86689595275e-12, 2.66516279532e-12, 4.21239518961e-12, 5.87605658575e-12, 2.98844868123e-12, 3.04285437992e-12, 2.57517900233e-12, 1.67612224013e-12, 1.25518562558e-12, 1.42374155e-12, 6.34276919181e-13, 1.34017623388e-12, 9.23103932703e-13, 6.06328409789e-13, 4.92250175083e-13, 5.08801009137e-13, 4.46532378131e-13, 4.49718875421e-13, 3.69245459946e-13, 4.38718722809e-13, 4.46845929399e-13, 3.96017826821e-13], "max": [0.0263746101409, 0.0286337155849, 0.0141916871071, 0.0141931185499, 0.00576402107254, 0.00236047548242, 0.00276400707662, 0.00587803637609, 0.00754996854812, 0.00276879570447, 0.00187377666589, 0.00226331804879, 0.00229469011538, 0.00250493665226, 0.0017880195519, 0.00259747984819, 0.00378770940006, 0.00307426205836, 0.00234137824737, 0.00167604617309, 0.00106819602661, 0.000853192759678, 0.00149561697617, 0.000767465797253, 0.000660242279992, 0.000445743935416, 0.000633331481367, 0.000455561064882, 0.000690141110681, 0.000439646508312, 0.000354281975888, 0.000860941014253, 0.000303020613501, 0.000216895059566, 0.000264728674665, 0.000324186345097, 0.000148097926285, 0.000204589145142, 0.00050505559193, 0.000262768007815], "dvar2": [1.27429057102e-05, 1.66649024322e-05, 1.20010736282e-06, 2.37152426052e-06, 1.18279082528e-07, 5.88865489703e-08, 5.46643796895e-08, 1.04804698253e-07, 5.93633124879e-08, 5.32230366446e-08, 2.20498161951e-08, 1.40190321574e-08, 1.28787736031e-08, 1.43476555081e-08, 1.49509382652e-08, 1.80649966097e-08, 3.70067354538e-08, 3.20383861663e-08, 1.62544733229e-08, 1.3352427608e-08, 5.20041654184e-09, 3.98826305315e-09, 2.02865169108e-09, 1.10498954431e-09, 8.13821177115e-10, 7.0104216876e-10, 9.89075155111e-10, 1.14387443961e-09, 8.16133771675e-10, 6.209847081e-10, 7.19545978356e-10, 6.96282309587e-10, 3.47750717111e-10, 2.89710644363e-10, 2.2027436819e-10, 1.82454190645e-10, 7.65206578657e-11, 6.25133764198e-11, 5.79763077824e-11, 1.55121020196e-11], "median": [0.00104799494147, 0.00136126740836, 0.000390519329812, 0.000151918327902, 0.000140656207805, 0.000110064334876, 5.94548182562e-05, 5.38495078217e-05, 3.69606059394e-05, 3.70748930436e-05, 2.21090795094e-05, 2.49681797868e-05, 2.30213372561e-05, 1.52104148583e-05, 2.84362122329e-05, 2.860202585e-05, 2.6557725505e-05, 3.26474437315e-05, 3.08651506202e-05, 2.8079139156e-05, 3.12150441459e-05, 3.08475719066e-05, 2.26948668569e-05, 1.55167181219e-05, 1.58455732162e-05, 1.73353455466e-05, 1.47310574903e-05, 1.26365712276e-05, 9.77260970103e-06, 7.09218875272e-06, 7.75574335421e-06, 7.38193648431e-06, 4.87897341372e-06, 2.58653653873e-06, 1.54269537234e-06, 1.26818315493e-06, 1.13212900033e-06, 5.46086084796e-07, 3.78590812034e-07, 3.83467636311e-07], "dmean2": [0.00195725052617, 0.00242829718627, 0.000664816470817, 0.000532317964826, 0.000206888085813, 0.00015670627181, 0.000119346295833, 0.000130542422994, 9.4383576652e-05, 0.000109079941467, 7.01663448126e-05, 5.77628998144e-05, 5.34572463948e-05, 4.4778425945e-05, 5.73972938582e-05, 6.39605568722e-05, 7.23417397239e-05, 7.51297193347e-05, 5.77844039071e-05, 5.14812636538e-05, 4.14552923758e-05, 3.76493335352e-05, 2.64504760707e-05, 1.97883709916e-05, 1.77859856194e-05, 1.79429316631e-05, 1.85922563105e-05, 1.85700046131e-05, 1.37378565341e-05, 1.17368017527e-05, 1.25929691421e-05, 1.0274719898e-05, 8.52402354212e-06, 6.67491713102e-06, 5.47242825633e-06, 4.14441456087e-06, 3.17129365612e-06, 2.39580185735e-06, 1.60517754466e-06, 1.13502721888e-06], "dmean": [0.00121341482736, 0.00143975694664, 0.000400061311666, 0.000324164604535, 0.000125205799122, 9.5586583484e-05, 7.15078567737e-05, 7.97564425739e-05, 5.83346300118e-05, 6.52178787277e-05, 4.1926115955e-05, 3.56856362487e-05, 3.32833005814e-05, 2.78282896033e-05, 3.53918949259e-05, 4.02258883696e-05, 4.48058235634e-05, 4.60991504951e-05, 3.62065584341e-05, 3.13297932735e-05, 2.54599126492e-05, 2.28583612625e-05, 1.59593291755e-05, 1.19735159387e-05, 1.06894367491e-05, 1.08653366624e-05, 1.14145150292e-05, 1.13536998469e-05, 8.52717130329e-06, 7.27425049263e-06, 7.74370892032e-06, 6.35037895336e-06, 5.31845944352e-06, 4.1620214688e-06, 3.37401729666e-06, 2.62625849246e-06, 1.98924476535e-06, 1.48235926645e-06, 1.04109631138e-06, 7.36311449145e-07], "var": [6.85766326569e-06, 6.19295542492e-06, 5.29860074039e-07, 8.70930193742e-07, 7.757713405e-08, 3.92414563066e-08, 2.67149271593e-08, 4.48825545618e-08, 3.92298780127e-08, 2.032270352e-08, 9.31118204761e-09, 1.07255520021e-08, 1.13764864196e-08, 9.24026455351e-09, 9.9291410649e-09, 2.08536690138e-08, 5.18909963887e-08, 4.57977584745e-08, 2.57980552476e-08, 9.76858505197e-09, 4.65976990327e-09, 3.39141825734e-09, 1.7763404081e-09, 8.88494000595e-10, 6.64270305428e-10, 7.05203395679e-10, 8.71195005026e-10, 8.1665141316e-10, 5.96198368452e-10, 4.39779768158e-10, 4.79063788639e-10, 3.7683295373e-10, 2.42416975382e-10, 1.61124905085e-10, 1.11280692994e-10, 9.33645313839e-11, 4.17660732388e-11, 3.00342459236e-11, 5.52462763037e-11, 2.3196770893e-11], "dvar": [5.46196588402e-06, 6.2256426645e-06, 4.63176746734e-07, 9.47586045186e-07, 4.70677328224e-08, 2.29387744355e-08, 2.0871919304e-08, 4.0280173863e-08, 2.64621622392e-08, 1.97797227486e-08, 8.45774206226e-09, 6.28479357445e-09, 5.5994098247e-09, 5.85762505168e-09, 5.91569859765e-09, 7.70421593188e-09, 1.45783056738e-08, 1.28948896005e-08, 7.09689462752e-09, 5.18012033268e-09, 2.21903073694e-09, 1.59135760125e-09, 8.09238176469e-10, 4.46841008639e-10, 3.27013305323e-10, 2.93526564166e-10, 4.43355269164e-10, 4.70410599362e-10, 3.64242358497e-10, 2.58385063345e-10, 2.88102819379e-10, 2.76546702205e-10, 1.42841238837e-10, 1.14321614675e-10, 8.79273806542e-11, 7.6754838596e-11, 3.16798913491e-11, 2.50179252315e-11, 3.00899097305e-11, 9.65836698813e-12], "mean": [0.00181926379446, 0.00199770182371, 0.000589583592955, 0.000388583517633, 0.000217912209337, 0.000169482373167, 0.000107994070277, 0.000114089583803, 8.97789504961e-05, 8.48891941132e-05, 5.30730721948e-05, 5.47221679881e-05, 5.21537767781e-05, 4.10860411648e-05, 5.67272072658e-05, 7.1897127782e-05, 8.61286607687e-05, 8.96015044418e-05, 7.06970749889e-05, 5.46330302313e-05, 4.88949299324e-05, 4.48053106084e-05, 3.21042934956e-05, 2.34698018176e-05, 2.20058864215e-05, 2.34521412494e-05, 2.2407832148e-05, 2.09294703382e-05, 1.62111555255e-05, 1.36229582495e-05, 1.43875704453e-05, 1.25133210531e-05, 9.78515163297e-06, 6.88292630002e-06, 5.10200197823e-06, 4.23633991886e-06, 3.21126185554e-06, 2.15900354306e-06, 1.60248691827e-06, 1.22572748751e-06]}, "spectral_entropy": {"min": 5.04255342484, "max": 8.97130966187, "dvar2": 0.0312584750354, "median": 8.00748062134, "dmean2": 0.146114736795, "dmean": 0.0962823405862, "var": 0.218588888645, "dvar": 0.0151993250474, "mean": 7.90611410141}, "spectral_rolloff": {"min": 21.533203125, "max": 15094.7753906, "dvar2": 2087999, "median": 2390.18554688, "dmean2": 1176.07226562, "dmean": 726.019104004, "var": 2789267, "dvar": 944517.5625, "mean": 2521.14428711}, "barkbands": {"min": [1.10538259102e-10, 7.55064288871e-10, 2.53434478265e-11, 1.91767379754e-10, 4.36159552919e-10, 6.08064223973e-11, 5.61097140972e-11, 4.35072325389e-11, 1.0958686042e-10, 6.77069442179e-11, 6.7189670494e-11, 2.76724615444e-11, 3.92048442321e-11, 5.18405110506e-11, 4.64680238732e-11, 7.92348478496e-11, 8.88226645013e-11, 7.00557875599e-11, 4.28956696552e-11, 4.37567274081e-11, 4.48865354608e-11, 2.55371210289e-11, 3.22464138724e-11, 3.84830708966e-11, 4.233499315e-11, 4.60458893237e-11, 2.2988534687e-10], "max": [0.0169103331864, 0.0870951861143, 0.0498481318355, 0.0304369591177, 0.0544590502977, 0.0122691653669, 0.0284307450056, 0.0281162187457, 0.0232010930777, 0.0105137284845, 0.0190443601459, 0.0169529151171, 0.026267176494, 0.0306582711637, 0.0293179787695, 0.0167652312666, 0.0189916044474, 0.010377028957, 0.010266058147, 0.0150164449587, 0.0162824112922, 0.0233704019338, 0.0114300446585, 0.0127125857398, 0.0275580845773, 0.00555116217583, 0.000588057562709], "dvar2": [6.13364363744e-06, 0.000172588726855, 3.91238609154e-05, 4.56779480373e-06, 3.48652793036e-05, 1.47518494487e-06, 1.97437316274e-06, 1.80805443506e-06, 2.72776674137e-06, 6.29820931408e-07, 6.95111964433e-07, 1.06131176381e-06, 1.70719715697e-06, 4.10744769397e-06, 3.53579980583e-06, 1.69380211901e-06, 9.81043172033e-07, 4.36071843524e-07, 3.69240439113e-07, 8.79530887232e-07, 9.88563670035e-07, 9.96448761725e-07, 6.70058852847e-07, 3.79281857477e-07, 2.19431413484e-07, 2.74996931893e-08, 1.9006776153e-09], "median": [0.000173882290255, 0.00403687916696, 0.00205293577164, 0.000404084916227, 0.00071990332799, 0.000587113725487, 0.000280290143564, 0.000151789980009, 0.000275721249636, 0.000137712981086, 0.000158115319209, 0.000160203169798, 0.000293884339044, 0.000311837648042, 0.000441865209723, 0.000432686298154, 0.000536313455086, 0.000352727889549, 0.000446216610726, 0.000431153457612, 0.000340701313689, 0.00032456178451, 0.000104591948912, 7.03101395629e-05, 5.40817054571e-05, 1.5969200831e-05, 1.45900230564e-06], "dmean2": [0.000962897844147, 0.00743560539559, 0.00396216660738, 0.00103133230004, 0.00217575882562, 0.000814213359263, 0.000667791056912, 0.000534222577699, 0.000778928690124, 0.000388198590372, 0.000386000989238, 0.000431228836533, 0.000642974977382, 0.000792034668848, 0.000863765657414, 0.000655166630168, 0.000601157313213, 0.000402356352424, 0.000417135393946, 0.00053191994084, 0.000471907434985, 0.000442348769866, 0.000307368842186, 0.000206578202778, 0.000124224738101, 5.36471525265e-05, 1.67367270478e-05], "dmean": [0.000567082548514, 0.00456431414932, 0.00231115892529, 0.000608134258073, 0.00134302221704, 0.000494735315442, 0.000400805700338, 0.000328622438246, 0.00046559915063, 0.000235925181187, 0.000240696026594, 0.000267420778982, 0.00039968668716, 0.000484079297166, 0.000529211771209, 0.000403672340326, 0.000366480497178, 0.000243098227656, 0.000253162172157, 0.000330486276653, 0.000295305449981, 0.000278145569609, 0.000194058229681, 0.00013114734611, 8.09433186078e-05, 3.53067007381e-05, 1.06971683635e-05], "var": [1.83975373602e-06, 8.83829852683e-05, 1.43135303006e-05, 1.54008432673e-06, 1.41148730108e-05, 1.04678792923e-06, 9.34650813633e-07, 1.01691455257e-06, 1.02643525679e-06, 3.97525070639e-07, 6.3635081915e-07, 7.27232134068e-07, 1.53774919909e-06, 5.71765212953e-06, 5.40421160622e-06, 1.20479717225e-06, 9.10499181828e-07, 3.72696433715e-07, 3.80331073302e-07, 7.45921397538e-07, 7.77963123255e-07, 6.94284040037e-07, 3.87963865478e-07, 2.27017935117e-07, 2.28533266977e-07, 1.53927395274e-08, 1.31572952533e-09], "dvar": [2.34449294112e-06, 7.22043405403e-05, 1.41061400427e-05, 1.67990890532e-06, 1.42325852721e-05, 5.80994083066e-07, 7.56480574182e-07, 7.51250809117e-07, 1.01638659089e-06, 2.57869032794e-07, 3.15371437409e-07, 4.42086587782e-07, 7.12767530331e-07, 1.64836660588e-06, 1.44542582348e-06, 6.88616296429e-07, 3.95424365252e-07, 1.75431253524e-07, 1.51886382582e-07, 3.79326991151e-07, 4.24156468171e-07, 4.116588741e-07, 2.76514185771e-07, 1.60959075401e-07, 1.10515152585e-07, 1.12295595045e-08, 8.62646287736e-10], "mean": [0.000535214552656, 0.00674476148561, 0.00309270527214, 0.000741615367588, 0.00171829026658, 0.000889621907845, 0.000577127444558, 0.000460308103357, 0.000609114125837, 0.000331294344505, 0.000371992879082, 0.000397318566684, 0.000665335042868, 0.000938381592277, 0.00104744615965, 0.000739049515687, 0.000753555796109, 0.000510503246915, 0.000586740556173, 0.000676025752909, 0.000607149850111, 0.000570778152905, 0.000322395353578, 0.000219046720304, 0.000148568418808, 5.92412834521e-05, 1.51660715346e-05]}, "melbands_flatness_db": {"min": 0.0150097673759, "max": 0.664445459843, "dvar2": 0.00171966385096, "median": 0.1442258358, "dmean2": 0.0435565970838, "dmean": 0.0275429114699, "var": 0.00711097475141, "dvar": 0.000738010334317, "mean": 0.163200229406}, "melbands_skewness": {"min": -6.97816228867, "max": 12.7837715149, "dvar2": 1.92946565151, "median": 2.24631881714, "dmean2": 1.29550635815, "dmean": 0.814421415329, "var": 2.20288133621, "dvar": 0.815788447857, "mean": 2.45438575745}, "barkbands_skewness": {"min": -11.7940320969, "max": 17.2349720001, "dvar2": 0.852858841419, "median": 0.822287321091, "dmean2": 0.863811969757, "dmean": 0.546004712582, "var": 1.26894843578, "dvar": 0.381617128849, "mean": 0.957413136959}, "silence_rate_60dB": {"min": 0, "max": 1, "dvar2": 0.0365320816636, "median": 0, "dmean2": 0.0304969884455, "dmean": 0.0152470590547, "var": 0.0660848096013, "dvar": 0.0150144463405, "mean": 0.0711462423205}, "spectral_energyband_low": {"min": 5.75699798944e-09, "max": 0.1085197106, "dvar2": 0.000268405565294, "median": 0.00741066318005, "dmean2": 0.0102973906323, "dmean": 0.00634354585782, "var": 0.000155533954967, "dvar": 0.000114279151603, "mean": 0.0107228746638}, "spectral_energyband_middle_low": {"min": 1.45808798369e-09, "max": 0.0661247745156, "dvar2": 5.92625510762e-05, "median": 0.00356110464782, "dmean2": 0.00400140509009, "dmean": 0.00252710725181, "var": 3.26052795572e-05, "dvar": 2.53319904004e-05, "mean": 0.00506768189371}, "melbands_kurtosis": {"min": -1.86536097527, "max": 232.104003906, "dvar2": 354.142944336, "median": 4.96950006485, "dmean2": 10.4564695358, "dmean": 6.3743853569, "var": 217.080322266, "dvar": 141.447265625, "mean": 9.19475650787}, "spectral_decrease": {"min": -3.09562295797e-08, "max": -5.66221789372e-15, "dvar2": 2.07697259771e-17, "median": -4.88367346563e-09, "dmean2": 3.35109251459e-09, "dmean": 2.13740491972e-09, "var": 1.65598299542e-17, "dvar": 9.21318812063e-18, "mean": -5.70946179224e-09}, "erbbands_kurtosis": {"min": -1.72963821888, "max": 71.3375396729, "dvar2": 5.41168212891, "median": 0.202782273293, "dmean2": 1.40420389175, "dmean": 0.882702410221, "var": 6.51423597336, "dvar": 2.53582525253, "mean": 0.767077684402}, "melbands_crest": {"min": 2.64318132401, "max": 36.1622886658, "dvar2": 27.9374847412, "median": 14.1224555969, "dmean2": 6.12114620209, "dmean": 3.70109200478, "var": 25.1571235657, "dvar": 10.6629524231, "mean": 14.4731245041}, "gfcc": {"cov": [[10424.0800781, -3079.35180664, -437.16229248, 1204.60766602, -435.952270508, 578.68951416, -100.518836975, 133.801010132, 134.754852295, 249.198287964, -223.997909546, 182.211761475, -206.07081604], [-3079.35180664, 2436.51708984, 31.5760765076, -308.532684326, 224.341369629, -322.855895996, 130.619400024, -63.0622062683, 10.3275728226, -130.991546631, 113.809211731, -75.7141799927, 127.785858154], [-437.16229248, 31.5760765076, 903.331970215, -119.128303528, 32.3212661743, 10.5012531281, -34.4732246399, 128.030456543, -43.2718315125, -20.148311615, 13.2780618668, 12.4764938354, -6.48935747147], [1204.60766602, -308.532684326, -119.128303528, 513.856079102, -23.3917160034, 71.8272705078, 7.81387805939, -9.36958408356, 58.5575294495, 31.4619140625, -18.3380565643, 55.3402099609, -20.400806427], [-435.952270508, 224.341369629, 32.3212661743, -23.3917160034, 278.524353027, 30.1748905182, 60.6183929443, -6.88696622849, 19.7211608887, 27.6144561768, 15.248925209, 7.95865058899, 4.45813322067], [578.68951416, -322.855895996, 10.5012531281, 71.8272705078, 30.1748905182, 227.700561523, 16.3114566803, 48.4858818054, -7.63906335831, 52.5197181702, -0.231611669064, 22.3967380524, -22.4270343781], [-100.518836975, 130.619400024, -34.4732246399, 7.81387805939, 60.6183929443, 16.3114566803, 148.4402771, 18.7484874725, 36.5903053284, -7.70852994919, 10.6023578644, 5.44826364517, -2.72583007812], [133.801010132, -63.0622062683, 128.030456543, -9.36958408356, -6.88696622849, 48.4858818054, 18.7484874725, 140.634872437, 13.3397445679, 23.8627376556, -5.55272626877, 11.4873180389, 1.43397545815], [134.754852295, 10.3275728226, -43.2718315125, 58.5575294495, 19.7211608887, -7.63906335831, 36.5903053284, 13.3397445679, 107.38658905, 14.9014997482, 4.72825860977, 1.56233859062, -7.55203771591], [249.198287964, -130.991546631, -20.148311615, 31.4619140625, 27.6144561768, 52.5197181702, -7.70852994919, 23.8627376556, 14.9014997482, 99.1455154419, 17.5056934357, 16.5142269135, -12.6349487305], [-223.997909546, 113.809211731, 13.2780618668, -18.3380565643, 15.248925209, -0.231611669064, 10.6023578644, -5.55272626877, 4.72825860977, 17.5056934357, 67.3150482178, 14.82538414, 4.83868694305], [182.211761475, -75.7141799927, 12.4764938354, 55.3402099609, 7.95865058899, 22.3967380524, 5.44826364517, 11.4873180389, 1.56233859062, 16.5142269135, 14.82538414, 67.2894973755, 12.7442855835], [-206.07081604, 127.785858154, -6.48935747147, -20.400806427, 4.45813322067, -22.4270343781, -2.72583007812, 1.43397545815, -7.55203771591, -12.6349487305, 4.83868694305, 12.7442855835, 61.4144248962]], "icov": [[0.000220961272134, 0.000142041550134, 5.02698967466e-05, -0.000308265123749, 0.000229991826927, -0.000196389926714, -1.30033367896e-05, -5.22095542692e-05, -0.000120664357382, -0.000201608301722, 0.000442679564003, -0.000232739534113, 0.000218113462324], [0.000142041550134, 0.000929019821342, 5.38301246706e-05, -0.000136194634251, -0.000529778306372, 0.000813480000943, -0.000500767317135, -0.000235249914113, 6.49770518066e-05, 0.00055596861057, -0.00124763336498, 0.000992426648736, -0.00116245576646], [5.02698967466e-05, 5.38301246706e-05, 0.00150055321865, 0.000131163978949, -0.000437568349298, 0.000143020806718, 0.000713930814527, -0.00174400408287, 0.000487622019136, 0.000942321610637, -0.000570946838707, -0.000488815363497, 0.000815444451291], [-0.000308265123749, -0.000136194634251, 0.000131163978949, 0.0030923623126, 8.72047894518e-06, -0.000403606565669, 0.000126599436044, 0.000727984355763, -0.00139053922612, 0.000199843503651, 0.0005370011786, -0.00209689466283, 0.000393660127884], [0.000229991826927, -0.000529778306372, -0.000437568349298, 8.72047894518e-06, 0.00523152109236, -0.00153846223839, -0.00166780792642, 0.00162918376736, -0.000822739908472, -0.0025099394843, 0.00191936583724, -0.00123251404148, 0.000264055182924], [-0.000196389926714, 0.000813480000943, 0.000143020806718, -0.000403606565669, -0.00153846223839, 0.00726395612583, -0.00120058574248, -0.00212143384852, 0.00219503208064, -0.00136087823194, -0.00172958744224, 0.000584356195759, 0.000294946454233], [-1.30033367896e-05, -0.000500767317135, 0.000713930814527, 0.000126599436044, -0.00166780792642, -0.00120058574248, 0.00932924728841, -0.00193387421314, -0.00262990919873, 0.00279243499972, -0.000933107628953, -0.00136510969605, 0.00186557671987], [-5.22095542692e-05, -0.000235249914113, -0.00174400408287, 0.000727984355763, 0.00162918376736, -0.00212143384852, -0.00193387421314, 0.0106829889119, -0.00193571893033, -0.00307744066231, 0.00286928494461, -0.00105587486178, -0.00173450331204], [-0.000120664357382, 6.49770518066e-05, 0.000487622019136, -0.00139053922612, -0.000822739908472, 0.00219503208064, -0.00262990919873, -0.00193571893033, 0.012157660909, -0.00148402829655, -0.00141734350473, 0.00160437985323, 0.000807735545095], [-0.000201608301722, 0.00055596861057, 0.000942321610637, 0.000199843503651, -0.0025099394843, -0.00136087823194, 0.00279243499972, -0.00307744066231, -0.00148402829655, 0.0154643394053, -0.00570878991857, -0.000974695838522, 0.00186477228999], [0.000442679564003, -0.00124763336498, -0.000570946838707, 0.0005370011786, 0.00191936583724, -0.00172958744224, -0.000933107628953, 0.00286928494461, -0.00141734350473, -0.00570878991857, 0.02156643942, -0.00663381628692, 0.00164871767629], [-0.000232739534113, 0.000992426648736, -0.000488815363497, -0.00209689466283, -0.00123251404148, 0.000584356195759, -0.00136510969605, -0.00105587486178, 0.00160437985323, -0.000974695838522, -0.00663381628692, 0.0217140037566, -0.00731368269771], [0.000218113462324, -0.00116245576646, 0.000815444451291, 0.000393660127884, 0.000264055182924, 0.000294946454233, 0.00186557671987, -0.00173450331204, 0.000807735545095, 0.00186477228999, 0.00164871767629, -0.00731368269771, 0.0217329449952]], "mean": [14.6798267365, 69.1538772583, -120.480628967, 49.9639167786, -44.1207809448, 15.36444664, -30.7025699615, 7.21612596512, -17.8766059875, 8.79738712311, -16.3281326294, 1.8388184309, -9.63530445099]}, "melbands_spread": {"min": 0.306834310293, "max": 263.188842773, "dvar2": 494.3359375, "median": 37.7695999146, "dmean2": 19.479888916, "dmean": 12.1328306198, "var": 659.120239258, "dvar": 215.526443481, "mean": 40.615070343}, "spectral_energy": {"min": 2.34534631716e-08, "max": 0.119441710413, "dvar2": 0.000319887913065, "median": 0.0208959318697, "dmean2": 0.0133870970458, "dmean": 0.00860765576363, "var": 0.000281642889604, "dvar": 0.000143504192238, "mean": 0.0243287999183}, "mfcc": {"cov": [[9280.04492188, -2323.20825195, -618.90447998, 493.874542236, -86.9213562012, 365.347961426, -154.151062012, 143.405822754, 74.6242904663, 198.938323975, 75.4335861206, -14.7728424072, 10.0798778534], [-2323.20825195, 1859.73095703, 57.6155395508, -12.1749038696, 3.29776906967, -143.154052734, 51.89503479, -32.6136436462, 7.07096338272, -91.8611297607, -7.00833463669, -2.69805669785, 24.4970645905], [-618.90447998, 57.6155395508, 748.744262695, -47.2034606934, 56.2067527771, -100.385269165, 34.6852226257, 49.8201522827, -13.7400083542, 20.1839637756, -54.7849884033, 27.9545764923, 12.3576879501], [493.874542236, -12.1749038696, -47.2034606934, 365.764343262, 16.3679447174, 60.8386573792, -40.047958374, 32.0585136414, 24.3059959412, -22.5186653137, 20.4968681335, -1.66103947163, 34.3103294373], [-86.9213562012, 3.29776906967, 56.2067527771, 16.3679447174, 163.022521973, 46.8697128296, 22.2108230591, 1.90671622753, 4.10610532761, 14.6144981384, 5.28817272186, 11.004160881, 3.31252646446], [365.347961426, -143.154052734, -100.385269165, 60.8386573792, 46.8697128296, 189.753768921, 34.38904953, 23.3809585571, 1.73475039005, 13.3630161285, 42.3932342529, 0.777704417706, 8.83510494232], [-154.151062012, 51.89503479, 34.6852226257, -40.047958374, 22.2108230591, 34.38904953, 110.488059998, 32.2548370361, 6.39733743668, 7.54107284546, 8.87106990814, 9.77004909515, 0.830005586147], [143.405822754, -32.6136436462, 49.8201522827, 32.0585136414, 1.90671622753, 23.3809585571, 32.2548370361, 106.797294617, 39.0171661377, 13.8745775223, 7.10821628571, 9.01153087616, 19.8364830017], [74.6242904663, 7.07096338272, -13.7400083542, 24.3059959412, 4.10610532761, 1.73475039005, 6.39733743668, 39.0171661377, 79.4796676636, 30.0236358643, 7.03755235672, -0.508476376534, 6.03464984894], [198.938323975, -91.8611297607, 20.1839637756, -22.5186653137, 14.6144981384, 13.3630161285, 7.54107284546, 13.8745775223, 30.0236358643, 85.915435791, 26.0179786682, 10.4103040695, -3.59981656075], [75.4335861206, -7.00833463669, -54.7849884033, 20.4968681335, 5.28817272186, 42.3932342529, 8.87106990814, 7.10821628571, 7.03755235672, 26.0179786682, 78.7552566528, 23.5970153809, 11.2309246063], [-14.7728424072, -2.69805669785, 27.9545764923, -1.66103947163, 11.004160881, 0.777704417706, 9.77004909515, 9.01153087616, -0.508476376534, 10.4103040695, 23.5970153809, 65.1532669067, 25.0751266479], [10.0798778534, 24.4970645905, 12.3576879501, 34.3103294373, 3.31252646446, 8.83510494232, 0.830005586147, 19.8364830017, 6.03464984894, -3.59981656075, 11.2309246063, 25.0751266479, 61.4613113403]], "icov": [[0.00019952308503, 0.000206130775041, 0.000145427882671, -0.000241538160481, 0.00012327299919, -0.000114306836622, 0.00013256217062, -0.000222126749577, 0.000127009712742, -0.0004136247735, 0.000181193056051, -2.62913763436e-05, 1.13233809316e-05], [0.000206130775041, 0.000879222236108, 0.000126636965433, -0.000287292787107, -5.69591029489e-05, 0.000577938975766, -0.000491430284455, 0.000170603554579, -0.000333465897711, 0.000477364548715, -0.000381851452403, 0.000271533062914, -0.000358064775355], [0.000145427882671, 0.000126636965433, 0.00194970006123, -0.000257185951341, -0.000737938971724, 0.00112950743642, -0.000386518368032, -0.00145554170012, 0.00142820866313, -0.00137840479147, 0.00146431406029, -0.000660479825456, -0.000189448313904], [-0.000241538160481, -0.000287292787107, -0.000257185951341, 0.00391804706305, -0.000498885114212, -0.00112302333582, 0.00190832151566, -0.000632115465123, -0.00141897948924, 0.00223264447413, -0.00110833439976, 0.00061175780138, -0.00139179034159], [0.00012327299919, -5.69591029489e-05, -0.000737938971724, -0.000498885114212, 0.00750357285142, -0.00257614534348, -0.000702677178197, 0.00134523829911, -0.000670074194204, -0.00128390698228, 0.00117360148579, -0.00132320332341, 0.000286566355499], [-0.000114306836622, 0.000577938975766, 0.00112950743642, -0.00112302333582, -0.00257614534348, 0.00908586103469, -0.00311744515784, -0.00129731954075, 0.00182081677485, 1.51386166181e-05, -0.00369574711658, 0.00215500500053, -0.000900005165022], [0.00013256217062, -0.000491430284455, -0.000386518368032, 0.00190832151566, -0.000702677178197, -0.00311744515784, 0.0126913907006, -0.00408082595095, 0.000205846270546, 0.000101208679553, -8.01187052275e-05, -0.00149375572801, 0.00142801483162], [-0.000222126749577, 0.000170603554579, -0.00145554170012, -0.000632115465123, 0.00134523829911, -0.00129731954075, -0.00408082595095, 0.0151831898838, -0.00721921771765, 0.0012015379034, -0.000191423299839, -5.03773808305e-05, -0.00328254234046], [0.000127009712742, -0.000333465897711, 0.00142820866313, -0.00141897948924, -0.000670074194204, 0.00182081677485, 0.000205846270546, -0.00721921771765, 0.0195908993483, -0.00784823205322, 0.001360497321, 0.00154909782577, -0.000545210146811], [-0.0004136247735, 0.000477364548715, -0.00137840479147, 0.00223264447413, -0.00128390698228, 1.51386166181e-05, 0.000101208679553, 0.0012015379034, -0.00784823205322, 0.0190064050257, -0.00676504708827, -0.000824477116112, 0.00204258295707], [0.000181193056051, -0.000381851452403, 0.00146431406029, -0.00110833439976, 0.00117360148579, -0.00369574711658, -8.01187052275e-05, -0.000191423299839, 0.001360497321, -0.00676504708827, 0.0199181567878, -0.00669148331508, -0.000461828429252], [-2.62913763436e-05, 0.000271533062914, -0.000660479825456, 0.00061175780138, -0.00132320332341, 0.00215500500053, -0.00149375572801, -5.03773808305e-05, 0.00154909782577, -0.000824477116112, -0.00669148331508, 0.0218905489892, -0.00842326227576], [1.13233809316e-05, -0.000358064775355, -0.000189448313904, -0.00139179034159, 0.000286566355499, -0.000900005165022, 0.00142801483162, -0.00328254234046, -0.000545210146811, 0.00204258295707, -0.000461828429252, -0.00842326227576, 0.022074483335]], "mean": [-622.777648926, 93.8570785522, -8.8617811203, 37.3401107788, 7.86137342453, 16.9470748901, -0.140322163701, 3.82176971436, 3.97720241547, 4.29479837418, 2.4511578083, 1.79991149902, 1.01386034489]}, "spectral_contrast_valleys": {"min": [-14.0183506012, -14.4019584656, -14.4127693176, -14.5121898651, -14.5425233841, -16.5723152161], "max": [-5.42325496674, -5.04295158386, -5.46050834656, -5.49591064453, -5.33609294891, -7.1514339447], "dvar2": [0.246159285307, 0.250770568848, 0.19929304719, 0.117408491671, 0.10951115936, 0.283252805471], "median": [-6.85869836807, -6.76049041748, -7.24137830734, -7.05235385895, -6.5954618454, -9.64647865295], "dmean2": [0.607894718647, 0.603221952915, 0.510835409164, 0.401172369719, 0.319592297077, 0.397043973207], "dmean": [0.366939783096, 0.363528966904, 0.316419035196, 0.251576244831, 0.204538121819, 0.285485833883], "var": [0.948765575886, 0.674021542072, 0.669484496117, 1.04810786247, 1.68840157986, 2.29807853699], "dvar": [0.0934151262045, 0.0974055603147, 0.0841764509678, 0.0533558316529, 0.051707431674, 0.150540918112], "mean": [-7.08127450943, -6.88459634781, -7.35596704483, -7.25228500366, -6.95022916794, -9.95361042023]}, "barkbands_flatness_db": {"min": 0.0160463713109, "max": 0.506879150867, "dvar2": 0.000958658871241, "median": 0.0853428915143, "dmean2": 0.030918540433, "dmean": 0.019325312227, "var": 0.00396867888048, "dvar": 0.000407374784118, "mean": 0.101228043437}, "dynamic_complexity": 3.02477025986, "erbbands_flatness_db": {"min": 0.0412520729005, "max": 0.399371027946, "dvar2": 0.000425888661994, "median": 0.12783536315, "dmean2": 0.0212513562292, "dmean": 0.0138622559607, "var": 0.00234157522209, "dvar": 0.000200116701308, "mean": 0.139843910933}, "hfc": {"min": 2.29644010687e-05, "max": 394.