{"lowlevel": {"spectral_complexity": {"min": 0, "max": 67, "dvar2": 53.5929794312, "median": 11, "dmean2": 5.83769798279, "dmean": 4.30777168274, "var": 187.773300171, "dvar": 35.3113975525, "mean": 15.0319385529}, "silence_rate_20dB": {"min": 1, "max": 1, "dvar2": 0, "median": 1, "dmean2": 0, "dmean": 0, "var": 0, "dvar": 0, "mean": 1}, "average_loudness": 0.916915774345, "erbbands_spread": {"min": 0.641833662987, "max": 203.243362427, "dvar2": 661.248291016, "median": 45.6168060303, "dmean2": 21.1902618408, "dmean": 13.9743928909, "var": 806.444519043, "dvar": 292.331756592, "mean": 51.5852279663}, "spectral_kurtosis": {"min": -1.47506642342, "max": 223.125183105, "dvar2": 29.1621189117, "median": 2.98312139511, "dmean2": 1.97909855843, "dmean": 1.25114166737, "var": 94.230140686, "dvar": 13.3206186295, "mean": 4.10922002792}, "barkbands_kurtosis": {"min": -1.96841037273, "max": 856.970825195, "dvar2": 812.959289551, "median": 0.613988161087, "dmean2": 6.4161438942, "dmean": 4.06368780136, "var": 637.03515625, "dvar": 374.031494141, "mean": 4.53772354126}, "spectral_strongpeak": {"min": 0, "max": 18.2948551178, "dvar2": 4.01293706894, "median": 0.277604669333, "dmean2": 0.860541939735, "dmean": 0.498136371374, "var": 1.26627326012, "dvar": 1.44909262657, "mean": 0.647818863392}, "spectral_spread": {"min": 596535.125, "max": 40256996, "dvar2": 4235181424640.0, "median": 6883445.5, "dmean2": 1480271.375, "dmean": 1042861.1875, "var": 8687627796480.0, "dvar": 2101443297280.0, "mean": 7123846}, "spectral_rms": {"min": 3.22828244172e-12, "max": 0.0129687814042, "dvar2": 3.06489710056e-06, "median": 0.00349787902087, "dmean2": 0.00137482397258, "dmean": 0.000949192442931, "var": 4.20735341322e-06, "dvar": 1.55269128754e-06, "mean": 0.00379747129045}, "erbbands": {"min": [5.06472278627e-22, 3.76474857594e-21, 2.55380543457e-21, 8.55845005717e-21, 2.32270748885e-20, 2.10839032358e-20, 9.29617819506e-20, 2.98104286386e-19, 2.30490491417e-19, 3.31603627779e-19, 1.02967370272e-18, 7.67069811029e-19, 1.56191986255e-18, 2.3035937812e-18, 2.80906131286e-18, 3.65812726327e-18, 5.08511349519e-18, 4.65258447519e-18, 4.14796294251e-18, 5.85219405956e-18, 8.43768313531e-18, 7.62569452188e-18, 1.07468157179e-17, 1.82275733072e-17, 1.19099747614e-17, 1.46879301541e-17, 1.75242067431e-17, 1.50069985318e-17, 1.43691843769e-17, 1.82742378743e-17, 2.06252208328e-17, 2.21272368957e-17, 1.37677785766e-17, 8.464652532e-18, 8.67364136812e-18, 5.93135152187e-18, 3.24448939411e-18, 1.09700796234e-18, 2.3994725962e-19, 3.43967677341e-20], "max": [2.30508470535, 27.5312023163, 99.9514541626, 152.481170654, 196.917663574, 158.508239746, 280.403015137, 288.102142334, 327.739501953, 650.37121582, 1268.52783203, 1234.33483887, 1005.69708252, 1377.9777832, 695.87713623, 1468.63891602, 2179.99145508, 856.706970215, 722.142456055, 626.075378418, 729.689880371, 1633.50927734, 440.886352539, 312.26348877, 272.785217285, 330.618804932, 350.505828857, 278.042388916, 402.317565918, 486.623474121, 378.201385498, 253.706253052, 72.712020874, 50.7246131897, 47.0116691589, 76.1234054565, 64.185546875, 9.75490665436, 0.485651016235, 0.0170782059431], "dvar2": [0.0604101270437, 7.64039850235, 83.4237823486, 414.37588501, 516.100036621, 390.834991455, 236.489944458, 588.199707031, 1434.62207031, 4212.10253906, 3059.47924805, 2318.35009766, 1880.74157715, 2417.93969727, 1920.67651367, 5499.65332031, 13275.9814453, 5496.43896484, 10586.078125, 2936.73950195, 1522.85961914, 1919.91210938, 2528.45263672, 1361.20471191, 745.777282715, 1188.95556641, 1372.45397949, 980.788024902, 822.607910156, 682.711181641, 331.856048584, 131.9115448, 37.4760704041, 21.7015323639, 27.065454483, 183.332641602, 128.824310303, 2.73163247108, 0.00675679463893, 6.81446499584e-06], "median": [0.0621690116823, 0.357188880444, 0.736382305622, 0.931047201157, 1.43190681934, 1.98602700233, 1.72311842442, 2.39577007294, 3.74348545074, 4.32129907608, 4.66028165817, 2.84536552429, 2.82543182373, 2.67364907265, 3.79850745201, 4.41906499863, 4.1609044075, 4.38289308548, 3.9971807003, 3.94923114777, 3.41891098022, 3.58502840996, 3.88439464569, 3.60125017166, 3.51435518265, 3.9688680172, 2.51735472679, 2.54476952553, 2.78481054306, 2.35878014565, 1.95844841003, 1.56892752647, 1.10688924789, 0.883723497391, 0.758398532867, 0.511012971401, 0.317525446415, 0.076625302434, 0.00539023242891, 0.000201545612072], "dmean2": [0.149377763271, 1.29273998737, 3.41972136497, 6.24580287933, 7.75003385544, 8.67172241211, 7.05120325089, 10.1443214417, 15.5962486267, 22.4551887512, 19.0369167328, 14.8974914551, 14.2994012833, 15.5196266174, 16.3895282745, 25.9549236298, 38.1694526672, 27.66938591, 34.534072876, 21.8879833221, 15.8514842987, 15.3860578537, 17.8194675446, 14.4103021622, 11.5031080246, 13.8592500687, 13.2563781738, 13.4876928329, 10.5903997421, 9.43574428558, 7.33317995071, 4.73591279984, 2.86412000656, 2.2082631588, 2.52258062363, 5.53756904602, 4.54782438278, 0.669616222382, 0.033833604306, 0.00107872288208], "dmean": [0.0911230221391, 0.801319241524, 2.06216931343, 3.47341775894, 4.42230033875, 5.23893928528, 4.37055253983, 6.16186857224, 9.5261888504, 14.0843448639, 12.0953702927, 9.34120464325, 9.09179782867, 9.85486507416, 10.4251728058, 16.9785823822, 26.1584777832, 17.3108177185, 20.5247268677, 15.2214660645, 10.8866434097, 10.0718736649, 11.4956645966, 9.43902111053, 8.1245098114, 9.68126869202, 9.47722053528, 9.38419818878, 7.4224448204, 6.55039930344, 5.00289964676, 3.26436090469, 1.99559772015, 1.43521714211, 1.61101841927, 3.32423973083, 2.69027543068, 0.407980114222, 0.0202759094536, 0.000649964495096], "var": [0.0389160960913, 3.83970689774, 28.5152301788, 92.7200698853, 115.397857666, 147.997833252, 116.998497009, 271.791748047, 591.525939941, 1621.33093262, 1192.22839355, 907.460205078, 1002.11096191, 1140.90710449, 992.576965332, 4281.6328125, 11577.4433594, 2803.39208984, 4516.25244141, 2547.76074219, 1484.15820312, 1142.66418457, 1258.52978516, 911.739624023, 655.021179199, 1041.5501709, 949.494384766, 773.085876465, 512.646972656, 403.635437012, 182.370498657, 85.6830291748, 28.7547912598, 10.8001670837, 11.6935977936, 53.1640052795, 36.0010910034, 0.821501195431, 0.00198534713127, 2.05504056794e-06], "dvar": [0.0238931067288, 3.27202486992, 33.2884864807, 146.95211792, 181.039840698, 152.087081909, 99.2518615723, 242.200134277, 584.207397461, 1664.61889648, 1182.11035156, 923.864257812, 769.173461914, 962.653259277, 766.660888672, 2311.96801758, 6102.89648438, 2198.71557617, 3951.07324219, 1437.64123535, 698.807556152, 822.151306152, 1054.48632812, 602.166015625, 363.974029541, 611.249694824, 667.640686035, 479.931182861, 363.872924805, 305.435821533, 142.361663818, 59.0857925415, 17.5341243744, 8.90233135223, 11.1216230392, 69.4688949585, 48.685382843, 1.04239630699, 0.00256585353054, 2.60505044025e-06], "mean": [0.132331058383, 0.936160862446, 2.12393426895, 3.22897744179, 4.28205823898, 5.85401010513, 5.35894823074, 7.96988534927, 11.1762514114, 17.5264320374, 15.4528532028, 11.5420265198, 12.1112728119, 13.1894140244, 14.3925275803, 26.738035202, 37.8632507324, 22.3569984436, 26.3483295441, 22.3715839386, 17.0420646667, 15.1818771362, 15.3829927444, 13.925567627, 12.3504190445, 14.4897127151, 12.4457111359, 13.0292577744, 10.6078224182, 9.14748859406, 6.80699968338, 4.70461273193, 3.05082201958, 1.96767318249, 1.9287340641, 2.87978672981, 2.17725944519, 0.364428669214, 0.019026665017, 0.000650252914056]}, "zerocrossingrate": {"min": 0.00244140625, "max": 0.4951171875, "dvar2": 0.00158279098105, "median": 0.10498046875, "dmean2": 0.0319356136024, "dmean": 0.0273662917316, "var": 0.00534143624827, "dvar": 0.00115198735148, "mean": 0.118486352265}, "spectral_contrast_coeffs": {"min": [-0.973088443279, -0.968363285065, -0.984253585339, -0.981073260307, -0.961437880993, -0.963362634182], "max": [-0.252963066101, -0.308915555477, -0.436791300774, -0.486862897873, -0.570174098015, -0.546287834644], "dvar2": [0.00537958415225, 0.00565391220152, 0.00306932278909, 0.00198888266459, 0.0010276066605, 0.000705534650479], "median": [-0.696745932102, -0.749731421471, -0.809139728546, -0.803972542286, -0.804952859879, -0.773881852627], "dmean2": [0.0860880836844, 0.0847848430276, 0.0651428773999, 0.0534685589373, 0.0381698161364, 0.0293557532132], "dmean": [0.0535656362772, 0.0531288906932, 0.0414295829833, 0.034222856164, 0.0238610804081, 0.0194467231631], "var": [0.00927951280028, 0.0100009152666, 0.00586410984397, 0.00414127716795, 0.00160266656894, 0.00199890835211], "dvar": [0.00221004895866, 0.00246254517697, 0.00141648808494, 0.000898820348084, 0.000425305683166, 0.000336559867719], "mean": [-0.686029374599, -0.728340864182, -0.789909720421, -0.788360893726, -0.799521446228, -0.769154727459]}, "dissonance": {"min": 0.0840228572488, "max": 0.500000059605, "dvar2": 0.00151820026804, "median": 0.475016355515, "dmean2": 0.0334190577269, "dmean": 0.0204106811434, "var": 0.0016619595699, "dvar": 0.000612926960457, "mean": 0.461927860975}, "spectral_energyband_high": {"min": 7.55684015633e-21, "max": 0.0388408564031, "dvar2": 4.95274434797e-05, "median": 0.000666788080707, "dmean2": 0.00327881705016, "dmean": 0.00217138859443, "var": 2.19107805606e-05, "dvar": 2.03343333851e-05, "mean": 0.00253837299533}, "spectral_skewness": {"min": -0.683570206165, "max": 12.5571098328, "dvar2": 0.175109699368, "median": 1.45234024525, "dmean2": 0.31440410018, "dmean": 0.209368899465, "var": 0.553458809853, "dvar": 0.0839362293482, "mean": 1.49889802933}, "spectral_flux": {"min": 7.00617133753e-11, "max": 0.404921740294, "dvar2": 0.00262816110626, "median": 0.0720264688134, "dmean2": 0.0404670238495, "dmean": 0.0271984823048, "var": 0.00349717028439, "dvar": 0.00136718864087, "mean": 0.0839406326413}, "silence_rate_30dB": {"min": 0, "max": 1, "dvar2": 0.00965659040958, "median": 1, "dmean2": 0.00646621407941, "dmean": 0.00323289795779, "var": 0.00161349517293, "dvar": 0.00322255375795, "mean": 0.998383641243}, "spectral_energyband_middle_high": {"min": 1.60094749108e-21, "max": 0.073724322021, "dvar2": 4.94218402309e-05, "median": 0.00158498331439, "dmean2": 0.00314044835977, "dmean": 0.00221474003047, "var": 4.66889141535e-05, "dvar": 2.32656893786e-05, "mean": 0.00423209415749}, "barkbands_spread": {"min": 0.0904512554407, "max": 135.832977295, "dvar2": 581.607910156, "median": 35.991443634, "dmean2": 19.2077770233, "dmean": 12.3145503998, "var": 616.247070312, "dvar": 265.797424316, "mean": 40.3797492981}, "spectral_centroid": {"min": 82.047416687, "max": 11097.1689453, "dvar2": 474503.5, "median": 1484.97143555, "dmean2": 562.103881836, "dmean": 371.966094971, "var": 692832.5, "dvar": 238118.09375, "mean": 1635.98791504}, "pitch_salience": {"min": 0.0412383563817, "max": 0.900147259235, "dvar2": 0.0158937927336, "median": 0.549593389034, "dmean2": 0.132221862674, "dmean": 0.0820843875408, "var": 0.0197454821318, "dvar": 0.00635634409264, "mean": 0.542559444904}, "erbbands_skewness": {"min": -7.80295133591, "max": 9.36077785492, "dvar2": 0.613866508007, "median": 0.218406900764, "dmean2": 0.685492277145, "dmean": 0.455689609051, "var": 0.946166157722, "dvar": 0.295833945274, "mean": 0.245082080364}, "erbbands_crest": {"min": 2.02602744102, "max": 33.2734375, "dvar2": 19.0754985809, "median": 7.38202190399, "dmean2": 4.42974090576, "dmean": 2.77772092819, "var": 31.0864276886, "dvar": 8.24956130981, "mean": 9.25349903107}, "melbands": {"min": [5.50507923772e-24, 2.61387325451e-24, 2.39589777298e-24, 1.32182036178e-24, 3.15276563533e-24, 6.77984138409e-24, 2.87635626832e-24, 4.27950256879e-24, 8.96857225323e-24, 5.14857563971e-24, 7.52651795241e-24, 8.98770844107e-24, 1.20482252738e-23, 4.28858511882e-24, 9.24429570569e-24, 7.26790252641e-24, 6.56288491364e-24, 5.70522705444e-24, 9.22678772676e-24, 9.24034745686e-24, 8.73510097972e-24, 8.04925032037e-24, 5.85268645687e-24, 9.35926192743e-24, 1.57434564354e-23, 9.84072898144e-24, 5.10362437318e-24, 1.02468361532e-23, 1.40392360456e-23, 7.46420267406e-24, 7.0757904413e-24, 8.20165666953e-24, 8.25575122839e-24, 1.09866693531e-23, 1.09482818038e-23, 1.09110554576e-23, 1.26888647369e-23, 9.42601139293e-24, 8.06589370774e-24, 6.5613340131e-24], "max": [0.0245374552906, 0.0383006036282, 0.0254044998437, 0.0129512138665, 0.00855270493776, 0.00598808564246, 0.00632106140256, 0.00846187677234, 0.00945731718093, 0.00869091972709, 0.00514713441953, 0.00631850212812, 0.00277080503292, 0.00455630850047, 0.00441055931151, 0.00393030140549, 0.00169619126245, 0.00132509681862, 0.000938366050832, 0.000977325253189, 0.000896633660886, 0.00221172324382, 0.000510746787768, 0.000329013215378, 0.000282118737232, 0.000243222239078, 0.000152318301843, 0.000258212909102, 0.000272318691714, 0.000197929446585, 0.000145004203659, 0.000242577574681, 0.000305190740619, 0.000285477464786, 0.000216598637053, 0.00018566835206, 0.000172617874341, 5.41395093023e-05, 4.29649371654e-05, 5.25920622749e-05], "dvar2": [6.69177188684e-06, 1.39174135256e-05, 1.18676862257e-05, 2.16123862629e-06, 3.50004228267e-07, 2.67160430667e-07, 3.98426493575e-07, 4.61046795408e-07, 1.75312109718e-07, 1.00565813455e-07, 5.06650010834e-08, 4.60864164609e-08, 2.37429418348e-08, 3.15635091397e-08, 6.59611956166e-08, 5.49469305611e-08, 1.91154647666e-08, 3.51711371138e-08, 9.46620914988e-09, 3.4661338244e-09, 2.10120343347e-09, 2.97903390845e-09, 2.2340318484e-09, 1.66276103997e-09, 9.59094692554e-10, 5.99314486927e-10, 2.88554791172e-10, 6.89144796784e-10, 7.59848295395e-10, 4.29051294493e-10, 3.01611041698e-10, 3.2372315939e-10, 2.88449181207e-10, 2.14941217602e-10, 1.32216515514e-10, 7.36762872933e-11, 5.0234406912e-11, 2.18188331985e-11, 1.55778584476e-11, 1.74905142453e-11], "median": [0.000552437733859, 0.000478424102766, 0.000194469321286, 0.000136652000947, 6.52361050015e-05, 5.55786318728e-05, 5.95800047449e-05, 4.6817407565e-05, 3.23788699461e-05, 1.53935488925e-05, 1.28370948005e-05, 9.84649341262e-06, 1.02912190414e-05, 1.10893533929e-05, 9.68003496382e-06, 7.63680873206e-06, 6.6910051828e-06, 5.61819479117e-06, 5.27867723576e-06, 4.57881560578e-06, 3.43601459463e-06, 3.28907594849e-06, 3.5007394672e-06, 3.13617601932e-06, 2.6560983315e-06, 2.18083755499e-06, 2.84715270027e-06, 2.4423134164e-06, 1.41494126638e-06, 1.44536693369e-06, 1.45183093991e-06, 1.40406757509e-06, 1.69154918694e-06, 1.1435037095e-06, 1.15025534342e-06, 9.37198024076e-07, 9.42428130202e-07, 7.21845935914e-07, 8.84002645307e-07, 6.14393684373e-07], "dmean2": [0.00139911612496, 0.00161956599914, 0.00107042759191, 0.000593891949393, 0.00027370362659, 0.000221478330786, 0.000251369026955, 0.000240935929469, 0.000146089718328, 9.53821581788e-05, 7.34685381758e-05, 6.53364986647e-05, 5.61408924113e-05, 6.07059228059e-05, 9.18930309126e-05, 8.10042329249e-05, 5.13265258633e-05, 6.15777535131e-05, 3.90185123251e-05, 2.49522217928e-05, 1.90103000932e-05, 1.70848652488e-05, 1.7652335373e-05, 1.52151669681e-05, 1.22226056192e-05, 9.38103949011e-06, 8.35582704894e-06, 1.01435280158e-05, 9.20466663956e-06, 8.55182952364e-06, 7.69919734012e-06, 6.32462933936e-06, 6.3736060838e-06, 5.09216533828e-06, 4.51979212812e-06, 3.51637640961e-06, 2.87422290057e-06, 2.12829763768e-06, 1.88889237052e-06, 1.92712150238e-06], "dmean": [0.000856344588101, 0.00101703370456, 0.000602089101449, 0.000351562310243, 0.000168767888681, 0.000134986330522, 0.000154232839122, 0.000152119217091, 9.25803105929e-05, 5.96543068241e-05, 4.6518878662e-05, 4.12513436459e-05, 3.49934089172e-05, 3.98560114263e-05, 5.8838075347e-05, 5.47788949916e-05, 3.13761265716e-05, 3.58532597602e-05, 2.54351361946e-05, 1.67934249475e-05, 1.2769120076e-05, 1.0968481547e-05, 1.12814022941e-05, 9.74288559519e-06, 7.83800805948e-06, 6.43174143988e-06, 5.71020382267e-06, 7.02391116647e-06, 6.331901659e-06, 5.95030132899e-06, 5.23203334524e-06, 4.28349403592e-06, 4.32533261119e-06, 3.49289575752e-06, 3.03801516566e-06, 2.34867661675e-06, 1.95822963178e-06, 1.46686807057e-06, 1.26043460114e-06, 1.22534981983e-06], "var": [3.84975555789e-06, 6.80076936987e-06, 2.72647548627e-06, 6.20347293534e-07, 1.67540761709e-07, 1.27185927568e-07, 1.60058590382e-07, 1.82814744676e-07, 7.00095270645e-08, 3.89139103163e-08, 2.63289745561e-08, 2.07690309395e-08, 1.10672599973e-08, 1.90932727406e-08, 6.24577580766e-08, 4.17840304578e-08, 9.32671184728e-09, 1.30064865544e-08, 7.14120540479e-09, 2.90265744773e-09, 2.09363215653e-09, 1.48835610503e-09, 1.08506059693e-09, 8.65146509987e-10, 6.05781314e-10, 4.35857516745e-10, 2.66251354297e-10, 5.61485413719e-10, 4.24451279679e-10, 3.43943928893e-10, 2.27361920957e-10, 1.74483649751e-10, 1.67415525887e-10, 1.15579323889e-10, 6.8330480163e-11, 4.3529659044e-11, 3.14584434891e-11, 1.565111582e-11, 9.84782307784e-12, 7.65653773022e-12], "dvar": [2.75076536127e-06, 6.12474741502e-06, 4.24907420893e-06, 7.92326204646e-07, 1.45839067045e-07, 1.1113083076e-07, 1.61883846772e-07, 1.82223985234e-07, 6.82265479668e-08, 3.98584276695e-08, 2.05299262035e-08, 1.8205074781e-08, 9.27811161233e-09, 1.31476056708e-08, 2.70326907525e-08, 2.63446366944e-08, 7.50062678634e-09, 1.2879305622e-08, 4.27946700299e-09, 1.61285462763e-09, 9.82277148509e-10, 1.21603749292e-09, 9.21761722505e-10, 6.99580893215e-10, 4.13293399504e-10, 2.71885486347e-10, 1.43270742492e-10, 3.47544160118e-10, 3.41588590747e-10, 2.21263493638e-10, 1.42268682946e-10, 1.36474775925e-10, 1.26510940612e-10, 9.35654193013e-11, 5.62609507593e-11, 3.19270304638e-11, 2.21342718459e-11, 9.96826753086e-12, 6.73731253079e-12, 6.99255974304e-12], "mean": [0.00119023350999, 0.00119165854994, 0.000580628169701, 0.000378766708309, 0.000205922478926, 0.000175755907549, 0.000179347247467, 0.000193255385966, 0.000116783456178, 7.09774685674e-05, 6.05170644121e-05, 5.3396099247e-05, 4.52250242233e-05, 5.43570095033e-05, 9.51700931182e-05, 6.9375957537e-05, 3.78931836167e-05, 4.23772762588e-05, 3.56793025276e-05, 2.49614895438e-05, 1.86693068827e-05, 1.56166042871e-05, 1.47066484715e-05, 1.27841667563e-05, 1.11558783829e-05, 9.0724297479e-06, 8.81029427546e-06, 9.92412697087e-06, 7.80737809691e-06, 7.83750056144e-06, 7.31876298232e-06, 5.87880231251e-06, 5.98357155468e-06, 4.70085251436e-06, 4.03128842663e-06, 3.20826779898e-06, 2.77177355201e-06, 2.12926465792e-06, 1.90106254649e-06, 1.5440025436e-06]}, "spectral_entropy": {"min": 4.07349395752, "max": 9.80292987823, "dvar2": 0.107930198312, "median": 7.98130559921, "dmean2": 0.270294249058, "dmean": 0.186707317829, "var": 0.308401405811, "dvar": 0.055146638304, "mean": 7.87054634094}, "spectral_rolloff": {"min": 21.533203125, "max": 19595.2148438, "dvar2": 20822140, "median": 1722.65625, "dmean2": 3052.78149414, "dmean": 1795.43835449, "var": 15763411, "dvar": 9648117, "mean": 3458.23071289}, "barkbands": {"min": [2.87419577551e-24, 1.64674871737e-23, 1.98478310944e-24, 6.04182216978e-24, 8.08524998778e-24, 2.97244556136e-23, 9.77364898322e-24, 4.0973612122e-23, 4.34831206565e-23, 3.60163975718e-23, 9.43605942982e-23, 5.81977147226e-23, 1.40819421351e-22, 9.88690984546e-23, 1.08236903746e-22, 1.53293457965e-22, 1.11633082471e-22, 1.80443652185e-22, 3.13959294405e-22, 3.05032468671e-22, 3.77874748699e-22, 4.29024515038e-22, 6.74398071398e-22, 9.45910716868e-22, 1.00112785003e-21, 1.71285456703e-21, 2.18475888506e-21], "max": [0.00611585285515, 0.101508580148, 0.111664012074, 0.0591926202178, 0.0495135523379, 0.0264047831297, 0.0391429774463, 0.0475578568876, 0.0494914576411, 0.0450347475708, 0.0206064619124, 0.0380077511072, 0.0405320525169, 0.0172402448952, 0.0122858695686, 0.0106559218839, 0.0252074226737, 0.00721437577158, 0.00560668157414, 0.00667472230271, 0.00801194645464, 0.0116930864751, 0.0143453078344, 0.00843375083059, 0.00454284762964, 0.0281459372491, 0.00258432561532], "dvar2": [3.00697593048e-07, 0.000114399059385, 0.000102742618765, 5.85976958973e-05, 3.25449618686e-05, 6.19444972472e-06, 1.33656194521e-05, 8.27326221042e-06, 4.1732059799e-06, 2.82878409053e-06, 1.36409516927e-06, 3.35675645147e-06, 5.88728380535e-06, 2.26399379244e-06, 2.34419667322e-06, 6.09898734183e-07, 5.45160332877e-07, 8.59421049881e-07, 3.59441543196e-07, 4.93106483646e-07, 7.18973979019e-07, 6.43129965283e-07, 4.41213813929e-07, 1.89535072082e-07, 2.78501886442e-07, 2.36042033066e-05, 2.14589718439e-07], "median": [0.000136891409056, 0.0019346952904, 0.000536601408385, 0.000281944900053, 0.000648565182928, 0.000266605173238, 0.000232072750805, 0.000190862192539, 0.000116306051495, 7.81732887845e-05, 7.01998433215e-05, 9.99951735139e-05, 8.06118841865e-05, 6.98316725902e-05, 6.87154533807e-05, 6.34873940726e-05, 5.84548397455e-05, 6.74799084663e-05, 6.44062820356e-05, 8.40153370518e-05, 6.1266378907e-05, 8.01887217676e-05, 6.73545873724e-05, 6.84665137669e-05, 9.490440425e-05, 0.000153082888573, 3.46346532751e-05], "dmean2": [0.000360204750905, 0.00535233877599, 0.00338179990649, 0.00229648198001, 0.00244039273821, 0.00108465668745, 0.00132624618709, 0.000978258787654, 0.000676123076119, 0.000495711865369, 0.000437333743321, 0.000658097269479, 0.000877696147654, 0.000543712754734, 0.000576208985876, 0.000321870407788, 0.000272517529083, 0.000337176723406, 0.000240844310611, 0.000288723007543, 0.00033431610791, 0.000299119827105, 0.000254748039879, 0.000190810722415, 0.000257873820374, 0.00194185285363, 0.000197465647943], "dmean": [0.00020758874598, 0.00330173573457, 0.00194529618602, 0.00125525589101, 0.00145937793422, 0.000670111447107, 0.000818329222966, 0.000614901888184, 0.000423242803663, 0.000310264615109, 0.000266897870461, 0.000430562417023, 0.000590851937886, 0.000329307426, 0.000362161546946, 0.000217293432797, 0.000177312074811, 0.000215266234591, 0.000166290890775, 0.000203601826797, 0.000236558160395, 0.000211316058994, 0.000175245600985, 0.000133979759994, 0.000168014041265, 0.00115932477638, 0.000119584452477], "var": [1.35968122095e-07, 6.15454264334e-05, 2.72215402219e-05, 1.19389787869e-05, 1.02986459751e-05, 3.11339954351e-06, 5.08625544171e-06, 3.283709475e-06, 1.69760755853e-06, 1.23280892694e-06, 6.22859772648e-07, 2.48264723268e-06, 5.02000921188e-06, 1.02671276636e-06, 1.47989305788e-06, 4.99119721553e-07, 3.64971356248e-07, 4.20761864461e-07, 2.91747340952e-07, 4.34995826026e-07, 5.24983306605e-07, 4.19931240003e-07, 2.46800340165e-07, 1.37425331559e-07, 1.32119055252e-07, 6.68590882924e-06, 6.73007818364e-08], "dvar": [1.05345712598e-07, 4.7991044994e-05, 3.82786492992e-05, 2.03391900868e-05, 1.21447938e-05, 2.63015772362e-06, 5.37337609785e-06, 3.24841198562e-06, 1.66559902937e-06, 1.09968470952e-06, 5.32863509761e-07, 1.43489808124e-06, 2.69603947345e-06, 8.80167817741e-07, 9.81411858447e-07, 2.69844349532e-07, 2.39352260678e-07, 3.56902887688e-07, 1.68953235402e-07, 2.54326607774e-07, 3.49421924284e-07, 2.92516517675e-07, 1.91457957044e-07, 8.742463109e-08, 1.15042929849e-07, 8.91684976523e-06, 8.28888673254e-08], "mean": [0.00027086675982, 0.0043402290903, 0.00185740727466, 0.00105810072273, 0.00165669724811, 0.000865769397933, 0.000927052926272, 0.000786461692769, 0.000511971651576, 0.00039483004366, 0.000324937456753, 0.000600213126745, 0.000810080440715, 0.00040757417446, 0.000496090156958, 0.000327101472067, 0.000260012573563, 0.000280373031273, 0.000246644136496, 0.000303327076836, 0.000317099358654, 0.000304791697999, 0.000243980044615, 0.000199963978957, 0.000219815541641, 0.000964992446825, 0.000117274394142]}, "melbands_flatness_db": {"min": 0.00531116873026, "max": 0.78177857399, "dvar2": 0.00242475117557, "median": 0.18012586236, "dmean2": 0.0475347824395, "dmean": 0.0313029959798, "var": 0.00796751771122, "dvar": 0.00113043771125, "mean": 0.190055191517}, "melbands_skewness": {"min": -6.78660058975, "max": 37.5240974426, "dvar2": 4.75210905075, "median": 2.65398383141, "dmean2": 1.65089893341, "dmean": 1.07802557945, "var": 6.44243955612, "dvar": 2.06632351875, "mean": 3.11393380165}, "barkbands_skewness": {"min": -10.6267127991, "max": 26.972284317, "dvar2": 1.98262786865, "median": 1.17370271683, "dmean2": 1.08431136608, "dmean": 0.708910286427, "var": 2.58744239807, "dvar": 0.921751856804, "mean": 1.35477983952}, "silence_rate_60dB": {"min": 0, "max": 1, "dvar2": 0.0866599082947, "median": 0, "dmean2": 0.0708697065711, "dmean": 0.035432562232, "var": 0.116422094405, "dvar": 0.0341742634773, "mean": 0.13454452157}, "spectral_energyband_low": {"min": 2.32462509738e-23, "max": 0.151761293411, "dvar2": 0.000243186019361, "median": 0.00364078418352, "dmean2": 0.0077339974232, "dmean": 0.00480872625485, "var": 0.000146543083247, "dvar": 0.000107294945337, "mean": 0.00704994937405}, "spectral_energyband_middle_low": {"min": 1.8785058908e-22, "max": 0.111980013549, "dvar2": 0.000190279766684, "median": 0.00334759033285, "dmean2": 0.00637841410935, "dmean": 0.0039269705303, "var": 6.69410364935e-05, "dvar": 7.18534502084e-05, "mean": 0.0059163691476}, "melbands_kurtosis": {"min": -1.96274244785, "max": 2443.87573242, "dvar2": 5607.39697266, "median": 9.2336769104, "dmean2": 22.0423622131, "dmean": 13.7594146729, "var": 6008.99951172, "dvar": 2563.08251953, "mean": 21.7192611694}, "spectral_decrease": {"min": -4.43626611002e-08, "max": 7.55047691037e-10, "dvar2": 3.06870309146e-17, "median": -2.80415912712e-09, "dmean2": 3.25739613061e-09, "dmean": 2.15278705973e-09, "var": 2.39741459151e-17, "dvar": 1.42857731383e-17, "mean": -4.21494439351e-09}, "erbbands_kurtosis": {"min": -1.94070482254, "max": 111.556228638, "dvar2": 28.2264919281, "median": -0.124566316605, "dmean2": 2.34664225578, "dmean": 1.51315677166, "var": 22.59532547, "dvar": 13.0905818939, "mean": 1.058339715}, "melbands_crest": {"min": 2.19239902496, "max": 36.5363731384, "dvar2": 27.6126270294, "median": 14.5612182617, "dmean2": 5.82508611679, "dmean": 3.58132743835, "var": 42.4274406433, "dvar": 10.6602973938, "mean": 15.5063228607}, "gfcc": {"cov": [[11134.3447266, -2059.27197266, 388.025024414, 309.783721924, -5.80051898956, 665.287536621, -24.3574008942, 63.0943450928, -152.775512695, 304.173980713, -342.891357422, 304.383758545, -279.777893066], [-2059.27197266, 3252.13623047, -636.460205078, 448.911254883, 576.600158691, -32.3968811035, 282.025695801, -153.005554199, -0.190684944391, -228.494247437, 69.9572982788, -244.86227417, 290.277801514], [388.025024414, -636.460205078, 1422.18359375, 182.200286865, -30.1750297546, 248.462997437, -8.54335784912, 42.4054641724, -26.5725536346, 49.52784729, -82.9589004517, 96.4402770996, -80.4204483032], [309.783721924, 448.911254883, 182.200286865, 860.76373291, 227.308990479, 214.284133911, 90.1864089966, -25.8614597321, 42.2199630737, -43.803237915, -46.3178596497, -9.66279792786, 117.535514832], [-5.80051898956, 576.600158691, -30.1750297546, 227.308990479, 530.532470703, 52.5057983398, 107.3542099, -62.007068634, -28.2817821503, -7.36621952057, -23.0341854095, -19.9262237549, 72.2870559692], [665.287536621, -32.3968811035, 248.462997437, 214.284133911, 52.5057983398, 431.250793457, 117.034660339, 29.7683067322, 7.33120965958, 23.2588977814, 9.10761070251, 26.9988613129, -21.2140617371], [-24.3574008942, 282.025695801, -8.54335784912, 90.1864089966, 107.3542099, 117.034660339, 268.421173096, 54.5031166077, 12.6775312424, 25.8682117462, 40.2378959656, 11.5868377686, 2.11954665184], [63.0943450928, -153.005554199, 42.4054641724, -25.8614597321, -62.007068634, 29.7683067322, 54.5031166077, 170.418365479, 84.737739563, 34.1741371155, 18.7717647552, 24.9062366486, -24.4009933472], [-152.775512695, -0.190684944391, -26.5725536346, 42.2199630737, -28.2817821503, 7.33120965958, 12.6775312424, 84.737739563, 157.857910156, 60.3910102844, 25.0614433289, 10.9449653625, 10.2196626663], [304.173980713, -228.494247437, 49.52784729, -43.803237915, -7.36621952057, 23.2588977814, 25.8682117462, 34.1741371155, 60.3910102844, 135.51109314, 41.0329246521, 34.885181427, -39.6834144592], [-342.891357422, 69.9572982788, -82.9589004517, -46.3178596497, -23.0341854095, 9.10761070251, 40.2378959656, 18.7717647552, 25.0614433289, 41.0329246521, 124.716903687, 22.6936683655, -0.280461281538], [304.383758545, -244.86227417, 96.4402770996, -9.66279792786, -19.9262237549, 26.9988613129, 11.5868377686, 24.9062366486, 10.9449653625, 34.885181427, 22.6936683655, 103.511123657, 8.46628284454], [-279.777893066, 290.277801514, -80.4204483032, 117.535514832, 72.2870559692, -21.2140617371, 2.11954665184, -24.4009933472, 10.2196626663, -39.6834144592, -0.280461281538, 8.46628284454, 130.451629639]], "icov": [[0.000176567336894, -7.68560221331e-06, 0.000154084875248, -0.000116217197501, 2.68328294624e-05, -0.00027423168649, 0.000159817514941, -0.000178360962309, 0.000470128754387, -0.000633247778751, 0.000777172797825, -0.000622334016953, 0.000312656076858], [-7.68560221331e-06, 0.000853353994898, 2.87505790766e-05, -8.79157505551e-06, -0.000529005134013, 0.000118066251162, -0.000863971596118, 0.000623652362265, -0.000729913881514, 0.0012323979754, -0.0009943053592, 0.00180022208951, -0.00113356567454], [0.000154084875248, 2.87505790766e-05, 0.00111427018419, -0.000342475192156, 5.08021694259e-05, -0.000656463380437, 0.000372346519725, -0.000410897831898, 0.000807382690255, -0.000853632984217, 0.00139332283288, -0.00138676795177, 0.000814234139398], [-0.000116217197501, -8.79157505551e-06, -0.000342475192156, 0.00195788079873, -0.000449312938144, -0.00063269113889, -0.000393145193812, 0.000648623041343, -0.00137828558218, 0.000961196084972, -3.70233919966e-07, 0.000740271410905, -0.0015787150478], [2.68328294624e-05, -0.000529005134013, 5.08021694259e-05, -0.000449312938144, 0.00296360556968, -4.91522150696e-05, -0.000594245269895, 0.000419698626501, 0.00105400523171, -0.00181317515671, 0.00141751870979, -0.00064255669713, -0.000480622140458], [-0.00027423168649, 0.000118066251162, -0.000656463380437, -0.00063269113889, -4.91522150696e-05, 0.0037961427588, -0.00151612074114, 0.000326574838255, -0.000691547465976, 0.00115112797357, -0.0017150233034, 0.000758539827075, 0.000396212708438], [0.000159817514941, -0.000863971596118, 0.000372346519725, -0.000393145193812, -0.000594245269895, -0.00151612074114, 0.00653979694471, -0.0032789434772, 0.00250024860725, -0.00245760963298, 0.000107902757009, -0.0021342667751, 0.00140743190423], [-0.000178360962309, 0.000623652362265, -0.000410897831898, 0.000648623041343, 0.000419698626501, 0.000326574838255, -0.0032789434772, 0.0109916161746, -0.00720124924555, 0.00347142480314, -0.00109292019624, -8.51220465847e-05, 0.000945156323723], [0.000470128754387, -0.000729913881514, 0.000807382690255, -0.00137828558218, 0.00105400523171, -0.000691547465976, 0.00250024860725, -0.00720124924555, 0.014308928512, -0.00875486712903, 0.0024588087108, -0.00113947619684, -0.00141707842704], [-0.000633247778751, 0.0012323979754, -0.000853632984217, 0.000961196084972, -0.00181317515671, 0.00115112797357, -0.00245760963298, 0.00347142480314, -0.00875486712903, 0.0171961337328, -0.00684928335249, 0.000902380619664, 0.00223213760182], [0.000777172797825, -0.0009943053592, 0.00139332283288, -3.70233919966e-07, 0.00141751870979, -0.0017150233034, 0.000107902757009, -0.00109292019624, 0.0024588087108, -0.00684928335249, 0.0150754824281, -0.00635516922921, 0.00163669395261], [-0.000622334016953, 0.00180022208951, -0.00138676795177, 0.000740271410905, -0.00064255669713, 0.000758539827075, -0.0021342667751, -8.51220465847e-05, -0.00113947619684, 0.000902380619664, -0.00635516922921, 0.0188499819487, -0.00723749259487], [0.000312656076858, -0.00113356567454, 0.000814234139398, -0.0015787150478, -0.000480622140458, 0.000396212708438, 0.00140743190423, 0.000945156323723, -0.00141707842704, 0.00223213760182, 0.00163669395261, -0.00723749259487, 0.014530915767]], "mean": [-8.31301212311, 41.3064079285, -83.8535919189, 20.0192985535, -46.3985099792, 11.8263540268, -31.8693904877, 9.24954223633, -21.9270133972, 12.6457738876, -16.4930992126, 6.35650682449, -17.6675453186]}, "melbands_spread": {"min": 0.197373598814, "max": 303.502593994, "dvar2": 782.135864258, "median": 23.7266559601, "dmean2": 17.7236442566, "dmean": 11.4045591354, "var": 754.31060791, "dvar": 364.028411865, "mean": 30.9050159454}, "spectral_energy": {"min": 1.068235341e-20, "max": 0.172394022346, "dvar2": 0.000601763313171, "median": 0.0125410361215, "dmean2": 0.0148393400013, "dmean": 0.00994752347469, "var": 0.000477105961181, "dvar": 0.000284081790596, "mean": 0.0190938152373}, "mfcc": {"cov": [[10034.9648438, -524.770812988, -396.960784912, 234.324539185, -103.27558136, 570.265563965, 117.834747314, 112.809806824, 130.077087402, 143.332977295, -124.505233765, -177.046920776, -69.998664856], [-524.770812988, 1749.79968262, -286.686828613, 116.421829224, 133.125457764, 29.3581047058, 216.101547241, 13.4443635941, 42.3515701294, 22.9382019043, -110.450172424, -88.093711853, -50.7984275818], [-396.960784912, -286.686828613, 1022.18481445, 149.443237305, 55.1934127808, 196.5809021, 51.9249801636, 108.461868286, 44.1027946472, 34.0337219238, 25.106546402, 1.71719276905, 43.9309577942], [234.324539185, 116.421829224, 149.443237305, 511.84262085, 195.869522095, 159.818984985, 60.7219772339, 66.5072937012, 82.183265686, 42.1015357971, -71.2002105713, -34.1608276367, 7.55330896378], [-103.27558136, 133.125457764, 55.1934127808, 195.869522095, 282.110443115, 117.412162781, 41.8873672485, 13.8412847519, 48.7146873474, 21.1600036621, -51.9560623169, -29.0777263641, 4.52078342438], [570.265563965, 29.3581047058, 196.5809021, 159.818984985, 117.412162781, 353.494842529, 151.121002197, 91.5583724976, 53.6063270569, 53.1782913208, 2.22738933563, -20.2592811584, 0.698752880096], [117.834747314, 216.101547241, 51.9249801636, 60.7219772339, 41.8873672485, 151.121002197, 247.424819946, 90.564125061, 18.9754447937, 18.0681018829, 5.886302948, -3.70889878273, -2.87802481651], [112.809806824, 13.4443635941, 108.461868286, 66.5072937012, 13.8412847519, 91.5583724976, 90.564125061, 167.630889893, 70.7162322998, 33.9039459229, 27.4660243988, 14.9251432419, 18.7399806976], [130.077087402, 42.3515701294, 44.1027946472, 82.183265686, 48.7146873474, 53.6063270569, 18.9754447937, 70.7162322998, 127.274833679, 58.5631866455, -7.09824943542, 1.26227974892, 12.4537782669], [143.332977295, 22.9382019043, 34.0337219238, 42.1015357971, 21.1600036621, 53.1782913208, 18.0681018829, 33.9039459229, 58.5631866455, 112.17829895, 53.5840873718, 21.3420009613, 18.6104755402], [-124.505233765, -110.450172424, 25.106546402, -71.2002105713, -51.9560623169, 2.22738933563, 5.886302948, 27.4660243988, -7.09824943542, 53.5840873718, 170.604644775, 96.8201980591, 33.9915962219], [-177.046920776, -88.093711853, 1.71719276905, -34.1608276367, -29.0777263641, -20.2592811584, -3.70889878273, 14.9251432419, 1.26227974892, 21.3420009613, 96.8201980591, 122.390136719, 56.5919876099], [-69.998664856, -50.7984275818, 43.9309577942, 7.55330896378, 4.52078342438, 0.698752880096, -2.87802481651, 18.7399806976, 12.4537782669, 18.6104755402, 33.9915962219, 56.5919876099, 93.4591751099]], "icov": [[0.000138023868203, 7.11985339876e-05, 0.000136595743243, -5.37103296665e-05, 0.000221697933739, -0.000325726461597, 3.58758006769e-05, -9.4960023489e-06, -3.27943962475e-05, -0.000179053560714, 0.000140609452501, 0.00017346565437, -3.92245128751e-05], [7.11985339876e-05, 0.000815876643173, 0.000272229750408, -8.28859047033e-05, -0.00014423779794, 0.000203050556593, -0.000911521667149, 0.000198253343115, -0.000163833290571, -0.000467739533633, 0.00037960454938, 0.000360642414307, 7.16858776286e-05], [0.000136595743243, 0.000272229750408, 0.00137429323513, -0.000272195873549, 0.000254319340456, -0.000860905507579, 0.000152928827447, -0.000521614390891, 8.35503597045e-05, -6.92758985679e-05, -0.000100324410596, 0.000669299683068, -0.000636414042674], [-5.37103296665e-05, -8.28859047033e-05, -0.000272195873549, 0.00317665049806, -0.00163633807097, -0.000451584433904, 0.000218229135498, -0.00070596463047, -0.00024978077272, -0.000794984924141, 0.00151460396592, -0.000717045040801, 9.16479912121e-05], [0.000221697933739, -0.00014423779794, 0.000254319340456, -0.00163633807097, 0.00591441243887, -0.00187593104783, 0.000123075456941, 0.0012761275284, -0.00127512554172, -3.02627777273e-05, 0.000837969011627, 0.000431104621384, -0.000813683727756], [-0.000325726461597, 0.000203050556593, -0.000860905507579, -0.000451584433904, -0.00187593104783, 0.00621577631682, -0.00291410088539, -0.000518807850312, 4.25949583587e-05, -0.000995017122477, -0.000840178225189, 0.000774014450144, 0.000395486364141], [3.58758006769e-05, -0.000911521667149, 0.000152928827447, 0.000218229135498, 0.000123075456941, -0.00291410088539, 0.00763457780704, -0.00360415689647, 0.00206825905479, 5.59239379072e-05, 0.000368692912161, -0.000899961625692, 0.000539643631782], [-9.4960023489e-06, 0.000198253343115, -0.000521614390891, -0.00070596463047, 0.0012761275284, -0.000518807850312, -0.00360415689647, 0.0115599604324, -0.00669191824272, 0.00233913422562, -0.00284776114859, 0.00116561260074, -0.00132802745793], [-3.27943962475e-05, -0.000163833290571, 8.35503597045e-05, -0.00024978077272, -0.00127512554172, 4.25949583587e-05, 0.00206825905479, -0.00669191824272, 0.0160264614969, -0.00831083208323, 0.00501091824844, -0.00261867698282, 0.000616712903138], [-0.000179053560714, -0.000467739533633, -6.92758985679e-05, -0.000794984924141, -3.02627777273e-05, -0.000995017122477, 5.59239379072e-05, 0.00233913422562, -0.00831083208323, 0.0174066349864, -0.00849517248571, 0.00348250684328, -0.00212766812183], [0.000140609452501, 0.00037960454938, -0.000100324410596, 0.00151460396592, 0.000837969011627, -0.000840178225189, 0.000368692912161, -0.00284776114859, 0.00501091824844, -0.00849517248571, 0.0164490863681, -0.0115741090849, 0.00283423485234], [0.00017346565437, 0.000360642414307, 0.000669299683068, -0.000717045040801, 0.000431104621384, 0.000774014450144, -0.000899961625692, 0.00116561260074, -0.00261867698282, 0.00348250684328, -0.0115741090849, 0.0214198026806, -0.00932400021702], [-3.92245128751e-05, 7.16858776286e-05, -0.000636414042674, 9.16479912121e-05, -0.000813683727756, 0.000395486364141, 0.000539643631782, -0.00132802745793, 0.000616712903138, -0.00212766812183, 0.00283423485234, -0.00932400021702, 0.0162771008909]], "mean": [-669.34979248, 90.8818054199, 14.7603597641, 18.4193782806, 7.03161239624, 8.58147907257, 1.49877130985, 1.31082212925, -0.722088754177, 3.1719994545, 4.26498556137, 4.23360300064, 2.94066596031]}, "spectral_contrast_valleys": {"min": [-27.7100982666, -27.3453903198, -27.2298107147, -27.318769455, -27.3017425537, -27.2361755371], "max": [-5.25800180435, -4.7754073143, -5.04422521591, -5.10382556915, -5.21867179871, -7.39147615433], "dvar2": [0.414835482836, 0.529378592968, 0.4631536901, 0.34746196866, 0.331945061684, 0.382155895233], "median": [-7.18786287308, -7.12032842636, -7.76660919189, -7.95337343216, -7.76000881195, -9.63120937347], "dmean2": [0.728908717632, 0.7307741642, 0.659457921982, 0.549674153328, 0.487369030714, 0.450714230537], "dmean": [0.451642274857, 0.465943396091, 0.432648539543, 0.388175934553, 0.368653893471, 0.368337333202], "var": [2.3700492382, 1.49305653572, 1.47315943241, 1.68137311935, 1.5641554594, 2.38232541084], "dvar": [0.181062549353, 0.239479452372, 0.226266875863, 0.195907875896, 0.194251149893, 0.20814114809], "mean": [-7.65475606918, -7.31269979477, -7.85642337799, -7.9890666008, -7.83036661148, -9.96078681946]}, "barkbands_flatness_db": {"min": 0.0108853755519, "max": 0.624086260796, "dvar2": 0.00147060840391, "median": 0.100647486746, "dmean2": 0.0353885889053, "dmean": 0.0230173710734, "var": 0.00531512405723, "dvar": 0.000670090492349, "mean": 0.11327277869}, "dynamic_complexity": 3.9471745491, "erbbands_flatness_db": {"min": 0.0248691570014, "max": 0.495565861464, "dvar2": 0.000995208276436, "median": 0.106456622481, "dmean2": 0.0284389108419, "dmean": 0.0193466711789, "var": 0.00352767994627, "dvar": 0.000501746369991, "mean": 0.120516188443}, "hfc": {"min": 1.184