{"lowlevel": {"spectral_complexity": {"min": 0, "max": 65, "dvar2": 50.6944961548, "median": 13, "dmean2": 5.93654251099, "dmean": 4.31477642059, "var": 154.201919556, "dvar": 31.2048244476, "mean": 15.9947061539}, "silence_rate_20dB": {"min": 1, "max": 1, "dvar2": 0, "median": 1, "dmean2": 0, "dmean": 0, "var": 0, "dvar": 0, "mean": 1}, "average_loudness": 0.846181809902, "erbbands_spread": {"min": 1.08911406994, "max": 193.150222778, "dvar2": 667.769287109, "median": 44.8841552734, "dmean2": 22.5092964172, "dmean": 15.0481157303, "var": 874.348571777, "dvar": 299.542327881, "mean": 51.6027374268}, "spectral_kurtosis": {"min": -1.3606544733, "max": 27.7717399597, "dvar2": 3.58583498001, "median": 2.52293729782, "dmean2": 1.56215119362, "dmean": 1.01881670952, "var": 4.44098758698, "dvar": 1.48373353481, "mean": 2.76387572289}, "barkbands_kurtosis": {"min": -1.97190177441, "max": 1126.65209961, "dvar2": 1031.83642578, "median": 0.259650230408, "dmean2": 8.70327949524, "dmean": 5.57908582687, "var": 658.671203613, "dvar": 460.541442871, "mean": 6.17800235748}, "spectral_strongpeak": {"min": 0, "max": 14.6908102036, "dvar2": 2.58526754379, "median": 0.361398935318, "dmean2": 0.935669064522, "dmean": 0.544862389565, "var": 1.35947835445, "dvar": 0.995535194874, "mean": 0.777709722519}, "spectral_spread": {"min": 1510921.875, "max": 41727084, "dvar2": 2586260013060.0, "median": 5667519, "dmean2": 1399060, "dmean": 1039742.375, "var": 5382926237700.0, "dvar": 1405374693380.0, "mean": 6201578}, "spectral_rms": {"min": 3.88951548302e-06, "max": 0.0129941441119, "dvar2": 2.80098879557e-06, "median": 0.00358030828647, "dmean2": 0.00124375231098, "dmean": 0.000850984593853, "var": 4.34573075836e-06, "dvar": 1.29229010781e-06, "mean": 0.00385419814847}, "erbbands": {"min": [2.00602059408e-08, 9.96251703356e-09, 4.33347535633e-09, 1.73233800638e-08, 5.55235857291e-08, 2.20008740115e-08, 1.16268488171e-07, 4.52274555585e-08, 1.91166478203e-07, 1.39762235563e-07, 2.19548965674e-07, 1.16599146338e-07, 1.12191862911e-07, 1.47687728713e-07, 1.16928447369e-07, 6.44779802883e-08, 2.02131346327e-07, 1.0459191202e-07, 1.25193508893e-07, 1.71707100094e-07, 1.14684283403e-07, 8.95125538136e-08, 1.96467908609e-07, 1.85636665151e-07, 1.76953975028e-07, 2.99948226257e-07, 2.49379041861e-07, 2.2399646582e-07, 3.60236555252e-07, 3.52870102915e-07, 3.05761233221e-07, 2.42421293706e-07, 3.53151193622e-07, 2.25465015546e-07, 1.39737466043e-07, 8.05565321116e-08, 4.27859561114e-08, 3.44516166706e-08, 1.17972147606e-08, 1.29170085739e-09], "max": [3.09127283096, 26.2412796021, 107.411346436, 203.557296753, 357.386138916, 471.16998291, 317.798553467, 195.565063477, 359.863647461, 423.482513428, 809.098266602, 893.248718262, 709.068603516, 1341.87036133, 722.641479492, 1129.8572998, 1679.09899902, 1425.15270996, 1338.8515625, 1525.67687988, 1223.63671875, 677.105407715, 380.323791504, 420.024963379, 540.964782715, 572.031921387, 311.871917725, 219.460021973, 311.304931641, 348.652648926, 347.952880859, 433.695709229, 349.2784729, 191.369735718, 63.9293708801, 33.2652702332, 15.0456571579, 3.09572124481, 0.434734284878, 0.0256439819932], "dvar2": [0.0619493797421, 5.67475414276, 128.456283569, 451.803131104, 1407.78198242, 3245.30541992, 649.774230957, 547.417419434, 534.798156738, 1101.07324219, 11094.2675781, 3209.21166992, 1446.25891113, 2266.81787109, 1424.90551758, 3797.08764648, 7143.97900391, 5260.13671875, 2531.96484375, 5101.25488281, 3906.39624023, 1525.28161621, 1472.68249512, 832.31036377, 554.924377441, 2933.3605957, 653.765991211, 701.573608398, 1875.07214355, 702.154724121, 832.903015137, 422.435028076, 198.771316528, 67.9561843872, 12.6489048004, 6.61863470078, 0.468221575022, 0.0207996107638, 0.000391908950405, 1.86471220331e-06], "median": [0.0251125395298, 0.234815627337, 0.605310201645, 0.857312560081, 1.45929980278, 1.54034399986, 1.77239978313, 2.38137292862, 2.7041721344, 3.64908480644, 3.80079221725, 3.90125465393, 4.27467679977, 3.59127807617, 4.48750066757, 3.72054433823, 4.51699924469, 5.45326328278, 6.01210546494, 5.8092880249, 5.27552604675, 5.21359539032, 5.59757518768, 5.04162359238, 5.59083271027, 6.07030010223, 4.35802078247, 3.23837256432, 3.7719771862, 3.17646384239, 3.06252980232, 2.28918266296, 1.20489358902, 0.635083138943, 0.322403371334, 0.201504692435, 0.0483020320535, 0.00776198366657, 0.000702439632732, 5.88429320487e-05], "dmean2": [0.106819652021, 1.06490719318, 4.04791736603, 7.43325376511, 11.0412216187, 15.1123447418, 8.75563526154, 10.3811731339, 10.6667451859, 15.7628421783, 34.3807525635, 23.5303974152, 16.8006916046, 16.237493515, 16.3936424255, 19.9584732056, 24.9456233978, 27.5697422028, 21.0613021851, 27.0947475433, 22.3976154327, 17.8689460754, 17.4690170288, 13.8742809296, 12.6575546265, 20.5010356903, 10.5011873245, 9.9240732193, 14.9364900589, 10.4755172729, 13.5187520981, 9.12075519562, 4.82896614075, 2.5023598671, 1.35340547562, 1.41347551346, 0.288982003927, 0.0515805259347, 0.00559023069218, 0.00036608290975], "dmean": [0.0754547566175, 0.706834852695, 2.44144439697, 4.3165345192, 6.20074367523, 8.38828277588, 4.98313331604, 6.10818862915, 6.55396604538, 9.66126728058, 20.1599025726, 14.3601675034, 10.5896215439, 10.1559381485, 10.3627376556, 12.3796691895, 15.5694856644, 17.6875572205, 13.461476326, 17.4858970642, 14.3281459808, 11.5671339035, 11.1726980209, 8.94171333313, 8.32242107391, 12.7157974243, 6.84584712982, 6.45575523376, 9.50354671478, 6.99941205978, 9.21207618713, 6.21403980255, 3.29593849182, 1.70359516144, 0.927522301674, 0.920370042324, 0.185501083732, 0.0329941213131, 0.0034536444582, 0.000219144465518], "var": [0.0694520249963, 4.40044641495, 46.046257019, 142.704803467, 342.27456665, 668.486022949, 157.737060547, 193.362792969, 288.863616943, 669.171508789, 3442.4621582, 1983.49511719, 1089.42797852, 1838.8092041, 1234.76147461, 2275.90478516, 4650.46826172, 5169.32714844, 3101.67773438, 4569.18554688, 2781.40625, 1756.18579102, 1037.99572754, 721.467102051, 614.740600586, 1545.61083984, 412.294586182, 345.098815918, 672.03704834, 338.913726807, 534.551269531, 237.944961548, 111.460746765, 39.4612388611, 6.95642328262, 3.06979322433, 0.182358771563, 0.00742430053651, 9.8168857221e-05, 4.24024477752e-07], "dvar": [0.0326451659203, 2.64454722404, 50.458984375, 173.481735229, 508.648712158, 1132.75012207, 227.266723633, 202.845718384, 209.086959839, 437.672943115, 4093.95385742, 1280.61364746, 618.619873047, 917.568603516, 572.57611084, 1420.86047363, 2599.80004883, 2200.42700195, 1088.57873535, 2177.90771484, 1551.39160156, 660.495056152, 594.138671875, 348.27822876, 248.604919434, 1085.10375977, 262.232513428, 282.721618652, 714.903442383, 286.838928223, 378.108856201, 181.626724243, 82.6202316284, 28.733921051, 5.317029953, 2.72512292862, 0.177263244987, 0.007827735506, 0.000142758231959, 6.63772425469e-07], "mean": [0.110108733177, 0.97504812479, 2.66233897209, 4.64266300201, 6.01545715332, 6.89267396927, 5.16760540009, 6.90759754181, 8.1262512207, 12.5513839722, 20.7542095184, 18.6507701874, 15.7314281464, 15.8763599396, 17.0977096558, 18.2802333832, 24.0319061279, 29.1946086884, 23.9065990448, 28.0031204224, 22.9199638367, 19.0038509369, 17.9916477203, 15.7047977448, 15.5379600525, 19.555147171, 11.7223482132, 9.32448768616, 11.3568735123, 9.12800216675, 12.0288600922, 7.90018939972, 4.45180034637, 2.24516153336, 1.15977013111, 0.933843493462, 0.195003122091, 0.0334202200174, 0.00314132706262, 0.000200217808015]}, "zerocrossingrate": {"min": 0, "max": 0.44189453125, "dvar2": 0.000841198139824, "median": 0.09033203125, "dmean2": 0.0269857551903, "dmean": 0.0251099001616, "var": 0.00428670924157, "dvar": 0.000708967447281, "mean": 0.105359517038}, "spectral_contrast_coeffs": {"min": [-0.963237404823, -0.957300186157, -0.964191675186, -0.962901830673, -0.964018881321, -0.962020993233], "max": [-0.301658093929, -0.375827640295, -0.413063019514, -0.392903149128, -0.525215506554, -0.583457112312], "dvar2": [0.00614415854216, 0.005214758683, 0.0029503966216, 0.00200403970666, 0.0010123384418, 0.000878529972397], "median": [-0.672628641129, -0.75769084692, -0.788979887962, -0.790689885616, -0.798665702343, -0.771572947502], "dmean2": [0.0910383537412, 0.0869697779417, 0.0654215887189, 0.0544808134437, 0.0388461276889, 0.032667208463], "dmean": [0.0577183626592, 0.0531219430268, 0.0415682308376, 0.0344666279852, 0.02471755445, 0.0210497900844], "var": [0.00805405713618, 0.00699902512133, 0.00599960610271, 0.00493219355121, 0.00238809525035, 0.00184807088226], "dvar": [0.00269815931097, 0.00201299809851, 0.00126119691413, 0.000862546381541, 0.00043429096695, 0.000375095463824], "mean": [-0.666900098324, -0.747633457184, -0.778149485588, -0.779444992542, -0.792179703712, -0.769246280193]}, "dissonance": {"min": 0.14626967907, "max": 0.500000059605, "dvar2": 0.000805726507679, "median": 0.479389220476, "dmean2": 0.0265353489667, "dmean": 0.0158748924732, "var": 0.000732961460017, "dvar": 0.000311206269544, "mean": 0.471783280373}, "spectral_energyband_high": {"min": 4.73509120802e-10, "max": 0.0578477010131, "dvar2": 1.83495376405e-05, "median": 0.000787709839642, "dmean2": 0.00182998017408, "dmean": 0.00126239133533, "var": 9.34703075472e-06, "dvar": 7.50870367483e-06, "mean": 0.00182903092355}, "spectral_skewness": {"min": -0.68963265419, "max": 4.33547449112, "dvar2": 0.099879026413, "median": 1.2572568655, "dmean2": 0.308027327061, "dmean": 0.205860838294, "var": 0.172072842717, "dvar": 0.0458140820265, "mean": 1.25462937355}, "spectral_flux": {"min": 4.47399506811e-05, "max": 0.445864349604, "dvar2": 0.00260956422426, "median": 0.0687982290983, "dmean2": 0.0393874756992, "dmean": 0.0264678094536, "var": 0.00345336040482, "dvar": 0.0013274634257, "mean": 0.0823837518692}, "silence_rate_30dB": {"min": 0, "max": 1, "dvar2": 0.0173138380051, "median": 1, "dmean2": 0.0131568387151, "dmean": 0.0065778917633, "var": 0.00463114539161, "dvar": 0.00653513986617, "mean": 0.995347738266}, "spectral_energyband_middle_high": {"min": 3.01494419708e-11, "max": 0.0496119000018, "dvar2": 2.08588498936e-05, "median": 0.00195367704146, "dmean2": 0.0025851901155, "dmean": 0.0017513486091, "var": 3.42918538081e-05, "dvar": 8.90004503162e-06, "mean": 0.00438175071031}, "barkbands_spread": {"min": 0.170950770378, "max": 132.785903931, "dvar2": 383.961242676, "median": 31.3267841339, "dmean2": 17.174413681, "dmean": 11.4499578476, "var": 468.924194336, "dvar": 182.159988403, "mean": 34.9989929199}, "spectral_centroid": {"min": 114.698516846, "max": 12000.65625, "dvar2": 460955.625, "median": 1857.7298584, "dmean2": 606.200134277, "dmean": 409.396972656, "var": 826535.625, "dvar": 228103.015625, "mean": 1880.64782715}, "pitch_salience": {"min": 0.0353313051164, "max": 0.881758332253, "dvar2": 0.0156207317486, "median": 0.574824750423, "dmean2": 0.132907480001, "dmean": 0.0853765234351, "var": 0.0214604958892, "dvar": 0.00716686574742, "mean": 0.55028885603}, "erbbands_skewness": {"min": -7.60466480255, "max": 6.03014039993, "dvar2": 0.583337247372, "median": 0.0273330248892, "dmean2": 0.725734889507, "dmean": 0.482928752899, "var": 0.950137317181, "dvar": 0.268367826939, "mean": 0.00424772920087}, "erbbands_crest": {"min": 2.32263612747, "max": 32.9693984985, "dvar2": 17.0679302216, "median": 7.50635433197, "dmean2": 4.52920532227, "dmean": 2.76415324211, "var": 18.6400661469, "dvar": 6.87482881546, "mean": 8.51293849945}, "melbands": {"min": [1.71985273245e-10, 3.2546344092e-12, 5.14318535677e-12, 2.14123467221e-12, 3.07332111149e-12, 1.16635509844e-12, 2.58044497228e-12, 1.89348189905e-12, 1.5836294949e-12, 6.73142314458e-13, 5.57752195124e-13, 6.25764956345e-13, 4.41716324975e-13, 1.80853433358e-13, 1.80537103821e-13, 4.90961817642e-13, 1.71402361705e-13, 2.03582512176e-13, 2.63915002048e-13, 1.77260685514e-13, 1.18404052296e-13, 7.76283198963e-14, 1.40558585279e-13, 1.96423389706e-13, 1.46802492038e-13, 1.22785597878e-13, 1.24477671551e-13, 2.32152621779e-13, 1.61187686462e-13, 1.37076588687e-13, 1.31614025776e-13, 2.13816160957e-13, 1.78327526899e-13, 1.73464500684e-13, 1.76618444804e-13, 1.52733836863e-13, 1.35986775768e-13, 2.36470104565e-13, 2.58822368919e-13, 1.72591975434e-13], "max": [0.0307887624949, 0.0408379994333, 0.0369063653052, 0.0336224921048, 0.0128739178181, 0.00432170694694, 0.00646729767323, 0.00581334438175, 0.00658477796242, 0.00613933149725, 0.00397296063602, 0.00494618294761, 0.00263766897842, 0.00186276598834, 0.00269938260317, 0.00602092361078, 0.0027474667877, 0.00177085318137, 0.00239439797588, 0.00257143890485, 0.00169153488241, 0.000903445587028, 0.000509463716298, 0.000363054510672, 0.000429767707828, 0.00057798292255, 0.000370054534869, 0.000540558132343, 0.00025074777659, 0.000291489908705, 0.00016064826923, 0.000247811636655, 0.000264884001808, 0.000170916668139, 0.000201670220122, 0.000231838872423, 0.000256946368609, 0.000248288270086, 0.000298289844068, 0.000164644079632], "dvar2": [5.83587507208e-06, 1.80304596142e-05, 1.2529826563e-05, 1.30960252136e-05, 1.38153666285e-06, 2.52315544458e-07, 1.26435381276e-07, 1.54832079602e-07, 7.13062547675e-07, 1.15896256148e-07, 3.79458953148e-08, 3.88581753441e-08, 2.1209942247e-08, 1.53641952494e-08, 2.76738596483e-08, 5.74855540947e-08, 1.89988877963e-08, 6.5018985751e-09, 1.08412097077e-08, 1.21750662885e-08, 6.73707667431e-09, 2.25179763724e-09, 1.60717850139e-09, 1.07367126301e-09, 6.66089849943e-10, 3.85675491543e-10, 4.54507820269e-10, 2.0123895883e-09, 3.4915431657e-10, 2.00536254269e-10, 3.63795410463e-10, 1.14241927029e-09, 1.77421105585e-10, 2.6722840607e-10, 3.9774067373e-10, 1.75076689257e-10, 1.60999644172e-10, 1.12192401203e-10, 9.4600161038e-11, 4.5976805696e-11], "median": [0.000265072507318, 0.000379769393476, 0.000183605894563, 0.000118446601846, 6.60773075651e-05, 5.43343885511e-05, 4.11030487157e-05, 3.93042064388e-05, 2.78574461845e-05, 2.1858522814e-05, 1.8913871827e-05, 1.27581861307e-05, 1.34896599775e-05, 1.01943314803e-05, 8.02340127848e-06, 9.08261063159e-06, 8.9866862254e-06, 8.41337259772e-06, 7.21220112609e-06, 6.82267091179e-06, 5.33154525328e-06, 4.78723040942e-06, 4.94751702718e-06, 4.01750639867e-06, 3.6614558212e-06, 3.54463486474e-06, 3.86842157241e-06, 3.8281605157e-06, 2.75705633612e-06, 1.86933164059e-06, 1.64045059137e-06, 2.01337070393e-06, 1.8358774696e-06, 1.67123687334e-06, 1.67765767856e-06, 1.66507072663e-06, 1.26234533582e-06, 8.77372485775e-07, 5.33869581432e-07, 4.84395002331e-07], "dmean2": [0.00106290704571, 0.00169797521085, 0.00127871648874, 0.000983723322861, 0.000367409375031, 0.000226368516451, 0.000166023906786, 0.000188710022485, 0.000275346043054, 0.000142114979099, 8.37575644255e-05, 6.69087239658e-05, 6.0784357629e-05, 4.70637132821e-05, 5.26397379872e-05, 6.5004103817e-05, 5.2681825764e-05, 3.4758268157e-05, 3.83497281291e-05, 3.73664042854e-05, 2.79012765532e-05, 2.08180190384e-05, 1.89068578038e-05, 1.48013705257e-05, 1.21644770843e-05, 9.74965496425e-06, 1.09879583761e-05, 1.58878792718e-05, 7.75315947976e-06, 5.49708556719e-06, 6.67472613713e-06, 1.01505602288e-05, 5.6965263866e-06, 6.41688711767e-06, 9.04780063138e-06, 6.62841557642e-06, 5.53099789613e-06, 3.80137953471e-06, 2.58925047092e-06, 2.10744929063e-06], "dmean": [0.000733299937565, 0.00107369967736, 0.000752078660298, 0.000546160561498, 0.000208840268897, 0.000133411725983, 0.000102254547528, 0.00011529353651, 0.000161058545928, 8.66371847223e-05, 5.2735220379e-05, 4.16919610871e-05, 3.83467340725e-05, 2.91774995276e-05, 3.22679661622e-05, 4.00087228627e-05, 3.3704964153e-05, 2.21455120482e-05, 2.42941041506e-05, 2.4030538043e-05, 1.7586238755e-05, 1.32979994305e-05, 1.20454024e-05, 9.29910220293e-06, 7.68462996348e-06, 6.3105630943e-06, 7.01089220456e-06, 9.66220522969e-06, 4.92299750476e-06, 3.54124586011e-06, 4.25458438258e-06, 6.25008306088e-06, 3.74698902306e-06, 4.22874882133e-06, 6.10222650721e-06, 4.51745972896e-06, 3.68388532479e-06, 2.54569840763e-06, 1.72794250375e-06, 1.41172654367e-06], "var": [5.72219460082e-06, 9.19591366255e-06, 4.38674624093e-06, 2.84490806735e-06, 3.11883638915e-07, 8.93811957781e-08, 7.4495360991e-08, 9.19243348108e-08, 2.16322916913e-07, 7.80504905151e-08, 2.72683333691e-08, 2.94203861273e-08, 1.75132885971e-08, 1.04851629601e-08, 1.60382587211e-08, 3.66383261508e-08, 1.86328961149e-08, 7.29196258931e-09, 1.03176276411e-08, 8.57322390857e-09, 4.7460417818e-09, 2.6085722471e-09, 1.17923515397e-09, 7.39978800457e-10, 5.18938558791e-10, 3.61995766696e-10, 3.89199533712e-10, 1.00718355878e-09, 2.25738913673e-10, 1.15356578456e-10, 1.55596036056e-10, 3.37382954907e-10, 9.98236562855e-11, 1.175317621e-10, 2.37133895853e-10, 1.11797730795e-10, 8.58152299221e-11, 5.73148646599e-11, 5.38631535207e-11, 2.40060766404e-11], "dvar": [2.89806371256e-06, 7.437349268e-06, 4.96843995279e-06, 4.63515743832e-06, 4.81804704577e-07, 9.32177997015e-08, 5.00185031171e-08, 6.17242363887e-08, 2.62107818116e-07, 4.70341383618e-08, 1.61737769844e-08, 1.55007384706e-08, 8.46919689934e-09, 5.96015192755e-09, 1.05028092889e-08, 2.05889314486e-08, 8.10469558132e-09, 2.80739897995e-09, 4.67152627692e-09, 4.94906382542e-09, 2.69196487324e-09, 9.68226609999e-10, 6.8459710123e-10, 4.32406027651e-10, 2.74558792368e-10, 1.67734326428e-10, 1.95740812448e-10, 7.29339255656e-10, 1.37713895842e-10, 8.03402622207e-11, 1.44407777403e-10, 4.21270518469e-10, 7.47132425372e-11, 1.06868132399e-10, 1.76123032825e-10, 7.84456527514e-11, 6.83216747066e-11, 4.58099738698e-11, 3.93091947881e-11, 1.91145831802e-11], "mean": [0.00107742217369, 0.00139677873813, 0.000849453557748, 0.000476391869597, 0.000207740435144, 0.000152637832798, 0.000127861800138, 0.000145994650666, 0.00016374590632, 0.000113144793431, 7.57054513087e-05, 6.19554557488e-05, 6.05355198786e-05, 4.35566107626e-05, 4.61580420961e-05, 5.9106216213e-05, 5.30193319719e-05, 3.62552127626e-05, 3.8273185055e-05, 3.48642388417e-05, 2.60758606601e-05, 2.03156960197e-05, 1.74513006641e-05, 1.45991980389e-05, 1.25188180391e-05, 1.08476788228e-05, 1.16696219266e-05, 1.3707668586e-05, 7.98835117166e-06, 5.43770011063e-06, 5.5328405324e-06, 6.81740266373e-06, 5.08294715473e-06, 5.19049945069e-06, 7.65965796745e-06, 5.74429304834e-06, 4.52544736618e-06, 3.33444040734e-06, 2.28614248954e-06, 1.76877881586e-06]}, "spectral_entropy": {"min": 5.20132541656, "max": 9.80611515045, "dvar2": 0.0935964360833, "median": 7.90068292618, "dmean2": 0.280904769897, "dmean": 0.198698267341, "var": 0.194303408265, "dvar": 0.0458613038063, "mean": 7.87912988663}, "spectral_rolloff": {"min": 21.533203125, "max": 14233.4472656, "dvar2": 8175175, "median": 2067.1875, "dmean2": 2059.22241211, "dmean": 1285.75146484, "var": 8594170, "dvar": 3986682, "mean": 3007.0925293}, "barkbands": {"min": [1.4701299067e-09, 6.86341539158e-11, 3.56195043079e-12, 1.06196215016e-11, 1.28146018102e-11, 1.10058672245e-11, 1.10192072481e-11, 1.25081750513e-11, 4.08682809816e-12, 4.67801882301e-12, 2.94067938403e-12, 1.29525730419e-12, 4.31163438286e-12, 2.03961934148e-12, 3.19454814164e-12, 2.03148045261e-12, 1.5007759575e-12, 3.9407435648e-12, 3.43214627725e-12, 6.04174566279e-12, 4.94084677685e-12, 1.09595822001e-11, 1.02853706455e-11, 1.7886456205e-11, 1.92336060273e-11, 2.15248721624e-11, 8.45227499102e-11], "max": [0.00544126098976, 0.111155942082, 0.118751049042, 0.10649792105, 0.132818058133, 0.0214793756604, 0.0335318669677, 0.0305536966771, 0.0390700101852, 0.0317158810794, 0.0371818356216, 0.0226566884667, 0.0441402383149, 0.0241627264768, 0.0308172050864, 0.0258751306683, 0.0128165166825, 0.00576875079423, 0.0117117017508, 0.0122551089153, 0.00727359298617, 0.00831037387252, 0.00993701070547, 0.0213439278305, 0.0122825922444, 0.00789570808411, 0.00253282370977], "dvar2": [1.37568292757e-07, 8.82441745489e-05, 0.000149545827298, 9.10605012905e-05, 0.00022150897712, 6.24087397227e-06, 3.32474201059e-06, 1.49193974721e-05, 4.852704933e-06, 1.75865841356e-06, 1.37928145705e-06, 1.91350341083e-06, 3.86979218092e-06, 1.62329217801e-06, 1.62908395396e-06, 1.87814453056e-06, 5.67802146634e-07, 4.57342508753e-07, 2.5311814511e-07, 1.09385166525e-06, 2.11115889215e-07, 1.34464983148e-06, 9.21105311136e-07, 7.61526962378e-07, 3.70791582327e-07, 1.918846948e-07, 1.57128390299e-08], "median": [5.96648496867e-05, 0.00105395214632, 0.000443430879386, 0.000284357985947, 0.000523244088981, 0.000286020105705, 0.00018672949227, 0.000169054372236, 0.000140234813443, 0.000108204338176, 8.95402627066e-05, 7.99733243184e-05, 8.01581190899e-05, 9.68123058556e-05, 9.57934389589e-05, 8.93738615559e-05, 8.73643512023e-05, 9.30196256377e-05, 0.00010129538714, 0.000129361622385, 8.94967888598e-05, 9.94046713458e-05, 0.000110820445116, 9.31506801862e-05, 4.98512163176e-05, 3.32849958795e-05, 4.29914462075e-06], "dmean2": [0.00016148238501, 0.00424900697544, 0.00416600704193, 0.00299887079746, 0.00401673652232, 0.00113185681403, 0.000828945136163, 0.00140052766073, 0.000948111119214, 0.000528155534994, 0.00045898440294, 0.000477433553897, 0.000574337784201, 0.000522927206475, 0.000486887118313, 0.00048939534463, 0.000346692017047, 0.000317417754559, 0.000256357860053, 0.000409123342251, 0.000204567055334, 0.000390757399146, 0.000455906410934, 0.000342115847161, 0.000199789952603, 0.000222857735935, 4.00645367336e-05], "dmean": [0.000104934653791, 0.00287637300789, 0.00242975587025, 0.00166905822698, 0.00222993851639, 0.000662943522912, 0.000510264653713, 0.000831488578115, 0.000574844249059, 0.000333278381731, 0.000287168601062, 0.000293389253784, 0.000353610143065, 0.000333589909133, 0.000309027178446, 0.000315004697768, 0.000222141141421, 0.00020131029305, 0.000167001853697, 0.000256014289334, 0.000136762435432, 0.000249362929026, 0.000310408737278, 0.000233197453781, 0.000137858136441, 0.000144588717376, 2.47714651778e-05], "var": [9.94736737425e-08, 7.9322468082e-05, 4.58411414002e-05, 2.1634326913e-05, 4.68406433356e-05, 2.10057646655e-06, 2.09926429307e-06, 5.33652382728e-06, 3.06170204567e-06, 1.19043431823e-06, 1.11513543288e-06, 1.14875501822e-06, 2.47836237577e-06, 1.56504643201e-06, 1.66800953139e-06, 1.27823011553e-06, 6.21840911208e-07, 3.25096607412e-07, 2.51496032888e-07, 6.22832033059e-07, 1.54174358613e-07, 4.85502141601e-07, 5.80241021453e-07, 4.20902011911e-07, 2.08255642065e-07, 8.5461117294e-08, 4.16136858306e-09], "dvar": [5.48227028219e-08, 4.22626435466e-05, 5.73642646486e-05, 3.22524465446e-05, 7.7698212408e-05, 2.28435783356e-06, 1.314777478e-06, 5.60651960768e-06, 1.94505901163e-06, 7.24391156837e-07, 5.53440258955e-07, 7.16526528777e-07, 1.3865786741e-06, 7.01190742802e-07, 6.97411053352e-07, 7.5279677958e-07, 2.45065450599e-07, 1.83979750545e-07, 1.09844513929e-07, 4.09556236036e-07, 9.10599169401e-08, 5.12984684065e-07, 4.15322887193e-07, 3.18298248203e-07, 1.56445040034e-07, 7.66937873209e-08, 5.78220049618e-09], "mean": [0.000161135190865, 0.0041741062887, 0.00241056666709, 0.00166443351191, 0.00197502435185, 0.00075603480218, 0.000641604710836, 0.000882943859324, 0.000733334978577, 0.000482513423776, 0.00043829891365, 0.000413118454162, 0.000517344276886, 0.000516322033945, 0.000494928506669, 0.000460256851511, 0.000341313047102, 0.000319660117384, 0.000300444167806, 0.000406799459597, 0.000228715362027, 0.000300184969092, 0.000402919016778, 0.000309038354317, 0.000178527043317, 0.000148675317178, 2.21572299779e-05]}, "melbands_flatness_db": {"min": 0.0130193661898, "max": 0.594827592373, "dvar2": 0.00253072101623, "median": 0.154407471418, "dmean2": 0.0489714965224, "dmean": 0.0344892852008, "var": 0.00697548314929, "dvar": 0.00131660699844, "mean": 0.170375645161}, "melbands_skewness": {"min": -4.31715631485, "max": 24.6678733826, "dvar2": 5.95056962967, "median": 2.25320744514, "dmean2": 1.7998816967, "dmean": 1.22445964813, "var": 10.2730379105, "dvar": 2.90075874329, "mean": 3.24625444412}, "barkbands_skewness": {"min": -7.66704082489, "max": 27.9324989319, "dvar2": 2.40518808365, "median": 0.932896196842, "dmean2": 1.19339859486, "dmean": 0.810615837574, "var": 4.01061439514, "dvar": 1.16126966476, "mean": 1.41195082664}, "silence_rate_60dB": {"min": 0, "max": 1, "dvar2": 0.113015398383, "median": 0, "dmean2": 0.110068194568, "dmean": 0.0550296790898, "var": 0.119237951934, "dvar": 0.0520038567483, "mean": 0.138365283608}, "spectral_energyband_low": {"min": 1.23559551479e-09, "max": 0.145557045937, "dvar2": 0.000212870436371, "median": 0.00255465623923, "dmean2": 0.00696377968416, "dmean": 0.00453009270132, "var": 0.000186867473531, "dvar": 9.5264709671e-05, "mean": 0.00763050839305}, "spectral_energyband_middle_low": {"min": 7.78881403818e-11, "max": 0.164401337504, "dvar2": 0.000380725716241, "median": 0.00367382843979, "dmean2": 0.00832289364189, "dmean": 0.00500251259655, "var": 0.000139324358315, "dvar": 0.000152360997163, "mean": 0.00683827418834}, "melbands_kurtosis": {"min": -1.94223022461, "max": 1015.55438232, "dvar2": 5142.09375, "median": 5.96012115479, "dmean2": 28.6505088806, "dmean": 18.8107032776, "var": 4603.69921875, "dvar": 2346.83520508, "mean": 27.7368774414}, "spectral_decrease": {"min": -4.4297930657e-08, "max": -3.6064037092e-15, "dvar2": 2.95735465485e-17, "median": -3.02098657201e-09, "dmean2": 3.15287174146e-09, "dmean": 2.03148742273e-09, "var": 2.69395586326e-17, "dvar": 1.28059180711e-17, "mean": -4.62466642759e-09}, "erbbands_kurtosis": {"min": -1.92148172855, "max": 74.9615402222, "dvar2": 14.8906774521, "median": -0.285369634628, "dmean2": 2.12543725967, "dmean": 1.34876775742, "var": 13.1932525635, "dvar": 6.96383476257, "mean": 0.644833743572}, "melbands_crest": {"min": 2.32553625107, "max": 38.829460144, "dvar2": 28.0381393433, "median": 13.2078142166, "dmean2": 6.10232019424, "dmean": 3.8688325882, "var": 42.1167640686, "dvar": 12.0245418549, "mean": 14.4533138275}, "gfcc": {"cov": [[7307.62841797, 99.7285690308, -478.017578125, -65.4547042847, 10.8249826431, 142.660018921, -179.07963562, 48.4038734436, -133.583007812, -52.6639289856, -205.276947021, -119.574188232, -173.938613892], [99.7285690308, 1689.04553223, -247.392166138, 133.162628174, 304.760955811, -7.421667099, 126.600852966, -57.3403549194, -28.7535018921, -54.265914917, 63.6672363281, -97.8970108032, 25.2897777557], [-478.017578125, -247.392166138, 1675.34875488, 476.749023438, 136.207611084, 156.807266235, -58.1666984558, -7.70436906815, 18.7071266174, 3.11968183517, -132.947982788, 110.812301636, -58.656917572], [-65.4547042847, 133.162628174, 476.749023438, 676.165405273, 289.879119873, 110.176727295, 45.7224082947, -1.02116382122, 35.0659332275, -0.321739286184, -42.6844673157, 11.671169281, 22.4732723236], [10.8249826431, 304.760955811, 136.207611084, 289.879119873, 472.73046875, 172.852798462, 106.308891296, -4.08801412582, 9.55340194702, 10.4721212387, -24.2893123627, 17.7499771118, 2.81356453896], [142.660018921, -7.421667099, 156.807266235, 110.176727295, 172.852798462, 360.743713379, 146.465148926, 15.2366523743, -32.2017326355, 27.4122333527, 29.3312835693, 14.0692558289, -24.4444522858], [-179.07963562, 126.600852966, -58.1666984558, 45.7224082947, 106.308891296, 146.465148926, 280.948150635, 51.9287948608, -19.4845466614, 13.1687793732, 34.864200592, 17.8145885468, -5.10298061371], [48.4038734436, -57.3403549194, -7.70436906815, -1.02116382122, -4.08801412582, 15.2366523743, 51.9287948608, 180.633560181, 79.4379119873, 31.9332580566, 10.1996974945, 2.83402442932, 8.50798797607], [-133.583007812, -28.7535018921, 18.7071266174, 35.0659332275, 9.55340194702, -32.2017326355, -19.4845466614, 79.4379119873, 174.901153564, 56.4869880676, 2.75034379959, 0.568943321705, 21.8762149811], [-52.6639289856, -54.265914917, 3.11968183517, -0.321739286184, 10.4721212387, 27.4122333527, 13.1687793732, 31.9332580566, 56.4869880676, 133.330078125, 57.3043174744, 16.874874115, 1.93545198441], [-205.276947021, 63.6672363281, -132.947982788, -42.6844673157, -24.2893123627, 29.3312835693, 34.864200592, 10.1996974945, 2.75034379959, 57.3043174744, 158.200408936, 29.9913196564, 14.5957689285], [-119.574188232, -97.8970108032, 110.812301636, 11.671169281, 17.7499771118, 14.0692558289, 17.8145885468, 2.83402442932, 0.568943321705, 16.874874115, 29.9913196564, 122.913597107, 29.1901874542], [-173.938613892, 25.2897777557, -58.656917572, 22.4732723236, 2.81356453896, -24.4444522858, -5.10298061371, 8.50798797607, 21.8762149811, 1.93545198441, 14.5957689285, 29.1901874542, 93.3078079224]], "icov": [[0.000181839612196, -6.57983473502e-05, 0.00015344429994, -9.40218815231e-05, 9.29882662604e-05, -0.000244167429628, 0.00031937105814, -0.000241845162236, 0.000215234147618, -0.00014075449144, 0.000420955824666, -0.000210776750464, 0.000401210272685], [-6.57983473502e-05, 0.000910603499506, -0.000103048732853, 0.000119450014608, -0.000825035909656, 0.000606313406024, -0.000563597306609, 0.000406607083278, -0.000119297219499, 0.00060146197211, -0.00103415618651, 0.00116186193191, -0.000533405807801], [0.00015344429994, -0.000103048732853, 0.00120682467241, -0.00089370837668, 0.000496774737258, -0.000776389730163, 0.00079317309428, -0.000287882081466, 0.0001219020196, -0.000360269128578, 0.0013886874076, -0.00165388605092, 0.00141819496639], [-9.40218815231e-05, 0.000119450014608, -0.00089370837668, 0.00274900207296, -0.00159303762484, 0.000352960312739, -0.000473537191283, 0.000347522262018, -0.000499159155879, 0.00040537037421, -0.000644187268335, 0.00126717204694, -0.0015356777003], [9.29882662604e-05, -0.000825035909656, 0.000496774737258, -0.00159303762484, 0.00436268653721, -0.00188013678417, -6.60967771182e-06, 0.000142484233947, -0.00030918981065, -0.000823424314149, 0.00203155586496, -0.00185327453073, 0.000807034084573], [-0.000244167429628, 0.000606313406024, -0.000776389730163, 0.000352960312739, -0.00188013678417, 0.00516818137839, -0.00247503141873, 0.000292511860607, 0.000684629427269, -0.000167274556588, -0.00205526035279, 0.00152602652088, -0.000256915169302], [0.00031937105814, -0.000563597306609, 0.00079317309428, -0.000473537191283, -6.60967771182e-06, -0.00247503141873, 0.00616756873205, -0.0024474367965, 0.00144086009823, -0.000362281833077, 0.000761804927606, -0.00183635880239, 0.00139806012157], [-0.000241845162236, 0.000406607083278, -0.000287882081466, 0.000347522262018, 0.000142484233947, 0.000292511860607, -0.0024474367965, 0.00822356715798, -0.0040843449533, 0.000238240158069, -0.00073791021714, 0.00078593759099, -0.000814869359601], [0.000215234147618, -0.000119297219499, 0.0001219020196, -0.000499159155879, -0.00030918981065, 0.000684629427269, 0.00144086009823, -0.0040843449533, 0.00948546733707, -0.00387297081761, 0.001348969643, 0.000345302774804, -0.00119227601681], [-0.00014075449144, 0.00060146197211, -0.000360269128578, 0.00040537037421, -0.000823424314149, -0.000167274556588, -0.000362281833077, 0.000238240158069, -0.00387297081761, 0.0114484792575, -0.00483645917848, 0.000316758843837, 0.000517962616868], [0.000420955824666, -0.00103415618651, 0.0013886874076, -0.000644187268335, 0.00203155586496, -0.00205526035279, 0.000761804927606, -0.00073791021714, 0.001348969643, -0.00483645917848, 0.0112649556249, -0.00405980926007, 0.00089438847499], [-0.000210776750464, 0.00116186193191, -0.00165388605092, 0.00126717204694, -0.00185327453073, 0.00152602652088, -0.00183635880239, 0.00078593759099, 0.000345302774804, 0.000316758843837, -0.00405980926007, 0.012750803493, -0.00521054537967], [0.000401210272685, -0.000533405807801, 0.00141819496639, -0.0015356777003, 0.000807034084573, -0.000256915169302, 0.00139806012157, -0.000814869359601, -0.00119227601681, 0.000517962616868, 0.00089438847499, -0.00521054537967, 0.0146891586483]], "mean": [-8.71311664581, 41.6028366089, -98.9646453857, 33.7796554565, -57.3627891541, 17.2751750946, -35.5556335449, 10.4387140274, -21.3721370697, 5.45559024811, -17.0939788818, 0.874014675617, -14.7842617035]}, "melbands_spread": {"min": 0.276247084141, "max": 321.682800293, "dvar2": 1046.61279297, "median": 31.6185970306, "dmean2": 22.1575107574, "dmean": 14.7482976913, "var": 1149.43933105, "dvar": 483.560852051, "mean": 38.1752166748}, "spectral_energy": {"min": 1.55065364993e-08, "max": 0.173068970442, "dvar2": 0.000515703752171, "median": 0.0131390728056, "dmean2": 0.0131149105728, "dmean": 0.00854889396578, "var": 0.000445705227321, "dvar": 0.000221596084884, "mean": 0.0196806006134}, "mfcc": {"cov": [[7865.82080078, 73.8215332031, -812.731201172, -284.165222168, -45.1599159241, -66.6314849854, 3.4119079113, -32.6124305725, -62.7035102844, 23.5349693298, -36.0993309021, -157.751800537, 2.80279803276], [73.8215332031, 1299.12231445, -233.214065552, 75.9537277222, 50.9511032104, 48.8248100281, 116.157341003, 0.269723415375, -18.620798111, -18.9943180084, -4.19153928757, -7.91737318039, 6.73638296127], [-812.731201172, -233.214065552, 1245.13232422, 281.584686279, 232.074356079, 153.658004761, -44.037109375, 79.8567581177, 26.9267616272, -5.21381235123, -30.709104538, 11.6659317017, 14.6184921265], [-284.165222168, 75.9537277222, 281.584686279, 589.436584473, 250.481262207, 150.059829712, 16.9994029999, 59.8727722168, 97.0328674316, -9.00569152832, -42.5657348633, 22.2948989868, 33.227645874], [-45.1599159241, 50.9511032104, 232.074356079, 250.481262207, 400.907501221, 175.249511719, 17.709941864, 48.0319328308, 63.2217216492, 18.1068973541, -28.7162303925, 16.0754241943, 31.8578262329], [-66.6314849854, 48.8248100281, 153.658004761, 150.059829712, 175.249511719, 387.356811523, 186.380355835, 88.5535583496, 29.3194313049, -11.2996358871, 18.5129756927, 10.6220254898, 5.32580947876], [3.4119079113, 116.157341003, -44.037109375, 16.9994029999, 17.709941864, 186.380355835, 310.860046387, 101.27179718, -7.03163480759, 5.51481962204, 43.6029701233, 7.3555970192, 4.46540927887], [-32.6124305725, 0.269723415375, 79.8567581177, 59.8727722168, 48.0319328308, 88.5535583496, 101.27179718, 173.631484985, 65.6766052246, 3.66120147705, 12.9348745346, 17.787279129, 14.8142461777], [-62.7035102844, -18.620798111, 26.9267616272, 97.0328674316, 63.2217216492, 29.3194313049, -7.03163480759, 65.6766052246, 169.942764282, 54.2433624268, -0.983590781689, 10.0650138855, 9.27983474731], [23.5349693298, -18.9943180084, -5.21381235123, -9.00569152832, 18.1068973541, -11.2996358871, 5.51481962204, 3.66120147705, 54.2433624268, 141.113098145, 59.3831787109, 8.93251228333, -2.74349570274], [-36.0993309021, -4.19153928757, -30.709104538, -42.5657348633, -28.7162303925, 18.5129756927, 43.6029701233, 12.9348745346, -0.983590781689, 59.3831787109, 127.416503906, 42.4886398315, -2.34373116493], [-157.751800537, -7.91737318039, 11.6659317017, 22.2948989868, 16.0754241943, 10.6220254898, 7.3555970192, 17.787279129, 10.0650138855, 8.93251228333, 42.4886398315, 101.461555481, 41.2747612], [2.80279803276, 6.73638296127, 14.6184921265, 33.227645874, 31.8578262329, 5.32580947876, 4.46540927887, 14.8142461777, 9.27983474731, -2.74349570274, -2.34373116493, 41.2747612, 98.7495803833]], "icov": [[0.000145088342833, 1.01288915175e-05, 0.000106818741187, 3.93722730223e-05, -6.56982228975e-05, -2.43473477894e-05, 5.31526056875e-05, -8.5526953626e-05, 8.89382572495e-05, -6.10820061411e-05, -7.59951626605e-06, 0.000281720916973, -0.000128922125441], [1.01288915175e-05, 0.000857080274727, 0.000202701383387, -0.000171748411958, -0.000190665072296, 0.000112536617962, -0.000383014848921, 0.000134043875732, 0.000107286345155, 0.000109815788164, -9.50314461079e-06, 0.000117544776003, -3.47064124071e-05], [0.000106818741187, 0.000202701383387, 0.00114553282037, -0.000340251193848, -0.00033762154635, -0.000352860515704, 0.000564245565329, -0.000706504681148, 0.000628076551948, -0.000258005980868, 0.000103158577986, 0.000224056639127, -2.09172776522e-05], [3.93722730223e-05, -0.000171748411958, -0.000340251193848, 0.00270737754181, -0.00112300214823, -0.000300462765153, -4.5739721827e-05, 0.000200929411221, -0.00124564033467, 0.000548514071852, 0.000467833742732, -0.000368974840967, -0.000201975126402], [-6.56982228975e-05, -0.000190665072296, -0.00033762154635, -0.00112300214823, 0.00446036737412, -0.00189550314099, 0.000891735719051, -0.000189861035324, -6.35118194623e-05, -0.00135787704494, 0.00130239070859, -0.000508164113853, -0.000694303831551], [-2.43473477894e-05, 0.000112536617962, -0.000352860515704, -0.000300462765153, -0.00189550314099, 0.00525342812762, -0.00305876368657, 0.000123313162476, -0.000667114276439, 0.0014822203666, -0.00108846579678, 0.000175862965989, 0.000598880578764], [5.31526056875e-05, -0.000383014848921, 0.000564245565329, -4.5739721827e-05, 0.000891735719051, -0.00305876368657, 0.0065201446414, -0.00343128014356, 0.00201007025316, -0.00102511537261, -0.000889232731424, 0.000776083674282, -0.000509180943482], [-8.5526953626e-05, 0.000134043875732, -0.000706504681148, 0.000200929411221, -0.000189861035324, 0.000123313162476, -0.00343128014356, 0.00981185957789, -0.00447375280783, 0.00199419772252, -0.000713108223863, -0.000793162034824, -0.00044152137707], [8.89382572495e-05, 0.000107286345155, 0.000628076551948, -0.00124564033467, -6.35118194623e-05, -0.000667114276439, 0.00201007025316, -0.00447375280783, 0.0100403325632, -0.00475662061945, 0.00204419228248, -0.00040543396608, 9.53397538979e-05], [-6.10820061411e-05, 0.000109815788164, -0.000258005980868, 0.000548514071852, -0.00135787704494, 0.0014822203666, -0.00102511537261, 0.00199419772252, -0.00475662061945, 0.0118304677308, -0.0064182812348, 0.0017964100698, -0.000174323286046], [-7.59951626605e-06, -9.50314461079e-06, 0.000103158577986, 0.000467833742732, 0.00130239070859, -0.00108846579678, -0.000889232731424, -0.000713108223863, 0.00204419228248, -0.0064182812348, 0.0140691520646, -0.00649137841538, 0.00229063234292], [0.000281720916973, 0.000117544776003, 0.000224056639127, -0.000368974840967, -0.000508164113853, 0.000175862965989, 0.000776083674282, -0.000793162034824, -0.00040543396608, 0.0017964100698, -0.00649137841538, 0.0156671125442, -0.00630118371919], [-0.000128922125441, -3.47064124071e-05, -2.09172776522e-05, -0.000201975126402, -0.000694303831551, 0.000598880578764, -0.000509180943482, -0.00044152137707, 9.53397538979e-05, -0.000174323286046, 0.00229063234292, -0.00630118371919, 0.0131589574739]], "mean": [-659.643249512, 80.5646820068, 12.6943082809, 20.758562088, 4.52763557434, 7.89479923248, -0.789855241776, 5.09612131119, -1.53678071499, 7.67711591721, -1.72010576725, 1.83631694317, -0.911677777767]}, "spectral_contrast_valleys": {"min": [-27.0339488983, -27.7552680969, -27.1999950409, -27.4900665283, -27.0971851349, -27.2622680664], "max": [-5.41984462738, -4.42640924454, -5.16577339172, -5.37368154526, -5.1981139183, -7.09096956253], "dvar2": [0.408010035753, 0.687762439251, 0.457460701466, 0.351246923208, 0.304225683212, 0.383555978537], "median": [-7.49422931671, -7.14825534821, -7.67580795288, -7.84201097488, -7.52183103561, -9.56849479675], "dmean2": [0.711242198944, 0.807759225368, 0.650691926479, 0.572502493858, 0.479100704193, 0.540184795856], "dmean": [0.449979633093, 0.524612665176, 0.437309294939, 0.392569422722, 0.35515037179, 0.460129678249], "var": [1.74120783806, 1.34582078457, 1.38291418552, 1.31831014156, 1.24177896976, 1.37822329998], "dvar": [0.181755945086, 0.314219921827, 0.220764815807, 0.180677086115, 0.168224707246, 0.220695629716], "mean": [-7.78281354904, -7.29914522171, -7.80105876923, -8.0012512207, -7.64615345001, -9.73718261719]}, "barkbands_flatness_db": {"min": 0.0160240270197, "max": 0.463482379913, "dvar2": 0.00154546822887, "median": 0.0948286727071, "dmean2": 0.0381411761045, "dmean": 0.0263406820595, "var": 0.00373686873354, "dvar": 0.000786187651101, "mean": 0.109811574221}, "dynamic_complexity": 3.89377331734, "erbbands_flatness_db": {"min": 0.0284638293087, "max": 0.451670587063, "dvar2": 0.000757657107897, "median": 0.12206902355, "dmean2": 0.0296957362443, "dmean": 0.0205644704401, "var": 0.00219080038369, "dvar": 0.000369023910025, "mean": 0.1306489259