{"lowlevel": {"spectral_complexity": {"min": 0, "max": 60, "dvar2": 100.521484375, "median": 8, "dmean2": 6.61133050919, "dmean": 4.62706565857, "var": 166.694351196, "dvar": 52.3584518433, "mean": 12.4394569397}, "silence_rate_20dB": {"min": 1, "max": 1, "dvar2": 0, "median": 1, "dmean2": 0, "dmean": 0, "var": 0, "dvar": 0, "mean": 1}, "average_loudness": 0.343909949064, "erbbands_spread": {"min": 0.307642936707, "max": 153.794708252, "dvar2": 408.948272705, "median": 31.1659755707, "dmean2": 17.2169494629, "dmean": 11.276971817, "var": 516.432067871, "dvar": 183.535736084, "mean": 36.183631897}, "spectral_kurtosis": {"min": -1.25919437408, "max": 64.1051712036, "dvar2": 20.9894638062, "median": 3.62690258026, "dmean2": 3.07422947884, "dmean": 1.89332807064, "var": 16.924238205, "dvar": 7.92211580276, "mean": 4.59351587296}, "barkbands_kurtosis": {"min": -1.93913042545, "max": 390.689575195, "dvar2": 908.066833496, "median": 0.549266576767, "dmean2": 9.96389770508, "dmean": 6.15293979645, "var": 496.568908691, "dvar": 372.341552734, "mean": 6.36495542526}, "spectral_strongpeak": {"min": 0, "max": 16.6267719269, "dvar2": 1.61697924137, "median": 0.210116654634, "dmean2": 0.652625143528, "dmean": 0.391263008118, "var": 1.1470143795, "dvar": 0.641709446907, "mean": 0.572091937065}, "spectral_spread": {"min": 914555.5625, "max": 42484372, "dvar2": 2887633862660.0, "median": 4269218.5, "dmean2": 1247648.125, "dmean": 890632.8125, "var": 9586475008000.0, "dvar": 1471521357820.0, "mean": 4861123}, "spectral_rms": {"min": 3.14891060275e-12, "max": 0.0158632341772, "dvar2": 7.43717100704e-06, "median": 0.00220425333828, "dmean2": 0.00168134702835, "dmean": 0.00115322868805, "var": 7.39492679713e-06, "dvar": 3.46349088431e-06, "mean": 0.00299579277635}, "erbbands": {"min": [9.82500004162e-23, 2.94404202493e-22, 2.41694723092e-21, 6.68386330309e-21, 9.91017061463e-21, 4.50911176863e-20, 5.02242903751e-20, 1.00047805281e-19, 9.48803433709e-20, 3.91159261865e-19, 3.6733403038e-19, 5.64202163138e-19, 8.46114776774e-19, 8.52169893955e-19, 1.32707480804e-18, 1.73654989077e-18, 1.82112559289e-18, 2.28738310915e-18, 3.29817424304e-18, 2.92418314064e-18, 2.56854345372e-18, 6.38065369673e-18, 6.76191282159e-18, 6.61086467865e-18, 7.41653611374e-18, 7.09051776455e-18, 9.64333527405e-18, 1.2092301912e-17, 9.8405599475e-18, 1.13672077948e-17, 1.17100584422e-17, 1.1196361911e-17, 9.59413787994e-18, 8.71662580865e-18, 6.19823183393e-18, 4.33462203799e-18, 1.72321160339e-18, 9.63663345673e-19, 2.55322479256e-19, 2.65001607177e-20], "max": [7.00745010376, 38.6006126404, 107.543029785, 98.8170700073, 351.712188721, 290.290557861, 111.96157074, 286.264587402, 426.074645996, 419.822784424, 1089.35388184, 972.633605957, 2799.44750977, 2853.77246094, 7828.0390625, 844.601501465, 1260.51098633, 2698.66918945, 3157.67822266, 1716.0546875, 419.42880249, 586.57208252, 692.695983887, 559.437194824, 689.111694336, 549.14654541, 679.405090332, 578.057006836, 486.715179443, 278.510314941, 101.435890198, 63.7813110352, 65.2557296753, 50.7714653015, 45.7900924683, 26.4930915833, 2.32916617393, 0.689111948013, 0.0346329063177, 0.00106040865649], "dvar2": [0.663691103458, 47.3536071777, 178.415252686, 128.950775146, 1197.36889648, 354.823913574, 129.693817139, 718.646789551, 2744.44580078, 1108.16967773, 972.330749512, 2792.41967773, 7265.47265625, 5732.48974609, 10925.1621094, 2727.53808594, 5661.73193359, 10981.4970703, 8572.45214844, 4746.421875, 1901.36181641, 1100.8848877, 1455.40551758, 1163.16186523, 1177.61633301, 954.269592285, 806.765014648, 867.402648926, 511.6512146, 372.626281738, 107.46836853, 29.2878723145, 15.1951942444, 27.6878204346, 21.9929161072, 7.63181686401, 0.0894073545933, 0.00381566514261, 1.67783455254e-05, 2.07014245746e-08], "median": [0.00807410199195, 0.0812551006675, 0.27184677124, 0.355365425348, 0.451257199049, 0.349083214998, 0.360867381096, 0.668643832207, 1.06838011742, 1.03158462048, 1.30060458183, 1.75594866276, 1.92612600327, 2.23412060738, 2.45329356194, 3.24682879448, 3.26112818718, 4.93347930908, 4.16912221909, 3.72333407402, 2.4612095356, 1.90947055817, 1.58926343918, 1.46337389946, 1.26394784451, 1.30768680573, 1.03958690166, 0.826809108257, 0.591656327248, 0.42323333025, 0.202302604914, 0.0911686494946, 0.0847070291638, 0.0766987428069, 0.0347159653902, 0.00783932674676, 0.00079014437506, 0.000111418274173, 1.30534108393e-05, 9.03182990442e-06], "dmean2": [0.235039368272, 2.11147379875, 4.48452234268, 4.97558498383, 10.6119794846, 6.07018756866, 4.15261697769, 9.60280036926, 16.6563072205, 11.1166982651, 8.2836227417, 16.9766197205, 23.3426895142, 19.4379024506, 24.7160720825, 21.2755393982, 26.4304389954, 38.26014328, 29.4508075714, 26.4347686768, 17.7314109802, 12.9679079056, 14.2132520676, 13.5129261017, 12.3941640854, 11.9468822479, 10.3895177841, 10.0270528793, 7.77145051956, 6.4179224968, 3.63105034828, 1.79768109322, 1.38961052895, 1.89163470268, 1.67748630047, 0.96029317379, 0.107730664313, 0.0194650758058, 0.00132285896689, 6.00788662268e-05], "dmean": [0.155161485076, 1.2025860548, 2.50842165947, 2.9940366745, 6.42670488358, 3.54030132294, 2.46360564232, 5.60275840759, 9.67111682892, 6.62284660339, 5.09564733505, 10.3519802094, 14.3535861969, 12.0874843597, 15.6892271042, 13.2076663971, 16.3893756866, 24.8641872406, 18.5620059967, 16.5460968018, 11.0848312378, 8.05878257751, 8.8269071579, 8.59058761597, 7.86186599731, 7.52523517609, 6.53644323349, 6.26929950714, 4.94474840164, 4.08072280884, 2.33048319817, 1.14813017845, 0.915307700634, 1.2315081358, 1.06013298035, 0.600130677223, 0.0686683356762, 0.0124190794304, 0.000840505177621, 3.88980879507e-05], "var": [0.417411655188, 14.8309783936, 48.4371261597, 45.6731567383, 414.36807251, 99.0483474731, 40.9744758606, 239.708145142, 789.792053223, 430.898193359, 445.885284424, 1477.45776367, 8127.26904297, 4092.90917969, 16199.4306641, 1719.85717773, 3401.73291016, 13039.1435547, 7033.98974609, 3144.11206055, 1058.93640137, 545.310119629, 749.766296387, 803.085266113, 841.90222168, 723.988342285, 527.117797852, 439.941192627, 257.933166504, 161.53767395, 57.0800285339, 14.3438634872, 10.2002048492, 16.5703163147, 10.8155794144, 3.36951947212, 0.0457186289132, 0.00176266138442, 7.71797567722e-06, 1.03114050631e-08], "dvar": [0.336784124374, 17.9675617218, 63.7988548279, 50.3580284119, 479.427734375, 132.369628906, 48.8042068481, 268.234375, 1010.32824707, 419.765594482, 358.484130859, 1082.46203613, 2930.23120117, 2522.37915039, 6376.21728516, 1100.73242188, 2308.07641602, 5050.48388672, 3929.52734375, 2001.50622559, 770.08972168, 442.15423584, 586.082214355, 476.813568115, 485.695892334, 411.78616333, 330.8699646, 343.579620361, 210.030487061, 149.229019165, 45.5615310669, 12.066737175, 7.0309510231, 12.6123313904, 9.7027463913, 3.28689599037, 0.0406717322767, 0.00167118606623, 7.33535307518e-06, 9.14080455772e-09], "mean": [0.164098590612, 1.08905184269, 2.37379050255, 2.86182808876, 5.53013324738, 3.09011125565, 2.44986629486, 5.48415708542, 9.06642341614, 6.94703388214, 6.75224924088, 12.5194416046, 20.4380702972, 15.1778316498, 19.7362518311, 18.2964878082, 20.6856822968, 38.4461708069, 26.6014900208, 22.984292984, 14.7781000137, 10.2227230072, 10.7836818695, 11.4759378433, 10.4678096771, 9.84159660339, 8.22610569, 7.42952394485, 5.87006950378, 4.61500072479, 2.70352053642, 1.2966812849, 1.06987333298, 1.30632221699, 0.991284608841, 0.523623228073, 0.0621384009719, 0.0111284144223, 0.000749190512579, 4.27113409387e-05]}, "zerocrossingrate": {"min": 0.0029296875, "max": 0.52783203125, "dvar2": 0.000603386783041, "median": 0.06787109375, "dmean2": 0.0195143930614, "dmean": 0.0171009171754, "var": 0.00394048495218, "dvar": 0.00049361854326, "mean": 0.0823047757149}, "spectral_contrast_coeffs": {"min": [-0.977628946304, -0.97839987278, -0.983299970627, -0.97200024128, -0.965298950672, -0.964658677578], "max": [-0.337732315063, -0.330569684505, -0.435659468174, -0.505167663097, -0.621618390083, -0.552323639393], "dvar2": [0.007274357602, 0.00458745006472, 0.00277351425029, 0.00185503484681, 0.000797474116553, 0.000846948707476], "median": [-0.701223909855, -0.786144793034, -0.824217498302, -0.821602582932, -0.823513388634, -0.769460678101], "dmean2": [0.0958588570356, 0.0796989053488, 0.0617436766624, 0.0500145480037, 0.0336150825024, 0.0308181103319], "dmean": [0.0591473244131, 0.0491871312261, 0.0384473726153, 0.0310865361243, 0.0211672373116, 0.0201816037297], "var": [0.00952596496791, 0.00748203741387, 0.00563390273601, 0.00359042291529, 0.00181837251876, 0.00205347104929], "dvar": [0.00302389985882, 0.00180208054371, 0.00114453362767, 0.000765892036725, 0.000350695481757, 0.00037186240661], "mean": [-0.695778250694, -0.775318801403, -0.808777689934, -0.810456037521, -0.819827675819, -0.768457174301]}, "dissonance": {"min": 0.194781139493, "max": 0.500000119209, "dvar2": 0.000973754387815, "median": 0.48411616683, "dmean2": 0.0250338427722, "dmean": 0.0151797197759, "var": 0.000858115497977, "dvar": 0.000393853610149, "mean": 0.47478801012}, "spectral_energyband_high": {"min": 6.91020140599e-21, "max": 0.0273966416717, "dvar2": 6.73664317219e-06, "median": 9.8775330116e-05, "dmean2": 0.0010518116178, "dmean": 0.000690795830451, "var": 4.09672202295e-06, "dvar": 2.93218204206e-06, "mean": 0.000841173168737}, "spectral_skewness": {"min": -0.0767431259155, "max": 5.99314498901, "dvar2": 0.210418239236, "median": 1.43843090534, "dmean2": 0.407679706812, "dmean": 0.261171162128, "var": 0.309227794409, "dvar": 0.0838053077459, "mean": 1.49952363968}, "spectral_flux": {"min": 6.37273359083e-11, "max": 0.489186376333, "dvar2": 0.00685669248924, "median": 0.0442321076989, "dmean2": 0.0533248074353, "dmean": 0.0340036563575, "var": 0.00532743753865, "dvar": 0.00311655062251, "mean": 0.0701120793819}, "silence_rate_30dB": {"min": 0, "max": 1, "dvar2": 0.064682200551, "median": 1, "dmean2": 0.0554586350918, "dmean": 0.02772677131, "var": 0.0228625424206, "dvar": 0.0269555505365, "mean": 0.976590454578}, "spectral_energyband_middle_high": {"min": 1.33757306287e-21, "max": 0.221705079079, "dvar2": 6.04608212598e-05, "median": 0.000996254500933, "dmean2": 0.00341545953415, "dmean": 0.00228451821022, "var": 7.43113705539e-05, "dvar": 2.73588411801e-05, "mean": 0.00402014609426}, "barkbands_spread": {"min": 0.295395463705, "max": 123.643989563, "dvar2": 307.04006958, "median": 24.5379295349, "dmean2": 14.6768503189, "dmean": 9.40357780457, "var": 353.447418213, "dvar": 131.215408325, "mean": 27.9157867432}, "spectral_centroid": {"min": 174.011199951, "max": 11744.1796875, "dvar2": 363226.03125, "median": 1638.40283203, "dmean2": 534.290222168, "dmean": 355.478729248, "var": 1178972.875, "dvar": 179373.109375, "mean": 1800.08996582}, "pitch_salience": {"min": 0.0596313476562, "max": 0.974499464035, "dvar2": 0.020284306258, "median": 0.57838511467, "dmean2": 0.148736745119, "dmean": 0.0914631262422, "var": 0.0227887798101, "dvar": 0.0079605076462, "mean": 0.564457535744}, "erbbands_skewness": {"min": -4.89387369156, "max": 5.74718809128, "dvar2": 0.438026577234, "median": -0.115481860936, "dmean2": 0.656432807446, "dmean": 0.432837218046, "var": 0.6707508564, "dvar": 0.195271208882, "mean": -0.137457489967}, "erbbands_crest": {"min": 2.17238807678, "max": 34.209815979, "dvar2": 16.7136993408, "median": 7.30556106567, "dmean2": 4.2650604248, "dmean": 2.63668513298, "var": 20.179485321, "dvar": 6.96861219406, "mean": 8.49186420441}, "melbands": {"min": [1.05240612024e-24, 6.86066807244e-25, 1.38357959179e-24, 1.98146239946e-24, 1.99271569748e-24, 2.13134340765e-24, 1.90218187848e-24, 3.87463509197e-24, 2.53093892704e-24, 3.58002473172e-24, 3.51372886125e-24, 2.22138458302e-24, 3.12778241046e-24, 3.11793190433e-24, 3.86500428361e-24, 4.09857022043e-24, 3.55580315206e-24, 4.21796984046e-24, 4.07840259695e-24, 3.4920746294e-24, 2.54104009371e-24, 5.73925969718e-24, 5.44234704638e-24, 4.31234363713e-24, 4.29833820062e-24, 3.28500593874e-24, 4.38361012017e-24, 4.72268580863e-24, 4.78100511206e-24, 5.82486609376e-24, 5.06850665226e-24, 4.78660799664e-24, 5.15267968857e-24, 5.18283665769e-24, 6.90739072614e-24, 5.1762118038e-24, 6.5045021069e-24, 6.26801580701e-24, 4.96234293493e-24, 6.30948819695e-24], "max": [0.0578630045056, 0.0538498014212, 0.0225285701454, 0.0229843575507, 0.004948168993, 0.00693974364549, 0.0061948238872, 0.00707458378747, 0.00720714312047, 0.00552533194423, 0.0143008604646, 0.00970092974603, 0.0262618679553, 0.00608071079478, 0.00278448476456, 0.00374674843624, 0.00613148091361, 0.00747059239075, 0.0019755216781, 0.00195988127962, 0.000466847675852, 0.00051618256839, 0.000919844664168, 0.000983586185612, 0.000525777868461, 0.000399636075599, 0.000648438755888, 0.00035488102003, 0.000515319639817, 0.000355390598997, 0.00034450556268, 0.000219489258598, 0.000317301222822, 0.000167862322996, 7.8309487435e-05, 4.62764146505e-05, 4.68061334686e-05, 4.85402197228e-05, 4.62808930024e-05, 5.46546580154e-05], "dvar2": [5.12371007062e-05, 6.00685707468e-05, 6.62938191454e-06, 3.88185935662e-06, 1.87778653071e-07, 3.45355289255e-07, 5.95641097334e-07, 1.06014638845e-07, 5.55958905579e-08, 1.25487730429e-07, 1.8829936721e-07, 8.92106797323e-08, 2.05678205134e-07, 3.97693327159e-08, 2.23165983471e-08, 2.50254483802e-08, 4.99035479606e-08, 3.51203333082e-08, 1.02481463315e-08, 6.45498809959e-09, 2.78662826148e-09, 1.29359378764e-09, 1.35712796556e-09, 1.52607682047e-09, 8.77872552429e-10, 7.68483443547e-10, 6.7982197649e-10, 4.5317002928e-10, 3.07507547204e-10, 4.23201390598e-10, 2.85085122176e-10, 1.76949399577e-10, 1.72901498674e-10, 1.1579167486e-10, 4.5590933806e-11, 1.67912021093e-11, 1.13434808421e-11, 7.54046911716e-12, 1.16064761968e-11, 2.60363848537e-11], "median": [8.52927332744e-05, 0.000141243712278, 7.36383008189e-05, 3.1975319871e-05, 1.3314905118e-05, 1.50967143782e-05, 1.567567233e-05, 1.03785887404e-05, 1.05372610051e-05, 1.07223404484e-05, 8.49960269989e-06, 7.75733860792e-06, 6.53685765428e-06, 8.5056590251e-06, 7.10999574949e-06, 6.04923479841e-06, 9.11323604669e-06, 6.23414234724e-06, 4.59889315607e-06, 4.08029745813e-06, 2.2390192953e-06, 1.8808545974e-06, 1.44782438838e-06, 1.23471590996e-06, 1.09423785943e-06, 9.34457261792e-07, 7.7034098922e-07, 8.58378484736e-07, 6.19655168066e-07, 5.61604224458e-07, 4.15534174181e-07, 3.24350565961e-07, 2.85353593199e-07, 2.01502629693e-07, 1.25471487422e-07, 6.70446809181e-08, 4.6968757772e-08, 5.25695611486e-08, 6.62136230289e-08, 6.14852666558e-08], "dmean2": [0.00218818150461, 0.00250870222226, 0.00109006802086, 0.000611259485595, 0.000156496520503, 0.00021144245693, 0.000248075579293, 0.000109136984975, 6.91161621944e-05, 0.000114230468171, 0.000117554227472, 7.94373554527e-05, 8.17681284389e-05, 6.85294508003e-05, 5.62475033803e-05, 5.73541510676e-05, 7.82263887231e-05, 5.39618740731e-05, 3.84499144275e-05, 3.13959135383e-05, 2.09086156246e-05, 1.41539676406e-05, 1.28658411995e-05, 1.32192890305e-05, 1.13504620458e-05, 1.02776775748e-05, 8.38968298922e-06, 8.38059440866e-06, 6.37818766336e-06, 7.11557686373e-06, 5.56863915335e-06, 4.55910458186e-06, 4.16322518504e-06, 3.58831971425e-06, 2.34785761677e-06, 1.34770596105e-06, 1.04756065866e-06, 9.10805113108e-07, 1.24029963899e-06, 1.75934110302e-06], "dmean": [0.00136408908293, 0.00141564966179, 0.000664727005642, 0.000366454623872, 9.2479865998e-05, 0.000123840378365, 0.000144184945384, 6.54035175103e-05, 4.29703613918e-05, 6.88514119247e-05, 7.22541517462e-05, 4.91818645969e-05, 5.03929477418e-05, 4.14965870732e-05, 3.48661487806e-05, 3.54963485734e-05, 5.08369157615e-05, 3.39936268574e-05, 2.36461073655e-05, 1.98534580704e-05, 1.28010906337e-05, 8.71829342941e-06, 7.87833141658e-06, 8.16762349132e-06, 7.12008613846e-06, 6.41822452963e-06, 5.22402524439e-06, 5.23529206475e-06, 3.98101383325e-06, 4.37247263108e-06, 3.46312322108e-06, 2.85760984298e-06, 2.62377329818e-06, 2.25815074373e-06, 1.4921198499e-06, 8.59418150867e-07, 6.58066710457e-07, 5.93613208366e-07, 8.07194965091e-07, 1.13594114737e-06], "var": [2.77509789157e-05, 1.70882976818e-05, 2.59972057393e-06, 1.23428446841e-06, 5.81648897935e-08, 1.18019222839e-07, 1.71895649714e-07, 4.48500117045e-08, 2.96781372811e-08, 6.17127895453e-08, 2.06696029181e-07, 6.1656322714e-08, 2.07131407137e-07, 2.24650396063e-08, 1.31857040842e-08, 1.60439341812e-08, 6.08950756487e-08, 3.02161353716e-08, 6.30091134823e-09, 4.31011937252e-09, 1.36224631575e-09, 6.46329323395e-10, 5.52321965941e-10, 8.11105960175e-10, 5.57970059045e-10, 5.46519496325e-10, 4.86879869754e-10, 3.23453819284e-10, 2.1096582814e-10, 2.05157391076e-10, 1.38735245514e-10, 8.50228221161e-11, 7.43021547067e-11, 4.75368251707e-11, 2.29461605966e-11, 8.68292330397e-12, 4.71970162605e-12, 4.37404496303e-12, 7.6686183445e-12, 1.44949477768e-11], "dvar": [2.39417367993e-05, 2.18578097702e-05, 2.71337307822e-06, 1.51027666107e-06, 7.09103105123e-08, 1.29167418095e-07, 2.1876661549e-07, 4.09530400702e-08, 2.10613624319e-08, 4.80754351884e-08, 7.561180837e-08, 4.02278708123e-08, 9.66241913147e-08, 1.66353739672e-08, 9.11990127861e-09, 1.03359942827e-08, 2.32556729429e-08, 1.6872824915e-08, 4.18378798273e-09, 2.76097877894e-09, 1.10455566915e-09, 5.2113247051e-10, 5.27865695599e-10, 6.16508788465e-10, 3.5309766222e-10, 3.13660236673e-10, 2.88687351802e-10, 1.94389698782e-10, 1.28624902396e-10, 1.64176866546e-10, 1.11997411345e-10, 7.1087302711e-11, 6.92462892582e-11, 4.57866730641e-11, 1.90386578031e-11, 7.01242796469e-12, 4.48219586446e-12, 3.31538355797e-12, 5.39439500014e-12, 1.16077373408e-11], "mean": [0.00143443327397, 0.00134444260038, 0.000628323294222, 0.000317173457006, 9.10415474209e-05, 0.000123310863273, 0.000135265057907, 7.02179240761e-05, 5.79772968194e-05, 8.07196265669e-05, 0.000101386693132, 5.94858356635e-05, 6.2994993641e-05, 5.31916266482e-05, 4.44552752015e-05, 4.47250531579e-05, 7.77420937084e-05, 4.62980460725e-05, 3.0727172998e-05, 2.70382770395e-05, 1.55560392159e-05, 1.0702324289e-05, 9.03590807866e-06, 9.87931161944e-06, 9.18001933314e-06, 8.51863842399e-06, 6.42358463665e-06, 6.65148809276e-06, 4.96467418998e-06, 5.00860323882e-06, 4.00868748329e-06, 3.32994204655e-06, 2.96514986076e-06, 2.46751005761e-06, 1.69142856521e-06, 9.8806879123e-07, 7.09275752797e-07, 6.75682031215e-07, 9.08907452413e-07, 1.17279466849e-06]}, "spectral_entropy": {"min": 5.03761100769, "max": 9.81951713562, "dvar2": 0.100591674447, "median": 7.83716487885, "dmean2": 0.270543783903, "dmean": 0.185027629137, "var": 0.207060992718, "dvar": 0.0472210496664, "mean": 7.7902431488}, "spectral_rolloff": {"min": 43.06640625, "max": 19466.015625, "dvar2": 6223464, "median": 1658.05664062, "dmean2": 1467.05249023, "dmean": 876.908935547, "var": 6534245.5, "dvar": 2714734, "mean": 2271.19018555}, "barkbands": {"min": [4.41796027943e-25, 3.08471139389e-24, 9.8633665284e-25, 1.29474645829e-24, 1.23197046546e-23, 1.23357619183e-23, 1.19088067306e-23, 1.32329310592e-23, 2.32816518958e-23, 2.40558447213e-23, 1.61407252095e-23, 2.86107891192e-23, 2.66194706916e-23, 2.81827721247e-23, 6.57364481861e-23, 4.95176888558e-23, 9.86685195254e-23, 1.22367687099e-22, 1.27664515736e-22, 1.42265308727e-22, 3.01047118134e-22, 3.46155194437e-22, 3.86423274609e-22, 5.5597629179e-22, 9.01688058045e-22, 1.14913320101e-21, 1.81326734637e-21], "max": [0.0134116606787, 0.197870239615, 0.0915782675147, 0.0518139824271, 0.095900118351, 0.0316861085594, 0.0268811304122, 0.0564841330051, 0.0362529940903, 0.0787259563804, 0.190698832273, 0.0189170464873, 0.0278501622379, 0.084764122963, 0.0344531908631, 0.0198879167438, 0.0100052654743, 0.0139514040202, 0.00769494054839, 0.0139153506607, 0.0155406482518, 0.0119473878294, 0.00484839547426, 0.00369943352416, 0.00581991253421, 0.00377739034593, 0.000416391849285], "dvar2": [2.30265868595e-06, 0.000757076602895, 0.000107717278297, 2.74506419373e-05, 6.37871416984e-05, 6.07998708801e-06, 1.23092704598e-05, 2.06512709156e-06, 4.66657638754e-06, 7.0376217991e-06, 1.08256836029e-05, 1.7322745407e-06, 2.68909025181e-06, 5.54794041818e-06, 1.88568265003e-06, 9.72794737208e-07, 3.38801839916e-07, 5.25295263287e-07, 4.37152948507e-07, 4.20736142814e-07, 5.52616654659e-07, 3.90462531641e-07, 1.70806416122e-07, 5.43182814283e-08, 3.11860702595e-07, 1.29436159568e-07, 1.27546251338e-09], "median": [3.25214641634e-05, 0.000340382510331, 0.000198657944566, 9.49643726926e-05, 0.000127938590595, 7.15622009011e-05, 6.95221679052e-05, 4.22896810051e-05, 7.25800491637e-05, 6.49628418614e-05, 4.09862113884e-05, 7.1979520726e-05, 6.00399762334e-05, 9.67793894233e-05, 5.80029191042e-05, 4.83718904434e-05, 3.07624250127e-05, 2.73504356301e-05, 2.60428550973e-05, 2.68298153969e-05, 2.31891444855e-05, 1.58297461894e-05, 8.21415778773e-06, 4.7513995014e-06, 6.06912726653e-06, 8.16297358597e-07, 4.100940032e-08], "dmean2": [0.000419138756115, 0.00851160194725, 0.00361961149611, 0.00206707208417, 0.00247285584919, 0.000918270263355, 0.00112039130181, 0.000370970694348, 0.000742372707464, 0.000719271600246, 0.00058134587016, 0.000529121491127, 0.000594687531702, 0.000798100605607, 0.000515331630595, 0.000399564392865, 0.00022948467813, 0.000269314448815, 0.000260518310824, 0.000244810042204, 0.000257876847172, 0.000213209088542, 0.00014588914928, 7.88087345427e-05, 0.000203390271054, 0.000125421851408, 1.06859542939e-05], "dmean": [0.000294316705549, 0.00513086933643, 0.00203735451214, 0.00127613183577, 0.00145996815991, 0.000539326108992, 0.000651192909572, 0.00022723422444, 0.000448590202723, 0.000445396843133, 0.000358380231773, 0.000323400483467, 0.000365859974409, 0.000520865956787, 0.000316184712574, 0.000250669865636, 0.000141399083077, 0.000166759025888, 0.000164208438946, 0.000154614332132, 0.000160856972798, 0.000136037604534, 9.33209084906e-05, 5.13280319865e-05, 0.000130675194669, 7.88953038864e-05, 6.74528882882e-06], "var": [1.52831444211e-06, 0.000336532044457, 3.08458184008e-05, 1.18543848657e-05, 1.91180151887e-05, 2.20148899643e-06, 3.49919491782e-06, 8.98290238638e-07, 2.50812149716e-06, 6.64294930175e-06, 1.08424528662e-05, 9.53405105975e-07, 1.5209926687e-06, 7.37602567824e-06, 1.15914292564e-06, 5.83125768117e-07, 1.63574782164e-07, 2.92665845336e-07, 3.09342482296e-07, 3.35608518753e-07, 3.0679288443e-07, 1.92233869711e-07, 8.46992804782e-08, 3.04815017671e-08, 1.70292850044e-07, 5.91483413359e-08, 5.35523125844e-10], "dvar": [1.20352524391e-06, 0.000323968328303, 3.91167341149e-05, 1.16045894174e-05, 2.44574493991e-05, 2.29160514209e-06, 4.49363278676e-06, 7.78169521709e-07, 1.80858580734e-06, 2.81544384961e-06, 5.00899841427e-06, 6.78052572312e-07, 1.08988876946e-06, 2.7210026019e-06, 7.66978359934e-07, 4.10192484424e-07, 1.34860485446e-07, 2.14034272972e-07, 1.7690229015e-07, 1.84494169275e-07, 2.20960572506e-07, 1.59500402219e-07, 7.07874789896e-08, 2.34686403644e-08, 1.40386944736e-07, 5.64764519595e-08, 5.40480271649e-10], "mean": [0.00030911740032, 0.00518381688744, 0.00191459734924, 0.00118349806871, 0.00123090844136, 0.000555035367142, 0.000604320550337, 0.000277452345472, 0.000540463603102, 0.000607305730227, 0.000444655364845, 0.000422784592956, 0.000436869508121, 0.000802148832008, 0.000406371284043, 0.000331407878548, 0.000174671338755, 0.000203991381568, 0.000222259899601, 0.000200479989871, 0.000195451837499, 0.000160476774909, 0.000106659506855, 5.89808332734e-05, 0.00012997664453, 6.92790345056e-05, 5.90214449403e-06]}, "melbands_flatness_db": {"min": 0.00312892673537, "max": 0.560190796852, "dvar2": 0.00365406740457, "median": 0.169187441468, "dmean2": 0.0570574589074, "dmean": 0.0372209213674, "var": 0.00794313848019, "dvar": 0.00169288611505, "mean": 0.18576875329}, "melbands_skewness": {"min": -5.76091957092, "max": 21.6089134216, "dvar2": 5.59515523911, "median": 1.87084019184, "dmean2": 1.86494100094, "dmean": 1.21118962765, "var": 8.34257984161, "dvar": 2.58757185936, "mean": 2.60985851288}, "barkbands_skewness": {"min": -6.36671161652, "max": 16.6487236023, "dvar2": 2.97597265244, "median": 0.800752401352, "dmean2": 1.34930312634, "dmean": 0.885286748409, "var": 4.2677526474, "dvar": 1.36782813072, "mean": 1.21922278404}, "silence_rate_60dB": {"min": 0, "max": 1, "dvar2": 0.193492174149, "median": 0, "dmean2": 0.22403819859, "dmean": 0.112008817494, "var": 0.235608249903, "dvar": 0.0994764342904, "mean": 0.380060583353}, "spectral_energyband_low": {"min": 2.25929857919e-23, "max": 0.24901342392, "dvar2": 0.0012370175682, "median": 0.000846321985591, "dmean2": 0.0119866561145, "dmean": 0.0072382572107, "var": 0.000563505105674, "dvar": 0.000522713875398, "mean": 0.00780927343294}, "spectral_energyband_middle_low": {"min": 1.95182830313e-22, "max": 0.133599728346, "dvar2": 0.000290349009447, "median": 0.00113596708979, "dmean2": 0.00652833143249, "dmean": 0.00405674846843, "var": 0.000122688477859, "dvar": 0.000116903487651, "mean": 0.00467017199844}, "melbands_kurtosis": {"min": -1.88748466969, "max": 744.415527344, "dvar2": 3842.50878906, "median": 3.82024526596, "dmean2": 25.075504303, "dmean": 15.5639457703, "var": 2811.85693359, "dvar": 1652.36450195, "mean": 20.1841583252}, "spectral_decrease": {"min": -6.77933442716e-08, "max": 2.12578393546e-28, "dvar2": 1.15472163581e-16, "median": -1.17509135755e-09, "dmean2": 5.02559016624e-09, "dmean": 3.14956571934e-09, "var": 6.10107707217e-17, "dvar": 4.91914880426e-17, "mean": -4.08850997502e-09}, "erbbands_kurtosis": {"min": -1.79497158527, "max": 113.271469116, "dvar2": 19.0567207336, "median": 0.373363494873, "dmean2": 2.2019071579, "dmean": 1.40043783188, "var": 13.9259901047, "dvar": 8.307554245, "mean": 1.2014477253}, "melbands_crest": {"min": 1.58065652847, "max": 36.1962127686, "dvar2": 33.7423171997, "median": 14.0353317261, "dmean2": 6.59872198105, "dmean": 4.07552337646, "var": 45.2240066528, "dvar": 13.802696228, "mean": 14.6779613495}, "gfcc": {"cov": [[24872.2792969, 328.630432129, -837.508178711, -86.9356384277, -1063.59838867, 49.1388244629, -929.579345703, -139.196304321, -744.012878418, -27.2129592896, -520.360290527, 2.71325445175, -261.965911865], [328.630432129, 2488.80200195, -336.967437744, -226.9349823, 213.798538208, -52.6214408875, 178.164489746, -128.000762939, 269.628997803, -215.370132446, 200.298629761, -195.213577271, 119.702430725], [-837.508178711, -336.967437744, 1447.81762695, 266.60458374, 264.862731934, 77.4803314209, 26.4013175964, 120.256629944, -86.7243041992, 89.2290649414, -125.674690247, 91.3606643677, -69.4688491821], [-86.9356384277, -226.9349823, 266.60458374, 765.444458008, 105.224349976, 31.4103527069, 29.1438407898, 43.2153816223, -19.3213634491, -24.099603653, 8.0477848053, -25.98554039, 23.2913265228], [-1063.59838867, 213.798538208, 264.862731934, 105.224349976, 469.420898438, 120.306259155, 123.223327637, 48.0161857605, 65.4842376709, 28.0560016632, -3.49000763893, -7.86390256882, 6.82522201538], [49.1388244629, -52.6214408875, 77.4803314209, 31.4103527069, 120.306259155, 254.018859863, 99.931098938, 35.5372810364, 23.5909519196, 27.3389968872, -17.1067733765, -3.45154809952, -16.5684127808], [-929.579345703, 178.164489746, 26.4013175964, 29.1438407898, 123.223327637, 99.931098938, 280.649719238, 74.8197097778, 70.8431396484, 7.65765714645, 65.4206848145, -18.7717247009, 10.8500576019], [-139.196304321, -128.000762939, 120.256629944, 43.2153816223, 48.0161857605, 35.5372810364, 74.8197097778, 161.244171143, 31.0261077881, 52.3864707947, -2.43608593941, 17.6038360596, -1.99524593353], [-744.012878418, 269.628997803, -86.7243041992, -19.3213634491, 65.4842376709, 23.5909519196, 70.8431396484, 31.0261077881, 196.126647949, 7.29395914078, 65.8803329468, -18.700176239, 29.359910965], [-27.2129592896, -215.370132446, 89.2290649414, -24.099603653, 28.0560016632, 27.3389968872, 7.65765714645, 52.3864707947, 7.29395914078, 131.887619019, 6.7577881813, 34.8711242676, -14.8264808655], [-520.360290527, 200.298629761, -125.674690247, 8.0477848053, -3.49000763893, -17.1067733765, 65.4206848145, -2.43608593941, 65.8803329468, 6.7577881813, 136.613174438, 2.45687150955, 36.6111564636], [2.71325445175, -195.213577271, 91.3606643677, -25.98554039, -7.86390256882, -3.45154809952, -18.7717247009, 17.6038360596, -18.700176239, 34.8711242676, 2.45687150955, 102.312141418, 4.91405630112], [-261.965911865, 119.702430725, -69.4688491821, 23.2913265228, 6.82522201538, -16.5684127808, 10.8500576019, -1.99524593353, 29.359910965, -14.8264808655, 36.6111564636, 4.91405630112, 82.4802474976]], "icov": [[7.92619102867e-05, -0.000158828814165, 9.77375530056e-05, -0.000106587962364, 0.000193577434402, -0.000194933090825, 0.000232089674682, -0.000180334100151, 0.000305064138956, -0.000217062610318, 0.000301413238049, -0.000226450487389, 0.00023668986978], [-0.000158828814165, 0.00119320815429, -0.000344867352396, 0.000655209354591, -0.000826971197966, 0.000598637561779, -0.000568491348531, 0.000750234583393, -0.00122738222126, 0.00160569138825, -0.00159493740648, 0.00179818866309, -0.00110365089495], [9.77375530056e-05, -0.000344867352396, 0.00121319526806, -0.000548970652744, -0.000221707203309, -0.000118264710181, 0.000182743126061, -0.000644571729936, 0.000737052352633, -0.000756446039304, 0.00133689341601, -0.00144935667049, 0.00103730987757], [-0.000106587962364, 0.000655209354591, -0.000548970652744, 0.00192899582908, -0.000683382735588, 0.000164584664162, -8.15360981505e-05, -0.00011690739484, -0.000268551288173, 0.00142603286076, -0.00158307119273, 0.00175418087747, -0.00124890054576], [0.000193577434402, -0.000826971197966, -0.000221707203309, -0.000683382735588, 0.00376456649974, -0.00140171241947, -0.00032154796645, -0.00019260890258, 9.00696177268e-05, -0.00155596144032, 0.00185789924581, -0.000848868628964, 0.000179925918928], [-0.000194933090825, 0.000598637561779, -0.000118264710181, 0.000164584664162, -0.00140171241947, 0.00586914783344, -0.00258336169645, 0.000937134667765, -0.0012699009385, -0.000210218175198, 0.000815617386252, 0.000567769107874, 4.18552845076e-05], [0.000232089674682, -0.000568491348531, 0.000182743126061, -8.15360981505e-05, -0.00032154796645, -0.00258336169645, 0.00701096653938, -0.00340324174613, 0.000887579342816, 0.000633858435322, -0.00264498894103, 0.000437933194917, 0.00118814955931], [-0.000180334100151, 0.000750234583393, -0.000644571729936, -0.00011690739484, -0.00019260890258, 0.000937134667765, -0.00340324174613, 0.00982309412211, -0.00250091007911, -0.00234996387735, 0.00123116874602, 6.41711085336e-05, -0.0013644451974], [0.000305064138956, -0.00122738222126, 0.000737052352633, -0.000268551288173, 9.00696177268e-05, -0.0012699009385, 0.000887579342816, -0.00250091007911, 0.00885181780905, -0.00163559278008, -0.00118125346489, -0.000320431194268, 0.000105503262603], [-0.000217062610318, 0.00160569138825, -0.000756446039304, 0.00142603286076, -0.00155596144032, -0.000210218175198, 0.000633858435322, -0.00234996387735, -0.00163559278008, 0.0126005662605, -0.00438986159861, -1.99755577341e-05, 0.000683773949277], [0.000301413238049, -0.00159493740648, 0.00133689341601, -0.00158307119273, 0.00185789924581, 0.000815617386252, -0.00264498894103, 0.00123116874602, -0.00118125346489, -0.00438986159861, 0.0148226404563, -0.00417906465009, -0.00146620208398], [-0.000226450487389, 0.00179818866309, -0.00144935667049, 0.00175418087747, -0.000848868628964, 0.000567769107874, 0.000437933194917, 6.41711085336e-05, -0.000320431194268, -1.99755577341e-05, -0.00417906465009, 0.0152078261599, -0.00385734857991], [0.00023668986978, -0.00110365089495, 0.00103730987757, -0.00124890054576, 0.000179925918928, 4.18552845076e-05, 0.00118814955931, -0.0013644451974, 0.000105503262603, 0.000683773949277, -0.00146620208398, -0.00385734857991, 0.0164741277695]], "mean": [-99.3460388184, 74.7313690186, -125.589744568, 36.8051948547, -47.2812423706, 25.351808548, -30.5575942993, 9.69899272919, -21.8212985992, 9.26784420013, -16.7244319916, -3.96326255798, -8.81836414337]}, "melbands_spread": {"min": 0.263489544392, "max": 282.303771973, "dvar2": 803.533447266, "median": 28.2062129974, "dmean2": 20.5711517334, "dmean": 13.050992012, "var": 951.719726562, "dvar": 361.267608643, "mean": 34.599571228}, "spectral_energy": {"min": 1.01635294123e-20, "max": 0.257933288813, "dvar2": 0.00178749510087, "median": 0.00498020136729, "dmean2": 0.0201596170664, "dmean": 0.012697645463, "var": 0.000963512749877, "dvar": 0.000762048584875, "mean": 0.016778934747}, "mfcc": {"cov": [[17407.2558594, 778.771179199, -304.485778809, -184.271896362, -391.987640381, -119.320129395, -422.993530273, -311.160797119, -385.652862549, -303.5078125, -270.059875488, -389.516296387, -253.327575684], [778.771179199, 2319.13256836, -230.871643066, -163.634140015, 70.4444732666, 37.8757019043, -1.42713439465, 46.6919212341, 28.0153102875, 54.0960388184, 7.15866661072, 48.8953056335, 19.7653961182], [-304.485778809, -230.871643066, 864.28527832, 270.508361816, 150.895401001, 50.6408996582, 69.6787643433, 43.9286880493, 50.6093940735, -23.0173530579, -3.58682537079, 22.1184577942, -2.81868624687], [-184.271896362, -163.634140015, 270.508361816, 579.901550293, 172.770004272, 48.3774223328, 96.8946380615, 43.8748092651, 47.2589797974, -8.13490486145, 13.8309268951, 0.0983063206077, -3.94787526131], [-391.987640381, 70.4444732666, 150.895401001, 172.770004272, 329.702514648, 115.217720032, 47.0848960876, 34.3267860413, 71.280708313, 17.3777656555, 8.89400482178, 15.5878124237, 5.63893556595], [-119.320129395, 37.8757019043, 50.6408996582, 48.3774223328, 115.217720032, 231.561416626, 91.4688568115, 55.4270782471, 45.588760376, 36.7995834351, 20.3867740631, 14.6647758484, 7.61136102676], [-422.993530273, -1.42713439465, 69.6787643433, 96.8946380615, 47.0848960876, 91.4688568115, 222.108352661, 71.4342727661, 57.8480529785, 32.5932922363, 54.0540084839, 14.4229135513, 6.75684976578], [-311.160797119, 46.6919212341, 43.9286880493, 43.8748092651, 34.3267860413, 55.4270782471, 71.4342727661, 143.224655151, 61.1022033691, 38.2460708618, 24.6601581573, 30.7658576965, 14.1106529236], [-385.652862549, 28.0153102875, 50.6093940735, 47.2589797974, 71.280708313, 45.588760376, 57.8480529785, 61.1022033691, 139.008422852, 54.5509414673, 38.976764679, 27.5113811493, 18.8053226471], [-303.5078125, 54.0960388184, -23.0173530579, -8.13490486145, 17.3777656555, 36.7995834351, 32.5932922363, 38.2460708618, 54.5509414673, 118.473045349, 56.304889679, 25.3969802856, 10.3367547989], [-270.059875488, 7.15866661072, -3.58682537079, 13.8309268951, 8.89400482178, 20.3867740631, 54.0540084839, 24.6601581573, 38.976764679, 56.304889679, 104.516708374, 40.7161102295, 18.3471736908], [-389.516296387, 48.8953056335, 22.1184577942, 0.0983063206077, 15.5878124237, 14.6647758484, 14.4229135513, 30.7658576965, 27.5113811493, 25.3969802856, 40.7161102295, 93.4180679321, 48.1467285156], [-253.327575684, 19.7653961182, -2.81868624687, -3.94787526131, 5.63893556595, 7.61136102676, 6.75684976578, 14.1106529236, 18.8053226471, 10.3367547989, 18.3471736908, 48.1467285156, 83.3389205933]], "icov": [[7.23832345102e-05, -3.74161390937e-05, -3.67892675968e-06, -3.0802872061e-05, 9.61856057984e-05, -9.52934860834e-05, 0.000126903440105, 3.04287641484e-05, 4.97585933772e-05, 0.000116812007036, -5.32960948476e-05, 0.00023536979279, 6.41080259811e-05], [-3.74161390937e-05, 0.000490199134219, 0.000131030741613, 0.000159179035109, -0.000272532255622, 8.9806613687e-05, -0.000109608008643, -0.000147216458572, 1.76965277205e-05, -0.000219436100451, 0.000212901097257, -0.00040368604823, 3.56003911293e-05], [-3.67892675968e-06, 0.000131030741613, 0.00147113704588, -0.00047837299644, -0.000376267038519, 3.80231722374e-05, -0.000191979517695, -0.000129497304442, -0.000256972765783, 0.000394986505853, 0.000327961781295, -0.000665780273266, 0.000365742947906], [-3.0802872061e-05, 0.000159179035109, -0.00047837299644, 0.00247098878026, -0.00120094174054, 0.000506432028487, -0.000862838875037, -0.000332427531248, 5.9536570916e-05, 0.000295149366139, -0.000182984294952, 0.000259346910752, -2.88507981168e-05], [9.61856057984e-05, -0.000272532255622, -0.000376267038519, -0.00120094174054, 0.00498371431604, -0.00228005857207, 0.000847791612614, 0.000651005480904, -0.00186942110304, 0.000474859843962, 0.000239274144405, -2.43001104536e-05, 0.000303758948576], [-9.52934860834e-05, 8.9806613687e-05, 3.80231722374e-05, 0.000506432028487, -0.00228005857207, 0.00656963139772, -0.00238131987862, -0.00105109950528, 0.000436967384303, -0.00148074235767, 0.000900916289538, -0.000378179567633, -0.000255177699728], [0.000126903440105, -0.000109608008643, -0.000191979517695, -0.000862838875037, 0.000847791612614, -0.00238131987862, 0.00747145246714, -0.00208496465348, -0.000974730355665, 0.00126049155369, -0.003595497692, 0.00189251580741, 3.35708427883e-05], [3.04287641484e-05, -0.000147216458572, -0.000129497304442, -0.000332427531248, 0.000651005480904, -0.00105109950528, -0.00208496465348, 0.0103387553245, -0.00287006003782, -0.00139223760925, 0.0016390591627, -0.00254347664304, 0.000506641634274], [4.97585933772e-05, 1.76965277205e-05, -0.000256972765783, 5.9536570916e-05, -0.00186942110304, 0.000436967384303, -0.000974730355665, -0.00287006003782, 0.0116363670677, -0.00341266044416, -0.000984415179119, 0.000203401461476, -0.00131049659103], [0.000116812007036, -0.000219436100451, 0.000394986505853, 0.000295149366139, 0.000474859843962, -0.00148074235767, 0.00126049155369, -0.00139223760925, -0.00341266044416, 0.0138129135594, -0.00628793332726, 0.000487512123073, 0.000830558710732], [-5.32960948476e-05, 0.000212901097257, 0.000327961781295, -0.000182984294952, 0.000239274144405, 0.000900916289538, -0.003595497692, 0.0016390591627, -0.000984415179119, -0.00628793332726, 0.0167948231101, -0.00620408961549, 0.000594324083067], [0.00023536979279, -0.00040368604823, -0.000665780273266, 0.000259346910752, -2.43001104536e-05, -0.000378179567633, 0.00189251580741, -0.00254347664304, 0.000203401461476, 0.000487512123073, -0.00620408961549, 0.0198671445251, -0.00910384673625], [6.41080259811e-05, 3.56003911293e-05, 0.000365742947906, -2.88507981168e-05, 0.000303758948576, -0.000255177699728, 3.35708427883e-05, 0.000506641634274, -0.00131049659103, 0.000830558710732, 0.000594324083067, -0.00910384673625, 0.0174322202802]], "mean": [-732.288696289, 102.018684387, -11.4509305954, 19.4957141876, 6.43810367584, 16.5487976074, 6.78450489044, 1.37923586369, 6.70902633667, 4.19589138031, 6.00127649307, -1.91613698006, 2.14633512497]}, "spectral_contrast_valleys": {"min": [-28.3149681091, -27.9632778168, -27.8378238678, -27.7489376068, -27.4977207184, -27.3640804291], "max": [-4.97707366943, -4.64328050613, -4.86107683182, -5.34146165848, -5.35097837448, -7.48190021515], "dvar2": [0.690912663937, 0.800758719444, 0.675168216228, 0.599455118179, 0.570134758949, 0.795244514942], "median": [-8.18637180328, -7.72266101837, -7.84517097473, -7.965675354, -8.06956100464, -10.7615537643], "dmean2": [0.895016372204, 0.864998579025, 0.737388312817, 0.63232421875, 0.559689998627, 0.652618467808], "dmean": [0.592028975487, 0.560002982616, 0.486795336008, 0.432498961687, 0.409992992878, 0.528425753117], "var": [3.82534432411, 3.87552762032, 3.84783124924, 3.7468085289, 3.47996711731, 3.46733999252], "dvar": [0.349071145058, 0.397927075624, 0.339436888695, 0.305126309395, 0.281582862139, 0.414271533489], "mean": [-8.4160490036, -8.04287052155, -8.11629962921, -8.16551208496, -8.25052452087, -10.9121055603]}, "barkbands_flatness_db": {"min": 0.0146788712591, "max": 0.443676352501, "dvar2": 0.00230738217942, "median": 0.114635027945, "dmean2": 0.0448904596269, "dmean": 0.0292202625424, "var": 0.00399898597971, "dvar": 0.00104267371353, "mean": 0.126792386174}, "dynamic_complexity": 7.48311567307, "erbbands_flatness_db": {"min": 0.0271396301687, "max": 0.509839296341, "dvar2": 0.00139269186184, "median": 0.152952700853, "dmean2": 0.0350675061345, "dmean": 0.025408077985, "var": 0.00342755927704, "