{"lowlevel": {"spectral_complexity": {"min": 0, "max": 62, "dvar2": 35.7434196472, "median": 15, "dmean2": 4.74430847168, "dmean": 3.16362380981, "var": 101.443504333, "dvar": 18.8122882843, "mean": 15.5419340134}, "silence_rate_20dB": {"min": 1, "max": 1, "dvar2": 0, "median": 1, "dmean2": 0, "dmean": 0, "var": 0, "dvar": 0, "mean": 1}, "average_loudness": 0.885213673115, "erbbands_spread": {"min": 3.67069149017, "max": 202.681152344, "dvar2": 438.854309082, "median": 41.9971961975, "dmean2": 17.6194705963, "dmean": 11.7194480896, "var": 600.845581055, "dvar": 198.964538574, "mean": 45.781993866}, "spectral_kurtosis": {"min": -1.20828831196, "max": 140.199371338, "dvar2": 11.1218357086, "median": 2.84043645859, "dmean2": 1.93652248383, "dmean": 1.27353811264, "var": 78.1723403931, "dvar": 4.53471803665, "mean": 4.05574035645}, "barkbands_kurtosis": {"min": -1.98081660271, "max": 1409.21850586, "dvar2": 2124.79614258, "median": 2.96839118004, "dmean2": 8.85434055328, "dmean": 5.78882074356, "var": 1558.89892578, "dvar": 1019.262146, "mean": 9.71436977386}, "spectral_strongpeak": {"min": 0, "max": 41.1464996338, "dvar2": 9.3719625473, "median": 0.497952908278, "dmean2": 1.09608876705, "dmean": 0.634200751781, "var": 2.91212916374, "dvar": 3.35190629959, "mean": 1.04110682011}, "spectral_spread": {"min": 707739.75, "max": 20881612, "dvar2": 1796636016640.0, "median": 5875902, "dmean2": 1175961.875, "dmean": 852545.1875, "var": 3635276414980.0, "dvar": 956683517952, "mean": 6145204.5}, "spectral_rms": {"min": 5.0812519703e-07, "max": 0.0116569437087, "dvar2": 1.80758183888e-06, "median": 0.00453885504976, "dmean2": 0.00113791460171, "dmean": 0.000749569502659, "var": 3.97395206164e-06, "dvar": 8.12489815871e-07, "mean": 0.00444360030815}, "erbbands": {"min": [4.06719352641e-10, 7.58823581748e-09, 4.31852171801e-08, 9.8233982726e-08, 1.54180114009e-07, 1.44372890531e-07, 1.5809830245e-07, 1.03194942369e-07, 6.67180231062e-08, 1.16799952821e-07, 1.68336967477e-07, 1.07507574398e-07, 8.94457130585e-08, 1.33411120373e-07, 1.49595976495e-07, 1.64266779734e-07, 1.35505928256e-07, 1.45982326671e-07, 1.0006095863e-07, 1.09191368836e-07, 1.03702596732e-07, 5.44216973708e-08, 6.53577103549e-08, 4.95922414245e-08, 5.74476004545e-08, 5.08873441163e-08, 4.7539185033e-08, 5.86158037663e-08, 4.09082403507e-08, 6.38050110524e-08, 3.25065201423e-08, 2.63712145454e-08, 2.44046329811e-08, 3.16618660179e-08, 1.44068916796e-08, 4.89608398269e-09, 3.46173445465e-09, 1.64318891827e-09, 7.31262272957e-10, 5.80411940732e-10], "max": [2.81435370445, 15.2722120285, 48.3077850342, 100.362442017, 122.337471008, 197.482681274, 286.901397705, 775.638549805, 576.281677246, 2041.45092773, 1450.53979492, 1479.52966309, 2528.53857422, 2950.07128906, 927.264465332, 937.742553711, 2001.30932617, 999.402893066, 842.952026367, 1527.78100586, 656.800354004, 928.981262207, 2494.04272461, 762.108337402, 979.668579102, 509.08203125, 1013.72039795, 1067.55529785, 735.411254883, 561.801330566, 506.329345703, 360.110656738, 511.227508545, 133.842468262, 190.827728271, 40.7517738342, 8.22910118103, 1.16060745716, 0.192359015346, 0.0347528941929], "dvar2": [0.072512999177, 3.18342256546, 17.5446243286, 70.0578842163, 145.432739258, 216.937316895, 625.382263184, 2209.7722168, 2639.58325195, 10774.84375, 11215.59375, 14440.0136719, 17028.1113281, 16596.6953125, 3826.54541016, 2461.04125977, 3363.38671875, 2875.36474609, 1762.28479004, 5256.17333984, 1426.82531738, 1357.3260498, 2671.03369141, 935.735778809, 1553.25427246, 1011.06713867, 1612.27270508, 5191.02099609, 2069.41918945, 1602.99804688, 3262.40551758, 629.635009766, 788.173156738, 73.3255615234, 535.772827148, 22.9383792877, 0.22004327178, 0.0115848211572, 0.000347560155205, 2.25813414545e-06], "median": [0.015337202698, 0.115361697972, 0.424975395203, 1.59013485909, 3.61709213257, 4.42119407654, 5.96059131622, 8.67920684814, 9.43699836731, 11.2548294067, 9.17814731598, 9.67582321167, 7.31011295319, 6.88251972198, 6.23622703552, 4.89621305466, 5.34839916229, 4.69044160843, 5.39712572098, 6.752576828, 6.45232915878, 5.8545794487, 5.48994112015, 5.50072669983, 4.4688038826, 2.90707588196, 3.51604509354, 5.23939418793, 2.74080181122, 3.76825594902, 2.5402739048, 1.12245857716, 0.757905900478, 0.774634480476, 0.974863708019, 0.125976338983, 0.0246337093413, 0.0033308037091, 0.000595471647102, 6.32167502772e-05], "dmean2": [0.0994256734848, 0.714480757713, 1.2832659483, 3.83447790146, 6.47044420242, 7.52594137192, 10.5944890976, 19.1016273499, 20.6592540741, 33.3163452148, 36.1973419189, 46.026008606, 42.0340232849, 37.0298194885, 21.9648895264, 16.9675292969, 18.3767204285, 16.5140094757, 16.0052146912, 23.4538059235, 14.4448280334, 11.6164197922, 10.5888814926, 10.1304836273, 11.1811466217, 8.37124443054, 11.2013320923, 26.9058704376, 14.6916761398, 14.8309726715, 16.7137298584, 7.78329944611, 7.04996538162, 3.40888738632, 6.44571018219, 1.1626458168, 0.16226233542, 0.0330047756433, 0.00553483888507, 0.000369627116015], "dmean": [0.0653808712959, 0.431180953979, 0.752441942692, 2.25629997253, 3.95208334923, 4.65775156021, 6.78034305573, 12.2893028259, 12.990477562, 21.197473526, 23.4498023987, 29.5613708496, 26.9761981964, 23.7827148438, 13.8489208221, 10.7123680115, 11.6221189499, 10.1735658646, 10.0161085129, 14.579293251, 9.06937122345, 7.29100751877, 6.59910392761, 6.45882177353, 7.17749261856, 5.29848098755, 7.12403440475, 17.0686340332, 9.36277484894, 9.77904891968, 11.0245351791, 5.20310544968, 4.54850101471, 2.30475020409, 4.11216592789, 0.765227854252, 0.106854349375, 0.0204577296972, 0.00340315909125, 0.000230044912314], "var": [0.0725180059671, 1.51294434071, 6.00410175323, 34.3714675903, 96.150352478, 187.105560303, 507.774932861, 1435.2902832, 1548.87463379, 5129.35449219, 7374.33544922, 10860.8066406, 13163.7382812, 13586.0419922, 2762.84790039, 1686.31835938, 3002.7097168, 1396.60449219, 1125.98864746, 3291.50341797, 895.615356445, 729.526733398, 977.901794434, 741.11138916, 1062.20556641, 535.116394043, 864.302062988, 2949.35839844, 1667.02307129, 1536.13134766, 1749.80566406, 502.237823486, 465.325439453, 53.8342895508, 221.446456909, 10.6454076767, 0.115877434611, 0.00424861349165, 0.000119437645481, 7.2128722195e-07], "dvar": [0.0283125285059, 1.09974825382, 6.36067771912, 25.6725616455, 55.8832244873, 85.8961410522, 235.966842651, 892.116088867, 1057.66918945, 4302.40625, 4514.53125, 5773.56152344, 6626.26708984, 6639.10791016, 1544.20239258, 1029.09851074, 1413.57312012, 1101.6418457, 718.929199219, 2074.55053711, 586.522888184, 556.367431641, 993.742797852, 412.919921875, 665.599182129, 408.547485352, 636.108886719, 2129.51391602, 897.349487305, 755.233886719, 1385.34851074, 285.882293701, 320.015014648, 33.5955467224, 225.755599976, 9.81983089447, 0.0949764028192, 0.00470148772001, 0.000139646479511, 8.81017570009e-07], "mean": [0.145192652941, 0.660676300526, 1.19703614712, 3.72110533714, 6.9918961525, 8.72756004333, 13.0919189453, 21.4247589111, 21.9413814545, 32.987663269, 39.1252784729, 51.0937995911, 48.0261573792, 42.758605957, 23.3315391541, 17.3448753357, 18.6912899017, 15.6072664261, 16.704082489, 23.7131557465, 15.40254879, 12.9003410339, 11.3965454102, 12.0183820724, 12.0637483597, 8.2504529953, 10.747010231, 21.4846725464, 13.0716190338, 14.6473474503, 14.5893163681, 7.7560710907, 6.37211465836, 3.22934412956, 4.2983083725, 0.85037791729, 0.12876291573, 0.020489435643, 0.00317965005524, 0.000239098124439]}, "zerocrossingrate": {"min": 0, "max": 0.44287109375, "dvar2": 0.000851345364936, "median": 0.06787109375, "dmean2": 0.0229752920568, "dmean": 0.0211812462658, "var": 0.00459521450102, "dvar": 0.000749650644138, "mean": 0.0877921283245}, "spectral_contrast_coeffs": {"min": [-0.954056382179, -0.958711922169, -0.975392103195, -0.954615414143, -0.935180306435, -0.912234425545], "max": [-0.266641616821, -0.342517107725, -0.420238405466, -0.478925406933, -0.516760230064, -0.528083562851], "dvar2": [0.00416921218857, 0.00438665226102, 0.00274578039534, 0.00176917889621, 0.00108983740211, 0.00118190690409], "median": [-0.626550316811, -0.70914286375, -0.746791481972, -0.773569345474, -0.783987939358, -0.754234194756], "dmean2": [0.0765010863543, 0.0735079199076, 0.0621046647429, 0.0501348823309, 0.0380975157022, 0.0359370261431], "dmean": [0.046812850982, 0.0465404652059, 0.039230234921, 0.0314725637436, 0.024197883904, 0.0230673793703], "var": [0.0109703773633, 0.00906676240265, 0.00741403736174, 0.00485363649204, 0.00343385897577, 0.00258280453272], "dvar": [0.00162527081557, 0.00187288259622, 0.00119372783229, 0.00077449879609, 0.00050753360847, 0.000527175550815], "mean": [-0.61823952198, -0.707361400127, -0.743523597717, -0.76997923851, -0.781843543053, -0.753490865231]}, "dissonance": {"min": 0.157759934664, "max": 0.500000119209, "dvar2": 0.00114710850175, "median": 0.465643972158, "dmean2": 0.0329107306898, "dmean": 0.0201394706964, "var": 0.00144484941848, "dvar": 0.000458398892079, "mean": 0.455560058355}, "spectral_energyband_high": {"min": 2.70978465361e-11, "max": 0.0492446012795, "dvar2": 3.17944686685e-05, "median": 0.000643171370029, "dmean2": 0.00226709875278, "dmean": 0.00155354046728, "var": 2.52261797868e-05, "dvar": 1.45942040035e-05, "mean": 0.00234797666781}, "spectral_skewness": {"min": -0.260031551123, "max": 10.4103717804, "dvar2": 0.145144745708, "median": 1.47712612152, "dmean2": 0.334076076746, "dmean": 0.228361219168, "var": 0.654610097408, "dvar": 0.0733434185386, "mean": 1.52671134472}, "spectral_flux": {"min": 2.80584408756e-05, "max": 0.313296765089, "dvar2": 0.00166574376635, "median": 0.0669280216098, "dmean2": 0.0359607450664, "dmean": 0.0235313121229, "var": 0.00244132406078, "dvar": 0.000820627436042, "mean": 0.0757018253207}, "silence_rate_30dB": {"min": 0, "max": 1, "dvar2": 0.00183225830551, "median": 1, "dmean2": 0.0012223070953, "dmean": 0.000611106865108, "var": 0.00030537895509, "dvar": 0.000610806338955, "mean": 0.999694466591}, "spectral_energyband_middle_high": {"min": 2.45525943326e-11, "max": 0.0943382382393, "dvar2": 3.98175325245e-05, "median": 0.00190307642333, "dmean2": 0.00276832981035, "dmean": 0.00181283103302, "var": 4.45768273494e-05, "dvar": 1.70564271684e-05, "mean": 0.00439814059064}, "barkbands_spread": {"min": 0.18892917037, "max": 120.960449219, "dvar2": 302.625579834, "median": 20.8741035461, "dmean2": 13.3917779922, "dmean": 8.87535953522, "var": 422.392059326, "dvar": 151.169342041, "mean": 26.7138156891}, "spectral_centroid": {"min": 139.71043396, "max": 6750.72314453, "dvar2": 516665.21875, "median": 1204.38623047, "dmean2": 511.684417725, "dmean": 343.464447021, "var": 1004440.5, "dvar": 272638.28125, "mean": 1462.71948242}, "pitch_salience": {"min": 0.0204580761492, "max": 0.960739731789, "dvar2": 0.0105232652277, "median": 0.584173798561, "dmean2": 0.106309898198, "dmean": 0.0662389844656, "var": 0.0192838944495, "dvar": 0.00425860006362, "mean": 0.565202057362}, "erbbands_skewness": {"min": -6.78266525269, "max": 5.14640522003, "dvar2": 0.587068378925, "median": 0.554965257645, "dmean2": 0.679024517536, "dmean": 0.461118817329, "var": 1.34169352055, "dvar": 0.302401453257, "mean": 0.555185675621}, "erbbands_crest": {"min": 2.37524199486, "max": 29.9550819397, "dvar2": 17.8013534546, "median": 8.39813232422, "dmean2": 4.31580400467, "dmean": 2.6915807724, "var": 18.3102664948, "dvar": 7.19963979721, "mean": 9.22843360901}, "melbands": {"min": [5.47376120125e-12, 1.87198364449e-11, 1.86251760542e-11, 1.28044493411e-11, 6.13504516286e-12, 2.38117685292e-12, 9.99468520099e-13, 1.37082370195e-12, 1.33571907875e-12, 6.06359255341e-13, 2.54897204689e-13, 5.32314643753e-13, 4.90853993736e-13, 4.43758772133e-13, 2.17060513986e-13, 2.50090204622e-13, 2.74863736372e-13, 1.63808325086e-13, 1.3785554729e-13, 1.35979538718e-13, 1.19008305272e-13, 5.65904304483e-14, 4.85148555986e-14, 6.46581109509e-14, 3.68538478814e-14, 2.85207445226e-14, 6.11328953497e-14, 2.62025474831e-14, 2.07508062653e-14, 4.07954106694e-14, 3.12850738154e-14, 1.67674983056e-14, 3.5245701621e-14, 3.56346659266e-14, 1.91806850079e-14, 1.62869307749e-14, 1.43254887662e-14, 1.58906108351e-14, 2.12064693334e-14, 2.76461406529e-14], "max": [0.0211396832019, 0.023141078651, 0.0138239050284, 0.0100661301985, 0.00909524038434, 0.0159107744694, 0.0095519721508, 0.021048437804, 0.0116600515321, 0.00843565259129, 0.0124095417559, 0.0122372331098, 0.00363857485354, 0.00304285669699, 0.00285039353184, 0.00397616345435, 0.00205690599978, 0.00118036207277, 0.00371063989587, 0.00166568078566, 0.000915409007575, 0.000785457843449, 0.00290122558363, 0.00132275396027, 0.000701402314007, 0.000757861358579, 0.00065517850453, 0.000506452750415, 0.000837093160953, 0.000965587736573, 0.000676246127114, 0.000412822089856, 0.00047288951464, 0.000337430567015, 0.000353905314114, 0.000368973618606, 0.000248267431743, 0.000597111589741, 0.000179565380677, 0.000113625581434], "dvar2": [5.42446559848e-06, 3.85336488762e-06, 2.12263785215e-06, 7.69251016663e-07, 5.64787910662e-07, 1.01923114926e-06, 6.33322599697e-07, 1.2469313333e-06, 6.90242131896e-07, 6.03943249189e-07, 4.21668772788e-07, 2.89683981691e-07, 7.30316926933e-08, 2.53413716678e-08, 1.36532927186e-08, 1.8814525049e-08, 9.90387682975e-09, 4.95354202101e-09, 1.03381401217e-08, 6.17982331974e-09, 2.21624563146e-09, 1.48542067535e-09, 4.32066293854e-09, 9.42286138006e-10, 7.13260672747e-10, 1.04806385792e-09, 7.90771892412e-10, 5.49439937991e-10, 7.60051799276e-10, 1.0232861225e-09, 2.30284635805e-09, 6.94928503631e-10, 7.45430328575e-10, 5.97491112142e-10, 1.47168210951e-09, 4.06475963999e-10, 2.74369915676e-10, 7.66987862111e-10, 1.11528515589e-10, 4.48717348001e-11], "median": [0.000151074986206, 0.000245007046033, 0.000386787636671, 0.000313068798278, 0.000226331787417, 0.000199499903829, 0.0001519859361, 0.000116879062261, 7.15685891919e-05, 5.62164532312e-05, 3.2549520256e-05, 2.64666377916e-05, 2.12969771383e-05, 1.15636848932e-05, 1.13914111353e-05, 1.03458278318e-05, 7.51221796236e-06, 7.6351370808e-06, 8.1639536802e-06, 7.82000006438e-06, 6.63650916977e-06, 5.6660046539e-06, 4.6686600399e-06, 4.30070031143e-06, 3.90436616726e-06, 3.70669977201e-06, 2.22473681788e-06, 1.54624422066e-06, 1.84440045814e-06, 2.49074582825e-06, 2.99592102238e-06, 1.38653297199e-06, 1.1330689631e-06, 2.46353511102e-06, 1.65951882991e-06, 6.86593466526e-07, 5.82934148952e-07, 5.20976527696e-07, 4.33641844211e-07, 5.4974196928e-07], "dmean2": [0.000897481921129, 0.000741783122066, 0.000734895700589, 0.000484421529109, 0.000351986993337, 0.000424345140345, 0.000321779545629, 0.00036623023334, 0.000296531536151, 0.000295155012282, 0.000210721729673, 0.000155418572831, 9.26173379412e-05, 5.40940563951e-05, 4.0117673052e-05, 3.99443342758e-05, 3.06222245854e-05, 2.65566995949e-05, 2.88284172711e-05, 2.58865002252e-05, 1.77322635864e-05, 1.2612554201e-05, 1.32258810481e-05, 9.80088498181e-06, 8.62511478772e-06, 9.5856257758e-06, 6.98849817127e-06, 5.67719462197e-06, 6.73275690133e-06, 1.0300638678e-05, 1.78943428182e-05, 8.39078256831e-06, 7.837231351e-06, 9.74042905e-06, 1.10188793769e-05, 6.28765928923e-06, 4.64266031486e-06, 6.12880285189e-06, 3.21334323417e-06, 2.62948424279e-06], "dmean": [0.000569687748794, 0.000438233633759, 0.000435375783127, 0.000298635422951, 0.00022501933563, 0.000273439334705, 0.000202845214517, 0.000233881160966, 0.000191709696082, 0.000187803438166, 0.000135257098009, 0.000100026489235, 5.82616703468e-05, 3.40043770848e-05, 2.54077513091e-05, 2.49785553024e-05, 1.87527130038e-05, 1.64926223079e-05, 1.78737063834e-05, 1.61998577823e-05, 1.10115743155e-05, 7.85517477198e-06, 8.11392419564e-06, 6.05611603532e-06, 5.43320356883e-06, 6.10890765529e-06, 4.43375711257e-06, 3.5270072658e-06, 4.16400825998e-06, 6.59638135403e-06, 1.11468452815e-05, 5.25797440787e-06, 4.89569401907e-06, 6.33786339677e-06, 7.19983427189e-06, 4.13263614973e-06, 3.05529601974e-06, 3.87427871829e-06, 2.10737721318e-06, 1.74758440608e-06], "var": [4.18059880758e-06, 1.49527022586e-06, 1.13331088869e-06, 6.07431445587e-07, 4.75816534617e-07, 6.88192756115e-07, 3.60936752486e-07, 5.96101017436e-07, 4.4880795258e-07, 4.400095861e-07, 3.23721963014e-07, 2.31082736946e-07, 5.50926699816e-08, 1.64232609734e-08, 1.29217569977e-08, 1.15128555578e-08, 4.61018379028e-09, 2.84462298161e-09, 5.07747488498e-09, 3.80109677067e-09, 1.25184063116e-09, 8.37593328029e-10, 1.41233302831e-09, 4.76997275012e-10, 5.59270407763e-10, 7.23932414015e-10, 4.69523420144e-10, 2.3573301644e-10, 3.09134773335e-10, 5.74839842393e-10, 1.19288201539e-09, 5.25885279767e-10, 5.70722968884e-10, 4.98193153398e-10, 7.38383909571e-10, 2.65210159389e-10, 1.92707155788e-10, 3.98304444982e-10, 8.03894520396e-11, 2.90559642319e-11], "dvar": [2.00595627575e-06, 1.3830970147e-06, 7.81545963946e-07, 3.00173724099e-07, 2.1545730533e-07, 4.12075621625e-07, 2.52178836035e-07, 4.98959195738e-07, 2.76765092622e-07, 2.37340884723e-07, 1.64682603554e-07, 1.16264942562e-07, 2.9033143889e-08, 1.05100790293e-08, 6.10652417521e-09, 7.54677120796e-09, 3.79761200264e-09, 1.98022576114e-09, 3.99592980926e-09, 2.46520870384e-09, 8.83180584221e-10, 6.21818652125e-10, 1.56525781225e-09, 3.77500225524e-10, 3.12860348739e-10, 4.40931180457e-10, 3.3851238479e-10, 2.10414546897e-10, 2.8220156767e-10, 4.14164230689e-10, 9.22580123408e-10, 2.9734548157e-10, 3.18030990432e-10, 2.73299244347e-10, 6.13314343756e-10, 1.77393294498e-10, 1.19078552574e-10, 3.00111852036e-10, 4.90788347463e-11, 2.00748671159e-11], "mean": [0.00112444360275, 0.00070228043478, 0.000755411747377, 0.00056989362929, 0.000447750935564, 0.000482797884615, 0.000343449006323, 0.000358935649274, 0.000318867649185, 0.000320922263199, 0.000233043523622, 0.000173187101609, 9.39427409321e-05, 4.99460911669e-05, 4.11298715335e-05, 3.71756359527e-05, 2.74366120721e-05, 2.54632523138e-05, 2.91921205644e-05, 2.57538449659e-05, 1.7182150259e-05, 1.30826620079e-05, 1.25966698761e-05, 9.47355692915e-06, 9.56780058914e-06, 1.02151998362e-05, 6.75634191794e-06, 5.00591386299e-06, 6.01419378654e-06, 8.94699041964e-06, 1.32530149131e-05, 7.09097957952e-06, 6.75452429277e-06, 9.1495230663e-06, 9.27404653339e-06, 5.57076418772e-06, 4.45157093054e-06, 5.13332406626e-06, 3.01731097352e-06, 2.32657907873e-06]}, "spectral_entropy": {"min": 4.77235984802, "max": 9.01120948792, "dvar2": 0.0953723862767, "median": 7.68727588654, "dmean2": 0.28334325552, "dmean": 0.202052071691, "var": 0.308323174715, "dvar": 0.0525771416724, "mean": 7.6266283989}, "spectral_rolloff": {"min": 21.533203125, "max": 14039.6484375, "dvar2": 6740295.5, "median": 990.52734375, "dmean2": 1535.95385742, "dmean": 942.333496094, "var": 7912832.5, "dvar": 3405045.5, "mean": 2190.7668457}, "barkbands": {"min": [6.47337001711e-13, 2.62679652335e-11, 4.4347248096e-11, 3.64549675169e-11, 4.95764852781e-11, 1.45394590464e-11, 4.94865650194e-12, 5.17505613015e-12, 3.93701651141e-12, 2.61162619308e-12, 3.4054105022e-12, 3.92690220619e-12, 2.83452905245e-12, 2.71968623837e-12, 1.87085113026e-12, 1.94678322941e-12, 9.91506789866e-13, 1.25691438594e-12, 7.39530452935e-13, 1.2703478677e-12, 1.50319394519e-12, 1.3159452911e-12, 1.35005982088e-12, 1.26176456436e-12, 2.43927252529e-12, 1.43351064526e-12, 2.21096699976e-11], "max": [0.00327771669254, 0.0702470764518, 0.0488521158695, 0.0333991199732, 0.0358665063977, 0.0733445063233, 0.0702369064093, 0.0537796206772, 0.052282396704, 0.0640861392021, 0.0299733579159, 0.0205316301435, 0.036345154047, 0.0171407945454, 0.0379407145083, 0.0147969424725, 0.0130995530635, 0.043246589601, 0.017114976421, 0.0208648908883, 0.0312233418226, 0.0192646775395, 0.0133860819042, 0.0209226403385, 0.0181890614331, 0.00310485973023, 0.00196466594934], "dvar2": [7.34446317097e-08, 6.53193128528e-05, 1.76379799086e-05, 1.27751491164e-05, 1.3020854567e-05, 2.34969938901e-05, 1.96481105377e-05, 2.62102366833e-05, 2.64818318101e-05, 1.45662925206e-05, 5.53413974558e-06, 1.64132859481e-06, 1.65400854257e-06, 9.15180976335e-07, 1.39972758006e-06, 6.55126655147e-07, 4.30176015698e-07, 8.02941201528e-07, 6.11279460827e-07, 6.25120094355e-07, 1.9283140773e-06, 1.52530037667e-06, 2.49619779424e-06, 2.09583186006e-06, 5.03126057083e-06, 7.59284617402e-08, 1.34443132183e-08], "median": [8.6434687546e-05, 0.00056237145327, 0.000261453387793, 0.000651915208437, 0.00136796571314, 0.00105047225952, 0.000731864012778, 0.00034819584107, 0.000401567900553, 0.000188150501344, 0.000130990054458, 0.000102781443275, 0.00010165450658, 8.48312338348e-05, 0.000119990443636, 0.000107341998955, 0.000105095045001, 8.98013749975e-05, 0.000100210505479, 5.52428173251e-05, 0.000125180536998, 7.13915360393e-05, 0.000115743445349, 4.6231347369e-05, 0.000111703513539, 1.57769572979e-05, 3.1935574043e-06], "dmean2": [0.000120206241263, 0.00320318341255, 0.00122922181617, 0.00180191325489, 0.00205165054649, 0.00212045502849, 0.00171157962177, 0.0017308088718, 0.00202323915437, 0.00128490058705, 0.000761560571846, 0.000443188473582, 0.000414694310166, 0.000318682490615, 0.000401966157369, 0.000286268739728, 0.000234724982874, 0.00019208190497, 0.000234614068177, 0.000183300697245, 0.000507072545588, 0.000388317450415, 0.000559942098334, 0.000390719098505, 0.000653376977425, 0.000100995392131, 3.270058005e-05], "dmean": [7.94347579358e-05, 0.00199107266963, 0.00071406411007, 0.0010689040646, 0.00127433985472, 0.00136989692692, 0.00107937224675, 0.00110513751861, 0.00128140707966, 0.000831332115922, 0.000476564368, 0.000276982726064, 0.000257544365013, 0.000195702436031, 0.000249421718763, 0.000178987567779, 0.000146534337546, 0.000119364383863, 0.000149317347677, 0.000115238457511, 0.000323589716572, 0.000248528987868, 0.000372021837393, 0.000255940016359, 0.000424182246206, 6.58994613332e-05, 2.00251615752e-05], "var": [1.02329146046e-07, 4.27319464507e-05, 5.79033212489e-06, 7.5477360042e-06, 1.09143702502e-05, 1.72930940607e-05, 1.01714049379e-05, 1.4719007595e-05, 1.98475681827e-05, 1.12528714453e-05, 4.16411421611e-06, 1.07273353933e-06, 1.39853648307e-06, 4.28897209304e-07, 8.23407617645e-07, 3.84288483701e-07, 2.54689865642e-07, 2.99321754937e-07, 4.38048630258e-07, 2.69933650543e-07, 1.13337955554e-06, 1.35007280733e-06, 1.68819747159e-06, 1.40256599934e-06, 2.22359176405e-06, 4.20367527454e-08, 4.43234648984e-09], "dvar": [2.72252069777e-08, 2.34084327531e-05, 6.29341775493e-06, 4.73984937344e-06, 5.11518510393e-06, 9.44633757172e-06, 7.7211898315e-06, 1.0476850548e-05, 1.01811256172e-05, 5.92011247136e-06, 2.20095671466e-06, 6.74381226418e-07, 6.83617258801e-07, 3.54680082637e-07, 5.53175709683e-07, 2.67491486738e-07, 1.79051340865e-07, 2.98296043866e-07, 2.58452530488e-07, 2.42966279984e-07, 7.90409103502e-07, 6.81385074586e-07, 1.11422889404e-06, 8.85731537892e-07, 2.14817555388e-06, 3.19775494972e-08, 5.32914112839e-09], "mean": [0.000236039777519, 0.00364119140431, 0.00107397267129, 0.00172121392097, 0.0024871211499, 0.00248253927566, 0.00177448673639, 0.00164414837491, 0.00222070654854, 0.00135724467691, 0.00073609087849, 0.000418606912717, 0.000393384572817, 0.000287293980364, 0.000412162422435, 0.000290825875709, 0.000246855983278, 0.000192392835743, 0.000261563196545, 0.000169410661329, 0.000434472720372, 0.000357993441867, 0.000521609559655, 0.000373267917894, 0.000476422457723, 8.28676129458e-05, 1.86099350685e-05]}, "melbands_flatness_db": {"min": 0.0261528417468, "max": 0.625171363354, "dvar2": 0.00183980353177, "median": 0.174200356007, "dmean2": 0.0406765528023, "dmean": 0.0275784377009, "var": 0.00813581887633, "dvar": 0.000928183784708, "mean": 0.192512989044}, "melbands_skewness": {"min": -3.49213790894, "max": 28.8638916016, "dvar2": 3.12257122993, "median": 2.51140069962, "dmean2": 1.27480900288, "dmean": 0.82872647047, "var": 7.24302816391, "dvar": 1.40843403339, "mean": 3.06015753746}, "barkbands_skewness": {"min": -6.18954610825, "max": 33.8509559631, "dvar2": 2.25722289085, "median": 1.59978175163, "dmean2": 1.00481748581, "dmean": 0.676077723503, "var": 4.56867837906, "dvar": 1.18442952633, "mean": 1.86661159992}, "silence_rate_60dB": {"min": 0, "max": 1, "dvar2": 0.0350636541843, "median": 0, "dmean2": 0.0316271968186, "dmean": 0.0158123895526, "var": 0.0946769118309, "dvar": 0.0155591778457, "mean": 0.10586617887}, "spectral_energyband_low": {"min": 9.06221833685e-11, "max": 0.0836398154497, "dvar2": 0.000100171011582, "median": 0.00272775231861, "dmean2": 0.00467624515295, "dmean": 0.00285466457717, "var": 6.25220200163e-05, "dvar": 3.62726459571e-05, "mean": 0.00571698741987}, "spectral_energyband_middle_low": {"min": 1.25379831517e-10, "max": 0.1095989272, "dvar2": 0.00013798911823, "median": 0.0094569856301, "dmean2": 0.00748464744538, "dmean": 0.00481899641454, "var": 0.000148628067109, "dvar": 5.93308832322e-05, "mean": 0.0128118246794}, "melbands_kurtosis": {"min": -1.89778506756, "max": 1407.26818848, "dvar2": 4135.50830078, "median": 9.7009973526, "dmean2": 18.7630405426, "dmean": 11.8822727203, "var": 5127.56054688, "dvar": 1753.3939209, "mean": 25.5621185303}, "spectral_decrease": {"min": -3.4438595975e-08, "max": -4.97574847224e-17, "dvar2": 1.63371297722e-17, "median": -4.91983387363e-09, "dmean2": 2.9309852323e-09, "dmean": 1.87421411724e-09, "var": 1.87764853986e-17, "dvar": 6.85039467735e-18, "mean": -5.70911318221e-09}, "erbbands_kurtosis": {"min": -1.8703764677, "max": 62.5071029663, "dvar2": 13.7798967361, "median": 0.0435177087784, "dmean2": 2.25758695602, "dmean": 1.47011375427, "var": 16.8164710999, "dvar": 6.44338655472, "mean": 1.53215694427}, "melbands_crest": {"min": 3.02687978745, "max": 38.3494567871, "dvar2": 24.6493167877, "median": 13.0021743774, "dmean2": 5.10267305374, "dmean": 3.12372350693, "var": 41.7360839844, "dvar": 9.85348987579, "mean": 14.3093576431}, "gfcc": {"cov": [[14914.9345703, -1105.92321777, -1912.34484863, -300.181762695, -1185.1427002, 68.5643157959, -406.156799316, 336.708007812, -174.58807373, -138.922103882, -257.715576172, -52.2710075378, 0.58448857069], [-1105.92321777, 1795.07556152, -27.0054340363, -122.696632385, 299.063903809, -198.765930176, -7.27233839035, -3.19125294685, 58.8631515503, -70.5813903809, 137.02684021, -108.796455383, 20.3995857239], [-1912.34484863, -27.0054340363, 1088.32299805, 332.626464844, 167.198547363, 129.071014404, 95.3227157593, -24.2719421387, 53.8319702148, 90.3381652832, 31.8526115417, 57.6862411499, -4.94499015808], [-300.181762695, -122.696632385, 332.626464844, 525.985351562, 209.162948608, 117.828285217, 108.416267395, 61.7543067932, 62.3844337463, 65.3421630859, 53.4920692444, 49.1892127991, 21.1443691254], [-1185.1427002, 299.063903809, 167.198547363, 209.162948608, 443.824371338, 94.3731384277, 127.310119629, 31.6676082611, 65.2770462036, 56.8431510925, 70.212020874, 20.2902240753, 26.6870708466], [68.5643157959, -198.765930176, 129.071014404, 117.828285217, 94.3731384277, 310.12991333, 164.317520142, 82.4409484863, 48.8140068054, 59.4142494202, 32.0208053589, 48.7129859924, 28.7627353668], [-406.156799316, -7.27233839035, 95.3227157593, 108.416267395, 127.310119629, 164.317520142, 266.016113281, 103.479263306, 65.5629653931, 60.7114639282, 48.9153747559, 43.0305366516, 27.3711643219], [336.708007812, -3.19125294685, -24.2719421387, 61.7543067932, 31.6676082611, 82.4409484863, 103.479263306, 172.087310791, 80.8446044922, 24.6954078674, 45.6723480225, 16.3219242096, 21.9146690369], [-174.58807373, 58.8631515503, 53.8319702148, 62.3844337463, 65.2770462036, 48.8140068054, 65.5629653931, 80.8446044922, 131.213989258, 62.9237747192, 49.9088249207, 10.4485969543, 24.9479846954], [-138.922103882, -70.5813903809, 90.3381652832, 65.3421630859, 56.8431510925, 59.4142494202, 60.7114639282, 24.6954078674, 62.9237747192, 138.882751465, 44.9997901917, 51.6670036316, 23.4316673279], [-257.715576172, 137.02684021, 31.8526115417, 53.4920692444, 70.212020874, 32.0208053589, 48.9153747559, 45.6723480225, 49.9088249207, 44.9997901917, 133.343185425, 30.365978241, 19.5841274261], [-52.2710075378, -108.796455383, 57.6862411499, 49.1892127991, 20.2902240753, 48.7129859924, 43.0305366516, 16.3219242096, 10.4485969543, 51.6670036316, 30.365978241, 119.735046387, 47.9332923889], [0.58448857069, 20.3995857239, -4.94499015808, 21.1443691254, 26.6870708466, 28.7627353668, 27.3711643219, 21.9146690369, 24.9479846954, 23.4316673279, 19.5841274261, 47.9332923889, 99.9023208618]], "icov": [[0.000151109445142, -5.59899235668e-05, 0.00026686428464, -0.000230509482208, 0.000395882496377, -0.000289833609713, 0.000347202556441, -0.000486026401632, 0.000288551644189, -0.000258340092842, 0.000258919026237, -6.98698340784e-06, 2.85743499262e-06], [-5.59899235668e-05, 0.00103053322528, -0.000240754743572, 0.000614194432274, -0.00101279292721, 0.000913518946618, -0.000325952976709, 0.000215683365241, -0.000421805103542, 0.000820165558252, -0.00123348657507, 0.000888923241291, -0.000574217585381], [0.00026686428464, -0.000240754743572, 0.00175889628008, -0.00119053386152, 0.000797170039732, -0.000907022447791, 0.00047751807142, 4.2621675675e-05, -1.19032040402e-06, -0.000734432192985, 0.000706349674147, -0.00049236085033, 0.000564972695429], [-0.000230509482208, 0.000614194432274, -0.00119053386152, 0.00357028888538, -0.00206729769707, 0.000601792067755, -0.000489672238473, -0.000146267513628, -0.000512206926942, 0.000609350798186, -0.00103288050741, -1.00775168903e-05, -0.000201121365535], [0.000395882496377, -0.00101279292721, 0.000797170039732, -0.00206729769707, 0.00509231351316, -0.00156368524767, -0.000163167060236, -9.77609524853e-05, 0.000209353223909, -0.00125376705546, 0.000592108059209, -6.15539611317e-05, -7.2295811151e-06], [-0.000289833609713, 0.000913518946618, -0.000907022447791, 0.000601792067755, -0.00156368524767, 0.00638894364238, -0.00325924274512, -0.00018202024512, -0.000235155006521, 0.000312361051328, -0.000922770181205, 0.000181868221262, -0.000766841578297], [0.000347202556441, -0.000325952976709, 0.00047751807142, -0.000489672238473, -0.000163167060236, -0.00325924274512, 0.00810528919101, -0.00407228479162, 0.000922769540921, -0.00164634606335, 0.000741787662264, -0.000839777640067, 0.000259590655332], [-0.000486026401632, 0.000215683365241, 4.2621675675e-05, -0.000146267513628, -9.77609524853e-05, -0.00018202024512, -0.00407228479162, 0.0129524506629, -0.00727962004021, 0.00347815849818, -0.00230371020734, -0.000481342460262, 2.9507533327e-05], [0.000288551644189, -0.000421805103542, -1.19032040402e-06, -0.000512206926942, 0.000209353223909, -0.000235155006521, 0.000922769540921, -0.00727962004021, 0.0161563716829, -0.00663206540048, -0.000918488018215, 0.00329226464964, -0.00233007199131], [-0.000258340092842, 0.000820165558252, -0.000734432192985, 0.000609350798186, -0.00125376705546, 0.000312361051328, -0.00164634606335, 0.00347815849818, -0.00663206540048, 0.0131747126579, -0.00260337488726, -0.00368605018593, 0.00044682767475], [0.000258919026237, -0.00123348657507, 0.000706349674147, -0.00103288050741, 0.000592108059209, -0.000922770181205, 0.000741787662264, -0.00230371020734, -0.000918488018215, -0.00260337488726, 0.0116570154205, -0.00265023717657, 0.000739952374715], [-6.98698340784e-06, 0.000888923241291, -0.00049236085033, -1.00775168903e-05, -6.15539611317e-05, 0.000181868221262, -0.000839777640067, -0.000481342460262, 0.00329226464964, -0.00368605018593, -0.00265023717657, 0.0141271594912, -0.00612026965246], [2.85743499262e-06, -0.000574217585381, 0.000564972695429, -0.000201121365535, -7.2295811151e-06, -0.000766841578297, 0.000259590655332, 2.9507533327e-05, -0.00233007199131, 0.00044682767475, 0.000739952374715, -0.00612026965246, 0.013611195609]], "mean": [-9.22569179535, 61.712677002, -95.420211792, 23.1442451477, -68.6972885132, 12.3119115829, -40.7821578979, 8.18262481689, -22.1991252899, 3.37340664864, -20.1205310822, 1.57569301128, -9.54226207733]}, "melbands_spread": {"min": 0.208498507738, "max": 250.265518188, "dvar2": 963.811279297, "median": 18.8380661011, "dmean2": 17.291009903, "dmean": 11.152007103, "var": 1169.76025391, "dvar": 461.675231934, "mean": 28.9601173401}, "spectral_energy": {"min": 2.64645971804e-10, "max": 0.139281451702, "dvar2": 0.000271826051176, "median": 0.0211162343621, "dmean2": 0.0123119326308, "dmean": 0.00796014163643, "var": 0.0003300132812, "dvar": 0.000116594543215, "mean": 0.0243126954883}, "mfcc": {"cov": [[11106.8964844, -276.132202148, -580.518920898, -575.148254395, -543.687866211, -606.331604004, -337.670623779, -78.4935531616, -38.7493782043, 62.4168167114, -184.762329102, -129.156051636, -273.401428223], [-276.132202148, 1485.3137207, -231.463378906, 32.105796814, 80.8463516235, -126.660751343, -16.2872066498, -41.3452606201, -71.6424713135, 9.60244750977, -2.89711022377, -36.0796127319, -13.9337215424], [-580.518920898, -231.463378906, 760.120910645, 166.078948975, 80.5074157715, 123.726745605, 39.4247703552, 39.2009124756, 21.9735221863, -1.94709897041, 40.3950653076, 48.2161216736, 22.1099205017], [-575.148254395, 32.105796814, 166.078948975, 444.8387146, 177.579727173, 115.694496155, 60.9687080383, 32.4866371155, 34.0291099548, 0.622001230717, 45.9089660645, 53.8244590759, 66.4120941162], [-543.687866211, 80.8463516235, 80.5074157715, 177.579727173, 291.171020508, 97.4264678955, 68.3400650024, 23.5070133209, 21.3444690704, 38.198135376, 13.4519195557, 43.2429275513, 26.5860748291], [-606.331604004, -126.660751343, 123.726745605, 115.694496155, 97.4264678955, 299.243865967, 126.408851624, 68.8143310547, 75.0172653198, 4.34104776382, 72.8755645752, 36.2180709839, 75.5785217285], [-337.670623779, -16.2872066498, 39.4247703552, 60.9687080383, 68.3400650024, 126.408851624, 206.626358032, 106.923347473, 57.875705719, 48.0421867371, 53.6114082336, 49.1942405701, 35.6651725769], [-78.4935531616, -41.3452606201, 39.2009124756, 32.4866371155, 23.5070133209, 68.8143310547, 106.923347473, 167.726821899, 75.058052063, 39.834148407, 42.6712303162, 35.696762085, 39.4059143066], [-38.7493782043, -71.6424713135, 21.9735221863, 34.0291099548, 21.3444690704, 75.0172653198, 57.875705719, 75.058052063, 148.864532471, 47.9950675964, 38.2947731018, 21.9516525269, 30.4908714294], [62.4168167114, 9.60244750977, -1.94709897041, 0.622001230717, 38.198135376, 4.34104776382, 48.0421867371, 39.834148407, 47.9950675964, 142.641616821, 45.2252883911, 26.386384964, 4.08219814301], [-184.762329102, -2.89711022377, 40.3950653076, 45.9089660645, 13.4519195557, 72.8755645752, 53.6114082336, 42.6712303162, 38.2947731018, 45.2252883911, 134.013656616, 56.1976013184, 42.9572029114], [-129.156051636, -36.0796127319, 48.2161216736, 53.8244590759, 43.2429275513, 36.2180709839, 49.1942405701, 35.696762085, 21.9516525269, 26.386384964, 56.1976013184, 113.863464355, 47.0952568054], [-273.401428223, -13.9337215424, 22.1099205017, 66.4120941162, 26.5860748291, 75.5785217285, 35.6651725769, 39.4059143066, 30.4908714294, 4.08219814301, 42.9572029114, 47.0952568054, 112.403533936]], "icov": [[0.000114813003165, 2.8351229048e-05, 5.77746031922e-05, 1.3093036614e-05, 0.000136241826112, 0.000101835081296, 0.000121040553495, -9.008863708e-05, -5.09809178766e-05, -0.000103589351056, 7.22331824363e-05, -7.48590682633e-05, 0.000177507405169], [2.8351229048e-05, 0.00080690899631, 0.000232587161008, -8.36704712128e-05, -0.000388439628296, 0.000559389300179, -0.000209920399357, 4.6230834414e-05, 0.000273579440545, 3.6210174585e-05, -0.000420780444983, 0.000497479399201, -0.000184333679499], [5.77746031922e-05, 0.000232587161008, 0.00162845256273, -0.000497566827107, -1.27904502278e-06, -0.000502025301103, 0.000420266325818, -0.00040218848153, 0.000257179053733, -2.18286331801e-05, -7.28850864107e-05, -0.00048875779612, 0.000652191578411], [1.3093036614e-05, -8.36704712128e-05, -0.000497566827107, 0.00347821856849, -0.00186187669169, 5.50338245375e-06, -9.7304728115e-05, 0.000183114156243, -0.000406659441069, 0.000838080828544, -0.000615178141743, -7.72231433075e-05, -0.00118502299301], [0.000136241826112, -0.000388439628296, -1.27904502278e-06, -0.00186187669169, 0.00584453111514, -0.0016590973828, -0.000244412163738, 0.000252561585512, 0.000403467012802, -0.00204001530074, 0.00217478326522, -0.00185159000102, 0.00101503462065], [0.000101835081296, 0.000559389300179, -0.000502025301103, 5.50338245375e-06, -0.0016590973828, 0.00733007770032, -0.00344630144536, 0.000951737514697, -0.00200736778788, 0.0021962095052, -0.00268930010498, 0.00238442560658, -0.0028703501448], [0.000121040553495, -0.000209920399357, 0.000420266325818, -9.7304728115e-05, -0.000244412163738, -0.00344630144536, 0.0101135605946, -0.00498163653538, 0.000714212888852, -0.00183497730177, 0.000288954965072, -0.0023161326535, 0.00188860751223], [-9.008863708e-05, 4.6230834414e-05, -0.00040218848153, 0.000183114156243, 0.000252561585512, 0.000951737514697, -0.00498163653538, 0.0109123503789, -0.00351273012348, -7.84386793384e-05, -0.00042737799231, 0.000109438864456, -0.0021138950251], [-5.09809178766e-05, 0.000273579440545, 0.000257179053733, -0.000406659441069, 0.000403467012802, -0.00200736778788, 0.000714212888852, -0.00351273012348, 0.0103021133691, -0.00276631419547, -0.000111451532575, 0.000267541501671, -0.000404865684686], [-0.000103589351056, 3.6210174585e-05, -2.18286331801e-05, 0.000838080828544, -0.00204001530074, 0.0021962095052, -0.00183497730177, -7.84386793384e-05, -0.00276631419547, 0.0101836007088, -0.00351186282933, 7.15844216757e-05, 0.000569882744458], [7.22331824363e-05, -0.000420780444983, -7.28850864107e-05, -0.000615178141743, 0.00217478326522, -0.00268930010498, 0.000288954965072, -0.00042737799231, -0.000111451532575, -0.00351186282933, 0.0124888820574, -0.00469021266326, -0.00079662934877], [-7.48590682633e-05, 0.000497479399201, -0.00048875779612, -7.72231433075e-05, -0.00185159000102, 0.00238442560658, -0.0023161326535, 0.000109438864456, 0.000267541501671, 7.15844216757e-05, -0.00469021266326, 0.0141903683543, -0.0046756756492], [0.000177507405169, -0.000184333679499, 0.000652191578411, -0.00118502299301, 0.00101503462065, -0.0028703501448, 0.00188860751223, -0.0021138950251, -0.000404865684686, 0.000569882744458, -0.00079662934877, -0.0046756756492, 0.0140616325662]], "mean": [-657.229614258, 100.794647217, 17.881231308, 14.5111017227, -3.31760239601, 2.4624311924, -8.64308547974, 2.17899417877, 0.354362159967, -1.55695927143, -0.278696805239, -3.16527986526, -1.35172367096]}, "spectral_contrast_valleys": {"min": [-15.1235694885, -15.934800148, -16.459197998, -17.0532054901, -17.1302928925, -18.4489955902], "max": [-5.53114175797, -4.43694543839, -4.58547735214, -5.1892209053, -5.1702208519, -7.18596744537], "dvar2": [0.329883515835, 0.333896756172, 0.308010220528, 0.296252846718, 0.272430032492, 0.375078082085], "median": [-7.75964069366, -6.78392028809, -7.64012813568, -8.12414169312, -7.89692974091, -9.89776420593], "dmean2": [0.639398217201, 0.588469028473, 0.554741621017, 0.513870835304, 0.453241109848, 0.501823604107], "dmean": [0.39217749238, 0.376651674509, 0.358948558569, 0.339108705521, 0.316677361727, 0.398633033037], "var": [1.42911922932, 1.53620266914, 1.66509878635, 1.54247689247, 1.58467459679, 1.9149838686], "dvar": [0.138158366084, 0.151583313942, 0.144627794623, 0.140934959054, 0.136753290892, 0.214638441801], "mean": [-7.87597131729, -7.00329446793, -7.73043489456, -8.24993610382, -8.07033729553, -10.0108127594]}, "barkbands_flatness_db": {"min": 0.0133032212034, "max": 0.494803905487, "dvar2": 0.00116804265417, "median": 0.110042765737, "dmean2": 0.0331340618432, "dmean": 0.0222887508571, "var": 0.00454854592681, "dvar": 0.000567127426621, "mean": 0.125028759241}, "dynamic_complexity": 4.69582509995, "erbbands_flatness_db": {"min": 0.0232928209007, "max": 0.350896418095, "dvar2": 0.000726060301531, "median": 0.132450208068, "dmean2": 0.0266354829073, "dmean": 0.0183841250837, "var": 0.00182802753989, "dvar": 0.000359439232852, "mean": 0.138659223914}, "hfc": {"min": 8.472666195