{"lowlevel": {"spectral_complexity": {"min": 0, "max": 48, "dvar2": 23.6714706421, "median": 3, "dmean2": 3.00132989883, "dmean": 2.04780864716, "var": 63.9272880554, "dvar": 13.8781414032, "mean": 5.61273193359}, "silence_rate_20dB": {"min": 1, "max": 1, "dvar2": 0, "median": 1, "dmean2": 0, "dmean": 0, "var": 0, "dvar": 0, "mean": 1}, "average_loudness": 0.30244192481, "erbbands_spread": {"min": 0.74405169487, "max": 183.103393555, "dvar2": 1112.55004883, "median": 27.65650177, "dmean2": 26.2296295166, "dmean": 16.0114459991, "var": 883.909179688, "dvar": 414.57232666, "mean": 37.2480697632}, "spectral_kurtosis": {"min": -0.97428560257, "max": 49.9542312622, "dvar2": 48.6924362183, "median": 4.02726793289, "dmean2": 4.38110780716, "dmean": 2.66622257233, "var": 34.4361038208, "dvar": 20.0238265991, "mean": 5.47740364075}, "barkbands_kurtosis": {"min": -1.91971516609, "max": 12535.8203125, "dvar2": 1250895.875, "median": 11.1437234879, "dmean2": 119.765701294, "dmean": 64.6392745972, "var": 214905.609375, "dvar": 418152.71875, "mean": 51.6204719543}, "spectral_strongpeak": {"min": 0, "max": 36.479133606, "dvar2": 9.34658336639, "median": 0.296119809151, "dmean2": 1.34389793873, "dmean": 0.854992687702, "var": 20.6436748505, "dvar": 4.87669086456, "mean": 1.40439629555}, "spectral_spread": {"min": 1621626.625, "max": 17881052, "dvar2": 4997117378560.0, "median": 5524495, "dmean2": 1787179.625, "dmean": 1156777.875, "var": 4333175570430.0, "dvar": 1937071931390.0, "mean": 5725087.5}, "spectral_rms": {"min": 1.58052152983e-05, "max": 0.0204996820539, "dvar2": 5.4332849686e-06, "median": 0.00221671396866, "dmean2": 0.00125682167709, "dmean": 0.000890895084012, "var": 6.143203791e-06, "dvar": 2.23995220949e-06, "mean": 0.00256760790944}, "erbbands": {"min": [4.10148182084e-09, 2.26263701109e-08, 7.76980400019e-08, 2.16027999045e-07, 6.43633086383e-07, 2.08171854865e-06, 4.95114045407e-06, 3.80119195142e-06, 4.6385425776e-06, 3.82850203096e-06, 4.10152415498e-06, 1.08588237708e-05, 9.83312384051e-06, 9.67297455645e-06, 1.06798706838e-05, 6.19887032371e-06, 8.51150525705e-06, 1.34242891363e-05, 2.64674417849e-05, 3.03784345306e-05, 3.97638614231e-05, 4.90468300995e-05, 1.91075851035e-05, 2.17204797082e-05, 3.00590018014e-05, 4.19627540396e-05, 5.77307619096e-05, 3.92858564737e-05, 4.872986392e-05, 5.01148715557e-05, 4.6467735956e-05, 4.28810344602e-05, 3.315410504e-05, 2.24841405725e-05, 1.71242008946e-05, 8.75169371284e-06, 4.51877622254e-06, 2.17096999222e-06, 5.02166983551e-07, 4.77244306296e-08], "max": [1.41893899441, 6.37933778763, 15.2054243088, 22.741230011, 93.499382019, 283.500732422, 294.652618408, 162.990036011, 419.324768066, 277.011108398, 329.347412109, 548.173522949, 343.811981201, 858.520080566, 2680.08569336, 177.373062134, 127.391700745, 392.941436768, 456.500549316, 1572.5612793, 1269.38500977, 3600.13183594, 7016.13037109, 5371.41650391, 3907.8293457, 1083.79418945, 998.443054199, 596.916625977, 429.59463501, 347.237884521, 1270.35253906, 3045.05493164, 1196.32714844, 269.689910889, 115.551528931, 57.8744049072, 26.4148445129, 4.86186122894, 0.569884181023, 0.0284827444702], "dvar2": [0.026899555698, 0.672304928303, 3.08408880234, 7.01856851578, 54.2280426025, 559.75567627, 361.290588379, 285.806274414, 1703.39489746, 1163.53955078, 1184.77600098, 1346.1652832, 998.478637695, 2809.6394043, 18251.3320312, 276.012664795, 274.361907959, 2377.98828125, 1732.45141602, 19838.4609375, 13056.1875, 100069.742188, 416289.65625, 320117.96875, 194978.28125, 11685.5800781, 10788.3574219, 5873.30029297, 1827.87634277, 1995.88098145, 26671.875, 95034.109375, 12097.3427734, 1026.62609863, 178.571563721, 34.5722770691, 5.61543321609, 0.204793557525, 0.00439861649647, 8.5338124336e-06], "median": [0.000524216506165, 0.00305061391555, 0.0204442255199, 0.100055113435, 0.333452880383, 0.293332517147, 0.28391379118, 0.273894667625, 0.387235939503, 0.337745964527, 0.235725045204, 0.18196208775, 0.180908665061, 0.133252650499, 0.114840403199, 0.0920051336288, 0.0956837013364, 0.146490976214, 0.209405392408, 0.324002981186, 0.293743133545, 0.316631227732, 0.364308804274, 0.436220049858, 0.243738085032, 0.270304858685, 0.283733725548, 0.13441927731, 0.0362203046679, 0.030024792999, 0.194388926029, 0.242266595364, 0.20978102088, 0.134069949389, 0.0645059794188, 0.012417351827, 0.00234694848768, 0.000265651324298, 3.04349450744e-05, 1.12928501039e-05], "dmean2": [0.0345064215362, 0.145734712481, 0.498283177614, 1.17735660076, 3.41623830795, 7.1106133461, 5.38278865814, 5.87094974518, 12.5821580887, 9.79705142975, 9.31131649017, 11.4053201675, 8.02914524078, 10.6914052963, 17.3059444427, 4.27064180374, 3.68616557121, 7.64001846313, 5.78766107559, 13.3850231171, 11.4485368729, 24.6861495972, 60.5885658264, 63.5156364441, 59.7019805908, 20.6428661346, 19.8878955841, 18.5700969696, 11.8422145844, 13.6359815598, 36.2612686157, 55.7753334045, 21.3258228302, 7.11478853226, 2.36916232109, 0.804766237736, 0.249573871493, 0.0398739650846, 0.00579370139167, 0.000282249122392], "dmean": [0.0206157658249, 0.0820542573929, 0.284376680851, 0.861571848392, 2.61354231834, 4.64633798599, 3.51187348366, 3.95212960243, 7.97098445892, 6.08214235306, 6.13201189041, 8.20787906647, 5.20197296143, 8.30798053741, 11.0638933182, 2.59461188316, 2.41187763214, 4.46956110001, 3.28255915642, 7.17643213272, 6.20765781403, 12.9953508377, 33.4955101013, 35.4875907898, 36.0260543823, 13.1855506897, 11.4836502075, 10.9962978363, 7.47336244583, 8.60009860992, 21.784658432, 33.1924362183, 13.2838344574, 4.38355922699, 1.43154478073, 0.468562483788, 0.141798377037, 0.0213037598878, 0.00300542125478, 0.000150973850396], "var": [0.00834490545094, 0.140897974372, 1.13362658024, 9.56266975403, 118.758796692, 379.441864014, 424.638427734, 272.021392822, 1064.59814453, 432.849578857, 612.41015625, 1696.74182129, 761.574584961, 9640.72851562, 100446.914062, 294.362640381, 124.277885437, 558.515319824, 335.947265625, 3440.14453125, 2308.55175781, 17488.3671875, 176911.546875, 119705.835938, 50226.234375, 5664.18359375, 2637.10327148, 1743.69689941, 779.483825684, 886.028442383, 7772.18310547, 27621.2460938, 3952.71777344, 396.385070801, 50.9383125305, 7.78960847855, 1.10081195831, 0.0350314006209, 0.000713020097464, 1.40654356073e-06], "dvar": [0.0101582650095, 0.233210042119, 1.11204981804, 3.18747544289, 32.404586792, 227.592712402, 182.383132935, 126.16771698, 765.030151367, 448.726379395, 515.770690918, 781.107849121, 498.335662842, 1927.74206543, 11897.1132812, 125.412223816, 97.0146255493, 740.361694336, 563.583007812, 6564.48339844, 4328.80126953, 32894.5117188, 140197, 100090.898438, 66466, 4352.70898438, 3563.30371094, 2116.4140625, 764.883239746, 807.027709961, 9859.31152344, 36170.3203125, 4802.99121094, 424.025482178, 63.067779541, 11.0995597839, 1.80878472328, 0.0634763836861, 0.00128076714464, 2.54026190305e-06], "mean": [0.0169173758477, 0.0681947693229, 0.306401699781, 1.72557425499, 5.7308716774, 6.79768657684, 5.56302642822, 7.02408361435, 10.1914196014, 6.82406520844, 6.75719881058, 10.3347473145, 6.93295669556, 19.4662380219, 45.7966384888, 4.69728708267, 3.09792733192, 4.38220643997, 3.06871914864, 5.39633369446, 4.83739471436, 9.88964557648, 60.6509017944, 55.8955726624, 31.1098136902, 15.1253433228, 12.0275964737, 11.4499902725, 7.87123966217, 9.81918334961, 18.8446903229, 27.1732692719, 11.4326963425, 3.96797704697, 1.26972186565, 0.406270712614, 0.110868148506, 0.0159726124257, 0.00206034746952, 0.000119435819215]}, "zerocrossingrate": {"min": 0, "max": 0.4189453125, "dvar2": 0.00168979598675, "median": 0.059814453125, "dmean2": 0.0317597091198, "dmean": 0.0302312877029, "var": 0.00836084969342, "dvar": 0.00172825658228, "mean": 0.0960593000054}, "spectral_contrast_coeffs": {"min": [-0.932880878448, -0.963686406612, -0.964766860008, -0.937994718552, -0.952143251896, -0.937923133373], "max": [-0.240142047405, -0.359084278345, -0.32872107625, -0.56747931242, -0.409770548344, -0.554299294949], "dvar2": [0.00788910128176, 0.00721708266065, 0.00386745948344, 0.00222017616034, 0.00221427017823, 0.00186905311421], "median": [-0.672114133835, -0.7918369174, -0.828301906586, -0.818638682365, -0.814935207367, -0.816361606121], "dmean2": [0.102207370102, 0.0932426974177, 0.0637046918273, 0.0550147220492, 0.0487805977464, 0.0402264334261], "dmean": [0.074440471828, 0.0661982595921, 0.0456031523645, 0.0360641442239, 0.0324355885386, 0.0267450604588], "var": [0.0394012071192, 0.021893305704, 0.0129927201197, 0.00418914388865, 0.00582733517513, 0.00443760259077], "dvar": [0.0054359943606, 0.00429855007678, 0.00227845343761, 0.00106277200393, 0.00108312349766, 0.00090801314218], "mean": [-0.641782939434, -0.743800342083, -0.801388025284, -0.815271258354, -0.810829043388, -0.800533235073]}, "dissonance": {"min": 0.125444099307, "max": 0.4999987185, "dvar2": 0.00376349315047, "median": 0.475374639034, "dmean2": 0.0505346432328, "dmean": 0.0329854935408, "var": 0.00578315835446, "dvar": 0.00190396548714, "mean": 0.438531517982}, "spectral_energyband_high": {"min": 2.7694492033e-08, "max": 0.14085136354, "dvar2": 0.000315261975629, "median": 6.53712195344e-05, "dmean2": 0.00432620709762, "dmean": 0.00269803637639, "var": 0.000107733161713, "dvar": 0.000121645716717, "mean": 0.00260259304196}, "spectral_skewness": {"min": -0.712867081165, "max": 5.77489805222, "dvar2": 0.731424629688, "median": 1.60594892502, "dmean2": 0.669993638992, "dmean": 0.447617679834, "var": 0.997308135033, "dvar": 0.3269726336, "mean": 1.64893841743}, "spectral_flux": {"min": 0.000385390827432, "max": 0.570283591747, "dvar2": 0.0032211036887, "median": 0.0388613343239, "dmean2": 0.0379236824811, "dmean": 0.024906726554, "var": 0.00362628465518, "dvar": 0.0016231139889, "mean": 0.0551589243114}, "silence_rate_30dB": {"min": 0, "max": 1, "dvar2": 0.0183623731136, "median": 1, "dmean2": 0.0159574467689, "dmean": 0.00796812772751, "var": 0.0207697078586, "dvar": 0.00790456589311, "mean": 0.97877985239}, "spectral_energyband_middle_high": {"min": 8.31772961618e-09, "max": 0.334294527769, "dvar2": 0.00105021009222, "median": 0.000128681407659, "dmean2": 0.00420024013147, "dmean": 0.00251712161116, "var": 0.000537790067028, "dvar": 0.00035223850864, "mean": 0.00444662524387}, "barkbands_spread": {"min": 0.0367432907224, "max": 110.083770752, "dvar2": 1013.59881592, "median": 10.9849224091, "dmean2": 23.3286876678, "dmean": 13.6348838806, "var": 586.182556152, "dvar": 385.325897217, "mean": 22.6540660858}, "spectral_centroid": {"min": 107.093429565, "max": 8324.27539062, "dvar2": 1467169.875, "median": 1675.42822266, "dmean2": 956.959716797, "dmean": 656.683776855, "var": 3284785.5, "dvar": 910955.875, "mean": 2049.28198242}, "pitch_salience": {"min": 0.00590123422444, "max": 0.952703535557, "dvar2": 0.0418212525547, "median": 0.572796225548, "dmean2": 0.18570792675, "dmean": 0.11650171876, "var": 0.0387559719384, "dvar": 0.0173760987818, "mean": 0.545273423195}, "erbbands_skewness": {"min": -5.57044315338, "max": 6.9762802124, "dvar2": 2.42235183716, "median": 0.124524012208, "dmean2": 1.37693071365, "dmean": 0.878163874149, "var": 3.11973357201, "dvar": 1.18006658554, "mean": 0.211182028055}, "erbbands_crest": {"min": 2.37311935425, "max": 27.3286991119, "dvar2": 19.789648056, "median": 9.82654762268, "dmean2": 5.08569812775, "dmean": 3.25682091713, "var": 23.3584117889, "dvar": 8.41703891754, "mean": 10.6327505112}, "melbands": {"min": [3.72040523389e-11, 3.73864203485e-11, 4.65122246274e-11, 8.89735854437e-11, 1.89630325331e-10, 7.96249038926e-11, 6.57847804009e-11, 5.50517548215e-11, 2.97470520438e-11, 6.68390273684e-11, 4.14062811815e-11, 3.12425640914e-11, 3.87311051286e-11, 2.46005490284e-11, 1.34435865218e-11, 1.70527567761e-11, 2.40028812798e-11, 3.78596390349e-11, 4.12902316504e-11, 3.12152942383e-11, 4.38396055569e-11, 5.42080061394e-11, 3.71683794853e-11, 9.78542247232e-12, 1.81500873359e-11, 1.35082561456e-11, 2.70187917178e-11, 2.50543596286e-11, 3.05788207255e-11, 2.52844013088e-11, 1.89053599164e-11, 2.45063570131e-11, 1.79970222752e-11, 2.56875336974e-11, 2.17245145484e-11, 2.87722849018e-11, 2.30926631983e-11, 2.23690458517e-11, 2.02313582554e-11, 1.75860818963e-11], "max": [0.0104869827628, 0.00580398272723, 0.00413705594838, 0.00857174675912, 0.0135349873453, 0.00384919717908, 0.00535916769877, 0.00385615462437, 0.00295817828737, 0.00406894041225, 0.0016618440859, 0.00359309255145, 0.0121855763718, 0.000560650136322, 0.000325330125634, 0.000519729394, 0.000770010461565, 0.000632357259747, 0.00168777769431, 0.00218491465785, 0.00120670255274, 0.00328327389434, 0.00571276107803, 0.00579573679715, 0.00443283934146, 0.00376863498241, 0.00275769759901, 0.000447939295555, 0.000658408331219, 0.000390895613236, 0.000296839454677, 0.000260153668933, 0.000198340363568, 0.000206224576687, 0.000545365852304, 0.00149180088192, 0.00198811898008, 0.00132720777765, 0.00027498829877, 0.000287543371087], "dvar2": [1.62150672622e-06, 8.09008326996e-07, 2.37562588268e-07, 8.93637604804e-07, 6.64648268867e-07, 1.52040669832e-07, 3.49881503325e-07, 1.57540839041e-07, 8.42032363835e-08, 6.60180958789e-08, 2.4707635049e-08, 3.6336643916e-08, 3.72343805566e-07, 5.75069281084e-09, 6.22928042482e-10, 3.6233882561e-09, 9.08676334177e-09, 3.45117778799e-09, 2.27891128191e-08, 3.84498406447e-08, 1.21271126474e-08, 8.28501853789e-08, 2.54283463619e-07, 2.98682550692e-07, 2.21592827643e-07, 1.51410020521e-07, 5.73154324002e-08, 2.70606848041e-09, 4.33366142971e-09, 2.96432189906e-09, 1.86466064811e-09, 6.92375878852e-10, 4.28714841405e-10, 7.87393150681e-10, 5.65574742595e-09, 2.81786860512e-08, 4.59758382476e-08, 1.34603972413e-08, 1.14212772573e-09, 7.86753440174e-10], "median": [5.24649840372e-06, 3.34858668793e-06, 2.65774378931e-05, 1.90428982023e-05, 7.65092045185e-06, 4.31243552157e-06, 5.4279635151e-06, 3.0129319839e-06, 1.44407454172e-06, 8.72093778526e-07, 7.08472498445e-07, 5.05102093484e-07, 3.88804892282e-07, 2.55309402064e-07, 1.78401677431e-07, 2.23675030497e-07, 2.37511059709e-07, 2.55804252447e-07, 3.5062677739e-07, 3.64839507938e-07, 2.48153838811e-07, 2.66714209829e-07, 2.4628533879e-07, 3.30809996285e-07, 2.93748939839e-07, 1.5085218763e-07, 1.31117417368e-07, 1.46751034436e-07, 1.59301038138e-07, 9.97699203253e-08, 5.54851808943e-08, 1.99546654756e-08, 6.81004141967e-09, 1.25459802547e-08, 7.99098245352e-08, 1.45642161442e-07, 1.39845568015e-07, 1.43128232821e-07, 1.35164555104e-07, 1.08926769826e-07], "dmean2": [0.000261366163613, 0.000228946737479, 0.000256346946117, 0.000373213697458, 0.000223039489356, 0.000135796770337, 0.000186797828064, 0.00010560094961, 7.46688965592e-05, 7.52589912736e-05, 4.0548202378e-05, 3.9801820094e-05, 7.11664470145e-05, 1.77768069989e-05, 7.42335350878e-06, 1.09683851406e-05, 1.51030999405e-05, 9.1889532996e-06, 1.42302997119e-05, 1.94127205759e-05, 1.18811394714e-05, 2.29259148909e-05, 3.83038386644e-05, 6.69907021802e-05, 5.07992517669e-05, 4.6686080168e-05, 3.17590602208e-05, 1.07881123768e-05, 1.18278485388e-05, 1.23451864056e-05, 1.06212173705e-05, 6.75561932439e-06, 6.82232257532e-06, 7.96485983301e-06, 1.74112828972e-05, 3.33595235134e-05, 3.70206507796e-05, 1.86123252206e-05, 7.71243958297e-06, 5.69108851778e-06], "dmean": [0.000154231733177, 0.000130472239107, 0.000195588116185, 0.000256309169345, 0.000145418409375, 9.0945752163e-05, 0.000118136100355, 6.50491565466e-05, 4.93805528095e-05, 5.39736938663e-05, 2.56515722867e-05, 3.18267448165e-05, 4.52850108559e-05, 1.05265198727e-05, 4.7904177336e-06, 6.84213637214e-06, 8.74010856933e-06, 5.24100778421e-06, 7.78858702688e-06, 1.04374694274e-05, 6.36764707451e-06, 1.20784707178e-05, 2.00798112928e-05, 3.87841464544e-05, 2.81726715912e-05, 2.77823583019e-05, 1.9263874492e-05, 6.88298814566e-06, 6.80645780449e-06, 7.29049770598e-06, 6.28437919659e-06, 4.28921066487e-06, 4.35132233179e-06, 5.00267833559e-06, 1.01724526758e-05, 1.96193595912e-05, 2.20591264224e-05, 1.12429734145e-05, 4.89015610583e-06, 3.46848992194e-06], "var": [4.56239121149e-07, 2.42002528239e-07, 5.5349454442e-07, 9.78105845206e-07, 7.04486012637e-07, 1.33058691176e-07, 2.06654618751e-07, 5.57653017097e-08, 4.0486806796e-08, 8.61340865299e-08, 1.8329007645e-08, 1.00951709214e-07, 2.06882441489e-06, 2.84081247415e-09, 5.13100395505e-10, 1.33090449772e-09, 2.13298756435e-09, 7.38608452178e-10, 3.92561894103e-09, 6.77744971256e-09, 2.14537831944e-09, 1.45424028375e-08, 4.37246470142e-08, 5.01692795751e-07, 6.17611704001e-08, 3.41141586091e-08, 1.59947664002e-08, 1.47287460006e-09, 1.03359143466e-09, 7.97258647989e-10, 5.65640367878e-10, 2.80389489404e-10, 2.13832618279e-10, 3.16501824749e-10, 1.7102909089e-09, 7.38475858242e-09, 1.39026159474e-08, 3.61336671695e-09, 4.18860696128e-10, 2.84021056673e-10], "dvar": [5.99476038587e-07, 2.87737293547e-07, 1.30168317014e-07, 4.12353273305e-07, 3.22896596572e-07, 6.77115181702e-08, 1.5287911026e-07, 6.0270160418e-08, 3.63079983856e-08, 3.90071370759e-08, 1.23185479595e-08, 2.56007606225e-08, 2.44111305392e-07, 2.23521978704e-09, 2.94824664682e-10, 1.22329180119e-09, 2.85585044502e-09, 1.13312204064e-09, 7.52832907125e-09, 1.27684138818e-08, 4.02106348218e-09, 2.73232796388e-08, 8.35986497805e-08, 1.21008213227e-07, 6.76015758927e-08, 5.00664434355e-08, 1.97584490991e-08, 1.03175890054e-09, 1.43981893075e-09, 1.01718833356e-09, 6.84963141762e-10, 2.8487531778e-10, 1.87971235799e-10, 3.05072106466e-10, 2.10633177566e-09, 1.0271560491e-08, 1.77902901299e-08, 5.04594943607e-09, 4.67606342536e-10, 3.19699156037e-10], "mean": [0.000131389970193, 0.00013066327665, 0.000430037936894, 0.000472976505989, 0.000224170406, 0.000155664878548, 0.000148178951349, 7.31349064154e-05, 5.27038755536e-05, 6.81375313434e-05, 3.27011657646e-05, 6.48754357826e-05, 0.000200432026759, 1.43190181916e-05, 6.23335381533e-06, 8.10201436252e-06, 8.21693174657e-06, 4.94107553095e-06, 5.90905710851e-06, 7.86510463513e-06, 4.84060137751e-06, 8.48951549415e-06, 1.31198648887e-05, 0.000104441656731, 3.84699924325e-05, 2.32535876421e-05, 1.74390152097e-05, 8.33210560813e-06, 6.88733416609e-06, 7.66108860262e-06, 6.20181481281e-06, 4.24583095082e-06, 4.75659044241e-06, 5.51255880055e-06, 8.90946103027e-06, 1.58634011314e-05, 1.75094482984e-05, 9.24355663301e-06, 4.41838164988e-06, 2.94748133456e-06]}, "spectral_entropy": {"min": 3.74481678009, "max": 8.9495677948, "dvar2": 0.412609755993, "median": 7.78417682648, "dmean2": 0.505932211876, "dmean": 0.358263403177, "var": 1.06561744213, "dvar": 0.237536326051, "mean": 7.4182472229}, "spectral_rolloff": {"min": 21.533203125, "max": 13113.7207031, "dvar2": 9176891, "median": 699.829101562, "dmean2": 1978.96557617, "dmean": 1173.86169434, "var": 9996616, "dvar": 4521176.5, "mean": 2633.87939453}, "barkbands": {"min": [7.49283968204e-11, 1.1128836741e-10, 7.56883583586e-11, 9.09063102572e-11, 5.56567791854e-10, 4.47286568894e-10, 2.4244001251e-10, 1.43299094812e-10, 4.22158474844e-10, 2.54070375849e-10, 2.75276468287e-10, 1.91260313143e-10, 1.60391838699e-10, 2.86441287356e-10, 5.16051312793e-10, 5.77983327865e-10, 8.12637457326e-10, 2.78155859457e-10, 4.10622841285e-10, 8.62683036118e-10, 1.26726928951e-09, 1.34739575053e-09, 1.63580560208e-09, 1.89842053189e-09, 2.35217911815e-09, 2.70631606014e-09, 3.40604922044e-09], "max": [0.00551710790023, 0.0309801511467, 0.0163475405425, 0.00917535088956, 0.0669488236308, 0.0226508453488, 0.0222653374076, 0.0193240325898, 0.0235669817775, 0.019193040207, 0.0765125378966, 0.00492529198527, 0.00377085525542, 0.00977518409491, 0.0187257155776, 0.0233243238181, 0.0490835532546, 0.114195547998, 0.100212015212, 0.0223194677383, 0.0181352421641, 0.0118734464049, 0.0396972335875, 0.100644163787, 0.0189385768026, 0.0146682756022, 0.00300095463172], "dvar2": [4.19924901962e-07, 1.76584289875e-05, 3.20256867781e-06, 1.27163843899e-06, 2.4414541258e-05, 4.30574345955e-06, 8.23666141514e-06, 3.76055459128e-06, 2.58590125668e-06, 1.12094210181e-06, 1.53075034177e-05, 2.6509465556e-07, 1.97733783125e-07, 1.08326275949e-06, 2.79709411188e-06, 4.49247318102e-06, 1.86327361007e-05, 0.000128604719066, 0.000114714501251, 4.51146524938e-06, 5.37045298188e-06, 1.25225085412e-06, 2.22584367293e-05, 0.000123159392388, 5.64794117963e-06, 1.77536446699e-06, 1.09750892818e-07], "median": [1.52565862663e-05, 8.96011988516e-06, 4.95444419357e-06, 2.02877745323e-05, 0.000102108358988, 1.47908194776e-05, 1.86436227523e-05, 6.03247781328e-06, 5.95120582148e-06, 4.0971171984e-06, 2.75317529486e-06, 2.31853937294e-06, 1.82178200703e-06, 2.72582633443e-06, 4.11551400248e-06, 4.43450016974e-06, 4.43510180048e-06, 7.26065809431e-06, 4.85571490572e-06, 5.02506281919e-06, 4.56895486423e-06, 7.80075197326e-07, 5.2817786127e-06, 1.32266359287e-05, 1.21723624034e-05, 1.69761483448e-06, 1.18252870607e-07], "dmean2": [0.000193848230992, 0.000810935394838, 0.000521188776474, 0.000548643991351, 0.00178502639756, 0.000676638795994, 0.000879136554431, 0.000466570927529, 0.000495618151035, 0.000270765187452, 0.000483869429445, 0.00013586312707, 9.15525088203e-05, 0.000159395072842, 0.000165270408615, 0.000223572962568, 0.000355319760274, 0.00125119450968, 0.00127925781999, 0.000415073678596, 0.00051384663675, 0.000342538900441, 0.00109346269164, 0.00201650825329, 0.000474186701467, 0.000145251033246, 2.93105204037e-05], "dmean": [0.000127259554574, 0.000468471320346, 0.000297848979244, 0.000429841864388, 0.00122335401829, 0.000438656396, 0.000560089363717, 0.000292862154311, 0.000349919486325, 0.00020325834339, 0.00029976805672, 7.96498497948e-05, 5.75623344048e-05, 8.99031801964e-05, 9.04622575035e-05, 0.000123713020002, 0.000186927311006, 0.000713559682481, 0.000727329519577, 0.000270054297289, 0.000297020451399, 0.000218485394726, 0.000663848011754, 0.00122590188403, 0.000286863214569, 8.24846574687e-05, 1.5238020751e-05], "var": [2.31846357224e-07, 4.26693486588e-06, 1.21227640193e-06, 3.60599574378e-06, 2.34659637499e-05, 3.07112668452e-06, 4.01655415772e-06, 1.49699940266e-06, 2.99099042422e-06, 1.81047312253e-06, 8.21810972411e-05, 1.53278250536e-07, 8.91449190021e-08, 2.33649700476e-07, 4.84976851567e-07, 8.09793789358e-07, 3.27657835442e-06, 0.000117902687634, 2.27001928579e-05, 2.4364426281e-06, 1.35699940529e-06, 5.86532507896e-07, 6.71391080687e-06, 3.786239904e-05, 1.84580619589e-06, 3.47372406395e-07, 1.8096274701e-08], "dvar": [1.8072471164e-07, 6.32068531559e-06, 1.14062174816e-06, 7.76734623287e-07, 1.0994067452e-05, 1.79575374659e-06, 3.41487316291e-06, 1.48739604811e-06, 1.40628162626e-06, 7.26374878468e-07, 9.85351744021e-06, 1.10542636378e-07, 6.9512140044e-08, 3.40187085612e-07, 9.24953099002e-07, 1.49536072058e-06, 6.10475535723e-06, 4.62856369268e-05, 3.64080660802e-05, 1.69699785602e-06, 1.80728250143e-06, 5.39360200946e-07, 8.22602760309e-06, 4.79862501379e-05, 2.15226941691e-06, 5.70667793909e-07, 3.21773008238e-08], "mean": [0.000140696909511, 0.000386334373616, 0.000304638553644, 0.000948536908254, 0.00210601696745, 0.000730855797883, 0.000613606593106, 0.000323707703501, 0.000433106150012, 0.000252793863183, 0.00127173215151, 9.95254449663e-05, 7.02502875356e-05, 8.10538549558e-05, 6.97388750268e-05, 9.57382872002e-05, 0.000135764828883, 0.00162797013763, 0.00057300075423, 0.000313381460728, 0.000306181522319, 0.000234350780374, 0.000595261808485, 0.00100530614145, 0.000255921302596, 6.78792639519e-05, 1.07097894215e-05]}, "melbands_flatness_db": {"min": 0.03455837816, "max": 0.629080891609, "dvar2": 0.0101333856583, "median": 0.255581021309, "dmean2": 0.0953072607517, "dmean": 0.0624489039183, "var": 0.0137460986152, "dvar": 0.00451324414462, "mean": 0.250033020973}, "melbands_skewness": {"min": -10.8139181137, "max": 82.7530593872, "dvar2": 71.640625, "median": 2.8642783165, "dmean2": 3.92396664619, "dmean": 2.5689573288, "var": 37.8036308289, "dvar": 26.0798931122, "mean": 3.64230298996}, "barkbands_skewness": {"min": -15.9935016632, "max": 102.796485901, "dvar2": 88.3849716187, "median": 2.00053691864, "dmean2": 3.65074968338, "dmean": 2.38401198387, "var": 34.6513633728, "dvar": 32.1909675598, "mean": 2.11729431152}, "silence_rate_60dB": {"min": 0, "max": 1, "dvar2": 0.212758868933, "median": 0, "dmean2": 0.247340425849, "dmean": 0.123505979776, "var": 0.240626037121, "dvar": 0.10825201869, "mean": 0.403183013201}, "spectral_energyband_low": {"min": 2.66384664327e-10, "max": 0.038708217442, "dvar2": 2.92735985568e-05, "median": 0.000132777029648, "dmean2": 0.00146213045809, "dmean": 0.0008922580746, "var": 9.72603083937e-06, "dvar": 1.08184412966e-05, "mean": 0.00111295492388}, "spectral_energyband_middle_low": {"min": 6.05081496019e-09, "max": 0.0924162194133, "dvar2": 5.17107582709e-05, "median": 0.000539646134712, "dmean2": 0.00353806139901, "dmean": 0.00258184736595, "var": 8.59739593579e-05, "dvar": 2.80217009276e-05, "mean": 0.0052026482299}, "melbands_kurtosis": {"min": -1.88395226002, "max": 9513.85058594, "dvar2": 772976.625, "median": 16.1800479889, "dmean2": 131.940383911, "dmean": 75.5223617554, "var": 164871.5, "dvar": 261929.515625, "mean": 72.2473526001}, "spectral_decrease": {"min": -7.4753003787e-08, "max": -5.18969260198e-14, "dvar2": 5.66140675379e-17, "median": -9.63010782229e-10, "dmean2": 2.09919903682e-09, "dmean": 1.36768996128e-09, "var": 3.2166039776e-17, "dvar": 1.95228273043e-17, "mean": -2.70027955551e-09}, "erbbands_kurtosis": {"min": -1.87192523479, "max": 86.4340362549, "dvar2": 196.404800415, "median": 1.87284994125, "dmean2": 7.74460077286, "dmean": 4.69818639755, "var": 111.351486206, "dvar": 78.2358932495, "mean": 5.54130315781}, "melbands_crest": {"min": 3.78270888329, "max": 39.9529571533, "dvar2": 79.3860549927, "median": 18.6167526245, "dmean2": 8.50362110138, "dmean": 5.372610569, "var": 73.3525848389, "dvar": 32.3944129944, "mean": 19.2343444824}, "gfcc": {"cov": [[30249.1601562, -33.4886703491, -2338.31152344, -266.702972412, -3083.86791992, -569.781066895, -1845.57385254, 233.748153687, -1924.42578125, -541.56427002, -285.215209961, -312.593902588, -597.864135742], [-33.4886703491, 5261.81542969, 492.931030273, -1756.21252441, -242.028808594, -1304.45446777, -842.07824707, -58.6016616821, -541.135131836, -608.172424316, -3.4347486496, -665.304260254, -9.43283939362], [-2338.31152344, 492.931030273, 1256.49755859, 12.398560524, 12.3165502548, -68.7050476074, -218.442123413, -53.7290077209, 169.599243164, -29.3345031738, -21.5762462616, -101.667671204, -18.6565074921], [-266.702972412, -1756.21252441, 12.398560524, 1425.92285156, 243.378646851, 304.369476318, 347.54095459, 28.8875312805, 333.231781006, 254.367080688, -28.6355171204, 244.372406006, 28.7660140991], [-3083.86791992, -242.028808594, 12.3165502548, 243.378646851, 949.301025391, 159.529052734, 404.464294434, 115.583335876, 258.501098633, 166.148605347, 33.4662208557, 122.430404663, 67.9407119751], [-569.781066895, -1304.45446777, -68.7050476074, 304.369476318, 159.529052734, 782.748413086, 395.206542969, -75.3990859985, 219.677108765, 251.151443481, 14.5255174637, 118.379592896, -23.9277057648], [-1845.57385254, -842.07824707, -218.442123413, 347.54095459, 404.464294434, 395.206542969, 769.520446777, -73.592086792, 201.404190063, 219.855148315, 86.9248199463, 262.529541016, 35.6257591248], [233.748153687, -58.6016616821, -53.7290077209, 28.8875312805, 115.583335876, -75.3990859985, -73.592086792, 321.38293457, -25.9199943542, -50.2137374878, -5.83286523819, 17.1850337982, 36.3991127014], [-1924.42578125, -541.135131836, 169.599243164, 333.231781006, 258.501098633, 219.677108765, 201.404190063, -25.9199943542, 360.646026611, 175.4949646, -4.39890241623, 87.6354675293, 52.5306587219], [-541.56427002, -608.172424316, -29.3345031738, 254.367080688, 166.148605347, 251.151443481, 219.855148315, -50.2137374878, 175.4949646, 280.15737915, 14.3101062775, 71.0623626709, 14.8207302094], [-285.215209961, -3.4347486496, -21.5762462616, -28.6355171204, 33.4662208557, 14.5255174637, 86.9248199463, -5.83286523819, -4.39890241623, 14.3101062775, 126.793968201, 46.5571556091, -1.3626459837], [-312.593902588, -665.304260254, -101.667671204, 244.372406006, 122.430404663, 118.379592896, 262.529541016, 17.1850337982, 87.6354675293, 71.0623626709, 46.5571556091, 262.586151123, 37.1877555847], [-597.864135742, -9.43283939362, -18.6565074921, 28.7660140991, 67.9407119751, -23.9277057648, 35.6257591248, 36.3991127014, 52.5306587219, 14.8207302094, -1.3626459837, 37.1877555847, 110.76121521]], "icov": [[0.000123964869999, -8.66839909577e-05, 0.000208735073102, -0.000173878128408, 0.000261933309957, -0.000177662645001, 0.000312409276376, -0.000149779225467, 0.000498484703712, -0.000290995871183, 0.000187358644325, -0.000353641225956, 0.000415316928411], [-8.66839909577e-05, 0.000896887038834, -0.000363376340829, 0.000724076060578, -0.000420608383138, 0.00115644279867, -0.000598889077082, 0.000436710077338, -0.000294439814752, 0.000656101619825, -0.000363424536772, 0.00166928989347, -0.000596913334448], [0.000208735073102, -0.000363376340829, 0.00144644884858, -0.000447589671239, 0.000430368527304, -0.000508496712428, 0.00104383111466, -0.000106490879261, -0.000143592522363, -0.000246077950578, 0.000149610714288, -0.000777838926297, 0.0011450832244], [-0.000173878128408, 0.000724076060578, -0.000447589671239, 0.00176861044019, -0.000417448260123, 0.00105050182901, -0.000824515358545, 0.000161112038768, -0.00138916703872, 0.00025260320399, 0.000154868233949, 0.000759768299758, -0.00034449971281], [0.000261933309957, -0.000420608383138, 0.000430368527304, -0.000417448260123, 0.00245725549757, -0.000313941884087, -0.000356495322194, -0.00141705537681, 2.76836708508e-05, -0.00104738993105, 0.000510406505782, -0.000702195917256, 0.000933253730182], [-0.000177662645001, 0.00115644279867, -0.000508496712428, 0.00105050182901, -0.000313941884087, 0.00380297121592, -0.00189192511607, 0.000434629124356, -0.00146179785952, -0.000190145583474, -0.000154808323714, 0.00238050427288, 0.000178425267222], [0.000312409276376, -0.000598889077082, 0.00104383111466, -0.000824515358545, -0.000356495322194, -0.00189192511607, 0.00460359547287, 0.000630632392131, 0.00133599445689, -0.00134622002952, -0.000566977018025, -0.00371191068552, 0.000933068164159], [-0.000149779225467, 0.000436710077338, -0.000106490879261, 0.000161112038768, -0.00141705537681, 0.000434629124356, 0.000630632392131, 0.00440817466006, 4.8791487643e-05, 0.00126953958534, -0.000469317572424, 0.000261921959464, -0.00180616334546], [0.000498484703712, -0.000294439814752, -0.000143592522363, -0.00138916703872, 2.76836708508e-05, -0.00146179785952, 0.00133599445689, 4.8791487643e-05, 0.00853636488318, -0.00310639454983, 0.00129531940911, -0.00173109583557, -0.000812023587059], [-0.000290995871183, 0.000656101619825, -0.000246077950578, 0.00025260320399, -0.00104738993105, -0.000190145583474, -0.00134622002952, 0.00126953958534, -0.00310639454983, 0.00778190279379, -0.00112711405382, 0.00213779206388, -0.00130435405299], [0.000187358644325, -0.000363424536772, 0.000149610714288, 0.000154868233949, 0.000510406505782, -0.000154808323714, -0.000566977018025, -0.000469317572424, 0.00129531940911, -0.00112711405382, 0.00967690721154, -0.00239813700318, 0.00141612300649], [-0.000353641225956, 0.00166928989347, -0.000777838926297, 0.000759768299758, -0.000702195917256, 0.00238050427288, -0.00371191068552, 0.000261921959464, -0.00173109583557, 0.00213779206388, -0.00239813700318, 0.010410444811, -0.00303205265664], [0.000415316928411, -0.000596913334448, 0.0011450832244, -0.00034449971281, 0.000933253730182, 0.000178425267222, 0.000933068164159, -0.00180616334546, -0.000812023587059, -0.00130435405299, 0.00141612300649, -0.00303205265664, 0.0128563325852]], "mean": [-179.93019104, 39.554058075, -83.747215271, 34.5090026855, -60.0572433472, 8.97344970703, -44.3775177002, 13.0261621475, -23.4046993256, -3.92587280273, -11.9266738892, -7.57459068298, -6.14106988907]}, "melbands_spread": {"min": 0.0519727803767, "max": 268.412658691, "dvar2": 4941.51904297, "median": 14.90122509, "dmean2": 43.637638092, "dmean": 25.5591335297, "var": 2110.14746094, "dvar": 1928.86010742, "mean": 33.668888092}, "spectral_energy": {"min": 2.56049958125e-07, "max": 0.430742889643, "dvar2": 0.00201343977824, "median": 0.00503666978329, "dmean2": 0.011808283627, "dmean": 0.00749010592699, "var": 0.000827381329145, "dvar": 0.000671415356919, "mean": 0.0130542153493}, "mfcc": {"cov": [[24661.953125, 442.459564209, -588.444274902, -409.367431641, -1206.98034668, -1460.37353516, -290.486846924, -742.12890625, -1010.19354248, -530.022094727, -875.986450195, -125.070838928, -785.674194336], [442.459564209, 5781.88378906, 123.071899414, -815.08001709, -34.5823516846, -1741.12023926, -243.43939209, -701.789123535, -569.224853516, -379.459625244, -585.659790039, -307.807098389, -605.34197998], [-588.444274902, 123.071899414, 1032.94360352, 5.28240823746, 25.6710300446, -52.4291725159, -233.217788696, -86.0689468384, -89.7882232666, -34.1576805115, -68.2639007568, 25.9321689606, -25.2484912872], [-409.367431641, -815.08001709, 5.28240823746, 1018.2086792, 186.677658081, 198.54296875, -21.595413208, 159.540466309, 178.807357788, 9.63457870483, 105.898200989, 81.5788955688, 172.224456787], [-1206.98034668, -34.5823516846, 25.6710300446, 186.677658081, 524.153381348, -45.9078674316, -43.785118103, 42.8862113953, 151.416778564, 121.169059753, 22.0512638092, 52.765209198, 38.671081543], [-1460.37353516, -1741.12023926, -52.4291725159, 198.54296875, -45.9078674316, 1211.51879883, 221.544555664, 297.651245117, 251.291397095, 232.139068604, 352.126647949, 58.9977493286, 352.305084229], [-290.486846924, -243.43939209, -233.217788696, -21.595413208, -43.785118103, 221.544555664, 325.136322021, 124.573425293, 45.5860824585, 62.6359024048, 107.114456177, 29.4437255859, 74.1779632568], [-742.12890625, -701.789123535, -86.0689468384, 159.540466309, 42.8862113953, 297.651245117, 124.573425293, 316.121002197, 142.740280151, 25.2228126526, 144.667663574, 31.2892913818, 139.966827393], [-1010.19354248, -569.224853516, -89.7882232666, 178.807357788, 151.416778564, 251.291397095, 45.5860824585, 142.740280151, 298.927398682, 107.580345154, 105.849571228, 59.3125419617, 129.356506348], [-530.022094727, -379.459625244, -34.1576805115, 9.63457870483, 121.169059753, 232.139068604, 62.6359024048, 25.2228126526, 107.580345154, 256.249267578, 78.7420196533, 33.5654983521, 79.925567627], [-875.986450195, -585.659790039, -68.2639007568, 105.898200989, 22.0512638092, 352.126647949, 107.114456177, 144.667663574, 105.849571228, 78.7420196533, 230.350952148, 53.8693618774, 136.379074097], [-125.070838928, -307.807098389, 25.9321689606, 81.5788955688, 52.765209198, 58.9977493286, 29.4437255859, 31.2892913818, 59.3125419617, 33.5654983521, 53.8693618774, 131.776397705, 48.5831832886], [-785.674194336, -605.34197998, -25.2484912872, 172.224456787, 38.671081543, 352.305084229, 74.1779632568, 139.966827393, 129.356506348, 79.925567627, 136.379074097, 48.5831832886, 214.666091919]], "icov": [[6.54721734463e-05, 4.49532817584e-05, 6.83914695401e-05, -2.88111714326e-05, 0.000118537747767, 3.27348316205e-05, 2.04321877391e-05, 3.78485638066e-05, 0.000145796264405, -2.69466127065e-05, 0.000203025570954, -8.38440537336e-05, 0.00010290346836], [4.49532817584e-05, 0.000460360257421, -2.45355386141e-05, 0.000138045565109, -0.000103822334495, 0.000513695355039, -0.000330683076754, 0.000593604869209, 0.000131856766529, 0.000248124328209, 2.45712817559e-05, 0.000682457175571, -8.9969507826e-05], [6.83914695401e-05, -2.45355386141e-05, 0.00134883343708, -1.65857945831e-05, 3.6038174585e-05, -0.000313257012749, 0.00109453231562, -0.000166309080669, 0.000758570618927, -7.50881881686e-05, 0.000553018180653, -0.000878615071997, 9.273599062e-06], [-2.88111714326e-05, 0.000138045565109, -1.65857945831e-05, 0.00138348247856, -0.000480894552311, 0.000177525216714, 0.000195215427084, -3.01765430777e-05, -0.000302214437397, 0.00061076466227, -0.000149898129166, -6.52149610687e-05, -0.00101587525569], [0.000118537747767, -0.000103822334495, 3.6038174585e-05, -0.000480894552311, 0.00321287778206, 0.000626859255135, 0.000644462357741, -0.000610134447925, -0.000893866235856, -0.00176745478529, 0.000245403847657, -0.000769034959376, 0.000313532102155], [3.27348316205e-05, 0.000513695355039, -0.000313257012749, 0.000177525216714, 0.000626859255135, 0.00297929230146, -0.000683724530973, 0.000332769122906, -0.000378023541998, -0.000873469223734, -0.00182804989163, 0.00164150283672, -0.00225118477829], [2.04321877391e-05, -0.000330683076754, 0.00109453231562, 0.000195215427084, 0.000644462357741, -0.000683724530973, 0.00535063771531, -0.0020564198494, 0.00091725733364, -0.00117158039939, -0.000465084362077, -0.00174109893851, 0.000185319280718], [3.78485638066e-05, 0.000593604869209, -0.000166309080669, -3.01765430777e-05, -0.000610134447925, 0.000332769122906, -0.0020564198494, 0.00702356826514, -0.0016179169761, 0.00222555268556, -0.00176771520637, 0.00184851500671, -0.0016370373778], [0.000145796264405, 0.000131856766529, 0.000758570618927, -0.000302214437397, -0.000893866235856, -0.000378023541998, 0.00091725733364, -0.0016179169761, 0.00683292327449, -0.00127612613142, 0.000763265299611, -0.00149094499648, -0.00103331392165], [-2.69466127065e-05, 0.000248124328209, -7.50881881686e-05, 0.00061076466227, -0.00176745478529, -0.000873469223734, -0.00117158039939, 0.00222555268556, -0.00127612613142, 0.00673755817115, -0.000517062202562, 0.00034342132858, -0.000680930621456], [0.000203025570954, 2.45712817559e-05, 0.000553018180653, -0.000149898129166, 0.000245403847657, -0.00182804989163, -0.000465084362077, -0.00176771520637, 0.000763265299611, -0.000517062202562, 0.0106389336288, -0.00265601021238, -0.00115840660874], [-8.38440537336e-05, 0.000682457175571, -0.000878615071997, -6.52149610687e-05, -0.000769034959376, 0.00164150283672, -0.00174109893851, 0.00184851500671, -0.00149094499648, 0.00034342132858, -0.00265601021238, 0.0111174555495, -0.00165064772591], [0.00010290346836, -8.9969507826e-05, 9.273599062e-06, -0.00101587525569, 0.000313532102155, -0.00225118477829, 0.000185319280718, -0.0016370373778, -0.00103331392165, -0.000680930621456, -0.00115840660874, -0.00165064772591, 0.012224605307]], "mean": [-825.296081543, 71.4306945801, 27.7884712219, 19.1449108124, 12.5315055847, -7.96076202393, 1.31656503677, -0.431769013405, -1.51752889156, 3.79257535934, -7.79764556885, 2.10864567757, -8.17885303497]}, "spectral_contrast_valleys": {"min": [-13.8936367035, -13.3273258209, -13.648317337, -13.8086605072, -13.0102472305, -14.6127939224], "max": [-6.08755064011, -5.22099065781, -5.46015691757, -5.40169525146, -4.35345411301, -6.84055805206], "dvar2": [0.881765902042, 1.27703177929, 1.2929340601, 1.49988996983, 1.30122160912, 1.12836778164], "median": [-9.77687072754, -8.84784507751, -9.42090797424, -9.43566417694, -8.95806217194, -10.971116066], "dmean2": [1.10484099388, 1.2455060482, 1.04113507271, 0.988430202007, 0.883425176144, 0.880524873734], "dmean": [0.720993876457, 0.793286323547, 0.697730243206, 0.687337636948, 0.637386083603, 0.679901719093], "var": [1.84211063385, 2.95145940781, 2.69501018524, 2.52946710587, 2.99117732048, 3.57861208916], "dvar": [0.39708122611, 0.624059915543, 0.61081969738, 0.667019069195, 0.648616731167, 0.710763394833], "mean": [-9.63566589355, -9.08934211731, -9.583735466, -9.77665615082, -9.23429489136, -11.1249408722]}, "barkbands_flatness_db": {"min": 0.0313047394156, "max": 0.610939919949, "dvar2": 0.00852415151894, "median": 0.201061606407, "dmean2": 0.0849314182997, "dmean": 0.0554528422654, "var": 0.0103044109419, "dvar": 0.00355401891284, "mean": 0.200636059046}, "dynamic_complexity": 8.97452735901, "erbbands_flatness_db": {"min": 0.0256509054452, "max": 0.455272704363, "dvar2": 0.00387630681507, "median": 0.178383499384, "dmean2": 0.0573721602559, "dmean": 0.0397619903088, "var": 0.00848175212741, "dvar": 0.002015623