{"lowlevel": {"spectral_complexity": {"min": 0, "max": 61, "dvar2": 30.3451519012, "median": 8, "dmean2": 3.70252203941, "dmean": 2.59678292274, "var": 83.6615219116, "dvar": 17.0247116089, "mean": 10.7447185516}, "silence_rate_20dB": {"min": 1, "max": 1, "dvar2": 0, "median": 1, "dmean2": 0, "dmean": 0, "var": 0, "dvar": 0, "mean": 1}, "average_loudness": 0.851692914963, "erbbands_spread": {"min": 1.3193475008, "max": 199.966567993, "dvar2": 445.204833984, "median": 30.5023059845, "dmean2": 15.1786661148, "dmean": 9.90485954285, "var": 579.055358887, "dvar": 188.677780151, "mean": 36.2874031067}, "spectral_kurtosis": {"min": -1.38165664673, "max": 104.815872192, "dvar2": 27.2417182922, "median": 4.34229850769, "dmean2": 3.16628170013, "dmean": 1.99199485779, "var": 55.3089027405, "dvar": 11.2157707214, "mean": 6.57806634903}, "barkbands_kurtosis": {"min": -1.96675038338, "max": 1352.7097168, "dvar2": 889.24395752, "median": 6.95380306244, "dmean2": 12.2970380783, "dmean": 8.01797580719, "var": 1674.12084961, "dvar": 472.322845459, "mean": 16.1809864044}, "spectral_strongpeak": {"min": 0, "max": 14.2193498611, "dvar2": 1.77061510086, "median": 0.324297338724, "dmean2": 0.648341357708, "dmean": 0.391512036324, "var": 1.11318206787, "dvar": 0.691190719604, "mean": 0.706246256828}, "spectral_spread": {"min": 1060261.625, "max": 39625064, "dvar2": 1878039592960.0, "median": 4906920.5, "dmean2": 980513.875, "dmean": 673237.5625, "var": 4755069337600.0, "dvar": 1055280791550.0, "mean": 5272739.5}, "spectral_rms": {"min": 3.12498457333e-07, "max": 0.0150686865672, "dvar2": 3.14080784847e-06, "median": 0.00448196940124, "dmean2": 0.00117573153693, "dmean": 0.000800270179752, "var": 5.78924527872e-06, "dvar": 1.4441835674e-06, "mean": 0.00440673343837}, "erbbands": {"min": [6.98529400989e-10, 1.70752234574e-09, 1.93564209106e-09, 2.42086328761e-09, 6.46096642853e-09, 4.89249263325e-09, 7.92648968684e-09, 8.41990122069e-09, 5.39085887041e-09, 1.50470924609e-08, 1.25631052228e-08, 2.61799559809e-08, 1.11878204478e-08, 8.35490077122e-09, 1.03070254553e-08, 7.41969818918e-09, 3.33985150647e-09, 3.34312066919e-09, 6.52748433083e-09, 1.05788977578e-08, 5.40818012595e-09, 5.71499425561e-09, 1.17923937282e-08, 1.66786762179e-08, 5.38148503537e-09, 1.11236007072e-08, 1.02663069157e-08, 1.34201147972e-08, 2.05711163659e-08, 1.07633466584e-08, 1.6416224824e-08, 7.81051046062e-09, 1.1097096575e-08, 1.2375578784e-08, 5.15759213116e-09, 4.62330129736e-09, 1.04496811204e-08, 1.63783013818e-08, 4.89044671426e-09, 6.14099882057e-10], "max": [6.08484506607, 37.8782501221, 68.5266723633, 134.715820312, 526.256347656, 272.068237305, 489.602355957, 715.717651367, 2095.08984375, 1541.66088867, 2531.3828125, 6749.39892578, 1415.81518555, 2145.18896484, 2612.08325195, 4158.62890625, 1916.24243164, 1409.28527832, 1292.29553223, 589.502441406, 2615.52856445, 676.542785645, 525.610900879, 1243.34777832, 428.786682129, 1070.35180664, 641.216369629, 766.178466797, 1108.69165039, 453.824829102, 458.099029541, 787.231201172, 689.761779785, 278.984954834, 149.990615845, 78.711517334, 23.4690551758, 2.44401168823, 0.3034748137, 0.0210200045258], "dvar2": [0.285249352455, 13.3539743423, 31.9722309113, 230.798431396, 1871.32629395, 460.840209961, 1132.52172852, 2900.53759766, 16085.9394531, 13339.1279297, 13047.2236328, 25682.2910156, 7753.53369141, 9022.72753906, 3787.3371582, 14020.2314453, 6543.53710938, 4874.38427734, 3827.12646484, 1182.54138184, 2154.97875977, 804.797729492, 796.727294922, 1576.81225586, 1235.87646484, 1361.19628906, 597.087280273, 1447.19750977, 1102.10058594, 1141.1932373, 838.964904785, 1264.14660645, 379.136535645, 82.5882644653, 48.5215454102, 13.8044128418, 0.480561584234, 0.0104088373482, 0.000180131042725, 8.09627806575e-07], "median": [0.144152194262, 0.882719814777, 1.50474834442, 2.15948557854, 3.10766673088, 4.44824743271, 6.60102701187, 7.34653711319, 6.26232624054, 4.4640212059, 3.43205785751, 2.40105652809, 2.46509552002, 2.35234379768, 2.34876418114, 1.90055155754, 2.41101074219, 3.49430274963, 1.8748742342, 1.36579120159, 0.952709257603, 0.82486975193, 0.727908432484, 0.888968408108, 0.978603899479, 0.952705323696, 0.792051374912, 0.815311312675, 0.767637550831, 0.508452832699, 0.36129000783, 0.253477811813, 0.16300547123, 0.0792177990079, 0.0457716099918, 0.0214455444366, 0.00678431941196, 0.00125502212904, 0.000105324077595, 3.07658629026e-05], "dmean2": [0.206830233335, 1.31246078014, 2.14600944519, 4.87852621078, 10.3858957291, 9.18775463104, 13.9079256058, 21.7673130035, 34.6653518677, 29.415719986, 24.2244529724, 22.5935573578, 23.0096302032, 18.062171936, 13.3773860931, 18.6902999878, 16.6443424225, 18.3126430511, 14.270863533, 10.1043329239, 8.15708446503, 7.25466012955, 6.86371135712, 7.95442962646, 8.32352352142, 7.48750305176, 6.09637594223, 8.93844032288, 8.27849197388, 7.71599626541, 6.75619697571, 6.23447608948, 3.29283165932, 1.86496424675, 1.44199800491, 0.713528037071, 0.140968874097, 0.0223482847214, 0.00263906875625, 0.000172715488588], "dmean": [0.131422653794, 0.793336808681, 1.30843257904, 2.85912895203, 6.04405736923, 5.54395484924, 8.62357902527, 13.7225656509, 22.0198822021, 19.0275154114, 16.2975559235, 15.1072750092, 15.2519245148, 11.9096059799, 8.97389030457, 12.5251893997, 11.2994832993, 11.7701559067, 9.04465675354, 6.54743242264, 5.27278423309, 4.53343963623, 4.28126525879, 4.93986988068, 5.17220020294, 4.67805862427, 3.93665337563, 5.65572452545, 5.3006234169, 4.78163194656, 4.16604614258, 4.11644172668, 2.17295718193, 1.27847850323, 0.99461889267, 0.492457121611, 0.100522093475, 0.0155559452251, 0.00178640673403, 0.000114965820103], "var": [0.170296311378, 6.21535253525, 14.6474685669, 68.374420166, 492.805847168, 239.019943237, 676.399841309, 1786.02929688, 7122.51074219, 7413.421875, 8966.93945312, 11544.8544922, 5304.68896484, 6112.19628906, 2911.97460938, 6284.36914062, 4640.04638672, 3310.80053711, 1908.30456543, 731.926391602, 2139.79345703, 532.311645508, 354.44921875, 588.386352539, 491.599365234, 533.515441895, 388.84979248, 772.648864746, 778.834716797, 508.442352295, 464.908752441, 881.295349121, 244.014266968, 83.4837112427, 45.9514694214, 12.7490139008, 0.593693614006, 0.00921415071934, 0.000121375000163, 4.88744888116e-07], "dvar": [0.113378994167, 5.27203130722, 12.3443002701, 80.6420593262, 657.988525391, 177.368774414, 445.370849609, 1222.70483398, 6569.61376953, 5607.48339844, 5636.265625, 10600.7744141, 3342.33227539, 3555.8605957, 1728.71057129, 5500.12207031, 2866.55981445, 2115.66577148, 1541.23217773, 506.501464844, 1111.56054688, 323.69619751, 296.640899658, 589.37677002, 454.492004395, 511.535888672, 231.585739136, 577.271606445, 496.22744751, 433.307861328, 340.832855225, 542.914428711, 165.287246704, 41.2147636414, 24.8228321075, 6.6486415863, 0.256173700094, 0.00514322984964, 8.09880657471e-05, 3.57622980118e-07], "mean": [0.279978126287, 1.59064030647, 2.52759742737, 4.28264856339, 7.73975133896, 9.0109539032, 14.3684930801, 21.0312213898, 30.1596279144, 26.6867103577, 24.8171195984, 23.0895404816, 22.3282299042, 19.2823448181, 14.8575410843, 18.4592151642, 16.3851509094, 16.9995994568, 12.6405944824, 9.18687343597, 7.39510774612, 6.40907001495, 5.91360139847, 6.8756070137, 7.03993606567, 6.50936126709, 6.15429019928, 7.77299547195, 7.7239356041, 6.20696401596, 5.4075012207, 5.73175430298, 3.07039380074, 1.84155714512, 1.29663205147, 0.646837353706, 0.138627737761, 0.0208485610783, 0.00215065525845, 0.00014773379371]}, "zerocrossingrate": {"min": 0.001953125, "max": 0.533203125, "dvar2": 0.000452640815638, "median": 0.033203125, "dmean2": 0.0134264361113, "dmean": 0.0121336160228, "var": 0.00316113187, "dvar": 0.00044650468044, "mean": 0.0501753091812}, "spectral_contrast_coeffs": {"min": [-0.96253991127, -0.959505975246, -0.959249198437, -0.964769244194, -0.960665881634, -0.960062742233], "max": [-0.245245143771, -0.258116334677, -0.388093084097, -0.487033963203, -0.577352941036, -0.601586580276], "dvar2": [0.00441719591618, 0.0051037450321, 0.00300391833298, 0.0018946317723, 0.00108308286872, 0.000729740655515], "median": [-0.692925393581, -0.698751866817, -0.760848462582, -0.775323390961, -0.809886097908, -0.783221304417], "dmean2": [0.0749677568674, 0.0805720537901, 0.0646805092692, 0.0509588420391, 0.0365479551256, 0.0273106340319], "dmean": [0.0458639524877, 0.0512861795723, 0.0413222722709, 0.0330296456814, 0.023359220475, 0.0183462910354], "var": [0.0100130457431, 0.0104330489412, 0.00683623505756, 0.00464648148045, 0.00271267723292, 0.00237689167261], "dvar": [0.00177906092722, 0.00235362001695, 0.00138687202707, 0.000830025179312, 0.00049150531413, 0.000365078740288], "mean": [-0.676506876945, -0.688938438892, -0.753321290016, -0.770443618298, -0.801727473736, -0.780394017696]}, "dissonance": {"min": 0.178117513657, "max": 0.500000178814, "dvar2": 0.00211265287362, "median": 0.447317242622, "dmean2": 0.0475353077054, "dmean": 0.0289936773479, "var": 0.00243110279553, "dvar": 0.000824722170364, "mean": 0.435150235891}, "spectral_energyband_high": {"min": 4.48138019749e-11, "max": 0.0714241191745, "dvar2": 1.50141941049e-05, "median": 0.000107921223389, "dmean2": 0.00106252008118, "dmean": 0.000725796446204, "var": 1.43512907016e-05, "dvar": 7.01625776856e-06, "mean": 0.00116683787201}, "spectral_skewness": {"min": -0.563136637211, "max": 8.93177223206, "dvar2": 0.244930773973, "median": 1.76879012585, "dmean2": 0.421343177557, "dmean": 0.281398653984, "var": 0.902862250805, "dvar": 0.118847876787, "mean": 1.94507181644}, "spectral_flux": {"min": 3.21549669025e-05, "max": 0.446759074926, "dvar2": 0.00276905926876, "median": 0.0565494298935, "dmean2": 0.0392004773021, "dmean": 0.0254440493882, "var": 0.00365556729957, "dvar": 0.001298740739, "mean": 0.0721224546432}, "silence_rate_30dB": {"min": 0, "max": 1, "dvar2": 0.047814656049, "median": 1, "dmean2": 0.0425357855856, "dmean": 0.021264994517, "var": 0.0195036940277, "dvar": 0.0208136532456, "mean": 0.980100870132}, "spectral_energyband_middle_high": {"min": 1.77863875971e-12, "max": 0.0878577381372, "dvar2": 2.92486347462e-05, "median": 0.000692055560648, "dmean2": 0.00192839384545, "dmean": 0.00134490826167, "var": 3.71746100427e-05, "dvar": 1.31484566737e-05, "mean": 0.00278980331495}, "barkbands_spread": {"min": 0.203811019659, "max": 156.678421021, "dvar2": 227.620269775, "median": 10.3210945129, "dmean2": 8.84671115875, "dmean": 5.84916639328, "var": 339.442993164, "dvar": 110.428321838, "mean": 16.2971916199}, "spectral_centroid": {"min": 107.082893372, "max": 10893.2324219, "dvar2": 370109.21875, "median": 694.207336426, "dmean2": 363.105316162, "dmean": 244.869827271, "var": 725262.6875, "dvar": 199778.84375, "mean": 960.630310059}, "pitch_salience": {"min": 0.0489795133471, "max": 0.921777367592, "dvar2": 0.0129378670827, "median": 0.511414587498, "dmean2": 0.11561845988, "dmean": 0.0719533264637, "var": 0.0176657401025, "dvar": 0.00523288734257, "mean": 0.505504906178}, "erbbands_skewness": {"min": -6.69836044312, "max": 12.2254390717, "dvar2": 0.780362904072, "median": 0.928727805614, "dmean2": 0.781727433205, "dmean": 0.538391470909, "var": 1.84630286694, "dvar": 0.403893709183, "mean": 1.04302144051}, "erbbands_crest": {"min": 2.19056916237, "max": 32.6475563049, "dvar2": 22.8632774353, "median": 9.98536014557, "dmean2": 4.91770267487, "dmean": 3.11302518845, "var": 32.6265945435, "dvar": 10.0133485794, "mean": 11.3367080688}, "melbands": {"min": [5.9350380513e-12, 1.41406602139e-12, 5.59047003568e-13, 4.44108562859e-13, 2.4562269536e-13, 1.94156377174e-13, 9.55955082346e-14, 1.54688422987e-13, 1.1515327537e-13, 1.58066634326e-13, 5.21191976296e-14, 3.47595589193e-14, 2.84876729682e-14, 3.20976054167e-14, 1.21815789199e-14, 5.30162792126e-15, 5.67558746176e-15, 8.05943633093e-15, 1.66584987178e-14, 1.07815444195e-14, 5.28717160995e-15, 5.93754044751e-15, 6.47179970273e-15, 1.65518708223e-14, 1.36094054185e-14, 4.31647651108e-15, 3.24197434814e-15, 8.40740847709e-15, 6.31400847608e-15, 7.91847564895e-15, 6.96763627291e-15, 1.18636213863e-14, 9.76694802644e-15, 4.23879257838e-15, 1.04367071422e-14, 6.32954814253e-15, 3.85063591866e-15, 7.67982242199e-15, 8.61349159316e-15, 1.08706997194e-14], "max": [0.0507573708892, 0.0403704792261, 0.0386848524213, 0.0280942860991, 0.0146724767983, 0.0184689685702, 0.0309070460498, 0.0159811731428, 0.0187070742249, 0.0407452844083, 0.00720486231148, 0.0095093101263, 0.00883797183633, 0.00813706684858, 0.00588888116181, 0.00520768528804, 0.00289180711843, 0.00252224109136, 0.000825134629849, 0.00249641784467, 0.00375399645418, 0.00090909859864, 0.000557666644454, 0.000321203144267, 0.001302361954, 0.000354600517312, 0.000544397451449, 0.000803582835943, 0.000399363139877, 0.000337146251695, 0.000531155674253, 0.000752958119847, 0.000390443048673, 0.000232172154938, 0.000295719277347, 0.000360845268006, 0.00061871111393, 0.000562853179872, 0.000290061463602, 0.000259700260358], "dvar2": [2.17597116716e-05, 1.07137793748e-05, 1.35209484142e-05, 4.65286484541e-06, 1.1250569969e-06, 1.49655454607e-06, 3.46355022884e-06, 1.42173303175e-06, 7.25392226286e-07, 1.00073248177e-06, 1.95141382164e-07, 1.65433689858e-07, 4.78060115938e-08, 7.08466032506e-08, 4.12875671429e-08, 4.41647429739e-08, 2.00148839724e-08, 1.26162538194e-08, 3.10686831817e-09, 4.76610395594e-09, 4.17017176346e-09, 1.23308785405e-09, 1.07428166363e-09, 4.89238594081e-10, 1.55093404786e-09, 6.76751266138e-10, 8.58972171169e-10, 6.48940789993e-10, 2.45953646338e-10, 3.06683844986e-10, 7.26307292087e-10, 3.87938181579e-10, 5.40005540284e-10, 3.44718448231e-10, 4.03913014146e-10, 2.66762723022e-10, 7.02755964532e-10, 2.88671503368e-10, 8.8980232904e-11, 6.43280428925e-11], "median": [0.00144801812712, 0.00111967639532, 0.000450204359367, 0.000280419859337, 0.000243727408815, 0.000171946536284, 8.93849573913e-05, 4.2435942305e-05, 2.28681237786e-05, 1.19264086607e-05, 1.03721376945e-05, 7.8148650573e-06, 6.51292111797e-06, 4.58702243122e-06, 3.9295159695e-06, 4.25858024755e-06, 6.14056125414e-06, 2.58142199527e-06, 1.67734356182e-06, 1.3192559436e-06, 7.62953732192e-07, 7.25643417354e-07, 6.84722124333e-07, 5.02676925862e-07, 6.54441066672e-07, 6.89266641984e-07, 5.90466697759e-07, 5.86692976867e-07, 4.695218081e-07, 4.29046650652e-07, 4.4552024292e-07, 4.36517638036e-07, 3.45706325788e-07, 2.27365177352e-07, 1.97729278284e-07, 1.64140701031e-07, 1.39806033417e-07, 1.18712513597e-07, 7.38506571452e-08, 5.85087427396e-08], "dmean2": [0.00170960021205, 0.00125003419816, 0.0010309551144, 0.000672543945257, 0.000463081261842, 0.000495131767821, 0.000518219487276, 0.000304334535031, 0.000189095371752, 0.000139116236824, 0.000115448732686, 7.64642536524e-05, 4.77805515402e-05, 5.29485041625e-05, 3.99087148253e-05, 3.96058603656e-05, 3.68310029444e-05, 2.52437421295e-05, 1.62550077221e-05, 1.23440113384e-05, 1.03497222881e-05, 8.40012762637e-06, 7.4879976637e-06, 6.00009434493e-06, 6.95558765074e-06, 6.55698477203e-06, 6.19732509222e-06, 4.9210866564e-06, 3.86217925552e-06, 4.52805761597e-06, 5.99892655373e-06, 4.77262801724e-06, 4.99975294588e-06, 4.23568599217e-06, 4.19837351728e-06, 3.67682923752e-06, 4.17533829022e-06, 2.53098096437e-06, 1.89401043826e-06, 1.5431871816e-06], "dmean": [0.00107126415242, 0.000766752695199, 0.000604275905062, 0.000397800788051, 0.000287025177386, 0.000312304589897, 0.000329980190145, 0.00019714384689, 0.000126313461806, 9.22491162783e-05, 7.61116680223e-05, 5.02940674778e-05, 3.16248733725e-05, 3.59812584065e-05, 2.6122899726e-05, 2.5764129532e-05, 2.32713482546e-05, 1.58803704835e-05, 1.0344666407e-05, 7.74215459387e-06, 6.72952046443e-06, 5.21667743669e-06, 4.55395229437e-06, 3.75066042579e-06, 4.26729911851e-06, 4.07006746173e-06, 3.79210382562e-06, 3.06360902869e-06, 2.43579643211e-06, 2.85482610707e-06, 3.73436250811e-06, 3.06946435558e-06, 3.06958713736e-06, 2.58880686488e-06, 2.52525637734e-06, 2.42006490225e-06, 2.67663540399e-06, 1.64414075243e-06, 1.24607902308e-06, 1.0598356539e-06], "var": [1.18603684314e-05, 5.3890912568e-06, 3.74526302949e-06, 1.46835452597e-06, 7.01329554431e-07, 9.08427693957e-07, 1.64681273418e-06, 8.1176256117e-07, 5.05277000684e-07, 4.28232709737e-07, 1.34000757157e-07, 1.08622714379e-07, 3.72361625978e-08, 5.06574728831e-08, 2.28968559668e-08, 2.50351490649e-08, 1.17471659067e-08, 6.07250116857e-09, 1.65078117842e-09, 1.83084947203e-09, 3.80340337003e-09, 6.91318668977e-10, 4.11596395855e-10, 2.57712573504e-10, 4.9342779862e-10, 2.80208189984e-10, 3.05910075049e-10, 2.49339882075e-10, 1.42952719107e-10, 1.99970484616e-10, 3.33936156505e-10, 2.8036900579e-10, 2.31076949242e-10, 1.43584533152e-10, 1.58764307256e-10, 2.64312682852e-10, 4.06250755258e-10, 1.40953568262e-10, 7.50525683268e-11, 5.9864585511e-11], "dvar": [8.64411231305e-06, 4.3589584493e-06, 4.72750025438e-06, 1.66499467014e-06, 4.4153722456e-07, 6.2756657826e-07, 1.42732903896e-06, 6.12422866197e-07, 3.1078937468e-07, 4.09013296121e-07, 8.42046148364e-08, 6.50267395486e-08, 2.18245741479e-08, 3.07688985401e-08, 1.6945270076e-08, 1.81101142971e-08, 8.41896596881e-09, 5.0426760545e-09, 1.27740518163e-09, 1.88805504564e-09, 2.07783679151e-09, 4.67927419034e-10, 3.89599741357e-10, 1.86464371721e-10, 5.68923574917e-10, 2.52859899685e-10, 3.12980585893e-10, 2.45012621303e-10, 9.25806237229e-11, 1.18895698842e-10, 2.8592672674e-10, 1.79747106088e-10, 2.04931141501e-10, 1.29364824408e-10, 1.53964993532e-10, 1.29750404865e-10, 2.86371842906e-10, 1.16376200343e-10, 4.27807719805e-11, 3.15197555556e-11], "mean": [0.00236261729151, 0.00161570485216, 0.000868536764756, 0.000589403207414, 0.000494545558468, 0.000483193027321, 0.000463111151475, 0.00027867424069, 0.000192497493117, 0.000136371469125, 0.000108051608549, 7.80874397606e-05, 4.93862207804e-05, 5.40341170563e-05, 3.52755778295e-05, 3.48818502971e-05, 3.15111210512e-05, 2.11263668461e-05, 1.36518028739e-05, 9.58988675848e-06, 8.94241929927e-06, 6.89801481712e-06, 5.75353715249e-06, 5.08352695761e-06, 5.56899385629e-06, 5.43611849935e-06, 4.67380732516e-06, 4.1670596147e-06, 3.63194430975e-06, 4.14643409385e-06, 4.74409898743e-06, 4.48769787909e-06, 3.95777715312e-06, 3.20845902024e-06, 2.98374243357e-06, 3.39196390087e-06, 3.57429780706e-06, 2.20685387831e-06, 1.71478041011e-06, 1.48325511873e-06]}, "spectral_entropy": {"min": 4.4979763031, "max": 9.79946422577, "dvar2": 0.132495000958, "median": 7.21821928024, "dmean2": 0.322757989168, "dmean": 0.225950688124, "var": 0.580842196941, "dvar": 0.0734086036682, "mean": 7.1514749527}, "spectral_rolloff": {"min": 43.06640625, "max": 20155.078125, "dvar2": 3950422.25, "median": 452.197265625, "dmean2": 835.852783203, "dmean": 499.963378906, "var": 4372360.5, "dvar": 1851763.75, "mean": 1185.18530273}, "barkbands": {"min": [2.28912461903e-11, 1.24729965939e-11, 1.31327023908e-12, 1.08638402094e-12, 1.80120913844e-12, 1.16956552949e-12, 6.33166750367e-13, 5.12267908214e-13, 1.03096632793e-12, 3.05872623237e-13, 1.86850372414e-13, 2.38460510019e-13, 6.4035345223e-14, 6.40726621065e-14, 1.93363337495e-13, 1.2068308592e-13, 9.69229308357e-14, 3.41242740445e-13, 1.36754268933e-13, 2.03392749691e-13, 2.83936611202e-13, 5.36863142917e-13, 4.21131255953e-13, 5.11269412223e-13, 9.47198049162e-13, 5.47617506896e-12, 3.97899178883e-11], "max": [0.0102808922529, 0.173250854015, 0.0556504279375, 0.0895736962557, 0.104676835239, 0.0747343227267, 0.166132315993, 0.0938341543078, 0.212766572833, 0.0576152391732, 0.0573982894421, 0.0839632898569, 0.0419546552002, 0.023798475042, 0.0164994318038, 0.0397470295429, 0.0116227688268, 0.00886887311935, 0.0174090974033, 0.0216612815857, 0.0152655271813, 0.0271839741617, 0.0123804658651, 0.0296441037208, 0.0208310671151, 0.0107404850423, 0.00204835319892], "dvar2": [1.09696384243e-06, 0.000270634511253, 2.5921714041e-05, 7.57329544285e-05, 7.39562383387e-05, 2.92772801913e-05, 7.67997626099e-05, 2.92778076982e-05, 2.90716743621e-05, 8.12262169347e-06, 3.13195823765e-06, 6.77695652485e-06, 2.91690730592e-06, 1.69793656823e-06, 9.72613293015e-07, 6.84836209075e-07, 3.41199410059e-07, 2.86729488153e-07, 6.07340780334e-07, 5.92969740865e-07, 6.07523190865e-07, 9.76317210188e-07, 9.61411956268e-07, 1.59105991315e-06, 6.83494079112e-07, 2.66395460358e-07, 6.91387302965e-09], "median": [0.000177159672603, 0.00504685984924, 0.00100852164906, 0.000612798088696, 0.00152322056238, 0.000993510941043, 0.000320895167533, 0.00013782318274, 7.55106448196e-05, 7.19739982742e-05, 4.00393146265e-05, 3.25061300828e-05, 3.84660779673e-05, 5.6784854678e-05, 2.35983443417e-05, 1.52422844621e-05, 1.47731498146e-05, 1.0915364328e-05, 1.88804588106e-05, 1.91622893908e-05, 1.98412617465e-05, 2.06417007576e-05, 1.31273045554e-05, 1.07648456833e-05, 6.88037107466e-06, 4.21890536018e-06, 5.94603818627e-07], "dmean2": [0.000490220729262, 0.0059708529152, 0.00191011640709, 0.0023703945335, 0.00302887847647, 0.00237968214788, 0.00240888586268, 0.00118118990213, 0.000919580867048, 0.000735539884772, 0.000379242148483, 0.000446094898507, 0.000357406941475, 0.000369271408999, 0.000257514504483, 0.000156310008606, 0.000150824329467, 0.000132490866235, 0.000171031380887, 0.000160326511832, 0.000196260749362, 0.000240180117544, 0.000234240840655, 0.000241419373197, 0.000181929324754, 0.00010304285388, 1.64986886375e-05], "dmean": [0.000292255717795, 0.00368641037494, 0.00115145009477, 0.0013804808259, 0.00181243289262, 0.00149905029684, 0.0015221289359, 0.000774015730713, 0.000607226567809, 0.000482385483338, 0.000246728421189, 0.00029560807161, 0.000241110712523, 0.000230377467233, 0.0001615267538, 9.72288326011e-05, 9.26009015529e-05, 8.18937915028e-05, 0.000105286329926, 9.99287003651e-05, 0.0001238679979, 0.000150435080286, 0.000145102181705, 0.000159641742357, 0.000125932070659, 7.24185374565e-05, 1.11268827823e-05], "var": [7.06684716079e-07, 0.000137577750138, 1.10702703751e-05, 2.02986338991e-05, 2.76190003206e-05, 1.88721351151e-05, 3.95985080104e-05, 1.90892897081e-05, 1.43043107528e-05, 5.99297982262e-06, 2.37468293562e-06, 3.52214397026e-06, 2.28995736506e-06, 1.01547084341e-06, 4.49386902801e-07, 6.04747015132e-07, 1.78711090371e-07, 1.4202787213e-07, 2.03889413797e-07, 2.32057345784e-07, 3.52485727717e-07, 6.12058215665e-07, 5.08593132054e-07, 1.32922434659e-06, 7.53903464101e-07, 2.86590079668e-07, 4.91840435046e-09], "dvar": [4.00728566774e-07, 0.000107280844531, 9.64886385191e-06, 2.62289322563e-05, 2.70794516837e-05, 1.22701194414e-05, 3.18569727824e-05, 1.28927840706e-05, 1.21428165585e-05, 3.47135028278e-06, 1.41688872191e-06, 2.7095529731e-06, 1.33694334181e-06, 7.11724169378e-07, 3.86549572795e-07, 3.44098481264e-07, 1.2826336615e-07, 1.06078921647e-07, 2.18316088763e-07, 2.20164793063e-07, 2.37041064111e-07, 4.16264754222e-07, 3.81546044537e-07, 7.29693795165e-07, 3.65954747394e-07, 1.3488583761e-07, 3.19074611177e-09], "mean": [0.000540758192074, 0.00799269042909, 0.00207176851109, 0.00172117829788, 0.00290133524686, 0.00241860514507, 0.00208278861828, 0.00111250381451, 0.000886076188181, 0.000707703176886, 0.000373281887732, 0.000435017776908, 0.00034101709025, 0.000313611031743, 0.000207058474189, 0.000124504731502, 0.000123052101117, 0.000110276945634, 0.000141242504469, 0.000135292488267, 0.000176435511094, 0.000216366519453, 0.00018761974934, 0.000229925572057, 0.000175639783265, 9.92512868834e-05, 1.32123277581e-05]}, "melbands_flatness_db": {"min": 0.017335806042, "max": 0.629660785198, "dvar2": 0.0022666065488, "median": 0.267361015081, "dmean2": 0.0423264503479, "dmean": 0.0295449979603, "var": 0.0105852168053, "dvar": 0.00116814288776, "mean": 0.275748640299}, "melbands_skewness": {"min": -5.58740711212, "max": 20.5478725433, "dvar2": 3.85224914551, "median": 2.81937122345, "dmean2": 1.49324905872, "dmean": 0.972121298313, "var": 5.4786233902, "dvar": 1.58606421947, "mean": 3.28590130806}, "barkbands_skewness": {"min": -7.65628957748, "max": 31.4174633026, "dvar2": 2.22531032562, "median": 2.13489675522, "dmean2": 1.17856872082, "dmean": 0.78511428833, "var": 4.49604797363, "dvar": 1.03628265858, "mean": 2.45776534081}, "silence_rate_60dB": {"min": 0, "max": 1, "dvar2": 0.0694650411606, "median": 0, "dmean2": 0.0665303319693, "dmean": 0.0332606323063, "var": 0.128209501505, "dvar": 0.0321586802602, "mean": 0.151015400887}, "spectral_energyband_low": {"min": 2.47748037363e-11, "max": 0.20726545155, "dvar2": 0.000358976103598, "median": 0.00916210841388, "dmean2": 0.00746414670721, "dmean": 0.00463361479342, "var": 0.000217453532969, "dvar": 0.000150654945173, "mean": 0.0113641088828}, "spectral_energyband_middle_low": {"min": 6.31517711389e-12, "max": 0.218944177032, "dvar2": 0.00046503712656, "median": 0.006834206637, "dmean2": 0.00904109142721, "dmean": 0.00571195967495, "var": 0.000246684910962, "dvar": 0.000182281190064, "mean": 0.0114152096212}, "melbands_kurtosis": {"min": -1.93450772762, "max": 1099.1394043, "dvar2": 2748.55712891, "median": 14.6395835876, "dmean2": 23.2271728516, "dmean": 14.5840101242, "var": 2517.41894531, "dvar": 1083.93676758, "mean": 28.9371948242}, "spectral_decrease": {"min": -5.97940115199e-08, "max": 1.09633274308e-16, "dvar2": 5.81037668816e-17, "median": -5.13830222815e-09, "dmean2": 3.73556607869e-09, "dmean": 2.41049935568e-09, "var": 4.39725375515e-17, "dvar": 2.44845626752e-17, "mean": -6.40773833993e-09}, "erbbands_kurtosis": {"min": -1.87332737446, "max": 234.158859253, "dvar2": 67.3134231567, "median": 1.1872754097, "dmean2": 3.83997631073, "dmean": 2.49688482285, "var": 62.569442749, "dvar": 29.3529472351, "mean": 3.6009542942}, "melbands_crest": {"min": 2.9051887989, "max": 38.5728111267, "dvar2": 25.0550994873, "median": 15.7892618179, "dmean2": 5.11864614487, "dmean": 3.19241333008, "var": 35.5773963928, "dvar": 10.023525238, "mean": 16.527633667}, "gfcc": {"cov": [[15658.46875, -802.162536621, -1361.1854248, 647.712280273, -873.837097168, 374.51272583, -217.746398926, 362.786682129, 129.832046509, 184.147384644, -351.485778809, 116.989746094, -134.393218994], [-802.162536621, 2382.57324219, 290.479003906, -112.843032837, 372.962982178, -96.9286575317, 124.23991394, -118.631149292, 80.4537963867, -150.058013916, 118.717025757, -89.2370300293, 66.0975494385], [-1361.1854248, 290.479003906, 1508.44189453, 407.895568848, 280.027923584, 195.619125366, 35.0513000488, -19.4806861877, 12.3332557678, -40.890838623, -7.51714420319, -28.0978775024, -6.15479373932], [647.712280273, -112.843032837, 407.895568848, 636.123657227, 183.051971436, 125.312454224, 26.9582767487, 37.9612541199, 42.7124862671, -0.192681774497, -45.9056816101, -27.5014019012, -32.4199485779], [-873.837097168, 372.962982178, 280.027923584, 183.051971436, 527.103271484, 155.539550781, 101.336532593, 13.6439037323, 37.0557670593, -39.0653457642, 14.4543504715, -42.0656089783, -10.4696836472], [374.51272583, -96.9286575317, 195.619125366, 125.312454224, 155.539550781, 364.011199951, 103.492256165, 46.0145683289, 26.0217876434, 33.2313232422, -3.72433781624, -15.8708724976, -19.9615211487], [-217.746398926, 124.23991394, 35.0513000488, 26.9582767487, 101.336532593, 103.492256165, 208.69052124, 62.6916923523, 18.1426715851, 4.52853298187, 31.6062698364, -7.33657264709, -1.38534832001], [362.786682129, -118.631149292, -19.4806861877, 37.9612541199, 13.6439037323, 46.0145683289, 62.6916923523, 166.26499939, 73.7469558716, 27.4672107697, -5.54162597656, 14.4586820602, -14.4457855225], [129.832046509, 80.4537963867, 12.3332557678, 42.7124862671, 37.0557670593, 26.0217876434, 18.1426715851, 73.7469558716, 165.200683594, 55.456489563, 11.4233350754, -7.23421192169, -6.07215261459], [184.147384644, -150.058013916, -40.890838623, -0.192681774497, -39.0653457642, 33.2313232422, 4.52853298187, 27.4672107697, 55.456489563, 151.091293335, 65.6882705688, 22.9851913452, -3.92923593521], [-351.485778809, 118.717025757, -7.51714420319, -45.9056816101, 14.4543504715, -3.72433781624, 31.6062698364, -5.54162597656, 11.4233350754, 65.6882705688, 147.512695312, 49.1743888855, 21.2181034088], [116.989746094, -89.2370300293, -28.0978775024, -27.5014019012, -42.0656089783, -15.8708724976, -7.33657264709, 14.4586820602, -7.23421192169, 22.9851913452, 49.1743888855, 109.142875671, 45.9379005432], [-134.393218994, 66.0975494385, -6.15479373932, -32.4199485779, -10.4696836472, -19.9615211487, -1.38534832001, -14.4457855225, -6.07215261459, -3.92923593521, 21.2181034088, 45.9379005432, 95.0907669067]], "icov": [[0.000140562653542, -0.00015237966727, 0.000198965251911, -0.000298704020679, 0.000330795737682, -0.000353790877853, 0.000257528678048, -0.000308456103085, 0.000159748029546, -0.000252514641033, 0.000470316037536, -0.000408731953939, 0.000226942196605], [-0.00015237966727, 0.000932299240958, -0.000339224730851, 0.000553342106286, -0.000725856167264, 0.000733333232347, -0.000699614407495, 0.000981499906629, -0.00108982459642, 0.0013590947492, -0.00151779991575, 0.00127987621818, -0.00077682727715], [0.000198965251911, -0.000339224730851, 0.00118180050049, -0.00094053306384, 0.000326436653268, -0.000881287502125, 0.00058241415536, -0.00033725737012, 0.000324639055179, -0.000195368338609, 0.0005611461238, -0.000651177426334, 0.000283043598756], [-0.000298704020679, 0.000553342106286, -0.00094053306384, 0.00286826607771, -0.00132405071054, 0.000668006192427, -0.000578086241148, 0.000614976219367, -0.000808227807283, 0.000418136856752, -0.000393732683733, 0.000819795764983, -0.000152835753397], [0.000330795737682, -0.000725856167264, 0.000326436653268, -0.00132405071054, 0.00377682433464, -0.0018195961602, 9.21181490412e-05, -0.000702057033777, 7.58605119699e-06, 0.000364219478797, 0.000405351573136, -0.000417543458752, 0.00059712480288], [-0.000353790877853, 0.000733333232347, -0.000881287502125, 0.000668006192427, -0.0018195961602, 0.0050232890062, -0.00245868531056, 0.000864622183144, -0.000428596831625, -0.000570005679037, -0.000436788570369, 0.00111949862912, -0.000383653648896], [0.000257528678048, -0.000699614407495, 0.00058241415536, -0.000578086241148, 9.21181490412e-05, -0.00245868531056, 0.00789364427328, -0.0040077297017, 0.00162653590087, 2.66251972789e-05, -0.00120353023522, 0.000643934996333, -0.000246513896855], [-0.000308456103085, 0.000981499906629, -0.00033725737012, 0.000614976219367, -0.000702057033777, 0.000864622183144, -0.0040077297017, 0.0109911551699, -0.00525080552325, 0.00110669911373, 0.000396832823753, -0.0020087256562, 0.00137749046553], [0.000159748029546, -0.00108982459642, 0.000324639055179, -0.000808227807283, 7.58605119699e-06, -0.000428596831625, 0.00162653590087, -0.00525080552325, 0.0103993285447, -0.00482988823205, 0.00163441698533, 0.000687580672093, -0.000366725958884], [-0.000252514641033, 0.0013590947492, -0.000195368338609, 0.000418136856752, 0.000364219478797, -0.000570005679037, 2.66251972789e-05, 0.00110669911373, -0.00482988823205, 0.0130614284426, -0.00759953958914, 0.00169129844289, 2.72400320682e-05], [0.000470316037536, -0.00151779991575, 0.0005611461238, -0.000393732683733, 0.000405351573136, -0.000436788570369, -0.00120353023522, 0.000396832823753, 0.00163441698533, -0.00759953958914, 0.0147228324786, -0.00737454695627, 0.0016852732515], [-0.000408731953939, 0.00127987621818, -0.000651177426334, 0.000819795764983, -0.000417543458752, 0.00111949862912, 0.000643934996333, -0.0020087256562, 0.000687580672093, 0.00169129844289, -0.00737454695627, 0.0173613019288, -0.00796454865485], [0.000226942196605, -0.00077682727715, 0.000283043598756, -0.000152835753397, 0.00059712480288, -0.000383653648896, -0.000246513896855, 0.00137749046553, -0.000366725958884, 2.72400320682e-05, 0.0016852732515, -0.00796454865485, 0.0149833727628]], "mean": [-63.2899856567, 92.3682785034, -77.8533935547, 26.6559143066, -58.6899871826, 12.8649320602, -33.4902496338, 1.28583312035, -20.2854213715, 9.70343208313, -9.67742824554, 3.24345231056, -9.17883491516]}, "melbands_spread": {"min": 0.123406358063, "max": 281.473236084, "dvar2": 578.75213623, "median": 9.0411272049, "dmean2": 10.0798940659, "dmean": 6.61303138733, "var": 630.799865723, "dvar": 276.484130859, "mean": 16.2849349976}, "spectral_energy": {"min": 1.00096667066e-10, "max": 0.232741951942, "dvar2": 0.000906308647245, "median": 0.0205902531743, "dmean2": 0.0148871578276, "dmean": 0.00964372698218, "var": 0.000712331617251, "dvar": 0.000381609075703, "mean": 0.0258387308568}, "mfcc": {"cov": [[14127.5927734, -1017.00305176, -1091.21728516, 143.336135864, -494.812896729, -24.7629890442, -213.354736328, 135.717453003, 183.394332886, 130.042404175, 182.454330444, 90.9287490845, -39.736114502], [-1017.00305176, 2232.91894531, 145.158233643, 61.9676513672, 211.780578613, 38.6108207703, 77.9075469971, 44.1418418884, -31.6045780182, 6.26619529724, 18.8411827087, -13.6443357468, -11.2628803253], [-1091.21728516, 145.158233643, 1132.3729248, 271.447753906, 263.061859131, 170.895629883, 85.0958404541, 60.7085037231, 30.1880435944, 14.6720485687, -18.2125511169, 6.53439235687, -10.8667669296], [143.336135864, 61.9676513672, 271.447753906, 489.033905029, 197.342193604, 78.1709213257, 21.2459220886, 50.4898834229, 45.8649978638, 12.9427213669, 9.78394317627, 24.2282581329, 2.11802196503], [-494.812896729, 211.780578613, 263.061859131, 197.342193604, 395.77154541, 169.637145996, 71.0605545044, 80.6526947021, 61.2896957397, 38.0553588867, 11.2585306168, 14.1207666397, -5.31846523285], [-24.7629890442, 38.6108207703, 170.895629883, 78.1709213257, 169.637145996, 275.13104248, 131.804275513, 54.5701713562, 42.2045822144, 50.6910858154, 38.9639549255, 5.69939374924, 5.91335439682], [-213.354736328, 77.9075469971, 85.0958404541, 21.2459220886, 71.0605545044, 131.804275513, 220.27432251, 75.1959228516, 13.4590606689, 24.1759395599, 23.6834087372, 5.24086666107, 18.328037262], [135.717453003, 44.1418418884, 60.7085037231, 50.4898834229, 80.6526947021, 54.5701713562, 75.1959228516, 168.047729492, 76.9754638672, 32.2286186218, 17.4609279633, 12.566824913, 1.62780869007], [183.394332886, -31.6045780182, 30.1880435944, 45.8649978638, 61.2896957397, 42.2045822144, 13.4590606689, 76.9754638672, 147.195556641, 61.0151863098, 21.0172977448, 13.7257614136, -1.99568009377], [130.042404175, 6.26619529724, 14.6720485687, 12.9427213669, 38.0553588867, 50.6910858154, 24.1759395599, 32.2286186218, 61.0151863098, 130.28237915, 58.1829986572, 13.4040298462, 2.99193620682], [182.454330444, 18.8411827087, -18.2125511169, 9.78394317627, 11.2585306168, 38.9639549255, 23.6834087372, 17.4609279633, 21.0172977448, 58.1829986572, 129.892196655, 57.1703796387, 10.6984024048], [90.9287490845, -13.6443357468, 6.53439235687, 24.2282581329, 14.1207666397, 5.69939374924, 5.24086666107, 12.566824913, 13.7257614136, 13.4040298462, 57.1703796387, 121.211547852, 48.4221229553], [-39.736114502, -11.2628803253, -10.8667669296, 2.11802196503, -5.31846523285, 5.91335439682, 18.328037262, 1.62780869007, -1.99568009377, 2.99193620682, 10.6984024048, 48.4221229553, 110.281150818]], "icov": [[9.25243075471e-05, 2.25985768338e-05, 9.32128314162e-05, -0.000113764377602, 0.000182180825504, -0.000156615438755, 0.000151142812683, -0.000155477056978, -3.06914189423e-05, -3.39539328706e-05, -5.06909673277e-05, -4.96311549796e-05, 6.84508268023e-05], [2.25985768338e-05, 0.000497375673149, 4.83710573462e-06, 1.82981639227e-05, -0.000325348373735, 0.000200325841433, -0.000134920323035, -0.000100509278127, 0.000239488988882, -2.47106036113e-05, -0.000187516823644, 0.000135894821142, 2.00654685614e-05], [9.32128314162e-05, 4.83710573462e-06, 0.00124226545449, -0.000543558388017, -0.000191946499399, -0.000538891472388, 5.44611830264e-05, -0.000188367397641, 0.000138677874929, -9.4911614724e-05, 0.000387982436223, -0.000254731829045, 0.000259590306086], [-0.000113764377602, 1.82981639227e-05, -0.000543558388017, 0.00290770363063, -0.00137332023587, 0.000312211253913, 6.65649276925e-05, 4.04323363909e-05, -0.000313447992085, 0.000379738106858, -0.000148743507452, -0.000199915491976, -0.000156924390467], [0.000182180825504, -0.000325348373735, -0.000191946499399, -0.00137332023587, 0.00513615598902, -0.00272306310944, 0.000865866953973, -0.00129082030617, -0.000479600770632, -0.000347447028616, 0.000777685723733, -0.000763915246353, 0.00056946236873], [-0.000156615438755, 0.000200325841433, -0.000538891472388, 0.000312211253913, -0.00272306310944, 0.00751955900341, -0.00382754998282, 0.00127863115631, -0.000699894153513, -0.000702670658939, -0.00141286966391, 0.00106020958629, -0.00033440993866], [0.000151142812683, -0.000134920323035, 5.44611830264e-05, 6.65649276925e-05, 0.000865866953973, -0.00382754998282, 0.00798203330487, -0.00360354059376, 0.00171008624602, -0.000157709713676, -0.000380462559406, 0.000399391341489, -0.00108484271914], [-0.000155477056978, -0.000100509278127, -0.000188367397641, 4.04323363909e-05, -0.00129082030617, 0.00127863115631, -0.00360354059376, 0.0100781777874, -0.00474970042706, 0.000545642687939, -0.000156307753059, -0.000241754649323, 0.000254247861449], [-3.06914189423e-05, 0.000239488988882, 0.000138677874929, -0.000313447992085, -0.000479600770632, -0.000699894153513, 0.00171008624602, -0.00474970042706, 0.0114723015577, -0.00449989456683, 0.00115407560952, -0.00091414724011, 0.000452501059044], [-3.39539328706e-05, -2.47106036113e-05, -9.4911614724e-05, 0.000379738106858, -0.000347447028616, -0.000702670658939, -0.000157709713676, 0.000545642687939, -0.00449989456683, 0.0122707765549, -0.00536169763654, 0.00195469683968, -0.000744790188037], [-5.06909673277e-05, -0.000187516823644, 0.000387982436223, -0.000148743507452, 0.000777685723733, -0.00141286966391, -0.000380462559406, -0.000156307753059, 0.00115407560952, -0.00536169763654, 0.0132329622284, -0.00651409756392, 0.00192529079504], [-4.96311549796e-05, 0.000135894821142, -0.000254731829045, -0.000199915491976, -0.000763915246353, 0.00106020958629, 0.000399391341489, -0.000241754649323, -0.00091414724011, 0.00195469683968, -0.00651409756392, 0.013595694676, -0.00558898458257], [6.84508268023e-05, 2.00654685614e-05, 0.000259590306086, -0.000156924390467, 0.00056946236873, -0.00033440993866, -0.00108484271914, 0.000254247861449, 0.000452501059044, -0.000744790188037, 0.00192529079504, -0.00558898458257, 0.0116406017914]], "mean": [-719.653869629, 127.190795898, 32.9809913635, 22.4243297577, 1.9268579483, 11.5835399628, -1.05409026146, -2.80097341537, -4.73839044571, 2.21741437912, 1.99006855488, 0.308562636375, -0.431617856026]}, "spectral_contrast_valleys": {"min": [-27.3121929169, -26.9828128815, -27.3235454559, -27.0138587952, -27.2899971008, -27.2442054749], "max": [-4.72230577469, -4.42533016205, -5.04848384857, -5.35643339157, -5.35440731049, -7.0294752121], "dvar2": [0.348740845919, 0.400416791439, 0.332054376602, 0.292543381453, 0.297293186188, 0.294986158609], "median": [-6.80939531326, -7.18658638, -8.20998954773, -8.79816436768, -8.63913631439, -10.6081609726], "dmean2": [0.615779995918, 0.66095584631, 0.600107371807, 0.528320193291, 0.45348829031, 0.400670945644], "dmean": [0.39306396246, 0.423005819321, 0.39764136076, 0.363522291183, 0.331612586975, 0.315380573273], "var": [2.48413681984, 1.74382889271, 1.75008678436, 1.76861023903, 1.90217661858, 2.0766415596], "dvar": [0.180839195848, 0.192945048213, 0.176560401917, 0.168476060033, 0.182453557849, 0.189319074154], "mean": [-7.43506908417, -7.38898563385, -8.33642482758, -8.89724349976, -8.75362300873, -10.6981239319]}, "barkbands_flatness_db": {"min": 0.0184211377054, "max": 0.473765432835, "dvar2": 0.00155179505236, "median": 0.176346093416, "dmean2": 0.0361998975277, "dmean": 0.0248335525393, "var": 0.00644209841266, "dvar": 0.0007866754313, "mean": 0.186520397663}, "dynamic_complexity": 5.14886331558, "erbbands_flatness_db": {"min": 0.0180806145072, "max": 0.423514515162, "dvar2": 0.00102998036891, "median": 0.158048197627, "dmean2": 0.029819726944, "dmean": 0.0203802119941, "var": 0.00315450225025, "dvar": 0.000521368114278, 