{"lowlevel": {"spectral_complexity": {"min": 0, "max": 64, "dvar2": 71.6769638062, "median": 19, "dmean2": 7.67357635498, "dmean": 5.03633737564, "var": 161.663146973, "dvar": 36.3610267639, "mean": 20.9283847809}, "silence_rate_20dB": {"min": 1, "max": 1, "dvar2": 0, "median": 1, "dmean2": 0, "dmean": 0, "var": 0, "dvar": 0, "mean": 1}, "average_loudness": 0.918637633324, "erbbands_spread": {"min": 5.88478374481, "max": 135.069122314, "dvar2": 324.541137695, "median": 48.3359146118, "dmean2": 17.0641345978, "dmean": 10.8228969574, "var": 340.185241699, "dvar": 124.155799866, "mean": 49.0002059937}, "spectral_kurtosis": {"min": -1.23580896854, "max": 34.9544448853, "dvar2": 2.30687952042, "median": 1.75105667114, "dmean2": 1.10118103027, "dmean": 0.668056547642, "var": 5.83265733719, "dvar": 0.812428772449, "mean": 2.21857094765}, "barkbands_kurtosis": {"min": -1.87606322765, "max": 99.8907470703, "dvar2": 82.9531860352, "median": -0.152370810509, "dmean2": 3.63501906395, "dmean": 2.09707689285, "var": 24.3605384827, "dvar": 27.8833465576, "mean": 0.981684923172}, "spectral_strongpeak": {"min": 0, "max": 11.6728105545, "dvar2": 1.58453416824, "median": 0.332734107971, "dmean2": 0.744800746441, "dmean": 0.436146438122, "var": 0.736997306347, "dvar": 0.589825510979, "mean": 0.628578901291}, "spectral_spread": {"min": 1688167.375, "max": 41567296, "dvar2": 1199120187390.0, "median": 5693310, "dmean2": 858055.375, "dmean": 557166.4375, "var": 5955222241280.0, "dvar": 551708852224, "mean": 5808700.5}, "spectral_rms": {"min": 3.14540667817e-12, "max": 0.0147730028257, "dvar2": 4.6144928092e-06, "median": 0.00349139515311, "dmean2": 0.001449017087, "dmean": 0.000955395866185, "var": 4.81095776195e-06, "dvar": 2.04533034776e-06, "mean": 0.00391672737896}, "erbbands": {"min": [1.80177294878e-22, 8.95722805476e-22, 1.97372988389e-21, 5.27939099843e-21, 7.82896803758e-21, 2.99232457344e-20, 7.87268695633e-20, 4.49757324532e-20, 8.22760883143e-20, 2.76526840668e-19, 3.66893453307e-19, 3.39954791545e-19, 8.25619877834e-19, 1.04867724672e-18, 1.45901756037e-18, 1.6536234834e-18, 2.67116637564e-18, 3.39848643593e-18, 1.71537024138e-18, 2.73572347975e-18, 4.73702307212e-18, 5.73935793861e-18, 5.24035089433e-18, 8.35268784583e-18, 9.5105529334e-18, 9.56451985093e-18, 9.37276863159e-18, 1.23320784105e-17, 1.24999274189e-17, 1.14502650001e-17, 1.14983812691e-17, 1.08307307095e-17, 9.99437335523e-18, 9.56621308964e-18, 7.46220558254e-18, 4.75512550624e-18, 2.63443355939e-18, 1.15219983096e-18, 2.39708643862e-19, 2.74971508472e-20], "max": [2.06438398361, 33.6038970947, 105.024772644, 123.513343811, 80.1513442993, 99.804725647, 222.975524902, 324.645019531, 534.746582031, 559.319213867, 781.208862305, 911.107788086, 649.846801758, 1695.33166504, 675.374328613, 1021.36480713, 811.06652832, 823.922485352, 1149.76306152, 586.992370605, 541.157226562, 725.980285645, 655.234313965, 640.312744141, 544.51574707, 556.715820312, 367.093536377, 289.187988281, 610.413269043, 620.816711426, 416.742950439, 248.763839722, 229.858154297, 178.714874268, 66.4043884277, 18.8655891418, 3.46210861206, 0.706997931004, 0.0906678065658, 0.00445872871205], "dvar2": [0.0875394195318, 30.3031177521, 337.779418945, 401.215789795, 41.3273391724, 131.788726807, 353.94418335, 262.240844727, 429.811767578, 782.857910156, 4282.23046875, 4050.30981445, 1192.8182373, 7811.87109375, 2687.08740234, 6408.71533203, 2505.5925293, 3207.91162109, 4212.29833984, 2200.10375977, 707.978820801, 687.254638672, 855.73614502, 1522.9119873, 1736.04492188, 1258.69104004, 814.861206055, 477.439971924, 893.71661377, 1675.01342773, 1176.84423828, 155.271530151, 130.841415405, 59.8856773376, 10.0078897476, 0.775397479534, 0.0534595921636, 0.00393284438178, 8.14993545646e-05, 1.57019499625e-07], "median": [0.0255128480494, 0.232901573181, 0.988304376602, 0.74914586544, 1.22113633156, 2.67036819458, 3.76753520966, 3.65561795235, 3.18311738968, 3.69529414177, 8.15656089783, 9.03822898865, 5.20441246033, 9.5513343811, 6.98821544647, 9.44221115112, 7.94692516327, 9.09071731567, 10.2776374817, 8.45255661011, 6.73921823502, 7.03368377686, 7.95576667786, 9.9086856842, 13.3909358978, 12.4257411957, 10.0410251617, 8.53976821899, 8.05691337585, 7.01154565811, 5.52437591553, 3.81170964241, 2.04421949387, 0.982555449009, 0.31372988224, 0.0739104449749, 0.024935407564, 0.00890869926661, 0.000861842476297, 6.1430488131e-05], "dmean2": [0.145501464605, 2.27645421028, 6.81328868866, 7.11469841003, 3.04959321022, 5.95026779175, 9.77344989777, 8.05556297302, 8.37484264374, 8.94518566132, 27.0381641388, 23.7823200226, 12.8344221115, 31.6241321564, 19.4415893555, 30.6838741302, 20.3597888947, 23.5290737152, 26.9322280884, 20.6545696259, 13.0522317886, 12.7041358948, 13.0271100998, 16.6757736206, 21.6038646698, 19.9927597046, 16.8847789764, 12.3673686981, 13.1901540756, 15.4978542328, 12.6970453262, 5.68937206268, 4.12526416779, 2.19696140289, 0.943389415741, 0.269147574902, 0.0852022320032, 0.0267343856394, 0.00344828306697, 0.00015725386038], "dmean": [0.0861032605171, 1.26097202301, 3.84643054008, 4.16041564941, 1.86875474453, 3.53134489059, 6.07796812057, 5.05201721191, 5.40193462372, 5.67789554596, 16.8685207367, 15.864985466, 8.61593437195, 20.3488388062, 12.5995502472, 19.6922893524, 12.9886131287, 14.9324321747, 16.9449882507, 12.8900985718, 8.30870246887, 8.01798152924, 8.41003799438, 10.6086549759, 13.8188076019, 13.156375885, 11.1002817154, 8.85704231262, 9.52734565735, 9.78134250641, 7.85897541046, 4.04329633713, 2.62793254852, 1.5156968832, 0.635575532913, 0.179956540465, 0.061916090548, 0.0174734219909, 0.00252629350871, 0.000125064325402], "var": [0.0448215454817, 7.72316884995, 81.1849746704, 125.609680176, 20.0328769684, 59.9139175415, 282.852478027, 201.899612427, 326.093597412, 330.174468994, 2805.25854492, 2822.4765625, 1088.79418945, 6091.71533203, 1823.41760254, 4244.67138672, 1829.74902344, 2371.37548828, 2891.96679688, 1562.40148926, 715.013977051, 754.394592285, 621.940979004, 994.676452637, 1240.63366699, 967.560241699, 716.171020508, 574.060974121, 851.618652344, 1064.01660156, 609.875366211, 141.054794312, 74.6173248291, 37.1733703613, 6.6405134201, 0.507382810116, 0.0441388227046, 0.00318516674452, 9.47541630012e-05, 2.40291370801e-07], "dvar": [0.0339903198183, 10.4299345016, 120.604164124, 151.754043579, 17.0806598663, 44.8241577148, 147.693328857, 113.004249573, 178.623504639, 303.907104492, 1708.80725098, 1810.31005859, 553.621459961, 3296.79223633, 1146.51293945, 2632.37011719, 1067.57653809, 1344.7890625, 1721.66320801, 894.115234375, 307.103302002, 314.956634521, 348.276611328, 641.46307373, 738.620788574, 576.018798828, 383.058532715, 264.503387451, 476.673614502, 733.976623535, 476.64175415, 81.0209197998, 54.3072814941, 26.6351051331, 4.41304683685, 0.337196111679, 0.0260331537575, 0.00186644331552, 5.00262176502e-05, 1.18363786328e-07], "mean": [0.103500626981, 1.09802424908, 3.45281767845, 4.00536632538, 2.63765716553, 5.33716249466, 9.59750843048, 7.8670592308, 8.85585403442, 8.5974111557, 24.8100414276, 24.6578845978, 14.373714447, 31.576374054, 19.8383235931, 29.2877635956, 21.3521099091, 24.1157073975, 27.5047206879, 20.9739608765, 14.7470932007, 14.5462760925, 15.5344085693, 19.1783485413, 23.9186725616, 21.7968864441, 18.6902046204, 15.6733455658, 16.3675880432, 15.705083847, 11.9068994522, 6.81551647186, 4.43694114685, 2.58205652237, 1.10521841049, 0.333443343639, 0.100664794445, 0.0253303050995, 0.00334349530749, 0.000176505782292]}, "zerocrossingrate": {"min": 0.01171875, "max": 0.52294921875, "dvar2": 0.000401257246267, "median": 0.09814453125, "dmean2": 0.0202953834087, "dmean": 0.0164827425033, "var": 0.00238640164025, "dvar": 0.00027402761043, "mean": 0.103822462261}, "spectral_contrast_coeffs": {"min": [-0.976367354393, -0.971740245819, -0.972360908985, -0.968170046806, -0.966990709305, -0.963572919369], "max": [-0.290462046862, -0.433194667101, -0.513943254948, -0.601020991802, -0.589734494686, -0.584517836571], "dvar2": [0.00513366982341, 0.00366509892046, 0.00251713464968, 0.00155953934882, 0.000775606487878, 0.000672699417919], "median": [-0.690513730049, -0.760172188282, -0.787559568882, -0.807249307632, -0.810579061508, -0.768532812595], "dmean2": [0.0849454179406, 0.0758856907487, 0.063397705555, 0.0489915497601, 0.0341869816184, 0.03006112203], "dmean": [0.0519568137825, 0.0467596724629, 0.0388929769397, 0.0305740702897, 0.0213188715279, 0.0193712711334], "var": [0.00525737693533, 0.00573619036004, 0.00420142570511, 0.00242542428896, 0.0012013571104, 0.00169101241045], "dvar": [0.00195531756617, 0.00142933346797, 0.00100108771585, 0.000627225963399, 0.000314069591695, 0.000297603110084], "mean": [-0.68558382988, -0.752965688705, -0.783996224403, -0.80107986927, -0.808186411858, -0.765591561794]}, "dissonance": {"min": 0.296309649944, "max": 0.500000119209, "dvar2": 0.00037799536949, "median": 0.483731091022, "dmean2": 0.0198172945529, "dmean": 0.0119496202096, "var": 0.000271208613412, "dvar": 0.000142787524965, "mean": 0.479601413012}, "spectral_energyband_high": {"min": 7.26009557392e-21, "max": 0.046041380614, "dvar2": 1.05827857624e-05, "median": 0.00116652308498, "dmean2": 0.00154352572281, "dmean": 0.00108640315011, "var": 1.12379284474e-05, "dvar": 5.67060669709e-06, "mean": 0.00212018564343}, "spectral_skewness": {"min": -0.0592339858413, "max": 4.41337394714, "dvar2": 0.0448314771056, "median": 1.06118607521, "dmean2": 0.217831268907, "dmean": 0.138744696975, "var": 0.153557270765, "dvar": 0.0179736781865, "mean": 1.09915709496}, "spectral_flux": {"min": 6.51211931602e-11, "max": 0.409942150116, "dvar2": 0.00352107686922, "median": 0.0653865039349, "dmean2": 0.0388160012662, "dmean": 0.0252832565457, "var": 0.00361590762623, "dvar": 0.00175569218118, "mean": 0.0823402106762}, "silence_rate_30dB": {"min": 0, "max": 1, "dvar2": 0.0708714425564, "median": 1, "dmean2": 0.0535292588174, "dmean": 0.0267611183226, "var": 0.0163793694228, "dvar": 0.0260456688702, "mean": 0.983342051506}, "spectral_energyband_middle_high": {"min": 1.37925016222e-21, "max": 0.0752334669232, "dvar2": 2.31247304328e-05, "median": 0.00274941092357, "dmean2": 0.00271857366897, "dmean": 0.00191257626284, "var": 3.96355681005e-05, "dvar": 1.18910866149e-05, "mean": 0.0048427702859}, "barkbands_spread": {"min": 2.25118660927, "max": 105.348434448, "dvar2": 249.228851318, "median": 37.5149536133, "dmean2": 15.9772129059, "dmean": 10.128818512, "var": 273.355529785, "dvar": 95.5460586548, "mean": 39.4214706421}, "spectral_centroid": {"min": 329.819000244, "max": 11499.2978516, "dvar2": 398641.0625, "median": 2040.85888672, "dmean2": 631.300292969, "dmean": 401.322357178, "var": 701598.125, "dvar": 161115.203125, "mean": 2092.56762695}, "pitch_salience": {"min": 0.114173062146, "max": 0.854479372501, "dvar2": 0.0225929096341, "median": 0.609019160271, "dmean2": 0.146001577377, "dmean": 0.0853544026613, "var": 0.0128696290776, "dvar": 0.00750289717689, "mean": 0.592575907707}, "erbbands_skewness": {"min": -3.82819914818, "max": 3.39708447456, "dvar2": 0.252254784107, "median": 0.0147637221962, "dmean2": 0.551097333431, "dmean": 0.362320661545, "var": 0.478416770697, "dvar": 0.113873489201, "mean": -0.0269069280475}, "erbbands_crest": {"min": 2.34570932388, "max": 27.2643375397, "dvar2": 12.2645311356, "median": 5.68880176544, "dmean2": 3.49205350876, "dmean": 2.15657067299, "var": 11.2897396088, "dvar": 4.97820186615, "mean": 6.67312574387}, "melbands": {"min": [1.87943112997e-24, 1.26049835792e-24, 7.0719565773e-25, 2.15320885701e-24, 3.18179946373e-24, 1.33844925384e-24, 1.31828241922e-24, 3.24346511512e-24, 2.71075010684e-24, 2.17495755495e-24, 3.96159754044e-24, 3.73289966427e-24, 3.19779835175e-24, 2.146662692e-24, 2.48309392149e-24, 5.78349665017e-24, 3.70720449243e-24, 2.30653975115e-24, 2.30575246797e-24, 2.91644972939e-24, 4.24580834737e-24, 5.37000376821e-24, 4.30689103055e-24, 3.59333636507e-24, 5.99479619907e-24, 5.49404425695e-24, 5.20458752499e-24, 5.61553238623e-24, 5.12464712187e-24, 5.87977633479e-24, 6.46014090833e-24, 5.37561690798e-24, 6.28822800113e-24, 5.46278169927e-24, 5.77237016153e-24, 7.66269033301e-24, 5.81067882481e-24, 6.92179690399e-24, 5.6126747376e-24, 8.0165670242e-24], "max": [0.0287932753563, 0.0490192398429, 0.0183014497161, 0.00482538109645, 0.00583582092077, 0.00627227174118, 0.00752501329407, 0.00521746836603, 0.00685570435598, 0.00497594987974, 0.00360628333874, 0.00761665590107, 0.00230810488574, 0.00332642602734, 0.00163242209237, 0.0018756184727, 0.00157045759261, 0.0020065032877, 0.00129446666688, 0.000936747936066, 0.000518002314493, 0.00074938434409, 0.000725475023501, 0.000803608156275, 0.000577277969569, 0.000608681875747, 0.00047514794278, 0.000377309595933, 0.000261291861534, 0.00017609866336, 0.000193516418221, 0.000444853387307, 0.000320666702464, 0.000350100512151, 0.000305325171212, 0.000126549930428, 0.000164969955222, 0.000166540252394, 0.000178048736416, 0.000146485312143], "dvar2": [1.61588286574e-05, 7.70372207626e-05, 8.59643023432e-06, 3.91982865722e-07, 3.2326335031e-07, 1.30560039224e-07, 1.11961306004e-07, 8.94109533078e-08, 3.1252534427e-07, 1.38934098004e-07, 3.7101617778e-08, 1.51923103431e-07, 2.71349307468e-08, 7.21127904058e-08, 2.21209290885e-08, 9.12348419035e-09, 1.33939801472e-08, 1.28981021419e-08, 8.1522202322e-09, 3.96891497445e-09, 9.20802323279e-10, 8.42537650758e-10, 8.7355556122e-10, 1.27460542121e-09, 1.19386878161e-09, 1.15845033566e-09, 9.22322829222e-10, 6.11241668391e-10, 3.76952580261e-10, 2.73247924287e-10, 1.97440397365e-10, 4.12924971993e-10, 4.17708617695e-10, 6.38793018481e-10, 6.16299900003e-10, 8.75060301997e-11, 6.53913451165e-11, 7.5838627045e-11, 6.55724502474e-11, 3.83488969746e-11], "median": [0.000247703545028, 0.000475432258099, 0.000140124291647, 0.000139081705129, 0.000138446252095, 8.27040639706e-05, 4.71716703032e-05, 4.36640475527e-05, 7.3206887464e-05, 4.98648041685e-05, 2.25401672651e-05, 3.92429283238e-05, 1.96621112991e-05, 2.63284273387e-05, 1.91694562091e-05, 1.62738851941e-05, 1.57538088388e-05, 1.47164973896e-05, 1.31109391077e-05, 8.69781069923e-06, 7.42720749258e-06, 6.66902542434e-06, 7.13853978596e-06, 7.13940016794e-06, 7.45373381505e-06, 9.46862746787e-06, 8.52546600072e-06, 7.7960512499e-06, 6.39426525595e-06, 5.07836648467e-06, 4.69933956992e-06, 4.48479022452e-06, 4.14460555476e-06, 3.684901003e-06, 3.25517703459e-06, 2.65184917225e-06, 2.08460869544e-06, 1.47301159359e-06, 1.10057510483e-06, 7.21811943549e-07], "dmean2": [0.00188061955851, 0.00336231826805, 0.00107173074502, 0.000313743425068, 0.000310170871671, 0.000184137214092, 0.000131275970489, 0.000108115811599, 0.000231401107158, 0.000136553993798, 6.88405270921e-05, 0.000136672591907, 6.19258717052e-05, 9.4662529591e-05, 5.92206160945e-05, 4.06825929531e-05, 4.70938794024e-05, 4.38069073425e-05, 3.84881204809e-05, 2.42125988734e-05, 1.56965379574e-05, 1.43770012073e-05, 1.3781481357e-05, 1.42365643114e-05, 1.4392761841e-05, 1.73367734533e-05, 1.53916371346e-05, 1.40744823511e-05, 1.18432944873e-05, 9.51500260271e-06, 7.65891763876e-06, 8.34346974443e-06, 8.64640605869e-06, 9.2511627372e-06, 9.02638657863e-06, 4.42629834652e-06, 3.62782634511e-06, 3.19934656545e-06, 2.51545725405e-06, 1.77840411197e-06], "dmean": [0.00105090660509, 0.00189516076352, 0.000631680246443, 0.000187646510312, 0.000189745056559, 0.000115556998935, 8.48311756272e-05, 6.83678590576e-05, 0.000146046615555, 9.08095316845e-05, 4.57407695649e-05, 8.78521459526e-05, 3.96548202843e-05, 6.03989683441e-05, 3.78577460651e-05, 2.5839502996e-05, 2.96095440717e-05, 2.77591043414e-05, 2.37602253037e-05, 1.49523357322e-05, 9.85633232631e-06, 8.98618964129e-06, 8.56243968883e-06, 8.99489805306e-06, 9.0395569714e-06, 1.08504855234e-05, 9.83491645457e-06, 9.15217242436e-06, 7.52625419409e-06, 6.22848847343e-06, 5.18868864674e-06, 5.78400795348e-06, 5.62394234294e-06, 5.72374710828e-06, 5.3922162806e-06, 3.05239814224e-06, 2.4460248369e-06, 1.99909231924e-06, 1.63445918133e-06, 1.21851212498e-06], "var": [5.34524860996e-06, 1.969182631e-05, 2.8147935609e-06, 1.87602509527e-07, 2.41415420987e-07, 9.71889022594e-08, 7.98999337803e-08, 3.79775642045e-08, 2.121581133e-07, 9.27416508034e-08, 3.15407326923e-08, 1.17285161139e-07, 1.70707821212e-08, 4.28278106313e-08, 1.41034535162e-08, 7.29656113307e-09, 8.9512610657e-09, 8.4828464253e-09, 4.88260143428e-09, 2.49805776065e-09, 8.50269021857e-10, 8.6156254353e-10, 6.11120209992e-10, 7.060467766e-10, 7.21665061043e-10, 7.29514115783e-10, 6.92946700021e-10, 4.18297091409e-10, 3.05573899517e-10, 2.36416025645e-10, 1.8701316884e-10, 2.9544153235e-10, 3.19549775529e-10, 3.48984258158e-10, 2.59605781316e-10, 8.27418758509e-11, 4.83775068616e-11, 3.93324851855e-11, 3.5382172886e-11, 2.47132973807e-11], "dvar": [5.49196329303e-06, 2.77043200185e-05, 3.29907879859e-06, 1.37331639394e-07, 1.29949896177e-07, 5.52436318912e-08, 4.59692088839e-08, 3.46024435771e-08, 1.25663049744e-07, 6.19688336201e-08, 1.72358571859e-08, 6.41138768742e-08, 1.13625873155e-08, 2.94934778822e-08, 9.08796593535e-09, 4.02178246262e-09, 5.51867485044e-09, 5.27403276607e-09, 3.30478533428e-09, 1.58653379323e-09, 3.92927301807e-10, 3.81773918035e-10, 3.57087498459e-10, 4.9904769206e-10, 4.97144214684e-10, 4.76503614344e-10, 4.13276746158e-10, 2.70152983317e-10, 1.73334485654e-10, 1.29228822088e-10, 9.7953388456e-11, 1.98502256299e-10, 1.94711025081e-10, 2.67774441509e-10, 2.31598115685e-10, 4.68795037512e-11, 3.12113876411e-11, 3.05657478494e-11, 2.71267539681e-11, 1.74516442963e-11], "mean": [0.00107742624823, 0.00175210251473, 0.000630488502793, 0.000289867602987, 0.000309226015816, 0.000180918636033, 0.000137130948133, 9.90700500552e-05, 0.000220461559366, 0.000137336421176, 7.04498743289e-05, 0.000133809226099, 5.89952069276e-05, 8.55105463415e-05, 5.67785536987e-05, 4.17300325353e-05, 4.4434411393e-05, 4.30434811278e-05, 3.49702313542e-05, 2.26530100917e-05, 1.62762280524e-05, 1.50390869749e-05, 1.4123260371e-05, 1.50303994815e-05, 1.51691101564e-05, 1.74947836058e-05, 1.65344627021e-05, 1.39588355523e-05, 1.21232706078e-05, 9.83476911642e-06, 8.77941965882e-06, 9.191459867e-06, 9.30833175516e-06, 8.51077402331e-06, 7.35559160603e-06, 5.06311198478e-06, 3.85503699363e-06, 3.22517598761e-06, 2.60571982835e-06, 2.02847377295e-06]}, "spectral_entropy": {"min": 5.84210300446, "max": 9.81801128387, "dvar2": 0.0360351167619, "median": 8.13724708557, "dmean2": 0.195156186819, "dmean": 0.127200737596, "var": 0.0825342312455, "dvar": 0.0155004793778, "mean": 8.10353183746}, "spectral_rolloff": {"min": 64.599609375, "max": 19422.9492188, "dvar2": 4195550, "median": 2605.51757812, "dmean2": 1947.85571289, "dmean": 1174.87976074, "var": 4800151, "dvar": 1699468, "mean": 2992.0949707}, "barkbands": {"min": [4.67906128288e-26, 4.32096273138e-24, 9.39664584851e-25, 1.30639852551e-24, 8.22384338249e-24, 9.54580386569e-24, 9.14193863665e-24, 1.25230169868e-23, 1.58677335824e-23, 1.707853252e-23, 1.26830042893e-23, 2.31484827087e-23, 5.8814017038e-23, 4.95995189752e-23, 3.61636873692e-23, 7.21351829783e-23, 8.34627270172e-23, 8.46551186744e-23, 1.45635991469e-22, 1.8671095644e-22, 2.81045013457e-22, 3.8814432929e-22, 4.33476113924e-22, 5.87859348519e-22, 9.95664035321e-22, 1.3210260175e-21, 1.86513072259e-21], "max": [0.00159740913659, 0.129435300827, 0.097650334239, 0.0351009070873, 0.0225554015487, 0.025466227904, 0.0314358845353, 0.0263628829271, 0.0348510146141, 0.051592759788, 0.0156947579235, 0.0246672481298, 0.0188601408154, 0.0163984093815, 0.0162974707782, 0.012741397135, 0.0125365229324, 0.0132076274604, 0.0159335881472, 0.011530241929, 0.00663355784491, 0.0160752423108, 0.0164795909077, 0.0127047272399, 0.0135365827009, 0.00267397146672, 0.00051299284678], "dvar2": [4.66265390742e-08, 0.000382162805181, 0.00025513334549, 3.36195844284e-05, 8.90269620868e-06, 4.72284045827e-06, 3.21238189827e-06, 5.68326822759e-06, 6.42237864668e-06, 6.33052104604e-06, 1.3843088027e-06, 4.50195238955e-06, 1.16502758374e-06, 1.45810247432e-06, 1.47731452671e-06, 4.62763438236e-07, 2.45864242743e-07, 4.04895786232e-07, 7.3485705343e-07, 5.57564817427e-07, 3.23507379107e-07, 7.63489026667e-07, 1.57769727593e-06, 3.56701917781e-07, 3.289234769e-07, 2.03269436838e-08, 2.40562125775e-09], "median": [3.69606568711e-05, 0.000989775988273, 0.000845167669468, 0.000165733144968, 0.000756022054702, 0.000503604416735, 0.000206571305171, 0.000265065173153, 0.000360464735422, 0.000244894938078, 0.000106662671897, 0.000231608079048, 0.000148684106534, 0.000169466686202, 0.00019046003581, 0.000114849724923, 0.000130956395878, 0.000150601292262, 0.000228820455959, 0.000259960535914, 0.000230538542382, 0.000223581882892, 0.000198583380552, 0.000151833315613, 6.42125232844e-05, 1.49032548507e-05, 5.52910205442e-06], "dmean2": [0.000103122714791, 0.0085485978052, 0.00600309530273, 0.00189636973664, 0.00150746514555, 0.00112497794908, 0.000637358811218, 0.000993014662527, 0.000980854267254, 0.000860645144712, 0.000442567543359, 0.000802290218417, 0.000432339380495, 0.000494243286084, 0.000543176662177, 0.000283369678073, 0.000254918646533, 0.00026852535666, 0.000403116835514, 0.000423421413871, 0.000348178931745, 0.000370158231817, 0.000451760162832, 0.000247837800998, 0.000157810922246, 4.96751890751e-05, 2.01627299248e-05], "dmean": [7.27290389477e-05, 0.00473663257435, 0.00341452960856, 0.00108126853593, 0.000889189890586, 0.000708549050614, 0.000409274915, 0.000616717210505, 0.000652054848615, 0.000558869622182, 0.000274086807622, 0.000512214086484, 0.000271932571195, 0.000313446711516, 0.000335404591169, 0.000175340712303, 0.000159745759447, 0.000172184139956, 0.000253776088357, 0.000278913415968, 0.000235108309425, 0.000270086689852, 0.000280967477011, 0.000167713500559, 0.000108766915218, 3.397258115e-05, 1.49248671732e-05], "var": [3.13865946566e-08, 0.000108018801257, 6.44528990961e-05, 9.36808919505e-06, 3.71562919099e-06, 3.54307712769e-06, 1.85227690963e-06, 3.29972863256e-06, 4.36220580013e-06, 4.9425607358e-06, 8.18089688437e-07, 2.90724028673e-06, 8.17159502731e-07, 1.00552574622e-06, 9.21718083191e-07, 3.41437157658e-07, 2.47680588927e-07, 2.54611080663e-07, 4.5747015065e-07, 4.43305367526e-07, 3.67593315787e-07, 7.61568173857e-07, 8.21788376015e-07, 2.63253213006e-07, 2.05512506568e-07, 1.52759245253e-08, 3.04529912398e-09], "dvar": [2.41672459822e-08, 0.000130169020849, 9.20211023185e-05, 1.23082591017e-05, 3.00466172121e-06, 1.97938561541e-06, 1.28027727442e-06, 2.25702387979e-06, 2.86068166133e-06, 2.74046146842e-06, 5.7339372006e-07, 1.85145677278e-06, 4.95390622746e-07, 5.95725964558e-07, 5.93896459122e-07, 1.89113862348e-07, 1.09456145481e-07, 1.61334867244e-07, 3.03901742882e-07, 2.5575891982e-07, 1.69801069205e-07, 4.14965768414e-07, 6.44699753138e-07, 1.66226342913e-07, 1.45148263186e-07, 9.28507759568e-09, 1.54774326688e-09], "mean": [9.15238706511e-05, 0.00448764674366, 0.003108500503, 0.000995339360088, 0.00140377366915, 0.00113380723633, 0.000629136746284, 0.000830077566206, 0.000985507736914, 0.000841524626594, 0.000376017967938, 0.000738091534004, 0.000419268762926, 0.000480235205032, 0.000503153598402, 0.000279286206933, 0.000273748009931, 0.000303632434225, 0.000427963968832, 0.000463922508061, 0.000418649462517, 0.000472504791105, 0.000432349101175, 0.000288128125248, 0.000191425991943, 6.0169637436e-05, 1.9792074454e-05]}, "melbands_flatness_db": {"min": 0.00339195947163, "max": 0.409732788801, "dvar2": 0.00291784666479, "median": 0.11986745894, "dmean2": 0.0503457263112, "dmean": 0.0303869862109, "var": 0.00252342014574, "dvar": 0.0010180141544, "mean": 0.128132268786}, "melbands_skewness": {"min": -1.29110193253, "max": 16.7473144531, "dvar2": 4.77718544006, "median": 2.12239456177, "dmean2": 1.50017666817, "dmean": 0.905783653259, "var": 2.78865337372, "dvar": 1.66823470592, "mean": 2.43860292435}, "barkbands_skewness": {"min": -4.23690795898, "max": 9.64770507812, "dvar2": 1.53318536282, "median": 0.836591959, "dmean2": 0.938176512718, "dmean": 0.569897413254, "var": 0.917226374149, "dvar": 0.535280883312, "mean": 0.964416861534}, "silence_rate_60dB": {"min": 0, "max": 1, "dvar2": 0.0911672860384, "median": 0, "dmean2": 0.078719496727, "dmean": 0.0393545851111, "var": 0.0778727754951, "dvar": 0.037811409682, "mean": 0.0851259157062}, "spectral_energyband_low": {"min": 1.64893417762e-23, "max": 0.194709733129, "dvar2": 0.00116318417713, "median": 0.00223137903959, "dmean2": 0.0141994953156, "dmean": 0.00806675385684, "var": 0.000345451291651, "dvar": 0.00041681426228, "mean": 0.00843500625342}, "spectral_energyband_middle_low": {"min": 1.54569620339e-22, "max": 0.0556420497596, "dvar2": 5.26503754372e-05, "median": 0.00400208961219, "dmean2": 0.00444593885913, "dmean": 0.00287551153451, "var": 4.41178272013e-05, "dvar": 2.30850582739e-05, "mean": 0.00605747057125}, "melbands_kurtosis": {"min": -1.80176365376, "max": 406.655578613, "dvar2": 1569.54016113, "median": 5.1694688797, "dmean2": 14.8955497742, "dmean": 8.51552963257, "var": 467.867004395, "dvar": 529.308288574, "mean": 10.3099594116}, "spectral_decrease": {"min": -5.68183935457e-08, "max": 1.58040475123e-28, "dvar2": 8.49647168862e-17, "median": -2.84282464236e-09, "dmean2": 4.3976937647e-09, "dmean": 2.70197375585e-09, "var": 3.88187060269e-17, "dvar": 3.28630287776e-17, "mean": -4.84677764589e-09}, "erbbands_kurtosis": {"min": -1.78289067745, "max": 21.5065364838, "dvar2": 2.0896294117, "median": -0.464010596275, "dmean2": 1.1305770874, "dmean": 0.713013589382, "var": 1.77904045582, "dvar": 0.941749334335, "mean": -0.135095521808}, "melbands_crest": {"min": 1.5904519558, "max": 32.8011436462, "dvar2": 36.2907562256, "median": 12.0711088181, "dmean2": 6.75937223434, "dmean": 3.97663927078, "var": 27.2559299469, "dvar": 12.7100229263, "mean": 12.8701267242}, "gfcc": {"cov": [[15304.3632812, -846.320617676, -497.614501953, 983.272155762, -489.403869629, 321.623382568, -174.512878418, 328.602294922, -46.4170379639, 178.581756592, -64.0618133545, 0.644364178181, -161.282577515], [-846.320617676, 853.733947754, -303.861633301, -131.817092896, -6.67639684677, -67.3495864868, 44.7338676453, -56.8528671265, 21.3572826385, -54.8611221313, 28.711107254, -23.8080539703, 28.0883598328], [-497.614501953, -303.861633301, 565.276245117, 188.048095703, 78.5209732056, 31.9294338226, -10.2936048508, 26.4718036652, 8.56401157379, 9.60324287415, -25.1771697998, 4.94146299362, -7.97027778625], [983.272155762, -131.817092896, 188.048095703, 467.112976074, 30.3933506012, 32.2722320557, 5.80993366241, 13.7382564545, 45.5560264587, -14.6657876968, -20.2271499634, -15.8710632324, -9.14156150818], [-489.403869629, -6.67639684677, 78.5209732056, 30.3933506012, 170.634246826, 41.4689445496, 32.016784668, 1.67730247974, 16.2480201721, -5.57613372803, -13.3083496094, -3.86286950111, 3.59857368469], [321.623382568, -67.3495864868, 31.9294338226, 32.2722320557, 41.4689445496, 163.624771118, 47.6173553467, 64.840133667, -8.4096736908, 23.9993686676, -4.17580461502, 0.020949145779, -5.38864946365], [-174.512878418, 44.7338676453, -10.2936048508, 5.80993366241, 32.016784668, 47.6173553467, 118.690475464, 27.961309433, 19.9574813843, -15.6731977463, 3.63925886154, -19.5951004028, -11.7903709412], [328.602294922, -56.8528671265, 26.4718036652, 13.7382564545, 1.67730247974, 64.840133667, 27.961309433, 127.387649536, 29.3763217926, 38.0174179077, 1.03747630119, 0.927724897861, 1.60336530209], [-46.4170379639, 21.3572826385, 8.56401157379, 45.5560264587, 16.2480201721, -8.4096736908, 19.9574813843, 29.3763217926, 80.2696914673, 19.2818889618, 2.41031813622, -14.3899879456, -2.85901808739], [178.581756592, -54.8611221313, 9.60324287415, -14.6657876968, -5.57613372803, 23.9993686676, -15.6731977463, 38.0174179077, 19.2818889618, 75.4678268433, 27.3282546997, 3.24253964424, -3.81438875198], [-64.0618133545, 28.711107254, -25.1771697998, -20.2271499634, -13.3083496094, -4.17580461502, 3.63925886154, 1.03747630119, 2.41031813622, 27.3282546997, 59.8133277893, 23.0413246155, 10.4966259003], [0.644364178181, -23.8080539703, 4.94146299362, -15.8710632324, -3.86286950111, 0.020949145779, -19.5951004028, 0.927724897861, -14.3899879456, 3.24253964424, 23.0413246155, 60.5442695618, 30.6823806763], [-161.282577515, 28.0883598328, -7.97027778625, -9.14156150818, 3.59857368469, -5.38864946365, -11.7903709412, 1.60336530209, -2.85901808739, -3.81438875198, 10.4966259003, 30.6823806763, 59.4515419006]], "icov": [[0.000137871902552, 9.25302738324e-05, 0.000312285177642, -0.000416257738834, 0.000312834366923, -0.000153579225298, 0.000166264479049, -0.000281912391074, 0.000266275601462, -0.000273846351774, 0.000290528550977, -0.000251646823017, 0.000389701162931], [9.25302738324e-05, 0.00185182597488, 0.000969894288573, 1.78826903721e-05, -7.70104670664e-05, 5.06490541738e-05, 1.58716738952e-05, 5.81598324061e-05, -0.000663941144012, 0.00155393069144, -0.00146484444849, 0.00141712988261, -0.000885248882696], [0.000312285177642, 0.000969894288573, 0.00333248567767, -0.00176279072184, -0.000460443552583, 0.000100457473309, 0.000445333949756, -0.00101662368979, 0.000979487900622, -0.000809950986877, 0.001055400935, -0.00083666050341, 0.000957957177889], [-0.000416257738834, 1.78826903721e-05, -0.00176279072184, 0.00416751019657, -0.000677555683069, -0.000770550570451, 0.000400384858949, 0.00118718319573, -0.00333335925825, 0.00305172824301, -0.00171020592097, 0.00162844813894, -0.00121762230992], [0.000312834366923, -7.70104670664e-05, -0.000460443552583, -0.000677555683069, 0.00824958924204, -0.00264093675651, -0.00118901126552, 0.00146651861724, -0.0016557915369, -0.000904722663108, 0.00266720307991, -0.00129452103283, -0.000235428393353], [-0.000153579225298, 5.06490541738e-05, 0.000100457473309, -0.000770550570451, -0.00264093675651, 0.0113682858646, -0.00502576958388, -0.0039890226908, 0.00563636049628, -0.00499214418232, 0.00275229522958, -0.00131610257085, -0.000100390214357], [0.000166264479049, 1.58716738952e-05, 0.000445333949756, 0.000400384858949, -0.00118901126552, -0.00502576958388, 0.0150416539982, -0.00320216361433, -0.00411013374105, 0.00958086922765, -0.0075775841251, 0.0051097413525, 0.00236850255169], [-0.000281912391074, 5.81598324061e-05, -0.00101662368979, 0.00118718319573, 0.00146651861724, -0.0039890226908, -0.00320216361433, 0.0141781968996, -0.00505337584764, -0.00534735433757, 0.00336757372133, -0.00164490996394, -0.00254551135004], [0.000266275601462, -0.000663941144012, 0.000979487900622, -0.00333335925825, -0.0016557915369, 0.00563636049628, -0.00411013374105, -0.00505337584764, 0.0206713657826, -0.00842925254256, 0.00256309052929, 0.00204908265732, -0.000469703460112], [-0.000273846351774, 0.00155393069144, -0.000809950986877, 0.00305172824301, -0.000904722663108, -0.00499214418232, 0.00958086922765, -0.00534735433757, -0.00842925254256, 0.0303397048265, -0.0178756341338, 0.00695001007989, 0.00164062378462], [0.000290528550977, -0.00146484444849, 0.001055400935, -0.00171020592097, 0.00266720307991, 0.00275229522958, -0.0075775841251, 0.00336757372133, 0.00256309052929, -0.0178756341338, 0.0323271080852, -0.0144882695749, 0.000599203107413], [-0.000251646823017, 0.00141712988261, -0.00083666050341, 0.00162844813894, -0.00129452103283, -0.00131610257085, 0.0051097413525, -0.00164490996394, 0.00204908265732, 0.00695001007989, -0.0144882695749, 0.0315861776471, -0.0133960563689], [0.000389701162931, -0.000885248882696, 0.000957957177889, -0.00121762230992, -0.000235428393353, -0.000100390214357, 0.00236850255169, -0.00254551135004, -0.000469703460112, 0.00164062378462, 0.000599203107413, -0.0133960563689, 0.0256710406393]], "mean": [9.82407093048, 50.7812538147, -109.328033447, 38.4885864258, -62.2927017212, 20.9209384918, -29.9232711792, 6.9166264534, -21.8391342163, 3.7710340023, -13.6966648102, -1.0364433527, -10.894695282]}, "melbands_spread": {"min": 1.30715930462, "max": 286.720916748, "dvar2": 656.769592285, "median": 36.7626495361, "dmean2": 22.7412109375, "dmean": 13.94490242, "var": 603.163452148, "dvar": 272.32598877, "mean": 40.5123405457}, "spectral_energy": {"min": 1.01409233094e-20, "max": 0.223697647452, "dvar2": 0.00124658178538, "median": 0.0124945845455, "dmean2": 0.0172541551292, "dmean": 0.0108775263652, "var": 0.000649999768939, "dvar": 0.000498170440551, "mean": 0.020655432716}, "mfcc": {"cov": [[8533.01269531, -71.5630722046, -45.2552909851, 318.950683594, 0.358614802361, 71.6363449097, 14.3862638474, 96.8349380493, 23.1275939941, 142.876541138, 97.9051208496, 31.4346542358, 41.138835907], [-71.5630722046, 614.773925781, -175.396011353, -111.598480225, -78.0106506348, -31.9784126282, 2.43672847748, -1.22988200188, -17.7198925018, -1.22213160992, 10.5756177902, -5.63582611084, 0.800261974335], [-45.2552909851, -175.396011353, 379.880950928, 162.319122314, 80.0012817383, 33.0965919495, 6.72625541687, 15.1946563721, 26.9857673645, -2.29005479813, -14.1705179214, 29.4769210815, 1.30037903786], [318.950683594, -111.598480225, 162.319122314, 320.145141602, 87.1607284546, 55.4276313782, -33.6341781616, 27.7750778198, 18.6875343323, 17.1010055542, -22.7803039551, 8.4334602356, 5.23876094818], [0.358614802361, -78.0106506348, 80.0012817383, 87.1607284546, 148.446548462, 49.2253265381, 7.92376565933, 10.4943971634, 35.2936439514, 5.36394166946, -6.1465420723, 10.5858926773, 6.28646230698], [71.6363449097, -31.9784126282, 33.0965919495, 55.4276313782, 49.2253265381, 114.037384033, 40.2804374695, 26.4621372223, 13.4473018646, 10.6758518219, -0.304966688156, 0.589069724083, -7.36332082748], [14.3862638474, 2.43672847748, 6.72625541687, -33.6341781616, 7.92376565933, 40.2804374695, 106.251533508, 39.9601631165, 18.8717212677, 13.5566453934, 16.185760498, 2.22236585617, -1.33502864838], [96.8349380493, -1.22988200188, 15.1946563721, 27.7750778198, 10.4943971634, 26.4621372223, 39.9601631165, 86.5492782593, 42.4343261719, 9.61060905457, 3.04808926582, 4.78006744385, -1.05044579506], [23.1275939941, -17.7198925018, 26.9857673645, 18.6875343323, 35.2936439514, 13.4473018646, 18.8717212677, 42.4343261719, 80.2034454346, 34.9454879761, 8.25525283813, 6.4808678627, 0.917341351509], [142.876541138, -1.22213160992, -2.29005479813, 17.1010055542, 5.36394166946, 10.6758518219, 13.5566453934, 9.61060905457, 34.9454879761, 84.0805587769, 40.5144844055, -1.27149641514, -2.30101251602], [97.9051208496, 10.5756177902, -14.1705179214, -22.7803039551, -6.1465420723, -0.304966688156, 16.185760498, 3.04808926582, 8.25525283813, 40.5144844055, 70.9708557129, 20.9849586487, 0.257617384195], [31.4346542358, -5.63582611084, 29.4769210815, 8.4334602356, 10.5858926773, 0.589069724083, 2.22236585617, 4.78006744385, 6.4808678627, -1.27149641514, 20.9849586487, 59.16040802, 20.9097080231], [41.138835907, 0.800261974335, 1.30037903786, 5.23876094818, 6.28646230698, -7.36332082748, -1.33502864838, -1.05044579506, 0.917341351509, -2.30101251602, 0.257617384195, 20.9097080231, 46.4473800659]], "icov": [[0.000130295869894, 1.85578719538e-05, 7.84097719588e-05, -0.000170717103174, 6.13048759988e-05, -1.51556359924e-05, -5.08232324137e-06, -0.000140284435474, 0.000115574170195, -0.000158961571287, -0.00012837840768, -1.05411008917e-05, -0.000117382944154], [1.85578719538e-05, 0.00193878973369, 0.000743390410207, 0.000164151118952, 0.00051992101362, 8.54084137245e-05, -2.01556667889e-05, -0.000286782829789, 0.000123237099615, -0.000135744194267, 0.000113377769594, -0.000342486455338, -8.66948812472e-06], [7.84097719588e-05, 0.000743390410207, 0.00414587464184, -0.00198709056713, -0.00052078999579, 0.000579710758757, -0.00136561400723, 0.000859937747009, -0.000931476359256, 0.000547577568796, 0.000654151372146, -0.00223168032244, 0.00121493451297], [-0.000170717103174, 0.000164151118952, -0.00198709056713, 0.00618733279407, -0.00215370720252, -0.0019643898122, 0.00383662106469, -0.00336509151384, 0.00262014358304, -0.00316050718538, 0.00245789811015, -0.000275585392956, -0.000577493221499], [6.13048759988e-05, 0.00051992101362, -0.00052078999579, -0.00215370720252, 0.0109795304015, -0.00368778919801, -0.000548051204532, 0.00356232072227, -0.00629940954968, 0.00278853299096, -0.000905653927475, 6.29546957498e-06, -0.00154686206952], [-1.51556359924e-05, 8.54084137245e-05, 0.000579710758757, -0.0019643898122, -0.00368778919801, 0.0134896924719, -0.00525272358209, -0.00163579091895, 0.00234046950936, -0.00158910441678, 0.00141459319275, -0.000981795135885, 0.00297615421005], [-5.08232324137e-06, -2.01556667889e-05, -0.00136561400723, 0.00383662106469, -0.000548051204532, -0.00525272358209, 0.0156147498637, -0.00714090885594, 0.00154843355995, -0.00146138074342, -0.00210241042078, 0.0013751136139, -0.00157124048565], [-0.000140284435474, -0.000286782829789, 0.000859937747009, -0.00336509151384, 0.00356232072227, -0.00163579091895, -0.00714090885594, 0.0218107234687, -0.0129828769714, 0.00562033103779, -0.00130451808218, -0.000253979465924, 0.000687629915774], [0.000115574170195, 0.000123237099615, -0.000931476359256, 0.00262014358304, -0.00629940954968, 0.00234046950936, 0.00154843355995, -0.0129828769714, 0.0264420453459, -0.0130890281871, 0.00551954936236, -0.00331539008766, 0.000891832634807], [-0.000158961571287, -0.000135744194267, 0.000547577568796, -0.00316050718538, 0.00278853299096, -0.00158910441678, -0.00146138074342, 0.00562033103779, -0.0130890281871, 0.0254321917892, -0.0155493533239, 0.00751222157851, -0.0018371475162], [-0.00012837840768, 0.000113377769594, 0.000654151372146, 0.00245789811015, -0.000905653927475, 0.00141459319275, -0.00210241042078, -0.00130451808218, 0.00551954936236, -0.0155493533239, 0.027596635744, -0.0126695018262, 0.00474428525195], [-1.05411008917e-05, -0.000342486455338, -0.00223168032244, -0.000275585392956, 6.29546957498e-06, -0.000981795135885, 0.0013751136139, -0.000253979465924, -0.00331539008766, 0.00751222157851, -0.0126695018262, 0.0271724741906, -0.0117385284975], [-0.000117382944154, -8.66948812472e-06, 0.00121493451297, -0.000577493221499, -0.00154686206952, 0.00297615421005, -0.00157124048565, 0.000687629915774, 0.000891832634807, -0.0018371475162, 0.00474428525195, -0.0117385284975, 0.0274660550058]], "mean": [-627.011108398, 77.9694976807, 9.58818054199, 19.4403629303, -1.9966878891, 11.2023601532, 3.61487197876, 4.26895427704, -1.07913446426, 6.10557460785, 0.264309853315, -1.19420933723, -0.479262053967]}, "spectral_contrast_valleys": {"min": [-27.7235412598, -28.0554141998, -27.5439796448, -27.5506038666, -27.3952350616, -27.3997783661], "max": [-5.06524991989, -4.85040569305, -5.17161226273, -5.11542844772, -5.36878061295, -7.14923763275], "dvar2": [0.434475272894, 0.312556564808, 0.251372367144, 0.24889986217, 0.293430179358, 0.269593805075], "median": [-7.30274820328, -6.8108959198, -7.26308917999, -7.47917318344, -7.0426902771, -9.15325260162], "dmean2": [0.747694253922, 0.609443366528, 0.54328584671, 0.480139672756, 0.468238651752, 0.490616083145], "dmean": [0.458950549364, 0.378817081451, 0.340914279222, 0.304564893246, 0.308135449886, 0.342913299799], "var": [2.5906085968, 2.32813191414, 2.21813988686, 2.2706284523, 2.62193632126, 2.61810779572], "dvar": [0.187471389771, 0.138599917293, 0.115672916174, 0.115381076932, 0.132446110249, 0.128084599972], "mean": [-7.47828149796, -7.00257015228, -7.39096593857, -7.62417078018, -7.24745130539, -9.38855075836]}, "barkbands_flatness_db": {"min": 0.0155913447961, "max": 0.365771383047, "dvar2": 0.0016160167288, "median": 0.0676950961351, "dmean2": 0.0365800745785, "dmean": 0.0220111422241, "var": 0.00126304687001, "dvar": 0.000562108587474, "mean": 0.0746738314629}, "dynamic_complexity": 3.98298597336, "erbbands_flatness_db": {"min": 0.0330914072692, "max": 0.310102105141, "dvar2": 0.000480799615616, "median": 0.108355864882, "dmean2": 0.0236964020878, "dmean": 0.0154456347227, "var": 0.00109504850116, "dvar": 0.000215492909774, "mean": 0.11560