{"lowlevel": {"spectral_complexity": {"min": 0, "max": 63, "dvar2": 119.748390198, "median": 5, "dmean2": 7.30253887177, "dmean": 5.07526016235, "var": 182.000961304, "dvar": 72.0833740234, "mean": 10.5934324265}, "silence_rate_20dB": {"min": 1, "max": 1, "dvar2": 0, "median": 1, "dmean2": 0, "dmean": 0, "var": 0, "dvar": 0, "mean": 1}, "average_loudness": 0.830732226372, "erbbands_spread": {"min": 1.09731984138, "max": 178.697937012, "dvar2": 661.845397949, "median": 36.6018676758, "dmean2": 23.374961853, "dmean": 15.3070268631, "var": 752.367858887, "dvar": 290.229156494, "mean": 43.5856781006}, "spectral_kurtosis": {"min": -1.24768221378, "max": 62.0611114502, "dvar2": 35.0425453186, "median": 2.66750025749, "dmean2": 3.56304001808, "dmean": 2.19998002052, "var": 27.1351470947, "dvar": 13.8097934723, "mean": 4.25599479675}, "barkbands_kurtosis": {"min": -1.96067690849, "max": 954.313720703, "dvar2": 2989.29467773, "median": 1.2108643055, "dmean2": 16.2703304291, "dmean": 9.96844482422, "var": 1179.08605957, "dvar": 1143.94458008, "mean": 10.5123233795}, "spectral_strongpeak": {"min": 0, "max": 9.75830459595, "dvar2": 1.11813914776, "median": 0.251390635967, "dmean2": 0.646592617035, "dmean": 0.391802549362, "var": 0.633201181889, "dvar": 0.43976277113, "mean": 0.535867333412}, "spectral_spread": {"min": 945109.1875, "max": 42314840, "dvar2": 2206267080700.0, "median": 4852610, "dmean2": 1177049, "dmean": 802613.8125, "var": 4325492391940.0, "dvar": 997305286656, "mean": 5007174}, "spectral_rms": {"min": 3.20036922311e-12, "max": 0.0157409701496, "dvar2": 9.28342433326e-06, "median": 0.00176053890027, "dmean2": 0.00186568917707, "dmean": 0.00138605560642, "var": 8.61393982632e-06, "dvar": 4.5088263505e-06, "mean": 0.00277789891697}, "erbbands": {"min": [1.60369325714e-22, 7.45444272917e-22, 6.42304493567e-21, 7.52691221247e-21, 1.9031370868e-20, 9.77915603004e-20, 7.53959360212e-20, 1.33862380036e-19, 1.43217999559e-19, 4.94875225422e-19, 4.75786326727e-19, 6.57111192938e-19, 7.4572193378e-19, 7.9030939864e-19, 9.87303443796e-19, 1.93977534597e-18, 2.00597254245e-18, 2.37992249261e-18, 4.09126674255e-18, 4.13173159094e-18, 7.23844412785e-18, 5.03751421402e-18, 6.43693051612e-18, 7.98421610606e-18, 5.43293756609e-18, 9.17727276562e-18, 8.1920692232e-18, 1.16315118528e-17, 1.38913022847e-17, 1.46557164323e-17, 9.85959668212e-18, 1.14021694105e-17, 1.4103566756e-17, 7.9648484992e-18, 6.80121465403e-18, 4.76664316909e-18, 2.5790569193e-18, 1.1310655731e-18, 2.73026729304e-19, 2.98502793571e-20], "max": [2.05912280083, 28.8038101196, 147.37298584, 348.61706543, 262.368621826, 203.345275879, 180.807113647, 252.336334229, 514.350708008, 865.562316895, 252.049407959, 371.90222168, 188.651855469, 1360.23828125, 1213.14770508, 499.399658203, 625.733032227, 1748.54309082, 921.723999023, 707.145446777, 925.305725098, 706.054870605, 626.018188477, 351.323944092, 329.729095459, 247.547286987, 142.732772827, 268.003601074, 278.199462891, 257.571075439, 143.916488647, 155.392532349, 67.4846115112, 42.6835021973, 19.9307327271, 12.1993494034, 3.31863069534, 0.43194770813, 0.0262376647443, 0.00107893627137], "dvar2": [0.140341430902, 35.5470352173, 552.802124023, 2293.50585938, 1270.07714844, 426.12411499, 434.092834473, 211.346511841, 407.523132324, 792.089782715, 201.991073608, 147.719451904, 176.344772339, 3339.15307617, 1415.98754883, 707.899841309, 1488.59265137, 2105.08129883, 2187.21069336, 1997.61206055, 2188.75146484, 1600.12158203, 1671.71020508, 812.220947266, 956.524841309, 650.593566895, 282.632293701, 248.702575684, 211.102172852, 128.553329468, 53.4369659424, 43.0992431641, 17.4782924652, 5.09445428848, 0.93749833107, 0.119884505868, 0.00821668189019, 0.000195879489183, 1.75561547167e-06, 8.59980442414e-09], "median": [0.00111412070692, 0.012775529176, 0.0568713434041, 0.208723694086, 0.317135095596, 0.388773620129, 0.211508244276, 0.482745051384, 0.653254270554, 0.803123354912, 0.59500169754, 0.52083414793, 0.725088655949, 1.07550179958, 1.081569314, 1.02814650536, 1.04062879086, 1.52878236771, 1.65448224545, 1.63612961769, 1.5258783102, 1.10554921627, 0.994369864464, 1.09782004356, 1.02705574036, 1.04532337189, 0.928540468216, 0.753929376602, 0.559644639492, 0.384100198746, 0.237184613943, 0.159097164869, 0.0993055477738, 0.0473167225718, 0.0171143803746, 0.00489147985354, 0.00106728216633, 0.000127727296785, 1.43478337122e-05, 6.09715971223e-06], "dmean2": [0.129967793822, 2.00077414513, 8.92841053009, 19.7097129822, 14.5856227875, 8.1958322525, 7.2785410881, 5.59307479858, 7.67345046997, 8.55630493164, 5.15348768234, 4.22397279739, 5.85504817963, 14.4582576752, 13.1741399765, 11.9438180923, 14.9065675735, 17.3988246918, 20.4891586304, 19.0613002777, 22.1527137756, 16.367181778, 16.6445808411, 14.0369243622, 15.2112550735, 12.2594480515, 8.40097427368, 7.43977165222, 6.59141254425, 4.61193847656, 3.20983219147, 2.80938386917, 1.86634349823, 0.973508417606, 0.388864934444, 0.125304892659, 0.0329215973616, 0.00495191244408, 0.000457653455669, 4.39204231952e-05], "dmean": [0.0792318284512, 1.17252635956, 5.0667424202, 11.3261413574, 8.19060134888, 4.63682079315, 4.01560878754, 3.21822476387, 4.6640124321, 5.26195049286, 3.22468543053, 2.75272297859, 3.97204709053, 9.30999660492, 8.89185619354, 7.82801628113, 9.82803440094, 11.6686897278, 13.8929395676, 12.8175497055, 14.5177679062, 11.2051877975, 11.3799505234, 9.32995510101, 9.9337272644, 7.76887702942, 5.53497171402, 5.17416477203, 4.60762453079, 3.32011675835, 2.33621191978, 2.00643324852, 1.28718185425, 0.662013411522, 0.2651258111, 0.0853305459023, 0.0223366785794, 0.00327002070844, 0.000294768629828, 2.899528954e-05], "var": [0.0479228794575, 9.74233627319, 141.926086426, 641.462097168, 322.817687988, 120.570236206, 96.7977523804, 60.7792854309, 228.38470459, 390.233734131, 114.425117493, 78.4722900391, 152.800201416, 1868.63574219, 1123.98291016, 497.045928955, 979.692199707, 1731.32873535, 1768.5234375, 1461.29284668, 1636.01623535, 1377.90283203, 1260.36560059, 680.625427246, 681.866210938, 402.585784912, 210.729827881, 262.340026855, 202.183654785, 145.900161743, 68.3868408203, 52.2612342834, 17.760925293, 5.07037305832, 0.997581005096, 0.134145528078, 0.0121028637514, 0.000215181396925, 1.1440141634e-06, 4.68698635459e-09], "dvar": [0.0572484619915, 13.3750038147, 199.779525757, 867.388916016, 460.005523682, 153.561660767, 152.508132935, 76.4498596191, 164.576507568, 324.518463135, 83.728767395, 58.6356086731, 79.1030349731, 1203.07653809, 680.502075195, 335.331359863, 672.446105957, 961.317321777, 1091.40991211, 945.509643555, 1052.28662109, 875.27923584, 863.955871582, 424.662567139, 461.772613525, 273.952270508, 131.877288818, 131.110168457, 108.555511475, 66.7217636108, 28.3991909027, 22.1406517029, 8.67251682281, 2.52700924873, 0.480965346098, 0.0617744512856, 0.00423696171492, 9.77692761808e-05, 7.66482799008e-07, 3.76803566127e-09], "mean": [0.0634094700217, 0.902893424034, 4.21800088882, 8.6952381134, 6.68829250336, 4.20096731186, 3.10876059532, 3.12687635422, 5.3932299614, 6.05406522751, 3.81994652748, 3.70977187157, 5.55255031586, 12.2910318375, 11.4140958786, 9.31938457489, 12.073802948, 14.4158802032, 17.484172821, 16.5350170135, 17.8356246948, 13.5394096375, 13.400021553, 11.5707235336, 11.6637773514, 9.3618478775, 7.19811630249, 7.23711681366, 6.2604804039, 4.83632659912, 3.36821746826, 2.80629348755, 1.71705794334, 0.869356036186, 0.337206691504, 0.104201577604, 0.0276869907975, 0.00381259131245, 0.000317031575833, 3.27923517034e-05]}, "zerocrossingrate": {"min": 0.001953125, "max": 0.509765625, "dvar2": 0.000582465087064, "median": 0.07080078125, "dmean2": 0.0204693023115, "dmean": 0.0188606288284, "var": 0.00484051275998, "dvar": 0.000514870334882, "mean": 0.0862819626927}, "spectral_contrast_coeffs": {"min": [-0.976313054562, -0.974985539913, -0.976766824722, -0.963029384613, -0.964510977268, -0.965694725513], "max": [-0.312943249941, -0.314434349537, -0.402761787176, -0.427436560392, -0.541738569736, -0.520488798618], "dvar2": [0.00742134032771, 0.00506522180513, 0.00369983841665, 0.00313675031066, 0.00179327698424, 0.00137018796522], "median": [-0.667429327965, -0.776807427406, -0.823334932327, -0.809785246849, -0.809350669384, -0.775405824184], "dmean2": [0.0983606502414, 0.081658385694, 0.0656374618411, 0.0605231672525, 0.0445469543338, 0.0366343557835], "dmean": [0.064162068069, 0.0523106642067, 0.0431572683156, 0.0395287536085, 0.0293433554471, 0.0246509704739], "var": [0.0138722630218, 0.00968560017645, 0.0088630374521, 0.00677998829633, 0.00360546866432, 0.00264245970175], "dvar": [0.00361638329923, 0.00217305752449, 0.00172669976018, 0.00143382058013, 0.000821960915346, 0.000648122106213], "mean": [-0.66340225935, -0.763247311115, -0.79885417223, -0.791565716267, -0.801948189735, -0.7756305933]}, "dissonance": {"min": 0.140519112349, "max": 0.500000178814, "dvar2": 0.00140668323729, "median": 0.481683820486, "dmean2": 0.0293858405203, "dmean": 0.0178620945662, "var": 0.00103183777537, "dvar": 0.000549281481653, "mean": 0.471037626266}, "spectral_energyband_high": {"min": 7.18651446571e-21, "max": 0.0151013378054, "dvar2": 1.76875118996e-06, "median": 0.000100289456896, "dmean2": 0.00068504048977, "dmean": 0.000505489937495, "var": 2.56148064182e-06, "dvar": 1.04055607153e-06, "mean": 0.000775107939262}, "spectral_skewness": {"min": -0.563819408417, "max": 6.10181856155, "dvar2": 0.383641570807, "median": 1.19800913334, "dmean2": 0.492018550634, "dmean": 0.317273139954, "var": 0.456954270601, "dvar": 0.154819577932, "mean": 1.34569275379}, "spectral_flux": {"min": 6.54920076504e-11, "max": 0.429428964853, "dvar2": 0.00693131191656, "median": 0.038529381156, "dmean2": 0.05704170838, "dmean": 0.0398615933955, "var": 0.0072821858339, "dvar": 0.00371547974646, "mean": 0.0730485990644}, "silence_rate_30dB": {"min": 0, "max": 1, "dvar2": 0.0593404434621, "median": 1, "dmean2": 0.0438984446228, "dmean": 0.0219474248588, "var": 0.0130908666179, "dvar": 0.0214684233069, "mean": 0.986734330654}, "spectral_energyband_middle_high": {"min": 1.44969521386e-21, "max": 0.0698379203677, "dvar2": 1.99109108507e-05, "median": 0.000583360088058, "dmean2": 0.00252588908188, "dmean": 0.00178418308496, "var": 2.65031012532e-05, "dvar": 1.20050362966e-05, "mean": 0.00279834214598}, "barkbands_spread": {"min": 0.241060003638, "max": 113.200027466, "dvar2": 367.022277832, "median": 22.5860404968, "dmean2": 16.4963951111, "dmean": 10.6921720505, "var": 455.113708496, "dvar": 162.90032959, "mean": 27.632774353}, "spectral_centroid": {"min": 115.955879211, "max": 11382.0380859, "dvar2": 658381.25, "median": 1780.61108398, "dmean2": 711.96484375, "dmean": 472.903411865, "var": 1330324.125, "dvar": 309935.40625, "mean": 1859.92858887}, "pitch_salience": {"min": 0.0484769791365, "max": 0.936007022858, "dvar2": 0.028584966436, "median": 0.533035874367, "dmean2": 0.185572490096, "dmean": 0.113514445722, "var": 0.0221612118185, "dvar": 0.0112875886261, "mean": 0.527226388454}, "erbbands_skewness": {"min": -7.32882499695, "max": 8.76663303375, "dvar2": 0.975080490112, "median": -0.195205837488, "dmean2": 0.896777689457, "dmean": 0.592895567417, "var": 1.3888053894, "dvar": 0.445965975523, "mean": -0.123242773116}, "erbbands_crest": {"min": 2.31549930573, "max": 32.1527938843, "dvar2": 26.3586463928, "median": 7.7362241745, "dmean2": 5.4795627594, "dmean": 3.36133670807, "var": 26.488407135, "dvar": 11.1216650009, "mean": 9.25109004974}, "melbands": {"min": [3.17128473672e-24, 2.185931399e-24, 2.43397687773e-24, 4.39210260225e-24, 3.181437771e-24, 2.79882958235e-24, 2.58387366315e-24, 4.61996783573e-24, 3.97954452046e-24, 3.04869969635e-24, 3.82038433866e-24, 2.86777503939e-24, 3.82455267968e-24, 4.26872593996e-24, 6.111179215e-24, 3.90905269883e-24, 3.4217748954e-24, 6.85610845641e-24, 6.43169024535e-24, 5.63441298313e-24, 8.85515614317e-24, 4.17777461632e-24, 5.55636150745e-24, 6.45077594609e-24, 6.47525351112e-24, 3.3307774234e-24, 5.88357391118e-24, 5.51642818513e-24, 3.76256280646e-24, 6.20181104997e-24, 5.65294056478e-24, 6.37178967023e-24, 9.42997305239e-24, 8.03664747854e-24, 4.93588217358e-24, 4.9072812326e-24, 6.66791148797e-24, 9.00137387853e-24, 5.97113904939e-24, 7.0216745832e-24], "max": [0.0232921149582, 0.0612397603691, 0.0560455918312, 0.0121142845601, 0.00526024214923, 0.00581513904035, 0.00816418696195, 0.00779183674604, 0.00225573591888, 0.00214694719762, 0.00103044044226, 0.00597398448735, 0.00505037093535, 0.00211135251448, 0.00152396562044, 0.00182148686145, 0.00375168514438, 0.00172624760307, 0.00124445126858, 0.00178983074147, 0.000911263749003, 0.000678228738252, 0.000765637436416, 0.000653059745673, 0.00032926214044, 0.000248130556429, 0.000204817639315, 0.000169241480762, 9.32354159886e-05, 0.000179717550054, 0.000142207019962, 0.000152709690155, 0.000140336487675, 0.000124274811242, 9.46064101299e-05, 8.81619780557e-05, 0.000120293661894, 5.98962033109e-05, 4.34881294495e-05, 3.34617798217e-05], "dvar2": [2.13142138819e-05, 0.000110980196041, 5.59496838832e-05, 3.45223043041e-06, 5.65968491628e-07, 1.07858618037e-07, 1.12849619427e-07, 7.98661190515e-08, 1.1328340932e-08, 5.57859358707e-09, 4.77191752779e-09, 5.59762867169e-08, 1.82644086522e-08, 9.91511317494e-09, 4.88093299111e-09, 8.42716385563e-09, 9.25911347593e-09, 5.67973756915e-09, 6.79405554038e-09, 3.74210351595e-09, 3.17290216323e-09, 1.83851756042e-09, 2.25303598e-09, 1.01254971074e-09, 5.9377913697e-10, 4.96201912892e-10, 5.25489596281e-10, 3.06992264942e-10, 1.39269304422e-10, 1.08280197308e-10, 9.18324097321e-11, 8.45409020567e-11, 6.45683437273e-11, 3.47401656053e-11, 2.06844767009e-11, 2.07818866282e-11, 1.97433978888e-11, 1.30574127899e-11, 4.72976952742e-12, 3.88623768582e-12], "median": [1.1598571291e-05, 2.81654392893e-05, 4.34666944784e-05, 2.90400057565e-05, 9.40340305533e-06, 1.00860488601e-05, 9.88760439213e-06, 8.29850432638e-06, 4.07135075875e-06, 2.43115232479e-06, 2.91739661407e-06, 3.80720348403e-06, 3.18802267429e-06, 2.66781125902e-06, 1.57171371029e-06, 1.90089463104e-06, 2.4406308512e-06, 2.30327532336e-06, 1.53114149271e-06, 1.56789042194e-06, 1.45238777804e-06, 8.14567840735e-07, 8.600648016e-07, 6.10640768173e-07, 7.80457071414e-07, 6.84648853166e-07, 5.79412130719e-07, 6.086254416e-07, 5.45100760974e-07, 4.36523265535e-07, 3.90285379126e-07, 3.20168226153e-07, 2.23369880814e-07, 1.85164736877e-07, 1.33204423491e-07, 9.90965816072e-08, 9.00935077652e-08, 7.25726394535e-08, 4.54265602912e-08, 3.51541089572e-08], "dmean2": [0.00157836428843, 0.00397606566548, 0.00315894605592, 0.000780869391747, 0.000265416136244, 0.000126256243675, 0.000121245837363, 8.95530320122e-05, 3.80262827093e-05, 2.69785177807e-05, 2.97625538224e-05, 5.81425592827e-05, 4.48914324807e-05, 3.77792675863e-05, 2.95805621136e-05, 3.31430783262e-05, 3.43083593179e-05, 3.3049567719e-05, 3.26339104504e-05, 2.72961624432e-05, 2.58231757471e-05, 1.67441376107e-05, 1.91166054719e-05, 1.3042318642e-05, 1.17542731459e-05, 1.07402602225e-05, 1.10529317681e-05, 8.08437926025e-06, 5.75831290917e-06, 4.7883577281e-06, 4.42029613623e-06, 4.14575424657e-06, 3.32985109708e-06, 2.41336329054e-06, 1.9292754132e-06, 1.84701036687e-06, 1.83025065326e-06, 1.58092245783e-06, 9.06864329409e-07, 8.25502183943e-07], "dmean": [0.000950444198679, 0.00230020517483, 0.00182279676665, 0.00043874088442, 0.000147093902342, 7.2634582466e-05, 7.38479502616e-05, 5.52014025743e-05, 2.38780467043e-05, 1.74778815563e-05, 2.00870454137e-05, 3.73957554984e-05, 3.0179240639e-05, 2.49276745308e-05, 1.91582184925e-05, 2.1983665647e-05, 2.27570835705e-05, 2.22507096623e-05, 2.16792032006e-05, 1.78106638486e-05, 1.68318147189e-05, 1.12896241262e-05, 1.28884794321e-05, 8.77079219208e-06, 7.70389397076e-06, 7.01200269759e-06, 7.0825790317e-06, 5.02064176544e-06, 3.66494305126e-06, 3.28246619574e-06, 3.02726630252e-06, 2.84043017018e-06, 2.29287411457e-06, 1.72460272552e-06, 1.37313043069e-06, 1.3006390418e-06, 1.2811575516e-06, 1.07793232473e-06, 6.07385175044e-07, 5.53067309284e-07], "var": [6.82301379129e-06, 2.99557977996e-05, 1.6164207409e-05, 9.0393228902e-07, 1.28422485091e-07, 3.06080174539e-08, 6.28692049531e-08, 4.24584030156e-08, 5.97614802089e-09, 3.05926994848e-09, 3.85431775385e-09, 3.0148655128e-08, 1.50348462569e-08, 6.43544550982e-09, 3.08857606157e-09, 5.55696244575e-09, 6.62580257327e-09, 4.32567670572e-09, 4.36956781869e-09, 2.91260215945e-09, 2.21658291721e-09, 1.42056677532e-09, 1.62393798409e-09, 7.42329309134e-10, 4.54157045304e-10, 3.68164526643e-10, 3.24071797175e-10, 1.70540068178e-10, 8.36370764312e-11, 9.74405001131e-11, 8.98440280506e-11, 7.42688063826e-11, 5.76336721403e-11, 3.8636639027e-11, 2.34595676218e-11, 2.0703565598e-11, 2.19036126042e-11, 1.20511630189e-11, 4.23914809505e-12, 3.50012098298e-12], "dvar": [8.47673072712e-06, 4.08865707868e-05, 2.12556115002e-05, 1.24032533222e-06, 1.99280265178e-07, 3.88621188563e-08, 4.51828405801e-08, 3.32080141163e-08, 4.61212090741e-09, 2.24698037954e-09, 2.12064033001e-09, 2.00078424939e-08, 9.11159947492e-09, 4.50263337726e-09, 2.2242758746e-09, 3.73211506144e-09, 4.00536093181e-09, 2.77395995063e-09, 3.121726877e-09, 1.75181769091e-09, 1.52476087312e-09, 9.54236467621e-10, 1.12848996814e-09, 5.22940746261e-10, 2.95150293095e-10, 2.47607490067e-10, 2.34791047715e-10, 1.2370351965e-10, 6.05699379541e-11, 5.4408554051e-11, 4.67991305431e-11, 4.22539329914e-11, 3.08316532027e-11, 1.80191642857e-11, 1.0518079463e-11, 1.0069925796e-11, 9.62491458062e-12, 6.33473308531e-12, 2.24620278974e-12, 1.86833925067e-12], "mean": [0.000753898522817, 0.00191277766135, 0.00145855394658, 0.000379961129511, 0.000118284282507, 6.94566042512e-05, 8.60306827235e-05, 6.41362203169e-05, 2.82737109956e-05, 2.29510515055e-05, 2.68090807367e-05, 4.86456629005e-05, 3.77236792701e-05, 2.98478207696e-05, 2.19334397116e-05, 2.67279920081e-05, 2.69944612228e-05, 2.70601376542e-05, 2.62098801613e-05, 2.21958216571e-05, 1.98251364054e-05, 1.30299058583e-05, 1.47980254042e-05, 1.00581346487e-05, 9.31688191486e-06, 8.24614926387e-06, 7.89840578364e-06, 5.89377668803e-06, 4.4626331146e-06, 4.35404763266e-06, 4.12679628425e-06, 3.70107250092e-06, 3.12063662022e-06, 2.45206183536e-06, 1.93157438844e-06, 1.75816217052e-06, 1.73444539087e-06, 1.38097982472e-06, 7.86814837284e-07, 7.04563660747e-07]}, "spectral_entropy": {"min": 4.30919790268, "max": 9.81374549866, "dvar2": 0.215835526586, "median": 7.77613210678, "dmean2": 0.399712234735, "dmean": 0.270096927881, "var": 0.406100422144, "dvar": 0.103655561805, "mean": 7.63547849655}, "spectral_rolloff": {"min": 21.533203125, "max": 19616.7480469, "dvar2": 4750322, "median": 1722.65625, "dmean2": 1543.77429199, "dmean": 958.600341797, "var": 7179871, "dvar": 2355482.5, "mean": 2454.5793457}, "barkbands": {"min": [2.16546381117e-24, 8.06143191047e-24, 6.64957126079e-24, 2.12142545392e-24, 1.82197318377e-23, 1.52751460036e-23, 1.50439087841e-23, 1.29386054778e-23, 2.9203087975e-23, 1.3879158813e-23, 3.01675461623e-23, 4.23237885821e-23, 3.34738515427e-23, 5.4476134029e-23, 6.85618008498e-23, 8.91190364124e-23, 7.14830853105e-23, 1.3706684158e-22, 1.34071694495e-22, 2.14048255845e-22, 2.98255787464e-22, 4.4515701085e-22, 4.08346943477e-22, 7.91761439484e-22, 8.53315258799e-22, 1.34074456139e-21, 2.16855999871e-21], "max": [0.00167971162591, 0.108494535089, 0.160917699337, 0.148852914572, 0.050954438746, 0.0343105942011, 0.0470586381853, 0.0217550881207, 0.0153678618371, 0.0354838110507, 0.0310844555497, 0.0174563117325, 0.0138350082561, 0.0334203839302, 0.0153782619163, 0.0176043789834, 0.0114142829552, 0.0114595005289, 0.00600587157533, 0.00494074495509, 0.00548547133803, 0.00684394594282, 0.00360194616951, 0.00493058608845, 0.00287900981493, 0.00199456652626, 0.000225139578106], "dvar2": [5.70746436779e-08, 0.000465113727842, 0.000555427628569, 0.0002966891916, 5.04836098116e-05, 3.92124866266e-06, 3.40546330335e-06, 8.9075899723e-07, 2.56847698665e-07, 1.32441778078e-06, 1.21174684864e-06, 6.25548409516e-07, 7.04665069406e-07, 8.7644565383e-07, 1.06190213955e-06, 7.41148255656e-07, 5.21487152128e-07, 5.43008184195e-07, 3.2160735941e-07, 3.13676167707e-07, 1.40560842965e-07, 1.58368948178e-07, 6.69525093144e-08, 7.25923925415e-08, 2.60541774821e-08, 2.79629852606e-09, 6.66843177899e-11], "median": [7.1669674071e-06, 4.50583429483e-05, 4.85645978188e-05, 6.16786273895e-05, 0.000114900059998, 4.65200973849e-05, 4.36609261669e-05, 2.46686649916e-05, 1.49896377479e-05, 2.91894702968e-05, 1.9904866349e-05, 2.07092834899e-05, 1.5859171981e-05, 2.84629495582e-05, 1.79656744876e-05, 2.79289524769e-05, 1.3769204088e-05, 1.77199999598e-05, 1.91609906324e-05, 2.10430625884e-05, 1.93545765796e-05, 1.57427275553e-05, 9.31902923185e-06, 6.57008513372e-06, 3.26769213643e-06, 7.42705140055e-07, 5.01895627281e-08], "dmean2": [8.27568437671e-05, 0.00723104411736, 0.00936461333185, 0.00670599797741, 0.00294757657684, 0.000736055895686, 0.000594064069446, 0.000302079570247, 0.000182094940101, 0.000315952231176, 0.000343148858519, 0.000322819076246, 0.000315627112286, 0.000377073069103, 0.000417909410316, 0.000418718991568, 0.00028690075851, 0.000310141185764, 0.000286259339191, 0.000268215168035, 0.000183931493666, 0.000180763832759, 0.00011621939484, 0.000120473669085, 6.89533699187e-05, 2.01236980502e-05, 2.64004575001e-06], "dmean": [5.18651359016e-05, 0.00430247141048, 0.00528903771192, 0.00381734897383, 0.00164571788628, 0.000417657778598, 0.000364278879715, 0.000186408578884, 0.000118167336041, 0.000208137687878, 0.000225977579248, 0.000212992541492, 0.000206587952562, 0.000249839475146, 0.000278868770692, 0.000273116544122, 0.000193512867554, 0.000209152844036, 0.000188321020687, 0.000169399063452, 0.00012748716108, 0.000126704238937, 8.54359896039e-05, 8.5415362264e-05, 4.71401617688e-05, 1.37480838021e-05, 1.70326075022e-06], "var": [2.15853095398e-08, 0.000136702888994, 0.000142258097185, 7.91411075625e-05, 1.27575904116e-05, 1.00274235137e-06, 1.75866830432e-06, 5.21414449395e-07, 1.37821743351e-07, 6.41402039037e-07, 9.48070692175e-07, 4.24168234758e-07, 4.59708047629e-07, 6.9184881113e-07, 7.297479101e-07, 5.92538697219e-07, 4.23730313059e-07, 3.96088552179e-07, 2.54675910583e-07, 1.84864958896e-07, 1.402466836e-07, 1.63408216736e-07, 8.5609357825e-08, 8.48316616953e-08, 2.78639298301e-08, 4.13400780275e-09, 4.75974086533e-11], "dvar": [2.40296653686e-08, 0.000179372364073, 0.000201034752536, 0.000110414483061, 1.80174974957e-05, 1.39410212796e-06, 1.33991864004e-06, 3.68974383491e-07, 1.03848876165e-07, 4.96795337313e-07, 5.8128676983e-07, 2.92675395031e-07, 3.16034288517e-07, 4.08576198652e-07, 5.01452916524e-07, 3.52321620767e-07, 2.78463545555e-07, 2.74579008419e-07, 1.61930557852e-07, 1.32107828676e-07, 7.32155669425e-08, 8.19625043391e-08, 3.66408485775e-08, 3.72167647811e-08, 1.34218218761e-08, 1.52285895005e-09, 2.96402902222e-11], "mean": [4.70263330499e-05, 0.00333515997045, 0.00429567974061, 0.00291810743511, 0.0013893925352, 0.000370862719137, 0.000424058292992, 0.000215453896089, 0.000153808709001, 0.000270825985353, 0.000271288590739, 0.000250445387792, 0.000247751624556, 0.000299398467178, 0.000335817050654, 0.000340828177286, 0.000224304574658, 0.000246228650212, 0.000228629462072, 0.000200904105441, 0.000173700609594, 0.000177659865585, 0.00012308487203, 0.000117931558634, 6.16324687144e-05, 1.69999821082e-05, 1.81338475613e-06]}, "melbands_flatness_db": {"min": 0.00506982533261, "max": 0.63258934021, "dvar2": 0.00457455823198, "median": 0.183819547296, "dmean2": 0.0694293528795, "dmean": 0.0461051687598, "var": 0.0101071624085, "dvar": 0.00215714657679, "mean": 0.200909078121}, "melbands_skewness": {"min": -4.0740032196, "max": 30.0362758636, "dvar2": 8.31010627747, "median": 2.55204796791, "dmean2": 2.47470712662, "dmean": 1.65394389629, "var": 11.7545957565, "dvar": 4.00990867615, "mean": 3.42021989822}, "barkbands_skewness": {"min": -7.35965824127, "max": 24.9662914276, "dvar2": 4.89531755447, "median": 1.16323828697, "dmean2": 1.74834930897, "dmean": 1.17709469795, "var": 6.20663118362, "dvar": 2.23009085655, "mean": 1.65157115459}, "silence_rate_60dB": {"min": 0, "max": 1, "dvar2": 0.210635960102, "median": 0, "dmean2": 0.257411956787, "dmean": 0.128736391664, "var": 0.249015703797, "dvar": 0.112179771066, "mean": 0.468637406826}, "spectral_energyband_low": {"min": 3.6341872115e-23, "max": 0.232545107603, "dvar2": 0.00183009868488, "median": 0.000227367127081, "dmean2": 0.0184252299368, "dmean": 0.0111488038674, "var": 0.000600852246862, "dvar": 0.000715416681487, "mean": 0.00951267778873}, "spectral_energyband_middle_low": {"min": 2.19223233871e-22, "max": 0.171336784959, "dvar2": 0.000526832591277, "median": 0.000897634599824, "dmean2": 0.0101298503578, "dmean": 0.00595621531829, "var": 0.000161729200045, "dvar": 0.000200850816327, "mean": 0.00552525836974}, "melbands_kurtosis": {"min": -1.90273869038, "max": 1374.8770752, "dvar2": 9025.78808594, "median": 7.32729530334, "dmean2": 41.0435295105, "dmean": 25.9987545013, "var": 6272.97167969, "dvar": 4092.12060547, "mean": 32.9646873474}, "spectral_decrease": {"min": -6.58464927028e-08, "max": 1.60825682786e-28, "dvar2": 1.58508676786e-16, "median": -7.27903182174e-10, "dmean2": 6.11144201912e-09, "dmean": 3.930233472e-09, "var": 6.67976667301e-17, "dvar": 6.53471294253e-17, "mean": -4.13461576088e-09}, "erbbands_kurtosis": {"min": -1.8723628521, "max": 129.497085571, "dvar2": 42.7118453979, "median": 0.0325735807419, "dmean2": 3.30695867538, "dmean": 2.07930278778, "var": 32.4583129883, "dvar": 19.9872951508, "mean": 1.47695755959}, "melbands_crest": {"min": 2.07096481323, "max": 36.8298873901, "dvar2": 39.6813659668, "median": 15.7428207397, "dmean2": 7.38699626923, "dmean": 4.57385396957, "var": 43.3807868958, "dvar": 15.7792577744, "mean": 15.848772049}, "gfcc": {"cov": [[25659.1328125, 1176.88781738, -2293.93969727, -427.658508301, -1106.78210449, 123.109069824, -589.54284668, 14.4834728241, -241.809204102, -361.251525879, -241.910095215, -188.328399658, -190.856567383], [1176.88781738, 3199.76196289, -104.728218079, -544.377685547, 460.525238037, -412.222381592, -4.18418169022, -418.423309326, -17.2783317566, -277.826599121, 75.6975250244, -131.125900269, 24.7628269196], [-2293.93969727, -104.728218079, 1900.04272461, 677.731384277, 338.308074951, 285.092651367, 22.2574195862, -9.44451332092, -133.871612549, 12.3294277191, -21.4363632202, 27.7924880981, -49.0553131104], [-427.658508301, -544.377685547, 677.731384277, 814.426269531, 131.565582275, 251.361801147, 41.9365463257, 27.1826400757, -57.7619781494, -1.09719789028, -30.7492713928, -4.82949018478, -12.2842073441], [-1106.78210449, 460.525238037, 338.308074951, 131.565582275, 580.704101562, 122.482322693, 90.7387771606, -74.7031478882, -52.1456832886, -80.8560943604, -11.8411035538, -7.02656602859, -6.25901222229], [123.109069824, -412.222381592, 285.092651367, 251.361801147, 122.482322693, 431.414916992, 130.002166748, 75.6679992676, -23.9569568634, 23.0376052856, -27.4791584015, 2.05247449875, -15.8055763245], [-589.54284668, -4.18418169022, 22.2574195862, 41.9365463257, 90.7387771606, 130.002166748, 259.543182373, 99.3560180664, 37.942489624, 19.20262146, 16.2715797424, -24.0192241669, -9.96925640106], [14.4834728241, -418.423309326, -9.44451332092, 27.1826400757, -74.7031478882, 75.6679992676, 99.3560180664, 266.818908691, 102.786422729, 59.6891326904, 4.27199935913, 23.7814807892, 6.16372728348], [-241.809204102, -17.2783317566, -133.871612549, -57.7619781494, -52.1456832886, -23.9569568634, 37.942489624, 102.786422729, 209.584472656, 88.520904541, 19.9617118835, -6.43090391159, 14.7580318451], [-361.251525879, -277.826599121, 12.3294277191, -1.09719789028, -80.8560943604, 23.0376052856, 19.20262146, 59.6891326904, 88.520904541, 189.769943237, 57.1972618103, -0.992736041546, -2.80629181862], [-241.910095215, 75.6975250244, -21.4363632202, -30.7492713928, -11.8411035538, -27.4791584015, 16.2715797424, 4.27199935913, 19.9617118835, 57.1972618103, 134.299468994, 35.405872345, 3.14927124977], [-188.328399658, -131.125900269, 27.7924880981, -4.82949018478, -7.02656602859, 2.05247449875, -24.0192241669, 23.7814807892, -6.43090391159, -0.992736041546, 35.405872345, 125.768386841, 39.4567947388], [-190.856567383, 24.7628269196, -49.0553131104, -12.2842073441, -6.25901222229, -15.8055763245, -9.96925640106, 6.16372728348, 14.7580318451, -2.80629181862, 3.14927124977, 39.4567947388, 107.086769104]], "icov": [[8.2616104919e-05, -0.000174156026333, 0.000168205253431, -0.000135384063469, 0.000207603210583, -0.000286214984953, 0.000350095244357, -0.000335562770488, 0.000274461752269, -9.61675905273e-05, 0.000183797135833, -7.09316809662e-05, 0.00025121984072], [-0.000174156026333, 0.00126894260757, -0.000628827081528, 0.000910784467123, -0.000910746341106, 0.00110188161489, -0.00115275289863, 0.00188303738832, -0.00153880531434, 0.00174319709186, -0.00152459868696, 0.00128989352379, -0.00106638402212], [0.000168205253431, -0.000628827081528, 0.00130145798903, -0.0010691304924, 0.000137302951771, -0.000804442330264, 0.0010457013268, -0.00118267175276, 0.0013087921543, -0.00112365721725, 0.000847479444928, -0.000792096310761, 0.0010305660544], [-0.000135384063469, 0.000910784467123, -0.0010691304924, 0.00262481858954, -0.000603722699452, 3.90024888475e-06, -0.000694905407727, 0.00123680918477, -0.00103830650914, 0.0013856140431, -0.00108331860974, 0.00128283852246, -0.00107255636249], [0.000207603210583, -0.000910746341106, 0.000137302951771, -0.000603722699452, 0.00324916816317, -0.00143591093365, 3.74726514565e-05, -0.000310461444315, 0.00064833444776, 0.000161790361744, 0.000812345009763, -0.000860899861436, 0.000781782669947], [-0.000286214984953, 0.00110188161489, -0.000804442330264, 3.90024888475e-06, -0.00143591093365, 0.00500588677824, -0.00296540581621, 0.00119702133816, -0.000556857383344, 8.07395917946e-05, -2.43782378675e-05, 0.000176185407327, -0.000808350800071], [0.000350095244357, -0.00115275289863, 0.0010457013268, -0.000694905407727, 3.74726514565e-05, -0.00296540581621, 0.007795360405, -0.00430111773312, 0.00143338437192, -0.000677731877659, -0.000399118172936, 0.00123014964629, 0.00117079843767], [-0.000335562770488, 0.00188303738832, -0.00118267175276, 0.00123680918477, -0.000310461444315, 0.00119702133816, -0.00430111773312, 0.00928288232535, -0.00507193338126, 0.00213414267637, -0.00115906947758, -0.00035562296398, -0.00128954974934], [0.000274461752269, -0.00153880531434, 0.0013087921543, -0.00103830650914, 0.00064833444776, -0.000556857383344, 0.00143338437192, -0.00507193338126, 0.00981026422232, -0.0052543268539, 0.00216737436131, -0.000500200432725, 0.000337389821652], [-9.61675905273e-05, 0.00174319709186, -0.00112365721725, 0.0013856140431, 0.000161790361744, 8.07395917946e-05, -0.000677731877659, 0.00213414267637, -0.0052543268539, 0.0114015340805, -0.00588508881629, 0.00327458023094, -0.00110540271271], [0.000183797135833, -0.00152459868696, 0.000847479444928, -0.00108331860974, 0.000812345009763, -2.43782378675e-05, -0.000399118172936, -0.00115906947758, 0.00216737436131, -0.00588508881629, 0.0122388955206, -0.00542710255831, 0.00220431899652], [-7.09316809662e-05, 0.00128989352379, -0.000792096310761, 0.00128283852246, -0.000860899861436, 0.000176185407327, 0.00123014964629, -0.00035562296398, -0.000500200432725, 0.00327458023094, -0.00542710255831, 0.0127327404916, -0.00490681920201], [0.00025121984072, -0.00106638402212, 0.0010305660544, -0.00107255636249, 0.000781782669947, -0.000808350800071, 0.00117079843767, -0.00128954974934, 0.000337389821652, -0.00110540271271, 0.00220431899652, -0.00490681920201, 0.0121588697657]], "mean": [-135.079666138, 59.2450866699, -115.434570312, 47.2980232239, -51.1062469482, 19.7332553864, -35.2914161682, 3.16048288345, -24.3247070312, 0.841383337975, -17.2014274597, -5.04050827026, -11.6811628342]}, "melbands_spread": {"min": 0.268879920244, "max": 290.733703613, "dvar2": 1803.45373535, "median": 26.124080658, "dmean2": 28.25715065, "dmean": 18.235200882, "var": 1905.36755371, "dvar": 808.264160156, "mean": 38.6641273499}, "spectral_energy": {"min": 1.04984212382e-20, "max": 0.25397258997, "dvar2": 0.00236895424314, "median": 0.0031769850757, "dmean2": 0.0238785576075, "dmean": 0.0154982469976, "var": 0.00103852839675, "dvar": 0.00098515895661, "mean": 0.0167389120907}, "mfcc": {"cov": [[25213.4082031, 1250.50793457, -1922.75256348, -593.128601074, -827.786071777, -417.584503174, -593.114562988, -81.3668289185, -241.475158691, -272.508575439, -265.927947998, -39.5159301758, -159.792404175], [1250.50793457, 3052.37158203, -407.702606201, -109.571510315, 131.866516113, -75.919303894, -84.2371444702, -137.95401001, -203.77545166, -234.647140503, -86.7127151489, -71.510597229, -80.0154647827], [-1922.75256348, -407.702606201, 1407.15258789, 402.961151123, 354.609069824, 256.665344238, 209.834579468, 77.3454742432, 34.7582206726, 5.15461587906, 10.4511957169, 24.5838489532, -10.324713707], [-593.128601074, -109.571510315, 402.961151123, 474.746429443, 215.638198853, 122.769104004, 94.0871124268, 34.9919967651, 4.67766237259, -22.34116745, -7.94181108475, -0.316547989845, -16.3112926483], [-827.786071777, 131.866516113, 354.609069824, 215.638198853, 446.738220215, 210.660369873, 126.498138428, 68.6476898193, 3.35392332077, -46.7209320068, -20.1367855072, -8.77892303467, -44.2473640442], [-417.584503174, -75.919303894, 256.665344238, 122.769104004, 210.660369873, 362.595123291, 178.499221802, 56.2808685303, 17.6164054871, 19.6728363037, 12.5224666595, -23.4824371338, -26.3920669556], [-593.114562988, -84.2371444702, 209.834579468, 94.0871124268, 126.498138428, 178.499221802, 294.695098877, 111.086112976, 24.6358356476, 37.6974754333, 22.2436447144, 1.23278737068, -19.7432498932], [-81.3668289185, -137.95401001, 77.3454742432, 34.9919967651, 68.6476898193, 56.2808685303, 111.086112976, 223.817886353, 84.1594848633, 18.3194103241, 10.3703145981, 1.21270632744, 2.55244040489], [-241.475158691, -203.77545166, 34.7582206726, 4.67766237259, 3.35392332077, 17.6164054871, 24.6358356476, 84.1594848633, 208.539398193, 93.5531692505, 22.7057857513, 23.084695816, 16.0537719727], [-272.508575439, -234.647140503, 5.15461587906, -22.34116745, -46.7209320068, 19.6728363037, 37.6974754333, 18.3194103241, 93.5531692505, 206.414031982, 80.242980957, 22.9088344574, 24.6588573456], [-265.927947998, -86.7127151489, 10.4511957169, -7.94181108475, -20.1367855072, 12.5224666595, 22.2436447144, 10.3703145981, 22.7057857513, 80.242980957, 147.123703003, 62.5875473022, 8.83028888702], [-39.5159301758, -71.510597229, 24.5838489532, -0.316547989845, -8.77892303467, -23.4824371338, 1.23278737068, 1.21270632744, 23.084695816, 22.9088344574, 62.5875473022, 136.37651062, 56.4569282532], [-159.792404175, -80.0154647827, -10.324713707, -16.3112926483, -44.2473640442, -26.3920669556, -19.7432498932, 2.55244040489, 16.0537719727, 24.6588573456, 8.83028888702, 56.4569282532, 143.601287842]], "icov": [[5.03297887917e-05, -1.57340509759e-05, 4.740739314e-05, -1.64680132002e-05, 0.000103076803498, -7.42783522583e-05, 0.000101156023447, -9.85527367448e-05, 6.53064562357e-05, -1.62407814059e-05, 0.000135957539896, -0.000129003994516, 0.000120389653603], [-1.57340509759e-05, 0.00041635253001, 0.000126054903376, 0.000105806349893, -0.000349451060174, 0.00016038218746, -0.000123942008941, 0.000255428254604, 0.000106993102236, 0.000348043686245, -0.000128696119646, 0.000176702218596, 2.50470702667e-06], [4.740739314e-05, 0.000126054903376, 0.00116519187577, -0.000610357441474, -0.000415591232013, -0.000213696999708, -0.000236352701904, 7.23366829334e-05, 1.48258404806e-05, 4.65564189653e-05, 0.0001221265411, -0.000270643155091, 2.55689956248e-05], [-1.64680132002e-05, 0.000105806349893, -0.000610357441474, 0.00314018898644, -0.00107156077866, 9.40241734497e-05, -0.000288681796519, 0.000233698432567, -6.83000835124e-05, 0.000297442806186, -9.81000994216e-05, 0.000166305326275, -0.000106097715616], [0.000103076803498, -0.000349451060174, -0.000415591232013, -0.00107156077866, 0.0045780534856, -0.00200949516147, 0.000337814883096, -0.00104571157135, 6.04774868407e-05, 0.000502168782987, 0.000892252719495, -0.00111196679063, 0.00116403086577], [-7.42783522583e-05, 0.00016038218746, -0.000213696999708, 9.40241734497e-05, -0.00200949516147, 0.00523605197668, -0.00256165256724, 0.000893998483662, -0.000389205553802, -7.48889169699e-06, -0.0010243493598, 0.0016612408217, -0.000568246992771], [0.000101156023447, -0.000123942008941, -0.000236352701904, -0.000288681796519, 0.000337814883096, -0.00256165256724, 0.00646754074842, -0.00300134415738, 0.00134229450487, -0.00148718093988, 0.000645952823106, -0.00117246329319, 0.00109610299114], [-9.85527367448e-05, 0.000255428254604, 7.23366829334e-05, 0.000233698432567, -0.00104571157135, 0.000893998483662, -0.00300134415738, 0.0072411946021, -0.00319720082916, 0.00167037220672, -0.00124975899234, 0.00140720803756, -0.00104065053165], [6.53064562357e-05, 0.000106993102236, 1.48258404806e-05, -6.83000835124e-05, 6.04774868407e-05, -0.000389205553802, 0.00134229450487, -0.00319720082916, 0.0078107365407, -0.00385683495551, 0.00185725651681, -0.00178761931602, 0.000691764580552], [-1.62407814059e-05, 0.000348043686245, 4.65564189653e-05, 0.000297442806186, 0.000502168782987, -7.48889169699e-06, -0.00148718093988, 0.00167037220672, -0.00385683495551, 0.00904904305935, -0.00481077330187, 0.00218323431909, -0.00155303429347], [0.000135957539896, -0.000128696119646, 0.0001221265411, -9.81000994216e-05, 0.000892252719495, -0.0010243493598, 0.000645952823106, -0.00124975899234, 0.00185725651681, -0.00481077330187, 0.0119951814413, -0.00625828607008, 0.00261621084064], [-0.000129003994516, 0.000176702218596, -0.000270643155091, 0.000166305326275, -0.00111196679063, 0.0016612408217, -0.00117246329319, 0.00140720803756, -0.00178761931602, 0.00218323431909, -0.00625828607008, 0.0125198960304, -0.00498160626739], [0.000120389653603, 2.50470702667e-06, 2.55689956248e-05, -0.000106097715616, 0.00116403086577, -0.000568246992771, 0.00109610299114, -0.00104065053165, 0.000691764580552, -0.00155303429347, 0.00261621084064, -0.00498160626739, 0.00949929468334]], "mean": [-774.221496582, 82.2044372559, 2.9353351593, 27.4700088501, 9.80568122864, 15.444311142, 4.22482204437, 2.22781276703, 0.607060372829, 2.45134162903, -2.65300679207, -2.49291992188, -0.996506214142]}, "spectral_contrast_valleys": {"min": [-27.971818924, -27.5942516327, -27.6409778595, -27.5866127014, -27.3800907135, -27.3692722321], "max": [-4.81443834305, -5.06831884384, -5.51740980148, -5.29841947556, -5.4055929184, -7.56161737442], "dvar2": [0.793319702148, 1.19970595837, 1.05610990524, 1.04262506962, 1.07599842548, 1.10719656944], "median": [-8.91694831848, -8.37138366699, -8.66361808777, -8.92993164062, -8.63444519043, -10.8861684799], "dmean2": [0.938216209412, 1.03380191326, 0.934089124203, 0.891467809677, 0.837853014469, 0.794530630112], "dmean": [0.716501355171, 0.743856310844, 0.697661340237, 0.687893688679, 0.662157595158, 0.675644516945], "var": [2.8364636898, 3.42225670815, 3.25802612305, 3.10743808746, 2.77986598015, 2.93986797333], "dvar": [0.505648672581, 0.680217325687, 0.61585444212, 0.60587477684, 0.580276191235, 0.623951017857], "mean": [-8.85951519012, -8.65656089783, -8.90649032593, -8.97684288025, -8.68391513824, -10.9877223969]}, "barkbands_flatness_db": {"min": 0.0147383967414, "max": 0.483103811741, "dvar2": 0.00287118298002, "median": 0.135757297277, "dmean2": 0.0536106266081, "dmean": 0.0352198071778, "var": 0.00493822619319, "dvar": 0.00129830557853, "mean": 0.147998675704}, "dynamic_complexity": 7.15473461151, "erbbands_flatness_db": {"min": 0.0357692353427, "max": 0.47969263792, "dvar2": 0.00171268847771, "median": 0.153818249702, "dmean2": 0.0408116132021, "dmean": 0.029140740633, "var": 0.003773417091, "dva