{"lowlevel": {"spectral_complexity": {"min": 0, "max": 63, "dvar2": 64.2658233643, "median": 10, "dmean2": 5.99257993698, "dmean": 4.29034233093, "var": 166.99118042, "dvar": 36.0075836182, "mean": 14.1363744736}, "silence_rate_20dB": {"min": 1, "max": 1, "dvar2": 0, "median": 1, "dmean2": 0, "dmean": 0, "var": 0, "dvar": 0, "mean": 1}, "average_loudness": 0.823899686337, "erbbands_spread": {"min": 1.28496801853, "max": 215.800628662, "dvar2": 612.979675293, "median": 49.4931907654, "dmean2": 22.080871582, "dmean": 14.7610454559, "var": 958.795715332, "dvar": 277.782714844, "mean": 55.2769355774}, "spectral_kurtosis": {"min": -1.24979400635, "max": 18.7299785614, "dvar2": 2.06437420845, "median": 2.11863946915, "dmean2": 1.23554182053, "dmean": 0.825877785683, "var": 2.78710222244, "dvar": 0.95555126667, "mean": 2.27831268311}, "barkbands_kurtosis": {"min": -1.96453750134, "max": 1820.51660156, "dvar2": 4379.61328125, "median": 0.611986041069, "dmean2": 12.842663765, "dmean": 9.03548431396, "var": 5594.1484375, "dvar": 2512.20166016, "mean": 12.5926971436}, "spectral_strongpeak": {"min": 0, "max": 14.3311357498, "dvar2": 2.86243629456, "median": 0.324333488941, "dmean2": 0.784830868244, "dmean": 0.459926694632, "var": 1.31897699833, "dvar": 1.07100427151, "mean": 0.702725946903}, "spectral_spread": {"min": 2381891.5, "max": 42739188, "dvar2": 1716196999170.0, "median": 6438970, "dmean2": 1263089, "dmean": 915208.25, "var": 4225413152770.0, "dvar": 968885010432, "mean": 6725188}, "spectral_rms": {"min": 3.17173370901e-12, "max": 0.0164528507739, "dvar2": 1.70685996181e-06, "median": 0.0037342668511, "dmean2": 0.00104108115193, "dmean": 0.000757610949222, "var": 5.85101224715e-06, "dvar": 9.3221399311e-07, "mean": 0.00397162046283}, "erbbands": {"min": [5.35704813201e-22, 3.48466715924e-21, 4.32185108342e-21, 2.41393791716e-20, 4.15876814435e-20, 9.71282389973e-20, 1.84899165336e-19, 1.33566016732e-19, 5.12113927881e-19, 7.66707609318e-19, 1.45248283353e-18, 1.79864571897e-18, 1.42386662364e-18, 2.12018840066e-18, 3.82469041936e-18, 6.54305985666e-18, 5.71551238951e-18, 3.04105548939e-18, 6.2532422398e-18, 1.29612369475e-17, 7.81209719138e-18, 9.67565487494e-18, 2.11440036976e-17, 9.02886581038e-18, 1.21538151983e-17, 1.19486926043e-17, 1.16710130358e-17, 1.63106120161e-17, 2.36041000507e-17, 1.98469497555e-17, 1.88386347868e-17, 2.05237356978e-17, 1.34753735388e-17, 1.1588998078e-17, 9.84008018275e-18, 5.40988776473e-18, 2.82973152239e-18, 1.11300046551e-18, 3.15207744816e-19, 3.37192551136e-20], "max": [5.878865242, 35.9328536987, 144.179153442, 216.540908813, 201.22795105, 95.5324478149, 129.925582886, 430.332244873, 295.379119873, 378.648742676, 850.147888184, 1128.59912109, 780.878723145, 579.582092285, 729.989135742, 1150.11279297, 1366.52185059, 1588.71655273, 1125.78271484, 1504.01062012, 919.917114258, 699.489135742, 745.733581543, 637.475952148, 846.573791504, 625.655822754, 750.074401855, 374.277770996, 546.111938477, 361.618438721, 395.227630615, 351.950622559, 232.539993286, 91.1167144775, 65.0179977417, 18.3483047485, 8.00629615784, 0.675652801991, 0.0478729605675, 0.00256851920858], "dvar2": [0.187077432871, 8.2535161972, 72.8935317993, 510.836669922, 307.405731201, 104.31211853, 117.315231323, 613.573913574, 596.576538086, 636.359313965, 1556.87060547, 1814.30297852, 2150.69067383, 894.679870605, 1405.42822266, 3596.77392578, 5855.64355469, 6446.57763672, 4445.46533203, 5506.60400391, 2154.60229492, 1858.72485352, 1597.34570312, 1227.63122559, 1537.32006836, 1068.53039551, 1136.62768555, 701.61706543, 550.716186523, 915.135681152, 761.112854004, 285.070281982, 182.060043335, 33.6580810547, 119.732597351, 6.37437582016, 0.729585945606, 0.00843433663249, 7.00228119968e-05, 1.79318902838e-07], "median": [0.0259515158832, 0.240325152874, 0.582002222538, 1.77568483353, 2.04824781418, 1.46777403355, 1.15272569656, 1.36399316788, 1.54673314095, 1.31987380981, 1.26093363762, 1.78763782978, 1.95036816597, 2.56364393234, 2.37702488899, 2.75728368759, 5.1494474411, 4.87542724609, 5.210688591, 4.56174850464, 4.07017660141, 4.64531707764, 3.97865962982, 3.90828704834, 3.91708302498, 3.67422580719, 4.28164482117, 4.49658679962, 3.18232512474, 4.51987266541, 4.76191663742, 1.6978020668, 1.1165009737, 0.622115850449, 1.13657641411, 0.280149161816, 0.0348235704005, 0.00422351062298, 0.000487321638502, 6.93490583217e-05], "dmean2": [0.157636255026, 0.989630877972, 2.62153840065, 7.41587972641, 8.10684299469, 4.89764308929, 4.81474637985, 8.59879302979, 8.90532398224, 8.52283573151, 10.5909872055, 13.4041156769, 14.9901571274, 11.0323314667, 12.6183834076, 17.3504924774, 23.7935333252, 24.9950313568, 24.8614234924, 21.9025745392, 17.3623409271, 17.5042152405, 14.9645681381, 15.3291416168, 15.4097852707, 14.3073644638, 14.1004734039, 12.6173524857, 9.70449829102, 14.2575445175, 14.4801712036, 7.13337659836, 4.91395664215, 2.50976204872, 4.94923353195, 1.35396921635, 0.293101459742, 0.0363163277507, 0.00359236262739, 0.000210920974496], "dmean": [0.123779676855, 0.657675921917, 1.66898190975, 4.41895151138, 5.03858947754, 3.03731274605, 3.01449990273, 5.36587095261, 5.49904727936, 5.41712999344, 6.77865505219, 8.55644893646, 9.55354881287, 7.56206083298, 8.2834854126, 11.2591209412, 15.0788841248, 16.1164169312, 16.5212783813, 14.1594839096, 11.3370723724, 11.0309753418, 9.88557815552, 10.0093336105, 10.2872638702, 9.70157527924, 9.5175037384, 8.60886478424, 6.707426548, 9.44230175018, 9.90769672394, 4.84127044678, 3.30132389069, 1.75229895115, 3.17916345596, 0.897005856037, 0.19101241231, 0.0237712506205, 0.00231410632841, 0.000144153469591], "var": [0.441036880016, 8.32813739777, 36.1837997437, 171.583343506, 205.708282471, 58.4063835144, 78.2244415283, 354.096862793, 411.227600098, 441.586578369, 848.473266602, 1085.03137207, 1548.42724609, 883.525939941, 1268.89404297, 2970.61962891, 4363.07128906, 4447.57373047, 4603.20068359, 4188.11230469, 1628.93969727, 1250.51208496, 1254.35986328, 1199.9876709, 1360.22106934, 1198.61938477, 850.254455566, 501.938537598, 331.951965332, 464.352233887, 526.26385498, 281.723266602, 156.328582764, 27.8487701416, 47.2315483093, 3.3172109127, 0.323114573956, 0.00352982175536, 2.57182819041e-05, 8.3012743346e-08], "dvar": [0.129302546382, 4.08681106567, 30.3947048187, 181.372894287, 124.424369812, 44.1016120911, 47.9212303162, 239.277008057, 244.76461792, 266.810577393, 602.631652832, 745.539428711, 846.992431641, 395.547790527, 613.223693848, 1427.67358398, 2325.68676758, 2568.39526367, 1917.17578125, 2216.23168945, 919.758056641, 735.312683105, 693.472045898, 545.266418457, 672.148498535, 480.774505615, 496.740081787, 317.4402771, 233.94367981, 374.234954834, 340.109039307, 135.230316162, 81.5208587646, 15.1627721786, 44.5979194641, 2.65184187889, 0.310070574284, 0.00352513673715, 2.7785607017e-05, 7.4170763753e-08], "mean": [0.305769622326, 1.21838998795, 2.26930379868, 5.71014928818, 7.48146724701, 4.05501651764, 4.26471805573, 7.45624113083, 7.78228378296, 7.68518447876, 9.48767375946, 11.6988201141, 14.5009899139, 12.975933075, 13.3537893295, 18.1537132263, 24.0250034332, 26.2977256775, 29.6532173157, 24.2428035736, 17.1857185364, 16.9707336426, 16.0228061676, 17.5352668762, 18.0333156586, 17.9954223633, 14.7429866791, 11.8229646683, 9.30986404419, 11.612909317, 12.7047805786, 6.95305728912, 4.62518692017, 2.37280249596, 3.62515354156, 1.05418741703, 0.210514754057, 0.0243521891534, 0.00225122203119, 0.00016697801766]}, "zerocrossingrate": {"min": 0.001953125, "max": 0.501953125, "dvar2": 0.000970591034275, "median": 0.0947265625, "dmean2": 0.0297509171069, "dmean": 0.0273151304573, "var": 0.00665947282687, "dvar": 0.000863801629748, "mean": 0.114243142307}, "spectral_contrast_coeffs": {"min": [-0.961890637875, -0.968267679214, -0.983603954315, -0.952487528324, -0.965205609798, -0.959818542004], "max": [-0.232848569751, -0.395301103592, -0.461951553822, -0.496307164431, -0.568865776062, -0.64316034317], "dvar2": [0.00501730525866, 0.00394339393824, 0.00245268223807, 0.00158294150606, 0.00101003574673, 0.000613504496869], "median": [-0.652556657791, -0.768619179726, -0.796820878983, -0.800318479538, -0.807706356049, -0.769769430161], "dmean2": [0.084666505456, 0.076785415411, 0.0602533146739, 0.0479681193829, 0.0366818346083, 0.0285582374781], "dmean": [0.0525246709585, 0.0473079010844, 0.0385848432779, 0.0309709608555, 0.0238108877093, 0.0187991596758], "var": [0.0107868881896, 0.00790023058653, 0.00620820000768, 0.00512236868963, 0.00286790332757, 0.00138968683314], "dvar": [0.00200569350272, 0.00157963705715, 0.00109653780237, 0.000720751704648, 0.000465483695734, 0.000279067433439], "mean": [-0.646430492401, -0.756399869919, -0.785465061665, -0.787120819092, -0.799274742603, -0.77004545927]}, "dissonance": {"min": 0.184777215123, "max": 0.500000059605, "dvar2": 0.000664783408865, "median": 0.481977760792, "dmean2": 0.021972136572, "dmean": 0.0132791334763, "var": 0.000563664943911, "dvar": 0.000249472417636, "mean": 0.475359499454}, "spectral_energyband_high": {"min": 7.33351512343e-21, "max": 0.0534858368337, "dvar2": 1.28157107611e-05, "median": 0.000856690923683, "dmean2": 0.00194291770458, "dmean": 0.00138580740895, "var": 1.09002312456e-05, "dvar": 5.91839216213e-06, "mean": 0.00207383814268}, "spectral_skewness": {"min": -0.126191705465, "max": 3.31586837769, "dvar2": 0.0769960805774, "median": 1.22342634201, "dmean2": 0.269443869591, "dmean": 0.183325558901, "var": 0.136157289147, "dvar": 0.0378014706075, "mean": 1.19935631752}, "spectral_flux": {"min": 1.0154502933e-10, "max": 0.444372355938, "dvar2": 0.00163768301718, "median": 0.0625351071358, "dmean2": 0.0326476208866, "dmean": 0.0217642765492, "var": 0.00260975933634, "dvar": 0.00082135188859, "mean": 0.0710213780403}, "silence_rate_30dB": {"min": 0, "max": 1, "dvar2": 0.0315843820572, "median": 1, "dmean2": 0.0326490215957, "dmean": 0.0163224935532, "var": 0.0244681667536, "dvar": 0.0160559881479, "mean": 0.974901080132}, "spectral_energyband_middle_high": {"min": 1.65033275859e-21, "max": 0.0558741055429, "dvar2": 1.96466025955e-05, "median": 0.00136071420275, "dmean2": 0.00241661374457, "dmean": 0.00172114931047, "var": 4.08449159295e-05, "dvar": 9.5780033007e-06, "mean": 0.00421084370464}, "barkbands_spread": {"min": 0.13509914279, "max": 127.672080994, "dvar2": 392.615814209, "median": 33.6607933044, "dmean2": 18.0510635376, "dmean": 12.1451444626, "var": 551.406921387, "dvar": 188.432922363, "mean": 36.9182777405}, "spectral_centroid": {"min": 125.498756409, "max": 11415.0673828, "dvar2": 556211.75, "median": 1925.16027832, "dmean2": 683.57421875, "dmean": 465.659790039, "var": 1128640.25, "dvar": 287939.6875, "mean": 2018.99914551}, "pitch_salience": {"min": 0.00913070049137, "max": 0.935141444206, "dvar2": 0.0120652047917, "median": 0.52724468708, "dmean2": 0.119522660971, "dmean": 0.0772966518998, "var": 0.0244970619678, "dvar": 0.0052116648294, "mean": 0.51278847456}, "erbbands_skewness": {"min": -4.88360881805, "max": 6.85496997833, "dvar2": 0.541081666946, "median": -0.154312223196, "dmean2": 0.685500502586, "dmean": 0.463666975498, "var": 0.832970440388, "dvar": 0.25200304389, "mean": -0.181792289019}, "erbbands_crest": {"min": 2.30718755722, "max": 32.9835853577, "dvar2": 13.0298309326, "median": 6.82869529724, "dmean2": 3.86924791336, "dmean": 2.38294911385, "var": 15.9454898834, "dvar": 5.51167297363, "mean": 7.84378957748}, "melbands": {"min": [5.62956819388e-24, 2.87157833503e-24, 5.4202143704e-24, 4.03077945854e-24, 6.61230981036e-24, 3.23502450065e-24, 8.55376473458e-24, 8.28964069288e-24, 1.46966443251e-23, 1.01873749736e-23, 7.18207051561e-24, 9.06615434721e-24, 9.29131181564e-24, 1.31303728307e-23, 2.15639151633e-23, 1.0606391854e-23, 4.51235892522e-24, 7.48231728703e-24, 1.8724937294e-23, 1.24284996175e-23, 8.80064033259e-24, 8.76950557038e-24, 1.7347628752e-23, 1.50734342701e-23, 6.15714298451e-24, 8.91199909341e-24, 9.01791944716e-24, 7.84932062369e-24, 7.60196145394e-24, 7.77784745909e-24, 8.87533204968e-24, 1.33733711773e-23, 1.21681108321e-23, 1.07956230191e-23, 1.0717993584e-23, 1.1397811824e-23, 1.32813552859e-23, 1.04875712579e-23, 6.78696400921e-24, 1.09467451027e-23], "max": [0.0426619015634, 0.0577161610126, 0.0335247404873, 0.00876337476075, 0.0038415803574, 0.00884132180363, 0.00408496102318, 0.00338968425058, 0.00667081028223, 0.00628015398979, 0.00425392994657, 0.00258831889369, 0.00245697400533, 0.00370550970547, 0.00215300591663, 0.00436753686517, 0.00281445961446, 0.00266526243649, 0.00176297931466, 0.00181602349039, 0.00112913991325, 0.00061165750958, 0.000845149334054, 0.000578465464059, 0.00057657022262, 0.000748941616621, 0.00056992424652, 0.000389282678952, 0.00059674406657, 0.000218913366552, 0.000236390042119, 0.000374848284991, 0.000196432738448, 0.000199035333935, 0.000213872161112, 0.000239395463723, 0.000238009393797, 0.000169000297319, 0.000140360702062, 6.9522204285e-05], "dvar2": [1.13345113277e-05, 1.49980050992e-05, 1.19529304357e-05, 8.628520618e-07, 1.14982114496e-07, 2.83403124968e-07, 1.20260708059e-07, 7.77468613933e-08, 9.74855538516e-08, 6.45590674253e-08, 5.78605714452e-08, 1.98544611862e-08, 1.7106582817e-08, 3.51872664339e-08, 2.45959803635e-08, 3.35175975863e-08, 2.49040770228e-08, 1.90225151186e-08, 1.08119495579e-08, 6.50433928939e-09, 3.4035938512e-09, 2.37990560592e-09, 2.0540467105e-09, 1.22318555285e-09, 9.88721549078e-10, 1.1810498135e-09, 7.42085393135e-10, 5.77355718789e-10, 6.39473474173e-10, 3.72555347683e-10, 2.45452408398e-10, 2.21873755479e-10, 1.57643981202e-10, 4.98231289559e-10, 3.81191300747e-10, 2.11435993713e-10, 1.05517136695e-10, 1.08054828973e-10, 6.29912927375e-11, 1.9387028441e-11], "median": [0.000257271225564, 0.000407254730817, 0.0003648410202, 0.000141463824548, 4.29108113167e-05, 3.19961218338e-05, 2.30597688642e-05, 1.23735280795e-05, 1.0606376236e-05, 1.01121386251e-05, 9.16713361221e-06, 9.96398375719e-06, 6.99714064467e-06, 5.82036454944e-06, 8.69808718562e-06, 9.90306398307e-06, 7.96150470705e-06, 8.0073641584e-06, 6.13701740804e-06, 5.20578760188e-06, 4.11139171774e-06, 4.48070477432e-06, 3.82022244594e-06, 2.88388446279e-06, 2.80799827124e-06, 2.90144339488e-06, 2.50965717896e-06, 2.23665165322e-06, 2.10484131458e-06, 2.97533142657e-06, 2.2105368771e-06, 1.68823680724e-06, 1.45625040204e-06, 3.04587842948e-06, 3.15449096888e-06, 1.25063297673e-06, 8.51954155223e-07, 8.08418235465e-07, 5.66940116187e-07, 4.17118144469e-07], "dmean2": [0.00128572410904, 0.00126117956825, 0.00124751240946, 0.000460125942482, 0.000163954886375, 0.000191586164874, 0.000130122367409, 9.46848231251e-05, 9.12849136512e-05, 8.33807789604e-05, 7.71908671595e-05, 4.93274310429e-05, 4.43658937002e-05, 4.98965200677e-05, 5.47426170669e-05, 5.11129219376e-05, 4.9378577387e-05, 4.72497704322e-05, 3.35425029334e-05, 2.54355527431e-05, 2.12423128687e-05, 1.98661637114e-05, 1.64650482475e-05, 1.42524841067e-05, 1.334271019e-05, 1.33085868583e-05, 1.11522367661e-05, 1.02215381048e-05, 9.21157152334e-06, 9.52276968746e-06, 6.9436814556e-06, 5.71824375584e-06, 5.44578460904e-06, 1.03666016003e-05, 1.04760210888e-05, 6.06832918493e-06, 3.93825530409e-06, 3.70176144315e-06, 2.92329764306e-06, 1.8863358946e-06], "dmean": [0.000946864776779, 0.000824703776743, 0.000757059140597, 0.000289085321128, 0.000102435216832, 0.000119438809634, 8.0746387539e-05, 6.0072656197e-05, 5.80404230277e-05, 5.35836734343e-05, 4.90502061439e-05, 3.35914774041e-05, 2.91919477604e-05, 3.20491053571e-05, 3.46481647284e-05, 3.26000408677e-05, 3.16651494359e-05, 3.08497546939e-05, 2.14256288018e-05, 1.65422261489e-05, 1.36243588713e-05, 1.22242699945e-05, 1.05406188595e-05, 9.14343854674e-06, 8.57911527419e-06, 8.65164565766e-06, 7.29428393242e-06, 6.83269399815e-06, 6.05399418419e-06, 6.41068754703e-06, 4.61617764813e-06, 3.87700674764e-06, 3.63026947525e-06, 6.69145219945e-06, 7.10212907507e-06, 3.93130267184e-06, 2.66899314738e-06, 2.4550706712e-06, 1.94328276848e-06, 1.30085254568e-06], "var": [2.43912509177e-05, 1.01830992207e-05, 4.80933749714e-06, 5.96578445311e-07, 8.02076129958e-08, 1.68764614727e-07, 8.37445810475e-08, 5.34783630712e-08, 5.36693427478e-08, 4.03660500581e-08, 4.08846858591e-08, 1.76496772752e-08, 1.56458046519e-08, 2.57730157216e-08, 2.18427480547e-08, 1.98024725506e-08, 1.69420566465e-08, 1.68232787701e-08, 8.53351700414e-09, 5.04037922511e-09, 2.23748131134e-09, 1.47913570281e-09, 1.35753164265e-09, 9.51698608809e-10, 8.82313500039e-10, 9.07670993922e-10, 6.33190166965e-10, 5.84927661862e-10, 3.96778748746e-10, 2.92196378204e-10, 1.42629602573e-10, 1.1628412816e-10, 9.68182201078e-11, 2.14562270728e-10, 2.37625003008e-10, 1.40017900052e-10, 1.03395222939e-10, 9.22086643151e-11, 4.40019652659e-11, 1.47671527784e-11], "dvar": [7.3788228292e-06, 6.78453898217e-06, 4.37140806753e-06, 3.63011054105e-07, 4.74465338129e-08, 1.10298238098e-07, 4.95365668485e-08, 3.1947735124e-08, 3.82137628208e-08, 2.68014073157e-08, 2.23915535003e-08, 8.41851832689e-09, 7.747400943e-09, 1.4023196826e-08, 1.02545030245e-08, 1.3321439063e-08, 9.80770931136e-09, 7.89027954085e-09, 4.45855397047e-09, 2.80062995017e-09, 1.42803491254e-09, 9.35373889455e-10, 8.36852642738e-10, 5.22012488791e-10, 4.30135871365e-10, 5.20465559539e-10, 3.08231967727e-10, 2.52737497597e-10, 2.61739241392e-10, 1.73998621067e-10, 1.0447429033e-10, 9.12141334686e-11, 6.82468179192e-11, 1.97780111733e-10, 1.66644614774e-10, 9.31591401243e-11, 4.88677084909e-11, 4.82917560107e-11, 2.67053219816e-11, 8.62091734805e-12], "mean": [0.00226853694767, 0.00131161662284, 0.00107285182457, 0.000422543584136, 0.000146445425344, 0.000168739657965, 0.000114760317956, 8.44602909638e-05, 7.95751620899e-05, 7.2684357292e-05, 7.36224101274e-05, 5.4897438531e-05, 4.56543202745e-05, 4.60786031908e-05, 5.44273643754e-05, 4.90163329232e-05, 4.93698826176e-05, 5.21512010891e-05, 3.49425390596e-05, 2.56169951172e-05, 1.90790760826e-05, 1.77099700522e-05, 1.52955180965e-05, 1.41491937029e-05, 1.41101827467e-05, 1.38568793773e-05, 1.24303060147e-05, 1.18883526739e-05, 9.11537699722e-06, 8.67229391588e-06, 6.04842898611e-06, 5.23958806298e-06, 4.76591503684e-06, 7.72708790464e-06, 8.6063382696e-06, 5.07577124154e-06, 3.83039105145e-06, 3.41584268426e-06, 2.52700760939e-06, 1.70191765392e-06]}, "spectral_entropy": {"min": 5.56494903564, "max": 9.79830741882, "dvar2": 0.0768464580178, "median": 8.02130031586, "dmean2": 0.270832926035, "dmean": 0.19778059423, "var": 0.161879822612, "dvar": 0.0410235822201, "mean": 7.99072027206}, "spectral_rolloff": {"min": 64.599609375, "max": 18776.953125, "dvar2": 8818239, "median": 2024.12109375, "dmean2": 2256.90625, "dmean": 1444.81774902, "var": 11919409, "dvar": 4504591.5, "mean": 3319.98803711}, "barkbands": {"min": [1.90041467228e-23, 1.56422597808e-23, 3.15797921705e-24, 1.59556789516e-23, 2.6073410129e-23, 1.47223312139e-23, 5.03076289228e-23, 3.83358600479e-23, 8.55809005892e-23, 7.42386332504e-23, 5.28217160059e-23, 1.63033138597e-22, 1.34477610762e-22, 4.23045908631e-23, 1.96376547256e-22, 1.75832299499e-22, 1.4796398942e-22, 3.36313744437e-22, 1.84294063331e-22, 3.01155463447e-22, 3.27837011181e-22, 6.07139714888e-22, 6.74168859973e-22, 9.02226553432e-22, 1.19537029504e-21, 1.4967567622e-21, 2.37450757445e-21], "max": [0.00730230985209, 0.153799280524, 0.158252924681, 0.0684342458844, 0.0334398187697, 0.0375806465745, 0.0211334638298, 0.0311834607273, 0.0379117839038, 0.0296367406845, 0.0179576706141, 0.0292822886258, 0.0430179387331, 0.0304384808987, 0.0246748439968, 0.0198304764926, 0.0145192379132, 0.0113902948797, 0.0164496097714, 0.013876574114, 0.0124042807147, 0.0142589267343, 0.0125208627433, 0.0153162917122, 0.00656964536756, 0.00287378067151, 0.000308126589516], "dvar2": [4.77799972032e-07, 0.000133694687975, 0.000102323123429, 5.51809243916e-05, 1.20695467558e-05, 6.12246503806e-06, 2.3654731649e-06, 2.77325011666e-06, 2.87186526293e-06, 2.33586501963e-06, 8.52985749589e-07, 2.33285641116e-06, 3.41355553246e-06, 3.17985382026e-06, 1.7984433498e-06, 8.55054054227e-07, 6.18083674908e-07, 5.27562406205e-07, 6.11598807154e-07, 5.12694441568e-07, 5.31689124728e-07, 4.25756297773e-07, 1.17949252854e-06, 6.01235910835e-07, 1.01317903045e-06, 1.35340044949e-07, 2.59123011936e-09], "median": [3.91130161006e-05, 0.00102691166103, 0.000454595603514, 0.000501191127114, 0.000516987522133, 0.000170308951056, 0.000100705306977, 3.6392484617e-05, 7.43218697608e-05, 6.36827026028e-05, 4.25229591201e-05, 5.34216233063e-05, 0.0001050353967, 8.99448205018e-05, 8.63561072038e-05, 6.76631752867e-05, 7.73030769778e-05, 6.36019176454e-05, 7.84369549365e-05, 7.97668762971e-05, 0.00011964609439, 8.37341649458e-05, 0.000181763927685, 6.97837385815e-05, 0.000122404511785, 2.1084510081e-05, 3.29468639393e-06], "dmean2": [0.000239846427576, 0.00441307760775, 0.00302326772362, 0.00276857567951, 0.00177509419154, 0.000951285066549, 0.000593669421505, 0.000461221119622, 0.000600945786573, 0.000476627465105, 0.000301860360196, 0.000452469015727, 0.000551955658011, 0.000594354118221, 0.000446125632152, 0.000333689211402, 0.000325517437886, 0.000288748356979, 0.00032689946238, 0.000305259192828, 0.000347867433447, 0.000260400120169, 0.000566404429264, 0.000293127872283, 0.000491723360028, 0.000157609087182, 2.28199132835e-05], "dmean": [0.000172362502781, 0.00307902949862, 0.0018561067991, 0.00168441690039, 0.00110749399755, 0.000592151656747, 0.000371607835405, 0.000291092699626, 0.000383799546398, 0.000307378679281, 0.000196813896764, 0.000291001837468, 0.000347264052834, 0.000377096963348, 0.00028692104388, 0.000218827539356, 0.000201531191124, 0.000188778969459, 0.000213570339838, 0.000205003991141, 0.000234968800214, 0.000180410861503, 0.000381920312066, 0.000199331057956, 0.000325293716742, 0.000102900266938, 1.50449313878e-05], "var": [5.1978082638e-07, 0.000242040317971, 4.08169107686e-05, 2.37325748458e-05, 8.48302261147e-06, 3.7473082557e-06, 1.85145199794e-06, 1.57968372605e-06, 1.94121639652e-06, 1.63083552707e-06, 7.31408533738e-07, 1.95550114768e-06, 2.14698479795e-06, 2.49655454354e-06, 1.49027471252e-06, 7.25607833374e-07, 4.05860873798e-07, 4.06458696034e-07, 5.47871024992e-07, 5.21005233622e-07, 4.13243782305e-07, 2.48322237439e-07, 7.2674635021e-07, 5.90784679844e-07, 4.86593251026e-07, 7.02678946141e-08, 1.04516606481e-09], "dvar": [2.51831636433e-07, 8.06026437203e-05, 3.94422495447e-05, 2.05573014682e-05, 5.06760170538e-06, 2.3894754122e-06, 1.00727982044e-06, 1.07093831048e-06, 1.20229094591e-06, 8.62034085003e-07, 3.7806037767e-07, 9.42071437748e-07, 1.35005916491e-06, 1.22934500268e-06, 7.41966630358e-07, 3.79728192001e-07, 2.41139218815e-07, 2.31000214512e-07, 2.68658709501e-07, 2.22402462668e-07, 2.45529037102e-07, 1.78942471507e-07, 5.14061355261e-07, 2.81183730522e-07, 3.96297849647e-07, 5.8917002832e-08, 1.05198261213e-09], "mean": [0.000326962879626, 0.00710537470877, 0.00231573288329, 0.00219416571781, 0.00160293001682, 0.00083384703612, 0.000527785043232, 0.000388045562431, 0.000532170932274, 0.000470950268209, 0.000301528343698, 0.000436133734183, 0.000516662781592, 0.000601574312896, 0.000481181021314, 0.000334090756951, 0.000294839876005, 0.000291997974273, 0.000362012709957, 0.000373153015971, 0.000333662639605, 0.000250158802373, 0.000476295972476, 0.00029186939355, 0.000388997374102, 0.000118447402201, 1.4681157154e-05]}, "melbands_flatness_db": {"min": 0.00635515758768, "max": 0.670739173889, "dvar2": 0.00211786548607, "median": 0.164794743061, "dmean2": 0.0470296442509, "dmean": 0.0340210609138, "var": 0.00906655751169, "dvar": 0.0011358326301, "mean": 0.183610856533}, "melbands_skewness": {"min": -4.8133020401, "max": 35.2231788635, "dvar2": 6.41836738586, "median": 2.87846446037, "dmean2": 1.85169672966, "dmean": 1.28678703308, "var": 16.4931850433, "dvar": 3.21655058861, "mean": 3.87461543083}, "barkbands_skewness": {"min": -5.89744853973, "max": 32.4251823425, "dvar2": 2.77759051323, "median": 1.08273327351, "dmean2": 1.25235021114, "dmean": 0.910028576851, "var": 8.41135787964, "dvar": 1.76534903049, "mean": 1.66333854198}, "silence_rate_60dB": {"min": 0, "max": 1, "dvar2": 0.0881594419479, "median": 0, "dmean2": 0.0840959697962, "dmean": 0.0420427843928, "var": 0.141602993011, "dvar": 0.0402772799134, "mean": 0.170746788383}, "spectral_energyband_low": {"min": 2.89482322601e-23, "max": 0.237840637565, "dvar2": 0.000328637775965, "median": 0.00381545349956, "dmean2": 0.00711446814239, "dmean": 0.0047899694182, "var": 0.000450064922916, "dvar": 0.000170543251443, "mean": 0.0108931576833}, "spectral_energyband_middle_low": {"min": 2.41323557094e-22, "max": 0.0921436101198, "dvar2": 9.1885412985e-05, "median": 0.00294402288273, "dmean2": 0.00504164677113, "dmean": 0.00323125370778, "var": 7.13847693987e-05, "dvar": 3.72317699657e-05, "mean": 0.00620137620717}, "melbands_kurtosis": {"min": -1.95881426334, "max": 2012.48583984, "dvar2": 12574.3095703, "median": 9.14317893982, "dmean2": 34.1532859802, "dmean": 23.6789207458, "var": 18458.2402344, "dvar": 6217.36425781, "mean": 43.8042297363}, "spectral_decrease": {"min": -7.09293601631e-08, "max": -2.86208747639e-29, "dvar2": 2.76164206755e-17, "median": -3.22025184296e-09, "dmean2": 2.74935829658e-09, "dmean": 1.90021975932e-09, "var": 4.40910328286e-17, "dvar": 1.42878874119e-17, "mean": -5.24032861549e-09}, "erbbands_kurtosis": {"min": -1.93082892895, "max": 60.3317604065, "dvar2": 17.38621521, "median": -0.178588747978, "dmean2": 2.0944340229, "dmean": 1.33065652847, "var": 13.1962604523, "dvar": 7.41021347046, "mean": 0.768338382244}, "melbands_crest": {"min": 2.21364998817, "max": 35.1703529358, "dvar2": 24.2831230164, "median": 16.2607116699, "dmean2": 5.53403329849, "dmean": 3.56185054779, "var": 59.9265670776, "dvar": 10.4741172791, "mean": 17.2459316254}, "gfcc": {"cov": [[20211.0253906, 1461.45739746, -1398.76184082, -120.336395264, -538.135070801, -248.782073975, -561.788208008, 173.554473877, -243.352737427, -76.4873733521, -170.758743286, -354.924499512, -284.103790283], [1461.45739746, 2224.66918945, -213.413742065, 45.0983543396, 262.414855957, -78.3878250122, 7.41519117355, 6.51898384094, 12.5435276031, -81.1370544434, 125.579093933, -141.17741394, -16.6445198059], [-1398.76184082, -213.413742065, 1343.22229004, 446.665374756, 96.1817855835, 189.563858032, 74.1851043701, -22.3200817108, 67.1625823975, 55.7555503845, -32.0104675293, 113.704948425, -28.2433490753], [-120.336395264, 45.0983543396, 446.665374756, 544.149536133, 180.230133057, 84.0710754395, 31.7749004364, 20.8829593658, 57.34740448, -1.05563640594, -2.82310342789, -19.2658061981, 2.12270617485], [-538.135070801, 262.414855957, 96.1817855835, 180.230133057, 420.237731934, 183.093551636, 139.928436279, 81.6854400635, 90.3151168823, 34.8606147766, 17.7860507965, 33.5879669189, 28.6005916595], [-248.782073975, -78.3878250122, 189.563858032, 84.0710754395, 183.093551636, 317.583282471, 214.116226196, 71.9254379272, 52.8436203003, 75.1856155396, 27.1044540405, 49.4644851685, 15.3881759644], [-561.788208008, 7.41519117355, 74.1851043701, 31.7749004364, 139.928436279, 214.116226196, 305.67578125, 131.778594971, 74.358253479, 78.4167633057, 79.8938980103, 41.7016448975, 29.0445327759], [173.554473877, 6.51898384094, -22.3200817108, 20.8829593658, 81.6854400635, 71.9254379272, 131.778594971, 183.728149414, 104.462776184, 67.8617858887, 49.0658226013, 22.1250953674, 31.0893211365], [-243.352737427, 12.5435276031, 67.1625823975, 57.34740448, 90.3151168823, 52.8436203003, 74.358253479, 104.462776184, 209.876815796, 104.039299011, 24.5175971985, 52.3103256226, 57.4441490173], [-76.4873733521, -81.1370544434, 55.7555503845, -1.05563640594, 34.8606147766, 75.1856155396, 78.4167633057, 67.8617858887, 104.039299011, 143.125030518, 58.4960174561, 48.1263275146, 24.1966304779], [-170.758743286, 125.579093933, -32.0104675293, -2.82310342789, 17.7860507965, 27.1044540405, 79.8938980103, 49.0658226013, 24.5175971985, 58.4960174561, 146.547943115, 28.1589374542, 20.8818054199], [-354.924499512, -141.17741394, 113.704948425, -19.2658061981, 33.5879669189, 49.4644851685, 41.7016448975, 22.1250953674, 52.3103256226, 48.1263275146, 28.1589374542, 141.04083252, 60.7334251404], [-284.103790283, -16.6445198059, -28.2433490753, 2.12270617485, 28.6005916595, 15.3881759644, 29.0445327759, 31.0893211365, 57.4441490173, 24.1966304779, 20.8818054199, 60.7334251404, 117.778121948]], "icov": [[8.89002621989e-05, -0.000119989672385, 0.000155755755259, -0.000182622490684, 0.000287750503048, -0.00029056306812, 0.000343902094755, -0.000429454463301, 0.00021924203611, -0.000225008407142, 0.000271761789918, -0.00020674856205, 0.000232494523516], [-0.000119989672385, 0.000844108115416, -0.000305088411551, 0.000523551832885, -0.00110405497253, 0.000706562073901, -0.000415465357946, 0.000852857076097, -0.000763475138228, 0.00105365959462, -0.00144902279135, 0.00126711709891, -0.000440214353148], [0.000155755755259, -0.000305088411551, 0.00174946303014, -0.00171046925243, 0.00115963921417, -0.00109243614133, 0.00037137241452, -0.000265171256615, 0.000232129983488, -0.000733907800168, 0.00120275944937, -0.00229693064466, 0.00163124036044], [-0.000182622490684, 0.000523551832885, -0.00171046925243, 0.00402834452689, -0.00223075132817, 0.000602527521551, 2.67699906544e-05, 0.000760071503464, -0.00136349129025, 0.00172083079815, -0.00190959579777, 0.00316463015042, -0.00157537916675], [0.000287750503048, -0.00110405497253, 0.00115963921417, -0.00223075132817, 0.00579055817798, -0.00339791621082, 0.000886303314473, -0.00200302293524, -0.000200309164939, -0.000119067495689, 0.00199918355793, -0.00260675046593, 0.00131624203641], [-0.00029056306812, 0.000706562073901, -0.00109243614133, 0.000602527521551, -0.00339791621082, 0.00965020991862, -0.00655185244977, 0.00259103393182, 0.00103904865682, -0.00237621203996, 0.00095947238151, 0.000478689617012, -0.000813362887129], [0.000343902094755, -0.000415465357946, 0.00037137241452, 2.67699906544e-05, 0.000886303314473, -0.00655185244977, 0.010849615559, -0.00579775869846, 0.000653521448839, 0.000259016029304, -0.00228397687897, -0.000128206185764, 0.000454167107819], [-0.000429454463301, 0.000852857076097, -0.000265171256615, 0.000760071503464, -0.00200302293524, 0.00259103393182, -0.00579775869846, 0.0129546541721, -0.00514750229195, 0.000759516202379, -0.00234690867364, 0.00191143143456, -0.0010496241739], [0.00021924203611, -0.000763475138228, 0.000232129983488, -0.00136349129025, -0.000200309164939, 0.00103904865682, 0.000653521448839, -0.00514750229195, 0.0123749515042, -0.00852075498551, 0.00415320135653, -0.00171150930692, -0.00252724601887], [-0.000225008407142, 0.00105365959462, -0.000733907800168, 0.00172083079815, -0.000119067495689, -0.00237621203996, 0.000259016029304, 0.000759516202379, -0.00852075498551, 0.0173217039555, -0.00691532576457, 6.78867436363e-05, 0.00126244465355], [0.000271761789918, -0.00144902279135, 0.00120275944937, -0.00190959579777, 0.00199918355793, 0.00095947238151, -0.00228397687897, -0.00234690867364, 0.00415320135653, -0.00691532576457, 0.0129422703758, -0.00367838679813, 0.000342727114912], [-0.00020674856205, 0.00126711709891, -0.00229693064466, 0.00316463015042, -0.00260675046593, 0.000478689617012, -0.000128206185764, 0.00191143143456, -0.00171150930692, 6.78867436363e-05, -0.00367838679813, 0.014631126076, -0.00690166000277], [0.000232494523516, -0.000440214353148, 0.00163124036044, -0.00157537916675, 0.00131624203641, -0.000813362887129, 0.000454167107819, -0.0010496241739, -0.00252724601887, 0.00126244465355, 0.000342727114912, -0.00690166000277, 0.0138318249956]], "mean": [-33.5549697876, 32.4581947327, -92.7599945068, 41.7634391785, -50.7614326477, 27.5463047028, -36.2849617004, 8.47881412506, -25.9805145264, 7.00647354126, -19.3032226562, 1.9645216465, -13.4691781998]}, "melbands_spread": {"min": 0.143881976604, "max": 287.426727295, "dvar2": 1308.68066406, "median": 29.3181228638, "dmean2": 24.6859054565, "dmean": 16.374710083, "var": 1524.9597168, "dvar": 609.503845215, "mean": 39.3073730469}, "spectral_energy": {"min": 1.03113927936e-20, "max": 0.277463674545, "dvar2": 0.000433603563579, "median": 0.0142933689058, "dmean2": 0.0114475460723, "dmean": 0.008012435399, "var": 0.000696489878464, "dvar": 0.000223245893721, "mean": 0.0221653319895}, "mfcc": {"cov": [[16245.96875, 1529.16943359, -802.636779785, 137.7159729, -103.134010315, -422.597167969, -188.245956421, -277.990753174, -368.841552734, 197.915802002, -225.403518677, -175.948730469, -254.846313477], [1529.16943359, 1722.67199707, -190.541473389, 126.274856567, 153.256835938, 14.7831897736, 87.0731277466, 38.5503234863, -57.1173858643, 59.7794952393, 58.268371582, -23.1531829834, -2.51212453842], [-802.636779785, -190.541473389, 1061.99890137, 269.161468506, 124.390769958, 182.994155884, 23.3838787079, 39.8170089722, 29.2957057953, -58.8688163757, 35.6707839966, 65.423576355, 11.1778869629], [137.7159729, 126.274856567, 269.161468506, 406.978271484, 218.627456665, 87.1941757202, 12.5432844162, 45.879825592, 35.3028106689, 19.0225410461, 18.8675079346, 21.107963562, -2.26811099052], [-103.134010315, 153.256835938, 124.390769958, 218.627456665, 318.637695312, 135.652282715, 27.7935810089, 59.2972335815, 72.048828125, 20.6607723236, 15.3369092941, 26.4755554199, -0.371595591307], [-422.597167969, 14.7831897736, 182.994155884, 87.1941757202, 135.652282715, 322.069366455, 117.759910583, 116.918869019, 97.3194503784, 28.0626354218, 78.3789138794, 42.7979278564, 37.8101959229], [-188.245956421, 87.0731277466, 23.3838787079, 12.5432844162, 27.7935810089, 117.759910583, 287.13494873, 111.330802917, 11.8086156845, 77.9031600952, 61.234249115, 30.5941772461, 36.2987480164], [-277.990753174, 38.5503234863, 39.8170089722, 45.879825592, 59.2972335815, 116.918869019, 111.330802917, 175.152267456, 104.192169189, 40.2252006531, 70.1038818359, 41.6660881042, 50.9805870056], [-368.841552734, -57.1173858643, 29.2957057953, 35.3028106689, 72.048828125, 97.3194503784, 11.8086156845, 104.192169189, 200.858520508, 71.4076309204, 58.4671707153, 48.5718383789, 43.4715118408], [197.915802002, 59.7794952393, -58.8688163757, 19.0225410461, 20.6607723236, 28.0626354218, 77.9031600952, 40.2252006531, 71.4076309204, 175.738815308, 86.3192672729, 26.0007762909, 14.9563779831], [-225.403518677, 58.268371582, 35.6707839966, 18.8675079346, 15.3369092941, 78.3789138794, 61.234249115, 70.1038818359, 58.4671707153, 86.3192672729, 169.323791504, 74.545753479, 43.8012504578], [-175.948730469, -23.1531829834, 65.423576355, 21.107963562, 26.4755554199, 42.7979278564, 30.5941772461, 41.6660881042, 48.5718383789, 26.0007762909, 74.545753479, 128.237945557, 63.0189704895], [-254.846313477, -2.51212453842, 11.1778869629, -2.26811099052, -0.371595591307, 37.8101959229, 36.2987480164, 50.9805870056, 43.4715118408, 14.9563779831, 43.8012504578, 63.0189704895, 114.278686523]], "icov": [[8.17842810648e-05, -6.75564369885e-05, 4.46009544248e-05, -7.79143229011e-05, 8.79183862708e-05, -3.33781572408e-05, 0.000123771358631, -7.84218427725e-05, 0.000189354948816, -0.000264310103375, 0.000219742927584, -0.00013235755614, 0.00013331444643], [-6.75564369885e-05, 0.00074805697659, 0.000138739531394, -7.61154733482e-05, -0.000495698535815, 0.000135135094752, -0.000175820299773, -0.000127493956825, 0.000345444277627, 0.000119137243018, -0.000572227523662, 0.000421893695602, -0.000243217102252], [4.46009544248e-05, 0.000138739531394, 0.00141197897028, -0.00107839179691, 0.000394266069634, -0.000702881661709, -7.99498593551e-05, 0.000322570063872, 2.77168419416e-05, 0.000634775322396, -0.000129763007862, -0.000631035713013, 0.00036243069917], [-7.79143229011e-05, -7.61154733482e-05, -0.00107839179691, 0.00483296625316, -0.00311078852974, 0.000531207595486, 0.000521267938893, -0.00102811621036, 0.000775002350565, -0.000799587345682, -6.06158100709e-05, 0.000314206437906, -0.000207015618798], [8.79183862708e-05, -0.000495698535815, 0.000394266069634, -0.00311078852974, 0.00659387372434, -0.00212361384183, 0.000282258319203, 3.07719565171e-05, -0.00118248176295, -0.000268527743174, 0.00169022218324, -0.00155667006038, 0.00140108575579], [-3.33781572408e-05, 0.000135135094752, -0.000702881661709, 0.000531207595486, -0.00212361384183, 0.00605241209269, -0.00209224247374, -0.000559622305445, -0.00196500658058, 0.00182811822742, -0.00233601825312, 0.00126940966584, -0.000383782811696], [0.000123771358631, -0.000175820299773, -7.99498593551e-05, 0.000521267938893, 0.000282258319203, -0.00209224247374, 0.00735787907615, -0.00553530221805, 0.00484068086371, -0.0046228938736, 0.00202449527569, -0.00117455259897, -0.000248910742812], [-7.84218427725e-05, -0.000127493956825, 0.000322570063872, -0.00102811621036, 3.07719565171e-05, -0.000559622305445, -0.00553530221805, 0.01492890995, -0.00761539163068, 0.0043215774931, -0.00372677785344, 0.00175866973586, -0.00215619476512], [0.000189354948816, 0.000345444277627, 2.77168419416e-05, 0.000775002350565, -0.00118248176295, -0.00196500658058, 0.00484068086371, -0.00761539163068, 0.0125186089426, -0.00627624476328, 0.00247293431312, -0.00213083298877, -0.000764894299209], [-0.000264310103375, 0.000119137243018, 0.000634775322396, -0.000799587345682, -0.000268527743174, 0.00182811822742, -0.0046228938736, 0.0043215774931, -0.00627624476328, 0.0124978413805, -0.00660816673189, 0.0021005992312, 0.000396250630729], [0.000219742927584, -0.000572227523662, -0.000129763007862, -6.06158100709e-05, 0.00169022218324, -0.00233601825312, 0.00202449527569, -0.00372677785344, 0.00247293431312, -0.00660816673189, 0.0132427308708, -0.00610999623314, 0.000504606461618], [-0.00013235755614, 0.000421893695602, -0.000631035713013, 0.000314206437906, -0.00155667006038, 0.00126940966584, -0.00117455259897, 0.00175866973586, -0.00213083298877, 0.0021005992312, -0.00610999623314, 0.0145491557196, -0.00620008166879], [0.00013331444643, -0.000243217102252, 0.00036243069917, -0.000207015618798, 0.00140108575579, -0.000383782811696, -0.000248910742812, -0.00215619476512, -0.000764894299209, 0.000396250630729, 0.000504606461618, -0.00620008166879, 0.0136401522905]], "mean": [-682.039550781, 70.4922866821, 14.1876688004, 22.5853252411, 9.85995388031, 18.6328315735, 3.08085036278, 6.86302518845, -1.3136305809, 5.22553920746, -0.0469901673496, -1.16687321663, -2.07950282097]}, "spectral_contrast_valleys": {"min": [-27.5178089142, -27.2437820435, -27.2791652679, -27.4374141693, -27.10338974, -27.3280315399], "max": [-5.28057527542, -5.02614879608, -5.31641340256, -5.58696460724, -5.27792549133, -6.92023134232], "dvar2": [0.405121862888, 0.435768038034, 0.350144922733, 0.312595009804, 0.338166803122, 0.383681088686], "median": [-7.63432025909, -7.54541349411, -7.94920539856, -7.83609771729, -7.65372371674, -9.56269454956], "dmean2": [0.69204223156, 0.688134253025, 0.591149449348, 0.511404633522, 0.492665171623, 0.548781514168], "dmean": [0.426499783993, 0.444819360971, 0.387499243021, 0.352286666632, 0.374174922705, 0.466646522284], "var": [2.69768881798, 2.36425375938, 2.11102700233, 2.08432769775, 1.96928656101, 1.85514366627], "dvar": [0.190480232239, 0.207329437137, 0.175995722413, 0.168427556753, 0.182863160968, 0.215193495154], "mean": [-8.10675239563, -7.86042356491, -8.21399593353, -8.1854801178, -7.87896156311, -9.772315979]}, "barkbands_flatness_db": {"min": 0.0165916997939, "max": 0.542580246925, "dvar2": 0.00129151192959, "median": 0.106005176902, "dmean2": 0.035876005888, "dmean": 0.0254486240447, "var": 0.0053173052147, "dvar": 0.000674902985338, "mean": 0.124703347683}, "dynamic_complexity": 5.73233127594, "erbbands_flatness_db": {"min": 0.0300486963242, "max": 0.473005324602, "dvar2": 0.000691067718435, "median": 0.113681711257, "dmean2": 0.0263821426779, "dmean": 0.0184276159853, "var": 0.00223856698722, "dvar": 0.000367120781448, "mean": 0.123978890479}, "hfc": {"min": 1.12492103149e-16, "max"