{"lowlevel": {"spectral_complexity": {"min": 0, "max": 60, "dvar2": 44.7189865112, "median": 11, "dmean2": 5.12729644775, "dmean": 3.66365146637, "var": 128.358398438, "dvar": 28.1982593536, "mean": 13.5543146133}, "silence_rate_20dB": {"min": 1, "max": 1, "dvar2": 0, "median": 1, "dmean2": 0, "dmean": 0, "var": 0, "dvar": 0, "mean": 1}, "average_loudness": 0.936731934547, "erbbands_spread": {"min": 0.416138887405, "max": 224.080078125, "dvar2": 826.515991211, "median": 36.3882827759, "dmean2": 20.2342357635, "dmean": 13.5313873291, "var": 923.557067871, "dvar": 365.156616211, "mean": 42.578830719}, "spectral_kurtosis": {"min": -1.28331029415, "max": 369.759246826, "dvar2": 224.14654541, "median": 3.95000839233, "dmean2": 3.50026249886, "dmean": 2.26200532913, "var": 153.353927612, "dvar": 81.9325408936, "mean": 5.84044027328}, "barkbands_kurtosis": {"min": -1.97055613995, "max": 13601.9345703, "dvar2": 302580.5, "median": 5.53509044647, "dmean2": 79.628326416, "dmean": 51.1761398315, "var": 206069.984375, "dvar": 148225.09375, "mean": 75.7250747681}, "spectral_strongpeak": {"min": 0, "max": 19.2727527618, "dvar2": 2.3692111969, "median": 0.435562640429, "dmean2": 0.827652692795, "dmean": 0.503325819969, "var": 2.86410450935, "dvar": 1.00724101067, "mean": 1.01154458523}, "spectral_spread": {"min": 297538.0625, "max": 42838308, "dvar2": 2740496367620.0, "median": 5259468, "dmean2": 1415454, "dmean": 1078060.625, "var": 7432872394750.0, "dvar": 1566477385730.0, "mean": 5840662.5}, "spectral_rms": {"min": 3.17100447463e-12, "max": 0.0116496756673, "dvar2": 2.93254174721e-06, "median": 0.00516737205908, "dmean2": 0.00149879197124, "dmean": 0.00105986709241, "var": 5.88613420405e-06, "dvar": 1.37929202992e-06, "mean": 0.00502815004438}, "erbbands": {"min": [2.58741757343e-22, 1.33553934159e-21, 1.75851186723e-21, 1.12639720483e-20, 1.51668492852e-20, 4.2947611607e-20, 8.55108297984e-20, 1.92178884639e-19, 3.47236307381e-19, 2.50128121051e-19, 5.55888480994e-19, 8.72408780496e-19, 1.29037673337e-18, 1.21321680884e-18, 1.47677919607e-18, 3.54586313771e-18, 2.62665682086e-18, 3.88046472653e-18, 3.72649994475e-18, 4.06050637711e-18, 4.61474054858e-18, 5.22749485325e-18, 6.46539545536e-18, 7.74652162114e-18, 1.09509862269e-17, 1.04078453747e-17, 9.72077095991e-18, 1.16182686912e-17, 1.11629140358e-17, 1.61639810177e-17, 1.29281100183e-17, 1.1979577874e-17, 7.78440401165e-18, 9.56139558975e-18, 7.453157881e-18, 5.06032165146e-18, 2.75438612194e-18, 1.05074240652e-18, 2.97895164788e-19, 3.11900825361e-20], "max": [6.30973482132, 27.6376914978, 78.8617553711, 142.546081543, 207.151855469, 284.287353516, 448.447998047, 917.785400391, 758.975402832, 2034.01025391, 1439.91760254, 842.991821289, 1311.91845703, 983.494750977, 1351.2355957, 1193.74731445, 1116.37561035, 2356.77807617, 1406.38903809, 2058.26147461, 870.766662598, 352.724487305, 515.229980469, 369.875762939, 239.058792114, 179.495437622, 363.309295654, 145.349746704, 206.864013672, 206.99571228, 862.238647461, 527.549621582, 327.933746338, 76.771736145, 60.4915237427, 21.5614337921, 6.316010952, 1.09669423103, 0.302368760109, 0.0209800843149], "dvar2": [0.552789509296, 18.3658447266, 108.618835449, 311.646820068, 584.187011719, 472.247314453, 329.20489502, 1301.11791992, 2321.81713867, 11055.5224609, 4932.12011719, 2500.93945312, 5073.78076172, 2824.27392578, 6307.99609375, 3997.21191406, 3567.47192383, 13323.3945312, 3766.18554688, 3251.73852539, 1582.24499512, 937.718200684, 707.878112793, 394.572753906, 574.180725098, 220.135299683, 220.294006348, 148.519287109, 203.47996521, 169.382003784, 395.033172607, 404.791564941, 99.1503601074, 18.8329257965, 6.92679548264, 2.2713727951, 0.156236857176, 0.00537158641964, 0.00065594445914, 3.37761230185e-06], "median": [0.125189036131, 0.602716505527, 0.593159079552, 0.925211429596, 2.12334775925, 2.89100384712, 3.08981752396, 3.64163255692, 4.87192773819, 5.15858793259, 4.873442173, 4.30249929428, 5.16192626953, 5.74633216858, 4.75622844696, 5.30282306671, 4.55604124069, 3.77659749985, 3.42437601089, 3.49089217186, 2.45082473755, 2.11964130402, 1.98891985416, 1.90082359314, 1.66283738613, 1.53659534454, 1.08462369442, 1.12818109989, 1.1944258213, 0.998722791672, 0.847894668579, 0.717010438442, 0.452595412731, 0.226750850677, 0.11484067142, 0.0654234737158, 0.0181335695088, 0.00345376180485, 0.000457396701677, 6.96717615938e-05], "dmean2": [0.409053981304, 2.24144935608, 4.15256500244, 7.26445150375, 11.8552980423, 11.5035552979, 9.27733802795, 15.0717582703, 19.5890369415, 32.5995750427, 26.6355762482, 19.7655410767, 24.7487449646, 21.8760375977, 28.8548755646, 23.1481533051, 19.6940574646, 32.6490287781, 20.753288269, 21.2075214386, 16.2048721313, 12.329492569, 10.0283746719, 8.46427536011, 8.40899658203, 6.08749866486, 5.92315816879, 5.05689764023, 5.27380371094, 5.07797336578, 5.58657026291, 5.35103654861, 3.08220148087, 1.81308364868, 1.00052905083, 0.646826982498, 0.169008016586, 0.0337760560215, 0.00689361803234, 0.000466944184154], "dmean": [0.278772324324, 1.4798784256, 2.37914443016, 4.1902089119, 6.95250463486, 6.88393878937, 5.75383758545, 9.83801078796, 12.7122049332, 21.680891037, 17.6766738892, 12.9479370117, 15.9819488525, 14.0696001053, 18.1675567627, 14.9379339218, 13.047914505, 21.6455307007, 13.4870824814, 13.9458026886, 11.0319709778, 8.32058334351, 6.29636287689, 5.69189357758, 5.54823350906, 4.07456016541, 3.94892382622, 3.49099516869, 3.65015673637, 3.60783076286, 3.95312070847, 3.85811042786, 2.23405623436, 1.28391110897, 0.710478484631, 0.455629944801, 0.117325380445, 0.0232829581946, 0.00436266325414, 0.00029878973146], "var": [0.486516982317, 13.9382944107, 37.9687767029, 139.821044922, 260.265045166, 379.225708008, 285.565917969, 1351.6932373, 1628.2911377, 10026.2207031, 4765.49609375, 2694.56713867, 8135.17236328, 3683.93579102, 5482.87939453, 4072.97729492, 4581.94824219, 34985.4765625, 5282.26416016, 7116.79541016, 2600.89624023, 976.528381348, 442.372253418, 441.478271484, 326.67288208, 160.928421021, 125.272102356, 110.729507446, 130.296081543, 158.654205322, 433.688781738, 505.202453613, 111.921112061, 17.0570545197, 5.55637168884, 1.60415446758, 0.0883098617196, 0.00277828122489, 0.000168522179592, 8.89238208401e-07], "dvar": [0.24986332655, 7.04843425751, 38.5406723022, 120.314804077, 231.379272461, 193.459701538, 146.003433228, 626.837280273, 1005.75616455, 4859.75341797, 2270.49121094, 1162.91918945, 2277.75439453, 1313.37536621, 2646.83203125, 1767.65014648, 1669.01989746, 5445.67822266, 1565.97412109, 1570.52111816, 786.151733398, 440.28213501, 283.626647949, 180.3019104, 243.179138184, 98.980255127, 93.2663269043, 67.4567184448, 89.0133514404, 86.3979110718, 196.599990845, 226.382965088, 54.8930892944, 9.17028236389, 3.30203270912, 1.07288920879, 0.069023899734, 0.00232015945949, 0.000239355285885, 1.23950314901e-06], "mean": [0.442445844412, 2.51248574257, 2.68243694305, 4.50824832916, 8.04691410065, 10.1826238632, 8.69773387909, 15.2678041458, 19.0132732391, 34.1114234924, 26.8914394379, 21.0163612366, 29.8400726318, 23.2122440338, 26.0120811462, 23.9055690765, 23.7191543579, 52.2654190063, 26.0703296661, 24.7805862427, 20.8470554352, 14.2010192871, 10.1886262894, 9.98064613342, 8.13757896423, 6.28752040863, 5.25912809372, 4.99464464188, 5.09665584564, 5.06115865707, 5.34401988983, 5.1033000946, 2.87345767021, 1.58334052563, 0.856394588947, 0.526700437069, 0.131098046899, 0.0254413038492, 0.00412409752607, 0.000312047806801]}, "zerocrossingrate": {"min": 0.00146484375, "max": 0.52734375, "dvar2": 0.000550556811504, "median": 0.0439453125, "dmean2": 0.0182634685189, "dmean": 0.0165417101234, "var": 0.00367534789257, "dvar": 0.00052061828319, "mean": 0.0594423264265}, "spectral_contrast_coeffs": {"min": [-0.975296616554, -0.972693324089, -0.968867480755, -0.965496063232, -0.965839028358, -0.961582183838], "max": [-0.289638757706, -0.320504039526, -0.467319369316, -0.485426336527, -0.581960856915, -0.554886877537], "dvar2": [0.0064939702861, 0.00444054463878, 0.00279921316542, 0.00171340373345, 0.000931398244575, 0.000786208547652], "median": [-0.673160910606, -0.753991663456, -0.783267736435, -0.793407022953, -0.807679712772, -0.792699873447], "dmean2": [0.0949062034488, 0.0800225064158, 0.0635333284736, 0.0506302155554, 0.0361741185188, 0.0316070616245], "dmean": [0.0581218749285, 0.0500989407301, 0.0403881967068, 0.0327046774328, 0.0233136769384, 0.0218968186527], "var": [0.0112122297287, 0.00876420363784, 0.00646623736247, 0.00515844300389, 0.00228064949624, 0.00214300723746], "dvar": [0.00254209944978, 0.00185282365419, 0.00126466725487, 0.000795348896645, 0.000426095823059, 0.000389787222957], "mean": [-0.655571758747, -0.73963701725, -0.773767828941, -0.782970964909, -0.805015683174, -0.793243646622]}, "dissonance": {"min": 0.16413846612, "max": 0.500000119209, "dvar2": 0.00173881638329, "median": 0.466005921364, "dmean2": 0.0395256467164, "dmean": 0.0238694902509, "var": 0.00185078463983, "dvar": 0.000683158345055, "mean": 0.453193128109}, "spectral_energyband_high": {"min": 7.18706295754e-21, "max": 0.0386287011206, "dvar2": 4.20592687078e-06, "median": 0.000238209642703, "dmean2": 0.000900521117728, "dmean": 0.00066682609031, "var": 5.09264691573e-06, "dvar": 2.27815235121e-06, "mean": 0.000973027432337}, "spectral_skewness": {"min": -0.474642336369, "max": 16.2609500885, "dvar2": 0.413092106581, "median": 1.67214512825, "dmean2": 0.443114221096, "dmean": 0.304601669312, "var": 0.951426744461, "dvar": 0.191600382328, "mean": 1.7876585722}, "spectral_flux": {"min": 6.43037012527e-11, "max": 0.371642947197, "dvar2": 0.00336560490541, "median": 0.0820116400719, "dmean2": 0.0549656525254, "dmean": 0.0349353663623, "var": 0.00335829425603, "dvar": 0.00158953457139, "mean": 0.0910218805075}, "silence_rate_30dB": {"min": 0, "max": 1, "dvar2": 0.0117505686358, "median": 1, "dmean2": 0.00812332704663, "dmean": 0.00406128866598, "var": 0.00239383988082, "dvar": 0.00404456164688, "mean": 0.997600376606}, "spectral_energyband_middle_high": {"min": 1.52024396601e-21, "max": 0.0472111925483, "dvar2": 3.15468787448e-05, "median": 0.00119113281835, "dmean2": 0.00270043965429, "dmean": 0.00182045286056, "var": 5.88051007071e-05, "dvar": 1.38788072945e-05, "mean": 0.00487076677382}, "barkbands_spread": {"min": 0.00716814165935, "max": 133.814102173, "dvar2": 259.851043701, "median": 13.5242490768, "dmean2": 11.5131816864, "dmean": 7.63887834549, "var": 322.132019043, "dvar": 123.551200867, "mean": 18.7048854828}, "spectral_centroid": {"min": 54.6643333435, "max": 11093.7509766, "dvar2": 456108.71875, "median": 933.940917969, "dmean2": 473.839141846, "dmean": 316.183624268, "var": 828663.4375, "dvar": 243079.625, "mean": 1146.03088379}, "pitch_salience": {"min": 0.0033255526796, "max": 0.896988332272, "dvar2": 0.0223127603531, "median": 0.514897346497, "dmean2": 0.148545578122, "dmean": 0.0959315001965, "var": 0.0377095863223, "dvar": 0.00980596896261, "mean": 0.486698418856}, "erbbands_skewness": {"min": -7.235039711, "max": 17.2479801178, "dvar2": 1.21373450756, "median": 0.603884518147, "dmean2": 0.875427722931, "dmean": 0.595443725586, "var": 3.05765461922, "dvar": 0.617519557476, "mean": 0.800032258034}, "erbbands_crest": {"min": 2.25408697128, "max": 33.6151809692, "dvar2": 18.7399501801, "median": 8.81454563141, "dmean2": 4.6607131958, "dmean": 2.95845007896, "var": 35.9300117493, "dvar": 8.59589481354, "mean": 10.5787944794}, "melbands": {"min": [2.20298262747e-24, 2.28212470335e-24, 5.19760728927e-24, 2.05045834359e-24, 2.52025065063e-24, 4.76274771527e-24, 4.88455217777e-24, 2.13063461613e-24, 4.95370333029e-24, 6.14805570131e-24, 5.73533905848e-24, 4.47278808449e-24, 3.72074765645e-24, 7.63626033724e-24, 5.69228736901e-24, 5.68311094453e-24, 6.17808605825e-24, 5.38150812122e-24, 7.04342900038e-24, 5.18830385819e-24, 5.00865064779e-24, 5.43330906699e-24, 4.7805897768e-24, 5.65253942901e-24, 5.79368084445e-24, 6.17821700916e-24, 6.28223029166e-24, 6.34077363159e-24, 4.59492110756e-24, 6.2800483024e-24, 6.08986971537e-24, 6.23190372692e-24, 7.45843610084e-24, 8.71655801528e-24, 7.28967982056e-24, 5.8793322061e-24, 7.60544585256e-24, 5.0080238978e-24, 5.92679007816e-24, 8.67639631774e-24], "max": [0.0400715991855, 0.0340100117028, 0.0239032842219, 0.0170605219901, 0.016459569335, 0.0179065782577, 0.0117760868743, 0.0192131530493, 0.0147147262469, 0.00562883447856, 0.00639327336103, 0.00376432412304, 0.00354883354157, 0.0029782843776, 0.00525980722159, 0.0039319107309, 0.00483673252165, 0.00287810247391, 0.00366308283992, 0.00262687029317, 0.000985419610515, 0.000417959934566, 0.000344297644915, 0.000915518961847, 0.000335901364451, 0.000263159454335, 0.000191173356143, 0.00012510313536, 0.000258752435911, 9.94179281406e-05, 0.000114060589112, 0.000159594870638, 0.000110000772111, 0.00015362733393, 0.000504904601257, 0.000436506583355, 0.000334654207109, 0.000278900552075, 0.000127613049699, 5.70623196836e-05], "dvar2": [3.53760115104e-05, 2.14188585232e-05, 9.31552040129e-06, 2.84174666376e-06, 4.36752770838e-07, 5.85957025123e-07, 5.65487596305e-07, 1.24696600778e-06, 3.54969046157e-07, 1.02849597283e-07, 1.27606469391e-07, 4.66032936686e-08, 7.38939860412e-08, 3.20998161385e-08, 2.7967477223e-08, 3.32122667146e-08, 6.03102847663e-08, 1.33349837839e-08, 1.55446375771e-08, 5.36128474948e-09, 2.16299422817e-09, 1.33637267918e-09, 8.52720782873e-10, 8.99737617743e-10, 2.79844286633e-10, 3.31583649427e-10, 2.96477231654e-10, 9.86955517313e-11, 1.05978330278e-10, 8.05962380168e-11, 5.90909682296e-11, 8.81662798324e-11, 4.79884847138e-11, 7.09818939737e-11, 1.34934369234e-10, 1.95111274359e-10, 1.55782553524e-10, 7.47474790397e-11, 2.16005442699e-11, 1.42162739913e-11], "median": [0.00108854728751, 0.000570381176658, 0.000202968178201, 0.00020146483439, 0.0001262245205, 8.07159885881e-05, 7.14828856871e-05, 5.36298575753e-05, 3.52448478225e-05, 2.45051924139e-05, 2.3185453756e-05, 2.00656850211e-05, 1.60544113896e-05, 1.28243227664e-05, 1.14250424303e-05, 7.30754345568e-06, 5.87136264585e-06, 4.32251817983e-06, 4.83340681967e-06, 3.46583237842e-06, 2.39321502704e-06, 2.17848332795e-06, 1.54559586463e-06, 1.70742157479e-06, 1.38583993703e-06, 1.12817599529e-06, 1.13185126338e-06, 8.8671413323e-07, 6.51239702165e-07, 5.83549876865e-07, 6.35702974705e-07, 6.76439242397e-07, 5.92367655372e-07, 5.2032135045e-07, 4.75683606282e-07, 4.73525517464e-07, 4.1128993189e-07, 3.22375086625e-07, 2.24189548703e-07, 1.6917931589e-07], "dmean2": [0.00321819144301, 0.00222323951311, 0.00136298174039, 0.000846790266223, 0.000349029665813, 0.000332248368068, 0.000311241834424, 0.000352645438397, 0.000209262143471, 0.000126459824969, 0.000123842488392, 8.59450374264e-05, 0.000103738326288, 6.80595694575e-05, 4.93278093927e-05, 5.13265003974e-05, 6.80602897773e-05, 3.40913502441e-05, 4.04483507737e-05, 2.40840199695e-05, 1.91716244444e-05, 1.4919237401e-05, 1.09157463157e-05, 8.74997022038e-06, 7.17612101653e-06, 6.67013091515e-06, 5.96631889493e-06, 4.0647755668e-06, 3.85362727684e-06, 3.67513871424e-06, 2.97414817396e-06, 3.29638533003e-06, 2.70770692623e-06, 3.08389212478e-06, 3.2328166526e-06, 3.66205767932e-06, 3.31362457473e-06, 2.40025156018e-06, 1.70609166616e-06, 1.54826943799e-06], "dmean": [0.00220375112258, 0.00134446180891, 0.00079040939454, 0.000507348799147, 0.000216298241867, 0.000216878645006, 0.000203867559321, 0.000238397275098, 0.000137773313327, 8.30421995488e-05, 7.9601406469e-05, 5.49978358322e-05, 6.49224311928e-05, 4.32264569099e-05, 3.15166034852e-05, 3.39993312082e-05, 4.49312210549e-05, 2.21396039706e-05, 2.57870415226e-05, 1.65704641404e-05, 1.30174285005e-05, 9.99051917461e-06, 7.04886042513e-06, 5.4220254242e-06, 4.79014033772e-06, 4.36391337644e-06, 3.84230543204e-06, 2.68096914624e-06, 2.5274437121e-06, 2.41097245635e-06, 2.03326681003e-06, 2.2135461677e-06, 1.90177115655e-06, 2.13367911783e-06, 2.23819506573e-06, 2.57073838839e-06, 2.32887214224e-06, 1.71049532582e-06, 1.1972123275e-06, 1.06810102807e-06], "var": [3.22430241795e-05, 1.10559522e-05, 4.11758628616e-06, 1.44030138927e-06, 4.48378926876e-07, 5.94363882556e-07, 4.47765330591e-07, 1.22092842503e-06, 3.25351436459e-07, 1.16507280268e-07, 2.05211748039e-07, 5.64659501379e-08, 5.89411257579e-08, 3.22913606965e-08, 2.47005829124e-08, 4.96750942602e-08, 1.58231401315e-07, 1.62796460756e-08, 2.97502893432e-08, 9.95673321569e-09, 3.34561689463e-09, 1.41178646551e-09, 5.42446143559e-10, 3.75452585688e-10, 3.24029469922e-10, 2.07756437054e-10, 1.43114076145e-10, 7.20417267508e-11, 5.56759083281e-11, 4.50498700844e-11, 3.9758547149e-11, 4.98438998409e-11, 3.50484988254e-11, 6.12505393627e-11, 1.24868768103e-10, 2.37624087074e-10, 1.76467701563e-10, 7.66555707798e-11, 1.85904468902e-11, 1.08518662806e-11], "dvar": [1.52565125973e-05, 7.75476382842e-06, 3.61386969416e-06, 1.11302051664e-06, 2.01972227387e-07, 2.80234814909e-07, 2.50479899933e-07, 5.61098488561e-07, 1.62032648632e-07, 4.81086033233e-08, 5.72801539533e-08, 2.12713047176e-08, 3.14030259574e-08, 1.39095117646e-08, 1.30309079083e-08, 1.51083554556e-08, 2.48881342202e-08, 5.62011681637e-09, 7.32441174378e-09, 2.66319144515e-09, 1.07696107587e-09, 6.16978801382e-10, 3.60591889681e-10, 3.28854110609e-10, 1.28963784096e-10, 1.41667691467e-10, 1.22429108518e-10, 4.39469120816e-11, 4.35476897598e-11, 3.42995493119e-11, 2.57931922348e-11, 3.68535930939e-11, 2.27850203982e-11, 3.47055682803e-11, 6.25483276284e-11, 1.03234976123e-10, 8.51648473965e-11, 4.01461745791e-11, 1.03930605441e-11, 6.58388404559e-12], "mean": [0.00380870047957, 0.00207875412889, 0.00088469061302, 0.000673979695421, 0.000341714650858, 0.000340449711075, 0.000307424459606, 0.000378432014259, 0.000203580260859, 0.000133350506076, 0.000145365542267, 8.67782509886e-05, 8.99450096767e-05, 6.54390751151e-05, 4.97141372762e-05, 6.07685542491e-05, 0.000104388534965, 3.8107697037e-05, 4.27865561505e-05, 2.78018142126e-05, 2.3429554858e-05, 1.62384858413e-05, 1.00815386759e-05, 8.33185913507e-06, 8.12214602774e-06, 6.33302715869e-06, 5.15612828167e-06, 3.96485711462e-06, 3.31573141921e-06, 3.03313436234e-06, 2.87212060357e-06, 2.99601083498e-06, 2.5902620564e-06, 2.90424009108e-06, 2.95559379992e-06, 3.37616484103e-06, 3.01110117107e-06, 2.17459660234e-06, 1.46922525346e-06, 1.27258772409e-06]}, "spectral_entropy": {"min": 2.72534132004, "max": 9.81463623047, "dvar2": 0.189420446754, "median": 7.53583621979, "dmean2": 0.387116312981, "dmean": 0.278594434261, "var": 0.584998548031, "dvar": 0.100553825498, "mean": 7.44778060913}, "spectral_rolloff": {"min": 43.06640625, "max": 19358.3496094, "dvar2": 4709979, "median": 602.9296875, "dmean2": 1031.21044922, "dmean": 615.319580078, "var": 5030815.5, "dvar": 2185706.5, "mean": 1389.10327148}, "barkbands": {"min": [2.07141246139e-24, 5.49216440141e-24, 2.07387883501e-25, 7.35897257361e-24, 1.17411493335e-23, 2.75157397423e-23, 1.25678944948e-23, 1.78524113789e-23, 5.26047981897e-23, 3.75369963864e-23, 1.97320349909e-23, 8.30242402607e-23, 3.65981635568e-23, 5.75963313447e-23, 8.41935277598e-23, 8.15052223234e-23, 8.90326088117e-23, 1.27089089037e-22, 1.73501221835e-22, 2.0833362123e-22, 3.01206001032e-22, 3.42293461559e-22, 4.50646321547e-22, 5.59126888649e-22, 9.23129221719e-22, 1.35307997306e-21, 2.17619102259e-21], "max": [0.0389529205859, 0.11749869585, 0.0772389471531, 0.0619310922921, 0.0654414594173, 0.0727274417877, 0.0699837505817, 0.0747265145183, 0.0495495125651, 0.0314521789551, 0.028571728617, 0.0296082645655, 0.035186804831, 0.0405677743256, 0.033049158752, 0.0277667716146, 0.00749083934352, 0.0120965857059, 0.00713546248153, 0.00418689055368, 0.00626994436607, 0.00444247201085, 0.0211539175361, 0.0205096378922, 0.00687979673967, 0.00408113794401, 0.00143604178447], "dvar2": [5.70174734094e-06, 0.000395425333409, 0.000118815500173, 4.62808129669e-05, 4.37127855548e-05, 1.16061073641e-05, 1.80294009624e-05, 1.7767006284e-05, 5.90260606259e-06, 4.65307675768e-06, 4.42050986749e-06, 2.42074020207e-06, 2.4927683171e-06, 4.89434387418e-06, 1.92820948541e-06, 9.11246161195e-07, 4.30583014577e-07, 2.72850229521e-07, 1.74927819785e-07, 1.16462864241e-07, 1.05659367478e-07, 1.34776271921e-07, 3.64665055486e-07, 5.57185273919e-07, 1.28731841187e-07, 6.45927613618e-08, 1.44365408516e-08], "median": [0.000185460521607, 0.00334623386152, 0.000268903764663, 0.000321718282066, 0.000981061020866, 0.000410474836826, 0.000285648158751, 0.000197467103135, 0.000165758799994, 0.000149216226419, 0.000139906318509, 0.000109891683678, 7.443872164e-05, 5.45018192497e-05, 6.2608080043e-05, 3.94119706471e-05, 3.53059440386e-05, 3.58152574336e-05, 3.16746736644e-05, 3.24424436258e-05, 2.63217298198e-05, 3.4145097743e-05, 3.0155721106e-05, 3.0619376048e-05, 1.8002687284e-05, 1.21304192362e-05, 2.63024480773e-06], "dmean2": [0.00121142307762, 0.0106391785666, 0.00411500409245, 0.00286404066719, 0.0034543920774, 0.00160257797688, 0.00163909734692, 0.00152603769675, 0.000918317062315, 0.000737479131203, 0.000834416248836, 0.000552290934138, 0.000477676570881, 0.000649110588711, 0.000481030525407, 0.000325810862705, 0.000265590031631, 0.000187294514035, 0.000164635988767, 0.000137492839713, 0.000136852017022, 0.000142925520777, 0.00019062391948, 0.000217725973926, 0.000145206518937, 0.000113735193736, 3.74963237846e-05], "dmean": [0.000732056738343, 0.00718904519454, 0.00231791520491, 0.00161379366182, 0.00208486826159, 0.00103945517913, 0.00104912708048, 0.00103107444011, 0.000595520250499, 0.00046639831271, 0.000522085116245, 0.000352294882759, 0.000311772397254, 0.000424791214755, 0.000303031061776, 0.0002175992704, 0.000173368651303, 0.00011755797459, 0.000109897329821, 9.15159616852e-05, 9.23598199734e-05, 0.00010121811647, 0.000134763322421, 0.000158744544024, 0.000103706224763, 7.9800542153e-05, 2.43638714892e-05], "var": [3.21589368468e-06, 0.000343392952345, 4.19836360379e-05, 1.64009834407e-05, 2.68419516942e-05, 1.19824426292e-05, 1.50239129653e-05, 1.88557678484e-05, 5.84231338507e-06, 5.95094115852e-06, 4.12440476794e-06, 2.22411495088e-06, 3.37536562256e-06, 1.14868080345e-05, 3.13892132908e-06, 1.33301887217e-06, 4.42284999735e-07, 1.52454660451e-07, 1.371009688e-07, 7.96210883891e-08, 6.77568863239e-08, 9.80605179279e-08, 4.33729098859e-07, 7.05503737208e-07, 1.1203796646e-07, 4.21562091901e-08, 4.35349400973e-09], "dvar": [2.12116970033e-06, 0.000163003831403, 4.17787377955e-05, 1.75922341441e-05, 1.74949400389e-05, 5.53728887098e-06, 7.94984407548e-06, 8.49883963383e-06, 2.66361121248e-06, 2.07895777748e-06, 1.929760856e-06, 1.05061712929e-06, 1.17863419291e-06, 2.09496465686e-06, 8.63928903527e-07, 4.37831999989e-07, 1.94821438981e-07, 1.04963007175e-07, 7.74184272245e-08, 5.14773539351e-08, 4.60951490311e-08, 6.22684837026e-08, 1.89605643186e-07, 3.23470942476e-07, 6.18523330331e-08, 2.9901062959e-08, 5.46518741373e-09], "mean": [0.000908039743081, 0.0125139551237, 0.00228641205467, 0.00154276087414, 0.00297515606508, 0.00166697311215, 0.00151386449579, 0.00153700821102, 0.0009241195512, 0.000790754857007, 0.000743876444176, 0.000540244102012, 0.000519465014804, 0.000927776913159, 0.000503764720634, 0.000366262247553, 0.000285270187305, 0.000183939628187, 0.000174947752384, 0.00013706588652, 0.000125088568893, 0.000142891905853, 0.00018640444614, 0.000207704782952, 0.000127819061163, 9.09463924472e-05, 2.41024790739e-05]}, "melbands_flatness_db": {"min": 0.00411752983928, "max": 1, "dvar2": 0.00356943462975, "median": 0.237170144916, "dmean2": 0.057494789362, "dmean": 0.0415937006474, "var": 0.018877716735, "dvar": 0.0020857185591, "mean": 0.26214620471}, "melbands_skewness": {"min": -4.81629705429, "max": 32.7972946167, "dvar2": 11.2469520569, "median": 2.89224863052, "dmean2": 2.22727131844, "dmean": 1.53378593922, "var": 18.4441680908, "dvar": 5.29683494568, "mean": 4.18811988831}, "barkbands_skewness": {"min": -8.19960975647, "max": 85.6726379395, "dvar2": 19.5614852905, "median": 2.03897309303, "dmean2": 2.16795706749, "dmean": 1.50733089447, "var": 29.5433921814, "dvar": 10.383026123, "mean": 3.38130307198}, "silence_rate_60dB": {"min": 0, "max": 1, "dvar2": 0.080810457468, "median": 0, "dmean2": 0.0760638788342, "dmean": 0.0380284301937, "var": 0.0853409469128, "dvar": 0.0365781523287, "mean": 0.0942316576838}, "spectral_energyband_low": {"min": 1.70207689691e-23, "max": 0.122577153146, "dvar2": 0.000485437747557, "median": 0.00556101277471, "dmean2": 0.0124546494335, "dmean": 0.00831454247236, "var": 0.000489059311803, "dvar": 0.000197949702851, "mean": 0.0162555500865}, "spectral_energyband_middle_low": {"min": 2.42303435935e-22, "max": 0.0993181988597, "dvar2": 0.000193842992303, "median": 0.00593324797228, "dmean2": 0.00872706342489, "dmean": 0.00554581498727, "var": 0.000167051883182, "dvar": 8.16624597064e-05, "mean": 0.0106204003096}, "melbands_kurtosis": {"min": -1.91084504128, "max": 1787.76000977, "dvar2": 23988.3652344, "median": 13.5270233154, "dmean2": 57.5823020935, "dmean": 38.7637939453, "var": 25276.4667969, "dvar": 11318.6181641, "mean": 64.0137329102}, "spectral_decrease": {"min": -3.62276644239e-08, "max": 9.23445087758e-12, "dvar2": 3.94681983178e-17, "median": -6.68511734858e-09, "dmean2": 4.62189220229e-09, "dmean": 3.08873793209e-09, "var": 4.32902128078e-17, "dvar": 1.62867362749e-17, "mean": -7.97134358521e-09}, "erbbands_kurtosis": {"min": -1.90766060352, "max": 548.158935547, "dvar2": 407.150695801, "median": 0.4783244133, "dmean2": 5.01480865479, "dmean": 3.28922843933, "var": 942.141967773, "dvar": 188.771896362, "mean": 5.34538984299}, "melbands_crest": {"min": 1.64455246925, "max": 38.7559738159, "dvar2": 30.5738677979, "median": 17.1399707794, "dmean2": 6.05017137527, "dmean": 3.90739560127, "var": 56.435382843, "dvar": 13.7246179581, "mean": 18.1183929443}, "gfcc": {"cov": [[15337.7177734, -1207.7479248, -2305.16162109, -727.623596191, -1207.8326416, -357.069763184, -959.13659668, -209.28729248, -377.182189941, 209.141815186, -285.047851562, 32.9517555237, -116.813430786], [-1207.7479248, 2379.40454102, -128.508712769, 23.6595726013, 141.216140747, -147.932220459, 189.382919312, -165.840118408, 56.0415649414, -111.014099121, 106.24533844, -149.862472534, 54.565574646], [-2305.16162109, -128.508712769, 1943.76245117, 521.90625, 387.385314941, 272.449798584, 165.602111816, 136.661453247, 34.2202301025, -1.89822256565, 29.6283340454, 57.1894569397, 24.5997695923], [-727.623596191, 23.6595726013, 521.90625, 696.875549316, 371.579315186, 211.428924561, 157.806030273, 100.490715027, 108.237998962, 8.48576068878, 43.0212593079, 43.2989425659, 56.8955383301], [-1207.8326416, 141.216140747, 387.385314941, 371.579315186, 753.336486816, 260.810119629, 278.435455322, 160.545089722, 132.655227661, 39.1416931152, 54.2080764771, 25.5868282318, 74.2996749878], [-357.069763184, -147.932220459, 272.449798584, 211.428924561, 260.810119629, 345.088989258, 182.972198486, 95.4211196899, 76.8589935303, 40.6550941467, 34.0571708679, 27.5696182251, 30.9804668427], [-959.13659668, 189.382919312, 165.602111816, 157.806030273, 278.435455322, 182.972198486, 349.379119873, 122.846244812, 115.646865845, 34.0519180298, 73.7765045166, 12.9152956009, 49.9843215942], [-209.28729248, -165.840118408, 136.661453247, 100.490715027, 160.545089722, 95.4211196899, 122.846244812, 203.624725342, 97.3975296021, 47.3517532349, 23.9267215729, 50.6599197388, 32.8022994995], [-377.182189941, 56.0415649414, 34.2202301025, 108.237998962, 132.655227661, 76.8589935303, 115.646865845, 97.3975296021, 193.396789551, 68.0432434082, 47.5312309265, 13.3890771866, 45.0773963928], [209.141815186, -111.014099121, -1.89822256565, 8.48576068878, 39.1416931152, 40.6550941467, 34.0519180298, 47.3517532349, 68.0432434082, 135.304473877, 49.8168792725, 18.6033840179, 13.6693096161], [-285.047851562, 106.24533844, 29.6283340454, 43.0212593079, 54.2080764771, 34.0571708679, 73.7765045166, 23.9267215729, 47.5312309265, 49.8168792725, 129.192276001, 39.7588195801, 21.6848106384], [32.9517555237, -149.862472534, 57.1894569397, 43.2989425659, 25.5868282318, 27.5696182251, 12.9152956009, 50.6599197388, 13.3890771866, 18.6033840179, 39.7588195801, 101.693878174, 34.5805931091], [-116.813430786, 54.565574646, 24.5997695923, 56.8955383301, 74.2996749878, 30.9804668427, 49.9843215942, 32.8022994995, 45.0773963928, 13.6693096161, 21.6848106384, 34.5805931091, 94.1550598145]], "icov": [[0.000115399241622, -1.87283731066e-05, 0.000137648457894, -6.8133653258e-05, 0.000109337488539, -0.000153575761942, 0.000254851940554, -0.000149849569425, 0.000244966824539, -0.000374846276827, 0.000228770251852, -9.66160514508e-05, -3.96683208237e-05], [-1.87283731066e-05, 0.000730435946025, -2.71865865216e-05, 7.08504558133e-06, -0.000198953872314, 0.000598060432822, -0.000547795789316, 0.00069378077751, -0.000371075671865, 0.000845542934258, -0.000983566627838, 0.00118541775737, -0.000588348077144], [0.000137648457894, -2.71865865216e-05, 0.000856555823702, -0.000505573872942, 4.27448794653e-05, -0.00043340420234, 0.000326083943946, -0.000443729135441, 0.000641853548586, -0.000399534997996, 0.000253831763985, -0.00022017234005, 0.00013171385217], [-6.8133653258e-05, 7.08504558133e-06, -0.000505573872942, 0.0024715331383, -0.000803322996944, -0.000506845186464, 9.46968866629e-05, 0.000342497136444, -0.00107567210216, 0.000922449515201, -0.000306889007334, -0.0004123847757, -0.000215731983189], [0.000109337488539, -0.000198953872314, 4.27448794653e-05, -0.000803322996944, 0.00267640664242, -0.000957349548116, -0.000579612853471, -0.00105097808409, 0.000371492322301, -0.000567972252611, 0.000425349950092, 0.000299908482702, -0.000701455865055], [-0.000153575761942, 0.000598060432822, -0.00043340420234, -0.000506845186464, -0.000957349548116, 0.0056403875351, -0.00257172528654, 0.000747561745811, -0.000538680003956, 3.21222978528e-05, -0.000201583403395, 0.000156613066792, 0.000128909669002], [0.000254851940554, -0.000547795789316, 0.000326083943946, 9.46968866629e-05, -0.000579612853471, -0.00257172528654, 0.00702601857483, -0.00289922021329, -0.000223341296078, 3.90677596442e-05, -0.0018393418286, 0.0013243125286, -0.000886580091901], [-0.000149849569425, 0.00069378077751, -0.000443729135441, 0.000342497136444, -0.00105097808409, 0.000747561745811, -0.00289922021329, 0.0101951574907, -0.00382829527371, -0.000215655192733, 0.0016388023505, -0.00383954402059, 0.000788492849097], [0.000244966824539, -0.000371075671865, 0.000641853548586, -0.00107567210216, 0.000371492322301, -0.000538680003956, -0.000223341296078, -0.00382829527371, 0.0103218359873, -0.00417876476422, -0.000464448239654, 0.00192972109653, -0.00259909546003], [-0.000374846276827, 0.000845542934258, -0.000399534997996, 0.000922449515201, -0.000567972252611, 3.21222978528e-05, 3.90677596442e-05, -0.000215655192733, -0.00417876476422, 0.0126663353294, -0.00536939548329, 0.00183338485658, -0.000191074490431], [0.000228770251852, -0.000983566627838, 0.000253831763985, -0.000306889007334, 0.000425349950092, -0.000201583403395, -0.0018393418286, 0.0016388023505, -0.000464448239654, -0.00536939548329, 0.0138827739283, -0.00706848874688, 0.00150975980796], [-9.66160514508e-05, 0.00118541775737, -0.00022017234005, -0.0004123847757, 0.000299908482702, 0.000156613066792, 0.0013243125286, -0.00383954402059, 0.00192972109653, 0.00183338485658, -0.00706848874688, 0.0178435724229, -0.00626928033307], [-3.96683208237e-05, -0.000588348077144, 0.00013171385217, -0.000215731983189, -0.000701455865055, 0.000128909669002, -0.000886580091901, 0.000788492849097, -0.00259909546003, -0.000191074490431, 0.00150975980796, -0.00626928033307, 0.0149424541742]], "mean": [-35.2561264038, 76.2724075317, -84.5921630859, 23.2251300812, -49.5377311707, 18.2998161316, -29.7160186768, 8.56429576874, -16.6358699799, 4.56238698959, -11.4480009079, 3.17567443848, -9.76497745514]}, "melbands_spread": {"min": 0.0967400595546, "max": 277.771362305, "dvar2": 746.068969727, "median": 11.6273021698, "dmean2": 13.1106920242, "dmean": 8.56395816803, "var": 721.243469238, "dvar": 340.030426025, "mean": 19.6844158173}, "spectral_energy": {"min": 1.03066518532e-20, "max": 0.139107823372, "dvar2": 0.000581528118346, "median": 0.0273692756891, "dmean2": 0.0181268043816, "dmean": 0.0121846320108, "var": 0.000658144475892, "dvar": 0.000241442932747, "mean": 0.0319476276636}, "mfcc": {"cov": [[13346.3154297, -228.156387329, -1633.67272949, -863.484741211, -746.497436523, -561.287780762, -745.951477051, -633.724853516, -413.7137146, -267.512359619, -286.514160156, -291.974761963, -61.802570343], [-228.156387329, 1731.18701172, -184.631469727, 74.7112960815, -102.746177673, -20.8118038177, 20.4725208282, -52.5652236938, -74.8087539673, -9.94236564636, -7.68199205399, -62.2905273438, -35.4052429199], [-1633.67272949, -184.631469727, 1313.8996582, 298.115692139, 273.899780273, 167.034576416, 135.817855835, 111.607437134, 47.680065155, 7.2502155304, 9.01683807373, 55.5135345459, 24.1100215912], [-863.484741211, 74.7112960815, 298.115692139, 533.602844238, 302.435028076, 169.14553833, 147.088058472, 129.510574341, 124.019821167, 56.040599823, 41.2957038879, 53.5442466736, 44.8125495911], [-746.497436523, -102.746177673, 273.899780273, 302.435028076, 484.270904541, 212.438201904, 180.509765625, 142.302581787, 155.791229248, 67.0039749146, 53.2715873718, 56.7858200073, 44.4564781189], [-561.287780762, -20.8118038177, 167.034576416, 169.14553833, 212.438201904, 310.261810303, 188.419555664, 122.375900269, 110.591148376, 88.714302063, 67.3961029053, 43.7983665466, 29.6676025391], [-745.951477051, 20.4725208282, 135.817855835, 147.088058472, 180.509765625, 188.419555664, 294.673522949, 156.178344727, 112.208000183, 65.0886077881, 81.8726806641, 48.25182724, 51.4708595276], [-633.724853516, -52.5652236938, 111.607437134, 129.510574341, 142.302581787, 122.375900269, 156.178344727, 220.515487671, 133.425170898, 59.5721969604, 54.9038963318, 54.9083213806, 47.4611854553], [-413.7137146, -74.8087539673, 47.680065155, 124.019821167, 155.791229248, 110.591148376, 112.208000183, 133.425170898, 220.260803223, 104.005241394, 55.0130271912, 40.0835876465, 57.0072441101], [-267.512359619, -9.94236564636, 7.2502155304, 56.040599823, 67.0039749146, 88.714302063, 65.0886077881, 59.5721969604, 104.005241394, 155.22706604, 87.1586761475, 31.6876392365, 27.6650390625], [-286.514160156, -7.68199205399, 9.01683807373, 41.2957038879, 53.2715873718, 67.3961029053, 81.8726806641, 54.9038963318, 55.0130271912, 87.1586761475, 142.287261963, 59.1784248352, 23.1673717499], [-291.974761963, -62.2905273438, 55.5135345459, 53.5442466736, 56.7858200073, 43.7983665466, 48.25182724, 54.9083213806, 40.0835876465, 31.6876392365, 59.1784248352, 107.904907227, 44.2060508728], [-61.802570343, -35.4052429199, 24.1100215912, 44.8125495911, 44.4564781189, 29.6676025391, 51.4708595276, 47.4611854553, 57.0072441101, 27.6650390625, 23.1673717499, 44.2060508728, 114.735176086]], "icov": [[0.000107918756839, 2.84616271529e-05, 0.000104577673483, 4.53909633507e-05, -4.13738143834e-06, -5.86273927183e-05, 0.000150972773554, 0.000128453160869, 2.17554152186e-05, 7.20806128811e-05, -2.36789037444e-06, 0.000166380676092, -0.000168706610566], [2.84616271529e-05, 0.000655932817608, 0.000136708826176, -0.000313301832648, 0.000226255360758, 9.43842405832e-06, -0.000236207502894, 0.000136111324537, 0.000281580170849, -0.000107085244963, -4.20888245571e-05, 0.000399515265599, 1.14178819786e-05], [0.000104577673483, 0.000136708826176, 0.00105806498323, -0.000332802388584, -0.000263698893832, -0.000235569852521, 3.82459656976e-05, -5.82639368076e-05, 0.000447915488621, 9.18982696021e-05, 0.000275961006992, -7.62265262892e-05, -9.48675296968e-05], [4.53909633507e-05, -0.000313301832648, -0.000332802388584, 0.00331746228039, -0.00153365975711, -0.000313041295158, 0.000135509631946, -0.000350086018443, -0.00037004891783, 3.58770048479e-05, 0.000231634796364, -0.000372009439161, -0.00026702095056], [-4.13738143834e-06, 0.000226255360758, -0.000263698893832, -0.00153365975711, 0.00440797070041, -0.00134183606133, -0.000650677247904, 0.000243373870035, -0.00163277273532, 0.00071659788955, 9.8396994872e-06, -0.000330668786773, 0.000316127960104], [-5.86273927183e-05, 9.43842405832e-06, -0.000235569852521, -0.000313041295158, -0.00134183606133, 0.00674750981852, -0.00300763756968, -0.000348075554939, 0.000278965482721, -0.00245081493631, 0.000602071115281, -0.000481459632283, 0.000927781045903], [0.000150972773554, -0.000236207502894, 3.82459656976e-05, 0.000135509631946, -0.000650677247904, -0.00300763756968, 0.00822603795677, -0.0031318210531, -6.66470295982e-05, 0.00164583139122, -0.00294390530325, 0.00155056884978, -0.00178416771814], [0.000128453160869, 0.000136111324537, -5.82639368076e-05, -0.000350086018443, 0.000243373870035, -0.000348075554939, -0.0031318210531, 0.0101452488452, -0.0042178677395, 0.00100480485708, 0.00015058691497, -0.00194476917386, 3.6455301597e-05], [2.17554152186e-05, 0.000281580170849, 0.000447915488621, -0.00037004891783, -0.00163277273532, 0.000278965482721, -6.66470295982e-05, -0.0042178677395, 0.0111711155623, -0.00573654193431, 0.00155204476323, 0.000710444233846, -0.00227019819431], [7.20806128811e-05, -0.000107085244963, 9.18982696021e-05, 3.58770048479e-05, 0.00071659788955, -0.00245081493631, 0.00164583139122, 0.00100480485708, -0.00573654193431, 0.0143833952025, -0.00752964662388, 0.00171412294731, -0.000583382148761], [-2.36789037444e-06, -4.20888245571e-05, 0.000275961006992, 0.000231634796364, 9.8396994872e-06, 0.000602071115281, -0.00294390530325, 0.00015058691497, 0.00155204476323, -0.00752964662388, 0.0146836442873, -0.00630813138559, 0.00144606980029], [0.000166380676092, 0.000399515265599, -7.62265262892e-05, -0.000372009439161, -0.000330668786773, -0.000481459632283, 0.00155056884978, -0.00194476917386, 0.000710444233846, 0.00171412294731, -0.00630813138559, 0.015461194329, -0.00471385521814], [-0.000168706610566, 1.14178819786e-05, -9.48675296968e-05, -0.00026702095056, 0.000316127960104, 0.000927781045903, -0.00178416771814, 3.6455301597e-05, -0.00227019819431, -0.000583382148761, 0.00144606980029, -0.00471385521814, 0.0119683491066]], "mean": [-688.899230957, 116.054779053, 20.9750595093, 16.5270862579, 6.98839473724, 10.2743549347, 2.25433087349, 6.96262264252, 0.668088376522, 4.90920209885, 1.72012543678, 2.33322644234, 1.42042386532]}, "spectral_contrast_valleys": {"min": [-27.7008361816, -27.3543205261, -27.5031070709, -27.4252681732, -27.4145240784, -27.3082885742], "max": [-5.08244419098, -4.33945178986, -5.026263237, -5.39505910873, -5.72636318207, -7.04358291626], "dvar2": [0.512174487114, 0.506107926369, 0.45250672102, 0.370990902185, 0.361761033535, 0.440668433905], "median": [-7.25333738327, -6.97345161438, -7.65287065506, -8.11687278748, -8.11998748779, -10.0286474228], "dmean2": [0.763770401478, 0.725265681744, 0.65864366293, 0.59496563673, 0.530631363392, 0.589537262917], "dmean": [0.480668276548, 0.471944153309, 0.448413014412, 0.417265623808, 0.40771394968, 0.510338842869], "var": [2.1269569397, 2.03325724602, 1.9432400465, 2.0793671608, 2.06217288971, 2.27879428864], "dvar": [0.257972657681, 0.243936032057, 0.235238432884, 0.211759850383, 0.218548625708, 0.276513427496], "mean": [-7.55737257004, -7.2015337944, -7.83528804779, -8.28021240234, -8.28247356415, -10.2553224564]}, "barkbands_flatness_db": {"min": 0.0125097837299, "max": 0.841472327709, "dvar2": 0.00265768286772, "median": 0.152860462666, "dmean2": 0.0495128855109, "dmean": 0.035672262311, "var": 0.0128176445141, "dvar": 0.00150899076834, "mean": 0.17786873877}, "dynamic_complexity": 4.29870080948, "erbbands_flatness_db": {"min": 0.0324927382171, "max": 0.507375478745, "dvar2": 0.00114396214485, "median": 0.137734174728, "dmean2": 0.0342063941061, "dmean": 0.0249095316976, "var": 0.00412234477699, "dvar": 0.000610034097917, "mean": 0.149520501494}, "hfc": {"min": 1.125125