{"lowlevel": {"spectral_complexity": {"min": 0, "max": 59, "dvar2": 72.688835144, "median": 17, "dmean2": 7.77043294907, "dmean": 5.52027511597, "var": 151.126068115, "dvar": 38.697303772, "mean": 18.7934379578}, "silence_rate_20dB": {"min": 1, "max": 1, "dvar2": 0, "median": 1, "dmean2": 0, "dmean": 0, "var": 0, "dvar": 0, "mean": 1}, "average_loudness": 0.953697860241, "erbbands_spread": {"min": 0.545809447765, "max": 160.524520874, "dvar2": 440.937866211, "median": 42.3294067383, "dmean2": 19.6002407074, "dmean": 12.8291196823, "var": 661.886901855, "dvar": 191.451309204, "mean": 46.4643859863}, "spectral_kurtosis": {"min": -1.21886396408, "max": 55.9697265625, "dvar2": 12.5191659927, "median": 2.41484880447, "dmean2": 2.20478653908, "dmean": 1.3565415144, "var": 21.7232303619, "dvar": 4.5949549675, "mean": 3.46496272087}, "barkbands_kurtosis": {"min": -1.95532763004, "max": 3191.0703125, "dvar2": 15923.1914062, "median": 0.971491098404, "dmean2": 18.7390270233, "dmean": 11.8164329529, "var": 15924.8300781, "dvar": 6050.98291016, "mean": 21.0401763916}, "spectral_strongpeak": {"min": 0, "max": 16.0505027771, "dvar2": 1.91053795815, "median": 0.435058832169, "dmean2": 0.844864368439, "dmean": 0.499883800745, "var": 0.997581124306, "dvar": 0.750826239586, "mean": 0.786434710026}, "spectral_spread": {"min": 935796.875, "max": 41137648, "dvar2": 1095156563970.0, "median": 5221799, "dmean2": 986565.25, "dmean": 692315.0625, "var": 3049274736640.0, "dvar": 606787141632, "mean": 5307065.5}, "spectral_rms": {"min": 6.85941827783e-08, "max": 0.0147447166964, "dvar2": 3.12667771141e-06, "median": 0.00479567050934, "dmean2": 0.00155885750428, "dmean": 0.00110131711699, "var": 4.58924023405e-06, "dvar": 1.50994117121e-06, "mean": 0.00483133178204}, "erbbands": {"min": [2.16299426287e-11, 1.08232429963e-10, 3.08336634003e-10, 5.90742232909e-10, 8.97944996137e-10, 1.1941987399e-09, 1.47553480545e-09, 1.77126091572e-09, 2.48365972233e-09, 4.08603106905e-09, 4.65735716659e-09, 2.53233611858e-09, 3.13561554499e-09, 3.6157186134e-09, 2.7798567892e-09, 4.88995821613e-09, 1.29743575883e-08, 1.20318350838e-08, 1.0574254361e-08, 1.3168439672e-08, 4.05688282967e-09, 4.51417569991e-09, 1.02259338775e-08, 1.32473516601e-08, 4.90464246994e-09, 2.65261124177e-09, 7.06213576507e-09, 2.85446999371e-09, 1.92778681907e-09, 1.24938881463e-09, 3.52342405252e-10, 6.36084684924e-10, 8.67600269405e-10, 1.02783048739e-09, 4.11320255633e-10, 2.02763014712e-10, 1.56416879449e-10, 7.45863024121e-11, 1.48352025109e-11, 2.75093641443e-12], "max": [5.12976503372, 41.9940643311, 83.5118026733, 94.2325744629, 253.909088135, 470.418609619, 350.455535889, 695.769470215, 775.156311035, 940.303771973, 823.001098633, 1348.26757812, 1587.39697266, 813.926940918, 891.16619873, 1277.65161133, 948.76940918, 1283.72290039, 1441.58898926, 740.85736084, 678.010253906, 1508.62792969, 1339.01538086, 944.81628418, 1133.30065918, 616.320983887, 312.05657959, 523.572021484, 285.57409668, 279.130981445, 269.169403076, 157.510910034, 137.658187866, 49.8106613159, 32.2767906189, 10.7497625351, 3.0024368763, 0.954816401005, 0.0999546870589, 0.00284808152355], "dvar2": [0.463032394648, 25.7238368988, 112.369842529, 79.6545639038, 746.82434082, 868.638122559, 736.454162598, 1915.03564453, 2377.22607422, 2684.41015625, 3872.48144531, 6280.93457031, 4785.38330078, 3026.98803711, 3825.20043945, 6441.98974609, 4609.22167969, 5692.59814453, 7029.67333984, 3152.54443359, 2694.90429688, 2518.43945312, 2986.21264648, 3558.95458984, 2806.75537109, 1091.5168457, 1024.99645996, 1269.0291748, 2314.38867188, 3451.80029297, 1037.61962891, 374.62677002, 142.759918213, 23.31665802, 4.28533792496, 0.798015475273, 0.0583615787327, 0.00450003612787, 6.56540287309e-05, 5.39011537626e-08], "median": [0.0589198693633, 0.454141914845, 1.13971734047, 2.37956285477, 3.46203804016, 3.68246889114, 3.19959974289, 2.85001707077, 3.31879925728, 3.85617017746, 4.68052244186, 4.48286437988, 6.00281906128, 5.41483640671, 6.15218162537, 5.42787981033, 6.23923301697, 11.3995361328, 9.50260639191, 9.20878982544, 10.7672767639, 8.64632415771, 9.02625846863, 13.9138221741, 14.0105628967, 8.73444366455, 8.54038047791, 8.54128265381, 6.4327917099, 4.47394752502, 2.95364642143, 2.67125082016, 1.75018262863, 0.684372186661, 0.2681863904, 0.0905153378844, 0.0238518081605, 0.00445784069598, 0.000440264353529, 5.34179562237e-05], "dmean2": [0.32642647624, 2.10700321198, 4.8564991951, 5.21058177948, 12.7986955643, 14.8206262589, 13.4732942581, 15.5529756546, 18.6202850342, 23.079536438, 26.7468509674, 31.034450531, 28.4879455566, 24.0218410492, 23.3881130219, 29.3434352875, 29.2867145538, 33.4891586304, 34.5713729858, 26.928024292, 26.7317409515, 21.5390586853, 22.8879680634, 28.9220924377, 25.4116802216, 18.0116977692, 18.581155777, 21.0076942444, 24.0396213531, 25.7262115479, 15.5275945663, 10.1656856537, 6.36717939377, 2.62282681465, 1.0074659586, 0.383803635836, 0.108572088182, 0.0266988780349, 0.00334849022329, 0.000108834487037], "dmean": [0.207324281335, 1.27278745174, 2.80757808685, 3.12224674225, 8.13325405121, 9.06925678253, 8.41168880463, 9.6941652298, 11.6387786865, 14.7488040924, 16.8963871002, 19.7379379272, 18.7323493958, 15.6734704971, 15.0542106628, 18.5208568573, 18.7268867493, 21.2116279602, 22.1846027374, 17.4278659821, 17.0530872345, 13.7041358948, 14.7696437836, 18.5116558075, 16.1395072937, 11.2950801849, 11.5423898697, 12.9064970016, 14.1140117645, 14.7144136429, 9.20941543579, 6.1635260582, 3.90272164345, 1.7199909687, 0.698194861412, 0.266749382019, 0.0750721022487, 0.0184117425233, 0.0022692498751, 7.86639429862e-05], "var": [0.258943200111, 9.36543083191, 36.0811195374, 34.0437774658, 412.159332275, 376.762786865, 488.967407227, 865.328918457, 1218.46154785, 1526.26123047, 2162.53930664, 3495.34814453, 3525.63989258, 2275.04174805, 2752.00585938, 3824.89404297, 2743.5090332, 3474.91552734, 3956.84912109, 2252.73681641, 1878.55529785, 1540.7467041, 1764.50842285, 2303.57177734, 2227.27490234, 725.701538086, 595.681152344, 706.842102051, 774.724914551, 926.303283691, 418.036102295, 186.430511475, 70.3208770752, 16.8036422729, 3.33683872223, 0.532850503922, 0.0428978577256, 0.00278510781936, 3.98784723075e-05, 4.80805866232e-08], "dvar": [0.202975168824, 9.82232284546, 40.4779815674, 29.4435176849, 326.221862793, 341.751861572, 304.435302734, 786.499511719, 1027.67126465, 1118.51281738, 1605.65893555, 2570.92871094, 2104.30664062, 1324.33825684, 1584.7487793, 2551.05957031, 1902.55847168, 2375.4375, 2830.75683594, 1353.91479492, 1148.12646484, 1068.72814941, 1228.36035156, 1478.68859863, 1231.99536133, 462.760528564, 414.623168945, 508.662506104, 848.797790527, 1229.33154297, 385.324554443, 142.041152954, 54.8670349121, 10.0308437347, 1.9841157198, 0.365869373083, 0.0269339457154, 0.00199509784579, 2.84865418507e-05, 2.52651464194e-08], "mean": [0.273863434792, 1.58166134357, 3.35852074623, 4.2190079689, 9.97806167603, 10.9955968857, 11.0964365005, 11.5602340698, 13.6228494644, 18.0907230377, 21.405040741, 25.1100578308, 26.2368392944, 22.394033432, 21.2144355774, 24.8620681763, 24.9416332245, 30.0169582367, 31.6608371735, 25.6999092102, 25.3690910339, 20.4783039093, 22.634103775, 29.442565918, 27.4640846252, 17.6255493164, 17.1182632446, 17.8187026978, 16.9685173035, 15.6484012604, 11.4738512039, 8.32387924194, 5.28224134445, 2.55552363396, 1.01925706863, 0.367300033569, 0.107852734625, 0.0249585453421, 0.00287629035302, 0.000133186986204]}, "zerocrossingrate": {"min": 0.0029296875, "max": 0.47021484375, "dvar2": 0.000415595655795, "median": 0.0732421875, "dmean2": 0.018744116649, "dmean": 0.0166503563523, "var": 0.0026648323983, "dvar": 0.000367954198737, "mean": 0.0826166123152}, "spectral_contrast_coeffs": {"min": [-0.980687379837, -0.970183193684, -0.962131500244, -0.968192577362, -0.962269067764, -0.959051251411], "max": [-0.221540778875, -0.283275812864, -0.419198364019, -0.496784001589, -0.541101336479, -0.567754864693], "dvar2": [0.0060884328559, 0.00640377216041, 0.00352397211827, 0.00233560986817, 0.00128194573335, 0.00104903045576], "median": [-0.657674849033, -0.72728061676, -0.782714962959, -0.778921723366, -0.783656895161, -0.755648612976], "dmean2": [0.0943080335855, 0.0969375371933, 0.0732955560088, 0.059317715466, 0.0427192077041, 0.0360699817538], "dmean": [0.0600816942751, 0.0613729730248, 0.0473716594279, 0.0379290506244, 0.0272182244807, 0.0231339577585], "var": [0.0155198322609, 0.0110014881939, 0.00666218111292, 0.00383579614572, 0.00208811135963, 0.00202052318491], "dvar": [0.00269100978039, 0.00281276437454, 0.00159242423251, 0.0010387605289, 0.000569811032619, 0.000449884304544], "mean": [-0.631727457047, -0.711481690407, -0.768175423145, -0.7725507617, -0.778019726276, -0.755414903164]}, "dissonance": {"min": 0.196270734072, "max": 0.5, "dvar2": 0.00103954586666, "median": 0.477369070053, "dmean2": 0.028852019459, "dmean": 0.0178147312254, "var": 0.00150502205361, "dvar": 0.000427359715104, "mean": 0.464743256569}, "spectral_energyband_high": {"min": 5.59763932255e-13, "max": 0.0261121001095, "dvar2": 1.94999265659e-05, "median": 0.00095064175548, "dmean2": 0.00229786126874, "dmean": 0.00143719161861, "var": 8.94263212103e-06, "dvar": 7.42911970519e-06, "mean": 0.00214724312536}, "spectral_skewness": {"min": -0.123415216804, "max": 5.91532468796, "dvar2": 0.155713364482, "median": 1.16105389595, "dmean2": 0.366396546364, "dmean": 0.232400417328, "var": 0.419417619705, "dvar": 0.0611365251243, "mean": 1.25136768818}, "spectral_flux": {"min": 4.10204120271e-05, "max": 0.404713839293, "dvar2": 0.00264825276099, "median": 0.0953094065189, "dmean2": 0.0484997704625, "dmean": 0.032211445272, "var": 0.00321960425936, "dvar": 0.00128028891049, "mean": 0.102647691965}, "silence_rate_30dB": {"min": 0, "max": 1, "dvar2": 0.0322173461318, "median": 1, "dmean2": 0.0243788100779, "dmean": 0.012188452296, "var": 0.00790453702211, "dvar": 0.0120398951694, "mean": 0.992031276226}, "spectral_energyband_middle_high": {"min": 1.64050066934e-12, "max": 0.0537088625133, "dvar2": 2.17367232835e-05, "median": 0.00367930345237, "dmean2": 0.00349653605372, "dmean": 0.00241033127531, "var": 3.51184935425e-05, "dvar": 1.05030167106e-05, "mean": 0.00554932001978}, "barkbands_spread": {"min": 0.0587214194238, "max": 128.299530029, "dvar2": 374.289703369, "median": 28.348739624, "dmean2": 16.3572158813, "dmean": 10.259932518, "var": 397.235473633, "dvar": 149.556503296, "mean": 31.1528148651}, "spectral_centroid": {"min": 158.437347412, "max": 10210.5185547, "dvar2": 466290.84375, "median": 1792.95703125, "dmean2": 625.292907715, "dmean": 404.700744629, "var": 785253.1875, "dvar": 209631.84375, "mean": 1837.92980957}, "pitch_salience": {"min": 0.0124603118747, "max": 0.912781536579, "dvar2": 0.0176739487797, "median": 0.53723359108, "dmean2": 0.144637942314, "dmean": 0.0899106934667, "var": 0.022687761113, "dvar": 0.00713625922799, "mean": 0.520106434822}, "erbbands_skewness": {"min": -4.66341590881, "max": 13.3607406616, "dvar2": 0.690810680389, "median": -0.0508823692799, "dmean2": 0.774046719074, "dmean": 0.515470027924, "var": 2.83128380775, "dvar": 0.304433166981, "mean": 0.207879960537}, "erbbands_crest": {"min": 1.99471831322, "max": 32.3125038147, "dvar2": 19.8221912384, "median": 7.69681787491, "dmean2": 4.7962884903, "dmean": 2.95121264458, "var": 30.9282684326, "dvar": 7.95564126968, "mean": 9.31703948975}, "melbands": {"min": [1.93339010708e-13, 1.57928913545e-13, 1.1166592553e-13, 7.58518681893e-14, 5.28296583726e-14, 3.99743985743e-14, 3.92911106482e-14, 4.65432576648e-14, 3.60716942698e-14, 1.42295317917e-14, 1.59670826636e-14, 1.54354119411e-14, 7.82185798878e-15, 1.21615847072e-14, 1.64359018474e-14, 3.45671435269e-14, 1.96853878955e-14, 1.54827593888e-14, 1.84146910909e-14, 1.41830449295e-14, 3.02167378406e-15, 3.27588150054e-15, 7.94764153442e-15, 1.25821797642e-14, 1.07455573777e-14, 5.07139123718e-15, 1.73349517232e-15, 1.54763359144e-15, 5.10058973343e-15, 2.11925652876e-15, 1.63396488349e-15, 1.11006092369e-15, 8.63779794473e-16, 5.80275802384e-16, 9.32909647309e-17, 3.58555902246e-16, 3.70443268507e-16, 4.46933705306e-16, 9.0883077702e-16, 8.76547016208e-16], "max": [0.0440269038081, 0.0402194745839, 0.0137828281149, 0.022952536121, 0.0108784371987, 0.015228365548, 0.0106045091525, 0.00892443396151, 0.00855042226613, 0.00977791473269, 0.00787220615894, 0.00342432013713, 0.00356947025284, 0.00353001966141, 0.00399305624887, 0.00189359823707, 0.00227038469166, 0.00286914501339, 0.0012523944024, 0.00146450439934, 0.000887817237526, 0.00154470501002, 0.00125205132645, 0.000694305752404, 0.000941829232033, 0.000973947288003, 0.000991767621599, 0.000436476897448, 0.00029871109291, 0.000255058635958, 0.000316423655022, 0.000193316911464, 0.00024481449509, 0.000167891557794, 0.000173454143805, 0.000125128950458, 0.000103315083834, 0.000107240950456, 6.88435247866e-05, 3.73298425984e-05], "dvar2": [3.28744936269e-05, 3.24845532305e-05, 2.86571207653e-06, 4.814553904e-06, 8.13740825834e-07, 8.43793316108e-07, 4.85795965233e-07, 3.03654104528e-07, 3.01774150557e-07, 2.63146716861e-07, 1.24419571534e-07, 5.79264920475e-08, 4.03843820607e-08, 4.20760848385e-08, 4.37502976069e-08, 2.33609629419e-08, 2.5135133086e-08, 2.63551509505e-08, 1.08217479422e-08, 7.29222415785e-09, 4.34237401592e-09, 3.53240436901e-09, 3.25566107406e-09, 2.39605713048e-09, 3.15403969608e-09, 2.13459783183e-09, 1.66426961101e-09, 5.01006180986e-10, 4.65357530288e-10, 3.75653119722e-10, 6.03054550741e-10, 5.6808757698e-10, 1.55912416311e-09, 1.00292674166e-09, 4.99239372065e-10, 1.43106984596e-10, 1.48915921261e-10, 8.36665389747e-11, 3.53845494572e-11, 1.39743312408e-11], "median": [0.000633042945992, 0.00071804667823, 0.000505004543811, 0.00028807183844, 0.000128073414089, 6.4597799792e-05, 4.83351614093e-05, 4.03373851441e-05, 3.21747465932e-05, 2.37611202465e-05, 2.66635252046e-05, 1.91860399354e-05, 1.68152528204e-05, 1.50972500705e-05, 1.06818743006e-05, 1.1674527741e-05, 2.01662187465e-05, 1.38464183692e-05, 1.0913805454e-05, 1.04193150037e-05, 1.19007763715e-05, 8.40587563289e-06, 7.01063800079e-06, 7.24570963939e-06, 1.09202574095e-05, 9.87861130852e-06, 8.66310074343e-06, 4.54482687928e-06, 4.79342998005e-06, 5.16936688655e-06, 4.59164039057e-06, 3.61603792953e-06, 2.81818120129e-06, 2.26452516472e-06, 1.6692747522e-06, 1.51139965965e-06, 1.61118737196e-06, 1.25879410007e-06, 7.98463133833e-07, 4.86648218612e-07], "dmean2": [0.00266518979333, 0.00253313197754, 0.00105519336648, 0.00104633718729, 0.000482988340082, 0.000343523162883, 0.000285760208499, 0.000252899044426, 0.000227500480833, 0.000197148096049, 0.000147022670717, 0.000104633509181, 7.86121163401e-05, 8.02170834504e-05, 7.41261465009e-05, 6.8081295467e-05, 6.86501225573e-05, 6.38321507722e-05, 4.71564635518e-05, 3.70284178643e-05, 3.32564814016e-05, 2.52337977145e-05, 2.16337739403e-05, 2.18474961002e-05, 2.60080378212e-05, 2.15413583646e-05, 1.76685480255e-05, 1.20556032925e-05, 1.20837494251e-05, 1.1362101759e-05, 1.38430286825e-05, 1.26432196339e-05, 1.67721227626e-05, 1.39578824019e-05, 1.04071759779e-05, 6.26281416771e-06, 6.27907502349e-06, 4.85627106173e-06, 3.37185929311e-06, 1.9687367967e-06], "dmean": [0.00170204823371, 0.00149550859351, 0.000649133347906, 0.000656546209939, 0.000299979903502, 0.000214546613279, 0.000179318420123, 0.00016134265752, 0.000143908677273, 0.000125644874061, 9.64497303357e-05, 6.81683741277e-05, 5.02438560943e-05, 5.09433775733e-05, 4.63299838884e-05, 4.30572981713e-05, 4.29250394518e-05, 4.01691904699e-05, 3.0164639611e-05, 2.34221661231e-05, 2.09257686947e-05, 1.57627746376e-05, 1.36798516905e-05, 1.40095899042e-05, 1.64539287653e-05, 1.36339467645e-05, 1.09935208457e-05, 7.45290390114e-06, 7.37599430067e-06, 7.15443002264e-06, 8.29958662507e-06, 7.48723914512e-06, 9.48117394728e-06, 7.99797908257e-06, 6.06032062933e-06, 3.82541566069e-06, 3.77495530302e-06, 2.92597223961e-06, 2.12552822632e-06, 1.28717852022e-06], "var": [1.69207269209e-05, 1.08771891973e-05, 1.48558331148e-06, 2.30364662457e-06, 4.97203359373e-07, 3.96770474254e-07, 2.62587178668e-07, 1.76751512981e-07, 1.6115340884e-07, 1.45713443089e-07, 9.22542682247e-08, 4.37081375537e-08, 2.48636506939e-08, 2.92901720655e-08, 2.25807390564e-08, 1.409390471e-08, 1.41100509055e-08, 1.30229871331e-08, 7.10565339901e-09, 4.08825417963e-09, 2.68304600759e-09, 1.9136294771e-09, 1.58882684786e-09, 1.52210088977e-09, 1.83694548461e-09, 1.40246425584e-09, 1.25549159957e-09, 2.95022312136e-10, 2.47216302984e-10, 2.54850085479e-10, 2.72210448626e-10, 2.196422072e-10, 3.84798720665e-10, 2.77611045263e-10, 1.78409911844e-10, 8.3324076805e-11, 6.53524456773e-11, 3.76501503585e-11, 2.3948107386e-11, 9.48521469701e-12], "dvar": [1.4027733414e-05, 1.19437227113e-05, 1.13258840884e-06, 1.98592510969e-06, 3.31792023189e-07, 3.49168118419e-07, 2.12205989669e-07, 1.25720774236e-07, 1.2268270666e-07, 1.07546519246e-07, 5.48861400773e-08, 2.538189392e-08, 1.64022342375e-08, 1.77204064755e-08, 1.7013682907e-08, 9.84045112062e-09, 1.0340770018e-08, 1.04597512873e-08, 4.5695114359e-09, 2.97822944084e-09, 1.801324645e-09, 1.46080425534e-09, 1.30013433353e-09, 1.01503194738e-09, 1.28668620203e-09, 9.10849839997e-10, 7.1288763781e-10, 2.08104269928e-10, 1.84971440942e-10, 1.58216995061e-10, 2.34158248347e-10, 2.13705192431e-10, 5.50733347815e-10, 3.58217788765e-10, 1.82968501461e-10, 5.61166529911e-11, 5.5570485713e-11, 3.18120946252e-11, 1.46459806089e-11, 5.99080290584e-12], "mean": [0.00230021844618, 0.00189735810272, 0.000902459258214, 0.000812152691651, 0.000397686148062, 0.000261833309196, 0.000211380160181, 0.000199500515009, 0.000177345311386, 0.000157314934768, 0.000132005749037, 9.40500831348e-05, 6.62286402076e-05, 6.75794726703e-05, 5.87791619182e-05, 5.40252622159e-05, 5.66592534597e-05, 5.2737610531e-05, 4.00173994421e-05, 3.14669305226e-05, 2.91710111924e-05, 2.16263815673e-05, 1.92571133084e-05, 2.0156689061e-05, 2.45023911702e-05, 2.15352320083e-05, 1.68867936736e-05, 1.05169565359e-05, 1.03517986645e-05, 1.05282770164e-05, 1.03573893284e-05, 9.27511882765e-06, 9.54741062742e-06, 8.44355145091e-06, 7.08304514774e-06, 5.24122560819e-06, 4.91563741889e-06, 3.7576592149e-06, 3.03649949274e-06, 1.85216197224e-06]}, "spectral_entropy": {"min": 3.39542150497, "max": 9.78323841095, "dvar2": 0.0999761894345, "median": 7.87843704224, "dmean2": 0.291401207447, "dmean": 0.198159530759, "var": 0.566449761391, "dvar": 0.0474749878049, "mean": 7.71920537949}, "spectral_rolloff": {"min": 43.06640625, "max": 15202.4414062, "dvar2": 5447294, "median": 1614.99023438, "dmean2": 1759.64929199, "dmean": 1050.58740234, "var": 4809163, "dvar": 2324322.75, "mean": 2289.16772461}, "barkbands": {"min": [4.18192498859e-13, 5.57074622976e-13, 2.87479621271e-13, 2.18524715467e-13, 3.46970336577e-13, 2.08508123961e-13, 2.05368816571e-13, 2.23611331274e-13, 1.08667903235e-13, 1.28147872088e-13, 5.34944809803e-14, 1.08971344318e-13, 3.10579063552e-13, 1.80015290868e-13, 2.40973284079e-13, 1.2870394583e-13, 8.06254206193e-14, 2.49603018376e-13, 1.47620522577e-13, 6.65656088193e-14, 1.2156858094e-13, 5.28660502961e-14, 1.70017215503e-14, 4.22306131308e-14, 7.47105150098e-14, 6.79146205961e-14, 1.55693342875e-13], "max": [0.0129385441542, 0.171403974295, 0.0754660144448, 0.0265355855227, 0.107608743012, 0.0652601420879, 0.0453035272658, 0.0399320237339, 0.0568149909377, 0.0377298034728, 0.0313885658979, 0.0313092507422, 0.0174475908279, 0.023544896394, 0.0230506174266, 0.015361957252, 0.022105909884, 0.0212673190981, 0.0207242816687, 0.0159361958504, 0.00996724236757, 0.00843521859497, 0.00896739214659, 0.00604006974027, 0.00415472779423, 0.00193057954311, 0.000656573160086], "dvar2": [9.54549250309e-07, 0.000445036683232, 7.80184636824e-05, 9.63117690844e-06, 7.47311569285e-05, 1.87079567695e-05, 1.05494491436e-05, 7.40812038202e-06, 1.12896404971e-05, 4.79461778014e-06, 2.21896266339e-06, 3.77001970264e-06, 2.47014622801e-06, 2.92655431622e-06, 1.91082108358e-06, 1.14556951303e-06, 8.47198805332e-07, 1.01777982309e-06, 1.24880784824e-06, 6.58944486531e-07, 6.40479640879e-07, 2.341444997e-06, 1.54942767949e-06, 6.21444087301e-07, 1.07749720257e-07, 2.48293012817e-08, 2.2808706035e-09], "median": [6.42028826405e-05, 0.00242412742227, 0.000841003784444, 0.000657977070659, 0.00128908432089, 0.000352374161594, 0.000194279622519, 0.000169881473994, 0.000163067044923, 0.000153841770953, 0.000110344219138, 0.000119024247397, 0.000111889268737, 0.000205622316571, 0.000147232713061, 0.000158908616868, 0.000145636615343, 0.000163924269145, 0.000287167495117, 0.000195690547116, 0.000221579801291, 0.000172603846295, 0.00010990055307, 0.000120410521049, 4.87850556965e-05, 1.52398315549e-05, 2.51054962064e-06], "dmean2": [0.000500799855217, 0.00946416892111, 0.00417428370565, 0.00192868581507, 0.00435166666284, 0.00180609908421, 0.00143214373384, 0.00121956586372, 0.00138486654032, 0.000943264691159, 0.000594091310631, 0.00073377933586, 0.00068498076871, 0.000771880557295, 0.000625010812655, 0.000515585299581, 0.000418140931288, 0.000449269253295, 0.00056248169858, 0.000417484581703, 0.000493288214784, 0.000720434763934, 0.000590204785112, 0.000422768149292, 0.000175662164111, 6.81442470523e-05, 1.89606616914e-05], "dmean": [0.000338131969329, 0.00595704326406, 0.00242083938792, 0.00116999913007, 0.0027562926989, 0.00113294797484, 0.000900072976947, 0.000764514261391, 0.000882150663529, 0.000605734006967, 0.000374539580662, 0.000461467599962, 0.000432986678788, 0.000482599105453, 0.000399712473154, 0.000327690329868, 0.000263258523773, 0.000287894770736, 0.000360077276127, 0.000260465138126, 0.000305864959955, 0.000417611183366, 0.000348250323441, 0.000258561893133, 0.000119589298265, 4.76314380649e-05, 1.28969440993e-05], "var": [1.39117651088e-06, 0.00020185757603, 2.65855614998e-05, 4.81695042254e-06, 3.9020251279e-05, 9.71554345597e-06, 5.88849707128e-06, 4.07347988585e-06, 6.67113090458e-06, 3.534310963e-06, 1.26089435071e-06, 2.27774467021e-06, 1.39707810831e-06, 1.69717031895e-06, 1.20082063404e-06, 7.23087623555e-07, 4.86540386646e-07, 6.18091632987e-07, 9.04793751033e-07, 4.49593727581e-07, 4.10542497775e-07, 6.928129892e-07, 5.63462151604e-07, 3.11013366172e-07, 8.97066030348e-08, 1.72883840577e-08, 1.31908395318e-09], "dvar": [4.48487753602e-07, 0.000182355492143, 2.81430366158e-05, 3.68452401744e-06, 3.14027201966e-05, 7.79029869591e-06, 4.58546310256e-06, 3.03111733047e-06, 4.65451648779e-06, 2.08149754144e-06, 8.99210817806e-07, 1.51536232806e-06, 1.01082946458e-06, 1.21512778151e-06, 7.88579768596e-07, 4.76512582281e-07, 3.53112170615e-07, 4.23081104373e-07, 5.40674136573e-07, 2.76999571724e-07, 2.64784517867e-07, 8.46401576382e-07, 5.68618361285e-07, 2.3627789858e-07, 4.95757319641e-08, 1.1451597004e-08, 9.84976211704e-10], "mean": [0.000569095136598, 0.00787095073611, 0.00284647429362, 0.00146715564188, 0.00357303861529, 0.00142431573477, 0.00104046147317, 0.000913363241125, 0.00111475610174, 0.000835387210827, 0.000473083171528, 0.000597933132667, 0.000536021194421, 0.000634340627585, 0.000537305371836, 0.000451513595181, 0.000365421059541, 0.000424394471338, 0.000593425880652, 0.000400086748414, 0.000443903089035, 0.000476158893434, 0.000418850366259, 0.000356627540896, 0.000181552473805, 6.70637309668e-05, 1.63397780852e-05]}, "melbands_flatness_db": {"min": 0.0155586348847, "max": 0.622290432453, "dvar2": 0.00288981641643, "median": 0.173719137907, "dmean2": 0.0539661422372, "dmean": 0.0354921445251, "var": 0.00914414972067, "dvar": 0.00129650742747, "mean": 0.191784739494}, "melbands_skewness": {"min": -2.77428126335, "max": 30.9502925873, "dvar2": 4.5499663353, "median": 2.72638773918, "dmean2": 1.79924976826, "dmean": 1.19442224503, "var": 7.36692667007, "dvar": 2.0208029747, "mean": 3.36229085922}, "barkbands_skewness": {"min": -5.44365978241, "max": 49.6033782959, "dvar2": 4.99358558655, "median": 1.2687997818, "dmean2": 1.35944092274, "dmean": 0.89752548933, "var": 13.0133399963, "dvar": 2.0756046772, "mean": 1.97051143646}, "silence_rate_60dB": {"min": 0, "max": 1, "dvar2": 0.0747163519263, "median": 0, "dmean2": 0.0671980008483, "dmean": 0.0335963740945, "var": 0.0642847046256, "dvar": 0.0324679277837, "mean": 0.0690625011921}, "spectral_energyband_low": {"min": 1.16936224159e-12, "max": 0.194462820888, "dvar2": 0.000631728209555, "median": 0.00612034276128, "dmean2": 0.0124283554032, "dmean": 0.00791103579104, "var": 0.000320496008499, "dvar": 0.000261158100329, "mean": 0.0119505617768}, "spectral_energyband_middle_low": {"min": 1.34314347838e-12, "max": 0.118770197034, "dvar2": 0.000146107398905, "median": 0.00722776073962, "dmean2": 0.00808759499341, "dmean": 0.00527172489092, "var": 0.000100820463558, "dvar": 6.38958954369e-05, "mean": 0.00977914687246}, "melbands_kurtosis": {"min": -1.85616016388, "max": 1247.1229248, "dvar2": 3242.95703125, "median": 9.04057979584, "dmean2": 24.0017757416, "dmean": 15.2721939087, "var": 3509.58618164, "dvar": 1333.4720459, "mean": 27.813539505}, "spectral_decrease": {"min": -5.79284531455e-08, "max": -1.02965447077e-18, "dvar2": 5.21022241216e-17, "median": -5.60496715707e-09, "dmean2": 4.84181361671e-09, "dmean": 3.24772075899e-09, "var": 3.61325230145e-17, "dvar": 2.25451980244e-17, "mean": -6.87960888257e-09}, "erbbands_kurtosis": {"min": -1.91080141068, "max": 341.535308838, "dvar2": 110.566337585, "median": -0.216155409813, "dmean2": 3.27025985718, "dmean": 2.10908293724, "var": 270.891479492, "dvar": 47.6892433167, "mean": 3.11434412003}, "melbands_crest": {"min": 2.61235260963, "max": 38.2285346985, "dvar2": 35.2253227234, "median": 15.2936859131, "dmean2": 6.80348920822, "dmean": 4.27606105804, "var": 45.920249939, "dvar": 14.3289546967, "mean": 16.3055706024}, "gfcc": {"cov": [[10848.3779297, -1017.77105713, 39.2572212219, 233.081161499, -113.857658386, 1215.19665527, 549.337036133, 749.213012695, 524.520019531, 344.987823486, -470.817993164, 102.234596252, -297.969299316], [-1017.77105713, 1621.11755371, -103.025001526, -231.714004517, 76.9819793701, -330.573455811, -27.4746017456, -114.290634155, -22.7495918274, -101.827339172, 84.7570037842, -133.42401123, 18.6198101044], [39.2572212219, -103.025001526, 1428.70617676, 427.077850342, 212.244934082, 243.203552246, -36.0922584534, -26.2297496796, -49.4739570618, 2.79474616051, -46.1510162354, 63.4627571106, -17.9467201233], [233.081161499, -231.714004517, 427.077850342, 632.396057129, 208.210861206, 184.664794922, -1.94977915287, 13.971121788, 56.3490791321, 5.60227966309, -47.1804046631, -2.02185940742, -30.6611633301], [-113.857658386, 76.9819793701, 212.244934082, 208.210861206, 518.216186523, 176.312774658, 76.4331817627, 58.4204521179, 35.6843147278, 36.3784484863, 11.4649152756, 19.8681755066, -7.15176343918], [1215.19665527, -330.573455811, 243.203552246, 184.664794922, 176.312774658, 514.217712402, 241.027496338, 176.513244629, 97.1792755127, 71.2913742065, -58.6326522827, 50.0584564209, -53.9388885498], [549.337036133, -27.4746017456, -36.0922584534, -1.94977915287, 76.4331817627, 241.027496338, 349.48550415, 200.75541687, 72.3396224976, 36.3833389282, -16.7037029266, 37.3501167297, -19.8358325958], [749.213012695, -114.290634155, -26.2297496796, 13.971121788, 58.4204521179, 176.513244629, 200.75541687, 299.777526855, 151.494125366, 74.7938232422, -21.855386734, 43.8291320801, -23.9844303131], [524.520019531, -22.7495918274, -49.4739570618, 56.3490791321, 35.6843147278, 97.1792755127, 72.3396224976, 151.494125366, 224.117202759, 108.839866638, -26.161945343, 9.00280857086, -12.6626758575], [344.987823486, -101.827339172, 2.79474616051, 5.60227966309, 36.3784484863, 71.2913742065, 36.3833389282, 74.7938232422, 108.839866638, 159.587081909, 25.8926925659, 16.925825119, -7.84671115875], [-470.817993164, 84.7570037842, -46.1510162354, -47.1804046631, 11.4649152756, -58.6326522827, -16.7037029266, -21.855386734, -26.161945343, 25.8926925659, 150.5390625, 45.860332489, 37.6069221497], [102.234596252, -133.42401123, 63.4627571106, -2.02185940742, 19.8681755066, 50.0584564209, 37.3501167297, 43.8291320801, 9.00280857086, 16.925825119, 45.860332489, 129.368865967, 55.3032302856], [-297.969299316, 18.6198101044, -17.9467201233, -30.6611633301, -7.15176343918, -53.9388885498, -19.8358325958, -23.9844303131, -12.6626758575, -7.84671115875, 37.6069221497, 55.3032302856, 115.519065857]], "icov": [[0.00018548645312, -8.77003840287e-05, 9.46552900132e-05, -4.85530690639e-05, 0.000206346434425, -0.000447773374617, 0.000225072508329, -0.000269165000645, 0.000133416440804, -0.000357600918505, 0.000577221857384, -0.000401284225518, 0.00027538795257], [-8.77003840287e-05, 0.00118649902288, -0.000356858712621, 0.000595795863774, -0.000632210518233, 0.00103193533141, -0.000906734669115, 0.000691469700541, -0.00137718592305, 0.00145734252874, -0.00134989980143, 0.00172406272031, -0.000322081352351], [9.46552900132e-05, -0.000356858712621, 0.00116221455391, -0.000747424201109, 0.000125662438222, -0.000832845282275, 0.000732742773835, -0.000327838904923, 0.00111372664105, -0.000863474502694, 0.000967417610809, -0.00126391404774, 0.000314076343784], [-4.85530690639e-05, 0.000595795863774, -0.000747424201109, 0.00276388996281, -0.000957329641096, -0.000122272176668, -1.23265826915e-05, 0.000757796864491, -0.00188912579324, 0.00159552425612, -0.00067370000761, 0.00116658641491, -2.8016795568e-06], [0.000206346434425, -0.000632210518233, 0.000125662438222, -0.000957329641096, 0.00295407883823, -0.00145324470941, 0.000456135661807, -0.000730614876375, 0.000909078808036, -0.00121753709391, 0.000479599402752, -0.000766032957472, 5.80804226047e-05], [-0.000447773374617, 0.00103193533141, -0.000832845282275, -0.000122272176668, -0.00145324470941, 0.00606985762715, -0.00356368650682, 0.00101139897015, -0.00125641142949, 0.00058066699421, -0.000660686055198, 0.000269036390819, 0.000847122748382], [0.000225072508329, -0.000906734669115, 0.000732742773835, -1.23265826915e-05, 0.000456135661807, -0.00356368650682, 0.0071180970408, -0.00423753028736, 0.00209180661477, -0.000698544085026, 0.00104402319994, -0.00118812394794, -4.52651584055e-05], [-0.000269165000645, 0.000691469700541, -0.000327838904923, 0.000757796864491, -0.000730614876375, 0.00101139897015, -0.00423753028736, 0.00915094930679, -0.00537371682003, 0.00138958508614, -0.000950214627665, -0.00107213831507, 0.00127176125534], [0.000133416440804, -0.00137718592305, 0.00111372664105, -0.00188912579324, 0.000909078808036, -0.00125641142949, 0.00209180661477, -0.00537371682003, 0.0122469440103, -0.00759894400835, 0.00391047121957, -0.00143746729009, -0.000807751377579], [-0.000357600918505, 0.00145734252874, -0.000863474502694, 0.00159552425612, -0.00121753709391, 0.00058066699421, -0.000698544085026, 0.00138958508614, -0.00759894400835, 0.0132872918621, -0.00571996113285, 0.00268427631818, 0.000143000754179], [0.000577221857384, -0.00134989980143, 0.000967417610809, -0.00067370000761, 0.000479599402752, -0.000660686055198, 0.00104402319994, -0.000950214627665, 0.00391047121957, -0.00571996113285, 0.0124483201653, -0.00621457956731, 0.000343876687111], [-0.000401284225518, 0.00172406272031, -0.00126391404774, 0.00116658641491, -0.000766032957472, 0.000269036390819, -0.00118812394794, -0.00107213831507, -0.00143746729009, 0.00268427631818, -0.00621457956731, 0.01624613069, -0.00727782119066], [0.00027538795257, -0.000322081352351, 0.000314076343784, -2.8016795568e-06, 5.80804226047e-05, 0.000847122748382, -4.52651584055e-05, 0.00127176125534, -0.000807751377579, 0.000143000754179, 0.000343876687111, -0.00727782119066, 0.0134156774729]], "mean": [0.82519119978, 56.2106399536, -109.48853302, 44.0750617981, -56.9379692078, 14.1514759064, -35.8729972839, 4.6989607811, -24.1835174561, 1.19154465199, -14.102391243, -2.24743580818, -10.1941022873]}, "melbands_spread": {"min": 0.150027155876, "max": 269.266296387, "dvar2": 882.954772949, "median": 25.9900474548, "dmean2": 21.6298522949, "dmean": 13.6665935516, "var": 878.772338867, "dvar": 379.677001953, "mean": 32.7432632446}, "spectral_energy": {"min": 4.82279060438e-12, "max": 0.222841843963, "dvar2": 0.000785279553384, "median": 0.0235734190792, "dmean2": 0.0192743260413, "dmean": 0.0130749652162, "var": 0.00058548321249, "dvar": 0.000346779095707, "mean": 0.0286292452365}, "mfcc": {"cov": [[10477.3457031, -718.517150879, -4.18628644943, -334.949890137, -146.050704956, 493.52947998, 110.156799316, 687.447875977, 796.645568848, 645.039306641, 540.158935547, 229.732589722, 18.1163291931], [-718.517150879, 1498.22741699, -204.59677124, -48.2925949097, -73.5740356445, -189.474487305, -24.9703712463, -105.704704285, -83.8632507324, -37.6419868469, -19.8715877533, -27.5299339294, -18.1418380737], [-4.18628644943, -204.59677124, 1152.52392578, 229.272537231, 239.624572754, 217.853485107, 77.9594955444, 75.6990356445, 54.5329780579, -37.2471580505, -1.30465102196, 23.6936473846, 5.1799030304], [-334.949890137, -48.2925949097, 229.272537231, 422.94128418, 231.723373413, 76.8895645142, 3.87924909592, 11.5735626221, 13.0068225861, 4.1391248703, -4.68687677383, -12.8240327835, -3.65365147591], [-146.050704956, -73.5740356445, 239.624572754, 231.723373413, 475.516448975, 194.02041626, 66.1193695068, 42.9676055908, 37.1257324219, 34.1682548523, 29.1622447968, 16.6813373566, 3.99045848846], [493.52947998, -189.474487305, 217.853485107, 76.8895645142, 194.02041626, 339.949188232, 141.101760864, 115.128761292, 110.021697998, 71.5863800049, 67.2165679932, 37.2888450623, 2.47335553169], [110.156799316, -24.9703712463, 77.9594955444, 3.87924909592, 66.1193695068, 141.101760864, 283.86932373, 160.534744263, 63.1130218506, 32.2435188293, 47.6863174438, 42.3175849915, 12.4836292267], [687.447875977, -105.704704285, 75.6990356445, 11.5735626221, 42.9676055908, 115.128761292, 160.534744263, 303.460327148, 183.050750732, 91.7788314819, 91.0186080933, 59.4504013062, 20.4830379486], [796.645568848, -83.8632507324, 54.5329780579, 13.0068225861, 37.1257324219, 110.021697998, 63.1130218506, 183.050750732, 281.695007324, 148.976837158, 101.720146179, 68.3018569946, 28.119354248], [645.039306641, -37.6419868469, -37.2471580505, 4.1391248703, 34.1682548523, 71.5863800049, 32.2435188293, 91.7788314819, 148.976837158, 221.433700562, 120.280914307, 50.8866043091, 18.1647930145], [540.158935547, -19.8715877533, -1.30465102196, -4.68687677383, 29.1622447968, 67.2165679932, 47.6863174438, 91.0186080933, 101.720146179, 120.280914307, 175.935409546, 74.0839767456, 14.4614934921], [229.732589722, -27.5299339294, 23.6936473846, -12.8240327835, 16.6813373566, 37.2888450623, 42.3175849915, 59.4504013062, 68.3018569946, 50.8866043091, 74.0839767456, 128.782348633, 50.0909118652], [18.1163291931, -18.1418380737, 5.1799030304, -3.65365147591, 3.99045848846, 2.47335553169, 12.4836292267, 20.4830379486, 28.119354248, 18.1647930145, 14.4614934921, 50.0909118652, 111.553771973]], "icov": [[0.000152061897097, 3.35854201694e-05, -7.49725586502e-07, 0.000116600589536, 9.26991997403e-05, -0.000183310738066, 0.000204443305847, -0.000214150102693, -0.000139130279422, -0.000156389229232, -0.000182435469469, 3.332129927e-05, 7.10362073733e-05], [3.35854201694e-05, 0.000755965884309, 5.90539129917e-05, 3.87771578971e-05, -7.91094062151e-05, 0.000470268772915, -0.000284160807496, 0.000268100644462, -0.000120160788356, 3.14392741529e-06, -0.000222313654376, 8.55056860019e-05, 0.000111192995973], [-7.49725586502e-07, 5.90539129917e-05, 0.00113290036097, -0.000428292813012, -0.000149960600538, -0.000557372812182, 5.52804376639e-05, -8.92909883987e-05, -0.000173107997398, 0.000565903261304, 7.69633552409e-05, -0.000212403596379, 7.90899775893e-06], [0.000116600589536, 3.87771578971e-05, -0.000428292813012, 0.0035496156197, -0.00157030473929, 0.000180359464139, 0.000452613894595, -0.000288545095827, -0.000186939971172, -0.000228622448049, -1.8143631678e-05, 0.000563598470762, 1.16498067655e-05], [9.26991997403e-05, -7.91094062151e-05, -0.000149960600538, -0.00157030473929, 0.00372957019135, -0.00188786361832, 0.000131352542667, -4.57487294625e-05, 0.000357234355761, -0.000375532283215, -9.42846600083e-05, -0.000222574686632, -8.69751966093e-05], [-0.000183310738066, 0.000470268772915, -0.000557372812182, 0.000180359464139, -0.00188786361832, 0.00610701367259, -0.00248412718065, 0.000810429977719, -0.00119172513951, -0.000169125094544, -0.000496397900861, 0.000267487426754, 0.000471527542686], [0.000204443305847, -0.000284160807496, 5.52804376639e-05, 0.000452613894595, 0.000131352542667, -0.00248412718065, 0.00660549430177, -0.00392564479262, 0.00156369362958, -5.74864425289e-05, 1.52559905473e-05, -0.000845577858854, -4.22553130193e-05], [-0.000214150102693, 0.000268100644462, -8.92909883987e-05, -0.000288545095827, -4.57487294625e-05, 0.000810429977719, -0.00392564479262, 0.00823359563947, -0.00421604374424, 0.000968866399489, -0.00112754281145, 0.000212550119613, -6.0066642618e-05], [-0.000139130279422, -0.000120160788356, -0.000173107997398, -0.000186939971172, 0.000357234355761, -0.00119172513951, 0.00156369362958, -0.00421604374424, 0.00891833752394, -0.00375895877369, 0.000628660200164, -0.00146801606752, -0.000440515694208], [-0.000156389229232, 3.14392741529e-06, 0.000565903261304, -0.000228622448049, -0.000375532283215, -0.000169125094544, -5.74864425289e-05, 0.000968866399489, -0.00375895877369, 0.00969640444964, -0.00466566206887, 0.000898551486898, -0.000592160504311], [-0.000182435469469, -0.000222313654376, 7.69633552409e-05, -1.8143631678e-05, -9.42846600083e-05, -0.000496397900861, 1.52559905473e-05, -0.00112754281145, 0.000628660200164, -0.00466566206887, 0.0117743806913, -0.0049086031504, 0.00148798676673], [3.332129927e-05, 8.55056860019e-05, -0.000212403596379, 0.000563598470762, -0.000222574686632, 0.000267487426754, -0.000845577858854, 0.000212550119613, -0.00146801606752, 0.000898551486898, -0.0049086031504, 0.0131171708927, -0.00493548437953], [7.10362073733e-05, 0.000111192995973, 7.90899775893e-06, 1.16498067655e-05, -8.69751966093e-05, 0.000471527542686, -4.22553130193e-05, -6.0066642618e-05, -0.000440515694208, -0.000592160504311, 0.00148798676673, -0.00493548437953, 0.0112100057304]], "mean": [-642.978088379, 83.0067596436, 6.73854064941, 28.3812885284, 4.91035699844, 9.02064037323, 1.49189257622, 1.62095928192, -2.9763174057, 2.11743712425, -2.11945104599, -3.26587820053, -3.77166509628]}, "spectral_contrast_valleys": {"min": [-26.9667358398, -26.9601383209, -27.1599788666, -26.9785823822, -27.0468177795, -27.2642288208], "max": [-4.87463378906, -4.57594108582, -4.97821807861, -5.49150037766, -5.24238920212, -7.39456224442], "dvar2": [0.42713946104, 0.542576551437, 0.337135046721, 0.291653454304, 0.269335716963, 0.483340889215], "median": [-7.13760375977, -7.17908573151, -7.54573297501, -7.64931488037, -7.21316814423, -9.39748001099], "dmean2": [0.754845201969, 0.807771265507, 0.667820394039, 0.590534865856, 0.488770574331, 0.541538119316], "dmean": [0.481263160706, 0.520249724388, 0.457653790712, 0.416641324759, 0.344016462564, 0.400962412357], "var": [2.47918605804, 1.523447752, 1.52253735065, 1.33409023285, 1.12789583206, 1.77643978596], "dvar": [0.195181652904, 0.24530608952, 0.177610501647, 0.156232580543, 0.140096947551, 0.240662947297], "mean": [-7.67986106873, -7.37313985825, -7.7334356308, -7.85431861877, -7.42046022415, -9.62615680695]}, "barkbands_flatness_db": {"min": 0.0167417917401, "max": 0.546404063702, "dvar2": 0.00163001089823, "median": 0.114094130695, "dmean2": 0.0416082441807, "dmean": 0.0273262709379, "var": 0.00693611335009, "dvar": 0.000743963872083, "mean": 0.13509465754}, "dynamic_complexity": 2.87787175179, "erbbands_flatness_db": {"min": 0.0374969318509, "max": 0.46660977602, "dvar2": 0.000867312250193, "median": 0.13370655477, "dmean2": 0.0303992182016, "dmean": 0.0212212242186, "var": 0.00461742281914, "dvar": 0.000434888206