{"lowlevel": {"spectral_complexity": {"min": 0, "max": 57, "dvar2": 29.2243938446, "median": 10, "dmean2": 3.95548605919, "dmean": 2.52739882469, "var": 70.561088562, "dvar": 14.308093071, "mean": 11.1483840942}, "silence_rate_20dB": {"min": 0, "max": 1, "dvar2": 0.0293497145176, "median": 1, "dmean2": 0.0250531267375, "dmean": 0.0125251617283, "var": 0.0114947194234, "dvar": 0.012369947508, "mean": 0.988370776176}, "average_loudness": 0.574412584305, "erbbands_spread": {"min": 0.542891085148, "max": 167.761734009, "dvar2": 197.894439697, "median": 30.8459739685, "dmean2": 11.4760627747, "dmean": 7.55017328262, "var": 427.460845947, "dvar": 87.0008468628, "mean": 33.2468910217}, "spectral_kurtosis": {"min": -1.26651132107, "max": 1501.6262207, "dvar2": 2505.36108398, "median": 6.06823825836, "dmean2": 9.346367836, "dmean": 5.58770132065, "var": 1977.17138672, "dvar": 946.564208984, "mean": 14.07284832}, "barkbands_kurtosis": {"min": -1.95239663124, "max": 659.837158203, "dvar2": 1629.3223877, "median": 5.78578281403, "dmean2": 17.4488811493, "dmean": 11.5665884018, "var": 2253.87036133, "dvar": 781.616088867, "mean": 21.8989887238}, "spectral_strongpeak": {"min": 0, "max": 11.5125570297, "dvar2": 1.67693531513, "median": 0.347559273243, "dmean2": 0.624712407589, "dmean": 0.381515741348, "var": 1.37541842461, "dvar": 0.713700354099, "mean": 0.756471574306}, "spectral_spread": {"min": 107598.421875, "max": 43833572, "dvar2": 1970865569790.0, "median": 4133923.75, "dmean2": 789750.9375, "dmean": 537065.25, "var": 39272333705200.0, "dvar": 1051554349060.0, "mean": 5350066}, "spectral_rms": {"min": 3.11490156585e-12, "max": 0.0214420091361, "dvar2": 6.07309993939e-06, "median": 0.00509821763262, "dmean2": 0.00171770295128, "dmean": 0.00120615784544, "var": 1.66355494002e-05, "dvar": 3.12088764076e-06, "mean": 0.00570855475962}, "erbbands": {"min": [7.01240988518e-23, 2.88795590784e-22, 1.51367407995e-21, 1.74247534739e-21, 1.17270502119e-20, 1.1988875494e-20, 4.35358048772e-20, 6.09474688641e-20, 9.65578462661e-20, 1.57578074712e-19, 1.9989792732e-19, 1.89423119504e-19, 4.53067707806e-19, 6.28037500466e-19, 7.67162713752e-19, 9.81275261685e-19, 1.66413674219e-18, 1.96482092736e-18, 2.02205975779e-18, 3.32974462509e-18, 3.09753476123e-18, 4.232667478e-18, 4.50241810679e-18, 5.71105264523e-18, 6.05693366888e-18, 6.37380422767e-18, 8.37128534754e-18, 8.77120566701e-18, 8.5829261247e-18, 1.04774451786e-17, 9.69235896023e-18, 9.79116982031e-18, 9.45741154213e-18, 6.89830415125e-18, 5.79034535157e-18, 4.20179130728e-18, 2.45501332823e-18, 9.28038020859e-19, 2.34012161176e-19, 2.65756037901e-20], "max": [23.4606971741, 103.779029846, 294.80670166, 351.954956055, 288.256500244, 296.407775879, 653.844604492, 661.542419434, 1975.67541504, 1818.12353516, 1351.85327148, 1651.82336426, 1583.02062988, 1364.43469238, 2993.81396484, 2545.66674805, 1478.07397461, 1119.91577148, 1199.08056641, 1916.90600586, 978.991333008, 952.51940918, 623.284240723, 763.779907227, 577.219665527, 223.279067993, 209.321517944, 340.628204346, 464.840362549, 370.437927246, 382.7081604, 237.231781006, 258.343322754, 125.867172241, 94.1136856079, 51.0376396179, 13.6568336487, 4.35923051834, 0.622431874275, 0.0378276109695], "dvar2": [3.59381628036, 184.963195801, 1415.20410156, 2746.30664062, 865.947937012, 594.026550293, 994.394226074, 1293.54272461, 3753.25488281, 5698.71337891, 2558.10913086, 6226.5390625, 6692.79345703, 4745.09912109, 34392.7421875, 9757.28808594, 2103.74755859, 3922.68603516, 2401.24365234, 14291.0146484, 3674.77758789, 2455.29614258, 1175.54138184, 920.133178711, 357.690765381, 120.180404663, 160.137496948, 176.559829712, 235.679504395, 300.808197021, 201.018600464, 104.471038818, 96.2265548706, 59.1799850464, 31.6633415222, 3.34054756165, 0.212916135788, 0.0139840031043, 0.000234177758102, 7.6624689882e-07], "median": [0.377261281013, 0.905162870884, 0.981508851051, 1.22345602512, 1.57132101059, 1.6841365099, 2.09690237045, 2.96802091599, 3.56156253815, 3.4764111042, 3.6150739193, 3.72111868858, 5.13672018051, 4.59980630875, 4.41207885742, 4.87379264832, 4.21593856812, 3.62235116959, 3.04492998123, 3.37164759636, 3.25072312355, 3.22997975349, 2.52265763283, 1.93644785881, 1.42551243305, 1.25811398029, 0.668768465519, 0.404827415943, 0.27517926693, 0.211278304458, 0.131481200457, 0.0934152603149, 0.118004694581, 0.0886687189341, 0.0360300578177, 0.0134001756087, 0.00454305764288, 0.00104831368662, 0.000167451493326, 5.0015438319e-05], "dmean2": [0.883286714554, 5.32319402695, 10.3751621246, 12.751203537, 9.51858043671, 9.05904579163, 9.8611536026, 11.4742670059, 19.5405540466, 18.1367683411, 15.3965492249, 17.6267700195, 23.8966846466, 22.3382396698, 44.8445167542, 27.9726734161, 14.267121315, 17.4907417297, 14.4246311188, 15.9313726425, 11.7490177155, 13.0185232162, 9.01565170288, 7.9590754509, 5.29649305344, 4.08120584488, 2.74541115761, 2.51665949821, 2.74246358871, 2.74153232574, 2.11142754555, 1.66144120693, 1.56006264687, 1.23253822327, 0.745262086391, 0.28689968586, 0.0869343206286, 0.0209606848657, 0.00271377363242, 0.00015521129535], "dmean": [0.617293834686, 3.5164232254, 6.08124351501, 6.82978916168, 5.57437801361, 5.52947092056, 5.88369989395, 7.45087957382, 12.9457550049, 12.1183290482, 9.72052288055, 11.1500749588, 15.9959564209, 15.0683031082, 29.6251468658, 19.1834869385, 9.39685249329, 10.8111419678, 8.84333324432, 9.35052967072, 6.89381742477, 8.10164642334, 5.56912517548, 4.81024360657, 3.23692965508, 2.4679441452, 1.65835356712, 1.58353209496, 1.78126347065, 1.78391468525, 1.35984802246, 1.06690585613, 1.03186786175, 0.828625440598, 0.472346246243, 0.185449615121, 0.0585254989564, 0.0142185464501, 0.00180015875958, 0.000105912098661], "var": [5.26242828369, 141.653289795, 406.278991699, 538.409606934, 295.403503418, 415.736206055, 465.767730713, 998.642089844, 5504.53320312, 4420.99511719, 1572.3996582, 3763.77050781, 5705.24169922, 5313.22167969, 29497.8378906, 9555.18945312, 2174.84960938, 2693.8112793, 1701.31884766, 3492.40771484, 1152.97045898, 1322.92687988, 577.230041504, 411.7840271, 204.487625122, 82.7606811523, 61.7079277039, 95.3258590698, 156.536605835, 137.679336548, 108.039382935, 60.0685958862, 61.2990112305, 32.8106193542, 11.0364999771, 1.47225940228, 0.144623145461, 0.0104286726564, 0.000177273672307, 4.91856951612e-07], "dvar": [1.71059072018, 83.3024597168, 533.732727051, 948.417358398, 315.447143555, 238.989547729, 366.494567871, 533.228088379, 1995.0255127, 2586.15405273, 1129.60949707, 2715.77319336, 3061.45947266, 2329.88842773, 14500.9091797, 4543.59179688, 1015.85552979, 1610.47155762, 989.192993164, 5108.08691406, 1353.81921387, 1058.13122559, 496.774658203, 364.241699219, 153.629638672, 50.4741439819, 61.505191803, 75.3746948242, 112.624526978, 128.522415161, 90.0116882324, 47.9026641846, 46.0178871155, 27.0520935059, 12.4986019135, 1.39850354195, 0.102468818426, 0.00692916614935, 0.000120613287436, 3.70003647276e-07], "mean": [1.21240198612, 5.20265960693, 5.87186002731, 5.44851493835, 6.7735710144, 8.07698535919, 8.79729747772, 14.2047739029, 20.7566413879, 19.5639247894, 16.0574760437, 16.9059391022, 27.7789955139, 26.5173454285, 44.2690620422, 32.636920929, 17.273733139, 15.9720029831, 13.3581638336, 11.290766716, 9.50552272797, 12.7584733963, 8.27241706848, 7.27340555191, 5.33582162857, 4.21260499954, 2.49196076393, 2.27206468582, 2.30182433128, 2.14952683449, 1.68050658703, 1.35328960419, 1.34698224068, 1.09479784966, 0.546637475491, 0.226156756282, 0.0753413513303, 0.0186588987708, 0.00237300037406, 0.000165888457559]}, "zerocrossingrate": {"min": 0.0009765625, "max": 0.56787109375, "dvar2": 0.000230782970903, "median": 0.03076171875, "dmean2": 0.0101026874036, "dmean": 0.00890340656042, "var": 0.00822884216905, "dvar": 0.000216217231355, "mean": 0.0538643598557}, "spectral_contrast_coeffs": {"min": [-0.983881890774, -0.998425781727, -0.998262584209, -0.996067106724, -0.98734164238, -0.965804994106], "max": [-0.242782652378, -0.297181993723, -0.409862786531, -0.452775090933, -0.537134110928, -0.62728446722], "dvar2": [0.00502404943109, 0.00408349046484, 0.00286266300827, 0.00206037401222, 0.00104777980596, 0.00070040684659], "median": [-0.708205580711, -0.728757202625, -0.769316792488, -0.78855073452, -0.81328856945, -0.800617039204], "dmean2": [0.0801638439298, 0.0724072754383, 0.061340149492, 0.0494534298778, 0.0336334817111, 0.0255933254957], "dmean": [0.0498200245202, 0.0456488952041, 0.0389562770724, 0.0304706376046, 0.0207155458629, 0.0160440169275], "var": [0.0164437554777, 0.0117781693116, 0.00917934346944, 0.00610698014498, 0.00386271486059, 0.00272780680098], "dvar": [0.00215143966489, 0.00173870532308, 0.00124027545098, 0.000847823161166, 0.000432405417087, 0.000286002963549], "mean": [-0.687296271324, -0.723640441895, -0.75787204504, -0.783747732639, -0.80852329731, -0.804164350033]}, "dissonance": {"min": 0.00218674563803, "max": 0.5, "dvar2": 0.002440093318, "median": 0.461338281631, "dmean2": 0.043674916029, "dmean": 0.0259195435792, "var": 0.0028971938882, "dvar": 0.000920109800063, "mean": 0.445005446672}, "spectral_energyband_high": {"min": 7.00578196421e-21, "max": 0.0303907487541, "dvar2": 3.9221267798e-06, "median": 8.33110971143e-05, "dmean2": 0.000421203032602, "dmean": 0.00028565665707, "var": 3.13365922011e-06, "dvar": 2.02938599614e-06, "mean": 0.000443437107606}, "spectral_skewness": {"min": -0.109438888729, "max": 32.2851829529, "dvar2": 1.67474830151, "median": 1.94216632843, "dmean2": 0.603016138077, "dmean": 0.377141684294, "var": 3.52010679245, "dvar": 0.707480430603, "mean": 2.33410835266}, "spectral_flux": {"min": 6.37916802715e-11, "max": 0.738358914852, "dvar2": 0.00695685204118, "median": 0.0620138458908, "dmean2": 0.0577636435628, "dmean": 0.0385548807681, "var": 0.00918532907963, "dvar": 0.00378611101769, "mean": 0.0898122861981}, "silence_rate_30dB": {"min": 0, "max": 1, "dvar2": 0.112098604441, "median": 1, "dmean2": 0.112739063799, "dmean": 0.0563632287085, "var": 0.11673849076, "dvar": 0.0531840883195, "mean": 0.865034103394}, "spectral_energyband_middle_high": {"min": 1.12553230026e-21, "max": 0.0893113985658, "dvar2": 5.1614617405e-05, "median": 0.00159130501561, "dmean2": 0.00293825636618, "dmean": 0.00198327517137, "var": 6.54694304103e-05, "dvar": 2.44868333539e-05, "mean": 0.00435678940266}, "barkbands_spread": {"min": 0.08506770432, "max": 130.27746582, "dvar2": 120.875450134, "median": 10.1207799911, "dmean2": 6.94076490402, "dmean": 4.55943107605, "var": 190.939025879, "dvar": 58.4647712708, "mean": 13.9758453369}, "spectral_centroid": {"min": 86.8625564575, "max": 11843.5458984, "dvar2": 223765.28125, "median": 875.34173584, "dmean2": 321.781433105, "dmean": 214.941879272, "var": 3114818, "dvar": 118718.523438, "mean": 1283.14379883}, "pitch_salience": {"min": 0.0296188853681, "max": 0.996096968651, "dvar2": 0.022010654211, "median": 0.428295731544, "dmean2": 0.131315469742, "dmean": 0.0820898413658, "var": 0.0319570675492, "dvar": 0.00898220855743, "mean": 0.42490708828}, "erbbands_skewness": {"min": -4.26448392868, "max": 6.2884850502, "dvar2": 0.434515565634, "median": 0.355665653944, "dmean2": 0.605225205421, "dmean": 0.401385605335, "var": 1.11227786541, "dvar": 0.201278939843, "mean": 0.46240773797}, "erbbands_crest": {"min": 2.25345563889, "max": 32.3701553345, "dvar2": 17.5988712311, "median": 9.44673252106, "dmean2": 4.18862628937, "dmean": 2.6492266655, "var": 29.9028224945, "dvar": 7.44146728516, "mean": 10.6652975082}, "melbands": {"min": [7.33126846887e-25, 9.59640712339e-25, 5.23418381122e-25, 1.2529184893e-24, 1.7325980831e-24, 1.23094683955e-24, 1.60976997497e-24, 1.57320301796e-24, 1.32889585245e-24, 1.08150266308e-24, 1.76008988565e-24, 2.06705104666e-24, 1.94691384168e-24, 1.98452456027e-24, 2.92947934496e-24, 3.50736512033e-24, 3.42646861779e-24, 3.0316472846e-24, 2.97161733629e-24, 2.48062735065e-24, 3.00663664681e-24, 2.96104817788e-24, 2.6938858384e-24, 4.10548813613e-24, 3.72348815924e-24, 4.29952504185e-24, 4.1482443972e-24, 3.99938989426e-24, 4.3453909926e-24, 5.33190651965e-24, 4.34279800681e-24, 3.52938420034e-24, 4.14245652474e-24, 5.67873749967e-24, 5.25677146274e-24, 4.36686418087e-24, 5.54078623773e-24, 5.79147558379e-24, 5.81426853636e-24, 5.25056588843e-24], "max": [0.153682544827, 0.112677104771, 0.0560729540884, 0.0225579012185, 0.0214033927768, 0.0141345337033, 0.0311676654965, 0.0174685120583, 0.00996347796172, 0.0101099275053, 0.00765908975154, 0.00571707962081, 0.00841070432216, 0.00922254752368, 0.0119053041562, 0.00124190526549, 0.00243613077328, 0.00259456969798, 0.00220354367048, 0.00312566990033, 0.000677134783473, 0.00102513900492, 0.000722520344425, 0.00052910199156, 0.000652257585898, 0.000600487575866, 0.000200113950996, 0.000166438170709, 0.000126984406961, 0.0001017642644, 0.000272365636192, 0.000281531218207, 0.000294904573821, 0.000315181969199, 0.000216557673411, 0.000197892135475, 0.000162915792316, 0.000175800640136, 0.000175286331796, 8.68540082593e-05], "dvar2": [0.000244159717113, 0.000202793060453, 6.92563262419e-05, 3.28649935e-06, 1.12257407636e-06, 6.05428397193e-07, 8.99730650872e-07, 5.46384740119e-07, 2.17292239313e-07, 2.27288097676e-07, 1.93483273847e-07, 9.57036263571e-08, 2.76806616739e-07, 2.05074584869e-07, 9.85158763456e-08, 3.86730247826e-09, 1.85926953833e-08, 8.79450379188e-09, 1.0263077499e-08, 4.203317161e-08, 1.98264493712e-09, 2.96286017942e-09, 1.51331502884e-09, 8.59209869919e-10, 6.8868460934e-10, 3.47109119225e-10, 1.3742797178e-10, 6.21472040496e-11, 6.45422604251e-11, 4.26473821535e-11, 9.06112754273e-11, 8.7505030999e-11, 9.77413289194e-11, 1.15706805248e-10, 7.69461924732e-11, 5.84546439031e-11, 3.83284133598e-11, 4.44708228575e-11, 6.29920629547e-11, 3.66118663164e-11], "median": [0.00295968540013, 0.000780815258622, 0.000245806440944, 0.0001329878869, 7.61250194046e-05, 6.71548623359e-05, 4.8958179832e-05, 2.9985596484e-05, 2.61828445218e-05, 2.03298768611e-05, 2.38440152316e-05, 1.67021808011e-05, 1.24735424833e-05, 1.28096762637e-05, 8.66604295879e-06, 5.90661602473e-06, 5.65166374145e-06, 4.40512621935e-06, 3.59015007234e-06, 4.17163619204e-06, 2.74424360214e-06, 3.0693613553e-06, 2.58414843302e-06, 1.66362474374e-06, 1.40858458053e-06, 9.33635362799e-07, 8.13473945982e-07, 6.95071889822e-07, 4.24113181907e-07, 2.63383896026e-07, 1.95940614844e-07, 1.51096742229e-07, 1.15225454067e-07, 1.0800099659e-07, 7.11421890287e-08, 5.62290267681e-08, 5.00161583261e-08, 6.89421497668e-08, 8.15185572378e-08, 6.67666100185e-08], "dmean2": [0.0071867974475, 0.00497622322291, 0.00211280654185, 0.000651686103083, 0.000347964902176, 0.00026309772511, 0.000291556760203, 0.000192885505385, 0.000133320485475, 0.000107357860543, 0.000125356687931, 9.46508807829e-05, 0.000133336565341, 0.000104396742245, 7.17141738278e-05, 2.18637378566e-05, 3.70922643924e-05, 2.63736383204e-05, 2.02491683012e-05, 2.59870212176e-05, 1.12139405246e-05, 1.47582823047e-05, 9.92563400359e-06, 7.10787617209e-06, 6.97649647918e-06, 4.29070905739e-06, 4.13771294916e-06, 2.70815667136e-06, 1.90949435819e-06, 1.38713414799e-06, 1.6179440081e-06, 1.65404594554e-06, 1.59370529218e-06, 1.49832862917e-06, 1.28084150219e-06, 1.13853127459e-06, 1.01746377368e-06, 1.07914945602e-06, 1.24199357288e-06, 1.00061072317e-06], "dmean": [0.00479278061539, 0.0032524052076, 0.00114781351294, 0.000394942529965, 0.000208073863178, 0.000169226026628, 0.00019416246505, 0.000129038948216, 8.35780156194e-05, 6.78682481521e-05, 8.38285777718e-05, 6.38371348032e-05, 8.65816982696e-05, 7.19010422472e-05, 4.88411205879e-05, 1.33235334943e-05, 2.28389144468e-05, 1.61952684721e-05, 1.22654819279e-05, 1.47902892422e-05, 6.67183348924e-06, 9.10930157261e-06, 6.13897645962e-06, 4.31873195339e-06, 4.18159424953e-06, 2.6136813176e-06, 2.51028973253e-06, 1.62383776114e-06, 1.13799160317e-06, 8.63250079419e-07, 1.01150033061e-06, 1.06187712845e-06, 1.01675652786e-06, 9.69395273387e-07, 8.32334876577e-07, 7.14547184089e-07, 6.54212669815e-07, 7.13107510819e-07, 8.17643865503e-07, 6.73931424444e-07], "var": [0.000315420795232, 0.000122018311231, 1.40304437082e-05, 1.75473132913e-06, 5.33358559096e-07, 4.42848204329e-07, 1.39001099342e-06, 4.32770008274e-07, 1.24805808355e-07, 1.41831549172e-07, 1.63762564398e-07, 1.0090101199e-07, 2.30571956195e-07, 2.01795899102e-07, 1.05902991265e-07, 2.13918416314e-09, 1.27092816271e-08, 5.93101967539e-09, 4.24499990714e-09, 8.80932926606e-09, 8.80902295552e-10, 1.60706270513e-09, 6.90658419344e-10, 3.55557888687e-10, 3.00988040047e-10, 1.78697334707e-10, 9.40320876719e-11, 3.49401202415e-11, 2.45254892783e-11, 2.02530960752e-11, 4.46674502941e-11, 5.60872147337e-11, 5.04742254936e-11, 4.36361745348e-11, 4.02328587112e-11, 2.68955569621e-11, 2.34816645295e-11, 3.0053414618e-11, 3.34464678176e-11, 2.05805199271e-11], "dvar": [0.000114415961434, 9.05232373043e-05, 2.40153276536e-05, 1.26894758523e-06, 4.15896550976e-07, 2.48365154221e-07, 4.95827123359e-07, 2.47697812483e-07, 9.18718114917e-08, 1.00783807966e-07, 8.79026629264e-08, 4.63153355668e-08, 1.1436999614e-07, 9.65162456623e-08, 4.82634696652e-08, 1.57787427568e-09, 7.61135332539e-09, 3.49896756013e-09, 4.07485645226e-09, 1.46115759492e-08, 7.81813835893e-10, 1.26618382446e-09, 6.3665250849e-10, 3.42621098159e-10, 2.68453592689e-10, 1.46837861315e-10, 5.47651507476e-11, 2.4783801747e-11, 2.44543049005e-11, 1.76286572146e-11, 3.77457370915e-11, 4.06425552935e-11, 4.45728107201e-11, 4.60483873255e-11, 3.39652715675e-11, 2.46416446276e-11, 1.81889468764e-11, 2.1835661751e-11, 2.82227730769e-11, 1.68320791333e-11], "mean": [0.00941388029605, 0.0044179353863, 0.000989454914816, 0.000555695965886, 0.000318851729389, 0.000312680873321, 0.000310719973641, 0.000207014832995, 0.000137204289786, 0.000101213030575, 0.000143408804433, 0.00011048286251, 0.000129685970023, 0.000108100481157, 8.9183478849e-05, 1.85557692021e-05, 3.24639149767e-05, 2.34881481447e-05, 1.54088411364e-05, 1.57950526045e-05, 9.30860187509e-06, 1.38917721415e-05, 8.75641217135e-06, 6.11200812273e-06, 6.02574618824e-06, 3.96753739551e-06, 3.94316248276e-06, 2.55483132605e-06, 1.652389642e-06, 1.24968653381e-06, 1.3347408867e-06, 1.34094784698e-06, 1.20693664485e-06, 1.14951058094e-06, 9.79274318524e-07, 8.6712321945e-07, 8.13829103663e-07, 9.03523812212e-07, 1.03837373899e-06, 8.83463883383e-07]}, "spectral_entropy": {"min": 3.10307717323, "max": 9.82888698578, "dvar2": 0.152853786945, "median": 7.30337810516, "dmean2": 0.28709346056, "dmean": 0.194159537554, "var": 0.767891466618, "dvar": 0.0736476555467, "mean": 7.22873020172}, "spectral_rolloff": {"min": 43.06640625, "max": 20090.4785156, "dvar2": 2482497.5, "median": 538.330078125, "dmean2": 590.780761719, "dmean": 354.915588379, "var": 11372523, "dvar": 1082179.75, "mean": 1370.23095703}, "barkbands": {"min": [1.43361528873e-25, 1.79012615905e-24, 7.44612513756e-25, 2.61391279616e-25, 5.28525683559e-24, 6.0015330712e-24, 5.41830296042e-24, 3.60415559238e-24, 6.52215168636e-24, 1.52179314998e-23, 1.55524826766e-23, 1.7424793548e-23, 2.998045991e-23, 3.02142057071e-23, 2.70574746652e-23, 4.32866090941e-23, 5.75478132435e-23, 7.32709281116e-23, 1.31736312806e-22, 1.16227370518e-22, 2.31338471301e-22, 2.22687658531e-22, 2.95118039571e-22, 5.4907995616e-22, 7.84422079571e-22, 1.24478221973e-21, 1.88156609051e-21], "max": [0.0726801753044, 0.443060547113, 0.306843817234, 0.114068523049, 0.0835749283433, 0.0698992013931, 0.147221133113, 0.0570715069771, 0.0637126117945, 0.0541834682226, 0.0617156252265, 0.0703818574548, 0.01527983509, 0.0233334004879, 0.0243487413973, 0.0308564379811, 0.0155612379313, 0.0101251350716, 0.0135333221406, 0.00470823608339, 0.00488078268245, 0.0109912520275, 0.0120652290061, 0.0138518391177, 0.0114339031279, 0.00728516979143, 0.00396077474579], "dvar2": [2.35571733356e-05, 0.0032178198453, 0.00168457790278, 0.000213267703657, 5.25556388311e-05, 1.58112598001e-05, 2.43761514866e-05, 4.90143520437e-06, 9.73310852714e-06, 9.79020114755e-06, 1.44449031723e-05, 1.33017583721e-05, 6.67085203077e-07, 1.81072675787e-06, 1.27411226458e-06, 4.18737090513e-06, 6.91689251653e-07, 3.76259549739e-07, 2.51099777415e-07, 6.43203676987e-08, 9.17963589586e-08, 2.02832836749e-07, 2.62180094524e-07, 2.81898053345e-07, 5.36992956768e-07, 7.9839807654e-08, 9.33805743841e-09], "median": [0.000768878788222, 0.00864107441157, 0.000613160489593, 0.000291545293294, 0.000588438124396, 0.000318569247611, 0.0001974957122, 0.000131326072733, 0.000134996153065, 0.000153718676302, 9.03246400412e-05, 0.000118433716125, 7.01222597854e-05, 6.03355947533e-05, 4.86522330903e-05, 5.03754527017e-05, 5.05438911205e-05, 3.80456331186e-05, 2.95336503768e-05, 2.69702632067e-05, 1.1821467524e-05, 7.73404281063e-06, 4.83995336253e-06, 5.98005726715e-06, 6.84844326315e-06, 2.72320994554e-06, 8.18944897674e-07], "dmean2": [0.00203262316063, 0.0246232487261, 0.0103237675503, 0.003635274712, 0.00269289128482, 0.00135803280864, 0.00140081893187, 0.000732047308702, 0.00075902719982, 0.000860679312609, 0.000961433630437, 0.000905883731321, 0.000276769860648, 0.000404832942877, 0.000246831361437, 0.000295765843475, 0.000219001871301, 0.000154489185661, 0.000129465232021, 9.73220230662e-05, 6.20228311163e-05, 8.14196464489e-05, 7.26652724552e-05, 8.57604682096e-05, 0.000105902807263, 5.1328453992e-05, 1.63803451869e-05], "dmean": [0.00133081467357, 0.0161857903004, 0.00563358515501, 0.00194500968792, 0.00163342733867, 0.000854581652675, 0.000936331576668, 0.000474894302897, 0.000483509676997, 0.000579605810344, 0.000621286977548, 0.000625440734439, 0.000173633350641, 0.000249263335718, 0.000149399260408, 0.000168694023159, 0.000135714217322, 9.42388360272e-05, 7.87138997111e-05, 5.88359580433e-05, 3.82151338272e-05, 5.27708034497e-05, 4.7618374083e-05, 5.61666674912e-05, 7.0519374276e-05, 3.43185674865e-05, 1.08854228529e-05], "var": [2.62728590315e-05, 0.00341452984139, 0.000354720657924, 4.17202209064e-05, 2.80834483419e-05, 1.01698824437e-05, 3.37613601005e-05, 4.29624469689e-06, 6.42962959319e-06, 8.54941754369e-06, 1.25143642435e-05, 1.28908186525e-05, 5.18494005064e-07, 1.38068116939e-06, 5.9256763052e-07, 9.26114864797e-07, 3.59465502697e-07, 1.67914691929e-07, 1.33197431751e-07, 4.51962094417e-08, 4.23025667828e-08, 1.31186766339e-07, 1.28818896883e-07, 1.77740020035e-07, 2.36971317236e-07, 4.89128879622e-08, 6.32733998529e-09], "dvar": [9.69865413936e-06, 0.00145902228542, 0.00059433595743, 7.26651487639e-05, 2.02324827114e-05, 6.31864668321e-06, 1.31501874421e-05, 2.30566502069e-06, 4.29528336099e-06, 4.42768350695e-06, 6.14959344603e-06, 6.31548664387e-06, 2.93575482146e-07, 7.46070497826e-07, 5.18406523042e-07, 1.45149112996e-06, 2.98282913036e-07, 1.5401136011e-07, 1.05714072163e-07, 2.62833346198e-08, 3.72792747783e-08, 9.73091118794e-08, 1.1304952352e-07, 1.34018549147e-07, 2.27793250929e-07, 3.71693751333e-08, 4.52566251141e-09], "mean": [0.00306615279987, 0.0297037120908, 0.00423567648977, 0.00165320583619, 0.00239734305069, 0.00147899717558, 0.0014644790208, 0.000764656171668, 0.000767779012676, 0.00100143882446, 0.000927985587623, 0.000991860055365, 0.000286796974251, 0.000365298707038, 0.00019168855215, 0.000190940700122, 0.000207310935366, 0.000135771842906, 0.000121651020891, 9.94141446427e-05, 5.49540091015e-05, 6.71992384014e-05, 5.92132710153e-05, 7.29601524654e-05, 8.82619788172e-05, 4.4480420911e-05, 1.41452610478e-05]}, "melbands_flatness_db": {"min": -1.72573102475e-08, "max": 1, "dvar2": 0.00398020073771, "median": 0.289761543274, "dmean2": 0.0501263253391, "dmean": 0.0341658219695, "var": 0.01646386832, "dvar": 0.00186592550017, "mean": 0.300117909908}, "melbands_skewness": {"min": -5.29922199249, "max": 27.7009716034, "dvar2": 4.62543725967, "median": 2.86914205551, "dmean2": 1.76591360569, "dmean": 1.18071603775, "var": 13.1866664886, "dvar": 2.07518601418, "mean": 3.85337996483}, "barkbands_skewness": {"min": -7.51927518845, "max": 21.5705108643, "dvar2": 3.07846403122, "median": 2.06495118141, "dmean2": 1.41553258896, "dmean": 0.963970959187, "var": 8.43695449829, "dvar": 1.49954795837, "mean": 2.71424603462}, "silence_rate_60dB": {"min": 0, "max": 1, "dvar2": 0.0372909083962, "median": 0, "dmean2": 0.0344480499625, "dmean": 0.0172220971435, "var": 0.126449912786, "dvar": 0.0169251058251, "mean": 0.148496031761}, "spectral_energyband_low": {"min": 1.01922485562e-23, "max": 0.469976902008, "dvar2": 0.00336674484424, "median": 0.0125245247036, "dmean2": 0.027266677469, "dmean": 0.0182462595403, "var": 0.00455774180591, "dvar": 0.00159988598898, "mean": 0.0377610549331}, "spectral_energyband_middle_low": {"min": 1.2853915422e-22, "max": 0.189451768994, "dvar2": 0.000594692188315, "median": 0.00385362631641, "dmean2": 0.00842394772917, "dmean": 0.00507452245802, "var": 0.000242396490648, "dvar": 0.00021940296574, "mean": 0.00879504811019}, "melbands_kurtosis": {"min": -1.85881543159, "max": 1086.84399414, "dvar2": 4050.58349609, "median": 12.3292942047, "dmean2": 31.8644866943, "dmean": 20.7105426788, "var": 6888.58398438, "dvar": 1788.79040527, "mean": 42.8327064514}, "spectral_decrease": {"min": -1.2429229912e-07, "max": 6.46843689722e-11, "dvar2": 2.22176583246e-16, "median": -6.75676137263e-09, "dmean2": 7.88232856763e-09, "dmean": 5.39342526196e-09, "var": 3.41338528225e-16, "dvar": 1.0880465771e-16, "mean": -1.30057191683e-08}, "erbbands_kurtosis": {"min": -1.84674525261, "max": 82.6088867188, "dvar2": 22.8691768646, "median": 0.41256403923, "dmean2": 2.46849775314, "dmean": 1.57624542713, "var": 47.2205314636, "dvar": 9.68362140656, "mean": 2.43403720856}, "melbands_crest": {"min": 1.00040400028, "max": 38.8029289246, "dvar2": 33.9426498413, "median": 20.1678600311, "dmean2": 5.61388349533, "dmean": 3.58213758469, "var": 72.9679260254, "dvar": 14.312582016, "mean": 20.3718776703}, "gfcc": {"cov": [[63581.5898438, 1698.27661133, -3777.84887695, 2542.3059082, -916.536621094, 1251.34570312, -1423.42468262, 776.724243164, -1372.05566406, 565.234130859, -85.4926528931, 605.256408691, -356.858612061], [1698.27661133, 2821.69628906, -361.824157715, -264.91784668, 230.996246338, -200.874588013, 100.54561615, -212.000701904, 120.223945618, -217.089675903, 113.227226257, -162.048446655, 67.5155792236], [-3777.84887695, -361.824157715, 1525.10546875, 254.134735107, 259.877838135, 181.608734131, 128.407287598, 123.432411194, 170.95552063, 67.8323440552, 39.3051986694, -10.4155349731, -2.25709033012], [2542.3059082, -264.91784668, 254.134735107, 989.614196777, 224.421554565, 290.384246826, 95.2764129639, 104.211891174, 127.852592468, 33.2378883362, 51.2510566711, 58.8879928589, -58.5143661499], [-916.536621094, 230.996246338, 259.877838135, 224.421554565, 489.578491211, 148.048370361, 211.286209106, 29.6386432648, 132.522247314, -3.8900270462, 83.9654769897, 7.40428781509, 21.8846244812], [1251.34570312, -200.874588013, 181.608734131, 290.384246826, 148.048370361, 400.349029541, 177.527252197, 123.744506836, 47.4947662354, 75.076171875, 42.5973968506, 58.4432868958, -2.69129443169], [-1423.42468262, 100.54561615, 128.407287598, 95.2764129639, 211.286209106, 177.527252197, 373.269348145, 78.8076248169, 152.720474243, 9.58159923553, 67.2762756348, 9.95423984528, 22.495262146], [776.724243164, -212.000701904, 123.432411194, 104.211891174, 29.6386432648, 123.744506836, 78.8076248169, 239.4402771, 64.0016174316, 89.8143768311, 16.0540218353, 36.077457428, -8.33155918121], [-1372.05566406, 120.223945618, 170.95552063, 127.852592468, 132.522247314, 47.4947662354, 152.720474243, 64.0016174316, 259.754547119, 22.2789459229, 55.994342804, -9.17717552185, 4.3509144783], [565.234130859, -217.089675903, 67.8323440552, 33.2378883362, -3.8900270462, 75.076171875, 9.58159923553, 89.8143768311, 22.2789459229, 164.343109131, 44.7803764343, 40.4258728027, 5.56611728668], [-85.4926528931, 113.227226257, 39.3051986694, 51.2510566711, 83.9654769897, 42.5973968506, 67.2762756348, 16.0540218353, 55.994342804, 44.7803764343, 131.681488037, 35.4129142761, 9.80020141602], [605.256408691, -162.048446655, -10.4155349731, 58.8879928589, 7.40428781509, 58.4432868958, 9.95423984528, 36.077457428, -9.17717552185, 40.4258728027, 35.4129142761, 112.164123535, 36.8169136047], [-356.858612061, 67.5155792236, -2.25709033012, -58.5143661499, 21.8846244812, -2.69129443169, 22.495262146, -8.33155918121, 4.3509144783, 5.56611728668, 9.80020141602, 36.8169136047, 130.848449707]], "icov": [[5.80573068873e-05, -0.000127684004838, 0.000131017557578, -0.00018337876827, 5.63750436413e-05, -0.000201127637411, 0.000242291163886, -0.000245342263952, 0.000278844148852, -0.000191335158888, 0.000109938402602, -0.000214684318053, 0.00012467225315], [-0.000127684004838, 0.000842304434627, -0.00012535386486, 0.000520315312315, -0.000370022258721, 0.000443749217084, -0.000425196893048, 0.000621564162429, -0.000836648338009, 0.00106228212826, -0.00105868687388, 0.00136147567537, -0.000689789128955], [0.000131017557578, -0.00012535386486, 0.00113428104669, -0.000418342737248, -0.00028395379195, -0.00066428235732, 0.000772207276896, -0.000720578536857, 0.000206831522519, -0.000440600415459, 0.000143921701238, 6.49012072245e-05, 9.25016502151e-05], [-0.00018337876827, 0.000520315312315, -0.000418342737248, 0.00218150229193, -0.000711136264727, -0.000475350301713, -4.43254793936e-05, 0.000713387737051, -0.0017109446926, 0.00119095493574, -0.00047563976841, 8.21827707114e-05, 0.00038067335845], [5.63750436413e-05, -0.000370022258721, -0.00028395379195, -0.000711136264727, 0.00356013490818, -0.000551119854208, -0.00101967900991, 9.9146986031e-05, 5.05760435772e-05, 0.000184332689969, -0.000913775525987, -4.60329938505e-05, -0.000331528164679], [-0.000201127637411, 0.000443749217084, -0.00066428235732, -0.000475350301713, -0.000551119854208, 0.00574116501957, -0.00313925626688, -7.42309348425e-05, 0.000521745241713, -0.000764755648561, 0.000139403666253, -0.000420213764301, -0.000133319786983], [0.000242291163886, -0.000425196893048, 0.000772207276896, -4.43254793936e-05, -0.00101967900991, -0.00313925626688, 0.00656185671687, -0.00184007105418, -0.00120847253129, 0.000770048005506, -0.000842335575726, -0.000177008361788, -0.000145287223859], [-0.000245342263952, 0.000621564162429, -0.000720578536857, 0.000713387737051, 9.9146986031e-05, -7.42309348425e-05, -0.00184007105418, 0.00761351687834, -0.00234113237821, -0.00208149757236, 0.000984150450677, -0.000317549565807, 0.000281801476376], [0.000278844148852, -0.000836648338009, 0.000206831522519, -0.0017109446926, 5.05760435772e-05, 0.000521745241713, -0.00120847253129, -0.00234113237821, 0.00785730779171, -0.00162098230794, -0.000637621909846, 0.000114179660159, 0.000314905279083], [-0.000191335158888, 0.00106228212826, -0.000440600415459, 0.00119095493574, 0.000184332689969, -0.000764755648561, 0.000770048005506, -0.00208149757236, -0.00162098230794, 0.0108560044318, -0.00446522142738, 0.000614990247414, -0.0011029439047], [0.000109938402602, -0.00105868687388, 0.000143921701238, -0.00047563976841, -0.000913775525987, 0.000139403666253, -0.000842335575726, 0.000984150450677, -0.000637621909846, -0.00446522142738, 0.0125984009355, -0.00509205367416, 0.00169936520979], [-0.000214684318053, 0.00136147567537, 6.49012072245e-05, 8.21827707114e-05, -4.60329938505e-05, -0.000420213764301, -0.000177008361788, -0.000317549565807, 0.000114179660159, 0.000614990247414, -0.00509205367416, 0.0154587365687, -0.00523907179013], [0.00012467225315, -0.000689789128955, 9.25016502151e-05, 0.00038067335845, -0.000331528164679, -0.000133319786983, -0.000145287223859, 0.000281801476376, 0.000314905279083, -0.0011029439047, 0.00169936520979, -0.00523907179013, 0.00998910982162]], "mean": [-110.909301758, 105.285018921, -91.5240936279, 14.7907772064, -34.4835090637, 12.3760499954, -23.677406311, 13.0934743881, -17.1237354279, 3.39962625504, -7.43555259705, 1.6534768343, -4.0939207077]}, "melbands_spread": {"min": 0.128006190062, "max": 223.027023315, "dvar2": 227.114440918, "median": 9.72283649445, "dmean2": 8.3206615448, "dmean": 5.36574697495, "var": 650.367614746, "dvar": 102.58870697, "mean": 17.0521678925}, "spectral_energy": {"min": 9.94517634885e-21, "max": 0.471253782511, "dvar2": 0.00322149158455, "median": 0.0266416203231, "dmean2": 0.0303331445903, "dmean": 0.0207514204085, "var": 0.0049688462168, "dvar": 0.00158088060562, "mean": 0.0504536367953}, "mfcc": {"cov": [[20744.9570312, 2214.46630859, -510.366363525, 853.861694336, 338.425201416, 72.5872955322, 424.509490967, 141.025161743, 53.9803848267, 43.3923416138, 230.987167358, 183.59727478, 443.040039062], [2214.46630859, 2834.11206055, -39.3968505859, 17.5821666718, 116.419288635, -20.391418457, 80.341468811, 1.65613007545, 24.9298667908, -13.9687099457, 28.4542369843, 14.42989254, 16.470659256], [-510.366363525, -39.3968505859, 906.465759277, 193.595840454, 213.985046387, 131.007064819, 66.4122543335, 104.510353088, 97.6517486572, 91.9878082275, 76.4935913086, 88.5170822144, 30.9248847961], [853.861694336, 17.5821666718, 193.595840454, 550.335144043, 220.38394165, 171.687667847, 56.2780570984, 144.026748657, 38.3788528442, 83.0486221313, 59.2267532349, 88.4681167603, 49.3902206421], [338.425201416, 116.419288635, 213.985046387, 220.38394165, 321.067962646, 131.790252686, 80.5027923584, 87.2379226685, 64.4569778442, 61.719909668, 51.1552352905, 84.9630889893, 49.8489303589], [72.5872955322, -20.391418457, 131.007064819, 171.687667847, 131.790252686, 330.262084961, 134.392974854, 164.468078613, 81.7479858398, 68.4922409058, 81.4849472046, 75.9863891602, 59.285533905], [424.509490967, 80.341468811, 66.4122543335, 56.2780570984, 80.5027923584, 134.392974854, 262.022735596, 106.789909363, 90.7077407837, 37.9896240234, 78.5167312622, 54.985080719, 67.1161880493], [141.025161743, 1.65613007545, 104.510353088, 144.026748657, 87.2379226685, 164.468078613, 106.789909363, 264.14553833, 84.3834991455, 92.9881515503, 73.9676361084, 95.3380279541, 31.2549591064], [53.9803848267, 24.9298667908, 97.6517486572, 38.3788528442, 64.4569778442, 81.7479858398, 90.7077407837, 84.3834991455, 183.562316895, 63.584312439, 63.5654716492, 24.27302742, 44.8848838806], [43.3923416138, -13.9687099457, 91.9878082275, 83.0486221313, 61.719909668, 68.4922409058, 37.9896240234, 92.9881515503, 63.584312439, 163.554992676, 78.2489624023, 49.2455787659, 8.71861362457], [230.987167358, 28.4542369843, 76.4935913086, 59.2267532349, 51.1552352905, 81.4849472046, 78.5167312622, 73.9676361084, 63.5654716492, 78.2489624023, 152.007354736, 95.936378479, 49.3199462891], [183.59727478, 14.42989254, 88.5170822144, 88.4681167603, 84.9630889893, 75.9863891602, 54.985080719, 95.3380279541, 24.27302742, 49.2455787659, 95.936378479, 171.006011963, 68.8907928467], [443.040039062, 16.470659256, 30.9248847961, 49.3902206421, 49.8489303589, 59.285533905, 67.1161880493, 31.2549591064, 44.8848838806, 8.71861362457, 49.3199462891, 68.8907928467, 135.975158691]], "icov": [[6.5365456976e-05, -4.51776759292e-05, 5.69086696487e-05, -0.000124111815239, -8.36010895e-06, 8.90887677087e-05, -7.92278515291e-05, -1.28595183924e-05, 5.56419945497e-05, 4.68157577416e-06, -8.20525965537e-05, 8.2960963482e-05, -0.000200019247131], [-4.51776759292e-05, 0.000399160460802, 9.47210901359e-06, 0.000107382395072, -0.000213303137571, 6.580560148e-05, -6.28390844213e-05, -1.02053054434e-05, -3.8432837755e-05, 9.81423145276e-05, -7.23064440535e-05, 6.26842120255e-06, 0.00017000400112], [5.69086696487e-05, 9.47210901359e-06, 0.00143585226033, -0.000231300000451, -0.000693824957125, -1.74071556103e-05, 1.24286625578e-05, 6.70191730023e-05, -0.000404425663874, -0.000185534372577, -0.000146932026837, -0.000232609876548, 0.000127837323816], [-0.000124111815239, 0.000107382395072, -0.000231300000451, 0.00313639780506, -0.00156176532619, -0.00077015167335, 0.000638294848613, -0.000896887679119, 0.000634422060102, -0.000442073214799, 5.49404649064e-05, 0.000100173041574, -0.000147567436215], [-8.36010895e-06, -0.000213303137571, -0.000693824957125, -0.00156176532619, 0.00564294308424, -0.000916890799999, -0.000675366492942, 0.000996713875793, -0.00100550579373, -0.000710367050488, 0.00154725136235, -0.00209892424755, 9.31094473344e-05], [8.90887677087e-05, 6.580560148e-05, -1.74071556103e-05, -0.00077015167335, -0.000916890799999, 0.00566348107532, -0.00131024746224, -0.00234272074886, 0.000114275106171, 0.000293757824693, -0.0012260164367, 0.000993836787529, -0.00107786618173], [-7.92278515291e-05, -6.28390844213e-05, 1.24286625578e-05, 0.000638294848613, -0.000675366492942, -0.00131024746224, 0.00628461549059, -0.00142673985101, -0.00121457560454, 0.00101360538974, -0.00191547337454, 0.000956391333602, -0.00137798825745], [-1.28595183924e-05, -1.02053054434e-05, 6.70191730023e-05, -0.000896887679119, 0.000996713875793, -0.00234272074886, -0.00142673985101, 0.00806789193302, -0.00199537328444, -0.00229703146033, 0.00197358638979, -0.00401009898633, 0.00198125210591], [5.56419945497e-05, -3.8432837755e-05, -0.000404425663874, 0.000634422060102, -0.00100550579373, 0.000114275106171, -0.00121457560454, -0.00199537328444, 0.00891467370093, -0.00152337888721, -0.00248659052886, 0.0033921035938, -0.00259983562864], [4.68157577416e-06, 9.81423145276e-05, -0.000185534372577, -0.000442073214799, -0.000710367050488, 0.000293757824693, 0.00101360538974, -0.00229703146033, -0.00152337888721, 0.0101706432179, -0.00466533983126, 0.000799608882517, 0.00147344754077], [-8.20525965537e-05, -7.23064440535e-05, -0.000146932026837, 5.49404649064e-05, 0.00154725136235, -0.0012260164367, -0.00191547337454, 0.00197358638979, -0.00248659052886, -0.00466533983126, 0.0149433501065, -0.00731594348326, 0.000155076369992], [8.2960963482e-05, 6.26842120255e-06, -0.000232609876548, 0.000100173041574, -0.00209892424755, 0.000993836787529, 0.000956391333602, -0.00401009898633, 0.0033921035938, 0.000799608882517, -0.00731594348326, 0.0137422345579, -0.00494851032272], [-0.000200019247131, 0.00017000400112, 0.000127837323816, -0.000147567436215, 9.31094473344e-05, -0.00107786618173, -0.00137798825745, 0.00198125210591, -0.00259983562864, 0.00147344754077, 0.000155076369992, -0.00494851032272, 0.011885101907]], "mean": [-733.793334961, 138.38822937, 6.26862001419, 17.7152729034, 12.4487028122, 4.15362024307, 10.377825737, 6.37501192093, 5.77998304367, 1.19463694096, 2.46263098717, 1.75716257095, 3.84491920471]}, "spectral_contrast_valleys": {"min": [-28.2353668213, -28.2327575684, -27.8977642059, -27.7952365875, -27.5042800903, -27.4237537384], "max": [-4.73462867737, -4.32672739029, -4.75077104568, -5.60441827774, -5.37011384964, -7.05897951126], "dvar2": [0.366444885731, 0.601505875587, 0.384171158075, 0.436343729496, 0.50920343399, 0.456951916218], "median": [-6.97496652603, -7.24174070358, -7.74928951263, -8.10937023163, -8.17578887939, -10.8866891861], "dmean2": [0.66421186924, 0.716793298721, 0.591589033604, 0.519320130348, 0.455031335354, 0.431847810745], "dmean": [0.407210379839, 0.44093734026, 0.377865493298, 0.332694381475, 0.302885293961, 0.308088392019], "var": [14.4713916779, 13.3385763168, 12.888800621, 12.707824707, 12.9922657013, 10.6025524139], "dvar": [0.16964571178, 0.256753951311, 0.190078243613, 0.20944903791, 0.250603318214, 0.241338551044], "mean": [-8.19072723389, -8.11933326721, -8.64794540405, -9.06439685822, -9.18850421906, -11.716919899]}, "barkbands_flatness_db": {"min": 0.0126814004034, "max": 0.844793021679, "dvar2": 0.00281839305535, "median": 0.190498158336, "dmean2": 0.0434040464461, "dmean": 0.0294304806739, "var": 0.0106419231743, "dvar": 0.00131413980853, "mean": 0.207578331232}, "dynamic_complexity": 5.63049793243, "erbbands_flatness_db": {"min": 0.0292464736849, "max": 0.562872111797, "dvar2": 0.00104535720311, "median": 0.158403724432, "dmean2": 0.0273990724236, "dmean": 0.0188126079738, "var": 0.00627210130915, "dvar": 0.000518573040608, "mean": 0.174620732665}, "hfc": {"min": 1.0606