{"lowlevel": {"spectral_complexity": {"min": 0, "max": 59, "dvar2": 39.7835960388, "median": 16, "dmean2": 5.53069019318, "dmean": 4.00239801407, "var": 147.999847412, "dvar": 25.4935779572, "mean": 18.3097038269}, "silence_rate_20dB": {"min": 1, "max": 1, "dvar2": 0, "median": 1, "dmean2": 0, "dmean": 0, "var": 0, "dvar": 0, "mean": 1}, "average_loudness": 0.894913971424, "erbbands_spread": {"min": 4.57618236542, "max": 112.683128357, "dvar2": 108.565963745, "median": 28.4602432251, "dmean2": 10.2342300415, "dmean": 6.706823349, "var": 229.727798462, "dvar": 50.1049957275, "mean": 31.5247955322}, "spectral_kurtosis": {"min": -1.23604929447, "max": 147.434432983, "dvar2": 111.446304321, "median": 4.4583978653, "dmean2": 5.49820137024, "dmean": 3.26404666901, "var": 185.061920166, "dvar": 42.9440040588, "mean": 8.94686698914}, "barkbands_kurtosis": {"min": -1.83687210083, "max": 3109.83251953, "dvar2": 3130.76977539, "median": 1.22519111633, "dmean2": 5.22216129303, "dmean": 3.44240999222, "var": 2647.44799805, "dvar": 1429.46777344, "mean": 5.00033330917}, "spectral_strongpeak": {"min": 0, "max": 11.6332502365, "dvar2": 1.18142473698, "median": 0.255313277245, "dmean2": 0.657983899117, "dmean": 0.385586023331, "var": 0.710085988045, "dvar": 0.45535966754, "mean": 0.562702178955}, "spectral_spread": {"min": 523161.09375, "max": 42013636, "dvar2": 1116968583170.0, "median": 3534481.5, "dmean2": 650916.8125, "dmean": 456960.375, "var": 3296598163460.0, "dvar": 568983879680, "mean": 3674026.25}, "spectral_rms": {"min": 3.16621989044e-12, "max": 0.0127839380875, "dvar2": 3.15569559461e-06, "median": 0.00348505144939, "dmean2": 0.00139696383849, "dmean": 0.000974057300482, "var": 5.1902402447e-06, "dvar": 1.70068756233e-06, "mean": 0.00402308162302}, "erbbands": {"min": [2.61362163944e-22, 1.43324863781e-21, 2.04519719829e-21, 1.16600001147e-20, 1.50537549547e-20, 2.58769932173e-20, 5.8621611465e-20, 6.4155598397e-20, 2.98339981162e-19, 4.68440394201e-19, 3.28146038668e-19, 7.52814904135e-19, 9.74473562303e-19, 6.62619181841e-19, 1.30282042491e-18, 2.52343626094e-18, 2.75147527336e-18, 4.20265488384e-18, 3.84153016227e-18, 5.11336088592e-18, 5.04725095701e-18, 4.46591628072e-18, 5.74270884727e-18, 9.96607137057e-18, 8.48684496065e-18, 1.08393317335e-17, 1.15116674441e-17, 1.01573287631e-17, 1.21760001823e-17, 1.24032647469e-17, 1.59085095942e-17, 1.25177672232e-17, 1.15194512137e-17, 8.61365092138e-18, 7.21657264528e-18, 4.59963044033e-18, 2.83504595103e-18, 9.91855005117e-19, 3.11052558105e-19, 2.94190823822e-20], "max": [2.41778230667, 22.5283241272, 103.444824219, 62.5174446106, 258.788513184, 252.065048218, 182.699249268, 352.949737549, 405.125274658, 810.350036621, 671.777282715, 983.307983398, 1291.76647949, 1056.67285156, 795.436401367, 1907.46008301, 1185.49194336, 703.350646973, 1998.12988281, 629.289489746, 1272.84570312, 535.292724609, 572.229553223, 462.311523438, 412.239624023, 817.346252441, 277.462188721, 354.248474121, 371.678253174, 157.160522461, 165.93637085, 55.2365036011, 30.8403835297, 16.8410205841, 9.71719646454, 4.70604896545, 1.43188130856, 0.416734427214, 0.0540333762765, 0.00529369479045], "dvar2": [0.111652843654, 5.44306278229, 56.2747421265, 25.5950126648, 337.504821777, 382.573638916, 595.232177734, 4573.95507812, 5312.98583984, 1571.45617676, 1422.08508301, 7252.67236328, 5964.31347656, 3890.68310547, 3078.20532227, 4863.89697266, 2954.59545898, 3083.44384766, 5022.58349609, 1248.51489258, 1367.68640137, 358.059295654, 560.202819824, 648.048339844, 445.919952393, 618.501159668, 236.499038696, 302.051483154, 205.928482056, 76.7913818359, 49.0438537598, 11.3722114563, 4.41517543793, 2.57369756699, 1.02431714535, 0.337110877037, 0.0380409918725, 0.0049368632026, 6.75521296216e-05, 7.50313290609e-07], "median": [0.0117275705561, 0.230524748564, 1.01411283016, 0.70744818449, 1.24499464035, 2.28711605072, 2.51098752022, 3.61355233192, 6.37042760849, 7.77389144897, 7.72378730774, 10.4763011932, 9.51410293579, 9.52150630951, 11.3775444031, 11.1452178955, 9.44989299774, 7.31920957565, 6.54847717285, 6.24550867081, 5.6125459671, 4.07508468628, 3.09965801239, 3.80761742592, 2.97588133812, 2.74241995811, 1.86379718781, 1.35529947281, 0.874689400196, 0.644763588905, 0.342947900295, 0.194187864661, 0.105728022754, 0.0516295805573, 0.0194552317262, 0.00601415196434, 0.00144373660441, 0.000314947217703, 4.05356331612e-05, 1.85801982298e-05], "dmean2": [0.167851626873, 1.29060339928, 4.19293117523, 2.48893737793, 4.69917440414, 6.527967453, 12.9770364761, 28.555223465, 28.8270111084, 20.4009876251, 19.8592605591, 40.1775283813, 36.9223213196, 34.2956466675, 29.6441783905, 34.2815208435, 25.9807929993, 26.7714366913, 23.9968624115, 16.0900287628, 13.8158359528, 8.65740203857, 8.49284744263, 11.6048192978, 9.30342674255, 8.54588985443, 6.45929908752, 5.10860490799, 4.4338054657, 3.05085754395, 2.30718064308, 1.43893492222, 0.872832298279, 0.629031717777, 0.344371765852, 0.189156398177, 0.0649320930243, 0.0211053323001, 0.00247317063622, 0.000255319639109], "dmean": [0.132405802608, 0.853302836418, 2.57511019707, 1.51433312893, 2.76891851425, 3.76918840408, 7.29879903793, 16.2953872681, 16.4163818359, 12.3342666626, 12.0251293182, 24.4646148682, 21.9880771637, 20.6059112549, 18.0242824554, 21.0496520996, 16.3979721069, 16.4141407013, 15.3071117401, 10.4889707565, 8.83308887482, 5.67744445801, 5.63397502899, 7.64261722565, 6.37426233292, 5.75308609009, 4.4078130722, 3.49492025375, 3.11984324455, 2.20173430443, 1.62279629707, 1.00851130486, 0.616177201271, 0.433782488108, 0.246221020818, 0.129970341921, 0.0467882193625, 0.0148143908009, 0.00182755163405, 0.000174492932274], "var": [0.12985534966, 4.84296417236, 29.2495746613, 11.5140781403, 109.862213135, 127.9559021, 241.682937622, 2477.2824707, 1648.31799316, 856.335083008, 1159.88000488, 4045.30664062, 3516.12011719, 3126.66821289, 2353.59570312, 3522.07958984, 2331.32885742, 2286.5168457, 4057.39355469, 1529.70629883, 1253.22851562, 361.150695801, 600.593017578, 741.594482422, 552.815002441, 510.149414062, 203.062591553, 150.527359009, 120.299964905, 50.0491676331, 29.915681839, 11.3942737579, 4.00990486145, 1.97661960125, 0.703615069389, 0.201419979334, 0.0310683194548, 0.00302543980069, 4.97233959322e-05, 3.88833257148e-07], "dvar": [0.0694196075201, 3.0215139389, 23.2342166901, 10.3042545319, 122.704124451, 127.024559021, 211.034133911, 1803.2043457, 1950.11425781, 628.115478516, 586.497070312, 2761.32910156, 2231.43383789, 1581.51782227, 1202.46252441, 2045.79016113, 1182.38269043, 1245.49707031, 2110.609375, 543.008850098, 595.045227051, 159.747451782, 249.212554932, 286.066345215, 209.285964966, 255.76789856, 109.503326416, 123.357925415, 87.4924697876, 34.2094497681, 22.2748565674, 6.31669092178, 2.40548849106, 1.35828542709, 0.517817497253, 0.168919458985, 0.0220340490341, 0.00251611927524, 3.6779740185e-05, 3.56285454473e-07], "mean": [0.158983498812, 1.09356701374, 3.04980707169, 1.80264484882, 3.33641839027, 5.07532215118, 8.32267570496, 21.1199474335, 19.1040115356, 16.891620636, 18.5487957001, 33.9710731506, 31.8953475952, 32.3397636414, 29.6194477081, 31.5123691559, 28.4151477814, 27.2867584229, 27.6088485718, 20.4189071655, 16.3742370605, 10.8271875381, 10.6535921097, 14.276968956, 12.2045793533, 10.5228900909, 7.26028347015, 5.42410135269, 5.01144170761, 3.38611578941, 2.32741045952, 1.52292060852, 0.866594076157, 0.551719486713, 0.289893627167, 0.133247807622, 0.0506816208363, 0.0143901240081, 0.0019056837773, 0.000172275278601]}, "zerocrossingrate": {"min": 0, "max": 0.5126953125, "dvar2": 0.00016710597265, "median": 0.048828125, "dmean2": 0.0102914152667, "dmean": 0.00874511618167, "var": 0.00102132174652, "dvar": 0.000122081124573, "mean": 0.05108307302}, "spectral_contrast_coeffs": {"min": [-0.985121309757, -0.966729402542, -0.970989406109, -0.963027358055, -0.966286361217, -0.963709354401], "max": [-0.30465862155, -0.449838727713, -0.49298197031, -0.56230533123, -0.563250005245, -0.532092273235], "dvar2": [0.00472542550415, 0.00439131306484, 0.00258050300181, 0.00152415421326, 0.000883877102751, 0.000927278539166], "median": [-0.668021678925, -0.775700449944, -0.804063200951, -0.807803332806, -0.802347898483, -0.747833073139], "dmean2": [0.0850670412183, 0.0816421508789, 0.0635287538171, 0.0485094487667, 0.0349180325866, 0.030046639964], "dmean": [0.0507987812161, 0.0487498044968, 0.0383285209537, 0.0294265244156, 0.0217988882214, 0.019237190485], "var": [0.00571743631735, 0.00440089264885, 0.00341207697056, 0.0030324223917, 0.00247784471139, 0.00294375792146], "dvar": [0.00172288459726, 0.00161149981432, 0.000951909285504, 0.000611234689131, 0.000388126354665, 0.000430626620073], "mean": [-0.662647366524, -0.769288599491, -0.796020805836, -0.796118795872, -0.793753266335, -0.749624967575]}, "dissonance": {"min": 0.150225043297, "max": 0.500000178814, "dvar2": 0.00139858748298, "median": 0.476112365723, "dmean2": 0.0354735441506, "dmean": 0.0206650365144, "var": 0.00111965555698, "dvar": 0.00051296124002, "mean": 0.466054737568}, "spectral_energyband_high": {"min": 7.41323384717e-21, "max": 0.014376712963, "dvar2": 1.45067792801e-06, "median": 0.000143847370055, "dmean2": 0.000507380289491, "dmean": 0.000375699950382, "var": 1.38577695452e-06, "dvar": 7.54963366489e-07, "mean": 0.000631226110272}, "spectral_skewness": {"min": -0.103691339493, "max": 10.1417655945, "dvar2": 0.451946765184, "median": 1.59401452541, "dmean2": 0.495874077082, "dmean": 0.305193603039, "var": 1.2687267065, "dvar": 0.184255287051, "mean": 1.89366567135}, "spectral_flux": {"min": 6.44389819282e-11, "max": 0.34785553813, "dvar2": 0.00363587890752, "median": 0.0704467371106, "dmean2": 0.0451588481665, "dmean": 0.0283196084201, "var": 0.00286817690358, "dvar": 0.0015384866856, "mean": 0.0803445279598}, "silence_rate_30dB": {"min": 0, "max": 1, "dvar2": 0.0289502125233, "median": 1, "dmean2": 0.0206850040704, "dmean": 0.0103417262435, "var": 0.00603381497785, "dvar": 0.0102346427739, "mean": 0.993930339813}, "spectral_energyband_middle_high": {"min": 1.42429051008e-21, "max": 0.0626615658402, "dvar2": 2.71258959401e-05, "median": 0.00230173626915, "dmean2": 0.00302713504061, "dmean": 0.00199850765057, "var": 4.23127821705e-05, "dvar": 1.23013023767e-05, "mean": 0.00498158205301}, "barkbands_spread": {"min": 0.101317249238, "max": 108.00994873, "dvar2": 84.3101348877, "median": 18.8944816589, "dmean2": 7.96841955185, "dmean": 5.149122715, "var": 141.660736084, "dvar": 36.7252845764, "mean": 20.0230541229}, "spectral_centroid": {"min": 121.942695618, "max": 12031.1621094, "dvar2": 170999.96875, "median": 1181.39416504, "dmean2": 374.230224609, "dmean": 240.362716675, "var": 487063, "dvar": 75994.4921875, "mean": 1252.22839355}, "pitch_salience": {"min": 0.0132598234341, "max": 0.948312878609, "dvar2": 0.0169594790787, "median": 0.585110366344, "dmean2": 0.136631205678, "dmean": 0.0860235020518, "var": 0.0168062243611, "dvar": 0.00686630653217, "mean": 0.572263717651}, "erbbands_skewness": {"min": -3.22047233582, "max": 4.96512985229, "dvar2": 0.219968855381, "median": 0.280588537455, "dmean2": 0.515684962273, "dmean": 0.327249288559, "var": 0.38142183423, "dvar": 0.0898901671171, "mean": 0.30188792944}, "erbbands_crest": {"min": 2.45069694519, "max": 32.0952682495, "dvar2": 13.6051874161, "median": 6.9044303894, "dmean2": 3.83318305016, "dmean": 2.36301660538, "var": 16.5094394684, "dvar": 5.65139865875, "mean": 8.15281772614}, "melbands": {"min": [4.17614088539e-24, 1.45045399313e-24, 2.38666869203e-24, 1.08834366485e-24, 3.02565213893e-24, 1.55678810442e-24, 4.16990888424e-24, 4.83018191203e-24, 1.70354749141e-24, 5.83509722527e-24, 4.22762983667e-24, 2.49227093762e-24, 4.09368204383e-24, 5.69328646135e-24, 5.26256012406e-24, 5.86265450327e-24, 6.67601466719e-24, 4.92210945104e-24, 6.51601987055e-24, 5.88525497377e-24, 5.49071447507e-24, 3.76716502098e-24, 5.28148686933e-24, 5.1931040768e-24, 6.85585365434e-24, 7.07076855277e-24, 5.02007019825e-24, 6.94588556059e-24, 6.97466636186e-24, 7.45030688922e-24, 5.19370045564e-24, 5.5244789051e-24, 6.22485919904e-24, 5.20792322333e-24, 7.81466123095e-24, 9.39533969207e-24, 7.13219005172e-24, 7.16727227389e-24, 5.66009316661e-24, 7.04693785369e-24], "max": [0.0230914354324, 0.0429409183562, 0.0157098751515, 0.0158875696361, 0.00739761721343, 0.00768084451556, 0.005901156459, 0.0074171833694, 0.00531190773472, 0.00608366588131, 0.0065906108357, 0.00450478168204, 0.00321963778697, 0.00442760623991, 0.00356716453098, 0.00174099928699, 0.00132258236408, 0.00329475291073, 0.00158922921401, 0.00103556958493, 0.00141511613037, 0.000760637864005, 0.000453132466646, 0.000710156047717, 0.000426899408922, 0.000374316558009, 0.00034330386552, 0.000574597797822, 0.000245227885898, 0.00020439196669, 0.000201664195629, 0.000268419389613, 9.53118433245e-05, 0.000111974339234, 9.8427204648e-05, 7.17354341759e-05, 2.2475118385e-05, 2.34043473029e-05, 1.7862623281e-05, 1.3482450413e-05], "dvar2": [7.05515139998e-06, 1.21723633129e-05, 1.14595798095e-06, 1.89744787349e-06, 6.81064477703e-07, 2.05864580494e-06, 1.03542265606e-06, 1.48475692185e-07, 9.59269925715e-08, 3.35397260187e-07, 1.56795948669e-07, 7.59153451213e-08, 4.02452116077e-08, 5.05622494984e-08, 1.90555020652e-08, 1.20055325681e-08, 1.3136380872e-08, 1.45240690586e-08, 4.96265606387e-09, 3.22160076394e-09, 1.79916159748e-09, 6.10092809605e-10, 4.44371789365e-10, 5.49390977156e-10, 5.62493385203e-10, 4.88018681022e-10, 2.34843644531e-10, 3.42728623259e-10, 1.48211012907e-10, 1.06897130037e-10, 9.6076216427e-11, 1.04089077635e-10, 2.94388263766e-11, 3.10769639189e-11, 2.21295985009e-11, 8.48482915872e-12, 4.10568194026e-12, 2.82534087272e-12, 2.36142962823e-12, 1.94137197637e-12], "median": [0.000182620933629, 0.000503763032611, 0.000148383463966, 0.000135589943966, 9.65739236563e-05, 8.25597307994e-05, 9.9513825262e-05, 8.42452136567e-05, 6.22319057584e-05, 6.32215451333e-05, 4.49190447398e-05, 3.6067016481e-05, 3.61211241398e-05, 3.28825917677e-05, 2.34113995248e-05, 1.69780269061e-05, 1.19174455904e-05, 9.64611626841e-06, 7.57596671974e-06, 7.40809673516e-06, 5.60146281714e-06, 4.02051591664e-06, 3.11465942104e-06, 2.26108522838e-06, 2.94297728942e-06, 2.34079470829e-06, 1.60927493198e-06, 1.73818170879e-06, 1.16811133921e-06, 7.832876463e-07, 7.35960384191e-07, 4.73550130664e-07, 4.04442118906e-07, 2.98632897966e-07, 1.92511720343e-07, 1.26026463931e-07, 1.06029183655e-07, 7.25350020048e-08, 4.72101362448e-08, 3.80444440395e-08], "dmean2": [0.00143289193511, 0.00194733496755, 0.000490537262522, 0.000422778131906, 0.000432487868238, 0.000614984077401, 0.000416555383708, 0.000207085831789, 0.000163660210092, 0.000270840304438, 0.00018868711777, 0.000146959748236, 0.000102450561826, 0.000111871428089, 6.49709909339e-05, 5.55970582354e-05, 5.41846056876e-05, 4.10467437177e-05, 2.94209221465e-05, 2.40066165134e-05, 1.65617984749e-05, 1.03992006188e-05, 9.33992305363e-06, 7.89365913079e-06, 1.05769477159e-05, 9.09334812604e-06, 6.11045288679e-06, 6.24538188276e-06, 4.76493323731e-06, 3.53040422851e-06, 3.05290132019e-06, 2.9205575629e-06, 2.12068766814e-06, 1.71848682839e-06, 1.5300014411e-06, 1.03158424736e-06, 8.99950293842e-07, 6.77795526371e-07, 5.7238133877e-07, 5.57796056455e-07], "dmean": [0.00109550869092, 0.00123427750077, 0.000299348175758, 0.000244635361014, 0.000243586793658, 0.000348590518115, 0.000240372130065, 0.000125467646285, 0.000100104749436, 0.000164354918525, 0.000112020235974, 8.77843776834e-05, 6.20606879238e-05, 6.68964421493e-05, 4.04997517762e-05, 3.49134352291e-05, 3.26059416693e-05, 2.58696054516e-05, 1.91725084733e-05, 1.49103516378e-05, 1.04924338302e-05, 6.65508741804e-06, 6.00431485509e-06, 5.17800572197e-06, 6.84408223606e-06, 6.05787363384e-06, 4.09314498029e-06, 4.10172424381e-06, 3.17148328577e-06, 2.3764891921e-06, 2.01516786547e-06, 1.93476648747e-06, 1.49713252995e-06, 1.20797210457e-06, 1.04005437151e-06, 7.31921261377e-07, 6.04464275966e-07, 4.77472724469e-07, 3.91795367705e-07, 3.76395917101e-07], "var": [8.72329383128e-06, 7.78138110036e-06, 5.11182861374e-07, 6.23695711965e-07, 2.63573269876e-07, 1.11681254111e-06, 3.37393743166e-07, 8.58986126673e-08, 7.83955087513e-08, 1.76660023499e-07, 8.90362557016e-08, 5.41393809783e-08, 2.91795139162e-08, 3.05479836982e-08, 1.44635947663e-08, 1.01501997918e-08, 8.70247962581e-09, 1.13517453215e-08, 4.67842253826e-09, 2.87020274214e-09, 1.69535696593e-09, 4.8643844508e-10, 4.20693563319e-10, 5.62476676347e-10, 5.63543656185e-10, 4.86596207772e-10, 2.61062033102e-10, 2.37336233999e-10, 1.10749749649e-10, 5.98501387339e-11, 4.89587051455e-11, 5.02038549621e-11, 2.20494889708e-11, 1.61769868334e-11, 1.1913936851e-11, 6.17857154328e-12, 3.97274747821e-12, 2.20232252574e-12, 1.43389564545e-12, 1.51246690953e-12], "dvar": [4.50797779195e-06, 5.54698908672e-06, 4.57120677311e-07, 6.20288517439e-07, 2.41011491653e-07, 8.09084724551e-07, 3.85616147014e-07, 5.95732387865e-08, 3.9699163068e-08, 1.26889958096e-07, 5.85977133483e-08, 3.04455731737e-08, 1.52694337174e-08, 2.04253112202e-08, 7.59448415266e-09, 5.01556707277e-09, 5.15934983625e-09, 6.06806027648e-09, 2.12857687032e-09, 1.34416000552e-09, 8.01988475629e-10, 2.62157545672e-10, 1.96776497874e-10, 2.39922998135e-10, 2.42768111169e-10, 2.16166556877e-10, 1.13169314198e-10, 1.36423594643e-10, 6.57405727078e-11, 4.43314863985e-11, 3.9624768744e-11, 4.23100200708e-11, 1.32695850835e-11, 1.31112586066e-11, 9.65712752821e-12, 4.05532291775e-12, 2.25260955722e-12, 1.43602285011e-12, 1.04149447313e-12, 1.05771218607e-12], "mean": [0.00139626220334, 0.00156290689483, 0.000362732185749, 0.000330118753482, 0.000283282541204, 0.000456009933259, 0.000283947651042, 0.000176570014446, 0.000152245862409, 0.000223153445404, 0.000156561291078, 0.000129506355734, 0.000100270452094, 9.19265512493e-05, 6.63870887365e-05, 5.78094404773e-05, 4.98254194099e-05, 4.43484423158e-05, 3.24033971992e-05, 2.56429284491e-05, 1.78199315997e-05, 1.14300382847e-05, 9.97934239422e-06, 9.34116633289e-06, 1.18762363854e-05, 1.06017760118e-05, 7.20222760719e-06, 6.9320331022e-06, 4.88851082991e-06, 3.51090920958e-06, 2.97436668006e-06, 2.95410222861e-06, 2.30623072639e-06, 1.75186960405e-06, 1.41160501244e-06, 1.04438640847e-06, 8.96250696769e-07, 6.24523863735e-07, 5.00733051467e-07, 4.61745941038e-07]}, "spectral_entropy": {"min": 4.87575340271, "max": 9.81429100037, "dvar2": 0.0682462006807, "median": 7.58949708939, "dmean2": 0.227012097836, "dmean": 0.151066660881, "var": 0.317968338728, "dvar": 0.037148501724, "mean": 7.4300570488}, "spectral_rolloff": {"min": 21.533203125, "max": 19078.4179688, "dvar2": 1072858.125, "median": 1055.12695312, "dmean2": 658.237548828, "dmean": 401.172515869, "var": 1333684, "dvar": 470524.78125, "mean": 1253.57092285}, "barkbands": {"min": [4.94069353485e-25, 9.79259821103e-24, 5.36709651995e-25, 5.49672717289e-24, 9.0871538245e-24, 7.28470053052e-24, 1.68270420857e-23, 1.53740691611e-23, 3.87354307182e-23, 2.0818197061e-23, 2.1430588204e-23, 5.47782614448e-23, 5.06743198705e-23, 9.34301675704e-23, 7.98721982081e-23, 1.07567861346e-22, 6.51198871244e-23, 9.10495999286e-23, 2.14070470168e-22, 2.28048908704e-22, 2.42398578871e-22, 3.79154849068e-22, 5.03299669392e-22, 7.39976621185e-22, 1.12050701648e-21, 1.60867787357e-21, 2.25839815442e-21], "max": [0.0251258350909, 0.0881107151508, 0.0882434695959, 0.0318887159228, 0.0626007765532, 0.0347866974771, 0.0358502902091, 0.0267487857491, 0.032530952245, 0.0359602421522, 0.0250432193279, 0.0382408723235, 0.0261334627867, 0.017568025738, 0.0323858559132, 0.0203185006976, 0.00898191239685, 0.0107517847791, 0.00955442432314, 0.0126854814589, 0.00648214761168, 0.00741212209687, 0.00573193235323, 0.00180173467379, 0.001334022847, 0.00091744074598, 0.000394034752389], "dvar2": [1.17556987789e-06, 9.59639874054e-05, 3.6806355638e-05, 4.05826540373e-06, 3.17779667967e-05, 4.04581005569e-05, 2.28125136346e-05, 2.86118756776e-06, 1.30123826239e-05, 5.46573664906e-06, 2.27849182011e-06, 3.06914103021e-06, 1.47560740515e-06, 1.34326865009e-06, 1.44539126268e-06, 5.56218481051e-07, 1.57856050009e-07, 1.87208030411e-07, 2.8008818731e-07, 2.09839029708e-07, 1.44372549471e-07, 1.11504007805e-07, 6.72972149118e-08, 1.83163901823e-08, 1.86932069823e-08, 1.66966298565e-08, 4.20330881212e-09], "median": [0.000360590318451, 0.000786403368693, 0.000817903550342, 0.000107227562694, 0.000652227085084, 0.000427511607995, 0.000465942866867, 0.000335574179189, 0.000455425906694, 0.000269806798315, 0.000248680589721, 0.000246927666012, 0.000185623270227, 0.00012590487313, 0.000106880943349, 9.60040706559e-05, 7.82426359365e-05, 4.98969748151e-05, 6.96858187439e-05, 5.62878376513e-05, 3.85467101296e-05, 2.45974097197e-05, 1.27481143863e-05, 8.0587424236e-06, 3.60102876584e-06, 9.81300900094e-07, 1.7816707043e-07], "dmean2": [0.000534384394996, 0.00545281730592, 0.00338832964189, 0.000809271645267, 0.00182047695853, 0.00288122240454, 0.00201365863904, 0.000907638284843, 0.00176278001163, 0.00113085552584, 0.000798228255007, 0.000872293720022, 0.00059145904379, 0.000554843631107, 0.000439943367383, 0.000300317362417, 0.000193421597942, 0.000162526921486, 0.000228687626077, 0.000184656237252, 0.000137476061354, 0.000114989634312, 8.25441893539e-05, 5.9011792473e-05, 5.0886268582e-05, 4.14517417084e-05, 1.90327136806e-05], "dmean": [0.000516515225172, 0.00393823068589, 0.00204917788506, 0.000496029970236, 0.00104378093965, 0.00162715045735, 0.00115351448767, 0.000542651163414, 0.00105623295531, 0.000681607984006, 0.000488826190121, 0.000526599877048, 0.00036692636786, 0.000334323442075, 0.000281069660559, 0.000189416037756, 0.000123890989926, 0.00010650447075, 0.000153654807946, 0.000123281177366, 9.40300669754e-05, 8.13818405732e-05, 5.87924332649e-05, 4.15917093051e-05, 3.58026009053e-05, 2.90719472105e-05, 1.34435595101e-05], "var": [3.9058445509e-06, 0.000110277658678, 1.70863204403e-05, 1.8515102056e-06, 1.04996906884e-05, 2.28305634664e-05, 7.2645570981e-06, 1.97814529201e-06, 6.79545564708e-06, 3.16963087243e-06, 1.71611043243e-06, 2.05270634979e-06, 1.09652171432e-06, 9.83552922662e-07, 1.19560354506e-06, 5.02100306221e-07, 1.4035907725e-07, 2.04906967838e-07, 3.04932143536e-07, 2.01076929329e-07, 9.59418073876e-08, 7.33809315534e-08, 3.99376318683e-08, 1.87075652747e-08, 1.42715990137e-08, 1.0993075783e-08, 2.54180831938e-09], "dvar": [1.05866718059e-06, 5.96266436332e-05, 1.44391215144e-05, 1.6758892798e-06, 1.04867394839e-05, 1.58762413776e-05, 8.43496763991e-06, 1.15657587685e-06, 4.90003549203e-06, 2.09938252738e-06, 8.72124473972e-07, 1.27403257011e-06, 5.90312026816e-07, 5.28861789917e-07, 6.12072653894e-07, 2.38337094061e-07, 6.91149111276e-08, 8.31065349871e-08, 1.24322326656e-07, 9.25165579702e-08, 6.28463467933e-08, 4.8719162038e-08, 3.01050846474e-08, 1.04071231632e-08, 9.8807406701e-09, 8.77205330596e-09, 2.12169859459e-09], "mean": [0.00105776020791, 0.00510666659102, 0.00236076954752, 0.000503886782099, 0.00141664466355, 0.002140739467, 0.00131774903275, 0.000772908213548, 0.00145321094897, 0.000936578551773, 0.000765119446442, 0.000732863729354, 0.000604111002758, 0.000516417552717, 0.000473999039968, 0.000326944136759, 0.000210618294659, 0.000193636005861, 0.000285260844976, 0.000218392364332, 0.000149379848153, 0.000131563283503, 8.56839469634e-05, 6.16864199401e-05, 4.45608384325e-05, 2.96602174785e-05, 1.29377967824e-05]}, "melbands_flatness_db": {"min": 0.00481301965192, "max": 0.62217861414, "dvar2": 0.0021733767353, "median": 0.18948738277, "dmean2": 0.0464598685503, "dmean": 0.0312573350966, "var": 0.0105352019891, "dvar": 0.0011469515739, "mean": 0.221131846309}, "melbands_skewness": {"min": -1.10733914375, "max": 22.7631168365, "dvar2": 1.6635440588, "median": 1.93103599548, "dmean2": 1.20080447197, "dmean": 0.791483402252, "var": 2.68217182159, "dvar": 0.751023232937, "mean": 2.28579640388}, "barkbands_skewness": {"min": -2.13112354279, "max": 49.4904556274, "dvar2": 1.49402284622, "median": 1.13495373726, "dmean2": 0.881743013859, "dmean": 0.584275186062, "var": 2.34877300262, "dvar": 0.697371602058, "mean": 1.36487960815}, "silence_rate_60dB": {"min": 0, "max": 1, "dvar2": 0.125583410263, "median": 0, "dmean2": 0.11301805824, "dmean": 0.0565047971904, "var": 0.11177764833, "dvar": 0.053312022239, "mean": 0.128212809563}, "spectral_energyband_low": {"min": 2.31429480605e-23, "max": 0.134089320898, "dvar2": 0.000188068021089, "median": 0.00229844800197, "dmean2": 0.00807238556445, "dmean": 0.00560239190236, "var": 0.000200904541998, "dvar": 0.000108922438812, "mean": 0.00810560397804}, "spectral_energyband_middle_low": {"min": 1.56921359848e-22, "max": 0.0842095464468, "dvar2": 0.000213113220525, "median": 0.00432787137106, "dmean2": 0.00782419461757, "dmean": 0.00461359973997, "var": 0.000106084196887, "dvar": 8.05117961136e-05, "mean": 0.00792173016816}, "melbands_kurtosis": {"min": -1.77472758293, "max": 705.647155762, "dvar2": 467.183044434, "median": 4.99200773239, "dmean2": 10.0387239456, "dmean": 6.51681518555, "var": 523.843566895, "dvar": 199.103118896, "mean": 10.913064003}, "spectral_decrease": {"min": -4.20078407615e-08, "max": 9.88450803148e-29, "dvar2": 3.45000423709e-17, "median": -3.07335068506e-09, "dmean2": 3.76735664886e-09, "dmean": 2.54879206629e-09, "var": 3.59881138231e-17, "dvar": 1.72304153506e-17, "mean": -5.42050626606e-09}, "erbbands_kurtosis": {"min": -1.80821084976, "max": 25.9332885742, "dvar2": 2.17523193359, "median": 0.0459132194519, "dmean2": 1.21318912506, "dmean": 0.749751269817, "var": 2.33247089386, "dvar": 0.889665782452, "mean": 0.338505148888}, "melbands_crest": {"min": 1.57480061054, "max": 39.7235031128, "dvar2": 25.4455356598, "median": 13.4419384003, "dmean2": 5.93985939026, "dmean": 3.7735376358, "var": 32.6527366638, "dvar": 9.89810180664, "mean": 14.107298851}, "gfcc": {"cov": [[12782.4013672, -3447.52246094, -1495.31799316, 452.337524414, -1357.03051758, 527.620178223, -588.811584473, 213.398681641, -219.866622925, 367.572265625, 34.8870849609, 278.315185547, 126.261016846], [-3447.52246094, 2777.53271484, 436.853912354, -208.215377808, 823.953552246, -251.787414551, 403.497650146, -196.409545898, 179.580322266, -241.721313477, 44.4987678528, -181.38494873, -22.0223140717], [-1495.31799316, 436.853912354, 899.270019531, -159.5415802, 234.537307739, 27.0629634857, 56.9234237671, 15.7007045746, 42.1972846985, -5.50900697708, 5.69433784485, 27.5920314789, -4.20805835724], [452.337524414, -208.215377808, -159.5415802, 618.080383301, -34.7855911255, 76.132019043, 64.154548645, 22.2075557709, 6.77008914948, -58.5317153931, -39.1762809753, -73.1459121704, -29.0898342133], [-1357.03051758, 823.953552246, 234.537307739, -34.7855911255, 461.300048828, -32.4054412842, 178.739700317, -26.6297149658, 92.7104873657, -45.8827056885, 18.5543823242, -28.6750202179, 6.18521738052], [527.620178223, -251.787414551, 27.0629634857, 76.132019043, -32.4054412842, 262.842987061, 25.1497879028, 77.0880661011, 3.31310153008, 25.7299003601, 13.5298261642, 3.01546406746, 11.2452144623], [-588.811584473, 403.497650146, 56.9234237671, 64.154548645, 178.739700317, 25.1497879028, 225.299911499, 10.0802574158, 59.3177490234, -12.9342136383, 29.5184612274, -25.8490962982, 2.1693584919], [213.398681641, -196.409545898, 15.7007045746, 22.2075557709, -26.6297149658, 77.0880661011, 10.0802574158, 140.060150146, 31.0494995117, 39.6135673523, 13.3972902298, 0.811775386333, 9.05713653564], [-219.866622925, 179.580322266, 42.1972846985, 6.77008914948, 92.7104873657, 3.31310153008, 59.3177490234, 31.0494995117, 127.902664185, 21.970293045, 25.5587310791, 13.8989276886, 18.4851379395], [367.572265625, -241.721313477, -5.50900697708, -58.5317153931, -45.8827056885, 25.7299003601, -12.9342136383, 39.6135673523, 21.970293045, 117.449989319, 39.2466163635, 51.1907501221, 20.6205711365], [34.8870849609, 44.4987678528, 5.69433784485, -39.1762809753, 18.5543823242, 13.5298261642, 29.5184612274, 13.3972902298, 25.5587310791, 39.2466163635, 90.3298873901, 41.1737098694, 17.9774551392], [278.315185547, -181.38494873, 27.5920314789, -73.1459121704, -28.6750202179, 3.01546406746, -25.8490962982, 0.811775386333, 13.8989276886, 51.1907501221, 41.1737098694, 131.7631073, 46.0692024231], [126.261016846, -22.0223140717, -4.20805835724, -29.0898342133, 6.18521738052, 11.2452144623, 2.1693584919, 9.05713653564, 18.4851379395, 20.6205711365, 17.9774551392, 46.0692024231, 75.3011245728]], "icov": [[0.000164106822922, -1.98701104637e-06, 0.000194068677956, -0.0001008916297, 0.000227204625844, -0.000280452572042, 0.00020093069179, -3.08365457613e-07, 5.55575170438e-05, -0.000298774219118, 4.51807645732e-05, -0.000222062386456, -9.31602480705e-05], [-1.98701104637e-06, 0.00178241892718, -0.000257948879153, 0.000795223051682, -0.00163450546097, 0.000846975424793, -0.0012305569835, 0.00148179277312, -0.00132929917891, 0.00257141259499, -0.00176060327794, 0.00224608881399, -0.000649268913548], [0.000194068677956, -0.000257948879153, 0.00168733659666, 0.0001139919259, -0.000342763727531, -0.00077355891699, 0.000544986105524, -0.000542446330655, 0.000286912865704, -0.000577478203923, 0.000696722883731, -0.00123854330741, 0.000609815935604], [-0.0001008916297, 0.000795223051682, 0.0001139919259, 0.00251485267654, -0.000430782180047, -6.51239024592e-05, -0.0014827203704, 0.000515749386977, -0.00113508105278, 0.00229766895063, -0.000163225704455, 0.00151297205593, 0.000168200247572], [0.000227204625844, -0.00163450546097, -0.000342763727531, -0.000430782180047, 0.00621148198843, -0.000760812021326, -0.00132546771783, -0.000394570932258, -0.000813556136563, -0.00134151324164, 0.00144498143345, -0.0015697767958, -0.000173018168425], [-0.000280452572042, 0.000846975424793, -0.00077355891699, -6.51239024592e-05, -0.000760812021326, 0.00580961816013, -0.00161997647956, -0.00174871901982, 0.000171311156009, 0.0013195076026, -0.00133065285627, 0.00147335347719, -0.000885632704012], [0.00020093069179, -0.0012305569835, 0.000544986105524, -0.0014827203704, -0.00132546771783, -0.00161997647956, 0.00877479091287, -0.0011023163097, -0.000202508061193, -0.00210382556543, -0.00120761722792, -0.00041943002725, 0.000162194628501], [-3.08365457613e-07, 0.00148179277312, -0.000542446330655, 0.000515749386977, -0.000394570932258, -0.00174871901982, -0.0011023163097, 0.0113523984328, -0.00364170549437, -0.000605891982559, -0.00157802645117, 0.00365300057456, -0.00123560533393], [5.55575170438e-05, -0.00132929917891, 0.000286912865704, -0.00113508105278, -0.000813556136563, 0.000171311156009, -0.000202508061193, -0.00364170549437, 0.0123007185757, -0.00379792880267, 0.000340094498824, -0.00241306540556, -0.00100375257898], [-0.000298774219118, 0.00257141259499, -0.000577478203923, 0.00229766895063, -0.00134151324164, 0.0013195076026, -0.00210382556543, -0.000605891982559, -0.00379792880267, 0.0176183879375, -0.00593149941415, 0.000455129309557, -0.000599704333581], [4.51807645732e-05, -0.00176060327794, 0.000696722883731, -0.000163225704455, 0.00144498143345, -0.00133065285627, -0.00120761722792, -0.00157802645117, 0.000340094498824, -0.00593149941415, 0.017438268289, -0.00609741173685, 0.00079781038221], [-0.000222062386456, 0.00224608881399, -0.00123854330741, 0.00151297205593, -0.0015697767958, 0.00147335347719, -0.00041943002725, 0.00365300057456, -0.00241306540556, 0.000455129309557, -0.00609741173685, 0.0161829609424, -0.00695118168369], [-9.31602480705e-05, -0.000649268913548, 0.000609815935604, 0.000168200247572, -0.000173018168425, -0.000885632704012, 0.000162194628501, -0.00123560533393, -0.00100375257898, -0.000599704333581, 0.00079781038221, -0.00695118168369, 0.0181086957455]], "mean": [-47.8270683289, 114.851211548, -124.473342896, 20.043050766, -52.2580451965, 9.88991641998, -22.2070446014, 3.51407766342, -16.3951072693, 1.62500119209, -10.3813095093, -2.3733291626, -9.05435562134]}, "melbands_spread": {"min": 0.311107903719, "max": 176.56980896, "dvar2": 164.205062866, "median": 19.9219074249, "dmean2": 10.4349708557, "dmean": 6.65960597992, "var": 261.935943604, "dvar": 70.8932571411, "mean": 22.3940105438}, "spectral_energy": {"min": 1.02755711879e-20, "max": 0.167514815927, "dvar2": 0.00055342464475, "median": 0.0124492235482, "dmean2": 0.0148990126327, "dmean": 0.0101404199377, "var": 0.000580257037655, "dvar": 0.000274796591839, "mean": 0.021909782663}, "mfcc": {"cov": [[11837.6103516, -2852.7109375, -1155.7869873, -271.114013672, -731.56060791, -61.277507782, -339.80166626, -170.533218384, -267.82244873, 35.7359352112, -52.668762207, -226.257888794, -19.7905025482], [-2852.7109375, 2385.16625977, 91.2820739746, 37.4360351562, 307.491668701, 71.4209594727, 145.071655273, 67.1956558228, 73.3803787231, -20.7091655731, 57.8241729736, 15.3604602814, -34.4266052246], [-1155.7869873, 91.2820739746, 674.950683594, -31.1583271027, 124.564605713, 27.3889160156, 37.6107330322, 37.1949234009, 28.0061397552, 1.80529141426, -2.39431905746, 39.913684845, 2.08022594452], [-271.114013672, 37.4360351562, -31.1583271027, 439.614990234, 34.6256866455, 63.7630691528, 33.5042419434, 57.5650024414, 34.7449607849, 13.2687244415, 0.453381448984, 5.58392810822, -2.18079471588], [-731.56060791, 307.491668701, 124.564605713, 34.6256866455, 228.261566162, 36.9725494385, 37.3965911865, 43.746307373, 51.6296730042, 13.3185548782, 0.0544171221554, 30.7093658447, 6.88489341736], [-61.277507782, 71.4209594727, 27.3889160156, 63.7630691528, 36.9725494385, 170.920150757, 54.9177627563, 53.5315589905, 34.1094779968, 7.34613275528, 13.166472435, 8.50029754639, 8.00916004181], [-339.80166626, 145.071655273, 37.6107330322, 33.5042419434, 37.3965911865, 54.9177627563, 160.461257935, 48.358581543, 29.6434440613, 31.2014923096, 33.3344230652, 0.331795305014, 6.65974521637], [-170.533218384, 67.1956558228, 37.1949234009, 57.5650024414, 43.746307373, 53.5315589905, 48.358581543, 115.980209351, 45.9058036804, 14.4428844452, 16.4167995453, 19.0791721344, 13.1915969849], [-267.82244873, 73.3803787231, 28.0061397552, 34.7449607849, 51.6296730042, 34.1094779968, 29.6434440613, 45.9058036804, 121.138389587, 25.6573619843, 1.96513950825, 39.0711975098, 26.0361938477], [35.7359352112, -20.7091655731, 1.80529141426, 13.2687244415, 13.3185548782, 7.34613275528, 31.2014923096, 14.4428844452, 25.6573619843, 109.296379089, 36.0917320251, -15.6314821243, -1.73517882824], [-52.668762207, 57.8241729736, -2.39431905746, 0.453381448984, 0.0544171221554, 13.166472435, 33.3344230652, 16.4167995453, 1.96513950825, 36.0917320251, 93.0836868286, 1.53015851974, -6.91306209564], [-226.257888794, 15.3604602814, 39.913684845, 5.58392810822, 30.7093658447, 8.50029754639, 0.331795305014, 19.0791721344, 39.0711975098, -15.6314821243, 1.53015851974, 120.969497681, 52.5664901733], [-19.7905025482, -34.4266052246, 2.08022594452, -2.18079471588, 6.88489341736, 8.00916004181, 6.65974521637, 13.1915969849, 26.0361938477, -1.73517882824, -6.91306209564, 52.5664901733, 90.5034408569]], "icov": [[0.00016598647926, 0.000159190851264, 0.000227996584726, 0.000106587824121, 0.000147274287883, -0.000174913235242, 0.000176838380867, -8.95855409908e-05, 0.000143145443872, -0.000100591183582, 8.48276431498e-06, 0.000153761429829, -3.32697454724e-05], [0.000159190851264, 0.00070857454557, 0.000299706240185, 0.000133443420054, -0.000626327120699, -0.000138939212775, -0.000207158707781, 1.18210948585e-06, -2.61258337559e-05, 0.000375038653146, -0.00038114716881, 0.00023622023582, 0.000224076182349], [0.000227996584726, 0.000299706240185, 0.00202841102146, 0.000396868214011, -0.000750629871618, -0.000297728227451, -5.03505762026e-05, -0.000383495935239, 0.000342277344316, -0.000103662569018, 0.000186477263924, -0.00031194818439, 0.000364830921171], [0.000106587824121, 0.000133443420054, 0.000396868214011, 0.00262023950927, -0.000119018812256, -0.000744416262023, 1.7256315914e-05, -0.000997739145532, -9.2821988801e-05, -0.000240076187765, 0.00037527794484, -1.11755862235e-05, 0.00040443133912], [0.000147274287883, -0.000626327120699, -0.000750629871618, -0.000119018812256, 0.00679137511179, -0.000521371082868, 0.000133816327434, -0.000994404661469, -0.00107099232264, -0.00108430336695, 0.0011355659226, -0.000889342394657, 0.000363540253602], [-0.000174913235242, -0.000138939212775, -0.000297728227451, -0.000744416262023, -0.000521371082868, 0.00767619628459, -0.00181769032497, -0.00197705579922, -0.000978866009973, 0.000860280590132, -0.000434632791439, 0.000253585167229, -0.000202305731364], [0.000176838380867, -0.000207158707781, -5.03505762026e-05, 1.7256315914e-05, 0.000133816327434, -0.00181769032497, 0.00873261410743, -0.00201693177223, -0.000203600589884, -0.00143023894634, -0.00181874993723, 0.00108925637323, -0.00097692979034], [-8.95855409908e-05, 1.18210948585e-06, -0.000383495935239, -0.000997739145532, -0.000994404661469, -0.00197705579922, -0.00201693177223, 0.0126895969734, -0.00300904014148, 0.00043446480413, -0.00143118400592, -0.000321688479744, -0.000533451908268], [0.000143145443872, -2.61258337559e-05, 0.000342277344316, -9.2821988801e-05, -0.00107099232264, -0.000978866009973, -0.000203600589884, -0.00300904014148, 0.012334686704, -0.00334523827769, 0.00185259664431, -0.00298029766418, -0.0011071334593], [-0.000100591183582, 0.000375038653146, -0.000103662569018, -0.000240076187765, -0.00108430336695, 0.000860280590132, -0.00143023894634, 0.00043446480413, -0.00334523827769, 0.0125290406868, -0.00487255631015, 0.00306047452614, -0.000781668815762], [8.48276431498e-06, -0.00038114716881, 0.000186477263924, 0.00037527794484, 0.0011355659226, -0.000434632791439, -0.00181874993723, -0.00143118400592, 0.00185259664431, -0.00487255631015, 0.0139826126397, -0.00228226627223, 0.00192341464572], [0.000153761429829, 0.00023622023582, -0.00031194818439, -1.11755862235e-05, -0.000889342394657, 0.000253585167229, 0.00108925637323, -0.000321688479744, -0.00298029766418, 0.00306047452614, -0.00228226627223, 0.0132235903293, -0.00679651321843], [-3.32697454724e-05, 0.000224076182349, 0.000364830921171, 0.00040443133912, 0.000363540253602, -0.000202305731364, -0.00097692979034, -0.000533451908268, -0.0011071334593, -0.000781668815762, 0.00192341464572, -0.00679651321843, 0.0156665220857]], "mean": [-685.7265625, 143.625976562, -8.25135040283, 15.8562784195, -5.130027771, 8.21712589264, 3.07584190369, 4.18985271454, 1.01350986958, 4.38248157501, 1.02029788494, 1.78558754921, 2.81690216064]}, "spectral_contrast_valleys": {"min": [-27.6727542877, -27.4090232849, -27.578086853, -27.5740413666, -27.4119548798, -27.3465938568], "max": [-5.21228218079, -4.33169603348, -4.93914175034, -5.46262121201, -5.60095119476, -7.87094736099], "dvar2": [0.432570397854, 0.486705154181, 0.408287584782, 0.291569381952, 0.253706008196, 0.443410754204], "median": [-7.59689426422, -6.56979513168, -6.9261097908, -7.60957956314, -7.85469007492, -10.8505353928], "dmean2": [0.768427729607, 0.713223516941, 0.614915430546, 0.47699663043, 0.386399120092, 0.415483981371], "dmean": [0.484232991934, 0.439573377371, 0.39014133811, 0.318427026272, 0.292025744915, 0.348673075438], "var": [1.31624174118, 1.27098846436, 1.53216564655, 1.71784579754, 2.12476325035, 2.87559175491], "dvar": [0.220036327839, 0.218502864242, 0.201975688338, 0.171775922179, 0.169444516301, 0.294754356146], "mean": [-7.6902680397, -6.71400690079, -7.09074401855, -7.78634691238, -8.13627433777, -11.1454935074]}, "barkbands_flatness_db": {"min": 0.0228019002825, "max": 0.50974547863, "dvar2": 0.0013483435614, "median": 0.120811007917, "dmean2": 0.0350824669003, "dmean": 0.0235773175955, "var": 0.00569406151772, "dvar": 0.000705184706021, "mean": 0.146202653646}, "dynamic_complexity": 4.85377311707, "erbbands_flatness_db": {"min": 0.0326008908451, "max": 0.365854561329, "dvar2": 0.000685482984409, "median": 0.17084723711, "dmean2": 0.0250126961619, "dmean": 0.0170291420072, "var": 0.00221071788