{"lowlevel": {"spectral_complexity": {"min": 0, "max": 62, "dvar2": 41.7298088074, "median": 26, "dmean2": 6.78279685974, "dmean": 4.63868045807, "var": 180.21913147, "dvar": 24.0872650146, "mean": 25.6199531555}, "silence_rate_20dB": {"min": 1, "max": 1, "dvar2": 0, "median": 1, "dmean2": 0, "dmean": 0, "var": 0, "dvar": 0, "mean": 1}, "average_loudness": 0.897340834141, "erbbands_spread": {"min": 4.57190227509, "max": 170.860656738, "dvar2": 168.738388062, "median": 40.5023231506, "dmean2": 12.3672647476, "dmean": 8.11469841003, "var": 306.027984619, "dvar": 77.7839126587, "mean": 42.7252349854}, "spectral_kurtosis": {"min": -1.22041463852, "max": 52.3771324158, "dvar2": 6.16936779022, "median": 2.61615753174, "dmean2": 1.52901804447, "dmean": 0.937053740025, "var": 5.90162324905, "dvar": 2.29216313362, "mean": 3.05913281441}, "barkbands_kurtosis": {"min": -1.89953112602, "max": 86.3460998535, "dvar2": 24.0585823059, "median": -0.554131507874, "dmean2": 2.32635092735, "dmean": 1.49426424503, "var": 21.8468856812, "dvar": 10.8599176407, "mean": 0.918485939503}, "spectral_strongpeak": {"min": 0, "max": 12.1397008896, "dvar2": 2.46516275406, "median": 0.369819432497, "dmean2": 1.02532482147, "dmean": 0.595231354237, "var": 1.26479029655, "dvar": 0.936876416206, "mean": 0.849928021431}, "spectral_spread": {"min": 1311400.625, "max": 41976324, "dvar2": 1062896533500.0, "median": 4779791, "dmean2": 751795.9375, "dmean": 530730.1875, "var": 2839883022340.0, "dvar": 659009110016, "mean": 4999723}, "spectral_rms": {"min": 3.75665308638e-06, "max": 0.0109672369435, "dvar2": 2.32551565205e-06, "median": 0.00381252914667, "dmean2": 0.00113742204849, "dmean": 0.000775736174546, "var": 2.96656503451e-06, "dvar": 1.11259407731e-06, "mean": 0.00402275659144}, "erbbands": {"min": [2.56211905025e-07, 1.691432999e-06, 3.13588316203e-06, 1.73333819475e-06, 1.36877667956e-06, 9.28104498144e-07, 2.05103083317e-06, 1.24031239466e-05, 7.43047166907e-06, 1.1001020539e-06, 1.49897482515e-06, 2.77574145002e-07, 7.09551216005e-07, 1.03564968867e-06, 6.74059094763e-07, 6.29929616025e-07, 9.49318348376e-07, 8.6992145043e-07, 3.40423667922e-07, 6.24156427875e-07, 6.42135717044e-07, 5.05161779074e-07, 7.29559587853e-07, 4.02209337835e-07, 4.41540692009e-07, 5.21863626091e-07, 6.7510069357e-07, 8.01367150416e-07, 7.57518591854e-07, 4.62279928115e-07, 4.37634554373e-07, 3.89326885397e-07, 3.92788138015e-07, 2.62354149072e-07, 1.70336065253e-07, 1.55861528128e-07, 5.09851076913e-08, 3.70253090409e-08, 2.28712639938e-08, 8.1226616544e-09], "max": [2.84861898422, 16.8550872803, 38.6499099731, 66.2046051025, 131.419296265, 332.116394043, 128.437255859, 631.739929199, 379.901611328, 716.231018066, 1129.0078125, 1419.61474609, 1595.9296875, 1159.66699219, 871.633056641, 978.920593262, 1278.10131836, 665.282531738, 680.791687012, 710.585266113, 1118.51245117, 696.838012695, 415.292205811, 691.204406738, 466.793487549, 549.489929199, 535.710754395, 699.859436035, 834.100463867, 568.256774902, 798.185119629, 591.397155762, 153.194244385, 53.1433792114, 32.0636405945, 16.7434978485, 5.33497667313, 1.01857149601, 0.389662355185, 0.0323126427829], "dvar2": [0.200145199895, 4.98323965073, 32.2089881897, 56.2042236328, 305.608276367, 1874.71350098, 261.553405762, 517.255310059, 503.913482666, 2321.01586914, 4616.37744141, 5679.23681641, 5312.98388672, 2610.39575195, 1992.61730957, 4692.25097656, 3025.31835938, 2311.48535156, 2597.62475586, 2283.8671875, 2275.29760742, 1634.47436523, 1035.88635254, 960.628051758, 800.641296387, 865.811584473, 728.625793457, 728.573913574, 1304.06970215, 679.905456543, 822.804199219, 607.870727539, 77.3577041626, 16.3144016266, 5.9617638588, 1.18300545216, 0.114920094609, 0.00791344419122, 0.000623153697234, 6.10089455222e-06], "median": [0.0236590541899, 0.215653270483, 0.681173503399, 1.15038263798, 1.81582856178, 3.13881254196, 3.29546451569, 3.5645840168, 4.62664890289, 6.14902734756, 8.75995540619, 10.5757837296, 8.73424720764, 7.23630857468, 9.07916355133, 8.74990653992, 9.405377388, 7.24723958969, 9.51549720764, 13.1512174606, 17.7646598816, 23.2233982086, 18.7489204407, 21.2661361694, 22.1696052551, 20.026632309, 14.4041156769, 11.6952009201, 10.5971488953, 5.54668807983, 3.37237644196, 2.93501615524, 1.91868317127, 0.954840779305, 0.391945689917, 0.152402862906, 0.0348935164511, 0.00587861752138, 0.000745958590414, 7.32342305128e-05], "dmean2": [0.162287190557, 0.934806287289, 2.43244719505, 3.44021773338, 6.68598031998, 13.5672931671, 7.74093961716, 9.1542596817, 10.5704393387, 20.572851181, 29.1190547943, 31.92760849, 28.8952903748, 19.5716724396, 19.979095459, 26.8739871979, 22.0658378601, 20.0727977753, 22.5085582733, 23.7143554688, 24.9349384308, 26.2744884491, 20.3345870972, 20.4685821533, 19.6113491058, 18.6926021576, 14.7617120743, 12.397942543, 13.110502243, 9.446352005, 7.86288785934, 7.15340709686, 3.59306693077, 1.8142285347, 0.992293179035, 0.426062852144, 0.123897328973, 0.0287892539054, 0.00649273069575, 0.00060435058549], "dmean": [0.101099967957, 0.573276996613, 1.36262285709, 1.95229792595, 3.88172650337, 7.93295574188, 4.51668977737, 5.43486690521, 6.57407951355, 12.9700498581, 18.2138404846, 19.7904281616, 18.18151474, 12.4836606979, 12.6383943558, 16.6281147003, 13.6535377502, 12.61186409, 14.243560791, 15.1823129654, 15.7077093124, 16.2958393097, 12.8284130096, 12.6921186447, 12.5780420303, 12.0604562759, 9.41925048828, 8.21403694153, 8.73339557648, 6.4769487381, 5.40974140167, 4.83594417572, 2.45211029053, 1.26057910919, 0.671456038952, 0.290120214224, 0.0832402780652, 0.0190394297242, 0.00412086676806, 0.000381060614018], "var": [0.080552816391, 2.08462309837, 7.91164255142, 15.565281868, 86.4856719971, 495.923095703, 82.3999862671, 201.391113281, 323.698944092, 1426.83874512, 2710.23681641, 3773.59863281, 3765.78417969, 1952.73754883, 1751.14978027, 3209.1159668, 1803.82470703, 1675.19091797, 2036.13354492, 2209.08935547, 2170.19482422, 1451.77490234, 910.356933594, 925.019592285, 993.918334961, 1036.8215332, 656.731628418, 818.941467285, 1047.2668457, 585.682128906, 533.934448242, 424.397766113, 82.230178833, 18.2757587433, 5.05212593079, 1.03374636173, 0.0866436436772, 0.00427297409624, 0.000245430303039, 2.25276312449e-06], "dvar": [0.0855467095971, 2.05823230743, 11.1688632965, 20.0755290985, 114.012420654, 689.558837891, 93.8937911987, 190.954193115, 207.476348877, 932.725830078, 1824.24328613, 2217.65722656, 2258.72070312, 1118.31713867, 858.886230469, 1845.03027344, 1162.19763184, 905.151733398, 1066.6895752, 1013.0211792, 960.293395996, 660.640563965, 440.144042969, 398.054046631, 343.011474609, 401.438293457, 311.484954834, 328.217987061, 573.22644043, 320.145935059, 360.894592285, 262.664093018, 35.6278266907, 7.78752470016, 2.69204974174, 0.554327309132, 0.052714496851, 0.00337671395391, 0.000252214202192, 2.44367765845e-06], "mean": [0.100874692202, 0.645033895969, 1.45787358284, 2.27944135666, 4.21153259277, 8.15335178375, 5.90308380127, 7.32353162766, 10.0929756165, 19.6370773315, 26.636472702, 29.9682350159, 27.4592990875, 20.6850013733, 21.4398899078, 26.1800861359, 22.8569374084, 20.7380599976, 24.3617935181, 28.02227211, 31.3620319366, 33.6925582886, 26.7699356079, 28.1849575043, 30.2558689117, 28.1277942657, 21.4339923859, 19.1161632538, 19.1784324646, 12.9639606476, 10.1048812866, 8.96132183075, 4.99113941193, 2.47728729248, 1.17006611824, 0.492592424154, 0.131186977029, 0.0268492754549, 0.00507470406592, 0.00044580877875]}, "zerocrossingrate": {"min": 0.0087890625, "max": 0.427734375, "dvar2": 0.000343619292835, "median": 0.09814453125, "dmean2": 0.0171130653471, "dmean": 0.0155287878588, "var": 0.00279256142676, "dvar": 0.000341765262419, "mean": 0.106740579009}, "spectral_contrast_coeffs": {"min": [-0.958725094795, -0.957369506359, -0.96434956789, -0.981468617916, -0.964714884758, -0.961187899113], "max": [-0.320232868195, -0.345044404268, -0.361848145723, -0.526358366013, -0.528670907021, -0.526627600193], "dvar2": [0.00596694555134, 0.00384831940755, 0.00253296899609, 0.00164282380138, 0.000898011494428, 0.000862608780153], "median": [-0.684899032116, -0.761846721172, -0.787584960461, -0.788036823273, -0.793589234352, -0.736394584179], "dmean2": [0.0892518535256, 0.078305862844, 0.0632655397058, 0.0509006567299, 0.0363712608814, 0.0311572253704], "dmean": [0.0549379363656, 0.0477680563927, 0.03921623528, 0.0316938050091, 0.0225710254163, 0.0205211341381], "var": [0.00673062028363, 0.00526136578992, 0.00439363485202, 0.00297225406393, 0.00159830553457, 0.00263566453941], "dvar": [0.0024227167014, 0.00149183755275, 0.00104595406447, 0.000678987649735, 0.000397965690354, 0.000419509684434], "mean": [-0.674038052559, -0.75240701437, -0.777193307877, -0.780638217926, -0.788257360458, -0.734298527241]}, "dissonance": {"min": 0.305542886257, "max": 0.500000178814, "dvar2": 0.000487495271955, "median": 0.483832240105, "dmean2": 0.0207172706723, "dmean": 0.0123842610046, "var": 0.000417022849433, "dvar": 0.000182501622476, "mean": 0.47774413228}, "spectral_energyband_high": {"min": 3.98665572776e-10, "max": 0.0737840533257, "dvar2": 9.23437619349e-06, "median": 0.00132037256844, "dmean2": 0.00120971025899, "dmean": 0.000884731591213, "var": 1.0333080354e-05, "dvar": 4.40685062131e-06, "mean": 0.00232266983949}, "spectral_skewness": {"min": -0.222799435258, "max": 5.41216564178, "dvar2": 0.0807277038693, "median": 1.13269269466, "dmean2": 0.242446556687, "dmean": 0.156259104609, "var": 0.163811460137, "dvar": 0.035259436816, "mean": 1.17572557926}, "spectral_flux": {"min": 0.000120271579362, "max": 0.32231810689, "dvar2": 0.00194613798521, "median": 0.0739204883575, "dmean2": 0.0357124917209, "dmean": 0.0230592284352, "var": 0.00222633196972, "dvar": 0.00095482339384, "mean": 0.0838513150811}, "silence_rate_30dB": {"min": 1, "max": 1, "dvar2": 0, "median": 1, "dmean2": 0, "dmean": 0, "var": 0, "dvar": 0, "mean": 1}, "spectral_energyband_middle_high": {"min": 1.48775491926e-10, "max": 0.0845863670111, "dvar2": 1.58417606144e-05, "median": 0.00415277434513, "dmean2": 0.0026627369225, "dmean": 0.00180843833368, "var": 2.81058728433e-05, "dvar": 7.45186207496e-06, "mean": 0.00561537640169}, "barkbands_spread": {"min": 1.57928824425, "max": 115.143943787, "dvar2": 141.506896973, "median": 35.8700675964, "dmean2": 11.2336568832, "dmean": 7.35922431946, "var": 266.545196533, "dvar": 64.9107589722, "mean": 36.5979728699}, "spectral_centroid": {"min": 202.232406616, "max": 11038.4003906, "dvar2": 199312.03125, "median": 2214.20361328, "dmean2": 433.940704346, "dmean": 293.29788208, "var": 591114.875, "dvar": 108875.609375, "mean": 2166.14624023}, "pitch_salience": {"min": 0.152274534106, "max": 0.863326609135, "dvar2": 0.0105130756274, "median": 0.644907832146, "dmean2": 0.112959183753, "dmean": 0.069668546319, "var": 0.0103611648083, "dvar": 0.00433930335566, "mean": 0.627672731876}, "erbbands_skewness": {"min": -5.72925662994, "max": 3.79483914375, "dvar2": 0.214809656143, "median": -0.246279746294, "dmean2": 0.478725463152, "dmean": 0.321130186319, "var": 0.580335974693, "dvar": 0.104698911309, "mean": -0.15818554163}, "erbbands_crest": {"min": 2.09587097168, "max": 30.1210708618, "dvar2": 11.678519249, "median": 5.98826169968, "dmean2": 3.41016340256, "dmean": 2.08182430267, "var": 12.163690567, "dvar": 4.85498905182, "mean": 6.97890520096}, "melbands": {"min": [2.29897145765e-09, 1.90245752485e-09, 3.1177016524e-10, 7.98314331307e-11, 6.52422213476e-11, 2.6391239194e-10, 1.01554660514e-10, 1.0924107105e-11, 1.01769391525e-11, 1.28165555426e-12, 3.48597127726e-12, 4.197760195e-12, 2.29988901188e-12, 1.87114234697e-12, 1.3178495838e-12, 2.35419019348e-12, 1.53938493896e-12, 5.00511578797e-13, 6.41136557906e-13, 9.75755825965e-13, 6.86329248642e-13, 4.70312157275e-13, 7.1088696995e-13, 4.9014725655e-13, 3.01146179391e-13, 3.67361577356e-13, 3.27661265091e-13, 3.33598681448e-13, 3.65668649874e-13, 5.35019999224e-13, 3.84983928417e-13, 4.27335982356e-13, 3.04526152559e-13, 2.82761092102e-13, 2.51614918137e-13, 2.93402970105e-13, 1.95722832472e-13, 2.99736472621e-13, 2.12661810904e-13, 2.27344388432e-13], "max": [0.0215623509139, 0.0182572081685, 0.0114693306386, 0.0202238373458, 0.00613822508603, 0.0123023213819, 0.00573015213013, 0.00756212556735, 0.00759561732411, 0.00798035040498, 0.00925687421113, 0.00654869480059, 0.00298619712703, 0.00276978407055, 0.00294915004633, 0.0016392909456, 0.00139635766391, 0.00124380365014, 0.00105481990613, 0.00131803634576, 0.00145377148874, 0.000874118355568, 0.000606934947427, 0.00074389425572, 0.000563248700928, 0.000491485872772, 0.000336808385327, 0.00046519053285, 0.000338695419487, 0.000392589368857, 0.000420191412559, 0.00062918709591, 0.000404201098718, 0.000329315516865, 0.000500900670886, 0.00041436922038, 0.000331406539772, 0.000114223257697, 7.63862553868e-05, 4.04152633564e-05], "dvar2": [1.05488743429e-05, 7.73592455516e-06, 1.58000386818e-06, 6.675178156e-06, 5.61070635285e-07, 2.1302035691e-07, 1.23467884805e-07, 2.7921879564e-07, 2.9559149084e-07, 2.12836624769e-07, 1.38294879548e-07, 5.32800115138e-08, 2.78219669525e-08, 3.98086115183e-08, 2.18867040047e-08, 1.02655608458e-08, 9.43839761902e-09, 9.39655908638e-09, 5.65345947834e-09, 4.15075174232e-09, 3.66956132147e-09, 2.53574272691e-09, 1.73029868211e-09, 9.4695440378e-10, 7.97870214342e-10, 6.66481869693e-10, 6.12005279788e-10, 4.86874762728e-10, 3.90226712055e-10, 2.70582195538e-10, 3.30218880018e-10, 5.27522414639e-10, 4.01718214249e-10, 2.04008490656e-10, 2.67661587339e-10, 4.46075371086e-10, 1.80324227772e-10, 4.41419921449e-11, 2.26820159877e-11, 1.125850628e-11], "median": [0.000240708366618, 0.000356995064067, 0.000233208091231, 0.00019344498287, 0.000132200118969, 8.16154206404e-05, 7.34273198759e-05, 6.94392729201e-05, 7.13816843927e-05, 6.30328431726e-05, 4.03884696425e-05, 2.7490170396e-05, 2.86752638203e-05, 2.22596063395e-05, 2.20439342229e-05, 1.73039170477e-05, 1.17066156236e-05, 1.23959334815e-05, 1.73972985067e-05, 1.65144829225e-05, 2.00329886866e-05, 2.29279230552e-05, 1.87355890375e-05, 1.35762411446e-05, 1.64540506375e-05, 1.677462933e-05, 1.40012662087e-05, 1.2306742974e-05, 9.19445119507e-06, 6.4863947955e-06, 6.67812128086e-06, 6.37507719148e-06, 4.09449239669e-06, 2.57953138316e-06, 1.89747731838e-06, 1.71452563791e-06, 1.77690071723e-06, 1.34320362122e-06, 1.03726836187e-06, 6.91522814122e-07], "dmean2": [0.00126575073227, 0.00119332864415, 0.000608417612966, 0.000809901626781, 0.000313678930979, 0.000199608330149, 0.000169217310031, 0.000233982296777, 0.000237642481807, 0.000200663373107, 0.000145408106619, 8.35954779177e-05, 7.30699539417e-05, 7.72503117332e-05, 5.7748031395e-05, 4.60493611172e-05, 3.9420727262e-05, 3.8692545786e-05, 3.68723121937e-05, 3.08264097839e-05, 3.16605655826e-05, 3.09242022922e-05, 2.52213922067e-05, 1.72752988874e-05, 1.87755777006e-05, 1.75259810931e-05, 1.57291742653e-05, 1.33982903208e-05, 1.11287345135e-05, 8.06472871773e-06, 8.38364576339e-06, 8.61254011397e-06, 7.09119831299e-06, 5.37167215953e-06, 4.75681008538e-06, 5.11998996444e-06, 4.40008352598e-06, 2.76613127426e-06, 2.10996972783e-06, 1.52576149048e-06], "dmean": [0.000799634959549, 0.000697057170328, 0.000348412955645, 0.000473298685392, 0.000183408104931, 0.0001186555819, 0.000105847233499, 0.000147921557073, 0.000147855156683, 0.000124847894767, 9.12687173695e-05, 5.30917641299e-05, 4.58129761682e-05, 4.74445077998e-05, 3.58732795576e-05, 2.84680809273e-05, 2.45505943894e-05, 2.42385031015e-05, 2.32908350881e-05, 1.9675686417e-05, 1.96754153876e-05, 1.89325346582e-05, 1.58274524438e-05, 1.06858042273e-05, 1.14727699838e-05, 1.10312776087e-05, 9.90252556221e-06, 8.52201628732e-06, 6.98008534528e-06, 5.12939914188e-06, 5.43151281818e-06, 5.63537832932e-06, 4.70303848488e-06, 3.60201147487e-06, 3.21465654451e-06, 3.40262681675e-06, 2.94571850645e-06, 1.850249987e-06, 1.42384669743e-06, 1.03281934116e-06], "var": [5.00086389366e-06, 2.37214749177e-06, 4.62927914668e-07, 1.80697088581e-06, 1.5754831395e-07, 8.80878801013e-08, 8.15819163336e-08, 1.77085880182e-07, 1.75365883592e-07, 1.48414130763e-07, 9.75843406081e-08, 3.64358001548e-08, 2.23486065209e-08, 2.56223788853e-08, 1.28114736597e-08, 8.21474532842e-09, 6.14663075993e-09, 6.48882192422e-09, 4.67188598918e-09, 3.91178511805e-09, 3.09727954395e-09, 1.83846482482e-09, 1.3755274697e-09, 7.13103853744e-10, 6.7131133985e-10, 6.81974143824e-10, 5.99881033736e-10, 4.89898566158e-10, 3.12626757815e-10, 2.18148679676e-10, 3.40342698468e-10, 4.0100775478e-10, 2.94381519161e-10, 1.67573940835e-10, 1.71771416535e-10, 2.40986147704e-10, 1.36730807232e-10, 4.43712948328e-11, 2.42032956177e-11, 1.1036612596e-11], "dvar": [4.75691240354e-06, 2.82793030237e-06, 5.68106372612e-07, 2.48518199442e-06, 2.01095588181e-07, 7.95468650949e-08, 5.11038464879e-08, 1.12912069028e-07, 1.17102068486e-07, 8.50568966371e-08, 5.91209321499e-08, 2.28247412082e-08, 1.16706893039e-08, 1.53396442215e-08, 8.43589109678e-09, 4.14142853344e-09, 3.69176911263e-09, 3.7746521464e-09, 2.4040613944e-09, 1.80481352086e-09, 1.53487034193e-09, 9.88060300244e-10, 7.26598059497e-10, 3.90851045973e-10, 3.21231152789e-10, 2.76176276293e-10, 2.5292254402e-10, 2.21925214317e-10, 1.60582255826e-10, 1.143105402e-10, 1.44308759387e-10, 2.27221366722e-10, 1.76627545923e-10, 9.46889303077e-11, 1.17665543975e-10, 1.85689241761e-10, 7.85005324633e-11, 2.01101982289e-11, 1.06004528072e-11, 5.19708234781e-12], "mean": [0.000877163372934, 0.000808247656096, 0.000430330168456, 0.000484777847305, 0.000236478386796, 0.00016342489107, 0.000164135170053, 0.000223455674131, 0.000215837615542, 0.000186198420124, 0.000134089990752, 8.28582487884e-05, 7.29544044589e-05, 7.12481923983e-05, 5.67646784475e-05, 4.62029966002e-05, 3.67334832845e-05, 3.76513344236e-05, 3.90953682654e-05, 3.49987931259e-05, 3.64199113392e-05, 3.53507566615e-05, 2.95361551252e-05, 2.0435109036e-05, 2.28261396842e-05, 2.35983952734e-05, 2.08490255318e-05, 1.78872614924e-05, 1.42286407936e-05, 1.06562483779e-05, 1.14065469461e-05, 1.15234324767e-05, 8.9095765361e-06, 6.59591160002e-06, 5.7381789702e-06, 5.71490772927e-06, 5.3173116612e-06, 3.53589666702e-06, 2.74002650258e-06, 1.87975012977e-06]}, "spectral_entropy": {"min": 6.13408946991, "max": 9.79664516449, "dvar2": 0.0353440009058, "median": 7.99805355072, "dmean2": 0.166145071387, "dmean": 0.116079322994, "var": 0.131930440664, "dvar": 0.0197001826018, "mean": 7.93539905548}, "spectral_rolloff": {"min": 64.599609375, "max": 15762.3046875, "dvar2": 2626343.5, "median": 2885.44921875, "dmean2": 1277.48791504, "dmean": 826.946899414, "var": 4624837, "dvar": 1343000, "mean": 3184.90014648}, "barkbands": {"min": [5.85442916368e-10, 8.05058064657e-09, 2.35287744843e-09, 3.608020549e-10, 3.64816177267e-10, 1.13942921764e-09, 2.35690744699e-10, 7.11884232119e-11, 8.15169546448e-12, 3.19956110217e-11, 1.80016366397e-11, 1.40513460242e-11, 2.02228060686e-11, 1.27056620433e-11, 8.34502692643e-12, 1.20462710987e-11, 9.88544576058e-12, 1.08310556704e-11, 8.73728867035e-12, 1.11701585481e-11, 1.91716868075e-11, 1.66524086187e-11, 1.68940503947e-11, 2.14292056322e-11, 2.40419472525e-11, 3.30598742826e-11, 3.31268873444e-10], "max": [0.00729130161926, 0.0738868862391, 0.0321976020932, 0.0308976359665, 0.0755044519901, 0.0500015467405, 0.0285947434604, 0.0482382178307, 0.0481402277946, 0.0766988098621, 0.0235507674515, 0.0214781165123, 0.027546428144, 0.0158447120339, 0.0104578984901, 0.0167270433158, 0.0138906314969, 0.0145671330392, 0.00886842887849, 0.00932600069791, 0.0140794273466, 0.0215385518968, 0.0245673321187, 0.0185290910304, 0.00425098044798, 0.00222925306298, 0.00237649935298], "dvar2": [9.04035118765e-07, 0.000103715603473, 2.81700140476e-05, 6.32562705505e-06, 9.89282198134e-05, 4.53497477793e-06, 4.24235713581e-06, 8.27442454465e-06, 9.18578552955e-06, 4.88696014145e-06, 1.7892566575e-06, 2.76669993582e-06, 1.36948403906e-06, 1.2040159163e-06, 8.88774593477e-07, 8.11797747247e-07, 6.08208097219e-07, 4.1526016048e-07, 3.3470698213e-07, 3.92318810327e-07, 3.87656854173e-07, 8.99107647001e-07, 9.43531176745e-07, 5.71092641621e-07, 1.09900760492e-07, 3.92176922048e-08, 2.93738011692e-08], "median": [2.92579152301e-05, 0.000930857262574, 0.000600319879595, 0.000347190361936, 0.00088871025946, 0.000440464093117, 0.000365879153833, 0.00030606504879, 0.000444023695309, 0.00021300795197, 0.00019218964735, 0.000190464721527, 0.000182214818778, 0.000120234391943, 0.000232721940847, 0.000265941518592, 0.000393072405132, 0.000311246258207, 0.000458506372524, 0.000413306988776, 0.000311120849801, 0.000276421837043, 0.000126460188767, 0.000130958243972, 6.7914610554e-05, 2.47464849963e-05, 4.36287473349e-06], "dmean2": [0.000336366210831, 0.00420076027513, 0.00232331664301, 0.00114535400644, 0.00319487601519, 0.00102818128653, 0.000970910652541, 0.0012733732583, 0.00135840696748, 0.000824728223961, 0.000544118694961, 0.000664986728225, 0.000485395255964, 0.000433989189332, 0.00048834271729, 0.000452649197541, 0.000486927776365, 0.000379405420972, 0.000419827614678, 0.000401425932068, 0.000323420390487, 0.000353044189978, 0.000277073355392, 0.000257368461462, 0.000142701639561, 7.58029418648e-05, 4.37182861788e-05], "dmean": [0.000194408858079, 0.00267025805078, 0.00129630486481, 0.000657202326693, 0.00187838100828, 0.000610855699051, 0.000609682989307, 0.000801435671747, 0.000849669624586, 0.000515176448971, 0.000337966193911, 0.000409050029702, 0.000299040402751, 0.000268802483333, 0.000308673974359, 0.000285159476334, 0.00030099862488, 0.000237286207266, 0.000263159628958, 0.00025687602465, 0.000209845064091, 0.000238266584347, 0.000192898849491, 0.000177821682882, 9.93413559627e-05, 5.18065789947e-05, 2.77778144664e-05], "var": [2.48153639859e-07, 5.30066463398e-05, 6.76193076288e-06, 2.01505031328e-06, 2.70152067969e-05, 1.97653957912e-06, 2.78694869849e-06, 5.13498935106e-06, 6.30290514891e-06, 3.46835167875e-06, 1.29216505229e-06, 1.86719103112e-06, 8.73752924235e-07, 7.55982455303e-07, 7.81543235462e-07, 7.55158112042e-07, 4.95955475799e-07, 3.24975786725e-07, 3.82748908123e-07, 4.58695865291e-07, 4.03153421757e-07, 7.74397562964e-07, 6.33923718851e-07, 5.2000228834e-07, 1.13563778825e-07, 3.32074812093e-08, 1.13239542188e-08], "dvar": [3.34118084311e-07, 4.74209118693e-05, 9.75971397565e-06, 2.2978342713e-06, 3.68027322111e-05, 1.71332646914e-06, 1.7540371573e-06, 3.3461719795e-06, 3.5976718209e-06, 2.16965918298e-06, 7.25173947558e-07, 1.08199344595e-06, 5.35015203695e-07, 4.68962241484e-07, 3.80930885058e-07, 3.41493290534e-07, 2.45790317877e-07, 1.7455414536e-07, 1.3800395493e-07, 1.76117154638e-07, 1.73863497821e-07, 4.04037280077e-07, 4.16876304143e-07, 2.56304844015e-07, 5.17616740581e-08, 1.83988060343e-08, 1.18617577982e-08], "mean": [0.000167145888554, 0.00307399756275, 0.001322444994, 0.000778573274147, 0.00201691989787, 0.000846673094202, 0.000928815628868, 0.00112163915765, 0.00128718139604, 0.000738364760764, 0.000517899752595, 0.000615427677985, 0.000476481218357, 0.000400125951273, 0.000525103183463, 0.000526012852788, 0.000588943250477, 0.000461164396256, 0.000606485758908, 0.000590722425841, 0.000486141914735, 0.000520480796695, 0.000362863414921, 0.00036027567694, 0.000186780365766, 8.57720515341e-05, 3.28851456288e-05]}, "melbands_flatness_db": {"min": 0.0183332301676, "max": 0.43127644062, "dvar2": 0.00112980161794, "median": 0.117043092847, "dmean2": 0.0348029993474, "dmean": 0.0234196968377, "var": 0.00384889892302, "dvar": 0.000571953074541, "mean": 0.128346219659}, "melbands_skewness": {"min": -2.7868514061, "max": 23.5501842499, "dvar2": 1.30693614483, "median": 1.71585941315, "dmean2": 0.98725515604, "dmean": 0.660681307316, "var": 2.2650206089, "dvar": 0.641530036926, "mean": 2.05431556702}, "barkbands_skewness": {"min": -5.97845983505, "max": 8.58822345734, "dvar2": 0.553155660629, "median": 0.613394677639, "dmean2": 0.697345376015, "dmean": 0.476324677467, "var": 1.1248100996, "dvar": 0.273824483156, "mean": 0.750918209553}, "silence_rate_60dB": {"min": 0, "max": 1, "dvar2": 0.0421534404159, "median": 0, "dmean2": 0.0391398333013, "dmean": 0.0195676907897, "var": 0.0622191317379, "dvar": 0.0191834401339, "mean": 0.0666590854526}, "spectral_energyband_low": {"min": 1.13628759735e-08, "max": 0.0841284021735, "dvar2": 0.000155863075634, "median": 0.00209945021197, "dmean2": 0.00578418932855, "dmean": 0.00371522922069, "var": 9.06616551219e-05, "dvar": 7.35840876587e-05, "mean": 0.00496431346983}, "spectral_energyband_middle_low": {"min": 2.18966444976e-09, "max": 0.0974666625261, "dvar2": 0.000178626636625, "median": 0.00484771747142, "dmean2": 0.00642640516162, "dmean": 0.00393330352381, "var": 7.56046065362e-05, "dvar": 6.84193219058e-05, "mean": 0.00726791331545}, "melbands_kurtosis": {"min": -1.95876765251, "max": 746.957092285, "dvar2": 433.440704346, "median": 3.08854866028, "dmean2": 7.75754070282, "dmean": 5.04730224609, "var": 313.408752441, "dvar": 188.621353149, "mean": 7.72139215469}, "spectral_decrease": {"min": -2.97299447283e-08, "max": -3.47163801443e-15, "dvar2": 2.44882469376e-17, "median": -3.28806804006e-09, "dmean2": 2.97561264517e-09, "dmean": 1.93970595141e-09, "var": 1.62313466067e-17, "dvar": 1.07390675171e-17, "mean": -4.47170966922e-09}, "erbbands_kurtosis": {"min": -1.82020878792, "max": 54.7122993469, "dvar2": 3.9521355629, "median": -0.391913890839, "dmean2": 1.17144072056, "dmean": 0.745482027531, "var": 3.83572387695, "dvar": 1.84330570698, "mean": 0.0662818178535}, "melbands_crest": {"min": 2.56394433975, "max": 33.068447113, "dvar2": 29.2762870789, "median": 10.135055542, "dmean2": 5.88407945633, "dmean": 3.68308186531, "var": 26.5320301056, "dvar": 12.2571687698, "mean": 11.2731542587}, "gfcc": {"cov": [[5851.96044922, -1687.39575195, 338.609954834, 119.601989746, -291.559265137, 207.594619751, -107.654319763, 169.399291992, 32.7863845825, 138.851364136, -7.73315668106, 2.48456215858, -50.1222724915], [-1687.39575195, 1682.54980469, -317.672210693, 117.357757568, 223.725570679, -185.736862183, 138.192581177, -69.2599105835, 21.8513011932, -75.1259918213, 18.2381210327, -32.9366111755, 54.1157455444], [338.609954834, -317.672210693, 1055.56237793, 27.9358005524, 144.145706177, 138.6875, -85.9637069702, 22.5220947266, -22.5672569275, -8.71212005615, 27.1685180664, 22.9384689331, -36.1085319519], [119.601989746, 117.357757568, 27.9358005524, 444.670318604, 121.672935486, -8.44313430786, 16.1936264038, 2.38846325874, 38.9686737061, 2.6885881424, 3.48857402802, 20.9870967865, 44.5148658752], [-291.559265137, 223.725570679, 144.145706177, 121.672935486, 316.03604126, 18.8783359528, 55.3766670227, -1.0924333334, 22.0411739349, -7.20320701599, 4.01085758209, 7.86751031876, 35.2729301453], [207.594619751, -185.736862183, 138.6875, -8.44313430786, 18.8783359528, 206.528869629, 48.4019927979, 34.6658287048, -8.22222900391, 23.0294094086, 21.7669181824, 7.14226055145, -18.5200634003], [-107.654319763, 138.192581177, -85.9637069702, 16.1936264038, 55.3766670227, 48.4019927979, 185.938217163, 39.1974105835, 17.0343170166, 1.8750269413, 20.9526824951, 11.5966691971, 5.22035169601], [169.399291992, -69.2599105835, 22.5220947266, 2.38846325874, -1.0924333334, 34.6658287048, 39.1974105835, 107.792129517, 48.5176963806, 28.305480957, 6.95603322983, 6.35121870041, 0.223710626364], [32.7863845825, 21.8513011932, -22.5672569275, 38.9686737061, 22.0411739349, -8.22222900391, 17.0343170166, 48.5176963806, 109.396331787, 42.6182174683, 4.51463937759, -1.0059005022, 9.87799835205], [138.851364136, -75.1259918213, -8.71212005615, 2.6885881424, -7.20320701599, 23.0294094086, 1.8750269413, 28.305480957, 42.6182174683, 90.1148452759, 27.1083450317, 0.379389792681, -6.04816579819], [-7.73315668106, 18.2381210327, 27.1685180664, 3.48857402802, 4.01085758209, 21.7669181824, 20.9526824951, 6.95603322983, 4.51463937759, 27.1083450317, 74.6110916138, 22.0014019012, -1.58629381657], [2.48456215858, -32.9366111755, 22.9384689331, 20.9870967865, 7.86751031876, 7.14226055145, 11.5966691971, 6.35121870041, -1.0059005022, 0.379389792681, 22.0014019012, 60.6635322571, 21.3301029205], [-50.1222724915, 54.1157455444, -36.1085319519, 44.5148658752, 35.2729301453, -18.5200634003, 5.22035169601, 0.223710626364, 9.87799835205, -6.04816579819, -1.58629381657, 21.3301029205, 67.5619888306]], "icov": [[0.000262733985437, 0.000243539005169, -3.51185371983e-05, -0.000182432951988, 0.000155511734192, 1.53406999743e-05, -4.68030630145e-05, -0.000241951172939, 8.57175109559e-05, -0.000158192357048, -8.76856120158e-06, 0.000241979985731, -7.45865690988e-05], [0.000243539005169, 0.00118418515194, 0.000170212180819, -0.000217985623749, -0.000482672214275, 0.000809034681879, -0.000705968646798, 0.000256625120528, -0.00023632554803, 0.000692208646797, -0.000935702759307, 0.00115454592742, -0.000295726262266], [-3.51185371983e-05, 0.000170212180819, 0.00144290353637, 2.40476529143e-05, -0.00106976658572, -0.000784750736784, 0.0012185734231, -0.000512913160492, 5.94381781411e-05, 0.000845188391395, -0.000712461245712, -0.000526961754076, 0.00106047035661], [-0.000182432951988, -0.000217985623749, 2.40476529143e-05, 0.00281166285276, -0.000939770659897, -6.65214247419e-05, 0.000176246612682, 0.000440791307483, -0.000929117552005, 0.000176279922016, 6.59167271806e-05, -0.000747865356971, -0.000953813840169], [0.000155511734192, -0.000482672214275, -0.00106976658572, -0.000939770659897, 0.00504425866529, -0.000407835264923, -0.001519544865, 0.000756394409109, -0.000611819210462, -0.000512963451911, 0.000788070086855, 0.000543810601812, -0.00219062692486], [1.53406999743e-05, 0.000809034681879, -0.000784750736784, -6.65214247419e-05, -0.000407835264923, 0.00728837493807, -0.00258552655578, -0.00115091900807, 0.00175728974864, -0.00139511330053, -0.000961304758675, 0.000678967335261, 0.000783431518357], [-4.68030630145e-05, -0.000705968646798, 0.0012185734231, 0.000176246612682, -0.001519544865, -0.00258552655578, 0.00843399763107, -0.00303192273714, -0.000168640341144, 0.00156079709996, -0.00162138044834, -0.00151220511179, 0.00111256737728], [-0.000241951172939, 0.000256625120528, -0.000512913160492, 0.000440791307483, 0.000756394409109, -0.00115091900807, -0.00303192273714, 0.0143693331629, -0.00599494669586, -0.00102918338962, 0.000907669134904, -0.000994536560029, -0.000353635579813], [8.57175109559e-05, -0.00023632554803, 5.94381781411e-05, -0.000929117552005, -0.000611819210462, 0.00175728974864, -0.000168640341144, -0.00599494669586, 0.0150648541749, -0.00653592031449, 0.00136623217259, 0.000961729558185, -0.00132839707658], [-0.000158192357048, 0.000692208646797, 0.000845188391395, 0.000176279922016, -0.000512963451911, -0.00139511330053, 0.00156079709996, -0.00102918338962, -0.00653592031449, 0.0178898964077, -0.00706653343514, 0.00196119165048, 0.00120396690909], [-8.76856120158e-06, -0.000935702759307, -0.000712461245712, 6.59167271806e-05, 0.000788070086855, -0.000961304758675, -0.00162138044834, 0.000907669134904, 0.00136623217259, -0.00706653343514, 0.0192523300648, -0.0075757522136, 0.00177752191667], [0.000241979985731, 0.00115454592742, -0.000526961754076, -0.000747865356971, 0.000543810601812, 0.000678967335261, -0.00151220511179, -0.000994536560029, 0.000961729558185, 0.00196119165048, -0.0075757522136, 0.0233787186444, -0.00803564209491], [-7.45865690988e-05, -0.000295726262266, 0.00106047035661, -0.000953813840169, -0.00219062692486, 0.000783431518357, 0.00111256737728, -0.000353635579813, -0.00132839707658, 0.00120396690909, 0.00177752191667, -0.00803564209491, 0.0203322991729]], "mean": [21.1037044525, 53.2912483215, -120.092849731, 36.948009491, -60.2479743958, 9.2429523468, -31.6243743896, 10.1535921097, -21.5833740234, 0.570387482643, -17.0796813965, -0.714002072811, -10.7186594009]}, "melbands_spread": {"min": 1.02457368374, "max": 303.714599609, "dvar2": 467.534179688, "median": 41.3566017151, "dmean2": 18.5199337006, "dmean": 12.4562168121, "var": 960.290161133, "dvar": 245.91242981, "mean": 46.8135299683}, "spectral_energy": {"min": 1.44652529954e-08, "max": 0.123287305236, "dvar2": 0.000389698630897, "median": 0.0148987621069, "dmean2": 0.0120241651312, "dmean": 0.00794308446348, "var": 0.000281767948763, "dvar": 0.000172137763002, "mean": 0.0196278393269}, "mfcc": {"cov": [[5612.03320312, -1336.68457031, 20.8733310699, -39.3757133484, -145.643051147, -55.8724403381, -73.0817718506, -41.6747436523, 43.3481903076, 118.949668884, -9.23043060303, 112.642051697, 58.2499237061], [-1336.68457031, 1248.69311523, -161.355422974, 147.957809448, 27.8076057434, -6.15352630615, 50.8624763489, 15.784869194, 24.2512531281, -57.5548820496, 17.0124664307, -13.5605306625, -18.6124668121], [20.8733310699, -161.355422974, 720.130371094, -47.8793296814, 184.273651123, 39.0561714172, 37.4292526245, 30.5702648163, -63.7977676392, 34.6613235474, -19.7931461334, 29.9318695068, -14.6079187393], [-39.3757133484, 147.957809448, -47.8793296814, 441.112457275, 112.252197266, 45.321105957, -7.77681779861, 11.3792486191, 63.5763778687, -26.6329727173, -29.6312599182, 8.44441699982, 54.443687439], [-145.643051147, 27.8076057434, 184.273651123, 112.252197266, 274.858062744, 63.831035614, 20.2663707733, 0.616293489933, 20.5958271027, 11.136797905, -23.390083313, 16.4294338226, 4.41307640076], [-55.8724403381, -6.15352630615, 39.0561714172, 45.321105957, 63.831035614, 145.523864746, 69.5834350586, 27.8574733734, 9.70324802399, 8.67833614349, 16.2639636993, -1.80781161785, -0.56553375721], [-73.0817718506, 50.8624763489, 37.4292526245, -7.77681779861, 20.2663707733, 69.5834350586, 152.02986145, 57.1183547974, 5.37992048264, -4.01310062408, 21.7791156769, 11.3927631378, -4.09339332581], [-41.6747436523, 15.784869194, 30.5702648163, 11.3792486191, 0.616293489933, 27.8574733734, 57.1183547974, 108.15473175, 31.6313819885, 4.56923389435, 7.94613027573, 8.66830921173, 9.34424495697], [43.3481903076, 24.2512531281, -63.7977676392, 63.5763778687, 20.5958271027, 9.70324802399, 5.37992048264, 31.6313819885, 109.488265991, 27.2874031067, 6.07242488861, 7.07946491241, 20.675491333], [118.949668884, -57.5548820496, 34.6613235474, -26.6329727173, 11.136797905, 8.67833614349, -4.01310062408, 4.56923389435, 27.2874031067, 94.1748657227, 37.8159790039, 8.78133583069, -1.41509544849], [-9.23043060303, 17.0124664307, -19.7931461334, -29.6312599182, -23.390083313, 16.2639636993, 21.7791156769, 7.94613027573, 6.07242488861, 37.8159790039, 87.7581253052, 24.4183750153, 1.06462800503], [112.642051697, -13.5605306625, 29.9318695068, 8.44441699982, 16.4294338226, -1.80781161785, 11.3927631378, 8.66830921173, 7.07946491241, 8.78133583069, 24.4183750153, 87.2721633911, 32.5444602966], [58.2499237061, -18.6124668121, -14.6079187393, 54.443687439, 4.41307640076, -0.56553375721, -4.09339332581, 9.34424495697, 20.675491333, -1.41509544849, 1.06462800503, 32.5444602966, 78.7421722412]], "icov": [[0.000263523630565, 0.000281749584246, 1.89161673916e-05, -0.000124099227833, 0.000197791188839, 7.08465086063e-05, -9.34536146815e-05, 0.000146955571836, -0.000107797088276, -0.000259425782133, 0.000212901984924, -0.000395619717892, 0.000112369903945], [0.000281749584246, 0.0012419851264, 0.000224325500312, -0.00046520284377, -5.02874499944e-05, 0.000534346036147, -0.000524638802744, 9.01209059521e-05, -0.000185952958418, 0.000360748672392, -0.000387431791751, -0.000252346770139, 0.000581941916607], [1.89161673916e-05, 0.000224325500312, 0.00220968388021, 0.000266660936177, -0.00163070077542, 0.000222166767344, -0.000204812153243, -0.00116805615835, 0.00197734194808, -0.0012356514344, 0.000803372997325, -0.000655940617435, 0.000204380965442], [-0.000124099227833, -0.00046520284377, 0.000266660936177, 0.00343415886164, -0.00132731569465, -0.00103386468254, 0.00083947746316, -0.00014385538816, -0.00130553578492, 0.00117618602235, 0.000429999374319, 0.000422237644671, -0.00203184131533], [0.000197791188839, -5.02874499944e-05, -0.00163070077542, -0.00132731569465, 0.00633673276752, -0.00220103631727, -0.000159973729751, 0.00172996532638, -0.00170801172499, -0.000891524017788, 0.00215984601527, -0.00170677271672, 0.000981115619652], [7.08465086063e-05, 0.000534346036147, 0.000222166767344, -0.00103386468254, -0.00220103631727, 0.0106647536159, -0.00453358981758, -0.000473700958537, 0.000545648334082, -0.000507473363541, -0.0021429725457, 0.00192092347424, -6.69132205076e-05], [-9.34536146815e-05, -0.000524638802744, -0.000204812153243, 0.00083947746316, -0.000159973729751, -0.00453358981758, 0.0110608199611, -0.00469252420589, 0.000301658496028, 0.001987419324, -0.00178731966298, -0.00105553981848, 0.00085188698722], [0.000146955571836, 9.01209059521e-05, -0.00116805615835, -0.00014385538816, 0.00172996532638, -0.000473700958537, -0.00469252420589, 0.013624528423, -0.00461871130392, 0.000432964880019, 0.00039502303116, -0.000310050352709, -0.000822413014248], [-0.000107797088276, -0.000185952958418, 0.00197734194808, -0.00130553578492, -0.00170801172499, 0.000545648334082, 0.000301658496028, -0.00461871130392, 0.014348430559, -0.00533042987809, 0.00111748068593, 9.75251750788e-05, -0.00194999726955], [-0.000259425782133, 0.000360748672392, -0.0012356514344, 0.00117618602235, -0.000891524017788, -0.000507473363541, 0.001987419324, 0.000432964880019, -0.00533042987809, 0.0167661737651, -0.00787294283509, 0.00127526093274, 0.000613276788499], [0.000212901984924, -0.000387431791751, 0.000803372997325, 0.000429999374319, 0.00215984601527, -0.0021429725457, -0.00178731966298, 0.00039502303116, 0.00111748068593, -0.00787294283509, 0.0180681310594, -0.00562546029687, 0.000972257752437], [-0.000395619717892, -0.000252346770139, -0.000655940617435, 0.000422237644671, -0.00170677271672, 0.00192092347424, -0.00105553981848, -0.000310050352709, 9.75251750788e-05, 0.00127526093274, -0.00562546029687, 0.0166540965438, -0.00689907930791], [0.000112369903945, 0.000581941916607, 0.000204380965442, -0.00203184131533, 0.000981115619652, -6.69132205076e-05, 0.00085188698722, -0.000822413014248, -0.00194999726955, 0.000613276788499, 0.000972257752437, -0.00689907930791, 0.0176445916295]], "mean": [-619.565551758, 84.6291656494, -3.37646222115, 25.7816200256, -3.33589601517, 2.04866337776, -0.499806255102, 5.13130331039, 2.06310653687, 1.15259075165, -0.565936088562, 0.0519340187311, -1.31651723385]}, "spectral_contrast_valleys": {"min": [-26.7561187744, -27.5149059296, -27.2002639771, -27.2986984253, -27.2241973877, -27.1999530792], "max": [-5.2832326889, -4.75322818756, -4.95284128189, -5.5951628685, -5.3602514267, -7.09355926514], "dvar2": [0.356946021318, 0.320770800114, 0.233133688569, 0.194432750344, 0.192081153393, 0.287622958422], "median": [-7.25534296036, -6.71860933304, -7.15806436539, -7.42117834091, -6.72862911224, -9.36920833588], "dmean2": [0.689743578434, 0.612116932869, 0.526144981384, 0.455755710602, 0.368391245604, 0.384552299976], "dmean": [0.42810472846, 0.382892608643, 0.341000944376, 0.29870185256, 0.252562463284, 0.29521459341], "var": [0.985520422459, 0.718483507633, 0.620478689671, 0.692186832428, 0.939214408398, 1.58666801453], "dvar": [0.170450478792, 0.160548686981, 0.125583991408, 0.113182425499, 0.116640836, 0.178424850106], "mean": [-7.47294712067, -6.81678152084, -7.22469329834, -7.56893253326, -7.01909399033, -9.65851211548]}, "barkbands_flatness_db": {"min": 0.010909775272, "max": 0.303809255362, "dvar2": 0.000624269188847, "median": 0.0743856057525, "dmean2": 0.0250671319664, "dmean": 0.0165736358613, "var": 0.00185803545173, "dvar": 0.000289872870781, "mean": 0.0833224728703}, "dynamic_complexity": 3.01488399506, "erbbands_flatness_db": {"min": 0.0323561504483, "max": 0.317125231028, "dvar2": 0.000491869985126, "median": 0.127045735717, "dmean2": 0.0220882259309, "dmean": 0.0151884090155, "var": 0.00179743650369, "dvar": 0.000257338077063, "mean": 0.132892623544}, "hfc": {"min": 1.50215273607e-05, "max": 