{"lowlevel": {"spectral_complexity": {"min": 0, "max": 65, "dvar2": 26.520236969, "median": 12, "dmean2": 4.40629529953, "dmean": 2.84697198868, "var": 75.8400268555, "dvar": 13.9615764618, "mean": 13.9101428986}, "silence_rate_20dB": {"min": 1, "max": 1, "dvar2": 0, "median": 1, "dmean2": 0, "dmean": 0, "var": 0, "dvar": 0, "mean": 1}, "average_loudness": 0.932061970234, "erbbands_spread": {"min": 0.991503715515, "max": 168.928390503, "dvar2": 409.560302734, "median": 32.7450027466, "dmean2": 15.9610595703, "dmean": 11.0348539352, "var": 736.225952148, "dvar": 212.893417358, "mean": 40.5020523071}, "spectral_kurtosis": {"min": -1.42705750465, "max": 65.2576293945, "dvar2": 17.1029376984, "median": 4.52943229675, "dmean2": 2.77911067009, "dmean": 1.78217434883, "var": 31.73387146, "dvar": 6.44567871094, "mean": 5.80649900436}, "barkbands_kurtosis": {"min": -1.92785024643, "max": 280.753295898, "dvar2": 325.39743042, "median": 5.98200368881, "dmean2": 9.5103559494, "dmean": 6.03542423248, "var": 275.826843262, "dvar": 136.661682129, "mean": 10.6232185364}, "spectral_strongpeak": {"min": 0, "max": 10.8108034134, "dvar2": 2.14980125427, "median": 0.335702836514, "dmean2": 0.786114811897, "dmean": 0.459248960018, "var": 1.42594337463, "dvar": 0.839436411858, "mean": 0.771717131138}, "spectral_spread": {"min": 1092470.125, "max": 19253394, "dvar2": 2643186679810.0, "median": 5168386, "dmean2": 1267701.875, "dmean": 986783.5625, "var": 6865287643140.0, "dvar": 1601728544770.0, "mean": 5785853}, "spectral_rms": {"min": 4.81271035824e-06, "max": 0.0147717613727, "dvar2": 2.58334262071e-06, "median": 0.0059739947319, "dmean2": 0.00149062636774, "dmean": 0.00100457319058, "var": 6.45231602903e-06, "dvar": 1.29780289626e-06, "mean": 0.00571660278365}, "erbbands": {"min": [9.14161049081e-08, 1.95595177388e-07, 1.18587433917e-06, 1.18153070616e-06, 1.86522242984e-06, 4.06362642025e-06, 6.21287517788e-06, 2.47306179517e-05, 1.6236992451e-05, 1.06989164124e-05, 5.16435147802e-06, 2.95222639579e-06, 6.07998163105e-06, 7.53576614443e-06, 4.00574390369e-06, 3.55329211743e-06, 3.51322682945e-06, 2.05736159842e-06, 3.23971130456e-06, 3.67282336811e-06, 6.68059874442e-06, 2.98241820929e-06, 1.45440503729e-06, 1.5815014649e-06, 1.86997021956e-06, 9.9858766589e-07, 9.26981272187e-07, 7.55383609885e-07, 7.08920651959e-07, 7.52848109187e-07, 5.61054434911e-07, 3.29987557279e-07, 3.73127022613e-07, 2.6703028766e-07, 2.39099250621e-07, 1.45438406207e-07, 5.84288635253e-08, 2.77512999247e-08, 1.21334950975e-08, 2.16888462745e-09], "max": [9.7789773941, 36.7045059204, 78.0463027954, 116.826461792, 178.382858276, 280.96081543, 248.577774048, 696.603942871, 1198.99914551, 1615.17504883, 1822.44470215, 1639.42810059, 1614.23693848, 1628.23486328, 2163.68945312, 1873.71777344, 2232.91455078, 1558.4486084, 1783.66125488, 1089.77270508, 632.72467041, 884.420715332, 567.314208984, 543.045654297, 366.482666016, 471.075775146, 399.647705078, 363.098846436, 311.411346436, 216.013244629, 206.465286255, 249.02154541, 182.0496521, 110.081672668, 50.7234916687, 19.4310665131, 5.96304368973, 2.1890039444, 0.348694086075, 0.0267817266285], "dvar2": [1.09266149998, 28.9780273438, 93.0829849243, 170.526306152, 184.428695679, 379.79473877, 417.317749023, 1443.07885742, 3035.69580078, 7607.85595703, 6830.26757812, 8124.76513672, 7337.45458984, 7913.26416016, 6652.17529297, 7485.75390625, 8150.62792969, 3716.15649414, 6084.00292969, 3772.03417969, 1782.48388672, 1171.70849609, 656.337036133, 620.666503906, 368.441925049, 263.829437256, 321.737945557, 168.738723755, 170.963150024, 145.508178711, 93.5476989746, 91.5336074829, 61.3612442017, 31.8883457184, 15.8896951675, 2.8734459877, 1.01564109325, 0.0637380182743, 0.00147958076559, 5.49824653717e-06], "median": [0.278042554855, 1.32288646698, 2.26124334335, 3.52657842636, 4.9217300415, 6.41302442551, 7.34778690338, 10.8956241608, 12.1311483383, 9.64805984497, 9.10286140442, 9.15446662903, 10.322426796, 8.20701980591, 4.82144069672, 3.72873973846, 3.6443862915, 3.85524702072, 4.51182889938, 3.53881883621, 2.70709347725, 2.29769563675, 2.35834026337, 2.41468667984, 2.05840873718, 1.70656883717, 1.43137025833, 1.37894892693, 1.60405564308, 1.21404850483, 0.900348901749, 0.691865921021, 0.533976614475, 0.311039686203, 0.174761325121, 0.0735195726156, 0.0239597633481, 0.00400202535093, 0.000432902976172, 7.7745426097e-05], "dmean2": [0.621037304401, 3.14304709435, 5.27199316025, 7.33045291901, 8.13085269928, 11.1722097397, 11.6099281311, 20.3200531006, 23.9998683929, 28.8380508423, 29.5103321075, 31.238494873, 31.3699302673, 31.9844455719, 24.5603084564, 22.4746646881, 23.1993255615, 18.7803249359, 22.1699256897, 17.4745864868, 10.7908687592, 9.51582813263, 8.94648075104, 9.06716251373, 7.29019498825, 6.05360078812, 6.10791492462, 4.89946508408, 5.25575351715, 4.73387336731, 3.63058543205, 2.89880824089, 2.77046656609, 2.36447763443, 1.66968357563, 0.776022017002, 0.415713727474, 0.102936156094, 0.015710644424, 0.000898233149201], "dmean": [0.386131078005, 1.86491560936, 3.05210113525, 4.27030897141, 4.80861568451, 6.73138713837, 7.18199443817, 12.5941162109, 15.7188158035, 18.10105896, 19.7573204041, 21.0596504211, 20.9134426117, 21.3754196167, 16.5627059937, 14.808347702, 15.2924041748, 12.4965200424, 14.481303215, 11.1546812057, 6.96640014648, 6.07141160965, 5.78285360336, 5.91218805313, 4.74941968918, 4.03038167953, 3.96107029915, 3.2419090271, 3.4135620594, 3.04073905945, 2.41626739502, 1.96991610527, 1.85941243172, 1.58421397209, 1.13633859158, 0.539056956768, 0.274977743626, 0.0669957995415, 0.0101716537029, 0.000605987966992], "var": [0.686938405037, 14.5862255096, 31.9032611847, 62.6153411865, 89.8792648315, 285.622039795, 380.08895874, 1694.62145996, 4428.57861328, 7784.05957031, 8471.65429688, 11516.1669922, 6948.70654297, 8655.890625, 7781.10205078, 5716.35693359, 7001.70166016, 5536.828125, 6243.63134766, 2726.80859375, 1112.34143066, 925.78918457, 594.60333252, 608.475952148, 335.822052002, 237.66557312, 209.126541138, 162.840042114, 129.221298218, 107.623626709, 76.0261077881, 104.830253601, 67.1879882812, 24.2315940857, 9.53700828552, 2.28023052216, 0.452982783318, 0.0293780285865, 0.000659091689158, 3.02912030747e-06], "dvar": [0.453650414944, 10.7812194824, 31.9857387543, 61.599609375, 65.2206802368, 138.754180908, 161.342391968, 605.351989746, 1380.68725586, 3156.6237793, 3148.96191406, 3623.05126953, 3201.50585938, 3634.765625, 3316.64355469, 3292.53588867, 3637.66699219, 1793.33496094, 2572.15258789, 1606.07287598, 741.584533691, 509.786804199, 298.874389648, 292.712310791, 165.986251831, 130.426147461, 145.664489746, 90.2524719238, 81.7609100342, 64.7975158691, 42.3388214111, 46.2614440918, 31.197763443, 15.0350236893, 7.16602039337, 1.46886742115, 0.42200961709, 0.0271234679967, 0.000633962103166, 2.58817749454e-06], "mean": [0.607508301735, 2.75759458542, 4.17849874496, 5.99203252792, 7.88294553757, 12.075012207, 13.9852170944, 23.8627853394, 31.1731758118, 32.8623161316, 38.2534599304, 43.0900154114, 38.0455780029, 37.7180213928, 28.0987968445, 23.5586528778, 24.861366272, 23.2851257324, 25.5125923157, 17.7451229095, 11.1342868805, 10.145236969, 9.6429977417, 10.0550279617, 8.16651248932, 6.38024520874, 5.40181732178, 4.84018325806, 4.95634174347, 4.42872619629, 3.44849300385, 3.02222704887, 2.60279464722, 1.94692015648, 1.30343723297, 0.658846259117, 0.277913510799, 0.0638866871595, 0.00919697992504, 0.000622189021669]}, "zerocrossingrate": {"min": 0.00146484375, "max": 0.43212890625, "dvar2": 0.000432068249211, "median": 0.0390625, "dmean2": 0.0159898679703, "dmean": 0.0135642280802, "var": 0.00162503228057, "dvar": 0.000345899374224, "mean": 0.0501705631614}, "spectral_contrast_coeffs": {"min": [-0.907929599285, -0.911418318748, -0.938141047955, -0.926123261452, -0.920994639397, -0.895267307758], "max": [-0.30015155673, -0.353063821793, -0.362434506416, -0.478212684393, -0.545294165611, -0.641791403294], "dvar2": [0.00449655856937, 0.0039810766466, 0.00264685810544, 0.00166230322793, 0.000821975467261, 0.000653193390463], "median": [-0.685021162033, -0.721027612686, -0.753221392632, -0.78157222271, -0.808159828186, -0.798309385777], "dmean2": [0.0817171186209, 0.0780612230301, 0.0622297525406, 0.0493105538189, 0.0342045836151, 0.0277253631502], "dmean": [0.0489102527499, 0.0476892367005, 0.0392940454185, 0.0310220438987, 0.0215396396816, 0.0180699713528], "var": [0.00605446472764, 0.00589999742806, 0.00575452391058, 0.0036775667686, 0.00196396908723, 0.00138205219992], "dvar": [0.00164483464323, 0.00154989294242, 0.00111602840479, 0.000700388045516, 0.000360947829904, 0.000295694655506], "mean": [-0.676866471767, -0.713187336922, -0.744333863258, -0.77379077673, -0.801123559475, -0.79455190897]}, "dissonance": {"min": 0.235372677445, "max": 0.500000059605, "dvar2": 0.00132881954778, "median": 0.456232815981, "dmean2": 0.0401991717517, "dmean": 0.0241814050823, "var": 0.00125699327327, "dvar": 0.000502595212311, "mean": 0.448652863503}, "spectral_energyband_high": {"min": 2.47801723585e-10, "max": 0.0310242474079, "dvar2": 3.90609557144e-06, "median": 0.000277433748124, "dmean2": 0.000970955763478, "dmean": 0.000675713410601, "var": 3.74725345864e-06, "dvar": 1.97805889002e-06, "mean": 0.000992299523205}, "spectral_skewness": {"min": -0.537727177143, "max": 6.13158273697, "dvar2": 0.157974869013, "median": 1.82862710953, "dmean2": 0.372540056705, "dmean": 0.249216154218, "var": 0.422000467777, "dvar": 0.0709672793746, "mean": 1.89734363556}, "spectral_flux": {"min": 0.000140170363011, "max": 0.353409856558, "dvar2": 0.00254801427945, "median": 0.0846028998494, "dmean2": 0.0485746152699, "dmean": 0.0309254396707, "var": 0.00356067996472, "dvar": 0.00117277214304, "mean": 0.0954320728779}, "silence_rate_30dB": {"min": 0, "max": 1, "dvar2": 0.0706633478403, "median": 1, "dmean2": 0.0633863955736, "dmean": 0.0316909067333, "var": 0.0292620304972, "dvar": 0.0306887011975, "mean": 0.969830691814}, "spectral_energyband_middle_high": {"min": 8.26948842736e-10, "max": 0.0658530518413, "dvar2": 3.07461777993e-05, "median": 0.00165291177109, "dmean2": 0.00263222702779, "dmean": 0.00181805004831, "var": 5.99465747655e-05, "dvar": 1.47391483551e-05, "mean": 0.00481574144214}, "barkbands_spread": {"min": 0.751926898956, "max": 119.052490234, "dvar2": 215.824295044, "median": 12.7174282074, "dmean2": 9.86183452606, "dmean": 6.48623085022, "var": 241.154449463, "dvar": 101.977920532, "mean": 17.3851890564}, "spectral_centroid": {"min": 194.354522705, "max": 7988.66503906, "dvar2": 170114.5, "median": 742.088256836, "dmean2": 301.971557617, "dmean": 199.117965698, "var": 322912.28125, "dvar": 85701.1796875, "mean": 902.027404785}, "pitch_salience": {"min": 0.0539303570986, "max": 0.89099663496, "dvar2": 0.0156628172845, "median": 0.508621573448, "dmean2": 0.136360898614, "dmean": 0.0828944519162, "var": 0.0149742159992, "dvar": 0.00605416623875, "mean": 0.50680989027}, "erbbands_skewness": {"min": -7.18104696274, "max": 6.80377817154, "dvar2": 0.358661264181, "median": 0.901994466782, "dmean2": 0.623950004578, "dmean": 0.410470664501, "var": 0.77001196146, "dvar": 0.168469488621, "mean": 0.87977874279}, "erbbands_crest": {"min": 2.1116809845, "max": 31.9832839966, "dvar2": 16.478521347, "median": 8.74979400635, "dmean2": 4.34511375427, "dmean": 2.72228097916, "var": 24.7228126526, "dvar": 6.88952445984, "mean": 10.0381250381}, "melbands": {"min": [1.84867243735e-09, 6.65568877789e-10, 2.41656111788e-10, 1.94912100349e-10, 6.96324664595e-11, 5.55647639011e-10, 2.36803299192e-10, 1.1093022334e-10, 3.56492370346e-11, 1.88390397032e-11, 3.02617965409e-11, 3.17313501863e-11, 1.59507095032e-11, 8.9270769596e-12, 9.63038329638e-12, 5.94538264106e-12, 3.58797084925e-12, 5.38516974069e-12, 4.06902376376e-12, 6.07354834828e-12, 7.59523867411e-12, 3.38030037988e-12, 1.47582835709e-12, 9.74261036429e-13, 1.25460275849e-12, 1.93929616289e-12, 7.65809995713e-13, 6.19908800941e-13, 5.55155747761e-13, 4.32951282247e-13, 4.95355763786e-13, 4.04225752263e-13, 4.87276289197e-13, 3.47203738199e-13, 3.7786375591e-13, 1.98006907637e-13, 1.83034834576e-13, 2.4904896396e-13, 2.2927089372e-13, 2.32247462364e-13], "max": [0.0675506517291, 0.0384266041219, 0.0173711497337, 0.0104755777866, 0.00838621146977, 0.014624577947, 0.0157415010035, 0.0157121345401, 0.0126879289746, 0.0126686273143, 0.00855606328696, 0.00689435750246, 0.00626498367637, 0.00651060417295, 0.00701500382274, 0.00522121367976, 0.00328890304081, 0.00330033805221, 0.00219232216477, 0.0016750881914, 0.000945886829868, 0.00100910104811, 0.000658995355479, 0.000560002401471, 0.000573682540562, 0.000263616035227, 0.000251123216003, 0.000327151123201, 0.000255524064414, 0.000232080361457, 0.00020206902991, 0.000182507414138, 0.000154533074237, 0.000132440516609, 0.000110086744826, 0.000166251542396, 0.000196610722924, 0.000140258227475, 0.000122139739688, 8.34590973682e-05], "dvar2": [5.8438450651e-05, 2.6182304282e-05, 4.26424230682e-06, 1.23302595512e-06, 4.70421269938e-07, 6.11706695963e-07, 7.30148087769e-07, 7.34938964797e-07, 4.48373754125e-07, 3.57061821887e-07, 2.05958755828e-07, 1.42646669588e-07, 8.46549710332e-08, 6.26759444344e-08, 5.20376204349e-08, 4.17956371734e-08, 1.67416249752e-08, 2.1845158571e-08, 1.0578759202e-08, 6.1565876841e-09, 2.4568553858e-09, 1.70198799498e-09, 8.29823543214e-10, 5.30885946315e-10, 5.18458165288e-10, 2.62814991991e-10, 2.32853097915e-10, 1.39177863678e-10, 1.4529019654e-10, 9.37154798208e-11, 7.33695534882e-11, 6.69731214931e-11, 4.91666984903e-11, 4.92343214809e-11, 3.35314727373e-11, 4.1457556138e-11, 4.54784820914e-11, 3.69036017023e-11, 2.93748879387e-11, 2.34919358272e-11], "median": [0.00267766602337, 0.00166188250296, 0.000714143621735, 0.00044098199578, 0.000283481815131, 0.000254522718024, 0.000182866366231, 9.42632104852e-05, 6.5134227043e-05, 5.38769381819e-05, 4.70068407594e-05, 3.24122083839e-05, 1.55456673383e-05, 9.78895877779e-06, 6.9918655754e-06, 6.76610989103e-06, 6.2656058617e-06, 6.3118422986e-06, 5.04266836288e-06, 3.15192369271e-06, 2.62901403403e-06, 2.09760241887e-06, 1.87792682027e-06, 1.96373480321e-06, 1.77904985321e-06, 1.5090921579e-06, 1.20801144021e-06, 9.40350673773e-07, 8.28498343708e-07, 7.1342043384e-07, 7.48577122067e-07, 8.43773932502e-07, 8.07802166491e-07, 5.56043119104e-07, 4.96162556374e-07, 4.07631546295e-07, 4.06535832553e-07, 3.75700722088e-07, 2.84574923626e-07, 2.40844087784e-07], "dmean2": [0.00464780628681, 0.00306539097801, 0.00122927629855, 0.000687290390488, 0.000401209486881, 0.000439732946688, 0.000376903510187, 0.0003061167954, 0.000246873882134, 0.000202822426218, 0.000165182631463, 0.000139016323374, 9.20176826185e-05, 6.65558181936e-05, 6.24921885901e-05, 5.16931468155e-05, 3.72983595298e-05, 4.13802845287e-05, 3.07355985569e-05, 1.90891823877e-05, 1.25224632939e-05, 1.13128116936e-05, 8.61269927555e-06, 8.51589811646e-06, 7.98512974143e-06, 6.19858383288e-06, 5.38297990715e-06, 4.14963278672e-06, 4.03738795285e-06, 3.56016084879e-06, 2.90854086415e-06, 3.20935305353e-06, 2.90148773274e-06, 2.61836134996e-06, 2.13534372051e-06, 2.00958720598e-06, 1.86819374903e-06, 2.08785854738e-06, 1.84231066669e-06, 2.07731022783e-06], "dmean": [0.0029313347768, 0.00179218465928, 0.000721052929293, 0.000409796193708, 0.000247374933679, 0.000273415294942, 0.000245226256084, 0.000194151027245, 0.000165239514899, 0.000136656424729, 0.000110042936285, 9.26316570258e-05, 6.09653725405e-05, 4.43960598204e-05, 4.08158775826e-05, 3.4132222936e-05, 2.45073733822e-05, 2.67931154667e-05, 1.96869787032e-05, 1.21080583995e-05, 7.98559995019e-06, 7.05127922629e-06, 5.49289825358e-06, 5.47763966097e-06, 5.15613373864e-06, 4.01862280341e-06, 3.42793168784e-06, 2.73732553069e-06, 2.57714191321e-06, 2.2784797693e-06, 1.91875619748e-06, 2.06613162845e-06, 1.85905037142e-06, 1.66256711509e-06, 1.4038835161e-06, 1.34010667807e-06, 1.24784060063e-06, 1.38669543048e-06, 1.22834603644e-06, 1.38212487855e-06], "var": [3.92666588596e-05, 1.11061171992e-05, 1.71262320237e-06, 7.60349848861e-07, 4.30236156035e-07, 7.24930600882e-07, 9.49981881604e-07, 7.91588092852e-07, 6.51128914342e-07, 4.65904776092e-07, 1.96375950168e-07, 1.58677437412e-07, 8.83116655359e-08, 5.92227706875e-08, 4.89154423633e-08, 3.82938409871e-08, 2.18697380205e-08, 2.22583320664e-08, 8.75820838075e-09, 3.99690058828e-09, 1.37230682373e-09, 1.25101307091e-09, 6.87906953623e-10, 4.34517283265e-10, 4.80256556745e-10, 2.4747140448e-10, 1.59912721953e-10, 1.06636442732e-10, 9.03992020129e-11, 6.62848109734e-11, 5.8053929719e-11, 4.65185008569e-11, 3.43125562685e-11, 3.50998084764e-11, 2.36068144199e-11, 3.25879358221e-11, 4.69207971088e-11, 3.6732204084e-11, 2.5228159839e-11, 1.60582692976e-11], "dvar": [2.43040940404e-05, 9.07265621208e-06, 1.54407234731e-06, 4.39623903503e-07, 1.79034444159e-07, 2.57366650658e-07, 3.17260997917e-07, 3.1438185033e-07, 2.09567630804e-07, 1.559776166e-07, 9.05849901756e-08, 6.55027321272e-08, 4.03450108877e-08, 2.9814565039e-08, 2.39151312087e-08, 1.92577900293e-08, 7.96766386202e-09, 9.21326304137e-09, 4.72286654229e-09, 2.59201038411e-09, 1.00243002787e-09, 7.25189630568e-10, 3.74923592172e-10, 2.38736447278e-10, 2.43041919923e-10, 1.2067946642e-10, 9.84672274273e-11, 6.56785875686e-11, 6.44086450841e-11, 4.38064237662e-11, 3.66995982215e-11, 3.12690741355e-11, 2.20002627227e-11, 2.13341011523e-11, 1.44162060761e-11, 1.84946814807e-11, 2.21964373964e-11, 1.81341296146e-11, 1.38502551442e-11, 1.08177338615e-11], "mean": [0.00482429331169, 0.00272713159211, 0.00110153213609, 0.000724832701962, 0.000501436414197, 0.000530630466528, 0.000479731359519, 0.000349060632288, 0.000324383814586, 0.000269573909463, 0.000192392602912, 0.00016110247816, 9.84728903859e-05, 6.91251916578e-05, 6.17177574895e-05, 5.23561102455e-05, 4.27405466326e-05, 4.51360174338e-05, 2.9319053283e-05, 1.75910208782e-05, 1.16768023872e-05, 1.08795748019e-05, 8.51458935358e-06, 8.45239992486e-06, 8.18269109004e-06, 6.48390005153e-06, 5.29815451955e-06, 3.94251901525e-06, 3.39580856235e-06, 3.00360420624e-06, 2.7125838642e-06, 2.84236989501e-06, 2.6676334528e-06, 2.32968659475e-06, 1.91838535102e-06, 1.89117008631e-06, 1.86718330042e-06, 1.87236855709e-06, 1.63778406659e-06, 1.6246051473e-06]}, "spectral_entropy": {"min": 5.5860991478, "max": 8.87626171112, "dvar2": 0.110324002802, "median": 7.39557981491, "dmean2": 0.313173621893, "dmean": 0.219387605786, "var": 0.278907001019, "dvar": 0.058994922787, "mean": 7.39633369446}, "spectral_rolloff": {"min": 43.06640625, "max": 15353.1738281, "dvar2": 4093241.75, "median": 516.796875, "dmean2": 758.118713379, "dmean": 433.643249512, "var": 2402096, "dvar": 1725323.75, "mean": 936.675231934}, "barkbands": {"min": [5.84655657221e-10, 1.00682640003e-09, 9.71326241661e-10, 1.08272529831e-10, 1.53235779621e-09, 2.74106137788e-09, 8.58643878221e-10, 3.70617814216e-10, 1.35685629399e-10, 2.29225749493e-10, 1.21218937665e-10, 8.91136608949e-11, 6.95756369185e-11, 4.20314616445e-11, 5.6225652606e-11, 1.20685253457e-10, 4.90223937832e-11, 2.17399449137e-11, 4.30550248232e-11, 1.94355660038e-11, 2.02474859795e-11, 2.60417434145e-11, 1.6810513051e-11, 1.93790365699e-11, 2.76417326528e-11, 3.35137299856e-11, 1.09850885333e-10], "max": [0.0374340824783, 0.193965271115, 0.0708612948656, 0.0335519313812, 0.0506931133568, 0.0639640837908, 0.0761339813471, 0.0799201503396, 0.0793216601014, 0.0546833574772, 0.0442066863179, 0.0553308539093, 0.0502765253186, 0.0290092919022, 0.0259893592447, 0.0169803556055, 0.0141431670636, 0.00963957048953, 0.00755116716027, 0.00921033322811, 0.00996425375342, 0.00827291794121, 0.00685942312703, 0.0110596343875, 0.00905009079725, 0.00370691460557, 0.0021766750142], "dvar2": [1.04562122942e-05, 0.000610032409895, 9.21670507523e-05, 1.78783338924e-05, 2.10511789192e-05, 1.25364504129e-05, 2.58558138739e-05, 1.30541911858e-05, 1.58602942975e-05, 9.26801567402e-06, 5.63174717172e-06, 5.3448898143e-06, 4.01667557526e-06, 2.39577298089e-06, 2.10798862099e-06, 8.59085275806e-07, 3.98095409082e-07, 2.33189098253e-07, 1.75037484951e-07, 1.23001399288e-07, 1.40420112871e-07, 1.3308469704e-07, 1.10884023741e-07, 1.99962997272e-07, 2.5808711257e-07, 2.24010037186e-07, 4.73998760242e-08], "median": [0.000370400084648, 0.00886942911893, 0.00159595208243, 0.000984480371699, 0.00194931961596, 0.00123514025472, 0.000726625905372, 0.000331998046022, 0.000410352076869, 0.000227116805036, 0.000108090025606, 8.99387669051e-05, 6.77893622196e-05, 7.59037284297e-05, 6.64591498207e-05, 4.25485341111e-05, 3.42491039191e-05, 4.0649472794e-05, 4.09913991462e-05, 3.68069158867e-05, 3.40705155395e-05, 4.55734989373e-05, 3.14817298204e-05, 3.30249458784e-05, 2.65115049842e-05, 1.40839274536e-05, 2.55939767158e-06], "dmean2": [0.00183459126856, 0.0150466728956, 0.00499974982813, 0.00242832442746, 0.00283605325967, 0.00212001777254, 0.00198542838916, 0.00129510695115, 0.00146315968595, 0.00108201196417, 0.000788786623161, 0.000637327728327, 0.000519163673744, 0.000472577434266, 0.000411446788348, 0.000225747833611, 0.00017511054466, 0.000177245499799, 0.000165198478498, 0.000134554808028, 0.000136620757985, 0.000146547536133, 0.000127213585074, 0.000147427097545, 0.000222030925215, 0.00020461245731, 8.89734219527e-05], "dmean": [0.00118298199959, 0.00937927421182, 0.00289954664186, 0.00140935846139, 0.00170962873381, 0.00131188961677, 0.00127629481722, 0.000846168375574, 0.0009833649965, 0.000709633342922, 0.0005156211555, 0.000417938572355, 0.000341654958902, 0.000304339744616, 0.00026104049175, 0.000143007360748, 0.000110648921691, 0.000114324167953, 0.000105670071207, 8.91226227395e-05, 8.95543344086e-05, 9.61397236097e-05, 8.43497982714e-05, 0.000100309749541, 0.00015044779866, 0.000140297910548, 5.84710032854e-05], "var": [8.47685078043e-06, 0.000390165136196, 3.24477696267e-05, 7.23374841982e-06, 1.46288593896e-05, 1.44423347592e-05, 2.96491271001e-05, 1.40923084473e-05, 2.23442293645e-05, 1.00452325569e-05, 5.41993631487e-06, 4.52886160929e-06, 3.45871990248e-06, 2.91005994768e-06, 1.57234455855e-06, 5.10737095283e-07, 2.92385465173e-07, 2.03569939572e-07, 1.74921069629e-07, 1.09393134551e-07, 1.13963530168e-07, 1.02460234075e-07, 9.71784999138e-08, 2.47741866133e-07, 1.76547075625e-07, 1.23737081026e-07, 2.43672779732e-08], "dvar": [4.61724857814e-06, 0.000246400537435, 3.30683214997e-05, 6.19749062025e-06, 7.61349338063e-06, 5.21244055562e-06, 1.07536152427e-05, 6.06919957136e-06, 6.96089364283e-06, 4.18126182922e-06, 2.62627895609e-06, 2.46511694968e-06, 1.81594259629e-06, 1.04961407033e-06, 8.97159054603e-07, 3.5676907828e-07, 1.72215166572e-07, 1.07607988298e-07, 8.05125424108e-08, 5.96644014195e-08, 6.95134261264e-08, 6.38232364736e-08, 5.17146041545e-08, 1.04465428308e-07, 1.19558464462e-07, 9.97748799136e-08, 2.13900008816e-08], "mean": [0.00182418292388, 0.0152340382338, 0.00365829886869, 0.00194035447203, 0.00319303572178, 0.00252429046668, 0.00240174657665, 0.00143308762927, 0.00200897292234, 0.00121220760047, 0.000787836324889, 0.000640674785245, 0.000512929924298, 0.000543476082385, 0.000388226704672, 0.000207639066502, 0.000169932798599, 0.000181142531801, 0.000176652742084, 0.000139663461596, 0.000127319464809, 0.000140905962326, 0.000123093195725, 0.000150976498844, 0.000179303591722, 0.000151873173309, 5.47923045815e-05]}, "melbands_flatness_db": {"min": 0.0316069759429, "max": 0.519145727158, "dvar2": 0.00209759944119, "median": 0.250917226076, "dmean2": 0.0468951612711, "dmean": 0.0308974273503, "var": 0.00525505468249, "dvar": 0.000957657233812, "mean": 0.255150645971}, "melbands_skewness": {"min": -4.4054312706, "max": 22.7447032928, "dvar2": 3.10086369514, "median": 2.75495529175, "dmean2": 1.51140272617, "dmean": 0.984790682793, "var": 5.43364572525, "dvar": 1.3905711174, "mean": 3.25242614746}, "barkbands_skewness": {"min": -3.67527770996, "max": 14.4237823486, "dvar2": 1.54649949074, "median": 2.0457804203, "dmean2": 1.10341405869, "dmean": 0.726071238518, "var": 2.62239646912, "dvar": 0.690927028656, "mean": 2.29267454147}, "silence_rate_60dB": {"min": 0, "max": 1, "dvar2": 0.0344469472766, "median": 0, "dmean2": 0.0295224320143, "dmean": 0.0147601477802, "var": 0.0697498321533, "dvar": 0.0145417107269, "mean": 0.0754594132304}, "spectral_energyband_low": {"min": 1.19933201148e-08, "max": 0.213007628918, "dvar2": 0.000719256466255, "median": 0.0154647938907, "dmean2": 0.018162149936, "dmean": 0.0114371702075, "var": 0.000561894325074, "dvar": 0.000302994129015, "mean": 0.0216065514833}, "spectral_energyband_middle_low": {"min": 6.12900574737e-09, "max": 0.109089575708, "dvar2": 0.000103460610262, "median": 0.0102617517114, "dmean2": 0.00744777871296, "dmean": 0.0047236084938, "var": 0.000154555513291, "dvar": 4.27161794505e-05, "mean": 0.0136896073818}, "melbands_kurtosis": {"min": -1.97007596493, "max": 801.814025879, "dvar2": 2025.5423584, "median": 12.7289524078, "dmean2": 21.9809818268, "dmean": 14.02485466, "var": 1931.94372559, "dvar": 865.222045898, "mean": 26.0925636292}, "spectral_decrease": {"min": -5.86032342653e-08, "max": -6.10025039448e-15, "dvar2": 4.66476925921e-17, "median": -9.21137832677e-09, "dmean2": 5.31918020741e-09, "dmean": 3.478059174e-09, "var": 5.94966662412e-17, "dvar": 2.10338596359e-17, "mean": -1.00857588947e-08}, "erbbands_kurtosis": {"min": -1.8260717392, "max": 78.9906845093, "dvar2": 10.9632692337, "median": 0.944602012634, "dmean2": 2.25504636765, "dmean": 1.43705189228, "var": 12.0882530212, "dvar": 4.77505636215, "mean": 1.85536265373}, "melbands_crest": {"min": 3.29417562485, "max": 37.2080116272, "dvar2": 30.2630081177, "median": 15.9394626617, "dmean2": 6.26392173767, "dmean": 3.8366856575, "var": 34.9567375183, "dvar": 12.1667842865, "mean": 16.5722198486}, "gfcc": {"cov": [[9237.85449219, -2363.88134766, 134.013641357, 112.116889954, -274.20413208, 480.434234619, 258.602539062, 343.397766113, -117.650848389, 228.191192627, -101.132164001, 183.515838623, -194.496398926], [-2363.88134766, 1849.75634766, -472.548187256, -71.0938034058, 122.375793457, -203.635131836, -4.38228702545, -121.361740112, 87.9645614624, -122.358940125, 114.488624573, -86.7959060669, 148.066192627], [134.013641357, -472.548187256, 1051.41931152, 142.633041382, 42.5914154053, 111.30115509, -29.0820217133, 58.1840362549, 23.0033245087, 74.6750793457, -43.0463829041, 100.547035217, 26.0808353424], [112.116889954, -71.0938034058, 142.633041382, 360.306732178, 36.14868927, 41.7304115295, 1.65832221508, 22.8741569519, 40.6336898804, 15.0083761215, 5.84206390381, 21.4035758972, 38.0245704651], [-274.20413208, 122.375793457, 42.5914154053, 36.14868927, 344.876434326, 33.2866249084, 21.565328598, 2.7749004364, 26.6861515045, 20.5734100342, 19.0225830078, 4.76784467697, 22.2115345001], [480.434234619, -203.635131836, 111.30115509, 41.7304115295, 33.2866249084, 211.029647827, 61.3898239136, 33.2863998413, -4.15306854248, 36.5500259399, 9.44815921783, 20.2311420441, -6.04577493668], [258.602539062, -4.38228702545, -29.0820217133, 1.65832221508, 21.565328598, 61.3898239136, 157.570297241, 52.3661231995, 5.94270563126, 7.69434356689, 18.1312217712, 5.38414096832, -7.20607805252], [343.397766113, -121.361740112, 58.1840362549, 22.8741569519, 2.7749004364, 33.2863998413, 52.3661231995, 117.989067078, 31.895608902, 18.1971969604, -11.8905982971, 15.9345674515, -1.18527972698], [-117.650848389, 87.9645614624, 23.0033245087, 40.6336898804, 26.6861515045, -4.15306854248, 5.94270563126, 31.895608902, 105.455322266, 30.8907699585, 9.62897491455, -5.05855369568, 23.1092739105], [228.191192627, -122.358940125, 74.6750793457, 15.0083761215, 20.5734100342, 36.5500259399, 7.69434356689, 18.1971969604, 30.8907699585, 96.3416519165, 26.731306076, 8.58252334595, -14.9792737961], [-101.132164001, 114.488624573, -43.0463829041, 5.84206390381, 19.0225830078, 9.44815921783, 18.1312217712, -11.8905982971, 9.62897491455, 26.731306076, 85.9227371216, 19.6652984619, 10.1441526413], [183.515838623, -86.7959060669, 100.547035217, 21.4035758972, 4.76784467697, 20.2311420441, 5.38414096832, 15.9345674515, -5.05855369568, 8.58252334595, 19.6652984619, 88.9027175903, 32.4403266907], [-194.496398926, 148.066192627, 26.0808353424, 38.0245704651, 22.2115345001, -6.04577493668, -7.20607805252, -1.18527972698, 23.1092739105, -14.9792737961, 10.1441526413, 32.4403266907, 97.8571472168]], "icov": [[0.000201198330615, 0.000188728416106, 0.000147911443491, -4.78947004012e-05, 0.000106835221231, -0.000199572037673, -0.000145412384882, -0.000269837677479, 0.00015250078286, -0.000297033868264, 0.000195839151274, -0.00031223508995, 4.46895974164e-05], [0.000188728416106, 0.00138701940887, 0.000262689572992, 0.000227025899221, -0.000240735127591, 0.000497498258483, -0.000490997335874, 0.000474895205116, -0.000926170730963, 0.00129755737726, -0.00173666817136, 0.00126496329904, -0.00164880172815], [0.000147911443491, 0.000262689572992, 0.001467036549, -0.000354838353815, -5.83603614359e-05, -0.000545732153114, 0.00031015111017, -0.000281412270851, -3.127580203e-05, -0.00106736843009, 0.0012671884615, -0.00160098774359, -0.000114263239084], [-4.78947004012e-05, 0.000227025899221, -0.000354838353815, 0.0032607994508, -0.000225207040785, -0.000338966259733, 0.000168277256307, 9.98490850179e-06, -0.00122279580683, 0.000688535219524, -0.000748837308493, 0.000504866999108, -0.00126407667994], [0.000106835221231, -0.000240735127591, -5.83603614359e-05, -0.000225207040785, 0.00325325503945, -0.000641912105493, -0.000369985180441, 2.11562328332e-05, -0.000136607617605, -0.000934566720389, 0.000248869328061, -0.000252681056736, -0.000178241039976], [-0.000199572037673, 0.000497498258483, -0.000545732153114, -0.000338966259733, -0.000641912105493, 0.00688483659178, -0.00236170226708, 0.000249563832767, 0.000722606375348, -0.00090210523922, -0.00112065719441, 0.000888577662408, -0.000959221913945], [-0.000145412384882, -0.000490997335874, 0.00031015111017, 0.000168277256307, -0.000369985180441, -0.00236170226708, 0.00921283941716, -0.00421662768349, 0.000532659410965, 0.0010541343363, -0.00211634393781, 0.000193783300347, 0.00106199039146], [-0.000269837677479, 0.000474895205116, -0.000281412270851, 9.98490850179e-06, 2.11562328332e-05, 0.000249563832767, -0.00421662768349, 0.0134756807238, -0.00490056117997, 0.000223295923206, 0.0024998721201, -0.00181235605851, 0.000212707760511], [0.00015250078286, -0.000926170730963, -3.127580203e-05, -0.00122279580683, -0.000136607617605, 0.000722606375348, 0.000532659410965, -0.00490056117997, 0.0150060132146, -0.00640063313767, 0.000807930598967, 0.00222436035983, -0.00310114724562], [-0.000297033868264, 0.00129755737726, -0.00106736843009, 0.000688535219524, -0.000934566720389, -0.00090210523922, 0.0010541343363, 0.000223295923206, -0.00640063313767, 0.0183846950531, -0.00825694389641, 0.00194397266023, 0.00223719212227], [0.000195839151274, -0.00173666817136, 0.0012671884615, -0.000748837308493, 0.000248869328061, -0.00112065719441, -0.00211634393781, 0.0024998721201, 0.000807930598967, -0.00825694389641, 0.0197393428534, -0.00758648104966, 0.0017329499824], [-0.00031223508995, 0.00126496329904, -0.00160098774359, 0.000504866999108, -0.000252681056736, 0.000888577662408, 0.000193783300347, -0.00181235605851, 0.00222436035983, 0.00194397266023, -0.00758648104966, 0.0195181109011, -0.00811116863042], [4.46895974164e-05, -0.00164880172815, -0.000114263239084, -0.00126407667994, -0.000178241039976, -0.000959221913945, 0.00106199039146, 0.000212707760511, -0.00310114724562, 0.00223719212227, 0.0017329499824, -0.00811116863042, 0.0169702563435]], "mean": [-5.02968358994, 94.4425354004, -77.2019805908, 22.1627540588, -52.3822250366, 13.1375131607, -31.5733394623, 10.7567996979, -17.9923629761, 5.77244567871, -14.0398025513, 1.51158487797, -8.80451011658]}, "melbands_spread": {"min": 0.497934699059, "max": 322.776733398, "dvar2": 216.420700073, "median": 10.3373374939, "dmean2": 7.77568817139, "dmean": 4.99464988708, "var": 263.012359619, "dvar": 101.368598938, "mean": 14.6465263367}, "spectral_energy": {"min": 2.37412365323e-08, "max": 0.223660036922, "dvar2": 0.000679847667925, "median": 0.0365808270872, "dmean2": 0.0205466262996, "dmean": 0.0135239353403, "var": 0.000917006225791, "dvar": 0.00031191681046, "mean": 0.0401101186872}, "mfcc": {"cov": [[8192.43359375, -1383.94250488, -344.791625977, -150.379119873, -343.623931885, 33.1786422729, 262.277954102, 189.589935303, 73.2322158813, 108.64112854, 178.991943359, 70.9226913452, 26.9764347076], [-1383.94250488, 1237.9732666, -243.853683472, 8.41034030914, 19.8967533112, -51.2285804749, -46.6360244751, -30.8595714569, -32.9367828369, -13.2998886108, -38.6708221436, -32.2740631104, 4.36492729187], [-344.791625977, -243.853683472, 772.488342285, 80.1566467285, 88.9027862549, 58.1169013977, -22.6369113922, 14.0113477707, 50.7415428162, -7.00307273865, -4.64959669113, 5.02630996704, 26.9487400055], [-150.379119873, 8.41034030914, 80.1566467285, 289.668029785, 86.2433319092, 16.5293521881, -13.8278493881, 15.3211164474, 36.3676185608, 6.07344388962, -10.7392292023, 9.63735198975, 15.0003299713], [-343.623931885, 19.8967533112, 88.9027862549, 86.2433319092, 259.900939941, 72.3509368896, 5.12680339813, -2.57253670692, 41.2418060303, -1.98012709618, -2.85066008568, 12.7358083725, 26.2422580719], [33.1786422729, -51.2285804749, 58.1169013977, 16.5293521881, 72.3509368896, 148.539474487, 62.4314346313, 13.1873130798, 12.2073688507, 10.8908061981, 23.9202098846, 10.7005414963, 8.43883037567], [262.277954102, -46.6360244751, -22.6369113922, -13.8278493881, 5.12680339813, 62.4314346313, 145.469818115, 48.0330162048, 8.18923473358, 6.71247577667, 30.1088371277, 16.5891418457, 8.17945861816], [189.589935303, -30.8595714569, 14.0113477707, 15.3211164474, -2.57253670692, 13.1873130798, 48.0330162048, 103.95337677, 43.6839561462, 0.756143212318, 5.99721574783, 6.76655435562, 9.26964187622], [73.2322158813, -32.9367828369, 50.7415428162, 36.3676185608, 41.2418060303, 12.2073688507, 8.18923473358, 43.6839561462, 106.777450562, 30.8164863586, 0.429077923298, 3.26110911369, 12.16106987], [108.64112854, -13.2998886108, -7.00307273865, 6.07344388962, -1.98012709618, 10.8908061981, 6.71247577667, 0.756143212318, 30.8164863586, 96.7407836914, 42.4198684692, 0.0475455522537, -6.38516378403], [178.991943359, -38.6708221436, -4.64959669113, -10.7392292023, -2.85066008568, 23.9202098846, 30.1088371277, 5.99721574783, 0.429077923298, 42.4198684692, 99.8854217529, 31.8427848816, -4.22539901733], [70.9226913452, -32.2740631104, 5.02630996704, 9.63735198975, 12.7358083725, 10.7005414963, 16.5891418457, 6.76655435562, 3.26110911369, 0.0475455522537, 31.8427848816, 80.1523666382, 30.4876461029], [26.9764347076, 4.36492729187, 26.9487400055, 15.0003299713, 26.2422580719, 8.43883037567, 8.17945861816, 9.26964187622, 12.16106987, -6.38516378403, -4.22539901733, 30.4876461029, 89.5133514404]], "icov": [[0.000187519428437, 0.000216355663724, 0.00013564353867, 4.4037542466e-06, 0.000211258113268, 2.5097406251e-06, -0.000155388523126, -0.00015541180619, -0.000102599806269, -5.018005686e-05, -0.00018940953305, 6.42129743937e-05, -0.000160966432304], [0.000216355663724, 0.00115664186887, 0.000459070754005, -5.96867066633e-05, 7.9165556599e-06, 0.00018764208653, 9.42202314036e-06, -0.000166847356013, 0.000118485579151, -0.000101121055195, -7.33249034965e-05, 0.000424431025749, -0.000424732337706], [0.00013564353867, 0.000459070754005, 0.00164991372731, -0.000243233356741, -6.15181343164e-05, -0.000588951050304, 0.000519751745742, -0.000182510484592, -0.000582049833611, 0.000355939264409, -0.000289864692604, 0.000311715702992, -0.000489644764457], [4.4037542466e-06, -5.96867066633e-05, -0.000243233356741, 0.00404223287478, -0.00117432267871, 3.5568842577e-05, 0.000559512409382, -0.000689414271619, -0.000442825257778, -0.000476543209516, 0.000623516447376, -0.000612562871538, 2.2847971195e-05], [0.000211258113268, 7.9165556599e-06, -6.15181343164e-05, -0.00117432267871, 0.00578241003677, -0.00269473926164, 0.000250807526754, 0.00126268388703, -0.00234843650833, 0.00102127913851, -0.000254809827311, -0.000178597372724, -0.00100287562236], [2.5097406251e-06, 0.00018764208653, -0.000588951050304, 3.5568842577e-05, -0.00269473926164, 0.0102710509673, -0.00437518162653, 0.000637295132037, 0.00042365223635, -0.000586465059314, -0.00109944643918, 0.000426880869782, 2.02625287784e-05], [-0.000155388523126, 9.42202314036e-06, 0.000519751745742, 0.000559512409382, 0.000250807526754, -0.00437518162653, 0.0110637824982, -0.00474750809371, 0.00117188307922, 0.000232405378483, -0.00156615534797, -0.000574985519052, -0.000404993188567], [-0.00015541180619, -0.000166847356013, -0.000182510484592, -0.000689414271619, 0.00126268388703, 0.000637295132037, -0.00474750809371, 0.0149785671383, -0.00671530561522, 0.00277426210232, -0.000706074235495, 0.000278480234556, -0.000340074824635], [-0.000102599806269, 0.000118485579151, -0.000582049833611, -0.000442825257778, -0.00234843650833, 0.00042365223635, 0.00117188307922, -0.00671530561522, 0.015260707587, -0.00610415451229, 0.00271669845097, -0.000570756790694, -0.000674620096106], [-5.018005686e-05, -0.000101121055195, 0.000355939264409, -0.000476543209516, 0.00102127913851, -0.000586465059314, 0.000232405378483, 0.00277426210232, -0.00610415451229, 0.0157921873033, -0.00766956806183, 0.00294683128595, 3.01866839436e-05], [-0.00018940953305, -7.33249034965e-05, -0.000289864692604, 0.000623516447376, -0.000254809827311, -0.00109944643918, -0.00156615534797, -0.000706074235495, 0.00271669845097, -0.00766956806183, 0.0167963467538, -0.00717585114762, 0.00275875092484], [6.42129743937e-05, 0.000424431025749, 0.000311715702992, -0.000612562871538, -0.000178597372724, 0.000426880869782, -0.000574985519052, 0.000278480234556, -0.000570756790694, 0.00294683128595, -0.00717585114762, 0.0179232340306, -0.00615094276145], [-0.000160966432304, -0.000424732337706, -0.000489644764457, 2.2847971195e-05, -0.00100287562236, 2.02625287784e-05, -0.000404993188567, -0.000340074824635, -0.000674620096106, 3.01866839436e-05, 0.00275875092484, -0.00615094276145, 0.0140676442534]], "mean": [-663.90032959, 134.496429443, 29.4168949127, 19.9080047607, 5.99266719818, 5.28473329544, 1.16078162193, 3.89784240723, 2.47897958755, 4.84242153168, 3.05324339867, -2.76923727989, 0.0242699291557]}, "spectral_contrast_valleys": {"min": [-13.9515380859, -13.180683136, -13.9147891998, -14.5378866196, -14.689002037, -16.8857975006], "max": [-4.94817256927, -4.53118610382, -4.92958402634, -5.18135786057, -5.34127378464, -7.30983543396], "dvar2": [0.269221812487, 0.226882264018, 0.265662103891, 0.225910127163, 0.243830442429, 0.362047016621], "median": [-6.53113460541, -6.52907657623, -7.52317619324, -8.17301940918, -8.04172134399, -9.98086547852], "dmean2": [0.608855426311, 0.554368972778, 0.543306529522, 0.490561753511, 0.427491754293, 0.466690927744], "dmean": [0.38011687994, 0.347089439631, 0.34733787179, 0.322671592236, 0.300839930773, 0.376553207636], "var": [1.00516188145, 0.762933671474, 0.836350023746, 0.826910614967, 1.03084969521, 1.65226054192], "dvar": [0.120124153793, 0.0944808498025, 0.116212397814, 0.108123369515, 0.127342522144, 0.213587120175], "mean": [-6.80383586884, -6.65268945694, -7.58951663971, -8.18825340271, -8.12048149109, -10.1442613602]}, "barkbands_flatness_db": {"min": 0.0172526948154, "max": 0.386606127024, "dvar2": 0.0014869091101, "median": 0.153813809156, "dmean2": 0.0396492108703, "dmean": 0.0261025670916, "var": 0.00332781020552, "dvar": 0.000677715230267, "mean": 0.158844769001}, "dynamic_complexity": 3.78011870384, "erbbands_flatness_db": {"min": 0.0294811725616, "max": 0.397621452808, "dvar2": 0.000873689947184, "median": 0.13606993854, "dmean2": 0.0292281266302, "dmean": 0.0214919317514, "var": 0.00271132634953, "dvar": 0.000494689855259, "mean": 0.138433814049}, "hfc": {"min": 7