{"lowlevel": {"spectral_complexity": {"min": 0, "max": 57, "dvar2": 58.4963607788, "median": 20, "dmean2": 6.74396705627, "dmean": 4.37471342087, "var": 161.48210144, "dvar": 27.8575668335, "mean": 19.4301567078}, "silence_rate_20dB": {"min": 1, "max": 1, "dvar2": 0, "median": 1, "dmean2": 0, "dmean": 0, "var": 0, "dvar": 0, "mean": 1}, "average_loudness": 0.940543174744, "erbbands_spread": {"min": 1.15737187862, "max": 172.45350647, "dvar2": 395.080230713, "median": 53.5790405273, "dmean2": 18.7932701111, "dmean": 12.2966356277, "var": 633.162475586, "dvar": 174.097915649, "mean": 54.2475471497}, "spectral_kurtosis": {"min": -1.2895168066, "max": 67.4752197266, "dvar2": 26.0155925751, "median": 2.24777531624, "dmean2": 2.49632239342, "dmean": 1.51674497128, "var": 25.2922306061, "dvar": 10.2614459991, "mean": 3.56147909164}, "barkbands_kurtosis": {"min": -1.92166614532, "max": 2081.41894531, "dvar2": 12775.6689453, "median": 4.07631540298, "dmean2": 31.6439723969, "dmean": 19.5019683838, "var": 6876.74560547, "dvar": 5104.47070312, "mean": 25.3248958588}, "spectral_strongpeak": {"min": 0, "max": 19.4466590881, "dvar2": 1.91678583622, "median": 0.301277160645, "dmean2": 0.633326947689, "dmean": 0.359909743071, "var": 0.683328270912, "dvar": 0.717740952969, "mean": 0.503626227379}, "spectral_spread": {"min": 1129229.75, "max": 40695248, "dvar2": 1014400876540.0, "median": 4844746, "dmean2": 811232.5625, "dmean": 573514, "var": 2500482826240.0, "dvar": 567234199552, "mean": 4942204.5}, "spectral_rms": {"min": 9.57889980668e-08, "max": 0.0138411419466, "dvar2": 6.80750872561e-06, "median": 0.00571234710515, "dmean2": 0.00226590572856, "dmean": 0.00142641854472, "var": 6.31551802144e-06, "dvar": 2.65334824689e-06, "mean": 0.00562529265881}, "erbbands": {"min": [2.95091485969e-11, 1.73991362984e-10, 5.81623083029e-10, 1.19781051744e-09, 1.68260905209e-09, 1.92569560298e-09, 2.67459032699e-09, 4.52287185482e-09, 7.30195459653e-09, 1.05542712348e-08, 9.63571356039e-09, 2.75214162571e-09, 1.32994126822e-09, 2.28759100551e-09, 4.0998289208e-09, 4.38759562016e-09, 5.61349056127e-09, 2.9022759751e-09, 7.83263565118e-10, 1.4771922574e-09, 5.64433744188e-09, 6.71665478791e-09, 9.7597103732e-09, 1.36488935709e-08, 9.7642622876e-09, 6.39978292583e-09, 3.98804056445e-09, 5.56323431766e-09, 1.15409646284e-08, 5.16194553768e-09, 6.58770504813e-09, 6.5716880826e-09, 7.55577200806e-09, 4.01975608355e-09, 7.18521331322e-09, 1.98640592863e-09, 1.5883635518e-09, 4.27491070321e-10, 2.52412091228e-10, 1.52117554664e-11], "max": [5.59436130524, 29.8851890564, 116.723388672, 149.661376953, 214.766891479, 255.325454712, 142.78112793, 502.771942139, 445.491668701, 537.309936523, 758.039855957, 1450.57543945, 637.069091797, 525.114196777, 726.837646484, 1403.38098145, 569.335876465, 653.641601562, 506.341003418, 416.546875, 641.913269043, 482.805786133, 401.822387695, 1536.11730957, 427.56237793, 1156.49938965, 782.844543457, 216.694030762, 142.462463379, 148.833724976, 133.330184937, 158.006210327, 92.2289505005, 35.8450241089, 11.7164001465, 6.20337438583, 1.99168992043, 0.502513647079, 0.0879056453705, 0.00569334672764], "dvar2": [0.681037247181, 36.6549224854, 808.531311035, 595.284057617, 697.19732666, 1661.23156738, 316.302490234, 943.40234375, 684.146057129, 1449.58764648, 2905.11962891, 3103.34814453, 1547.88195801, 798.73638916, 1242.86279297, 3186.26123047, 1176.79724121, 1410.32507324, 1562.69775391, 670.672119141, 964.388977051, 824.817382812, 524.407409668, 2379.88623047, 1274.16210938, 2434.50878906, 900.091918945, 354.433166504, 125.91053009, 87.2201461792, 55.2530288696, 37.2108001709, 16.5557498932, 3.18643188477, 0.579639792442, 0.092342056334, 0.024948162958, 0.00189529603813, 4.92550825584e-05, 2.58909693684e-07], "median": [0.282327562571, 2.02902650833, 3.22584581375, 4.06620979309, 4.99911785126, 5.69939947128, 4.8362827301, 5.34813499451, 5.1094789505, 5.40322971344, 6.51675319672, 6.53635644913, 5.93137645721, 3.7249891758, 4.06395053864, 5.5879201889, 4.86889648438, 4.9775686264, 6.36482810974, 4.71570205688, 6.75657081604, 6.39611101151, 9.08271408081, 11.8213062286, 18.1514625549, 19.1160469055, 14.6649150848, 10.167470932, 6.30844402313, 3.72064971924, 1.93771827221, 1.37014222145, 0.875909566879, 0.379033088684, 0.11697049439, 0.0348617658019, 0.0104145798832, 0.00182459992357, 0.000189916172531, 5.69776057091e-05], "dmean2": [0.614436030388, 4.0163359642, 12.8484315872, 12.8807926178, 14.4803924561, 18.339673996, 10.7663049698, 15.5654754639, 13.6715755463, 17.0896568298, 20.6159553528, 20.3762550354, 17.4106006622, 10.6469039917, 12.3594045639, 17.4914112091, 13.9746236801, 15.4351139069, 17.5053672791, 10.9605398178, 12.9121665955, 12.0566444397, 11.9978561401, 17.5564498901, 21.6429729462, 24.5551662445, 16.2662525177, 11.3140096664, 6.8450460434, 5.11514997482, 3.64028501511, 2.6772043705, 1.80082178116, 0.822925508022, 0.35883256793, 0.132529884577, 0.0694511160254, 0.0171284843236, 0.00242540775798, 0.000198006513529], "dmean": [0.396921008825, 2.36967515945, 7.19261312485, 7.36616849899, 8.68033599854, 11.1376056671, 6.42592811584, 9.07555961609, 8.38384151459, 10.5365791321, 13.3921909332, 13.2855157852, 11.3080482483, 6.77068758011, 8.12351799011, 11.6135730743, 8.81245422363, 10.1089134216, 10.9667139053, 6.86369943619, 8.14928722382, 7.58703136444, 7.45754623413, 10.7998399734, 13.2261514664, 15.1825466156, 10.1905612946, 7.12558889389, 4.44117307663, 3.431879282, 2.4761724472, 1.8788228035, 1.22324109077, 0.564900875092, 0.24400934577, 0.0975034311414, 0.0488750338554, 0.01162346825, 0.00168181047775, 0.000137202863698], "var": [0.435957014561, 15.187661171, 197.26512146, 162.672470093, 293.028686523, 638.914794922, 165.567352295, 450.542236328, 634.328308105, 1103.1574707, 3187.01586914, 4072.63354492, 2006.24401855, 841.907836914, 1309.18164062, 3714.13623047, 1412.36254883, 1543.17785645, 1313.1574707, 656.054199219, 870.673522949, 926.559936523, 595.725280762, 1692.56518555, 1362.49902344, 2920.14404297, 1062.1282959, 433.185455322, 190.661468506, 111.515098572, 81.2964553833, 55.8788528442, 24.7880725861, 3.81837129593, 0.607468307018, 0.104690894485, 0.0249869879335, 0.00149525981396, 3.39839825756e-05, 1.93398221882e-07], "dvar": [0.297107994556, 13.6758289337, 290.761688232, 213.994354248, 278.095855713, 651.227416992, 119.784454346, 361.066894531, 310.480682373, 600.702209473, 1284.26843262, 1461.86938477, 700.01953125, 330.718811035, 549.772216797, 1588.27868652, 496.7315979, 664.663208008, 636.58581543, 287.96472168, 409.699523926, 333.911773682, 227.304534912, 1051.02453613, 509.863861084, 957.865112305, 372.082885742, 147.498672485, 57.8294029236, 42.8775215149, 28.3948955536, 19.6049613953, 8.80828380585, 1.55600845814, 0.282306343317, 0.0488020218909, 0.0140220662579, 0.000946068670601, 2.30179630307e-05, 1.27266915229e-07], "mean": [0.53765976429, 3.22738218307, 7.11849451065, 8.23111152649, 10.7476568222, 13.7572469711, 9.37220668793, 11.8020992279, 12.9020195007, 16.0915279388, 23.3032226562, 22.9779262543, 19.977180481, 11.8972873688, 13.9046001434, 19.8000926971, 15.2243938446, 16.9097805023, 17.3154411316, 11.5516004562, 14.8300142288, 14.753610611, 15.4305400848, 21.2195205688, 29.0561962128, 33.7417907715, 23.0096588135, 16.3804798126, 10.6752758026, 7.34918451309, 5.30146932602, 3.97911262512, 2.57246756554, 1.11093425751, 0.412879288197, 0.159927234054, 0.07017480582, 0.0160388797522, 0.00220788363367, 0.000197670990019]}, "zerocrossingrate": {"min": 0.00146484375, "max": 0.48193359375, "dvar2": 0.0002492890344, "median": 0.05224609375, "dmean2": 0.0136089548469, "dmean": 0.0117719434202, "var": 0.00151218497194, "dvar": 0.000215787178604, "mean": 0.0560317151248}, "spectral_contrast_coeffs": {"min": [-0.951904654503, -0.964800536633, -0.96950930357, -0.956572711468, -0.957065761089, -0.960344910622], "max": [-0.251832515001, -0.427735567093, -0.460165381432, -0.579040765762, -0.497576385736, -0.553150892258], "dvar2": [0.00622946117073, 0.00385651807301, 0.00251803034917, 0.00138712243643, 0.000901232124306, 0.000677641306538], "median": [-0.693076133728, -0.759504556656, -0.806799650192, -0.821599841118, -0.797264635563, -0.74352657795], "dmean2": [0.09296451509, 0.0767348483205, 0.0606557317078, 0.0457679443061, 0.0355476997793, 0.0288539901376], "dmean": [0.0579006187618, 0.0466236583889, 0.0380539745092, 0.0290061254054, 0.0222798306495, 0.0191399920732], "var": [0.00672148587182, 0.00626699393615, 0.00612294347957, 0.00348819140345, 0.00279472372495, 0.00282442173921], "dvar": [0.00255351304077, 0.00150520971511, 0.00105540582445, 0.000604386790656, 0.00040219683433, 0.000326610024786], "mean": [-0.684591293335, -0.74974822998, -0.789718031883, -0.810370504856, -0.796197593212, -0.744738996029]}, "dissonance": {"min": 0.177253603935, "max": 0.500000059605, "dvar2": 0.000829769298434, "median": 0.480139613152, "dmean2": 0.0250648204237, "dmean": 0.0152314510196, "var": 0.000899552542251, "dvar": 0.000329166156007, "mean": 0.46995729208}, "spectral_energyband_high": {"min": 3.54222575751e-12, "max": 0.0143425669521, "dvar2": 1.62870480835e-06, "median": 0.00105195655487, "dmean2": 0.000806339667179, "dmean": 0.000547037809156, "var": 3.26522308569e-06, "dvar": 8.22658421384e-07, "mean": 0.00158568460029}, "spectral_skewness": {"min": -0.175970181823, "max": 6.59684514999, "dvar2": 0.253925263882, "median": 1.03271830082, "dmean2": 0.351861804724, "dmean": 0.228027254343, "var": 0.556048095226, "dvar": 0.106349237263, "mean": 1.2068605423}, "spectral_flux": {"min": 4.11523105868e-05, "max": 0.408844262362, "dvar2": 0.00481222337112, "median": 0.091079890728, "dmean2": 0.0651817694306, "dmean": 0.0404785983264, "var": 0.004516587127, "dvar": 0.00242260028608, "mean": 0.106439180672}, "silence_rate_30dB": {"min": 0, "max": 1, "dvar2": 0.0909671112895, "median": 1, "dmean2": 0.0694980695844, "dmean": 0.0347448438406, "var": 0.0213546883315, "dvar": 0.0335374586284, "mean": 0.978166460991}, "spectral_energyband_middle_high": {"min": 1.11586196012e-12, "max": 0.0363205894828, "dvar2": 8.84217024577e-06, "median": 0.00233468413353, "dmean2": 0.0019403231563, "dmean": 0.00127254426479, "var": 1.96631353901e-05, "dvar": 4.03986314268e-06, "mean": 0.0037532360293}, "barkbands_spread": {"min": 0.0308963507414, "max": 119.10785675, "dvar2": 180.757446289, "median": 22.7905693054, "dmean2": 11.8193330765, "dmean": 7.61179876328, "var": 300.759094238, "dvar": 81.2290496826, "mean": 24.1804294586}, "spectral_centroid": {"min": 68.19581604, "max": 11311.9013672, "dvar2": 351580.5, "median": 1567.41552734, "dmean2": 532.356445312, "dmean": 347.573120117, "var": 855042.4375, "dvar": 168127.984375, "mean": 1596.89294434}, "pitch_salience": {"min": 0.0420670807362, "max": 0.894400179386, "dvar2": 0.0191085003316, "median": 0.506290793419, "dmean2": 0.15957057476, "dmean": 0.10179810226, "var": 0.0256277620792, "dvar": 0.00811475981027, "mean": 0.489254146814}, "erbbands_skewness": {"min": -4.74566078186, "max": 11.9749689102, "dvar2": 0.697673857212, "median": 0.0359288267791, "dmean2": 0.701171755791, "dmean": 0.467124998569, "var": 1.83755254745, "dvar": 0.32151645422, "mean": 0.201831310987}, "erbbands_crest": {"min": 2.31987380981, "max": 31.5711174011, "dvar2": 14.6043815613, "median": 6.78500175476, "dmean2": 3.89982390404, "dmean": 2.40929222107, "var": 18.5631046295, "dvar": 6.10928010941, "mean": 8.04853343964}, "melbands": {"min": [2.70914638379e-13, 2.84501588954e-13, 2.23678999042e-13, 1.30203126384e-13, 9.23388969454e-14, 1.01546822708e-13, 1.14968202059e-13, 1.17006610564e-13, 7.11757584294e-14, 1.29076826674e-14, 6.18789839925e-15, 8.50503580052e-15, 1.41293599813e-14, 1.06062534921e-14, 1.31694683641e-14, 1.14020002885e-14, 4.4550112907e-15, 1.17712581608e-15, 6.85548974596e-16, 3.89319932426e-15, 7.32757275945e-15, 7.59216213525e-15, 5.41432734896e-15, 1.09450717532e-14, 1.09544450198e-14, 1.10406170697e-14, 3.37448291186e-15, 4.41207561412e-15, 2.69845088182e-15, 1.65142530303e-15, 4.4102472935e-15, 7.58640146417e-15, 5.21743708147e-15, 1.54296612227e-15, 2.63281112237e-15, 5.59175110525e-15, 3.74664568372e-15, 5.13330172233e-15, 3.87215606123e-15, 2.97350662024e-15], "max": [0.0441656410694, 0.0507343634963, 0.0243312567472, 0.0208277031779, 0.00707811769098, 0.00968746375293, 0.00638716388494, 0.00601996621117, 0.00633629923686, 0.00853528361768, 0.00317756552249, 0.00247291056439, 0.00242916331626, 0.00375652615912, 0.00179607898463, 0.00155703898054, 0.00127056555357, 0.000870799005497, 0.000657319964375, 0.000708963256329, 0.000710515480023, 0.000667705724481, 0.000493488041684, 0.000632918148767, 0.00143264653161, 0.000482366391225, 0.0004431475827, 0.000736289599445, 0.000611027819104, 0.000218858986045, 0.000166115001775, 8.22034999146e-05, 8.06578318588e-05, 0.000100482153357, 8.35124374134e-05, 0.000122659737826, 0.000108792351966, 7.2579816333e-05, 5.79702864343e-05, 2.51572801062e-05], "dvar2": [4.04274287575e-05, 0.000150952022523, 1.61248572113e-05, 7.62263698562e-06, 4.90197521685e-07, 4.25525911396e-07, 1.65576281574e-07, 1.78795446004e-07, 1.77559726922e-07, 1.18600063104e-07, 3.93824812761e-08, 1.58375659254e-08, 1.1403748168e-08, 2.5607040044e-08, 7.81316700227e-09, 8.27183566088e-09, 5.74146818977e-09, 5.18601472876e-09, 1.5012485699e-09, 1.79409587187e-09, 1.48642009812e-09, 1.12116604889e-09, 9.43191302838e-10, 8.87115936266e-10, 2.06782413414e-09, 7.63354601752e-10, 1.14360187986e-09, 1.25571542053e-09, 5.72013270084e-10, 1.84985887719e-10, 1.3789433484e-10, 4.76850642306e-11, 4.64683118373e-11, 2.99703907525e-11, 2.38978940803e-11, 2.61572135479e-11, 1.55456411632e-11, 1.12845713676e-11, 6.09325654169e-12, 1.97933900173e-12], "median": [0.00274040317163, 0.002319581341, 0.000783973780926, 0.000431864173152, 0.000196578184841, 0.000120047989185, 7.63576681493e-05, 5.7933779317e-05, 5.07222503074e-05, 3.79329649149e-05, 2.77570761682e-05, 1.33794983412e-05, 1.11202498374e-05, 1.44274581544e-05, 1.20086751849e-05, 8.68164715939e-06, 8.36519757286e-06, 1.02848789538e-05, 5.43137684872e-06, 6.02718864684e-06, 7.70265251049e-06, 6.28043562756e-06, 6.04595970799e-06, 8.82438507688e-06, 8.65225956659e-06, 1.09078591777e-05, 1.44626010297e-05, 1.1564912711e-05, 9.71880490397e-06, 6.34012076262e-06, 5.38266613148e-06, 3.58524175681e-06, 2.64332220468e-06, 1.68884298546e-06, 1.16395244731e-06, 8.2459166606e-07, 7.84305939305e-07, 6.41088604425e-07, 4.26150222665e-07, 2.71002704721e-07], "dmean2": [0.00487864483148, 0.0060269953683, 0.00220012874343, 0.00126831314992, 0.000418164185248, 0.000337561883498, 0.000208192199352, 0.000192883453565, 0.000164186392794, 0.000128549945657, 8.73462122399e-05, 4.59221046185e-05, 3.75789277314e-05, 5.14769271831e-05, 3.43017454725e-05, 3.21011175402e-05, 3.03031229123e-05, 3.17456178891e-05, 1.6492940631e-05, 1.65590809047e-05, 1.61908992595e-05, 1.36509661388e-05, 1.22455248857e-05, 1.37481329148e-05, 1.55593279487e-05, 1.49459456225e-05, 2.0290055545e-05, 1.71238370967e-05, 1.26383320094e-05, 7.92785795056e-06, 6.83581311023e-06, 4.34624280388e-06, 3.71776354768e-06, 2.94950427815e-06, 2.35704419538e-06, 2.19233788812e-06, 1.64194432273e-06, 1.49419827267e-06, 9.94991069092e-07, 6.73142949381e-07], "dmean": [0.00306430715136, 0.00342412758619, 0.00126367423218, 0.000774581625592, 0.000251043296885, 0.000197525281692, 0.000128169864183, 0.000119593052659, 0.000106353945739, 8.37375991978e-05, 5.6620567193e-05, 2.92331678793e-05, 2.42927253566e-05, 3.42556850228e-05, 2.17345623241e-05, 2.04410516744e-05, 1.97992776521e-05, 1.98347370315e-05, 1.02495860119e-05, 1.01496916614e-05, 1.01598361653e-05, 8.59113515617e-06, 7.58558189773e-06, 8.45786144055e-06, 9.5421273727e-06, 9.14546035347e-06, 1.23870131574e-05, 1.05390081444e-05, 7.83938503446e-06, 4.87574334329e-06, 4.29918418376e-06, 2.77666799775e-06, 2.39221049014e-06, 1.95084908228e-06, 1.554200594e-06, 1.47323373767e-06, 1.13489738851e-06, 1.00114266388e-06, 6.63560058456e-07, 4.53615200513e-07], "var": [2.64243626589e-05, 4.0049355448e-05, 4.62705611426e-06, 3.07323898596e-06, 2.7846877515e-07, 2.01228019137e-07, 1.47922079918e-07, 1.39598341775e-07, 1.91762921986e-07, 1.65899905369e-07, 5.11303142048e-08, 1.69858971333e-08, 1.1247876408e-08, 2.92012973802e-08, 8.76933636818e-09, 1.01871959757e-08, 6.15821660332e-09, 4.41868941436e-09, 1.2993327525e-09, 1.34833322285e-09, 1.32661337471e-09, 1.35484634622e-09, 8.52651504957e-10, 6.97130353444e-10, 1.38052380638e-09, 6.39138963976e-10, 1.16225917779e-09, 1.32516064788e-09, 5.61112045716e-10, 2.03226324658e-10, 1.49891543622e-10, 6.48616715893e-11, 4.98024746443e-11, 3.2853799542e-11, 2.64690630525e-11, 3.51875958926e-11, 1.93275291605e-11, 1.52136012121e-11, 6.33260588065e-12, 2.12143041849e-12], "dvar": [1.75209606823e-05, 5.38127351319e-05, 5.86606302022e-06, 3.07546952172e-06, 1.88581580574e-07, 1.62779571156e-07, 7.44642747463e-08, 7.45843351524e-08, 7.81051525678e-08, 5.59679804724e-08, 1.78580634724e-08, 6.6305343438e-09, 5.04434227722e-09, 1.24589529804e-08, 3.48576723042e-09, 3.54497387001e-09, 2.72806555124e-09, 2.12792161669e-09, 6.25403950849e-10, 7.3897310493e-10, 6.33871066746e-10, 4.65038174635e-10, 3.72369662882e-10, 3.73552050403e-10, 9.08865260829e-10, 3.06666303462e-10, 4.39535463581e-10, 4.99061458825e-10, 2.31161229047e-10, 7.61793475523e-11, 5.68575464488e-11, 2.1142171347e-11, 2.02341650379e-11, 1.44821073536e-11, 1.13090760714e-11, 1.28231565991e-11, 7.82065558147e-12, 5.63888866156e-12, 2.84328810496e-12, 9.44015265264e-13], "mean": [0.00454940227792, 0.00395924039185, 0.00147985527292, 0.000964424631093, 0.000370542547898, 0.000258465093793, 0.00019765709294, 0.000183171083336, 0.000184192016604, 0.000141278709634, 9.77211311692e-05, 4.8501908168e-05, 3.87006330129e-05, 5.68590076e-05, 3.65755513485e-05, 3.37963319907e-05, 3.1033589039e-05, 3.00789652101e-05, 1.5565456124e-05, 1.62814831128e-05, 1.76552348421e-05, 1.56212918228e-05, 1.33517323775e-05, 1.55576544785e-05, 1.70042239915e-05, 1.79761773325e-05, 2.49495569733e-05, 2.15976797335e-05, 1.57885806402e-05, 1.03946777017e-05, 9.07091452973e-06, 6.16403349341e-06, 4.94149708175e-06, 3.72765134671e-06, 3.05336061501e-06, 2.85916075882e-06, 2.26842803386e-06, 1.97627946363e-06, 1.27599605548e-06, 8.23591562948e-07]}, "spectral_entropy": {"min": 4.02094650269, "max": 9.79771995544, "dvar2": 0.155199363828, "median": 7.78999996185, "dmean2": 0.283248275518, "dmean": 0.182910874486, "var": 0.33661070466, "dvar": 0.0670498386025, "mean": 7.62903833389}, "spectral_rolloff": {"min": 43.06640625, "max": 14707.1777344, "dvar2": 2261115, "median": 559.86328125, "dmean2": 994.235961914, "dmean": 595.5390625, "var": 2349796, "dvar": 1048794.25, "mean": 1181.56994629}, "barkbands": {"min": [4.98481518649e-13, 8.36872563435e-13, 5.60091794992e-13, 4.44684057372e-13, 5.81917977346e-13, 4.94487914157e-13, 5.88946155299e-13, 5.01365659059e-13, 1.12621534548e-13, 4.73693417932e-14, 9.96031599212e-14, 9.93524381689e-14, 1.23905023069e-13, 3.37774005001e-14, 9.54051240272e-15, 8.34430452252e-14, 1.14763138771e-13, 1.99246950319e-13, 2.62255359573e-13, 1.23441540193e-13, 6.75797240976e-14, 3.59135464423e-13, 2.12595972727e-13, 3.58517469184e-13, 6.38668913762e-13, 6.79842033363e-13, 1.179568704e-12], "max": [0.0105258747935, 0.142124801874, 0.102840483189, 0.0517188124359, 0.083054818213, 0.0393429622054, 0.0267443098128, 0.0290311891586, 0.045680642128, 0.0178642924875, 0.0155200669542, 0.0291878730059, 0.0133272213861, 0.0124570168555, 0.00993775483221, 0.0112089589238, 0.00995496474206, 0.0145057849586, 0.0138990404084, 0.0175675358623, 0.0125186443329, 0.00376857467927, 0.00446228776127, 0.00608719838783, 0.00170772743877, 0.00115603371523, 0.000495685497299], "dvar2": [2.29838701671e-06, 0.000535980914719, 0.000652346177958, 4.83898802486e-05, 0.000101635327155, 1.01280220406e-05, 3.98514521294e-06, 5.42584893992e-06, 4.43968156105e-06, 1.34610354507e-06, 5.48310197246e-07, 1.57669285272e-06, 6.38663266272e-07, 5.87633849136e-07, 3.88681058894e-07, 3.4835511542e-07, 3.27916552578e-07, 3.58976279813e-07, 5.06302910708e-07, 9.25963547616e-07, 3.32171651962e-07, 9.2832607379e-08, 7.52839000029e-08, 6.34639363284e-08, 1.51496823975e-08, 5.74822411892e-09, 2.03996664006e-09], "median": [0.000579673447646, 0.0100286826491, 0.00238781329244, 0.0011086538434, 0.00189000088722, 0.00065269425977, 0.000305756751914, 0.000247225107159, 0.00026193074882, 0.000139807962114, 6.8481938797e-05, 0.000123599951621, 9.01251769392e-05, 0.000103928730823, 8.45939212013e-05, 0.000103081329144, 0.000109788219561, 0.000179922004463, 0.000277465675026, 0.000420014897827, 0.000304221641272, 0.000169679580722, 7.54283246351e-05, 6.10256975051e-05, 2.42219066422e-05, 6.41551832814e-06, 9.23095456073e-07], "dmean2": [0.00118562171701, 0.01744902879, 0.0116761690006, 0.00396848237142, 0.00477161537856, 0.00170585571323, 0.000950619811192, 0.000996970804408, 0.000866793794557, 0.0004741542798, 0.000263479276327, 0.000424703059252, 0.000313316239044, 0.000341841834597, 0.000271436088951, 0.000236482272157, 0.00024135595595, 0.000266681570793, 0.000366547232261, 0.000535087136086, 0.00032484222902, 0.000185903089005, 0.000138525792863, 0.000107772204501, 6.08177942922e-05, 3.28032692778e-05, 1.59176343004e-05], "dmean": [0.000727747043129, 0.0106714963913, 0.00651649432257, 0.00226747780107, 0.00292448257096, 0.00100775365718, 0.000591144838836, 0.000639592821244, 0.000559326086659, 0.000307794427499, 0.000168489423231, 0.000281536602415, 0.000197804547497, 0.000219867739361, 0.000169094302692, 0.000146768885315, 0.000150397303514, 0.000163714241353, 0.000224837713176, 0.000330505921738, 0.000202312949114, 0.000121549623145, 9.45063802646e-05, 7.64364740462e-05, 4.12651024817e-05, 2.36670457525e-05, 1.10596547529e-05], "var": [1.25121493966e-06, 0.000314295961289, 0.000157519287313, 1.51502281369e-05, 4.28913808719e-05, 4.60097726318e-06, 3.29823319589e-06, 5.64670972381e-06, 6.07826268606e-06, 1.65983919942e-06, 5.17815863077e-07, 1.96809810404e-06, 6.96201141182e-07, 6.48942943826e-07, 3.27472378103e-07, 2.75934127103e-07, 3.73374092533e-07, 2.85934817157e-07, 4.63790399863e-07, 1.06234006125e-06, 3.82156002843e-07, 1.38789104653e-07, 1.13822522962e-07, 1.0088654534e-07, 1.74331962199e-08, 6.01994720739e-09, 1.47672241102e-09], "dvar": [8.96085452951e-07, 0.000219815279706, 0.000235278246691, 1.75063505594e-05, 4.07048646593e-05, 3.85264229408e-06, 1.74622346094e-06, 2.38655616158e-06, 2.05697961064e-06, 5.8506861933e-07, 2.48253058999e-07, 7.87755880083e-07, 2.69030493882e-07, 2.74056390026e-07, 1.5916555185e-07, 1.43251455142e-07, 1.33090352961e-07, 1.49650574599e-07, 2.15308475049e-07, 3.65891139609e-07, 1.36848527177e-07, 4.36746532273e-08, 3.93430319434e-08, 3.43629125155e-08, 7.46419459574e-09, 3.15642334492e-09, 9.81180581228e-10], "mean": [0.000961862504482, 0.0158148035407, 0.00600465387106, 0.00257925107144, 0.00390065950342, 0.0013385869097, 0.000901688588783, 0.00103449658491, 0.000937359989621, 0.000530057179276, 0.000250887766015, 0.000473550986499, 0.000315474928357, 0.000342164828908, 0.000253109290497, 0.000247522373684, 0.000273741025012, 0.000313772587106, 0.000463939737529, 0.00071735115489, 0.000472130253911, 0.000286894937744, 0.000198603811441, 0.000169103543158, 7.52543128328e-05, 3.63061590178e-05, 1.42493800013e-05]}, "melbands_flatness_db": {"min": 0.0303851291537, "max": 0.835697114468, "dvar2": 0.00441221240908, "median": 0.213630020618, "dmean2": 0.0644334331155, "dmean": 0.0417486280203, "var": 0.0150060728192, "dvar": 0.00207556225359, "mean": 0.248252853751}, "melbands_skewness": {"min": -4.04576539993, "max": 25.0860290527, "dvar2": 7.19746875763, "median": 4.03675746918, "dmean2": 2.35768604279, "dmean": 1.50506269932, "var": 8.15403556824, "dvar": 2.98453497887, "mean": 4.59366750717}, "barkbands_skewness": {"min": -5.12844228745, "max": 28.3575325012, "dvar2": 6.35979509354, "median": 2.14373660088, "dmean2": 1.77598392963, "dmean": 1.13829004765, "var": 6.95011568069, "dvar": 2.70009803772, "mean": 2.79359555244}, "silence_rate_60dB": {"min": 0, "max": 1, "dvar2": 0.064232327044, "median": 0, "dmean2": 0.061776060611, "dmean": 0.0308843050152, "var": 0.0755056217313, "dvar": 0.0299317482859, "mean": 0.0822677910328}, "spectral_energyband_low": {"min": 1.890243604e-12, "max": 0.182034194469, "dvar2": 0.00180779071525, "median": 0.016735997051, "dmean2": 0.02765012905, "dmean": 0.0162411108613, "var": 0.000721705204342, "dvar": 0.000654285307974, "mean": 0.0242501515895}, "spectral_energyband_middle_low": {"min": 2.73915026945e-12, "max": 0.098059900105, "dvar2": 0.000244599039434, "median": 0.00770432548597, "dmean2": 0.00987481884658, "dmean": 0.00606157956645, "var": 0.000135992610012, "dvar": 9.95727750706e-05, "mean": 0.0109150707722}, "melbands_kurtosis": {"min": -1.93538105488, "max": 1297.68249512, "dvar2": 10806.1513672, "median": 21.7041034698, "dmean2": 48.4842185974, "dmean": 29.8971042633, "var": 7457.02685547, "dvar": 4290.38818359, "mean": 47.883769989}, "spectral_decrease": {"min": -5.13720550543e-08, "max": -1.27506903235e-18, "dvar2": 1.43252210508e-16, "median": -8.31542212865e-09, "dmean2": 8.44359604457e-09, "dmean": 5.07081043821e-09, "var": 6.4084381972e-17, "dvar": 5.17338177291e-17, "mean": -9.76373026873e-09}, "erbbands_kurtosis": {"min": -1.89799046516, "max": 197.485321045, "dvar2": 108.657188416, "median": -0.539196372032, "dmean2": 2.98616194725, "dmean": 1.86754059792, "var": 93.830116272, "dvar": 45.4430274963, "mean": 1.55935382843}, "melbands_crest": {"min": 3.26690387726, "max": 38.2611465454, "dvar2": 39.6869163513, "median": 17.282207489, "dmean2": 7.49752235413, "dmean": 4.59107685089, "var": 44.8865737915, "dvar": 16.1878929138, "mean": 18.239572525}, "gfcc": {"cov": [[18656.8613281, -2367.93408203, -2062.46069336, 129.512863159, -1595.09594727, -54.9624099731, -613.260009766, 95.2902679443, -593.307800293, 124.456855774, -391.291564941, -93.1243438721, -311.591247559], [-2367.93408203, 1668.94299316, 1.84031128883, -118.143547058, 389.170532227, -38.7141609192, 274.540222168, -71.9969711304, 143.692153931, -71.6913757324, 130.574249268, -99.1610641479, 144.829421997], [-2062.46069336, 1.84031128883, 1348.31054688, -107.516372681, 216.814834595, 113.583656311, -26.1692123413, 10.2792978287, 36.457736969, 4.86900949478, -36.6376266479, 79.1356124878, -74.2358169556], [129.512863159, -118.143547058, -107.516372681, 556.929443359, 31.7035942078, -13.3597860336, 19.5098304749, 58.1589241028, 37.0727424622, -24.4129428864, 35.8849372864, -7.96071863174, 67.7269058228], [-1595.09594727, 389.170532227, 216.814834595, 31.7035942078, 489.384307861, 25.5729942322, 125.842224121, -9.48858737946, 83.5681686401, -21.7803230286, 24.4650878906, -1.28765869141, 46.886341095], [-54.9624099731, -38.7141609192, 113.583656311, -13.3597860336, 25.5729942322, 231.726531982, 93.4797134399, 41.0184440613, 10.4742670059, 24.408575058, 20.778459549, -10.8644924164, -16.7563819885], [-613.260009766, 274.540222168, -26.1692123413, 19.5098304749, 125.842224121, 93.4797134399, 221.648391724, 48.811668396, 57.4775695801, 5.66240882874, 54.2567024231, -23.1982688904, 29.6725215912], [95.2902679443, -71.9969711304, 10.2792978287, 58.1589241028, -9.48858737946, 41.0184440613, 48.811668396, 120.402244568, 49.8205223083, 28.7603988647, 10.4035148621, 6.39138746262, -2.35432124138], [-593.307800293, 143.692153931, 36.457736969, 37.0727424622, 83.5681686401, 10.4742670059, 57.4775695801, 49.8205223083, 120.731414795, 27.6907138824, 32.3421058655, -6.17220163345, 31.5936374664], [124.456855774, -71.6913757324, 4.86900949478, -24.4129428864, -21.7803230286, 24.408575058, 5.66240882874, 28.7603988647, 27.6907138824, 82.8764953613, 21.8805046082, 6.35665369034, -13.5916757584], [-391.291564941, 130.574249268, -36.6376266479, 35.8849372864, 24.4650878906, 20.778459549, 54.2567024231, 10.4035148621, 32.3421058655, 21.8805046082, 95.2868423462, 16.965719223, 27.7649288177], [-93.1243438721, -99.1610641479, 79.1356124878, -7.96071863174, -1.28765869141, -10.8644924164, -23.1982688904, 6.39138746262, -6.17220163345, 6.35665369034, 16.965719223, 79.467048645, 7.93630123138], [-311.591247559, 144.829421997, -74.2358169556, 67.7269058228, 46.886341095, -16.7563819885, 29.6725215912, -2.35432124138, 31.5936374664, -13.5916757584, 27.7649288177, 7.93630123138, 90.3189849854]], "icov": [[0.000116717070341, -6.779891919e-06, 0.00017456333444, -7.62207564549e-05, 0.000169556209585, -0.000119453281513, 0.000137109644129, -0.000190070422832, 0.000365210027667, -0.000276859151199, 0.000413299538195, -6.54567265883e-05, 0.000163272445207], [-6.779891919e-06, 0.00158500974067, -0.000249943201197, 0.00078251719242, -0.000484370277263, 0.00091027689632, -0.00120604189578, 0.000741567113437, -0.000781772541814, 0.00141717412043, -0.00208384194411, 0.00243342947215, -0.0016078480985], [0.00017456333444, -0.000249943201197, 0.00137631327379, -0.000165455348906, -0.000227496639127, -0.00103000341915, 0.000864207511768, -0.000222999180551, -0.000115434137115, -0.000278142659226, 0.00142218754627, -0.0018205801025, 0.00161689671222], [-7.62207564549e-05, 0.00078251719242, -0.000165455348906, 0.00270567112602, -0.000554019177798, 0.00055733777117, 7.98674300313e-05, -0.00130875909235, -0.00032018814818, 0.00190777925309, -0.0023465170525, 0.00208336813375, -0.00241460232064], [0.000169556209585, -0.000484370277263, -0.000227496639127, -0.000554019177798, 0.00362042454071, -0.000135748399771, -0.0014714129502, 0.00123753235675, -0.00123458937742, -0.000138210234581, 0.00191551947501, -0.00123055069707, 0.000131492852233], [-0.000119453281513, 0.00091027689632, -0.00103000341915, 0.00055733777117, -0.000135748399771, 0.00685926526785, -0.00364626757801, -0.000663376529701, 0.000940864556469, -0.000417240895331, -0.00218360172585, 0.00263093598187, -0.000564451678656], [0.000137109644129, -0.00120604189578, 0.000864207511768, 7.98674300313e-05, -0.0014714129502, -0.00364626757801, 0.0102656502277, -0.00416044890881, 0.000472685671411, 0.000526962860022, -0.00221964833327, 0.00106400239747, 0.000166512312717], [-0.000190070422832, 0.000741567113437, -0.000222999180551, -0.00130875909235, 0.00123753235675, -0.000663376529701, -0.00416044890881, 0.0148536348715, -0.00710316188633, -0.00139254599344, 0.00184790929779, -0.00270952400751, 0.00188692274969], [0.000365210027667, -0.000781772541814, -0.000115434137115, -0.00032018814818, -0.00123458937742, 0.000940864556469, 0.000472685671411, -0.00710316188633, 0.0172889977694, -0.00594083825126, -0.000591027492192, 0.00268317386508, -0.00386203429662], [-0.000276859151199, 0.00141717412043, -0.000278142659226, 0.00190777925309, -0.000138210234581, -0.000417240895331, 0.000526962860022, -0.00139254599344, -0.00594083825126, 0.0188537482172, -0.00703854113817, 0.00146714050788, 0.00184822734445], [0.000413299538195, -0.00208384194411, 0.00142218754627, -0.0023465170525, 0.00191551947501, -0.00218360172585, -0.00221964833327, 0.00184790929779, -0.000591027492192, -0.00703854113817, 0.0207267608494, -0.00880149658769, 0.000623073312454], [-6.54567265883e-05, 0.00243342947215, -0.0018205801025, 0.00208336813375, -0.00123055069707, 0.00263093598187, 0.00106400239747, -0.00270952400751, 0.00268317386508, 0.00146714050788, -0.00880149658769, 0.0210369192064, -0.00634044688195], [0.000163272445207, -0.0016078480985, 0.00161689671222, -0.00241460232064, 0.000131492852233, -0.000564451678656, 0.000166512312717, 0.00188692274969, -0.00386203429662, 0.00184822734445, 0.000623073312454, -0.00634044688195, 0.0191691443324]], "mean": [-17.818939209, 87.6315155029, -91.4750595093, 58.8865623474, -51.417842865, 14.1759929657, -20.1457691193, 7.84304189682, -18.8390750885, 4.66423654556, -9.96246242523, -5.01228189468, -7.82652044296]}, "melbands_spread": {"min": 0.071507461369, "max": 303.008117676, "dvar2": 470.403686523, "median": 15.0583343506, "dmean2": 13.3804941177, "dmean": 8.61640834808, "var": 525.885620117, "dvar": 212.549453735, "mean": 20.1550388336}, "spectral_energy": {"min": 9.40492041884e-12, "max": 0.196366637945, "dvar2": 0.00209342339076, "median": 0.0334466770291, "dmean2": 0.0324794985354, "dmean": 0.0195358004421, "var": 0.000965903804172, "dvar": 0.000757920846809, "mean": 0.0389085114002}, "mfcc": {"cov": [[16439.5644531, -1276.3067627, -1511.7713623, -153.199966431, -1141.8963623, -508.860595703, -384.091918945, -415.995330811, -325.933929443, -14.897110939, -174.243423462, -143.242782593, -209.302459717], [-1276.3067627, 1422.79138184, -30.1281909943, -89.4564285278, 63.7968635559, 73.6611480713, 94.8609313965, 16.5319385529, 55.1046485901, 15.5513305664, 37.8742027283, -17.9190177917, 27.5060691833], [-1511.7713623, -30.1281909943, 912.724060059, -42.4968223572, 159.39755249, 71.6025619507, 8.70788383484, 67.4274597168, -4.6662068367, 9.41253185272, 19.0571041107, 5.14181184769, 3.78858375549], [-153.199966431, -89.4564285278, -42.4968223572, 432.260559082, 118.738677979, -3.30477523804, 9.68875694275, 27.6487770081, 57.7979049683, -24.9062862396, -10.11606884, 27.768245697, 27.6593914032], [-1141.8963623, 63.7968635559, 159.39755249, 118.738677979, 302.55871582, 86.0210723877, 31.5445995331, 46.2403373718, 56.5796165466, -7.62736225128, 1.07547867298, 14.5086975098, 23.4216537476], [-508.860595703, 73.6611480713, 71.6025619507, -3.30477523804, 86.0210723877, 154.970352173, 93.0532531738, 41.7180328369, 33.1249732971, 23.0794658661, 28.3010120392, 4.67329311371, 7.04692840576], [-384.091918945, 94.8609313965, 8.70788383484, 9.68875694275, 31.5445995331, 93.0532531738, 159.604949951, 69.3132400513, 35.4205970764, 27.3484096527, 39.1482696533, 19.8781604767, 11.0392217636], [-415.995330811, 16.5319385529, 67.4274597168, 27.6487770081, 46.2403373718, 41.7180328369, 69.3132400513, 114.902267456, 50.1785774231, 15.8395614624, 27.4028663635, 22.7347564697, 12.9971380234], [-325.933929443, 55.1046485901, -4.6662068367, 57.7979049683, 56.5796165466, 33.1249732971, 35.4205970764, 50.1785774231, 110.592460632, 44.2629051208, 22.1057872772, 12.6412906647, 15.5325403214], [-14.897110939, 15.5513305664, 9.41253185272, -24.9062862396, -7.62736225128, 23.0794658661, 27.3484096527, 15.8395614624, 44.2629051208, 104.106071472, 41.386138916, 7.72442388535, 5.33612632751], [-174.243423462, 37.8742027283, 19.0571041107, -10.11606884, 1.07547867298, 28.3010120392, 39.1482696533, 27.4028663635, 22.1057872772, 41.386138916, 87.6185913086, 28.7739963531, 8.59565067291], [-143.242782593, -17.9190177917, 5.14181184769, 27.768245697, 14.5086975098, 4.67329311371, 19.8781604767, 22.7347564697, 12.6412906647, 7.72442388535, 28.7739963531, 75.2260284424, 34.2883834839], [-209.302459717, 27.5060691833, 3.78858375549, 27.6593914032, 23.4216537476, 7.04692840576, 11.0392217636, 12.9971380234, 15.5325403214, 5.33612632751, 8.59565067291, 34.2883834839, 67.3821487427]], "icov": [[0.000104951148387, 6.60584119032e-05, 0.000116373223136, -5.28568853042e-05, 0.00028455114807, 1.49169784436e-06, 8.04609808256e-05, 7.75528387749e-05, 0.000109340326162, -0.000123725505546, 9.51651963987e-05, 1.65632809512e-05, 0.000151007508975], [6.60584119032e-05, 0.000847330782562, 0.000120922137285, 0.000264561065705, -3.92732144974e-05, 9.61472105701e-05, -0.000518566113897, 0.00045094548841, -0.000463036063593, 0.000290698138997, -0.000346196611645, 0.000601716514211, -0.000432838423876], [0.000116373223136, 0.000120922137285, 0.00149739068002, 0.000207734541618, -0.000481792318169, -0.000403848214773, 0.000743941869587, -0.00103249226231, 0.00100503733847, -0.000485001044581, -8.23310838314e-05, 0.00013633533672, 0.000177490481292], [-5.28568853042e-05, 0.000264561065705, 0.000207734541618, 0.0031512666028, -0.0014159734128, 0.000989018240944, -0.00062112120213, 0.000231219557463, -0.00179830391426, 0.00129878730513, 6.42595769023e-05, -0.000504504074343, -0.000571291369852], [0.00028455114807, -3.92732144974e-05, -0.000481792318169, -0.0014159734128, 0.00632059341297, -0.00318313296884, 0.0015476718545, -0.00023705077183, -0.00155942782294, 0.000857323117089, 0.000991594861262, -0.000382915517548, -0.000203771065571], [1.49169784436e-06, 9.61472105701e-05, -0.000403848214773, 0.000989018240944, -0.00318313296884, 0.0127182630822, -0.00708801764995, 0.00134725216776, -0.000856622122228, -0.000361615180736, -0.00133419386111, 0.00178405467886, -0.000251723424299], [8.04609808256e-05, -0.000518566113897, 0.000743941869587, -0.00062112120213, 0.0015476718545, -0.00708801764995, 0.0135442428291, -0.00611371500418, 0.00138928240631, -0.0011225566268, -0.00117418495938, -0.00122333527543, 0.000379305914976], [7.75528387749e-05, 0.00045094548841, -0.00103249226231, 0.000231219557463, -0.00023705077183, 0.00134725216776, -0.00611371500418, 0.0157625302672, -0.00608774181455, 0.00224742153659, -0.00140459346585, -0.00170523265842, 0.000194920794456], [0.000109340326162, -0.000463036063593, 0.00100503733847, -0.00179830391426, -0.00155942782294, -0.000856622122228, 0.00138928240631, -0.00608774181455, 0.0167492963374, -0.00716487690806, 0.000615249911789, 0.000613771844655, -0.00089576782193], [-0.000123725505546, 0.000290698138997, -0.000485001044581, 0.00129878730513, 0.000857323117089, -0.000361615180736, -0.0011225566268, 0.00224742153659, -0.00716487690806, 0.0153717258945, -0.00596497254446, 0.00119330629241, -0.000930635374971], [9.51651963987e-05, -0.000346196611645, -8.23310838314e-05, 6.42595769023e-05, 0.000991594861262, -0.00133419386111, -0.00117418495938, -0.00140459346585, 0.000615249911789, -0.00596497254446, 0.0177596379071, -0.00651232851669, 0.00205225474201], [1.65632809512e-05, 0.000601716514211, 0.00013633533672, -0.000504504074343, -0.000382915517548, 0.00178405467886, -0.00122333527543, -0.00170523265842, 0.000613771844655, 0.00119330629241, -0.00651232851669, 0.0211202986538, -0.00967149902135], [0.000151007508975, -0.000432838423876, 0.000177490481292, -0.000571291369852, -0.000203771065571, -0.000251723424299, 0.000379305914976, 0.000194920794456, -0.00089576782193, -0.000930635374971, 0.00205225474201, -0.00967149902135, 0.0206482894719]], "mean": [-659.864440918, 104.836235046, 23.5135135651, 46.3418540955, 3.31914639473, 14.2408857346, 10.9291353226, 4.6341252327, 3.53505277634, 8.27278804779, 2.69120621681, 2.65397620201, 0.283389002085]}, "spectral_contrast_valleys": {"min": [-27.598493576, -27.8438892365, -27.2862224579, -27.3238677979, -27.3291950226, -27.2356967926], "max": [-4.92953014374, -4.65429162979, -5.40508413315, -5.42389822006, -5.58531999588, -7.51710367203], "dvar2": [0.396198123693, 0.600852668285, 0.52643173933, 0.462068736553, 0.431865781546, 0.55499380827], "median": [-6.45805120468, -6.7768945694, -7.43240642548, -7.70287799835, -6.97996473312, -9.69607448578], "dmean2": [0.682130098343, 0.754800736904, 0.658476829529, 0.589797377586, 0.465958863497, 0.492322742939], "dmean": [0.423019886017, 0.474728018045, 0.427181065083, 0.394906371832, 0.32783266902, 0.371398746967], "var": [1.25475752354, 1.58830702305, 1.6848334074, 1.81283950806, 2.23919630051, 2.55840587616], "dvar": [0.197552934289, 0.289065361023, 0.264351189137, 0.247344493866, 0.239688590169, 0.326535284519], "mean": [-6.77545928955, -7.08464765549, -7.77071332932, -8.09882068634, -7.55847644806, -10.1417760849]}, "barkbands_flatness_db": {"min": 0.0291598774493, "max": 0.672414004803, "dvar2": 0.00332798040472, "median": 0.135887220502, "dmean2": 0.0537383295596, "dmean": 0.0344526469707, "var": 0.0100446734577, "dvar": 0.00155531428754, "mean": 0.165387228131}, "dynamic_complexity": 3.65164256096, "erbbands_flatness_db": {"min": 0.0353899858892, "max": 0.397424995899, "dvar2": 0.00109137373511, "median": 0.127622887492, "dmean2": 0.0277701877058, "dmean": 0.0189445223659, "var": 0.00216500274837, "dvar": 0.000516982050613, "mean": 0.134517997503}, "hfc": {"min": 5.06324830951e-08, "max": 1