{"lowlevel": {"spectral_complexity": {"min": 0, "max": 62, "dvar2": 26.7690525055, "median": 12, "dmean2": 4.04845952988, "dmean": 2.5556743145, "var": 90.1198959351, "dvar": 11.7707262039, "mean": 14.9976472855}, "silence_rate_20dB": {"min": 1, "max": 1, "dvar2": 0, "median": 1, "dmean2": 0, "dmean": 0, "var": 0, "dvar": 0, "mean": 1}, "average_loudness": 0.725056827068, "erbbands_spread": {"min": 1.68489813805, "max": 149.688934326, "dvar2": 213.987045288, "median": 31.7964782715, "dmean2": 11.328704834, "dmean": 7.41716623306, "var": 336.380279541, "dvar": 100.628540039, "mean": 34.8327713013}, "spectral_kurtosis": {"min": -0.955489873886, "max": 41.3507919312, "dvar2": 14.2879991531, "median": 5.16056776047, "dmean2": 3.19726109505, "dmean": 1.95069205761, "var": 19.741361618, "dvar": 5.56407117844, "mean": 6.25280761719}, "barkbands_kurtosis": {"min": -1.91469728947, "max": 284.763580322, "dvar2": 135.814819336, "median": 5.93756055832, "dmean2": 6.71790361404, "dmean": 4.24349927902, "var": 236.213241577, "dvar": 55.9540061951, "mean": 10.3065080643}, "spectral_strongpeak": {"min": 0, "max": 14.0792655945, "dvar2": 1.65430903435, "median": 0.452100008726, "dmean2": 0.729864835739, "dmean": 0.430842369795, "var": 1.11953425407, "dvar": 0.702463328838, "mean": 0.822740197182}, "spectral_spread": {"min": 1690533.125, "max": 24135464, "dvar2": 1272048254980.0, "median": 4113895.5, "dmean2": 764071.25, "dmean": 526850.875, "var": 2621086892030.0, "dvar": 726080946176, "mean": 4401362.5}, "spectral_rms": {"min": 1.12161490051e-06, "max": 0.0149212656543, "dvar2": 1.65280960118e-06, "median": 0.00496939430013, "dmean2": 0.00110050500371, "dmean": 0.000700272619724, "var": 3.7616237023e-06, "dvar": 7.36823494663e-07, "mean": 0.00499214697629}, "erbbands": {"min": [2.39638513477e-08, 8.61170974531e-08, 1.24192823137e-07, 6.01815770551e-08, 6.98892250739e-08, 2.76859310588e-07, 2.95563353347e-07, 1.4437269158e-07, 2.12466858329e-07, 7.83694886763e-08, 5.61050548242e-08, 4.39086100812e-08, 5.17866567407e-08, 4.22175041592e-08, 4.45175132313e-08, 5.64580311391e-08, 3.32255218893e-08, 3.64514392004e-08, 3.34809193703e-08, 6.24381542025e-08, 4.31700932779e-08, 4.05607281095e-08, 6.99595759102e-08, 3.43173951478e-08, 2.00903116365e-08, 1.27569252939e-08, 1.24581855943e-08, 1.20902106104e-08, 1.42659999369e-08, 7.79037190313e-09, 7.29930293986e-09, 5.42092282174e-09, 4.15040890545e-09, 2.70462297003e-09, 1.79629877639e-09, 1.52297685574e-09, 7.60678464662e-10, 2.96646235354e-10, 1.64529459501e-10, 5.47127898542e-11], "max": [2.48085856438, 37.3843727112, 100.227737427, 94.6355361938, 386.353424072, 334.208709717, 908.945129395, 545.234741211, 310.141387939, 302.418914795, 683.878173828, 1180.5612793, 488.201080322, 1569.68408203, 2158.39770508, 4012.95263672, 2349.13769531, 2802.20996094, 1299.2019043, 937.438720703, 894.871520996, 514.538513184, 791.407714844, 546.672180176, 855.405700684, 306.667022705, 476.395111084, 462.134643555, 740.327880859, 592.268249512, 339.558746338, 199.025222778, 151.807022095, 44.255859375, 22.518321991, 8.51933670044, 2.63859224319, 0.722940027714, 0.0933588072658, 0.00348379998468], "dvar2": [0.0633718296885, 12.0325012207, 68.41015625, 62.0136604309, 500.37121582, 1098.47961426, 2278.79931641, 1834.90307617, 422.908447266, 591.673095703, 1547.19934082, 4749.84033203, 776.40637207, 2344.50976562, 4918.63476562, 20990.8691406, 7155.54833984, 2381.02807617, 883.239379883, 1440.31665039, 1958.89257812, 804.243286133, 1884.25695801, 1325.28759766, 1703.01818848, 465.851623535, 427.256011963, 338.356903076, 552.174072266, 422.145996094, 114.800064087, 66.7928161621, 22.8193798065, 3.13301920891, 0.627018511295, 0.184314340353, 0.0415994115174, 0.00285710161552, 5.81164495088e-05, 1.94444652379e-07], "median": [0.0667743980885, 0.789423704147, 2.33542823792, 3.07219481468, 5.15194606781, 9.80191898346, 14.8566875458, 12.2217855453, 6.84712696075, 7.35200691223, 7.18020629883, 6.55487775803, 6.58136177063, 5.3524980545, 5.8988904953, 5.56985759735, 5.68045520782, 4.83188819885, 3.83045434952, 3.73837852478, 3.46108412743, 3.08978772163, 3.24074602127, 2.5655374527, 2.29166889191, 1.53466200829, 1.01073110104, 0.740513086319, 0.749823987484, 0.551441311836, 0.458317160606, 0.409882962704, 0.234498530626, 0.114347323775, 0.0453688129783, 0.0165898278356, 0.00406181672588, 0.000659657292999, 7.37945374567e-05, 3.66612730431e-05], "dmean2": [0.113524623215, 1.20532310009, 3.44561243057, 4.55796384811, 11.1478443146, 17.9312896729, 24.5568771362, 21.0786304474, 10.0618267059, 12.4349822998, 16.2030010223, 23.6942844391, 11.4380817413, 13.0320138931, 17.1164951324, 22.3865776062, 20.5909194946, 12.9240684509, 10.1770429611, 11.9915103912, 15.6171741486, 10.2488479614, 14.5871677399, 12.2669048309, 11.8309288025, 8.62076663971, 5.89115381241, 4.49022722244, 4.76988649368, 3.89834189415, 2.38268518448, 1.90184247494, 1.24127388, 0.510594189167, 0.245305046439, 0.129598855972, 0.0579741336405, 0.0143242310733, 0.00186831352767, 0.000114306727482], "dmean": [0.0677066370845, 0.741159915924, 2.13498044014, 2.73646306992, 6.57717370987, 10.9246559143, 15.9484205246, 12.87844944, 6.52227497101, 7.85778570175, 10.8035573959, 15.9998006821, 7.67512321472, 8.49432468414, 11.4639062881, 14.3281049728, 13.2344989777, 8.4913444519, 6.55486774445, 7.63512134552, 10.037902832, 6.45179319382, 9.21797847748, 7.59876394272, 7.08419704437, 5.40115213394, 3.65900969505, 2.88652348518, 3.08146548271, 2.60739445686, 1.638235569, 1.26746630669, 0.835681557655, 0.344947069883, 0.171521157026, 0.0891082361341, 0.0401618257165, 0.00944899395108, 0.00118780101184, 7.18725568731e-05], "var": [0.0509696118534, 5.76698064804, 36.9883842468, 54.3783416748, 474.330169678, 1024.00305176, 3106.73266602, 1850.99523926, 520.783874512, 554.098815918, 2289.29492188, 6488.38867188, 776.20111084, 1942.10205078, 5621.71923828, 9250.09375, 5793.58886719, 3660.76416016, 1056.33374023, 966.963867188, 2032.31164551, 713.111633301, 2007.50549316, 944.809509277, 846.28314209, 565.778808594, 271.509277344, 229.60585022, 440.801879883, 330.03314209, 143.804275513, 71.4752044678, 24.5328235626, 3.53694486618, 0.754537582397, 0.192915961146, 0.0492194220424, 0.00220413715579, 3.59570294677e-05, 8.41842862087e-08], "dvar": [0.0248131938279, 5.10112524033, 29.6056289673, 23.3318958282, 183.927780151, 409.357940674, 921.688232422, 736.316345215, 182.94039917, 235.818588257, 713.051818848, 2148.66821289, 354.463378906, 975.397583008, 2412.79321289, 8453.50683594, 3107.73803711, 1311.78259277, 420.160064697, 557.151611328, 826.858764648, 316.230682373, 841.192260742, 503.247955322, 623.622802734, 194.323455811, 171.162902832, 147.70173645, 281.51461792, 198.944625854, 63.7455062866, 34.0536460876, 11.7297945023, 1.52528774738, 0.323658466339, 0.0936349704862, 0.0198812726885, 0.00125684472732, 2.46459840127e-05, 7.98183563688e-08], "mean": [0.155046090484, 1.3505846262, 3.87119913101, 5.34591722488, 12.0800065994, 22.2575397491, 37.6217193604, 26.6586666107, 14.6926050186, 15.5896854401, 23.5921344757, 33.9349212646, 16.1247177124, 17.2468204498, 21.594877243, 22.0026073456, 22.3572235107, 15.3490772247, 12.3446645737, 13.8672523499, 18.9510955811, 13.4487800598, 17.4369697571, 14.3491697311, 12.5760364532, 11.270526886, 6.97580385208, 5.35380935669, 5.32195329666, 4.50026082993, 2.93907427788, 2.34763979912, 1.48353564739, 0.66593503952, 0.311454355717, 0.144195586443, 0.0621124617755, 0.0126272803172, 0.00140451232437, 0.000102370751847]}, "zerocrossingrate": {"min": 0.001953125, "max": 0.3056640625, "dvar2": 0.000161250733072, "median": 0.03369140625, "dmean2": 0.0095658833161, "dmean": 0.00799258239567, "var": 0.00113217462786, "dvar": 0.000140064235893, "mean": 0.0448167510331}, "spectral_contrast_coeffs": {"min": [-0.928745508194, -0.903768956661, -0.946297585964, -0.928100287914, -0.910749077797, -0.955835044384], "max": [-0.272496283054, -0.386106818914, -0.473716855049, -0.488599926233, -0.517516374588, -0.570489645004], "dvar2": [0.00412382697687, 0.0033070857171, 0.00224091974087, 0.00146992434748, 0.00102837721352, 0.000715516798664], "median": [-0.63178730011, -0.695767879486, -0.742420554161, -0.759674429893, -0.78836530447, -0.776730895042], "dmean2": [0.0764455497265, 0.0710778832436, 0.0565572455525, 0.0483871400356, 0.0369213148952, 0.0264314711094], "dmean": [0.0456285886467, 0.0435270220041, 0.0353357829154, 0.0301598533988, 0.0231358427554, 0.0168306007981], "var": [0.00950351171196, 0.00583125790581, 0.00443871505558, 0.00303991744295, 0.00255555985495, 0.00293702865019], "dvar": [0.00150711741298, 0.00125355867203, 0.00090122007532, 0.000620383652858, 0.000437437003711, 0.000311486568535], "mean": [-0.625956237316, -0.694105744362, -0.738578557968, -0.754459500313, -0.779539585114, -0.766993522644]}, "dissonance": {"min": 0.23723731935, "max": 0.500000059605, "dvar2": 0.00124302145559, "median": 0.453168362379, "dmean2": 0.0371184200048, "dmean": 0.0222999695688, "var": 0.00143078854308, "dvar": 0.00046786054736, "mean": 0.445021927357}, "spectral_energyband_high": {"min": 3.92071704963e-12, "max": 0.0438675060868, "dvar2": 2.83440454041e-06, "median": 0.000139491312439, "dmean2": 0.000462814903585, "dmean": 0.000323412765283, "var": 3.59201862921e-06, "dvar": 1.54330132318e-06, "mean": 0.000703095342033}, "spectral_skewness": {"min": -0.0822993144393, "max": 5.4269080162, "dvar2": 0.171402931213, "median": 1.85226297379, "dmean2": 0.391210973263, "dmean": 0.251832962036, "var": 0.521413147449, "dvar": 0.076389349997, "mean": 1.89113724232}, "spectral_flux": {"min": 0.000700729142409, "max": 0.381699025631, "dvar2": 0.00188682950102, "median": 0.0659723430872, "dmean2": 0.0352094471455, "dmean": 0.0217970628291, "var": 0.00187072064728, "dvar": 0.000734127941541, "mean": 0.0721194073558}, "silence_rate_30dB": {"min": 0, "max": 1, "dvar2": 0.0281554888934, "median": 1, "dmean2": 0.0226786471903, "dmean": 0.0113381110132, "var": 0.00932344980538, "dvar": 0.0112099153921, "mean": 0.990588247776}, "spectral_energyband_middle_high": {"min": 8.68475170251e-12, "max": 0.105858504772, "dvar2": 2.85907208308e-05, "median": 0.0014695142163, "dmean2": 0.00191877968609, "dmean": 0.00125035655219, "var": 2.89355721179e-05, "dvar": 1.17141953524e-05, "mean": 0.00366103602573}, "barkbands_spread": {"min": 0.469180762768, "max": 102.990470886, "dvar2": 100.254890442, "median": 11.4686136246, "dmean2": 6.40526866913, "dmean": 4.14685726166, "var": 222.846191406, "dvar": 47.1270370483, "mean": 16.9119129181}, "spectral_centroid": {"min": 133.654205322, "max": 4742.66845703, "dvar2": 159002.15625, "median": 675.946166992, "dmean2": 266.723175049, "dmean": 174.327514648, "var": 547688.375, "dvar": 75846.953125, "mean": 980.790588379}, "pitch_salience": {"min": 0.149487033486, "max": 0.856398582458, "dvar2": 0.0083711175248, "median": 0.53432482481, "dmean2": 0.105067402124, "dmean": 0.0638185814023, "var": 0.0101125072688, "dvar": 0.0031689426396, "mean": 0.536185085773}, "erbbands_skewness": {"min": -4.5565738678, "max": 7.4721455574, "dvar2": 0.345723390579, "median": 0.755376636982, "dmean2": 0.581938445568, "dmean": 0.381355494261, "var": 1.38091933727, "dvar": 0.161880984902, "mean": 0.861470997334}, "erbbands_crest": {"min": 2.09694743156, "max": 32.4343757629, "dvar2": 14.1124706268, "median": 9.43874073029, "dmean2": 3.96493077278, "dmean": 2.51686215401, "var": 27.7022628784, "dvar": 6.14237356186, "mean": 10.7215766907}, "melbands": {"min": [2.05015768251e-10, 8.28829227473e-11, 1.02614852379e-11, 1.2317295621e-11, 1.15225710917e-11, 3.47014712972e-12, 3.08999310514e-12, 6.59200233462e-13, 4.30678035552e-13, 3.05443197861e-13, 2.52309024368e-13, 1.59090812355e-13, 1.40274131286e-13, 1.25485816941e-13, 1.27599496182e-13, 5.86593558558e-14, 6.61942221414e-14, 4.88108563442e-14, 6.97182722252e-14, 8.01651496921e-14, 4.46783282842e-14, 3.39729465263e-14, 7.12068953606e-14, 4.90861996503e-14, 2.57603200517e-14, 1.74985571958e-14, 9.26813371194e-15, 8.71900733443e-15, 8.35651111432e-15, 6.67614597773e-15, 7.38557926974e-15, 9.33307657503e-15, 4.94007995454e-15, 3.94394252703e-15, 4.18824292264e-15, 4.4544226028e-15, 2.74284811376e-15, 2.92571405674e-15, 2.46252255986e-15, 2.30764999699e-15], "max": [0.0283905006945, 0.0549777671695, 0.0191804617643, 0.0232035908848, 0.0250156261027, 0.0116503434256, 0.00446654995903, 0.00338271493092, 0.00677934940904, 0.00636073900387, 0.00249207904562, 0.00702339829877, 0.00577677413821, 0.00974449515343, 0.00436444859952, 0.0069301975891, 0.00641616806388, 0.00188639073167, 0.000884367793333, 0.00142948201392, 0.00105490407441, 0.000791099271737, 0.0014170067152, 0.00103810778819, 0.000508547062054, 0.000678718613926, 0.000382397061912, 0.00022299621196, 0.0002735205926, 0.000324167369399, 0.000325591652654, 0.000384511658922, 0.000752861902583, 0.000265116046648, 0.000248939206358, 0.000176203873707, 0.000127513209009, 0.000109412743768, 8.96892743185e-05, 3.36293378496e-05], "dvar2": [6.80697030475e-06, 2.06227559829e-05, 2.36729579228e-06, 3.42203611581e-06, 2.36325581682e-06, 8.32403486584e-07, 9.13142059744e-08, 7.15632424431e-08, 1.44680100789e-07, 1.49677802597e-07, 2.03844070512e-08, 4.5405567306e-08, 3.56982141625e-08, 1.3529933085e-07, 3.41147163851e-08, 5.0584564093e-08, 1.05022506247e-08, 2.55932830484e-09, 1.14934251005e-09, 5.18794829318e-09, 3.55906282223e-09, 1.14831233411e-09, 2.45003506372e-09, 1.4487333555e-09, 1.08959075096e-09, 1.19603749127e-09, 5.462231778e-10, 2.46835551998e-10, 1.64345953513e-10, 1.91610269318e-10, 1.36690742059e-10, 1.62148655614e-10, 4.08834743837e-10, 9.20265669224e-11, 4.64336867567e-11, 4.61065144397e-11, 2.43098076391e-11, 1.47914406418e-11, 7.84346285837e-12, 1.91775002996e-12], "median": [0.000791558937635, 0.00130185019225, 0.000652978487778, 0.000548854237422, 0.000563873909414, 0.000279791769572, 9.23653424252e-05, 7.89683763287e-05, 5.45462680748e-05, 3.49680194631e-05, 2.65078288066e-05, 1.8310474843e-05, 1.67978578247e-05, 1.33930006996e-05, 1.23516729218e-05, 9.26551547309e-06, 7.17973807696e-06, 5.56843860977e-06, 3.95794722863e-06, 5.01599470226e-06, 3.38863378602e-06, 2.88886485578e-06, 3.12063275487e-06, 2.19981484406e-06, 1.85770375083e-06, 1.59688852364e-06, 1.37949029977e-06, 8.1723862877e-07, 6.30889132935e-07, 4.69049496132e-07, 3.7161098021e-07, 3.99320811084e-07, 3.66366833759e-07, 2.55396059856e-07, 2.32618972973e-07, 2.70599628038e-07, 2.24256936576e-07, 1.66693382653e-07, 1.1180220838e-07, 8.21637868853e-08], "dmean2": [0.0011376166949, 0.0017426245613, 0.000918199424632, 0.00100511091296, 0.00085716531612, 0.000464536860818, 0.000147530852701, 0.000139171912451, 0.000150907333591, 0.000135508671519, 5.66110174987e-05, 5.54157995794e-05, 5.32523918082e-05, 5.80363557674e-05, 4.77282774227e-05, 4.28496059612e-05, 2.44689399551e-05, 1.72550444404e-05, 1.26520026242e-05, 2.28373901336e-05, 2.00845151994e-05, 1.14386939458e-05, 1.45140511449e-05, 1.36751259561e-05, 1.08054782686e-05, 9.29771522351e-06, 8.56217138789e-06, 5.89850878896e-06, 3.88515172745e-06, 3.60799390364e-06, 2.79368350675e-06, 2.89149693344e-06, 2.93522657557e-06, 2.02443993658e-06, 1.4714066765e-06, 1.44631837884e-06, 1.12247369088e-06, 9.98684299702e-07, 6.43563964786e-07, 3.98454716333e-07], "dmean": [0.000687702500727, 0.00108285702299, 0.000549386953935, 0.000598414218985, 0.000553217949346, 0.000286672322545, 9.55715804594e-05, 8.90343580977e-05, 0.000101373188954, 9.1060421255e-05, 3.76702882932e-05, 3.59324876626e-05, 3.55925876647e-05, 3.76861462428e-05, 3.01583695546e-05, 2.78034949588e-05, 1.60855488502e-05, 1.10490182124e-05, 7.98824657977e-06, 1.45122503454e-05, 1.29252402985e-05, 7.2736547736e-06, 8.96213077795e-06, 8.70131316333e-06, 6.66577579977e-06, 5.54715461476e-06, 5.23838525623e-06, 3.71592477677e-06, 2.42837177211e-06, 2.23668257604e-06, 1.77892377451e-06, 1.8294452957e-06, 1.90095761354e-06, 1.36178834964e-06, 9.97563233796e-07, 9.49559421315e-07, 7.39924416848e-07, 6.6288043854e-07, 4.27831594152e-07, 2.66530634008e-07], "var": [4.69798578706e-06, 1.07327396108e-05, 2.27463488045e-06, 2.99348835142e-06, 3.26973508891e-06, 8.9209277121e-07, 1.12226352655e-07, 7.35088860893e-08, 2.04844724294e-07, 2.00639050263e-07, 1.9569288412e-08, 3.67389390021e-08, 4.31881979068e-08, 6.08860446505e-08, 2.28221388454e-08, 3.92177241793e-08, 1.73584204788e-08, 2.84306489462e-09, 9.60424073604e-10, 3.94738597365e-09, 3.41634098788e-09, 9.26433207926e-10, 1.59506563513e-09, 2.12414974499e-09, 6.74487632413e-10, 4.41797709527e-10, 4.85119999727e-10, 2.40859193701e-10, 1.11278868065e-10, 1.02851858974e-10, 8.12755626689e-11, 1.29325772313e-10, 1.95633259592e-10, 8.49671652481e-11, 5.33704018479e-11, 3.99036671761e-11, 2.31709651466e-11, 1.42861859495e-11, 6.45279663036e-12, 1.85544309951e-12], "dvar": [2.86871136268e-06, 9.02157262317e-06, 8.92068158009e-07, 1.22990002183e-06, 9.52147388489e-07, 3.33647449224e-07, 3.95472277148e-08, 2.94174409277e-08, 6.41113828692e-08, 6.73017410691e-08, 9.24938259317e-09, 1.88972553161e-08, 1.75961556437e-08, 5.42621414468e-08, 1.38515332537e-08, 2.30828955949e-08, 6.01116534327e-09, 1.18097898127e-09, 4.71289840487e-10, 2.11530370997e-09, 1.52862988934e-09, 4.52704124188e-10, 9.81305037229e-10, 6.89476864491e-10, 4.1429087938e-10, 4.25500468193e-10, 2.14940454324e-10, 1.02868567831e-10, 6.7277704241e-11, 7.53083914673e-11, 5.80401282591e-11, 8.11752817742e-11, 1.70070763028e-10, 4.60965050852e-11, 2.52754674829e-11, 2.10012406771e-11, 1.20839943954e-11, 7.36884858688e-12, 3.54090866871e-12, 8.6759234779e-13], "mean": [0.00149770604912, 0.00200904672965, 0.00112006999552, 0.0011840981897, 0.00132095406298, 0.000611161754932, 0.000210838654311, 0.000174994769623, 0.000214842861169, 0.000190853286767, 7.4356154073e-05, 6.89553708071e-05, 6.5349486249e-05, 5.83981309319e-05, 4.96506836498e-05, 4.36463487858e-05, 2.75549627986e-05, 1.96706077986e-05, 1.40694919537e-05, 2.40688550548e-05, 2.25759704335e-05, 1.38061795951e-05, 1.52934735524e-05, 1.58978618856e-05, 1.11208182716e-05, 8.5031369963e-06, 9.54861388891e-06, 6.89849912305e-06, 4.31735543316e-06, 3.71062742488e-06, 2.99602857012e-06, 2.9921359328e-06, 3.0035250802e-06, 2.27949772125e-06, 1.6944457002e-06, 1.61467369253e-06, 1.31366971345e-06, 1.10995961222e-06, 7.46741193325e-07, 4.99174518609e-07]}, "spectral_entropy": {"min": 5.03158187866, "max": 8.74101829529, "dvar2": 0.0949003919959, "median": 7.12841129303, "dmean2": 0.279672890902, "dmean": 0.188814923167, "var": 0.344188213348, "dvar": 0.0484278574586, "mean": 7.11368227005}, "spectral_rolloff": {"min": 43.06640625, "max": 13544.3847656, "dvar2": 1199887.625, "median": 516.796875, "dmean2": 490.83380127, "dmean": 289.699523926, "var": 1439071.125, "dvar": 521589.59375, "mean": 1002.18066406}, "barkbands": {"min": [5.52448697899e-10, 5.19327247872e-10, 8.94078561187e-11, 8.35161887563e-12, 6.64280089269e-11, 2.17399327707e-11, 1.30427916731e-11, 1.87058376601e-12, 2.31895188815e-12, 1.18808500364e-12, 1.03222931504e-12, 1.28482727929e-12, 5.11847291981e-13, 7.21924419116e-13, 9.6564249652e-13, 8.83128802292e-13, 5.58613105859e-13, 1.27345703427e-12, 5.03833140573e-13, 2.84813215764e-13, 2.66234002075e-13, 3.73134357613e-13, 2.75804092021e-13, 2.31004966674e-13, 2.48808135553e-13, 4.01311498139e-13, 2.06533054548e-12], "max": [0.0172081720084, 0.129553034902, 0.0639967024326, 0.0531954318285, 0.0974606350064, 0.0621731504798, 0.0207019895315, 0.025439850986, 0.0447061657906, 0.0437362827361, 0.0437024831772, 0.0821613967419, 0.0519467070699, 0.0534165427089, 0.0213311780244, 0.0147325303406, 0.015813216567, 0.0135919069871, 0.0124423336238, 0.00835741404444, 0.0128140514717, 0.0219878461212, 0.0112499287352, 0.010440852493, 0.00308712222613, 0.00132912804838, 0.000575149897486], "dvar2": [2.2050348889e-06, 0.000158907758305, 3.696632848e-05, 1.34736765176e-05, 6.7259046773e-05, 2.67300019914e-05, 1.87252783235e-06, 2.3126922315e-06, 7.48357570046e-06, 2.03530566978e-06, 1.73947148596e-06, 9.90211810858e-06, 3.49831452695e-06, 7.94559468886e-07, 2.64887688672e-07, 8.08807158137e-07, 5.31045145635e-07, 5.71913574277e-07, 7.5487974982e-07, 2.0944119683e-07, 2.51426428122e-07, 4.90712125156e-07, 1.46008815705e-07, 1.09583844221e-07, 1.55094852516e-08, 1.03362474135e-08, 2.22159268759e-09], "median": [3.97022886318e-05, 0.00354311498813, 0.00197549909353, 0.000896276615094, 0.00319450488314, 0.00160682364367, 0.000370012421627, 0.000336498109391, 0.000209388483199, 0.000199938280275, 0.000118260926683, 9.47780790739e-05, 9.88696992863e-05, 6.63330720272e-05, 6.30015128991e-05, 5.63795692869e-05, 6.12799631199e-05, 4.86506105517e-05, 4.67349636892e-05, 3.29992835759e-05, 2.1080726583e-05, 2.05056403502e-05, 1.5952035028e-05, 1.75819004653e-05, 8.54503741721e-06, 2.79749428955e-06, 3.3522189824e-07], "dmean2": [0.000531176163349, 0.0047933566384, 0.00291767995805, 0.00190742558334, 0.00485707819462, 0.00266116997227, 0.000652883027215, 0.000704616890289, 0.000930102425627, 0.000457803806057, 0.000387004663935, 0.000498830282595, 0.000448014528956, 0.000231257552514, 0.00019627630536, 0.000308913440676, 0.000250119599514, 0.00027037539985, 0.00024739629589, 0.000183826865396, 0.000129651889438, 0.000136756614666, 8.8374443294e-05, 7.92157370597e-05, 3.8620277337e-05, 2.9979082683e-05, 1.13914893518e-05], "dmean": [0.000300065701595, 0.00294391112402, 0.00178464362398, 0.00115280121099, 0.00296137598343, 0.00167745957151, 0.000415544665884, 0.000466470984975, 0.000620090751909, 0.0003034780093, 0.000261924695224, 0.000315876939567, 0.000286568101728, 0.000151468455442, 0.000124191574287, 0.000195181070012, 0.000158694616402, 0.000170606945176, 0.000147932456457, 0.000115191316581, 8.17465261207e-05, 8.99597507669e-05, 5.99219783908e-05, 5.42934940313e-05, 2.66278657364e-05, 2.05998258025e-05, 7.22051163393e-06], "var": [9.23935544961e-07, 8.89013608685e-05, 2.14872361539e-05, 1.1561050087e-05, 7.55505388952e-05, 3.21997358697e-05, 2.04835555451e-06, 3.20675917465e-06, 9.87499515759e-06, 1.75131333435e-06, 2.15329600906e-06, 4.05566561312e-06, 2.84170778286e-06, 1.24650705402e-06, 2.74706025039e-07, 7.4163165209e-07, 4.25731002451e-07, 6.46244131985e-07, 3.24834303456e-07, 2.50445424399e-07, 1.464955659e-07, 3.60160754553e-07, 1.94574369061e-07, 1.19166422508e-07, 1.87928517192e-08, 1.08817888034e-08, 1.21442955692e-09], "dvar": [7.57164400511e-07, 6.79824370309e-05, 1.49638344737e-05, 5.19220020578e-06, 2.51424498856e-05, 1.0742143786e-05, 7.86423640875e-07, 1.072275154e-06, 3.28208716383e-06, 8.65803258421e-07, 8.62499462073e-07, 3.92153287976e-06, 1.53410189796e-06, 4.43777850023e-07, 1.21333329162e-07, 3.31751010663e-07, 2.15968910311e-07, 2.51937734674e-07, 2.72641955235e-07, 8.59849293988e-08, 1.01961582288e-07, 2.36044670032e-07, 8.42774809939e-08, 5.7227001804e-08, 7.70705987918e-09, 4.99260099929e-09, 9.35434951721e-10], "mean": [0.000390058878111, 0.00586741231382, 0.00327777233906, 0.00192612037063, 0.00659029604867, 0.00378454127349, 0.000868117494974, 0.000952729431447, 0.00127117452212, 0.000606183020864, 0.000466161873192, 0.000440134172095, 0.00045874438365, 0.00025806913618, 0.000217278036871, 0.000341386185028, 0.000287075934466, 0.000312509393552, 0.00024380859395, 0.000238356078626, 0.000147047350765, 0.000155736663146, 0.000107425854367, 0.000100582634332, 5.13342602062e-05, 3.18713100569e-05, 8.14753457234e-06]}, "melbands_flatness_db": {"min": 0.0293207839131, "max": 0.605773627758, "dvar2": 0.00139051140286, "median": 0.253411710262, "dmean2": 0.0346471555531, "dmean": 0.0230197552592, "var": 0.00675443513319, "dvar": 0.000653480703477, "mean": 0.251344233751}, "melbands_skewness": {"min": -1.35498631001, "max": 13.9717750549, "dvar2": 1.34563910961, "median": 2.66160154343, "dmean2": 1.03399944305, "dmean": 0.661154150963, "var": 2.25994443893, "dvar": 0.587955832481, "mean": 2.89501786232}, "barkbands_skewness": {"min": -2.19566559792, "max": 11.6611280441, "dvar2": 0.797582983971, "median": 1.99870634079, "dmean2": 0.815256953239, "dmean": 0.521142959595, "var": 1.89199471474, "dvar": 0.337523400784, "mean": 2.11004567146}, "silence_rate_60dB": {"min": 0, "max": 1, "dvar2": 0.00977781508118, "median": 0, "dmean2": 0.00791613198817, "dmean": 0.00395764270797, "var": 0.0408521331847, "dvar": 0.00394161697477, "mean": 0.0426737964153}, "spectral_energyband_low": {"min": 8.8445689661e-10, "max": 0.19768384099, "dvar2": 0.000293096411042, "median": 0.0071334540844, "dmean2": 0.00758045725524, "dmean": 0.00468366919085, "var": 0.000185412791325, "dvar": 0.000127724197228, "mean": 0.0104326233268}, "spectral_energyband_middle_low": {"min": 1.142491865e-10, "max": 0.135791227221, "dvar2": 0.000128781670355, "median": 0.0114676468074, "dmean2": 0.00798030756414, "dmean": 0.00495707243681, "var": 0.000203502830118, "dvar": 5.05690040882e-05, "mean": 0.0156270898879}, "melbands_kurtosis": {"min": -1.75049734116, "max": 362.991210938, "dvar2": 456.081665039, "median": 12.9184112549, "dmean2": 12.5503158569, "dmean": 7.91497182846, "var": 550.207519531, "dvar": 187.240783691, "mean": 19.6199531555}, "spectral_decrease": {"min": -5.90913735721e-08, "max": -3.37266258512e-16, "dvar2": 2.77274150789e-17, "median": -6.25882945471e-09, "dmean2": 3.4601765897e-09, "dmean": 2.17382045697e-09, "var": 3.09777154168e-17, "dvar": 1.20251050678e-17, "mean": -7.37901650893e-09}, "erbbands_kurtosis": {"min": -1.7919024229, "max": 75.103477478, "dvar2": 16.4078731537, "median": 0.639727950096, "dmean2": 2.36515116692, "dmean": 1.53102183342, "var": 31.1729335785, "dvar": 7.48200178146, "mean": 2.39626049995}, "melbands_crest": {"min": 3.33282732964, "max": 35.6669273376, "dvar2": 16.475933075, "median": 13.8112106323, "dmean2": 4.4719171524, "dmean": 2.72786712646, "var": 20.1198387146, "dvar": 6.2176194191, "mean": 14.3590240479}, "gfcc": {"cov": [[7715.95507812, -1450.51989746, -1017.5166626, 84.4420928955, -303.493255615, 98.8480758667, -83.1897964478, 279.58895874, 37.65574646, 160.621307373, -91.2711639404, 156.162796021, -71.4200820923], [-1450.51989746, 1350.90332031, 8.71910953522, -160.751419067, 167.134460449, -125.210266113, 2.48168420792, -88.3446655273, 30.2027816772, -124.820022583, 95.2486419678, -122.27645874, 97.0787353516], [-1017.5166626, 8.71910953522, 1044.83544922, -98.7162246704, -84.780708313, 72.3633499146, -164.400375366, -115.150306702, -22.713514328, -17.6754608154, 7.06611251831, 10.1346616745, -59.7512168884], [84.4420928955, -160.751419067, -98.7162246704, 311.75378418, 67.2668762207, 23.5760097504, 79.763458252, 38.055316925, 39.3981361389, 32.041809082, 11.202586174, 20.829826355, 17.1506748199], [-303.493255615, 167.134460449, -84.780708313, 67.2668762207, 284.029510498, 5.21149301529, 105.226463318, 39.6744384766, 30.8649349213, 8.83750152588, 18.2649555206, 18.7919406891, 38.8296546936], [98.8480758667, -125.210266113, 72.3633499146, 23.5760097504, 5.21149301529, 205.971069336, 51.0008239746, 17.8689002991, -2.12132668495, 26.2704658508, 8.53133773804, 9.7847442627, -10.045091629], [-83.1897964478, 2.48168420792, -164.400375366, 79.763458252, 105.226463318, 51.0008239746, 234.287277222, 69.3669815063, 32.047996521, 32.3706016541, -11.1674289703, 12.4132452011, 22.8270645142], [279.58895874, -88.3446655273, -115.150306702, 38.055316925, 39.6744384766, 17.8689002991, 69.3669815063, 144.405090332, 44.8209953308, 21.640335083, -10.9171581268, 1.55888354778, 7.24859523773], [37.65574646, 30.2027816772, -22.713514328, 39.3981361389, 30.8649349213, -2.12132668495, 32.047996521, 44.8209953308, 114.973953247, 35.0102233887, 3.72524666786, 0.484165251255, -0.173895314336], [160.621307373, -124.820022583, -17.6754608154, 32.041809082, 8.83750152588, 26.2704658508, 32.3706016541, 21.640335083, 35.0102233887, 105.766098022, 19.8195285797, 6.92674016953, -18.0582485199], [-91.2711639404, 95.2486419678, 7.06611251831, 11.202586174, 18.2649555206, 8.53133773804, -11.1674289703, -10.9171581268, 3.72524666786, 19.8195285797, 97.1973419189, 19.3290500641, 10.5373497009], [156.162796021, -122.27645874, 10.1346616745, 20.829826355, 18.7919406891, 9.7847442627, 12.4132452011, 1.55888354778, 0.484165251255, 6.92674016953, 19.3290500641, 114.939743042, 28.329574585], [-71.4200820923, 97.0787353516, -59.7512168884, 17.1506748199, 38.8296546936, -10.045091629, 22.8270645142, 7.24859523773, -0.173895314336, -18.0582485199, 10.5373497009, 28.329574585, 97.586517334]], "icov": [[0.000223853465286, 0.000150390784256, 0.000269445969025, 6.14805103396e-05, 0.000146168196807, -0.000153681874508, 0.000332814088324, -0.000276855425909, -7.30292740627e-05, -0.000120035438158, 9.79698452284e-05, -0.000249903067015, 7.67563833506e-05], [0.000150390784256, 0.00213810778223, 4.63158467028e-05, 0.00122620211914, -0.000984406913631, 0.000721396820154, -0.000633525138255, 0.00124594510999, -0.00169901433401, 0.00235846755095, -0.00268093449995, 0.00274370587431, -0.00175607798155], [0.000269445969025, 4.63158467028e-05, 0.00158608576749, 0.000189327343833, 0.000167420555954, -0.000943288614508, 0.0012317703804, 0.000333858712111, -0.000351939292159, -0.00014763083891, 0.000424783065682, -0.000828682561405, 0.000779103545938], [6.14805103396e-05, 0.00122620211914, 0.000189327343833, 0.0044563584961, -0.000986649421975, 0.000200342590688, -0.00109651987441, 0.000706705206539, -0.00175161787774, 0.000882878201082, -0.00176959938835, 0.00120287889149, -0.00122275413014], [0.000146168196807, -0.000984406913631, 0.000167420555954, -0.000986649421975, 0.00527025293559, -0.000156224399689, -0.00124570180196, -0.00120434584096, 0.000245922594331, -0.000897476740647, 0.000485578348162, -0.0017910747556, -6.82130121277e-05], [-0.000153681874508, 0.000721396820154, -0.000943288614508, 0.000200342590688, -0.000156224399689, 0.00623728893697, -0.00227006780915, 2.09643021662e-05, 0.000412562541896, 9.24978594412e-05, -0.00180824310519, 0.00113994209096, -0.000327068846673], [0.000332814088324, -0.000633525138255, 0.0012317703804, -0.00109651987441, -0.00124570180196, -0.00227006780915, 0.00792076718062, -0.00246374774724, 0.000393320719013, -0.00248540425673, 0.00287529267371, -0.00184027699288, 0.000177461930434], [-0.000276855425909, 0.00124594510999, 0.000333858712111, 0.000706705206539, -0.00120434584096, 2.09643021662e-05, -0.00246374774724, 0.0108328424394, -0.00406065164134, 0.00148398638703, -0.000876290316228, 0.00228069233708, -0.00140893296339], [-7.30292740627e-05, -0.00169901433401, -0.000351939292159, -0.00175161787774, 0.000245922594331, 0.000412562541896, 0.000393320719013, -0.00406065164134, 0.0125960111618, -0.00506100803614, 0.00210723257624, -0.0018393517239, 0.00127565464936], [-0.000120035438158, 0.00235846755095, -0.00014763083891, 0.000882878201082, -0.000897476740647, 9.24978594412e-05, -0.00248540425673, 0.00148398638703, -0.00506100803614, 0.0154090337455, -0.00607292773202, 0.00281975488178, 0.000837745436002], [9.79698452284e-05, -0.00268093449995, 0.000424783065682, -0.00176959938835, 0.000485578348162, -0.00180824310519, 0.00287529267371, -0.000876290316228, 0.00210723257624, -0.00607292773202, 0.0156046878546, -0.00546534918249, 0.0011045319261], [-0.000249903067015, 0.00274370587431, -0.000828682561405, 0.00120287889149, -0.0017910747556, 0.00113994209096, -0.00184027699288, 0.00228069233708, -0.0018393517239, 0.00281975488178, -0.00546534918249, 0.0143109392375, -0.00558588607237], [7.67563833506e-05, -0.00175607798155, 0.000779103545938, -0.00122275413014, -6.82130121277e-05, -0.000327068846673, 0.000177461930434, -0.00140893296339, 0.00127565464936, 0.000837745436002, 0.0011045319261, -0.00558588607237, 0.0144586088136]], "mean": [-21.1730728149, 110.674369812, -94.2705383301, 33.7603263855, -55.4710731506, 10.0350227356, -37.5367622375, 4.09421777725, -24.4810314178, -1.82564353943, -10.6277561188, -1.07459294796, -8.16945838928]}, "melbands_spread": {"min": 0.341299146414, "max": 196.168716431, "dvar2": 182.375762939, "median": 9.98566436768, "dmean2": 7.05757665634, "dmean": 4.52331209183, "var": 326.957580566, "dvar": 83.9927368164, "mean": 16.7796058655}, "spectral_energy": {"min": 1.28947041933e-09, "max": 0.228210255504, "dvar2": 0.000416515715187, "median": 0.0253122486174, "dmean2": 0.0135476794094, "dmean": 0.00852820277214, "var": 0.000479144888232, "dvar": 0.000180500894203, "mean": 0.0294002369046}, "mfcc": {"cov": [[7125.13867188, -1187.89526367, -1004.78735352, 36.2615737915, -266.358459473, -169.48147583, -114.918243408, 73.3845367432, 77.8805618286, 105.90901947, 4.50097513199, 100.374908447, 153.725204468], [-1187.89526367, 1366.25280762, 0.456315726042, -77.6854858398, 102.391159058, -93.6242141724, -10.4678525925, -55.7980384827, -53.6923484802, -39.231262207, -56.6776390076, -38.4175720215, -39.2209815979], [-1004.78735352, 0.456315726042, 916.003662109, -136.082733154, 104.530235291, 59.8385772705, -80.8033752441, -49.742515564, -143.519622803, 13.2024040222, -33.6121292114, -19.1169681549, -73.8240356445], [36.2615737915, -77.6854858398, -136.082733154, 258.773681641, 14.1674575806, 9.29948139191, 20.12200737, 22.3012123108, 55.0343589783, -0.063144877553, 8.57515525818, 23.0895519257, 40.0625534058], [-266.358459473, 102.391159058, 104.530235291, 14.1674575806, 186.661483765, 15.587439537, -2.23982000351, 2.7980260849, -19.6569213867, -0.442285299301, -22.4956645966, 13.8308982849, 5.60163116455], [-169.48147583, -93.6242141724, 59.8385772705, 9.29948139191, 15.587439537, 166.125152588, 57.4615936279, 22.199224472, 21.0094585419, -5.15812540054, 33.8949241638, 9.41050434113, 8.93815612793], [-114.918243408, -10.4678525925, -80.8033752441, 20.12200737, -2.23982000351, 57.4615936279, 164.509170532, 37.3381195068, 52.720287323, -7.34714603424, 30.5694694519, 6.22533845901, 18.7206077576], [73.3845367432, -55.7980384827, -49.742515564, 22.3012123108, 2.7980260849, 22.199224472, 37.3381195068, 122.558242798, 56.3091659546, -1.26852619648, -0.372371226549, 16.1911525726, 17.6254806519], [77.8805618286, -53.6923484802, -143.519622803, 55.0343589783, -19.6569213867, 21.0094585419, 52.720287323, 56.3091659546, 167.040145874, 23.9004230499, 31.542257309, 4.24320411682, 21.6429443359], [105.90901947, -39.231262207, 13.2024040222, -0.063144877553, -0.442285299301, -5.15812540054, -7.34714603424, -1.26852619648, 23.9004230499, 118.403556824, 39.796333313, 5.47944402695, -15.4063940048], [4.50097513199, -56.6776390076, -33.6121292114, 8.57515525818, -22.4956645966, 33.8949241638, 30.5694694519, -0.372371226549, 31.542257309, 39.796333313, 127.779335022, 29.7555789948, 0.80200278759], [100.374908447, -38.4175720215, -19.1169681549, 23.0895519257, 13.8308982849, 9.41050434113, 6.22533845901, 16.1911525726, 4.24320411682, 5.47944402695, 29.7555789948, 95.8185577393, 40.9158821106], [153.725204468, -39.2209815979, -73.8240356445, 40.0625534058, 5.60163116455, 8.93815612793, 18.7206077576, 17.6254806519, 21.6429443359, -15.4063940048, 0.80200278759, 40.9158821106, 100.744483948]], "icov": [[0.000234113380429, 0.00021026415925, 0.000291838601697, 0.000170535044163, 8.27898693387e-05, 0.000131182809127, 0.000212738974369, -6.79903241689e-05, 0.000136637710966, -0.000252118537901, 0.000155245914357, -0.000129850493977, -0.000189621277968], [0.00021026415925, 0.00104898284189, 0.000358084769687, 0.000408344756579, -0.000526614428964, 0.000613752403297, -3.30893017235e-05, 0.000255244289292, 0.000136251925142, 5.39426473551e-05, 0.000218994362513, 3.36504672305e-05, 8.74449324328e-05], [0.000291838601697, 0.000358084769687, 0.00196665129624, 0.000790316844359, -0.000697766256053, -0.000742256292142, 0.000829142634757, -2.02702885872e-05, 0.00110755045898, -0.000646322790999, 0.00046340742847, -0.000216097367229, 0.000522368762176], [0.000170535044163, 0.000408344756579, 0.000790316844359, 0.00479407934472, -0.000782073359005, -5.02659349877e-05, 0.000323613552609, 0.000122883124277, -0.000961613317486, -9.17182478588e-05, 0.000251881137956, -0.000512728933245, -0.00106344907545], [8.27898693387e-05, -0.000526614428964, -0.000697766256053, -0.000782073359005, 0.00660446379334, -0.000716443697456, -0.000136298549478, -0.000365113548469, 0.000405567378039, -0.000758084584959, 0.00145929085556, -0.00130482728127, -0.000430849380791], [0.000131182809127, 0.000613752403297, -0.000742256292142, -5.02659349877e-05, -0.000716443697456, 0.00823893398046, -0.00240262178704, -0.000639001082163, -0.000350723072188, 0.00102075736504, -0.00196334486827, 0.000310040573822, -0.000496872758958], [0.000212738974369, -3.30893017235e-05, 0.000829142634757, 0.000323613552609, -0.000136298549478, -0.00240262178704, 0.00846719555557, -0.00142179173417, -0.00116762204561, 0.000643106177449, -0.00128074968234, 0.000565341731999, -0.000832736492157], [-6.79903241689e-05, 0.000255244289292, -2.02702885872e-05, 0.000122883124277, -0.000365113548469, -0.000639001082163, -0.00142179173417, 0.0106468871236, -0.00340370344929, 0.000352963397745, 0.0017601812724, -0.00194360280875, 0.000178441085154], [0.000136637710966, 0.000136251925142, 0.00110755045898, -0.000961613317486, 0.000405567378039, -0.000350723072188, -0.00116762204561, -0.00340370344929, 0.00946626532823, -0.00204357597977, -0.00120486551896, 0.00153235043399, -0.00109933433123], [-0.000252118537901, 5.39426473551e-05, -0.000646322790999, -9.17182478588e-05, -0.000758084584959, 0.00102075736504, 0.000643106177449, 0.000352963397745, -0.00204357597977, 0.0106861600652, -0.00348508940078, -0.000166154452018, 0.00190732930787], [0.000155245914357, 0.000218994362513, 0.00046340742847, 0.000251881137956, 0.00145929085556, -0.00196334486827, -0.00128074968234, 0.0017601812724, -0.00120486551896, -0.00348508940078, 0.0114643033594, -0.00420277565718, 0.00145238975529], [-0.000129850493977, 3.36504672305e-05, -0.000216097367229, -0.000512728933245, -0.00130482728127, 0.000310040573822, 0.000565341731999, -0.00194360280875, 0.00153235043399, -0.000166154452018, -0.00420277565718, 0.0148451514542, -0.00581347709522], [-0.000189621277968, 8.74449324328e-05, 0.000522368762176, -0.00106344907545, -0.000430849380791, -0.000496872758958, -0.000832736492157, 0.000178441085154, -0.00109933433123, 0.00190732930787, 0.00145238975529, -0.00581347709522, 0.0141240740195]], "mean": [-670.896789551, 139.281463623, 19.3411941528, 27.8681812286, 7.82362318039, 4.72415924072, 1.39260816574, 2.3162958622, -5.1259303093, -1.34448111057, -2.72319364548, -0.499243855476, -2.457010746]}, "spectral_contrast_valleys": {"min": [-15.5789432526, -15.7635116577, -16.8447608948, -17.2786273956, -17.4399776459, -18.5205192566], "max": [-4.98294782639, -4.81909036636, -5.02432012558, -5.58256483078, -5.39480209351, -7.31890630722], "dvar2": [0.241105526686, 0.170613482594, 0.189221277833, 0.209068968892, 0.22934037447, 0.273638814688], "median": [-6.79420280457, -6.7802324295, -7.75597000122, -8.30663299561, -8.19191551208, -10.5878982544], "dmean2": [0.560255050659, 0.5032325387, 0.497279554605, 0.452293217182, 0.397205859423, 0.348353087902], "dmean": [0.337990045547, 0.31051659584, 0.311627477407, 0.289129376411, 0.268539816141, 0.258813410997], "var": [0.676884591579, 0.741804420948, 0.849170923233, 1.0905264616, 1.28374969959, 1.36029911041], "dvar": [0.0976026952267, 0.0691758543253, 0.0795067474246, 0.0925604701042, 0.108665719628, 0.14998690784], "mean": [-6.97218561172, -6.87636852264, -7.80462646484, -8.3983669281, -8.20718288422, -10.6583461761]}, "barkbands_flatness_db": {"min": 0.0233258921653, "max": 0.454148352146, "dvar2": 0.000890102644917, "median": 0.165443241596, "dmean2": 0.0297468230128, "dmean": 0.0197162888944, "var": 0.00413304148242, "dvar": 0.000426035112469, "mean": 0.16757273674}, "dynamic_complexity": 3.2595000267, "erbbands_flatness_db": {"min": 0.0380078703165, "max": 0.384259849787, "dvar2": 0.000637763820123, "median": 0.163749992847, "dmean2": 0.0241516418755, "dmean": 0.0164680015296, "var": 0.001879295567