{"lowlevel": {"spectral_complexity": {"min": 0, "max": 63, "dvar2": 75.502281189, "median": 16, "dmean2": 7.6021604538, "dmean": 5.26011657715, "var": 207.814666748, "dvar": 40.8480529785, "mean": 19.2144870758}, "silence_rate_20dB": {"min": 1, "max": 1, "dvar2": 0, "median": 1, "dmean2": 0, "dmean": 0, "var": 0, "dvar": 0, "mean": 1}, "average_loudness": 0.870445013046, "erbbands_spread": {"min": 0.843684732914, "max": 165.263626099, "dvar2": 396.153961182, "median": 49.0226173401, "dmean2": 19.0404376984, "dmean": 12.2183427811, "var": 504.100372314, "dvar": 174.153564453, "mean": 51.1751556396}, "spectral_kurtosis": {"min": -1.12360453606, "max": 16.3772563934, "dvar2": 2.0734307766, "median": 2.41461849213, "dmean2": 1.38424050808, "dmean": 0.848085820675, "var": 2.20218443871, "dvar": 0.795122921467, "mean": 2.64399385452}, "barkbands_kurtosis": {"min": -1.95903921127, "max": 591.039123535, "dvar2": 396.616912842, "median": 0.859374046326, "dmean2": 7.97719955444, "dmean": 5.19478368759, "var": 438.523498535, "dvar": 170.867416382, "mean": 6.75423002243}, "spectral_strongpeak": {"min": 0, "max": 18.0960712433, "dvar2": 1.7107026577, "median": 0.314198881388, "dmean2": 0.715074419975, "dmean": 0.420354068279, "var": 0.80133831501, "dvar": 0.646603643894, "mean": 0.603241562843}, "spectral_spread": {"min": 2119862, "max": 16972258, "dvar2": 2267500511230.0, "median": 5271804, "dmean2": 1219949.625, "dmean": 850147.125, "var": 3735675207680.0, "dvar": 1135253913600.0, "mean": 5811073.5}, "spectral_rms": {"min": 1.07253174519e-06, "max": 0.0127660129219, "dvar2": 2.40644044425e-06, "median": 0.00413265731186, "dmean2": 0.00142661680002, "dmean": 0.000995552400127, "var": 7.00712644175e-06, "dvar": 1.33262267354e-06, "mean": 0.00441310741007}, "erbbands": {"min": [1.73765872802e-08, 4.17025454169e-08, 6.32470644746e-08, 8.18098300215e-08, 1.02827172554e-07, 1.04918420618e-07, 1.11440435546e-07, 2.2300785929e-07, 2.47455687941e-07, 2.01200222705e-07, 1.58235792469e-07, 4.52230075609e-08, 9.88920305645e-08, 1.16689825802e-07, 9.88541657421e-08, 3.7007703213e-07, 4.54130173466e-07, 5.42799284631e-07, 3.66966702359e-07, 1.42281101034e-06, 5.21618915172e-07, 3.54880768327e-07, 2.64455877641e-07, 2.06453592e-07, 7.53244080443e-08, 1.58002862349e-07, 1.71298324858e-07, 2.0768760578e-07, 2.03561839385e-07, 2.24358160494e-07, 8.50460750712e-08, 1.09641320023e-07, 4.19049932532e-08, 3.8559313964e-08, 5.43922347163e-08, 2.91322823642e-08, 1.48574175185e-08, 3.49812125933e-08, 2.76809264399e-09, 2.96556695867e-10], "max": [6.07933855057, 30.1258621216, 114.372718811, 100.059928894, 99.8826751709, 152.747085571, 506.894348145, 364.307434082, 438.954315186, 1247.49035645, 923.036254883, 1567.12304688, 1235.12866211, 851.220581055, 1570.73669434, 787.355163574, 1196.20654297, 1723.39697266, 1127.25170898, 1324.35656738, 609.674621582, 949.286987305, 610.650390625, 686.156433105, 1168.39978027, 649.632751465, 835.335998535, 976.882995605, 291.15145874, 315.545410156, 272.144866943, 740.710876465, 390.832214355, 208.79699707, 89.7882156372, 24.1534996033, 5.22481441498, 0.737710297108, 0.0743386670947, 0.00362222036347], "dvar2": [0.37171214819, 15.5700759888, 280.220397949, 150.84703064, 56.872718811, 158.47605896, 615.785583496, 1205.67724609, 602.624511719, 2606.01367188, 4860.32763672, 5488.43554688, 4330.93359375, 2576.29077148, 2982.5378418, 1718.84741211, 3459.02490234, 4658.26123047, 2593.17456055, 2593.45629883, 1100.63781738, 1755.26513672, 1078.09753418, 1157.63244629, 2052.25537109, 1181.11376953, 2069.86206055, 2570.89428711, 361.438751221, 262.593109131, 269.39553833, 335.210357666, 88.9713058472, 51.981967926, 33.229385376, 7.05191040039, 0.357493430376, 0.0114265149459, 0.00027455133386, 8.6909261654e-07], "median": [0.0388759449124, 0.397478938103, 1.32024693489, 1.27086389065, 1.91599953175, 2.87504410744, 3.48644256592, 4.82770490646, 3.94936108589, 5.30991315842, 7.15583848953, 6.28566551208, 6.41990232468, 5.20805358887, 4.34541416168, 5.24004888535, 5.63445472717, 7.31980895996, 7.58238458633, 7.31553888321, 7.23356246948, 6.95176839828, 6.72878456116, 6.610435009, 7.28044223785, 9.16678619385, 11.3263788223, 10.0838336945, 4.34749794006, 2.96026539803, 1.95815813541, 1.3020734787, 0.627042174339, 0.418165206909, 0.29877653718, 0.0924918055534, 0.022023525089, 0.00418666983023, 0.000372221344151, 4.69253354822e-05], "dmean2": [0.29032087326, 2.13831019402, 7.53884601593, 6.48239946365, 4.6060051918, 7.40473031998, 12.1749696732, 16.2624988556, 11.0313682556, 19.0932483673, 27.9440155029, 27.3171863556, 22.575050354, 19.9953746796, 15.2787542343, 15.8909463882, 19.5502948761, 23.0055084229, 18.6589584351, 19.6773872375, 17.5866985321, 18.181728363, 16.6130409241, 17.2903862, 17.697013855, 18.3484745026, 23.5392856598, 24.3968925476, 9.74663925171, 7.62563085556, 6.92580318451, 5.53937339783, 3.23400759697, 3.47146058083, 2.93679237366, 1.40479254723, 0.315846323967, 0.0564250051975, 0.00849963538349, 0.000495023676194], "dmean": [0.202248439193, 1.30704462528, 4.5309138298, 3.89588832855, 2.82990193367, 4.49369573593, 7.11169862747, 9.43066692352, 6.74504947662, 11.721364975, 17.2814407349, 17.0768108368, 14.4951143265, 12.8672304153, 9.75982952118, 10.159160614, 12.2596740723, 14.2029561996, 11.9851226807, 12.1396017075, 10.7293119431, 11.166683197, 10.3474330902, 10.942940712, 11.1398944855, 11.8271684647, 15.3828058243, 15.5542135239, 6.43010759354, 5.06980085373, 4.69319629669, 3.74902939796, 2.19453907013, 2.20849132538, 1.84550070763, 0.876947700977, 0.200346052647, 0.0361148416996, 0.00539299333468, 0.000312831019983], "var": [0.516660273075, 11.2269268036, 115.440216064, 67.9388275146, 33.7214202881, 88.0582504272, 242.103622437, 409.51739502, 354.210235596, 1315.49853516, 2842.30664062, 4220.36474609, 3019.04394531, 2074.68237305, 1589.73327637, 1046.74853516, 1714.90368652, 2138.20776367, 1481.86767578, 1473.39172363, 695.546447754, 859.947814941, 799.945800781, 927.035949707, 1072.85534668, 949.018371582, 1739.37097168, 1722.41992188, 306.953796387, 206.01789856, 218.249572754, 386.635742188, 96.0126037598, 38.3989334106, 19.4535598755, 3.12424731255, 0.149515554309, 0.00463119428605, 0.000105091894511, 3.45711441696e-07], "dvar": [0.219995468855, 6.27555608749, 110.067443848, 58.5741920471, 22.305688858, 61.8865737915, 236.013336182, 445.025665283, 236.503448486, 1059.29858398, 2083.47729492, 2511.82958984, 1851.90600586, 1147.58337402, 1257.78356934, 696.778869629, 1386.4029541, 1846.55712891, 1053.76599121, 1013.15185547, 438.853271484, 669.286499023, 446.992034912, 487.61114502, 830.447937012, 530.851928711, 911.010559082, 1120.49841309, 165.265106201, 120.967849731, 124.721046448, 158.887496948, 43.9747200012, 23.5383148193, 14.2037668228, 2.94199323654, 0.148298829794, 0.00476379273459, 0.000113383262942, 3.60569600844e-07], "mean": [0.312801986933, 1.81977236271, 5.57760715485, 4.70282411575, 4.194835186, 6.16679906845, 8.14266204834, 11.1094064713, 9.94038009644, 15.4922094345, 22.9998607635, 23.1324424744, 21.1399116516, 19.1242141724, 14.0474967957, 14.6770439148, 17.2704486847, 20.4551029205, 18.809211731, 19.1801433563, 16.8789596558, 17.0272026062, 17.1078548431, 18.2313632965, 17.8729953766, 20.1540775299, 27.2113876343, 24.5261955261, 10.9561624527, 7.9266705513, 6.76490926743, 5.59723520279, 3.01683187485, 2.48413324356, 1.94140553474, 0.829217493534, 0.188868463039, 0.0332361906767, 0.00472387857735, 0.000296953163343]}, "zerocrossingrate": {"min": 0.00244140625, "max": 0.41552734375, "dvar2": 0.0006207623519, "median": 0.08203125, "dmean2": 0.0239313486964, "dmean": 0.0211175773293, "var": 0.00337823503651, "dvar": 0.000499989604577, "mean": 0.0928376913071}, "spectral_contrast_coeffs": {"min": [-0.952509820461, -0.948305308819, -0.946801483631, -0.934133410454, -0.935766458511, -0.894096255302], "max": [-0.263260006905, -0.416201710701, -0.435539007187, -0.54071366787, -0.520130574703, -0.558862328529], "dvar2": [0.00514071760699, 0.00503768119961, 0.00289472308941, 0.0017968500033, 0.00106883631088, 0.000911445647944], "median": [-0.690191090107, -0.753655910492, -0.800119042397, -0.799327194691, -0.804633975029, -0.734497249126], "dmean2": [0.088720291853, 0.0860803872347, 0.0674526244402, 0.0520138330758, 0.0382751226425, 0.0343613661826], "dmean": [0.0547466091812, 0.0522478818893, 0.0420793667436, 0.0321779809892, 0.0238244272768, 0.0224546976388], "var": [0.00901961978525, 0.00679962895811, 0.00470116920769, 0.00258942646906, 0.00176819053013, 0.00259787891991], "dvar": [0.00207046070136, 0.00194568419829, 0.00122129567899, 0.000759254326113, 0.000470746686915, 0.000442079181084], "mean": [-0.688954114914, -0.740516781807, -0.78776627779, -0.790403544903, -0.798455834389, -0.737869024277]}, "dissonance": {"min": 0.117517441511, "max": 0.500000119209, "dvar2": 0.000729205086827, "median": 0.481726318598, "dmean2": 0.0239996071905, "dmean": 0.014540550299, "var": 0.000783957249951, "dvar": 0.000282424822217, "mean": 0.474265754223}, "spectral_energyband_high": {"min": 6.64118343652e-11, "max": 0.0529191046953, "dvar2": 1.00506431409e-05, "median": 0.00091879273532, "dmean2": 0.00182665907778, "dmean": 0.00126382987946, "var": 1.03520778794e-05, "dvar": 4.88740442961e-06, "mean": 0.00211578560993}, "spectral_skewness": {"min": -0.342276632786, "max": 3.71603631973, "dvar2": 0.0608809106052, "median": 1.18291532993, "dmean2": 0.260769724846, "dmean": 0.166716516018, "var": 0.112306810915, "dvar": 0.0265594627708, "mean": 1.20991790295}, "spectral_flux": {"min": 6.17911646259e-05, "max": 0.336935907602, "dvar2": 0.00311015010811, "median": 0.0827447846532, "dmean2": 0.0474903807044, "dmean": 0.0300726741552, "var": 0.00325910607353, "dvar": 0.00130786036607, "mean": 0.0896781980991}, "silence_rate_30dB": {"min": 0, "max": 1, "dvar2": 0.0569673925638, "median": 1, "dmean2": 0.0504158437252, "dmean": 0.0252057611942, "var": 0.0249771215022, "dvar": 0.0245732441545, "mean": 0.97436773777}, "spectral_energyband_middle_high": {"min": 7.86348347548e-11, "max": 0.063557676971, "dvar2": 1.66126974364e-05, "median": 0.00206094956957, "dmean2": 0.00250356574543, "dmean": 0.00170322868507, "var": 2.66574370471e-05, "dvar": 8.35535047372e-06, "mean": 0.00388800818473}, "barkbands_spread": {"min": 0.37323564291, "max": 129.885604858, "dvar2": 308.389648438, "median": 30.0848560333, "dmean2": 15.7655067444, "dmean": 10.2878017426, "var": 369.3828125, "dvar": 138.756820679, "mean": 31.9066066742}, "spectral_centroid": {"min": 195.148086548, "max": 6632.91503906, "dvar2": 345911.6875, "median": 1902.86938477, "dmean2": 586.569458008, "dmean": 385.541381836, "var": 738978.4375, "dvar": 170219.90625, "mean": 1929.2421875}, "pitch_salience": {"min": 0.0363906957209, "max": 0.878040611744, "dvar2": 0.0190406758338, "median": 0.542319953442, "dmean2": 0.153978124261, "dmean": 0.0934956222773, "var": 0.0208035632968, "dvar": 0.00741764204577, "mean": 0.534957945347}, "erbbands_skewness": {"min": -5.02601051331, "max": 14.3410339355, "dvar2": 0.407311886549, "median": -0.0145866125822, "dmean2": 0.631587803364, "dmean": 0.414227694273, "var": 1.0803245306, "dvar": 0.187905400991, "mean": 0.0730509907007}, "erbbands_crest": {"min": 2.09203076363, "max": 31.8299751282, "dvar2": 16.2698459625, "median": 6.2058506012, "dmean2": 4.03117465973, "dmean": 2.47234678268, "var": 20.1424064636, "dvar": 6.6875910759, "mean": 7.64738416672}, "melbands": {"min": [1.46707368476e-10, 4.01026711838e-11, 1.49217218443e-11, 7.7280725222e-12, 3.98357735687e-12, 4.99175050253e-12, 3.50340156191e-12, 2.30615396571e-12, 1.06674630067e-12, 2.37131874466e-13, 5.02765851954e-13, 4.83151496242e-13, 2.70674487598e-13, 7.49457624866e-13, 1.09916492141e-12, 9.7912726104e-13, 1.02081483457e-12, 4.25309256129e-13, 1.4685151966e-12, 1.63843775786e-12, 4.0639502397e-13, 2.49110709274e-13, 5.62781917422e-13, 9.60559892261e-14, 1.80785941772e-13, 4.68942816707e-14, 7.23107283686e-14, 1.10552971671e-13, 1.27463483019e-13, 7.43853221206e-14, 1.40873979691e-13, 1.0422000448e-13, 1.57368177734e-13, 1.04379829433e-13, 5.00680937953e-14, 4.50743229633e-14, 7.56616313656e-14, 2.28891697398e-14, 3.11459367954e-14, 2.84396055425e-14], "max": [0.0476989634335, 0.0462253130972, 0.0152496378869, 0.0068084015511, 0.013437830843, 0.00745707098395, 0.00878582615405, 0.011902728118, 0.00926137715578, 0.00940634123981, 0.00663390941918, 0.00367706827819, 0.00413211202249, 0.00213167606853, 0.00225294055417, 0.00492175668478, 0.00393720157444, 0.00270163221285, 0.00255942018703, 0.00116227276158, 0.000568079820368, 0.00111659127288, 0.00069801765494, 0.00054036459187, 0.000650999834761, 0.000900876591913, 0.000544569280464, 0.000479907495901, 0.000515386112966, 0.000497130327858, 0.000589431030676, 0.000201439295779, 0.000141183380038, 0.000212288636249, 0.000139590061735, 0.000396524061216, 0.000466284313006, 0.000351091381162, 0.000176682151505, 0.000198443507543], "dvar2": [2.72160032182e-05, 4.1827232053e-05, 3.66375456906e-06, 4.39898087734e-07, 5.77607238483e-07, 5.52376604901e-07, 1.67078354707e-07, 3.46019874087e-07, 3.35066545176e-07, 2.12279786638e-07, 1.13837913318e-07, 5.05639867754e-08, 3.57877141255e-08, 1.18653131764e-08, 1.74769230199e-08, 2.32107382203e-08, 2.23837002267e-08, 9.5662811006e-09, 8.5384987969e-09, 3.75516018281e-09, 1.71377900759e-09, 2.53417331564e-09, 1.75332381946e-09, 8.67716731801e-10, 9.54160417344e-10, 1.31171362661e-09, 8.45900793855e-10, 6.12400630207e-10, 9.3059854267e-10, 1.31405253345e-09, 7.22381099383e-10, 1.38011060913e-10, 9.20186912778e-11, 9.26702256598e-11, 7.51963213919e-11, 2.04514946645e-10, 1.35468969376e-10, 7.83848333463e-11, 2.54734618815e-11, 4.57979730528e-11], "median": [0.000401540892199, 0.000675506656989, 0.000257140956819, 0.000188796824659, 0.000132267567096, 0.00010980280058, 5.70750453335e-05, 5.9915240854e-05, 5.46131959709e-05, 3.58368524758e-05, 2.8853497497e-05, 1.98583074962e-05, 1.34184729177e-05, 1.22587389342e-05, 1.33711391754e-05, 1.02390513348e-05, 1.28111923914e-05, 1.15176208055e-05, 9.52246955421e-06, 8.48245599627e-06, 7.3575370152e-06, 6.78667174725e-06, 6.69979317536e-06, 5.02173270434e-06, 5.07380855197e-06, 4.70711393064e-06, 5.20535922988e-06, 5.94214634475e-06, 6.23748246653e-06, 7.78971934778e-06, 4.565818017e-06, 2.39173687078e-06, 1.74545778009e-06, 1.50000926169e-06, 1.08503809315e-06, 9.18945033845e-07, 6.81000528857e-07, 4.26852693636e-07, 3.40203314408e-07, 3.4207496924e-07], "dmean2": [0.00259704259224, 0.00313115189783, 0.00103597401176, 0.000412731082179, 0.000400698481826, 0.000353371171514, 0.000169481238117, 0.000235016166698, 0.000227072669077, 0.000166296900716, 0.000113534180855, 8.55555554153e-05, 5.34976643394e-05, 4.08117484767e-05, 4.97842629557e-05, 4.14724636357e-05, 4.73702239105e-05, 3.19170903822e-05, 3.17118719977e-05, 2.54867682088e-05, 2.17539272853e-05, 2.06596014323e-05, 1.90197297343e-05, 1.51913127411e-05, 1.50362120621e-05, 1.39793755807e-05, 1.33246867335e-05, 1.30532371259e-05, 1.48128492583e-05, 1.86988636415e-05, 1.25395708892e-05, 6.03743728789e-06, 4.55061490356e-06, 4.42488226327e-06, 3.83542237614e-06, 4.92503841087e-06, 3.06611605083e-06, 2.50384209721e-06, 2.4854809908e-06, 3.10622158395e-06], "dmean": [0.00169450498652, 0.00192332186271, 0.000632696493994, 0.000252675294178, 0.000236703781411, 0.000204992247745, 0.00010399450548, 0.000145074998727, 0.000140342875966, 0.000104167367681, 7.27772421669e-05, 5.48709467694e-05, 3.39875732607e-05, 2.56660387095e-05, 3.1618441426e-05, 2.57930241787e-05, 2.90961324936e-05, 2.02561932383e-05, 1.98235247808e-05, 1.54723184096e-05, 1.31225688165e-05, 1.24455218611e-05, 1.17880654216e-05, 9.31991598918e-06, 9.47226544668e-06, 8.64020421432e-06, 8.38167852635e-06, 8.30585577205e-06, 9.50520006882e-06, 1.19468804769e-05, 7.93983053882e-06, 3.8439270611e-06, 3.02866988022e-06, 2.88210026156e-06, 2.54856672655e-06, 3.2207960885e-06, 2.09708173315e-06, 1.6551941826e-06, 1.60058016263e-06, 1.9398760287e-06], "var": [3.03779870592e-05, 2.17835695366e-05, 1.84072212051e-06, 2.7770994393e-07, 2.48321526897e-07, 1.91853402498e-07, 9.59272909995e-08, 1.98381570726e-07, 1.91400658878e-07, 1.61845647995e-07, 7.90821275132e-08, 3.85887624077e-08, 2.05618650995e-08, 5.8108740042e-09, 9.45854239376e-09, 1.03807193952e-08, 9.48784162347e-09, 4.73568961823e-09, 4.27606394737e-09, 2.18051177114e-09, 9.79366143739e-10, 1.01510766459e-09, 1.14883258462e-09, 5.52115742014e-10, 7.06423697316e-10, 6.90986823315e-10, 4.83062478907e-10, 4.52926529615e-10, 6.72897182419e-10, 9.55796997104e-10, 4.64683347356e-10, 1.0277986795e-10, 7.00673130627e-11, 6.82591205781e-11, 5.73065761511e-11, 1.46917977784e-10, 1.60857938081e-10, 6.34427996249e-11, 2.38200899977e-11, 2.95595076194e-11], "dvar": [1.38114855872e-05, 1.67340404005e-05, 1.45719036482e-06, 1.73171727624e-07, 2.2283526846e-07, 2.04229621659e-07, 6.62959394049e-08, 1.44800651469e-07, 1.41975959878e-07, 9.76949721121e-08, 4.91328542296e-08, 2.24398366555e-08, 1.52359831418e-08, 4.68719862923e-09, 6.96144342172e-09, 9.11395936498e-09, 8.79261463638e-09, 3.84840648238e-09, 3.39894512535e-09, 1.44928979928e-09, 6.7166910922e-10, 9.49383349713e-10, 7.05297209525e-10, 3.52642887114e-10, 3.97260085938e-10, 5.26409582591e-10, 3.45270673163e-10, 2.70713285122e-10, 3.96379179479e-10, 5.55265000646e-10, 3.17327331079e-10, 5.9687019216e-11, 4.21859908117e-11, 4.22806060996e-11, 3.46988930644e-11, 8.5951537554e-11, 6.68276198268e-11, 3.50306693375e-11, 1.25330431797e-11, 1.9941439125e-11], "mean": [0.00256233406253, 0.00271598063409, 0.000832817982882, 0.000379764678655, 0.000287284434307, 0.000245857489062, 0.000150566542288, 0.000191454208107, 0.000185289725778, 0.000138672810863, 0.000102758887806, 7.78338435339e-05, 4.77195098938e-05, 3.5358738387e-05, 4.26227634307e-05, 3.39860816894e-05, 3.95018905692e-05, 2.98339436995e-05, 2.85271380562e-05, 2.33919927268e-05, 1.90474529518e-05, 1.70403018274e-05, 1.79409780685e-05, 1.40185193231e-05, 1.49223251356e-05, 1.28618839881e-05, 1.28100791699e-05, 1.34041965794e-05, 1.58236798597e-05, 1.93606701941e-05, 1.18480993478e-05, 6.22774450676e-06, 4.74224543723e-06, 4.23596338806e-06, 3.62453192793e-06, 4.23087294621e-06, 3.15338616019e-06, 2.18707577915e-06, 1.88176193205e-06, 2.12085637941e-06]}, "spectral_entropy": {"min": 4.23001050949, "max": 8.91095638275, "dvar2": 0.070531912148, "median": 7.90968990326, "dmean2": 0.255818039179, "dmean": 0.174827829003, "var": 0.192232072353, "dvar": 0.0354917012155, "mean": 7.85389041901}, "spectral_rolloff": {"min": 21.533203125, "max": 13802.7832031, "dvar2": 7964260.5, "median": 1765.72265625, "dmean2": 1963.07348633, "dmean": 1181.10559082, "var": 7152739, "dvar": 3527781.5, "mean": 2609.03149414}, "barkbands": {"min": [2.87685458789e-10, 3.06932812499e-10, 5.16774539827e-11, 2.64160776586e-11, 3.28658975035e-11, 2.34702951518e-11, 1.37553406165e-11, 1.0268093667e-11, 1.61932847773e-12, 3.96970260483e-12, 2.03813918867e-12, 7.97733493846e-12, 9.98935135998e-12, 8.82093009746e-12, 1.63123074076e-11, 1.56339732826e-11, 6.49911244613e-12, 4.17726226873e-12, 2.2388861598e-12, 3.32845730144e-12, 4.78265560835e-12, 7.07696531585e-12, 3.14547671763e-12, 3.96372171196e-12, 5.31076614976e-12, 7.11979607215e-12, 3.41373387891e-11], "max": [0.00537392823026, 0.156258136034, 0.106257982552, 0.0269000157714, 0.0355050489306, 0.0620181672275, 0.0547856613994, 0.0482100583613, 0.0593312382698, 0.0446430407465, 0.0295514389873, 0.0173700079322, 0.0399198234081, 0.0368136204779, 0.0263827741146, 0.012431750074, 0.0158887580037, 0.0100424513221, 0.0173320919275, 0.0132713885978, 0.0179041996598, 0.00714652147144, 0.00895096454769, 0.0287851225585, 0.0144298356026, 0.00340404454619, 0.000396896182792], "dvar2": [4.00809227585e-07, 0.000307930720737, 0.000249705743045, 9.26148550207e-06, 9.08814854483e-06, 1.55102152348e-05, 5.71628197577e-06, 1.0032172213e-05, 9.67103278526e-06, 4.46656895292e-06, 1.91438721231e-06, 9.64558012129e-07, 1.99770011022e-06, 2.31630929193e-06, 1.15574391657e-06, 5.54397956876e-07, 6.08064567587e-07, 3.44242465644e-07, 6.987921779e-07, 5.35286062586e-07, 1.46579441207e-06, 2.69063804126e-07, 3.45017440395e-07, 4.02266351784e-07, 5.01034094214e-07, 1.97139925717e-07, 7.69958052871e-09], "median": [3.41498489433e-05, 0.00159614649601, 0.00106434407644, 0.000284762994852, 0.000841921253596, 0.000577046303079, 0.000244861817919, 0.000295512436423, 0.000239907283685, 0.00019186969439, 8.80019069882e-05, 0.000114192414912, 0.000100223318441, 0.000148303079186, 0.000116105671623, 0.000129298918182, 0.000117988529382, 0.000123304242152, 0.000132759043481, 0.000194651525817, 0.00029328445089, 0.000110668268462, 7.50717226765e-05, 4.83636140416e-05, 4.1020950448e-05, 1.46685179061e-05, 2.02012915906e-06], "dmean2": [0.000320153834764, 0.00923202559352, 0.00728582264856, 0.00164363021031, 0.00189855392091, 0.00186262337957, 0.000860249798279, 0.00134242593776, 0.00112624350004, 0.000753588567022, 0.000412045163102, 0.000397833995521, 0.000432467466453, 0.000474883883726, 0.00038666834007, 0.000357006967533, 0.000342484738212, 0.000315848476021, 0.000362101505743, 0.000393265130697, 0.000632900802884, 0.000260702479864, 0.000250442913966, 0.000202168841497, 0.000363682425814, 0.000235321305809, 4.59520779259e-05], "dmean": [0.000210056765354, 0.00588579848409, 0.00434565730393, 0.000975902657956, 0.00115702161565, 0.00107925327029, 0.000523346185219, 0.000831316283438, 0.000699815689586, 0.000485762808239, 0.000262779532932, 0.000250229262747, 0.000267321156571, 0.000293339428026, 0.000242469526711, 0.000216136642848, 0.000208012177609, 0.000197236877284, 0.00022730929777, 0.000254098471487, 0.000411538931075, 0.000170797924511, 0.000169064442161, 0.000140591480886, 0.000231782003539, 0.000147189115523, 2.92829863611e-05], "var": [3.879140138e-07, 0.00031210918678, 0.000102910969872, 4.06289291277e-06, 5.52305618839e-06, 5.47446234123e-06, 2.83636632048e-06, 6.54175028103e-06, 6.70257622915e-06, 3.32717036144e-06, 1.16536864425e-06, 5.62094612633e-07, 9.30591795623e-07, 1.03960212527e-06, 5.98748385983e-07, 3.35263706575e-07, 2.85378007447e-07, 2.62999833467e-07, 4.3271390382e-07, 4.36475829702e-07, 1.19319327041e-06, 2.13216182487e-07, 2.72064028195e-07, 5.82227869472e-07, 3.37167762154e-07, 8.13789355902e-08, 3.04091152259e-09], "dvar": [2.02339066391e-07, 0.000143848446896, 9.85646474874e-05, 3.44359659721e-06, 3.58579541171e-06, 5.75965896132e-06, 2.27390864893e-06, 4.43375029135e-06, 4.24746349381e-06, 2.00167619369e-06, 8.37581467295e-07, 3.86962369703e-07, 7.97426025656e-07, 9.19262106436e-07, 4.53230484254e-07, 2.17819348336e-07, 2.31223850733e-07, 1.43858287061e-07, 2.84661240357e-07, 2.42787450588e-07, 6.53416748264e-07, 1.20726454611e-07, 1.60333755161e-07, 2.12044156456e-07, 2.22800707661e-07, 8.15225860151e-08, 3.20792525876e-09], "mean": [0.000269933487289, 0.00884363427758, 0.00508059421554, 0.00115997018293, 0.0016824780032, 0.00128736544866, 0.000705587386619, 0.00108195620123, 0.000935966614634, 0.000693170935847, 0.000355791824404, 0.000340436265105, 0.000349304202246, 0.000416574737756, 0.000352811708581, 0.000328566384269, 0.000298285565805, 0.000316464545904, 0.00036241664202, 0.000428186322097, 0.000697603158187, 0.000284613342956, 0.000245962204644, 0.000212490631384, 0.000252435158473, 0.000136330607347, 2.58260261035e-05]}, "melbands_flatness_db": {"min": 0.0201321970671, "max": 0.530302762985, "dvar2": 0.00258734379895, "median": 0.16970063746, "dmean2": 0.0531234070659, "dmean": 0.0361400172114, "var": 0.0068874550052, "dvar": 0.00130440667272, "mean": 0.178632974625}, "melbands_skewness": {"min": -2.17883372307, "max": 19.1499729156, "dvar2": 4.17341470718, "median": 2.66183304787, "dmean2": 1.81018745899, "dmean": 1.17146074772, "var": 6.52243471146, "dvar": 1.88476717472, "mean": 3.37501764297}, "barkbands_skewness": {"min": -5.91129112244, "max": 19.6055641174, "dvar2": 1.75973665714, "median": 1.24477624893, "dmean2": 1.21149420738, "dmean": 0.816293299198, "var": 3.65179586411, "dvar": 0.870999157429, "mean": 1.67704701424}, "silence_rate_60dB": {"min": 0, "max": 1, "dvar2": 0.0935217812657, "median": 0, "dmean2": 0.0864271596074, "dmean": 0.0432098768651, "var": 0.124837003648, "dvar": 0.0413384102285, "mean": 0.146249458194}, "spectral_energyband_low": {"min": 6.36631247719e-10, "max": 0.161660581827, "dvar2": 0.000520960777067, "median": 0.00350255263038, "dmean2": 0.0131675032899, "dmean": 0.00840771477669, "var": 0.000580287596676, "dvar": 0.000240703651798, "mean": 0.0148413702846}, "spectral_energyband_middle_low": {"min": 1.09563448591e-10, "max": 0.071151137352, "dvar2": 6.63780592731e-05, "median": 0.00475699873641, "dmean2": 0.00564752658829, "dmean": 0.0035618240945, "var": 6.07304682489e-05, "dvar": 2.7246242098e-05, "mean": 0.00710267899558}, "melbands_kurtosis": {"min": -1.93941473961, "max": 597.811096191, "dvar2": 1973.12463379, "median": 8.54135322571, "dmean2": 24.0421581268, "dmean": 15.0978956223, "var": 1936.67089844, "dvar": 840.127258301, "mean": 24.7396221161}, "spectral_decrease": {"min": -4.39127489926e-08, "max": -2.86361298918e-16, "dvar2": 3.52044495282e-17, "median": -3.92419696738e-09, "dmean2": 4.22173096482e-09, "dmean": 2.79404477332e-09, "var": 5.34982700763e-17, "dvar": 1.73805866821e-17, "mean": -6.57585008668e-09}, "erbbands_kurtosis": {"min": -1.86110043526, "max": 329.645782471, "dvar2": 47.0156059265, "median": -0.554820299149, "dmean2": 1.89181578159, "dmean": 1.20772719383, "var": 99.16040802, "dvar": 21.4474067688, "mean": 0.664392411709}, "melbands_crest": {"min": 2.62093472481, "max": 34.051448822, "dvar2": 32.9336929321, "median": 15.1253442764, "dmean2": 6.79838275909, "dmean": 4.16556787491, "var": 40.8413696289, "dvar": 13.060918808, "mean": 15.5650119781}, "gfcc": {"cov": [[15003.0146484, 1879.9831543, 939.428771973, 1459.43798828, 120.325721741, 232.226593018, 491.178497314, -330.335784912, -602.245178223, -1372.83618164, -788.373779297, 232.73197937, 54.5340881348], [1879.9831543, 2276.73413086, 357.127563477, 694.186096191, 182.156188965, 56.8078918457, 369.099578857, -128.479141235, -15.0978145599, -402.304260254, -107.625656128, 28.3015766144, 52.0183372498], [939.428771973, 357.127563477, 1224.30493164, 318.622161865, 257.387786865, 96.432220459, 91.6953582764, -17.0084991455, -47.7906265259, -74.4665603638, -99.5760345459, -11.4709777832, -45.7351951599], [1459.43798828, 694.186096191, 318.622161865, 749.880493164, 186.8384552, 124.538215637, 188.26272583, -70.1362075806, -28.9415302277, -228.95324707, -91.1385040283, 35.7817306519, 30.175245285], [120.325721741, 182.156188965, 257.387786865, 186.8384552, 353.768676758, 102.454086304, 90.6087875366, 5.50651693344, 10.7152786255, -2.83639192581, -26.0813941956, 11.4062395096, -15.1508846283], [232.226593018, 56.8078918457, 96.432220459, 124.538215637, 102.454086304, 212.405090332, 90.9006118774, 14.5175542831, -4.60617256165, -34.1280937195, -4.1570057869, 5.35686683655, -2.08221530914], [491.178497314, 369.099578857, 91.6953582764, 188.26272583, 90.6087875366, 90.9006118774, 256.9296875, 32.7463226318, 27.3264846802, -74.129776001, -29.6169872284, 27.6401233673, 9.62065696716], [-330.335784912, -128.479141235, -17.0084991455, -70.1362075806, 5.50651693344, 14.5175542831, 32.7463226318, 134.898422241, 64.8463439941, 62.0871696472, 18.5102214813, -7.45555686951, -3.92601108551], [-602.245178223, -15.0978145599, -47.7906265259, -28.9415302277, 10.7152786255, -4.60617256165, 27.3264846802, 64.8463439941, 143.600463867, 99.3575744629, 49.4330024719, -17.3274250031, 3.33963942528], [-1372.83618164, -402.304260254, -74.4665603638, -228.95324707, -2.83639192581, -34.1280937195, -74.129776001, 62.0871696472, 99.3575744629, 293.27041626, 126.308837891, -36.5519752502, -15.268901825], [-788.373779297, -107.625656128, -99.5760345459, -91.1385040283, -26.0813941956, -4.1570057869, -29.6169872284, 18.5102214813, 49.4330024719, 126.308837891, 158.141189575, 26.4087200165, -3.58276295662], [232.73197937, 28.3015766144, -11.4709777832, 35.7817306519, 11.4062395096, 5.35686683655, 27.6401233673, -7.45555686951, -17.3274250031, -36.5519752502, 26.4087200165, 123.947593689, 35.7722663879], [54.5340881348, 52.0183372498, -45.7351951599, 30.175245285, -15.1508846283, -2.08221530914, 9.62065696716, -3.92601108551, 3.33963942528, -15.268901825, -3.58276295662, 35.7722663879, 80.4925918579]], "icov": [[0.000136938266223, 7.9226275318e-08, -3.36123921443e-05, -0.000109183361928, 9.37473741942e-05, -1.94707554328e-05, -7.63578573242e-05, 7.02183160683e-06, 0.000198211244424, 0.000289986783173, 0.00034265301656, -0.000211009057239, 0.000111428606033], [7.9226275318e-08, 0.00098460551817, -0.000157671485795, -0.000244730472332, -0.000292364915367, 0.000692343921401, -0.00111224700231, 0.000798165565357, -0.000657729222439, 0.00150346523151, -0.00105822458863, 0.000881636049598, -0.000625879561994], [-3.36123921443e-05, -0.000157671485795, 0.00112722732592, -0.000330007314915, -0.000488962279633, -0.000154579131049, 0.00021449875203, -0.000262375368038, 0.000464450160507, -0.000707499799319, 0.000703576370142, -0.000217174703721, 0.000728747749235], [-0.000109183361928, -0.000244730472332, -0.000330007314915, 0.00279946485534, -0.000834211532492, -0.000562636007089, -0.000563111272641, 0.00108597695362, -0.00108930445276, 0.00141988729592, -0.000566725502722, 0.000370149617083, -0.000931338407099], [9.37473741942e-05, -0.000292364915367, -0.000488962279633, -0.000834211532492, 0.00450080633163, -0.00160572212189, -0.000230745674344, 2.06460172194e-05, 0.00013524836686, -0.00195256026927, 0.00194797327276, -0.0015845062444, 0.00140944332816], [-1.94707554328e-05, 0.000692343921401, -0.000154579131049, -0.000562636007089, -0.00160572212189, 0.00693825818598, -0.00234902696684, -0.000524317205418, 0.000762126699556, 0.00159393937793, -0.00231236265972, 0.00165096111596, -0.000744615506846], [-7.63578573242e-05, -0.00111224700231, 0.00021449875203, -0.000563111272641, -0.000230745674344, -0.00234902696684, 0.00754230329767, -0.00253809732385, -0.00123428250663, -0.000499608635437, 0.00142361549661, -0.00201150681823, 0.000887784000952], [7.02183160683e-06, 0.000798165565357, -0.000262375368038, 0.00108597695362, 2.06460172194e-05, -0.000524317205418, -0.00253809732385, 0.0115666007623, -0.00481483340263, 0.000124553611386, 0.000610945222434, -3.02857370116e-05, 4.51235464425e-05], [0.000198211244424, -0.000657729222439, 0.000464450160507, -0.00108930445276, 0.00013524836686, 0.000762126699556, -0.00123428250663, -0.00481483340263, 0.013239021413, -0.00409675808623, -0.000488065124955, 0.00108477286994, -0.000909349997528], [0.000289986783173, 0.00150346523151, -0.000707499799319, 0.00141988729592, -0.00195256026927, 0.00159393937793, -0.000499608635437, 0.000124553611386, -0.00409675808623, 0.0126084415242, -0.00706006912515, 0.00407184707001, -0.00192500383127], [0.00034265301656, -0.00105822458863, 0.000703576370142, -0.000566725502722, 0.00194797327276, -0.00231236265972, 0.00142361549661, 0.000610945222434, -0.000488065124955, -0.00706006912515, 0.0149120995775, -0.00691325077787, 0.00364755140617], [-0.000211009057239, 0.000881636049598, -0.000217174703721, 0.000370149617083, -0.0015845062444, 0.00165096111596, -0.00201150681823, -3.02857370116e-05, 0.00108477286994, 0.00407184707001, -0.00691325077787, 0.0132665643468, -0.00618175603449], [0.000111428606033, -0.000625879561994, 0.000728747749235, -0.000931338407099, 0.00140944332816, -0.000744615506846, 0.000887784000952, 4.51235464425e-05, -0.000909349997528, -0.00192500383127, 0.00364755140617, -0.00618175603449, 0.0162400193512]], "mean": [-11.3497228622, 49.733669281, -105.38646698, 36.5911445618, -57.0473594666, 12.7061052322, -30.5424671173, 10.7807445526, -20.5340499878, 15.3496789932, -17.206987381, -0.874615252018, -9.65303707123]}, "melbands_spread": {"min": 0.373509377241, "max": 290.964874268, "dvar2": 732.13873291, "median": 25.6009140015, "dmean2": 20.3513584137, "dmean": 13.0878286362, "var": 881.794372559, "dvar": 329.892456055, "mean": 33.5837287903}, "spectral_energy": {"min": 1.17908238728e-09, "max": 0.167045369744, "dvar2": 0.000525028735865, "median": 0.0175058282912, "dmean2": 0.0168388020247, "dmean": 0.0112524852157, "var": 0.000824937364087, "dvar": 0.000260161235929, "mean": 0.0271448791027}, "mfcc": {"cov": [[14813.2841797, 1544.42504883, 684.053710938, 1107.80163574, -193.043441772, 399.978515625, 216.384231567, 1135.32006836, 133.816772461, -549.156555176, -579.135681152, -670.37701416, -988.695617676], [1544.42504883, 1501.78259277, 322.280426025, 485.751983643, 10.5446414948, 191.866485596, 101.282867432, 299.506256104, 65.4136352539, -68.1955413818, -55.4786109924, -69.6695251465, -170.464187622], [684.053710938, 322.280426025, 793.695983887, 300.574707031, 139.281341553, 132.575256348, 79.0179138184, 136.843185425, 39.8570022583, -14.2173194885, -12.5984077454, -35.4503707886, -102.224815369], [1107.80163574, 485.751983643, 300.574707031, 565.346557617, 110.533683777, 185.734741211, 82.9183273315, 207.730209351, 77.7473602295, -33.2268638611, -45.9281692505, -34.0950279236, -95.4608230591], [-193.043441772, 10.5446414948, 139.281341553, 110.533683777, 271.292633057, 94.5018997192, 54.8371009827, -0.815074920654, 26.5938243866, 14.2991333008, 17.3361148834, 7.6984372139, 13.9221420288], [399.978515625, 191.866485596, 132.575256348, 185.734741211, 94.5018997192, 235.328918457, 113.03289032, 113.025588989, 30.2199554443, 9.08723545074, -12.2400693893, -13.7512245178, -33.0778007507], [216.384231567, 101.282867432, 79.0179138184, 82.9183273315, 54.8371009827, 113.03289032, 159.621017456, 86.5894622803, 25.8050403595, 6.36454582214, 4.22679138184, -6.87720823288, -9.20825195312], [1135.32006836, 299.506256104, 136.843185425, 207.730209351, -0.815074920654, 113.025588989, 86.5894622803, 298.182769775, 58.6889419556, -48.2851066589, -39.8159561157, -52.7568435669, -98.5628738403], [133.816772461, 65.4136352539, 39.8570022583, 77.7473602295, 26.5938243866, 30.2199554443, 25.8050403595, 58.6889419556, 145.156585693, 39.3823471069, 1.37128269672, -11.7728252411, -2.88935804367], [-549.156555176, -68.1955413818, -14.2173194885, -33.2268638611, 14.2991333008, 9.08723545074, 6.36454582214, -48.2851066589, 39.3823471069, 142.417999268, 61.0886955261, 37.0013275146, 47.7425422668], [-579.135681152, -55.4786109924, -12.5984077454, -45.9281692505, 17.3361148834, -12.2400693893, 4.22679138184, -39.8159561157, 1.37128269672, 61.0886955261, 116.294471741, 55.1439247131, 48.2805633545], [-670.37701416, -69.6695251465, -35.4503707886, -34.0950279236, 7.6984372139, -13.7512245178, -6.87720823288, -52.7568435669, -11.7728252411, 37.0013275146, 55.1439247131, 122.094169617, 87.1667098999], [-988.695617676, -170.464187622, -102.224815369, -95.4608230591, 13.9221420288, -33.0778007507, -9.20825195312, -98.5628738403, -2.88935804367, 47.7425422668, 48.2805633545, 87.1667098999, 198.247146606]], "icov": [[0.000146354766912, 4.09841504734e-06, 5.4341089708e-06, -0.000110608067189, 0.00010330414807, -6.66334426569e-06, -1.45586391227e-05, -0.0002653124684, -5.63905723538e-06, 0.000164329772815, 0.000233573635342, 0.000262369576376, 0.000330114708049], [4.09841504734e-06, 0.00102664332371, -9.35466232477e-05, -0.000662128790282, 0.000340265658451, -0.000188285717741, -4.45005243819e-05, -0.00035175262019, 2.05924652619e-06, 0.000174149012309, -0.000171430641785, 1.03771044451e-05, 0.000299156381516], [5.4341089708e-06, -9.35466232477e-05, 0.00173570902552, -0.000602648244239, -0.000637842982542, 5.20059475093e-05, -0.000216185522731, -0.000131991197122, 0.000126846673083, -0.000120840886666, -0.000190201841178, -1.35321142807e-05, 0.000612509145867], [-0.000110608067189, -0.000662128790282, -0.000602648244239, 0.00389460963197, -0.000893029791769, -0.00151167856529, 0.000775994616561, -0.000841388478875, -0.000983133679256, 0.000213484439882, 0.000599374237936, -0.00101139605977, 0.000104843318695], [0.00010330414807, 0.000340265658451, -0.000637842982542, -0.000893029791769, 0.00527612958103, -0.00175262265839, -0.000702056277078, 0.00123966380488, -0.0007563829422, 0.000846278097015, -0.00084366207011, 0.000543422182091, -0.000278671679553], [-6.66334426569e-06, -0.000188285717741, 5.20059475093e-05, -0.00151167856529, -0.00175262265839, 0.00896373670548, -0.00431246729568, -0.00125411723275, 0.00111629557796, -0.00194012036081, 0.00125129125081, -0.000204942334676, 0.000167519465322], [-1.45586391227e-05, -4.45005243819e-05, -0.000216185522731, 0.000775994616561, -0.000702056277078, -0.00431246729568, 0.0104820467532, -0.00209256098606, -0.000286317197606, 2.35035417973e-06, -0.00105336622801, 0.00047615278163, -0.00102997489739], [-0.0002653124684, -0.00035175262019, -0.000131991197122, -0.000841388478875, 0.00123966380488, -0.00125411723275, -0.00209256098606, 0.00734646525234, -0.00214924104512, 0.00179674348328, -0.000797997694463, -0.000175873326953, 0.000967771105934], [-5.63905723538e-06, 2.05924652619e-06, 0.000126846673083, -0.000983133679256, -0.0007563829422, 0.00111629557796, -0.000286317197606, -0.00214924104512, 0.00935711991042, -0.00390392215922, 0.000795458327048, 0.00141159736086, -0.00101466872729], [0.000164329772815, 0.000174149012309, -0.000120840886666, 0.000213484439882, 0.000846278097015, -0.00194012036081, 2.35035417973e-06, 0.00179674348328, -0.00390392215922, 0.0115827983245, -0.00465082470328, -0.000170628947672, -0.000118603449664], [0.000233573635342, -0.000171430641785, -0.000190201841178, 0.000599374237936, -0.00084366207011, 0.00125129125081, -0.00105336622801, -0.000797997694463, 0.000795458327048, -0.00465082470328, 0.0141101069748, -0.00421239994466, 0.000577786122449], [0.000262369576376, 1.03771044451e-05, -1.35321142807e-05, -0.00101139605977, 0.000543422182091, -0.000204942334676, 0.00047615278163, -0.000175873326953, 0.00141159736086, -0.000170628947672, -0.00421239994466, 0.0146749168634, -0.00467909080908], [0.000330114708049, 0.000299156381516, 0.000612509145867, 0.000104843318695, -0.000278671679553, 0.000167519465322, -0.00102997489739, 0.000967771105934, -0.00101466872729, -0.000118603449664, 0.000577786122449, -0.00467909080908, 0.00972533132881]], "mean": [-659.644897461, 85.4086456299, 5.63723230362, 28.1361141205, -1.60074293613, 9.50518417358, 1.49418413639, -3.92849302292, 5.74515724182, 6.19167327881, 2.22362542152, 5.42510271072, -0.172437697649]}, "spectral_contrast_valleys": {"min": [-16.8878002167, -15.4248104095, -15.7283401489, -15.3867034912, -15.867852211, -17.8544845581], "max": [-4.95174455643, -4.65960454941, -5.4367184639, -5.49715709686, -5.34267854691, -6.96476984024], "dvar2": [0.323880016804, 0.416271179914, 0.313837110996, 0.303642660379, 0.302264004946, 0.403722137213], "median": [-7.26489162445, -6.75368356705, -7.39268350601, -7.63438415527, -7.26887512207, -9.78471374512], "dmean2": [0.710305929184, 0.732496201992, 0.640447378159, 0.560048282146, 0.476547092199, 0.529999613762], "dmean": [0.461411625147, 0.462397366762, 0.416781157255, 0.370662361383, 0.330211490393, 0.40965077281], "var": [3.44589304924, 2.57072615623, 2.09825325012, 1.44858467579, 1.73708748817, 1.49778032303], "dvar": [0.159452572465, 0.193337187171, 0.157093331218, 0.149000301957, 0.150858566165, 0.224340185523], "mean": [-7.68778133392, -7.20089530945, -7.77109289169, -7.89524555206, -7.54042291641, -9.89544677734]}, "barkbands_flatness_db": {"min": 0.0182585325092, "max": 0.44061756134, "dvar2": 0.00147753837518, "median": 0.102533556521, "dmean2": 0.0406812131405, "dmean": 0.0272843949497, "var": 0.00410152738914, "dvar": 0.000712961889803, "mean": 0.117866501212}, "dynamic_complexity": 4.59772491455, "erbbands_flatness_db": {"min": 0.0389358662069, "max": 0.426163136959, "dvar2": 0.000719765492249, "median": 0.118844613433, "dmean2": 0.0275041777641, "dmean": 0.0194454174489,