{"lowlevel": {"spectral_complexity": {"min": 0, "max": 59, "dvar2": 43.1992073059, "median": 11, "dmean2": 5.10952758789, "dmean": 3.76742196083, "var": 111.655342102, "dvar": 27.5026607513, "mean": 13.9195585251}, "silence_rate_20dB": {"min": 1, "max": 1, "dvar2": 0, "median": 1, "dmean2": 0, "dmean": 0, "var": 0, "dvar": 0, "mean": 1}, "average_loudness": 0.937699377537, "erbbands_spread": {"min": 0.896282494068, "max": 167.160797119, "dvar2": 468.466583252, "median": 37.6637878418, "dmean2": 18.0380077362, "dmean": 11.909075737, "var": 489.271118164, "dvar": 204.508804321, "mean": 41.4022407532}, "spectral_kurtosis": {"min": -1.30235755444, "max": 130.881011963, "dvar2": 48.0195045471, "median": 3.71073436737, "dmean2": 3.97821736336, "dmean": 2.50755643845, "var": 49.8858757019, "dvar": 19.8212604523, "mean": 5.55991220474}, "barkbands_kurtosis": {"min": -1.93753218651, "max": 1781.6484375, "dvar2": 1248.83251953, "median": 3.07389783859, "dmean2": 11.8692302704, "dmean": 7.54170417786, "var": 1242.97607422, "dvar": 590.889709473, "mean": 9.84947872162}, "spectral_strongpeak": {"min": 0, "max": 11.5360469818, "dvar2": 0.91506677866, "median": 0.254222035408, "dmean2": 0.581477463245, "dmean": 0.343878477812, "var": 0.458372205496, "dvar": 0.360652089119, "mean": 0.488945245743}, "spectral_spread": {"min": 844513.5, "max": 17254806, "dvar2": 2257258807300.0, "median": 4422240.5, "dmean2": 1196593.125, "dmean": 855772.3125, "var": 3469885046780.0, "dvar": 1120622870530.0, "mean": 4772626}, "spectral_rms": {"min": 2.15369618672e-06, "max": 0.0127035155892, "dvar2": 4.73841737403e-06, "median": 0.00338624231517, "dmean2": 0.0016323471209, "dmean": 0.00114931585267, "var": 4.96162056152e-06, "dvar": 2.25259691433e-06, "mean": 0.00388916325755}, "erbbands": {"min": [3.68054031696e-08, 4.80274042758e-09, 7.74095842981e-10, 4.42121311783e-10, 4.96866603417e-10, 3.01116298562e-10, 9.80267977901e-10, 9.37530719725e-10, 2.21503526632e-09, 1.07511022307e-09, 2.40176922794e-09, 3.09859182757e-09, 3.57257246009e-09, 6.8909997708e-09, 6.0375495714e-09, 8.73483330111e-09, 1.0654569671e-08, 1.94357649974e-08, 1.76491408155e-08, 1.87423712106e-08, 2.39769963883e-08, 2.6661973962e-08, 3.18631840912e-08, 2.40833859522e-08, 4.14876488719e-08, 6.68174209295e-08, 3.51604825255e-08, 5.499995126e-08, 5.40137286009e-08, 3.6893744948e-08, 4.50404442631e-08, 4.99593397763e-08, 3.79749387491e-08, 2.70216542475e-08, 2.01809964295e-08, 1.43729934621e-08, 7.06196923161e-09, 4.75872186101e-09, 6.21628526432e-10, 5.72112704433e-11], "max": [5.8356461525, 33.2663154602, 47.4971008301, 51.7910652161, 72.4982528687, 456.112518311, 487.280578613, 262.519744873, 523.983886719, 495.821716309, 924.749450684, 1336.12524414, 563.263549805, 404.195861816, 668.479980469, 1543.84936523, 1024.46484375, 1173.81872559, 524.431640625, 680.816650391, 628.733764648, 605.342529297, 289.682159424, 483.798858643, 376.494384766, 335.306091309, 271.081573486, 265.937255859, 345.944671631, 191.562896729, 135.428115845, 207.128036499, 86.1809616089, 39.3764152527, 14.554394722, 11.0397148132, 1.86485552788, 0.76213824749, 0.139492154121, 0.0135373678058], "dvar2": [0.75328373909, 30.19099617, 43.0368614197, 32.9519462585, 48.7459487915, 2944.26196289, 5633.65380859, 1275.55432129, 4557.21777344, 1622.94665527, 1800.01757812, 2181.67114258, 774.432617188, 763.007202148, 1884.93164062, 1856.3236084, 1814.47363281, 2673.98071289, 1067.68859863, 1031.31677246, 898.835327148, 813.247436523, 427.960845947, 497.813537598, 508.562225342, 373.77557373, 251.90411377, 272.013366699, 153.522094727, 79.4709243774, 58.6450500488, 60.1660766602, 25.1836566925, 3.14259076118, 0.485136628151, 0.178958326578, 0.0565561503172, 0.00992118101567, 0.000360014295438, 3.66514177585e-06], "median": [0.0644088536501, 0.458343148232, 1.19158673286, 1.49417603016, 1.98658227921, 3.68621206284, 3.51424431801, 3.98202371597, 6.66493034363, 4.33590984344, 3.2811126709, 3.27055621147, 2.5635831356, 2.49413514137, 3.09459805489, 3.20845890045, 2.85747122765, 6.08464622498, 4.43175315857, 3.21244382858, 2.84582090378, 2.80477833748, 2.82119011879, 2.78267645836, 2.38015651703, 2.22925281525, 1.56113374233, 1.12936687469, 0.924119710922, 0.782385230064, 0.5871732831, 0.386469632387, 0.204639792442, 0.0796821042895, 0.0316870287061, 0.0119540663436, 0.00389770115726, 0.000723751203623, 6.69483706588e-05, 2.04330408451e-05], "dmean2": [0.371154367924, 2.28830742836, 3.48197007179, 3.4683842659, 4.2247543335, 17.9279937744, 23.8425617218, 15.0863332748, 26.9348049164, 15.8533945084, 15.0758581161, 17.5585765839, 12.6206445694, 12.0733413696, 16.9645748138, 16.1489162445, 16.6506576538, 21.2382793427, 15.6295433044, 14.2317762375, 13.2059278488, 11.6259899139, 9.9551115036, 10.059472084, 9.5228509903, 8.78327655792, 6.64325284958, 6.23567295074, 4.73309993744, 3.98151040077, 3.21935319901, 2.60902237892, 1.68356072903, 0.626991808414, 0.27850356698, 0.166570991278, 0.100311152637, 0.0399300344288, 0.00748756527901, 0.000746251549572], "dmean": [0.233545154333, 1.37181401253, 2.07170844078, 2.17272973061, 2.56145501137, 10.8341197968, 14.2945461273, 9.03959751129, 15.6400737762, 9.27275276184, 9.27202606201, 11.1172819138, 8.04786491394, 8.01726818085, 10.9632673264, 10.8957204819, 10.7264699936, 13.4203605652, 10.1182050705, 9.22816562653, 8.38197517395, 7.44300222397, 6.44088077545, 6.48935508728, 6.27084684372, 5.83397579193, 4.46228790283, 4.16441774368, 3.28364181519, 2.78397083282, 2.27118635178, 1.79903268814, 1.13947606087, 0.435198932886, 0.193020418286, 0.107416070998, 0.0611945912242, 0.023435279727, 0.00430575711653, 0.000426290003816], "var": [0.320750564337, 9.55404472351, 15.2327165604, 19.9586296082, 29.2741718292, 989.839416504, 1738.36254883, 523.318603516, 1455.31408691, 531.41809082, 963.698303223, 1410.80297852, 572.737854004, 623.815490723, 1196.16992188, 1591.10668945, 1165.07263184, 1515.68505859, 856.77722168, 900.434631348, 564.248474121, 429.997467041, 300.436004639, 316.101898193, 362.00378418, 328.898681641, 199.498519897, 210.025146484, 173.598464966, 89.7024459839, 64.2267227173, 55.8399047852, 20.8097381592, 2.78488326073, 0.359980225563, 0.0849244147539, 0.0204640459269, 0.00301999412477, 0.00010230702901, 1.00127658698e-06], "dvar": [0.324002444744, 11.7033243179, 15.7683515549, 12.9826908112, 18.7659873962, 1148.21105957, 2137.75439453, 482.084289551, 1629.04968262, 590.297424316, 646.768188477, 957.516235352, 333.108215332, 349.260375977, 792.906738281, 924.081787109, 780.338806152, 1120.52575684, 461.360473633, 463.856079102, 362.86932373, 327.420379639, 187.307891846, 208.545288086, 218.227996826, 173.092102051, 116.111740112, 116.629257202, 76.1311340332, 39.5611419678, 28.8657798767, 29.3027229309, 11.895608902, 1.51087534428, 0.219202101231, 0.0727166384459, 0.0225361566991, 0.00386939733289, 0.000138859162689, 1.40083216138e-06], "mean": [0.244301646948, 1.32741510868, 2.48705172539, 3.09210824966, 3.79318356514, 11.7485294342, 14.5423460007, 11.5748949051, 18.5758419037, 11.6537046432, 13.3783683777, 14.7149429321, 11.5696811676, 11.6608667374, 16.1478767395, 15.9906730652, 14.7583370209, 19.0487289429, 16.2305660248, 14.3413438797, 12.5213680267, 10.6161174774, 9.85521793365, 9.91267681122, 9.21415233612, 9.00894927979, 6.65303468704, 6.20343637466, 5.32231092453, 4.39454746246, 3.64969158173, 2.84901165962, 1.61910688877, 0.615083634853, 0.250648260117, 0.11492497474, 0.0539806634188, 0.0177638698369, 0.0030366028659, 0.000301447231323]}, "zerocrossingrate": {"min": 0, "max": 0.396484375, "dvar2": 0.000366284628399, "median": 0.04638671875, "dmean2": 0.0160751808435, "dmean": 0.0141129428521, "var": 0.00218274467625, "dvar": 0.000335174321663, "mean": 0.056709125638}, "spectral_contrast_coeffs": {"min": [-0.934637367725, -0.953857898712, -0.94812810421, -0.943253278732, -0.935344099998, -0.916876792908], "max": [-0.276541531086, -0.312514007092, -0.405423402786, -0.467035323381, -0.518869817257, -0.594169199467], "dvar2": [0.00600198796019, 0.00470838882029, 0.00304347136989, 0.00234116171487, 0.00137437903322, 0.00103561056312], "median": [-0.690126717091, -0.731408536434, -0.785239875317, -0.774357914925, -0.801334619522, -0.774223029613], "dmean2": [0.0906034260988, 0.0835339128971, 0.0654209405184, 0.0573633052409, 0.0427501387894, 0.034551192075], "dmean": [0.0570039600134, 0.0507968440652, 0.0412826389074, 0.0372406728566, 0.0276968441904, 0.022944573313], "var": [0.00972675625235, 0.00614660000429, 0.00499897450209, 0.00473387958482, 0.00362164969556, 0.00252236542292], "dvar": [0.00255805533379, 0.00187543523498, 0.00133571226615, 0.00110506126657, 0.000660785008222, 0.000485402240884], "mean": [-0.675093650818, -0.726429641247, -0.776723742485, -0.766226947308, -0.792298018932, -0.773324370384]}, "dissonance": {"min": 0.162437438965, "max": 0.500000059605, "dvar2": 0.00144727982115, "median": 0.464627951384, "dmean2": 0.0379131138325, "dmean": 0.0232642404735, "var": 0.00155741907656, "dvar": 0.000586786365602, "mean": 0.453050941229}, "spectral_energyband_high": {"min": 1.89315924048e-11, "max": 0.0189545284957, "dvar2": 1.41487328165e-06, "median": 0.000180379633093, "dmean2": 0.000607266207226, "dmean": 0.000436983886175, "var": 1.90527885024e-06, "dvar": 7.44642989048e-07, "mean": 0.00074088992551}, "spectral_skewness": {"min": -0.392591238022, "max": 9.66471767426, "dvar2": 0.416955828667, "median": 1.47893285751, "dmean2": 0.512967705727, "dmean": 0.339502871037, "var": 0.625822365284, "dvar": 0.182365745306, "mean": 1.6490521431}, "spectral_flux": {"min": 4.42028613179e-06, "max": 0.347759157419, "dvar2": 0.00411157263443, "median": 0.0641012936831, "dmean2": 0.0502821058035, "dmean": 0.0329338982701, "var": 0.00353559874929, "dvar": 0.00184345676098, "mean": 0.0809877887368}, "silence_rate_30dB": {"min": 0, "max": 1, "dvar2": 0.0189342889935, "median": 1, "dmean2": 0.0128269083798, "dmean": 0.00641299691051, "var": 0.00326719833538, "dvar": 0.00637124152854, "mean": 0.996722459793}, "spectral_energyband_middle_high": {"min": 6.00790554459e-12, "max": 0.0497760809958, "dvar2": 1.16179307952e-05, "median": 0.00126454234123, "dmean2": 0.00192163663451, "dmean": 0.00136843672954, "var": 1.54284316523e-05, "dvar": 5.84461213293e-06, "mean": 0.00290600350127}, "barkbands_spread": {"min": 0.113092601299, "max": 115.517417908, "dvar2": 228.260971069, "median": 18.0075149536, "dmean2": 11.7279434204, "dmean": 7.63388824463, "var": 258.987915039, "dvar": 101.148651123, "mean": 21.1674461365}, "spectral_centroid": {"min": 116.591300964, "max": 7020.53808594, "dvar2": 322559.9375, "median": 1130.32519531, "dmean2": 470.970947266, "dmean": 316.1015625, "var": 711292.5625, "dvar": 169142.890625, "mean": 1276.03381348}, "pitch_salience": {"min": 0.00855861511081, "max": 0.908750891685, "dvar2": 0.0185337513685, "median": 0.556617081165, "dmean2": 0.148088365793, "dmean": 0.0928763449192, "var": 0.0198729876429, "dvar": 0.00777749530971, "mean": 0.539495110512}, "erbbands_skewness": {"min": -6.26481580734, "max": 11.3068561554, "dvar2": 0.594606399536, "median": 0.344707399607, "dmean2": 0.698108792305, "dmean": 0.458932429552, "var": 0.974516689777, "dvar": 0.274517416954, "mean": 0.380281686783}, "erbbands_crest": {"min": 2.15794658661, "max": 31.8453884125, "dvar2": 17.8159694672, "median": 7.4149017334, "dmean2": 4.3457698822, "dmean": 2.67350268364, "var": 19.5316104889, "dvar": 7.29051446915, "mean": 8.63225650787}, "melbands": {"min": [5.83911752283e-10, 5.9384729122e-13, 4.18218858524e-14, 4.06584285012e-14, 2.95591662583e-14, 2.20506511677e-14, 3.93420783147e-14, 1.12890027052e-14, 1.65920269603e-14, 1.75241358967e-14, 1.55338371696e-14, 2.7154900507e-14, 1.78365656934e-14, 1.86087277044e-14, 1.21938608977e-14, 2.51284283908e-14, 3.43256002235e-14, 2.20040491091e-14, 2.58427617684e-14, 2.56735804897e-14, 2.63389214817e-14, 2.69700830001e-14, 1.84469749046e-14, 2.25662231821e-14, 1.86121158362e-14, 2.34167763983e-14, 3.34420466037e-14, 4.45888612762e-14, 2.3298379827e-14, 2.12949876645e-14, 2.97109003524e-14, 2.99613612186e-14, 1.51812038011e-14, 1.9451066395e-14, 2.34850658885e-14, 2.95128437205e-14, 2.86597392411e-14, 2.62647552768e-14, 2.32215996784e-14, 2.14198860607e-14], "max": [0.0438260957599, 0.0274340193719, 0.0075666140765, 0.0145508795977, 0.0205963011831, 0.00607250165194, 0.00757842231542, 0.00706199323758, 0.00817182008177, 0.00777017977089, 0.00276459380984, 0.0017833992606, 0.00232097087428, 0.00708666071296, 0.00261475914158, 0.00253314850852, 0.00214680517092, 0.000739025475923, 0.00130676280241, 0.000606028595939, 0.000774015148636, 0.000710455060471, 0.000282307504676, 0.000233342216234, 0.000462259777123, 0.000407725950936, 0.00026526619331, 0.000283490808215, 0.000215500083868, 0.000166023572092, 0.000170468381839, 0.00017941268743, 0.000220239191549, 9.45829742705e-05, 8.1463069364e-05, 0.000116786752187, 0.000143027878948, 6.95736307534e-05, 7.56892986828e-05, 2.45714672928e-05], "dvar2": [5.37575870112e-05, 1.89628353837e-05, 8.05733122888e-07, 2.92596428153e-06, 8.9871500677e-06, 6.68714051244e-07, 1.04984451355e-06, 1.53997305574e-07, 1.41080477079e-07, 7.3910726428e-08, 1.93544842375e-08, 1.34354527503e-08, 2.02632275403e-08, 1.73843872631e-08, 1.65878333291e-08, 8.29661672697e-09, 1.18097380764e-08, 2.8388040807e-09, 3.06177505571e-09, 1.98676719521e-09, 1.26156007862e-09, 9.6980246056e-10, 7.50115247694e-10, 3.26312254995e-10, 3.99929506179e-10, 3.42650907648e-10, 2.16082859938e-10, 1.88256923939e-10, 1.3955418765e-10, 1.1151189e-10, 9.55999446273e-11, 6.32726648853e-11, 4.31339824969e-11, 2.67679472338e-11, 2.13274415489e-11, 2.842735769e-11, 2.73941182238e-11, 1.73923844077e-11, 6.18395135446e-12, 1.77184536574e-12], "median": [0.000618021702394, 0.000693462439813, 0.000278404302662, 0.000217481239815, 0.000135503971251, 0.000101711731986, 9.11365423235e-05, 4.83539806737e-05, 2.58818272414e-05, 1.81310624612e-05, 1.12074494609e-05, 8.60784348333e-06, 8.28251631901e-06, 7.98194378149e-06, 6.41857332084e-06, 4.28516796092e-06, 1.20378190331e-05, 7.70822498453e-06, 4.16512602897e-06, 3.39101325153e-06, 2.72974762083e-06, 2.36822779698e-06, 2.57217584476e-06, 1.88613603314e-06, 2.02005548999e-06, 1.45787737438e-06, 1.6300768948e-06, 1.29531144921e-06, 8.96721189747e-07, 7.03781836364e-07, 5.61626052331e-07, 4.82335394736e-07, 4.73852907135e-07, 3.69754076246e-07, 3.28551323037e-07, 2.75941289374e-07, 2.06938338465e-07, 1.50570286905e-07, 9.08616755169e-08, 5.5212378669e-08], "dmean2": [0.00310915382579, 0.00213522068225, 0.000560456595849, 0.000702873512637, 0.000925477477722, 0.000351004739059, 0.000395412411308, 0.000164768105606, 0.000132577828481, 0.000103697297163, 6.26079345238e-05, 4.98064473504e-05, 5.47734489373e-05, 4.77981338918e-05, 4.57423629996e-05, 3.073129119e-05, 4.48661558039e-05, 2.64679874817e-05, 2.20339352381e-05, 2.05106316571e-05, 1.5445461031e-05, 1.2368204807e-05, 1.2521064491e-05, 8.50067226565e-06, 8.77685033629e-06, 7.31823865863e-06, 6.49233652439e-06, 6.08048549111e-06, 4.56117004433e-06, 4.02785599363e-06, 3.70301836483e-06, 2.87559305434e-06, 2.76159039458e-06, 2.22371909331e-06, 1.98228849513e-06, 1.78169750598e-06, 1.67369512383e-06, 1.37616109441e-06, 8.08208426406e-07, 4.75923542353e-07], "dmean": [0.00194269570056, 0.00128835591022, 0.00035147726885, 0.00042429898167, 0.000559473526664, 0.000208648314583, 0.000229709490668, 9.69857574091e-05, 8.20407803985e-05, 6.55592521071e-05, 3.97997173422e-05, 3.27709713019e-05, 3.54839285137e-05, 3.18416532537e-05, 2.97481728921e-05, 1.95878692466e-05, 2.8114336601e-05, 1.69471040863e-05, 1.40925558298e-05, 1.29177869894e-05, 9.74820068222e-06, 7.84900385042e-06, 7.88369652582e-06, 5.50418690182e-06, 5.55871383767e-06, 4.71749399367e-06, 4.24278186983e-06, 3.96957375415e-06, 3.01527643387e-06, 2.60717024503e-06, 2.44448733611e-06, 1.95377810996e-06, 1.87642979199e-06, 1.51061021825e-06, 1.36423011554e-06, 1.23337281366e-06, 1.12891132176e-06, 9.14120903417e-07, 5.43903411199e-07, 3.25480868923e-07], "var": [2.14715000766e-05, 6.46790385872e-06, 5.02021009652e-07, 1.15442207971e-06, 2.84924794869e-06, 2.60757303749e-07, 3.27541727074e-07, 5.6221011846e-08, 8.02247228648e-08, 4.71708325733e-08, 1.42344331877e-08, 1.0747196022e-08, 1.35955726677e-08, 1.43356695403e-08, 1.0973536746e-08, 4.77345052374e-09, 6.33692165408e-09, 2.12218753681e-09, 2.07494554871e-09, 1.47882472934e-09, 7.96969712447e-10, 4.86881757134e-10, 4.44285774837e-10, 2.44580355968e-10, 2.29896934822e-10, 2.11993769761e-10, 1.74703709832e-10, 1.50062448578e-10, 9.77693134785e-11, 6.99339891552e-11, 7.39098365843e-11, 6.19882895014e-11, 4.66822101808e-11, 2.41799323619e-11, 2.16012051996e-11, 2.47735408576e-11, 2.22963453256e-11, 1.31181177032e-11, 4.89848396221e-12, 1.42606922365e-12], "dvar": [2.25820476771e-05, 7.23424500393e-06, 3.15175384458e-07, 1.145349529e-06, 3.46812544194e-06, 2.48191952323e-07, 3.75737727154e-07, 5.65188393864e-08, 5.24854826267e-08, 3.24270956753e-08, 8.31947666313e-09, 6.14172801505e-09, 8.67440075325e-09, 8.70377458995e-09, 7.53181073065e-09, 3.57637652826e-09, 4.87077000955e-09, 1.19896048645e-09, 1.29976462926e-09, 8.53786930044e-10, 5.13367681698e-10, 3.88450216438e-10, 3.0927169159e-10, 1.41074762983e-10, 1.63830005118e-10, 1.43679457221e-10, 9.56579468414e-11, 8.57776419338e-11, 6.30092367171e-11, 4.62150838432e-11, 4.11374302678e-11, 2.95903475334e-11, 2.12183014214e-11, 1.23542946706e-11, 1.01334140731e-11, 1.32484032425e-11, 1.30652563421e-11, 7.99288413234e-12, 2.93735782225e-12, 8.15583386417e-13], "mean": [0.0020040164236, 0.00146150833461, 0.000527610711288, 0.000534704129677, 0.000564770016354, 0.000269791955361, 0.000267704570433, 0.000126514816657, 0.000115882678074, 8.59253341332e-05, 5.58329011255e-05, 4.58500726381e-05, 5.16276813869e-05, 4.50645311503e-05, 3.90031491406e-05, 2.5945757443e-05, 3.81532991014e-05, 2.62586127064e-05, 2.0523344574e-05, 1.81912255357e-05, 1.39552066685e-05, 1.04564987851e-05, 1.07688128992e-05, 8.41169094201e-06, 8.0452155089e-06, 6.43825887892e-06, 6.37194716546e-06, 5.81741505812e-06, 4.27198710895e-06, 3.61383945346e-06, 3.537895509e-06, 2.9654768241e-06, 2.96624511975e-06, 2.200169547e-06, 2.1343107619e-06, 1.89841989595e-06, 1.67941220752e-06, 1.24428368053e-06, 7.35624325898e-07, 4.4378543862e-07]}, "spectral_entropy": {"min": 3.37154507637, "max": 8.85419178009, "dvar2": 0.174220204353, "median": 7.53758525848, "dmean2": 0.36678314209, "dmean": 0.258783519268, "var": 0.361950308084, "dvar": 0.0856785029173, "mean": 7.43154096603}, "spectral_rolloff": {"min": 21.533203125, "max": 13479.7851562, "dvar2": 2896145, "median": 753.662109375, "dmean2": 980.983032227, "dmean": 604.567993164, "var": 3027760.25, "dvar": 1355960, "mean": 1406.26928711}, "barkbands": {"min": [6.0784605127e-10, 3.93854046599e-11, 1.4433440066e-13, 4.64871535905e-14, 1.40748198686e-13, 1.31571782549e-13, 2.40076540462e-13, 5.21484101019e-14, 1.27053681703e-13, 8.3217985183e-14, 1.15943062443e-13, 1.74831720282e-13, 1.76860072811e-13, 2.64204348503e-13, 3.08414237074e-13, 3.66679695505e-13, 4.61723541345e-13, 5.11506310398e-13, 6.47041502409e-13, 1.32198950138e-12, 9.39436571069e-13, 1.48129436234e-12, 1.56579903123e-12, 2.33269566857e-12, 2.58614310522e-12, 3.76535521512e-12, 5.28067867211e-12], "max": [0.00998502410948, 0.144603058696, 0.0399979837239, 0.0183555744588, 0.100109480321, 0.0365752093494, 0.0368563309312, 0.0373582802713, 0.0438374057412, 0.0163878295571, 0.0147297140211, 0.0461092479527, 0.0206481795758, 0.0207078792155, 0.0137347141281, 0.00959544908255, 0.0100244460627, 0.00481667369604, 0.00785667262971, 0.00628012372181, 0.00648376019672, 0.00906968954951, 0.00452757440507, 0.00751461926848, 0.0028148915153, 0.00170393486042, 0.00103682361078], "dvar2": [8.55129144384e-07, 0.000635641627014, 2.8340928111e-05, 3.16355635732e-06, 0.000179732523975, 2.24253308261e-05, 1.98184334295e-05, 2.98247095998e-06, 3.71992882719e-06, 8.82530684976e-07, 9.19141996292e-07, 1.12581165013e-06, 1.11404551717e-06, 1.03566912912e-06, 4.81792028495e-07, 3.49052044157e-07, 2.57179664231e-07, 1.38229822255e-07, 1.95638904188e-07, 1.46620607211e-07, 1.54639721472e-07, 1.02575150152e-07, 7.12038357165e-08, 1.04441291171e-07, 1.50806584998e-08, 1.44747849262e-08, 1.97338287933e-08], "median": [7.76780361775e-05, 0.00226503727026, 0.00100418028887, 0.000335679214913, 0.00105201685801, 0.000489625963382, 0.00034480591421, 0.000216909509618, 0.0001183892673, 7.71677223383e-05, 5.12886799697e-05, 6.55578551232e-05, 4.30747131759e-05, 0.000128969695652, 5.14923194714e-05, 4.78169567941e-05, 4.55392473668e-05, 4.69788101327e-05, 4.97428627568e-05, 4.5262844651e-05, 3.22689047607e-05, 2.78539955616e-05, 2.09103018278e-05, 1.47710252349e-05, 5.69588610233e-06, 2.3575078103e-06, 3.39008465744e-07], "dmean2": [0.000423606659751, 0.0106821795925, 0.00293312082067, 0.00104030559305, 0.00451275892556, 0.00189484958537, 0.00169387052301, 0.00067582866177, 0.000757652334869, 0.0004292075173, 0.000379441684345, 0.000413794681663, 0.000373190472601, 0.000438534247223, 0.000295702979201, 0.000281025713775, 0.000219606823521, 0.00018532644026, 0.000194181455299, 0.000178323185537, 0.00015936208365, 0.000133080829983, 0.000112255198474, 0.000109963293653, 4.64388213004e-05, 5.05917123519e-05, 5.52149940631e-05], "dmean": [0.000274942402029, 0.00660047028214, 0.00174843182322, 0.00065694533987, 0.00274168117903, 0.00111606507562, 0.000977152842097, 0.000406651961384, 0.000480485614389, 0.000275472964859, 0.00024354843481, 0.000271139870165, 0.000234061604715, 0.000275091646472, 0.000189038240933, 0.00017663698236, 0.000139499403303, 0.000119895295938, 0.000125587641378, 0.000117999356007, 0.000107024759927, 9.31846152525e-05, 7.94167208369e-05, 7.54713910283e-05, 3.21499755955e-05, 3.12182819471e-05, 3.15914039675e-05], "var": [4.12872338984e-07, 0.000239135886659, 1.10090668386e-05, 2.06637901101e-06, 6.1569357058e-05, 7.76358228904e-06, 5.80427877139e-06, 1.42179544582e-06, 2.49965819421e-06, 6.82121424234e-07, 6.34922514564e-07, 9.65979211287e-07, 5.6242976143e-07, 5.58056115096e-07, 3.56113787348e-07, 2.46747646315e-07, 1.43058059621e-07, 1.04891547892e-07, 1.30233345885e-07, 1.28724551018e-07, 1.21706108303e-07, 1.25633107473e-07, 7.55703339905e-08, 9.58627595082e-08, 1.21962990818e-08, 5.55132340097e-09, 5.50425793833e-09], "dvar": [3.81880937539e-07, 0.000261287554167, 1.0211456356e-05, 1.27699320274e-06, 7.01706012478e-05, 8.17458567326e-06, 7.02225406712e-06, 1.06182710624e-06, 1.64859204688e-06, 3.89728398886e-07, 3.95998966951e-07, 5.59674049327e-07, 4.56995451259e-07, 4.21875199663e-07, 2.07882621339e-07, 1.44012219039e-07, 1.04028984538e-07, 6.03177596759e-08, 8.33359621311e-08, 6.83862637629e-08, 6.83635477117e-08, 5.25903445237e-08, 3.46256321393e-08, 5.09060633647e-08, 6.99523194925e-09, 5.78146464036e-09, 7.58212248542e-09], "mean": [0.00029306099168, 0.00674592750147, 0.00216616690159, 0.000899043749087, 0.00308327516541, 0.00138781429268, 0.00109481823165, 0.000590530515183, 0.000624477514066, 0.000387009844417, 0.000343413237715, 0.000381653837394, 0.000289294286631, 0.000384861865314, 0.000275039463304, 0.000256855768384, 0.000193384694285, 0.000185327167856, 0.000181700408575, 0.00018011686916, 0.000158081355039, 0.000151922969962, 0.000126259299577, 0.000114799455332, 4.3562900828e-05, 2.885968388e-05, 2.18227232835e-05]}, "melbands_flatness_db": {"min": 0.0172499176115, "max": 0.640100598335, "dvar2": 0.00368782435544, "median": 0.215571880341, "dmean2": 0.0595536008477, "dmean": 0.0410460084677, "var": 0.00912466458976, "dvar": 0.00174690107815, "mean": 0.231407880783}, "melbands_skewness": {"min": -4.56094503403, "max": 28.4524841309, "dvar2": 4.75069761276, "median": 2.70765829086, "dmean2": 1.7794226408, "dmean": 1.18380582333, "var": 5.6767911911, "dvar": 2.17032122612, "mean": 3.17685270309}, "barkbands_skewness": {"min": -7.96438264847, "max": 37.413520813, "dvar2": 2.70986294746, "median": 1.69647777081, "dmean2": 1.3271497488, "dmean": 0.894704937935, "var": 3.88310861588, "dvar": 1.283629179, "mean": 1.97116553783}, "silence_rate_60dB": {"min": 0, "max": 1, "dvar2": 0.101600959897, "median": 0, "dmean2": 0.0949191227555, "dmean": 0.0474561788142, "var": 0.0953378379345, "dvar": 0.0452090464532, "mean": 0.106733165681}, "spectral_energyband_low": {"min": 2.52495935271e-09, "max": 0.158022642136, "dvar2": 0.000689781445544, "median": 0.00457357754931, "dmean2": 0.012598385103, "dmean": 0.00805429276079, "var": 0.000313233147608, "dvar": 0.000295978155918, "mean": 0.00978590734303}, "spectral_energyband_middle_low": {"min": 1.68350088644e-12, "max": 0.130345314741, "dvar2": 0.000428238796303, "median": 0.00396974058822, "dmean2": 0.0079542864114, "dmean": 0.00503490585834, "var": 0.000182001109351, "dvar": 0.000169814898982, "mean": 0.00782041996717}, "melbands_kurtosis": {"min": -1.92095029354, "max": 865.729736328, "dvar2": 3121.15332031, "median": 10.5786266327, "dmean2": 25.7628517151, "dmean": 16.3656711578, "var": 2244.55297852, "dvar": 1325.82189941, "mean": 23.6137676239}, "spectral_decrease": {"min": -4.34999911647e-08, "max": -1.24926062418e-15, "dvar2": 7.32538312634e-17, "median": -2.89862023273e-09, "dmean2": 4.96782570636e-09, "dmean": 3.25474536211e-09, "var": 4.00040756971e-17, "dvar": 3.13750896743e-17, "mean": -5.12942621711e-09}, "erbbands_kurtosis": {"min": -1.90291619301, "max": 170.969940186, "dvar2": 20.3250904083, "median": -0.158057928085, "dmean2": 2.20954298973, "dmean": 1.4204647541, "var": 21.4452419281, "dvar": 9.65208721161, "mean": 0.925105392933}, "melbands_crest": {"min": 2.64294743538, "max": 39.8687934875, "dvar2": 31.1950263977, "median": 14.1372518539, "dmean2": 6.62097978592, "dmean": 4.19157361984, "var": 37.5989990234, "dvar": 13.4412059784, "mean": 15.1863908768}, "gfcc": {"cov": [[10878.5898438, -1355.42810059, -512.183959961, 130.317947388, -348.682189941, 209.824798584, -42.4232292175, 137.981842041, -84.9786300659, -139.429107666, -197.483932495, 131.377044678, -145.491653442], [-1355.42810059, 2594.90380859, 58.3379974365, -202.856170654, 410.429992676, -238.082809448, 122.196510315, -67.271446228, 87.0649490356, -5.25227642059, 143.401031494, -212.342971802, 41.1089553833], [-512.183959961, 58.3379974365, 1537.03405762, 146.825622559, 155.157424927, 113.809585571, 58.6847114563, 38.1706619263, 28.4847354889, 81.957611084, -38.5832939148, -35.3923301697, -81.5366363525], [130.317947388, -202.856170654, 146.825622559, 532.419006348, -12.368473053, 91.8052597046, -10.6649332047, 58.8228111267, 29.3049678802, -12.6131305695, -16.2493076324, -29.7034931183, -8.60281658173], [-348.682189941, 410.429992676, 155.157424927, -12.368473053, 476.880249023, 61.9365882874, 105.74634552, 37.3221893311, 66.984375, 22.7350788116, 33.0699119568, -6.36262512207, -6.35163784027], [209.824798584, -238.082809448, 113.809585571, 91.8052597046, 61.9365882874, 328.341308594, 62.0063858032, 62.837638855, 3.49897575378, 8.86426353455, 8.59515571594, 26.6412143707, -17.2466678619], [-42.4232292175, 122.196510315, 58.6847114563, -10.6649332047, 105.74634552, 62.0063858032, 210.717514038, 54.5681686401, 21.804019928, 13.1580305099, 28.3686408997, -3.06717061996, 1.44950950146], [137.981842041, -67.271446228, 38.1706619263, 58.8228111267, 37.3221893311, 62.837638855, 54.5681686401, 152.801513672, 48.502456665, 20.2706699371, 2.76935219765, -8.68485736847, -5.51281690598], [-84.9786300659, 87.0649490356, 28.4847354889, 29.3049678802, 66.984375, 3.49897575378, 21.804019928, 48.502456665, 146.480773926, 45.2362709045, 9.95414161682, -7.24563264847, 1.3139090538], [-139.429107666, -5.25227642059, 81.957611084, -12.6131305695, 22.7350788116, 8.86426353455, 13.1580305099, 20.2706699371, 45.2362709045, 113.320304871, 37.5702934265, 0.323641210794, -12.5567874908], [-197.483932495, 143.401031494, -38.5832939148, -16.2493076324, 33.0699119568, 8.59515571594, 28.3686408997, 2.76935219765, 9.95414161682, 37.5702934265, 116.163764954, 11.5833396912, 11.1697750092], [131.377044678, -212.342971802, -35.3923301697, -29.7034931183, -6.36262512207, 26.6412143707, -3.06717061996, -8.68485736847, -7.24563264847, 0.323641210794, 11.5833396912, 113.888931274, 24.5761260986], [-145.491653442, 41.1089553833, -81.5366363525, -8.60281658173, -6.35163784027, -17.2466678619, 1.44950950146, -5.51281690598, 1.3139090538, -12.5567874908, 11.1697750092, 24.5761260986, 85.3465423584]], "icov": [[0.00010881433991, 1.84396212717e-05, 4.5278298785e-05, -1.18955895232e-05, 5.16635700478e-05, -3.59151490557e-05, -1.82695639523e-05, -0.000106651576061, 1.40456368172e-05, 9.34188065003e-05, 0.000129722509882, -0.000143267388921, 0.000246487819823], [1.84396212717e-05, 0.000763715186622, -6.61402518745e-05, 0.00025214991183, -0.000551095465198, 0.000422063225415, -0.000196922381292, 0.000398008385673, -0.000372180686099, 0.000578414648771, -0.000991640496068, 0.00153140781913, -0.000521234876942], [4.5278298785e-05, -6.61402518745e-05, 0.000808999233413, -0.000241252055275, -0.000161534204381, -0.000191785889911, -0.00012829368643, 1.656744098e-05, 0.000216542743146, -0.000730071566068, 0.00065372773679, -0.000145545316627, 0.000655690324493], [-1.18955895232e-05, 0.00025214991183, -0.000241252055275, 0.00228817737661, 1.46465990838e-05, -0.000468011130579, 0.000386023282772, -0.000502415001392, -0.00062471703859, 0.000850873882882, -0.00044234842062, 0.00118186383042, -0.000421691918746], [5.16635700478e-05, -0.000551095465198, -0.000161534204381, 1.46465990838e-05, 0.00305674574338, -0.000633808667772, -0.00088170793606, -0.00019380300364, -0.000901609833818, 9.11302340683e-05, 0.000208443540032, -0.00106313731521, 0.000608682981692], [-3.59151490557e-05, 0.000422063225415, -0.000191785889911, -0.000468011130579, -0.000633808667772, 0.0041020764038, -0.000836952822283, -0.000953645503614, 0.000433590525063, 0.000261950510321, -0.000732014828827, -0.000449403829407, 0.000496542721521], [-1.82695639523e-05, -0.000196922381292, -0.00012829368643, 0.000386023282772, -0.00088170793606, -0.000836952822283, 0.00620072195306, -0.0019223834388, 0.000211267615668, 0.000170969113242, -0.000978455878794, 7.06325226929e-05, -0.000354563147994], [-0.000106651576061, 0.000398008385673, 1.656744098e-05, -0.000502415001392, -0.00019380300364, -0.000953645503614, -0.0019223834388, 0.00908497069031, -0.00258290441707, -0.000460100680357, -9.83340141829e-05, 0.00153739238158, -0.000453753600596], [1.40456368172e-05, -0.000372180686099, 0.000216542743146, -0.00062471703859, -0.000901609833818, 0.000433590525063, 0.000211267615668, -0.00258290441707, 0.00945845339447, -0.00389047828503, 0.00125571456738, -0.000550082244445, -0.000526738527697], [9.34188065003e-05, 0.000578414648771, -0.000730071566068, 0.000850873882882, 9.11302340683e-05, 0.000261950510321, 0.000170969113242, -0.000460100680357, -0.00389047828503, 0.0129576362669, -0.00484672002494, 0.000723326054867, 0.00168836989906], [0.000129722509882, -0.000991640496068, 0.00065372773679, -0.00044234842062, 0.000208443540032, -0.000732014828827, -0.000978455878794, -9.83340141829e-05, 0.00125571456738, -0.00484672002494, 0.0122216520831, -0.00283353030682, -0.000359399884474], [-0.000143267388921, 0.00153140781913, -0.000145545316627, 0.00118186383042, -0.00106313731521, -0.000449403829407, 7.06325226929e-05, 0.00153739238158, -0.000550082244445, 0.000723326054867, -0.00283353030682, 0.0134421782568, -0.00445865141228], [0.000246487819823, -0.000521234876942, 0.000655690324493, -0.000421691918746, 0.000608682981692, 0.000496542721521, -0.000354563147994, -0.000453753600596, -0.000526738527697, 0.00168836989906, -0.000359399884474, -0.00445865141228, 0.014681908302]], "mean": [-46.8239097595, 93.5306625366, -100.387733459, 35.040802002, -52.6263313293, 10.343167305, -34.0379524231, 2.15325641632, -16.6212711334, 5.95144081116, -7.97978639603, -0.93211555481, -9.96926021576]}, "melbands_spread": {"min": 0.204406931996, "max": 269.566619873, "dvar2": 576.605407715, "median": 15.7365064621, "dmean2": 13.9289731979, "dmean": 9.19198036194, "var": 593.377197266, "dvar": 256.646026611, "mean": 22.3948974609}, "spectral_energy": {"min": 4.75436756631e-09, "max": 0.165413796902, "dvar2": 0.00110509595834, "median": 0.0117533020675, "dmean2": 0.01936481148, "dmean": 0.0127639388666, "var": 0.000621638260782, "dvar": 0.000474917411339, "mean": 0.0205894038081}, "mfcc": {"cov": [[10547.3798828, -1216.8416748, -757.916870117, -140.196456909, -367.437469482, -28.8432197571, -150.503585815, 260.879394531, -17.9411849976, -55.885055542, -94.9092330933, -57.9111175537, -76.8555679321], [-1216.8416748, 2477.44213867, -42.5464820862, 97.2091064453, 162.11605835, -47.8267440796, 119.871063232, -90.5623779297, 19.4116439819, 90.2212905884, 94.2520065308, 32.0554389954, -30.7415027618], [-757.916870117, -42.5464820862, 1138.95214844, 168.015991211, 130.466583252, 95.0169296265, 58.3316192627, 7.87155723572, 38.5008850098, 56.8425865173, 21.126701355, 32.6264305115, -23.4111709595], [-140.196456909, 97.2091064453, 168.015991211, 397.453704834, 97.8095397949, 5.98600387573, 4.82720375061, 11.6509056091, 42.0186157227, 46.648235321, 19.663236618, 18.5014343262, -7.08453559875], [-367.437469482, 162.11605835, 130.466583252, 97.8095397949, 317.414855957, 87.4900665283, 41.8369483948, 41.6951637268, 49.8009567261, 38.1256027222, 17.0334777832, 49.1880607605, 25.84973526], [-28.8432197571, -47.8267440796, 95.0169296265, 5.98600387573, 87.4900665283, 204.439590454, 67.2484130859, 51.5145111084, 26.4737110138, -0.338519185781, 23.6294307709, 19.717956543, 29.0764141083], [-150.503585815, 119.871063232, 58.3316192627, 4.82720375061, 41.8369483948, 67.2484130859, 211.281051636, 59.8715667725, 12.3527116776, 32.1905403137, 15.1513175964, 31.5166339874, 21.2258796692], [260.879394531, -90.5623779297, 7.87155723572, 11.6509056091, 41.6951637268, 51.5145111084, 59.8715667725, 149.215103149, 57.2806472778, 12.7356595993, 5.70238780975, 8.34818267822, 19.5805492401], [-17.9411849976, 19.4116439819, 38.5008850098, 42.0186157227, 49.8009567261, 26.4737110138, 12.3527116776, 57.2806472778, 127.448394775, 49.5098838806, 15.2671737671, 3.65744280815, 0.728496074677], [-55.885055542, 90.2212905884, 56.8425865173, 46.648235321, 38.1256027222, -0.338519185781, 32.1905403137, 12.7356595993, 49.5098838806, 140.150772095, 51.2150154114, 20.391160965, -7.54969453812], [-94.9092330933, 94.2520065308, 21.126701355, 19.663236618, 17.0334777832, 23.6294307709, 15.1513175964, 5.70238780975, 15.2671737671, 51.2150154114, 110.3230896, 34.6682472229, 1.26537704468], [-57.9111175537, 32.0554389954, 32.6264305115, 18.5014343262, 49.1880607605, 19.717956543, 31.5166339874, 8.34818267822, 3.65744280815, 20.391160965, 34.6682472229, 115.890586853, 41.0782279968], [-76.8555679321, -30.7415027618, -23.4111709595, -7.08453559875, 25.84973526, 29.0764141083, 21.2258796692, 19.5805492401, 0.728496074677, -7.54969453812, 1.26537704468, 41.0782279968, 99.9991455078]], "icov": [[0.000119108641229, 3.52010865754e-05, 7.57534580771e-05, -2.00805898203e-05, 0.00012797411182, -7.04134290572e-05, 0.000125995327835, -0.000306638539769, 0.000108955238829, -9.04715197976e-05, 0.000113558977318, -0.000105957202322, 0.000173831562279], [3.52010865754e-05, 0.000503914663568, 9.44845960476e-05, -5.61482556805e-05, -0.000299019797239, 0.000268031086307, -0.000432963919593, 0.000448146602139, -0.000136163027491, -7.791849157e-07, -0.000393728521885, 8.81205050973e-05, 0.000173338266904], [7.57534580771e-05, 9.44845960476e-05, 0.00107663311064, -0.000363854138413, -0.000141035765409, -0.000457571615698, -0.000130876898766, 0.000102608079033, 6.62443937927e-07, -0.000285521498881, 0.000189358412172, -0.0002800381626, 0.000581815897021], [-2.00805898203e-05, -5.61482556805e-05, -0.000363854138413, 0.00296746729873, -0.000759344664402, 0.000401415600209, 0.000166948055266, 1.14209960884e-05, -0.000498174340464, -0.000395659561036, -0.000144661753438, -8.0012709077e-05, 0.000142711345688], [0.00012797411182, -0.000299019797239, -0.000141035765409, -0.000759344664402, 0.00465407269076, -0.00179293809924, 0.000536742270924, -0.000906575354747, -0.000529312004801, -0.000742796401028, 0.00108193303458, -0.00157849455718, -0.000116038041597], [-7.04134290572e-05, 0.000268031086307, -0.000457571615698, 0.000401415600209, -0.00179293809924, 0.00714685721323, -0.00191017973702, -0.000538604799658, -0.000830026052427, 0.00173372286372, -0.00220174505375, 0.000923614308704, -0.00136868830305], [0.000125995327835, -0.000432963919593, -0.000130876898766, 0.000166948055266, 0.000536742270924, -0.00191017973702, 0.00681709684432, -0.00314249680378, 0.0016514537856, -0.00189907022286, 0.00110661541112, -0.00135743943974, -8.18791522761e-05], [-0.000306638539769, 0.000448146602139, 0.000102608079033, 1.14209960884e-05, -0.000906575354747, -0.000538604799658, -0.00314249680378, 0.0110949864611, -0.00477925781161, 0.00125694111921, -0.000734946108423, 0.000872076430824, -0.00140678707976], [0.000108955238829, -0.000136163027491, 6.62443937927e-07, -0.000498174340464, -0.000529312004801, -0.000830026052427, 0.0016514537856, -0.00477925781161, 0.0118654603139, -0.00397288892418, 0.000643559440505, 0.000421934266342, 0.000402334757382], [-9.04715197976e-05, -7.791849157e-07, -0.000285521498881, -0.000395659561036, -0.000742796401028, 0.00173372286372, -0.00189907022286, 0.00125694111921, -0.00397288892418, 0.0109890243039, -0.00452766008675, -0.00014076307707, 0.000653939030599], [0.000113558977318, -0.000393728521885, 0.000189358412172, -0.000144661753438, 0.00108193303458, -0.00220174505375, 0.00110661541112, -0.000734946108423, 0.000643559440505, -0.00452766008675, 0.012845562771, -0.00372046232224, 0.001289103413], [-0.000105957202322, 8.81205050973e-05, -0.0002800381626, -8.0012709077e-05, -0.00157849455718, 0.000923614308704, -0.00135743943974, 0.000872076430824, 0.000421934266342, -0.00014076307707, -0.00372046232224, 0.0123225674033, -0.00489727687091], [0.000173831562279, 0.000173338266904, 0.000581815897021, 0.000142711345688, -0.000116038041597, -0.00136868830305, -8.18791522761e-05, -0.00140678707976, 0.000402334757382, 0.000653939030599, 0.001289103413, -0.00489727687091, 0.0130959572271]], "mean": [-695.361816406, 123.144416809, 12.6017656326, 27.6793060303, 6.18609619141, 9.40273189545, -2.27874851227, -1.03764164448, -4.97682952881, 6.18237781525, 0.316599756479, 2.45178437233, 0.161668598652]}, "spectral_contrast_valleys": {"min": [-17.5423412323, -17.6694087982, -17.4265594482, -17.8653049469, -16.8447933197, -18.2954177856], "max": [-5.07889461517, -4.3856010437, -5.32253694534, -5.44050502777, -5.60850381851, -7.6020526886], "dvar2": [0.354668259621, 0.504403829575, 0.440986931324, 0.418327510357, 0.470977693796, 0.607875883579], "median": [-7.04716920853, -7.06588983536, -7.8909330368, -8.32309150696, -8.08010959625, -10.5292949677], "dmean2": [0.710466444492, 0.751034796238, 0.676274299622, 0.653273046017, 0.618721008301, 0.661041855812], "dmean": [0.461531490088, 0.489946871996, 0.463372856379, 0.465483218431, 0.459623456001, 0.526243686676], "var": [1.66812908649, 1.48906898499, 1.43901801109, 1.35043203831, 1.32265901566, 1.68079316616], "dvar": [0.166207939386, 0.242198139429, 0.228239625692, 0.222028553486, 0.240382641554, 0.311290442944], "mean": [-7.3967499733, -7.22108459473, -7.98991203308, -8.41362476349, -8.21258354187, -10.6110372543]}, "barkbands_flatness_db": {"min": 0.0114852292463, "max": 0.529850363731, "dvar2": 0.00247048330493, "median": 0.138783082366, "dmean2": 0.0482540950179, "dmean": 0.0330525748432, "var": 0.00552018452436, "dvar": 0.00114436133299, "mean": 0.153641343117}, "dynamic_complexity": 3.84389877319, "erbbands_flatness_db": {"min": 0.0342892408371, "max": 0.494200140238, "dvar2": 0.00125023385044, "median": 0.144569307566, "dmean2": 0.0342056155205, "dmean": 0.0251528918743, 