{"lowlevel": {"spectral_complexity": {"min": 0, "max": 65, "dvar2": 60.9513053894, "median": 23, "dmean2": 7.40247964859, "dmean": 5.08617925644, "var": 191.607772827, "dvar": 32.4240455627, "mean": 23.6034374237}, "silence_rate_20dB": {"min": 1, "max": 1, "dvar2": 0, "median": 1, "dmean2": 0, "dmean": 0, "var": 0, "dvar": 0, "mean": 1}, "average_loudness": 0.856854379177, "erbbands_spread": {"min": 2.10635614395, "max": 145.076339722, "dvar2": 117.862068176, "median": 34.5995788574, "dmean2": 10.6439390182, "dmean": 6.96903991699, "var": 225.865341187, "dvar": 51.5791511536, "mean": 35.6236152649}, "spectral_kurtosis": {"min": -0.909489631653, "max": 23.4370613098, "dvar2": 2.41691040993, "median": 3.2139647007, "dmean2": 1.50369751453, "dmean": 0.912454426289, "var": 2.30913352966, "dvar": 0.911457061768, "mean": 3.42462253571}, "barkbands_kurtosis": {"min": -1.87502598763, "max": 245.614242554, "dvar2": 69.3115386963, "median": 0.187996506691, "dmean2": 3.03800415993, "dmean": 1.87001597881, "var": 48.0575866699, "dvar": 28.8861198425, "mean": 1.8084372282}, "spectral_strongpeak": {"min": 0, "max": 11.3933744431, "dvar2": 2.72544646263, "median": 0.382723212242, "dmean2": 1.13867759705, "dmean": 0.668854773045, "var": 1.82257640362, "dvar": 1.08755922318, "mean": 0.968490958214}, "spectral_spread": {"min": 1737162.25, "max": 18231700, "dvar2": 745594093568, "median": 4584787.5, "dmean2": 741533.5, "dmean": 509627.625, "var": 1312357613570.0, "dvar": 352835829760, "mean": 4716442}, "spectral_rms": {"min": 1.45533667819e-05, "max": 0.0111532090232, "dvar2": 1.73533430825e-06, "median": 0.00393263250589, "dmean2": 0.00115400878713, "dmean": 0.000828466843814, "var": 3.59974137609e-06, "dvar": 8.71030636063e-07, "mean": 0.00406932970509}, "erbbands": {"min": [2.69989868684e-07, 3.38198759664e-07, 3.29464057813e-07, 3.60859962711e-06, 8.59198462422e-06, 8.57751274452e-06, 1.66987974808e-05, 7.35890280339e-05, 5.08366974827e-05, 5.1857001381e-05, 0.000110240442154, 0.000142558958032, 0.000430554762715, 0.000276060658507, 0.000155386107508, 9.06922214199e-05, 5.59341387998e-05, 8.1291575043e-05, 7.6284595707e-05, 0.000193233121536, 0.000150612337166, 0.000224183211685, 0.000401916302508, 0.000378116092179, 0.000543636269867, 0.000283452012809, 0.000153067376232, 0.000143677913002, 0.000108013045974, 0.000121942015539, 4.7390916734e-05, 2.0179173589e-05, 1.69796840055e-05, 1.12553298095e-05, 4.34984212916e-06, 2.79351706922e-06, 1.65474773439e-06, 9.79465994533e-07, 1.12897858173e-07, 8.13934430965e-09], "max": [1.59903872013, 10.3530321121, 30.8942089081, 40.0716285706, 119.132583618, 117.181739807, 142.247924805, 179.040664673, 359.982025146, 591.040100098, 580.409545898, 994.078735352, 1826.62231445, 1525.57617188, 1538.5032959, 1321.24291992, 1948.55895996, 1584.84094238, 1512.63452148, 1636.71643066, 1822.6517334, 869.741699219, 571.19317627, 437.34588623, 636.069458008, 403.677398682, 418.865386963, 475.206085205, 257.657928467, 334.75213623, 179.631866455, 134.574401855, 78.1807403564, 38.274230957, 8.78688049316, 4.42193412781, 1.4905898571, 0.374317348003, 0.0589349605143, 0.00307165901177], "dvar2": [0.0826764404774, 4.02346134186, 32.7053375244, 22.1110286713, 281.36541748, 106.376655579, 176.793869019, 378.787078857, 637.255371094, 3534.37084961, 1822.27478027, 2775.25805664, 5469.67089844, 6186.70361328, 6574.59179688, 6852.11083984, 10049.3701172, 11772.3125, 9378.86328125, 5723.69335938, 4161.69287109, 1702.34289551, 1269.0715332, 807.277954102, 776.99005127, 487.439971924, 277.853424072, 224.020141602, 124.325004578, 136.576400757, 64.3824310303, 19.7154922485, 10.8580780029, 2.10331678391, 0.302517324686, 0.0686379894614, 0.0134375067428, 0.00217278348282, 6.20197024546e-05, 1.7149487519e-07], "median": [0.00626941397786, 0.0855310708284, 0.405309557915, 1.15744900703, 2.80138683319, 3.96581196785, 5.12340068817, 6.1730928421, 7.30317020416, 12.157207489, 12.1959991455, 10.9273281097, 13.2986354828, 14.1081180573, 11.9480381012, 13.4156951904, 19.7162590027, 21.8411369324, 21.3055076599, 16.8152999878, 14.3972730637, 11.3706493378, 11.3439331055, 11.3518180847, 12.7932577133, 10.9170608521, 7.67079687119, 5.10509395599, 4.0185251236, 3.61528635025, 2.16529774666, 1.42240762711, 0.998432040215, 0.417961269617, 0.119004502892, 0.0421350300312, 0.0175582859665, 0.0064127119258, 0.00071014201967, 6.03537700954e-05], "dmean2": [0.134442567825, 0.813663482666, 2.33440852165, 2.86149334908, 8.47426700592, 7.14816665649, 9.75059509277, 12.5001163483, 15.056883812, 33.7236213684, 23.2746353149, 24.4867038727, 38.1781158447, 34.8937835693, 33.3994560242, 36.0271034241, 47.6777648926, 47.841632843, 45.685585022, 33.5512313843, 28.6315555573, 20.5135192871, 19.6435241699, 16.880361557, 14.7350645065, 12.3768177032, 8.97302436829, 7.09154415131, 5.7574763298, 5.02947425842, 3.51280522346, 1.92682242393, 1.54634380341, 0.648111402988, 0.287433028221, 0.140243306756, 0.0662695243955, 0.028643425554, 0.00423984229565, 0.000236446663621], "dmean": [0.0921458601952, 0.489103257656, 1.30005979538, 1.67583394051, 4.98741388321, 4.20172023773, 5.74521207809, 7.48736286163, 9.29647445679, 20.654094696, 14.8965301514, 15.4783506393, 23.7993965149, 22.0991153717, 21.4764328003, 22.9817867279, 29.7634944916, 30.0425167084, 28.7787590027, 21.5053424835, 17.9688453674, 13.0579462051, 12.2170734406, 10.7670650482, 9.55024719238, 7.98544883728, 6.01040506363, 4.71158075333, 4.03043460846, 3.64930605888, 2.48686480522, 1.40375041962, 1.11536324024, 0.474885910749, 0.213176727295, 0.100846812129, 0.0456393100321, 0.01867091842, 0.00273358612321, 0.000156601352501], "var": [0.0547502338886, 1.43794202805, 7.78118419647, 8.83904838562, 97.8218994141, 57.4967727661, 97.0402832031, 183.689804077, 374.401916504, 1801.33825684, 1475.8951416, 1913.17260742, 4838.67382812, 5569.06103516, 5792.95507812, 5390.47460938, 6779.82275391, 9024.16210938, 8317.20703125, 5745.33203125, 3688.76489258, 1363.22131348, 974.023864746, 803.371765137, 738.098815918, 467.400543213, 298.217681885, 271.687774658, 186.512374878, 170.015930176, 70.1743240356, 28.8225440979, 15.4383544922, 2.10863757133, 0.288549751043, 0.0624029636383, 0.0120691936463, 0.00122784869745, 2.80426556856e-05, 9.14183928558e-08], "dvar": [0.0397981442511, 1.62208998203, 11.7034902573, 8.30594348907, 104.949020386, 39.1441116333, 66.3479385376, 146.851348877, 261.319610596, 1395.36682129, 797.571289062, 1171.24047852, 2389.7565918, 2710.47241211, 2856.47460938, 2831.92211914, 4128.61767578, 4802.64111328, 3809.41210938, 2473.55249023, 1848.21118164, 705.911560059, 514.396240234, 345.500579834, 337.904907227, 216.068969727, 128.685424805, 110.799995422, 67.1029434204, 71.5273361206, 31.9744625092, 10.4597187042, 5.34486055374, 0.961822628975, 0.142814531922, 0.0317398458719, 0.00651511177421, 0.000924753083382, 2.54972474067e-05, 7.43965742345e-08], "mean": [0.0999304577708, 0.46415361762, 1.17677485943, 2.16360092163, 5.82793140411, 6.35164499283, 8.28743362427, 10.4887981415, 13.5248470306, 27.5953140259, 23.68450737, 23.6543560028, 35.532409668, 34.6970291138, 34.1820602417, 36.1383247375, 45.1987571716, 49.987827301, 48.8893661499, 37.3622665405, 30.2752418518, 22.8052272797, 21.253068924, 19.9460792542, 19.6467971802, 16.5334262848, 12.8994178772, 9.66363430023, 8.28418159485, 7.2545042038, 4.94065093994, 2.93649578094, 2.11658906937, 0.901965677738, 0.340668946505, 0.151126503944, 0.0634726956487, 0.0222581382841, 0.00301106204279, 0.000185112498002]}, "zerocrossingrate": {"min": 0, "max": 0.330078125, "dvar2": 0.000206881522899, "median": 0.07958984375, "dmean2": 0.0140801128, "dmean": 0.0120965763927, "var": 0.00124289107043, "dvar": 0.000173174834345, "mean": 0.0822550430894}, "spectral_contrast_coeffs": {"min": [-0.901537597179, -0.948743641376, -0.948404669762, -0.94633024931, -0.901287436485, -0.873286664486], "max": [-0.337397396564, -0.458285272121, -0.433393985033, -0.47241076827, -0.601368248463, -0.5973944664], "dvar2": [0.0056979637593, 0.00386822223663, 0.00317990733311, 0.0018717929488, 0.000857202918269, 0.000534402439371], "median": [-0.642875492573, -0.773447990417, -0.783125042915, -0.795337617397, -0.804829359055, -0.753626763821], "dmean2": [0.0908548384905, 0.079625248909, 0.0696595534682, 0.0532549507916, 0.0357056856155, 0.0265608411282], "dmean": [0.0564159117639, 0.0477071143687, 0.0429876223207, 0.0332790389657, 0.022181738168, 0.0170393045992], "var": [0.00899458117783, 0.00356683484279, 0.00435654027387, 0.00337879289873, 0.00136317801662, 0.000998481176794], "dvar": [0.00235818559304, 0.0014159163693, 0.00128022639547, 0.000783883268014, 0.00035692032543, 0.000232880935073], "mean": [-0.640684247017, -0.769746661186, -0.77548456192, -0.786615610123, -0.799860179424, -0.754263937473]}, "dissonance": {"min": 0.268094927073, "max": 0.500000119209, "dvar2": 0.000728606653865, "median": 0.481789499521, "dmean2": 0.0256862081587, "dmean": 0.0150873698294, "var": 0.000484913936816, "dvar": 0.000264635804342, "mean": 0.475645363331}, "spectral_energyband_high": {"min": 1.84916792989e-08, "max": 0.0253443140537, "dvar2": 1.02581020656e-06, "median": 0.000659028708469, "dmean2": 0.000585930771194, "dmean": 0.00044856488239, "var": 1.97522922463e-06, "dvar": 5.94309028656e-07, "mean": 0.00110711669549}, "spectral_skewness": {"min": -0.0258026849478, "max": 3.81457233429, "dvar2": 0.0526164770126, "median": 1.35996818542, "dmean2": 0.242730736732, "dmean": 0.157821506262, "var": 0.0850188732147, "dvar": 0.0224881619215, "mean": 1.36931824684}, "spectral_flux": {"min": 0.000316249963362, "max": 0.273030251265, "dvar2": 0.00160781783052, "median": 0.0792104676366, "dmean2": 0.0341785438359, "dmean": 0.0232893396169, "var": 0.00220574811101, "dvar": 0.000779871072154, "mean": 0.0847948044538}, "silence_rate_30dB": {"min": 0, "max": 1, "dvar2": 0.000456288486021, "median": 1, "dmean2": 0.000304275075905, "dmean": 0.000152125954628, "var": 7.60494367569e-05, "dvar": 0.000152094929945, "mean": 0.999923944473}, "spectral_energyband_middle_high": {"min": 8.00556634317e-08, "max": 0.0765166804194, "dvar2": 3.02257139992e-05, "median": 0.00491809658706, "dmean2": 0.00398709671572, "dmean": 0.00271615735255, "var": 6.65563202347e-05, "dvar": 1.44536788866e-05, "mean": 0.00733047164977}, "barkbands_spread": {"min": 0.758927226067, "max": 121.150932312, "dvar2": 89.1864624023, "median": 26.7023544312, "dmean2": 9.25866603851, "dmean": 6.03087425232, "var": 158.077804565, "dvar": 42.0046958923, "mean": 27.6319313049}, "spectral_centroid": {"min": 238.421585083, "max": 4662.13769531, "dvar2": 152865.40625, "median": 1707.01660156, "dmean2": 412.209503174, "dmean": 264.755828857, "var": 334818.53125, "dvar": 68732.9453125, "mean": 1718.60388184}, "pitch_salience": {"min": 0.0928604230285, "max": 0.900616645813, "dvar2": 0.0134343020618, "median": 0.645078778267, "dmean2": 0.12314196676, "dmean": 0.0753215774894, "var": 0.0143996020779, "dvar": 0.00552688445896, "mean": 0.623310863972}, "erbbands_skewness": {"min": -4.29317426682, "max": 8.43963909149, "dvar2": 0.28716480732, "median": 0.222082644701, "dmean2": 0.520269215107, "dmean": 0.334955990314, "var": 0.591642677784, "dvar": 0.128558054566, "mean": 0.321316659451}, "erbbands_crest": {"min": 2.25987863541, "max": 32.7542228699, "dvar2": 17.5870342255, "median": 6.83852958679, "dmean2": 4.26590394974, "dmean": 2.62655067444, "var": 21.9224147797, "dvar": 7.1352891922, "mean": 8.18777942657}, "melbands": {"min": [2.7820052928e-09, 1.50392920339e-10, 4.75899208929e-10, 8.51213821651e-10, 6.33815666617e-10, 1.53747237164e-09, 7.86043674594e-10, 5.2008997109e-10, 7.29682703149e-10, 1.04756281427e-09, 2.06940153902e-09, 8.54228021652e-10, 2.98464586379e-10, 1.82311887809e-10, 1.48363141217e-10, 1.21337648262e-10, 1.58526108907e-10, 1.19834628332e-10, 1.09750881994e-10, 2.91034724098e-10, 1.35310984639e-10, 1.64173466488e-10, 2.58492172112e-10, 3.6318315022e-10, 2.71063393953e-10, 4.36236241574e-10, 3.17563364494e-10, 1.58346655232e-10, 8.29137036806e-11, 7.23650792067e-11, 5.72421797462e-11, 6.05708747048e-11, 5.70868526062e-11, 5.58917946647e-11, 2.63762362646e-11, 1.17803189079e-11, 1.03671255608e-11, 1.12154322288e-11, 1.22450131632e-11, 7.96841932715e-12], "max": [0.013842032291, 0.0151708032936, 0.0101803522557, 0.00797246675938, 0.00402986491099, 0.00393470143899, 0.00530339637771, 0.00659968098626, 0.00510190054774, 0.00602350942791, 0.0090589215979, 0.00641684886068, 0.00586118968204, 0.00359036098234, 0.00322812749073, 0.00433392403647, 0.0034241899848, 0.00296290451661, 0.00251446384937, 0.00184426514897, 0.00215620943345, 0.00120631675236, 0.00106870674063, 0.000590362586081, 0.000420514610596, 0.000454290013295, 0.000481346942252, 0.000305029388983, 0.000244584778557, 0.000255475490121, 0.000426145474194, 0.000148578823428, 0.000206050841371, 0.00017984592705, 0.000129392385134, 5.84120789426e-05, 9.2855974799e-05, 7.19020899851e-05, 3.98452357331e-05, 2.99612547678e-05], "dvar2": [5.09112851432e-06, 8.05514991953e-06, 1.354752726e-06, 9.35223511078e-07, 1.75666130531e-07, 1.74805322217e-07, 1.83589634162e-07, 3.72540199578e-07, 1.20527943182e-07, 1.11300089145e-07, 1.38625324553e-07, 1.13375975275e-07, 7.63005729709e-08, 6.53770584336e-08, 4.73887453722e-08, 5.5162100665e-08, 4.90922857921e-08, 3.23387112644e-08, 1.48704950576e-08, 1.14851204103e-08, 6.95950097551e-09, 2.50008125313e-09, 1.86022830473e-09, 1.13445752792e-09, 6.65754285034e-10, 5.48983913884e-10, 5.1006671109e-10, 2.39707281802e-10, 1.46314044214e-10, 1.08256681397e-10, 8.932516532e-11, 4.26729936109e-11, 5.93343499333e-11, 4.78170246454e-11, 2.90109550966e-11, 1.3192912908e-11, 8.07047137452e-12, 8.28486584892e-12, 3.26412768342e-12, 1.34833106052e-12], "median": [8.92825773917e-05, 0.000202079914743, 0.000263516500127, 0.000274765421636, 0.000185667566257, 0.000142857636092, 0.000119182033814, 0.000131468143081, 9.1570924269e-05, 6.53190436424e-05, 6.36231416138e-05, 5.40067194379e-05, 3.79917328246e-05, 3.26620574924e-05, 3.59947080142e-05, 3.93365990021e-05, 3.73629009118e-05, 3.24104548781e-05, 2.33647697314e-05, 1.70561997948e-05, 1.52857610374e-05, 1.08922959043e-05, 9.60541365203e-06, 9.93427238427e-06, 8.51887034514e-06, 8.57695522427e-06, 8.85016015673e-06, 6.33609624856e-06, 4.76953619e-06, 3.40469841831e-06, 2.54747806139e-06, 2.12193276639e-06, 2.14574902202e-06, 1.93919254343e-06, 1.24180610328e-06, 1.01294790511e-06, 7.5841535363e-07, 6.90408398896e-07, 5.55436542982e-07, 2.7697223004e-07], "dmean2": [0.00104544346686, 0.00114144105464, 0.00068278668914, 0.000575552694499, 0.000311271694954, 0.000275976693956, 0.000252173194895, 0.000353515642928, 0.000185881450307, 0.000160355877597, 0.000193250525626, 0.000146400183439, 0.000115986229503, 0.000108381595055, 0.000100587778434, 0.000106724612124, 9.53014678089e-05, 8.264855569e-05, 5.42460766155e-05, 4.30244181189e-05, 3.5365264921e-05, 2.23997849389e-05, 2.16785047087e-05, 1.82652402145e-05, 1.46633119584e-05, 1.32269487949e-05, 1.12268317025e-05, 8.60776617628e-06, 6.64381877868e-06, 4.96351094625e-06, 4.21580716647e-06, 3.30140574079e-06, 3.6281278426e-06, 2.94957590086e-06, 2.29707211474e-06, 1.68504095654e-06, 1.16269222872e-06, 1.22694825677e-06, 8.97539791822e-07, 4.95972415138e-07], "dmean": [0.00070055417018, 0.000655710813589, 0.000400894874474, 0.000339733087458, 0.000184130942216, 0.000166009165696, 0.000156509515364, 0.000217266438995, 0.000118604832096, 0.000101342819107, 0.000120582364616, 9.26639841055e-05, 7.38852322684e-05, 6.86532948748e-05, 6.34001698927e-05, 6.6077336669e-05, 5.96500212851e-05, 5.15641077072e-05, 3.45095177181e-05, 2.7100688385e-05, 2.18817567657e-05, 1.42328099173e-05, 1.31898286782e-05, 1.12910984171e-05, 9.2402460723e-06, 8.21168032417e-06, 7.14244424671e-06, 5.43517944607e-06, 4.37672406406e-06, 3.18264437738e-06, 2.77971594187e-06, 2.25866074288e-06, 2.52188033301e-06, 2.05826836464e-06, 1.614926191e-06, 1.13124167456e-06, 8.22286665425e-07, 8.57639292917e-07, 6.25238328666e-07, 3.56914824806e-07], "var": [3.25131713907e-06, 2.1732867026e-06, 4.97317273584e-07, 3.82196930104e-07, 1.05019815066e-07, 8.99216914263e-08, 1.03627421311e-07, 2.06843139949e-07, 9.62607131783e-08, 8.11302882653e-08, 1.2353912382e-07, 9.87260619922e-08, 6.08313968087e-08, 4.85525468719e-08, 4.01137967287e-08, 3.82846145897e-08, 3.5395920861e-08, 2.69650204388e-08, 1.51608734456e-08, 8.99050522918e-09, 5.3774793507e-09, 1.70913272424e-09, 1.20291543393e-09, 7.64372121154e-10, 5.8397958691e-10, 4.53103610187e-10, 3.95898480665e-10, 1.95302413131e-10, 1.47296758124e-10, 8.71096667021e-11, 1.0980717724e-10, 5.4321280113e-11, 7.16353504293e-11, 5.15614391461e-11, 2.8759862547e-11, 1.33629080024e-11, 1.09479222563e-11, 1.01840549882e-11, 3.31979756185e-12, 1.14842944182e-12], "dvar": [2.43300360125e-06, 2.9874070151e-06, 5.03153557929e-07, 3.48077804802e-07, 6.62753762981e-08, 6.82944616415e-08, 7.498150012e-08, 1.48357358398e-07, 5.24595193951e-08, 4.77324029191e-08, 6.0669094637e-08, 4.94832690379e-08, 3.3287690826e-08, 2.68901132472e-08, 1.99196588113e-08, 2.34422223855e-08, 1.99615470819e-08, 1.3351143302e-08, 6.64198651634e-09, 4.85506701509e-09, 3.07018965806e-09, 1.01576325129e-09, 7.47326756034e-10, 4.45299935814e-10, 2.8029403798e-10, 2.29490912385e-10, 2.15756607025e-10, 1.027652477e-10, 6.65584184989e-11, 4.7334251102e-11, 4.54754046919e-11, 2.13167729995e-11, 3.05684713653e-11, 2.40382453526e-11, 1.41118748631e-11, 6.23616566373e-12, 4.11522378674e-12, 3.88030926834e-12, 1.50355682765e-12, 5.90186482585e-13], "mean": [0.000790147052612, 0.00060746044619, 0.000494858773891, 0.00046086718794, 0.000285271904431, 0.000238597247517, 0.000224737261306, 0.00029837639886, 0.000184998236364, 0.000150745574501, 0.00017668234068, 0.000140399410157, 0.000110390115879, 0.000102548161522, 9.48091692408e-05, 9.63045968092e-05, 9.26503635128e-05, 8.10287892818e-05, 5.72414355702e-05, 4.2370720621e-05, 3.39499019901e-05, 2.32554193644e-05, 2.0432025849e-05, 1.85687276826e-05, 1.5794455976e-05, 1.44716768773e-05, 1.35725576911e-05, 1.01835539681e-05, 8.50397555041e-06, 6.18940839558e-06, 5.32121339347e-06, 4.4707098823e-06, 4.64399863631e-06, 3.85516068491e-06, 3.00028500533e-06, 2.19597745854e-06, 1.61748050687e-06, 1.54354927417e-06, 1.1416441339e-06, 6.42444774712e-07]}, "spectral_entropy": {"min": 5.81453561783, "max": 8.72291469574, "dvar2": 0.0415961071849, "median": 7.91052818298, "dmean2": 0.192200437188, "dmean": 0.129440411925, "var": 0.0949359163642, "dvar": 0.0200926549733, "mean": 7.86067438126}, "spectral_rolloff": {"min": 21.533203125, "max": 15546.9726562, "dvar2": 1442680.25, "median": 1830.32226562, "dmean2": 940.997436523, "dmean": 582.622131348, "var": 1873261.75, "dvar": 683050.8125, "mean": 2061.21362305}, "barkbands": {"min": [1.27861357058e-08, 4.894363137e-09, 3.6413305704e-10, 4.31212954233e-10, 4.69311789431e-09, 8.2725550854e-09, 2.73027755959e-09, 2.59565369198e-09, 6.51313314393e-09, 9.52236511864e-09, 1.85712489831e-09, 1.45495548942e-09, 1.20672405401e-09, 1.56814139451e-09, 1.40774847335e-09, 3.42621375715e-09, 2.72460010109e-09, 7.93614951533e-09, 1.04613633312e-08, 6.07629369043e-09, 3.31506844198e-09, 3.37956351792e-09, 1.89913862414e-09, 1.04002906287e-09, 7.6834710816e-10, 1.17767573471e-09, 6.19636619792e-10], "max": [0.0151029173285, 0.0453210473061, 0.0259091965854, 0.0236536916345, 0.0309119224548, 0.0202611703426, 0.0251949690282, 0.0257054660469, 0.0343444794416, 0.0471500493586, 0.0362199284136, 0.0268860124052, 0.036072589457, 0.0331004448235, 0.0311679169536, 0.0283431056887, 0.0209140814841, 0.0111244358122, 0.0107512334362, 0.00861804187298, 0.0089727640152, 0.00846373476088, 0.00711964908987, 0.00539105571806, 0.00250143930316, 0.000719631789252, 0.000348335364833], "dvar2": [9.72991983872e-07, 6.24505337328e-05, 2.22152993956e-05, 5.83137443755e-06, 1.40692609421e-05, 4.78278661831e-06, 7.35806588636e-06, 5.38238464287e-06, 5.11001235282e-06, 6.46628495815e-06, 3.98698466597e-06, 4.58470549347e-06, 5.12231781613e-06, 5.03580986333e-06, 2.87756915895e-06, 1.79353173735e-06, 6.50585093354e-07, 4.25796201853e-07, 2.9191207318e-07, 2.22623270929e-07, 1.48719394133e-07, 9.42271682902e-08, 8.78689903061e-08, 3.53485596349e-08, 9.51650491743e-09, 3.31642846518e-09, 2.36691666267e-09], "median": [0.000233375976677, 0.000321884814184, 0.000345500244293, 0.000440453382907, 0.00128491315991, 0.000776806904469, 0.000636700191535, 0.000510379264597, 0.00047139977687, 0.000446686870418, 0.00025792978704, 0.000288354640361, 0.000385049032047, 0.000414342852309, 0.000321251631249, 0.000256437633652, 0.000196366483578, 0.000205908858334, 0.000227833705139, 0.000228589589824, 0.000156062771566, 0.000112549663754, 8.72281671036e-05, 6.45335676381e-05, 2.54618098552e-05, 1.0356434359e-05, 4.56054931419e-06], "dmean2": [0.000560074462555, 0.00351067329757, 0.00199517281726, 0.00138025847264, 0.00237167044543, 0.00149899173994, 0.00154888827819, 0.00127562822308, 0.00116070953663, 0.00127669656649, 0.000859924359247, 0.000947724969592, 0.0010550764855, 0.00103019096423, 0.000782967777923, 0.00059159391094, 0.000391640933231, 0.000370178750018, 0.000313540745992, 0.000266407732852, 0.000197566914721, 0.000154513210873, 0.000128020794364, 8.56114784256e-05, 4.66724268335e-05, 3.41344712069e-05, 2.7694628443e-05], "dmean": [0.000414021633333, 0.00230085011572, 0.00112265662756, 0.000797961605713, 0.001409189892, 0.0008953679353, 0.000964526319876, 0.000792206206825, 0.000731828506105, 0.000797868240625, 0.000537423824426, 0.000597888196353, 0.000654603296425, 0.000650813221, 0.00049459876027, 0.000369278888684, 0.000245335773798, 0.000230479854508, 0.000198101828573, 0.000171695050085, 0.000131439024699, 0.000109824824904, 9.37721197261e-05, 6.42564846203e-05, 3.43702486134e-05, 2.39901237364e-05, 1.7880985979e-05], "var": [1.15095474484e-06, 3.46195265593e-05, 5.61130900678e-06, 2.09219297176e-06, 6.45313730274e-06, 2.42027022068e-06, 3.89271463064e-06, 3.73405760001e-06, 4.07715651818e-06, 5.58113197258e-06, 2.95061749966e-06, 3.70124371329e-06, 3.48514140569e-06, 4.09625545217e-06, 2.64134610006e-06, 1.54412236952e-06, 4.65910915182e-07, 3.2488276247e-07, 2.89945148779e-07, 2.16993328195e-07, 1.66927492273e-07, 1.4263257242e-07, 1.02442896832e-07, 6.04054193332e-08, 9.38468946998e-09, 3.1990461391e-09, 1.13816189806e-09], "dvar": [5.12175631684e-07, 2.855481398e-05, 8.03517468739e-06, 2.106378588e-06, 5.29332601218e-06, 1.83484598892e-06, 3.00719693769e-06, 2.25377948482e-06, 2.23389884013e-06, 2.8018764624e-06, 1.72660622866e-06, 1.89024376596e-06, 2.1556579668e-06, 2.11090218727e-06, 1.20117363167e-06, 7.88489785464e-07, 2.66480753908e-07, 1.71215802425e-07, 1.26931496425e-07, 9.88132811131e-08, 7.16898327369e-08, 5.14953448771e-08, 4.45913492797e-08, 1.91497626645e-08, 4.44530101618e-09, 1.60689805906e-09, 9.8884700428e-10], "mean": [0.000654234783724, 0.00250498368405, 0.0010436992161, 0.000946332875174, 0.00203607161529, 0.00127696618438, 0.00131715985481, 0.00113914185204, 0.00109218945727, 0.00117718498223, 0.000751948857214, 0.00089588528499, 0.000947671476752, 0.00102807616349, 0.000802740396466, 0.000587603426538, 0.00040193554014, 0.000387995154597, 0.000378843309591, 0.000350476038875, 0.000280200038105, 0.000227050797548, 0.000186593999388, 0.000132028042572, 6.13568627159e-05, 3.50360969605e-05, 1.96609580598e-05]}, "melbands_flatness_db": {"min": 0.0205079261214, "max": 0.458199113607, "dvar2": 0.00151159241796, "median": 0.124990656972, "dmean2": 0.0372443981469, "dmean": 0.0242181271315, "var": 0.00299095711671, "dvar": 0.000696654140484, "mean": 0.13742390275}, "melbands_skewness": {"min": -2.3550350666, "max": 21.9169158936, "dvar2": 1.39189732075, "median": 1.64021849632, "dmean2": 0.965641260147, "dmean": 0.624160408974, "var": 1.94995069504, "dvar": 0.634952962399, "mean": 1.81289172173}, "barkbands_skewness": {"min": -3.01004767418, "max": 12.7395792007, "dvar2": 0.728841125965, "median": 0.787177562714, "dmean2": 0.722596645355, "dmean": 0.470199197531, "var": 1.0389046669, "dvar": 0.318516612053, "mean": 0.910126149654}, "silence_rate_60dB": {"min": 0, "max": 1, "dvar2": 0.040518656373, "median": 0, "dmean2": 0.0383386574686, "dmean": 0.0191678702831, "var": 0.0954940542579, "dvar": 0.018799489364, "mean": 0.10693641752}, "spectral_energyband_low": {"min": 1.9662317996e-08, "max": 0.0639982223511, "dvar2": 0.000116749695735, "median": 0.00143314921297, "dmean2": 0.00504447612911, "dmean": 0.00335063273087, "var": 6.51473674225e-05, "dvar": 5.22588998138e-05, "mean": 0.00423529651016}, "spectral_energyband_middle_low": {"min": 8.10341234114e-08, "max": 0.0678575858474, "dvar2": 9.64249265962e-05, "median": 0.00604129675776, "dmean2": 0.00646860478446, "dmean": 0.00409847358242, "var": 6.53622410027e-05, "dvar": 3.86971478292e-05, "mean": 0.00822327379137}, "melbands_kurtosis": {"min": -1.8576811552, "max": 793.888427734, "dvar2": 536.711181641, "median": 3.31038427353, "dmean2": 7.68553829193, "dmean": 4.76729345322, "var": 414.266662598, "dvar": 239.662948608, "mean": 7.24690341949}, "spectral_decrease": {"min": -3.03851308558e-08, "max": -4.80498785563e-14, "dvar2": 1.52378762213e-17, "median": -3.75167541478e-09, "dmean2": 2.92647683864e-09, "dmean": 2.02902450397e-09, "var": 1.75614447599e-17, "dvar": 7.16369677898e-18, "mean": -4.91911578138e-09}, "erbbands_kurtosis": {"min": -1.7643532753, "max": 84.4634552002, "dvar2": 10.9044561386, "median": -0.19580578804, "dmean2": 1.45677375793, "dmean": 0.923757195473, "var": 13.1224937439, "dvar": 4.82009601593, "mean": 0.621585011482}, "melbands_crest": {"min": 2.74565052986, "max": 37.1796188354, "dvar2": 26.5470352173, "median": 9.64607048035, "dmean2": 5.71844577789, "dmean": 3.57885408401, "var": 32.5210380554, "dvar": 11.2008037567, "mean": 11.3288726807}, "gfcc": {"cov": [[7038.31494141, -282.811126709, 217.818206787, -79.4160766602, 324.017303467, 73.8181762695, -100.103843689, -98.9897232056, -277.565856934, 50.6693763733, -238.856033325, -111.031867981, -243.614547729], [-282.811126709, 1187.43945312, 84.1739578247, 260.314666748, 66.6925430298, 68.6136779785, 54.5451812744, 51.6435089111, 44.8321342468, -95.5101699829, 40.1545028687, -73.1844024658, 23.6626281738], [217.818206787, 84.1739578247, 729.333129883, 105.948730469, 66.6268386841, 30.0904903412, 10.6152486801, 69.4532012939, 38.4046363831, 3.45232820511, -7.45212173462, 36.5148506165, -48.5841560364], [-79.4160766602, 260.314666748, 105.948730469, 358.504974365, 90.0023956299, 88.0255203247, 8.88420677185, 40.1521492004, 51.4935913086, 1.8374351263, 30.0696220398, -6.60778284073, 22.010509491], [324.017303467, 66.6925430298, 66.6268386841, 90.0023956299, 331.409423828, 104.136749268, 101.239990234, 17.019449234, 39.6627693176, 38.7597236633, 21.6824512482, 11.7133302689, 10.7139177322], [73.8181762695, 68.6136779785, 30.0904903412, 88.0255203247, 104.136749268, 198.320022583, 82.5623779297, 38.5926132202, 19.5330429077, 15.5987443924, 36.3008804321, 5.29247760773, 16.6082649231], [-100.103843689, 54.5451812744, 10.6152486801, 8.88420677185, 101.239990234, 82.5623779297, 171.333511353, 58.2148971558, 38.0481491089, 20.9243965149, 37.3421707153, 23.7092437744, 22.65376091], [-98.9897232056, 51.6435089111, 69.4532012939, 40.1521492004, 17.019449234, 38.5926132202, 58.2148971558, 125.717025757, 65.6965255737, 11.6017875671, 16.7140769958, 20.7757110596, 17.2442245483], [-277.565856934, 44.8321342468, 38.4046363831, 51.4935913086, 39.6627693176, 19.5330429077, 38.0481491089, 65.6965255737, 122.349830627, 40.7307701111, 38.9124221802, 8.54803657532, 28.7882003784], [50.6693763733, -95.5101699829, 3.45232820511, 1.8374351263, 38.7597236633, 15.5987443924, 20.9243965149, 11.6017875671, 40.7307701111, 98.5294647217, 35.1570968628, 15.5376167297, 7.31287384033], [-238.856033325, 40.1545028687, -7.45212173462, 30.0696220398, 21.6824512482, 36.3008804321, 37.3421707153, 16.7140769958, 38.9124221802, 35.1570968628, 100.188919067, 29.4333324432, 23.0901355743], [-111.031867981, -73.1844024658, 36.5148506165, -6.60778284073, 11.7133302689, 5.29247760773, 23.7092437744, 20.7757110596, 8.54803657532, 15.5376167297, 29.4333324432, 78.0762329102, 26.5580215454], [-243.614547729, 23.6626281738, -48.5841560364, 22.010509491, 10.7139177322, 16.6082649231, 22.65376091, 17.2442245483, 28.7882003784, 7.31287384033, 23.0901355743, 26.5580215454, 79.0584182739]], "icov": [[0.00020844071696, 1.08354583972e-06, -2.63609890681e-05, 4.47765160061e-05, -0.00028888657107, -0.000101575365989, 0.000203140007216, -0.000234090432059, 0.000564229383599, -0.000394506525481, 0.000342956336681, 0.000131658875034, 0.000353289535269], [1.08354583972e-06, 0.00133270188235, -0.000152117107064, -0.000768955855165, -0.000125882943394, 0.000299445237033, -0.000468835787615, -0.000296540121781, 1.12581210487e-05, 0.00160862633493, -0.00113276741467, 0.00176491064485, -0.000536707695574], [-2.63609890681e-05, -0.000152117107064, 0.0017865790287, -0.000395009788917, -0.000202280396479, -0.000103755723103, 0.000316771998769, -0.000642277183942, -0.00061802304117, 9.07149733393e-05, 0.000607911031693, -0.00176358956378, 0.00190226885024], [4.47765160061e-05, -0.000768955855165, -0.000395009788917, 0.00428117765114, -0.000862153770868, -0.0016194145428, 0.00185878318734, -0.000524488161318, -0.000767468765844, -0.000130365224322, -0.000270098040346, 0.000157576490892, -0.000710242544301], [-0.00028888657107, -0.000125882943394, -0.000202280396479, -0.000862153770868, 0.00502005638555, -0.00126424361952, -0.00275859795511, 0.0023293516133, -0.00196182378568, -0.000787705590483, 0.000936619238928, -0.00092283426784, -4.54410474049e-05], [-0.000101575365989, 0.000299445237033, -0.000103755723103, -0.0016194145428, -0.00126424361952, 0.00810501165688, -0.00274627981707, -0.00161740777548, 0.00206398265436, 0.00014798885968, -0.00243330164813, 0.00199976284057, -0.00113350816537], [0.000203140007216, -0.000468835787615, 0.000316771998769, 0.00185878318734, -0.00275859795511, -0.00274627981707, 0.0107020679861, -0.00405419245362, 0.000632354116533, -0.000493066443596, -0.00127249222714, -0.00112833769526, -0.000222056551138], [-0.000234090432059, -0.000296540121781, -0.000642277183942, -0.000524488161318, 0.0023293516133, -0.00161740777548, -0.00405419245362, 0.0149617549032, -0.00841155089438, 0.00144374626689, 0.00253719254397, -0.00384493893944, 0.000521119334735], [0.000564229383599, 1.12581210487e-05, -0.00061802304117, -0.000767468765844, -0.00196182378568, 0.00206398265436, 0.000632354116533, -0.00841155089438, 0.0180554222316, -0.00575698679313, -0.00320356804878, 0.00486843427643, -0.00368700362742], [-0.000394506525481, 0.00160862633493, 9.07149733393e-05, -0.000130365224322, -0.000787705590483, 0.00014798885968, -0.000493066443596, 0.00144374626689, -0.00575698679313, 0.0162886139005, -0.00502372719347, -7.98132241471e-05, 0.000380666548153], [0.000342956336681, -0.00113276741467, 0.000607911031693, -0.000270098040346, 0.000936619238928, -0.00243330164813, -0.00127249222714, 0.00253719254397, -0.00320356804878, -0.00502372719347, 0.0167943872511, -0.00644277967513, 0.000930600101128], [0.000131658875034, 0.00176491064485, -0.00176358956378, 0.000157576490892, -0.00092283426784, 0.00199976284057, -0.00112833769526, -0.00384493893944, 0.00486843427643, -7.98132241471e-05, -0.00644277967513, 0.0212918072939, -0.00741950096563], [0.000353289535269, -0.000536707695574, 0.00190226885024, -0.000710242544301, -4.54410474049e-05, -0.00113350816537, -0.000222056551138, 0.000521119334735, -0.00368700362742, 0.000380666548153, 0.000930600101128, -0.00741950096563, 0.0189871490002]], "mean": [8.53501796722, 62.9212722778, -128.259643555, 21.1239280701, -63.3474845886, 7.84065580368, -35.3199386597, 0.148546382785, -19.735748291, 0.28644195199, -12.9782428741, -2.65211558342, -11.9834241867]}, "melbands_spread": {"min": 0.494189560413, "max": 225.172790527, "dvar2": 242.896713257, "median": 31.722076416, "dmean2": 13.5704269409, "dmean": 8.76948738098, "var": 370.66506958, "dvar": 114.199989319, "mean": 33.545501709}, "spectral_energy": {"min": 2.1709550424e-07, "max": 0.127503931522, "dvar2": 0.000238856620854, "median": 0.0158522389829, "dmean2": 0.011737040244, "dmean": 0.00821726862341, "var": 0.000300622545183, "dvar": 0.000113697235065, "mean": 0.0206631161273}, "mfcc": {"cov": [[6764.84814453, -31.3408050537, -288.257904053, -13.540561676, 132.799301147, 158.567474365, 97.0446166992, -130.179138184, -58.7544593811, -78.3727035522, -80.5399017334, -61.3703918457, -29.9726390839], [-31.3408050537, 760.2265625, 106.065002441, 111.747055054, 69.6507873535, 11.1911745071, 51.2783699036, 69.8287658691, 15.7273845673, 16.285112381, 13.2496442795, -8.84557056427, -18.9828090668], [-288.257904053, 106.065002441, 568.602050781, 102.672111511, 68.7182922363, -27.2558765411, -26.0197505951, 58.8447036743, -1.07145929337, -5.87709474564, 44.3254241943, 19.8478374481, -20.7167396545], [-13.540561676, 111.747055054, 102.672111511, 242.755554199, 101.901039124, 38.8814697266, 3.18495154381, 29.2750530243, 25.8957557678, 13.8510742188, 7.62938499451, 25.3055000305, 16.0716953278], [132.799301147, 69.6507873535, 68.7182922363, 101.901039124, 207.797180176, 83.6358566284, 36.8934326172, 33.095539093, 31.0575199127, 21.2345275879, 20.9325199127, 22.6279315948, 17.6674079895], [158.567474365, 11.1911745071, -27.2558765411, 38.8814697266, 83.6358566284, 167.266159058, 88.6633605957, 19.9770812988, 17.5031738281, 20.5418968201, 10.8918991089, 12.8948249817, 21.9024925232], [97.0446166992, 51.2783699036, -26.0197505951, 3.18495154381, 36.8934326172, 88.6633605957, 142.687423706, 57.0253562927, 19.94871521, 18.6946353912, 20.9119052887, 11.254986763, 16.9010047913], [-130.179138184, 69.8287658691, 58.8447036743, 29.2750530243, 33.095539093, 19.9770812988, 57.0253562927, 124.764213562, 46.4483833313, 12.235200882, 23.4794883728, 11.0796689987, 3.86866807938], [-58.7544593811, 15.7273845673, -1.07145929337, 25.8957557678, 31.0575199127, 17.5031738281, 19.94871521, 46.4483833313, 96.9432220459, 43.5175285339, 11.3528814316, 6.36918306351, 9.99535274506], [-78.3727035522, 16.285112381, -5.87709474564, 13.8510742188, 21.2345275879, 20.5418968201, 18.6946353912, 12.235200882, 43.5175285339, 94.0280609131, 38.3116874695, 7.37855577469, 7.20520114899], [-80.5399017334, 13.2496442795, 44.3254241943, 7.62938499451, 20.9325199127, 10.8918991089, 20.9119052887, 23.4794883728, 11.3528814316, 38.3116874695, 84.8726959229, 32.7971305847, 5.89463186264], [-61.3703918457, -8.84557056427, 19.8478374481, 25.3055000305, 22.6279315948, 12.8948249817, 11.254986763, 11.0796689987, 6.36918306351, 7.37855577469, 32.7971305847, 77.2431106567, 36.8534088135], [-29.9726390839, -18.9828090668, -20.7167396545, 16.0716953278, 17.6674079895, 21.9024925232, 16.9010047913, 3.86866807938, 9.99535274506, 7.20520114899, 5.89463186264, 36.8534088135, 74.2244720459]], "icov": [[0.000165259858477, 1.02525893908e-06, 6.75616465742e-05, 1.41004863963e-06, -0.000152279317263, -5.03039482282e-05, -0.000168507103808, 0.000239779721596, -1.8832493879e-05, 0.000172592350282, 2.69328957074e-05, 7.94928710093e-05, 0.000106683655758], [1.02525893908e-06, 0.00154999794904, -9.82937272056e-05, -0.000656317337416, -0.000272816832876, 0.000514736864716, -0.000705113867298, -0.000526864372659, 0.000369278161088, -0.000294089550152, 0.000111538363853, 0.000344966829289, 0.000411244720453], [6.75616465742e-05, -9.82937272056e-05, 0.00230576307513, -0.000703153898939, -0.000621488026809, 0.000408270279877, 0.000707952771336, -0.00109439890366, 0.000610156625044, 0.000513758743182, -0.00115324370563, -0.000113354464702, 0.000737082504202], [1.41004863963e-06, -0.000656317337416, -0.000703153898939, 0.00601229351014, -0.00210977508686, -0.000889896997251, 0.00139051966835, -0.000498054025229, -0.000506414449774, -0.000475066975923, 0.00123297190294, -0.00144598621409, -0.000456912588561], [-0.000152279317263, -0.000272816832876, -0.000621488026809, -0.00210977508686, 0.00793659687042, -0.00354665215127, 0.000855519145261, -0.000511302379891, -0.00115899683442, 1.37029837788e-06, -0.000801419140771, -0.000452071777545, -0.000414567621192], [-5.03039482282e-05, 0.000514736864716, 0.000408270279877, -0.000889896997251, -0.00354665215127, 0.0117156188935, -0.00711693475023, 0.00193997146562, 3.75631680072e-05, -0.000817105581518, 0.000666032661684, 0.000198905996513, -0.000752901367377], [-0.000168507103808, -0.000705113867298, 0.000707952771336, 0.00139051966835, 0.000855519145261, -0.00711693475023, 0.0144733889028, -0.00626789359376, 0.00136507453863, -0.000819115375634, -0.00144950777758, 0.00017178899725, -0.00149881828111], [0.000239779721596, -0.000526864372659, -0.00109439890366, -0.000498054025229, -0.000511302379891, 0.00193997146562, -0.00626789359376, 0.0145085612312, -0.00683283992112, 0.00342507660389, -0.00241019763052, 0.000167549209436, 0.000680590630509], [-1.8832493879e-05, 0.000369278161088, 0.000610156625044, -0.000506414449774, -0.00115899683442, 3.75631680072e-05, 0.00136507453863, -0.00683283992112, 0.0171850342304, -0.00821410957724, 0.00309971882962, -0.000366149062756, -0.00090431823628], [0.000172592350282, -0.000294089550152, 0.000513758743182, -0.000475066975923, 1.37029837788e-06, -0.000817105581518, -0.000819115375634, 0.00342507660389, -0.00821410957724, 0.0180586185306, -0.00882244389504, 0.00305352942087, -0.000972808513325], [2.69328957074e-05, 0.000111538363853, -0.00115324370563, 0.00123297190294, -0.000801419140771, 0.000666032661684, -0.00144950777758, -0.00241019763052, 0.00309971882962, -0.00882244389504, 0.0202003195882, -0.00888379011303, 0.00314613198861], [7.94928710093e-05, 0.000344966829289, -0.000113354464702, -0.00144598621409, -0.000452071777545, 0.000198905996513, 0.00017178899725, 0.000167549209436, -0.000366149062756, 0.00305352942087, -0.00888379011303, 0.0218860264868, -0.010005440563], [0.000106683655758, 0.000411244720453, 0.000737082504202, -0.000456912588561, -0.000414567621192, -0.000752901367377, -0.00149881828111, 0.000680590630509, -0.00090431823628, -0.000972808513325, 0.00314613198861, -0.010005440563, 0.0194864086807]], "mean": [-630.465515137, 98.2760391235, -9.23762893677, 12.1446237564, -5.72185993195, 3.66697192192, -5.00062799454, -0.940082550049, -5.61430168152, 3.40546822548, -0.930056512356, -2.25912070274, -2.32362651825]}, "spectral_contrast_valleys": {"min": [-14.0364046097, -11.9478025436, -12.2015171051, -12.865354538, -12.1623153687, -14.902882576], "max": [-5.23894405365, -4.48485422134, -4.99267435074, -5.19189453125, -5.51397705078, -7.68721866608], "dvar2": [0.506331443787, 0.325082421303, 0.332586020231, 0.300972551107, 0.230387091637, 0.187124952674], "median": [-7.62605285645, -6.36736392975, -6.94334983826, -7.1342048645, -7.0519952774, -9.69906234741], "dmean2": [0.777161180973, 0.642549157143, 0.598521769047, 0.529724538326, 0.433831602335, 0.392851352692], "dmean": [0.492739081383, 0.399584412575, 0.377593576908, 0.351470977068, 0.295000404119, 0.313152879477], "var": [1.60670554638, 0.781809508801, 0.802225828171, 0.907888174057, 0.793613374233, 0.858169198036], "dvar": [0.247001498938, 0.141273453832, 0.148302540183, 0.138449624181, 0.113036870956, 0.110043421388], "mean": [-7.90789175034, -6.53695821762, -7.11287260056, -7.34918928146, -7.26051712036, -9.82880878448]}, "barkbands_flatness_db": {"min": 0.011974840425, "max": 0.355697512627, "dvar2": 0.00100107758772, "median": 0.0756294429302, "dmean2": 0.0296883061528, "dmean": 0.0191839691252, "var": 0.00187861395534, "dvar": 0.000440591189545, "mean": 0.0853016227484}, "dynamic_complexity": 3.67432785034, "erbbands_flatness_db": {"min": 0.040748231113, "max": 0.396704941988, "dvar2": 0.000657869502902, "median": 0.136903271079, "dmean2": 0.0269113890827, "dmean": 0.0187833458185, "var": 0.00178049027454, "dvar": 0.00