{"lowlevel": {"spectral_complexity": {"min": 0, "max": 61, "dvar2": 27.0496673584, "median": 12, "dmean2": 4.58123731613, "dmean": 3.02122783661, "var": 120.921058655, "dvar": 14.490735054, "mean": 14.5393438339}, "silence_rate_20dB": {"min": 1, "max": 1, "dvar2": 0, "median": 1, "dmean2": 0, "dmean": 0, "var": 0, "dvar": 0, "mean": 1}, "average_loudness": 0.0571351386607, "erbbands_spread": {"min": 1.90844011307, "max": 156.675064087, "dvar2": 397.866516113, "median": 32.4667282104, "dmean2": 15.704875946, "dmean": 10.0914011002, "var": 503.876617432, "dvar": 171.507125854, "mean": 37.5980834961}, "spectral_kurtosis": {"min": -1.46235537529, "max": 100.522346497, "dvar2": 19.6374053955, "median": 4.45788192749, "dmean2": 3.14933776855, "dmean": 1.97030687332, "var": 35.6017417908, "dvar": 7.43539619446, "mean": 5.94181060791}, "barkbands_kurtosis": {"min": -1.95375311375, "max": 1510.81140137, "dvar2": 5563.33154297, "median": 1.70091342926, "dmean2": 13.5843381882, "dmean": 8.5011100769, "var": 2367.38208008, "dvar": 2388.53662109, "mean": 8.34577655792}, "spectral_strongpeak": {"min": 0, "max": 29.3577690125, "dvar2": 3.71442461014, "median": 0.376065015793, "dmean2": 0.9563164711, "dmean": 0.568758785725, "var": 3.21450805664, "dvar": 1.4404810667, "mean": 0.952171325684}, "spectral_spread": {"min": 874029.875, "max": 43019444, "dvar2": 1652654997500.0, "median": 4918928.5, "dmean2": 1124702.875, "dmean": 763825, "var": 13903616540700.0, "dvar": 810482597888, "mean": 5563261}, "spectral_rms": {"min": 3.09162938306e-12, "max": 0.0167889222503, "dvar2": 2.13522753256e-06, "median": 0.00314720883034, "dmean2": 0.00121375976596, "dmean": 0.000879484578036, "var": 6.48573859507e-06, "dvar": 1.37461881877e-06, "mean": 0.00374515005387}, "erbbands": {"min": [1.08573059465e-22, 3.13603789505e-22, 1.88071144491e-21, 1.0565801723e-20, 6.38490819358e-21, 3.35287321541e-20, 3.74715079309e-20, 6.1935038505e-20, 7.32387976176e-20, 1.46024455356e-19, 1.90225678568e-19, 4.22388638711e-19, 6.935792597e-19, 1.09499915423e-18, 9.41210044933e-19, 1.426888728e-18, 1.45871408848e-18, 1.9567468174e-18, 2.24983097049e-18, 3.14586423608e-18, 3.8224189814e-18, 3.99474345046e-18, 5.08469328743e-18, 7.21832295945e-18, 7.89604857893e-18, 7.4081964788e-18, 1.08200658699e-17, 1.09986210769e-17, 9.94179113805e-18, 1.1943832091e-17, 1.07788408425e-17, 1.14276871052e-17, 1.05775439589e-17, 9.13256448069e-18, 5.9200352775e-18, 3.83397841687e-18, 2.31279368398e-18, 9.04874171973e-19, 2.35945747557e-19, 2.94256739777e-20], "max": [4.51206493378, 37.0848503113, 85.5041503906, 59.5707702637, 226.201431274, 157.285125732, 149.066513062, 344.538513184, 555.705200195, 926.897277832, 690.195800781, 737.866516113, 985.076171875, 2474.07080078, 2480.68554688, 1788.76452637, 1820.5670166, 6044.74951172, 6457.59130859, 11032.6679688, 2476.84106445, 3778.60913086, 2326.00585938, 1495.94628906, 895.430419922, 593.179138184, 491.27822876, 540.184204102, 681.889465332, 482.363311768, 472.99105835, 210.996017456, 381.791381836, 139.373474121, 41.3387184143, 13.2086935043, 2.92156934738, 0.510245084763, 0.0313207171857, 0.00130027427804], "dvar2": [0.149715617299, 17.5665397644, 100.295021057, 32.0997428894, 59.9880599976, 110.517204285, 132.029632568, 587.274353027, 2396.63671875, 2451.45141602, 1610.95690918, 1563.07971191, 3393.97192383, 14734.0029297, 4162.8515625, 4733.95410156, 7631.27783203, 36734.8554688, 53112.8710938, 82605.03125, 9971.43164062, 12985.1816406, 6645.62988281, 1393.90991211, 838.202941895, 210.906616211, 117.597206116, 94.2136001587, 167.340301514, 219.347381592, 155.197036743, 81.0251235962, 108.734481812, 27.6977272034, 2.3827650547, 0.168366894126, 0.0139012569562, 0.000479870359413, 2.80100175587e-06, 4.11525169497e-09], "median": [0.0109495418146, 0.111945956945, 0.367502629757, 1.09878730774, 1.94013512135, 2.13916230202, 2.56173253059, 3.35846734047, 3.21275424957, 3.55524373055, 3.02755141258, 3.41874146461, 3.77966499329, 4.13401699066, 4.35083580017, 4.98586511612, 7.73223686218, 6.56391429901, 7.17580270767, 4.48512506485, 3.05215501785, 2.55702519417, 2.49689793587, 2.17807126045, 1.87829828262, 1.72940456867, 1.20636796951, 1.0511341095, 1.06094264984, 0.879490554333, 0.997697651386, 0.695686459541, 0.531482994556, 0.308385491371, 0.13833476603, 0.0593346059322, 0.0222462564707, 0.00471936492249, 0.000302988482872, 3.48552275682e-05], "dmean2": [0.163149818778, 1.90891993046, 4.15603685379, 3.04690051079, 4.32015800476, 5.35306310654, 5.86409330368, 9.79922199249, 19.1212615967, 19.2010574341, 14.1041269302, 13.0337944031, 19.042263031, 31.2005138397, 16.047208786, 22.4450092316, 33.5214920044, 35.8295173645, 53.7110481262, 44.3103981018, 22.6045627594, 22.1697540283, 17.166557312, 9.74316215515, 9.33249092102, 5.24566698074, 3.56024551392, 2.62191390991, 2.87260079384, 2.65450763702, 2.55992984772, 2.29492235184, 2.2082221508, 1.28663706779, 0.462912619114, 0.175463333726, 0.0615354143083, 0.0127639295533, 0.000848592666443, 3.66107306036e-05], "dmean": [0.11605989933, 1.28509807587, 2.42538881302, 1.77627921104, 2.55653834343, 3.28551864624, 3.63698577881, 6.09023332596, 12.3193798065, 12.3625879288, 9.28300285339, 8.53102779388, 12.4338874817, 19.747335434, 10.3303060532, 14.4309062958, 21.3177566528, 22.7059745789, 33.1080856323, 28.6411991119, 14.753569603, 13.8729009628, 10.9177865982, 6.38965511322, 5.85571861267, 3.29683017731, 2.28150200844, 1.76190626621, 1.96212232113, 1.76628053188, 1.73741781712, 1.58628463745, 1.54216134548, 0.879718661308, 0.317505538464, 0.119505807757, 0.0412762351334, 0.00838943570852, 0.000546905386727, 2.55420327449e-05], "var": [0.0980854257941, 14.9832038879, 33.1919593811, 13.401427269, 53.6221809387, 98.6005401611, 91.111656189, 339.665344238, 1715.65307617, 1379.06018066, 1966.77429199, 1762.9486084, 3226.17114258, 16768.4277344, 4241.42773438, 3480.78637695, 7946.17285156, 38064.59375, 72754.6796875, 156978.03125, 13755.1855469, 9235.7265625, 9892.96484375, 2221.6706543, 865.261962891, 249.522491455, 120.901412964, 98.1252288818, 141.317092896, 140.995895386, 91.2070617676, 79.5981750488, 104.924728394, 30.8930110931, 3.20099878311, 0.229780510068, 0.015147658065, 0.000435721565736, 2.12549980461e-06, 5.75832270755e-09], "dvar": [0.0765688568354, 9.66272640228, 37.6930122375, 11.8147783279, 24.8579788208, 46.943977356, 52.8897247314, 236.597503662, 989.984680176, 1002.02923584, 755.519836426, 698.64666748, 1418.39868164, 5947.79736328, 1855.30078125, 2110.89282227, 3272.39135742, 13467.4394531, 20659.6054688, 35441.6289062, 4070.57250977, 5423.06884766, 2609.48852539, 694.08795166, 349.686950684, 96.1655960083, 54.7909126282, 48.6596946716, 86.4618225098, 101.272850037, 67.9029312134, 39.9105529785, 53.1943664551, 14.2082004547, 1.25347936153, 0.0895213186741, 0.00691732717678, 0.000225477240747, 1.18586206099e-06, 1.86367854482e-09], "mean": [0.123180538416, 1.56248235703, 2.44480800629, 2.2997546196, 4.09531211853, 5.36146736145, 5.75020217896, 9.10413742065, 17.8473930359, 16.4497852325, 15.3901586533, 14.1550712585, 19.168800354, 31.4939975739, 17.7259635925, 22.0580272675, 34.8513526917, 39.5824546814, 59.6694412231, 59.0027503967, 30.7097740173, 26.0130691528, 22.7516212463, 12.2012987137, 10.100446701, 5.84709978104, 4.16472148895, 3.21828508377, 3.36303329468, 2.81488585472, 2.81715846062, 2.52965569496, 2.39686226845, 1.40840029716, 0.541110038757, 0.187528073788, 0.0632033869624, 0.0130886938423, 0.000901840161532, 5.96855061303e-05]}, "zerocrossingrate": {"min": 0.00244140625, "max": 0.53125, "dvar2": 0.000505404255819, "median": 0.0576171875, "dmean2": 0.0184490643442, "dmean": 0.015766190365, "var": 0.0056208265014, "dvar": 0.000442605407443, "mean": 0.0800216794014}, "spectral_contrast_coeffs": {"min": [-0.979069530964, -0.980018138885, -0.978287875652, -0.972116708755, -0.972696483135, -0.966597437859], "max": [-0.337874948978, -0.425491780043, -0.447616070509, -0.483422845602, -0.511028826237, -0.56139934063], "dvar2": [0.00487116351724, 0.00391865335405, 0.0023367588874, 0.0018109701341, 0.00096127751749, 0.000858924060594], "median": [-0.650432407856, -0.760457098484, -0.796816587448, -0.784731209278, -0.804786622524, -0.813383936882], "dmean2": [0.0846088081598, 0.0760406702757, 0.0596022121608, 0.0530449673533, 0.0369557663798, 0.0282959081233], "dmean": [0.0517264120281, 0.0468981713057, 0.036618385464, 0.0328811891377, 0.023303123191, 0.01830278337], "var": [0.00862434413284, 0.00622325437143, 0.00436514569446, 0.00403236085549, 0.00282341148704, 0.00211683474481], "dvar": [0.00196425709873, 0.0015568259405, 0.000930147361942, 0.000742169271689, 0.000412648165366, 0.000387998356018], "mean": [-0.651672303677, -0.754722893238, -0.79052066803, -0.775972545147, -0.79728937149, -0.804616451263]}, "dissonance": {"min": 0.239326506853, "max": 0.500000238419, "dvar2": 0.00091683032224, "median": 0.477173566818, "dmean2": 0.0283530075103, "dmean": 0.0169859007001, "var": 0.000856522878166, "dvar": 0.000351749302354, "mean": 0.468544125557}, "spectral_energyband_high": {"min": 6.80574400426e-21, "max": 0.0436666049063, "dvar2": 2.27186933444e-06, "median": 0.000224581497605, "dmean2": 0.000431936001405, "dmean": 0.000309076684061, "var": 2.5881977308e-06, "dvar": 1.17304114156e-06, "mean": 0.000607500609476}, "spectral_skewness": {"min": -0.29592397809, "max": 8.46985244751, "dvar2": 0.206205278635, "median": 1.74872815609, "dmean2": 0.408974051476, "dmean": 0.270895510912, "var": 0.531962633133, "dvar": 0.0860448852181, "mean": 1.82269060612}, "spectral_flux": {"min": 6.32599320149e-11, "max": 0.420967042446, "dvar2": 0.00317795295268, "median": 0.0573266819119, "dmean2": 0.0449505932629, "dmean": 0.0280659757555, "var": 0.00354706565849, "dvar": 0.00137187668588, "mean": 0.0747263431549}, "silence_rate_30dB": {"min": 0, "max": 1, "dvar2": 0.0407757759094, "median": 1, "dmean2": 0.0332791432738, "dmean": 0.016637980938, "var": 0.0199492610991, "dvar": 0.0163601730019, "mean": 0.97963476181}, "spectral_energyband_middle_high": {"min": 1.19124004653e-21, "max": 0.285053163767, "dvar2": 8.83788743522e-05, "median": 0.00179938809015, "dmean2": 0.00346409203485, "dmean": 0.00232844497077, "var": 0.000280319683952, "dvar": 3.60600897693e-05, "mean": 0.00645459303632}, "barkbands_spread": {"min": 0.0660362020135, "max": 110.557342529, "dvar2": 288.432434082, "median": 20.0002651215, "dmean2": 12.8516330719, "dmean": 8.13364028931, "var": 312.978881836, "dvar": 122.021690369, "mean": 24.2241764069}, "spectral_centroid": {"min": 82.2978668213, "max": 11829.1875, "dvar2": 305859.75, "median": 1217.90979004, "dmean2": 441.886688232, "dmean": 290.995361328, "var": 1456913.75, "dvar": 149884.1875, "mean": 1470.56787109}, "pitch_salience": {"min": 0.0335195697844, "max": 0.918240964413, "dvar2": 0.0178675912321, "median": 0.563974440098, "dmean2": 0.143343299627, "dmean": 0.0900818705559, "var": 0.0223742611706, "dvar": 0.0084592346102, "mean": 0.539223432541}, "erbbands_skewness": {"min": -4.47752809525, "max": 8.64185142517, "dvar2": 0.437628209591, "median": 0.134586900473, "dmean2": 0.654558241367, "dmean": 0.435886532068, "var": 0.81440782547, "dvar": 0.196784749627, "mean": 0.101181469858}, "erbbands_crest": {"min": 2.12283611298, "max": 30.0402755737, "dvar2": 18.0160522461, "median": 7.9539937973, "dmean2": 4.48091220856, "dmean": 2.76992297173, "var": 24.8089790344, "dvar": 7.40616703033, "mean": 9.3202495575}, "melbands": {"min": [7.8595893247e-25, 1.3428305873e-24, 2.07510334435e-24, 4.43223964789e-25, 1.70960830974e-24, 1.45252218921e-24, 1.10438613743e-24, 1.51600922183e-24, 1.56729484421e-24, 2.29172415449e-24, 3.57723886944e-24, 3.93730693545e-24, 2.60063064649e-24, 2.82886131979e-24, 3.39295504552e-24, 3.13709747724e-24, 3.63459615699e-24, 2.90954542153e-24, 1.85281989341e-24, 4.37850540125e-24, 3.47279210786e-24, 3.98237100909e-24, 2.80100585237e-24, 4.38113309693e-24, 5.06962999019e-24, 3.68297581302e-24, 4.99901392297e-24, 4.18518359794e-24, 5.19458674087e-24, 5.47197508426e-24, 5.21672927762e-24, 3.9251494056e-24, 5.71222543396e-24, 5.88455604301e-24, 5.5985075846e-24, 6.72640631296e-24, 6.59229995907e-24, 5.85186328052e-24, 5.30449163105e-24, 6.67931526122e-24], "max": [0.0409892722964, 0.0422248654068, 0.0105265993625, 0.0116896890104, 0.00395806832239, 0.00712352478877, 0.00844301469624, 0.00878313276917, 0.00607775663957, 0.00558760156855, 0.00594035815448, 0.0102512305602, 0.00528513314202, 0.0119937853888, 0.0045818653889, 0.00695085106418, 0.0123919462785, 0.011241893284, 0.0161941759288, 0.0137607632205, 0.0020788165275, 0.00469392957166, 0.00309015414678, 0.00145002186764, 0.0015593097778, 0.000889227376319, 0.000401828176109, 0.000492055551149, 0.000264639820671, 0.000378442025976, 0.000259079417447, 0.000415562273702, 0.00025361974258, 0.000269811338512, 0.000306813890347, 0.000179106398718, 0.000146850128658, 0.000326145265717, 0.000163403092301, 0.000104592014395], "dvar2": [1.5373192582e-05, 2.57746287389e-05, 9.00073985122e-07, 4.25394574677e-07, 1.36973469012e-07, 2.77714207186e-07, 5.3767467989e-07, 2.36433990608e-07, 1.26506009224e-07, 5.80417172102e-08, 1.10346427107e-07, 2.92083171871e-07, 3.73571680257e-08, 7.42604697734e-08, 5.02198851393e-08, 6.05961858469e-08, 1.49245536818e-07, 1.23284053188e-07, 3.1454212035e-07, 1.49963867102e-07, 8.79597994441e-09, 1.64754592191e-08, 1.04300488246e-08, 3.97016153286e-09, 1.25871435497e-09, 8.01744559631e-10, 3.58071738926e-10, 1.26955737589e-10, 5.32944799403e-11, 5.04479513719e-11, 2.92876868591e-11, 6.15883385957e-11, 6.46454417774e-11, 7.90389143024e-11, 5.96878865777e-11, 3.47347810237e-11, 3.38151763535e-11, 6.97152682805e-11, 4.59176099921e-11, 1.78233452303e-11], "median": [0.000118330652185, 0.000206359822187, 0.000242556270678, 0.000159974704729, 9.52734262682e-05, 7.69809339545e-05, 5.222211621e-05, 3.46637898474e-05, 2.24622326641e-05, 2.07417742786e-05, 1.75702225533e-05, 1.53497367137e-05, 1.41013333632e-05, 1.23662721307e-05, 1.46233669511e-05, 1.42016760947e-05, 9.49235254666e-06, 1.12060797619e-05, 6.04635170021e-06, 4.61631680082e-06, 2.78916991192e-06, 2.33248010773e-06, 2.08966253012e-06, 1.66991253536e-06, 1.55612030994e-06, 1.19345497751e-06, 1.37138033551e-06, 9.54146685217e-07, 6.48849209028e-07, 6.72060480156e-07, 5.49533524463e-07, 6.26073983767e-07, 4.55140565236e-07, 4.68586819125e-07, 6.10793620126e-07, 3.99809238161e-07, 4.28117459705e-07, 3.69794150856e-07, 3.12239421874e-07, 2.37789436142e-07], "dmean2": [0.0017744685756, 0.00225107767619, 0.000548458250705, 0.000345171196386, 0.000202129522222, 0.000217717519263, 0.000296775688184, 0.000192103980226, 0.000120161595987, 8.18400658318e-05, 0.000103165853943, 0.000136479138746, 5.524918015e-05, 5.90323543292e-05, 7.49727187213e-05, 7.1971291618e-05, 7.37310037948e-05, 9.22279650695e-05, 7.97686589067e-05, 5.54633770662e-05, 2.43463400693e-05, 2.38529464696e-05, 2.25044277613e-05, 1.23008976516e-05, 8.391693882e-06, 8.00082671049e-06, 6.2496155806e-06, 3.23535277857e-06, 2.31463673117e-06, 2.23835377255e-06, 1.47806383666e-06, 1.82544567906e-06, 1.46901027165e-06, 1.65049846146e-06, 1.62841035944e-06, 1.23713004996e-06, 1.59460591931e-06, 1.61917500918e-06, 1.54743634084e-06, 1.0306665672e-06], "dmean": [0.00125768303405, 0.00142934883479, 0.000321505533066, 0.000210250014788, 0.000125407779706, 0.000136001195642, 0.000191781116882, 0.000123817866552, 7.91919665062e-05, 5.34410282853e-05, 6.71179732308e-05, 8.60536092659e-05, 3.51740600308e-05, 3.74599731003e-05, 4.83051007905e-05, 4.54192195321e-05, 4.62648495159e-05, 5.72638673475e-05, 4.9481390306e-05, 3.50753143721e-05, 1.56403875735e-05, 1.48485769387e-05, 1.44069663293e-05, 7.72943349148e-06, 5.46999672224e-06, 4.93883862873e-06, 3.86449482903e-06, 2.02410046768e-06, 1.46066179241e-06, 1.44063290008e-06, 9.77217837317e-07, 1.22457220186e-06, 9.98710447675e-07, 1.05934304884e-06, 1.08139772692e-06, 8.59985277657e-07, 1.07674145511e-06, 1.11871429453e-06, 1.04061882666e-06, 6.8591816671e-07], "var": [1.31497881739e-05, 1.43569532156e-05, 4.27093937105e-07, 4.35770630247e-07, 9.70813545109e-08, 1.66556816339e-07, 3.85371691891e-07, 1.39587655212e-07, 1.5054126834e-07, 6.97516355785e-08, 1.04277773971e-07, 3.31633430051e-07, 3.66645203087e-08, 5.71458578236e-08, 3.80948286249e-08, 6.27171488077e-08, 1.43274888842e-07, 1.64685886261e-07, 4.04222390671e-07, 1.73009667037e-07, 1.04887032393e-08, 1.0186943733e-08, 1.24541257307e-08, 4.62859173211e-09, 1.83533277465e-09, 5.94574167678e-10, 3.50263679172e-10, 9.5225077823e-11, 4.92579241285e-11, 4.70884858883e-11, 2.8100743954e-11, 4.81360333537e-11, 4.4526871773e-11, 4.57185157787e-11, 3.24368865101e-11, 2.58830491762e-11, 3.28842508779e-11, 5.74097817896e-11, 4.25083024336e-11, 1.82738390392e-11], "dvar": [8.73118278832e-06, 1.12430579975e-05, 3.36528813705e-07, 1.84977878348e-07, 5.45529736939e-08, 1.1220199525e-07, 2.22177334308e-07, 9.75313696472e-08, 5.79162104941e-08, 2.61626205145e-08, 4.58638353962e-08, 1.16990186427e-07, 1.64040319106e-08, 3.40066286242e-08, 2.15817372862e-08, 2.49383429463e-08, 5.55471793007e-08, 5.14728704104e-08, 1.18455162124e-07, 5.94280109567e-08, 3.72372621626e-09, 6.91454538071e-09, 4.44675629652e-09, 1.50571155544e-09, 6.52453202576e-10, 3.31044386348e-10, 1.42773737277e-10, 5.29167543117e-11, 2.39529403256e-11, 2.39014641412e-11, 1.48311692788e-11, 3.0917834265e-11, 3.07869389704e-11, 3.49445403169e-11, 2.56892875028e-11, 1.60224090939e-11, 1.64360938054e-11, 3.24200805091e-11, 2.20888255603e-11, 8.83616443903e-12], "mean": [0.00148168555461, 0.00164660485461, 0.000451228785096, 0.000360211619409, 0.000203306670301, 0.000206140553928, 0.000278443127172, 0.000164839279023, 0.000129290841869, 8.63250534167e-05, 0.000100613651739, 0.000135331167257, 5.61936067243e-05, 5.56013765163e-05, 7.33474298613e-05, 7.12905384717e-05, 7.29338571546e-05, 9.33709889068e-05, 9.32868351811e-05, 6.24909007456e-05, 2.98886661767e-05, 2.47071166086e-05, 2.79218020296e-05, 1.43772967931e-05, 9.39693563851e-06, 8.06682601251e-06, 5.82771099289e-06, 3.38814629686e-06, 2.5140325306e-06, 2.34834737967e-06, 1.68469000528e-06, 2.0203585791e-06, 1.53355574639e-06, 1.60267870797e-06, 1.70152429746e-06, 1.34796141538e-06, 1.63384720508e-06, 1.68068277162e-06, 1.56132568918e-06, 1.07787980141e-06]}, "spectral_entropy": {"min": 4.91352319717, "max": 9.83260440826, "dvar2": 0.109272368252, "median": 7.68443775177, "dmean2": 0.314714938402, "dmean": 0.208651080728, "var": 0.34730270505, "dvar": 0.0494498051703, "mean": 7.62988948822}, "spectral_rolloff": {"min": 21.533203125, "max": 19379.8828125, "dvar2": 3797989.75, "median": 1313.52539062, "dmean2": 1119.47167969, "dmean": 677.801391602, "var": 8686181, "dvar": 1875936.875, "mean": 2182.24707031}, "barkbands": {"min": [1.23151910883e-25, 1.56290818593e-24, 1.50485689799e-24, 7.90698458092e-26, 1.23677707384e-23, 5.87063067588e-24, 5.61271930824e-24, 9.30209317763e-24, 9.52084272892e-24, 1.83672724928e-23, 1.00989957309e-23, 2.49519701993e-23, 2.94536522866e-23, 2.49632950864e-23, 2.9100861068e-23, 7.13552456676e-23, 6.27553302035e-23, 9.43343410073e-23, 1.22771697479e-22, 1.56246991059e-22, 2.87667305119e-22, 3.17314061089e-22, 4.08296153456e-22, 5.61596313583e-22, 8.36144192894e-22, 1.25556262878e-21, 1.93590454622e-21], "max": [0.00443740282208, 0.146276503801, 0.0735099539161, 0.0183739047498, 0.0486964061856, 0.0335492603481, 0.0404317528009, 0.028198113665, 0.04692491889, 0.0558379553258, 0.0377463623881, 0.0924764052033, 0.0643170848489, 0.105974555016, 0.177366301417, 0.122730277479, 0.062568873167, 0.0366396680474, 0.0209060292691, 0.00974737480283, 0.0142668951303, 0.0154369436204, 0.0146756032482, 0.0173282772303, 0.00931022223085, 0.00193066999782, 0.000172200670931], "dvar2": [2.42471500655e-08, 0.000262714544078, 6.05261411692e-05, 2.92681215797e-06, 6.84324049871e-06, 5.99581517235e-06, 1.2695307305e-05, 3.01312502415e-06, 3.68782639271e-06, 1.38144650919e-05, 2.60892056758e-06, 5.62180002817e-06, 5.0907374316e-06, 1.4653251128e-05, 4.18777417508e-05, 1.74146516656e-05, 4.11122209698e-06, 1.92353900275e-06, 4.63126269779e-07, 1.01165326782e-07, 6.96167887781e-08, 1.26876003037e-07, 1.74506610051e-07, 2.65389985543e-07, 1.08551951428e-07, 4.76191752696e-09, 1.0069831774e-10], "median": [3.12707652483e-06, 0.00045450302423, 0.000329766917275, 0.000355186028173, 0.000749256112613, 0.000409206462791, 0.000232741265791, 0.000102875608718, 0.000155863715918, 9.06470013433e-05, 0.000112557696411, 0.000102190708276, 0.000154479785124, 0.000125508042402, 8.6919964815e-05, 5.7928271417e-05, 3.9889877371e-05, 3.68497094314e-05, 3.40557126037e-05, 3.66517197108e-05, 2.72660927294e-05, 2.94527944789e-05, 3.3031534258e-05, 3.31181254296e-05, 2.35468942265e-05, 1.35325108204e-05, 1.85500130101e-06], "dmean2": [5.13709746883e-05, 0.00740310270339, 0.0032552247867, 0.000998111092485, 0.00149888591841, 0.00106487539597, 0.00148413318675, 0.000646021857392, 0.000637681689113, 0.000956722826231, 0.000468005251605, 0.000582525739446, 0.000759530288633, 0.000874506484251, 0.00107641424984, 0.000628409674391, 0.00041312535177, 0.000298683007713, 0.000204183044843, 0.000119643533253, 7.57126836106e-05, 7.6820346294e-05, 8.67927810759e-05, 0.000121627927001, 8.64351386554e-05, 3.5688502976e-05, 5.18434490004e-06], "dmean": [3.38200516126e-05, 0.00502925924957, 0.00182969297748, 0.000585158530157, 0.000909446855076, 0.00066662079189, 0.000954096962232, 0.000410046806792, 0.000418670999352, 0.000611949188169, 0.000294755591312, 0.000370876368834, 0.000480053131469, 0.00054301606724, 0.000667161424644, 0.000393350172089, 0.000255991093582, 0.000186866484, 0.000129613792524, 7.51390616642e-05, 4.97538057971e-05, 5.25077994098e-05, 5.88671100559e-05, 8.53567835293e-05, 5.93169825152e-05, 2.41375837504e-05, 3.29536192112e-06], "var": [1.1665383326e-08, 0.000230677003856, 1.59393202921e-05, 1.66214783803e-06, 6.6531461016e-06, 3.72126442016e-06, 8.84447217686e-06, 2.95115592053e-06, 4.49190383733e-06, 1.47929995364e-05, 1.98159978027e-06, 3.88316857425e-06, 4.79286109112e-06, 1.49429397425e-05, 5.47322160855e-05, 1.52035026986e-05, 2.66151846517e-06, 2.60168621935e-06, 5.78488084102e-07, 1.17515398301e-07, 6.73460718303e-08, 1.03109378813e-07, 1.13676605906e-07, 2.84463851585e-07, 1.32551690513e-07, 6.01432459391e-09, 7.59260987415e-11], "dvar": [1.11809574932e-08, 0.000148868450196, 2.18258410314e-05, 1.10968971967e-06, 2.92523350254e-06, 2.41689735958e-06, 5.22868367625e-06, 1.35507536925e-06, 1.66364259258e-06, 5.53323297936e-06, 1.08924257347e-06, 2.53385064752e-06, 2.1870407636e-06, 5.58341071155e-06, 1.52724169311e-05, 6.5584845288e-06, 1.68737960848e-06, 7.30407293759e-07, 2.11864772837e-07, 4.57093705108e-08, 3.33791554397e-08, 6.35944914507e-08, 7.9575663392e-08, 1.33736236307e-07, 5.73217349142e-08, 2.50389464718e-09, 4.21987653154e-11], "mean": [3.24472384818e-05, 0.00620008865371, 0.00169841269962, 0.000770030135754, 0.00154868757818, 0.001018640236, 0.00134358892683, 0.000590290408581, 0.000681027537212, 0.000942033890169, 0.000433930836152, 0.00051543378504, 0.000743001583032, 0.000859624473378, 0.00124340225011, 0.000708133040462, 0.000433998502558, 0.000357197248377, 0.00022557003831, 0.000125478531118, 8.98651342141e-05, 8.92930111149e-05, 9.59934332059e-05, 0.000136305723572, 9.94217552943e-05, 3.73129842046e-05, 5.44747626918e-06]}, "melbands_flatness_db": {"min": 0.00291927019134, "max": 0.729353904724, "dvar2": 0.00334058119915, "median": 0.188760861754, "dmean2": 0.0549692064524, "dmean": 0.036843650043, "var": 0.00724161695689, "dvar": 0.00169647904113, "mean": 0.19554245472}, "melbands_skewness": {"min": -3.25374507904, "max": 25.998298645, "dvar2": 6.72471618652, "median": 2.15039896965, "dmean2": 1.64664387703, "dmean": 1.07183992863, "var": 7.2927479744, "dvar": 3.08983778954, "mean": 2.67589116096}, "barkbands_skewness": {"min": -3.85993790627, "max": 30.1503734589, "dvar2": 4.52427864075, "median": 1.25352740288, "dmean2": 1.23977339268, "dmean": 0.829418838024, "var": 4.94783592224, "dvar": 2.25249028206, "mean": 1.48758101463}, "silence_rate_60dB": {"min": 0, "max": 1, "dvar2": 0.0979671403766, "median": 0, "dmean2": 0.09562972188, "dmean": 0.0478102900088, "var": 0.162026211619, "dvar": 0.0455272980034, "mean": 0.203365519643}, "spectral_energyband_low": {"min": 1.17948155409e-23, "max": 0.181736320257, "dvar2": 0.0003533178824, "median": 0.00134979258291, "dmean2": 0.00921355839819, "dmean": 0.00623126840219, "var": 0.000311779556796, "dvar": 0.000190297811059, "mean": 0.00832096487284}, "spectral_energyband_middle_low": {"min": 1.68545938417e-22, "max": 0.0661086589098, "dvar2": 3.94567359763e-05, "median": 0.00356595800258, "dmean2": 0.00422382121906, "dmean": 0.00276060122997, "var": 5.0133188779e-05, "dvar": 1.79392627615e-05, "mean": 0.00609890976921}, "melbands_kurtosis": {"min": -1.89349317551, "max": 1422.68554688, "dvar2": 6684.74316406, "median": 6.07038593292, "dmean2": 24.6164035797, "dmean": 15.5712146759, "var": 4550.17724609, "dvar": 3151.67211914, "mean": 20.6604232788}, "spectral_decrease": {"min": -6.25466967108e-08, "max": 1.84308642894e-28, "dvar2": 2.72894725753e-17, "median": -2.40178277267e-09, "dmean2": 3.33755356685e-09, "dmean": 2.36116304286e-09, "var": 4.55243978638e-17, "dvar": 1.54938125203e-17, "mean": -5.12204811898e-09}, "erbbands_kurtosis": {"min": -1.80147278309, "max": 85.3762359619, "dvar2": 10.3626737595, "median": 0.278038024902, "dmean2": 1.89524722099, "dmean": 1.18873882294, "var": 7.6400475502, "dvar": 4.14471673965, "mean": 1.01173555851}, "melbands_crest": {"min": 1.70424127579, "max": 38.7242889404, "dvar2": 29.107219696, "median": 12.979888916, "dmean2": 6.14471197128, "dmean": 3.73208117485, "var": 38.7481040955, "dvar": 12.5989685059, "mean": 14.0436611176}, "gfcc": {"cov": [[19264.203125, 207.246124268, -1832.40600586, 281.805358887, -637.408447266, 266.321655273, -598.771057129, 256.166442871, -252.52192688, 68.4063796997, -195.699310303, -8.31627845764, -128.313827515], [207.246124268, 2691.3190918, -181.799346924, -437.322967529, 171.657150269, -282.317810059, 77.8992538452, -240.96244812, -42.4382667542, -245.529373169, 41.2459373474, -78.688949585, 52.8673744202], [-1832.40600586, -181.799346924, 884.435180664, 171.124526978, 5.09575510025, 115.620300293, 103.935966492, 34.4311714172, 9.46498775482, 62.4243507385, 33.9781646729, 6.24083375931, -40.1531715393], [281.805358887, -437.322967529, 171.124526978, 471.57635498, 156.022979736, 67.994468689, 57.5038146973, 80.74659729, 62.7582817078, 52.0254707336, -1.9909132719, 15.3072528839, 7.0176358223], [-637.408447266, 171.657150269, 5.09575510025, 156.022979736, 451.917755127, 60.8930358887, 116.124076843, 42.1506996155, 95.6433868408, 4.51011228561, 7.35243034363, 29.552526474, 55.5180244446], [266.321655273, -282.317810059, 115.620300293, 67.994468689, 60.8930358887, 267.398986816, 78.6781082153, 74.2480316162, 5.79926681519, 64.9531402588, 18.9163341522, 1.34700381756, 4.12691545486], [-598.771057129, 77.8992538452, 103.935966492, 57.5038146973, 116.124076843, 78.6781082153, 297.21206665, 49.9433517456, 36.2997932434, 35.6212921143, 41.0522041321, 15.885643959, -4.69272232056], [256.166442871, -240.96244812, 34.4311714172, 80.74659729, 42.1506996155, 74.2480316162, 49.9433517456, 172.563751221, 75.0703735352, 47.560218811, 14.8448972702, 21.4892044067, 20.7738685608], [-252.52192688, -42.4382667542, 9.46498775482, 62.7582817078, 95.6433868408, 5.79926681519, 36.2997932434, 75.0703735352, 139.998687744, 64.8435974121, 22.5322189331, 19.5375785828, 20.4957332611], [68.4063796997, -245.529373169, 62.4243507385, 52.0254707336, 4.51011228561, 64.9531402588, 35.6212921143, 47.560218811, 64.8435974121, 150.429580688, 58.8559112549, 12.0499248505, -11.3621854782], [-195.699310303, 41.2459373474, 33.9781646729, -1.9909132719, 7.35243034363, 18.9163341522, 41.0522041321, 14.8448972702, 22.5322189331, 58.8559112549, 99.8953475952, 25.0228481293, 9.80594062805], [-8.31627845764, -78.688949585, 6.24083375931, 15.3072528839, 29.552526474, 1.34700381756, 15.885643959, 21.4892044067, 19.5375785828, 12.0499248505, 25.0228481293, 93.1395645142, 25.9200973511], [-128.313827515, 52.8673744202, -40.1531715393, 7.0176358223, 55.5180244446, 4.12691545486, -4.69272232056, 20.7738685608, 20.4957332611, -11.3621854782, 9.80594062805, 25.9200973511, 89.4452362061]], "icov": [[0.000175506953383, -0.000323259038851, 0.000496118562296, -0.000575489597395, 0.000412899447838, -0.000485606055008, 0.000410290114814, -0.000687081017531, 0.000708723149728, -0.000791161262896, 0.000701169192325, -0.000603429914918, 0.000493025174364], [-0.000323259038851, 0.00139783404302, -0.000991202308796, 0.0017300004838, -0.00122837000526, 0.00137486413587, -0.00112064694986, 0.00199418771081, -0.00189525692258, 0.00285573257133, -0.00249928678386, 0.00207526097074, -0.00122391164768], [0.000496118562296, -0.000991202308796, 0.00276274839416, -0.00218934891745, 0.001451700693, -0.00187881547026, 0.000878073973581, -0.00182315346319, 0.00201089843176, -0.00235754810274, 0.00178107107058, -0.00192359799985, 0.00196661124937], [-0.000575489597395, 0.0017300004838, -0.00218934891745, 0.00529522867873, -0.00273929350078, 0.00210701581091, -0.00152973353397, 0.00186906324234, -0.00260534952395, 0.00283361552283, -0.0024185073562, 0.00265953037888, -0.00170629192144], [0.000412899447838, -0.00122837000526, 0.001451700693, -0.00273929350078, 0.00490240985528, -0.00245225173421, 6.32332812529e-05, -0.0006992915296, -0.000934022245929, -0.00108290731441, 0.00238218577579, -0.00229389360175, -9.90029948298e-05], [-0.000485606055008, 0.00137486413587, -0.00187881547026, 0.00210701581091, -0.00245225173421, 0.00737712299451, -0.00209004315548, -0.00029953091871, 0.00110092724208, -0.000186218705494, -0.00179268128704, 0.00290929758921, -0.00229882309213], [0.000410290114814, -0.00112064694986, 0.000878073973581, -0.00152973353397, 6.32332812529e-05, -0.00209004315548, 0.00555710634217, -0.002702153055, 0.00184662279207, -0.00203969120048, 0.000479542737594, -0.00200414471328, 0.00258742808364], [-0.000687081017531, 0.00199418771081, -0.00182315346319, 0.00186906324234, -0.0006992915296, -0.00029953091871, -0.002702153055, 0.0130175892264, -0.00870226509869, 0.00500326929614, -0.00341921206564, 0.00218610535376, -0.00347571424209], [0.000708723149728, -0.00189525692258, 0.00201089843176, -0.00260534952395, -0.000934022245929, 0.00110092724208, 0.00184662279207, -0.00870226509869, 0.0183010399342, -0.0109819546342, 0.00490560987964, -0.0031998550985, 0.000691873545293], [-0.000791161262896, 0.00285573257133, -0.00235754810274, 0.00283361552283, -0.00108290731441, -0.000186218705494, -0.00203969120048, 0.00500326929614, -0.0109819546342, 0.0197747312486, -0.0119819203392, 0.00443706149235, 0.00036438376992], [0.000701169192325, -0.00249928678386, 0.00178107107058, -0.0024185073562, 0.00238218577579, -0.00179268128704, 0.000479542737594, -0.00341921206564, 0.00490560987964, -0.0119819203392, 0.0198447629809, -0.00660027656704, -1.32900313474e-05], [-0.000603429914918, 0.00207526097074, -0.00192359799985, 0.00265953037888, -0.00229389360175, 0.00290929758921, -0.00200414471328, 0.00218610535376, -0.0031998550985, 0.00443706149235, -0.00660027656704, 0.0159366633743, -0.00508553395048], [0.000493025174364, -0.00122391164768, 0.00196661124937, -0.00170629192144, -9.90029948298e-05, -0.00229882309213, 0.00258742808364, -0.00347571424209, 0.000691873545293, 0.00036438376992, -1.32900313474e-05, -0.00508553395048, 0.016100846231]], "mean": [-46.3389816284, 72.279006958, -101.457473755, 18.54961586, -47.3659591675, 17.7840232849, -40.7158164978, 5.50113677979, -22.4299888611, 5.49189138412, -13.9790630341, -0.0406008325517, -14.4407787323]}, "melbands_spread": {"min": 0.199626550078, "max": 267.105499268, "dvar2": 579.108337402, "median": 20.5970153809, "dmean2": 16.2929916382, "dmean": 10.5677862167, "var": 1164.38122559, "dvar": 295.881835938, "mean": 31.0090522766}, "spectral_energy": {"min": 9.79712636728e-21, "max": 0.288914591074, "dvar2": 0.000414965645177, "median": 0.0101525466889, "dmean2": 0.0131516344845, "dmean": 0.00932043138891, "var": 0.000766737561207, "dvar": 0.000234013859881, "mean": 0.0210246220231}, "mfcc": {"cov": [[11915.5820312, -127.243972778, -828.82043457, -118.542778015, 24.0480690002, -176.932342529, -102.478271484, -38.9011306763, 21.3169975281, -1.3372784853, 11.7412347794, -85.0301589966, -11.1986236572], [-127.243972778, 2616.90380859, -206.644317627, -84.792427063, -77.302482605, -52.8035125732, -12.3060455322, -9.34452915192, -95.1324539185, -179.468399048, -66.853225708, -40.1555099487, -78.7828292847], [-828.82043457, -206.644317627, 757.828552246, 29.2433490753, -34.5795516968, 36.5825614929, 71.3695526123, -0.20701867342, -44.1542396545, 54.3619422913, 28.5371189117, 30.4695625305, 9.07953071594], [-118.542778015, -84.792427063, 29.2433490753, 398.370574951, 119.307899475, 69.6104278564, 24.8526306152, 57.7482070923, 62.0705757141, 36.0519294739, 24.5285949707, 12.1641540527, 29.7160186768], [24.0480690002, -77.302482605, -34.5795516968, 119.307899475, 319.855712891, 68.2021408081, 6.19757986069, 30.3722419739, 93.6961135864, 16.87458992, -10.0351390839, 42.8074989319, 27.4086494446], [-176.932342529, -52.8035125732, 36.5825614929, 69.6104278564, 68.2021408081, 202.927658081, 103.809585571, 39.6830787659, 34.7684631348, 39.8945617676, 35.4298667908, 17.2276554108, 23.3093318939], [-102.478271484, -12.3060455322, 71.3695526123, 24.8526306152, 6.19757986069, 103.809585571, 200.327804565, 72.225692749, 36.711025238, 40.9188766479, 43.3116226196, 19.7760982513, 20.875919342], [-38.9011306763, -9.34452915192, -0.20701867342, 57.7482070923, 30.3722419739, 39.6830787659, 72.225692749, 139.706619263, 72.7573699951, 12.162861824, 12.6120595932, 8.95059394836, 15.1520042419], [21.3169975281, -95.1324539185, -44.1542396545, 62.0705757141, 93.6961135864, 34.7684631348, 36.711025238, 72.7573699951, 150.23085022, 54.2516899109, 18.0423126221, 26.2839717865, 27.8560791016], [-1.3372784853, -179.468399048, 54.3619422913, 36.0519294739, 16.87458992, 39.8945617676, 40.9188766479, 12.162861824, 54.2516899109, 123.720932007, 65.8015060425, 23.1117095947, 29.2471561432], [11.7412347794, -66.853225708, 28.5371189117, 24.5285949707, -10.0351390839, 35.4298667908, 43.3116226196, 12.6120595932, 18.0423126221, 65.8015060425, 110.52910614, 49.8796463013, 21.0650100708], [-85.0301589966, -40.1555099487, 30.4695625305, 12.1641540527, 42.8074989319, 17.2276554108, 19.7760982513, 8.95059394836, 26.2839717865, 23.1117095947, 49.8796463013, 102.38873291, 47.1274909973], [-11.1986236572, -78.7828292847, 9.07953071594, 29.7160186768, 27.4086494446, 23.3093318939, 20.875919342, 15.1520042419, 27.8560791016, 29.2471561432, 21.0650100708, 47.1274909973, 88.295791626]], "icov": [[9.36775977607e-05, 1.14458816824e-05, 0.000103820646473, 2.31357480516e-05, -4.67951031169e-05, 9.93466892396e-05, -3.06290639855e-05, 5.48439629711e-06, 3.43460560543e-05, -2.7009007681e-05, -9.5443589089e-05, 0.000121836303151, -4.59170150862e-05], [1.14458816824e-05, 0.000440300384071, 0.000112790388812, 5.87209478908e-06, 4.19635980506e-05, 3.50615264324e-05, -0.000156057823915, -1.6275967937e-05, 8.45158065204e-05, 0.000593481992837, -9.37136355788e-05, -5.93313961872e-05, 0.000228924007388], [0.000103820646473, 0.000112790388812, 0.00168466789182, -0.000175412904355, 7.87816243246e-05, 0.000127072111354, -0.000598173646722, -0.000217942419113, 0.00122013338841, -0.00121132598724, 0.000712327309884, -0.000850156648085, 0.000420562224463], [2.31357480516e-05, 5.87209478908e-06, -0.000175412904355, 0.00317806517705, -0.00106646318454, -0.00058700091904, 0.000619501515757, -0.0010609960882, -0.000106912491901, -4.36681548308e-05, -0.000991391250864, 0.00111789815128, -0.000833712809253], [-4.67951031169e-05, 4.19635980506e-05, 7.87816243246e-05, -0.00106646318454, 0.00499348342419, -0.00167219433933, 0.000669788918458, 0.000808595737908, -0.00280826492235, 0.000265271810349, 0.00226083118469, -0.00266985734925, 0.000660332094412], [9.93466892396e-05, 3.50615264324e-05, 0.000127072111354, -0.00058700091904, -0.00167219433933, 0.00787277705967, -0.00378294661641, 0.000201707807719, 0.0006306473515, -0.000546587456483, -0.00125528196804, 0.00116120371968, -0.000809317629319], [-3.06290639855e-05, -0.000156057823915, -0.000598173646722, 0.000619501515757, 0.000669788918458, -0.00378294661641, 0.00887043960392, -0.00377111695707, 0.000137010662002, -0.000877021346241, -0.0012444620952, -7.1315887908e-05, -0.00036723120138], [5.48439629711e-06, -1.6275967937e-05, -0.000217942419113, -0.0010609960882, 0.000808595737908, 0.000201707807719, -0.00377111695707, 0.0125428242609, -0.00661549437791, 0.00369880860671, -0.00120301276911, 0.00122177705634, -0.00070260145003], [3.43460560543e-05, 8.45158065204e-05, 0.00122013338841, -0.000106912491901, -0.00280826492235, 0.0006306473515, 0.000137010662002, -0.00661549437791, 0.0144582148641, -0.00703514134511, 0.00280345277861, -0.00218890770338, 6.68436478009e-05], [-2.7009007681e-05, 0.000593481992837, -0.00121132598724, -4.36681548308e-05, 0.000265271810349, -0.000546587456483, -0.000877021346241, 0.00369880860671, -0.00703514134511, 0.0180506948382, -0.0102694155648, 0.00477532949299, -0.00355849624611], [-9.5443589089e-05, -9.37136355788e-05, 0.000712327309884, -0.000991391250864, 0.00226083118469, -0.00125528196804, -0.0012444620952, -0.00120301276911, 0.00280345277861, -0.0102694155648, 0.0199138820171, -0.0103524746373, 0.00358680263162], [0.000121836303151, -5.93313961872e-05, -0.000850156648085, 0.00111789815128, -0.00266985734925, 0.00116120371968, -7.1315887908e-05, 0.00122177705634, -0.00218890770338, 0.00477532949299, -0.0103524746373, 0.0193442236632, -0.00874315574765], [-4.59170150862e-05, 0.000228924007388, 0.000420562224463, -0.000833712809253, 0.000660332094412, -0.000809317629319, -0.00036723120138, -0.00070260145003, 6.68436478009e-05, -0.00355849624611, 0.00358680263162, -0.00874315574765, 0.0169459488243]], "mean": [-692.678283691, 114.307380676, 4.82323217392, 9.1329574585, 12.2998666763, 8.5027217865, 0.661063790321, -0.783051550388, -3.73526358604, 3.08561611176, 0.445191264153, -0.0883471146226, -1.11299943924]}, "spectral_contrast_valleys": {"min": [-28.1073150635, -28.0402126312, -27.9018440247, -27.7702121735, -27.5724887848, -27.3355998993], "max": [-5.2451839447, -4.7369852066, -4.97210693359, -5.02797794342, -5.15937423706, -7.09680604935], "dvar2": [0.411243349314, 0.350478857756, 0.331470489502, 0.319956749678, 0.364505767822, 0.303991228342], "median": [-7.6872086525, -6.97255468369, -7.62213659286, -7.89195489883, -8.03464603424, -9.98710441589], "dmean2": [0.701833128929, 0.623324930668, 0.587605059147, 0.532816588879, 0.517343938351, 0.524864494801], "dmean": [0.440015554428, 0.400216430426, 0.387463152409, 0.359813541174, 0.353632241488, 0.3775370121], "var": [4.12117052078, 4.31471014023, 4.1452870369, 4.17410087585, 4.06808900833, 3.72029519081], "dvar": [0.198066264391, 0.161250904202, 0.159471765161, 0.160860717297, 0.174114316702, 0.149264886975], "mean": [-7.99637889862, -7.31258440018, -7.88798809052, -8.10144329071, -8.3130941391, -10.385219574]}, "barkbands_flatness_db": {"min": 0.0125795006752, "max": 0.593256235123, "dvar2": 0.00217459606938, "median": 0.119583107531, "dmean2": 0.0443038009107, "dmean": 0.0289644040167, "var": 0.00358507107012, "dvar": 0.00107006297912, "mean": 0.129576712847}, "dynamic_complexity": 5.25875759125, "erbbands_flatness_db": {"min": 0.0320755764842, "max": 0.377200573683, "dvar2": 0.000831558951177, "median": 0.13633915782, "dmean2": 0.0302488673478, "dmean": 0.0202089175582, "var": 0.00276226899587, "dvar": 0.000396797637222, "mean": 0.146203458309}, "hfc": {"min": 1.050407874e-16, "max": 582.664550781, "dvar2": 419.354919434, "median": 8.2