{"lowlevel": {"spectral_complexity": {"min": 0, "max": 57, "dvar2": 34.8639831543, "median": 17, "dmean2": 5.11387586594, "dmean": 3.31898665428, "var": 142.79258728, "dvar": 15.6981191635, "mean": 17.500453949}, "silence_rate_20dB": {"min": 1, "max": 1, "dvar2": 0, "median": 1, "dmean2": 0, "dmean": 0, "var": 0, "dvar": 0, "mean": 1}, "average_loudness": 0.891258239746, "erbbands_spread": {"min": 0.745016992092, "max": 176.080001831, "dvar2": 357.798187256, "median": 41.9925537109, "dmean2": 16.5052185059, "dmean": 11.1315431595, "var": 594.427612305, "dvar": 167.290512085, "mean": 46.3423118591}, "spectral_kurtosis": {"min": -1.34221315384, "max": 96.6172790527, "dvar2": 16.5083332062, "median": 3.01999521255, "dmean2": 2.18731117249, "dmean": 1.35147094727, "var": 25.0474624634, "dvar": 6.94262838364, "mean": 3.98237037659}, "barkbands_kurtosis": {"min": -1.93792164326, "max": 790.602600098, "dvar2": 1935.39770508, "median": 3.81541490555, "dmean2": 15.4213685989, "dmean": 9.50273799896, "var": 1271.71325684, "dvar": 790.74786377, "mean": 13.4296588898}, "spectral_strongpeak": {"min": 0, "max": 14.3783464432, "dvar2": 2.51416397095, "median": 0.39544993639, "dmean2": 0.689466178417, "dmean": 0.400971889496, "var": 1.14238643646, "dvar": 0.958680510521, "mean": 0.647212982178}, "spectral_spread": {"min": 730930.75, "max": 41608800, "dvar2": 1221448302590.0, "median": 4761800.5, "dmean2": 848311.9375, "dmean": 606784.375, "var": 2565896142850.0, "dvar": 697290391552, "mean": 5010777}, "spectral_rms": {"min": 8.97666563304e-09, "max": 0.0142209054902, "dvar2": 6.97932955518e-06, "median": 0.00571209564805, "dmean2": 0.00203677546233, "dmean": 0.0012559016468, "var": 7.88654142525e-06, "dvar": 2.74398917099e-06, "mean": 0.00550770200789}, "erbbands": {"min": [7.63048343044e-14, 3.2802775253e-13, 2.6405293967e-13, 2.02541412461e-12, 3.18100905859e-12, 2.65283086297e-12, 6.54137811626e-12, 6.48895390545e-12, 8.49164315253e-12, 1.48248861104e-11, 1.89039374432e-11, 2.12642802672e-11, 2.74796782551e-11, 3.50339167399e-11, 4.15155548827e-11, 4.74444164511e-11, 5.39131447819e-11, 6.65985322446e-11, 7.3024114533e-11, 7.99281682506e-11, 8.37282326804e-11, 9.16308626198e-11, 8.20388479372e-11, 1.01739477953e-10, 9.61652840692e-11, 1.05562759922e-10, 4.14475086197e-11, 1.83726020508e-11, 1.22579646086e-11, 2.4010664984e-11, 7.45681225101e-11, 1.22780854928e-10, 1.52547266485e-10, 1.61756413819e-10, 1.1283694118e-10, 4.76834925711e-11, 2.07599319679e-11, 2.9623855452e-12, 7.18065472534e-13, 2.02559540322e-13], "max": [6.70339727402, 39.4269371033, 98.9312896729, 137.242614746, 370.860198975, 189.658996582, 243.155212402, 252.830841064, 347.765930176, 532.087524414, 1148.07958984, 686.320251465, 615.099731445, 568.59173584, 537.638427734, 1171.82128906, 850.434204102, 975.720092773, 1259.69665527, 849.51763916, 1984.19165039, 2305.81152344, 358.910919189, 744.06427002, 1209.67041016, 891.281799316, 962.336303711, 529.508117676, 665.256347656, 262.305755615, 247.60774231, 154.597488403, 310.858886719, 150.657623291, 75.8174133301, 15.8152036667, 7.83182811737, 4.46770811081, 1.07818114758, 0.0634677782655], "dvar2": [1.63826370239, 84.068107605, 386.180389404, 264.742523193, 1617.91320801, 463.983428955, 215.305847168, 813.676879883, 818.367431641, 3191.10742188, 2333.53369141, 1238.37683105, 1244.62463379, 676.18536377, 1306.42956543, 3899.0378418, 1764.64660645, 2392.31713867, 2877.08569336, 2465.25708008, 5397.92675781, 5047.43115234, 499.65032959, 1366.00878906, 1575.84777832, 2147.328125, 1180.07177734, 473.30090332, 580.152587891, 190.063522339, 138.92515564, 60.5338592529, 55.5962944031, 26.6814308167, 5.46866083145, 0.69200438261, 0.264914244413, 0.109064273536, 0.0051127364859, 1.62659471243e-05], "median": [0.246741726995, 1.54662370682, 2.68842363358, 4.29414844513, 3.79424071312, 3.1901807785, 2.7959485054, 2.95535755157, 3.93060398102, 4.73095703125, 5.89104413986, 6.86194896698, 6.07555866241, 4.62240743637, 4.77761268616, 6.86121463776, 5.46424722672, 5.32012367249, 6.39172744751, 7.00868034363, 10.1463184357, 8.6882352829, 8.05702972412, 11.3139219284, 10.5286102295, 9.9189081192, 7.68295001984, 4.72753620148, 3.05680990219, 1.96136426926, 1.45227503777, 1.17606806755, 0.717905163765, 0.346433281898, 0.115931861103, 0.0352991819382, 0.0122603382915, 0.00389919243753, 0.000788908568211, 9.44542553043e-05], "dmean2": [0.75707244873, 4.60085821152, 8.15274238586, 9.08733558655, 14.9393606186, 9.02167034149, 6.74876832962, 10.9262990952, 11.7368202209, 20.7266864777, 18.6148700714, 15.7527370453, 16.4446525574, 11.7510080338, 14.2860546112, 20.8748722076, 14.7378168106, 17.1740474701, 20.1295413971, 18.6719665527, 25.6716175079, 21.3825263977, 10.4334030151, 17.5212230682, 14.3871803284, 16.6189537048, 12.1067895889, 8.31670284271, 7.57432317734, 5.07913732529, 3.85883784294, 2.75844621658, 2.02843046188, 1.23050045967, 0.531656563282, 0.207254335284, 0.120417766273, 0.0674631074071, 0.0151032013819, 0.000870556978043], "dmean": [0.436545819044, 2.6670627594, 4.60462808609, 5.38893556595, 9.00063610077, 5.31421470642, 4.07163286209, 6.52825546265, 7.07910346985, 12.6336841583, 11.8724098206, 9.98352718353, 10.3624801636, 7.46012115479, 9.16170978546, 13.2158813477, 9.395860672, 11.0284080505, 12.9595975876, 12.0727672577, 17.1580638885, 13.4912223816, 6.57243585587, 11.0718984604, 9.1190032959, 10.5341825485, 7.5752415657, 5.36786746979, 4.93998193741, 3.32067036629, 2.60022783279, 1.89268875122, 1.41307663918, 0.833494365215, 0.365315496922, 0.140004098415, 0.0748827904463, 0.0376591607928, 0.00832657236606, 0.000481468712678], "var": [0.723162949085, 30.1023807526, 99.0239257812, 124.01738739, 620.345581055, 161.159500122, 112.116287231, 418.859313965, 360.353637695, 1642.41894531, 2035.26452637, 986.390869141, 1436.14123535, 765.486022949, 1374.44689941, 3129.72290039, 1332.01977539, 2505.20654297, 3077.4934082, 2983.30444336, 10777.4130859, 6085.94677734, 594.56640625, 1492.91955566, 1707.34191895, 2154.64746094, 935.363464355, 539.384216309, 563.294799805, 151.587722778, 117.808937073, 66.6099777222, 70.4940109253, 26.4324855804, 3.4008641243, 0.38351508975, 0.0781299620867, 0.0219687726349, 0.00103965355083, 3.47266563949e-06], "dvar": [0.578426539898, 29.9330368042, 136.332778931, 96.9382171631, 656.318237305, 171.420684814, 81.7372131348, 311.735321045, 316.830963135, 1231.13989258, 985.370910645, 519.506103516, 528.330993652, 294.153808594, 575.46081543, 1660.00817871, 735.059387207, 1043.45568848, 1245.64819336, 1075.2175293, 2989.73779297, 2334.19604492, 215.391998291, 602.879394531, 714.529174805, 880.04486084, 489.458740234, 222.496917725, 250.948348999, 78.0582351685, 58.3296089172, 29.0675106049, 29.1799144745, 12.8966903687, 2.34448409081, 0.291318446398, 0.0987106710672, 0.037680644542, 0.00177371525206, 5.67766119275e-06], "mean": [0.609381139278, 3.73457121849, 5.54150485992, 8.34491539001, 10.8017148972, 7.04578781128, 6.3456325531, 8.99452781677, 9.53917884827, 17.0675296783, 19.8132667542, 17.447637558, 20.1296424866, 14.4056653976, 16.9409255981, 22.9932994843, 16.4553718567, 20.8787460327, 23.9829788208, 23.2818260193, 33.5428924561, 26.5625076294, 14.5978069305, 22.5686721802, 20.6604824066, 22.7090435028, 16.5937423706, 11.4608860016, 9.59577560425, 6.35342597961, 5.01169204712, 3.68943834305, 2.57547879219, 1.41899704933, 0.532465398312, 0.188546657562, 0.0798348411918, 0.031345628202, 0.00669840350747, 0.000433397712186]}, "zerocrossingrate": {"min": 0.00146484375, "max": 0.50048828125, "dvar2": 0.000340821337886, "median": 0.05029296875, "dmean2": 0.0144516974688, "dmean": 0.0123667325824, "var": 0.00266308616847, "dvar": 0.00032942937105, "mean": 0.060622818768}, "spectral_contrast_coeffs": {"min": [-0.947738409042, -0.967004537582, -0.972429990768, -0.972753942013, -0.961982131004, -0.95824021101], "max": [-0.226628884673, -0.378375411034, -0.469513684511, -0.501744449139, -0.578365504742, -0.548638999462], "dvar2": [0.00533193163574, 0.00400374317542, 0.00232083839364, 0.00159297161736, 0.000908511108719, 0.000751946819946], "median": [-0.679069161415, -0.753185689449, -0.782096266747, -0.789123356342, -0.795964181423, -0.761829555035], "dmean2": [0.0862460210919, 0.0771989002824, 0.0601178817451, 0.0491624288261, 0.0354618914425, 0.0298473890871], "dmean": [0.0532007701695, 0.047948744148, 0.0378997586668, 0.0313577391207, 0.0224916581064, 0.0192208793014], "var": [0.00994700659066, 0.00714642414823, 0.00545741664246, 0.0041780215688, 0.00228050979786, 0.00216077454388], "dvar": [0.00226904544979, 0.00163550698198, 0.00100036954973, 0.000704458274413, 0.000405113154557, 0.000357062584953], "mean": [-0.664217948914, -0.742213785648, -0.773443162441, -0.781340003014, -0.790937006474, -0.761755347252]}, "dissonance": {"min": 0.0920366719365, "max": 0.500000119209, "dvar2": 0.000921479950193, "median": 0.477952867746, "dmean2": 0.026757394895, "dmean": 0.0163471736014, "var": 0.00138041202445, "dvar": 0.000383202976082, "mean": 0.466478079557}, "spectral_energyband_high": {"min": 4.82339930258e-14, "max": 0.0313609205186, "dvar2": 4.39189079771e-06, "median": 0.00061402481515, "dmean2": 0.000849163741805, "dmean": 0.000567773764487, "var": 4.89447575092e-06, "dvar": 1.85506553407e-06, "mean": 0.00134962343145}, "spectral_skewness": {"min": -0.338454008102, "max": 8.56149959564, "dvar2": 0.141454949975, "median": 1.26340985298, "dmean2": 0.308855384588, "dmean": 0.199426040053, "var": 0.392351269722, "dvar": 0.0639240667224, "mean": 1.35968494415}, "spectral_flux": {"min": 3.50683512806e-06, "max": 0.412348985672, "dvar2": 0.00463157752529, "median": 0.0831305459142, "dmean2": 0.0575207732618, "dmean": 0.0366989709437, "var": 0.00510063068941, "dvar": 0.00234537012875, "mean": 0.0984549149871}, "silence_rate_30dB": {"min": 0, "max": 1, "dvar2": 0.140540659428, "median": 1, "dmean2": 0.112967669964, "dmean": 0.0564787052572, "var": 0.0351695530117, "dvar": 0.0532906241715, "mean": 0.963500976562}, "spectral_energyband_middle_high": {"min": 1.48311742119e-14, "max": 0.0397425927222, "dvar2": 9.93247158476e-06, "median": 0.00292832148261, "dmean2": 0.00202213507146, "dmean": 0.00133509957232, "var": 2.7064632377e-05, "dvar": 4.59300417788e-06, "mean": 0.00463766464964}, "barkbands_spread": {"min": 0.164817750454, "max": 119.180122375, "dvar2": 212.09336853, "median": 21.1712112427, "dmean2": 11.7747831345, "dmean": 7.36032438278, "var": 290.266113281, "dvar": 86.4451980591, "mean": 23.7199497223}, "spectral_centroid": {"min": 82.6943283081, "max": 10725.3857422, "dvar2": 258471.828125, "median": 1510.15344238, "dmean2": 437.470428467, "dmean": 288.878112793, "var": 814186.25, "dvar": 139517.984375, "mean": 1586.17944336}, "pitch_salience": {"min": 0.0405397824943, "max": 0.96691095829, "dvar2": 0.0194953605533, "median": 0.475831091404, "dmean2": 0.149952739477, "dmean": 0.0910843759775, "var": 0.0196314398199, "dvar": 0.00736969942227, "mean": 0.476665169001}, "erbbands_skewness": {"min": -9.24652481079, "max": 8.45886230469, "dvar2": 0.442779451609, "median": 0.0323988199234, "dmean2": 0.587171316147, "dmean": 0.397193640471, "var": 1.28999817371, "dvar": 0.212363675237, "mean": 0.13068190217}, "erbbands_crest": {"min": 2.17247915268, "max": 33.9721412659, "dvar2": 16.6775684357, "median": 7.98352718353, "dmean2": 4.31482124329, "dmean": 2.71125030518, "var": 26.2245101929, "dvar": 7.25161123276, "mean": 9.41372871399}, "melbands": {"min": [6.13496222817e-16, 2.38724748299e-16, 4.11778264574e-16, 1.68604581599e-16, 2.22001326835e-16, 1.49496987381e-16, 1.3972168454e-16, 1.50852531265e-16, 1.58393797943e-16, 1.44132582143e-16, 1.44325176259e-16, 1.458677159e-16, 1.36514447224e-16, 1.27939482713e-16, 1.20697893645e-16, 1.18997316184e-16, 1.270709166e-16, 1.12797829104e-16, 1.11131305015e-16, 1.03753767158e-16, 9.68907422602e-17, 9.66911932092e-17, 7.95810350305e-17, 7.10167378403e-17, 8.6390802732e-17, 6.15218095215e-17, 8.33235309939e-17, 6.72283432791e-17, 3.01357745934e-17, 9.7791723927e-18, 1.23414578115e-17, 7.16641158575e-18, 5.70306001256e-18, 1.58768682814e-17, 3.63804422789e-17, 6.43215379623e-17, 7.6946041263e-17, 9.57207713844e-17, 1.3165819558e-16, 1.38294076681e-16], "max": [0.0544961094856, 0.048931248486, 0.0240240506828, 0.017350377515, 0.00725558400154, 0.00537542020902, 0.00604075100273, 0.00543548120186, 0.00810788944364, 0.0037812567316, 0.00301124015823, 0.00240659713745, 0.00241298531182, 0.00289761507884, 0.00342876417562, 0.00199287198484, 0.00212992564775, 0.00226005353034, 0.00156178174075, 0.00180414412171, 0.00306192855351, 0.00293240952305, 0.00105022999924, 0.000348454341292, 0.000706564867869, 0.000838720530737, 0.00061368662864, 0.000796301406808, 0.000892892363481, 0.000328042457113, 0.000347571854945, 0.000531582278199, 0.000170907791471, 0.000161471951287, 0.000198341906071, 0.000149630388478, 0.000103410442534, 0.000212667655433, 0.000196978318854, 0.000127059436636], "dvar2": [0.000117176852655, 0.000110171953565, 1.07291798486e-05, 5.23085918758e-06, 2.49650895512e-07, 3.72809353166e-07, 2.51933585105e-07, 2.95468709055e-07, 1.48761131413e-07, 4.79641641959e-08, 3.27877884843e-08, 1.29621247069e-08, 1.78953509788e-08, 2.66429047713e-08, 2.38819630738e-08, 9.43633438055e-09, 1.04630375475e-08, 1.24711538874e-08, 4.2400873923e-09, 6.47497833128e-09, 1.02665609347e-08, 7.74488118083e-09, 1.57313539972e-09, 3.7269068387e-10, 1.33554500792e-09, 1.13934572887e-09, 8.39412594988e-10, 1.3558248968e-09, 9.61514423636e-10, 2.14083875627e-10, 2.17040579953e-10, 2.64074817569e-10, 1.09495044975e-10, 6.47167527901e-11, 6.67899138773e-11, 3.2509394482e-11, 2.42481035251e-11, 2.84659674304e-11, 3.23969531757e-11, 1.90076444168e-11], "median": [0.00229179626331, 0.00193775515072, 0.000801904825494, 0.000263251946308, 0.000109469845484, 6.77385396557e-05, 6.10193164903e-05, 5.09533419972e-05, 4.47618913313e-05, 3.97994517698e-05, 2.83602985292e-05, 1.7719452444e-05, 1.32338973344e-05, 1.50784053403e-05, 1.5017523765e-05, 7.28327859179e-06, 9.08039328351e-06, 9.03283216758e-06, 6.92176126904e-06, 9.16992394195e-06, 1.02331523522e-05, 7.81734706834e-06, 7.12043492967e-06, 5.5873160818e-06, 8.8827800937e-06, 7.40948325983e-06, 6.38923393126e-06, 6.02456384513e-06, 4.6249724619e-06, 3.59363230018e-06, 2.08725919038e-06, 1.75439390659e-06, 1.15720581562e-06, 9.96376797957e-07, 8.606054962e-07, 6.96644178788e-07, 6.90676188242e-07, 5.17409944223e-07, 3.65706966932e-07, 2.44556588314e-07], "dmean2": [0.00630174903199, 0.00472577195615, 0.0017669146182, 0.000869941781275, 0.000244424591074, 0.000238205946516, 0.000196934619453, 0.000213393199374, 0.00015127628285, 0.000100195917184, 8.48635754664e-05, 5.11108737555e-05, 5.10549762112e-05, 5.54286452825e-05, 5.13680643053e-05, 3.11826916004e-05, 3.51944036083e-05, 4.02129771828e-05, 2.33707996813e-05, 2.86752219836e-05, 3.25875444105e-05, 2.45681076194e-05, 1.61412353918e-05, 8.75573277881e-06, 1.65506007761e-05, 1.3344353647e-05, 1.17156614579e-05, 1.20693439385e-05, 9.08575293579e-06, 6.39709332972e-06, 5.04466925122e-06, 4.81436109112e-06, 3.85261773772e-06, 2.81106031252e-06, 2.57046644947e-06, 1.97516374101e-06, 1.75813079295e-06, 1.52860923208e-06, 1.33554658532e-06, 1.02286423953e-06], "dmean": [0.00364406523295, 0.00271722511388, 0.00105496274773, 0.000523926632013, 0.000146972524817, 0.000142312710523, 0.000118486903375, 0.000131124252221, 9.63846687227e-05, 6.34546304354e-05, 5.35206418135e-05, 3.2458028727e-05, 3.27987181663e-05, 3.51616436092e-05, 3.2095471397e-05, 1.97726567421e-05, 2.24633313337e-05, 2.58260060946e-05, 1.49083280121e-05, 1.8618784452e-05, 2.17642282223e-05, 1.51816939251e-05, 1.01148389149e-05, 5.4259908211e-06, 1.04088467197e-05, 8.35596983961e-06, 7.44002545616e-06, 7.50719618736e-06, 5.6565727391e-06, 4.05210903409e-06, 3.22621372106e-06, 3.11007238452e-06, 2.4361843316e-06, 1.82383314495e-06, 1.6857185301e-06, 1.32774221129e-06, 1.17082413453e-06, 1.04718628791e-06, 9.16789417715e-07, 6.71084478654e-07], "var": [5.07034601469e-05, 3.2132211345e-05, 4.78451147501e-06, 1.88718138361e-06, 1.31676188175e-07, 1.95161902639e-07, 1.02129774859e-07, 1.63801075814e-07, 1.25880092128e-07, 3.90550383145e-08, 3.8092061061e-08, 1.52012535892e-08, 1.90678370871e-08, 2.9348795394e-08, 1.46468002171e-08, 7.93681476097e-09, 1.02205346408e-08, 1.25221131242e-08, 3.6985818852e-09, 8.81445938461e-09, 1.94116633878e-08, 8.38757507893e-09, 2.23606955174e-09, 2.88280316285e-10, 1.30080968219e-09, 1.13962317361e-09, 9.84363035528e-10, 1.07285424988e-09, 5.43439737655e-10, 2.58159271738e-10, 2.07536224317e-10, 2.44397169169e-10, 8.56407861294e-11, 4.479024443e-11, 4.79918292606e-11, 3.01311926798e-11, 2.46185866831e-11, 3.33843924727e-11, 3.89414819835e-11, 1.49873429639e-11], "dvar": [4.14188834839e-05, 3.93975751649e-05, 4.10946358897e-06, 2.05948686016e-06, 9.45198337376e-08, 1.42613330922e-07, 9.69078612911e-08, 1.15039910042e-07, 6.2609963436e-08, 2.02024281748e-08, 1.39135076793e-08, 5.70998226479e-09, 7.88753951042e-09, 1.17096838892e-08, 9.3336334217e-09, 4.0188528061e-09, 4.52819604035e-09, 5.27761390146e-09, 1.89961801844e-09, 3.09633940709e-09, 5.73789549208e-09, 3.48218232027e-09, 7.53851092661e-10, 1.51003806681e-10, 5.79564229941e-10, 5.14103148941e-10, 3.85988879748e-10, 5.32348165549e-10, 3.81878140221e-10, 9.20220913359e-11, 1.0152871599e-10, 1.12013370801e-10, 4.58250486168e-11, 2.62342422092e-11, 2.6904948755e-11, 1.48846716203e-11, 1.14143902663e-11, 1.44497937921e-11, 1.69296018177e-11, 8.52225755243e-12], "mean": [0.00533695053309, 0.00367857841775, 0.00156061851885, 0.000653089256957, 0.00023300164321, 0.000199176356546, 0.000156142225023, 0.000184506308869, 0.000159334027558, 0.00010853519052, 0.000102012403659, 6.08518021181e-05, 5.65207665204e-05, 6.24795502517e-05, 5.15361498401e-05, 3.26597000821e-05, 3.99656601076e-05, 4.43138269475e-05, 2.47933730861e-05, 3.44363033946e-05, 3.92334841308e-05, 2.7039573979e-05, 1.90379887499e-05, 1.03293159555e-05, 1.94835938601e-05, 1.64317789313e-05, 1.49814359247e-05, 1.48554117914e-05, 1.0705929526e-05, 8.43425914354e-06, 6.07922265772e-06, 5.78557273911e-06, 4.17767068939e-06, 3.28639839609e-06, 3.04707600662e-06, 2.41695306613e-06, 2.16385205931e-06, 1.83025167644e-06, 1.56081171099e-06, 1.0768261518e-06]}, "spectral_entropy": {"min": 3.99844050407, "max": 9.79188919067, "dvar2": 0.0887111052871, "median": 7.74063158035, "dmean2": 0.244996994734, "dmean": 0.16885997355, "var": 0.31820872426, "dvar": 0.0432402081788, "mean": 7.61515045166}, "spectral_rolloff": {"min": 43.06640625, "max": 19875.1464844, "dvar2": 3125101.75, "median": 667.529296875, "dmean2": 998.58392334, "dmean": 599.752319336, "var": 4164152, "dvar": 1496125.5, "mean": 1430.98535156}, "barkbands": {"min": [3.36193226587e-16, 1.87156186036e-15, 1.74314629219e-16, 1.07003491117e-15, 1.03007232023e-15, 7.87525812215e-16, 7.49637075573e-16, 7.13830504733e-16, 1.09401780204e-15, 8.93956772587e-16, 1.00455704088e-15, 1.10610877384e-15, 1.2686539729e-15, 1.31632541069e-15, 1.47479701655e-15, 1.50291660458e-15, 1.53817572743e-15, 1.54829914758e-15, 1.79881168283e-15, 2.27477728359e-15, 6.17295800861e-16, 3.67143969298e-16, 2.15563828791e-15, 7.7445213396e-15, 1.63964131714e-14, 1.22552419872e-14, 1.0091201556e-14], "max": [0.0212089568377, 0.175350934267, 0.0910891294479, 0.0503033697605, 0.0674227252603, 0.0250040404499, 0.0369493290782, 0.0444379039109, 0.024928662926, 0.0148137779906, 0.0160279590636, 0.0247398354113, 0.0178110543638, 0.0209460947663, 0.020060705021, 0.0303857605904, 0.0331511199474, 0.00689759943634, 0.0195455607027, 0.0174890011549, 0.0141517501324, 0.0129623673856, 0.00884140096605, 0.0125493081287, 0.012156621553, 0.00359533983283, 0.00515417009592], "dvar2": [1.34783576868e-05, 0.00152805866674, 0.000262173212832, 4.25627004006e-05, 7.87467361079e-05, 8.48515537655e-06, 9.49663990468e-06, 4.07687412007e-06, 2.82629434878e-06, 1.08026540602e-06, 8.01981286713e-07, 2.18595891965e-06, 9.09539323857e-07, 1.50407981891e-06, 7.04340322955e-07, 1.76287676368e-06, 1.23566701404e-06, 1.73650278157e-07, 6.46115836389e-07, 8.98079235867e-07, 3.57342486268e-07, 3.22182728496e-07, 1.67400912687e-07, 1.46019843328e-07, 1.42356270771e-07, 5.6394775072e-08, 1.75253489942e-07], "median": [0.000278542604065, 0.00782784819603, 0.00197726720944, 0.00119281373918, 0.00115195009857, 0.000352929346263, 0.00028124731034, 0.000210880345549, 0.000279141589999, 0.000135769048939, 7.49247265048e-05, 0.000160763825988, 8.1514051999e-05, 0.000110997214506, 9.34567506192e-05, 0.000153901433805, 0.000133868146804, 0.00013036179007, 0.000221031630645, 0.000205007512704, 0.000152812586748, 8.03892980912e-05, 5.37762862223e-05, 4.99551460962e-05, 2.25154435611e-05, 6.95584549248e-06, 4.39770246885e-06], "dmean2": [0.00195467961021, 0.0216453205794, 0.00687059527263, 0.00344367697835, 0.00340445456095, 0.00117922550999, 0.00113740516827, 0.000822345493361, 0.000774106476456, 0.000486970384372, 0.000340320024407, 0.000545044546016, 0.000325884961057, 0.000481159309857, 0.000321516301483, 0.000485650554765, 0.000366395106539, 0.000200482158107, 0.000361618556781, 0.000346839718986, 0.000247464427957, 0.000199663438252, 0.000135900103487, 0.000122385463328, 8.90873343451e-05, 5.86060450587e-05, 8.8229913672e-05], "dmean": [0.00112638820428, 0.0125637222081, 0.00389470090158, 0.00205338955857, 0.0020579227712, 0.000707166094799, 0.000683065212797, 0.000519650347997, 0.000486854987685, 0.000311131414492, 0.000216184213059, 0.000343348248862, 0.000205725053092, 0.000305986701278, 0.000203605522984, 0.000318835052894, 0.0002295995655, 0.000125327787828, 0.000228963952395, 0.000217358858208, 0.00015612943389, 0.000129322026623, 9.17577053769e-05, 8.57911218191e-05, 6.0727197706e-05, 3.72543545382e-05, 4.8494341172e-05], "var": [5.46299270354e-06, 0.000615224882495, 7.03884215909e-05, 2.12140457734e-05, 2.86030881398e-05, 4.52667791251e-06, 3.92763922719e-06, 3.43961801264e-06, 2.32386742027e-06, 1.3557736338e-06, 8.29792327295e-07, 2.02608589461e-06, 7.17923796856e-07, 1.51158030803e-06, 6.44542808459e-07, 3.13153941534e-06, 1.51462563736e-06, 1.7547542086e-07, 7.2801759643e-07, 8.74419583852e-07, 3.5977762991e-07, 3.197530134e-07, 1.40496780432e-07, 1.88286676917e-07, 1.24249453393e-07, 1.98925835804e-08, 3.54227438493e-08], "dvar": [4.81240613226e-06, 0.000542319205124, 9.20186939766e-05, 1.63871845871e-05, 3.09362876578e-05, 3.25147038893e-06, 3.63468780051e-06, 1.71294823303e-06, 1.19472758797e-06, 4.66382971354e-07, 3.46707480503e-07, 9.19040758163e-07, 3.85077782994e-07, 6.35976050489e-07, 3.26225801928e-07, 9.10806079446e-07, 5.69615281165e-07, 7.41249337466e-08, 2.95633640235e-07, 3.68731605249e-07, 1.51111535729e-07, 1.38793950555e-07, 7.03112306155e-08, 7.52311919427e-08, 6.78815013089e-08, 2.16398632347e-08, 6.06777277312e-08], "mean": [0.00127015484031, 0.0181555226445, 0.00465047499165, 0.00289491889998, 0.00264335982502, 0.000998708768748, 0.000872004951816, 0.000812302634586, 0.000824249756988, 0.000570975418668, 0.000356430158718, 0.000600940489676, 0.000333277013851, 0.000534942082595, 0.000332244351739, 0.000607516674791, 0.00042447343003, 0.000245258997893, 0.000466017489089, 0.000467207020847, 0.000338705256581, 0.000253603910096, 0.000178429865628, 0.000164336030139, 9.8958495073e-05, 4.26495680586e-05, 3.90086279367e-05]}, "melbands_flatness_db": {"min": 0.020261509344, "max": 0.713457882404, "dvar2": 0.00340449111536, "median": 0.219571501017, "dmean2": 0.056563384831, "dmean": 0.0360798500478, "var": 0.00928002782166, "dvar": 0.00140238017775, "mean": 0.231261909008}, "melbands_skewness": {"min": -6.11988162994, "max": 29.1041908264, "dvar2": 6.21867990494, "median": 3.44326066971, "dmean2": 2.11011147499, "dmean": 1.35944020748, "var": 8.76625347137, "dvar": 2.62289142609, "mean": 4.05070066452}, "barkbands_skewness": {"min": -8.30863952637, "max": 21.2752113342, "dvar2": 3.46857333183, "median": 1.96554327011, "dmean2": 1.46332359314, "dmean": 0.943453431129, "var": 4.92880105972, "dvar": 1.47603964806, "mean": 2.33571982384}, "silence_rate_60dB": {"min": 0, "max": 1, "dvar2": 0.0449073500931, "median": 0, "dmean2": 0.0431347638369, "dmean": 0.0216108243912, "var": 0.103830263019, "dvar": 0.0211477857083, "mean": 0.117668420076}, "spectral_energyband_low": {"min": 2.83093297576e-15, "max": 0.194171234965, "dvar2": 0.00225959671661, "median": 0.0154781732708, "dmean2": 0.0269735213369, "dmean": 0.0157916154712, "var": 0.000941762467846, "dvar": 0.000819457985926, "mean": 0.0254580136389}, "spectral_energyband_middle_low": {"min": 5.56838231327e-15, "max": 0.119822084904, "dvar2": 0.000226321411901, "median": 0.00622446183115, "dmean2": 0.00773679930717, "dmean": 0.00480407103896, "var": 0.000126979255583, "dvar": 9.58236996667e-05, "mean": 0.00920520443469}, "melbands_kurtosis": {"min": -1.93781411648, "max": 1600.09643555, "dvar2": 5782.05761719, "median": 15.63920784, "dmean2": 36.4210700989, "dmean": 22.7730369568, "var": 4826.62939453, "dvar": 2383.99316406, "mean": 37.2270126343}, "spectral_decrease": {"min": -5.43361693417e-08, "max": -1.25007427734e-21, "dvar2": 1.56373637599e-16, "median": -8.1670741281e-09, "dmean2": 7.95671617482e-09, "dmean": 4.70254679641e-09, "var": 7.6066377695e-17, "dvar": 5.77383251044e-17, "mean": -9.83763825957e-09}, "erbbands_kurtosis": {"min": -1.86427915096, "max": 119.394584656, "dvar2": 25.243768692, "median": -0.130176544189, "dmean2": 2.03921580315, "dmean": 1.34484863281, "var": 23.7477970123, "dvar": 10.8467311859, "mean": 1.19972622395}, "melbands_crest": {"min": 2.63384580612, "max": 37.9247512817, "dvar2": 39.6669387817, "median": 17.6782150269, "dmean2": 6.97027158737, "dmean": 4.24734306335, "var": 42.7724113464, "dvar": 15.0870847702, "mean": 17.896774292}, "gfcc": {"cov": [[17327.8613281, -412.912841797, -579.463928223, 567.339904785, 165.655395508, 513.648620605, 130.030426025, 172.095947266, -113.202949524, 74.2019805908, 25.9481296539, 42.4006729126, 27.6536903381], [-412.912841797, 1878.45288086, 16.6648101807, 30.4689178467, 228.696228027, -117.14150238, 101.315483093, -1.90856397152, 48.8108863831, -63.9154167175, 58.5858459473, -61.7368965149, 79.6058502197], [-579.463928223, 16.6648101807, 1166.19592285, 195.298355103, 28.913482666, 14.1045160294, -65.9558258057, -17.1357307434, 6.19091844559, -34.92137146, -22.5351886749, 24.5425662994, -35.5783233643], [567.339904785, 30.4689178467, 195.298355103, 500.896484375, 150.206634521, 70.9864807129, 13.7590236664, 29.02866745, 48.6066932678, 5.58599853516, 5.90680456161, 26.03150177, 36.5827980042], [165.655395508, 228.696228027, 28.913482666, 150.206634521, 513.562805176, 121.008163452, 155.351913452, 91.6010665894, 66.7967987061, 54.9194602966, 40.2550048828, 69.7272186279, 80.5442047119], [513.648620605, -117.14150238, 14.1045160294, 70.9864807129, 121.008163452, 353.348236084, 159.634368896, 74.3625869751, 30.3879508972, 56.4796485901, 57.0178604126, 15.2839202881, 29.2547931671], [130.030426025, 101.315483093, -65.9558258057, 13.7590236664, 155.351913452, 159.634368896, 269.303131104, 101.428108215, 43.5193595886, 51.0923042297, 58.9252815247, 9.33204746246, 30.4440994263], [172.095947266, -1.90856397152, -17.1357307434, 29.02866745, 91.6010665894, 74.3625869751, 101.428108215, 178.267211914, 83.5170059204, 38.7851867676, 24.1963043213, 18.2171096802, 27.9005298615], [-113.202949524, 48.8108863831, 6.19091844559, 48.6066932678, 66.7967987061, 30.3879508972, 43.5193595886, 83.5170059204, 151.871368408, 67.4045791626, 10.8377246857, -3.26411437988, 21.6050014496], [74.2019805908, -63.9154167175, -34.92137146, 5.58599853516, 54.9194602966, 56.4796485901, 51.0923042297, 38.7851867676, 67.4045791626, 124.10093689, 50.1995887756, 0.490244269371, 5.33259916306], [25.9481296539, 58.5858459473, -22.5351886749, 5.90680456161, 40.2550048828, 57.0178604126, 58.9252815247, 24.1963043213, 10.8377246857, 50.1995887756, 113.944602966, 36.8797988892, 13.9604158401], [42.4006729126, -61.7368965149, 24.5425662994, 26.03150177, 69.7272186279, 15.2839202881, 9.33204746246, 18.2171096802, -3.26411437988, 0.490244269371, 36.8797988892, 108.936248779, 44.7619895935], [27.6536903381, 79.6058502197, -35.5783233643, 36.5827980042, 80.5442047119, 29.2547931671, 30.4440994263, 27.9005298615, 21.6050014496, 5.33259916306, 13.9604158401, 44.7619895935, 96.1107406616]], "icov": [[6.7712913733e-05, -1.06268116724e-05, 5.31138721271e-05, -0.000100788660347, 1.80525894393e-05, -0.000104203616502, 5.1468025049e-05, -0.000114644586574, 0.000176901827217, -0.000106620893348, 8.86485213414e-05, -5.03437622683e-05, 5.76311031182e-05], [-1.06268116724e-05, 0.000843599322252, -8.80903680809e-05, 0.000105134749901, -0.000513108272571, 0.000603808031883, -0.000338106387062, 0.000394010829041, -0.00064194155857, 0.00132195232436, -0.00137969548814, 0.00152313720901, -0.000967381696682], [5.31138721271e-05, -8.80903680809e-05, 0.00103156163823, -0.000450477440609, -3.91082267015e-06, -0.000300551153487, 0.000325677712681, -5.69368712604e-05, -4.32454398833e-05, 0.000120895303553, 0.000304704735754, -0.000632567156572, 0.00087250006618], [-0.000100788660347, 0.000105134749901, -0.000450477440609, 0.00263912370428, -0.000739257375244, -0.000256453640759, 0.000388431391912, 0.000351397204213, -0.00110810995102, 0.000856112281326, -0.000455358676845, 0.000376996787963, -0.000664679682814], [1.80525894393e-05, -0.000513108272571, -3.91082267015e-06, -0.000739257375244, 0.00335865351371, -0.000415331829572, -0.00124891626183, -0.000384210783523, 0.000238516091486, -0.00163332826924, 0.00156374869402, -0.00231086858548, -0.000595255114604], [-0.000104203616502, 0.000603808031883, -0.000300551153487, -0.000256453640759, -0.000415331829572, 0.00477352272719, -0.00235453573987, -8.94161203178e-05, 0.000121174969536, -5.14169951202e-05, -0.0016244990984, 0.00139381317422, -0.0012544975616], [5.1468025049e-05, -0.000338106387062, 0.000325677712681, 0.000388431391912, -0.00124891626183, -0.00235453573987, 0.00731151923537, -0.0028087310493, 0.000801529036835, -0.000421947625, -0.00162816629745, 0.00115492893383, 4.24719110015e-05], [-0.000114644586574, 0.000394010829041, -5.69368712604e-05, 0.000351397204213, -0.000384210783523, -8.94161203178e-05, -0.0028087310493, 0.00990896578878, -0.00545104080811, 0.0017562553985, -0.000641908787657, -0.000692306435667, -0.000542246154509], [0.000176901827217, -0.00064194155857, -4.32454398833e-05, -0.00110810995102, 0.000238516091486, 0.000121174969536, 0.000801529036835, -0.00545104080811, 0.0132309785113, -0.00753974262625, 0.00301131140441, 0.000424267607741, -0.00121256546117], [-0.000106620893348, 0.00132195232436, 0.000120895303553, 0.000856112281326, -0.00163332826924, -5.14169951202e-05, -0.000421947625, 0.0017562553985, -0.00753974262625, 0.0164909735322, -0.00799507554621, 0.00383540079929, -0.000182174379006], [8.86485213414e-05, -0.00137969548814, 0.000304704735754, -0.000455358676845, 0.00156374869402, -0.0016244990984, -0.00162816629745, -0.000641908787657, 0.00301131140441, -0.00799507554621, 0.0162034872919, -0.00757909473032, 0.00223236018792], [-5.03437622683e-05, 0.00152313720901, -0.000632567156572, 0.000376996787963, -0.00231086858548, 0.00139381317422, 0.00115492893383, -0.000692306435667, 0.000424267607741, 0.00383540079929, -0.00757909473032, 0.017022414133, -0.00741247227415], [5.76311031182e-05, -0.000967381696682, 0.00087250006618, -0.000664679682814, -0.000595255114604, -0.0012544975616, 4.24719110015e-05, -0.000542246154509, -0.00121256546117, -0.000182174379006, 0.00223236018792, -0.00741247227415, 0.0162006355822]], "mean": [-18.237493515, 75.5388717651, -95.5719451904, 45.3737335205, -46.2385673523, 11.4896459579, -23.1641082764, 9.19118785858, -16.6241836548, 0.803867697716, -13.5212001801, -5.71829032898, -9.87427616119]}, "melbands_spread": {"min": 0.094293192029, "max": 287.438140869, "dvar2": 547.22265625, "median": 15.3428735733, "dmean2": 14.3594617844, "dmean": 9.11075592041, "var": 677.550415039, "dvar": 241.921981812, "mean": 23.2395935059}, "spectral_energy": {"min": 8.2595036496e-14, "max": 0.207290023565, "dvar2": 0.00225901068188, "median": 0.0334437415004, "dmean2": 0.0305198393762, "dmean": 0.0180921256542, "var": 0.0011451045284, "dvar": 0.000837045197841, "mean": 0.03917670995}, "mfcc": {"cov": [[14802.0712891, -344.777435303, -1021.89318848, 168.71913147, 50.8676834106, 371.266265869, 424.104980469, 283.356384277, 221.136138916, 231.359771729, 110.814399719, 128.116928101, 53.2160682678], [-344.777435303, 1634.8828125, -49.7114562988, 168.783721924, 92.4243621826, -36.0381546021, 77.867225647, 19.3556270599, 54.6264343262, -12.8988208771, 18.9836444855, 44.8100013733, 18.149023056], [-1021.89318848, -49.7114562988, 928.599304199, 112.814949036, 90.6270294189, 23.9969406128, -74.7625045776, 6.90829658508, -59.850353241, -15.0391836166, -3.05708551407, -40.2247505188, -21.1984977722], [168.71913147, 168.783721924, 112.814949036, 468.382904053, 188.771820068, 43.0020980835, -2.1041431427, 42.3672637939, 60.2180366516, -15.5399341583, -10.6879444122, 34.3512763977, 55.4449005127], [50.8676834106, 92.4243621826, 90.6270294189, 188.771820068, 315.829803467, 104.066444397, 54.7431373596, 64.5167999268, 86.7193832397, 1.01937150955, 5.36912584305, 47.3516273499, 59.1195869446], [371.266265869, -36.0381546021, 23.9969406128, 43.0020980835, 104.066444397, 245.105651855, 141.262481689, 61.6419677734, 56.9952278137, 46.0984535217, 47.4873695374, 26.4689235687, 14.1297416687], [424.104980469, 77.867225647, -74.7625045776, -2.1041431427, 54.7431373596, 141.262481689, 263.330352783, 110.872772217, 55.908618927, 50.1437492371, 52.9974021912, 35.7270431519, 18.7835350037], [283.356384277, 19.3556270599, 6.90829658508, 42.3672637939, 64.5167999268, 61.6419677734, 110.872772217, 161.452133179, 82.7257919312, 30.0981006622, 20.0186576843, 28.2565345764, 32.6783905029], [221.136138916, 54.6264343262, -59.850353241, 60.2180366516, 86.7193832397, 56.9952278137, 55.908618927, 82.7257919312, 170.966125488, 75.5448760986, 31.6470050812, 37.6937179565, 29.2075252533], [231.359771729, -12.8988208771, -15.0391836166, -15.5399341583, 1.01937150955, 46.0984535217, 50.1437492371, 30.0981006622, 75.5448760986, 150.463912964, 75.8624267578, 27.3582763672, -2.96799612045], [110.814399719, 18.9836444855, -3.05708551407, -10.6879444122, 5.36912584305, 47.4873695374, 52.9974021912, 20.0186576843, 31.6470050812, 75.8624267578, 128.724853516, 56.0736503601, 4.37389707565], [128.116928101, 44.8100013733, -40.2247505188, 34.3512763977, 47.3516273499, 26.4689235687, 35.7270431519, 28.2565345764, 37.6937179565, 27.3582763672, 56.0736503601, 107.064559937, 53.5837593079], [53.2160682678, 18.149023056, -21.1984977722, 55.4449005127, 59.1195869446, 14.1297416687, 18.7835350037, 32.6783905029, 29.2075252533, -2.96799612045, 4.37389707565, 53.5837593079, 103.25605011]], "icov": [[8.13049191493e-05, 2.26550928346e-05, 9.99132535071e-05, -6.73406539136e-05, 2.82340406557e-05, -9.26147768041e-05, -1.63523782248e-05, -0.000118195188406, 6.79938821122e-05, -0.000112619170977, 4.90475977131e-05, -4.4568991143e-05, 4.62567732029e-05], [2.26550928346e-05, 0.000696342904121, 3.15935540129e-05, -0.000262698362349, -0.000104036080302, 0.000435347581515, -0.000513496575877, 0.000279070343822, -0.00027724125539, 0.000220818401431, -0.000120104283269, -0.000184374774108, 0.000204095849767], [9.99132535071e-05, 3.15935540129e-05, 0.00146147678606, -0.000315428886097, -0.000520757690538, -0.000428561092122, 0.000803030619863, -0.00098410830833, 0.00121576106176, -0.000512389990035, -0.000340381229762, 0.000582553446293, 0.000288028240902], [-6.73406539136e-05, -0.000262698362349, -0.000315428886097, 0.00310329347849, -0.00146033370402, -7.77103850851e-05, 0.000575777376071, -0.000140940901474, -0.00044814471039, 0.000382549827918, 0.000175141991349, -0.000105680424895, -0.000678438169416], [2.82340406557e-05, -0.000104036080302, -0.000520757690538, -0.00146033370402, 0.00580786447972, -0.0018390363548, -8.71925076353e-05, 7.709361671e-05, -0.00224411510862, 0.00126013369299, 0.00064525596099, -0.00109803699888, -0.00118773407303], [-9.26147768041e-05, 0.000435347581515, -0.000428561092122, -7.77103850851e-05, -0.0018390363548, 0.00742615200579, -0.00382396904752, 0.0011424330296, -0.000884927110747, -0.000115707531222, -0.00125193886925, 0.000598596350756, 0.000285149581032], [-1.63523782248e-05, -0.000513496575877, 0.000803030619863, 0.000575777376071, -8.71925076353e-05, -0.00382396904752, 0.00837083812803, -0.00501903472468, 0.0018582631601, -0.000914205738809, -0.000965101993643, -0.000121043216495, 0.000145017067553], [-0.000118195188406, 0.000279070343822, -0.00098410830833, -0.000140940901474, 7.709361671e-05, 0.0011424330296, -0.00501903472468, 0.0121925231069, -0.00532708363608, 0.00148584204726, 0.000216065745917, 0.000113664042146, -0.00177920493297], [6.79938821122e-05, -0.00027724125539, 0.00121576106176, -0.00044814471039, -0.00224411510862, -0.000884927110747, 0.0018582631601, -0.00532708363608, 0.0124961789697, -0.00613513030112, 0.00140011135954, -0.000913367432076, -3.864311293e-05], [-0.000112619170977, 0.000220818401431, -0.000512389990035, 0.000382549827918, 0.00126013369299, -0.000115707531222, -0.000914205738809, 0.00148584204726, -0.00613513030112, 0.0129883699119, -0.00639299396425, 0.00102769082878, 0.000545273243915], [4.90475977131e-05, -0.000120104283269, -0.000340381229762, 0.000175141991349, 0.00064525596099, -0.00125193886925, -0.000965101993643, 0.000216065745917, 0.00140011135954, -0.00639299396425, 0.0154799800366, -0.00826997961849, 0.0027970620431], [-4.4568991143e-05, -0.000184374774108, 0.000582553446293, -0.000105680424895, -0.00109803699888, 0.000598596350756, -0.000121043216495, 0.000113664042146, -0.000913367432076, 0.00102769082878, -0.00826997961849, 0.0185871124268, -0.00824285298586], [4.62567732029e-05, 0.000204095849767, 0.000288028240902, -0.000678438169416, -0.00118773407303, 0.000285149581032, 0.000145017067553, -0.00177920493297, -3.864311293e-05, 0.000545273243915, 0.0027970620431, -0.00824285298586, 0.0154117736965]], "mean": [-665.380615234, 104.628646851, 14.1327428818, 37.1619682312, 6.20726394653, 8.98536777496, 6.80683755875, 6.22177457809, 5.12413740158, 7.77901649475, -0.145648315549, 2.07140803337, -0.0686131417751]}, "spectral_contrast_valleys": {"min": [-27.250749588, -27.1929130554, -27.1502933502, -27.3849029541, -27.2336826324, -27.3472042084], "max": [-4.89573955536, -4.66160345078, -5.12093162537, -5.64630079269, -5.49140167236, -7.14441776276], "dvar2": [0.40733975172, 0.40695181489, 0.307078123093, 0.263283193111, 0.254541277885, 0.371278554201], "median": [-6.67429828644, -6.90184497833, -7.43173933029, -7.70301532745, -7.16859722137, -9.80738162994], "dmean2": [0.689727604389, 0.66546267271, 0.558990895748, 0.494134068489, 0.398672997952, 0.429365038872], "dmean": [0.4279769063, 0.419930070639, 0.360432833433, 0.324641227722, 0.269455939531, 0.331601321697], "var": [2.66462564468, 1.64296507835, 1.717187047, 1.75072741508, 1.88524055481, 1.96961081028], "dvar": [0.206317231059, 0.203377276659, 0.163166105747, 0.149282053113, 0.15385594964, 0.21782644093], "mean": [-7.23817968369, -7.23289108276, -7.8459353447, -8.16282081604, -7.66527318954, -10.1198911667]}, "barkbands_flatness_db": {"min": 0.0181552413851, "max": 0.599372208118, "dvar2": 0.00243137963116, "median": 0.136318862438, "dmean2": 0.0467835180461, "dmean": 0.0292885098606, "var": 0.00565688218921, "dvar": 0.000961473444477, "mean": 0.152231007814}, "dynamic_complexity": 4.09982299805, "erbbands_flatness_db": {"min": 0.0330837331712, "max": 0.487230420113, "dvar2": 0.000843939254992, "median": 0.128618121147, "dmean2": 0.0268290285021, "dmean": 0.0187685992569, "var": 0.00252229021862, "dvar": 0.00043791034841, "mean": 0.138035774231}, "hfc": {"min": 8.58593751651e-10, "max": 262.525573