{"lowlevel": {"spectral_complexity": {"min": 0, "max": 57, "dvar2": 78.5816116333, "median": 15, "dmean2": 7.40051031113, "dmean": 5.07005262375, "var": 146.972747803, "dvar": 39.5516586304, "mean": 16.6698493958}, "silence_rate_20dB": {"min": 1, "max": 1, "dvar2": 0, "median": 1, "dmean2": 0, "dmean": 0, "var": 0, "dvar": 0, "mean": 1}, "average_loudness": 0.879281938076, "erbbands_spread": {"min": 0.943111121655, "max": 151.682647705, "dvar2": 231.389373779, "median": 29.4390888214, "dmean2": 13.4048957825, "dmean": 8.61345481873, "var": 282.270935059, "dvar": 96.8602676392, "mean": 32.2577514648}, "spectral_kurtosis": {"min": -0.476800680161, "max": 102.631591797, "dvar2": 47.2731132507, "median": 4.07073545456, "dmean2": 4.36672306061, "dmean": 2.57670783997, "var": 33.5562820435, "dvar": 18.0529327393, "mean": 5.31948280334}, "barkbands_kurtosis": {"min": -1.9004509449, "max": 11065.2392578, "dvar2": 57253.9335938, "median": 0.696419715881, "dmean2": 13.5983743668, "dmean": 8.94721317291, "var": 36012.1445312, "dvar": 25035.5117188, "mean": 10.3579711914}, "spectral_strongpeak": {"min": 0, "max": 10.3984994888, "dvar2": 1.36783874035, "median": 0.278357088566, "dmean2": 0.781350910664, "dmean": 0.464794158936, "var": 0.900599956512, "dvar": 0.547342836857, "mean": 0.637128770351}, "spectral_spread": {"min": 747952.4375, "max": 23807456, "dvar2": 1267466633220.0, "median": 3412414, "dmean2": 856934.25, "dmean": 562640.6875, "var": 1899439325180.0, "dvar": 576544243712, "mean": 3693572.5}, "spectral_rms": {"min": 1.45552576214e-06, "max": 0.013150960207, "dvar2": 4.94448386235e-06, "median": 0.00320786004886, "dmean2": 0.00151940074284, "dmean": 0.00102758407593, "var": 5.22263144376e-06, "dvar": 2.28319913731e-06, "mean": 0.0035555944778}, "erbbands": {"min": [2.23290719248e-08, 8.85952502472e-08, 1.39313101499e-07, 1.28356063556e-07, 2.54505209796e-07, 4.72017148923e-07, 3.69041288195e-07, 2.76255747167e-07, 3.04660318307e-07, 1.388763053e-06, 9.09441553176e-07, 3.93528523546e-07, 5.16520628935e-07, 1.0971333495e-06, 1.46895203557e-07, 1.77959577741e-07, 2.40478613023e-07, 6.50996412332e-07, 5.26725898453e-07, 1.68876931639e-06, 1.3919070625e-06, 1.01405953501e-06, 1.09956692995e-06, 6.89513342422e-07, 9.70993824012e-07, 1.15132081646e-06, 2.10195844375e-06, 2.42787814386e-06, 1.91605386135e-06, 2.0626598598e-06, 1.01311275102e-06, 8.57604220528e-07, 8.72584791978e-07, 1.25845372168e-06, 5.37158200586e-07, 4.23106314429e-07, 2.25880143034e-07, 1.00906412115e-07, 2.08911483668e-08, 2.43887443574e-09], "max": [1.11775004864, 12.051823616, 51.256401062, 63.3799858093, 108.621330261, 393.372314453, 777.016418457, 488.06427002, 575.070129395, 708.687438965, 645.549804688, 1224.48461914, 902.990905762, 849.230712891, 807.520751953, 910.394042969, 1742.51220703, 1005.9744873, 1117.30224609, 477.940826416, 437.953277588, 595.626220703, 302.06842041, 273.66583252, 620.379699707, 265.819946289, 292.315734863, 399.085845947, 367.831329346, 274.836791992, 399.827301025, 157.941345215, 51.5690574646, 32.9010848999, 16.9668731689, 5.93402242661, 1.15761446953, 0.250055402517, 0.0243147052824, 0.0012506066123], "dvar2": [0.0308777485043, 4.37784910202, 74.1558303833, 76.7962646484, 73.7151641846, 4244.15722656, 26599.4570312, 4240.42724609, 2380.8190918, 4078.40429688, 4793.66357422, 7751.18652344, 6127.62304688, 2820.75366211, 2632.61962891, 3373.99389648, 5318.43896484, 5642.26806641, 5224.28955078, 1200.76477051, 842.260009766, 1164.43908691, 530.145507812, 607.183776855, 582.10345459, 227.284393311, 288.907501221, 367.671783447, 222.967147827, 127.488372803, 135.301574707, 34.9906234741, 8.00520610809, 2.21269965172, 0.665392935276, 0.0770942643285, 0.00451521296054, 0.000162711148732, 3.47401373801e-06, 1.44355727372e-08], "median": [0.010783563368, 0.116441853344, 0.456074714661, 0.61070472002, 0.827678382397, 1.03243505955, 1.36295938492, 1.95368075371, 4.04354381561, 4.98659515381, 7.10560131073, 7.40010070801, 10.7834911346, 7.08408212662, 8.46446895599, 7.16613435745, 6.95654058456, 9.08577823639, 9.88705444336, 7.78384971619, 6.735871315, 7.18958425522, 4.86753034592, 4.58842611313, 3.83097815514, 2.87584352493, 1.99228990078, 1.29898691177, 0.828022003174, 0.563138663769, 0.307794243097, 0.165812239051, 0.0858365222812, 0.0360266342759, 0.0130400909111, 0.0040430193767, 0.000796298438217, 0.000142336415593, 2.28891294682e-05, 1.57039103215e-05], "dmean2": [0.0746465697885, 0.980216383934, 4.05684137344, 4.10504961014, 4.09985303879, 17.7542457581, 40.1905403137, 20.787229538, 20.2810535431, 27.0802898407, 31.9421310425, 36.8925590515, 34.5879707336, 22.7453594208, 22.7138767242, 25.0461940765, 29.6058979034, 33.3737564087, 31.6852283478, 17.8601551056, 15.5583686829, 17.7213592529, 13.2465600967, 13.66817379, 11.5246515274, 8.20220088959, 8.62204265594, 8.19834709167, 6.34108495712, 3.83338618279, 2.45348978043, 1.53015375137, 0.842019557953, 0.443645387888, 0.240640163422, 0.0840896815062, 0.0225173570216, 0.00420527625829, 0.000578472332563, 4.71135681437e-05], "dmean": [0.0492878742516, 0.581313312054, 2.32251882553, 2.32748627663, 2.31955981255, 9.97264099121, 22.1442966461, 11.8738164902, 12.5265722275, 16.4244403839, 20.1990222931, 23.4638442993, 21.7303085327, 14.2174329758, 14.7952804565, 16.1426639557, 18.8400020599, 21.6481266022, 20.2639865875, 11.501660347, 9.81773281097, 11.2619695663, 8.17892932892, 8.33313846588, 7.59562158585, 5.17154741287, 5.55194091797, 5.03656387329, 3.89777469635, 2.52911043167, 1.58593714237, 1.00744473934, 0.540694773197, 0.287815332413, 0.153726324439, 0.0545181110501, 0.0146453361958, 0.00278491154313, 0.000383132108254, 3.12473603117e-05], "var": [0.0184187125415, 1.99919104576, 23.1362514496, 24.342546463, 22.0865402222, 984.654052734, 5784.30664062, 1061.16394043, 1058.49890137, 2434.44311523, 2571.55688477, 4203.63476562, 3638.08935547, 1712.98876953, 2091.57568359, 2638.6796875, 3991.09545898, 4203.22460938, 4004.50708008, 936.339294434, 606.813720703, 775.542602539, 324.131134033, 342.268096924, 458.838378906, 165.095413208, 219.748825073, 191.190887451, 140.988372803, 101.54574585, 63.878528595, 20.8254699707, 4.68578767776, 1.2974395752, 0.323180794716, 0.0420564375818, 0.00284653622657, 0.000100185214251, 1.79594826477e-06, 8.47016945471e-09], "dvar": [0.0153899546713, 1.81066727638, 25.8124313354, 26.4972763062, 26.0886173248, 1520.01989746, 9418.00390625, 1543.17736816, 1034.46606445, 2034.83203125, 2032.17175293, 3214.20288086, 2483.08496094, 1196.56640625, 1144.74145508, 1472.21728516, 2184.28344727, 2400.42602539, 2314.08618164, 518.724060059, 356.105895996, 469.031524658, 216.820770264, 239.867080688, 254.140106201, 97.2848205566, 134.334732056, 149.33921814, 93.7762069702, 57.4382629395, 53.1484260559, 14.7692584991, 3.37435746193, 0.968043804169, 0.279410034418, 0.0338252671063, 0.00213245861232, 7.60974508012e-05, 1.5457317204e-06, 6.80771439221e-09], "mean": [0.0554754696786, 0.625153124332, 2.40859222412, 2.58691954613, 2.56402850151, 7.8964343071, 15.7047996521, 9.98779582977, 13.4453811646, 20.2791042328, 24.2318325043, 29.7694015503, 30.2780609131, 19.6959171295, 23.454208374, 23.1759395599, 26.285654068, 31.2078857422, 29.4957027435, 18.160692215, 15.2564783096, 17.2268428802, 11.8234090805, 11.7574539185, 11.4382677078, 7.71907424927, 7.44034481049, 5.8524389267, 4.45158052444, 3.18152737617, 2.02649927139, 1.224650383, 0.619484722614, 0.319334596395, 0.153537809849, 0.0544898100197, 0.0145668471232, 0.00278602493927, 0.000368771812646, 4.15354261349e-05]}, "zerocrossingrate": {"min": 0, "max": 0.35986328125, "dvar2": 0.000216181826545, "median": 0.052734375, "dmean2": 0.0119863059372, "dmean": 0.0103203076869, "var": 0.0012736346107, "dvar": 0.000178239599336, "mean": 0.056786518544}, "spectral_contrast_coeffs": {"min": [-0.942335486412, -0.973006248474, -0.955784678459, -0.9392760396, -0.946715891361, -0.905730187893], "max": [-0.25771266222, -0.399725466967, -0.415398955345, -0.498189121485, -0.58766579628, -0.557197451591], "dvar2": [0.00849960371852, 0.00469845114276, 0.00346014276147, 0.0020961984992, 0.00128522317391, 0.00234405556694], "median": [-0.67294883728, -0.782885909081, -0.800697863102, -0.813392877579, -0.81380200386, -0.731593728065], "dmean2": [0.0999166965485, 0.0831053704023, 0.0699600800872, 0.0539935529232, 0.0405403338373, 0.0455516725779], "dmean": [0.0617808662355, 0.0510484538972, 0.0434707961977, 0.0342203192413, 0.0261658485979, 0.0282907169312], "var": [0.00878774840385, 0.00565305585042, 0.00617849268019, 0.00404577562585, 0.00254967808723, 0.00273235701025], "dvar": [0.00350852520205, 0.00191936921328, 0.00150041829329, 0.000943169288803, 0.000591912365053, 0.000905721564777], "mean": [-0.664901554585, -0.774594187737, -0.786281168461, -0.80194246769, -0.806490659714, -0.738575696945]}, "dissonance": {"min": 0.189811825752, "max": 0.500000119209, "dvar2": 0.00119910482317, "median": 0.478447496891, "dmean2": 0.0330454073846, "dmean": 0.0197296999395, "var": 0.000915318087209, "dvar": 0.00045738715562, "mean": 0.469510853291}, "spectral_energyband_high": {"min": 5.89010951124e-10, "max": 0.0295266415924, "dvar2": 1.77912227173e-06, "median": 0.000135746551678, "dmean2": 0.000599225750193, "dmean": 0.000393903523218, "var": 1.46216268604e-06, "dvar": 8.12241637504e-07, "mean": 0.000525333802216}, "spectral_skewness": {"min": 0.0564396306872, "max": 7.76766109467, "dvar2": 0.416602790356, "median": 1.4163223505, "dmean2": 0.531752407551, "dmean": 0.32816195488, "var": 0.386209338903, "dvar": 0.158981531858, "mean": 1.51009440422}, "spectral_flux": {"min": 8.73698445503e-05, "max": 0.395022541285, "dvar2": 0.00447230832651, "median": 0.06766743958, "dmean2": 0.0511999540031, "dmean": 0.0322886891663, "var": 0.004157257732, "dvar": 0.00208805012517, "mean": 0.0832911208272}, "silence_rate_30dB": {"min": 0, "max": 1, "dvar2": 0.0501767210662, "median": 1, "dmean2": 0.0345764383674, "dmean": 0.0172867961228, "var": 0.00880988966674, "dvar": 0.0169895216823, "mean": 0.991110384464}, "spectral_energyband_middle_high": {"min": 1.6841936179e-10, "max": 0.046008925885, "dvar2": 1.84521686606e-05, "median": 0.00235516834073, "dmean2": 0.00285543082282, "dmean": 0.00202275626361, "var": 3.26322733599e-05, "dvar": 9.47873104451e-06, "mean": 0.00452942866832}, "barkbands_spread": {"min": 0.0184668432921, "max": 117.800987244, "dvar2": 198.561798096, "median": 19.9402084351, "dmean2": 11.7458219528, "dmean": 7.27079296112, "var": 187.204727173, "dvar": 81.204460144, "mean": 21.9911022186}, "spectral_centroid": {"min": 166.479263306, "max": 5223.53125, "dvar2": 372614.875, "median": 1428.53015137, "dmean2": 546.362731934, "dmean": 341.188568115, "var": 457676.03125, "dvar": 154322.328125, "mean": 1464.82458496}, "pitch_salience": {"min": 0.0029503130354, "max": 0.89128702879, "dvar2": 0.0199377220124, "median": 0.608258724213, "dmean2": 0.15207375586, "dmean": 0.0919465273619, "var": 0.0179961603135, "dvar": 0.00774727389216, "mean": 0.591607034206}, "erbbands_skewness": {"min": -4.68582010269, "max": 7.46454000473, "dvar2": 0.436168640852, "median": 0.186855047941, "dmean2": 0.682416975498, "dmean": 0.431816369295, "var": 0.543705165386, "dvar": 0.185888081789, "mean": 0.231649890542}, "erbbands_crest": {"min": 1.88667988777, "max": 34.0412979126, "dvar2": 18.3587341309, "median": 6.93103504181, "dmean2": 4.51524972916, "dmean": 2.71689891815, "var": 17.2289390564, "dvar": 7.16440916061, "mean": 8.05983924866}, "melbands": {"min": [1.91414217809e-10, 8.95121546329e-11, 2.53109807419e-11, 2.76540613325e-11, 1.4951477556e-11, 6.03128701496e-12, 6.26023972244e-12, 1.16422756852e-11, 6.84171556214e-12, 1.99976146753e-12, 2.76875983078e-12, 4.88075422092e-12, 5.91166221878e-13, 3.19230590313e-13, 4.94904789893e-13, 6.20669531395e-13, 1.27393104746e-12, 6.82079284546e-13, 1.40396266661e-12, 3.03416840264e-12, 1.16183289118e-12, 8.50240071491e-13, 1.2749802299e-12, 7.18568433922e-13, 5.01430385928e-13, 7.9004820264e-13, 4.5395073334e-13, 8.29722250108e-13, 1.07756858991e-12, 1.62576029028e-12, 1.33889655005e-12, 1.1452669325e-12, 1.05525657657e-12, 1.12211509615e-12, 5.02482062036e-13, 7.03155415838e-13, 4.63989578096e-13, 4.26115306235e-13, 1.08673150773e-12, 1.04814724608e-12], "max": [0.0116615956649, 0.0195023473352, 0.0107909636572, 0.0107091199607, 0.0272470265627, 0.0116928704083, 0.00802610442042, 0.00740709481761, 0.00506191980094, 0.00678597763181, 0.00446974579245, 0.00357203441672, 0.00318269222043, 0.00504609476775, 0.00452166283503, 0.00347741157748, 0.00205647479743, 0.00216180970892, 0.00113915884867, 0.000681623234414, 0.000449045735877, 0.000665598083287, 0.000551115197595, 0.000243557908107, 0.000220090412768, 0.000552533310838, 0.000269329524599, 0.000153421977302, 0.000161088319146, 0.000202226889087, 0.000250871496974, 0.000236363179283, 0.000174096247065, 0.000156302558025, 0.0002279393957, 0.000169783306774, 7.59721951908e-05, 3.67514658137e-05, 3.23795866279e-05, 2.56334824371e-05], "dvar2": [2.9626369269e-06, 1.35759137265e-05, 2.24375230573e-06, 2.64253640125e-06, 3.32180279656e-05, 2.24598579734e-06, 4.78002107229e-07, 4.92393894547e-07, 3.62179861213e-07, 3.21276587556e-07, 1.59415577627e-07, 5.40963718265e-08, 3.21560200689e-08, 3.5213322036e-08, 3.44301760435e-08, 3.07113730003e-08, 2.53428122932e-08, 2.01322816196e-08, 5.55156454141e-09, 2.05226280414e-09, 1.36791322713e-09, 1.6400574232e-09, 8.72002192676e-10, 3.42789574503e-10, 5.17541176581e-10, 5.31725052877e-10, 1.67497030135e-10, 1.15013817914e-10, 1.31786553892e-10, 1.09044946683e-10, 1.41999190184e-10, 9.83084794126e-11, 3.75385972307e-11, 4.23883150802e-11, 4.73113839772e-11, 2.84764867936e-11, 1.17837137617e-11, 4.7054326581e-12, 2.29431339378e-12, 1.54206226781e-12], "median": [0.000137551221997, 0.00022475575679, 0.000120035459986, 7.09304149495e-05, 4.84138217871e-05, 4.820733011e-05, 5.89131814195e-05, 5.54066937184e-05, 5.68307586946e-05, 4.26375627285e-05, 4.97264081787e-05, 2.62609319179e-05, 2.47060015681e-05, 1.99944242922e-05, 1.54131284944e-05, 1.31422393679e-05, 1.62890992215e-05, 1.55960970005e-05, 1.01625655589e-05, 8.88651084097e-06, 6.55023632135e-06, 7.23495895727e-06, 5.47230047232e-06, 3.29407748723e-06, 3.373337222e-06, 2.85333339889e-06, 2.08838469007e-06, 1.65028632182e-06, 1.28921124087e-06, 9.3189242989e-07, 6.18779836259e-07, 4.74198458278e-07, 3.10157105332e-07, 2.73040882348e-07, 1.73163144268e-07, 1.19352492334e-07, 8.8249933583e-08, 5.93599516208e-08, 3.94638526302e-08, 2.41394708667e-08], "dmean2": [0.000794625724666, 0.00178099237382, 0.000694711518008, 0.000598998216446, 0.00141048803926, 0.000475664070109, 0.000296052487101, 0.000305078108795, 0.000274895166513, 0.000234728358919, 0.000177107038326, 0.000101203855593, 7.74340005592e-05, 7.08740408299e-05, 7.00229284121e-05, 7.10732201696e-05, 6.78499418427e-05, 6.02560103289e-05, 3.31064329657e-05, 2.35685529333e-05, 1.90985811059e-05, 2.02817718673e-05, 1.61739171745e-05, 1.00155029941e-05, 1.2281511772e-05, 1.07662235678e-05, 6.60946170683e-06, 5.61868864679e-06, 5.77006267122e-06, 5.06282731294e-06, 4.8610736485e-06, 4.19385878558e-06, 2.29764646065e-06, 2.10503822018e-06, 1.43960301102e-06, 1.23223185255e-06, 9.42704673434e-07, 6.42859959044e-07, 4.3837752628e-07, 3.70607608602e-07], "dmean": [0.000493342464324, 0.00102791900281, 0.000394973700168, 0.000341152190231, 0.000778670306318, 0.000272226374364, 0.000183741751243, 0.000185946075362, 0.000172505693627, 0.000149430823512, 0.000110751010652, 6.24187159701e-05, 5.04674353579e-05, 4.59963666799e-05, 4.39095238107e-05, 4.49120816484e-05, 4.32669257862e-05, 3.79834382329e-05, 2.10786565731e-05, 1.46196816786e-05, 1.19174537758e-05, 1.27665171021e-05, 1.00017641671e-05, 6.09345852354e-06, 7.39003371564e-06, 6.87561259838e-06, 4.3641771299e-06, 3.40198334925e-06, 3.67544930668e-06, 3.1912011309e-06, 2.93613175018e-06, 2.53807979789e-06, 1.46913328081e-06, 1.37974677727e-06, 9.26635891574e-07, 7.78293099302e-07, 6.07880963344e-07, 4.05164200856e-07, 2.84003220941e-07, 2.38207519487e-07], "var": [1.9311125925e-06, 4.89287958771e-06, 7.03737725871e-07, 6.90522824698e-07, 7.26169491827e-06, 5.59526768029e-07, 2.3686281736e-07, 2.98781685615e-07, 1.86620042086e-07, 1.79705793357e-07, 9.30560304369e-08, 3.06800735927e-08, 2.26749090615e-08, 2.35629631362e-08, 2.12859756488e-08, 2.47439402301e-08, 1.64473572539e-08, 1.37691813507e-08, 3.63997032515e-09, 1.35476385665e-09, 8.641191096e-10, 1.05261133143e-09, 5.09355613243e-10, 1.83061302228e-10, 2.6142044085e-10, 3.3069921801e-10, 1.51545442861e-10, 6.57143783833e-11, 9.60571136521e-11, 6.97466320809e-11, 6.85310211357e-11, 5.58953612562e-11, 2.94462960959e-11, 3.15097253845e-11, 2.21780822873e-11, 1.39582529562e-11, 6.57449312005e-12, 2.565809544e-12, 1.34831143646e-12, 8.39260843981e-13], "dvar": [1.5146088117e-06, 4.85023747387e-06, 7.76287777171e-07, 9.61013142842e-07, 1.17698582471e-05, 8.16233921341e-07, 2.17322565277e-07, 2.45930522169e-07, 1.50334130922e-07, 1.33883446551e-07, 6.44893489721e-08, 2.26354348598e-08, 1.36850157872e-08, 1.49537608962e-08, 1.42009906057e-08, 1.31570754291e-08, 1.05928554817e-08, 8.79657324759e-09, 2.39361974685e-09, 8.61552273967e-10, 5.66719449147e-10, 6.63098964626e-10, 3.52674833781e-10, 1.35536276646e-10, 2.0028882719e-10, 2.14427781087e-10, 7.90230381131e-11, 4.59966092992e-11, 6.02648209114e-11, 4.7533792874e-11, 5.67981703337e-11, 4.03421358819e-11, 1.67799454887e-11, 1.85990702006e-11, 1.8557450715e-11, 1.13859850367e-11, 4.89237860293e-12, 1.92372051448e-12, 9.94717546179e-13, 6.63318141733e-13], "mean": [0.000611706520431, 0.00113319198135, 0.00045552031952, 0.000315397250233, 0.000557577703148, 0.000231407146202, 0.00020538456738, 0.000228731558309, 0.000202529554372, 0.000188008401892, 0.00015067444474, 8.07176620583e-05, 7.42400370655e-05, 6.57775963191e-05, 5.72207973164e-05, 5.9610032622e-05, 5.78641229367e-05, 5.07284239575e-05, 2.94509063679e-05, 2.13513612835e-05, 1.67868383869e-05, 1.84975215234e-05, 1.40484062285e-05, 8.29077180242e-06, 9.61465048022e-06, 9.33068622544e-06, 6.628185929e-06, 4.65945458927e-06, 4.89189824293e-06, 3.8176549424e-06, 3.2762122828e-06, 2.77690514849e-06, 1.80672805072e-06, 1.71434533058e-06, 1.18993079923e-06, 9.16843248433e-07, 6.96522477028e-07, 4.51167863957e-07, 3.23905396726e-07, 2.52785895327e-07]}, "spectral_entropy": {"min": 5.21285390854, "max": 9.08341121674, "dvar2": 0.137293845415, "median": 7.63448810577, "dmean2": 0.33019259572, "dmean": 0.211952984333, "var": 0.181035503745, "dvar": 0.0586825832725, "mean": 7.60073184967}, "spectral_rolloff": {"min": 21.533203125, "max": 12446.1914062, "dvar2": 2167158.25, "median": 1378.125, "dmean2": 951.205078125, "dmean": 565.026977539, "var": 1743158.875, "dvar": 907462.0625, "mean": 1540.68603516}, "barkbands": {"min": [4.44611625294e-10, 5.11220066279e-10, 9.36284244579e-11, 2.85180108694e-11, 1.23146381981e-10, 3.58219461039e-11, 4.86090195873e-11, 5.13839214233e-11, 1.73720690611e-11, 2.92459875761e-11, 6.28912286832e-12, 3.83014800431e-12, 4.68497809991e-12, 1.1995194768e-11, 1.56691500053e-11, 3.63313372442e-11, 1.46535283907e-11, 1.71512509056e-11, 1.85279274562e-11, 2.22072273764e-11, 5.74706775225e-11, 6.27488339067e-11, 4.58431799466e-11, 4.3763076496e-11, 9.52118245356e-11, 1.25479099333e-10, 1.75591013951e-10], "max": [0.0095419511199, 0.0452463179827, 0.0553914196789, 0.0180593319237, 0.105479620397, 0.058986004442, 0.0294824391603, 0.0244192108512, 0.0508803166449, 0.025245571509, 0.0194473471493, 0.0350894220173, 0.0314409062266, 0.0209055040032, 0.0152272582054, 0.00795850157738, 0.0109123019502, 0.00457317521796, 0.0111841177568, 0.00583266140893, 0.00843459926546, 0.00896436627954, 0.0110806506127, 0.00341049488634, 0.00219498504885, 0.000929153233301, 0.000140253585414], "dvar2": [4.98571068874e-07, 5.90749878029e-05, 6.73718095641e-05, 6.25987649983e-06, 0.000387801817851, 8.97028367035e-05, 1.08856493171e-05, 1.00820125226e-05, 1.42788503581e-05, 4.85343298351e-06, 1.84068983344e-06, 2.57381702795e-06, 3.29056888404e-06, 2.8799508982e-06, 1.30280886879e-06, 3.3008882383e-07, 3.96907381628e-07, 1.56803864115e-07, 2.91851790735e-07, 1.05826508445e-07, 1.8672402291e-07, 1.51494560896e-07, 1.34620449899e-07, 4.12453964316e-08, 1.32045894219e-08, 1.8439654248e-09, 1.24633484089e-10], "median": [0.000239764427533, 0.000447933765827, 0.000391229201341, 0.000156996276928, 0.000320806488162, 0.000241741247009, 0.000271388445981, 0.000292909680866, 0.000314413831802, 0.000276608712738, 0.000141575059388, 0.000162484138855, 0.000137861090479, 0.000194505875697, 0.000136498652864, 0.000118162985018, 0.00012161678751, 7.43644122849e-05, 8.66003902047e-05, 5.92534452153e-05, 4.08141204389e-05, 2.24309751502e-05, 1.22083274618e-05, 6.30669546808e-06, 2.44292073148e-06, 6.07463505276e-07, 7.92624632595e-08], "dmean2": [0.000385546329198, 0.00358857144602, 0.00382558396086, 0.00117871433031, 0.00534001644701, 0.00283933756873, 0.0014756473247, 0.0014880587114, 0.0016471639974, 0.00102122139651, 0.000578847131692, 0.000676700030454, 0.000695076247212, 0.000743256940041, 0.000487344193971, 0.000311291747494, 0.000328085268848, 0.000230489036767, 0.000282048655208, 0.000178388203494, 0.000212768281926, 0.00016375182895, 9.271264571e-05, 5.80886298849e-05, 3.56221025868e-05, 1.37773276947e-05, 3.524483418e-06], "dmean": [0.000336128170602, 0.00215372815728, 0.00218256772496, 0.000668336404487, 0.00295638595708, 0.00161086802837, 0.000900454062503, 0.00092773779761, 0.00104139104951, 0.000623773317784, 0.000372529553715, 0.000431532796938, 0.000435204972746, 0.000469539838377, 0.00030862542917, 0.000192297287867, 0.000208120269235, 0.000140533447848, 0.000178123373189, 0.000112414687464, 0.000134626039653, 0.000101826153696, 6.08957452641e-05, 3.81100580853e-05, 2.30241421377e-05, 9.0280909717e-06, 2.31566423281e-06], "var": [1.2086118204e-06, 3.18921884173e-05, 2.01829116122e-05, 1.97951794689e-06, 8.53877500049e-05, 2.16876233026e-05, 6.19578486294e-06, 5.67082361158e-06, 8.02292470325e-06, 2.67375457952e-06, 1.17987326576e-06, 1.74316392076e-06, 2.21986397264e-06, 1.90390824173e-06, 8.78154082784e-07, 2.22353477852e-07, 2.63543483925e-07, 8.99847236724e-08, 1.88005657265e-07, 7.82547857625e-08, 1.26817923274e-07, 1.05262515149e-07, 8.04211808259e-08, 2.56237360219e-08, 7.61294582929e-09, 1.1303570302e-09, 6.3860840227e-11], "dvar": [3.617882669e-07, 2.68856438197e-05, 2.33626360568e-05, 2.16549642573e-06, 0.000137020891998, 3.2526520954e-05, 5.30473198523e-06, 4.58227714262e-06, 5.95368737777e-06, 1.94926769836e-06, 7.76913680056e-07, 1.08954498046e-06, 1.35044138005e-06, 1.22997641938e-06, 5.58204703793e-07, 1.38768669444e-07, 1.61535425036e-07, 6.32726013805e-08, 1.18975670205e-07, 4.53422046576e-08, 8.31313329286e-08, 6.50911502476e-08, 5.54543397868e-08, 1.75834866667e-08, 5.80439341036e-09, 8.46982761704e-10, 5.57071368201e-11], "mean": [0.000669317843858, 0.00244148168713, 0.00221506156959, 0.000720331910998, 0.00228987983428, 0.00131744286045, 0.00104298535734, 0.00109494454227, 0.0013194414787, 0.000835857645143, 0.000499574874993, 0.000582401757129, 0.000572984747123, 0.000634747149888, 0.00043102359632, 0.000282107765088, 0.000310701492708, 0.000188273712411, 0.000250958401011, 0.000166710306075, 0.000166322264704, 0.000118695235869, 7.89759433246e-05, 4.53202519566e-05, 2.45837345574e-05, 9.16670069273e-06, 2.17491424337e-06]}, "melbands_flatness_db": {"min": 0.0162483565509, "max": 0.602409362793, "dvar2": 0.00418743817136, "median": 0.178334519267, "dmean2": 0.0611772798002, "dmean": 0.0385313890874, "var": 0.00642400607467, "dvar": 0.00179226952605, "mean": 0.192322358489}, "melbands_skewness": {"min": -3.58429288864, "max": 82.707069397, "dvar2": 5.16718006134, "median": 1.663428545, "dmean2": 1.52807748318, "dmean": 0.973555088043, "var": 6.33526182175, "dvar": 2.31789493561, "mean": 2.21187853813}, "barkbands_skewness": {"min": -4.58079862595, "max": 95.1714477539, "dvar2": 5.09346199036, "median": 0.883001863956, "dmean2": 1.19875133038, "dmean": 0.771437168121, "var": 7.16893482208, "dvar": 2.52833485603, "mean": 1.29179012775}, "silence_rate_60dB": {"min": 0, "max": 1, "dvar2": 0.149528577924, "median": 0, "dmean2": 0.152794927359, "dmean": 0.0763911753893, "var": 0.165913894773, "dvar": 0.0705638825893, "mean": 0.210058435798}, "spectral_energyband_low": {"min": 8.59426196875e-10, "max": 0.0692023783922, "dvar2": 0.000156010763021, "median": 0.00134394410998, "dmean2": 0.0064943805337, "dmean": 0.00387555244379, "var": 8.56393016875e-05, "dvar": 6.1559752794e-05, "mean": 0.00526404054835}, "spectral_energyband_middle_low": {"min": 3.19964055251e-10, "max": 0.152136966586, "dvar2": 0.000976033508778, "median": 0.00324215483852, "dmean2": 0.0111812641844, "dmean": 0.00680705765262, "var": 0.000320000079228, "dvar": 0.00038033266901, "mean": 0.00809659343213}, "melbands_kurtosis": {"min": -1.87549376488, "max": 7750.65820312, "dvar2": 22910.3242188, "median": 3.65348768234, "dmean2": 18.9908084869, "dmean": 11.7488079071, "var": 12782.3818359, "dvar": 9788.86621094, "mean": 14.8558254242}, "spectral_decrease": {"min": -4.44882530815e-08, "max": -3.8536888901e-16, "dvar2": 7.95622150172e-17, "median": -2.57037546803e-09, "dmean2": 4.35322133896e-09, "dmean": 2.74528022537e-09, "var": 3.63151578763e-17, "dvar": 3.19399448448e-17, "mean": -4.50868142821e-09}, "erbbands_kurtosis": {"min": -1.74823057652, "max": 88.7899932861, "dvar2": 11.261674881, "median": -0.122393608093, "dmean2": 1.67240190506, "dmean": 1.04667592049, "var": 9.47636795044, "dvar": 4.85714244843, "mean": 0.526847839355}, "melbands_crest": {"min": 2.28180503845, "max": 39.9754486084, "dvar2": 37.6766662598, "median": 11.8003721237, "dmean2": 6.93047046661, "dmean": 4.17408752441, "var": 37.6864967346, "dvar": 14.7851371765, "mean": 13.0477485657}, "gfcc": {"cov": [[17251.1074219, -357.681182861, -1267.2980957, 460.990203857, -1030.67529297, 276.303100586, -460.939239502, 11.7933778763, -285.787506104, 27.4394454956, -205.654998779, -191.011550903, -105.31816864], [-357.681182861, 2360.53100586, 214.311691284, 259.117675781, 495.981719971, -155.069030762, 306.308868408, -147.874771118, 174.517837524, -223.905151367, 53.1323509216, -190.360839844, 12.1338157654], [-1267.2980957, 214.311691284, 1092.48828125, 245.263534546, 215.261856079, 40.5133552551, 42.5093765259, -4.35340833664, -14.0856428146, -11.3879203796, -20.2134494781, 23.2741069794, -49.7891464233], [460.990203857, 259.117675781, 245.263534546, 692.239074707, 237.452026367, 76.9762496948, 100.08631134, 9.58314609528, 79.1965560913, -86.61302948, -43.1818504333, -68.9653320312, -34.9496269226], [-1030.67529297, 495.981719971, 215.261856079, 237.452026367, 481.769989014, 76.0054016113, 177.4637146, 24.904958725, 71.7060165405, -43.9507446289, -16.3966941833, -53.0181808472, -15.7247724533], [276.303100586, -155.069030762, 40.5133552551, 76.9762496948, 76.0054016113, 272.372833252, 82.5768432617, 46.1136436462, -18.7833957672, 8.66115283966, -13.4842128754, -23.3172016144, -30.0274429321], [-460.939239502, 306.308868408, 42.5093765259, 100.08631134, 177.4637146, 82.5768432617, 233.786453247, 27.1628036499, 56.1921882629, -38.1269874573, 12.2164373398, -32.6024360657, -5.43081235886], [11.7933778763, -147.874771118, -4.35340833664, 9.58314609528, 24.904958725, 46.1136436462, 27.1628036499, 161.752807617, 30.8608150482, 20.2458152771, -10.0387163162, -3.45771241188, 3.12333273888], [-285.787506104, 174.517837524, -14.0856428146, 79.1965560913, 71.7060165405, -18.7833957672, 56.1921882629, 30.8608150482, 120.411483765, -5.35593891144, 17.2324333191, -13.1792268753, 11.6309528351], [27.4394454956, -223.905151367, -11.3879203796, -86.61302948, -43.9507446289, 8.66115283966, -38.1269874573, 20.2458152771, -5.35593891144, 100.114463806, 22.3488769531, 27.6929454803, 4.22264719009], [-205.654998779, 53.1323509216, -20.2134494781, -43.1818504333, -16.3966941833, -13.4842128754, 12.2164373398, -10.0387163162, 17.2324333191, 22.3488769531, 87.1944656372, 20.663640976, 14.478849411], [-191.011550903, -190.360839844, 23.2741069794, -68.9653320312, -53.0181808472, -23.3172016144, -32.6024360657, -3.45771241188, -13.1792268753, 27.6929454803, 20.663640976, 93.1760406494, 17.9682788849], [-105.31816864, 12.1338157654, -49.7891464233, -34.9496269226, -15.7247724533, -30.0274429321, -5.43081235886, 3.12333273888, 11.6309528351, 4.22264719009, 14.478849411, 17.9682788849, 71.2385864258]], "icov": [[0.000114915244922, -0.000171197301825, 0.00016494304873, -0.000265179027338, 0.000380171404686, -0.00024381132971, 0.000190894468687, -0.000167787788087, 0.000327039480908, -0.000364881940186, 0.000296428363072, -6.85232007527e-05, 0.000112558962428], [-0.000171197301825, 0.00142976141069, -0.000466755067464, 0.000693049049005, -0.00131880736444, 0.00119665625971, -0.000957187905442, 0.00121289899107, -0.00128470349591, 0.00222802185453, -0.00154745951295, 0.00205886177719, -0.00052278948715], [0.00016494304873, -0.000466755067464, 0.00143057492096, -0.000814544793684, 0.000155667483341, -0.000390163331758, 0.000459384784335, -0.000436816102592, 0.00114670058247, -0.00103011634201, 0.000647512963042, -0.00129206629936, 0.000915782176889], [-0.000265179027338, 0.000693049049005, -0.000814544793684, 0.00292088091373, -0.00160070485435, 0.000176901026862, -0.000248997181188, 0.000823582755402, -0.00244578206912, 0.00269638374448, -0.000445646524895, 0.0012598867761, 3.20423023368e-05], [0.000380171404686, -0.00131880736444, 0.000155667483341, -0.00160070485435, 0.00532886432484, -0.00147583894432, -0.00103388202842, -0.00106103508733, 0.000690398388542, -0.00245459307916, 0.0023244631011, -0.000633149058558, 0.00035208769259], [-0.00024381132971, 0.00119665625971, -0.000390163331758, 0.000176901026862, -0.00147583894432, 0.00624544685706, -0.00297251413576, -0.000267958996119, 0.00114999327343, 0.000314875564072, -0.00116018939298, 0.00200603483245, 0.000865098205395], [0.000190894468687, -0.000957187905442, 0.000459384784335, -0.000248997181188, -0.00103388202842, -0.00297251413576, 0.00837515853345, -0.0012388874311, -0.00131493527442, 0.00120104756206, -0.000889554561581, -0.000726675207261, 0.000363384664524], [-0.000167787788087, 0.00121289899107, -0.000436816102592, 0.000823582755402, -0.00106103508733, -0.000267958996119, -0.0012388874311, 0.00844533462077, -0.00353415333666, 8.27383628348e-05, 0.000553439254873, 0.00163047760725, -0.00111938267946], [0.000327039480908, -0.00128470349591, 0.00114670058247, -0.00244578206912, 0.000690398388542, 0.00114999327343, -0.00131493527442, -0.00353415333666, 0.0139573607594, -0.00336941098794, -0.000927823362872, -0.000638699042611, -0.000733716529794], [-0.000364881940186, 0.00222802185453, -0.00103011634201, 0.00269638374448, -0.00245459307916, 0.000314875564072, 0.00120104756206, 8.27383628348e-05, -0.00336941098794, 0.0175011884421, -0.00566873187199, 0.000773703795858, -0.000167467835126], [0.000296428363072, -0.00154745951295, 0.000647512963042, -0.000445646524895, 0.0023244631011, -0.00116018939298, -0.000889554561581, 0.000553439254873, -0.000927823362872, -0.00566873187199, 0.0162626616657, -0.00418427400291, -0.00089470524108], [-6.85232007527e-05, 0.00205886177719, -0.00129206629936, 0.0012598867761, -0.000633149058558, 0.00200603483245, -0.000726675207261, 0.00163047760725, -0.000638699042611, 0.000773703795858, -0.00418427400291, 0.0173060689121, -0.00361420796253], [0.000112558962428, -0.00052278948715, 0.000915782176889, 3.20423023368e-05, 0.00035208769259, 0.000865098205395, 0.000363384664524, -0.00111938267946, -0.000733716529794, -0.000167467835126, -0.00089470524108, -0.00361420796253, 0.0166908577085]], "mean": [-70.0237121582, 101.389160156, -142.165985107, 27.1107749939, -55.9344940186, 8.14504241943, -26.1304969788, 4.42536497116, -14.8803138733, 0.250916361809, -12.8957023621, -4.84936141968, -8.8956861496]}, "melbands_spread": {"min": 0.0567393787205, "max": 249.826980591, "dvar2": 408.342346191, "median": 23.2149238586, "dmean2": 15.1649093628, "dmean": 9.50683689117, "var": 403.212127686, "dvar": 178.336105347, "mean": 26.014339447}, "spectral_energy": {"min": 2.17151896464e-09, "max": 0.177271440625, "dvar2": 0.00122289313003, "median": 0.0105476249009, "dmean2": 0.0171369146556, "dmean": 0.0108862603083, "var": 0.000580337014981, "dvar": 0.000494978216011, "mean": 0.0183114893734}, "mfcc": {"cov": [[14489.6894531, 190.841247559, -858.540100098, 74.1454391479, -579.81854248, 11.7315912247, -322.027252197, -145.826431274, -214.590988159, 53.575466156, -156.022033691, -139.748962402, -212.622802734], [190.841247559, 1995.36340332, 4.65467453003, 284.462188721, 147.047012329, 58.5255851746, 90.5140686035, 46.596282959, 70.6648330688, -33.7281303406, -6.78317403793, 5.96233558655, 14.0960559845], [-858.540100098, 4.65467453003, 776.923828125, 153.114212036, 132.232955933, 52.725151062, 43.746471405, 13.8280696869, -13.6760177612, -45.1319961548, -11.0942926407, 16.076997757, 17.9680633545], [74.1454391479, 284.462188721, 153.114212036, 599.569702148, 215.081619263, 126.73462677, 31.9438323975, 98.0727920532, 97.85597229, -2.3382294178, 6.09430170059, 26.3919029236, -1.61536943913], [-579.81854248, 147.047012329, 132.232955933, 215.081619263, 285.38949585, 99.1514968872, 74.1168060303, 62.9636650085, 76.2108917236, 21.0288524628, 16.3694820404, 18.6444587708, 7.79015827179], [11.7315912247, 58.5255851746, 52.725151062, 126.73462677, 99.1514968872, 242.990264893, 104.209335327, 74.806854248, 28.1818122864, 25.1301689148, 19.6977958679, -4.00852251053, -15.0776119232], [-322.027252197, 90.5140686035, 43.746471405, 31.9438323975, 74.1168060303, 104.209335327, 187.24597168, 75.3633117676, 49.7515182495, 28.8091201782, 40.2429924011, -6.53402805328, 3.26140594482], [-145.826431274, 46.596282959, 13.8280696869, 98.0727920532, 62.9636650085, 74.806854248, 75.3633117676, 157.125518799, 68.1082077026, 32.1183357239, 23.4716491699, 6.71992969513, 0.844290137291], [-214.590988159, 70.6648330688, -13.6760177612, 97.85597229, 76.2108917236, 28.1818122864, 49.7515182495, 68.1082077026, 136.255020142, 35.9738273621, 17.7827167511, 9.32656002045, 7.79997205734], [53.575466156, -33.7281303406, -45.1319961548, -2.3382294178, 21.0288524628, 25.1301689148, 28.8091201782, 32.1183357239, 35.9738273621, 99.1013412476, 26.0007762909, 4.1315946579, 1.43607151508], [-156.022033691, -6.78317403793, -11.0942926407, 6.09430170059, 16.3694820404, 19.6977958679, 40.2429924011, 23.4716491699, 17.7827167511, 26.0007762909, 84.8582229614, 13.5203304291, 2.81859946251], [-139.748962402, 5.96233558655, 16.076997757, 26.3919029236, 18.6444587708, -4.00852251053, -6.53402805328, 6.71992969513, 9.32656002045, 4.1315946579, 13.5203304291, 72.4413757324, 19.5632762909], [-212.622802734, 14.0960559845, 17.9680633545, -1.61536943913, 7.79015827179, -15.0776119232, 3.26140594482, 0.844290137291, 7.79997205734, 1.43607151508, 2.81859946251, 19.5632762909, 69.3567733765]], "icov": [[9.20460588532e-05, -1.84175023605e-05, 7.65950826462e-05, -0.000111468107207, 0.000212068815017, -8.62444067025e-05, 8.92567186384e-05, 3.22412270179e-05, 0.000103233775008, -0.000158726819791, 0.000123134697787, 7.18340015737e-05, 0.000182736170245], [-1.84175023605e-05, 0.000570024305489, 8.4300096205e-05, -0.00024295890762, -0.000158986906172, 0.000130338274175, -0.000385432504117, 9.67048545135e-05, -7.87316894275e-05, 0.000316953082802, 0.000120816592244, -1.20986430829e-06, -0.000138948962558], [7.65950826462e-05, 8.4300096205e-05, 0.00161224673502, -0.000388667278457, -0.000494052364957, -5.65574566735e-07, -0.000408021063777, 5.81131389481e-05, 0.000739518087357, 0.000562823959626, 0.000359100056812, -0.000128513638629, -0.000208369558095], [-0.000111468107207, -0.00024295890762, -0.000388667278457, 0.00302899652161, -0.00168014259543, -0.000941956182942, 0.00131510815118, -0.00096297415439, -0.00132116745226, 0.00096149725141, -0.00025053351419, -0.000485983997351, 8.86515699676e-05], [0.000212068815017, -0.000158986906172, -0.000494052364957, -0.00168014259543, 0.00652972329408, -0.00121435814071, -0.000828179589007, 0.000529794895556, -0.00155802117661, -0.000962121761404, 0.000412029155996, -0.00058992987033, 0.000151177897351], [-8.62444067025e-05, 0.000130338274175, -5.65574566735e-07, -0.000941956182942, -0.00121435814071, 0.00681933620945, -0.00322451791726, -0.00138031481765, 0.00168334553018, -0.000729056424461, 0.000290728057735, 0.000125442616991, 0.00125320686493], [8.92567186384e-05, -0.000385432504117, -0.000408021063777, 0.00131510815118, -0.000828179589007, -0.00322451791726, 0.00977951940149, -0.00232744892128, -0.00158082018606, -0.000135163281811, -0.00300959916785, 0.00193548912648, -0.000794250983745], [3.22412270179e-05, 9.67048545135e-05, 5.81131389481e-05, -0.00096297415439, 0.000529794895556, -0.00138031481765, -0.00232744892128, 0.0102034015581, -0.00320976227522, -0.00112017442007, -0.000266935880063, -0.000505387375597, 0.000204933647183], [0.000103233775008, -7.87316894275e-05, 0.000739518087357, -0.00132116745226, -0.00155802117661, 0.00168334553018, -0.00158082018606, -0.00320976227522, 0.0120080709457, -0.00279860990122, 0.000301672582282, -0.000134910951601, -0.000502230715938], [-0.000158726819791, 0.000316953082802, 0.000562823959626, 0.00096149725141, -0.000962121761404, -0.000729056424461, -0.000135163281811, -0.00112017442007, -0.00279860990122, 0.0131545281038, -0.00292589259334, -0.000222494461923, -0.000480837072246], [0.000123134697787, 0.000120816592244, 0.000359100056812, -0.00025053351419, 0.000412029155996, 0.000290728057735, -0.00300959916785, -0.000266935880063, 0.000301672582282, -0.00292589259334, 0.0147118726745, -0.00289367861114, 0.000660750025418], [7.18340015737e-05, -1.20986430829e-06, -0.000128513638629, -0.000485983997351, -0.00058992987033, 0.000125442616991, 0.00193548912648, -0.000505387375597, -0.000134910951601, -0.000222494461923, -0.00289367861114, 0.0162302963436, -0.0041895522736], [0.000182736170245, -0.000138948962558, -0.000208369558095, 8.86515699676e-05, 0.000151177897351, 0.00125320686493, -0.000794250983745, 0.000204933647183, -0.000502230715938, -0.000480837072246, 0.000660750025418, -0.0041895522736, 0.0165743231773]], "mean": [-698.628845215, 125.058952332, -21.7610034943, 19.5898551941, -6.3446097374, 6.3744263649, -1.73980271816, 4.01604127884, 2.0132689476, 5.33508014679, 1.75889849663, 1.40973508358, -1.64002859592]}, "spectral_contrast_valleys": {"min": [-13.9509725571, -14.1136341095, -15.5751791, -15.2736539841, -14.7602176666, -16.1853523254], "max": [-5.49211406708, -4.11762285233, -5.15168428421, -5.66101694107, -5.62160968781, -7.37168550491], "dvar2": [0.437643706799, 0.571169555187, 0.42894589901, 0.439983904362, 0.611406326294, 0.808440029621], "median": [-7.7229180336, -6.83810806274, -7.30255651474, -7.55018949509, -7.70059633255, -10.9117536545], "dmean2": [0.771191418171, 0.772514164448, 0.669080913067, 0.631469488144, 0.640869796276, 0.78193551302], "dmean": [0.497156858444, 0.508130908012, 0.451024651527, 0.429866701365, 0.446391910315, 0.571983277798], "var": [2.44333839417, 1.84497630596, 1.76402747631, 1.75923252106, 1.80201506615, 2.18301916122], "dvar": [0.213210195303, 0.280320584774, 0.220053330064, 0.224378243089, 0.289038300514, 0.413213193417], "mean": [-8.1894235611, -7.07462024689, -7.52102041245, -7.80835294724, -7.91662788391, -11.1453361511]}, "barkbands_flatness_db": {"min": 0.0167404208332, "max": 0.617897152901, "dvar2": 0.00271228211932, "median": 0.122453071177, "dmean2": 0.0490000471473, "dmean": 0.0309990309179, "var": 0.0039575016126, "dvar": 0.00115967250895, "mean": 0.135088175535}, "dynamic_complexity": 5.73943567276, "erbbands_flatness_db": {"min": 0.0254245270044, "max": 0.3942309618, "dvar2": 0.00116304005496, "median": 0.175432875752, "dmean2": 0.0347069874406, "dmean": 0.0230274125934, 