{"lowlevel": {"spectral_complexity": {"min": 0, "max": 62, "dvar2": 119.256690979, "median": 11, "dmean2": 7.50625038147, "dmean": 5.17637777328, "var": 180.143478394, "dvar": 62.1248703003, "mean": 14.3392381668}, "silence_rate_20dB": {"min": 1, "max": 1, "dvar2": 0, "median": 1, "dmean2": 0, "dmean": 0, "var": 0, "dvar": 0, "mean": 1}, "average_loudness": 0.930202722549, "erbbands_spread": {"min": 0.224005356431, "max": 160.757736206, "dvar2": 315.305236816, "median": 35.5011024475, "dmean2": 15.7448387146, "dmean": 10.4146099091, "var": 493.704315186, "dvar": 146.490463257, "mean": 38.5440330505}, "spectral_kurtosis": {"min": -1.25180411339, "max": 84.5619506836, "dvar2": 13.901102066, "median": 3.51439142227, "dmean2": 2.53138422966, "dmean": 1.62255835533, "var": 16.1982746124, "dvar": 5.85655355453, "mean": 4.47559452057}, "barkbands_kurtosis": {"min": -1.98840785027, "max": 2231.36865234, "dvar2": 9408.12207031, "median": 1.30859994888, "dmean2": 14.0702991486, "dmean": 8.82143497467, "var": 2987.58422852, "dvar": 3585.34301758, "mean": 9.4991645813}, "spectral_strongpeak": {"min": 0, "max": 17.2344455719, "dvar2": 2.77823400497, "median": 0.313095599413, "dmean2": 0.908288419247, "dmean": 0.547340810299, "var": 1.8877042532, "dvar": 1.15440928936, "mean": 0.82064396143}, "spectral_spread": {"min": 1314807, "max": 41931468, "dvar2": 1703097925630.0, "median": 4775904, "dmean2": 918628.625, "dmean": 658266.9375, "var": 5830559662080.0, "dvar": 908948865024, "mean": 5270579}, "spectral_rms": {"min": 3.21050391133e-12, "max": 0.0117773227394, "dvar2": 3.54391931978e-06, "median": 0.00312877190299, "dmean2": 0.00142626278102, "dmean": 0.00102667626925, "var": 6.25042866886e-06, "dvar": 2.05773608286e-06, "mean": 0.00358468829654}, "erbbands": {"min": [1.00950624704e-22, 8.25142347435e-22, 2.49210232491e-21, 1.02670562359e-20, 1.13516725803e-20, 6.4272780163e-20, 1.04700308486e-19, 2.30550642957e-19, 3.35175109321e-19, 3.42388563702e-19, 5.88819988746e-19, 7.46237267302e-19, 8.4479573389e-19, 8.16154760277e-19, 2.26910034966e-18, 1.18431108573e-18, 1.93740402595e-18, 2.72650082951e-18, 3.39873665806e-18, 4.36358039047e-18, 5.38502933296e-18, 7.06051344219e-18, 6.20611734671e-18, 7.72724914005e-18, 9.45755712592e-18, 1.04673544023e-17, 1.51994172859e-17, 9.46095518387e-18, 1.16316218678e-17, 1.50651576007e-17, 1.38715963609e-17, 1.21938391594e-17, 1.2620497265e-17, 1.04203812969e-17, 6.5943893088e-18, 4.5426343874e-18, 2.85022988515e-18, 1.09755297097e-18, 2.60709131103e-19, 2.95057974061e-20], "max": [2.79070711136, 22.3899841309, 74.6716995239, 99.5842971802, 93.1237487793, 69.1626739502, 219.927001953, 283.233795166, 429.598114014, 1231.48339844, 661.112426758, 636.048095703, 1098.77734375, 1727.11669922, 1241.05236816, 1610.66699219, 1866.05957031, 703.790649414, 994.262329102, 1001.00738525, 1014.61047363, 2862.77001953, 632.069824219, 503.648162842, 663.195373535, 575.277893066, 825.869445801, 341.77835083, 317.965637207, 251.264526367, 212.122558594, 76.4020843506, 38.6416625977, 20.2485027313, 9.95905780792, 7.71026849747, 3.50829148293, 1.06835949421, 0.144456699491, 0.0111487200484], "dvar2": [0.118338435888, 14.4431428909, 216.659545898, 242.590484619, 35.4716758728, 76.7387161255, 781.445251465, 1283.50756836, 689.707397461, 1436.68115234, 993.990539551, 1559.37670898, 5726.71582031, 6370.0703125, 4033.67919922, 8198.80175781, 6919.89355469, 1921.46374512, 3045.79882812, 3219.48095703, 4156.65966797, 4368.79492188, 1076.56811523, 788.839294434, 615.237670898, 1026.33374023, 2471.52368164, 1224.07141113, 449.756866455, 239.927947998, 69.9311904907, 19.0939769745, 7.83064746857, 2.27829957008, 0.973981559277, 0.374399065971, 0.265771150589, 0.0291792117059, 6.41404039925e-05, 1.03651231598e-07], "median": [0.0153548521921, 0.223374828696, 0.794202983379, 0.847960948944, 1.17851340771, 1.60740065575, 1.89532196522, 2.57551598549, 2.82883763313, 2.79660844803, 3.38531899452, 3.91306114197, 4.98184347153, 4.575922966, 4.11750888824, 4.52708292007, 4.04731416702, 3.68267130852, 2.66807222366, 3.07600998878, 2.69094634056, 2.52878236771, 2.30376625061, 2.13007545471, 1.89785552025, 1.48532879353, 1.27568280697, 0.877758145332, 0.723318099976, 0.673405766487, 0.47357237339, 0.322581231594, 0.217427298427, 0.151739701629, 0.0716644749045, 0.0261072795838, 0.00822727940977, 0.00154115760233, 0.000162589829415, 2.57509800576e-05], "dmean2": [0.132101804018, 1.765858531, 6.876101017, 6.25469636917, 3.05038881302, 4.2899055481, 10.2340631485, 14.2964611053, 12.0860233307, 12.6681938171, 14.3450021744, 19.0451316833, 34.1724891663, 31.8622341156, 26.4298000336, 32.0367927551, 31.4487705231, 21.0370845795, 22.6369628906, 23.9152469635, 23.7834968567, 19.9373092651, 15.1854047775, 13.7878112793, 10.0105447769, 13.9262933731, 18.9216003418, 15.4980802536, 9.90155315399, 6.57555007935, 3.25988960266, 1.79825842381, 1.16694831848, 0.68354934454, 0.424341678619, 0.227777600288, 0.179599061608, 0.0512880310416, 0.00266833673231, 0.000101830206404], "dmean": [0.0898466110229, 1.03516149521, 4.08287000656, 3.69967365265, 1.84981107712, 2.53939199448, 5.77420425415, 8.2014799118, 7.5500369072, 8.07000255585, 9.52365493774, 12.3416204453, 20.797958374, 21.0956020355, 17.4166049957, 22.3590221405, 21.5366859436, 13.5327510834, 14.9332752228, 15.2284374237, 15.7387237549, 12.6658563614, 9.72935676575, 8.72048664093, 6.5500497818, 9.13911151886, 12.2599821091, 10.4028139114, 6.91681051254, 4.63476991653, 2.45556998253, 1.41121685505, 0.84633654356, 0.484971374273, 0.321654260159, 0.192811697721, 0.141753673553, 0.0397338718176, 0.00214486476034, 7.90252670413e-05], "var": [0.0651492029428, 6.23957824707, 75.3438110352, 78.0521011353, 19.5920906067, 29.265789032, 197.913970947, 423.702697754, 554.151367188, 1228.09765625, 1205.48376465, 1627.96813965, 3236.6484375, 5937.60107422, 3949.24682617, 9736.41210938, 8534.8515625, 1966.95861816, 3231.22070312, 2067.42456055, 4108.64013672, 2941.49291992, 766.962097168, 550.211425781, 379.378356934, 714.86505127, 1376.54174805, 825.665771484, 407.590515137, 193.214691162, 67.1298522949, 21.9015922546, 7.91547346115, 2.85434436798, 1.10114693642, 0.48632645607, 0.332547903061, 0.0223622154444, 6.37241901131e-05, 8.50305852396e-08], "dvar": [0.0552990362048, 5.68698310852, 86.2792205811, 95.6226654053, 13.8681306839, 27.4387893677, 268.072021484, 460.136962891, 297.215911865, 652.975219727, 496.44128418, 721.290771484, 2306.25024414, 3120.74536133, 1847.54785156, 4493.36376953, 3829.37475586, 876.346679688, 1412.28735352, 1293.59008789, 1856.64001465, 2043.23242188, 454.66418457, 324.081848145, 261.274871826, 458.520019531, 1049.21081543, 585.240478516, 243.732040405, 120.193969727, 35.574924469, 9.99686431885, 3.91906714439, 1.12031316757, 0.519063234329, 0.223455384374, 0.169567510486, 0.0146127622575, 3.5635104723e-05, 5.32538457776e-08], "mean": [0.0978006795049, 1.13848316669, 3.86140322685, 3.47571063042, 2.55951738358, 3.50724124908, 6.37454557419, 9.77767658234, 11.1522359848, 11.5922212601, 15.3972454071, 19.2888698578, 27.0046615601, 30.590429306, 25.8571434021, 34.2769203186, 31.6557884216, 20.8800544739, 21.1177024841, 20.0893058777, 23.4004955292, 17.8313732147, 13.6807050705, 12.4169206619, 9.54099273682, 11.8372402191, 14.2042226791, 11.2561769485, 7.87701654434, 5.86008405685, 3.61593222618, 2.16515827179, 1.27913892269, 0.841170430183, 0.477802067995, 0.27252265811, 0.182536557317, 0.0453142561018, 0.00269581796601, 0.000114048023534]}, "zerocrossingrate": {"min": 0.0029296875, "max": 0.525390625, "dvar2": 0.000462667609099, "median": 0.06005859375, "dmean2": 0.0169144589454, "dmean": 0.0155934728682, "var": 0.00353380711749, "dvar": 0.000417744275182, "mean": 0.0735052376986}, "spectral_contrast_coeffs": {"min": [-0.973775088787, -0.974725902081, -0.972844779491, -0.980085253716, -0.966456532478, -0.967338204384], "max": [-0.296338051558, -0.313956946135, -0.373063474894, -0.447245955467, -0.559898018837, -0.535945415497], "dvar2": [0.00470832874998, 0.00454014074057, 0.00376166030765, 0.00265414360911, 0.00133950007148, 0.00206373259425], "median": [-0.683989346027, -0.7569693923, -0.785967290401, -0.801526725292, -0.814207077026, -0.775611758232], "dmean2": [0.0824103057384, 0.0826352834702, 0.072753764689, 0.0574005171657, 0.0407643094659, 0.0404579080641], "dmean": [0.0519296005368, 0.0514779053628, 0.0460826866329, 0.0374751500785, 0.0270058307797, 0.0267751198262], "var": [0.00790990423411, 0.0078186057508, 0.00798879750073, 0.00627899821848, 0.00356789608486, 0.00330665661022], "dvar": [0.00206816173159, 0.00190312822815, 0.00168556440622, 0.00124337244779, 0.000662708829623, 0.000891636766028], "mean": [-0.67685854435, -0.74926507473, -0.77453148365, -0.787139415741, -0.804506897926, -0.774430692196]}, "dissonance": {"min": 0.13053356111, "max": 0.500000178814, "dvar2": 0.00192447495647, "median": 0.472630918026, "dmean2": 0.0392639450729, "dmean": 0.0238317940384, "var": 0.00165702775121, "dvar": 0.000753172615077, "mean": 0.459958642721}, "spectral_energyband_high": {"min": 7.34399059041e-21, "max": 0.0212153717875, "dvar2": 5.46748196939e-06, "median": 0.000162184645887, "dmean2": 0.00110349676106, "dmean": 0.00080832769163, "var": 5.21642732565e-06, "dvar": 2.85156625068e-06, "mean": 0.00109024893027}, "spectral_skewness": {"min": -0.0795968696475, "max": 7.82302808762, "dvar2": 0.239664956927, "median": 1.47770822048, "dmean2": 0.410895437002, "dmean": 0.27274748683, "var": 0.37736710906, "dvar": 0.10514523834, "mean": 1.56662523746}, "spectral_flux": {"min": 6.47669973208e-11, "max": 0.324054092169, "dvar2": 0.0038766474463, "median": 0.0602384209633, "dmean2": 0.0516639202833, "dmean": 0.0331849306822, "var": 0.00427239155397, "dvar": 0.00186933006626, "mean": 0.078382357955}, "silence_rate_30dB": {"min": 0, "max": 1, "dvar2": 0.0119409039617, "median": 1, "dmean2": 0.00826853048056, "dmean": 0.00413385825232, "var": 0.00225852499716, "dvar": 0.00411643180996, "mean": 0.99773645401}, "spectral_energyband_middle_high": {"min": 1.30766884795e-21, "max": 0.0733380690217, "dvar2": 3.22262167174e-05, "median": 0.00161352718715, "dmean2": 0.00352842221037, "dmean": 0.00251527386717, "var": 5.55848200747e-05, "dvar": 1.78439222509e-05, "mean": 0.00504904054105}, "barkbands_spread": {"min": 0.0872643068433, "max": 121.779342651, "dvar2": 222.213577271, "median": 22.1891746521, "dmean2": 12.9401483536, "dmean": 8.5030374527, "var": 317.696838379, "dvar": 101.833488464, "mean": 25.6038169861}, "spectral_centroid": {"min": 103.746284485, "max": 11626.9072266, "dvar2": 502536.25, "median": 1392.30859375, "dmean2": 561.835571289, "dmean": 371.013885498, "var": 859294.625, "dvar": 229225.625, "mean": 1526.66296387}, "pitch_salience": {"min": 0.0216294080019, "max": 0.962126433849, "dvar2": 0.0266609489918, "median": 0.544260859489, "dmean2": 0.166407525539, "dmean": 0.10103071481, "var": 0.0223232414573, "dvar": 0.0103814443573, "mean": 0.531771540642}, "erbbands_skewness": {"min": -8.92140197754, "max": 11.1883020401, "dvar2": 0.816382884979, "median": 0.248144373298, "dmean2": 0.799791157246, "dmean": 0.537688493729, "var": 1.44841647148, "dvar": 0.400388360023, "mean": 0.355217009783}, "erbbands_crest": {"min": 2.12596130371, "max": 34.2109184265, "dvar2": 20.9998664856, "median": 7.9464263916, "dmean2": 4.68974065781, "dmean": 2.94177937508, "var": 28.2073345184, "dvar": 9.17814540863, "mean": 9.35446453094}, "melbands": {"min": [2.05837318227e-24, 1.395866199e-24, 1.73877604728e-24, 2.50903087919e-24, 3.9236986904e-24, 5.78770443423e-24, 5.63811352964e-24, 3.23779281078e-24, 5.26124548736e-24, 4.79937334381e-24, 3.46815794447e-24, 2.77964645729e-24, 6.89338292304e-24, 3.74250522908e-24, 2.89796336572e-24, 4.4286935209e-24, 5.10373441928e-24, 4.13118251911e-24, 4.78940845286e-24, 5.5722649433e-24, 5.79634285558e-24, 6.44029277352e-24, 4.8028987632e-24, 5.98560912497e-24, 5.84456986702e-24, 6.65743462629e-24, 3.03038234614e-24, 6.3003677816e-24, 8.38145936908e-24, 6.59482589169e-24, 4.29102269902e-24, 5.32788451233e-24, 7.12904486329e-24, 7.61841788128e-24, 7.62347763513e-24, 6.62852997386e-24, 7.41406346379e-24, 7.23777277299e-24, 7.3729038572e-24, 8.19271335345e-24], "max": [0.0229418631643, 0.0335146635771, 0.0153551977128, 0.00449379952624, 0.00695459078997, 0.00608226330951, 0.00989072304219, 0.0108725745231, 0.00768281565979, 0.0034687910229, 0.00533604016528, 0.00635837903246, 0.00502079445869, 0.00833599083126, 0.0087356697768, 0.00251006311737, 0.00159801286645, 0.00161872908939, 0.00174921739381, 0.00130837829784, 0.00145257334225, 0.00307394610718, 0.00106406921986, 0.000446309451945, 0.000499941699672, 0.000510076119099, 0.000229627403314, 0.000587805348914, 0.000536692677997, 0.000645936583169, 0.000187824596651, 0.000192344596144, 0.000180890405318, 0.00012229103595, 0.00015126595099, 6.48269269732e-05, 4.23341261921e-05, 3.02133721561e-05, 2.86713820969e-05, 2.19420271605e-05], "dvar2": [1.1714867469e-05, 3.92558467865e-05, 5.56038548893e-06, 1.94565060951e-07, 7.58929843414e-07, 6.05624052241e-07, 1.94091768435e-07, 1.22213279496e-07, 9.86953523352e-08, 6.41397832624e-08, 1.44307591654e-07, 9.8381292446e-08, 6.86451784304e-08, 9.96753755089e-08, 1.43119876839e-07, 1.28301165248e-08, 7.9111357465e-09, 9.76701208799e-09, 9.64130286718e-09, 5.51895551482e-09, 7.76421060777e-09, 5.57987389627e-09, 1.85995563395e-09, 8.07668265601e-10, 6.46629583212e-10, 3.72031822016e-10, 3.27291832525e-10, 6.92280233139e-10, 1.24678922742e-09, 5.08237729679e-10, 4.98799723747e-10, 1.67382593896e-10, 9.1225547949e-11, 8.7287045647e-11, 3.32694496952e-11, 1.12679613903e-11, 7.20781073715e-12, 5.2779859476e-12, 2.43695883785e-12, 1.80490984571e-12], "median": [0.000201808026759, 0.000424514553742, 0.000181900948519, 0.000103869635495, 7.20618554624e-05, 5.85902780585e-05, 4.39614304923e-05, 2.81950688077e-05, 2.67877749138e-05, 2.30652549362e-05, 2.11022688745e-05, 1.62170235853e-05, 1.14019803732e-05, 9.72189445747e-06, 9.58683267527e-06, 6.73924068906e-06, 5.49737433175e-06, 3.40506790053e-06, 4.06785875384e-06, 2.76454193227e-06, 2.83084455077e-06, 2.34487720263e-06, 2.06066874853e-06, 1.70617954609e-06, 1.47978562381e-06, 1.2392994222e-06, 1.12953432563e-06, 8.11103063825e-07, 7.5600036098e-07, 5.49515561943e-07, 4.09813878832e-07, 3.46194923395e-07, 3.64789912055e-07, 3.5304790913e-07, 2.70154288273e-07, 2.02971122576e-07, 1.84257558544e-07, 1.46119234046e-07, 1.38949047823e-07, 1.16897702185e-07], "dmean2": [0.00143157225102, 0.00318568386137, 0.000992399523966, 0.000232432415942, 0.000323275948176, 0.000312655436574, 0.000193253305042, 0.00012399260595, 0.000136867471156, 0.000123709614854, 0.000173528576852, 0.000130634754896, 9.9511242297e-05, 9.27977234824e-05, 0.000108784734039, 5.24629831489e-05, 4.00822755182e-05, 3.86837418773e-05, 3.9640111936e-05, 2.81246084342e-05, 3.05377398035e-05, 2.21849659283e-05, 1.74887118192e-05, 1.33562998599e-05, 1.21207222037e-05, 8.01397072792e-06, 7.84845087765e-06, 1.02443655123e-05, 1.27283728943e-05, 9.44280600379e-06, 9.43923532759e-06, 5.87087106396e-06, 4.13856560044e-06, 3.89101887777e-06, 2.18692616727e-06, 1.30876151161e-06, 1.10470216441e-06, 9.33559533678e-07, 6.6679297106e-07, 5.81954338941e-07], "dmean": [0.000918813399039, 0.0018771449104, 0.000593625649344, 0.000139642565046, 0.000182431482244, 0.000179671435035, 0.000120836557471, 7.97818138381e-05, 9.05790875549e-05, 7.90892590885e-05, 0.000105699589767, 8.61713997438e-05, 6.56434858683e-05, 6.08164300502e-05, 7.71631748648e-05, 3.45076841768e-05, 2.54149163084e-05, 2.51861001743e-05, 2.50021184911e-05, 1.80638489837e-05, 1.98901216208e-05, 1.41905111377e-05, 1.08024541987e-05, 8.57479608385e-06, 7.48000366002e-06, 5.10791142005e-06, 5.03197679791e-06, 6.64004710416e-06, 8.12915095594e-06, 6.31026614428e-06, 6.14227656115e-06, 4.10051461586e-06, 2.82735277324e-06, 2.61432592197e-06, 1.60151591899e-06, 9.92081936602e-07, 8.39148469822e-07, 6.61151716486e-07, 4.74960501151e-07, 4.03218251677e-07], "var": [6.64853178023e-06, 1.45282156154e-05, 1.9185004021e-06, 9.31508665758e-08, 1.9336228263e-07, 2.02304491381e-07, 1.70679925304e-07, 1.06188082327e-07, 1.25854100474e-07, 6.34859489423e-08, 8.11587241856e-08, 8.91940459269e-08, 6.37779109525e-08, 9.53001304538e-08, 1.8665652135e-07, 1.29503883173e-08, 7.42689376665e-09, 9.56951140552e-09, 6.78230804851e-09, 4.28366675465e-09, 6.72802524804e-09, 3.71984487657e-09, 1.07060738053e-09, 5.93625204548e-10, 4.02543248734e-10, 2.22721369125e-10, 2.12305437119e-10, 4.30563917853e-10, 6.56157683743e-10, 3.88581666844e-10, 2.74942069112e-10, 1.37099526176e-10, 7.89131399115e-11, 6.04697125706e-11, 2.91398571939e-11, 1.10281263288e-11, 7.43372984696e-12, 4.43230998778e-12, 2.93206995142e-12, 2.00132163446e-12], "dvar": [5.33940328751e-06, 1.53736073116e-05, 2.22615517487e-06, 7.15824342024e-08, 2.60590951484e-07, 2.16913846884e-07, 8.70892620242e-08, 5.56144357233e-08, 5.06407467071e-08, 2.868647897e-08, 5.81697854329e-08, 4.75588990412e-08, 3.2478457257e-08, 5.02665713498e-08, 8.3037001275e-08, 6.63576305016e-09, 3.53100637618e-09, 4.46553238831e-09, 4.03399091908e-09, 2.43925746268e-09, 3.42282202581e-09, 2.5935809056e-09, 7.77775788219e-10, 3.42436023981e-10, 2.6131002917e-10, 1.56001447871e-10, 1.41979358825e-10, 2.98752050876e-10, 5.21757970162e-10, 2.44132603022e-10, 2.2432053437e-10, 8.57610094052e-11, 4.87094461987e-11, 4.0966813275e-11, 1.64119464546e-11, 5.51317368494e-12, 3.64370946609e-12, 2.54222164153e-12, 1.16851276918e-12, 8.50516488834e-13], "mean": [0.00107211561408, 0.00189435051288, 0.000596238125581, 0.000206835902645, 0.000211771737668, 0.000218409128138, 0.000178773101652, 0.000118090167234, 0.00014393228048, 0.000121072785987, 0.000134426270961, 0.00012196006719, 9.28229856072e-05, 8.64156027092e-05, 0.000111526176624, 4.83284893562e-05, 3.6970115616e-05, 3.36540324497e-05, 3.08445196424e-05, 2.36093801504e-05, 2.81454522337e-05, 1.87438636203e-05, 1.37495217132e-05, 1.16956725833e-05, 9.98588438961e-06, 7.08866082277e-06, 6.66007099426e-06, 8.18279477244e-06, 9.181331734e-06, 7.56033750804e-06, 6.08356776866e-06, 4.48145055998e-06, 3.49849710801e-06, 3.2123850815e-06, 2.27031705435e-06, 1.50280811795e-06, 1.22915844258e-06, 9.13631026833e-07, 7.73842600665e-07, 6.85392762989e-07]}, "spectral_entropy": {"min": 4.42842102051, "max": 9.82036495209, "dvar2": 0.155519843102, "median": 7.6741976738, "dmean2": 0.335094958544, "dmean": 0.23460996151, "var": 0.37943777442, "dvar": 0.0763117969036, "mean": 7.60115098953}, "spectral_rolloff": {"min": 21.533203125, "max": 19487.5488281, "dvar2": 3834474.5, "median": 1270.45898438, "dmean2": 1299.65283203, "dmean": 793.731567383, "var": 5049813, "dvar": 1855296.75, "mean": 1931.1965332}, "barkbands": {"min": [1.21520354246e-24, 1.04717893066e-23, 8.92650644268e-25, 3.62059821466e-24, 1.16796284381e-23, 3.05471176309e-23, 2.29761749766e-23, 2.10158761375e-23, 3.70276099672e-23, 2.54045018353e-23, 3.27889341058e-23, 3.09298319213e-23, 3.73987185361e-23, 5.40700978548e-23, 7.58064280352e-23, 8.75290462372e-23, 1.21987658091e-22, 1.19960967141e-22, 1.75750523023e-22, 2.00676533387e-22, 3.12661977937e-22, 3.1667305165e-22, 4.21238495768e-22, 7.81169700722e-22, 9.73281085323e-22, 1.31884931676e-21, 2.18133040721e-21], "max": [0.00183382851537, 0.0849200487137, 0.078291490674, 0.0302811879665, 0.0171007439494, 0.0289746373892, 0.0741531178355, 0.0279416702688, 0.0402748733759, 0.0209754873067, 0.0594659522176, 0.0555239655077, 0.0486895218492, 0.017101412639, 0.0179454293102, 0.0173307359219, 0.0408666878939, 0.00955730117857, 0.00957824662328, 0.0173487756401, 0.0123513769358, 0.00944757275283, 0.00620625028387, 0.0024426379241, 0.00147254241165, 0.00193837285042, 0.00103781640064], "dvar2": [2.08467394458e-08, 0.000210433223401, 0.000241554560489, 1.20230233733e-05, 6.01493320573e-06, 1.81970008271e-05, 6.47858541925e-06, 1.15543673473e-06, 4.8115057325e-06, 4.35173114965e-06, 6.50268339086e-06, 6.14408327237e-06, 4.86209364681e-06, 9.7109455055e-07, 1.34525055273e-06, 1.34154038278e-06, 1.24839573346e-06, 3.63484446098e-07, 2.35306657714e-07, 5.27921031335e-07, 1.24881103147e-06, 2.65225111207e-07, 1.3225005091e-07, 3.28938831728e-08, 1.47130059247e-08, 6.74294398095e-08, 2.24813057059e-09], "median": [1.90607097466e-05, 0.000894507858902, 0.000605436391197, 0.000205195508897, 0.000499982270412, 0.000305822002701, 0.000174456756213, 9.79406322585e-05, 0.000180851726327, 0.000124558471725, 7.48917736928e-05, 8.64280664246e-05, 8.25433889986e-05, 5.57747189305e-05, 5.23254857399e-05, 3.9814862248e-05, 4.11701039411e-05, 3.78823533538e-05, 3.51068665623e-05, 3.12290212605e-05, 2.64267564489e-05, 1.99959358724e-05, 1.8023110897e-05, 1.41340924529e-05, 1.21639659483e-05, 5.01675822306e-06, 8.87462022092e-07], "dmean2": [6.0803755332e-05, 0.006450495217, 0.006634588819, 0.00142370956019, 0.00119264028035, 0.00166084477678, 0.000939214893151, 0.000474127795314, 0.0010039920453, 0.00104402145371, 0.000833390280604, 0.000831856799778, 0.000793021754362, 0.000434419576777, 0.000506582087837, 0.000441700656665, 0.00038204685552, 0.000286464521196, 0.000231135694776, 0.000295376259601, 0.00045406355639, 0.000237674990785, 0.000148394450662, 7.69397520344e-05, 5.69109433854e-05, 8.6371175712e-05, 1.60196359502e-05], "dmean": [4.15227987105e-05, 0.0038738513831, 0.00395886180922, 0.000806468946394, 0.000703727884684, 0.000951286754571, 0.00059287250042, 0.000306222063955, 0.000648737477604, 0.000644219107926, 0.000554509693757, 0.000558370375074, 0.000535740575287, 0.000273953541182, 0.000325153785525, 0.000286048074486, 0.000243229515036, 0.000183941010619, 0.000145949132275, 0.000192854306079, 0.000300460524159, 0.000165252582519, 0.000105680606794, 5.81970707572e-05, 4.24505306e-05, 7.04012054484e-05, 1.25519845824e-05], "var": [1.28877148953e-08, 0.000104055223346, 8.18736371002e-05, 3.2370912777e-06, 2.30985597227e-06, 5.64600168218e-06, 5.98542419539e-06, 1.03605816548e-06, 5.40340579391e-06, 2.83232134279e-06, 5.99106624577e-06, 6.31734656054e-06, 5.60804983252e-06, 8.840307828e-07, 1.14597628453e-06, 1.18563923479e-06, 8.76607373357e-07, 2.64024322405e-07, 1.50217658756e-07, 3.37222104463e-07, 7.25305369542e-07, 2.40035319621e-07, 1.08953983613e-07, 3.68001806805e-08, 1.96256184637e-08, 7.33872695946e-08, 2.23842833158e-09], "dvar": [9.91868986944e-09, 8.81180167198e-05, 9.72239649855e-05, 4.31063017459e-06, 2.15187424146e-06, 6.40795542495e-06, 3.0141247862e-06, 5.2430868891e-07, 2.24391851589e-06, 1.85969702216e-06, 3.23106610267e-06, 3.21513562085e-06, 2.64475602307e-06, 4.1584158339e-07, 5.90739375639e-07, 5.98047734002e-07, 5.68681002733e-07, 1.52542185106e-07, 9.83288472867e-08, 2.29620837899e-07, 5.50724564619e-07, 1.42826266369e-07, 6.39526192003e-08, 1.71109206804e-08, 7.84023956868e-09, 3.89558927338e-08, 1.27565458197e-09], "mean": [5.81960193813e-05, 0.00446600001305, 0.00351277040318, 0.000787155120634, 0.00100993248634, 0.00114148610737, 0.000839840096887, 0.000463046570076, 0.0010097278282, 0.00082771119196, 0.00075002660742, 0.000802363909315, 0.000767516437918, 0.00038510284503, 0.000416226714151, 0.000386737141525, 0.000318583654007, 0.000251855060924, 0.000199917936698, 0.000248911732342, 0.000329814269207, 0.000195972606889, 0.000144034391269, 8.8474858785e-05, 7.05030470272e-05, 8.98691941984e-05, 1.57914419106e-05]}, "melbands_flatness_db": {"min": 0.00328749767505, "max": 0.656364142895, "dvar2": 0.00489301653579, "median": 0.180804073811, "dmean2": 0.0607560016215, "dmean": 0.0402679108083, "var": 0.010085305199, "dvar": 0.00225811451674, "mean": 0.202664971352}, "melbands_skewness": {"min": -8.85363864899, "max": 19.2474021912, "dvar2": 4.01011896133, "median": 2.14639616013, "dmean2": 1.67893135548, "dmean": 1.086389184, "var": 5.53868055344, "dvar": 1.76784551144, "mean": 2.65850996971}, "barkbands_skewness": {"min": -13.6199598312, "max": 37.8844604492, "dvar2": 4.34133052826, "median": 1.2024307251, "dmean2": 1.32191073895, "dmean": 0.876075208187, "var": 4.67695379257, "dvar": 2.00560998917, "mean": 1.55714571476}, "silence_rate_60dB": {"min": 0, "max": 1, "dvar2": 0.125354319811, "median": 0, "dmean2": 0.131115272641, "dmean": 0.0655511841178, "var": 0.178426027298, "dvar": 0.0612510144711, "mean": 0.232457429171}, "spectral_energyband_low": {"min": 1.70806419341e-23, "max": 0.116143845022, "dvar2": 0.00053923384985, "median": 0.0021216981113, "dmean2": 0.0124630080536, "dmean": 0.00749123189598, "var": 0.000252176570939, "dvar": 0.000223126815399, "mean": 0.00852444581687}, "spectral_energyband_middle_low": {"min": 2.43618473375e-22, "max": 0.0878477916121, "dvar2": 0.000121048557048, "median": 0.00315106310882, "dmean2": 0.0051956451498, "dmean": 0.00320319109596, "var": 5.72416247451e-05, "dvar": 4.58785034425e-05, "mean": 0.00555252330378}, "melbands_kurtosis": {"min": -1.94049692154, "max": 494.718139648, "dvar2": 1986.90563965, "median": 6.19781017303, "dmean2": 20.7442684174, "dmean": 13.0281600952, "var": 1665.2064209, "dvar": 902.291625977, "mean": 19.4473133087}, "spectral_decrease": {"min": -3.54915528078e-08, "max": 1.31270650749e-28, "dvar2": 4.28730424639e-17, "median": -2.40960429387e-09, "dmean2": 4.0477159402e-09, "dmean": 2.70224975729e-09, "var": 3.61886356385e-17, "dvar": 2.09562386616e-17, "mean": -4.74654004989e-09}, "erbbands_kurtosis": {"min": -1.81468868256, "max": 226.103530884, "dvar2": 74.0081176758, "median": 0.200290203094, "dmean2": 3.25929641724, "dmean": 2.1669383049, "var": 153.957595825, "dvar": 38.5558052063, "mean": 2.66793990135}, "melbands_crest": {"min": 1.56964409351, "max": 35.7240447998, "dvar2": 37.3348274231, "median": 13.9652137756, "dmean2": 6.77365589142, "dmean": 4.111805439, "var": 36.8654899597, "dvar": 14.3722610474, "mean": 14.6830339432}, "gfcc": {"cov": [[22082.5703125, 77.7467575073, -1858.57299805, -375.147338867, -944.966430664, 8.96825218201, -417.986083984, 232.800323486, -281.118438721, -44.4974403381, -424.634460449, 81.8443069458, -140.335845947], [77.7467575073, 2073.97070312, 189.209182739, 182.744949341, 259.907196045, -91.2876205444, 137.954223633, -59.1086425781, 148.156524658, -54.2874069214, 136.342788696, -118.683708191, 89.3749313354], [-1858.57299805, 189.209182739, 1235.0994873, 229.341461182, 179.066574097, 5.6965880394, -0.987528085709, -0.429496616125, 60.8433990479, 55.8596878052, 25.3096885681, 9.09172153473, -7.43076086044], [-375.147338867, 182.744949341, 229.341461182, 659.29095459, 273.113616943, -31.6494064331, 45.9794921875, -12.3904237747, 84.2786331177, -1.23770093918, 0.574760198593, -37.7888565063, 4.44744491577], [-944.966430664, 259.907196045, 179.066574097, 273.113616943, 457.752990723, 88.1701202393, 155.783309937, -35.2633209229, 47.6092414856, 4.53322172165, 28.1036872864, -16.4820766449, -4.63159370422], [8.96825218201, -91.2876205444, 5.6965880394, -31.6494064331, 88.1701202393, 301.460784912, 119.595054626, 15.6811065674, -26.6705436707, 17.9432868958, 55.5006027222, 9.13383102417, -25.6431617737], [-417.986083984, 137.954223633, -0.987528085709, 45.9794921875, 155.783309937, 119.595054626, 322.50012207, 0.579870522022, 22.3173465729, 17.0412654877, 23.4086074829, -1.39069163799, -22.4402065277], [232.800323486, -59.1086425781, -0.429496616125, -12.3904237747, -35.2633209229, 15.6811065674, 0.579870522022, 205.25944519, 72.6504058838, -4.00358295441, 0.702111065388, 0.437871009111, 20.2351322174], [-281.118438721, 148.156524658, 60.8433990479, 84.2786331177, 47.6092414856, -26.6705436707, 22.3173465729, 72.6504058838, 158.951126099, 40.4633369446, 7.77132225037, -20.968334198, 13.3458061218], [-44.4974403381, -54.2874069214, 55.8596878052, -1.23770093918, 4.53322172165, 17.9432868958, 17.0412654877, -4.00358295441, 40.4633369446, 116.456436157, 36.7532157898, 0.947715103626, -22.5720386505], [-424.634460449, 136.342788696, 25.3096885681, 0.574760198593, 28.1036872864, 55.5006027222, 23.4086074829, 0.702111065388, 7.77132225037, 36.7532157898, 155.242782593, 25.5264225006, -0.395988881588], [81.8443069458, -118.683708191, 9.09172153473, -37.7888565063, -16.4820766449, 9.13383102417, -1.39069163799, 0.437871009111, -20.968334198, 0.947715103626, 25.5264225006, 107.172271729, 18.4543361664], [-140.335845947, 89.3749313354, -7.43076086044, 4.44744491577, -4.63159370422, -25.6431617737, -22.4402065277, 20.2351322174, 13.3458061218, -22.5720386505, -0.395988881588, 18.4543361664, 107.978385925]], "icov": [[8.00699490355e-05, -0.000127841645735, 0.000132076311274, -0.000103511520138, 0.000154806271894, -0.000150636158651, 0.000135273177875, -0.000219371897401, 0.000268998672254, -0.000283850677079, 0.000419237767346, -0.000294161611237, 0.00022254990472], [-0.000127841645735, 0.00102632364724, -0.0003216691548, 0.000314904609695, -0.000495604414027, 0.000684673257638, -0.000586925714742, 0.000905593624339, -0.00127497920766, 0.00141937076114, -0.0018034176901, 0.00157010601833, -0.00102176575456], [0.000132076311274, -0.0003216691548, 0.00115115742665, -0.000404523860198, -1.31229735416e-05, -0.000314418517519, 0.000485600001412, -0.000484094489366, 0.000471592706162, -0.00102122605313, 0.000862163200509, -0.00085936562391, 0.000528457399923], [-0.000103511520138, 0.000314904609695, -0.000404523860198, 0.00243444088846, -0.00155804818496, 0.000727321719751, -5.66960479773e-05, 0.000544840819202, -0.00130093703046, 0.000929731177166, -0.000795446452685, 0.00100297236349, -0.000350465765223], [0.000154806271894, -0.000495604414027, -1.31229735416e-05, -0.00155804818496, 0.00427420809865, -0.00131610792596, -0.000965758052189, 0.000431389402365, -0.000136148039019, -0.000136675371323, 0.000872098433319, -0.000759581162129, 0.000385191553505], [-0.000150636158651, 0.000684673257638, -0.000314418517519, 0.000727321719751, -0.00131610792596, 0.00520116137341, -0.00177124876063, -0.000440428237198, 0.000743477488868, 0.000461332150735, -0.00267645483837, 0.0012937404681, -0.000147288330481], [0.000135273177875, -0.000586925714742, 0.000485600001412, -5.66960479773e-05, -0.000965758052189, -0.00177124876063, 0.00469234073535, -0.000575868762098, 0.000160149429576, -0.00107745232526, 0.00136654928792, -0.00125606241636, 0.00129304046277], [-0.000219371897401, 0.000905593624339, -0.000484094489366, 0.000544840819202, 0.000431389402365, -0.000440428237198, -0.000575868762098, 0.00764711108059, -0.0053707533516, 0.00309887877665, -0.0018376490334, 0.00110605417285, -0.00161343824584], [0.000268998672254, -0.00127497920766, 0.000471592706162, -0.00130093703046, -0.000136148039019, 0.000743477488868, 0.000160149429576, -0.0053707533516, 0.0124887013808, -0.00616435660049, 0.00241592805833, -0.000239917353611, -8.08680124464e-05], [-0.000283850677079, 0.00141937076114, -0.00102122605313, 0.000929731177166, -0.000136675371323, 0.000461332150735, -0.00107745232526, 0.00309887877665, -0.00616435660049, 0.0137593438849, -0.00510057248175, 0.00183929409832, 0.000951862311922], [0.000419237767346, -0.0018034176901, 0.000862163200509, -0.000795446452685, 0.000872098433319, -0.00267645483837, 0.00136654928792, -0.0018376490334, 0.00241592805833, -0.00510057248175, 0.0115147558972, -0.00479348283261, 0.00165647268295], [-0.000294161611237, 0.00157010601833, -0.00085936562391, 0.00100297236349, -0.000759581162129, 0.0012937404681, -0.00125606241636, 0.00110605417285, -0.000239917353611, 0.00183929409832, -0.00479348283261, 0.0132121248171, -0.00383749511093], [0.00022254990472, -0.00102176575456, 0.000528457399923, -0.000350465765223, 0.000385191553505, -0.000147288330481, 0.00129304046277, -0.00161343824584, -8.08680124464e-05, 0.000951862311922, 0.00165647268295, -0.00383749511093, 0.011870412156]], "mean": [-63.5722808838, 71.3451766968, -103.993667603, 27.5026855469, -52.2688827515, 15.2516975403, -29.6836185455, 6.25498151779, -22.010061264, 3.71045279503, -15.2813777924, 1.72608172894, -11.7583007812]}, "melbands_spread": {"min": 0.253883838654, "max": 252.856704712, "dvar2": 631.69909668, "median": 22.097612381, "dmean2": 17.8840885162, "dmean": 11.4835271835, "var": 771.989013672, "dvar": 292.512756348, "mean": 29.0323047638}, "spectral_energy": {"min": 1.0565018971e-20, "max": 0.142172962427, "dvar2": 0.000650891335681, "median": 0.0100339446217, "dmean2": 0.015953797847, "dmean": 0.0108173312619, "var": 0.000600750383455, "dvar": 0.000328093912685, "mean": 0.0195779222995}, "mfcc": {"cov": [[17308.6855469, 483.645812988, -1115.15380859, -592.419128418, -743.293823242, -368.79385376, -343.243560791, 71.5897979736, -35.885055542, -23.6441631317, -217.846710205, -206.153106689, -95.4537124634], [483.645812988, 1781.66992188, 177.994216919, 190.990509033, 75.89402771, 41.19165802, 38.4689331055, -6.29605054855, 3.12420248985, 24.1381530762, 32.7236862183, 6.71372556686, -0.0746339485049], [-1115.15380859, 177.994216919, 828.15814209, 169.617324829, 168.482559204, 25.735326767, -3.32007074356, -24.9741363525, -15.6309528351, 16.558588028, 18.9602146149, 41.1600379944, 11.9576120377], [-592.419128418, 190.990509033, 169.617324829, 664.308288574, 243.422912598, 123.685455322, 9.53138446808, 12.8044862747, 81.5806884766, 17.4946861267, 17.341840744, 55.7761573792, 14.7056713104], [-743.293823242, 75.89402771, 168.482559204, 243.422912598, 356.8175354, 69.0760498047, 20.6891441345, 19.7542438507, 32.2865409851, 24.2574596405, 7.94511890411, 28.0387458801, 41.0165367126], [-368.79385376, 41.19165802, 25.735326767, 123.685455322, 69.0760498047, 330.082672119, 150.207885742, 33.2978363037, 21.9178352356, 9.5886297226, 47.7017288208, 43.8686103821, 1.83608019352], [-343.243560791, 38.4689331055, -3.32007074356, 9.53138446808, 20.6891441345, 150.207885742, 232.148651123, 80.604309082, 8.43744373322, 8.26271724701, 38.7039833069, 49.0571937561, 13.2583580017], [71.5897979736, -6.29605054855, -24.9741363525, 12.8044862747, 19.7542438507, 33.2978363037, 80.604309082, 162.23399353, 54.0629501343, 10.1028270721, 23.2305603027, 18.9568519592, 8.50168323517], [-35.885055542, 3.12420248985, -15.6309528351, 81.5806884766, 32.2865409851, 21.9178352356, 8.43744373322, 54.0629501343, 146.100631714, 55.839099884, 5.26292181015, -7.67435026169, -7.30244207382], [-23.6441631317, 24.1381530762, 16.558588028, 17.4946861267, 24.2574596405, 9.5886297226, 8.26271724701, 10.1028270721, 55.839099884, 136.026321411, 50.2850265503, -5.91455411911, -5.27033758163], [-217.846710205, 32.7236862183, 18.9602146149, 17.341840744, 7.94511890411, 47.7017288208, 38.7039833069, 23.2305603027, 5.26292181015, 50.2850265503, 140.149353027, 65.4505310059, 1.87696695328], [-206.153106689, 6.71372556686, 41.1600379944, 55.7761573792, 28.0387458801, 43.8686103821, 49.0571937561, 18.9568519592, -7.67435026169, -5.91455411911, 65.4505310059, 142.420272827, 46.5292892456], [-95.4537124634, -0.0746339485049, 11.9576120377, 14.7056713104, 41.0165367126, 1.83608019352, 13.2583580017, 8.50168323517, -7.30244207382, -5.27033758163, 1.87696695328, 46.5292892456, 112.213050842]], "icov": [[7.41619514883e-05, -3.90733875975e-05, 8.06483149063e-05, 1.06628131107e-05, 0.000118203992315, -2.02830433409e-05, 0.000153975823196, -0.000144449208165, 7.25314894225e-05, -9.35362186283e-05, 0.000143471508636, -4.08558917115e-05, 1.78131140274e-05], [-3.90733875975e-05, 0.000615737400949, -0.00014157712576, -0.000192155654076, -3.28035530401e-05, 7.46157529647e-05, -0.000254115177086, 0.000148504201206, 3.79842094844e-05, 1.26252107293e-05, -0.000243076239713, 0.000210161699215, -4.30293366662e-05], [8.06483149063e-05, -0.00014157712576, 0.00149438949302, -0.00013440658222, -0.000455034547485, 4.28775747423e-05, 0.000210449346923, 2.00179238163e-05, 0.00044231605716, -0.000334819924319, 0.00022381125018, -0.000430501793744, 0.000253944337601], [1.06628131107e-05, -0.000192155654076, -0.00013440658222, 0.00242090062238, -0.00132519891486, -0.000729837571271, 0.00062635197537, 0.000224725386943, -0.00125665450469, 0.000374786526663, 0.000245109433308, -0.000952621980105, 0.000438034709077], [0.000118203992315, -3.28035530401e-05, -0.000455034547485, -0.00132519891486, 0.00443903682753, -0.000429495674325, 0.000309429859044, -0.0007014022558, 0.000287872535409, -0.000829365511891, 0.000520165194757, 0.000273814046523, -0.00141873594839], [-2.02830433409e-05, 7.46157529647e-05, 4.28775747423e-05, -0.000729837571271, -0.000429495674325, 0.0049795769155, -0.00345932436176, 0.0011182804592, -0.000635377247818, 0.000654844974633, -0.00120045756921, 0.000255516526522, 0.000376929383492], [0.000153975823196, -0.000254115177086, 0.000210449346923, 0.00062635197537, 0.000309429859044, -0.00345932436176, 0.00833197124302, -0.00387520110235, 0.00138800009154, -0.00102234259248, 0.000845617672894, -0.0017936952645, 5.08710836584e-05], [-0.000144449208165, 0.000148504201206, 2.00179238163e-05, 0.000224725386943, -0.0007014022558, 0.0011182804592, -0.00387520110235, 0.0094946641475, -0.00411167368293, 0.00185847189277, -0.00183462293353, 0.000416961731389, -0.000500254740473], [7.25314894225e-05, 3.79842094844e-05, 0.00044231605716, -0.00125665450469, 0.000287872535409, -0.000635377247818, 0.00138800009154, -0.00411167368293, 0.010913098231, -0.00490973051637, 0.00211024517193, -0.000151329993969, 0.000739009410609], [-9.35362186283e-05, 1.26252107293e-05, -0.000334819924319, 0.000374786526663, -0.000829365511891, 0.000654844974633, -0.00102234259248, 0.00185847189277, -0.00490973051637, 0.0115671930835, -0.00568170147017, 0.00294316583313, -0.000722148921341], [0.000143471508636, -0.000243076239713, 0.00022381125018, 0.000245109433308, 0.000520165194757, -0.00120045756921, 0.000845617672894, -0.00183462293353, 0.00211024517193, -0.00568170147017, 0.0127389701083, -0.00643641268834, 0.0022607636638], [-4.08558917115e-05, 0.000210161699215, -0.000430501793744, -0.000952621980105, 0.000273814046523, 0.000255516526522, -0.0017936952645, 0.000416961731389, -0.000151329993969, 0.00294316583313, -0.00643641268834, 0.0124983275309, -0.00473422557116], [1.78131140274e-05, -4.30293366662e-05, 0.000253944337601, 0.000438034709077, -0.00141873594839, 0.000376929383492, 5.08710836584e-05, -0.000500254740473, 0.000739009410609, -0.000722148921341, 0.0022607636638, -0.00473422557116, 0.0113259945065]], "mean": [-708.641723633, 107.110656738, 5.90440320969, 19.7341575623, 2.46644687653, 9.54743862152, 3.06629610062, 4.43021869659, 0.739225566387, 1.37389469147, 0.0233908072114, 1.64451861382, 0.566598415375]}, "spectral_contrast_valleys": {"min": [-28.0222606659, -27.9154624939, -27.5916366577, -27.5718002319, -27.4745845795, -27.3613529205], "max": [-5.41204071045, -4.756752491, -5.12332963943, -5.61779737473, -5.46286535263, -7.82882642746], "dvar2": [0.593676328659, 0.717603981495, 0.830650866032, 0.837379336357, 0.754463136196, 0.52095925808], "median": [-7.52602291107, -7.22013282776, -7.85631132126, -8.26434421539, -8.14259243011, -10.3429708481], "dmean2": [0.785551428795, 0.826451778412, 0.839793205261, 0.756031155586, 0.659711420536, 0.534818768501], "dmean": [0.51768219471, 0.54157358408, 0.568438649178, 0.51992058754, 0.4685523808, 0.411232739687], "var": [2.97268462181, 3.03583312035, 3.06123304367, 2.77980256081, 2.63996887207, 2.54832577705], "dvar": [0.328865975142, 0.363410592079, 0.420783877373, 0.409697443247, 0.364605665207, 0.257798224688], "mean": [-8.02041625977, -7.53642606735, -8.07962417603, -8.38695240021, -8.2447347641, -10.5723323822]}, "barkbands_flatness_db": {"min": 0.0142113249749, "max": 0.540425002575, "dvar2": 0.00300217885524, "median": 0.115485519171, "dmean2": 0.0472416914999, "dmean": 0.0310637224466, "var": 0.00592268351465, "dvar": 0.00139737431891, "mean": 0.132621586323}, "dynamic_complexity": 6.05552911758, "erbbands_flatness_db": {"min": 0.0244615487754, "max": 0.533052623272, "dvar2": 0.000998035771772, "median": 0.142947167158, "dmean2": 0.0304984338582, "dmean": 0.0215392895043, "var": 0.00330454180948, "dvar": 0.000536942097824, "mean":