{"lowlevel": {"spectral_complexity": {"min": 0, "max": 63, "dvar2": 28.6553440094, "median": 13, "dmean2": 4.49675369263, "dmean": 3.09366345406, "var": 114.483856201, "dvar": 17.4910202026, "mean": 14.8396949768}, "silence_rate_20dB": {"min": 1, "max": 1, "dvar2": 0, "median": 1, "dmean2": 0, "dmean": 0, "var": 0, "dvar": 0, "mean": 1}, "average_loudness": 0.800542056561, "erbbands_spread": {"min": 0.517388761044, "max": 167.223236084, "dvar2": 274.493255615, "median": 40.3550720215, "dmean2": 14.1148204803, "dmean": 9.26052856445, "var": 425.684448242, "dvar": 120.385314941, "mean": 43.1555290222}, "spectral_kurtosis": {"min": -1.33922421932, "max": 306.445526123, "dvar2": 130.276504517, "median": 2.96659135818, "dmean2": 3.96013569832, "dmean": 2.49360084534, "var": 183.999206543, "dvar": 67.4438018799, "mean": 5.36518335342}, "barkbands_kurtosis": {"min": -1.92733609676, "max": 1006.10913086, "dvar2": 471.146057129, "median": 2.66105556488, "dmean2": 9.11820602417, "dmean": 5.9710392952, "var": 701.68560791, "dvar": 241.005279541, "mean": 9.69592189789}, "spectral_strongpeak": {"min": 0, "max": 11.4632062912, "dvar2": 1.10318779945, "median": 0.334799528122, "dmean2": 0.612023174763, "dmean": 0.356162756681, "var": 0.608814418316, "dvar": 0.426189690828, "mean": 0.598171472549}, "spectral_spread": {"min": 442643.375, "max": 42974616, "dvar2": 1047924178940.0, "median": 4432263.5, "dmean2": 732095.875, "dmean": 505285.59375, "var": 11924251082800.0, "dvar": 569991364608, "mean": 4704433}, "spectral_rms": {"min": 3.15316089211e-12, "max": 0.0160085912794, "dvar2": 3.15578267873e-06, "median": 0.00442053796723, "dmean2": 0.00129909813404, "dmean": 0.00090379093308, "var": 8.32683781482e-06, "dvar": 1.631383725e-06, "mean": 0.0047124363482}, "erbbands": {"min": [6.23056353113e-23, 1.04545138208e-21, 2.03087643199e-21, 4.57290766948e-21, 1.84575757104e-20, 2.71013449241e-20, 4.01432366859e-20, 9.23346950358e-20, 1.29415935276e-19, 1.48181496824e-19, 2.05585000827e-19, 4.10493419611e-19, 4.12326865439e-19, 6.50530660972e-19, 8.36649659218e-19, 1.4733989225e-18, 1.60373177456e-18, 2.08196893404e-18, 2.33528555201e-18, 2.90577795842e-18, 3.8337724489e-18, 4.6782816681e-18, 5.73828549895e-18, 6.91575187191e-18, 6.38775297434e-18, 9.81396609081e-18, 1.02190885492e-17, 9.76670843523e-18, 9.50190062419e-18, 1.16500754401e-17, 1.13804675e-17, 1.09224666938e-17, 8.59889236489e-18, 8.597317413e-18, 5.50948775511e-18, 4.40068936711e-18, 2.66012103292e-18, 8.8383535008e-19, 2.47027925663e-19, 2.76834958984e-20], "max": [9.45943260193, 53.5630645752, 138.742645264, 231.273773193, 229.985641479, 359.107299805, 494.240203857, 349.746826172, 933.229187012, 1547.73132324, 911.499511719, 802.482543945, 672.296203613, 1078.70629883, 868.586303711, 676.476928711, 912.562438965, 858.29095459, 820.014160156, 654.922302246, 539.172607422, 343.634155273, 354.132629395, 645.361816406, 1039.92541504, 430.203735352, 354.278106689, 275.021270752, 262.073272705, 186.972183228, 189.832260132, 128.639266968, 104.021018982, 38.2078018188, 14.4007978439, 3.44319319725, 0.981607079506, 0.166425824165, 0.0221810322255, 0.00071338377893], "dvar2": [1.05471324921, 31.2009029388, 208.109710693, 835.420227051, 893.597351074, 1284.82006836, 657.722229004, 979.639587402, 2854.29663086, 2308.1003418, 1314.77685547, 1763.76281738, 1533.95361328, 2645.32885742, 2289.25927734, 1128.12255859, 1926.41418457, 748.64831543, 760.638122559, 1271.80517578, 722.556152344, 550.803894043, 373.488006592, 856.504272461, 1219.08239746, 623.917419434, 757.300292969, 392.946899414, 259.366912842, 152.825027466, 89.2999954224, 53.8416137695, 15.3079051971, 5.09126758575, 0.432048380375, 0.0337981544435, 0.0047352174297, 0.000210921571124, 3.55395468432e-06, 4.46104841956e-09], "median": [0.0984462723136, 0.816822648048, 2.40728235245, 2.54941630363, 2.96413826942, 3.01594901085, 2.97061300278, 3.20094561577, 3.72042608261, 4.27777910233, 3.31311893463, 3.75377726555, 4.13124799728, 5.19249153137, 3.94259381294, 2.85558080673, 3.78107714653, 3.85128688812, 3.82251930237, 4.26590251923, 3.35072875023, 3.50940680504, 3.57658195496, 7.79097795486, 11.430270195, 7.57909154892, 6.27789592743, 3.41389584541, 2.40291666985, 1.35228133202, 0.693464338779, 0.595843970776, 0.348119050264, 0.206358462572, 0.0755999311805, 0.0227164085954, 0.00385405682027, 0.000400356744649, 3.58646066161e-05, 2.74099838862e-05], "dmean2": [0.402480632067, 2.38040971756, 6.20388174057, 9.77670383453, 11.0685062408, 12.6214885712, 9.77390480042, 12.6495780945, 18.3420352936, 14.384853363, 12.1795768738, 15.6031703949, 14.7842178345, 21.551235199, 16.2662754059, 13.1417865753, 14.1420764923, 10.3504772186, 10.9634618759, 13.7350416183, 10.7181549072, 10.1223945618, 8.93824577332, 13.7406578064, 17.4864044189, 11.7754850388, 11.5096693039, 7.64331531525, 6.26021432877, 4.45461750031, 2.78904294968, 2.0380616188, 1.15667283535, 0.658384025097, 0.232388094068, 0.0744101852179, 0.0236542224884, 0.00416640704498, 0.000441397423856, 3.01829277305e-05], "dmean": [0.296453863382, 1.52833247185, 3.78353190422, 5.64905071259, 6.47769451141, 7.45356464386, 5.78905105591, 7.62303066254, 11.2140607834, 9.13824653625, 7.89931201935, 10.25182724, 9.52899551392, 14.0927209854, 10.4217786789, 8.22159004211, 8.89883804321, 6.40711784363, 7.00606966019, 8.57106971741, 6.83836269379, 6.46449804306, 5.83440160751, 8.88052272797, 11.5984525681, 8.0286359787, 7.68204212189, 5.43873357773, 4.36903095245, 3.09934091568, 1.94572997093, 1.41650378704, 0.816905915737, 0.451753914356, 0.163193821907, 0.0522706992924, 0.0161316152662, 0.00277891079895, 0.000282652792521, 2.02813735086e-05], "var": [1.10193383694, 19.9298458099, 89.6851654053, 242.376113892, 299.749786377, 435.984588623, 285.747344971, 497.861602783, 1997.90319824, 1718.49523926, 935.121948242, 1640.36975098, 1891.09802246, 3911.14892578, 2873.50366211, 1550.74279785, 1737.73010254, 797.77947998, 808.910400391, 1556.63720703, 893.021362305, 522.682922363, 523.076049805, 977.479187012, 1650.30810547, 928.780151367, 709.483581543, 449.36227417, 327.243103027, 158.374206543, 67.2104110718, 41.0788497925, 12.5315675735, 3.68094992638, 0.389507234097, 0.0384297035635, 0.00362113397568, 0.000118174473755, 1.4450481558e-06, 3.9770786664e-09], "dvar": [0.566233813763, 13.3425540924, 81.4316711426, 303.132202148, 333.264160156, 454.538085938, 249.967285156, 367.215057373, 1153.26379395, 969.285827637, 498.973083496, 716.754638672, 662.07611084, 1153.96948242, 943.703857422, 466.710388184, 763.811523438, 300.466064453, 315.94052124, 483.698547363, 297.573455811, 227.726150513, 158.851287842, 370.257324219, 531.925598145, 293.334716797, 324.796783447, 222.362106323, 149.857254028, 80.9121932983, 42.112449646, 24.424654007, 7.16472578049, 2.27721047401, 0.203192308545, 0.0167636107653, 0.00215121544898, 9.02605097508e-05, 1.43509635109e-06, 2.00569694186e-09], "mean": [0.459516018629, 2.2297706604, 5.52152585983, 6.84731721878, 8.1700220108, 10.4781160355, 7.62120008469, 10.5807170868, 16.4659328461, 14.6197214127, 14.676030159, 19.0089893341, 18.319814682, 29.6733379364, 20.0862960815, 14.9992008209, 15.579454422, 11.6768341064, 13.9830722809, 16.9846305847, 12.9239768982, 12.5070238113, 12.9996509552, 19.4755954742, 26.3034744263, 18.3871498108, 16.0045223236, 10.0637283325, 8.37842845917, 5.47075557709, 3.11039376259, 2.40767884254, 1.42632353306, 0.766489744186, 0.286886543036, 0.096799582243, 0.0241434164345, 0.00358228432015, 0.000317989790346, 4.64726326754e-05]}, "zerocrossingrate": {"min": 0.00048828125, "max": 0.525390625, "dvar2": 0.000233366939938, "median": 0.0498046875, "dmean2": 0.0115453088656, "dmean": 0.00977889727801, "var": 0.00240439898334, "dvar": 0.000177791735041, "mean": 0.0557004511356}, "spectral_contrast_coeffs": {"min": [-0.981625139713, -0.981005728245, -0.985044538975, -0.969325602055, -0.983793258667, -0.973931014538], "max": [-0.25476205349, -0.384846031666, -0.418914020061, -0.497590452433, -0.508246302605, -0.52390897274], "dvar2": [0.00520786410198, 0.00420271651819, 0.00302445050329, 0.00195034989156, 0.00145299197175, 0.00110327114817], "median": [-0.669883310795, -0.717179358006, -0.736346483231, -0.759539067745, -0.761922061443, -0.738424479961], "dmean2": [0.0812378004193, 0.0784635320306, 0.0661904737353, 0.0521735399961, 0.0423198714852, 0.035910345614], "dmean": [0.049949798733, 0.0494634099305, 0.0424019806087, 0.0336053259671, 0.0281033664942, 0.0244313105941], "var": [0.00717042386532, 0.00706616602838, 0.00848455075175, 0.00547054084018, 0.0044453991577, 0.00317392661236], "dvar": [0.00202554697171, 0.00174111523665, 0.0013539789943, 0.000896245881449, 0.000714891764801, 0.000548060052097], "mean": [-0.665173947811, -0.709335684776, -0.729728758335, -0.758865654469, -0.758746623993, -0.740567088127]}, "dissonance": {"min": 0, "max": 0.500000059605, "dvar2": 0.0011355971219, "median": 0.464332222939, "dmean2": 0.0330961197615, "dmean": 0.0203649327159, "var": 0.00150468014181, "dvar": 0.000471356761409, "mean": 0.454934567213}, "spectral_energyband_high": {"min": 7.22829274119e-21, "max": 0.0204594284296, "dvar2": 2.02905084734e-06, "median": 0.000484250369482, "dmean2": 0.000604054948781, "dmean": 0.00044259801507, "var": 2.99829798678e-06, "dvar": 1.214839358e-06, "mean": 0.00102416111622}, "spectral_skewness": {"min": -0.294148504734, "max": 14.8609142303, "dvar2": 0.450083851814, "median": 1.2266138792, "dmean2": 0.438226729631, "dmean": 0.288705199957, "var": 1.05020928383, "dvar": 0.248001515865, "mean": 1.40051603317}, "spectral_flux": {"min": 6.4757893492e-11, "max": 0.460940003395, "dvar2": 0.0036276311148, "median": 0.0688027888536, "dmean2": 0.0440117754042, "dmean": 0.0276492796838, "var": 0.00438895681873, "dvar": 0.00167002214584, "mean": 0.0825116783381}, "silence_rate_30dB": {"min": 0, "max": 1, "dvar2": 0.0906047672033, "median": 1, "dmean2": 0.0928058177233, "dmean": 0.0463988929987, "var": 0.0631040930748, "dvar": 0.0442517474294, "mean": 0.932311952114}, "spectral_energyband_middle_high": {"min": 1.21424206932e-21, "max": 0.0420698858798, "dvar2": 8.62768956722e-06, "median": 0.0019715661183, "dmean2": 0.00172569556162, "dmean": 0.0011603680905, "var": 2.23677707254e-05, "dvar": 3.76845969186e-06, "mean": 0.0039054651279}, "barkbands_spread": {"min": 0.0879206359386, "max": 112.609191895, "dvar2": 133.7212677, "median": 20.2623310089, "dmean2": 9.14655017853, "dmean": 6.00254631042, "var": 232.474121094, "dvar": 64.9196166992, "mean": 22.4505996704}, "spectral_centroid": {"min": 75.1984939575, "max": 11932.1464844, "dvar2": 261453.796875, "median": 1478.23059082, "dmean2": 437.523162842, "dmean": 288.916717529, "var": 1284317, "dvar": 130088.976562, "mean": 1574.79516602}, "pitch_salience": {"min": 0.0419117696583, "max": 0.97379642725, "dvar2": 0.0145795913413, "median": 0.491646140814, "dmean2": 0.125165939331, "dmean": 0.0779491066933, "var": 0.0151555500925, "dvar": 0.00594250392169, "mean": 0.489921957254}, "erbbands_skewness": {"min": -3.71245574951, "max": 9.97640705109, "dvar2": 0.598039925098, "median": 0.258441418409, "dmean2": 0.650652050972, "dmean": 0.437146544456, "var": 1.44478583336, "dvar": 0.292662024498, "mean": 0.42005905509}, "erbbands_crest": {"min": 2.36375689507, "max": 31.184803009, "dvar2": 16.4052066803, "median": 8.83833122253, "dmean2": 4.31788301468, "dmean": 2.72034025192, "var": 25.3328895569, "dvar": 7.15842008591, "mean": 10.089969635}, "melbands": {"min": [9.18718059843e-25, 1.31457497018e-24, 1.1142722409e-24, 1.94287862094e-24, 1.41125184627e-24, 1.75805028578e-24, 1.68801048145e-24, 1.45038920793e-24, 1.87063710582e-24, 2.24434319637e-24, 1.82381683059e-24, 2.27117669449e-24, 2.4346136857e-24, 2.75261850495e-24, 3.42687448672e-24, 2.61194527846e-24, 3.30062341251e-24, 2.88366033144e-24, 4.12588216269e-24, 3.18313106094e-24, 4.0043356577e-24, 3.00827866079e-24, 5.18335848917e-24, 4.50799573555e-24, 4.18383819567e-24, 3.96519711275e-24, 5.06660510305e-24, 6.14733704902e-24, 5.07363345928e-24, 4.52119180078e-24, 5.6170059784e-24, 3.79532814415e-24, 5.65311845292e-24, 5.0462513084e-24, 6.01464236173e-24, 5.32533333616e-24, 5.67004267478e-24, 6.44478494195e-24, 5.60977725149e-24, 5.75924548822e-24], "max": [0.0671134367585, 0.0526827573776, 0.0359090901911, 0.0203837230802, 0.0151214189827, 0.00728858588263, 0.0148173104972, 0.0141867073253, 0.00845584273338, 0.00445699831471, 0.00378726213239, 0.00462836539373, 0.00397852249444, 0.00180134049151, 0.00172499904875, 0.00137536309194, 0.00145897828043, 0.00123806647025, 0.000853059405927, 0.000701829150785, 0.000724526471458, 0.000461901945528, 0.000401998899179, 0.000547932344489, 0.000530718592927, 0.000718824157957, 0.000417686504079, 0.000337601435604, 0.000238459877437, 0.000270541786449, 0.000156917638378, 0.00016971315199, 0.000155501678819, 0.000104694103356, 8.57440827531e-05, 0.000166575642652, 8.33020167192e-05, 8.52874509292e-05, 4.87546931254e-05, 2.89876134048e-05], "dvar2": [6.15917815594e-05, 3.92183792428e-05, 2.38015891227e-05, 5.05325851918e-06, 9.73522105596e-07, 4.65502125735e-07, 6.4398551558e-07, 1.98089978198e-07, 1.06822021451e-07, 5.76465382096e-08, 4.10245810656e-08, 4.86599205374e-08, 4.79012207677e-08, 6.6405765331e-09, 8.11353029206e-09, 5.20243403912e-09, 2.58086041427e-09, 1.94221261296e-09, 2.04706740448e-09, 1.58452839738e-09, 1.2272125538e-09, 8.09689038039e-10, 6.7790234537e-10, 5.63952995414e-10, 7.55953466491e-10, 1.15811116252e-09, 4.33679536727e-10, 3.10586084629e-10, 3.77258502215e-10, 3.74514114165e-10, 1.44609199615e-10, 1.08882798611e-10, 8.21494122727e-11, 5.48386579202e-11, 2.71815400049e-11, 4.42579826954e-11, 1.67085581482e-11, 9.80596853717e-12, 6.33114741189e-12, 3.28947524601e-12], "median": [0.000957295473199, 0.00134969165083, 0.000503181829117, 0.000229491794016, 0.000120208125736, 7.25740901544e-05, 5.70714873902e-05, 4.05339742429e-05, 2.4408014724e-05, 2.00385566131e-05, 1.52229631567e-05, 1.88146605069e-05, 1.10967794171e-05, 5.4530946727e-06, 7.20506068319e-06, 6.87282408762e-06, 5.75624289922e-06, 4.67016525363e-06, 5.55872065888e-06, 3.62228092854e-06, 3.29291538037e-06, 3.13160285259e-06, 3.06239599013e-06, 3.17620470014e-06, 5.24844790561e-06, 8.64198591444e-06, 5.5711029745e-06, 4.26569977208e-06, 3.86057126889e-06, 2.6384177545e-06, 1.41684745358e-06, 1.21907032735e-06, 1.03112427041e-06, 5.19912362051e-07, 3.365832697e-07, 3.70161558294e-07, 3.31595771286e-07, 2.3009236827e-07, 1.91539598404e-07, 1.48633731101e-07], "dmean2": [0.00324044539593, 0.00291739474051, 0.00169427902438, 0.000831590325106, 0.000371333793737, 0.000281825923594, 0.000274635647656, 0.000145520098158, 0.000108644657303, 9.20258389669e-05, 7.5183554145e-05, 8.94591794349e-05, 7.04180929461e-05, 3.24313914462e-05, 3.45720036421e-05, 2.64626614808e-05, 1.99611258722e-05, 1.80915067176e-05, 1.94968652067e-05, 1.58222283062e-05, 1.39732292155e-05, 1.14749918794e-05, 1.10440969365e-05, 9.82635629043e-06, 1.25973538161e-05, 1.67364287336e-05, 1.00020297396e-05, 8.180038094e-06, 8.40478605824e-06, 6.99073370924e-06, 4.49888693765e-06, 3.93920936403e-06, 3.53386371899e-06, 2.41251882471e-06, 1.63278912169e-06, 1.60339300237e-06, 1.20873119158e-06, 9.09219409095e-07, 7.10268864168e-07, 5.46893431874e-07], "dmean": [0.00226285029203, 0.00183427368756, 0.000993428868242, 0.000490297679789, 0.000219113368075, 0.000170433922904, 0.000168584432686, 9.30990790948e-05, 7.02734760125e-05, 6.03151274845e-05, 4.85210548504e-05, 5.86639071116e-05, 4.47502206953e-05, 2.05440228456e-05, 2.15599320654e-05, 1.65685542015e-05, 1.23890213217e-05, 1.15108605314e-05, 1.23648987937e-05, 9.96041853796e-06, 8.88450358616e-06, 7.26081952962e-06, 7.02942725184e-06, 6.33447871223e-06, 8.00808902568e-06, 1.08296771941e-05, 6.5893741521e-06, 5.52738765691e-06, 5.49487731405e-06, 4.62153593617e-06, 3.19830974149e-06, 2.69309680334e-06, 2.42008036366e-06, 1.64233802025e-06, 1.12405666641e-06, 1.09694201456e-06, 8.35404591726e-07, 6.30073657248e-07, 4.88012290134e-07, 3.69176774484e-07], "var": [6.01067986281e-05, 2.25744370255e-05, 7.55319024393e-06, 1.76086120973e-06, 3.84211261917e-07, 2.51657610306e-07, 4.7168424544e-07, 1.63176395063e-07, 7.50169206754e-08, 5.26210186536e-08, 4.91722040863e-08, 6.99097881807e-08, 6.03828738122e-08, 8.55377546571e-09, 8.69850502738e-09, 5.43652900475e-09, 2.6213244908e-09, 1.8581508554e-09, 2.70083977405e-09, 1.92974680679e-09, 1.34718747269e-09, 6.41340869301e-10, 6.78570755142e-10, 5.75645864309e-10, 7.12718106755e-10, 1.29381194647e-09, 5.09428166318e-10, 4.08472783375e-10, 3.49784395892e-10, 2.38117303653e-10, 1.53047644003e-10, 1.20385992841e-10, 8.84366677112e-11, 4.26638724349e-11, 2.08605407254e-11, 2.48881280168e-11, 1.34552239142e-11, 7.16313553611e-12, 4.52617457403e-12, 2.24484450126e-12], "dvar": [3.11665680783e-05, 1.6284195226e-05, 8.8529277491e-06, 1.81152756795e-06, 3.60707389291e-07, 1.75222467647e-07, 2.61968267523e-07, 8.55178257098e-08, 3.94101498102e-08, 2.3730885701e-08, 1.77005237134e-08, 2.10787423072e-08, 1.93434477325e-08, 2.88771051515e-09, 3.25335647311e-09, 2.07075712133e-09, 1.04440001092e-09, 8.06644084861e-10, 8.49908643463e-10, 6.17410345072e-10, 5.01689412236e-10, 3.33313071588e-10, 2.72110944888e-10, 2.31238417303e-10, 3.20674375942e-10, 4.86927942411e-10, 1.84686585469e-10, 1.4534935755e-10, 1.57570761994e-10, 1.59946569878e-10, 8.04106226049e-11, 6.0041041583e-11, 4.16689564797e-11, 2.61245903382e-11, 1.29571856716e-11, 1.84047759672e-11, 7.71402559885e-12, 4.40831572635e-12, 2.86430753248e-12, 1.42747771069e-12], "mean": [0.00357269519009, 0.00289856991731, 0.00125288241543, 0.000701546028722, 0.000299882725812, 0.000240716341068, 0.000252558616921, 0.000152253473061, 0.000131398031954, 0.00010838185699, 8.93572141649e-05, 0.000120010692626, 8.44998357934e-05, 3.37699093507e-05, 3.76399220841e-05, 2.85278929368e-05, 2.05707146961e-05, 2.0633387976e-05, 2.37040130742e-05, 1.79343387572e-05, 1.50408486661e-05, 1.26309078041e-05, 1.27182292999e-05, 1.225953838e-05, 1.51744534378e-05, 2.21289665205e-05, 1.3908940673e-05, 1.14526010293e-05, 1.06151892396e-05, 7.82238112151e-06, 5.22307664141e-06, 4.75903243569e-06, 4.33202012573e-06, 2.520101134e-06, 1.70543933109e-06, 1.6865252519e-06, 1.39205712912e-06, 1.05651270133e-06, 7.87425221915e-07, 5.98579276812e-07]}, "spectral_entropy": {"min": 3.32027697563, "max": 9.82116031647, "dvar2": 0.113462120295, "median": 7.42896461487, "dmean2": 0.282704621553, "dmean": 0.200086891651, "var": 0.457517623901, "dvar": 0.0663486719131, "mean": 7.33522748947}, "spectral_rolloff": {"min": 64.599609375, "max": 19573.6816406, "dvar2": 1962416.75, "median": 818.26171875, "dmean2": 827.503356934, "dmean": 492.507019043, "var": 3968124.5, "dvar": 889526.3125, "mean": 1391.19470215}, "barkbands": {"min": [3.14737702509e-25, 3.04273728842e-24, 1.55672331922e-24, 1.13190939581e-24, 9.40073707838e-24, 7.41121015389e-24, 7.39743269818e-24, 5.25297704178e-24, 1.48924427572e-23, 1.51150766596e-23, 8.22378185134e-24, 3.23795531613e-23, 3.0553911301e-23, 3.77552489553e-23, 6.07559212185e-23, 6.01990232847e-23, 4.90837427827e-23, 9.28184848245e-23, 1.24621936022e-22, 1.92171805035e-22, 2.43467794631e-22, 2.94687157433e-22, 3.86468586779e-22, 5.20734984767e-22, 7.94535705516e-22, 1.42490029325e-21, 1.80570336936e-21], "max": [0.0214538387954, 0.240590393543, 0.168599814177, 0.0949909389019, 0.0858367457986, 0.0430147908628, 0.07389228791, 0.0344509482384, 0.0325514748693, 0.0364825800061, 0.025412119925, 0.0131987882778, 0.0167498458177, 0.0139467604458, 0.0132715478539, 0.00902249664068, 0.00599061977118, 0.0067770248279, 0.0163163840771, 0.00795502588153, 0.00774787040427, 0.00611124001443, 0.00583190936595, 0.00521578080952, 0.00244446471334, 0.000461547402665, 0.000122820565593], "dvar2": [3.66999574908e-06, 0.000646608881652, 0.000242053400143, 0.000131842141855, 8.43556845211e-05, 1.20537015391e-05, 1.54125937115e-05, 2.34946605815e-06, 3.02379112327e-06, 2.38484244619e-06, 2.53124471783e-06, 5.36491086223e-07, 8.01022792984e-07, 2.43976586489e-07, 4.0907579546e-07, 2.40379648631e-07, 2.32454766547e-07, 1.80247440085e-07, 4.25220264333e-07, 2.86167392005e-07, 3.36694597536e-07, 1.81155343171e-07, 1.27727275867e-07, 6.89983892244e-08, 2.04222967426e-08, 1.11543652093e-09, 1.20051496522e-10], "median": [9.90140761132e-05, 0.00370404496789, 0.00193149771076, 0.000571153359488, 0.000964591628872, 0.000385241117328, 0.000268333184067, 9.90280968836e-05, 0.000129607273266, 0.000133084962727, 7.08497391315e-05, 4.19047501055e-05, 6.80278899381e-05, 5.90212621319e-05, 7.74495420046e-05, 4.79856498714e-05, 6.06072353548e-05, 6.6852204327e-05, 0.000227723518037, 0.000142796547152, 0.000121191536891, 6.2421306211e-05, 2.49903259828e-05, 2.49626009463e-05, 1.50846653924e-05, 3.15136185236e-06, 6.87651322551e-08], "dmean2": [0.000700168078765, 0.0109218657017, 0.00600895425305, 0.00382722611539, 0.00332481041551, 0.00144316244405, 0.00128313852474, 0.000538265099749, 0.000665939121973, 0.000642428523861, 0.000534846854862, 0.000286057475023, 0.000310824398184, 0.000201631861273, 0.000276825099718, 0.000205704724067, 0.000211375067011, 0.000196063803742, 0.000348202040186, 0.000257032166701, 0.000242395908572, 0.000169772800291, 0.000108453081339, 7.82626157161e-05, 4.3885109335e-05, 1.3343140381e-05, 2.49943309427e-06], "dmean": [0.000482633593492, 0.00748988147825, 0.00360544444993, 0.00219473638572, 0.00194323505275, 0.000870159186888, 0.000791385886259, 0.000350346992491, 0.00043175945757, 0.00042186313658, 0.000337429170031, 0.00017852835299, 0.000193060128368, 0.000125062346342, 0.000173904496478, 0.000130707558128, 0.000133216191898, 0.000125362945255, 0.000226401447435, 0.000173607273609, 0.000167108912137, 0.000118899304653, 7.5053612818e-05, 5.55238111701e-05, 3.04819677694e-05, 9.30171518121e-06, 1.58315322096e-06], "var": [2.9725542845e-06, 0.0006031494122, 8.4938488726e-05, 3.97928743041e-05, 2.72445213341e-05, 6.21057597527e-06, 1.11969220598e-05, 1.93546247829e-06, 2.65920311904e-06, 3.20527192343e-06, 3.16795717481e-06, 6.88916713898e-07, 7.46545026686e-07, 2.28973448202e-07, 4.89765341172e-07, 2.92018143e-07, 2.04152243555e-07, 2.01414351864e-07, 5.80761593483e-07, 3.95691301946e-07, 3.39143866768e-07, 2.28083962384e-07, 9.56939274488e-08, 6.09477481817e-08, 1.58289239494e-08, 1.14538056817e-09, 4.74904109093e-11], "dvar": [1.81368170615e-06, 0.00031750233029, 9.04594926396e-05, 4.89896010549e-05, 2.97808892356e-05, 4.56456245956e-06, 6.27117287877e-06, 9.60976421993e-07, 1.19627611639e-06, 1.03325965028e-06, 1.01948444353e-06, 2.25930008924e-07, 3.18342841865e-07, 9.92692221757e-08, 1.65184729894e-07, 9.91263959804e-08, 9.316473637e-08, 7.24318027778e-08, 1.88701818615e-07, 1.34962675702e-07, 1.64687918414e-07, 1.02612034425e-07, 6.03072862759e-08, 3.3017478529e-08, 9.25420451381e-09, 5.47915379734e-10, 4.76797663851e-11], "mean": [0.00065565330442, 0.0118845459074, 0.0049252808094, 0.00229065306485, 0.00276343431324, 0.00121645035688, 0.00117089087144, 0.000580787309445, 0.000770497717895, 0.000818749074824, 0.000634515599813, 0.000296658487059, 0.000319172075251, 0.000205028132768, 0.000337950390531, 0.000224817165872, 0.000236558917095, 0.000252658937825, 0.000506487151142, 0.000369213114027, 0.000324558786815, 0.000226197138545, 0.000116843038995, 9.8810873169e-05, 5.32557896804e-05, 1.57650320034e-05, 1.69373254266e-06]}, "melbands_flatness_db": {"min": 0.00266863498837, "max": 0.773316323757, "dvar2": 0.00219229562208, "median": 0.216766506433, "dmean2": 0.0444128848612, "dmean": 0.0316031761467, "var": 0.00986376218498, "dvar": 0.00123187305871, "mean": 0.236288204789}, "melbands_skewness": {"min": -1.78131020069, "max": 17.307767868, "dvar2": 2.76604223251, "median": 2.90890598297, "dmean2": 1.4487657547, "dmean": 0.960925638676, "var": 4.63297080994, "dvar": 1.2336755991, "mean": 3.3485224247}, "barkbands_skewness": {"min": -2.37997698784, "max": 23.9984111786, "dvar2": 1.65779972076, "median": 1.66128861904, "dmean2": 1.04469192028, "dmean": 0.700248122215, "var": 3.0164513588, "dvar": 0.775119364262, "mean": 2.02868580818}, "silence_rate_60dB": {"min": 0, "max": 1, "dvar2": 0.0555482059717, "median": 0, "dmean2": 0.051250975579, "dmean": 0.0256232693791, "var": 0.125925481319, "dvar": 0.0249680355191, "mean": 0.147753834724}, "spectral_energyband_low": {"min": 1.64178047139e-23, "max": 0.2552973032, "dvar2": 0.000905644323211, "median": 0.00808493327349, "dmean2": 0.0147978868335, "dmean": 0.00998469628394, "var": 0.000959973724093, "dvar": 0.000426929647801, "mean": 0.0186504963785}, "spectral_energyband_middle_low": {"min": 1.10480348429e-22, "max": 0.160507917404, "dvar2": 0.000405141094234, "median": 0.00540286768228, "dmean2": 0.00825367774814, "dmean": 0.00500244926661, "var": 0.000169607636053, "dvar": 0.000152898661327, "mean": 0.0090356906876}, "melbands_kurtosis": {"min": -1.88371753693, "max": 736.161804199, "dvar2": 1317.51013184, "median": 11.607336998, "dmean2": 19.8094024658, "dmean": 12.8561000824, "var": 1338.32470703, "dvar": 580.955871582, "mean": 23.9315872192}, "spectral_decrease": {"min": -6.8862412661e-08, "max": 1.61576807501e-28, "dvar2": 7.50097967375e-17, "median": -4.94686247521e-09, "dmean2": 4.67587701891e-09, "dmean": 3.16112669374e-09, "var": 9.42358829232e-17, "dvar": 3.56094139951e-17, "mean": -7.87227971699e-09}, "erbbands_kurtosis": {"min": -1.90390646458, "max": 173.579193115, "dvar2": 37.2068023682, "median": -0.261307477951, "dmean2": 2.36068153381, "dmean": 1.54406905174, "var": 58.0131721497, "dvar": 19.5452384949, "mean": 1.52445960045}, "melbands_crest": {"min": 1.40312027931, "max": 35.0207633972, "dvar2": 27.2846050262, "median": 15.6164493561, "dmean2": 5.74825048447, "dmean": 3.59007024765, "var": 39.0242271423, "dvar": 11.2366924286, "mean": 16.3918933868}, "gfcc": {"cov": [[21334.6875, -2182.63134766, -792.049194336, 1351.23083496, -838.56048584, 1679.52575684, 32.5022773743, 1044.46276855, -189.23789978, 590.693786621, -444.526153564, 372.107116699, -441.864440918], [-2182.63134766, 1598.47875977, -15.9248657227, -164.312408447, 248.327850342, -498.993377686, 52.1648139954, -345.237579346, -7.87854099274, -213.469284058, 96.0714416504, -202.364181519, 147.450790405], [-792.049194336, -15.9248657227, 1292.92944336, 156.777420044, 43.7199630737, 99.9229125977, -48.0861968994, -36.0001525879, 40.0788269043, -37.5513076782, -20.8306102753, 41.6200408936, -69.0471954346], [1351.23083496, -164.312408447, 156.777420044, 551.118164062, 69.9959945679, 131.42427063, 47.0436706543, 77.91355896, 8.90654754639, 3.06136727333, 41.7295379639, -3.18876862526, 34.7097015381], [-838.56048584, 248.327850342, 43.7199630737, 69.9959945679, 409.777404785, -34.5748062134, 82.6913375854, -58.5994148254, -0.614677608013, -47.4596214294, 36.5228271484, -27.752866745, 43.7062530518], [1679.52575684, -498.993377686, 99.9229125977, 131.42427063, -34.5748062134, 483.634552002, 95.8581542969, 187.811981201, 15.7997894287, 112.173614502, -28.784910202, 63.1590309143, -43.7421684265], [32.5022773743, 52.1648139954, -48.0861968994, 47.0436706543, 82.6913375854, 95.8581542969, 265.410186768, 71.3373794556, 36.8873672485, 59.0241966248, 5.48708438873, -24.0845355988, 24.0223007202], [1044.46276855, -345.237579346, -36.0001525879, 77.91355896, -58.5994148254, 187.811981201, 71.3373794556, 271.761199951, 59.8898010254, 93.7918548584, -0.228182017803, 35.1595077515, -18.0208034515], [-189.23789978, -7.87854099274, 40.0788269043, 8.90654754639, -0.614677608013, 15.7997894287, 36.8873672485, 59.8898010254, 144.0756073, 50.2702331543, 22.4999408722, 12.8781003952, -7.55199050903], [590.693786621, -213.469284058, -37.5513076782, 3.06136727333, -47.4596214294, 112.173614502, 59.0241966248, 93.7918548584, 50.2702331543, 181.84803772, 26.3242511749, 21.9351902008, -33.413974762], [-444.526153564, 96.0714416504, -20.8306102753, 41.7295379639, 36.5228271484, -28.784910202, 5.48708438873, -0.228182017803, 22.4999408722, 26.3242511749, 179.198608398, 6.69218349457, 46.1991004944], [372.107116699, -202.364181519, 41.6200408936, -3.18876862526, -27.752866745, 63.1590309143, -24.0845355988, 35.1595077515, 12.8781003952, 21.9351902008, 6.69218349457, 142.117248535, -9.03133296967], [-441.864440918, 147.450790405, -69.0471954346, 34.7097015381, 43.7062530518, -43.7421684265, 24.0223007202, -18.0208034515, -7.55199050903, -33.413974762, 46.1991004944, -9.03133296967, 135.228713989]], "icov": [[0.00016764231259, -0.000290271826088, 0.000211587175727, -0.00052799488185, 0.000254832353676, -0.000439618597738, 0.000286159280222, -0.000408681953559, 0.000467747740913, -0.000423404882895, 0.000479815731524, -0.000499049841892, 0.000502231065184], [-0.000290271826088, 0.00218083220534, -0.000501393922605, 0.0013192523038, -0.000750068051275, 0.00160589267034, -0.00134466495365, 0.00183848012239, -0.00145922775846, 0.00171879422851, -0.00153052108362, 0.00233286712319, -0.00165339827072], [0.000211587175727, -0.000501393922605, 0.00118783407379, -0.000976476701908, 0.00026274076663, -0.00091448269086, 0.000592887401581, -0.00021851893689, 0.000155910922331, -0.000261690962361, 0.00067791598849, -0.000953036011197, 0.00122884660959], [-0.00052799488185, 0.0013192523038, -0.000976476701908, 0.00398419471458, -0.00118841044605, 0.00102820945904, -0.0010895828018, 0.000958900549449, -0.00149435794447, 0.00192895589862, -0.0021928246133, 0.00231704209, -0.00234985142015], [0.000254832353676, -0.000750068051275, 0.00026274076663, -0.00118841044605, 0.0034894333221, -0.000818908272777, -0.000653193506878, -5.8769062889e-05, 0.000649988360237, 4.15743270423e-05, 0.000287163886242, -0.000924546620809, 0.000691960391123], [-0.000439618597738, 0.00160589267034, -0.00091448269086, 0.00102820945904, -0.000818908272777, 0.00521662132815, -0.00200324039906, -0.000165260484209, -0.000402736855904, 0.000333862320986, -0.000958182674367, 0.000906554807443, -0.00118452985771], [0.000286159280222, -0.00134466495365, 0.000592887401581, -0.0010895828018, -0.000653193506878, -0.00200324039906, 0.00623665610328, -0.0019311949145, 0.000298032333376, -0.00264686415903, 0.00175144535024, -0.000270164862741, -7.22686527297e-05], [-0.000408681953559, 0.00183848012239, -0.00021851893689, 0.000958900549449, -5.8769062889e-05, -0.000165260484209, -0.0019311949145, 0.00812265835702, -0.00352663290687, 0.000610408955254, -0.00145326368511, 0.00168154214043, -0.0017440172378], [0.000467747740913, -0.00145922775846, 0.000155910922331, -0.00149435794447, 0.000649988360237, -0.000402736855904, 0.000298032333376, -0.00352663290687, 0.0103196240962, -0.00334489927627, 0.000869162089657, -0.00248510856181, 0.00200631190091], [-0.000423404882895, 0.00171879422851, -0.000261690962361, 0.00192895589862, 4.15743270423e-05, 0.000333862320986, -0.00264686415903, 0.000610408955254, -0.00334489927627, 0.010485467501, -0.0036503514275, 0.00182659726124, 0.000532897538505], [0.000479815731524, -0.00153052108362, 0.00067791598849, -0.0021928246133, 0.000287163886242, -0.000958182674367, 0.00175144535024, -0.00145326368511, 0.000869162089657, -0.0036503514275, 0.00862148031592, -0.00251274881884, -0.000728565675672], [-0.000499049841892, 0.00233286712319, -0.000953036011197, 0.00231704209, -0.000924546620809, 0.000906554807443, -0.000270164862741, 0.00168154214043, -0.00248510856181, 0.00182659726124, -0.00251274881884, 0.0108537897468, -0.0024957023561], [0.000502231065184, -0.00165339827072, 0.00122884660959, -0.00234985142015, 0.000691960391123, -0.00118452985771, -7.22686527297e-05, -0.0017440172378, 0.00200631190091, 0.000532897538505, -0.000728565675672, -0.0024957023561, 0.0115689337254]], "mean": [-45.9756507874, 101.458786011, -110.387451172, 51.3855018616, -55.5153465271, 10.1427230835, -26.2097930908, 9.82807159424, -24.6002140045, 3.12602782249, -10.6168775558, -5.82869386673, -5.14731264114]}, "melbands_spread": {"min": 0.131441086531, "max": 219.918365479, "dvar2": 260.206634521, "median": 17.5199680328, "dmean2": 10.5331716537, "dmean": 6.9219455719, "var": 430.796142578, "dvar": 122.121612549, "mean": 22.0518398285}, "spectral_energy": {"min": 1.01909847001e-20, "max": 0.26268184185, "dvar2": 0.00109753699508, "median": 0.0200296826661, "dmean2": 0.0179853662848, "dmean": 0.0122003555298, "var": 0.00142693216912, "dvar": 0.000525243696757, "mean": 0.031297236681}, "mfcc": {"cov": [[12641.6298828, -1817.06958008, -199.060012817, 171.29598999, -199.267745972, 628.108520508, 348.894226074, 606.311523438, 504.603546143, 335.971405029, 419.142913818, 232.642486572, 191.019210815], [-1817.06958008, 1315.07763672, -74.5839767456, 40.9627914429, 22.3480548859, -93.9607620239, -13.2357711792, -148.82321167, -78.7768783569, -55.1045532227, -89.3978881836, -81.4396820068, -64.7376556396], [-199.060012817, -74.5839767456, 1111.04907227, 99.2327651978, 136.019439697, 103.261749268, -64.113609314, 66.0690231323, -55.1825942993, -3.68132519722, 25.3974266052, -14.6554555893, -27.0755786896], [171.29598999, 40.9627914429, 99.2327651978, 435.645507812, 119.346992493, 30.7012424469, 80.0139312744, 12.6222038269, 20.332654953, -12.2664718628, -30.9896259308, 30.3216781616, 1.63924956322], [-199.267745972, 22.3480548859, 136.019439697, 119.346992493, 316.133087158, 33.2228355408, 40.3625907898, 33.6528701782, -32.4214057922, -40.741809845, -57.5763626099, 29.7690181732, 6.52589654922], [628.108520508, -93.9607620239, 103.261749268, 30.7012424469, 33.2228355408, 256.012695312, 84.5425109863, 57.7162437439, 50.7121505737, 27.5135726929, 43.0987739563, 14.7459087372, 23.0721473694], [348.894226074, -13.2357711792, -64.113609314, 80.0139312744, 40.3625907898, 84.5425109863, 244.58253479, 39.6501693726, 44.6538543701, 64.0371780396, 1.60095655918, 28.0842876434, 15.9018497467], [606.311523438, -148.82321167, 66.0690231323, 12.6222038269, 33.6528701782, 57.7162437439, 39.6501693726, 181.23348999, 73.8441925049, 13.7433223724, 32.2285614014, 18.7785835266, 19.8190097809], [504.603546143, -78.7768783569, -55.1825942993, 20.332654953, -32.4214057922, 50.7121505737, 44.6538543701, 73.8441925049, 176.28187561, 75.5289154053, 50.7845840454, -5.70733499527, 4.6603307724], [335.971405029, -55.1045532227, -3.68132519722, -12.2664718628, -40.741809845, 27.5135726929, 64.0371780396, 13.7433223724, 75.5289154053, 191.976654053, 75.1949615479, 6.37431001663, -1.14486169815], [419.142913818, -89.3978881836, 25.3974266052, -30.9896259308, -57.5763626099, 43.0987739563, 1.60095655918, 32.2285614014, 50.7845840454, 75.1949615479, 183.301239014, 42.2735710144, 17.7024364471], [232.642486572, -81.4396820068, -14.6554555893, 30.3216781616, 29.7690181732, 14.7459087372, 28.0842876434, 18.7785835266, -5.70733499527, 6.37431001663, 42.2735710144, 142.227478027, 53.2637634277], [191.019210815, -64.7376556396, -27.0755786896, 1.63924956322, 6.52589654922, 23.0721473694, 15.9018497467, 19.8190097809, 4.6603307724, -1.14486169815, 17.7024364471, 53.2637634277, 115.233757019]], "icov": [[0.000131673776195, 0.000126561557408, 5.87545437156e-05, -8.44783426146e-05, 0.000107932544779, -0.000209444580832, -5.03212777403e-06, -0.000257359584793, -5.13100021635e-05, -7.4215218774e-05, -7.4405776104e-05, -5.67243769183e-05, -1.23951722344e-05], [0.000126561557408, 0.0010181524558, 8.63898167154e-05, -0.000162411408382, -1.37820352393e-05, -1.90939190361e-05, -0.000180567265488, 0.000382073834771, 1.39874146043e-06, 9.82204583124e-05, -3.63412909792e-05, 0.000342296116287, 0.000196897090063], [5.87545437156e-05, 8.63898167154e-05, 0.00119092979003, -0.000355099851731, -0.000344258500263, -0.000676151190419, 0.000672987604048, -0.000713532732334, 0.000817796564661, -0.000445420359029, -0.000284245616058, 0.000281352433376, 0.000296857993817], [-8.44783426146e-05, -0.000162411408382, -0.000355099851731, 0.0029224511236, -0.000882475345861, 0.000292769895168, -0.00092299003154, 0.000666312291287, -0.000939198827837, 0.000565314723644, 0.000351387017872, -0.000607567722909, 0.000198366557015], [0.000107932544779, -1.37820352393e-05, -0.000344258500263, -0.000882475345861, 0.00438487622887, -0.000537036685273, -0.000379101926228, -0.00119668827392, 0.000736051413696, 0.000196098786546, 0.00131432700437, -0.0010803429177, 0.000131972934469], [-0.000209444580832, -1.90939190361e-05, -0.000676151190419, 0.000292769895168, -0.000537036685273, 0.00562294060364, -0.00191111094318, 0.000180396920769, -0.00098581740167, 0.000837541068904, -0.00102741701994, 0.000594758836087, -0.000758173933718], [-5.03212777403e-06, -0.000180567265488, 0.000672987604048, -0.00092299003154, -0.000379101926228, -0.00191111094318, 0.00613875081763, -0.00102982518729, 0.000259315391304, -0.00243752053939, 0.00126387772616, -0.000880075793248, -9.80945242191e-06], [-0.000257359584793, 0.000382073834771, -0.000713532732334, 0.000666312291287, -0.00119668827392, 0.000180396920769, -0.00102982518729, 0.00883410032839, -0.00365160824731, 0.00167968717869, -0.000564558140468, -0.000151209198521, -0.000560489541385], [-5.13100021635e-05, 1.39874146043e-06, 0.000817796564661, -0.000939198827837, 0.000736051413696, -0.00098581740167, 0.000259315391304, -0.00365160824731, 0.00964046921581, -0.00299268681556, -0.000845873146318, 0.00149952957872, 5.65136469959e-05], [-7.4215218774e-05, 9.82204583124e-05, -0.000445420359029, 0.000565314723644, 0.000196098786546, 0.000837541068904, -0.00243752053939, 0.00167968717869, -0.00299268681556, 0.00823326129466, -0.00269170361571, 0.000299511535559, 0.000412080669776], [-7.4405776104e-05, -3.63412909792e-05, -0.000284245616058, 0.000351387017872, 0.00131432700437, -0.00102741701994, 0.00126387772616, -0.000564558140468, -0.000845873146318, -0.00269170361571, 0.00842444598675, -0.00279861479066, 9.19751619222e-05], [-5.67243769183e-05, 0.000342296116287, 0.000281352433376, -0.000607567722909, -0.0010803429177, 0.000594758836087, -0.000880075793248, -0.000151209198521, 0.00149952957872, 0.000299511535559, -0.00279861479066, 0.0101667763665, -0.0038764316123], [-1.23951722344e-05, 0.000196897090063, 0.000296857993817, 0.000198366557015, 0.000131972934469, -0.000758173933718, -9.80945242191e-06, -0.000560489541385, 5.65136469959e-05, 0.000412080669776, 9.19751619222e-05, -0.0038764316123, 0.0108976410702]], "mean": [-681.577331543, 117.192459106, 9.58421993256, 41.2192993164, 1.70068109035, 5.43175077438, 9.52208709717, 1.09448730946, 0.908618748188, 6.29523897171, -1.44114780426, -2.21202015877, -0.119778670371]}, "spectral_contrast_valleys": {"min": [-28.2465572357, -27.968252182, -27.8858222961, -27.766456604, -27.5633010864, -27.389755249], "max": [-4.91821622849, -4.46866130829, -5.2395195961, -5.75044822693, -5.4746632576, -7.42110872269], "dvar2": [0.309247434139, 0.36142411828, 0.339243412018, 0.312414586544, 0.252064138651, 0.335262745619], "median": [-6.91843271255, -7.19219636917, -7.99557113647, -8.45095062256, -7.89269208908, -10.4661331177], "dmean2": [0.631149172783, 0.647444427013, 0.593928873539, 0.533248722553, 0.462928831577, 0.497625380754], "dmean": [0.39648103714, 0.419306397438, 0.392888873816, 0.361796379089, 0.342682480812, 0.394227415323], "var": [4.53036594391, 3.84219741821, 3.74725222588, 3.76241755486, 4.18150138855, 4.44885826111], "dvar": [0.139882773161, 0.174173682928, 0.17099930346, 0.17185421288, 0.155191913247, 0.22351564467], "mean": [-7.38784790039, -7.43935632706, -8.26445484161, -8.68130207062, -8.17761135101, -10.8807764053]}, "barkbands_flatness_db": {"min": 0.019225101918, "max": 0.633421361446, "dvar2": 0.00151739758439, "median": 0.147770240903, "dmean2": 0.0368164777756, "dmean": 0.0257916674018, "var": 0.00662027532235, "dvar": 0.000834293721709, "mean": 0.166786283255}, "dynamic_complexity": 4.16117954254, "erbbands_flatness_db": {"min": 0.0552976280451, "max": 0.536482989788, "dvar2": 0.000751991057768, "median": 0.155284956098, "dmean2": 0.0259568467736, "dmean": 0.018309019506, "var": 0.0033000952098