{"lowlevel": {"spectral_complexity": {"min": 0, "max": 61, "dvar2": 41.9050064087, "median": 24, "dmean2": 6.78037786484, "dmean": 4.49967813492, "var": 91.2817001343, "dvar": 20.7284660339, "mean": 24.2622318268}, "silence_rate_20dB": {"min": 1, "max": 1, "dvar2": 0, "median": 1, "dmean2": 0, "dmean": 0, "var": 0, "dvar": 0, "mean": 1}, "average_loudness": 0.975999474525, "erbbands_spread": {"min": 3.02786970139, "max": 154.537002563, "dvar2": 176.409469604, "median": 61.5654296875, "dmean2": 14.5239067078, "dmean": 9.7356967926, "var": 463.327301025, "dvar": 82.9031448364, "mean": 60.8505821228}, "spectral_kurtosis": {"min": -0.667167186737, "max": 51.6125030518, "dvar2": 1.85875511169, "median": 2.41587018967, "dmean2": 0.902523756027, "dmean": 0.590250015259, "var": 4.45596408844, "dvar": 0.925432145596, "mean": 2.75173592567}, "barkbands_kurtosis": {"min": -1.88158524036, "max": 197.264984131, "dvar2": 120.186248779, "median": 2.9011759758, "dmean2": 5.54546976089, "dmean": 3.3718392849, "var": 62.1496582031, "dvar": 44.7133827209, "mean": 4.70354938507}, "spectral_strongpeak": {"min": 0, "max": 8.94962406158, "dvar2": 1.64553761482, "median": 0.3567456007, "dmean2": 0.732921004295, "dmean": 0.42600736022, "var": 0.96634799242, "dvar": 0.634633898735, "mean": 0.672176480293}, "spectral_spread": {"min": 1515737.875, "max": 20809110, "dvar2": 476144533504, "median": 6063039, "dmean2": 676528.5, "dmean": 493695.875, "var": 1812476723200.0, "dvar": 299809177600, "mean": 6192720.5}, "spectral_rms": {"min": 3.45612849451e-09, "max": 0.0127690872177, "dvar2": 3.59164937436e-06, "median": 0.00585563480854, "dmean2": 0.001828414388, "dmean": 0.00113287346903, "var": 3.27111001752e-06, "dvar": 1.45758758663e-06, "mean": 0.00598219642416}, "erbbands": {"min": [7.44278635034e-14, 4.01045597556e-13, 1.28568455795e-12, 2.88079824752e-12, 5.1524609232e-12, 7.6846454547e-12, 9.68393767953e-12, 1.01869380986e-11, 8.55292659613e-12, 5.20475806551e-12, 2.13314717452e-12, 2.24386459934e-12, 6.87551925116e-12, 1.28044857703e-11, 1.33375593556e-11, 6.85048155355e-12, 3.17291093573e-12, 9.14777194966e-12, 1.09157153802e-11, 3.79176030851e-12, 7.5427624216e-12, 7.05737074683e-12, 4.51623590955e-12, 5.8690439661e-12, 3.60286713658e-12, 2.56680896156e-12, 3.42875294129e-12, 3.98622931538e-12, 2.48962113945e-12, 1.07014126293e-12, 1.45493578123e-12, 1.95435876683e-12, 1.34907785897e-12, 7.83115217638e-13, 2.86988206637e-13, 4.13805681344e-13, 1.28573624729e-13, 4.09928879307e-14, 1.60861331444e-14, 1.90925588531e-15], "max": [4.27712678909, 36.0506515503, 54.9343452454, 73.8594436646, 275.816558838, 134.263931274, 153.129684448, 290.064331055, 831.227233887, 1794.10412598, 1845.01745605, 1236.68725586, 2195.15966797, 1788.33483887, 1564.43688965, 573.239318848, 704.758239746, 1222.609375, 1039.58666992, 722.838867188, 656.969909668, 324.543426514, 208.160140991, 263.24331665, 225.85887146, 254.918884277, 352.657073975, 158.574645996, 120.451255798, 127.354423523, 216.087814331, 230.45022583, 106.978874207, 93.8330841064, 37.0615463257, 7.79700374603, 2.16783642769, 0.714145243168, 0.113404251635, 0.00552814500406], "dvar2": [1.03775286674, 38.6007347107, 58.6970252991, 134.024032593, 1497.36010742, 518.573913574, 266.790008545, 784.588317871, 3003.9284668, 14921.7294922, 5730.30517578, 1945.18164062, 11544.0185547, 3636.10009766, 7413.17382812, 714.821533203, 3460.3918457, 6497.53417969, 4755.77636719, 1662.75720215, 1643.66503906, 558.6796875, 296.460754395, 505.426208496, 392.128204346, 435.637542725, 416.780853271, 135.484298706, 69.4407501221, 70.2212982178, 115.958992004, 73.9393997192, 27.7613773346, 18.4793281555, 3.8052585125, 0.246347278357, 0.05061712116, 0.00973319355398, 0.00034300723928, 7.62419801958e-07], "median": [0.264406681061, 1.64831519127, 3.40838479996, 6.90481185913, 8.0494594574, 9.7084312439, 7.40678501129, 5.78694486618, 13.8950004578, 10.4664344788, 9.98029327393, 11.1404180527, 6.47533607483, 6.41461467743, 7.41395759583, 5.90293598175, 6.72078466415, 7.02021026611, 12.3195991516, 16.831363678, 21.9612236023, 13.6817760468, 11.3273220062, 17.089635849, 18.0576286316, 10.6153087616, 15.1509819031, 11.3293113708, 8.61779022217, 7.17926120758, 7.17989063263, 5.10216522217, 3.41538357735, 2.26857423782, 0.831297338009, 0.278713345528, 0.126965612173, 0.03819039464, 0.00582947023213, 0.000324141699821], "dmean2": [0.680395364761, 3.70235013962, 4.90054559708, 9.364985466, 18.1785259247, 15.0334005356, 11.9884090424, 12.9201993942, 30.3887825012, 46.7549858093, 30.6440467834, 21.5344829559, 32.8123893738, 18.96849823, 24.8802204132, 12.5000591278, 20.4084644318, 24.3967895508, 26.3635063171, 24.1973285675, 26.1079311371, 15.1592073441, 11.7938499451, 16.6791629791, 15.9927377701, 13.4486980438, 13.8254709244, 8.84026432037, 6.33234786987, 5.42699337006, 5.66001844406, 4.30496931076, 2.6280298233, 1.79612565041, 0.737392365932, 0.292422950268, 0.150192290545, 0.0602332539856, 0.0112623050809, 0.00052766688168], "dmean": [0.386615931988, 2.17745780945, 2.96980500221, 5.55796289444, 10.2970476151, 8.91156578064, 7.29746770859, 7.45833492279, 18.6008930206, 29.488489151, 19.2261695862, 13.6917266846, 21.0523071289, 12.180273056, 15.9757995605, 7.92528247833, 12.6469020844, 15.6234540939, 16.8665561676, 15.3801145554, 16.336435318, 9.60723972321, 7.36433696747, 10.3817605972, 10.0927495956, 8.55226516724, 8.76487064362, 5.79974889755, 4.27052259445, 3.65649938583, 3.77067661285, 2.98226928711, 1.80789339542, 1.25245451927, 0.529677152634, 0.209588646889, 0.103450223804, 0.0406642518938, 0.00751689635217, 0.000355756521458], "var": [0.323333859444, 13.1345653534, 23.9120807648, 80.1684417725, 415.5965271, 204.491439819, 182.290344238, 234.385681152, 2682.625, 14014.7666016, 4780.484375, 1603.70349121, 8615.4375, 2805.31640625, 6594.38623047, 847.24407959, 2537.77050781, 5570.29443359, 3286.74316406, 1701.2947998, 1482.28686523, 659.187255859, 318.763153076, 583.270507812, 482.97479248, 579.995422363, 543.858764648, 208.503921509, 120.8489151, 84.0568466187, 109.210090637, 77.9828872681, 31.2243232727, 16.8290691376, 3.65889430046, 0.374722421169, 0.07115650177, 0.0133599713445, 0.000482917297632, 1.06136769773e-06], "dvar": [0.350919038057, 13.9399261475, 22.4937019348, 49.7884254456, 524.43182373, 193.542297363, 105.906471252, 280.8543396, 1229.07727051, 6633.93408203, 2562.02905273, 891.679992676, 5088.76708984, 1672.78833008, 3166.08764648, 305.912200928, 1351.72387695, 2708.07250977, 1962.09484863, 687.298156738, 647.201843262, 223.399505615, 121.209945679, 216.366592407, 169.485839844, 196.380935669, 193.839355469, 65.2574157715, 32.9879760742, 32.1318321228, 51.7072296143, 37.7057952881, 15.0901231766, 8.936460495, 1.85074901581, 0.12876085937, 0.0247286222875, 0.00436561601236, 0.000155231304234, 3.4625801959e-07], "mean": [0.460769861937, 2.89064145088, 4.76362037659, 9.5538110733, 13.4306812286, 13.5370607376, 11.5313253403, 10.2554636002, 27.2659511566, 42.9168319702, 27.7973937988, 22.0291309357, 30.7157497406, 19.7831192017, 25.3716392517, 14.2489452362, 19.7441654205, 24.523273468, 27.0615310669, 29.1311702728, 32.9268798828, 21.4180850983, 16.415802002, 23.442697525, 23.8047142029, 18.7959861755, 21.1368217468, 15.4398450851, 11.5893201828, 9.59922122955, 9.66189956665, 7.42748212814, 4.75772047043, 3.14263796806, 1.27864646912, 0.514401435852, 0.236570984125, 0.0941726714373, 0.0174330957234, 0.000851911550853]}, "zerocrossingrate": {"min": 0.0029296875, "max": 0.48876953125, "dvar2": 0.000221459529712, "median": 0.07373046875, "dmean2": 0.0158646330237, "dmean": 0.0125904036686, "var": 0.00103256420698, "dvar": 0.000162502896274, "mean": 0.0766833126545}, "spectral_contrast_coeffs": {"min": [-0.996719062328, -0.981034517288, -0.950934112072, -0.966687142849, -0.97727894783, -0.949882626534], "max": [-0.218947470188, -0.37361484766, -0.491879999638, -0.571772933006, -0.657921910286, -0.646185278893], "dvar2": [0.00507443444803, 0.00390468817204, 0.00231417478062, 0.00147035636473, 0.000666616891976, 0.000386084575439], "median": [-0.678761959076, -0.743712186813, -0.797559142113, -0.785121679306, -0.797248542309, -0.764360547066], "dmean2": [0.0835669115186, 0.0780766159296, 0.0619679279625, 0.048956874758, 0.0337641388178, 0.0239420775324], "dmean": [0.0504923127592, 0.0476852357388, 0.0378030799329, 0.0303243007511, 0.0205656215549, 0.0149764996022], "var": [0.00574331264943, 0.00491440389305, 0.00331448740326, 0.00202649761923, 0.00108674063813, 0.000819525739644], "dvar": [0.00189699837938, 0.00150486978237, 0.000918898265809, 0.000569208641537, 0.000261226814473, 0.000168875718373], "mean": [-0.672360539436, -0.735489010811, -0.788611471653, -0.780228197575, -0.795338749886, -0.765943229198]}, "dissonance": {"min": 0.205714762211, "max": 0.500000059605, "dvar2": 0.000381997873774, "median": 0.479300588369, "dmean2": 0.0218261722475, "dmean": 0.0129332644865, "var": 0.000298364087939, "dvar": 0.000155180314323, "mean": 0.475581645966}, "spectral_energyband_high": {"min": 5.49379110963e-16, "max": 0.0227362755686, "dvar2": 1.43821353049e-06, "median": 0.00167351868004, "dmean2": 0.000757851696108, "dmean": 0.00057089451002, "var": 2.80716403722e-06, "dvar": 7.91205991391e-07, "mean": 0.00209211162291}, "spectral_skewness": {"min": -0.187885701656, "max": 5.70440626144, "dvar2": 0.0346647799015, "median": 1.24710142612, "dmean2": 0.174371615052, "dmean": 0.115500994027, "var": 0.127599656582, "dvar": 0.0184794068336, "mean": 1.28948175907}, "spectral_flux": {"min": 9.87138537312e-06, "max": 0.334831655025, "dvar2": 0.00222858902998, "median": 0.095353230834, "dmean2": 0.0474254898727, "dmean": 0.0315132066607, "var": 0.00286138569936, "dvar": 0.00119215378072, "mean": 0.106893450022}, "silence_rate_30dB": {"min": 0, "max": 1, "dvar2": 0.01915660128, "median": 1, "dmean2": 0.0128810647875, "dmean": 0.00643914984539, "var": 0.00320863723755, "dvar": 0.00639801099896, "mean": 0.996781110764}, "spectral_energyband_middle_high": {"min": 1.69478830773e-15, "max": 0.0653810352087, "dvar2": 1.45814083226e-05, "median": 0.00312438234687, "dmean2": 0.00239743012935, "dmean": 0.00163455191068, "var": 3.15202742058e-05, "dvar": 6.82951349518e-06, "mean": 0.00501420535147}, "barkbands_spread": {"min": 0.459533214569, "max": 110.323677063, "dvar2": 155.884384155, "median": 28.8882904053, "dmean2": 12.4909734726, "dmean": 7.77429246902, "var": 191.533935547, "dvar": 63.379535675, "mean": 30.794128418}, "spectral_centroid": {"min": 150.122024536, "max": 5677.02441406, "dvar2": 160064.859375, "median": 1539.35839844, "dmean2": 431.59085083, "dmean": 284.747528076, "var": 282330, "dvar": 74997.0234375, "mean": 1581.18884277}, "pitch_salience": {"min": 0.0534388236701, "max": 0.948353767395, "dvar2": 0.0204475596547, "median": 0.565432071686, "dmean2": 0.149994581938, "dmean": 0.0895601511002, "var": 0.0143499886617, "dvar": 0.00743484171107, "mean": 0.545893073082}, "erbbands_skewness": {"min": -4.90991687775, "max": 3.87331748009, "dvar2": 0.23083755374, "median": -0.0294788405299, "dmean2": 0.485696345568, "dmean": 0.319952040911, "var": 0.447450578213, "dvar": 0.105588212609, "mean": 0.0285900756717}, "erbbands_crest": {"min": 2.17725086212, "max": 30.1030082703, "dvar2": 14.0598554611, "median": 5.55829143524, "dmean2": 3.65324616432, "dmean": 2.22581386566, "var": 16.8287220001, "dvar": 5.7871556282, "mean": 6.89764928818}, "melbands": {"min": [6.7299811684e-16, 6.34432177356e-16, 5.62867687131e-16, 4.66461891086e-16, 3.47510539674e-16, 2.30409584675e-16, 1.24857315106e-16, 4.95245308096e-17, 1.45135852964e-17, 1.51843725249e-17, 3.5186403756e-17, 5.11873987601e-17, 4.74762000023e-17, 2.68113009699e-17, 8.48644212369e-18, 7.89046180107e-18, 1.837758582e-17, 1.94767715421e-17, 8.13856139092e-18, 3.76693005155e-18, 1.0288266491e-17, 8.79452140694e-18, 2.49720202102e-18, 5.86584584839e-18, 4.81699985683e-18, 1.64773147589e-18, 3.39573688757e-18, 1.17538746129e-18, 2.5673494185e-18, 1.36738373288e-18, 2.60549567963e-18, 1.2228270966e-18, 1.1157701764e-18, 4.30143224309e-19, 7.94594711201e-19, 1.07906589787e-18, 1.1721016931e-18, 9.97094263719e-19, 8.31703274251e-19, 5.93040522725e-19], "max": [0.033267326653, 0.0322784483433, 0.0164996683598, 0.017186248675, 0.0056778639555, 0.00563040282577, 0.0123816682026, 0.0207731351256, 0.0145146762952, 0.00695245247334, 0.0107130566612, 0.00810118857771, 0.00488117989153, 0.00179697922431, 0.00169301545247, 0.000942761485931, 0.00275455391966, 0.00180338148493, 0.000781975977588, 0.00153090280946, 0.000902068510186, 0.000398758100346, 0.000424611673225, 0.000219852954615, 0.000275774480542, 0.000211773207411, 0.000246274488745, 0.000212927072425, 0.000334352371283, 0.000256542611169, 0.000103017890069, 8.41331493575e-05, 5.49712058273e-05, 8.38122796267e-05, 0.000117583986139, 0.000150368083268, 0.000139600830153, 7.55074943299e-05, 0.000101753481431, 7.43689379306e-05], "dvar2": [7.81702328823e-05, 1.71555911948e-05, 7.00326972947e-06, 6.11662471783e-06, 3.12241638767e-07, 3.85064282682e-07, 7.13050269496e-07, 1.90321884475e-06, 2.99270936921e-07, 7.69691936853e-08, 2.83199227624e-07, 7.20033668244e-08, 8.44557135338e-08, 1.07179563003e-08, 1.77351591191e-08, 7.33974658829e-09, 3.20640651807e-08, 1.15768834519e-08, 5.05527264494e-09, 5.51452616904e-09, 2.69685096477e-09, 9.25013510233e-10, 7.3632344666e-10, 2.23907711816e-10, 4.87782259029e-10, 2.53794540939e-10, 2.92990937067e-10, 2.52605408813e-10, 2.44686965134e-10, 1.22001575509e-10, 5.24227085352e-11, 3.082401695e-11, 1.92776784119e-11, 3.26658353145e-11, 4.83899587067e-11, 4.28036807387e-11, 2.95432463215e-11, 1.5266392317e-11, 1.83824622191e-11, 1.57499013831e-11], "median": [0.0024188850075, 0.00208300794475, 0.00130077102222, 0.000702402088791, 0.000292171200272, 0.000134658504976, 0.000205815915251, 0.000112385547254, 8.15906532807e-05, 6.18679187028e-05, 2.91920659947e-05, 2.47617936111e-05, 2.62222783931e-05, 1.5368221284e-05, 1.48165781866e-05, 1.21925741041e-05, 1.27359608086e-05, 1.83208321687e-05, 1.80046154128e-05, 2.68905132543e-05, 2.34779763559e-05, 1.39229032357e-05, 1.11140207082e-05, 8.41514702188e-06, 1.38326031447e-05, 1.41918199006e-05, 9.52134178078e-06, 6.15627050138e-06, 8.51448567118e-06, 8.59849023982e-06, 5.95918572799e-06, 4.84912334286e-06, 3.83922088076e-06, 3.93338632421e-06, 4.14686064687e-06, 3.56687451131e-06, 2.92458935292e-06, 2.33898026636e-06, 2.33549098994e-06, 1.71643046087e-06], "dmean2": [0.00562862725928, 0.00283849146217, 0.00183823914267, 0.00125462794676, 0.000436326110503, 0.000300608779071, 0.00046166262473, 0.000536682782695, 0.000214660773054, 0.000134294459713, 0.000164930796018, 8.01561545813e-05, 8.78985883901e-05, 4.23427227361e-05, 4.85158961965e-05, 3.43640422216e-05, 5.20844951097e-05, 4.17513801949e-05, 3.59682926501e-05, 4.18707713834e-05, 3.14651879307e-05, 1.86718716577e-05, 1.53864366439e-05, 1.01001151052e-05, 1.57367067004e-05, 1.3080770259e-05, 1.15036391435e-05, 9.73815440375e-06, 9.24274991121e-06, 8.4875837274e-06, 5.36086236025e-06, 4.22338507633e-06, 3.33376442541e-06, 3.51118001163e-06, 3.77948344976e-06, 3.46454567079e-06, 2.77507911051e-06, 2.07686957765e-06, 1.94314065993e-06, 1.60275396865e-06], "dmean": [0.0032112414483, 0.00172077666502, 0.00107616314199, 0.000718190218322, 0.00026647222694, 0.000173991371412, 0.000283712288365, 0.000339327205438, 0.000134376547066, 8.56485348777e-05, 0.000105637023808, 5.13823797519e-05, 5.63849716855e-05, 2.65189028141e-05, 2.99804196402e-05, 2.11162368942e-05, 3.30129223585e-05, 2.65346279775e-05, 2.26161719183e-05, 2.60209944827e-05, 1.95469074242e-05, 1.16008322948e-05, 9.55809537118e-06, 6.30119802736e-06, 9.70151177171e-06, 8.08560344012e-06, 7.28666555005e-06, 6.07377296546e-06, 5.8407731558e-06, 5.31839123141e-06, 3.489637038e-06, 2.78553693533e-06, 2.21759069063e-06, 2.28568410421e-06, 2.44264879257e-06, 2.29062675317e-06, 1.87073635516e-06, 1.39038627367e-06, 1.31666240577e-06, 1.08896233542e-06], "var": [2.41036523221e-05, 8.81841697264e-06, 2.99636599266e-06, 1.74396325292e-06, 2.24007067118e-07, 1.21221646054e-07, 6.31385489669e-07, 1.91428875951e-06, 2.5241533308e-07, 6.52701430681e-08, 2.12889318618e-07, 5.26039727333e-08, 7.46233439486e-08, 1.09475992716e-08, 1.3784470454e-08, 6.31307939258e-09, 2.63924864186e-08, 7.89231258125e-09, 4.1897321168e-09, 5.04624653175e-09, 2.19009854696e-09, 8.68216498695e-10, 5.82544013028e-10, 2.01636915498e-10, 5.08970532387e-10, 2.50116150013e-10, 3.19432702511e-10, 2.82924711437e-10, 2.5920790514e-10, 1.69240677028e-10, 7.28058863197e-11, 4.93062778106e-11, 2.4374611704e-11, 3.13190515189e-11, 4.13417668155e-11, 3.50378580316e-11, 2.97188558485e-11, 1.51546934724e-11, 1.55619805237e-11, 1.2478588475e-11], "dvar": [2.68546427833e-05, 7.22618688087e-06, 2.53917119153e-06, 2.1734206257e-06, 1.25676564267e-07, 1.38038970476e-07, 2.91841104172e-07, 8.66785285325e-07, 1.35169827331e-07, 3.5145784949e-08, 1.25031959897e-07, 3.33425802523e-08, 3.61051810671e-08, 4.6975587864e-09, 7.0766503768e-09, 2.98416136246e-09, 1.32939739217e-08, 4.76478145828e-09, 2.22876361811e-09, 2.23959006895e-09, 1.04403796719e-09, 3.57072871271e-10, 2.84001044903e-10, 8.83879081037e-11, 2.07384220907e-10, 1.02296671134e-10, 1.29135840909e-10, 1.10681297461e-10, 1.08903573659e-10, 5.89526483186e-11, 2.39418693204e-11, 1.40100422583e-11, 9.05012176311e-12, 1.38724847581e-11, 2.07562335375e-11, 1.89296512493e-11, 1.51140072679e-11, 7.72326039927e-12, 8.88879334721e-12, 7.176394895e-12], "mean": [0.00402062898502, 0.00299745495431, 0.00178084697109, 0.00102037843317, 0.000437014765339, 0.00023923353001, 0.000414248788729, 0.000490176200401, 0.000201112939976, 0.000132541113999, 0.000151327956701, 7.73664796725e-05, 8.72464224813e-05, 4.23270757892e-05, 4.53943102912e-05, 3.34295982611e-05, 4.87147954118e-05, 4.06993567594e-05, 3.71725473087e-05, 4.56506095361e-05, 3.64706247638e-05, 2.30007026403e-05, 1.79057860805e-05, 1.28284091261e-05, 1.98796060431e-05, 1.81940413313e-05, 1.4769128029e-05, 1.18280995594e-05, 1.28500923893e-05, 1.18684065455e-05, 8.26395080367e-06, 6.82819427311e-06, 5.25915720573e-06, 5.39281882084e-06, 5.69258145333e-06, 5.13438635608e-06, 4.30833188148e-06, 3.31292426381e-06, 3.12870520247e-06, 2.50475045505e-06]}, "spectral_entropy": {"min": 5.67245197296, "max": 8.83730888367, "dvar2": 0.0268685091287, "median": 7.99193048477, "dmean2": 0.16434699297, "dmean": 0.112120494246, "var": 0.0771046355367, "dvar": 0.0141324400902, "mean": 7.96104717255}, "spectral_rolloff": {"min": 64.599609375, "max": 10680.46875, "dvar2": 2284454.25, "median": 796.728515625, "dmean2": 1144.43261719, "dmean": 674.71081543, "var": 1816564.5, "dvar": 972628.875, "mean": 1309.19689941}, "barkbands": {"min": [1.37519589459e-15, 1.99684226843e-15, 1.23425681195e-15, 1.12200758226e-15, 2.18760658189e-15, 1.25663235192e-15, 5.15437336096e-16, 1.24412794863e-16, 1.05102164201e-16, 3.10014429272e-16, 3.50507183423e-16, 1.95202766101e-16, 6.54443066037e-17, 2.20219328333e-16, 1.35764002503e-16, 9.69571350849e-17, 1.33511821306e-16, 1.04493167364e-16, 6.74436021442e-17, 6.91297403398e-17, 9.74421937961e-17, 5.39985786893e-17, 4.018432497e-17, 9.80465650389e-17, 5.17203776986e-17, 8.34076982756e-17, 1.17848898326e-16], "max": [0.00629446143284, 0.141912460327, 0.0450799651444, 0.0412292145193, 0.0638069584966, 0.023130601272, 0.0597607195377, 0.0762204602361, 0.0414770692587, 0.0517106689513, 0.0334730371833, 0.0115401484072, 0.0146436812356, 0.0220448337495, 0.0165510531515, 0.0158917456865, 0.00831871293485, 0.00346618541516, 0.00476135965437, 0.00622596684843, 0.00619051326066, 0.00351071241312, 0.00691748829558, 0.00843978300691, 0.00689250975847, 0.0012877167901, 0.000656420364976], "dvar2": [8.18667615476e-07, 0.000897416146472, 5.16508844157e-05, 3.51701710315e-05, 8.68381102919e-05, 8.02657814347e-06, 1.96453402168e-05, 3.16100886266e-05, 3.71897658624e-06, 9.16310909815e-06, 4.15673866883e-06, 5.34934429197e-07, 1.5463725731e-06, 2.20738843382e-06, 1.55986469963e-06, 7.61861201681e-07, 4.07752651199e-07, 7.93507837216e-08, 1.82892193834e-07, 2.08577972671e-07, 1.46191538875e-07, 4.86758295892e-08, 1.28665377019e-07, 1.18578903141e-07, 9.63433635093e-08, 1.19420793254e-08, 1.07742534894e-08], "median": [0.000247523305006, 0.0083256047219, 0.00284261396155, 0.00250217062421, 0.0029389904812, 0.00073729804717, 0.000921928673051, 0.000455552886706, 0.000400424498366, 0.000196579290787, 0.000180436196388, 0.00013679159747, 0.000124951358885, 0.000160216848599, 0.000250345037784, 0.000377359800041, 0.000261673820205, 0.000181954732398, 0.000398742209654, 0.000220033020014, 0.000362875289284, 0.000236397405388, 0.000246845767833, 0.000222575385123, 0.000164427969139, 6.72163732816e-05, 3.29712238454e-05], "dmean2": [0.000706220511347, 0.0186504926533, 0.00492591504008, 0.00412879511714, 0.00507639348507, 0.00149469519965, 0.00229833903722, 0.00225445791148, 0.000907730660401, 0.00100764387753, 0.000619123980869, 0.000317272875691, 0.000442274409579, 0.000489556696266, 0.000534352031536, 0.00052802398568, 0.000359078112524, 0.000206200318644, 0.0003495021665, 0.000293729011901, 0.000291626376566, 0.000164157900144, 0.00019020185573, 0.000171552921529, 0.000126417900901, 7.23773555364e-05, 6.21934668743e-05], "dmean": [0.000425004720455, 0.010811383836, 0.00286396103911, 0.00241870200261, 0.0029170550406, 0.000878453778569, 0.00141712243203, 0.00143887673039, 0.000579004408792, 0.0006430830108, 0.000397487281589, 0.000197140165255, 0.000272116216365, 0.00031248133746, 0.00033835429349, 0.000331791612552, 0.000224010378588, 0.000129995227326, 0.00021808737074, 0.000185520548257, 0.000186265868251, 0.000112349036499, 0.000128014129587, 0.000118949006719, 9.01281018741e-05, 5.13707527716e-05, 4.180680844e-05], "var": [4.87234046886e-07, 0.000290454394417, 2.08031287912e-05, 1.58638249559e-05, 2.61410496023e-05, 2.89406511911e-06, 1.52878455992e-05, 3.21704355883e-05, 3.02527701024e-06, 6.90333445164e-06, 3.54834310201e-06, 3.96319222773e-07, 1.21047366974e-06, 1.93648361346e-06, 1.12321470169e-06, 7.16625493169e-07, 3.52830568318e-07, 8.80810375747e-08, 2.19610853947e-07, 2.55369087654e-07, 2.13661607518e-07, 7.87397809177e-08, 1.26647861975e-07, 1.34533379992e-07, 9.74993028535e-08, 2.01300167646e-08, 1.56239341464e-08], "dvar": [3.18593549764e-07, 0.000315393204801, 1.85207827599e-05, 1.28750034492e-05, 3.07556401822e-05, 2.91344895231e-06, 7.90774538473e-06, 1.46779893839e-05, 1.61719026437e-06, 4.08926280215e-06, 1.77018591785e-06, 2.20169965814e-07, 6.17926957602e-07, 9.24667688196e-07, 6.54608754758e-07, 3.06893554125e-07, 1.53552136339e-07, 3.34445289241e-08, 7.63873089227e-08, 9.31623205247e-08, 7.09914544927e-08, 2.2891784468e-08, 5.71706415542e-08, 6.43056736749e-08, 4.85525681881e-08, 6.19243278877e-09, 4.90768403694e-09], "mean": [0.000528739125002, 0.0139103513211, 0.00419501960278, 0.00367737095803, 0.00421260436997, 0.00126616982743, 0.00200848421082, 0.00198890571482, 0.000886216585059, 0.000910679693334, 0.000598669692408, 0.000305457506329, 0.000406495761126, 0.00048090639757, 0.000539530359674, 0.00060693139676, 0.000436412461568, 0.000270350516075, 0.000521176028997, 0.000390748493373, 0.000477990775835, 0.000308813032461, 0.000334984593792, 0.000313293159707, 0.000232208927628, 0.000126585859107, 9.88451065496e-05]}, "melbands_flatness_db": {"min": 0.0645152702928, "max": 0.597139596939, "dvar2": 0.00194306008052, "median": 0.177570998669, "dmean2": 0.0451417304575, "dmean": 0.0282175131142, "var": 0.00301557802595, "dvar": 0.000759218528401, "mean": 0.184055045247}, "melbands_skewness": {"min": -0.102848224342, "max": 25.7435283661, "dvar2": 3.65696120262, "median": 3.80807423592, "dmean2": 1.63444590569, "dmean": 1.03599536419, "var": 4.03702449799, "dvar": 1.41846823692, "mean": 4.00954914093}, "barkbands_skewness": {"min": -2.16396808624, "max": 11.643280983, "dvar2": 1.13464379311, "median": 1.90910434723, "dmean2": 0.955996692181, "dmean": 0.59899020195, "var": 1.13204705715, "dvar": 0.435433298349, "mean": 1.99562072754}, "silence_rate_60dB": {"min": 0, "max": 1, "dvar2": 0.00534303113818, "median": 0, "dmean2": 0.00493774143979, "dmean": 0.00257566012442, "var": 0.0199708528817, "dvar": 0.00256906682625, "mean": 0.0203862655908}, "spectral_energyband_low": {"min": 4.49402816935e-15, "max": 0.160211801529, "dvar2": 0.000842486217152, "median": 0.0149624310434, "dmean2": 0.0201138965786, "dmean": 0.0120416684076, "var": 0.000349196518073, "dvar": 0.000306938076392, "mean": 0.0205246340483}, "spectral_energyband_middle_low": {"min": 5.3796705724e-15, "max": 0.0999385640025, "dvar2": 0.000286279071588, "median": 0.0114562474191, "dmean2": 0.0114117404446, "dmean": 0.00684696389362, "var": 0.000141583048389, "dvar": 0.000108642379928, "mean": 0.0145132895559}, "melbands_kurtosis": {"min": -1.76177752018, "max": 794.855529785, "dvar2": 2031.97961426, "median": 18.1381072998, "dmean2": 21.9549121857, "dmean": 13.420416832, "var": 1034.73339844, "dvar": 729.353515625, "mean": 25.3960151672}, "spectral_decrease": {"min": -4.35152180955e-08, "max": -2.97686106197e-21, "dvar2": 6.13575446868e-17, "median": -8.57814264066e-09, "dmean2": 6.56816201428e-09, "dmean": 3.98474808705e-09, "var": 3.41770713551e-17, "dvar": 2.38922417996e-17, "mean": -9.8523793568e-09}, "erbbands_kurtosis": {"min": -1.78759694099, "max": 40.0136375427, "dvar2": 4.14574718475, "median": -0.850331783295, "dmean2": 0.984319984913, "dmean": 0.615234076977, "var": 3.11664056778, "dvar": 1.57094419003, "mean": -0.339302420616}, "melbands_crest": {"min": 4.5243768692, "max": 34.2785644531, "dvar2": 37.3135757446, "median": 14.4983825684, "dmean2": 6.76228427887, "dmean": 4.00650930405, "var": 29.0204524994, "dvar": 12.9879846573, "mean": 15.3584194183}, "gfcc": {"cov": [[9852.00195312, -779.578308105, -12.1415529251, 252.130493164, -187.030014038, -340.002471924, -305.845977783, 28.6610164642, -98.4595794678, -166.818222046, -344.482940674, -31.6944789886, -21.9220542908], [-779.578308105, 619.420166016, -189.524627686, 57.5117263794, -2.7608935833, -3.83056783676, -10.944234848, -9.60843658447, -6.79276561737, 3.9229414463, 47.2981948853, -17.026309967, 32.6221885681], [-12.1415529251, -189.524627686, 440.854705811, 33.3522605896, 113.984764099, 5.30685091019, -5.59748840332, -27.412443161, 5.94589567184, -4.77262353897, 3.23392081261, 32.5850563049, -19.1304225922], [252.130493164, 57.5117263794, 33.3522605896, 448.092559814, -41.6810646057, 9.30687522888, -109.125549316, 38.1231842041, 1.46261930466, -28.97772789, -16.8125534058, 15.056646347, 25.0191707611], [-187.030014038, -2.7608935833, 113.984764099, -41.6810646057, 212.833526611, 43.6825942993, 67.1706161499, -15.1301794052, 14.7978982925, 9.53130435944, 20.337896347, 24.1791191101, 12.8607416153], [-340.002471924, -3.83056783676, 5.30685091019, 9.30687522888, 43.6825942993, 211.128509521, 102.138702393, -2.60377645493, -10.346704483, 13.6625032425, 25.0201644897, 7.29581165314, 8.06084537506], [-305.845977783, -10.944234848, -5.59748840332, -109.125549316, 67.1706161499, 102.138702393, 176.960586548, 21.5045604706, 22.3667755127, 27.8406467438, 32.5689659119, 2.38530611992, -0.459520608187], [28.6610164642, -9.60843658447, -27.412443161, 38.1231842041, -15.1301794052, -2.60377645493, 21.5045604706, 94.5136489868, 58.4261054993, 17.7231693268, 6.60097074509, 0.471918910742, 13.2295360565], [-98.4595794678, -6.79276561737, 5.94589567184, 1.46261930466, 14.7978982925, -10.346704483, 22.3667755127, 58.4261054993, 95.3832015991, 41.7337532043, 17.2903060913, -0.739697277546, 8.63507938385], [-166.818222046, 3.9229414463, -4.77262353897, -28.97772789, 9.53130435944, 13.6625032425, 27.8406467438, 17.7231693268, 41.7337532043, 67.7934417725, 42.50522995, 3.59632182121, -0.668482780457], [-344.482940674, 47.2981948853, 3.23392081261, -16.8125534058, 20.337896347, 25.0201644897, 32.5689659119, 6.60097074509, 17.2903060913, 42.50522995, 79.9162979126, 29.792634964, 5.49841833115], [-31.6944789886, -17.026309967, 32.5850563049, 15.056646347, 24.1791191101, 7.29581165314, 2.38530611992, 0.471918910742, -0.739697277546, 3.59632182121, 29.792634964, 58.3386268616, 22.9200973511], [-21.9220542908, 32.6221885681, -19.1304225922, 25.0191707611, 12.8607416153, 8.06084537506, -0.459520608187, 13.2295360565, 8.63507938385, -0.668482780457, 5.49841833115, 22.9200973511, 55.3495903015]], "icov": [[0.000142163218698, 0.000168054320966, 8.76287449501e-05, -8.58383500599e-05, -3.04706700263e-05, 0.000189507118193, 2.22691505769e-05, -0.000112034125777, 0.000215969208512, -0.000175896275323, 0.000556721643079, -0.000190363760339, 2.04959487746e-05], [0.000168054320966, 0.00260738003999, 0.0011720743496, -0.000635102565866, -0.000664592895191, 0.000601765117608, 0.000145247206092, 0.000853735604323, 3.98517613576e-07, 0.00126040924806, -0.00262303394265, 0.00246206857264, -0.00165787816513], [8.76287449501e-05, 0.0011720743496, 0.00361526757479, -0.000654375180602, -0.00197309162468, 0.000188170379261, 0.000509805395268, 0.00126993027516, -0.00104742741678, 0.000709045911208, -0.000248890079092, -0.00132078886963, 0.00176461820956], [-8.58383500599e-05, -0.000635102565866, -0.000654375180602, 0.00357636855915, 0.000232284291997, -0.00194304913748, 0.00319005572237, -0.00254514976405, -3.5883509554e-05, 0.00112807145342, -8.42015142553e-05, -0.000644408981316, -0.000344183354173], [-3.04706700263e-05, -0.000664592895191, -0.00197309162468, 0.000232284291997, 0.00726097263396, -0.000191744547919, -0.00284881028347, 0.00254039745778, -0.00219119363464, 0.000573638360947, 0.000472176907351, -0.00169712095521, -0.00169272848871], [0.000189507118193, 0.000601765117608, 0.000188170379261, -0.00194304913748, -0.000191744547919, 0.00824575033039, -0.00573372095823, 0.0012397072278, 0.0026249976363, -0.00154750491492, -0.000184768636245, 0.000788649718743, -0.00157294841483], [2.22691505769e-05, 0.000145247206092, 0.000509805395268, 0.00319005572237, -0.00284881028347, -0.00573372095823, 0.0130288619548, -0.00458442931995, -0.00038757227594, 0.000592706550378, -0.00247228587978, 0.00109033565968, 0.00122005410958], [-0.000112034125777, 0.000853735604323, 0.00126993027516, -0.00254514976405, 0.00254039745778, 0.0012397072278, -0.00458442931995, 0.0218879114836, -0.0137005122378, 0.00348082790151, -0.00137844122946, 0.000367573811673, -0.00283446814865], [0.000215969208512, 3.98517613576e-07, -0.00104742741678, -3.5883509554e-05, -0.00219119363464, 0.0026249976363, -0.00038757227594, -0.0137005122378, 0.0256152171642, -0.0140901356936, 0.00347058824264, 0.00164680508897, -0.00205531041138], [-0.000175896275323, 0.00126040924806, 0.000709045911208, 0.00112807145342, 0.000573638360947, -0.00154750491492, 0.000592706550378, 0.00348082790151, -0.0140901356936, 0.0342502370477, -0.0193041451275, 0.00715299556032, -0.000244860595558], [0.000556721643079, -0.00262303394265, -0.000248890079092, -8.42015142553e-05, 0.000472176907351, -0.000184768636245, -0.00247228587978, -0.00137844122946, 0.00347058824264, -0.0193041451275, 0.0335120819509, -0.0183857157826, 0.00545444758609], [-0.000190363760339, 0.00246206857264, -0.00132078886963, -0.000644408981316, -0.00169712095521, 0.000788649718743, 0.00109033565968, 0.000367573811673, 0.00164680508897, 0.00715299556032, -0.0183857157826, 0.0335863307118, -0.0137431351468], [2.04959487746e-05, -0.00165787816513, 0.00176461820956, -0.000344183354173, -0.00169272848871, -0.00157294841483, 0.00122005410958, -0.00283446814865, -0.00205531041138, -0.000244860595558, 0.00545444758609, -0.0137431351468, 0.0265945531428]], "mean": [53.434715271, 55.9969711304, -81.986289978, 41.7853012085, -47.665145874, 12.0407104492, -32.1739845276, 10.2413358688, -15.5712375641, 3.99141764641, -15.76475811, -2.46160054207, -10.0076704025]}, "melbands_spread": {"min": 0.477449983358, "max": 278.741638184, "dvar2": 218.71585083, "median": 18.1708545685, "dmean2": 11.4654312134, "dmean": 7.2065038681, "var": 201.727752686, "dvar": 96.6793136597, "mean": 21.4530220032}, "spectral_energy": {"min": 1.22434453594e-14, "max": 0.167125821114, "dvar2": 0.000896891287994, "median": 0.0351456701756, "dmean2": 0.0253410805017, "dmean": 0.0154384477064, "var": 0.000530714227352, "dvar": 0.000353436800651, "mean": 0.0400341227651}, "mfcc": {"cov": [[5791.98779297, 103.925819397, -148.633178711, 77.5071411133, -78.3063659668, -88.0408782959, -131.38142395, -18.2608318329, 65.7666168213, 40.0095100403, -111.612617493, -84.7990646362, -32.8470878601], [103.925819397, 499.395050049, -105.072181702, -14.6466684341, 1.78834187984, -17.0842075348, 12.2520704269, -40.5331535339, -14.4643144608, -15.2035627365, -9.41528701782, -1.25743079185, -12.5860528946], [-148.633178711, -105.072181702, 294.384216309, 85.2136459351, 72.3563461304, 38.9362831116, -5.31576633453, 17.1969242096, -16.6415748596, -12.008433342, 4.03141641617, -0.737415492535, 20.2647571564], [77.5071411133, -14.6466684341, 85.2136459351, 261.843170166, 102.513412476, -30.0632152557, -55.2048721313, 4.05309104919, 5.13370609283, -17.2478847504, -15.6673974991, -1.23477697372, 37.4980545044], [-78.3063659668, 1.78834187984, 72.3563461304, 102.513412476, 158.430160522, 34.1182365417, -7.63662481308, 12.1584310532, 7.99744844437, -14.212428093, -6.12104129791, -7.05830097198, 22.7808132172], [-88.0408782959, -17.0842075348, 38.9362831116, -30.0632152557, 34.1182365417, 163.096618652, 93.5745162964, 35.4408683777, -3.89167046547, 7.36549901962, 13.9906902313, -18.0320510864, -6.85592508316], [-131.38142395, 12.2520704269, -5.31576633453, -55.2048721313, -7.63662481308, 93.5745162964, 127.237213135, 45.0234680176, 1.7749298811, 10.7007398605, 20.8286380768, 1.86359775066, -6.99408006668], [-18.2608318329, -40.5331535339, 17.1969242096, 4.05309104919, 12.1584310532, 35.4408683777, 45.0234680176, 80.3965988159, 33.9465789795, 9.24917411804, 9.80456352234, 2.22284841537, 8.05145645142], [65.7666168213, -14.4643144608, -16.6415748596, 5.13370609283, 7.99744844437, -3.89167046547, 1.7749298811, 33.9465789795, 81.4790344238, 43.8574180603, 4.55315589905, 6.36413955688, 8.2506980896], [40.0095100403, -15.2035627365, -12.008433342, -17.2478847504, -14.212428093, 7.36549901962, 10.7007398605, 9.24917411804, 43.8574180603, 83.7493438721, 30.8880157471, 11.2330121994, 2.00448822975], [-111.612617493, -9.41528701782, 4.03141641617, -15.6673974991, -6.12104129791, 13.9906902313, 20.8286380768, 9.80456352234, 4.55315589905, 30.8880157471, 68.7768630981, 35.10779953, 6.24598169327], [-84.7990646362, -1.25743079185, -0.737415492535, -1.23477697372, -7.05830097198, -18.0320510864, 1.86359775066, 2.22284841537, 6.36413955688, 11.2330121994, 35.10779953, 78.9757080078, 30.7691364288], [-32.8470878601, -12.5860528946, 20.2647571564, 37.4980545044, 22.7808132172, -6.85592508316, -6.99408006668, 8.05145645142, 8.2506980896, 2.00448822975, 6.24598169327, 30.7691364288, 58.4210929871]], "icov": [[0.000191936516785, -4.66255005449e-05, 7.81911221566e-05, -0.000106168699858, 0.000163995107869, -0.000104178769107, 0.000258072599536, -0.000119028896734, -4.1160859837e-05, -0.000193451312953, 0.000300563959172, 6.86610947014e-05, 5.41737572348e-05], [-4.66255005449e-05, 0.00238092127256, 0.000818752450868, -0.000116878109111, -0.000633826653939, 0.000499192450661, -0.00130083109252, 0.00163526262622, -0.000224274393986, 0.000507719232701, 7.36957872505e-06, -0.000133173540235, 0.000285979389446], [7.81911221566e-05, 0.000818752450868, 0.00464470172301, -0.000971095694695, -0.00117122009397, -0.00120757240802, 0.000958710268606, -0.00102053640876, 0.0018380403053, -0.000431721069617, -6.65966508677e-05, -0.000172191823367, -0.000344011001289], [-0.000106168699858, -0.000116878109111, -0.000971095694695, 0.0064260517247, -0.00350188277662, 0.00136042048689, 0.00168257846963, -0.00121748785023, 0.000493068771902, 5.18885972269e-05, 0.000158334107255, 0.000824598886538, -0.00250087375753], [0.000163995107869, -0.000633826653939, -0.00117122009397, -0.00350188277662, 0.0107569908723, -0.00376139138825, 0.00175984797534, 0.000385084218578, -0.00286986934952, 0.00247745332308, -0.000748026825022, 0.00117519614287, -0.00208743661642], [-0.000104178769107, 0.000499192450661, -0.00120757240802, 0.00136042048689, -0.00376139138825, 0.0135522903875, -0.00958657823503, -2.11521237361e-05, 0.00152420613449, -0.00114432559349, -0.00134617206641, 0.00371759734116, -0.000483046198497], [0.000258072599536, -0.00130083109252, 0.000958710268606, 0.00168257846963, 0.00175984797534, -0.00958657823503, 0.0196665152907, -0.00914982240647, 0.00331578496844, -0.00152287096716, -0.000491948740091, -0.00218507088721, 0.00104391376954], [-0.000119028896734, 0.00163526262622, -0.00102053640876, -0.00121748785023, 0.000385084218578, -2.11521237361e-05, -0.00914982240647, 0.0237965658307, -0.0126068377867, 0.006270036567, -0.00358558213338, 0.00203147786669, -0.00222808890976], [-4.1160859837e-05, -0.000224274393986, 0.0018380403053, 0.000493068771902, -0.00286986934952, 0.00152420613449, 0.00331578496844, -0.0126068377867, 0.0260572731495, -0.0149793345481, 0.00637060357258, -0.00238402630202, -0.000184698234079], [-0.000193451312953, 0.000507719232701, -0.000431721069617, 5.18885972269e-05, 0.00247745332308, -0.00114432559349, -0.00152287096716, 0.006270036567, -0.0149793345481, 0.0237157046795, -0.0111949080601, 0.00282400706783, -0.00101839774288], [0.000300563959172, 7.36957872505e-06, -6.65966508677e-05, 0.000158334107255, -0.000748026825022, -0.00134617206641, -0.000491948740091, -0.00358558213338, 0.00637060357258, -0.0111949080601, 0.0263262093067, -0.0119792576879, 0.00364002282731], [6.86610947014e-05, -0.000133173540235, -0.000172191823367, 0.000824598886538, 0.00117519614287, 0.00371759734116, -0.00218507088721, 0.00203147786669, -0.00238402630202, 0.00282400706783, -0.0119792576879, 0.023421054706, -0.0118380142376], [5.41737572348e-05, 0.000285979389446, -0.000344011001289, -0.00250087375753, -0.00208743661642, -0.000483046198497, 0.00104391376954, -0.00222808890976, -0.000184698234079, -0.00101839774288, 0.00364002282731, -0.0118380142376, 0.0260297358036]], "mean": [-598.007507324, 90.7785110474, 23.1984901428, 32.6968269348, 12.7387876511, 6.88914823532, 0.551446080208, 3.23962426186, 5.9127368927, 6.95200109482, -1.11553013325, 1.64904844761, 1.7160077095]}, "spectral_contrast_valleys": {"min": [-19.7490520477, -20.2267684937, -22.2265090942, -22.061750412, -21.6778831482, -23.0992069244], "max": [-5.14443445206, -4.61016225815, -5.42336750031, -5.92905521393, -5.77890014648, -7.18896055222], "dvar2": [0.242581754923, 0.280931591988, 0.183610022068, 0.15258872509, 0.116339609027, 0.116595901549], "median": [-6.31563091278, -6.48824882507, -7.17209529877, -7.36802005768, -6.92681884766, -9.01902770996], "dmean2": [0.578911721706, 0.596358418465, 0.499741911888, 0.418891221285, 0.329997003078, 0.266765236855], "dmean": [0.346294403076, 0.365843683481, 0.315159112215, 0.269278943539, 0.218298569322, 0.204297482967], "var": [1.13155078888, 0.883615136147, 0.806207418442, 0.884213745594, 1.02679383755, 1.13275611401], "dvar": [0.0980779081583, 0.118770010769, 0.0870954096317, 0.0763616934419, 0.0644586607814, 0.0796169415116], "mean": [-6.51362609863, -6.58836746216, -7.24445915222, -7.47527647018, -7.06273317337, -9.15728759766]}, "barkbands_flatness_db": {"min": 0.0201554782689, "max": 0.450593113899, "dvar2": 0.00127748691011, "median": 0.0920283794403, "dmean2": 0.0353411436081, "dmean": 0.0217878371477, "var": 0.00203224597499, "dvar": 0.000487142417114, "mean": 0.100648842752}, "dynamic_complexity": 2.29482913017, "erbbands_flatness_db": {"min": 0.0339866429567, "max": 0.325243353844, "dvar2": 0.000323536834912, "median": 0.0885652452707, "dmean2": 0.0182615555823, "dmean": 0.012518979609, "var": 0.0012137980666, "dvar": 0.000166447207448, "mean": 0.0946106910706}, "hfc": {"min": 1.11139144762e-11, "