{"lowlevel": {"spectral_complexity": {"min": 0, "max": 59, "dvar2": 33.1366157532, "median": 20, "dmean2": 5.85393238068, "dmean": 3.79726791382, "var": 155.952392578, "dvar": 15.9070148468, "mean": 22.0199127197}, "silence_rate_20dB": {"min": 1, "max": 1, "dvar2": 0, "median": 1, "dmean2": 0, "dmean": 0, "var": 0, "dvar": 0, "mean": 1}, "average_loudness": 0.904038131237, "erbbands_spread": {"min": 2.6825003624, "max": 203.986465454, "dvar2": 260.193756104, "median": 42.5517654419, "dmean2": 13.407248497, "dmean": 8.80658626556, "var": 594.630065918, "dvar": 118.685577393, "mean": 48.4656143188}, "spectral_kurtosis": {"min": -1.53116381168, "max": 164.324020386, "dvar2": 85.1629180908, "median": 2.46430826187, "dmean2": 3.25269389153, "dmean": 1.91671729088, "var": 79.0138473511, "dvar": 31.5344028473, "mean": 4.0259885788}, "barkbands_kurtosis": {"min": -1.92114591599, "max": 1096.74902344, "dvar2": 533.58215332, "median": 1.37461924553, "dmean2": 7.11094903946, "dmean": 4.42134523392, "var": 439.249786377, "dvar": 265.290161133, "mean": 5.98363685608}, "spectral_strongpeak": {"min": 0, "max": 18.719367981, "dvar2": 3.14906144142, "median": 0.37131896615, "dmean2": 0.946827352047, "dmean": 0.543825268745, "var": 1.91846418381, "dvar": 1.19622182846, "mean": 0.893486201763}, "spectral_spread": {"min": 536546, "max": 39344556, "dvar2": 963528228864, "median": 4299565, "dmean2": 618725.125, "dmean": 431107, "var": 3530506371070.0, "dvar": 642740322304, "mean": 4501602.5}, "spectral_rms": {"min": 3.27015216121e-12, "max": 0.012952376157, "dvar2": 2.44446550823e-06, "median": 0.00554800685495, "dmean2": 0.00150610285345, "dmean": 0.000915874901693, "var": 2.5916829145e-06, "dvar": 1.00376360024e-06, "mean": 0.00553238019347}, "erbbands": {"min": [1.09423191513e-21, 5.7186234998e-21, 1.50483831275e-20, 2.8768663158e-20, 7.99153342331e-20, 1.75616971017e-19, 6.42779048054e-20, 2.83081807583e-19, 9.36136429248e-19, 2.93419533477e-18, 7.53271145942e-19, 1.6502229439e-18, 2.21578235533e-18, 2.90341718495e-18, 1.35225253153e-18, 2.81142560185e-18, 3.8292155109e-18, 1.14723606486e-17, 1.05557378236e-17, 7.37676692425e-18, 1.14147409015e-17, 1.30669986063e-17, 1.37082720305e-17, 1.57791004961e-17, 1.51695064349e-17, 1.52048237384e-17, 2.2362468864e-17, 2.71001656747e-17, 2.61385665583e-17, 1.80474117154e-17, 1.94173055279e-17, 1.77021316385e-17, 1.37298192583e-17, 1.04791400717e-17, 9.03004950583e-18, 5.46608931068e-18, 4.26405980943e-18, 1.38635398286e-18, 3.14192742505e-19, 2.8907316077e-20], "max": [3.52568149567, 24.4355773926, 74.1881484985, 120.7631073, 198.006713867, 182.68812561, 173.141860962, 239.160842896, 376.030059814, 455.445556641, 1401.34436035, 1192.87243652, 848.147827148, 1027.38354492, 1136.96777344, 1710.5546875, 946.687011719, 882.051208496, 1238.02722168, 1234.70605469, 898.468444824, 550.989990234, 692.354187012, 1086.34899902, 1276.66149902, 593.789672852, 396.157043457, 163.081756592, 189.216186523, 119.315513611, 52.2222366333, 66.0909957886, 88.5629348755, 39.7787361145, 19.7633972168, 16.3176383972, 9.81261444092, 1.25055348873, 0.0446779876947, 0.00157680606935], "dvar2": [0.369138062, 11.2612113953, 69.8825759888, 152.264144897, 966.072631836, 659.522521973, 240.669219971, 426.272674561, 459.33682251, 817.073364258, 19869.9863281, 9780.96386719, 3990.92480469, 2573.07861328, 1809.47888184, 4170.95458984, 2485.33129883, 1764.6953125, 7079.37841797, 6868.57714844, 2210.640625, 1555.64733887, 1609.16638184, 5204.46582031, 1689.31201172, 1378.27905273, 747.022155762, 91.6154327393, 50.6226234436, 21.1596279144, 14.3389530182, 10.2450246811, 11.1130809784, 4.40913200378, 0.526138603687, 0.261280298233, 0.0764802992344, 0.00133243692107, 5.04306854054e-06, 1.50019481282e-08], "median": [0.1888243258, 1.01743745804, 2.41230344772, 3.375852108, 5.50141048431, 6.74533033371, 6.46344709396, 6.69131135941, 5.25277042389, 5.71768379211, 8.62494945526, 9.21788597107, 8.5942401886, 5.86312818527, 5.27078342438, 6.34888648987, 5.48163127899, 8.03500175476, 12.4566249847, 11.2199497223, 12.9446620941, 9.19775676727, 13.751455307, 19.0443840027, 17.1091079712, 17.649433136, 15.5067329407, 8.40093612671, 3.8127746582, 1.94838905334, 1.24820709229, 1.01884186268, 0.650783658028, 0.344085335732, 0.0945107340813, 0.0217108391225, 0.00605681771412, 0.000988858519122, 0.00010337405547, 5.26519361301e-05], "dmean2": [0.440143346786, 2.06648421288, 4.27963924408, 6.65193319321, 12.3030672073, 11.7535791397, 9.25679397583, 11.2115764618, 10.8584289551, 14.1500282288, 47.2279777527, 41.7921943665, 26.4783191681, 17.3643436432, 15.1314697266, 22.8009033203, 16.7965373993, 20.1270275116, 35.5998420715, 32.1022453308, 22.4408569336, 18.4163856506, 19.2072925568, 30.1924915314, 19.5573158264, 17.4874744415, 15.0290603638, 6.85391235352, 4.0318403244, 2.62000727654, 1.92483067513, 1.48857545853, 1.19486308098, 0.680791378021, 0.217655971646, 0.0959259942174, 0.0357153303921, 0.00602207612246, 0.000701852724887, 5.69268559047e-05], "dmean": [0.246635064483, 1.24613499641, 2.6716427803, 3.98018074036, 7.28106498718, 7.11156082153, 5.75089120865, 6.92526626587, 6.69060897827, 8.59670734406, 29.0523681641, 26.7117824554, 17.584859848, 11.3878879547, 10.0469045639, 14.8931465149, 10.9726629257, 12.8074989319, 22.5129127502, 20.3997936249, 14.4250202179, 11.6599779129, 11.9152708054, 18.7422847748, 12.1847839355, 10.8059902191, 9.52397727966, 4.31793022156, 2.59445118904, 1.74435913563, 1.28899610043, 1.0047262907, 0.808079779148, 0.463103204966, 0.159885063767, 0.0672423690557, 0.0239501595497, 0.00416259560734, 0.000492449034937, 3.90719396819e-05], "var": [0.140137419105, 7.38721323013, 36.3689002991, 69.8034744263, 298.560272217, 254.431182861, 227.290802002, 509.995880127, 388.355438232, 628.683837891, 15727.8203125, 17629.40625, 4862.50537109, 2716.96020508, 4121.35009766, 7478.62548828, 3107.0234375, 1813.73120117, 6349.68847656, 5090.97900391, 1721.33911133, 1347.82580566, 1237.61730957, 3867.29443359, 1792.41394043, 817.631774902, 756.146240234, 105.40020752, 68.9687728882, 46.9815063477, 22.4186172485, 16.7842025757, 14.8341407776, 4.90100955963, 0.758752167225, 0.158670499921, 0.0212861299515, 0.000467917881906, 4.13217094319e-06, 1.91206375177e-08], "dvar": [0.120780088007, 4.75380516052, 29.105463028, 57.8399391174, 355.360900879, 237.717529297, 94.0094146729, 163.809188843, 188.467071533, 329.461730957, 6923.38769531, 4054.23706055, 1860.17102051, 1195.76489258, 863.31262207, 2004.59667969, 1158.32995605, 756.895080566, 2975.42626953, 2839.37841797, 925.671142578, 633.018981934, 619.123352051, 2092.06982422, 696.511535645, 471.710632324, 302.966583252, 38.8518371582, 21.9546527863, 10.1720170975, 6.73219776154, 4.94707298279, 5.19356107712, 2.04704236984, 0.284190714359, 0.11421508342, 0.0276725199074, 0.000503324903548, 2.30693649428e-06, 7.71602692851e-09], "mean": [0.315811544657, 2.02541065216, 4.33765792847, 5.9370059967, 9.93290424347, 11.4733572006, 11.5237445831, 14.7187852859, 11.466301918, 14.381067276, 53.2453079224, 57.1854820251, 30.5022830963, 20.0541915894, 20.7325801849, 26.2920322418, 19.8545589447, 22.9159355164, 37.7997016907, 32.8059196472, 26.4685001373, 22.3845920563, 24.084733963, 36.3050346375, 27.3536014557, 24.0491027832, 21.9746265411, 10.5597572327, 6.52356815338, 4.51753616333, 3.13959169388, 2.44012641907, 1.81444108486, 0.974108994007, 0.320579856634, 0.115193925798, 0.0377790331841, 0.00767447659746, 0.000983890146017, 0.000107335647044]}, "zerocrossingrate": {"min": 0.001953125, "max": 0.48681640625, "dvar2": 0.000157022324856, "median": 0.05712890625, "dmean2": 0.0110895708203, "dmean": 0.00947320461273, "var": 0.00100666726939, "dvar": 0.000131549240905, "mean": 0.0598587691784}, "spectral_contrast_coeffs": {"min": [-0.941155970097, -0.977196991444, -0.966312229633, -0.971561431885, -0.952338993549, -0.960317492485], "max": [-0.312248200178, -0.34041428566, -0.436561346054, -0.449221014977, -0.514689981937, -0.51443862915], "dvar2": [0.00499165104702, 0.00382064655423, 0.00256634783, 0.0017848208081, 0.000985045335256, 0.000863774504978], "median": [-0.67105448246, -0.732374966145, -0.773450016975, -0.785797715187, -0.791662871838, -0.745180845261], "dmean2": [0.0821864083409, 0.0770627558231, 0.0614621303976, 0.0513287857175, 0.0371399745345, 0.0317074544728], "dmean": [0.0501795969903, 0.0469769388437, 0.0392979234457, 0.0325171276927, 0.0236439090222, 0.0202251244336], "var": [0.00692421523854, 0.00683526135981, 0.00665690144524, 0.00474475789815, 0.00333097204566, 0.00528544513509], "dvar": [0.00188171805348, 0.00146769057028, 0.00109375978354, 0.000762663548812, 0.000433626788436, 0.000379829667509], "mean": [-0.658425271511, -0.724462211132, -0.759970724583, -0.774731755257, -0.78119122982, -0.724393606186]}, "dissonance": {"min": 0.20369656384, "max": 0.500000119209, "dvar2": 0.000698076502886, "median": 0.477999210358, "dmean2": 0.0243388433009, "dmean": 0.0143665932119, "var": 0.000574736623093, "dvar": 0.000259441148955, "mean": 0.47211509943}, "spectral_energyband_high": {"min": 8.05390704202e-21, "max": 0.00839854869992, "dvar2": 5.75839749217e-07, "median": 0.000924636900891, "dmean2": 0.000543929403648, "dmean": 0.000369225570466, "var": 1.03849174593e-06, "dvar": 2.71256908491e-07, "mean": 0.00114739732817}, "spectral_skewness": {"min": -0.0744436606765, "max": 10.3634157181, "dvar2": 0.332210123539, "median": 1.05967187881, "dmean2": 0.36018717289, "dmean": 0.224055215716, "var": 0.61421507597, "dvar": 0.143608763814, "mean": 1.18083071709}, "spectral_flux": {"min": 1.04695946357e-10, "max": 0.356767177582, "dvar2": 0.00209726300091, "median": 0.0926046594977, "dmean2": 0.0427288711071, "dmean": 0.0262417942286, "var": 0.0018187132664, "dvar": 0.000880614505149, "mean": 0.096176803112}, "silence_rate_30dB": {"min": 0, "max": 1, "dvar2": 0.000765832024626, "median": 1, "dmean2": 0.000510725250933, "dmean": 0.000255330000073, "var": 0.000127632039948, "dvar": 0.000255266058957, "mean": 0.999872326851}, "spectral_energyband_middle_high": {"min": 1.77654383913e-21, "max": 0.0384380444884, "dvar2": 1.2310618331e-05, "median": 0.00407567061484, "dmean2": 0.00253604073077, "dmean": 0.00164019037038, "var": 3.05640132865e-05, "dvar": 5.02487682752e-06, "mean": 0.00563111249357}, "barkbands_spread": {"min": 0.124079965055, "max": 121.0522995, "dvar2": 121.743255615, "median": 24.6095905304, "dmean2": 9.81381797791, "dmean": 6.37094020844, "var": 226.760467529, "dvar": 53.9720993042, "mean": 25.992433548}, "spectral_centroid": {"min": 120.663848877, "max": 10707.1669922, "dvar2": 177946.25, "median": 1662.90429688, "dmean2": 416.390411377, "dmean": 280.285308838, "var": 495161.21875, "dvar": 86467, "mean": 1629.93164062}, "pitch_salience": {"min": 0.0595647916198, "max": 0.831756651402, "dvar2": 0.015634957701, "median": 0.544198513031, "dmean2": 0.136900261045, "dmean": 0.0816183835268, "var": 0.0150652546436, "dvar": 0.0057898000814, "mean": 0.534479558468}, "erbbands_skewness": {"min": -3.98285722733, "max": 4.85850286484, "dvar2": 0.324063628912, "median": 0.0189168862998, "dmean2": 0.552365839481, "dmean": 0.369722038507, "var": 0.742243826389, "dvar": 0.152282163501, "mean": 0.0888891965151}, "erbbands_crest": {"min": 2.1917245388, "max": 31.7653617859, "dvar2": 16.5371284485, "median": 7.11486625671, "dmean2": 4.04757213593, "dmean": 2.52324748039, "var": 27.5315856934, "dvar": 6.72579097748, "mean": 8.79093647003}, "melbands": {"min": [9.75067419822e-24, 8.19541362433e-24, 4.7979459e-24, 1.17676132503e-23, 2.68671055683e-24, 7.19738388351e-24, 1.50699632821e-23, 2.99822806009e-23, 4.39560001707e-24, 1.04363473639e-23, 1.15795669543e-23, 1.29420149346e-23, 3.4049342928e-24, 7.87900703727e-24, 4.9430643577e-24, 1.24371557882e-23, 2.19209378318e-23, 1.97603834964e-23, 6.24781347366e-24, 1.60874928757e-23, 1.0922401644e-23, 1.23872303592e-23, 1.38065804543e-23, 1.1047291736e-23, 1.28542983351e-23, 1.5915522776e-23, 5.80348086348e-24, 1.18101154982e-23, 1.50034765073e-23, 1.35964026656e-23, 1.66642069954e-23, 1.32762245346e-23, 1.52445050683e-23, 8.5539217179e-24, 1.03743720846e-23, 1.18095869613e-23, 1.08564071184e-23, 9.46029292128e-24, 1.05157864459e-23, 7.92594426113e-24], "max": [0.0303970705718, 0.03541271016, 0.0206861849874, 0.0161051340401, 0.00508640287444, 0.00534171797335, 0.00506129069254, 0.00403063278645, 0.0116227716208, 0.00794248469174, 0.00410122284666, 0.00442819995806, 0.00302044139244, 0.00367782078683, 0.00337595236488, 0.00156966561917, 0.00229447707534, 0.00234975945204, 0.00152878987137, 0.00137751048896, 0.0010258841794, 0.00083822675515, 0.000773602805566, 0.000778654997703, 0.00108409498353, 0.000779262452852, 0.000641908321995, 0.000271824625088, 0.000355818076059, 0.000121422490338, 0.000105515951873, 0.000113699024951, 6.13712982158e-05, 6.22467050562e-05, 3.23534986819e-05, 3.41145969287e-05, 5.23457456438e-05, 6.74533439451e-05, 4.63487267552e-05, 3.28235910274e-05], "dvar2": [2.33495447901e-05, 1.53272612806e-05, 5.13088389198e-06, 5.65967593502e-06, 2.58063863612e-07, 2.04367452739e-07, 1.07156814977e-07, 1.32911424089e-07, 1.32233549266e-06, 3.18190444659e-07, 1.00918121859e-07, 5.0804349172e-08, 1.66392410961e-08, 3.00783966622e-08, 2.38992345913e-08, 6.93843160704e-09, 9.54694012734e-09, 2.72358953168e-08, 1.08668096743e-08, 9.41833633306e-09, 3.46103834481e-09, 2.4375983454e-09, 2.96136937195e-09, 2.09917416782e-09, 4.93271157254e-09, 1.24337629082e-09, 1.47227585678e-09, 4.98315222419e-10, 4.85691098451e-10, 1.00231684064e-10, 3.13262228657e-11, 2.22823010043e-11, 1.10408123616e-11, 7.4849041895e-12, 6.3670978212e-12, 4.91305650677e-12, 4.8274348928e-12, 7.21695576564e-12, 5.3037561322e-12, 3.25688673079e-12], "median": [0.00175889115781, 0.00141981581692, 0.00071196682984, 0.00047634949442, 0.000262461078819, 0.000159356364748, 7.43289128877e-05, 5.74121731916e-05, 7.33894921723e-05, 5.43208952877e-05, 3.36332304869e-05, 2.09516147152e-05, 1.40086103784e-05, 1.59023002198e-05, 1.38677678478e-05, 9.71871850197e-06, 1.35552954816e-05, 1.82987823791e-05, 1.25338137877e-05, 1.46040074469e-05, 1.25622118503e-05, 8.43718589749e-06, 9.16790122574e-06, 1.26154291138e-05, 1.42027129186e-05, 1.12030484161e-05, 1.18855150504e-05, 1.02596904981e-05, 9.92726563709e-06, 6.65669813316e-06, 3.64140782949e-06, 2.13684052142e-06, 1.44815248859e-06, 8.85717611254e-07, 6.90668230163e-07, 6.29291434961e-07, 5.60312287234e-07, 4.52140767493e-07, 3.61482307198e-07, 2.44862036425e-07], "dmean2": [0.00333794089966, 0.00222644209862, 0.0012719304068, 0.000918951118365, 0.000325850385707, 0.000250394601608, 0.000164498997037, 0.000178048896487, 0.000412303721532, 0.000242801179411, 0.00013229509932, 7.47832236812e-05, 4.8113091907e-05, 6.04796478001e-05, 5.35609833605e-05, 3.20531544276e-05, 4.38206225226e-05, 6.90905508236e-05, 4.26705628342e-05, 4.19761418016e-05, 2.71534663625e-05, 2.2564736355e-05, 1.99335972866e-05, 2.25638159463e-05, 2.82439104922e-05, 1.73630705831e-05, 1.51277336045e-05, 1.23468689708e-05, 1.15877601274e-05, 6.76390527588e-06, 3.69285498891e-06, 2.65559242507e-06, 1.97128088075e-06, 1.52301254275e-06, 1.28966735247e-06, 1.07056541765e-06, 9.51698780227e-07, 9.77102104116e-07, 7.71374345732e-07, 5.70199972572e-07], "dmean": [0.00190502894111, 0.00138596701436, 0.000761725299526, 0.000546185881831, 0.000203087576665, 0.000154944398673, 0.000100929704786, 0.000108353007818, 0.000253848935245, 0.000156038629939, 8.78275823197e-05, 4.8996113037e-05, 3.15954785037e-05, 3.89911983802e-05, 3.51495364157e-05, 2.04862426472e-05, 2.79251762549e-05, 4.35643160017e-05, 2.69159572781e-05, 2.65351591224e-05, 1.74300494109e-05, 1.41857981362e-05, 1.24318194139e-05, 1.36235312311e-05, 1.73966218426e-05, 1.07072410174e-05, 9.27792552829e-06, 7.56738654673e-06, 7.28496979718e-06, 4.21873710366e-06, 2.29601914725e-06, 1.67388850514e-06, 1.27892076307e-06, 9.89195200418e-07, 8.40712857553e-07, 7.07992455773e-07, 6.30958766124e-07, 6.47760941774e-07, 5.11274890869e-07, 3.81200010224e-07], "var": [1.07991290861e-05, 1.0182882761e-05, 2.22903486247e-06, 1.69415307028e-06, 2.51547476182e-07, 2.53519800708e-07, 8.64979483595e-08, 1.13255659073e-07, 1.19387664199e-06, 5.48626871932e-07, 1.20481843169e-07, 5.25289891584e-08, 3.4640017077e-08, 4.86843028114e-08, 3.41204433596e-08, 7.28652160831e-09, 8.85048656585e-09, 2.37741808462e-08, 7.77948816477e-09, 7.03034119809e-09, 2.68072097853e-09, 1.83964943279e-09, 2.17208628861e-09, 1.15591358707e-09, 3.50304807384e-09, 1.16265264083e-09, 8.00381705357e-10, 3.32058436303e-10, 4.19992207679e-10, 1.0136949613e-10, 3.18808729416e-11, 2.50252197437e-11, 1.76952844738e-11, 1.37921479793e-11, 8.38644084733e-12, 6.8572244237e-12, 6.64732158207e-12, 8.68922121755e-12, 5.26848616816e-12, 3.25609808213e-12], "dvar": [8.14840223029e-06, 6.89726994096e-06, 1.97082158593e-06, 2.02511500902e-06, 1.00922910917e-07, 7.84679770049e-08, 4.37236913342e-08, 5.14859763712e-08, 4.62817183688e-07, 1.3372265073e-07, 4.72186307832e-08, 2.34650130437e-08, 7.84011877641e-09, 1.34526167983e-08, 1.14823688335e-08, 3.06081227031e-09, 4.15259693298e-09, 1.1476934958e-08, 4.52634107972e-09, 3.80968945279e-09, 1.49236845104e-09, 1.02561092952e-09, 1.17211884643e-09, 7.56147755521e-10, 1.98302285703e-09, 5.13127207391e-10, 5.01344188386e-10, 1.83997886372e-10, 1.89591842226e-10, 4.19733726942e-11, 1.31995109287e-11, 9.28795235167e-12, 4.97429528123e-12, 3.44538568682e-12, 2.84386316579e-12, 2.24791019132e-12, 2.2090107521e-12, 3.28103624998e-12, 2.29542231577e-12, 1.49906519489e-12], "mean": [0.00283654103987, 0.00247341324575, 0.00115929776803, 0.000821900437586, 0.00041820781189, 0.000335576361977, 0.000167400532519, 0.000181659590453, 0.000492013525218, 0.000323000567732, 0.000143967045005, 8.08243348729e-05, 6.09610142419e-05, 6.94499103702e-05, 5.98086589889e-05, 3.4198143112e-05, 4.50659645139e-05, 6.81868332322e-05, 4.03965459554e-05, 4.08451851399e-05, 2.94688652502e-05, 2.3641207008e-05, 2.12717222894e-05, 2.34217077377e-05, 3.07874543068e-05, 2.09793815884e-05, 1.81760169653e-05, 1.51413360072e-05, 1.52202883328e-05, 9.16209955903e-06, 4.98522240377e-06, 3.75251670448e-06, 3.02587250189e-06, 2.29651595873e-06, 1.86145109637e-06, 1.59365174568e-06, 1.42950671034e-06, 1.34494280246e-06, 1.04976868442e-06, 7.41994142572e-07]}, "spectral_entropy": {"min": 4.58363771439, "max": 9.79748725891, "dvar2": 0.0750114768744, "median": 7.68503189087, "dmean2": 0.209744021297, "dmean": 0.140946671367, "var": 0.297653228045, "dvar": 0.0375193618238, "mean": 7.59454727173}, "spectral_rolloff": {"min": 64.599609375, "max": 17807.9589844, "dvar2": 1777164.875, "median": 1076.66015625, "dmean2": 925.658813477, "dmean": 546.455200195, "var": 1698122, "dvar": 753715.9375, "mean": 1428.20275879}, "barkbands": {"min": [1.52240025734e-23, 2.92970886404e-23, 1.54903756575e-23, 6.75247658815e-24, 4.47578662368e-23, 2.80824069295e-23, 1.03137189362e-22, 7.70555735014e-23, 5.86895537198e-23, 1.11024359531e-22, 1.82870453387e-23, 7.23774137633e-23, 8.28031446371e-23, 2.85767071727e-22, 8.91893460072e-23, 2.28181513067e-22, 2.1088289151e-22, 2.43807168903e-22, 3.68254760354e-22, 3.41129708708e-22, 5.97100961309e-22, 7.05560475291e-22, 6.60648112224e-22, 8.31682193666e-22, 1.09296428507e-21, 1.90704874637e-21, 2.14481833994e-21], "max": [0.0192896071821, 0.0991106033325, 0.0704700052738, 0.0587698854506, 0.0600672215223, 0.0282432511449, 0.0273678712547, 0.0535273700953, 0.0551210828125, 0.0255709271878, 0.0225713308901, 0.0330698341131, 0.0262378957123, 0.0340870060027, 0.0200480055064, 0.0140798650682, 0.0130799403414, 0.0114495651796, 0.0179876759648, 0.0132889579982, 0.00585729256272, 0.00441022636369, 0.00160838104784, 0.00409611081704, 0.00276991678402, 0.00477644940838, 0.000233213999309], "dvar2": [8.73847693583e-06, 0.000234674531384, 6.52798407828e-05, 2.78275783785e-05, 8.18262269604e-05, 5.91787056692e-06, 2.75430534202e-06, 2.60105971392e-05, 1.65473084053e-05, 3.80664073418e-06, 9.25230324356e-07, 2.06732875085e-06, 1.35685047553e-06, 2.05998799174e-06, 2.22881976697e-06, 1.06941854483e-06, 7.93142532984e-07, 7.23287598703e-07, 1.41239809182e-06, 6.578845273e-07, 2.09372743143e-07, 3.26265059414e-08, 1.68360809738e-08, 2.86742913858e-08, 1.75210335129e-08, 1.82959443151e-08, 1.65014030218e-10], "median": [0.000804593553767, 0.00561905559152, 0.00183722516522, 0.00111195002683, 0.00200744532049, 0.000866041635163, 0.000330837094225, 0.000285960064502, 0.000393246475141, 0.000202519266168, 9.79133692454e-05, 0.000133333145641, 0.000103159611172, 0.000177233989234, 0.000177560577868, 0.000208035344258, 0.000148079561768, 0.000260442378931, 0.000339426187566, 0.000371115835151, 0.000296655751299, 9.51013789745e-05, 4.46228150395e-05, 4.53292232123e-05, 2.13897928916e-05, 3.82124471798e-06, 4.36121752045e-07], "dmean2": [0.00193504977506, 0.0102548263967, 0.00403909245506, 0.00262650824152, 0.00364497862756, 0.00136070174631, 0.000811729289126, 0.00170383614022, 0.00181094557047, 0.000791074126028, 0.000373012007913, 0.000517894164659, 0.000381867925171, 0.000646079599392, 0.000631589791737, 0.000468924350571, 0.000397716212319, 0.000426081300247, 0.000525501207449, 0.000378786498914, 0.000273251644103, 0.000103486796434, 6.93720648997e-05, 6.88135041855e-05, 4.31858861702e-05, 1.99194364541e-05, 4.19550724473e-06], "dmean": [0.00109730113763, 0.00605312921107, 0.00248481705785, 0.0015630305279, 0.00217598932795, 0.000843912945129, 0.000495445623528, 0.0010409920942, 0.00115128036123, 0.000520474859513, 0.000241786357947, 0.000334164011292, 0.000249055679888, 0.000408804044127, 0.00039737042971, 0.000294679193757, 0.000251075485721, 0.000260726403212, 0.00032490878948, 0.000235024243011, 0.00017234988627, 6.77724456182e-05, 4.65533739771e-05, 4.68584585178e-05, 3.0919261917e-05, 1.36347825901e-05, 2.98448048852e-06], "var": [4.27114446211e-06, 0.000139200463309, 2.92279310088e-05, 1.26414633996e-05, 2.51270212175e-05, 7.18599176253e-06, 2.12014970202e-06, 1.88911762962e-05, 3.19745704473e-05, 4.59717830381e-06, 1.66971983617e-06, 3.53960899702e-06, 1.76683374775e-06, 1.9166641323e-06, 1.80049858045e-06, 7.60002251354e-07, 6.31066200185e-07, 5.1383921118e-07, 1.14524129913e-06, 3.7250282503e-07, 2.07687975262e-07, 5.00023062955e-08, 2.84741155099e-08, 4.62199096773e-08, 2.33119781257e-08, 6.74683331425e-09, 1.61264349097e-10], "dvar": [2.73315345112e-06, 9.09666996449e-05, 2.5727051252e-05, 1.08578287836e-05, 2.93014436465e-05, 2.25410394705e-06, 1.13090152354e-06, 9.10072139959e-06, 6.85788018018e-06, 1.76653702511e-06, 4.29810057767e-07, 9.58138798524e-07, 6.42050963506e-07, 9.01538442122e-07, 9.34915306061e-07, 4.28313597922e-07, 3.30273820737e-07, 2.7903823252e-07, 5.71246459913e-07, 2.23818858558e-07, 8.50314449963e-08, 1.45244420935e-08, 7.96433585748e-09, 1.39177753766e-08, 8.87647466641e-09, 7.03906666288e-09, 7.80146225399e-11], "mean": [0.00156304775737, 0.00968562718481, 0.00357890990563, 0.00219622044824, 0.00332262413576, 0.00180786440615, 0.000777650275268, 0.00167794351, 0.00242955097929, 0.000874099496286, 0.000439796916908, 0.000569891184568, 0.000417579751229, 0.000637046818156, 0.0006126469234, 0.000480967370095, 0.000430999731179, 0.000481396389659, 0.00064143788768, 0.000509794743266, 0.000399711716454, 0.000173706139321, 0.000114302580187, 0.000113045280159, 6.42054001219e-05, 2.23601455218e-05, 6.22953848506e-06]}, "melbands_flatness_db": {"min": 0.00775268906727, "max": 0.6711191535, "dvar2": 0.0019476567395, "median": 0.202053546906, "dmean2": 0.0452891141176, "dmean": 0.0291370861232, "var": 0.00755900703371, "dvar": 0.000913325406145, "mean": 0.21796053648}, "melbands_skewness": {"min": -0.979960560799, "max": 21.2241001129, "dvar2": 2.85047769547, "median": 2.84930515289, "dmean2": 1.45967185497, "dmean": 0.917232096195, "var": 4.94220161438, "dvar": 1.24506795406, "mean": 3.39878511429}, "barkbands_skewness": {"min": -1.8537684679, "max": 30.423915863, "dvar2": 1.3799623251, "median": 1.45946002007, "dmean2": 0.999902963638, "dmean": 0.629843652248, "var": 2.20668458939, "dvar": 0.60239803791, "mean": 1.80338585377}, "silence_rate_60dB": {"min": 0, "max": 1, "dvar2": 0.00152960896958, "median": 0, "dmean2": 0.00153217569459, "dmean": 0.000765990058426, "var": 0.0197619311512, "dvar": 0.000765346980188, "mean": 0.0201684962958}, "spectral_energyband_low": {"min": 5.95835350738e-23, "max": 0.154001250863, "dvar2": 0.000368984183297, "median": 0.0112466337159, "dmean2": 0.01377673354, "dmean": 0.00822982750833, "var": 0.000257432518993, "dvar": 0.000155070854817, "mean": 0.0156070478261}, "spectral_energyband_middle_low": {"min": 3.41000209302e-22, "max": 0.081922903657, "dvar2": 0.000170588522451, "median": 0.00926414690912, "dmean2": 0.00821690633893, "dmean": 0.00496967276558, "var": 0.000114674287033, "dvar": 6.31533766864e-05, "mean": 0.0126072056592}, "melbands_kurtosis": {"min": -1.73230838776, "max": 574.26763916, "dvar2": 1415.71203613, "median": 9.80552864075, "dmean2": 19.5575847626, "dmean": 12.1776580811, "var": 1361.44348145, "dvar": 588.275634766, "mean": 22.6982326508}, "spectral_decrease": {"min": -4.46964136813e-08, "max": -1.85887363781e-28, "dvar2": 3.04068152103e-17, "median": -7.73146435762e-09, "dmean2": 4.824441735e-09, "dmean": 2.89730173186e-09, "var": 2.14182885169e-17, "dvar": 1.25001929439e-17, "mean": -8.44594882921e-09}, "erbbands_kurtosis": {"min": -1.91701090336, "max": 34.9021263123, "dvar2": 5.72621583939, "median": -0.661803007126, "dmean2": 1.32647550106, "dmean": 0.83717238903, "var": 6.17758369446, "dvar": 2.46056246758, "mean": 0.0982371121645}, "melbands_crest": {"min": 2.61106920242, "max": 34.3568725586, "dvar2": 32.8928642273, "median": 14.7007894516, "dmean2": 6.48498392105, "dmean": 3.78359699249, "var": 26.9084720612, "dvar": 11.4651012421, "mean": 15.1929254532}, "gfcc": {"cov": [[9424.43847656, -1090.47924805, -425.80557251, -27.7184715271, -367.696960449, 394.958496094, -95.3440322876, 259.698944092, -106.339179993, 193.813842773, -145.738357544, 106.301689148, -232.608581543], [-1090.47924805, 1977.85900879, -709.669067383, -142.52406311, 177.208877563, -498.017364502, 268.747619629, -228.089584351, 109.034721375, -125.838905334, 55.0134620667, -262.278320312, 139.474578857], [-425.80557251, -709.669067383, 2011.90307617, 204.322784424, 200.540115356, 691.254638672, -171.714248657, 198.262054443, -108.576332092, 10.271604538, 99.7052993774, 216.276382446, -44.641368866], [-27.7184715271, -142.52406311, 204.322784424, 312.649688721, 69.0050354004, 126.159675598, 0.315160423517, 92.8967208862, 7.61943149567, -12.7559394836, 24.66173172, 24.9059448242, 21.4882488251], [-367.696960449, 177.208877563, 200.540115356, 69.0050354004, 277.18081665, 137.109695435, 65.5320892334, 37.9676895142, 0.269262433052, -6.44463539124, 37.121761322, 0.270839482546, 23.4523239136], [394.958496094, -498.017364502, 691.254638672, 126.159675598, 137.109695435, 607.270812988, -37.0622406006, 142.199295044, -100.347190857, 18.1002006531, 86.6910552979, 120.141487122, -6.97902917862], [-95.3440322876, 268.747619629, -171.714248657, 0.315160423517, 65.5320892334, -37.0622406006, 187.078109741, 3.90534758568, 40.0989761353, -4.99163198471, 2.30223202705, -37.1154747009, 9.53618907928], [259.698944092, -228.089584351, 198.262054443, 92.8967208862, 37.9676895142, 142.199295044, 3.90534758568, 222.950302124, 33.7704658508, 23.0051898956, 2.73866295815, 13.9006414413, -6.9731965065], [-106.339179993, 109.034721375, -108.576332092, 7.61943149567, 0.269262433052, -100.347190857, 40.0989761353, 33.7704658508, 156.791763306, 47.4157066345, -29.1108474731, -43.2314605713, -7.73905563354], [193.813842773, -125.838905334, 10.271604538, -12.7559394836, -6.44463539124, 18.1002006531, -4.99163198471, 23.0051898956, 47.4157066345, 116.925689697, 19.1252098083, 6.04196310043, -35.651599884], [-145.738357544, 55.0134620667, 99.7052993774, 24.66173172, 37.121761322, 86.6910552979, 2.30223202705, 2.73866295815, -29.1108474731, 19.1252098083, 132.453338623, 43.9316444397, 11.533577919], [106.301689148, -262.278320312, 216.276382446, 24.9059448242, 0.270839482546, 120.141487122, -37.1154747009, 13.9006414413, -43.2314605713, 6.04196310043, 43.9316444397, 147.50843811, 10.3839759827], [-232.608581543, 139.474578857, -44.641368866, 21.4882488251, 23.4523239136, -6.97902917862, 9.53618907928, -6.9731965065, -7.73905563354, -35.651599884, 11.533577919, 10.3839759827, 92.898651123]], "icov": [[0.000157103218953, -0.000115289534733, 0.000136828501127, -5.37421874469e-05, 0.000250451470492, -0.000279038649751, 8.6141495558e-05, -0.000243637725362, 0.000243561618845, -0.000316831341479, 0.000407888204791, -0.000304671877529, 0.000415439368226], [-0.000115289534733, 0.00197763135657, -0.000260187574895, 0.000680978409946, -0.00128673552535, 0.00129658938386, -0.00145346135832, 0.00128177576698, -0.00112158805132, 0.00188901193906, -0.00264316843823, 0.00286407372914, -0.00223317998461], [0.000136828501127, -0.000260187574895, 0.00114046491217, -0.000227085707593, -0.00019979008357, -0.00115881161764, 0.00103735423181, -0.000486051925691, -5.24192182638e-06, 2.89531471935e-05, 0.000531533791218, -0.00119179394096, 0.00123211450409], [-5.37421874469e-05, 0.000680978409946, -0.000227085707593, 0.00428301328793, -0.000938845798373, 0.000124963073176, -0.000303904729662, -0.000817175663542, -0.00110193621367, 0.00157280627172, -0.00140378985088, 0.00089290359756, -0.00145425146911], [0.000250451470492, -0.00128673552535, -0.00019979008357, -0.000938845798373, 0.00624618399888, -0.00198435364291, -0.00113853858784, -0.00071334693348, 0.000600695842877, -0.00141414394602, 0.00128371315077, -0.000811909034383, 0.000456231471617], [-0.000279038649751, 0.00129658938386, -0.00115881161764, 0.000124963073176, -0.00198435364291, 0.00504463678226, -0.00130291644018, -0.00057210662635, 0.00138604850508, 0.000416491559008, -0.00267905904911, 0.0011176209664, -0.00177737046033], [8.6141495558e-05, -0.00145346135832, 0.00103735423181, -0.000303904729662, -0.00113853858784, -0.00130291644018, 0.0083580436185, -0.00118602253497, -0.000980296405032, -0.000177672234713, 0.00119054678362, -0.00161991477944, 0.00209260848351], [-0.000243637725362, 0.00128177576698, -0.000486051925691, -0.000817175663542, -0.00071334693348, -0.00057210662635, -0.00118602253497, 0.00752800283954, -0.00303517049178, 0.00105581537355, -0.00128896592651, 0.00233574956656, -0.00170379504561], [0.000243561618845, -0.00112158805132, -5.24192182638e-06, -0.00110193621367, 0.000600695842877, 0.00138604850508, -0.000980296405032, -0.00303517049178, 0.0116920061409, -0.00652081286535, 0.00357481930405, -0.000469361431897, 0.000451591913588], [-0.000316831341479, 0.00188901193906, 2.89531471935e-05, 0.00157280627172, -0.00141414394602, 0.000416491559008, -0.000177672234713, 0.00105581537355, -0.00652081286535, 0.0151069490239, -0.00576011976227, 0.00182392902207, 0.00227209273726], [0.000407888204791, -0.00264316843823, 0.000531533791218, -0.00140378985088, 0.00128371315077, -0.00267905904911, 0.00119054678362, -0.00128896592651, 0.00357481930405, -0.00576011976227, 0.013763492927, -0.00588177610189, 0.00186142488383], [-0.000304671877529, 0.00286407372914, -0.00119179394096, 0.00089290359756, -0.000811909034383, 0.0011176209664, -0.00161991477944, 0.00233574956656, -0.000469361431897, 0.00182392902207, -0.00588177610189, 0.0140706058592, -0.00539325224236], [0.000415439368226, -0.00223317998461, 0.00123211450409, -0.00145425146911, 0.000456231471617, -0.00177737046033, 0.00209260848351, -0.00170379504561, 0.000451591913588, 0.00227209273726, 0.00186142488383, -0.00539325224236, 0.0167758297175]], "mean": [1.25492143631, 96.8564834595, -116.131309509, 52.1901550293, -50.803730011, 4.55886697769, -24.5258293152, 5.8006310463, -19.0184020996, 0.833324313164, -13.5524549484, -8.33087253571, -4.54225683212]}, "melbands_spread": {"min": 0.287855356932, "max": 182.727386475, "dvar2": 166.948669434, "median": 21.283493042, "dmean2": 11.2984294891, "dmean": 7.17431545258, "var": 315.916687012, "dvar": 68.9210586548, "mean": 23.9377822876}, "spectral_energy": {"min": 1.09612417156e-20, "max": 0.171958148479, "dvar2": 0.000447171565611, "median": 0.0315498933196, "dmean2": 0.0185815617442, "dmean": 0.0111832097173, "var": 0.00032792869024, "dvar": 0.00018362190167, "mean": 0.0340290144086}, "mfcc": {"cov": [[7311.09667969, -610.470458984, -773.79119873, -23.9497966766, -351.115509033, -9.88326072693, -97.603302002, -13.9260511398, 37.5589370728, 104.655448914, 105.059127808, 2.54362249374, -1.20451796055], [-610.470458984, 1683.6072998, -576.062988281, 237.458465576, -211.499649048, -63.1066322327, -32.6518707275, -138.748596191, 22.1429824829, 8.56405067444, 16.4068279266, -59.4819793701, -71.5399932861], [-773.79119873, -576.062988281, 1627.01000977, -216.736877441, 603.0390625, 214.481903076, 268.096984863, 233.44984436, -25.1181602478, -32.4727478027, -65.2232208252, 130.331680298, 94.4356460571], [-23.9497966766, 237.458465576, -216.736877441, 336.479187012, -77.3508377075, -63.6575088501, -68.7223587036, -24.3362464905, 57.0645904541, 21.4830665588, 33.0291481018, -7.03640937805, -32.6660766602], [-351.115509033, -211.499649048, 603.0390625, -77.3508377075, 456.520050049, 121.318717957, 200.869552612, 135.71661377, 17.4659805298, 19.9278049469, -48.2634620667, 86.0243530273, 49.7921714783], [-9.88326072693, -63.1066322327, 214.481903076, -63.6575088501, 121.318717957, 220.757675171, 105.519874573, 52.9963912964, -6.57306814194, -6.44779539108, -7.18660974503, 7.46622848511, 45.8001441956], [-97.603302002, -32.6518707275, 268.096984863, -68.7223587036, 200.869552612, 105.519874573, 280.517547607, 112.79360199, -6.53229379654, 0.192683726549, -38.6251831055, 66.5152587891, 36.0306587219], [-13.9260511398, -138.748596191, 233.44984436, -24.3362464905, 135.71661377, 52.9963912964, 112.79360199, 166.979248047, 43.615978241, -3.57292866707, -24.9008102417, 41.8377799988, 33.1919784546], [37.5589370728, 22.1429824829, -25.1181602478, 57.0645904541, 17.4659805298, -6.57306814194, -6.53229379654, 43.615978241, 128.541748047, 62.9576263428, 15.8645029068, 0.378808885813, -14.9823093414], [104.655448914, 8.56405067444, -32.4727478027, 21.4830665588, 19.9278049469, -6.44779539108, 0.192683726549, -3.57292866707, 62.9576263428, 153.04574585, 60.6927070618, 3.86634492874, -22.5398139954], [105.059127808, 16.4068279266, -65.2232208252, 33.0291481018, -48.2634620667, -7.18660974503, -38.6251831055, -24.9008102417, 15.8645029068, 60.6927070618, 126.611534119, 12.9534988403, -8.57668018341], [2.54362249374, -59.4819793701, 130.331680298, -7.03640937805, 86.0243530273, 7.46622848511, 66.5152587891, 41.8377799988, 0.378808885813, 3.86634492874, 12.9534988403, 118.367553711, 41.7715835571], [-1.20451796055, -71.5399932861, 94.4356460571, -32.6660766602, 49.7921714783, 45.8001441956, 36.0306587219, 33.1919784546, -14.9823093414, -22.5398139954, -8.57668018341, 41.7715835571, 96.209022522]], "icov": [[0.000162219977938, 9.2225986009e-05, 0.000102725454781, 1.61864390975e-05, 0.000114562884846, -0.000100377030321, -1.41086393342e-05, -8.99927617866e-05, 1.89480379049e-05, -0.000112540939881, -1.76704979822e-05, -0.000108817104774, 2.23525512411e-05], [9.2225986009e-05, 0.000833911879454, 0.000226444040891, -0.000444085657364, 0.000147684288095, -0.000119090349472, -0.000541604764294, 0.00061903957976, -0.000221490045078, 9.05363849597e-05, 4.52408894489e-05, 5.46811643289e-05, 0.000184727105079], [0.000102725454781, 0.000226444040891, 0.00149233953562, 0.000325214903569, -0.00155136559624, -0.000423952995334, 0.000322184350807, -0.000778816640377, 0.000455480098026, 0.000310881267069, -0.000257716252236, -0.000328975875163, 0.000231628509937], [1.61864390975e-05, -0.000444085657364, 0.000325214903569, 0.00398239074275, -0.000288962619379, 0.000449642335298, 0.000687378516886, -0.000261025561485, -0.00159324903507, 0.00062536058249, -0.000755964487325, -0.000586234149523, 0.00055657653138], [0.000114562884846, 0.000147684288095, -0.00155136559624, -0.000288962619379, 0.00607334356755, -0.000873326440342, -0.00172874878626, -0.000492841703817, -0.00039295561146, -0.00174223142676, 0.00185254600365, -0.00160082767252, 1.6723652152e-05], [-0.000100377030321, -0.000119090349472, -0.000423952995334, 0.000449642335298, -0.000873326440342, 0.00696851033717, -0.00217581307516, 0.000270067859674, -0.000425578822615, 0.000600113358814, -0.00152774387971, 0.00297178910114, -0.00301684159786], [-1.41086393342e-05, -0.000541604764294, 0.000322184350807, 0.000687378516886, -0.00172874878626, -0.00217581307516, 0.00773026468232, -0.00387623277493, 0.00226268963888, -0.00124798610341, 0.00156567443628, -0.00275672948919, 0.00128346693236], [-8.99927617866e-05, 0.00061903957976, -0.000778816640377, -0.000261025561485, -0.000492841703817, 0.000270067859674, -0.00387623277493, 0.0125207612291, -0.00585872447118, 0.00229183770716, 0.000295018980978, -0.000176481233211, -0.00187896599527], [1.89480379049e-05, -0.000221490045078, 0.000455480098026, -0.00159324903507, -0.00039295561146, -0.000425578822615, 0.00226268963888, -0.00585872447118, 0.0134951081127, -0.00557767553255, 0.00110648642294, -5.24189526914e-05, 0.00134353840258], [-0.000112540939881, 9.05363849597e-05, 0.000310881267069, 0.00062536058249, -0.00174223142676, 0.000600113358814, -0.00124798610341, 0.00229183770716, -0.00557767553255, 0.0114474054426, -0.00524022197351, 0.00060332386056, 0.00134998769499], [-1.76704979822e-05, 4.52408894489e-05, -0.000257716252236, -0.000755964487325, 0.00185254600365, -0.00152774387971, 0.00156567443628, 0.000295018980978, 0.00110648642294, -0.00524022197351, 0.0118739409372, -0.00329600227997, 0.000544281909242], [-0.000108817104774, 5.46811643289e-05, -0.000328975875163, -0.000586234149523, -0.00160082767252, 0.00297178910114, -0.00275672948919, -0.000176481233211, -5.24189526914e-05, 0.00060332386056, -0.00329600227997, 0.0136448908597, -0.0054146819748], [2.23525512411e-05, 0.000184727105079, 0.000231628509937, 0.00055657653138, 1.6723652152e-05, -0.00301684159786, 0.00128346693236, -0.00187896599527, 0.00134353840258, 0.00134998769499, 0.000544281909242, -0.0054146819748, 0.0150133194402]], "mean": [-637.320373535, 116.505844116, -0.258331716061, 45.2955245972, 1.25989603996, 7.3525056839, 5.11284399033, 0.734399318695, 4.34775304794, 6.79188919067, -0.742708265781, -1.60855340958, -3.43153214455]}, "spectral_contrast_valleys": {"min": [-28.02759552, -27.1992492676, -27.559337616, -27.0475711823, -27.2715950012, -27.2329463959], "max": [-5.19702005386, -4.61954832077, -5.42788505554, -5.83732366562, -5.64339590073, -7.75631380081], "dvar2": [0.255384773016, 0.272510498762, 0.208956241608, 0.202753454447, 0.198452845216, 0.326739281416], "median": [-6.6292219162, -6.68492269516, -7.3955745697, -7.58024740219, -7.01885414124, -9.94656562805], "dmean2": [0.592147648335, 0.583340108395, 0.503362596035, 0.453367769718, 0.377605140209, 0.425332129002], "dmean": [0.352815687656, 0.358986973763, 0.318802624941, 0.292602360249, 0.254899054766, 0.298327147961], "var": [1.26647114754, 1.14129769802, 1.09178495407, 1.22741985321, 1.29297447205, 1.95212376118], "dvar": [0.119030021131, 0.130757778883, 0.111763544381, 0.114372417331, 0.121393054724, 0.181503385305], "mean": [-6.91969013214, -6.82053518295, -7.51938486099, -7.75657176971, -7.28373003006, -10.3077993393]}, "barkbands_flatness_db": {"min": 0.0189025569707, "max": 0.515840291977, "dvar2": 0.00133396300953, "median": 0.138113409281, "dmean2": 0.0363956987858, "dmean": 0.0233596526086, "var": 0.00513137038797, "dvar": 0.000619764265139, "mean": 0.147161334753}, "dynamic_complexity": 2.78804540634, "erbbands_flatness_db": {"min": 0.0372118391097, "max": 0.381223112345, "dvar2": 0.000648980319966, "median": 0.148260802031, "dmean2": 0.0226385202259, "dmean": 0.0150875719264, "var": 0.00422854535282, "dvar"