{"lowlevel": {"spectral_complexity": {"min": 0, "max": 56, "dvar2": 29.9182262421, "median": 8, "dmean2": 3.63957333565, "dmean": 2.44853782654, "var": 62.5475540161, "dvar": 17.1828937531, "mean": 9.81605911255}, "silence_rate_20dB": {"min": 1, "max": 1, "dvar2": 0, "median": 1, "dmean2": 0, "dmean": 0, "var": 0, "dvar": 0, "mean": 1}, "average_loudness": 0.758669435978, "erbbands_spread": {"min": 0.777758538723, "max": 167.283493042, "dvar2": 563.399841309, "median": 23.618637085, "dmean2": 17.2828025818, "dmean": 11.3550519943, "var": 665.878234863, "dvar": 264.517578125, "mean": 32.0407333374}, "spectral_kurtosis": {"min": -1.37771368027, "max": 268.837341309, "dvar2": 168.5209198, "median": 5.1274805069, "dmean2": 6.44054317474, "dmean": 4.24646282196, "var": 336.476501465, "dvar": 86.0264053345, "mean": 10.5565280914}, "barkbands_kurtosis": {"min": -1.95133209229, "max": 831.792907715, "dvar2": 916.345153809, "median": 6.7723274231, "dmean2": 13.0706386566, "dmean": 8.41641330719, "var": 699.173461914, "dvar": 399.804534912, "mean": 14.0021934509}, "spectral_strongpeak": {"min": 0, "max": 13.242351532, "dvar2": 1.14536881447, "median": 0.398024439812, "dmean2": 0.668826699257, "dmean": 0.411011308432, "var": 1.24618554115, "dvar": 0.481314450502, "mean": 0.845072805882}, "spectral_spread": {"min": 354775.4375, "max": 39366268, "dvar2": 2443146952700.0, "median": 4966344, "dmean2": 1255513.75, "dmean": 862086.3125, "var": 5429434253310.0, "dvar": 1387060133890.0, "mean": 5192796}, "spectral_rms": {"min": 3.29493897444e-12, "max": 0.0117846895009, "dvar2": 1.95273105419e-06, "median": 0.00327811134048, "dmean2": 0.00113352574408, "dmean": 0.000806356198154, "var": 5.67351025893e-06, "dvar": 1.15104023735e-06, "mean": 0.00372069166042}, "erbbands": {"min": [8.35393853645e-22, 3.75748570398e-21, 1.72720578715e-20, 6.77368445473e-20, 1.09698754132e-19, 1.38691447527e-19, 1.88946844417e-19, 8.66826035144e-19, 5.90267399721e-19, 6.62410784026e-19, 8.81809377965e-19, 3.57154177076e-19, 2.33708549702e-18, 2.04626347611e-18, 3.46490924591e-18, 6.00926945403e-18, 4.07117535265e-18, 3.91382947012e-18, 3.68230699334e-18, 4.66826533807e-18, 7.64086749586e-18, 1.11165034132e-17, 1.03413342632e-17, 1.29468622028e-17, 1.19799956002e-17, 1.41226580845e-17, 1.92439880285e-17, 1.46508178687e-17, 1.4860448597e-17, 1.76128457632e-17, 2.02459568676e-17, 1.88063102228e-17, 2.19100556628e-17, 1.48376862409e-17, 1.00472136528e-17, 6.03801935699e-18, 3.43749358528e-18, 1.42422417245e-18, 3.34696456089e-19, 3.29431076674e-20], "max": [3.42710113525, 26.4471626282, 57.4899711609, 67.9305419922, 102.75579834, 340.327331543, 460.336334229, 893.825317383, 1698.75952148, 2724.26977539, 2278.3972168, 1821.92590332, 1213.33984375, 1106.97021484, 1727.1784668, 2623.68847656, 2427.68261719, 880.152099609, 962.278808594, 581.989746094, 508.698822021, 393.271209717, 397.784729004, 192.834686279, 227.106582642, 716.938781738, 249.214950562, 352.478149414, 438.447265625, 472.624237061, 505.948669434, 434.708587646, 245.794052124, 172.130722046, 59.2364768982, 21.4575538635, 5.03484725952, 0.634331047535, 0.0823239907622, 0.00417635822669], "dvar2": [0.115832686424, 8.72285079956, 44.4350166321, 51.1783866882, 56.9918899536, 1017.39556885, 1095.69897461, 1793.50341797, 6976.54052734, 16839.8867188, 10437.3378906, 4079.48388672, 2511.44921875, 2728.81176758, 3291.59667969, 3008.02783203, 4344.73583984, 916.765075684, 572.879394531, 332.287719727, 383.043212891, 163.877410889, 149.327087402, 144.643844604, 161.139984131, 187.145858765, 60.7215194702, 183.445541382, 283.549316406, 312.405212402, 353.100921631, 221.549468994, 77.3376922607, 32.9683876038, 5.28256607056, 0.525156080723, 0.0424379110336, 0.0020253113471, 6.30921858829e-05, 2.26503203749e-07], "median": [0.00807215180248, 0.077611617744, 0.246098682284, 0.642006933689, 1.46695828438, 2.70931696892, 5.22684192657, 6.91053724289, 8.02809429169, 7.20951604843, 5.09378623962, 3.85245418549, 2.93298459053, 2.67482161522, 1.78080797195, 1.10683751106, 0.984036684036, 0.777612805367, 0.661300837994, 0.43393483758, 0.402942061424, 0.384721398354, 0.460121840239, 0.523143827915, 0.590587079525, 0.567420959473, 0.395559668541, 0.453836530447, 0.474084794521, 0.481581032276, 0.401131570339, 0.287325143814, 0.176489785314, 0.0963376387954, 0.0545470677316, 0.0238479729742, 0.00795396417379, 0.00141710916068, 0.000142332050018, 2.77537365037e-05], "dmean2": [0.120501868427, 1.15593492985, 2.47720575333, 3.1546318531, 4.21205806732, 13.4339237213, 16.071187973, 16.9956550598, 28.5065021515, 42.2100067139, 31.484369278, 18.8148937225, 18.6436233521, 17.0136508942, 14.9775953293, 12.0139017105, 12.6069488525, 7.96475124359, 6.32637834549, 4.61630773544, 5.37775230408, 3.95008039474, 4.07147407532, 4.35045051575, 4.56925487518, 3.64586162567, 2.80978035927, 3.8911075592, 5.00664663315, 4.58239078522, 4.18670415878, 3.20967507362, 2.07607126236, 1.17492330074, 0.580048680305, 0.198571383953, 0.0600720234215, 0.0133978296071, 0.00191815011203, 0.00011909618479], "dmean": [0.0735019296408, 0.729030966759, 1.49382472038, 1.83971273899, 2.57698202133, 8.56216812134, 9.90098381042, 10.94942379, 18.5003376007, 27.7248191833, 21.6603794098, 12.7773456573, 12.4288129807, 11.4612493515, 10.0895013809, 8.37357902527, 8.51649188995, 5.2939491272, 4.36186790466, 3.08213949203, 3.37087035179, 2.55368638039, 2.62978649139, 2.76965475082, 2.94045686722, 2.46056628227, 1.89344370365, 2.59735369682, 3.24169874191, 3.24126315117, 2.92256855965, 2.26953196526, 1.46400558949, 0.821722447872, 0.407699108124, 0.140487611294, 0.0410523936152, 0.00918706227094, 0.00125658197794, 7.80414848123e-05], "var": [0.0510756410658, 5.15867614746, 17.6755428314, 18.8677101135, 36.2883453369, 602.572998047, 758.53704834, 1682.84240723, 7176.16748047, 16943.5664062, 15776.9228516, 3666.76831055, 3496.12988281, 3041.36791992, 3409.75976562, 4975.34033203, 5595.44824219, 609.281860352, 691.401245117, 264.969177246, 232.172836304, 124.217330933, 138.54776001, 95.4978561401, 129.218292236, 196.121536255, 68.8447799683, 111.481483459, 182.938034058, 243.933517456, 262.66317749, 201.565093994, 69.2948455811, 25.7418613434, 3.90323901176, 0.441939264536, 0.030035296455, 0.00119795917999, 2.50619214057e-05, 8.71528342827e-08], "dvar": [0.046594645828, 4.04967212677, 17.0580329895, 18.6399230957, 22.2418556213, 448.710845947, 446.434387207, 793.110534668, 3062.61987305, 7744.09765625, 5561.75488281, 1822.8671875, 1210.94006348, 1253.63623047, 1576.35913086, 1624.97802734, 2316.02612305, 395.380554199, 303.002075195, 145.871292114, 161.01914978, 72.6541366577, 69.1202316284, 62.3451538086, 75.6460876465, 105.642158508, 32.2958831787, 78.0080871582, 123.433540344, 147.057647705, 161.135238647, 112.030632019, 38.6177482605, 15.3949050903, 2.53254294395, 0.263944268227, 0.0199622567743, 0.000923990213778, 2.59109601757e-05, 9.27769292502e-08], "mean": [0.0924533382058, 0.926642537117, 1.76484441757, 2.23533821106, 3.82478904724, 11.4939699173, 15.434762001, 19.8806743622, 34.6920051575, 46.9135665894, 38.9606170654, 23.0011634827, 22.5714817047, 20.7996940613, 17.5542850494, 14.9445075989, 13.8602514267, 7.90348529816, 6.91125154495, 4.59516000748, 4.44295835495, 3.62783360481, 3.64658904076, 3.98571133614, 4.43579483032, 3.62981343269, 2.612398386, 3.27067017555, 4.09023094177, 4.34367656708, 3.94125247002, 3.10643625259, 1.9420799017, 1.09950792789, 0.534941494465, 0.201445043087, 0.0591187551618, 0.0121365478262, 0.00141860893928, 9.44598432397e-05]}, "zerocrossingrate": {"min": 0, "max": 0.78857421875, "dvar2": 0.000443815195467, "median": 0.03564453125, "dmean2": 0.0144386785105, "dmean": 0.0128796510398, "var": 0.00269109592773, "dvar": 0.000421539240051, "mean": 0.0514181181788}, "spectral_contrast_coeffs": {"min": [-0.961037456989, -0.967739224434, -0.965299129486, -0.961349725723, -0.960284888744, -0.962602555752], "max": [-0.240398153663, -0.351160228252, -0.376631140709, -0.458962619305, -0.592352449894, -0.639735519886], "dvar2": [0.00483370572329, 0.00422978168353, 0.00262332730927, 0.00205304822885, 0.000927481625695, 0.000943737046327], "median": [-0.642540216446, -0.715889394283, -0.756068885326, -0.804311811924, -0.823926150799, -0.807108342648], "dmean2": [0.0847453400493, 0.0752344802022, 0.0601174533367, 0.0516639202833, 0.0344282202423, 0.0302071105689], "dmean": [0.0523634254932, 0.0468698702753, 0.0390260219574, 0.0329088158906, 0.0220460686833, 0.0195091217756], "var": [0.0101408632472, 0.00755724590272, 0.00681189913303, 0.00497977621853, 0.00223255343735, 0.00200216006488], "dvar": [0.00197596009821, 0.00172637554351, 0.00122053956147, 0.000916977587622, 0.000429301871918, 0.000433438661275], "mean": [-0.631228506565, -0.704563379288, -0.74772554636, -0.793513000011, -0.81911945343, -0.804006695747]}, "dissonance": {"min": 0.0825336351991, "max": 0.500000119209, "dvar2": 0.0030367448926, "median": 0.437973439693, "dmean2": 0.0575396567583, "dmean": 0.0350379869342, "var": 0.00320862303488, "dvar": 0.00119009905029, "mean": 0.424521923065}, "spectral_energyband_high": {"min": 8.08826007904e-21, "max": 0.043133713305, "dvar2": 4.00366934628e-06, "median": 8.79249928403e-05, "dmean2": 0.000593109522015, "dmean": 0.000424221536377, "var": 4.12151985074e-06, "dvar": 2.10330131267e-06, "mean": 0.000625858199783}, "spectral_skewness": {"min": -0.866774439812, "max": 14.0403852463, "dvar2": 0.851657509804, "median": 2.00151729584, "dmean2": 0.678147494793, "dmean": 0.471517980099, "var": 2.17768192291, "dvar": 0.464232832193, "mean": 2.35269403458}, "spectral_flux": {"min": 1.05489519897e-10, "max": 0.322666049004, "dvar2": 0.00271187745966, "median": 0.0524762421846, "dmean2": 0.0418343245983, "dmean": 0.0262446124107, "var": 0.00297336187214, "dvar": 0.00116184877697, "mean": 0.0679528489709}, "silence_rate_30dB": {"min": 0, "max": 1, "dvar2": 0.00596119929105, "median": 1, "dmean2": 0.00420134142041, "dmean": 0.00210050097667, "var": 0.00137142790481, "dvar": 0.00209579966031, "mean": 0.998626708984}, "spectral_energyband_middle_high": {"min": 1.40043242805e-21, "max": 0.0552799515426, "dvar2": 1.05529152279e-05, "median": 0.000436767062638, "dmean2": 0.00137777067721, "dmean": 0.000992775312625, "var": 2.25694366236e-05, "dvar": 5.55700535187e-06, "mean": 0.00232647149824}, "barkbands_spread": {"min": 0.22470086813, "max": 145.757324219, "dvar2": 205.284378052, "median": 9.10311603546, "dmean2": 8.85228919983, "dmean": 5.82943344116, "var": 267.670166016, "dvar": 100.019500732, "mean": 14.6708345413}, "spectral_centroid": {"min": 104.677406311, "max": 11241.2626953, "dvar2": 284610.875, "median": 618.500549316, "dmean2": 314.372436523, "dmean": 212.450561523, "var": 499869.375, "dvar": 157397.5625, "mean": 824.13079834}, "pitch_salience": {"min": 0.0180361904204, "max": 0.94360858202, "dvar2": 0.0144117875025, "median": 0.577435433865, "dmean2": 0.129063129425, "dmean": 0.0803094431758, "var": 0.0191259849817, "dvar": 0.00627193320543, "mean": 0.55786049366}, "erbbands_skewness": {"min": -6.01110267639, "max": 10.0664377213, "dvar2": 0.935022950172, "median": 1.29112815857, "dmean2": 0.88531845808, "dmean": 0.598750591278, "var": 1.91591143608, "dvar": 0.459591239691, "mean": 1.33734798431}, "erbbands_crest": {"min": 2.23346590996, "max": 32.3985061646, "dvar2": 19.9984149933, "median": 10.5465307236, "dmean2": 4.84712934494, "dmean": 3.07247138023, "var": 31.5257949829, "dvar": 8.95063972473, "mean": 11.770447731}, "melbands": {"min": [6.69707804222e-24, 7.26865194427e-24, 1.45366933102e-23, 7.55491142297e-24, 7.83790343981e-24, 1.77093262102e-23, 9.51969572517e-24, 7.93833726595e-24, 6.07391658128e-24, 2.49070307657e-24, 1.2240835919e-23, 8.64636753852e-24, 7.10823865691e-24, 2.10197999316e-23, 8.72733858842e-24, 8.30888337694e-24, 6.90050397044e-24, 6.08457409211e-24, 4.91391121408e-24, 7.73178350425e-24, 9.01798176717e-24, 1.31415785998e-23, 7.55453908062e-24, 1.08101617256e-23, 1.0441127861e-23, 8.32237210955e-24, 9.91818723372e-24, 8.87433571836e-24, 1.1224732586e-23, 1.19264440827e-23, 7.81572461545e-24, 8.15233235257e-24, 9.93596894738e-24, 9.48142177177e-24, 1.26201241865e-23, 1.0599291317e-23, 1.18770448239e-23, 1.53975503948e-23, 1.33258344192e-23, 1.24655492587e-23], "max": [0.0324512012303, 0.0330840200186, 0.0103311631829, 0.0124461613595, 0.0137659925967, 0.0202731862664, 0.0235533565283, 0.0253793150187, 0.0157912783325, 0.0101104229689, 0.00672775693238, 0.00415234733373, 0.00676558492705, 0.0051023340784, 0.00498889712617, 0.00537908263505, 0.00198585656472, 0.0017327562673, 0.00100080063567, 0.000594038690906, 0.000788251170889, 0.000402716425015, 0.000435464491602, 0.000219765657675, 0.000180652961717, 0.000176126603037, 0.000356830772944, 0.000504215597175, 0.000223124254262, 0.000196514069103, 0.000255790830124, 0.000174361921381, 0.000433443172369, 0.000190749749891, 0.000286711991066, 0.000281412823824, 0.000305189052597, 0.000171448336914, 0.000166505298694, 0.000148968363646], "dvar2": [1.03475331343e-05, 1.15434731924e-05, 1.36876951728e-06, 1.48732840444e-06, 1.457781309e-06, 7.94538095761e-07, 1.56634780524e-06, 1.95762504518e-06, 5.46841590676e-07, 1.44568033988e-07, 6.75202258549e-08, 5.22514476131e-08, 5.28285859502e-08, 2.34724399917e-08, 1.78084658131e-08, 1.64539653014e-08, 3.38796857235e-09, 1.98937954998e-09, 8.82334927343e-10, 6.69146404952e-10, 5.41872768878e-10, 1.85893855864e-10, 1.41240866225e-10, 1.26608293294e-10, 1.13124738743e-10, 9.08844735581e-11, 9.70396749067e-11, 9.24245541212e-11, 2.66539828403e-11, 4.27751584153e-11, 8.5492217472e-11, 9.51906192759e-11, 1.36823191665e-10, 1.00058322738e-10, 1.16244631976e-10, 1.56895232917e-10, 7.5528291954e-11, 4.37622299509e-11, 3.35801352003e-11, 2.42798940675e-11], "median": [8.92318275874e-05, 0.000134862406412, 0.000136870410643, 0.000158555048984, 0.00018630787963, 0.000152800988872, 0.000117054558359, 7.01494427631e-05, 3.51572925865e-05, 2.01299753826e-05, 1.29119407575e-05, 9.54747611104e-06, 4.93098468723e-06, 3.02293983623e-06, 1.9829235498e-06, 1.69164911767e-06, 1.18907723845e-06, 1.02207093278e-06, 5.22494246979e-07, 4.67135265581e-07, 3.9672701746e-07, 3.56364694198e-07, 3.36527335776e-07, 3.74738164055e-07, 3.75486877147e-07, 3.83881655353e-07, 4.01659292493e-07, 3.31718126745e-07, 2.24584454145e-07, 2.110908639e-07, 2.61764142806e-07, 2.53854949506e-07, 2.46366028023e-07, 2.58199520431e-07, 2.36389169572e-07, 1.75764100163e-07, 1.60380736247e-07, 1.27464389266e-07, 8.64109424015e-08, 7.01516498225e-08], "dmean2": [0.00121587957256, 0.00129018793814, 0.000539961503819, 0.000580952852033, 0.000592211727053, 0.000377744378056, 0.000438992225099, 0.000463851756649, 0.000232195176068, 0.000115084236313, 9.73945279839e-05, 7.58760215831e-05, 5.42945563211e-05, 3.96295654355e-05, 2.96788803098e-05, 2.44675520662e-05, 1.50641008076e-05, 1.13351898108e-05, 7.34131845093e-06, 6.61568537907e-06, 6.31005787e-06, 4.29290230386e-06, 3.7618465285e-06, 3.89211891161e-06, 3.77907531401e-06, 3.50675759364e-06, 3.27680891132e-06, 2.43966655944e-06, 1.81431619239e-06, 2.00870908884e-06, 2.49445065492e-06, 3.0078178952e-06, 2.70796817858e-06, 2.65235621555e-06, 2.5144652227e-06, 2.34156755141e-06, 1.87479497527e-06, 1.59882836215e-06, 1.23113818518e-06, 9.4520055427e-07], "dmean": [0.000760514580179, 0.000820298038889, 0.000319043552736, 0.000367182830814, 0.000370708410628, 0.00024211667187, 0.00028671711334, 0.000304052140564, 0.000160410330864, 7.7969947597e-05, 6.48483764962e-05, 5.09365927428e-05, 3.62022437912e-05, 2.76181999652e-05, 2.01443654078e-05, 1.63518961926e-05, 9.83060817816e-06, 7.74285126681e-06, 4.84123984279e-06, 4.29752253694e-06, 3.93251593778e-06, 2.73173259302e-06, 2.38664711105e-06, 2.47323077929e-06, 2.35751394939e-06, 2.26635529543e-06, 2.10662346944e-06, 1.62839717177e-06, 1.17749061701e-06, 1.35181971928e-06, 1.61289301559e-06, 1.92732500182e-06, 1.8027300257e-06, 1.84660666491e-06, 1.72195609593e-06, 1.62129970249e-06, 1.33069818276e-06, 1.10954943011e-06, 8.5519758386e-07, 6.57104521906e-07], "var": [5.5791624618e-06, 6.08884465692e-06, 5.57982389182e-07, 9.47352930325e-07, 1.0143334066e-06, 7.6872805721e-07, 1.61932462106e-06, 2.09337986234e-06, 7.97610937298e-07, 1.32840071387e-07, 9.51348582134e-08, 6.09235186744e-08, 4.54217534696e-08, 3.80279701062e-08, 3.28315543641e-08, 1.35990019245e-08, 2.15755147082e-09, 2.23475993266e-09, 8.08580480349e-10, 3.91226662178e-10, 3.44589246026e-10, 1.35116834388e-10, 1.38207945088e-10, 8.47046183194e-11, 6.72072952845e-11, 6.69353114602e-11, 8.75904487829e-11, 9.20677215022e-11, 2.81927328705e-11, 3.04115968519e-11, 4.28198899949e-11, 5.68236811771e-11, 7.82260714538e-11, 7.83365525225e-11, 8.77119696319e-11, 9.74292452272e-11, 7.05588712457e-11, 3.66623537085e-11, 2.75716116604e-11, 1.60334696908e-11], "dvar": [4.57251735497e-06, 4.91948730996e-06, 5.04581635141e-07, 6.4857340476e-07, 6.11995687905e-07, 3.52352969912e-07, 6.97034010955e-07, 8.9232321443e-07, 2.92047161565e-07, 6.45877165084e-08, 3.25175371074e-08, 2.40649082883e-08, 2.39861321916e-08, 1.33910385003e-08, 9.24143517267e-09, 8.02054067606e-09, 1.47803980166e-09, 1.03690289688e-09, 4.51822357306e-10, 2.7670368774e-10, 2.34405189703e-10, 8.11583508731e-11, 6.717024853e-11, 5.48069367667e-11, 4.72030921295e-11, 4.09985517758e-11, 4.8585264284e-11, 5.16306927767e-11, 1.40529636539e-11, 1.92081038575e-11, 3.43201647657e-11, 4.08812463049e-11, 5.72491290485e-11, 4.74921386939e-11, 5.25577185939e-11, 7.01536953529e-11, 3.77574048416e-11, 2.136043252e-11, 1.60122401449e-11, 1.06974646155e-11], "mean": [0.000979935401119, 0.00106869952288, 0.000419168645749, 0.000525049865246, 0.00057463120902, 0.00043980506598, 0.000532676000148, 0.000520745350514, 0.000284844107227, 0.000135515045258, 0.000114787704661, 8.97057980183e-05, 5.83198780078e-05, 4.65266857645e-05, 3.55719275831e-05, 2.36722262343e-05, 1.36747830766e-05, 1.17207500807e-05, 6.79590220898e-06, 5.65928985452e-06, 4.9229392971e-06, 3.70599991584e-06, 3.29745193994e-06, 3.22527989738e-06, 3.19253490488e-06, 3.31231035489e-06, 3.05498747366e-06, 2.25203461923e-06, 1.56558849085e-06, 1.68469443906e-06, 1.96655946638e-06, 2.32168849834e-06, 2.33002879213e-06, 2.42440660259e-06, 2.30346950048e-06, 2.06844697459e-06, 1.8214799411e-06, 1.42696296734e-06, 1.1018242958e-06, 8.65573326791e-07]}, "spectral_entropy": {"min": 4.39396333694, "max": 9.80180454254, "dvar2": 0.303656876087, "median": 7.10110712051, "dmean2": 0.458311229944, "dmean": 0.32171228528, "var": 0.694321751595, "dvar": 0.162773162127, "mean": 7.01305389404}, "spectral_rolloff": {"min": 21.533203125, "max": 21468.6035156, "dvar2": 3619129, "median": 559.86328125, "dmean2": 776.711914062, "dmean": 461.786804199, "var": 3884825.25, "dvar": 1723039.25, "mean": 1183.30224609}, "barkbands": {"min": [7.71694976379e-24, 1.97754791387e-23, 1.68711504544e-23, 3.67179157976e-23, 3.81299957506e-23, 7.22983257244e-23, 4.50914818245e-23, 3.83142452591e-23, 1.67091215799e-23, 9.31154183801e-23, 3.53360208183e-23, 1.56739719891e-22, 7.91652589301e-23, 7.72841033502e-23, 7.73135057739e-23, 1.2526009294e-22, 1.83019743736e-22, 2.323627283e-22, 2.12981589684e-22, 2.96859970667e-22, 4.37196558658e-22, 4.79894355661e-22, 6.60129559241e-22, 1.12080842445e-21, 1.38008077595e-21, 1.71284931637e-21, 2.4234418912e-21], "max": [0.00424890592694, 0.11109097302, 0.042551510036, 0.0257648602128, 0.0642427802086, 0.10993796587, 0.101510889828, 0.0886907726526, 0.0723016709089, 0.0484802350402, 0.040854472667, 0.0506675094366, 0.0498961471021, 0.0157727655023, 0.0149699822068, 0.00797222275287, 0.00570230651647, 0.00648122420534, 0.00433376058936, 0.0129358433187, 0.0064916247502, 0.014516511932, 0.0145697398111, 0.0171228963882, 0.0104265678674, 0.00366913597099, 0.000467628007755], "dvar2": [1.61094291684e-07, 0.000141016120324, 2.93247558147e-05, 7.02945817466e-06, 3.82467842428e-05, 1.90064729395e-05, 4.07697807532e-05, 3.62883547496e-05, 7.23540961189e-06, 3.4339504964e-06, 2.87077909888e-06, 2.00954491447e-06, 1.97894291887e-06, 3.35972600851e-07, 1.96431770405e-07, 1.29961108541e-07, 5.18676692707e-08, 4.69304843875e-08, 6.45535536137e-08, 6.75014106832e-08, 6.1259449069e-08, 2.38146313336e-07, 4.03706252428e-07, 3.41861294828e-07, 1.64767740785e-07, 1.56433248577e-08, 1.96118055129e-09], "median": [1.04342943814e-05, 0.000356593634933, 0.000212361759623, 0.000216132888454, 0.000913268420845, 0.000743386452086, 0.00049577257596, 0.00022094520682, 0.000141613505548, 7.82078132033e-05, 2.64692298515e-05, 2.35949828493e-05, 1.84100790648e-05, 1.34231850097e-05, 7.99571171228e-06, 6.45363115837e-06, 6.2253766373e-06, 7.78848152549e-06, 1.01156392702e-05, 1.19092292152e-05, 1.07414789454e-05, 1.3943104932e-05, 1.46897682498e-05, 1.24028683786e-05, 8.32992191135e-06, 4.82551149616e-06, 8.19464787583e-07], "dmean2": [0.000139729847433, 0.00467508146539, 0.00207949662581, 0.00116971426178, 0.00299581792206, 0.00195159541909, 0.00235585775226, 0.00187823304441, 0.000835914746858, 0.000667625863571, 0.000396361865569, 0.000334064563503, 0.000291461037705, 0.000155297937454, 0.000111118264613, 9.93082358036e-05, 7.20863754395e-05, 7.60362818255e-05, 9.11391471163e-05, 7.6763346442e-05, 7.97548636911e-05, 0.000139316762215, 0.000146779915667, 0.000135203881655, 9.18112928048e-05, 3.55553274858e-05, 1.12276093205e-05], "dmean": [8.22991059977e-05, 0.00294669368304, 0.00123169797007, 0.000684072787408, 0.0018922877498, 0.0012349387398, 0.00154582993127, 0.0012378905667, 0.000566855422221, 0.000439979601651, 0.000256180937868, 0.000226616743021, 0.000192360632354, 0.000101957310108, 7.29334933567e-05, 6.3072926423e-05, 4.56462403235e-05, 4.85473574372e-05, 5.85461821174e-05, 5.18012675457e-05, 5.38937092642e-05, 9.17682336876e-05, 0.000102611069451, 9.63407146628e-05, 6.43053135718e-05, 2.490532097e-05, 7.49305536374e-06], "var": [6.00859095812e-08, 8.52925004438e-05, 1.092513412e-05, 2.53805023931e-06, 2.51774981734e-05, 1.75957156898e-05, 4.28486455348e-05, 4.58840477222e-05, 7.31923137209e-06, 4.43791623184e-06, 2.13060161514e-06, 2.85867918137e-06, 2.39678161051e-06, 2.4717053293e-07, 1.77985896244e-07, 7.75865984792e-08, 3.51231967954e-08, 4.16014387383e-08, 4.59870861391e-08, 7.71302950398e-08, 4.96030878594e-08, 1.60815460504e-07, 3.05041965021e-07, 3.32650557766e-07, 1.26732331296e-07, 1.2317067366e-08, 8.72952543585e-10], "dvar": [6.0108817479e-08, 6.57035707263e-05, 1.09888560473e-05, 2.55681084127e-06, 1.6616533685e-05, 8.24478047434e-06, 1.87685800483e-05, 1.73734479176e-05, 3.30415082317e-06, 1.55229338361e-06, 1.24622113162e-06, 1.07263849713e-06, 1.01532464214e-06, 1.53475369302e-07, 9.84323591524e-08, 5.45884262237e-08, 2.26280594262e-08, 2.1891136015e-08, 2.84200112333e-08, 3.9118152273e-08, 2.839495572e-08, 1.05185975485e-07, 1.87896418424e-07, 1.76962089427e-07, 7.80532332101e-08, 7.65781216217e-09, 8.41140990193e-10], "mean": [9.67634259723e-05, 0.00386285502464, 0.00138074089773, 0.000790971680544, 0.00283807679079, 0.00216467957944, 0.00272934092209, 0.00210035475902, 0.00100659567397, 0.000769817852415, 0.000385029532481, 0.000377575721359, 0.000289318151772, 0.000145354060805, 0.000104575206933, 8.13193983049e-05, 6.15327589912e-05, 6.58842545818e-05, 8.61934095155e-05, 7.66839730204e-05, 7.11326647433e-05, 0.000118193485832, 0.000139473253512, 0.000131512482767, 8.59631618368e-05, 3.63153558283e-05, 8.50232663652e-06]}, "melbands_flatness_db": {"min": 0.0045177238062, "max": 0.645060658455, "dvar2": 0.00405652308837, "median": 0.26329934597, "dmean2": 0.0565497800708, "dmean": 0.03965286538, "var": 0.0109605770558, "dvar": 0.00212905183434, "mean": 0.275958627462}, "melbands_skewness": {"min": -6.08482789993, "max": 37.8416366577, "dvar2": 3.23790121078, "median": 2.34820365906, "dmean2": 1.44052970409, "dmean": 0.961544692516, "var": 4.80398893356, "dvar": 1.54308474064, "mean": 2.81015944481}, "barkbands_skewness": {"min": -6.98525428772, "max": 28.370344162, "dvar2": 2.28000283241, "median": 1.97907364368, "dmean2": 1.23692464828, "dmean": 0.831870675087, "var": 3.59995937347, "dvar": 1.0984801054, "mean": 2.26576590538}, "silence_rate_60dB": {"min": 0, "max": 1, "dvar2": 0.124607719481, "median": 0, "dmean2": 0.129595220089, "dmean": 0.0647923722863, "var": 0.180176153779, "dvar": 0.0606038309634, "mean": 0.235802575946}, "spectral_energyband_low": {"min": 5.46905716666e-23, "max": 0.130041137338, "dvar2": 0.000193324201973, "median": 0.000908243295271, "dmean2": 0.0058739441447, "dmean": 0.00378533732146, "var": 0.000148478677147, "dvar": 9.54068091232e-05, "mean": 0.0057487366721}, "spectral_energyband_middle_low": {"min": 2.85747836143e-22, "max": 0.138877511024, "dvar2": 0.000133148976602, "median": 0.00569793675095, "dmean2": 0.00716563733295, "dmean": 0.00480647711083, "var": 0.000221370180952, "dvar": 6.35853648419e-05, "mean": 0.0117929130793}, "melbands_kurtosis": {"min": -1.94065153599, "max": 1693.7244873, "dvar2": 2767.19921875, "median": 11.457531929, "dmean2": 21.0048809052, "dmean": 13.6163425446, "var": 1979.1036377, "dvar": 1210.37670898, "mean": 24.1002025604}, "spectral_decrease": {"min": -3.5884205829e-08, "max": 2.70690845286e-16, "dvar2": 2.009681124e-17, "median": -2.72437827853e-09, "dmean2": 2.92490986986e-09, "dmean": 2.01038297121e-09, "var": 3.14652093477e-17, "dvar": 1.05353742913e-17, "mean": -4.98477703559e-09}, "erbbands_kurtosis": {"min": -1.92391264439, "max": 167.676330566, "dvar2": 79.4450149536, "median": 2.8412232399, "dmean2": 5.23898983002, "dmean": 3.35662317276, "var": 94.4218521118, "dvar": 34.6570892334, "mean": 5.48117351532}, "melbands_crest": {"min": 2.14371943474, "max": 39.7330169678, "dvar2": 20.9346561432, "median": 13.7483634949, "dmean2": 5.30593299866, "dmean": 3.28315639496, "var": 29.7649745941, "dvar": 8.86766529083, "mean": 14.6172084808}, "gfcc": {"cov": [[14255.8935547, -2682.12060547, -1664.09838867, 541.577941895, -578.686584473, 458.466949463, -180.465820312, 282.202606201, -300.686523438, 161.974273682, -106.832244873, 106.104782104, -143.836837769], [-2682.12060547, 2689.54980469, 406.336700439, -292.105285645, 443.400909424, -42.4004592896, 393.573913574, -1.1902794838, 249.960861206, -65.6822662354, 159.591964722, -74.5746002197, 92.481338501], [-1664.09838867, 406.336700439, 1104.25708008, 290.879516602, 71.4655227661, 46.5489311218, 81.7644348145, 46.4506797791, 86.0327987671, 16.4742717743, 16.6939029694, 2.01447224617, 32.3031578064], [541.577941895, -292.105285645, 290.879516602, 841.338806152, 218.764526367, 68.1357498169, 80.2242889404, 63.6230049133, 108.967071533, -0.417908012867, -28.9081993103, 15.6260566711, -0.588591396809], [-578.686584473, 443.400909424, 71.4655227661, 218.764526367, 559.800964355, 143.048690796, 157.292068481, 50.977016449, 94.1052780151, 20.5420703888, 6.34472846985, 6.11905241013, -0.802737593651], [458.466949463, -42.4004592896, 46.5489311218, 68.1357498169, 143.048690796, 355.773712158, 111.768035889, 32.1853103638, -1.3318464756, 41.1667938232, 25.0922374725, 2.061658144, -22.8478393555], [-180.465820312, 393.573913574, 81.7644348145, 80.2242889404, 157.292068481, 111.768035889, 315.479888916, 56.55626297, 36.6826095581, 6.44078063965, 57.2989883423, 20.1499099731, 4.56363105774], [282.202606201, -1.1902794838, 46.4506797791, 63.6230049133, 50.977016449, 32.1853103638, 56.55626297, 167.515533447, 46.9926261902, 9.3911523819, 8.42901611328, 16.8742523193, 12.9196252823], [-300.686523438, 249.960861206, 86.0327987671, 108.967071533, 94.1052780151, -1.3318464756, 36.6826095581, 46.9926261902, 212.550033569, 25.6491146088, 2.80234932899, -0.492847144604, 13.8485002518], [161.974273682, -65.6822662354, 16.4742717743, -0.417908012867, 20.5420703888, 41.1667938232, 6.44078063965, 9.3911523819, 25.6491146088, 118.569061279, 32.1910057068, -1.76840412617, -17.0589256287], [-106.832244873, 159.591964722, 16.6939029694, -28.9081993103, 6.34472846985, 25.0922374725, 57.2989883423, 8.42901611328, 2.80234932899, 32.1910057068, 131.113128662, 13.8906440735, 1.18467640877], [106.104782104, -74.5746002197, 2.01447224617, 15.6260566711, 6.11905241013, 2.061658144, 20.1499099731, 16.8742523193, -0.492847144604, -1.76840412617, 13.8906440735, 106.901000977, 24.4718780518], [-143.836837769, 92.481338501, 32.3031578064, -0.588591396809, -0.802737593651, -22.8478393555, 4.56363105774, 12.9196252823, 13.8485002518, -17.0589256287, 1.18467640877, 24.4718780518, 103.777122498]], "icov": [[0.00014598981943, -3.66462954844e-05, 0.0002846729476, -0.000262774468865, 0.000292970275041, -0.000266818533419, 8.95337288966e-05, -0.000339555670507, 0.000222975664656, -0.000280360516626, 0.00016895236331, -0.000157608650625, 8.61547596287e-05], [-3.66462954844e-05, 0.00111758231651, -0.000510771351401, 0.000946841901168, -0.000970377353951, 0.00063393759774, -0.00112496968359, 0.000681943143718, -0.00124995608348, 0.00119356648065, -0.00112509017345, 0.00115109386388, -0.000681332254317], [0.0002846729476, -0.000510771351401, 0.00176398525946, -0.00120187131688, 0.00103230099194, -0.000807760283351, 0.000449246581411, -0.000937829259783, 0.000689732725732, -0.00109191611409, 0.000648264074698, -0.000594529439695, 8.22479632916e-05], [-0.000262774468865, 0.000946841901168, -0.00120187131688, 0.00269660074264, -0.00167740369216, 0.000855138117913, -0.00106878008228, 0.000856500759255, -0.00179105030838, 0.001584937796, -0.000732237705961, 0.000902044062968, -0.000407735118642], [0.000292970275041, -0.000970377353951, 0.00103230099194, -0.00167740369216, 0.00380651140586, -0.00166503584478, 0.000177396344952, -0.00115399516653, 0.000650689704344, -0.00156873080414, 0.00153693126049, -0.00114995974582, 0.000647633743938], [-0.000266818533419, 0.00063393759774, -0.000807760283351, 0.000855138117913, -0.00166503584478, 0.00436682906002, -0.00164489424787, 0.000608730886597, -0.000310211995384, -2.81479224213e-05, -0.000856748258229, 0.000909160007723, 9.87775929389e-05], [8.95337288966e-05, -0.00112496968359, 0.000449246581411, -0.00106878008228, 0.000177396344952, -0.00164489424787, 0.00566605571657, -0.00168469641358, 0.00112950091716, -0.000424910103902, -0.000670183449984, -0.00159117742442, 0.000742807402276], [-0.000339555670507, 0.000681943143718, -0.000937829259783, 0.000856500759255, -0.00115399516653, 0.000608730886597, -0.00168469641358, 0.00799529999495, -0.00233847345226, 0.000995216774754, -0.000841159606352, 0.000190397928236, -0.00113739876542], [0.000222975664656, -0.00124995608348, 0.000689732725732, -0.00179105030838, 0.000650689704344, -0.000310211995384, 0.00112950091716, -0.00233847345226, 0.00749894836918, -0.00303670088761, 0.00159140944015, -0.000961420766544, 8.49670541356e-05], [-0.000280360516626, 0.00119356648065, -0.00109191611409, 0.001584937796, -0.00156873080414, -2.81479224213e-05, -0.000424910103902, 0.000995216774754, -0.00303670088761, 0.0117329256609, -0.00396349001676, 0.00142119883094, 0.000817099586129], [0.00016895236331, -0.00112509017345, 0.000648264074698, -0.000732237705961, 0.00153693126049, -0.000856748258229, -0.000670183449984, -0.000841159606352, 0.00159140944015, -0.00396349001676, 0.0104954577982, -0.00221259472892, 0.000526372285094], [-0.000157608650625, 0.00115109386388, -0.000594529439695, 0.000902044062968, -0.00114995974582, 0.000909160007723, -0.00159117742442, 0.000190397928236, -0.000961420766544, 0.00142119883094, -0.00221259472892, 0.0115391826257, -0.00315043912269], [8.61547596287e-05, -0.000681332254317, 8.22479632916e-05, -0.000407735118642, 0.000647633743938, 9.87775929389e-05, 0.000742807402276, -0.00113739876542, 8.49670541356e-05, 0.000817099586129, 0.000526372285094, -0.00315043912269, 0.0113302739337]], "mean": [-82.4581832886, 96.0745849609, -72.8802642822, 10.6799163818, -75.8287506104, 2.04347658157, -37.3241920471, 3.42429900169, -21.084280014, 1.980068326, -11.9646453857, 2.33175802231, -12.6922006607]}, "melbands_spread": {"min": 0.302248507738, "max": 270.883056641, "dvar2": 495.194763184, "median": 9.10642623901, "dmean2": 9.38176345825, "dmean": 6.27584934235, "var": 597.912353516, "dvar": 252.938537598, "mean": 15.4119367599}, "spectral_energy": {"min": 1.11280381625e-20, "max": 0.142350882292, "dvar2": 0.00030609042733, "median": 0.0110146636143, "dmean2": 0.0115418639034, "dmean": 0.00796482246369, "var": 0.000496302964166, "dvar": 0.000160858035088, "mean": 0.0200050082058}, "mfcc": {"cov": [[13881.1015625, -2419.66674805, -1493.6105957, -245.927032471, -353.846252441, -12.8471984863, 41.1624450684, 138.364852905, -118.551849365, 103.67086792, 10.9429302216, -90.058807373, -4.61409521103], [-2419.66674805, 2365.22900391, 182.247680664, -69.9640808105, 12.7179222107, 28.4307785034, 138.574554443, 86.4695968628, 104.921203613, 49.1646080017, 110.632102966, 80.8941955566, 39.9187698364], [-1493.6105957, 182.247680664, 944.694458008, 228.203491211, 59.0016822815, 27.749376297, 9.3402929306, 43.2403450012, 56.4877471924, 40.6019744873, 10.9812831879, 30.7676124573, 10.1886339188], [-245.927032471, -69.9640808105, 228.203491211, 651.352539062, 200.623336792, 85.664855957, 8.13589572906, 106.434402466, 120.057975769, 43.4852523804, 6.32369279861, 51.0313110352, 48.2840270996], [-353.846252441, 12.7179222107, 59.0016822815, 200.623336792, 368.921447754, 149.826553345, 26.3646640778, 54.0569458008, 96.4970703125, 40.154964447, 30.4115600586, 44.0727005005, 16.1181182861], [-12.8471984863, 28.4307785034, 27.749376297, 85.664855957, 149.826553345, 326.123321533, 142.660675049, 78.2808685303, 52.0516242981, 34.2383308411, 74.4594039917, 47.2530784607, 13.6795425415], [41.1624450684, 138.574554443, 9.3402929306, 8.13589572906, 26.3646640778, 142.660675049, 281.502960205, 90.6530456543, 10.9793243408, 12.1686258316, 43.5755844116, 50.724697113, 10.1725292206], [138.364852905, 86.4695968628, 43.2403450012, 106.434402466, 54.0569458008, 78.2808685303, 90.6530456543, 197.513656616, 84.4514465332, 7.63901472092, 33.7472801208, 45.5708885193, 26.6369895935], [-118.551849365, 104.921203613, 56.4877471924, 120.057975769, 96.4970703125, 52.0516242981, 10.9793243408, 84.4514465332, 173.404525757, 37.0408172607, 9.16722297668, 24.7384548187, 21.2705249786], [103.67086792, 49.1646080017, 40.6019744873, 43.4852523804, 40.154964447, 34.2383308411, 12.1686258316, 7.63901472092, 37.0408172607, 143.810028076, 47.9912033081, -5.31097459793, 13.3236894608], [10.9429302216, 110.632102966, 10.9812831879, 6.32369279861, 30.4115600586, 74.4594039917, 43.5755844116, 33.7472801208, 9.16722297668, 47.9912033081, 135.294204712, 43.8743095398, 1.60233223438], [-90.058807373, 80.8941955566, 30.7676124573, 51.0313110352, 44.0727005005, 47.2530784607, 50.724697113, 45.5708885193, 24.7384548187, -5.31097459793, 43.8743095398, 140.184539795, 38.7523918152], [-4.61409521103, 39.9187698364, 10.1886339188, 48.2840270996, 16.1181182861, 13.6795425415, 10.1725292206, 26.6369895935, 21.2705249786, 13.3236894608, 1.60233223438, 38.7523918152, 108.766433716]], "icov": [[0.000118568357721, 0.00011999864364, 0.000173183740117, -1.21224138638e-06, 0.000132006476633, -2.12424924939e-06, -1.80349361472e-05, -0.000195309417904, 2.03571107704e-05, -0.000195719636395, -2.65388807748e-05, -3.30922057401e-06, -2.90845514428e-06], [0.00011999864364, 0.000607436290011, 7.03718542354e-05, 0.000148522638483, 0.000127349703689, 0.000195110114873, -0.000278124993201, -0.000163678749232, -0.000358332210453, -0.000165565390489, -0.000418450799771, -6.61788581056e-05, -0.000147584665683], [0.000173183740117, 7.03718542354e-05, 0.00144620274659, -0.000436700880527, 0.000283287692582, -2.42796741077e-05, 2.01993425435e-05, -0.000295766018098, 1.34283609441e-05, -0.000547462143004, 0.000101103258203, -0.000190522710909, 0.000202355455258], [-1.21224138638e-06, 0.000148522638483, -0.000436700880527, 0.00226730108261, -0.000881076033693, 3.48606431544e-06, 0.000246114825131, -0.000753208529204, -0.000534396793228, -0.000289620482363, 0.000345879845554, -0.000271961878752, -0.000496804073919], [0.000132006476633, 0.000127349703689, 0.000283287692582, -0.000881076033693, 0.00438685715199, -0.0017718715826, 0.000518246670254, 0.000202579409233, -0.00133750005625, -0.000597487902269, 0.0002078571124, -0.000724315701518, 0.000387891166611], [-2.12424924939e-06, 0.000195110114873, -2.42796741077e-05, 3.48606431544e-06, -0.0017718715826, 0.00542307784781, -0.00234447303228, -0.000155698318849, -0.000482997944346, 0.000211894162931, -0.00209918594919, 0.000338663929142, -0.000254295126069], [-1.80349361472e-05, -0.000278124993201, 2.01993425435e-05, 0.000246114825131, 0.000518246670254, -0.00234447303228, 0.00561715802178, -0.00222996436059, 0.00132521428168, -0.000552961835638, 0.000627637549769, -0.00120295223314, 0.000456924462924], [-0.000195309417904, -0.000163678749232, -0.000295766018098, -0.000753208529204, 0.000202579409233, -0.000155698318849, -0.00222996436059, 0.00874502211809, -0.00374141847715, 0.00173481204547, -0.001464339206, -0.000312123709591, -0.000877735903487], [2.03571107704e-05, -0.000358332210453, 1.34283609441e-05, -0.000534396793228, -0.00133750005625, -0.000482997944346, 0.00132521428168, -0.00374141847715, 0.00944419857115, -0.00218113511801, 0.00170128070749, -0.000553568592295, 1.2066592717e-05], [-0.000195719636395, -0.000165565390489, -0.000547462143004, -0.000289620482363, -0.000597487902269, 0.000211894162931, -0.000552961835638, 0.00173481204547, -0.00218113511801, 0.00962098781019, -0.00405771750957, 0.0024187201634, -0.00163292931393], [-2.65388807748e-05, -0.000418450799771, 0.000101103258203, 0.000345879845554, 0.0002078571124, -0.00209918594919, 0.000627637549769, -0.001464339206, 0.00170128070749, -0.00405771750957, 0.011440673843, -0.00356117472984, 0.00178719183896], [-3.30922057401e-06, -6.61788581056e-05, -0.000190522710909, -0.000271961878752, -0.000724315701518, 0.000338663929142, -0.00120295223314, -0.000312123709591, -0.000553568592295, 0.0024187201634, -0.00356117472984, 0.0101905800402, -0.00334995565936], [-2.90845514428e-06, -0.000147584665683, 0.000202355455258, -0.000496804073919, 0.000387891166611, -0.000254295126069, 0.000456924462924, -0.000877735903487, 1.2066592717e-05, -0.00163292931393, 0.00178719183896, -0.00334995565936, 0.0109612653032]], "mean": [-741.289855957, 135.730606079, 43.0866394043, 12.9828643799, -9.89715003967, -4.66858577728, -8.38440513611, -1.36408448219, -8.49730968475, -0.0510158762336, -0.601517379284, -2.50135207176, -0.269230812788]}, "spectral_contrast_valleys": {"min": [-27.2733020782, -27.4001865387, -27.2315406799, -27.382522583, -27.3242359161, -27.2498092651], "max": [-5.16630077362, -4.54528951645, -5.13844537735, -5.90120267868, -5.87253332138, -6.95931720734], "dvar2": [0.463721901178, 0.398441135883, 0.454989433289, 0.617152392864, 0.736101746559, 0.65944904089], "median": [-7.75810718536, -6.90996932983, -8.23140716553, -9.04290676117, -8.7328453064, -10.5165300369], "dmean2": [0.740598201752, 0.61252617836, 0.625350534916, 0.662852168083, 0.638985693455, 0.611937880516], "dmean": [0.487472325563, 0.388045161963, 0.424219399691, 0.457361072302, 0.476186990738, 0.48074555397], "var": [1.90317571163, 1.36656832695, 1.83572435379, 1.90775215626, 2.26814651489, 2.51062726974], "dvar": [0.266580373049, 0.192507565022, 0.24204210937, 0.322759002447, 0.405180960894, 0.412945926189], "mean": [-7.94625234604, -7.02640485764, -8.30975818634, -9.15746021271, -8.9674243927, -10.7998685837]}, "barkbands_flatness_db": {"min": 0.0238058138639, "max": 0.508834123611, "dvar2": 0.00280796922743, "median": 0.178013384342, "dmean2": 0.0482242815197, "dmean": 0.0332510657609, "var": 0.0067989109084, "dvar": 0.00143508112524, "mean": 0.189972668886}, "dynamic_complexity": 5.56774187088, "erbbands_flatness_db": {"min": 0.0223592408001, "max": 0.484360814095, "dvar2": 0.00184406305198, "median": 0.175980553031, "dmean2": 0.0391232147813, "dmean": 0.0275917705148, "var": 0.00466890027747, "dv