{"lowlevel": {"spectral_complexity": {"min": 0, "max": 63, "dvar2": 75.799621582, "median": 9, "dmean2": 6.93276786804, "dmean": 4.99723148346, "var": 174.383331299, "dvar": 45.7846832275, "mean": 13.7878713608}, "silence_rate_20dB": {"min": 1, "max": 1, "dvar2": 0, "median": 1, "dmean2": 0, "dmean": 0, "var": 0, "dvar": 0, "mean": 1}, "average_loudness": 0.945586919785, "erbbands_spread": {"min": 1.08963000774, "max": 213.549468994, "dvar2": 1062.20593262, "median": 42.8563613892, "dmean2": 28.1733493805, "dmean": 18.2538776398, "var": 992.187744141, "dvar": 466.694030762, "mean": 48.7560768127}, "spectral_kurtosis": {"min": -1.39507949352, "max": 248.568435669, "dvar2": 86.3138198853, "median": 3.32751178741, "dmean2": 3.98109102249, "dmean": 2.61891818047, "var": 70.5410766602, "dvar": 38.2267379761, "mean": 5.16061687469}, "barkbands_kurtosis": {"min": -1.9736007452, "max": 1177.07275391, "dvar2": 4916.24169922, "median": 2.65128803253, "dmean2": 26.6853656769, "dmean": 16.9075107574, "var": 3457.58520508, "dvar": 2106.38989258, "mean": 19.9126243591}, "spectral_strongpeak": {"min": 0, "max": 12.9833936691, "dvar2": 1.76334989071, "median": 0.199910148978, "dmean2": 0.599704921246, "dmean": 0.347609102726, "var": 0.824697852135, "dvar": 0.659571886063, "mean": 0.466635555029}, "spectral_spread": {"min": 673738.4375, "max": 39705124, "dvar2": 3097315770370.0, "median": 5189819.5, "dmean2": 1469275.625, "dmean": 1068067.5, "var": 5575469957120.0, "dvar": 1684339556350.0, "mean": 5638542}, "spectral_rms": {"min": 3.22554504807e-12, "max": 0.0127489063889, "dvar2": 5.38159338248e-06, "median": 0.0038925386034, "dmean2": 0.00189583608881, "dmean": 0.00120002252515, "var": 4.11399651057e-06, "dvar": 2.17928027268e-06, "mean": 0.00398550927639}, "erbbands": {"min": [3.36332449906e-22, 4.92392305488e-21, 2.09725925134e-20, 3.92724966131e-20, 9.9231481414e-20, 2.09231846277e-19, 4.21999372685e-19, 3.35665032888e-19, 1.35557986554e-18, 1.16657943533e-18, 5.74625104145e-19, 1.01819677852e-18, 2.11698307578e-18, 7.23645972156e-18, 3.22808516179e-18, 3.70236240088e-18, 3.96384246432e-18, 5.22433047382e-18, 9.71525118369e-18, 7.0972609409e-18, 6.36080922025e-18, 9.67898593127e-18, 9.48931755272e-18, 1.22364654307e-17, 1.05556393891e-17, 8.8741970979e-18, 1.7647514557e-17, 1.36655233365e-17, 1.66754714581e-17, 1.81162943538e-17, 1.55591217383e-17, 1.50494891455e-17, 1.36575228456e-17, 1.17428478817e-17, 1.02049933915e-17, 6.07177246189e-18, 3.63819634641e-18, 1.32689344869e-18, 3.52438239458e-19, 4.33208413155e-20], "max": [2.05500721931, 15.5470905304, 57.6575660706, 134.605712891, 242.808273315, 323.086547852, 239.987380981, 203.466339111, 847.397521973, 591.166259766, 600.385375977, 695.660705566, 699.285705566, 819.57244873, 395.011779785, 1172.21533203, 1387.50817871, 470.834136963, 1262.0201416, 1501.22851562, 1334.76367188, 610.31048584, 882.307922363, 395.224365234, 414.598846436, 1123.68823242, 866.473571777, 634.426269531, 388.399383545, 367.22052002, 283.15411377, 262.321044922, 154.435302734, 198.261184692, 83.0105285645, 53.457862854, 15.9442367554, 1.81794118881, 0.222411006689, 0.0167675949633], "dvar2": [0.0726555138826, 3.97761440277, 44.4407463074, 514.006164551, 1734.11645508, 2118.08813477, 1567.73144531, 646.819030762, 1905.64770508, 4645.48388672, 4495.46337891, 12603.1503906, 3948.49804688, 2672.3840332, 1119.95751953, 4154.96337891, 8063.56738281, 942.519592285, 6346.85546875, 7149.06689453, 1984.578125, 1179.29907227, 2298.8293457, 901.970825195, 1412.19787598, 2271.43383789, 2280.23291016, 1462.61889648, 674.284362793, 1755.28356934, 362.429534912, 330.825164795, 129.063400269, 80.1886825562, 24.611579895, 7.12370872498, 0.617813050747, 0.0402631387115, 0.000975451199338, 6.63610262563e-06], "median": [0.136226519942, 0.755672097206, 1.28932034969, 1.57683968544, 1.3560256958, 1.28501975536, 1.48395931721, 1.71593105793, 1.90816438198, 2.13038444519, 2.06235980988, 1.673189044, 1.85198330879, 1.55028247833, 1.4902215004, 1.52165424824, 1.5372518301, 2.19357419014, 2.77825117111, 2.78905296326, 2.88976478577, 2.55654478073, 2.18369936943, 2.20787024498, 2.35364484787, 2.62466430664, 2.02365040779, 1.44302535057, 1.13147068024, 1.59053969383, 1.04695391655, 0.559927880764, 0.418298721313, 0.258604496717, 0.134428411722, 0.0563389882445, 0.013424359262, 0.00209714379162, 0.000294197699986, 3.87196487281e-05], "dmean2": [0.203993365169, 1.45054066181, 4.76719427109, 10.0871105194, 11.9721155167, 13.7082777023, 12.8262243271, 11.2663297653, 15.9808273315, 27.8584842682, 24.5304164886, 36.770778656, 21.634929657, 16.7484340668, 12.9871454239, 18.3456172943, 20.6737861633, 13.2707109451, 24.5530204773, 25.8870353699, 18.1049423218, 14.0769176483, 14.9003324509, 13.0444498062, 15.7919893265, 18.5609092712, 21.2610740662, 17.1800479889, 11.8644561768, 22.0364608765, 8.81794548035, 9.7863483429, 5.55996417999, 3.71900987625, 2.24111247063, 1.05078935623, 0.274070590734, 0.0668366327882, 0.0103784818202, 0.000825546856504], "dmean": [0.128225237131, 0.846161901951, 2.70461082458, 5.64126873016, 6.47247219086, 7.52121591568, 7.1200799942, 6.77097797394, 9.52785778046, 17.0937728882, 14.5254516602, 20.4956893921, 13.4471569061, 10.3381500244, 7.78822517395, 11.1994638443, 12.6148052216, 8.55452156067, 16.4298305511, 16.8131198883, 11.9239854813, 9.16637229919, 9.63051128387, 8.27714729309, 10.2027292252, 11.9944820404, 13.4010896683, 10.9763479233, 7.76724720001, 14.1923465729, 5.79496622086, 6.361369133, 3.68407034874, 2.40503573418, 1.43095815182, 0.67153942585, 0.171616256237, 0.0403759218752, 0.00629247957841, 0.000488230347401], "var": [0.0525574944913, 1.61425805092, 16.0985870361, 127.105239868, 336.546875, 418.461273193, 328.914520264, 241.673065186, 664.902038574, 1917.79394531, 1395.02600098, 2988.84204102, 1640.18127441, 969.111083984, 502.927062988, 2744.13574219, 3174.30444336, 751.767700195, 4541.92871094, 6745.67285156, 1873.76538086, 842.931335449, 1201.78686523, 498.610137939, 703.936462402, 1052.56518555, 1060.70544434, 800.346679688, 370.219238281, 811.779663086, 173.332580566, 164.309463501, 68.8541793823, 35.611995697, 11.2378454208, 2.85724878311, 0.242797479033, 0.0148066459224, 0.00030242925277, 1.77723165962e-06], "dvar": [0.0292542912066, 1.33478057384, 15.4252967834, 183.376922607, 596.182800293, 729.748657227, 542.987548828, 244.752578735, 704.075805664, 1829.91796875, 1679.8067627, 4407.21044922, 1618.26525879, 1030.25708008, 441.216552734, 1584.25598145, 2905.87817383, 398.339599609, 2965.04296875, 3377.1105957, 897.554138184, 490.561767578, 947.406066895, 365.625915527, 601.594116211, 932.524414062, 893.048095703, 607.816345215, 295.810638428, 771.425598145, 151.214263916, 146.041366577, 56.433795929, 33.1103553772, 10.3394441605, 2.87970376015, 0.245543852448, 0.0158548615873, 0.000371174421161, 2.44986995313e-06], "mean": [0.206426247954, 1.14528346062, 2.87523245811, 4.99287700653, 5.16931724548, 5.97845983505, 6.07692241669, 7.93210172653, 10.647480011, 17.7578201294, 14.1626091003, 17.6861381531, 14.1202983856, 11.2440538406, 8.9026260376, 14.7633876801, 15.742474556, 12.9267282486, 23.08685112, 23.3874073029, 19.1148319244, 14.5195140839, 14.0866613388, 11.261964798, 12.4730768204, 14.4986724854, 15.2587404251, 12.6662302017, 8.75238227844, 13.6126098633, 6.35350990295, 6.31930685043, 3.80621409416, 2.45286488533, 1.41251528263, 0.648976683617, 0.166611865163, 0.036381509155, 0.00539456959814, 0.00039900833508]}, "zerocrossingrate": {"min": 0.001953125, "max": 0.49267578125, "dvar2": 0.000819831097033, "median": 0.05908203125, "dmean2": 0.0251770522445, "dmean": 0.022469766438, "var": 0.00295249186456, "dvar": 0.000654252828099, "mean": 0.0692847371101}, "spectral_contrast_coeffs": {"min": [-0.967974662781, -0.974859893322, -0.965312182903, -0.969299793243, -0.96340829134, -0.958963274956], "max": [-0.258385628462, -0.376852989197, -0.367326527834, -0.405625790358, -0.531063079834, -0.534007430077], "dvar2": [0.0106377173215, 0.00463373446837, 0.00289761438034, 0.00225650845096, 0.0012659158092, 0.000883817789145], "median": [-0.700655281544, -0.75872194767, -0.812496542931, -0.816031098366, -0.811032295227, -0.778250157833], "dmean2": [0.11592964828, 0.0857777670026, 0.0631972402334, 0.0543055087328, 0.0415300652385, 0.0342450067401], "dmean": [0.0692964419723, 0.0528871528804, 0.0398181714118, 0.0346519462764, 0.0274126641452, 0.0230220966041], "var": [0.0069706919603, 0.00653548818082, 0.00575020909309, 0.00565234106034, 0.00304441223852, 0.00221011065878], "dvar": [0.00404886575416, 0.00187772675417, 0.00127570168115, 0.00105570699088, 0.000619179103523, 0.000429261737736], "mean": [-0.69312441349, -0.751871705055, -0.798266470432, -0.797206878662, -0.80602067709, -0.77509701252]}, "dissonance": {"min": 0.187818929553, "max": 0.500000178814, "dvar2": 0.00164393929299, "median": 0.476976126432, "dmean2": 0.0351230688393, "dmean": 0.0213201288134, "var": 0.00147818762343, "dvar": 0.000648454413749, "mean": 0.463774710894}, "spectral_energyband_high": {"min": 7.87999151044e-21, "max": 0.0540502406657, "dvar2": 2.00284302991e-05, "median": 0.000286162918201, "dmean2": 0.00229923822917, "dmean": 0.00151781598106, "var": 1.00213155747e-05, "dvar": 8.57199302118e-06, "mean": 0.00171992450487}, "spectral_skewness": {"min": -0.291977137327, "max": 13.8697681427, "dvar2": 0.595301866531, "median": 1.42895746231, "dmean2": 0.533394098282, "dmean": 0.369990617037, "var": 0.825134754181, "dvar": 0.29346498847, "mean": 1.58897411823}, "spectral_flux": {"min": 1.03267831786e-10, "max": 0.3865878582, "dvar2": 0.00349503336474, "median": 0.0793032497168, "dmean2": 0.0499750450253, "dmean": 0.0327869094908, "var": 0.00383969652466, "dvar": 0.00189253955614, "mean": 0.0883539691567}, "silence_rate_30dB": {"min": 0, "max": 1, "dvar2": 0.00155657087453, "median": 1, "dmean2": 0.00103833177127, "dmean": 0.00051912094932, "var": 0.000259476073552, "dvar": 0.000518889399245, "mean": 0.999740481377}, "spectral_energyband_middle_high": {"min": 1.49042325674e-21, "max": 0.0532317347825, "dvar2": 3.39929792972e-05, "median": 0.000967053812928, "dmean2": 0.00272089545615, "dmean": 0.00182528176811, "var": 2.80171643681e-05, "dvar": 1.41651726153e-05, "mean": 0.00324809807353}, "barkbands_spread": {"min": 0.107655011117, "max": 138.845901489, "dvar2": 578.438720703, "median": 22.1899528503, "dmean2": 19.4820957184, "dmean": 12.5586175919, "var": 572.264953613, "dvar": 274.064605713, "mean": 27.847032547}, "spectral_centroid": {"min": 64.3948822021, "max": 10198.9160156, "dvar2": 789320.6875, "median": 1380.89782715, "dmean2": 742.152526855, "dmean": 482.466644287, "var": 1040018.125, "dvar": 385997.90625, "mean": 1509.91125488}, "pitch_salience": {"min": 0.0258273519576, "max": 0.912324666977, "dvar2": 0.0208430830389, "median": 0.524396121502, "dmean2": 0.165155619383, "dmean": 0.103088051081, "var": 0.0239022672176, "dvar": 0.00841007288545, "mean": 0.519601821899}, "erbbands_skewness": {"min": -4.97912168503, "max": 8.61232185364, "dvar2": 1.65921831131, "median": 0.100611962378, "dmean2": 1.08581888676, "dmean": 0.709604561329, "var": 1.8551658392, "dvar": 0.725416362286, "mean": 0.253437072039}, "erbbands_crest": {"min": 2.46872329712, "max": 31.6538066864, "dvar2": 18.8100070953, "median": 7.7008934021, "dmean2": 4.52959775925, "dmean": 2.78336715698, "var": 19.6508865356, "dvar": 7.77277040482, "mean": 8.79608345032}, "melbands": {"min": [5.50218490706e-24, 9.55396384289e-24, 8.96794116451e-24, 9.81745679587e-24, 1.47770608057e-23, 7.50358576589e-24, 2.37396519156e-23, 1.14620732222e-23, 4.16448980425e-24, 6.49759089651e-24, 9.51315606826e-24, 2.94768163982e-23, 8.9185553164e-24, 1.18196220609e-23, 1.01349583219e-23, 7.53423380092e-24, 1.10854213278e-23, 1.72437026386e-23, 1.0381957771e-23, 8.81760241977e-24, 6.99116459883e-24, 1.0558054402e-23, 5.75779950618e-24, 1.17983212388e-23, 9.46529587714e-24, 8.61876608431e-24, 6.53440032964e-24, 5.54432585662e-24, 1.0399147839e-23, 1.04893406729e-23, 6.97462376337e-24, 8.31936812723e-24, 1.11348071759e-23, 9.52394137456e-24, 1.02983992574e-23, 7.11710466463e-24, 9.88328881613e-24, 9.68692950391e-24, 8.35333568895e-24, 1.11064350046e-23], "max": [0.0161986704916, 0.0247259736061, 0.0240869559348, 0.0202147904783, 0.00880223140121, 0.0043703680858, 0.0136808231473, 0.00741827767342, 0.00396611262113, 0.00465788692236, 0.0034375237301, 0.00311361742206, 0.00166213698685, 0.00275210593827, 0.00398322567344, 0.00270078820176, 0.000831964949612, 0.00249006203376, 0.00326289585792, 0.00124004017562, 0.00145031313878, 0.000558629166335, 0.000661787693389, 0.000632128852885, 0.000341956183547, 0.000613765441813, 0.000471137987915, 0.000768451893236, 0.000582480977755, 0.00042015616782, 0.000359724246664, 0.000237184751313, 0.00018700864166, 0.000210102458368, 0.000199456262635, 0.000122968791402, 0.000211935679545, 0.000103175407276, 0.000153392116772, 0.000178525777301], "dvar2": [5.10157678946e-06, 8.73969565873e-06, 1.70422244992e-05, 1.07967507574e-05, 2.29630700233e-06, 3.18706980806e-07, 4.89601461595e-07, 6.90372871759e-07, 2.38520499352e-07, 5.68360462694e-07, 9.23797429664e-08, 4.14791294645e-08, 1.64365907551e-08, 2.47665870035e-08, 3.14698809234e-08, 3.08484473521e-08, 3.3093856544e-09, 2.47506175555e-08, 2.20615472557e-08, 9.05568153797e-09, 2.63179744664e-09, 1.56645918459e-09, 1.3162659851e-09, 1.6012168258e-09, 6.27868201875e-10, 1.0004010953e-09, 9.61854595971e-10, 1.06380282361e-09, 7.74217412403e-10, 1.0672739359e-09, 4.61841592747e-10, 2.24026977524e-10, 3.53597290337e-10, 5.66761193532e-10, 1.26442176174e-10, 1.32710745171e-10, 1.16937695638e-10, 6.57972148987e-11, 7.1655972822e-11, 6.005235198e-11], "median": [0.00120025500655, 0.000874513527378, 0.00030350650195, 9.60983597906e-05, 5.56818195037e-05, 4.01348843297e-05, 2.81647808151e-05, 2.10271846299e-05, 1.49097386384e-05, 8.80433435668e-06, 8.55150301504e-06, 6.00043949817e-06, 4.1756943574e-06, 3.96305586037e-06, 2.70156874649e-06, 2.80615381598e-06, 3.36165430781e-06, 3.84367331208e-06, 3.45160651705e-06, 2.91068658953e-06, 3.09989354719e-06, 2.41605880547e-06, 1.98767202164e-06, 1.6905528355e-06, 1.6604275288e-06, 1.59470823746e-06, 1.55994996476e-06, 1.55948248448e-06, 1.2020241229e-06, 1.00496686173e-06, 6.81477956732e-07, 6.13788756709e-07, 5.48054572391e-07, 9.29531836391e-07, 5.94782818553e-07, 3.84627497851e-07, 2.9867868534e-07, 2.76016322687e-07, 2.43718574211e-07, 2.07761473803e-07], "dmean2": [0.00171293644235, 0.00220446335152, 0.00172486819793, 0.000932717055548, 0.000483458745293, 0.000249600299867, 0.000259170396021, 0.000319835089613, 0.000188887541299, 0.000238826905843, 0.000105999424704, 6.74569746479e-05, 4.58649119537e-05, 5.34077626071e-05, 4.35642941738e-05, 4.58129143226e-05, 2.45327610173e-05, 4.25079124398e-05, 4.48835671705e-05, 3.43941137544e-05, 2.09972877201e-05, 1.66864974744e-05, 1.34076899485e-05, 1.39200328704e-05, 1.07813957584e-05, 1.22571273096e-05, 1.25699216369e-05, 1.29573545564e-05, 1.22240262499e-05, 1.46882966874e-05, 9.09726713871e-06, 6.26112523605e-06, 9.38496395975e-06, 1.26241584439e-05, 4.75387832921e-06, 5.92693140788e-06, 5.75833382754e-06, 4.06655817642e-06, 3.35304275723e-06, 3.19444143315e-06], "dmean": [0.00104920484591, 0.0012614618754, 0.00096306524938, 0.000507278891746, 0.000267965835519, 0.00014928902965, 0.000154254958034, 0.000195161555894, 0.000110776112706, 0.000132378627313, 6.61791054881e-05, 4.21683980676e-05, 2.70820473816e-05, 3.22420637531e-05, 2.61044388026e-05, 2.81283428194e-05, 1.55118486873e-05, 2.74391713901e-05, 2.85837013507e-05, 2.13355833694e-05, 1.3637624761e-05, 1.05913513835e-05, 8.73030603543e-06, 8.73213593877e-06, 6.7676683102e-06, 7.81376820669e-06, 8.01901751402e-06, 8.31496436149e-06, 7.78998582973e-06, 8.96122583072e-06, 5.88560396864e-06, 4.14622309108e-06, 5.94749189986e-06, 8.11511017673e-06, 3.08026096718e-06, 3.82747430194e-06, 3.72140380023e-06, 2.68042845164e-06, 2.1863022539e-06, 2.05250330509e-06], "var": [3.25016844727e-06, 3.29829276779e-06, 4.1358098315e-06, 2.07937387131e-06, 4.7213316634e-07, 1.14537478169e-07, 1.70707650682e-07, 2.58214271298e-07, 7.68938335227e-08, 1.32128093355e-07, 3.96243891032e-08, 1.60345212663e-08, 6.13449202547e-09, 2.05078087845e-08, 1.45831835496e-08, 1.37350326668e-08, 2.38369324279e-09, 1.2595299026e-08, 2.24440945829e-08, 5.51716317077e-09, 2.25266649778e-09, 1.01363484273e-09, 8.52546033769e-10, 7.45983441686e-10, 3.18333082117e-10, 5.56047485833e-10, 4.52572035403e-10, 4.86798823474e-10, 3.41638412005e-10, 5.28435184499e-10, 2.45101161589e-10, 1.2512009484e-10, 1.52948070875e-10, 2.65246130615e-10, 5.86486900711e-11, 6.09614234093e-11, 5.79849154803e-11, 3.36297933945e-11, 3.30452505637e-11, 2.5527503722e-11], "dvar": [1.93336722987e-06, 2.97476844935e-06, 6.09350763625e-06, 3.70244970327e-06, 7.94572088125e-07, 1.1980382908e-07, 1.81133515298e-07, 2.67981931756e-07, 8.93467415608e-08, 1.98749603442e-07, 3.82911728991e-08, 1.62772018086e-08, 6.30876284546e-09, 9.85369830175e-09, 1.1231628072e-08, 1.1556523738e-08, 1.37102351694e-09, 1.08282565137e-08, 9.41781408414e-09, 3.98798372103e-09, 1.17884046968e-09, 6.50407505631e-10, 5.46517719968e-10, 6.40820618791e-10, 2.49847836864e-10, 4.60396665236e-10, 4.02632205354e-10, 4.32949620599e-10, 3.05493075281e-10, 4.03219901912e-10, 1.97801899859e-10, 9.79133163437e-11, 1.49440695929e-10, 2.50072490493e-10, 5.22153362215e-11, 5.5642497554e-11, 5.18620424383e-11, 2.85441878467e-11, 2.96262077371e-11, 2.45593909792e-11], "mean": [0.0016988752177, 0.00152214209083, 0.000864379981067, 0.000407733983593, 0.000224456307478, 0.000174797532964, 0.000171776031493, 0.000196411390789, 0.000109323438664, 0.000111568719149, 6.95663693477e-05, 4.66375167889e-05, 2.77219605778e-05, 4.1124807467e-05, 3.21032493957e-05, 3.44213949575e-05, 2.1954823751e-05, 3.47342174791e-05, 4.00673234253e-05, 2.60838060058e-05, 2.09100799111e-05, 1.52218053699e-05, 1.30562684717e-05, 1.14563872557e-05, 8.67553990247e-06, 9.06354398467e-06, 9.60415945883e-06, 9.60144188866e-06, 8.70259191288e-06, 9.99059921014e-06, 6.53954384688e-06, 4.77520416098e-06, 5.66624930798e-06, 7.84318308433e-06, 3.39537928085e-06, 3.89474598705e-06, 3.6241590351e-06, 2.68575786322e-06, 2.24639984481e-06, 2.04739239962e-06]}, "spectral_entropy": {"min": 4.0069770813, "max": 9.80112266541, "dvar2": 0.376766622066, "median": 7.75867509842, "dmean2": 0.486816912889, "dmean": 0.333847165108, "var": 0.540398418903, "dvar": 0.182745546103, "mean": 7.58116865158}, "spectral_rolloff": {"min": 21.533203125, "max": 19143.0175781, "dvar2": 8400670, "median": 775.1953125, "dmean2": 1928.63220215, "dmean": 1141.50695801, "var": 5559238, "dvar": 3824839, "mean": 1886.18359375}, "barkbands": {"min": [1.96557710741e-23, 1.74172835922e-23, 1.78055672406e-23, 1.7668357508e-23, 5.67055622323e-23, 4.79576564623e-23, 1.21733102144e-22, 2.19266144748e-23, 3.30539724372e-23, 1.75648778898e-22, 6.15996868427e-23, 9.69287025761e-23, 9.29827824629e-23, 1.56137724357e-22, 1.37744403678e-22, 1.32960006464e-22, 1.55658084305e-22, 2.01971994455e-22, 2.17527700417e-22, 2.02742970306e-22, 4.080339992e-22, 5.13095176134e-22, 5.15803808938e-22, 8.24712752719e-22, 1.19047042121e-21, 1.80548688068e-21, 2.84559460734e-21], "max": [0.00608695344999, 0.0623754635453, 0.0571799427271, 0.0605448186398, 0.0855355188251, 0.0248345918953, 0.0645923912525, 0.0363745838404, 0.02803084068, 0.016990210861, 0.0210956297815, 0.0264440141618, 0.0261510964483, 0.015573605895, 0.0313760153949, 0.02029238455, 0.00910230353475, 0.0129375839606, 0.00955957267433, 0.0190738718957, 0.0165889747441, 0.0100970966741, 0.0109567251056, 0.0104243960232, 0.0154080186039, 0.00947995297611, 0.00129039899912], "dvar2": [4.34518256043e-07, 6.8498251494e-05, 5.67543174839e-05, 9.52732443693e-05, 0.000202276569325, 1.12974239528e-05, 1.27980592879e-05, 1.89731599676e-05, 2.08246256079e-05, 2.19928756451e-06, 1.28992041937e-06, 2.16359626393e-06, 3.18621277984e-06, 1.14739361834e-06, 2.07097309612e-06, 8.82034612459e-07, 3.91110717146e-07, 5.79188281336e-07, 3.8410840375e-07, 8.82198378349e-07, 1.28659360144e-06, 6.48156344596e-07, 7.54925224555e-07, 5.36973686849e-07, 5.70295014768e-07, 2.32002875578e-07, 4.26874251502e-08], "median": [0.000142292716191, 0.00404046196491, 0.00112230598461, 0.000369679532014, 0.000421434495365, 0.000213937222725, 0.000126298531541, 7.27177466615e-05, 6.22624793323e-05, 4.54061009805e-05, 2.52485660894e-05, 3.29034592141e-05, 2.71687367785e-05, 3.99209238822e-05, 4.66003475594e-05, 4.44053403044e-05, 4.1465889808e-05, 3.71396236005e-05, 4.14145324612e-05, 5.61797169212e-05, 4.26861988672e-05, 3.19535465678e-05, 4.5066459279e-05, 2.63673100562e-05, 2.11359129025e-05, 9.7466763691e-06, 1.65927929174e-06], "dmean2": [0.000452544365544, 0.006180962082, 0.0049815219827, 0.00358999357559, 0.00408537033945, 0.00137967080809, 0.00135579775088, 0.00141908589285, 0.0015235405881, 0.000546448631212, 0.000377898919396, 0.000449491752079, 0.000447351223556, 0.000331148970872, 0.000524558359757, 0.000384979473893, 0.000267392490059, 0.000276267383015, 0.00027212779969, 0.000383814214729, 0.000517963548191, 0.000388863205444, 0.000447574158898, 0.000385965715395, 0.000326081702951, 0.000188014179002, 6.76980780554e-05], "dmean": [0.00026351280394, 0.00369941140525, 0.00281819747761, 0.00197577988729, 0.00222281320021, 0.000812112935819, 0.000800175592303, 0.000845110975206, 0.000850075914059, 0.000350363756297, 0.000219870751607, 0.000273158802884, 0.000275031808997, 0.000202139126486, 0.000345669192029, 0.000243820904871, 0.000170180588611, 0.000176086788997, 0.000173989770701, 0.00024966802448, 0.00032682105666, 0.000255784281762, 0.000289361196337, 0.000254745536949, 0.000210103811696, 0.000118333795399, 4.04795464419e-05], "var": [1.89419054664e-07, 3.67052962247e-05, 1.84614491445e-05, 2.10403522942e-05, 3.87331165257e-05, 3.35395316142e-06, 4.73486124974e-06, 5.57229259357e-06, 5.10965628564e-06, 1.06635559405e-06, 4.34790791815e-07, 1.42867361319e-06, 1.34538765906e-06, 4.41085575176e-07, 3.01267209579e-06, 6.98081748851e-07, 2.60108663497e-07, 3.2918268289e-07, 2.19586610228e-07, 4.45350138989e-07, 6.40400457996e-07, 3.33064917868e-07, 3.5782767327e-07, 2.83140849433e-07, 2.53559448993e-07, 9.41847275726e-08, 1.30248265506e-08], "dvar": [1.47551219243e-07, 2.45616774919e-05, 1.98151556106e-05, 3.3510645153e-05, 6.93242327543e-05, 4.10895381719e-06, 4.75778369946e-06, 7.0693104135e-06, 7.34597642804e-06, 9.30650287501e-07, 4.83519670524e-07, 8.27463964015e-07, 1.17265847166e-06, 4.30156717357e-07, 9.86099848888e-07, 3.80380811293e-07, 1.61919928132e-07, 2.36870008052e-07, 1.68953405932e-07, 3.7088457816e-07, 5.1036545301e-07, 2.81760378584e-07, 3.24183162093e-07, 2.38002670017e-07, 2.36512363472e-07, 9.35940605018e-08, 1.61585855807e-08], "mean": [0.000316932448186, 0.00573120219633, 0.00281052361242, 0.00157211779151, 0.00176766153891, 0.000888274575118, 0.000890215393156, 0.00076132977847, 0.000741494470276, 0.000393477414036, 0.00021567902877, 0.000349524023477, 0.00033786529093, 0.000267055031145, 0.000518383225426, 0.000346939428709, 0.000250308832619, 0.000252442725468, 0.000219559209654, 0.00030643682112, 0.000368476263247, 0.000272454461083, 0.000300185871311, 0.000259168475168, 0.000210782513022, 0.000114387628855, 3.3857562812e-05]}, "melbands_flatness_db": {"min": 0.00521104130894, "max": 0.814554512501, "dvar2": 0.00699329376221, "median": 0.221033334732, "dmean2": 0.0789013653994, "dmean": 0.0554123856127, "var": 0.0162285640836, "dvar": 0.00374215608463, "mean": 0.247000545263}, "melbands_skewness": {"min": -3.52424407005, "max": 47.8372192383, "dvar2": 12.4119672775, "median": 3.15792512894, "dmean2": 2.77965831757, "dmean": 1.79665493965, "var": 13.4654722214, "dvar": 5.33453559875, "mean": 4.20174503326}, "barkbands_skewness": {"min": -4.93940210342, "max": 30.344707489, "dvar2": 6.76323270798, "median": 1.67100548744, "dmean2": 2.01081752777, "dmean": 1.33434808254, "var": 8.14458656311, "dvar": 3.04012989998, "mean": 2.45360445976}, "silence_rate_60dB": {"min": 0, "max": 1, "dvar2": 0.0871846303344, "median": 0, "dmean2": 0.0854893103242, "dmean": 0.0427409596741, "var": 0.100007370114, "dvar": 0.0409174114466, "mean": 0.112726017833}, "spectral_energyband_low": {"min": 5.3365443118e-23, "max": 0.0951303318143, "dvar2": 0.00019807179342, "median": 0.00712086074054, "dmean2": 0.0107094533741, "dmean": 0.00630838889629, "var": 9.77774325293e-05, "dvar": 7.15182832209e-05, "mean": 0.00982521660626}, "spectral_energyband_middle_low": {"min": 3.31760060638e-22, "max": 0.151367515326, "dvar2": 0.000812363810837, "median": 0.00279467063956, "dmean2": 0.0112538272515, "dmean": 0.00650298967957, "var": 0.0002042453998, "dvar": 0.000292344921036, "mean": 0.00674298033118}, "melbands_kurtosis": {"min": -1.91441142559, "max": 3322.09130859, "dvar2": 22080.6816406, "median": 13.3705711365, "dmean2": 59.2088012695, "dmean": 37.1856842041, "var": 12880.9980469, "dvar": 9005.0546875, "mean": 49.8204154968}, "spectral_decrease": {"min": -4.19852526079e-08, "max": 8.92622126349e-29, "dvar2": 6.55499871988e-17, "median": -3.7019156629e-09, "dmean2": 5.05215735913e-09, "dmean": 3.01903391176e-09, "var": 2.54860318972e-17, "dvar": 2.46406946702e-17, "mean": -4.90592544367e-09}, "erbbands_kurtosis": {"min": -1.91966748238, "max": 128.371582031, "dvar2": 138.956100464, "median": 0.209349155426, "dmean2": 4.75009346008, "dmean": 2.9003713131, "var": 58.4451179504, "dvar": 51.9501647949, "mean": 2.29830169678}, "melbands_crest": {"min": 2.90793800354, "max": 39.550579071, "dvar2": 40.6370048523, "median": 16.6340389252, "dmean2": 7.44563627243, "dmean": 4.52671480179, "var": 44.2692451477, "dvar": 16.0274124146, "mean": 17.0588512421}, "gfcc": {"cov": [[14780.6337891, -3096.87011719, -1603.71911621, -335.865325928, -1161.59606934, -49.0332298279, -589.268981934, 333.046203613, -248.351882935, 319.72366333, -253.677780151, -26.2653675079, -200.054229736], [-3096.87011719, 2753.81518555, 106.404251099, -332.979736328, 302.745025635, -196.607940674, 314.686523438, -195.213516235, 151.269821167, -213.402770996, 125.183822632, -70.083480835, 80.9145278931], [-1603.71911621, 106.404251099, 1719.07739258, 502.250396729, -16.6384449005, 96.0813293457, 32.1039428711, -53.6378479004, -75.6355361938, -35.3893547058, -49.827545166, -52.6848831177, 31.6965312958], [-335.865325928, -332.979736328, 502.250396729, 800.722595215, 206.522064209, 125.651679993, -8.03421592712, -0.916714727879, 14.3043346405, 20.1390857697, -17.9515018463, -24.6151046753, 13.3941831589], [-1161.59606934, 302.745025635, -16.6384449005, 206.522064209, 554.652954102, 128.883483887, 91.0336380005, -21.6278266907, 78.1927566528, -9.07192707062, 31.2852973938, 6.76161193848, 15.3026666641], [-49.0332298279, -196.607940674, 96.0813293457, 125.651679993, 128.883483887, 312.233978271, 72.2843780518, 23.1529922485, 1.04956543446, 23.5238571167, 20.3929595947, -1.32967221737, -20.7904586792], [-589.268981934, 314.686523438, 32.1039428711, -8.03421592712, 91.0336380005, 72.2843780518, 286.351959229, -0.373263210058, 39.0393257141, -0.331877946854, 16.0347423553, -4.66710710526, 11.0558929443], [333.046203613, -195.213516235, -53.6378479004, -0.916714727879, -21.6278266907, 23.1529922485, -0.373263210058, 185.465438843, 47.2115325928, 28.3434410095, -0.858287572861, 2.36002588272, -11.3939495087], [-248.351882935, 151.269821167, -75.6355361938, 14.3043346405, 78.1927566528, 1.04956543446, 39.0393257141, 47.2115325928, 169.088027954, 11.9671726227, 26.0718307495, 5.87012767792, 13.3686418533], [319.72366333, -213.402770996, -35.3893547058, 20.1390857697, -9.07192707062, 23.5238571167, -0.331877946854, 28.3434410095, 11.9671726227, 130.069961548, 4.16435146332, -0.00609634956345, -0.529804229736], [-253.677780151, 125.183822632, -49.827545166, -17.9515018463, 31.2852973938, 20.3929595947, 16.0347423553, -0.858287572861, 26.0718307495, 4.16435146332, 100.12210083, 22.3076286316, 6.40901470184], [-26.2653675079, -70.083480835, -52.6848831177, -24.6151046753, 6.76161193848, -1.32967221737, -4.66710710526, 2.36002588272, 5.87012767792, -0.00609634956345, 22.3076286316, 90.0013885498, 26.1671237946], [-200.054229736, 80.9145278931, 31.6965312958, 13.3941831589, 15.3026666641, -20.7904586792, 11.0558929443, -11.3939495087, 13.3686418533, -0.529804229736, 6.40901470184, 26.1671237946, 81.7781982422]], "icov": [[0.000125345715787, 6.0749163822e-05, 0.000134436020744, -4.37650087406e-05, 0.000222539674724, -7.39466195228e-05, 0.000101583456853, -7.81587659731e-05, 6.01906322117e-05, -0.000130552332848, 0.000199773465283, 6.66478299536e-05, 6.88552318024e-05], [6.0749163822e-05, 0.000929296016693, -0.000143706056406, 0.00050855911104, -0.000435611407738, 0.000690927670803, -0.000722614058759, 0.000622401421424, -0.000576115678996, 0.00104759109672, -0.00100474664941, 0.00123892701231, -0.000573606579565], [0.000134436020744, -0.000143706056406, 0.000990387517959, -0.0007024150691, 0.000626682478469, -0.000419590185629, 0.000123347417684, -9.85081424005e-05, 0.000465032382635, -0.00011019523663, 0.0006203064695, 0.000152350752614, -0.000226197647862], [-4.37650087406e-05, 0.00050855911104, -0.0007024150691, 0.00218716915697, -0.00108748383354, 5.12689257448e-05, -3.9087550249e-05, 0.000326022825902, -0.000541591260117, 0.000316509336699, -0.000412044493714, 0.000957695883699, -0.000612554431427], [0.000222539674724, -0.000435611407738, 0.000626682478469, -0.00108748383354, 0.0032624322921, -0.00139306532219, 0.000165110919625, 0.000104201528302, -0.000556330604013, -0.000438238028437, 0.000765112403315, -0.000670680135954, 0.000180933158845], [-7.39466195228e-05, 0.000690927670803, -0.000419590185629, 5.12689257448e-05, -0.00139306532219, 0.00484802573919, -0.00160455575678, -9.98386967694e-05, 0.000261778768618, 0.000274457444903, -0.00180653005373, 0.000546175229829, 0.000911709794309], [0.000101583456853, -0.000722614058759, 0.000123347417684, -3.9087550249e-05, 0.000165110919625, -0.00160455575678, 0.00481080496684, -0.000465008954052, -0.000239906759816, -0.000988368759863, 0.000921742524952, -0.000418948155129, -0.000137289564009], [-7.81587659731e-05, 0.000622401421424, -9.85081424005e-05, 0.000326022825902, 0.000104201528302, -9.98386967694e-05, -0.000465008954052, 0.00688510807231, -0.00260790926404, -8.93746400834e-05, -0.000277828134131, 0.000378357857699, 0.000481480150484], [6.01906322117e-05, -0.000576115678996, 0.000465032382635, -0.000541591260117, -0.000556330604013, 0.000261778768618, -0.000239906759816, -0.00260790926404, 0.00807927642018, -0.00112199957948, -0.000794682011474, -0.000333787320415, -0.00069346599048], [-0.000130552332848, 0.00104759109672, -0.00011019523663, 0.000316509336699, -0.000438238028437, 0.000274457444903, -0.000988368759863, -8.93746400834e-05, -0.00112199957948, 0.00974168069661, -0.00180578546133, 0.00166917371098, -0.00123812409583], [0.000199773465283, -0.00100474664941, 0.0006203064695, -0.000412044493714, 0.000765112403315, -0.00180653005373, 0.000921742524952, -0.000277828134131, -0.000794682011474, -0.00180578546133, 0.013068866916, -0.00395279983059, 0.000902935222257], [6.66478299536e-05, 0.00123892701231, 0.000152350752614, 0.000957695883699, -0.000670680135954, 0.000546175229829, -0.000418948155129, 0.000378357857699, -0.000333787320415, 0.00166917371098, -0.00395279983059, 0.0150266550481, -0.00533801782876], [6.88552318024e-05, -0.000573606579565, -0.000226197647862, -0.000612554431427, 0.000180933158845, 0.000911709794309, -0.000137289564009, 0.000481480150484, -0.00069346599048, -0.00123812409583, 0.000902935222257, -0.00533801782876, 0.0151783796027]], "mean": [-49.0724220276, 70.300743103, -80.8549499512, 43.9387512207, -44.8057479858, 18.3156452179, -29.4255008698, 9.84583950043, -14.3529605865, 6.55989122391, -14.3546123505, -0.709213018417, -9.8858089447]}, "melbands_spread": {"min": 0.0998115986586, "max": 308.952850342, "dvar2": 1067.98706055, "median": 16.6487960815, "dmean2": 21.3628902435, "dmean": 13.4512081146, "var": 790.563476562, "dvar": 459.896881104, "mean": 25.3454971313}, "spectral_energy": {"min": 1.06642451016e-20, "max": 0.166597977281, "dvar2": 0.00107791135088, "median": 0.0155306523666, "dmean2": 0.020650645718, "dmean": 0.012481380254, "var": 0.000439684110461, "dvar": 0.000410695240134, "mean": 0.0204983446747}, "mfcc": {"cov": [[14728.1533203, -2681.42089844, -1443.75073242, -708.434387207, -796.779663086, -635.497558594, -521.97265625, -343.813964844, -106.307891846, 52.0842590332, -39.4026031494, 67.6514434814, -95.6729202271], [-2681.42089844, 2497.90869141, -73.4944152832, -116.58065033, -88.7584533691, -14.4356632233, 54.08070755, 67.9900436401, -11.4383382797, -55.7786560059, -1.22055029869, -44.6335449219, 23.2163562775], [-1443.75073242, -73.4944152832, 1541.39172363, 349.868347168, 110.886726379, 115.577362061, 103.194671631, -14.850402832, 24.3142662048, -16.7978610992, -34.2030029297, -17.0218391418, -71.9347763062], [-708.434387207, -116.58065033, 349.868347168, 578.301696777, 226.816833496, 146.547592163, 46.5216369629, 20.005947113, 59.9039840698, 20.0176696777, -17.066619873, -10.5280733109, 18.5671157837], [-796.779663086, -88.7584533691, 110.886726379, 226.816833496, 467.257598877, 144.997314453, 48.4011955261, 64.0246276855, 19.7641582489, 38.2589797974, 11.6699914932, -6.50726985931, 27.43151474], [-635.497558594, -14.4356632233, 115.577362061, 146.547592163, 144.997314453, 354.198120117, 134.835845947, 53.6071128845, 35.1010360718, 17.9470596313, 39.7492523193, -7.01466178894, 1.06594014168], [-521.97265625, 54.08070755, 103.194671631, 46.5216369629, 48.4011955261, 134.835845947, 216.266525269, 52.0710334778, 25.2433948517, 18.4354400635, 24.0801830292, 11.265540123, -3.30301594734], [-343.813964844, 67.9900436401, -14.850402832, 20.005947113, 64.0246276855, 53.6071128845, 52.0710334778, 176.102737427, 35.0706367493, 20.8367290497, 22.7773075104, 12.9702615738, 30.0142402649], [-106.307891846, -11.4383382797, 24.3142662048, 59.9039840698, 19.7641582489, 35.1010360718, 25.2433948517, 35.0706367493, 141.114776611, 46.7562637329, 11.3857059479, 22.209154129, 13.4236192703], [52.0842590332, -55.7786560059, -16.7978610992, 20.0176696777, 38.2589797974, 17.9470596313, 18.4354400635, 20.8367290497, 46.7562637329, 115.774276733, 43.6797523499, 13.1726455688, 13.7492380142], [-39.4026031494, -1.22055029869, -34.2030029297, -17.066619873, 11.6699914932, 39.7492523193, 24.0801830292, 22.7773075104, 11.3857059479, 43.6797523499, 97.7385253906, 26.12084198, 8.38073062897], [67.6514434814, -44.6335449219, -17.0218391418, -10.5280733109, -6.50726985931, -7.01466178894, 11.265540123, 12.9702615738, 22.209154129, 13.1726455688, 26.12084198, 91.2442016602, 29.9689235687], [-95.6729202271, 23.2163562775, -71.9347763062, 18.5671157837, 27.43151474, 1.06594014168, -3.30301594734, 30.0142402649, 13.4236192703, 13.7492380142, 8.38073062897, 29.9689235687, 84.3811950684]], "icov": [[0.000121027049317, 0.000130261847517, 9.55921568675e-05, 2.6643214369e-05, 0.000154882960487, 5.18552442372e-05, 0.000132225395646, 6.0728751123e-05, 3.21700208588e-05, -0.000117221090477, 5.70947922824e-05, -6.90622327966e-05, 0.000142421209603], [0.000130261847517, 0.000569424882997, 9.94943839032e-05, 0.000101433091913, 0.000236728214077, 0.000116563147458, -1.97750632651e-05, -8.92981697689e-05, -3.43864012393e-05, 0.000156754453201, -7.3599825555e-05, 0.000296836282359, -0.000112104651635], [9.55921568675e-05, 9.94943839032e-05, 0.000901816645637, -0.000493676285259, 0.000132366199978, 5.54784382985e-05, -0.000210190264625, 9.58881719271e-05, 5.35473118362e-05, -1.20367894851e-05, 0.000252891215496, -0.000277038372587, 0.00093908625422], [2.6643214369e-05, 0.000101433091913, -0.000493676285259, 0.00272808293812, -0.000934611365665, -0.000637403107248, 0.000211440928979, 0.000353706418537, -0.000907022680622, -8.26508585305e-06, 0.000632364477497, 0.000390598172089, -0.000880384643096], [0.000154882960487, 0.000236728214077, 0.000132366199978, -0.000934611365665, 0.00324395974167, -0.000762462848797, 0.000332380383043, -0.000722593744285, 0.000689228822012, -0.00102601817343, 0.000324657856254, 0.00016411258548, -0.000378938013455], [5.18552442372e-05, 0.000116563147458, 5.54784382985e-05, -0.000637403107248, -0.000762462848797, 0.00463538849726, -0.00232585007325, -0.000154023742652, -0.000611916766502, 0.000904309796169, -0.00188808771782, 0.00108620745596, 0.000119069656648], [0.000132225395646, -1.97750632651e-05, -0.000210190264625, 0.000211440928979, 0.000332380383043, -0.00232585007325, 0.00680748932064, -0.00122158823069, 1.02982551198e-06, -0.000784355856013, 0.000113706868433, -0.00122663239017, 0.00110396451782], [6.0728751123e-05, -8.92981697689e-05, 9.58881719271e-05, 0.000353706418537, -0.000722593744285, -0.000154023742652, -0.00122158823069, 0.00717893382534, -0.0013838178711, 0.000167110658367, -0.000918635923881, 0.000298818195006, -0.00208913488314], [3.21700208588e-05, -3.43864012393e-05, 5.35473118362e-05, -0.000907022680622, 0.000689228822012, -0.000611916766502, 1.02982551198e-06, -0.0013838178711, 0.0093709602952, -0.00392205128446, 0.0015862347791, -0.00221909419633, 0.000345992157236], [-0.000117221090477, 0.000156754453201, -1.20367894851e-05, -8.26508585305e-06, -0.00102601817343, 0.000904309796169, -0.000784355856013, 0.000167110658367, -0.00392205128446, 0.0127767324448, -0.00565390614793, 0.00140070554335, -0.00134636263829], [5.70947922824e-05, -7.3599825555e-05, 0.000252891215496, 0.000632364477497, 0.000324657856254, -0.00188808771782, 0.000113706868433, -0.000918635923881, 0.0015862347791, -0.00565390614793, 0.0147126754746, -0.00409814761952, 0.00107410294004], [-6.90622327966e-05, 0.000296836282359, -0.000277038372587, 0.000390598172089, 0.00016411258548, 0.00108620745596, -0.00122663239017, 0.000298818195006, -0.00221909419633, 0.00140070554335, -0.00409814761952, 0.0146273765713, -0.00536673516035], [0.000142421209603, -0.000112104651635, 0.00093908625422, -0.000880384643096, -0.000378938013455, 0.000119069656648, 0.00110396451782, -0.00208913488314, 0.000345992157236, -0.00134636263829, 0.00107410294004, -0.00536673516035, 0.015909306705]], "mean": [-703.664306641, 103.942375183, 24.9236278534, 33.0222434998, 13.7665843964, 14.1361694336, 2.65178012848, 6.03051948547, 5.30509757996, 8.13391971588, 2.29324245453, 1.97113025188, 3.08643484116]}, "spectral_contrast_valleys": {"min": [-27.1252422333, -27.6126613617, -27.1449832916, -27.2417488098, -27.0286006927, -27.1752662659], "max": [-5.45434379578, -4.42752790451, -4.92703342438, -5.71004104614, -5.30253887177, -7.01706504822], "dvar2": [0.37985894084, 0.745957136154, 0.741507709026, 0.556433856487, 0.674529314041, 0.981500923634], "median": [-7.09025526047, -7.3917183876, -8.17112064362, -8.36225891113, -7.95420885086, -10.0991592407], "dmean2": [0.742910146713, 0.886937916279, 0.818792760372, 0.714809179306, 0.698551893234, 0.807076394558], "dmean": [0.468136847019, 0.613926589489, 0.575964033604, 0.522740900517, 0.568845033646, 0.700976788998], "var": [1.07524561882, 1.55851006508, 1.63266551495, 1.68982470036, 1.91837716103, 2.60073971748], "dvar": [0.166198313236, 0.408721774817, 0.401865571737, 0.334846675396, 0.409950226545, 0.597621679306], "mean": [-7.33814716339, -7.4800157547, -8.18610858917, -8.40835094452, -8.14627933502, -10.3258962631]}, "barkbands_flatness_db": {"min": 0.0135094709694, "max": 0.649984240532, "dvar2": 0.00465284753591, "median": 0.13834425807, "dmean2": 0.062105756253, "dmean": 0.0432159826159, "var": 0.0102027636021, "dvar": 0.0024794281926, "mean": 0.16184720397}, "dynamic_complexity": 4.28398942947, "erbbands_flatness_db": {"min": 0.0273682102561, "max": 0.471047192812, "dvar2": 0.00196077255532, "median": 0.125453650951, "dmean2": 0.0394519381225, "dmean": 0.0266482569277, "var": 0.0030591292