{"lowlevel": {"spectral_complexity": {"min": 0, "max": 54, "dvar2": 35.1367378235, "median": 12, "dmean2": 4.39399766922, "dmean": 2.89177393913, "var": 66.5543212891, "dvar": 19.239528656, "mean": 13.1904659271}, "silence_rate_20dB": {"min": 1, "max": 1, "dvar2": 0, "median": 1, "dmean2": 0, "dmean": 0, "var": 0, "dvar": 0, "mean": 1}, "average_loudness": 0.949212312698, "erbbands_spread": {"min": 3.66220736504, "max": 169.22984314, "dvar2": 495.819122314, "median": 32.5127944946, "dmean2": 17.3298835754, "dmean": 11.6405134201, "var": 776.143066406, "dvar": 238.176620483, "mean": 41.7888221741}, "spectral_kurtosis": {"min": -1.34498929977, "max": 49.6516151428, "dvar2": 9.61512851715, "median": 4.82544994354, "dmean2": 2.58149862289, "dmean": 1.64139282703, "var": 14.5383081436, "dvar": 4.10807085037, "mean": 5.40715360641}, "barkbands_kurtosis": {"min": -1.93797063828, "max": 645.622497559, "dvar2": 1883.48913574, "median": 8.88852024078, "dmean2": 16.1439247131, "dmean": 9.58901882172, "var": 1078.44714355, "dvar": 684.722595215, "mean": 15.4579267502}, "spectral_strongpeak": {"min": 3.73683722854e-11, "max": 6.00791597366, "dvar2": 0.58492565155, "median": 0.487729638815, "dmean2": 0.583684563637, "dmean": 0.339233189821, "var": 0.334255546331, "dvar": 0.224874511361, "mean": 0.662723720074}, "spectral_spread": {"min": 1870021.625, "max": 50983224, "dvar2": 3704013717500.0, "median": 4784359.5, "dmean2": 1244067.5, "dmean": 881276.125, "var": 8083076546560.0, "dvar": 1855468077060.0, "mean": 5531165}, "spectral_rms": {"min": 3.16480565712e-12, "max": 0.0174884330481, "dvar2": 1.07889427454e-05, "median": 0.00634114444256, "dmean2": 0.00220043328591, "dmean": 0.00133486057166, "var": 9.33682713367e-06, "dvar": 4.09176664107e-06, "mean": 0.00624730531126}, "erbbands": {"min": [1.79951137923e-22, 8.51623638095e-22, 2.04890214349e-21, 5.87705524429e-21, 2.04026893052e-20, 2.96696825649e-20, 3.56162613703e-20, 1.33153615498e-19, 2.3024502557e-19, 1.91173601701e-19, 1.91481868651e-19, 9.85387279907e-19, 6.5223822025e-19, 1.71148704199e-18, 1.39906785227e-18, 1.36050324455e-18, 2.3621527919e-18, 2.67976595209e-18, 3.22354828292e-18, 3.59607630962e-18, 4.14043973483e-18, 5.07272108884e-18, 5.42866807336e-18, 8.08108309169e-18, 6.79354503539e-18, 8.8410031671e-18, 1.16766593706e-17, 1.12543547166e-17, 1.0380798223e-17, 1.44466415694e-17, 1.23949730884e-17, 1.31717064369e-17, 1.11891455874e-17, 7.66112266752e-18, 7.15602219726e-18, 4.35314964294e-18, 2.29911997486e-18, 1.06258329019e-18, 2.86219949881e-19, 2.75129739076e-20], "max": [8.33755016327, 64.1048278809, 142.016143799, 290.844665527, 556.810791016, 312.873779297, 607.860168457, 769.489501953, 571.64440918, 1114.58679199, 427.115234375, 1336.73999023, 941.288879395, 732.709228516, 432.684082031, 376.208404541, 424.511657715, 155.405639648, 281.249511719, 801.935180664, 276.313873291, 125.341133118, 134.90737915, 286.279571533, 394.845428467, 453.225830078, 302.913330078, 489.628845215, 263.223846436, 256.944396973, 331.007324219, 372.453613281, 491.011535645, 190.63269043, 104.177970886, 18.4120845795, 33.3792381287, 2.61186242104, 0.255695044994, 0.0073674833402], "dvar2": [3.16492438316, 190.297073364, 614.159667969, 1700.32861328, 6005.80810547, 1254.19067383, 2471.25048828, 6580.53466797, 3203.49243164, 3391.86621094, 1448.35266113, 3568.66577148, 3590.25292969, 1978.71606445, 514.231994629, 199.884963989, 254.761276245, 122.655082703, 161.147384644, 443.157196045, 172.64352417, 91.1041259766, 110.646247864, 154.027877808, 358.552062988, 574.384521484, 534.190734863, 434.65802002, 249.294509888, 629.299926758, 415.69342041, 258.504974365, 213.166503906, 56.6075210571, 16.7737751007, 3.51022338867, 8.45114135742, 0.100784599781, 0.000938458484598, 1.08599203941e-06], "median": [0.269091248512, 2.54668664932, 2.94761371613, 4.46703481674, 5.88829755783, 9.02948760986, 16.0953903198, 28.9479789734, 17.1867446899, 15.6664552689, 11.1388664246, 14.0008277893, 10.2209320068, 5.6324634552, 4.05421638489, 2.67467737198, 2.49866628647, 2.47461175919, 2.75322341919, 3.96646499634, 3.24090981483, 2.17097234726, 2.004550457, 2.22654390335, 1.81257104874, 1.97148740292, 1.39665877819, 1.11135756969, 0.780201971531, 0.649658918381, 0.547193288803, 0.494455695152, 0.358677506447, 0.207611039281, 0.0889712721109, 0.0305831618607, 0.0129595175385, 0.00289629492909, 0.000281414366327, 6.51881855447e-05], "dmean2": [0.758978843689, 5.52548885345, 8.56197929382, 15.6409912109, 22.1781368256, 16.5592861176, 27.7526950836, 45.4563522339, 27.7740497589, 27.9544677734, 18.4495296478, 26.1703281403, 21.0977497101, 13.0944166183, 8.44562244415, 5.68522453308, 5.08524990082, 5.19991779327, 5.48942804337, 8.48218536377, 6.51225805283, 4.69480514526, 4.87574481964, 5.66796302795, 6.61609554291, 8.12099456787, 7.78189373016, 6.49272108078, 5.42470312119, 7.34662532806, 5.45104694366, 4.22772073746, 2.91227006912, 1.78944432735, 1.2270693779, 0.604440689087, 0.66919285059, 0.101105064154, 0.00970872212201, 0.00037084025098], "dmean": [0.447813600302, 3.12260723114, 4.72678518295, 8.96315193176, 12.793091774, 9.87336349487, 17.2086658478, 28.281370163, 17.4226341248, 17.2138061523, 11.8752622604, 16.9582481384, 13.563211441, 8.33211994171, 5.49309873581, 3.60078382492, 3.22001457214, 3.27198433876, 3.48507785797, 5.46602010727, 4.18919658661, 2.96853113174, 3.15141510963, 3.6686770916, 4.21842622757, 5.3700838089, 5.16870164871, 4.45554494858, 3.7492609024, 4.99054050446, 3.79177284241, 2.99836778641, 2.0565738678, 1.25493729115, 0.810099840164, 0.378975212574, 0.387188643217, 0.0585891716182, 0.00563543010503, 0.000218514949665], "var": [1.48038172722, 53.8202362061, 154.117614746, 482.696624756, 1561.71435547, 587.860473633, 2063.74316406, 4526.94287109, 2309.09228516, 2404.95678711, 1144.76013184, 3061.38183594, 2416.1574707, 1291.77380371, 467.228118896, 177.498641968, 177.059204102, 109.43359375, 131.407211304, 484.778411865, 171.877822876, 68.2405395508, 90.2384719849, 131.185195923, 329.566070557, 506.595275879, 393.70098877, 372.477722168, 224.86164856, 427.382232666, 341.857818604, 298.826873779, 171.41394043, 62.6982917786, 12.8387584686, 1.46917653084, 2.15628147125, 0.026768438518, 0.000251787510933, 3.22020895283e-07], "dvar": [1.09147119522, 65.0210037231, 210.51675415, 623.202636719, 2143.8684082, 456.727630615, 995.068969727, 2524.0625, 1256.76159668, 1366.99279785, 578.77911377, 1454.96923828, 1318.24523926, 700.906982422, 216.012557983, 80.3897247314, 106.366790771, 50.9977912903, 64.6686325073, 232.972839355, 79.3914794922, 39.3297576904, 49.221244812, 69.1620635986, 169.964981079, 270.960357666, 238.403610229, 215.00668335, 121.255882263, 277.483032227, 192.690719604, 136.077575684, 94.4301605225, 28.5916385651, 7.77498197556, 1.37742519379, 3.0178155899, 0.0368958003819, 0.00034760881681, 4.0884103214e-07], "mean": [0.701213717461, 4.37494182587, 6.03770446777, 10.2959194183, 15.1194467545, 16.8103370667, 30.6102828979, 50.4084510803, 31.9145488739, 30.1294460297, 22.6057491302, 30.8963375092, 25.4883861542, 15.5632419586, 10.2582092285, 6.5512638092, 5.76447582245, 5.80514764786, 6.38039207458, 9.13835430145, 7.24683952332, 4.93336629868, 5.23716640472, 6.09775066376, 6.62836551666, 8.09421253204, 7.23586559296, 6.51157474518, 5.49275112152, 6.74346637726, 5.38337945938, 4.5740737915, 3.09773564339, 1.83856666088, 0.988634109497, 0.402944296598, 0.332957714796, 0.0480195134878, 0.00452140159905, 0.000222779359319]}, "zerocrossingrate": {"min": 0.001953125, "max": 0.51806640625, "dvar2": 0.000439589610323, "median": 0.03076171875, "dmean2": 0.0141880623996, "dmean": 0.0120822722092, "var": 0.00292309839278, "dvar": 0.00035581443808, "mean": 0.0478615388274}, "spectral_contrast_coeffs": {"min": [-0.977917850018, -0.976828575134, -0.979388535023, -0.972712099552, -0.968286514282, -0.964160144329], "max": [-0.228004515171, -0.398037970066, -0.442445933819, -0.522975027561, -0.610467970371, -0.596298396587], "dvar2": [0.00606369087473, 0.00402858387679, 0.00215894589201, 0.00124702777248, 0.000681667181198, 0.000934895069804], "median": [-0.657451748848, -0.691580832005, -0.735871851444, -0.793857932091, -0.809692621231, -0.796429634094], "dmean2": [0.0880603790283, 0.0765231326222, 0.0571032613516, 0.0448746755719, 0.0315010584891, 0.0276239197701], "dmean": [0.0537705905735, 0.0470153428614, 0.0362730808556, 0.0277036670595, 0.0194517783821, 0.0174829922616], "var": [0.0106308246031, 0.00672091497108, 0.00547947734594, 0.00207528658211, 0.00120855169371, 0.0012787716696], "dvar": [0.00240858644247, 0.00152889615856, 0.000897712598089, 0.000490422185976, 0.000278306397377, 0.000370639289031], "mean": [-0.641179263592, -0.690048515797, -0.735916912556, -0.79251396656, -0.807229101658, -0.794483363628]}, "dissonance": {"min": 0.264087736607, "max": 0.500000119209, "dvar2": 0.00125145120546, "median": 0.449846506119, "dmean2": 0.0389531813562, "dmean": 0.0237774457783, "var": 0.00120147981215, "dvar": 0.000461003248347, "mean": 0.444421291351}, "spectral_energyband_high": {"min": 7.33148352261e-21, "max": 0.0383183024824, "dvar2": 8.68734332471e-06, "median": 0.000164453813341, "dmean2": 0.0010655898368, "dmean": 0.000755036133341, "var": 8.77721322468e-06, "dvar": 4.25587086283e-06, "mean": 0.00114108552225}, "spectral_skewness": {"min": -0.178511425853, "max": 5.78351640701, "dvar2": 0.154998332262, "median": 1.87177956104, "dmean2": 0.368801057339, "dmean": 0.249768018723, "var": 0.411698818207, "dvar": 0.0745349153876, "mean": 1.84816730022}, "spectral_flux": {"min": 6.34103602959e-11, "max": 0.498739153147, "dvar2": 0.00721597159281, "median": 0.0796628296375, "dmean2": 0.0596063919365, "dmean": 0.0381979122758, "var": 0.00701860850677, "dvar": 0.00359057961032, "mean": 0.100004635751}, "silence_rate_30dB": {"min": 0, "max": 1, "dvar2": 0.157891377807, "median": 1, "dmean2": 0.157939553261, "dmean": 0.0789613723755, "var": 0.0961626321077, "dvar": 0.072721503675, "mean": 0.892211079597}, "spectral_energyband_middle_high": {"min": 1.23124471027e-21, "max": 0.0285508036613, "dvar2": 3.69526719624e-06, "median": 0.00110476976261, "dmean2": 0.00103034207132, "dmean": 0.000681489356793, "var": 5.08271887156e-06, "dvar": 1.51573362928e-06, "mean": 0.00183148961514}, "barkbands_spread": {"min": 0.254623860121, "max": 118.336654663, "dvar2": 248.718093872, "median": 8.86616134644, "dmean2": 9.41464519501, "dmean": 6.01585435867, "var": 263.369537354, "dvar": 108.442405701, "mean": 14.713760376}, "spectral_centroid": {"min": 144.349655151, "max": 11582.4541016, "dvar2": 229337.453125, "median": 624.264038086, "dmean2": 307.367218018, "dmean": 202.939682007, "var": 669935.1875, "dvar": 115823.03125, "mean": 851.427307129}, "pitch_salience": {"min": 0.0654188916087, "max": 0.856158316135, "dvar2": 0.0165677051991, "median": 0.513719379902, "dmean2": 0.132788494229, "dmean": 0.0804969221354, "var": 0.0174221154302, "dvar": 0.00616772240028, "mean": 0.50380885601}, "erbbands_skewness": {"min": -3.68629050255, "max": 6.39528608322, "dvar2": 0.438244283199, "median": 1.12020945549, "dmean2": 0.682374536991, "dmean": 0.451565444469, "var": 0.915054321289, "dvar": 0.199903607368, "mean": 1.05815637112}, "erbbands_crest": {"min": 2.44621229172, "max": 29.8751354218, "dvar2": 17.1732158661, "median": 8.8504076004, "dmean2": 4.42696666718, "dmean": 2.72807192802, "var": 17.2287559509, "dvar": 6.68353319168, "mean": 9.69919204712}, "melbands": {"min": [2.28357423527e-24, 1.83864662674e-24, 1.338042103e-24, 1.75158202079e-24, 9.80373751865e-25, 2.77171978569e-24, 3.09102938088e-24, 2.32407100148e-24, 2.06817044028e-24, 6.72823015937e-24, 3.00262785291e-24, 6.57449300186e-24, 3.59943425987e-24, 2.54808324109e-24, 3.55487663493e-24, 4.17770085783e-24, 5.39964679445e-24, 4.73501254914e-24, 3.7490969508e-24, 4.3364500431e-24, 4.37743925574e-24, 4.78488749101e-24, 4.83579544623e-24, 4.73016973204e-24, 5.25575383217e-24, 4.66497550582e-24, 4.96246994153e-24, 5.49566418282e-24, 5.76605454112e-24, 5.28520279862e-24, 4.75103904729e-24, 4.52982706667e-24, 5.70580331733e-24, 7.54518397915e-24, 6.51114747117e-24, 7.13267204573e-24, 8.07001866142e-24, 6.94061833633e-24, 6.92903549166e-24, 6.21795666612e-24], "max": [0.0713367983699, 0.0700676590204, 0.0630516856909, 0.0275778826326, 0.0168150532991, 0.0156825687736, 0.00859192106873, 0.0101911760867, 0.00435767089948, 0.00884282588959, 0.00455051707104, 0.0032032225281, 0.0016878542956, 0.00100200157613, 0.000726092548575, 0.000634929165244, 0.000293872813927, 0.000433028617408, 0.000585347122978, 0.000867447233759, 0.00037809368223, 0.00013662839774, 0.000109359345515, 0.000225996671361, 0.000239291461185, 0.000241536996327, 0.0003803523432, 0.000334074138664, 0.00020812357252, 0.000259106425801, 0.000288613926386, 0.000166655139765, 0.000177340683877, 0.000154525710968, 0.00018306869606, 0.000225269599468, 0.000251725199632, 0.000406295119319, 0.000224019153393, 0.000173075794009], "dvar2": [0.000250133278314, 0.000204029754968, 7.41849580663e-05, 1.43680244946e-05, 2.24300060836e-06, 3.00322562907e-06, 6.80578523315e-07, 3.11607863068e-07, 1.29905231461e-07, 1.53164478434e-07, 9.00383341218e-08, 3.78881743757e-08, 9.19226206264e-09, 3.13710279976e-09, 1.39195488469e-09, 9.33500388101e-10, 4.79656647734e-10, 4.55835036384e-10, 8.50910619743e-10, 5.06979624948e-10, 2.62145610774e-10, 1.09240248791e-10, 1.16401555061e-10, 1.23685631181e-10, 1.17222828666e-10, 1.66571006988e-10, 3.33910371575e-10, 2.76375589081e-10, 2.41425573977e-10, 1.82827336603e-10, 1.65634714278e-10, 9.59562568292e-11, 1.42582889939e-10, 2.39888442444e-10, 1.67158037412e-10, 1.20119358904e-10, 1.11930041624e-10, 1.33916086553e-10, 7.0398360752e-11, 4.06402481112e-11], "median": [0.00328148249537, 0.00255648139864, 0.000924801570363, 0.000544284586795, 0.000584667432122, 0.000664407969452, 0.000271277065622, 0.000151788262883, 9.06684435904e-05, 9.15733471629e-05, 4.68633006676e-05, 2.02703558898e-05, 1.48939689097e-05, 6.14630789642e-06, 6.26812288829e-06, 4.74565422337e-06, 4.19868501922e-06, 3.40869951287e-06, 5.59074305784e-06, 3.84990607927e-06, 3.28111445924e-06, 1.96475571101e-06, 1.70320254256e-06, 1.77090123543e-06, 1.76239871053e-06, 1.25713222587e-06, 1.32581419621e-06, 1.23949860154e-06, 9.12698624234e-07, 6.76625518281e-07, 5.77862806495e-07, 4.32671640738e-07, 3.61745094324e-07, 3.41663167092e-07, 3.32121118163e-07, 2.49809545494e-07, 3.11744884129e-07, 2.68544113169e-07, 1.85163003152e-07, 1.66122248402e-07], "dmean2": [0.00679207034409, 0.00529947783798, 0.00300714373589, 0.00127843779046, 0.000892396899872, 0.00100888661109, 0.000431897729868, 0.000271906901617, 0.00016719935229, 0.000169711216586, 0.000106131847133, 5.43691094208e-05, 3.44591135217e-05, 1.95716238522e-05, 1.48302779053e-05, 1.06025563582e-05, 1.01098166851e-05, 8.46837792778e-06, 1.34956844704e-05, 8.91224044608e-06, 7.81262951932e-06, 5.06764627062e-06, 5.06095375385e-06, 4.67319478048e-06, 4.90340471515e-06, 4.87329407406e-06, 6.07535048402e-06, 5.5454743233e-06, 5.31704017703e-06, 4.39987570644e-06, 3.83581300412e-06, 3.2140321764e-06, 3.73819443666e-06, 4.36847039964e-06, 3.43250735568e-06, 2.8300582926e-06, 2.69826819022e-06, 2.28199542107e-06, 1.70513169451e-06, 1.51067513343e-06], "dmean": [0.00392627576366, 0.00297552417032, 0.00172732735518, 0.000743119220715, 0.000550531956833, 0.000628553854767, 0.000270055694273, 0.000168457772816, 0.0001084336036, 0.000109657172288, 6.82904283167e-05, 3.46260567312e-05, 2.25640942517e-05, 1.23718109535e-05, 9.37114964472e-06, 6.66072401145e-06, 6.35863943899e-06, 5.41115286978e-06, 8.578375855e-06, 5.72987482883e-06, 4.98183408126e-06, 3.1487106753e-06, 3.17817898576e-06, 3.01809495795e-06, 3.11580902235e-06, 3.02203034153e-06, 3.82768121199e-06, 3.66437075172e-06, 3.5049622511e-06, 2.8606439173e-06, 2.59362923316e-06, 2.15875775211e-06, 2.50466473517e-06, 2.92218101094e-06, 2.32283196056e-06, 1.99158353098e-06, 1.87845034816e-06, 1.57106103416e-06, 1.19583853575e-06, 1.05087337943e-06], "var": [9.60400138865e-05, 5.61606611882e-05, 2.07237917493e-05, 4.07327934226e-06, 1.79951143764e-06, 2.1583527996e-06, 4.92852848311e-07, 2.24117400194e-07, 1.0207482859e-07, 1.3155855072e-07, 6.03138587962e-08, 2.42054305488e-08, 8.15544076715e-09, 2.37911379486e-09, 1.03150299413e-09, 6.21387774569e-10, 3.98257815615e-10, 3.63387486768e-10, 6.66661670312e-10, 5.79184811222e-10, 2.47786208218e-10, 7.42637756845e-11, 7.76924288792e-11, 9.36454455647e-11, 8.69951680138e-11, 1.42412012738e-10, 2.46421882899e-10, 2.33004338046e-10, 1.67543992569e-10, 1.34776009797e-10, 1.28006383271e-10, 7.2761394132e-11, 1.01732532121e-10, 1.48220838381e-10, 1.17136716993e-10, 1.18790435821e-10, 1.15328739614e-10, 9.24223683696e-11, 6.43178288406e-11, 4.52631161718e-11], "dvar": [8.44876558403e-05, 7.09776795702e-05, 2.71953285846e-05, 5.06726837557e-06, 8.89085129074e-07, 1.15807256407e-06, 2.66060652621e-07, 1.25699614273e-07, 5.20580520913e-08, 6.25885192562e-08, 3.31078986449e-08, 1.34109150451e-08, 3.83496656653e-09, 1.22948629055e-09, 5.8047744389e-10, 3.84397236264e-10, 1.978124331e-10, 1.8336711316e-10, 3.67097990894e-10, 2.69561289956e-10, 1.19701637491e-10, 4.60923590961e-11, 4.9504945282e-11, 5.2689169e-11, 5.07914474368e-11, 7.56701229454e-11, 1.46800613332e-10, 1.2993568721e-10, 1.05963210428e-10, 8.40286243364e-11, 7.86722353929e-11, 4.38501665534e-11, 6.46547954064e-11, 1.02783961897e-10, 7.32132202086e-11, 6.11747388857e-11, 5.60919193038e-11, 5.72834835122e-11, 3.20712623125e-11, 2.11783229842e-11], "mean": [0.00609702570364, 0.00417496496812, 0.00202840776183, 0.00107736443169, 0.00101651670411, 0.00113548350055, 0.000494368490763, 0.000297261518426, 0.000196918743313, 0.000198578563868, 0.00012434956443, 6.21149520157e-05, 4.05302489526e-05, 2.04985135497e-05, 1.53122364281e-05, 1.12236093628e-05, 1.05062590592e-05, 9.16220142244e-06, 1.37350016303e-05, 9.35066600505e-06, 8.04966748547e-06, 4.80526296087e-06, 4.75127535537e-06, 4.83774920212e-06, 4.92165690957e-06, 4.57735131931e-06, 5.41669260201e-06, 5.35026265425e-06, 4.75002389067e-06, 3.87086129194e-06, 3.70963084606e-06, 3.02271428154e-06, 3.40174528901e-06, 3.8009995933e-06, 3.15511965709e-06, 2.83685881186e-06, 2.77491994893e-06, 2.30848036153e-06, 1.71001090621e-06, 1.50423898049e-06]}, "spectral_entropy": {"min": 5.49203824997, "max": 9.81687831879, "dvar2": 0.0895768254995, "median": 7.28312110901, "dmean2": 0.303028523922, "dmean": 0.211790665984, "var": 0.307113021612, "dvar": 0.0491995550692, "mean": 7.30886220932}, "spectral_rolloff": {"min": 64.599609375, "max": 19552.1484375, "dvar2": 4776916.5, "median": 430.6640625, "dmean2": 795.832458496, "dmean": 455.989776611, "var": 4404925.5, "dvar": 1986422.25, "mean": 1010.3526001}, "barkbands": {"min": [4.22924453634e-25, 5.45828400882e-24, 5.52418041986e-25, 2.21062175926e-24, 8.20847794978e-24, 8.32391748807e-24, 9.04075854809e-24, 3.5827119864e-24, 4.44128500313e-23, 2.93687456096e-23, 1.60030910697e-23, 2.31389501135e-23, 4.70935666257e-23, 5.00336196651e-23, 4.41271340777e-23, 7.34754324127e-23, 8.14993153329e-23, 9.6272427101e-23, 1.35437572442e-22, 1.84611778638e-22, 3.0146489887e-22, 2.99625830597e-22, 4.57601828055e-22, 6.46777286937e-22, 9.02936704952e-22, 1.28778177812e-21, 1.93179489645e-21], "max": [0.0208695475012, 0.263273715973, 0.111903123558, 0.169710487127, 0.105428777635, 0.0895216837525, 0.0469925627112, 0.0274368710816, 0.0474637299776, 0.0216489955783, 0.0148736452684, 0.0081327566877, 0.00771560054272, 0.0027593804989, 0.00581425707787, 0.00668450631201, 0.00267490441911, 0.00412256270647, 0.00560092087835, 0.00926512293518, 0.0100860288367, 0.00907770171762, 0.0102737853304, 0.0225177872926, 0.0155851757154, 0.0103008160368, 0.00142115307972], "dvar2": [5.82955181017e-06, 0.00347540318035, 0.000380067009246, 0.000504179974087, 0.000204515774385, 7.36850270187e-05, 1.25669102999e-05, 2.84056500277e-06, 7.42206520954e-06, 2.67325162895e-06, 5.94703237766e-07, 1.875867639e-07, 1.1249802867e-07, 5.16980946941e-08, 1.1577125747e-07, 6.49326423741e-08, 2.98306659374e-08, 4.35583658032e-08, 9.27838570419e-08, 2.59365862121e-07, 2.80896699678e-07, 2.66630820533e-07, 5.20739320109e-07, 6.20636058102e-07, 3.28699371721e-07, 8.97498011909e-07, 3.33395391294e-08], "median": [0.000120519282063, 0.0125833777711, 0.00183022394776, 0.00141479982994, 0.00263059907593, 0.00350294820964, 0.00106247724034, 0.000394541042624, 0.000746666686609, 0.000129011314129, 0.000108183638076, 6.3830128056e-05, 4.64121258119e-05, 4.63654869236e-05, 7.01053577359e-05, 5.41518093087e-05, 3.45406915585e-05, 3.65460291505e-05, 3.58552933903e-05, 4.39157811343e-05, 3.13666459988e-05, 2.09930822166e-05, 1.90259161172e-05, 2.33907067013e-05, 1.5707259081e-05, 6.94368100085e-06, 1.57884210239e-06], "dmean2": [0.000954096671194, 0.0248223338276, 0.00671069510281, 0.00714782858267, 0.00534460414201, 0.00533247180283, 0.00194223818835, 0.000797495536972, 0.00128380209208, 0.000496632012073, 0.00027917441912, 0.000170127896126, 0.000110387976747, 0.000107688196294, 0.000160633280757, 0.000121688834042, 8.59498177306e-05, 9.34171766858e-05, 0.000120572964079, 0.000177010995685, 0.000176038753125, 0.000173326930963, 0.000200085763936, 0.000183215423021, 0.000161281306646, 0.000248323543929, 5.79034895054e-05], "dmean": [0.000603432650678, 0.0141678955406, 0.0036779185757, 0.00414947140962, 0.00310617196374, 0.00332930264995, 0.0011952224886, 0.000505081145093, 0.000834917475004, 0.000314924371196, 0.000183535928954, 0.000107721709355, 6.91449531587e-05, 6.83332618792e-05, 0.000101643447124, 7.82252755016e-05, 5.39249631402e-05, 6.04464476055e-05, 7.58965761634e-05, 0.000116497045383, 0.000118268253573, 0.000118277610454, 0.000138653907925, 0.000131426961161, 0.000111120323709, 0.000146423873957, 3.3506526961e-05], "var": [4.89563080919e-06, 0.00115302426275, 9.154707368e-05, 0.000145738231367, 5.91777097725e-05, 5.77475402679e-05, 8.9210252554e-06, 1.93754112843e-06, 6.19510365141e-06, 1.76635228399e-06, 4.92885305903e-07, 1.51495527234e-07, 7.3207644391e-08, 4.64939198253e-08, 8.6079253947e-08, 7.12156023042e-08, 2.10296970948e-08, 3.50532296522e-08, 7.73013155708e-08, 2.33844744457e-07, 2.30858717032e-07, 2.2594940674e-07, 4.22699400815e-07, 6.39317988771e-07, 3.43564693139e-07, 2.4835665613e-07, 8.81310402434e-09], "dvar": [2.41041630034e-06, 0.00117165374104, 0.000127899154904, 0.000186830802704, 7.07830840838e-05, 2.87011389446e-05, 4.93031348014e-06, 1.1145116332e-06, 2.99363910017e-06, 9.65906679085e-07, 2.40159437226e-07, 7.42823189626e-08, 4.61844109623e-08, 2.16737507941e-08, 4.85953854934e-08, 3.18409831834e-08, 1.27321229115e-08, 1.92485281048e-08, 4.12963423457e-08, 1.23129268559e-07, 1.34003826702e-07, 1.2723734244e-07, 2.41389386701e-07, 3.01932175262e-07, 1.66012782188e-07, 3.25078502783e-07, 1.23138255148e-08], "mean": [0.000958498683758, 0.021348522976, 0.00451826117933, 0.00442872336134, 0.00474750483409, 0.00603246269748, 0.0020512775518, 0.000861488981172, 0.00154106202535, 0.000534151389729, 0.000318618054735, 0.000181437470019, 0.000113899426651, 0.000115251932584, 0.00016706493625, 0.000130749409436, 8.35759710753e-05, 9.86423256109e-05, 0.00011916893709, 0.000176976376679, 0.000169060149346, 0.000169969236595, 0.000194798412849, 0.000203260191483, 0.00015051785158, 0.000133027351694, 2.65652997768e-05]}, "melbands_flatness_db": {"min": 0.00421180110425, "max": 0.553791999817, "dvar2": 0.00253244070336, "median": 0.268469214439, "dmean2": 0.0471097454429, "dmean": 0.0310741271824, "var": 0.00556639535353, "dvar": 0.00103793363087, "mean": 0.267087191343}, "melbands_skewness": {"min": -2.34789967537, "max": 25.9154148102, "dvar2": 5.94035959244, "median": 3.07376909256, "dmean2": 1.81284630299, "dmean": 1.1480294466, "var": 6.52489519119, "dvar": 2.4026684761, "mean": 3.65445184708}, "barkbands_skewness": {"min": -3.66553330421, "max": 22.1383228302, "dvar2": 3.88387918472, "median": 2.43239712715, "dmean2": 1.42875349522, "dmean": 0.892853319645, "var": 3.76551103592, "dvar": 1.48118746281, "mean": 2.72961568832}, "silence_rate_60dB": {"min": 0, "max": 1, "dvar2": 0.0225658286363, "median": 0, "dmean2": 0.0204342268407, "dmean": 0.0102160265669, "var": 0.07504671067, "dvar": 0.010113786906, "mean": 0.0817195177078}, "spectral_energyband_low": {"min": 2.08555748684e-23, "max": 0.302054554224, "dvar2": 0.00466806860641, "median": 0.0199596099555, "dmean2": 0.0305607002228, "dmean": 0.0176010560244, "var": 0.00171377928928, "dvar": 0.00162508594804, "mean": 0.0288120228797}, "spectral_energyband_middle_low": {"min": 2.51881090848e-22, "max": 0.245275065303, "dvar2": 0.00118945015129, "median": 0.0158629827201, "dmean2": 0.0153936026618, "dmean": 0.00919023249298, "var": 0.000458945316495, "dvar": 0.000439768016804, "mean": 0.0198766253889}, "melbands_kurtosis": {"min": -1.84453356266, "max": 1494.81799316, "dvar2": 6927.39453125, "median": 17.1958789825, "dmean2": 33.4696731567, "dmean": 20.1256523132, "var": 5192.77148438, "dvar": 2575.23974609, "mean": 33.6974945068}, "spectral_decrease": {"min": -8.19755783255e-08, "max": 2.11530783953e-28, "dvar2": 3.66939304962e-16, "median": -1.04781303634e-08, "dmean2": 1.02331725316e-08, "dmean": 5.95793459013e-09, "var": 1.46817583941e-16, "dvar": 1.2970176123e-16, "mean": -1.26411343615e-08}, "erbbands_kurtosis": {"min": -1.88535296917, "max": 51.0268516541, "dvar2": 12.8452205658, "median": 1.44213318825, "dmean2": 2.70308208466, "dmean": 1.70845985413, "var": 12.4902076721, "dvar": 5.31259536743, "mean": 2.19300794601}, "melbands_crest": {"min": 1.69892394543, "max": 35.2927360535, "dvar2": 29.0729370117, "median": 15.6475906372, "dmean2": 5.57804679871, "dmean": 3.41060447693, "var": 32.9834823608, "dvar": 11.3400449753, "mean": 16.4594326019}, "gfcc": {"cov": [[12321.9326172, 128.662307739, 197.49041748, 514.96862793, -326.955535889, 173.646224976, -74.1334762573, 203.391174316, -70.7994537354, 277.39050293, -205.775466919, 79.0505599976, -52.1644096375], [128.662307739, 1918.29516602, -292.383026123, -58.8742485046, 246.648025513, -84.4808731079, 89.3484954834, -7.60556316376, 148.643417358, -100.973236084, 155.931793213, -91.8760452271, 179.414794922], [197.49041748, -292.383026123, 754.225036621, 204.252960205, 128.257995605, 201.423721313, 81.2769470215, 61.9369812012, 53.2670707703, 87.3539733887, 9.94182014465, 56.6839485168, -48.636554718], [514.96862793, -58.8742485046, 204.252960205, 499.014587402, 159.841644287, 120.064460754, 113.968475342, 99.6190948486, 82.975440979, 39.1667442322, 17.817029953, -15.2497024536, -0.269944876432], [-326.955535889, 246.648025513, 128.257995605, 159.841644287, 343.867401123, 84.6466217041, 118.734779358, 82.4506912231, 77.8276672363, 19.1588592529, 32.4430847168, -2.50929832458, 16.9052467346], [173.646224976, -84.4808731079, 201.423721313, 120.064460754, 84.6466217041, 288.06729126, 137.27456665, 77.9637527466, 65.1282424927, 49.4887199402, 33.2069206238, 8.66764640808, 1.01927363873], [-74.1334762573, 89.3484954834, 81.2769470215, 113.968475342, 118.734779358, 137.27456665, 205.501403809, 92.2521362305, 68.752281189, 34.8409233093, 40.5788345337, -3.51881670952, 6.01553583145], [203.391174316, -7.60556316376, 61.9369812012, 99.6190948486, 82.4506912231, 77.9637527466, 92.2521362305, 152.771072388, 82.7995910645, 40.7343254089, 25.8206748962, 9.57674884796, 21.7471122742], [-70.7994537354, 148.643417358, 53.2670707703, 82.975440979, 77.8276672363, 65.1282424927, 68.752281189, 82.7995910645, 155.440765381, 48.5164833069, 54.2801628113, 5.01788759232, 45.5205345154], [277.39050293, -100.973236084, 87.3539733887, 39.1667442322, 19.1588592529, 49.4887199402, 34.8409233093, 40.7343254089, 48.5164833069, 119.675575256, 38.8466377258, 30.3277549744, -4.78069067001], [-205.775466919, 155.931793213, 9.94182014465, 17.817029953, 32.4430847168, 33.2069206238, 40.5788345337, 25.8206748962, 54.2801628113, 38.8466377258, 121.227676392, 28.0733070374, 43.7409248352], [79.0505599976, -91.8760452271, 56.6839485168, -15.2497024536, -2.50929832458, 8.66764640808, -3.51881670952, 9.57674884796, 5.01788759232, 30.3277549744, 28.0733070374, 88.4300231934, 19.7647972107], [-52.1644096375, 179.414794922, -48.636554718, -0.269944876432, 16.9052467346, 1.01927363873, 6.01553583145, 21.7471122742, 45.5205345154, -4.78069067001, 43.7409248352, 19.7647972107, 106.296005249]], "icov": [[0.000144433026435, -0.000222058864892, 1.90749233298e-05, -0.000273430166999, 0.000360212201485, -0.000209938792977, 0.000255699531408, -0.000421638978878, 0.000403845653636, -0.000613447744399, 0.00060089310864, -0.00035565617145, 8.85685658432e-05], [-0.000222058864892, 0.00140536704566, 9.64460632531e-05, 0.000736079527996, -0.00133329431992, 0.000810036610346, -0.000886122696102, 0.00139540492091, -0.00141518900637, 0.00178178341594, -0.00206975499168, 0.0018299613148, -0.00126850209199], [1.90749233298e-05, 9.64460632531e-05, 0.00209278310649, -0.000534387014341, -0.000511758902576, -0.00121992849745, 0.000501728616655, 0.000279738771496, -0.000321443629218, -0.000551872770302, 0.000322139589116, -0.00138475676067, 0.00104800332338], [-0.000273430166999, 0.000736079527996, -0.000534387014341, 0.00342134130187, -0.00157790770754, 0.000394056842197, -0.00100227212533, 0.000212441882468, -0.00136614311486, 0.00130277173594, -0.00133788341191, 0.00196797144599, -0.000523746479303], [0.000360212201485, -0.00133329431992, -0.000511758902576, -0.00157790770754, 0.00564739434049, -0.000479216017993, -0.000699186581187, -0.00210791570134, 0.000783599098213, -0.00139896548353, 0.00208937190473, -0.00165390968323, 0.000815571867861], [-0.000209938792977, 0.000810036610346, -0.00121992849745, 0.000394056842197, -0.000479216017993, 0.00668170535937, -0.003966325894, 0.000569063064177, -0.00123858824372, 0.000789127196185, -0.00154178147204, 0.00150070758536, -0.00098596571479], [0.000255699531408, -0.000886122696102, 0.000501728616655, -0.00100227212533, -0.000699186581187, -0.003966325894, 0.0105993291363, -0.00425696838647, 0.000860747590195, -0.00135149306152, -0.000291481352178, -0.000336623576004, 0.00202164473012], [-0.000421638978878, 0.00139540492091, 0.000279738771496, 0.000212441882468, -0.00210791570134, 0.000569063064177, -0.00425696838647, 0.0135677736253, -0.00573848746717, 0.000961872341577, -0.000809462508187, 0.000611225550529, -0.00191862124484], [0.000403845653636, -0.00141518900637, -0.000321443629218, -0.00136614311486, 0.000783599098213, -0.00123858824372, 0.000860747590195, -0.00573848746717, 0.0141081595793, -0.00540602905676, 0.000157331480295, 0.000615926983301, -0.00301524298266], [-0.000613447744399, 0.00178178341594, -0.000551872770302, 0.00130277173594, -0.00139896548353, 0.000789127196185, -0.00135149306152, 0.000961872341577, -0.00540602905676, 0.0158004853874, -0.00635035103187, -0.000917559606023, 0.00234644534066], [0.00060089310864, -0.00206975499168, 0.000322139589116, -0.00133788341191, 0.00208937190473, -0.00154178147204, -0.000291481352178, -0.000809462508187, 0.000157331480295, -0.00635035103187, 0.0162437614053, -0.00532311946154, -0.00225054658949], [-0.00035565617145, 0.0018299613148, -0.00138475676067, 0.00196797144599, -0.00165390968323, 0.00150070758536, -0.000336623576004, 0.000611225550529, 0.000615926983301, -0.000917559606023, -0.00532311946154, 0.0175985675305, -0.00513611454517], [8.85685658432e-05, -0.00126850209199, 0.00104800332338, -0.000523746479303, 0.000815571867861, -0.00098596571479, 0.00202164473012, -0.00191862124484, -0.00301524298266, 0.00234644534066, -0.00225054658949, -0.00513611454517, 0.0155062004924]], "mean": [-14.2563896179, 96.3269348145, -74.7078552246, 27.1253108978, -60.8678588867, 4.6448135376, -35.1733894348, 10.012377739, -17.0484237671, 4.19788980484, -13.148560524, 0.957958638668, -5.57224273682]}, "melbands_spread": {"min": 0.23840393126, "max": 233.470291138, "dvar2": 270.01663208, "median": 7.70955371857, "dmean2": 7.46200752258, "dmean": 4.78787136078, "var": 409.299133301, "dvar": 121.265830994, "mean": 12.7801475525}, "spectral_energy": {"min": 1.0266394653e-20, "max": 0.313491433859, "dvar2": 0.00533968256786, "median": 0.0412153676152, "dmean2": 0.0392764173448, "dmean": 0.0229665059596, "var": 0.00218028668314, "dvar": 0.00189424667042, "mean": 0.0495748370886}, "mfcc": {"cov": [[8333.40234375, 250.176757812, 330.082000732, 333.50491333, -44.4359588623, 91.9913101196, 16.4922027588, -40.5832901001, 108.545845032, 175.614059448, 35.2919120789, -37.7370872498, -33.005947113], [250.176757812, 1702.90478516, -255.788314819, 10.1558685303, 79.9330062866, -70.4322357178, 15.971373558, 2.45741510391, 19.4520168304, 32.9761619568, -36.9854774475, -13.5625295639, 30.0703773499], [330.082000732, -255.788314819, 593.407287598, 57.760383606, 93.0849456787, 151.234390259, 56.317741394, 65.5328140259, 41.6395721436, 41.8415374756, 64.5723800659, 63.8022575378, 39.7082290649], [333.50491333, 10.1558685303, 57.760383606, 390.944702148, 141.647369385, 58.4161300659, 57.7987518311, 59.6710968018, 72.9762496948, 52.769695282, 34.9395980835, 46.817363739, 30.676738739], [-44.4359588623, 79.9330062866, 93.0849456787, 141.647369385, 233.217147827, 81.0068054199, 60.9134292603, 68.1001663208, 71.7469024658, 47.9389648438, 30.0001621246, 41.6524620056, 40.38022995], [91.9913101196, -70.4322357178, 151.234390259, 58.4161300659, 81.0068054199, 207.297149658, 99.9670181274, 69.8937606812, 50.8703727722, 50.2061729431, 56.7491760254, 39.8859825134, 26.8536701202], [16.4922027588, 15.971373558, 56.317741394, 57.7987518311, 60.9134292603, 99.9670181274, 173.944198608, 86.5423660278, 53.139289856, 51.2881698608, 54.61378479, 33.8187866211, 21.0592002869], [-40.5832901001, 2.45741510391, 65.5328140259, 59.6710968018, 68.1001663208, 69.8937606812, 86.5423660278, 144.987960815, 83.474319458, 43.7162704468, 38.957157135, 38.3236961365, 24.4792804718], [108.545845032, 19.4520168304, 41.6395721436, 72.9762496948, 71.7469024658, 50.8703727722, 53.139289856, 83.474319458, 139.559646606, 77.2963256836, 38.1539459229, 32.3797264099, 27.9136886597], [175.614059448, 32.9761619568, 41.8415374756, 52.769695282, 47.9389648438, 50.2061729431, 51.2881698608, 43.7162704468, 77.2963256836, 124.1745224, 61.4694862366, 22.7682170868, 22.0167751312], [35.2919120789, -36.9854774475, 64.5723800659, 34.9395980835, 30.0001621246, 56.7491760254, 54.61378479, 38.957157135, 38.1539459229, 61.4694862366, 107.438858032, 57.5373725891, 23.4387931824], [-37.7370872498, -13.5625295639, 63.8022575378, 46.817363739, 41.6524620056, 39.8859825134, 33.8187866211, 38.3236961365, 32.3797264099, 22.7682170868, 57.5373725891, 99.8171539307, 49.3730735779], [-33.005947113, 30.0703773499, 39.7082290649, 30.676738739, 40.38022995, 26.8536701202, 21.0592002869, 24.4792804718, 27.9136886597, 22.0167751312, 23.4387931824, 49.3730735779, 91.6046905518]], "icov": [[0.0001404578652, -4.33077220805e-05, -0.000116196904855, -0.000165519042639, 0.000193262370885, -4.8604386393e-05, 1.05611607069e-05, 0.000155794798047, -0.000111547975393, -0.000176417917828, 5.14867751917e-05, 8.5181214672e-05, 7.29250677978e-05], [-4.33077220805e-05, 0.000694332004059, 0.000342715560691, 0.00014745273802, -0.000460893643321, 0.000247375486651, -0.000185630065971, -5.67835013499e-05, 0.000178782109288, -0.00034836679697, 0.000348811212461, -7.7549389971e-05, -0.000271169090411], [-0.000116196904855, 0.000342715560691, 0.00242089689709, 0.000232716454775, -0.000702453253325, -0.00132228736766, 0.000502179667819, -0.000526326475665, 0.000471795065096, -4.60887167719e-05, -0.000279477040749, -0.000647750624921, -0.000271274038823], [-0.000165519042639, 0.00014745273802, 0.000232716454775, 0.00363070820458, -0.00202935421839, 0.000180373637704, -0.000324485939927, -9.42781480262e-05, -0.00043493299745, -0.000252889993135, 0.000257512554526, -0.00101848517079, 0.000193064566702], [0.000193262370885, -0.000460893643321, -0.000702453253325, -0.00202935421839, 0.00729991029948, -0.00139064260293, -0.000131057706312, -0.000492647232022, -0.00148839724716, -0.000390508474084, 0.000948412751313, -0.000350712420186, -0.000949655310251], [-4.8604386393e-05, 0.000247375486651, -0.00132228736766, 0.000180373637704, -0.00139064260293, 0.00861589051783, -0.00333268311806, -0.000598292273935, 8.101536514e-05, -0.000399603188271, -0.00126293825451, 0.000208768353332, -0.0002906419395], [1.05611607069e-05, -0.000185630065971, 0.000502179667819, -0.000324485939927, -0.000131057706312, -0.00333268311806, 0.0105010252446, -0.00454948795959, 0.00107676163316, -0.000972547743004, -0.00229321885854, 0.000598536396865, -3.80915371352e-05], [0.000155794798047, -5.67835013499e-05, -0.000526326475665, -9.42781480262e-05, -0.000492647232022, -0.000598292273935, -0.00454948795959, 0.0142276333645, -0.00700342375785, 0.00188452284783, -6.4506122726e-05, -0.00136563973501, 0.000404621940106], [-0.000111547975393, 0.000178782109288, 0.000471795065096, -0.00043493299745, -0.00148839724716, 8.101536514e-05, 0.00107676163316, -0.00700342375785, 0.016176359728, -0.00803540460765, 0.00213454850018, -0.00154436100274, -0.000613176613115], [-0.000176417917828, -0.00034836679697, -4.60887167719e-05, -0.000252889993135, -0.000390508474084, -0.000399603188271, -0.000972547743004, 0.00188452284783, -0.00803540460765, 0.0175550039858, -0.00915324874222, 0.0047410344705, -0.00181929115206], [5.14867751917e-05, 0.000348811212461, -0.000279477040749, 0.000257512554526, 0.000948412751313, -0.00126293825451, -0.00229321885854, -6.4506122726e-05, 0.00213454850018, -0.00915324874222, 0.0208000522107, -0.0107831079513, 0.00247484212741], [8.5181214672e-05, -7.7549389971e-05, -0.000647750624921, -0.00101848517079, -0.000350712420186, 0.000208768353332, 0.000598536396865, -0.00136563973501, -0.00154436100274, 0.0047410344705, -0.0107831079513, 0.0210301280022, -0.00824590306729], [7.29250677978e-05, -0.000271169090411, -0.000271274038823, 0.000193064566702, -0.000949655310251, -0.0002906419395, -3.80915371352e-05, 0.000404621940106, -0.000613176613115, -0.00181929115206, 0.00247484212741, -0.00824590306729, 0.0159243922681]], "mean": [-669.212402344, 132.794342041, 34.840511322, 26.4201850891, 2.31686615944, -2.20071911812, -3.72295498848, -0.224598824978, 1.56914520264, 4.90519428253, -2.84016776085, -0.841290950775, 0.234952196479]}, "spectral_contrast_valleys": {"min": [-27.6257667542, -27.6944255829, -27.7187709808, -27.732093811, -27.5313739777, -27.4291439056], "max": [-4.91470718384, -4.46855783463, -5.47598314285, -5.92304229736, -5.73493099213, -6.99697828293], "dvar2": [0.359621137381, 0.223315268755, 0.178982496262, 0.191001564264, 0.311661541462, 0.244831010699], "median": [-6.53185796738, -6.41381502151, -7.75677347183, -8.23057365417, -8.03116798401, -10.1671848297], "dmean2": [0.660567700863, 0.514129638672, 0.478022664785, 0.426622062922, 0.397690325975, 0.380271375179], "dmean": [0.406539708376, 0.319917887449, 0.303598403931, 0.275833159685, 0.280043631792, 0.325047761202], "var": [2.89282536507, 2.07702636719, 1.70413386822, 1.67869663239, 1.92675161362, 1.97831594944], "dvar": [0.181558161974, 0.108366817236, 0.0967688113451, 0.102793075144, 0.166333034635, 0.168766975403], "mean": [-7.05918502808, -6.64853811264, -7.88483190536, -8.35775184631, -8.11588954926, -10.1847553253]}, "barkbands_flatness_db": {"min": 0.023035435006, "max": 0.431491494179, "dvar2": 0.00182790728286, "median": 0.174505591393, "dmean2": 0.0414447449148, "dmean": 0.0269220434129, "var": 0.00321029219776, "dvar": 0.000716144684702, "mean": 0.176416784525}, "dynamic_complexity": 3.49653339386, "erbbands_flatness_db": {"min": 0.0355707295239, "max": 0.33610996604, "dvar2": 0.000714715919457, "median": 0.143882155418, "dmean2": 0.0286291316152, "dmean": 0.0200590640306, "var": 0.00195218354929, "dvar": 0.000386636413168, "mean": 0.144504919648}, "hfc": {"min": 1.07744906996e-16, "max": 336.115386963, "dvar2