{"lowlevel": {"spectral_complexity": {"min": 0, "max": 44, "dvar2": 9.7478313446, "median": 8, "dmean2": 2.44593143463, "dmean": 1.55151188374, "var": 44.7245903015, "dvar": 4.65390396118, "mean": 8.8927230835}, "silence_rate_20dB": {"min": 1, "max": 1, "dvar2": 0, "median": 1, "dmean2": 0, "dmean": 0, "var": 0, "dvar": 0, "mean": 1}, "average_loudness": 0.855173170567, "erbbands_spread": {"min": 1.74208962917, "max": 149.253204346, "dvar2": 197.889541626, "median": 23.3124485016, "dmean2": 9.22420883179, "dmean": 6.06584596634, "var": 441.74987793, "dvar": 87.3700027466, "mean": 28.7883720398}, "spectral_kurtosis": {"min": -1.23681807518, "max": 98.8937225342, "dvar2": 198.972686768, "median": 11.4151954651, "dmean2": 11.304602623, "dmean": 6.64199399948, "var": 218.558319092, "dvar": 69.0684127808, "mean": 16.0430297852}, "barkbands_kurtosis": {"min": -1.9362859726, "max": 264.430847168, "dvar2": 158.52961731, "median": 7.66693878174, "dmean2": 7.58787488937, "dmean": 4.99642562866, "var": 286.77142334, "dvar": 74.7449874878, "mean": 12.784819603}, "spectral_strongpeak": {"min": 0, "max": 7.96604013443, "dvar2": 0.420447140932, "median": 0.499305516481, "dmean2": 0.378209173679, "dmean": 0.232735931873, "var": 0.397329896688, "dvar": 0.161770194769, "mean": 0.66285854578}, "spectral_spread": {"min": 899265.1875, "max": 42125952, "dvar2": 1646845362180.0, "median": 2512585.5, "dmean2": 635379.0625, "dmean": 425395.09375, "var": 10272621199400.0, "dvar": 788489568256, "mean": 3471692.75}, "spectral_rms": {"min": 3.12649580704e-12, "max": 0.0125282956287, "dvar2": 1.17474985473e-06, "median": 0.00528537668288, "dmean2": 0.000794377119746, "dmean": 0.000536619918421, "var": 8.26244104246e-06, "dvar": 4.9337774044e-07, "mean": 0.00464970152825}, "erbbands": {"min": [7.04942702539e-23, 1.07646520244e-21, 2.969649081e-21, 8.73363867142e-21, 4.02958854363e-21, 2.45386052927e-20, 4.38887298866e-20, 1.31147069202e-19, 1.37652353581e-19, 4.17268856009e-19, 5.6051448857e-19, 4.62303644634e-19, 8.05480718255e-19, 1.00491742776e-18, 1.12686711451e-18, 1.09287888352e-18, 2.57207985763e-18, 2.64389774636e-18, 3.33816759848e-18, 3.92311085019e-18, 3.61966956864e-18, 3.4432608953e-18, 7.12341804623e-18, 6.75612379807e-18, 8.21966065971e-18, 1.08836859851e-17, 1.05828255071e-17, 1.4549448539e-17, 1.20127122478e-17, 1.1765780637e-17, 1.32156355177e-17, 1.28410037639e-17, 1.12511791702e-17, 1.04329287996e-17, 7.17982680093e-18, 4.77754747751e-18, 2.71538372888e-18, 1.02738055127e-18, 2.87930326743e-19, 2.97292234132e-20], "max": [3.16176342964, 11.6036176682, 62.4436912537, 196.320541382, 212.514221191, 264.543823242, 360.059844971, 656.91229248, 1018.71929932, 487.632568359, 763.756652832, 231.898406982, 705.214172363, 471.048675537, 356.993713379, 193.65423584, 99.5816879272, 53.0713348389, 162.050430298, 477.047363281, 622.912231445, 599.762207031, 134.689910889, 419.000305176, 354.161590576, 199.049285889, 208.124359131, 440.210083008, 321.058441162, 280.731445312, 213.877731323, 264.242767334, 227.596206665, 125.03276062, 32.1964950562, 13.9392404556, 3.61371135712, 0.436412006617, 0.0301936492324, 0.0011550122872], "dvar2": [0.0168001875281, 1.00209200382, 40.6957550049, 255.529998779, 528.91796875, 461.183441162, 728.872924805, 1667.00354004, 4313.17138672, 613.475036621, 699.611816406, 350.963134766, 2442.36791992, 1094.01208496, 1040.64819336, 66.2379302979, 70.1196136475, 36.6213722229, 78.4951553345, 565.148193359, 466.196166992, 596.600280762, 87.9596405029, 428.635650635, 458.935455322, 101.412712097, 72.3901748657, 282.983886719, 129.757278442, 100.474197388, 93.0616531372, 139.99168396, 105.531951904, 23.8739871979, 2.72747778893, 0.380404263735, 0.027344532311, 0.000586360460147, 2.2319522941e-06, 3.15831583109e-09], "median": [0.0290890745819, 0.94550549984, 3.71375656128, 5.28848838806, 8.93235397339, 9.86720275879, 10.3244075775, 12.6774368286, 8.79985237122, 4.84371995926, 2.25814819336, 2.59077978134, 3.19376254082, 2.29536676407, 2.00421762466, 1.73707807064, 1.13149547577, 0.746995568275, 1.07966256142, 1.26713895798, 1.50178003311, 1.22815704346, 0.66014957428, 0.68223130703, 0.419526517391, 0.188028290868, 0.13018129766, 0.0439620614052, 0.0164227448404, 0.00656671635807, 0.00229272386059, 0.00108342058957, 0.000711510656402, 0.000400183285819, 0.000189283920918, 8.68086863193e-05, 4.0393359086e-05, 3.2380430639e-05, 1.85853677976e-05, 3.27327179548e-05], "dmean2": [0.0394186973572, 0.646702647209, 3.61422204971, 8.09320449829, 12.4778547287, 11.1018533707, 14.5892047882, 19.766204834, 21.3188781738, 11.0054254532, 8.6486415863, 8.72737693787, 16.4362030029, 13.0054645538, 10.0933828354, 3.55231070518, 3.25309419632, 2.87833142281, 3.85444521904, 5.61139202118, 5.38694000244, 4.63357067108, 3.16201257706, 5.87295341492, 4.3145904541, 2.25317382812, 1.57025957108, 1.79672122002, 1.28062844276, 1.01902341843, 1.19074141979, 1.60349929333, 1.24124097824, 0.546442210674, 0.214065507054, 0.0834761708975, 0.0241304095834, 0.00366088817827, 0.000206704775337, 1.67201960721e-05], "dmean": [0.0244526136667, 0.429060399532, 2.43598365784, 5.35910797119, 8.32738304138, 7.30994844437, 9.54262447357, 13.2071142197, 14.3454866409, 7.28373289108, 5.96739387512, 6.36876153946, 11.2539024353, 8.55319595337, 6.28823471069, 2.25879740715, 2.02413225174, 1.71732831001, 2.38534188271, 3.41105175018, 3.5683298111, 2.84742450714, 1.98236787319, 3.76024866104, 2.88340067863, 1.5422000885, 1.0189268589, 1.24319851398, 0.854174792767, 0.712764143944, 0.842439115047, 1.14398610592, 0.867388606071, 0.367024928331, 0.146148741245, 0.0554304867983, 0.0166095383465, 0.00252091092989, 0.000144829216879, 1.14828117148e-05], "var": [0.0108928428963, 2.76254296303, 81.1978530884, 382.84463501, 695.977600098, 585.545227051, 1066.11914062, 3076.8581543, 4532.72167969, 868.944885254, 1973.77380371, 715.812011719, 2784.54833984, 1431.59020996, 751.105712891, 106.762542725, 60.5827980042, 30.3758983612, 87.7230300903, 230.977813721, 582.194030762, 249.268997192, 63.5803413391, 418.474060059, 275.602874756, 88.7990264893, 36.6873626709, 131.562225342, 85.779083252, 49.5749816895, 50.9591560364, 86.3253860474, 59.8978614807, 11.2653226852, 1.50748693943, 0.185796588659, 0.0167562756687, 0.000336811586749, 1.26030749925e-06, 2.69518674045e-09], "dvar": [0.00726091908291, 0.425597578287, 15.897939682, 108.06816864, 220.072952271, 189.125595093, 302.537536621, 754.561828613, 1671.35290527, 278.015258789, 345.30847168, 181.380905151, 1134.44152832, 444.000854492, 363.68560791, 28.2730941772, 26.5860729218, 13.726398468, 31.0220355988, 205.147506714, 226.790405273, 233.332489014, 35.7115440369, 191.926010132, 208.255737305, 48.1485176086, 30.5640201569, 124.395698547, 67.9320678711, 45.1862487793, 42.9913482666, 68.0163803101, 49.2785758972, 10.6206293106, 1.29870057106, 0.171661064029, 0.0135177383199, 0.000281353626633, 1.06902973585e-06, 1.47246381754e-09], "mean": [0.058562617749, 1.39584028721, 6.79275369644, 12.3137512207, 18.7918796539, 17.4288883209, 22.1623401642, 34.288230896, 33.0396156311, 15.9422245026, 13.6541910172, 14.6266813278, 21.5757236481, 17.8204441071, 11.4203672409, 4.98620223999, 3.86996126175, 3.13420057297, 4.56259870529, 5.66890287399, 6.82915019989, 4.68043279648, 3.61276292801, 6.19658851624, 4.20674324036, 2.53086042404, 1.52127301693, 1.36493253708, 1.0435281992, 0.831043303013, 0.980515420437, 1.32558524609, 1.01734387875, 0.417039871216, 0.167604714632, 0.0651517361403, 0.019717566669, 0.00289351399988, 0.000177073437953, 3.9718735934e-05]}, "zerocrossingrate": {"min": 0.00390625, "max": 0.80126953125, "dvar2": 0.000196080130991, "median": 0.0205078125, "dmean2": 0.00747216679156, "dmean": 0.00620536599308, "var": 0.00776974158362, "dvar": 0.000161265779752, "mean": 0.0406686812639}, "spectral_contrast_coeffs": {"min": [-0.972232162952, -0.9748929739, -0.982391119003, -0.981977283955, -0.976822316647, -0.966345965862], "max": [-0.343555182219, -0.336865931749, -0.472480267286, -0.538758456707, -0.539637207985, -0.529053628445], "dvar2": [0.00348553317599, 0.00283466093242, 0.00196046684869, 0.0012708514696, 0.000795866013505, 0.000967889383901], "median": [-0.608516573906, -0.674637854099, -0.763651549816, -0.809154987335, -0.796996712685, -0.798178255558], "dmean2": [0.067013964057, 0.063252992928, 0.0532167181373, 0.0411913841963, 0.0305644832551, 0.0286894533783], "dmean": [0.0411873906851, 0.0394737645984, 0.0336659289896, 0.0250668898225, 0.0190754625946, 0.0183312315494], "var": [0.0100259901956, 0.0103437900543, 0.00799254048616, 0.0039982185699, 0.00350068113767, 0.00593439536169], "dvar": [0.00130732578691, 0.00115118827671, 0.000820792571176, 0.000519425666425, 0.000342637475114, 0.000441080075689], "mean": [-0.617938578129, -0.678278386593, -0.759532153606, -0.804308772087, -0.79682713747, -0.786637365818]}, "dissonance": {"min": 0.204205363989, "max": 0.499976336956, "dvar2": 0.00137268123217, "median": 0.43156889081, "dmean2": 0.0405139252543, "dmean": 0.0247461926192, "var": 0.00240194564685, "dvar": 0.000525849347468, "mean": 0.421789616346}, "spectral_energyband_high": {"min": 7.28955499752e-21, "max": 0.0444005914032, "dvar2": 3.34560490955e-06, "median": 8.90733281267e-06, "dmean2": 0.000236140869674, "dmean": 0.000170022598468, "var": 2.08094775189e-06, "dvar": 1.63971412803e-06, "mean": 0.000223733484745}, "spectral_skewness": {"min": -0.101404063404, "max": 7.76327896118, "dvar2": 0.910137951374, "median": 2.48226308823, "dmean2": 0.892594814301, "dmean": 0.544710874557, "var": 1.68498909473, "dvar": 0.334672808647, "mean": 2.69041514397}, "spectral_flux": {"min": 6.49241285733e-11, "max": 0.270934730768, "dvar2": 0.00113764987327, "median": 0.0487804710865, "dmean2": 0.0271481145173, "dmean": 0.016468256712, "var": 0.00176098744851, "dvar": 0.000435941765318, "mean": 0.0534159466624}, "silence_rate_30dB": {"min": 0, "max": 1, "dvar2": 0.0221135150641, "median": 1, "dmean2": 0.0192719493061, "dmean": 0.00963339582086, "var": 0.0116318650544, "dvar": 0.00954024121165, "mean": 0.988228976727}, "spectral_energyband_middle_high": {"min": 1.1990198054e-21, "max": 0.018605845049, "dvar2": 3.42467706105e-06, "median": 0.000437093956862, "dmean2": 0.000892192649189, "dmean": 0.000592564465478, "var": 6.77074285704e-06, "dvar": 1.52735890424e-06, "mean": 0.00169242580887}, "barkbands_spread": {"min": 0.36571854353, "max": 134.219192505, "dvar2": 81.147605896, "median": 5.93975162506, "dmean2": 4.23473930359, "dmean": 2.82579898834, "var": 247.259262085, "dvar": 40.3485717773, "mean": 10.4690341949}, "spectral_centroid": {"min": 124.658302307, "max": 11663.1455078, "dvar2": 199224.28125, "median": 427.163513184, "dmean2": 182.374237061, "dmean": 124.221939087, "var": 654332.125, "dvar": 90414.4453125, "mean": 628.308166504}, "pitch_salience": {"min": 0.106453359127, "max": 0.816001415253, "dvar2": 0.00864013284445, "median": 0.55183506012, "dmean2": 0.102194152772, "dmean": 0.0633303821087, "var": 0.0129626756534, "dvar": 0.00334203662351, "mean": 0.545229315758}, "erbbands_skewness": {"min": -4.25207853317, "max": 7.39864492416, "dvar2": 0.396352231503, "median": 1.14867901802, "dmean2": 0.578218877316, "dmean": 0.393304377794, "var": 1.19831085205, "dvar": 0.193893924356, "mean": 1.2686394453}, "erbbands_crest": {"min": 2.17708873749, "max": 29.6180610657, "dvar2": 11.2595100403, "median": 9.89823722839, "dmean2": 3.54369282722, "dmean": 2.25229620934, "var": 20.0699062347, "dvar": 4.72376585007, "mean": 10.7929105759}, "melbands": {"min": [8.37522776236e-25, 1.59131960308e-24, 1.39295224542e-24, 8.97354917668e-25, 1.32471903117e-24, 2.88386681578e-24, 2.43075181714e-24, 5.49352834192e-24, 3.62844343636e-24, 3.18001249656e-24, 3.92738503741e-24, 3.24416207373e-24, 4.03146852854e-24, 3.84496366674e-24, 2.3306199275e-24, 4.36968238646e-24, 4.34918699128e-24, 4.3047532175e-24, 5.29408537241e-24, 3.46198668561e-24, 3.44234838781e-24, 2.78580095285e-24, 5.24543395381e-24, 4.48165843094e-24, 5.4152161477e-24, 4.89794190835e-24, 5.842979129e-24, 6.73531255258e-24, 6.83216100591e-24, 6.00166559984e-24, 8.13074754048e-24, 6.97217435026e-24, 6.12815905156e-24, 6.96880670305e-24, 6.42848865337e-24, 6.38652283093e-24, 7.30524877938e-24, 6.95205366401e-24, 8.05966091773e-24, 7.74871640358e-24], "max": [0.0208918973804, 0.0269934535027, 0.0269672740251, 0.0199872627854, 0.00954385939986, 0.0131327444687, 0.0135342581198, 0.00633774651214, 0.00508974818513, 0.00142307765782, 0.00345484237187, 0.00213270145468, 0.0016009536339, 0.000572178454604, 0.000357704353519, 0.000197077170014, 0.000121316348668, 0.000233225262491, 0.000285954971332, 0.000811358971987, 0.000693148351274, 0.000725363264792, 0.00012000042625, 0.000211375197978, 0.000362000952009, 0.000289113173494, 0.000306094414555, 9.65730068856e-05, 7.68104291637e-05, 0.000255097809713, 0.00025276406086, 0.000182628791663, 0.000186273638974, 0.000125592938275, 9.83316713246e-05, 0.00015591995907, 0.000173413034645, 0.00018097924476, 0.00015268966672, 8.66905611474e-05], "dvar2": [1.02687602066e-06, 6.35258766124e-06, 6.94741083862e-06, 2.58234376815e-06, 7.93467563653e-07, 7.57073848945e-07, 7.80027903602e-07, 7.95912029616e-08, 4.0305263127e-08, 1.3238958374e-08, 6.06826517924e-08, 2.06201402619e-08, 2.25477290172e-08, 5.83954384847e-10, 5.25880616831e-10, 1.57729787564e-10, 1.80778461645e-10, 2.66705491025e-10, 2.60905685945e-10, 1.95084193244e-09, 5.99766347698e-10, 8.54243786819e-10, 8.01748320511e-11, 1.09422609862e-10, 3.7309141887e-10, 3.24188315082e-10, 2.1649858295e-10, 3.55360463278e-11, 1.85552788412e-11, 8.05271474502e-11, 1.12567483113e-10, 4.50759360393e-11, 3.68216013236e-11, 2.55174926328e-11, 2.69578335349e-11, 4.44007122735e-11, 6.66558128137e-11, 6.05321487379e-11, 3.50297985063e-11, 1.27231974956e-11], "median": [0.000588123046327, 0.00189667427912, 0.001215848024, 0.000720905023627, 0.000403903366532, 0.000302561442368, 0.000121111588669, 3.61948259524e-05, 1.56464939209e-05, 1.52186821651e-05, 1.32804143504e-05, 8.58694329509e-06, 5.37892719876e-06, 4.00197268391e-06, 3.47391778632e-06, 1.54972121891e-06, 1.18115394798e-06, 1.65486653714e-06, 1.34106835503e-06, 1.74311469436e-06, 1.53941982717e-06, 1.2231406572e-06, 6.07349988968e-07, 5.03788385231e-07, 5.32831450073e-07, 3.5765393136e-07, 1.80026660246e-07, 9.33921597834e-08, 8.18234298094e-08, 5.25656922434e-08, 1.33584769912e-08, 8.16744893939e-09, 6.18874063107e-09, 2.17072537723e-09, 1.32887401083e-09, 6.98999969018e-10, 5.52166923296e-10, 4.73199590623e-10, 3.89600185446e-10, 2.83278844826e-10], "dmean2": [0.000485038006445, 0.00150766386651, 0.00148426659871, 0.000814125407487, 0.000509128090926, 0.000438117451267, 0.000297948630759, 0.000118195428513, 7.03112964402e-05, 5.51615194126e-05, 8.34887250676e-05, 5.55905680812e-05, 4.34156390838e-05, 1.01146006273e-05, 9.71019562712e-06, 5.42294947081e-06, 6.06675348536e-06, 6.79260938341e-06, 5.76940965402e-06, 9.25473887037e-06, 6.32398905509e-06, 5.44800741409e-06, 2.99071234622e-06, 3.59182149623e-06, 5.28824602952e-06, 4.26598217018e-06, 2.47441857937e-06, 1.37870551953e-06, 9.88106762634e-07, 1.07984442366e-06, 1.09460825115e-06, 7.71899067331e-07, 6.19924605871e-07, 5.57735404527e-07, 6.61999081331e-07, 8.72020564202e-07, 1.12598934265e-06, 9.51752724632e-07, 6.63898447328e-07, 4.09938223811e-07], "dmean": [0.00030963512836, 0.00101513741538, 0.000978405005299, 0.000547402887605, 0.000327992922394, 0.000293369754218, 0.000201017857762, 7.79423789936e-05, 4.89496778755e-05, 3.97949334001e-05, 5.72289936827e-05, 3.69173649233e-05, 2.68907097052e-05, 6.40588496026e-06, 6.09825838183e-06, 3.34689275405e-06, 3.60956255463e-06, 4.21210779677e-06, 3.44812406183e-06, 5.82110760661e-06, 4.15782687924e-06, 3.33341108671e-06, 1.84487964816e-06, 2.25446797231e-06, 3.3514468214e-06, 2.74568947134e-06, 1.64235189004e-06, 9.07136779915e-07, 6.23985442871e-07, 7.23748485143e-07, 7.47606804907e-07, 4.99325949477e-07, 4.17856796275e-07, 3.8357617882e-07, 4.56416671568e-07, 5.99148734182e-07, 7.78536843882e-07, 6.61209014652e-07, 4.51102465604e-07, 2.69758629656e-07], "var": [1.32381546791e-06, 1.41059499583e-05, 1.01105251815e-05, 3.81512609238e-06, 1.03366369331e-06, 1.42155124649e-06, 8.55391704135e-07, 1.19734750115e-07, 9.79417933422e-08, 2.72155631365e-08, 6.97938489225e-08, 2.70968936178e-08, 1.49144092632e-08, 9.4363838965e-10, 8.28265345199e-10, 1.34260866314e-10, 1.34438335464e-10, 2.51132420415e-10, 1.57753130003e-10, 9.69499036607e-10, 7.82857279003e-10, 3.64566682398e-10, 4.53976717329e-11, 1.06586406368e-10, 3.30504207335e-10, 2.20576598653e-10, 1.06344835715e-10, 3.68448604959e-11, 9.49983321175e-12, 3.38813491152e-11, 5.12548545273e-11, 3.03127870027e-11, 2.05151919758e-11, 1.24772379928e-11, 1.37042399997e-11, 2.6276305784e-11, 3.78893409703e-11, 3.38656741539e-11, 1.73182492652e-11, 6.03647210343e-12], "dvar": [4.46162175649e-07, 2.52288623415e-06, 2.87765874418e-06, 1.09935194814e-06, 3.16194302741e-07, 3.39777500358e-07, 3.05619408891e-07, 3.4890934586e-08, 1.97533527313e-08, 6.78637412932e-09, 2.83327654671e-08, 8.60515481094e-09, 7.66844454603e-09, 2.44487596834e-10, 2.19111145894e-10, 6.2502308884e-11, 6.7455985242e-11, 1.05720890375e-10, 9.58842588661e-11, 7.68391295036e-10, 2.94045121585e-10, 3.3873709393e-10, 3.04609636126e-11, 4.99698026013e-11, 1.61386473629e-10, 1.43460826552e-10, 9.59721399574e-11, 1.64211508974e-11, 7.60701918123e-12, 3.37075263535e-11, 4.91469712149e-11, 2.37330953501e-11, 1.79705347825e-11, 1.12479643655e-11, 1.20722858793e-11, 2.1254494692e-11, 3.11510955919e-11, 2.8124225171e-11, 1.54918074896e-11, 5.74869275446e-12], "mean": [0.000924172287341, 0.00302723655477, 0.00233735260554, 0.00136126135476, 0.000760935945436, 0.000772660598159, 0.000465005781734, 0.00016409996897, 0.00010747784836, 8.9494875283e-05, 0.000108256601379, 7.52259875298e-05, 4.54580003861e-05, 1.30900280055e-05, 1.24759762912e-05, 5.8173150137e-06, 6.04596971243e-06, 7.52018877392e-06, 6.02156342211e-06, 8.9581562861e-06, 7.57966927267e-06, 5.03377805217e-06, 3.02377657135e-06, 3.68577616428e-06, 5.25083805769e-06, 3.96251562051e-06, 2.1590039978e-06, 1.51395715875e-06, 9.07494779767e-07, 8.65409106154e-07, 7.72976250119e-07, 6.02043314757e-07, 5.08425614498e-07, 4.33628230212e-07, 5.19655202424e-07, 6.78031312873e-07, 8.84174482962e-07, 7.75260559749e-07, 5.12218548465e-07, 2.98836908996e-07]}, "spectral_entropy": {"min": 4.23113441467, "max": 9.81632232666, "dvar2": 0.0919872000813, "median": 6.55645036697, "dmean2": 0.263635277748, "dmean": 0.184068664908, "var": 0.557310938835, "dvar": 0.0484499037266, "mean": 6.55260038376}, "spectral_rolloff": {"min": 86.1328125, "max": 21640.8691406, "dvar2": 1522937.125, "median": 366.064453125, "dmean2": 360.625976562, "dmean": 216.17376709, "var": 10174317, "dvar": 716882.875, "mean": 1055.72729492}, "barkbands": {"min": [4.99022068767e-25, 3.99696572469e-24, 2.4933199254e-24, 2.75586506201e-24, 4.46739267033e-24, 1.42661439964e-23, 2.02222315797e-23, 1.87302037294e-23, 2.35886481611e-23, 2.62980919143e-23, 2.78421924729e-23, 2.98979987018e-23, 4.34677788896e-23, 3.83144188085e-23, 7.28705906686e-23, 6.88686488093e-23, 5.16829258695e-23, 9.64007905475e-23, 1.46733278055e-22, 2.49357266066e-22, 3.27054309701e-22, 3.96106094147e-22, 3.89957472438e-22, 7.05981083304e-22, 1.02622589518e-21, 1.50450905609e-21, 2.06629676626e-21], "max": [0.036085523665, 0.0477289371192, 0.0552713423967, 0.0725061297417, 0.0726241394877, 0.0555427111685, 0.0574538744986, 0.0379856452346, 0.0108855413273, 0.0204594731331, 0.0102822976187, 0.00386299798265, 0.00186395843048, 0.0024735876359, 0.00272576720454, 0.00968900602311, 0.00893214438111, 0.00679675722495, 0.00597395235673, 0.00553754204884, 0.00944720115513, 0.00975024420768, 0.00714096101001, 0.013066239655, 0.00732803251594, 0.00223430152982, 0.000167465637787], "dvar2": [2.28571980188e-06, 1.44182749864e-05, 5.26711410203e-05, 4.07928673667e-05, 4.01334291382e-05, 1.69730137713e-05, 1.34903830258e-05, 2.0306879378e-06, 6.65441802994e-07, 2.34070580518e-06, 1.04052219285e-06, 3.82227796081e-08, 3.1071063944e-08, 2.87098416152e-08, 3.42527606279e-08, 2.93036237053e-07, 1.27381440507e-07, 4.12672349626e-08, 2.01506821895e-07, 5.49391359073e-08, 1.22474759223e-07, 1.05014223095e-07, 9.7014982714e-08, 3.53584198365e-07, 9.36118027539e-08, 1.09368940571e-08, 8.16442469187e-11], "median": [7.30660349291e-06, 0.00321623403579, 0.00291898963042, 0.0011937051313, 0.00315534835681, 0.00161421392113, 0.000370990630472, 6.79182339809e-05, 0.000103508165921, 6.65805127937e-05, 3.41941704392e-05, 3.43037427228e-05, 2.00085614779e-05, 1.35198042699e-05, 1.89515722013e-05, 2.72854849754e-05, 1.91369254026e-05, 1.00507841125e-05, 1.12695161079e-05, 3.78729805561e-06, 2.22041785491e-06, 3.72581752117e-07, 7.96473358378e-08, 4.49919070888e-08, 2.91813027076e-08, 1.54336099456e-08, 2.70151847559e-08], "dmean2": [0.000236234409385, 0.00231810566038, 0.00369024835527, 0.00341319711879, 0.00353069137782, 0.00215523620136, 0.00113888864871, 0.000486155680846, 0.000384979182854, 0.000578257604502, 0.000304895540467, 8.55498801684e-05, 7.22076874808e-05, 7.02829129295e-05, 7.67323872424e-05, 0.000119093252579, 8.1325226347e-05, 6.60625228193e-05, 0.000117538467748, 4.70037230116e-05, 4.50732768513e-05, 3.45465196006e-05, 3.90277236875e-05, 7.60956609156e-05, 3.81210229534e-05, 1.47872206071e-05, 1.2562043139e-06], "dmean": [0.000147038517753, 0.00152499729302, 0.00246490282007, 0.00226000952534, 0.00233915820718, 0.00146399100777, 0.000769585429225, 0.000323647196637, 0.000274932855973, 0.000392374844523, 0.000188047037227, 5.46543524251e-05, 4.43379976787e-05, 4.2505635065e-05, 4.6773973736e-05, 7.71837731008e-05, 4.96625252708e-05, 4.23856945417e-05, 7.45772267692e-05, 3.2081065001e-05, 3.01687996398e-05, 2.34240142163e-05, 2.72681081697e-05, 5.48849711777e-05, 2.54203514487e-05, 9.99919939204e-06, 8.62604963459e-07], "var": [1.40159534112e-06, 3.26383888023e-05, 6.98761359672e-05, 6.85833147145e-05, 6.19212805759e-05, 3.35425138474e-05, 1.48232074935e-05, 4.63049400423e-06, 1.27298449115e-06, 3.0118246741e-06, 7.10527615411e-07, 6.21910487553e-08, 2.39836221994e-08, 2.14303810253e-08, 2.97106144131e-08, 2.11740101008e-07, 5.8026557781e-08, 6.71795419294e-08, 1.3246054209e-07, 3.7786808349e-08, 5.37799920153e-08, 6.60921699591e-08, 5.57470869467e-08, 2.1733409028e-07, 4.93873457685e-08, 5.91478954703e-09, 4.01993056898e-11], "dvar": [1.08243841623e-06, 6.12088069829e-06, 1.95317279577e-05, 1.7834116079e-05, 1.69361919689e-05, 7.6736578194e-06, 5.34681566933e-06, 8.99937219856e-07, 3.34895815968e-07, 1.06273864731e-06, 3.54004015435e-07, 1.68662204203e-08, 1.18273097982e-08, 1.11262146163e-08, 1.2579339348e-08, 1.23018125464e-07, 5.12642479578e-08, 2.33685888418e-08, 8.44458654115e-08, 2.54233967212e-08, 5.20915612867e-08, 5.36901367809e-08, 4.54616575496e-08, 1.70799964394e-07, 4.36188187791e-08, 5.12964293264e-09, 3.67887248442e-11], "mean": [0.000189963844605, 0.00479185860604, 0.00606114324182, 0.00479818647727, 0.00582610489801, 0.00390029558912, 0.00169225689024, 0.000684590893798, 0.000612731673755, 0.000761299394071, 0.000317309284583, 0.000109636283014, 7.63645512052e-05, 7.16439972166e-05, 8.42201989144e-05, 0.000133799898322, 7.89620899013e-05, 7.27791266399e-05, 0.000111897250463, 5.02650545968e-05, 3.63782419299e-05, 2.86001068162e-05, 3.20676481351e-05, 6.46713160677e-05, 2.92629247269e-05, 1.19360702229e-05, 9.67377786765e-07]}, "melbands_flatness_db": {"min": 0.00361965829507, "max": 0.680591404438, "dvar2": 0.00116932077799, "median": 0.358708143234, "dmean2": 0.0321872420609, "dmean": 0.0229772105813, "var": 0.00978846289217, "dvar": 0.000644052401185, "mean": 0.356731772423}, "melbands_skewness": {"min": -0.968854248524, "max": 16.0320320129, "dvar2": 1.32306802273, "median": 2.63973140717, "dmean2": 0.988325476646, "dmean": 0.651201784611, "var": 3.25805473328, "dvar": 0.567297697067, "mean": 2.963732481}, "barkbands_skewness": {"min": -5.40932607651, "max": 12.2434225082, "dvar2": 0.795040607452, "median": 1.99920940399, "dmean2": 0.806114137173, "dmean": 0.531251847744, "var": 2.17224407196, "dvar": 0.354034215212, "mean": 2.19684815407}, "silence_rate_60dB": {"min": 0, "max": 1, "dvar2": 0.0168729852885, "median": 0, "dmean2": 0.0160599574447, "dmean": 0.00802783016115, "var": 0.175977110863, "dvar": 0.00796368997544, "mean": 0.227929368615}, "spectral_energyband_low": {"min": 1.58433230706e-23, "max": 0.100821107626, "dvar2": 0.000118861273222, "median": 0.00942202657461, "dmean2": 0.00643668370321, "dmean": 0.00432404270396, "var": 0.000223134164116, "dvar": 4.71963321615e-05, "mean": 0.0136193204671}, "spectral_energyband_middle_low": {"min": 2.44477839512e-22, "max": 0.118275985122, "dvar2": 0.00012576278823, "median": 0.0149647463113, "dmean2": 0.00741474470124, "dmean": 0.00491021526977, "var": 0.000305938301608, "dvar": 5.32272315468e-05, "mean": 0.0178012624383}, "melbands_kurtosis": {"min": -1.78802263737, "max": 478.528442383, "dvar2": 613.038024902, "median": 13.7848863602, "dmean2": 13.6820201874, "dmean": 8.93011856079, "var": 1170.33557129, "dvar": 282.110107422, "mean": 23.3999996185}, "spectral_decrease": {"min": -4.17766159444e-08, "max": 1.96124907048e-16, "dvar2": 1.57528755619e-17, "median": -7.34090210841e-09, "dmean2": 2.62597299461e-09, "dmean": 1.75179271089e-09, "var": 4.67537470728e-17, "dvar": 6.48639508957e-18, "mean": -7.86592924129e-09}, "erbbands_kurtosis": {"min": -1.84458661079, "max": 80.2919921875, "dvar2": 23.6268463135, "median": 1.40458130836, "dmean2": 2.81211948395, "dmean": 1.88897502422, "var": 47.1279754639, "dvar": 10.8656187057, "mean": 3.85365557671}, "melbands_crest": {"min": 1.67417538166, "max": 31.6188983917, "dvar2": 16.0520477295, "median": 15.3785495758, "dmean2": 4.30049943924, "dmean": 2.75097203255, "var": 30.4126243591, "dvar": 6.26383543015, "mean": 16.2987117767}, "gfcc": {"cov": [[47204.5351562, 4864.06201172, -3829.98876953, 927.971984863, -1607.41931152, 196.962844849, -729.976257324, 626.01373291, -177.194732666, -21.8129825592, -129.410461426, -186.693389893, -24.5940589905], [4864.06201172, 3478.33618164, -1378.96154785, -307.585235596, 632.258911133, -856.126647949, 504.623138428, -306.042480469, 103.305175781, -123.739654541, 58.1774177551, -118.231994629, 169.51171875], [-3829.98876953, -1378.96154785, 2083.21655273, 65.5017166138, -236.376754761, 638.791931152, -551.295410156, 110.098396301, -49.9751815796, 33.3840446472, 33.5371704102, 11.1622409821, -167.241424561], [927.971984863, -307.585235596, 65.5017166138, 470.431091309, -48.441822052, 74.8284988403, -20.2315616608, -10.9342594147, 38.2518348694, 6.14421653748, -9.98242759705, 19.9153804779, -2.65778326988], [-1607.41931152, 632.258911133, -236.376754761, -48.441822052, 456.770690918, -264.145324707, 240.761535645, -142.284103394, 50.6303901672, -33.6525001526, 13.0004720688, -12.2148981094, 58.11120224], [196.962844849, -856.126647949, 638.791931152, 74.8284988403, -264.145324707, 482.958190918, -288.959320068, 154.295288086, -45.1063690186, 6.09268665314, -14.0691652298, 7.29852104187, -79.1311645508], [-729.976257324, 504.623138428, -551.295410156, -20.2315616608, 240.761535645, -288.959320068, 396.629486084, -112.087791443, 47.8299674988, -14.8283147812, -12.348657608, -13.5036821365, 65.7532272339], [626.01373291, -306.042480469, 110.098396301, -10.9342594147, -142.284103394, 154.295288086, -112.087791443, 180.981994629, -14.0505857468, 24.184835434, -16.7103843689, -6.97217130661, -26.2192325592], [-177.194732666, 103.305175781, -49.9751815796, 38.2518348694, 50.6303901672, -45.1063690186, 47.8299674988, -14.0505857468, 108.253364563, 26.5202865601, 12.0574016571, 16.2907886505, 13.8104190826], [-21.8129825592, -123.739654541, 33.3840446472, 6.14421653748, -33.6525001526, 6.09268665314, -14.8283147812, 24.184835434, 26.5202865601, 99.7602767944, 31.020406723, 21.4945163727, -11.0629577637], [-129.410461426, 58.1774177551, 33.5371704102, -9.98242759705, 13.0004720688, -14.0691652298, -12.348657608, -16.7103843689, 12.0574016571, 31.020406723, 94.0037689209, 18.617231369, 4.96003055573], [-186.693389893, -118.231994629, 11.1622409821, 19.9153804779, -12.2148981094, 7.29852104187, -13.5036821365, -6.97217130661, 16.2907886505, 21.4945163727, 18.617231369, 80.8413619995, 8.24960803986], [-24.5940589905, 169.51171875, -167.241424561, -2.65778326988, 58.11120224, -79.1311645508, 65.7532272339, -26.2192325592, 13.8104190826, -11.0629577637, 4.96003055573, 8.24960803986, 81.7806396484]], "icov": [[0.000130026222905, -0.000428374100011, 0.000333383650286, -0.000444345030701, 0.00049483118346, -0.000537089188583, 0.000389008870116, -0.000184005504707, 0.000341126986314, -0.000397559459088, 0.000249192380579, -0.000135179550853, 0.000238417938817], [-0.000428374100011, 0.00213395874016, -0.000822433794383, 0.00174803321715, -0.00201560882851, 0.00251298723742, -0.000833813101053, 0.000842554843985, -0.00171742902603, 0.0020568522159, -0.0014331729617, 0.00143379590008, -0.000862182991114], [0.000333383650286, -0.000822433794383, 0.00208387873136, -0.000962050980888, 0.000529119337443, -0.00242230901495, 0.002220912138, 0.000407268002164, 0.000485218828544, -0.00112642219756, 0.000242343274294, 0.000225305571803, 0.00138859567232], [-0.000444345030701, 0.00174803321715, -0.000962050980888, 0.00401643011719, -0.00155186164193, 0.00138911954127, -0.00125740154181, 0.0015439146664, -0.00247193779796, 0.00160377915017, -0.000662193691824, 0.000565630733036, -0.00102346204221], [0.00049483118346, -0.00201560882851, 0.000529119337443, -0.00155186164193, 0.00646400125697, -0.000993180437945, -0.000561833265238, 0.000231817772146, 0.000498307403177, -0.000576637568884, 0.000743251817767, -0.000640771526378, 0.000187597324839], [-0.000537089188583, 0.00251298723742, -0.00242230901495, 0.00138911954127, -0.000993180437945, 0.00943653937429, -0.000254328973824, -0.00207974296063, -0.00156631250866, 0.00394439371303, -0.00139024667442, 0.000800881593022, -0.000102941761725], [0.000389008870116, -0.000833813101053, 0.002220912138, -0.00125740154181, -0.000561833265238, -0.000254328973824, 0.00772547256202, 0.000767937861383, -0.000253490783507, -0.00146459566895, 0.00161993992515, 0.00102613971103, 0.000177013949724], [-0.000184005504707, 0.000842554843985, 0.000407268002164, 0.0015439146664, 0.000231817772146, -0.00207974296063, 0.000767937861383, 0.010096333921, -0.00135465816129, -0.00193235266488, 0.00121808797121, 0.00218073441647, -0.000802805414423], [0.000341126986314, -0.00171742902603, 0.000485218828544, -0.00247193779796, 0.000498307403177, -0.00156631250866, -0.000253490783507, -0.00135465816129, 0.0130582135171, -0.00470981560647, 0.000942522368859, -0.00270515494049, -0.000152372769662], [-0.000397559459088, 0.0020568522159, -0.00112642219756, 0.00160377915017, -0.000576637568884, 0.00394439371303, -0.00146459566895, -0.00193235266488, -0.00470981560647, 0.0160168260336, -0.00564569374546, -0.00117391208187, 0.00157293584198], [0.000249192380579, -0.0014331729617, 0.000242343274294, -0.000662193691824, 0.000743251817767, -0.00139024667442, 0.00161993992515, 0.00121808797121, 0.000942522368859, -0.00564569374546, 0.0141361160204, -0.00264217541553, -0.000779368565418], [-0.000135179550853, 0.00143379590008, 0.000225305571803, 0.000565630733036, -0.000640771526378, 0.000800881593022, 0.00102613971103, 0.00218073441647, -0.00270515494049, -0.00117391208187, -0.00264217541553, 0.0159030891955, -0.00257502007298], [0.000238417938817, -0.000862182991114, 0.00138859567232, -0.00102346204221, 0.000187597324839, -0.000102941761725, 0.000177013949724, -0.000802805414423, -0.000152372769662, 0.00157293584198, -0.000779368565418, -0.00257502007298, 0.0168059710413]], "mean": [-171.223068237, 161.534561157, -86.9314498901, 24.4799251556, -30.5059814453, -16.9981422424, -26.5775051117, -1.0387544632, -21.8656864166, -9.19131946564, -10.6171035767, -5.58202695847, -3.78391242027]}, "melbands_spread": {"min": 0.330657362938, "max": 195.73046875, "dvar2": 121.067893982, "median": 5.46867084503, "dmean2": 3.95996069908, "dmean": 2.63520169258, "var": 224.196746826, "dvar": 52.3958129883, "mean": 9.30348491669}, "spectral_energy": {"min": 1.00193511853e-20, "max": 0.160882130265, "dvar2": 0.000234449762502, "median": 0.0286335851997, "dmean2": 0.0101479673758, "dmean": 0.00678310263902, "var": 0.000704444246367, "dvar": 9.61659752647e-05, "mean": 0.0306291244924}, "mfcc": {"cov": [[23988.6875, 6028.66601562, -1672.73876953, 778.789794922, -325.640869141, -859.103637695, 58.6253471375, -123.938652039, -97.8259429932, 181.141296387, -318.277709961, -46.6604309082, -53.1712532043], [6028.66601562, 4847.72021484, -1053.56750488, 558.06439209, 69.6804122925, -342.964813232, 150.461700439, -169.001296997, -10.0077819824, -66.7767868042, -104.198196411, -35.2063369751, 29.239320755], [-1672.73876953, -1053.56750488, 1648.62109375, -328.400054932, 348.448699951, 162.192581177, -133.425628662, 93.0722885132, -127.953163147, 38.4996070862, 29.1751251221, 70.8353881836, -26.9849376678], [778.789794922, 558.06439209, -328.400054932, 523.82611084, -12.6240758896, 48.4900054932, 44.5135688782, -37.3545799255, 50.2468032837, -45.5184783936, 1.89396131039, -3.9175260067, 29.4004364014], [-325.640869141, 69.6804122925, 348.448699951, -12.6240758896, 273.964630127, 58.2724494934, -19.4645576477, 28.0880489349, -41.8183021545, -11.1592636108, -2.87494015694, 28.9900627136, 14.590265274], [-859.103637695, -342.964813232, 162.192581177, 48.4900054932, 58.2724494934, 168.114105225, 7.2698674202, 24.6408443451, 9.07381534576, -22.7553195953, 20.7921066284, 5.17264842987, 10.1264257431], [58.6253471375, 150.461700439, -133.425628662, 44.5135688782, -19.4645576477, 7.2698674202, 114.177139282, 0.722287356853, 7.34700250626, 4.53917646408, -16.6018791199, -6.15029478073, -12.8371295929], [-123.938652039, -169.001296997, 93.0722885132, -37.3545799255, 28.0880489349, 24.6408443451, 0.722287356853, 94.6810836792, 19.5111808777, 6.23407030106, -3.42597103119, -12.2528858185, -4.71948480606], [-97.8259429932, -10.0077819824, -127.953163147, 50.2468032837, -41.8183021545, 9.07381534576, 7.34700250626, 19.5111808777, 104.67905426, 15.2776479721, 0.423660069704, -20.9032611847, -6.78450202942], [181.141296387, -66.7767868042, 38.4996070862, -45.5184783936, -11.1592636108, -22.7553195953, 4.53917646408, 6.23407030106, 15.2776479721, 82.4103775024, 17.0596675873, -1.24663424492, -19.9946231842], [-318.277709961, -104.198196411, 29.1751251221, 1.89396131039, -2.87494015694, 20.7921066284, -16.6018791199, -3.42597103119, 0.423660069704, 17.0596675873, 87.7304153442, 19.5781936646, 6.38124465942], [-46.6604309082, -35.2063369751, 70.8353881836, -3.9175260067, 28.9900627136, 5.17264842987, -6.15029478073, -12.2528858185, -20.9032611847, -1.24663424492, 19.5781936646, 79.7024459839, 28.5607433319], [-53.1712532043, 29.239320755, -26.9849376678, 29.4004364014, 14.590265274, 10.1264257431, -12.8371295929, -4.71948480606, -6.78450202942, -19.9946231842, 6.38124465942, 28.5607433319, 81.0550460815]], "icov": [[8.16232859506e-05, -9.11150345928e-05, 1.77265701495e-05, -0.000114722090075, 0.000138110641274, 0.00012778583914, 0.000199957372388, -0.000224393908866, 0.000246116163908, -0.000353804673068, 0.000278398365481, -0.000124871177832, 6.71102534398e-05], [-9.11150345928e-05, 0.000476408109535, 0.000121361779748, -0.000209589648875, -0.000697581737768, 0.000752452586312, -0.000570283096749, 0.000581722590141, -0.000226193849812, 0.000589779519942, -0.000269516691333, 0.000346339918906, -0.000114351554657], [1.77265701495e-05, 0.000121361779748, 0.00145172863267, 0.000391366163967, -0.00127974909265, -0.00097748672124, 0.0013052233262, -0.000645633845124, 0.00125779991504, -0.000972029636614, 0.000422455079388, -0.000804949202575, 0.000946682645008], [-0.000114722090075, -0.000209589648875, 0.000391366163967, 0.0031238172669, -0.000324093300151, -0.00195753341541, -0.000466008583317, 0.00110769690946, -0.00150100141764, 0.00128566706553, -0.000658781034872, -2.2552028895e-05, -0.000457521964563], [0.000138110641274, -0.000697581737768, -0.00127974909265, -0.000324093300151, 0.00659386394545, -0.00166629184969, 0.000687286374159, -0.00189203652553, 0.00151617464144, -0.000611551455222, 0.00122471828945, -0.00133270677179, -0.000597098085564], [0.00012778583914, 0.000752452586312, -0.00097748672124, -0.00195753341541, -0.00166629184969, 0.0113016171381, -0.00285713816993, -0.00056997226784, -0.00169223872945, 0.00340431020595, -0.00244518811814, 0.00130138278473, -0.000968610169366], [0.000199957372388, -0.000570283096749, 0.0013052233262, -0.000466008583317, 0.000687286374159, -0.00285713816993, 0.0121217025444, -0.00201614620164, 0.00226004002616, -0.00347700482234, 0.0034626678098, -0.00205820426345, 0.0027601744514], [-0.000224393908866, 0.000581722590141, -0.000645633845124, 0.00110769690946, -0.00189203652553, -0.00056997226784, -0.00201614620164, 0.0142260417342, -0.00435459893197, 0.00117547495756, -0.000458652153611, 0.00289812800474, -0.00111258972902], [0.000246116163908, -0.000226193849812, 0.00125779991504, -0.00150100141764, 0.00151617464144, -0.00169223872945, 0.00226004002616, -0.00435459893197, 0.0143859805539, -0.00499271927401, 0.00158084812574, 0.000949026434682, 0.000762805109844], [-0.000353804673068, 0.000589779519942, -0.000972029636614, 0.00128566706553, -0.000611551455222, 0.00340431020595, -0.00347700482234, 0.00117547495756, -0.00499271927401, 0.0181442834437, -0.00548527995124, 0.000384020560887, 0.00232219672762], [0.000278398365481, -0.000269516691333, 0.000422455079388, -0.000658781034872, 0.00122471828945, -0.00244518811814, 0.0034626678098, -0.000458652153611, 0.00158084812574, -0.00548527995124, 0.0151376668364, -0.00392891466618, 0.000238042499404], [-0.000124871177832, 0.000346339918906, -0.000804949202575, -2.2552028895e-05, -0.00133270677179, 0.00130138278473, -0.00205820426345, 0.00289812800474, 0.000949026434682, 0.000384020560887, -0.00392891466618, 0.0174772366881, -0.00622141221538], [6.71102534398e-05, -0.000114351554657, 0.000946682645008, -0.000457521964563, -0.000597098085564, -0.000968610169366, 0.0027601744514, -0.00111258972902, 0.000762805109844, 0.00232219672762, 0.000238042499404, -0.00622141221538, 0.0163146853447]], "mean": [-793.777648926, 174.850952148, 13.7583398819, 39.1583480835, 15.4715881348, -4.59183740616, 4.67346191406, 0.463533163071, -0.677496612072, -1.96318686008, -7.83662843704, -3.81951546669, -1.35750865936]}, "spectral_contrast_valleys": {"min": [-27.9890975952, -27.7052078247, -27.6329059601, -27.5576324463, -27.3581218719, -27.3464374542], "max": [-5.46057796478, -5.14790964127, -5.75994968414, -6.72158432007, -5.91561841965, -6.86418962479], "dvar2": [0.229676321149, 0.201428502798, 0.20306147635, 0.158962368965, 0.194798275828, 0.203666046262], "median": [-6.93365573883, -7.20523548126, -8.10008144379, -8.71370315552, -8.97515296936, -13.0786552429], "dmean2": [0.561461627483, 0.530289828777, 0.483869671822, 0.41239503026, 0.353948205709, 0.32056120038], "dmean": [0.338542819023, 0.323964774609, 0.307613164186, 0.262841790915, 0.238954156637, 0.228027805686], "var": [5.921895504, 6.0593919754, 5.67683172226, 5.3767414093, 5.17183494568, 4.81931114197], "dvar": [0.0951109677553, 0.0950358137488, 0.100629620254, 0.0837256163359, 0.10667951405, 0.121007926762], "mean": [-7.85555362701, -8.04592418671, -8.93222808838, -9.52694129944, -9.61086654663, -12.8885507584]}, "barkbands_flatness_db": {"min": 0.0504556670785, "max": 0.526203334332, "dvar2": 0.000816494226456, "median": 0.254329025745, "dmean2": 0.0278843510896, "dmean": 0.0193687044084, "var": 0.00633520865813, "dvar": 0.000438650138676, "mean": 0.252693414688}, "dynamic_complexity": 9.37882709503, "erbbands_flatness_db": {"min": 0.0226144772023, "max": 0.382449567318, "dvar2": 0