{"lowlevel": {"spectral_complexity": {"min": 0, "max": 63, "dvar2": 34.7085113525, "median": 28, "dmean2": 6.41779613495, "dmean": 4.41742897034, "var": 223.408843994, "dvar": 20.0602302551, "mean": 27.1840019226}, "silence_rate_20dB": {"min": 1, "max": 1, "dvar2": 0, "median": 1, "dmean2": 0, "dmean": 0, "var": 0, "dvar": 0, "mean": 1}, "average_loudness": 0.332219153643, "erbbands_spread": {"min": 0.897636711597, "max": 99.1710128784, "dvar2": 74.8595352173, "median": 26.0674285889, "dmean2": 8.13047218323, "dmean": 5.19249916077, "var": 138.064163208, "dvar": 31.9401187897, "mean": 27.0345153809}, "spectral_kurtosis": {"min": -1.23449420929, "max": 35.3836364746, "dvar2": 12.9675931931, "median": 3.30336427689, "dmean2": 2.46972966194, "dmean": 1.43424975872, "var": 13.3392734528, "dvar": 4.26122713089, "mean": 4.23171329498}, "barkbands_kurtosis": {"min": -1.83827722073, "max": 257.124176025, "dvar2": 44.5133361816, "median": -0.641383171082, "dmean2": 1.73177087307, "dmean": 1.07842218876, "var": 80.6901397705, "dvar": 19.8514308929, "mean": 0.593767404556}, "spectral_strongpeak": {"min": 0, "max": 16.0676937103, "dvar2": 4.23526334763, "median": 0.5133279562, "dmean2": 1.40716326237, "dmean": 0.827805936337, "var": 3.00898981094, "dvar": 1.7214615345, "mean": 1.29779565334}, "spectral_spread": {"min": 1327844.5, "max": 41519048, "dvar2": 642342649856, "median": 3585579.5, "dmean2": 504060.09375, "dmean": 341578.125, "var": 3269902467070.0, "dvar": 357651644416, "mean": 3751478.25}, "spectral_rms": {"min": 3.17466083803e-12, "max": 0.0126525973901, "dvar2": 8.22658876132e-07, "median": 0.00372904818505, "dmean2": 0.00083138019545, "dmean": 0.000571290380321, "var": 3.37088135893e-06, "dvar": 4.13504835706e-07, "mean": 0.00377621059306}, "erbbands": {"min": [7.45245543078e-23, 5.1061878398e-22, 6.36710321168e-21, 1.21694835953e-20, 1.40328557513e-20, 3.80340359838e-20, 8.46042721588e-20, 1.8911478793e-19, 1.83703863502e-19, 2.27309464974e-19, 3.90996022941e-19, 3.64558891124e-19, 6.15949599982e-19, 5.8464453611e-19, 1.42456724561e-18, 1.64983530638e-18, 1.81502554946e-18, 2.5118414635e-18, 3.80492411144e-18, 4.34623069071e-18, 3.40034428358e-18, 5.11452100673e-18, 6.73843247272e-18, 8.89475584484e-18, 4.91854496242e-18, 1.03001671384e-17, 1.06648876141e-17, 9.1391215414e-18, 1.08866497733e-17, 1.02465087593e-17, 1.08131961349e-17, 1.43864608711e-17, 1.08280556074e-17, 9.15632772533e-18, 7.01277023159e-18, 4.28123786921e-18, 2.58162800344e-18, 1.10995644086e-18, 2.51067358787e-19, 2.84403629277e-20], "max": [6.28049373627, 22.9617347717, 25.944437027, 67.6914825439, 31.2497749329, 34.5447692871, 51.9403381348, 93.0321273804, 350.016143799, 1428.77209473, 3376.97680664, 1364.33117676, 697.995788574, 1387.71716309, 1714.59484863, 1395.3848877, 2789.66333008, 1879.28491211, 1430.09204102, 1860.0612793, 2587.07128906, 737.945617676, 427.548309326, 1295.77209473, 410.542755127, 571.776367188, 485.982147217, 241.267349243, 448.703826904, 498.900543213, 455.755981445, 297.536102295, 110.100280762, 37.7386550903, 21.102268219, 5.72722291946, 1.15628814697, 0.270057708025, 0.0225205942988, 0.00113783427514], "dvar2": [0.1690069139, 4.34568786621, 6.15553998947, 41.9940643311, 13.7551183701, 19.8034572601, 19.4777450562, 22.5694046021, 144.733078003, 2845.27709961, 4150.80517578, 2971.9597168, 1641.39343262, 2620.74609375, 4849.77539062, 6095.91308594, 14184.5712891, 8576.02832031, 7334.87011719, 12288.4931641, 17582.140625, 2364.91699219, 939.858520508, 1260.66638184, 847.775146484, 1029.08752441, 976.353027344, 230.786697388, 262.836700439, 232.132247925, 147.581771851, 70.5135421753, 13.0092058182, 3.85553526878, 0.466476172209, 0.0288740415126, 0.00293794716708, 0.000376454234356, 3.3749333852e-06, 7.82437403757e-09], "median": [0.00538060814142, 0.0762982144952, 0.411719918251, 0.955017507076, 1.06614553928, 1.42087852955, 1.4903191328, 1.39720308781, 1.77635169029, 3.09936714172, 3.57525396347, 5.23899745941, 7.25715398788, 8.97922611237, 13.244093895, 17.4923915863, 26.0893230438, 28.161529541, 25.3805828094, 29.050403595, 28.3528175354, 19.477848053, 16.9115524292, 15.9004945755, 16.7994251251, 21.5842170715, 22.543088913, 10.1637325287, 5.54591846466, 3.09833645821, 1.80921852589, 1.02223587036, 0.465160816908, 0.207385763526, 0.0886391699314, 0.032609988004, 0.0119443209842, 0.00228581391275, 0.000236846666667, 3.30785478582e-05], "dmean2": [0.116904124618, 0.801072001457, 1.34354674816, 3.16183638573, 2.20141887665, 2.83076739311, 2.72201037407, 2.68448472023, 4.57473039627, 15.0534105301, 14.8602218628, 15.3580417633, 15.2633247375, 18.7027549744, 28.7191314697, 33.0719108582, 51.5836906433, 45.3288650513, 41.37840271, 47.7590026855, 48.9341201782, 25.3381271362, 18.7652359009, 16.9745502472, 17.6243782043, 21.1699581146, 20.4758701324, 9.30697154999, 7.39444112778, 5.58897590637, 3.4208085537, 1.86352574825, 1.00340008736, 0.509206473827, 0.182564035058, 0.0596230328083, 0.0220363866538, 0.00663218647242, 0.00080247875303, 4.14989954152e-05], "dmean": [0.0812477469444, 0.469751447439, 0.787748634815, 1.83359575272, 1.29642307758, 1.69370532036, 1.62310659885, 1.63312840462, 2.91559767723, 9.40187644958, 9.50750541687, 9.92460441589, 9.80191040039, 11.8146438599, 18.4584712982, 21.2257537842, 32.6496353149, 28.146188736, 26.086774826, 29.9570484161, 30.5777454376, 15.6141786575, 11.8116817474, 11.00141716, 11.1465559006, 13.5347270966, 13.1220521927, 6.2880859375, 5.20614957809, 3.72592496872, 2.29168319702, 1.31357753277, 0.701436340809, 0.363251209259, 0.130372703075, 0.0428744927049, 0.0153746688738, 0.00451106065884, 0.000586096779443, 3.49889560312e-05], "var": [0.188541784883, 2.28582048416, 2.68420147896, 14.5749368668, 7.31509160995, 14.8873748779, 11.3551263809, 16.3608837128, 143.784240723, 1878.67480469, 3488.22558594, 2796.32861328, 1120.49133301, 1942.02539062, 6106.82958984, 6835.49365234, 14380.3095703, 7515.91845703, 7257.05908203, 11198.7246094, 17841.2871094, 2280.37548828, 1119.43408203, 1313.64733887, 965.659362793, 1156.85095215, 1177.41137695, 320.575714111, 285.045562744, 182.533203125, 77.7398376465, 31.1799240112, 10.7021951675, 2.8064391613, 0.446337938309, 0.0346421636641, 0.00293578556739, 0.00020307613886, 3.7045940644e-06, 1.20485594834e-08], "dvar": [0.0853150561452, 1.6564207077, 2.32683181763, 15.3920507431, 5.11117124557, 7.39532375336, 7.1580862999, 9.18462657928, 67.2454299927, 1216.89550781, 1932.77099609, 1310.31787109, 684.29901123, 1117.82629395, 2069.71484375, 2584.12548828, 6060.58398438, 3466.90844727, 3151.07666016, 5315.89111328, 7549.80810547, 965.334777832, 400.121124268, 548.430969238, 361.301086426, 430.387481689, 412.00894165, 110.703422546, 132.105926514, 108.996620178, 61.0921173096, 28.39220047, 6.24990987778, 1.74356663227, 0.23003256321, 0.0154369464144, 0.00137072708458, 0.000152132590301, 1.78974073606e-06, 4.92512075567e-09], "mean": [0.114009328187, 0.545964121819, 0.957082808018, 2.1729824543, 2.03396272659, 2.87393641472, 2.58974218369, 2.68000817299, 4.73051977158, 13.4441947937, 14.3153648376, 16.7225093842, 16.084810257, 20.1890621185, 37.1645507812, 42.4262084961, 61.0243721008, 53.7987289429, 48.2449951172, 55.619228363, 59.1699943542, 33.0784721375, 26.1033039093, 25.0031204224, 25.7215766907, 31.082195282, 31.679145813, 15.6443090439, 10.8696174622, 7.12529182434, 4.45042133331, 2.48329567909, 1.27768337727, 0.619877040386, 0.239653021097, 0.0860259011388, 0.0309209171683, 0.00753450626507, 0.000997550901957, 7.30705069145e-05]}, "zerocrossingrate": {"min": 0, "max": 0.515625, "dvar2": 0.000226176256547, "median": 0.0888671875, "dmean2": 0.0123070022091, "dmean": 0.0109064234421, "var": 0.00136356649455, "dvar": 0.000181962488568, "mean": 0.0918380022049}, "spectral_contrast_coeffs": {"min": [-0.968896448612, -0.968803822994, -0.973900318146, -0.967932701111, -0.965251147747, -0.963171124458], "max": [-0.383101582527, -0.416733324528, -0.311572104692, -0.499776989222, -0.553921580315, -0.486584722996], "dvar2": [0.00425682542846, 0.00371520174667, 0.002196645597, 0.00170262972824, 0.000827569630928, 0.000662760285195], "median": [-0.674436092377, -0.780583143234, -0.784096181393, -0.777467429638, -0.79499578476, -0.700434863567], "dmean2": [0.0785318538547, 0.0738998576999, 0.0589729957283, 0.0513438694179, 0.0350778736174, 0.029299158603], "dmean": [0.0483342520893, 0.0449574105442, 0.0365496873856, 0.0314659513533, 0.0215240605175, 0.0190293136984], "var": [0.0067570884712, 0.00475798919797, 0.00513690570369, 0.00298779574223, 0.00154232524801, 0.00333225145005], "dvar": [0.00169135176111, 0.00142297754064, 0.000880727835465, 0.000671427173074, 0.000332191993948, 0.000308676535496], "mean": [-0.672951936722, -0.77146166563, -0.772984743118, -0.77021998167, -0.790104806423, -0.706253290176]}, "dissonance": {"min": 0.323696523905, "max": 0.5, "dvar2": 0.000495712505654, "median": 0.489137262106, "dmean2": 0.0188893564045, "dmean": 0.0111219417304, "var": 0.000442952732556, "dvar": 0.000185209981282, "mean": 0.481776356697}, "spectral_energyband_high": {"min": 7.43338668108e-21, "max": 0.0333220660686, "dvar2": 1.81555742529e-06, "median": 0.00107039173599, "dmean2": 0.00075297470903, "dmean": 0.000552577432245, "var": 2.75800766758e-06, "dvar": 9.52105494889e-07, "mean": 0.00154629675671}, "spectral_skewness": {"min": -0.1364839077, "max": 4.08145427704, "dvar2": 0.109989866614, "median": 1.09128928185, "dmean2": 0.310552805662, "dmean": 0.190228402615, "var": 0.237943232059, "dvar": 0.0397945009172, "mean": 1.19567728043}, "spectral_flux": {"min": 6.51677461994e-11, "max": 0.261340558529, "dvar2": 0.000943594553974, "median": 0.0717144459486, "dmean2": 0.0276971198618, "dmean": 0.0175431296229, "var": 0.001618964714, "dvar": 0.00039762473898, "mean": 0.074973218143}, "silence_rate_30dB": {"min": 0, "max": 1, "dvar2": 0.00859968643636, "median": 1, "dmean2": 0.00698544690385, "dmean": 0.00349243311211, "var": 0.00290160183795, "dvar": 0.00348017225042, "mean": 0.997089862823}, "spectral_energyband_middle_high": {"min": 1.2934672312e-21, "max": 0.0788858905435, "dvar2": 1.8699462089e-05, "median": 0.0065077370964, "dmean2": 0.00323667027988, "dmean": 0.00220824521966, "var": 6.76481431583e-05, "dvar": 8.92615207704e-06, "mean": 0.00850531924516}, "barkbands_spread": {"min": 1.00240635872, "max": 115.055435181, "dvar2": 90.4650421143, "median": 31.8115711212, "dmean2": 9.1701669693, "dmean": 5.92662191391, "var": 187.589523315, "dvar": 38.782409668, "mean": 31.5098381042}, "spectral_centroid": {"min": 394.4168396, "max": 11422.7675781, "dvar2": 142578.484375, "median": 2363.91479492, "dmean2": 362.447357178, "dmean": 236.155960083, "var": 400595.53125, "dvar": 64870.8398438, "mean": 2318.59423828}, "pitch_salience": {"min": 0.0254691243172, "max": 0.856055617332, "dvar2": 0.0114126652479, "median": 0.623894572258, "dmean2": 0.117648422718, "dmean": 0.0716555193067, "var": 0.01393266581, "dvar": 0.00457577221096, "mean": 0.602134406567}, "erbbands_skewness": {"min": -3.15308070183, "max": 3.79899716377, "dvar2": 0.184622392058, "median": -0.257140815258, "dmean2": 0.467080056667, "dmean": 0.306799709797, "var": 0.469912111759, "dvar": 0.081713937223, "mean": -0.15780800581}, "erbbands_crest": {"min": 2.40533304214, "max": 33.4018363953, "dvar2": 15.7461280823, "median": 7.20584917068, "dmean2": 4.1063876152, "dmean": 2.50533032417, "var": 20.6270599365, "dvar": 6.39084196091, "mean": 8.51568889618}, "melbands": {"min": [5.72934982928e-25, 2.84927881496e-24, 1.99367534678e-24, 1.66134639121e-24, 2.59344017934e-24, 4.63146706115e-24, 3.02292445514e-24, 2.73360557663e-24, 2.50074961463e-24, 1.71277381134e-24, 2.85538933153e-24, 2.05479392313e-24, 4.89151545298e-24, 4.69142995627e-24, 2.75583547972e-24, 4.46165489054e-24, 4.38930845692e-24, 6.07744673383e-24, 4.94067529244e-24, 4.6068546009e-24, 2.85290757512e-24, 5.04426653437e-24, 4.43054418859e-24, 7.22262743247e-24, 6.16191638184e-24, 2.50732378419e-24, 4.82372429666e-24, 5.81723899209e-24, 5.87615230779e-24, 4.48439498942e-24, 5.31308942605e-24, 5.18084123403e-24, 5.60867757939e-24, 4.87577057818e-24, 5.94008908973e-24, 5.71612359012e-24, 8.33680905298e-24, 7.41468587504e-24, 7.39878717236e-24, 7.67650565404e-24], "max": [0.0448018871248, 0.0163992773741, 0.00975805241615, 0.00200957572088, 0.00161971873604, 0.00195802445523, 0.00523551180959, 0.0128434598446, 0.0243516210467, 0.00934565532953, 0.00381418527104, 0.00578554300591, 0.00641951756552, 0.00425965292379, 0.00614213896915, 0.00394338043407, 0.00388558744453, 0.00291211856529, 0.00331688439474, 0.00244115712121, 0.0037688233424, 0.00122188904788, 0.000528797681909, 0.000454171444289, 0.00123774632812, 0.000380886223866, 0.000363879895303, 0.000435640336946, 0.000428634375567, 0.000191191298654, 0.000129618303617, 0.000229072931688, 0.000317059864756, 0.000256349652773, 0.000273841695162, 0.000249784789048, 0.000136928065331, 9.34984491323e-05, 5.29962562723e-05, 3.64826992154e-05], "dvar2": [9.82477467915e-06, 2.63390393229e-06, 8.97679626632e-07, 5.88838702242e-08, 2.56555718892e-08, 1.08346576155e-08, 4.70023238108e-08, 3.41517647939e-07, 2.36516640939e-07, 1.07608521205e-07, 4.38701981409e-08, 4.56981439356e-08, 6.38055226432e-08, 5.03438144506e-08, 7.16477970286e-08, 5.40888045464e-08, 3.6290398242e-08, 2.69944759879e-08, 2.22496829849e-08, 1.80406320993e-08, 3.27365654584e-08, 4.11415301826e-09, 1.56164181586e-09, 1.0299402442e-09, 1.16769593994e-09, 5.69720159938e-10, 8.81384909501e-10, 5.44605527342e-10, 6.90421386729e-10, 1.74195866065e-10, 8.54573148357e-11, 8.99157068246e-11, 1.19073667593e-10, 7.86238019135e-11, 5.52348861094e-11, 4.82575715499e-11, 1.92414521816e-11, 7.32861774738e-12, 5.12679178624e-12, 2.55512408107e-12], "median": [7.07231592969e-05, 0.00021748150175, 0.000189627753571, 9.57734446274e-05, 5.87393187743e-05, 3.10523173539e-05, 2.83688132185e-05, 3.42496168741e-05, 2.70919008472e-05, 3.41263184964e-05, 3.47576642525e-05, 3.21798943332e-05, 4.13068337366e-05, 4.0076825826e-05, 4.88615805807e-05, 5.55571132281e-05, 4.66317796963e-05, 3.56695563823e-05, 3.69457011402e-05, 3.26898516505e-05, 3.05134071823e-05, 1.93309479073e-05, 1.20682898341e-05, 1.55820889631e-05, 1.15382172226e-05, 1.17374165711e-05, 1.26154591271e-05, 1.33449211717e-05, 1.52583843374e-05, 8.87950591277e-06, 4.3758495849e-06, 2.95196218758e-06, 2.47720458901e-06, 1.31210549625e-06, 1.01377645478e-06, 8.17002330677e-07, 5.10280528943e-07, 3.29600226223e-07, 2.05835561928e-07, 1.54712921585e-07], "dmean2": [0.00101646664552, 0.000807172735222, 0.000483941577841, 0.000155669476953, 0.000104489277874, 5.93981530983e-05, 8.11397476355e-05, 0.000167965059518, 0.000118333729915, 9.96486924123e-05, 7.91427955846e-05, 7.68910176703e-05, 0.000102802347101, 9.41030521062e-05, 0.000120239557873, 0.000112027133582, 8.89259754331e-05, 7.70318583818e-05, 6.68718421366e-05, 5.99353079451e-05, 6.43990861136e-05, 3.07221234834e-05, 1.9830187739e-05, 2.05649484997e-05, 1.49589131979e-05, 1.44619625644e-05, 1.6366939235e-05, 1.51469093908e-05, 1.63168533618e-05, 8.66230129759e-06, 5.39550774192e-06, 4.66190203952e-06, 4.46821059086e-06, 3.07595155391e-06, 2.34291610468e-06, 1.58428713348e-06, 1.10919415874e-06, 7.81593371357e-07, 5.95487449573e-07, 4.15504160856e-07], "dmean": [0.000648430665024, 0.000475415610708, 0.000282969180262, 9.24100386328e-05, 6.27093759249e-05, 3.61451893696e-05, 5.18611923326e-05, 0.000104464575998, 7.58546884754e-05, 6.39167046756e-05, 5.05675016029e-05, 4.85433702124e-05, 6.59616707708e-05, 5.91026182519e-05, 7.63328789617e-05, 6.97834620951e-05, 5.4902087868e-05, 4.82903160446e-05, 4.19306961703e-05, 3.75470990548e-05, 3.99258533434e-05, 1.87873774848e-05, 1.21495158965e-05, 1.27648627313e-05, 9.54387905949e-06, 8.96182336874e-06, 1.03105985545e-05, 9.49850254983e-06, 1.02168605736e-05, 5.61874958294e-06, 3.56491705134e-06, 3.14989370054e-06, 3.00152146337e-06, 1.98368070414e-06, 1.49877337208e-06, 1.06760649032e-06, 7.58989585847e-07, 5.32249089247e-07, 4.08199554158e-07, 2.90984360163e-07], "var": [9.34028594202e-06, 1.27126986627e-06, 3.47386929889e-07, 4.21489225744e-08, 1.71660410331e-08, 7.99980970356e-09, 4.71371031097e-08, 2.30102713772e-07, 2.05034723422e-07, 1.05084673407e-07, 2.90513142431e-08, 3.17645927339e-08, 7.68406849261e-08, 5.82834758234e-08, 7.84457085956e-08, 5.18513942893e-08, 2.9788594702e-08, 2.53371545966e-08, 1.63432893885e-08, 1.7748753578e-08, 3.0313447752e-08, 3.32641936218e-09, 1.2973953023e-09, 1.06032427283e-09, 9.82059988885e-10, 5.84491288702e-10, 7.16954995372e-10, 5.17162479508e-10, 6.74614197838e-10, 2.10652023602e-10, 9.55325610286e-11, 9.0196253244e-11, 1.05640725334e-10, 5.07076949874e-11, 2.84117989552e-11, 1.90863245347e-11, 9.48726774225e-12, 6.01075612894e-12, 3.59940354432e-12, 1.71385464414e-12], "dvar": [4.5461965783e-06, 9.95892833089e-07, 3.3489484963e-07, 2.1476356693e-08, 9.49697831487e-09, 4.39206182534e-09, 2.1967135666e-08, 1.45600424162e-07, 1.0941099049e-07, 4.83798991979e-08, 1.82548962613e-08, 1.9578234145e-08, 2.74587339533e-08, 2.10112620636e-08, 3.16305488468e-08, 2.21285336721e-08, 1.47152281471e-08, 1.11924203239e-08, 9.22524634461e-09, 7.57149365427e-09, 1.39366678198e-08, 1.69504110747e-09, 6.00517913174e-10, 4.33450525472e-10, 4.90714746615e-10, 2.40337805213e-10, 3.5179237301e-10, 2.18449508482e-10, 2.81485806886e-10, 7.59909149495e-11, 3.8909139799e-11, 4.36206452903e-11, 5.56997052648e-11, 3.46761404313e-11, 2.24829269785e-11, 1.88133935514e-11, 7.98735643598e-12, 3.54462856636e-12, 2.32898964871e-12, 1.11659986812e-12], "mean": [0.000901699007954, 0.000590770563576, 0.000367831729818, 0.000168740472873, 0.000105217754026, 5.97290891164e-05, 8.2752238086e-05, 0.000149627478095, 0.000114600399684, 0.000105645536678, 7.95489540906e-05, 7.69463804318e-05, 0.000124162950669, 0.000109991808131, 0.000132545974338, 0.000124805868836, 9.66386505752e-05, 7.9526915215e-05, 7.17067377991e-05, 6.78352080286e-05, 7.04838312231e-05, 3.50204136339e-05, 2.31392023124e-05, 2.46975905611e-05, 1.95096054085e-05, 1.855148912e-05, 2.06122476811e-05, 1.98834550247e-05, 2.22022317757e-05, 1.30179141706e-05, 7.59975955589e-06, 6.12429676039e-06, 5.39850407222e-06, 3.48358958036e-06, 2.6618922675e-06, 1.97747158381e-06, 1.32538809794e-06, 9.37700406212e-07, 6.61769092858e-07, 4.77483240502e-07]}, "spectral_entropy": {"min": 5.5341963768, "max": 9.82369327545, "dvar2": 0.030104348436, "median": 7.89763498306, "dmean2": 0.152858927846, "dmean": 0.101730011404, "var": 0.148621469736, "dvar": 0.0150458440185, "mean": 7.8188419342}, "spectral_rolloff": {"min": 21.533203125, "max": 19207.6171875, "dvar2": 1347956.375, "median": 2540.91796875, "dmean2": 956.367736816, "dmean": 593.481079102, "var": 2112137.75, "dvar": 638660.3125, "mean": 2817.52587891}, "barkbands": {"min": [8.82176543599e-25, 2.00898378429e-24, 2.75458237417e-24, 4.59298603176e-24, 1.09704267071e-23, 2.477175177e-23, 2.04877463832e-23, 1.25314270329e-23, 8.87060677286e-24, 1.78161837307e-23, 2.60799971175e-23, 4.45341168851e-23, 3.95134716072e-23, 4.71272004993e-23, 5.98200481949e-23, 6.50863384478e-23, 7.2868104179e-23, 1.32472124393e-22, 1.00966250461e-22, 1.93664392977e-22, 2.62895128942e-22, 3.43729743765e-22, 3.39865385558e-22, 7.12063112531e-22, 1.05540572123e-21, 1.39226432243e-21, 2.01894289762e-21], "max": [0.015687359497, 0.133036896586, 0.0334372408688, 0.0187101829797, 0.00894481875002, 0.00865520164371, 0.0597632564604, 0.124714791775, 0.052414868027, 0.0283827409148, 0.0394624881446, 0.0375239923596, 0.0521162040532, 0.0321451835334, 0.0339289493859, 0.0384186170995, 0.0277989506721, 0.00939413532615, 0.0174277573824, 0.0115321576595, 0.00786194205284, 0.0141604356468, 0.0155514106154, 0.00858942698687, 0.00271534570493, 0.000681496341713, 0.000157373418915], "dvar2": [6.38567883016e-07, 0.000103789185232, 5.26542453372e-06, 5.46191267858e-06, 1.13270243673e-06, 2.86095001911e-07, 3.31627325068e-06, 8.94466847967e-06, 5.39350594408e-06, 2.46348554356e-06, 3.16169303005e-06, 3.95612823922e-06, 6.51227583148e-06, 4.16492866862e-06, 3.43029932992e-06, 4.89920330438e-06, 1.28894794216e-06, 3.50341025523e-07, 3.8190506757e-07, 4.69592777108e-07, 2.93344896818e-07, 1.89644751458e-07, 1.83534694997e-07, 8.1441264399e-08, 1.64661173585e-08, 8.68053351422e-10, 1.4321147046e-10], "median": [9.30504174903e-05, 0.000259973399807, 0.000377873628167, 0.000297750520986, 0.00045375621994, 0.000163868928212, 0.000152813445311, 0.00013307511108, 0.000255067658145, 0.000177115347469, 0.000255372840911, 0.000381184712751, 0.000514587969519, 0.000538385123946, 0.000461547577288, 0.000503577757627, 0.000320832798025, 0.000303009204799, 0.000288881914457, 0.00045569424401, 0.000412202236475, 0.000142441975186, 6.65557236061e-05, 3.69062800019e-05, 1.56129481184e-05, 6.95406288287e-06, 1.33543687753e-06], "dmean2": [0.000269439391559, 0.00364280305803, 0.0012842315482, 0.00115522264969, 0.00070021225838, 0.000311381823849, 0.000581887550652, 0.000739215349313, 0.000714385649189, 0.000534207560122, 0.000721156713553, 0.000876409234479, 0.00116131582763, 0.00101402308792, 0.000870739924721, 0.000923352781683, 0.000506014097482, 0.000367218861356, 0.000349216395989, 0.000458980008261, 0.000362297345418, 0.000195605069166, 0.000126219762024, 7.02601391822e-05, 3.38314021064e-05, 1.18652960737e-05, 4.70395389129e-06], "dmean": [0.000201922332053, 0.00223602820188, 0.000757353089284, 0.000663088168949, 0.000414129433921, 0.000188299323781, 0.000370453461073, 0.000467094301712, 0.00045630952809, 0.000336184777552, 0.0004589157179, 0.000557739462238, 0.000727563572582, 0.000628386100288, 0.000548161217012, 0.000572823744733, 0.000309205235681, 0.000230263598496, 0.000219504232518, 0.000291394127999, 0.000238804292167, 0.000141258002259, 8.44919413794e-05, 4.98852023156e-05, 2.4209919502e-05, 8.41807286633e-06, 3.60567742064e-06], "var": [8.11829352187e-07, 8.47518676892e-05, 2.39266523749e-06, 1.8401659645e-06, 7.98834889792e-07, 2.0228601727e-07, 2.53776852333e-06, 6.83076859787e-06, 4.49417211712e-06, 1.41450379942e-06, 3.41802274306e-06, 4.5759970817e-06, 6.3790994318e-06, 3.79738321499e-06, 2.76241780739e-06, 4.92472827318e-06, 1.08489382455e-06, 4.02550625722e-07, 4.25450338071e-07, 5.14508656124e-07, 4.06328013014e-07, 2.1593780275e-07, 1.0586366983e-07, 4.77428692136e-08, 1.37736488881e-08, 9.81513759157e-10, 1.30933514031e-10], "dvar": [3.15986341093e-07, 4.51627274742e-05, 2.01153488888e-06, 1.98877773983e-06, 4.1012341967e-07, 1.13075159902e-07, 1.46760908137e-06, 3.99956024921e-06, 2.30232467402e-06, 9.98614495984e-07, 1.3274424191e-06, 1.68708709225e-06, 2.71339945357e-06, 1.67338862411e-06, 1.4655324776e-06, 2.04361413125e-06, 5.41865460946e-07, 1.50013789835e-07, 1.67164728282e-07, 1.94847132207e-07, 1.30273917875e-07, 9.76130749564e-08, 7.81015998541e-08, 3.53318370117e-08, 7.68993402289e-09, 4.32291896724e-10, 7.21444987084e-11], "mean": [0.000366489693988, 0.0029588798061, 0.000904336513486, 0.000748341728467, 0.000758173118811, 0.000303903565509, 0.000551966775674, 0.000638587283902, 0.000747291313019, 0.000487520970637, 0.000809407967608, 0.00102398102172, 0.00128790654708, 0.00108978792559, 0.000924770487472, 0.00106249761302, 0.000590417883359, 0.000474736065371, 0.000472158833873, 0.00066064792918, 0.000593932927586, 0.000289444666123, 0.000166984231328, 9.27658693399e-05, 4.33206223533e-05, 1.7360856873e-05, 5.77669015911e-06]}, "melbands_flatness_db": {"min": 0.00485009187832, "max": 0.466404944658, "dvar2": 0.00137307704426, "median": 0.116888605058, "dmean2": 0.0354098305106, "dmean": 0.0226190425456, "var": 0.00315247895196, "dvar": 0.000590371724684, "mean": 0.130376368761}, "melbands_skewness": {"min": -4.21773862839, "max": 19.2339324951, "dvar2": 1.05730545521, "median": 0.964006721973, "dmean2": 0.889839470387, "dmean": 0.564212977886, "var": 1.47295248508, "dvar": 0.446280449629, "mean": 1.19212687016}, "barkbands_skewness": {"min": -6.98309516907, "max": 15.5156030655, "dvar2": 0.529538989067, "median": 0.103911139071, "dmean2": 0.649682044983, "dmean": 0.418168097734, "var": 1.07233965397, "dvar": 0.233338564634, "mean": 0.244465380907}, "silence_rate_60dB": {"min": 0, "max": 1, "dvar2": 0.0570096671581, "median": 0, "dmean2": 0.0518918931484, "dmean": 0.0259437877685, "var": 0.116675339639, "dvar": 0.0252692215145, "mean": 0.134863227606}, "spectral_energyband_low": {"min": 1.38542923396e-23, "max": 0.142466053367, "dvar2": 0.000119751195598, "median": 0.00137559766881, "dmean2": 0.00511877052486, "dmean": 0.00313348253258, "var": 0.00010698135884, "dvar": 5.24577626493e-05, "mean": 0.00454896688461}, "spectral_energyband_middle_low": {"min": 1.99371303066e-22, "max": 0.126404955983, "dvar2": 2.34641556744e-05, "median": 0.00261340173893, "dmean2": 0.00269704055972, "dmean": 0.00169303349685, "var": 2.31971716858e-05, "dvar": 1.01513614936e-05, "mean": 0.00386878335848}, "melbands_kurtosis": {"min": -1.8505423069, "max": 548.71307373, "dvar2": 192.50869751, "median": 0.659946680069, "dmean2": 4.44058418274, "dmean": 2.6621966362, "var": 115.686531067, "dvar": 74.8044891357, "mean": 2.90831279755}, "spectral_decrease": {"min": -4.13705052438e-08, "max": 1.30462121284e-28, "dvar2": 9.09187133045e-18, "median": -3.18906434593e-09, "dmean2": 1.98483429692e-09, "dmean": 1.31170407869e-09, "var": 1.68787577111e-17, "dvar": 4.15475078661e-18, "mean": -4.16232337486e-09}, "erbbands_kurtosis": {"min": -1.70026278496, "max": 30.3608436584, "dvar2": 2.93635368347, "median": 0.333688497543, "dmean2": 1.29171836376, "dmean": 0.81195884943, "var": 2.83306241035, "dvar": 1.21150326729, "mean": 0.721615314484}, "melbands_crest": {"min": 1.89731752872, "max": 39.2070274353, "dvar2": 27.8732872009, "median": 9.89077663422, "dmean2": 5.80672883987, "dmean": 3.58711695671, "var": 41.044757843, "dvar": 12.5382852554, "mean": 11.7590789795}, "gfcc": {"cov": [[10567.2539062, -1099.60681152, 706.404602051, 821.479309082, -421.497924805, 233.695831299, -204.396636963, 72.9010543823, -416.45993042, 206.77633667, -127.581741333, 15.2599239349, -248.392044067], [-1099.60681152, 1307.44042969, -182.573104858, -118.963668823, 120.678833008, -151.384246826, 59.3580360413, -63.1922073364, 94.5056762695, -29.8682861328, 45.2045478821, -64.2349700928, 17.561208725], [706.404602051, -182.573104858, 891.523864746, 193.606414795, -33.5501556396, 43.0410804749, -148.6199646, 92.6110992432, -71.056022644, 21.1808567047, -40.6663017273, 38.0179405212, -100.229568481], [821.479309082, -118.963668823, 193.606414795, 557.722167969, 81.5361633301, 26.4908485413, 96.030670166, -20.5778751373, -10.8745365143, 22.9440536499, 21.8585338593, 1.28850674629, 20.9329929352], [-421.497924805, 120.678833008, -33.5501556396, 81.5361633301, 314.677703857, 38.1162567139, 126.465774536, -19.3108863831, 13.8597002029, 31.5313491821, 23.0928764343, 36.4198150635, 67.9532699585], [233.695831299, -151.384246826, 43.0410804749, 26.4908485413, 38.1162567139, 183.436889648, 50.153263092, 45.2925071716, -12.0500202179, 18.7809524536, 21.4167194366, 24.4569091797, 19.5739097595], [-204.396636963, 59.3580360413, -148.6199646, 96.030670166, 126.465774536, 50.153263092, 252.000900269, 10.6186304092, 21.5041065216, 9.59889507294, 45.0609779358, 21.4379787445, 59.9957542419], [72.9010543823, -63.1922073364, 92.6110992432, -20.5778751373, -19.3108863831, 45.2925071716, 10.6186304092, 146.587844849, 51.7132301331, 35.7115097046, 6.57920598984, 19.0384464264, 8.22904586792], [-416.45993042, 94.5056762695, -71.056022644, -10.8745365143, 13.8597002029, -12.0500202179, 21.5041065216, 51.7132301331, 154.246520996, 39.7641677856, 22.5991573334, -25.489982605, 16.1333236694], [206.77633667, -29.8682861328, 21.1808567047, 22.9440536499, 31.5313491821, 18.7809524536, 9.59889507294, 35.7115097046, 39.7641677856, 120.547431946, 40.6861839294, 8.24771690369, 4.63836097717], [-127.581741333, 45.2045478821, -40.6663017273, 21.8585338593, 23.0928764343, 21.4167194366, 45.0609779358, 6.57920598984, 22.5991573334, 40.6861839294, 88.4294967651, 29.5954055786, 28.2353725433], [15.2599239349, -64.2349700928, 38.0179405212, 1.28850674629, 36.4198150635, 24.4569091797, 21.4379787445, 19.0384464264, -25.489982605, 8.24771690369, 29.5954055786, 89.6082229614, 37.5422668457], [-248.392044067, 17.561208725, -100.229568481, 20.9329929352, 67.9532699585, 19.5739097595, 59.9957542419, 8.22904586792, 16.1333236694, 4.63836097717, 28.2353725433, 37.5422668457, 107.233932495]], "icov": [[0.000177071109647, -1.06331781353e-05, 0.000102805293864, -0.000344995351043, 0.000280176493106, -0.000213425009861, 9.19886369957e-05, -0.000171078019775, 0.000536160252523, -0.000577495549805, 0.000432884960901, -0.000176781133632, 0.000290634838166], [-1.06331781353e-05, 0.00111519359052, -0.000151097017806, 0.000412699417211, -0.000655649229884, 0.000972028763499, -0.000218861576286, 0.000154230452608, -0.000434564077295, 0.000743221549783, -0.00130675721448, 0.00116642774083, -0.000111438617751], [0.000102805293864, -0.000151097017806, 0.00229117460549, -0.00134755834006, -0.000367291795556, -0.000476033193991, 0.00169247994199, -0.00209305249155, 0.0012563142227, -0.000346874410752, 0.000730006722733, -0.00161714048591, 0.00240072864108], [-0.000344995351043, 0.000412699417211, -0.00134755834006, 0.00333479582332, -0.000691419583745, 0.000771251448896, -0.00171023688745, 0.00163096643519, -0.00128593086265, 0.000899254635442, -0.00154638150707, 0.00179165555164, -0.001713687554], [0.000280176493106, -0.000655649229884, -0.000367291795556, -0.000691419583745, 0.00581841822714, -0.00140846869908, -0.00214871461503, 0.00205481937155, 4.01756842621e-05, -0.00306771788746, 0.00323546561413, -0.00229216599837, -0.00176026031841], [-0.000213425009861, 0.000972028763499, -0.000476033193991, 0.000771251448896, -0.00140846869908, 0.00786089990288, -0.00126148003619, -0.00215342035517, 0.000798991299234, 0.001062362222, -0.00288297538646, 0.00155761337373, -0.000872738542967], [9.19886369957e-05, -0.000218861576286, 0.00169247994199, -0.00171023688745, -0.00214871461503, -0.00126148003619, 0.00737683381885, -0.00233176117763, 0.000841745990328, 0.00107632926665, -0.00198479346, -0.00022033895948, 0.000234853039728], [-0.000171078019775, 0.000154230452608, -0.00209305249155, 0.00163096643519, 0.00205481937155, -0.00215342035517, -0.00233176117763, 0.0125002972782, -0.00571891153231, -0.00202521658503, 0.00251240236685, -0.00277217314579, -0.00200297078118], [0.000536160252523, -0.000434564077295, 0.0012563142227, -0.00128593086265, 4.01756842621e-05, 0.000798991299234, 0.000841745990328, -0.00571891153231, 0.0123427845538, -0.00345874996856, -0.00118465872947, 0.00422483310103, -0.000339534046361], [-0.000577495549805, 0.000743221549783, -0.000346874410752, 0.000899254635442, -0.00306771788746, 0.001062362222, 0.00107632926665, -0.00202521658503, -0.00345874996856, 0.0141772264615, -0.00795352179557, 0.00195632898249, 0.000660580233671], [0.000432884960901, -0.00130675721448, 0.000730006722733, -0.00154638150707, 0.00323546561413, -0.00288297538646, -0.00198479346, 0.00251240236685, -0.00118465872947, -0.00795352179557, 0.0208554510027, -0.00816126167774, -0.000517356558703], [-0.000176781133632, 0.00116642774083, -0.00161714048591, 0.00179165555164, -0.00229216599837, 0.00155761337373, -0.00022033895948, -0.00277217314579, 0.00422483310103, 0.00195632898249, -0.00816126167774, 0.0203372929245, -0.00664890464395], [0.000290634838166, -0.000111438617751, 0.00240072864108, -0.001713687554, -0.00176026031841, -0.000872738542967, 0.000234853039728, -0.00200297078118, -0.000339534046361, 0.000660580233671, -0.000517356558703, -0.00664890464395, 0.0163788851351]], "mean": [-12.0444078445, 62.4923019409, -154.585906982, 34.1581192017, -47.7763061523, 14.8678627014, -25.9918727875, -1.34998428822, -21.1639041901, 2.29548239708, -17.9580154419, -4.1823554039, -11.1445875168]}, "melbands_spread": {"min": 0.594420611858, "max": 220.920181274, "dvar2": 367.457580566, "median": 46.0868110657, "dmean2": 16.9271240234, "dmean": 10.8188610077, "var": 520.228515625, "dvar": 157.906616211, "mean": 47.19556427}, "spectral_energy": {"min": 1.03304341036e-20, "max": 0.164090409875, "dvar2": 0.0001352125837, "median": 0.0142534449697, "dmean2": 0.007967710495, "dmean": 0.00534637831151, "var": 0.000289151212201, "dvar": 6.29692658549e-05, "mean": 0.0180713739246}, "mfcc": {"cov": [[8579.68847656, -1009.36364746, 587.725280762, 583.278686523, -139.782333374, 217.465011597, 103.96736908, -61.3382263184, -185.044418335, 25.1912937164, -89.2269439697, 62.82081604, -10.1622028351], [-1009.36364746, 1152.28112793, -174.897384644, -130.098770142, 18.8256702423, -106.1979599, -31.2550544739, -55.173992157, 4.94563865662, -1.00737416744, 51.4520683289, -24.1345062256, -53.7174110413], [587.725280762, -174.897384644, 707.144042969, 78.5290145874, 104.725822449, -72.521522522, -54.06848526, 44.7277297974, -63.0053672791, 6.43219232559, 47.7235221863, -77.2157211304, -18.0031776428], [583.278686523, -130.098770142, 78.5290145874, 519.572692871, 28.2815990448, 144.204223633, 76.9242172241, 23.6135425568, 3.78809833527, 38.4696426392, -60.7043914795, 47.7890930176, 21.0457897186], [-139.782333374, 18.8256702423, 104.725822449, 28.2815990448, 187.403121948, 23.1286563873, 6.46024179459, 2.50830745697, 22.6137905121, 0.4245698452, 6.09208965302, -8.23104286194, 10.5953426361], [217.465011597, -106.1979599, -72.521522522, 144.204223633, 23.1286563873, 202.288253784, 111.52481842, 21.2258834839, 12.5776348114, 3.28463745117, -31.8426399231, 44.2234382629, 19.5262451172], [103.96736908, -31.2550544739, -54.06848526, 76.9242172241, 6.46024179459, 111.52481842, 184.561203003, 49.2350463867, 21.9085712433, -14.5718278885, -29.2161273956, 35.8335151672, 31.5959606171], [-61.3382263184, -55.173992157, 44.7277297974, 23.6135425568, 2.50830745697, 21.2258834839, 49.2350463867, 115.066520691, 33.2698097229, 1.23105704784, -4.90207958221, -7.97686004639, 22.2170124054], [-185.044418335, 4.94563865662, -63.0053672791, 3.78809833527, 22.6137905121, 12.5776348114, 21.9085712433, 33.2698097229, 108.528083801, 42.4834289551, 7.60454511642, 18.1311893463, 14.4457368851], [25.1912937164, -1.00737416744, 6.43219232559, 38.4696426392, 0.4245698452, 3.28463745117, -14.5718278885, 1.23105704784, 42.4834289551, 102.947914124, 52.6746635437, 17.3119449615, -5.23435211182], [-89.2269439697, 51.4520683289, 47.7235221863, -60.7043914795, 6.09208965302, -31.8426399231, -29.2161273956, -4.90207958221, 7.60454511642, 52.6746635437, 118.000854492, 14.9772462845, -9.83635616302], [62.82081604, -24.1345062256, -77.2157211304, 47.7890930176, -8.23104286194, 44.2234382629, 35.8335151672, -7.97686004639, 18.1311893463, 17.3119449615, 14.9772462845, 107.070320129, 39.8877449036], [-10.1622028351, -53.7174110413, -18.0031776428, 21.0457897186, 10.5953426361, 19.5262451172, 31.5959606171, 22.2170124054, 14.4457368851, -5.23435211182, -9.83635616302, 39.8877449036, 91.3222045898]], "icov": [[0.000157584785484, 9.72970738076e-05, -0.000155639500008, -8.84775945451e-05, 0.000190040795133, -7.74884319981e-05, -9.74241047516e-05, 0.00020583193691, 0.00014218960132, -0.000100357327028, 0.000101251855085, -9.57389274845e-05, 6.71052475809e-05], [9.72970738076e-05, 0.00113328220323, 0.000375875388272, -0.000148702616571, -0.00034446263453, 0.000809911580291, -0.000504037190694, 0.000377658492653, 0.000182349889656, 0.000132636516355, -0.000568799499888, 0.00018601505144, 0.000571361277252], [-0.000155639500008, 0.000375875388272, 0.00266767432913, -0.000703814381268, -0.00182222540025, 0.00150184100494, 4.49054132332e-05, -0.00157221162226, 0.00187201751396, -0.000102757083368, -0.00152545631863, 0.00140942831058, 6.71991583658e-05], [-8.84775945451e-05, -0.000148702616571, -0.000703814381268, 0.00323086441495, -0.000156119131134, -0.00179568433668, 6.36613622191e-05, -0.000379752367735, 0.000684181635734, -0.0025106521789, 0.00273419590667, -0.00139735569246, 0.000144492121763], [0.000190040795133, -0.00034446263453, -0.00182222540025, -0.000156119131134, 0.0073002143763, -0.00214703870006, 0.000351331284037, 0.00197691912763, -0.00321252993308, 0.00157739862334, -0.000563421403058, 0.000917834055144, -0.00135813059751], [-7.74884319981e-05, 0.000809911580291, 0.00150184100494, -0.00179568433668, -0.00214703870006, 0.0104055143893, -0.00488416617736, -0.000421701959567, 0.00150363112334, -0.000895677891094, 0.000344369822415, -0.0014112200588, 0.00135863607284], [-9.74241047516e-05, -0.000504037190694, 4.49054132332e-05, 6.36613622191e-05, 0.000351331284037, -0.00488416617736, 0.0100007550791, -0.00330582936294, -0.00107795966323, 0.00201542768627, 0.000430439220509, -0.00142914475873, -0.00100881420076], [0.00020583193691, 0.000377658492653, -0.00157221162226, -0.000379752367735, 0.00197691912763, -0.000421701959567, -0.00330582936294, 0.0132807241753, -0.00499875284731, 0.00147560215555, -0.0010367060313, 0.00323832966387, -0.00285457097925], [0.00014218960132, 0.000182349889656, 0.00187201751396, 0.000684181635734, -0.00321252993308, 0.00150363112334, -0.00107795966323, -0.00499875284731, 0.0160626657307, -0.00819547381252, 0.0025418009609, -0.00160506588873, -6.10252100159e-05], [-0.000100357327028, 0.000132636516355, -0.000102757083368, -0.0025106521789, 0.00157739862334, -0.000895677891094, 0.00201542768627, 0.00147560215555, -0.00819547381252, 0.0189793147147, -0.00906344596297, 0.000336447643349, 0.00083845644258], [0.000101251855085, -0.000568799499888, -0.00152545631863, 0.00273419590667, -0.000563421403058, 0.000344369822415, 0.000430439220509, -0.0010367060313, 0.0025418009609, -0.00906344596297, 0.0156210539863, -0.00467786937952, 0.00164505816065], [-9.57389274845e-05, 0.00018601505144, 0.00140942831058, -0.00139735569246, 0.000917834055144, -0.0014112200588, -0.00142914475873, 0.00323832966387, -0.00160506588873, 0.000336447643349, -0.00467786937952, 0.015747172758, -0.00650819530711], [6.71052475809e-05, 0.000571361277252, 6.71991583658e-05, 0.000144492121763, -0.00135813059751, 0.00135863607284, -0.00100881420076, -0.00285457097925, -6.10252100159e-05, 0.00083845644258, 0.00164505816065, -0.00650819530711, 0.0152618642896]], "mean": [-641.051147461, 91.2286911011, -37.4639701843, 21.0172405243, -3.3039727211, 17.4360523224, 2.98085451126, 1.47625684738, 1.59514009953, 4.53087377548, -3.75010681152, 2.13670992851, -2.02024126053]}, "spectral_contrast_valleys": {"min": [-28.0090293884, -27.7247142792, -27.6920566559, -27.4397830963, -27.4836082458, -27.3176784515], "max": [-5.44416427612, -5.1453499794, -5.12266778946, -5.07699918747, -5.25575256348, -7.44758653641], "dvar2": [0.335142493248, 0.234322845936, 0.169917687774, 0.140542685986, 0.148369833827, 0.246578603983], "median": [-7.76748132706, -7.08028411865, -7.0979218483, -6.9276509285, -6.73422622681, -10.0184469223], "dmean2": [0.661724567413, 0.5596383214, 0.471788644791, 0.411550045013, 0.337719351053, 0.373101443052], "dmean": [0.407148391008, 0.345529913902, 0.295258462429, 0.26125061512, 0.226418152452, 0.283844858408], "var": [1.92725884914, 1.46131312847, 1.36746418476, 1.47263240814, 1.86978268623, 2.09132504463], "dvar": [0.139061763883, 0.100698433816, 0.0775829479098, 0.0686598792672, 0.076659321785, 0.138769507408], "mean": [-8.07598495483, -7.30474853516, -7.30333137512, -7.20892047882, -7.10767650604, -10.364941597]}, "barkbands_flatness_db": {"min": 0.0199541058391, "max": 0.440261870623, "dvar2": 0.000815038045403, "median": 0.0806950181723, "dmean2": 0.0266271457076, "dmean": 0.0169184487313, "var": 0.00286629912443, "dvar": 0.000344022701029, "mean": 0.0952314212918}, "dynamic_complexity": 3.76278567314, "erbbands_flatness_db": {"min": 0.0456465892494, "max": 0.493286758661, "dvar2": 0.000512695172802, "median": 0.163089424372, "dmean2": 0.0234716366976, "dmean": 0.0158100090921, "var": 0.00358493789099, "dvar": 0.000255064107478, "