{"lowlevel": {"spectral_complexity": {"min": 0, "max": 59, "dvar2": 56.3684425354, "median": 9, "dmean2": 4.62898254395, "dmean": 2.86402463913, "var": 46.7259101868, "dvar": 23.453004837, "mean": 10.656496048}, "silence_rate_20dB": {"min": 0, "max": 1, "dvar2": 0.000575634825509, "median": 1, "dmean2": 0.000383877166314, "dmean": 0.000191920160432, "var": 9.59395692917e-05, "dvar": 0.00019187493308, "mean": 0.999904036522}, "average_loudness": 0.916320979595, "erbbands_spread": {"min": 2.4908311367, "max": 200.201980591, "dvar2": 560.472961426, "median": 35.2862358093, "dmean2": 18.4796867371, "dmean": 11.8691997528, "var": 653.616271973, "dvar": 234.124008179, "mean": 42.4801025391}, "spectral_kurtosis": {"min": -1.21163153648, "max": 59.4803848267, "dvar2": 27.5413475037, "median": 4.38091182709, "dmean2": 3.71542072296, "dmean": 2.33365726471, "var": 42.7550697327, "dvar": 11.2845115662, "mean": 6.6180100441}, "barkbands_kurtosis": {"min": -1.94498062134, "max": 1026.30615234, "dvar2": 5793.15332031, "median": 11.7578887939, "dmean2": 25.6249694824, "dmean": 15.2797021866, "var": 1865.92553711, "dvar": 2122.56762695, "mean": 22.5039901733}, "spectral_strongpeak": {"min": 0, "max": 10.4222888947, "dvar2": 0.769147753716, "median": 0.370548993349, "dmean2": 0.553030192852, "dmean": 0.329337984324, "var": 0.728834271431, "dvar": 0.317045092583, "mean": 0.696933686733}, "spectral_spread": {"min": 1178132.75, "max": 41706712, "dvar2": 2098580815870.0, "median": 4747265.5, "dmean2": 1045858, "dmean": 734972.25, "var": 3635266453500.0, "dvar": 1052853600260.0, "mean": 4831530}, "spectral_rms": {"min": 4.18672789237e-06, "max": 0.0217214375734, "dvar2": 1.27156108647e-05, "median": 0.00536228436977, "dmean2": 0.00200110534206, "dmean": 0.00129188119899, "var": 8.26898758532e-06, "dvar": 5.28670261701e-06, "mean": 0.00583820138127}, "erbbands": {"min": [1.73012310256e-07, 1.81025086476e-07, 1.58012966267e-07, 1.14477252566e-07, 1.61510840258e-07, 1.18147916339e-07, 1.77316138661e-07, 8.21651227056e-08, 3.37821290941e-07, 1.03456706313e-07, 4.86484026396e-08, 6.92816257697e-08, 1.45980280308e-07, 1.21226918282e-07, 9.23998300095e-08, 1.31370626377e-07, 1.18621080958e-07, 2.11277225048e-07, 1.6675501513e-07, 1.62596336395e-07, 2.22310958975e-07, 1.65748645031e-07, 2.67645020813e-07, 2.69029499123e-07, 2.51690238429e-07, 3.53998188984e-07, 2.99177713714e-07, 3.43321573837e-07, 2.95551473073e-07, 3.1773041087e-07, 2.50376587019e-07, 2.37652272972e-07, 2.06890604204e-07, 2.47959349053e-07, 1.69897788282e-07, 1.26110364818e-07, 8.03376707381e-08, 2.72967980663e-07, 1.73066663223e-08, 1.80120929283e-09], "max": [14.2715377808, 95.4111557007, 187.632598877, 142.715270996, 138.657073975, 721.163024902, 1090.31872559, 1378.15039062, 1455.4720459, 772.868041992, 1102.77575684, 2970.70751953, 3768.40795898, 2275.63745117, 562.690795898, 804.802062988, 1200.23718262, 1724.13977051, 260.180053711, 463.088256836, 238.458007812, 436.221832275, 419.928100586, 462.601837158, 1703.90307617, 780.142333984, 686.334350586, 798.372314453, 371.297546387, 750.606140137, 671.01763916, 521.813659668, 370.603912354, 138.326293945, 59.401966095, 28.3679027557, 5.8047118187, 1.08091413975, 0.077063947916, 0.00428735511377], "dvar2": [4.57924556732, 422.475158691, 881.485412598, 239.066009521, 150.373672485, 815.324768066, 3793.28051758, 3470.60424805, 2414.13500977, 1035.93554688, 1645.63476562, 2281.92651367, 4201.04541016, 1829.35107422, 413.67477417, 1531.45947266, 10391.0566406, 2934.34277344, 215.591766357, 177.525604248, 355.308868408, 2427.18847656, 1481.42211914, 932.010009766, 13523.5820312, 2469.84594727, 1160.84448242, 1031.70617676, 708.755310059, 711.52935791, 773.755249023, 296.596099854, 96.8196487427, 23.4942951202, 3.45747661591, 0.510957956314, 0.072690948844, 0.0101198246703, 0.000135883150506, 3.27300767822e-07], "median": [0.309850513935, 1.53895485401, 2.96752166748, 4.78907203674, 3.69589662552, 5.24446582794, 8.57573509216, 7.70056056976, 4.76169776917, 2.88468003273, 3.58950328827, 3.18222284317, 2.63118004799, 2.52553510666, 3.62461543083, 3.18641138077, 3.06510710716, 2.34137964249, 1.91355538368, 1.30344009399, 1.20845115185, 1.18067896366, 1.10755085945, 1.14650225639, 1.26742780209, 1.18758511543, 0.766747891903, 1.20437681675, 0.62475425005, 0.599845468998, 0.532392024994, 0.339213371277, 0.213639855385, 0.0831360816956, 0.0348609760404, 0.0174189321697, 0.00600849092007, 0.00125506939366, 0.000127040199004, 4.42881719209e-05], "dmean2": [0.818283736706, 6.54181337357, 10.0371761322, 7.66618490219, 6.37752580643, 12.3902187347, 25.4880390167, 21.9439735413, 13.5068330765, 10.5687360764, 12.6143083572, 12.3773441315, 11.9134807587, 9.00173664093, 8.18600654602, 14.7027111053, 27.6450634003, 16.5940933228, 6.24591970444, 4.30014848709, 6.37869691849, 11.3996706009, 10.8074922562, 9.46173381805, 26.3048286438, 14.7259178162, 9.43834495544, 8.92963314056, 8.66390037537, 6.79874277115, 6.6522974968, 3.54104948044, 2.11534070969, 0.999982595444, 0.423473924398, 0.185811117291, 0.107265166938, 0.0385103821754, 0.00452988734469, 0.000240422916249], "dmean": [0.504601180553, 3.62924766541, 5.55937814713, 4.48706197739, 3.83254432678, 7.98701095581, 16.859500885, 14.2653207779, 9.23561096191, 7.07584381104, 8.91460704803, 9.14029693604, 8.7375164032, 6.39743900299, 5.59726238251, 9.86739063263, 15.8101444244, 9.76775741577, 3.87726926804, 2.68094015121, 3.76280236244, 6.31451225281, 6.12852859497, 5.57645273209, 14.4057607651, 8.55422019958, 5.55937099457, 5.4420580864, 5.2215514183, 4.29840564728, 4.38856363297, 2.47057175636, 1.47268891335, 0.68415749073, 0.287986427546, 0.123202867806, 0.0666085854173, 0.0223054159433, 0.00259677227587, 0.000140737407492], "var": [1.85031986237, 95.1126480103, 201.866455078, 140.467941284, 140.976898193, 815.21270752, 4537.85107422, 5125.42382812, 3792.36376953, 1940.74645996, 2643.38378906, 6071.92578125, 12002.0146484, 3181.5, 486.154998779, 1326.70214844, 3164.14746094, 1092.64587402, 161.668258667, 183.515335083, 141.709777832, 516.878601074, 455.626373291, 411.531799316, 3006.30541992, 961.273254395, 456.028533936, 450.784240723, 352.201416016, 430.925354004, 652.358459473, 331.020812988, 130.506195068, 21.474149704, 3.38193631172, 0.480985999107, 0.0475998669863, 0.0032344753854, 3.67814827769e-05, 9.39679409839e-08], "dvar": [1.84855759144, 149.52520752, 310.603179932, 85.2397537231, 56.6355552673, 359.404846191, 1733.16748047, 1608.96240234, 1208.73620605, 505.942382812, 842.34173584, 1615.08435059, 2596.81616211, 924.556396484, 196.001434326, 748.109375, 3746.1628418, 1156.0501709, 90.9414138794, 75.0507354736, 133.180053711, 845.515319824, 532.930114746, 373.406433105, 4811.06005859, 998.657409668, 455.405151367, 414.112945557, 285.244232178, 314.230407715, 358.928161621, 157.427368164, 56.9723396301, 11.6123781204, 1.7618547678, 0.260944902897, 0.0326014198363, 0.00386296934448, 5.07935510541e-05, 1.24465685758e-07], "mean": [0.722148478031, 3.83250951767, 6.51044750214, 8.82511329651, 7.52401018143, 15.2010784149, 32.4119338989, 28.6471862793, 20.213727951, 15.6611280441, 18.3635463715, 19.624414444, 17.5196151733, 11.8979597092, 10.1184682846, 13.7001218796, 15.1478271484, 10.3887577057, 5.80952310562, 4.38098573685, 4.61772298813, 5.73613071442, 6.35546112061, 6.33782052994, 10.7099933624, 8.10384845734, 5.48182106018, 6.42828369141, 5.70949697495, 4.93915557861, 5.98168516159, 3.45206093788, 2.03727698326, 0.890353262424, 0.3836568892, 0.15764144063, 0.0706923007965, 0.0180157478899, 0.00199048221111, 0.000138885647175]}, "zerocrossingrate": {"min": 0, "max": 0.357421875, "dvar2": 0.000223283801461, "median": 0.025146484375, "dmean2": 0.0112573662773, "dmean": 0.0093639800325, "var": 0.0012376497034, "dvar": 0.000207835430047, "mean": 0.0346242561936}, "spectral_contrast_coeffs": {"min": [-0.947382569313, -0.96784979105, -0.958637654781, -0.959955513477, -0.9617010355, -0.958461999893], "max": [-0.342683345079, -0.341442912817, -0.414941012859, -0.523038089275, -0.570767998695, -0.568657755852], "dvar2": [0.00441772164777, 0.00347732636146, 0.00192406983115, 0.00167669495568, 0.00102260231506, 0.00205857655965], "median": [-0.685464501381, -0.70254355669, -0.75996696949, -0.778262555599, -0.815262019634, -0.783133089542], "dmean2": [0.0761426836252, 0.0715393051505, 0.0542861633003, 0.0497958473861, 0.0360482558608, 0.0355442650616], "dmean": [0.0462618581951, 0.0449336022139, 0.0345198176801, 0.0313829779625, 0.0225820261985, 0.0217665117234], "var": [0.00642274599522, 0.0079696374014, 0.00420444225892, 0.00315599399619, 0.00173837912735, 0.00210079201497], "dvar": [0.00168709969148, 0.00146881106775, 0.000823446549475, 0.000676060735714, 0.000427091843449, 0.000794598017819], "mean": [-0.676512360573, -0.692289233208, -0.754101037979, -0.771890461445, -0.80838996172, -0.776392579079]}, "dissonance": {"min": 0.256294310093, "max": 0.5, "dvar2": 0.00127341726329, "median": 0.451271951199, "dmean2": 0.0394068099558, "dmean": 0.0240239985287, "var": 0.00134867848828, "dvar": 0.000493114232086, "mean": 0.443649798632}, "spectral_energyband_high": {"min": 3.39405614724e-10, "max": 0.0610334202647, "dvar2": 9.23260995478e-06, "median": 0.000138804374728, "dmean2": 0.000950752524659, "dmean": 0.000621793034952, "var": 8.10657002148e-06, "dvar": 4.50768084193e-06, "mean": 0.000825169612654}, "spectral_skewness": {"min": -0.25666731596, "max": 6.44727754593, "dvar2": 0.346702605486, "median": 1.78200423717, "dmean2": 0.496942490339, "dmean": 0.317290842533, "var": 0.672614336014, "dvar": 0.148368746042, "mean": 1.9058175087}, "spectral_flux": {"min": 2.5938197723e-05, "max": 0.620768427849, "dvar2": 0.00885910913348, "median": 0.0628864467144, "dmean2": 0.0626099184155, "dmean": 0.0398821979761, "var": 0.00835956446826, "dvar": 0.00480304006487, "mean": 0.0906493216753}, "silence_rate_30dB": {"min": 0, "max": 1, "dvar2": 0.11913472414, "median": 1, "dmean2": 0.13090211153, "dmean": 0.0654447749257, "var": 0.0706311911345, "dvar": 0.0611566416919, "mean": 0.923527181149}, "spectral_energyband_middle_high": {"min": 5.56967909293e-11, "max": 0.124509491026, "dvar2": 4.28659113823e-05, "median": 0.000786031596363, "dmean2": 0.00217860611156, "dmean": 0.00134158390574, "var": 2.52593672485e-05, "dvar": 1.66656718648e-05, "mean": 0.00211828108877}, "barkbands_spread": {"min": 0.357013970613, "max": 109.127571106, "dvar2": 210.364364624, "median": 7.68289661407, "dmean2": 8.45433235168, "dmean": 5.40629768372, "var": 225.729629517, "dvar": 97.6768569946, "mean": 12.4836044312}, "spectral_centroid": {"min": 137.62828064, "max": 10927.0107422, "dvar2": 486981.875, "median": 554.075134277, "dmean2": 407.695922852, "dmean": 257.735076904, "var": 499196.90625, "dvar": 222372.84375, "mean": 780.616394043}, "pitch_salience": {"min": 0.0533869042993, "max": 0.815578818321, "dvar2": 0.0151976309717, "median": 0.486237287521, "dmean2": 0.11988414079, "dmean": 0.0737165734172, "var": 0.0142468847334, "dvar": 0.00595233310014, "mean": 0.479388982058}, "erbbands_skewness": {"min": -5.29386377335, "max": 7.27745723724, "dvar2": 0.770984172821, "median": 0.963200569153, "dmean2": 0.790127336979, "dmean": 0.520268380642, "var": 1.28504669666, "dvar": 0.333455771208, "mean": 0.957007467747}, "erbbands_crest": {"min": 2.282548666, "max": 31.0613307953, "dvar2": 19.3877677917, "median": 9.86099910736, "dmean2": 4.7924823761, "dmean": 2.98765254021, "var": 26.2381324768, "dvar": 8.08404445648, "mean": 11.0796546936}, "melbands": {"min": [1.75087067067e-09, 2.75296868635e-10, 2.7820301618e-11, 1.8392148915e-11, 5.26918699645e-12, 2.35699914447e-12, 4.43225491031e-12, 6.31939379298e-13, 4.32352694228e-13, 4.27250520119e-13, 6.72433788339e-13, 4.49836375831e-13, 2.93597421765e-13, 1.67605445039e-13, 2.15231261633e-13, 2.71083448657e-13, 3.09591518003e-13, 2.05711017881e-13, 2.5626037208e-13, 1.97549957079e-13, 3.02697076389e-13, 1.21250706415e-13, 2.35871299705e-13, 2.02492048736e-13, 2.10241180476e-13, 1.71290065465e-13, 1.52523162828e-13, 2.59242903837e-13, 1.84594567821e-13, 1.52438893214e-13, 1.79636348656e-13, 1.49695631325e-13, 1.48610724421e-13, 2.11105506448e-13, 1.62508990097e-13, 1.01515651896e-13, 1.65002031678e-13, 9.66934255646e-14, 2.47060266126e-13, 1.868931984e-13], "max": [0.120453968644, 0.105076231062, 0.022620709613, 0.0210223197937, 0.0366022661328, 0.0267629735172, 0.0187913347036, 0.00825235247612, 0.00911976024508, 0.0212974678725, 0.0197129081935, 0.00965406280011, 0.00271351193078, 0.0023192432709, 0.00178834015969, 0.00182071595918, 0.00392760289833, 0.000446560501587, 0.000573906407226, 0.000560261541978, 0.000405290571507, 0.000531456724275, 0.000639472331386, 0.000610383693129, 0.000393176480429, 0.000847856630571, 0.00151268939953, 0.000494824664202, 0.000556982937269, 0.000502498063724, 0.000504805648234, 0.000284956011456, 0.000313320808345, 0.000462365627754, 0.000352906849002, 0.000503492250573, 0.000257470295765, 0.000277644139715, 0.000216837594053, 9.23757252167e-05], "dvar2": [0.000462445692392, 0.000373374961782, 5.92385958953e-06, 1.48739638917e-06, 3.60410535905e-06, 1.66896757037e-06, 4.47566407047e-07, 1.23536850083e-07, 1.13253250333e-07, 8.80488713051e-08, 1.05982174148e-07, 3.73733577419e-08, 4.60898252896e-09, 5.98428373522e-09, 2.03180956504e-08, 3.7152677379e-08, 1.07220232692e-08, 6.92183588225e-10, 3.33946759135e-10, 3.08922498693e-10, 6.57788490344e-10, 3.77537379137e-09, 6.59679977311e-10, 1.78725800826e-09, 4.63813071283e-10, 4.38616520881e-09, 6.66580790565e-09, 7.63545615623e-10, 5.78592340705e-10, 4.20910695187e-10, 3.86571913369e-10, 2.76779016373e-10, 1.95098354139e-10, 2.87276508137e-10, 3.23454624196e-10, 2.10788317356e-10, 1.04449462968e-10, 6.10617945096e-11, 4.67485529454e-11, 1.25441861759e-11], "median": [0.00256765726954, 0.00197873148136, 0.000834913866129, 0.000302824715618, 0.00032959334203, 0.000172703847056, 5.91794159845e-05, 2.86879076157e-05, 2.88146020466e-05, 1.55889301823e-05, 1.0347251191e-05, 8.78749415278e-06, 1.04065375126e-05, 8.66795380716e-06, 7.77806599217e-06, 4.3273475967e-06, 3.98400061385e-06, 3.01730256069e-06, 1.7566508177e-06, 1.48958974933e-06, 1.30558146338e-06, 1.16280534712e-06, 9.82182655207e-07, 8.7769046786e-07, 8.66962125201e-07, 7.34029811156e-07, 9.25505673877e-07, 6.92639446243e-07, 4.30030439702e-07, 4.98030260587e-07, 6.87293720603e-07, 3.03205524688e-07, 2.93035611776e-07, 3.07196557969e-07, 3.00787206697e-07, 2.37910370515e-07, 1.79047802362e-07, 1.58119433991e-07, 8.7837115359e-08, 5.65353701631e-08], "dmean2": [0.00757179176435, 0.00637310557067, 0.00124967878219, 0.000596212339588, 0.00083277374506, 0.000499710440636, 0.000188916514162, 0.000117495503218, 0.000107272106106, 7.29217936168e-05, 5.94574994466e-05, 3.92727852159e-05, 2.64791324298e-05, 2.92674285447e-05, 4.90713100589e-05, 5.05016068928e-05, 3.16300393024e-05, 1.11861854748e-05, 6.48124159852e-06, 6.41781571176e-06, 8.25430106488e-06, 1.38179357236e-05, 7.76540582592e-06, 1.13390024126e-05, 6.7117503022e-06, 1.53103919729e-05, 1.95499924303e-05, 8.11467361927e-06, 6.41291353531e-06, 5.2139471336e-06, 5.3900189414e-06, 5.21441370438e-06, 4.22942639489e-06, 3.82894404538e-06, 4.24913650932e-06, 2.89136437459e-06, 2.04255138669e-06, 1.61085733907e-06, 1.29945851768e-06, 7.3474814144e-07], "dmean": [0.00450373301283, 0.00354924867861, 0.000727259961423, 0.000375291856471, 0.000546037976164, 0.000323772168485, 0.000128978543216, 7.90054473327e-05, 7.63336211094e-05, 5.41657063877e-05, 4.37704075011e-05, 2.77807012026e-05, 1.8250046196e-05, 2.01605016628e-05, 3.01167729049e-05, 2.86713329842e-05, 1.87701007235e-05, 6.95229164194e-06, 4.06110757467e-06, 3.89652586819e-06, 4.81445249534e-06, 7.60549255574e-06, 4.44172928837e-06, 6.41789756628e-06, 4.03713829655e-06, 8.41168275656e-06, 1.0741373444e-05, 4.79846312373e-06, 3.74326282326e-06, 3.09749930238e-06, 3.27204634232e-06, 3.14195358442e-06, 2.52614427154e-06, 2.42703208642e-06, 2.7597254757e-06, 1.96566224986e-06, 1.40300619478e-06, 1.10417852284e-06, 8.75454134075e-07, 5.00717192153e-07], "var": [0.000145286161569, 8.61791850184e-05, 3.48368621417e-06, 1.64325547303e-06, 4.35892843598e-06, 2.45376054409e-06, 7.09257449216e-07, 2.24303434493e-07, 2.0917268273e-07, 2.55001310734e-07, 3.15762463288e-07, 6.21404652179e-08, 6.44770192793e-09, 5.98159655141e-09, 9.33276567139e-09, 1.0125694061e-08, 4.4622607831e-09, 4.86502449437e-10, 3.42672362708e-10, 3.00984376311e-10, 2.49993858947e-10, 7.74686315097e-10, 2.23727161797e-10, 5.72023650669e-10, 2.4206078808e-10, 9.91000281836e-10, 1.61923152664e-09, 3.52375517654e-10, 2.04688641037e-10, 1.77880515873e-10, 1.66244490396e-10, 1.45533557427e-10, 9.08052452675e-11, 1.63473873327e-10, 2.45665016108e-10, 1.89185611621e-10, 1.13466271101e-10, 7.40423208856e-11, 4.10750600199e-11, 1.00367457401e-11], "dvar": [0.0001750515803, 0.000133103007101, 2.10249459087e-06, 6.3009264295e-07, 1.62419371463e-06, 7.54967743433e-07, 2.19628290665e-07, 6.12809856193e-08, 5.98622520442e-08, 6.80377141293e-08, 6.69391369001e-08, 1.93662454961e-08, 2.29647456607e-09, 3.0283315855e-09, 7.83693288042e-09, 1.33017286075e-08, 4.37960645527e-09, 2.94485880126e-10, 1.48837733804e-10, 1.32190480784e-10, 2.4634283502e-10, 1.30871902204e-09, 2.47553977317e-10, 6.5086019907e-10, 1.94478169679e-10, 1.56152868414e-09, 2.42315878474e-09, 3.24430982079e-10, 2.22600785027e-10, 1.6750778542e-10, 1.53121251789e-10, 1.11241973966e-10, 7.88957996156e-11, 1.24961041514e-10, 1.42344400156e-10, 1.01578662148e-10, 5.53977384798e-11, 3.35278055319e-11, 2.33825198787e-11, 5.8913230197e-12], "mean": [0.005904388614, 0.00412153638899, 0.00146296445746, 0.000746181001887, 0.00109868019354, 0.0006691692397, 0.000282699271338, 0.000166855359566, 0.000158901559189, 0.000110259992653, 8.4844599769e-05, 4.86912540509e-05, 3.21219376929e-05, 3.07419250021e-05, 3.48278699676e-05, 2.5521743737e-05, 1.98577781703e-05, 9.65383605944e-06, 6.69579776513e-06, 5.60245871384e-06, 5.39467419003e-06, 6.38910569251e-06, 4.83168741994e-06, 6.27386407359e-06, 4.80511744172e-06, 6.38799838271e-06, 8.14334634924e-06, 4.7913886192e-06, 3.51343487637e-06, 3.18390539178e-06, 3.90481682189e-06, 3.45863531948e-06, 2.59500120592e-06, 2.72914280686e-06, 3.69893064089e-06, 2.63989841187e-06, 1.91277331396e-06, 1.51249162172e-06, 1.08972403723e-06, 6.29304850008e-07]}, "spectral_entropy": {"min": 4.56971979141, "max": 9.78120708466, "dvar2": 0.174982383847, "median": 7.11626529694, "dmean2": 0.363763362169, "dmean": 0.241335824132, "var": 0.378345668316, "dvar": 0.0805654898286, "mean": 7.11584568024}, "spectral_rolloff": {"min": 21.533203125, "max": 11864.7949219, "dvar2": 2156521, "median": 301.46484375, "dmean2": 577.408691406, "dmean": 336.791656494, "var": 1718357.875, "dvar": 967009.4375, "mean": 675.304138184}, "barkbands": {"min": [1.39682150291e-08, 2.06527772662e-09, 1.95560997951e-11, 4.67993838127e-11, 7.54216550325e-11, 1.38719556675e-11, 2.08592518258e-11, 1.76541528792e-12, 2.8577500609e-12, 3.64678382977e-12, 2.07549017035e-12, 2.42042063475e-12, 2.13316213651e-12, 1.94072882764e-12, 3.9700955197e-12, 2.95098190675e-12, 2.04724561956e-12, 4.80748340442e-12, 4.98319397899e-12, 7.5997454857e-12, 7.03740885011e-12, 7.26819559399e-12, 1.00352356633e-11, 1.17804229913e-11, 2.46833716661e-11, 3.5230634382e-11, 2.47926429386e-10], "max": [0.0284662507474, 0.436209857464, 0.15155044198, 0.0394874811172, 0.169604435563, 0.117766335607, 0.0707102268934, 0.054481998086, 0.116527400911, 0.115905068815, 0.0184822008014, 0.0186510756612, 0.0225756391883, 0.0312785357237, 0.00568285677582, 0.00645369570702, 0.00825882609934, 0.00869419798255, 0.0188755206764, 0.0210460424423, 0.0153495892882, 0.0106028141454, 0.0262837223709, 0.0216401070356, 0.00974593125284, 0.00340891024098, 0.000473934807815], "dvar2": [5.69420808461e-06, 0.00708271982148, 0.000472388259368, 1.26300428747e-05, 4.6962621127e-05, 5.4105756135e-05, 7.91770798969e-06, 3.30731563736e-06, 3.97755047743e-06, 4.72814281238e-06, 2.49939887453e-07, 6.25321774805e-07, 4.17287174059e-06, 7.88769511928e-07, 6.20823641384e-08, 6.52228067111e-08, 7.10503911705e-07, 4.79153698052e-07, 2.27164923672e-06, 1.28699480229e-06, 6.27639053619e-07, 4.93991137773e-07, 8.90712726687e-07, 4.2277031298e-07, 1.23219109582e-07, 2.02961025764e-08, 5.46597345163e-09], "median": [0.000415025249822, 0.0085437297821, 0.00270433188416, 0.00126483524218, 0.00170908053406, 0.000953293638304, 0.000212123210076, 0.000155355533934, 9.62874473771e-05, 8.83826651261e-05, 6.42303202767e-05, 6.78565265844e-05, 4.33292370872e-05, 4.08333762607e-05, 2.33869086514e-05, 2.16836851905e-05, 2.06771183002e-05, 1.93200539798e-05, 2.41896268562e-05, 2.54144215432e-05, 2.54494225373e-05, 1.58243747137e-05, 1.92583356693e-05, 1.41521977639e-05, 6.33405898043e-06, 3.57852945854e-06, 7.6095437862e-07], "dmean2": [0.00111423118506, 0.0283000916243, 0.00785192102194, 0.00197163852863, 0.00338477897458, 0.00295532145537, 0.000816336134449, 0.000624049163889, 0.000517531705555, 0.000431853346527, 0.000185151133337, 0.000287317234324, 0.00053873215802, 0.000291200674837, 8.99184378795e-05, 0.000101680983789, 0.000202636409085, 0.000200683047296, 0.000363277853467, 0.000332930561854, 0.000220670262934, 0.000229240453336, 0.000223806535359, 0.000138552946737, 7.39276001696e-05, 5.29310236743e-05, 2.84047328023e-05], "dmean": [0.000746486883145, 0.0164030510932, 0.00436995364726, 0.00116802274715, 0.00217076647095, 0.00190623046365, 0.000553874764591, 0.000428837171057, 0.000376885000151, 0.000309967028443, 0.000126424522023, 0.000196147724637, 0.000304943328956, 0.000174065222382, 5.59699328733e-05, 6.10399001744e-05, 0.000112622728921, 0.000114713024232, 0.000201591712539, 0.000191235405509, 0.000131977387355, 0.000139873751323, 0.000147412501974, 9.91746346699e-05, 5.02047114423e-05, 3.33358329954e-05, 1.61214920809e-05], "var": [5.38123867955e-06, 0.00192745926324, 0.000123771562357, 8.63714467414e-06, 5.38114763913e-05, 7.36418587621e-05, 1.27842713482e-05, 5.08382936459e-06, 1.022529068e-05, 1.09992433863e-05, 3.79714435894e-07, 5.81762833463e-07, 1.22157769056e-06, 3.43685940152e-07, 5.38295807928e-08, 4.84844910886e-08, 1.57549735036e-07, 1.73041556195e-07, 5.30308057023e-07, 4.7336766329e-07, 2.59105945588e-07, 2.70682079417e-07, 7.24341134628e-07, 5.7560470168e-07, 1.03317645994e-07, 1.53644350576e-08, 1.45093503878e-09], "dvar": [3.00142119158e-06, 0.00260308850557, 0.000164187906194, 4.54869041278e-06, 2.08408473554e-05, 2.37554286286e-05, 3.91518733522e-06, 1.69465101862e-06, 2.76794935417e-06, 2.88566116069e-06, 1.29206227939e-07, 3.13557478648e-07, 1.50265975662e-06, 3.21308959883e-07, 2.73242850568e-08, 2.71532698548e-08, 2.4934294629e-07, 1.77592156092e-07, 8.11129780232e-07, 5.14047826528e-07, 2.50041097161e-07, 2.04143276505e-07, 4.18781326061e-07, 2.49191430157e-07, 5.80287426999e-08, 9.59849355553e-09, 2.03675343258e-09], "mean": [0.00130881101359, 0.0199033152312, 0.00589589728042, 0.00223312387243, 0.00439338106662, 0.0038875429891, 0.00118686666247, 0.000822515168693, 0.000755151500925, 0.000578120118007, 0.000218304601731, 0.000282990076812, 0.000274341145996, 0.000191045372048, 8.69008508744e-05, 8.2326165284e-05, 0.000100733370346, 0.00012196105672, 0.00016560635413, 0.000176553323399, 0.000141998913023, 0.000156239795615, 0.000195177563, 0.000138608549605, 6.6888598667e-05, 3.60477315553e-05, 1.19725864351e-05]}, "melbands_flatness_db": {"min": 0.030335849151, "max": 0.63296443224, "dvar2": 0.0048578758724, "median": 0.306608557701, "dmean2": 0.0536385029554, "dmean": 0.0348501503468, "var": 0.00787502154708, "dvar": 0.00200729165226, "mean": 0.306629449129}, "melbands_skewness": {"min": -1.07468903065, "max": 33.0598945618, "dvar2": 5.92314338684, "median": 3.67022037506, "dmean2": 1.84077703953, "dmean": 1.21522021294, "var": 7.5922460556, "dvar": 2.67435026169, "mean": 4.2419834137}, "barkbands_skewness": {"min": -4.32259130478, "max": 29.1000652313, "dvar2": 8.48292350769, "median": 2.80482578278, "dmean2": 1.6881622076, "dmean": 1.08344888687, "var": 5.51653718948, "dvar": 3.31860542297, "mean": 3.20938205719}, "silence_rate_60dB": {"min": 0, "max": 1, "dvar2": 0.0112243648618, "median": 0, "dmean2": 0.00998080614954, "dmean": 0.00498992437497, "var": 0.0287688784301, "dvar": 0.00496562663466, "mean": 0.0296488199383}, "spectral_energyband_low": {"min": 8.3647133664e-09, "max": 0.470160067081, "dvar2": 0.00886975880712, "median": 0.0151497609913, "dmean2": 0.0334922410548, "dmean": 0.0199316460639, "var": 0.00270956638269, "dvar": 0.00334018748254, "mean": 0.0286208298057}, "spectral_energyband_middle_low": {"min": 1.73473180265e-10, "max": 0.186906114221, "dvar2": 0.000126290833578, "median": 0.00894850678742, "dmean2": 0.00712197879329, "dmean": 0.00462828949094, "var": 0.000219094916247, "dvar": 5.72513126826e-05, "mean": 0.0135414740071}, "melbands_kurtosis": {"min": -1.86141061783, "max": 1537.73254395, "dvar2": 10222.0058594, "median": 24.5105381012, "dmean2": 43.1373405457, "dmean": 26.9822502136, "var": 5480.03662109, "dvar": 4196.52001953, "mean": 46.2747917175}, "spectral_decrease": {"min": -1.27026240193e-07, "max": -4.61080563717e-15, "dvar2": 5.9634089396e-16, "median": -7.48003525786e-09, "dmean2": 9.83068026983e-09, "dmean": 5.95884719345e-09, "var": 2.00618416833e-16, "dvar": 2.26202636724e-16, "mean": -1.112643222e-08}, "erbbands_kurtosis": {"min": -1.86143898964, "max": 81.5829391479, "dvar2": 19.7594451904, "median": 0.780179381371, "dmean2": 2.80420970917, "dmean": 1.77884972095, "var": 24.1744041443, "dvar": 8.33487606049, "mean": 2.15362763405}, "melbands_crest": {"min": 3.14762663841, "max": 37.6211776733, "dvar2": 23.8809223175, "median": 16.7837333679, "dmean2": 4.99120235443, "dmean": 3.12682747841, "var": 31.1841964722, "dvar": 9.67757225037, "mean": 17.4931488037}, "gfcc": {"cov": [[6358.71923828, -1961.68969727, -254.89666748, 355.894317627, -845.636962891, 77.2995986938, -198.225570679, 267.18862915, -132.78527832, 193.45765686, 10.7651119232, 101.433418274, -151.863479614], [-1961.68969727, 1944.3515625, -306.29876709, -435.953399658, 425.87487793, -182.043807983, 128.541519165, -168.624252319, 117.958518982, -131.440139771, 87.0565414429, -107.366844177, 110.790267944], [-254.89666748, -306.29876709, 803.719726562, 190.26272583, 46.1849975586, 116.819297791, -8.73270702362, 26.1997280121, 13.6184406281, -7.99054431915, -66.5149078369, 34.8884277344, -0.302748262882], [355.894317627, -435.953399658, 190.26272583, 490.21270752, 2.26522612572, 50.8520965576, -23.0823764801, 16.0141429901, -19.888343811, -16.2595691681, -35.4834938049, 17.0560646057, -11.8807497025], [-845.636962891, 425.87487793, 46.1849975586, 2.26522612572, 459.146972656, 7.56418466568, 108.250823975, -71.5650100708, 33.3059310913, -28.9705314636, 10.6029624939, -31.6931877136, 13.6085424423], [77.2995986938, -182.043807983, 116.819297791, 50.8520965576, 7.56418466568, 235.703842163, 57.2436065674, 18.3579826355, -8.32557487488, 22.5839328766, -2.64150428772, -14.1326560974, -41.7502326965], [-198.225570679, 128.541519165, -8.73270702362, -23.0823764801, 108.250823975, 57.2436065674, 218.099731445, 17.012260437, 31.5323143005, 26.619977951, 7.73184871674, -23.6066036224, -29.6599693298], [267.18862915, -168.624252319, 26.1997280121, 16.0141429901, -71.5650100708, 18.3579826355, 17.012260437, 142.756576538, 25.8328762054, 16.5932846069, 3.789696455, 6.49020147324, -3.66434550285], [-132.78527832, 117.958518982, 13.6184406281, -19.888343811, 33.3059310913, -8.32557487488, 31.5323143005, 25.8328762054, 110.992637634, 24.5456829071, 2.24871516228, -0.809905409813, 7.07645702362], [193.45765686, -131.440139771, -7.99054431915, -16.2595691681, -28.9705314636, 22.5839328766, 26.619977951, 16.5932846069, 24.5456829071, 114.479248047, 24.952955246, 12.0179805756, -13.2109603882], [10.7651119232, 87.0565414429, -66.5149078369, -35.4834938049, 10.6029624939, -2.64150428772, 7.73184871674, 3.789696455, 2.24871516228, 24.952955246, 103.149154663, 19.2478656769, 2.92925357819], [101.433418274, -107.366844177, 34.8884277344, 17.0560646057, -31.6931877136, -14.1326560974, -23.6066036224, 6.49020147324, -0.809905409813, 12.0179805756, 19.2478656769, 87.9126815796, 30.6698608398], [-151.863479614, 110.790267944, -0.302748262882, -11.8807497025, 13.6085424423, -41.7502326965, -29.6599693298, -3.66434550285, 7.07645702362, -13.2109603882, 2.92925357819, 30.6698608398, 100.192153931]], "icov": [[0.000284993031528, 0.000197580389795, 0.000162638025358, -9.72445632215e-05, 0.00026836807956, 3.95873394154e-05, 4.29241117672e-05, -0.000181654162589, 7.01309545548e-05, -0.000148677761899, -0.000115044516861, -1.94554413611e-05, 0.000173320484464], [0.000197580389795, 0.00186525052413, 0.000213139719563, 0.00103281601332, -0.000508729426656, 0.000692372093908, -0.000769257370848, 0.00142492773011, -0.00179347221274, 0.00205344404094, -0.00182117079385, 0.00205341819674, -0.00163585820701], [0.000162638025358, 0.000213139719563, 0.00173116836231, -0.00041169708129, -0.000228483579122, -0.000755985092837, 0.000306863104925, -0.000304462271743, -0.000364698003978, 6.79037038935e-05, 0.000921130937058, -0.000859656545799, 3.38913087035e-05], [-9.72445632215e-05, 0.00103281601332, -0.00041169708129, 0.0030909453053, -0.000711633940227, 0.000106439329102, -0.000205935662962, 0.000699314463418, -0.000785899057519, 0.00161567446776, -0.000487349549076, 0.000734893197659, -0.000760724360589], [0.00026836807956, -0.000508729426656, -0.000228483579122, -0.000711633940227, 0.00371890352108, -9.64114369708e-05, -0.00139101117384, 0.00108898733743, -0.000218102955841, 6.0867103457e-05, -0.000368898297893, 0.000267673720373, -8.07321703178e-05], [3.95873394154e-05, 0.000692372093908, -0.000755985092837, 0.000106439329102, -9.64114369708e-05, 0.00571717275307, -0.00159126496874, 0.000210711717955, 0.000268278759904, -9.76163028099e-06, -0.00107421993744, 0.00148270698264, 0.000794122810476], [4.29241117672e-05, -0.000769257370848, 0.000306863104925, -0.000205935662962, -0.00139101117384, -0.00159126496874, 0.00681476201862, -0.00200716662221, -5.77937389608e-05, -0.00218973937444, 0.00100659334566, -0.000544158217963, 0.00221451278776], [-0.000181654162589, 0.00142492773011, -0.000304462271743, 0.000699314463418, 0.00108898733743, 0.000210711717955, -0.00200716662221, 0.0101496763527, -0.00395909743384, 0.00214474345557, -0.00220369827002, 0.00192923401482, -0.00201577716507], [7.01309545548e-05, -0.00179347221274, -0.000364698003978, -0.000785899057519, -0.000218102955841, 0.000268278759904, -5.77937389608e-05, -0.00395909743384, 0.0128737716004, -0.00482029421255, 0.00237393262796, -0.00179213413503, 0.000909037946258], [-0.000148677761899, 0.00205344404094, 6.79037038935e-05, 0.00161567446776, 6.0867103457e-05, -9.76163028099e-06, -0.00218973937444, 0.00214474345557, -0.00482029421255, 0.0135688288137, -0.00437617162243, 0.000997769995593, -0.000934239185881], [-0.000115044516861, -0.00182117079385, 0.000921130937058, -0.000487349549076, -0.000368898297893, -0.00107421993744, 0.00100659334566, -0.00220369827002, 0.00237393262796, -0.00437617162243, 0.0136278271675, -0.00532869575545, 0.00209233863279], [-1.94554413611e-05, 0.00205341819674, -0.000859656545799, 0.000734893197659, 0.000267673720373, 0.00148270698264, -0.000544158217963, 0.00192923401482, -0.00179213413503, 0.000997769995593, -0.00532869575545, 0.0174887608737, -0.00666416855529], [0.000173320484464, -0.00163585820701, 3.38913087035e-05, -0.000760724360589, -8.07321703178e-05, 0.000794122810476, 0.00221451278776, -0.00201577716507, 0.000909037946258, -0.000934239185881, 0.00209233863279, -0.00666416855529, 0.0146774463356]], "mean": [-34.4232978821, 111.356422424, -73.1481933594, 38.0331230164, -46.6363067627, 14.6483659744, -25.4765815735, 0.0592293068767, -18.4143810272, 3.25221800804, -8.14614486694, 3.49318528175, -9.42295265198]}, "melbands_spread": {"min": 0.263455927372, "max": 270.456176758, "dvar2": 369.267333984, "median": 6.00524139404, "dmean2": 8.2466468811, "dmean": 5.27383422852, "var": 362.082458496, "dvar": 175.019622803, "mean": 11.0549812317}, "spectral_energy": {"min": 1.79669097378e-08, "max": 0.483616411686, "dvar2": 0.00858322717249, "median": 0.0294729471207, "dmean2": 0.0379337072372, "dmean": 0.023052142933, "var": 0.00292567838915, "dvar": 0.00326131749898, "mean": 0.0434124171734}, "mfcc": {"cov": [[6127.01220703, -2020.01940918, 51.9906845093, -18.3208465576, -482.899383545, -288.217895508, -128.757369995, -45.1730766296, -221.921340942, 122.899650574, 40.7911834717, 7.71458339691, 3.66248106956], [-2020.01940918, 2074.85595703, -497.499053955, -157.508605957, 111.577331543, 22.7654514313, 20.0149269104, -39.8178863525, 60.9714775085, -54.1281204224, 2.85106563568, -7.53616142273, 15.9682712555], [51.9906845093, -497.499053955, 721.595703125, 65.5459136963, 59.0910072327, 37.6396217346, -17.0868415833, 57.365524292, 26.7865009308, 26.9173278809, -27.2698726654, -8.81931686401, -22.7178535461], [-18.3208465576, -157.508605957, 65.5459136963, 356.909179688, 95.6660995483, 43.3853683472, 9.27904891968, 30.2141113281, 30.5629615784, -25.3134059906, -8.50483131409, -0.411612063646, -11.3625211716], [-482.899383545, 111.577331543, 59.0910072327, 95.6660995483, 265.197967529, 65.7753601074, 24.1680374146, 15.6243782043, 30.6606578827, -27.0457077026, -23.7099132538, -6.5074224472, -3.0265891552], [-288.217895508, 22.7654514313, 37.6396217346, 43.3853683472, 65.7753601074, 234.516525269, 78.5201187134, 26.5075473785, 26.7583637238, 5.41834974289, 33.9716377258, 24.7718544006, 7.50377321243], [-128.757369995, 20.0149269104, -17.0868415833, 9.27904891968, 24.1680374146, 78.5201187134, 167.321212769, 35.4442443848, 9.71530628204, 19.7365608215, 28.8765411377, 14.6032590866, 13.3060798645], [-45.1730766296, -39.8178863525, 57.365524292, 30.2141113281, 15.6243782043, 26.5075473785, 35.4442443848, 118.718467712, 25.6938552856, 13.418381691, 13.1081323624, 1.74146354198, 4.74309682846], [-221.921340942, 60.9714775085, 26.7865009308, 30.5629615784, 30.6606578827, 26.7583637238, 9.71530628204, 25.6938552856, 128.323455811, 23.5332336426, -1.92802202702, 8.41512012482, -8.16815185547], [122.899650574, -54.1281204224, 26.9173278809, -25.3134059906, -27.0457077026, 5.41834974289, 19.7365608215, 13.418381691, 23.5332336426, 108.325675964, 42.1075744629, -0.19977389276, 4.89828252792], [40.7911834717, 2.85106563568, -27.2698726654, -8.50483131409, -23.7099132538, 33.9716377258, 28.8765411377, 13.1081323624, -1.92802202702, 42.1075744629, 100.264732361, 38.9165725708, 10.7974834442], [7.71458339691, -7.53616142273, -8.81931686401, -0.411612063646, -6.5074224472, 24.7718544006, 14.6032590866, 1.74146354198, 8.41512012482, -0.19977389276, 38.9165725708, 88.0587310791, 24.4437141418], [3.66248106956, 15.9682712555, -22.7178535461, -11.3625211716, -3.0265891552, 7.50377321243, 13.3060798645, 4.74309682846, -8.16815185547, 4.89828252792, 10.7974834442, 24.4437141418, 87.1110458374]], "icov": [[0.000314060394885, 0.000305183435557, 0.000158454204211, -3.03096239804e-05, 0.000297746970318, 0.000191646060557, 0.000105773324321, 9.88096303445e-07, 0.000312680582283, -0.00028827751521, 3.80573292205e-05, -8.54436657391e-05, 1.06364432213e-05], [0.000305183435557, 0.000970760011114, 0.000613050477114, 0.000365671352483, -0.000148934690515, 0.00014066931908, 0.000126738872495, 5.51133016415e-05, -0.000204113719519, 0.000121492339531, -0.000194788794033, 0.000172953979927, -7.32147454983e-05], [0.000158454204211, 0.000613050477114, 0.00197554752231, 7.97624743427e-05, -0.0003856071271, -0.000261437206063, 0.000532712321728, -0.000772253493778, 2.44285456574e-06, -0.000750156934373, 0.000774834945332, -0.000244180206209, 0.000391258101445], [-3.03096239804e-05, 0.000365671352483, 7.97624743427e-05, 0.00349815865047, -0.00122157926671, -0.000267035589786, 0.000116635303129, -0.000540336652193, -0.000840504770167, 0.00111454853322, -0.000447513768449, 0.000246146693826, 0.000248416356044], [0.000297746970318, -0.000148934690515, -0.0003856071271, -0.00122157926671, 0.00531550031155, -0.000876274367329, -0.000317164813168, 3.10934810841e-05, -0.000207360528293, 0.000467532197945, 0.00105166551657, 0.000212518687476, -0.00017392342852], [0.000191646060557, 0.00014066931908, -0.000261437206063, -0.000267035589786, -0.000876274367329, 0.00593352550641, -0.00221927766688, 3.81961690437e-05, -0.000584109395277, 0.000565704482142, -0.00179513101466, -0.000532818841748, -5.60660919291e-05], [0.000105773324321, 0.000126738872495, 0.000532712321728, 0.000116635303129, -0.000317164813168, -0.00221927766688, 0.00785352662206, -0.00189882970881, 0.000502188224345, -0.00119475915562, -0.000556779501494, -0.000265506736469, -0.000531828321982], [9.88096303445e-07, 5.51133016415e-05, -0.000772253493778, -0.000540336652193, 3.10934810841e-05, 3.81961690437e-05, -0.00189882970881, 0.0100565589964, -0.00180663529318, 0.000209922189242, -0.00148948945571, 0.00109872943722, -0.0008466480067], [0.000312680582283, -0.000204113719519, 2.44285456574e-06, -0.000840504770167, -0.000207360528293, -0.000584109395277, 0.000502188224345, -0.00180663529318, 0.0101376790553, -0.00386407505721, 0.00268578180112, -0.00253531569615, 0.001526419539], [-0.00028827751521, 0.000121492339531, -0.000750156934373, 0.00111454853322, 0.000467532197945, 0.000565704482142, -0.00119475915562, 0.000209922189242, -0.00386407505721, 0.0140147907659, -0.00710891420022, 0.00393762486055, -0.00129596248735], [3.80573292205e-05, -0.000194788794033, 0.000774834945332, -0.000447513768449, 0.00105166551657, -0.00179513101466, -0.000556779501494, -0.00148948945571, 0.00268578180112, -0.00710891420022, 0.0171358920634, -0.00740218628198, 0.00113977584988], [-8.54436657391e-05, 0.000172953979927, -0.000244180206209, 0.000246146693826, 0.000212518687476, -0.000532818841748, -0.000265506736469, 0.00109872943722, -0.00253531569615, 0.00393762486055, -0.00740218628198, 0.0162077993155, -0.00411528395489], [1.06364432213e-05, -7.32147454983e-05, 0.000391258101445, 0.000248416356044, -0.00017392342852, -5.60660919291e-05, -0.000531828321982, -0.0008466480067, 0.001526419539, -0.00129596248735, 0.00113977584988, -0.00411528395489, 0.0129826255143]], "mean": [-692.931945801, 143.398406982, 32.1497840881, 33.8757667542, 9.01132583618, 18.0369091034, 4.97663259506, 5.35057401657, -3.61556410789, 2.11947321892, 0.0377552993596, 3.61181640625, 0.23181642592]}, "spectral_contrast_valleys": {"min": [-27.4901676178, -27.1349124908, -27.1387195587, -27.2379150391, -27.2252635956, -27.3369312286], "max": [-4.82807254791, -4.87679576874, -5.72912597656, -5.92848968506, -5.21985673904, -6.76888465881], "dvar2": [0.225380674005, 0.200512573123, 0.18435074389, 0.286963194609, 0.534543991089, 0.429965376854], "median": [-6.46101856232, -7.09707641602, -8.03398036957, -8.57701873779, -8.31566143036, -10.4713153839], "dmean2": [0.510436892509, 0.513271510601, 0.481133937836, 0.489335685968, 0.50730830431, 0.46077466011], "dmean": [0.312676757574, 0.320322096348, 0.304279655218, 0.312820285559, 0.341192007065, 0.36764100194], "var": [0.571177840233, 0.654648244381, 0.596163570881, 0.608711004257, 1.01315188408, 1.61887395382], "dvar": [0.106550581753, 0.0922598838806, 0.0890076309443, 0.142079904675, 0.258170038462, 0.250671476126], "mean": [-6.57915639877, -7.13362503052, -8.06347846985, -8.58971214294, -8.34172344208, -10.6161956787]}, "barkbands_flatness_db": {"min": 0.0270106270909, "max": 0.487697452307, "dvar2": 0.00312781194225, "median": 0.201568290591, "dmean2": 0.04514561221, "dmean": 0.0291854143143, "var": 0.00493439845741, "dvar": 0.0012793779606, "mean": 0.203857049346}, "dynamic_complexity": 3.15885519981, "erbbands_flatness_db": {"min": 0.0168663263321, "max": 0.330576717854, "dvar2": 0.000933228002395, "median": 0.150863423944, "dmean2": 0.029820760712, "