{"lowlevel": {"spectral_complexity": {"min": 0, "max": 55, "dvar2": 79.9216766357, "median": 11, "dmean2": 6.96201753616, "dmean": 4.84150695801, "var": 117.012542725, "dvar": 38.8789329529, "mean": 13.3455600739}, "silence_rate_20dB": {"min": 1, "max": 1, "dvar2": 0, "median": 1, "dmean2": 0, "dmean": 0, "var": 0, "dvar": 0, "mean": 1}, "average_loudness": 0.914770662785, "erbbands_spread": {"min": 1.24754536152, "max": 209.984390259, "dvar2": 705.063232422, "median": 41.7925300598, "dmean2": 23.087978363, "dmean": 15.4690132141, "var": 784.647827148, "dvar": 301.526092529, "mean": 47.3769760132}, "spectral_kurtosis": {"min": -1.53981864452, "max": 65.2327423096, "dvar2": 18.7711830139, "median": 3.37668895721, "dmean2": 2.66395330429, "dmean": 1.68190193176, "var": 14.1130094528, "dvar": 7.58085298538, "mean": 4.20380020142}, "barkbands_kurtosis": {"min": -1.94857811928, "max": 1734.13366699, "dvar2": 11065.3271484, "median": 5.79224967957, "dmean2": 37.5955810547, "dmean": 24.7633724213, "var": 10919.7373047, "dvar": 5412.19677734, "mean": 34.0985794067}, "spectral_strongpeak": {"min": 0, "max": 12.4798727036, "dvar2": 1.5039588213, "median": 0.484727799892, "dmean2": 0.693515658379, "dmean": 0.421377897263, "var": 0.776385366917, "dvar": 0.583287715912, "mean": 0.716901659966}, "spectral_spread": {"min": 1316224.125, "max": 39548196, "dvar2": 2719704678400.0, "median": 5116684.5, "dmean2": 1292643.875, "dmean": 916016.875, "var": 4144154017790.0, "dvar": 1413598019580.0, "mean": 5421990.5}, "spectral_rms": {"min": 1.5711502499e-07, "max": 0.0166754052043, "dvar2": 6.4043238126e-06, "median": 0.00499829370528, "dmean2": 0.00214426242746, "dmean": 0.00151829863898, "var": 1.41242126119e-05, "dvar": 3.46845467902e-06, "mean": 0.00572276907042}, "erbbands": {"min": [2.16506240019e-11, 1.28823965384e-10, 3.81356529688e-10, 6.24833185192e-10, 1.15255460731e-09, 1.01032637811e-09, 2.3500388302e-09, 2.04595562714e-09, 2.86112333825e-09, 3.11297077005e-09, 5.04706454407e-09, 4.60730964491e-09, 1.35374744747e-09, 3.49730133742e-09, 5.80529668781e-09, 9.27704402187e-09, 4.50053638801e-09, 1.12159783683e-08, 9.16424269803e-09, 2.39650912448e-08, 1.16068354927e-08, 1.14751443903e-08, 1.37678934919e-08, 2.45625813022e-08, 3.70696433549e-08, 3.30019851447e-08, 3.58094638386e-08, 3.30782263802e-08, 7.12671237579e-08, 6.74234215126e-08, 5.03402262098e-08, 2.65235335917e-08, 4.71223877696e-08, 3.65287107229e-08, 1.46451997196e-08, 1.28630333052e-08, 5.38943689676e-09, 1.17807130717e-09, 4.35809777155e-10, 7.29732108073e-11], "max": [12.2478094101, 61.8749351501, 184.754104614, 188.610473633, 450.28338623, 406.365356445, 303.758270264, 647.508422852, 468.84185791, 395.01461792, 386.628387451, 828.320495605, 1429.04333496, 1427.8293457, 1015.53674316, 969.076293945, 1095.14697266, 531.905578613, 753.208251953, 990.600402832, 758.682922363, 505.41229248, 635.697692871, 1208.48706055, 370.880279541, 223.898849487, 224.907989502, 190.973724365, 208.502960205, 177.126403809, 163.396560669, 110.711669922, 172.088317871, 101.772926331, 88.4435195923, 25.2978248596, 7.43723058701, 1.26037657261, 0.143471866846, 0.0101831546053], "dvar2": [1.62815964222, 114.968360901, 1372.11303711, 1013.23907471, 2608.73242188, 1454.53430176, 379.579040527, 828.489685059, 1410.82275391, 1233.8314209, 1095.27099609, 2816.45947266, 2138.18286133, 3878.6394043, 2151.45996094, 2377.61352539, 2926.63330078, 2703.27416992, 2904.71264648, 3833.00927734, 1919.22875977, 851.758239746, 1288.57580566, 1905.97766113, 783.205444336, 438.756896973, 368.868621826, 236.705337524, 164.226959229, 100.576522827, 93.3234329224, 50.2784729004, 39.0107574463, 22.5726833344, 8.97410106659, 2.13587069511, 0.146240532398, 0.00441250903532, 5.98461847403e-05, 4.98109727687e-07], "median": [0.22122374177, 0.983871459961, 0.95813113451, 1.23284482956, 2.00715875626, 2.2153236866, 2.3605287075, 2.22576355934, 1.87656104565, 1.67425596714, 2.11881661415, 2.810287714, 2.97875905037, 3.1348657608, 4.30478239059, 3.98277974129, 4.92376708984, 4.69162464142, 6.16157341003, 5.31170892715, 4.55640697479, 3.50044369698, 3.31547403336, 4.16011571884, 3.72586083412, 3.21414136887, 2.80664348602, 2.09405970573, 1.42686188221, 1.20892369747, 1.2257488966, 0.893325746059, 0.40617582202, 0.210294127464, 0.105125650764, 0.0405118130147, 0.0146181937307, 0.00296706822701, 0.00028838700382, 6.28669149592e-05], "dmean2": [0.767164647579, 5.28660488129, 12.7481384277, 13.1959609985, 19.5514373779, 15.4819869995, 9.30635356903, 11.4558334351, 16.2678852081, 13.615316391, 13.9020376205, 21.1547374725, 19.4643268585, 23.1556015015, 19.4131622314, 18.0418300629, 22.8166732788, 21.7478218079, 27.3117656708, 28.5161685944, 21.9895973206, 13.8803081512, 15.9545764923, 19.1165809631, 13.9674434662, 10.5328674316, 9.25124263763, 7.04484319687, 5.22926712036, 4.28430938721, 3.92229366302, 2.68739676476, 1.79705667496, 1.30534040928, 0.779848217964, 0.367400765419, 0.121810786426, 0.0240246672183, 0.0026747006923, 0.000211102640606], "dmean": [0.583726286888, 3.34943652153, 7.4003071785, 7.76994943619, 12.9894971848, 9.79685020447, 5.84192943573, 7.23557901382, 9.70223522186, 7.87822818756, 8.43348121643, 13.1669282913, 12.5579776764, 14.8092947006, 12.6169710159, 11.5977506638, 14.5130376816, 13.6291694641, 17.2134647369, 17.4047603607, 13.7440366745, 8.82268428802, 9.9500541687, 12.1320199966, 8.65523815155, 6.45768880844, 5.68982219696, 4.33257341385, 3.3218755722, 2.88112831116, 2.68724155426, 1.82934045792, 1.19289660454, 0.909653663635, 0.557505309582, 0.260537683964, 0.0873158723116, 0.0173697452992, 0.0019303727895, 0.000142883669469], "var": [3.41946530342, 76.6716995239, 369.874481201, 290.909515381, 1550.58435059, 600.235717773, 297.753723145, 654.707580566, 629.566711426, 412.621368408, 509.991638184, 1851.57543945, 2050.56860352, 3091.93945312, 2542.73168945, 2560.15039062, 1920.32055664, 1508.33605957, 2448.91723633, 1863.2989502, 1317.59399414, 604.750366211, 854.847229004, 1616.53393555, 491.630310059, 223.370605469, 190.71913147, 123.57611084, 102.440322876, 83.7122879028, 80.2543563843, 33.4443740845, 17.684720993, 15.6821050644, 7.68465948105, 1.45414614677, 0.106850117445, 0.00364679517224, 4.39783398178e-05, 2.44162293939e-07], "dvar": [1.00771057606, 47.3962860107, 510.680786133, 380.906524658, 1268.84472656, 601.116516113, 165.468490601, 380.207672119, 553.431884766, 468.271942139, 433.949645996, 1151.46606445, 982.959655762, 1658.62158203, 1010.0557251, 1002.83874512, 1208.09240723, 1047.48791504, 1263.63879395, 1532.02502441, 811.569580078, 354.920257568, 543.922058105, 879.886962891, 316.120452881, 169.984298706, 143.972976685, 93.3876266479, 70.0635147095, 48.5738372803, 46.8925704956, 22.7003898621, 15.6508750916, 10.6175670624, 4.50967359543, 1.00650024414, 0.06961081177, 0.00220857886598, 2.83853241854e-05, 2.02830719331e-07], "mean": [1.08635485172, 4.92947149277, 6.44413518906, 7.16535758972, 14.0175018311, 10.4517660141, 8.14353179932, 9.56446075439, 10.5354785919, 7.59133863449, 9.48860931396, 16.6015968323, 18.0807781219, 21.1285915375, 19.0891551971, 17.8342113495, 20.0372581482, 18.7823581696, 24.2947044373, 21.0745925903, 17.7103633881, 11.8542451859, 13.080121994, 16.8265571594, 12.0734300613, 9.02794075012, 7.94060468674, 6.13770484924, 4.72248315811, 4.35802221298, 4.12153577805, 2.73611116409, 1.6547498703, 1.22093951702, 0.74362975359, 0.330633372068, 0.110790394247, 0.0221449062228, 0.00246745417826, 0.000202697658096]}, "zerocrossingrate": {"min": 0.001953125, "max": 0.47607421875, "dvar2": 0.000597983016632, "median": 0.04296875, "dmean2": 0.0178247243166, "dmean": 0.0156226633117, "var": 0.00250272033736, "dvar": 0.000512180500664, "mean": 0.0543612316251}, "spectral_contrast_coeffs": {"min": [-0.959807276726, -0.976364254951, -0.961891531944, -0.957384467125, -0.958122730255, -0.958998739719], "max": [-0.223320960999, -0.322372168303, -0.363352477551, -0.473158299923, -0.518775641918, -0.558472514153], "dvar2": [0.0074722673744, 0.00614909315482, 0.00387471239083, 0.00242926669307, 0.00130642822478, 0.00111181254033], "median": [-0.692027449608, -0.749139547348, -0.790592432022, -0.790336370468, -0.808856070042, -0.782040119171], "dmean2": [0.099573738873, 0.0947251617908, 0.0748828500509, 0.0592773593962, 0.0421667322516, 0.0351989530027], "dmean": [0.0649144351482, 0.0597806870937, 0.049013633281, 0.0397285111248, 0.0281031094491, 0.0231717396528], "var": [0.0115157496184, 0.00934449769557, 0.0086458325386, 0.005727017764, 0.00310854520649, 0.00205126334913], "dvar": [0.00350257894024, 0.00268432218581, 0.00191534671467, 0.00121436757036, 0.000679539982229, 0.00049351376947], "mean": [-0.672149777412, -0.7335755229, -0.770887732506, -0.776405513287, -0.798971116543, -0.778989374638]}, "dissonance": {"min": 0.180880412459, "max": 0.500000119209, "dvar2": 0.00149207143113, "median": 0.474063783884, "dmean2": 0.0359746851027, "dmean": 0.0220670998096, "var": 0.00146901549306, "dvar": 0.000623106840067, "mean": 0.461383879185}, "spectral_energyband_high": {"min": 1.57955263452e-11, "max": 0.0163489207625, "dvar2": 2.19770504373e-06, "median": 0.000332303752657, "dmean2": 0.000741125142667, "dmean": 0.000510409940034, "var": 1.92368042917e-06, "dvar": 1.02383205558e-06, "mean": 0.000845710863359}, "spectral_skewness": {"min": -0.692055702209, "max": 5.94479942322, "dvar2": 0.26116541028, "median": 1.43578016758, "dmean2": 0.415224313736, "dmean": 0.271485447884, "var": 0.298396348953, "dvar": 0.112100332975, "mean": 1.51360988617}, "spectral_flux": {"min": 1.26257955344e-05, "max": 0.496475070715, "dvar2": 0.00608819816262, "median": 0.0878025442362, "dmean2": 0.0686564669013, "dmean": 0.0449393168092, "var": 0.00718609523028, "dvar": 0.00330688431859, "mean": 0.108442083001}, "silence_rate_30dB": {"min": 0, "max": 1, "dvar2": 0.158764660358, "median": 1, "dmean2": 0.165088221431, "dmean": 0.0825358852744, "var": 0.133284330368, "dvar": 0.0757272318006, "mean": 0.841622650623}, "spectral_energyband_middle_high": {"min": 2.80683289111e-12, "max": 0.0368932448328, "dvar2": 2.77303788607e-05, "median": 0.00199950719252, "dmean2": 0.00313780247234, "dmean": 0.00203066994436, "var": 2.58210402535e-05, "dvar": 1.09422526293e-05, "mean": 0.00400771060959}, "barkbands_spread": {"min": 0.0740824267268, "max": 130.809768677, "dvar2": 335.305755615, "median": 15.2312011719, "dmean2": 13.9750900269, "dmean": 8.9359664917, "var": 320.70791626, "dvar": 149.352554321, "mean": 19.7328205109}, "spectral_centroid": {"min": 76.3882904053, "max": 11382.7255859, "dvar2": 568422.625, "median": 1181.24072266, "dmean2": 640.626037598, "dmean": 419.598876953, "var": 743101.3125, "dvar": 274593.46875, "mean": 1341.64990234}, "pitch_salience": {"min": 0.0155475242063, "max": 0.909147679806, "dvar2": 0.0217952486128, "median": 0.456639945507, "dmean2": 0.160030946136, "dmean": 0.101373627782, "var": 0.0311928670853, "dvar": 0.00924059003592, "mean": 0.438292682171}, "erbbands_skewness": {"min": -7.58987474442, "max": 7.61024475098, "dvar2": 0.908642888069, "median": 0.280419886112, "dmean2": 0.900655031204, "dmean": 0.598334312439, "var": 1.26254177094, "dvar": 0.417568385601, "mean": 0.350776255131}, "erbbands_crest": {"min": 2.38142323494, "max": 32.2953720093, "dvar2": 23.397315979, "median": 8.76443862915, "dmean2": 5.47357368469, "dmean": 3.38924074173, "var": 22.7477684021, "dvar": 9.61785507202, "mean": 9.87030506134}, "melbands": {"min": [1.87603472796e-13, 2.10655088208e-13, 1.28599713344e-13, 7.72358116049e-14, 7.39007650647e-14, 4.65338488229e-14, 4.84263203268e-14, 2.95204026426e-14, 4.64009764585e-14, 2.54441294287e-14, 5.54337578309e-15, 1.28413540584e-14, 1.75708243528e-14, 2.96803326274e-14, 1.48822028648e-14, 1.04710771981e-14, 2.14422375661e-14, 1.19483611034e-14, 2.64916550746e-14, 2.85871281887e-14, 1.04735496873e-14, 1.07978955435e-14, 1.33902051502e-14, 9.55810273593e-15, 2.08389298791e-14, 2.62262762641e-14, 2.92636195224e-14, 1.97533910886e-14, 2.60391887089e-14, 1.38488472331e-14, 2.03881457208e-14, 4.9716700483e-14, 2.5915017067e-14, 4.09711429009e-14, 3.38600031531e-14, 1.74501882264e-14, 1.16691900554e-14, 3.63159684074e-14, 2.78914125953e-14, 3.24602947603e-14], "max": [0.0824583619833, 0.0776035562158, 0.0319440253079, 0.0352327674627, 0.00794283580035, 0.0125103974715, 0.00606219191104, 0.00416101375595, 0.00426201801747, 0.00523176649585, 0.00701783690602, 0.00547736370936, 0.00297949044034, 0.00466808397323, 0.00206915475428, 0.00209086993709, 0.00106359703932, 0.00157134712208, 0.00142738188151, 0.00116691831499, 0.00093112164177, 0.000551052682567, 0.000502677634358, 0.00102016632445, 0.00107911915984, 0.000522934715264, 0.000242423499003, 0.000184229254955, 0.000159750517923, 0.000162426556926, 0.000125766717247, 0.00013352787937, 0.000111027984531, 0.000105547776911, 0.00011516718223, 9.59957469604e-05, 6.48151035421e-05, 9.76684605121e-05, 0.000108254578663, 8.75519908732e-05], "dvar2": [0.00013985404803, 0.000215271982597, 2.78976185655e-05, 1.56166443048e-05, 4.15078233118e-07, 3.67398030221e-07, 3.19436651353e-07, 1.26576253479e-07, 8.17518071017e-08, 1.04437411608e-07, 5.68775497811e-08, 6.70742750231e-08, 3.21301882877e-08, 1.88471975804e-08, 1.64946563075e-08, 1.47505749837e-08, 1.11943716519e-08, 1.01519743723e-08, 8.17697198841e-09, 6.97427715579e-09, 2.72828915016e-09, 1.11222175914e-09, 1.09313558205e-09, 1.82712023289e-09, 1.5928701691e-09, 7.36873118079e-10, 3.64733132585e-10, 2.01512764808e-10, 1.7102692873e-10, 1.26174348747e-10, 8.17132056463e-11, 5.96613383697e-11, 4.55845187985e-11, 3.54124299329e-11, 3.6282237631e-11, 2.85360571978e-11, 1.77710970939e-11, 1.65849608352e-11, 2.63278114587e-11, 1.69927006494e-11], "median": [0.00196445174515, 0.000943030929193, 0.000263606460067, 0.000165974866832, 9.27063010749e-05, 5.25355135323e-05, 2.67169543804e-05, 1.64250031958e-05, 1.50642481458e-05, 1.5112710571e-05, 1.18800489872e-05, 1.05941999209e-05, 1.24328935271e-05, 9.89858835965e-06, 7.5281750469e-06, 9.10849757929e-06, 6.60540990793e-06, 8.54972859088e-06, 6.36725235381e-06, 5.62731656828e-06, 4.44069064542e-06, 3.23638460031e-06, 2.68518306257e-06, 2.71983549283e-06, 3.17812236972e-06, 2.6739853638e-06, 2.29458260037e-06, 1.85095359484e-06, 1.71597480403e-06, 1.3210490124e-06, 1.08727363113e-06, 8.01046041943e-07, 6.30295289739e-07, 6.46252544811e-07, 6.86029181907e-07, 6.24756580692e-07, 4.62086177322e-07, 2.83567089809e-07, 1.9675556473e-07, 1.63098718531e-07], "dmean2": [0.00670590763912, 0.00595315452665, 0.00241357693449, 0.00143056723755, 0.000323548767483, 0.000257210922427, 0.000245556293521, 0.000141137163155, 0.000118883916002, 0.000133264504257, 9.99665135168e-05, 9.7686832305e-05, 7.29096063878e-05, 5.21713918715e-05, 4.79360387544e-05, 5.30312536284e-05, 4.29691499448e-05, 4.78617403132e-05, 4.10553875554e-05, 3.87614818464e-05, 2.47266852966e-05, 1.50865025716e-05, 1.46258244058e-05, 1.60209528985e-05, 1.67250400409e-05, 1.21820366985e-05, 9.3704838946e-06, 6.92610547048e-06, 6.24528684057e-06, 5.11759071742e-06, 4.02102250519e-06, 3.18273077937e-06, 2.5783485853e-06, 2.52633003583e-06, 2.46986746788e-06, 2.04309935725e-06, 1.59966566571e-06, 1.28689089252e-06, 1.29945442495e-06, 1.08647611796e-06], "dmean": [0.00465458538383, 0.00372573174536, 0.00145705393516, 0.000946520885918, 0.000202701950911, 0.000163061049534, 0.00014545104932, 8.21308785817e-05, 7.26567814127e-05, 8.31266879686e-05, 6.42258964945e-05, 6.23335799901e-05, 4.7129131417e-05, 3.38483223459e-05, 3.04256518575e-05, 3.323960118e-05, 2.6869291105e-05, 3.05473076878e-05, 2.49964032264e-05, 2.341358595e-05, 1.54809749802e-05, 9.51459514908e-06, 8.9945824584e-06, 9.86431041383e-06, 1.05398203232e-05, 7.59023805585e-06, 5.67051029066e-06, 4.2379297156e-06, 3.8335156205e-06, 3.10017594529e-06, 2.46004310611e-06, 1.99728606276e-06, 1.65804533481e-06, 1.68163023773e-06, 1.66033407822e-06, 1.3877291849e-06, 1.06617414986e-06, 8.3941711182e-07, 8.67815970196e-07, 7.51368474994e-07], "var": [0.000190879436559, 9.29995148908e-05, 9.63922320807e-06, 7.86272175901e-06, 2.90021944238e-07, 3.00448334656e-07, 1.30696818701e-07, 4.52623361014e-08, 4.35710454383e-08, 7.1791788514e-08, 5.64171749318e-08, 5.27195034294e-08, 2.88489427902e-08, 4.37078639948e-08, 1.33315838369e-08, 9.02913299683e-09, 6.45609521399e-09, 1.01053991841e-08, 4.33449054427e-09, 3.70873465272e-09, 1.91768867452e-09, 8.111409322e-10, 6.22480844648e-10, 9.55743484354e-10, 1.28337251937e-09, 4.81394035745e-10, 1.7867297919e-10, 1.00268585101e-10, 8.81779579909e-11, 5.86956941384e-11, 4.14289019757e-11, 3.79064696299e-11, 2.63353332197e-11, 2.98666473497e-11, 3.13898629312e-11, 1.96624105886e-11, 1.10124652453e-11, 7.42991865949e-12, 1.26776124321e-11, 1.1417779916e-11], "dvar": [6.73905014992e-05, 8.81268424564e-05, 1.09954125946e-05, 7.08316565579e-06, 1.7537831809e-07, 1.68176455873e-07, 1.23252064554e-07, 4.89289924133e-08, 3.29696590029e-08, 4.33247215881e-08, 2.62352788383e-08, 2.85548296119e-08, 1.45813014996e-08, 9.26581833482e-09, 6.99686086847e-09, 5.92287330292e-09, 4.43562253594e-09, 4.70372762962e-09, 3.40330208459e-09, 2.75581224507e-09, 1.17516152365e-09, 4.72903050053e-10, 4.54072029976e-10, 7.10648095925e-10, 7.3712247417e-10, 3.09975073387e-10, 1.41962414046e-10, 7.83883721822e-11, 6.71449770784e-11, 4.83162086728e-11, 3.22692324251e-11, 2.5770274803e-11, 1.91150793111e-11, 1.75342882575e-11, 1.83488745031e-11, 1.32304176295e-11, 7.81429001367e-12, 6.58463474718e-12, 1.09329533274e-11, 7.93919444075e-12], "mean": [0.00844426173717, 0.00446750223637, 0.00144042505417, 0.000997852999717, 0.000284158246359, 0.000220357629587, 0.000153426401084, 7.94105726527e-05, 8.18800908746e-05, 0.00010398588347, 9.05923297978e-05, 8.69289069669e-05, 6.64095641696e-05, 5.32215162821e-05, 4.2377065256e-05, 4.34458597738e-05, 3.4759646951e-05, 4.25642101618e-05, 2.93630619126e-05, 2.68554813374e-05, 1.92165207409e-05, 1.23346271721e-05, 1.0803943951e-05, 1.23237923617e-05, 1.40730244311e-05, 1.00834249679e-05, 7.23819948689e-06, 5.65921982343e-06, 5.15949022883e-06, 4.10407528761e-06, 3.36322045769e-06, 2.72585862149e-06, 2.3230095394e-06, 2.47299976763e-06, 2.47656066676e-06, 2.00535691874e-06, 1.54252791162e-06, 1.13760802378e-06, 1.11278882287e-06, 9.905652405e-07]}, "spectral_entropy": {"min": 4.61152076721, "max": 9.7954044342, "dvar2": 0.186292558908, "median": 7.64464616776, "dmean2": 0.404123157263, "dmean": 0.274476051331, "var": 0.317780584097, "dvar": 0.0919084772468, "mean": 7.56328105927}, "spectral_rolloff": {"min": 43.06640625, "max": 16559.0332031, "dvar2": 4831009.5, "median": 538.330078125, "dmean2": 1164.2911377, "dmean": 688.737426758, "var": 3815176.5, "dvar": 2196518.75, "mean": 1245.08154297}, "barkbands": {"min": [1.56167125672e-13, 4.27153212974e-13, 2.98957907041e-13, 2.16263598284e-13, 3.58306781597e-13, 2.87006502548e-13, 2.68553706833e-13, 1.38825732052e-13, 1.99604289802e-13, 3.76303738061e-14, 1.24344585735e-13, 2.47418432313e-13, 9.36857064366e-14, 2.0352949469e-13, 3.33530783287e-13, 2.69019696927e-13, 1.79054999451e-13, 2.20061409416e-13, 7.01872316777e-13, 7.55651888718e-13, 7.31370638964e-13, 1.94832648279e-12, 1.78998428493e-12, 2.03127705628e-12, 2.67773433635e-12, 2.93004032495e-12, 3.84966754655e-12], "max": [0.0211415719241, 0.25915646553, 0.185409873724, 0.0877499803901, 0.133447468281, 0.0509456582367, 0.0239162612706, 0.0177545696497, 0.0279175434262, 0.0344709083438, 0.0246950499713, 0.0314637795091, 0.0201609134674, 0.0166152138263, 0.0161905251443, 0.0163830406964, 0.0082891555503, 0.0167492628098, 0.0140844043344, 0.00400698138401, 0.0046205939725, 0.00530404457822, 0.0060662291944, 0.00870798621327, 0.00906907394528, 0.00441241776571, 0.000761296018027], "dvar2": [2.83142594526e-06, 0.00190316804219, 0.00128914811648, 8.35135797388e-05, 0.000223499169806, 8.51117692946e-06, 7.44049384593e-06, 2.03057243198e-06, 4.05957689509e-06, 3.10774657919e-06, 2.38477605308e-06, 1.62826768246e-06, 1.45745377722e-06, 1.49539107497e-06, 1.2831303593e-06, 9.41377550134e-07, 3.33611694714e-07, 7.50918445647e-07, 5.15087947406e-07, 2.1533176664e-07, 1.79309509463e-07, 1.09587240615e-07, 1.09202900944e-07, 1.15723317151e-07, 1.47984437149e-07, 5.81561252488e-08, 2.62572430465e-09], "median": [0.000308938208036, 0.00653144204989, 0.000509583565872, 0.000399158976506, 0.000794308551122, 0.000294223078527, 0.000102489837445, 6.85521445121e-05, 0.000102433506981, 7.05832935637e-05, 7.77294844738e-05, 8.27595649753e-05, 9.18147561606e-05, 7.44411809137e-05, 9.18646983337e-05, 7.66606463003e-05, 5.30572942807e-05, 6.01328247285e-05, 7.86918608355e-05, 6.77127100062e-05, 5.98491860728e-05, 3.90948298445e-05, 4.17358169216e-05, 3.2582134736e-05, 1.68581173057e-05, 8.54334302858e-06, 1.6930239326e-06], "dmean2": [0.00107113749254, 0.023597355932, 0.0121674202383, 0.00397313572466, 0.00558421900496, 0.00134401966352, 0.00115694128908, 0.000587714079302, 0.000869599927682, 0.000719213741831, 0.000584561261348, 0.000470779748866, 0.000520430505276, 0.000524049333762, 0.00054135551909, 0.000478068977827, 0.000262993358774, 0.000329928152496, 0.000334788346663, 0.0002384113468, 0.000203818868613, 0.000137650597026, 0.000136767179356, 0.000113972033432, 0.000110057284473, 7.01539975125e-05, 1.73264070327e-05], "dmean": [0.000851149205118, 0.0157885961235, 0.00683991797268, 0.00228106672876, 0.00371928350069, 0.000850475858897, 0.000675216200761, 0.000350267189788, 0.000540691544302, 0.000453911605291, 0.000374109164113, 0.000301377876895, 0.000326551904436, 0.000330808659783, 0.000328679627273, 0.000293642980978, 0.000163586970302, 0.000203332077945, 0.000210338024772, 0.00014564205776, 0.000124824189697, 8.92655152711e-05, 9.43507329794e-05, 7.65272707213e-05, 7.76533343014e-05, 5.05292373418e-05, 1.23404352053e-05], "var": [5.98464475843e-06, 0.00197793240659, 0.000307363661705, 2.34176550293e-05, 0.000117508709081, 7.49700711822e-06, 2.66733877652e-06, 8.57827160416e-07, 2.85825535684e-06, 2.85298688141e-06, 2.0262691578e-06, 2.6170584988e-06, 9.13004669201e-07, 1.27085388613e-06, 6.72481291986e-07, 5.72178237235e-07, 2.13579241404e-07, 4.12230548363e-07, 3.76824885961e-07, 1.09599227471e-07, 9.09864965593e-08, 7.40388799159e-08, 9.86362991284e-08, 6.13592519016e-08, 1.35738744689e-07, 4.11752161256e-08, 1.83362180994e-09], "dvar": [1.89264244455e-06, 0.0008311313577, 0.000466726807645, 3.05517605739e-05, 0.000102670805063, 3.89873412132e-06, 2.80541189568e-06, 8.16324870812e-07, 1.68211170148e-06, 1.36926837513e-06, 1.06609593331e-06, 7.4228722724e-07, 5.89962098729e-07, 6.56353279282e-07, 5.24617689734e-07, 3.82955391842e-07, 1.35605290552e-07, 2.93380566063e-07, 2.20175095933e-07, 8.3722376587e-08, 6.9481181697e-08, 4.7813912829e-08, 5.60548230055e-08, 4.83862621081e-08, 7.67719612327e-08, 2.76207732242e-08, 1.21796128738e-09], "mean": [0.00148035271559, 0.0273309405893, 0.00524401525036, 0.00213285535574, 0.00405223108828, 0.00116843311116, 0.000667963235173, 0.000363016617484, 0.000682309037074, 0.000632423500065, 0.000506350188516, 0.000462936295662, 0.00042782491073, 0.000454316410469, 0.000388137385016, 0.000351686583599, 0.000205697084311, 0.000257896666881, 0.00029055858613, 0.000197369168745, 0.000173655789695, 0.000129804800963, 0.000144883742905, 0.000111230467155, 0.000108349551738, 6.43076127744e-05, 1.55561465363e-05]}, "melbands_flatness_db": {"min": 0.0161018054932, "max": 0.722267150879, "dvar2": 0.0049264957197, "median": 0.243259087205, "dmean2": 0.0710259526968, "dmean": 0.0491497293115, "var": 0.013282305561, "dvar": 0.0024625970982, "mean": 0.262051671743}, "melbands_skewness": {"min": -3.40772199631, "max": 36.2978134155, "dvar2": 13.0051317215, "median": 3.76976776123, "dmean2": 2.9154317379, "dmean": 1.93583893776, "var": 18.3286209106, "dvar": 5.8271780014, "mean": 4.95304536819}, "barkbands_skewness": {"min": -9.52255725861, "max": 34.6311340332, "dvar2": 7.71272945404, "median": 2.27336645126, "dmean2": 2.21555304527, "dmean": 1.50804162025, "var": 13.1162338257, "dvar": 3.76000237465, "mean": 3.24654698372}, "silence_rate_60dB": {"min": 0, "max": 1, "dvar2": 0.107901647687, "median": 0, "dmean2": 0.106469944119, "dmean": 0.0532296635211, "var": 0.12221276015, "dvar": 0.0503999255598, "mean": 0.142529651523}, "spectral_energyband_low": {"min": 1.68688912665e-12, "max": 0.266697049141, "dvar2": 0.00266882893629, "median": 0.0110681252554, "dmean2": 0.0291572473943, "dmean": 0.0192274134606, "var": 0.00285537075251, "dvar": 0.00123183615506, "mean": 0.0351485237479}, "spectral_energyband_middle_low": {"min": 1.52629081249e-12, "max": 0.152412936091, "dvar2": 0.000374362338334, "median": 0.00411306275055, "dmean2": 0.0103409383446, "dmean": 0.0068073081784, "var": 0.000235261322814, "dvar": 0.000175529014086, "mean": 0.00922305695713}, "melbands_kurtosis": {"min": -1.92716264725, "max": 2421.48681641, "dvar2": 25744.6933594, "median": 19.0553684235, "dmean2": 71.369392395, "dmean": 46.0037498474, "var": 21405.9882812, "dvar": 11221.2285156, "mean": 69.1636810303}, "spectral_decrease": {"min": -7.41900549883e-08, "max": 1.05078775542e-11, "dvar2": 1.90657865239e-16, "median": -6.35369756807e-09, "dmean2": 9.10287134559e-09, "dmean": 6.12754513796e-09, "var": 2.1305213258e-16, "dvar": 8.98817629974e-17, "mean": -1.22948611292e-08}, "erbbands_kurtosis": {"min": -1.87198483944, "max": 149.467605591, "dvar2": 33.6538887024, "median": 0.0434460639954, "dmean2": 2.93207979202, "dmean": 1.86766159534, "var": 22.6462516785, "dvar": 14.9798583984, "mean": 1.34570157528}, "melbands_crest": {"min": 3.01453542709, "max": 38.6398277283, "dvar2": 39.1271133423, "median": 19.2788944244, "dmean2": 7.16439914703, "dmean": 4.53425073624, "var": 63.7631263733, "dvar": 16.5584030151, "mean": 20.0437469482}, "gfcc": {"cov": [[14442.3408203, -875.911193848, -498.160736084, 199.628494263, 163.302703857, 663.375488281, 71.9089508057, 301.063293457, -76.8026046753, 98.1279907227, -226.45362854, 145.799591064, -173.475509644], [-875.911193848, 1960.27307129, 2.80057168007, -5.69143676758, 270.668487549, -140.299209595, 144.829238892, -130.162460327, 162.544250488, -90.4874801636, 93.1135940552, -144.155090332, 130.966262817], [-498.160736084, 2.80057168007, 1581.73791504, 517.279418945, 390.198455811, 194.698989868, 6.26587295532, 38.9808425903, 46.9554786682, 18.7328529358, -63.481590271, 34.5787277222, -4.23350667953], [199.628494263, -5.69143676758, 517.279418945, 811.975830078, 454.504638672, 191.639480591, 111.998939514, 12.7483997345, 105.983169556, -8.11124897003, 15.4270658493, 15.0031700134, 9.74899482727], [163.302703857, 270.668487549, 390.198455811, 454.504638672, 769.119140625, 357.713470459, 220.046630859, -22.4799919128, 114.234474182, 40.8435516357, 5.68096065521, 1.20611071587, 31.6926593781], [663.375488281, -140.299209595, 194.698989868, 191.639480591, 357.713470459, 516.353393555, 246.942810059, 40.739730835, 30.1137180328, 54.6364250183, 11.9810581207, 35.068145752, 6.17014932632], [71.9089508057, 144.829238892, 6.26587295532, 111.998939514, 220.046630859, 246.942810059, 341.223510742, 67.7517852783, 71.7702255249, 22.4352779388, 57.8971786499, 17.0260486603, 30.0057563782], [301.063293457, -130.162460327, 38.9808425903, 12.7483997345, -22.4799919128, 40.739730835, 67.7517852783, 229.927505493, 78.8088531494, 21.9646568298, 10.0657520294, 43.7693634033, 18.9997234344], [-76.8026046753, 162.544250488, 46.9554786682, 105.983169556, 114.234474182, 30.1137180328, 71.7702255249, 78.8088531494, 197.857513428, 48.92735672, 36.9002990723, 11.3475446701, 30.5513324738], [98.1279907227, -90.4874801636, 18.7328529358, -8.11124897003, 40.8435516357, 54.6364250183, 22.4352779388, 21.9646568298, 48.92735672, 146.29309082, 52.7273674011, 25.3636016846, -6.55379104614], [-226.45362854, 93.1135940552, -63.481590271, 15.4270658493, 5.68096065521, 11.9810581207, 57.8971786499, 10.0657520294, 36.9002990723, 52.7273674011, 149.810256958, 51.1128807068, 27.7495803833], [145.799591064, -144.155090332, 34.5787277222, 15.0031700134, 1.20611071587, 35.068145752, 17.0260486603, 43.7693634033, 11.3475446701, 25.3636016846, 51.1128807068, 129.294448853, 35.1612701416], [-173.475509644, 130.966262817, -4.23350667953, 9.74899482727, 31.6926593781, 6.17014932632, 30.0057563782, 18.9997234344, 30.5513324738, -6.55379104614, 27.7495803833, 35.1612701416, 111.312553406]], "icov": [[9.09393129405e-05, -5.10036006744e-05, 8.78359205672e-05, -8.59808787936e-05, 3.654473403e-05, -0.000181888608495, 0.000107309890154, -0.000161400312209, 0.000101592922874, -0.000123802994494, 0.000257579056779, -0.000219027337153, 0.000180704621016], [-5.10036006744e-05, 0.00110126042273, -0.000225270778174, 0.000537386280484, -0.000612041447312, 0.00076588022057, -0.000572227523662, 0.000745519879274, -0.000961703888606, 0.00108359009027, -0.00125312805176, 0.00157888745889, -0.00113060360309], [8.78359205672e-05, -0.000225270778174, 0.000999446841888, -0.000638679193798, -9.59286844591e-05, -0.000406173989177, 0.000525688519701, -0.0004851941776, 0.000387996173231, -0.000499593035784, 0.000887864967808, -0.000721569755115, 0.000357502896804], [-8.59808787936e-05, 0.000537386280484, -0.000638679193798, 0.00253625283949, -0.00138539145701, 0.000461930583697, -0.000190724706044, 0.000414985028328, -0.00119577068835, 0.00157324748579, -0.00142246531323, 0.000736281624995, -0.000120405784401], [3.654473403e-05, -0.000612041447312, -9.59286844591e-05, -0.00138539145701, 0.00349329086021, -0.00180007121526, -0.000411138404161, 0.000842298497446, -0.000601816980634, -0.00103293883149, 0.00137669336982, -0.000576957478188, -8.96115670912e-05], [-0.000181888608495, 0.00076588022057, -0.000406173989177, 0.000461930583697, -0.00180007121526, 0.00503680342808, -0.00302858371288, 0.000385681691114, 0.000579176354222, -0.000518058019225, -0.000119387717859, 0.000267119758064, -0.000500675232615], [0.000107309890154, -0.000572227523662, 0.000525688519701, -0.000190724706044, -0.000411138404161, -0.00302858371288, 0.00627772975713, -0.00185536500067, -0.00027647530078, 0.00069239694858, -0.00156846176833, 0.000194377818843, 0.000232834456256], [-0.000161400312209, 0.000745519879274, -0.0004851941776, 0.000414985028328, 0.000842298497446, 0.000385681691114, -0.00185536500067, 0.00693959044293, -0.00344167114235, 0.00065617938526, 0.00030321101076, -0.000806175870821, -0.000966732681263], [0.000101592922874, -0.000961703888606, 0.000387996173231, -0.00119577068835, -0.000601816980634, 0.000579176354222, -0.00027647530078, -0.00344167114235, 0.0090095223859, -0.00344878085889, 0.000541872403119, -0.000291985285003, -0.000508160621393], [-0.000123802994494, 0.00108359009027, -0.000499593035784, 0.00157324748579, -0.00103293883149, -0.000518058019225, 0.00069239694858, 0.00065617938526, -0.00344878085889, 0.0108115524054, -0.00493626017123, 0.00102712842636, 0.000888779584784], [0.000257579056779, -0.00125312805176, 0.000887864967808, -0.00142246531323, 0.00137669336982, -0.000119387717859, -0.00156846176833, 0.00030321101076, 0.000541872403119, -0.00493626017123, 0.0124036418274, -0.00569755584002, 0.000288075214485], [-0.000219027337153, 0.00157888745889, -0.000721569755115, 0.000736281624995, -0.000576957478188, 0.000267119758064, 0.000194377818843, -0.000806175870821, -0.000291985285003, 0.00102712842636, -0.00569755584002, 0.0133909210563, -0.00472518755123], [0.000180704621016, -0.00113060360309, 0.000357502896804, -0.000120405784401, -8.96115670912e-05, -0.000500675232615, 0.000232834456256, -0.000966732681263, -0.000508160621393, 0.000888779584784, 0.000288075214485, -0.00472518755123, 0.0123877860606]], "mean": [-37.934463501, 71.8327789307, -93.1402816772, 40.6401252747, -41.2805213928, 19.2925643921, -28.2036094666, 6.92949676514, -20.1692066193, 4.32256698608, -11.8253116608, 2.10754489899, -6.28372001648]}, "melbands_spread": {"min": 0.101681098342, "max": 314.980834961, "dvar2": 881.644592285, "median": 11.6391716003, "dmean2": 16.1443328857, "dmean": 10.2976665497, "var": 653.426452637, "dvar": 379.72467041, "mean": 19.7358646393}, "spectral_energy": {"min": 2.5302260287e-11, "max": 0.285020858049, "dvar2": 0.00276942667551, "median": 0.0256075132638, "dmean2": 0.0349600166082, "dmean": 0.0235933028162, "var": 0.00311395223252, "dvar": 0.0013084403472, "mean": 0.0480462126434}, "mfcc": {"cov": [[12667.5136719, -435.543395996, -1016.80133057, -310.248687744, -172.974868774, 184.930725098, 85.821937561, 273.21774292, 39.9995307922, 187.507324219, 17.8731536865, -129.770690918, 97.6731719971], [-435.543395996, 1648.19213867, -9.16264152527, 44.8147735596, 63.644443512, 20.6471996307, 2.9453625679, -61.4192390442, 75.1101150513, 9.19783687592, -32.4351043701, 34.9027175903, 20.1388263702], [-1016.80133057, -9.16264152527, 1053.86108398, 310.062835693, 303.42779541, 96.548210144, 43.1914672852, 51.965259552, 81.875541687, -26.7525177002, 1.14530277252, 28.5945415497, 63.2875671387], [-310.248687744, 44.8147735596, 310.062835693, 630.861022949, 355.546356201, 168.841323853, 52.2191162109, 82.9236602783, 94.6998062134, -3.38159918785, 39.7979736328, 59.718624115, 57.0980110168], [-172.974868774, 63.644443512, 303.42779541, 355.546356201, 561.926147461, 324.866241455, 122.155151367, 98.5811004639, 142.787780762, 23.3663673401, 38.6456642151, 36.3479232788, 76.1868286133], [184.930725098, 20.6471996307, 96.548210144, 168.841323853, 324.866241455, 562.610656738, 272.617095947, 130.02722168, 110.771354675, 68.1550292969, 71.9058914185, 14.1971359253, 71.6690826416], [85.821937561, 2.9453625679, 43.1914672852, 52.2191162109, 122.155151367, 272.617095947, 309.527862549, 134.50819397, 60.59034729, 60.2819900513, 38.7896499634, 8.04311084747, 29.8037376404], [273.21774292, -61.4192390442, 51.965259552, 82.9236602783, 98.5811004639, 130.02722168, 134.50819397, 246.51864624, 104.551750183, 64.2094268799, 26.4807548523, 13.7825174332, 54.3688774109], [39.9995307922, 75.1101150513, 81.875541687, 94.6998062134, 142.787780762, 110.771354675, 60.59034729, 104.551750183, 196.324569702, 67.1366119385, 20.0677700043, 17.4207763672, 44.7868232727], [187.507324219, 9.19783687592, -26.7525177002, -3.38159918785, 23.3663673401, 68.1550292969, 60.2819900513, 64.2094268799, 67.1366119385, 167.126586914, 55.6013259888, 4.17707538605, 16.676404953], [17.8731536865, -32.4351043701, 1.14530277252, 39.7979736328, 38.6456642151, 71.9058914185, 38.7896499634, 26.4807548523, 20.0677700043, 55.6013259888, 141.221466064, 53.8654289246, 8.93374633789], [-129.770690918, 34.9027175903, 28.5945415497, 59.718624115, 36.3479232788, 14.1971359253, 8.04311084747, 13.7825174332, 17.4207763672, 4.17707538605, 53.8654289246, 124.673744202, 47.3406600952], [97.6731719971, 20.1388263702, 63.2875671387, 57.0980110168, 76.1868286133, 71.6690826416, 29.8037376404, 54.3688774109, 44.7868232727, 16.676404953, 8.93374633789, 47.3406600952, 133.043487549]], "icov": [[9.27070213947e-05, 1.86072356883e-05, 9.20136008062e-05, 1.36270336952e-05, 2.48599735642e-06, -3.9846796426e-05, 5.48619682377e-05, -0.000110380125989, 2.44603652391e-05, -4.99411180499e-05, -9.74251543084e-06, 0.000121150224004, -0.000112065114081], [1.86072356883e-05, 0.000658904551528, 6.26221008133e-05, -2.99597741105e-05, -2.92677359539e-05, 1.19492924568e-05, -0.000117195413623, 0.000390025903471, -0.000393604685087, -9.03541003936e-05, 0.000308699702146, -0.000253743113717, -3.97533985961e-05], [9.20136008062e-05, 6.26221008133e-05, 0.00130374904256, -0.000320135877701, -0.000536377949174, 0.000281955173705, -0.000164256256539, -1.3543730347e-05, -0.000139566895086, 0.000211135906284, 4.80025209981e-06, 0.000241833666223, -0.000428076484241], [1.36270336952e-05, -2.99597741105e-05, -0.000320135877701, 0.00270113581792, -0.00153057917487, 7.49328755774e-05, 0.000319035374559, -0.000540241366252, 2.94666097034e-05, 0.000338002515491, -0.000256319181062, -0.000696197443176, 0.000185645549209], [2.48599735642e-06, -2.92677359539e-05, -0.000536377949174, -0.00153057917487, 0.00448053749278, -0.00207922118716, 0.000525601091795, 0.000202144408831, -0.00146855495404, 0.000403574696975, 0.000156536960276, -2.49124241236e-05, -0.000289296120172], [-3.9846796426e-05, 1.19492924568e-05, 0.000281955173705, 7.49328755774e-05, -0.00207922118716, 0.00478432653472, -0.00337806320749, 0.000579442887101, -0.000323732703691, 0.000133971712785, -0.00145368196536, 0.00121219595894, -0.00124703417532], [5.48619682377e-05, -0.000117195413623, -0.000164256256539, 0.000319035374559, 0.000525601091795, -0.00337806320749, 0.00703233946115, -0.00281676813029, 0.000851979246363, -0.000785199401435, 0.00039679123438, -0.000581948552281, 0.00100520451088], [-0.000110380125989, 0.000390025903471, -1.3543730347e-05, -0.000540241366252, 0.000202144408831, 0.000579442887101, -0.00281676813029, 0.0073119038716, -0.00278146495111, -0.000679791090079, -5.47219133296e-05, 0.000336130760843, -0.0016190392198], [2.44603652391e-05, -0.000393604685087, -0.000139566895086, 2.94666097034e-05, -0.00146855495404, -0.000323732703691, 0.000851979246363, -0.00278146495111, 0.00871133897454, -0.0026145610027, 0.000726297555957, -0.000399648502935, -0.000454840337625], [-4.99411180499e-05, -9.03541003936e-05, 0.000211135906284, 0.000338002515491, 0.000403574696975, 0.000133971712785, -0.000785199401435, -0.000679791090079, -0.0026145610027, 0.00879075191915, -0.00361489364877, 0.00161583418958, -0.000598689483013], [-9.74251543084e-06, 0.000308699702146, 4.80025209981e-06, -0.000256319181062, 0.000156536960276, -0.00145368196536, 0.00039679123438, -5.47219133296e-05, 0.000726297555957, -0.00361489364877, 0.0110866380855, -0.00544044002891, 0.00209508370608], [0.000121150224004, -0.000253743113717, 0.000241833666223, -0.000696197443176, -2.49124241236e-05, 0.00121219595894, -0.000581948552281, 0.000336130760843, -0.000399648502935, 0.00161583418958, -0.00544044002891, 0.0124868042767, -0.00465835444629], [-0.000112065114081, -3.97533985961e-05, -0.000428076484241, 0.000185645549209, -0.000289296120172, -0.00124703417532, 0.00100520451088, -0.0016190392198, -0.000454840337625, -0.000598689483013, 0.00209508370608, -0.00465835444629, 0.0107475128025]], "mean": [-689.021606445, 104.712898254, 12.8624420166, 30.7610969543, 13.5724048615, 16.3960170746, 8.06261253357, 6.56157112122, 1.42660570145, 6.08570289612, -2.08729457855, 0.367755293846, -0.373027145863]}, "spectral_contrast_valleys": {"min": [-27.3869304657, -27.2255878448, -27.6247158051, -27.3619747162, -27.392118454, -27.2798652649], "max": [-4.97377920151, -4.75914573669, -5.16279172897, -5.44307661057, -5.3531703949, -7.5254278183], "dvar2": [0.393878698349, 0.802843391895, 0.628012299538, 0.590692639351, 0.562089145184, 0.532957494259], "median": [-7.03838825226, -7.53585863113, -7.8644824028, -8.09991359711, -7.84231233597, -10.0196819305], "dmean2": [0.724890708923, 0.952703237534, 0.804427862167, 0.724015533924, 0.634641349316, 0.591625928879], "dmean": [0.483821243048, 0.63732111454, 0.554784417152, 0.516615748405, 0.464806765318, 0.475783348083], "var": [2.39671182632, 1.5313795805, 1.6640753746, 1.69446241856, 1.5123565197, 1.87359929085], "dvar": [0.236492291093, 0.400875657797, 0.324597150087, 0.307420283556, 0.288205385208, 0.302897274494], "mean": [-7.42106771469, -7.66891431808, -8.04612827301, -8.24628925323, -7.9807472229, -10.251411438]}, "barkbands_flatness_db": {"min": 0.0153078269213, "max": 0.594128072262, "dvar2": 0.0034523899667, "median": 0.160886332393, "dmean2": 0.0601251237094, "dmean": 0.0413481518626, "var": 0.00849189516157, "dvar": 0.00173599412665, "mean": 0.179802641273}, "dynamic_complexity": 3.91878581047, "erbbands_flatness_db": {"min": 0.0429141707718, "max": 0.362108528614, "dvar2": 0.00121538119856, "median": 0.136941432953, "dmean2": 0.0353672541678, "dmean": 0.0251638554037, "var": 0.00294882827438, "dvar": 0.000660971913021, "mean": 0.145480334759}, "hfc": {"min": 1.98639384053e-0