{"lowlevel": {"spectral_complexity": {"min": 0, "max": 65, "dvar2": 81.2908096313, "median": 9, "dmean2": 7.33599042892, "dmean": 5.35311460495, "var": 174.225830078, "dvar": 50.6465873718, "mean": 13.9087839127}, "silence_rate_20dB": {"min": 1, "max": 1, "dvar2": 0, "median": 1, "dmean2": 0, "dmean": 0, "var": 0, "dvar": 0, "mean": 1}, "average_loudness": 0.949829697609, "erbbands_spread": {"min": 3.88777923584, "max": 233.369628906, "dvar2": 687.740539551, "median": 65.3746032715, "dmean2": 26.5220222473, "dmean": 17.0101261139, "var": 855.828552246, "dvar": 284.577514648, "mean": 67.4186935425}, "spectral_kurtosis": {"min": -1.12948083878, "max": 49.4255523682, "dvar2": 2.10813713074, "median": 2.09199857712, "dmean2": 1.17988216877, "dmean": 0.751282513142, "var": 1.93246984482, "dvar": 0.822260916233, "mean": 2.257843256}, "barkbands_kurtosis": {"min": -1.96142685413, "max": 292.646606445, "dvar2": 639.317260742, "median": 1.31782341003, "dmean2": 11.8661355972, "dmean": 7.62128448486, "var": 375.746673584, "dvar": 264.676971436, "mean": 8.33680057526}, "spectral_strongpeak": {"min": 5.59273794352e-05, "max": 17.3639259338, "dvar2": 2.06104445457, "median": 0.223073080182, "dmean2": 0.573781549931, "dmean": 0.328830659389, "var": 0.808677315712, "dvar": 0.763889193535, "mean": 0.452057749033}, "spectral_spread": {"min": 1448328.375, "max": 20326306, "dvar2": 6583818911740.0, "median": 6974217.5, "dmean2": 2011639.875, "dmean": 1314953.625, "var": 4553989685250.0, "dvar": 2709901541380.0, "mean": 7351905}, "spectral_rms": {"min": 1.27870168853e-06, "max": 0.0103171421215, "dvar2": 2.4536161618e-06, "median": 0.00398056209087, "dmean2": 0.00147073471453, "dmean": 0.00101020780858, "var": 3.02370108329e-06, "dvar": 1.05514538973e-06, "mean": 0.00406523654237}, "erbbands": {"min": [6.61579147021e-09, 4.02505122565e-08, 1.91023836749e-08, 1.13211356734e-07, 3.79646223791e-07, 1.02727845785e-07, 3.2947613704e-07, 1.56264263751e-07, 1.81916732345e-07, 1.06623105012e-07, 1.81477560091e-07, 2.28439191119e-07, 3.21130585235e-07, 1.98544654495e-07, 1.37619196039e-07, 2.12280468759e-07, 2.84047615651e-07, 2.30214155295e-07, 2.93820392017e-07, 4.5736058496e-07, 3.71296323465e-07, 4.14463841025e-07, 6.96223764862e-07, 9.97714096229e-07, 7.7092607853e-07, 8.57771624396e-07, 1.09489621991e-06, 1.99299256565e-06, 1.55233522037e-06, 1.39543806199e-06, 1.51868141529e-06, 1.4377254729e-06, 1.15113186894e-06, 9.68263861978e-07, 7.56685892611e-07, 3.7660123553e-07, 2.34933779097e-07, 1.23193331092e-07, 2.70912412503e-08, 4.27206847675e-09], "max": [2.23654913902, 11.2134647369, 37.268245697, 111.947891235, 125.191947937, 181.100387573, 259.82901001, 209.630218506, 266.54107666, 603.202636719, 572.296569824, 480.032470703, 470.368591309, 657.151184082, 744.216064453, 580.841186523, 1198.48547363, 609.530212402, 402.554290771, 477.718383789, 456.160919189, 363.025939941, 1192.97106934, 804.437011719, 1326.33129883, 1210.79138184, 797.647155762, 975.010864258, 444.821258545, 620.050476074, 822.05065918, 718.690917969, 463.268951416, 192.570861816, 136.270782471, 78.0327453613, 23.2136688232, 6.66569423676, 0.952380478382, 0.040164783597], "dvar2": [0.201151713729, 2.5228331089, 32.1934661865, 339.328826904, 242.366027832, 393.491027832, 1136.13867188, 535.958007812, 233.404129028, 903.007080078, 637.588867188, 482.885345459, 559.540161133, 384.27053833, 462.706390381, 453.861450195, 772.256469727, 1099.20910645, 2747.0546875, 801.337036133, 1442.12963867, 1948.07556152, 1364.46044922, 1509.05957031, 2687.25634766, 5353.85351562, 2624.20263672, 1658.68432617, 843.153442383, 1235.33630371, 1819.03808594, 1273.6661377, 1128.10571289, 125.408691406, 37.6087837219, 25.3114204407, 11.0022344589, 1.81546115875, 0.0408569760621, 7.51606712583e-05], "median": [0.10313333571, 0.625574350357, 1.13889312744, 2.01939940453, 2.12802600861, 1.73175311089, 2.16719460487, 2.55125117302, 2.09354090691, 1.53919434547, 1.37639200687, 1.39653027058, 1.19837379456, 1.22505438328, 1.03066372871, 1.48843562603, 1.83313846588, 1.97098147869, 2.27979755402, 2.31330442429, 2.50139451027, 3.09158492088, 3.53623175621, 4.7934923172, 6.72932338715, 7.35650157928, 6.96997642517, 5.61735248566, 4.9866104126, 4.2546544075, 3.42542934418, 2.34962821007, 1.692060709, 1.16807961464, 0.832387387753, 0.460593760014, 0.173424571753, 0.0368191599846, 0.00372288725339, 0.000223748400458], "dmean2": [0.275796800852, 1.07394754887, 3.19098854065, 8.39108562469, 7.56900930405, 8.62005329132, 11.5600605011, 8.91546154022, 7.3441619873, 7.9663233757, 8.29478263855, 7.03398752213, 7.98523283005, 6.16182422638, 5.50964450836, 7.04099655151, 9.52299785614, 11.1991786957, 16.5678291321, 10.5863933563, 13.9015827179, 16.0091571808, 14.487985611, 16.9499969482, 22.7586116791, 31.0424938202, 23.3732852936, 16.1972808838, 12.1815290451, 12.3800754547, 12.9107446671, 11.5327091217, 10.8869886398, 4.46932792664, 3.05331754684, 2.7635974884, 1.76824855804, 0.680490612984, 0.100677862763, 0.00443617347628], "dmean": [0.167973071337, 0.670148968697, 2.0362303257, 5.05928564072, 4.54885482788, 5.34699344635, 7.00735139847, 5.29042434692, 4.54644060135, 4.84822893143, 5.28186178207, 4.32301568985, 5.23727178574, 4.09549713135, 3.57479166985, 4.43519258499, 5.7577495575, 6.95171928406, 10.0964546204, 6.80383396149, 8.75494003296, 10.2345075607, 9.49497699738, 11.4987859726, 15.1864032745, 19.8610630035, 15.3727626801, 11.1887598038, 8.77217769623, 8.54115104675, 9.01854896545, 8.28085517883, 7.33967876434, 3.10853600502, 2.03626012802, 1.71827888489, 1.07097756863, 0.411600738764, 0.0596777461469, 0.00259265350178], "var": [0.0856751427054, 1.49619054794, 16.3637657166, 111.647460938, 82.9141769409, 192.625106812, 387.925415039, 157.835952759, 160.470825195, 403.764953613, 814.714904785, 286.327056885, 637.135375977, 703.933654785, 544.668701172, 427.600189209, 1723.14453125, 482.112915039, 954.890869141, 464.634216309, 646.525939941, 973.066162109, 1050.99987793, 1558.90905762, 2280.54614258, 2661.30639648, 1805.69140625, 1250.46044922, 810.732666016, 943.524963379, 1522.24755859, 1297.06323242, 702.540771484, 119.290939331, 46.2420349121, 17.2197551727, 4.31088829041, 0.59208804369, 0.0124132856727, 2.22749586101e-05], "dvar": [0.0674637630582, 0.945339381695, 12.6061830521, 124.486022949, 89.6929702759, 177.100845337, 446.823883057, 195.256515503, 94.9387054443, 340.817657471, 278.37677002, 197.918243408, 284.430358887, 195.410552979, 206.519622803, 205.14112854, 343.72467041, 416.87677002, 1061.38244629, 334.444793701, 585.132141113, 800.677062988, 619.739440918, 719.464538574, 1198.56176758, 2136.92333984, 1128.10217285, 717.768188477, 390.08770752, 545.664367676, 842.281311035, 628.807861328, 492.912200928, 59.7745399475, 19.1919078827, 10.7699203491, 4.36670875549, 0.715029299259, 0.0158887524158, 2.92221357086e-05], "mean": [0.215541854501, 1.00253236294, 2.78634381294, 5.89455986023, 5.2760643959, 5.81047153473, 7.32805681229, 6.21915006638, 6.71194171906, 6.6272354126, 7.60514307022, 5.90020465851, 7.57459115982, 6.45980882645, 5.12968635559, 5.7560968399, 8.06679439545, 8.48375415802, 10.7517652512, 8.76528072357, 10.4853887558, 13.1027765274, 13.6117486954, 17.2195720673, 21.9430332184, 25.7967510223, 22.8191680908, 18.3790035248, 15.278468132, 14.2404174805, 14.4565572739, 12.7691507339, 9.63322639465, 4.4297041893, 2.81772732735, 1.84279954433, 0.947914481163, 0.326883941889, 0.044520907104, 0.00193397747353]}, "zerocrossingrate": {"min": 0.00390625, "max": 0.44921875, "dvar2": 0.00152746844105, "median": 0.109375, "dmean2": 0.0416251085699, "dmean": 0.0356663577259, "var": 0.00627638632432, "dvar": 0.00118805863895, "mean": 0.124763727188}, "spectral_contrast_coeffs": {"min": [-0.899949491024, -0.942430317402, -0.951210319996, -0.93200981617, -0.928480923176, -0.908556222916], "max": [-0.311292380095, -0.453246891499, -0.495621919632, -0.541060507298, -0.550201177597, -0.578384816647], "dvar2": [0.00675019063056, 0.00401710951701, 0.00205390830524, 0.00140818511136, 0.00116538337898, 0.000720509677194], "median": [-0.69798874855, -0.765439391136, -0.830330371857, -0.830494940281, -0.810332894325, -0.776557803154], "dmean2": [0.0991607010365, 0.0791563540697, 0.056496296078, 0.0465247742832, 0.038898345083, 0.0309849530458], "dmean": [0.0631616264582, 0.0481809489429, 0.0347696356475, 0.0282761212438, 0.0243142005056, 0.0210639070719], "var": [0.00804655998945, 0.00479177059606, 0.00344264763407, 0.00169078365434, 0.00146111415233, 0.0012958078878], "dvar": [0.00307846139185, 0.00152411102317, 0.000828303513117, 0.000535814324394, 0.000482903036755, 0.000333915959345], "mean": [-0.687181711197, -0.757810235023, -0.818758904934, -0.823782384396, -0.805697321892, -0.776375889778]}, "dissonance": {"min": 0.364332258701, "max": 0.500000119209, "dvar2": 0.000323410175042, "median": 0.486638426781, "dmean2": 0.0169754847884, "dmean": 0.0103072477505, "var": 0.000278887338936, "dvar": 0.000125607897644, "mean": 0.481514632702}, "spectral_energyband_high": {"min": 6.3321692334e-10, "max": 0.0890686139464, "dvar2": 3.65337182302e-05, "median": 0.00127047020942, "dmean2": 0.00322933401912, "dmean": 0.00228092330508, "var": 3.75062554667e-05, "dvar": 1.80720562639e-05, "mean": 0.00348903564736}, "spectral_skewness": {"min": -0.296026587486, "max": 5.62570238113, "dvar2": 0.0584301538765, "median": 1.14834034443, "dmean2": 0.258509844542, "dmean": 0.177485123277, "var": 0.10910551995, "dvar": 0.0283536184579, "mean": 1.14709043503}, "spectral_flux": {"min": 2.89756662823e-05, "max": 0.285182625055, "dvar2": 0.00203555845656, "median": 0.0743352472782, "dmean2": 0.043180141598, "dmean": 0.0289198830724, "var": 0.00219781510532, "dvar": 0.000970924971625, "mean": 0.0834270268679}, "silence_rate_30dB": {"min": 1, "max": 1, "dvar2": 0, "median": 1, "dmean2": 0, "dmean": 0, "var": 0, "dvar": 0, "mean": 1}, "spectral_energyband_middle_high": {"min": 9.39406746836e-11, "max": 0.0344226248562, "dvar2": 1.75720797415e-05, "median": 0.000831706915051, "dmean2": 0.0019292574143, "dmean": 0.0013585673878, "var": 1.59340252139e-05, "dvar": 7.88472334534e-06, "mean": 0.00229137553833}, "barkbands_spread": {"min": 0.769660353661, "max": 135.265701294, "dvar2": 786.447937012, "median": 41.5888824463, "dmean2": 27.4176807404, "dmean": 17.6717395782, "var": 784.929321289, "dvar": 358.713287354, "mean": 44.6838417053}, "spectral_centroid": {"min": 210.285324097, "max": 7032.95654297, "dvar2": 473771.96875, "median": 2091.6105957, "dmean2": 718.344970703, "dmean": 494.627044678, "var": 1088406.5, "dvar": 246726.5, "mean": 2108.76000977}, "pitch_salience": {"min": 0.0334627665579, "max": 0.848698794842, "dvar2": 0.0224640052766, "median": 0.566670656204, "dmean2": 0.166272252798, "dmean": 0.10236416012, "var": 0.0230561625212, "dvar": 0.00883758347481, "mean": 0.551978170872}, "erbbands_skewness": {"min": -6.19868373871, "max": 4.3086180687, "dvar2": 0.436101734638, "median": -0.364000678062, "dmean2": 0.684060871601, "dmean": 0.478880941868, "var": 0.976641058922, "dvar": 0.216655299067, "mean": -0.370403110981}, "erbbands_crest": {"min": 2.15738868713, "max": 28.5465621948, "dvar2": 13.1558475494, "median": 6.04019737244, "dmean2": 3.75116753578, "dmean": 2.31329751015, "var": 13.0331573486, "dvar": 5.44814538956, "mean": 7.07011270523}, "melbands": {"min": [5.83840614743e-11, 4.4463367016e-11, 4.0085983144e-11, 1.63436052886e-11, 8.95552815933e-12, 4.33611740264e-12, 2.55918702029e-12, 1.05657789375e-12, 1.62313868943e-12, 1.59789521025e-12, 1.56979160573e-12, 8.08794166623e-13, 4.71745255706e-13, 3.28424787366e-13, 8.64815326556e-13, 4.80251851741e-13, 4.56042050911e-13, 3.7618687462e-13, 4.03289408162e-13, 5.60692930886e-13, 3.90852199781e-13, 3.65180650476e-13, 5.2669386864e-13, 5.98803613031e-13, 8.04431879182e-13, 5.82661685827e-13, 5.21869927914e-13, 5.76952656657e-13, 6.40119793109e-13, 9.12196425167e-13, 1.20496950091e-12, 7.75607876535e-13, 9.3351281566e-13, 7.03430748979e-13, 8.61343006468e-13, 8.1603425189e-13, 8.03849066304e-13, 7.36265757563e-13, 8.28418225945e-13, 7.14981025773e-13], "max": [0.0159281007946, 0.0157408062369, 0.0195445660502, 0.00950714107603, 0.00973515585065, 0.00505920825526, 0.00501722469926, 0.00739323021844, 0.00470800651237, 0.00275204423815, 0.00232345191762, 0.00268311519176, 0.00277179805562, 0.00210283114575, 0.00238139694557, 0.00164299621247, 0.00139674171805, 0.00080344453454, 0.00076042371802, 0.00058621930657, 0.000468177575385, 0.000441448471975, 0.00063535530353, 0.000856306112837, 0.000797461776529, 0.00141697109211, 0.000705328246113, 0.000862010114361, 0.00055074802367, 0.000476511020679, 0.000563422800042, 0.000314177334076, 0.000290279451292, 0.000414671434555, 0.000512390513904, 0.000530764868017, 0.00040720400284, 0.000331836228725, 0.000249297794653, 0.000195978951524], "dvar2": [9.29596444621e-06, 4.81919414597e-06, 8.89482635102e-06, 9.18316516163e-07, 1.26269981138e-06, 2.80403270381e-07, 5.83839927515e-08, 1.0968116726e-07, 4.63991511879e-08, 1.58205430978e-08, 1.39795819365e-08, 6.97824242835e-09, 4.73788608346e-09, 4.34715063946e-09, 5.04544939162e-09, 3.04074765367e-09, 4.53139348267e-09, 9.67283941833e-09, 1.62660451775e-09, 1.45601197765e-09, 2.58232768502e-09, 2.51628273773e-09, 1.61560398393e-09, 1.1489126317e-09, 1.24918353439e-09, 1.79435077907e-09, 1.63967917022e-09, 3.33506355865e-09, 1.40401890114e-09, 7.11066094894e-10, 6.10716643923e-10, 3.1918842569e-10, 3.0100383297e-10, 4.78145134597e-10, 6.91049051316e-10, 6.48537279435e-10, 5.43616984761e-10, 7.32896687783e-10, 2.49467085878e-10, 7.57314072564e-11], "median": [0.000891372386832, 0.00078509747982, 0.000402594945626, 0.000137310707942, 7.99164772616e-05, 5.98810947849e-05, 3.08952912746e-05, 1.50588111865e-05, 1.0991232557e-05, 7.91783895693e-06, 5.52720848646e-06, 4.63847391075e-06, 3.20757203554e-06, 3.36555285685e-06, 4.14538135374e-06, 3.53301447831e-06, 3.41338864018e-06, 3.42776911566e-06, 3.05653111354e-06, 2.81123129753e-06, 2.76028231383e-06, 3.05561547975e-06, 2.84241787085e-06, 3.0981918826e-06, 3.6338535665e-06, 4.37550852439e-06, 4.76677450933e-06, 4.62940624857e-06, 4.58394924863e-06, 3.30391048919e-06, 3.18241518471e-06, 2.76780929198e-06, 2.4973728614e-06, 2.19971616389e-06, 2.02589762921e-06, 1.55075792918e-06, 1.35875825436e-06, 1.19376477414e-06, 9.48134186274e-07, 9.54701363298e-07], "dmean2": [0.00195739837363, 0.00140188040677, 0.00138352345675, 0.000516034371685, 0.000402121077059, 0.00020612985827, 0.000108284351882, 8.52833836689e-05, 6.93078545737e-05, 4.13231173297e-05, 3.98298325308e-05, 2.5845665732e-05, 1.81814066309e-05, 1.89047932508e-05, 2.10850339499e-05, 1.93650266738e-05, 2.21498048631e-05, 2.98335526168e-05, 1.52589564095e-05, 1.47194996316e-05, 1.83346401172e-05, 1.80951119546e-05, 1.50226942424e-05, 1.34189267555e-05, 1.45105586853e-05, 1.70001094375e-05, 1.78559748747e-05, 2.35100869759e-05, 1.7103537175e-05, 1.12624829853e-05, 9.70374276221e-06, 7.55674318498e-06, 6.9700813583e-06, 7.41345093047e-06, 8.06390471553e-06, 7.04311651134e-06, 7.93798335508e-06, 8.61242551764e-06, 5.32858121005e-06, 3.53945733877e-06], "dmean": [0.00120245735161, 0.000904951419216, 0.000839577696752, 0.00031753469375, 0.000252841506153, 0.000122293015011, 6.71589150443e-05, 5.20995199622e-05, 4.37497874373e-05, 2.52605186688e-05, 2.60556880676e-05, 1.70544117282e-05, 1.17622112157e-05, 1.20579779832e-05, 1.29481877593e-05, 1.15940019896e-05, 1.36973521876e-05, 1.79431790457e-05, 9.64406717685e-06, 9.30946316657e-06, 1.12520165203e-05, 1.13363585115e-05, 9.60427496466e-06, 8.74240777193e-06, 9.67244886851e-06, 1.10961500468e-05, 1.17627823784e-05, 1.46046741065e-05, 1.08312606244e-05, 7.54086022425e-06, 6.65785228193e-06, 5.32288913746e-06, 4.71282874059e-06, 5.00432588524e-06, 5.47060199096e-06, 4.93753805131e-06, 5.46192086404e-06, 5.71089594814e-06, 3.57872795576e-06, 2.42930286731e-06], "var": [4.57290661871e-06, 2.95614790957e-06, 2.94676374324e-06, 4.13476243466e-07, 5.42746533938e-07, 8.27484427646e-08, 3.85345693132e-08, 5.33530482016e-08, 5.46641842902e-08, 9.02286689808e-09, 1.59091708696e-08, 1.27560255692e-08, 5.70612579409e-09, 3.90658438931e-09, 9.51650314107e-09, 3.16235504449e-09, 2.02368255486e-09, 3.17113801884e-09, 8.82791839629e-10, 8.32244551052e-10, 1.02952180114e-09, 1.1240897102e-09, 9.50468037608e-10, 8.48975556522e-10, 1.1398580968e-09, 1.5371640627e-09, 1.07065567523e-09, 1.38823830209e-09, 8.55192361371e-10, 5.17959009017e-10, 4.50225412507e-10, 2.9310270877e-10, 2.13914386205e-10, 3.53504031603e-10, 5.09546127514e-10, 5.71809266603e-10, 4.96625407465e-10, 4.10072087398e-10, 1.62258720349e-10, 7.52342077526e-11], "dvar": [3.19368859891e-06, 1.90191258298e-06, 3.27326029037e-06, 3.7827086885e-07, 5.38812912509e-07, 1.02025580873e-07, 2.37383197543e-08, 4.12240908076e-08, 2.02604493182e-08, 6.43928999011e-09, 7.0867711699e-09, 3.56147844549e-09, 2.19451901096e-09, 2.046930625e-09, 2.0462023187e-09, 1.24208576757e-09, 1.70858038828e-09, 3.69713037962e-09, 6.89994450465e-10, 6.19757745124e-10, 1.01661790097e-09, 1.0107777948e-09, 6.78369582729e-10, 5.05514519133e-10, 5.79048808902e-10, 8.23627555047e-10, 6.88831047757e-10, 1.28493304885e-09, 5.80995473953e-10, 3.0635616266e-10, 2.62646959737e-10, 1.4476436716e-10, 1.29254398851e-10, 2.09994022171e-10, 3.0878105628e-10, 3.01668245939e-10, 2.59771065769e-10, 3.10161285544e-10, 1.08388908959e-10, 3.64595888203e-11], "mean": [0.00167252786923, 0.00140227959491, 0.00101031258237, 0.000367926142644, 0.000275489379419, 0.000145209982293, 9.92351633613e-05, 7.23713310435e-05, 6.19274651399e-05, 3.36993616656e-05, 3.71638634533e-05, 2.61935983872e-05, 1.62964570336e-05, 1.47744985952e-05, 1.8606942831e-05, 1.43945517266e-05, 1.62565920618e-05, 1.80794413609e-05, 1.19116548376e-05, 1.15141865535e-05, 1.28182782646e-05, 1.3701655007e-05, 1.2856833564e-05, 1.2074749975e-05, 1.38583718581e-05, 1.53786531882e-05, 1.6339983631e-05, 1.76167795871e-05, 1.52524035002e-05, 1.1336434909e-05, 1.05781118691e-05, 8.82805125002e-06, 7.65511504142e-06, 7.98862038209e-06, 8.29385589896e-06, 8.03377042757e-06, 7.8091488831e-06, 7.22116556062e-06, 4.7839898798e-06, 3.42701514455e-06]}, "spectral_entropy": {"min": 6.41706895828, "max": 9.04978656769, "dvar2": 0.0642432421446, "median": 8.15085792542, "dmean2": 0.247923746705, "dmean": 0.175968319178, "var": 0.114595875144, "dvar": 0.0332695171237, "mean": 8.10762500763}, "spectral_rolloff": {"min": 64.599609375, "max": 19315.2832031, "dvar2": 31575556, "median": 2260.98632812, "dmean2": 4253.00488281, "dmean": 2518.76757812, "var": 19735184, "dvar": 14112510, "mean": 3909.87792969}, "barkbands": {"min": [4.1893068875e-12, 1.84213935772e-10, 4.05691886335e-12, 2.36791558583e-11, 5.09263499426e-11, 3.50232794155e-11, 8.04894866036e-12, 6.25953715944e-12, 1.23298793051e-11, 9.34360228078e-12, 2.97976899231e-12, 3.37119633424e-12, 7.39424493856e-12, 4.51534426169e-12, 5.35628399273e-12, 6.51248846517e-12, 7.51074289568e-12, 1.32218723817e-11, 2.17610859887e-11, 1.8441984051e-11, 4.22742327255e-11, 4.25154252082e-11, 4.81233559946e-11, 7.18318737825e-11, 9.89961099207e-11, 1.04395186939e-10, 2.3528937132e-10], "max": [0.00469090417027, 0.0528839044273, 0.0475857332349, 0.0565322339535, 0.0391686744988, 0.0333768241107, 0.0288973785937, 0.0301964432001, 0.0238286945969, 0.0159532502294, 0.0235762149096, 0.0137416133657, 0.0227530933917, 0.0113957449794, 0.00811914820224, 0.00777324847877, 0.00628229090944, 0.0167471207678, 0.0235877595842, 0.0223217941821, 0.0209607798606, 0.0119283702224, 0.0261516198516, 0.0257185418159, 0.0178056526929, 0.0136540494859, 0.00566187594086], "dvar2": [5.01383567553e-07, 8.33213853184e-05, 4.81661554659e-05, 5.21568435943e-05, 2.34785875364e-05, 1.1447855286e-05, 1.87948057828e-06, 1.81595328286e-06, 8.79994445313e-07, 5.49388857962e-07, 2.74914924603e-07, 4.04930602826e-07, 3.7910550077e-07, 6.60962825805e-07, 4.53359916719e-07, 3.50483986722e-07, 6.29523128737e-07, 4.35916945207e-07, 8.40079167119e-07, 2.04039156415e-06, 1.15065165573e-06, 6.71709244671e-07, 1.92523202713e-06, 3.16995829053e-06, 6.82545191921e-07, 2.44133411798e-06, 1.48479136897e-06], "median": [0.00019373712712, 0.00321604660712, 0.000971243949607, 0.000612707866821, 0.000545801711269, 0.000334962911438, 0.000128599669551, 5.52987366973e-05, 5.42798588867e-05, 3.83618571504e-05, 2.29245561059e-05, 3.07294903905e-05, 3.69028348359e-05, 3.62001519534e-05, 4.23511155532e-05, 3.89281231037e-05, 5.66927374166e-05, 6.49700668873e-05, 0.000113675836474, 0.000158154143719, 0.000155382615048, 0.000140754156746, 0.000120678407256, 0.000108009466203, 0.000114814276458, 0.000101470359368, 2.31869380514e-05], "dmean2": [0.000415004906245, 0.00610849168152, 0.00359442201443, 0.00316420104355, 0.00238065095618, 0.00123240647372, 0.000518596963957, 0.000384333194233, 0.000300967192743, 0.000269185431534, 0.000132974062581, 0.000177638445166, 0.000205251228181, 0.000272749573924, 0.000249092816375, 0.000224948875257, 0.000305427034618, 0.000277142884443, 0.000391132198274, 0.000655402196571, 0.000464472192107, 0.000343505176716, 0.000431517604738, 0.000607912719715, 0.000383674458135, 0.000858940707985, 0.000610357208643], "dmean": [0.000252409867244, 0.00376182678156, 0.00223508337513, 0.00188369757961, 0.00149251311086, 0.000721973425243, 0.00032066568383, 0.00023973005591, 0.000182813659194, 0.000178798261913, 8.46125258249e-05, 0.000109926237201, 0.000123933205032, 0.00016699146363, 0.000154727560584, 0.000142951990711, 0.000194262829609, 0.000180936171091, 0.000261262175627, 0.000420128111728, 0.000313976895995, 0.000245417060796, 0.000301150023006, 0.000425057223765, 0.000264212168986, 0.000525384268258, 0.000361723068636], "var": [3.51140755583e-07, 4.36773443653e-05, 1.95505072043e-05, 1.63754721143e-05, 1.23041172628e-05, 3.04403192786e-06, 1.05420053842e-06, 1.65691290022e-06, 5.26884718965e-07, 8.26575558222e-07, 3.10231314415e-07, 2.88932682224e-07, 7.72412590777e-07, 2.81911752609e-07, 2.03006976562e-07, 1.81388728038e-07, 3.1922311905e-07, 3.35909078331e-07, 8.54890174651e-07, 1.12733096103e-06, 8.61261696627e-07, 6.13158817941e-07, 1.71123019754e-06, 2.63884953711e-06, 8.41259009121e-07, 1.1059865983e-06, 4.50830810905e-07], "dvar": [1.75184538875e-07, 2.92297427222e-05, 1.81933264685e-05, 1.89395032066e-05, 1.05348499346e-05, 4.13427687818e-06, 7.62634272178e-07, 7.36029790005e-07, 3.72249701286e-07, 2.79430167893e-07, 1.27554486085e-07, 1.83510380225e-07, 1.70049673898e-07, 2.55044568576e-07, 1.82122192882e-07, 1.48766886809e-07, 2.59285144466e-07, 1.94911379481e-07, 3.98169561322e-07, 8.29764701393e-07, 5.00075941545e-07, 3.08304493046e-07, 9.0606778258e-07, 1.49034008246e-06, 3.48907974512e-07, 9.92250875242e-07, 5.77776688715e-07], "mean": [0.000413261441281, 0.00539415841922, 0.00275878142565, 0.00207929266617, 0.00171623076312, 0.00080685300054, 0.00044728096691, 0.00034929998219, 0.000235612780671, 0.000268540083198, 0.000112678768346, 0.000129495019792, 0.000169652106706, 0.000188385616639, 0.00017763953656, 0.000168780054082, 0.000246649113251, 0.000253628531937, 0.000386107043596, 0.0005558837438, 0.000498277251609, 0.000425435689976, 0.000501085363794, 0.000603211170528, 0.000383589678677, 0.000492464052513, 0.000269660784397]}, "melbands_flatness_db": {"min": 0.0193786080927, "max": 0.499892860651, "dvar2": 0.00322953099385, "median": 0.179360181093, "dmean2": 0.062294088304, "dmean": 0.0421258993447, "var": 0.00736223440617, "dvar": 0.0015667132102, "mean": 0.188849717379}, "melbands_skewness": {"min": -3.80539917946, "max": 32.5916748047, "dvar2": 9.10098266602, "median": 3.90331053734, "dmean2": 2.57551670074, "dmean": 1.65133786201, "var": 11.1711902618, "dvar": 3.65171289444, "mean": 4.69458818436}, "barkbands_skewness": {"min": -5.67097616196, "max": 15.9143304825, "dvar2": 3.18918037415, "median": 1.50343811512, "dmean2": 1.63965332508, "dmean": 1.10953986645, "var": 4.77049970627, "dvar": 1.45220470428, "mean": 1.87928283215}, "silence_rate_60dB": {"min": 0, "max": 1, "dvar2": 0.0766220539808, "median": 0, "dmean2": 0.0706983208656, "dmean": 0.0353460982442, "var": 0.060362610966, "dvar": 0.0340983234346, "mean": 0.0645356923342}, "spectral_energyband_low": {"min": 4.90499363348e-10, "max": 0.0757767632604, "dvar2": 0.000155338813784, "median": 0.00695650745183, "dmean2": 0.00927003193647, "dmean": 0.00576079310849, "var": 9.89507825579e-05, "dvar": 5.71073069295e-05, "mean": 0.00982811115682}, "spectral_energyband_middle_low": {"min": 2.43151554447e-10, "max": 0.0669979304075, "dvar2": 0.000129333056975, "median": 0.00312712416053, "dmean2": 0.00625804020092, "dmean": 0.00395960407332, "var": 6.0074205976e-05, "dvar": 5.29606768396e-05, "mean": 0.00575865572318}, "melbands_kurtosis": {"min": -1.940122962, "max": 1598.01757812, "dvar2": 10500.7988281, "median": 17.7509651184, "dmean2": 47.2913970947, "dmean": 29.4380207062, "var": 5505.11376953, "dvar": 3901.07421875, "mean": 44.311050415}, "spectral_decrease": {"min": -2.28484005049e-08, "max": 2.83321172079e-10, "dvar2": 1.8153199844e-17, "median": -3.58242413512e-09, "dmean2": 3.35064509471e-09, "dmean": 2.18988227552e-09, "var": 1.30395519264e-17, "dvar": 7.3044630669e-18, "mean": -4.3974304198e-09}, "erbbands_kurtosis": {"min": -1.87771236897, "max": 54.8671073914, "dvar2": 10.4672441483, "median": -0.481372833252, "dmean2": 1.9421210289, "dmean": 1.27062499523, "var": 11.9740743637, "dvar": 5.08691883087, "mean": 0.521635293961}, "melbands_crest": {"min": 2.72908067703, "max": 37.3681602478, "dvar2": 42.0467681885, "median": 16.6222801208, "dmean2": 7.65104866028, "dmean": 4.64075279236, "var": 47.5097351074, "dvar": 16.7161979675, "mean": 17.3772029877}, "gfcc": {"cov": [[6502.80517578, -531.50982666, -187.28314209, -176.713241577, -65.5584259033, -110.126182556, -91.8415374756, 19.9131240845, -93.2841415405, -94.6585388184, -71.9870376587, -119.122932434, -106.260543823], [-531.50982666, 1368.61779785, -22.4662952423, 194.451522827, 112.593452454, 102.477119446, 112.872238159, 37.7022857666, 19.3982944489, -27.3114585876, -5.89301872253, -86.0508422852, -10.9216365814], [-187.28314209, -22.4662952423, 814.104980469, 92.9295883179, 148.57611084, 43.2794647217, 49.3701820374, -8.99896621704, -16.5971755981, 12.9895868301, -28.6330947876, 5.79571962357, -36.059879303], [-176.713241577, 194.451522827, 92.9295883179, 622.323120117, 105.337356567, 162.950408936, 4.41101837158, 6.95309734344, -11.2083692551, -58.474155426, -12.4890127182, -40.1345901489, 7.72427272797], [-65.5584259033, 112.593452454, 148.57611084, 105.337356567, 424.33682251, 41.8707313538, 86.9453964233, -14.0930023193, -2.36522078514, -11.1372900009, -26.3108482361, -1.53447401524, 5.10625457764], [-110.126182556, 102.477119446, 43.2794647217, 162.950408936, 41.8707313538, 264.276397705, 65.9708557129, 33.901714325, 17.2931251526, 1.34285461903, 5.06031894684, -20.6055450439, 7.27501106262], [-91.8415374756, 112.872238159, 49.3701820374, 4.41101837158, 86.9453964233, 65.9708557129, 191.958648682, 52.2695579529, 19.8825435638, 34.2543792725, 16.1507930756, 1.22611153126, 4.44231939316], [19.9131240845, 37.7022857666, -8.99896621704, 6.95309734344, -14.0930023193, 33.901714325, 52.2695579529, 115.882514954, 61.1987037659, 28.2334403992, 11.1023311615, 13.5494966507, 10.5927371979], [-93.2841415405, 19.3982944489, -16.5971755981, -11.2083692551, -2.36522078514, 17.2931251526, 19.8825435638, 61.1987037659, 117.563621521, 50.3979568481, 26.3967533112, 14.1466379166, 15.7608699799], [-94.6585388184, -27.3114585876, 12.9895868301, -58.474155426, -11.1372900009, 1.34285461903, 34.2543792725, 28.2334403992, 50.3979568481, 116.575248718, 53.5339508057, 24.5812721252, 4.23632574081], [-71.9870376587, -5.89301872253, -28.6330947876, -12.4890127182, -26.3108482361, 5.06031894684, 16.1507930756, 11.1023311615, 26.3967533112, 53.5339508057, 92.7530441284, 38.1001434326, 22.0701675415], [-119.122932434, -86.0508422852, 5.79571962357, -40.1345901489, -1.53447401524, -20.6055450439, 1.22611153126, 13.5494966507, 14.1466379166, 24.5812721252, 38.1001434326, 87.0671234131, 40.6324272156], [-106.260543823, -10.9216365814, -36.059879303, 7.72427272797, 5.10625457764, 7.27501106262, 4.44231939316, 10.5927371979, 15.7608699799, 4.23632574081, 22.0701675415, 40.6324272156, 77.6535644531]], "icov": [[0.000176288740477, 8.61504959175e-05, 3.69818335457e-05, 5.13827581017e-05, -5.23320923094e-05, 4.07766201533e-05, 7.02506004018e-05, -0.000269731885055, 0.00017279831809, 0.000133541980176, -0.000127102874103, 0.000332155672368, 0.000117773248348], [8.61504959175e-05, 0.000916898366995, 7.38497474231e-05, -0.000143793033203, -0.000165441029822, 2.41190482484e-05, -0.000393217749661, -0.000291767879389, -5.24629322172e-05, 0.000368518725736, -0.000466387864435, 0.00117325154133, -0.000124453130411], [3.69818335457e-05, 7.38497474231e-05, 0.00144130771514, -0.000221522495849, -0.000386507541407, -0.00012616404274, -0.000216146727325, 0.000134403439006, 0.000199948102818, -0.000501922680996, 0.000686085259076, -0.000778699468356, 0.000982853583992], [5.13827581017e-05, -0.000143793033203, -0.000221522495849, 0.0022811149247, -0.000513008970302, -0.00124290969688, 0.000774121959694, -0.000558436498977, 0.000226991891395, 0.00117913656868, -0.00092931749532, 0.00102929072455, -0.000482469768031], [-5.23320923094e-05, -0.000165441029822, -0.000386507541407, -0.000513008970302, 0.00314099574462, 0.000111774090328, -0.00174669886474, 0.00161585665774, -0.000791307073087, 2.04501866392e-05, 0.00143396668136, -0.000950125802774, -0.000311746960506], [4.07766201533e-05, 2.41190482484e-05, -0.00012616404274, -0.00124290969688, 0.000111774090328, 0.00518757011741, -0.00150444125757, -0.000721832271665, -0.000216257321881, 1.01177902252e-05, -0.000436544185504, 0.00146810733713, -0.000785361684393], [7.02506004018e-05, -0.000393217749661, -0.000216146727325, 0.000774121959694, -0.00174669886474, -0.00150444125757, 0.00810319744051, -0.003976165317, 0.00196167291142, -0.00168464239687, -0.00121757714078, 0.00102568615694, -0.000298801896861], [-0.000269731885055, -0.000291767879389, 0.000134403439006, -0.000558436498977, 0.00161585665774, -0.000721832271665, -0.003976165317, 0.0150797478855, -0.00737919611856, -0.000231310143135, 0.00268025230616, -0.00344873825088, 0.00039275790914], [0.00017279831809, -5.24629322172e-05, 0.000199948102818, 0.000226991891395, -0.000791307073087, -0.000216257321881, 0.00196167291142, -0.00737919611856, 0.0145623683929, -0.00472748652101, -0.00108921970241, 0.00172056746669, -0.00202243356034], [0.000133541980176, 0.000368518725736, -0.000501922680996, 0.00117913656868, 2.04501866392e-05, 1.01177902252e-05, -0.00168464239687, -0.000231310143135, -0.00472748652101, 0.0154677852988, -0.00761305959895, -0.000197651766939, 0.00239266571589], [-0.000127102874103, -0.000466387864435, 0.000686085259076, -0.00092931749532, 0.00143396668136, -0.000436544185504, -0.00121757714078, 0.00268025230616, -0.00108921970241, -0.00761305959895, 0.0189226679504, -0.0069398288615, -0.00128823274281], [0.000332155672368, 0.00117325154133, -0.000778699468356, 0.00102929072455, -0.000950125802774, 0.00146810733713, 0.00102568615694, -0.00344873825088, 0.00172056746669, -0.000197651766939, -0.0069398288615, 0.021565599367, -0.00915804691613], [0.000117773248348, -0.000124453130411, 0.000982853583992, -0.000482469768031, -0.000311746960506, -0.000785361684393, -0.000298801896861, 0.00039275790914, -0.00202243356034, 0.00239266571589, -0.00128823274281, -0.00915804691613, 0.0190214123577]], "mean": [3.78256893158, 22.7447528839, -64.6389007568, 47.0569190979, -45.79322052, 10.312286377, -29.2417030334, 6.98548030853, -23.314540863, 9.74359035492, -14.9389781952, 3.25689482689, -12.0260257721]}, "melbands_spread": {"min": 0.340450525284, "max": 310.263183594, "dvar2": 1213.41711426, "median": 22.7447624207, "dmean2": 26.3727416992, "dmean": 16.9894123077, "var": 1666.99621582, "dvar": 563.038391113, "mean": 36.968372345}, "spectral_energy": {"min": 1.67595493039e-09, "max": 0.109104506671, "dvar2": 0.000359710014891, "median": 0.0162409991026, "dmean2": 0.0145428702235, "dmean": 0.00969165749848, "var": 0.000276320322882, "dvar": 0.000153333356138, "mean": 0.0200384836644}, "mfcc": {"cov": [[5946.06933594, -482.534179688, -283.661254883, -107.469718933, -130.0650177, -205.461669922, -88.9674377441, -57.5276374817, -74.3919525146, -6.22605752945, -59.4278068542, -45.191078186, -124.639228821], [-482.534179688, 1059.55041504, 0.272319704294, 53.9759178162, 22.2584171295, 40.4137268066, 84.4738311768, 23.7500782013, 57.4259986877, 41.9494094849, 46.5573120117, -6.83844518661, 16.9049072266], [-283.661254883, 0.272319704294, 616.877563477, 97.2877807617, 55.4870376587, 78.5349807739, 31.2262115479, 35.4323120117, -2.40980410576, 30.46717453, 2.5472202301, 2.70106673241, 7.489757061], [-107.469718933, 53.9759178162, 97.2877807617, 386.47076416, 157.890716553, 102.410575867, 72.6936950684, 47.9655570984, 35.0038375854, -9.35884952545, -11.2942209244, -0.729180693626, 4.92705535889], [-130.0650177, 22.2584171295, 55.4870376587, 157.890716553, 270.86227417, 115.572937012, 40.7257194519, 42.8705177307, 38.8213005066, -14.704158783, -15.2025575638, 0.0468741320074, -15.0092496872], [-205.461669922, 40.4137268066, 78.5349807739, 102.410575867, 115.572937012, 213.689926147, 112.611114502, 51.1041641235, 35.8512763977, 26.5930709839, 10.4510555267, -2.51952886581, -0.684695422649], [-88.9674377441, 84.4738311768, 31.2262115479, 72.6936950684, 40.7257194519, 112.611114502, 164.467971802, 53.0325241089, 29.1437416077, 20.0637493134, 13.344201088, -4.99205970764, 4.34156799316], [-57.5276374817, 23.7500782013, 35.4323120117, 47.9655570984, 42.8705177307, 51.1041641235, 53.0325241089, 115.708946228, 56.6507453918, 18.4792518616, 5.51813650131, 2.49576830864, -1.48258459568], [-74.3919525146, 57.4259986877, -2.40980410576, 35.0038375854, 38.8213005066, 35.8512763977, 29.1437416077, 56.6507453918, 102.146232605, 41.5089492798, 17.38215065, 2.29464244843, 5.41162967682], [-6.22605752945, 41.9494094849, 30.46717453, -9.35884952545, -14.704158783, 26.5930709839, 20.0637493134, 18.4792518616, 41.5089492798, 105.99079895, 48.8577766418, 7.70817899704, 5.77186393738], [-59.4278068542, 46.5573120117, 2.5472202301, -11.2942209244, -15.2025575638, 10.4510555267, 13.344201088, 5.51813650131, 17.38215065, 48.8577766418, 83.950958252, 32.1779441833, 17.9127292633], [-45.191078186, -6.83844518661, 2.70106673241, -0.729180693626, 0.0468741320074, -2.51952886581, -4.99205970764, 2.49576830864, 2.29464244843, 7.70817899704, 32.1779441833, 76.8846359253, 39.9609909058], [-124.639228821, 16.9049072266, 7.489757061, 4.92705535889, -15.0092496872, -0.684695422649, 4.34156799316, -1.48258459568, 5.41162967682, 5.77186393738, 17.9127292633, 39.9609909058, 78.5542526245]], "icov": [[0.000191685496247, 7.91116908658e-05, 7.6821546827e-05, -3.34403703164e-05, 2.15500094782e-05, 0.000193630083231, -9.0641908173e-05, -6.36117022168e-07, 9.5491130196e-05, -0.000182195726666, 0.000131323613459, -8.49520074553e-05, 0.000312769901939], [7.91116908658e-05, 0.00107103260234, 3.40255319315e-05, -8.17612963147e-05, -6.2905397499e-05, 0.000307714915834, -0.000610117975157, 0.000258972548181, -0.000461379240733, -5.34001410415e-05, -0.000521395006217, 0.000404077640269, -0.000124762736959], [7.6821546827e-05, 3.40255319315e-05, 0.00185541331302, -0.000383017933927, -4.75165579701e-05, -0.000477572903037, 0.000302908854792, -0.000648207205813, 0.00100760022178, -0.00095606589457, 0.000352774484782, 7.91296042735e-06, -0.000164164317539], [-3.34403703164e-05, -8.17612963147e-05, -0.000383017933927, 0.00372832105495, -0.00180559791625, -0.000171324412804, -0.000920113932807, -0.000186442572158, -0.000376626150683, 0.000533559941687, 0.000232381833484, 0.000183641532203, -0.000691610737704], [2.15500094782e-05, -6.2905397499e-05, -4.75165579701e-05, -0.00180559791625, 0.00648256158456, -0.00330813904293, 0.0015520483721, -0.000220343965339, -0.0018551357789, 0.00178725621663, 0.00063450075686, -0.0013502240181, 0.00182401365601], [0.000193630083231, 0.000307714915834, -0.000477572903037, -0.000171324412804, -0.00330813904293, 0.0101325493306, -0.00574277713895, -0.000178998423507, 0.00025608370197, -0.00200127880089, 1.39698286148e-05, 0.000285181915388, 4.86827048007e-05], [-9.0641908173e-05, -0.000610117975157, 0.000302908854792, -0.000920113932807, 0.0015520483721, -0.00574277713895, 0.0112765422091, -0.00320318341255, 0.000647862209007, 0.000367032655049, -0.00113936665002, 0.00144339411054, -0.000966941879597], [-6.36117022168e-07, 0.000258972548181, -0.000648207205813, -0.000186442572158, -0.000220343965339, -0.000178998423507, -0.00320318341255, 0.0139386933297, -0.00725851254538, 0.000784397765528, 0.000758667883929, -0.00157263712026, 0.00148261839058], [9.5491130196e-05, -0.000461379240733, 0.00100760022178, -0.000376626150683, -0.0018551357789, 0.00025608370197, 0.000647862209007, -0.00725851254538, 0.0172599498183, -0.00613842066377, 0.000157667091116, 0.00119641982019, -0.00172926555388], [-0.000182195726666, -5.34001410415e-05, -0.00095606589457, 0.000533559941687, 0.00178725621663, -0.00200127880089, 0.000367032655049, 0.000784397765528, -0.00613842066377, 0.0165647771209, -0.00868229940534, 0.00183146959171, 0.000352570583345], [0.000131323613459, -0.000521395006217, 0.000352774484782, 0.000232381833484, 0.00063450075686, 1.39698286148e-05, -0.00113936665002, 0.000758667883929, 0.000157667091116, -0.00868229940534, 0.0205693449825, -0.00809376034886, 0.00052499800222], [-8.49520074553e-05, 0.000404077640269, 7.91296042735e-06, 0.000183641532203, -0.0013502240181, 0.000285181915388, 0.00144339411054, -0.00157263712026, 0.00119641982019, 0.00183146959171, -0.00809376034886, 0.0214544069022, -0.00988432392478], [0.000312769901939, -0.000124762736959, -0.000164164317539, -0.000691610737704, 0.00182401365601, 4.86827048007e-05, -0.000966941879597, 0.00148261839058, -0.00172926555388, 0.000352570583345, 0.00052499800222, -0.00988432392478, 0.0187442768365]], "mean": [-658.413085938, 66.9573440552, 33.1817436218, 41.3868179321, 10.4015426636, 12.728017807, 6.02080106735, 1.06690013409, 0.251131117344, 4.75186395645, 0.481154769659, 1.30919182301, 0.803763151169]}, "spectral_contrast_valleys": {"min": [-15.2709989548, -15.1028280258, -15.6974906921, -15.8145475388, -15.0327253342, -16.2244415283], "max": [-5.47604846954, -4.78303527832, -5.65265274048, -5.52401447296, -5.23486614227, -6.78860425949], "dvar2": [0.271551191807, 0.445736318827, 0.301367819309, 0.281895428896, 0.232214286923, 0.246008425951], "median": [-7.04661941528, -7.33958482742, -8.0519695282, -8.09907531738, -7.40527868271, -9.24622440338], "dmean2": [0.65380358696, 0.735061883926, 0.625384867191, 0.567709267139, 0.472577005625, 0.436167895794], "dmean": [0.415251165628, 0.469631075859, 0.416556328535, 0.391551226377, 0.368789196014, 0.352546095848], "var": [1.10238564014, 0.808479726315, 0.715465128422, 0.729489982128, 0.772253990173, 0.902878701687], "dvar": [0.1192554757, 0.195632353425, 0.145292088389, 0.145896479487, 0.137324079871, 0.159554645419], "mean": [-7.23905944824, -7.35752153397, -8.05079936981, -8.08780574799, -7.38811826706, -9.27538490295]}, "barkbands_flatness_db": {"min": 0.0139745166525, "max": 0.366184741259, "dvar2": 0.00206061848439, "median": 0.10138194263, "dmean2": 0.0468133501709, "dmean": 0.031351082027, "var": 0.00354531570338, "dvar": 0.000956302101258, "mean": 0.114258162677}, "dynamic_complexity": 3.31601715088, "erbbands_flatness_db": {"min": 0.0212922040373, "max": 0.320702552795, "dvar2": 0.000649886147585, "median": 0.0885107070208, "dmean2": 0.0261103417724, "dmean": 0.018138570711, "var": 0.00120314571541, "dvar": 0.00031999478233, "mean": 0.0941212326288}, "hfc": {"min": 1.26635986817e-05, "max": 664.985412598, "dvar2": 443