{"lowlevel": {"spectral_complexity": {"min": 0, "max": 61, "dvar2": 60.4454917908, "median": 9, "dmean2": 5.21049928665, "dmean": 3.33217144012, "var": 80.8198699951, "dvar": 26.6918678284, "mean": 10.9084568024}, "silence_rate_20dB": {"min": 1, "max": 1, "dvar2": 0, "median": 1, "dmean2": 0, "dmean": 0, "var": 0, "dvar": 0, "mean": 1}, "average_loudness": 0.645638406277, "erbbands_spread": {"min": 1.60228204727, "max": 169.430374146, "dvar2": 413.081634521, "median": 22.4596366882, "dmean2": 15.2651910782, "dmean": 10.0296630859, "var": 428.128295898, "dvar": 192.713302612, "mean": 29.2469463348}, "spectral_kurtosis": {"min": -1.24854242802, "max": 139.048568726, "dvar2": 86.5497894287, "median": 6.17814445496, "dmean2": 7.10596513748, "dmean": 4.4810295105, "var": 105.262138367, "dvar": 39.0897941589, "mean": 9.58636474609}, "barkbands_kurtosis": {"min": -1.91219484806, "max": 181.69380188, "dvar2": 226.44442749, "median": 3.05139541626, "dmean2": 7.603951931, "dmean": 4.6331076622, "var": 131.586257935, "dvar": 92.2490310669, "mean": 6.31932258606}, "spectral_strongpeak": {"min": 0, "max": 15.6449642181, "dvar2": 1.50567424297, "median": 0.431345194578, "dmean2": 0.741316437721, "dmean": 0.448878884315, "var": 1.55447506905, "dvar": 0.616100728512, "mean": 0.937809407711}, "spectral_spread": {"min": 795564.0625, "max": 41947540, "dvar2": 2026336288770.0, "median": 3424688.25, "dmean2": 1088635.75, "dmean": 763509.9375, "var": 7299626696700.0, "dvar": 1293076267010.0, "mean": 3982145}, "spectral_rms": {"min": 3.13075672158e-12, "max": 0.0135602997616, "dvar2": 5.20431558471e-06, "median": 0.00284207775258, "dmean2": 0.00133774022106, "dmean": 0.000886653899215, "var": 5.90579793425e-06, "dvar": 2.41369593823e-06, "mean": 0.00329604861327}, "erbbands": {"min": [1.11871432061e-22, 9.60345886935e-22, 2.00708872898e-21, 8.93059328332e-21, 3.28429671145e-20, 7.45686132369e-20, 1.20561238237e-19, 1.38592405573e-19, 1.44884962363e-19, 2.94137645156e-19, 4.31737744187e-19, 2.20690598357e-19, 7.39841455107e-19, 1.1503337115e-18, 1.51999576416e-18, 8.61999074378e-19, 2.55766375391e-18, 2.88793360465e-18, 2.41643341767e-18, 2.49660169469e-18, 3.36056971742e-18, 4.91717556491e-18, 5.76505554511e-18, 5.50597761418e-18, 8.24436523589e-18, 8.06621038428e-18, 1.25439110936e-17, 9.17959714314e-18, 1.36390593471e-17, 1.38369507282e-17, 1.30166994076e-17, 1.08783903748e-17, 9.19756598758e-18, 8.99637829182e-18, 7.29776703984e-18, 4.5008431549e-18, 2.18633679347e-18, 9.75450772799e-19, 2.74079239085e-19, 3.07076165191e-20], "max": [1.9593988657, 18.5595970154, 73.3878707886, 78.7476882935, 84.127571106, 443.360351562, 778.605773926, 671.321716309, 674.08770752, 734.978942871, 909.29699707, 1607.7232666, 948.390930176, 1471.42980957, 1469.01953125, 1017.50732422, 1029.37597656, 1217.98156738, 1741.05407715, 805.69909668, 1087.83459473, 1834.63317871, 505.251678467, 352.08706665, 538.133911133, 492.693084717, 280.919891357, 570.324584961, 162.721466064, 159.32711792, 184.300308228, 149.94392395, 101.605766296, 76.8589782715, 41.9203529358, 16.82330513, 7.96904706955, 0.956218838692, 0.159979581833, 0.00666250940412], "dvar2": [0.0478855706751, 9.35019302368, 153.430953979, 120.34387207, 146.099594116, 6129.54296875, 18260.890625, 4951.54248047, 2111.2434082, 3110.22875977, 5642.64648438, 6542.23193359, 1608.06640625, 2718.01928711, 2929.50634766, 1965.87353516, 2225.10131836, 1597.29406738, 4113.88623047, 1350.99462891, 1644.78759766, 1183.55065918, 423.85067749, 444.330200195, 415.052429199, 398.024536133, 414.933624268, 2067.22167969, 220.55480957, 116.650505066, 148.845001221, 90.7090682983, 70.4586791992, 27.9505729675, 11.5426855087, 2.19444847107, 0.249103888869, 0.0115724746138, 0.000305169494823, 1.3190892787e-06], "median": [0.00201029633172, 0.0212896373123, 0.133650392294, 0.458247482777, 1.00182986259, 1.441447258, 2.4588367939, 4.03544807434, 3.56268048286, 4.03502559662, 5.48334360123, 3.94180941582, 2.63232445717, 2.74489474297, 2.69245815277, 2.66832780838, 2.7470703125, 2.02891683578, 1.87304961681, 1.70419383049, 1.25354683399, 0.981091678143, 1.09332191944, 1.12487995625, 0.951485395432, 0.682263672352, 0.541842699051, 0.314415633678, 0.187502548099, 0.132333695889, 0.0883270204067, 0.0458057224751, 0.0265756417066, 0.0155202895403, 0.00616620713845, 0.00198800419457, 0.000490599719342, 0.00010482120706, 2.37924305111e-05, 1.32604964165e-05], "dmean2": [0.0683898925781, 0.958011388779, 3.52058291435, 3.45443749428, 4.76487970352, 20.3921070099, 34.0033912659, 22.7423820496, 18.5689811707, 21.6999893188, 31.7513065338, 30.6648635864, 14.1998987198, 17.1119003296, 17.6263771057, 16.2710800171, 17.6037750244, 13.3927545547, 15.9067544937, 12.7418708801, 10.4299507141, 8.953789711, 7.30985641479, 8.64532089233, 7.81515359879, 7.17781639099, 7.5058016777, 11.4096603394, 5.78373718262, 3.84712147713, 3.8308095932, 2.85594677925, 2.41162848473, 1.52875554562, 0.943892240524, 0.399224460125, 0.1323197335, 0.0289225950837, 0.00439941976219, 0.000290363037493], "dmean": [0.0464966930449, 0.561658680439, 1.9830237627, 1.91346275806, 2.67331957817, 11.2971725464, 18.8646373749, 13.018456459, 11.683257103, 13.5113801956, 21.0647506714, 21.1858329773, 10.2170248032, 11.6242752075, 11.582859993, 10.8205280304, 11.9516677856, 9.30731582642, 10.6013116837, 8.42148113251, 6.60462903976, 5.86384105682, 4.61785125732, 5.34241199493, 5.06460952759, 4.62830686569, 4.74149942398, 6.93197107315, 3.45564484596, 2.45650100708, 2.3910009861, 1.79913568497, 1.53408896923, 0.98642295599, 0.617915809155, 0.270510286093, 0.0890796482563, 0.0198731124401, 0.00305142742582, 0.000187172583537], "var": [0.0325018018484, 4.07237672806, 40.3829460144, 27.443572998, 34.8257255554, 1388.9510498, 4088.83740234, 1315.37207031, 1440.26000977, 1839.07348633, 6073.05615234, 14829.5664062, 2981.97387695, 4366.70068359, 3733.44140625, 1682.22045898, 3834.03222656, 2641.05761719, 3038.8215332, 1881.09399414, 1160.12011719, 2590.31640625, 349.10345459, 345.119995117, 539.956054688, 400.710113525, 235.357681274, 687.329406738, 91.6234359741, 66.5090179443, 73.2187271118, 46.4070205688, 35.6852226257, 15.5764770508, 5.65850925446, 1.15700411797, 0.137858495116, 0.00654489500448, 0.000151040730998, 5.34815342235e-07], "dvar": [0.0252958647907, 3.83375358582, 55.0021972656, 41.8720970154, 50.6386756897, 2211.53198242, 6538.53466797, 1732.22045898, 907.238647461, 1244.52978516, 2459.64916992, 3410.80224609, 854.12701416, 1325.83618164, 1318.06689453, 893.771484375, 1094.60217285, 901.175842285, 1814.80212402, 641.845214844, 649.032470703, 642.100524902, 182.946670532, 184.559020996, 200.015060425, 184.01322937, 174.285964966, 813.034179688, 89.125579834, 52.0185813904, 63.4571266174, 39.3472213745, 30.9931221008, 13.0738162994, 5.29536533356, 1.0346647501, 0.119524732232, 0.00570776266977, 0.000142753706314, 5.77013906877e-07], "mean": [0.0527986884117, 0.570007801056, 1.75634932518, 1.84674942493, 2.84981751442, 8.69371891022, 15.9011983871, 15.097533226, 17.4052085876, 20.7330913544, 37.4601707458, 44.761756897, 19.923330307, 20.6655845642, 20.1551761627, 16.8515853882, 22.0508403778, 16.1823863983, 16.2676868439, 13.6991386414, 9.89420032501, 9.24778842926, 6.60677576065, 7.10713338852, 7.61651563644, 6.68098831177, 5.72562408447, 6.35506868362, 3.23064041138, 2.54564189911, 2.34807419777, 1.72087848186, 1.43878698349, 0.956486582756, 0.558878719807, 0.246614739299, 0.0817572101951, 0.0182100459933, 0.00268780393526, 0.000164674289408]}, "zerocrossingrate": {"min": 0, "max": 0.5322265625, "dvar2": 0.000637970399112, "median": 0.0361328125, "dmean2": 0.0158841852099, "dmean": 0.0134206758812, "var": 0.00252518546768, "dvar": 0.00050072837621, "mean": 0.0501789934933}, "spectral_contrast_coeffs": {"min": [-0.976894199848, -0.99405837059, -0.994660079479, -0.993181884289, -0.966746866703, -0.987245440483], "max": [-0.266832798719, -0.424137800932, -0.404820859432, -0.477181106806, -0.523990869522, -0.592925429344], "dvar2": [0.00713523756713, 0.00407664291561, 0.00300510670058, 0.00219438876957, 0.00144159863703, 0.00201352639124], "median": [-0.653783679008, -0.740393579006, -0.798898816109, -0.805488884449, -0.814916014671, -0.774870872498], "dmean2": [0.0960678979754, 0.0764482915401, 0.0626047700644, 0.0527941025794, 0.0408980809152, 0.0405514277518], "dmean": [0.0587748587132, 0.0478764250875, 0.0407891497016, 0.0340427793562, 0.0267926901579, 0.0262463558465], "var": [0.00881738401949, 0.00848282221705, 0.00963757559657, 0.00657609151676, 0.00429629534483, 0.0033557054121], "dvar": [0.00289532518946, 0.00173092773184, 0.00143377215136, 0.00100859685335, 0.000691817258485, 0.000852988858242], "mean": [-0.645658314228, -0.731424510479, -0.773743152618, -0.788586735725, -0.802478969097, -0.773660421371]}, "dissonance": {"min": 0.196571171284, "max": 0.500000119209, "dvar2": 0.00193985935766, "median": 0.451654106379, "dmean2": 0.0472262240946, "dmean": 0.0288761183619, "var": 0.00180843402632, "dvar": 0.000751432031393, "mean": 0.442674487829}, "spectral_energyband_high": {"min": 7.27323999085e-21, "max": 0.0202572997659, "dvar2": 6.12201438344e-06, "median": 4.36554655607e-05, "dmean2": 0.000918078178074, "dmean": 0.000587948015891, "var": 3.21772699863e-06, "dvar": 2.7438509278e-06, "mean": 0.000626145803835}, "spectral_skewness": {"min": -0.176717743278, "max": 10.1005802155, "dvar2": 0.611177802086, "median": 1.91541671753, "dmean2": 0.742000281811, "dmean": 0.488074809313, "var": 1.09175276756, "dvar": 0.305977553129, "mean": 2.11367058754}, "spectral_flux": {"min": 6.40479752567e-11, "max": 0.386193186045, "dvar2": 0.00491872802377, "median": 0.0478852689266, "dmean2": 0.0503497123718, "dmean": 0.0315918028355, "var": 0.00476043811068, "dvar": 0.00239557866007, "mean": 0.0702578350902}, "silence_rate_30dB": {"min": 0, "max": 1, "dvar2": 0.0265211202204, "median": 1, "dmean2": 0.0184558592737, "dmean": 0.0092269834131, "var": 0.00499801151454, "dvar": 0.00914146006107, "mean": 0.994976937771}, "spectral_energyband_middle_high": {"min": 1.18497368891e-21, "max": 0.0688649639487, "dvar2": 1.04554528662e-05, "median": 0.000855663383845, "dmean2": 0.00176473893225, "dmean": 0.00123978534248, "var": 3.33586867782e-05, "dvar": 5.64038145967e-06, "mean": 0.00322634121403}, "barkbands_spread": {"min": 0.517670154572, "max": 118.310882568, "dvar2": 258.022186279, "median": 10.8499393463, "dmean2": 10.6642541885, "dmean": 6.69031906128, "var": 207.849243164, "dvar": 114.062217712, "mean": 15.3789958954}, "spectral_centroid": {"min": 156.109085083, "max": 11482.8876953, "dvar2": 465091.875, "median": 795.83380127, "dmean2": 457.465545654, "dmean": 294.566314697, "var": 768441, "dvar": 226704.796875, "mean": 1035.07189941}, "pitch_salience": {"min": 0.0621298998594, "max": 0.995649516582, "dvar2": 0.0200716275722, "median": 0.613284766674, "dmean2": 0.143239751458, "dmean": 0.0869622379541, "var": 0.0188767239451, "dvar": 0.00821238569915, "mean": 0.593413770199}, "erbbands_skewness": {"min": -4.82722091675, "max": 6.80063056946, "dvar2": 0.691267490387, "median": 0.801442205906, "dmean2": 0.793295741081, "dmean": 0.519263982773, "var": 1.07338428497, "dvar": 0.317132383585, "mean": 0.806186497211}, "erbbands_crest": {"min": 2.3321223259, "max": 33.1820144653, "dvar2": 19.8679904938, "median": 9.47393894196, "dmean2": 4.87364006042, "dmean": 3.06517386436, "var": 27.4538383484, "dvar": 8.52010059357, "mean": 10.7364149094}, "melbands": {"min": [1.40127295304e-24, 1.0278106205e-24, 2.2910429731e-24, 4.92938432631e-24, 4.00662256547e-24, 2.85139355383e-24, 1.90279107632e-24, 3.91725724668e-24, 3.51000662107e-24, 1.21046179817e-24, 3.57528328325e-24, 4.31714937777e-24, 4.33874365619e-24, 2.00046980575e-24, 4.1308366036e-24, 4.98926794091e-24, 4.54075594566e-24, 2.38841286349e-24, 2.43602614115e-24, 3.57499613788e-24, 3.8811842152e-24, 4.51710076812e-24, 3.937003224e-24, 6.36685337312e-24, 3.13742406566e-24, 4.96375617924e-24, 5.1713792419e-24, 4.55336983153e-24, 6.96920744439e-24, 5.67625968757e-24, 4.77745642128e-24, 6.55447013436e-24, 6.26385219916e-24, 6.70253301538e-24, 7.13489190032e-24, 6.49604630686e-24, 6.93664957711e-24, 5.47758349087e-24, 6.47633464499e-24, 7.38079562169e-24], "max": [0.017922539264, 0.0326911732554, 0.0136843565851, 0.0128214582801, 0.0272879842669, 0.0142562873662, 0.0091405082494, 0.00734874419868, 0.0104736210778, 0.0112534090877, 0.00467663398013, 0.00613801972941, 0.00427426211536, 0.00545027852058, 0.00227878126316, 0.00244544446468, 0.00219771265984, 0.00321526778862, 0.00172578927595, 0.000912936229724, 0.00149825261906, 0.00245210551657, 0.000577572965994, 0.000456762150861, 0.000322966603562, 0.000336396013154, 0.000497545639519, 0.000447848986369, 0.000154031426064, 0.000323384592775, 0.000325656612404, 0.000109230000817, 7.06606442691e-05, 0.000113154797873, 0.000107215120806, 0.000112722729682, 7.73507199483e-05, 8.35763348732e-05, 0.00010526299593, 6.68132852297e-05], "dvar2": [4.9792961363e-06, 2.98825962091e-05, 3.8411285459e-06, 5.02843840877e-06, 2.61916757154e-05, 2.50592893281e-06, 4.58806368897e-07, 3.81595157251e-07, 4.18608237851e-07, 2.36115553776e-07, 4.25874766563e-08, 4.86603610739e-08, 3.02126714757e-08, 3.14895878262e-08, 1.6870250974e-08, 1.48435921332e-08, 7.50203366096e-09, 1.21772814055e-08, 6.40819530773e-09, 1.79216275153e-09, 3.18452575421e-09, 2.26118523905e-09, 6.26840968021e-10, 3.75947800668e-10, 3.77414710595e-10, 3.05699104919e-10, 3.02942060326e-10, 2.20163137721e-10, 1.02569445992e-10, 7.98222155041e-10, 5.97834226568e-10, 8.37606581316e-11, 3.30874702636e-11, 4.09713131477e-11, 5.45557002352e-11, 4.35176061853e-11, 4.12762081459e-11, 4.31703978121e-11, 2.43956747165e-11, 2.2332156957e-11], "median": [2.2783764507e-05, 5.80301530135e-05, 9.85886290437e-05, 9.30319729378e-05, 8.80964071257e-05, 9.19933154364e-05, 5.06176256749e-05, 4.01967117796e-05, 3.48272151314e-05, 1.84842483577e-05, 9.11348979571e-06, 8.62638353283e-06, 7.68234076531e-06, 6.04032538831e-06, 5.07158392793e-06, 4.1711027734e-06, 2.7228484214e-06, 2.43122212851e-06, 2.1752819066e-06, 1.6321619114e-06, 1.13814655833e-06, 8.66335710725e-07, 8.6849473746e-07, 9.01361715933e-07, 8.13641747754e-07, 6.61576223138e-07, 4.94962421271e-07, 3.91691742152e-07, 3.2968546293e-07, 2.28888254128e-07, 1.39072540151e-07, 1.02669140745e-07, 7.1184558692e-08, 6.49977422995e-08, 5.18550926643e-08, 3.16723287597e-08, 2.32157724156e-08, 1.76214154379e-08, 1.47191956401e-08, 1.11987814577e-08], "dmean2": [0.000735140871257, 0.00162287591957, 0.000631052418612, 0.000746880366933, 0.00125632702839, 0.000504265422933, 0.000275719270576, 0.000249816803262, 0.000273299752735, 0.000183880649274, 7.21037358744e-05, 7.14864145266e-05, 5.99907398282e-05, 5.03137453052e-05, 4.64060067316e-05, 3.97474286729e-05, 2.74012727459e-05, 2.77524668491e-05, 2.35470033658e-05, 1.54577573994e-05, 1.26463937704e-05, 1.06621810119e-05, 8.0374729805e-06, 6.12643862041e-06, 7.74240470491e-06, 6.21247636445e-06, 5.99602435614e-06, 4.85291866426e-06, 4.0131658352e-06, 7.18363617125e-06, 6.31019020148e-06, 3.53025484401e-06, 2.17875140152e-06, 2.16968510358e-06, 2.3198110739e-06, 1.93456912712e-06, 1.86023896731e-06, 1.83947940968e-06, 1.38639018132e-06, 1.3281903648e-06], "dmean": [0.000458635418909, 0.000926063687075, 0.000351869442966, 0.000417133211158, 0.000697911775205, 0.000288152688881, 0.00017474796914, 0.000156076886924, 0.000181957380846, 0.000128559870063, 5.16890941071e-05, 4.8499332479e-05, 3.94055277866e-05, 3.27339257638e-05, 3.11171716021e-05, 2.64081209025e-05, 1.86455436051e-05, 1.86005363503e-05, 1.51237418322e-05, 9.89667023532e-06, 8.05084891908e-06, 6.9266184255e-06, 4.92644767291e-06, 3.90156719732e-06, 4.71734210805e-06, 3.89291244574e-06, 3.86402234653e-06, 3.08175322061e-06, 2.5355877824e-06, 4.43575845566e-06, 3.78080608243e-06, 2.08638971344e-06, 1.33729747631e-06, 1.39685755585e-06, 1.45032402088e-06, 1.19721971714e-06, 1.15701459436e-06, 1.14368492632e-06, 9.05787203465e-07, 8.52057439715e-07], "var": [3.52399433723e-06, 9.35339357966e-06, 8.89395380455e-07, 1.2338147144e-06, 5.86827809457e-06, 6.48463412745e-07, 3.11008761855e-07, 2.59344773212e-07, 4.9093398502e-07, 6.00433736508e-07, 8.07410316384e-08, 7.61302132446e-08, 4.93861520567e-08, 2.58452583779e-08, 1.94190992175e-08, 2.45471962756e-08, 9.17602527295e-09, 9.73797220638e-09, 4.61695659482e-09, 2.58327204072e-09, 2.07979278244e-09, 4.68532501685e-09, 4.00249638988e-10, 2.68298050443e-10, 2.56713122981e-10, 3.06915409753e-10, 3.13042786138e-10, 1.88643184407e-10, 8.63753790714e-11, 2.99004876414e-10, 1.83625087358e-10, 3.31195869341e-11, 1.69044830217e-11, 2.33217906792e-11, 2.65095150692e-11, 2.0471929707e-11, 1.86305554317e-11, 1.89887012364e-11, 1.50748597633e-11, 1.11240539349e-11], "dvar": [2.60460069512e-06, 1.09767834147e-05, 1.33904006816e-06, 1.83410645604e-06, 9.40671543503e-06, 8.75004843692e-07, 1.96373349581e-07, 1.52285537069e-07, 1.83998878356e-07, 1.26748062712e-07, 2.33977139885e-08, 2.44730564702e-08, 1.43530325403e-08, 1.31116513202e-08, 8.30115443051e-09, 6.81673162362e-09, 4.06843758682e-09, 5.60366508751e-09, 2.73122213734e-09, 8.24356916063e-10, 1.31157085193e-09, 1.21949117471e-09, 2.60626603632e-10, 1.58100338377e-10, 1.539049721e-10, 1.32285904453e-10, 1.45262801787e-10, 9.86864895358e-11, 4.45626001377e-11, 3.2741695466e-10, 2.28959573523e-10, 3.33571226196e-11, 1.4111442917e-11, 1.8259969925e-11, 2.32884735801e-11, 1.81096804219e-11, 1.73318616403e-11, 1.81457609355e-11, 1.14663252851e-11, 1.01418005938e-11], "mean": [0.000559411011636, 0.000881817017216, 0.000355842028512, 0.000365218380466, 0.000568384421058, 0.000336450262694, 0.00026268849615, 0.000246946176048, 0.000326884328388, 0.000274170772173, 9.53214184847e-05, 8.32893347251e-05, 6.94767804816e-05, 5.03648479935e-05, 4.8140562285e-05, 4.75991946587e-05, 2.79452397081e-05, 2.66976348939e-05, 2.1848049073e-05, 1.50451487571e-05, 1.06774632513e-05, 1.04360342448e-05, 6.28543648418e-06, 5.38312269782e-06, 5.78971003051e-06, 5.44154863746e-06, 5.34078026249e-06, 4.23669507654e-06, 3.36263633471e-06, 4.19406933361e-06, 3.33384195983e-06, 1.90266234767e-06, 1.32207833303e-06, 1.44768694099e-06, 1.42712099205e-06, 1.11136660053e-06, 1.06177139969e-06, 1.02706724192e-06, 9.11588301733e-07, 7.91526758803e-07]}, "spectral_entropy": {"min": 4.76913547516, "max": 9.81266117096, "dvar2": 0.211935520172, "median": 7.1087770462, "dmean2": 0.43195822835, "dmean": 0.296836674213, "var": 0.41391608119, "dvar": 0.112898722291, "mean": 7.14048242569}, "spectral_rolloff": {"min": 21.533203125, "max": 19401.4160156, "dvar2": 4483517, "median": 710.595703125, "dmean2": 1050.80432129, "dmean": 609.987670898, "var": 3448332.75, "dvar": 1925172.125, "mean": 1321.45056152}, "barkbands": {"min": [1.18367999509e-25, 6.14161977961e-24, 1.36627060303e-24, 4.93804996335e-24, 2.34655306396e-23, 1.44123767201e-23, 7.01260110507e-24, 1.4258484157e-23, 9.2056643983e-24, 1.99368564141e-23, 3.37687908579e-23, 1.45088102326e-23, 4.71023135155e-23, 5.49793957321e-23, 3.7142417628e-23, 5.17660970524e-23, 8.97052862828e-23, 1.06680563221e-22, 1.39683991762e-22, 2.07410262696e-22, 2.47162920085e-22, 3.68599082362e-22, 4.38229070297e-22, 5.65317970008e-22, 1.01207436163e-21, 1.21127241822e-21, 2.04018544505e-21], "max": [0.00156786898151, 0.0671421587467, 0.0670965835452, 0.0284192711115, 0.110046952963, 0.0741459801793, 0.0447478890419, 0.0383456535637, 0.0641430616379, 0.0341798141599, 0.0308557432145, 0.0402240641415, 0.0209273807704, 0.029162529856, 0.0311135966331, 0.0167750641704, 0.0267961546779, 0.00735405879095, 0.00800768192858, 0.00940801948309, 0.0110323224217, 0.00360329099931, 0.00655743060634, 0.00550324097276, 0.00546164065599, 0.00360611779615, 0.000795242725872], "dvar2": [1.8479120456e-08, 0.000116547133075, 0.00012632603466, 1.00886582004e-05, 0.000414717826061, 8.79490617081e-05, 1.04539622043e-05, 1.09730526674e-05, 1.28863466671e-05, 1.86505496913e-06, 1.95268330572e-06, 1.89738682366e-06, 1.47314494825e-06, 1.12396048735e-06, 1.61874095284e-06, 5.08122980136e-07, 5.41196584436e-07, 1.596418997e-07, 1.78366661885e-07, 1.69663110228e-07, 9.16144699659e-07, 1.29509359681e-07, 1.78592216571e-07, 2.16560067656e-07, 2.17592372564e-07, 7.31812335175e-08, 1.18263079329e-08], "median": [7.95313608251e-05, 8.07230098872e-05, 0.00012908372446, 0.000166951591382, 0.00046277869842, 0.0004408446257, 0.000194497668417, 0.000169423379702, 0.000129346371978, 4.54354303656e-05, 4.63025207864e-05, 5.52278652322e-05, 5.12183542014e-05, 2.58739273704e-05, 2.90880216198e-05, 2.13031526073e-05, 1.40556912811e-05, 1.98956458917e-05, 1.90372011275e-05, 1.47175633174e-05, 1.0334111721e-05, 4.84685642732e-06, 3.39476946465e-06, 1.85445492207e-06, 1.16481680834e-06, 3.30486130906e-07, 8.91229916533e-08], "dmean2": [5.96519639657e-05, 0.00348778744228, 0.00314249936491, 0.00113117822912, 0.00544124562293, 0.00281806942075, 0.00129947718233, 0.00134401395917, 0.00135964888614, 0.000419808697188, 0.000478086527437, 0.000437023234554, 0.000415863847593, 0.00030048948247, 0.000314432138111, 0.000218540735659, 0.00017466362624, 0.00013896440214, 0.000171969702933, 0.000153823639266, 0.000260936765699, 0.000143577432027, 0.000135847687488, 0.000137528171763, 0.000133373672725, 7.33057968318e-05, 2.76040482277e-05], "dmean": [3.8766534999e-05, 0.00208115624264, 0.00176328455564, 0.000625718152151, 0.00300335744396, 0.00159766629804, 0.000830061908346, 0.000851825636346, 0.000923566229176, 0.000286930793663, 0.000316929479595, 0.000287964357994, 0.00027530072839, 0.000200476744794, 0.000201557340915, 0.00013541309454, 0.000111466615635, 8.731289563e-05, 0.000106720523036, 9.96872186079e-05, 0.000161109506735, 8.63954192027e-05, 8.55409380165e-05, 8.77689089975e-05, 8.7219865236e-05, 5.01757785969e-05, 1.87886616914e-05], "var": [1.08792113096e-08, 6.2642757257e-05, 2.993050839e-05, 2.35593097386e-06, 9.20559468796e-05, 2.14773572225e-05, 7.41105623092e-06, 9.74876820692e-06, 2.63208767137e-05, 3.47952550328e-06, 3.4894833334e-06, 1.54298470534e-06, 2.31798958339e-06, 1.1046720374e-06, 9.35099706112e-07, 3.88842295251e-07, 8.27475957976e-07, 1.04396811196e-07, 1.78593722922e-07, 1.92269624222e-07, 3.34887317877e-07, 5.96602447445e-08, 9.1407223124e-08, 1.13027461168e-07, 1.15447335247e-07, 4.22478123596e-08, 5.70640734665e-09], "dvar": [8.49938608383e-09, 5.22806440131e-05, 4.46181438747e-05, 3.45163221027e-06, 0.000148561754031, 3.07581467496e-05, 4.46498097517e-06, 4.53989423477e-06, 6.32882802165e-06, 1.06075708572e-06, 9.43628833738e-07, 7.92528055626e-07, 6.85585348492e-07, 5.68610175833e-07, 6.55571739117e-07, 2.05385433105e-07, 2.65325013515e-07, 6.52135057067e-08, 7.65250049994e-08, 8.0399651381e-08, 3.68396513295e-07, 5.36922932781e-08, 7.73970612045e-08, 9.5756895746e-08, 1.01436185673e-07, 3.5702537815e-08, 5.50790479892e-09], "mean": [9.78990719886e-05, 0.00229857163504, 0.00149663130287, 0.000615791825112, 0.00236483896151, 0.00177088333294, 0.0012587608071, 0.00138590345159, 0.00200492236763, 0.000492946419399, 0.000566035450902, 0.000431498512626, 0.000505401694681, 0.000296602665912, 0.000289730029181, 0.000187776167877, 0.000161627016496, 0.000115129252663, 0.000146844700794, 0.000146268255776, 0.000157465052325, 8.2941223809e-05, 8.50211508805e-05, 8.43903180794e-05, 8.19616325316e-05, 4.6823755838e-05, 1.63196527865e-05]}, "melbands_flatness_db": {"min": 0.00374449370429, "max": 0.630013465881, "dvar2": 0.00444677006453, "median": 0.237590059638, "dmean2": 0.0606886036694, "dmean": 0.0408362820745, "var": 0.00823428295553, "dvar": 0.00220713461749, "mean": 0.245129093528}, "melbands_skewness": {"min": -3.0000140667, "max": 12.7405004501, "dvar2": 2.37641954422, "median": 1.88033652306, "dmean2": 1.34923934937, "dmean": 0.873688340187, "var": 2.91541552544, "dvar": 1.03306412697, "mean": 2.22260212898}, "barkbands_skewness": {"min": -5.32090568542, "max": 10.6527194977, "dvar2": 1.66509711742, "median": 1.2513821125, "dmean2": 1.12201023102, "dmean": 0.716934323311, "var": 1.91063141823, "dvar": 0.726777732372, "mean": 1.45195794106}, "silence_rate_60dB": {"min": 0, "max": 1, "dvar2": 0.137806922197, "median": 0, "dmean2": 0.14395570755, "dmean": 0.0719704702497, "var": 0.210522845387, "dvar": 0.0667953789234, "mean": 0.301281392574}, "spectral_energyband_low": {"min": 1.22153028581e-23, "max": 0.109305731952, "dvar2": 0.000312276009936, "median": 0.000394781818613, "dmean2": 0.00587782263756, "dmean": 0.00345810316503, "var": 0.000152569802594, "dvar": 0.00012728771253, "mean": 0.00414093118161}, "spectral_energyband_middle_low": {"min": 1.85997346554e-22, "max": 0.172889322042, "dvar2": 0.000919370620977, "median": 0.00430799787864, "dmean2": 0.0105461040512, "dmean": 0.00627635978162, "var": 0.000308181159198, "dvar": 0.000348344416125, "mean": 0.00949372071773}, "melbands_kurtosis": {"min": -1.9124083519, "max": 255.961120605, "dvar2": 718.718261719, "median": 6.49228477478, "dmean2": 14.6769790649, "dmean": 8.89218044281, "var": 464.506713867, "dvar": 286.716796875, "mean": 13.412940979}, "spectral_decrease": {"min": -4.70543106701e-08, "max": 1.51510116127e-28, "dvar2": 8.1820590143e-17, "median": -1.99748706464e-09, "dmean2": 3.9527177087e-09, "dmean": 2.41691222591e-09, "var": 3.83935351921e-17, "dvar": 3.26198244426e-17, "mean": -4.21666435102e-09}, "erbbands_kurtosis": {"min": -1.82291471958, "max": 71.8204956055, "dvar2": 18.4524669647, "median": 0.858148813248, "dmean2": 2.79564189911, "dmean": 1.79682457447, "var": 21.6417140961, "dvar": 8.39821243286, "mean": 2.08248996735}, "melbands_crest": {"min": 1.57041752338, "max": 36.2415122986, "dvar2": 30.4165420532, "median": 12.7312412262, "dmean2": 6.1734790802, "dmean": 3.71379566193, "var": 27.7612628937, "dvar": 11.7526159286, "mean": 13.5540151596}, "gfcc": {"cov": [[22296.34375, -2283.1472168, -2396.41674805, 607.421203613, -1440.46899414, 237.34614563, -421.96774292, 323.550415039, -259.645385742, 138.783721924, -152.490432739, -99.841217041, -103.607406616], [-2283.1472168, 2874.16870117, -83.6282043457, -230.377563477, 634.885498047, -226.835906982, 333.828033447, -112.681800842, 219.785888672, -113.965835571, 139.948394775, -80.9282608032, 78.6624069214], [-2396.41674805, -83.6282043457, 1385.26623535, 169.714660645, 149.479873657, 78.9061279297, -29.8055934906, 9.76293468475, -23.8445167542, -17.4125862122, -6.70908784866, 65.3871383667, -26.8102016449], [607.421203613, -230.377563477, 169.714660645, 721.758911133, 67.8139648438, 106.514587402, 51.6118125916, 58.364566803, 49.1613998413, -26.773853302, -24.2404270172, 2.18068003654, -3.64902901649], [-1440.46899414, 634.885498047, 149.479873657, 67.8139648438, 474.747589111, 32.2752189636, 138.539474487, -5.53892421722, 83.0971298218, -29.1804161072, 14.2260742188, 7.86137723923, 33.6544799805], [237.34614563, -226.835906982, 78.9061279297, 106.514587402, 32.2752189636, 261.038970947, 51.4030723572, 46.6346893311, 3.77491617203, 13.1919622421, -16.2785129547, -22.4778175354, -4.88031721115], [-421.96774292, 333.828033447, -29.8055934906, 51.6118125916, 138.539474487, 51.4030723572, 221.957244873, 39.9284591675, 57.7103385925, -2.19844913483, 15.8279476166, -33.7792396545, 12.9448156357], [323.550415039, -112.681800842, 9.76293468475, 58.364566803, -5.53892421722, 46.6346893311, 39.9284591675, 163.448028564, 36.6255531311, -3.55223345757, -7.66793489456, -16.3332157135, 5.49464941025], [-259.645385742, 219.785888672, -23.8445167542, 49.1613998413, 83.0971298218, 3.77491617203, 57.7103385925, 36.6255531311, 128.941925049, 11.4796600342, 18.2812137604, -2.92523884773, 11.6377849579], [138.783721924, -113.965835571, -17.4125862122, -26.773853302, -29.1804161072, 13.1919622421, -2.19844913483, -3.55223345757, 11.4796600342, 102.061843872, 20.1893863678, -4.13263750076, 0.619631409645], [-152.490432739, 139.948394775, -6.70908784866, -24.2404270172, 14.2260742188, -16.2785129547, 15.8279476166, -7.66793489456, 18.2812137604, 20.1893863678, 95.1549682617, 24.8172798157, 4.70456600189], [-99.841217041, -80.9282608032, 65.3871383667, 2.18068003654, 7.86137723923, -22.4778175354, -33.7792396545, -16.3332157135, -2.92523884773, -4.13263750076, 24.8172798157, 100.772171021, 13.5214576721], [-103.607406616, 78.6624069214, -26.8102016449, -3.64902901649, 33.6544799805, -4.88031721115, 12.9448156357, 5.49464941025, 11.6377849579, 0.619631409645, 4.70456600189, 13.5214576721, 82.5097427368]], "icov": [[8.50599171827e-05, -5.5780466937e-05, 0.000159767238074, -0.000134627363877, 0.000212597864447, -0.000132269924507, 0.000147569837281, -0.000217612032429, 0.000195059139514, -0.000165948586073, 0.000128056461108, -0.000138169678394, 9.18245495996e-05], [-5.5780466937e-05, 0.0010486060055, -0.000143317927723, 0.000436463684309, -0.00103319413029, 0.000921734317672, -0.000870652496815, 0.000997022609226, -0.00118817784823, 0.00141636235639, -0.00142266240437, 0.00147470377851, -0.000554476864636], [0.000159767238074, -0.000143317927723, 0.00114408601075, -0.000423300109105, 3.67118591384e-05, -0.000484289659653, 0.000575319980271, -0.000603281427175, 0.000756321358494, -0.000421374745201, 0.000347381021129, -0.00086930784164, 0.000615720869973], [-0.000134627363877, 0.000436463684309, -0.000423300109105, 0.00193661323283, -0.000628780690022, -5.00975438626e-05, -0.000644286628813, 0.000402773468522, -0.00128770561423, 0.00115048338193, -0.000270900956821, 0.000439475959865, -0.000192880615941], [0.000212597864447, -0.00103319413029, 3.67118591384e-05, -0.000628780690022, 0.00450776331127, -0.00125480745919, -0.000693523441441, -0.000298782484606, -0.000230974706938, -0.000538249209058, 0.00157911458518, -0.00192096910905, -0.000286683440208], [-0.000132269924507, 0.000921734317672, -0.000484289659653, -5.00975438626e-05, -0.00125480745919, 0.00552521692589, -0.0017475533532, 2.09724362321e-07, -0.000337663514074, 0.000247308984399, -0.000651258451398, 0.00187213358004, -0.000315539189614], [0.000147569837281, -0.000870652496815, 0.000575319980271, -0.000644286628813, -0.000693523441441, -0.0017475533532, 0.00770594272763, -0.00201985775493, -0.000104253005702, -0.00101264554542, -0.00028307249886, 0.0010124706896, 0.000151384898345], [-0.000217612032429, 0.000997022609226, -0.000603281427175, 0.000402773468522, -0.000298782484606, 2.09724362321e-07, -0.00201985775493, 0.00869830884039, -0.00367835187353, 0.00227884552442, -0.000937287055422, 0.00212054909207, -0.00133484147955], [0.000195059139514, -0.00118817784823, 0.000756321358494, -0.00128770561423, -0.000230974706938, -0.000337663514074, -0.000104253005702, -0.00367835187353, 0.0122314700857, -0.00347155588679, 0.000326965906424, -0.00184539880138, 0.000486695120344], [-0.000165948586073, 0.00141636235639, -0.000421374745201, 0.00115048338193, -0.000538249209058, 0.000247308984399, -0.00101264554542, 0.00227884552442, -0.00347155588679, 0.0131106367335, -0.00445952545851, 0.00305259390734, -0.00125823204871], [0.000128056461108, -0.00142266240437, 0.000347381021129, -0.000270900956821, 0.00157911458518, -0.000651258451398, -0.00028307249886, -0.000937287055422, 0.000326965906424, -0.00445952545851, 0.0146993137896, -0.00569476140663, 0.00112471461762], [-0.000138169678394, 0.00147470377851, -0.00086930784164, 0.000439475959865, -0.00192096910905, 0.00187213358004, 0.0010124706896, 0.00212054909207, -0.00184539880138, 0.00305259390734, -0.00569476140663, 0.0146644692868, -0.00308936438523], [9.18245495996e-05, -0.000554476864636, 0.000615720869973, -0.000192880615941, -0.000286683440208, -0.000315539189614, 0.000151384898345, -0.00133484147955, 0.000486695120344, -0.00125823204871, 0.00112471461762, -0.00308936438523, 0.0135016059503]], "mean": [-107.166244507, 114.163337708, -113.468452454, 11.8893527985, -59.5932998657, -2.25360202789, -32.0743904114, -1.61842131615, -21.1223258972, 1.25277674198, -12.3672933578, -4.6408624649, -9.41655635834]}, "melbands_spread": {"min": 0.526503264904, "max": 283.997009277, "dvar2": 578.466308594, "median": 11.9813957214, "dmean2": 12.9630508423, "dmean": 8.17908477783, "var": 579.697265625, "dvar": 278.560974121, "mean": 18.6661510468}, "spectral_energy": {"min": 1.00466780339e-20, "max": 0.188478782773, "dvar2": 0.00125947757624, "median": 0.00827934127301, "dmean2": 0.0156171899289, "dmean": 0.00966220162809, "var": 0.000623323780019, "dvar": 0.000510506215505, "mean": 0.0171889588237}, "mfcc": {"cov": [[16414.7539062, -1496.34118652, -1507.73071289, 118.442840576, -887.350830078, -230.572021484, -283.979858398, -107.830886841, -127.223968506, 95.8137741089, -57.6871986389, -27.3616600037, -35.377117157], [-1496.34118652, 2663.00488281, -222.166885376, -2.37160921097, 137.195449829, -21.256816864, 75.0062103271, 22.8163013458, 38.7315139771, -11.0981149673, 56.2773399353, 22.9244804382, 48.6503601074], [-1507.73071289, -222.166885376, 1055.82495117, 89.4284896851, 183.306274414, 64.5897445679, 44.540019989, 39.6043014526, -5.64863204956, -48.528717041, 1.89890325069, 21.1757011414, -12.6544942856], [118.442840576, -2.37160921097, 89.4284896851, 509.278900146, 124.254699707, 79.7395401001, 36.8887405396, 87.6885986328, 76.4026031494, -11.3382692337, 26.2899265289, 53.1524353027, -7.99230861664], [-887.350830078, 137.195449829, 183.306274414, 124.254699707, 298.133026123, 84.4584197998, 41.8506011963, 71.5328521729, 57.6812515259, -8.93797397614, 3.23402118683, 6.68129444122, 5.535135746], [-230.572021484, -21.256816864, 64.5897445679, 79.7395401001, 84.4584197998, 230.218276978, 72.0589599609, 37.3086547852, 44.1098632812, 19.4262828827, 28.4536800385, -3.83928918839, -6.75592374802], [-283.979858398, 75.0062103271, 44.540019989, 36.8887405396, 41.8506011963, 72.0589599609, 157.551712036, 49.9973907471, 40.5754432678, 39.9184913635, 16.9200496674, 0.689483940601, 4.70791864395], [-107.830886841, 22.8163013458, 39.6043014526, 87.6885986328, 71.5328521729, 37.3086547852, 49.9973907471, 165.76385498, 57.3122253418, 12.6865768433, 24.122674942, 9.18033599854, 6.19846963882], [-127.223968506, 38.7315139771, -5.64863204956, 76.4026031494, 57.6812515259, 44.1098632812, 40.5754432678, 57.3122253418, 143.638137817, 48.6352386475, 8.32595539093, 12.1076717377, 6.88276195526], [95.8137741089, -11.0981149673, -48.528717041, -11.3382692337, -8.93797397614, 19.4262828827, 39.9184913635, 12.6865768433, 48.6352386475, 145.215316772, 15.5111856461, -8.00545883179, 10.0778465271], [-57.6871986389, 56.2773399353, 1.89890325069, 26.2899265289, 3.23402118683, 28.4536800385, 16.9200496674, 24.122674942, 8.32595539093, 15.5111856461, 107.753578186, 32.7770576477, -4.3982424736], [-27.3616600037, 22.9244804382, 21.1757011414, 53.1524353027, 6.68129444122, -3.83928918839, 0.689483940601, 9.18033599854, 12.1076717377, -8.00545883179, 32.7770576477, 95.4442901611, 15.4851665497], [-35.377117157, 48.6503601074, -12.6544942856, -7.99230861664, 5.535135746, -6.75592374802, 4.70791864395, 6.19846963882, 6.88276195526, 10.0778465271, -4.3982424736, 15.4851665497, 79.2433776855]], "icov": [[8.85427434696e-05, 4.290578363e-05, 0.000103243197373, -9.74630456767e-05, 0.000212250000914, -1.14023878268e-05, 9.67543164734e-05, -6.09724884271e-05, 5.39806496818e-05, -5.76765160076e-05, 4.3863135943e-05, 8.49608204589e-06, 6.48856439511e-06], [4.290578363e-05, 0.000445352488896, 0.000191800631001, 4.41585029876e-07, -0.00022037391318, 0.000194450651179, -0.000240005785599, 9.43669147091e-05, -4.1743805923e-05, 0.000148336737766, -0.00027662111097, 2.69626016234e-05, -0.000220602480113], [0.000103243197373, 0.000191800631001, 0.00126988359261, -0.000113153058919, -0.000528578471858, -1.84238760994e-05, -0.000243756294367, -4.7823334171e-05, 0.000385077117244, 0.000242542111664, 5.29273493157e-05, -0.000265848182607, 0.000163884367794], [-9.74630456767e-05, 4.41585029876e-07, -0.000113153058919, 0.002687450964, -0.000849200063385, -0.00045031926129, -4.77525281894e-05, -0.000673440052196, -0.000836474646349, 0.000480651535327, 2.44118655246e-05, -0.00134618708398, 0.000561579421628], [0.000212250000914, -0.00022037391318, -0.000528578471858, -0.000849200063385, 0.00557024078444, -0.00127830542624, 0.000433851819253, -0.00131795590278, -0.000950452813413, 0.000392567948438, 0.000740731484257, 0.000342804240063, -0.000354001385858], [-1.14023878268e-05, 0.000194450651179, -1.84238760994e-05, -0.00045031926129, -0.00127830542624, 0.00595339993015, -0.00222665490583, 0.000508173543494, -0.000776430184487, 0.000146334496094, -0.00158458040096, 0.0011138553964, 0.000259772525169], [9.67543164734e-05, -0.000240005785599, -0.000243756294367, -4.77525281894e-05, 0.000433851819253, -0.00222665490583, 0.00881185662001, -0.00188770762179, -0.000396513729356, -0.00196417514235, 0.000100662720797, 4.22128032369e-05, -0.00016762688756], [-6.09724884271e-05, 9.43669147091e-05, -4.7823334171e-05, -0.000673440052196, -0.00131795590278, 0.000508173543494, -0.00188770762179, 0.00835763290524, -0.00230357493274, 0.000665720319375, -0.00175434665289, 0.00073070457438, -0.000691664696205], [5.39806496818e-05, -4.1743805923e-05, 0.000385077117244, -0.000836474646349, -0.000950452813413, -0.000776430184487, -0.000396513729356, -0.00230357493274, 0.0102778673172, -0.00326105835848, 0.00113750214223, -0.00131414236967, 7.276263932e-05], [-5.76765160076e-05, 0.000148336737766, 0.000242542111664, 0.000480651535327, 0.000392567948438, 0.000146334496094, -0.00196417514235, 0.000665720319375, -0.00326105835848, 0.00897775776684, -0.00166495190933, 0.00149170449004, -0.00122235319577], [4.3863135943e-05, -0.00027662111097, 5.29273493157e-05, 2.44118655246e-05, 0.000740731484257, -0.00158458040096, 0.000100662720797, -0.00175434665289, 0.00113750214223, -0.00166495190933, 0.0118171060458, -0.00452779699117, 0.00179835222661], [8.49608204589e-06, 2.69626016234e-05, -0.000265848182607, -0.00134618708398, 0.000342804240063, 0.0011138553964, 4.22128032369e-05, 0.00073070457438, -0.00131414236967, 0.00149170449004, -0.00452779699117, 0.0135920066386, -0.00316255958751], [6.48856439511e-06, -0.000220602480113, 0.000163884367794, 0.000561579421628, -0.000354001385858, 0.000259772525169, -0.00016762688756, -0.000691664696205, 7.276263932e-05, -0.00122235319577, 0.00179835222661, -0.00316255958751, 0.0138183813542]], "mean": [-745.988647461, 144.753311157, 1.77353584766, 15.4644536972, -6.62987470627, -0.582090735435, -3.57871484756, -5.36118078232, -4.69086408615, 0.00100191391539, -1.55786955357, -1.14075136185, -1.55501270294]}, "spectral_contrast_valleys": {"min": [-27.8702526093, -27.8405208588, -27.5206050873, -27.5585422516, -27.4476089478, -27.3381614685], "max": [-5.52447986603, -4.0158495903, -5.12430477142, -5.42811393738, -5.33225011826, -7.40308666229], "dvar2": [0.452430099249, 0.545249581337, 0.49897146225, 0.547014772892, 0.693971157074, 0.801781415939], "median": [-8.24851417542, -7.08629798889, -8.04524230957, -8.55814552307, -8.666680336, -11.503036499], "dmean2": [0.79073625803, 0.742693781853, 0.686931908131, 0.662011325359, 0.71347874403, 0.784721136093], "dmean": [0.496040940285, 0.473392814398, 0.448562860489, 0.448564261198, 0.510405123234, 0.590820550919], "var": [2.45939302444, 2.57115912437, 2.4821138382, 2.60611653328, 2.99445700645, 3.46666169167], "dvar": [0.217039316893, 0.262350022793, 0.244464486837, 0.273798823357, 0.396004289389, 0.543570995331], "mean": [-8.28212165833, -7.2184472084, -8.12440490723, -8.68175506592, -8.8757724762, -11.6090660095]}, "barkbands_flatness_db": {"min": 0.0155634004623, "max": 0.46068033576, "dvar2": 0.00279919500463, "median": 0.163018837571, "dmean2": 0.0490387864411, "dmean": 0.0323320142925, "var": 0.00426135957241, "dvar": 0.00132716854569, "mean": 0.166986882687}, "dynamic_complexity": 6.80911111832, "erbbands_flatness_db": {"min": 0.0283737722784, "max": 0.38162946701, "dvar2": 0.00126084056683, "median": 0.196695804596, "dmean2": 0.0363033004105, "dmean": 0.0256545897573, "