{"lowlevel": {"spectral_complexity": {"min": 0, "max": 57, "dvar2": 57.5277137756, "median": 19, "dmean2": 6.73600387573, "dmean": 4.36047792435, "var": 160.617614746, "dvar": 27.4281024933, "mean": 19.3891429901}, "silence_rate_20dB": {"min": 1, "max": 1, "dvar2": 0, "median": 1, "dmean2": 0, "dmean": 0, "var": 0, "dvar": 0, "mean": 1}, "average_loudness": 0.940376341343, "erbbands_spread": {"min": 1.20094764233, "max": 173.671737671, "dvar2": 409.290985107, "median": 53.5453796387, "dmean2": 18.9199352264, "dmean": 12.3845367432, "var": 633.535095215, "dvar": 177.179595947, "mean": 54.2201728821}, "spectral_kurtosis": {"min": -1.31746900082, "max": 64.0845489502, "dvar2": 24.4925346375, "median": 2.24521756172, "dmean2": 2.50151157379, "dmean": 1.50300312042, "var": 23.8534393311, "dvar": 9.4290599823, "mean": 3.54243040085}, "barkbands_kurtosis": {"min": -1.93621337414, "max": 1568.78588867, "dvar2": 11582.1474609, "median": 4.07023334503, "dmean2": 31.211435318, "dmean": 19.2361698151, "var": 6778.20703125, "dvar": 4771.4140625, "mean": 25.2930622101}, "spectral_strongpeak": {"min": 0, "max": 19.8268928528, "dvar2": 1.77654659748, "median": 0.302790313959, "dmean2": 0.625211954117, "dmean": 0.357155293226, "var": 0.660524427891, "dvar": 0.675487875938, "mean": 0.5033223629}, "spectral_spread": {"min": 1071866.625, "max": 40483004, "dvar2": 1217695973380.0, "median": 4843118, "dmean2": 821763.6875, "dmean": 578348.375, "var": 2522584186880.0, "dvar": 633781157888, "mean": 4943835}, "spectral_rms": {"min": 1.11700636296e-07, "max": 0.0137940151617, "dvar2": 6.8618160185e-06, "median": 0.00571755273268, "dmean2": 0.00227028271183, "dmean": 0.00142566976137, "var": 6.31132570561e-06, "dvar": 2.66729443865e-06, "mean": 0.00561821926385}, "erbbands": {"min": [7.74094399691e-11, 3.34081207143e-10, 7.42373940099e-10, 9.88456871909e-10, 9.12114495044e-10, 5.85134773967e-10, 2.97867536192e-10, 9.41391742337e-10, 7.20980430913e-09, 2.39917934408e-08, 2.90528614499e-08, 1.81205415117e-08, 8.29004065395e-09, 2.21772866738e-09, 5.62155344497e-09, 8.77457395632e-09, 3.42986572477e-09, 8.70714611523e-09, 1.18702230267e-08, 1.02945278968e-08, 3.74751296661e-09, 3.0353342062e-09, 5.92115956266e-09, 5.41255218423e-09, 1.45809342378e-09, 4.78737050003e-09, 1.52072914261e-08, 6.08927042123e-09, 1.68326952377e-08, 1.00404697889e-08, 7.02098734706e-09, 3.20067861104e-09, 6.8735124259e-09, 3.3077622863e-09, 4.76283767981e-09, 3.89910059795e-09, 1.10811904097e-09, 6.88605172883e-10, 2.08689149295e-10, 1.22213688822e-11], "max": [5.06405448914, 27.62707901, 116.759368896, 174.520355225, 199.38633728, 277.226928711, 144.605621338, 476.966430664, 445.738677979, 556.214416504, 738.205200195, 1396.33081055, 640.538696289, 534.62097168, 718.037597656, 1387.92956543, 605.718505859, 814.007568359, 514.471923828, 397.940948486, 649.518005371, 535.698059082, 413.817047119, 1556.74731445, 403.292633057, 1163.59521484, 762.749145508, 259.134307861, 148.024230957, 152.816101074, 118.127075195, 152.947845459, 81.0218353271, 31.7646751404, 11.7317008972, 6.24227237701, 1.56924283504, 0.394411176443, 0.0820550024509, 0.00589108839631], "dvar2": [0.677573382854, 37.4111862183, 815.22442627, 615.053405762, 674.78125, 1635.33349609, 318.798126221, 946.38494873, 677.884216309, 1520.10559082, 2779.99462891, 3101.90332031, 1463.98498535, 848.45904541, 1222.98034668, 2921.76074219, 1230.67736816, 1615.74987793, 1516.33325195, 683.893127441, 943.167175293, 811.379638672, 525.469360352, 2314.05419922, 1235.41638184, 2454.89770508, 946.604248047, 356.134429932, 125.123191833, 86.8501968384, 55.3954772949, 37.932723999, 15.3523712158, 2.91696763039, 0.567137718201, 0.0819678083062, 0.0238638427109, 0.00184615678154, 4.72777537652e-05, 2.53672823192e-07], "median": [0.281504362822, 1.99333536625, 3.23281574249, 4.0116071701, 4.99166822433, 5.6485748291, 4.85342788696, 5.32603740692, 5.10215473175, 5.3477973938, 6.49784803391, 6.64616060257, 5.92848825455, 3.72477006912, 4.06444072723, 5.58740234375, 4.85367202759, 5.00055217743, 6.32528877258, 4.66005897522, 6.80900859833, 6.36177539825, 8.98034095764, 11.8283729553, 17.9717102051, 19.0292358398, 14.4219379425, 10.172085762, 6.30082035065, 3.70304012299, 1.91559648514, 1.38103938103, 0.879625320435, 0.379087030888, 0.117006979883, 0.0351979061961, 0.0103779099882, 0.00183065072633, 0.00018831921625, 5.70146876271e-05], "dmean2": [0.614643394947, 4.01495933533, 12.8513174057, 12.9452390671, 14.3574914932, 18.2747306824, 10.6992149353, 15.5349235535, 13.6349925995, 17.1760978699, 20.6252441406, 20.2863864899, 17.4278812408, 10.7208662033, 12.4232749939, 17.4085979462, 13.8866319656, 15.4473466873, 17.3790054321, 10.9368124008, 12.9551496506, 11.9872131348, 12.001502037, 17.5592632294, 21.3940486908, 24.4596004486, 16.4451389313, 11.3170108795, 6.84474229813, 5.06056213379, 3.64275717735, 2.65873932838, 1.78521001339, 0.811334729195, 0.357020556927, 0.130641743541, 0.0684291869402, 0.0169873163104, 0.00240976992063, 0.000196985216462], "dmean": [0.396671891212, 2.37096786499, 7.18930912018, 7.38428974152, 8.58879184723, 11.0678396225, 6.40019178391, 9.04821681976, 8.37731075287, 10.6196870804, 13.3434925079, 13.224448204, 11.2491464615, 6.83704423904, 8.12682723999, 11.556895256, 8.74565601349, 10.0585393906, 10.8917770386, 6.84759378433, 8.1854429245, 7.52274131775, 7.4688706398, 10.8519763947, 13.1095066071, 15.1361961365, 10.2529459, 7.11415243149, 4.45401668549, 3.41389131546, 2.47455334663, 1.86431276798, 1.21946620941, 0.560244441032, 0.243005082011, 0.0971157550812, 0.0487745180726, 0.0115993246436, 0.00167338410392, 0.000136559436214], "var": [0.43402671814, 15.1854372025, 197.723480225, 166.435684204, 283.313903809, 632.907104492, 166.395751953, 449.765899658, 631.631774902, 1107.3494873, 3144.42749023, 4055.265625, 1990.30957031, 850.894714355, 1289.75231934, 3663.51733398, 1409.06933594, 1557.38085938, 1296.98266602, 653.493103027, 862.982055664, 923.367858887, 588.834228516, 1671.3416748, 1341.99145508, 2910.81542969, 1070.59008789, 432.949005127, 190.791778564, 110.982292175, 80.3946762085, 55.644317627, 24.4586696625, 3.76921963692, 0.601795494556, 0.102740690112, 0.0246018432081, 0.00147569505498, 3.34995966114e-05, 1.91673919403e-07], "dvar": [0.295515865088, 13.8052864075, 292.710357666, 220.802490234, 268.292449951, 642.335754395, 120.998054504, 362.896850586, 308.343170166, 621.110107422, 1240.34680176, 1468.25842285, 676.153076172, 347.112731934, 542.833435059, 1505.29455566, 510.584259033, 727.073608398, 617.609375, 291.908294678, 402.349365234, 330.794372559, 224.831497192, 1022.79394531, 493.322570801, 962.38482666, 385.158416748, 148.176498413, 57.5470466614, 42.7757797241, 28.3952407837, 19.7770404816, 8.34315681458, 1.47302544117, 0.27693259716, 0.0451679751277, 0.0135515490547, 0.000923258194234, 2.23317565542e-05, 1.25152681107e-07], "mean": [0.536313593388, 3.22246289253, 7.10316085815, 8.24427127838, 10.6794729233, 13.7232141495, 9.3668088913, 11.7695732117, 12.868563652, 16.0833911896, 23.215965271, 22.8965244293, 19.9454364777, 11.887260437, 13.842915535, 19.7288990021, 15.1515445709, 16.8360652924, 17.235704422, 11.5139408112, 14.7947378159, 14.7130270004, 15.3804225922, 21.1536598206, 28.9468193054, 33.6750297546, 22.9821510315, 16.3402805328, 10.6555233002, 7.31835269928, 5.28265571594, 3.96575260162, 2.56448578835, 1.10640323162, 0.411380022764, 0.159329071641, 0.0698474943638, 0.0159837659448, 0.00220084376633, 0.000197087938432]}, "zerocrossingrate": {"min": 0.00146484375, "max": 0.47314453125, "dvar2": 0.000252887577517, "median": 0.05224609375, "dmean2": 0.0136950872838, "dmean": 0.0117742996663, "var": 0.00151291443035, "dvar": 0.000216341984924, "mean": 0.0560293011367}, "spectral_contrast_coeffs": {"min": [-0.977296292782, -0.954485952854, -0.961300253868, -0.963865160942, -0.959546744823, -0.960914850235], "max": [-0.260254353285, -0.413750559092, -0.450238883495, -0.582721233368, -0.506821453571, -0.554945528507], "dvar2": [0.00619507394731, 0.00385308056138, 0.00251433020458, 0.00142040546052, 0.000919605896343, 0.000683156889863], "median": [-0.691569685936, -0.759377300739, -0.806435704231, -0.821363687515, -0.797292351723, -0.743161678314], "dmean2": [0.0923050120473, 0.0766961798072, 0.0608959384263, 0.0457556322217, 0.03576785326, 0.028813900426], "dmean": [0.0575729832053, 0.0465357266366, 0.0381542630494, 0.0288702007383, 0.0224121566862, 0.0191782172769], "var": [0.00665412610397, 0.00625159218907, 0.00613918807358, 0.00348874484189, 0.00279600848444, 0.00282391253859], "dvar": [0.00252966629341, 0.00149914866779, 0.00106331915595, 0.000616707897279, 0.000408090680139, 0.000327174318954], "mean": [-0.684468150139, -0.74981045723, -0.789687693119, -0.810356318951, -0.79623991251, -0.74480086565]}, "dissonance": {"min": 0.236027851701, "max": 0.500000059605, "dvar2": 0.000834320497233, "median": 0.479799568653, "dmean2": 0.0254372674972, "dmean": 0.0152714326978, "var": 0.000890069117304, "dvar": 0.000331062823534, "mean": 0.469734430313}, "spectral_energyband_high": {"min": 3.62625272692e-12, "max": 0.0144265927374, "dvar2": 1.66375832578e-06, "median": 0.00104804662988, "dmean2": 0.000812187907286, "dmean": 0.000550248427317, "var": 3.26491817759e-06, "dvar": 8.31344209473e-07, "mean": 0.00158242345788}, "spectral_skewness": {"min": -0.197588399053, "max": 6.25762271881, "dvar2": 0.244158029556, "median": 1.03756570816, "dmean2": 0.353975623846, "dmean": 0.228399455547, "var": 0.548923552036, "dvar": 0.101579122245, "mean": 1.20599722862}, "spectral_flux": {"min": 6.34852403891e-05, "max": 0.410153925419, "dvar2": 0.00489772250876, "median": 0.090971454978, "dmean2": 0.0655823498964, "dmean": 0.0405423864722, "var": 0.00455776508898, "dvar": 0.00246744556352, "mean": 0.106402777135}, "silence_rate_30dB": {"min": 0, "max": 1, "dvar2": 0.0949741080403, "median": 1, "dmean2": 0.0719111934304, "dmean": 0.0359512604773, "var": 0.0215881858021, "dvar": 0.0346585921943, "mean": 0.977925181389}, "spectral_energyband_middle_high": {"min": 1.2200656067e-12, "max": 0.0357994660735, "dvar2": 8.77412276168e-06, "median": 0.00232922309078, "dmean2": 0.00193297769874, "dmean": 0.00126689788885, "var": 1.94931672013e-05, "dvar": 4.00180624638e-06, "mean": 0.00373994861729}, "barkbands_spread": {"min": 0.0312950499356, "max": 120.89478302, "dvar2": 185.933258057, "median": 22.7619857788, "dmean2": 11.9250507355, "dmean": 7.65489864349, "var": 301.643798828, "dvar": 82.962310791, "mean": 24.1992206573}, "spectral_centroid": {"min": 68.9600524902, "max": 10769.0185547, "dvar2": 354509.03125, "median": 1569.65551758, "dmean2": 535.140014648, "dmean": 348.765075684, "var": 853994.25, "dvar": 168719.609375, "mean": 1597.67236328}, "pitch_salience": {"min": 0.0415869578719, "max": 0.902256727219, "dvar2": 0.0191346947104, "median": 0.506689310074, "dmean2": 0.15994772315, "dmean": 0.101534374058, "var": 0.0256694033742, "dvar": 0.00820837914944, "mean": 0.489267677069}, "erbbands_skewness": {"min": -4.62396192551, "max": 12.2230892181, "dvar2": 0.712663471699, "median": 0.0363707914948, "dmean2": 0.709926307201, "dmean": 0.470094829798, "var": 1.84411084652, "dvar": 0.326954841614, "mean": 0.201652899384}, "erbbands_crest": {"min": 1.87968409061, "max": 31.6630592346, "dvar2": 14.3690681458, "median": 6.80775403976, "dmean2": 3.91553711891, "dmean": 2.41405844688, "var": 18.5080833435, "dvar": 6.07201910019, "mean": 8.04391098022}, "melbands": {"min": [6.77511595003e-13, 4.1431747898e-13, 1.72838631428e-13, 5.43957003193e-14, 1.22556527982e-14, 2.08045657524e-14, 1.28472360246e-13, 2.83361062479e-13, 2.24498940488e-13, 1.05850786849e-13, 3.81168214396e-14, 7.75996952649e-15, 1.31553415486e-14, 3.00842826399e-14, 9.96064921489e-15, 8.26476728174e-15, 1.76266048605e-14, 1.94153910614e-14, 1.72017009469e-14, 8.87141227856e-15, 3.71680937167e-15, 2.78135613736e-15, 5.15095388895e-15, 4.99492237326e-15, 4.58671432608e-15, 1.15299056516e-15, 9.48122835498e-16, 3.26628609955e-15, 9.35587277274e-15, 6.42433959966e-15, 2.74741616244e-15, 9.9044502729e-15, 9.76885893277e-15, 3.67708945568e-15, 4.16556912119e-15, 3.25140817759e-15, 1.19693812848e-15, 4.40415543255e-15, 4.22262229591e-15, 2.29447926994e-15], "max": [0.0390487238765, 0.0520277097821, 0.0279986448586, 0.01941732876, 0.00712516205385, 0.00918057374656, 0.00638527888805, 0.00628299452364, 0.00529140559956, 0.00828354153782, 0.00320612243377, 0.00250604283065, 0.002592793433, 0.00372351426631, 0.00162629934493, 0.00167237420101, 0.00156823790167, 0.000875010038726, 0.000642615661491, 0.000657186785247, 0.000718389754184, 0.000670865934808, 0.000494186882861, 0.000594599230681, 0.00146016408689, 0.000495955348015, 0.000459555478301, 0.000740308430977, 0.000626368972007, 0.00022152447491, 0.000204184107133, 8.27429394121e-05, 8.50182768772e-05, 0.000106128798507, 8.06588068372e-05, 0.000112928421004, 0.000105923114461, 6.49784851703e-05, 5.26337862539e-05, 2.73568875855e-05], "dvar2": [4.06237522839e-05, 0.000152714957949, 1.65780602401e-05, 7.39675260775e-06, 4.95638516895e-07, 4.25987764174e-07, 1.63902470263e-07, 1.86116096756e-07, 1.68857965832e-07, 1.19647069141e-07, 3.70255470727e-08, 1.66711391358e-08, 1.19491918582e-08, 2.34512995689e-08, 7.05230362996e-09, 8.89339002441e-09, 6.61227206322e-09, 5.13379205813e-09, 1.37119982035e-09, 1.88569471149e-09, 1.40135736348e-09, 1.10239128936e-09, 9.38310429355e-10, 8.60411464298e-10, 2.03047534342e-09, 7.59125096117e-10, 1.0948890683e-09, 1.29311072961e-09, 6.18683271281e-10, 1.7908526051e-10, 1.45049958156e-10, 4.75353922891e-11, 4.50739064128e-11, 3.02736308244e-11, 2.3508021918e-11, 2.53309734299e-11, 1.5972322423e-11, 1.0684908687e-11, 5.57728602885e-12, 1.86503265089e-12], "median": [0.00269906851463, 0.00232794717886, 0.000774351530708, 0.000429288076703, 0.000194930194994, 0.000118324212963, 7.62260897318e-05, 5.76343663852e-05, 5.06586875417e-05, 3.85089006159e-05, 2.7666295864e-05, 1.33922694658e-05, 1.09954689833e-05, 1.44519653986e-05, 1.19865517263e-05, 8.76179910847e-06, 8.30138924357e-06, 1.0215675502e-05, 5.4102570175e-06, 6.05639615969e-06, 7.66164885135e-06, 6.18047351963e-06, 6.01486362939e-06, 8.71960855875e-06, 8.6620939328e-06, 1.07995620056e-05, 1.43287470564e-05, 1.15752918646e-05, 9.59801218414e-06, 6.29811984254e-06, 5.36499555892e-06, 3.57988892574e-06, 2.6507898383e-06, 1.66989423178e-06, 1.14990803013e-06, 8.27399730952e-07, 7.78709704718e-07, 6.37915718471e-07, 4.23441008479e-07, 2.68269502612e-07], "dmean2": [0.00487785087898, 0.00603822944686, 0.00220503355376, 0.00126045558136, 0.000418342911871, 0.000337041303283, 0.000208441531868, 0.000193434083485, 0.000164306155057, 0.000128053536173, 8.74933029991e-05, 4.62703465018e-05, 3.79089979106e-05, 5.14147723152e-05, 3.37910641974e-05, 3.18252714351e-05, 3.04887962557e-05, 3.16252044286e-05, 1.6207646695e-05, 1.67506259459e-05, 1.61907610163e-05, 1.36006792673e-05, 1.21071807371e-05, 1.37687256938e-05, 1.55681882461e-05, 1.49203360706e-05, 1.99756705115e-05, 1.71822030097e-05, 1.28777073769e-05, 7.88971556176e-06, 6.91806235409e-06, 4.34502953794e-06, 3.70458951693e-06, 2.92189452011e-06, 2.35425000028e-06, 2.18361219595e-06, 1.64142670656e-06, 1.48547042045e-06, 9.82794972515e-07, 6.65561003643e-07], "dmean": [0.00305755413137, 0.00342260021716, 0.00126368738711, 0.000767521909438, 0.000251146557275, 0.000196847322513, 0.000128420811961, 0.000120414486446, 0.000106340310595, 8.33921294543e-05, 5.63512876397e-05, 2.94530545943e-05, 2.44390994339e-05, 3.40747501468e-05, 2.14634510485e-05, 2.03275485546e-05, 1.98015786737e-05, 1.97734716494e-05, 1.01210625871e-05, 1.02179301393e-05, 1.01830300991e-05, 8.53826441016e-06, 7.50643948777e-06, 8.4635003077e-06, 9.58135933615e-06, 9.07117919269e-06, 1.22473811643e-05, 1.05963790702e-05, 7.91729053162e-06, 4.85718101118e-06, 4.31488115282e-06, 2.77693584394e-06, 2.38824827647e-06, 1.94410154108e-06, 1.55492568865e-06, 1.4591416857e-06, 1.12984662337e-06, 9.95325535769e-07, 6.5738424837e-07, 4.50378678352e-07], "var": [2.63402562268e-05, 4.0116818127e-05, 4.7020985221e-06, 3.00386705021e-06, 2.80678250419e-07, 2.0078083196e-07, 1.47335342149e-07, 1.39795233167e-07, 1.88913375609e-07, 1.65271970332e-07, 5.07006880923e-08, 1.71271263838e-08, 1.12125535523e-08, 2.88181603025e-08, 8.56576853892e-09, 1.01742019254e-08, 6.23112139664e-09, 4.39343095238e-09, 1.26227261976e-09, 1.35600475293e-09, 1.30729194137e-09, 1.3491150419e-09, 8.47671377535e-10, 6.76856903858e-10, 1.36910049964e-09, 6.31238783466e-10, 1.142562156e-09, 1.32981248235e-09, 5.72987546299e-10, 2.01395664035e-10, 1.50874868154e-10, 6.491800153e-11, 4.97238743236e-11, 3.26910790105e-11, 2.62215301555e-11, 3.45063387586e-11, 1.93852711661e-11, 1.50168748964e-11, 6.2149118317e-12, 2.10578928427e-12], "dvar": [1.75362802111e-05, 5.42814304936e-05, 6.01811689194e-06, 2.989484301e-06, 1.91125579363e-07, 1.63268069286e-07, 7.39096108759e-08, 7.66680585684e-08, 7.50187751919e-08, 5.65462023872e-08, 1.71896825663e-08, 6.90796619907e-09, 5.21084952965e-09, 1.17782308351e-08, 3.23305071603e-09, 3.71307362634e-09, 2.99466340614e-09, 2.1017805274e-09, 5.81826753443e-10, 7.67400809565e-10, 6.05849315161e-10, 4.5939824167e-10, 3.69481834017e-10, 3.57638224591e-10, 8.92466378577e-10, 3.04200803436e-10, 4.21079199286e-10, 5.10512188079e-10, 2.46051068409e-10, 7.47051517869e-11, 5.90407583934e-11, 2.11351942891e-11, 1.98625230846e-11, 1.45409222857e-11, 1.12326745128e-11, 1.24115639641e-11, 7.95325610925e-12, 5.40025619708e-12, 2.66381838462e-12, 9.14454709872e-13], "mean": [0.00453968206421, 0.00395207619295, 0.00147925328929, 0.000959763885476, 0.000370350229787, 0.00025770618231, 0.00019724718004, 0.000182962729014, 0.000183447642485, 0.000140837015351, 9.75584480329e-05, 4.84589691041e-05, 3.85398707294e-05, 5.6668122852e-05, 3.64037077816e-05, 3.36192715622e-05, 3.09169699904e-05, 2.99626117339e-05, 1.54803838086e-05, 1.62561264005e-05, 1.76091016328e-05, 1.55795878527e-05, 1.33085140988e-05, 1.54978624778e-05, 1.69569848367e-05, 1.79065318662e-05, 2.48540291068e-05, 2.15766740439e-05, 1.57926915563e-05, 1.0353257494e-05, 9.05267552298e-06, 6.15350563749e-06, 4.92892650072e-06, 3.70959105567e-06, 3.0421538213e-06, 2.84846896648e-06, 2.2621043172e-06, 1.97022222892e-06, 1.27119687932e-06, 8.20097625365e-07]}, "spectral_entropy": {"min": 4.07110357285, "max": 9.79651927948, "dvar2": 0.15512342751, "median": 7.78991603851, "dmean2": 0.283746033907, "dmean": 0.183241829276, "var": 0.337086141109, "dvar": 0.0674114003778, "mean": 7.62919569016}, "spectral_rolloff": {"min": 43.06640625, "max": 13415.1855469, "dvar2": 2259014, "median": 559.86328125, "dmean2": 998.206787109, "dmean": 601.369567871, "var": 2341457.5, "dvar": 1037657.3125, "mean": 1180.60803223}, "barkbands": {"min": [1.63326383668e-12, 1.84075194323e-12, 6.44705371988e-13, 3.15948520601e-13, 2.01244985845e-13, 7.61683196984e-14, 8.59520896297e-13, 1.41897528883e-12, 7.73549627131e-13, 1.23371026394e-13, 6.92678472089e-14, 2.42242044566e-13, 6.25119666317e-14, 2.07944121991e-13, 2.28465738081e-13, 8.68881382858e-14, 5.17837048198e-14, 1.18653649189e-13, 5.43009613782e-14, 7.52591009802e-14, 2.71000452981e-13, 4.70386696174e-13, 2.22661041623e-13, 2.90085853559e-13, 4.42572926007e-13, 7.32737384223e-13, 1.20681774036e-12], "max": [0.0102016059682, 0.124090470374, 0.104679085314, 0.0571413785219, 0.0722794830799, 0.0380681082606, 0.0264135152102, 0.0285277441144, 0.0439568944275, 0.0174673981965, 0.0167348645627, 0.0288943834603, 0.0143039859831, 0.0153193594888, 0.0098804589361, 0.0104777477682, 0.0111648878083, 0.0137884933501, 0.0141394883394, 0.0178339220583, 0.0122801540419, 0.00379242538475, 0.00455489149317, 0.00599764939398, 0.00180350791197, 0.00100708310492, 0.000469627470011], "dvar2": [2.26023439609e-06, 0.000542777474038, 0.000657150463667, 5.07916447532e-05, 9.85005463008e-05, 1.00435736385e-05, 3.98030897486e-06, 5.31999467057e-06, 4.52091308034e-06, 1.27982559661e-06, 5.91109255765e-07, 1.43593717894e-06, 6.80357743477e-07, 6.73470935908e-07, 3.53556998789e-07, 3.56693874437e-07, 3.22325547586e-07, 3.33832247179e-07, 4.99118186781e-07, 9.42074393606e-07, 3.3719777548e-07, 9.14413433861e-08, 7.35233456339e-08, 6.16334929759e-08, 1.43300837863e-08, 5.26792343081e-09, 1.99497307563e-09], "median": [0.000572132063098, 0.00985397491604, 0.00236033741385, 0.00110256869812, 0.00189731735736, 0.000655505689792, 0.000305913214106, 0.000246357580181, 0.000263599475147, 0.000140298478073, 6.85527484166e-05, 0.000124877275084, 9.10932576517e-05, 0.000105303042801, 8.47744959174e-05, 0.000102746023913, 0.000109199827421, 0.0001786693756, 0.000275461992715, 0.000416489609051, 0.000304707151372, 0.000168435071828, 7.4423282058e-05, 6.10681308899e-05, 2.44924012804e-05, 6.35905234958e-06, 9.24403138924e-07], "dmean2": [0.00118328502867, 0.0174689088017, 0.0116583583876, 0.00399873498827, 0.00474330689758, 0.00170100212563, 0.000954575079959, 0.000996437855065, 0.000862306857016, 0.000475102191558, 0.000265396432951, 0.000421931646997, 0.000311619747663, 0.000342754879966, 0.000266447197646, 0.000240048713749, 0.000238906417508, 0.000266570859822, 0.000366698019207, 0.000532987294719, 0.000324280030327, 0.000184944728971, 0.000137273353175, 0.000107231870061, 5.98624901613e-05, 3.22721425619e-05, 1.58391940204e-05], "dmean": [0.000724422687199, 0.0106265926734, 0.00650587724522, 0.00228005507961, 0.00290210451931, 0.00100117817055, 0.000592749856878, 0.000638758065179, 0.000557647785172, 0.000307243230054, 0.00016966649855, 0.000279107713141, 0.00019578228239, 0.000220374000492, 0.00016615370987, 0.000148479171912, 0.000148981373059, 0.000163475240697, 0.000224370713113, 0.000329789734678, 0.000202404509764, 0.000121325370856, 9.39366072998e-05, 7.61852716096e-05, 4.09258755099e-05, 2.35828083532e-05, 1.09959528345e-05], "var": [1.23305903799e-06, 0.000313624972478, 0.000158094393555, 1.55459292728e-05, 4.19868301833e-05, 4.5817987484e-06, 3.29365525431e-06, 5.59315412829e-06, 6.06256935498e-06, 1.64882771969e-06, 5.18692672813e-07, 1.94082554117e-06, 6.95559947417e-07, 6.57703935758e-07, 3.18412929801e-07, 2.75923724757e-07, 3.72052170405e-07, 2.76902341056e-07, 4.60728841745e-07, 1.06199104266e-06, 3.82238994234e-07, 1.38627655133e-07, 1.12274285868e-07, 1.00376404077e-07, 1.72161964684e-08, 5.90454529714e-09, 1.46336609497e-09], "dvar": [8.84121106992e-07, 0.000221605339902, 0.000236845138716, 1.82758321898e-05, 3.95373026549e-05, 3.83724818676e-06, 1.74577542111e-06, 2.34840649682e-06, 2.09250856642e-06, 5.67461142964e-07, 2.61637836729e-07, 7.43096222777e-07, 2.81424490822e-07, 3.00922408769e-07, 1.46795414935e-07, 1.45836409615e-07, 1.31505714762e-07, 1.39843777447e-07, 2.12296242807e-07, 3.70671983774e-07, 1.37821245971e-07, 4.32320419463e-08, 3.86369300998e-08, 3.37204504319e-08, 7.18030657154e-09, 2.97632496427e-09, 9.64297863781e-10], "mean": [0.000957660959102, 0.0157854370773, 0.00599206797779, 0.00258487416431, 0.00388214294799, 0.00133524276316, 0.000900800514501, 0.00103114591911, 0.000934507872444, 0.000529273180291, 0.000249869830441, 0.000471691135317, 0.000313941738568, 0.000341153994668, 0.00025156562333, 0.000247119052801, 0.000273041048786, 0.000312425370794, 0.000462565309135, 0.000716082111467, 0.00047094153706, 0.000286331633106, 0.000197801869945, 0.000168545535416, 7.49380997149e-05, 3.61549755326e-05, 1.42094540934e-05]}, "melbands_flatness_db": {"min": 0.0301014408469, "max": 0.840080857277, "dvar2": 0.0043740849942, "median": 0.213561624289, "dmean2": 0.0645848810673, "dmean": 0.0418989919126, "var": 0.0150005966425, "dvar": 0.00205750367604, "mean": 0.248262390494}, "melbands_skewness": {"min": -3.99552488327, "max": 25.239818573, "dvar2": 7.30864524841, "median": 4.01733446121, "dmean2": 2.36122012138, "dmean": 1.50615084171, "var": 8.16078090668, "dvar": 3.00281596184, "mean": 4.59210443497}, "barkbands_skewness": {"min": -5.3975276947, "max": 28.7516365051, "dvar2": 6.12606191635, "median": 2.13677692413, "dmean2": 1.76949226856, "dmean": 1.13330042362, "var": 6.9404425621, "dvar": 2.6417992115, "mean": 2.79176735878}, "silence_rate_60dB": {"min": 0, "max": 1, "dvar2": 0.0648981481791, "median": 0, "dmean2": 0.0622586868703, "dmean": 0.0311255883425, "var": 0.0762041062117, "dvar": 0.0301554258913, "mean": 0.083112180233}, "spectral_energyband_low": {"min": 3.47690908183e-12, "max": 0.178971111774, "dvar2": 0.00183514249511, "median": 0.0167580842972, "dmean2": 0.0277179833502, "dmean": 0.0162647925317, "var": 0.000722116907127, "dvar": 0.000660236051772, "mean": 0.0242122728378}, "spectral_energyband_middle_low": {"min": 3.72146324173e-12, "max": 0.0924460217357, "dvar2": 0.0002414091432, "median": 0.00770797021687, "dmean2": 0.00983830727637, "dmean": 0.00604129163548, "var": 0.000134540867293, "dvar": 9.80551922112e-05, "mean": 0.0108914766461}, "melbands_kurtosis": {"min": -1.93876957893, "max": 1327.31335449, "dvar2": 10931.3134766, "median": 21.5470848083, "dmean2": 48.4859237671, "dmean": 30.0285491943, "var": 7489.28515625, "dvar": 4310.46533203, "mean": 47.8760719299}, "spectral_decrease": {"min": -5.10091027195e-08, "max": -2.19330868526e-18, "dvar2": 1.43937976323e-16, "median": -8.29074764397e-09, "dmean2": 8.44138359213e-09, "dmean": 5.06464026273e-09, "var": 6.39840548899e-17, "dvar": 5.18032082564e-17, "mean": -9.74248504093e-09}, "erbbands_kurtosis": {"min": -1.88460242748, "max": 204.57824707, "dvar2": 106.053123474, "median": -0.535693049431, "dmean2": 2.97916555405, "dmean": 1.87301433086, "var": 93.0434417725, "dvar": 44.3975639343, "mean": 1.56416034698}, "melbands_crest": {"min": 3.04578232765, "max": 38.2509689331, "dvar2": 39.4945526123, "median": 17.3247947693, "dmean2": 7.47769403458, "dmean": 4.58053445816, "var": 44.90467453, "dvar": 16.1830272675, "mean": 18.2432937622}, "gfcc": {"cov": [[18650.1875, -2364.95336914, -2060.51464844, 132.150695801, -1592.20336914, -59.8600769043, -617.381469727, 91.3957901001, -596.44128418, 123.398681641, -388.217071533, -91.093460083, -310.865234375], [-2364.95336914, 1670.38452148, 1.09798896313, -117.401428223, 388.580047607, -38.5209465027, 273.459716797, -72.0334854126, 143.85925293, -71.5097351074, 131.106613159, -99.3874893188, 144.713745117], [-2060.51464844, 1.09798896313, 1347.7244873, -108.989425659, 216.18586731, 112.58707428, -26.4894523621, 11.0377225876, 36.5029029846, 4.46278429031, -37.2637023926, 79.0346450806, -74.1694793701], [132.150695801, -117.401428223, -108.989425659, 558.059509277, 31.6242980957, -13.6032552719, 19.1059055328, 57.9916229248, 36.4022216797, -25.0345668793, 36.2359161377, -8.15254402161, 67.6192169189], [-1592.20336914, 388.580047607, 216.18586731, 31.6242980957, 489.705108643, 25.8032245636, 125.831115723, -8.77587413788, 83.6242446899, -21.827829361, 24.4602718353, -0.953700304031, 47.2640457153], [-59.8600769043, -38.5209465027, 112.58707428, -13.6032552719, 25.8032245636, 231.802963257, 93.5361785889, 41.0741539001, 10.7949991226, 24.2493534088, 21.1794910431, -10.5868387222, -16.4965343475], [-617.381469727, 273.459716797, -26.4894523621, 19.1059055328, 125.831115723, 93.5361785889, 221.471160889, 49.032535553, 57.6793785095, 6.07314109802, 54.4420204163, -22.8665008545, 29.8238258362], [91.3957901001, -72.0334854126, 11.0377225876, 57.9916229248, -8.77587413788, 41.0741539001, 49.032535553, 120.311943054, 50.0056915283, 28.7354030609, 10.5614452362, 6.69434165955, -2.41540002823], [-596.44128418, 143.85925293, 36.5029029846, 36.4022216797, 83.6242446899, 10.7949991226, 57.6793785095, 50.0056915283, 120.886444092, 27.5513095856, 32.2129173279, -6.37314367294, 31.4763336182], [123.398681641, -71.5097351074, 4.46278429031, -25.0345668793, -21.827829361, 24.2493534088, 6.07314109802, 28.7354030609, 27.5513095856, 82.7513961792, 21.6894168854, 6.17134904861, -13.6422243118], [-388.217071533, 131.106613159, -37.2637023926, 36.2359161377, 24.4602718353, 21.1794910431, 54.4420204163, 10.5614452362, 32.2129173279, 21.6894168854, 95.1106491089, 16.618932724, 27.740447998], [-91.093460083, -99.3874893188, 79.0346450806, -8.15254402161, -0.953700304031, -10.5868387222, -22.8665008545, 6.69434165955, -6.37314367294, 6.17134904861, 16.618932724, 79.3165130615, 7.86784362793], [-310.865234375, 144.713745117, -74.1694793701, 67.6192169189, 47.2640457153, -16.4965343475, 29.8238258362, -2.41540002823, 31.4763336182, -13.6422243118, 27.740447998, 7.86784362793, 90.1382141113]], "icov": [[0.00011661289318, -6.95488824931e-06, 0.000174354907358, -7.53906570026e-05, 0.000167404243257, -0.000118709096569, 0.00014188339992, -0.000194736552658, 0.000370104302419, -0.000274858874036, 0.000407829269534, -6.30455106148e-05, 0.000160843221238], [-6.95488824931e-06, 0.00158106524032, -0.000248653057497, 0.00077924557263, -0.000485174328787, 0.000908916466869, -0.00119457195979, 0.00074024888454, -0.000779785390478, 0.00142802542541, -0.0021003074944, 0.00243400293402, -0.00159332016483], [0.000174354907358, -0.000248653057497, 0.00137440278195, -0.000161663250765, -0.000229110271903, -0.00102021521889, 0.000867479131557, -0.000231720725424, -0.00010759151337, -0.000277342624031, 0.00141600030474, -0.00181028118823, 0.0016107223928], [-7.53906570026e-05, 0.00077924557263, -0.000161663250765, 0.0027031712234, -0.000552687677555, 0.000559339416213, 9.3591537734e-05, -0.00132587156259, -0.000299273000564, 0.0019229153404, -0.00236565712839, 0.00209631724283, -0.00240565300919], [0.000167404243257, -0.000485174328787, -0.000229110271903, -0.000552687677555, 0.00360909616575, -0.000137384879054, -0.00146730162669, 0.0012217820622, -0.00122472061776, -0.000129175168695, 0.00190848868806, -0.00124466198031, 0.00011242301116], [-0.000118709096569, 0.000908916466869, -0.00102021521889, 0.000559339416213, -0.000137384879054, 0.00683783460408, -0.00362727767788, -0.000662638805807, 0.000914275762625, -0.00036639222526, -0.0022124783136, 0.00261742109433, -0.000544144830201], [0.00014188339992, -0.00119457195979, 0.000867479131557, 9.3591537734e-05, -0.00146730162669, -0.00362727767788, 0.0102622667328, -0.00418515037745, 0.000510421814397, 0.000459050846985, -0.00219515222125, 0.0010744666215, 0.000121710487292], [-0.000194736552658, 0.00074024888454, -0.000231720725424, -0.00132587156259, 0.0012217820622, -0.000662638805807, -0.00418515037745, 0.014923513867, -0.00715776300058, -0.00138807296753, 0.00183395016938, -0.00278463214636, 0.0019347043708], [0.000370104302419, -0.000779785390478, -0.00010759151337, -0.000299273000564, -0.00122472061776, 0.000914275762625, 0.000510421814397, -0.00715776300058, 0.0172851495445, -0.00589743768796, -0.000586440903135, 0.00273786042817, -0.003873932641], [-0.000274858874036, 0.00142802542541, -0.000277342624031, 0.0019229153404, -0.000129175168695, -0.00036639222526, 0.000459050846985, -0.00138807296753, -0.00589743768796, 0.0188433360308, -0.00702397758141, 0.00149568170309, 0.00184269901365], [0.000407829269534, -0.0021003074944, 0.00141600030474, -0.00236565712839, 0.00190848868806, -0.0022124783136, -0.00219515222125, 0.00183395016938, -0.000586440903135, -0.00702397758141, 0.0207412019372, -0.00878482032567, 0.000613406009506], [-6.30455106148e-05, 0.00243400293402, -0.00181028118823, 0.00209631724283, -0.00124466198031, 0.00261742109433, 0.0010744666215, -0.00278463214636, 0.00273786042817, 0.00149568170309, -0.00878482032567, 0.0210578925908, -0.00634996546432], [0.000160843221238, -0.00159332016483, 0.0016107223928, -0.00240565300919, 0.00011242301116, -0.000544144830201, 0.000121710487292, 0.0019347043708, -0.003873932641, 0.00184269901365, 0.000613406009506, -0.00634996546432, 0.0191870220006]], "mean": [-17.9701976776, 87.6330337524, -91.4697799683, 58.877571106, -51.4201850891, 14.1964969635, -20.1368789673, 7.84970903397, -18.8354663849, 4.65909004211, -9.95353126526, -5.00868368149, -7.81207942963]}, "melbands_spread": {"min": 0.0695333257318, "max": 302.669830322, "dvar2": 471.101745605, "median": 15.0970582962, "dmean2": 13.4230613708, "dmean": 8.65101528168, "var": 521.750793457, "dvar": 211.595626831, "mean": 20.1383361816}, "spectral_energy": {"min": 1.27889582605e-11, "max": 0.195031732321, "dvar2": 0.00210249610245, "median": 0.0335076674819, "dmean2": 0.0324698574841, "dmean": 0.019505219534, "var": 0.000964364153333, "dvar": 0.00075896049384, "mean": 0.0388224199414}, "mfcc": {"cov": [[16438.1875, -1273.2746582, -1511.36206055, -150.628601074, -1141.79101562, -506.842803955, -384.925323486, -418.504852295, -326.952697754, -15.5998210907, -176.413848877, -145.298721313, -210.033935547], [-1273.2746582, 1425.53723145, -31.0610370636, -90.1686096191, 64.1240692139, 73.2678146362, 94.2443237305, 16.0684528351, 55.0366363525, 15.7303247452, 37.4913787842, -18.2184619904, 27.8024616241], [-1511.36206055, -31.0610370636, 912.857910156, -42.6309547424, 158.949325562, 70.6097869873, 8.09473419189, 67.1912918091, -4.63759803772, 9.1450138092, 19.2904491425, 4.75476169586, 4.01045179367], [-150.628601074, -90.1686096191, -42.6309547424, 432.853149414, 118.848800659, -3.27648711205, 9.81907176971, 27.579908371, 57.5814781189, -25.1985626221, -10.398194313, 27.4716014862, 27.6371479034], [-1141.79101562, 64.1240692139, 158.949325562, 118.848800659, 302.935668945, 85.731880188, 31.6685848236, 46.7265548706, 56.9733657837, -7.82050418854, 0.981033623219, 14.4731607437, 23.8288593292], [-506.842803955, 73.2678146362, 70.6097869873, -3.27648711205, 85.731880188, 154.634902954, 92.8595199585, 41.7816581726, 33.1662864685, 23.2309322357, 28.1292915344, 4.50447750092, 7.16037750244], [-384.925323486, 94.2443237305, 8.09473419189, 9.81907176971, 31.6685848236, 92.8595199585, 159.34854126, 69.3595046997, 35.3765068054, 27.2817802429, 39.1180076599, 20.0472602844, 11.2102823257], [-418.504852295, 16.0684528351, 67.1912918091, 27.579908371, 46.7265548706, 41.7816581726, 69.3595046997, 115.18473053, 50.4059333801, 15.6203556061, 27.5793609619, 22.9429416656, 13.2018108368], [-326.952697754, 55.0366363525, -4.63759803772, 57.5814781189, 56.9733657837, 33.1662864685, 35.3765068054, 50.4059333801, 110.629608154, 44.1253547668, 22.2432308197, 12.836186409, 15.7900381088], [-15.5998210907, 15.7303247452, 9.1450138092, -25.1985626221, -7.82050418854, 23.2309322357, 27.2817802429, 15.6203556061, 44.1253547668, 103.865524292, 41.4777488708, 7.72090625763, 5.61048412323], [-176.413848877, 37.4913787842, 19.2904491425, -10.398194313, 0.981033623219, 28.1292915344, 39.1180076599, 27.5793609619, 22.2432308197, 41.4777488708, 87.5503082275, 28.6982975006, 8.59200954437], [-145.298721313, -18.2184619904, 4.75476169586, 27.4716014862, 14.4731607437, 4.50447750092, 20.0472602844, 22.9429416656, 12.836186409, 7.72090625763, 28.6982975006, 75.1344451904, 34.3331031799], [-210.033935547, 27.8024616241, 4.01045179367, 27.6371479034, 23.8288593292, 7.16037750244, 11.2102823257, 13.2018108368, 15.7900381088, 5.61048412323, 8.59200954437, 34.3331031799, 67.3434371948]], "icov": [[0.000104949132947, 6.58509889035e-05, 0.000116534582048, -5.29997632839e-05, 0.000283920177026, 1.65942014974e-06, 8.12546422821e-05, 7.73179199314e-05, 0.000108264517621, -0.000123379853903, 9.6611911431e-05, 2.06517161132e-05, 0.000147661863593], [6.58509889035e-05, 0.000845987640787, 0.000121708973893, 0.000265705079073, -4.10888205806e-05, 9.74384383881e-05, -0.000518710468896, 0.000455039407825, -0.000463797041448, 0.000291585194645, -0.000344884028891, 0.000612412812188, -0.000442618213128], [0.000116534582048, 0.000121708973893, 0.00149605085608, 0.000206728160265, -0.000481498718727, -0.00039617458242, 0.000745811732486, -0.00102748244535, 0.00100447307341, -0.000481606519315, -9.27578657866e-05, 0.000152542139404, 0.000167714839336], [-5.29997632839e-05, 0.000265705079073, 0.000206728160265, 0.00314330169931, -0.00140961504076, 0.000982581288554, -0.000627967761829, 0.00024388312886, -0.00178797438275, 0.00129931012634, 6.50233487249e-05, -0.00048405767302, -0.000576792168431], [0.000283920177026, -4.10888205806e-05, -0.000481498718727, -0.00140961504076, 0.00631355307996, -0.0031715426594, 0.00154236820526, -0.000248257536441, -0.00158273731358, 0.000881821324583, 0.000994073110633, -0.000368657143554, -0.000236461753957], [1.65942014974e-06, 9.74384383881e-05, -0.00039617458242, 0.000982581288554, -0.0031715426594, 0.0127235716209, -0.007093236316, 0.00133240537252, -0.000842356297653, -0.000405962317018, -0.00130513776094, 0.00182982801925, -0.000260799686657], [8.12546422821e-05, -0.000518710468896, 0.000745811732486, -0.000627967761829, 0.00154236820526, -0.007093236316, 0.0135685624555, -0.00611732434481, 0.00141417921986, -0.00112670625094, -0.00117603165563, -0.00126365071628, 0.000386415136745], [7.73179199314e-05, 0.000455039407825, -0.00102748244535, 0.00024388312886, -0.000248257536441, 0.00133240537252, -0.00611732434481, 0.015773570165, -0.00612890301272, 0.0023053586483, -0.00143879535608, -0.00170536641963, 0.000184652279131], [0.000108264517621, -0.000463797041448, 0.00100447307341, -0.00178797438275, -0.00158273731358, -0.000842356297653, 0.00141417921986, -0.00612890301272, 0.0167711637914, -0.00717846304178, 0.000605979003012, 0.000584748748224, -0.000890951836482], [-0.000123379853903, 0.000291585194645, -0.000481606519315, 0.00129931012634, 0.000881821324583, -0.000405962317018, -0.00112670625094, 0.0023053586483, -0.00717846304178, 0.015443126671, -0.00601408211514, 0.00123652652837, -0.00100952119101], [9.6611911431e-05, -0.000344884028891, -9.27578657866e-05, 6.50233487249e-05, 0.000994073110633, -0.00130513776094, -0.00117603165563, -0.00143879535608, 0.000605979003012, -0.00601408211514, 0.0178061146289, -0.00652064150199, 0.00209891842678], [2.06517161132e-05, 0.000612412812188, 0.000152542139404, -0.00048405767302, -0.000368657143554, 0.00182982801925, -0.00126365071628, -0.00170536641963, 0.000584748748224, 0.00123652652837, -0.00652064150199, 0.0211953632534, -0.00973232835531], [0.000147661863593, -0.000442618213128, 0.000167714839336, -0.000576792168431, -0.000236461753957, -0.000260799686657, 0.000386415136745, 0.000184652279131, -0.000890951836482, -0.00100952119101, 0.00209891842678, -0.00973232835531, 0.0207170862705]], "mean": [-660.026245117, 104.838127136, 23.5179462433, 46.3199234009, 3.32581114769, 14.2443599701, 10.9414997101, 4.64324760437, 3.5339205265, 8.27492046356, 2.68355965614, 2.66273021698, 0.284029126167]}, "spectral_contrast_valleys": {"min": [-27.449224472, -27.2320594788, -27.296081543, -27.1606216431, -27.2658100128, -27.2373733521], "max": [-4.91559171677, -4.6408700943, -5.39984846115, -5.50382804871, -5.53214025497, -7.54136228561], "dvar2": [0.403764754534, 0.612495779991, 0.521477401257, 0.460714995861, 0.431790798903, 0.545149803162], "median": [-6.46513748169, -6.77259063721, -7.43342018127, -7.70037269592, -6.9826593399, -9.69261264801], "dmean2": [0.685141503811, 0.756585597992, 0.659446656704, 0.584331870079, 0.46717813611, 0.492170542479], "dmean": [0.424297839403, 0.476152926683, 0.428595334291, 0.393126040697, 0.328387349844, 0.373538166285], "var": [1.2526897192, 1.58475005627, 1.68464195728, 1.80630791187, 2.23861074448, 2.55618667603], "dvar": [0.199112936854, 0.29304921627, 0.263220310211, 0.246300637722, 0.240571707487, 0.322290271521], "mean": [-6.77906417847, -7.08559513092, -7.77191257477, -8.10036373138, -7.56008911133, -10.1430425644]}, "barkbands_flatness_db": {"min": 0.0270824637264, "max": 0.679614365101, "dvar2": 0.00331488484517, "median": 0.136083394289, "dmean2": 0.0536917485297, "dmean": 0.0345954038203, "var": 0.0100452387705, "dvar": 0.00154284678865, "mean": 0.165382966399}, "dynamic_complexity": 3.66725945473, "erbbands_flatness_db": {"min": 0.0353302434087, "max": 0.397629112005, "dvar2": 0.00106742687058, "median": 0.127614200115, "dmean2": 0.0278813578188, "dmean": 0.0190281774849, "var": 0.00216678110883, "dvar": 0.000509499630425, "mean": 0.134530052543}, "hfc": {"min": 4.97325913