{"lowlevel": {"spectral_complexity": {"min": 0, "max": 59, "dvar2": 143.611419678, "median": 7, "dmean2": 8.01144695282, "dmean": 5.29940509796, "var": 143.962310791, "dvar": 70.1332397461, "mean": 11.1222114563}, "silence_rate_20dB": {"min": 1, "max": 1, "dvar2": 0, "median": 1, "dmean2": 0, "dmean": 0, "var": 0, "dvar": 0, "mean": 1}, "average_loudness": 0.892574548721, "erbbands_spread": {"min": 0.277993798256, "max": 197.543655396, "dvar2": 1095.13549805, "median": 39.9804649353, "dmean2": 29.4779529572, "dmean": 19.3070926666, "var": 1172.60351562, "dvar": 473.095001221, "mean": 49.3500976562}, "spectral_kurtosis": {"min": -1.38846027851, "max": 145.529495239, "dvar2": 88.4883651733, "median": 3.64041185379, "dmean2": 4.2938876152, "dmean": 2.87986421585, "var": 55.5071678162, "dvar": 39.2221374512, "mean": 5.73568630219}, "barkbands_kurtosis": {"min": -1.95278060436, "max": 886.852355957, "dvar2": 7939.90869141, "median": 2.08158874512, "dmean2": 32.1326179504, "dmean": 19.0626926422, "var": 2978.65380859, "dvar": 2991.29101562, "mean": 18.0275192261}, "spectral_strongpeak": {"min": 0, "max": 15.2376403809, "dvar2": 1.48308229446, "median": 0.316502004862, "dmean2": 0.763091087341, "dmean": 0.450871020555, "var": 0.898628473282, "dvar": 0.560592472553, "mean": 0.627695024014}, "spectral_spread": {"min": 620036.3125, "max": 43498080, "dvar2": 4639672500220.0, "median": 6292972.5, "dmean2": 1887710.5, "dmean": 1339572.75, "var": 12075055185900.0, "dvar": 2126122844160.0, "mean": 6544241.5}, "spectral_rms": {"min": 3.09379475164e-12, "max": 0.0148288691416, "dvar2": 6.60811792841e-06, "median": 0.00267266668379, "dmean2": 0.00201763142832, "dmean": 0.00145109184086, "var": 9.78197203949e-06, "dvar": 3.92462425225e-06, "mean": 0.00365076423623}, "erbbands": {"min": [7.3154940315e-23, 7.87184127724e-22, 2.87182810732e-21, 5.69269655747e-21, 1.61348800153e-20, 2.17497529327e-20, 4.38973474284e-20, 1.29221341037e-19, 1.42170556259e-19, 1.9706513099e-19, 2.73999442005e-19, 3.85865538589e-19, 5.78486279847e-19, 6.5871018476e-19, 1.26248678805e-18, 8.42672619752e-19, 1.54653606091e-18, 2.29840218888e-18, 2.14395908992e-18, 3.71487268047e-18, 3.7681054752e-18, 4.44786802693e-18, 6.47640688367e-18, 7.43178270679e-18, 7.66163800104e-18, 9.6153914586e-18, 9.51704878275e-18, 8.96575027528e-18, 1.02917505757e-17, 9.47929295087e-18, 1.12220764747e-17, 1.00920973e-17, 1.00215503743e-17, 8.43575415012e-18, 6.65007552123e-18, 4.2559459948e-18, 2.1919674119e-18, 8.35614856271e-19, 2.26565700356e-19, 2.73474085381e-20], "max": [4.91940402985, 52.863735199, 77.4261856079, 306.240020752, 113.421455383, 106.386367798, 373.622772217, 210.89263916, 472.531799316, 712.645324707, 582.873168945, 988.650512695, 1040.02282715, 1162.17175293, 5494.64013672, 2089.63989258, 1027.14074707, 3731.74047852, 2644.84277344, 1390.18188477, 1065.84008789, 369.705444336, 563.482666016, 590.225097656, 336.276702881, 244.060623169, 186.426223755, 134.3203125, 257.826965332, 185.531234741, 103.222175598, 80.5635681152, 363.172485352, 149.492324829, 34.0495109558, 20.5485076904, 4.36993265152, 0.655978918076, 0.135551929474, 0.00480335019529], "dvar2": [1.08158111572, 110.829368591, 279.820983887, 2755.22265625, 412.460418701, 353.14855957, 353.200408936, 164.199523926, 357.654083252, 1004.17694092, 303.94317627, 1776.16723633, 1232.37158203, 1946.29455566, 10418.890625, 1960.32226562, 9085.45214844, 9325.93945312, 9546.2109375, 6077.34716797, 4074.99267578, 2304.48632812, 771.938415527, 1459.5345459, 619.417602539, 214.650146484, 529.468688965, 251.803436279, 212.274688721, 477.440368652, 75.8284606934, 30.4670963287, 37.7081604004, 8.85560512543, 3.27898359299, 0.645789504051, 0.111206233501, 0.0135600958019, 0.000453280401416, 5.7894527572e-07], "median": [0.0121876019984, 0.198477521539, 0.605947732925, 0.951498627663, 0.991097033024, 1.55815243721, 1.75120127201, 1.18502807617, 0.788371682167, 0.674623548985, 0.660228252411, 0.768580675125, 0.921460688114, 1.02592980862, 1.18482756615, 1.91940045357, 3.20552444458, 4.16154289246, 4.95437812805, 3.59640073776, 2.53447580338, 1.78774964809, 1.1966946125, 1.14213180542, 1.1117399931, 0.885089695454, 0.775903642178, 0.510493695736, 0.574622154236, 0.646063089371, 0.522643089294, 0.549363255501, 0.487283289433, 0.308560043573, 0.184903994203, 0.0897190645337, 0.0375544689596, 0.0104649588466, 0.00138977298047, 7.41250696592e-05], "dmean2": [0.377537220716, 3.65020227432, 7.87367010117, 19.546125412, 7.59168863297, 7.6910367012, 9.25816822052, 5.58348655701, 5.9724240303, 8.6492061615, 5.65526103973, 10.1092596054, 12.2753067017, 13.105846405, 14.9927921295, 14.9285287857, 36.5646438599, 34.1472854614, 32.8413009644, 28.6106376648, 28.2300624847, 19.4085330963, 11.4502353668, 14.6868782043, 10.9172019958, 7.25649118423, 10.4720401764, 7.56325006485, 6.97214984894, 8.57915496826, 3.9252679348, 3.06315851212, 2.99395298958, 1.65014207363, 1.02425789833, 0.459792464972, 0.212212845683, 0.0678160786629, 0.0125557500869, 0.000466094876174], "dmean": [0.22297783196, 2.14377999306, 4.8048081398, 11.9317989349, 4.65839481354, 4.39267921448, 5.86782407761, 3.4998857975, 3.86793518066, 5.55136060715, 3.59916400909, 6.41335821152, 7.28780841827, 8.13784122467, 8.95345401764, 9.21300029755, 20.9325141907, 20.7106647491, 20.4932422638, 17.2381095886, 17.0789680481, 11.5437164307, 7.36722278595, 8.97041511536, 6.71190214157, 4.79840183258, 6.34241676331, 4.88588809967, 4.50568294525, 5.10781526566, 2.5872399807, 2.09622359276, 1.92587482929, 1.12586641312, 0.683272361755, 0.317345649004, 0.142382964492, 0.0470650605857, 0.00853958167136, 0.000368256296497], "var": [0.492033183575, 40.1717681885, 107.977264404, 1143.91247559, 139.670059204, 113.411567688, 260.124969482, 143.035217285, 372.702789307, 944.263977051, 310.468505859, 1447.11584473, 892.578674316, 1593.24499512, 5485.953125, 1496.98461914, 2800.53222656, 5878.47802734, 5761.57763672, 2885.7512207, 1856.53344727, 718.078369141, 408.100036621, 565.933349609, 247.956359863, 127.456069946, 203.803039551, 143.170898438, 150.793624878, 174.737442017, 55.5386924744, 26.5549945831, 36.5282821655, 9.76627159119, 2.42918086052, 0.536027014256, 0.0978519245982, 0.0113162500784, 0.000402968958952, 8.57010547861e-07], "dvar": [0.417056024075, 43.4077911377, 117.035614014, 1214.54052734, 161.143798828, 122.601821899, 154.306854248, 70.09765625, 163.134490967, 427.836883545, 147.400604248, 741.598327637, 499.304199219, 812.177856445, 3825.75292969, 868.124816895, 3296.9309082, 4131.73535156, 4009.59228516, 2129.21630859, 1673.55993652, 859.670715332, 334.902130127, 568.628173828, 241.612884521, 90.2738571167, 206.658691406, 107.041976929, 90.869720459, 168.288238525, 33.6833724976, 14.163394928, 18.5040187836, 4.70600318909, 1.4758695364, 0.301233500242, 0.0519647300243, 0.00619300641119, 0.000214366227738, 3.55670664476e-07], "mean": [0.2264136374, 1.97490274906, 4.39114093781, 10.1569480896, 4.49642372131, 5.21287679672, 8.52338218689, 5.2935500145, 6.13623666763, 8.69741344452, 4.8289680481, 8.85315608978, 8.96467208862, 10.6270637512, 11.4758462906, 11.1407670975, 19.4261550903, 23.1475696564, 26.0651512146, 20.6173877716, 17.840675354, 11.4020519257, 8.06078052521, 9.02375221252, 7.26171779633, 5.76192188263, 6.83768987656, 5.82714033127, 5.68120574951, 5.53348779678, 3.67288470268, 2.88616156578, 2.43303394318, 1.50689768791, 0.884597361088, 0.43070846796, 0.192300155759, 0.0632669627666, 0.0110928202048, 0.000511258083861]}, "zerocrossingrate": {"min": 0.00244140625, "max": 0.52490234375, "dvar2": 0.00107464403845, "median": 0.0634765625, "dmean2": 0.0319956988096, "dmean": 0.025169249624, "var": 0.00402887351811, "dvar": 0.00076665636152, "mean": 0.0795765221119}, "spectral_contrast_coeffs": {"min": [-0.980014681816, -0.979450643063, -0.976809740067, -0.992816984653, -0.983334362507, -0.963706433773], "max": [-0.34952262044, -0.38946595788, -0.29772952199, -0.397390782833, -0.506051540375, -0.617991924286], "dvar2": [0.00677523110062, 0.0043099373579, 0.00273197004572, 0.00257908995263, 0.00106211274397, 0.0013213607017], "median": [-0.667839884758, -0.766978502274, -0.829201042652, -0.802606999874, -0.820491433144, -0.817122161388], "dmean2": [0.0977786853909, 0.0805295333266, 0.0636781826615, 0.0610099583864, 0.0373829640448, 0.0337249748409], "dmean": [0.0627604797482, 0.0515642240644, 0.0397351719439, 0.0381216853857, 0.0236196499318, 0.0222618300468], "var": [0.00929646193981, 0.0102285174653, 0.00606630695984, 0.00543231423944, 0.00192010053433, 0.00190094846766], "dvar": [0.00321430922486, 0.00191575882491, 0.00117544038221, 0.00110646500252, 0.0004613903875, 0.000598862941843], "mean": [-0.66120660305, -0.748896300793, -0.811504662037, -0.789524674416, -0.81667047739, -0.811002135277]}, "dissonance": {"min": 0.180934563279, "max": 0.500000178814, "dvar2": 0.00136249908246, "median": 0.479335218668, "dmean2": 0.0313376933336, "dmean": 0.0195434447378, "var": 0.00118759064935, "dvar": 0.000584419234656, "mean": 0.467955827713}, "spectral_energyband_high": {"min": 6.73764215981e-21, "max": 0.0239100754261, "dvar2": 3.49737365468e-06, "median": 0.000174278131453, "dmean2": 0.00106310960837, "dmean": 0.000705874466803, "var": 2.84451948573e-06, "dvar": 1.59041553616e-06, "mean": 0.000971453962848}, "spectral_skewness": {"min": -0.320051133633, "max": 10.4075727463, "dvar2": 0.61554402113, "median": 1.6139087677, "dmean2": 0.540869772434, "dmean": 0.372846722603, "var": 0.661563396454, "dvar": 0.287145346403, "mean": 1.77509355545}, "spectral_flux": {"min": 6.39245392731e-11, "max": 0.417901694775, "dvar2": 0.00765483314171, "median": 0.053301576525, "dmean2": 0.0695565640926, "dmean": 0.0444982349873, "var": 0.00712539814413, "dvar": 0.00353365018964, "mean": 0.0862626135349}, "silence_rate_30dB": {"min": 0, "max": 1, "dvar2": 0.21295158565, "median": 1, "dmean2": 0.197115689516, "dmean": 0.0985514745116, "var": 0.0664590895176, "dvar": 0.0888501256704, "mean": 0.92841899395}, "spectral_energyband_middle_high": {"min": 1.26561774018e-21, "max": 0.143032982945, "dvar2": 5.3252253565e-05, "median": 0.000911637034733, "dmean2": 0.00359994755127, "dmean": 0.00221805972978, "var": 3.22979212797e-05, "dvar": 2.10061389225e-05, "mean": 0.00306513998657}, "barkbands_spread": {"min": 0.210860192776, "max": 122.548698425, "dvar2": 594.946960449, "median": 22.2615299225, "dmean2": 22.5137138367, "dmean": 14.0771245956, "var": 491.738464355, "dvar": 256.885131836, "mean": 27.6399650574}, "spectral_centroid": {"min": 97.4761962891, "max": 11504.0351562, "dvar2": 808138.6875, "median": 1177.26013184, "dmean2": 794.516418457, "dmean": 502.40927124, "var": 1129472.25, "dvar": 359922.65625, "mean": 1373.55749512}, "pitch_salience": {"min": 0.0226156320423, "max": 0.904440164566, "dvar2": 0.0387979857624, "median": 0.518332064152, "dmean2": 0.209922760725, "dmean": 0.128430858254, "var": 0.0299606099725, "dvar": 0.0157243944705, "mean": 0.502934157848}, "erbbands_skewness": {"min": -10.868768692, "max": 12.5313282013, "dvar2": 1.59208798409, "median": 0.0316598899662, "dmean2": 1.10373902321, "dmean": 0.722098767757, "var": 1.78579854965, "dvar": 0.719666004181, "mean": 0.12897926569}, "erbbands_crest": {"min": 1.80210793018, "max": 34.9794921875, "dvar2": 29.8716316223, "median": 8.83703994751, "dmean2": 5.89417934418, "dmean": 3.67636060715, "var": 34.8635902405, "dvar": 12.8609666824, "mean": 10.2997522354}, "melbands": {"min": [1.08029471982e-24, 1.32934431988e-24, 1.36393143323e-24, 1.05559627374e-24, 1.20414045852e-24, 2.95795544871e-24, 2.23329086066e-24, 1.93267016918e-24, 1.21810507148e-24, 2.00541911907e-24, 2.202225321e-24, 2.29279759697e-24, 2.79680437919e-24, 1.9882953154e-24, 2.55788247126e-24, 2.64037405054e-24, 3.66796497328e-24, 3.1591650722e-24, 3.7303031286e-24, 4.75462402567e-24, 3.70237745255e-24, 3.51427041426e-24, 3.85998949483e-24, 4.75498414067e-24, 5.62169181217e-24, 4.90163377738e-24, 5.24822257711e-24, 4.6640608216e-24, 6.41740042448e-24, 4.58214668849e-24, 5.05087087786e-24, 4.40000067763e-24, 5.048981556e-24, 5.63676260534e-24, 5.85090323679e-24, 6.04985080165e-24, 6.0130125751e-24, 5.90629547184e-24, 6.36098227583e-24, 5.6727279573e-24], "max": [0.0527819469571, 0.0426472462714, 0.0420416630805, 0.00787626858801, 0.00968535710126, 0.00544885126874, 0.00950850360096, 0.00732792867348, 0.00557098211721, 0.00616385042667, 0.005141149275, 0.00541467731819, 0.0201412364841, 0.014342745766, 0.00293845077977, 0.00332249212079, 0.00662862043828, 0.00455126538873, 0.00296730129048, 0.00118150969502, 0.00120205932762, 0.000420645286795, 0.00040454196278, 0.000517387641594, 0.000531587516889, 0.000318447098834, 0.000186196863069, 0.000206062104553, 0.000140062285936, 0.000100528777693, 8.03562506917e-05, 0.000152491062181, 0.000153795641381, 0.000101606136013, 6.63059254293e-05, 5.46529736312e-05, 5.10672725795e-05, 0.000221808077185, 0.000252964848187, 0.000101832891232], "dvar2": [0.000123725272715, 8.27490948723e-05, 5.13286977366e-05, 1.84330610864e-06, 4.41897043402e-07, 8.17072489667e-08, 9.7703981794e-08, 1.00162139915e-07, 2.29810073193e-08, 7.52362367962e-08, 3.14305133031e-08, 3.04054736944e-08, 1.61892558026e-07, 1.65292295407e-08, 2.56563303935e-08, 3.95171326772e-08, 3.65922865342e-08, 2.65069868277e-08, 2.12407851308e-08, 1.07803312943e-08, 5.6194120468e-09, 3.54659879243e-09, 7.99216193226e-10, 5.89924331607e-10, 1.18299425811e-09, 6.45807685107e-10, 2.00734748268e-10, 8.15871883941e-11, 2.22429200059e-10, 2.07266925845e-10, 6.59542975789e-11, 6.43915268328e-11, 1.0783791915e-10, 1.79336906436e-10, 3.56298428261e-11, 9.13236673783e-12, 1.29094556225e-11, 1.54618470805e-11, 2.0126702388e-11, 5.09790603828e-12], "median": [0.000158205977641, 0.000338720768923, 0.00017529122124, 9.34100607992e-05, 7.3500770668e-05, 2.69858683168e-05, 1.1346991414e-05, 6.50719084661e-06, 4.73699947179e-06, 4.58948443338e-06, 4.2540659706e-06, 3.6440931126e-06, 3.22595974467e-06, 3.89618298868e-06, 5.6035119087e-06, 5.8577843447e-06, 6.35955075268e-06, 6.67100221108e-06, 5.55584210815e-06, 2.84720454147e-06, 2.42062742473e-06, 1.69190775523e-06, 1.11087842924e-06, 8.41558062348e-07, 8.36581136809e-07, 8.0187248841e-07, 6.68227926326e-07, 5.41584142866e-07, 5.39017946721e-07, 3.18235805707e-07, 2.94943475865e-07, 3.16630661246e-07, 3.40985081948e-07, 3.40864914961e-07, 2.77031176665e-07, 3.04968267528e-07, 3.34646188094e-07, 3.16189556315e-07, 3.15258517958e-07, 2.39271201963e-07], "dmean2": [0.00394053664058, 0.0042500202544, 0.00278941378929, 0.000512599828653, 0.000330361624947, 0.000130335654831, 9.6966214187e-05, 8.76863123267e-05, 4.6786837629e-05, 6.73894537613e-05, 6.28927809885e-05, 5.32890589966e-05, 5.40739274584e-05, 3.33614261763e-05, 6.20889040874e-05, 7.86157906987e-05, 6.60774676362e-05, 5.40659129911e-05, 4.71419225505e-05, 3.8403126382e-05, 3.36346129188e-05, 2.36669147853e-05, 1.17201343528e-05, 9.97139522951e-06, 1.28396250147e-05, 1.034449906e-05, 6.9060961323e-06, 4.46466310677e-06, 7.12211885912e-06, 6.12949270362e-06, 4.06713661505e-06, 3.90234936276e-06, 4.42343662144e-06, 5.1435745263e-06, 2.54310771197e-06, 1.62634569278e-06, 1.97995450435e-06, 1.91326944332e-06, 2.23195547733e-06, 1.20915581192e-06], "dmean": [0.00231140875258, 0.00264356727712, 0.00172261393163, 0.000288079900201, 0.000205722724786, 8.33639132907e-05, 6.25199609203e-05, 5.63682624488e-05, 2.97633960145e-05, 4.26218866778e-05, 3.72152535419e-05, 3.30429284077e-05, 3.2420946809e-05, 2.15271247725e-05, 3.61556521966e-05, 4.57134701719e-05, 3.96325158363e-05, 3.38233221555e-05, 2.80086751445e-05, 2.29723100347e-05, 2.02745704883e-05, 1.39192934512e-05, 7.43308783058e-06, 6.26567862128e-06, 7.66326320445e-06, 6.07364290772e-06, 4.1561593207e-06, 2.91020091936e-06, 4.24609970651e-06, 3.71495161744e-06, 2.70885743703e-06, 2.54648580267e-06, 2.7114808745e-06, 2.98746363114e-06, 1.63052709468e-06, 1.15472244033e-06, 1.31853380481e-06, 1.22298104088e-06, 1.44029411331e-06, 8.34432739794e-07], "var": [4.95973508805e-05, 3.64125917258e-05, 2.3329481337e-05, 4.85776581627e-07, 2.64124224714e-07, 7.51458131276e-08, 1.00833517536e-07, 1.03631208503e-07, 2.40666899742e-08, 5.89490092295e-08, 2.23354970075e-08, 2.56661767395e-08, 6.51754348269e-08, 3.00168387923e-08, 1.07500994773e-08, 1.54523256413e-08, 2.17346904918e-08, 1.57703006209e-08, 9.95480942123e-09, 4.80192952068e-09, 2.55786858361e-09, 1.03145070263e-09, 3.76710634908e-10, 3.05356046004e-10, 4.25663948533e-10, 1.99831429182e-10, 9.23408086106e-11, 5.19155066159e-11, 8.51990977768e-11, 7.38115263355e-11, 4.75143813183e-11, 4.6326605746e-11, 5.47185664834e-11, 5.6217804717e-11, 2.27284233101e-11, 9.13274577491e-12, 1.00626685803e-11, 1.46226260267e-11, 1.99901969977e-11, 4.90467692502e-12], "dvar": [4.72311112389e-05, 3.56631426257e-05, 2.33674800256e-05, 6.38103870187e-07, 1.80647305115e-07, 3.5947078203e-08, 4.46906120999e-08, 4.35504539098e-08, 1.14823617281e-08, 3.08271062011e-08, 1.28084787221e-08, 1.2951009154e-08, 5.91414348605e-08, 1.17539213917e-08, 9.69033120413e-09, 1.51754040445e-08, 1.57687267688e-08, 1.11474065534e-08, 7.30028260065e-09, 4.05685396387e-09, 2.33552266415e-09, 1.29775779012e-09, 3.34751837361e-10, 2.55654691861e-10, 4.51929299539e-10, 2.40211739388e-10, 7.92851964637e-11, 3.55428811383e-11, 8.69433899875e-11, 7.95879750992e-11, 3.02354530302e-11, 2.80508654499e-11, 4.13555509282e-11, 6.07850436651e-11, 1.51177525359e-11, 4.59560644747e-12, 5.77138163649e-12, 7.55535998348e-12, 1.01504924258e-11, 2.56866099571e-12], "mean": [0.00223934766836, 0.00256055826321, 0.00153152644634, 0.000303863023873, 0.000289804418571, 0.000128685293021, 9.88004758256e-05, 8.8574764959e-05, 3.76724201487e-05, 5.77754690312e-05, 4.4180007535e-05, 4.21380718763e-05, 3.98898228013e-05, 2.66108490905e-05, 3.63873077731e-05, 4.32755223301e-05, 4.27644699812e-05, 4.17319497501e-05, 3.35766380886e-05, 2.38682750933e-05, 2.06993263419e-05, 1.31424894789e-05, 7.64940978115e-06, 6.68630491418e-06, 7.46225668991e-06, 5.96877953285e-06, 4.41398969997e-06, 3.63917297364e-06, 4.44132865596e-06, 3.8624998524e-06, 3.32569447892e-06, 3.18210095429e-06, 3.19200557897e-06, 3.01482646137e-06, 2.23610254579e-06, 1.66106985944e-06, 1.75867239705e-06, 1.55244265443e-06, 1.74375065853e-06, 1.12979842015e-06]}, "spectral_entropy": {"min": 3.92161536217, "max": 9.82183933258, "dvar2": 0.396723240614, "median": 7.7657251358, "dmean2": 0.52475130558, "dmean": 0.363789230585, "var": 0.523581624031, "dvar": 0.195365354419, "mean": 7.63504981995}, "spectral_rolloff": {"min": 21.533203125, "max": 19595.2148438, "dvar2": 13077139, "median": 1313.52539062, "dmean2": 2504.82104492, "dmean": 1455.1517334, "var": 8688401, "dvar": 5695209, "mean": 2154}, "barkbands": {"min": [4.73462926134e-25, 2.8565028087e-24, 1.22640526871e-24, 1.19778894494e-24, 1.08153279757e-23, 1.70652370583e-23, 1.32422498731e-23, 9.01014285635e-24, 1.3428084992e-23, 9.96650733075e-24, 2.24905963795e-23, 1.71068131835e-23, 3.64032234053e-23, 4.39216610555e-23, 3.12309117298e-23, 7.17275375278e-23, 6.8479683585e-23, 9.30500375882e-23, 1.34110418099e-22, 1.93609210579e-22, 1.96122508801e-22, 3.03214983633e-22, 4.05333141409e-22, 6.13274503132e-22, 8.94484356964e-22, 1.20164139845e-21, 1.98566765917e-21], "max": [0.00513813039288, 0.213170140982, 0.102731183171, 0.0811883732677, 0.0314489416778, 0.0445674471557, 0.0561478659511, 0.0333916954696, 0.046953689307, 0.0365959666669, 0.128625139594, 0.1097612679, 0.0233473032713, 0.0669241398573, 0.0395316816866, 0.0189523436129, 0.00745220016688, 0.00998131278902, 0.0112908584997, 0.00418107677251, 0.00369699671865, 0.00715155433863, 0.00405411701649, 0.0149035798386, 0.00865692365915, 0.00314982840791, 0.000646373082418], "dvar2": [4.21612696755e-07, 0.00179288850632, 0.000401709257858, 0.000210347570828, 3.06511428789e-05, 3.05173921333e-06, 3.36813900503e-06, 1.01560726762e-06, 2.52674158219e-06, 1.48812193856e-06, 7.85548672866e-06, 1.68191138528e-06, 4.04078764404e-06, 4.22258790422e-06, 4.01654415327e-06, 1.59296973834e-06, 1.00039801509e-06, 2.49071320013e-07, 4.77528942611e-07, 1.0636154002e-07, 2.69433940048e-07, 2.08287204373e-07, 1.60172888286e-07, 9.8948220284e-08, 6.38940704789e-08, 3.35521121997e-08, 1.15615561569e-08], "median": [6.71158250043e-06, 0.000713050947525, 0.000479178183014, 0.000282026885543, 0.000493052182719, 0.00016264365695, 4.78049951198e-05, 2.26204156206e-05, 3.2037278288e-05, 2.72735614999e-05, 2.15779746213e-05, 3.78567601729e-05, 6.14776290604e-05, 6.9763395004e-05, 7.54424036131e-05, 3.86620449717e-05, 2.85010719381e-05, 1.94415024453e-05, 2.2767460905e-05, 2.046910231e-05, 1.40641841426e-05, 1.88835620065e-05, 1.7458009097e-05, 2.91930809908e-05, 2.70075524895e-05, 2.08206529351e-05, 7.75238368078e-06], "dmean2": [0.000231632831856, 0.0149456160143, 0.00889112893492, 0.00548415351659, 0.00217256206088, 0.00082309381105, 0.000547135539819, 0.000285226211417, 0.000440817093477, 0.000419186777435, 0.000401269324357, 0.000317070109304, 0.00080131914001, 0.000696733535733, 0.000651099951938, 0.000520495115779, 0.0003997196618, 0.000207602381124, 0.00028530714917, 0.00016678684915, 0.000222158632823, 0.000209972175071, 0.000169115053723, 0.000166354846442, 0.000145256490214, 0.000112201341835, 6.34272801108e-05], "dmean": [0.000181825715117, 0.00879185181111, 0.00535931717604, 0.00333912204951, 0.00123661512043, 0.000535721657798, 0.0003499869199, 0.000182892588782, 0.000277699902654, 0.000252047000686, 0.000244765338721, 0.000200014925213, 0.000458823895315, 0.000422598706791, 0.000393331662053, 0.000316233374178, 0.000232987265917, 0.000134499394335, 0.000167084202985, 0.000109340260678, 0.00014134561934, 0.000133725203341, 0.000106913248601, 0.000110036344267, 9.77885429165e-05, 7.6563359471e-05, 4.47188904218e-05], "var": [4.53035909231e-07, 0.000722453871276, 0.000163641103427, 8.81026135175e-05, 8.67099515744e-06, 2.95927588922e-06, 3.26798226524e-06, 1.23280301523e-06, 2.18324680645e-06, 1.08822212042e-06, 2.92049071504e-06, 1.93268738258e-06, 1.30459170578e-06, 2.30519617617e-06, 2.08236838262e-06, 7.62993238368e-07, 2.94522351396e-07, 1.39138080613e-07, 1.62325221709e-07, 6.61199663909e-08, 1.10657524033e-07, 1.28450821535e-07, 8.5970484065e-08, 9.36157462661e-08, 5.72495935103e-08, 2.92805459878e-08, 1.16412106621e-08], "dvar": [2.76867922366e-07, 0.000703389407136, 0.000174770408194, 9.29062007344e-05, 1.06746574602e-05, 1.41392899877e-06, 1.51874075982e-06, 4.88071066229e-07, 1.08088318029e-06, 6.23941787126e-07, 2.92584263661e-06, 1.00506963463e-06, 1.47635569192e-06, 1.76677997388e-06, 1.50593018589e-06, 6.44989029297e-07, 3.69626462771e-07, 1.10332074144e-07, 1.7956683962e-07, 4.52286599284e-08, 1.06004442557e-07, 8.52422346043e-08, 6.23315585813e-08, 4.76136001737e-08, 3.11193701918e-08, 1.57302704196e-08, 5.77998182649e-09], "mean": [0.00020302500343, 0.00856185611337, 0.00452369870618, 0.00288108969107, 0.00143232685514, 0.000837230763864, 0.000536321778782, 0.000258241430856, 0.000370470137568, 0.00029644506867, 0.000297472928651, 0.000243239061092, 0.000416470109485, 0.000466493860586, 0.000470754515845, 0.000327921559801, 0.000221132533625, 0.000144678124343, 0.000166936821188, 0.000131429827888, 0.000157189308084, 0.000167135323863, 0.000135127207614, 0.000146370992297, 0.000129950742121, 0.000104501392343, 6.02822256042e-05]}, "melbands_flatness_db": {"min": 0.00379802123643, "max": 0.701915502548, "dvar2": 0.010845342651, "median": 0.215528070927, "dmean2": 0.102887988091, "dmean": 0.0665405020118, "var": 0.0124655496329, "dvar": 0.00489880377427, "mean": 0.234331250191}, "melbands_skewness": {"min": -7.74163866043, "max": 34.7650756836, "dvar2": 18.5571250916, "median": 2.88036584854, "dmean2": 3.39770317078, "dmean": 2.17341923714, "var": 18.100856781, "dvar": 8.0555639267, "mean": 4.0933880806}, "barkbands_skewness": {"min": -13.218126297, "max": 25.6058197021, "dvar2": 11.8257846832, "median": 1.45992457867, "dmean2": 2.53115725517, "dmean": 1.62051331997, "var": 9.46793651581, "dvar": 4.82147312164, "mean": 2.27125620842}, "silence_rate_60dB": {"min": 0, "max": 1, "dvar2": 0.200127393007, "median": 0, "dmean2": 0.224794670939, "dmean": 0.112390063703, "var": 0.188932612538, "dvar": 0.099737457931, "mean": 0.25282895565}, "spectral_energyband_low": {"min": 2.1778414332e-23, "max": 0.222729533911, "dvar2": 0.00237466604449, "median": 0.001852825284, "dmean2": 0.0249196309596, "dmean": 0.0154299251735, "var": 0.00121343962383, "dvar": 0.00105035363231, "mean": 0.0155398715287}, "spectral_energyband_middle_low": {"min": 1.94197309539e-22, "max": 0.0947972014546, "dvar2": 0.000291912263492, "median": 0.00217460095882, "dmean2": 0.00759173370898, "dmean": 0.00489646848291, "var": 0.000168073704117, "dvar": 0.000137043505674, "mean": 0.00640600221232}, "melbands_kurtosis": {"min": -1.97905302048, "max": 1816.98486328, "dvar2": 36732.2304688, "median": 10.4716291428, "dmean2": 80.7653961182, "dmean": 48.0010681152, "var": 19331.0292969, "dvar": 14332.7158203, "mean": 54.3789596558}, "spectral_decrease": {"min": -5.90823674429e-08, "max": 1.36014950462e-28, "dvar2": 1.53243758214e-16, "median": -1.73564262962e-09, "dmean2": 7.06133862494e-09, "dmean": 4.63384575156e-09, "var": 1.03852830308e-16, "dvar": 7.39731144368e-17, "mean": -5.88291149128e-09}, "erbbands_kurtosis": {"min": -1.90349411964, "max": 300.149078369, "dvar2": 228.227828979, "median": 0.105387926102, "dmean2": 5.15192842484, "dmean": 3.22354316711, "var": 131.942687988, "dvar": 97.5862960815, "mean": 2.59177684784}, "melbands_crest": {"min": 1.57825040817, "max": 37.5234985352, "dvar2": 40.9693374634, "median": 15.7007141113, "dmean2": 7.49324798584, "dmean": 4.58089160919, "var": 40.7497406006, "dvar": 16.5727615356, "mean": 16.2576198578}, "gfcc": {"cov": [[22589.4316406, -1859.37316895, -1224.01123047, 209.009521484, -1125.64831543, -241.482543945, -464.81817627, -349.23260498, -365.441375732, -209.72505188, -409.292633057, -121.01209259, -344.600128174], [-1859.37316895, 2576.13867188, -465.300079346, -504.620056152, 157.278549194, -195.728637695, -4.21601486206, 28.2261867523, 15.775349617, -33.2109718323, 114.883850098, -26.1495380402, 103.663093567], [-1224.01123047, -465.300079346, 1681.24121094, 495.015533447, 1.04347550869, 200.986434937, -33.7672042847, -41.5069503784, -11.1773910522, 31.2668056488, 34.8602180481, 58.3583869934, -17.7121067047], [209.009521484, -504.620056152, 495.015533447, 590.115234375, 110.238487244, 20.991060257, 11.2014551163, 11.3498821259, 39.6845283508, -9.78115844727, -35.3782310486, 28.5235080719, -4.84161758423], [-1125.64831543, 157.278549194, 1.04347550869, 110.238487244, 501.047058105, 177.133239746, 96.0542755127, 97.974357605, 70.8883056641, 57.4125061035, 14.1169424057, -27.7016582489, 44.8517189026], [-241.482543945, -195.728637695, 200.986434937, 20.991060257, 177.133239746, 353.394012451, 112.058502197, 65.2846374512, 23.7344074249, 86.5946578979, 19.3913784027, -14.8557682037, -22.5650558472], [-464.81817627, -4.21601486206, -33.7672042847, 11.2014551163, 96.0542755127, 112.058502197, 235.783096313, 123.468017578, 30.1432476044, 12.6380081177, 3.47082996368, -12.7866315842, -3.70165085793], [-349.23260498, 28.2261867523, -41.5069503784, 11.3498821259, 97.974357605, 65.2846374512, 123.468017578, 224.348373413, 110.386230469, 44.1155662537, 0.924123048782, -11.1151647568, 10.6202917099], [-365.441375732, 15.775349617, -11.1773910522, 39.6845283508, 70.8883056641, 23.7344074249, 30.1432476044, 110.386230469, 158.976882935, 80.945350647, 1.09465169907, -28.1849460602, 1.59056389332], [-209.72505188, -33.2109718323, 31.2668056488, -9.78115844727, 57.4125061035, 86.5946578979, 12.6380081177, 44.1155662537, 80.945350647, 146.881851196, 58.2504386902, -17.7477798462, -7.66878080368], [-409.292633057, 114.883850098, 34.8602180481, -35.3782310486, 14.1169424057, 19.3913784027, 3.47082996368, 0.924123048782, 1.09465169907, 58.2504386902, 118.500259399, 57.5336532593, 6.96291065216], [-121.01209259, -26.1495380402, 58.3583869934, 28.5235080719, -27.7016582489, -14.8557682037, -12.7866315842, -11.1151647568, -28.1849460602, -17.7477798462, 57.5336532593, 117.390731812, 53.8182487488], [-344.600128174, 103.663093567, -17.7121067047, -4.84161758423, 44.8517189026, -22.5650558472, -3.70165085793, 10.6202917099, 1.59056389332, -7.66878080368, 6.96291065216, 53.8182487488, 117.760055542]], "icov": [[7.05007769284e-05, 3.15853935717e-06, 0.000113240806968, -0.000147467333591, 0.000177630965482, -0.000116340263048, 0.000170189494384, -0.00010173679766, 0.000247347081313, -0.000154193170602, 0.000252470752457, -6.25272732577e-05, 0.000139337265864], [3.15853935717e-06, 0.00066378316842, -7.40223622415e-05, 0.000587633403484, -0.00038279540604, 0.000438240880612, -2.10722992051e-05, 3.18984348269e-05, -0.000415704009356, 0.000972850015387, -0.00140769348945, 0.0010529756546, -0.000664844061248], [0.000113240806968, -7.40223622415e-05, 0.00119214819279, -0.00129726796877, 0.000844816793688, -0.00122294109315, 0.000739184033591, -0.000176008761628, 0.000458672671812, 0.000124091500766, -0.000404607824748, 0.000308766873786, -0.000109790649731], [-0.000147467333591, 0.000587633403484, -0.00129726796877, 0.00395904667675, -0.00202888203785, 0.00189656123985, -0.00107378035318, 0.000835540355183, -0.00172582652885, 0.000212297294638, 0.00130262097809, -0.00207244162448, 0.000953144393861], [0.000177630965482, -0.00038279540604, 0.000844816793688, -0.00202888203785, 0.00428053224459, -0.0028045643121, 0.000621907005552, -0.000729882449377, 2.2526288376e-05, 0.000807456613984, -0.00153438665438, 0.0027584079653, -0.00229958631098], [-0.000116340263048, 0.000438240880612, -0.00122294109315, 0.00189656123985, -0.0028045643121, 0.00669338833541, -0.0026392035652, -1.49696616063e-05, 0.00169870140962, -0.00452892761678, 0.00275644124486, -0.00258699175902, 0.00213840184733], [0.000170189494384, -2.10722992051e-05, 0.000739184033591, -0.00107378035318, 0.000621907005552, -0.0026392035652, 0.00793103501201, -0.00462516304106, 0.00197937549092, 0.00178412615787, -0.00157691526692, 0.00190304964781, -0.00017959055549], [-0.00010173679766, 3.18984348269e-05, -0.000176008761628, 0.000835540355183, -0.000729882449377, -1.49696616063e-05, -0.00462516304106, 0.0104206772521, -0.00742969801649, 0.00134909362532, 0.000184796183021, -0.00144104822539, -0.000292108568829], [0.000247347081313, -0.000415704009356, 0.000458672671812, -0.00172582652885, 2.2526288376e-05, 0.00169870140962, 0.00197937549092, -0.00742969801649, 0.0170956328511, -0.0106011936441, 0.00567409675568, -0.000754600274377, 0.00122506602202], [-0.000154193170602, 0.000972850015387, 0.000124091500766, 0.000212297294638, 0.000807456613984, -0.00452892761678, 0.00178412615787, 0.00134909362532, -0.0106011936441, 0.0222356747836, -0.0168958473951, 0.0113215344027, -0.00510505214334], [0.000252470752457, -0.00140769348945, -0.000404607824748, 0.00130262097809, -0.00153438665438, 0.00275644124486, -0.00157691526692, 0.000184796183021, 0.00567409675568, -0.0168958473951, 0.0281379334629, -0.0194814186543, 0.00907969474792], [-6.25272732577e-05, 0.0010529756546, 0.000308766873786, -0.00207244162448, 0.0027584079653, -0.00258699175902, 0.00190304964781, -0.00144104822539, -0.000754600274377, 0.0113215344027, -0.0194814186543, 0.026299552992, -0.0126251531765], [0.000139337265864, -0.000664844061248, -0.000109790649731, 0.000953144393861, -0.00229958631098, 0.00213840184733, -0.00017959055549, -0.000292108568829, 0.00122506602202, -0.00510505214334, 0.00907969474792, -0.0126251531765, 0.0156978610903]], "mean": [-71.4599609375, 54.0973815918, -76.5853347778, 26.184671402, -29.1059837341, 19.9993228912, -37.8005485535, 0.921898305416, -22.2679843903, 5.73577070236, -16.8458995819, -1.80538523197, -11.384926796]}, "melbands_spread": {"min": 0.237598389387, "max": 303.092224121, "dvar2": 1319.96826172, "median": 19.126209259, "dmean2": 27.2649440765, "dmean": 16.5011081696, "var": 845.280334473, "dvar": 551.32824707, "mean": 27.0371761322}, "spectral_energy": {"min": 9.81085481895e-21, "max": 0.225392743945, "dvar2": 0.00218584132381, "median": 0.00732172653079, "dmean2": 0.0271940641105, "dmean": 0.0181020386517, "var": 0.0015849978663, "dvar": 0.00107909517828, "mean": 0.023687876761}, "mfcc": {"cov": [[17135.6835938, -1085.49645996, -1003.65032959, -101.351135254, -667.303894043, -300.325653076, -478.177429199, -182.528823853, -295.078063965, -260.695770264, -145.05682373, -278.031982422, -255.560256958], [-1085.49645996, 2325.80908203, -375.543792725, -281.23348999, 4.38072395325, -161.20892334, 24.0368347168, -71.3065261841, -65.3240127563, 42.7792243958, -26.2945747375, -63.1798400879, 36.9455795288], [-1003.65032959, -375.543792725, 1375.38391113, 317.77130127, 139.438095093, 166.846420288, 10.8706235886, 9.91023445129, -45.7226142883, -53.7338562012, 4.46165370941, 28.4681167603, 0.579843878746], [-101.351135254, -281.23348999, 317.77130127, 491.339355469, 140.582855225, 18.2547664642, -19.3272323608, 54.4173660278, 44.7013130188, -29.4327831268, -35.2973556519, 11.4877185822, 25.7277393341], [-667.303894043, 4.38072395325, 139.438095093, 140.582855225, 359.089447021, 153.536300659, 77.1658554077, 16.8993091583, 74.103263855, 58.7048072815, 13.2305707932, 46.3632278442, 33.2023200989], [-300.325653076, -161.20892334, 166.846420288, 18.2547664642, 153.536300659, 257.221801758, 123.765106201, 12.2144451141, 30.3565597534, 34.8828659058, 36.3575325012, 26.1509113312, -2.76733160019], [-478.177429199, 24.0368347168, 10.8706235886, -19.3272323608, 77.1658554077, 123.765106201, 219.988571167, 87.3200836182, 61.4837188721, 36.892665863, 43.2362632751, 48.0851364136, 6.6346116066], [-182.528823853, -71.3065261841, 9.91023445129, 54.4173660278, 16.8993091583, 12.2144451141, 87.3200836182, 161.24041748, 84.9312438965, 7.72527360916, 16.5715789795, 33.5575790405, 18.2053642273], [-295.078063965, -65.3240127563, -45.7226142883, 44.7013130188, 74.103263855, 30.3565597534, 61.4837188721, 84.9312438965, 196.675689697, 110.970169067, 13.1143417358, 26.591960907, 31.0486774445], [-260.695770264, 42.7792243958, -53.7338562012, -29.4327831268, 58.7048072815, 34.8828659058, 36.892665863, 7.72527360916, 110.970169067, 199.470626831, 93.7358398438, 5.24009466171, 17.2396125793], [-145.05682373, -26.2945747375, 4.46165370941, -35.2973556519, 13.2305707932, 36.3575325012, 43.2362632751, 16.5715789795, 13.1143417358, 93.7358398438, 159.329681396, 61.4590148926, -18.1055984497], [-278.031982422, -63.1798400879, 28.4681167603, 11.4877185822, 46.3632278442, 26.1509113312, 48.0851364136, 33.5575790405, 26.591960907, 5.24009466171, 61.4590148926, 131.021636963, 40.6556129456], [-255.560256958, 36.9455795288, 0.579843878746, 25.7277393341, 33.2023200989, -2.76733160019, 6.6346116066, 18.2053642273, 31.0486774445, 17.2396125793, -18.1055984497, 40.6556129456, 122.869010925]], "icov": [[7.40688992664e-05, 3.66902531823e-05, 7.16685171938e-05, -3.75462732336e-05, 9.6026546089e-05, -6.67835047352e-05, 0.000125112870592, -2.10511370824e-05, 6.35780306766e-05, 1.26730365082e-05, 1.4701152395e-05, 5.44991380593e-05, 8.57497434481e-05], [3.66902531823e-05, 0.000585213769227, 6.69567234581e-05, 0.000305791851133, -0.000380800542189, 0.000717103714123, -0.00047342502512, 0.000183933909284, 0.000368327251635, -0.000163939301274, 4.72601532238e-05, 0.000424193509389, -0.000250106328167], [7.16685171938e-05, 6.69567234581e-05, 0.00105474772863, -0.000662568490952, 0.00015957087453, -0.000839426240418, 0.000395340844989, -0.000186272678548, 0.000575204845518, -4.54646215076e-05, 3.90722743759e-05, -0.000143913188367, 0.000121320699691], [-3.75462732336e-05, 0.000305791851133, -0.000662568490952, 0.0033068577759, -0.00167494430207, 0.00105010683183, 0.00049961329205, -0.00090023613302, -0.00070814951323, 0.000968688924331, -0.00022024109785, 0.000716548296623, -0.000503189396113], [9.6026546089e-05, -0.000380800542189, 0.00015957087453, -0.00167494430207, 0.00538483774289, -0.00326931965537, 0.000353701150743, 0.000493877509143, -0.000367736880435, -0.00162601517513, 0.0016286651371, -0.00209334050305, 0.000296891696053], [-6.67835047352e-05, 0.000717103714123, -0.000839426240418, 0.00105010683183, -0.00326931965537, 0.00894468836486, -0.00500602321699, 0.00237744534388, -0.000532816397026, 0.000977551564574, -0.00164598273113, 0.0018691677833, -0.000431040418334], [0.000125112870592, -0.00047342502512, 0.000395340844989, 0.00049961329205, 0.000353701150743, -0.00500602321699, 0.0100696543232, -0.00528910988942, 0.000456414622022, -0.00106141448487, 0.000683576916344, -0.00231088208966, 0.00122667860705], [-2.10511370824e-05, 0.000183933909284, -0.000186272678548, -0.00090023613302, 0.000493877509143, 0.00237744534388, -0.00528910988942, 0.0131971631199, -0.00766360480338, 0.00638951919973, -0.00499516166747, 0.00238342583179, -0.00214408058673], [6.35780306766e-05, 0.000368327251635, 0.000575204845518, -0.00070814951323, -0.000367736880435, -0.000532816397026, 0.000456414622022, -0.00766360480338, 0.0161178559065, -0.0130906011909, 0.00964263267815, -0.00575048197061, 0.0024527348578], [1.26730365082e-05, -0.000163939301274, -4.54646215076e-05, 0.000968688924331, -0.00162601517513, 0.000977551564574, -0.00106141448487, 0.00638951919973, -0.0130906011909, 0.0202988628298, -0.0156068718061, 0.00993510521948, -0.00568228913471], [1.4701152395e-05, 4.72601532238e-05, 3.90722743759e-05, -0.00022024109785, 0.0016286651371, -0.00164598273113, 0.000683576916344, -0.00499516166747, 0.00964263267815, -0.0156068718061, 0.0208685025573, -0.0125297894701, 0.00726249907166], [5.44991380593e-05, 0.000424193509389, -0.000143913188367, 0.000716548296623, -0.00209334050305, 0.0018691677833, -0.00231088208966, 0.00238342583179, -0.00575048197061, 0.00993510521948, -0.0125297894701, 0.0174530092627, -0.00734630832449], [8.57497434481e-05, -0.000250106328167, 0.000121320699691, -0.000503189396113, 0.000296891696053, -0.000431040418334, 0.00122667860705, -0.00214408058673, 0.0024527348578, -0.00568228913471, 0.00726249907166, -0.00734630832449, 0.0123370559886]], "mean": [-729.675231934, 100.551544189, 17.337474823, 19.9427661896, 25.7233638763, 19.0648269653, 5.99804925919, -1.55895876884, 1.27951848507, 4.03138685226, -1.34834444523, -2.03082346916, -0.674593806267]}, "spectral_contrast_valleys": {"min": [-28.0334129333, -28.0130615234, -27.7253875732, -27.7242927551, -27.4309139252, -27.3942394257], "max": [-5.57938957214, -4.91986989975, -5.20061826706, -5.42600631714, -5.05973291397, -7.55932950974], "dvar2": [0.554207324982, 0.742210507393, 0.996749460697, 1.0355912447, 1.12597668171, 1.25394070148], "median": [-7.65668392181, -7.81571388245, -8.1990032196, -8.11425113678, -8.32953929901, -10.0991983414], "dmean2": [0.824989914894, 0.916585028172, 0.919429004192, 0.914411842823, 0.835758507252, 0.812581479549], "dmean": [0.574572265148, 0.62586838007, 0.640995085239, 0.649137973785, 0.640849888325, 0.692387402058], "var": [3.0425901413, 3.37637138367, 3.45874905586, 3.53770136833, 3.79784965515, 3.73813796043], "dvar": [0.302580565214, 0.42433449626, 0.517866253853, 0.556525051594, 0.598118841648, 0.653512716293], "mean": [-7.93947839737, -8.09303760529, -8.46397304535, -8.39074802399, -8.5201215744, -10.4719104767]}, "barkbands_flatness_db": {"min": 0.0129042118788, "max": 0.546876609325, "dvar2": 0.00642547523603, "median": 0.132454961538, "dmean2": 0.0805622413754, "dmean": 0.0517424270511, "var": 0.00720504904166, "dvar": 0.00290501397103, "mean": 0.150721132755}, "dynamic_complexity": 5.51888608932, "erbbands_flatness_db": {"min": 0.0233527068049, "max": 0.554464697838, "dvar2": 0.00255506043322, "median": 0.11617616564, "dmean2": 0.0460196770728, "dmean": 0.0329788252711, "var": 0.00450672069564, "dvar": 0.00135980627965, "mean": 0.135760694742}, "hfc": {"min": 1.05112619764e-16, "max": 233.518051147, "dvar2": 663.4567260