{"lowlevel": {"spectral_complexity": {"min": 0, "max": 69, "dvar2": 100.657150269, "median": 14, "dmean2": 8.1085062027, "dmean": 5.654088974, "var": 205.604995728, "dvar": 53.9450073242, "mean": 17.5496997833}, "silence_rate_20dB": {"min": 1, "max": 1, "dvar2": 0, "median": 1, "dmean2": 0, "dmean": 0, "var": 0, "dvar": 0, "mean": 1}, "average_loudness": 0.836260795593, "erbbands_spread": {"min": 0.330923348665, "max": 213.269210815, "dvar2": 311.131134033, "median": 29.1988258362, "dmean2": 14.7452468872, "dmean": 9.37901306152, "var": 320.104797363, "dvar": 135.159667969, "mean": 31.6372947693}, "spectral_kurtosis": {"min": -1.41046977043, "max": 86.1470184326, "dvar2": 24.8554058075, "median": 3.78007078171, "dmean2": 2.88918352127, "dmean": 1.80176186562, "var": 20.3862628937, "dvar": 9.91743183136, "mean": 4.83973312378}, "barkbands_kurtosis": {"min": -1.9787145853, "max": 2353.87866211, "dvar2": 824.617614746, "median": 0.0836720466614, "dmean2": 7.19113874435, "dmean": 4.3822517395, "var": 2436.52172852, "dvar": 396.039276123, "mean": 4.6940536499}, "spectral_strongpeak": {"min": 0, "max": 16.3651485443, "dvar2": 1.43484532833, "median": 0.288719773293, "dmean2": 0.787072360516, "dmean": 0.46586894989, "var": 1.16529858112, "dvar": 0.589314699173, "mean": 0.714736223221}, "spectral_spread": {"min": 1113520, "max": 20029338, "dvar2": 2171984150530.0, "median": 4325034, "dmean2": 1152268.375, "dmean": 782920.5, "var": 3190076735490.0, "dvar": 1064111505410.0, "mean": 4588422}, "spectral_rms": {"min": 3.05101057165e-05, "max": 0.0142257381231, "dvar2": 3.18072648042e-06, "median": 0.00281154736876, "dmean2": 0.00137263711076, "dmean": 0.000934894254897, "var": 4.79107211504e-06, "dvar": 1.72268960341e-06, "mean": 0.00342722912319}, "erbbands": {"min": [5.50630602447e-06, 1.77299784809e-06, 6.54298389691e-07, 2.17005208469e-06, 1.45449030242e-05, 2.66765823653e-06, 1.87643479421e-06, 2.93473772217e-06, 4.03497460866e-06, 3.19488458445e-06, 3.62954574484e-06, 7.74935233494e-06, 1.08004132926e-05, 1.11686649689e-05, 8.438128134e-06, 9.06000605028e-06, 1.12614507088e-05, 1.1077493582e-05, 1.52408329086e-05, 2.68924013653e-05, 3.41696286341e-05, 1.64144803421e-05, 1.6299987692e-05, 1.77625206561e-05, 1.37045035444e-05, 1.91492745216e-05, 1.41701357279e-05, 1.39582334668e-05, 1.21034399854e-05, 1.5816602172e-05, 1.4667506548e-05, 1.36100579766e-05, 1.13549913294e-05, 5.7741171986e-06, 4.37031758338e-06, 3.56387090505e-06, 1.70697717294e-06, 6.08744528563e-07, 1.3542236843e-07, 1.48110741449e-08], "max": [2.53834939003, 24.0306091309, 35.9803123474, 62.2459106445, 88.1961898804, 148.612289429, 234.91809082, 359.613433838, 278.821960449, 653.46472168, 551.885620117, 1223.28942871, 1245.70214844, 836.168762207, 992.932189941, 1060.7755127, 1200.90783691, 1143.37084961, 1640.7512207, 2055.11572266, 3304.73535156, 1407.23425293, 3485.81396484, 1788.25292969, 558.003112793, 1580.07788086, 461.097869873, 382.859680176, 682.610229492, 563.022338867, 356.968566895, 219.162597656, 106.509658813, 37.7939033508, 13.6614971161, 8.56829071045, 2.8338136673, 0.36953908205, 0.0452833138406, 0.00220139371231], "dvar2": [0.254612535238, 23.3279876709, 49.6683349609, 15.4224042892, 111.195045471, 116.993415833, 109.185913086, 142.087646484, 223.952758789, 686.366638184, 888.66027832, 2274.03417969, 1574.80541992, 1978.61328125, 2180.50292969, 3316.36474609, 4106.62890625, 5319.39892578, 6688.375, 8358.70117188, 7878.48583984, 10966.2490234, 9557.9453125, 11476.0136719, 3730.99169922, 2829.7175293, 984.898010254, 379.677124023, 521.910705566, 422.816009521, 143.455383301, 44.1284446716, 16.9623699188, 3.15160059929, 0.476201415062, 0.082881078124, 0.00810399651527, 0.000285634974716, 4.29484225606e-06, 2.12840873814e-08], "median": [0.0150462938473, 0.119498163462, 0.223359927535, 0.35284614563, 0.789165616035, 0.981069684029, 1.31786811352, 1.71646630764, 2.01255893707, 2.30761313438, 3.62407588959, 3.98844194412, 4.44250440598, 5.41508674622, 6.8011598587, 8.27590847015, 8.94510364532, 10.3507728577, 11.496846199, 8.84749698639, 7.28892230988, 6.45754337311, 6.22753763199, 5.48730897903, 4.18549537659, 3.96083045006, 3.06123709679, 2.11966300011, 1.73630523682, 1.36052620411, 0.849182367325, 0.593650817871, 0.384157031775, 0.18323482573, 0.0634530410171, 0.0360895954072, 0.0112881409004, 0.00157202268019, 0.000157918955665, 2.60383203567e-05], "dmean2": [0.253383845091, 2.12245678902, 2.77501678467, 1.80771374702, 4.57302856445, 5.24773406982, 4.66760778427, 5.23143100739, 6.89565467834, 9.6737241745, 12.7654085159, 17.1341953278, 15.1980028152, 19.5694065094, 20.0887813568, 26.9107875824, 29.701625824, 33.6197776794, 36.3786239624, 36.3257026672, 32.262462616, 40.5595207214, 28.0859184265, 41.5676841736, 25.4121017456, 21.4644298553, 14.7427301407, 9.10821056366, 7.57434415817, 6.75511074066, 4.25682973862, 2.40323829651, 1.39517700672, 0.648364245892, 0.254570156336, 0.140129446983, 0.0450158640742, 0.00759403267875, 0.000887733360287, 8.74749748618e-05], "dmean": [0.155819058418, 1.18762898445, 1.55332744122, 1.01642227173, 2.64756774902, 3.12296175957, 2.79923534393, 3.2752931118, 4.27669239044, 6.03164243698, 8.21675682068, 11.4741344452, 9.75806617737, 12.514714241, 13.2123661041, 16.8223495483, 19.1465396881, 21.3958930969, 22.5253410339, 21.5761013031, 19.4300994873, 23.2981452942, 16.7772636414, 23.1055202484, 14.7715167999, 12.43907547, 8.87527179718, 5.70687770844, 5.50517654419, 4.77006816864, 3.01419687271, 1.76257956028, 1.05545949936, 0.476899713278, 0.185926452279, 0.102480068803, 0.0338644608855, 0.00564732216299, 0.000660576391965, 6.26748369541e-05], "var": [0.174266934395, 6.7970366478, 12.1374988556, 5.05233621597, 36.9268951416, 70.5482711792, 42.2282829285, 82.8598480225, 132.607086182, 422.138305664, 791.53918457, 2638.10351562, 1145.99291992, 2308.43896484, 1653.8815918, 2737.18432617, 3913.38964844, 5288.03271484, 3616.00708008, 3474.70776367, 4008.55615234, 3345.94702148, 2924.25244141, 3152.54980469, 1361.83178711, 1062.82568359, 508.332244873, 328.38180542, 496.447753906, 388.674285889, 157.992797852, 59.2562141418, 17.6241416931, 2.93332290649, 0.489317774773, 0.100929543376, 0.0099558532238, 0.000307393114781, 4.63588685307e-06, 2.56931134146e-08], "dvar": [0.113947413862, 8.3284740448, 18.0580425262, 5.59911203384, 42.0530471802, 54.5830497742, 41.8482017517, 58.8425521851, 95.1723937988, 287.855773926, 384.331573486, 1041.16479492, 650.459106445, 809.117980957, 936.205444336, 1419.19470215, 1826.55297852, 2232.69335938, 2606.77734375, 3180.73022461, 3325.94750977, 3996.13012695, 3466.05249023, 4103.28955078, 1381.9041748, 1063.36291504, 384.102294922, 171.970245361, 254.885848999, 201.705245972, 74.3346481323, 24.0702362061, 7.99171447754, 1.45797216892, 0.225415557623, 0.0410759449005, 0.00407524639741, 0.00014203262981, 2.1867194846e-06, 1.20312400043e-08], "mean": [0.190261304379, 1.00979316235, 1.24124765396, 1.04534006119, 2.77031731606, 3.97610759735, 3.33346652985, 4.6321516037, 5.77896165848, 8.0756855011, 13.0345964432, 18.7066860199, 14.8871192932, 19.9224758148, 20.6377639771, 25.1582775116, 29.1144237518, 32.7127151489, 32.6066246033, 27.3227005005, 25.2315940857, 25.8793964386, 21.0885028839, 23.0224494934, 17.2839622498, 14.7489700317, 12.1151437759, 8.95603179932, 8.3978729248, 7.51745128632, 4.81308364868, 2.939661026, 1.71767473221, 0.790820717812, 0.315515816212, 0.15031273663, 0.0502846837044, 0.00842573307455, 0.00098571612034, 9.32082693907e-05]}, "zerocrossingrate": {"min": 0, "max": 0.41796875, "dvar2": 0.000341999635566, "median": 0.07080078125, "dmean2": 0.016069451347, "dmean": 0.0141554446891, "var": 0.00227210298181, "dvar": 0.000326227949699, "mean": 0.0776892378926}, "spectral_contrast_coeffs": {"min": [-0.925681889057, -0.952285587788, -0.967096865177, -0.97156137228, -0.947721004486, -0.90686750412], "max": [-0.287939488888, -0.399390339851, -0.421227574348, -0.487642198801, -0.540835440159, -0.559302508831], "dvar2": [0.00490396050736, 0.00487132417038, 0.00362271349877, 0.00272974162363, 0.0016433512792, 0.00198848219588], "median": [-0.694379508495, -0.769990324974, -0.792069792747, -0.791642546654, -0.800595879555, -0.758781075478], "dmean2": [0.0881513729692, 0.0861816778779, 0.0725648030639, 0.0626358240843, 0.0457954145968, 0.0404359102249], "dmean": [0.0548321194947, 0.0530951470137, 0.0462697967887, 0.040226586163, 0.0293123945594, 0.0260807275772], "var": [0.0060978452675, 0.00586983328685, 0.00557209132239, 0.00419900380075, 0.00229670503177, 0.00258263456635], "dvar": [0.00192311801948, 0.0019903993234, 0.00159545557108, 0.0012230911525, 0.000714792869985, 0.000853430537973], "mean": [-0.690779030323, -0.758704304695, -0.779249191284, -0.780923545361, -0.794299721718, -0.762005746365]}, "dissonance": {"min": 0.173883959651, "max": 0.500000178814, "dvar2": 0.0012099952437, "median": 0.481525838375, "dmean2": 0.0300013739616, "dmean": 0.018128702417, "var": 0.00087728118524, "dvar": 0.00047739080037, "mean": 0.471761167049}, "spectral_energyband_high": {"min": 4.68075089799e-09, "max": 0.0372871384025, "dvar2": 3.50493519363e-06, "median": 0.000288893817924, "dmean2": 0.000857593491673, "dmean": 0.000599290418904, "var": 4.07994366469e-06, "dvar": 1.78556342689e-06, "mean": 0.00105959188659}, "spectral_skewness": {"min": -0.50376522541, "max": 7.94907808304, "dvar2": 0.307470172644, "median": 1.37992250919, "dmean2": 0.433739721775, "dmean": 0.278408080339, "var": 0.377960383892, "dvar": 0.12956109643, "mean": 1.50611722469}, "spectral_flux": {"min": 0.000469077873277, "max": 0.362973630428, "dvar2": 0.00296211801469, "median": 0.0581349804997, "dmean2": 0.0437954105437, "dmean": 0.0292113162577, "var": 0.0034642838873, "dvar": 0.00151693227235, "mean": 0.0767850801349}, "silence_rate_30dB": {"min": 0, "max": 1, "dvar2": 0.0137701435015, "median": 1, "dmean2": 0.00940303131938, "dmean": 0.00470122462139, "var": 0.0025299298577, "dvar": 0.00467955833301, "mean": 0.997463941574}, "spectral_energyband_middle_high": {"min": 3.84306497736e-09, "max": 0.13695935905, "dvar2": 9.93473659037e-05, "median": 0.00251957774162, "dmean2": 0.00447980966419, "dmean": 0.00286570214666, "var": 5.80690975767e-05, "dvar": 3.9337475755e-05, "mean": 0.00524137914181}, "barkbands_spread": {"min": 0.170008599758, "max": 141.361495972, "dvar2": 244.192276001, "median": 28.950838089, "dmean2": 14.3055105209, "dmean": 9.07763004303, "var": 311.37020874, "dvar": 106.879737854, "mean": 30.8914489746}, "spectral_centroid": {"min": 133.09576416, "max": 7173.90429688, "dvar2": 478208.625, "median": 1835.23754883, "dmean2": 618.592224121, "dmean": 397.473052979, "var": 699994.125, "dvar": 223703.703125, "mean": 1873.77844238}, "pitch_salience": {"min": 0.015256521292, "max": 0.941250681877, "dvar2": 0.0269737262279, "median": 0.573262572289, "dmean2": 0.159935802221, "dmean": 0.0981115698814, "var": 0.0205832570791, "dvar": 0.0102493744344, "mean": 0.556203663349}, "erbbands_skewness": {"min": -6.25563240051, "max": 10.5664377213, "dvar2": 0.799060106277, "median": -0.0132721792907, "dmean2": 0.810846447945, "dmean": 0.529670357704, "var": 0.988483071327, "dvar": 0.360878318548, "mean": 0.0399078540504}, "erbbands_crest": {"min": 2.28610515594, "max": 34.4134025574, "dvar2": 20.9364280701, "median": 7.93647384644, "dmean2": 4.77231836319, "dmean": 2.96991729736, "var": 23.554315567, "dvar": 8.82886123657, "mean": 9.2218837738}, "melbands": {"min": [7.74436372808e-08, 4.7580134277e-10, 9.1350638165e-10, 6.15616835287e-10, 6.46418474304e-11, 7.18421225288e-11, 6.0005660163e-11, 4.17046154555e-11, 3.0306160359e-11, 5.39974176483e-11, 5.43771867811e-11, 4.8245858697e-11, 3.12117935664e-11, 3.02549617304e-11, 2.31234805609e-11, 2.233859972e-11, 2.00593153199e-11, 2.03344615451e-11, 3.3059714688e-11, 3.93283738909e-11, 3.39426473039e-11, 1.24776985619e-11, 1.88325917361e-11, 1.26045502161e-11, 1.36268470466e-11, 9.43106617107e-12, 9.69846338655e-12, 1.35834763576e-11, 9.59983481597e-12, 8.80028949019e-12, 7.32183844804e-12, 7.59689186558e-12, 5.25781371566e-12, 8.16042632773e-12, 7.94584710528e-12, 9.10531372522e-12, 7.72935795229e-12, 8.75882612966e-12, 5.54768730954e-12, 4.92280521902e-12], "max": [0.0232958607376, 0.0236458033323, 0.00937538035214, 0.00934330839664, 0.00673701288179, 0.00827987678349, 0.00471371179447, 0.00925622973591, 0.00453190552071, 0.00746260629967, 0.00620724773034, 0.00313670560718, 0.00281028100289, 0.0026264518965, 0.00348711782135, 0.00324366474524, 0.00223631109111, 0.00332426792011, 0.00251617282629, 0.00347396964207, 0.0038253092207, 0.00156620237976, 0.00168427347671, 0.00357819488272, 0.00128811295144, 0.000626167049631, 0.000482227653265, 0.0012521436438, 0.000401648663683, 0.000283806875814, 0.000210696976865, 0.0004104244872, 0.000339423684636, 0.000314992910717, 0.000240477369516, 0.000273863755865, 0.000125722319353, 8.81509549799e-05, 7.84842632129e-05, 2.85558835458e-05], "dvar2": [2.53817233897e-05, 1.87126333913e-05, 5.39164602742e-07, 7.57187876843e-07, 1.28823799628e-07, 6.95770197012e-08, 5.22412193504e-08, 9.36950783625e-08, 6.4096781216e-08, 8.10992659694e-08, 4.12013498874e-08, 3.4706573615e-08, 3.01912130851e-08, 2.39919302203e-08, 2.51863543355e-08, 2.15077804455e-08, 2.1554168228e-08, 1.96552107923e-08, 1.71478866662e-08, 1.7926518936e-08, 9.40471256428e-09, 1.24707186799e-08, 9.24688769999e-09, 8.44958947255e-09, 8.36631208756e-09, 3.51419182643e-09, 1.00741892606e-09, 1.35267075319e-09, 5.38691591334e-10, 2.08807096613e-10, 1.27174881737e-10, 1.82217504974e-10, 1.92780402752e-10, 1.30229244055e-10, 6.28166269001e-11, 3.24134295793e-11, 1.8482089123e-11, 1.21974591885e-11, 5.43277792545e-12, 1.92693148764e-12], "median": [0.00015394660295, 0.000147329061292, 8.47083647386e-05, 6.87080028001e-05, 4.84242045786e-05, 3.97666153731e-05, 2.98813774862e-05, 2.48871510848e-05, 3.02591397485e-05, 2.3998274628e-05, 1.88528210856e-05, 1.96944401978e-05, 2.02997853194e-05, 1.87866298802e-05, 2.04850821319e-05, 1.61502375704e-05, 1.78009649972e-05, 1.7814720195e-05, 1.20372988022e-05, 8.72293549037e-06, 7.61000819693e-06, 5.88965031056e-06, 6.03695025347e-06, 4.99027555634e-06, 4.08807864005e-06, 2.96266398436e-06, 2.43465478889e-06, 2.53105258707e-06, 1.94178483071e-06, 1.40157033002e-06, 1.0793932006e-06, 9.63168531598e-07, 8.28109193662e-07, 6.8681151788e-07, 4.86239457587e-07, 3.7432707245e-07, 3.33497780503e-07, 2.86784569425e-07, 1.99061062744e-07, 1.25098324588e-07], "dmean2": [0.00246405717917, 0.00184994121082, 0.000365246989531, 0.000392780289985, 0.000165959776496, 0.000118325631774, 0.000104849110357, 0.000108960724901, 0.000111427259981, 0.000106218802102, 7.74806831032e-05, 8.03037255537e-05, 7.43035270716e-05, 7.12861001375e-05, 7.39966853871e-05, 6.29593050689e-05, 6.76971321809e-05, 6.22645093245e-05, 5.23907874594e-05, 4.9605849199e-05, 3.51460003003e-05, 4.38239185314e-05, 3.35596596415e-05, 2.70288765023e-05, 3.61017009709e-05, 2.40082736127e-05, 1.37598308356e-05, 1.47971068145e-05, 1.06844890979e-05, 6.92073672326e-06, 5.07262257088e-06, 4.51697087556e-06, 4.41258862338e-06, 3.70477209799e-06, 2.68286294158e-06, 1.96623273041e-06, 1.37752533647e-06, 1.10959251742e-06, 7.72879957367e-07, 5.14823398134e-07], "dmean": [0.00143384991679, 0.00105461745989, 0.000206091513974, 0.000237986489083, 9.97580500552e-05, 7.42537959013e-05, 6.50921356282e-05, 6.81295787217e-05, 7.26736616343e-05, 7.0372610935e-05, 4.92251820106e-05, 5.09300843987e-05, 4.8930545745e-05, 4.43737953901e-05, 4.68393081974e-05, 4.03104168072e-05, 4.26218794018e-05, 3.86353567592e-05, 3.12429256155e-05, 2.92839158647e-05, 2.14157407754e-05, 2.50646880886e-05, 1.97322970052e-05, 1.58003422257e-05, 1.99256792257e-05, 1.37153674586e-05, 8.03230523161e-06, 8.55331381899e-06, 6.31289321973e-06, 4.23281153417e-06, 3.19069226862e-06, 3.2126199585e-06, 3.07132518174e-06, 2.56469047599e-06, 1.88239084764e-06, 1.39105509334e-06, 9.9216504168e-07, 8.21387743599e-07, 5.68207610741e-07, 3.61484580935e-07], "var": [1.19434416774e-05, 5.50498225493e-06, 1.70229228047e-07, 3.78794311473e-07, 5.21700584954e-08, 4.09965288384e-08, 3.08951477734e-08, 5.81639660879e-08, 6.60016681309e-08, 8.67805525218e-08, 3.05935934364e-08, 3.98618844599e-08, 2.58271271036e-08, 1.65169620203e-08, 2.58508858764e-08, 2.03165679835e-08, 1.99846983406e-08, 1.07341966427e-08, 6.64158728014e-09, 7.78530484524e-09, 5.01854602319e-09, 3.76723097162e-09, 2.97662694493e-09, 2.42078512791e-09, 2.24359597567e-09, 1.12116826934e-09, 4.03103689317e-10, 5.26266197287e-10, 2.39283454162e-10, 1.45947254282e-10, 1.06339125006e-10, 1.57538149193e-10, 1.75782027823e-10, 1.07738089283e-10, 5.86554554927e-11, 3.84900861183e-11, 1.80892141544e-11, 1.04634530207e-11, 4.57766420256e-12, 1.64950800415e-12], "dvar": [9.67373034655e-06, 7.0158298513e-06, 1.96341247261e-07, 3.30800133952e-07, 4.98465375642e-08, 2.89100174911e-08, 2.20406075613e-08, 3.93853554215e-08, 2.83755721142e-08, 3.67148835778e-08, 1.69462612831e-08, 1.4108958446e-08, 1.31300446071e-08, 1.02121440193e-08, 1.07999857946e-08, 9.65646673734e-09, 8.91504647882e-09, 7.72204344912e-09, 6.36505204099e-09, 7.11833481049e-09, 3.99872934764e-09, 4.53447501769e-09, 3.41350991917e-09, 3.01384073254e-09, 2.98375901764e-09, 1.28449062498e-09, 3.7733588476e-10, 5.17125342547e-10, 2.04596131703e-10, 8.81067857561e-11, 5.73842709461e-11, 8.63889029756e-11, 9.29497173674e-11, 5.98188235057e-11, 3.06067983458e-11, 1.72189346115e-11, 8.80577034901e-12, 5.39880206513e-12, 2.4356178966e-12, 8.67114268843e-13], "mean": [0.00157456437591, 0.000903188541997, 0.000216539003304, 0.000279287894955, 0.000122492871014, 0.000105414663267, 8.87537098606e-05, 9.21889877645e-05, 0.000117881558253, 0.000111344503239, 7.26149519323e-05, 7.9375844507e-05, 7.24643759895e-05, 6.23393789283e-05, 6.97683062754e-05, 5.80951600568e-05, 6.1890023062e-05, 5.42079906154e-05, 3.89824090234e-05, 3.4037813748e-05, 2.79770356428e-05, 2.64050268015e-05, 2.33690352616e-05, 1.81682371476e-05, 1.88357189472e-05, 1.44900604937e-05, 9.5321183835e-06, 9.94904075924e-06, 8.0339195847e-06, 6.19027468929e-06, 4.80635571876e-06, 4.71505927635e-06, 4.61736772195e-06, 3.90669811168e-06, 2.85546775558e-06, 2.20811762119e-06, 1.60700301421e-06, 1.28422288981e-06, 8.89340697086e-07, 5.95979145146e-07]}, "spectral_entropy": {"min": 4.36560678482, "max": 9.02726364136, "dvar2": 0.120807148516, "median": 7.81978178024, "dmean2": 0.289494812489, "dmean": 0.199608519673, "var": 0.222843959928, "dvar": 0.057741843164, "mean": 7.74584102631}, "spectral_rolloff": {"min": 21.533203125, "max": 13049.1210938, "dvar2": 2669213.75, "median": 1808.7890625, "dmean2": 1325.00976562, "dmean": 791.46875, "var": 3131377.5, "dvar": 1234502.5, "mean": 2178.6862793}, "barkbands": {"min": [6.26321607911e-08, 1.61008095745e-08, 3.31397326248e-10, 1.78645220839e-09, 2.48201770248e-09, 3.38339134487e-10, 2.38815744957e-10, 1.65309821387e-10, 3.28947036277e-10, 3.82874815186e-10, 1.93732752063e-10, 2.53938703398e-10, 2.53739501632e-10, 1.5739588799e-10, 4.0831579784e-10, 6.19184148398e-10, 2.05743214132e-10, 3.4589275888e-10, 2.65392346988e-10, 3.75320913237e-10, 3.330385967e-10, 3.4463257248e-10, 5.5134596888e-10, 6.99753199829e-10, 5.4433879626e-10, 9.45905687111e-10, 9.81429271185e-10], "max": [0.0128047056496, 0.0966707468033, 0.0279252827168, 0.0272835157812, 0.0367694087327, 0.0476432815194, 0.0232505332679, 0.0482426099479, 0.0427616536617, 0.0274969004095, 0.0272999070585, 0.027666779235, 0.0313630439341, 0.022237489, 0.0271196439862, 0.0599444545805, 0.0236451625824, 0.0675681978464, 0.0164833795279, 0.0308132153004, 0.00896262563765, 0.0174332745373, 0.0165387485176, 0.0078590773046, 0.00246446370147, 0.00168333551846, 0.000296937301755], "dvar2": [1.32466004743e-06, 0.000371915171854, 2.88951669063e-05, 8.38212770304e-07, 1.1800439097e-05, 1.98520410777e-06, 1.4333031686e-06, 2.40536496676e-06, 3.40526094078e-06, 1.8086180944e-06, 1.81274856459e-06, 2.00152112484e-06, 2.43892986873e-06, 2.329535846e-06, 2.98889381156e-06, 3.11208805215e-06, 3.31007549903e-06, 3.30962780026e-06, 2.89312970381e-06, 1.13826229153e-06, 3.37774423542e-07, 3.7555426502e-07, 2.16732729541e-07, 7.64501706385e-08, 1.44039731254e-08, 2.51903853332e-09, 1.75825992654e-10], "median": [0.000305227556964, 0.000558283994906, 0.000135610520374, 0.000117963114462, 0.00031497751479, 0.000213456834899, 0.000128587053041, 0.00012021229486, 0.000174612127012, 0.000126238999655, 0.000130388812977, 0.000164603974554, 0.000174247499672, 0.000202622497454, 0.000177310255822, 0.000122305486002, 0.000112317262392, 0.000110086097266, 8.82836175151e-05, 8.09344055597e-05, 6.20619539404e-05, 4.87828292535e-05, 3.19317477988e-05, 2.56780022028e-05, 1.23587560665e-05, 6.53852066534e-06, 1.06331208372e-06], "dmean2": [0.000550473690964, 0.00908332224935, 0.00206964183599, 0.000484433199745, 0.00160431617405, 0.000633001152892, 0.000527776719537, 0.000567056122236, 0.000753440370318, 0.000535755476449, 0.000566622184124, 0.000656225951388, 0.000691334076691, 0.000732833286747, 0.000744561082684, 0.000631537812296, 0.000737800379284, 0.00054038700182, 0.000677563308273, 0.000436951493612, 0.000282453314867, 0.000211969658267, 0.000157148198923, 9.54677088885e-05, 4.50792977063e-05, 2.57362953562e-05, 6.40561484033e-06], "dmean": [0.000463280157419, 0.00518582807854, 0.00112367921975, 0.000279960717307, 0.000966214924119, 0.000393602793338, 0.000326586625306, 0.000358882563887, 0.000497533939779, 0.000338999816449, 0.000372143695131, 0.000405851111282, 0.000438278133515, 0.000461863382952, 0.00044447844266, 0.00037537040771, 0.000427361665061, 0.000316218996886, 0.000384552025935, 0.000252602534601, 0.00017436822236, 0.000153266097186, 0.00010980625666, 7.09942469257e-05, 3.36274133588e-05, 1.94883759832e-05, 4.60067758468e-06], "var": [1.68769099673e-06, 0.000143928322359, 6.26748578725e-06, 4.01119706339e-07, 6.11879113421e-06, 1.0701149904e-06, 7.95777395979e-07, 1.66570282545e-06, 3.89542492485e-06, 1.59855596849e-06, 1.87227874449e-06, 1.48959099988e-06, 2.1445373477e-06, 1.96259702534e-06, 1.27113025883e-06, 1.48641413489e-06, 1.09430413886e-06, 9.74638055595e-07, 8.76912224612e-07, 4.25142872018e-07, 2.38462746438e-07, 3.94686395566e-07, 2.20827743647e-07, 8.85546569407e-08, 1.47510990089e-08, 3.30183502761e-09, 1.85542206599e-10], "dvar": [9.07045432541e-07, 0.00013636884978, 1.01380665001e-05, 3.20214383009e-07, 5.19883315064e-06, 8.12998109723e-07, 5.94506218476e-07, 1.0285685903e-06, 1.56749138114e-06, 7.34519062462e-07, 7.83979885455e-07, 8.39341566916e-07, 1.04939033463e-06, 9.65981371337e-07, 1.11520819246e-06, 1.29029047002e-06, 1.22534902403e-06, 1.18671289329e-06, 1.04706043658e-06, 4.27389068136e-07, 1.42160033079e-07, 1.89820411833e-07, 1.09208230015e-07, 3.81209908085e-08, 6.85098067166e-09, 1.28095911656e-09, 8.92896381832e-11], "mean": [0.000712222128641, 0.00524842785671, 0.000861527165398, 0.000320589722833, 0.00116964802146, 0.000543848262168, 0.000423813646194, 0.000509218662046, 0.000788313627709, 0.000510036421474, 0.000533988291863, 0.000562631292269, 0.000628672423773, 0.000671804999001, 0.000566826201975, 0.000457584945252, 0.000474451080663, 0.000379012082703, 0.000401647761464, 0.000300054292893, 0.000258063082583, 0.000241215762799, 0.000174197542947, 0.000120104843518, 5.67299466638e-05, 2.90973712254e-05, 6.57722466713e-06]}, "melbands_flatness_db": {"min": 0.0163316372782, "max": 0.622267663479, "dvar2": 0.00419802172109, "median": 0.147467598319, "dmean2": 0.0610013753176, "dmean": 0.0385258235037, "var": 0.00606104172766, "dvar": 0.00177761842497, "mean": 0.165364205837}, "melbands_skewness": {"min": -4.98786258698, "max": 32.9067268372, "dvar2": 4.24679660797, "median": 1.50634872913, "dmean2": 1.57336485386, "dmean": 0.982353568077, "var": 4.56339883804, "dvar": 1.89435720444, "mean": 1.85438752174}, "barkbands_skewness": {"min": -5.51598739624, "max": 45.6069068909, "dvar2": 3.06715512276, "median": 0.6712064147, "dmean2": 1.24840307236, "dmean": 0.783504009247, "var": 3.70118451118, "dvar": 1.27957057953, "mean": 0.894833445549}, "silence_rate_60dB": {"min": 0, "max": 1, "dvar2": 0.176224842668, "median": 0, "dmean2": 0.187318280339, "dmean": 0.0936533436179, "var": 0.161867886782, "dvar": 0.0848902761936, "mean": 0.203129827976}, "spectral_energyband_low": {"min": 4.50206698588e-07, "max": 0.107798419893, "dvar2": 0.000422888784669, "median": 0.00117041449994, "dmean2": 0.0101608056575, "dmean": 0.00592848146334, "var": 0.000189853948541, "dvar": 0.000161998017575, "mean": 0.00665587419644}, "spectral_energyband_middle_low": {"min": 5.64481483778e-09, "max": 0.067741304636, "dvar2": 3.24746397382e-05, "median": 0.00222395383753, "dmean2": 0.00330687896349, "dmean": 0.00212818779983, "var": 2.52311892837e-05, "dvar": 1.44497798829e-05, "mean": 0.00390005554073}, "melbands_kurtosis": {"min": -1.94988942146, "max": 1665.03649902, "dvar2": 4000.98681641, "median": 2.74913740158, "dmean2": 15.4512071609, "dmean": 9.34356594086, "var": 2667.48583984, "dvar": 1698.29455566, "mean": 10.4907407761}, "spectral_decrease": {"min": -4.33574349756e-08, "max": -2.50616584777e-13, "dvar2": 3.92965318709e-17, "median": -1.88643434207e-09, "dmean2": 3.61338536869e-09, "dmean": 2.3056696552e-09, "var": 3.02607979799e-17, "dvar": 1.78108281341e-17, "mean": -4.05000877279e-09}, "erbbands_kurtosis": {"min": -1.90470695496, "max": 260.552520752, "dvar2": 41.4218635559, "median": 0.319347143173, "dmean2": 2.79373764992, "dmean": 1.75276863575, "var": 30.6357688904, "dvar": 17.0282325745, "mean": 1.53816521168}, "melbands_crest": {"min": 2.41125226021, "max": 39.76953125, "dvar2": 38.3931427002, "median": 12.5274076462, "dmean2": 6.88861608505, "dmean": 4.49266290665, "var": 46.8152580261, "dvar": 17.1775150299, "mean": 14.1291046143}, "gfcc": {"cov": [[9243.21679688, -845.640075684, -623.839538574, 656.345458984, -203.651489258, 323.2784729, 121.920227051, 48.6841659546, -25.8070354462, -30.2018508911, -143.825759888, 52.0630683899, -158.823669434], [-845.640075684, 1739.41638184, 29.0111293793, -217.008483887, 300.288299561, -203.463134766, 98.1518325806, 6.73025226593, 34.3381614685, -49.6594276428, 25.6357860565, -115.850891113, -15.4695510864], [-623.839538574, 29.0111293793, 1313.23144531, 137.382736206, 71.6125946045, 134.354110718, -47.1997871399, 92.22706604, 10.4757680893, 50.1722831726, 11.377825737, 51.0578536987, -5.85897684097], [656.345458984, -217.008483887, 137.382736206, 568.715087891, 64.7968292236, 3.87411427498, -30.4520874023, -50.2992935181, -1.14924943447, -28.4591808319, -38.8667945862, 7.51413440704, -27.9300231934], [-203.651489258, 300.288299561, 71.6125946045, 64.7968292236, 511.124572754, 36.0708084106, 45.3558349609, 33.8070716858, 3.00111198425, 37.7802848816, 3.3742749691, -14.7618198395, -9.42739391327], [323.2784729, -203.463134766, 134.354110718, 3.87411427498, 36.0708084106, 288.958709717, 86.6412734985, 24.3703746796, -22.6862258911, 18.7522010803, 8.03584957123, 15.484172821, -8.62140083313], [121.920227051, 98.1518325806, -47.1997871399, -30.4520874023, 45.3558349609, 86.6412734985, 227.391418457, 64.42137146, 5.81449222565, 0.810011267662, -3.31889438629, -8.17189693451, -7.69818353653], [48.6841659546, 6.73025226593, 92.22706604, -50.2992935181, 33.8070716858, 24.3703746796, 64.42137146, 185.814849854, 65.6561203003, 27.773727417, 7.09936761856, -2.34070730209, 8.27292442322], [-25.8070354462, 34.3381614685, 10.4757680893, -1.14924943447, 3.00111198425, -22.6862258911, 5.81449222565, 65.6561203003, 154.326675415, 53.4208831787, 1.45507705212, -1.56680762768, -4.39551544189], [-30.2018508911, -49.6594276428, 50.1722831726, -28.4591808319, 37.7802848816, 18.7522010803, 0.810011267662, 27.773727417, 53.4208831787, 129.539596558, 46.9727210999, 7.02730464935, -3.18513631821], [-143.825759888, 25.6357860565, 11.377825737, -38.8667945862, 3.3742749691, 8.03584957123, -3.31889438629, 7.09936761856, 1.45507705212, 46.9727210999, 105.1248703, 40.6192817688, 17.6189250946], [52.0630683899, -115.850891113, 51.0578536987, 7.51413440704, -14.7618198395, 15.484172821, -8.17189693451, -2.34070730209, -1.56680762768, 7.02730464935, 40.6192817688, 112.107200623, 45.2161140442], [-158.823669434, -15.4695510864, -5.85897684097, -27.9300231934, -9.42739391327, -8.62140083313, -7.69818353653, 8.27292442322, -4.39551544189, -3.18513631821, 17.6189250946, 45.2161140442, 99.2879104614]], "icov": [[0.000155208399519, -4.59177390439e-05, 0.000156894908287, -0.000234109989833, 0.000131316206534, -0.000249675678788, 7.84698568168e-05, -0.000256332161371, 0.000161777265021, -0.00019959967176, 0.000325473229168, -0.000349241367076, 0.000304803310428], [-4.59177390439e-05, 0.0011188397184, -0.000359551253496, 0.000611947092693, -0.000799641944468, 0.00109889288433, -0.000894940923899, 0.000792872626334, -0.000790862133726, 0.00131618173327, -0.00131662504282, 0.00150194624439, -0.000307306298055], [0.000156894908287, -0.000359551253496, 0.00118038605433, -0.00062547205016, 0.000291268195724, -0.000998658244498, 0.000862878689077, -0.00117264059372, 0.000640319485683, -0.000891835486982, 0.000877491489518, -0.00121752684936, 0.000592701137066], [-0.000234109989833, 0.000611947092693, -0.00062547205016, 0.00264408509247, -0.00089223519899, 0.000878421065863, -0.000440898846136, 0.00144607608672, -0.00102981145028, 0.00137645262294, -0.000432194879977, 0.000645362539217, 4.59783805127e-05], [0.000131316206534, -0.000799641944468, 0.000291268195724, -0.00089223519899, 0.00276152510196, -0.000956641568337, 0.000298277911497, -0.00103274127468, 0.00102732772939, -0.00182239094283, 0.00116610713303, -0.000889262417331, 0.000325047556544], [-0.000249675678788, 0.00109889288433, -0.000998658244498, 0.000878421065863, -0.000956641568337, 0.00576365366578, -0.0027298303321, 0.00106798287015, 0.000126389088109, 0.000565614551306, -0.00139139441308, 0.00108072976582, -0.000152528024046], [7.84698568168e-05, -0.000894940923899, 0.000862878689077, -0.000440898846136, 0.000298277911497, -0.0027298303321, 0.00663536973298, -0.00286678201519, 0.000931848888285, -0.000636627955828, 0.00127934163902, -0.00122080766596, 0.000807364704087], [-0.000256332161371, 0.000792872626334, -0.00117264059372, 0.00144607608672, -0.00103274127468, 0.00106798287015, -0.00286678201519, 0.00885090138763, -0.0041296267882, 0.00147376267705, -0.00180740957148, 0.00228657922707, -0.00177011964843], [0.000161777265021, -0.000790862133726, 0.000640319485683, -0.00102981145028, 0.00102732772939, 0.000126389088109, 0.000931848888285, -0.0041296267882, 0.0101915644482, -0.00537099642679, 0.00311982538551, -0.00210789497942, 0.00109372555744], [-0.00019959967176, 0.00131618173327, -0.000891835486982, 0.00137645262294, -0.00182239094283, 0.000565614551306, -0.000636627955828, 0.00147376267705, -0.00537099642679, 0.0136707760394, -0.00734947016463, 0.00316966464743, -1.42381950354e-05], [0.000325473229168, -0.00131662504282, 0.000877491489518, -0.000432194879977, 0.00116610713303, -0.00139139441308, 0.00127934163902, -0.00180740957148, 0.00311982538551, -0.00734947016463, 0.0161216109991, -0.00713036907837, 0.00077411532402], [-0.000349241367076, 0.00150194624439, -0.00121752684936, 0.000645362539217, -0.000889262417331, 0.00108072976582, -0.00122080766596, 0.00228657922707, -0.00210789497942, 0.00316966464743, -0.00713036907837, 0.015775077045, -0.0064010838978], [0.000304803310428, -0.000307306298055, 0.000592701137066, 4.59783805127e-05, 0.000325047556544, -0.000152528024046, 0.000807364704087, -0.00177011964843, 0.00109372555744, -1.42381950354e-05, 0.00077411532402, -0.0064010838978, 0.0136127015576]], "mean": [-35.6464538574, 63.3570899963, -124.966888428, 27.2757854462, -48.6421966553, 17.264875412, -31.5664272308, 7.52915620804, -19.1984519958, 6.0508556366, -12.1668262482, 2.39137744904, -9.09219551086]}, "melbands_spread": {"min": 0.337532490492, "max": 308.155517578, "dvar2": 1010.15509033, "median": 33.6037521362, "dmean2": 25.8293628693, "dmean": 15.8022241592, "var": 1036.27148438, "dvar": 447.692352295, "mean": 39.7346115112}, "spectral_energy": {"min": 9.54138272391e-07, "max": 0.207430914044, "dvar2": 0.000611964904238, "median": 0.00810241885483, "dmean2": 0.0143827497959, "dmean": 0.00928196962923, "var": 0.000510586076416, "dvar": 0.000286611553747, "mean": 0.0169503819197}, "mfcc": {"cov": [[9854.7109375, -1190.45214844, -767.129699707, 227.910903931, -365.061889648, 262.71862793, -71.6977539062, 202.016189575, -24.0148563385, -30.8113479614, -10.8312005997, -52.4392318726, -63.8501586914], [-1190.45214844, 1728.1340332, -118.173942566, -65.2746429443, 119.822608948, -149.646575928, 93.376663208, -48.0705909729, 51.2721099854, 20.6794090271, 34.8351478577, 20.4976940155, 18.6945152283], [-767.129699707, -118.173942566, 1095.21850586, 46.6918449402, 96.691734314, 24.1958065033, 1.57734251022, 23.6444377899, 5.01716566086, -6.95568037033, -6.29128503799, 31.0102272034, 2.48988103867], [227.910903931, -65.2746429443, 46.6918449402, 473.695709229, 144.808410645, 33.5833969116, -38.4698104858, -2.69352054596, 3.73438501358, -14.4748449326, -18.9566955566, -8.26872348785, 10.2487077713], [-365.061889648, 119.822608948, 96.691734314, 144.808410645, 382.020996094, 51.9101028442, 37.8628501892, -19.6856384277, 23.6819629669, 9.4877986908, 4.6705698967, 21.9466876984, 15.5458250046], [262.71862793, -149.646575928, 24.1958065033, 33.5833969116, 51.9101028442, 241.784439087, 68.6611633301, 24.1912498474, -10.5542612076, -8.28377819061, 6.04600143433, -16.197971344, 2.55849766731], [-71.6977539062, 93.376663208, 1.57734251022, -38.4698104858, 37.8628501892, 68.6611633301, 243.313873291, 51.2002449036, 27.0600585938, 2.64006590843, 5.28586149216, 13.5197658539, -5.25199699402], [202.016189575, -48.0705909729, 23.6444377899, -2.69352054596, -19.6856384277, 24.1912498474, 51.2002449036, 150.537521362, 49.6517868042, 7.60275173187, -2.05505013466, -8.75916671753, 4.518055439], [-24.0148563385, 51.2721099854, 5.01716566086, 3.73438501358, 23.6819629669, -10.5542612076, 27.0600585938, 49.6517868042, 135.61151123, 57.7730026245, 14.816827774, 10.7267522812, 1.85109591484], [-30.8113479614, 20.6794090271, -6.95568037033, -14.4748449326, 9.4877986908, -8.28377819061, 2.64006590843, 7.60275173187, 57.7730026245, 122.820152283, 46.6825027466, 23.769990921, 4.7866101265], [-10.8312005997, 34.8351478577, -6.29128503799, -18.9566955566, 4.6705698967, 6.04600143433, 5.28586149216, -2.05505013466, 14.816827774, 46.6825027466, 110.94972229, 36.9977722168, 15.5294313431], [-52.4392318726, 20.4976940155, 31.0102272034, -8.26872348785, 21.9466876984, -16.197971344, 13.5197658539, -8.75916671753, 10.7267522812, 23.769990921, 36.9977722168, 99.600944519, 31.0621643066], [-63.8501586914, 18.6945152283, 2.48988103867, 10.2487077713, 15.5458250046, 2.55849766731, -5.25199699402, 4.518055439, 1.85109591484, 4.7866101265, 15.5294313431, 31.0621643066, 92.601600647]], "icov": [[0.000131519365823, 6.65009429213e-05, 0.000101613499282, -9.07628418645e-05, 0.000115484595881, -0.000128578118165, 5.83649016335e-05, -0.000172222629772, 1.68459591805e-05, 2.05288979487e-05, -1.89324637176e-05, -8.75191253726e-05, 0.000111584784463], [6.65009429213e-05, 0.000733843189664, 0.000122747325804, 6.21634244453e-05, -0.000230905599892, 0.000515291641932, -0.000394429487642, 0.000232757083722, -0.000240911467699, 0.000138551651617, -0.000273937592283, 0.000199477537535, -0.000144994526636], [0.000101613499282, 0.000122747325804, 0.00104032771196, -6.82063910062e-05, -0.000182354371645, -0.000119582757179, 0.00012573726417, -0.000360596808605, 4.22700577474e-05, 0.000106912586489, 9.32404363994e-05, -0.000461533403723, 0.000216310538235], [-9.07628418645e-05, 6.21634244453e-05, -6.82063910062e-05, 0.00259889941663, -0.00111878302414, -0.000120311095088, 0.000569698167965, -4.77738212794e-05, -0.000183727417607, 0.000271687807981, 0.00030297995545, 0.000251808174653, -0.00028079355252], [0.000115484595881, -0.000230905599892, -0.000182354371645, -0.00111878302414, 0.00355424010195, -0.000894183875062, -0.000400084885769, 0.00071524665691, -0.000664111052174, -6.33624513284e-05, 0.000174089233042, -0.00066609546775, -0.000163805059856], [-0.000128578118165, 0.000515291641932, -0.000119582757179, -0.000120311095088, -0.000894183875062, 0.00552416872233, -0.00180478754919, -0.000187939760508, 0.000759953923989, 6.97887371643e-05, -0.000968622334767, 0.00165142223705, -0.000682167883497], [5.83649016335e-05, -0.000394429487642, 0.00012573726417, 0.000569698167965, -0.000400084885769, -0.00180478754919, 0.00546367838979, -0.00181292602792, -0.000462519383291, 0.000408886582591, 0.000290007417789, -0.0014523123391, 0.000995438080281], [-0.000172222629772, 0.000232757083722, -0.000360596808605, -4.77738212794e-05, 0.00071524665691, -0.000187939760508, -0.00181292602792, 0.00901516992599, -0.00361032644287, 0.000789229001384, -3.47883651557e-05, 0.00142322678585, -0.00124850939028], [1.68459591805e-05, -0.000240911467699, 4.22700577474e-05, -0.000183727417607, -0.000664111052174, 0.000759953923989, -0.000462519383291, -0.00361032644287, 0.0111854569986, -0.00512216007337, 0.000705319573171, -0.000306783331325, 0.0003456522536], [2.05288979487e-05, 0.000138551651617, 0.000106912586489, 0.000271687807981, -6.33624513284e-05, 6.97887371643e-05, 0.000408886582591, 0.000789229001384, -0.00512216007337, 0.0122965872288, -0.00423395307735, -0.000935841933824, 0.000437367445556], [-1.89324637176e-05, -0.000273937592283, 9.32404363994e-05, 0.00030297995545, 0.000174089233042, -0.000968622334767, 0.000290007417789, -3.47883651557e-05, 0.000705319573171, -0.00423395307735, 0.0121535677463, -0.00358605338261, -0.000608624657616], [-8.75191253726e-05, 0.000199477537535, -0.000461533403723, 0.000251808174653, -0.00066609546775, 0.00165142223705, -0.0014523123391, 0.00142322678585, -0.000306783331325, -0.000935841933824, -0.00358605338261, 0.0137392720208, -0.00415447959676], [0.000111584784463, -0.000144994526636, 0.000216310538235, -0.00028079355252, -0.000163805059856, -0.000682167883497, 0.000995438080281, -0.00124850939028, 0.0003456522536, 0.000437367445556, -0.000608624657616, -0.00415447959676, 0.0125602642074]], "mean": [-677.491210938, 99.3867797852, -12.485077858, 16.5216579437, 5.30823326111, 10.5486850739, 2.6168115139, 4.07601118088, 0.23842830956, 5.13987493515, 1.76949751377, 1.92986142635, -0.42161232233]}, "spectral_contrast_valleys": {"min": [-14.6630373001, -13.9317684174, -13.8228693008, -14.296257019, -14.0753822327, -15.3493843079], "max": [-5.22206687927, -5.00686597824, -4.83400297165, -4.69346618652, -4.91550636292, -7.37248659134], "dvar2": [0.748081564903, 0.582853257656, 0.649426341057, 0.87646985054, 1.01596605778, 0.505807816982], "median": [-7.80213308334, -7.20134925842, -7.47160005569, -7.61426925659, -7.65320587158, -10.2119426727], "dmean2": [0.897154390812, 0.816348493099, 0.812700331211, 0.881083965302, 0.78728222847, 0.580506801605], "dmean": [0.605582177639, 0.526001989841, 0.548291921616, 0.600581943989, 0.540469586849, 0.451595127583], "var": [1.62965488434, 1.08705735207, 1.2954750061, 1.33255326748, 1.50314283371, 1.52768349648], "dvar": [0.411887526512, 0.275169223547, 0.329650521278, 0.421222060919, 0.470679074526, 0.279664099216], "mean": [-8.03047180176, -7.36759996414, -7.66125059128, -7.77787780762, -7.75290584564, -10.3159236908]}, "barkbands_flatness_db": {"min": 0.0161921847612, "max": 0.48053213954, "dvar2": 0.00265784980729, "median": 0.0983499065042, "dmean2": 0.0471520833671, "dmean": 0.0300201401114, "var": 0.00374715588987, "dvar": 0.0011125280289, "mean": 0.113918796182}, "dynamic_complexity": 4.18408346176, "erbbands_flatness_db": {"min": 0.0295359585434, "max": 0.493202626705, "dvar2": 0.00122528464999, "median": 0.151354551315, "dmean2": 0.0351877361536, "dmean": 0.0247209072113, "var": 0.00261667952873, "dvar": 0.000