{"lowlevel": {"spectral_complexity": {"min": 0, "max": 61, "dvar2": 47.3245391846, "median": 8, "dmean2": 4.22873258591, "dmean": 2.83507943153, "var": 95.6496429443, "dvar": 24.5024528503, "mean": 10.8231716156}, "silence_rate_20dB": {"min": 1, "max": 1, "dvar2": 0, "median": 1, "dmean2": 0, "dmean": 0, "var": 0, "dvar": 0, "mean": 1}, "average_loudness": 0.752170801163, "erbbands_spread": {"min": 1.55946600437, "max": 216.807723999, "dvar2": 609.546386719, "median": 36.1115570068, "dmean2": 17.6408081055, "dmean": 11.6192045212, "var": 706.331542969, "dvar": 276.950012207, "mean": 41.7534980774}, "spectral_kurtosis": {"min": -1.18375682831, "max": 99.5763244629, "dvar2": 18.9262580872, "median": 4.23873519897, "dmean2": 2.91243457794, "dmean": 1.87624979019, "var": 41.0524177551, "dvar": 8.95835113525, "mean": 6.24108314514}, "barkbands_kurtosis": {"min": -1.95775902271, "max": 2938.43920898, "dvar2": 5673.73144531, "median": 7.09202098846, "dmean2": 17.9874095917, "dmean": 11.3704967499, "var": 3499.45068359, "dvar": 2310.36865234, "mean": 19.5095844269}, "spectral_strongpeak": {"min": 0, "max": 28.2209854126, "dvar2": 1.81863224506, "median": 0.359885156155, "dmean2": 0.622199654579, "dmean": 0.366281688213, "var": 1.44071674347, "dvar": 0.718761086464, "mean": 0.710204482079}, "spectral_spread": {"min": 1047281.8125, "max": 39939860, "dvar2": 3214564917250.0, "median": 4849814.5, "dmean2": 1161288.75, "dmean": 829702.5625, "var": 5693720494080.0, "dvar": 1733345280000.0, "mean": 5336158}, "spectral_rms": {"min": 3.28660861547e-12, "max": 0.0167320538312, "dvar2": 6.48517880109e-06, "median": 0.00398140028119, "dmean2": 0.00142394565046, "dmean": 0.000930573325604, "var": 8.15618022898e-06, "dvar": 2.73015689345e-06, "mean": 0.00429318891838}, "erbbands": {"min": [1.94564108403e-21, 1.17343017747e-20, 2.42270280048e-20, 9.83026044381e-21, 1.00789165905e-19, 3.15829681239e-19, 3.64718950573e-19, 3.87464582111e-19, 7.88424564217e-19, 1.07416764447e-18, 1.00767948722e-18, 1.18918669506e-18, 1.94007457856e-18, 2.73226028132e-18, 3.90448936024e-18, 1.48546004301e-18, 3.4203579185e-18, 2.98814322714e-18, 7.2447480713e-18, 8.82840024329e-18, 6.55474791872e-18, 1.49875912203e-17, 9.39725483208e-18, 1.30134287354e-17, 2.31131865551e-17, 1.59548068931e-17, 1.71666033294e-17, 2.0854004101e-17, 1.49907311979e-17, 2.1512601996e-17, 1.94257857835e-17, 2.00189933967e-17, 1.63349311261e-17, 1.5480886996e-17, 9.77731289068e-18, 5.91155998494e-18, 2.72579710561e-18, 1.09755803745e-18, 3.60872250532e-19, 4.124341275e-20], "max": [5.367831707, 40.5601463318, 111.039733887, 275.077301025, 480.667755127, 947.850952148, 953.297668457, 869.852416992, 757.594665527, 848.768737793, 798.981994629, 1221.5234375, 581.503234863, 1143.81323242, 1434.97058105, 1738.16088867, 2974.75, 7271.37792969, 3896.73168945, 2764.68652344, 1282.13293457, 607.724243164, 1175.95471191, 586.143798828, 629.989685059, 1761.81066895, 1209.12597656, 1494.31628418, 925.854492188, 598.683044434, 602.960998535, 777.676452637, 502.648376465, 218.194717407, 183.398803711, 52.8332710266, 27.8296127319, 7.31945228577, 1.14459824562, 0.063820682466], "dvar2": [0.39790135622, 33.6087188721, 213.483825684, 284.959777832, 391.771331787, 15328.9111328, 14940.4130859, 5241.9453125, 1580.48327637, 1969.99511719, 1638.36206055, 1375.91821289, 675.873718262, 1091.81030273, 1011.28387451, 2143.11743164, 7810.53808594, 25767.9628906, 7496.68164062, 3874.84375, 2463.78881836, 616.512329102, 1002.16094971, 798.727661133, 972.39630127, 1888.94128418, 3975.65844727, 1810.34777832, 1341.41308594, 1068.65771484, 930.556274414, 950.109130859, 295.590789795, 72.8504714966, 34.4113845825, 5.35608577728, 0.929743647575, 0.0558686293662, 0.00166309601627, 6.83912367094e-06], "median": [0.0266385003924, 0.265050470829, 0.546763181686, 1.41915225983, 2.39544391632, 2.66657543182, 2.19313097, 2.77989149094, 1.9523088932, 1.48152601719, 1.40610265732, 1.84959316254, 1.61248672009, 2.02544021606, 1.90222764015, 1.78070759773, 2.48813438416, 2.9434530735, 2.38112783432, 1.85509800911, 1.30131030083, 1.14306664467, 1.28769826889, 1.42986261845, 1.48369801044, 1.43466114998, 0.966946601868, 0.77510869503, 0.581734716892, 0.460455864668, 0.327289581299, 0.2494905442, 0.180684775114, 0.0861656889319, 0.0419710502028, 0.015825625509, 0.00457832496613, 0.00100896507502, 0.000107465762994, 3.50741393049e-05], "dmean2": [0.242322534323, 2.14167094231, 4.6451716423, 5.99931335449, 8.0267791748, 24.6803073883, 24.7203006744, 19.5406513214, 12.2003717422, 11.6554985046, 9.94449043274, 9.51165866852, 7.94495248795, 10.0663061142, 9.1816034317, 11.1099624634, 22.2808685303, 20.6179294586, 18.3663978577, 16.2208900452, 11.1198987961, 7.5401134491, 8.86601161957, 8.96796798706, 10.3327827454, 11.2313022614, 12.1948242188, 9.63496780396, 9.30433368683, 8.55744743347, 6.92025470734, 6.18519067764, 3.50351405144, 2.03128790855, 1.3533655405, 0.657716751099, 0.25851303339, 0.0618138983846, 0.0109401866794, 0.000760874827392], "dmean": [0.15017798543, 1.29091691971, 2.64499807358, 3.51138210297, 4.6934337616, 13.6976156235, 13.9037570953, 11.3813495636, 7.59664916992, 7.37255573273, 6.18721246719, 6.15077781677, 5.4219751358, 6.7499961853, 6.05245733261, 7.3843164444, 14.323887825, 13.4381380081, 11.8504934311, 10.524471283, 7.16370820999, 4.84350299835, 5.68164300919, 5.69315767288, 6.58394956589, 7.12222385406, 7.60472011566, 6.2637720108, 6.12329769135, 5.63343715668, 4.56428813934, 4.24046611786, 2.39385533333, 1.34227073193, 0.874270379543, 0.427969992161, 0.163431510329, 0.0384823605418, 0.00678511802107, 0.000476297806017], "var": [0.280879616737, 18.1453819275, 68.4952926636, 133.003448486, 204.448104858, 3275.71508789, 3174.51489258, 1560.60021973, 976.867797852, 1061.28564453, 974.90411377, 1098.99279785, 1069.42675781, 2017.46472168, 1528.81799316, 3173.02319336, 10995.9306641, 21154.0058594, 5129.73193359, 4176.1953125, 1626.03430176, 511.382141113, 1084.89587402, 538.625305176, 727.85559082, 1453.76794434, 1657.3190918, 1484.94714355, 1148.20300293, 833.896057129, 724.442016602, 1164.29260254, 378.357757568, 67.5536651611, 26.1979579926, 4.49412155151, 0.55021494627, 0.0252637099475, 0.000678456097376, 3.01117597701e-06], "dvar": [0.157234951854, 12.5997610092, 73.9789886475, 104.487846375, 146.998016357, 5405.94140625, 5211.51806641, 1831.11352539, 603.989685059, 768.938293457, 643.835510254, 582.147705078, 337.9972229, 528.120849609, 493.177490234, 1142.41772461, 3473.3840332, 9903.29101562, 3096.80932617, 1756.3795166, 978.028564453, 259.967926025, 435.673919678, 333.934356689, 415.58996582, 824.386779785, 1494.21875, 818.189331055, 619.84967041, 483.893768311, 418.835449219, 507.870910645, 151.570144653, 33.6758308411, 15.2880792618, 2.45873260498, 0.395223766565, 0.0223901104182, 0.000659208337311, 2.81388111034e-06], "mean": [0.275249004364, 2.34691572189, 4.13248300552, 5.72650575638, 7.14634990692, 12.6273078918, 13.9768476486, 15.568318367, 12.5507278442, 11.0552806854, 9.54195213318, 10.318936348, 10.128370285, 13.6426935196, 10.9648237228, 13.0397367477, 26.0513191223, 24.9303340912, 19.9673938751, 18.1802101135, 11.3044252396, 7.90247535706, 10.193230629, 8.7027387619, 10.237988472, 10.3334779739, 9.72828483582, 8.53189849854, 8.31291484833, 7.72634315491, 6.38350439072, 6.44159078598, 3.69089984894, 1.85750854015, 1.13182735443, 0.526448369026, 0.178585529327, 0.0396015793085, 0.00667636934668, 0.000477921799757]}, "zerocrossingrate": {"min": 0.00244140625, "max": 0.47802734375, "dvar2": 0.000524064293131, "median": 0.0390625, "dmean2": 0.0155513901263, "dmean": 0.0138076907024, "var": 0.00377799384296, "dvar": 0.000479835056467, "mean": 0.0582134947181}, "spectral_contrast_coeffs": {"min": [-0.980279505253, -0.970461189747, -0.968387663364, -0.964631676674, -0.95410066843, -0.961216151714], "max": [-0.223118752241, -0.324947685003, -0.382993489504, -0.376214325428, -0.480591028929, -0.573304235935], "dvar2": [0.00603296235204, 0.00397441769019, 0.00239224359393, 0.00181830814108, 0.00109244266059, 0.000722903292626], "median": [-0.666704893112, -0.723577678204, -0.76339495182, -0.768794298172, -0.793659806252, -0.789796710014], "dmean2": [0.0825336128473, 0.0713913738728, 0.0565938837826, 0.0489144548774, 0.0366378352046, 0.0272592473775], "dmean": [0.0500443689525, 0.044487722218, 0.0362143702805, 0.0314911752939, 0.0235293079168, 0.018025463447], "var": [0.0122025972232, 0.010683869943, 0.00599302491173, 0.00620582513511, 0.00358179933392, 0.00214573787525], "dvar": [0.00242748437449, 0.00163583236281, 0.00105998595245, 0.000827887561172, 0.000516997009981, 0.000345145759638], "mean": [-0.640942811966, -0.704580545425, -0.756483912468, -0.762174189091, -0.787272870541, -0.789603769779]}, "dissonance": {"min": 0.203659117222, "max": 0.500000119209, "dvar2": 0.00121503777336, "median": 0.458288133144, "dmean2": 0.0356528908014, "dmean": 0.0216330289841, "var": 0.00150207511615, "dvar": 0.0004737553827, "mean": 0.448894709349}, "spectral_energyband_high": {"min": 8.15154505046e-21, "max": 0.0810432434082, "dvar2": 2.00921822398e-05, "median": 0.000127389183035, "dmean2": 0.00131260789931, "dmean": 0.000892928044777, "var": 2.10861926462e-05, "dvar": 9.68193580775e-06, "mean": 0.00138721126132}, "spectral_skewness": {"min": -0.583059728146, "max": 8.69843006134, "dvar2": 0.218722268939, "median": 1.65150868893, "dmean2": 0.394566118717, "dmean": 0.265194296837, "var": 0.749193847179, "dvar": 0.112114541233, "mean": 1.84293746948}, "spectral_flux": {"min": 1.05222816571e-10, "max": 0.49176171422, "dvar2": 0.00503579201177, "median": 0.0499047599733, "dmean2": 0.0439663752913, "dmean": 0.0285862628371, "var": 0.00515544833615, "dvar": 0.00257903942838, "mean": 0.0708154439926}, "silence_rate_30dB": {"min": 0, "max": 1, "dvar2": 0.100207574666, "median": 1, "dmean2": 0.0855708941817, "dmean": 0.0427827611566, "var": 0.0347000025213, "dvar": 0.0409528762102, "mean": 0.963994503021}, "spectral_energyband_middle_high": {"min": 1.61215976676e-21, "max": 0.158646628261, "dvar2": 3.18301790685e-05, "median": 0.0007856618613, "dmean2": 0.00182635616511, "dmean": 0.00123705691658, "var": 5.04802992509e-05, "dvar": 1.36103526529e-05, "mean": 0.00317929056473}, "barkbands_spread": {"min": 0.0678181871772, "max": 126.375007629, "dvar2": 251.257965088, "median": 12.3754501343, "dmean2": 9.69060993195, "dmean": 6.33403015137, "var": 346.369934082, "dvar": 115.464500427, "mean": 18.3022613525}, "spectral_centroid": {"min": 82.3136672974, "max": 11359.0527344, "dvar2": 365067.625, "median": 826.541137695, "dmean2": 391.812835693, "dmean": 264.196716309, "var": 858007.3125, "dvar": 193469.53125, "mean": 1101.1262207}, "pitch_salience": {"min": 0.0376662835479, "max": 0.9591537714, "dvar2": 0.0149404034019, "median": 0.498626351357, "dmean2": 0.123669333756, "dmean": 0.075372427702, "var": 0.0191794615239, "dvar": 0.00566676398739, "mean": 0.49836486578}, "erbbands_skewness": {"min": -6.44558668137, "max": 12.0353660583, "dvar2": 0.954958975315, "median": 0.57820135355, "dmean2": 0.784398078918, "dmean": 0.525252342224, "var": 2.20959401131, "dvar": 0.451975464821, "mean": 0.754499256611}, "erbbands_crest": {"min": 2.10236620903, "max": 33.8181800842, "dvar2": 16.7381629944, "median": 9.29626464844, "dmean2": 4.28220558167, "dmean": 2.68016386032, "var": 26.0824375153, "dvar": 6.87924814224, "mean": 10.4652986526}, "melbands": {"min": [1.60490532615e-23, 1.41751851786e-23, 2.87109535494e-24, 1.74488995596e-23, 1.28492977458e-23, 9.77935718073e-24, 1.43197896934e-23, 1.10630105784e-23, 7.92801975417e-24, 7.88359347457e-24, 1.00934705491e-23, 1.0990543449e-23, 1.09955235279e-23, 7.90619276179e-24, 3.98327228267e-24, 7.14417758203e-24, 5.40802804713e-24, 8.81946570923e-24, 1.71557998679e-23, 1.0201000968e-23, 5.84131581578e-24, 1.71074348058e-23, 6.87149518837e-24, 1.19290773004e-23, 9.82871462985e-24, 1.439311747e-23, 1.44615890189e-23, 9.85604471591e-24, 1.15035917605e-23, 9.6947305494e-24, 1.34970298574e-23, 8.53369926859e-24, 7.41600327275e-24, 1.48744362182e-23, 1.04639480292e-23, 1.1587689855e-23, 1.21497753381e-23, 1.20108174897e-23, 1.06131989348e-23, 1.35894812e-23], "max": [0.0499923750758, 0.0561053976417, 0.0444235131145, 0.0355116948485, 0.0380858257413, 0.0195806194097, 0.0107924453914, 0.00993533991277, 0.00818996410817, 0.00682508340105, 0.00287917302921, 0.00429233722389, 0.00441185524687, 0.00605849409476, 0.00553009333089, 0.00869359727949, 0.0133541859686, 0.00815596804023, 0.00312049407512, 0.00481287064031, 0.00135897169821, 0.000696006929502, 0.000682784710079, 0.000826669100206, 0.00057815090986, 0.00066761841299, 0.00073516741395, 0.00129354861565, 0.000860697240569, 0.000754563487135, 0.000980235403404, 0.000551057863049, 0.000461314804852, 0.000291407137411, 0.000376759504434, 0.000492799154017, 0.000612898089457, 0.000367227883544, 0.000299908075249, 0.000204390758881], "dvar2": [3.63794679288e-05, 5.43704263691e-05, 8.1234920799e-06, 1.9077453544e-05, 2.54796614172e-05, 2.60033220911e-06, 3.35323164791e-07, 2.19393072598e-07, 1.23398550045e-07, 4.60164031324e-08, 1.80862329557e-08, 2.00267162853e-08, 1.27881767398e-08, 1.81912813702e-08, 2.84309749077e-08, 8.17068936954e-08, 9.1209734876e-08, 2.95492768032e-08, 1.20266570036e-08, 1.47797249994e-08, 2.62451682609e-09, 8.61297533294e-10, 7.53443529788e-10, 7.31677773924e-10, 6.67495336781e-10, 7.10843994778e-10, 7.41792127723e-10, 9.89685333685e-10, 2.20316320743e-09, 6.97851276765e-10, 6.97289115337e-10, 4.70556815735e-10, 4.3309916764e-10, 3.61730423393e-10, 3.15817955121e-10, 4.38561270633e-10, 3.76210812503e-10, 1.72546213428e-10, 1.11318301799e-10, 5.07030181729e-11], "median": [0.000297432183288, 0.000365136482287, 0.000319530372508, 0.00020838007913, 8.8111111836e-05, 6.17755940766e-05, 2.59628686763e-05, 1.23150857689e-05, 9.91702472675e-06, 1.01113437267e-05, 6.63878199703e-06, 7.0480150498e-06, 5.10016798216e-06, 3.58618081009e-06, 4.33317836723e-06, 3.72485237676e-06, 3.83614815291e-06, 3.20002027365e-06, 2.13308999264e-06, 1.72427587586e-06, 1.11338545139e-06, 1.01173714029e-06, 1.05955382423e-06, 1.03569982457e-06, 1.0245513522e-06, 1.01613522929e-06, 8.96883534551e-07, 8.31247575661e-07, 5.94427433498e-07, 4.19546410058e-07, 3.90573489994e-07, 3.23803448055e-07, 2.48877853437e-07, 2.40844713062e-07, 1.78813607477e-07, 1.52849821689e-07, 1.39297071655e-07, 1.27522739035e-07, 9.25173111455e-08, 5.77277532443e-08], "dmean2": [0.00230645365082, 0.00247637159191, 0.00104476010893, 0.00109061494004, 0.000982901663519, 0.000431877997471, 0.000179266149644, 0.000121671968373, 8.39362837723e-05, 5.76789061597e-05, 4.05769933423e-05, 4.15418326156e-05, 3.2663672755e-05, 2.60235374299e-05, 4.0468024963e-05, 5.63711619179e-05, 3.97095682274e-05, 3.04710029013e-05, 2.82092132693e-05, 2.44264647336e-05, 1.12981042548e-05, 8.42704957904e-06, 8.57119084685e-06, 7.23436323824e-06, 7.772859135e-06, 8.2370625023e-06, 7.94299648987e-06, 8.05037871032e-06, 8.76699868968e-06, 6.07538277109e-06, 5.7525394368e-06, 5.47488025404e-06, 5.31882506039e-06, 4.94439200338e-06, 4.1239982238e-06, 4.15954764321e-06, 3.81840436603e-06, 2.62147659669e-06, 2.25563098866e-06, 1.67796952155e-06], "dmean": [0.00142500048969, 0.00145737256389, 0.000617256737314, 0.000614785356447, 0.000552425219212, 0.000250672339462, 0.000112389119749, 7.69478283473e-05, 5.19822751812e-05, 3.76111165679e-05, 2.76714636129e-05, 2.7934602258e-05, 2.14397805394e-05, 1.69924405782e-05, 2.65730323008e-05, 3.61683705705e-05, 2.57884294115e-05, 1.95352913579e-05, 1.84413547686e-05, 1.53201690409e-05, 7.23990933693e-06, 5.38518224857e-06, 5.35877961738e-06, 4.62355956188e-06, 4.87124543724e-06, 5.19980540048e-06, 4.99202678839e-06, 5.03823275722e-06, 5.37612277185e-06, 3.87174168281e-06, 3.73094121642e-06, 3.568494094e-06, 3.40256042364e-06, 3.23215272147e-06, 2.64368713943e-06, 2.80546396425e-06, 2.61893274001e-06, 1.77325136974e-06, 1.46129389123e-06, 1.09094889922e-06], "var": [2.52576810453e-05, 2.14841875277e-05, 4.10065376855e-06, 4.42626060249e-06, 5.47495892533e-06, 7.33019419386e-07, 2.06650653922e-07, 1.23890146142e-07, 7.39256407201e-08, 4.28874677993e-08, 2.9715312877e-08, 3.48422730667e-08, 1.96611136261e-08, 1.28186847803e-08, 3.98304749183e-08, 1.00690307647e-07, 6.96639901321e-08, 1.5841665757e-08, 1.21396315222e-08, 1.07213224965e-08, 1.60295832163e-09, 6.76167177804e-10, 6.15463791043e-10, 6.66383392911e-10, 3.99906635584e-10, 4.67115901515e-10, 4.90698481848e-10, 7.39653560622e-10, 7.93561494294e-10, 4.63775878812e-10, 5.46670486656e-10, 3.97111066253e-10, 3.02823571774e-10, 2.75155564999e-10, 2.1743763734e-10, 3.83166165463e-10, 4.77913597585e-10, 2.09345887847e-10, 1.02673279601e-10, 3.86813948927e-11], "dvar": [1.43369888974e-05, 1.94662170543e-05, 3.00345959658e-06, 6.74893453834e-06, 8.97554036783e-06, 9.02790418422e-07, 1.29572967467e-07, 8.64415881097e-08, 4.8173092182e-08, 1.9887867353e-08, 9.16768261305e-09, 9.66451629836e-09, 5.99840799254e-09, 8.17358536409e-09, 1.46416683222e-08, 3.23374287348e-08, 3.56095952725e-08, 1.18031389107e-08, 5.38066835531e-09, 5.77500491872e-09, 1.0921182847e-09, 3.61328439391e-10, 3.14394288381e-10, 3.03682384795e-10, 2.73312622534e-10, 2.93910951132e-10, 3.1644836751e-10, 4.25727342268e-10, 8.06100852735e-10, 2.95734686739e-10, 3.14060361051e-10, 2.1551492535e-10, 1.89891644076e-10, 1.63901170414e-10, 1.35910935284e-10, 2.10504502718e-10, 2.01208383288e-10, 8.77331263194e-11, 5.0143004332e-11, 2.24318584541e-11], "mean": [0.00271149422042, 0.00259740068577, 0.00104752753396, 0.000686666520778, 0.000539262720849, 0.000344913656591, 0.000182827978279, 0.000114190537715, 7.84290023148e-05, 6.35278847767e-05, 5.05877687829e-05, 5.53518621018e-05, 3.85624771297e-05, 2.6647674531e-05, 4.30167856393e-05, 6.56346310279e-05, 4.29348365287e-05, 2.96140133287e-05, 3.07317677652e-05, 2.23432507482e-05, 1.07223222585e-05, 8.21630510472e-06, 8.64201683726e-06, 7.88950364949e-06, 6.83837151882e-06, 7.55567316446e-06, 7.11657094143e-06, 6.92018920745e-06, 6.47933393338e-06, 5.07040158482e-06, 4.88287605549e-06, 4.72162173537e-06, 4.41024940301e-06, 4.33777404396e-06, 3.52491952071e-06, 3.9122051021e-06, 3.92525771531e-06, 2.66773645308e-06, 1.99925307243e-06, 1.42374119605e-06]}, "spectral_entropy": {"min": 4.23665571213, "max": 9.80513381958, "dvar2": 0.157328471541, "median": 7.28812408447, "dmean2": 0.327098965645, "dmean": 0.231474041939, "var": 0.609166443348, "dvar": 0.0855284556746, "mean": 7.19142055511}, "spectral_rolloff": {"min": 43.06640625, "max": 18992.2851562, "dvar2": 5081292, "median": 452.197265625, "dmean2": 989.87487793, "dmean": 594.327636719, "var": 5441666, "dvar": 2267492.5, "mean": 1423.16467285}, "barkbands": {"min": [4.04503101965e-24, 5.91838287194e-23, 1.57042421598e-23, 3.51275067373e-24, 6.98413900361e-23, 5.83479264607e-23, 8.19311441034e-23, 3.47963516067e-23, 5.46226286546e-23, 7.54510745964e-23, 7.84318202367e-23, 5.19133395181e-23, 6.86727336258e-23, 5.98741072551e-23, 1.84076552291e-22, 1.37831115268e-22, 2.36189599836e-22, 2.11585141798e-22, 3.45167136687e-22, 3.66753248818e-22, 4.61260880478e-22, 4.2687664243e-22, 7.75347528588e-22, 9.36809710646e-22, 1.36661667473e-21, 1.5768513119e-21, 2.51268652058e-21], "max": [0.00704242801294, 0.180309608579, 0.0915549695492, 0.11247767508, 0.197031795979, 0.109256640077, 0.0481049008667, 0.0377730689943, 0.0522298105061, 0.0288872756064, 0.0302816405892, 0.043555162847, 0.0656688138843, 0.112752452493, 0.0374106019735, 0.0401464365423, 0.0120077207685, 0.0162932612002, 0.0151914115995, 0.0334299057722, 0.0310614649206, 0.0265207123011, 0.018995160237, 0.0286504812539, 0.0232079811394, 0.0121420891955, 0.00746092014015], "dvar2": [2.90977737905e-07, 0.000541662855539, 0.000166636280483, 3.61851452908e-05, 0.000674487382639, 9.3356546131e-05, 6.97092673363e-06, 3.84436998502e-06, 2.44776060754e-06, 1.10671896891e-06, 8.72145051289e-07, 1.39502003549e-06, 5.0581143114e-06, 7.29957309886e-06, 1.6852028466e-06, 1.65671951891e-06, 2.21531195166e-07, 2.82994506051e-07, 3.75573620204e-07, 8.21367223125e-07, 1.57589386163e-06, 9.91134243122e-07, 1.11250415102e-06, 1.34510105454e-06, 6.07569688782e-07, 2.29635787719e-07, 6.63509496235e-08], "median": [1.11535127871e-05, 0.00117769255303, 0.000362393126125, 0.000460297771497, 0.000854312209412, 0.000301854044665, 8.45206450322e-05, 5.44263457414e-05, 6.70289009577e-05, 4.4707361667e-05, 3.98384545406e-05, 2.67687446467e-05, 3.68186738342e-05, 3.24348948197e-05, 3.06934416585e-05, 2.12111535802e-05, 1.80850111065e-05, 2.31237718253e-05, 2.71195422101e-05, 3.03169308609e-05, 2.01486345759e-05, 1.5586063455e-05, 1.2359369066e-05, 1.18285461213e-05, 6.92102366884e-06, 2.87955390377e-06, 6.58328644931e-07], "dmean2": [0.000202100345632, 0.00882438477129, 0.00412878673524, 0.00207306654193, 0.00566725758836, 0.00242398376577, 0.00079289264977, 0.000488534860779, 0.000410967710195, 0.000284523150185, 0.00027969860821, 0.000264514936134, 0.00052231765585, 0.000397425959818, 0.000364359875675, 0.000279353029327, 0.000141304553836, 0.000162525218911, 0.000195882894332, 0.000248669559369, 0.000265664915787, 0.000257859472185, 0.000254130805843, 0.000243119196966, 0.000184740463737, 0.000137013208587, 6.89316584612e-05], "dmean": [0.000131760491058, 0.00539888814092, 0.00235244794749, 0.00122300896328, 0.00317209330387, 0.00138304487336, 0.00050136243226, 0.000305656983983, 0.000265265989583, 0.000189332771697, 0.000183537093108, 0.000172642467078, 0.00033480321872, 0.000255535211181, 0.000237894870224, 0.000174767847057, 8.9901543106e-05, 0.000103057158412, 0.000123658363009, 0.000157615490025, 0.000167985417647, 0.000169609411387, 0.000168070662767, 0.0001678904664, 0.000120634394989, 8.8395558123e-05, 4.27730519732e-05], "var": [2.57139959103e-07, 0.000339499762049, 5.32826597919e-05, 2.00367667276e-05, 0.000147438258864, 2.29616362049e-05, 4.59255988972e-06, 2.23089250539e-06, 2.05531978281e-06, 1.64299171956e-06, 1.50999960624e-06, 1.73207752141e-06, 6.58144153931e-06, 5.45454167877e-06, 1.73431794792e-06, 1.23415884445e-06, 1.68511476772e-07, 2.7018532478e-07, 2.55265177884e-07, 6.24038250407e-07, 9.14310078315e-07, 8.28848101264e-07, 8.92327307156e-07, 1.98554903363e-06, 4.98320503084e-07, 1.663465099e-07, 2.68672639692e-08], "dvar": [1.22198656527e-07, 0.000209832156543, 5.75982594455e-05, 1.36973831104e-05, 0.000237890679273, 3.21070547216e-05, 2.77203139376e-06, 1.51953531713e-06, 1.05572962639e-06, 5.19647869623e-07, 4.09855061889e-07, 6.94866457707e-07, 2.22339031097e-06, 2.98253917208e-06, 7.6000151239e-07, 6.62042396016e-07, 9.1660943724e-08, 1.19098444884e-07, 1.57658064381e-07, 3.55674700359e-07, 6.40435416699e-07, 4.55102565411e-07, 5.07329843913e-07, 7.545409062e-07, 2.73026472541e-07, 1.02082054809e-07, 2.64931756533e-08], "mean": [0.000254114187555, 0.01025817357, 0.00342909735627, 0.0019349064678, 0.00327290780842, 0.00179020606447, 0.000809934921563, 0.000452575361123, 0.000444480130682, 0.000365943327779, 0.00033773900941, 0.000273290468613, 0.000577462953515, 0.000409737898735, 0.00039184797788, 0.000256912928307, 0.000140770411235, 0.00017673484399, 0.000183707292308, 0.000229309021961, 0.000220599322347, 0.000229889090406, 0.000235547646298, 0.000269558018772, 0.000160554467584, 0.000102628771856, 4.15442227677e-05]}, "melbands_flatness_db": {"min": 0.0045869378373, "max": 0.731044411659, "dvar2": 0.00298335845582, "median": 0.259262621403, "dmean2": 0.0471664406359, "dmean": 0.0328239835799, "var": 0.0141051076353, "dvar": 0.00149429170415, "mean": 0.272622674704}, "melbands_skewness": {"min": -5.93313694, "max": 25.6740608215, "dvar2": 5.5676035881, "median": 3.42771482468, "dmean2": 1.75558435917, "dmean": 1.15918946266, "var": 7.51088619232, "dvar": 2.4870429039, "mean": 3.84687209129}, "barkbands_skewness": {"min": -10.0140151978, "max": 42.9522171021, "dvar2": 3.85134339333, "median": 2.35204982758, "dmean2": 1.3847244978, "dmean": 0.913521528244, "var": 6.07029771805, "dvar": 1.71646153927, "mean": 2.65272021294}, "silence_rate_60dB": {"min": 0, "max": 1, "dvar2": 0.0652895793319, "median": 0, "dmean2": 0.061982434243, "dmean": 0.0309892725199, "var": 0.159252971411, "dvar": 0.0300217624754, "mean": 0.198720365763}, "spectral_energyband_low": {"min": 7.88291726301e-23, "max": 0.221360772848, "dvar2": 0.00095502944896, "median": 0.00267563713714, "dmean2": 0.0116186011583, "dmean": 0.0072219055146, "var": 0.000611043302342, "dvar": 0.000375707575586, "mean": 0.0149642527103}, "spectral_energyband_middle_low": {"min": 3.22319604413e-22, "max": 0.249521449208, "dvar2": 0.00126582582016, "median": 0.00482886843383, "dmean2": 0.00984100159258, "dmean": 0.0057033165358, "var": 0.000330950919306, "dvar": 0.000455279572634, "mean": 0.008798497729}, "melbands_kurtosis": {"min": -1.94439053535, "max": 1041.18676758, "dvar2": 6028.14892578, "median": 19.2452964783, "dmean2": 33.5042686462, "dmean": 21.159450531, "var": 4155.05273438, "dvar": 2502.36889648, "mean": 38.261177063}, "spectral_decrease": {"min": -7.05395493128e-08, "max": 9.48527268458e-30, "dvar2": 1.47833930834e-16, "median": -3.89969079251e-09, "dmean2": 5.09947906124e-09, "dmean": 3.12480197273e-09, "var": 7.35752207099e-17, "dvar": 5.62398510288e-17, "mean": -6.74080125052e-09}, "erbbands_kurtosis": {"min": -1.90723896027, "max": 233.43939209, "dvar2": 103.35345459, "median": 0.370942592621, "dmean2": 3.80600500107, "dmean": 2.4348385334, "var": 97.5563430786, "dvar": 42.3253898621, "mean": 3.23035860062}, "melbands_crest": {"min": 1.61083650589, "max": 37.0535926819, "dvar2": 22.9242038727, "median": 16.4688205719, "dmean2": 5.02707910538, "dmean": 3.10344696045, "var": 29.6270198822, "dvar": 8.90508270264, "mean": 16.614938736}, "gfcc": {"cov": [[16231.5205078, -2270.61474609, -1890.60852051, 130.233734131, -735.881713867, 611.982788086, -266.398925781, 157.608184814, -98.8933868408, 374.984436035, 128.744888306, 158.639068604, -63.6768302917], [-2270.61474609, 2806.75805664, 357.358032227, 105.974136353, 705.619750977, -16.7173995972, 307.770904541, -28.695558548, 168.257843018, -142.527252197, 110.284950256, -66.3413925171, 45.6881217957], [-1890.60852051, 357.358032227, 2149.01733398, 520.224731445, 322.871032715, 133.543212891, 200.984786987, 86.6369018555, 76.7982559204, -2.18262553215, 31.9126033783, 36.2563209534, 43.0315093994], [130.233734131, 105.974136353, 520.224731445, 655.832824707, 221.285049438, 137.063232422, 116.685562134, 67.3527679443, 91.6601867676, 4.57837915421, -8.57979393005, 8.10940551758, 24.9502868652], [-735.881713867, 705.619750977, 322.871032715, 221.285049438, 878.351257324, 199.838226318, 264.490386963, 125.658447266, 131.70161438, 13.5868024826, 8.97855758667, -29.9472942352, 21.517080307], [611.982788086, -16.7173995972, 133.543212891, 137.063232422, 199.838226318, 449.238372803, 169.648010254, 69.2460708618, 48.6582832336, 34.4555702209, 18.5209217072, -19.9358882904, -39.8513298035], [-266.398925781, 307.770904541, 200.984786987, 116.685562134, 264.490386963, 169.648010254, 295.697967529, 118.834701538, 78.5961380005, 17.1803283691, 26.2947292328, -8.89496612549, -2.60587954521], [157.608184814, -28.695558548, 86.6369018555, 67.3527679443, 125.658447266, 69.2460708618, 118.834701538, 203.734573364, 90.9467773438, 43.3895339966, 12.4537916183, 9.4618024826, 5.21988773346], [-98.8933868408, 168.257843018, 76.7982559204, 91.6601867676, 131.70161438, 48.6582832336, 78.5961380005, 90.9467773438, 161.600830078, 53.5004272461, 20.2076740265, 4.56474065781, 13.3815250397], [374.984436035, -142.527252197, -2.18262553215, 4.57837915421, 13.5868024826, 34.4555702209, 17.1803283691, 43.3895339966, 53.5004272461, 155.374252319, 62.8431434631, 17.8226337433, 6.52326250076], [128.744888306, 110.284950256, 31.9126033783, -8.57979393005, 8.97855758667, 18.5209217072, 26.2947292328, 12.4537916183, 20.2076740265, 62.8431434631, 120.594825745, 39.030128479, 8.94605541229], [158.639068604, -66.3413925171, 36.2563209534, 8.10940551758, -29.9472942352, -19.9358882904, -8.89496612549, 9.4618024826, 4.56474065781, 17.8226337433, 39.030128479, 102.676727295, 47.612663269], [-63.6768302917, 45.6881217957, 43.0315093994, 24.9502868652, 21.517080307, -39.8513298035, -2.60587954521, 5.21988773346, 13.3815250397, 6.52326250076, 8.94605541229, 47.612663269, 109.899436951]], "icov": [[9.64826249401e-05, 2.0143470465e-05, 0.000102529018477, -0.000110438559204, 5.63305948162e-05, -0.000182253075764, 0.000123427613289, -0.000144953359268, 0.000145115816849, -0.000166336860275, -4.21462791564e-05, -0.000127412451548, 1.59850078489e-05], [2.0143470465e-05, 0.000762137118727, -1.23585341498e-05, 9.79442047537e-05, -0.000456768408185, 0.000345460342942, -0.000581614556722, 0.00078291085083, -0.000962438294664, 0.00128616217989, -0.00141978927422, 0.000787904427852, -0.000343774416251], [0.000102529018477, -1.23585341498e-05, 0.000712803972419, -0.000560736167245, 4.80276003145e-06, -0.000161740143085, -6.42953746137e-05, -0.000195804866962, 0.000319352169754, -0.000151853790157, -0.000138147646794, -0.000317278638249, -2.02365790756e-05], [-0.000110438559204, 9.79442047537e-05, -0.000560736167245, 0.00229975976981, -0.000304636865621, -0.00016275139933, -0.000255015358562, 0.00036733734305, -0.00118740356993, 0.000556728686206, 0.000314494682243, 8.77210623003e-05, -0.000382195808925], [5.63305948162e-05, -0.000456768408185, 4.80276003145e-06, -0.000304636865621, 0.00206154794432, -0.000590607349295, -0.00065351522062, -0.000590166077018, -2.04588504857e-05, -0.000682085577864, 0.000827691052109, 0.000108690284833, -0.000386933912523], [-0.000182253075764, 0.000345460342942, -0.000161740143085, -0.00016275139933, -0.000590607349295, 0.00367526803166, -0.00204208982177, 0.00075444515096, -0.000490826438181, 0.000306256755721, -0.000583457935136, 0.000569794967305, 0.00105737755075], [0.000123427613289, -0.000581614556722, -6.42953746137e-05, -0.000255015358562, -0.00065351522062, -0.00204208982177, 0.00727811036631, -0.00335631100461, 0.000451272178907, -0.000146453618072, -0.000473313732073, -4.48037062597e-05, 0.000127508770674], [-0.000144953359268, 0.00078291085083, -0.000195804866962, 0.00036733734305, -0.000590166077018, 0.00075444515096, -0.00335631100461, 0.00902386941016, -0.00431138137355, 0.000358656106982, -0.000151941116201, -0.000227683660341, 7.94219449745e-05], [0.000145115816849, -0.000962438294664, 0.000319352169754, -0.00118740356993, -2.04588504857e-05, -0.000490826438181, 0.000451272178907, -0.00431138137355, 0.0114827649668, -0.00444765482098, 0.00164248142391, -0.00077037117444, -0.000263883150183], [-0.000166336860275, 0.00128616217989, -0.000151853790157, 0.000556728686206, -0.000682085577864, 0.000306256755721, -0.000146453618072, 0.000358656106982, -0.00444765482098, 0.0121084917337, -0.00711670564488, 0.00218609184958, -0.00101886247285], [-4.21462791564e-05, -0.00141978927422, -0.000138147646794, 0.000314494682243, 0.000827691052109, -0.000583457935136, -0.000473313732073, -0.000151941116201, 0.00164248142391, -0.00711670564488, 0.0151351774111, -0.00616846513003, 0.00183369941078], [-0.000127412451548, 0.000787904427852, -0.000317278638249, 8.77210623003e-05, 0.000108690284833, 0.000569794967305, -4.48037062597e-05, -0.000227683660341, -0.00077037117444, 0.00218609184958, -0.00616846513003, 0.0156932342798, -0.00643471581861], [1.59850078489e-05, -0.000343774416251, -2.02365790756e-05, -0.000382195808925, -0.000386933912523, 0.00105737755075, 0.000127508770674, 7.94219449745e-05, -0.000263883150183, -0.00101886247285, 0.00183369941078, -0.00643471581861, 0.0125356353819]], "mean": [-72.1796264648, 80.8166656494, -82.2343826294, 30.7712898254, -46.2788162231, 8.04217720032, -33.9176712036, -0.93905377388, -24.8061542511, 2.29846382141, -14.2966842651, -2.72342181206, -10.2167787552]}, "melbands_spread": {"min": 0.191169157624, "max": 308.344055176, "dvar2": 641.769348145, "median": 9.63600158691, "dmean2": 11.3729829788, "dmean": 7.39751291275, "var": 755.600463867, "dvar": 293.517242432, "mean": 18.6451129913}, "spectral_energy": {"min": 1.10718407718e-20, "max": 0.286960691214, "dvar2": 0.00227157166228, "median": 0.0162478405982, "dmean2": 0.0202174149454, "dmean": 0.0124702006578, "var": 0.001158636529, "dvar": 0.000867908005603, "mean": 0.0272524859756}, "mfcc": {"cov": [[15674.2861328, -2176.58642578, -1721.71850586, -666.753356934, -643.836425781, 54.627407074, -166.92767334, -130.40435791, -249.685836792, 143.663589478, 119.602416992, -16.2424221039, 65.3721847534], [-2176.58642578, 2454.5793457, 69.0070724487, 282.02734375, 392.402587891, 154.086410522, 226.052032471, 174.956481934, 119.161445618, 40.4159889221, 89.3757247925, 22.7112503052, 40.6033821106], [-1721.71850586, 69.0070724487, 1597.2220459, 402.911560059, 201.293533325, 156.908065796, 104.247047424, 94.8287811279, 55.8152580261, 17.4823513031, 10.9221591949, 22.4225311279, 12.0214099884], [-666.753356934, 282.02734375, 402.911560059, 614.42376709, 278.120849609, 96.9655227661, 93.0548706055, 96.1236114502, 133.436157227, 42.6519126892, 8.63014888763, 42.5025215149, 44.1633644104], [-643.836425781, 392.402587891, 201.293533325, 278.120849609, 483.47857666, 204.391891479, 170.488754272, 137.210678101, 163.846130371, 77.5788955688, 55.6698913574, 56.2086410522, 38.7874832153], [54.627407074, 154.086410522, 156.908065796, 96.9655227661, 204.391891479, 340.055084229, 178.950531006, 113.97530365, 87.1089859009, 73.8901138306, 71.931602478, 32.2833213806, 24.8434925079], [-166.92767334, 226.052032471, 104.247047424, 93.0548706055, 170.488754272, 178.950531006, 276.748626709, 137.869796753, 93.5972976685, 82.7593231201, 68.2287216187, 40.7544898987, 30.0238113403], [-130.40435791, 174.956481934, 94.8287811279, 96.1236114502, 137.210678101, 113.97530365, 137.869796753, 230.729751587, 126.107963562, 58.5003662109, 53.3758659363, 41.0481376648, 23.4860038757], [-249.685836792, 119.161445618, 55.8152580261, 133.436157227, 163.846130371, 87.1089859009, 93.5972976685, 126.107963562, 210.937911987, 90.2968139648, 36.9113464355, 41.236541748, 36.4683113098], [143.663589478, 40.4159889221, 17.4823513031, 42.6519126892, 77.5788955688, 73.8901138306, 82.7593231201, 58.5003662109, 90.2968139648, 162.610778809, 78.8200302124, 39.5410499573, 20.4645633698], [119.602416992, 89.3757247925, 10.9221591949, 8.63014888763, 55.6698913574, 71.931602478, 68.2287216187, 53.3758659363, 36.9113464355, 78.8200302124, 149.410263062, 59.6481552124, 20.6801700592], [-16.2424221039, 22.7112503052, 22.4225311279, 42.5025215149, 56.2086410522, 32.2833213806, 40.7544898987, 41.0481376648, 41.236541748, 39.5410499573, 59.6481552124, 121.742088318, 55.3205223083], [65.3721847534, 40.6033821106, 12.0214099884, 44.1633644104, 38.7874832153, 24.8434925079, 30.0238113403, 23.4860038757, 36.4683113098, 20.4645633698, 20.6801700592, 55.3205223083, 118.086425781]], "icov": [[9.32896218728e-05, 8.02443828434e-05, 0.000106985520688, -3.2586765883e-05, 6.95760681992e-05, -0.00012489479559, 4.60669980384e-05, -8.53429010022e-05, 0.00016019094619, -0.000134386893478, -6.96671704645e-05, 8.23816299089e-05, -0.000121832010336], [8.02443828434e-05, 0.000571202952415, 0.000147832237417, -0.000142278353451, -0.000300426443573, 3.92896690755e-05, -0.000207656485145, -0.000229316705372, 0.000259675987763, 9.55395880737e-05, -0.000367443193682, 0.000360520294635, -0.000215144318645], [0.000106985520688, 0.000147832237417, 0.000909178401344, -0.000574001751374, 6.52094022371e-05, -0.000390574685298, 1.65766487044e-05, -0.000277301936876, 0.00047375165741, -9.75443981588e-05, -5.0207512686e-05, 9.58400123636e-05, -4.17618975916e-05], [-3.2586765883e-05, -0.000142278353451, -0.000574001751374, 0.00269443215802, -0.00115778949112, 0.000335325923515, 6.87763240421e-05, 8.85677509359e-05, -0.000848900061101, 7.42616975913e-05, 0.000526456278749, -0.000266541261226, -0.000325688393787], [6.95760681992e-05, -0.000300426443573, 6.52094022371e-05, -0.00115778949112, 0.00446505332366, -0.00157769885845, -0.000578228384256, 0.000147209721035, -0.00168011570349, 0.000178516333108, 4.70489067084e-05, -0.000676747178659, 0.000270914635621], [-0.00012489479559, 3.92896690755e-05, -0.000390574685298, 0.000335325923515, -0.00157769885845, 0.00546234194189, -0.00228777201846, -0.00032546222792, -1.10631681309e-05, -3.75388772227e-05, -0.00101877679117, 0.000663863611408, -0.000137245922815], [4.60669980384e-05, -0.000207656485145, 1.65766487044e-05, 6.87763240421e-05, -0.000578228384256, -0.00228777201846, 0.00728031806648, -0.00256284838542, 0.000667759624775, -0.00167441868689, -0.000209687990719, -2.53335274465e-05, -0.000519044755492], [-8.53429010022e-05, -0.000229316705372, -0.000277301936876, 8.85677509359e-05, 0.000147209721035, -0.00032546222792, -0.00256284838542, 0.00838005822152, -0.00421802420169, 0.0014333166182, -0.00100837054197, -0.000765707169194, 0.000715788744856], [0.00016019094619, 0.000259675987763, 0.00047375165741, -0.000848900061101, -0.00168011570349, -1.10631681309e-05, 0.000667759624775, -0.00421802420169, 0.0106571335346, -0.00451664859429, 0.00154943135567, -9.7581440059e-05, -0.00141949544195], [-0.000134386893478, 9.55395880737e-05, -9.75443981588e-05, 7.42616975913e-05, 0.000178516333108, -3.75388772227e-05, -0.00167441868689, 0.0014333166182, -0.00451664859429, 0.0111882770434, -0.00454465672374, -0.000104560742329, 0.000414415233536], [-6.96671704645e-05, -0.000367443193682, -5.0207512686e-05, 0.000526456278749, 4.70489067084e-05, -0.00101877679117, -0.000209687990719, -0.00100837054197, 0.00154943135567, -0.00454465672374, 0.0115926889703, -0.00456950394437, 0.000845468486659], [8.23816299089e-05, 0.000360520294635, 9.58400123636e-05, -0.000266541261226, -0.000676747178659, 0.000663863611408, -2.53335274465e-05, -0.000765707169194, -9.7581440059e-05, -0.000104560742329, -0.00456950394437, 0.01331828814, -0.00522906892002], [-0.000121832010336, -0.000215144318645, -4.17618975916e-05, -0.000325688393787, 0.000270914635621, -0.000137245922815, -0.000519044755492, 0.000715788744856, -0.00141949544195, 0.000414415233536, 0.000845468486659, -0.00522906892002, 0.0113335289061]], "mean": [-729.688110352, 117.851257324, 22.3073425293, 29.4941921234, 9.77347278595, 10.6255092621, 3.39343571663, -2.00260901451, -4.03478765488, 0.962420403957, -2.8901553154, -4.02608823776, -3.65025401115]}, "spectral_contrast_valleys": {"min": [-27.1575031281, -27.1121959686, -27.0957012177, -27.2941646576, -27.4276046753, -27.2425231934], "max": [-4.91839551926, -4.33208179474, -4.99843978882, -4.69750928879, -5.22383785248, -6.66115856171], "dvar2": [0.374326884747, 0.51859587431, 0.347081243992, 0.356215804815, 0.405798584223, 0.419288903475], "median": [-7.52227973938, -7.65600681305, -8.38982105255, -8.65314102173, -8.49222183228, -10.5692558289], "dmean2": [0.642098069191, 0.6619810462, 0.553595125675, 0.517430365086, 0.470204204321, 0.439996123314], "dmean": [0.40720140934, 0.419868379831, 0.362230420113, 0.351047039032, 0.34140008688, 0.356901317835], "var": [2.22922182083, 1.58642530441, 1.7450991869, 2.14162421227, 2.3511826992, 2.47901129723], "dvar": [0.182607829571, 0.233641341329, 0.174836799502, 0.189197778702, 0.219402626157, 0.260541081429], "mean": [-7.73472166061, -7.83219099045, -8.60994243622, -8.89251804352, -8.73033618927, -10.741065979]}, "barkbands_flatness_db": {"min": 0.0197930522263, "max": 0.577324330807, "dvar2": 0.00203983066604, "median": 0.176126211882, "dmean2": 0.0397229008377, "dmean": 0.0272819176316, "var": 0.00794512871653, "dvar": 0.000990706845187, "mean": 0.188103243709}, "dynamic_complexity": 5.57674789429, "erbbands_flatness_db": {"min": 0.0297909099609, "max": 0.420928776264, "dvar2": 0.000990466447547, "median": 0.155028060079, "dmean2": 0.0286990702152, "dmean": 0.0204790886492, "var": 0.00307923858054, "dvar": 0.000537521496881, "mean": 0.158639490604}, "hfc": {"min": 1.22461747113e