{"lowlevel": {"spectral_complexity": {"min": 0, "max": 70, "dvar2": 78.7349624634, "median": 11, "dmean2": 6.38468313217, "dmean": 4.54254865646, "var": 182.868713379, "dvar": 45.2633590698, "mean": 14.6349668503}, "silence_rate_20dB": {"min": 1, "max": 1, "dvar2": 0, "median": 1, "dmean2": 0, "dmean": 0, "var": 0, "dvar": 0, "mean": 1}, "average_loudness": 0.875684440136, "erbbands_spread": {"min": 3.24951100349, "max": 199.660095215, "dvar2": 837.581970215, "median": 38.8976135254, "dmean2": 23.9429569244, "dmean": 15.7944164276, "var": 856.317321777, "dvar": 367.395568848, "mean": 47.4267158508}, "spectral_kurtosis": {"min": -1.26446127892, "max": 45.742816925, "dvar2": 11.5680389404, "median": 2.35484743118, "dmean2": 2.08358049393, "dmean": 1.31287503242, "var": 8.14409637451, "dvar": 4.67642450333, "mean": 2.98233437538}, "barkbands_kurtosis": {"min": -1.95629012585, "max": 1361.13305664, "dvar2": 1928.87646484, "median": 0.27544927597, "dmean2": 13.6744251251, "dmean": 8.31242656708, "var": 746.828796387, "dvar": 733.937866211, "mean": 8.46803760529}, "spectral_strongpeak": {"min": 0, "max": 13.5032081604, "dvar2": 1.54742884636, "median": 0.219179451466, "dmean2": 0.71436882019, "dmean": 0.418766409159, "var": 0.835362493992, "dvar": 0.583515167236, "mean": 0.564259409904}, "spectral_spread": {"min": 950600.8125, "max": 42202832, "dvar2": 2332310110210.0, "median": 5067140, "dmean2": 1290281.25, "dmean": 899877.8125, "var": 4446458216450.0, "dvar": 1150705598460.0, "mean": 5425437}, "spectral_rms": {"min": 3.19818368837e-12, "max": 0.0139211742207, "dvar2": 1.09923666969e-05, "median": 0.0025593014434, "dmean2": 0.00186240184121, "dmean": 0.00124553428032, "var": 6.49021922072e-06, "dvar": 4.65032780994e-06, "mean": 0.00321745336987}, "erbbands": {"min": [3.38706302764e-22, 1.54589847995e-21, 6.00036533618e-21, 2.36657423383e-20, 3.24991023178e-20, 1.11074458888e-19, 1.03045359187e-19, 1.16547822529e-19, 3.78806689434e-19, 3.69186966651e-19, 6.85337128679e-19, 4.79495197799e-19, 7.01665156982e-19, 1.34997995619e-18, 1.52997456088e-18, 2.14117934947e-18, 2.05521687906e-18, 2.67776396821e-18, 3.72196368627e-18, 4.88050292604e-18, 5.65887161065e-18, 5.99549358811e-18, 7.64140681762e-18, 8.9245939039e-18, 9.32730678512e-18, 8.984279121e-18, 1.24123223746e-17, 1.61058384924e-17, 1.40443125e-17, 1.26151073561e-17, 1.43791121986e-17, 1.21920656841e-17, 1.07234586189e-17, 9.92194542079e-18, 6.86896612287e-18, 4.80710057285e-18, 2.67060017051e-18, 1.30580851148e-18, 2.55572520445e-19, 2.90791014569e-20], "max": [2.50486278534, 34.8311271667, 69.1784896851, 311.861236572, 206.892196655, 68.0515975952, 46.563533783, 74.5218811035, 137.807281494, 275.253997803, 421.578277588, 427.52355957, 356.660675049, 546.072692871, 531.652404785, 761.283691406, 798.75579834, 1189.92602539, 1383.90808105, 1419.70788574, 511.389709473, 537.661987305, 634.070129395, 669.348999023, 832.447570801, 635.889587402, 351.086639404, 439.545013428, 305.711273193, 130.136550903, 119.828216553, 281.72744751, 63.8336486816, 27.981054306, 10.1889677048, 10.1600437164, 2.58842396736, 0.518240630627, 0.0905347317457, 0.00447414256632], "dvar2": [0.361244797707, 59.4575042725, 312.705871582, 2697.52075195, 1002.91094971, 93.3406677246, 40.5641098022, 36.9285888672, 66.8406066895, 145.34085083, 264.142791748, 269.163970947, 213.256317139, 1614.69702148, 530.088684082, 1613.32092285, 1498.57263184, 2789.47827148, 2628.93457031, 2942.10546875, 1427.10412598, 1409.13464355, 1136.41589355, 1092.66149902, 1748.19421387, 1220.91027832, 562.888183594, 530.305908203, 326.87878418, 152.476577759, 83.1050109863, 90.0801239014, 31.9588832855, 6.51340389252, 1.09734404087, 0.156584396958, 0.0134183289483, 0.00182607630268, 6.92424655426e-05, 3.57822955266e-07], "median": [0.0123977754265, 0.17110517621, 0.629953920841, 0.595263957977, 0.565129816532, 0.656594395638, 0.619963526726, 0.888322353363, 1.07230353355, 1.16387629509, 0.886368632317, 0.940554380417, 1.46566939354, 2.03864526749, 2.51487779617, 2.75474834442, 4.87759494781, 4.73491573334, 5.26759624481, 4.38676834106, 3.05852508545, 3.38788127899, 4.18365955353, 5.11892700195, 5.98013591766, 5.4616689682, 4.61623716354, 3.62728881836, 3.42466306686, 2.28623628616, 1.06495463848, 0.692537069321, 0.581349492073, 0.259250581264, 0.0822712481022, 0.0232098083943, 0.0057231169194, 0.00277296523564, 0.000429844716564, 2.79165542452e-05], "dmean2": [0.210260331631, 2.63840913773, 7.55139398575, 17.4605903625, 9.90522670746, 3.62962007523, 2.54109573364, 3.0461628437, 3.80828094482, 4.84669351578, 4.80617427826, 4.89457893372, 6.43050956726, 16.7315979004, 9.11471176147, 13.4350118637, 18.3638877869, 22.8642864227, 22.1379985809, 22.1010398865, 16.4639587402, 15.6638088226, 15.0814170837, 16.0554389954, 18.5652103424, 16.1800136566, 12.0993862152, 11.1147527695, 9.17556858063, 6.35380840302, 4.42732048035, 4.20220041275, 2.59000396729, 1.20722067356, 0.463835924864, 0.162872359157, 0.0466386154294, 0.0216662026942, 0.00413586199284, 0.000256959639955], "dmean": [0.120106518269, 1.4461504221, 4.1698718071, 10.1539831161, 5.51592159271, 2.01883149147, 1.45617520809, 1.78904604912, 2.28860259056, 2.96837067604, 3.04920125008, 3.07632780075, 4.10138607025, 11.0070734024, 5.76607847214, 8.17664813995, 11.4482479095, 14.5310211182, 14.3387508392, 14.453499794, 10.6583881378, 10.2040252686, 9.87494373322, 10.5906620026, 11.9647188187, 10.2670640945, 8.04537963867, 7.5373673439, 6.3362402916, 4.44068193436, 3.16311120987, 2.98642444611, 1.80051481724, 0.835604310036, 0.322406500578, 0.120768502355, 0.034501183778, 0.0145037025213, 0.00288438354619, 0.00018405445735], "var": [0.0938427299261, 13.2623128891, 73.7305908203, 805.556274414, 234.199874878, 23.2463855743, 12.0512876511, 18.9001636505, 37.443977356, 101.577880859, 159.692108154, 130.076416016, 172.412567139, 1613.15100098, 481.088867188, 928.758605957, 1265.62219238, 2383.69921875, 2413.22631836, 2541.00292969, 1226.12817383, 1384.95202637, 1299.03271484, 1342.67541504, 1459.4041748, 1228.68347168, 590.334289551, 653.870056152, 357.256134033, 160.942687988, 85.3276443481, 90.8420028687, 24.4401378632, 4.95446491241, 0.805579781532, 0.209881857038, 0.0189239736646, 0.0012387247989, 4.78633410239e-05, 2.6069579917e-07], "dvar": [0.135491192341, 21.3630657196, 112.745124817, 1045.26123047, 360.451690674, 32.8230171204, 14.3451910019, 13.702878952, 26.5447597504, 56.9531707764, 105.74307251, 104.617599487, 83.5919494629, 685.503967285, 221.946624756, 579.465515137, 611.125549316, 1116.45739746, 1209.30151367, 1260.93078613, 599.968933105, 607.823547363, 497.308776855, 505.804779053, 716.418884277, 491.750732422, 250.502304077, 247.821777344, 153.013641357, 71.4303741455, 41.246723175, 44.2353134155, 14.3673057556, 3.02984929085, 0.495217710733, 0.0860507488251, 0.00750641012564, 0.000817450578324, 3.31495502905e-05, 1.79643464548e-07], "mean": [0.0966349318624, 1.07038962841, 3.26902198792, 7.82635164261, 4.38420581818, 2.12765431404, 1.78978025913, 2.48510670662, 3.07857298851, 4.17389631271, 4.33283138275, 4.41177749634, 6.81004333496, 17.4880523682, 9.54896640778, 12.1575927734, 17.6245594025, 23.2092475891, 22.7204704285, 23.7999916077, 17.4229316711, 16.9829158783, 17.0221176147, 18.2430553436, 19.7086086273, 18.6407794952, 13.6193590164, 12.8392906189, 11.0411901474, 7.34335136414, 4.87476348877, 4.58166408539, 2.61531949043, 1.14115023613, 0.427492111921, 0.173641726375, 0.0504164919257, 0.0163525734097, 0.00319883157499, 0.000215099789784]}, "zerocrossingrate": {"min": 0, "max": 0.50439453125, "dvar2": 0.000729388615582, "median": 0.08447265625, "dmean2": 0.0236218590289, "dmean": 0.0200942717493, "var": 0.00343551742844, "dvar": 0.000529002747498, "mean": 0.0926505550742}, "spectral_contrast_coeffs": {"min": [-0.968078553677, -0.976779222488, -0.984434127808, -0.983797252178, -0.979252159595, -0.974197804928], "max": [-0.309607714415, -0.378188401461, -0.418102234602, -0.492397576571, -0.556720912457, -0.592118561268], "dvar2": [0.00647754967213, 0.00412802025676, 0.00322914356366, 0.00225221505389, 0.0013496002648, 0.00116268079728], "median": [-0.702566742897, -0.753581523895, -0.786972105503, -0.783249080181, -0.798079133034, -0.757275342941], "dmean2": [0.0881171524525, 0.0764597505331, 0.06833704561, 0.0566967651248, 0.0408248342574, 0.0366791710258], "dmean": [0.0562326274812, 0.0476444028318, 0.0436579287052, 0.0367887578905, 0.0264000799507, 0.0240968205035], "var": [0.011332610622, 0.0062793768011, 0.00681338552386, 0.00578378466889, 0.00336620770395, 0.00231338269077], "dvar": [0.00293027609587, 0.00169657729566, 0.00141784700099, 0.00104875478428, 0.000629564339761, 0.000529617129359], "mean": [-0.680607914925, -0.747043669224, -0.779269099236, -0.776320278645, -0.793836832047, -0.757954835892]}, "dissonance": {"min": 0.239513754845, "max": 0.500000119209, "dvar2": 0.000542207970284, "median": 0.482796102762, "dmean2": 0.0219807755202, "dmean": 0.0135926781222, "var": 0.000571407028474, "dvar": 0.000225359515753, "mean": 0.475436985493}, "spectral_energyband_high": {"min": 7.37588712719e-21, "max": 0.0192308221012, "dvar2": 2.81057555185e-06, "median": 0.000449263374321, "dmean2": 0.000927261600737, "dmean": 0.000690350891091, "var": 4.49538720204e-06, "dvar": 1.52123016051e-06, "mean": 0.00131940329447}, "spectral_skewness": {"min": -0.294410645962, "max": 5.86040687561, "dvar2": 0.201608523726, "median": 1.10789752007, "dmean2": 0.363521575928, "dmean": 0.23748126626, "var": 0.224320992827, "dvar": 0.0870454087853, "mean": 1.16916632652}, "spectral_flux": {"min": 6.50700812677e-11, "max": 0.403953909874, "dvar2": 0.00779556529596, "median": 0.0481027923524, "dmean2": 0.0572845004499, "dmean": 0.0377826020122, "var": 0.00635406281799, "dvar": 0.00396845955402, "mean": 0.0760157108307}, "silence_rate_30dB": {"min": 0, "max": 1, "dvar2": 0.0426011867821, "median": 1, "dmean2": 0.0309151597321, "dmean": 0.0154562219977, "var": 0.00913438480347, "dvar": 0.0152183147147, "mean": 0.9907797575}, "spectral_energyband_middle_high": {"min": 1.30690255477e-21, "max": 0.0518824718893, "dvar2": 1.47820856e-05, "median": 0.00154584122356, "dmean2": 0.00223750970326, "dmean": 0.00157926976681, "var": 2.96674370475e-05, "dvar": 7.32040916773e-06, "mean": 0.00373431388289}, "barkbands_spread": {"min": 0.166446879506, "max": 139.325546265, "dvar2": 456.220214844, "median": 31.2322692871, "dmean2": 18.1199169159, "dmean": 11.7091560364, "var": 457.718170166, "dvar": 190.413650513, "mean": 33.52526474}, "spectral_centroid": {"min": 128.293167114, "max": 11542.4345703, "dvar2": 623860.875, "median": 2135.90185547, "dmean2": 678.125610352, "dmean": 443.358947754, "var": 1054964.625, "dvar": 271260.4375, "mean": 2067.58178711}, "pitch_salience": {"min": 0.0317400582135, "max": 0.943033397198, "dvar2": 0.0258883200586, "median": 0.556421101093, "dmean2": 0.14820201695, "dmean": 0.0913917198777, "var": 0.0179146304727, "dvar": 0.00981036666781, "mean": 0.542994916439}, "erbbands_skewness": {"min": -5.02497291565, "max": 5.41143083572, "dvar2": 0.611755609512, "median": -0.214960634708, "dmean2": 0.715035676956, "dmean": 0.479412913322, "var": 1.00263726711, "dvar": 0.285744279623, "mean": -0.152374133468}, "erbbands_crest": {"min": 2.23988246918, "max": 28.6478252411, "dvar2": 13.9884271622, "median": 7.2110657692, "dmean2": 4.00271701813, "dmean": 2.44451713562, "var": 12.1764440536, "dvar": 5.35452365875, "mean": 8.02739620209}, "melbands": {"min": [3.32194691443e-24, 3.27511066476e-24, 3.85648498026e-24, 4.70879239037e-24, 4.22509009899e-24, 2.36724318946e-24, 5.99952423691e-24, 3.99438141637e-24, 6.69142979814e-24, 2.81029567561e-24, 3.19242877278e-24, 4.89561516311e-24, 5.38743719979e-24, 5.89439668837e-24, 4.2431625079e-24, 3.08223693445e-24, 4.57138741461e-24, 4.15621623107e-24, 5.50367900961e-24, 7.21901602725e-24, 6.03516023944e-24, 6.91171131732e-24, 4.43779263701e-24, 6.6706149143e-24, 7.02498543242e-24, 5.46311814845e-24, 5.44676821733e-24, 5.53716142187e-24, 7.43207473598e-24, 6.89944216366e-24, 8.87122760639e-24, 6.94738360745e-24, 5.6318480019e-24, 5.88946709658e-24, 7.85440640994e-24, 7.2885651601e-24, 7.24975320356e-24, 6.72052377719e-24, 7.05490929314e-24, 8.51624966537e-24], "max": [0.0301184933633, 0.0395727939904, 0.0475509166718, 0.00896167103201, 0.00184286141302, 0.00148303154856, 0.00215147947893, 0.00409988500178, 0.00478381011635, 0.00225487840362, 0.00186280300841, 0.00230551976711, 0.0018839869881, 0.00254454836249, 0.00207377737388, 0.00248201470822, 0.00201225839555, 0.00244952295907, 0.00256411731243, 0.0010432980489, 0.000568785471842, 0.000595425954089, 0.00148094072938, 0.000523019873071, 0.000640767801087, 0.000814257015008, 0.00066902465187, 0.000371359928977, 0.000223358991207, 0.000249717821134, 0.000281149870716, 0.000180263683433, 0.00010960164218, 9.80848999461e-05, 9.08733709366e-05, 9.97894749162e-05, 0.000199096946744, 5.59841391805e-05, 4.4566251745e-05, 1.86657398444e-05], "dvar2": [5.06931319251e-05, 8.97065474419e-05, 6.38596102362e-05, 1.61584387115e-06, 6.18397635321e-08, 1.74314287449e-08, 1.52398502706e-08, 1.98535534679e-08, 2.27942731357e-08, 8.66595772919e-09, 6.05960792655e-09, 2.91680066766e-08, 4.987900315e-09, 1.59364130781e-08, 9.65347890514e-09, 8.84908946119e-09, 1.09080700028e-08, 6.81536693747e-09, 8.46851300196e-09, 4.74130290584e-09, 2.07128603158e-09, 1.64766189581e-09, 3.0970737086e-09, 7.3863654082e-10, 8.8078161431e-10, 1.17974963132e-09, 8.33238922304e-10, 6.06895422806e-10, 2.61536931001e-10, 2.36512975871e-10, 2.08480788189e-10, 1.47197448674e-10, 7.63157037564e-11, 5.07477081191e-11, 3.68714156429e-11, 2.90362265482e-11, 4.30755153769e-11, 2.00752140606e-11, 1.22091460206e-11, 3.60843776734e-12], "median": [0.000169375212863, 0.000329919625074, 0.000112901805551, 4.74200242024e-05, 2.36759115069e-05, 2.01818838832e-05, 1.58934781211e-05, 1.20189588415e-05, 6.64868457534e-06, 5.46373212273e-06, 6.67605218041e-06, 6.91686955179e-06, 6.92458797857e-06, 6.54241057418e-06, 8.17490399641e-06, 9.33231785893e-06, 7.40605810279e-06, 6.98623762219e-06, 6.24592712484e-06, 4.33842524217e-06, 2.90046637019e-06, 2.75910724667e-06, 3.66242602468e-06, 2.95119752991e-06, 3.78319737138e-06, 4.10337497669e-06, 3.56686109626e-06, 3.36290554515e-06, 2.58112049778e-06, 2.2706440177e-06, 1.88719263861e-06, 1.88095418707e-06, 1.6728307628e-06, 1.05413892015e-06, 6.14946941369e-07, 3.87376957178e-07, 4.05433752348e-07, 3.89678405099e-07, 3.50497685986e-07, 1.57374955734e-07], "dmean2": [0.00244123372249, 0.00391293177381, 0.00270816474222, 0.000428763800301, 9.5800118288e-05, 6.74051480019e-05, 5.79668885621e-05, 5.29265671503e-05, 3.99298369302e-05, 3.06946785713e-05, 3.37344499712e-05, 7.06404753146e-05, 2.94148703688e-05, 3.72738250007e-05, 3.8353522541e-05, 4.12327390222e-05, 4.49554609077e-05, 3.51587768819e-05, 3.47664463334e-05, 2.84829366137e-05, 1.93911910173e-05, 1.59810115292e-05, 2.00959657377e-05, 1.21924085761e-05, 1.40474758155e-05, 1.53441378643e-05, 1.24572907225e-05, 1.13092391985e-05, 7.97385200713e-06, 7.6468086263e-06, 6.76414902046e-06, 5.83774135521e-06, 4.6361205932e-06, 3.46310980603e-06, 2.78252036878e-06, 2.52678682955e-06, 2.79654386759e-06, 1.97338476937e-06, 1.60276545103e-06, 8.73215356023e-07], "dmean": [0.00136760051828, 0.00216836109757, 0.00157288974151, 0.000235953717493, 5.44272588741e-05, 3.96715404349e-05, 3.49706569978e-05, 3.26811568812e-05, 2.5370682124e-05, 1.9289800548e-05, 2.14451010834e-05, 4.63689939352e-05, 1.87145360542e-05, 2.25544517889e-05, 2.358371421e-05, 2.59602929873e-05, 2.83140361717e-05, 2.27574055316e-05, 2.27583041124e-05, 1.82744734047e-05, 1.25085252876e-05, 1.0265974197e-05, 1.30526150315e-05, 7.82029019319e-06, 9.12890754989e-06, 9.81051925919e-06, 7.98260407464e-06, 7.10067297405e-06, 5.15257261213e-06, 5.08252014697e-06, 4.48441051049e-06, 3.94279095417e-06, 3.13181817546e-06, 2.36631103689e-06, 1.92880088434e-06, 1.78822836006e-06, 1.9438803065e-06, 1.33459559493e-06, 1.08275003186e-06, 5.95665824221e-07], "var": [1.22816536532e-05, 2.07716784644e-05, 1.89646016224e-05, 3.64734916047e-07, 1.67021187991e-08, 9.1998737517e-09, 9.04784780431e-09, 1.4706525775e-08, 1.21084307025e-08, 4.49410153536e-09, 4.61539650942e-09, 2.96106712483e-08, 4.57036986035e-09, 8.05399036352e-09, 7.06032077247e-09, 7.18971326918e-09, 8.9025355976e-09, 5.70417180157e-09, 6.96401514233e-09, 3.64272079167e-09, 1.63416169485e-09, 1.30745869686e-09, 3.01519564871e-09, 7.41536720916e-10, 9.84341497201e-10, 9.50404199784e-10, 6.43164188574e-10, 5.67368763082e-10, 2.15486517519e-10, 2.55679255545e-10, 2.2962425017e-10, 1.42774708722e-10, 7.10922848368e-11, 4.45205747268e-11, 2.96371711894e-11, 3.03744598917e-11, 3.80727567528e-11, 1.44097433638e-11, 7.46831849835e-12, 2.71857406378e-12], "dvar": [1.86380329978e-05, 3.23347303492e-05, 2.46823528869e-05, 5.68657640088e-07, 2.16800888353e-08, 6.48690123839e-09, 6.12999784266e-09, 7.83051934405e-09, 8.96100527115e-09, 3.38448447046e-09, 2.36884711846e-09, 1.24211059216e-08, 2.22252816151e-09, 5.38452571419e-09, 3.98776744959e-09, 3.70298613994e-09, 4.31548619062e-09, 3.07581582426e-09, 3.77233355664e-09, 1.92199789417e-09, 8.60095550337e-10, 6.83465173346e-10, 1.33745503561e-09, 3.20424908828e-10, 3.98348104502e-10, 4.88321216796e-10, 3.32260552405e-10, 2.42167869091e-10, 1.09764086709e-10, 1.06214065321e-10, 9.44777867051e-11, 6.55387757953e-11, 3.50166493024e-11, 2.25407748022e-11, 1.67869572409e-11, 1.46534711448e-11, 1.99287530922e-11, 8.65481124268e-12, 5.44876036651e-12, 1.64706746505e-12], "mean": [0.00106709671672, 0.00168568687513, 0.00122864416335, 0.000213836377952, 6.51590962661e-05, 5.58374813409e-05, 4.74809712614e-05, 4.64699696749e-05, 3.55672564183e-05, 2.731405948e-05, 3.40617443726e-05, 7.30697793188e-05, 2.87147231575e-05, 3.24475804518e-05, 3.45334156009e-05, 3.80858218705e-05, 4.36820700997e-05, 3.4099946788e-05, 3.49199326592e-05, 2.81795910269e-05, 1.9014119971e-05, 1.59047285706e-05, 2.08160054171e-05, 1.25482220028e-05, 1.48628087118e-05, 1.50601536006e-05, 1.29325653688e-05, 1.21734801724e-05, 8.0458503362e-06, 8.14423401607e-06, 7.26123607819e-06, 6.56362863083e-06, 5.0420799198e-06, 3.67967777493e-06, 2.81175471173e-06, 2.60216347669e-06, 2.89780359708e-06, 1.92946868083e-06, 1.3854187273e-06, 8.01302064701e-07]}, "spectral_entropy": {"min": 4.81004714966, "max": 9.81020450592, "dvar2": 0.156533271074, "median": 7.93117952347, "dmean2": 0.322861820459, "dmean": 0.225390687585, "var": 0.248633623123, "dvar": 0.0732440128922, "mean": 7.82731771469}, "spectral_rolloff": {"min": 21.533203125, "max": 19121.484375, "dvar2": 6261168, "median": 2110.25390625, "dmean2": 1763.32128906, "dmean": 1070.1270752, "var": 6234027, "dvar": 2765903.25, "mean": 2596.43847656}, "barkbands": {"min": [2.58746317748e-24, 1.16080961089e-23, 6.62180414579e-24, 6.56278788375e-24, 1.98475321161e-23, 1.0702482212e-23, 1.99388348773e-23, 1.78382765692e-23, 1.90975320768e-23, 2.94413208129e-23, 3.58897506867e-23, 5.53276431119e-23, 3.35164973632e-23, 3.26073951234e-23, 7.40384329744e-23, 9.52016273082e-23, 1.28235045186e-22, 1.24082683329e-22, 1.4491325604e-22, 2.18211926812e-22, 3.30982205921e-22, 3.86418326873e-22, 5.07038592404e-22, 6.84493370526e-22, 9.35934365342e-22, 1.50510985255e-21, 2.19292022542e-21], "max": [0.0123708983883, 0.133815690875, 0.0783984214067, 0.124029204249, 0.0291986595839, 0.00662128115073, 0.00954049825668, 0.0222956743091, 0.0231163483113, 0.0145666208118, 0.0123346447945, 0.0189206618816, 0.0190998241305, 0.017216945067, 0.0264324247837, 0.0123091852292, 0.0126543603837, 0.0132482238114, 0.0191113613546, 0.0120764058083, 0.00895725935698, 0.00605854578316, 0.00494435476139, 0.00842417310923, 0.0015485540498, 0.00186148262583, 0.000448844977655], "dvar2": [6.10655206401e-07, 0.000916652788874, 0.000313285010634, 0.000371293979697, 1.6239224351e-05, 4.54023961538e-07, 3.91658602439e-07, 5.29757755885e-07, 6.10801691892e-07, 9.90369585452e-07, 3.09054001946e-07, 1.05561832697e-06, 8.92079697223e-07, 9.71175836639e-07, 1.30761054606e-06, 7.06785897364e-07, 5.51377638658e-07, 3.81832109042e-07, 6.65218010454e-07, 4.95123572364e-07, 3.1616752949e-07, 2.13223245282e-07, 1.05770190828e-07, 1.43045696177e-07, 3.18141530897e-08, 4.80045292406e-09, 2.41090947206e-09], "median": [0.000151622691192, 0.000647296779789, 0.000557529157959, 0.000105778970465, 0.000217406428419, 0.000106035382487, 6.86507628416e-05, 3.69599656551e-05, 3.82738144253e-05, 5.22127229488e-05, 4.42005111836e-05, 4.97526707477e-05, 9.18125369935e-05, 8.07829346741e-05, 7.86125310697e-05, 5.5301876273e-05, 5.13046688866e-05, 7.56209919928e-05, 0.000111027380626, 0.000108836131403, 9.79042379186e-05, 9.41282560234e-05, 4.21615841333e-05, 3.73374496121e-05, 1.6897374735e-05, 3.84366376238e-06, 2.61411628344e-06], "dmean2": [0.000369993416825, 0.0103056812659, 0.00761016365141, 0.00585357472301, 0.00140172033571, 0.00034308177419, 0.000286853668513, 0.000240503097302, 0.0002284055372, 0.000429548497777, 0.00023574961233, 0.000324664200889, 0.00041675491957, 0.000445746351033, 0.000462169118691, 0.00036199146416, 0.000308266375214, 0.000280098582152, 0.000370978552382, 0.000327788176946, 0.000289156771032, 0.000242766080191, 0.000159006740432, 0.000176349174581, 8.35398168419e-05, 2.84220659523e-05, 2.53540492849e-05], "dmean": [0.000285496673314, 0.00569246010855, 0.00427442602813, 0.00334382127039, 0.000769278849475, 0.000201959803235, 0.000172598331119, 0.000151090382133, 0.000143952347571, 0.00027861376293, 0.000149111336214, 0.000195404762053, 0.000259351334535, 0.000283110857708, 0.000303316162899, 0.000233043872868, 0.000199804941076, 0.000181038951268, 0.000242418653215, 0.000207475066418, 0.000195241344045, 0.000169042163179, 0.000112457746582, 0.000124964557472, 5.83888540859e-05, 2.14292285818e-05, 1.76905377884e-05], "var": [4.30466229773e-07, 0.000212120299693, 8.51649674587e-05, 9.91760753095e-05, 3.68437986253e-06, 2.30515027511e-07, 2.30793574474e-07, 3.90768576608e-07, 2.74061164873e-07, 1.02118860923e-06, 2.334291338e-07, 5.60222531476e-07, 6.80462164837e-07, 8.1461831769e-07, 1.18800346627e-06, 5.5100923646e-07, 5.51803395865e-07, 3.70343798295e-07, 6.38196127056e-07, 4.483769942e-07, 3.77096512238e-07, 2.551749958e-07, 1.04615970997e-07, 1.38197577826e-07, 2.49479725767e-08, 7.3718773308e-09, 1.74998759928e-09], "dvar": [2.93861802447e-07, 0.000332856667228, 0.000117256466183, 0.000139261959703, 5.66967264604e-06, 1.67651535321e-07, 1.58534803063e-07, 2.1672755679e-07, 2.32542191725e-07, 4.17072072878e-07, 1.34896197324e-07, 3.71213559447e-07, 3.61936145055e-07, 3.8901850985e-07, 6.01316401116e-07, 2.8916787187e-07, 2.40097023152e-07, 1.57747408025e-07, 2.83331218043e-07, 2.00079881552e-07, 1.45808584762e-07, 1.02611863895e-07, 5.14012334918e-08, 6.86494630031e-08, 1.48385410625e-08, 2.79207945653e-09, 1.17353782247e-09], "mean": [0.000397429917939, 0.00427534384653, 0.00337842362933, 0.00245483312756, 0.0007644824218, 0.000288135081064, 0.000225203853915, 0.000210717276786, 0.0002028720628, 0.000447780999821, 0.00020492936892, 0.000273716956144, 0.000373438873794, 0.000441143871285, 0.000463070260594, 0.000360228819773, 0.000318911217619, 0.000298564089462, 0.000394601054722, 0.000366897060303, 0.0003278174554, 0.000297527440125, 0.000175192748429, 0.000191783896298, 7.92580758571e-05, 3.13569362334e-05, 1.96276796487e-05]}, "melbands_flatness_db": {"min": 0.0043743965216, "max": 0.554784536362, "dvar2": 0.00533999921754, "median": 0.156506538391, "dmean2": 0.0637236386538, "dmean": 0.0426265858114, "var": 0.00932359322906, "dvar": 0.00218385551125, "mean": 0.179704174399}, "melbands_skewness": {"min": -3.42684578896, "max": 23.6479663849, "dvar2": 9.86991596222, "median": 2.26361656189, "dmean2": 2.34346485138, "dmean": 1.53211724758, "var": 10.8211898804, "dvar": 4.17316198349, "mean": 3.35313224792}, "barkbands_skewness": {"min": -8.64783382416, "max": 27.8188819885, "dvar2": 4.8727221489, "median": 0.908720970154, "dmean2": 1.57143568993, "dmean": 1.03571343422, "var": 5.06704330444, "dvar": 2.01363801956, "mean": 1.53084301949}, "silence_rate_60dB": {"min": 0, "max": 1, "dvar2": 0.165190681815, "median": 0, "dmean2": 0.18197786808, "dmean": 0.0909809395671, "var": 0.200781047344, "dvar": 0.0827112421393, "mean": 0.278099745512}, "spectral_energyband_low": {"min": 2.94356599471e-23, "max": 0.176377952099, "dvar2": 0.00219531147741, "median": 0.00173886422999, "dmean2": 0.0207950789481, "dmean": 0.0118996547535, "var": 0.000591122370679, "dvar": 0.000823487585876, "mean": 0.00956555455923}, "spectral_energyband_middle_low": {"min": 2.43462872139e-22, "max": 0.13733933866, "dvar2": 0.000483432377223, "median": 0.00129032763653, "dmean2": 0.00746482238173, "dmean": 0.00435362802818, "var": 0.00013876662706, "dvar": 0.000183221447514, "mean": 0.00420043291524}, "melbands_kurtosis": {"min": -1.90382230282, "max": 930.811401367, "dvar2": 8359.88769531, "median": 5.41010951996, "dmean2": 40.0420265198, "dmean": 24.5518302917, "var": 4648.97119141, "dvar": 3291.70458984, "mean": 31.3668766022}, "spectral_decrease": {"min": -5.11840916317e-08, "max": 3.77092367748e-12, "dvar2": 1.81708803333e-16, "median": -1.55318002903e-09, "dmean2": 6.35740216026e-09, "dmean": 3.79529385697e-09, "var": 5.80089984532e-17, "dvar": 6.97666363242e-17, "mean": -4.1495011871e-09}, "erbbands_kurtosis": {"min": -1.895622015, "max": 36.8394889832, "dvar2": 14.3362197876, "median": -0.0803227424622, "dmean2": 2.17795681953, "dmean": 1.38896358013, "var": 10.4249706268, "dvar": 6.42119216919, "mean": 0.787431716919}, "melbands_crest": {"min": 1.84149026871, "max": 38.8500061035, "dvar2": 33.6075210571, "median": 13.9484834671, "dmean2": 5.92652988434, "dmean": 3.70280814171, "var": 39.6143417358, "dvar": 14.6982183456, "mean": 14.8235836029}, "gfcc": {"cov": [[13401.1894531, -663.56439209, -2138.22949219, -230.937408447, -368.924987793, 143.177368164, 109.122596741, 85.2451095581, -266.051605225, -176.784835815, -263.301605225, -69.0240936279, -185.522216797], [-663.56439209, 2377.71777344, 335.189331055, 301.735961914, 458.532836914, -59.0991706848, 27.3794536591, -178.573028564, -49.3118209839, -100.320549011, -30.5992164612, -117.536949158, -47.4843902588], [-2138.22949219, 335.189331055, 2303.2722168, 618.873413086, 327.320343018, 94.3935317993, -132.737182617, -151.005767822, -62.0760116577, -99.1194000244, -85.5386276245, -70.5614089966, -92.9293365479], [-230.937408447, 301.735961914, 618.873413086, 680.797912598, 212.052215576, 31.09557724, -32.0542793274, -73.7501602173, -23.069852829, -36.0756874084, -73.0729217529, -66.716255188, -51.3428573608], [-368.924987793, 458.532836914, 327.320343018, 212.052215576, 553.386291504, 114.973228455, -20.8534603119, -38.587223053, 24.9526767731, -28.9766025543, -67.129196167, -54.4608650208, -19.4167671204], [143.177368164, -59.0991706848, 94.3935317993, 31.09557724, 114.973228455, 236.171905518, 78.9141159058, 2.24927282333, -9.78832626343, 12.6875772476, 2.82217478752, 0.670880198479, -20.9206752777], [109.122596741, 27.3794536591, -132.737182617, -32.0542793274, -20.8534603119, 78.9141159058, 216.216278076, 64.767036438, 3.94905400276, 24.8127250671, 40.79870224, 8.89066410065, -8.4547328949], [85.2451095581, -178.573028564, -151.005767822, -73.7501602173, -38.587223053, 2.24927282333, 64.767036438, 157.359725952, 68.0704116821, 22.2159061432, -5.2217130661, 13.3397016525, 20.2700614929], [-266.051605225, -49.3118209839, -62.0760116577, -23.069852829, 24.9526767731, -9.78832626343, 3.94905400276, 68.0704116821, 144.012390137, 56.8055000305, -1.47803294659, 0.623032867908, 26.0144481659], [-176.784835815, -100.320549011, -99.1194000244, -36.0756874084, -28.9766025543, 12.6875772476, 24.8127250671, 22.2159061432, 56.8055000305, 123.188896179, 68.1126327515, 25.2500572205, 12.9494600296], [-263.301605225, -30.5992164612, -85.5386276245, -73.0729217529, -67.129196167, 2.82217478752, 40.79870224, -5.2217130661, -1.47803294659, 68.1126327515, 154.066604614, 66.9176330566, 16.5286483765], [-69.0240936279, -117.536949158, -70.5614089966, -66.716255188, -54.4608650208, 0.670880198479, 8.89066410065, 13.3397016525, 0.623032867908, 25.2500572205, 66.9176330566, 104.436309814, 46.8374176025], [-185.522216797, -47.4843902588, -92.9293365479, -51.3428573608, -19.4167671204, -20.9206752777, -8.4547328949, 20.2700614929, 26.0144481659, 12.9494600296, 16.5286483765, 46.8374176025, 90.3738098145]], "icov": [[0.000112906083814, 9.59624503594e-06, 0.000142332006362, -6.37349003227e-05, 5.32674494025e-05, -0.00012537233124, 4.73713298561e-05, -6.02025320404e-05, 0.000198859634111, 5.20670218975e-05, 0.000265463022515, -0.000150779262185, 0.000312213000143], [9.59624503594e-06, 0.000660856487229, 2.41916914092e-05, -7.82046263339e-05, -0.000582499953452, 0.000593321979977, -0.000595399527811, 0.000773848209064, -0.000167308273376, 0.000541624147445, -0.000426042301115, 0.000551887671463, -0.000107246858533], [0.000142332006362, 2.41916914092e-05, 0.000821865804028, -0.000570901029278, -5.30471697857e-05, -0.000398929754738, 0.000409397820476, 0.000105812730908, 0.000127792285639, 0.000483956973767, 0.000159725881531, -0.000327401503455, 0.000770821003243], [-6.37349003227e-05, -7.82046263339e-05, -0.000570901029278, 0.00225086743012, -0.000467823003419, 0.000329061964294, -0.000357365614036, 0.000519265653566, 4.11915571021e-05, -0.000566128233913, 0.000628997455351, 0.000311666401103, 0.000138245057315], [5.32674494025e-05, -0.000582499953452, -5.30471697857e-05, -0.000467823003419, 0.00311785540543, -0.00196817331016, 0.000844101479743, -0.000135847963975, -0.000857719220221, 0.000183505835594, 0.000728263345081, 0.00022223374981, -0.000221105889068], [-0.00012537233124, 0.000593321979977, -0.000398929754738, 0.000329061964294, -0.00196817331016, 0.00669497344643, -0.0030910379719, 0.00113097915892, 0.000478223897517, -0.00103733979631, 0.000445644982392, -0.000804228999186, 0.000761505274568], [4.73713298561e-05, -0.000595399527811, 0.000409397820476, -0.000357365614036, 0.000844101479743, -0.0030910379719, 0.00771959172562, -0.00417801225558, 0.00132095161825, -0.000182441333891, -0.00206049368717, 0.000764374912251, 0.000754050794058], [-6.02025320404e-05, 0.000773848209064, 0.000105812730908, 0.000519265653566, -0.000135847963975, 0.00113097915892, -0.00417801225558, 0.0116504738107, -0.00536392861977, 0.00115254695993, 0.00176774605643, -0.00116483494639, -0.000425255915616], [0.000198859634111, -0.000167308273376, 0.000127792285639, 4.11915571021e-05, -0.000857719220221, 0.000478223897517, 0.00132095161825, -0.00536392861977, 0.0129510778934, -0.00648733740672, 0.00217061000876, 0.00122013757937, -0.00209959037602], [5.20670218975e-05, 0.000541624147445, 0.000483956973767, -0.000566128233913, 0.000183505835594, -0.00103733979631, -0.000182441333891, 0.00115254695993, -0.00648733740672, 0.0154537102208, -0.00709826173261, 0.00125466450118, 0.000392245507101], [0.000265463022515, -0.000426042301115, 0.000159725881531, 0.000628997455351, 0.000728263345081, 0.000445644982392, -0.00206049368717, 0.00176774605643, 0.00217061000876, -0.00709826173261, 0.0146456891671, -0.00827744510025, 0.00251665036194], [-0.000150779262185, 0.000551887671463, -0.000327401503455, 0.000311666401103, 0.00022223374981, -0.000804228999186, 0.000764374912251, -0.00116483494639, 0.00122013757937, 0.00125466450118, -0.00827744510025, 0.0193140339106, -0.00901167280972], [0.000312213000143, -0.000107246858533, 0.000770821003243, 0.000138245057315, -0.000221105889068, 0.000761505274568, 0.000754050794058, -0.000425255915616, -0.00209959037602, 0.000392245507101, 0.00251665036194, -0.00901167280972, 0.0175738967955]], "mean": [-58.5744819641, 42.9179420471, -106.947639465, 45.8296852112, -47.3381309509, 18.5061798096, -28.4516239166, 1.75584948063, -18.7327136993, 4.21085596085, -10.1305437088, -2.80448031425, -9.95228767395]}, "melbands_spread": {"min": 0.326050072908, "max": 296.161804199, "dvar2": 1362.67236328, "median": 35.1283721924, "dmean2": 25.544626236, "dmean": 16.4089221954, "var": 1475.29064941, "dvar": 608.31829834, "mean": 41.3225975037}, "spectral_energy": {"min": 1.04840885569e-20, "max": 0.198644086719, "dvar2": 0.00268709147349, "median": 0.00671377405524, "dmean2": 0.0247519351542, "dmean": 0.0149612268433, "var": 0.000907580717467, "dvar": 0.00103968894109, "mean": 0.0172633081675}, "mfcc": {"cov": [[14013.7597656, -871.409790039, -2195.63598633, -583.530334473, -874.34967041, -147.237808228, -51.6849746704, 188.323959351, -54.6029624939, 75.6692810059, -299.323913574, 59.0538825989, -238.276000977], [-871.409790039, 1891.19311523, 163.544464111, 274.211883545, 339.854736328, 157.616394043, 95.8822097778, -31.2773799896, 10.2382307053, -108.970085144, -29.0774841309, -30.6551055908, 36.982006073], [-2195.63598633, 163.544464111, 1651.53942871, 518.402099609, 383.379608154, 188.923721313, 74.069519043, -12.1278953552, -45.3243484497, -89.7096405029, -33.632938385, -25.5173339844, -2.20102477074], [-583.530334473, 274.211883545, 518.402099609, 633.277587891, 299.566864014, 136.467987061, 12.3743314743, -11.1202716827, 19.8647594452, -20.3447113037, -60.6376838684, -1.34199535847, 7.37600660324], [-874.34967041, 339.854736328, 383.379608154, 299.566864014, 572.743530273, 196.415435791, 6.43723726273, -7.35348844528, 66.555229187, -27.4039669037, -44.2587776184, -16.8946380615, 9.05632305145], [-147.237808228, 157.616394043, 188.923721313, 136.467987061, 196.415435791, 271.913909912, 104.191673279, 11.6453399658, 3.43686890602, -9.20687103271, -0.584643244743, 12.0515556335, 10.5461111069], [-51.6849746704, 95.8822097778, 74.069519043, 12.3743314743, 6.43723726273, 104.191673279, 198.117385864, 55.3304824829, -21.2397556305, -10.5234146118, 25.0851192474, 17.6420783997, 9.5450925827], [188.323959351, -31.2773799896, -12.1278953552, -11.1202716827, -7.35348844528, 11.6453399658, 55.3304824829, 123.951393127, 54.0175590515, 15.9791469574, -2.42958927155, 1.21617019176, -5.92368888855], [-54.6029624939, 10.2382307053, -45.3243484497, 19.8647594452, 66.555229187, 3.43686890602, -21.2397556305, 54.0175590515, 160.347244263, 70.2531585693, -5.83028078079, -18.0640640259, 4.81803607941], [75.6692810059, -108.970085144, -89.7096405029, -20.3447113037, -27.4039669037, -9.20687103271, -10.5234146118, 15.9791469574, 70.2531585693, 126.847084045, 35.3243103027, 4.24990558624, -2.04750847816], [-299.323913574, -29.0774841309, -33.632938385, -60.6376838684, -44.2587776184, -0.584643244743, 25.0851192474, -2.42958927155, -5.83028078079, 35.3243103027, 112.582344055, 33.6171226501, 15.4102954865], [59.0538825989, -30.6551055908, -25.5173339844, -1.34199535847, -16.8946380615, 12.0515556335, 17.6420783997, 1.21617019176, -18.0640640259, 4.24990558624, 33.6171226501, 108.009872437, 32.7064933777], [-238.276000977, 36.982006073, -2.20102477074, 7.37600660324, 9.05632305145, 10.5461111069, 9.5450925827, -5.92368888855, 4.81803607941, -2.04750847816, 15.4102954865, 32.7064933777, 106.77281189]], "icov": [[0.000121230586956, 2.21570880967e-05, 0.000155130081112, -2.82648088614e-05, 0.000141114680446, -0.000160379102454, 5.40412438568e-05, -0.000190705366549, 0.000132508881507, -9.06360291992e-05, 0.000453498854768, -0.000177829206223, 0.000237779138843], [2.21570880967e-05, 0.000684031867422, 0.000152183114551, -0.000235533181694, -0.000275507307379, 7.88851957623e-06, -0.000456238834886, 0.000354703719495, -0.000313557480695, 0.000705179292709, -0.000138191448059, 0.000237811676925, -0.000110243898234], [0.000155130081112, 0.000152183114551, 0.00113280909136, -0.000700297241565, -0.000186971883522, -0.000230475867284, -0.000191566126887, -0.000279930973193, 0.000444396777311, 0.000391438952647, 0.000185845798114, 0.000152599444846, 0.000319314392982], [-2.82648088614e-05, -0.000235533181694, -0.000700297241565, 0.00272728851996, -0.000717240793165, -0.00032937101787, 0.000225570023758, 0.000136111455504, 8.89481525519e-05, -0.000797930289991, 0.00124357629102, -0.000601806212217, -0.000118036565254], [0.000141114680446, -0.000275507307379, -0.000186971883522, -0.000717240793165, 0.00370040419511, -0.002327386057, 0.00109231553506, 0.000251418969128, -0.00172027410008, 0.000888144364581, 0.000711362925358, -0.000198548004846, 0.000341155275237], [-0.000160379102454, 7.88851957623e-06, -0.000230475867284, -0.00032937101787, -0.002327386057, 0.00700427778065, -0.0037903659977, 0.001118751592, 2.11135447898e-05, -0.000455109518953, -0.000415912014432, -0.000264498230536, -0.000304771325318], [5.40412438568e-05, -0.000456238834886, -0.000191566126887, 0.000225570023758, 0.00109231553506, -0.0037903659977, 0.00915155559778, -0.00498559419066, 0.00253084907308, -0.000199624075321, -0.00137602828909, -4.81000752188e-05, -0.000458587222965], [-0.000190705366549, 0.000354703719495, -0.000279930973193, 0.000136111455504, 0.000251418969128, 0.001118751592, -0.00498559419066, 0.013135176152, -0.00626679183915, 0.00173845363315, 0.000303237553453, -0.000790257065091, 0.000993414549157], [0.000132508881507, -0.000313557480695, 0.000444396777311, 8.89481525519e-05, -0.00172027410008, 2.11135447898e-05, 0.00253084907308, -0.00626679183915, 0.0130083737895, -0.00714695127681, 0.00168636185117, 0.00172188330907, -0.0015176491579], [-9.06360291992e-05, 0.000705179292709, 0.000391438952647, -0.000797930289991, 0.000888144364581, -0.000455109518953, -0.000199624075321, 0.00173845363315, -0.00714695127681, 0.0139314364642, -0.00481692422181, -8.42553072289e-06, 0.000988045241684], [0.000453498854768, -0.000138191448059, 0.000185845798114, 0.00124357629102, 0.000711362925358, -0.000415912014432, -0.00137602828909, 0.000303237553453, 0.00168636185117, -0.00481692422181, 0.0140878977254, -0.00377831910737, 5.40278415428e-05], [-0.000177829206223, 0.000237811676925, 0.000152599444846, -0.000601806212217, -0.000198548004846, -0.000264498230536, -4.81000752188e-05, -0.000790257065091, 0.00172188330907, -8.42553072289e-06, -0.00377831910737, 0.0120366560295, -0.00365066807717], [0.000237779138843, -0.000110243898234, 0.000319314392982, -0.000118036565254, 0.000341155275237, -0.000304771325318, -0.000458587222965, 0.000993414549157, -0.0015176491579, 0.000988045241684, 5.40278415428e-05, -0.00365066807717, 0.0112444087863]], "mean": [-703.603149414, 74.1583328247, 5.02660417557, 29.7957801819, 8.80142784119, 17.9180774689, 6.23200559616, 1.98427522182, 0.320340871811, 4.44330835342, 3.82428765297, -0.228888049722, 0.74440407753]}, "spectral_contrast_valleys": {"min": [-27.3443470001, -27.8649997711, -27.5736179352, -27.647315979, -27.3940544128, -27.3687133789], "max": [-5.22803449631, -5.13968515396, -5.61381340027, -5.10768318176, -5.29240131378, -7.66528606415], "dvar2": [0.556256234646, 0.617498397827, 0.685563445091, 0.586871504784, 0.678867995739, 0.714706063271], "median": [-7.89799165726, -7.90354442596, -8.25418663025, -8.26431274414, -7.73200368881, -9.99383831024], "dmean2": [0.785130620003, 0.791058421135, 0.799541056156, 0.718439400196, 0.647583007812, 0.671746313572], "dmean": [0.532418906689, 0.528865516186, 0.553909063339, 0.521055042744, 0.49109172821, 0.564157187939], "var": [2.14883065224, 1.70389723778, 2.03033876419, 1.97598385811, 1.93124735355, 1.79630577564], "dvar": [0.287469178438, 0.315424978733, 0.357100605965, 0.326914608479, 0.363668888807, 0.387523263693], "mean": [-8.23619937897, -8.09857368469, -8.45939254761, -8.38563346863, -7.93542766571, -10.1517524719]}, "barkbands_flatness_db": {"min": 0.0186500009149, "max": 0.487979054451, "dvar2": 0.00322989234701, "median": 0.108525022864, "dmean2": 0.0506517589092, "dmean": 0.0338476970792, "var": 0.00464037572965, "dvar": 0.00129526469391, "mean": 0.125592425466}, "dynamic_complexity": 5.01842784882, "erbbands_flatness_db": {"min": 0.0497810840607, "max": 0.407873362303, "dvar2": 0.00110476242844, "median": 0.133422255516, 