{"lowlevel": {"spectral_complexity": {"min": 0, "max": 60, "dvar2": 41.7093696594, "median": 11, "dmean2": 4.84809207916, "dmean": 3.33149719238, "var": 77.4965286255, "dvar": 23.293554306, "mean": 13.4020252228}, "silence_rate_20dB": {"min": 1, "max": 1, "dvar2": 0, "median": 1, "dmean2": 0, "dmean": 0, "var": 0, "dvar": 0, "mean": 1}, "average_loudness": 0.962305784225, "erbbands_spread": {"min": 2.82450175285, "max": 186.149520874, "dvar2": 627.511291504, "median": 39.4347190857, "dmean2": 19.0332622528, "dmean": 13.6067419052, "var": 882.195617676, "dvar": 318.553314209, "mean": 48.5037269592}, "spectral_kurtosis": {"min": -1.23442351818, "max": 71.8422393799, "dvar2": 34.4061355591, "median": 2.97991943359, "dmean2": 3.27416181564, "dmean": 2.06248497963, "var": 40.162853241, "dvar": 14.4173126221, "mean": 4.76329469681}, "barkbands_kurtosis": {"min": -1.94502663612, "max": 271.634368896, "dvar2": 505.765045166, "median": 3.0553560257, "dmean2": 9.38744544983, "dmean": 5.95867300034, "var": 293.140472412, "dvar": 212.430770874, "mean": 8.0740776062}, "spectral_strongpeak": {"min": 0, "max": 12.5861034393, "dvar2": 1.25240755081, "median": 0.370365023613, "dmean2": 0.647380053997, "dmean": 0.386087864637, "var": 0.857819676399, "dvar": 0.500961661339, "mean": 0.705884754658}, "spectral_spread": {"min": 999813.5, "max": 16684993, "dvar2": 2371024322560.0, "median": 5299472, "dmean2": 1193937, "dmean": 946089.625, "var": 5762867265540.0, "dvar": 1453770145790.0, "mean": 5749431}, "spectral_rms": {"min": 7.13734493729e-07, "max": 0.0163831654936, "dvar2": 1.23877653095e-05, "median": 0.00384564790875, "dmean2": 0.00189581944142, "dmean": 0.00128910399508, "var": 7.42528436604e-06, "dvar": 5.25361247128e-06, "mean": 0.00434987153858}, "erbbands": {"min": [1.31203492515e-09, 5.68535973855e-09, 1.80373280756e-08, 2.18590763268e-08, 7.87411291725e-09, 6.2916754473e-08, 1.23914290384e-07, 9.84699255469e-08, 2.24324580245e-07, 1.78490495273e-07, 1.66515164324e-07, 1.4747102739e-07, 2.27791971952e-08, 6.00722671606e-08, 6.15214048594e-08, 7.07344227635e-08, 1.15196641559e-07, 9.32101684725e-08, 1.23628993265e-07, 2.77914381286e-07, 1.74355079707e-07, 2.37601170738e-07, 3.99882452484e-07, 5.44922556855e-07, 9.09874302124e-07, 5.3413873502e-07, 9.22864387576e-07, 8.12297287212e-07, 6.09216215253e-07, 3.73716488866e-07, 1.30271459398e-07, 1.71116326442e-07, 1.78178780175e-07, 8.98986414199e-08, 4.25603587928e-08, 3.54150735404e-08, 2.04876560161e-08, 8.42412450908e-09, 1.99230432152e-09, 1.91482690814e-10], "max": [5.7024230957, 49.5712280273, 106.726081848, 205.916641235, 317.773590088, 834.940612793, 620.333312988, 372.848571777, 347.761535645, 394.610870361, 336.716247559, 585.198913574, 590.06817627, 672.815490723, 568.877441406, 507.614990234, 678.440185547, 411.480957031, 747.804748535, 617.376953125, 552.817260742, 567.791992188, 166.417449951, 344.890045166, 440.057678223, 659.033874512, 908.223571777, 376.78894043, 575.099914551, 510.340301514, 374.062988281, 170.044555664, 141.561431885, 81.4428634644, 49.0375862122, 21.7122020721, 7.25157928467, 2.26645565033, 0.308264881372, 0.018144890666], "dvar2": [1.06120347977, 118.877326965, 688.951171875, 741.933654785, 1817.23095703, 26082.7226562, 6249.83984375, 1375.3762207, 574.101928711, 670.425231934, 522.625976562, 747.374328613, 742.279541016, 790.200439453, 524.519714355, 600.115783691, 638.73059082, 605.94152832, 840.724243164, 728.229614258, 788.994384766, 606.578674316, 220.999679565, 195.410766602, 449.400177002, 431.211090088, 640.862609863, 418.916595459, 592.256652832, 591.33026123, 405.118560791, 140.539978027, 78.961807251, 26.3551940918, 8.63424968719, 2.53246879578, 0.386180728674, 0.0326029136777, 0.0014387620613, 6.78944616084e-06], "median": [0.049394749105, 0.564473807812, 0.853403806686, 2.87979865074, 4.5374083519, 4.33709955215, 2.82457518578, 4.62379026413, 7.16154718399, 4.9622220993, 5.88815975189, 5.97387886047, 6.40340328217, 4.81343269348, 3.10717821121, 3.40745234489, 3.15376162529, 2.9803416729, 2.72587442398, 2.0762014389, 2.04376721382, 2.27282500267, 2.55744695663, 1.95026957989, 2.27626919746, 2.40592432022, 1.61370944977, 1.47788608074, 2.23256921768, 1.59780478477, 1.10670542717, 0.639562487602, 0.482372224331, 0.206240072846, 0.0829719603062, 0.0286427009851, 0.00563770253211, 0.00092871603556, 0.000122894402011, 2.94877681881e-05], "dmean2": [0.365225672722, 3.38870453835, 8.07443904877, 9.73195075989, 17.9266319275, 43.827583313, 21.8292274475, 13.5777425766, 11.6613817215, 12.0608634949, 11.9435052872, 12.533659935, 13.2320890427, 12.0808544159, 8.60950279236, 10.2100934982, 10.1486225128, 10.4152183533, 11.4665184021, 11.6077976227, 9.47511196136, 7.93047189713, 7.26236724854, 6.50314331055, 7.71954059601, 8.65115451813, 9.05740833282, 8.39333534241, 10.5290584564, 10.0079545975, 8.21701431274, 5.06835317612, 3.96761822701, 2.26468324661, 1.2329171896, 0.645267188549, 0.250554203987, 0.0703421682119, 0.014455835335, 0.00098746875301], "dmean": [0.232649281621, 1.92337191105, 4.31276416779, 5.31559228897, 10.4534778595, 24.1820755005, 11.8734102249, 7.91934299469, 7.6129693985, 7.88108730316, 8.11627674103, 8.74764633179, 9.26842403412, 7.93171596527, 5.60292434692, 6.51029109955, 6.61948156357, 6.67768669128, 7.64007949829, 7.93841981888, 6.23388051987, 5.16011142731, 4.7219171524, 4.16994142532, 4.95661783218, 5.56428432465, 5.94965410233, 5.77365970612, 7.34274864197, 7.07359600067, 5.84361505508, 3.67602229118, 2.79292106628, 1.60349011421, 0.858353197575, 0.442699104548, 0.170961871743, 0.0472489446402, 0.00950635224581, 0.00064880453283], "var": [0.529309272766, 28.6567935944, 139.036621094, 178.035079956, 547.953613281, 5924.06591797, 1265.69836426, 409.268920898, 487.73815918, 713.560119629, 716.753234863, 1803.59313965, 1443.54211426, 891.383056641, 430.377105713, 454.310333252, 736.377258301, 649.647644043, 970.720275879, 1300.43896484, 653.872497559, 389.259796143, 206.035583496, 177.032669067, 307.037475586, 343.12802124, 609.834350586, 472.987823486, 668.656982422, 757.701660156, 545.073059082, 207.645599365, 105.498855591, 32.7948570251, 8.43013954163, 2.20355367661, 0.319322913885, 0.0232549291104, 0.000738052825909, 3.18684305967e-06], "dvar": [0.498847901821, 43.0057220459, 240.209350586, 257.706756592, 680.136230469, 9131.08203125, 2155.39672852, 486.370666504, 238.166748047, 290.841644287, 242.638473511, 406.203338623, 388.254180908, 381.042358398, 213.338439941, 254.598831177, 282.569122314, 261.19833374, 374.850280762, 357.28326416, 350.773254395, 258.026519775, 95.4338150024, 83.7196807861, 195.159667969, 191.1796875, 309.755523682, 215.828521729, 306.428161621, 305.196777344, 205.568206787, 71.7359771729, 39.7211456299, 13.1606197357, 4.19531822205, 1.23582875729, 0.187666535378, 0.0154065284878, 0.000637990946416, 2.9812788398e-06], "mean": [0.250405102968, 1.80812573433, 3.36250948906, 6.2446436882, 10.9217061996, 20.300983429, 10.0715179443, 10.8083724976, 15.0995845795, 14.1933526993, 16.8922672272, 19.8748226166, 19.4937877655, 14.1184768677, 9.39127159119, 10.1857023239, 11.2450675964, 11.4014139175, 13.8620986938, 14.6790771484, 10.0406913757, 8.10268306732, 8.07749176025, 7.20292329788, 7.81052112579, 8.51825141907, 8.77067470551, 8.83135509491, 11.7926225662, 11.6978139877, 9.61900520325, 6.18243026733, 4.52239561081, 2.4631216526, 1.19409871101, 0.564301967621, 0.206037089229, 0.0532358512282, 0.00927900709212, 0.000616019126028]}, "zerocrossingrate": {"min": 0.00341796875, "max": 0.4287109375, "dvar2": 0.000484918593429, "median": 0.048828125, "dmean2": 0.0169290751219, "dmean": 0.0155163789168, "var": 0.00371642736718, "dvar": 0.000457763671875, "mean": 0.0689742639661}, "spectral_contrast_coeffs": {"min": [-0.928902387619, -0.940535604954, -0.950777828693, -0.967623710632, -0.949945092201, -0.922954559326], "max": [-0.228288605809, -0.453396350145, -0.47430306673, -0.525075316429, -0.530067622662, -0.601950645447], "dvar2": [0.00710411276668, 0.00311413174495, 0.00272127357312, 0.00181135477033, 0.00110343086999, 0.000863890862092], "median": [-0.661168396473, -0.730914056301, -0.741549313068, -0.760062515736, -0.798253595829, -0.778165519238], "dmean2": [0.0864299461246, 0.0670220702887, 0.0612945854664, 0.0516461767256, 0.0384293012321, 0.030957698822], "dmean": [0.0528433136642, 0.0421173498034, 0.0399793162942, 0.0336387380958, 0.0252293795347, 0.0201427973807], "var": [0.0120985768735, 0.00507401442155, 0.00523370271549, 0.00425530737266, 0.00305715156719, 0.00173152075149], "dvar": [0.00304474378936, 0.00126749218907, 0.0012325347634, 0.000854289392009, 0.00054757372709, 0.00037876519491], "mean": [-0.634315013885, -0.726562976837, -0.736907482147, -0.755081951618, -0.789141476154, -0.777795851231]}, "dissonance": {"min": 0.25542318821, "max": 0.5, "dvar2": 0.00103672256228, "median": 0.456878334284, "dmean2": 0.0344645380974, "dmean": 0.0211571585387, "var": 0.00113810924813, "dvar": 0.000399624375859, "mean": 0.449578613043}, "spectral_energyband_high": {"min": 9.29825522133e-11, "max": 0.0385627038777, "dvar2": 6.62702677801e-06, "median": 0.000286797963781, "dmean2": 0.00124347535893, "dmean": 0.00093000108609, "var": 1.14983640742e-05, "dvar": 3.98675365432e-06, "mean": 0.00163981469814}, "spectral_skewness": {"min": -0.263534277678, "max": 6.84113740921, "dvar2": 0.314265191555, "median": 1.45518505573, "dmean2": 0.428364992142, "dmean": 0.285847634077, "var": 0.643352806568, "dvar": 0.148650839925, "mean": 1.60207104683}, "spectral_flux": {"min": 1.53307664732e-05, "max": 0.477344930172, "dvar2": 0.00918047875166, "median": 0.0571383759379, "dmean2": 0.0631767585874, "dmean": 0.0412616878748, "var": 0.00829206127673, "dvar": 0.00505104474723, "mean": 0.0867833569646}, "silence_rate_30dB": {"min": 0, "max": 1, "dvar2": 0.168851554394, "median": 1, "dmean2": 0.159442603588, "dmean": 0.0797148421407, "var": 0.058416672051, "dvar": 0.0733550190926, "mean": 0.937707602978}, "spectral_energyband_middle_high": {"min": 5.33377890466e-11, "max": 0.044948104769, "dvar2": 6.60642808725e-06, "median": 0.00125401094556, "dmean2": 0.00141492800321, "dmean": 0.000969581364188, "var": 9.71368081082e-06, "dvar": 2.91858214041e-06, "mean": 0.00246515450999}, "barkbands_spread": {"min": 0.334319889545, "max": 117.081588745, "dvar2": 218.313018799, "median": 17.2756309509, "dmean2": 10.3336486816, "dmean": 7.00578022003, "var": 364.88092041, "dvar": 103.465354919, "mean": 23.0350551605}, "spectral_centroid": {"min": 141.554702759, "max": 6056.13671875, "dvar2": 295594.21875, "median": 999.199951172, "dmean2": 406.320343018, "dmean": 261.543518066, "var": 604501.9375, "dvar": 142566.640625, "mean": 1153.47509766}, "pitch_salience": {"min": 0.0317605063319, "max": 0.878468990326, "dvar2": 0.0174448639154, "median": 0.564450263977, "dmean2": 0.129995033145, "dmean": 0.0792156085372, "var": 0.013517620042, "dvar": 0.00717040756717, "mean": 0.550934255123}, "erbbands_skewness": {"min": -4.46095752716, "max": 10.8997964859, "dvar2": 0.362185150385, "median": 0.535672485828, "dmean2": 0.580402255058, "dmean": 0.395397245884, "var": 0.829793334007, "dvar": 0.181843712926, "mean": 0.516512215137}, "erbbands_crest": {"min": 2.31925058365, "max": 31.9056625366, "dvar2": 13.8196983337, "median": 7.84662866592, "dmean2": 3.93167710304, "dmean": 2.47103285789, "var": 16.6299552917, "dvar": 5.63397216797, "mean": 8.82621860504}, "melbands": {"min": [9.52353126915e-12, 1.31570804598e-11, 3.64500790662e-12, 1.67895428463e-12, 7.31618238214e-12, 2.38796569324e-12, 3.33848465366e-12, 2.98362441524e-12, 1.08741704877e-12, 8.31706936395e-13, 6.74404379997e-14, 2.34913813662e-13, 1.71407579428e-13, 2.08273705899e-13, 1.96763043142e-13, 3.17610250166e-13, 1.35563367715e-13, 1.84504470621e-13, 2.3184378679e-13, 1.92121316143e-13, 2.01637982027e-13, 1.9130390902e-13, 3.51994312604e-13, 3.77702616362e-13, 4.26613470028e-13, 6.28480557527e-13, 5.35263294191e-13, 2.91966619067e-13, 5.86806048631e-13, 4.84939996145e-13, 4.17592067696e-13, 3.92582315397e-13, 2.64506380123e-13, 1.54111532563e-13, 6.13792057545e-14, 8.76343201023e-14, 1.08925455461e-13, 1.38856957074e-13, 8.63043902836e-14, 7.51202282345e-14], "max": [0.0479069910944, 0.0557399727404, 0.0317816138268, 0.0428778603673, 0.0265852101147, 0.00845907162875, 0.00461752992123, 0.00481106853113, 0.00244533969089, 0.00398086942732, 0.00285079167224, 0.00314414943568, 0.00149495515507, 0.000948982837144, 0.00257243239321, 0.00150710798334, 0.000904858170543, 0.00150210200809, 0.00152948976029, 0.000602913438343, 0.000894203840289, 0.000816306855995, 0.000259724998614, 0.000190323320567, 0.0003247942077, 0.000386491592508, 0.000387267471524, 0.000407088693464, 0.000690754503012, 0.000301460298942, 0.000237685831962, 0.000268616568064, 0.000654466100968, 0.000281488406472, 0.000240194465732, 0.000188341771718, 0.000137212118716, 0.000110194472654, 0.00012427342881, 5.99505401624e-05], "dvar2": [9.37730510486e-05, 0.000200120266527, 2.19386092795e-05, 6.09701855865e-05, 1.40465581353e-05, 6.84484120939e-07, 1.19259183862e-07, 7.00059814562e-08, 3.5855542535e-08, 3.32281118176e-08, 2.01375751629e-08, 1.4415913796e-08, 6.23478824124e-09, 3.31780269924e-09, 6.21844709059e-09, 4.68191263536e-09, 2.34583419356e-09, 2.92271229441e-09, 3.15895753999e-09, 1.32841204703e-09, 1.58526380911e-09, 1.12195208679e-09, 1.95202409792e-10, 1.81097775664e-10, 1.5186218949e-10, 2.78422118694e-10, 2.52036391757e-10, 2.01005920242e-10, 3.34121341705e-10, 2.17194803809e-10, 1.5746495774e-10, 2.10429312864e-10, 3.39293954044e-10, 1.93692145656e-10, 1.63838220768e-10, 1.14937288853e-10, 5.39458928916e-11, 5.00111271839e-11, 3.38928121679e-11, 1.740287775e-11], "median": [0.000613013864495, 0.00064849248156, 0.00055362546118, 0.000358361547114, 0.000111277600809, 0.00010894958541, 0.000106989551568, 4.84456868435e-05, 4.18636664108e-05, 3.45911685145e-05, 3.16045770887e-05, 1.9772502128e-05, 9.8730879472e-06, 8.39083168103e-06, 7.71289160184e-06, 5.71960435991e-06, 4.62309662908e-06, 4.04579213864e-06, 2.85734699901e-06, 2.39078008235e-06, 2.06764866562e-06, 2.24630957746e-06, 1.93384607883e-06, 2.08416850001e-06, 1.28644558117e-06, 1.43987745105e-06, 1.57852525717e-06, 1.46597790263e-06, 9.62941385296e-07, 7.1572867455e-07, 8.15667362986e-07, 1.23117490602e-06, 1.10208645765e-06, 7.70033864228e-07, 6.79829668115e-07, 4.15395561504e-07, 3.61281905725e-07, 3.5788221453e-07, 2.51731961498e-07, 1.34472742275e-07], "dmean2": [0.00322501477785, 0.00438273977488, 0.00176088034641, 0.00237145950086, 0.00101140304469, 0.000302055414068, 0.000171793537447, 0.000130624161102, 9.76204319159e-05, 8.41118162498e-05, 6.90783854225e-05, 5.16957661603e-05, 3.19939099427e-05, 2.57249084825e-05, 2.94521923934e-05, 2.51503424806e-05, 2.02892297239e-05, 1.96426899493e-05, 2.21909940592e-05, 1.41435757541e-05, 1.14763633974e-05, 9.45755618886e-06, 6.36372897134e-06, 6.62161755827e-06, 5.54911048312e-06, 5.95863184571e-06, 6.07204219705e-06, 5.99019131187e-06, 5.95641495238e-06, 5.41297458767e-06, 5.16969612363e-06, 6.29077885606e-06, 6.54272389511e-06, 5.64621495869e-06, 5.26964640812e-06, 4.08291271015e-06, 3.07107916342e-06, 3.05627509078e-06, 2.48833703154e-06, 1.80939878192e-06], "dmean": [0.00208346010186, 0.00239373068325, 0.000965790182818, 0.00136037718039, 0.000546950148419, 0.000176379238837, 0.000112363166409, 8.55376274558e-05, 6.64029939799e-05, 5.8462148445e-05, 4.82957730128e-05, 3.40484293702e-05, 2.08184701478e-05, 1.64720950124e-05, 1.87958903552e-05, 1.65317251231e-05, 1.29842592287e-05, 1.27815956148e-05, 1.50384275912e-05, 9.32123566599e-06, 7.36258198231e-06, 6.07150741416e-06, 4.09966742154e-06, 4.26081442129e-06, 3.49910305886e-06, 3.82071493732e-06, 3.80940446121e-06, 3.81693007512e-06, 3.88932176065e-06, 3.56504824595e-06, 3.49130732502e-06, 4.28667090091e-06, 4.47340335086e-06, 3.94361450162e-06, 3.66015228792e-06, 2.86265117211e-06, 2.18158038479e-06, 2.11010979001e-06, 1.7413472051e-06, 1.25920030314e-06], "var": [3.96654686483e-05, 4.27037266491e-05, 5.02527655044e-06, 1.60327945196e-05, 2.84455677502e-06, 2.01281736167e-07, 1.05307925935e-07, 8.30343012126e-08, 4.77576946878e-08, 8.44002983058e-08, 3.81323701504e-08, 1.71378307101e-08, 5.66123325996e-09, 2.77452416597e-09, 4.34982894149e-09, 5.57265522616e-09, 2.41436337589e-09, 2.65340682759e-09, 6.29219254478e-09, 1.35963273973e-09, 9.82347425627e-10, 6.30111851585e-10, 1.50727499926e-10, 1.81591172654e-10, 1.22544890901e-10, 1.862050375e-10, 1.66529443013e-10, 1.53402096581e-10, 2.59668370139e-10, 2.04919956004e-10, 1.55446600036e-10, 2.09618392089e-10, 2.75860362331e-10, 2.33768920888e-10, 2.01147473677e-10, 1.25012500352e-10, 7.02687769083e-11, 6.05644978613e-11, 3.70102767877e-11, 1.97126568541e-11], "dvar": [4.06687468057e-05, 7.0416215749e-05, 7.61745377531e-06, 2.20653346332e-05, 4.83989379063e-06, 2.41465983208e-07, 4.95390253263e-08, 3.06371461534e-08, 1.6486255916e-08, 1.81716135472e-08, 1.04458077743e-08, 7.07035630043e-09, 2.6863917757e-09, 1.38681433004e-09, 2.62181920618e-09, 2.17040097006e-09, 1.01241082184e-09, 1.24613830366e-09, 1.55987800454e-09, 6.08967654081e-10, 6.59089227639e-10, 4.6664894171e-10, 8.3760699765e-11, 7.85111767265e-11, 6.33122235194e-11, 1.21345072879e-10, 1.07062796129e-10, 8.83344855596e-11, 1.51665402459e-10, 1.02419579762e-10, 7.8027827255e-11, 1.04322654682e-10, 1.52269030718e-10, 9.63687116218e-11, 8.02993158078e-11, 5.34001974584e-11, 2.61698492737e-11, 2.41908871407e-11, 1.60275698963e-11, 8.44816577805e-12], "mean": [0.00230667204596, 0.00205256417394, 0.00110239407513, 0.00126903038472, 0.000446764053777, 0.000245348579483, 0.000224827614147, 0.000154304478201, 0.0001349531085, 0.000130765431095, 9.77437011898e-05, 5.88412076468e-05, 3.35257864208e-05, 2.51869114436e-05, 2.7671620046e-05, 2.58697782556e-05, 2.05768592423e-05, 2.07997472899e-05, 2.68190960924e-05, 1.4745091903e-05, 1.07904506876e-05, 8.8067008619e-06, 6.48916284263e-06, 7.24381470718e-06, 5.57794146516e-06, 5.76422235099e-06, 5.57275052415e-06, 5.60672287975e-06, 5.50127651877e-06, 5.08004040967e-06, 5.08714856551e-06, 6.57459440845e-06, 6.87700458002e-06, 6.34948628431e-06, 5.81733411309e-06, 4.45521345682e-06, 3.5316334106e-06, 3.31880005433e-06, 2.65917765319e-06, 1.84711757356e-06]}, "spectral_entropy": {"min": 4.13156795502, "max": 8.87608337402, "dvar2": 0.126971110702, "median": 7.53952789307, "dmean2": 0.30788013339, "dmean": 0.222070485353, "var": 0.392390906811, "dvar": 0.0710906162858, "mean": 7.49040412903}, "spectral_rolloff": {"min": 64.599609375, "max": 15008.6425781, "dvar2": 4605574, "median": 796.728515625, "dmean2": 1140.71166992, "dmean": 687.966674805, "var": 5484594, "dvar": 2149921.25, "mean": 1721.26501465}, "barkbands": {"min": [6.68597208847e-12, 2.89113490093e-11, 1.69088076873e-11, 3.19338175694e-12, 1.78830179831e-11, 6.36255414674e-12, 1.01243614187e-11, 1.37827943503e-11, 4.9925853382e-12, 9.55724215046e-13, 1.13213984628e-12, 2.18682971037e-12, 2.92776978876e-12, 1.10462637301e-12, 2.72320404074e-12, 3.19890967014e-12, 3.43057288306e-12, 8.94738449997e-12, 1.58887035473e-11, 8.81416207382e-12, 2.41498661346e-11, 1.7527923557e-11, 4.29070754621e-12, 1.0413995187e-11, 6.19509608543e-12, 1.27828780547e-11, 1.23860548554e-11], "max": [0.00918601639569, 0.196505337954, 0.0960353314877, 0.0792677178979, 0.17871850729, 0.0481151267886, 0.0228213947266, 0.0203908011317, 0.0245940051973, 0.0214575752616, 0.0118846911937, 0.00984932482243, 0.0126749388874, 0.0109500046819, 0.0146582052112, 0.00759977195412, 0.0146008450538, 0.003004739061, 0.00751866400242, 0.0123975984752, 0.0132327768952, 0.0196669567376, 0.0128214331344, 0.00675893295556, 0.00620812689885, 0.00443189358339, 0.00174274144229], "dvar2": [3.09932238451e-06, 0.00163869664539, 0.000450390420156, 7.52502091927e-05, 0.00109198235441, 2.65772323473e-05, 2.77559365713e-06, 1.19814569643e-06, 1.51314350205e-06, 8.80781954038e-07, 4.79018069655e-07, 3.11085756266e-07, 4.24263902232e-07, 3.20186984482e-07, 3.86372306593e-07, 2.19839208171e-07, 3.24376685512e-07, 7.25809030655e-08, 1.30948393462e-07, 1.78233193537e-07, 3.03249692024e-07, 5.22544667092e-07, 4.72787633043e-07, 2.67196270443e-07, 1.70131428945e-07, 1.18618018519e-07, 4.92529039775e-08], "median": [9.39553319768e-06, 0.00236192182638, 0.000632849929389, 0.000887472764589, 0.00145121430978, 0.000465331162559, 0.000437348673586, 0.00020026077982, 0.000240248598857, 0.000172242493136, 7.92952632764e-05, 8.26630639494e-05, 6.425583706e-05, 5.19156237715e-05, 3.68680048268e-05, 3.37086930813e-05, 3.67637403542e-05, 4.18625459133e-05, 3.95003989979e-05, 5.17662483617e-05, 3.339786781e-05, 6.05834793532e-05, 4.0056042053e-05, 2.98156501231e-05, 1.57660069817e-05, 4.22840776082e-06, 6.59932595681e-07], "dmean2": [0.00063474063063, 0.0129396012053, 0.00661575049162, 0.00332544930279, 0.00978352874517, 0.00170466559939, 0.000825352559332, 0.000565791502595, 0.000603693246376, 0.000412618363043, 0.000291437259875, 0.00024949159706, 0.000252455851296, 0.000232116464758, 0.000259439140791, 0.000185410186532, 0.000151180560351, 0.000131119290018, 0.00014266751532, 0.000180396309588, 0.000214434068766, 0.000301464664517, 0.000283905101242, 0.000231303536566, 0.000180294489837, 0.000139944822877, 8.50943324622e-05], "dmean": [0.000432166096289, 0.00802679266781, 0.00354458903894, 0.00182656617835, 0.00557407271117, 0.000975733681116, 0.000541427289136, 0.000378376076696, 0.000415756192524, 0.000279833679087, 0.000188476071344, 0.000158574432135, 0.000163971621078, 0.000147584665683, 0.000176255969563, 0.00012032478844, 9.74451832008e-05, 8.47201808938e-05, 9.17428769753e-05, 0.000116295574117, 0.000143373894389, 0.00021085991466, 0.000204145922908, 0.00016765811597, 0.000128200015752, 9.60671677603e-05, 5.62651948712e-05], "var": [1.99908708964e-06, 0.000546224706341, 9.17539873626e-05, 1.85891367437e-05, 0.000276525766822, 6.63960372549e-06, 2.74412491308e-06, 1.73193586761e-06, 3.12425345328e-06, 1.39676114941e-06, 4.51340582686e-07, 2.45349554007e-07, 4.62985610739e-07, 2.85055534732e-07, 6.96051017712e-07, 2.19870486262e-07, 1.86832110671e-07, 6.98863686921e-08, 9.2067459434e-08, 1.59317153248e-07, 3.26552537899e-07, 5.74019622945e-07, 6.71852490086e-07, 4.14159046613e-07, 1.99031404691e-07, 1.02119834366e-07, 2.5974134843e-08], "dvar": [1.41145540056e-06, 0.000652452348731, 0.000156551526743, 2.61134118773e-05, 0.000392330839531, 9.26584561967e-06, 1.1753339777e-06, 5.4928358395e-07, 7.66646849115e-07, 4.44540347644e-07, 2.18218374926e-07, 1.31494260813e-07, 1.87543719221e-07, 1.31781931145e-07, 1.89558420516e-07, 1.01340631886e-07, 1.36329774136e-07, 3.06021341601e-08, 5.72409213362e-08, 8.27713222407e-08, 1.51943652327e-07, 2.64696382146e-07, 2.46674005666e-07, 1.39747044159e-07, 8.51354258202e-08, 5.85170809586e-08, 2.20899671888e-08], "mean": [0.00050946342526, 0.00835053436458, 0.00284809619188, 0.00209952634759, 0.00514843733981, 0.00119481422007, 0.00104644021485, 0.000721237796824, 0.000906491361093, 0.000504613155499, 0.000290624098852, 0.000242521025939, 0.000261067238171, 0.000230617035413, 0.000309832568746, 0.000184827527846, 0.000143652010593, 0.000144774166984, 0.000144418168929, 0.000181680428796, 0.000213776700548, 0.000339935446391, 0.000341176113579, 0.000281458109384, 0.000190701990505, 0.000118265947094, 5.54106263735e-05]}, "melbands_flatness_db": {"min": 0.0204346813262, "max": 0.604368209839, "dvar2": 0.00282827974297, "median": 0.206524863839, "dmean2": 0.0459952242672, "dmean": 0.0312614478171, "var": 0.00782569497824, "dvar": 0.00142029381823, "mean": 0.221428900957}, "melbands_skewness": {"min": -2.61779475212, "max": 21.0488319397, "dvar2": 6.44029426575, "median": 2.75726151466, "dmean2": 1.76334381104, "dmean": 1.20301020145, "var": 6.54050970078, "dvar": 3.20121240616, "mean": 3.35202121735}, "barkbands_skewness": {"min": -4.90989971161, "max": 13.2518539429, "dvar2": 2.23800802231, "median": 1.6371011734, "dmean2": 1.11649441719, "dmean": 0.759044766426, "var": 2.78823447227, "dvar": 1.0774064064, "mean": 1.93560576439}, "silence_rate_60dB": {"min": 0, "max": 1, "dvar2": 0.0679330304265, "median": 0, "dmean2": 0.0670825541019, "dmean": 0.0335385613143, "var": 0.0901777967811, "dvar": 0.032416742295, "mean": 0.100202508271}, "spectral_energyband_low": {"min": 1.09734776821e-10, "max": 0.25501576066, "dvar2": 0.00322024105117, "median": 0.00462637236342, "dmean2": 0.01877640374, "dmean": 0.0116197653115, "var": 0.00106801337097, "dvar": 0.00125923496671, "mean": 0.0130370669067}, "spectral_energyband_middle_low": {"min": 9.83476425298e-11, "max": 0.219317764044, "dvar2": 0.00145624100696, "median": 0.00664718588814, "dmean2": 0.0143832731992, "dmean": 0.00828654225916, "var": 0.00039388705045, "dvar": 0.000526366988197, "mean": 0.011283618398}, "melbands_kurtosis": {"min": -1.88000226021, "max": 643.061523438, "dvar2": 4890.15332031, "median": 10.9632577896, "dmean2": 30.7080726624, "dmean": 19.6447925568, "var": 2752.87719727, "dvar": 2200.53442383, "mean": 26.591791153}, "spectral_decrease": {"min": -7.17861041721e-08, "max": -1.12449129462e-16, "dvar2": 3.25141670086e-16, "median": -3.70225694546e-09, "dmean2": 7.93764787232e-09, "dmean": 4.87133000604e-09, "var": 1.06884314905e-16, "dvar": 1.25052887073e-16, "mean": -6.6406711241e-09}, "erbbands_kurtosis": {"min": -1.88801813126, "max": 152.193252563, "dvar2": 12.1438589096, "median": -0.0942223072052, "dmean2": 1.67744338512, "dmean": 1.11488902569, "var": 10.5162582397, "dvar": 5.26122903824, "mean": 0.80529999733}, "melbands_crest": {"min": 2.81536912918, "max": 34.8376350403, "dvar2": 37.7085227966, "median": 12.5250892639, "dmean2": 5.69069623947, "dmean": 3.67061257362, "var": 37.5076179504, "dvar": 15.8241882324, "mean": 14.1210699081}, "gfcc": {"cov": [[10396.4365234, -2741.31201172, 389.454925537, 533.878051758, -286.180175781, 170.388595581, -205.368942261, 27.8211536407, -88.6939620972, 84.3763122559, -302.401000977, 68.5994796753, -85.8638687134], [-2741.31201172, 3159.97094727, -403.796813965, -56.698589325, 593.287780762, 98.0665740967, 361.757965088, 102.578559875, 221.57572937, -160.383102417, 239.849243164, -148.018508911, 82.9392776489], [389.454925537, -403.796813965, 1237.10339355, 229.151870728, 178.16065979, 233.766815186, 113.303207397, -29.7224311829, -45.5826454163, 18.9278678894, -5.02370834351, 59.3480148315, -9.21342182159], [533.878051758, -56.698589325, 229.151870728, 493.785980225, 53.6180381775, 57.9696731567, 53.2989616394, 30.9221401215, 26.8757667542, -2.73497319221, 1.90397250652, -12.4764270782, 6.91565418243], [-286.180175781, 593.287780762, 178.16065979, 53.6180381775, 522.953186035, 81.0255432129, 139.934555054, 103.876419067, 107.27507019, -19.8485164642, 20.1888980865, -21.2791309357, 27.9282512665], [170.388595581, 98.0665740967, 233.766815186, 57.9696731567, 81.0255432129, 301.288757324, 144.572814941, 49.7892990112, 19.1592216492, 16.4194774628, 17.9434432983, -12.7011480331, -20.3000679016], [-205.368942261, 361.757965088, 113.303207397, 53.2989616394, 139.934555054, 144.572814941, 266.934387207, 68.2172775269, 27.2550144196, -3.65594053268, 55.6686210632, -21.353597641, -12.3905601501], [27.8211536407, 102.578559875, -29.7224311829, 30.9221401215, 103.876419067, 49.7892990112, 68.2172775269, 179.970748901, 88.916595459, 19.6726112366, 5.90309429169, -15.4260473251, -0.306562274694], [-88.6939620972, 221.57572937, -45.5826454163, 26.8757667542, 107.27507019, 19.1592216492, 27.2550144196, 88.916595459, 162.266296387, 38.4840087891, 18.7836418152, -15.4018821716, 16.0575809479], [84.3763122559, -160.383102417, 18.9278678894, -2.73497319221, -19.8485164642, 16.4194774628, -3.65594053268, 19.6726112366, 38.4840087891, 115.243560791, 19.694026947, 2.26474952698, -12.1084709167], [-302.401000977, 239.849243164, -5.02370834351, 1.90397250652, 20.1888980865, 17.9434432983, 55.6686210632, 5.90309429169, 18.7836418152, 19.694026947, 116.405097961, 18.4109020233, -3.27996325493], [68.5994796753, -148.018508911, 59.3480148315, -12.4764270782, -21.2791309357, -12.7011480331, -21.353597641, -15.4260473251, -15.4018821716, 2.26474952698, 18.4109020233, 88.0127868652, 17.6109790802], [-85.8638687134, 82.9392776489, -9.21342182159, 6.91565418243, 27.9282512665, -20.3000679016, -12.3905601501, -0.306562274694, 16.0575809479, -12.1084709167, -3.27996325493, 17.6109790802, 69.1679077148]], "icov": [[0.000141733238706, 0.000144218225614, 6.1361657572e-05, -0.000140638585435, -6.60596706439e-05, -0.00014296003792, 1.12283460112e-05, 2.65657436103e-05, -7.67527599237e-05, 0.00010264490993, 0.000100324374216, -6.37827861283e-06, 5.42620691704e-05], [0.000144218225614, 0.00105492363218, 0.000373201415641, 4.24575628131e-05, -0.000762588053476, -0.000286227616016, -0.000522853282746, 0.000612342031673, -0.000908863672521, 0.0015734861372, -0.00177344598342, 0.00152090797201, -0.000892392068636], [6.1361657572e-05, 0.000373201415641, 0.00137776462361, -0.000510540849064, -0.00080474204151, -0.000957071722951, -0.000238126536715, 0.000752578780521, 0.000212838829611, 5.82080137974e-05, -0.000126656465, -0.000613699608948, -2.1013960577e-05], [-0.000140638585435, 4.24575628131e-05, -0.000510540849064, 0.00250090379268, 0.000115864400868, 0.000175533175934, -0.000325925531797, -0.000207215416594, -0.000518722110428, 0.000507372024003, -0.000570057018194, 0.000965588144027, -0.000661761558149], [-6.60596706439e-05, -0.000762588053476, -0.00080474204151, 0.000115864400868, 0.00350319989957, 0.0004190603795, -0.000696567702107, -0.00116502935998, -0.00101108441595, -6.74064140185e-05, 0.00133418408222, -0.000534865364898, -0.000285445916234], [-0.00014296003792, -0.000286227616016, -0.000957071722951, 0.000175533175934, 0.0004190603795, 0.00544010289013, -0.00240194727667, -0.000730007886887, -5.09827877977e-05, -0.000781986513175, 0.000583389250096, 0.000191356943105, 0.000868490315042], [1.12283460112e-05, -0.000522853282746, -0.000238126536715, -0.000325925531797, -0.000696567702107, -0.00240194727667, 0.00716228084639, -0.00197378220037, 0.00154086516704, -1.55940722379e-06, -0.00205537420698, 0.000627124449238, 0.000877223850694], [2.65657436103e-05, 0.000612342031673, 0.000752578780521, -0.000207215416594, -0.00116502935998, -0.000730007886887, -0.00197378220037, 0.00922515336424, -0.00461818603799, 0.000511691090651, 0.00026605167659, 0.00025155939511, 0.000473422638606], [-7.67527599237e-05, -0.000908863672521, 0.000212838829611, -0.000518722110428, -0.00101108441595, -5.09827877977e-05, 0.00154086516704, -0.00461818603799, 0.0117518333718, -0.00474280864, 0.00020384369418, 0.000134878093377, -0.00185957830399], [0.00010264490993, 0.0015734861372, 5.82080137974e-05, 0.000507372024003, -6.74064140185e-05, -0.000781986513175, -1.55940722379e-06, 0.000511691090651, -0.00474280864, 0.0132114514709, -0.00468174740672, 0.00224492698908, 0.000617628335021], [0.000100324374216, -0.00177344598342, -0.000126656465, -0.000570057018194, 0.00133418408222, 0.000583389250096, -0.00205537420698, 0.00026605167659, 0.00020384369418, -0.00468174740672, 0.0150673426688, -0.00672052847221, 0.00311541953124], [-6.37827861283e-06, 0.00152090797201, -0.000613699608948, 0.000965588144027, -0.000534865364898, 0.000191356943105, 0.000627124449238, 0.00025155939511, 0.000134878093377, 0.00224492698908, -0.00672052847221, 0.0171308927238, -0.00594308460131], [5.42620691704e-05, -0.000892392068636, -2.1013960577e-05, -0.000661761558149, -0.000285445916234, 0.000868490315042, 0.000877223850694, 0.000473422638606, -0.00185957830399, 0.000617628335021, 0.00311541953124, -0.00594308460131, 0.0183885004371]], "mean": [-28.8855552673, 83.3888320923, -90.3986053467, 27.7321491241, -64.3608169556, 12.9076452255, -34.3487510681, 3.01961278915, -19.559589386, -2.02200698853, -15.4254350662, -3.04028272629, -10.9455270767]}, "melbands_spread": {"min": 0.273404210806, "max": 235.547424316, "dvar2": 447.747070312, "median": 15.8655586243, "dmean2": 11.5641937256, "dmean": 7.7009305954, "var": 667.129516602, "dvar": 223.529998779, "mean": 22.478937149}, "spectral_energy": {"min": 5.22152376892e-10, "max": 0.275118291378, "dvar2": 0.00482120970264, "median": 0.0151587342843, "dmean2": 0.0308271497488, "dmean": 0.0191501043737, "var": 0.00163294363301, "dvar": 0.0018604012439, "mean": 0.0270053800195}, "mfcc": {"cov": [[8823.95410156, -2177.27294922, 21.7466602325, 196.567886353, -98.3087844849, 27.8688297272, -228.185943604, -33.1480369568, 8.74632644653, 90.1469955444, -44.2983322144, -123.778121948, -68.7905654907], [-2177.27294922, 2630.59033203, -392.376464844, 31.4785900116, 265.455718994, 92.9621810913, 270.426269531, 238.447906494, 112.228103638, 100.610961914, 121.839584351, 69.8186645508, 52.3366508484], [21.7466602325, -392.376464844, 907.831970215, 105.062294006, 66.9811172485, 213.305236816, 131.735687256, 43.1915206909, -13.0925893784, -18.6395931244, -27.569475174, 42.4085044861, 31.5085716248], [196.567886353, 31.4785900116, 105.062294006, 399.912963867, 125.556648254, 40.9154205322, 38.6952514648, 47.3612289429, 40.1339530945, 23.1912956238, -16.3249111176, 20.672542572, 32.4161453247], [-98.3087844849, 265.455718994, 66.9811172485, 125.556648254, 341.279968262, 66.3485717773, 48.2665252686, 75.5782852173, 109.08493042, 43.0772895813, 24.4646759033, 28.3416213989, 13.7167568207], [27.8688297272, 92.9621810913, 213.305236816, 40.9154205322, 66.3485717773, 230.290542603, 128.595428467, 59.9069023132, 28.2525806427, 29.1953201294, 37.4942321777, 18.2868022919, -6.12195396423], [-228.185943604, 270.426269531, 131.735687256, 38.6952514648, 48.2665252686, 128.595428467, 256.188751221, 115.136726379, 33.0362510681, 40.9358940125, 55.9191513062, 28.4431476593, -0.714922368526], [-33.1480369568, 238.447906494, 43.1915206909, 47.3612289429, 75.5782852173, 59.9069023132, 115.136726379, 183.52154541, 69.4635467529, 44.4052963257, 36.7338752747, 30.6360168457, 13.5280332565], [8.74632644653, 112.228103638, -13.0925893784, 40.1339530945, 109.08493042, 28.2525806427, 33.0362510681, 69.4635467529, 156.954620361, 69.8507995605, 33.39087677, 6.29178762436, 0.688007354736], [90.1469955444, 100.610961914, -18.6395931244, 23.1912956238, 43.0772895813, 29.1953201294, 40.9358940125, 44.4052963257, 69.8507995605, 156.435348511, 71.6538467407, 15.8676052094, 8.92419719696], [-44.2983322144, 121.839584351, -27.569475174, -16.3249111176, 24.4646759033, 37.4942321777, 55.9191513062, 36.7338752747, 33.39087677, 71.6538467407, 121.97883606, 35.8977928162, -4.25192022324], [-123.778121948, 69.8186645508, 42.4085044861, 20.672542572, 28.3416213989, 18.2868022919, 28.4431476593, 30.6360168457, 6.29178762436, 15.8676052094, 35.8977928162, 97.1562728882, 49.0748291016], [-68.7905654907, 52.3366508484, 31.5085716248, 32.4161453247, 13.7167568207, -6.12195396423, -0.714922368526, 13.5280332565, 0.688007354736, 8.92419719696, -4.25192022324, 49.0748291016, 95.1034393311]], "icov": [[0.000161856980412, 0.000165958510479, 0.000105075050669, -8.61240623635e-05, -2.77679391729e-05, -0.000171499021235, 0.000110148073873, -0.000211031205254, 8.74180623214e-05, -0.000154969893629, -8.23003665573e-06, 0.000172660103999, -3.14530589094e-05], [0.000165958510479, 0.000748696620576, 0.00052170548588, 9.6457752079e-06, -0.000459938775748, -0.000318199017784, -0.00043353086221, -0.0005618876894, 0.000288720009848, -0.00014608145284, -7.69153484725e-05, 0.000197191373445, -0.000439161347458], [0.000105075050669, 0.00052170548588, 0.00193094939459, -0.000166871701367, -0.000386760570109, -0.00163645355497, -0.000634707335848, -0.000204750074772, 0.00046257066424, -3.30730399583e-05, 0.000868674658705, -0.00044419511687, -0.000551358854864], [-8.61240623635e-05, 9.6457752079e-06, -0.000166871701367, 0.00309588597156, -0.00104651157744, 3.26755507558e-05, -0.000344856147422, -0.000186593082617, 6.06633002462e-05, -0.000450002378784, 0.00103312009014, -0.000203393734409, -0.000697632436641], [-2.77679391729e-05, -0.000459938775748, -0.000386760570109, -0.00104651157744, 0.00469151884317, -0.000593136704993, 0.000689805543516, -0.000140814197948, -0.00282656867057, 0.000437149399659, -3.7797690311e-05, -0.000818604661617, 0.000428394705523], [-0.000171499021235, -0.000318199017784, -0.00163645355497, 3.26755507558e-05, -0.000593136704993, 0.00781528931111, -0.00267179682851, 0.000387106643757, -0.000263152993284, -7.17128750694e-06, -0.00117373478133, 4.57760415884e-06, 0.00104331318289], [0.000110148073873, -0.00043353086221, -0.000634707335848, -0.000344856147422, 0.000689805543516, -0.00267179682851, 0.00792941264808, -0.00350787863135, 0.00064259651117, -0.000143495009979, -0.00169958220795, 8.25838942546e-05, 0.000823404698167], [-0.000211031205254, -0.0005618876894, -0.000204750074772, -0.000186593082617, -0.000140814197948, 0.000387106643757, -0.00350787863135, 0.0097729107365, -0.00312651204877, 3.47043969668e-05, 0.000294988800306, -0.00162836629897, -0.00021047568589], [8.74180623214e-05, 0.000288720009848, 0.00046257066424, 6.06633002462e-05, -0.00282656867057, -0.000263152993284, 0.00064259651117, -0.00312651204877, 0.0110457194969, -0.00369114778005, -2.89734362013e-05, 0.00113195437007, 0.000251769321039], [-0.000154969893629, -0.00014608145284, -3.30730399583e-05, -0.000450002378784, 0.000437149399659, -7.17128750694e-06, -0.000143495009979, 3.47043969668e-05, -0.00369114778005, 0.0108578819782, -0.00591454282403, 0.00159128766973, -0.00201461208053], [-8.23003665573e-06, -7.69153484725e-05, 0.000868674658705, 0.00103312009014, -3.7797690311e-05, -0.00117373478133, -0.00169958220795, 0.000294988800306, -2.89734362013e-05, -0.00591454282403, 0.0152021823451, -0.00652282452211, 0.00387234729715], [0.000172660103999, 0.000197191373445, -0.00044419511687, -0.000203393734409, -0.000818604661617, 4.57760415884e-06, 8.25838942546e-05, -0.00162836629897, 0.00113195437007, 0.00159128766973, -0.00652282452211, 0.0180487073958, -0.00917906872928], [-3.14530589094e-05, -0.000439161347458, -0.000551358854864, -0.000697632436641, 0.000428394705523, 0.00104331318289, 0.000823404698167, -0.00021047568589, 0.000251769321039, -0.00201461208053, 0.00387234729715, -0.00917906872928, 0.016292642802]], "mean": [-678.885803223, 116.471252441, 26.1208896637, 17.6219501495, -1.00114035606, 6.47767019272, -3.09587264061, 3.92495012283, -1.94955670834, 2.08513092995, -1.0342208147, -3.6479678154, -2.72558021545]}, "spectral_contrast_valleys": {"min": [-15.7491569519, -14.9258985519, -16.444070816, -16.1312713623, -15.2060031891, -17.3689537048], "max": [-4.8037776947, -4.62709760666, -5.40119457245, -5.65056848526, -5.45469808578, -7.30337333679], "dvar2": [0.546998441219, 0.309745192528, 0.363414317369, 0.362011313438, 0.49227643013, 0.548840641975], "median": [-6.96262836456, -6.96205949783, -7.96805095673, -8.53792762756, -8.23306846619, -10.1777992249], "dmean2": [0.684340417385, 0.577540755272, 0.589676678181, 0.560391306877, 0.545185685158, 0.569609105587], "dmean": [0.458506762981, 0.365278691053, 0.385486930609, 0.384544551373, 0.390297949314, 0.482656747103], "var": [1.94052803516, 0.685134410858, 0.921911418438, 1.10346984863, 1.37938177586, 2.20163464546], "dvar": [0.294075280428, 0.13197222352, 0.166447788477, 0.189117118716, 0.257643193007, 0.355412304401], "mean": [-7.47792577744, -7.01734638214, -8.02997589111, -8.55693149567, -8.28621196747, -10.1975193024]}, "barkbands_flatness_db": {"min": 0.0231023970991, "max": 0.482859760523, "dvar2": 0.00178379192948, "median": 0.136337295175, "dmean2": 0.0379228852689, "dmean": 0.0255946088582, "var": 0.00414551468566, "dvar": 0.000855649996083, "mean": 0.147903084755}, "dynamic_complexity": 3.66887116432, "erbbands_flatness_db": {"min": 0.0328676179051, "max": 0.360659897327, "dvar2": 0.00083182612434, "median": 0.142793908715, "dmean2": 0.0265953615308, "dmean": 0.0207936130464, "var": 0.00235077901743, "dvar": 0.000517653417774, "mean": 