{"lowlevel": {"spectral_complexity": {"min": 0, "max": 63, "dvar2": 81.3126754761, "median": 13, "dmean2": 6.66016769409, "dmean": 4.4425110817, "var": 121.892059326, "dvar": 41.0640983582, "mean": 14.8463630676}, "silence_rate_20dB": {"min": 1, "max": 1, "dvar2": 0, "median": 1, "dmean2": 0, "dmean": 0, "var": 0, "dvar": 0, "mean": 1}, "average_loudness": 0.847981631756, "erbbands_spread": {"min": 1.47170710564, "max": 202.620605469, "dvar2": 334.147521973, "median": 35.0521392822, "dmean2": 15.2768230438, "dmean": 9.76187038422, "var": 445.375823975, "dvar": 142.688186646, "mean": 38.0617713928}, "spectral_kurtosis": {"min": -1.25044453144, "max": 374.054321289, "dvar2": 174.918502808, "median": 4.10252666473, "dmean2": 4.64076089859, "dmean": 2.84861636162, "var": 311.002410889, "dvar": 70.0159759521, "mean": 7.15351438522}, "barkbands_kurtosis": {"min": -1.91350984573, "max": 577.407226562, "dvar2": 1096.89343262, "median": 4.15785312653, "dmean2": 12.1635026932, "dmean": 7.647544384, "var": 652.194824219, "dvar": 441.531860352, "mean": 11.0063247681}, "spectral_strongpeak": {"min": 0, "max": 16.4811344147, "dvar2": 1.20236635208, "median": 0.406758487225, "dmean2": 0.652303397655, "dmean": 0.400993406773, "var": 1.1426295042, "dvar": 0.493495732546, "mean": 0.78383409977}, "spectral_spread": {"min": 327260.9375, "max": 41983456, "dvar2": 2195948568580.0, "median": 4209256, "dmean2": 990372.25, "dmean": 663380.8125, "var": 7277066584060.0, "dvar": 1108989050880.0, "mean": 4661673}, "spectral_rms": {"min": 3.1747555973e-12, "max": 0.0136201241985, "dvar2": 3.2735251807e-06, "median": 0.00448739249259, "dmean2": 0.00144275871571, "dmean": 0.000974086404312, "var": 6.86837665853e-06, "dvar": 1.5687164705e-06, "mean": 0.00474845478311}, "erbbands": {"min": [1.11131581506e-22, 6.75645557101e-22, 8.75052781737e-22, 3.00224193584e-21, 3.79433143039e-20, 2.46966484884e-20, 5.35243468159e-20, 9.01063932502e-20, 2.38656754467e-19, 3.63205106654e-19, 1.42411472612e-19, 5.1921656591e-19, 5.64251845674e-19, 9.30558957173e-19, 1.74463682203e-18, 1.49532096649e-18, 1.76779622482e-18, 1.83686477199e-18, 2.68146229273e-18, 3.25783305816e-18, 4.29330353922e-18, 4.79736134832e-18, 6.32116783016e-18, 5.85530798098e-18, 7.66213100069e-18, 8.9051171092e-18, 9.67351330434e-18, 1.2500459296e-17, 1.37887782108e-17, 1.19385141469e-17, 1.01544179145e-17, 1.11873009746e-17, 1.19608926912e-17, 8.46827806462e-18, 6.6834415056e-18, 4.64766026901e-18, 2.53191279427e-18, 9.56399769316e-19, 2.61395665162e-19, 3.00537431696e-20], "max": [6.53105115891, 36.6550827026, 93.5391082764, 181.775909424, 241.212799072, 246.627914429, 342.008117676, 1638.6192627, 1304.27050781, 1120.19311523, 1409.28662109, 1280.31237793, 1269.08325195, 1100.23681641, 2311.14941406, 1277.16760254, 5489.73583984, 1572.82885742, 835.862426758, 686.39465332, 1360.8828125, 567.921142578, 654.973388672, 498.62512207, 388.649383545, 355.705108643, 221.467468262, 385.154968262, 221.518157959, 290.281890869, 312.19229126, 186.040924072, 250.805923462, 166.928604126, 58.8241004944, 25.8738441467, 6.63282871246, 1.76729202271, 0.475125819445, 0.0136913731694], "dvar2": [0.697566270828, 17.3058452606, 134.318099976, 681.485961914, 431.123199463, 331.50390625, 755.063964844, 3853.32543945, 8146.77392578, 4661.89257812, 5672.00585938, 5984.734375, 3711.36401367, 3461.26635742, 5432.58203125, 2926.34057617, 7623.734375, 2165.63793945, 1601.30737305, 1565.21594238, 3296.0390625, 1425.49060059, 1602.35620117, 1670.37744141, 1416.49450684, 534.082397461, 421.495880127, 260.515411377, 223.877883911, 244.914047241, 85.5829696655, 50.2335395813, 53.1453704834, 67.5718307495, 4.63272047043, 0.766367256641, 0.076896391809, 0.00406142370775, 0.000133755398565, 3.3686009715e-07], "median": [0.0621922388673, 0.413246035576, 0.93643951416, 1.32983231544, 2.34540128708, 3.31816077232, 3.84433746338, 4.79650449753, 7.18703746796, 6.97430801392, 7.81147861481, 6.49575996399, 6.85186386108, 6.79735946655, 5.4439125061, 4.7920384407, 3.58960485458, 3.16740512848, 3.50014853477, 3.51905679703, 4.27851295471, 4.27829837799, 4.12464046478, 3.49431943893, 2.92790460587, 2.48831987381, 1.91740322113, 1.41422867775, 1.02014112473, 0.679401993752, 0.393542945385, 0.264850318432, 0.177019640803, 0.111993417144, 0.0472160354257, 0.0159618370235, 0.00478942040354, 0.000950500136241, 0.000108941661892, 3.86982028431e-05], "dmean2": [0.377760708332, 1.92804193497, 4.40709257126, 9.04256916046, 9.11664581299, 9.01672744751, 12.4361419678, 22.3367023468, 31.7971820831, 25.3030033112, 27.107629776, 27.2501106262, 21.7902812958, 21.0212287903, 21.8031864166, 18.3749904633, 15.5650863647, 14.3088407516, 15.6544008255, 16.6115989685, 20.3676891327, 16.5365905762, 18.45195961, 17.0804367065, 15.7444591522, 10.2980337143, 9.10266017914, 6.87870979309, 5.6103887558, 4.89815664291, 2.79589033127, 1.89138579369, 1.56599342823, 1.86400663853, 0.564125835896, 0.211188450456, 0.0765362530947, 0.0165299568325, 0.00273138517514, 0.000163312695804], "dmean": [0.267975658178, 1.24201881886, 2.588139534, 5.11640262604, 5.57999658585, 5.56105470657, 7.79391002655, 14.5560083389, 19.9752368927, 16.0538978577, 17.5456733704, 17.5987911224, 14.4620075226, 13.6570463181, 14.4321632385, 12.2029132843, 10.4283285141, 9.64089012146, 10.159403801, 10.3932065964, 12.8697652817, 10.7548465729, 11.3397035599, 10.713637352, 9.64183807373, 6.52984571457, 5.81042146683, 4.50297641754, 3.82805252075, 3.31447124481, 1.91320109367, 1.31791090965, 1.04633319378, 1.22660839558, 0.394138067961, 0.147397965193, 0.0518339946866, 0.0121145863086, 0.00192329206038, 0.000112775087473], "var": [0.660877048969, 15.4024677277, 44.901222229, 193.089416504, 317.112091064, 295.064178467, 542.368225098, 3641.88012695, 5457.06982422, 3846.29882812, 4714.09863281, 8993.05859375, 3741.74926758, 2854.28222656, 6193.74755859, 3303.45556641, 9812.09375, 2606.96655273, 1415.40844727, 935.219787598, 1762.96557617, 1343.08947754, 1042.42529297, 802.563415527, 593.473083496, 323.968444824, 282.535491943, 200.332183838, 181.791061401, 169.778121948, 72.4224777222, 41.1519165039, 31.3006248474, 28.2054634094, 2.8853456974, 0.53971773386, 0.0624923110008, 0.00428594369441, 0.000152182677994, 4.28237882488e-07], "dvar": [0.339202195406, 7.57194185257, 50.1352462769, 239.574050903, 171.042572021, 137.519424438, 311.597717285, 1818.90637207, 3414.44555664, 1954.53857422, 2552.10253906, 2638.78344727, 1714.21679688, 1500.6673584, 2786.37329102, 1430.67675781, 4146.09863281, 1238.84484863, 754.432189941, 667.450500488, 1318.61218262, 657.234619141, 653.500732422, 675.051879883, 566.911132812, 237.690368652, 189.889785767, 129.826660156, 116.012840271, 117.712738037, 42.2930183411, 24.5778923035, 23.763923645, 27.7189826965, 2.17491102219, 0.370412737131, 0.0375505983829, 0.00210975366645, 7.04805352143e-05, 1.67888714486e-07], "mean": [0.397972047329, 1.95691478252, 3.1836001873, 5.61095905304, 8.09662437439, 8.86952209473, 11.8302021027, 21.453338623, 29.3246231079, 24.7941570282, 27.3228054047, 30.8314876556, 23.542301178, 21.4818916321, 22.3062095642, 18.815574646, 16.1588058472, 14.6358137131, 14.8393535614, 14.0028381348, 17.4452075958, 16.6241722107, 15.4658136368, 13.3448619843, 11.557217598, 8.95417881012, 7.97549962997, 6.08983802795, 5.02334451675, 4.11940813065, 2.6953766346, 1.91285586357, 1.48061084747, 1.35476791859, 0.523883700371, 0.202112749219, 0.0718881189823, 0.0176335629076, 0.00256319856271, 0.000177796508069]}, "zerocrossingrate": {"min": 0.00146484375, "max": 0.54443359375, "dvar2": 0.000377373944502, "median": 0.0419921875, "dmean2": 0.0145369106904, "dmean": 0.0126831326634, "var": 0.00388682354242, "dvar": 0.000349523004843, "mean": 0.0568992458284}, "spectral_contrast_coeffs": {"min": [-0.976230859756, -0.972177922726, -0.977652192116, -0.986809432507, -0.966265439987, -0.982346475124], "max": [-0.271501690149, -0.331829786301, -0.369089156389, -0.372671931982, -0.539868354797, -0.487852782011], "dvar2": [0.00541233737022, 0.00503806769848, 0.00294468109496, 0.00178163580131, 0.00119300698861, 0.00147919019219], "median": [-0.677143335342, -0.743610262871, -0.796870112419, -0.81620413065, -0.813620686531, -0.776592731476], "dmean2": [0.0886636301875, 0.0840403139591, 0.0660521164536, 0.0516488179564, 0.0397054851055, 0.0371452309191], "dmean": [0.0554062910378, 0.0531158186495, 0.041212040931, 0.0322143509984, 0.025465933606, 0.0241366606206], "var": [0.0108443675563, 0.00969388894737, 0.0064375908114, 0.00394331058487, 0.00288043473847, 0.00364756933413], "dvar": [0.00230048014782, 0.0021603750065, 0.00125561398454, 0.000770874787122, 0.000558160594665, 0.000649705762044], "mean": [-0.666188418865, -0.731045484543, -0.780319154263, -0.804543077946, -0.803466916084, -0.768148362637]}, "dissonance": {"min": 0.115799836814, "max": 0.500000059605, "dvar2": 0.00165360572282, "median": 0.469057798386, "dmean2": 0.0371146760881, "dmean": 0.0225376337767, "var": 0.00158180587459, "dvar": 0.000650671194308, "mean": 0.45795494318}, "spectral_energyband_high": {"min": 7.27239423098e-21, "max": 0.025900926441, "dvar2": 3.33801949637e-06, "median": 0.000197604182176, "dmean2": 0.00072430371074, "dmean": 0.000510075013153, "var": 3.20211916005e-06, "dvar": 1.82266126103e-06, "mean": 0.000756062101573}, "spectral_skewness": {"min": -0.266063690186, "max": 16.117559433, "dvar2": 0.582663714886, "median": 1.55744171143, "dmean2": 0.506261467934, "dmean": 0.320983767509, "var": 1.20174896717, "dvar": 0.253522932529, "mean": 1.73352146149}, "spectral_flux": {"min": 6.60938040409e-11, "max": 0.396976143122, "dvar2": 0.00352993281558, "median": 0.073105469346, "dmean2": 0.0497967898846, "dmean": 0.0308496225625, "var": 0.00373570877127, "dvar": 0.0015730985906, "mean": 0.0872789695859}, "silence_rate_30dB": {"min": 0, "max": 1, "dvar2": 0.068255007267, "median": 1, "dmean2": 0.0549266263843, "dmean": 0.0274604335427, "var": 0.0219246242195, "dvar": 0.0267039500177, "mean": 0.977572858334}, "spectral_energyband_middle_high": {"min": 1.22821245517e-21, "max": 0.100090518594, "dvar2": 1.82449839485e-05, "median": 0.00162315380294, "dmean2": 0.00253624934703, "dmean": 0.001757056918, "var": 3.34269279847e-05, "dvar": 9.88425290416e-06, "mean": 0.00370524032041}, "barkbands_spread": {"min": 0.191803261638, "max": 125.017745972, "dvar2": 210.134231567, "median": 14.5692443848, "dmean2": 10.8125143051, "dmean": 6.987200737, "var": 231.295852661, "dvar": 95.5604171753, "mean": 18.4075641632}, "spectral_centroid": {"min": 97.0959091187, "max": 11619.6640625, "dvar2": 505102.375, "median": 1053.49365234, "dmean2": 490.548858643, "dmean": 320.022216797, "var": 931906, "dvar": 232511, "mean": 1289.09484863}, "pitch_salience": {"min": 0.0438801050186, "max": 0.936462402344, "dvar2": 0.0178393349051, "median": 0.533253073692, "dmean2": 0.14665915072, "dmean": 0.0929438769817, "var": 0.0244569927454, "dvar": 0.00752769829705, "mean": 0.521130621433}, "erbbands_skewness": {"min": -4.87478542328, "max": 6.5160074234, "dvar2": 0.722178637981, "median": 0.515278220177, "dmean2": 0.767347931862, "dmean": 0.497393846512, "var": 0.981481552124, "dvar": 0.321391373873, "mean": 0.53724694252}, "erbbands_crest": {"min": 2.28305268288, "max": 32.3767318726, "dvar2": 19.9335575104, "median": 8.25897598267, "dmean2": 4.63974666595, "dmean": 2.88556265831, "var": 25.2136993408, "dvar": 8.27268123627, "mean": 9.44254779816}, "melbands": {"min": [1.38279290026e-24, 1.00639511768e-24, 1.43789996208e-24, 1.55161396575e-24, 2.03776419112e-24, 2.16084897487e-24, 3.73378516063e-24, 2.71024701079e-24, 8.32450302008e-25, 2.96422965392e-24, 2.34023278928e-24, 3.14170304442e-24, 5.28917313556e-24, 4.40200951192e-24, 3.27970577954e-24, 3.02775248109e-24, 2.72433093897e-24, 3.88406276865e-24, 3.51375528809e-24, 4.92440306412e-24, 4.03499907552e-24, 4.70000329659e-24, 4.73577419434e-24, 5.93801241339e-24, 4.13146256473e-24, 3.74766359054e-24, 6.36918958469e-24, 5.48391804394e-24, 6.03716276285e-24, 6.46245345407e-24, 6.02409764854e-24, 6.66900642691e-24, 6.21288113506e-24, 6.59692031739e-24, 5.75236701555e-24, 5.31275179358e-24, 6.08691977001e-24, 6.93932854875e-24, 7.75889744243e-24, 5.68112932594e-24], "max": [0.0489675737917, 0.0450475215912, 0.0301201529801, 0.0149417081848, 0.0102981701493, 0.0316435322165, 0.0169049724936, 0.0132385268807, 0.0110869966447, 0.00688327522948, 0.00618818309158, 0.0051453714259, 0.00807721633464, 0.00504376552999, 0.00760681834072, 0.00866834074259, 0.0033654673025, 0.00187167734839, 0.00120612722822, 0.000864340690896, 0.00160660909023, 0.000781747628935, 0.000604006869253, 0.000508186931256, 0.000447815924417, 0.000373305752873, 0.000227516298764, 0.000237572923652, 0.000155307512614, 0.000205079006264, 0.000212157392525, 0.000180194983841, 0.000141566226375, 0.000169292572537, 0.000203474875889, 0.000128068495542, 0.000113746369607, 0.000260198110482, 0.000140912539791, 0.00014332603314], "dvar2": [4.01586185035e-05, 2.20388792513e-05, 1.7871028831e-05, 1.69671488948e-06, 7.12998087238e-07, 1.69699274011e-06, 1.61852210567e-06, 5.29343594735e-07, 4.06003408671e-07, 2.19071864649e-07, 9.58552561769e-08, 6.27664960007e-08, 8.30847426414e-08, 2.67089763639e-08, 2.68727085029e-08, 2.54853844694e-08, 8.89731133213e-09, 5.32309707424e-09, 4.09851264038e-09, 2.88174928365e-09, 6.25049034753e-09, 1.95718241613e-09, 1.63453051094e-09, 1.37343603157e-09, 1.24988763783e-09, 1.00752506338e-09, 4.70568028987e-10, 2.38158853749e-10, 1.9343654456e-10, 1.70430891622e-10, 8.7504309354e-11, 9.03243382866e-11, 1.02426421511e-10, 6.47880638027e-11, 3.75665089314e-11, 1.8768974222e-11, 2.24327240811e-11, 3.87565673998e-11, 2.53000884132e-11, 5.70660393939e-11], "median": [0.000569596653804, 0.000621841754764, 0.000284117006231, 0.000218781860895, 0.000143183482578, 0.000108117470518, 0.000110235509055, 7.04290359863e-05, 5.85244342801e-05, 3.75521631213e-05, 3.21101979353e-05, 2.57776500803e-05, 1.61697698786e-05, 1.44253444887e-05, 8.2385904534e-06, 6.41474161966e-06, 5.35117123945e-06, 5.19165632795e-06, 4.3043974074e-06, 4.18136369262e-06, 4.43689077656e-06, 3.95047072743e-06, 3.96640098188e-06, 3.00177634927e-06, 2.62709863819e-06, 2.22463177124e-06, 1.73899343281e-06, 1.50234461671e-06, 1.20372783385e-06, 8.87951955519e-07, 7.09867322257e-07, 5.48418825019e-07, 4.37027949829e-07, 3.25387190969e-07, 2.31762186331e-07, 1.63284497035e-07, 1.49084911527e-07, 1.25096207171e-07, 1.01010542153e-07, 8.85101769654e-08], "dmean2": [0.00294804386795, 0.00209085247479, 0.00151985185221, 0.000631269591395, 0.000411549321143, 0.000494146370329, 0.000462205993244, 0.000276983948424, 0.000226010815823, 0.00017075285723, 0.000111777015263, 9.03335167095e-05, 7.71577324485e-05, 6.24567546765e-05, 4.4501528464e-05, 3.22979649354e-05, 2.81278280454e-05, 2.62547018792e-05, 2.57246156252e-05, 2.30115219892e-05, 2.63920155703e-05, 1.77358324436e-05, 1.95267020899e-05, 1.62374617503e-05, 1.41552081914e-05, 1.34600250021e-05, 9.39865913097e-06, 6.88102591084e-06, 6.18636886429e-06, 5.44844306205e-06, 3.71644182451e-06, 3.35958475262e-06, 3.2218169963e-06, 2.5649849249e-06, 1.76451794687e-06, 1.26042937154e-06, 1.21420043797e-06, 1.18675131944e-06, 1.20670006254e-06, 1.6998267256e-06], "dmean": [0.00204443768598, 0.00125127914362, 0.000872785341926, 0.000393196183722, 0.00025826372439, 0.000320765306242, 0.00029172381619, 0.000176352798007, 0.000146507154568, 0.000110626242531, 7.39076276659e-05, 5.82441534789e-05, 5.04039453517e-05, 4.05809332733e-05, 3.00634492305e-05, 2.14921001316e-05, 1.87322966667e-05, 1.71214542206e-05, 1.6186695575e-05, 1.40449483297e-05, 1.66152422025e-05, 1.15094371722e-05, 1.20548347695e-05, 9.84995313047e-06, 8.83608026925e-06, 8.15380644781e-06, 5.75532567382e-06, 4.32856768384e-06, 3.89696788261e-06, 3.37301912623e-06, 2.47443563239e-06, 2.25838221013e-06, 2.18937793761e-06, 1.71514307112e-06, 1.18546665817e-06, 8.68758775141e-07, 8.28589520552e-07, 7.6371469504e-07, 8.4448134885e-07, 1.09152131245e-06], "var": [3.85041930713e-05, 1.29358604681e-05, 5.79660581934e-06, 1.34688718845e-06, 6.05165723755e-07, 1.60638353464e-06, 1.11388135338e-06, 4.91860362217e-07, 3.32382683155e-07, 3.0843423815e-07, 9.56033474608e-08, 4.99715575586e-08, 7.88226870441e-08, 2.91247541639e-08, 4.94675482798e-08, 2.66566679841e-08, 9.70844471482e-09, 4.66782257291e-09, 2.55612642164e-09, 1.52885648586e-09, 3.2611788825e-09, 1.64292601745e-09, 1.2270408023e-09, 7.59694418484e-10, 5.65518909479e-10, 4.1367873016e-10, 2.2281600176e-10, 1.4083074984e-10, 1.24403959356e-10, 9.35777844102e-11, 6.64276619822e-11, 6.24134216531e-11, 6.77708930641e-11, 4.71460440132e-11, 2.74719240412e-11, 1.56923363193e-11, 1.68792479993e-11, 2.02446063385e-11, 1.34815145159e-11, 2.17531426899e-11], "dvar": [1.9249804609e-05, 8.74774013937e-06, 6.37028824713e-06, 6.96511335718e-07, 3.00693187683e-07, 7.89851469563e-07, 6.77496473145e-07, 2.28430167226e-07, 1.78516401661e-07, 9.67603313029e-08, 4.42964349645e-08, 2.69280864273e-08, 4.07544362702e-08, 1.37089166685e-08, 1.47196415057e-08, 1.39888580719e-08, 4.94032947884e-09, 2.55166154872e-09, 1.80224046797e-09, 1.16963783103e-09, 2.52419574132e-09, 8.87166395902e-10, 6.9774203082e-10, 5.40348155109e-10, 5.00720964691e-10, 3.9885550418e-10, 1.96586247281e-10, 1.05158035058e-10, 8.53969117642e-11, 7.31300922596e-11, 4.37672814657e-11, 4.33878558082e-11, 5.00730880371e-11, 3.09750176897e-11, 1.71796882276e-11, 9.43606130732e-12, 1.0671869638e-11, 1.69062056021e-11, 1.10967190298e-11, 2.27742425613e-11], "mean": [0.00320320087485, 0.00199899240397, 0.00105228147004, 0.000622845429461, 0.000409100932302, 0.000478096975712, 0.000431384512922, 0.000272228120593, 0.000227386291954, 0.000188636025996, 0.000115739727335, 8.81137384567e-05, 7.34658387955e-05, 5.8716192143e-05, 4.4042171794e-05, 3.03068845824e-05, 2.67768209596e-05, 2.37860513153e-05, 2.06279564736e-05, 1.7768204998e-05, 2.11905662582e-05, 1.66695208463e-05, 1.66444951901e-05, 1.22149749586e-05, 1.06091010821e-05, 9.30918304221e-06, 7.03658542989e-06, 5.71094597035e-06, 5.14990188094e-06, 4.29849251304e-06, 3.24471398017e-06, 2.88616251964e-06, 2.62372486759e-06, 2.14183296521e-06, 1.62562560035e-06, 1.21872540149e-06, 1.15969226044e-06, 1.03306899746e-06, 1.03154650333e-06, 1.15936165912e-06]}, "spectral_entropy": {"min": 3.81679558754, "max": 9.81980037689, "dvar2": 0.15721476078, "median": 7.51999282837, "dmean2": 0.323063611984, "dmean": 0.221927493811, "var": 0.419754683971, "dvar": 0.0755345821381, "mean": 7.46790981293}, "spectral_rolloff": {"min": 21.533203125, "max": 19401.4160156, "dvar2": 3398316.25, "median": 667.529296875, "dmean2": 960.11529541, "dmean": 576.760986328, "var": 5657342, "dvar": 1591332, "mean": 1412.58618164}, "barkbands": {"min": [1.01381543918e-24, 1.58140776302e-24, 6.58083445746e-25, 1.51624735921e-26, 8.84635955521e-24, 1.29111049977e-23, 1.68946995301e-23, 4.29668474816e-24, 2.15202201577e-23, 1.47376193382e-23, 3.68093006003e-23, 3.90698193896e-23, 2.28726164724e-23, 2.32044082137e-23, 5.33766260102e-23, 6.93455562473e-23, 7.67836499919e-23, 1.29960555354e-22, 1.33178653463e-22, 1.96144066792e-22, 3.12451850635e-22, 3.9455449941e-22, 3.98003929402e-22, 7.03318090836e-22, 8.95308508351e-22, 1.42026810201e-21, 2.01953904928e-21], "max": [0.0246501769871, 0.148886024952, 0.0864488631487, 0.0806709825993, 0.0562638565898, 0.127260386944, 0.0723158568144, 0.0544190444052, 0.0532058812678, 0.0352802313864, 0.0519510991871, 0.0389583408833, 0.099531032145, 0.0287167709321, 0.0144853573292, 0.0212894994766, 0.0124272536486, 0.010408022441, 0.0113263288513, 0.00726230628788, 0.00862662866712, 0.00705464975908, 0.0100387269631, 0.011815354228, 0.0115141775459, 0.00457102525979, 0.00230272416957], "dvar2": [2.6443308343e-06, 0.000413683621446, 0.00017912191106, 7.93573635747e-05, 2.46743093157e-05, 3.47263776348e-05, 3.26486988342e-05, 1.13894866445e-05, 1.12286052172e-05, 3.58364263775e-06, 4.47477304988e-06, 2.42499436354e-06, 2.96542611977e-06, 9.1898567689e-07, 6.8328887437e-07, 1.01838850242e-06, 5.48203161088e-07, 5.82752534228e-07, 6.83023870351e-07, 2.67684185928e-07, 1.84463999631e-07, 1.96947453901e-07, 1.0243289239e-07, 1.41791659303e-07, 2.24989349817e-07, 2.604570426e-08, 4.3493466606e-09], "median": [7.04581907485e-05, 0.0020436658524, 0.000615689496044, 0.000381235498935, 0.00110439676791, 0.000537404906936, 0.000472759653348, 0.000287362374365, 0.000277814979199, 0.000196730601601, 9.96380331344e-05, 0.000119663542137, 6.74154507578e-05, 6.13199154031e-05, 5.78869621677e-05, 6.92874382366e-05, 7.03745172359e-05, 6.94219488651e-05, 6.17348850938e-05, 5.08173907292e-05, 4.02634541388e-05, 2.66316274065e-05, 1.5499030269e-05, 1.18689013107e-05, 8.37969673739e-06, 2.94370238407e-06, 6.02633008384e-07], "dmean2": [0.000587820482906, 0.009621784091, 0.00483845639974, 0.00323504232801, 0.00258329208009, 0.0023712948896, 0.00211697234772, 0.0012820798438, 0.00123789859936, 0.00072251050733, 0.000582869572099, 0.000534656690434, 0.000353340583388, 0.000308235263219, 0.000335536518833, 0.000374700524844, 0.000319276092341, 0.000351422117092, 0.0003451819357, 0.00023067049915, 0.000192367020645, 0.000159395043738, 0.000103759331978, 8.94140612218e-05, 0.000115698872833, 4.18958879891e-05, 1.63428940141e-05], "dmean": [0.000395620882045, 0.00652302568778, 0.00276906928048, 0.00182035984471, 0.0016349258367, 0.00152643071488, 0.00133206055034, 0.000816885789391, 0.000805852934718, 0.000466284080176, 0.000371254893253, 0.000345014501363, 0.000231170968618, 0.000203694260563, 0.000210449667065, 0.000233287588344, 0.000202108567464, 0.000215909545659, 0.000210485493881, 0.000144317484228, 0.000124924306874, 0.00010919028864, 7.15121495887e-05, 6.10575589235e-05, 7.95056112111e-05, 2.89219806291e-05, 1.1680190255e-05], "var": [4.15077010985e-06, 0.000395722745452, 4.88486002723e-05, 2.67175564659e-05, 2.37350832322e-05, 3.18733182212e-05, 2.22929593292e-05, 1.1631345842e-05, 1.50442492668e-05, 2.79800656244e-06, 3.93778782382e-06, 2.2697033728e-06, 3.88749049307e-06, 1.02030014659e-06, 4.47825954097e-07, 4.82904738419e-07, 4.54260401739e-07, 3.3820367662e-07, 2.83885214003e-07, 1.52534909148e-07, 1.43174361256e-07, 1.57758989872e-07, 9.84256800507e-08, 9.81128636113e-08, 1.14034371279e-07, 2.06097467981e-08, 5.09476683064e-09], "dvar": [1.13848534511e-06, 0.000194172753254, 6.47336710244e-05, 2.79139276245e-05, 1.0445874068e-05, 1.58459188242e-05, 1.35854825203e-05, 5.2763803069e-06, 5.08416542289e-06, 1.54434587785e-06, 2.15793625102e-06, 1.18856769404e-06, 1.58833836394e-06, 5.07617073708e-07, 3.02494555626e-07, 3.96361286903e-07, 2.46830779815e-07, 2.35114484326e-07, 2.69285777676e-07, 1.17369744146e-07, 8.96352077007e-08, 1.03170670229e-07, 5.37938653622e-08, 6.59552128468e-08, 9.83104442298e-08, 1.26405739209e-08, 2.29896768289e-09], "mean": [0.000813503516838, 0.0104115791619, 0.00282679195516, 0.00201262510382, 0.00275800842792, 0.0022682712879, 0.00190736760851, 0.00122916873079, 0.00137624773197, 0.000683019228745, 0.00050686695613, 0.00049551774282, 0.000332751136739, 0.000294035853585, 0.000273691868642, 0.000296209414955, 0.000294729456073, 0.000276340171695, 0.000246811134275, 0.00019145749684, 0.000174546221388, 0.00013987145212, 0.000100971927168, 8.84112814674e-05, 9.53348207986e-05, 4.10658758483e-05, 1.58298826136e-05]}, "melbands_flatness_db": {"min": 0.00342634343542, "max": 0.862009584904, "dvar2": 0.00387941556983, "median": 0.22802439332, "dmean2": 0.0562650412321, "dmean": 0.0384606532753, "var": 0.0110445572063, "dvar": 0.00184145185631, "mean": 0.239943951368}, "melbands_skewness": {"min": -3.25021314621, "max": 27.5662288666, "dvar2": 3.71426773071, "median": 2.62495160103, "dmean2": 1.64236581326, "dmean": 1.07002055645, "var": 6.23366594315, "dvar": 1.66048359871, "mean": 3.16727948189}, "barkbands_skewness": {"min": -5.56241178513, "max": 20.2090454102, "dvar2": 2.64783215523, "median": 1.7794675827, "dmean2": 1.3181566, "dmean": 0.864525794983, "var": 4.11252498627, "dvar": 1.20037949085, "mean": 2.09323596954}, "silence_rate_60dB": {"min": 0, "max": 1, "dvar2": 0.081316113472, "median": 0, "dmean2": 0.0767295584083, "dmean": 0.0383607596159, "var": 0.0996409580112, "dvar": 0.0368849411607, "mean": 0.112240619957}, "spectral_energyband_low": {"min": 1.23274291806e-23, "max": 0.173356056213, "dvar2": 0.000600163068157, "median": 0.00506217218935, "dmean2": 0.0127360811457, "dmean": 0.00809048116207, "var": 0.000570202537347, "dvar": 0.000259188294876, "mean": 0.0150936804712}, "spectral_energyband_middle_low": {"min": 2.0444797009e-22, "max": 0.13541290164, "dvar2": 0.000221310852794, "median": 0.00639047333971, "dmean2": 0.00877364724874, "dmean": 0.00556285260245, "var": 0.000200333859539, "dvar": 9.11640745471e-05, "mean": 0.0117170857266}, "melbands_kurtosis": {"min": -1.8558434248, "max": 1145.84179688, "dvar2": 2677.74658203, "median": 10.4162044525, "dmean2": 23.2163219452, "dmean": 14.6289548874, "var": 2124.32543945, "dvar": 1111.82055664, "mean": 24.8268222809}, "spectral_decrease": {"min": -4.97960535029e-08, "max": 1.58771865805e-16, "dvar2": 5.21684548189e-17, "median": -5.14715559063e-09, "dmean2": 4.58008342363e-09, "dmean": 2.96398217081e-09, "var": 5.81267558852e-17, "dvar": 2.24157260605e-17, "mean": -7.58025286984e-09}, "erbbands_kurtosis": {"min": -1.89300537109, "max": 78.7620162964, "dvar2": 17.4435462952, "median": 0.178606271744, "dmean2": 2.34600710869, "dmean": 1.47351050377, "var": 12.187505722, "dvar": 6.96414327621, "mean": 1.24429118633}, "melbands_crest": {"min": 1.654738307, "max": 37.7626266479, "dvar2": 30.7379169464, "median": 15.5996246338, "dmean2": 6.42985725403, "dmean": 4.00195884705, "var": 47.4705581665, "dvar": 12.978105545, "mean": 16.5256118774}, "gfcc": {"cov": [[20079.6269531, -122.797569275, -766.123352051, 406.113220215, -918.21673584, 216.118652344, -689.504089355, 317.886047363, -276.652038574, 265.005371094, -167.562728882, 101.79309845, -162.83164978], [-122.797569275, 2960.12597656, -38.931388855, -118.944335938, 311.122009277, -367.973144531, 216.895751953, -194.699569702, 83.7629699707, -187.634307861, 111.699584961, -187.425476074, 100.858901978], [-766.123352051, -38.931388855, 1485.1270752, 170.238143921, 244.510299683, 310.839996338, 3.85480475426, 93.60546875, 15.4445323944, 43.8194618225, -7.8563709259, 41.7466888428, -45.9654159546], [406.113220215, -118.944335938, 170.238143921, 754.554443359, 209.359481812, 63.6588592529, 40.5412216187, 7.14124631882, 7.55593681335, -16.8744029999, -27.2693328857, -37.8238067627, 25.6121273041], [-918.21673584, 311.122009277, 244.510299683, 209.359481812, 588.94708252, 152.921554565, 163.393737793, 22.5292930603, 31.8373069763, -5.08914756775, -10.8880701065, -53.3813858032, 6.99126243591], [216.118652344, -367.973144531, 310.839996338, 63.6588592529, 152.921554565, 512.724182129, 97.0822143555, 123.767921448, 9.95171356201, 76.6238174438, 16.0000247955, 40.4890785217, -44.8334388733], [-689.504089355, 216.895751953, 3.85480475426, 40.5412216187, 163.393737793, 97.0822143555, 302.308074951, 49.551448822, 63.2754631042, -2.051633358, 25.7394294739, -11.5031270981, 17.2531929016], [317.886047363, -194.699569702, 93.60546875, 7.14124631882, 22.5292930603, 123.767921448, 49.551448822, 233.945709229, 41.7629356384, 43.7081718445, 15.6125946045, 49.0801849365, -11.5028076172], [-276.652038574, 83.7629699707, 15.4445323944, 7.55593681335, 31.8373069763, 9.95171356201, 63.2754631042, 41.7629356384, 141.503097534, 27.5975322723, 28.2071914673, 10.4578409195, 25.0447750092], [265.005371094, -187.634307861, 43.8194618225, -16.8744029999, -5.08914756775, 76.6238174438, -2.051633358, 43.7081718445, 27.5975322723, 140.416931152, 24.7454605103, 28.9715232849, -16.0554885864], [-167.562728882, 111.699584961, -7.8563709259, -27.2693328857, -10.8880701065, 16.0000247955, 25.7394294739, 15.6125946045, 28.2071914673, 24.7454605103, 135.809036255, 48.0044364929, 11.289522171], [101.79309845, -187.425476074, 41.7466888428, -37.8238067627, -53.3813858032, 40.4890785217, -11.5031270981, 49.0801849365, 10.4578409195, 28.9715232849, 48.0044364929, 126.309425354, 13.5258579254], [-162.83164978, 100.858901978, -45.9654159546, 25.6121273041, 6.99126243591, -44.8334388733, 17.2531929016, -11.5028076172, 25.0447750092, -16.0554885864, 11.289522171, 13.5258579254, 118.762580872]], "icov": [[8.10893034213e-05, -9.78510506684e-05, 7.93497092673e-05, -0.000125996419229, 0.000159624090884, -0.000140799515066, 0.000197970657609, -0.000170870829606, 0.000144353180076, -0.000216007319978, 0.000220917660045, -0.000132280896651, 7.87249227869e-05], [-9.78510506684e-05, 0.000717627757695, -0.00020731407858, 0.000369279587176, -0.000494908948895, 0.000599884951953, -0.000541387940757, 0.000407291168813, -0.000368470937246, 0.000787857861724, -0.00110140070319, 0.00102042511571, -0.000357092503691], [7.93497092673e-05, -0.00020731407858, 0.000941115140449, -0.000265376031166, -9.89350883174e-05, -0.000632417912129, 0.000563700741623, -0.000268005562248, 1.55681864271e-05, -0.000241052359343, 0.000488949881401, -0.000615361321252, 0.000353298382834], [-0.000125996419229, 0.000369279587176, -0.000265376031166, 0.00179209152702, -0.00082603568444, 0.000298156315694, -0.000310481293127, 0.000276385660982, -0.000285700079985, 0.000644584011752, -0.000484276009956, 0.000822191010229, -0.00064270675648], [0.000159624090884, -0.000494908948895, -9.89350883174e-05, -0.00082603568444, 0.00297512998804, -0.000933217059355, -0.000557997846045, -0.000306870177155, 0.000313960481435, -0.000601909006946, 0.000845195259899, 0.000334144337103, 3.69345980289e-05], [-0.000140799515066, 0.000599884951953, -0.000632417912129, 0.000298156315694, -0.000933217059355, 0.00355118513107, -0.00134201091714, -0.000505306816194, 0.000298748753266, -0.000419391493779, -0.000925921252929, 0.00021593553538, 0.000473705382319], [0.000197970657609, -0.000541387940757, 0.000563700741623, -0.000310481293127, -0.000557997846045, -0.00134201091714, 0.00533006154001, -0.00108684075531, -0.00119921728037, 3.51824019162e-05, 0.000175197303179, -0.000106459199742, -8.39034619275e-05], [-0.000170870829606, 0.000407291168813, -0.000268005562248, 0.000276385660982, -0.000306870177155, -0.000505306816194, -0.00108684075531, 0.00608470011503, -0.00170150585473, 2.3669022994e-05, -0.000165438643307, -0.0013582163956, 0.000363465136616], [0.000144353180076, -0.000368470937246, 1.55681864271e-05, -0.000285700079985, 0.000313960481435, 0.000298748753266, -0.00119921728037, -0.00170150585473, 0.00937428511679, -0.00236368412152, -0.000539635133464, -2.67914601864e-05, -0.001559862867], [-0.000216007319978, 0.000787857861724, -0.000241052359343, 0.000644584011752, -0.000601909006946, -0.000419391493779, 3.51824019162e-05, 2.3669022994e-05, -0.00236368412152, 0.00983052421361, -0.00223842449486, 0.000207263321499, 0.000693359645084], [0.000220917660045, -0.00110140070319, 0.000488949881401, -0.000484276009956, 0.000845195259899, -0.000925921252929, 0.000175197303179, -0.000165438643307, -0.000539635133464, -0.00223842449486, 0.0108907744288, -0.00501261558384, 0.00043796596583], [-0.000132280896651, 0.00102042511571, -0.000615361321252, 0.000822191010229, 0.000334144337103, 0.00021593553538, -0.000106459199742, -0.0013582163956, -2.67914601864e-05, 0.000207263321499, -0.00501261558384, 0.0127000194043, -0.00245391507633], [7.87249227869e-05, -0.000357092503691, 0.000353298382834, -0.00064270675648, 3.69345980289e-05, 0.000473705382319, -8.39034619275e-05, 0.000363465136616, -0.001559862867, 0.000693359645084, 0.00043796596583, -0.00245391507633, 0.00999127048999]], "mean": [-46.6668968201, 94.7551040649, -105.952049255, 29.0470905304, -52.0131378174, 5.83851194382, -27.1077480316, 10.2916555405, -17.7844734192, 1.43457388878, -12.0441980362, 1.00033152103, -6.6331281662]}, "melbands_spread": {"min": 0.190135657787, "max": 261.712188721, "dvar2": 511.154937744, "median": 13.7868385315, "dmean2": 13.6666727066, "dmean": 8.68250846863, "var": 653.223937988, "dvar": 230.78036499, "mean": 20.6919002533}, "spectral_energy": {"min": 1.03310496423e-20, "max": 0.190145462751, "dvar2": 0.000770827697124, "median": 0.0206401087344, "dmean2": 0.0178538188338, "dmean": 0.0115620922297, "var": 0.000879979750607, "dvar": 0.000333409727318, "mean": 0.0301514752209}, "mfcc": {"cov": [[11644.6113281, -131.853515625, -268.207672119, 174.50189209, -147.709518433, -111.252426147, -173.337875366, -153.786102295, -44.459072113, -30.7713394165, 32.5638046265, 26.994550705, 70.1122360229], [-131.853515625, 2387.98413086, 14.9173927307, 88.6941757202, 30.8519802094, -83.5327529907, 53.0767555237, -20.6615848541, -3.22766065598, -31.8452205658, 8.68379974365, 6.64331531525, -26.4671287537], [-268.207672119, 14.9173927307, 1020.73999023, 39.4208221436, 203.424926758, 136.508285522, 67.836479187, 81.6673583984, 23.2491855621, 23.8028850555, 47.8761253357, 17.3103065491, 15.0123672485], [174.50189209, 88.6941757202, 39.4208221436, 658.840820312, 160.173492432, 62.9714775085, 43.442817688, -5.22512435913, 62.2440261841, 2.90327429771, -35.0032157898, -1.85801839828, -34.3275909424], [-147.709518433, 30.8519802094, 203.424926758, 160.173492432, 430.026397705, 173.357223511, 130.456924438, 71.2462692261, 62.893157959, 60.5178947449, 19.4537754059, 0.617930233479, 9.57849407196], [-111.252426147, -83.5327529907, 136.508285522, 62.9714775085, 173.357223511, 340.074493408, 154.884994507, 63.664894104, 63.5374450684, 65.209312439, 39.9958267212, 4.95502948761, 13.298992157], [-173.337875366, 53.0767555237, 67.836479187, 43.442817688, 130.456924438, 154.884994507, 258.007598877, 111.438621521, 65.5862426758, 61.2844238281, 50.2978897095, 20.8541946411, 18.6163825989], [-153.786102295, -20.6615848541, 81.6673583984, -5.22512435913, 71.2462692261, 63.664894104, 111.438621521, 213.400924683, 63.3453598022, 36.6342506409, 53.6434440613, 35.4711952209, 34.8774337769], [-44.459072113, -3.22766065598, 23.2491855621, 62.2440261841, 62.893157959, 63.5374450684, 65.5862426758, 63.3453598022, 176.373565674, 65.849609375, 16.1948833466, 10.4153823853, -0.975343585014], [-30.7713394165, -31.8452205658, 23.8028850555, 2.90327429771, 60.5178947449, 65.209312439, 61.2844238281, 36.6342506409, 65.849609375, 124.195838928, 50.2537155151, 17.733001709, 12.6574630737], [32.5638046265, 8.68379974365, 47.8761253357, -35.0032157898, 19.4537754059, 39.9958267212, 50.2978897095, 53.6434440613, 16.1948833466, 50.2537155151, 121.267921448, 44.3124465942, 27.9491271973], [26.994550705, 6.64331531525, 17.3103065491, -1.85801839828, 0.617930233479, 4.95502948761, 20.8541946411, 35.4711952209, 10.4153823853, 17.733001709, 44.3124465942, 110.432685852, 42.9507865906], [70.1122360229, -26.4671287537, 15.0123672485, -34.3275909424, 9.57849407196, 13.298992157, 18.6163825989, 34.8774337769, -0.975343585014, 12.6574630737, 27.9491271973, 42.9507865906, 102.150428772]], "icov": [[8.94328404684e-05, 5.14231851412e-06, 1.82784951903e-05, -4.04233396694e-05, 1.71571100509e-05, 1.62148626259e-06, 4.52185049653e-05, 6.09343733231e-05, -1.14534877866e-05, 1.81121667993e-05, -8.16229949123e-05, 1.2966520444e-05, -9.26601351239e-05], [5.14231851412e-06, 0.000440851494204, -1.38230489029e-05, -4.85891760036e-05, -6.0214446421e-05, 0.000229946424952, -0.000253374018939, 0.00014158875274, -4.31193075201e-05, 0.000187171375728, -0.000145637430251, -4.19736752519e-05, 0.000103832506284], [1.82784951903e-05, -1.38230489029e-05, 0.00113333831541, 3.11162657454e-05, -0.000480083428556, -0.00029121679836, 0.000241696892772, -0.000275528640486, 7.6713396993e-05, 0.000234220948187, -0.000349334615748, -4.50949410151e-05, 4.69784499728e-05], [-4.04233396694e-05, -4.85891760036e-05, 3.11162657454e-05, 0.00183405319694, -0.000696571427397, -6.52940361761e-05, -0.000104974846181, 0.000260030588834, -0.000605418870691, 0.000381790101528, 0.000548466574401, -0.000488731195219, 0.000633422692772], [1.71571100509e-05, -6.0214446421e-05, -0.000480083428556, -0.000696571427397, 0.00361345661804, -0.0010346705094, -0.000679952267092, -0.000364571082173, 5.69979783904e-05, -0.000934212701395, 0.000500922265928, 0.000410548760556, -0.000340011058142], [1.62148626259e-06, 0.000229946424952, -0.00029121679836, -6.52940361761e-05, -0.0010346705094, 0.00482656760141, -0.00223572505638, 0.000505841278937, -0.000419205403887, -0.000594769488089, -0.000467609119369, 0.000489661935717, -0.000225541138207], [4.52185049653e-05, -0.000253374018939, 0.000241696892772, -0.000104974846181, -0.000679952267092, -0.00223572505638, 0.00709812389687, -0.00248828274198, -0.000268903269898, -0.000939480494708, -0.000690019049216, -4.45873083663e-05, 6.47139677312e-05], [6.09343733231e-05, 0.00014158875274, -0.000275528640486, 0.000260030588834, -0.000364571082173, 0.000505841278937, -0.00248828274198, 0.00730896461755, -0.0020065291319, 0.00110174471047, -0.00180520757567, -0.000610111339483, -0.0013561968226], [-1.14534877866e-05, -4.31193075201e-05, 7.6713396993e-05, -0.000605418870691, 5.69979783904e-05, -0.000419205403887, -0.000268903269898, -0.0020065291319, 0.0082430113107, -0.00409497646615, 0.00144682498649, -0.000355460535502, 0.000905006600078], [1.81121667993e-05, 0.000187171375728, 0.000234220948187, 0.000381790101528, -0.000934212701395, -0.000594769488089, -0.000939480494708, 0.00110174471047, -0.00409497646615, 0.0129872262478, -0.00453054299578, 6.23177402304e-05, -0.000344938394846], [-8.16229949123e-05, -0.000145637430251, -0.000349334615748, 0.000548466574401, 0.000500922265928, -0.000467609119369, -0.000690019049216, -0.00180520757567, 0.00144682498649, -0.00453054299578, 0.0128184547648, -0.00356731005013, -0.000422143843025], [1.2966520444e-05, -4.19736752519e-05, -4.50949410151e-05, -0.000488731195219, 0.000410548760556, 0.000489661935717, -4.45873083663e-05, -0.000610111339483, -0.000355460535502, 6.23177402304e-05, -0.00356731005013, 0.0123589327559, -0.00429477822036], [-9.26601351239e-05, 0.000103832506284, 4.69784499728e-05, 0.000633422692772, -0.000340011058142, -0.000225541138207, 6.47139677312e-05, -0.0013561968226, 0.000905006600078, -0.000344938394846, -0.000422143843025, -0.00429477822036, 0.0125711364672]], "mean": [-687.051025391, 126.02141571, 4.31266641617, 26.599357605, 0.716803908348, 0.968802928925, 1.77756893635, 5.35531234741, 3.35953211784, 1.05285918713, 0.822785198689, 1.1743530035, 1.27444767952]}, "spectral_contrast_valleys": {"min": [-27.99036026, -27.9246883392, -27.8267211914, -27.5528450012, -27.6257553101, -27.3485946655], "max": [-5.08743476868, -4.32915735245, -5.17084121704, -5.61699533463, -5.47356414795, -7.50473594666], "dvar2": [0.404436916113, 0.501537740231, 0.364947766066, 0.438005268574, 0.561495184898, 0.518463969231], "median": [-7.1847114563, -6.77631664276, -7.32498407364, -7.95290088654, -7.79051685333, -10.472319603], "dmean2": [0.696088552475, 0.719952404499, 0.61474186182, 0.593197643757, 0.550815343857, 0.535231053829], "dmean": [0.444028377533, 0.464831054211, 0.398724794388, 0.400105983019, 0.387812942266, 0.401795119047], "var": [3.50389266014, 3.16250896454, 2.84556412697, 2.71162772179, 2.87419366837, 3.19329929352], "dvar": [0.200650200248, 0.252388268709, 0.191119804978, 0.229740679264, 0.283878147602, 0.283069580793], "mean": [-7.60968923569, -7.11098146439, -7.64987611771, -8.17895889282, -7.99069976807, -10.7066278458]}, "barkbands_flatness_db": {"min": 0.012413549237, "max": 0.672948896885, "dvar2": 0.00245069619268, "median": 0.147497951984, "dmean2": 0.0459417514503, "dmean": 0.0312607586384, "var": 0.00718871643767, "dvar": 0.00115843384992, "mean": 0.163935661316}, "dynamic_complexity": 4.39667272568, "erbbands_flatness_db": {"min": 0.0346602983773, "max": 0.496144503355, "dvar2": 0.0010656833183, "median": 0.154745280743, "dmean2": 0.0312159731984, "dmean": 0.0215646103024, "var": 0.00459680007771, "dvar": 0.000564589456