{"lowlevel": {"spectral_complexity": {"min": 0, "max": 65, "dvar2": 59.5141410828, "median": 11, "dmean2": 5.80796957016, "dmean": 4.0377573967, "var": 104.80316925, "dvar": 33.6966209412, "mean": 13.0190668106}, "silence_rate_20dB": {"min": 1, "max": 1, "dvar2": 0, "median": 1, "dmean2": 0, "dmean": 0, "var": 0, "dvar": 0, "mean": 1}, "average_loudness": 0.935330927372, "erbbands_spread": {"min": 1.21756541729, "max": 211.535064697, "dvar2": 876.556274414, "median": 29.9304065704, "dmean2": 22.7503833771, "dmean": 14.7194719315, "var": 824.929443359, "dvar": 382.610198975, "mean": 38.1394882202}, "spectral_kurtosis": {"min": -1.51199507713, "max": 485.903808594, "dvar2": 286.738342285, "median": 4.37424755096, "dmean2": 5.83582353592, "dmean": 3.91859984398, "var": 887.014587402, "dvar": 134.860229492, "mean": 10.2089319229}, "barkbands_kurtosis": {"min": -1.9677631855, "max": 1745.23583984, "dvar2": 2737.20239258, "median": 6.06326675415, "dmean2": 17.7944564819, "dmean": 11.1962528229, "var": 1764.05895996, "dvar": 1182.67321777, "mean": 15.551448822}, "spectral_strongpeak": {"min": 0, "max": 18.2436237335, "dvar2": 3.02322340012, "median": 0.383602201939, "dmean2": 0.876569092274, "dmean": 0.50589120388, "var": 1.15380382538, "dvar": 1.13260769844, "mean": 0.722381770611}, "spectral_spread": {"min": 203441.21875, "max": 44666516, "dvar2": 4485538119680.0, "median": 4556659, "dmean2": 1423311.875, "dmean": 988599.1875, "var": 7910285377540.0, "dvar": 2408404484100.0, "mean": 5119381}, "spectral_rms": {"min": 3.16717377151e-12, "max": 0.0149979023263, "dvar2": 4.52672611573e-06, "median": 0.00510020274669, "dmean2": 0.00174333550967, "dmean": 0.0011731464183, "var": 6.83371808918e-06, "dvar": 2.04035541174e-06, "mean": 0.00517660519108}, "erbbands": {"min": [2.60618716183e-22, 9.80835368812e-22, 6.05966586583e-21, 8.16663382649e-21, 2.3091425346e-20, 3.43257788354e-20, 1.07374156891e-19, 2.85066937655e-19, 2.03746152476e-19, 1.54148028131e-19, 5.5437019098e-19, 8.88335005817e-19, 8.57631250551e-19, 8.39724392952e-19, 9.25986819735e-19, 1.88670447185e-18, 1.95262208127e-18, 2.67198404368e-18, 2.78760590213e-18, 4.44946117679e-18, 7.41700016206e-18, 9.4069990197e-18, 5.1615189276e-18, 8.45325150162e-18, 1.07876238462e-17, 1.06902531076e-17, 1.34585462036e-17, 1.12406028389e-17, 1.22185081668e-17, 1.41709422713e-17, 1.38256969359e-17, 1.30643698263e-17, 1.3534976865e-17, 1.12639334681e-17, 6.8874010836e-18, 4.57421697037e-18, 2.94252855906e-18, 1.14778516803e-18, 2.54599135659e-19, 2.87061173177e-20], "max": [9.94374084473, 44.1201972961, 104.839019775, 202.039855957, 268.450836182, 274.68170166, 490.579772949, 687.701904297, 1465.49658203, 1077.1105957, 1671.59985352, 1123.45837402, 1296.57531738, 1346.24108887, 1365.03356934, 1501.04663086, 1025.24194336, 898.839660645, 2942.79736328, 1459.63659668, 3444.22143555, 761.347290039, 516.877685547, 639.223327637, 449.382659912, 457.31930542, 671.607177734, 681.71270752, 1002.69372559, 637.863464355, 613.3671875, 447.218139648, 378.028717041, 165.670959473, 75.5406494141, 28.4532756805, 8.75507450104, 3.3790769577, 0.496634751558, 0.0245978292078], "dvar2": [1.45094513893, 50.037197113, 146.643051147, 211.876495361, 398.829467773, 628.10760498, 1724.30249023, 2385.89306641, 4004.76245117, 7113.63867188, 6784.91845703, 5344.18652344, 6473.890625, 18335.1074219, 17670.046875, 8946.52636719, 3596.76879883, 6214.02978516, 99756.578125, 22033.6230469, 73962.4765625, 5153.70605469, 1445.64794922, 763.093994141, 1015.49761963, 1500.09838867, 1975.55944824, 1524.77416992, 2055.81787109, 1516.74890137, 799.127258301, 447.015808105, 375.149963379, 94.7443618774, 22.196428299, 3.42434549332, 0.34358265996, 0.00903068203479, 0.000169046106748, 3.99850875965e-07], "median": [0.0778500586748, 0.794885635376, 1.37037754059, 1.42407429218, 2.86765956879, 7.55111122131, 10.619351387, 9.67997360229, 6.63095664978, 6.51041316986, 5.17140579224, 5.91743946075, 4.74475193024, 5.10830307007, 3.70528030396, 3.00132322311, 2.74577760696, 2.61166334152, 2.90192127228, 2.86081218719, 2.75625419617, 2.04977750778, 1.99597620964, 2.05800819397, 2.08380317688, 1.48853898048, 1.17830920219, 1.12777781487, 1.14838433266, 0.946897387505, 0.756817579269, 0.515177309513, 0.351245462894, 0.154146015644, 0.0450300723314, 0.0275647938251, 0.0136818205938, 0.00206109508872, 0.000174991611857, 4.91738246637e-05], "dmean2": [0.530117452145, 3.07092761993, 5.18499088287, 5.71548986435, 7.69531345367, 13.3038377762, 22.6613731384, 23.3001594543, 21.428068161, 28.7939777374, 25.6288356781, 26.7636203766, 29.3847923279, 44.1339378357, 38.8082542419, 29.6295719147, 20.5054130554, 21.925819397, 58.7016410828, 34.9615707397, 44.0211410522, 16.8533153534, 12.0157699585, 9.41930103302, 11.8257684708, 12.0078382492, 12.2259378433, 12.0465602875, 12.2910747528, 10.6535892487, 8.08663463593, 6.32466220856, 4.8840470314, 2.71702837944, 1.29790723324, 0.681071996689, 0.249910265207, 0.0319210812449, 0.0028700819239, 0.000146529768244], "dmean": [0.330992341042, 1.7959792614, 2.9885187149, 3.4968123436, 4.65679645538, 8.13244819641, 14.1554584503, 14.5300922394, 13.3406505585, 18.0546855927, 16.0669879913, 16.8080673218, 18.3873233795, 27.16223526, 25.2326889038, 19.5642681122, 12.9074802399, 13.6869697571, 36.3596801758, 21.327835083, 25.7071228027, 10.2301797867, 7.487180233, 6.07204627991, 7.39766168594, 7.56102895737, 7.74218654633, 7.69667863846, 8.04829311371, 7.06857872009, 5.47502183914, 4.21834468842, 3.34301447868, 1.87029290199, 0.869872152805, 0.463594168425, 0.167661011219, 0.0209921319038, 0.001845136052, 9.5863120805e-05], "var": [0.883642792702, 17.5693588257, 50.3334884644, 130.618240356, 159.413009644, 310.853027344, 938.592895508, 1271.81152344, 1566.96398926, 3056.09667969, 3425.69824219, 3369.75976562, 3763.72485352, 8345.00195312, 10214.2685547, 6142.04101562, 2360.32299805, 2581.26635742, 32255.2558594, 6877.74169922, 18029.5097656, 1519.52832031, 552.55859375, 397.522064209, 453.979644775, 581.817810059, 740.73059082, 752.936035156, 1068.29174805, 906.013000488, 527.80090332, 362.272247314, 323.700042725, 100.123977661, 19.4747753143, 3.25314927101, 0.256759166718, 0.00512957852334, 7.33901761123e-05, 2.06772185152e-07], "dvar": [0.570162236691, 18.6656475067, 51.7289466858, 87.4174118042, 149.339996338, 237.21295166, 686.920288086, 952.221252441, 1502.48632812, 2797.58007812, 2867.66015625, 2162.71044922, 2597.27172852, 7052.50976562, 7542.20361328, 3906.66503906, 1515.76135254, 2517.05273438, 39327.9335938, 8391.87597656, 27099.5859375, 1963.30859375, 574.505981445, 337.583587646, 417.503417969, 589.982849121, 777.922241211, 656.776428223, 913.08795166, 689.868774414, 362.653076172, 201.255722046, 171.775482178, 46.5150909424, 10.3918142319, 1.61887347698, 0.160043552518, 0.00392434978858, 6.76254276186e-05, 1.66586303862e-07], "mean": [0.483690708876, 2.32076764107, 3.73115992546, 4.52671003342, 6.61227941513, 12.8321762085, 21.046918869, 21.0832328796, 18.9127960205, 24.2883644104, 22.1608581543, 24.3219337463, 25.2570018768, 33.9670181274, 33.6071777344, 26.2712993622, 17.8770046234, 15.8248300552, 33.2111930847, 21.7519989014, 22.6081676483, 10.3629665375, 8.66341400146, 7.65712833405, 8.35899448395, 8.3785238266, 8.10891914368, 8.255900383, 9.01462268829, 8.45258235931, 6.94205093384, 5.56466913223, 4.60485601425, 2.62464499474, 1.13202393055, 0.583984076977, 0.214711427689, 0.0274499934167, 0.002261294052, 0.00014431089221]}, "zerocrossingrate": {"min": 0, "max": 0.564453125, "dvar2": 0.000705848215148, "median": 0.03955078125, "dmean2": 0.0189850144088, "dmean": 0.0175992939621, "var": 0.00487338332459, "dvar": 0.000717837770935, "mean": 0.0613989345729}, "spectral_contrast_coeffs": {"min": [-0.99580180645, -0.990821540356, -0.992897450924, -0.991873145103, -0.985914230347, -0.974618136883], "max": [-0.272004276514, -0.302023649216, -0.455751717091, -0.508047819138, -0.622434198856, -0.5306391716], "dvar2": [0.00555718597025, 0.00584771297872, 0.00312315998599, 0.00220794812776, 0.00101884023752, 0.00133373891003], "median": [-0.645296096802, -0.712931036949, -0.780402421951, -0.800285935402, -0.816725790501, -0.783517479897], "dmean2": [0.0918056741357, 0.0894421041012, 0.0684218108654, 0.0554307512939, 0.037096478045, 0.036882571876], "dmean": [0.0577822737396, 0.0564952716231, 0.0435361005366, 0.0350803621113, 0.0233207456768, 0.0246733333915], "var": [0.0122396377847, 0.0089227212593, 0.00589512474835, 0.00361259095371, 0.0014891232131, 0.00311290379614], "dvar": [0.00234054657631, 0.00248563289642, 0.00137141114101, 0.000939609657507, 0.000420945259975, 0.000640064827166], "mean": [-0.630691230297, -0.70781493187, -0.771121144295, -0.793965041637, -0.814646661282, -0.778820753098]}, "dissonance": {"min": 0, "max": 0.5, "dvar2": 0.00236843433231, "median": 0.458827376366, "dmean2": 0.0460253506899, "dmean": 0.0285156238824, "var": 0.00283788726665, "dvar": 0.000963518745266, "mean": 0.442743659019}, "spectral_energyband_high": {"min": 7.68005129351e-21, "max": 0.0503144003451, "dvar2": 1.59220380738e-05, "median": 0.000234737308347, "dmean2": 0.00145315693226, "dmean": 0.00101288117003, "var": 1.27164812511e-05, "dvar": 7.47672311263e-06, "mean": 0.00140041764826}, "spectral_skewness": {"min": -1.15777993202, "max": 18.4250640869, "dvar2": 0.608764588833, "median": 1.72541809082, "dmean2": 0.602983474731, "dmean": 0.425258785486, "var": 2.96310806274, "dvar": 0.328192234039, "mean": 2.03609323502}, "spectral_flux": {"min": 6.52222859054e-11, "max": 0.426152676344, "dvar2": 0.00413529388607, "median": 0.0847695469856, "dmean2": 0.0546201579273, "dmean": 0.0353343710303, "var": 0.00459990510717, "dvar": 0.00199290923774, "mean": 0.097979798913}, "silence_rate_30dB": {"min": 0, "max": 1, "dvar2": 0.116782672703, "median": 1, "dmean2": 0.101707778871, "dmean": 0.0508490651846, "var": 0.0405205972493, "dvar": 0.048266004771, "mean": 0.957693040371}, "spectral_energyband_middle_high": {"min": 1.32554804589e-21, "max": 0.152338370681, "dvar2": 0.000313973345328, "median": 0.00122973276302, "dmean2": 0.00517898937687, "dmean": 0.00336925848387, "var": 0.000140855190693, "dvar": 0.000128701300127, "mean": 0.00464572198689}, "barkbands_spread": {"min": 0.0861759334803, "max": 134.148666382, "dvar2": 415.578277588, "median": 11.9698152542, "dmean2": 13.4537553787, "dmean": 8.62864875793, "var": 422.082672119, "dvar": 185.91343689, "mean": 18.6186599731}, "spectral_centroid": {"min": 89.0110702515, "max": 11236.8916016, "dvar2": 559941, "median": 788.898132324, "dmean2": 494.343414307, "dmean": 344.768341064, "var": 1198470.75, "dvar": 332977.25, "mean": 1139.59057617}, "pitch_salience": {"min": 0.0240245126188, "max": 0.996097207069, "dvar2": 0.0187929943204, "median": 0.539643645287, "dmean2": 0.147284373641, "dmean": 0.0919519066811, "var": 0.0264976322651, "dvar": 0.00768687063828, "mean": 0.519915342331}, "erbbands_skewness": {"min": -7.40181684494, "max": 11.630563736, "dvar2": 1.01853740215, "median": 0.753149032593, "dmean2": 0.933855414391, "dmean": 0.636236190796, "var": 1.91897773743, "dvar": 0.533159554005, "mean": 0.738503038883}, "erbbands_crest": {"min": 2.025837183, "max": 32.7902908325, "dvar2": 21.3199863434, "median": 9.19772338867, "dmean2": 5.01634120941, "dmean": 3.07373642921, "var": 22.415309906, "dvar": 8.59424686432, "mean": 10.1526212692}, "melbands": {"min": [2.69629640012e-24, 2.39071929556e-24, 2.01003336372e-24, 1.51448750914e-24, 3.27099221919e-24, 6.49033574277e-24, 3.51507347466e-24, 1.29207438919e-24, 3.90927318546e-24, 5.26931513999e-24, 4.19252592082e-24, 2.78903429649e-24, 2.45520177203e-24, 4.21877960618e-24, 5.27373354992e-24, 4.31283588634e-24, 4.48139534583e-24, 3.33697195366e-24, 5.3395127165e-24, 7.25723002722e-24, 9.22281817868e-24, 9.27547148866e-24, 5.89114697587e-24, 4.51899758417e-24, 5.91838870951e-24, 6.77540088606e-24, 8.49331905658e-24, 6.56459792509e-24, 7.21649167235e-24, 8.55001054553e-24, 5.6284156681e-24, 6.2080284572e-24, 7.28898167866e-24, 7.78395403136e-24, 6.74905608727e-24, 7.56532359806e-24, 8.03040364448e-24, 6.99585595463e-24, 8.4487570929e-24, 9.04438888597e-24], "max": [0.065715149045, 0.0410792455077, 0.0329306200147, 0.0234578587115, 0.0139859635383, 0.0138968918473, 0.0234865080565, 0.0136604811996, 0.0122933872044, 0.00675707031041, 0.00662962114438, 0.00512623693794, 0.00480245798826, 0.00535964826122, 0.00435522384942, 0.00178038328886, 0.00187940814067, 0.00448128255084, 0.00265604816377, 0.00312417699024, 0.00413070619106, 0.000650378584396, 0.000454491470009, 0.000370050460333, 0.000572998425923, 0.000354247487849, 0.000262091431068, 0.000330213457346, 0.0003846163454, 0.000417517614551, 0.000461863848614, 0.000758727488574, 0.000388134998502, 0.000306740781525, 0.000383344711736, 0.000332504889229, 0.000299814331811, 0.000259451771853, 0.000261841778411, 0.00015847395116], "dvar2": [8.24593444122e-05, 4.56928428321e-05, 5.67273946217e-06, 2.4871376354e-06, 1.75357774879e-06, 1.04022524283e-06, 1.07586777176e-06, 9.02998351648e-07, 4.28363051697e-07, 2.19122114231e-07, 1.73726036223e-07, 2.84423151697e-07, 2.27435350553e-07, 1.24701585946e-07, 3.81042219999e-08, 1.75156706916e-08, 1.91525622029e-08, 2.35685448047e-07, 9.42158493444e-08, 5.33184056906e-08, 1.08977133095e-07, 4.36390656944e-09, 2.14290785117e-09, 9.58991330791e-10, 5.04807029511e-10, 5.5076543326e-10, 4.97700103352e-10, 7.97557131449e-10, 7.87553300352e-10, 6.02148664264e-10, 5.98913363348e-10, 8.37613367555e-10, 5.43632083794e-10, 4.89867590936e-10, 2.85801882161e-10, 3.14089199094e-10, 1.55899085308e-10, 1.91826179941e-10, 1.70159469848e-10, 7.48223843994e-11], "median": [0.000938677345403, 0.00108517543413, 0.000307533540763, 0.000396390154492, 0.000405673345085, 0.000234077713685, 9.5917886938e-05, 6.24505191809e-05, 3.8818729081e-05, 3.38908394042e-05, 2.12092872971e-05, 1.90316477529e-05, 1.23464633361e-05, 8.49698335514e-06, 5.46043429495e-06, 5.17493072039e-06, 4.02801879318e-06, 4.11777000409e-06, 3.76425487048e-06, 3.17448075293e-06, 2.67827317657e-06, 1.92863080883e-06, 1.69467216438e-06, 1.57148917879e-06, 1.57416411639e-06, 1.54128292706e-06, 1.19203832583e-06, 8.8821815325e-07, 7.43716782381e-07, 5.92715082348e-07, 6.17493014943e-07, 6.00114276494e-07, 5.96618065174e-07, 4.58456497654e-07, 4.05856667385e-07, 3.81703358698e-07, 2.68461377573e-07, 2.29977416666e-07, 1.8626163012e-07, 1.00261530633e-07], "dmean2": [0.00411369325593, 0.00305401650257, 0.000982556957752, 0.0007249332848, 0.000740917748772, 0.000508805853315, 0.00034241960384, 0.000316752440995, 0.000211079634028, 0.000170870698639, 0.000148562365212, 0.000178381698788, 0.000134503323352, 0.000107696578198, 6.23415544396e-05, 4.4627879106e-05, 3.97670555685e-05, 9.12337782211e-05, 6.76622439642e-05, 4.27458180638e-05, 5.32246049261e-05, 1.69602735696e-05, 1.30863591039e-05, 9.68535368884e-06, 7.53101721784e-06, 8.80197421793e-06, 8.27737676445e-06, 8.23629488877e-06, 7.80080699769e-06, 7.27771157472e-06, 7.23398852642e-06, 7.37067284717e-06, 6.4593668867e-06, 6.03931039223e-06, 4.6749419198e-06, 4.88685191158e-06, 3.62957780453e-06, 3.54290455107e-06, 3.30116949954e-06, 2.21869936468e-06], "dmean": [0.00256278598681, 0.00178389425855, 0.000607469293755, 0.000438953953562, 0.000463582080556, 0.000317647558404, 0.000213694089325, 0.000197811197722, 0.000131748369313, 0.00010697318794, 9.28081426537e-05, 0.000109366272227, 8.6761188868e-05, 6.76767522236e-05, 4.14887435909e-05, 2.71707467618e-05, 2.44940038101e-05, 5.61774832022e-05, 4.22578923462e-05, 2.51399360423e-05, 3.09493952955e-05, 1.02365665953e-05, 8.05017862149e-06, 6.00225530434e-06, 4.83883104607e-06, 5.47543641005e-06, 5.20680850968e-06, 5.09752771904e-06, 4.86600265504e-06, 4.63542755824e-06, 4.58671729575e-06, 4.76962532048e-06, 4.19743264501e-06, 3.9520205064e-06, 3.15330044032e-06, 3.17232797897e-06, 2.4144951567e-06, 2.39192786466e-06, 2.19558842218e-06, 1.50185974235e-06], "var": [4.81620918436e-05, 1.6134341422e-05, 3.61527008863e-06, 9.87723751678e-07, 9.80940058071e-07, 5.66595190321e-07, 4.18869575469e-07, 4.00189321681e-07, 2.45612056915e-07, 1.37278306056e-07, 9.83241719155e-08, 1.29904790924e-07, 1.1293479929e-07, 7.15098238402e-08, 3.31199991876e-08, 9.95084192823e-09, 7.77921371764e-09, 7.59898171054e-08, 3.25695914682e-08, 1.36663400596e-08, 2.63140478296e-08, 1.30730326564e-09, 7.2294414899e-10, 3.59823865148e-10, 2.63807559131e-10, 2.51638571092e-10, 2.25606214266e-10, 2.7696911431e-10, 2.704523272e-10, 2.77174116992e-10, 2.77117107039e-10, 3.97660460116e-10, 3.0582475441e-10, 2.80501427641e-10, 1.81743023409e-10, 1.70301064917e-10, 1.32142824461e-10, 1.62754532074e-10, 1.38736452882e-10, 6.54653692367e-11], "dvar": [3.27317247866e-05, 1.65604960785e-05, 2.36493860939e-06, 9.02332715214e-07, 7.05737022599e-07, 4.15239071572e-07, 4.05238154144e-07, 3.58527614708e-07, 1.88867971929e-07, 8.76352785895e-08, 6.94420521086e-08, 1.0953137064e-07, 9.25241607774e-08, 5.11925648539e-08, 1.75364736066e-08, 7.11098913087e-09, 7.66614416392e-09, 9.29548207296e-08, 3.67735957241e-08, 1.96335854241e-08, 3.98628827725e-08, 1.66139046964e-09, 8.32252211591e-10, 3.7921762952e-10, 2.24320464981e-10, 2.28005336833e-10, 2.03755290418e-10, 3.04857222799e-10, 3.02287361809e-10, 2.53442739018e-10, 2.52379284138e-10, 3.6377140189e-10, 2.44175568653e-10, 2.18654608308e-10, 1.29056515474e-10, 1.29809829552e-10, 7.05606545415e-11, 8.77408770639e-11, 7.63676552551e-11, 3.50609298538e-11], "mean": [0.00388703425415, 0.00238201697357, 0.000838598585688, 0.000691117253155, 0.000720652809832, 0.000473734049592, 0.000298451952403, 0.000266886781901, 0.000179661175935, 0.000152136955876, 0.000123671808979, 0.00013448986283, 0.000112088120659, 8.64267567522e-05, 5.36576371815e-05, 3.3645908843e-05, 2.73168334388e-05, 5.04601084685e-05, 4.21300028393e-05, 2.40843182837e-05, 2.62406483671e-05, 1.01812393041e-05, 8.60363888933e-06, 6.91883224135e-06, 6.01765987085e-06, 6.23785035714e-06, 5.72198450755e-06, 5.47255694983e-06, 4.96149277751e-06, 4.8179008445e-06, 4.81882307213e-06, 5.1888150665e-06, 4.80769222122e-06, 4.6615359679e-06, 3.9214401113e-06, 3.821113296e-06, 3.19940954796e-06, 3.2097930216e-06, 2.90462503472e-06, 2.02087198886e-06]}, "spectral_entropy": {"min": 3.95515632629, "max": 9.81234931946, "dvar2": 0.20897847414, "median": 7.4237408638, "dmean2": 0.405177593231, "dmean": 0.294495493174, "var": 0.701965808868, "dvar": 0.116746120155, "mean": 7.28926420212}, "spectral_rolloff": {"min": 43.06640625, "max": 19422.9492188, "dvar2": 6626659.5, "median": 538.330078125, "dmean2": 1184.22363281, "dmean": 692.786315918, "var": 6623107, "dvar": 3038040.75, "mean": 1474.57397461}, "barkbands": {"min": [3.10742319239e-25, 7.35152730439e-24, 3.83924481961e-24, 2.06174950695e-24, 1.73412610668e-23, 2.59042120866e-23, 1.67044120803e-23, 1.38268320915e-23, 3.57097862706e-23, 3.00922856765e-23, 1.49911418782e-23, 2.83883240331e-23, 3.22627765037e-23, 4.52590611243e-23, 7.91287946236e-23, 1.22781100701e-22, 1.6185092009e-22, 9.81405822532e-23, 1.76004750804e-22, 2.50471920214e-22, 3.85915071481e-22, 4.15063317846e-22, 4.8452543618e-22, 7.0512017731e-22, 1.06602901443e-21, 1.66407948659e-21, 1.94255208143e-21], "max": [0.0548003613949, 0.195807039738, 0.101750180125, 0.088330231607, 0.0923693180084, 0.0797014087439, 0.111799113452, 0.0925883352757, 0.0570740699768, 0.0492821149528, 0.035927824676, 0.0429505854845, 0.0235774088651, 0.0183885414153, 0.0524411648512, 0.0636127367616, 0.0104737924412, 0.00922802928835, 0.011309879832, 0.00888430420309, 0.0160234812647, 0.0268684756011, 0.0193395186216, 0.0182648040354, 0.0110556287691, 0.00436293054372, 0.00283063622192], "dvar2": [1.63607783179e-05, 0.000941751117352, 0.000123469071696, 4.49024155387e-05, 4.91071987199e-05, 2.80803906207e-05, 3.05269823002e-05, 2.12714858208e-05, 1.10685768959e-05, 1.01580053524e-05, 1.31311126097e-05, 9.59038879955e-06, 1.59235787578e-06, 2.51285996455e-06, 3.24203756463e-05, 2.42460337176e-05, 1.25712540466e-06, 5.19156685641e-07, 3.0865936651e-07, 5.81275116929e-07, 9.8823522876e-07, 1.53242808665e-06, 1.04991124772e-06, 9.47678131524e-07, 5.10069583015e-07, 1.08291104084e-07, 4.80455275564e-09], "median": [0.000118241921882, 0.00365489302203, 0.000806365278549, 0.000307904207148, 0.00214325007983, 0.00130325066857, 0.000417962612119, 0.00020516855875, 0.000245050614467, 0.000122277808259, 0.00010120360821, 6.7168919486e-05, 5.21628571732e-05, 4.08854029956e-05, 5.00350179209e-05, 4.79621812701e-05, 3.19275241054e-05, 3.57426361006e-05, 4.084414104e-05, 3.23354324792e-05, 2.81287793769e-05, 3.29401300405e-05, 2.70534910669e-05, 2.24735595111e-05, 9.80709410214e-06, 7.29343628336e-06, 7.35533490115e-07], "dmean2": [0.00155551976059, 0.0140235861763, 0.00445948773995, 0.00215295515954, 0.00355724315159, 0.00280877947807, 0.00176142668352, 0.00131118914578, 0.00119804253336, 0.00115313904826, 0.00108589569572, 0.000917252444196, 0.000431570340879, 0.000447241531219, 0.00110634800512, 0.000799673900474, 0.000284629495582, 0.000222690665396, 0.000206129101571, 0.000250609242357, 0.000299032952171, 0.00033283472294, 0.000298252445646, 0.00028500155895, 0.000207704404602, 0.000134811751195, 1.40134279718e-05], "dmean": [0.00101573159918, 0.00852902326733, 0.00257697189227, 0.00126860558521, 0.00217178766616, 0.00175908266101, 0.00109758332837, 0.000813265272882, 0.000751133135054, 0.000704667356331, 0.000687901570927, 0.000582169508561, 0.000263524096226, 0.000286113267066, 0.000686199346092, 0.00046420484432, 0.000171805470018, 0.000137221490149, 0.00013042295177, 0.000156601265189, 0.000191723927855, 0.000219476365601, 0.000200824419153, 0.000193821979337, 0.000141356795211, 9.19100493775e-05, 8.8799642981e-06], "var": [1.23985155369e-05, 0.000471451377962, 4.68588550575e-05, 1.65513738466e-05, 2.18484237848e-05, 1.5877196347e-05, 1.20198119475e-05, 9.11050301511e-06, 6.7929895522e-06, 5.03701494381e-06, 6.52647622701e-06, 5.38181893717e-06, 9.30254145715e-07, 1.17207878247e-06, 1.03541397038e-05, 5.81911854169e-06, 3.75424804133e-07, 1.89336120116e-07, 1.54914431505e-07, 2.30939107837e-07, 4.52838719411e-07, 8.42190161165e-07, 6.93521144512e-07, 9.41487257933e-07, 5.32239141648e-07, 9.42413507232e-08, 2.1455817123e-09], "dvar": [6.80087305227e-06, 0.000369853543816, 4.33242676081e-05, 1.64564225997e-05, 1.84054515557e-05, 1.11956442197e-05, 1.16131068353e-05, 8.45373415359e-06, 4.56035422758e-06, 3.97269786845e-06, 5.24568849869e-06, 3.91554385715e-06, 6.54018663226e-07, 1.06756908735e-06, 1.26053118947e-05, 8.83649499883e-06, 4.77602782212e-07, 2.03305347668e-07, 1.32180076662e-07, 2.30383520261e-07, 4.15277980892e-07, 6.89036255608e-07, 4.80845983475e-07, 4.46247838681e-07, 2.51426030218e-07, 5.1293540082e-08, 1.96121474616e-09], "mean": [0.00149072881322, 0.0125563172624, 0.00306511786766, 0.00145136390347, 0.00349054671824, 0.00266035017557, 0.00148075493053, 0.00105577975046, 0.00107273377944, 0.000868705683388, 0.000872425618581, 0.000734308443498, 0.000341305218171, 0.000322965497617, 0.000631919770967, 0.000412268156651, 0.000170536717633, 0.000157706293976, 0.00015705783153, 0.000172266969457, 0.000203685893212, 0.00025454434217, 0.000251848046901, 0.000271297147265, 0.000193714644411, 0.000120300297567, 1.07518053483e-05]}, "melbands_flatness_db": {"min": -1.03543797536e-07, "max": 0.741626858711, "dvar2": 0.00420195329934, "median": 0.255446135998, "dmean2": 0.0604023002088, "dmean": 0.042012527585, "var": 0.0125166550279, "dvar": 0.00207080831751, "mean": 0.268754333258}, "melbands_skewness": {"min": -5.92605209351, "max": 38.1975479126, "dvar2": 8.36207866669, "median": 2.70420694351, "dmean2": 2.18927526474, "dmean": 1.43974781036, "var": 9.09024429321, "dvar": 3.65074515343, "mean": 3.45316576958}, "barkbands_skewness": {"min": -11.5962600708, "max": 34.3943367004, "dvar2": 4.26739168167, "median": 2.04026985168, "dmean2": 1.6281889677, "dmean": 1.08911263943, "var": 5.36494255066, "dvar": 1.90780508518, "mean": 2.32968783379}, "silence_rate_60dB": {"min": 0, "max": 1, "dvar2": 0.0663825571537, "median": 0, "dmean2": 0.0603415556252, "dmean": 0.030167914927, "var": 0.0738324522972, "dvar": 0.0292623210698, "mean": 0.0802504271269}, "spectral_energyband_low": {"min": 2.4227530831e-23, "max": 0.216258093715, "dvar2": 0.00110292318277, "median": 0.00806217826903, "dmean2": 0.0165323037654, "dmean": 0.0103995446116, "var": 0.000721957709175, "dvar": 0.000451751926448, "mean": 0.0177544150501}, "spectral_energyband_middle_low": {"min": 1.8237641189e-22, "max": 0.129002586007, "dvar2": 0.000193808446056, "median": 0.0087272580713, "dmean2": 0.00864955317229, "dmean": 0.00559874949977, "var": 0.000138019371661, "dvar": 8.08558179415e-05, "mean": 0.0114511549473}, "melbands_kurtosis": {"min": -1.95451664925, "max": 3178.16796875, "dvar2": 14768.5703125, "median": 12.3692474365, "dmean2": 38.6087036133, "dmean": 23.8654117584, "var": 6258.33154297, "dvar": 5683.59326172, "mean": 33.4474220276}, "spectral_decrease": {"min": -6.06392660529e-08, "max": 1.96485796383e-11, "dvar2": 8.82022025421e-17, "median": -6.6085812378e-09, "dmean2": 5.99417981917e-09, "dmean": 3.88435639209e-09, "var": 6.88836441814e-17, "dvar": 3.71366706473e-17, "mean": -8.57911697238e-09}, "erbbands_kurtosis": {"min": -1.90176355839, "max": 177.080932617, "dvar2": 51.6154823303, "median": 1.35696196556, "dmean2": 4.311398983, "dmean": 2.76818585396, "var": 48.536441803, "dvar": 23.8040618896, "mean": 3.28664255142}, "melbands_crest": {"min": 1.00061273575, "max": 38.1265678406, "dvar2": 33.9606704712, "median": 15.8432102203, "dmean2": 6.50848531723, "dmean": 4.04176616669, "var": 50.197555542, "dvar": 13.9745349884, "mean": 16.8318252563}, "gfcc": {"cov": [[15787.4248047, -1922.2310791, -1394.27880859, 1350.3293457, 285.086486816, 1397.77441406, -103.713378906, 605.860961914, -15.3174819946, 526.061950684, -160.921279907, 114.717010498, -422.531494141], [-1922.2310791, 3056.82666016, 74.3769607544, -508.229156494, 2.54863452911, -510.90057373, 303.588134766, -255.77822876, 39.7217102051, -242.440795898, 182.461654663, -218.157409668, 113.012573242], [-1394.27880859, 74.3769607544, 1535.10766602, 169.969268799, 106.066337585, 6.31368589401, 22.2997207642, 103.783401489, -29.7147026062, 36.3233222961, -36.9008712769, 52.0736694336, -0.455038070679], [1350.3293457, -508.229156494, 169.969268799, 1322.45153809, 329.58416748, 284.419067383, 82.7178268433, 135.415328979, 207.754440308, 32.8928260803, 10.0654535294, -26.5279273987, -21.3687591553], [285.086486816, 2.54863452911, 106.066337585, 329.58416748, 594.047546387, 176.101608276, 159.915893555, 114.45867157, 66.7949523926, 88.7099075317, -40.5849227905, 41.7485313416, -20.9260826111], [1397.77441406, -510.90057373, 6.31368589401, 284.419067383, 176.101608276, 597.094726562, 123.048812866, 130.509185791, 43.4120025635, 105.675941467, 37.3297462463, 0.714885950089, -48.4289855957], [-103.713378906, 303.588134766, 22.2997207642, 82.7178268433, 159.915893555, 123.048812866, 344.422576904, 46.2426948547, 63.3919219971, 34.6134338379, 55.5728569031, 4.37991809845, -5.03782367706], [605.860961914, -255.77822876, 103.783401489, 135.415328979, 114.45867157, 130.509185791, 46.2426948547, 249.305908203, 67.4429702759, 79.9217758179, -0.847134590149, 39.0966758728, -15.5540685654], [-15.3174819946, 39.7217102051, -29.7147026062, 207.754440308, 66.7949523926, 43.4120025635, 63.3919219971, 67.4429702759, 211.762268066, 30.1387729645, 36.4830932617, -13.9598884583, 17.8165645599], [526.061950684, -242.440795898, 36.3233222961, 32.8928260803, 88.7099075317, 105.675941467, 34.6134338379, 79.9217758179, 30.1387729645, 181.00440979, 18.6743831635, 55.3357620239, -16.3475666046], [-160.921279907, 182.461654663, -36.9008712769, 10.0654535294, -40.5849227905, 37.3297462463, 55.5728569031, -0.847134590149, 36.4830932617, 18.6743831635, 180.463012695, -0.79312735796, 34.9553985596], [114.717010498, -218.157409668, 52.0736694336, -26.5279273987, 41.7485313416, 0.714885950089, 4.37991809845, 39.0966758728, -13.9598884583, 55.3357620239, -0.79312735796, 159.946121216, 13.820857048], [-422.531494141, 113.012573242, -0.455038070679, -21.3687591553, -20.9260826111, -48.4289855957, -5.03782367706, -15.5540685654, 17.8165645599, -16.3475666046, 34.9553985596, 13.820857048, 151.270645142]], "icov": [[0.000149612678797, -0.000132049652166, 0.000203412535484, -0.000225199910346, 0.000189668426174, -0.00034037057776, 0.000221938506002, -0.000312131305691, 0.000297814869555, -0.000398983858759, 0.00029561368865, -0.000225035779295, 0.00025197546347], [-0.000132049652166, 0.000892179086804, -0.000314383360092, 0.000538829830475, -0.000591098563746, 0.000942918355577, -0.000934460607823, 0.000641725491732, -0.000527657161001, 0.000984280719422, -0.00106449064333, 0.00116457068361, -0.0003971462138], [0.000203412535484, -0.000314383360092, 0.00100250903051, -0.000490264443215, 0.00030460319249, -0.000455377128674, 0.00035931324237, -0.000803979462944, 0.000768539961427, -0.000709591200575, 0.00063698325539, -0.000583493267186, 0.000301370833768], [-0.000225199910346, 0.000538829830475, -0.000490264443215, 0.00161548948381, -0.000976768904366, 0.000368417880964, -0.000376492680516, 0.00059661368141, -0.00156732136384, 0.0013054596493, -0.000863933644723, 0.000877413607668, -0.000328071240801], [0.000189668426174, -0.000591098563746, 0.00030460319249, -0.000976768904366, 0.00303827389143, -0.000957679760177, -0.00038023700472, -0.000928806199227, 0.000575757701881, -0.00157832819968, 0.00186567229684, -0.00117317726836, 0.000277550832834], [-0.00034037057776, 0.000942918355577, -0.000455377128674, 0.000368417880964, -0.000957679760177, 0.00370900449343, -0.00163453654386, 0.000210901387618, -0.000281649670796, 0.000459154078271, -0.00178274814971, 0.00179563800339, -0.000251610559644], [0.000221938506002, -0.000934460607823, 0.00035931324237, -0.000376492680516, -0.00038023700472, -0.00163453654386, 0.00487848417833, -0.000743708747905, -0.000174926346517, -0.000874463818036, -5.61400847801e-05, -0.00124302192125, 0.000828692282084], [-0.000312131305691, 0.000641725491732, -0.000803979462944, 0.00059661368141, -0.000928806199227, 0.000210901387618, -0.000743708747905, 0.00655444385484, -0.00230542663485, -0.000185516764759, -0.000574650650378, 5.37708092452e-06, -0.000297423073789], [0.000297814869555, -0.000527657161001, 0.000768539961427, -0.00156732136384, 0.000575757701881, -0.000281649670796, -0.000174926346517, -0.00230542663485, 0.00746448291466, -0.00188202026766, 3.21401748806e-05, 0.000310120143695, -0.000364731065929], [-0.000398983858759, 0.000984280719422, -0.000709591200575, 0.0013054596493, -0.00157832819968, 0.000459154078271, -0.000874463818036, -0.000185516764759, -0.00188202026766, 0.0095106838271, -0.00237663579173, -0.000919256475754, 9.55893992796e-05], [0.00029561368865, -0.00106449064333, 0.00063698325539, -0.000863933644723, 0.00186567229684, -0.00178274814971, -5.61400847801e-05, -0.000574650650378, 3.21401748806e-05, -0.00237663579173, 0.00827337801456, -0.00140632188413, -0.000916690391023], [-0.000225035779295, 0.00116457068361, -0.000583493267186, 0.000877413607668, -0.00117317726836, 0.00179563800339, -0.00124302192125, 5.37708092452e-06, 0.000310120143695, -0.000919256475754, -0.00140632188413, 0.00914915185422, -0.00165149779059], [0.00025197546347, -0.0003971462138, 0.000301370833768, -0.000328071240801, 0.000277550832834, -0.000251610559644, 0.000828692282084, -0.000297423073789, -0.000364731065929, 9.55893992796e-05, -0.000916690391023, -0.00165149779059, 0.00793661922216]], "mean": [-42.0687484741, 89.4831848145, -83.4609985352, 23.9149494171, -60.1383743286, 8.37732410431, -32.9147186279, 4.14747905731, -19.3589878082, 2.38387870789, -12.7003965378, 5.38991641998, -6.48394155502]}, "melbands_spread": {"min": 0.100710511208, "max": 299.250762939, "dvar2": 1122.46179199, "median": 10.2539405823, "dmean2": 15.7578544617, "dmean": 10.244052887, "var": 1132.84765625, "dvar": 542.351928711, "mean": 20.4561080933}, "spectral_energy": {"min": 1.02817645412e-20, "max": 0.230560496449, "dvar2": 0.00138895737473, "median": 0.0266623683274, "dmean2": 0.0238454733044, "dmean": 0.01547715161, "var": 0.0010622079717, "dvar": 0.000583789253142, "mean": 0.0344715751708}, "mfcc": {"cov": [[12788.4941406, -1085.52624512, -1319.80993652, -32.9305686951, 361.232086182, 768.035888672, 287.170471191, 322.991912842, 258.955047607, 358.097137451, 215.474151611, 158.372573853, 273.448120117], [-1085.52624512, 2753.48193359, 28.0023803711, -119.668022156, -275.799804688, -240.987792969, 95.5846405029, -76.7421569824, -116.20980835, -46.5139465332, -19.71185112, -61.0245361328, -29.649810791], [-1319.80993652, 28.0023803711, 1260.6505127, 175.778671265, 95.7039718628, -42.7619667053, 26.2371006012, 19.7698287964, -0.708350598812, -21.5844898224, 24.9700241089, 13.8339061737, -34.4906425476], [-32.9305686951, -119.668022156, 175.778671265, 885.65057373, 287.260955811, 154.676055908, 9.48804759979, 126.597877502, 142.144668579, 58.7659072876, 38.9387245178, 81.1905517578, 15.5521183014], [361.232086182, -275.799804688, 95.7039718628, 287.260955811, 473.641448975, 179.585617065, 78.7138671875, 93.8432159424, 141.546051025, 76.1072998047, 43.3093605042, 51.6139640808, 50.8636932373], [768.035888672, -240.987792969, -42.7619667053, 154.676055908, 179.585617065, 444.038787842, 179.212844849, 127.087738037, 100.089546204, 97.4819717407, 75.7427215576, 64.4519042969, 43.9969100952], [287.170471191, 95.5846405029, 26.2371006012, 9.48804759979, 78.7138671875, 179.212844849, 305.015625, 101.542121887, 53.6557922363, 57.8701248169, 71.7056350708, 43.710269928, 40.7781715393], [322.991912842, -76.7421569824, 19.7698287964, 126.597877502, 93.8432159424, 127.087738037, 101.542121887, 203.534317017, 92.748085022, 58.9920082092, 56.0384635925, 57.1150741577, 29.5159873962], [258.955047607, -116.20980835, -0.708350598812, 142.144668579, 141.546051025, 100.089546204, 53.6557922363, 92.748085022, 220.179916382, 67.1064910889, 40.1283683777, 37.8477592468, 45.7815933228], [358.097137451, -46.5139465332, -21.5844898224, 58.7659072876, 76.1072998047, 97.4819717407, 57.8701248169, 58.9920082092, 67.1064910889, 158.470611572, 73.0341873169, 41.6497688293, 31.2902622223], [215.474151611, -19.71185112, 24.9700241089, 38.9387245178, 43.3093605042, 75.7427215576, 71.7056350708, 56.0384635925, 40.1283683777, 73.0341873169, 150.484024048, 58.0780639648, 28.5163993835], [158.372573853, -61.0245361328, 13.8339061737, 81.1905517578, 51.6139640808, 64.4519042969, 43.710269928, 57.1150741577, 37.8477592468, 41.6497688293, 58.0780639648, 125.146347046, 41.1587333679], [273.448120117, -29.649810791, -34.4906425476, 15.5521183014, 50.8636932373, 43.9969100952, 40.7781715393, 29.5159873962, 45.7815933228, 31.2902622223, 28.5163993835, 41.1587333679, 102.743087769]], "icov": [[0.000105262130091, 2.4897764888e-05, 9.85671504168e-05, 2.91582546197e-05, -2.50201774179e-05, -0.000114168957225, 1.93838277482e-05, -7.48424427002e-05, 2.85125006485e-05, -0.000101388191979, -3.08584458253e-05, 3.67643879144e-05, -0.000157199130626], [2.4897764888e-05, 0.000434469460743, 2.37799995375e-05, -8.66368718562e-05, 0.000214939602301, 0.000270180142252, -0.000402272504289, 7.00808159309e-05, 8.37475745357e-05, -9.78954412858e-05, -1.24896114357e-05, 0.000149506420712, -6.62942475174e-05], [9.85671504168e-05, 2.37799995375e-05, 0.00095714937197, -0.000135044334456, -0.000233699058299, 0.000150102350744, -0.000182897856575, -9.12423274713e-05, 0.000121461162053, 0.000121973396745, -0.000271524273558, -3.52428833139e-05, 0.000234714374528], [2.91582546197e-05, -8.66368718562e-05, -0.000135044334456, 0.0016429068055, -0.000772533938289, -0.000344705418684, 0.000620234932285, -0.000554904749151, -0.000421331322286, 6.12852381892e-05, 0.000114530084829, -0.000695590279065, 0.000462621392217], [-2.50201774179e-05, 0.000214939602301, -0.000233699058299, -0.000772533938289, 0.00343727204017, -0.000550579919945, -0.000329311296809, 0.000159834991791, -0.00109808682464, -0.00043351657223, 0.000266193732386, 0.0001653306972, -0.00073277374031], [-0.000114168957225, 0.000270180142252, 0.000150102350744, -0.000344705418684, -0.000550579919945, 0.00408030766994, -0.0018678328488, -0.000566513335798, -7.11436005076e-05, -0.000790280173533, -8.86481429916e-05, -0.00025773330708, 0.00031399432919], [1.93838277482e-05, -0.000402272504289, -0.000182897856575, 0.000620234932285, -0.000329311296809, -0.0018678328488, 0.00542574981228, -0.00161392602604, 0.00011381112563, 0.000128012514324, -0.00111257052049, 5.63849644095e-05, -0.000853380188346], [-7.48424427002e-05, 7.00808159309e-05, -9.12423274713e-05, -0.000554904749151, 0.000159834991791, -0.000566513335798, -0.00161392602604, 0.00800893828273, -0.00198238343, -0.000363429426216, -0.000478700269014, -0.00160331348889, 0.00054516812088], [2.85125006485e-05, 8.37475745357e-05, 0.000121461162053, -0.000421331322286, -0.00109808682464, -7.11436005076e-05, 0.00011381112563, -0.00198238343, 0.00707241566852, -0.00138705119025, 2.02711435122e-05, 0.000522021553479, -0.00179249967914], [-0.000101388191979, -9.78954412858e-05, 0.000121973396745, 6.12852381892e-05, -0.00043351657223, -0.000790280173533, 0.000128012514324, -0.000363429426216, -0.00138705119025, 0.00959977786988, -0.00339496042579, -0.000353140028892, -0.000341907638358], [-3.08584458253e-05, -1.24896114357e-05, -0.000271524273558, 0.000114530084829, 0.000266193732386, -8.86481429916e-05, -0.00111257052049, -0.000478700269014, 2.02711435122e-05, -0.00339496042579, 0.0102225765586, -0.00304341060109, -0.000137885668664], [3.67643879144e-05, 0.000149506420712, -3.52428833139e-05, -0.000695590279065, 0.0001653306972, -0.00025773330708, 5.63849644095e-05, -0.00160331348889, 0.000522021553479, -0.000353140028892, -0.00304341060109, 0.0117683876306, -0.0034892631229], [-0.000157199130626, -6.62942475174e-05, 0.000234714374528, 0.000462621392217, -0.00073277374031, 0.00031399432919, -0.000853380188346, 0.00054516812088, -0.00179249967914, -0.000341907638358, -0.000137885668664, -0.0034892631229, 0.012890339829]], "mean": [-693.260009766, 123.661735535, 27.0695018768, 21.1423377991, 0.0481186173856, 4.58314752579, -2.6231303215, 3.10407137871, -2.37430334091, 1.62369954586, -3.84324431419, -2.61168718338, 0.503888726234]}, "spectral_contrast_valleys": {"min": [-27.9447975159, -27.6083183289, -27.7447986603, -27.4803829193, -27.4052963257, -27.3721199036], "max": [-4.91487693787, -4.33262681961, -4.81309938431, -4.95589637756, -5.13841485977, -7.16342067719], "dvar2": [0.516255438328, 0.576914012432, 0.581981778145, 0.619834780693, 0.581775963306, 0.588103711605], "median": [-7.11901664734, -6.89487457275, -7.63596153259, -8.1558265686, -8.01214599609, -10.2490196228], "dmean2": [0.772765934467, 0.778026580811, 0.743350625038, 0.678180813789, 0.593622207642, 0.608714580536], "dmean": [0.490103065968, 0.511520087719, 0.498290747404, 0.468705534935, 0.445105075836, 0.482875794172], "var": [2.7473051548, 1.77780270576, 2.12695169449, 2.33760261536, 2.49847316742, 2.75870466232], "dvar": [0.255660563707, 0.288620650768, 0.296149611473, 0.307990163565, 0.313783079386, 0.337974816561], "mean": [-7.57130861282, -7.08576726913, -7.80320978165, -8.3809223175, -8.27832126617, -10.4844017029]}, "barkbands_flatness_db": {"min": 0.0187463555485, "max": 0.596497952938, "dvar2": 0.00290347798727, "median": 0.171667516232, "dmean2": 0.0512086711824, "dmean": 0.0346539393067, "var": 0.00790772866458, "dvar": 0.00137208646629, "mean": 0.186806663871}, "dynamic_complexity": 3.67726898193, "erbbands_flatness_db": {"min": 0.0266546178609, "max": 0.509145438671, "dvar2": 0.0014660571469, "median": 0.157774418592, "dmean2": 0.0379818119109, "dmean": 0.0262940470129, "var": 0.00495754275471, "dvar": 0.000765584351029, "mean": 0.170367583632}, "hfc": {"min": 1.13342246296e-16,