{"lowlevel": {"spectral_complexity": {"min": 0, "max": 60, "dvar2": 55.1945610046, "median": 6, "dmean2": 4.97847652435, "dmean": 3.67867183685, "var": 142.129608154, "dvar": 38.2218475342, "mean": 10.5931491852}, "silence_rate_20dB": {"min": 1, "max": 1, "dvar2": 0, "median": 1, "dmean2": 0, "dmean": 0, "var": 0, "dvar": 0, "mean": 1}, "average_loudness": 0.706040620804, "erbbands_spread": {"min": 0.556080102921, "max": 209.571563721, "dvar2": 887.34375, "median": 38.1930160522, "dmean2": 23.8187446594, "dmean": 15.9550714493, "var": 982.608581543, "dvar": 410.860412598, "mean": 43.7985343933}, "spectral_kurtosis": {"min": -1.41046905518, "max": 136.051635742, "dvar2": 78.5506668091, "median": 3.43360519409, "dmean2": 4.74575281143, "dmean": 3.11529445648, "var": 116.130027771, "dvar": 34.3804130554, "mean": 6.71881580353}, "barkbands_kurtosis": {"min": -1.97087824345, "max": 13223.4287109, "dvar2": 48005.1796875, "median": 5.14672470093, "dmean2": 29.7648468018, "dmean": 18.7925643921, "var": 47538.3164062, "dvar": 20492.8496094, "mean": 28.2298946381}, "spectral_strongpeak": {"min": 0, "max": 13.2767190933, "dvar2": 1.06397926807, "median": 0.357844829559, "dmean2": 0.576133728027, "dmean": 0.348993837833, "var": 0.675182759762, "dvar": 0.430988192558, "mean": 0.621469974518}, "spectral_spread": {"min": 511125.25, "max": 42318852, "dvar2": 3797898231810.0, "median": 4881014, "dmean2": 1501081.75, "dmean": 1133647, "var": 10759600865300.0, "dvar": 2383257796610.0, "mean": 5635780.5}, "spectral_rms": {"min": 3.14691675496e-12, "max": 0.0124257346615, "dvar2": 4.31620401287e-06, "median": 0.00302751874551, "dmean2": 0.00146081426647, "dmean": 0.000995201640762, "var": 6.83545067659e-06, "dvar": 2.02920682568e-06, "mean": 0.00350153353065}, "erbbands": {"min": [7.01067817772e-23, 7.17584331074e-22, 3.61332161337e-21, 9.42728050604e-21, 1.61705247142e-20, 4.97895520332e-20, 7.30200535821e-20, 1.16358785909e-19, 9.73972859539e-20, 2.1310106114e-19, 4.31960979555e-19, 4.59645086145e-19, 1.03351326833e-18, 1.59396173755e-18, 1.77292329705e-18, 1.88421238346e-18, 1.72240665326e-18, 2.08843914079e-18, 3.06287299843e-18, 5.79488946827e-18, 5.33106655134e-18, 5.95486495796e-18, 5.09562696077e-18, 8.10550808082e-18, 1.0066051864e-17, 1.02631210275e-17, 1.10560720791e-17, 1.02937109938e-17, 1.08446736659e-17, 1.58086093372e-17, 1.20696992018e-17, 1.32886598494e-17, 1.12948410717e-17, 8.7067252839e-18, 6.8932546272e-18, 3.75421463117e-18, 2.81474983393e-18, 9.92158787197e-19, 2.48277718021e-19, 2.55264528145e-20], "max": [6.34683799744, 30.6194324493, 62.967212677, 142.761398315, 240.427597046, 491.155426025, 383.237487793, 320.553741455, 327.229766846, 1023.96765137, 1718.9666748, 1226.59484863, 968.644287109, 1891.55200195, 686.038146973, 1256.33154297, 1281.48730469, 2043.09643555, 1303.21520996, 1319.20812988, 664.541809082, 1427.19104004, 1131.32751465, 569.494506836, 1261.84020996, 846.598815918, 405.600311279, 619.922180176, 363.539398193, 375.969787598, 543.748779297, 148.774536133, 76.7390899658, 49.321346283, 24.4578933716, 15.7045640945, 4.62082386017, 1.12666738033, 0.168176144361, 0.00715331826359], "dvar2": [0.294979512691, 14.5008468628, 79.4741821289, 127.172164917, 1000.72210693, 3137.83398438, 319.486816406, 307.426422119, 686.277404785, 5025.55517578, 3649.15087891, 1494.26342773, 3130.89526367, 2634.23095703, 1235.49377441, 3208.22021484, 5370.91748047, 9488.77636719, 4775.36865234, 1563.87207031, 1040.49597168, 2164.35302734, 1071.26843262, 802.518127441, 1024.47290039, 673.189819336, 321.680114746, 547.604309082, 301.989135742, 178.345199585, 137.250976562, 38.9740905762, 13.7046098709, 9.71104335785, 2.51929068565, 2.36389732361, 0.154355883598, 0.011319629848, 0.000205770789762, 5.4008052075e-07], "median": [0.00425588246435, 0.0318503379822, 0.130258902907, 0.528988480568, 2.67570996284, 5.4835562706, 3.4137237072, 1.53829646111, 2.27347183228, 3.12642741203, 2.2630147934, 1.69173228741, 0.875850379467, 0.823483467102, 0.656026899815, 0.801459729671, 1.14271318913, 1.3534308672, 1.44360363483, 1.45932769775, 0.886058747768, 0.618742644787, 0.71302741766, 1.26537597179, 1.52704918385, 1.34940302372, 0.967509508133, 0.947385847569, 0.883897781372, 0.56806153059, 0.404014289379, 0.269578903913, 0.17851755023, 0.102796167135, 0.0401675067842, 0.0121351256967, 0.00287280627526, 0.000478808564367, 6.71922025504e-05, 2.2921094569e-05], "dmean2": [0.18400464952, 1.20170581341, 3.10965228081, 4.61997652054, 11.801530838, 26.3001098633, 8.60945701599, 6.76227426529, 10.6565275192, 25.1484394073, 16.4765853882, 12.8124504089, 16.4964485168, 15.2035131454, 12.2733135223, 15.7712211609, 19.935333252, 26.578496933, 22.8827018738, 14.0254926682, 10.6608867645, 13.7213745117, 10.5236063004, 9.8670129776, 9.78955364227, 8.81857013702, 6.76240873337, 7.63915538788, 5.66647815704, 3.54931020737, 2.77172851562, 2.03931355476, 1.50822126865, 1.21348309517, 0.723520934582, 0.605581283569, 0.172805696726, 0.0460768714547, 0.0068483799696, 0.000341416423908], "dmean": [0.117641113698, 0.676415264606, 1.76685082912, 2.69878768921, 6.79516267776, 15.818277359, 5.34882164001, 4.16672515869, 6.65233898163, 16.4106826782, 10.6701936722, 8.35666656494, 10.4874982834, 9.88943767548, 8.22669219971, 10.6316509247, 13.2009906769, 17.1013050079, 14.5551929474, 9.2998714447, 7.27581453323, 9.0508813858, 7.12324333191, 6.61855268478, 6.82388544083, 6.15634393692, 4.68171644211, 5.15311527252, 3.87860178947, 2.42324757576, 1.91276526451, 1.42608034611, 1.099640131, 0.90787756443, 0.564300596714, 0.440538197756, 0.134446129203, 0.0354904383421, 0.00524101126939, 0.000269890995696], "var": [0.288304030895, 5.43094730377, 26.4484653473, 57.9671173096, 299.452850342, 2063.39941406, 292.054840088, 172.118652344, 412.306762695, 2922.20703125, 2405.80932617, 1047.5559082, 1595.06542969, 2329.48217773, 967.627380371, 1711.93908691, 2716.49951172, 5003.07128906, 3297.61206055, 1468.27734375, 741.735290527, 1131.6184082, 997.720153809, 682.960205078, 928.525268555, 609.485046387, 276.988220215, 492.30255127, 235.002441406, 101.855827332, 97.440864563, 28.8728733063, 11.5792598724, 6.89073562622, 2.52840471268, 1.50454652309, 0.157020106912, 0.0118586886674, 0.000260775821516, 6.00928103722e-07], "dvar": [0.136432096362, 5.1669216156, 28.151550293, 46.4503860474, 358.056518555, 1207.18347168, 135.438461304, 123.986297607, 275.645141602, 2149.10644531, 1664.8260498, 689.073181152, 1311.80981445, 1329.75952148, 573.269348145, 1399.95043945, 2256.96020508, 3940.95996094, 2045.29443359, 779.525634766, 465.612976074, 899.489135742, 520.712158203, 358.035522461, 490.454833984, 313.243011475, 153.306030273, 263.395080566, 141.804534912, 80.4510803223, 71.3939819336, 18.0929546356, 6.66803646088, 4.68663930893, 1.4682546854, 1.13237607479, 0.0911639109254, 0.00667920708656, 0.000134291360155, 3.26599945311e-07], "mean": [0.157619073987, 0.714097261429, 1.93433105946, 3.27155661583, 8.13107776642, 25.5303993225, 9.65760231018, 5.89400720596, 9.89284229279, 22.6783332825, 13.8075580597, 11.4882583618, 12.5287942886, 13.0413322449, 11.573346138, 12.9908761978, 15.6921453476, 20.5363845825, 19.465883255, 12.9692316055, 9.50009632111, 11.2543182373, 9.89151954651, 9.43682384491, 10.2988700867, 9.19630241394, 6.62291383743, 7.45732927322, 5.60412836075, 3.38277244568, 2.6151509285, 1.94191253185, 1.41720235348, 1.08342921734, 0.682995259762, 0.469493031502, 0.158995658159, 0.0432417802513, 0.00663037411869, 0.000338834506692]}, "zerocrossingrate": {"min": 0.001953125, "max": 0.75048828125, "dvar2": 0.000819968059659, "median": 0.05517578125, "dmean2": 0.022650193423, "dmean": 0.0217803288251, "var": 0.0054226713255, "dvar": 0.000875642756, "mean": 0.0736887827516}, "spectral_contrast_coeffs": {"min": [-0.982250273228, -0.980895996094, -0.978852033615, -0.96600317955, -0.963958442211, -0.962177634239], "max": [-0.253089845181, -0.253235042095, -0.387731701136, -0.41995242238, -0.496640920639, -0.553606450558], "dvar2": [0.00713698659092, 0.00602718675509, 0.00357837043703, 0.00264530465938, 0.00147139606997, 0.00123112369329], "median": [-0.59824603796, -0.741562604904, -0.800045371056, -0.801670253277, -0.811415314674, -0.778717339039], "dmean2": [0.0990927964449, 0.0875716209412, 0.0677325427532, 0.0578730776906, 0.0416642911732, 0.0359802767634], "dmean": [0.0641588419676, 0.0576344840229, 0.0444884486496, 0.0386891439557, 0.0280380789191, 0.0252950936556], "var": [0.0193256065249, 0.0120259672403, 0.0082795387134, 0.00762200169265, 0.00419598212466, 0.00369532778859], "dvar": [0.00337776634842, 0.00294154603034, 0.00181713141501, 0.00135262333788, 0.000749289640225, 0.000632889044937], "mean": [-0.601842820644, -0.730784833431, -0.786098301411, -0.783455491066, -0.801149129868, -0.781602740288]}, "dissonance": {"min": 0.165000855923, "max": 0.500000119209, "dvar2": 0.00195928872563, "median": 0.465482056141, "dmean2": 0.0400054119527, "dmean": 0.0256737284362, "var": 0.00267743808217, "dvar": 0.00084840436466, "mean": 0.448882579803}, "spectral_energyband_high": {"min": 6.79002030248e-21, "max": 0.0337348766625, "dvar2": 2.58744466919e-06, "median": 0.000159379007528, "dmean2": 0.000720595067833, "dmean": 0.000547626172192, "var": 2.72630609288e-06, "dvar": 1.36456981181e-06, "mean": 0.000827054260299}, "spectral_skewness": {"min": -0.408957451582, "max": 9.80739116669, "dvar2": 0.518674314022, "median": 1.47653710842, "dmean2": 0.560762941837, "dmean": 0.390310913324, "var": 1.10099291801, "dvar": 0.253479897976, "mean": 1.73804867268}, "spectral_flux": {"min": 6.59338417197e-11, "max": 0.34101703763, "dvar2": 0.00418169656768, "median": 0.0521407090127, "dmean2": 0.0486968196929, "dmean": 0.0316633731127, "var": 0.00406098878011, "dvar": 0.00197145133279, "mean": 0.0710729658604}, "silence_rate_30dB": {"min": 0, "max": 1, "dvar2": 0.0165027678013, "median": 1, "dmean2": 0.0137046473101, "dmean": 0.00685172155499, "var": 0.00818853266537, "dvar": 0.00680426321924, "mean": 0.991743505001}, "spectral_energyband_middle_high": {"min": 1.23624656804e-21, "max": 0.0789686217904, "dvar2": 2.86430276901e-05, "median": 0.000467300007585, "dmean2": 0.00225627887994, "dmean": 0.00164415128529, "var": 3.58767974831e-05, "dvar": 1.55086181621e-05, "mean": 0.00281447824091}, "barkbands_spread": {"min": 0.00511743919924, "max": 151.722930908, "dvar2": 418.459228516, "median": 15.912771225, "dmean2": 14.92993927, "dmean": 9.91313266754, "var": 453.409301758, "dvar": 194.906448364, "mean": 21.4850292206}, "spectral_centroid": {"min": 56.8861122131, "max": 11535.3867188, "dvar2": 476469.71875, "median": 1015.83215332, "dmean2": 530.252502441, "dmean": 364.969543457, "var": 1070836.75, "dvar": 256232.359375, "mean": 1265.17272949}, "pitch_salience": {"min": 0.00536783225834, "max": 0.94128036499, "dvar2": 0.0211186166853, "median": 0.532303750515, "dmean2": 0.157770827413, "dmean": 0.0980538055301, "var": 0.0241726003587, "dvar": 0.00878177490085, "mean": 0.521973192692}, "erbbands_skewness": {"min": -6.653383255, "max": 16.5878677368, "dvar2": 1.33330476284, "median": 0.489825129509, "dmean2": 0.997735857964, "dmean": 0.684301614761, "var": 2.80433320999, "dvar": 0.65361481905, "mean": 0.730626821518}, "erbbands_crest": {"min": 2.48387312889, "max": 31.8521442413, "dvar2": 21.1472415924, "median": 9.06593513489, "dmean2": 4.92922210693, "dmean": 3.09549427032, "var": 27.3061408997, "dvar": 9.27745056152, "mean": 10.3184766769}, "melbands": {"min": [1.27764158729e-24, 1.8581587068e-24, 2.05596301499e-24, 1.98407471234e-24, 2.4953973906e-24, 2.97219557134e-24, 1.86981274617e-24, 1.81226179326e-24, 3.07198805357e-24, 2.2715549533e-24, 5.18790272242e-24, 6.78110277268e-24, 5.36712639806e-24, 4.29856697028e-24, 4.6654571054e-24, 4.22718610241e-24, 3.54745897583e-24, 4.62618997612e-24, 4.94723230429e-24, 7.30958909208e-24, 5.09086730905e-24, 5.11059987573e-24, 3.91203301533e-24, 4.3147847672e-24, 5.96813230605e-24, 7.39022487609e-24, 5.48106078974e-24, 6.49550948701e-24, 5.42402851287e-24, 6.94804625061e-24, 4.69393813952e-24, 5.54939823224e-24, 7.59433790215e-24, 7.11337335254e-24, 5.44042538122e-24, 6.9345796061e-24, 7.61350327785e-24, 7.68121515364e-24, 7.63273886216e-24, 6.27695636208e-24], "max": [0.0435612313449, 0.0261632259935, 0.0238145142794, 0.0318575166166, 0.0109875947237, 0.00649227201939, 0.00465965410694, 0.011280067265, 0.011947831139, 0.00715003907681, 0.00473810965195, 0.00718397647142, 0.0028644609265, 0.00248468387872, 0.00336082023568, 0.00436682347208, 0.00392248574644, 0.00303035788238, 0.00278191780671, 0.00093544065021, 0.000649388646707, 0.00133907212876, 0.00104160129558, 0.00105277390685, 0.000484682648676, 0.0008683273918, 0.000712150824256, 0.000526785035618, 0.000182942283573, 0.000438381510321, 0.000303145294311, 0.000202305047424, 0.000206004304346, 0.000223965558689, 0.000371358823031, 0.000216415937757, 8.29383207019e-05, 6.77193384035e-05, 4.77571375086e-05, 4.80740163766e-05], "dvar2": [1.95056327357e-05, 2.26395368372e-05, 3.92545689465e-06, 1.23775635075e-05, 8.17928480501e-07, 1.4227261147e-07, 1.59775098041e-07, 6.40626694803e-07, 2.04378338253e-07, 6.96587463267e-08, 7.86012677167e-08, 4.25046913222e-08, 2.24118181791e-08, 1.68559033398e-08, 2.04774792678e-08, 4.598352632e-08, 3.45441897309e-08, 1.74348073756e-08, 5.19352205686e-09, 2.14139150856e-09, 1.82020321038e-09, 2.63475885554e-09, 1.24355536979e-09, 9.80527659067e-10, 6.45796027765e-10, 6.6882227534e-10, 5.13343978437e-10, 3.29701543844e-10, 1.18035775598e-10, 2.17320508811e-10, 2.03400490895e-10, 1.17100260044e-10, 8.36491154121e-11, 5.08665540244e-11, 5.72760207318e-11, 3.65852244333e-11, 1.3054240848e-11, 7.45254986195e-12, 7.29787844739e-12, 7.85733977882e-12], "median": [3.97108669858e-05, 6.52803792036e-05, 0.000134953501401, 0.000373143935576, 0.000149069557665, 2.65770340775e-05, 4.07554762205e-05, 3.13293203362e-05, 1.40138963616e-05, 9.45727333601e-06, 3.70078623746e-06, 3.0357768992e-06, 2.13583916775e-06, 1.63598235758e-06, 2.05664878195e-06, 2.05383162211e-06, 2.27436976274e-06, 1.96803330255e-06, 1.86377553746e-06, 1.5214461655e-06, 5.92709852754e-07, 5.87018462284e-07, 5.53640973067e-07, 6.04691138051e-07, 9.33136732328e-07, 1.09313339181e-06, 9.25579797695e-07, 8.09045616279e-07, 5.96862150815e-07, 4.51655324696e-07, 5.46242176824e-07, 4.48394814612e-07, 4.15175293256e-07, 2.55343650224e-07, 2.25505260687e-07, 1.83988191793e-07, 1.47642097659e-07, 1.25916329807e-07, 9.87090302829e-08, 7.73387824893e-08], "dmean2": [0.0015082397731, 0.00159253738821, 0.000896802637726, 0.00148536614142, 0.000461821822682, 0.000149284576764, 0.000170615778188, 0.00027441594284, 0.000123878053273, 8.65358088049e-05, 8.35692480905e-05, 6.27363988315e-05, 4.77218673041e-05, 3.75650706701e-05, 4.31818698416e-05, 5.32907615707e-05, 5.02418042743e-05, 4.0100512706e-05, 2.30526256928e-05, 1.52412994794e-05, 1.34638448799e-05, 1.54850768013e-05, 1.09778839033e-05, 9.84438156593e-06, 8.41082146508e-06, 8.04621504358e-06, 6.95853123034e-06, 6.04279466643e-06, 4.30878390034e-06, 4.60874161945e-06, 4.63071819468e-06, 3.62140508514e-06, 2.47817706622e-06, 1.91069125322e-06, 1.67386951944e-06, 1.55885857112e-06, 1.23520351281e-06, 1.04567641301e-06, 1.13300029625e-06, 1.0265362107e-06], "dmean": [0.000938784563914, 0.000900682469364, 0.000521359965205, 0.000878611230291, 0.000287801056402, 9.21001192182e-05, 0.000107264328108, 0.000179279770236, 7.95821324573e-05, 5.570029316e-05, 5.29515746166e-05, 4.04998063459e-05, 3.12704614771e-05, 2.52282752626e-05, 2.86062349915e-05, 3.40002770827e-05, 3.19862338074e-05, 2.53194084507e-05, 1.50281994138e-05, 1.00635706985e-05, 9.01922430785e-06, 1.01954683487e-05, 7.36912761568e-06, 6.57931695969e-06, 5.50534105059e-06, 5.50083041162e-06, 4.7129997256e-06, 4.1679268179e-06, 2.9550187719e-06, 3.03946080749e-06, 3.09583538183e-06, 2.45379305852e-06, 1.65628239301e-06, 1.28434032831e-06, 1.14428303277e-06, 1.03967170162e-06, 8.56829956319e-07, 7.47745275476e-07, 8.15871715076e-07, 7.61402532135e-07], "var": [1.59714018082e-05, 7.23644188838e-06, 1.70089003859e-06, 5.22269874637e-06, 8.75691569036e-07, 8.18606835651e-08, 1.01775022188e-07, 3.5468895021e-07, 1.38497611601e-07, 4.32463096445e-08, 4.02285103007e-08, 3.72971626916e-08, 1.5498853756e-08, 9.90296644687e-09, 1.23347261294e-08, 2.06098356159e-08, 1.73895706723e-08, 1.14123963613e-08, 3.93730292814e-09, 1.46172296489e-09, 1.18321852316e-09, 1.37810662881e-09, 8.52208192903e-10, 8.85966411346e-10, 4.67256233705e-10, 5.76348524461e-10, 4.04139194332e-10, 2.70296507399e-10, 9.77897762766e-11, 1.53639656553e-10, 1.83001364062e-10, 9.72506936092e-11, 4.27692291305e-11, 2.79059778757e-11, 3.6018275168e-11, 2.41011585689e-11, 9.29658607041e-12, 5.84887390256e-12, 5.57015154487e-12, 5.04216330147e-12], "dvar": [8.37991683511e-06, 7.97466236691e-06, 1.43881857184e-06, 4.53699522041e-06, 3.51074959326e-07, 5.7802218123e-08, 6.48567848316e-08, 2.74507726772e-07, 9.49907885683e-08, 3.05304972414e-08, 3.30212834854e-08, 2.13097344215e-08, 9.84720927022e-09, 7.31732718862e-09, 9.27831322883e-09, 1.83278121568e-08, 1.42631151334e-08, 7.43376293855e-09, 2.3843369501e-09, 9.46977607441e-10, 8.01325616973e-10, 1.09694764383e-09, 5.45339939872e-10, 4.69445371465e-10, 2.76247663633e-10, 3.13473136337e-10, 2.26991009322e-10, 1.50390255804e-10, 5.57615377483e-11, 1.00197433683e-10, 9.73028810303e-11, 5.58950281893e-11, 3.60505965358e-11, 2.23741563471e-11, 2.86119912485e-11, 1.73161693318e-11, 5.81789954754e-12, 3.48228629092e-12, 3.59556460126e-12, 3.68167735881e-12], "mean": [0.00122921506409, 0.00100558681879, 0.000641905178782, 0.00127440609504, 0.000540198467206, 0.000126771570649, 0.000164905024576, 0.00023987898021, 0.000102376936411, 7.37602968002e-05, 6.19890415692e-05, 5.18559536431e-05, 4.2701329221e-05, 3.0871535273e-05, 3.46809392795e-05, 3.88541229768e-05, 3.68907240045e-05, 3.2903131796e-05, 1.95642987819e-05, 1.31860460897e-05, 1.08893673314e-05, 1.21806488096e-05, 9.27778455662e-06, 8.76349076862e-06, 7.33533897801e-06, 7.90107151261e-06, 6.8844406087e-06, 5.85650059293e-06, 4.01411807616e-06, 4.07233346778e-06, 4.39515952166e-06, 3.43680062542e-06, 2.25244934882e-06, 1.71796625636e-06, 1.4914444364e-06, 1.39660596687e-06, 1.10962969302e-06, 9.68275003288e-07, 9.75184093477e-07, 8.94842969501e-07]}, "spectral_entropy": {"min": 3.09127426147, "max": 9.81281280518, "dvar2": 0.284183323383, "median": 7.47195672989, "dmean2": 0.458454191685, "dmean": 0.347124397755, "var": 0.734560370445, "dvar": 0.16408225894, "mean": 7.30115127563}, "spectral_rolloff": {"min": 21.533203125, "max": 21963.8671875, "dvar2": 8209940.5, "median": 645.99609375, "dmean2": 1499.42407227, "dmean": 905.611755371, "var": 8494544, "dvar": 3926063.5, "mean": 1860.21533203}, "barkbands": {"min": [4.09831852449e-25, 5.54401504542e-24, 3.01141181909e-24, 3.24328525483e-24, 1.28882635302e-23, 1.15681844803e-23, 1.50159263101e-23, 1.4856044715e-23, 1.95774292976e-23, 2.40400738141e-23, 3.38277187675e-23, 4.9674501782e-23, 3.09555109215e-23, 3.78807914352e-23, 6.55619016668e-23, 1.02411973754e-22, 9.49344874513e-23, 9.64170600148e-23, 2.00027256686e-22, 1.90004532761e-22, 3.27714756673e-22, 3.58141109165e-22, 3.76210365785e-22, 6.99720935596e-22, 9.74691391916e-22, 1.3734291008e-21, 2.0597750449e-21], "max": [0.0184802655131, 0.145487800241, 0.0697418898344, 0.0546189472079, 0.116038158536, 0.0290138218552, 0.0329489260912, 0.0661608204246, 0.0408030152321, 0.0234014224261, 0.0398685596883, 0.0280420240015, 0.0392644107342, 0.0351103916764, 0.0263988301158, 0.0125016048551, 0.0244123507291, 0.0168853104115, 0.0187215413898, 0.0191504601389, 0.0139992283657, 0.0103323506191, 0.0171260684729, 0.00530021172017, 0.00407097069547, 0.00269727199338, 0.000949106004555], "dvar2": [3.32348622578e-06, 0.000257598760072, 6.57825585222e-05, 1.51177573571e-05, 0.000179654394742, 3.52676602233e-06, 4.994109986e-06, 1.25326514535e-05, 4.33117611465e-06, 2.0091715669e-06, 1.77557058123e-06, 1.58325644861e-06, 3.82940879717e-06, 3.53182394974e-06, 1.14017768738e-06, 3.19140866623e-07, 7.52451853714e-07, 3.37284006946e-07, 3.33359452043e-07, 3.00567307931e-07, 2.6593977509e-07, 2.19918561584e-07, 1.5772887707e-07, 5.82433443697e-08, 5.64019906335e-08, 8.32571416254e-08, 6.50673293023e-09], "median": [1.21467728604e-05, 0.000139824551297, 9.70081673586e-05, 0.0001594977075, 0.00158070842735, 0.000146586782648, 0.000211981707253, 8.24623930384e-05, 7.82172428444e-05, 1.69405284396e-05, 1.45590620377e-05, 1.88529047591e-05, 1.89962174773e-05, 2.2777425329e-05, 2.59696025751e-05, 1.71121446328e-05, 9.73008263827e-06, 1.31025472001e-05, 2.74378708127e-05, 2.67712184723e-05, 2.37196345552e-05, 2.4627399398e-05, 1.45660351336e-05, 1.18052139442e-05, 7.51860216042e-06, 1.92572269953e-06, 3.42180186408e-07], "dmean2": [0.000605131208431, 0.00534969195724, 0.00295236799866, 0.00155306514353, 0.00589276663959, 0.000779526249971, 0.00100368412677, 0.00107072212268, 0.000650875503197, 0.000474951899378, 0.000375780131435, 0.000367693777662, 0.000508965575136, 0.000509212026373, 0.000382067781175, 0.000191917366465, 0.000259421387454, 0.000193242391106, 0.000198990936042, 0.000184326840099, 0.000180641945917, 0.000148492734297, 9.88646861515e-05, 9.02866449906e-05, 0.000102625825093, 0.000114848611702, 3.81354839192e-05], "dmean": [0.000415892223828, 0.00321671995334, 0.00171347882133, 0.000893295626156, 0.00352297956124, 0.000481502647744, 0.000640766520519, 0.000690277491231, 0.000418731186073, 0.000304357614368, 0.00024331502209, 0.000243580201641, 0.000328130176058, 0.000323022919474, 0.000243696878897, 0.000128801882965, 0.000170403567608, 0.000130522414111, 0.000134613772389, 0.00012756306387, 0.000122113866382, 0.000102044934465, 6.78403303027e-05, 6.48580389679e-05, 7.99006375019e-05, 8.7390311819e-05, 2.99262865155e-05], "var": [2.62238449977e-06, 0.000156852343935, 2.83691533696e-05, 5.83455403103e-06, 8.81231535459e-05, 2.28765998145e-06, 3.58145734936e-06, 6.75967521602e-06, 2.49713025369e-06, 1.26596080463e-06, 1.14047622901e-06, 8.81219364146e-07, 1.71857652731e-06, 1.84761233868e-06, 8.59119666075e-07, 2.20032177367e-07, 4.01079574885e-07, 3.0497244552e-07, 3.18082896911e-07, 2.49496622473e-07, 2.36344703808e-07, 1.61915380659e-07, 1.12120886797e-07, 4.66556500101e-08, 5.08052622195e-08, 6.25436982205e-08, 8.22673840162e-09], "dvar": [1.74978936229e-06, 0.000101292353065, 2.38359880314e-05, 5.47831768927e-06, 6.68034117552e-05, 1.46705906445e-06, 2.09672930396e-06, 5.4405300034e-06, 1.84055227237e-06, 8.83137943219e-07, 7.67933897805e-07, 6.84772601289e-07, 1.56456337663e-06, 1.40242514135e-06, 5.13564089033e-07, 1.40004402738e-07, 3.15488108527e-07, 1.58959210239e-07, 1.60675270422e-07, 1.33525361434e-07, 1.28472933625e-07, 1.02512835554e-07, 8.04405928534e-08, 2.7297344829e-08, 3.0660874728e-08, 4.22045438597e-08, 4.25273549709e-09], "mean": [0.000484973978018, 0.00390694383532, 0.00197787513025, 0.000995010370389, 0.00547248451039, 0.000678498356137, 0.000989710795693, 0.000806756026577, 0.000561303051654, 0.000354324991349, 0.000319225422572, 0.00030124434852, 0.000362639024388, 0.000388518121326, 0.000310577685013, 0.000164943834534, 0.00020351659623, 0.000176699453732, 0.000195478714886, 0.00018802183331, 0.000175107081304, 0.000146915073856, 9.40096942941e-05, 8.7027779955e-05, 9.71767003648e-05, 9.73266651272e-05, 3.71490350517e-05]}, "melbands_flatness_db": {"min": 0.00353168556467, "max": 0.926457822323, "dvar2": 0.00448060967028, "median": 0.236401379108, "dmean2": 0.0639216303825, "dmean": 0.0461489520967, "var": 0.0148826893419, "dvar": 0.00240715756081, "mean": 0.254182308912}, "melbands_skewness": {"min": -5.62622451782, "max": 79.0184020996, "dvar2": 11.6616449356, "median": 3.15264749527, "dmean2": 2.37777352333, "dmean": 1.55816483498, "var": 11.0237970352, "dvar": 4.72873735428, "mean": 3.81280398369}, "barkbands_skewness": {"min": -8.49302482605, "max": 49.6099357605, "dvar2": 7.22995567322, "median": 2.06238770485, "dmean2": 1.93576550484, "dmean": 1.28521835804, "var": 8.32061672211, "dvar": 3.09415626526, "mean": 2.53678059578}, "silence_rate_60dB": {"min": 0, "max": 1, "dvar2": 0.143228903413, "median": 0, "dmean2": 0.150399714708, "dmean": 0.0751932561398, "var": 0.20390419662, "dvar": 0.0695477053523, "mean": 0.285287648439}, "spectral_energyband_low": {"min": 1.26739363332e-23, "max": 0.14665260911, "dvar2": 0.000486942532007, "median": 0.000538603111636, "dmean2": 0.0080371145159, "dmean": 0.00494181737304, "var": 0.000315087701892, "dvar": 0.000194192121853, "mean": 0.006840236485}, "spectral_energyband_middle_low": {"min": 2.2187236763e-22, "max": 0.131195083261, "dvar2": 0.000300676416373, "median": 0.00438138144091, "dmean2": 0.0084453355521, "dmean": 0.00525553291664, "var": 0.000187339668628, "dvar": 0.000118010670121, "mean": 0.0096087846905}, "melbands_kurtosis": {"min": -1.91663312912, "max": 7676.03955078, "dvar2": 39844.734375, "median": 16.2428207397, "dmean2": 48.0520439148, "dmean": 29.7836761475, "var": 11044.0703125, "dvar": 13877.9970703, "mean": 42.896987915}, "spectral_decrease": {"min": -4.09161629022e-08, "max": 4.59873944481e-11, "dvar2": 5.01174803424e-17, "median": -2.25480634164e-09, "dmean2": 3.9850793776e-09, "dmean": 2.52564236192e-09, "var": 4.09916333955e-17, "dvar": 2.07213756159e-17, "mean": -4.82638462529e-09}, "erbbands_kurtosis": {"min": -1.94392311573, "max": 541.69128418, "dvar2": 161.449432373, "median": 0.326849460602, "dmean2": 5.15162229538, "dmean": 3.32546901703, "var": 338.239227295, "dvar": 73.4396972656, "mean": 4.08698034286}, "melbands_crest": {"min": 1.58705425262, "max": 39.9504585266, "dvar2": 38.6651077271, "median": 16.9888629913, "dmean2": 7.03572368622, "dmean": 4.30341959, "var": 42.553150177, "dvar": 15.6417255402, "mean": 17.0450668335}, "gfcc": {"cov": [[27773.9648438, -1326.25830078, -1412.60632324, -339.198608398, -2097.98535156, -690.057739258, -1029.63183594, -214.02973938, -971.350036621, 176.36769104, -243.654159546, 166.300186157, -154.344940186], [-1326.25830078, 3014.39257812, -182.178833008, -4.710521698, 38.8079490662, -285.492828369, 97.0161514282, -285.949768066, 143.08833313, -234.303955078, 38.2072677612, -223.429794312, 121.137733459], [-1412.60632324, -182.178833008, 2682.7734375, 580.361022949, 291.005615234, -61.4054489136, -17.0198020935, 61.6280021667, -103.786369324, 53.8078536987, -22.2638339996, 43.1278877258, -65.5847167969], [-339.198608398, -4.710521698, 580.361022949, 1299.15734863, 66.2273864746, 84.0964202881, 58.733291626, -18.230424881, -51.5419502258, 20.6088905334, 53.7331008911, -59.8999710083, -13.6348991394], [-2097.98535156, 38.8079490662, 291.005615234, 66.2273864746, 1045.80932617, 353.444488525, 249.125213623, 134.050048828, 244.889358521, 47.7074890137, -3.78033518791, -7.36141872406, 17.0485172272], [-690.057739258, -285.492828369, -61.4054489136, 84.0964202881, 353.444488525, 490.194000244, 220.118743896, 133.730712891, 96.7766952515, 41.9385147095, 32.0442085266, 19.0984516144, -15.0558652878], [-1029.63183594, 97.0161514282, -17.0198020935, 58.733291626, 249.125213623, 220.118743896, 371.049926758, 144.94644165, 76.860496521, -19.0038261414, 42.7032852173, 47.0387649536, 10.542798996], [-214.02973938, -285.949768066, 61.6280021667, -18.230424881, 134.050048828, 133.730712891, 144.94644165, 259.425384521, 85.5603790283, 9.63185501099, 2.56406927109, 81.526184082, -10.9768543243], [-971.350036621, 143.08833313, -103.786369324, -51.5419502258, 244.889358521, 96.7766952515, 76.860496521, 85.5603790283, 254.287689209, 30.6635742188, 6.97825431824, -9.74662208557, 36.8632965088], [176.36769104, -234.303955078, 53.8078536987, 20.6088905334, 47.7074890137, 41.9385147095, -19.0038261414, 9.63185501099, 30.6635742188, 163.783554077, 32.3061103821, -9.17829322815, -14.4111852646], [-243.654159546, 38.2072677612, -22.2638339996, 53.7331008911, -3.78033518791, 32.0442085266, 42.7032852173, 2.56406927109, 6.97825431824, 32.3061103821, 111.976974487, 15.999671936, 13.726483345], [166.300186157, -223.429794312, 43.1278877258, -59.8999710083, -7.36141872406, 19.0984516144, 47.0387649536, 81.526184082, -9.74662208557, -9.17829322815, 15.999671936, 154.866241455, 18.933221817], [-154.344940186, 121.137733459, -65.5847167969, -13.6348991394, 17.0485172272, -15.0558652878, 10.542798996, -10.9768543243, 36.8632965088, -14.4111852646, 13.726483345, 18.933221817, 97.2281188965]], "icov": [[5.3926196415e-05, -2.23856568482e-05, 4.04751699534e-05, -1.21062967082e-05, 5.05791467731e-05, -2.71584467555e-05, 0.000127572115161, -0.000107441679575, 0.000204290990951, -0.000162047916092, 0.000150142615894, -9.43330160226e-05, -4.23858045906e-06], [-2.23856568482e-05, 0.000650590867735, -5.70886768401e-05, 4.59463699372e-05, -3.58988581866e-05, 0.000485480763018, -0.000644357991405, 0.00077123142546, -0.000708515755832, 0.000992182292975, -0.000539177504834, 0.000832291902043, -0.000310030736728], [4.04751699534e-05, -5.70886768401e-05, 0.000525155977812, -0.000238158754655, -0.000252297671977, 0.000228249075008, 0.000231111102039, -0.000337336707162, 0.000539777160157, -0.000355954340193, 0.000259731838014, -0.000340850587236, 0.000244954921072], [-1.21062967082e-05, 4.59463699372e-05, -0.000238158754655, 0.000945212261286, 4.88181794935e-05, -0.000187116733287, -0.000197970701265, 9.61343903327e-05, 0.000122323355754, 0.000144998004544, -0.000532781588845, 0.000639963196591, -0.000184063479537], [5.05791467731e-05, -3.58988581866e-05, -0.000252297671977, 4.88181794935e-05, 0.00182713894174, -0.000950615270995, -0.000494630949106, 0.00025844850461, -0.0011736205779, -0.000326971756294, 0.000742962292861, 4.85347663925e-05, -0.000140928386827], [-2.71584467555e-05, 0.000485480763018, 0.000228249075008, -0.000187116733287, -0.000950615270995, 0.0039751897566, -0.00174081267323, -0.000208909114008, -0.000359285477316, 4.19361349486e-05, -0.000744844146539, 0.00068765640026, 0.000540854234714], [0.000127572115161, -0.000644357991405, 0.000231111102039, -0.000197970701265, -0.000494630949106, -0.00174081267323, 0.00571780931205, -0.002772717271, 0.00121702009346, 0.000201861432288, -0.000966664636508, -0.00109723967034, -6.37783014099e-05], [-0.000107441679575, 0.00077123142546, -0.000337336707162, 9.61343903327e-05, 0.00025844850461, -0.000208909114008, -0.002772717271, 0.00820848718286, -0.00354643235914, 0.00109520216938, 0.000375193631044, -0.0024919800926, 0.00174342480022], [0.000204290990951, -0.000708515755832, 0.000539777160157, 0.000122323355754, -0.0011736205779, -0.000359285477316, 0.00121702009346, -0.00354643235914, 0.00811902806163, -0.00250729755498, 0.000836031336803, 0.00072320579784, -0.0025026476942], [-0.000162047916092, 0.000992182292975, -0.000355954340193, 0.000144998004544, -0.000326971756294, 4.19361349486e-05, 0.000201861432288, 0.00109520216938, -0.00250729755498, 0.00925381481647, -0.00384233426303, 0.00177083618473, 0.000972240697592], [0.000150142615894, -0.000539177504834, 0.000259731838014, -0.000532781588845, 0.000742962292861, -0.000744844146539, -0.000966664636508, 0.000375193631044, 0.000836031336803, -0.00384233426303, 0.0118729369715, -0.00224770093337, -0.00121283100452], [-9.43330160226e-05, 0.000832291902043, -0.000340850587236, 0.000639963196591, 4.85347663925e-05, 0.00068765640026, -0.00109723967034, -0.0024919800926, 0.00072320579784, 0.00177083618473, -0.00224770093337, 0.0104280011728, -0.0031163142994], [-4.23858045906e-06, -0.000310030736728, 0.000244954921072, -0.000184063479537, -0.000140928386827, 0.000540854234714, -6.37783014099e-05, 0.00174342480022, -0.0025026476942, 0.000972240697592, -0.00121283100452, -0.0031163142994, 0.0129872914404]], "mean": [-107.078948975, 71.8724441528, -91.6944122314, 31.6025276184, -54.1238517761, 5.26851511002, -36.45936203, -2.48788404465, -21.8335723877, 1.97019720078, -16.1400756836, -6.91107702255, -10.75877285]}, "melbands_spread": {"min": 0.0989073514938, "max": 283.182617188, "dvar2": 938.773681641, "median": 12.5039634705, "dmean2": 16.6751060486, "dmean": 10.8899612427, "var": 898.394287109, "dvar": 428.867279053, "mean": 22.263879776}, "spectral_energy": {"min": 1.01506620686e-20, "max": 0.158258870244, "dvar2": 0.000748835329432, "median": 0.0093950163573, "dmean2": 0.0156488679349, "dmean": 0.0100433398038, "var": 0.000643885403406, "dvar": 0.000314336357405, "mean": 0.0195735599846}, "mfcc": {"cov": [[22261.6660156, -39.2381858826, -1314.77709961, -307.732421875, -1452.62683105, -782.330932617, -575.74432373, -625.152709961, -745.072631836, -529.069213867, -253.507339478, -314.82321167, -273.131622314], [-39.2381858826, 2368.46704102, 51.4653015137, -35.8816947937, -63.5865020752, -91.2293624878, -127.848678589, -101.148574829, -17.9847717285, -45.2405014038, -76.1909942627, -112.756378174, -42.0676383972], [-1314.77709961, 51.4653015137, 1858.88208008, 747.156738281, 246.881546021, 16.6885757446, 84.1550140381, -22.5333919525, -94.611946106, -33.2871894836, -63.5899848938, -17.2221450806, 55.5122375488], [-307.732421875, -35.8816947937, 747.156738281, 996.613037109, 228.236099243, 108.579452515, 71.4829330444, -26.2947673798, -48.6006393433, 5.6201543808, -38.6671943665, -18.4814491272, 31.2519569397], [-1452.62683105, -63.5865020752, 246.881546021, 228.236099243, 655.159484863, 280.534881592, 139.659011841, 95.5079498291, 175.428237915, 152.384460449, 72.9908905029, 37.2894554138, 46.6688766479], [-782.330932617, -91.2293624878, 16.6885757446, 108.579452515, 280.534881592, 389.086730957, 192.932266235, 70.834197998, 104.145050049, 132.428848267, 77.7237930298, 16.5140285492, 7.91133737564], [-575.74432373, -127.848678589, 84.1550140381, 71.4829330444, 139.659011841, 192.932266235, 334.374908447, 162.569366455, 76.7655639648, 54.4743843079, 65.6432266235, 57.9031219482, 23.6353416443], [-625.152709961, -101.148574829, -22.5333919525, -26.2947673798, 95.5079498291, 70.834197998, 162.569366455, 375.581512451, 179.225540161, -28.6171264648, 42.9194107056, 135.858612061, 61.1397209167], [-745.072631836, -17.9847717285, -94.611946106, -48.6006393433, 175.428237915, 104.145050049, 76.7655639648, 179.225540161, 251.320510864, 84.3000793457, 49.7910995483, 75.6555023193, 41.9117240906], [-529.069213867, -45.2405014038, -33.2871894836, 5.6201543808, 152.384460449, 132.428848267, 54.4743843079, -28.6171264648, 84.3000793457, 211.236801147, 85.9921417236, -16.3744163513, -0.115364201367], [-253.507339478, -76.1909942627, -63.5899848938, -38.6671943665, 72.9908905029, 77.7237930298, 65.6432266235, 42.9194107056, 49.7910995483, 85.9921417236, 136.590759277, 44.2467155457, 3.98063540459], [-314.82321167, -112.756378174, -17.2221450806, -18.4814491272, 37.2894554138, 16.5140285492, 57.9031219482, 135.858612061, 75.6555023193, -16.3744163513, 44.2467155457, 158.302062988, 56.9242210388], [-273.131622314, -42.0676383972, 55.5122375488, 31.2519569397, 46.6688766479, 7.91133737564, 23.6353416443, 61.1397209167, 41.9117240906, -0.115364201367, 3.98063540459, 56.9242210388, 112.268699646]], "icov": [[5.87264294154e-05, 8.23336176836e-06, 4.9091213441e-05, -3.6208974052e-05, 7.01552198734e-05, 2.70566652034e-05, 5.82730945098e-06, 3.51450980816e-05, 5.42112102266e-05, 9.00182421901e-05, -3.51173985109e-05, 5.29034296051e-05, 3.46029883076e-05], [8.23336176836e-06, 0.000452095351648, -2.61172226601e-05, 2.15556501644e-05, 1.74054057425e-05, 2.9776863812e-05, 8.16848187242e-05, 8.10560377431e-05, -0.000229189754464, 0.000175031716935, 3.40834558301e-05, 0.000335030374117, 4.03335870942e-05], [4.9091213441e-05, -2.61172226601e-05, 0.000885386718437, -0.000572038930841, -0.000269441457931, 0.000365992396837, -0.000255285995081, -3.13265627483e-05, 0.000472119892947, 3.99756499974e-05, 0.000184119606274, 6.25450411462e-05, -0.000226337957429], [-3.6208974052e-05, 2.15556501644e-05, -0.000572038930841, 0.00159382645506, -0.000378526863642, -0.000374107970856, -3.48310459231e-05, 2.13534658542e-05, 0.000371256261133, -4.31904372817e-05, 0.000470308674267, -5.57989878871e-05, -0.000188440986676], [7.01552198734e-05, 1.74054057425e-05, -0.000269441457931, -0.000378526863642, 0.00300456560217, -0.00146237376612, 0.000234219041886, 0.000183691241546, -0.00142872845754, -0.000451385974884, -0.000263534893747, 0.000135679583764, -0.00040601028013], [2.70566652034e-05, 2.9776863812e-05, 0.000365992396837, -0.000374107970856, -0.00146237376612, 0.00546567933634, -0.00238592363894, 0.000255585473496, -0.00024499790743, -0.00129839684814, -0.000372082315153, 0.000413040746935, 0.000479893555166], [5.82730945098e-06, 8.16848187242e-05, -0.000255285995081, -3.48310459231e-05, 0.000234219041886, -0.00238592363894, 0.00560933724046, -0.00256533385254, 0.00125953147653, -0.00069667265052, -0.000712403329089, -0.000123838515719, 8.4742809122e-05], [3.51450980816e-05, 8.10560377431e-05, -3.13265627483e-05, 2.13534658542e-05, 0.000183691241546, 0.000255585473496, -0.00256533385254, 0.00733239902183, -0.00488354451954, 0.00367137789726, -0.00104370550252, -0.00211822497658, -0.000484088464873], [5.42112102266e-05, -0.000229189754464, 0.000472119892947, 0.000371256261133, -0.00142872845754, -0.00024499790743, 0.00125953147653, -0.00488354451954, 0.0103286765516, -0.00465447362512, 0.00184689799789, -0.00167118106037, -0.000364053761587], [9.00182421901e-05, 0.000175031716935, 3.99756499974e-05, -4.31904372817e-05, -0.000451385974884, -0.00129839684814, -0.00069667265052, 0.00367137789726, -0.00465447362512, 0.0113416528329, -0.00596649572253, 0.00302718416788, -0.000870828283951], [-3.51173985109e-05, 3.40834558301e-05, 0.000184119606274, 0.000470308674267, -0.000263534893747, -0.000372082315153, -0.000712403329089, -0.00104370550252, 0.00184689799789, -0.00596649572253, 0.0129893524572, -0.00443859538063, 0.00165387324523], [5.29034296051e-05, 0.000335030374117, 6.25450411462e-05, -5.57989878871e-05, 0.000135679583764, 0.000413040746935, -0.000123838515719, -0.00211822497658, -0.00167118106037, 0.00302718416788, -0.00443859538063, 0.0122792199254, -0.00410866970196], [3.46029883076e-05, 4.03335870942e-05, -0.000226337957429, -0.000188440986676, -0.00040601028013, 0.000479893555166, 8.4742809122e-05, -0.000484088464873, -0.000364053761587, -0.000870828283951, 0.00165387324523, -0.00410866970196, 0.0117112258449]], "mean": [-753.318847656, 102.849998474, 18.68501091, 26.0468044281, 4.7728767395, 8.46623134613, -1.55047428608, -5.74300765991, -2.65693974495, 3.12834763527, 0.122271649539, -5.08046865463, -4.90835952759]}, "spectral_contrast_valleys": {"min": [-28.1139202118, -27.6176395416, -27.4189758301, -27.4019508362, -27.4436397552, -27.3223571777], "max": [-5.00680303574, -4.53036165237, -5.07347202301, -5.22598266602, -5.46533346176, -7.58392572403], "dvar2": [0.62116509676, 0.929002821445, 0.802433609962, 0.582495689392, 0.585050225258, 0.69990259409], "median": [-8.3199930191, -7.75134420395, -8.74688625336, -8.8597650528, -8.48052024841, -10.5248537064], "dmean2": [0.882008314133, 0.919212818146, 0.8519064188, 0.721367061138, 0.644753396511, 0.671221673489], "dmean": [0.58180052042, 0.627199888229, 0.622441589832, 0.552669346333, 0.524406015873, 0.580497741699], "var": [2.97853732109, 3.69542121887, 3.2770857811, 3.03697061539, 3.32229781151, 3.5309689045], "dvar": [0.328742444515, 0.500849962234, 0.473242282867, 0.36545047164, 0.365195006132, 0.448177903891], "mean": [-8.50100517273, -8.12976264954, -8.84966945648, -9.01288604736, -8.77509498596, -10.9380731583]}, "barkbands_flatness_db": {"min": 0.0126566281542, "max": 0.778859376907, "dvar2": 0.00317968730815, "median": 0.16510297358, "dmean2": 0.0543661005795, "dmean": 0.038915745914, "var": 0.00948086380959, "dvar": 0.00165837293025, "mean": 0.181743279099}, "dynamic_complexity": 6.61493968964, "erbbands_flatness_db": {"min": 0.0217644255608, "max": 0.517793476582, "dvar2": 0.00184748927131, "median": 0.160612881184, "dmean2": 0.0411678738892, "dmean": 0.030650783