{"lowlevel": {"spectral_complexity": {"min": 0, "max": 56, "dvar2": 41.7120285034, "median": 17, "dmean2": 6.21133852005, "dmean": 4.23715257645, "var": 151.80241394, "dvar": 23.0055046082, "mean": 18.735458374}, "silence_rate_20dB": {"min": 1, "max": 1, "dvar2": 0, "median": 1, "dmean2": 0, "dmean": 0, "var": 0, "dvar": 0, "mean": 1}, "average_loudness": 0.968186736107, "erbbands_spread": {"min": 1.26353192329, "max": 223.309906006, "dvar2": 379.375152588, "median": 58.5308990479, "dmean2": 18.8317546844, "dmean": 12.5154943466, "var": 801.133422852, "dvar": 182.846755981, "mean": 63.6271018982}, "spectral_kurtosis": {"min": -1.46733379364, "max": 83.081703186, "dvar2": 2.6922929287, "median": 1.72317910194, "dmean2": 1.02234220505, "dmean": 0.633372008801, "var": 4.79990100861, "dvar": 1.35470175743, "mean": 2.03355526924}, "barkbands_kurtosis": {"min": -1.91337013245, "max": 661.585754395, "dvar2": 1490.12390137, "median": 2.94611859322, "dmean2": 13.5843477249, "dmean": 8.44688796997, "var": 787.914855957, "dvar": 580.925964355, "mean": 10.6981019974}, "spectral_strongpeak": {"min": 0, "max": 16.3690433502, "dvar2": 1.34282171726, "median": 0.337225824594, "dmean2": 0.620556950569, "dmean": 0.362935632467, "var": 0.66090041399, "dvar": 0.508286654949, "mean": 0.575343668461}, "spectral_spread": {"min": 1553148.75, "max": 47026748, "dvar2": 1007834234880.0, "median": 5673684, "dmean2": 782981.8125, "dmean": 543982.5, "var": 2982165872640.0, "dvar": 619886149632, "mean": 6027701.5}, "spectral_rms": {"min": 3.20127843505e-12, "max": 0.0132828000933, "dvar2": 5.20349522048e-06, "median": 0.00538314413279, "dmean2": 0.00196863780729, "dmean": 0.0012833023211, "var": 6.96826464264e-06, "dvar": 2.82826113107e-06, "mean": 0.0055870837532}, "erbbands": {"min": [1.08672428172e-21, 1.83471164024e-21, 1.85287124352e-21, 9.8286803996e-21, 1.37750064291e-19, 7.63695599139e-20, 4.49934199011e-20, 1.1979526899e-19, 6.95269396486e-19, 1.27119017566e-18, 8.00266481866e-19, 1.29482003743e-18, 1.51123375013e-18, 8.03379937993e-19, 1.04725997614e-18, 2.97870137404e-18, 3.38738257018e-18, 2.93255896473e-18, 4.51269706667e-18, 7.03791900376e-18, 8.06846693299e-18, 8.10130517613e-18, 8.76044322006e-18, 1.03878300854e-17, 1.64232740155e-17, 1.69198983661e-17, 1.68051386366e-17, 1.98264075522e-17, 1.93171223752e-17, 1.69763087751e-17, 1.64092135995e-17, 1.51616713802e-17, 1.33994871622e-17, 1.26301645248e-17, 7.38531583588e-18, 5.49139028408e-18, 3.03311455551e-18, 1.40627104444e-18, 3.17969261441e-19, 3.35007437226e-20], "max": [6.47926282883, 33.6824951172, 71.5746383667, 80.1953430176, 281.669464111, 315.04888916, 285.185516357, 140.358657837, 310.203887939, 422.195465088, 1142.89892578, 1646.33630371, 1047.43688965, 1132.03186035, 547.749572754, 1175.95581055, 640.899841309, 638.870849609, 474.028198242, 1101.08374023, 584.941467285, 424.661712646, 292.939880371, 350.241027832, 389.013031006, 405.956848145, 244.388397217, 346.354431152, 657.592712402, 424.763793945, 161.638717651, 192.151611328, 76.5442733765, 127.39641571, 52.0785331726, 23.202337265, 5.77527141571, 1.9369610548, 0.345715284348, 0.0189836472273], "dvar2": [2.52320122719, 56.9046401978, 265.560516357, 94.145401001, 2694.24414062, 2613.27905273, 438.547180176, 109.348754883, 373.795379639, 629.04107666, 3321.02929688, 5399.15966797, 4266.41503906, 2035.70556641, 610.038146973, 3217.16210938, 811.02520752, 1307.04394531, 913.397766113, 1847.00317383, 930.315246582, 461.228393555, 361.559539795, 764.457275391, 617.740966797, 1069.86120605, 520.617858887, 535.902160645, 931.444580078, 521.557189941, 122.157516479, 58.7354278564, 21.254322052, 13.5999088287, 4.69072532654, 1.2190669775, 0.159684032202, 0.0188377145678, 0.000618901860435, 2.18783225137e-06], "median": [0.264527618885, 1.90064489841, 3.45822668076, 3.66361165047, 2.85393738747, 2.26677918434, 2.80214500427, 2.79360151291, 3.34575939178, 3.75107812881, 4.34695720673, 5.91216993332, 5.81833553314, 3.9576883316, 3.28941822052, 4.78615856171, 4.21458387375, 5.56707334518, 6.02390861511, 5.35585975647, 5.45516824722, 6.27301597595, 9.93632316589, 12.5568532944, 11.9657745361, 13.8767642975, 13.8115386963, 13.3946685791, 11.1493473053, 9.41898727417, 5.72224330902, 3.69004535675, 2.08622026443, 1.06609940529, 0.393578112125, 0.131990402937, 0.0370967164636, 0.00834680441767, 0.00112885504495, 0.000121754776046], "dmean2": [0.875573217869, 4.05024433136, 8.58457279205, 6.76575660706, 19.0609893799, 16.5797958374, 9.96230506897, 6.3058180809, 10.7337388992, 12.3958063126, 18.0602073669, 25.2233657837, 25.0274600983, 14.618224144, 10.098282814, 18.8533592224, 11.6493806839, 14.713757515, 13.6743679047, 14.7151947021, 12.7540626526, 10.6956367493, 12.0747356415, 16.2813358307, 15.3049449921, 17.9404602051, 14.8572769165, 14.4948415756, 15.3788108826, 12.0541601181, 6.10130023956, 4.04054021835, 2.40191292763, 1.28248035908, 0.70036137104, 0.37689614296, 0.143252432346, 0.0448033958673, 0.00735138868913, 0.000455763656646], "dmean": [0.537154018879, 2.49820065498, 4.75925016403, 3.8986825943, 10.9670972824, 9.51117134094, 6.71976423264, 3.88078737259, 6.48172712326, 7.58805179596, 11.4984722137, 16.4773597717, 15.8239765167, 9.38236427307, 6.47848367691, 12.4006528854, 7.62183094025, 9.46103191376, 8.77293872833, 9.5196762085, 8.24453544617, 6.77697515488, 7.59099769592, 10.3364095688, 9.87575531006, 11.4756145477, 9.62968444824, 9.55898094177, 10.626326561, 8.3484621048, 4.18018531799, 2.76301121712, 1.64510917664, 0.882593274117, 0.481334656477, 0.263202667236, 0.101024568081, 0.0315508581698, 0.00533890584484, 0.000336108350893], "var": [1.26405131817, 25.0469760895, 75.8633956909, 42.5913658142, 935.361999512, 756.687072754, 568.643676758, 76.1916122437, 219.476974487, 348.094299316, 2384.8605957, 5282.88085938, 3481.90234375, 1588.3848877, 617.231872559, 3408.20288086, 941.873657227, 1203.55371094, 704.29309082, 1881.89855957, 882.590515137, 474.884033203, 395.739349365, 767.808898926, 786.267578125, 1286.87023926, 779.511230469, 928.035522461, 1639.61181641, 844.683349609, 150.848724365, 65.8148498535, 20.9832134247, 7.35936975479, 2.85983753204, 0.994164943695, 0.157204702497, 0.0187440700829, 0.000619166123215, 2.40828376263e-06], "dvar": [1.14544582367, 23.677406311, 91.9970397949, 33.8804397583, 1007.77648926, 948.764343262, 209.684204102, 45.9090652466, 148.309844971, 262.730712891, 1470.65722656, 2544.09448242, 1822.80786133, 903.910522461, 276.439483643, 1497.87646484, 386.545806885, 600.138183594, 393.028961182, 810.227416992, 423.974060059, 203.659210205, 149.524765015, 317.41619873, 281.108123779, 443.636047363, 227.829971313, 246.444473267, 468.534240723, 273.651153564, 57.436542511, 27.9651603699, 9.32224845886, 5.29200839996, 1.9114664793, 0.546685039997, 0.0800588801503, 0.00991949718446, 0.000333581119776, 1.22842641304e-06], "mean": [0.656617999077, 3.4233751297, 6.19729089737, 5.79617929459, 11.3602485657, 9.86540794373, 11.5268287659, 5.87413024902, 9.07931232452, 9.63357067108, 16.2732582092, 24.4487075806, 23.3052845001, 14.4600458145, 10.9849452972, 20.3131198883, 12.9736995697, 15.184217453, 14.3335800171, 16.1630687714, 14.1405162811, 12.9522409439, 16.0642127991, 21.3614444733, 21.519367218, 25.7788276672, 22.9111232758, 23.2931060791, 24.9641704559, 19.0279884338, 9.90397167206, 6.3295044899, 3.6790266037, 1.92479801178, 0.961499392986, 0.482188075781, 0.178027585149, 0.0532148964703, 0.00884625781327, 0.00060337560717]}, "zerocrossingrate": {"min": 0.00146484375, "max": 0.50537109375, "dvar2": 0.000522864109371, "median": 0.068359375, "dmean2": 0.0190866682678, "dmean": 0.0162864774466, "var": 0.00294481799938, "dvar": 0.00037905771751, "mean": 0.0811058208346}, "spectral_contrast_coeffs": {"min": [-0.960735201836, -0.973967373371, -0.972328901291, -0.967835009098, -0.964187324047, -0.961684525013], "max": [-0.331193208694, -0.319863706827, -0.384757786989, -0.444439083338, -0.550977110863, -0.545818328857], "dvar2": [0.00621592672542, 0.00438947603106, 0.00308582000434, 0.00170471554156, 0.00101765559521, 0.000658071949147], "median": [-0.690386354923, -0.765427470207, -0.795383632183, -0.814494371414, -0.795272469521, -0.739642322063], "dmean2": [0.0912932232022, 0.0811146125197, 0.0673266276717, 0.0493868477643, 0.037676025182, 0.0287328679115], "dmean": [0.0551447346807, 0.0508474297822, 0.0425781346858, 0.0311966128647, 0.0239081680775, 0.0188482142985], "var": [0.00732361664996, 0.00637445831671, 0.00568959210068, 0.00295783067122, 0.00203551328741, 0.00192380335648], "dvar": [0.00247915461659, 0.00183585076593, 0.00136940088123, 0.000743357290048, 0.000464530225145, 0.000332933792379], "mean": [-0.680716693401, -0.75520169735, -0.78119045496, -0.805250942707, -0.788833260536, -0.738156199455]}, "dissonance": {"min": 0.188594400883, "max": 0.500000119209, "dvar2": 0.000610136077739, "median": 0.482928544283, "dmean2": 0.0230636168271, "dmean": 0.0137560013682, "var": 0.000513563747518, "dvar": 0.000238489781623, "mean": 0.47657892108}, "spectral_energyband_high": {"min": 7.62377716246e-21, "max": 0.0232763588428, "dvar2": 2.7623650567e-06, "median": 0.00155799894128, "dmean2": 0.00108791899402, "dmean": 0.000806346011814, "var": 7.22734648662e-06, "dvar": 1.49984464315e-06, "mean": 0.00250807381235}, "spectral_skewness": {"min": -0.627990841866, "max": 7.75958967209, "dvar2": 0.062421657145, "median": 0.982279539108, "dmean2": 0.223864138126, "dmean": 0.147426500916, "var": 0.155762717128, "dvar": 0.0305323060602, "mean": 1.00552999973}, "spectral_flux": {"min": 1.0249091853e-10, "max": 0.376677662134, "dvar2": 0.00710033299401, "median": 0.0861093625426, "dmean2": 0.0715706199408, "dmean": 0.0435271263123, "var": 0.00539161963388, "dvar": 0.00300456699915, "mean": 0.106592066586}, "silence_rate_30dB": {"min": 0, "max": 1, "dvar2": 0.217027023435, "median": 1, "dmean2": 0.185130104423, "dmean": 0.0925564542413, "var": 0.056496527046, "dvar": 0.0839791372418, "mean": 0.939881086349}, "spectral_energyband_middle_high": {"min": 1.52144505407e-21, "max": 0.0321852751076, "dvar2": 7.74862201069e-06, "median": 0.00224735587835, "dmean2": 0.00179855234455, "dmean": 0.00123534596059, "var": 1.61461011885e-05, "dvar": 3.72050453734e-06, "mean": 0.00349857192487}, "barkbands_spread": {"min": 0.0975924655795, "max": 135.233261108, "dvar2": 309.539031982, "median": 28.3256835938, "dmean2": 15.4964828491, "dmean": 9.87518119812, "var": 475.139099121, "dvar": 145.458526611, "mean": 32.792640686}, "spectral_centroid": {"min": 91.242401123, "max": 10553.4189453, "dvar2": 400273.125, "median": 1888.29321289, "dmean2": 597.279296875, "dmean": 385.949584961, "var": 729127.375, "dvar": 188073.296875, "mean": 1935.38769531}, "pitch_salience": {"min": 0.0426769703627, "max": 0.926122307777, "dvar2": 0.0204559918493, "median": 0.492045044899, "dmean2": 0.157346665859, "dmean": 0.0960156992078, "var": 0.0193705819547, "dvar": 0.00852638296783, "mean": 0.48587667942}, "erbbands_skewness": {"min": -5.41033172607, "max": 8.33623027802, "dvar2": 0.435132116079, "median": -0.225351899862, "dmean2": 0.617269814014, "dmean": 0.409753859043, "var": 0.890623748302, "dvar": 0.196086034179, "mean": -0.187408700585}, "erbbands_crest": {"min": 2.14520287514, "max": 32.9607582092, "dvar2": 14.9753427505, "median": 6.27235507965, "dmean2": 3.78639268875, "dmean": 2.34175610542, "var": 17.0268001556, "dvar": 6.29585266113, "mean": 7.48184728622}, "melbands": {"min": [9.44495430984e-24, 1.22510887442e-24, 4.17108862572e-24, 9.4702404573e-24, 1.49872311003e-24, 3.10186142719e-24, 1.09068389961e-23, 1.2499400069e-23, 5.92857882026e-24, 8.43348001261e-24, 6.71852953682e-24, 3.24233073314e-24, 2.8830627693e-24, 6.32320924911e-24, 8.25979019622e-24, 7.7226903046e-24, 4.87294527284e-24, 7.4817366854e-24, 6.10925912756e-24, 1.29797713952e-23, 8.43029301455e-24, 9.57723208415e-24, 3.17708661146e-24, 1.08749398277e-23, 7.19993979284e-24, 8.76535142886e-24, 1.64649139094e-23, 1.08992895972e-23, 1.06269858568e-23, 9.14401965172e-24, 1.30786448545e-23, 9.93575989924e-24, 9.42704953388e-24, 9.75651965752e-24, 8.97066825666e-24, 9.57073818118e-24, 7.7157530618e-24, 8.64936520996e-24, 9.98210468856e-24, 1.09591175972e-23], "max": [0.0469895601273, 0.0368716083467, 0.0187595579773, 0.0244252104312, 0.00854572188109, 0.00294491276145, 0.00411114702001, 0.00376383913681, 0.00841757468879, 0.00914370827377, 0.00508509622887, 0.00496646435931, 0.00184520054609, 0.0023765291553, 0.00198939489201, 0.00180811295286, 0.00137742469087, 0.000870972289704, 0.00170731800608, 0.000844730006065, 0.000943880528212, 0.000586571579333, 0.000540490320418, 0.000224290954066, 0.000316848629154, 0.000373354559997, 0.000194203734281, 0.000292789714877, 0.000182488874998, 0.000212680286495, 0.000261062494246, 0.000388546759496, 0.000357545010047, 0.000251722492976, 0.00010320894944, 0.000260438566329, 8.46130933496e-05, 4.9940583267e-05, 7.63325297157e-05, 0.000123485326185], "dvar2": [0.000113849528134, 7.59027388995e-05, 4.69589440399e-06, 1.96478958969e-05, 6.19340141839e-07, 5.30853760949e-08, 8.91978828577e-08, 8.63399662876e-08, 2.12724046378e-07, 2.08796549828e-07, 1.07289224616e-07, 3.88937984042e-08, 7.91459164873e-09, 2.36009025656e-08, 1.0123941685e-08, 5.08492226103e-09, 5.41184475011e-09, 2.63253530086e-09, 5.63070834403e-09, 1.56500201687e-09, 2.11884443324e-09, 7.72211738997e-10, 5.21396981146e-10, 3.05247160881e-10, 6.95062785105e-10, 6.74653777288e-10, 2.65992755599e-10, 5.72689173861e-10, 2.50777121291e-10, 2.19524259881e-10, 2.53085802315e-10, 3.58531565547e-10, 3.82103015895e-10, 1.69315186871e-10, 5.17838480429e-11, 4.87554441264e-11, 2.16607374398e-11, 1.34010589084e-11, 9.70210804058e-12, 1.17796111407e-11], "median": [0.00262823607773, 0.00227781618014, 0.000703486148268, 0.000178865651833, 0.000104698570794, 6.65214756737e-05, 5.25383838976e-05, 3.76343596145e-05, 3.5484739783e-05, 3.48695175489e-05, 2.59375010501e-05, 1.4627505152e-05, 9.29859925236e-06, 1.16304472613e-05, 9.939726624e-06, 7.57151656217e-06, 9.94454603642e-06, 8.91463605512e-06, 6.78327432979e-06, 6.27408098808e-06, 5.73194483877e-06, 5.57251541977e-06, 7.58455598771e-06, 8.89502098289e-06, 9.62472859101e-06, 8.8319338829e-06, 7.71116174292e-06, 9.14130305318e-06, 8.1643138401e-06, 8.04630235507e-06, 7.26506596038e-06, 6.1616574385e-06, 5.63609228266e-06, 4.85917735205e-06, 3.27557472701e-06, 2.45598403126e-06, 2.04297930395e-06, 1.49998822963e-06, 1.07798109639e-06, 7.72732448695e-07], "dmean2": [0.00625686626881, 0.00458943704143, 0.00143280765042, 0.00148876640014, 0.000364454404917, 0.000143566954648, 0.000167089980096, 0.000136715985718, 0.0001551223977, 0.00016114677419, 0.000125665974338, 6.25081811449e-05, 3.44066829712e-05, 5.36586776434e-05, 3.70090383512e-05, 2.5821809686e-05, 3.01588497678e-05, 2.3952943593e-05, 2.38244592765e-05, 1.6275451344e-05, 1.71426527231e-05, 1.22461951833e-05, 1.25499173009e-05, 1.12972384159e-05, 1.49424949996e-05, 1.43248835229e-05, 1.04199398265e-05, 1.329319457e-05, 1.02877083918e-05, 9.4700289992e-06, 9.28410190681e-06, 9.60502711678e-06, 9.15307464311e-06, 6.83494226905e-06, 4.07358265875e-06, 3.18634988616e-06, 2.48819583248e-06, 1.96132214114e-06, 1.4730469502e-06, 1.06343850348e-06], "dmean": [0.00388080091216, 0.00262697972357, 0.000827038136777, 0.000854007317685, 0.000232900943956, 8.88388531166e-05, 0.00010106490663, 8.38654887048e-05, 9.979121387e-05, 0.000105503553641, 7.89062614786e-05, 3.988147364e-05, 2.16303287743e-05, 3.49538277078e-05, 2.37931035372e-05, 1.68702990777e-05, 1.91910185094e-05, 1.500189137e-05, 1.52481197802e-05, 1.0363385627e-05, 1.1019723388e-05, 7.71193572291e-06, 7.85527663538e-06, 7.065148111e-06, 9.33629416977e-06, 9.13598796615e-06, 6.54174846204e-06, 8.43918041937e-06, 6.50902120469e-06, 6.0233937802e-06, 6.0768484218e-06, 6.48917239232e-06, 6.27645340501e-06, 4.55702002e-06, 2.69318934443e-06, 2.14100464291e-06, 1.65697895227e-06, 1.30649561925e-06, 9.94474930849e-07, 7.14944803804e-07], "var": [6.96650968166e-05, 2.44580223807e-05, 2.20121000893e-06, 6.18446529188e-06, 5.83351720707e-07, 4.02228153007e-08, 5.27750678714e-08, 5.01793913088e-08, 1.68824371372e-07, 1.97528137846e-07, 8.5564749952e-08, 2.99992493069e-08, 6.13204420574e-09, 2.50482141695e-08, 9.45070777192e-09, 4.97534857757e-09, 4.63931426609e-09, 1.78472980839e-09, 5.17909448661e-09, 1.27309085496e-09, 1.85181048273e-09, 7.07787439769e-10, 4.70047945011e-10, 3.0752037028e-10, 5.99154670322e-10, 7.10916048252e-10, 2.80345247017e-10, 6.74762523634e-10, 3.13239850724e-10, 3.02118774442e-10, 3.80059983485e-10, 5.70900715591e-10, 5.882850318e-10, 2.17774881461e-10, 5.49329540189e-11, 4.60623969523e-11, 2.02720687459e-11, 1.20354151992e-11, 7.6587755235e-12, 5.08650803768e-12], "dvar": [5.66079106648e-05, 2.75819875242e-05, 1.75956574822e-06, 7.34651894163e-06, 2.54638905517e-07, 2.24039951036e-08, 3.55167060206e-08, 3.60463623394e-08, 9.59127106626e-08, 9.88095294474e-08, 4.54460611365e-08, 1.72878955595e-08, 3.40275696509e-09, 1.08625100026e-08, 4.67658090031e-09, 2.46413178751e-09, 2.46415376992e-09, 1.11503184463e-09, 2.40980102539e-09, 6.80355494165e-10, 9.6516283854e-10, 3.40534989096e-10, 2.22870250033e-10, 1.24842608473e-10, 2.82509432514e-10, 3.02200625635e-10, 1.12142628517e-10, 2.36386549224e-10, 1.06855059523e-10, 9.67307553501e-11, 1.14230042092e-10, 1.74169650924e-10, 1.95014962512e-10, 8.25506191182e-11, 2.31618387664e-11, 2.36491000394e-11, 9.5660640867e-12, 5.74075292512e-12, 4.07226856403e-12, 4.43977059977e-12], "mean": [0.00535264005885, 0.0037243142724, 0.001192440046, 0.000834678940009, 0.000387724780012, 0.0001385792566, 0.000140616946737, 0.000105428240204, 0.00014333287254, 0.000153004104504, 0.000113261485239, 5.87580288993e-05, 3.27291709254e-05, 5.5231837905e-05, 3.79240555048e-05, 2.59348653344e-05, 2.86930571747e-05, 2.25375952141e-05, 2.3911068638e-05, 1.64034081536e-05, 1.72694599314e-05, 1.30142352646e-05, 1.43448387462e-05, 1.42354056152e-05, 1.74926735781e-05, 1.75946424861e-05, 1.33468993226e-05, 1.79296330316e-05, 1.39968415169e-05, 1.34340734803e-05, 1.35413411044e-05, 1.41123900903e-05, 1.32997656692e-05, 9.57298561843e-06, 5.83038581681e-06, 4.52728227174e-06, 3.53949008058e-06, 2.69540123554e-06, 2.05044148061e-06, 1.44977809668e-06]}, "spectral_entropy": {"min": 4.40630722046, "max": 9.80412101746, "dvar2": 0.0615778230131, "median": 8.00455665588, "dmean2": 0.219015836716, "dmean": 0.140487194061, "var": 0.131907254457, "dvar": 0.0280006788671, "mean": 7.94892168045}, "spectral_rolloff": {"min": 43.06640625, "max": 18690.8203125, "dvar2": 6284030.5, "median": 796.728515625, "dmean2": 1607.49108887, "dmean": 939.958862305, "var": 6398667.5, "dvar": 2723080.75, "mean": 1986.09924316}, "barkbands": {"min": [1.2569424885e-23, 3.15976594756e-23, 1.7556608261e-24, 2.96923458193e-24, 3.38958700388e-23, 8.142416371e-24, 7.14669294391e-23, 4.0273564333e-23, 4.92093609933e-23, 4.00464007912e-23, 1.67385934233e-23, 5.93522158128e-23, 7.79675850603e-23, 7.12049392662e-23, 8.28833686357e-23, 1.75069073418e-22, 1.43656531198e-22, 1.91549614662e-22, 2.1918610061e-22, 4.74688984403e-22, 4.1023480753e-22, 5.6432943263e-22, 6.5644733324e-22, 7.4297802867e-22, 1.05625228889e-21, 1.59503222074e-21, 2.34683761556e-21], "max": [0.0217279903591, 0.151399075985, 0.0653138384223, 0.0424823760986, 0.0914662927389, 0.0178511720151, 0.0219457820058, 0.0425416305661, 0.0549674220383, 0.029230190441, 0.0119265383109, 0.0235849991441, 0.0150462482125, 0.0113646062091, 0.0187499765307, 0.0100591806695, 0.00860677100718, 0.00741192931309, 0.0065747871995, 0.00687185116112, 0.00728439586237, 0.0178039688617, 0.00566934607923, 0.00512282643467, 0.00917776860297, 0.00362432934344, 0.00201841746457], "dvar2": [1.26375143736e-05, 0.00110087718349, 0.000167903781403, 1.10035180114e-05, 0.000270291173365, 1.97396911972e-06, 2.28370231525e-06, 5.09251458425e-06, 8.28467545944e-06, 3.13910959449e-06, 4.75728370475e-07, 1.60299794061e-06, 4.75683776813e-07, 4.70983252399e-07, 7.20818889022e-07, 2.86743670586e-07, 2.45472989491e-07, 1.49243291503e-07, 3.01393384916e-07, 3.2516408055e-07, 2.87509777763e-07, 6.20534081008e-07, 2.10036461112e-07, 8.58582183128e-08, 9.2210314051e-08, 5.01428445432e-08, 2.23252811793e-08], "median": [0.000324156309944, 0.00939193926752, 0.00271887658164, 0.000869492301717, 0.000792934559286, 0.000391657842556, 0.000251672521699, 0.000145651152707, 0.000240808818489, 0.000142153323395, 5.9559053625e-05, 0.000103062273411, 7.57800444262e-05, 0.000115778777399, 9.31856702664e-05, 9.22821927816e-05, 9.73754213192e-05, 0.00018483234453, 0.00025636254577, 0.000281437882222, 0.000340560771292, 0.000313140219077, 0.000219009758439, 0.000147375641973, 7.52565319999e-05, 2.34215622186e-05, 6.77523166814e-06], "dmean2": [0.00206740899011, 0.0196405164897, 0.00703779375181, 0.00214927899651, 0.00565106794238, 0.000867022783495, 0.000840992666781, 0.000738460978027, 0.00110255507752, 0.000662257196382, 0.000274890539004, 0.000456290581496, 0.000267563416855, 0.000319713697536, 0.000304984423565, 0.000233392594964, 0.000213887324207, 0.000238307897234, 0.000339949678164, 0.000347214168869, 0.000347781955497, 0.000421411532443, 0.000251658668276, 0.000156720052473, 0.0001017374816, 8.01702553872e-05, 4.43469944003e-05], "dmean": [0.00124381261412, 0.0123509215191, 0.00396039616317, 0.0012385584414, 0.00329902977683, 0.000555090897251, 0.000505457050167, 0.000456411537016, 0.000717085786164, 0.000418787618401, 0.000170722807525, 0.000295660633128, 0.000172354324604, 0.000200528695132, 0.000196674838662, 0.00014820357319, 0.000133866909891, 0.000150565902004, 0.000219354536966, 0.000221931317355, 0.000226527889026, 0.000293744815281, 0.00017070749891, 0.000108713335067, 7.09448722773e-05, 5.68243631278e-05, 3.23719068547e-05], "var": [5.96321342528e-06, 0.00069415703183, 5.51306366106e-05, 4.88092246087e-06, 9.90702174022e-05, 1.97966164706e-06, 1.29717602704e-06, 3.42558655575e-06, 8.40115080791e-06, 2.57731790043e-06, 3.49209784645e-07, 1.73373359758e-06, 4.80098151456e-07, 3.82000280297e-07, 6.79555398619e-07, 2.32440939385e-07, 2.10658100741e-07, 1.55170781113e-07, 3.74817744841e-07, 4.30018417319e-07, 4.63970280862e-07, 1.25934730022e-06, 2.67970619916e-07, 9.39843332048e-08, 5.42270299775e-08, 4.94278822316e-08, 2.33316388432e-08], "dvar": [4.9564478104e-06, 0.000549728923943, 5.88455222896e-05, 3.93872869608e-06, 0.000101891404483, 8.62216040787e-07, 9.11789186375e-07, 2.20859578803e-06, 3.91739058614e-06, 1.37518907195e-06, 2.05491730298e-07, 7.45253998957e-07, 2.21089408114e-07, 2.0704982262e-07, 3.15101743809e-07, 1.28940641275e-07, 1.06563391e-07, 6.24069116384e-08, 1.3488532602e-07, 1.37344173368e-07, 1.29385568925e-07, 3.34232908017e-07, 9.99905083177e-08, 3.94598060893e-08, 3.66974077792e-08, 2.46257130243e-08, 1.22612817677e-08], "mean": [0.00136104866397, 0.0177654605359, 0.00523513229564, 0.00161634397227, 0.00377042707987, 0.000914120697416, 0.000676592695527, 0.000582595937885, 0.00106089678593, 0.000613834592514, 0.000240159264649, 0.000476291199448, 0.000266058399575, 0.000303781707771, 0.000308574468363, 0.000235463536228, 0.000226971897064, 0.000304891698761, 0.000461644202005, 0.000503812858369, 0.000553712132387, 0.000698330521118, 0.000396548886783, 0.000252620113315, 0.000152628737851, 0.000103207843495, 5.47365707462e-05]}, "melbands_flatness_db": {"min": 0.00769886840135, "max": 0.702723920345, "dvar2": 0.00313406204805, "median": 0.196266382933, "dmean2": 0.0566021986306, "dmean": 0.0368236675858, "var": 0.00676116440445, "dvar": 0.0015624773223, "mean": 0.207265228033}, "melbands_skewness": {"min": -4.00214862823, "max": 33.8050193787, "dvar2": 7.92801237106, "median": 4.17663383484, "dmean2": 2.40049147606, "dmean": 1.57006108761, "var": 11.1071605682, "dvar": 3.97443413734, "mean": 4.94293737411}, "barkbands_skewness": {"min": -5.99706125259, "max": 19.489944458, "dvar2": 3.23729753494, "median": 1.943136096, "dmean2": 1.45888900757, "dmean": 0.95898681879, "var": 4.25912714005, "dvar": 1.54593813419, "mean": 2.34614276886}, "silence_rate_60dB": {"min": 0, "max": 1, "dvar2": 0.0556159615517, "median": 0, "dmean2": 0.0524163581431, "dmean": 0.0262057427317, "var": 0.0590291842818, "dvar": 0.0255191475153, "mean": 0.0629994422197}, "spectral_energyband_low": {"min": 4.67554671526e-23, "max": 0.164561972022, "dvar2": 0.00137355504557, "median": 0.0154288550839, "dmean2": 0.0234913192689, "dmean": 0.0148646272719, "var": 0.000987494713627, "dvar": 0.000701830897015, "mean": 0.0250021219254}, "spectral_energyband_middle_low": {"min": 2.93238783568e-22, "max": 0.112571112812, "dvar2": 0.000347857770976, "median": 0.00466882064939, "dmean2": 0.00886994227767, "dmean": 0.00536171440035, "var": 0.000179021153599, "dvar": 0.00013746789773, "mean": 0.00889696646482}, "melbands_kurtosis": {"min": -1.87691032887, "max": 1865.99829102, "dvar2": 7330.20898438, "median": 20.9914989471, "dmean2": 45.1960258484, "dmean": 28.7129859924, "var": 5855.23339844, "dvar": 3351.57397461, "mean": 46.7486228943}, "spectral_decrease": {"min": -4.69239544998e-08, "max": -3.4669770834e-30, "dvar2": 9.97687153695e-17, "median": -7.23077198117e-09, "dmean2": 7.2537158502e-09, "dmean": 4.63898297554e-09, "var": 8.11264929649e-17, "dvar": 5.09334741644e-17, "mean": -9.68672431156e-09}, "erbbands_kurtosis": {"min": -1.85094094276, "max": 107.56149292, "dvar2": 11.722196579, "median": -0.661827206612, "dmean2": 1.49511110783, "dmean": 0.954302310944, "var": 9.64466953278, "dvar": 4.95696973801, "mean": 0.143407091498}, "melbands_crest": {"min": 2.00727033615, "max": 38.0069961548, "dvar2": 43.916683197, "median": 17.960269928, "dmean2": 7.09773826599, "dmean": 4.36983060837, "var": 38.2740440369, "dvar": 17.2183742523, "mean": 18.3107528687}, "gfcc": {"cov": [[8979.57226562, -339.980377197, -385.065032959, -22.1081676483, -109.620109558, 247.141433716, -27.1450443268, -41.5039863586, -251.434204102, 48.6110115051, -123.549346924, 32.4184570312, -3.39183521271], [-339.980377197, 1279.3314209, -42.612651825, 157.134994507, 102.661705017, 59.700340271, 81.2008285522, 8.0023317337, 62.2973861694, -61.1554031372, 18.1976356506, -116.318199158, -2.73212218285], [-385.065032959, -42.612651825, 1243.91259766, 326.646453857, 199.916625977, -119.689598083, -48.6729888916, -7.7425365448, 28.3099250793, 21.7811374664, 19.0485839844, -24.8425769806, -54.568271637], [-22.1081676483, 157.134994507, 326.646453857, 624.855407715, 76.2821350098, -5.28023719788, 40.4097976685, 58.4284629822, 87.1084213257, 15.9855508804, 43.1193618774, -54.6461601257, -12.0164060593], [-109.620109558, 102.661705017, 199.916625977, 76.2821350098, 345.771392822, 73.0611953735, 41.944480896, 28.9326686859, 20.3557567596, 3.67318797112, -13.8707904816, 6.9450135231, 5.16388225555], [247.141433716, 59.700340271, -119.689598083, -5.28023719788, 73.0611953735, 258.99887085, 125.255561829, 50.0470466614, 4.96434497833, 19.3089733124, 5.66509962082, -24.1209392548, 6.21753263474], [-27.1450443268, 81.2008285522, -48.6729888916, 40.4097976685, 41.944480896, 125.255561829, 196.964828491, 80.9033279419, 33.3297653198, 18.1909885406, 18.9383964539, -20.2780456543, -5.89639186859], [-41.5039863586, 8.0023317337, -7.7425365448, 58.4284629822, 28.9326686859, 50.0470466614, 80.9033279419, 146.456756592, 78.4588165283, 27.5119934082, -6.89123535156, -8.72636222839, 6.3809170723], [-251.434204102, 62.2973861694, 28.3099250793, 87.1084213257, 20.3557567596, 4.96434497833, 33.3297653198, 78.4588165283, 137.818450928, 46.6705627441, 15.1089859009, -13.088101387, 6.38848829269], [48.6110115051, -61.1554031372, 21.7811374664, 15.9855508804, 3.67318797112, 19.3089733124, 18.1909885406, 27.5119934082, 46.6705627441, 98.3924713135, 39.1652641296, 1.25092339516, -5.7058095932], [-123.549346924, 18.1976356506, 19.0485839844, 43.1193618774, -13.8707904816, 5.66509962082, 18.9383964539, -6.89123535156, 15.1089859009, 39.1652641296, 89.6075210571, 29.5567436218, 1.91538250446], [32.4184570312, -116.318199158, -24.8425769806, -54.6461601257, 6.9450135231, -24.1209392548, -20.2780456543, -8.72636222839, -13.088101387, 1.25092339516, 29.5567436218, 102.783927917, 39.0990104675], [-3.39183521271, -2.73212218285, -54.568271637, -12.0164060593, 5.16388225555, 6.21753263474, -5.89639186859, 6.3809170723, 6.38848829269, -5.7058095932, 1.91538250446, 39.0990104675, 72.0771408081]], "icov": [[0.000137659619213, -1.81930117833e-05, 3.31195369654e-05, -0.000116235758469, 9.22506733332e-05, -0.000186734294402, 7.81716225902e-05, -3.68912005797e-05, 0.000371740374248, -0.000380532961572, 0.000439156690845, -0.000268516421784, 0.000101560683106], [-1.81930117833e-05, 0.00113414903171, 0.000140410789754, 1.83711617865e-05, -0.000516218424309, 0.000159621617058, -0.000253878883086, 0.000330913404468, -0.000773310370278, 0.00150526093785, -0.00146300741471, 0.00195752666332, -0.000710651511326], [3.31195369654e-05, 0.000140410789754, 0.00119381491095, -0.000552045996301, -0.000787552562542, 0.000642713683192, 0.000137567636557, 4.48074424639e-05, 0.000221465204959, -0.000237373053096, -0.000172893225681, 0.000198567533516, 0.000685388862621], [-0.000116235758469, 1.83711617865e-05, -0.000552045996301, 0.00245685945265, -0.000347507011611, 0.000327580055455, -3.82569633075e-05, -0.000624265288934, -0.00122306356207, 0.00139231595676, -0.00242331554182, 0.00210797530599, -0.000824816874228], [9.22506733332e-05, -0.000516218424309, -0.000787552562542, -0.000347507011611, 0.00413672253489, -0.00168844265863, -0.000188017264009, 0.000172663319972, -5.83102955716e-05, -0.000935676041991, 0.00263423589058, -0.00260019907728, 0.000420809607022], [-0.000186734294402, 0.000159621617058, 0.000642713683192, 0.000327580055455, -0.00168844265863, 0.00701086129993, -0.0036628858652, -0.000499038724229, 0.00113120558672, -0.000642282539047, -0.00134766113479, 0.00280104065314, -0.0018355618231], [7.81716225902e-05, -0.000253878883086, 0.000137567636557, -3.82569633075e-05, -0.000188017264009, -0.0036628858652, 0.00974894408137, -0.00478269997984, 0.000819875043817, 0.000864390574861, -0.00288797472604, 0.000810729165096, 0.00127491750754], [-3.68912005797e-05, 0.000330913404468, 4.48074424639e-05, -0.000624265288934, 0.000172663319972, -0.000499038724229, -0.00478269997984, 0.0138190761209, -0.0068406262435, -0.00114746880718, 0.00460362015292, -0.00193965877406, -0.000197985122213], [0.000371740374248, -0.000773310370278, 0.000221465204959, -0.00122306356207, -5.83102955716e-05, 0.00113120558672, 0.000819875043817, -0.0068406262435, 0.0149249788374, -0.00635245395824, 0.000479019188788, 0.000754251959734, -0.00171641283669], [-0.000380532961572, 0.00150526093785, -0.000237373053096, 0.00139231595676, -0.000935676041991, -0.000642282539047, 0.000864390574861, -0.00114746880718, -0.00635245395824, 0.0184972118586, -0.0102532664314, 0.00426462059841, 0.000372710434021], [0.000439156690845, -0.00146300741471, -0.000172893225681, -0.00242331554182, 0.00263423589058, -0.00134766113479, -0.00288797472604, 0.00460362015292, 0.000479019188788, -0.0102532664314, 0.0228456389159, -0.0115116778761, 0.00349742476828], [-0.000268516421784, 0.00195752666332, 0.000198567533516, 0.00210797530599, -0.00260019907728, 0.00280104065314, 0.000810729165096, -0.00193965877406, 0.000754251959734, 0.00426462059841, -0.0115116778761, 0.0212656725198, -0.0102130984887], [0.000101560683106, -0.000710651511326, 0.000685388862621, -0.000824816874228, 0.000420809607022, -0.0018355618231, 0.00127491750754, -0.000197985122213, -0.00171641283669, 0.000372710434021, 0.00349742476828, -0.0102130984887, 0.0201121661812]], "mean": [14.4849443436, 49.8846626282, -85.434425354, 56.3831520081, -54.8503570557, 17.8786468506, -21.3873577118, 10.0358228683, -15.8929481506, 4.53197097778, -14.4320745468, -0.832533061504, -12.0098714828]}, "melbands_spread": {"min": 0.190335273743, "max": 226.076812744, "dvar2": 528.748718262, "median": 17.525932312, "dmean2": 16.5606555939, "dmean": 10.5757369995, "var": 642.887023926, "dvar": 243.085708618, "mean": 25.6570625305}, "spectral_energy": {"min": 1.05043884092e-20, "max": 0.180843606591, "dvar2": 0.00143711722922, "median": 0.0297026969492, "dmean2": 0.0277296192944, "dmean": 0.0178179256618, "var": 0.00121159362607, "dvar": 0.000735956593417, "mean": 0.0391383767128}, "mfcc": {"cov": [[8400.97363281, -222.034515381, -498.021606445, -248.768447876, -209.005767822, 137.018920898, 134.593688965, -4.98443508148, 12.2678728104, 3.47755789757, -92.8195419312, -135.376525879, -41.4999351501], [-222.034515381, 954.106384277, -4.47523593903, -7.10545301437, 90.2027435303, 41.2501754761, 50.1503067017, 32.3763923645, 34.4933242798, 3.59447741508, 8.05790138245, 3.71286582947, -19.5816249847], [-498.021606445, -4.47523593903, 839.515869141, 386.332550049, 165.325942993, 11.8100166321, 3.35289144516, -30.0894641876, -36.2241821289, 53.2729988098, 36.5241661072, 43.3827285767, -16.4336280823], [-248.768447876, -7.10545301437, 386.332550049, 542.072265625, 179.125198364, 10.7382717133, -9.82896137238, 12.8477287292, 19.6056556702, 42.3911705017, 26.254283905, 68.159362793, 12.2269411087], [-209.005767822, 90.2027435303, 165.325942993, 179.125198364, 282.714111328, 60.1225357056, 14.7802801132, 13.240901947, 42.7551078796, 5.31541156769, -8.32069015503, 29.6427345276, 9.17088413239], [137.018920898, 41.2501754761, 11.8100166321, 10.7382717133, 60.1225357056, 160.357406616, 97.6994476318, 32.658870697, 18.1166381836, 36.9516639709, 18.5308151245, 1.90617716312, 4.78515100479], [134.593688965, 50.1503067017, 3.35289144516, -9.82896137238, 14.7802801132, 97.6994476318, 175.827148438, 64.9192657471, 30.5941390991, 34.4969749451, 22.9702911377, 4.83103609085, 1.50355064869], [-4.98443508148, 32.3763923645, -30.0894641876, 12.8477287292, 13.240901947, 32.658870697, 64.9192657471, 127.167861938, 68.6928405762, 19.9933204651, 17.0311355591, 15.7893638611, 2.27799487114], [12.2678728104, 34.4933242798, -36.2241821289, 19.6056556702, 42.7551078796, 18.1166381836, 30.5941390991, 68.6928405762, 137.496780396, 68.6021499634, 18.8213977814, 12.1626625061, 8.33783626556], [3.47755789757, 3.59447741508, 53.2729988098, 42.3911705017, 5.31541156769, 36.9516639709, 34.4969749451, 19.9933204651, 68.6021499634, 142.151657104, 60.5305633545, 17.6568813324, 11.1346721649], [-92.8195419312, 8.05790138245, 36.5241661072, 26.254283905, -8.32069015503, 18.5308151245, 22.9702911377, 17.0311355591, 18.8213977814, 60.5305633545, 92.7268218994, 40.2288169861, 11.8901882172], [-135.376525879, 3.71286582947, 43.3827285767, 68.159362793, 29.6427345276, 1.90617716312, 4.83103609085, 15.7893638611, 12.1626625061, 17.6568813324, 40.2288169861, 85.6224594116, 33.6381645203], [-41.4999351501, -19.5816249847, -16.4336280823, 12.2269411087, 9.17088413239, 4.78515100479, 1.50355064869, 2.27799487114, 8.33783626556, 11.1346721649, 11.8901882172, 33.6381645203, 79.6157913208]], "icov": [[0.000132320870762, 2.98621052934e-05, 7.26636790205e-05, -3.97814837925e-05, 0.000100009296148, -0.000131018183311, -8.74709512573e-05, 8.55980761116e-05, -4.55298941233e-05, -3.14566932502e-05, 0.000138243936817, 9.13565163501e-05, 4.29054562119e-05], [2.98621052934e-05, 0.00112574896775, 5.32801968802e-05, 0.000128873856738, -0.000431160151493, 4.08949381381e-06, -0.000271342287306, -2.94160727208e-05, -0.000131235443405, 0.000107735533675, -0.000169962993823, -3.31438241119e-05, 0.000377099437173], [7.26636790205e-05, 5.32801968802e-05, 0.00208796164952, -0.00122323911637, -0.000715390779078, 0.00044908298878, -0.000466525205411, 0.000239920758759, 0.00136254704557, -0.00107296661008, -0.000195265049115, 8.10422716313e-05, 0.000729464751203], [-3.97814837925e-05, 0.000128873856738, -0.00122323911637, 0.00343414838426, -0.00143582571764, 0.000355159834726, 0.000492545135785, -0.000740212271921, 0.000269292824669, -0.00072857318446, 0.000424086727435, -0.0017206617631, 0.000124343554489], [0.000100009296148, -0.000431160151493, -0.000715390779078, -0.00143582571764, 0.00630772020668, -0.00316187483259, 0.000733241147827, 0.00133133667987, -0.00338093447499, 0.0020912187174, 0.00150889763609, -0.00130669865757, -0.000181210270966], [-0.000131018183311, 4.08949381381e-06, 0.00044908298878, 0.000355159834726, -0.00316187483259, 0.0114285154268, -0.0055648596026, -0.000682424346451, 0.00249482807703, -0.00269369315356, -0.000723167613614, 0.0013246772578, -0.000563420762774], [-8.74709512573e-05, -0.000271342287306, -0.000466525205411, 0.000492545135785, 0.000733241147827, -0.0055648596026, 0.010549579747, -0.0042631290853, 0.000515595718753, -0.000581433880143, -0.00040568728582, 3.02811295114e-05, -3.64046100003e-05], [8.55980761116e-05, -2.94160727208e-05, 0.000239920758759, -0.000740212271921, 0.00133133667987, -0.000682424346451, -0.0042631290853, 0.0143132768571, -0.00801661331207, 0.00389185012318, -0.00145835534204, -0.00158982886933, 0.00094397860812], [-4.55298941233e-05, -0.000131235443405, 0.00136254704557, 0.000269292824669, -0.00338093447499, 0.00249482807703, 0.000515595718753, -0.00801661331207, 0.0164505336434, -0.00910271611065, 0.0025103923399, 3.041079799e-05, -0.000194481632207], [-3.14566932502e-05, 0.000107735533675, -0.00107296661008, -0.00072857318446, 0.0020912187174, -0.00269369315356, -0.000581433880143, 0.00389185012318, -0.00910271611065, 0.0156785082072, -0.00845447275788, 0.00222161156125, -0.00119428674225], [0.000138243936817, -0.000169962993823, -0.000195265049115, 0.000424086727435, 0.00150889763609, -0.000723167613614, -0.00040568728582, -0.00145835534204, 0.0025103923399, -0.00845447275788, 0.02023842372, -0.00894662272185, 0.00152086967137], [9.13565163501e-05, -3.31438241119e-05, 8.10422716313e-05, -0.0017206617631, -0.00130669865757, 0.0013246772578, 3.02811295114e-05, -0.00158982886933, 3.041079799e-05, 0.00222161156125, -0.00894662272185, 0.020426698029, -0.00717190233991], [4.29054562119e-05, 0.000377099437173, 0.000729464751203, 0.000124343554489, -0.000181210270966, -0.000563420762774, -3.64046100003e-05, 0.00094397860812, -0.000194481632207, -0.00119428674225, 0.00152086967137, -0.00717190233991, 0.0158257577568]], "mean": [-634.792297363, 77.1929397583, 27.4020576477, 41.1524810791, 2.38032865524, 15.7277822495, 5.4046959877, 9.54963207245, 4.39498138428, 8.07361221313, 5.98735189438, 1.21881473064, -1.70517158508]}, "spectral_contrast_valleys": {"min": [-27.2418117523, -27.2422351837, -27.3974514008, -26.934135437, -27.3468742371, -27.2204036713], "max": [-4.96266889572, -4.91053962708, -5.21012592316, -5.44112205505, -5.68520927429, -7.47687244415], "dvar2": [0.363690286875, 0.491598337889, 0.441141009331, 0.366823762655, 0.242665529251, 0.246204659343], "median": [-6.70080661774, -6.95392227173, -7.52033424377, -7.7021074295, -7.08820915222, -9.23047447205], "dmean2": [0.678670585155, 0.746757805347, 0.659199953079, 0.572339177132, 0.40075647831, 0.360826581717], "dmean": [0.429780960083, 0.470368623734, 0.43424525857, 0.382608890533, 0.277154773474, 0.266309261322], "var": [1.38037538528, 0.996776580811, 1.2685418129, 1.18753397465, 1.04882395267, 1.08695948124], "dvar": [0.187879875302, 0.232713475823, 0.230053111911, 0.195897728205, 0.1448353827, 0.150157719851], "mean": [-6.9765920639, -7.10472488403, -7.74064540863, -7.96101713181, -7.33122491837, -9.43292999268]}, "barkbands_flatness_db": {"min": 0.016859870404, "max": 0.556040346622, "dvar2": 0.00205157301389, "median": 0.118518657982, "dmean2": 0.0448488332331, "dmean": 0.0286218803376, "var": 0.0040610707365, "dvar": 0.000980680459179, "mean": 0.132112398744}, "dynamic_complexity": 3.18115186691, "erbbands_flatness_db": {"min": 0.027979625389, "max": 0.386659681797, "dvar2": 0.000599985767622, "median": 0.104877777398, "dmean2": 0.0228912997991, "dmean": 0.0158194340765, "var": 0.00201942608692, "dvar": 0.000311401527142, "mean": 0.1140261814}, "hfc": {"min": 1.15666531173e-16, "max": 184.102