{"lowlevel": {"spectral_complexity": {"min": 0, "max": 63, "dvar2": 57.6999282837, "median": 11, "dmean2": 6.51117801666, "dmean": 4.93652009964, "var": 178.796585083, "dvar": 42.2603416443, "mean": 14.9304304123}, "silence_rate_20dB": {"min": 1, "max": 1, "dvar2": 0, "median": 1, "dmean2": 0, "dmean": 0, "var": 0, "dvar": 0, "mean": 1}, "average_loudness": 0.940806090832, "erbbands_spread": {"min": 5.15415620804, "max": 177.321304321, "dvar2": 516.666015625, "median": 56.8238372803, "dmean2": 22.4608573914, "dmean": 15.4515142441, "var": 887.068603516, "dvar": 242.530258179, "mean": 62.0994606018}, "spectral_kurtosis": {"min": -1.02500379086, "max": 12.6170082092, "dvar2": 1.53356313705, "median": 1.62777709961, "dmean2": 1.1240375042, "dmean": 0.715841114521, "var": 1.45737850666, "dvar": 0.606516957283, "mean": 1.7348729372}, "barkbands_kurtosis": {"min": -1.97178292274, "max": 330.454986572, "dvar2": 603.003234863, "median": 1.70651626587, "dmean2": 12.7944793701, "dmean": 7.96586942673, "var": 389.187561035, "dvar": 240.857284546, "mean": 9.21872138977}, "spectral_strongpeak": {"min": 0, "max": 12.0983953476, "dvar2": 2.70636343956, "median": 0.214536622167, "dmean2": 0.728467047215, "dmean": 0.415982037783, "var": 1.00620508194, "dvar": 1.03574454784, "mean": 0.527769684792}, "spectral_spread": {"min": 2681097, "max": 31928806, "dvar2": 905610657792, "median": 5578073, "dmean2": 917122.5625, "dmean": 645043.5, "var": 2125263667200.0, "dvar": 492140003328, "mean": 5825262}, "spectral_rms": {"min": 3.62939296394e-08, "max": 0.0133066223934, "dvar2": 3.45644434674e-06, "median": 0.00398938637227, "dmean2": 0.00179801881313, "dmean": 0.00121306383517, "var": 4.8166216402e-06, "dvar": 1.67050450273e-06, "mean": 0.00427748356014}, "erbbands": {"min": [8.64803454542e-12, 4.67039011631e-11, 1.5031437206e-10, 3.38846867232e-10, 6.12165262925e-10, 9.27543652995e-10, 1.19916576669e-09, 1.31718203011e-09, 1.19556253786e-09, 8.45967462748e-10, 4.30887214797e-10, 2.11329273525e-10, 3.346823374e-10, 5.94760296568e-10, 5.55660628621e-10, 2.1323921795e-10, 2.56893811779e-10, 7.77124586904e-10, 6.46248388136e-10, 2.57262572356e-10, 7.07273239975e-10, 3.5781225205e-10, 3.82851167435e-10, 3.71993880144e-10, 6.38811725739e-10, 3.221230227e-10, 2.90865193042e-10, 6.47779954677e-11, 1.63953794985e-10, 8.42209496588e-11, 5.5904822438e-11, 3.94580028373e-11, 3.06108992321e-11, 4.95253074662e-11, 3.40080186234e-11, 1.19711072652e-11, 6.01343931247e-12, 2.39476407454e-12, 1.57426339759e-12, 1.9003368486e-13], "max": [3.70430755615, 34.4276504517, 117.979530334, 123.394508362, 119.182769775, 102.837501526, 143.048339844, 155.232711792, 493.377532959, 588.817382812, 2017.07421875, 1082.87158203, 870.357299805, 1127.0300293, 696.441467285, 577.926330566, 694.024597168, 930.13659668, 981.328796387, 832.281921387, 656.914123535, 696.062194824, 348.027801514, 628.850402832, 574.002990723, 430.096252441, 900.150756836, 414.084594727, 589.882324219, 385.547546387, 331.29699707, 173.533752441, 162.414047241, 62.3952293396, 32.6694412231, 15.5004501343, 7.11416244507, 1.08717894554, 0.0875043869019, 0.00645396998152], "dvar2": [0.215800151229, 22.9726581573, 296.682342529, 478.417388916, 228.223098755, 118.958831787, 107.005744934, 94.2250061035, 750.251464844, 2695.47387695, 3137.74389648, 2802.15625, 2541.48046875, 2566.38330078, 1582.23608398, 4904.27880859, 3688.09179688, 4300.81201172, 3765.9284668, 2232.82763672, 1793.07678223, 1473.54638672, 1600.08215332, 2434.23950195, 3662.88134766, 850.434020996, 1161.93066406, 734.159118652, 758.443359375, 459.457702637, 345.974121094, 181.358917236, 224.352615356, 35.6521873474, 4.73310613632, 0.866201460361, 0.146498918533, 0.035511277616, 0.000183504977031, 5.3608636108e-07], "median": [0.146248161793, 0.68134111166, 0.846927404404, 1.07106685638, 1.57363820076, 1.52447628975, 1.21223974228, 1.32322013378, 1.84289860725, 2.16032290459, 2.31323957443, 2.44056415558, 2.18580007553, 2.3721408844, 1.89412224293, 1.65247619152, 1.56338393688, 1.95604014397, 2.417501688, 2.43170523643, 3.70477747917, 3.26887345314, 5.42951440811, 6.83490848541, 6.70565700531, 6.98905324936, 7.38225841522, 8.15386962891, 7.99828529358, 6.17476654053, 3.43270540237, 1.80524754524, 1.61046636105, 0.704828441143, 0.236042141914, 0.0660644471645, 0.0223337002099, 0.00262932572514, 0.000265894865151, 4.67965364805e-05], "dmean2": [0.301850497723, 2.36566281319, 7.01406288147, 9.82821464539, 7.68443012238, 5.77414274216, 4.39419794083, 4.45136213303, 9.55657196045, 18.211391449, 17.2015399933, 19.4131717682, 18.2746124268, 17.5994758606, 14.0157670975, 22.0944080353, 21.105796814, 22.2544364929, 21.6081867218, 17.7430553436, 18.2782802582, 14.5636615753, 18.0148582458, 21.0025482178, 23.2253322601, 14.9255876541, 17.4873332977, 16.4386520386, 13.3338603973, 11.0861501694, 8.29697322845, 5.84650278091, 6.99864006042, 2.64975214005, 0.968996465206, 0.366617977619, 0.157616823912, 0.0578182898462, 0.00533290673047, 0.000302155531244], "dmean": [0.189007759094, 1.43596017361, 4.23682880402, 5.70766067505, 4.43537378311, 3.51586151123, 2.65708470345, 2.7704679966, 6.01271009445, 11.3675794601, 10.9012260437, 12.682975769, 11.34603405, 11.1527814865, 9.13027191162, 13.1062707901, 12.5995635986, 14.0791301727, 13.845785141, 11.7038059235, 11.9179439545, 9.88584804535, 12.4048337936, 13.6975545883, 15.0855560303, 10.5267038345, 12.0881252289, 11.8797073364, 9.69495296478, 7.84522724152, 5.6842007637, 4.01041650772, 4.74443674088, 1.81477594376, 0.631244361401, 0.241674557328, 0.0984153151512, 0.0346240065992, 0.00317707029171, 0.000181610841537], "var": [0.15876480937, 9.22194862366, 104.960090637, 147.101074219, 72.7434158325, 48.5678863525, 41.94140625, 53.9821662903, 376.21963501, 1487.76623535, 2080.08422852, 1765.02453613, 1285.8972168, 1785.26062012, 1110.63049316, 1790.53137207, 1748.46557617, 2560.29785156, 2992.55664062, 1790.83679199, 1482.54101562, 982.094604492, 1326.02636719, 1567.15869141, 1957.12438965, 954.742919922, 1055.49902344, 872.426696777, 733.61932373, 468.721252441, 230.150314331, 126.669548035, 145.187286377, 23.1924171448, 2.82458734512, 0.561547219753, 0.0750603601336, 0.0107903759927, 6.08730624663e-05, 1.75339792463e-07], "dvar": [0.0876460075378, 8.85379219055, 115.990386963, 178.013977051, 83.661239624, 47.3661880493, 41.1234664917, 38.4834594727, 308.020141602, 1119.57263184, 1415.16918945, 1207.42883301, 1003.99871826, 1057.25109863, 664.630310059, 1841.06677246, 1371.82885742, 1663.84985352, 1593.22570801, 938.354187012, 750.231262207, 665.743530273, 776.279296875, 1019.24481201, 1483.73925781, 429.570343018, 551.466491699, 404.9581604, 375.740081787, 231.134124756, 152.500961304, 82.2059783936, 99.9415206909, 16.7622585297, 2.00011849403, 0.373947918415, 0.0599357075989, 0.0134484265, 7.08477455191e-05, 2.06447509754e-07], "mean": [0.298319160938, 1.70952916145, 3.90939378738, 5.28314876556, 4.46661281586, 3.90489768982, 3.13694405556, 3.8703186512, 7.5669169426, 14.1982345581, 14.4949607849, 17.0410232544, 14.6489753723, 15.1853923798, 12.1566562653, 13.5014801025, 14.541270256, 17.7289485931, 19.3378601074, 16.9972019196, 17.6700115204, 13.7914838791, 18.9565048218, 21.2859687805, 21.3099594116, 18.2383441925, 19.7819747925, 18.9960174561, 16.7277431488, 13.4877357483, 8.6541519165, 5.80970621109, 6.67519187927, 2.35691690445, 0.835854649544, 0.312648057938, 0.113810054958, 0.0310556124896, 0.00281682237983, 0.000177486348548]}, "zerocrossingrate": {"min": 0.00390625, "max": 0.4794921875, "dvar2": 0.00048186123604, "median": 0.07373046875, "dmean2": 0.0223799906671, "dmean": 0.0199650991708, "var": 0.0031729277689, "dvar": 0.000433501903899, "mean": 0.0885730832815}, "spectral_contrast_coeffs": {"min": [-0.986654698849, -0.951747238636, -0.965811014175, -0.956519603729, -0.947715103626, -0.950909912586], "max": [-0.371412038803, -0.345661610365, -0.435025721788, -0.491690427065, -0.606232345104, -0.591470718384], "dvar2": [0.00675976695493, 0.00469832494855, 0.00286000361666, 0.00175661360845, 0.000921747938264, 0.0010100005893], "median": [-0.732273578644, -0.788726449013, -0.814286589622, -0.821482777596, -0.802317857742, -0.736067175865], "dmean2": [0.10085517168, 0.0819919034839, 0.0642826110125, 0.0508814118803, 0.0368336252868, 0.0344086736441], "dmean": [0.0626461952925, 0.0518094561994, 0.041501108557, 0.0334294959903, 0.0233717542142, 0.0230357665569], "var": [0.00740307802334, 0.00894120521843, 0.00744585646316, 0.00553026236594, 0.00170494872145, 0.00170402310323], "dvar": [0.0028854990378, 0.00204700161703, 0.00133193621878, 0.000861804117449, 0.000388681160985, 0.000443869677838], "mean": [-0.718305528164, -0.7679079175, -0.790596365929, -0.80102956295, -0.800417244434, -0.737128674984]}, "dissonance": {"min": 0.00268667028286, "max": 0.500000119209, "dvar2": 0.000494740786962, "median": 0.485468655825, "dmean2": 0.0197102855891, "dmean": 0.012063678354, "var": 0.000434836081695, "dvar": 0.000204840296647, "mean": 0.478924572468}, "spectral_energyband_high": {"min": 3.09381867185e-14, "max": 0.0398923903704, "dvar2": 7.02791339791e-06, "median": 0.000957023177762, "dmean2": 0.0015079844743, "dmean": 0.00112543127034, "var": 8.86065390659e-06, "dvar": 3.92116226067e-06, "mean": 0.00207783770747}, "spectral_skewness": {"min": -0.251774013042, "max": 2.3614552021, "dvar2": 0.0659381970763, "median": 0.922969043255, "dmean2": 0.267219990492, "dmean": 0.177645385265, "var": 0.111812777817, "dvar": 0.0321374945343, "mean": 0.913052856922}, "spectral_flux": {"min": 6.4808424213e-05, "max": 0.333033829927, "dvar2": 0.00255636358634, "median": 0.0807286053896, "dmean2": 0.0486115440726, "dmean": 0.0317142754793, "var": 0.00314507517032, "dvar": 0.00124263728503, "mean": 0.0900537893176}, "silence_rate_30dB": {"min": 0, "max": 1, "dvar2": 0.0448036752641, "median": 1, "dmean2": 0.0356140509248, "dmean": 0.0178053025156, "var": 0.0124207176268, "dvar": 0.0174903422594, "mean": 0.987421393394}, "spectral_energyband_middle_high": {"min": 1.05224978579e-13, "max": 0.0459362752736, "dvar2": 4.51324303867e-05, "median": 0.00106859847438, "dmean2": 0.00287336367182, "dmean": 0.00201192847453, "var": 3.74092742277e-05, "dvar": 1.92587103811e-05, "mean": 0.00358957145363}, "barkbands_spread": {"min": 0.630292236805, "max": 123.83114624, "dvar2": 349.837493896, "median": 31.8388500214, "dmean2": 18.0871257782, "dmean": 11.8689336777, "var": 535.022888184, "dvar": 152.584243774, "mean": 35.6331596375}, "spectral_centroid": {"min": 173.107879639, "max": 6662.71679688, "dvar2": 394135.34375, "median": 2101.66918945, "dmean2": 656.03137207, "dmean": 452.4324646, "var": 834853, "dvar": 206620.359375, "mean": 2128.90844727}, "pitch_salience": {"min": 0.0859623104334, "max": 0.906745314598, "dvar2": 0.0216720476747, "median": 0.490035265684, "dmean2": 0.173644050956, "dmean": 0.108525857329, "var": 0.0201879777014, "dvar": 0.00876918248832, "mean": 0.489195793867}, "erbbands_skewness": {"min": -5.55784797668, "max": 3.91863489151, "dvar2": 0.535162389278, "median": -0.355346947908, "dmean2": 0.719340622425, "dmean": 0.494673609734, "var": 0.917883694172, "dvar": 0.252437919378, "mean": -0.37461528182}, "erbbands_crest": {"min": 2.52806806564, "max": 30.4790935516, "dvar2": 15.5991592407, "median": 6.9034371376, "dmean2": 4.18364524841, "dmean": 2.5475769043, "var": 12.0083265305, "dvar": 6.18329000473, "mean": 7.7215256691}, "melbands": {"min": [7.82357780448e-14, 7.40836293136e-14, 6.63358528264e-14, 5.58623649725e-14, 4.28180846898e-14, 2.97733300687e-14, 1.76381719424e-14, 8.34512529744e-15, 3.00910000347e-15, 1.23731470677e-15, 1.68987805774e-15, 2.38842369412e-15, 2.05124232419e-15, 9.12966203627e-16, 2.77698931194e-16, 8.1388950094e-16, 1.5452608404e-15, 1.19831879218e-15, 3.59219976076e-16, 4.67426555734e-16, 9.19976460057e-16, 4.48103193108e-16, 1.4707116443e-16, 4.82149841242e-16, 2.61001820691e-16, 3.65081761709e-16, 5.01141114012e-16, 1.36906530835e-16, 2.12417082863e-16, 7.90083745837e-17, 2.61995066084e-17, 8.56194336498e-17, 1.02174149973e-16, 2.52287423307e-17, 2.84708949396e-17, 3.61279305077e-17, 1.97167184398e-17, 2.42392606102e-17, 2.81227643983e-17, 4.11809684203e-17], "max": [0.0272645913064, 0.0513657443225, 0.0189306084067, 0.0072229062207, 0.00383054278791, 0.00313177867793, 0.00716509157792, 0.0060614082031, 0.0157716646791, 0.00583214173093, 0.00422883266583, 0.00483905337751, 0.0029999576509, 0.00165450305212, 0.00177013408393, 0.00258765881881, 0.00158581032883, 0.00170376396272, 0.00169386772905, 0.000769004283939, 0.000950002809986, 0.000992382410914, 0.000473853753647, 0.000321156170685, 0.000615576398559, 0.00044637726387, 0.000456051231595, 0.000353453448042, 0.000570046890061, 0.000344030122506, 0.000207176373806, 0.000396613962948, 0.000203726202017, 0.000246192794293, 0.000289469287964, 0.000153737986693, 0.000110550929094, 0.000104297643702, 0.000106207087811, 5.11665311933e-05], "dvar2": [1.7638258214e-05, 5.69621042814e-05, 1.12255484055e-05, 6.55003702832e-07, 1.50903076701e-07, 4.32656115379e-08, 2.00010745743e-07, 3.16170400083e-07, 1.93505343304e-07, 1.00950920512e-07, 6.58221566141e-08, 5.03191515122e-08, 2.86828569784e-08, 3.45044810501e-08, 2.37721593521e-08, 2.43712570125e-08, 1.37537403688e-08, 1.2603497801e-08, 4.77994976933e-09, 3.20925841457e-09, 2.9701046067e-09, 1.6937653502e-09, 2.43834596958e-09, 1.151881035e-09, 1.71868863585e-09, 4.02413879996e-09, 9.99750393582e-10, 3.87197024443e-10, 6.01317773352e-10, 3.24584165101e-10, 2.70439420857e-10, 2.7854007989e-10, 3.13665232676e-10, 1.46991321892e-10, 1.81088213869e-10, 7.29442270475e-11, 8.06691449751e-11, 1.05317261856e-10, 9.75937525238e-11, 1.66686803249e-11], "median": [0.00117102602962, 0.000665429281071, 0.000213429855648, 0.000121787590615, 4.90285965498e-05, 2.83462595689e-05, 2.74453632301e-05, 2.21359423449e-05, 1.5588468159e-05, 1.41414620884e-05, 1.00632778413e-05, 8.93770811672e-06, 5.50938784727e-06, 4.734603408e-06, 2.90846855933e-06, 3.5490186292e-06, 3.24965390064e-06, 3.18227125717e-06, 3.27207885675e-06, 2.46130048254e-06, 4.0301174522e-06, 2.92179765893e-06, 3.43256215274e-06, 5.65441996514e-06, 5.36440256838e-06, 4.95272661283e-06, 4.41383963334e-06, 4.28582688983e-06, 4.24501013185e-06, 5.00080432175e-06, 4.30928821515e-06, 4.22126595367e-06, 4.14496389567e-06, 3.0123403576e-06, 1.96390010387e-06, 1.44782529787e-06, 8.40660618451e-07, 1.16256751426e-06, 8.44080886964e-07, 3.36585657124e-07], "dmean2": [0.00268787355162, 0.00332448002882, 0.00155822571833, 0.000453464483144, 0.000174988279468, 9.69124303083e-05, 0.000161182004376, 0.000201333474251, 0.000141823387821, 0.000123274032376, 9.43229679251e-05, 7.62688287068e-05, 5.08645316586e-05, 5.93230324739e-05, 5.24552669958e-05, 5.1611699746e-05, 4.02756631956e-05, 3.91407229472e-05, 2.62221001321e-05, 2.22503822442e-05, 2.25756175496e-05, 1.47342334458e-05, 1.79763883352e-05, 1.75563200173e-05, 1.76901739906e-05, 2.28758162848e-05, 1.40731781357e-05, 9.99243638944e-06, 1.24385251183e-05, 1.03996480902e-05, 9.78471962298e-06, 7.96100812295e-06, 8.67108428793e-06, 6.15722592556e-06, 5.5070649978e-06, 3.7524059735e-06, 3.71721034753e-06, 4.68666075903e-06, 4.42183090854e-06, 1.73501280187e-06], "dmean": [0.00166631280445, 0.00202787201852, 0.000928283727262, 0.000268325849902, 0.000107200517959, 6.03280604992e-05, 0.000101331068436, 0.000125687351101, 9.0664056188e-05, 7.99029076006e-05, 5.82629509154e-05, 4.77292742289e-05, 3.33164425683e-05, 3.52792121703e-05, 3.12455340463e-05, 3.08052694891e-05, 2.54481819866e-05, 2.45815772359e-05, 1.71530973603e-05, 1.44881696542e-05, 1.4471891518e-05, 9.88571628113e-06, 1.18035750347e-05, 1.19391261251e-05, 1.1211477613e-05, 1.41620912473e-05, 8.92837124411e-06, 6.95841163179e-06, 8.28521206131e-06, 7.28509667169e-06, 7.05761567588e-06, 5.68279710933e-06, 5.83928294873e-06, 4.36726031694e-06, 3.69785288967e-06, 2.54723317994e-06, 2.50412563219e-06, 3.15484999192e-06, 2.97554333883e-06, 1.21076402593e-06], "var": [1.07193609438e-05, 2.30641144299e-05, 3.76543789571e-06, 2.26842175266e-07, 6.30618970376e-08, 2.50286014136e-08, 9.92906237229e-08, 1.71241367752e-07, 1.34893198833e-07, 6.5106021907e-08, 3.30689644557e-08, 3.39564749652e-08, 2.02985255271e-08, 1.22189423024e-08, 1.0737005951e-08, 1.21587344637e-08, 7.80335174255e-09, 8.84388473565e-09, 3.82124820675e-09, 2.44202857935e-09, 2.15570317152e-09, 1.05535391537e-09, 1.30079669258e-09, 1.11316622586e-09, 1.02656272372e-09, 1.55976997984e-09, 6.71384892126e-10, 4.05666306103e-10, 4.73497130393e-10, 3.35815264485e-10, 2.86789841875e-10, 2.37357689059e-10, 2.57934062997e-10, 1.27955604445e-10, 9.9532909692e-11, 5.00797667224e-11, 5.09079271793e-11, 6.58683108057e-11, 5.94933755038e-11, 1.03236733398e-11], "dvar": [6.95421886121e-06, 2.28504268307e-05, 4.25979396823e-06, 2.44608997946e-07, 5.97659948198e-08, 1.76557684028e-08, 8.15797775999e-08, 1.311347404e-07, 8.85290916131e-08, 4.32900328917e-08, 2.59445123163e-08, 2.0540317891e-08, 1.20491572275e-08, 1.29088038037e-08, 9.05368757742e-09, 9.12056741242e-09, 5.38563771357e-09, 5.16346299051e-09, 2.11356199209e-09, 1.33742517061e-09, 1.21147658572e-09, 7.39886762968e-10, 1.06563513569e-09, 5.69405855799e-10, 6.95419888341e-10, 1.54005319608e-09, 4.1902667447e-10, 1.90937432532e-10, 2.69677974396e-10, 1.62381788571e-10, 1.44571021821e-10, 1.34253511086e-10, 1.38662317739e-10, 7.15768624926e-11, 7.61879864752e-11, 3.24675564212e-11, 3.55437346222e-11, 4.55245979802e-11, 4.55206775052e-11, 7.54151342069e-12], "mean": [0.00246751820669, 0.00217117602006, 0.00090241630096, 0.000291545176879, 0.000126640312374, 8.38254709379e-05, 0.000126744416775, 0.00015623786021, 0.000120697979582, 0.000106779734779, 7.30363171897e-05, 6.2725492171e-05, 4.38015595137e-05, 3.59814948752e-05, 3.32018062181e-05, 3.49871406797e-05, 3.07901646011e-05, 3.17303347401e-05, 2.37101503444e-05, 2.01363163796e-05, 2.05152337003e-05, 1.32670293169e-05, 1.52767734107e-05, 1.86163215403e-05, 1.68079059222e-05, 1.71730225702e-05, 1.34993861138e-05, 1.16027322292e-05, 1.26369905047e-05, 1.16233068184e-05, 1.05706612885e-05, 9.19850299397e-06, 9.50008143263e-06, 6.86741304889e-06, 5.30016859557e-06, 3.88927674067e-06, 3.34557194037e-06, 4.50767220173e-06, 3.8077539557e-06, 1.49015636453e-06]}, "spectral_entropy": {"min": 6.06673908234, "max": 8.99313259125, "dvar2": 0.082616828382, "median": 7.9727025032, "dmean2": 0.257045209408, "dmean": 0.17281755805, "var": 0.113511830568, "dvar": 0.0366488397121, "mean": 7.95236825943}, "spectral_rolloff": {"min": 64.599609375, "max": 12769.1894531, "dvar2": 5623472, "median": 1184.32617188, "dmean2": 1807.68566895, "dmean": 1095.3848877, "var": 6720356, "dvar": 2646638.75, "mean": 2342.97875977}, "barkbands": {"min": [1.59630392672e-13, 2.32299829329e-13, 1.44442875087e-13, 1.3227087611e-13, 2.63482974588e-13, 1.60609779599e-13, 7.52638985749e-14, 2.44741056035e-14, 9.09252599428e-15, 1.45996987422e-14, 1.55066135307e-14, 6.17318543695e-15, 6.08967730571e-15, 1.71087306106e-14, 6.43882725119e-15, 1.07769077611e-14, 6.76253698561e-15, 8.46941891212e-15, 8.5943062969e-15, 8.17707988994e-15, 4.15144061163e-15, 4.45598495507e-15, 1.72613678535e-15, 1.59667679909e-15, 4.65456928846e-15, 3.25405282621e-15, 1.10765117849e-14], "max": [0.0136231146753, 0.128091573715, 0.112035095692, 0.0398700833321, 0.0264046378434, 0.0150077994913, 0.035155184567, 0.0690764635801, 0.0402284227312, 0.0274128802121, 0.0205370858312, 0.0132964402437, 0.024733889848, 0.0160120707005, 0.0163502339274, 0.0099228983745, 0.0117773395032, 0.00647203717381, 0.0125947082415, 0.00880078040063, 0.0138824852183, 0.0128039298579, 0.00953688006848, 0.007092601154, 0.0046595572494, 0.00323495548218, 0.000659535056911], "dvar2": [7.8810148807e-07, 0.000330171693349, 0.000259427266428, 5.07648328494e-05, 9.89065756585e-06, 1.15934903988e-06, 6.53908091408e-06, 7.24912524674e-06, 5.14164003107e-06, 2.91615197057e-06, 1.44448597439e-06, 2.75324305221e-06, 2.34742901739e-06, 1.47406638007e-06, 1.12251643714e-06, 6.04663341619e-07, 6.13685188e-07, 4.19304456045e-07, 1.88759156572e-06, 4.27318553875e-07, 4.39038871036e-07, 5.41130191323e-07, 3.93689958855e-07, 5.67003439755e-07, 1.46133970702e-07, 4.36450804386e-08, 1.30918555996e-08], "median": [0.000183671349077, 0.00382109102793, 0.000616243050899, 0.000310305738822, 0.000524406961631, 0.000139671348734, 0.000109219152364, 8.04071605671e-05, 9.94069196167e-05, 6.12078292761e-05, 3.531634502e-05, 3.90669047192e-05, 3.19415994454e-05, 3.55277334165e-05, 4.48334030807e-05, 5.9833364503e-05, 4.62047646579e-05, 0.000114348134957, 0.000131889246404, 0.000151707223267, 0.000201014379854, 0.000223057562835, 0.000138409726787, 0.000101950325188, 3.67864595319e-05, 1.20565036923e-05, 1.48615890794e-06], "dmean2": [0.000487873301608, 0.0103477519006, 0.00654995953664, 0.0031824207399, 0.00182998494711, 0.000497122353408, 0.000946304528043, 0.000830142875202, 0.000915154290851, 0.000598466547672, 0.000368518434698, 0.000538413296454, 0.000515697174706, 0.000441698939539, 0.000388688960811, 0.000338553771144, 0.000272904842859, 0.000338931044098, 0.000521302048583, 0.000338511337759, 0.000396747986088, 0.000381385470973, 0.000304409768432, 0.000354096846422, 0.000171873471118, 8.4037630586e-05, 3.99230666517e-05], "dmean": [0.000316140241921, 0.00634098798037, 0.00394658511505, 0.0018135033315, 0.00109551497735, 0.000307989510475, 0.000592029478867, 0.000516312895343, 0.000597307749558, 0.000367430679034, 0.000239623564994, 0.000318435981171, 0.000309238530463, 0.000274615711533, 0.000252926489338, 0.000218980378122, 0.000180474191438, 0.000231085621635, 0.000321193801938, 0.000239021479501, 0.000281730899587, 0.000274466787232, 0.000209005214856, 0.000241306712269, 0.000115623231977, 5.36675470357e-05, 2.37709791691e-05], "var": [7.74394322889e-07, 0.000157918053446, 8.6374435341e-05, 1.40506053867e-05, 3.76850289285e-06, 6.59422880744e-07, 3.394001169e-06, 4.14454461861e-06, 3.62139735444e-06, 1.68637245679e-06, 1.03614013369e-06, 9.92868876892e-07, 1.15274417567e-06, 7.795433703e-07, 9.82726305665e-07, 4.77202831917e-07, 3.19773192814e-07, 4.29311086236e-07, 8.16878298338e-07, 4.69729911856e-07, 5.28291138835e-07, 5.91165644437e-07, 3.00982065937e-07, 3.77830417619e-07, 9.52017771283e-08, 2.46611637778e-08, 4.05350375488e-09], "dvar": [3.41100957257e-07, 0.000128268569824, 0.000100702527561, 1.80721417564e-05, 3.80488268092e-06, 4.76439225849e-07, 2.65755079454e-06, 3.09499046125e-06, 2.27292184718e-06, 1.1519742884e-06, 6.0732457996e-07, 1.02935166524e-06, 8.8131287157e-07, 5.75284843762e-07, 4.91256969326e-07, 2.53092082403e-07, 2.58252498497e-07, 2.14764028783e-07, 7.14446343864e-07, 2.19170445348e-07, 2.36705133716e-07, 2.7937275604e-07, 1.83610580962e-07, 2.53928305938e-07, 6.6485249306e-08, 1.83284907251e-08, 5.01227015448e-09], "mean": [0.000541062268894, 0.00857949722558, 0.00345986802131, 0.00159945222549, 0.00121664279141, 0.000422068143962, 0.000722745491657, 0.000625969143584, 0.000800114125013, 0.000453170301626, 0.000310181756504, 0.000322771753417, 0.000344380736351, 0.000328519759933, 0.000363834144082, 0.000312005489832, 0.000226598203881, 0.000368851760868, 0.000426723709097, 0.000402213190682, 0.000475845241453, 0.000481578579638, 0.000329550704919, 0.00034325683373, 0.00014879257651, 6.46656844765e-05, 2.0218660211e-05]}, "melbands_flatness_db": {"min": 0.0276986081153, "max": 0.522311270237, "dvar2": 0.00370292318985, "median": 0.193636596203, "dmean2": 0.0642166286707, "dmean": 0.0435886494815, "var": 0.00858134776354, "dvar": 0.00183604494669, "mean": 0.201471596956}, "melbands_skewness": {"min": -3.24189305305, "max": 21.2578163147, "dvar2": 7.85599327087, "median": 3.93456220627, "dmean2": 2.57759046555, "dmean": 1.73400866985, "var": 13.3636751175, "dvar": 3.58271169662, "mean": 4.81204319}, "barkbands_skewness": {"min": -5.75956058502, "max": 14.8921604156, "dvar2": 2.75776386261, "median": 1.62663400173, "dmean2": 1.51100623608, "dmean": 1.02065002918, "var": 4.59498023987, "dvar": 1.24530482292, "mean": 2.09439945221}, "silence_rate_60dB": {"min": 0, "max": 1, "dvar2": 0.0476198457181, "median": 0, "dmean2": 0.0439369007945, "dmean": 0.0219663251191, "var": 0.0683763846755, "dvar": 0.0214839875698, "mean": 0.0738268047571}, "spectral_energyband_low": {"min": 5.24256798997e-13, "max": 0.168094903231, "dvar2": 0.000652094196994, "median": 0.00605982495472, "dmean2": 0.015269712545, "dmean": 0.00964547973126, "var": 0.000405594269978, "dvar": 0.000283392815618, "mean": 0.0135661605746}, "spectral_energyband_middle_low": {"min": 6.68432269171e-13, "max": 0.0822080224752, "dvar2": 0.000100184719486, "median": 0.00313625531271, "dmean2": 0.00633040023968, "dmean": 0.00386485643685, "var": 4.64784825454e-05, "dvar": 3.85350322176e-05, "mean": 0.00549544487149}, "melbands_kurtosis": {"min": -1.88469016552, "max": 645.823791504, "dvar2": 7431.57666016, "median": 17.4983329773, "dmean2": 50.1704368591, "dmean": 31.7200260162, "var": 5415.76660156, "dvar": 3020.72680664, "mean": 46.9494590759}, "spectral_decrease": {"min": -4.73021870562e-08, "max": -3.33783765681e-19, "dvar2": 4.72238106538e-17, "median": -3.82276343913e-09, "dmean2": 4.98591301579e-09, "dmean": 3.24640225813e-09, "var": 3.67508835357e-17, "dvar": 2.13796078971e-17, "mean": -5.69693625607e-09}, "erbbands_kurtosis": {"min": -1.93128848076, "max": 42.3520927429, "dvar2": 12.0825767517, "median": -0.489336013794, "dmean2": 1.98802137375, "dmean": 1.26492261887, "var": 7.92113256454, "dvar": 5.2982416153, "mean": 0.310669362545}, "melbands_crest": {"min": 3.07992863655, "max": 36.3538475037, "dvar2": 36.5869560242, "median": 18.3069057465, "dmean2": 7.45567846298, "dmean": 4.71420907974, "var": 50.2589683533, "dvar": 16.0228862762, "mean": 18.4366264343}, "gfcc": {"cov": [[11499.7714844, -697.72265625, -1148.7869873, -1437.14868164, -439.846710205, -161.404296875, -281.516235352, 373.793212891, 49.3251457214, 175.131332397, -141.69418335, -52.890537262, -146.918731689], [-697.72265625, 1338.55273438, -98.6390228271, 192.66734314, 44.4446105957, -119.342071533, 150.262023926, 2.29359650612, 150.119415283, -15.0481042862, 34.6688804626, -98.6559906006, 61.3156318665], [-1148.7869873, -98.6390228271, 1012.69012451, 438.641967773, 62.8880157471, 111.551567078, -17.8869991302, -127.358779907, -76.8900604248, -47.4986381531, -6.86983346939, -0.249700859189, -33.0272445679], [-1437.14868164, 192.66734314, 438.641967773, 731.557128906, 144.348388672, 49.018901825, 75.4979858398, -124.315185547, -7.41512918472, -62.5897712708, -2.00906991959, 23.0083770752, 51.334236145], [-439.846710205, 44.4446105957, 62.8880157471, 144.348388672, 254.760696411, 54.4238128662, 43.5696601868, -44.7010879517, -36.6125946045, -41.969455719, -8.18594932556, -1.69105470181, -3.39513039589], [-161.404296875, -119.342071533, 111.551567078, 49.018901825, 54.4238128662, 243.761993408, 64.4332504272, -12.2597694397, -52.6896057129, -3.5393679142, 4.30181074142, -9.5827703476, -23.3046550751], [-281.516235352, 150.262023926, -17.8869991302, 75.4979858398, 43.5696601868, 64.4332504272, 167.155227661, 3.06884765625, 10.821680069, -10.0888748169, 5.88205766678, 2.9553565979, 3.9632935524], [373.793212891, 2.29359650612, -127.358779907, -124.315185547, -44.7010879517, -12.2597694397, 3.06884765625, 164.854171753, 73.2765808105, 16.38712883, -1.15594482422, -7.5038690567, 23.8064193726], [49.3251457214, 150.119415283, -76.8900604248, -7.41512918472, -36.6125946045, -52.6896057129, 10.821680069, 73.2765808105, 148.126693726, 50.6569442749, -2.05132198334, -8.00057315826, 25.6461982727], [175.131332397, -15.0481042862, -47.4986381531, -62.5897712708, -41.969455719, -3.5393679142, -10.0888748169, 16.38712883, 50.6569442749, 106.892524719, 34.5382881165, 8.29636096954, -8.35729026794], [-141.69418335, 34.6688804626, -6.86983346939, -2.00906991959, -8.18594932556, 4.30181074142, 5.88205766678, -1.15594482422, -2.05132198334, 34.5382881165, 98.1781463623, 34.5866508484, 14.1708393097], [-52.890537262, -98.6559906006, -0.249700859189, 23.0083770752, -1.69105470181, -9.5827703476, 2.9553565979, -7.5038690567, -8.00057315826, 8.29636096954, 34.5866508484, 93.9415588379, 26.8360443115], [-146.918731689, 61.3156318665, -33.0272445679, 51.334236145, -3.39513039589, -23.3046550751, 3.9632935524, 23.8064193726, 25.6461982727, -8.35729026794, 14.1708393097, 26.8360443115, 79.6276397705]], "icov": [[0.000129354564706, 1.66932636603e-06, 7.39614260965e-05, 0.000129474210553, 8.0932630226e-05, 4.3736531552e-07, 0.00011915073992, -0.000185864948435, 0.00012593511201, -0.000153886299813, 0.000256357627222, -9.16149219847e-05, 0.000166349331266], [1.66932636603e-06, 0.00141692534089, 8.3095721493e-05, -0.000151634507347, -0.000116843249998, 0.000841767818201, -0.0013318072306, 0.000753646774683, -0.0014218671713, 0.000781310838647, -0.00144409947097, 0.00229674298316, -0.000850522483233], [7.39614260965e-05, 8.3095721493e-05, 0.00165795173962, -0.001030866988, 0.000375244184397, -0.000593918433879, 0.000798460503574, 9.98330142465e-05, 0.00019008583331, 0.000233743543504, -6.41881633783e-05, -9.02433271222e-07, 0.00117235223297], [0.000129474210553, -0.000151634507347, -0.001030866988, 0.00303132040426, -0.000827328825835, -0.000146038655657, -0.000713402754627, 0.001738106017, -0.00127255253028, 0.000777892535552, 0.00037660606904, -0.000439995841589, -0.00201553432271], [8.0932630226e-05, -0.000116843249998, 0.000375244184397, -0.000827328825835, 0.00503607280552, -0.000839898944832, -0.000323483458487, 0.000329262664309, 0.00049985141959, 0.00118042249233, 0.00019501830684, -0.000196745997528, 0.000809375138488], [4.3736531552e-07, 0.000841767818201, -0.000593918433879, -0.000146038655657, -0.000839898944832, 0.00636622915044, -0.00322062405758, -0.0010381990578, 0.00225669890642, -0.00150755548384, -0.000690058746841, 0.00214687874541, 1.27276107378e-05], [0.00011915073992, -0.0013318072306, 0.000798460503574, -0.000713402754627, -0.000323483458487, -0.00322062405758, 0.00918138585985, -0.000937040022109, -0.000454370456282, 0.000692887639161, 0.000674322596751, -0.00275220605545, 0.00192986254115], [-0.000185864948435, 0.000753646774683, 9.98330142465e-05, 0.001738106017, 0.000329262664309, -0.0010381990578, -0.000937040022109, 0.0111147165298, -0.00664284545928, 0.00302262394689, -0.00157450826373, 0.00180875067599, -0.00344117032364], [0.00012593511201, -0.0014218671713, 0.00019008583331, -0.00127255253028, 0.00049985141959, 0.00225669890642, -0.000454370456282, -0.00664284545928, 0.0157934743911, -0.00882949586958, 0.0043843369931, -0.000376767507987, -0.00174979178701], [-0.000153886299813, 0.000781310838647, 0.000233743543504, 0.000777892535552, 0.00118042249233, -0.00150755548384, 0.000692887639161, 0.00302262394689, -0.00882949586958, 0.0169684570283, -0.00693089421839, 7.80794380262e-06, 0.00323635200039], [0.000256357627222, -0.00144409947097, -6.41881633783e-05, 0.00037660606904, 0.00019501830684, -0.000690058746841, 0.000674322596751, -0.00157450826373, 0.0043843369931, -0.00693089421839, 0.0159584321082, -0.00618702033535, -0.00133529049344], [-9.16149219847e-05, 0.00229674298316, -9.02433271222e-07, -0.000439995841589, -0.000196745997528, 0.00214687874541, -0.00275220605545, 0.00180875067599, -0.000376767507987, 7.80794380262e-06, -0.00618702033535, 0.0175563748926, -0.00613175844774], [0.000166349331266, -0.000850522483233, 0.00117235223297, -0.00201553432271, 0.000809375138488, 1.27276107378e-05, 0.00192986254115, -0.00344117032364, -0.00174979178701, 0.00323635200039, -0.00133529049344, -0.00613175844774, 0.0194843206555]], "mean": [-19.597322464, 50.6183776855, -90.1793289185, 64.4373092651, -56.2896957397, 23.283082962, -23.1250362396, 12.7033109665, -17.3406887054, 4.49254846573, -14.2718763351, 0.278497159481, -9.21409320831]}, "melbands_spread": {"min": 0.408336132765, "max": 294.147338867, "dvar2": 859.359130859, "median": 22.4737510681, "dmean2": 21.1322059631, "dmean": 14.0477228165, "var": 1154.98950195, "dvar": 416.775878906, "mean": 33.6523475647}, "spectral_energy": {"min": 1.350180601e-12, "max": 0.181492865086, "dvar2": 0.000714989379048, "median": 0.0163130816072, "dmean2": 0.0198998600245, "dmean": 0.0130907567218, "var": 0.000579632411245, "dvar": 0.000326219043927, "mean": 0.0236912909895}, "mfcc": {"cov": [[10300.9550781, 29.351064682, -1143.6418457, -1006.29772949, -475.886871338, -661.37322998, -310.594726562, -177.962234497, 29.7166786194, 208.230773926, 20.9222602844, -54.3043403625, -68.1871566772], [29.351064682, 973.639831543, -110.952278137, 75.0212860107, -76.420463562, -69.890586853, -37.5000076294, -7.8585896492, 57.2232666016, 82.0960617065, 50.6445159912, 10.908531189, 19.638502121], [-1143.6418457, -110.952278137, 877.47253418, 310.644317627, 135.139984131, 197.965652466, 51.5552864075, 16.3295021057, -24.0659656525, -62.335018158, -5.48622131348, 28.420955658, -21.3879032135], [-1006.29772949, 75.0212860107, 310.644317627, 592.73059082, 133.866775513, 175.481765747, 11.8406944275, 45.3428382874, 25.2685432434, -75.5329971313, -30.3023719788, 8.39017486572, 44.0839195251], [-475.886871338, -76.420463562, 135.139984131, 133.866775513, 223.879333496, 83.4956970215, 44.7739448547, 15.1094932556, -2.09534716606, -21.7160339355, -33.1626815796, -12.7727499008, 11.5413808823], [-661.37322998, -69.890586853, 197.965652466, 175.481765747, 83.4956970215, 313.405303955, 122.567680359, 43.8837471008, -26.0961513519, -41.7307357788, 14.5889463425, -15.74883461, -8.52829170227], [-310.594726562, -37.5000076294, 51.5552864075, 11.8406944275, 44.7739448547, 122.567680359, 186.929412842, 57.1107254028, -30.3444366455, -31.258026123, 6.15051555634, -4.01711654663, -23.4767131805], [-177.962234497, -7.8585896492, 16.3295021057, 45.3428382874, 15.1094932556, 43.8837471008, 57.1107254028, 117.221572876, 38.8218841553, -6.04872369766, -4.26034212112, -5.8915977478, 1.99964809418], [29.7166786194, 57.2232666016, -24.0659656525, 25.2685432434, -2.09534716606, -26.0961513519, -30.3444366455, 38.8218841553, 122.61089325, 53.6750526428, 1.61221241951, -2.5856897831, -0.355241537094], [208.230773926, 82.0960617065, -62.335018158, -75.5329971313, -21.7160339355, -41.7307357788, -31.258026123, -6.04872369766, 53.6750526428, 117.285430908, 41.7404518127, -1.38803017139, 1.72190248966], [20.9222602844, 50.6445159912, -5.48622131348, -30.3023719788, -33.1626815796, 14.5889463425, 6.15051555634, -4.26034212112, 1.61221241951, 41.7404518127, 76.0077285767, 19.7124290466, 6.44040298462], [-54.3043403625, 10.908531189, 28.420955658, 8.39017486572, -12.7727499008, -15.74883461, -4.01711654663, -5.8915977478, -2.5856897831, -1.38803017139, 19.7124290466, 75.6737670898, 22.9363040924], [-68.1871566772, 19.638502121, -21.3879032135, 44.0839195251, 11.5413808823, -8.52829170227, -23.4767131805, 1.99964809418, -0.355241537094, 1.72190248966, 6.44040298462, 22.9363040924, 78.0776672363]], "icov": [[0.000134557572892, 1.92920888367e-05, 9.0887202532e-05, 0.000102599682577, 0.000119578493468, 9.23889310798e-05, 8.91425661393e-05, 5.22243972227e-05, 2.02092705877e-05, -8.48053387017e-05, 5.21131296409e-05, 5.8390211052e-05, 7.80198097345e-05], [1.92920888367e-05, 0.00124332867563, 0.000166918383911, -0.000566983711906, 0.000458851660369, 0.000410517939599, -0.000326442561345, 0.000253162201261, -0.000149790808791, -0.000782639428508, -0.00047992853797, 0.000116413386422, -3.56860291504e-05], [9.0887202532e-05, 0.000166918383911, 0.00174713414162, -0.000647993700113, -0.000464029901195, -0.000529318407644, 0.000400158285629, 1.52272468767e-05, 0.000356574222678, -4.94516280014e-05, -0.000223572918912, -0.0010461693164, 0.0013410395477], [0.000102599682577, -0.000566983711906, -0.000647993700113, 0.00342438928783, -0.00097305473173, -0.00148197694216, 0.00128050916828, -0.000415494665504, -0.00148099730723, 0.00227210228331, 0.000327111454681, -3.48270696122e-05, -0.00157472374849], [0.000119578493468, 0.000458851660369, -0.000464029901195, -0.00097305473173, 0.00663644168526, -0.000441163632786, -0.00171722192317, 0.000906788511202, -2.76047921943e-05, -0.00189271464478, 0.00335641158745, 0.000902053609025, -0.00165767269209], [9.23889310798e-05, 0.000410517939599, -0.000529318407644, -0.00148197694216, -0.000441163632786, 0.00641427002847, -0.00332673499361, 8.91687193416e-07, 0.000371391419321, 0.000540693989024, -0.00297095277347, 0.00224787835032, 9.18271871342e-06], [8.91425661393e-05, -0.000326442561345, 0.000400158285629, 0.00128050916828, -0.00171722192317, -0.00332673499361, 0.0104866623878, -0.00517874769866, 0.0029595408123, 0.00107943464536, -0.00103194254916, -0.00161164137535, 0.00327107100748], [5.22243972227e-05, 0.000253162201261, 1.52272468767e-05, -0.000415494665504, 0.000906788511202, 8.91687193416e-07, -0.00517874769866, 0.0135233122855, -0.0063907513395, 0.00187939743046, 0.000148121835082, 0.00145535171032, -0.00232702842914], [2.02092705877e-05, -0.000149790808791, 0.000356574222678, -0.00148099730723, -2.76047921943e-05, 0.000371391419321, 0.0029595408123, -0.0063907513395, 0.0149148795754, -0.00810506101698, 0.00313854403794, -0.00141279306263, 0.0024901481811], [-8.48053387017e-05, -0.000782639428508, -4.94516280014e-05, 0.00227210228331, -0.00189271464478, 0.000540693989024, 0.00107943464536, 0.00187939743046, -0.00810506101698, 0.018167199567, -0.0098986858502, 0.00274927425198, -0.000986997969449], [5.21131296409e-05, -0.00047992853797, -0.000223572918912, 0.000327111454681, 0.00335641158745, -0.00297095277347, -0.00103194254916, 0.000148121835082, 0.00313854403794, -0.0098986858502, 0.0226110909134, -0.00553500512615, -0.00122101022862], [5.8390211052e-05, 0.000116413386422, -0.0010461693164, -3.48270696122e-05, 0.000902053609025, 0.00224787835032, -0.00161164137535, 0.00145535171032, -0.00141279306263, 0.00274927425198, -0.00553500512615, 0.0173539053649, -0.00536330090836], [7.80198097345e-05, -3.56860291504e-05, 0.0013410395477, -0.00157472374849, -0.00165767269209, 9.18271871342e-06, 0.00327107100748, -0.00232702842914, 0.0024901481811, -0.000986997969449, -0.00122101022862, -0.00536330090836, 0.0171398874372]], "mean": [-664.584838867, 72.1581954956, 26.8632411957, 42.5751037598, 4.10031652451, 17.0009689331, 7.63373231888, 11.3749446869, 6.45661735535, 6.58069372177, 5.1537437439, 1.27311468124, -0.75002604723]}, "spectral_contrast_valleys": {"min": [-16.1847705841, -18.0843906403, -18.0748558044, -19.6257286072, -19.7974433899, -19.9628982544], "max": [-5.33350849152, -5.12762069702, -5.27012825012, -5.53724861145, -5.22994661331, -7.41077232361], "dvar2": [0.267058283091, 0.504250943661, 0.536600887775, 0.354710280895, 0.282250344753, 0.359503448009], "median": [-6.99096822739, -7.29342937469, -7.94548892975, -8.24901676178, -7.43087005615, -9.57706642151], "dmean2": [0.663773417473, 0.761637270451, 0.714493751526, 0.604609727859, 0.515754044056, 0.510885536671], "dmean": [0.413082361221, 0.504654943943, 0.482434868813, 0.436097621918, 0.400507956743, 0.427948832512], "var": [0.880788326263, 1.4127112627, 1.36478888988, 1.24596726894, 1.12785112858, 1.30301308632], "dvar": [0.113554120064, 0.257666915655, 0.265008956194, 0.196251779795, 0.163631632924, 0.208265826106], "mean": [-7.13173818588, -7.49901437759, -8.0484495163, -8.32173633575, -7.52864789963, -9.71553325653]}, "barkbands_flatness_db": {"min": 0.0164770446718, "max": 0.413090348244, "dvar2": 0.00276196817867, "median": 0.122145846486, "dmean2": 0.0524681061506, "dmean": 0.0346474684775, "var": 0.00483056297526, "dvar": 0.00128291791771, "mean": 0.133860230446}, "dynamic_complexity": 4.34066867828, "erbbands_flatness_db": {"min": 0.0423346310854, "max": 0.301072537899, "dvar2": 0.000743217184208, "median": 0.117542825639, "dmean2": 0.0272470172495, "dmean": 0.0181371625513, "var": 0.000990142696537, "dvar": 0.000343897816492, "mean": 0.122667692602}, "hfc": {"min": 9.9670893760