{"lowlevel": {"spectral_complexity": {"min": 0, "max": 63, "dvar2": 65.083404541, "median": 21, "dmean2": 7.29200983047, "dmean": 5.00546360016, "var": 195.049682617, "dvar": 38.0136680603, "mean": 22.0201511383}, "silence_rate_20dB": {"min": 1, "max": 1, "dvar2": 0, "median": 1, "dmean2": 0, "dmean": 0, "var": 0, "dvar": 0, "mean": 1}, "average_loudness": 0.928055942059, "erbbands_spread": {"min": 0.650970757008, "max": 180.542205811, "dvar2": 340.505157471, "median": 50.045715332, "dmean2": 16.7402095795, "dmean": 10.7153511047, "var": 462.149078369, "dvar": 146.065246582, "mean": 52.0075073242}, "spectral_kurtosis": {"min": -1.22854101658, "max": 159.796081543, "dvar2": 65.5583572388, "median": 1.75578355789, "dmean2": 1.82673096657, "dmean": 1.15205156803, "var": 63.7549476624, "dvar": 36.3436927795, "mean": 2.67578458786}, "barkbands_kurtosis": {"min": -1.94422590733, "max": 805.108581543, "dvar2": 970.104736328, "median": -0.405256390572, "dmean2": 7.25200271606, "dmean": 4.43926286697, "var": 623.860168457, "dvar": 406.824462891, "mean": 4.26293802261}, "spectral_strongpeak": {"min": 0, "max": 13.0352106094, "dvar2": 1.84155070782, "median": 0.256344854832, "dmean2": 0.685591995716, "dmean": 0.394514977932, "var": 0.955275774002, "dvar": 0.714028894901, "mean": 0.543736338615}, "spectral_spread": {"min": 540750.25, "max": 40569736, "dvar2": 1477866029060.0, "median": 5070024, "dmean2": 741678, "dmean": 511754.53125, "var": 3346344443900.0, "dvar": 680372994048, "mean": 5271566.5}, "spectral_rms": {"min": 3.21149964261e-12, "max": 0.0114502627403, "dvar2": 3.38629661201e-06, "median": 0.00406312011182, "dmean2": 0.00150760123506, "dmean": 0.000964054488577, "var": 3.63320168617e-06, "dvar": 1.4023408994e-06, "mean": 0.00412069866434}, "erbbands": {"min": [2.65222028798e-22, 1.17891968002e-21, 1.72469015643e-21, 1.06777231372e-20, 2.850596869e-20, 5.93408837817e-20, 5.02284521275e-20, 1.80425061725e-19, 4.75896238351e-19, 5.38908737765e-19, 6.74394718247e-19, 1.15511150671e-18, 1.26359531347e-18, 4.69655522521e-19, 1.38069803202e-18, 1.59568692611e-18, 2.0428079291e-18, 3.33325042333e-18, 3.63802718797e-18, 6.12437411781e-18, 5.2948620967e-18, 5.83297120931e-18, 6.20462345853e-18, 6.98244413598e-18, 1.23755864564e-17, 8.55951443183e-18, 1.05284086033e-17, 1.4229609229e-17, 1.48948229146e-17, 1.16439774646e-17, 1.05987098564e-17, 1.25613778394e-17, 1.40367404887e-17, 9.90414862991e-18, 7.00981057936e-18, 5.21197363624e-18, 2.1876795144e-18, 1.12018235778e-18, 3.17568363187e-19, 3.33813809139e-20], "max": [1.48162078857, 20.7983112335, 55.8436889648, 108.981742859, 84.3436889648, 128.818984985, 116.928924561, 203.782333374, 162.495178223, 234.901123047, 376.410644531, 677.474853516, 1764.76318359, 3990.65698242, 587.936340332, 1475.75646973, 704.558044434, 1145.61523438, 878.869262695, 1472.17687988, 939.84777832, 988.453063965, 624.80657959, 656.677368164, 561.675292969, 646.185302734, 493.002716064, 499.87399292, 683.717773438, 510.208740234, 427.225463867, 356.318145752, 146.537734985, 59.2243728638, 47.8879928589, 11.8695116043, 1.94657313824, 0.536170065403, 0.181402623653, 0.0124626997858], "dvar2": [0.070045478642, 16.6794929504, 89.500541687, 64.8099746704, 163.751922607, 283.65335083, 136.285614014, 200.840118408, 160.357757568, 684.664123535, 2090.671875, 1825.15979004, 2038.23132324, 1618.99511719, 1781.8092041, 3675.90039062, 1930.54724121, 4649.0859375, 2400.86401367, 2375.32373047, 1663.85644531, 1579.3873291, 857.611450195, 1568.23840332, 1759.53552246, 1454.51904297, 1256.45568848, 989.820129395, 2010.71716309, 1216.34924316, 310.500671387, 152.032699585, 43.1094970703, 12.7645931244, 3.16090774536, 0.210640236735, 0.0124846771359, 0.000335249002092, 3.9103842937e-06, 2.37439401474e-08], "median": [0.035412080586, 0.409576237202, 2.28239917755, 3.57387423515, 2.88416719437, 3.2754547596, 3.46504735947, 2.90950107574, 3.01665043831, 2.785384655, 2.80034017563, 5.5894575119, 4.81760501862, 3.67136240005, 5.44458007812, 6.03834009171, 6.8970952034, 6.04217147827, 8.70293903351, 13.4081020355, 15.1684741974, 14.4309778214, 10.8959751129, 13.0057373047, 14.9009914398, 16.7058677673, 15.3765726089, 13.0412425995, 13.732131958, 10.4111671448, 6.53997325897, 3.45870113373, 1.66700673103, 0.879549622536, 0.299973607063, 0.0675153061748, 0.0150393797085, 0.0024581218604, 0.000255654536886, 3.71048954548e-05], "dmean2": [0.143430709839, 2.025349617, 5.60888814926, 5.57247257233, 7.00870275497, 8.10864543915, 6.92174530029, 6.95533227921, 6.27290058136, 11.5043516159, 18.5800170898, 18.9111270905, 14.7917203903, 13.5037889481, 16.6492595673, 22.3232421875, 18.0647068024, 25.1952476501, 23.5990962982, 20.6944541931, 22.7952861786, 22.1720104218, 17.2661266327, 23.1624507904, 23.5649433136, 20.8915214539, 20.0380249023, 16.8686847687, 20.4274616241, 14.9544591904, 7.74425029755, 4.26438570023, 2.10206675529, 1.27405488491, 0.609493851662, 0.175408691168, 0.0453014597297, 0.00691174482927, 0.000654901959933, 4.67726349598e-05], "dmean": [0.0840239524841, 1.14343941212, 3.23898696899, 3.33469796181, 4.11436843872, 4.76034116745, 4.06584596634, 4.11680364609, 3.84373211861, 7.32859230042, 11.2442502975, 11.7732019424, 9.57232666016, 8.96345329285, 10.3565044403, 13.7768468857, 11.159658432, 15.4280424118, 14.336233139, 12.8825006485, 14.3153524399, 13.7669935226, 10.8975725174, 14.3457593918, 14.8002243042, 13.3292093277, 12.7568569183, 11.0888195038, 13.3551626205, 9.82561683655, 5.13571453094, 2.82617783546, 1.4104501009, 0.855814397335, 0.417095959187, 0.121064215899, 0.0312469750643, 0.00475396495312, 0.000455516710645, 3.17301019095e-05], "var": [0.0261156652123, 4.62888479233, 30.4303321838, 36.372379303, 59.89320755, 97.5084075928, 62.7124938965, 104.997962952, 78.0980224609, 390.455413818, 972.389282227, 1201.75842285, 2322.52685547, 8842.87695312, 1081.81896973, 2379.14086914, 1093.54260254, 3130.21777344, 1864.76379395, 1770.17248535, 1560.99182129, 1321.59277344, 786.194946289, 1540.95361328, 1474.27783203, 1167.26074219, 1025.28735352, 872.077758789, 1822.23217773, 1108.69714355, 288.919677734, 102.183525085, 27.3860149384, 8.36730766296, 1.87526547909, 0.1766859442, 0.0104593345895, 0.000251050048973, 1.53260898514e-05, 8.56115747183e-08], "dvar": [0.0269044935703, 5.97447252274, 32.4106521606, 24.2490940094, 60.93775177, 103.994499207, 50.3278846741, 73.1271438599, 62.2807617188, 292.60144043, 799.721618652, 728.12310791, 989.216003418, 1135.44299316, 721.247192383, 1479.13635254, 756.190063477, 1801.79077148, 964.957885742, 915.130615234, 723.491027832, 654.768676758, 364.350189209, 657.01171875, 727.846496582, 612.912597656, 530.117553711, 432.932922363, 889.182800293, 529.820495605, 136.526580811, 60.3819541931, 17.6622905731, 5.44020318985, 1.33084869385, 0.0999122709036, 0.00593780586496, 0.000155786663527, 2.8153342555e-06, 1.51957362249e-08], "mean": [0.0916185230017, 1.10016047955, 3.99241375923, 5.19356298447, 5.2111992836, 6.26049423218, 6.00734996796, 6.20656585693, 5.91306686401, 9.69835853577, 13.827999115, 17.1826953888, 15.4721632004, 15.2124462128, 15.2457752228, 19.9310245514, 16.6987667084, 21.514415741, 21.7311534882, 24.8416175842, 27.317483902, 25.8942909241, 20.9879665375, 26.3577213287, 27.650762558, 26.7643909454, 25.1215076447, 22.3263721466, 26.8621520996, 19.8881931305, 11.1122369766, 6.01821327209, 2.9527566433, 1.66035413742, 0.695990741253, 0.194868475199, 0.0486437529325, 0.00757061084732, 0.000779818161391, 6.6508539021e-05]}, "zerocrossingrate": {"min": 0.001953125, "max": 0.60546875, "dvar2": 0.000383352802601, "median": 0.0927734375, "dmean2": 0.0178774613887, "dmean": 0.0155415134504, "var": 0.00387423741631, "dvar": 0.000329800852342, "mean": 0.0992065444589}, "spectral_contrast_coeffs": {"min": [-0.996754825115, -0.994514882565, -0.97954928875, -0.96593028307, -0.967405080795, -0.960662841797], "max": [-0.349923372269, -0.362895667553, -0.44249984622, -0.50689125061, -0.554316818714, -0.569558978081], "dvar2": [0.00520134530962, 0.0037349825725, 0.00252293911763, 0.0017138129333, 0.000789873651229, 0.000632180890534], "median": [-0.668109536171, -0.770866274834, -0.805453062057, -0.795549988747, -0.802712917328, -0.724122941494], "dmean2": [0.0879593044519, 0.0768261626363, 0.0611448287964, 0.0510194525123, 0.033893018961, 0.0282088536769], "dmean": [0.0531457401812, 0.0461598522961, 0.0373072996736, 0.0312338620424, 0.020952899009, 0.0186071880162], "var": [0.00629545515403, 0.00519007444382, 0.00401136279106, 0.00354980258271, 0.00206469744444, 0.00316917803138], "dvar": [0.00197700387798, 0.00141438946594, 0.000979639822617, 0.000691247987561, 0.00032481274684, 0.000301416672301], "mean": [-0.666841506958, -0.764933228493, -0.799136221409, -0.792452633381, -0.802324712276, -0.732798159122]}, "dissonance": {"min": 0.0327331870794, "max": 0.500000119209, "dvar2": 0.000867763592396, "median": 0.48615732789, "dmean2": 0.0183640997857, "dmean": 0.0108224274591, "var": 0.000445159996161, "dvar": 0.000338610640028, "mean": 0.48177844286}, "spectral_energyband_high": {"min": 7.43867449777e-21, "max": 0.0456265099347, "dvar2": 7.79825859354e-06, "median": 0.00160044571385, "dmean2": 0.00136082794052, "dmean": 0.000955737894401, "var": 9.4745091701e-06, "dvar": 3.67552388525e-06, "mean": 0.00243117194623}, "spectral_skewness": {"min": -0.153269171715, "max": 11.1262674332, "dvar2": 0.229822337627, "median": 0.934110283852, "dmean2": 0.2523663342, "dmean": 0.165717482567, "var": 0.460968375206, "dvar": 0.140689894557, "mean": 1.02789223194}, "spectral_flux": {"min": 6.56958515366e-11, "max": 0.305719077587, "dvar2": 0.00229714694433, "median": 0.0743128210306, "dmean2": 0.041631937027, "dmean": 0.0265955384821, "var": 0.00244730850682, "dvar": 0.001140097389, "mean": 0.0837185457349}, "silence_rate_30dB": {"min": 0, "max": 1, "dvar2": 0.000895353965461, "median": 1, "dmean2": 0.000716589041986, "dmean": 0.000358262419468, "var": 0.000447533995612, "dvar": 0.000358166842489, "mean": 0.999552190304}, "spectral_energyband_middle_high": {"min": 1.35938884081e-21, "max": 0.115844674408, "dvar2": 2.00842587219e-05, "median": 0.00292128929868, "dmean2": 0.00274491193704, "dmean": 0.0018002508441, "var": 3.26182052959e-05, "dvar": 9.12730592972e-06, "mean": 0.00457401527092}, "barkbands_spread": {"min": 0.113350994885, "max": 134.022018433, "dvar2": 276.305328369, "median": 40.1979217529, "dmean2": 14.6908912659, "dmean": 9.27501773834, "var": 412.423614502, "dvar": 113.810112, "mean": 40.6387062073}, "spectral_centroid": {"min": 78.9811630249, "max": 11462.1015625, "dvar2": 294913.75, "median": 2178.59228516, "dmean2": 524.94744873, "dmean": 336.941497803, "var": 649202.75, "dvar": 133320.0625, "mean": 2115.54589844}, "pitch_salience": {"min": 0.077910490334, "max": 0.940296947956, "dvar2": 0.018571106717, "median": 0.582607150078, "dmean2": 0.146877557039, "dmean": 0.0885713025928, "var": 0.0157272983342, "dvar": 0.00696082506329, "mean": 0.563995778561}, "erbbands_skewness": {"min": -4.67434453964, "max": 11.8341407776, "dvar2": 0.456476539373, "median": -0.444685697556, "dmean2": 0.520171761513, "dmean": 0.343614041805, "var": 0.855823218822, "dvar": 0.209163501859, "mean": -0.386843085289}, "erbbands_crest": {"min": 1.81919836998, "max": 30.6648521423, "dvar2": 11.3036651611, "median": 5.41475009918, "dmean2": 3.19574713707, "dmean": 1.95138406754, "var": 10.9744520187, "dvar": 4.50342845917, "mean": 6.38139343262}, "melbands": {"min": [2.73054736011e-24, 1.68627380417e-24, 2.16792347947e-24, 3.75022541633e-24, 2.34869549185e-24, 3.40084799331e-24, 6.96656633808e-24, 4.73722845942e-24, 7.14728332742e-24, 6.97899326392e-24, 6.11239682181e-24, 1.27642536099e-24, 4.91219189174e-24, 4.03783897478e-24, 3.85754481489e-24, 5.3878272915e-24, 5.36277385801e-24, 5.66305928361e-24, 4.55308899705e-24, 5.81721177639e-24, 6.38888941365e-24, 5.42378357156e-24, 6.97412520328e-24, 5.31124428039e-24, 5.15492675886e-24, 9.5614114787e-24, 7.68058090948e-24, 5.36964601979e-24, 7.20681156018e-24, 6.09057850689e-24, 8.28995229293e-24, 8.56823638789e-24, 9.43223944977e-24, 5.26390079317e-24, 4.85275516684e-24, 7.30550989234e-24, 6.800758031e-24, 9.50555302686e-24, 8.04407381511e-24, 8.34874372962e-24], "max": [0.0184453893453, 0.0288564972579, 0.0167170632631, 0.0082923732698, 0.00370313832536, 0.00430716015399, 0.00265701767057, 0.00263261259533, 0.00420776661485, 0.00368389603682, 0.0106228822842, 0.0178196262568, 0.00228405650705, 0.00317901186645, 0.00325790653005, 0.00199881964363, 0.00250038085505, 0.00178408797365, 0.00204935995862, 0.00126948452089, 0.00106236583088, 0.00104535277933, 0.000848030089401, 0.000378456257749, 0.000643584236968, 0.000655550626107, 0.000326405512169, 0.000489905360155, 0.000289514806354, 0.000273719255347, 0.00038160441909, 0.000400406803237, 0.000434513116488, 0.000293363991659, 0.000281573738903, 0.000294559606118, 0.000218296685489, 0.000155233516125, 7.33111955924e-05, 5.64819711144e-05], "dvar2": [1.13118203444e-05, 2.55524137174e-05, 1.7188400534e-06, 1.50777259478e-06, 1.74204870973e-07, 9.30217680661e-08, 4.40218066444e-08, 1.06499925323e-07, 1.41945164955e-07, 6.78715963431e-08, 5.3828735247e-08, 2.69468358738e-08, 1.99559906378e-08, 2.62395172257e-08, 2.52206895368e-08, 8.42020764225e-09, 2.18735962676e-08, 9.37892608022e-09, 5.4628674917e-09, 3.66668628793e-09, 2.66706390306e-09, 2.23164109414e-09, 1.25477073176e-09, 7.46401884744e-10, 1.25032573184e-09, 1.39608458127e-09, 8.09263100976e-10, 7.76153141757e-10, 7.21419923799e-10, 3.58790275268e-10, 4.36958719208e-10, 6.97030766439e-10, 7.25564941462e-10, 3.62931878994e-10, 1.25043850274e-10, 9.05689273578e-11, 5.08760117368e-11, 2.96385624377e-11, 1.34424103793e-11, 1.00635029823e-11], "median": [0.000386263651308, 0.0010495489696, 0.000657782773487, 0.000226473959628, 0.000137523602461, 6.8906287197e-05, 4.50120933237e-05, 2.70325508609e-05, 2.37875246967e-05, 3.45493062923e-05, 2.15871186811e-05, 1.30343578348e-05, 1.63513032021e-05, 1.52762222569e-05, 1.51096373884e-05, 1.19597043522e-05, 9.15639066079e-06, 1.12255138447e-05, 1.50880168803e-05, 1.90894897969e-05, 1.53780401888e-05, 1.44911473399e-05, 1.1256018297e-05, 7.78107096266e-06, 1.02169306047e-05, 9.65138315223e-06, 1.02381136458e-05, 1.07202704385e-05, 1.04346427179e-05, 6.52660128253e-06, 7.47349531593e-06, 7.82013921707e-06, 6.35058768239e-06, 5.09535402671e-06, 3.79824382435e-06, 2.70838813776e-06, 1.67800237705e-06, 1.12332827484e-06, 8.70993289936e-07, 6.71470957059e-07], "dmean2": [0.0017191543011, 0.00283582368866, 0.000940502155572, 0.000566046219319, 0.000250686833169, 0.000153007553308, 0.00010192841728, 0.000140368269058, 0.00015645759413, 0.00011616316624, 7.36668880563e-05, 5.43530150026e-05, 5.51073280803e-05, 5.77712416998e-05, 5.86536225455e-05, 3.60306803486e-05, 5.26067160536e-05, 4.26767583122e-05, 3.19572718581e-05, 3.21671286656e-05, 2.76159753412e-05, 2.62575831584e-05, 1.89681486518e-05, 1.63239619724e-05, 2.05243140954e-05, 1.89288639376e-05, 1.66078461916e-05, 1.52080601765e-05, 1.53941164172e-05, 1.00502556961e-05, 1.11386407298e-05, 1.26224076666e-05, 1.11950575956e-05, 8.19773049443e-06, 5.17753369422e-06, 3.56359487341e-06, 2.43356089413e-06, 1.68703490999e-06, 1.28889951156e-06, 1.11662097879e-06], "dmean": [0.000991228269413, 0.00162810506299, 0.000563086883631, 0.000330226932419, 0.00014769131667, 9.08844158403e-05, 6.22906882199e-05, 8.92025564099e-05, 9.5499548479e-05, 7.22754994058e-05, 4.78146539535e-05, 3.6132576497e-05, 3.4321565181e-05, 3.59258410754e-05, 3.55641313945e-05, 2.25949625019e-05, 3.20258513966e-05, 2.55417107837e-05, 1.98305970116e-05, 1.97620011022e-05, 1.72007275978e-05, 1.60703457368e-05, 1.17817571663e-05, 1.01133809949e-05, 1.25662436403e-05, 1.1746531527e-05, 1.04141408883e-05, 9.56477015279e-06, 9.53874678089e-06, 6.49650473861e-06, 7.12663768354e-06, 8.15420935396e-06, 7.23616858522e-06, 5.2607319958e-06, 3.35052300215e-06, 2.34558183365e-06, 1.57630790909e-06, 1.10044675239e-06, 8.47424075801e-07, 7.37720313282e-07], "var": [3.6185326735e-06, 8.05566742201e-06, 9.65383151197e-07, 4.79624247873e-07, 8.01906523407e-08, 4.90524456609e-08, 2.10250714616e-08, 5.93337325938e-08, 8.11826339486e-08, 4.71963623738e-08, 6.65668551392e-08, 1.78649941063e-07, 1.20483578669e-08, 1.64602003139e-08, 1.37802587119e-08, 5.26836885228e-09, 1.42507863288e-08, 6.25441387569e-09, 4.14627887579e-09, 2.78441047996e-09, 2.13619966161e-09, 1.72506497975e-09, 9.45549083475e-10, 6.29960139609e-10, 1.14996057121e-09, 1.20961185512e-09, 6.65898225449e-10, 5.55645807143e-10, 5.01647057227e-10, 3.0168467724e-10, 3.35551531006e-10, 6.10648420718e-10, 5.7980042989e-10, 3.01982300277e-10, 1.07827545504e-10, 6.31569935239e-11, 3.0377807908e-11, 1.60570393787e-11, 8.53140388196e-12, 5.79648828936e-12], "dvar": [4.17116689277e-06, 9.25110543903e-06, 6.4110713538e-07, 5.54610096515e-07, 6.43132551659e-08, 3.39266676974e-08, 1.71676077798e-08, 4.5553001371e-08, 5.53793846336e-08, 2.71512714534e-08, 2.7490532517e-08, 2.05947170429e-08, 8.33064017769e-09, 1.0866568978e-08, 9.61527302223e-09, 3.44605322056e-09, 8.51191828133e-09, 3.75961706212e-09, 2.16009876652e-09, 1.45022560627e-09, 1.1285286039e-09, 9.16101472459e-10, 5.11807984882e-10, 3.11787734519e-10, 5.19074117022e-10, 5.77038528071e-10, 3.40296762991e-10, 3.19321014075e-10, 2.91269008912e-10, 1.56742924196e-10, 1.84104662071e-10, 3.03531838552e-10, 3.12063708208e-10, 1.54212753678e-10, 5.34542167474e-11, 3.71895396423e-11, 1.97923292339e-11, 1.18301627175e-11, 5.55213687525e-12, 4.15005573309e-12], "mean": [0.001021316275, 0.00193818483967, 0.000911939132493, 0.000420366792241, 0.000227637618082, 0.000139569630846, 9.25471467781e-05, 0.000113131878607, 0.000121721408505, 0.000106384395622, 7.54256689106e-05, 6.05655150139e-05, 4.78483416373e-05, 5.12948572577e-05, 4.80492453789e-05, 3.21730112773e-05, 4.15712092945e-05, 3.34588803526e-05, 3.36973535013e-05, 3.58321449312e-05, 2.99104012811e-05, 2.76171922451e-05, 2.13573093788e-05, 1.7257350919e-05, 2.17187807721e-05, 2.04606203624e-05, 1.88639714906e-05, 1.77474103111e-05, 1.73959160747e-05, 1.20584809338e-05, 1.33075300255e-05, 1.56441728905e-05, 1.34383008117e-05, 1.00910729088e-05, 6.67058020554e-06, 4.81255983686e-06, 3.08490643874e-06, 2.10148232327e-06, 1.64270738878e-06, 1.32715933887e-06]}, "spectral_entropy": {"min": 3.32989263535, "max": 9.81273078918, "dvar2": 0.0682485923171, "median": 8.05326461792, "dmean2": 0.177082777023, "dmean": 0.121345087886, "var": 0.203680515289, "dvar": 0.041179638356, "mean": 7.9739112854}, "spectral_rolloff": {"min": 21.533203125, "max": 21662.4023438, "dvar2": 5018026, "median": 2670.1171875, "dmean2": 1638.00109863, "dmean": 1004.0279541, "var": 8385676.5, "dvar": 2212393.75, "mean": 3084.09594727}, "barkbands": {"min": [9.71921600304e-25, 6.11929264941e-24, 1.03327308784e-24, 4.76227084885e-24, 1.64430861282e-23, 1.33827302231e-23, 3.64730281291e-23, 1.39529299294e-23, 4.98240982086e-23, 1.39379021292e-23, 2.98076141748e-23, 4.09367502296e-23, 4.42118987597e-23, 6.54387131478e-23, 5.17125270861e-23, 8.99583023741e-23, 1.20631170744e-22, 9.79791623793e-23, 2.36283076698e-22, 2.11283367792e-22, 3.13812452681e-22, 4.6927979673e-22, 4.08888139923e-22, 7.6513287796e-22, 1.12815136895e-21, 1.37439794821e-21, 2.14257752058e-21], "max": [0.00353601993993, 0.0803262889385, 0.0517832785845, 0.0390956103802, 0.0310156941414, 0.0205627512187, 0.0145104825497, 0.0153867397457, 0.0330185256898, 0.109092727304, 0.0275965351611, 0.0283882897347, 0.0154615873471, 0.0217937026173, 0.023471172899, 0.0146240657195, 0.0152880875394, 0.0111826490611, 0.0126764867455, 0.0118479402736, 0.00906069763005, 0.01619447954, 0.0150943594053, 0.0127736125141, 0.00599871389568, 0.00148485775571, 0.000820321380161], "dvar2": [5.17114209231e-08, 0.000235990417423, 5.77914906899e-05, 7.09305504643e-06, 2.16844146053e-05, 2.58406089415e-06, 1.51444032781e-06, 3.78974846171e-06, 3.38353197549e-06, 1.74360366145e-06, 1.25179735733e-06, 2.15607201426e-06, 9.62335889199e-07, 2.091035185e-06, 8.818334436e-07, 5.88278965097e-07, 5.17439843861e-07, 3.74573858153e-07, 7.1171473337e-07, 6.75412820783e-07, 5.61528452181e-07, 1.43740180647e-06, 4.96444499731e-07, 1.96757511617e-07, 7.33484952775e-08, 5.0434456611e-09, 1.32751379334e-10], "median": [3.40030346706e-05, 0.00157345761545, 0.0024593565613, 0.000847685034387, 0.00101396185346, 0.000394047470763, 0.000189788785065, 0.00010026570817, 0.000231269514188, 0.000119391843327, 0.000118830299471, 0.000122328026919, 0.000131177075673, 9.24811756704e-05, 0.000195019703824, 0.000281433574855, 0.000240000110352, 0.000182276096893, 0.000288322975393, 0.000361701095244, 0.000328589056153, 0.000374668888981, 0.000247978430707, 0.000129667081637, 6.03531370871e-05, 1.02201001937e-05, 1.30078171878e-06], "dmean2": [0.000129563224618, 0.00766182085499, 0.00487186713144, 0.00179133797064, 0.00226945290342, 0.000840913678985, 0.000551797216758, 0.000790300022345, 0.000826117466204, 0.00043664855184, 0.000421411212301, 0.000545421207789, 0.000405226630392, 0.000565959489904, 0.000421701202868, 0.000443128868937, 0.000407976214774, 0.000366695428966, 0.000471924256999, 0.000469018763397, 0.000417845556512, 0.000542514375411, 0.000301138323266, 0.000154663692228, 9.50675603235e-05, 2.82564196823e-05, 3.86016154152e-06], "dmean": [7.6762153185e-05, 0.00436020316556, 0.00284564122558, 0.00105878780596, 0.0013386142673, 0.000500746653415, 0.000335544405971, 0.000490598788019, 0.00051540741697, 0.000285035843262, 0.000263640424237, 0.000337738922099, 0.000248250260483, 0.000339771766448, 0.000260861852439, 0.000275533122476, 0.00025035746512, 0.000226838659728, 0.000293605728075, 0.000297732884064, 0.000273439101875, 0.000358190853149, 0.000200331734959, 0.000103025347926, 6.53163951938e-05, 1.9590896045e-05, 2.60840602095e-06], "var": [2.0070421769e-08, 6.88553627697e-05, 2.35293773585e-05, 3.67288976122e-06, 7.72805196902e-06, 1.35546690672e-06, 6.76147010381e-07, 1.76042431121e-06, 2.70571968031e-06, 8.45194608701e-06, 8.71672796166e-07, 1.40343922794e-06, 5.44797558177e-07, 1.38411166972e-06, 6.83522273448e-07, 5.21732374636e-07, 3.95159531763e-07, 3.12593272156e-07, 6.74083423746e-07, 5.50753838979e-07, 5.00841395024e-07, 1.3528499494e-06, 4.69550059279e-07, 1.40401056115e-07, 4.77731489923e-08, 4.50733761426e-09, 3.83281018035e-10], "dvar": [2.00442844545e-08, 8.53369274409e-05, 2.09764712054e-05, 2.67122686637e-06, 8.15148814581e-06, 9.45295312249e-07, 5.89078524627e-07, 1.52089103267e-06, 1.3921056734e-06, 1.22001495129e-06, 5.51834091311e-07, 8.78555852069e-07, 3.8470196273e-07, 8.21797698336e-07, 3.49264752231e-07, 2.47665440156e-07, 2.08357207043e-07, 1.55957124548e-07, 2.99518859492e-07, 2.83226455622e-07, 2.4562410772e-07, 6.39367328858e-07, 2.20177184929e-07, 8.00850585847e-08, 3.13905168525e-08, 2.44889220014e-09, 7.98587446171e-11], "mean": [8.27916883281e-05, 0.00427728984505, 0.0038635856472, 0.00141879974399, 0.00182032003067, 0.000765443372075, 0.000451794243418, 0.000578955805395, 0.000771934632212, 0.000487175304443, 0.000355849188054, 0.000471637671581, 0.000342115148669, 0.000424992584158, 0.000442863267381, 0.000506995187607, 0.000447894824902, 0.000391492561903, 0.000546171329916, 0.00058742024703, 0.000551080214791, 0.000730837986339, 0.00043085674406, 0.000223308001296, 0.000121243552712, 3.14268218062e-05, 4.33409877587e-06]}, "melbands_flatness_db": {"min": 0.00526042189449, "max": 0.810523629189, "dvar2": 0.00288809626363, "median": 0.140199869871, "dmean2": 0.0521081238985, "dmean": 0.033336546272, "var": 0.00766618270427, "dvar": 0.00134169124067, "mean": 0.159392744303}, "melbands_skewness": {"min": -1.88404154778, "max": 21.1972808838, "dvar2": 4.937312603, "median": 2.60327601433, "dmean2": 1.78484225273, "dmean": 1.11783206463, "var": 5.3397359848, "dvar": 1.95885372162, "mean": 3.2063627243}, "barkbands_skewness": {"min": -3.8424949646, "max": 18.3724002838, "dvar2": 1.94714486599, "median": 0.909007430077, "dmean2": 1.10015428066, "dmean": 0.697480797768, "var": 2.45059299469, "dvar": 0.807872235775, "mean": 1.26901936531}, "silence_rate_60dB": {"min": 0, "max": 1, "dvar2": 0.0592143945396, "median": 0, "dmean2": 0.0508778207004, "dmean": 0.0254366323352, "var": 0.0801346972585, "dvar": 0.0247886478901, "mean": 0.0878559947014}, "spectral_energyband_low": {"min": 1.82567956784e-23, "max": 0.114234283566, "dvar2": 0.000402646779548, "median": 0.00528932642192, "dmean2": 0.0116608161479, "dmean": 0.00683853356168, "var": 0.000145095807966, "dvar": 0.000149020808749, "mean": 0.00907319784164}, "spectral_energyband_middle_low": {"min": 2.67524341438e-22, "max": 0.0552615821362, "dvar2": 7.42316260585e-05, "median": 0.00441916659474, "dmean2": 0.00510147912428, "dmean": 0.0031401515007, "var": 3.94371563743e-05, "dvar": 2.9830245694e-05, "mean": 0.00599629199132}, "melbands_kurtosis": {"min": -1.91950559616, "max": 899.565551758, "dvar2": 3621.0925293, "median": 6.95652484894, "dmean2": 23.7620868683, "dmean": 14.2007827759, "var": 2081.54296875, "dvar": 1332.92773438, "mean": 19.8726387024}, "spectral_decrease": {"min": -3.45862680717e-08, "max": 1.10631866596e-16, "dvar2": 3.52474926986e-17, "median": -3.90138010786e-09, "dmean2": 4.08978051425e-09, "dmean": 2.48990383866e-09, "var": 1.84641833583e-17, "dvar": 1.3737402023e-17, "mean": -4.94746155155e-09}, "erbbands_kurtosis": {"min": -1.82319533825, "max": 247.71421814, "dvar2": 108.190750122, "median": -0.413259744644, "dmean2": 2.05818104744, "dmean": 1.3173750639, "var": 63.5963516235, "dvar": 43.8557548523, "mean": 0.71154999733}, "melbands_crest": {"min": 1.95529353619, "max": 38.424785614, "dvar2": 26.6795864105, "median": 13.5765914917, "dmean2": 6.1503162384, "dmean": 3.71310281754, "var": 28.0788478851, "dvar": 9.90988063812, "mean": 14.2025585175}, "gfcc": {"cov": [[25909.0136719, 412.700256348, -3185.39794922, 816.630065918, -1395.32946777, 416.409851074, -579.829223633, 273.774169922, -95.0412902832, 207.866867065, -282.18637085, -36.0396537781, -114.891143799], [412.700256348, 1275.1953125, -258.998352051, 28.8024902344, 228.219436646, -115.382240295, 85.4578018188, -121.839744568, 25.7998466492, -103.202957153, 2.44014620781, -46.382358551, 31.6636581421], [-3185.39794922, -258.998352051, 1150.38049316, 26.6589736938, 169.233673096, 67.8819351196, 43.2726173401, 59.5223236084, -28.2277507782, 23.8675136566, 23.5526924133, 6.39785861969, 7.79075527191], [816.630065918, 28.8024902344, 26.6589736938, 348.448242188, -17.0720939636, 54.2645111084, -6.1695561409, 2.64973449707, 42.7210464478, -21.84400177, 7.86342763901, -15.0837593079, 25.6179294586], [-1395.32946777, 228.219436646, 169.233673096, -17.0720939636, 321.952453613, 9.21143054962, 75.1032485962, -13.9971656799, 10.1666002274, -15.7596006393, 10.8453636169, 9.54151630402, 20.9312953949], [416.409851074, -115.382240295, 67.8819351196, 54.2645111084, 9.21143054962, 188.760452271, 31.8060741425, 23.9053955078, -18.6890735626, 11.6732025146, 22.5013370514, 10.3999128342, 7.6286034584], [-579.829223633, 85.4578018188, 43.2726173401, -6.1695561409, 75.1032485962, 31.8060741425, 145.804611206, 9.77285766602, 18.5032539368, -16.9272594452, 16.4130325317, 0.582708120346, -1.54218351841], [273.774169922, -121.839744568, 59.5223236084, 2.64973449707, -13.9971656799, 23.9053955078, 9.77285766602, 121.918159485, 29.7924461365, 30.2975978851, -13.9138422012, 3.72563385963, -1.89589619637], [-95.0412902832, 25.7998466492, -28.2277507782, 42.7210464478, 10.1666002274, -18.6890735626, 18.5032539368, 29.7924461365, 90.992515564, 10.0122909546, 3.32804965973, -8.48022174835, 5.09249448776], [207.866867065, -103.202957153, 23.8675136566, -21.84400177, -15.7596006393, 11.6732025146, -16.9272594452, 30.2975978851, 10.0122909546, 82.6906433105, 20.8846988678, 11.0026111603, -12.0881214142], [-282.18637085, 2.44014620781, 23.5526924133, 7.86342763901, 10.8453636169, 22.5013370514, 16.4130325317, -13.9138422012, 3.32804965973, 20.8846988678, 73.6525497437, 25.2016239166, 10.0547132492], [-36.0396537781, -46.382358551, 6.39785861969, -15.0837593079, 9.54151630402, 10.3999128342, 0.582708120346, 3.72563385963, -8.48022174835, 11.0026111603, 25.2016239166, 61.1354637146, 23.795217514], [-114.891143799, 31.6636581421, 7.79075527191, 25.6179294586, 20.9312953949, 7.6286034584, -1.54218351841, -1.89589619637, 5.09249448776, -12.0881214142, 10.0547132492, 23.795217514, 58.5419845581]], "icov": [[0.000194015476154, -0.000320493680192, 0.000456489535281, -0.000519136548974, 0.000594809942413, -0.000647447828669, 0.000420083611971, -0.000622509978712, 0.000573175726458, -0.000791113998275, 0.000896572659258, -0.00057632959215, 0.000450193299912], [-0.000320493680192, 0.00185096100904, -0.000371289177565, 0.00070142315235, -0.00195311324205, 0.00182594638318, -0.00116364471614, 0.0016165751731, -0.000859855208546, 0.00205731531605, -0.00207171891816, 0.00227213045582, -0.00147367408499], [0.000456489535281, -0.000371289177565, 0.00222257268615, -0.001441659173, 0.000507156830281, -0.00137552455999, 0.000840322114527, -0.00204906635918, 0.00215377099812, -0.00185886304826, 0.00151189172175, -0.000635536329355, 0.000812948797829], [-0.000519136548974, 0.00070142315235, -0.001441659173, 0.0050991801545, -0.00110499246512, 0.00018305334379, -0.000253312755376, 0.00196109875105, -0.00388332665898, 0.0034109139815, -0.00293202325702, 0.00271474733017, -0.00256743538193], [0.000594809942413, -0.00195311324205, 0.000507156830281, -0.00110499246512, 0.00659774197266, -0.00250201160088, -0.000323188898619, -0.00120855332352, 0.000944547937252, -0.00296481722035, 0.00370685430244, -0.00302598858252, 0.000458115158835], [-0.000647447828669, 0.00182594638318, -0.00137552455999, 0.00018305334379, -0.00250201160088, 0.00949111022055, -0.00347427581437, 0.000534072925802, 0.0014399002539, 0.0019571846351, -0.0050357314758, 0.00290854554623, -0.00261017587036], [0.000420083611971, -0.00116364471614, 0.000840322114527, -0.000253312755376, -0.000323188898619, -0.00347427581437, 0.0105833830312, -0.00286459340714, -0.00127347302623, 0.00191132212058, -0.000789483950939, -0.00163250626065, 0.00351174036041], [-0.000622509978712, 0.0016165751731, -0.00204906635918, 0.00196109875105, -0.00120855332352, 0.000534072925802, -0.00286459340714, 0.0143396127969, -0.00631335936487, -0.00161707983352, 0.00237921858206, 8.31529614516e-05, -0.00215725111775], [0.000573175726458, -0.000859855208546, 0.00215377099812, -0.00388332665898, 0.000944547937252, 0.0014399002539, -0.00127347302623, -0.00631335936487, 0.0176205318421, -0.00484956381842, 0.000490836275276, 0.00210114126094, -0.00123318482656], [-0.000791113998275, 0.00205731531605, -0.00185886304826, 0.0034109139815, -0.00296481722035, 0.0019571846351, 0.00191132212058, -0.00161707983352, -0.00484956381842, 0.0218384396285, -0.0104452623054, 0.000754893466365, 0.00331077422015], [0.000896572659258, -0.00207171891816, 0.00151189172175, -0.00293202325702, 0.00370685430244, -0.0050357314758, -0.000789483950939, 0.00237921858206, 0.000490836275276, -0.0104452623054, 0.0249238088727, -0.0105629218742, 0.00116227194667], [-0.00057632959215, 0.00227213045582, -0.000635536329355, 0.00271474733017, -0.00302598858252, 0.00290854554623, -0.00163250626065, 8.31529614516e-05, 0.00210114126094, 0.000754893466365, -0.0105629218742, 0.0277619250119, -0.0122977206483], [0.000450193299912, -0.00147367408499, 0.000812948797829, -0.00256743538193, 0.000458115158835, -0.00261017587036, 0.00351174036041, -0.00215725111775, -0.00123318482656, 0.00331077422015, 0.00116227194667, -0.0122977206483, 0.0255665164441]], "mean": [-13.6381454468, 60.7050437927, -109.281257629, 58.2813301086, -55.6408843994, 18.6673145294, -31.8698921204, 5.03095626831, -21.7757415771, -0.271542459726, -20.0310058594, -1.6373898983, -11.7285118103]}, "melbands_spread": {"min": 0.115537807345, "max": 270.490722656, "dvar2": 617.997924805, "median": 36.3657836914, "dmean2": 21.2228984833, "dmean": 13.4502439499, "var": 823.77746582, "dvar": 279.445526123, "mean": 39.8231391907}, "spectral_energy": {"min": 1.0571573408e-20, "max": 0.134386241436, "dvar2": 0.000546036229935, "median": 0.0169216673821, "dmean2": 0.0162673648447, "dmean": 0.0100177489221, "var": 0.00031753120129, "dvar": 0.000216121625272, "mean": 0.0211286600679}, "mfcc": {"cov": [[16455.1660156, 287.07635498, -530.885559082, 181.977584839, -435.886260986, 23.3470592499, -378.718017578, 4.05615711212, -88.5325088501, 65.7316131592, -70.6388626099, -78.4354705811, -35.2894897461], [287.07635498, 1208.65441895, -271.773803711, 165.59765625, 59.8012390137, 49.7474746704, 28.608253479, 2.1183321476, 6.09266328812, -77.0909957886, -12.2208156586, -28.7512931824, 8.15176963806], [-530.885559082, -271.773803711, 679.49621582, 62.1825332642, 102.401138306, 23.4458198547, 68.9780349731, 11.8934488297, 21.5174121857, 31.7236175537, -0.617581009865, 39.9973182678, 3.19232153893], [181.977584839, 165.59765625, 62.1825332642, 273.977416992, 74.9345703125, 35.8961791992, -13.8838167191, 20.880859375, 33.2963294983, -2.71540522575, -9.96349239349, 8.00412368774, 17.7098388672], [-435.886260986, 59.8012390137, 102.401138306, 74.9345703125, 199.179351807, 48.6228561401, 41.2403297424, 13.0721769333, 35.2573394775, 2.0406768322, -6.30168867111, 11.3227729797, 13.0897121429], [23.3470592499, 49.7474746704, 23.4458198547, 35.8961791992, 48.6228561401, 144.622146606, 67.116394043, 30.7688598633, -4.21286439896, -7.24447822571, -1.0391408205, 2.57970929146, 10.9682865143], [-378.718017578, 28.608253479, 68.9780349731, -13.8838167191, 41.2403297424, 67.116394043, 133.996170044, 40.6274871826, 6.36000490189, 1.36726045609, 10.6261491776, 6.26154279709, 11.0365133286], [4.05615711212, 2.1183321476, 11.8934488297, 20.880859375, 13.0721769333, 30.7688598633, 40.6274871826, 91.6480331421, 36.177482605, 12.2786245346, -3.21048593521, 1.81988847256, 8.11709403992], [-88.5325088501, 6.09266328812, 21.5174121857, 33.2963294983, 35.2573394775, -4.21286439896, 6.36000490189, 36.177482605, 81.6316680908, 29.3320331573, 0.435358077288, -0.578567147255, 6.18582391739], [65.7316131592, -77.0909957886, 31.7236175537, -2.71540522575, 2.0406768322, -7.24447822571, 1.36726045609, 12.2786245346, 29.3320331573, 79.1657028198, 33.3958206177, 2.1564116478, -10.8873491287], [-70.6388626099, -12.2208156586, -0.617581009865, -9.96349239349, -6.30168867111, -1.0391408205, 10.6261491776, -3.21048593521, 0.435358077288, 33.3958206177, 69.4982147217, 15.8584318161, -4.72686195374], [-78.4354705811, -28.7512931824, 39.9973182678, 8.00412368774, 11.3227729797, 2.57970929146, 6.26154279709, 1.81988847256, -0.578567147255, 2.1564116478, 15.8584318161, 59.059803009, 24.4998874664], [-35.2894897461, 8.15176963806, 3.19232153893, 17.7098388672, 13.0897121429, 10.9682865143, 11.0365133286, 8.11709403992, 6.18582391739, -10.8873491287, -4.72686195374, 24.4998874664, 63.7811737061]], "icov": [[7.42811680539e-05, -2.57896681433e-05, 1.57875056175e-05, -5.46536248294e-05, 0.000159416624228, -0.000141877681017, 0.000237184372963, -8.58540079207e-05, 0.000118672636745, -0.000204046402359, 0.000126234648633, 2.08922592719e-05, -2.46633699135e-05], [-2.57896681433e-05, 0.0011857902864, 0.00057000038214, -0.000818132830318, -0.000287770701107, 0.000109909240564, -0.000774401589297, 0.000365589687135, -0.000369606859749, 0.001259866287, -0.000492306950036, 0.000376061565476, 0.000230410689255], [1.57875056175e-05, 0.00057000038214, 0.00211565615609, -0.000807011616416, -0.000712257926352, 0.000407928717323, -0.00146586971823, 0.000540635781363, 8.63691529958e-05, -0.000579977117013, 0.000833492726088, -0.00128590140957, 0.000763282412663], [-5.46536248294e-05, -0.000818132830318, -0.000807011616416, 0.00531542627141, -0.00130640377756, -0.00136848678812, 0.00253728032112, -0.00103220972233, -0.00117218168452, 0.00012699518993, -0.000104251310404, -0.000153791319462, -0.000978716998361], [0.000159416624228, -0.000287770701107, -0.000712257926352, -0.00130640377756, 0.00752726010978, -0.00199351715855, -0.000987311825156, 0.00171505566686, -0.00310750585049, -6.87471838319e-05, 0.00105106423143, -0.000873848213814, -2.2828580768e-05], [-0.000141877681017, 0.000109909240564, 0.000407928717323, -0.00136848678812, -0.00199351715855, 0.0107422731817, -0.00508018489927, -0.00195830850862, 0.00291353208013, 0.000256254832493, 6.67946660542e-05, 0.000478517496958, -0.00046057975851], [0.000237184372963, -0.000774401589297, -0.00146586971823, 0.00253728032112, -0.000987311825156, -0.00508018489927, 0.0139693636447, -0.00514599913731, 0.00108615262434, 0.000256278697634, -0.00258497684263, 0.00110262841918, -0.00176371866837], [-8.58540079207e-05, 0.000365589687135, 0.000540635781363, -0.00103220972233, 0.00171505566686, -0.00195830850862, -0.00514599913731, 0.0169328562915, -0.00758304446936, -0.000633358722553, 0.00212030834518, -0.00102941493969, 6.54924660921e-05], [0.000118672636745, -0.000369606859749, 8.63691529958e-05, -0.00117218168452, -0.00310750585049, 0.00291353208013, 0.00108615262434, -0.00758304446936, 0.0207208767533, -0.00808663386852, 0.00236915936694, 0.00154814112466, -0.00246121478267], [-0.000204046402359, 0.001259866287, -0.000579977117013, 0.00012699518993, -6.87471838319e-05, 0.000256254832493, 0.000256278697634, -0.000633358722553, -0.00808663386852, 0.0223269760609, -0.0108691146597, 0.00151993590407, 0.00293225096539], [0.000126234648633, -0.000492306950036, 0.000833492726088, -0.000104251310404, 0.00105106423143, 6.67946660542e-05, -0.00258497684263, 0.00212030834518, 0.00236915936694, -0.0108691146597, 0.0219924598932, -0.0070702037774, 0.00233085290529], [2.08922592719e-05, 0.000376061565476, -0.00128590140957, -0.000153791319462, -0.000873848213814, 0.000478517496958, 0.00110262841918, -0.00102941493969, 0.00154814112466, 0.00151993590407, -0.0070702037774, 0.0238878261298, -0.00948274228722], [-2.46633699135e-05, 0.000230410689255, 0.000763282412663, -0.000978716998361, -2.2828580768e-05, -0.00046057975851, -0.00176371866837, 6.54924660921e-05, -0.00246121478267, 0.00293225096539, 0.00233085290529, -0.00948274228722, 0.0208043325692]], "mean": [-643.452209473, 78.9786987305, 7.25114679337, 37.7888565063, 4.67912864685, 16.271697998, 0.492334127426, 7.25107240677, 3.21038341522, 1.76126086712, -2.10378170013, -2.03185248375, 0.613053977489]}, "spectral_contrast_valleys": {"min": [-27.3005256653, -27.8446884155, -27.6729354858, -27.7581768036, -27.5672302246, -27.3450469971], "max": [-5.22707748413, -4.61871623993, -5.3488702774, -5.47230386734, -5.31388282776, -7.06580352783], "dvar2": [0.392944157124, 0.439049333334, 0.270866274834, 0.241593837738, 0.196498498321, 0.199113845825], "median": [-7.01096487045, -7.01597309113, -7.39244651794, -7.47724342346, -6.92845964432, -9.30786037445], "dmean2": [0.720809340477, 0.700439929962, 0.571271955967, 0.507133901119, 0.394306123257, 0.344632208347], "dmean": [0.445793569088, 0.442286640406, 0.372133761644, 0.333466976881, 0.270422369242, 0.268451988697], "var": [2.29681158066, 2.61947107315, 2.64720678329, 2.79201483727, 2.84537959099, 2.61935067177], "dvar": [0.181210428476, 0.208977118134, 0.138814210892, 0.120394870639, 0.102195844054, 0.118969373405], "mean": [-7.36343240738, -7.32471990585, -7.7171664238, -7.86290121078, -7.32027339935, -9.8323802948]}, "barkbands_flatness_db": {"min": 0.021922968328, "max": 0.649923205376, "dvar2": 0.00180588231888, "median": 0.0847192853689, "dmean2": 0.0376711897552, "dmean": 0.0236994754523, "var": 0.00434324983507, "dvar": 0.000836921157315, "mean": 0.102367445827}, "dynamic_complexity": 4.45143127441, "erbbands_flatness_db": {"min": 0.0222240518779, "max": 0.472697943449, "dvar2": 0.000710877939127, "median": 0.119453415275, "dmean2": 0.0213347710669, "dmean": 0.0146164344624, "var": 0.00173565209843, "dvar": 0.000401860335842, "mean": 0.124598644674}, "hfc": {"min": 1.13854343887e-16, "m