{"lowlevel": {"spectral_complexity": {"min": 0, "max": 59, "dvar2": 77.364906311, "median": 11, "dmean2": 7.26890945435, "dmean": 5.04805278778, "var": 172.376022339, "dvar": 42.7907447815, "mean": 15.1147918701}, "silence_rate_20dB": {"min": 1, "max": 1, "dvar2": 0, "median": 1, "dmean2": 0, "dmean": 0, "var": 0, "dvar": 0, "mean": 1}, "average_loudness": 0.806555271149, "erbbands_spread": {"min": 2.49058294296, "max": 190.299072266, "dvar2": 538.859558105, "median": 46.4332275391, "dmean2": 22.0852413177, "dmean": 14.1770524979, "var": 642.735351562, "dvar": 231.627441406, "mean": 50.6340789795}, "spectral_kurtosis": {"min": -1.28991615772, "max": 34.9321784973, "dvar2": 8.35427761078, "median": 2.62262916565, "dmean2": 1.76800441742, "dmean": 1.08438682556, "var": 4.84563016891, "dvar": 3.31546401978, "mean": 2.97352313995}, "barkbands_kurtosis": {"min": -1.94386136532, "max": 165.308837891, "dvar2": 309.824249268, "median": 1.3411397934, "dmean2": 9.31364154816, "dmean": 5.82366800308, "var": 186.305114746, "dvar": 124.631790161, "mean": 6.51435804367}, "spectral_strongpeak": {"min": 0, "max": 12.4741096497, "dvar2": 1.70446205139, "median": 0.232316955924, "dmean2": 0.704837679863, "dmean": 0.420820623636, "var": 1.32938098907, "dvar": 0.668787300587, "mean": 0.654436349869}, "spectral_spread": {"min": 1966682.375, "max": 16328593, "dvar2": 968148910080, "median": 5042187.5, "dmean2": 915238.8125, "dmean": 646473.5625, "var": 2264065900540.0, "dvar": 527820816384, "mean": 5304792.5}, "spectral_rms": {"min": 3.39243124472e-05, "max": 0.01168406941, "dvar2": 4.18901390731e-06, "median": 0.00315639539622, "dmean2": 0.00149215455167, "dmean": 0.00103276432492, "var": 4.1586658881e-06, "dvar": 1.8908194761e-06, "mean": 0.00357922725379}, "erbbands": {"min": [1.06354127638e-05, 3.53661744157e-05, 2.86168215098e-05, 2.03541712835e-05, 2.82929977402e-05, 6.28495763522e-05, 1.8951463062e-05, 7.37865702831e-05, 0.000134523172164, 2.81732536678e-05, 6.13728261669e-05, 5.57725288672e-05, 0.000105596416688, 0.000163086238899, 0.00015455391258, 0.00019127993437, 0.000301010790281, 0.000293086050078, 0.000564300513361, 0.000562662840821, 0.000331157119945, 0.000738400733098, 0.000636241747998, 0.000353760318831, 0.00047933094902, 0.000499004439916, 0.000376000942197, 0.000375486415578, 0.00016400833556, 0.000268026662525, 0.000105992781755, 7.36486836104e-05, 4.39356444986e-05, 2.74405865639e-05, 1.4262815057e-05, 7.70236329117e-06, 3.42935959452e-06, 1.28588976622e-06, 3.01968697158e-07, 3.02662641616e-08], "max": [2.87890458107, 23.7416858673, 31.1997241974, 137.552398682, 181.315994263, 49.6725883484, 49.4111671448, 191.015335083, 659.935913086, 836.686584473, 763.094848633, 700.345031738, 962.357666016, 630.880615234, 474.735137939, 646.770324707, 706.132080078, 1246.19104004, 687.301696777, 477.395721436, 1010.23730469, 306.371337891, 277.299041748, 424.077484131, 435.858398438, 404.733856201, 374.5184021, 553.114379883, 626.578063965, 294.857727051, 91.0900115967, 61.0789680481, 47.0767021179, 34.4176826477, 10.5310230255, 7.94960403442, 2.08354258537, 0.500546634197, 0.0392225645483, 0.00208131363615], "dvar2": [0.264925390482, 16.7524166107, 59.2611961365, 475.118041992, 579.037109375, 72.4365463257, 91.8481750488, 238.249984741, 1802.6138916, 3004.08764648, 2791.9753418, 1427.76660156, 2143.30834961, 1391.82067871, 909.478210449, 1819.2142334, 2303.1652832, 7198.38574219, 720.835998535, 533.860107422, 569.862426758, 464.877838135, 405.195343018, 857.980834961, 1995.38049316, 1035.77905273, 954.83215332, 587.503234863, 439.962799072, 143.699310303, 27.3909072876, 25.4148826599, 7.46656942368, 3.60449576378, 0.761532306671, 0.235302045941, 0.0192909035832, 0.00089076574659, 1.66584886756e-05, 3.86534146912e-08], "median": [0.0549783520401, 0.510316610336, 0.906869769096, 1.25728785992, 1.10259282589, 1.05136215687, 1.07193398476, 1.60768413544, 2.39809179306, 2.1212015152, 1.72498500347, 2.26260972023, 2.47426629066, 2.27995443344, 2.41836214066, 2.37054347992, 2.34438753128, 2.65105009079, 2.55746603012, 2.26719546318, 1.90329289436, 2.37949895859, 3.96562314034, 6.85449934006, 9.03873634338, 7.69227361679, 7.37432003021, 4.82907819748, 3.55562853813, 2.242603302, 1.38670301437, 1.06550550461, 0.494146853685, 0.339656531811, 0.221558973193, 0.103326812387, 0.031686399132, 0.00385246169753, 0.000475745357107, 4.28486819146e-05], "dmean2": [0.191121503711, 1.62425434589, 3.88766789436, 8.74644088745, 8.62796592712, 3.59385633469, 4.24463319778, 6.86284446716, 15.3906011581, 19.7571029663, 15.0481595993, 12.0303592682, 13.7336683273, 13.3713302612, 12.7783718109, 14.312207222, 17.8476734161, 25.6304130554, 11.6289081573, 9.08687114716, 8.90031051636, 9.56114006042, 10.812918663, 16.9933986664, 23.6970119476, 18.0728797913, 16.4851112366, 10.6193647385, 9.01327610016, 5.47588777542, 2.77199077606, 2.50094342232, 1.18187665939, 0.791039347649, 0.419346570969, 0.214155837893, 0.0650825947523, 0.0106345824897, 0.00172522733919, 9.07467110665e-05], "dmean": [0.110854424536, 0.959612667561, 2.21891379356, 4.80690336227, 4.77684783936, 2.1310646534, 2.43051099777, 4.27362775803, 9.89687538147, 12.5654563904, 9.59454917908, 7.82053899765, 9.22579956055, 8.51110172272, 8.13572692871, 9.43695926666, 11.9826841354, 15.9388952255, 7.81962490082, 5.7693772316, 5.77782678604, 6.18887281418, 7.03673744202, 11.293551445, 16.0926609039, 12.3913450241, 11.1757745743, 7.44817829132, 6.27041053772, 3.76376652718, 1.94785892963, 1.80785930157, 0.878032743931, 0.576261281967, 0.315092861652, 0.164752244949, 0.0511189214885, 0.00820538960397, 0.00129764655139, 6.97044670233e-05], "var": [0.070884950459, 4.85622692108, 16.311958313, 111.667785645, 135.511856079, 23.3520202637, 25.1536006927, 179.366638184, 1351.22607422, 2806.86279297, 2251.4675293, 1734.7520752, 2719.828125, 1929.5526123, 936.572387695, 1892.39904785, 2800.93457031, 7321.98730469, 1825.62963867, 300.984466553, 2000.71240234, 559.633544922, 451.006500244, 1198.20300293, 2698.52514648, 1519.58679199, 1023.9284668, 680.934326172, 589.913635254, 152.152618408, 31.6231746674, 30.7954006195, 11.8391427994, 5.08565664291, 1.15704405308, 0.307224929333, 0.0282599497586, 0.000808327342384, 1.50532414409e-05, 3.73221133998e-08], "dvar": [0.0984915345907, 6.32020711899, 21.9550323486, 170.530776978, 207.313217163, 27.0377960205, 32.6821136475, 103.39868927, 783.084289551, 1404.93395996, 1136.28515625, 675.011901855, 885.04107666, 573.413024902, 392.032318115, 790.075134277, 1066.99597168, 2715.15234375, 354.346862793, 217.220397949, 288.403869629, 212.198944092, 189.917892456, 414.251861572, 893.213623047, 491.071258545, 418.105316162, 269.43939209, 208.921310425, 63.1573638916, 12.8051757812, 12.8318510056, 4.42973995209, 2.05900716782, 0.429282516241, 0.132982328534, 0.0109161129221, 0.000446725520305, 8.61982789502e-06, 2.00795984284e-08], "mean": [0.117080099881, 1.10514307022, 2.20016527176, 4.04393672943, 4.08329725266, 2.46980834007, 2.67033839226, 5.9921746254, 12.8897705078, 17.9695777893, 14.3468599319, 13.7170763016, 16.7496566772, 15.1566772461, 14.4421815872, 16.3694953918, 21.2434310913, 29.1650676727, 15.2978277206, 8.57918357849, 9.89649868011, 9.54494094849, 11.2914638519, 20.8265571594, 31.506526947, 24.3222465515, 19.2370834351, 12.759223938, 11.4193658829, 6.77743673325, 3.57480931282, 3.08281087875, 1.53865432739, 1.03428602219, 0.602104306221, 0.299628734589, 0.0945491492748, 0.0136158112437, 0.00190637644846, 0.000113011388748]}, "zerocrossingrate": {"min": 0.00146484375, "max": 0.42138671875, "dvar2": 0.000468307174742, "median": 0.0751953125, "dmean2": 0.0206188578159, "dmean": 0.0189517084509, "var": 0.00364703964442, "dvar": 0.000479349459056, "mean": 0.0844604372978}, "spectral_contrast_coeffs": {"min": [-0.911563396454, -0.94741076231, -0.950522661209, -0.943456470966, -0.902313828468, -0.884803056717], "max": [-0.423415869474, -0.344615608454, -0.452593922615, -0.543326437473, -0.619870722294, -0.535348713398], "dvar2": [0.00566689809784, 0.0050864899531, 0.00311915040947, 0.00195249426179, 0.00109876645729, 0.00085981056327], "median": [-0.721162199974, -0.748929381371, -0.79060447216, -0.81047976017, -0.798885822296, -0.744952082634], "dmean2": [0.082507327199, 0.0850170180202, 0.0656762197614, 0.0533155612648, 0.0397729352117, 0.0332534946501], "dmean": [0.0501716844738, 0.0549777075648, 0.042364820838, 0.0344399958849, 0.0255778804421, 0.0223309714347], "var": [0.00464690476656, 0.00920179951936, 0.00553705217317, 0.0053534177132, 0.00276720477268, 0.00186196493451], "dvar": [0.00226137274876, 0.00226780236699, 0.00141693942714, 0.000873722601682, 0.000493221508805, 0.000429430714576], "mean": [-0.715390741825, -0.732857942581, -0.781359553337, -0.793303489685, -0.790535509586, -0.745508313179]}, "dissonance": {"min": 0.234297171235, "max": 0.500000119209, "dvar2": 0.000717367278412, "median": 0.481603324413, "dmean2": 0.0241590347141, "dmean": 0.014683092013, "var": 0.000567306997254, "dvar": 0.000286395545118, "mean": 0.474943697453}, "spectral_energyband_high": {"min": 3.6503173817e-08, "max": 0.0314794890583, "dvar2": 2.1525588636e-06, "median": 0.000591097108554, "dmean2": 0.000834592792671, "dmean": 0.000638353056274, "var": 4.18165745941e-06, "dvar": 1.15896682473e-06, "mean": 0.00136424880475}, "spectral_skewness": {"min": -0.179406240582, "max": 4.82208204269, "dvar2": 0.157027944922, "median": 1.09642958641, "dmean2": 0.314877927303, "dmean": 0.206268385053, "var": 0.172633841634, "dvar": 0.0688749104738, "mean": 1.1284995079}, "spectral_flux": {"min": 0.00250180065632, "max": 0.302539855242, "dvar2": 0.00302401930094, "median": 0.0591100789607, "dmean2": 0.0471729412675, "dmean": 0.0321475565434, "var": 0.00332503230311, "dvar": 0.00162562995683, "mean": 0.0760713070631}, "silence_rate_30dB": {"min": 0, "max": 1, "dvar2": 0.00151680537965, "median": 1, "dmean2": 0.00101188966073, "dmean": 0.000505816889927, "var": 0.00025278024259, "dvar": 0.000505559728481, "mean": 0.999747157097}, "spectral_energyband_middle_high": {"min": 1.53219460231e-07, "max": 0.056185234338, "dvar2": 9.54251754592e-06, "median": 0.001162026776, "dmean2": 0.00188739714213, "dmean": 0.00134791736491, "var": 3.65816267731e-05, "dvar": 4.98706640428e-06, "mean": 0.00364903733134}, "barkbands_spread": {"min": 0.778634428978, "max": 123.911994934, "dvar2": 400.627502441, "median": 29.518327713, "dmean2": 17.5298042297, "dmean": 11.495215416, "var": 449.292541504, "dvar": 173.481323242, "mean": 32.3951072693}, "spectral_centroid": {"min": 168.568252563, "max": 7238.91357422, "dvar2": 538578.9375, "median": 2114.7199707, "dmean2": 695.055114746, "dmean": 469.434143066, "var": 1037404.375, "dvar": 259308.40625, "mean": 2072.75415039}, "pitch_salience": {"min": 0.1260458529, "max": 0.871271669865, "dvar2": 0.0209242925048, "median": 0.548850476742, "dmean2": 0.147412478924, "dmean": 0.0898150131106, "var": 0.0144972363487, "dvar": 0.00785154756159, "mean": 0.546014606953}, "erbbands_skewness": {"min": -5.25924634933, "max": 6.85113096237, "dvar2": 0.780630171299, "median": -0.087990090251, "dmean2": 0.810693025589, "dmean": 0.561626732349, "var": 1.35179412365, "dvar": 0.369442224503, "mean": -0.0675359368324}, "erbbands_crest": {"min": 2.29009747505, "max": 30.8490715027, "dvar2": 19.7731647491, "median": 6.86156463623, "dmean2": 4.28509140015, "dmean": 2.65639567375, "var": 20.2642536163, "dvar": 8.25550842285, "mean": 8.17267036438}, "melbands": {"min": [7.70240546899e-08, 2.48075195941e-08, 3.6880150045e-09, 3.51508355756e-09, 9.61326462878e-10, 1.7520043194e-09, 1.6959721405e-09, 2.03826483469e-10, 3.48958167917e-10, 4.41124414774e-10, 5.19451592851e-10, 5.8628302213e-10, 4.70507521833e-10, 1.96828747745e-10, 4.93660556877e-10, 5.36320376998e-10, 5.29397636839e-10, 7.4075140466e-10, 9.54382350926e-10, 5.29785493253e-10, 3.72312430885e-10, 7.45868367069e-10, 7.19903858748e-10, 6.64113097848e-10, 2.20417323282e-10, 2.5861576769e-10, 3.32919997126e-10, 3.73838460188e-10, 2.16773959894e-10, 2.67295269252e-10, 1.94485511029e-10, 6.05640745888e-11, 1.57054397265e-10, 1.38517031179e-10, 5.87982093569e-11, 4.55235363295e-11, 4.57585046243e-11, 3.13644943351e-11, 2.78137842619e-11, 2.13640910518e-11], "max": [0.0255626961589, 0.0183138139546, 0.0247254837304, 0.00695405388251, 0.00192384747788, 0.00401826109737, 0.00929018389434, 0.0083137806505, 0.00671472540125, 0.00443726265803, 0.00471829203889, 0.00276923342608, 0.00181687541772, 0.0022867268417, 0.00179171864875, 0.00180784310214, 0.00222402461804, 0.00158891943283, 0.000538048683666, 0.000526502961293, 0.00165826140437, 0.000384540151572, 0.00030777536449, 0.000419172109105, 0.000342238141457, 0.000487679062644, 0.000387974228943, 0.000285350164631, 0.0002363568492, 0.000419053452788, 0.0002934455988, 0.00035403444781, 0.000286242953734, 0.000113132758997, 6.07967631368e-05, 3.42169987562e-05, 5.32184967597e-05, 4.25666730735e-05, 3.35998956871e-05, 2.74518642982e-05], "dvar2": [2.45400551648e-05, 1.48683966472e-05, 1.50456698975e-05, 1.17589036108e-06, 9.90223583131e-08, 1.11506821554e-07, 3.96928641067e-07, 3.19787176295e-07, 1.72079310801e-07, 6.202112246e-08, 5.15617841756e-08, 2.51016096797e-08, 1.21266605646e-08, 1.77737060625e-08, 8.59953175336e-09, 1.75268368707e-08, 2.51555949404e-08, 2.83601186979e-09, 1.04585629046e-09, 7.89441234605e-10, 1.24429122561e-09, 5.88933679602e-10, 4.86522544474e-10, 5.0182608069e-10, 6.753776427e-10, 1.6268213443e-09, 1.13805964652e-09, 5.0639725746e-10, 4.8894055471e-10, 3.94502180923e-10, 2.1350275714e-10, 1.86614723674e-10, 1.0384294119e-10, 3.21630916345e-11, 1.13676559485e-11, 9.47483844854e-12, 1.21731773967e-11, 5.1946953683e-12, 3.60796960884e-12, 2.50700415289e-12], "median": [0.000611371768173, 0.000666521955281, 0.000224324860028, 8.23730661068e-05, 3.78834338335e-05, 3.60326448572e-05, 3.66614040104e-05, 1.99105033971e-05, 1.31092438096e-05, 1.36150920298e-05, 1.13389050966e-05, 8.26145969768e-06, 7.54291022531e-06, 5.67710458199e-06, 5.11847565576e-06, 4.25678081228e-06, 4.45191108156e-06, 3.66402127838e-06, 2.92676872959e-06, 2.32004526879e-06, 1.83740303328e-06, 2.07871971725e-06, 2.5833194286e-06, 3.77727405976e-06, 5.22604841535e-06, 6.103506621e-06, 6.28355883237e-06, 4.50630795967e-06, 4.43735461886e-06, 3.74075580112e-06, 2.29823399422e-06, 2.04361231226e-06, 1.63740128301e-06, 1.05780759441e-06, 7.83449365827e-07, 6.63014589009e-07, 6.26506107437e-07, 3.43740339304e-07, 2.74342909279e-07, 2.82827159026e-07], "dmean2": [0.00186408893205, 0.00196622265503, 0.00152479449753, 0.000410925975302, 0.000140436706715, 0.000155866815476, 0.000239281580434, 0.00020818253688, 0.000114579044748, 7.88178876974e-05, 6.86010680511e-05, 5.55170590815e-05, 4.44912802777e-05, 4.41325901193e-05, 3.44225700246e-05, 4.77714347653e-05, 4.84788397443e-05, 2.09030240512e-05, 1.42310173032e-05, 1.20345130199e-05, 1.15967168313e-05, 1.02500544017e-05, 1.05232147689e-05, 1.16722203529e-05, 1.47761766129e-05, 1.98413745238e-05, 1.80807764991e-05, 1.24629032143e-05, 1.19345322673e-05, 9.14120755624e-06, 6.19921365796e-06, 5.82155144002e-06, 4.45817750006e-06, 2.72369561571e-06, 1.73934063241e-06, 1.58679426931e-06, 1.63102924944e-06, 9.68343897512e-07, 7.23532764368e-07, 6.73940803608e-07], "dmean": [0.00109454244375, 0.00116390432231, 0.000842800596729, 0.000234537874348, 8.11821228126e-05, 9.68416206888e-05, 0.000154503562953, 0.000133117864607, 7.25096615497e-05, 5.2050294471e-05, 4.59605398646e-05, 3.52262759407e-05, 2.80615677184e-05, 2.8187632779e-05, 2.25934254559e-05, 3.09996248689e-05, 3.02785847452e-05, 1.40363508763e-05, 9.20520415093e-06, 7.46922341932e-06, 7.48518641558e-06, 6.49601952318e-06, 6.77809202898e-06, 7.49062246541e-06, 9.67881442193e-06, 1.29822601593e-05, 1.18783482321e-05, 8.34879483591e-06, 7.77973673394e-06, 6.14538657828e-06, 4.21836284659e-06, 3.9737356019e-06, 2.96573603009e-06, 1.84669136161e-06, 1.1814069012e-06, 1.10105702333e-06, 1.16080786938e-06, 6.91189825375e-07, 5.21507899975e-07, 4.81638210204e-07], "var": [6.73644899507e-06, 4.83216263092e-06, 3.54050939677e-06, 3.01898182897e-07, 2.96018924928e-08, 8.47099386192e-08, 3.31230125994e-07, 3.33959690124e-07, 1.31914077883e-07, 8.46881604843e-08, 6.69187585345e-08, 3.52435272077e-08, 9.95914195556e-09, 1.65676556918e-08, 9.45768707794e-09, 1.78308940946e-08, 2.66483812794e-08, 6.5423639839e-09, 8.11759159891e-10, 5.3173337955e-10, 4.92138507724e-09, 6.98371360741e-10, 4.83130258022e-10, 5.90567983405e-10, 8.29035951e-10, 1.6987050655e-09, 1.32369182282e-09, 6.4762040175e-10, 4.48435122369e-10, 3.53605145165e-10, 2.16718296087e-10, 2.29707003419e-10, 1.02583455619e-10, 3.21699229755e-11, 1.18389551634e-11, 8.59826446153e-12, 1.39983875186e-11, 7.08316521755e-12, 4.34569394359e-12, 3.39149606836e-12], "dvar": [9.15838700166e-06, 5.77518585487e-06, 5.40430119145e-06, 4.26178189628e-07, 3.59053053955e-08, 4.85362932068e-08, 1.77003656177e-07, 1.50163330659e-07, 7.09454752723e-08, 2.9116247191e-08, 2.13873434518e-08, 1.03967110476e-08, 4.99166707968e-09, 7.47468931195e-09, 3.9375143146e-09, 7.42903072393e-09, 9.89440085419e-09, 1.43643386075e-09, 4.47935827319e-10, 3.6416222815e-10, 6.73763544956e-10, 2.74955530566e-10, 2.22360477253e-10, 2.32864560967e-10, 3.15782733296e-10, 6.87179646519e-10, 5.03672936691e-10, 2.34648522834e-10, 2.07249037376e-10, 1.67105801419e-10, 9.41555999834e-11, 8.6391498122e-11, 4.52123304073e-11, 1.40570411214e-11, 5.09353149936e-12, 4.28961467042e-12, 6.06938067513e-12, 2.89876434488e-12, 1.91945157685e-12, 1.40684935489e-12], "mean": [0.00121476501226, 0.00131191371474, 0.000713730580173, 0.000231244426686, 9.17954384931e-05, 0.000133724373882, 0.000203585601412, 0.000195613887627, 0.000106500643597, 9.19846061151e-05, 8.17309773993e-05, 6.00324201514e-05, 4.59885559394e-05, 4.66459896415e-05, 3.79456687369e-05, 5.1132941735e-05, 5.31455261807e-05, 2.50000157394e-05, 1.32960667543e-05, 9.81340417638e-06, 1.26215209093e-05, 9.32386501518e-06, 9.96217386273e-06, 1.16588098535e-05, 1.67592625075e-05, 2.36316245719e-05, 2.11199330806e-05, 1.50856003529e-05, 1.24277166833e-05, 9.70768087427e-06, 6.72870055496e-06, 6.85455279381e-06, 5.15011879543e-06, 3.14145722768e-06, 2.06854565477e-06, 1.80216648005e-06, 1.90707226011e-06, 1.13652924938e-06, 8.76552235241e-07, 8.48987895097e-07]}, "spectral_entropy": {"min": 5.25650787354, "max": 8.85750198364, "dvar2": 0.117642350495, "median": 7.90670347214, "dmean2": 0.286773622036, "dmean": 0.207537055016, "var": 0.199894398451, "dvar": 0.0615785941482, "mean": 7.82796192169}, "spectral_rolloff": {"min": 21.533203125, "max": 12876.8554688, "dvar2": 4203574.5, "median": 1485.79101562, "dmean2": 1611.3190918, "dmean": 978.174560547, "var": 5303170, "dvar": 2046569.875, "mean": 2283.62304688}, "barkbands": {"min": [9.08649600007e-09, 1.83196860348e-07, 2.27033725153e-09, 3.76058961749e-09, 1.54757735515e-08, 7.56997664553e-09, 7.22236404016e-09, 2.28275309766e-09, 3.60669916155e-09, 2.64527044713e-09, 2.21041740467e-09, 3.9707321875e-09, 5.35520960909e-09, 7.14172498917e-09, 1.50226764362e-08, 6.22861051625e-09, 1.47046206322e-08, 1.21227543559e-08, 6.12743500383e-09, 1.01495896132e-08, 9.95891902278e-09, 5.59576074366e-09, 4.72067984703e-09, 2.99675773086e-09, 2.27762186888e-09, 1.86591786466e-09, 2.11334483247e-09], "max": [0.004477200564, 0.100564278662, 0.0388169847429, 0.0577941760421, 0.0208891071379, 0.0181812550873, 0.0508220866323, 0.0374292805791, 0.0382824800909, 0.0178328733891, 0.0123599041253, 0.0153358159587, 0.0137690166011, 0.0221913941205, 0.00823080539703, 0.0170136503875, 0.00657461863011, 0.00919430423528, 0.00797404162586, 0.00815156940371, 0.013109896332, 0.0154288560152, 0.00344359478913, 0.00328103173524, 0.00210804957896, 0.0012696509948, 0.000263866473688], "dvar2": [2.42219272195e-07, 0.000333524803864, 7.35274588806e-05, 7.87800599937e-05, 1.55291400006e-05, 2.34142112276e-06, 1.07108380689e-05, 5.81936410526e-06, 3.22105961459e-06, 1.20852314467e-06, 6.66783478209e-07, 1.13723672257e-06, 1.29932470827e-06, 2.36288383348e-06, 2.38305361222e-07, 2.26755759059e-07, 1.67387341321e-07, 2.07552830034e-07, 6.26993880815e-07, 5.62955619898e-07, 4.61694554588e-07, 2.83803927914e-07, 3.91201169236e-08, 3.72070019239e-08, 1.89527860073e-08, 7.08575376152e-09, 5.60982871267e-10], "median": [0.000126590457512, 0.00226963101886, 0.000518523796927, 0.000403979618568, 0.000307762209559, 0.00018880222342, 0.000145545651321, 6.69575674692e-05, 9.47610315052e-05, 6.7623310315e-05, 4.82609357277e-05, 5.02342190885e-05, 4.3059924792e-05, 4.91497266921e-05, 3.87839390896e-05, 3.17699596053e-05, 3.76856405637e-05, 8.08154800325e-05, 0.000154797875439, 0.00017132886569, 0.000150528852828, 9.53643029789e-05, 4.87824363518e-05, 3.94344133383e-05, 3.18271922879e-05, 1.87938385352e-05, 2.55235750046e-06], "dmean2": [0.000266717688646, 0.00701254559681, 0.00404582545161, 0.00325288739987, 0.00152705085929, 0.000750848324969, 0.00127172458451, 0.000803293660283, 0.000557911291253, 0.000416735449107, 0.000325809261994, 0.00036020524567, 0.000422532059019, 0.00048816067283, 0.000204029289307, 0.000172750675119, 0.00017653973191, 0.000242219946813, 0.00043256211211, 0.000423061632318, 0.00033204923966, 0.000235654675635, 0.000105384577182, 9.23657789826e-05, 6.26966211712e-05, 3.81063146051e-05, 9.48105571297e-06], "dmean": [0.000192151695956, 0.0041196802631, 0.00224881852046, 0.00177090079524, 0.000883038796019, 0.000456193723949, 0.000805633666459, 0.000511723279487, 0.000369114190107, 0.00026619239361, 0.000205703705433, 0.000232220365433, 0.000274907215498, 0.000307784473989, 0.000131695138407, 0.000112090492621, 0.000111433604616, 0.000158327951794, 0.000286740571028, 0.000285105779767, 0.00022806088964, 0.000164690500242, 7.35650755814e-05, 6.84835540596e-05, 4.74817024951e-05, 2.98416289297e-05, 7.15761325409e-06], "var": [2.09049616728e-07, 9.39462552196e-05, 1.84071814147e-05, 1.7104903236e-05, 4.25193911724e-06, 1.55480586272e-06, 8.77585625858e-06, 6.30231670584e-06, 4.58064687336e-06, 1.75540048986e-06, 5.03888998082e-07, 1.0836980664e-06, 1.30393698328e-06, 2.35990160036e-06, 2.50582502304e-07, 5.53366248823e-07, 1.65003669395e-07, 3.00661469055e-07, 7.60004866152e-07, 7.89835553405e-07, 4.98916222114e-07, 3.7869898506e-07, 4.45520846881e-08, 5.70937963573e-08, 2.9621855191e-08, 1.01887795978e-08, 4.91554186244e-10], "dvar": [1.33817891879e-07, 0.000125344668049, 2.6751346013e-05, 2.77168219327e-05, 5.68395262235e-06, 9.77114723355e-07, 4.7876364988e-06, 2.56103794527e-06, 1.52572579282e-06, 4.87746092404e-07, 2.76954807532e-07, 4.78634319734e-07, 5.73687486849e-07, 9.30005739974e-07, 1.05526844152e-07, 1.01233517569e-07, 7.64845822232e-08, 1.02696851911e-07, 2.771893719e-07, 2.62419376895e-07, 2.06331478125e-07, 1.34351722636e-07, 1.81710326785e-08, 2.12183515202e-08, 1.11085185495e-08, 4.08852685041e-09, 2.85332618644e-10], "mean": [0.000285167247057, 0.00465973094106, 0.00194910529535, 0.00141712196637, 0.000902575906366, 0.000610845047049, 0.00103090901393, 0.000779091147706, 0.000656799064018, 0.000474323838716, 0.000316256191581, 0.00038161338307, 0.000435804075096, 0.000524043978658, 0.000200052119908, 0.000179838694748, 0.000155672430992, 0.000255396880675, 0.000539010681678, 0.000544206937775, 0.000383826787584, 0.000304870452965, 0.000132644054247, 0.000119393997011, 8.95933408174e-05, 5.53960198886e-05, 1.04894461401e-05]}, "melbands_flatness_db": {"min": 0.0175447706133, "max": 0.580517232418, "dvar2": 0.00426766043529, "median": 0.17365577817, "dmean2": 0.0614611282945, "dmean": 0.0415002815425, "var": 0.00735972635448, "dvar": 0.00186112709343, "mean": 0.190025731921}, "melbands_skewness": {"min": -5.70698404312, "max": 17.8966464996, "dvar2": 6.54867219925, "median": 2.81202054024, "dmean2": 2.12594151497, "dmean": 1.38629794121, "var": 7.07002544403, "dvar": 2.69312524796, "mean": 3.4411213398}, "barkbands_skewness": {"min": -9.05279254913, "max": 11.9648122787, "dvar2": 2.73227524757, "median": 1.34894788265, "dmean2": 1.36679971218, "dmean": 0.904968142509, "var": 3.30291223526, "dvar": 1.14022874832, "mean": 1.62051975727}, "silence_rate_60dB": {"min": 0, "max": 1, "dvar2": 0.160116001964, "median": 0, "dmean2": 0.173539087176, "dmean": 0.0867475941777, "var": 0.131661117077, "dvar": 0.0792244002223, "mean": 0.156005054712}, "spectral_energyband_low": {"min": 2.73051512067e-07, "max": 0.107778757811, "dvar2": 0.000467621634016, "median": 0.00396444089711, "dmean2": 0.0109934508801, "dmean": 0.00654155341908, "var": 0.000158725350047, "dvar": 0.000184568823897, "mean": 0.00756813492626}, "spectral_energyband_middle_low": {"min": 1.01463754731e-07, "max": 0.0769984945655, "dvar2": 0.00017265896895, "median": 0.00249381316826, "dmean2": 0.00661075301468, "dmean": 0.00392524851486, "var": 6.80306402501e-05, "dvar": 6.32613810012e-05, "mean": 0.00555407628417}, "melbands_kurtosis": {"min": -1.94601809978, "max": 452.02947998, "dvar2": 2824.45947266, "median": 10.1208219528, "dmean2": 29.434425354, "dmean": 18.3078136444, "var": 1570.49658203, "dvar": 1101.06542969, "mean": 25.2804946899}, "spectral_decrease": {"min": -3.48062201283e-08, "max": -2.97805915128e-13, "dvar2": 4.47977064608e-17, "median": -2.42737163703e-09, "dmean2": 3.97087074333e-09, "dmean": 2.49658471674e-09, "var": 2.25140745267e-17, "dvar": 1.80616954702e-17, "mean": -4.16563139538e-09}, "erbbands_kurtosis": {"min": -1.87392294407, "max": 57.6299819946, "dvar2": 22.8278026581, "median": -0.422171115875, "dmean2": 2.54465508461, "dmean": 1.63888156414, "var": 17.3058986664, "dvar": 10.0783014297, "mean": 0.828871488571}, "melbands_crest": {"min": 3.34502220154, "max": 33.3652038574, "dvar2": 30.2478942871, "median": 14.6829242706, "dmean2": 5.91988563538, "dmean": 3.66072487831, "var": 27.1504669189, "dvar": 11.872677803, "mean": 14.6273698807}, "gfcc": {"cov": [[9722.06152344, -934.940246582, -946.757263184, -512.605773926, 195.697891235, 486.63381958, 302.344604492, 87.2033691406, -281.50201416, 123.987365723, -163.802642822, -53.1015625, -385.353637695], [-934.940246582, 1935.81762695, 126.68624115, -38.2959098816, 269.258880615, -229.221435547, 104.164909363, -139.063186646, 45.6414527893, -137.91468811, 15.5732622147, -29.5103473663, 74.0804214478], [-946.757263184, 126.68624115, 1574.15258789, 559.72454834, 274.489074707, 37.7419586182, -51.1946563721, -30.10887146, -107.054840088, -129.402313232, -124.893882751, 36.9599723816, 57.5443496704], [-512.605773926, -38.2959098816, 559.72454834, 572.388977051, 158.86529541, 39.5483512878, -59.9594230652, -45.3101272583, -17.7261943817, -100.32157135, -73.6159362793, -14.5132780075, 48.03748703], [195.697891235, 269.258880615, 274.489074707, 158.86529541, 415.798797607, 82.1254882812, 64.1281509399, -37.2802200317, -79.7464981079, -81.2230529785, -72.3345184326, 1.22790169716, -21.8012371063], [486.63381958, -229.221435547, 37.7419586182, 39.5483512878, 82.1254882812, 281.737182617, 74.7723770142, 22.2997322083, -54.6959838867, -4.5555729866, -23.0541477203, -35.9898033142, -44.7696037292], [302.344604492, 104.164909363, -51.1946563721, -59.9594230652, 64.1281509399, 74.7723770142, 188.754440308, 39.5295333862, -15.6041240692, 14.1490268707, -8.81719493866, -15.3169555664, -37.596157074], [87.2033691406, -139.063186646, -30.10887146, -45.3101272583, -37.2802200317, 22.2997322083, 39.5295333862, 117.345550537, 49.8903579712, 35.8693847656, 9.56356143951, 4.71766376495, -6.21230649948], [-281.50201416, 45.6414527893, -107.054840088, -17.7261943817, -79.7464981079, -54.6959838867, -15.6041240692, 49.8903579712, 148.636688232, 53.8654327393, 33.6273880005, -4.58176708221, 25.6231708527], [123.987365723, -137.91468811, -129.402313232, -100.32157135, -81.2230529785, -4.5555729866, 14.1490268707, 35.8693847656, 53.8654327393, 125.990196228, 61.155670166, 5.88744926453, -22.3496608734], [-163.802642822, 15.5732622147, -124.893882751, -73.6159362793, -72.3345184326, -23.0541477203, -8.81719493866, 9.56356143951, 33.6273880005, 61.155670166, 107.941825867, 29.1113357544, 6.24285745621], [-53.1015625, -29.5103473663, 36.9599723816, -14.5132780075, 1.22790169716, -35.9898033142, -15.3169555664, 4.71766376495, -4.58176708221, 5.88744926453, 29.1113357544, 80.1803207397, 36.5236663818], [-385.353637695, 74.0804214478, 57.5443496704, 48.03748703, -21.8012371063, -44.7696037292, -37.596157074, -6.21230649948, 25.6231708527, -22.3496608734, 6.24285745621, 36.5236663818, 91.0024795532]], "icov": [[0.000161829564604, -1.44718742376e-05, 0.000130908229039, -4.58282414684e-07, -1.54589706653e-05, -0.00018840674602, 1.77400906978e-05, -9.43735503824e-05, 0.000240977213252, -0.000279816798866, 0.000526610878296, -0.000426591839641, 0.000517526234034], [-1.44718742376e-05, 0.00134258833714, -0.000364507752238, 0.000857516541146, -0.00111545622349, 0.0012706835987, -0.00149629905354, 0.00175959942862, -0.00148928666022, 0.00206923205405, -0.00200231559575, 0.00208222237416, -0.00128734379541], [0.000130908229039, -0.000364507752238, 0.00133999856189, -0.00125124421902, 4.08386449635e-06, -0.000320355553413, 0.000561782217119, -0.00108980562072, 0.00140096724499, -0.0011325685773, 0.00160850433167, -0.00150669377763, 0.000487043726025], [-4.58282414684e-07, 0.000857516541146, -0.00125124421902, 0.00396200409159, -0.00132388900965, 0.000109100088594, -0.000151130559971, 0.00192455458455, -0.00227650254965, 0.00254878890701, -0.00122016377281, 0.00250452873297, -0.00184929033276], [-1.54589706653e-05, -0.00111545622349, 4.08386449635e-06, -0.00132388900965, 0.00474021537229, -0.00160550139844, -0.000225787283853, -0.000241029280005, 0.00110208604019, -0.000325978267938, 0.00273331999779, -0.00359189580195, 0.00263858144172], [-0.00018840674602, 0.0012706835987, -0.000320355553413, 0.000109100088594, -0.00160550139844, 0.00637244107202, -0.00251378910616, -7.92209611973e-05, 0.000834336387925, 0.00138987705577, -0.00287999026477, 0.00460577849299, -0.00152533268556], [1.77400906978e-05, -0.00149629905354, 0.000561782217119, -0.000151130559971, -0.000225787283853, -0.00251378910616, 0.00905751623213, -0.00448429211974, 0.00236233463511, -0.0028956416063, 0.00241906009614, -0.00149895495269, 0.00222213496454], [-9.43735503824e-05, 0.00175959942862, -0.00108980562072, 0.00192455458455, -0.000241029280005, -7.92209611973e-05, -0.00448429211974, 0.0152514614165, -0.00757870171219, 0.0021319964435, -0.000934822426643, -0.000542026245967, -0.000127820298076], [0.000240977213252, -0.00148928666022, 0.00140096724499, -0.00227650254965, 0.00110208604019, 0.000834336387925, 0.00236233463511, -0.00757870171219, 0.0150994611904, -0.00755493808538, 0.00161142530851, 0.00219786074013, -0.00341791613027], [-0.000279816798866, 0.00206923205405, -0.0011325685773, 0.00254878890701, -0.000325978267938, 0.00138987705577, -0.0028956416063, 0.0021319964435, -0.00755493808538, 0.0193797238171, -0.00996756926179, 0.00198497041129, 0.00283018755727], [0.000526610878296, -0.00200231559575, 0.00160850433167, -0.00122016377281, 0.00273331999779, -0.00287999026477, 0.00241906009614, -0.000934822426643, 0.00161142530851, -0.00996756926179, 0.0206365231425, -0.0104473074898, 0.00353608210571], [-0.000426591839641, 0.00208222237416, -0.00150669377763, 0.00250452873297, -0.00359189580195, 0.00460577849299, -0.00149895495269, -0.000542026245967, 0.00219786074013, 0.00198497041129, -0.0104473074898, 0.0255756042898, -0.0128010548651], [0.000517526234034, -0.00128734379541, 0.000487043726025, -0.00184929033276, 0.00263858144172, -0.00152533268556, 0.00222213496454, -0.000127820298076, -0.00341791613027, 0.00283018755727, 0.00353608210571, -0.0128010548651, 0.0222399383783]], "mean": [-32.9418678284, 53.2177200317, -96.8818664551, 48.4931983948, -57.4376869202, 11.2673664093, -21.163526535, 11.8886976242, -24.3550643921, 11.3988962173, -12.742688179, -0.220004737377, -14.2718896866]}, "melbands_spread": {"min": 0.74046933651, "max": 284.08984375, "dvar2": 1261.08203125, "median": 24.1145954132, "dmean2": 23.1088943481, "dmean": 15.0031232834, "var": 1363.06591797, "dvar": 569.733520508, "mean": 34.5936775208}, "spectral_energy": {"min": 1.17963043067e-06, "max": 0.139930427074, "dvar2": 0.000661127560306, "median": 0.0102119036019, "dmean2": 0.0155134592205, "dmean": 0.00990296620876, "var": 0.000369455927284, "dvar": 0.000269823038252, "mean": 0.0173937939107}, "mfcc": {"cov": [[10009.7773438, -628.622070312, -1423.13354492, -723.508422852, -482.413543701, 243.766220093, 281.83505249, 108.458480835, -96.6349182129, 131.84854126, 149.466842651, -52.3721389771, -6.26987028122], [-628.622070312, 1722.1204834, -52.720741272, 154.493896484, 59.3382492065, -7.4132399559, 40.1475753784, 20.7604007721, -3.75064015388, -80.8690872192, -39.795665741, -32.7010574341, -33.0924415588], [-1423.13354492, -52.720741272, 1132.6842041, 430.067901611, 314.788360596, 91.6014480591, 30.4436511993, 34.7363433838, 62.636680603, -68.193031311, -104.870887756, -13.8190078735, -96.5210418701], [-723.508422852, 154.493896484, 430.067901611, 527.820251465, 261.101501465, 73.9330596924, -6.88827133179, 37.797870636, 48.0349159241, -71.1934280396, -78.1153335571, -25.8388957977, -59.1770973206], [-482.413543701, 59.3382492065, 314.788360596, 261.101501465, 374.510437012, 121.605995178, 43.486946106, 55.4819717407, 33.5046348572, -59.1868171692, -74.8952560425, -11.9217319489, -67.7479400635], [243.766220093, -7.4132399559, 91.6014480591, 73.9330596924, 121.605995178, 216.027679443, 125.686538696, 52.540927887, 10.0288467407, 2.83972120285, -3.0563287735, -38.8381767273, -44.4131317139], [281.83505249, 40.1475753784, 30.4436511993, -6.88827133179, 43.486946106, 125.686538696, 208.512863159, 75.6938171387, -6.2603430748, 7.59518671036, 13.4956655502, -20.3379878998, -31.4187335968], [108.458480835, 20.7604007721, 34.7363433838, 37.797870636, 55.4819717407, 52.540927887, 75.6938171387, 114.25188446, 45.5672454834, -2.50321149826, -11.3117494583, -9.0122127533, -23.1891613007], [-96.6349182129, -3.75064015388, 62.636680603, 48.0349159241, 33.5046348572, 10.0288467407, -6.2603430748, 45.5672454834, 107.291320801, 27.9651145935, -7.78929901123, 4.13184642792, -5.70271873474], [131.84854126, -80.8690872192, -68.193031311, -71.1934280396, -59.1868171692, 2.83972120285, 7.59518671036, -2.50321149826, 27.9651145935, 109.575622559, 65.678062439, 5.48816347122, 15.4888896942], [149.466842651, -39.795665741, -104.870887756, -78.1153335571, -74.8952560425, -3.0563287735, 13.4956655502, -11.3117494583, -7.78929901123, 65.678062439, 115.247138977, 34.3779602051, 25.2173194885], [-52.3721389771, -32.7010574341, -13.8190078735, -25.8388957977, -11.9217319489, -38.8381767273, -20.3379878998, -9.0122127533, 4.13184642792, 5.48816347122, 34.3779602051, 100.240776062, 47.4543800354], [-6.26987028122, -33.0924415588, -96.5210418701, -59.1770973206, -67.7479400635, -44.4131317139, -31.4187335968, -23.1891613007, -5.70271873474, 15.4888896942, 25.2173194885, 47.4543800354, 89.9447631836]], "icov": [[0.000147051468957, 5.6444096117e-05, 0.000179819820914, 2.66958177235e-05, 0.000171997671714, -0.000263691501459, -4.9329824833e-05, -0.000120961020002, 6.56973134028e-05, -1.38501054607e-05, 0.000107596999442, -0.00012592242274, 0.000235297091422], [5.6444096117e-05, 0.000667964166496, 0.000233670842135, -0.000268955773208, 3.66288113582e-05, 0.000196951499674, -0.000389275694033, 0.000117776384286, -0.000187518249732, 0.000530182849616, -0.000129243606352, 0.00015332820476, 0.000194871987333], [0.000179819820914, 0.000233670842135, 0.00171931472141, -0.000906673725694, -0.000204524738365, -0.000145352678373, -0.000594398879912, 0.000566721835639, -0.000439707800979, -0.000114215501526, 0.000789855781477, -0.000821385532618, 0.00126335979439], [2.66958177235e-05, -0.000268955773208, -0.000906673725694, 0.00382325518876, -0.00160699093249, -0.000451117550256, 0.00099868606776, -0.000313152646413, -0.000872943084687, 0.00132794084493, -0.000582163454965, 0.000910001166631, -0.000320602935972], [0.000171997671714, 3.66288113582e-05, -0.000204524738365, -0.00160699093249, 0.00615104241297, -0.00310536334291, 0.000704152917024, -0.00115618971176, 0.000249667878961, 0.000259885302512, 0.00238190009259, -0.00284611736424, 0.00260115927085], [-0.000263691501459, 0.000196951499674, -0.000145352678373, -0.000451117550256, -0.00310536334291, 0.0101761342958, -0.00516153825447, 0.000972246692982, -0.000877882761415, -0.000214127503568, -0.0018990971148, 0.00334822782315, -0.000518097484019], [-4.9329824833e-05, -0.000389275694033, -0.000594398879912, 0.00099868606776, 0.000704152917024, -0.00516153825447, 0.0106494156644, -0.00652808463201, 0.00374833424576, -0.00092388986377, -0.000730432861019, -0.000541519781109, 0.000778410234489], [-0.000120961020002, 0.000117776384286, 0.000566721835639, -0.000313152646413, -0.00115618971176, 0.000972246692982, -0.00652808463201, 0.0167348347604, -0.00812116358429, 0.00252235657535, -7.25454228814e-05, 9.10317248781e-05, 0.00110345776193], [6.56973134028e-05, -0.000187518249732, -0.000439707800979, -0.000872943084687, 0.000249667878961, -0.000877882761415, 0.00374833424576, -0.00812116358429, 0.0160833727568, -0.00768846971914, 0.00384505675174, -0.00231810449623, 0.000348259229213], [-1.38501054607e-05, 0.000530182849616, -0.000114215501526, 0.00132794084493, 0.000259885302512, -0.000214127503568, -0.00092388986377, 0.00252235657535, -0.00768846971914, 0.0190072376281, -0.0107367839664, 0.00419617118314, -0.00160144700203], [0.000107596999442, -0.000129243606352, 0.000789855781477, -0.000582163454965, 0.00238190009259, -0.0018990971148, -0.000730432861019, -7.25454228814e-05, 0.00384505675174, -0.0107367839664, 0.0185944326222, -0.00743969902396, 0.00181166443508], [-0.00012592242274, 0.00015332820476, -0.000821385532618, 0.000910001166631, -0.00284611736424, 0.00334822782315, -0.000541519781109, 9.10317248781e-05, -0.00231810449623, 0.00419617118314, -0.00743969902396, 0.0175972320139, -0.00895918160677], [0.000235297091422, 0.000194871987333, 0.00126335979439, -0.000320602935972, 0.00260115927085, -0.000518097484019, 0.000778410234489, 0.00110345776193, 0.000348259229213, -0.00160144700203, 0.00181166443508, -0.00895918160677, 0.0191273838282]], "mean": [-681.732299805, 84.13646698, 15.126241684, 40.5968971252, -5.80172729492, 9.62259960175, 10.4019117355, 3.16101813316, 0.18211594224, 8.37368488312, 5.61387681961, 1.76296138763, 1.46238982677]}, "spectral_contrast_valleys": {"min": [-11.9363889694, -12.3430528641, -12.5406169891, -12.0887880325, -11.858540535, -14.1426849365], "max": [-5.54224920273, -5.1794962883, -5.34638214111, -5.75470685959, -5.50278615952, -7.85486412048], "dvar2": [0.438289582729, 0.499683976173, 0.594068229198, 0.635815918446, 0.528353869915, 0.601245582104], "median": [-7.21640539169, -7.42516422272, -7.97320413589, -8.3310546875, -7.50801229477, -9.81258201599], "dmean2": [0.719094872475, 0.749687194824, 0.778899312019, 0.765586435795, 0.625438451767, 0.581329107285], "dmean": [0.484816849232, 0.506893157959, 0.551883995533, 0.555145084858, 0.476336658001, 0.472126722336], "var": [1.38997626305, 0.94258671999, 1.30889010429, 1.17919290066, 1.00293874741, 1.28895866871], "dvar": [0.241242974997, 0.257084578276, 0.311198562384, 0.329147845507, 0.281079232693, 0.339326381683], "mean": [-7.57761001587, -7.52734327316, -8.07034301758, -8.4233789444, -7.60815429688, -10.0331687927]}, "barkbands_flatness_db": {"min": 0.0178102068603, "max": 0.433157980442, "dvar2": 0.00283499178477, "median": 0.106723383069, "dmean2": 0.0492931902409, "dmean": 0.0333243310452, "var": 0.00444744108245, "dvar": 0.0012625817908, "mean": 0.12440855056}, "dynamic_complexity": 4.2693271637, "erbbands_flatness_db": {"min": 0.0539428330958, "max": 0.357185810804, "dvar2": 0.00102637545206, "median": 0.12101034075, "dmean2": 0.0303838141263, "dmean": 0.0217808168381, "var": 0.00262651545927, "dvar": 0.000541539