{"lowlevel": {"spectral_complexity": {"min": 0, "max": 62, "dvar2": 87.5916061401, "median": 5, "dmean2": 6.07594394684, "dmean": 4.30579805374, "var": 194.200973511, "dvar": 56.4487495422, "mean": 10.5506877899}, "silence_rate_20dB": {"min": 1, "max": 1, "dvar2": 0, "median": 1, "dmean2": 0, "dmean": 0, "var": 0, "dvar": 0, "mean": 1}, "average_loudness": 0.86910456419, "erbbands_spread": {"min": 0.237321540713, "max": 178.332885742, "dvar2": 592.233032227, "median": 34.4069328308, "dmean2": 20.8500003815, "dmean": 13.7092552185, "var": 715.576721191, "dvar": 260.903778076, "mean": 40.6516265869}, "spectral_kurtosis": {"min": -1.25421822071, "max": 85.0021591187, "dvar2": 33.1853561401, "median": 3.54913568497, "dmean2": 3.33475446701, "dmean": 2.07767224312, "var": 27.1522903442, "dvar": 13.3164196014, "mean": 4.8271484375}, "barkbands_kurtosis": {"min": -1.96205449104, "max": 2324.09887695, "dvar2": 10317.9296875, "median": 3.01701593399, "dmean2": 25.1443157196, "dmean": 15.099275589, "var": 2989.12695312, "dvar": 3808.42407227, "mean": 14.6815052032}, "spectral_strongpeak": {"min": 0, "max": 10.2977075577, "dvar2": 1.03156328201, "median": 0.267092704773, "dmean2": 0.619914472103, "dmean": 0.387866050005, "var": 0.975870132446, "dvar": 0.428959816694, "mean": 0.676652729511}, "spectral_spread": {"min": 879794.5, "max": 43190328, "dvar2": 3498293067780.0, "median": 5496479.5, "dmean2": 1484440.25, "dmean": 963075.5, "var": 7966851334140.0, "dvar": 1633689927680.0, "mean": 5816429}, "spectral_rms": {"min": 3.14575600811e-12, "max": 0.0147222103551, "dvar2": 4.3206700866e-06, "median": 0.00214839028195, "dmean2": 0.00143520254642, "dmean": 0.00108779815491, "var": 7.67066831031e-06, "dvar": 2.71040448752e-06, "mean": 0.00278862658888}, "erbbands": {"min": [3.08818344684e-22, 1.91239734952e-21, 3.40539191416e-21, 1.2691050052e-20, 2.69118640183e-20, 4.06762544243e-20, 8.28996144751e-20, 1.45256004567e-19, 2.50470056837e-19, 2.46452156258e-19, 4.47659032274e-19, 4.97097032547e-19, 7.39809298461e-19, 1.33362669888e-18, 1.04652730091e-18, 1.92856311957e-18, 2.29937288533e-18, 2.05174354767e-18, 2.66346801248e-18, 4.15016655166e-18, 5.85241284883e-18, 4.28307545094e-18, 6.65136799094e-18, 5.42880497175e-18, 8.68323500887e-18, 9.30170968107e-18, 1.07478033715e-17, 1.09275108412e-17, 1.21145266007e-17, 1.17541455145e-17, 1.22553259759e-17, 1.20520521306e-17, 1.33267085032e-17, 9.52382587351e-18, 6.30312453946e-18, 4.24473149365e-18, 2.33640638174e-18, 1.08058739321e-18, 2.57073026076e-19, 3.00748782804e-20], "max": [2.09491658211, 16.3043613434, 151.842056274, 105.611297607, 60.918586731, 56.2935752869, 101.65032959, 324.478851318, 876.546630859, 998.461303711, 802.5234375, 757.187438965, 1021.29382324, 862.380249023, 1069.2331543, 1121.54052734, 1232.88659668, 1132.40393066, 1021.44213867, 935.838256836, 806.209777832, 548.459411621, 354.562133789, 1181.51904297, 418.846954346, 245.495193481, 230.109603882, 278.652832031, 239.3853302, 243.803649902, 108.193954468, 67.3389968872, 82.7608413696, 87.1775360107, 74.8905639648, 25.1726112366, 9.46615314484, 2.22720098495, 0.493476361036, 0.013967349194], "dvar2": [0.0944854468107, 10.8786764145, 643.312683105, 352.095031738, 131.385406494, 88.5154876709, 77.8139877319, 378.831115723, 1978.91442871, 3528.69091797, 1968.19030762, 1695.2142334, 1784.52075195, 2130.81591797, 1497.37402344, 1304.93786621, 2805.34960938, 2640.20703125, 2709.7578125, 1766.70568848, 1392.52807617, 1006.71130371, 649.090881348, 1279.70043945, 698.928955078, 603.17010498, 513.152587891, 2525.25024414, 441.200958252, 196.512924194, 75.124458313, 19.7856063843, 18.821434021, 16.0217952728, 9.19903564453, 2.03767585754, 0.278021275997, 0.0122851859778, 0.000358726654667, 6.52064841233e-07], "median": [0.000327383226249, 0.0130344592035, 0.0844519436359, 0.05898969993, 0.0517014600337, 0.150638177991, 0.360970795155, 0.623530983925, 0.93574488163, 1.09176850319, 0.846153616905, 0.618271946907, 0.921647965908, 1.11699867249, 0.934098005295, 0.810537815094, 0.810628831387, 1.08714795113, 1.01227641106, 1.08212089539, 0.917431056499, 1.16109490395, 1.16923999786, 1.30828237534, 1.16183817387, 1.23323321342, 0.650202035904, 0.54922068119, 0.504380702972, 0.362446844578, 0.310179769993, 0.225552797318, 0.189846903086, 0.110904961824, 0.046060141176, 0.0168671756983, 0.00554447248578, 0.00133805489168, 0.000132712477352, 1.74925407919e-05], "dmean2": [0.11539015919, 1.61844742298, 8.79710865021, 5.94385910034, 3.78227615356, 3.68860650063, 3.59893465042, 5.59275960922, 11.6721630096, 16.4019260406, 11.9639348984, 11.7321949005, 10.568321228, 13.9908370972, 10.3007650375, 10.8140935898, 15.4180469513, 17.6865444183, 15.5308952332, 14.6898956299, 12.886220932, 12.1644525528, 11.2145586014, 12.4134759903, 11.7106723785, 11.2266559601, 9.51846599579, 15.7041482925, 7.28503751755, 4.63698911667, 3.43079066277, 1.82222247124, 1.56598770618, 0.942520022392, 0.669893205166, 0.414005309343, 0.174583524466, 0.0287635196, 0.00318014505319, 0.000197644272703], "dmean": [0.0806722044945, 1.00937914848, 5.78789138794, 3.90430355072, 2.13750267029, 2.23369216919, 2.24292564392, 3.5655632019, 7.41403341293, 10.5872917175, 7.81511259079, 7.62717199326, 6.94150114059, 9.24994468689, 6.73554468155, 6.8138589859, 10.184633255, 11.9943580627, 10.475979805, 9.69627094269, 8.71241760254, 7.96433353424, 7.48631429672, 9.08644199371, 7.93716669083, 7.16448974609, 6.51654672623, 9.11292076111, 4.59468889236, 2.98637580872, 2.24988985062, 1.35118234158, 1.02332234383, 0.637788772583, 0.440112411976, 0.27206197381, 0.12531067431, 0.0247244536877, 0.00221656449139, 0.000139686977491], "var": [0.0530279353261, 5.56834602356, 349.007873535, 148.039291382, 34.3601493835, 40.440990448, 39.7903671265, 206.622177124, 926.807312012, 1851.10546875, 1379.98071289, 1630.98742676, 1419.33618164, 2043.26550293, 1309.75488281, 1165.85864258, 2251.17822266, 3761.32885742, 3077.6015625, 2006.98364258, 1531.00952148, 882.466369629, 578.988037109, 928.646728516, 739.979614258, 549.190307617, 505.451507568, 705.559997559, 245.367919922, 99.6899719238, 42.3784294128, 15.314696312, 9.53813934326, 4.9091963768, 2.57182621956, 0.899071991444, 0.231552198529, 0.00921182800084, 9.32378679863e-05, 2.40399373297e-07], "dvar": [0.0451827272773, 4.67369937897, 313.511169434, 151.231201172, 47.442237854, 40.1400871277, 31.629486084, 152.822402954, 772.565551758, 1392.14758301, 851.436401367, 827.573852539, 759.276428223, 927.076049805, 651.539367676, 584.23059082, 1323.54003906, 1309.81359863, 1230.60107422, 839.986022949, 661.002380371, 447.408782959, 292.685668945, 558.149841309, 344.851959229, 263.500305176, 230.473678589, 826.525085449, 168.872451782, 76.2850646973, 31.2006149292, 8.72138404846, 7.39536476135, 5.73377943039, 3.26298570633, 0.737408161163, 0.12402998656, 0.00554742477834, 0.000127116029034, 2.53275601381e-07], "mean": [0.0779615938663, 1.02636730671, 5.2580704689, 3.34828972816, 1.72804772854, 2.11994242668, 2.61707615852, 4.63698482513, 9.89895915985, 14.3861293793, 10.4881019592, 9.97603225708, 9.8992729187, 13.4000301361, 9.85013198853, 9.19738674164, 14.0383071899, 19.0511054993, 15.8938856125, 14.7529420853, 12.5367031097, 11.935049057, 11.1465177536, 12.8919944763, 12.18019104, 10.7374544144, 9.11308574677, 8.96112632751, 6.25987100601, 3.86224794388, 2.79902219772, 1.8696488142, 1.4101960659, 0.874790072441, 0.551825463772, 0.362570911646, 0.181306600571, 0.035837456584, 0.00280814198777, 0.000164259632584]}, "zerocrossingrate": {"min": 0, "max": 0.51513671875, "dvar2": 0.000868069415446, "median": 0.068359375, "dmean2": 0.0263378731906, "dmean": 0.023834137246, "var": 0.00564190652221, "dvar": 0.000773478066549, "mean": 0.0891076698899}, "spectral_contrast_coeffs": {"min": [-0.976508677006, -0.998354494572, -0.997258961201, -0.985227644444, -0.986255288124, -0.963182806969], "max": [-0.278976231813, -0.306717574596, -0.374544560909, -0.462555497885, -0.515138447285, -0.57836997509], "dvar2": [0.00463895313442, 0.00640756310895, 0.00348409125581, 0.00273518520407, 0.00161908427253, 0.00223394646309], "median": [-0.708465576172, -0.741734147072, -0.800616204739, -0.809778809547, -0.80778002739, -0.808705747128], "dmean2": [0.0850243121386, 0.0891993194818, 0.0697696357965, 0.0591322407126, 0.0447877012193, 0.0407130196691], "dmean": [0.0554165020585, 0.0590372793376, 0.0475394949317, 0.0401017963886, 0.0307572036982, 0.0262670721859], "var": [0.010280312039, 0.0149043146521, 0.00921149179339, 0.00672139553353, 0.00382117484696, 0.00312953512184], "dvar": [0.00222150539048, 0.00303899520077, 0.00183958711568, 0.00139351817779, 0.000830445089377, 0.000940205529332], "mean": [-0.704000234604, -0.724398553371, -0.78296738863, -0.793010950089, -0.802103281021, -0.800274729729]}, "dissonance": {"min": 0, "max": 0.500000059605, "dvar2": 0.00224610022269, "median": 0.473190069199, "dmean2": 0.0386086702347, "dmean": 0.0243430491537, "var": 0.00272410199977, "dvar": 0.000979662290774, "mean": 0.455056428909}, "spectral_energyband_high": {"min": 7.06204074718e-21, "max": 0.0262927487493, "dvar2": 5.38264021088e-06, "median": 9.71345652943e-05, "dmean2": 0.000907570065465, "dmean": 0.000608464411926, "var": 3.73545276489e-06, "dvar": 2.14596525439e-06, "mean": 0.000876323261764}, "spectral_skewness": {"min": -0.673717737198, "max": 7.04478931427, "dvar2": 0.341319322586, "median": 1.4390938282, "dmean2": 0.477839916945, "dmean": 0.307119399309, "var": 0.394955962896, "dvar": 0.147353842854, "mean": 1.55358481407}, "spectral_flux": {"min": 6.45649714248e-11, "max": 0.408942371607, "dvar2": 0.00563748273998, "median": 0.0478600971401, "dmean2": 0.0551668666303, "dmean": 0.0347743071616, "var": 0.0050093177706, "dvar": 0.00243572914042, "mean": 0.0679929703474}, "silence_rate_30dB": {"min": 0, "max": 1, "dvar2": 0.0858882665634, "median": 1, "dmean2": 0.0792282447219, "dmean": 0.0396100580692, "var": 0.0325196497142, "dvar": 0.0380384363234, "mean": 0.966345191002}, "spectral_energyband_middle_high": {"min": 1.27747402929e-21, "max": 0.054487388581, "dvar2": 1.580681419e-05, "median": 0.000492327380925, "dmean2": 0.00185991474427, "dmean": 0.00132529030088, "var": 2.75563452306e-05, "dvar": 7.73477768234e-06, "mean": 0.00282550067641}, "barkbands_spread": {"min": 0.0547637790442, "max": 135.183883667, "dvar2": 552.561706543, "median": 19.4480476379, "dmean2": 19.7604370117, "dmean": 12.6379652023, "var": 521.938171387, "dvar": 231.625091553, "mean": 26.4602222443}, "spectral_centroid": {"min": 119.980758667, "max": 11404.0556641, "dvar2": 692953.3125, "median": 1597.49707031, "dmean2": 693.548461914, "dmean": 470.941955566, "var": 1369907.25, "dvar": 347708.25, "mean": 1800.97741699}, "pitch_salience": {"min": 0.0395129211247, "max": 0.996098577976, "dvar2": 0.0317040160298, "median": 0.481151640415, "dmean2": 0.185682058334, "dmean": 0.119513399899, "var": 0.0330330021679, "dvar": 0.014320245944, "mean": 0.479802668095}, "erbbands_skewness": {"min": -5.96729850769, "max": 13.722735405, "dvar2": 1.57492005825, "median": 0.158299744129, "dmean2": 1.00366687775, "dmean": 0.671184122562, "var": 2.2647819519, "dvar": 0.720229148865, "mean": 0.400083661079}, "erbbands_crest": {"min": 2.0579867363, "max": 34.1346969604, "dvar2": 28.6540718079, "median": 8.28008460999, "dmean2": 5.34928226471, "dmean": 3.41411733627, "var": 42.3717918396, "dvar": 13.188249588, "mean": 10.403055191}, "melbands": {"min": [4.04884397883e-24, 2.50078649387e-24, 2.96111503385e-24, 3.10704877929e-24, 2.6667896496e-24, 3.62858267031e-24, 4.08737115658e-24, 2.7335961103e-24, 3.48880598424e-24, 3.17132398255e-24, 3.23289674557e-24, 5.10212632632e-24, 2.72592029647e-24, 5.3082809244e-24, 5.73355504955e-24, 3.65755832022e-24, 3.35824989886e-24, 4.13537610368e-24, 3.82322029361e-24, 6.84669576809e-24, 6.40457433502e-24, 3.8155860922e-24, 4.64969566451e-24, 5.25203790287e-24, 3.5221511347e-24, 6.25368457095e-24, 5.69015507799e-24, 6.02753510993e-24, 5.43361593389e-24, 5.988010812e-24, 5.46633275664e-24, 6.16758908061e-24, 6.0682916086e-24, 6.26034768458e-24, 5.69872329071e-24, 7.93659388335e-24, 6.24022936492e-24, 8.34252356138e-24, 7.75629420144e-24, 7.96286926238e-24], "max": [0.0195052269846, 0.0584263727069, 0.0165537651628, 0.00363052939065, 0.00318333227187, 0.00695612933487, 0.0124216089025, 0.00927571300417, 0.00560959661379, 0.0043025771156, 0.00499959848821, 0.00375045859255, 0.00293656578287, 0.00275104050525, 0.0029414051678, 0.00232855393551, 0.00209026015364, 0.0021557090804, 0.00204649218358, 0.0010062570218, 0.00117690965999, 0.000643674633466, 0.000407022744184, 0.000496099470183, 0.00102605600841, 0.000457394169644, 0.000338053825544, 0.00013869277609, 0.000152080028784, 0.000150491250679, 0.000184552627616, 0.000140310061397, 0.000130068525323, 0.000143276483868, 6.96227143635e-05, 4.45732475782e-05, 4.81002862216e-05, 5.47958334209e-05, 7.84009680501e-05, 7.05738420947e-05], "dvar2": [7.45031229599e-06, 9.4048496976e-05, 8.85908866621e-06, 4.63393007522e-07, 9.73276073069e-08, 1.72677573573e-07, 4.41667594941e-07, 3.58385079835e-07, 1.27380104686e-07, 6.03603282912e-08, 5.05276318563e-08, 4.26779536156e-08, 1.7185454837e-08, 8.75961791991e-09, 1.50644297037e-08, 1.49338710287e-08, 1.08459357051e-08, 8.7990628117e-09, 5.44558842464e-09, 3.00327873681e-09, 2.12936113186e-09, 1.4481643662e-09, 8.0765855115e-10, 7.49509454501e-10, 1.01390762453e-09, 5.71975022901e-10, 5.52376200336e-10, 2.55656662507e-10, 1.26263416389e-10, 5.90706705772e-10, 9.8901820067e-10, 2.21848400761e-10, 6.25334090065e-11, 6.60216326054e-11, 3.02358485471e-11, 1.43446123035e-11, 7.64028684069e-12, 1.01171970107e-11, 1.15702378234e-11, 1.21047208715e-11], "median": [6.84792530592e-06, 3.73141665477e-05, 9.72815269051e-06, 6.38728943159e-06, 1.15433904284e-05, 1.31656997837e-05, 1.35895443236e-05, 9.90537046164e-06, 5.3982666941e-06, 2.64994537247e-06, 4.08413916375e-06, 3.59362047675e-06, 2.31799003814e-06, 1.97648819267e-06, 1.27088833324e-06, 1.55339171215e-06, 1.60281888384e-06, 1.22558878957e-06, 1.12271663966e-06, 1.23636448279e-06, 8.52708694765e-07, 1.08360359263e-06, 1.09087875444e-06, 9.26005100155e-07, 9.52866912485e-07, 7.0312103162e-07, 7.91617026152e-07, 7.46319358313e-07, 3.88956038933e-07, 2.69324459623e-07, 3.08382283265e-07, 2.63797886646e-07, 2.41060945427e-07, 1.66659845036e-07, 1.673558927e-07, 1.55714445782e-07, 1.31295962547e-07, 1.3936364951e-07, 1.04750434105e-07, 8.55725375004e-08], "dmean2": [0.00121935456991, 0.00369327957742, 0.000966265972238, 0.000252644356806, 0.000130936721689, 0.00012346560834, 0.000181480398169, 0.000171240972122, 9.61491750786e-05, 7.05696220393e-05, 5.55595252081e-05, 5.99149389018e-05, 3.67755237676e-05, 2.90340631182e-05, 3.27086745529e-05, 3.86841893487e-05, 3.48036628566e-05, 2.72384659183e-05, 2.24560808419e-05, 1.75164241227e-05, 1.54475073941e-05, 1.26843824546e-05, 1.34570700538e-05, 1.1324946172e-05, 1.07612204374e-05, 9.71256031335e-06, 9.49741206568e-06, 7.10680478733e-06, 5.22244135936e-06, 8.34156981e-06, 9.80626828095e-06, 4.83477742819e-06, 2.6111963507e-06, 2.62082721747e-06, 2.04208981813e-06, 1.56625117143e-06, 1.09842233087e-06, 1.23504753446e-06, 9.10320238745e-07, 7.92645892034e-07], "dmean": [0.000806059106253, 0.00240919645876, 0.000645406486001, 0.000152858905494, 8.19959459477e-05, 7.97416287242e-05, 0.000116091243399, 0.000110090491944, 6.24452222837e-05, 4.59904804302e-05, 3.62531936844e-05, 3.92603033106e-05, 2.38783322857e-05, 1.84066466318e-05, 2.10862981476e-05, 2.48958658631e-05, 2.3511947802e-05, 1.76505163836e-05, 1.4905005628e-05, 1.18382176879e-05, 1.04516111605e-05, 8.28919382911e-06, 8.52867015055e-06, 7.48416368879e-06, 7.72301700636e-06, 6.41530141365e-06, 6.15860653852e-06, 4.62453317596e-06, 3.69706572201e-06, 5.05661546413e-06, 5.57976591153e-06, 2.97982182929e-06, 1.71875126398e-06, 1.64872369623e-06, 1.33421167448e-06, 1.09136351512e-06, 7.85821498539e-07, 8.10055496459e-07, 5.76063030167e-07, 5.38382323612e-07], "var": [4.77740286442e-06, 5.09745950694e-05, 4.07797961088e-06, 1.79233410336e-07, 4.93106249166e-08, 9.93910092006e-08, 2.18569468302e-07, 2.04997775199e-07, 9.93599300614e-08, 5.98039164856e-08, 3.79236126946e-08, 4.02112583231e-08, 1.41168747803e-08, 8.93126461676e-09, 1.38616025325e-08, 1.13766311927e-08, 1.4873693388e-08, 1.00773362988e-08, 5.32323651825e-09, 2.92262680723e-09, 2.44884335032e-09, 1.14962606101e-09, 5.80479275758e-10, 5.43672440401e-10, 6.64668986516e-10, 5.2357618241e-10, 3.5486052985e-10, 2.30703109394e-10, 1.82376128088e-10, 2.37760505728e-10, 2.44942399696e-10, 1.06192561689e-10, 3.43767965483e-11, 3.10327250008e-11, 1.5497225031e-11, 9.37796975492e-12, 5.06601271349e-12, 5.27243700088e-12, 4.17984050149e-12, 3.50276903836e-12], "dvar": [3.58429269909e-06, 4.53466891486e-05, 3.91772573494e-06, 1.93217360334e-07, 4.10086506974e-08, 7.03481717323e-08, 1.73734505893e-07, 1.43569437228e-07, 5.64330591146e-08, 2.98888558348e-08, 2.13184492281e-08, 1.81534591803e-08, 7.40692041035e-09, 4.39188152512e-09, 6.93924917528e-09, 6.76849687409e-09, 5.41786437935e-09, 4.02793531862e-09, 2.44827269569e-09, 1.41795053477e-09, 1.02753328068e-09, 6.17634887679e-10, 3.38551575663e-10, 3.21203369458e-10, 4.34194208365e-10, 2.73698674835e-10, 2.19152085368e-10, 1.12200908287e-10, 6.99881957944e-11, 2.0420237723e-10, 3.18181730963e-10, 8.26893692407e-11, 2.48023875743e-11, 2.56841371088e-11, 1.2291085684e-11, 6.14218138156e-12, 3.18129160168e-12, 3.99642732102e-12, 4.28684561807e-12, 4.30350330025e-12], "mean": [0.000868778442964, 0.00227821734734, 0.000571808661334, 0.000137594572152, 9.25237982301e-05, 0.000104577091406, 0.000158236754942, 0.000151355940034, 8.3776700194e-05, 5.92472060816e-05, 4.99730194861e-05, 5.66458729736e-05, 3.2786403608e-05, 2.37488220591e-05, 2.80262029264e-05, 3.23507665598e-05, 3.56376294803e-05, 2.55346094491e-05, 2.12180275412e-05, 1.73389653355e-05, 1.41458940561e-05, 1.20073764265e-05, 1.13174910439e-05, 9.92508194031e-06, 1.04637529148e-05, 9.62517424341e-06, 8.25623374112e-06, 6.7907835728e-06, 5.55425322091e-06, 5.56988879907e-06, 5.07475533595e-06, 3.92391075366e-06, 2.33732907873e-06, 2.05000674214e-06, 1.60613546996e-06, 1.3875529703e-06, 1.07465780275e-06, 1.06914080789e-06, 8.01180704002e-07, 7.13809811259e-07]}, "spectral_entropy": {"min": 3.6491549015, "max": 9.82441425323, "dvar2": 0.285395801067, "median": 7.79070472717, "dmean2": 0.447999864817, "dmean": 0.319713979959, "var": 0.597257375717, "dvar": 0.148279115558, "mean": 7.62442207336}, "spectral_rolloff": {"min": 21.533203125, "max": 19444.4824219, "dvar2": 8676502, "median": 1270.45898438, "dmean2": 1989.40002441, "dmean": 1226.77319336, "var": 9767010, "dvar": 4124970.5, "mean": 2500.11987305}, "barkbands": {"min": [7.92769020753e-25, 9.88853868546e-24, 1.68318561094e-24, 4.63795465323e-24, 1.29242679308e-23, 2.00237447096e-23, 1.41696000434e-23, 1.25201581549e-23, 2.05638209735e-23, 1.73470860157e-23, 1.64426759205e-23, 4.35908727453e-23, 4.35411366429e-23, 3.92296047436e-23, 4.76812364457e-23, 1.00582586382e-22, 6.76373126669e-23, 1.23650614745e-22, 1.47368519343e-22, 2.39402194852e-22, 2.86383317244e-22, 3.60310060136e-22, 4.9621446153e-22, 7.14515422339e-22, 9.08023280068e-22, 1.27396507501e-21, 2.02917198756e-21], "max": [0.00139578490052, 0.071215197444, 0.148979455233, 0.025847773999, 0.0152894929051, 0.0309542361647, 0.0556375831366, 0.0380127578974, 0.0251648984849, 0.0314903594553, 0.0163989122957, 0.0238768849522, 0.0238435901701, 0.0204003863037, 0.0229590013623, 0.0134682301432, 0.0115055590868, 0.0140866991132, 0.0104211950675, 0.00602283421904, 0.00578758912161, 0.00620401557535, 0.00458025094122, 0.00378527026623, 0.00888042524457, 0.0049001481384, 0.00242144893855], "dvar2": [4.65498573021e-08, 0.000130543965497, 0.000605960958637, 2.35770967265e-05, 8.6838608695e-06, 3.37979031428e-06, 1.2185563719e-05, 4.95594849781e-06, 2.69584529633e-06, 2.98006671073e-06, 8.59968281475e-07, 7.22216498161e-07, 1.6102861764e-06, 1.16301077924e-06, 9.31339684485e-07, 5.85324755775e-07, 4.51074583907e-07, 3.22095786487e-07, 3.33436304345e-07, 3.27571626713e-07, 9.87416456155e-07, 3.19776489732e-07, 1.1012959078e-07, 4.8774428052e-08, 1.55669752644e-07, 9.02736942976e-08, 1.0341810075e-08], "median": [7.54665870772e-06, 3.89530468965e-05, 6.36213444523e-05, 6.10293500358e-06, 4.42167875008e-05, 6.5312589868e-05, 5.61099477636e-05, 2.72919642157e-05, 1.68697515619e-05, 2.97527221846e-05, 1.23158133647e-05, 1.47715581988e-05, 1.46590809891e-05, 1.55603702297e-05, 1.7811285943e-05, 1.33235726025e-05, 2.14043830056e-05, 1.80621445907e-05, 2.18393706746e-05, 2.60304132098e-05, 1.42573226185e-05, 1.34231213451e-05, 1.12432580863e-05, 1.10741120807e-05, 8.41529436002e-06, 3.34409423886e-06, 7.82161521329e-07], "dmean2": [7.64621654525e-05, 0.0056231636554, 0.00827113818377, 0.00149133999366, 0.00111662177369, 0.000576154328883, 0.000976962270215, 0.000634658383206, 0.000486709468532, 0.000450503837783, 0.000283487344859, 0.000263311725575, 0.000388490385376, 0.000360935286153, 0.00031678788946, 0.000249460281339, 0.000238249645918, 0.00022978700872, 0.00023082261032, 0.000254672399024, 0.000337533594575, 0.000197651505005, 0.000125216582092, 8.40806897031e-05, 8.86553098098e-05, 9.35120478971e-05, 2.13237399294e-05], "dmean": [4.72643914691e-05, 0.00350821646862, 0.00542345223948, 0.00079483713489, 0.000668364751618, 0.000372212467482, 0.000619688187726, 0.000403583981097, 0.00030858424725, 0.000288796436507, 0.000179181777639, 0.000165406119777, 0.00024813102209, 0.000237633037614, 0.000209605277632, 0.000165602366906, 0.000153516812134, 0.000152655644342, 0.000164093798958, 0.000161412899615, 0.000206253622309, 0.000126026265207, 8.13521037344e-05, 5.92583746766e-05, 5.92275100644e-05, 6.58365388517e-05, 1.46515221786e-05], "var": [1.83507147256e-08, 7.66981538618e-05, 0.000331619929057, 4.77551429867e-06, 3.24423103848e-06, 2.03969125323e-06, 5.87369368077e-06, 3.33990510626e-06, 2.93403127216e-06, 2.34047729464e-06, 6.44963108698e-07, 7.64190644986e-07, 1.22440724226e-06, 1.5873247321e-06, 9.48444153437e-07, 5.34393223006e-07, 3.27515493836e-07, 2.37587215679e-07, 3.20767611584e-07, 2.63865814532e-07, 3.72622139366e-07, 1.65929961327e-07, 6.21577100901e-08, 3.13263832652e-08, 4.43475443035e-08, 5.93872293564e-08, 3.34018834813e-09], "dvar": [1.98906171534e-08, 5.88325201534e-05, 0.000297525344649, 8.0752042777e-06, 3.56687473868e-06, 1.378013053e-06, 4.76413060824e-06, 2.09303357224e-06, 1.30838418499e-06, 1.19195431125e-06, 3.6922591562e-07, 3.50312717501e-07, 7.31889429062e-07, 5.59239254017e-07, 4.20244191446e-07, 2.66657735892e-07, 1.84057412866e-07, 1.38147129292e-07, 1.61061208814e-07, 1.39893060691e-07, 3.30313810082e-07, 1.17721022264e-07, 4.598306802e-08, 2.00083594137e-08, 5.52473835569e-08, 3.65156331839e-08, 3.81092579715e-09], "mean": [4.30929212598e-05, 0.0037684335839, 0.00483603356406, 0.000536189996637, 0.0006068139337, 0.000502203125507, 0.000830182281788, 0.000537128245924, 0.000427313847467, 0.00043059932068, 0.000228949254961, 0.000206892524147, 0.000318751757732, 0.000359887926606, 0.000295489240671, 0.000230139048654, 0.000220231959247, 0.000204741387279, 0.000250216078712, 0.000230783392908, 0.000226218820899, 0.000162228840054, 0.000104442173324, 8.49986608955e-05, 7.8167366155e-05, 9.25751737668e-05, 1.88078556675e-05]}, "melbands_flatness_db": {"min": 4.53005839063e-07, "max": 0.653498530388, "dvar2": 0.00554657634348, "median": 0.19400639832, "dmean2": 0.0748077780008, "dmean": 0.0529299378395, "var": 0.0109135787934, "dvar": 0.0028061599005, "mean": 0.207176029682}, "melbands_skewness": {"min": -6.10489177704, "max": 21.7214431763, "dvar2": 7.21079540253, "median": 2.61678028107, "dmean2": 2.31971287727, "dmean": 1.56199002266, "var": 8.8348493576, "dvar": 3.27674126625, "mean": 3.20963311195}, "barkbands_skewness": {"min": -8.99712467194, "max": 35.3890151978, "dvar2": 8.42147445679, "median": 1.48520648479, "dmean2": 1.97882914543, "dmean": 1.33278512955, "var": 7.52844285965, "dvar": 3.62467813492, "mean": 1.85204446316}, "silence_rate_60dB": {"min": 0, "max": 1, "dvar2": 0.202722728252, "median": 0, "dmean2": 0.230706080794, "dmean": 0.115341201425, "var": 0.242672845721, "dvar": 0.102037787437, "mean": 0.414426445961}, "spectral_energyband_low": {"min": 3.15062241858e-23, "max": 0.190713733435, "dvar2": 0.000955150055233, "median": 0.000151044485392, "dmean2": 0.013305847533, "dmean": 0.0086676934734, "var": 0.000582397216931, "dvar": 0.000476701185107, "mean": 0.00899507384747}, "spectral_energyband_middle_low": {"min": 1.91335347419e-22, "max": 0.0727053210139, "dvar2": 9.40981626627e-05, "median": 0.000871831434779, "dmean2": 0.0040954449214, "dmean": 0.00256402115338, "var": 4.3220268708e-05, "dvar": 3.67158390873e-05, "mean": 0.00352813932113}, "melbands_kurtosis": {"min": -1.93119108677, "max": 755.645019531, "dvar2": 6704.93310547, "median": 10.2557525635, "dmean2": 37.8882522583, "dmean": 23.3913993835, "var": 3206.42285156, "dvar": 2675.9699707, "mean": 28.9855899811}, "spectral_decrease": {"min": -5.70970577485e-08, "max": 9.50067457974e-14, "dvar2": 7.39053650359e-17, "median": -1.07266928673e-09, "dmean2": 4.10874934076e-09, "dmean": 2.82528334061e-09, "var": 6.00330300027e-17, "dvar": 3.96247008896e-17, "mean": -3.86065490687e-09}, "erbbands_kurtosis": {"min": -1.85445225239, "max": 460.551422119, "dvar2": 270.98260498, "median": 0.309424757957, "dmean2": 4.95566606522, "dmean": 3.13725757599, "var": 162.54800415, "dvar": 117.344841003, "mean": 2.99277281761}, "melbands_crest": {"min": 1.00027382374, "max": 36.6154632568, "dvar2": 41.4641571045, "median": 17.7683067322, "dmean2": 7.70914411545, "dmean": 4.95926904678, "var": 52.7634429932, "dvar": 19.3159694672, "mean": 17.8167743683}, "gfcc": {"cov": [[35255.7460938, 418.011657715, -1564.78088379, 1106.67480469, -503.605072021, 455.026000977, -591.581726074, -150.620635986, -750.631347656, -136.434631348, -736.289245605, -255.425521851, -399.460906982], [418.011657715, 2845.55029297, 47.7040176392, -132.372970581, 248.175827026, -284.71862793, 125.63205719, 20.6959667206, 88.3434295654, -153.395324707, 168.166091919, 17.8153400421, 150.702423096], [-1564.78088379, 47.7040176392, 2644.70556641, 903.877807617, 531.363708496, 336.528747559, 19.2390785217, 38.4487991333, -38.2486228943, -117.063774109, -254.823959351, 34.5580825806, -44.071685791], [1106.67480469, -132.372970581, 903.877807617, 955.530334473, 464.827087402, 216.335037231, -20.0143928528, -0.189884141088, -58.262096405, -74.7664718628, -200.177886963, 6.35853862762, -17.211605072], [-503.605072021, 248.175827026, 531.363708496, 464.827087402, 734.601379395, 202.458602905, 106.623329163, 12.9379959106, 3.58880186081, -63.4141273499, -133.636657715, 22.8732833862, -9.73174667358], [455.026000977, -284.71862793, 336.528747559, 216.335037231, 202.458602905, 395.044219971, 148.859024048, 56.2335510254, -34.6886253357, -23.2555027008, -85.1689758301, -36.8830604553, -55.857925415], [-591.581726074, 125.63205719, 19.2390785217, -20.0143928528, 106.623329163, 148.859024048, 288.536407471, 106.972610474, 42.9595108032, 1.35287034512, 17.352350235, -35.1910514832, -44.265247345], [-150.620635986, 20.6959667206, 38.4487991333, -0.189884141088, 12.9379959106, 56.2335510254, 106.972610474, 192.461166382, 107.353713989, 23.9201927185, 18.656621933, -19.9520320892, -17.8364276886], [-750.631347656, 88.3434295654, -38.2486228943, -58.262096405, 3.58880186081, -34.6886253357, 42.9595108032, 107.353713989, 199.217956543, 79.8373260498, 63.0254669189, -5.47462177277, 8.64765548706], [-136.434631348, -153.395324707, -117.063774109, -74.7664718628, -63.4141273499, -23.2555027008, 1.35287034512, 23.9201927185, 79.8373260498, 147.667785645, 81.6106033325, 10.5584573746, -12.4053440094], [-736.289245605, 168.166091919, -254.823959351, -200.177886963, -133.636657715, -85.1689758301, 17.352350235, 18.656621933, 63.0254669189, 81.6106033325, 215.978088379, 61.620010376, 56.2523040771], [-255.425521851, 17.8153400421, 34.5580825806, 6.35853862762, 22.8732833862, -36.8830604553, -35.1910514832, -19.9520320892, -5.47462177277, 10.5584573746, 61.620010376, 130.293258667, 78.0065002441], [-399.460906982, 150.702423096, -44.071685791, -17.211605072, -9.73174667358, -55.857925415, -44.265247345, -17.8364276886, 8.64765548706, -12.4053440094, 56.2523040771, 78.0065002441, 154.097747803]], "icov": [[6.02332147537e-05, -0.000116629496915, 0.000115153343359, -0.000153231740114, 0.000173566004378, -0.000227499360335, 0.000222565344302, -0.000170792991412, 0.000246967858402, -0.000280111504253, 0.000343299703673, -0.000196968932869, 0.000196659049834], [-0.000116629496915, 0.000840240390971, -0.000327541842125, 0.000392598536564, -0.000766957818996, 0.0011230163509, -0.00081479572691, 0.000433236826211, -0.000676506315358, 0.00158075569198, -0.00158003950492, 0.00110153062269, -0.000814763014205], [0.000115153343359, -0.000327541842125, 0.000845806556754, -0.000756776134949, 0.000398716423661, -0.000814733968582, 0.000568675342947, -0.000360070465831, 0.000221404930926, -0.000420684198616, 0.00104979856405, -0.000991220935248, 0.000699991825968], [-0.000153231740114, 0.000392598536564, -0.000756776134949, 0.00261199730448, -0.00147126999218, 0.000297293707263, 0.0001305819751, -5.1927214372e-05, -0.000121369645058, 0.000466258468805, -0.000201374423341, 0.000668041175231, -0.000879826373421], [0.000173566004378, -0.000766957818996, 0.000398716423661, -0.00147126999218, 0.00333655043505, -0.00158353790175, -0.000258978456259, 0.000488040066557, -0.00048168329522, -0.000892782176379, 0.00261960900389, -0.00238986266777, 0.000977164483629], [-0.000227499360335, 0.0011230163509, -0.000814733968582, 0.000297293707263, -0.00158353790175, 0.00601968215778, -0.00326764909551, -0.000212799190194, 0.000644333660603, 0.00103026512079, -0.0015079297591, 0.00204974715598, -0.00120943330694], [0.000222565344302, -0.00081479572691, 0.000568675342947, 0.0001305819751, -0.000258978456259, -0.00326764909551, 0.00744229229167, -0.00343324523419, 0.00126778986305, -0.000651881098747, -0.000216976914089, -3.01467280224e-05, 0.00206147320569], [-0.000170792991412, 0.000433236826211, -0.000360070465831, -5.1927214372e-05, 0.000488040066557, -0.000212799190194, -0.00343324523419, 0.0105100311339, -0.00662725884467, 0.00255178404041, -0.000889789429493, 0.000156902373419, 3.14905046253e-05], [0.000246967858402, -0.000676506315358, 0.000221404930926, -0.000121369645058, -0.00048168329522, 0.000644333660603, 0.00126778986305, -0.00662725884467, 0.0121656581759, -0.00658817309886, 0.000748145685066, 0.00144894258119, -0.00106786133256], [-0.000280111504253, 0.00158075569198, -0.000420684198616, 0.000466258468805, -0.000892782176379, 0.00103026512079, -0.000651881098747, 0.00255178404041, -0.00658817309886, 0.014949824661, -0.00696893315762, 0.000682687445078, 0.0018564913189], [0.000343299703673, -0.00158003950492, 0.00104979856405, -0.000201374423341, 0.00261960900389, -0.0015079297591, -0.000216976914089, -0.000889789429493, 0.000748145685066, -0.00696893315762, 0.0134141501039, -0.0060455580242, -0.000272985140327], [-0.000196968932869, 0.00110153062269, -0.000991220935248, 0.000668041175231, -0.00238986266777, 0.00204974715598, -3.01467280224e-05, 0.000156902373419, 0.00144894258119, 0.000682687445078, -0.0060455580242, 0.0152941802517, -0.00675675133243], [0.000196659049834, -0.000814763014205, 0.000699991825968, -0.000879826373421, 0.000977164483629, -0.00120943330694, 0.00206147320569, 3.14905046253e-05, -0.00106786133256, 0.0018564913189, -0.000272985140327, -0.00675675133243, 0.011846434325]], "mean": [-138.061340332, 37.9537506104, -106.683921814, 20.680229187, -53.4295196533, 7.0236120224, -31.0711326599, 12.7989406586, -17.2175006866, 10.2339897156, -9.32927417755, 2.62253475189, -12.4783725739]}, "melbands_spread": {"min": 0.217626139522, "max": 325.054016113, "dvar2": 1484.19213867, "median": 18.2481822968, "dmean2": 25.8247032166, "dmean": 17.035867691, "var": 1594.77172852, "dvar": 700.260620117, "mean": 32.4413642883}, "spectral_energy": {"min": 1.01431754378e-20, "max": 0.22216206789, "dvar2": 0.00107042666059, "median": 0.00473097106442, "dmean2": 0.0159403178841, "dmean": 0.011143467389, "var": 0.000955587718636, "dvar": 0.000588794588111, "mean": 0.0158332716674}, "mfcc": {"cov": [[27293.9550781, 1388.64404297, -1378.03479004, 725.950012207, -167.375808716, 336.072052002, -8.49027252197, -136.501800537, -147.305145264, -216.611907959, -211.711334229, -350.805450439, -457.251678467], [1388.64404297, 2480.41186523, 40.3749160767, 153.690872192, 64.3575134277, -180.251464844, 31.8833351135, 57.4607315063, -27.1171722412, -102.525665283, -16.6667289734, 8.86038398743, -49.5407562256], [-1378.03479004, 40.3749160767, 1627.13269043, 510.246856689, 476.654785156, 258.641113281, 130.201461792, 137.217285156, 145.997070312, -31.5908355713, -80.9190216064, 23.2169532776, -95.5855941772], [725.950012207, 153.690872192, 510.246856689, 716.027709961, 445.239105225, 225.665420532, 64.1499710083, 88.3777389526, 114.135803223, -49.9177894592, -78.608795166, -8.08501911163, -80.1540756226], [-167.375808716, 64.3575134277, 476.654785156, 445.239105225, 587.69354248, 273.045471191, 83.3321228027, 113.204208374, 146.559234619, -34.207069397, -74.9105529785, -1.76260066032, -83.443572998], [336.072052002, -180.251464844, 258.641113281, 225.665420532, 273.045471191, 367.678405762, 169.457183838, 95.1820907593, 91.5804519653, 3.79419064522, -18.3334140778, -33.5833053589, -72.6684570312], [-8.49027252197, 31.8833351135, 130.201461792, 64.1499710083, 83.3321228027, 169.457183838, 240.956207275, 132.269180298, 58.5504379272, 29.0796089172, 27.1345272064, -8.08395767212, -39.2723922729], [-136.501800537, 57.4607315063, 137.217285156, 88.3777389526, 113.204208374, 95.1820907593, 132.269180298, 200.179046631, 117.188148499, 27.3262062073, 26.3505210876, 15.2310829163, -26.5598087311], [-147.305145264, -27.1171722412, 145.997070312, 114.135803223, 146.559234619, 91.5804519653, 58.5504379272, 117.188148499, 187.448043823, 72.7739639282, 17.8748645782, 29.5847320557, -19.1780414581], [-216.611907959, -102.525665283, -31.5908355713, -49.9177894592, -34.207069397, 3.79419064522, 29.0796089172, 27.3262062073, 72.7739639282, 168.526672363, 96.9966506958, 37.0476150513, 29.8037128448], [-211.711334229, -16.6667289734, -80.9190216064, -78.608795166, -74.9105529785, -18.3334140778, 27.1345272064, 26.3505210876, 17.8748645782, 96.9966506958, 153.13949585, 70.8537521362, 41.9647102356], [-350.805450439, 8.86038398743, 23.2169532776, -8.08501911163, -1.76260066032, -33.5833053589, -8.08395767212, 15.2310829163, 29.5847320557, 37.0476150513, 70.8537521362, 139.788360596, 88.0412750244], [-457.251678467, -49.5407562256, -95.5855941772, -80.1540756226, -83.443572998, -72.6684570312, -39.2723922729, -26.5598087311, -19.1780414581, 29.8037128448, 41.9647102356, 88.0412750244, 168.450286865]], "icov": [[4.97191067552e-05, -3.40419464919e-05, 6.86152270646e-05, -0.000114974653115, 0.000127551335027, -0.000144649573485, 6.71324305586e-05, 1.19470632853e-06, 2.41141533479e-05, -2.71179851552e-05, 7.08574370947e-05, -4.05490973208e-05, 0.000136882183142], [-3.40419464919e-05, 0.000514544721227, -2.00354243134e-05, -8.24816597742e-05, -0.000278504419839, 0.000785441254266, -0.000481509865494, -1.70928160514e-05, -2.07338453038e-05, 0.000408359366702, -0.000291629403364, 3.81381614716e-05, 7.23322082194e-05], [6.86152270646e-05, -2.00354243134e-05, 0.000982823781669, -0.000492461316753, -0.00015543239715, -0.000202662558877, -0.000134673522552, -0.000116866853205, 0.000101776138763, -0.000193712709006, 0.000573351164348, -0.000664873397909, 0.000540004752111], [-0.000114974653115, -8.24816597742e-05, -0.000492461316753, 0.00314678205177, -0.00186477520037, -0.000192375126062, 0.000205676115002, -1.26336175299e-07, -0.00030044442974, 0.000344256783137, 0.000102033925941, -4.79071422888e-05, -0.000172742467839], [0.000127551335027, -0.000278504419839, -0.00015543239715, -0.00186477520037, 0.00529303215444, -0.00296588637866, 0.00149906752631, -0.000724176177755, -0.00124985689763, 0.000136587681482, 0.00166708719917, -0.00152134604286, 0.00107997562736], [-0.000144649573485, 0.000785441254266, -0.000202662558877, -0.000192375126062, -0.00296588637866, 0.0080180298537, -0.00522653991356, 0.00204610312358, -0.00168184214272, 0.00131900876295, -0.00174514332321, 0.00208861194551, -0.000356054661097], [6.71324305586e-05, -0.000481509865494, -0.000134673522552, 0.000205676115002, 0.00149906752631, -0.00522653991356, 0.0106034288183, -0.0066361897625, 0.00315929041244, -0.00216967402957, 0.000464918004582, -0.000561299792025, 0.000896791461855], [1.19470632853e-06, -1.70928160514e-05, -0.000116866853205, -1.26336175299e-07, -0.000724176177755, 0.00204610312358, -0.0066361897625, 0.0133990896866, -0.00813060626388, 0.00398531602696, -0.00336099416018, 0.00132202578243, -0.000463162752567], [2.41141533479e-05, -2.07338453038e-05, 0.000101776138763, -0.00030044442974, -0.00124985689763, -0.00168184214272, 0.00315929041244, -0.00813060626388, 0.0149085875601, -0.00808151066303, 0.00461076106876, -0.00404513534158, 0.00217683147639], [-2.71179851552e-05, 0.000408359366702, -0.000193712709006, 0.000344256783137, 0.000136587681482, 0.00131900876295, -0.00216967402957, 0.00398531602696, -0.00808151066303, 0.0143191553652, -0.00922950077802, 0.00372105673887, -0.00223952159286], [7.08574370947e-05, -0.000291629403364, 0.000573351164348, 0.000102033925941, 0.00166708719917, -0.00174514332321, 0.000464918004582, -0.00336099416018, 0.00461076106876, -0.00922950077802, 0.0165635179728, -0.00844736769795, 0.00257850065827], [-4.05490973208e-05, 3.81381614716e-05, -0.000664873397909, -4.79071422888e-05, -0.00152134604286, 0.00208861194551, -0.000561299792025, 0.00132202578243, -0.00404513534158, 0.00372105673887, -0.00844736769795, 0.0166462305933, -0.00798863824457], [0.000136882183142, 7.23322082194e-05, 0.000540004752111, -0.000172742467839, 0.00107997562736, -0.000356054661097, 0.000896791461855, -0.000463162752567, 0.00217683147639, -0.00223952159286, 0.00257850065827, -0.00798863824457, 0.0112479571253]], "mean": [-779.571411133, 76.392539978, 1.68880259991, 16.6978473663, 2.30605101585, -0.533725440502, 1.09917926788, 1.2481957674, 0.354301035404, 5.4702000618, 4.9109749794, 5.13300132751, 4.86175441742]}, "spectral_contrast_valleys": {"min": [-28.2986927032, -27.8178939819, -27.7801208496, -27.6997737885, -27.5261726379, -27.3304843903], "max": [-5.38864898682, -4.7239151001, -5.32408237457, -5.28663349152, -5.42956018448, -7.26482057571], "dvar2": [1.08963692188, 1.25632619858, 1.15199387074, 1.09887564182, 1.06382739544, 0.966859638691], "median": [-9.40500068665, -8.14515209198, -8.71183776855, -9.00995063782, -8.59925460815, -10.5314903259], "dmean2": [1.07189464569, 1.04111659527, 1.0036252737, 0.946676850319, 0.88856947422, 0.797428071499], "dmean": [0.802435696125, 0.741517364979, 0.723740398884, 0.710637032986, 0.69475454092, 0.665297269821], "var": [5.01127576828, 4.02358007431, 3.94381713867, 4.14494037628, 4.22235631943, 4.00729227066], "dvar": [0.720101892948, 0.680612266064, 0.645532667637, 0.664277672768, 0.636149644852, 0.583858132362], "mean": [-9.41217899323, -8.5867357254, -9.0531578064, -9.22643947601, -8.84576320648, -10.9547586441]}, "barkbands_flatness_db": {"min": 0.0151237882674, "max": 0.551622748375, "dvar2": 0.00411990564317, "median": 0.134946227074, "dmean2": 0.0633252561092, "dmean": 0.0439960621297, "var": 0.00691791297868, "dvar": 0.00202478910796, "mean": 0.15297730267}, "dynamic_complexity": 7.6781244278, "erbbands_flatness_db": {"min": 0.0254330597818, "max": 0.546956300735, "dvar2": 0.00235165539198, "median": 0.141213908792, "dmean2": 0.0435666516423, "dmean": 0.0320756956935, "var": 0.00713794771582, "dvar": 0.001341