{"lowlevel": {"spectral_complexity": {"min": 0, "max": 58, "dvar2": 31.897354126, "median": 8, "dmean2": 3.91519784927, "dmean": 2.643689394, "var": 96.9477615356, "dvar": 16.8669948578, "mean": 11.0094966888}, "silence_rate_20dB": {"min": 1, "max": 1, "dvar2": 0, "median": 1, "dmean2": 0, "dmean": 0, "var": 0, "dvar": 0, "mean": 1}, "average_loudness": 0.250292390585, "erbbands_spread": {"min": 1.70393300056, "max": 171.660217285, "dvar2": 192.060592651, "median": 29.3090019226, "dmean2": 11.6614980698, "dmean": 8.00539493561, "var": 394.809509277, "dvar": 98.1612625122, "mean": 32.5961990356}, "spectral_kurtosis": {"min": -1.28609085083, "max": 46.1965408325, "dvar2": 14.0911931992, "median": 4.22515773773, "dmean2": 3.20056724548, "dmean": 1.90970396996, "var": 15.0866317749, "dvar": 5.16208982468, "mean": 5.11370897293}, "barkbands_kurtosis": {"min": -1.90213465691, "max": 373.593505859, "dvar2": 172.405548096, "median": 1.22871422768, "dmean2": 5.25246620178, "dmean": 3.4569709301, "var": 235.777481079, "dvar": 80.2295761108, "mean": 5.50302457809}, "spectral_strongpeak": {"min": 0, "max": 19.6204986572, "dvar2": 2.39137625694, "median": 0.346491575241, "dmean2": 0.853943765163, "dmean": 0.523935735226, "var": 2.86792588234, "dvar": 0.963978230953, "mean": 1.04098284245}, "spectral_spread": {"min": 1389339.75, "max": 42785840, "dvar2": 1198152744960.0, "median": 3636814.5, "dmean2": 740473.5625, "dmean": 551243.4375, "var": 9465608798210.0, "dvar": 682901962752, "mean": 4313913.5}, "spectral_rms": {"min": 3.1368553588e-12, "max": 0.0162950810045, "dvar2": 2.95962263408e-06, "median": 0.00245823711157, "dmean2": 0.000973837450147, "dmean": 0.000709187122993, "var": 5.21358469996e-06, "dvar": 1.4956896166e-06, "mean": 0.00298891006969}, "erbbands": {"min": [7.96153198538e-23, 4.96765982587e-22, 3.87585492652e-21, 5.97394240861e-21, 1.39019447258e-20, 1.70811907919e-20, 5.15421732678e-20, 1.02685212503e-19, 8.79905363291e-20, 1.89975727852e-19, 3.22937153104e-19, 4.36382544272e-19, 6.51615560044e-19, 8.08077961981e-19, 1.18817629394e-18, 1.46757267585e-18, 1.9591018006e-18, 2.23001565213e-18, 2.58344035616e-18, 2.32928104795e-18, 4.79163932643e-18, 4.54473211744e-18, 7.07751448532e-18, 7.37532928434e-18, 8.98241217436e-18, 6.39306306028e-18, 9.39907793815e-18, 1.04987119921e-17, 1.27122522744e-17, 1.20566586994e-17, 1.14582315765e-17, 1.03461666523e-17, 8.57672227011e-18, 7.88384022027e-18, 6.20857324595e-18, 4.77761158401e-18, 2.3333915152e-18, 9.42131627533e-19, 2.38521277792e-19, 2.80017601014e-20], "max": [2.96456193924, 21.0087890625, 30.3401069641, 371.640625, 386.992950439, 66.273765564, 135.418106079, 287.418670654, 402.208251953, 1074.49169922, 1249.61755371, 1124.56738281, 1603.87414551, 4668.27490234, 3252.49609375, 2186.13623047, 3137.83422852, 2488.76098633, 3639.61425781, 2059.59765625, 1372.3001709, 2705.76538086, 702.930419922, 1000.43353271, 896.668334961, 594.688964844, 326.4375, 374.612457275, 280.294372559, 288.824523926, 178.369033813, 207.73866272, 83.3220901489, 33.9453735352, 16.7243671417, 13.9408311844, 3.40934467316, 0.828123569489, 0.173193201423, 0.00973423477262], "dvar2": [0.123535566032, 4.96899175644, 20.2975769043, 948.260192871, 702.669921875, 36.9922485352, 64.4633789062, 980.46307373, 1051.27661133, 4535.47265625, 5030.65380859, 2793.72729492, 8135.81689453, 24431.4960938, 35022.34375, 7643.18603516, 11835.7666016, 14288.3857422, 14463.8857422, 6711.95849609, 3335.85791016, 8562.29980469, 1494.61633301, 1958.83447266, 1609.92651367, 603.253173828, 261.029388428, 295.370544434, 171.020050049, 178.302963257, 80.1349029541, 52.9033546448, 9.47604656219, 0.925621628761, 0.361965864897, 0.244791612029, 0.0401527844369, 0.00338232819922, 0.000273351208307, 8.86669454303e-07], "median": [0.00611454062164, 0.129074722528, 0.39727640152, 0.212876558304, 0.196961522102, 0.286147803068, 0.520270884037, 1.51877713203, 1.96827089787, 2.78596568108, 1.68851518631, 2.01650047302, 3.09897017479, 1.96606338024, 2.90726232529, 2.64701581001, 2.35389280319, 4.05664730072, 3.40216445923, 3.79382562637, 2.93563556671, 2.62644267082, 2.6526093483, 2.932472229, 1.93321847916, 1.54582238197, 1.30621314049, 0.800689518452, 0.613152801991, 0.435105323792, 0.267765879631, 0.150710523129, 0.0664876401424, 0.0160780996084, 0.00457160361111, 0.00135513790883, 0.000361332786269, 5.95283781877e-05, 1.32406103148e-05, 1.06286443042e-05], "dmean2": [0.0842339023948, 0.559795737267, 1.42884290218, 6.22883415222, 5.17897748947, 1.89993214607, 2.7766315937, 10.3904123306, 11.1109218597, 18.8779201508, 17.4560890198, 14.3665246964, 24.7022857666, 33.8813362122, 37.1839523315, 18.3727989197, 19.4511241913, 30.5327854156, 25.1812458038, 20.0346431732, 14.4739370346, 18.8684406281, 11.9213237762, 15.0729627609, 11.2362518311, 7.31860733032, 5.03723096848, 4.44598054886, 3.45732665062, 2.95802974701, 1.91971325874, 1.29961264133, 0.635006189346, 0.279529124498, 0.19083674252, 0.142424345016, 0.0554264374077, 0.0164997633547, 0.00451552635059, 0.000257009989582], "dmean": [0.0551261715591, 0.344949543476, 0.880068302155, 4.00945615768, 3.12755465508, 1.17435646057, 1.72838687897, 6.30767726898, 7.22295713425, 12.361831665, 11.2602367401, 9.44968414307, 16.4532756805, 22.3919487, 24.2754631042, 12.3636064529, 13.4164915085, 19.4921836853, 16.2399253845, 12.3267812729, 9.08278846741, 11.7423534393, 7.41576433182, 9.55084323883, 7.29573965073, 4.62966632843, 3.25614261627, 2.87507033348, 2.30790448189, 1.96193575859, 1.33259499073, 0.904059767723, 0.445928007364, 0.212595999241, 0.144826605916, 0.106107212603, 0.0417499616742, 0.0123522123322, 0.00327043118887, 0.000183265583473], "var": [0.064224332571, 1.81911444664, 7.31131649017, 394.875579834, 237.091522217, 16.2862682343, 30.3620910645, 386.615905762, 644.037841797, 3331.08911133, 3862.61328125, 2474.07299805, 6572.3359375, 23788.8261719, 28684.6074219, 7177.63769531, 11603.5625, 13718.4072266, 15802.5439453, 3233.49365234, 2179.67553711, 8205.02636719, 1319.18786621, 1711.88793945, 1148.35339355, 392.898193359, 177.593444824, 178.282913208, 124.212745667, 122.923866272, 55.9074859619, 33.050453186, 7.9556221962, 1.3327600956, 0.511121213436, 0.262707680464, 0.0416665077209, 0.00345894927159, 0.000220581277972, 6.35620324374e-07], "dvar": [0.0590878538787, 1.94484686852, 7.77404260635, 395.717224121, 278.619049072, 14.598367691, 25.7841663361, 366.123779297, 433.023742676, 1966.3223877, 2122.1640625, 1283.30407715, 3387.36621094, 10453.1484375, 14431.9892578, 3271.96044922, 5488.12988281, 6141.8984375, 5703.69775391, 2518.92993164, 1422.83203125, 3362.65356445, 596.645385742, 900.498657227, 721.7109375, 270.976287842, 116.380432129, 131.573257446, 79.2310409546, 82.0383300781, 36.6901321411, 22.878742218, 4.24616098404, 0.554115116596, 0.216314643621, 0.135507553816, 0.0217492859811, 0.00187220994849, 0.000139316383866, 4.30574374377e-07], "mean": [0.0650138556957, 0.543704092503, 1.20496284962, 3.85474395752, 2.80635976791, 1.5221221447, 2.23157405853, 8.32410430908, 10.8480949402, 19.3377742767, 18.202129364, 14.3435707092, 25.5968971252, 35.0483436584, 36.8122291565, 19.4835891724, 20.847694397, 30.3665657043, 26.2451591492, 17.4832210541, 13.4131641388, 18.5937633514, 12.8628349304, 14.6570625305, 11.2568759918, 7.37583971024, 5.18862295151, 4.27313184738, 3.67345285416, 3.12001228333, 2.05382061005, 1.34837555885, 0.686712801456, 0.325907409191, 0.20941516757, 0.144829243422, 0.0560673587024, 0.0161938276142, 0.00388667313382, 0.000220723988605]}, "zerocrossingrate": {"min": 0.00341796875, "max": 0.5263671875, "dvar2": 0.00023461478122, "median": 0.05712890625, "dmean2": 0.0116180526093, "dmean": 0.0103206010535, "var": 0.0028127739206, "dvar": 0.000220624628128, "mean": 0.06617449224}, "spectral_contrast_coeffs": {"min": [-0.979158937931, -0.976265251637, -0.978226602077, -0.971341431141, -0.967455625534, -0.965715169907], "max": [-0.331516981125, -0.367522269487, -0.375336766243, -0.488796800375, -0.550755977631, -0.576233565807], "dvar2": [0.00401500193402, 0.00384590076283, 0.00255558616482, 0.00171388592571, 0.000982390600257, 0.000877776998095], "median": [-0.707976818085, -0.722828507423, -0.759511709213, -0.765018165112, -0.77740073204, -0.745852828026], "dmean2": [0.0666478723288, 0.0702499449253, 0.0601816512644, 0.0508344955742, 0.037398878485, 0.0292504411191], "dmean": [0.0411143116653, 0.0448635518551, 0.0394105762243, 0.0324903093278, 0.0235103238374, 0.0192297343165], "var": [0.00761621817946, 0.00947759021074, 0.00787157099694, 0.0045631043613, 0.003100998234, 0.00315243843943], "dvar": [0.00171626231167, 0.00165733601898, 0.00116846477613, 0.000757568748668, 0.000422343960963, 0.000407213519793], "mean": [-0.696931898594, -0.711478531361, -0.746963441372, -0.759062290192, -0.77575802803, -0.753254175186]}, "dissonance": {"min": 0.130885571241, "max": 0.5, "dvar2": 0.00146347063128, "median": 0.466572225094, "dmean2": 0.0352856367826, "dmean": 0.0214346311986, "var": 0.00153127196245, "dvar": 0.000562733621337, "mean": 0.455466598272}, "spectral_energyband_high": {"min": 7.06111259237e-21, "max": 0.0210628136992, "dvar2": 1.57068677709e-06, "median": 9.65043946053e-05, "dmean2": 0.000377700780518, "dmean": 0.000275611499092, "var": 1.56016278652e-06, "dvar": 7.91260333699e-07, "mean": 0.000498479115777}, "spectral_skewness": {"min": -0.502579748631, "max": 5.4469666481, "dvar2": 0.168602332473, "median": 1.44366109371, "dmean2": 0.403242886066, "dmean": 0.253456622362, "var": 0.336893796921, "dvar": 0.0687366873026, "mean": 1.52631914616}, "spectral_flux": {"min": 6.29622395887e-11, "max": 0.469147771597, "dvar2": 0.00343757867813, "median": 0.0355674773455, "dmean2": 0.035762116313, "dmean": 0.0230409447104, "var": 0.00346747948788, "dvar": 0.00147443369497, "mean": 0.0571011565626}, "silence_rate_30dB": {"min": 0, "max": 1, "dvar2": 0.0180055387318, "median": 1, "dmean2": 0.0144927538931, "dmean": 0.00724566727877, "var": 0.00622652238235, "dvar": 0.00719373254105, "mean": 0.993734061718}, "spectral_energyband_middle_high": {"min": 1.22311446997e-21, "max": 0.130374386907, "dvar2": 8.42522422317e-05, "median": 0.00100556225516, "dmean2": 0.00326823676005, "dmean": 0.00216954783536, "var": 0.000111180685053, "dvar": 3.4865730413e-05, "mean": 0.00490648671985}, "barkbands_spread": {"min": 0.382038414478, "max": 119.269622803, "dvar2": 129.532852173, "median": 19.7146129608, "dmean2": 8.96132278442, "dmean": 5.89899682999, "var": 224.394973755, "dvar": 57.9382514954, "mean": 22.3149604797}, "spectral_centroid": {"min": 163.6978302, "max": 11751.3017578, "dvar2": 236944.890625, "median": 1452.02001953, "dmean2": 397.376556396, "dmean": 262.301086426, "var": 1038221.5, "dvar": 115799.703125, "mean": 1569.15856934}, "pitch_salience": {"min": 0.0849515944719, "max": 0.964293122292, "dvar2": 0.0130275106058, "median": 0.489017486572, "dmean2": 0.109695129097, "dmean": 0.0688315406442, "var": 0.0166931245476, "dvar": 0.00509280851111, "mean": 0.489610552788}, "erbbands_skewness": {"min": -5.09293603897, "max": 7.18771362305, "dvar2": 0.481166988611, "median": 0.272091984749, "dmean2": 0.676146864891, "dmean": 0.44759234786, "var": 0.994729280472, "dvar": 0.221433967352, "mean": 0.343282788992}, "erbbands_crest": {"min": 2.46697044373, "max": 33.3374633789, "dvar2": 21.4898433685, "median": 9.73384094238, "dmean2": 5.06008291245, "dmean": 3.1812505722, "var": 32.9562072754, "dvar": 8.8655424118, "mean": 11.2033500671}, "melbands": {"min": [8.35144163391e-25, 1.57267517141e-24, 1.44854997873e-24, 1.55777812486e-24, 1.42625824866e-24, 2.26664981619e-24, 1.36950453831e-24, 2.62926965001e-24, 2.34270507935e-24, 2.06613655965e-24, 3.06997547218e-24, 2.31844701487e-24, 3.94710774333e-24, 3.19657325076e-24, 2.94630338149e-24, 3.98886688421e-24, 3.2842762424e-24, 3.41858079759e-24, 3.00900796269e-24, 3.63490105173e-24, 4.5817893345e-24, 4.0911805659e-24, 4.99483572118e-24, 5.49334493176e-24, 4.76515295217e-24, 6.07025705554e-24, 5.47478697896e-24, 3.79921367854e-24, 4.90795294767e-24, 4.77959738978e-24, 5.35434921798e-24, 6.46187679675e-24, 5.46594069277e-24, 6.45135260341e-24, 6.0750280863e-24, 6.19501067454e-24, 6.08717851639e-24, 5.04608564761e-24, 5.81759437393e-24, 6.50788750348e-24], "max": [0.0242486093193, 0.0211072228849, 0.0627686232328, 0.0141717419028, 0.00474933255464, 0.00595807284117, 0.00681465212256, 0.0121225593612, 0.0109230093658, 0.00613527186215, 0.00863478612155, 0.0190047584474, 0.016571842134, 0.00388913275674, 0.00697899283841, 0.00547788245603, 0.005710397847, 0.00803674198687, 0.00238355994225, 0.00220739492215, 0.00160972995218, 0.00365496962331, 0.00144745840225, 0.00082460232079, 0.000978777650744, 0.00134101475123, 0.000863479683176, 0.000242185458774, 0.000216898828512, 0.000206380049349, 0.000231836907915, 0.000181626339327, 0.000145705707837, 0.000176313551492, 0.000118894422485, 0.00010666786693, 0.000157227506861, 7.77846362325e-05, 3.55286028935e-05, 3.39775215252e-05], "dvar2": [7.88909983385e-06, 5.65904701944e-06, 2.51673427556e-05, 1.08689653189e-06, 6.76457787563e-08, 4.26867984515e-07, 2.46385724267e-07, 5.36430832199e-07, 3.16430742942e-07, 1.12302323885e-07, 2.25879631444e-07, 3.929644663e-07, 7.63828268191e-07, 4.6435058465e-08, 9.28527015276e-08, 6.65878374662e-08, 5.7543111609e-08, 5.86107411493e-08, 1.1236551245e-08, 1.24451107197e-08, 6.65300481373e-09, 1.47594834132e-08, 1.91447102615e-09, 2.22285656548e-09, 1.66797886614e-09, 2.04674299731e-09, 8.83422779374e-10, 1.9342399904e-10, 1.15256554301e-10, 1.00559734151e-10, 1.17608839334e-10, 6.75885805657e-11, 5.05063699197e-11, 7.39370925595e-11, 3.71565105073e-11, 1.59153350221e-11, 2.45254806047e-11, 7.69424454705e-12, 1.31853577535e-12, 7.25147643755e-13], "median": [9.6534997283e-05, 0.000238913111389, 4.02563528041e-05, 1.87832411029e-05, 1.6468562535e-05, 3.37860692525e-05, 3.23498461512e-05, 2.49358308793e-05, 1.04278915387e-05, 1.2142390915e-05, 1.35257741931e-05, 5.86041642237e-06, 7.63175012253e-06, 6.55884514345e-06, 4.68878897664e-06, 5.15766168974e-06, 6.31139982943e-06, 3.88413536712e-06, 4.55360441265e-06, 3.33872981173e-06, 2.68055441666e-06, 2.31441072174e-06, 1.76023650056e-06, 3.06050128529e-06, 2.13256180359e-06, 1.39706207847e-06, 1.21225377825e-06, 8.06373350315e-07, 7.08870061317e-07, 5.58526267014e-07, 3.93197524318e-07, 2.60007340103e-07, 3.8956451931e-07, 1.44802910995e-07, 1.50172937197e-07, 1.14495009029e-07, 6.80530760633e-08, 4.80014676896e-08, 2.16449222989e-08, 1.09192095366e-08], "dmean2": [0.000695480790455, 0.0007309668581, 0.00100928382017, 0.0002317118051, 9.13343392313e-05, 0.000224087998504, 0.000174762448296, 0.000204858966754, 0.00013830345415, 9.59473254625e-05, 0.000127328443341, 0.000137952374644, 0.000158656446729, 5.801806401e-05, 4.96112988913e-05, 5.00579917571e-05, 5.89177543588e-05, 4.55725676147e-05, 2.80883086816e-05, 2.43325375777e-05, 1.91842118511e-05, 2.17753295146e-05, 1.18576672321e-05, 1.49737816173e-05, 1.3028057765e-05, 1.13011728899e-05, 7.03786008671e-06, 4.61127956441e-06, 3.39947087014e-06, 2.81414941128e-06, 2.7556779969e-06, 2.13820203498e-06, 1.95365123545e-06, 1.76145931619e-06, 1.28788474285e-06, 8.6007577238e-07, 8.2564662307e-07, 5.20511491686e-07, 3.11454726898e-07, 2.32247955978e-07], "dmean": [0.000454237189842, 0.000453924236353, 0.000642826140393, 0.000139160154504, 5.6721164583e-05, 0.000137337046908, 0.000113423593575, 0.00013414552086, 8.94266850082e-05, 6.35075994069e-05, 8.46402836032e-05, 9.19329104363e-05, 0.000100256329461, 3.85957609979e-05, 3.21439110849e-05, 3.42375824403e-05, 3.77318210667e-05, 2.93226075883e-05, 1.763380169e-05, 1.50427795234e-05, 1.18386560644e-05, 1.35664877234e-05, 7.52531559556e-06, 9.11181450647e-06, 8.19402612251e-06, 7.08243078407e-06, 4.55342069472e-06, 2.85678947876e-06, 2.1492594442e-06, 1.82052667697e-06, 1.73828982497e-06, 1.40763427225e-06, 1.26403563172e-06, 1.15252112209e-06, 8.71114082202e-07, 5.88558634718e-07, 5.62032369089e-07, 3.50908891278e-07, 2.21564604885e-07, 1.73983650598e-07], "var": [4.02006753575e-06, 1.99447617888e-06, 1.03796146504e-05, 3.55277506969e-07, 3.2160361485e-08, 1.79228294428e-07, 1.51890020561e-07, 3.84109142715e-07, 2.68159851657e-07, 1.0014684193e-07, 1.81124519827e-07, 3.92249376091e-07, 5.68895643482e-07, 3.99914767968e-08, 9.84835324402e-08, 5.60765052171e-08, 5.28082715334e-08, 6.67590782655e-08, 7.13922654327e-09, 4.95958873969e-09, 4.12871781208e-09, 1.34175310862e-08, 1.73139658166e-09, 1.78909931314e-09, 1.2671975691e-09, 1.23796184415e-09, 4.94218610481e-10, 1.23028628951e-10, 7.59129079042e-11, 5.84995246689e-11, 6.48855275065e-11, 4.46771543372e-11, 3.70962982554e-11, 4.43863140687e-11, 2.25020592437e-11, 1.21273503392e-11, 1.33278240874e-11, 5.05652941393e-12, 1.84820474897e-12, 8.36536243921e-13], "dvar": [3.66273002328e-06, 2.14757324102e-06, 1.05056251414e-05, 4.23615119871e-07, 2.69715076939e-08, 1.61613414207e-07, 1.01560885923e-07, 2.30329874285e-07, 1.36745924806e-07, 5.17895095697e-08, 9.33702963835e-08, 1.71998564724e-07, 3.02618531123e-07, 2.16547402232e-08, 3.73984043733e-08, 3.22181392676e-08, 2.4744736038e-08, 2.32554828727e-08, 4.58136373283e-09, 4.72382977179e-09, 2.81759748866e-09, 5.85633896932e-09, 9.16680897856e-10, 8.40094549481e-10, 7.60565388447e-10, 8.95532148437e-10, 3.86922327511e-10, 8.46217956818e-11, 5.06511048382e-11, 4.33056542015e-11, 5.14077114211e-11, 3.05789178701e-11, 2.32768786884e-11, 3.25732635309e-11, 1.6253009355e-11, 7.43984821666e-12, 1.01428084681e-11, 3.23263833236e-12, 7.11555217959e-13, 4.18882756172e-13], "mean": [0.000625853252131, 0.00068978802301, 0.000625145738013, 0.00013989317813, 7.45338111301e-05, 0.000183839918463, 0.000171454739757, 0.000208757643122, 0.000143404948176, 9.42574333749e-05, 0.000129292515339, 0.000138845090987, 0.000148906940012, 5.25286486663e-05, 5.22983064002e-05, 4.7467990953e-05, 5.50635813852e-05, 4.48924729426e-05, 2.50308967225e-05, 1.85304288607e-05, 1.56108562805e-05, 2.05062497116e-05, 1.07557034426e-05, 1.44722998812e-05, 1.1480383364e-05, 9.70574183157e-06, 6.56054498904e-06, 4.31564285464e-06, 3.25061091644e-06, 2.66831261797e-06, 2.39813039116e-06, 2.04484467758e-06, 2.06046070161e-06, 1.64762855093e-06, 1.270328994e-06, 8.8982875468e-07, 7.94555944594e-07, 5.11462758368e-07, 3.39764227419e-07, 2.5225938316e-07]}, "spectral_entropy": {"min": 4.9143409729, "max": 9.82647228241, "dvar2": 0.0714579224586, "median": 7.44963407516, "dmean2": 0.246224239469, "dmean": 0.173176258802, "var": 0.293685853481, "dvar": 0.0380993671715, "mean": 7.41068458557}, "spectral_rolloff": {"min": 64.599609375, "max": 19379.8828125, "dvar2": 1902030.5, "median": 1313.52539062, "dmean2": 817.142211914, "dmean": 491.881439209, "var": 3982673.5, "dvar": 906583, "mean": 1727.6751709}, "barkbands": {"min": [6.94988232437e-25, 3.47449486413e-24, 2.91794955119e-24, 1.85558702025e-24, 5.87094582581e-24, 1.13540095334e-23, 7.52475011512e-24, 1.28668175577e-23, 1.36622914839e-23, 1.38292586276e-23, 1.98221118623e-23, 3.00288107726e-23, 4.04827670896e-23, 3.37732558106e-23, 4.26574515014e-23, 7.60549823292e-23, 6.36504285846e-23, 1.02058671354e-22, 1.49404739733e-22, 1.32059670046e-22, 2.85476821401e-22, 3.44228960189e-22, 4.38306315557e-22, 4.76876539869e-22, 8.15073453059e-22, 1.32208008713e-21, 1.9154136507e-21], "max": [0.00564162107185, 0.0867514610291, 0.0381063558161, 0.178484410048, 0.0387114919722, 0.0284647066146, 0.045572951436, 0.0782970264554, 0.0677177682519, 0.0879611372948, 0.126078888774, 0.0523139722645, 0.0605799891055, 0.069114588201, 0.031533293426, 0.0229251179844, 0.0411335863173, 0.0149752292782, 0.0286023914814, 0.0153792183846, 0.00812623742968, 0.00735603924841, 0.00670613534749, 0.00808288529515, 0.00282759102993, 0.00199681776576, 0.000824345566798], "dvar2": [3.29539830091e-07, 9.58942327998e-05, 2.3566890377e-05, 0.000180577320862, 1.11813969852e-05, 8.20643253974e-06, 8.47765750223e-06, 1.23446561702e-05, 6.65042807668e-06, 1.30044454636e-05, 4.59148650407e-05, 4.95597032568e-06, 8.35237278807e-06, 8.20804325485e-06, 2.74493459074e-06, 1.79684536761e-06, 2.61550439973e-06, 7.26533130546e-07, 8.53689755331e-07, 3.43346869158e-07, 1.50678701516e-07, 1.36504425541e-07, 1.24724223838e-07, 7.32407698933e-08, 6.63203314488e-09, 1.11609761433e-08, 7.57382956351e-09], "median": [2.43212289206e-05, 0.000473424239317, 0.00022781820735, 4.17001101596e-05, 7.57794332458e-05, 0.000152066524606, 0.000136608548928, 7.21651449567e-05, 0.000104557337181, 5.11623911734e-05, 4.69644655823e-05, 5.21580150235e-05, 3.59878322342e-05, 7.87313911133e-05, 5.48884127056e-05, 6.31296716165e-05, 3.83307560696e-05, 5.84299232287e-05, 3.31457340508e-05, 3.17020530929e-05, 2.84228735836e-05, 1.77566616912e-05, 9.72974248725e-06, 4.78725451103e-06, 8.8770673301e-07, 2.35502710666e-07, 3.24961249021e-08], "dmean2": [0.000140108590131, 0.00246738316491, 0.00143304665107, 0.00254507618956, 0.000815191131551, 0.00100821407977, 0.000947890803218, 0.000898154801689, 0.000776871864218, 0.000866520626005, 0.00121678295545, 0.000475760083646, 0.00053354742704, 0.00068412872497, 0.000403774203733, 0.000341869541444, 0.000336056546075, 0.00027798715746, 0.000264029979007, 0.000159242801601, 0.000114456117444, 9.69118409557e-05, 7.47526792111e-05, 4.85822638439e-05, 2.52009722317e-05, 3.04621789837e-05, 2.39716355281e-05], "dmean": [9.67594096437e-05, 0.00159321690444, 0.000898774713278, 0.00160147459246, 0.000483125040773, 0.000620076956693, 0.000610185787082, 0.000587328278925, 0.000516973261256, 0.000580067222472, 0.000760589842685, 0.000308040675009, 0.000350084679667, 0.000428880739491, 0.000253623875324, 0.000210546553717, 0.000206015974982, 0.000170488288859, 0.000167576086824, 0.00010061658395, 7.48111197026e-05, 6.46050830255e-05, 5.09971941938e-05, 3.39984944731e-05, 1.94817257579e-05, 2.32870697801e-05, 1.75121986103e-05], "var": [1.83279482258e-07, 4.50776387879e-05, 9.71691588347e-06, 7.15800197213e-05, 3.3766591514e-06, 3.57613362212e-06, 5.36277730134e-06, 7.9711790022e-06, 6.5374724727e-06, 1.29574900711e-05, 3.40482474712e-05, 3.91874891648e-06, 6.71192947266e-06, 7.90621561464e-06, 1.74550564225e-06, 8.16008196125e-07, 2.3599029646e-06, 5.93077118083e-07, 6.06141043136e-07, 2.08299681503e-07, 1.00380567858e-07, 1.01058702739e-07, 8.50222932058e-08, 4.90417768617e-08, 1.01015569243e-08, 1.29977753005e-08, 6.3130003447e-09], "dvar": [1.61061521453e-07, 4.21491567977e-05, 9.47324588196e-06, 7.49847531551e-05, 4.1913667701e-06, 3.1371851037e-06, 3.54469807462e-06, 5.19871082361e-06, 3.08602670884e-06, 5.78403796681e-06, 1.77626807272e-05, 2.15073714571e-06, 3.81737436328e-06, 3.45153421222e-06, 1.09927827907e-06, 7.12850521722e-07, 1.01884347714e-06, 2.94434215675e-07, 3.83646323598e-07, 1.53674250214e-07, 6.82295890897e-08, 6.33924486237e-08, 5.69155353958e-08, 3.1641242515e-08, 4.15715861735e-09, 6.39912478562e-09, 3.89716348081e-09], "mean": [0.00011116573296, 0.00241199368611, 0.00107934721746, 0.00148011930287, 0.000513997569215, 0.000827561947517, 0.000899569015019, 0.000850518001243, 0.000779615656938, 0.000865078298375, 0.00112985284068, 0.000422865850851, 0.000472766259918, 0.000627974397503, 0.000353466137312, 0.000266013288638, 0.000309551222017, 0.000272854696959, 0.000239556655288, 0.000153650384163, 0.000116253249871, 0.000104692400782, 7.83590730862e-05, 5.12000042363e-05, 2.91718570224e-05, 3.20938452205e-05, 2.10251455428e-05]}, "melbands_flatness_db": {"min": 0.00355956424028, "max": 0.544850111008, "dvar2": 0.00169270299375, "median": 0.191908881068, "dmean2": 0.0366148278117, "dmean": 0.0250162426382, "var": 0.00719688553363, "dvar": 0.000776226748712, "mean": 0.20515461266}, "melbands_skewness": {"min": -5.17372083664, "max": 22.3276367188, "dvar2": 2.54840755463, "median": 1.70869255066, "dmean2": 1.1659463644, "dmean": 0.80782353878, "var": 5.42818689346, "dvar": 1.25898897648, "mean": 2.28902125359}, "barkbands_skewness": {"min": -9.448554039, "max": 15.4482707977, "dvar2": 1.1298148632, "median": 0.955968737602, "dmean2": 0.852726995945, "dmean": 0.589674532413, "var": 3.04343366623, "dvar": 0.556028664112, "mean": 1.26168513298}, "silence_rate_60dB": {"min": 0, "max": 1, "dvar2": 0.11828660965, "median": 0, "dmean2": 0.123580098152, "dmean": 0.0617839992046, "var": 0.22340837121, "dvar": 0.0579714030027, "mean": 0.336890548468}, "spectral_energyband_low": {"min": 1.58700307454e-23, "max": 0.143081232905, "dvar2": 0.00028121759533, "median": 0.00113189406693, "dmean2": 0.00517259445041, "dmean": 0.00342168589123, "var": 0.00013714612578, "dvar": 0.000123193894979, "mean": 0.00457503460348}, "spectral_energyband_middle_low": {"min": 1.63155115426e-22, "max": 0.220779895782, "dvar2": 0.00031881724135, "median": 0.00178231624886, "dmean2": 0.00568631896749, "dmean": 0.0036825267598, "var": 0.000161594594829, "dvar": 0.000134834801429, "mean": 0.00558587070554}, "melbands_kurtosis": {"min": -1.89624261856, "max": 761.464233398, "dvar2": 1407.83728027, "median": 4.39455604553, "dmean2": 13.1486024857, "dmean": 8.65452003479, "var": 1304.53210449, "dvar": 627.068847656, "mean": 15.1225795746}, "spectral_decrease": {"min": -6.94318273986e-08, "max": 1.71331185261e-28, "dvar2": 4.25961851128e-17, "median": -1.51000167925e-09, "dmean2": 2.68755173671e-09, "dmean": 1.80571735342e-09, "var": 3.06396069957e-17, "dvar": 1.8905515648e-17, "mean": -3.50992079845e-09}, "erbbands_kurtosis": {"min": -1.77556622028, "max": 77.6044082642, "dvar2": 14.8413619995, "median": 0.136774778366, "dmean2": 2.25551962852, "dmean": 1.42943668365, "var": 14.9064884186, "dvar": 6.55520772934, "mean": 1.23715281487}, "melbands_crest": {"min": 1.67811739445, "max": 34.3145866394, "dvar2": 25.093290329, "median": 14.7403182983, "dmean2": 5.04731941223, "dmean": 3.25321125984, "var": 35.9364089966, "dvar": 10.7473230362, "mean": 15.2585391998}, "gfcc": {"cov": [[19975.1953125, -600.53717041, -1009.69891357, 199.041152954, -748.270874023, -4.50809383392, 25.1891784668, 32.8345184326, -135.978378296, -42.8910560608, -225.840637207, -60.7576179504, -158.643005371], [-600.53717041, 1868.24243164, -257.56350708, 92.4950714111, 107.302101135, 6.69520378113, 76.7147216797, -85.4578475952, 150.875152588, -58.3485832214, 200.017623901, -99.6173706055, 117.16847229], [-1009.69891357, -257.56350708, 1796.59057617, 12.2071437836, 433.660614014, -10.3821277618, -59.0069656372, 23.0529327393, -152.165786743, 78.0057983398, -132.332870483, 85.1410217285, -57.4658660889], [199.041152954, 92.4950714111, 12.2071437836, 519.868225098, 47.5437850952, 99.4880599976, -2.98251247406, -13.727599144, 28.4801445007, -38.6905899048, 8.38482284546, -21.9497966766, 5.92231607437], [-748.270874023, 107.302101135, 433.660614014, 47.5437850952, 479.257659912, 67.0616607666, 66.3368530273, 16.6710510254, -50.144443512, 0.54721724987, -57.5990715027, 9.37992477417, -35.15832901], [-4.50809383392, 6.69520378113, -10.3821277618, 99.4880599976, 67.0616607666, 303.413726807, 101.560569763, 13.6662340164, 10.7254962921, -1.3395781517, 21.5334339142, -22.3396835327, -4.14914941788], [25.1891784668, 76.7147216797, -59.0069656372, -2.98251247406, 66.3368530273, 101.560569763, 226.327178955, 74.8195343018, 27.5121746063, -8.64353370667, 16.3164539337, -8.28547000885, -2.46223187447], [32.8345184326, -85.4578475952, 23.0529327393, -13.727599144, 16.6710510254, 13.6662340164, 74.8195343018, 165.190963745, 69.7493438721, 15.1846065521, -10.6934566498, 18.932094574, 1.00191891193], [-135.978378296, 150.875152588, -152.165786743, 28.4801445007, -50.144443512, 10.7254962921, 27.5121746063, 69.7493438721, 185.076919556, 57.4804344177, 65.1235275269, -23.0865650177, 24.1485919952], [-42.8910560608, -58.3485832214, 78.0057983398, -38.6905899048, 0.54721724987, -1.3395781517, -8.64353370667, 15.1846065521, 57.4804344177, 138.552688599, 52.9087181091, 8.34669589996, -23.4257450104], [-225.840637207, 200.017623901, -132.332870483, 8.38482284546, -57.5990715027, 21.5334339142, 16.3164539337, -10.6934566498, 65.1235275269, 52.9087181091, 170.171295166, 24.6322460175, 36.2952461243], [-60.7576179504, -99.6173706055, 85.1410217285, -21.9497966766, 9.37992477417, -22.3396835327, -8.28547000885, 18.932094574, -23.0865650177, 8.34669589996, 24.6322460175, 111.588844299, 40.0905647278], [-158.643005371, 117.16847229, -57.4658660889, 5.92231607437, -35.15832901, -4.14914941788, -2.46223187447, 1.00191891193, 24.1485919952, -23.4257450104, 36.2952461243, 40.0905647278, 120.578941345]], "icov": [[5.87410759181e-05, -1.69733229995e-05, 3.20182516589e-05, -4.94167434226e-05, 0.000115531976917, -1.05440549305e-05, -3.6856992665e-05, -4.36889786215e-05, 0.000108087224362, -0.000104720704257, 0.00014943118731, -5.43843088963e-05, 7.55085638957e-05], [-1.69733229995e-05, 0.000947832653765, -4.55365443486e-05, 3.61013080692e-05, -0.000562458357308, 0.000360867968993, -0.000287744507659, 0.000688137777615, -0.000800720881671, 0.000986997387372, -0.00134829746094, 0.00119466823526, -0.000769254227635], [3.20182516589e-05, -4.55365443486e-05, 0.00092185405083, -0.000130146596348, -0.00062706618337, -6.35009428152e-06, 0.000375702715246, -0.000432650878793, 0.000827788957395, -0.00105582200922, 0.000634043477476, -0.000473337888252, -4.40649382654e-05], [-4.94167434226e-05, 3.61013080692e-05, -0.000130146596348, 0.00230139563791, -0.00032305860077, -0.000801685790066, 0.000532927864697, 0.000383490754757, -0.00106544722803, 0.00132213358302, -0.000412719586166, 0.000109623681055, 0.000168779166415], [0.000115531976917, -0.000562458357308, -0.00062706618337, -0.00032305860077, 0.00356599851511, -0.000551952281967, -0.000993338879198, -0.000117189665616, 0.000647675653454, -0.000648496381473, 0.00159134645946, -0.00102475867607, 0.00102304725442], [-1.05440549305e-05, 0.000360867968993, -6.35009428152e-06, -0.000801685790066, -0.000551952281967, 0.00449604773894, -0.00203550537117, 0.000437333539594, 0.000174020693521, -3.95567913074e-05, -0.00106991117354, 0.00135803455487, -0.000551620847546], [-3.6856992665e-05, -0.000287744507659, 0.000375702715246, 0.000532927864697, -0.000993338879198, -0.00203550537117, 0.0070672230795, -0.00362978642806, 0.0007966728881, 0.00074335723184, -0.00112048001029, 0.000598715618253, 0.000321863451973], [-4.36889786215e-05, 0.000688137777615, -0.000432650878793, 0.000383490754757, -0.000117189665616, 0.000437333539594, -0.00362978642806, 0.011227414012, -0.00644851475954, 0.00142185529694, 0.00204542232677, -0.00330038415268, 0.000911609793548], [0.000108087224362, -0.000800720881671, 0.000827788957395, -0.00106544722803, 0.000647675653454, 0.000174020693521, 0.0007966728881, -0.00644851475954, 0.0126584293321, -0.00570929888636, -0.00154269498307, 0.00406467914581, -0.00289958459325], [-0.000104720704257, 0.000986997387372, -0.00105582200922, 0.00132213358302, -0.000648496381473, -3.95567913074e-05, 0.00074335723184, 0.00142185529694, -0.00570929888636, 0.0134019823745, -0.00504602724686, -0.000620081496891, 0.00362010742538], [0.00014943118731, -0.00134829746094, 0.000634043477476, -0.000412719586166, 0.00159134645946, -0.00106991117354, -0.00112048001029, 0.00204542232677, -0.00154269498307, -0.00504602724686, 0.0120482658967, -0.00490476656705, -0.000450717401691], [-5.43843088963e-05, 0.00119466823526, -0.000473337888252, 0.000109623681055, -0.00102475867607, 0.00135803455487, 0.000598715618253, -0.00330038415268, 0.00406467914581, -0.000620081496891, -0.00490476656705, 0.0155822029337, -0.00631478521973], [7.55085638957e-05, -0.000769254227635, -4.40649382654e-05, 0.000168779166415, 0.00102304725442, -0.000551620847546, 0.000321863451973, 0.000911609793548, -0.00289958459325, 0.00362010742538, -0.000450717401691, -0.00631478521973, 0.012908433564]], "mean": [-97.7281112671, 86.523475647, -130.843414307, 30.4893016815, -51.8259506226, 10.9165248871, -24.9822502136, 7.32784795761, -10.3749084473, 2.78263378143, -7.18961620331, -1.81955313683, -11.3343305588]}, "melbands_spread": {"min": 0.396779686213, "max": 265.140899658, "dvar2": 390.281158447, "median": 22.2892684937, "dmean2": 12.5683984756, "dmean": 8.2549238205, "var": 588.000976562, "dvar": 182.540802002, "mean": 27.5959644318}, "spectral_energy": {"min": 1.00858584453e-20, "max": 0.272167921066, "dvar2": 0.000656704476569, "median": 0.00619400246069, "dmean2": 0.0107441199943, "dmean": 0.00728226033971, "var": 0.000505674106535, "dvar": 0.000293577235425, "mean": 0.0145008256659}, "mfcc": {"cov": [[14164.0087891, -542.277404785, -833.134338379, 239.321533203, -794.083374023, -14.8592300415, -196.675949097, 140.606399536, -28.1501064301, 74.9466705322, -53.847076416, -50.9685707092, -3.68746376038], [-542.277404785, 1503.81848145, 44.1810417175, 72.1143417358, 141.364898682, 27.9364871979, 67.0264434814, -20.7381782532, -6.60836601257, 25.4619140625, 22.219247818, 31.9108886719, 20.2754993439], [-833.134338379, 44.1810417175, 884.474365234, 145.146057129, 261.92956543, 71.2227020264, 72.9830703735, -26.7476463318, 18.6391925812, -31.7930202484, -31.1816959381, 5.09058332443, -8.30526542664], [239.321533203, 72.1143417358, 145.146057129, 357.703857422, 134.103515625, 37.6615142822, 16.4843444824, 20.3451919556, 23.0071678162, -31.2412433624, -13.3755521774, 15.3907356262, -1.17012870312], [-794.083374023, 141.364898682, 261.92956543, 134.103515625, 365.091796875, 102.410743713, 73.578414917, 7.11463117599, 35.087436676, -24.5007343292, -3.55793476105, 7.64864730835, -11.9854402542], [-14.8592300415, 27.9364871979, 71.2227020264, 37.6615142822, 102.410743713, 238.907058716, 114.600105286, 32.5330314636, 2.19497942924, 18.3768692017, 18.9491119385, -1.37258243561, -8.33283901215], [-196.675949097, 67.0264434814, 72.9830703735, 16.4843444824, 73.578414917, 114.600105286, 200.193954468, 79.1064834595, 26.3823127747, 1.5708835125, 19.4649162292, -16.9391899109, -5.4510679245], [140.606399536, -20.7381782532, -26.7476463318, 20.3451919556, 7.11463117599, 32.5330314636, 79.1064834595, 165.327224731, 73.7630615234, 10.5020513535, 6.89712333679, -2.92191123962, -3.58863782883], [-28.1501064301, -6.60836601257, 18.6391925812, 23.0071678162, 35.087436676, 2.19497942924, 26.3823127747, 73.7630615234, 146.660583496, 36.7737579346, 15.0895700455, 4.04054403305, -4.58597660065], [74.9466705322, 25.4619140625, -31.7930202484, -31.2412433624, -24.5007343292, 18.3768692017, 1.5708835125, 10.5020513535, 36.7737579346, 130.692047119, 63.8542289734, 19.4831790924, 13.9991321564], [-53.847076416, 22.219247818, -31.1816959381, -13.3755521774, -3.55793476105, 18.9491119385, 19.4649162292, 6.89712333679, 15.0895700455, 63.8542289734, 132.536468506, 55.57447052, 19.4329624176], [-50.9685707092, 31.9108886719, 5.09058332443, 15.3907356262, 7.64864730835, -1.37258243561, -16.9391899109, -2.92191123962, 4.04054403305, 19.4831790924, 55.57447052, 127.552604675, 56.8692779541], [-3.68746376038, 20.2754993439, -8.30526542664, -1.17012870312, -11.9854402542, -8.33283901215, -5.4510679245, -3.58863782883, -4.58597660065, 13.9991321564, 19.4329624176, 56.8692779541, 125.26348877]], "icov": [[9.21677201404e-05, 1.39289777508e-05, 4.13640009356e-05, -0.000161369025591, 0.00023449328728, -0.000116941548185, 9.56292133196e-05, -8.97144855116e-05, 1.9220793547e-05, -5.36496118002e-05, 5.29782155354e-05, 2.9677992643e-05, 2.94936535283e-06], [1.39289777508e-05, 0.000725634628907, 9.60788456723e-05, -0.000127749852254, -0.000283926841803, 0.000200767201022, -0.000397254538257, 0.000221996640903, 0.000139683295856, -0.000320947234286, 0.0001271590736, -0.000190891732927, -2.86853282887e-05], [4.13640009356e-05, 9.60788456723e-05, 0.00154608453158, -0.000352344126441, -0.000838081701659, 0.000108814085252, -0.000573678931687, 0.000605248671491, -0.000138811752549, -0.000154569919687, 0.000538470165338, -0.000268695264822, 5.49508586118e-05], [-0.000161369025591, -0.000127749852254, -0.000352344126441, 0.00371621898375, -0.00136814231519, -0.000107377127279, 0.000445636571385, -0.000454639492091, -0.000301649939502, 0.000866352173034, -6.7602186391e-06, -0.000454965425888, -4.66381925435e-06], [0.00023449328728, -0.000283926841803, -0.000838081701659, -0.00136814231519, 0.00518703088164, -0.00172096712049, -0.000231714308029, 0.000558395986445, -0.00132024707273, 0.000969665881712, -8.34377060528e-05, -0.000195695902221, 0.000317335652653], [-0.000116941548185, 0.000200767201022, 0.000108814085252, -0.000107377127279, -0.00172096712049, 0.00675914343446, -0.00375108304434, 0.000214314321056, 0.00129514804576, -0.00169418810401, 0.000281649583485, -0.000552224344574, 0.000541915302165], [9.56292133196e-05, -0.000397254538257, -0.000573678931687, 0.000445636571385, -0.000231714308029, -0.00375108304434, 0.00965944677591, -0.00425801286474, 0.000295450270642, 0.00145671702921, -0.00226802076213, 0.00238969526254, -0.000825142313261], [-8.97144855116e-05, 0.000221996640903, 0.000605248671491, -0.000454639492091, 0.000558395986445, 0.000214314321056, -0.00425801286474, 0.010321768932, -0.00472683878615, 0.000414753711084, 0.000710870546754, -0.000721482618246, 0.000173268417711], [1.9220793547e-05, 0.000139683295856, -0.000138811752549, -0.000301649939502, -0.00132024707273, 0.00129514804576, 0.000295450270642, -0.00472683878615, 0.0103304423392, -0.00328639731742, 0.000299080624245, -0.000176507237484, 0.000582425913308], [-5.36496118002e-05, -0.000320947234286, -0.000154569919687, 0.000866352173034, 0.000969665881712, -0.00169418810401, 0.00145671702921, 0.000414753711084, -0.00328639731742, 0.011874130927, -0.00562003534287, 0.00129952351563, -0.00106188026257], [5.29782155354e-05, 0.0001271590736, 0.000538470165338, -6.7602186391e-06, -8.34377060528e-05, 0.000281649583485, -0.00226802076213, 0.000710870546754, 0.000299080624245, -0.00562003534287, 0.0127450069413, -0.00550769548863, 0.00111132790335], [2.9677992643e-05, -0.000190891732927, -0.000268695264822, -0.000454965425888, -0.000195695902221, -0.000552224344574, 0.00238969526254, -0.000721482618246, -0.000176507237484, 0.00129952351563, -0.00550769548863, 0.0127239972353, -0.00503633823246], [2.94936535283e-06, -2.86853282887e-05, 5.49508586118e-05, -4.66381925435e-06, 0.000317335652653, 0.000541915302165, -0.000825142313261, 0.000173268417711, 0.000582425913308, -0.00106188026257, 0.00111132790335, -0.00503633823246, 0.0102810431272]], "mean": [-732.932556152, 114.240196228, -13.1743059158, 22.635881424, -1.01379156113, 7.25450897217, -1.02297639847, 7.25375699997, -1.54246473312, 8.68926715851, 4.3389210701, 3.73478603363, 1.77478528023]}, "spectral_contrast_valleys": {"min": [-28.1191730499, -27.7214775085, -27.7725849152, -27.7332649231, -27.4561843872, -27.3654708862], "max": [-5.06299543381, -4.65047502518, -4.98148155212, -5.12320899963, -5.40499591827, -7.81017112732], "dvar2": [0.430198967457, 0.307843148708, 0.262272715569, 0.224120646715, 0.35647892952, 0.342787474394], "median": [-8.32370662689, -7.74031448364, -8.2197971344, -8.51281929016, -8.32685089111, -11.3394622803], "dmean2": [0.670279681683, 0.579368054867, 0.528450012207, 0.465545237064, 0.434575945139, 0.434433311224], "dmean": [0.430287986994, 0.384259641171, 0.351783007383, 0.317980855703, 0.316975027323, 0.362698465586], "var": [3.46297359467, 3.42228960991, 3.27211046219, 3.12477898598, 3.43164134026, 3.10371518135], "dvar": [0.217679664493, 0.158071056008, 0.136333674192, 0.126825213432, 0.19692106545, 0.227148115635], "mean": [-8.58996963501, -7.94723081589, -8.43862342834, -8.74307060242, -8.5806016922, -11.3841743469]}, "barkbands_flatness_db": {"min": 0.0176690313965, "max": 0.418196350336, "dvar2": 0.00119884847663, "median": 0.133204042912, "dmean2": 0.0325271040201, "dmean": 0.0222817026079, "var": 0.00407210830599, "dvar": 0.000544211943634, "mean": 0.144486024976}, "dynamic_complexity": 7.05473136902, "erbbands_flatness_db": {"min": 0.0268437862396, "max": 0.457141369581, "dvar2": 0.000992238987237, "median": 0.178816437721, "dmean2": 0.0311936270446,