{"lowlevel": {"spectral_complexity": {"min": 0, "max": 62, "dvar2": 135.040008545, "median": 12, "dmean2": 9.18968677521, "dmean": 5.9497423172, "var": 150.624511719, "dvar": 61.3150749207, "mean": 15.4552278519}, "silence_rate_20dB": {"min": 1, "max": 1, "dvar2": 0, "median": 1, "dmean2": 0, "dmean": 0, "var": 0, "dvar": 0, "mean": 1}, "average_loudness": 0.913449823856, "erbbands_spread": {"min": 0.549468815327, "max": 178.011108398, "dvar2": 457.228637695, "median": 36.2169456482, "dmean2": 19.6432952881, "dmean": 12.8419265747, "var": 494.120452881, "dvar": 204.021652222, "mean": 40.5093841553}, "spectral_kurtosis": {"min": -1.27830684185, "max": 97.0969619751, "dvar2": 50.292678833, "median": 3.59962272644, "dmean2": 4.39488983154, "dmean": 2.68053913116, "var": 37.361530304, "dvar": 20.1896572113, "mean": 5.31643247604}, "barkbands_kurtosis": {"min": -1.96547889709, "max": 1067.37060547, "dvar2": 1919.09765625, "median": 1.59100341797, "dmean2": 13.4526805878, "dmean": 8.46527481079, "var": 1328.08874512, "dvar": 891.207214355, "mean": 9.35844326019}, "spectral_strongpeak": {"min": 0, "max": 11.4004325867, "dvar2": 1.47788989544, "median": 0.289947152138, "dmean2": 0.714835882187, "dmean": 0.42295268178, "var": 0.932968080044, "dvar": 0.620130300522, "mean": 0.592592060566}, "spectral_spread": {"min": 759952.5625, "max": 17108672, "dvar2": 1897996615680.0, "median": 3918311.5, "dmean2": 1140644.75, "dmean": 791149.25, "var": 3469849133060.0, "dvar": 1029854527490.0, "mean": 4397465.5}, "spectral_rms": {"min": 1.23837071442e-06, "max": 0.0150345023721, "dvar2": 3.79335779144e-06, "median": 0.00323368120007, "dmean2": 0.00157688057516, "dmean": 0.00107473984826, "var": 3.92170295527e-06, "dvar": 1.83530448794e-06, "mean": 0.00366056058556}, "erbbands": {"min": [1.29068631338e-08, 6.33446290976e-08, 1.74373568029e-07, 3.18811032685e-07, 4.75071090023e-07, 7.08697598384e-07, 1.16864362099e-06, 1.77217452801e-06, 1.89836430309e-06, 1.0729618225e-06, 2.04500921086e-07, 3.25185169459e-07, 4.10200300394e-07, 3.66614898439e-07, 1.03406728158e-06, 8.8580816282e-07, 1.01733633073e-06, 6.78124820297e-07, 6.62595823542e-07, 4.47875322607e-07, 1.91554605067e-07, 1.04694734659e-07, 4.34315296616e-07, 4.72129812579e-07, 1.44293380799e-07, 4.68632833872e-07, 6.89760724981e-07, 2.83250557231e-07, 2.30229588283e-07, 1.06549009615e-07, 2.39722677264e-08, 5.26334034134e-08, 5.70942546574e-08, 1.64726490226e-08, 6.52352394326e-09, 4.14402112625e-09, 6.28466434449e-09, 8.24420531842e-09, 6.48681497406e-10, 4.1678816648e-11], "max": [1.73764812946, 18.036026001, 60.530708313, 85.1260757446, 130.639846802, 584.848937988, 456.975219727, 1465.41149902, 860.408569336, 953.269226074, 1289.97521973, 1117.26916504, 2679.43603516, 1759.44592285, 4510.48535156, 1710.92834473, 2072.52392578, 4067.98339844, 3366.81787109, 1276.15454102, 1010.7177124, 994.838806152, 1664.01660156, 1261.82409668, 1067.38916016, 1664.36047363, 549.239501953, 335.657409668, 694.857849121, 954.256164551, 182.628005981, 366.066436768, 127.618347168, 34.788772583, 14.2214241028, 5.87271976471, 3.60509848595, 0.986335575581, 0.226737126708, 0.0121433744207], "dvar2": [0.0492302030325, 3.78952383995, 60.8680229187, 51.0821723938, 160.798965454, 5012.66259766, 1624.83129883, 1913.85107422, 4678.42871094, 4571.90917969, 3852.35742188, 3125.8125, 5888.421875, 2837.77001953, 7137.71875, 2497.99707031, 7391.5234375, 20102.4335938, 6607.63574219, 6474.68261719, 3458.19750977, 1171.25671387, 1536.23876953, 1856.84143066, 2189.26025391, 2377.86865234, 1594.50976562, 521.827758789, 716.141906738, 901.571777344, 255.026062012, 141.453674316, 62.0652694702, 10.3503265381, 1.99054121971, 0.257180541754, 0.0552283003926, 0.0113188745454, 0.000468708138214, 1.66972870375e-06], "median": [0.0116734867916, 0.171893775463, 0.840021491051, 1.15522694588, 1.76856279373, 3.07536172867, 2.9045445919, 3.22695946693, 4.62036657333, 4.11092281342, 3.20216798782, 2.6288933754, 3.00073766708, 4.37908029556, 4.01940870285, 3.88179421425, 5.5365228653, 6.92035675049, 7.35544300079, 5.84848642349, 4.22770786285, 3.99854278564, 4.07560253143, 3.74359941483, 2.89450311661, 2.76578354836, 2.28324604034, 1.41667509079, 1.2307612896, 1.07001650333, 0.539073884487, 0.281948983669, 0.144769012928, 0.0545253157616, 0.0213386509567, 0.00718308147043, 0.00238942168653, 0.000585738569498, 5.23979761056e-05, 2.05533469853e-05], "dmean2": [0.104464039207, 1.09832799435, 4.07436561584, 3.88302469254, 6.1000957489, 23.7965202332, 15.4278659821, 15.2005405426, 26.8484306335, 26.6469287872, 21.7532672882, 16.5234565735, 15.9525995255, 16.149848938, 18.1837692261, 15.7912788391, 24.0125656128, 28.2549648285, 26.1148509979, 34.4500541687, 27.6538448334, 17.1098327637, 17.3623142242, 16.5390281677, 20.4787654877, 15.4846601486, 19.0047092438, 11.354809761, 11.613079071, 11.7404718399, 6.71580791473, 4.40393400192, 2.9154458046, 1.3171043396, 0.581958770752, 0.202152267098, 0.0866826623678, 0.0353571176529, 0.00676536560059, 0.000415344984503], "dmean": [0.0663721933961, 0.689694166183, 2.36613249779, 2.24555516243, 3.52765965462, 13.5435237885, 9.09369373322, 9.46757984161, 16.0548915863, 15.8563423157, 13.2009601593, 10.271985054, 9.80711460114, 9.80425357819, 11.1371889114, 10.1081113815, 15.0346622467, 17.2367973328, 16.3240661621, 21.0179100037, 17.1854228973, 10.5708227158, 10.4762945175, 10.156416893, 12.2522554398, 9.7159318924, 11.3308591843, 7.02167320251, 7.09078884125, 7.3056344986, 4.36313390732, 3.01761770248, 1.97592270374, 0.927811741829, 0.406818121672, 0.142549440265, 0.0600424408913, 0.0241664666682, 0.00462598679587, 0.000282254943158], "var": [0.0220001060516, 2.48973870277, 18.6698551178, 18.7919445038, 57.4764785767, 1258.26611328, 571.947570801, 1157.80371094, 1812.68103027, 1766.11853027, 1716.30236816, 1623.81591797, 2863.9362793, 1031.42004395, 4116.59667969, 2145.51586914, 3203.43823242, 6886.27783203, 3389.29541016, 2946.81738281, 2438.88867188, 613.87689209, 1025.69006348, 886.081726074, 1204.53479004, 1371.27270508, 678.619567871, 284.675994873, 360.9737854, 534.438415527, 144.648742676, 88.9224777222, 35.0656166077, 8.27903938293, 1.65248525143, 0.197024449706, 0.0386685803533, 0.00723958574235, 0.00028688533348, 1.02364163013e-06], "dvar": [0.0218513868749, 1.99519693851, 22.0387077332, 17.8849124908, 59.0650215149, 1821.4152832, 605.994018555, 836.653747559, 1794.26525879, 1738.65856934, 1537.96557617, 1303.46520996, 2453.41943359, 1077.0760498, 2863.33325195, 1164.22875977, 2926.41113281, 7504.33300781, 2810.28051758, 2572.86523438, 1585.49194336, 482.401275635, 699.652893066, 749.943725586, 926.849853516, 1055.13098145, 643.307861328, 225.262649536, 306.651794434, 407.452026367, 120.255065918, 67.2155609131, 28.6478157043, 5.77236652374, 1.1201004982, 0.135899573565, 0.0277427360415, 0.00558239687234, 0.000232860867982, 8.4453290583e-07], "mean": [0.0652218908072, 0.792996525764, 2.38347840309, 2.68601131439, 4.19959306717, 12.1285762787, 10.2378053665, 11.8253755569, 17.6060676575, 17.3391075134, 15.5289564133, 13.1467180252, 12.6312170029, 12.7050418854, 15.7633590698, 15.2730016708, 20.3426551819, 23.6042480469, 21.5862998962, 23.5232982635, 19.9150371552, 12.9308176041, 12.7316036224, 12.6874656677, 13.3067522049, 11.9462537766, 11.3807086945, 7.48769712448, 7.38671207428, 7.64412975311, 4.62819290161, 3.53461027145, 2.17557787895, 1.06968486309, 0.476566165686, 0.165214538574, 0.0689175054431, 0.0257680155337, 0.00463094236329, 0.000288967246888]}, "zerocrossingrate": {"min": 0, "max": 0.38134765625, "dvar2": 0.000479632493807, "median": 0.05029296875, "dmean2": 0.0190657246858, "dmean": 0.01685288921, "var": 0.0022815647535, "dvar": 0.000416877650423, "mean": 0.0628511533141}, "spectral_contrast_coeffs": {"min": [-0.926570177078, -0.976480066776, -0.972786188126, -0.961603164673, -0.947162270546, -0.90186226368], "max": [-0.270815104246, -0.357280284166, -0.425719738007, -0.495469033718, -0.534357070923, -0.577325165272], "dvar2": [0.00799191184342, 0.00445276824757, 0.00309468898922, 0.00263046822511, 0.00163400452584, 0.00405399827287], "median": [-0.647350013256, -0.770906329155, -0.816790163517, -0.81175327301, -0.815685272217, -0.75923615694], "dmean2": [0.107046306133, 0.0825808569789, 0.0665213465691, 0.0602880641818, 0.0440782904625, 0.0549260377884], "dmean": [0.0652135834098, 0.0507114417851, 0.0416722632945, 0.0384037382901, 0.0280920695513, 0.0336081758142], "var": [0.00906967464834, 0.00642295647413, 0.00509970216081, 0.00428157206625, 0.00235301721841, 0.00278498162515], "dvar": [0.00329022505321, 0.00181607354898, 0.0013811327517, 0.00120211881585, 0.000724909710698, 0.00161801278591], "mean": [-0.63722550869, -0.761271178722, -0.801718056202, -0.797266602516, -0.806391298771, -0.755125403404]}, "dissonance": {"min": 0.115530773997, "max": 0.500000119209, "dvar2": 0.00120895798318, "median": 0.478063523769, "dmean2": 0.031983576715, "dmean": 0.0192732010037, "var": 0.000977798365057, "dvar": 0.000478974630823, "mean": 0.468476116657}, "spectral_energyband_high": {"min": 3.9118687456e-11, "max": 0.0513335578144, "dvar2": 8.25008009997e-06, "median": 0.000188053614693, "dmean2": 0.00141164136585, "dmean": 0.000922146893572, "var": 5.38323365618e-06, "dvar": 3.90459399568e-06, "mean": 0.00106486969162}, "spectral_skewness": {"min": -0.348927021027, "max": 7.93043661118, "dvar2": 0.529455304146, "median": 1.40399837494, "dmean2": 0.612449586391, "dmean": 0.387998849154, "var": 0.497418403625, "dvar": 0.216284096241, "mean": 1.50511789322}, "spectral_flux": {"min": 0.000264788424829, "max": 0.449290156364, "dvar2": 0.00346233323216, "median": 0.0673165470362, "dmean2": 0.0523179396987, "dmean": 0.033342178911, "var": 0.00317066721618, "dvar": 0.00167947716545, "mean": 0.0827017948031}, "silence_rate_30dB": {"min": 0, "max": 1, "dvar2": 0.00948080699891, "median": 1, "dmean2": 0.00704960850999, "dmean": 0.00352457421832, "var": 0.00247421790846, "dvar": 0.00351183768362, "mean": 0.997519910336}, "spectral_energyband_middle_high": {"min": 1.19072821048e-10, "max": 0.143942207098, "dvar2": 3.69955087081e-05, "median": 0.00157972646412, "dmean2": 0.003203188302, "dmean": 0.00209639174864, "var": 3.77395845135e-05, "dvar": 1.75146069523e-05, "mean": 0.00363591336645}, "barkbands_spread": {"min": 0.308662831783, "max": 123.733863831, "dvar2": 384.715332031, "median": 20.4859771729, "dmean2": 17.0533618927, "dmean": 10.7649259567, "var": 362.084228516, "dvar": 170.703094482, "mean": 24.7549552917}, "spectral_centroid": {"min": 114.376701355, "max": 6039.10644531, "dvar2": 721195.125, "median": 1287.86865234, "dmean2": 732.537231445, "dmean": 463.393188477, "var": 713776.875, "dvar": 307689.71875, "mean": 1427.96557617}, "pitch_salience": {"min": 0.0174711663276, "max": 0.906313836575, "dvar2": 0.025684826076, "median": 0.603560686111, "dmean2": 0.170607462525, "dmean": 0.103770717978, "var": 0.0232108682394, "dvar": 0.0107293082401, "mean": 0.579396665096}, "erbbands_skewness": {"min": -6.24106121063, "max": 10.6797113419, "dvar2": 1.02570092678, "median": 0.142915859818, "dmean2": 0.961760938168, "dmean": 0.63247269392, "var": 1.20664262772, "dvar": 0.470831096172, "mean": 0.143273591995}, "erbbands_crest": {"min": 1.96058130264, "max": 32.2824859619, "dvar2": 20.1114425659, "median": 7.15591621399, "dmean2": 4.6828546524, "dmean": 2.85089159012, "var": 19.1197166443, "dvar": 8.27380657196, "mean": 8.39068984985}, "melbands": {"min": [1.15026196901e-10, 9.03215557901e-11, 5.98563490439e-11, 4.19329293511e-11, 3.97504598681e-11, 3.98514832245e-11, 2.797298157e-11, 9.64042474322e-12, 1.1504570083e-12, 2.26487665428e-12, 2.00183728101e-12, 1.27176264311e-12, 3.18043226304e-12, 2.9696826595e-12, 1.87662017002e-12, 2.43516643482e-12, 1.0056163801e-12, 8.73196209349e-13, 1.08265967805e-12, 3.19889676813e-13, 1.83305668279e-13, 6.3382059204e-14, 2.92635029707e-13, 4.79060421974e-13, 3.92335117302e-13, 7.56569015336e-14, 1.54346817987e-13, 3.39223495214e-13, 5.31158125296e-13, 2.00791287893e-13, 1.52411530662e-13, 1.25412457112e-13, 1.10972666332e-13, 3.71525388037e-14, 8.95561328275e-15, 1.88100657419e-14, 3.98298642603e-14, 5.09651152389e-14, 1.90804589874e-14, 1.20893929362e-14], "max": [0.0175276920199, 0.0232247691602, 0.0134516051039, 0.0249088872224, 0.0141289280728, 0.0284901689738, 0.0114393420517, 0.0111644528806, 0.0107582695782, 0.00653688795865, 0.0141374887899, 0.00666579743847, 0.0161108449101, 0.00723624415696, 0.00543872592971, 0.00602918351069, 0.00800939276814, 0.00485449936241, 0.00376269244589, 0.0018022445729, 0.000900885614101, 0.000875492056366, 0.00188187835738, 0.000997412367724, 0.00110550888348, 0.000715696834959, 0.000806733500212, 0.00149777089246, 0.000446620688308, 0.000293813383905, 0.000163862816407, 0.000316917197779, 0.000757005997002, 0.000379900709959, 9.09654627321e-05, 0.000164134806255, 0.000233435508562, 9.96445742203e-05, 5.35660874448e-05, 2.14036117541e-05], "dvar2": [4.37703874923e-06, 1.07105634015e-05, 1.24743587548e-06, 9.7733700386e-06, 3.05457751892e-06, 8.66672280608e-07, 1.03828836018e-06, 5.44072463526e-07, 2.53383149129e-07, 1.26402113665e-07, 1.5351889715e-07, 4.6188397107e-08, 1.00082594656e-07, 2.9993032058e-08, 2.53496992286e-08, 5.22514440604e-08, 8.49632684208e-08, 2.23766551954e-08, 2.01970937752e-08, 1.11553557502e-08, 5.03144903519e-09, 1.42833556094e-09, 1.92454940873e-09, 1.48426326785e-09, 1.36752464908e-09, 1.37906008835e-09, 9.00509333768e-10, 1.63562841049e-09, 7.39333705368e-10, 4.30949442798e-10, 1.27345925471e-10, 2.18129972418e-10, 3.70703273633e-10, 2.39382569323e-10, 8.78218053835e-11, 6.6980317126e-11, 4.82065221075e-11, 4.19675440233e-11, 1.50000636912e-11, 6.34097028357e-12], "median": [0.000149838946527, 0.000432696018834, 0.000233815517277, 0.000191827712115, 0.000117518859042, 7.50008184696e-05, 7.1202768595e-05, 4.10587526858e-05, 2.42996902671e-05, 1.5188665202e-05, 1.36882017614e-05, 1.609897663e-05, 1.43002216646e-05, 8.92308162292e-06, 1.06036568468e-05, 1.04479868241e-05, 1.18163798106e-05, 1.01091918623e-05, 9.50196408667e-06, 4.90234560857e-06, 4.58901740785e-06, 4.00978342441e-06, 3.56115333489e-06, 3.3176074794e-06, 2.85945679934e-06, 1.98221550818e-06, 1.89128411421e-06, 1.75254763235e-06, 1.44045634443e-06, 1.0283267784e-06, 6.92770640853e-07, 6.33789966287e-07, 7.05737079443e-07, 5.05557181896e-07, 2.86122599391e-07, 2.24909456392e-07, 1.41128793985e-07, 1.0608538048e-07, 6.37426893491e-08, 3.7391856722e-08], "dmean2": [0.00107103027403, 0.00176721788011, 0.00064174894942, 0.00110053655226, 0.000653573137242, 0.000341709994245, 0.000407106708735, 0.000287969131023, 0.000169402905158, 0.000102789796074, 7.95034138719e-05, 6.5276195528e-05, 6.29553760518e-05, 4.81513816339e-05, 4.74877742818e-05, 6.04676606599e-05, 5.63043104194e-05, 4.07101797464e-05, 5.7786146499e-05, 4.08260748372e-05, 3.37198580382e-05, 1.97843855858e-05, 1.60146155395e-05, 1.66567660926e-05, 1.31281731228e-05, 1.68370297615e-05, 1.19075284601e-05, 1.07183022919e-05, 1.26839913719e-05, 1.00030565591e-05, 5.64177116757e-06, 6.72400346957e-06, 7.29617750039e-06, 5.92192827753e-06, 3.9042561184e-06, 3.25828796122e-06, 2.47412754106e-06, 2.34778121921e-06, 1.45803494433e-06, 1.06533184407e-06], "dmean": [0.000696485221852, 0.00108852703124, 0.000373993796529, 0.000626459019259, 0.00038348895032, 0.000213199149584, 0.000244877999648, 0.000171549778315, 0.000102706151665, 6.3741717895e-05, 4.87397664983e-05, 3.93801019527e-05, 3.78223412554e-05, 3.03169872495e-05, 2.95767786156e-05, 3.76997086278e-05, 3.37744168064e-05, 2.46736890404e-05, 3.56307027687e-05, 2.39206347032e-05, 2.09713707591e-05, 1.22414885482e-05, 9.56186340773e-06, 9.95041318674e-06, 8.07365086075e-06, 9.93314461084e-06, 7.2846232797e-06, 6.65804054734e-06, 7.50557501306e-06, 5.98727092438e-06, 3.50683080796e-06, 4.02727164328e-06, 4.54689779872e-06, 3.66731569557e-06, 2.49169784183e-06, 2.17587489715e-06, 1.69263034877e-06, 1.5655767811e-06, 9.90067633211e-07, 7.22002425846e-07], "var": [2.52022505265e-06, 4.47721231467e-06, 5.08795153564e-07, 2.46744684773e-06, 9.64223772826e-07, 5.40194776022e-07, 4.06405234799e-07, 2.11015475315e-07, 1.12455822432e-07, 6.41638280285e-08, 7.42019778954e-08, 1.67137450546e-08, 4.1017280239e-08, 2.60443684397e-08, 1.33097275423e-08, 2.3161389251e-08, 2.77747300714e-08, 9.94376669894e-09, 9.80697301145e-09, 5.83126436027e-09, 3.31099658801e-09, 8.0034279204e-10, 1.03030584064e-09, 7.42165162659e-10, 6.30098750953e-10, 6.23617379958e-10, 5.89917670268e-10, 7.69617369833e-10, 3.01392050206e-10, 1.96994420776e-10, 7.00914187801e-11, 9.47440181864e-11, 2.30512844923e-10, 1.27656565874e-10, 4.70509221862e-11, 3.90308722842e-11, 3.05721073457e-11, 2.15868260767e-11, 8.66589352361e-12, 5.35868615106e-12], "dvar": [2.16668831854e-06, 4.26581982538e-06, 4.42042534132e-07, 3.53559858013e-06, 1.13863393381e-06, 3.7760065652e-07, 3.99344372681e-07, 2.07037246014e-07, 1.00944802739e-07, 5.24354959452e-08, 6.38972252887e-08, 1.75880590092e-08, 3.67552530633e-08, 1.42944838188e-08, 1.02256745294e-08, 2.12784243558e-08, 3.12755403797e-08, 9.1622727183e-09, 8.27416357652e-09, 4.61906690674e-09, 2.28522667456e-09, 6.05878291982e-10, 8.25109702784e-10, 6.13655681825e-10, 5.47967393683e-10, 5.5344784311e-10, 4.0339243057e-10, 6.86596002275e-10, 2.94168911452e-10, 1.79024517433e-10, 5.49581005704e-11, 9.00868615816e-11, 1.69548375339e-10, 1.04134596779e-10, 4.11340718431e-11, 3.08086334222e-11, 2.29432965682e-11, 1.86385178125e-11, 7.09267583901e-12, 3.67285108577e-12], "mean": [0.00075229263166, 0.00121937156655, 0.000481384282466, 0.000600148690864, 0.000413971632952, 0.000269923300948, 0.000271272176178, 0.000185575860087, 0.000122790122987, 7.97907123342e-05, 6.14541349933e-05, 4.9275917263e-05, 5.10933023179e-05, 4.30064028478e-05, 4.09015010518e-05, 4.67520949314e-05, 4.3883046601e-05, 3.14253338729e-05, 4.03468657169e-05, 2.50731172855e-05, 2.33896989812e-05, 1.42468861668e-05, 1.12922080007e-05, 1.13334635898e-05, 1.00094657682e-05, 1.00428469523e-05, 8.48676700116e-06, 7.89773548604e-06, 7.43002783565e-06, 5.90221179664e-06, 3.73937291442e-06, 3.96206496589e-06, 4.82744144392e-06, 3.77984338229e-06, 2.56515204455e-06, 2.4009173103e-06, 2.0141708319e-06, 1.67531857187e-06, 1.06033894554e-06, 8.49876073516e-07]}, "spectral_entropy": {"min": 4.12405395508, "max": 8.85167121887, "dvar2": 0.202184066176, "median": 7.69120693207, "dmean2": 0.396301627159, "dmean": 0.273610144854, "var": 0.371900230646, "dvar": 0.102593317628, "mean": 7.56646680832}, "spectral_rolloff": {"min": 21.533203125, "max": 14018.1152344, "dvar2": 4795174, "median": 1184.32617188, "dmean2": 1620.88586426, "dmean": 955.360595703, "var": 3531790.25, "dvar": 2128899.5, "mean": 1715.83984375}, "barkbands": {"min": [2.52252108091e-10, 3.28944982364e-10, 1.61048924197e-10, 1.16037908449e-10, 2.03467617754e-10, 2.01697630819e-10, 1.1760541152e-10, 1.52092019534e-11, 1.4799010975e-11, 9.17947749063e-12, 2.02076133604e-11, 2.33934347588e-11, 2.33046464071e-11, 7.75062652947e-12, 1.50297135848e-11, 3.7784289586e-12, 1.29599477851e-12, 1.05935763633e-11, 3.74897985919e-12, 1.00591835209e-11, 1.16747800663e-11, 5.90948340609e-12, 8.59512656361e-13, 3.38788350672e-12, 1.01695670114e-12, 3.89410075366e-12, 5.4734290017e-12], "max": [0.00929379463196, 0.0711194053292, 0.0610118173063, 0.0310641415417, 0.104859635234, 0.116934455931, 0.048132583499, 0.0498600192368, 0.0557351559401, 0.0873379185796, 0.112234696746, 0.0641408115625, 0.0474688448012, 0.0717561393976, 0.0649216100574, 0.0219700932503, 0.0210348907858, 0.0261735022068, 0.0193188954145, 0.0287723317742, 0.0114374812692, 0.0262254085392, 0.00711571844295, 0.0113429427147, 0.00214951136149, 0.00174194329884, 0.00135353405494], "dvar2": [6.26200176157e-08, 6.01532665314e-05, 5.12040423928e-05, 3.8264251998e-06, 0.000177304449608, 2.05671476579e-05, 2.39966684603e-05, 9.99803432933e-06, 6.06677622272e-06, 4.23634901381e-06, 7.01903036315e-06, 2.9248278679e-06, 4.00530143452e-06, 7.76731667429e-06, 3.0513413094e-06, 1.51217454913e-06, 6.38908488781e-07, 6.12545704826e-07, 7.82288793744e-07, 8.75172190717e-07, 5.7262474229e-07, 6.62506124627e-07, 3.34636780508e-07, 2.47666889663e-07, 5.63058115688e-08, 1.45325396161e-08, 1.76670713614e-08], "median": [0.000188597827218, 0.000605405541137, 0.000779666821472, 0.000266372488113, 0.000948140979744, 0.000387271895306, 0.00030750624137, 0.000137620736496, 0.000113354821224, 9.78600146482e-05, 0.000110392626084, 8.09817720437e-05, 0.000111338267743, 0.00011646465282, 0.00012716621859, 6.86228449922e-05, 7.12985347491e-05, 7.31466934667e-05, 5.89779519942e-05, 6.18907506578e-05, 4.39814866695e-05, 3.6793640902e-05, 2.07859084185e-05, 1.05838244053e-05, 3.7138852349e-06, 1.46949798818e-06, 2.29112458783e-07], "dmean2": [0.000177891706699, 0.00429684156552, 0.00378780858591, 0.00105341884773, 0.00477408384904, 0.00176704872865, 0.00197106669657, 0.00115814933088, 0.000719562696759, 0.000479736103443, 0.00050751020899, 0.000444274395704, 0.000559455249459, 0.000561223365366, 0.000671304471325, 0.000530074059498, 0.000361878075637, 0.00034497649176, 0.000379093922675, 0.000341274309903, 0.000370066816686, 0.000358145684004, 0.000243611051701, 0.000183998068678, 9.74962749751e-05, 4.62645948573e-05, 4.16871189373e-05], "dmean": [0.000139189272886, 0.00272118858993, 0.00217598723248, 0.000596269557718, 0.00275572319515, 0.00109467830043, 0.00117401732132, 0.000693001435138, 0.000447342783445, 0.000290899450192, 0.000302447384456, 0.000276584352832, 0.000346438464476, 0.000333197094733, 0.000415639893617, 0.000314543052809, 0.000226872740313, 0.000206162105314, 0.000228212535148, 0.00021265092073, 0.000224068615353, 0.000220406247536, 0.000157795249834, 0.000126549348352, 6.86312268954e-05, 3.26036206388e-05, 2.83134195342e-05], "var": [1.15524969146e-07, 3.98726115236e-05, 1.52735683514e-05, 1.37642325626e-06, 4.82193208882e-05, 1.24629568745e-05, 8.90269438969e-06, 4.16617558585e-06, 3.06370884573e-06, 2.1552873477e-06, 1.96330779545e-06, 1.81958034773e-06, 1.66096810972e-06, 2.56354019257e-06, 1.38768632496e-06, 9.11861889108e-07, 3.41652196312e-07, 3.74980515971e-07, 3.73325264036e-07, 5.11000393999e-07, 2.74725437066e-07, 3.87715147099e-07, 1.87478661928e-07, 1.53417246906e-07, 4.66906975305e-08, 1.09694671124e-08, 1.07175504027e-08], "dvar": [3.99311730348e-08, 3.20186954923e-05, 1.81576397154e-05, 1.33616708808e-06, 6.51571608614e-05, 8.79046456248e-06, 9.12032101041e-06, 3.89697243008e-06, 2.48501646638e-06, 1.7929456817e-06, 2.36498885897e-06, 1.25096266856e-06, 1.57681336077e-06, 2.86697627416e-06, 1.22454093798e-06, 6.52670394174e-07, 2.71692158549e-07, 2.73557844821e-07, 3.15545463536e-07, 3.85427483707e-07, 2.39559312831e-07, 2.9875766927e-07, 1.53598875841e-07, 1.17088973184e-07, 3.20563771083e-08, 7.55958318166e-09, 8.7803941895e-09], "mean": [0.000273411598755, 0.0030813026242, 0.00218916148879, 0.000677816744428, 0.00279917218722, 0.0013940873323, 0.00125397986267, 0.000747649522964, 0.000569151889067, 0.000369994842913, 0.000378740252927, 0.000382588885259, 0.000443117052782, 0.000433587381849, 0.000483042764245, 0.00033878031536, 0.000265304348432, 0.000243070040597, 0.000253537466051, 0.00025901128538, 0.000229020384722, 0.000228197517572, 0.000168131300597, 0.000146911625052, 7.96885651653e-05, 3.77004580514e-05, 2.82885212073e-05]}, "melbands_flatness_db": {"min": 0.0251563023776, "max": 0.686250984669, "dvar2": 0.00571368029341, "median": 0.192257940769, "dmean2": 0.0723564177752, "dmean": 0.0480661094189, "var": 0.0107028372586, "dvar": 0.00272878445685, "mean": 0.214293211699}, "melbands_skewness": {"min": -3.46094536781, "max": 26.2560005188, "dvar2": 5.72048950195, "median": 2.47252750397, "dmean2": 2.00960826874, "dmean": 1.28411495686, "var": 6.28621387482, "dvar": 2.56540441513, "mean": 3.02885150909}, "barkbands_skewness": {"min": -5.42175531387, "max": 31.4431362152, "dvar2": 4.09673643112, "median": 1.35375261307, "dmean2": 1.55619370937, "dmean": 1.00657474995, "var": 4.54988384247, "dvar": 1.92660069466, "mean": 1.73542129993}, "silence_rate_60dB": {"min": 0, "max": 1, "dvar2": 0.152577787638, "median": 0, "dmean2": 0.150391638279, "dmean": 0.0751909166574, "var": 0.105300545692, "dvar": 0.0695449411869, "mean": 0.119631901383}, "spectral_energyband_low": {"min": 6.77955469541e-10, "max": 0.0953169465065, "dvar2": 0.000122404788272, "median": 0.00224378798157, "dmean2": 0.00667699612677, "dmean": 0.00428713578731, "var": 8.43649031594e-05, "dvar": 5.98822407483e-05, "mean": 0.00578522030264}, "spectral_energyband_middle_low": {"min": 6.73218536473e-10, "max": 0.160941466689, "dvar2": 0.000481318100356, "median": 0.00354727823287, "dmean2": 0.00912033487111, "dmean": 0.00550441863015, "var": 0.000177223671926, "dvar": 0.00018601262127, "mean": 0.00758767267689}, "melbands_kurtosis": {"min": -1.92911982536, "max": 842.804870605, "dvar2": 3546.25097656, "median": 8.00944519043, "dmean2": 27.6632480621, "dmean": 17.2852287292, "var": 2632.07617188, "dvar": 1594.28808594, "mean": 23.230550766}, "spectral_decrease": {"min": -4.86380109521e-08, "max": -3.98181585826e-16, "dvar2": 4.33457728752e-17, "median": -2.59476795605e-09, "dmean2": 3.9593768264e-09, "dmean": 2.55190424348e-09, "var": 2.36350266794e-17, "dvar": 1.82059706583e-17, "mean": -4.29342605912e-09}, "erbbands_kurtosis": {"min": -1.92710602283, "max": 154.100219727, "dvar2": 34.7850418091, "median": -0.0988428592682, "dmean2": 2.85873508453, "dmean": 1.77295434475, "var": 21.3171787262, "dvar": 15.5257978439, "mean": 1.10855865479}, "melbands_crest": {"min": 2.57515192032, "max": 39.5607452393, "dvar2": 37.4506988525, "median": 13.4512729645, "dmean2": 7.16381263733, "dmean": 4.27157115936, "var": 36.2833709717, "dvar": 14.9160938263, "mean": 14.3785352707}, "gfcc": {"cov": [[11068.5898438, -2356.36572266, -868.866149902, -257.120513916, -1418.67504883, 224.056213379, -431.040557861, -69.5589904785, -358.00491333, 219.560592651, -125.995155334, -98.1695709229, -92.896232605], [-2356.36572266, 2731.1809082, -229.757080078, -71.7216720581, 504.509765625, -306.214660645, 134.950637817, -82.5427017212, 153.827911377, -221.696807861, 122.910163879, -47.1163444519, 49.8156280518], [-868.866149902, -229.757080078, 1425.29614258, 381.840057373, 204.569015503, 19.3543720245, -3.13404655457, 143.830825806, 19.9848995209, -29.8497886658, -13.2183847427, 30.5587005615, -38.0093421936], [-257.120513916, -71.7216720581, 381.840057373, 837.637268066, 262.365570068, 85.8883285522, 71.3034057617, 54.7874755859, 43.1552314758, -63.778339386, -39.6748085022, -27.8303222656, -53.6138534546], [-1418.67504883, 504.509765625, 204.569015503, 262.365570068, 865.098510742, 132.506607056, 151.590835571, 47.4091835022, 119.710990906, -62.0698814392, -23.9824542999, -6.96758890152, 22.7597789764], [224.056213379, -306.214660645, 19.3543720245, 85.8883285522, 132.506607056, 375.127075195, 108.293624878, 48.4210929871, -5.07988262177, 53.6633453369, -24.3215122223, -14.1262817383, -13.7988319397], [-431.040557861, 134.950637817, -3.13404655457, 71.3034057617, 151.590835571, 108.293624878, 233.214828491, 58.3585281372, 38.2601547241, 2.77805542946, 8.25050449371, -15.3538074493, -20.2653694153], [-69.5589904785, -82.5427017212, 143.830825806, 54.7874755859, 47.4091835022, 48.4210929871, 58.3585281372, 154.889465332, 51.4800224304, 31.3926811218, 6.39955854416, 6.162504673, -5.64762496948], [-358.00491333, 153.827911377, 19.9848995209, 43.1552314758, 119.710990906, -5.07988262177, 38.2601547241, 51.4800224304, 130.285827637, 36.6253852844, 14.9741306305, -0.215970888734, 17.309135437], [219.560592651, -221.696807861, -29.8497886658, -63.778339386, -62.0698814392, 53.6633453369, 2.77805542946, 31.3926811218, 36.6253852844, 141.009674072, 37.5108718872, 12.5415010452, 7.12497806549], [-125.995155334, 122.910163879, -13.2183847427, -39.6748085022, -23.9824542999, -24.3215122223, 8.25050449371, 6.39955854416, 14.9741306305, 37.5108718872, 101.960983276, 36.4148788452, 11.3115930557], [-98.1695709229, -47.1163444519, 30.5587005615, -27.8303222656, -6.96758890152, -14.1262817383, -15.3538074493, 6.162504673, -0.215970888734, 12.5415010452, 36.4148788452, 82.9161911011, 30.4883842468], [-92.896232605, 49.8156280518, -38.0093421936, -53.6138534546, 22.7597789764, -13.7988319397, -20.2653694153, -5.64762496948, 17.309135437, 7.12497806549, 11.3115930557, 30.4883842468, 83.1597747803]], "icov": [[0.000151146203279, 6.80235389154e-05, 0.00010059314809, -4.74634980492e-05, 0.00015418039402, -0.000108918909973, 0.000221777765546, -0.000126395505504, 0.000189233949641, -6.96848583175e-05, 2.26145039051e-05, 0.000204199837754, 1.73047919816e-05], [6.80235389154e-05, 0.000835109152831, 0.000125349033624, 0.000188141231774, -0.000302413187455, 0.000436268630438, -0.000278711726423, 0.000337928533554, -0.000837886997033, 0.00150749937166, -0.00159921182785, 0.00112062878907, -0.000283576024231], [0.00010059314809, 0.000125349033624, 0.00101373519283, -0.000359964004019, -0.000146531150676, 0.000100428253063, 0.000488099089125, -0.00100495200604, 0.000407246494433, 0.000121940931422, -7.71111663198e-05, -0.000259897933574, 0.000386577099562], [-4.74634980492e-05, 0.000188141231774, -0.000359964004019, 0.00168748677243, -0.000376176438294, -0.00017774272419, -0.000191003171494, 0.000160414827405, -0.000931921240408, 0.00117939850315, -0.000291082309559, 0.00028476602165, 0.000823613256216], [0.00015418039402, -0.000302413187455, -0.000146531150676, -0.000376176438294, 0.00219458877109, -0.00103625818156, -0.000325022614561, 0.000233352024225, -0.00131491327193, 0.000575143203605, 0.000854032870848, -0.000399068958359, -0.000537493498996], [-0.000108918909973, 0.000436268630438, 0.000100428253063, -0.00017774272419, -0.00103625818156, 0.00441800383851, -0.00192988978233, -0.00039862387348, 0.00156988203526, -0.00179879006464, 0.000558585103136, 0.000528844830114, -0.000374885450583], [0.000221777765546, -0.000278711726423, 0.000488099089125, -0.000191003171494, -0.000325022614561, -0.00192988978233, 0.00683865323663, -0.00223978818394, -0.000188721052837, 0.000323672196828, -0.000859230698552, 0.000643244595267, 0.00169038714375], [-0.000126395505504, 0.000337928533554, -0.00100495200604, 0.000160414827405, 0.000233352024225, -0.00039862387348, -0.00223978818394, 0.00979618076235, -0.00409105280414, -0.000124574813526, -0.000229028242757, -0.000789595011156, 0.0004727630876], [0.000189233949641, -0.000837886997033, 0.000407246494433, -0.000931921240408, -0.00131491327193, 0.00156988203526, -0.000188721052837, -0.00409105280414, 0.0142888613045, -0.0062567233108, 0.00139704719186, 0.000957762415055, -0.00238405610435], [-6.96848583175e-05, 0.00150749937166, 0.000121940931422, 0.00117939850315, 0.000575143203605, -0.00179879006464, 0.000323672196828, -0.000124574813526, -0.0062567233108, 0.0143523085862, -0.00671248883009, 0.0017762708012, -0.000215815234696], [2.26145039051e-05, -0.00159921182785, -7.71111663198e-05, -0.000291082309559, 0.000854032870848, 0.000558585103136, -0.000859230698552, -0.000229028242757, 0.00139704719186, -0.00671248883009, 0.0169775467366, -0.00781793426722, 0.00123559043277], [0.000204199837754, 0.00112062878907, -0.000259897933574, 0.00028476602165, -0.000399068958359, 0.000528844830114, 0.000643244595267, -0.000789595011156, 0.000957762415055, 0.0017762708012, -0.00781793426722, 0.0188385453075, -0.00627307640389], [1.73047919816e-05, -0.000283576024231, 0.000386577099562, 0.000823613256216, -0.000537493498996, -0.000374885450583, 0.00169038714375, 0.0004727630876, -0.00238405610435, -0.000215815234696, 0.00123559043277, -0.00627307640389, 0.0160973779857]], "mean": [-49.3173980713, 87.7750778198, -113.761383057, 35.9500961304, -48.8786888123, 5.7027797699, -33.5788230896, -1.85959160328, -17.5228252411, 0.500373005867, -12.3917980194, -1.29296004772, -11.8554496765]}, "melbands_spread": {"min": 0.335415750742, "max": 279.928314209, "dvar2": 972.968017578, "median": 19.8745288849, "dmean2": 22.940782547, "dmean": 13.9779567719, "var": 755.649353027, "dvar": 422.139404297, "mean": 27.0584449768}, "spectral_energy": {"min": 1.57190105377e-09, "max": 0.231687158346, "dvar2": 0.000701128446963, "median": 0.0107181109488, "dmean2": 0.0158764217049, "dmean": 0.0103799495846, "var": 0.000405431055697, "dvar": 0.00029958129744, "mean": 0.0177544876933}, "mfcc": {"cov": [[11570.0322266, -1982.88195801, -695.415771484, -762.409790039, -1176.16394043, -138.46635437, -355.169769287, -443.683135986, -369.039093018, 36.5746955872, -186.663543701, -129.604187012, -80.1462936401], [-1982.88195801, 2229.31274414, -317.834777832, 57.2897949219, 187.288269043, -145.340927124, -4.01021766663, 55.4406433105, -6.62627840042, -100.640541077, 37.658744812, -10.8835315704, -0.299269169569], [-695.415771484, -317.834777832, 1114.20458984, 256.489135742, 132.12399292, -77.4966430664, 25.9428977966, 53.4240989685, 3.55947089195, -24.3630332947, 28.3578834534, 29.633108139, -31.2231941223], [-762.409790039, 57.2897949219, 256.489135742, 709.295532227, 318.633575439, 82.8704833984, 42.9386520386, 140.057846069, 58.8739471436, -8.85455799103, 31.8185558319, 11.427977562, -10.9371328354], [-1176.16394043, 187.288269043, 132.12399292, 318.633575439, 596.658630371, 157.377609253, 105.09664917, 124.502891541, 135.802459717, 2.73068141937, 5.07810878754, 30.2442455292, 16.513343811], [-138.46635437, -145.340927124, -77.4966430664, 82.8704833984, 157.377609253, 312.472045898, 136.474884033, 78.3068008423, 78.7705612183, 50.483707428, 8.65343856812, 20.8543643951, 13.5429553986], [-355.169769287, -4.01021766663, 25.9428977966, 42.9386520386, 105.09664917, 136.474884033, 205.741912842, 101.822532654, 59.9725074768, 39.6602706909, 33.8652915955, 24.9418716431, 10.0375137329], [-443.683135986, 55.4406433105, 53.4240989685, 140.057846069, 124.502891541, 78.3068008423, 101.822532654, 171.720169067, 72.6801605225, 8.76488399506, 31.7587203979, 14.4292669296, -0.16780179739], [-369.039093018, -6.62627840042, 3.55947089195, 58.8739471436, 135.802459717, 78.7705612183, 59.9725074768, 72.6801605225, 157.746536255, 63.5104484558, 11.1371278763, 17.7276077271, 20.4313831329], [36.5746955872, -100.640541077, -24.3630332947, -8.85455799103, 2.73068141937, 50.483707428, 39.6602706909, 8.76488399506, 63.5104484558, 128.621292114, 35.6973457336, 15.4859933853, 16.2319889069], [-186.663543701, 37.658744812, 28.3578834534, 31.8185558319, 5.07810878754, 8.65343856812, 33.8652915955, 31.7587203979, 11.1371278763, 35.6973457336, 99.6661605835, 34.1938476562, 2.7549238205], [-129.604187012, -10.8835315704, 29.633108139, 11.427977562, 30.2442455292, 20.8543643951, 24.9418716431, 14.4292669296, 17.7276077271, 15.4859933853, 34.1938476562, 80.651222229, 35.8438262939], [-80.1462936401, -0.299269169569, -31.2231941223, -10.9371328354, 16.513343811, 13.5429553986, 10.0375137329, -0.16780179739, 20.4313831329, 16.2319889069, 2.7549238205, 35.8438262939, 82.8582229614]], "icov": [[0.000141371870995, 0.000115990369522, 9.17833167478e-05, 6.48569312034e-06, 0.000159768140293, -2.73464556813e-05, 8.71277079568e-05, 4.49418512289e-05, 0.000166853395058, -9.34960335144e-05, 0.000160640731337, -1.71395095094e-05, 0.000114017188025], [0.000115990369522, 0.000678703421727, 0.000345999840647, 3.24834581988e-06, -0.000197924309759, 0.000524819653947, -0.000120515716844, -7.57392845117e-05, 0.000112632231321, 0.000413892325014, -0.000322724401485, 0.00014982544235, 5.06292417413e-05], [9.17833167478e-05, 0.000345999840647, 0.00126425933558, -0.000369821907952, -0.000178565896931, 0.000826175906695, -0.000418067531427, 2.40575900534e-05, 0.000131754553877, 0.00019735940441, -3.25324472215e-05, -0.000581757922191, 0.000650459318422], [6.48569312034e-06, 3.24834581988e-06, -0.000369821907952, 0.0022776236292, -0.00103631895036, -0.000362554215826, 0.00104357872624, -0.00164821487851, 0.000682640413288, -0.000209093544981, -0.000480406684801, 0.000355164112989, 3.8569814933e-05], [0.000159768140293, -0.000197924309759, -0.000178565896931, -0.00103631895036, 0.00340431625955, -0.00106866867281, -0.00032301878673, 0.000315387471346, -0.00205307174474, 0.000990032684058, 0.0007597906515, -0.000587181362789, 2.676749682e-05], [-2.73464556813e-05, 0.000524819653947, 0.000826175906695, -0.000362554215826, -0.00106866867281, 0.00593168940395, -0.00320966797881, -0.000103328202385, -0.000436789676314, -0.000739214534406, 0.000807841075584, -0.000612511299551, 0.00036161384196], [8.71277079568e-05, -0.000120515716844, -0.000418067531427, 0.00104357872624, -0.00032301878673, -0.00320966797881, 0.00968062411994, -0.00462450785562, 0.000973061309196, -0.00168990693055, -0.000838950101752, -0.000541441026144, -0.000175812456291], [4.49418512289e-05, -7.57392845117e-05, 2.40575900534e-05, -0.00164821487851, 0.000315387471346, -0.000103328202385, -0.00462450785562, 0.0120569402352, -0.00459577422589, 0.00326931569725, -0.00253555038944, 0.000623013067525, 0.000680937548168], [0.000166853395058, 0.000112632231321, 0.000131754553877, 0.000682640413288, -0.00205307174474, -0.000436789676314, 0.000973061309196, -0.00459577422589, 0.0128468405455, -0.00646286737174, 0.00239857891575, -0.000579267391004, -0.00107595557347], [-9.34960335144e-05, 0.000413892325014, 0.00019735940441, -0.000209093544981, 0.000990032684058, -0.000739214534406, -0.00168990693055, 0.00326931569725, -0.00646286737174, 0.0133743099868, -0.00524585414678, 0.00128061382566, -0.00131329440046], [0.000160640731337, -0.000322724401485, -3.25324472215e-05, -0.000480406684801, 0.0007597906515, 0.000807841075584, -0.000838950101752, -0.00253555038944, 0.00239857891575, -0.00524585414678, 0.0154656879604, -0.00678461836651, 0.00274855829775], [-1.71395095094e-05, 0.00014982544235, -0.000581757922191, 0.000355164112989, -0.000587181362789, -0.000612511299551, -0.000541441026144, 0.000623013067525, -0.000579267391004, 0.00128061382566, -0.00678461836651, 0.019378580153, -0.0081698698923], [0.000114017188025, 5.06292417413e-05, 0.000650459318422, 3.8569814933e-05, 2.676749682e-05, 0.00036161384196, -0.000175812456291, 0.000680937548168, -0.00107595557347, -0.00131329440046, 0.00274855829775, -0.0081698698923, 0.0163531396538]], "mean": [-692.34387207, 117.168579102, -1.12809348106, 30.5893001556, 6.12838983536, 10.2355861664, -3.63532352448, 1.06958568096, -4.09173440933, 1.99293494225, -0.606377959251, 0.0193656031042, -0.830397248268]}, "spectral_contrast_valleys": {"min": [-14.7300386429, -13.9833698273, -14.4963207245, -15.8990373611, -15.2481136322, -17.6817855835], "max": [-5.379778862, -4.10159492493, -4.94990634918, -5.08701133728, -5.03897714615, -7.31981515884], "dvar2": [0.492929875851, 0.603181302547, 0.628096342087, 0.773604035378, 1.03392291069, 0.814380407333], "median": [-7.55927658081, -6.94352149963, -7.61273002625, -7.72862148285, -7.68030452728, -10.5994548798], "dmean2": [0.826318860054, 0.759510457516, 0.749739408493, 0.812730014324, 0.822992682457, 0.743822753429], "dmean": [0.543037116528, 0.494729906321, 0.496343612671, 0.548082768917, 0.585690557957, 0.58121329546], "var": [1.18899154663, 1.47640025616, 1.58115243912, 1.48672485352, 1.52797460556, 2.20531964302], "dvar": [0.241031512618, 0.30128595233, 0.322836637497, 0.384396225214, 0.484491765499, 0.514420747757], "mean": [-7.76280641556, -7.14022874832, -7.85205745697, -7.96503734589, -7.8508181572, -10.6768722534]}, "barkbands_flatness_db": {"min": 0.0127918189391, "max": 0.532814562321, "dvar2": 0.00339763402008, "median": 0.126976683736, "dmean2": 0.0555652081966, "dmean": 0.0370239168406, "var": 0.00646463083103, "dvar": 0.00165433925577, "mean": 0.145504206419}, "dynamic_complexity": 3.87915277481, "erbbands_flatness_db": {"min": 0.0288103464991, "max": 0.495690017939, "dvar2": 0.00141828437336, "median": 0.15602004528, "dmean2": 0.03682712093, "dmean": 0.0258474517614, "var": 0.0031475427