{"lowlevel": {"spectral_complexity": {"min": 0, "max": 63, "dvar2": 16.6009101868, "median": 8, "dmean2": 3.86306405067, "dmean": 2.50970101357, "var": 69.9727172852, "dvar": 7.65215778351, "mean": 10.2589101791}, "silence_rate_20dB": {"min": 1, "max": 1, "dvar2": 0, "median": 1, "dmean2": 0, "dmean": 0, "var": 0, "dvar": 0, "mean": 1}, "average_loudness": 0.187414079905, "erbbands_spread": {"min": 0.904538094997, "max": 166.214248657, "dvar2": 492.864196777, "median": 47.8419799805, "dmean2": 20.9508361816, "dmean": 13.473824501, "var": 1137.66247559, "dvar": 217.646499634, "mean": 53.5204925537}, "spectral_kurtosis": {"min": -1.22393643856, "max": 46.4646453857, "dvar2": 38.5025520325, "median": 2.50409245491, "dmean2": 3.56577062607, "dmean": 2.18196082115, "var": 32.073425293, "dvar": 14.918088913, "mean": 4.4438085556}, "barkbands_kurtosis": {"min": -1.91677176952, "max": 378.741241455, "dvar2": 1074.86914062, "median": 4.46593570709, "dmean2": 12.7188587189, "dmean": 7.88114261627, "var": 559.518554688, "dvar": 408.840789795, "mean": 10.8394165039}, "spectral_strongpeak": {"min": 0, "max": 12.4540395737, "dvar2": 1.99025225639, "median": 0.357338428497, "dmean2": 0.690835416317, "dmean": 0.401345133781, "var": 0.81044369936, "dvar": 0.769823133945, "mean": 0.576893985271}, "spectral_spread": {"min": 1277463.625, "max": 15758645, "dvar2": 1549042188290.0, "median": 5664442, "dmean2": 1049793, "dmean": 711767.3125, "var": 7183168176130.0, "dvar": 841486893056, "mean": 5938010}, "spectral_rms": {"min": 3.14840292504e-07, "max": 0.0169304013252, "dvar2": 1.89060926914e-06, "median": 0.00366908311844, "dmean2": 0.00131459638942, "dmean": 0.000857563340105, "var": 5.5641248764e-06, "dvar": 8.31788838696e-07, "mean": 0.00381283275783}, "erbbands": {"min": [7.05052183303e-10, 2.90043611351e-09, 7.15637238358e-09, 1.18475069755e-08, 1.25645414073e-08, 1.40489797573e-08, 1.29113955083e-08, 8.17021206245e-09, 2.45282958389e-08, 2.9746400898e-08, 1.59066786409e-08, 4.32459401623e-09, 1.10716991131e-09, 4.40925518319e-09, 6.44140030204e-09, 1.50586583203e-08, 2.25973568746e-08, 2.30063363915e-08, 2.2626256424e-08, 1.49163952301e-08, 4.45640901958e-09, 2.05857597635e-09, 5.43168798828e-09, 2.52595846462e-08, 1.67246607674e-08, 7.60527640864e-09, 1.1688964463e-08, 1.23043220057e-08, 1.70148322098e-08, 1.46463543516e-08, 7.2704171572e-09, 1.29990302966e-08, 1.02135322422e-08, 9.29148846751e-09, 7.66454721912e-09, 3.05971048498e-09, 2.51038501098e-09, 3.55088869419e-09, 3.0907172377e-09, 8.57821313982e-10], "max": [4.35841560364, 40.2221336365, 67.1597137451, 80.8332061768, 214.065490723, 298.745361328, 322.878173828, 190.971817017, 328.952301025, 280.905426025, 446.127044678, 380.740081787, 480.116546631, 1658.88256836, 743.716186523, 758.356506348, 410.585327148, 372.437316895, 2410.5847168, 646.414306641, 1738.43395996, 1078.36181641, 978.756164551, 817.457275391, 742.384033203, 363.539245605, 374.604522705, 215.115142822, 643.963134766, 361.338500977, 496.705505371, 699.238952637, 269.390136719, 139.923858643, 26.962890625, 6.55097198486, 1.54690229893, 0.207569822669, 0.0366144068539, 0.00177442538552], "dvar2": [0.0527652055025, 6.21371173859, 54.0990104675, 208.512817383, 1326.2199707, 1289.58544922, 322.39642334, 421.776733398, 633.005371094, 858.070983887, 637.1875, 933.866455078, 1645.65563965, 5658.56445312, 2224.25463867, 1756.47949219, 696.28326416, 523.790527344, 6393.85791016, 1913.54956055, 7059.82177734, 5780.64794922, 3547.67016602, 2675.9543457, 2525.12524414, 530.567810059, 417.674102783, 181.971252441, 1009.3416748, 192.742538452, 854.589233398, 1662.9107666, 148.545211792, 51.3187179565, 2.47089719772, 0.138917386532, 0.0110507039353, 0.000178836548002, 4.12022973251e-06, 6.59164145489e-09], "median": [0.00782405305654, 0.124805539846, 0.765945851803, 2.78574705124, 6.11981678009, 4.66232252121, 3.74952077866, 3.36222887039, 2.44088745117, 1.66321396828, 1.96345424652, 1.78696715832, 2.12105965614, 2.53470468521, 1.94619941711, 1.97967898846, 1.49592030048, 1.12542128563, 1.06608772278, 1.21556019783, 1.03894853592, 1.14511680603, 1.20512461662, 1.84032559395, 2.48978853226, 1.63843500614, 1.95498871803, 1.45154857635, 1.33417272568, 1.36836624146, 1.22387003899, 0.923481822014, 0.56752717495, 0.299702435732, 0.12115073204, 0.0467208847404, 0.0114340670407, 0.00151654356159, 0.000153613465955, 3.64972838724e-05], "dmean2": [0.0755887702107, 0.684657275677, 3.56205034256, 8.47925567627, 20.6393718719, 18.7796707153, 9.63117027283, 9.87842464447, 10.4300956726, 9.75608539581, 8.53805160522, 9.80092144012, 13.3439245224, 17.1534957886, 13.34603405, 10.063706398, 7.40594100952, 6.86312198639, 14.5289649963, 10.7158718109, 17.8637981415, 19.2188510895, 13.0295505524, 10.5640106201, 11.8293027878, 7.06668519974, 6.83873462677, 5.24025535583, 6.5896320343, 4.03552484512, 4.64254570007, 6.03600168228, 2.35181164742, 1.30601894855, 0.397140115499, 0.105942733586, 0.0324568934739, 0.00527797825634, 0.000746560748667, 3.92669680878e-05], "dmean": [0.0471754670143, 0.416002929211, 2.11622238159, 5.02547931671, 12.3484354019, 11.3445281982, 6.04734182358, 6.37078952789, 7.05549526215, 6.54579353333, 6.03071451187, 6.93585395813, 8.82858085632, 12.1408319473, 9.07282066345, 6.5588760376, 4.69326877594, 4.28219795227, 9.6368303299, 6.72325563431, 11.7221574783, 12.9104471207, 8.03202438354, 6.70450305939, 7.3236823082, 4.54568099976, 4.37271499634, 3.33712887764, 3.98334217072, 2.58849191666, 2.84072113037, 3.53450131416, 1.49525153637, 0.802159249783, 0.245555534959, 0.0682851821184, 0.0202347524464, 0.0033688666299, 0.000485727214254, 2.52658410318e-05], "var": [0.0535238608718, 2.45133805275, 28.5444927216, 122.574752808, 717.194274902, 678.384765625, 310.61895752, 242.654785156, 515.968688965, 480.26473999, 531.632751465, 801.003417969, 2270.55419922, 4845.71972656, 2120.18481445, 1419.17565918, 414.554595947, 382.682647705, 11284.46875, 1169.31799316, 7231.60693359, 6909.86328125, 3082.98022461, 1303.21789551, 1510.1541748, 596.705993652, 393.376220703, 282.044311523, 643.984802246, 332.608551025, 329.460357666, 738.231079102, 123.207733154, 24.216960907, 1.94846749306, 0.147588714957, 0.0105022443458, 0.000321795552736, 6.48763125355e-06, 1.71838614449e-08], "dvar": [0.0248762574047, 2.49223732948, 19.7087039948, 73.654624939, 463.713317871, 488.53024292, 165.341003418, 174.204910278, 316.609344482, 378.864807129, 335.714416504, 449.856262207, 713.506896973, 2804.98461914, 1122.85949707, 900.732299805, 311.295898438, 214.384048462, 4084.82373047, 786.962646484, 3327.87695312, 2848.38354492, 1484.94848633, 1028.08093262, 1078.41247559, 225.230667114, 170.836532593, 74.4766693115, 358.321075439, 90.0559158325, 316.964538574, 689.566833496, 76.8854141235, 21.1329231262, 1.02132368088, 0.0608393214643, 0.0044393800199, 7.96169260866e-05, 1.85086128113e-06, 3.19906745538e-09], "mean": [0.0790875703096, 0.557646930218, 3.04588890076, 7.70238542557, 17.3709506989, 15.3246135712, 9.40142822266, 8.89891338348, 9.76877784729, 8.27880477905, 8.15859031677, 9.84565258026, 15.2443599701, 18.9755859375, 13.1338825226, 9.43750095367, 6.76536035538, 6.76945066452, 15.5893545151, 9.88126564026, 17.5068626404, 22.6374874115, 13.4991130829, 10.4806804657, 11.1305465698, 8.2395401001, 7.82715082169, 6.68102884293, 7.39277029037, 5.3589053154, 4.50439548492, 4.92066240311, 2.75563216209, 1.81368422508, 0.701844394207, 0.193493023515, 0.056197989732, 0.0106555027887, 0.00148624402937, 9.37176228035e-05]}, "zerocrossingrate": {"min": 0, "max": 0.66259765625, "dvar2": 0.000622999272309, "median": 0.06591796875, "dmean2": 0.020724542439, "dmean": 0.0184105336666, "var": 0.00384334288538, "dvar": 0.000594159995671, "mean": 0.0756641477346}, "spectral_contrast_coeffs": {"min": [-0.958919763565, -0.950596034527, -0.967888951302, -0.953968048096, -0.937267839909, -0.915033996105], "max": [-0.281342625618, -0.373033881187, -0.482173889875, -0.506590723991, -0.582016170025, -0.51427334547], "dvar2": [0.00645821681246, 0.00525712966919, 0.00281289592385, 0.0016583930701, 0.00137433770578, 0.00112025905401], "median": [-0.590863704681, -0.746661305428, -0.797881960869, -0.827363371849, -0.812161207199, -0.792816877365], "dmean2": [0.10115750879, 0.0872037485242, 0.0647501349449, 0.0498806498945, 0.0416499860585, 0.0338585451245], "dmean": [0.0634368732572, 0.0561641305685, 0.0409549437463, 0.0308851208538, 0.0262491200119, 0.0229779761285], "var": [0.0133982244879, 0.00813540630043, 0.00569040514529, 0.00347190978937, 0.0026539969258, 0.00499028386548], "dvar": [0.00311234896071, 0.00245242076926, 0.00137654226273, 0.000731279840693, 0.000605388078839, 0.000600227387622], "mean": [-0.597732663155, -0.735271692276, -0.786886692047, -0.816374659538, -0.806496560574, -0.775163292885]}, "dissonance": {"min": 0.112592995167, "max": 0.500000119209, "dvar2": 0.00201069703326, "median": 0.467554986477, "dmean2": 0.0401688851416, "dmean": 0.0256879981607, "var": 0.00280825118534, "dvar": 0.000883655331563, "mean": 0.449051380157}, "spectral_energyband_high": {"min": 3.64614588522e-11, "max": 0.0424415282905, "dvar2": 5.79005609325e-06, "median": 0.000354196992703, "dmean2": 0.000613743031863, "dmean": 0.000398407573812, "var": 6.23644245934e-06, "dvar": 2.61690138359e-06, "mean": 0.000991202890873}, "spectral_skewness": {"min": -0.997435748577, "max": 5.63047790527, "dvar2": 0.375676870346, "median": 1.31659376621, "dmean2": 0.496061623096, "dmean": 0.3360850811, "var": 0.765852093697, "dvar": 0.185719713569, "mean": 1.49483692646}, "spectral_flux": {"min": 4.823274503e-05, "max": 0.340975999832, "dvar2": 0.00146184989717, "median": 0.063940577209, "dmean2": 0.0369756221771, "dmean": 0.0226787179708, "var": 0.00235906383023, "dvar": 0.000586829264648, "mean": 0.0731830894947}, "silence_rate_30dB": {"min": 0, "max": 1, "dvar2": 0.0207388345152, "median": 1, "dmean2": 0.0157397687435, "dmean": 0.00786575768143, "var": 0.0113979978487, "dvar": 0.00780400354415, "mean": 0.988469600677}, "spectral_energyband_middle_high": {"min": 2.72144351325e-12, "max": 0.0519986972213, "dvar2": 1.65247729456e-05, "median": 0.000648185028695, "dmean2": 0.00178988045081, "dmean": 0.00123630452435, "var": 3.88727021345e-05, "dvar": 8.21518551675e-06, "mean": 0.00293796276674}, "barkbands_spread": {"min": 0.495026022196, "max": 147.439651489, "dvar2": 318.574676514, "median": 20.4127006531, "dmean2": 15.3545942307, "dmean": 9.86972522736, "var": 451.763000488, "dvar": 143.685577393, "mean": 25.7892475128}, "spectral_centroid": {"min": 167.270385742, "max": 8506.50488281, "dvar2": 632974.1875, "median": 945.072631836, "dmean2": 605.354003906, "dmean": 406.119171143, "var": 1167853.875, "dvar": 351629.03125, "mean": 1292.31384277}, "pitch_salience": {"min": 0.0377201512456, "max": 0.840068638325, "dvar2": 0.0159139484167, "median": 0.586547136307, "dmean2": 0.139766290784, "dmean": 0.0861732661724, "var": 0.0163541696966, "dvar": 0.00625854637474, "mean": 0.571686029434}, "erbbands_skewness": {"min": -6.52497291565, "max": 7.96241617203, "dvar2": 1.07784974575, "median": 0.346611469984, "dmean2": 0.896588087082, "dmean": 0.608006179333, "var": 1.5514947176, "dvar": 0.532168447971, "mean": 0.328359425068}, "erbbands_crest": {"min": 2.05025267601, "max": 30.8168334961, "dvar2": 20.5107822418, "median": 8.80377960205, "dmean2": 4.93339824677, "dmean": 3.03911781311, "var": 19.4346733093, "dvar": 8.02882862091, "mean": 9.54693508148}, "melbands": {"min": [6.15763559933e-12, 3.83422547184e-12, 2.09826101806e-12, 9.36875577118e-13, 5.03475787537e-13, 1.9638555105e-13, 3.8918732603e-13, 3.05615423376e-13, 1.10259071567e-13, 2.05977931516e-14, 4.32516495153e-15, 1.60728872432e-14, 2.33478329986e-14, 2.09432081053e-14, 6.081802271e-14, 4.1984251904e-14, 4.44891417814e-14, 3.82976528095e-14, 3.0869353433e-14, 8.67187842124e-15, 4.34270192167e-15, 1.58386987269e-15, 3.76029773725e-15, 4.85621861056e-15, 2.33568538994e-14, 1.61424015431e-14, 6.94806769424e-15, 4.6048598894e-15, 7.58031045025e-15, 8.37043125378e-15, 7.04349612015e-15, 1.02920567847e-14, 8.14620723308e-15, 9.00564158971e-15, 3.65030034465e-15, 4.85186697879e-15, 9.14996668656e-15, 6.00790728609e-15, 1.05979618866e-14, 6.1651373534e-15], "max": [0.0441608279943, 0.0372750349343, 0.0167144685984, 0.0161320306361, 0.00859257951379, 0.00391912367195, 0.00458077061921, 0.00336164655164, 0.00373825826682, 0.00258966744877, 0.00265284068882, 0.00715581094846, 0.00318756327033, 0.00193605618551, 0.00114271766506, 0.000636866607238, 0.000774442101829, 0.00423840247095, 0.00106100202538, 0.00208168849349, 0.00240410724655, 0.00134731142316, 0.00178627751302, 0.000595304125454, 0.000784911273513, 0.000485406140797, 0.00040574875311, 0.000174782806425, 0.000294176978059, 9.46304062381e-05, 0.000140184842166, 0.000325411150698, 0.000357001670636, 0.000179509428563, 0.000152255001012, 0.000637250079308, 0.000447717058705, 0.000227761018323, 0.000115111593914, 0.00013956388284], "dvar2": [5.46351975572e-06, 1.12979450932e-05, 9.11067400011e-06, 7.15112037142e-06, 4.24814686539e-07, 1.93051619135e-07, 1.46002051338e-07, 8.29561983551e-08, 4.86332289995e-08, 4.12230960478e-08, 4.68761847117e-08, 1.03195617385e-07, 2.80183947154e-08, 1.68596514527e-08, 5.00111951851e-09, 2.52935716816e-09, 2.7243363121e-09, 1.79266415046e-08, 2.98999225379e-09, 1.09173363683e-08, 1.29169626106e-08, 8.52533865725e-09, 8.30075119751e-09, 1.00823471794e-09, 2.40656161665e-09, 1.50453427494e-09, 1.05592201649e-09, 2.3055439502e-10, 2.83330303663e-10, 5.70376697262e-11, 7.73147379451e-11, 2.66912519864e-10, 3.66857988432e-10, 6.26302620876e-11, 1.19389789721e-10, 1.23420207387e-09, 5.73752489963e-10, 8.77176248304e-11, 4.63156214769e-11, 5.86074869191e-11], "median": [9.28387744352e-05, 0.000328246853314, 0.000693482288625, 0.000445911020506, 0.000149279774632, 7.77459426899e-05, 3.50168338628e-05, 1.61325406225e-05, 1.47283117258e-05, 9.74881550064e-06, 9.66593688645e-06, 9.52427762968e-06, 6.16432998868e-06, 5.27929387317e-06, 3.67904704035e-06, 2.84296584141e-06, 1.84618284038e-06, 1.5201505903e-06, 1.59926878496e-06, 1.23778659145e-06, 1.14062584089e-06, 1.1074031363e-06, 9.36137553254e-07, 1.04621960872e-06, 1.3242733985e-06, 1.77530102974e-06, 1.42323960972e-06, 8.35494176954e-07, 1.14039380605e-06, 1.01849764178e-06, 7.26338214463e-07, 7.29895418772e-07, 5.86054682117e-07, 8.11139216239e-07, 7.61192779919e-07, 4.98559870721e-07, 5.50984736947e-07, 3.64344174386e-07, 3.19982348174e-07, 2.04071895382e-07], "dmean2": [0.000674149196129, 0.00148154119961, 0.00176961277612, 0.0015077823773, 0.000367173895938, 0.000223527138587, 0.000158865470439, 0.000100714132714, 7.21670585335e-05, 6.29764763289e-05, 6.94954433129e-05, 7.36246875022e-05, 4.59653711005e-05, 3.39036087098e-05, 2.02459796128e-05, 1.54069985001e-05, 1.34802685352e-05, 2.50247139775e-05, 1.43801798913e-05, 1.80245569936e-05, 2.27467808145e-05, 2.2387413992e-05, 1.7860895241e-05, 8.03856983111e-06, 9.3084117907e-06, 9.4506494861e-06, 7.43076452636e-06, 4.68119424113e-06, 5.07751838086e-06, 3.27333532368e-06, 3.4014517496e-06, 3.9458250285e-06, 3.54803751179e-06, 2.3796574169e-06, 2.50108064392e-06, 3.90975128539e-06, 3.795771363e-06, 1.73779653778e-06, 1.51180597641e-06, 1.1430131508e-06], "dmean": [0.000417196162743, 0.000890665047336, 0.0010474990122, 0.000912892166525, 0.000229296201724, 0.00014370471763, 0.000106859974039, 6.72183159622e-05, 5.02332113683e-05, 4.37333765149e-05, 4.60529226984e-05, 5.21948131791e-05, 3.20541512338e-05, 2.19885732804e-05, 1.28602341647e-05, 9.50290905166e-06, 8.3089707914e-06, 1.67998914549e-05, 9.21014725463e-06, 1.16244655146e-05, 1.45355434142e-05, 1.45996518768e-05, 1.1345961866e-05, 4.94672895002e-06, 5.85452789892e-06, 6.04457545705e-06, 4.66005303679e-06, 2.93101174975e-06, 3.20354229189e-06, 2.07948960451e-06, 2.13660450754e-06, 2.44535567617e-06, 2.11041447074e-06, 1.46351408148e-06, 1.5326547782e-06, 2.30093019127e-06, 2.2540568807e-06, 1.12504858407e-06, 9.20615150335e-07, 6.66169512442e-07], "var": [3.73104467144e-06, 5.87141812503e-06, 5.06552487423e-06, 3.96837458538e-06, 3.74945813064e-07, 1.20090206224e-07, 1.17173350134e-07, 5.2288314123e-08, 3.5201249915e-08, 3.36608643181e-08, 6.95459760891e-08, 9.48092662156e-08, 3.08829442019e-08, 1.39256215448e-08, 3.22984128331e-09, 1.38288824836e-09, 1.4020234973e-09, 3.39164181185e-08, 3.32661675984e-09, 5.77172043492e-09, 1.17496590235e-08, 8.60604210118e-09, 8.790432382e-09, 9.62324442355e-10, 1.01417585441e-09, 9.74493485906e-10, 6.15133555204e-10, 2.27902169359e-10, 2.25239854545e-10, 7.0094895166e-11, 1.04989218708e-10, 1.78544387608e-10, 2.42456221766e-10, 8.40853844886e-11, 7.23081872156e-11, 3.24248627948e-10, 2.84229001446e-10, 7.34688213044e-11, 2.56100470691e-11, 1.7740075034e-11], "dvar": [2.40469375967e-06, 4.27441818829e-06, 3.13784244099e-06, 2.58570889855e-06, 1.99637284481e-07, 8.17524679064e-08, 7.33753253712e-08, 3.79421756236e-08, 2.4316586078e-08, 1.91965678908e-08, 2.05112176133e-08, 5.14900619919e-08, 1.49481174105e-08, 7.76206743325e-09, 2.28516738865e-09, 1.09218112332e-09, 1.06427533453e-09, 1.19307204116e-08, 1.44979084293e-09, 4.64225413666e-09, 5.97161742277e-09, 4.12411438333e-09, 4.05735933739e-09, 3.97599064783e-10, 9.08381481146e-10, 6.47024989142e-10, 4.27655383328e-10, 9.23897416905e-11, 1.13164255744e-10, 2.49694067506e-11, 3.14964616888e-11, 9.83948200695e-11, 1.28733385063e-10, 2.65130729871e-11, 4.68248356755e-11, 4.43452774501e-10, 2.46862474906e-10, 4.67244541669e-11, 1.88364809861e-11, 2.13662004755e-11], "mean": [0.000668957654852, 0.00129992165603, 0.00163019355386, 0.00129940733314, 0.000362767634215, 0.000203795440029, 0.000146649355884, 8.62625383888e-05, 6.63124883431e-05, 5.99795093876e-05, 7.91571801528e-05, 8.2612328697e-05, 4.51846681244e-05, 3.10751711368e-05, 1.75298137037e-05, 1.33170242407e-05, 1.17405961646e-05, 2.61566110566e-05, 1.39991725518e-05, 1.52303446157e-05, 2.05166888918e-05, 2.40070803557e-05, 1.8081133021e-05, 8.42189638206e-06, 8.33190097183e-06, 8.96163692232e-06, 6.7311220846e-06, 5.08282801093e-06, 5.21086121807e-06, 3.79642051485e-06, 3.91432104152e-06, 4.268545581e-06, 3.61604747923e-06, 2.86137174044e-06, 2.56042312685e-06, 2.7410878829e-06, 3.07896902996e-06, 1.85609098935e-06, 1.83328950243e-06, 1.41783755225e-06]}, "spectral_entropy": {"min": 4.2443985939, "max": 8.96454811096, "dvar2": 0.13510389626, "median": 7.66802120209, "dmean2": 0.345853894949, "dmean": 0.238244920969, "var": 0.519031107426, "dvar": 0.0809075012803, "mean": 7.48705673218}, "spectral_rolloff": {"min": 21.533203125, "max": 20628.8085938, "dvar2": 5139884.5, "median": 667.529296875, "dmean2": 1467.04772949, "dmean": 860.357116699, "var": 6229575, "dvar": 2552599, "mean": 1752.83544922}, "barkbands": {"min": [1.61735104476e-11, 1.62452273855e-11, 6.53288577748e-12, 4.04570214135e-12, 4.15415488467e-12, 1.07671217862e-12, 2.03511730038e-12, 9.37154325496e-13, 1.71165477083e-13, 5.19919089064e-14, 1.80751992692e-13, 2.81744923615e-13, 4.98899261746e-13, 4.97769902554e-13, 3.99744012848e-13, 7.64333325906e-14, 3.00320986341e-14, 9.9867515516e-14, 5.25635362059e-13, 2.01879935295e-13, 2.52196538392e-13, 4.64122718122e-13, 3.57644063019e-13, 5.92054183457e-13, 1.02393516842e-12, 1.12754337117e-12, 3.96383342816e-11], "max": [0.0172068104148, 0.176531225443, 0.0656675994396, 0.0428836122155, 0.0578134730458, 0.027913954109, 0.0205057878047, 0.0179095901549, 0.0192086733878, 0.0406354740262, 0.0197189599276, 0.0149444881827, 0.00767723796889, 0.0147006697953, 0.0364392846823, 0.0266284160316, 0.021679520607, 0.016938848421, 0.0141402520239, 0.00763786723837, 0.00768118677661, 0.013411892578, 0.0146489376202, 0.0238201133907, 0.00758758652955, 0.00102962634992, 0.000157588307047], "dvar2": [4.33179764059e-07, 9.67638334259e-05, 4.60983246739e-05, 6.2703344156e-05, 0.000102808910015, 5.27053225596e-06, 3.84236363971e-06, 1.13557632631e-06, 1.98825705411e-06, 4.64419554191e-06, 1.60581919317e-06, 1.19890489714e-06, 2.72665857892e-07, 7.51625179873e-07, 2.14054625758e-06, 2.38519055529e-06, 2.80257381746e-06, 7.7365081097e-07, 1.21023595057e-06, 2.54900243135e-07, 1.59369747621e-07, 5.60736452826e-07, 8.26567600143e-07, 1.62735079812e-06, 1.8645982891e-07, 3.84052123437e-09, 9.64064453268e-11], "median": [3.08072994812e-05, 0.000425255158916, 0.000682418118231, 0.000812081445474, 0.00207329401746, 0.000426876329584, 0.000130054628244, 7.11629618309e-05, 6.64458057145e-05, 7.99224508228e-05, 4.43116041424e-05, 4.69557126053e-05, 2.80146159639e-05, 1.96879373107e-05, 2.12151317101e-05, 1.75233217306e-05, 1.92409188458e-05, 2.23917868425e-05, 4.82417235617e-05, 3.4993969166e-05, 4.18282870669e-05, 3.68211549358e-05, 4.61361632915e-05, 4.28437197115e-05, 2.21656864596e-05, 7.36852871341e-06, 6.83314283378e-07], "dmean2": [0.000191217230167, 0.00269600236788, 0.00349580682814, 0.0043213176541, 0.00587314134464, 0.00123478961177, 0.000764344178606, 0.000390764238546, 0.000441104493802, 0.000552392331883, 0.000335917982738, 0.000285314919893, 0.000158734299475, 0.000190342369024, 0.000262436369667, 0.00031330290949, 0.000384829589166, 0.000203665578738, 0.000248401862336, 0.000153222383233, 0.000148130187881, 0.000172408719664, 0.000157404661877, 0.000205726842978, 7.99240951892e-05, 1.7079673853e-05, 3.53514656126e-06], "dmean": [0.000125366190332, 0.00165751203895, 0.00206984695978, 0.00256688916124, 0.00356240919791, 0.000783252180554, 0.000505491741933, 0.000273053039564, 0.000300454325043, 0.000375604286091, 0.000232336562476, 0.00018266918778, 9.84778816928e-05, 0.000116117356811, 0.000167081030668, 0.000202759780223, 0.000248868571362, 0.000126122889924, 0.000155278510647, 9.67960077105e-05, 9.30503956624e-05, 0.000104146820377, 9.50059984461e-05, 0.000125948165078, 4.86734898004e-05, 1.10293858597e-05, 2.344963832e-06], "var": [4.37863690195e-07, 5.07620461576e-05, 2.54732112808e-05, 2.87405364361e-05, 5.64519905311e-05, 3.77235755877e-06, 2.7349587981e-06, 1.11924634894e-06, 1.45582566802e-06, 5.57230168852e-06, 1.48132869526e-06, 9.65452045421e-07, 1.55069585617e-07, 3.94557076788e-07, 2.67377959062e-06, 1.85164788036e-06, 2.55158852269e-06, 6.69057214964e-07, 6.38509618511e-07, 2.45537535193e-07, 1.87481290936e-07, 4.34279854744e-07, 3.63636218026e-07, 9.72666157395e-07, 8.81286723597e-08, 4.07365963184e-09, 1.86912485489e-10], "dvar": [1.97504647304e-07, 4.07018014812e-05, 1.6557822164e-05, 2.16843181988e-05, 3.72942959075e-05, 2.38530105889e-06, 1.87156661013e-06, 6.41340534457e-07, 8.68478309712e-07, 2.22837775254e-06, 7.62108470553e-07, 5.68734208173e-07, 1.19837380907e-07, 2.88393664505e-07, 1.19294486467e-06, 1.05200547296e-06, 1.27715713916e-06, 3.21839166872e-07, 4.90255501973e-07, 1.03520306993e-07, 6.56053060766e-08, 1.98841220822e-07, 3.04312408161e-07, 7.45130989799e-07, 7.26277775698e-08, 1.64642044442e-09, 4.59410079423e-11], "mean": [0.000205700169317, 0.00249623483978, 0.00303896120749, 0.00324467872269, 0.00510589033365, 0.00112620706204, 0.00066211563535, 0.000352416594978, 0.00040923274355, 0.000656283576973, 0.000313832686516, 0.000259083230048, 0.000134593443363, 0.000159734758199, 0.000258894579019, 0.000273683370324, 0.00039890492917, 0.00020143747679, 0.00022857474687, 0.000170430575963, 0.000177483467269, 0.000196596418391, 0.000159750750754, 0.000202637762413, 0.000129815249238, 3.33033567586e-05, 7.90364447312e-06]}, "melbands_flatness_db": {"min": 0.0464587323368, "max": 0.606852889061, "dvar2": 0.00326648866758, "median": 0.224389091134, "dmean2": 0.0560247153044, "dmean": 0.0375369600952, "var": 0.00804588478059, "dvar": 0.00152341346256, "mean": 0.236803129315}, "melbands_skewness": {"min": -6.90366268158, "max": 31.1148300171, "dvar2": 5.60015535355, "median": 3.4700088501, "dmean2": 2.00632500648, "dmean": 1.28756141663, "var": 7.34055709839, "dvar": 2.37763929367, "mean": 3.85092973709}, "barkbands_skewness": {"min": -13.2735967636, "max": 17.9111824036, "dvar2": 3.18658232689, "median": 1.95971655846, "dmean2": 1.46342670918, "dmean": 0.976580679417, "var": 4.4059510231, "dvar": 1.46227383614, "mean": 2.08766341209}, "silence_rate_60dB": {"min": 0, "max": 1, "dvar2": 0.147051259875, "median": 0, "dmean2": 0.147953823209, "dmean": 0.0739381238818, "var": 0.160755217075, "dvar": 0.06847243011, "mean": 0.2012578547}, "spectral_energyband_low": {"min": 3.29866724214e-11, "max": 0.210264325142, "dvar2": 0.000196753433556, "median": 0.00246676127426, "dmean2": 0.00649811280891, "dmean": 0.00394689803943, "var": 0.000144634279422, "dvar": 7.75318621891e-05, "mean": 0.00722010200843}, "spectral_energyband_middle_low": {"min": 1.24284419561e-11, "max": 0.0759821608663, "dvar2": 0.000197485846002, "median": 0.00676364824176, "dmean2": 0.00948422122747, "dmean": 0.00591433560476, "var": 0.000157428148668, "dvar": 7.45606739656e-05, "mean": 0.0109896911308}, "melbands_kurtosis": {"min": -1.87766218185, "max": 1220.20776367, "dvar2": 4737.5546875, "median": 17.3361167908, "dmean2": 29.7806053162, "dmean": 18.611497879, "var": 2939.49780273, "dvar": 1987.0970459, "mean": 31.2139987946}, "spectral_decrease": {"min": -7.20989987713e-08, "max": 7.71230010041e-16, "dvar2": 2.56270016715e-17, "median": -3.35240990523e-09, "dmean2": 3.36714434113e-09, "dmean": 2.11976214359e-09, "var": 3.58895337464e-17, "dvar": 1.01344903064e-17, "mean": -5.07966291252e-09}, "erbbands_kurtosis": {"min": -1.86774384975, "max": 144.602722168, "dvar2": 113.023452759, "median": -0.0551745891571, "dmean2": 3.7161924839, "dmean": 2.31479477882, "var": 47.6261825562, "dvar": 39.0306015015, "mean": 1.94096851349}, "melbands_crest": {"min": 4.68214273453, "max": 39.2442474365, "dvar2": 31.5737171173, "median": 15.3205394745, "dmean2": 6.36734008789, "dmean": 3.90655565262, "var": 34.0695495605, "dvar": 12.4069099426, "mean": 16.1886634827}, "gfcc": {"cov": [[22241.5664062, -1156.96228027, -867.934265137, 935.210021973, -599.464477539, 579.827819824, -727.791748047, 211.86618042, -1130.14318848, -174.699417114, -614.324401855, 293.466888428, -279.681884766], [-1156.96228027, 3374.38989258, -793.638793945, -352.051513672, 44.5281143188, -505.940704346, 189.564300537, -390.371368408, 384.765380859, -255.020217896, 101.736152649, -276.99017334, 96.5357589722], [-867.934265137, -793.638793945, 1343.87902832, -169.214065552, -72.3517074585, 193.442306519, -160.185684204, 93.059967041, -148.448867798, 64.8272323608, 0.439325869083, 31.0907478333, -108.909919739], [935.210021973, -352.051513672, -169.214065552, 771.507263184, 16.2251853943, -23.4897689819, 85.7671661377, -49.3573722839, 29.1436080933, 23.0006008148, -9.09421348572, 49.9073066711, 17.3412971497], [-599.464477539, 44.5281143188, -72.3517074585, 16.2251853943, 551.36340332, -32.3805084229, 51.0761451721, 29.8964252472, 58.5651168823, 33.9870491028, -22.8985290527, 59.8560066223, 39.898059845], [579.827819824, -505.940704346, 193.442306519, -23.4897689819, -32.3805084229, 403.775848389, -13.265329361, 44.2164039612, -41.3445739746, 39.7704696655, -18.8725986481, 39.831829071, -15.0522670746], [-727.791748047, 189.564300537, -160.185684204, 85.7671661377, 51.0761451721, -13.265329361, 344.805786133, -77.5751419067, 60.675239563, 28.7866249084, 24.473405838, 28.452457428, 25.6101608276], [211.86618042, -390.371368408, 93.059967041, -49.3573722839, 29.8964252472, 44.2164039612, -77.5751419067, 279.32925415, -58.6712150574, 10.8944749832, -7.80458831787, 36.6083450317, 12.8517866135], [-1130.14318848, 384.765380859, -148.448867798, 29.1436080933, 58.5651168823, -41.3445739746, 60.675239563, -58.6712150574, 296.959838867, 11.3032979965, 15.8431882858, -32.7842597961, 38.5488090515], [-174.699417114, -255.020217896, 64.8272323608, 23.0006008148, 33.9870491028, 39.7704696655, 28.7866249084, 10.8944749832, 11.3032979965, 159.536712646, 21.0455722809, 8.85853481293, 0.166570201516], [-614.324401855, 101.736152649, 0.439325869083, -9.09421348572, -22.8985290527, -18.8725986481, 24.473405838, -7.80458831787, 15.8431882858, 21.0455722809, 130.516052246, -3.7668504715, -2.37794041634], [293.466888428, -276.99017334, 31.0907478333, 49.9073066711, 59.8560066223, 39.831829071, 28.452457428, 36.6083450317, -32.7842597961, 8.85853481293, -3.7668504715, 131.358276367, 4.8265337944], [-279.681884766, 96.5357589722, -108.909919739, 17.3412971497, 39.898059845, -15.0522670746, 25.6101608276, 12.8517866135, 38.5488090515, 0.166570201516, -2.37794041634, 4.8265337944, 92.6078414917]], "icov": [[0.000129619336803, -0.000168225014932, 0.000169637714862, -0.0002389998117, 0.000146909616888, -0.000284159032162, 0.000332466530381, -0.000133304885821, 0.000525069248397, -0.00026574981166, 0.0006124341744, -0.000459291739389, 0.000449727958767], [-0.000168225014932, 0.00107701565139, -1.38451769089e-05, 0.000765348144341, -0.000352589820977, 0.000940034457017, -0.000723188975826, 0.000922467617784, -0.00124935421627, 0.00151650374755, -0.00137501140125, 0.00171857734676, -0.00102122069802], [0.000169637714862, -1.38451769089e-05, 0.0012504941551, -4.64641780127e-05, 0.000191736238776, -0.000555895210709, 0.000685007020365, -0.000113854061055, 0.00076150149107, -0.000462349329609, 0.00061178044416, -0.000534131599125, 0.00138687645085], [-0.0002389998117, 0.000765348144341, -4.64641780127e-05, 0.00210176035762, -0.000264464353677, 0.000906603178009, -0.000932783412281, 0.000864882313181, -0.00132873351686, 0.000831643177662, -0.00123363698367, 0.000783833442256, -0.00108951563016], [0.000146909616888, -0.000352589820977, 0.000191736238776, -0.000264464353677, 0.00230293581262, -0.000144486228237, 0.000283539411612, -0.000497724337038, 0.00026878961944, -0.00101006065961, 0.00132792000659, -0.00177445169538, 7.77488749009e-05], [-0.000284159032162, 0.000940034457017, -0.000555895210709, 0.000906603178009, -0.000144486228237, 0.00385871320032, -0.00100618309807, 0.000559515843634, -0.00148247706238, 0.000707718019839, -0.00117955496535, 0.000955807452556, -0.00123584270477], [0.000332466530381, -0.000723188975826, 0.000685007020365, -0.000932783412281, 0.000283539411612, -0.00100618309807, 0.0045547154732, 0.000389742694097, 0.0011975428788, -0.00169519137125, 0.00120313593652, -0.00257673952729, 0.00080857652938], [-0.000133304885821, 0.000922467617784, -0.000113854061055, 0.000864882313181, -0.000497724337038, 0.000559515843634, 0.000389742694097, 0.0051260907203, -0.000401107477956, 0.000964157807175, -0.00119266542606, 0.000361751299351, -0.0020580671262], [0.000525069248397, -0.00124935421627, 0.00076150149107, -0.00132873351686, 0.00026878961944, -0.00148247706238, 0.0011975428788, -0.000401107477956, 0.00659631937742, -0.00212578475475, 0.00244849501178, -0.00147292227484, 0.000797868997324], [-0.00026574981166, 0.00151650374755, -0.000462349329609, 0.000831643177662, -0.00101006065961, 0.000707718019839, -0.00169519137125, 0.000964157807175, -0.00212578475475, 0.0091757979244, -0.00324349408038, 0.00274389865808, -0.00155560858548], [0.0006124341744, -0.00137501140125, 0.00061178044416, -0.00123363698367, 0.00132792000659, -0.00117955496535, 0.00120313593652, -0.00119266542606, 0.00244849501178, -0.00324349408038, 0.0114812608808, -0.00306113809347, 0.00274334708229], [-0.000459291739389, 0.00171857734676, -0.000534131599125, 0.000783833442256, -0.00177445169538, 0.000955807452556, -0.00257673952729, 0.000361751299351, -0.00147292227484, 0.00274389865808, -0.00306113809347, 0.0125186378136, -0.00249414471909], [0.000449727958767, -0.00102122069802, 0.00138687645085, -0.00108951563016, 7.77488749009e-05, -0.00123584270477, 0.00080857652938, -0.0020580671262, 0.000797868997324, -0.00155560858548, 0.00274334708229, -0.00249414471909, 0.0147547433153]], "mean": [-69.7471160889, 82.3030319214, -83.7168045044, 38.8949928284, -62.0428085327, 11.0263690948, -35.188621521, -1.66735327244, -26.7309551239, -8.94397449493, -15.9853830338, -5.15768575668, -8.48384857178]}, "melbands_spread": {"min": 0.430988848209, "max": 242.824325562, "dvar2": 1083.02612305, "median": 13.6603746414, "dmean2": 19.1075839996, "dmean": 12.1574335098, "var": 843.733276367, "dvar": 465.265045166, "mean": 23.9555549622}, "spectral_energy": {"min": 1.01602518066e-10, "max": 0.293804436922, "dvar2": 0.000378085969714, "median": 0.01379872486, "dmean2": 0.0131962457672, "dmean": 0.00832587014884, "var": 0.000585185538512, "dvar": 0.000150562322233, "mean": 0.0206043701619}, "mfcc": {"cov": [[14224.9111328, -440.841247559, -336.81741333, 427.931976318, 137.88180542, 218.697723389, 161.846420288, 147.488128662, -162.148254395, -336.109680176, -172.395858765, -334.800170898, -139.49005127], [-440.841247559, 2943.83422852, -349.603363037, -159.606582642, -148.469802856, -153.440826416, -253.182403564, -129.104644775, -26.3743801117, -19.8589076996, -87.9094772339, 25.618850708, -66.3299484253], [-336.81741333, -349.603363037, 1151.72033691, -193.243164062, 8.62780284882, 3.02123260498, 34.781578064, -27.6235141754, -119.769218445, 20.9720249176, -1.2920088768, -24.6906909943, -27.7979831696], [427.931976318, -159.606582642, -193.243164062, 726.194641113, -20.3791179657, 86.0573577881, -21.8963489532, 13.8622293472, 29.0262031555, -48.2659988403, 22.0885658264, -7.9100561142, 42.3032341003], [137.88180542, -148.469802856, 8.62780284882, -20.3791179657, 427.182556152, -21.023021698, 2.43014502525, 23.2174720764, 38.3368835449, 8.52473163605, -5.82057714462, -10.9493293762, 13.7557935715], [218.697723389, -153.440826416, 3.02123260498, 86.0573577881, -21.023021698, 399.531219482, 15.3685369492, 31.7159900665, 31.1381931305, 16.5607147217, 49.3075561523, -19.9511146545, 35.8722267151], [161.846420288, -253.182403564, 34.781578064, -21.8963489532, 2.43014502525, 15.3685369492, 272.33807373, 23.1905860901, -18.9189491272, -3.15678286552, -0.90954965353, -23.3776397705, 14.4484672546], [147.488128662, -129.104644775, -27.6235141754, 13.8622293472, 23.2174720764, 31.7159900665, 23.1905860901, 187.410415649, 30.8640956879, -14.799785614, 0.0297974422574, -13.2611818314, 21.2569026947], [-162.148254395, -26.3743801117, -119.769218445, 29.0262031555, 38.3368835449, 31.1381931305, -18.9189491272, 30.8640956879, 178.221221924, 32.2169647217, 6.78014802933, 12.9105768204, 2.27504277229], [-336.109680176, -19.8589076996, 20.9720249176, -48.2659988403, 8.52473163605, 16.5607147217, -3.15678286552, -14.799785614, 32.2169647217, 152.283309937, 21.6803741455, -0.84972345829, 2.15939188004], [-172.395858765, -87.9094772339, -1.2920088768, 22.0885658264, -5.82057714462, 49.3075561523, -0.90954965353, 0.0297974422574, 6.78014802933, 21.6803741455, 121.678314209, 24.3668746948, 12.9528083801], [-334.800170898, 25.618850708, -24.6906909943, -7.9100561142, -10.9493293762, -19.9511146545, -23.3776397705, -13.2611818314, 12.9105768204, -0.84972345829, 24.3668746948, 104.576667786, 20.2226867676], [-139.49005127, -66.3299484253, -27.7979831696, 42.3032341003, 13.7557935715, 35.8722267151, 14.4484672546, 21.2569026947, 2.27504277229, 2.15939188004, 12.9528083801, 20.2226867676, 108.891044617]], "icov": [[8.57565173646e-05, 1.22458113765e-05, 3.69664376194e-05, -3.26718400174e-05, -3.46861488651e-05, -5.60049884371e-05, -2.13363764487e-05, -3.60704616469e-05, 8.48642303026e-05, 0.000150719890371, 7.21166652511e-05, 0.000204731477425, 0.0001207856767], [1.22458113765e-05, 0.000427811144618, 0.000159646646352, 0.000118121082778, 0.000126483064378, 5.53451245651e-05, 0.000362220627721, 0.000204949814361, 0.000106744657387, 5.11124417244e-05, 0.000262800691416, 1.62640426424e-05, 0.000111343615572], [3.69664376194e-05, 0.000159646646352, 0.00106177094858, 0.000253778038314, -4.46594240202e-05, -0.000114131835289, 6.27274130238e-05, 8.39813001221e-05, 0.000751771265641, -0.000113879410492, 9.0478140919e-05, 0.000178729183972, 0.000278181949398], [-3.26718400174e-05, 0.000118121082778, 0.000253778038314, 0.00161231146194, 0.000132211804157, -0.000213180086575, 0.000270778808044, 0.000174912318471, -0.000200742710149, 0.00054441858083, -0.000240589142777, 0.000302051019389, -0.000582110893447], [-3.46861488651e-05, 0.000126483064378, -4.46594240202e-05, 0.000132211804157, 0.00250512151979, 0.000280919193756, 0.000136701113661, -9.54953429755e-05, -0.00063280959148, -5.37157502549e-05, 5.16930340382e-05, 0.000353340758011, -0.000496137305163], [-5.60049884371e-05, 5.53451245651e-05, -0.000114131835289, -0.000213180086575, 0.000280919193756, 0.00296400603838, 7.72544899519e-06, -0.000204529162147, -0.000593824719545, -0.000212449289393, -0.00119034119416, 0.000869450857863, -0.000960628967732], [-2.13363764487e-05, 0.000362220627721, 6.27274130238e-05, 0.000270778808044, 0.000136701113661, 7.72544899519e-06, 0.00418685888872, -0.000216999134864, 0.000417967821704, 4.80259041069e-05, 8.0221958342e-05, 0.000849735690281, -0.00060590315843], [-3.60704616469e-05, 0.000204949814361, 8.39813001221e-05, 0.000174912318471, -9.54953429755e-05, -0.000204529162147, -0.000216999134864, 0.00604704068974, -0.00119879713748, 0.000878424674738, -5.67674305785e-06, 0.00092589383712, -0.00120375002734], [8.48642303026e-05, 0.000106744657387, 0.000751771265641, -0.000200742710149, -0.00063280959148, -0.000593824719545, 0.000417967821704, -0.00119879713748, 0.0070571298711, -0.00154787581414, 0.000439803610789, -0.000993152963929, 0.000913141528144], [0.000150719890371, 5.11124417244e-05, -0.000113879410492, 0.00054441858083, -5.37157502549e-05, -0.000212449289393, 4.80259041069e-05, 0.000878424674738, -0.00154787581414, 0.00772399175912, -0.00125690095592, 0.00116602901835, -0.000305315421429], [7.21166652511e-05, 0.000262800691416, 9.0478140919e-05, -0.000240589142777, 5.16930340382e-05, -0.00119034119416, 8.0221958342e-05, -5.67674305785e-06, 0.000439803610789, -0.00125690095592, 0.00970978010446, -0.00237065367401, 4.61034469481e-05], [0.000204731477425, 1.62640426424e-05, 0.000178729183972, 0.000302051019389, 0.000353340758011, 0.000869450857863, 0.000849735690281, 0.00092589383712, -0.000993152963929, 0.00116602901835, -0.00237065367401, 0.0119299385697, -0.00236005173065], [0.0001207856767, 0.000111343615572, 0.000278181949398, -0.000582110893447, -0.000496137305163, -0.000960628967732, -0.00060590315843, -0.00120375002734, 0.000913141528144, -0.000305315421429, 4.61034469481e-05, -0.00236005173065, 0.0108175119385]], "mean": [-713.036376953, 108.538162231, 31.6032295227, 27.0296287537, 3.24345064163, 7.80750608444, 2.03748440742, 2.94932222366, -3.6217622757, -3.57152462006, -8.33725643158, -4.38051366806, -5.00235128403]}, "spectral_contrast_valleys": {"min": [-15.9877691269, -15.9567165375, -16.4046192169, -17.3738746643, -17.2089118958, -18.7071475983], "max": [-5.18603992462, -5.01077795029, -5.14338159561, -5.84048748016, -5.43020915985, -7.34841156006], "dvar2": [0.479111671448, 0.480706989765, 0.384531438351, 0.427416145802, 0.342420935631, 0.364252626896], "median": [-7.64022541046, -7.33512735367, -7.90705966949, -8.42835140228, -8.05375385284, -9.92144393921], "dmean2": [0.769058525562, 0.737454473972, 0.60522210598, 0.548996448517, 0.470302820206, 0.412492483854], "dmean": [0.466374486685, 0.452285915613, 0.376444816589, 0.354431718588, 0.326761811972, 0.294376909733], "var": [2.19172525406, 1.87006735802, 1.92702817917, 2.01852750778, 2.41047120094, 3.22677183151], "dvar": [0.1964815557, 0.21246612072, 0.163570165634, 0.191056028008, 0.17989359796, 0.216199681163], "mean": [-7.85362148285, -7.57257127762, -8.15000247955, -8.63516235352, -8.36139297485, -10.4886684418]}, "barkbands_flatness_db": {"min": 0.0190137587488, "max": 0.473779261112, "dvar2": 0.00253116060048, "median": 0.147368237376, "dmean2": 0.0466185323894, "dmean": 0.0307170469314, "var": 0.0058405068703, "dvar": 0.0011019037338, "mean": 0.16116990149}, "dynamic_complexity": 5.23828935623, "erbbands_flatness_db": {"min": 0.0165318567306, "max": 0.444628030062, "dvar2": 0.00116948434152, "median": 0.141872704029, "dmean2": 0.031533293426, "dmean": 0.0213830657303, "va