{"lowlevel": {"spectral_complexity": {"min": 0, "max": 58, "dvar2": 56.4178009033, "median": 13, "dmean2": 5.98616743088, "dmean": 4.37038564682, "var": 156.317382812, "dvar": 34.9184036255, "mean": 15.7884893417}, "silence_rate_20dB": {"min": 1, "max": 1, "dvar2": 0, "median": 1, "dmean2": 0, "dmean": 0, "var": 0, "dvar": 0, "mean": 1}, "average_loudness": 0.888806045055, "erbbands_spread": {"min": 0.624326109886, "max": 157.117538452, "dvar2": 194.255554199, "median": 29.5513153076, "dmean2": 12.6424627304, "dmean": 8.28898429871, "var": 372.691253662, "dvar": 93.2222976685, "mean": 34.3270683289}, "spectral_kurtosis": {"min": -1.28254294395, "max": 36.0659103394, "dvar2": 11.5595521927, "median": 3.57387757301, "dmean2": 2.72847032547, "dmean": 1.61444270611, "var": 8.87805461884, "dvar": 4.1540145874, "mean": 4.17697477341}, "barkbands_kurtosis": {"min": -1.93646430969, "max": 272.368255615, "dvar2": 159.882385254, "median": 0.523895740509, "dmean2": 4.79873418808, "dmean": 2.90759658813, "var": 163.753921509, "dvar": 70.0809555054, "mean": 3.0965898037}, "spectral_strongpeak": {"min": 0, "max": 11.2521562576, "dvar2": 1.6409715414, "median": 0.351220846176, "dmean2": 0.812471628189, "dmean": 0.48302218318, "var": 1.34870874882, "dvar": 0.667368531227, "mean": 0.811319947243}, "spectral_spread": {"min": 1388665.375, "max": 41916996, "dvar2": 1034872422400.0, "median": 3973609.25, "dmean2": 666369.5625, "dmean": 457591.09375, "var": 6467702751230.0, "dvar": 571743731712, "mean": 4456787}, "spectral_rms": {"min": 3.11758453254e-12, "max": 0.012944733724, "dvar2": 4.34536605098e-06, "median": 0.00300725875422, "dmean2": 0.00147345662117, "dmean": 0.00107491598465, "var": 6.49403864372e-06, "dvar": 2.2995263862e-06, "mean": 0.00358104542829}, "erbbands": {"min": [2.77991679992e-22, 2.39936802732e-21, 8.46728863463e-22, 1.08353519349e-20, 1.80906160955e-20, 4.94386529701e-20, 8.85658533698e-20, 1.1784500975e-19, 1.74728501491e-19, 1.37209811953e-19, 3.57807701458e-19, 3.33855368503e-19, 3.70284893818e-19, 8.79434956016e-19, 1.08231888903e-18, 1.4820985878e-18, 1.52975266968e-18, 2.49252886415e-18, 2.84133107612e-18, 3.51619754581e-18, 4.14320706757e-18, 5.88573085673e-18, 7.00005894712e-18, 6.28402411194e-18, 6.48274929102e-18, 9.1156428469e-18, 8.20643238736e-18, 1.04182025031e-17, 1.20365416669e-17, 1.27096185313e-17, 1.281550344e-17, 1.1101586038e-17, 1.0430068409e-17, 9.02842575029e-18, 6.79254414685e-18, 4.46856532663e-18, 2.53399853018e-18, 1.00700740298e-18, 2.52725028735e-19, 2.88550195215e-20], "max": [0.868437826633, 13.0117673874, 75.486656189, 159.421539307, 95.406867981, 139.675643921, 235.094848633, 213.648666382, 195.944213867, 353.544677734, 750.283203125, 955.049194336, 972.070251465, 1280.02416992, 1167.42260742, 684.64074707, 1105.75158691, 1095.96411133, 945.460021973, 947.005371094, 826.746704102, 587.354553223, 247.480560303, 171.821166992, 125.722442627, 82.6063461304, 166.353546143, 359.676635742, 529.931884766, 637.429077148, 208.921279907, 76.2991485596, 41.9546966553, 29.8764724731, 29.1423873901, 5.27066040039, 0.55249941349, 0.320476412773, 0.0572756901383, 0.00305124861188], "dvar2": [0.0186588801444, 8.06497955322, 233.268081665, 879.501037598, 264.455169678, 335.085266113, 526.786743164, 313.568237305, 421.734771729, 1327.09460449, 2618.3359375, 3545.4934082, 5522.95068359, 4520.48046875, 2456.11035156, 3679.79614258, 5805.24169922, 8184.70556641, 7879.60351562, 3792.87426758, 1586.6685791, 1129.09912109, 931.553833008, 618.499938965, 85.42162323, 101.414009094, 167.86366272, 839.930114746, 1448.8684082, 6101.90673828, 462.613464355, 32.6765899658, 3.52846980095, 1.87328505516, 0.925525665283, 0.0819939747453, 0.00471092108637, 0.00159303855617, 4.65310440632e-05, 1.03689899333e-07], "median": [0.00343968346715, 0.0834190696478, 0.391462296247, 0.626883149147, 0.693024098873, 0.835956573486, 0.942280292511, 1.42049157619, 2.67700862885, 4.44155883789, 5.3792552948, 7.75374126434, 6.11060237885, 5.80794143677, 5.3782491684, 5.54352283478, 8.92626953125, 9.47848033905, 8.79568195343, 7.11535835266, 5.4404001236, 4.64464712143, 3.96830224991, 3.25963401794, 2.26205968857, 2.18615293503, 1.58159136772, 1.47519612312, 1.86100232601, 1.45439958572, 0.756276786327, 0.310038626194, 0.126978695393, 0.071599945426, 0.0411643385887, 0.0144610917196, 0.00354609917849, 0.000924067164306, 0.000118195996038, 2.12697195821e-05], "dmean2": [0.066759377718, 1.41209352016, 6.78456687927, 10.366818428, 6.04767656326, 6.48057413101, 8.65836715698, 7.05577516556, 10.638174057, 17.1983604431, 21.9070320129, 25.544921875, 32.0877761841, 27.7002391815, 21.4997138977, 27.7664585114, 35.5309638977, 39.6722145081, 41.4134407043, 28.4199047089, 19.1857509613, 14.8506498337, 13.1866636276, 10.0342569351, 4.72931575775, 5.36051940918, 6.07536315918, 11.2878360748, 15.2966384888, 24.8626785278, 7.34319782257, 2.21244955063, 0.64437097311, 0.393630981445, 0.332442641258, 0.115134455264, 0.0294349808246, 0.013995856978, 0.00221850397065, 0.000107045481855], "dmean": [0.045642953366, 0.811447262764, 4.04047489166, 6.26371002197, 3.5166683197, 3.8111345768, 6.10370159149, 4.50433778763, 6.85213708878, 10.9408874512, 14.1186218262, 16.1160774231, 19.8794784546, 17.6093025208, 13.5908241272, 17.3245220184, 22.302898407, 25.4146289825, 25.8846645355, 17.9542427063, 12.0815916061, 9.1485490799, 8.09526824951, 5.8970618248, 3.09161663055, 3.85994577408, 4.5656747818, 8.35780143738, 11.2939729691, 14.4486198425, 5.3142490387, 1.5654181242, 0.443655818701, 0.304689794779, 0.237086892128, 0.0945509895682, 0.0199049003422, 0.0114299152046, 0.00199563102797, 0.00010759223369], "var": [0.0106722293422, 2.6085703373, 75.6393737793, 292.609405518, 71.7556838989, 103.234054565, 394.98425293, 145.452941895, 287.739532471, 787.632202148, 2337.64013672, 2798.96289062, 4663.14941406, 5732.94384766, 3564.5559082, 2561.63891602, 4781.84814453, 7405.97119141, 6738.02539062, 3788.40380859, 1408.38464355, 578.456542969, 441.222747803, 210.512832642, 69.9342422485, 111.719451904, 272.095611572, 924.817871094, 1900.77380371, 2363.93261719, 453.605865479, 31.558095932, 4.15098905563, 2.53671526909, 1.18845248222, 0.134870141745, 0.00586811825633, 0.00267688487656, 8.02928188932e-05, 2.11656356441e-07], "dvar": [0.00872007198632, 2.86496257782, 86.8979797363, 348.571746826, 96.76171875, 121.200042725, 270.741973877, 125.997344971, 179.989761353, 544.460205078, 1059.49890137, 1401.86755371, 2253.60327148, 1928.98791504, 1030.29760742, 1493.3001709, 2390.71313477, 3379.6484375, 3193.24438477, 1605.60852051, 674.051330566, 424.931793213, 349.942321777, 217.545684814, 35.7923774719, 47.1544380188, 104.648956299, 457.0987854, 810.932556152, 2126.71240234, 224.96257019, 15.4474000931, 1.73194479942, 0.979129493237, 0.493011802435, 0.0496987774968, 0.00243073282763, 0.00104204041418, 3.31146693497e-05, 8.65926708116e-08], "mean": [0.0475536361337, 0.77353489399, 3.76249575615, 5.63995504379, 3.27839565277, 4.023416996, 7.06575632095, 5.56938409805, 9.2988319397, 14.8844299316, 22.7182025909, 26.6853866577, 30.9329147339, 29.8391590118, 23.4629611969, 24.975769043, 34.3444442749, 43.1222877502, 40.6223220825, 29.8616943359, 19.3212337494, 14.6078128815, 12.5366230011, 8.77493476868, 5.82175064087, 6.68933200836, 7.73408651352, 11.8659734726, 17.2990779877, 16.2963809967, 8.39622879028, 2.42863631248, 0.775548458099, 0.520682036877, 0.400792479515, 0.15356773138, 0.0332990922034, 0.0182655565441, 0.00283013773151, 0.000155904272106]}, "zerocrossingrate": {"min": 0, "max": 0.53173828125, "dvar2": 0.000329961214447, "median": 0.06005859375, "dmean2": 0.013753619045, "dmean": 0.0124791534618, "var": 0.00265272799879, "dvar": 0.000290786701953, "mean": 0.0717373266816}, "spectral_contrast_coeffs": {"min": [-0.996718525887, -0.998420655727, -0.97543412447, -0.970833778381, -0.964388787746, -0.965494632721], "max": [-0.293828606606, -0.363945573568, -0.354952335358, -0.484453767538, -0.610044419765, -0.528804183006], "dvar2": [0.00548055022955, 0.00431194342673, 0.00298889121041, 0.00198479858227, 0.000737709866371, 0.00141380296554], "median": [-0.658088088036, -0.755054235458, -0.776773333549, -0.793839812279, -0.811163187027, -0.724250793457], "dmean2": [0.092273555696, 0.0809705853462, 0.0664368346334, 0.0537863560021, 0.0325340032578, 0.0343114435673], "dmean": [0.0557611733675, 0.0499870330095, 0.0415179133415, 0.0332321189344, 0.0198954492807, 0.02285999991], "var": [0.00826870463789, 0.00661954702809, 0.00543290516362, 0.00385202723555, 0.00140486273449, 0.00294963596389], "dvar": [0.00216800463386, 0.00174993334804, 0.00125317380298, 0.00080728973262, 0.000309009308694, 0.000710385211278], "mean": [-0.650957643986, -0.749446511269, -0.770695567131, -0.784272193909, -0.80892521143, -0.727618336678]}, "dissonance": {"min": 0, "max": 0.500000238419, "dvar2": 0.00121852906886, "median": 0.474926114082, "dmean2": 0.0311166290194, "dmean": 0.0184727329761, "var": 0.000832001504023, "dvar": 0.00044798955787, "mean": 0.467373847961}, "spectral_energyband_high": {"min": 6.94312949516e-21, "max": 0.02908484824, "dvar2": 7.87013777881e-06, "median": 0.000199023357709, "dmean2": 0.00108726904728, "dmean": 0.000786021817476, "var": 9.69632765191e-06, "dvar": 4.15847443946e-06, "mean": 0.00132595922332}, "spectral_skewness": {"min": -0.331576555967, "max": 4.20565366745, "dvar2": 0.157408282161, "median": 1.40524840355, "dmean2": 0.377764374018, "dmean": 0.234909161925, "var": 0.235013231635, "dvar": 0.063635006547, "mean": 1.40626180172}, "spectral_flux": {"min": 6.60127161267e-11, "max": 0.347969472408, "dvar2": 0.00441082101315, "median": 0.0638839974999, "dmean2": 0.0481146350503, "dmean": 0.0319622531533, "var": 0.00443612178788, "dvar": 0.00204966007732, "mean": 0.0810585096478}, "silence_rate_30dB": {"min": 0, "max": 1, "dvar2": 0.0659214407206, "median": 1, "dmean2": 0.0512611865997, "dmean": 0.0256279874593, "var": 0.0166945662349, "dvar": 0.0249706599861, "mean": 0.983018100262}, "spectral_energyband_middle_high": {"min": 1.17280791389e-21, "max": 0.0557719804347, "dvar2": 3.10246141453e-05, "median": 0.00215314119123, "dmean2": 0.00336864846759, "dmean": 0.00225249794312, "var": 5.17472872161e-05, "dvar": 1.42053677337e-05, "mean": 0.00537531636655}, "barkbands_spread": {"min": 0.451443612576, "max": 116.335151672, "dvar2": 182.571014404, "median": 22.2838668823, "dmean2": 11.6047706604, "dmean": 7.38011407852, "var": 238.685653687, "dvar": 73.5936584473, "mean": 25.5939464569}, "spectral_centroid": {"min": 150.093429565, "max": 11728.8945312, "dvar2": 295310.28125, "median": 1458.85717773, "dmean2": 469.695587158, "dmean": 301.915252686, "var": 709832.0625, "dvar": 135450.765625, "mean": 1591.60839844}, "pitch_salience": {"min": 0.0889168232679, "max": 0.97550702095, "dvar2": 0.0220679547638, "median": 0.580886125565, "dmean2": 0.154471576214, "dmean": 0.0917137414217, "var": 0.0181875247508, "dvar": 0.00820278469473, "mean": 0.567876756191}, "erbbands_skewness": {"min": -5.92826223373, "max": 7.13750600815, "dvar2": 0.309749960899, "median": 0.104713909328, "dmean2": 0.594294428825, "dmean": 0.386010348797, "var": 0.732025623322, "dvar": 0.146653518081, "mean": 0.120094709098}, "erbbands_crest": {"min": 2.4398047924, "max": 34.4126167297, "dvar2": 15.7853593826, "median": 7.86420345306, "dmean2": 4.24075746536, "dmean": 2.61885476112, "var": 23.6180210114, "dvar": 6.65494346619, "mean": 9.09978103638}, "melbands": {"min": [2.91804382007e-24, 9.63539755971e-25, 1.98777210341e-24, 2.13003468741e-24, 2.84654265091e-24, 2.72063650613e-24, 2.33621906499e-24, 1.50550021406e-24, 3.30295489092e-24, 1.89853339679e-24, 1.62339271533e-24, 3.31275510716e-24, 2.40519666811e-24, 3.50822340099e-24, 3.48572351025e-24, 3.89734126983e-24, 4.06192053163e-24, 4.28498081334e-24, 5.47662226386e-24, 4.33777059626e-24, 4.34761636922e-24, 5.23819773272e-24, 4.25490825234e-24, 5.73659926378e-24, 4.12889206147e-24, 2.41422182851e-24, 6.16819887009e-24, 5.24803325049e-24, 4.19749495566e-24, 5.77677279424e-24, 4.79419565526e-24, 6.05323343721e-24, 6.35991258044e-24, 6.60902617684e-24, 5.93063695836e-24, 7.08853054492e-24, 5.85961462777e-24, 6.77329699403e-24, 7.18243339163e-24, 6.48662336335e-24], "max": [0.00843245536089, 0.0322442874312, 0.0222493391484, 0.00744885578752, 0.00665053771809, 0.0046379477717, 0.00293636927381, 0.00396846747026, 0.00567526649684, 0.00521581852809, 0.00504440860823, 0.00551343755797, 0.00511381635442, 0.00318490643986, 0.00295060989447, 0.00219314545393, 0.00219814479351, 0.0016011839034, 0.00126478809398, 0.00187327689491, 0.000756090739742, 0.000772320025135, 0.000252581317909, 0.000185893513844, 0.000150695472257, 0.000153607514221, 9.66090665315e-05, 5.84712070122e-05, 9.32631301112e-05, 0.000148511811858, 0.000264746224275, 0.000317842612276, 0.000399873912102, 0.000310379517032, 0.000149255487486, 8.46756956889e-05, 3.85234379792e-05, 3.10192226607e-05, 3.22757114191e-05, 2.63063557213e-05], "dvar2": [2.99542875837e-06, 4.12484223489e-05, 1.88054091268e-05, 1.40583699704e-06, 4.78854872199e-07, 1.41035840784e-07, 1.07941488636e-07, 1.51687558514e-07, 1.79372250386e-07, 1.28879236172e-07, 1.44339310282e-07, 9.03212296066e-08, 2.68144191296e-08, 3.04003968665e-08, 2.80045302503e-08, 3.55454439216e-08, 3.50904016955e-08, 2.50709071281e-08, 1.06624540308e-08, 6.85217527163e-09, 2.06426875593e-09, 1.33743316422e-09, 1.31221800093e-09, 3.71886132999e-10, 4.97824004242e-10, 6.9455656504e-11, 5.68479326113e-11, 4.64750078699e-11, 4.9137059005e-11, 1.80126219496e-10, 4.94647323102e-10, 3.93662408227e-10, 1.53857604435e-09, 2.12504347452e-09, 2.51056786471e-10, 2.52721472221e-11, 8.4675738643e-12, 1.7357752605e-12, 1.93548779434e-12, 1.36338954449e-12], "median": [4.86825738335e-05, 0.000204568204936, 0.000119885633467, 5.9745652834e-05, 3.45419466612e-05, 3.23858330376e-05, 4.18198178522e-05, 4.68853286293e-05, 4.73428881378e-05, 4.40495605289e-05, 2.70917153102e-05, 2.21665886784e-05, 1.59123628691e-05, 1.28563879116e-05, 1.63493023138e-05, 1.73788066604e-05, 1.60026975209e-05, 1.26284394355e-05, 1.0544820725e-05, 8.13579936221e-06, 5.51527591597e-06, 4.41931388195e-06, 4.18276795244e-06, 2.72534066426e-06, 2.50157063419e-06, 1.62932701642e-06, 1.60669037541e-06, 1.3198251736e-06, 9.66945208347e-07, 7.66933624163e-07, 8.56892825141e-07, 1.01107229966e-06, 9.45771034822e-07, 7.11291477273e-07, 4.68053798386e-07, 2.36951024135e-07, 1.48949141021e-07, 8.93909231081e-08, 5.96200422365e-08, 5.63868312042e-08], "dmean2": [0.000927173474338, 0.00300069688819, 0.00157679012045, 0.000433225388406, 0.000276520877378, 0.000158550363267, 0.000168520724401, 0.000190938502783, 0.00018677864864, 0.000154803987243, 0.000164994853549, 0.000123053381685, 6.80953526171e-05, 7.59259492042e-05, 8.09805133031e-05, 7.96214226284e-05, 7.95716550783e-05, 7.06574646756e-05, 5.04340860061e-05, 3.35733457177e-05, 2.20007241296e-05, 1.61494990607e-05, 1.64341854543e-05, 8.66271693667e-06, 9.02643569134e-06, 4.04136881116e-06, 4.17241744799e-06, 3.77090464099e-06, 3.52134270543e-06, 5.833270734e-06, 7.96810672909e-06, 7.79877882451e-06, 1.33512967295e-05, 1.46378506543e-05, 5.20129469805e-06, 1.91808021555e-06, 1.1176400676e-06, 4.77277296795e-07, 3.44696559296e-07, 3.52311047891e-07], "dmean": [0.000564424844924, 0.00177914835513, 0.000966887862887, 0.000249554606853, 0.000187556506717, 0.000105090039142, 0.000108999454824, 0.000121294695418, 0.000120111450087, 9.72556881607e-05, 0.000101726342109, 7.7616670751e-05, 4.40041840193e-05, 4.6917997679e-05, 5.03384108015e-05, 4.94127052661e-05, 5.06027536176e-05, 4.3870346417e-05, 3.11754483846e-05, 2.11057249544e-05, 1.37535371323e-05, 9.85172664514e-06, 9.97277220449e-06, 5.31879413757e-06, 5.23118751516e-06, 2.47490538641e-06, 2.65872563432e-06, 2.66579513664e-06, 2.60931096818e-06, 3.85320663554e-06, 5.74033265366e-06, 6.45253703624e-06, 7.94141669758e-06, 8.4011699073e-06, 3.68356813851e-06, 1.48757021634e-06, 7.43731334296e-07, 3.17029872576e-07, 2.50961278425e-07, 2.69248630502e-07], "var": [1.52801931108e-06, 1.35601048896e-05, 6.64324625177e-06, 3.68818831475e-07, 3.84714866186e-07, 8.46578771529e-08, 7.18212618267e-08, 9.65455626556e-08, 1.6369509126e-07, 9.92186244275e-08, 1.211051881e-07, 1.05639976766e-07, 3.75081370407e-08, 2.73908646875e-08, 2.04319583474e-08, 2.38378969897e-08, 2.96821927037e-08, 1.83558608313e-08, 9.69211377821e-09, 6.73563826936e-09, 1.58652813109e-09, 6.52410181434e-10, 6.13777084713e-10, 2.00362587632e-10, 1.54320334289e-10, 4.16756698596e-11, 3.89615839591e-11, 5.76357225834e-11, 8.48500714135e-11, 1.7824312859e-10, 4.19232343285e-10, 5.79609693574e-10, 7.75493391725e-10, 7.25463078499e-10, 2.14044851288e-10, 2.96224017537e-11, 6.4216847985e-12, 1.88959503426e-12, 2.00679837331e-12, 1.86475769721e-12], "dvar": [1.28224723994e-06, 1.52183820319e-05, 7.57348834668e-06, 4.93829190873e-07, 2.51760411629e-07, 6.21963067715e-08, 4.62538096713e-08, 6.2273528556e-08, 7.24157018794e-08, 5.14278433172e-08, 5.8854030982e-08, 3.78722866401e-08, 1.2386022874e-08, 1.25650316818e-08, 1.15246887589e-08, 1.40235147938e-08, 1.44304888039e-08, 1.00049692975e-08, 4.40271996638e-09, 3.06422953678e-09, 8.63942362095e-10, 5.01110264395e-10, 4.92988705414e-10, 1.41451558799e-10, 1.73164885209e-10, 2.66734082738e-11, 2.32892542057e-11, 2.29254306511e-11, 3.15277422225e-11, 9.01949001597e-11, 2.46692388739e-10, 2.4037333235e-10, 5.68736890916e-10, 7.16287251734e-10, 1.15952379642e-10, 1.35714937552e-11, 3.582934947e-12, 8.36418824826e-13, 8.99441653969e-13, 7.26123967811e-13], "mean": [0.000606918882113, 0.00170884281397, 0.00090582552366, 0.000248061784077, 0.000231921469094, 0.000135795911774, 0.000146947189933, 0.000166988669662, 0.000196567882085, 0.000157113405294, 0.000153533808771, 0.000124452315504, 7.55273649702e-05, 6.52225062368e-05, 7.17631482985e-05, 7.3039351264e-05, 8.08609474916e-05, 6.43964085612e-05, 4.84920310555e-05, 3.32607814926e-05, 2.03361614695e-05, 1.475488898e-05, 1.4622265553e-05, 8.32200294099e-06, 7.16795784683e-06, 4.28141902376e-06, 4.16157126892e-06, 4.53823258795e-06, 4.45591058451e-06, 5.61711476621e-06, 7.455674222e-06, 9.63184174907e-06, 9.76077990344e-06, 8.86316684046e-06, 5.65002665098e-06, 2.2515675937e-06, 1.10227870209e-06, 5.39569725788e-07, 4.05462088793e-07, 4.47147954219e-07]}, "spectral_entropy": {"min": 4.81418371201, "max": 9.81742095947, "dvar2": 0.0644396916032, "median": 7.71938323975, "dmean2": 0.231213435531, "dmean": 0.15270011127, "var": 0.189932450652, "dvar": 0.0308910477906, "mean": 7.72765731812}, "spectral_rolloff": {"min": 86.1328125, "max": 19896.6796875, "dvar2": 3834327.5, "median": 1550.390625, "dmean2": 1288.10888672, "dmean": 760.307495117, "var": 4062994.5, "dvar": 1584855.125, "mean": 2062.12744141}, "barkbands": {"min": [2.41691578851e-24, 1.15143983661e-23, 2.51373288462e-25, 2.18042081115e-24, 1.32383986542e-23, 1.57604579656e-23, 1.16024857302e-23, 1.27805532511e-23, 1.10889191371e-23, 2.49948179682e-23, 1.23901373116e-23, 3.75164702257e-23, 4.0064686587e-23, 3.49620597285e-23, 7.2119752859e-23, 6.29008277089e-23, 9.16971790011e-23, 1.2619060802e-22, 1.53974541538e-22, 1.98628940778e-22, 2.53972796559e-22, 3.20297621385e-22, 4.25515005399e-22, 6.06963161506e-22, 8.89736247352e-22, 1.38313302395e-21, 2.00307783197e-21], "max": [0.000436831265688, 0.041401937604, 0.0712461695075, 0.044197961688, 0.0353949591517, 0.027201903984, 0.0170415826142, 0.0273487232625, 0.0329726487398, 0.0325116179883, 0.0322237461805, 0.0242804139853, 0.0234637241811, 0.0197424571961, 0.0162158943713, 0.0223641395569, 0.00964342895895, 0.00386110437103, 0.00279208901338, 0.00204459624365, 0.00594590511173, 0.0166111011058, 0.00875070970505, 0.00259551103227, 0.00305622001179, 0.000645549676847, 0.000353469629772], "dvar2": [8.10970846032e-09, 8.79207946127e-05, 0.000231276964769, 8.15723469714e-05, 2.26926367759e-05, 4.24640347774e-06, 3.48685125573e-06, 4.54669543615e-06, 5.65572418054e-06, 7.35695903131e-06, 1.37373740472e-06, 2.6226200589e-06, 3.36318498739e-06, 3.16624209518e-06, 2.28191811402e-06, 9.40032975905e-07, 3.3063150795e-07, 2.62297106701e-07, 1.13434133198e-07, 4.75238657316e-08, 3.44991860857e-07, 1.90283162738e-06, 1.31977128603e-06, 2.77112537361e-08, 1.44405660762e-08, 2.6311097745e-09, 1.4171611662e-09], "median": [1.98199377337e-05, 0.000234091494349, 0.000342339335475, 0.000160849100212, 0.000266854476649, 0.000167615318787, 0.000213046936551, 0.000208927580388, 0.000292314100079, 0.000208216413739, 0.000104449565697, 0.000106468585727, 0.000163938617334, 0.000172172440216, 0.000149502971908, 0.000104218837805, 8.28515258036e-05, 6.20987120783e-05, 5.52162237e-05, 4.59791190224e-05, 3.764027133e-05, 5.12470251124e-05, 3.00378924294e-05, 1.0304497664e-05, 6.3058687374e-06, 2.53692451224e-06, 6.24724066256e-07], "dmean2": [4.27583909186e-05, 0.00484867347404, 0.00669516064227, 0.00305429333821, 0.0017507111188, 0.000936678203288, 0.000922765815631, 0.000993311288767, 0.00106888462324, 0.00120380695444, 0.000489649712108, 0.000711881148163, 0.00082562858006, 0.000792125472799, 0.000746116042137, 0.000428808707511, 0.000278286985122, 0.000221921378397, 0.000147992992424, 0.000117143026728, 0.000232165737543, 0.000508483266458, 0.000398023170419, 6.49470384815e-05, 3.9382273826e-05, 2.16574608203e-05, 1.22256506074e-05], "dmean": [2.6843188607e-05, 0.0028106898535, 0.0041299154982, 0.00176103331614, 0.00105484889355, 0.000641869148239, 0.000590210198425, 0.000629897112958, 0.00067209120607, 0.000745094381273, 0.000317919300869, 0.000441919022705, 0.000510772166308, 0.000498986570165, 0.000465109769721, 0.000265300681349, 0.000172484913492, 0.000135308742756, 8.76073900145e-05, 8.38701525936e-05, 0.000171464649611, 0.000333290663548, 0.000252504250966, 4.41444935859e-05, 2.98220893455e-05, 1.61081752594e-05, 1.19717251437e-05], "var": [3.10530978709e-09, 3.30321345245e-05, 8.96585042938e-05, 2.23562401516e-05, 7.68542577134e-06, 3.79502375836e-06, 2.12098029806e-06, 3.68875862478e-06, 4.51581672678e-06, 6.86107932779e-06, 1.79232790742e-06, 2.06642425837e-06, 2.33314221987e-06, 2.78840730061e-06, 2.24273844651e-06, 8.46921466291e-07, 1.86057604878e-07, 1.22523474033e-07, 4.55494948426e-08, 5.81556918178e-08, 3.66926684592e-07, 1.59840203651e-06, 8.34866114019e-07, 2.46598172993e-08, 2.09269082063e-08, 3.80062825656e-09, 3.02401503838e-09], "dvar": [3.35012817487e-09, 3.27924099111e-05, 9.34812414926e-05, 3.06834881485e-05, 8.47671071824e-06, 2.33095056501e-06, 1.48450828874e-06, 1.82832138762e-06, 2.26505153478e-06, 2.99788302982e-06, 6.5563415319e-07, 1.11204292352e-06, 1.33048126827e-06, 1.3141287809e-06, 9.38839150422e-07, 4.04568027079e-07, 1.27111718484e-07, 9.87052359847e-08, 4.05215807575e-08, 2.30550192271e-08, 1.84395602787e-07, 8.38607718379e-07, 5.31121429503e-07, 1.21110979023e-08, 7.94569121609e-09, 1.4804951709e-09, 1.15674247958e-09], "mean": [3.68467990484e-05, 0.00276858336292, 0.00390784721822, 0.00142487755511, 0.00115282949992, 0.000833495229017, 0.000777084496804, 0.000921116035897, 0.00108201475814, 0.00114376924466, 0.000514920451678, 0.000591107585933, 0.000722947122995, 0.000806773605291, 0.000720391923096, 0.000404224789236, 0.000263416208327, 0.000202908180654, 0.00013762335584, 0.000148849227116, 0.000245012226515, 0.000486187025672, 0.000343041087035, 6.91390087013e-05, 5.15942920174e-05, 2.65222333837e-05, 1.7447031496e-05]}, "melbands_flatness_db": {"min": 0.00272589665838, "max": 0.55759459734, "dvar2": 0.0027840337716, "median": 0.167355120182, "dmean2": 0.0515039116144, "dmean": 0.0324322655797, "var": 0.00510440953076, "dvar": 0.00123804155737, "mean": 0.178522512317}, "melbands_skewness": {"min": -4.03747272491, "max": 14.3010473251, "dvar2": 2.35719776154, "median": 1.62543058395, "dmean2": 1.36101400852, "dmean": 0.867785096169, "var": 3.38439702988, "dvar": 1.04971516132, "mean": 2.07030653954}, "barkbands_skewness": {"min": -6.1550245285, "max": 14.9103717804, "dvar2": 1.28969275951, "median": 0.805690050125, "dmean2": 0.992538511753, "dmean": 0.629747986794, "var": 1.91200983524, "dvar": 0.587606191635, "mean": 1.01617872715}, "silence_rate_60dB": {"min": 0, "max": 1, "dvar2": 0.171001076698, "median": 0, "dmean2": 0.186737179756, "dmean": 0.0933590978384, "var": 0.192675888538, "dvar": 0.0846521854401, "mean": 0.260626405478}, "spectral_energyband_low": {"min": 3.22165460993e-23, "max": 0.111126922071, "dvar2": 0.000624315231107, "median": 0.000996026676148, "dmean2": 0.0124266985804, "dmean": 0.00752857141197, "var": 0.000250728015089, "dvar": 0.000248844415182, "mean": 0.00771569088101}, "spectral_energyband_middle_low": {"min": 1.78523930773e-22, "max": 0.0927544012666, "dvar2": 0.000221094946028, "median": 0.00281411129981, "dmean2": 0.00656211748719, "dmean": 0.00428907992318, "var": 0.000120246630104, "dvar": 9.55389841693e-05, "mean": 0.00658228853717}, "melbands_kurtosis": {"min": -1.88233339787, "max": 317.680786133, "dvar2": 603.924255371, "median": 3.58364367485, "dmean2": 11.7112894058, "dmean": 7.05140066147, "var": 500.055175781, "dvar": 256.051635742, "mean": 9.93062400818}, "spectral_decrease": {"min": -4.24034247715e-08, "max": 1.64560915579e-28, "dvar2": 6.3399628626e-17, "median": -2.17607576403e-09, "dmean2": 4.34234737057e-09, "dmean": 2.92284507708e-09, "var": 4.44341407293e-17, "dvar": 2.90357269491e-17, "mean": -4.76254413684e-09}, "erbbands_kurtosis": {"min": -1.81455230713, "max": 83.1346588135, "dvar2": 6.93900966644, "median": 0.278281211853, "dmean2": 1.6241568327, "dmean": 1.04722750187, "var": 10.6666555405, "dvar": 3.32489728928, "mean": 0.93629103899}, "melbands_crest": {"min": 1.55844032764, "max": 33.4671630859, "dvar2": 34.1278266907, "median": 12.9805870056, "dmean2": 6.62447738647, "dmean": 3.98513841629, "var": 31.0564689636, "dvar": 12.7153902054, "mean": 13.6099386215}, "gfcc": {"cov": [[17557.6796875, -960.834716797, -42.4433135986, 155.070281982, -805.575500488, 367.474151611, -542.119567871, -258.349304199, -167.688339233, -58.6327209473, -338.253082275, 103.299194336, -284.486907959], [-960.834716797, 1832.38647461, -407.159484863, 66.5119094849, 426.530883789, -72.5036010742, 302.103057861, 132.838195801, 184.256118774, -18.1238555908, 211.691955566, -86.6400985718, 82.0015563965], [-42.4433135986, -407.159484863, 988.543457031, 364.347229004, 111.663276672, 91.533996582, -58.233341217, 11.7809391022, -46.0550346375, 6.50771427155, -17.4692649841, 81.9736633301, -23.4380817413], [155.070281982, 66.5119094849, 364.347229004, 680.154785156, 296.440673828, -14.1675701141, 14.0739440918, 45.4639167786, 39.8279037476, -31.295135498, 21.0581016541, 4.08882188797, 20.710439682], [-805.575500488, 426.530883789, 111.663276672, 296.440673828, 456.800109863, 26.6790237427, 134.969787598, 97.798828125, 75.5312042236, -4.45405340195, 59.8941574097, -33.3485145569, 45.307559967], [367.474151611, -72.5036010742, 91.533996582, -14.1675701141, 26.6790237427, 252.859375, 68.8687973022, 74.6631546021, 0.270464599133, 27.9523353577, 16.3473072052, -0.247821360826, -5.05192041397], [-542.119567871, 302.103057861, -58.233341217, 14.0739440918, 134.969787598, 68.8687973022, 271.529907227, 72.8902206421, 48.7356987, -0.470861822367, 47.6789932251, -29.7667865753, 4.4447350502], [-258.349304199, 132.838195801, 11.7809391022, 45.4639167786, 97.798828125, 74.6631546021, 72.8902206421, 233.898300171, 75.2909545898, 38.0106124878, 52.0510253906, -35.3737297058, 1.44483041763], [-167.688339233, 184.256118774, -46.0550346375, 39.8279037476, 75.5312042236, 0.270464599133, 48.7356987, 75.2909545898, 170.722122192, 45.6957054138, 38.0242805481, -4.46535587311, 13.6749610901], [-58.6327209473, -18.1238555908, 6.50771427155, -31.295135498, -4.45405340195, 27.9523353577, -0.470861822367, 38.0106124878, 45.6957054138, 97.0686340332, 39.0269851685, 6.33760499954, -5.37554645538], [-338.253082275, 211.691955566, -17.4692649841, 21.0581016541, 59.8941574097, 16.3473072052, 47.6789932251, 52.0510253906, 38.0242805481, 39.0269851685, 112.781745911, 7.99863576889, 11.5466356277], [103.299194336, -86.6400985718, 81.9736633301, 4.08882188797, -33.3485145569, -0.247821360826, -29.7667865753, -35.3737297058, -4.46535587311, 6.33760499954, 7.99863576889, 88.9667129517, 23.4522533417], [-284.486907959, 82.0015563965, -23.4380817413, 20.710439682, 45.307559967, -5.05192041397, 4.4447350502, 1.44483041763, 13.6749610901, -5.37554645538, 11.5466356277, 23.4522533417, 88.3674240112]], "icov": [[8.53136516525e-05, -6.88572836225e-05, 7.54124048399e-05, -0.00015999651805, 0.00018108052609, -0.000263137510046, 0.000166358033312, 3.05387693516e-05, -9.37375261856e-06, -2.38914053625e-05, 0.000279317406239, -0.000194812339032, 0.000294501107419], [-6.88572836225e-05, 0.00130594940856, 0.000241297108005, 0.000378468394047, -0.000983043573797, 0.000649665831588, -0.000662530830596, 0.000168813421624, -0.000686954124831, 0.0011290590046, -0.00221386062913, 0.000845377042424, -0.000646610802505], [7.54124048399e-05, 0.000241297108005, 0.00180537661072, -0.000958669697866, -0.000314354052534, -0.000721287215129, 0.00032745525823, -0.000189758109627, 0.000498536159284, -0.000275760219665, 0.000391167355701, -0.00185852730647, 0.00117717299145], [-0.00015999651805, 0.000378468394047, -0.000958669697866, 0.00306836143136, -0.00208563287742, 0.000978573225439, 0.000115915136121, -5.46707342437e-05, -0.000671729329042, 0.00140611128882, -0.00122044456657, 0.000653849798255, -0.000543907983229], [0.00018108052609, -0.000983043573797, -0.000314354052534, -0.00208563287742, 0.00536220986396, -0.000794983818196, -0.000820640998427, -0.000416892580688, -0.000252910162089, -0.000439592229668, 0.000823638984002, 0.00105161429383, -0.00122035702225], [-0.000263137510046, 0.000649665831588, -0.000721287215129, 0.000978573225439, -0.000794983818196, 0.00610810704529, -0.00208335579373, -0.00159815407824, 0.000840395980049, -0.000931295042392, -0.00102255982347, 0.000449347338872, -0.00115528178867], [0.000166358033312, -0.000662530830596, 0.00032745525823, 0.000115915136121, -0.000820640998427, -0.00208335579373, 0.0059530204162, -0.000275620055618, -0.000653286639135, 0.00116377696395, -0.000205251955776, -5.05369680468e-05, 0.00142891134601], [3.05387693516e-05, 0.000168813421624, -0.000189758109627, -5.46707342437e-05, -0.000416892580688, -0.00159815407824, -0.000275620055618, 0.00667709996924, -0.00219198456034, -0.000485436117742, -0.0020274403505, 0.00288344244473, -0.000259431195445], [-9.37375261856e-06, -0.000686954124831, 0.000498536159284, -0.000671729329042, -0.000252910162089, 0.000840395980049, -0.000653286639135, -0.00219198456034, 0.00902024656534, -0.0045186993666, 0.00142732926179, -0.00154259125702, -0.000304517016048], [-2.38914053625e-05, 0.0011290590046, -0.000275760219665, 0.00140611128882, -0.000439592229668, -0.000931295042392, 0.00116377696395, -0.000485436117742, -0.0045186993666, 0.0162456929684, -0.00662328954786, 0.000273884332273, 0.00107450084761], [0.000279317406239, -0.00221386062913, 0.000391167355701, -0.00122044456657, 0.000823638984002, -0.00102255982347, -0.000205251955776, -0.0020274403505, 0.00142732926179, -0.00662328954786, 0.0168891139328, -0.00467549264431, 0.00131633190904], [-0.000194812339032, 0.000845377042424, -0.00185852730647, 0.000653849798255, 0.00105161429383, 0.000449347338872, -5.05369680468e-05, 0.00288344244473, -0.00154259125702, 0.000273884332273, -0.00467549264431, 0.0175064038485, -0.00639573158696], [0.000294501107419, -0.000646610802505, 0.00117717299145, -0.000543907983229, -0.00122035702225, -0.00115528178867, 0.00142891134601, -0.000259431195445, -0.000304517016048, 0.00107450084761, 0.00131633190904, -0.00639573158696, 0.0154341282323]], "mean": [-52.4639587402, 79.7947921753, -131.732055664, 24.5432472229, -54.6607513428, 14.6223859787, -27.8301868439, -0.26186427474, -13.1787281036, 1.0758844614, -22.1537246704, -3.4756424427, -17.5867900848]}, "melbands_spread": {"min": 0.468640416861, "max": 265.26171875, "dvar2": 498.485290527, "median": 25.7632255554, "dmean2": 17.2170372009, "dmean": 10.756070137, "var": 562.868774414, "dvar": 224.454818726, "mean": 30.5087394714}, "spectral_energy": {"min": 9.96231692055e-21, "max": 0.171755284071, "dvar2": 0.000958450662438, "median": 0.00926969572902, "dmean2": 0.0170275326818, "dmean": 0.0116706974804, "var": 0.000745584140532, "dvar": 0.000452169508208, "mean": 0.0198007766157}, "mfcc": {"cov": [[12281.953125, -430.474334717, 252.009429932, -232.965301514, -340.88079834, 354.917938232, -496.831542969, 69.6140670776, -229.213180542, -138.198776245, -112.047744751, -108.407646179, -236.644607544], [-430.474334717, 1497.42004395, -433.150115967, 51.5438499451, 47.2163009644, -23.1833820343, 157.56137085, 77.3161773682, 93.0253067017, 57.6890716553, 120.798881531, 109.044311523, 101.318359375], [252.009429932, -433.150115967, 702.565856934, 137.45350647, 130.204406738, 94.3539810181, -6.76154136658, 30.0530223846, -49.6684417725, -20.6201381683, -49.6677284241, 10.0837020874, -5.54783773422], [-232.965301514, 51.5438499451, 137.45350647, 663.043395996, 300.616760254, 71.2080230713, 57.8190155029, 57.6568107605, 50.2956924438, 17.1954250336, -19.801071167, 15.2497644424, 37.4930763245], [-340.88079834, 47.2163009644, 130.204406738, 300.616760254, 391.244537354, 33.1989898682, 73.6770477295, 52.6180610657, 60.2411727905, 53.5507278442, 22.398563385, 19.2683353424, 27.2716007233], [354.917938232, -23.1833820343, 94.3539810181, 71.2080230713, 33.1989898682, 209.756790161, 31.8271770477, 37.8435058594, -0.388784110546, -10.0234928131, -6.6262922287, -4.55905866623, -26.5729885101], [-496.831542969, 157.56137085, -6.76154136658, 57.8190155029, 73.6770477295, 31.8271770477, 264.557525635, 75.6064758301, 51.3333778381, 43.282913208, 61.9192314148, 17.9545536041, 7.78892087936], [69.6140670776, 77.3161773682, 30.0530223846, 57.6568107605, 52.6180610657, 37.8435058594, 75.6064758301, 139.30871582, 57.7993164062, 45.6306877136, 33.5972518921, 19.4642028809, 12.9225206375], [-229.213180542, 93.0253067017, -49.6684417725, 50.2956924438, 60.2411727905, -0.388784110546, 51.3333778381, 57.7993164062, 123.480705261, 68.0538635254, 36.2118415833, 7.43396854401, 15.7374515533], [-138.198776245, 57.6890716553, -20.6201381683, 17.1954250336, 53.5507278442, -10.0234928131, 43.282913208, 45.6306877136, 68.0538635254, 125.637878418, 75.3357925415, 22.8827781677, 9.35412883759], [-112.047744751, 120.798881531, -49.6677284241, -19.801071167, 22.398563385, -6.6262922287, 61.9192314148, 33.5972518921, 36.2118415833, 75.3357925415, 135.61076355, 64.6699752808, 15.0147848129], [-108.407646179, 109.044311523, 10.0837020874, 15.2497644424, 19.2683353424, -4.55905866623, 17.9545536041, 19.4642028809, 7.43396854401, 22.8827781677, 64.6699752808, 113.663749695, 46.3324661255], [-236.644607544, 101.318359375, -5.54783773422, 37.4930763245, 27.2716007233, -26.5729885101, 7.78892087936, 12.9225206375, 15.7374515533, 9.35412883759, 15.0147848129, 46.3324661255, 101.041297913]], "icov": [[0.000105226077721, -1.33492094392e-05, -1.6780126316e-05, 6.23110736342e-06, 5.41715453437e-05, -0.000156670605065, 0.000250045326538, -0.000236767329625, 0.000164768789546, 1.78975060408e-05, -8.09220655356e-05, 6.26858600299e-05, 0.000167739955941], [-1.33492094392e-05, 0.00101698527578, 0.000680076249409, -4.55002991657e-05, -0.000137842420372, -0.000119009186164, -0.000405992555898, -0.00022321662982, -0.000118580064736, 0.00021273989114, -0.000136566464789, -0.000623900792561, -0.000625905930065], [-1.6780126316e-05, 0.000680076249409, 0.00226919539273, -5.68696123082e-05, -0.00073476874968, -0.000665484752972, -0.000200828406378, -0.000695232709404, 0.00117628998123, -0.000391475361539, 0.00100206525531, -0.0010805465281, -0.000248238065979], [6.23110736342e-06, -4.55002991657e-05, -5.68696123082e-05, 0.00249465997331, -0.0017920054961, -0.000534201564733, -2.65062644758e-05, -0.000237063431996, -0.000298121653032, 0.000215235733776, 0.000878048245795, -0.000286522874376, -0.000465631688712], [5.41715453437e-05, -0.000137842420372, -0.00073476874968, -0.0017920054961, 0.00457395007834, 6.52078015264e-05, -0.000381065940019, 0.000148447827087, -0.000853101315442, -0.00102226366289, -0.0002770939318, 0.000234407969401, -0.000156092341058], [-0.000156670605065, -0.000119009186164, -0.000665484752972, -0.000534201564733, 6.52078015264e-05, 0.00606593862176, -0.000694958900567, -0.0011570045026, -0.000179299109732, 0.000996637041681, -3.88228800148e-05, -0.00024300494988, 0.00174618291203], [0.000250045326538, -0.000405992555898, -0.000200828406378, -2.65062644758e-05, -0.000381065940019, -0.000694958900567, 0.0057911244221, -0.00243907771073, -0.000224789822823, 0.000837124767713, -0.00260480749421, 0.00130358454771, 0.000523973547388], [-0.000236767329625, -0.00022321662982, -0.000695232709404, -0.000237063431996, 0.000148447827087, -0.0011570045026, -0.00243907771073, 0.0115366661921, -0.00400090031326, -0.00155235792045, 0.000318445527228, -0.000861772103235, -0.000797985645477], [0.000164768789546, -0.000118580064736, 0.00117628998123, -0.000298121653032, -0.000853101315442, -0.000179299109732, -0.000224789822823, -0.00400090031326, 0.0147562492639, -0.00638068513945, 0.000978322117589, 0.00124871358275, -0.00103346293326], [1.78975060408e-05, 0.00021273989114, -0.000391475361539, 0.000215235733776, -0.00102226366289, 0.000996637041681, 0.000837124767713, -0.00155235792045, -0.00638068513945, 0.016899317503, -0.0087729068473, 0.00210401252843, 0.000167438745848], [-8.09220655356e-05, -0.000136566464789, 0.00100206525531, 0.000878048245795, -0.0002770939318, -3.88228800148e-05, -0.00260480749421, 0.000318445527228, 0.000978322117589, -0.0087729068473, 0.0177455451339, -0.00897648185492, 0.00204023299739], [6.26858600299e-05, -0.000623900792561, -0.0010805465281, -0.000286522874376, 0.000234407969401, -0.00024300494988, 0.00130358454771, -0.000861772103235, 0.00124871358275, 0.00210401252843, -0.00897648185492, 0.0164970755577, -0.00591813027859], [0.000167739955941, -0.000625905930065, -0.000248238065979, -0.000465631688712, -0.000156092341058, 0.00174618291203, 0.000523973547388, -0.000797985645477, -0.00103346293326, 0.000167438745848, 0.00204023299739, -0.00591813027859, 0.0141956415027]], "mean": [-687.749023438, 111.917823792, -16.3655452728, 15.5613508224, -5.1474981308, 16.393163681, -8.80567455292, 6.46735715866, 2.03199529648, 5.48564147949, 4.78221416473, -2.89599847794, -1.64919495583]}, "spectral_contrast_valleys": {"min": [-27.8777370453, -27.9289245605, -27.642375946, -27.7314109802, -27.4971084595, -27.4093341827], "max": [-5.521504879, -4.63235807419, -4.90183544159, -5.47260570526, -5.6561665535, -7.51402330399], "dvar2": [0.6545779109, 0.555017530918, 0.505243480206, 0.452195525169, 0.346516013145, 0.376372039318], "median": [-8.09729003906, -7.14086437225, -7.57319545746, -7.59639644623, -7.7585477829, -10.5608634949], "dmean2": [0.92720335722, 0.775019526482, 0.682736575603, 0.578427493572, 0.433795392513, 0.449644654989], "dmean": [0.612259805202, 0.503060102463, 0.458895474672, 0.388805985451, 0.304239958525, 0.341651141644], "var": [2.91218972206, 2.68441748619, 2.70297074318, 2.46246981621, 2.39199829102, 2.97168946266], "dvar": [0.366668492556, 0.299166321754, 0.265501260757, 0.23454837501, 0.185379549861, 0.210562363267], "mean": [-8.29056549072, -7.35774183273, -7.72487020493, -7.77117824554, -7.9463891983, -10.8514270782]}, "barkbands_flatness_db": {"min": 0.0225098058581, "max": 0.430041640997, "dvar2": 0.00169458985329, "median": 0.109046511352, "dmean2": 0.0388018749654, "dmean": 0.0243291482329, "var": 0.00307662365958, "dvar": 0.000748149876017, "mean": 0.118207372725}, "dynamic_complexity": 5.47434329987, "erbbands_flatness_db": {"min": 0.0335366688669, "max": 0.516252756119, "dvar2": 0.000667016720399, "median": 0.163636565208, "dmean2": 0.0258408468217, "dmean": 0