{"lowlevel": {"spectral_complexity": {"min": 0, "max": 64, "dvar2": 64.6257553101, "median": 14, "dmean2": 6.18049287796, "dmean": 4.14298915863, "var": 170.503173828, "dvar": 33.7314414978, "mean": 16.7234230042}, "silence_rate_20dB": {"min": 1, "max": 1, "dvar2": 0, "median": 1, "dmean2": 0, "dmean": 0, "var": 0, "dvar": 0, "mean": 1}, "average_loudness": 0.875964164734, "erbbands_spread": {"min": 0.761803090572, "max": 169.514175415, "dvar2": 342.500823975, "median": 46.9785690308, "dmean2": 17.1886062622, "dmean": 11.1207504272, "var": 590.080932617, "dvar": 149.858734131, "mean": 50.1815757751}, "spectral_kurtosis": {"min": -1.24573385715, "max": 72.8944854736, "dvar2": 15.4986515045, "median": 2.14126729965, "dmean2": 1.91270303726, "dmean": 1.15285694599, "var": 16.6355571747, "dvar": 5.53611087799, "mean": 3.08281731606}, "barkbands_kurtosis": {"min": -1.96612691879, "max": 764.436279297, "dvar2": 618.001586914, "median": 1.67819166183, "dmean2": 8.61115074158, "dmean": 5.38158178329, "var": 616.213562012, "dvar": 277.234191895, "mean": 7.57928943634}, "spectral_strongpeak": {"min": 0, "max": 12.1817159653, "dvar2": 1.7223123312, "median": 0.327993512154, "dmean2": 0.682346463203, "dmean": 0.392802000046, "var": 0.890941917896, "dvar": 0.6359115839, "mean": 0.627984106541}, "spectral_spread": {"min": 1332901.875, "max": 42393776, "dvar2": 1920175308800.0, "median": 5162930, "dmean2": 1019860.375, "dmean": 696850.75, "var": 8725527527420.0, "dvar": 1048054726660.0, "mean": 5676100}, "spectral_rms": {"min": 3.12662981443e-12, "max": 0.0132499244064, "dvar2": 2.37979406847e-06, "median": 0.00427291775122, "dmean2": 0.00139487453271, "dmean": 0.000880262930878, "var": 4.92897970616e-06, "dvar": 1.02899059584e-06, "mean": 0.0042350012809}, "erbbands": {"min": [2.7325715772e-23, 1.61857950419e-22, 1.99398510563e-21, 7.60300071192e-21, 9.73450701777e-21, 2.04135993651e-20, 6.60338283001e-20, 1.36249817154e-19, 1.00325544096e-19, 1.37820141999e-19, 1.77931189726e-19, 4.76180168096e-19, 5.83631911944e-19, 6.99274760109e-19, 1.16510498589e-18, 1.24109155471e-18, 1.51527070171e-18, 2.24797705195e-18, 2.68351349385e-18, 2.91357641044e-18, 4.38246864616e-18, 5.6183542363e-18, 6.24428428736e-18, 6.76307542394e-18, 8.21809232527e-18, 9.57681919945e-18, 1.28833016446e-17, 1.14902459478e-17, 1.25947694664e-17, 1.29593021721e-17, 1.15677188568e-17, 1.02801154532e-17, 1.05265491013e-17, 7.33074507651e-18, 6.52805521394e-18, 4.98627120225e-18, 2.4832636141e-18, 1.0223445723e-18, 2.56106620627e-19, 2.7417492708e-20], "max": [2.16960120201, 19.6035079956, 49.510684967, 131.324905396, 143.350524902, 294.167266846, 295.983276367, 397.553131104, 565.905151367, 989.575622559, 2705.37963867, 1250.87243652, 828.231201172, 966.893615723, 1268.75549316, 1474.48120117, 2002.06274414, 1096.68334961, 1570.68078613, 1972.51782227, 1418.97924805, 504.524810791, 943.269592285, 556.928955078, 360.966339111, 686.594116211, 341.50567627, 456.721893311, 940.00982666, 1259.71325684, 834.479553223, 707.809509277, 210.360794067, 89.8550567627, 54.7486495972, 33.7131195068, 11.7924757004, 1.85796368122, 0.197081923485, 0.0128034176305], "dvar2": [0.0797522962093, 14.4383583069, 60.0690994263, 290.7840271, 234.033737183, 268.468688965, 292.680938721, 510.647583008, 1202.94165039, 2941.52514648, 13513.8134766, 3017.76757812, 1175.70837402, 1706.91394043, 2081.1315918, 3885.10375977, 3674.11425781, 2412.72680664, 3600.70507812, 6655.63671875, 3216.3347168, 1690.54919434, 4786.81787109, 3872.86010742, 685.844116211, 1161.38464355, 1169.61743164, 1228.71948242, 2012.75390625, 2322.99853516, 1751.30554199, 1051.46936035, 198.893112183, 55.8692588806, 14.5648107529, 2.23466277122, 0.272324115038, 0.00978642050177, 0.000114755712275, 3.70779304149e-07], "median": [0.0624069161713, 1.04014575481, 1.74481570721, 1.09302282333, 1.25773441792, 2.32344222069, 2.53277921677, 2.42185759544, 3.55426192284, 5.65793228149, 7.07481145859, 4.24738264084, 3.8048491478, 2.72600245476, 2.39493107796, 3.24481463432, 3.62946462631, 4.78070020676, 6.2064614296, 7.19960021973, 7.24250984192, 6.51402330399, 7.21627235413, 6.76775836945, 6.25894546509, 6.7210021019, 5.5002913475, 5.03617238998, 5.05183315277, 4.49472475052, 3.6269967556, 2.01297545433, 0.949106037617, 0.380871891975, 0.158537223935, 0.0495912991464, 0.0161940902472, 0.00301852356642, 0.000280608597677, 4.17317460233e-05], "dmean2": [0.177871197462, 2.31079745293, 4.94333124161, 7.16222429276, 6.56169891357, 6.49403381348, 7.27005243301, 8.56087207794, 13.4107627869, 22.0397472382, 46.0971794128, 17.6790447235, 12.1117401123, 11.457529068, 11.5754041672, 17.8618679047, 15.0953207016, 17.2011394501, 21.5549564362, 26.6416244507, 20.3866653442, 18.0930557251, 27.3536758423, 22.9241428375, 13.4178276062, 16.057882309, 14.7341032028, 15.6395940781, 18.6891975403, 16.6138687134, 16.3569602966, 11.6857452393, 5.78230190277, 3.25125813484, 1.69948410988, 0.659906685352, 0.216974943876, 0.0390693508089, 0.00340199284256, 0.000174178218003], "dmean": [0.102378845215, 1.31633508205, 2.89189863205, 3.98021245003, 3.78343868256, 4.06291389465, 4.45198488235, 5.13934230804, 8.31831932068, 14.0579147339, 28.4294929504, 11.403424263, 7.84530448914, 7.29849529266, 7.62836503983, 11.7138681412, 9.64867115021, 11.1824388504, 13.7305698395, 16.759595871, 12.9042711258, 11.2086772919, 16.3871021271, 13.7604675293, 8.07323074341, 9.49394226074, 8.83998298645, 9.27116107941, 11.0161066055, 10.2495145798, 9.85991668701, 7.06222391129, 3.53946614265, 2.08328485489, 1.10454702377, 0.444023489952, 0.148425757885, 0.0262203346938, 0.00226923567243, 0.000119846932648], "var": [0.04051297158, 5.77841997147, 26.7402992249, 78.7163772583, 87.6376037598, 141.391052246, 165.679016113, 273.215270996, 679.220397949, 2148.49658203, 10456.3955078, 2608.67700195, 899.768066406, 1550.09191895, 2905.53491211, 3936.19018555, 2280.63012695, 2374.796875, 2892.59814453, 3665.98266602, 2230.91870117, 1469.95812988, 2238.52026367, 1603.91333008, 546.033630371, 608.677124023, 582.208435059, 654.262207031, 872.057617188, 1123.72473145, 795.113464355, 474.492431641, 101.730514526, 30.5177955627, 8.72729587555, 1.76326370239, 0.232386499643, 0.00950131285936, 0.000135414418764, 5.74676960241e-07], "dvar": [0.0274881571531, 4.73944282532, 22.350030899, 103.179725647, 86.5322647095, 104.38143158, 109.001724243, 185.125106812, 495.534362793, 1255.98986816, 5724.71679688, 1274.04821777, 474.807067871, 738.393371582, 976.058288574, 1662.66137695, 1493.7355957, 1066.55969238, 1644.40576172, 2585.00170898, 1307.42626953, 702.388793945, 1851.58776855, 1452.14685059, 280.206237793, 450.629699707, 453.702911377, 468.331726074, 770.144775391, 970.973754883, 729.80670166, 448.674804688, 86.3812637329, 25.423204422, 6.73593902588, 1.10935997963, 0.136936411262, 0.00501316925511, 5.79508559895e-05, 2.06103138112e-07], "mean": [0.142841264606, 1.77537274361, 3.64428758621, 3.75871133804, 4.34129238129, 6.21405649185, 6.9532752037, 7.86236619949, 12.4270372391, 21.2052001953, 41.8203315735, 17.7522945404, 13.2412471771, 12.3695793152, 13.6657276154, 20.2027320862, 15.9868869781, 18.8200855255, 22.2587680817, 27.172504425, 22.5007152557, 20.1820659637, 23.9692459106, 20.2557964325, 14.4756603241, 15.4519138336, 14.0100822449, 14.838971138, 15.6097221375, 14.6998357773, 12.2791748047, 8.13377094269, 4.19887828827, 2.30619502068, 1.21744132042, 0.535452663898, 0.181164935231, 0.0324094183743, 0.00317307072692, 0.000198381341761]}, "zerocrossingrate": {"min": 0.001953125, "max": 0.517578125, "dvar2": 0.000585921516176, "median": 0.06640625, "dmean2": 0.0192700196058, "dmean": 0.0161446314305, "var": 0.00333686848171, "dvar": 0.000441424141172, "mean": 0.0791030302644}, "spectral_contrast_coeffs": {"min": [-0.975448429585, -0.975795149803, -0.982132732868, -0.977280139923, -0.965884149075, -0.990726232529], "max": [-0.273502111435, -0.382151991129, -0.456685841084, -0.513122081757, -0.59057945013, -0.574905872345], "dvar2": [0.00580735737458, 0.00444772979245, 0.00257141073234, 0.00196980102919, 0.000812345475424, 0.000852253229823], "median": [-0.63729518652, -0.726124346256, -0.772334933281, -0.775286376476, -0.797958672047, -0.752687990665], "dmean2": [0.0917266309261, 0.0793607085943, 0.0615006685257, 0.0528224036098, 0.0351614430547, 0.0323148034513], "dmean": [0.0558686442673, 0.0490948483348, 0.0386014170945, 0.0333201661706, 0.0217953361571, 0.0210029873997], "var": [0.0113414628431, 0.00727917952463, 0.0047177686356, 0.00371690862812, 0.00204508542083, 0.00292656524107], "dvar": [0.00218860851601, 0.00178704562131, 0.00104568561073, 0.000806207535788, 0.000343358144164, 0.000442409742391], "mean": [-0.625616014004, -0.718921244144, -0.767836272717, -0.772384941578, -0.794968128204, -0.754967272282]}, "dissonance": {"min": 0.198047205806, "max": 0.500000178814, "dvar2": 0.000996061018668, "median": 0.473491668701, "dmean2": 0.0289245527238, "dmean": 0.0175276845694, "var": 0.00114309904166, "dvar": 0.000392059562728, "mean": 0.464024245739}, "spectral_energyband_high": {"min": 7.00058138923e-21, "max": 0.0769908353686, "dvar2": 2.33638493228e-05, "median": 0.000722236698493, "dmean2": 0.00206951587461, "dmean": 0.00132113182917, "var": 1.30076423375e-05, "dvar": 1.0007443052e-05, "mean": 0.00202580960467}, "spectral_skewness": {"min": -0.244400516152, "max": 7.23677635193, "dvar2": 0.16701631248, "median": 1.15645265579, "dmean2": 0.315269172192, "dmean": 0.198265075684, "var": 0.351514667273, "dvar": 0.0662244260311, "mean": 1.24275553226}, "spectral_flux": {"min": 6.35410751793e-11, "max": 0.375022560358, "dvar2": 0.00190104998183, "median": 0.0781752690673, "dmean2": 0.039689142257, "dmean": 0.0255412962288, "var": 0.00309180468321, "dvar": 0.000995641457848, "mean": 0.0838159248233}, "silence_rate_30dB": {"min": 0, "max": 1, "dvar2": 0.00967024546117, "median": 1, "dmean2": 0.00694203423336, "dmean": 0.00347061548382, "var": 0.00207797577605, "dvar": 0.00345834577456, "mean": 0.997917890549}, "spectral_energyband_middle_high": {"min": 1.15721739708e-21, "max": 0.117342501879, "dvar2": 2.58851268882e-05, "median": 0.00193670357112, "dmean2": 0.00250257225707, "dmean": 0.00163943122607, "var": 3.24777429341e-05, "dvar": 1.13055502879e-05, "mean": 0.00406045466661}, "barkbands_spread": {"min": 0.252873808146, "max": 120.237770081, "dvar2": 339.971099854, "median": 26.3647556305, "dmean2": 15.0796489716, "dmean": 9.38879013062, "var": 405.370819092, "dvar": 150.358551025, "mean": 30.0709495544}, "spectral_centroid": {"min": 126.550064087, "max": 11539.5117188, "dvar2": 481328.75, "median": 1583.1953125, "dmean2": 547.981811523, "dmean": 345.890441895, "var": 1071656.25, "dvar": 211267.15625, "mean": 1696.78808594}, "pitch_salience": {"min": 0.0288704093546, "max": 0.907444894314, "dvar2": 0.016527665779, "median": 0.498106122017, "dmean2": 0.142708823085, "dmean": 0.0885847583413, "var": 0.019942253828, "dvar": 0.00672583002597, "mean": 0.494483292103}, "erbbands_skewness": {"min": -5.86110162735, "max": 10.8978624344, "dvar2": 0.589834392071, "median": 0.100136555731, "dmean2": 0.696432292461, "dmean": 0.45304659009, "var": 1.1838312149, "dvar": 0.264504879713, "mean": 0.18569278717}, "erbbands_crest": {"min": 2.1880800724, "max": 32.3130950928, "dvar2": 19.6689338684, "median": 7.48241472244, "dmean2": 4.59144449234, "dmean": 2.84350705147, "var": 23.9050235748, "dvar": 8.30285549164, "mean": 8.84296226501}, "melbands": {"min": [1.74966809632e-25, 1.52635473817e-24, 1.66386759066e-24, 9.83178842637e-25, 2.02235300448e-24, 3.40754108366e-24, 1.86403788992e-24, 1.59254075976e-24, 1.39897815666e-24, 3.44653802808e-24, 2.62883419879e-24, 2.71889568733e-24, 3.95980603732e-24, 3.74936792452e-24, 1.86832633501e-24, 3.05286231814e-24, 3.42700662092e-24, 2.74152120417e-24, 4.14139590125e-24, 3.3588916372e-24, 5.27765182204e-24, 5.02744446999e-24, 3.54035883326e-24, 5.06625879311e-24, 4.93164559609e-24, 4.95133990302e-24, 4.8042264161e-24, 6.57433917398e-24, 6.73124045259e-24, 5.35331699348e-24, 5.75558044045e-24, 6.43719807219e-24, 5.51496208714e-24, 7.34433368179e-24, 5.14952266723e-24, 6.49188743217e-24, 5.48025141845e-24, 6.07693515754e-24, 5.14599054252e-24, 5.24708346196e-24], "max": [0.018699195236, 0.0221446976066, 0.022315621376, 0.0170350447297, 0.00922098383307, 0.00793244037777, 0.0101597197354, 0.0107154967263, 0.0247128065675, 0.00847246218473, 0.00405175238848, 0.00393653148785, 0.0033598896116, 0.00630485685542, 0.00434400141239, 0.00371450395323, 0.00200470443815, 0.00238290568814, 0.003410553094, 0.00185534311458, 0.00170318060555, 0.000712716428097, 0.000491644488648, 0.00076766021084, 0.000474855740322, 0.00025332137011, 0.000320043676766, 0.000472737970995, 0.000207587581826, 0.000270661519608, 0.000262495566858, 0.000434248213423, 0.000815816689283, 0.000654912146274, 0.000530677905772, 0.000391726294765, 0.00045185838826, 0.000160959782079, 9.54797360464e-05, 6.74271868775e-05], "dvar2": [1.11080717033e-05, 1.54090321303e-05, 7.89746081864e-06, 1.1192501006e-06, 3.20233766615e-07, 2.27581764989e-07, 2.92780242717e-07, 3.9525474449e-07, 8.97003303635e-07, 1.03947435548e-07, 2.9673980606e-08, 2.77715610508e-08, 1.96828260357e-08, 3.72649111569e-08, 1.85098585348e-08, 1.95692120286e-08, 8.82700490479e-09, 8.25518764458e-09, 2.27163390321e-08, 1.05228918912e-08, 4.67581351415e-09, 2.39402364599e-09, 4.08366895854e-09, 5.07887421008e-09, 2.58758503513e-09, 4.21974177822e-10, 4.46540387999e-10, 5.60848145703e-10, 3.75797559737e-10, 6.85387746557e-10, 3.46881828817e-10, 5.76865333279e-10, 9.11186792685e-10, 8.01452237909e-10, 7.02835012412e-10, 4.81849227185e-10, 3.80218551088e-10, 1.14381074057e-10, 5.327026667e-11, 3.82761149165e-11], "median": [0.00092732871417, 0.00138527993113, 0.000230514735449, 0.00013617076911, 9.75467337412e-05, 5.48111311218e-05, 5.47813397134e-05, 6.33608287899e-05, 5.01371214341e-05, 2.07685425266e-05, 1.71537885763e-05, 9.93280627881e-06, 7.0761857387e-06, 7.64311243984e-06, 6.72681608194e-06, 7.41147778172e-06, 7.36062838769e-06, 8.3674731286e-06, 9.76663341135e-06, 8.3060876932e-06, 7.63058233133e-06, 6.27632971373e-06, 6.00074190515e-06, 5.98491988058e-06, 5.08392849952e-06, 4.21618506152e-06, 4.50854031442e-06, 4.14585974795e-06, 3.36018752023e-06, 2.86493946078e-06, 2.7298221994e-06, 2.71194107881e-06, 2.62657545136e-06, 2.29772831517e-06, 2.15296245187e-06, 1.50638334162e-06, 1.05559581698e-06, 7.10652500402e-07, 4.17200737957e-07, 2.63926210664e-07], "dmean2": [0.00207913573831, 0.0025799300056, 0.00118784722872, 0.000452506326837, 0.000250525248703, 0.000191422412172, 0.000218620552914, 0.000273856101558, 0.000348118832335, 0.000102589838207, 6.11133727944e-05, 4.71779094369e-05, 3.85288440157e-05, 4.9826256145e-05, 3.574891889e-05, 3.90488712583e-05, 3.38717036357e-05, 3.25481232721e-05, 4.65304801764e-05, 3.35942931997e-05, 2.43197773671e-05, 1.99494570552e-05, 2.68915173365e-05, 2.49919212365e-05, 1.94037256733e-05, 1.01988962342e-05, 1.11399331217e-05, 1.10102291728e-05, 8.79537765286e-06, 1.08424956125e-05, 8.65006495587e-06, 1.06851557575e-05, 1.09540269477e-05, 9.65997696767e-06, 1.0503980775e-05, 7.9240580817e-06, 6.78262813381e-06, 4.35980791735e-06, 3.22173877976e-06, 2.6527557111e-06], "dmean": [0.00118604442105, 0.00149646075442, 0.000665999716148, 0.000273617974017, 0.000155556452228, 0.000115285780339, 0.000135258189403, 0.000173259701114, 0.000216888438445, 6.61091471557e-05, 3.94452254113e-05, 2.98594623018e-05, 2.50045995926e-05, 3.22632331518e-05, 2.32418551604e-05, 2.4778284569e-05, 2.1747109713e-05, 2.08463479794e-05, 2.86579725071e-05, 2.14692681766e-05, 1.5138881281e-05, 1.2432497897e-05, 1.5839093976e-05, 1.48675644596e-05, 1.16358733067e-05, 6.15899352852e-06, 6.56856445858e-06, 6.523387583e-06, 5.33065303898e-06, 6.29908572591e-06, 5.17905846209e-06, 6.28980524198e-06, 6.55458779875e-06, 5.96942163611e-06, 6.2787457864e-06, 4.81161941934e-06, 4.08774303651e-06, 2.63539754997e-06, 1.99425812752e-06, 1.69736176758e-06], "var": [5.09144638272e-06, 7.63107527746e-06, 2.25439134738e-06, 5.10655695507e-07, 1.89283838381e-07, 1.28461167037e-07, 1.80522008009e-07, 3.25076427998e-07, 6.75868534472e-07, 9.1839112315e-08, 2.26366214662e-08, 2.59398049707e-08, 2.28865317808e-08, 4.12320453336e-08, 1.29983313002e-08, 1.3619160022e-08, 8.05731925624e-09, 6.47848130697e-09, 1.13183595829e-08, 7.18580039916e-09, 2.92445911931e-09, 1.95669902503e-09, 1.88363680209e-09, 1.95946459058e-09, 1.09516939961e-09, 3.25114685173e-10, 2.96582564063e-10, 2.78737088966e-10, 2.02183256248e-10, 2.86187407106e-10, 2.13103659719e-10, 2.67271288434e-10, 3.56735779805e-10, 3.91043419867e-10, 3.0058747158e-10, 2.19617518615e-10, 1.67066749324e-10, 5.47955396335e-11, 2.99913358037e-11, 1.96714276812e-11], "dvar": [3.74647152057e-06, 5.49389778826e-06, 2.81459324469e-06, 4.27560820526e-07, 1.20796741498e-07, 8.33504643083e-08, 1.22316833995e-07, 1.69949487372e-07, 3.8179848616e-07, 4.3791615667e-08, 1.20245724489e-08, 1.21676144715e-08, 8.97001939393e-09, 1.56417367947e-08, 7.85482967558e-09, 8.01042965293e-09, 3.83355969191e-09, 3.67152352965e-09, 8.96198848466e-09, 4.31067936901e-09, 1.86350690434e-09, 9.84391013148e-10, 1.54363333227e-09, 1.89246351923e-09, 9.75552416627e-10, 1.71046732333e-10, 1.78720357957e-10, 2.1623867974e-10, 1.48507761644e-10, 2.52761922503e-10, 1.34798644469e-10, 2.19207513252e-10, 3.52881668331e-10, 3.38432309954e-10, 2.86017265427e-10, 2.05216482696e-10, 1.61217220129e-10, 4.83182972799e-11, 2.42449428589e-11, 1.71283889849e-11], "mean": [0.001669958001, 0.00216375547461, 0.000668325053994, 0.000378928350983, 0.000251600489719, 0.000179519585799, 0.000203126634005, 0.000260631117271, 0.00032137366361, 9.83042191365e-05, 6.44511237624e-05, 4.94053056173e-05, 4.07471379731e-05, 5.62117784284e-05, 3.70167872461e-05, 3.85759158235e-05, 3.41774466506e-05, 3.20640865539e-05, 4.17210503656e-05, 3.37295750796e-05, 2.48075957643e-05, 2.12389186345e-05, 2.18344011955e-05, 2.0508923626e-05, 1.62768992595e-05, 1.05005929072e-05, 1.05889039332e-05, 9.98688028631e-06, 8.34393085825e-06, 8.9382783699e-06, 8.32171099319e-06, 8.74210036272e-06, 8.69137420523e-06, 8.16553347249e-06, 7.55330302127e-06, 5.71348527956e-06, 4.57382429886e-06, 3.04812078866e-06, 2.31551439356e-06, 1.79270102763e-06]}, "spectral_entropy": {"min": 4.78971529007, "max": 9.82843780518, "dvar2": 0.104146361351, "median": 7.87475204468, "dmean2": 0.277466505766, "dmean": 0.182953938842, "var": 0.316155910492, "dvar": 0.051796965301, "mean": 7.76098918915}, "spectral_rolloff": {"min": 64.599609375, "max": 19573.6816406, "dvar2": 6212869.5, "median": 1291.9921875, "dmean2": 1706.13305664, "dmean": 999.428039551, "var": 6669897, "dvar": 2784382.25, "mean": 2176.67163086}, "barkbands": {"min": [1.65243642915e-25, 4.75543990506e-25, 1.90063807769e-24, 2.21305026755e-24, 6.70869401905e-24, 1.96735945974e-23, 7.38250271669e-24, 5.96282839975e-24, 2.67743114655e-23, 1.81800537118e-23, 2.62158815639e-23, 2.90518728058e-23, 2.18908348996e-23, 2.25107959519e-23, 5.45807496068e-23, 5.6315309587e-23, 8.22426368758e-23, 1.10728858547e-22, 1.18927306919e-22, 1.90336813596e-22, 3.23809731109e-22, 3.46745868239e-22, 4.49448111252e-22, 6.24300683372e-22, 8.04964774849e-22, 1.38512433606e-21, 2.09248038499e-21], "max": [0.00205403240398, 0.0766421109438, 0.053006529808, 0.051332347095, 0.0726972147822, 0.034851256758, 0.0589830242097, 0.080723978579, 0.0591307170689, 0.0223550088704, 0.0243251547217, 0.0472497940063, 0.0460976064205, 0.0196730196476, 0.0378544181585, 0.0237050447613, 0.0120734423399, 0.0137753700837, 0.00816209986806, 0.0122686075047, 0.00916513986886, 0.0327799655497, 0.0341198518872, 0.0216125752777, 0.00588991260156, 0.00667531182989, 0.00124940962996], "dvar2": [2.09394954709e-08, 0.000214359126403, 6.02799773333e-05, 4.04509373766e-05, 1.73293701664e-05, 5.0905741773e-06, 9.04020816961e-06, 2.11941387533e-05, 7.1919189395e-06, 1.24503185361e-06, 1.21208950077e-06, 2.55443137576e-06, 1.99841019821e-06, 8.55842245073e-07, 2.84131442641e-06, 1.35759682962e-06, 7.44987573853e-07, 2.9657514915e-06, 3.16170456927e-07, 4.00153965074e-07, 8.62728427364e-07, 1.57500301157e-06, 2.35020706896e-06, 1.27304213038e-06, 3.26669521655e-07, 8.7741547361e-08, 4.22764445673e-09], "median": [1.55628586072e-05, 0.00420488789678, 0.00100981991272, 0.000250161421718, 0.000729151244741, 0.000317957135849, 0.000255106773693, 0.000281863001874, 0.000136950518936, 8.9171298896e-05, 5.02107213833e-05, 7.06857390469e-05, 6.79815784679e-05, 7.62857307564e-05, 0.000124092795886, 0.000112343863293, 0.00011191660451, 0.00012423111184, 0.000118246251077, 0.00014229043154, 0.000127822029754, 0.000141561948112, 0.000131684151711, 7.29589955881e-05, 2.79760570265e-05, 9.39312485571e-06, 1.60225340551e-06], "dmean2": [7.42366028135e-05, 0.00896910205483, 0.00443355273455, 0.00252585951239, 0.00186604144983, 0.000980690820143, 0.00119223003276, 0.00196232669987, 0.000779364258051, 0.00037424947368, 0.00030150389648, 0.000444846431492, 0.000357637793059, 0.000345775246387, 0.000564402609598, 0.000411516957683, 0.000355588854291, 0.000585812318604, 0.000285774265649, 0.000312058487907, 0.000393406837247, 0.000487388984766, 0.00056966295233, 0.000436309579527, 0.000254040729487, 0.000125770806335, 2.08058208955e-05], "dmean": [4.67369245598e-05, 0.00508840801194, 0.00259033357725, 0.00138090888504, 0.00114660919644, 0.000591058342252, 0.000742937671021, 0.00121333217248, 0.000500547117554, 0.000241465313593, 0.000192556602997, 0.000288541021291, 0.00022695271764, 0.000220508736675, 0.000352648261469, 0.000262076442596, 0.000220499321586, 0.000345581560396, 0.000176579909748, 0.000186073491932, 0.00023405450338, 0.000293097342364, 0.000347403081832, 0.000266953837126, 0.000165433593793, 8.56234910316e-05, 1.39787771332e-05], "var": [2.44982825137e-08, 8.90168957994e-05, 2.12502509385e-05, 1.07560326796e-05, 8.64501816977e-06, 3.041626087e-06, 5.80592904953e-06, 1.75105742528e-05, 4.99103043694e-06, 1.13707164928e-06, 1.15660679967e-06, 2.75817660622e-06, 1.2118430277e-06, 7.74192358222e-07, 1.66315749084e-06, 9.78410184871e-07, 5.98137603447e-07, 1.02497040189e-06, 2.77305986174e-07, 2.32767490616e-07, 4.10627905012e-07, 7.16120382549e-07, 1.08405606625e-06, 6.26731491593e-07, 1.91747730582e-07, 7.4001555106e-08, 5.29757882006e-09], "dvar": [9.63455359937e-09, 7.07308572601e-05, 2.19312441914e-05, 1.42877361213e-05, 6.63563605485e-06, 1.89098170722e-06, 3.82432835977e-06, 8.97447262105e-06, 3.02449075207e-06, 5.3089308949e-07, 5.39205416317e-07, 1.06237166619e-06, 8.09735070106e-07, 3.75525530671e-07, 1.17953140943e-06, 5.58415877094e-07, 3.01471715147e-07, 1.09008578875e-06, 1.33665267299e-07, 1.57372653575e-07, 3.25734731632e-07, 6.15691590156e-07, 9.85320184554e-07, 5.52863184566e-07, 1.51485608058e-07, 4.38166871675e-08, 2.21317542071e-09], "mean": [7.0221380156e-05, 0.00705424137414, 0.00278810970485, 0.0011724337237, 0.00173884560354, 0.000938794983085, 0.00106464570854, 0.00175727554597, 0.000712567823939, 0.000401372439228, 0.000287278497126, 0.000492330582347, 0.000348156259861, 0.00034291119664, 0.000525432580616, 0.00041619563126, 0.000376622076146, 0.000457333371742, 0.000307528331177, 0.000315463374136, 0.000365208252333, 0.000435333058704, 0.000446021178504, 0.000312005431624, 0.000183669195394, 0.000105070896097, 1.94448875845e-05]}, "melbands_flatness_db": {"min": 0.0029351010453, "max": 0.626167953014, "dvar2": 0.00287576555274, "median": 0.18690417707, "dmean2": 0.0537739396095, "dmean": 0.0346319228411, "var": 0.00630498724058, "dvar": 0.00129306758754, "mean": 0.194631025195}, "melbands_skewness": {"min": -3.4998831749, "max": 19.693731308, "dvar2": 3.9736726284, "median": 2.92563343048, "dmean2": 1.76344275475, "dmean": 1.12103307247, "var": 6.40689611435, "dvar": 1.73148739338, "mean": 3.54301834106}, "barkbands_skewness": {"min": -5.67680263519, "max": 25.0971317291, "dvar2": 2.05116486549, "median": 1.50475275517, "dmean2": 1.21352720261, "dmean": 0.775831758976, "var": 3.43745398521, "dvar": 0.931017994881, "mean": 1.85736000538}, "silence_rate_60dB": {"min": 0, "max": 1, "dvar2": 0.0770374909043, "median": 0, "dmean2": 0.073122754693, "dmean": 0.036557149142, "var": 0.135407313704, "dvar": 0.0352258346975, "mean": 0.161480620503}, "spectral_energyband_low": {"min": 9.87325608314e-24, "max": 0.0981705188751, "dvar2": 0.00027404614957, "median": 0.00726396264508, "dmean2": 0.0108677288517, "dmean": 0.00632314523682, "var": 0.000158822265803, "dvar": 9.66974112089e-05, "mean": 0.0106220291927}, "spectral_energyband_middle_low": {"min": 1.51004473919e-22, "max": 0.151340052485, "dvar2": 0.000124180573039, "median": 0.00464278459549, "dmean2": 0.00658963434398, "dmean": 0.00401360075921, "var": 8.20245186333e-05, "dvar": 4.92614890391e-05, "mean": 0.00753449881449}, "melbands_kurtosis": {"min": -1.90078580379, "max": 648.45123291, "dvar2": 2265.07104492, "median": 11.0306882858, "dmean2": 24.1347846985, "dmean": 15.045217514, "var": 2023.05700684, "dvar": 948.251647949, "mean": 25.8501834869}, "spectral_decrease": {"min": -4.26458548475e-08, "max": 1.58177432816e-28, "dvar2": 2.52435554811e-17, "median": -4.45143388816e-09, "dmean2": 3.78294640058e-09, "dmean": 2.31320118615e-09, "var": 2.50442413494e-17, "dvar": 1.00300223581e-17, "mean": -5.58200508038e-09}, "erbbands_kurtosis": {"min": -1.81454658508, "max": 145.718154907, "dvar2": 35.980381012, "median": -0.330756902695, "dmean2": 2.14869165421, "dmean": 1.35228860378, "var": 36.1861686707, "dvar": 15.1128482819, "mean": 0.835495710373}, "melbands_crest": {"min": 1.75272631645, "max": 35.2949638367, "dvar2": 25.0306091309, "median": 15.8377084732, "dmean2": 5.85217618942, "dmean": 3.56894779205, "var": 30.4163646698, "dvar": 9.90714931488, "mean": 15.9585523605}, "gfcc": {"cov": [[19266.1992188, -859.616882324, -335.383300781, 1643.09179688, -215.890823364, 1057.73815918, -17.4613075256, 469.810180664, 172.069564819, 341.899291992, 20.1073894501, 293.304779053, -266.057800293], [-859.616882324, 1720.70837402, -274.407043457, 42.23229599, 110.525161743, -190.666473389, 75.4955215454, -113.304924011, 36.5621032715, -136.433502197, 70.1879882812, -88.8788223267, 73.4745788574], [-335.383300781, -274.407043457, 1265.79406738, 305.461334229, 189.494888306, 188.33795166, 15.1522111893, 149.147415161, 14.4914989471, 51.630771637, -60.2754096985, 38.7025718689, -82.9737014771], [1643.09179688, 42.23229599, 305.461334229, 987.1015625, 307.128875732, 264.482543945, 147.424819946, 65.1702651978, 152.834197998, 44.8980331421, 70.7858734131, 88.1539993286, 37.8818244934], [-215.890823364, 110.525161743, 189.494888306, 307.128875732, 438.39666748, 185.213394165, 165.759979248, 103.895217896, 101.433258057, 71.1398239136, 40.3773994446, 21.2207565308, 32.1681137085], [1057.73815918, -190.666473389, 188.33795166, 264.482543945, 185.213394165, 458.653442383, 249.228286743, 131.380111694, 82.3687667847, 105.102546692, 66.1464080811, 42.6850013733, -49.0805282593], [-17.4613075256, 75.4955215454, 15.1522111893, 147.424819946, 165.759979248, 249.228286743, 373.767700195, 137.574890137, 120.59627533, 77.7299575806, 87.5335235596, 31.4921073914, 2.82789087296], [469.810180664, -113.304924011, 149.147415161, 65.1702651978, 103.895217896, 131.380111694, 137.574890137, 241.489105225, 131.938812256, 88.782875061, 10.1189727783, 12.5400762558, -22.5996112823], [172.069564819, 36.5621032715, 14.4914989471, 152.834197998, 101.433258057, 82.3687667847, 120.59627533, 131.938812256, 258.712554932, 99.4211883545, 48.7901954651, 26.7079677582, 11.7740697861], [341.899291992, -136.433502197, 51.630771637, 44.8980331421, 71.1398239136, 105.102546692, 77.7299575806, 88.782875061, 99.4211883545, 162.412063599, 56.9313278198, 46.1033401489, 8.89219093323], [20.1073894501, 70.1879882812, -60.2754096985, 70.7858734131, 40.3773994446, 66.1464080811, 87.5335235596, 10.1189727783, 48.7901954651, 56.9313278198, 127.793914795, 56.3104286194, 29.0393447876], [293.304779053, -88.8788223267, 38.7025718689, 88.1539993286, 21.2207565308, 42.6850013733, 31.4921073914, 12.5400762558, 26.7079677582, 46.1033401489, 56.3104286194, 118.613174438, 47.7805099487], [-266.057800293, 73.4745788574, -82.9737014771, 37.8818244934, 32.1681137085, -49.0805282593, 2.82789087296, -22.5996112823, 11.7740697861, 8.89219093323, 29.0393447876, 47.7805099487, 116.066078186]], "icov": [[0.000126572515001, -7.55535365897e-05, 0.000210223239264, -0.000314971955959, 0.000290275842417, -0.00035293775727, 0.000343866791809, -0.000436271860963, 0.000241374742473, -0.000299934501527, 0.000326761219185, -0.00040942261694, 0.000353317649569], [-7.55535365897e-05, 0.00093047239352, -0.000121007324196, 0.000172056548763, -0.00052499427693, 0.000725115998648, -0.000608239031862, 0.000617633690126, -0.000518949527759, 0.00106282252818, -0.00117616215721, 0.00120834365953, -0.000549612916075], [0.000210223239264, -0.000121007324196, 0.00148263270967, -0.000809705408756, 9.32879847824e-05, -0.00068039848702, 0.000896943034604, -0.00138269970194, 0.000847380550113, -0.000694846617989, 0.0013028398389, -0.00151751446538, 0.00154403923079], [-0.000314971955959, 0.000172056548763, -0.000809705408756, 0.00250966893509, -0.0015146851074, -7.45605802877e-06, -0.000518721120898, 0.00165157509036, -0.001716991188, 0.00181390868966, -0.00108453771099, 0.000254031794611, -0.00127603451256], [0.000290275842417, -0.00052499427693, 9.32879847824e-05, -0.0015146851074, 0.00464597390965, -0.00158724084031, 0.000155586400069, -0.00156810227782, 0.000638576690108, -0.00168721890077, 0.0011340676574, 0.000235199564486, -0.00102524401154], [-0.00035293775727, 0.000725115998648, -0.00068039848702, -7.45605802877e-06, -0.00158724084031, 0.00640660431236, -0.00377652025782, 0.00101507897489, 0.000372109730961, -0.000603345048148, -0.00154919247143, 0.000676878204104, 0.00180410698522], [0.000343866791809, -0.000608239031862, 0.000896943034604, -0.000518721120898, 0.000155586400069, -0.00377652025782, 0.00701864203438, -0.00328463036567, -8.16017418401e-05, 0.000210112237255, -0.0013681857381, -0.000909479858819, 0.000242039226578], [-0.000436271860963, 0.000617633690126, -0.00138269970194, 0.00165157509036, -0.00156810227782, 0.00101507897489, -0.00328463036567, 0.00996260810643, -0.00399153353646, -0.000664222694468, 0.000887582136784, 0.00138439715374, -0.000371014204575], [0.000241374742473, -0.000518949527759, 0.000847380550113, -0.001716991188, 0.000638576690108, 0.000372109730961, -8.16017418401e-05, -0.00399153353646, 0.00789296254516, -0.00387153332122, 0.000340600759955, -0.000590031093452, 0.000906748638954], [-0.000299934501527, 0.00106282252818, -0.000694846617989, 0.00181390868966, -0.00168721890077, -0.000603345048148, 0.000210112237255, -0.000664222694468, -0.00387153332122, 0.0130648799241, -0.00498333154246, -0.000230919860769, -0.00163740571588], [0.000326761219185, -0.00117616215721, 0.0013028398389, -0.00108453771099, 0.0011340676574, -0.00154919247143, -0.0013681857381, 0.000887582136784, 0.000340600759955, -0.00498333154246, 0.0157516207546, -0.00679279305041, 0.00121828913689], [-0.00040942261694, 0.00120834365953, -0.00151751446538, 0.000254031794611, 0.000235199564486, 0.000676878204104, -0.000909479858819, 0.00138439715374, -0.000590031093452, -0.000230919860769, -0.00679279305041, 0.0169582013041, -0.00756248552352], [0.000353317649569, -0.000549612916075, 0.00154403923079, -0.00127603451256, -0.00102524401154, 0.00180410698522, 0.000242039226578, -0.000371014204575, 0.000906748638954, -0.00163740571588, 0.00121828913689, -0.00756248552352, 0.0151046821848]], "mean": [-26.0284729004, 59.4568405151, -105.597991943, 39.8905296326, -60.1996002197, 10.7582063675, -36.0714950562, 8.33317756653, -13.5214099884, 3.93446183205, -16.8277015686, -1.71942138672, -15.4936122894]}, "melbands_spread": {"min": 0.308437108994, "max": 250.980697632, "dvar2": 833.67364502, "median": 21.505695343, "dmean2": 19.3363857269, "dmean": 11.7899274826, "var": 690.225891113, "dvar": 347.086791992, "mean": 28.3380126953}, "spectral_energy": {"min": 1.00202090621e-20, "max": 0.179949522018, "dvar2": 0.000421054573962, "median": 0.0187142696232, "dmean2": 0.0154177322984, "dmean": 0.00947731733322, "var": 0.00043902231846, "dvar": 0.000172860192833, "mean": 0.0234358627349}, "mfcc": {"cov": [[13832.421875, -1061.74645996, 204.405181885, 604.687438965, 252.963729858, 702.053771973, 148.324234009, 522.943725586, 292.067565918, 216.885620117, 407.296691895, 416.211212158, 253.565795898], [-1061.74645996, 1472.13208008, -195.600875854, -7.16661834717, -40.416809082, -141.336471558, -25.1726417542, -65.9641876221, -86.4347915649, -9.17911148071, -86.505317688, -107.941604614, -39.0818061829], [204.405181885, -195.600875854, 906.168273926, 213.016723633, 195.222061157, 121.87449646, 60.0739898682, 116.602783203, 38.4388427734, 47.1902885437, 55.9662780762, 19.2626342773, 29.4564056396], [604.687438965, -7.16661834717, 213.016723633, 643.397094727, 276.911499023, 199.437942505, 46.1875991821, 126.151062012, 111.572250366, 34.5514526367, 13.5695905685, 71.5964431763, 73.7441558838], [252.963729858, -40.416809082, 195.222061157, 276.911499023, 364.812255859, 144.312164307, 55.6765022278, 68.8114242554, 85.2915267944, 61.0077285767, 20.7337913513, 26.8044834137, 50.5711517334], [702.053771973, -141.336471558, 121.87449646, 199.437942505, 144.312164307, 381.22454834, 191.18989563, 150.390594482, 87.390914917, 59.2431221008, 98.2132720947, 101.219024658, 72.0900268555], [148.324234009, -25.1726417542, 60.0739898682, 46.1875991821, 55.6765022278, 191.18989563, 294.108795166, 134.114776611, 69.7929077148, 51.711517334, 80.7738265991, 69.1244049072, 38.0500335693], [522.943725586, -65.9641876221, 116.602783203, 126.151062012, 68.8114242554, 150.390594482, 134.114776611, 224.863632202, 115.523773193, 85.6395874023, 94.7530670166, 78.5213394165, 58.4625320435], [292.067565918, -86.4347915649, 38.4388427734, 111.572250366, 85.2915267944, 87.390914917, 69.7929077148, 115.523773193, 206.337692261, 109.19229126, 89.5354690552, 81.4677963257, 53.0018882751], [216.885620117, -9.17911148071, 47.1902885437, 34.5514526367, 61.0077285767, 59.2431221008, 51.711517334, 85.6395874023, 109.19229126, 181.281188965, 106.529930115, 47.8345451355, 35.9484062195], [407.296691895, -86.505317688, 55.9662780762, 13.5695905685, 20.7337913513, 98.2132720947, 80.7738265991, 94.7530670166, 89.5354690552, 106.529930115, 173.567657471, 94.4368896484, 47.8458404541], [416.211212158, -107.941604614, 19.2626342773, 71.5964431763, 26.8044834137, 101.219024658, 69.1244049072, 78.5213394165, 81.4677963257, 47.8345451355, 94.4368896484, 159.398681641, 76.2776031494], [253.565795898, -39.0818061829, 29.4564056396, 73.7441558838, 50.5711517334, 72.0900268555, 38.0500335693, 58.4625320435, 53.0018882751, 35.9484062195, 47.8458404541, 76.2776031494, 108.109443665]], "icov": [[9.1531786893e-05, 4.65728917334e-05, 3.05645735352e-05, -4.30991713074e-05, 7.32271382731e-06, -0.000113975467684, 0.000135386115289, -0.000166244251886, 7.17927978258e-05, 7.97533721197e-06, -0.00010965490219, -7.1046211815e-05, -1.14224621939e-06], [4.65728917334e-05, 0.00081159255933, 0.000198449590243, -0.000247927673627, 3.69045737898e-05, 0.000291021540761, -0.000235197527218, -0.000103240439785, 0.000420886819484, -0.000395203212975, 0.000100942153949, 0.000407244166126, -0.000180450588232], [3.05645735352e-05, 0.000198449590243, 0.00140709266998, -0.000258440646576, -0.000606541405432, 7.95847154222e-05, 6.11665163888e-05, -0.000728095241357, 0.000583280751016, 1.41168911796e-05, -0.000539199274499, 0.000357518234523, 9.15434939088e-05], [-4.30991713074e-05, -0.000247927673627, -0.000258440646576, 0.00295329862274, -0.00160598475486, -0.000915385782719, 0.000876590318512, -0.000898254860658, -0.000789153040387, 0.000603438355029, 0.00114771141671, -0.000833836442325, -0.000127152132336], [7.32271382731e-06, 3.69045737898e-05, -0.000606541405432, -0.00160598475486, 0.00500234402716, -0.00101234170143, -0.000293858407531, 0.00107734941412, -0.000996435061097, -0.00129261787515, 0.000848319148645, 0.00114473723806, -0.00115197745617], [-0.000113975467684, 0.000291021540761, 7.95847154222e-05, -0.000915385782719, -0.00101234170143, 0.00578533113003, -0.0027060599532, -0.000835095765069, 0.000786014017649, 0.000393946422264, -0.00114781386219, -0.000569745956454, -0.000611351802945], [0.000135386115289, -0.000235197527218, 6.11665163888e-05, 0.000876590318512, -0.000293858407531, -0.0027060599532, 0.00633658096194, -0.00263686175458, -0.000106063831481, 0.000469621736556, -0.000502547423821, -0.00075232697418, 0.000769541831687], [-0.000166244251886, -0.000103240439785, -0.000728095241357, -0.000898254860658, 0.00107734941412, -0.000835095765069, -0.00263686175458, 0.00994189456105, -0.00277578318492, -0.00107397895772, -0.00097504502628, 0.000433682493167, -0.00138811231591], [7.17927978258e-05, 0.000420886819484, 0.000583280751016, -0.000789153040387, -0.000996435061097, 0.000786014017649, -0.000106063831481, -0.00277578318492, 0.0100098503754, -0.00382108613849, -0.000443707715021, -0.00223270826973, -2.16703720071e-05], [7.97533721197e-06, -0.000395203212975, 1.41168911796e-05, 0.000603438355029, -0.00129261787515, 0.000393946422264, 0.000469621736556, -0.00107397895772, -0.00382108613849, 0.0114306015894, -0.0059829200618, 0.00206486345269, -0.00055617315229], [-0.00010965490219, 0.000100942153949, -0.000539199274499, 0.00114771141671, 0.000848319148645, -0.00114781386219, -0.000502547423821, -0.00097504502628, -0.000443707715021, -0.0059829200618, 0.0141872502863, -0.00542803155258, 0.00048836338101], [-7.1046211815e-05, 0.000407244166126, 0.000357518234523, -0.000833836442325, 0.00114473723806, -0.000569745956454, -0.00075232697418, 0.000433682493167, -0.00223270826973, 0.00206486345269, -0.00542803155258, 0.0142290433869, -0.00656922301278], [-1.14224621939e-06, -0.000180450588232, 9.15434939088e-05, -0.000127152132336, -0.00115197745617, -0.000611351802945, 0.000769541831687, -0.00138811231591, -2.16703720071e-05, -0.00055617315229, 0.00048836338101, -0.00656922301278, 0.0152898635715]], "mean": [-667.228027344, 88.5995559692, 9.87749671936, 27.6772537231, 2.91811347008, 6.05217456818, -9.12759590149, 4.38868951797, -0.772877275944, 8.1285905838, 1.70186495781, 1.5181427002, -0.677742004395]}, "spectral_contrast_valleys": {"min": [-28.1630344391, -27.9070968628, -27.8703384399, -27.6079139709, -27.4435100555, -27.3698959351], "max": [-5.36559391022, -4.64325046539, -5.16457748413, -4.90101003647, -5.11994600296, -6.85162401199], "dvar2": [0.455314666033, 0.400171786547, 0.377470701933, 0.390102624893, 0.411366373301, 0.61945772171], "median": [-7.48688602448, -7.11687660217, -7.89657783508, -7.94042205811, -7.35247039795, -9.64030075073], "dmean2": [0.756860613823, 0.651452243328, 0.58734023571, 0.556111812592, 0.47469958663, 0.568167626858], "dmean": [0.479297935963, 0.413842469454, 0.384585946798, 0.365368276834, 0.328579396009, 0.406328618526], "var": [4.13291501999, 3.03427267075, 2.8684630394, 2.9452111721, 3.48558497429, 3.64525103569], "dvar": [0.228771358728, 0.203969419003, 0.19944486022, 0.204409196973, 0.220352515578, 0.343322366476], "mean": [-8.07546138763, -7.34082984924, -8.14927768707, -8.21556282043, -7.8002576828, -10.0715370178]}, "barkbands_flatness_db": {"min": 0.0214125122875, "max": 0.507156550884, "dvar2": 0.0016590252053, "median": 0.122144326568, "dmean2": 0.0415804944932, "dmean": 0.0268283076584, "var": 0.00352052785456, "dvar": 0.000761397415772, "mean": 0.132293611765}, "dynamic_complexity": 4.60157871246, "erbbands_flatness_db": {"min": 0.0364167019725, "max": 0.48027151823, "dvar2": 0.000774994492531, "median": 0.133066400886, "dmean2": 0.0271331276745, "dmean": 0.0183000303805, "var": 0.00252287834883, "dvar": 0.000384483224479, "mean": 0.140766233206}, "hfc": {"min": 1.0970666839e