{"lowlevel": {"spectral_complexity": {"min": 0, "max": 59, "dvar2": 52.4534912109, "median": 9, "dmean2": 4.60875463486, "dmean": 3.13557958603, "var": 95.3078308105, "dvar": 27.5781230927, "mean": 11.627163887}, "silence_rate_20dB": {"min": 1, "max": 1, "dvar2": 0, "median": 1, "dmean2": 0, "dmean": 0, "var": 0, "dvar": 0, "mean": 1}, "average_loudness": 0.842277705669, "erbbands_spread": {"min": 1.13510835171, "max": 211.707092285, "dvar2": 730.107421875, "median": 32.9628982544, "dmean2": 20.451292038, "dmean": 13.5040121078, "var": 869.927001953, "dvar": 345.235076904, "mean": 41.4015846252}, "spectral_kurtosis": {"min": -1.34751856327, "max": 77.0700531006, "dvar2": 21.4222393036, "median": 4.10175418854, "dmean2": 3.15416312218, "dmean": 2.025431633, "var": 35.1846084595, "dvar": 9.97123813629, "mean": 5.43680953979}, "barkbands_kurtosis": {"min": -1.9563536644, "max": 1299.98144531, "dvar2": 2285.8515625, "median": 4.17123603821, "dmean2": 14.3900794983, "dmean": 9.16514205933, "var": 1385.42895508, "dvar": 1061.21557617, "mean": 12.8749866486}, "spectral_strongpeak": {"min": 0, "max": 14.2595653534, "dvar2": 1.27821004391, "median": 0.549310326576, "dmean2": 0.739328920841, "dmean": 0.458849996328, "var": 1.20199930668, "dvar": 0.517637133598, "mean": 0.929744958878}, "spectral_spread": {"min": 1228432.75, "max": 42638760, "dvar2": 4789062074370.0, "median": 4980436.5, "dmean2": 1534766.875, "dmean": 1039536.5, "var": 12237993410600.0, "dvar": 2436697948160.0, "mean": 5906534}, "spectral_rms": {"min": 3.09472976759e-12, "max": 0.0174086857587, "dvar2": 4.46542753707e-06, "median": 0.00345699349418, "dmean2": 0.00133974733762, "dmean": 0.000983577687293, "var": 7.86824330135e-06, "dvar": 2.7049907203e-06, "mean": 0.00394428195432}, "erbbands": {"min": [1.19871024376e-22, 2.98332401635e-22, 2.04131373072e-21, 4.58336900007e-21, 1.41492830381e-20, 1.97635937312e-20, 8.2531900381e-20, 3.00269244231e-20, 7.57924334156e-20, 1.13562243355e-19, 3.19599453483e-19, 2.95101439817e-19, 5.13554101027e-19, 8.33464496871e-19, 6.76552780766e-19, 6.93439569574e-19, 1.83445209294e-18, 2.08649216443e-18, 2.70281885537e-18, 3.16057502289e-18, 3.99141570286e-18, 4.19545965328e-18, 5.47647290891e-18, 7.04752753375e-18, 6.85007579922e-18, 7.70465470162e-18, 9.70429269493e-18, 1.02701231114e-17, 1.09694886029e-17, 1.03546055489e-17, 1.15303642075e-17, 9.1707967686e-18, 9.76020348689e-18, 7.86931327435e-18, 6.70206423632e-18, 4.39766602197e-18, 2.38895592529e-18, 9.98622479901e-19, 2.75217051867e-19, 2.91855040256e-20], "max": [4.27400445938, 63.558139801, 174.824661255, 275.690216064, 433.888183594, 328.817016602, 644.086791992, 581.453857422, 856.037658691, 1622.76000977, 1667.58117676, 1587.5012207, 1518.61645508, 1303.82421875, 2217.20507812, 1189.04968262, 941.168212891, 1194.67163086, 795.421203613, 764.579956055, 652.17199707, 1711.55944824, 1048.83752441, 682.295776367, 331.160095215, 365.092041016, 351.989624023, 290.039306641, 432.423187256, 320.718139648, 245.138198853, 200.659866333, 144.422286987, 140.509353638, 106.97013092, 29.5169048309, 13.2513151169, 1.43893432617, 0.367459118366, 0.0140839060768], "dvar2": [0.274560153484, 62.5731010437, 691.409912109, 1749.23999023, 1523.47851562, 1980.5378418, 408.768218994, 923.303527832, 5658.91015625, 9165.36914062, 5565.56152344, 4172.98876953, 4772.49951172, 4133.59326172, 2597.09741211, 1875.5390625, 1560.06213379, 2467.2121582, 1087.87780762, 1098.80505371, 693.494567871, 1846.81994629, 827.476135254, 645.212402344, 322.938690186, 255.32208252, 765.500366211, 463.190155029, 895.747924805, 769.737976074, 387.950195312, 171.135848999, 73.6056365967, 34.3168716431, 10.1693382263, 1.29819059372, 0.793394088745, 0.063409358263, 0.00037487744703, 1.97381632461e-06], "median": [0.00659762416035, 0.0986877828836, 0.400554060936, 1.17476856709, 2.14074134827, 2.37132906914, 2.62558174133, 4.85537147522, 6.78432226181, 4.43777751923, 3.2014939785, 2.94243049622, 3.91745758057, 3.38661289215, 2.43100166321, 1.60615634918, 1.57799983025, 1.83511841297, 1.84413337708, 1.9184513092, 1.70356070995, 1.65688252449, 1.74358773232, 1.90275478363, 1.60288381577, 1.4898891449, 1.01263523102, 0.803415477276, 0.672582507133, 0.629007577896, 0.45306250453, 0.28142952919, 0.234785318375, 0.139357179403, 0.0594191625714, 0.0227650813758, 0.00996099598706, 0.00199273694307, 0.000197998044314, 3.67978464055e-05], "dmean2": [0.133376896381, 2.10098671913, 6.06652545929, 10.4490394592, 14.448299408, 13.6464424133, 7.66121578217, 12.7346572876, 29.7357654572, 28.5622463226, 20.0970783234, 15.9884967804, 20.4943027496, 19.8494319916, 14.414068222, 10.4482584, 11.2586517334, 13.1133699417, 11.2106552124, 10.9115114212, 9.41081809998, 11.0579319, 8.33559322357, 8.5744304657, 7.41902637482, 7.02590894699, 10.8490667343, 7.69317913055, 11.1438713074, 10.3982334137, 7.23978948593, 4.99563694, 3.39567661285, 2.10545325279, 1.04621589184, 0.409064561129, 0.393223196268, 0.123475022614, 0.00916503090411, 0.000661656609736], "dmean": [0.0884827747941, 1.43034672737, 3.66058588028, 5.75907516479, 8.89058113098, 8.03665733337, 4.85465049744, 8.19204902649, 18.9851551056, 18.0915775299, 12.8493146896, 10.2944440842, 13.3131084442, 13.1517076492, 9.60550498962, 6.66676712036, 7.45735406876, 8.59592151642, 7.25299024582, 7.0812420845, 5.96304178238, 7.08708381653, 5.22495365143, 5.76265001297, 5.01960039139, 4.64518928528, 7.02089357376, 5.02618360519, 7.46379041672, 6.78185367584, 5.58587694168, 3.9400935173, 2.53202199936, 1.47523629665, 0.744777023792, 0.284637719393, 0.261763721704, 0.0785398259759, 0.00582175469026, 0.000415271701058], "var": [0.136732175946, 38.8086090088, 201.924575806, 373.960571289, 604.690429688, 608.475830078, 355.591674805, 797.503479004, 4221.53076172, 6038.28515625, 4184.97607422, 3351.97192383, 3738.43725586, 3604.95068359, 3342.26489258, 1182.16491699, 1437.06506348, 2311.88549805, 1069.56152344, 1153.45300293, 703.834716797, 1788.98986816, 596.834838867, 538.954040527, 320.478240967, 228.007965088, 501.330993652, 257.610931396, 651.809875488, 642.106506348, 474.142822266, 228.009307861, 86.8437728882, 28.4171848297, 9.58809375763, 1.06771039963, 0.463014543056, 0.0398615263402, 0.000264705682639, 1.24035591398e-06], "dvar": [0.125683993101, 31.447599411, 260.969909668, 602.743103027, 613.429382324, 737.629821777, 159.61756897, 397.034210205, 2319.35083008, 3674.12841797, 2250.22851562, 1647.59338379, 2005.98718262, 1867.92431641, 1195.95593262, 756.233703613, 706.481506348, 1035.60949707, 491.391540527, 492.585357666, 299.356567383, 791.235900879, 302.352905273, 275.735565186, 147.645523071, 123.801902771, 332.056610107, 195.210449219, 442.274688721, 392.818603516, 229.595703125, 105.942581177, 42.172504425, 15.9863758087, 5.02940034866, 0.613671302795, 0.374708175659, 0.0315425731242, 0.000175062479684, 8.79418053046e-07], "mean": [0.0970322042704, 1.62114799023, 3.53729653358, 5.5093998909, 10.0065155029, 9.35474681854, 8.54865646362, 13.9586181641, 30.4383869171, 28.4248275757, 20.54596138, 17.1589126587, 21.4020404816, 20.9257392883, 17.6900272369, 11.1410207748, 12.390504837, 14.07554245, 11.8240766525, 12.2625083923, 10.0287752151, 11.6600418091, 8.84887981415, 9.37284183502, 8.06834316254, 7.31988573074, 9.45570087433, 6.40418243408, 8.74669265747, 8.62277507782, 7.44344615936, 5.14092159271, 3.40557765961, 1.845885396, 0.931013762951, 0.350552201271, 0.277712196112, 0.0830095335841, 0.00674894265831, 0.000480818736833]}, "zerocrossingrate": {"min": 0.0029296875, "max": 0.52490234375, "dvar2": 0.00109823688399, "median": 0.0517578125, "dmean2": 0.0246844682842, "dmean": 0.0207422487438, "var": 0.00588106084615, "dvar": 0.000851685763337, "mean": 0.0779350101948}, "spectral_contrast_coeffs": {"min": [-0.975671172142, -0.980581104755, -0.982092678547, -0.971344947815, -0.968619585037, -0.964977800846], "max": [-0.259620189667, -0.323400855064, -0.356828987598, -0.48787638545, -0.542050898075, -0.583156228065], "dvar2": [0.00622052513063, 0.00442515313625, 0.00278912205249, 0.0016998158535, 0.000923154060729, 0.00115817412734], "median": [-0.646404385567, -0.700888812542, -0.755773484707, -0.790596365929, -0.803591489792, -0.795214653015], "dmean2": [0.0862752273679, 0.0779200717807, 0.0634696185589, 0.0493905134499, 0.0357883684337, 0.03222252056], "dmean": [0.0534326285124, 0.0491883531213, 0.0407907254994, 0.0315241068602, 0.0229176897556, 0.0207671504468], "var": [0.00908914301544, 0.00928365811706, 0.00740899378434, 0.00499863317236, 0.0027152588591, 0.00233313813806], "dvar": [0.00253954017535, 0.00187427422497, 0.0012237225892, 0.000756418099627, 0.000422113313107, 0.000474797008792], "mean": [-0.636367619038, -0.692583203316, -0.746516644955, -0.779303193092, -0.797048807144, -0.790068984032]}, "dissonance": {"min": 0.17130023241, "max": 0.500000178814, "dvar2": 0.00186806824058, "median": 0.454161405563, "dmean2": 0.0430884025991, "dmean": 0.0261003617197, "var": 0.00201121461578, "dvar": 0.000718320894521, "mean": 0.442880094051}, "spectral_energyband_high": {"min": 7.13239714348e-21, "max": 0.0352501273155, "dvar2": 9.67490723269e-06, "median": 0.000180247443495, "dmean2": 0.00129514664877, "dmean": 0.000971359317191, "var": 1.00927036328e-05, "dvar": 5.28603550265e-06, "mean": 0.00133066962007}, "spectral_skewness": {"min": -0.700081586838, "max": 7.39516830444, "dvar2": 0.274327993393, "median": 1.66109108925, "dmean2": 0.441722840071, "dmean": 0.299537301064, "var": 0.674354314804, "dvar": 0.134969294071, "mean": 1.75557076931}, "spectral_flux": {"min": 6.36223088102e-11, "max": 0.513913691044, "dvar2": 0.00522053148597, "median": 0.0538002550602, "dmean2": 0.0462698042393, "dmean": 0.0307640656829, "var": 0.00584971578792, "dvar": 0.00273310393095, "mean": 0.0758390054107}, "silence_rate_30dB": {"min": 0, "max": 1, "dvar2": 0.0656244903803, "median": 1, "dmean2": 0.0687523186207, "dmean": 0.0343740321696, "var": 0.0434330180287, "dvar": 0.0331936515868, "mean": 0.954500496387}, "spectral_energyband_middle_high": {"min": 1.12244753858e-21, "max": 0.0706076547503, "dvar2": 1.48950402945e-05, "median": 0.00100202672184, "dmean2": 0.00179185159504, "dmean": 0.00121519819368, "var": 2.3834667445e-05, "dvar": 6.83244297761e-06, "mean": 0.00306211784482}, "barkbands_spread": {"min": 0.168741822243, "max": 136.780288696, "dvar2": 479.025543213, "median": 14.4957990646, "dmean2": 14.186583519, "dmean": 9.09493160248, "var": 504.346160889, "dvar": 211.621658325, "mean": 22.6417713165}, "spectral_centroid": {"min": 93.6529006958, "max": 11737.0058594, "dvar2": 461343.40625, "median": 868.448242188, "dmean2": 439.601715088, "dmean": 285.232727051, "var": 1083018.125, "dvar": 204756.75, "mean": 1154.74633789}, "pitch_salience": {"min": 0.0634800568223, "max": 0.934230804443, "dvar2": 0.0129853980616, "median": 0.542829394341, "dmean2": 0.12171562016, "dmean": 0.0778176486492, "var": 0.0184500943869, "dvar": 0.00573063734919, "mean": 0.529348671436}, "erbbands_skewness": {"min": -5.20733785629, "max": 9.81006336212, "dvar2": 0.965752840042, "median": 0.860156059265, "dmean2": 0.851672828197, "dmean": 0.571938991547, "var": 1.84869623184, "dvar": 0.440603852272, "mean": 0.976222157478}, "erbbands_crest": {"min": 2.10607552528, "max": 32.4050865173, "dvar2": 20.5389995575, "median": 9.71866035461, "dmean2": 4.95198822021, "dmean": 3.09044599533, "var": 32.9205932617, "dvar": 8.96722221375, "mean": 11.0993862152}, "melbands": {"min": [1.72650590755e-24, 8.74258155047e-25, 8.87368333039e-25, 1.25631483132e-24, 2.99637218593e-24, 7.05845571594e-25, 1.33817926619e-24, 1.01153385623e-24, 2.32017481747e-24, 1.41126150982e-24, 2.4316475687e-24, 2.3994133316e-24, 1.57716655097e-24, 1.82672891062e-24, 3.07914598021e-24, 3.11443448951e-24, 3.25226485852e-24, 2.69672021564e-24, 3.80232455152e-24, 3.5047484687e-24, 4.04706233648e-24, 3.38802742587e-24, 3.95709432796e-24, 4.71321237802e-24, 4.3811275749e-24, 3.92037679713e-24, 3.8355028579e-24, 4.58281682583e-24, 4.64597066332e-24, 6.66933222647e-24, 5.24356593118e-24, 5.03291916467e-24, 4.90455177387e-24, 4.42672373522e-24, 5.95023107995e-24, 5.72167953748e-24, 5.37652094258e-24, 5.54249648818e-24, 5.89151813493e-24, 5.79011874303e-24], "max": [0.0581016279757, 0.0761420726776, 0.0426914580166, 0.0319827757776, 0.0166475493461, 0.011742903851, 0.0130527894944, 0.0181169994175, 0.0118640614673, 0.00868513714522, 0.00800785515457, 0.0057244617492, 0.0062605002895, 0.00300170783885, 0.00336664658971, 0.00245114113204, 0.00218695541844, 0.00165513146203, 0.00111323536839, 0.00087967136642, 0.000982194091193, 0.00182107556611, 0.000909435388166, 0.00113407114986, 0.000637129007373, 0.000324268010445, 0.000343522522599, 0.000224442832405, 0.000282848835923, 0.000115851464216, 0.000222055707127, 0.000258576445049, 0.000179447466508, 0.000173458072823, 0.000142504621181, 0.000150197301991, 0.000122118872241, 9.84407233773e-05, 0.000118931573525, 0.000122983256006], "dvar2": [4.88175101054e-05, 0.000107550615212, 4.25749749411e-05, 1.19611841001e-05, 6.60958562548e-07, 4.36810069004e-07, 1.18517993997e-06, 1.02938633972e-06, 4.05814830629e-07, 1.51070537413e-07, 1.34934452944e-07, 8.53572217352e-08, 3.46353381531e-08, 1.47600260902e-08, 1.89357756142e-08, 1.04812478696e-08, 9.59856993887e-09, 3.96018418058e-09, 2.9204940688e-09, 2.11316142362e-09, 1.06598574412e-09, 2.7088675747e-09, 6.89059365122e-10, 8.56903492608e-10, 5.33221800048e-10, 2.41654252164e-10, 2.42441539067e-10, 1.17027235125e-10, 3.29352767281e-10, 2.0986015703e-10, 1.67258762396e-10, 3.41980443963e-10, 2.21574397719e-10, 3.70453057119e-10, 1.33938637958e-10, 1.2261328064e-10, 5.67004602992e-11, 4.79527355324e-11, 2.82139121094e-11, 2.60884872733e-11], "median": [8.26288596727e-05, 0.000198755718884, 0.000253223668551, 0.000173186097527, 9.52782138484e-05, 0.000115824441309, 9.9652519566e-05, 3.58174620487e-05, 2.0808813133e-05, 1.46972615767e-05, 1.79823364306e-05, 1.25941487568e-05, 6.65403968014e-06, 3.86118063034e-06, 2.83500025944e-06, 2.62905655291e-06, 2.90339016829e-06, 2.35010816141e-06, 1.87502848803e-06, 2.31591729971e-06, 1.49047946252e-06, 1.55702809934e-06, 1.34905769755e-06, 1.4034474134e-06, 1.39267854138e-06, 9.71273038886e-07, 1.12799989438e-06, 8.15960902401e-07, 6.34265006738e-07, 4.71208750241e-07, 3.88231143233e-07, 3.3529755683e-07, 3.399697448e-07, 3.28133836547e-07, 2.53661738725e-07, 1.9747831459e-07, 1.50008418132e-07, 1.6488189658e-07, 1.28690345491e-07, 1.08350242556e-07], "dmean2": [0.00179724988993, 0.00262718671001, 0.00183534575626, 0.00111774611287, 0.000305391498841, 0.000293377263006, 0.000437385722762, 0.0003009334323, 0.000165704521351, 9.87641105894e-05, 0.000109567437903, 9.01707244338e-05, 5.1367260312e-05, 3.20570397889e-05, 3.1545485399e-05, 2.74783524219e-05, 2.60673095909e-05, 1.99689366127e-05, 1.78989830601e-05, 1.52685133799e-05, 1.06991237772e-05, 1.31311007863e-05, 7.53821495891e-06, 8.5126112026e-06, 7.52663891035e-06, 5.71340842725e-06, 6.43309158477e-06, 4.74108719573e-06, 7.17857801646e-06, 5.55962515136e-06, 4.53537131762e-06, 6.8588378781e-06, 5.36773495696e-06, 6.76395120536e-06, 4.16336388298e-06, 4.0809118218e-06, 2.95108111459e-06, 2.63944480139e-06, 1.91729986909e-06, 1.78849700205e-06], "dmean": [0.00121922662947, 0.00176235148683, 0.00103954900987, 0.000676107069012, 0.000186491728527, 0.000189017810044, 0.00028031662805, 0.00019026195514, 0.000104869774077, 6.39698482701e-05, 7.08936568117e-05, 5.95248566242e-05, 3.36079392582e-05, 2.07777775358e-05, 1.99975911528e-05, 1.82699404832e-05, 1.68677306647e-05, 1.27878292915e-05, 1.15241691674e-05, 9.9028020486e-06, 6.72543319524e-06, 8.35090577311e-06, 4.78261426906e-06, 5.30799206899e-06, 4.99096358908e-06, 3.89287788494e-06, 4.08101868743e-06, 3.06069705402e-06, 4.66883147965e-06, 3.54051485374e-06, 2.80453537016e-06, 4.45208024757e-06, 3.96025325244e-06, 4.22331731897e-06, 3.29163117385e-06, 3.00500050798e-06, 2.18995955947e-06, 1.94423751054e-06, 1.40483666655e-06, 1.21166897316e-06], "var": [2.72217330348e-05, 5.70400625293e-05, 9.63646562013e-06, 4.24587869929e-06, 3.8318796669e-07, 3.91297476199e-07, 8.74475574619e-07, 6.733414466e-07, 3.221874465e-07, 1.32482085746e-07, 1.08905126694e-07, 7.56274260993e-08, 3.83667391191e-08, 1.15466267658e-08, 1.26540751211e-08, 1.09113393876e-08, 8.5968592245e-09, 3.67860542028e-09, 2.99848279539e-09, 2.46006215399e-09, 9.064726747e-10, 2.4620678829e-09, 5.25852472677e-10, 7.01849467433e-10, 4.14212081301e-10, 2.40840708488e-10, 1.93174184981e-10, 1.00994303198e-10, 2.38086605986e-10, 1.24264321055e-10, 7.64823343546e-11, 2.23257731746e-10, 1.77340975238e-10, 2.46273446081e-10, 1.69001104777e-10, 1.15742561368e-10, 7.78606137897e-11, 5.15508885579e-11, 2.55304718338e-11, 1.95422011906e-11], "dvar": [2.3458738724e-05, 4.98720655742e-05, 1.47724222188e-05, 4.69789893032e-06, 2.45946466748e-07, 1.87344085134e-07, 4.87904117108e-07, 4.11890965779e-07, 1.62243793511e-07, 6.11513684134e-08, 5.67401912122e-08, 3.87498850785e-08, 1.52960577537e-08, 6.23781026832e-09, 7.59870566469e-09, 4.65482052903e-09, 4.05390832015e-09, 1.76977177357e-09, 1.35394095935e-09, 9.22159071326e-10, 4.55156801138e-10, 1.12778220096e-09, 2.61697746806e-10, 3.34507199717e-10, 2.28075155984e-10, 1.08823158818e-10, 1.06723935245e-10, 5.66668795221e-11, 1.45459144729e-10, 8.9842563944e-11, 6.7463312714e-11, 1.64358790467e-10, 1.11235083644e-10, 1.68716249305e-10, 7.96826146732e-11, 6.6749709926e-11, 3.53543513909e-11, 2.68086993577e-11, 1.37710832321e-11, 1.16763499911e-11], "mean": [0.00134869187605, 0.00206536822952, 0.00105717848055, 0.000775944325142, 0.000299118866678, 0.000326996785589, 0.000449260609457, 0.000291548232781, 0.000164907454746, 0.000104136503069, 0.000112485300633, 9.22674444155e-05, 5.92237229284e-05, 3.33527568728e-05, 3.06674919557e-05, 2.87864695565e-05, 2.56346138485e-05, 1.92716179299e-05, 1.72462441697e-05, 1.65666097018e-05, 9.90802436718e-06, 1.28558749566e-05, 7.77805325924e-06, 8.0617983258e-06, 7.61538967708e-06, 5.9881172092e-06, 5.7743150137e-06, 4.55781582787e-06, 6.2908561631e-06, 4.59894727101e-06, 3.30870307153e-06, 4.99599491377e-06, 4.59214061266e-06, 5.07147115059e-06, 4.3848876885e-06, 3.60732656191e-06, 2.96537018585e-06, 2.52505356002e-06, 1.84082068699e-06, 1.46256309108e-06]}, "spectral_entropy": {"min": 4.52052736282, "max": 9.82621669769, "dvar2": 0.231391057372, "median": 7.35414886475, "dmean2": 0.392853945494, "dmean": 0.271285802126, "var": 0.574737489223, "dvar": 0.120523646474, "mean": 7.32579660416}, "spectral_rolloff": {"min": 86.1328125, "max": 19875.1464844, "dvar2": 13938470, "median": 818.26171875, "dmean2": 1803.24914551, "dmean": 1040.58898926, "var": 11119855, "dvar": 5829692, "mean": 2161.04858398}, "barkbands": {"min": [3.28717377781e-25, 2.07098095447e-24, 2.23853481353e-24, 7.4648650214e-26, 7.88389324172e-24, 6.75071032859e-24, 7.66232903471e-24, 1.09329479255e-23, 8.23113482384e-24, 1.50600204793e-23, 1.08620482628e-23, 1.49206240242e-23, 2.92346297894e-23, 2.85925317224e-23, 3.57433223254e-23, 6.79678958733e-23, 6.74387153563e-23, 1.01461396363e-22, 1.18947173593e-22, 1.60940650336e-22, 2.67490969467e-22, 3.06001619003e-22, 3.87681312115e-22, 5.23929505402e-22, 8.73807063082e-22, 1.35061499099e-21, 1.9834605652e-21], "max": [0.00100924947765, 0.246423900127, 0.177245676517, 0.100221902132, 0.124960385263, 0.0665514543653, 0.0625799298286, 0.0697486624122, 0.0673410221934, 0.0519831031561, 0.0458365306258, 0.0297012329102, 0.0218729730695, 0.0209887903184, 0.013538999483, 0.0113990567625, 0.0245329663157, 0.0157232675701, 0.0085121858865, 0.00596629362553, 0.00567769631743, 0.0100367954001, 0.00934293586761, 0.00888208672404, 0.0120045589283, 0.00541492877528, 0.00175266747829], "dvar2": [4.54366189118e-09, 0.000943599327002, 0.000825395283755, 0.000143661527545, 0.000178474903805, 8.95119956112e-06, 3.03401975543e-05, 1.58670554811e-05, 8.95596167538e-06, 7.09372307028e-06, 2.24125278692e-06, 1.27013993279e-06, 9.50748869855e-07, 9.63888510341e-07, 4.52159554243e-07, 3.22432924804e-07, 4.46198981763e-07, 2.79843419548e-07, 1.79322981353e-07, 1.20497219314e-07, 3.83990823138e-07, 6.68886059429e-07, 7.03268597135e-07, 2.80745894088e-07, 2.12907451669e-07, 1.1955444279e-07, 2.30421051128e-08], "median": [3.24913753502e-06, 0.000362016959116, 0.0003220695653, 0.000403552519856, 0.000766064040363, 0.000480386719573, 0.000414527399698, 0.000115331786219, 0.000110280918307, 9.93408248178e-05, 4.83433832414e-05, 3.11860567308e-05, 2.78200204775e-05, 2.97104998026e-05, 2.38437496591e-05, 2.97968999803e-05, 2.48107153311e-05, 2.93587108899e-05, 3.13256095978e-05, 3.2443946111e-05, 2.1497522539e-05, 1.85998869711e-05, 1.69877457665e-05, 1.36757716973e-05, 1.04481032395e-05, 5.63785579288e-06, 1.15205511975e-06], "dmean2": [2.25671883527e-05, 0.00802578777075, 0.00640264945105, 0.00338432332501, 0.00429978780448, 0.00129025534261, 0.00217906967737, 0.00112332915887, 0.000773333420511, 0.000781370443292, 0.000426583137596, 0.000290491880151, 0.000282887398498, 0.000285591406282, 0.000225560681429, 0.000201018061489, 0.000190358492546, 0.000163952092407, 0.000156415582751, 0.000159305564011, 0.000239483095356, 0.000295295321848, 0.000292813405395, 0.000209288264159, 0.000162553435075, 0.000160051728017, 7.15543501428e-05], "dmean": [1.40136262416e-05, 0.00543332472444, 0.0035199157428, 0.0018826344749, 0.0026420999784, 0.000838940730318, 0.00139437615871, 0.000718818046153, 0.000497396627907, 0.000500717025716, 0.000275001890259, 0.000182986070286, 0.000186021148693, 0.000182010830031, 0.000143187848153, 0.00012628705008, 0.000121108510939, 0.000102416153823, 0.000105509992864, 0.000105431834527, 0.000153442801093, 0.00020322020282, 0.000215629799641, 0.000162455587997, 0.000115522510896, 0.000106839492219, 4.51372688985e-05], "var": [2.84520762506e-09, 0.000549439981114, 0.000173093110789, 3.41319937434e-05, 6.66778869345e-05, 9.27476139623e-06, 2.16904973058e-05, 1.02389331005e-05, 7.43173632145e-06, 6.28277803116e-06, 2.21671371037e-06, 8.08150900866e-07, 9.62789158621e-07, 7.91465083694e-07, 4.09743051932e-07, 3.47474298223e-07, 4.22033849645e-07, 2.11243516901e-07, 1.6941126546e-07, 1.18141620931e-07, 2.31323781463e-07, 4.41322612232e-07, 7.07876381512e-07, 3.82678450705e-07, 1.9981150956e-07, 8.54175610243e-08, 1.45804186502e-08], "dvar": [1.76668757401e-09, 0.000461685063783, 0.000287616159767, 4.94343803439e-05, 7.11483735358e-05, 3.85252269552e-06, 1.25041124193e-05, 6.50621768727e-06, 3.57044496013e-06, 3.03419983538e-06, 9.68871972873e-07, 5.16718387189e-07, 4.41454432121e-07, 3.96521045332e-07, 2.04741056109e-07, 1.39391843845e-07, 1.90168648828e-07, 1.05745812107e-07, 7.94713841401e-08, 5.91273234818e-08, 1.63126372854e-07, 3.14713787475e-07, 3.83145078331e-07, 1.75155562943e-07, 1.03600733325e-07, 6.02286789331e-08, 1.03481729852e-08], "mean": [2.24679279199e-05, 0.00605795206502, 0.00284283864312, 0.00193750718608, 0.00317224627361, 0.00149278983008, 0.00218850909732, 0.00104514253326, 0.000797692104243, 0.000801906920969, 0.000455973291537, 0.000282665656414, 0.00028566934634, 0.000271801080089, 0.000209147969144, 0.000206475160667, 0.00019020459149, 0.000160300332936, 0.000167058911757, 0.000165185105288, 0.000201108065085, 0.000231659476412, 0.000278517254628, 0.000218595392653, 0.000145932135638, 0.000122493074741, 4.93651168654e-05]}, "melbands_flatness_db": {"min": 0.00354838068597, "max": 0.686564564705, "dvar2": 0.0033085080795, "median": 0.220795035362, "dmean2": 0.0496715977788, "dmean": 0.0343300998211, "var": 0.0106956874952, "dvar": 0.00172456458677, "mean": 0.235007569194}, "melbands_skewness": {"min": -3.48119902611, "max": 19.7316246033, "dvar2": 5.01014089584, "median": 2.51763725281, "dmean2": 1.59468221664, "dmean": 1.0506336689, "var": 5.49420166016, "dvar": 2.10285043716, "mean": 3.06506443024}, "barkbands_skewness": {"min": -6.49883174896, "max": 28.2601089478, "dvar2": 3.29709768295, "median": 1.69969630241, "dmean2": 1.32123422623, "dmean": 0.882611215115, "var": 4.21390771866, "dvar": 1.59108757973, "mean": 2.08080482483}, "silence_rate_60dB": {"min": 0, "max": 1, "dvar2": 0.0966996625066, "median": 0, "dmean2": 0.0969457179308, "dmean": 0.0484698601067, "var": 0.151503682137, "dvar": 0.0461106039584, "mean": 0.186139956117}, "spectral_energyband_low": {"min": 1.10988169749e-23, "max": 0.301057904959, "dvar2": 0.00148831133265, "median": 0.00130165845621, "dmean2": 0.0108741177246, "dmean": 0.00736065674573, "var": 0.00111837266013, "dvar": 0.00079830782488, "mean": 0.0100452685729}, "spectral_energyband_middle_low": {"min": 1.92816588385e-22, "max": 0.142910644412, "dvar2": 0.000422954384703, "median": 0.00575445126742, "dmean2": 0.0101372972131, "dmean": 0.00624642986804, "var": 0.000208155150176, "dvar": 0.000164059383678, "mean": 0.0107768923044}, "melbands_kurtosis": {"min": -1.94646811485, "max": 741.884765625, "dvar2": 4171.43701172, "median": 11.3521652222, "dmean2": 25.9211444855, "dmean": 16.2154350281, "var": 2314.06762695, "dvar": 1628.85522461, "mean": 26.4268550873}, "spectral_decrease": {"min": -8.10604205981e-08, "max": 1.53246425966e-11, "dvar2": 1.16800496531e-16, "median": -2.90238544309e-09, "dmean2": 4.66344518557e-09, "dmean": 3.18250670261e-09, "var": 1.0108376049e-16, "dvar": 6.24908615353e-17, "mean": -5.87956217046e-09}, "erbbands_kurtosis": {"min": -1.90994882584, "max": 129.66255188, "dvar2": 52.4399261475, "median": 0.87350833416, "dmean2": 3.9186797142, "dmean": 2.51275086403, "var": 54.9931182861, "dvar": 22.8079071045, "mean": 3.30126667023}, "melbands_crest": {"min": 1.59622633457, "max": 34.6246299744, "dvar2": 25.3629150391, "median": 14.3857631683, "dmean2": 5.55952644348, "dmean": 3.46756625175, "var": 30.8467483521, "dvar": 10.061208725, "mean": 15.0266160965}, "gfcc": {"cov": [[17222.6464844, -1817.6451416, -1831.12060547, -229.728591919, -703.349731445, 250.062347412, -353.482269287, 183.288482666, -201.573776245, 224.030273438, -236.819335938, -38.3483505249, -274.185974121], [-1817.6451416, 2851.68066406, -264.589508057, 108.136863708, 213.868133545, -103.154342651, 207.912338257, -37.0015487671, 112.344825745, -38.3016662598, 132.12713623, -71.2336578369, 158.879516602], [-1831.12060547, -264.589508057, 1923.22473145, 219.230895996, 214.611053467, -10.0985555649, 27.726392746, 18.9157295227, -8.15628623962, -54.9825248718, -19.7372722626, 81.637588501, -53.7215957642], [-229.728591919, 108.136863708, 219.230895996, 687.576843262, 117.675384521, 94.1189727783, 3.9341442585, -47.9648132324, 5.38930177689, -67.9139709473, -42.0623550415, -4.06925392151, 42.0578842163], [-703.349731445, 213.868133545, 214.611053467, 117.675384521, 420.024749756, 70.3588790894, 117.484779358, -12.4450359344, 32.5037918091, 13.1689996719, -6.2454624176, 16.0948982239, 35.5638008118], [250.062347412, -103.154342651, -10.0985555649, 94.1189727783, 70.3588790894, 263.271118164, 98.2785110474, 23.3101444244, -26.452747345, 16.7061882019, 9.58264541626, -4.81157970428, -8.2147064209], [-353.482269287, 207.912338257, 27.726392746, 3.9341442585, 117.484779358, 98.2785110474, 227.061355591, 42.0653877258, 18.8618621826, 13.511464119, 29.4468803406, 9.40335941315, 24.0311717987], [183.288482666, -37.0015487671, 18.9157295227, -47.9648132324, -12.4450359344, 23.3101444244, 42.0653877258, 163.219863892, 55.0064620972, 26.1376800537, 7.62911939621, 12.9719848633, -4.92999124527], [-201.573776245, 112.344825745, -8.15628623962, 5.38930177689, 32.5037918091, -26.452747345, 18.8618621826, 55.0064620972, 133.016326904, 50.3317604065, 15.1702566147, -3.36046099663, 15.3822669983], [224.030273438, -38.3016662598, -54.9825248718, -67.9139709473, 13.1689996719, 16.7061882019, 13.511464119, 26.1376800537, 50.3317604065, 136.554916382, 53.9552536011, -0.318048536777, -18.7663326263], [-236.819335938, 132.12713623, -19.7372722626, -42.0623550415, -6.2454624176, 9.58264541626, 29.4468803406, 7.62911939621, 15.1702566147, 53.9552536011, 113.702232361, 31.414937973, 7.47097921371], [-38.3483505249, -71.2336578369, 81.637588501, -4.06925392151, 16.0948982239, -4.81157970428, 9.40335941315, 12.9719848633, -3.36046099663, -0.318048536777, 31.414937973, 100.474304199, 42.4602203369], [-274.185974121, 158.879516602, -53.7215957642, 42.0578842163, 35.5638008118, -8.2147064209, 24.0311717987, -4.92999124527, 15.3822669983, -18.7663326263, 7.47097921371, 42.4602203369, 122.375160217]], "icov": [[8.85099361767e-05, 6.47572642265e-06, 8.91758027137e-05, -3.38373465638e-05, 8.87734640855e-05, -8.45108297653e-05, 8.46285474836e-05, -0.000129906315124, 0.000181011695531, -0.00028232607292, 0.00033757899655, -0.00022008556698, 0.000177060792339], [6.47572642265e-06, 0.000560071435757, 6.95198250469e-05, -8.32607547636e-05, -0.000233699669479, 0.000440839794464, -0.00043990300037, 6.89286534907e-05, -0.000271024822723, 0.000571114709601, -0.00107379944529, 0.00102787523065, -0.000636263052002], [8.91758027137e-05, 6.95198250469e-05, 0.000747067912016, -0.000252736208495, -0.000287545437459, 0.000177587513463, 1.53051166762e-06, -0.000274808175163, 0.000173552078195, 5.73451106902e-05, 0.000267673662165, -0.000898150319699, 0.000890741008334], [-3.38373465638e-05, -8.32607547636e-05, -0.000252736208495, 0.00194363540504, -0.000299394218018, -0.00107744184788, 0.000559379288461, 0.000702496909071, -0.00092480686726, 0.00105057377368, 0.000181515759323, 0.000248831725912, -0.000633583636954], [8.87734640855e-05, -0.000233699669479, -0.000287545437459, -0.000299394218018, 0.0035743273329, -0.00066226546187, -0.00139082083479, 0.000913320225663, -0.000574550940655, -0.00132176978514, 0.00184622011147, -0.00102632038761, -0.000181396331755], [-8.45108297653e-05, 0.000440839794464, 0.000177587513463, -0.00107744184788, -0.00066226546187, 0.00603551790118, -0.00265898369253, -0.00102853402495, 0.00217194342986, -0.000770722108427, -0.00112450413872, 0.00129367702175, -6.52153767078e-06], [8.46285474836e-05, -0.00043990300037, 1.53051166762e-06, 0.000559379288461, -0.00139082083479, -0.00265898369253, 0.00725218979642, -0.00163149845321, -3.96111754526e-05, 0.000326372944983, -0.000797980057541, -0.000154362336616, -0.000537692860235], [-0.000129906315124, 6.89286534907e-05, -0.000274808175163, 0.000702496909071, 0.000913320225663, -0.00102853402495, -0.00163149845321, 0.00871145073324, -0.00449152011424, 0.000535051221959, 0.000562738161534, -0.0015565372305, 0.000746580131818], [0.000181011695531, -0.000271024822723, 0.000173552078195, -0.00092480686726, -0.000574550940655, 0.00217194342986, -3.96111754526e-05, -0.00449152011424, 0.0126534570009, -0.00544651132077, 0.00114494829904, 0.00121300155297, -0.00162544567138], [-0.00028232607292, 0.000571114709601, 5.73451106902e-05, 0.00105057377368, -0.00132176978514, -0.000770722108427, 0.000326372944983, 0.000535051221959, -0.00544651132077, 0.0136572560295, -0.00738065689802, 0.00207690568641, 0.00108885834925], [0.00033757899655, -0.00107379944529, 0.000267673662165, 0.000181515759323, 0.00184622011147, -0.00112450413872, -0.000797980057541, 0.000562738161534, 0.00114494829904, -0.00738065689802, 0.0164178311825, -0.00714233750477, 0.00197305274196], [-0.00022008556698, 0.00102787523065, -0.000898150319699, 0.000248831725912, -0.00102632038761, 0.00129367702175, -0.000154362336616, -0.0015565372305, 0.00121300155297, 0.00207690568641, -0.00714233750477, 0.0171450022608, -0.00730138737708], [0.000177060792339, -0.000636263052002, 0.000890741008334, -0.000633583636954, -0.000181396331755, -6.52153767078e-06, -0.000537692860235, 0.000746580131818, -0.00162544567138, 0.00108885834925, 0.00197305274196, -0.00730138737708, 0.0129752671346]], "mean": [-56.420249939, 75.4919586182, -83.6964645386, 24.0487098694, -60.0882530212, 1.59361541271, -36.3633804321, 3.63915252686, -22.5415153503, -0.941660583019, -15.5470533371, -0.838827133179, -12.2795333862]}, "melbands_spread": {"min": 0.306035280228, "max": 293.052398682, "dvar2": 620.490478516, "median": 13.05194664, "dmean2": 13.3810100555, "dmean": 8.76846027374, "var": 728.065795898, "dvar": 279.205810547, "mean": 21.7836971283}, "spectral_energy": {"min": 9.81678644712e-21, "max": 0.310638904572, "dvar2": 0.00171025982127, "median": 0.0122495749965, "dmean2": 0.0183423180133, "dmean": 0.0127226151526, "var": 0.00153662625235, "dvar": 0.000921966333408, "mean": 0.0240113269538}, "mfcc": {"cov": [[12483.0361328, -1567.98352051, -1430.3380127, -622.537597656, -462.792480469, -108.103683472, -175.473846436, -113.910102844, -6.12282657623, 98.8997879028, 67.3474578857, 72.7013244629, -48.1156921387], [-1567.98352051, 2290.76416016, -69.7072906494, 162.938156128, 12.8486995697, -10.6359767914, 85.9658737183, 6.75043678284, 60.3998565674, 27.5397281647, 31.2801036835, 46.5849609375, 41.8059959412], [-1430.3380127, -69.7072906494, 1268.58312988, 283.240966797, 228.477554321, 46.6064605713, 60.0413818359, 88.0545806885, -20.5754966736, -29.8732280731, 43.8951301575, -69.9234619141, -5.80115556717], [-622.537597656, 162.938156128, 283.240966797, 492.026580811, 193.930053711, 126.215309143, 13.2143268585, 56.3120231628, 56.0559959412, -11.5936365128, -60.0101509094, 24.2872238159, -2.18453168869], [-462.792480469, 12.8486995697, 228.477554321, 193.930053711, 285.48840332, 102.677207947, 35.5975990295, 33.2447242737, 47.7812385559, -5.3416800499, -5.62183237076, 3.40191793442, 8.59497642517], [-108.103683472, -10.6359767914, 46.6064605713, 126.215309143, 102.677207947, 268.562591553, 121.195388794, 40.0405960083, 27.8570995331, 21.2512798309, -20.8163890839, 18.1707935333, -4.81313610077], [-175.473846436, 85.9658737183, 60.0413818359, 13.2143268585, 35.5975990295, 121.195388794, 205.440200806, 69.1952209473, 23.048160553, 15.9483709335, 21.7052001953, 7.30806684494, 15.5466594696], [-113.910102844, 6.75043678284, 88.0545806885, 56.3120231628, 33.2447242737, 40.0405960083, 69.1952209473, 149.374908447, 55.0422821045, 4.82121658325, -6.57472276688, -10.0574769974, 1.57085359097], [-6.12282657623, 60.3998565674, -20.5754966736, 56.0559959412, 47.7812385559, 27.8570995331, 23.048160553, 55.0422821045, 141.831268311, 40.8365821838, -7.34560251236, 11.0613231659, 1.86112487316], [98.8997879028, 27.5397281647, -29.8732280731, -11.5936365128, -5.3416800499, 21.2512798309, 15.9483709335, 4.82121658325, 40.8365821838, 114.793807983, 53.5401916504, 13.6290931702, 2.73291730881], [67.3474578857, 31.2801036835, 43.8951301575, -60.0101509094, -5.62183237076, -20.8163890839, 21.7052001953, -6.57472276688, -7.34560251236, 53.5401916504, 150.010971069, 26.6783504486, 19.0584888458], [72.7013244629, 46.5849609375, -69.9234619141, 24.2872238159, 3.40191793442, 18.1707935333, 7.30806684494, -10.0574769974, 11.0613231659, 13.6290931702, 26.6783504486, 109.561035156, 39.4516067505], [-48.1156921387, 41.8059959412, -5.80115556717, -2.18453168869, 8.59497642517, -4.81313610077, 15.5466594696, 1.57085359097, 1.86112487316, 2.73291730881, 19.0584888458, 39.4516067505, 116.343040466]], "icov": [[0.000106937208329, 7.48423408368e-05, 0.000105866594822, 2.0602306904e-05, 8.32074001664e-05, -3.47817804141e-05, 5.33850179636e-05, -1.59038445418e-05, -4.22586817876e-05, -1.6604171833e-05, -9.24354681047e-05, -2.46894014708e-05, 3.30732837028e-05], [7.48423408368e-05, 0.00053879013285, 0.000153835004312, -0.000312139163725, 0.000147076556459, 0.000265538517851, -0.000384783255868, 0.000199107438675, -0.000201374001335, -1.24829502965e-05, -0.000202168856049, -2.02693045139e-05, -6.84884798829e-05], [0.000105866594822, 0.000153835004312, 0.00129987869877, -0.000686189334374, -0.000562994624488, 0.000344478350598, -0.00027370985481, -0.000465465447633, 0.000564790971112, 0.00021698467026, -0.000898611440789, 0.000932585680857, -4.40263611381e-05], [2.0602306904e-05, -0.000312139163725, -0.000686189334374, 0.0038668946363, -0.00152680173051, -0.00131367368158, 0.00133916095365, -0.000846197421197, -0.000369973509805, -0.000150323365233, 0.00159989483654, -0.00152452476323, 0.000314326636726], [8.32074001664e-05, 0.000147076556459, -0.000562994624488, -0.00152680173051, 0.00595536082983, -0.00167299504392, 0.00028017378645, 0.00063373678131, -0.00196471717209, 0.00127915781923, -0.00110259652138, 0.000526938936673, -0.00062702759169], [-3.47817804141e-05, 0.000265538517851, 0.000344478350598, -0.00131367368158, -0.00167299504392, 0.00709454761818, -0.00438728090376, 0.00051101623103, 0.000823525537271, -0.0018578475574, 0.00166603503749, -0.000969234912191, 0.000965382962022], [5.33850179636e-05, -0.000384783255868, -0.00027370985481, 0.00133916095365, 0.00028017378645, -0.00438728090376, 0.00892556738108, -0.0033687800169, 5.49320134269e-07, 0.000521047390066, -0.0014457377838, 0.000115379254567, -0.000992121058516], [-1.59038445418e-05, 0.000199107438675, -0.000465465447633, -0.000846197421197, 0.00063373678131, 0.00051101623103, -0.0033687800169, 0.0100133521482, -0.00382346706465, 0.000928633147851, 8.15378734842e-05, 0.00117920595221, -0.000201808157726], [-4.22586817876e-05, -0.000201374001335, 0.000564790971112, -0.000369973509805, -0.00196471717209, 0.000823525537271, 5.49320134269e-07, -0.00382346706465, 0.0108161894605, -0.00451546674594, 0.00189956789836, -0.000954150746111, 0.000252284662565], [-1.6604171833e-05, -1.24829502965e-05, 0.00021698467026, -0.000150323365233, 0.00127915781923, -0.0018578475574, 0.000521047390066, 0.000928633147851, -0.00451546674594, 0.0131071647629, -0.00538469478488, 0.00056965945987, 0.000205348216696], [-9.24354681047e-05, -0.000202168856049, -0.000898611440789, 0.00159989483654, -0.00110259652138, 0.00166603503749, -0.0014457377838, 8.15378734842e-05, 0.00189956789836, -0.00538469478488, 0.0106272688136, -0.00292387721129, -0.000291183503577], [-2.46894014708e-05, -2.02693045139e-05, 0.000932585680857, -0.00152452476323, 0.000526938936673, -0.000969234912191, 0.000115379254567, 0.00117920595221, -0.000954150746111, 0.00056965945987, -0.00292387721129, 0.0124491676688, -0.00383604457602], [3.30732837028e-05, -6.84884798829e-05, -4.40263611381e-05, 0.000314326636726, -0.00062702759169, 0.000965382962022, -0.000992121058516, -0.000201808157726, 0.000252284662565, 0.000205348216696, -0.000291183503577, -0.00383604457602, 0.0101984590292]], "mean": [-710.511047363, 114.761871338, 25.2867488861, 24.5641231537, 1.20161175728, -1.08006501198, -3.56976938248, -0.0426792278886, -3.7506275177, -0.181849822402, -4.09200572968, -4.00048971176, -0.912326037884]}, "spectral_contrast_valleys": {"min": [-28.0406913757, -28.2228107452, -27.7090511322, -27.8289661407, -27.5467739105, -27.4399280548], "max": [-4.92427396774, -4.79788255692, -5.28573703766, -5.3034362793, -5.48301744461, -7.04985427856], "dvar2": [0.332253336906, 0.359722822905, 0.308450728655, 0.320958286524, 0.387497872114, 0.566553890705], "median": [-7.70769548416, -7.23786258698, -8.19287490845, -8.58635902405, -8.31622505188, -10.4672966003], "dmean2": [0.65886169672, 0.624736964703, 0.572487235069, 0.528626859188, 0.494224846363, 0.586961328983], "dmean": [0.419292330742, 0.400111228228, 0.381890237331, 0.36264950037, 0.373565644026, 0.478400290012], "var": [2.8278234005, 2.98042321205, 2.97718405724, 3.08817887306, 3.17459368706, 3.23787331581], "dvar": [0.166838392615, 0.180789232254, 0.162176728249, 0.181742310524, 0.235131025314, 0.360937654972], "mean": [-7.88054609299, -7.44323158264, -8.40900325775, -8.81491088867, -8.48593616486, -10.532204628]}, "barkbands_flatness_db": {"min": 0.0247364845127, "max": 0.540528953075, "dvar2": 0.0020343544893, "median": 0.146807491779, "dmean2": 0.0415422357619, "dmean": 0.0284488275647, "var": 0.00598056009039, "dvar": 0.00106584234163, "mean": 0.161659374833}, "dynamic_complexity": 4.81150007248, "erbbands_flatness_db": {"min": 0.0272672735155, "max": 0.409211456776, "dvar2": 0.0013455376029, "median": 0.156829223037, "dmean2": 0.0352808944881, "dmean": 0.0247460398823, "var": 0.00315424334258, "dvar": 0.0007150432211