{"lowlevel": {"spectral_complexity": {"min": 0, "max": 58, "dvar2": 36.0244178772, "median": 12, "dmean2": 4.68947696686, "dmean": 3.2269692421, "var": 99.8056945801, "dvar": 19.1385421753, "mean": 13.6499795914}, "silence_rate_20dB": {"min": 1, "max": 1, "dvar2": 0, "median": 1, "dmean2": 0, "dmean": 0, "var": 0, "dvar": 0, "mean": 1}, "average_loudness": 0.874966800213, "erbbands_spread": {"min": 1.4999049902, "max": 185.216110229, "dvar2": 583.194946289, "median": 37.472568512, "dmean2": 17.8928050995, "dmean": 11.9478235245, "var": 674.945739746, "dvar": 263.473022461, "mean": 42.6577758789}, "spectral_kurtosis": {"min": -1.23827016354, "max": 114.225234985, "dvar2": 55.878276825, "median": 3.89412117004, "dmean2": 3.93957424164, "dmean": 2.53790831566, "var": 60.8279914856, "dvar": 25.9788589478, "mean": 5.81725597382}, "barkbands_kurtosis": {"min": -1.96361601353, "max": 3531.53393555, "dvar2": 8276.265625, "median": 5.39258670807, "dmean2": 24.7374820709, "dmean": 15.7343616486, "var": 42348.3828125, "dvar": 3715.95849609, "mean": 35.858039856}, "spectral_strongpeak": {"min": 0, "max": 11.2014636993, "dvar2": 1.13304579258, "median": 0.328651934862, "dmean2": 0.557172954082, "dmean": 0.324992805719, "var": 0.652655720711, "dvar": 0.436113923788, "mean": 0.581039488316}, "spectral_spread": {"min": 717589.8125, "max": 14896327, "dvar2": 2161305976830.0, "median": 4479636.5, "dmean2": 1160905, "dmean": 812754.4375, "var": 4021172043780.0, "dvar": 1162092740610.0, "mean": 4957439}, "spectral_rms": {"min": 5.59134286959e-06, "max": 0.0170930903405, "dvar2": 3.11776511808e-06, "median": 0.00510220928118, "dmean2": 0.00146352162119, "dmean": 0.000984483514912, "var": 6.58974477119e-06, "dvar": 1.51018366523e-06, "mean": 0.00542905507609}, "erbbands": {"min": [8.37613498561e-08, 2.81488450327e-08, 1.93933722414e-08, 6.12885102669e-08, 2.88597448161e-07, 7.67522863043e-08, 8.1203822333e-08, 3.77679647556e-08, 4.35084963613e-08, 4.23101624847e-08, 1.13884794928e-07, 7.03994018636e-08, 8.26996426895e-08, 1.15551216595e-07, 4.83220574665e-08, 8.90145059884e-08, 1.29892185896e-07, 9.75001910319e-08, 1.43754576243e-07, 1.54511752726e-07, 1.672326988e-07, 1.34568381327e-07, 1.96325586899e-07, 2.02364049073e-07, 1.9422901687e-07, 3.24454049405e-07, 2.49357981374e-07, 3.07529347765e-07, 3.55157794729e-07, 2.43719426862e-07, 2.73152579666e-07, 3.73259013031e-07, 3.98538105628e-07, 4.00997464567e-07, 2.24084303113e-07, 2.72164413673e-07, 3.54153030457e-07, 1.05650087789e-06, 7.80654261234e-08, 4.80490935928e-09], "max": [10.3427944183, 66.0738601685, 119.619941711, 134.102127075, 171.4246521, 286.133117676, 850.015808105, 490.15713501, 403.906219482, 789.893676758, 1069.56420898, 1398.06994629, 1098.89038086, 739.111206055, 745.484436035, 1134.00488281, 619.032775879, 620.811767578, 963.18170166, 623.412414551, 655.788208008, 728.89855957, 400.003631592, 227.452896118, 431.018829346, 206.123550415, 232.420883179, 256.278656006, 117.040969849, 259.739685059, 304.95513916, 146.238601685, 82.264251709, 31.1145820618, 14.9431858063, 4.84743738174, 1.30291378498, 0.451548397541, 0.0470700599253, 0.00143175153062], "dvar2": [0.786699831486, 47.0145988464, 118.226387024, 257.17980957, 322.434875488, 547.519470215, 2097.61767578, 789.70513916, 983.659423828, 2864.70898438, 3175.81469727, 7301.50195312, 2943.31567383, 1312.26220703, 1169.24707031, 1243.91418457, 1210.20373535, 1282.66430664, 1933.42785645, 1192.41516113, 1083.16577148, 861.871826172, 760.394958496, 321.813568115, 359.464569092, 190.224563599, 99.334274292, 72.1110534668, 57.9229164124, 84.9135360718, 70.4124298096, 38.7475471497, 18.0451011658, 11.0823287964, 3.54444932938, 0.291990667582, 0.0232721343637, 0.00176654360257, 2.22077960643e-05, 1.95024174587e-08], "median": [0.322661280632, 1.83055925369, 2.22019338608, 2.36710095406, 4.7335691452, 4.0661277771, 3.30466270447, 5.64647674561, 5.20591783524, 6.88596010208, 5.44175052643, 6.53071832657, 5.42129325867, 4.0271191597, 3.93580079079, 2.9943780899, 3.5072042942, 3.32251167297, 3.64952683449, 4.01407766342, 4.27636528015, 4.21225452423, 4.66310882568, 4.04992008209, 4.22676563263, 3.16597294807, 1.96011638641, 1.42757487297, 1.40497946739, 1.02195000648, 0.745411455631, 0.396991699934, 0.245895341039, 0.119206778705, 0.0558605641127, 0.0155352111906, 0.00365760386921, 0.000767162593547, 0.000101473196992, 4.44906945631e-05], "dmean2": [0.496388345957, 3.49964761734, 4.60013580322, 7.42048120499, 9.55840969086, 10.4086866379, 15.0847530365, 12.8286333084, 13.9701213837, 21.9249343872, 23.0459499359, 26.3159160614, 19.7244434357, 14.7954339981, 12.7076873779, 13.5804395676, 13.1356086731, 14.6186485291, 18.6302318573, 14.6737203598, 14.1067466736, 12.1251773834, 12.0575876236, 8.5915594101, 9.02840518951, 7.31366252899, 4.67584896088, 3.83501029015, 3.95490121841, 3.88180160522, 3.25324487686, 2.54052662849, 1.78781735897, 1.33911085129, 0.706004798412, 0.231001317501, 0.0658539757133, 0.0157431159168, 0.0016714988742, 6.76745476085e-05], "dmean": [0.313895195723, 2.1176700592, 2.7155854702, 4.37064123154, 5.81691265106, 6.47682762146, 9.4175786972, 8.53365516663, 9.29471302032, 14.153128624, 15.1935272217, 17.9225692749, 12.9931383133, 10.0989122391, 8.57070446014, 9.18313312531, 8.80435466766, 9.63880348206, 12.3534631729, 9.89433002472, 9.33386516571, 8.10111999512, 7.90895032883, 5.66497755051, 5.92331552505, 4.80077457428, 3.15922760963, 2.58080029488, 2.58326101303, 2.53225493431, 2.15082144737, 1.59070920944, 1.16907501221, 0.856805920601, 0.455415517092, 0.156734108925, 0.0452339313924, 0.0106450514868, 0.00109973479994, 4.63925316581e-05], "var": [0.818071722984, 23.3546562195, 44.7565612793, 107.49356842, 175.539382935, 396.919891357, 1592.92260742, 978.504638672, 1095.06555176, 2514.3203125, 4210.76074219, 8602.11621094, 3303.27319336, 1892.51147461, 1401.06970215, 2534.64746094, 1334.42871094, 1553.37255859, 2810.12426758, 1471.43493652, 1660.34777832, 1273.45825195, 684.167724609, 298.962371826, 315.320007324, 223.148376465, 120.473381042, 77.4525680542, 51.2995872498, 61.3422660828, 53.166431427, 24.0699996948, 13.9725284576, 5.37587070465, 1.81615900993, 0.165588542819, 0.0165319237858, 0.00114272639621, 1.16464789244e-05, 1.33844242356e-08], "dvar": [0.320686668158, 18.2342529297, 44.9125671387, 95.4682617188, 118.675254822, 203.942672729, 825.401611328, 359.524505615, 450.358428955, 1215.2467041, 1344.97143555, 3654.0637207, 1323.76379395, 608.592407227, 513.79083252, 652.962585449, 562.209655762, 572.856445312, 906.071533203, 582.500976562, 522.876464844, 434.069061279, 327.829101562, 140.966415405, 159.224761963, 83.9256973267, 45.2279968262, 34.6592140198, 24.9224624634, 38.0103874207, 33.1502876282, 16.4934864044, 8.07716846466, 4.72430706024, 1.55816745758, 0.12923642993, 0.0109621630982, 0.000800733396318, 9.37153436098e-06, 8.81240946882e-09], "mean": [0.614029109478, 3.2137260437, 4.16049480438, 6.32447528839, 9.61127948761, 11.1193990707, 15.5960226059, 17.3431053162, 17.1464309692, 24.4336051941, 30.5323448181, 31.8803291321, 23.0117092133, 19.0163860321, 16.2650299072, 17.5845546722, 16.0364551544, 17.8652763367, 23.7382297516, 18.8234386444, 18.4471168518, 15.7049264908, 14.2099742889, 10.5881757736, 11.0503406525, 9.54086971283, 6.65223836899, 4.6552362442, 4.47995948792, 3.98200130463, 3.26567006111, 2.03409099579, 1.55436301231, 0.96974247694, 0.527495384216, 0.176999181509, 0.0514904893935, 0.0125148994848, 0.00126124941744, 8.24940652819e-05]}, "zerocrossingrate": {"min": 0.001953125, "max": 0.3603515625, "dvar2": 0.000317776662996, "median": 0.03662109375, "dmean2": 0.0138392262161, "dmean": 0.0120095023885, "var": 0.00141860044096, "dvar": 0.000277762475889, "mean": 0.0444342456758}, "spectral_contrast_coeffs": {"min": [-0.918371796608, -0.952332377434, -0.965777099133, -0.956453621387, -0.940562963486, -0.915615141392], "max": [-0.245988234878, -0.324896454811, -0.362325876951, -0.44284850359, -0.509737491608, -0.608852922916], "dvar2": [0.00450128410012, 0.00477165449411, 0.0030364645645, 0.00210583279841, 0.00134942436125, 0.000707067491021], "median": [-0.66238451004, -0.689316391945, -0.747731566429, -0.776117026806, -0.79596054554, -0.770812153816], "dmean2": [0.0809823423624, 0.0816321671009, 0.0655195042491, 0.0542111322284, 0.0414962619543, 0.0296254605055], "dmean": [0.0494349710643, 0.0516950674355, 0.0426240563393, 0.0359314009547, 0.0278474893421, 0.0195883791894], "var": [0.00737762451172, 0.00915948394686, 0.00762367947027, 0.00694763660431, 0.00424557644874, 0.00205809040926], "dvar": [0.00177764473483, 0.00206118240021, 0.00142635859083, 0.00109254790004, 0.000695033872034, 0.000335458607879], "mean": [-0.656485676765, -0.686118066311, -0.741059243679, -0.762683689594, -0.785885214806, -0.772375464439]}, "dissonance": {"min": 0.205786138773, "max": 0.500000059605, "dvar2": 0.00144472741522, "median": 0.459035515785, "dmean2": 0.0384795442224, "dmean": 0.0237547941506, "var": 0.00165485439356, "dvar": 0.000578114413656, "mean": 0.448118507862}, "spectral_energyband_high": {"min": 1.22394072655e-09, "max": 0.0226884037256, "dvar2": 1.265361675e-06, "median": 0.000238853826886, "dmean2": 0.000548654934391, "dmean": 0.000379274890292, "var": 1.15782859211e-06, "dvar": 5.92445417169e-07, "mean": 0.000682620680891}, "spectral_skewness": {"min": -0.323547512293, "max": 9.13954925537, "dvar2": 0.404186844826, "median": 1.54608678818, "dmean2": 0.486969292164, "dmean": 0.328415900469, "var": 0.763001859188, "dvar": 0.202146425843, "mean": 1.7245849371}, "spectral_flux": {"min": 1.9407394575e-05, "max": 0.478646844625, "dvar2": 0.00292831822298, "median": 0.0722541734576, "dmean2": 0.0474373847246, "dmean": 0.0304370932281, "var": 0.00352176488377, "dvar": 0.00134073267691, "mean": 0.0841046348214}, "silence_rate_30dB": {"min": 0, "max": 1, "dvar2": 0.0913711711764, "median": 1, "dmean2": 0.0781106576324, "dmean": 0.0390520691872, "var": 0.0434810742736, "dvar": 0.037527859211, "mean": 0.95444303751}, "spectral_energyband_middle_high": {"min": 3.44264963759e-11, "max": 0.0462479740381, "dvar2": 1.10092287287e-05, "median": 0.00159424019512, "dmean2": 0.00181473360863, "dmean": 0.00129273347557, "var": 2.7669733754e-05, "dvar": 5.40354540135e-06, "mean": 0.00377055536956}, "barkbands_spread": {"min": 0.0510419197381, "max": 115.577354431, "dvar2": 212.386917114, "median": 14.377453804, "dmean2": 10.0543317795, "dmean": 6.70043182373, "var": 254.3565979, "dvar": 101.449890137, "mean": 17.8573284149}, "spectral_centroid": {"min": 62.0783119202, "max": 6144.38085938, "dvar2": 291239.90625, "median": 985.867553711, "dmean2": 405.864654541, "dmean": 275.856994629, "var": 555991.625, "dvar": 147897.765625, "mean": 1098.62939453}, "pitch_salience": {"min": 0.00252126296982, "max": 0.890195965767, "dvar2": 0.0135562494397, "median": 0.487244516611, "dmean2": 0.121929273009, "dmean": 0.0754091441631, "var": 0.0199453961104, "dvar": 0.00533376913518, "mean": 0.474289894104}, "erbbands_skewness": {"min": -4.57085752487, "max": 11.5429620743, "dvar2": 0.823036253452, "median": 0.550237596035, "dmean2": 0.760701060295, "dmean": 0.514589130878, "var": 1.96756589413, "dvar": 0.403334587812, "mean": 0.76079082489}, "erbbands_crest": {"min": 2.16761445999, "max": 29.9758167267, "dvar2": 14.4808568954, "median": 8.9137878418, "dmean2": 4.13369083405, "dmean": 2.64436268806, "var": 21.1278038025, "dvar": 6.14736175537, "mean": 9.86414813995}, "melbands": {"min": [1.52694290545e-09, 1.36425601718e-11, 2.14788829084e-11, 1.60434287383e-11, 2.97102858808e-12, 9.66457382873e-13, 5.93057178887e-13, 4.07961533479e-13, 1.03701520027e-12, 4.31742857611e-13, 3.87943312457e-13, 4.75797786587e-13, 1.05051980569e-13, 2.0362688315e-13, 3.00839133336e-13, 2.11942402105e-13, 1.70534864442e-13, 2.09622006168e-13, 2.23104182156e-13, 1.69636318339e-13, 1.98204056249e-13, 1.35414384783e-13, 1.37372887588e-13, 1.45978539044e-13, 1.67929133598e-13, 1.02405104253e-13, 1.07872024301e-13, 2.44721506514e-13, 1.73991544913e-13, 1.38194089418e-13, 1.70711887551e-13, 1.91975355426e-13, 1.77105319342e-13, 1.16831593228e-13, 1.36058536399e-13, 1.64535120012e-13, 2.28660623422e-13, 2.87041332543e-13, 2.21036581508e-13, 3.03479680622e-13], "max": [0.0844836756587, 0.0616331808269, 0.023226596415, 0.0127755776048, 0.0240031518042, 0.0100335814059, 0.00548816891387, 0.00763951474801, 0.00865957792848, 0.00855808611959, 0.00549792125821, 0.00337558519095, 0.0034403083846, 0.00273532909341, 0.00280190771446, 0.00154499046039, 0.00149340496864, 0.00147840031423, 0.00108031788841, 0.00101640401408, 0.000862287299242, 0.00105000531767, 0.000526594056282, 0.000295250822091, 0.000207324163057, 0.000330271286657, 0.000229653524002, 0.00015541628818, 0.000126246595755, 0.000249661417911, 0.000148581268149, 8.64735193318e-05, 9.10656890483e-05, 0.000174574408447, 0.000190396865946, 0.000125226666569, 7.730305515e-05, 6.96693678037e-05, 5.09772107762e-05, 2.44346119871e-05], "dvar2": [6.69627770549e-05, 3.67549801013e-05, 7.13677763997e-06, 1.67671976214e-06, 1.89619527191e-06, 4.03200232313e-07, 2.1718246046e-07, 3.14055938588e-07, 2.14739358739e-07, 2.95207939871e-07, 7.88489487036e-08, 2.45079405659e-08, 1.30382309393e-08, 9.31021837403e-09, 8.81599948599e-09, 7.17839476749e-09, 5.99015015368e-09, 6.50495524113e-09, 4.50479431535e-09, 2.7975421979e-09, 1.73090719535e-09, 1.33805277969e-09, 7.66503194249e-10, 4.87313467357e-10, 2.55874904598e-10, 2.45072850902e-10, 2.33037922293e-10, 9.04225513909e-11, 4.60654153711e-11, 4.56319183828e-11, 2.31120487332e-11, 2.26360111211e-11, 2.2773134073e-11, 3.66996814882e-11, 2.99710534168e-11, 1.65421149001e-11, 1.64861960888e-11, 9.60427744279e-12, 7.87568014277e-12, 9.80913787696e-12], "median": [0.00272960355505, 0.00195480580442, 0.000538498105016, 0.000361106329365, 0.000137316994369, 0.000130470711156, 8.13446677057e-05, 6.62197053316e-05, 3.43774918292e-05, 3.83653132303e-05, 2.38155225816e-05, 1.44788418766e-05, 1.1969429579e-05, 8.3148415797e-06, 5.78913113713e-06, 7.03189516571e-06, 5.14066914548e-06, 4.78708943774e-06, 4.66261462861e-06, 4.76665945826e-06, 4.48338232673e-06, 4.06097524319e-06, 3.56161672244e-06, 3.69392773791e-06, 2.81631673715e-06, 2.62295316134e-06, 2.96582607007e-06, 1.63079675986e-06, 1.18450611808e-06, 8.18823878035e-07, 6.97294069596e-07, 7.419882877e-07, 6.48470177111e-07, 5.17665000643e-07, 4.45678324468e-07, 2.66769717427e-07, 2.15703437334e-07, 1.73576665929e-07, 1.25244184801e-07, 8.08811648767e-08], "dmean2": [0.00447616353631, 0.00294461939484, 0.00129853503313, 0.000689992390107, 0.000492515100632, 0.000289848278044, 0.00022324656311, 0.0002364385291, 0.000188745878404, 0.000167472229805, 9.96942544589e-05, 6.26686305623e-05, 4.45052064606e-05, 3.76994576072e-05, 3.29232025251e-05, 3.29133836203e-05, 2.99339917547e-05, 3.26108201989e-05, 2.68732619588e-05, 2.06527383853e-05, 1.70951479959e-05, 1.4622962226e-05, 1.13447949843e-05, 1.06238576336e-05, 7.39047618481e-06, 7.55707651479e-06, 7.19038871466e-06, 4.80669405079e-06, 3.12104248223e-06, 2.91813285003e-06, 2.15652130464e-06, 2.45299020207e-06, 2.24568361773e-06, 2.44789589487e-06, 2.09886206903e-06, 1.58173099862e-06, 1.65855146861e-06, 1.30675675791e-06, 1.11533768177e-06, 1.2046818938e-06], "dmean": [0.00279346923344, 0.00178294861689, 0.000773997569922, 0.000424114055932, 0.000307399779558, 0.000193014973775, 0.000146860373206, 0.000152963883011, 0.000125184975332, 0.000113322901598, 6.55291005387e-05, 4.28028906754e-05, 3.01261188724e-05, 2.53028010775e-05, 2.20920064748e-05, 2.2047343009e-05, 1.95854099729e-05, 2.14501178561e-05, 1.78413865797e-05, 1.37295028253e-05, 1.11503150038e-05, 9.69760185399e-06, 7.48858838051e-06, 6.83317784933e-06, 4.79392110719e-06, 4.79083655591e-06, 4.65152334073e-06, 3.09985443891e-06, 2.05368382922e-06, 1.94383505914e-06, 1.42882674936e-06, 1.55596444529e-06, 1.45468447954e-06, 1.57757324359e-06, 1.38239374792e-06, 9.92553509604e-07, 1.0199174767e-06, 8.53566803016e-07, 7.24580161204e-07, 7.55552207465e-07], "var": [5.28571617906e-05, 1.6705618691e-05, 3.30599232257e-06, 1.09061716103e-06, 1.50599203153e-06, 5.01140050346e-07, 2.37774926859e-07, 3.05267121803e-07, 2.7894961363e-07, 3.47067839357e-07, 8.57202664406e-08, 3.43970825156e-08, 1.78879950852e-08, 1.84395467784e-08, 1.08300985957e-08, 8.59344151394e-09, 6.50489573317e-09, 8.60321680562e-09, 5.82918291414e-09, 3.09787773212e-09, 2.41031838932e-09, 1.94503280149e-09, 7.99724897416e-10, 4.22000240308e-10, 2.10189227134e-10, 1.80920819992e-10, 1.98157074083e-10, 9.25367005244e-11, 4.54894386048e-11, 5.24678564484e-11, 2.24445202007e-11, 1.77552382519e-11, 1.61976924928e-11, 2.47170513223e-11, 2.29473922503e-11, 1.01294354848e-11, 9.34174092249e-12, 7.58959475128e-12, 5.14349413755e-12, 4.0016007001e-12], "dvar": [2.66953175014e-05, 1.45370622704e-05, 2.67314135272e-06, 6.258011922e-07, 7.30897227186e-07, 1.79940983003e-07, 9.87900392602e-08, 1.33106553335e-07, 9.24638143829e-08, 1.47161273389e-07, 3.53916114193e-08, 1.15202514195e-08, 6.10941297552e-09, 4.62916904809e-09, 4.31895363917e-09, 3.5046692215e-09, 2.63421173763e-09, 3.06520120397e-09, 2.21777574083e-09, 1.2834782126e-09, 8.25726098608e-10, 6.81136480551e-10, 3.40896894047e-10, 2.07847766776e-10, 1.09691734862e-10, 1.04767070019e-10, 1.00593089414e-10, 3.85862800045e-11, 1.99619886593e-11, 2.10149259106e-11, 1.10346445523e-11, 9.35157246779e-12, 9.55520385038e-12, 1.6368658165e-11, 1.44965229057e-11, 7.0965616196e-12, 6.85300687725e-12, 4.25946951321e-12, 3.4974794328e-12, 4.06144085377e-12], "mean": [0.00499641848728, 0.00290420628153, 0.00122483319137, 0.000734844536055, 0.000534765364137, 0.000394692266127, 0.000265935988864, 0.000270271499176, 0.000245866423938, 0.000195901491679, 0.000111734305392, 7.75922308094e-05, 5.46362898604e-05, 4.8219008022e-05, 3.80122801289e-05, 3.714074046e-05, 3.31397422997e-05, 3.85729836125e-05, 3.13474447466e-05, 2.47188709182e-05, 2.02839855774e-05, 1.73267562786e-05, 1.29500313051e-05, 1.16157034427e-05, 8.09835000837e-06, 7.80046684667e-06, 8.27409166959e-06, 5.79060997552e-06, 3.98177189709e-06, 3.76326624973e-06, 2.29687771025e-06, 2.54695237345e-06, 2.30472460316e-06, 2.29758688874e-06, 2.06416416404e-06, 1.30909745621e-06, 1.22398296298e-06, 1.12575105504e-06, 9.21745197502e-07, 7.83340112775e-07]}, "spectral_entropy": {"min": 3.79962849617, "max": 8.79137706757, "dvar2": 0.205844610929, "median": 7.34325218201, "dmean2": 0.384033054113, "dmean": 0.279827982187, "var": 0.548481345177, "dvar": 0.115083292127, "mean": 7.23726606369}, "spectral_rolloff": {"min": 21.533203125, "max": 13544.3847656, "dvar2": 2953276.75, "median": 473.73046875, "dmean2": 829.799377441, "dmean": 487.555908203, "var": 1986141.375, "dvar": 1293903.25, "mean": 955.262023926}, "barkbands": {"min": [7.92686272177e-09, 2.83291778924e-10, 5.46805352733e-12, 4.59869850533e-11, 6.13403702832e-11, 8.07976342082e-12, 3.29057419333e-12, 3.67938015125e-12, 3.93351280367e-12, 4.11549006679e-12, 5.92579208359e-13, 2.00334063574e-12, 2.65500989249e-12, 3.10247595843e-12, 3.25767624682e-12, 2.56284056477e-12, 1.87852229432e-12, 3.32811339251e-12, 4.03571967511e-12, 6.81234626002e-12, 7.03957595341e-12, 8.66417874945e-12, 9.65237698797e-12, 2.23957675322e-11, 3.27154935087e-11, 9.15591352735e-11, 9.43299327538e-10], "max": [0.0106217060238, 0.280907928944, 0.0958126336336, 0.0477162674069, 0.061621196568, 0.0705661922693, 0.0365994274616, 0.039230260998, 0.0466676130891, 0.0382628031075, 0.0230046007782, 0.0230106078088, 0.0124413892627, 0.0165966674685, 0.0158528666943, 0.0124284578487, 0.0148388287053, 0.00600700965151, 0.00685333367437, 0.00427371775731, 0.00744746858254, 0.00333883007988, 0.00986665952951, 0.00589545583352, 0.00203612819314, 0.000764611526392, 0.000350739632268], "dvar2": [5.5488169437e-07, 0.000864437257405, 9.96098024189e-05, 3.5313074477e-05, 3.40048427461e-05, 1.85449753189e-05, 7.01541466697e-06, 6.70726421959e-06, 9.81836546998e-06, 2.85081910079e-06, 9.13385179047e-07, 7.97622078608e-07, 6.52413177704e-07, 8.44256476284e-07, 7.0286830578e-07, 4.46036466428e-07, 3.49894492047e-07, 2.22141267159e-07, 1.36526736583e-07, 9.77597949259e-08, 5.22140588544e-08, 4.32421387586e-08, 9.25294614262e-08, 7.34417824333e-08, 6.5612113076e-08, 8.81008421771e-09, 9.3163621262e-10], "median": [0.000265035254415, 0.00951240118593, 0.00122742564417, 0.000814361555967, 0.00159470608924, 0.00063428550493, 0.000347374705598, 0.000191052095033, 0.000264132046141, 0.000112702138722, 8.37524130475e-05, 7.20492462278e-05, 7.04910853528e-05, 4.72092251584e-05, 6.43068779027e-05, 6.62928723614e-05, 6.80604207446e-05, 8.02424256108e-05, 7.32186599635e-05, 7.21343385521e-05, 3.897613351e-05, 3.76506250177e-05, 2.73423429462e-05, 1.65874589584e-05, 9.25856238609e-06, 2.32228671848e-06, 4.51611896324e-07], "dmean2": [0.000353892944986, 0.0156998094171, 0.0041260169819, 0.00279880617745, 0.00301686231978, 0.00169900909532, 0.00125230953563, 0.00108997512143, 0.00109170994256, 0.00056192278862, 0.00037068745587, 0.000349082169123, 0.000320892751915, 0.000349044334143, 0.000353706884198, 0.000281227083178, 0.00023879519722, 0.000222445843974, 0.000175054694409, 0.000162234486197, 0.000106705891085, 0.000102697631519, 0.000120097894978, 0.000113295602205, 0.000105436265585, 4.15944014094e-05, 1.02939102362e-05], "dmean": [0.000230460107559, 0.00970515795052, 0.00239631114528, 0.0016583034303, 0.00185243657324, 0.0011085071601, 0.000810875964817, 0.000704510370269, 0.000734800647479, 0.000375432544388, 0.000247239106102, 0.000233054102864, 0.000212877130252, 0.000226994146942, 0.000232850637985, 0.000184125718079, 0.000158211827511, 0.000144024932524, 0.000113459936983, 0.00010660578846, 7.18150331522e-05, 6.78890210111e-05, 7.95594824012e-05, 7.19227246009e-05, 6.79551958456e-05, 2.8195356208e-05, 6.75405090078e-06], "var": [5.80158769026e-07, 0.000575198268052, 3.53928626282e-05, 1.63221848197e-05, 2.43101640081e-05, 1.90158170881e-05, 7.18947512723e-06, 8.66813752509e-06, 1.13177629828e-05, 3.46973092746e-06, 1.20828838135e-06, 1.47771754655e-06, 7.29299301838e-07, 9.17965394365e-07, 9.63649654295e-07, 5.81795916332e-07, 4.93244613153e-07, 1.95858774532e-07, 1.1478981321e-07, 1.07466561872e-07, 6.28214991139e-08, 3.67420653902e-08, 7.03490670162e-08, 5.21958689603e-08, 3.50022908435e-08, 5.83421622125e-09, 4.77320571957e-10], "dvar": [2.31045689247e-07, 0.000341493199812, 3.69569206669e-05, 1.28889460029e-05, 1.24784146465e-05, 7.82914594311e-06, 3.14654630529e-06, 2.83341069007e-06, 4.77251205666e-06, 1.30198247916e-06, 4.08905464155e-07, 3.96239329348e-07, 3.06458275645e-07, 3.73200037984e-07, 3.33493375138e-07, 2.10618793517e-07, 1.75268354496e-07, 9.55303889327e-08, 5.99919189881e-08, 4.31832489767e-08, 2.46520741598e-08, 1.86932229695e-08, 4.33122231414e-08, 3.2175723419e-08, 2.90784445411e-08, 4.07177891404e-09, 3.93863219816e-10], "mean": [0.000553449441213, 0.0167131926864, 0.00330979563296, 0.0024287214037, 0.00330731458962, 0.00213415501639, 0.00136539328378, 0.001348089776, 0.00127669936046, 0.000646058062557, 0.000423463148763, 0.000433532957686, 0.000362796679838, 0.000378697557608, 0.000418096635258, 0.000332998723025, 0.000283947854768, 0.000248092866968, 0.000199841801077, 0.000207364777452, 0.000142219374538, 0.000117349874927, 0.000121176897665, 9.43592240219e-05, 7.94812804088e-05, 3.19873797707e-05, 7.63991374697e-06]}, "melbands_flatness_db": {"min": 0.0223423019052, "max": 0.820630192757, "dvar2": 0.0037306167651, "median": 0.257465898991, "dmean2": 0.0575577504933, "dmean": 0.0414494536817, "var": 0.0153036089614, "dvar": 0.00199363636784, "mean": 0.283199876547}, "melbands_skewness": {"min": -2.08975076675, "max": 33.0242080688, "dvar2": 6.26993989944, "median": 3.12546038628, "dmean2": 1.92177212238, "dmean": 1.24784052372, "var": 8.8724861145, "dvar": 2.74791121483, "mean": 3.89187717438}, "barkbands_skewness": {"min": -4.91676998138, "max": 48.0220222473, "dvar2": 5.12917900085, "median": 2.09784698486, "dmean2": 1.54731166363, "dmean": 1.01974773407, "var": 13.365363121, "dvar": 2.27057027817, "mean": 2.90110349655}, "silence_rate_60dB": {"min": 0, "max": 1, "dvar2": 0.044465187937, "median": 0, "dmean2": 0.040056746453, "dmean": 0.0200267024338, "var": 0.0560200028121, "dvar": 0.0196239799261, "mean": 0.059574469924}, "spectral_energyband_low": {"min": 7.82437847846e-09, "max": 0.291675567627, "dvar2": 0.00101104786154, "median": 0.0143032362685, "dmean2": 0.0179159697145, "dmean": 0.0113105764613, "var": 0.000754020817112, "dvar": 0.00041916736518, "mean": 0.0217690244317}, "spectral_energyband_middle_low": {"min": 1.34439001598e-10, "max": 0.114207990468, "dvar2": 0.000124173719087, "median": 0.00818883348256, "dmean2": 0.00713651208207, "dmean": 0.00460329372436, "var": 0.000157881047926, "dvar": 5.12093974976e-05, "mean": 0.0120854014531}, "melbands_kurtosis": {"min": -1.82663571835, "max": 1950.90515137, "dvar2": 7579.79150391, "median": 15.5744533539, "dmean2": 37.0864677429, "dmean": 23.6243133545, "var": 9764.76953125, "dvar": 3254.85205078, "mean": 43.1740837097}, "spectral_decrease": {"min": -7.85966420835e-08, "max": -7.918348594e-15, "dvar2": 7.02113484739e-17, "median": -6.74560718394e-09, "dmean2": 5.3538058431e-09, "dmean": 3.4882661204e-09, "var": 7.94473494086e-17, "dvar": 3.10345460336e-17, "mean": -9.38752098278e-09}, "erbbands_kurtosis": {"min": -1.92558920383, "max": 151.775466919, "dvar2": 61.0160331726, "median": 0.117868423462, "dmean2": 3.37022018433, "dmean": 2.23578262329, "var": 108.957099915, "dvar": 29.7560787201, "mean": 2.96012592316}, "melbands_crest": {"min": 3.08231735229, "max": 38.2619552612, "dvar2": 26.0121994019, "median": 16.6971988678, "dmean2": 5.3456659317, "dmean": 3.30631828308, "var": 41.6424598694, "dvar": 10.3318843842, "mean": 17.818944931}, "gfcc": {"cov": [[12467.6035156, -1309.27331543, -2507.41821289, -492.969696045, -1031.51647949, 43.8623466492, -533.132995605, 254.193908691, -188.933181763, 267.342010498, -165.81842041, -42.8176460266, -190.256240845], [-1309.27331543, 2013.59484863, -116.331596375, -72.0179901123, 303.35446167, -262.080932617, 187.462081909, -143.665466309, 141.458847046, -180.901077271, 214.5806427, -102.277404785, 160.907226562], [-2507.41821289, -116.331596375, 1994.24353027, 361.857177734, 344.016082764, 160.317855835, 103.626937866, -54.3180656433, -100.023773193, -63.383846283, -146.516921997, 83.7259750366, -84.6948928833], [-492.969696045, -72.0179901123, 361.857177734, 635.912231445, 247.735473633, 54.0582199097, 37.2726249695, -7.41321229935, 83.145980835, -45.3070487976, -28.6168880463, -42.3069992065, 16.3035812378], [-1031.51647949, 303.35446167, 344.016082764, 247.735473633, 621.1171875, 28.0437736511, 134.692657471, -0.994662225246, 51.6598815918, -3.62787723541, -23.9629459381, -51.2360076904, 21.0944900513], [43.8623466492, -262.080932617, 160.317855835, 54.0582199097, 28.0437736511, 323.979003906, 131.625045776, 36.6709136963, 0.65964859724, 40.2541236877, -34.4838676453, -1.37277424335, -25.7216644287], [-533.132995605, 187.462081909, 103.626937866, 37.2726249695, 134.692657471, 131.625045776, 277.485778809, 61.0804100037, 29.9124908447, -0.900038540363, 44.8870735168, -0.883266568184, 7.3075094223], [254.193908691, -143.665466309, -54.3180656433, -7.41321229935, -0.994662225246, 36.6709136963, 61.0804100037, 192.224761963, 67.3994750977, 38.0361747742, 11.2450771332, 29.9794483185, 13.9213838577], [-188.933181763, 141.458847046, -100.023773193, 83.145980835, 51.6598815918, 0.65964859724, 29.9124908447, 67.3994750977, 194.245620728, 39.0262260437, 48.1085929871, 2.4868183136, 50.2486763], [267.342010498, -180.901077271, -63.383846283, -45.3070487976, -3.62787723541, 40.2541236877, -0.900038540363, 38.0361747742, 39.0262260437, 139.42199707, 34.4649047852, 26.1506519318, -1.15269339085], [-165.81842041, 214.5806427, -146.516921997, -28.6168880463, -23.9629459381, -34.4838676453, 44.8870735168, 11.2450771332, 48.1085929871, 34.4649047852, 166.453643799, 37.2151985168, 47.6143074036], [-42.8176460266, -102.277404785, 83.7259750366, -42.3069992065, -51.2360076904, -1.37277424335, -0.883266568184, 29.9794483185, 2.4868183136, 26.1506519318, 37.2151985168, 132.077987671, 41.2752189636], [-190.256240845, 160.907226562, -84.6948928833, 16.3035812378, 21.0944900513, -25.7216644287, 7.3075094223, 13.9213838577, 50.2486763, -1.15269339085, 47.6143074036, 41.2752189636, 135.403060913]], "icov": [[0.00017999971169, -0.000173369320692, 0.000284424022539, -0.000229026132729, 0.000180638060556, -0.000251115940046, 0.000380601530196, -0.000447652389994, 0.00049681920791, -0.000500834546983, 0.000439728813944, -0.000305793510051, 0.000364018749679], [-0.000173369320692, 0.00182340131141, -0.00050736911362, 0.00119137950242, -0.00076791679021, 0.00136286800262, -0.00157977105118, 0.00186549907085, -0.00205726921558, 0.00266130897216, -0.00222678878345, 0.0019922577776, -0.00163741933648], [0.000284424022539, -0.00050736911362, 0.00129104231019, -0.000877120008226, -5.45729562873e-06, -0.000743828481063, 0.000592607189901, -0.000631325936411, 0.00128227437381, -0.000858337036334, 0.00149951817002, -0.00197698408738, 0.00140040181577], [-0.000229026132729, 0.00119137950242, -0.000877120008226, 0.00318550597876, -0.0012350025354, 0.000433529581642, -0.000621073704679, 0.00146468402818, -0.00276751909405, 0.00289535475895, -0.00185824243817, 0.00206484808587, -0.00143640430178], [0.000180638060556, -0.00076791679021, -5.45729562873e-06, -0.0012350025354, 0.00294324848801, 0.000141103562783, -0.000711795932148, -0.000634609023109, 0.000829514814541, -0.00228336779401, 0.00182889692951, 0.000299870589515, -7.82117276685e-05], [-0.000251115940046, 0.00136286800262, -0.000743828481063, 0.000433529581642, 0.000141103562783, 0.00600135233253, -0.0043148137629, 0.00176022539381, -0.00150139676407, -0.000140747521073, 0.000190304912394, 0.00169688556343, -0.00134815135971], [0.000380601530196, -0.00157977105118, 0.000592607189901, -0.000621073704679, -0.000711795932148, -0.0043148137629, 0.00838768016547, -0.00394539069384, 0.00219696876593, -0.000454994034953, -0.000982704455964, -0.00135628960561, 0.00204161298461], [-0.000447652389994, 0.00186549907085, -0.000631325936411, 0.00146468402818, -0.000634609023109, 0.00176022539381, -0.00394539069384, 0.00948628969491, -0.00498988339677, 0.00191433390137, -0.00101291900501, 0.000262309156824, -0.00160199473612], [0.00049681920791, -0.00205726921558, 0.00128227437381, -0.00276751909405, 0.000829514814541, -0.00150139676407, 0.00219696876593, -0.00498988339677, 0.0108286505565, -0.00529182469472, 0.00160062860232, -0.00129310472403, 2.58876571024e-05], [-0.000500834546983, 0.00266130897216, -0.000858337036334, 0.00289535475895, -0.00228336779401, -0.000140747521073, -0.000454994034953, 0.00191433390137, -0.00529182469472, 0.0143285999075, -0.00605081254616, 0.00125123711769, -0.000762962270528], [0.000439728813944, -0.00222678878345, 0.00149951817002, -0.00185824243817, 0.00182889692951, 0.000190304912394, -0.000982704455964, -0.00101291900501, 0.00160062860232, -0.00605081254616, 0.0126116247848, -0.00480279838666, 0.000717866583727], [-0.000305793510051, 0.0019922577776, -0.00197698408738, 0.00206484808587, 0.000299870589515, 0.00169688556343, -0.00135628960561, 0.000262309156824, -0.00129310472403, 0.00125123711769, -0.00480279838666, 0.0140166459605, -0.00605386076495], [0.000364018749679, -0.00163741933648, 0.00140040181577, -0.00143640430178, -7.82117276685e-05, -0.00134815135971, 0.00204161298461, -0.00160199473612, 2.58876571024e-05, -0.000762962270528, 0.000717866583727, -0.00605386076495, 0.0122790746391]], "mean": [-36.2705955505, 99.3547058105, -87.5704193115, 43.2985305786, -47.4863128662, 13.7611494064, -27.0492095947, 11.8267049789, -14.0665273666, 2.99538350105, -10.2428121567, -0.47004249692, -6.67988157272]}, "melbands_spread": {"min": 0.140148594975, "max": 246.562683105, "dvar2": 253.03414917, "median": 11.0362234116, "dmean2": 9.42846679688, "dmean": 6.18428039551, "var": 272.297790527, "dvar": 112.768333435, "mean": 15.4633016586}, "spectral_energy": {"min": 3.20446957858e-08, "max": 0.299478113651, "dvar2": 0.00101233273745, "median": 0.0266833547503, "dmean2": 0.0205590948462, "dmean": 0.0134712625295, "var": 0.00119059975259, "dvar": 0.000451189524028, "mean": 0.0369659624994}, "mfcc": {"cov": [[13031.1083984, -1183.41503906, -2077.56591797, -911.665283203, -863.555969238, -614.014587402, -483.996154785, -333.435577393, -180.278030396, 123.654632568, -16.4360256195, -28.8448734283, 4.82235717773], [-1183.41503906, 1831.60217285, -104.191192627, 113.105888367, 48.4930992126, -62.9328651428, 68.6079788208, 4.23902320862, -49.0903930664, -26.3878974915, -51.2983360291, -26.8047790527, 26.8443450928], [-2077.56591797, -104.191192627, 1327.72058105, 241.096130371, 198.25289917, 222.712387085, 93.1984939575, 131.596176147, 32.6697769165, -92.0803146362, 1.30953299999, -18.6815071106, -45.2406272888], [-911.665283203, 113.105888367, 241.096130371, 579.650695801, 317.320892334, 102.675346375, 44.4232254028, 53.5383491516, 68.7528076172, 6.05831813812, -33.4161186218, 24.0222930908, 11.7135009766], [-863.555969238, 48.4930992126, 198.25289917, 317.320892334, 409.512176514, 133.296264648, 53.2561950684, 19.5748596191, 97.6053085327, 29.7959880829, -14.867898941, 12.4403190613, -10.8942832947], [-614.014587402, -62.9328651428, 222.712387085, 102.675346375, 133.296264648, 315.429962158, 122.221939087, 56.769493103, 57.789932251, 30.7850418091, 35.7253379822, -8.81761837006, -21.8961486816], [-483.996154785, 68.6079788208, 93.1984939575, 44.4232254028, 53.2561950684, 122.221939087, 267.233673096, 80.2787780762, 44.1116065979, 24.7060813904, 26.1118412018, 21.2797737122, -0.491471379995], [-333.435577393, 4.23902320862, 131.596176147, 53.5383491516, 19.5748596191, 56.769493103, 80.2787780762, 184.025222778, 73.2509689331, 15.2007217407, 28.230348587, 16.1516399384, 9.98695373535], [-180.278030396, -49.0903930664, 32.6697769165, 68.7528076172, 97.6053085327, 57.789932251, 44.1116065979, 73.2509689331, 173.544631958, 64.4014892578, 12.0903339386, 19.9148349762, 1.00757050514], [123.654632568, -26.3878974915, -92.0803146362, 6.05831813812, 29.7959880829, 30.7850418091, 24.7060813904, 15.2007217407, 64.4014892578, 134.97756958, 56.0572891235, 19.4587116241, 5.2024064064], [-16.4360256195, -51.2983360291, 1.30953299999, -33.4161186218, -14.867898941, 35.7253379822, 26.1118412018, 28.230348587, 12.0903339386, 56.0572891235, 129.18409729, 43.4835472107, -1.15635204315], [-28.8448734283, -26.8047790527, -18.6815071106, 24.0222930908, 12.4403190613, -8.81761837006, 21.2797737122, 16.1516399384, 19.9148349762, 19.4587116241, 43.4835472107, 104.603157043, 44.2921829224], [4.82235717773, 26.8443450928, -45.2406272888, 11.7135009766, -10.8942832947, -21.8961486816, -0.491471379995, 9.98695373535, 1.00757050514, 5.2024064064, -1.15635204315, 44.2921829224, 104.003669739]], "icov": [[0.000128892861539, 8.54120953591e-05, 0.000160448864335, 2.49211407208e-05, 0.000143228287925, 4.81375682284e-05, 9.22183899092e-05, 2.48141241173e-05, 1.82962867257e-05, -9.81108023552e-05, 7.60093389545e-05, -8.7208769628e-07, 6.81023448124e-05], [8.54120953591e-05, 0.000652474060189, 0.00017718251911, -0.000113438727567, -1.5172008716e-05, 0.000253111851634, -0.0002226261131, -7.48674938222e-05, 0.00027333109756, -4.82118230138e-05, 0.000121965313156, 0.000298465514788, -0.000150673338794], [0.000160448864335, 0.00017718251911, 0.00126642291434, -0.000178723916179, -9.84368525678e-05, -0.000456815905636, 0.000148350693053, -0.00061021669535, 0.00013530877186, 0.000912222254556, -0.000197063927772, 0.000124550046166, 0.000368475593859], [2.49211407208e-05, -0.000113438727567, -0.000178723916179, 0.00330168497749, -0.00242732814513, -7.17443181202e-05, 0.000272076722467, -0.000890329654794, 0.000541602203157, -0.000274197926046, 0.00104178185575, -0.000836290069856, -0.000227855649428], [0.000143228287925, -1.5172008716e-05, -9.84368525678e-05, -0.00242732814513, 0.00553871924058, -0.00107838923577, -1.26196446217e-05, 0.00159875443205, -0.00214814860374, -0.000390744302422, 0.000490685750265, -0.000416177237639, 0.000650445290376], [4.81375682284e-05, 0.000253111851634, -0.000456815905636, -7.17443181202e-05, -0.00107838923577, 0.00514384126291, -0.00184704945423, 1.41767204695e-05, -0.000364960724255, -0.00036395402276, -0.00146461802069, 0.00170194811653, -1.76512330654e-05], [9.22183899092e-05, -0.0002226261131, 0.000148350693053, 0.000272076722467, -1.26196446217e-05, -0.00184704945423, 0.00533065758646, -0.00180377718061, 0.000246385170612, -0.000531912082806, 0.000504449999426, -0.00140747649129, 0.000524519011378], [2.48141241173e-05, -7.48674938222e-05, -0.00061021669535, -0.000890329654794, 0.00159875443205, 1.41767204695e-05, -0.00180377718061, 0.00859280861914, -0.00402559759095, 0.0012957372237, -0.00205912650563, 0.000828841584735, -0.00121187593322], [1.82962867257e-05, 0.00027333109756, 0.00013530877186, 0.000541602203157, -0.00214814860374, -0.000364960724255, 0.000246385170612, -0.00402559759095, 0.010366236791, -0.00474845524877, 0.00264594564214, -0.00182371039409, 0.00095551420236], [-9.81108023552e-05, -4.82118230138e-05, 0.000912222254556, -0.000274197926046, -0.000390744302422, -0.00036395402276, -0.000531912082806, 0.0012957372237, -0.00474845524877, 0.0127620603889, -0.00585610372946, 0.00154744798783, -0.00111630558968], [7.60093389545e-05, 0.000121965313156, -0.000197063927772, 0.00104178185575, 0.000490685750265, -0.00146461802069, 0.000504449999426, -0.00205912650563, 0.00264594564214, -0.00585610372946, 0.0133327655494, -0.00633985223249, 0.00282060052268], [-8.7208769628e-07, 0.000298465514788, 0.000124550046166, -0.000836290069856, -0.000416177237639, 0.00170194811653, -0.00140747649129, 0.000828841584735, -0.00182371039409, 0.00154744798783, -0.00633985223249, 0.0156462267041, -0.00649365596473], [6.81023448124e-05, -0.000150673338794, 0.000368475593859, -0.000227855649428, 0.000650445290376, -1.76512330654e-05, 0.000524519011378, -0.00121187593322, 0.00095551420236, -0.00111630558968, 0.00282060052268, -0.00649365596473, 0.0128633948043]], "mean": [-687.382324219, 127.328651428, 21.3440513611, 35.9924850464, 10.4358634949, 9.24000740051, 3.74185180664, 8.67395019531, 3.85009479523, 7.43308496475, 2.31759977341, 1.45862388611, 2.1450304985]}, "spectral_contrast_valleys": {"min": [-15.2446069717, -15.5970182419, -16.3238067627, -16.0800590515, -15.7059822083, -16.9228839874], "max": [-4.89432382584, -4.76902198792, -5.53235673904, -5.66662740707, -5.55821990967, -7.4597029686], "dvar2": [0.335510998964, 0.412396609783, 0.425118088722, 0.421512782574, 0.385742217302, 0.444528013468], "median": [-6.86794662476, -7.30660820007, -8.03579711914, -8.40463447571, -8.01438236237, -10.4128742218], "dmean2": [0.638860344887, 0.692440748215, 0.664595365524, 0.629947721958, 0.565620303154, 0.557760119438], "dmean": [0.412191420794, 0.449348241091, 0.444677472115, 0.434846073389, 0.419188678265, 0.464903205633], "var": [1.36425054073, 1.54325151443, 1.60306704044, 1.63472533226, 1.59242367744, 1.76491892338], "dvar": [0.17242538929, 0.18976777792, 0.216681391001, 0.221598178148, 0.22163939476, 0.28972992301], "mean": [-7.12109947205, -7.42807531357, -8.19674491882, -8.56505298615, -8.20962810516, -10.5448579788]}, "barkbands_flatness_db": {"min": 0.0185077916831, "max": 0.659718394279, "dvar2": 0.00270465528592, "median": 0.172662883997, "dmean2": 0.0485903210938, "dmean": 0.0348290279508, "var": 0.0102335214615, "dvar": 0.00146811571904, "mean": 0.194781213999}, "dynamic_complexity": 3.87105894089, "erbbands_flatness_db": {"min": 0.0197370480746, "max": 0.443377971649, "dvar2": 0.00122739002109, "median": 0.1540902704, "dmean2": 0.0317514054477, "dmean": 0.0236148294061, "var": 0.00302388845012, "dvar": 0.000706035178155, "mean