{"lowlevel": {"spectral_complexity": {"min": 0, "max": 60, "dvar2": 56.2511711121, "median": 16, "dmean2": 6.51231336594, "dmean": 4.41095495224, "var": 163.848434448, "dvar": 29.5465164185, "mean": 18.8594417572}, "silence_rate_20dB": {"min": 1, "max": 1, "dvar2": 0, "median": 1, "dmean2": 0, "dmean": 0, "var": 0, "dvar": 0, "mean": 1}, "average_loudness": 0.438098311424, "erbbands_spread": {"min": 0.794634342194, "max": 179.986618042, "dvar2": 358.557189941, "median": 38.7206192017, "dmean2": 15.6731138229, "dmean": 10.1533937454, "var": 468.048675537, "dvar": 163.659637451, "mean": 41.7299690247}, "spectral_kurtosis": {"min": -0.683682203293, "max": 65.5138320923, "dvar2": 9.51549053192, "median": 3.03541302681, "dmean2": 2.24317502975, "dmean": 1.37904131413, "var": 7.65895366669, "dvar": 3.75003290176, "mean": 3.63324904442}, "barkbands_kurtosis": {"min": -1.971149683, "max": 548.921813965, "dvar2": 398.595550537, "median": 0.0319018363953, "dmean2": 6.29743528366, "dmean": 3.7275788784, "var": 307.423614502, "dvar": 159.555938721, "mean": 3.72043204308}, "spectral_strongpeak": {"min": 0, "max": 17.5443916321, "dvar2": 2.87970018387, "median": 0.372716784477, "dmean2": 0.967111229897, "dmean": 0.570120453835, "var": 2.14489030838, "dvar": 1.14437663555, "mean": 0.908441603184}, "spectral_spread": {"min": 1385945.25, "max": 17382866, "dvar2": 2285959380990.0, "median": 4500468, "dmean2": 1108743.25, "dmean": 829881, "var": 3322110279680.0, "dvar": 1271574429700.0, "mean": 4849191.5}, "spectral_rms": {"min": 1.58756138262e-05, "max": 0.0160475596786, "dvar2": 4.37405196863e-06, "median": 0.00339529942721, "dmean2": 0.00134249730036, "dmean": 0.000877871119883, "var": 4.61677518615e-06, "dvar": 1.90477669548e-06, "mean": 0.00382576347329}, "erbbands": {"min": [4.32562319475e-06, 1.53930595843e-05, 1.90014961845e-05, 1.28813271658e-05, 4.22351913585e-05, 3.97184194298e-05, 9.50102694333e-05, 2.14325227716e-05, 7.96572930994e-06, 4.87443230668e-06, 9.69229859038e-06, 1.11643439595e-05, 4.21461709266e-06, 6.60784644424e-06, 9.95034497464e-06, 1.00140277937e-05, 1.52746233653e-05, 1.22687397379e-05, 2.75041311397e-05, 2.14295887417e-05, 2.9491568057e-05, 2.74018420896e-05, 2.67080122285e-05, 1.9676715965e-05, 2.84395919152e-05, 3.21010702464e-05, 2.57736555795e-05, 4.39993273176e-05, 6.22219595243e-05, 6.87583378749e-05, 5.32142876182e-05, 4.06274812121e-05, 2.29706402024e-05, 2.99017865473e-05, 1.06179004433e-05, 7.97096890892e-06, 4.92165963806e-06, 1.26516533783e-06, 1.99026615633e-07, 1.49413885708e-08], "max": [3.25341749191, 48.7504310608, 107.541305542, 145.343338013, 80.6117706299, 92.083770752, 257.024139404, 155.020172119, 166.527984619, 140.54196167, 416.851593018, 1183.81555176, 1178.53674316, 602.872070312, 1075.03625488, 763.121826172, 3481.07543945, 2726.45581055, 3749.02368164, 1993.94506836, 1440.23669434, 2482.12573242, 1824.81555176, 1860.26611328, 1131.18798828, 807.000366211, 328.377258301, 341.849029541, 497.605285645, 318.897888184, 190.66178894, 85.5235977173, 87.8952560425, 29.4819107056, 15.4119796753, 5.92155122757, 3.69231772423, 0.55179387331, 0.0552165806293, 0.00291076791473], "dvar2": [0.0803505554795, 24.1371173859, 382.448303223, 426.579162598, 128.273422241, 151.194839478, 200.877593994, 151.858535767, 175.55531311, 133.003372192, 523.20300293, 1257.12353516, 825.410583496, 1192.26879883, 1286.65429688, 2468.25732422, 15202.5703125, 19471.7089844, 20737.4042969, 5206.52929688, 3683.50366211, 5514.25585938, 4693.26757812, 3602.86914062, 1947.48034668, 1912.56115723, 2283.15161133, 602.758117676, 442.809448242, 919.960754395, 226.212890625, 24.546836853, 12.2528219223, 4.7670955658, 0.855609893799, 0.101010344923, 0.226990014315, 0.00768441194668, 0.000109457163489, 2.19303501581e-07], "median": [0.0165595710278, 0.253175854683, 0.706672668457, 0.987030148506, 1.65473031998, 2.19095635414, 2.7379989624, 2.98445653915, 2.97662377357, 3.19038677216, 3.7899544239, 4.47446537018, 6.11637163162, 7.5214214325, 8.15536594391, 10.4095306396, 8.7967634201, 8.77825260162, 8.47822189331, 7.71830892563, 9.63548755646, 10.1515865326, 10.8160743713, 9.96054458618, 9.16543388367, 6.55288314819, 4.79176521301, 2.89049291611, 3.7599067688, 4.45088672638, 1.85466837883, 0.885655760765, 0.418468236923, 0.210241913795, 0.0648737996817, 0.0294466093183, 0.0124349500984, 0.00217478559352, 0.000151038024342, 2.82185756078e-05], "dmean2": [0.113293513656, 1.69474172592, 6.62798976898, 9.1308555603, 5.05537509918, 6.45550966263, 6.4358124733, 6.04335260391, 6.72361803055, 6.33437204361, 9.51807880402, 10.8600988388, 13.1282978058, 15.7898654938, 16.6193122864, 22.4746723175, 27.7255973816, 33.9188652039, 30.3786334991, 22.8043651581, 22.1128578186, 21.4029598236, 22.1653404236, 19.8077793121, 19.166852951, 19.7990455627, 20.4380054474, 11.9135465622, 10.3263082504, 13.2137203217, 6.32445764542, 2.81371212006, 2.03573298454, 1.35574007034, 0.467584460974, 0.175831645727, 0.329101502895, 0.0617154017091, 0.00543786259368, 0.000272567238426], "dmean": [0.0695042461157, 0.962176680565, 3.68099355698, 5.41679143906, 2.92769289017, 3.6236102581, 3.93103647232, 3.74372649193, 4.27179431915, 4.02751016617, 6.06977939606, 6.93322277069, 9.09865379333, 10.3531827927, 10.9783849716, 14.2672977448, 17.5776863098, 21.4825229645, 19.7753582001, 14.70054245, 14.5049247742, 13.5813999176, 14.3406057358, 12.6775941849, 11.9370536804, 12.1517763138, 11.9399328232, 7.17415237427, 6.6714682579, 7.96943902969, 4.00360631943, 2.0390291214, 1.3857216835, 0.900825679302, 0.300364434719, 0.124734923244, 0.238886967301, 0.0442766435444, 0.00362645508721, 0.000182214746019], "var": [0.0504038929939, 6.99300479889, 84.2583007812, 154.801559448, 42.1884918213, 62.7364463806, 116.737716675, 101.957603455, 140.860610962, 97.0967559814, 415.814178467, 591.044555664, 1795.1661377, 1219.71398926, 1486.63696289, 1982.59020996, 17166.3144531, 21188.5722656, 20321.0625, 6264.60546875, 3495.38769531, 4401.82080078, 4328.8203125, 3318.09643555, 1672.26672363, 1200.69677734, 762.81628418, 367.122589111, 426.199066162, 550.735473633, 158.31199646, 42.9047927856, 16.044670105, 4.07343196869, 0.551467120647, 0.0913701280951, 0.189536944032, 0.00743699353188, 8.44428213895e-05, 2.48698427185e-07], "dvar": [0.0336834937334, 8.55461502075, 133.092193604, 170.128479004, 47.3767433167, 50.4432907104, 77.4514923096, 59.5640525818, 72.572845459, 54.4765434265, 214.327850342, 484.998413086, 432.780212402, 528.241394043, 611.74395752, 1023.22955322, 5942.13134766, 7508.73095703, 8408.50292969, 2330.8894043, 1653.80529785, 2175.52709961, 1871.72973633, 1617.22924805, 843.225952148, 770.058105469, 828.729492188, 239.360351562, 202.693115234, 320.905883789, 87.144744873, 14.5582771301, 6.17615270615, 2.10416436195, 0.336490631104, 0.0492612197995, 0.126296296716, 0.00451810099185, 4.74208500236e-05, 1.19202447024e-07], "mean": [0.0901999250054, 1.01458466053, 3.15357279778, 5.27286720276, 3.69600057602, 4.95811653137, 6.3476934433, 6.42703104019, 7.34624862671, 6.67186689377, 10.2447910309, 11.4876127243, 17.9142074585, 18.5474205017, 19.3896903992, 23.930431366, 31.2159729004, 38.7909851074, 34.7054138184, 26.9626674652, 26.074256897, 24.8915061951, 27.7639408112, 24.0647602081, 20.6234436035, 18.199930191, 14.8512821198, 10.720085144, 11.4530935287, 12.3982114792, 6.58700895309, 3.45205068588, 2.02171492577, 1.14308786392, 0.369688481092, 0.170763298869, 0.255966573954, 0.0520557537675, 0.00404980313033, 0.000229151919484]}, "zerocrossingrate": {"min": 0, "max": 0.5703125, "dvar2": 0.000603773165494, "median": 0.0810546875, "dmean2": 0.0208088569343, "dmean": 0.0184808894992, "var": 0.00233606342226, "dvar": 0.000559920503292, "mean": 0.0872404649854}, "spectral_contrast_coeffs": {"min": [-0.893898785114, -0.951737225056, -0.948420226574, -0.945170760155, -0.918008983135, -0.894725441933], "max": [-0.347607463598, -0.438156604767, -0.491290420294, -0.453289866447, -0.549579560757, -0.520660042763], "dvar2": [0.00517418561503, 0.00346319074742, 0.00250681932084, 0.00167679192964, 0.00109657156281, 0.00149188714568], "median": [-0.673132658005, -0.762255787849, -0.787155508995, -0.791190981865, -0.797995090485, -0.737941801548], "dmean2": [0.0877307802439, 0.0735872089863, 0.0626203492284, 0.0511456802487, 0.0374403297901, 0.0393139608204], "dmean": [0.0538376159966, 0.0451067462564, 0.039394211024, 0.0320630036294, 0.0233330260962, 0.027159191668], "var": [0.00738376146182, 0.00509161734954, 0.00511279981583, 0.00412364350632, 0.00287273456343, 0.00318169943057], "dvar": [0.0020840074867, 0.00134556833655, 0.00101447373163, 0.00071921304334, 0.00047528280993, 0.000795470317826], "mean": [-0.664115786552, -0.756979525089, -0.775232791901, -0.779920637608, -0.787524223328, -0.742245852947]}, "dissonance": {"min": 0.14895939827, "max": 0.500000119209, "dvar2": 0.000797215965576, "median": 0.483524411917, "dmean2": 0.0232474021614, "dmean": 0.0137722622603, "var": 0.000486138218548, "dvar": 0.000298100727377, "mean": 0.477197647095}, "spectral_energyband_high": {"min": 1.22674803649e-08, "max": 0.0216445699334, "dvar2": 5.54357711735e-06, "median": 0.000623276573606, "dmean2": 0.00130286149215, "dmean": 0.000842223875225, "var": 5.19430523127e-06, "dvar": 2.40784015659e-06, "mean": 0.00144811288919}, "spectral_skewness": {"min": -0.0525394007564, "max": 6.7038974762, "dvar2": 0.15702611208, "median": 1.24221873283, "dmean2": 0.359605401754, "dmean": 0.233056291938, "var": 0.194938376546, "dvar": 0.0663170814514, "mean": 1.30121707916}, "spectral_flux": {"min": 0.000178380811121, "max": 0.386834621429, "dvar2": 0.00355008174665, "median": 0.0603212155402, "dmean2": 0.0413033030927, "dmean": 0.0261977147311, "var": 0.00358440214768, "dvar": 0.00180604238994, "mean": 0.0783804804087}, "silence_rate_30dB": {"min": 0, "max": 1, "dvar2": 0.00618428504094, "median": 1, "dmean2": 0.00465386873111, "dmean": 0.00232670875266, "var": 0.00164525501896, "dvar": 0.00232149939984, "mean": 0.998352050781}, "spectral_energyband_middle_high": {"min": 5.53853407581e-09, "max": 0.117007784545, "dvar2": 2.58037234744e-05, "median": 0.0030860370025, "dmean2": 0.00256475131027, "dmean": 0.00170583999716, "var": 8.35551472846e-05, "dvar": 1.04784139694e-05, "mean": 0.00562124932185}, "barkbands_spread": {"min": 0.386406809092, "max": 149.35206604, "dvar2": 335.335540771, "median": 31.3185138702, "dmean2": 15.3326320648, "dmean": 9.63537597656, "var": 313.399017334, "dvar": 141.502960205, "mean": 32.6187438965}, "spectral_centroid": {"min": 164.666351318, "max": 6178.20947266, "dvar2": 480996.78125, "median": 1871.63793945, "dmean2": 561.751098633, "dmean": 353.695495605, "var": 496528.375, "dvar": 192104.6875, "mean": 1862.85424805}, "pitch_salience": {"min": 0.0608980990946, "max": 0.871524751186, "dvar2": 0.0198694076389, "median": 0.577400863171, "dmean2": 0.145237147808, "dmean": 0.0869684368372, "var": 0.0163993984461, "dvar": 0.00709255132824, "mean": 0.563458144665}, "erbbands_skewness": {"min": -4.22276735306, "max": 8.46156215668, "dvar2": 0.51758825779, "median": -0.0411323010921, "dmean2": 0.623857736588, "dmean": 0.404164433479, "var": 0.644199609756, "dvar": 0.214497640729, "mean": 0.00775358825922}, "erbbands_crest": {"min": 2.11806702614, "max": 34.2078704834, "dvar2": 16.2929325104, "median": 6.70088291168, "dmean2": 3.97535252571, "dmean": 2.47987365723, "var": 27.6381778717, "dvar": 6.8075633049, "mean": 8.31351184845}, "melbands": {"min": [3.69126738065e-08, 1.98518677053e-08, 3.03050362582e-09, 4.10677003515e-09, 3.55374951688e-09, 5.75215763909e-10, 1.06390327104e-10, 3.04159024356e-11, 8.44166611613e-11, 6.27841112433e-11, 1.82941422427e-11, 2.70596843543e-11, 2.78518215435e-11, 3.10588117725e-11, 1.33019359416e-11, 2.35622701905e-11, 1.65707447763e-11, 4.32089225511e-11, 3.04946276564e-11, 2.01157788343e-11, 3.67507795029e-11, 2.52982895049e-11, 2.99717577146e-11, 1.56773743293e-11, 1.5263575126e-11, 1.91827422003e-11, 2.29603280832e-11, 1.91594535376e-11, 1.81830470819e-11, 1.03465838328e-11, 3.29146050693e-11, 3.11140592457e-11, 3.89698516512e-11, 3.65170532701e-11, 2.67537606652e-11, 1.94819958776e-11, 2.81627759308e-11, 1.7038259692e-11, 1.58693475028e-11, 2.63080529583e-11], "max": [0.0369732193649, 0.0629302859306, 0.019901311025, 0.00591936800629, 0.00780701125041, 0.00370135880075, 0.00229489570484, 0.00163085281383, 0.00353533984162, 0.00679336115718, 0.0058207642287, 0.00227718427777, 0.00286547327414, 0.00205331994221, 0.00536128086969, 0.0114324176684, 0.00580490706488, 0.00795012991875, 0.00341904745437, 0.00399034097791, 0.00221821782179, 0.00281082536094, 0.00151222047862, 0.00190605316311, 0.00152739777695, 0.000690273300279, 0.000842362002004, 0.000481808849145, 0.0002547155309, 0.000171016727109, 0.000296956044622, 0.000291734817438, 0.000402700796258, 0.000156739028171, 0.000130899134092, 6.62499878672e-05, 6.17178302491e-05, 8.71678566909e-05, 2.76053142443e-05, 2.22554754146e-05], "dvar2": [1.24884418256e-05, 7.7882752521e-05, 8.9498307716e-06, 6.88462932885e-07, 2.16122714392e-07, 7.48430935005e-08, 3.35396208584e-08, 1.57377328946e-08, 4.62408635826e-08, 4.40334169127e-08, 2.17948894488e-08, 2.01284695578e-08, 1.46514862465e-08, 1.56367914173e-08, 4.40549818848e-08, 1.72503320073e-07, 8.42887928343e-08, 7.82456908155e-08, 1.75085173026e-08, 1.35232021137e-08, 6.3285741092e-09, 8.13488831852e-09, 4.06505895612e-09, 5.35849498107e-09, 2.75608158518e-09, 1.17660481358e-09, 1.309246489e-09, 1.01615860171e-09, 1.24737475904e-09, 3.6628286515e-10, 2.19233950438e-10, 1.4566785278e-10, 2.97307206631e-10, 2.57898369327e-10, 1.22270790714e-10, 1.99672257895e-11, 9.25072778796e-12, 6.41381305705e-12, 8.11597664074e-12, 2.50851422967e-12], "median": [0.000221481750486, 0.000428596977144, 0.000193524465431, 0.000147798535181, 0.000101588884718, 7.18812734704e-05, 4.66259589302e-05, 3.34359574481e-05, 3.01980580844e-05, 2.67832729151e-05, 2.88315623038e-05, 2.89005001832e-05, 2.40100725932e-05, 2.55426530202e-05, 2.17698725464e-05, 1.52259508468e-05, 1.46009588207e-05, 1.22960700537e-05, 9.58400687523e-06, 9.23088373384e-06, 1.03852162283e-05, 9.52381196839e-06, 8.85828922037e-06, 8.56524002302e-06, 6.85884060658e-06, 6.5277390604e-06, 5.18030810781e-06, 3.59586010745e-06, 2.90131652037e-06, 2.03322201742e-06, 1.36632581871e-06, 1.76611433744e-06, 2.54942619904e-06, 2.13428324969e-06, 9.68232370724e-07, 7.48986110466e-07, 4.08123128182e-07, 2.78238843521e-07, 2.21217916874e-07, 1.52820348376e-07], "dmean2": [0.00139515870251, 0.00302562001161, 0.00137118331622, 0.000404326652642, 0.000228408054681, 0.000136769696837, 9.72513516899e-05, 6.83514372213e-05, 8.42697190819e-05, 6.8339635618e-05, 6.84232218191e-05, 6.69725632179e-05, 5.62618442927e-05, 6.09965572949e-05, 6.61867961753e-05, 6.98707590345e-05, 7.02008255757e-05, 5.68711002416e-05, 3.86598221667e-05, 3.14835560857e-05, 2.74335889117e-05, 2.4976048735e-05, 2.26429983741e-05, 2.16071202885e-05, 1.70922903635e-05, 1.58516904776e-05, 1.38832183438e-05, 1.39953244798e-05, 1.49485840666e-05, 8.93376727618e-06, 6.83101052346e-06, 5.8803225329e-06, 7.82634378993e-06, 7.05359570929e-06, 4.49605067843e-06, 2.39159862758e-06, 1.5462006786e-06, 1.32081800075e-06, 1.68163614944e-06, 9.97694201033e-07], "dmean": [0.000810931902379, 0.00170819740742, 0.000818627479021, 0.000226138930884, 0.000136629736517, 8.53975434438e-05, 6.23443920631e-05, 4.35333131463e-05, 5.3900264902e-05, 4.3968360842e-05, 4.72904685012e-05, 4.3673615437e-05, 3.7128720578e-05, 3.9423644921e-05, 4.17714691139e-05, 4.31554763054e-05, 4.41047923232e-05, 3.71004534827e-05, 2.42525748035e-05, 2.05744217965e-05, 1.77691472345e-05, 1.57417962328e-05, 1.42339868034e-05, 1.40997663038e-05, 1.07664600364e-05, 9.767379197e-06, 8.69689210958e-06, 8.44774967845e-06, 8.61108674144e-06, 5.32392778041e-06, 4.10158054365e-06, 3.81367772206e-06, 4.83405756313e-06, 4.20860442318e-06, 2.70068039754e-06, 1.57050851612e-06, 1.16525029625e-06, 9.21725131775e-07, 1.04637297227e-06, 6.79116567426e-07], "var": [5.31558725925e-06, 1.9106118998e-05, 3.42019393429e-06, 2.3219462264e-07, 1.1948111478e-07, 5.28457064775e-08, 2.92288113712e-08, 1.21035572676e-08, 3.64630636795e-08, 2.18155520315e-08, 4.61870968138e-08, 2.11322142007e-08, 1.57520467781e-08, 1.306634001e-08, 3.31502434392e-08, 1.30471647708e-07, 8.26138375487e-08, 7.08870047106e-08, 1.7579276701e-08, 1.59225077567e-08, 4.43207959222e-09, 5.63490676342e-09, 3.53773788042e-09, 4.67800509441e-09, 2.3203174937e-09, 9.67440683119e-10, 9.959477687e-10, 5.81912351638e-10, 3.85073639642e-10, 1.50013404476e-10, 1.38061062582e-10, 1.37040878645e-10, 2.0388632449e-10, 1.42770170686e-10, 6.39253788792e-11, 2.58952165266e-11, 1.38435478358e-11, 9.38712302334e-12, 5.21238044046e-12, 2.31856569534e-12], "dvar": [4.47246338808e-06, 2.76057635347e-05, 3.61240768143e-06, 2.33428593788e-07, 8.06382587371e-08, 2.96681630374e-08, 1.39828131296e-08, 6.48749010068e-09, 1.91444993192e-08, 1.71167560126e-08, 1.1360837604e-08, 9.01084185045e-09, 6.82482426129e-09, 6.73275435403e-09, 1.83632486994e-08, 6.10058492612e-08, 3.35468151036e-08, 3.26709717058e-08, 7.66303820399e-09, 6.5351080103e-09, 2.71887468095e-09, 3.18028758883e-09, 1.62431446071e-09, 2.25549756649e-09, 1.22440468875e-09, 5.06327868521e-10, 5.54107981721e-10, 4.03591771114e-10, 4.46891523787e-10, 1.36665290196e-10, 8.87096160418e-11, 6.60343169034e-11, 1.17439113989e-10, 8.8765259032e-11, 4.34651238612e-11, 1.03771782833e-11, 5.14926165943e-12, 3.48024734032e-12, 3.19444449191e-12, 1.16569026567e-12], "mean": [0.000984897371382, 0.00162058381829, 0.000839342596009, 0.00030882350984, 0.000220599511522, 0.000150832769577, 0.000109977503598, 7.11544998921e-05, 9.06864588615e-05, 7.17302100384e-05, 9.05034175958e-05, 7.54568754928e-05, 6.27397821518e-05, 6.35041724308e-05, 6.39830104774e-05, 7.19635136193e-05, 7.32657135813e-05, 5.94572156842e-05, 3.87041436625e-05, 3.52625756932e-05, 2.89980707748e-05, 2.5978873964e-05, 2.45217579504e-05, 2.48455362453e-05, 1.87673795153e-05, 1.58524653671e-05, 1.35829977808e-05, 1.1660799828e-05, 9.95036407403e-06, 6.9020616138e-06, 5.95180654273e-06, 6.30307840765e-06, 7.39901952329e-06, 6.33977469988e-06, 3.93552363676e-06, 2.76305831903e-06, 1.80968470431e-06, 1.42826661431e-06, 1.22193432617e-06, 8.73460749062e-07]}, "spectral_entropy": {"min": 4.90173101425, "max": 9.06022930145, "dvar2": 0.105372667313, "median": 7.85417556763, "dmean2": 0.270052909851, "dmean": 0.185047417879, "var": 0.206074044108, "dvar": 0.0533945672214, "mean": 7.78545093536}, "spectral_rolloff": {"min": 21.533203125, "max": 15697.7050781, "dvar2": 6524821.5, "median": 2088.72070312, "dmean2": 1787.3137207, "dmean": 1057.87536621, "var": 4504470, "dvar": 2896126, "mean": 2440.32666016}, "barkbands": {"min": [9.34638033634e-10, 1.12694010568e-07, 4.9936583757e-09, 3.61687435557e-09, 1.6392345259e-08, 5.02662800272e-09, 2.66605848509e-10, 1.14197033774e-10, 4.4642878283e-10, 2.57642546186e-10, 1.86037546479e-10, 2.57145971183e-10, 3.00563213207e-10, 2.76661776821e-10, 4.59806054343e-10, 4.38211966713e-10, 4.22592461025e-10, 5.18814768924e-10, 4.63292987307e-10, 6.57324084052e-10, 7.67404695345e-10, 1.83030268719e-09, 1.8953640879e-09, 1.63206814729e-09, 2.03809280563e-09, 2.42403119799e-09, 1.27698351893e-09], "max": [0.0178173370659, 0.178576484323, 0.0918449312449, 0.0391554310918, 0.0254922099411, 0.0247818864882, 0.00974389538169, 0.0168817732483, 0.0402022451162, 0.0299349464476, 0.0212233997881, 0.0167131107301, 0.0976467356086, 0.0709738880396, 0.0527264587581, 0.042333945632, 0.0460358038545, 0.0335680730641, 0.0187799967825, 0.0164614394307, 0.00575879449025, 0.0128732118756, 0.00725510669872, 0.00507387286052, 0.00217917258851, 0.00123057840392, 0.000298376515275], "dvar2": [3.17358114899e-07, 0.000291174830636, 0.000297298101941, 3.42675957654e-05, 1.24531170513e-05, 2.49075310421e-06, 7.00822170074e-07, 6.80271909914e-07, 2.10327493733e-06, 1.00170939277e-06, 1.04269918211e-06, 1.38545544814e-06, 1.01476780401e-05, 1.01222221929e-05, 5.20170851814e-06, 1.77816366431e-06, 1.99430974135e-06, 1.74329386482e-06, 7.40572033919e-07, 8.50736000757e-07, 7.5600519267e-07, 5.35018671144e-07, 3.27603061123e-07, 3.99062827228e-08, 2.35130936943e-08, 2.46478073507e-08, 3.70572972308e-09], "median": [0.000127085193526, 0.000924158259295, 0.000516753876582, 0.00030263789813, 0.000687647494487, 0.00039561180165, 0.000208025841857, 0.000134032277856, 0.000196295382921, 0.000193857442355, 0.000144768855534, 0.000241510220803, 0.000160211551702, 0.000155080953846, 0.000125816266518, 0.00013937226322, 0.000163392018294, 0.000188533798791, 0.000181596245966, 0.000132504763315, 9.34595664148e-05, 0.00012586748926, 7.38879753044e-05, 3.21222323691e-05, 1.34176980282e-05, 7.32665648684e-06, 7.37089351333e-07], "dmean2": [0.000255550083239, 0.00625185389072, 0.00641299271956, 0.00247638346627, 0.00174625474028, 0.000749393831939, 0.000464307726361, 0.000372156966478, 0.000505097093992, 0.000502268434502, 0.000439933326561, 0.000572947203182, 0.000644007639494, 0.000765421369579, 0.000535809725989, 0.000419924705056, 0.000435621856013, 0.000420449010562, 0.000396430550609, 0.000418118725065, 0.000399312149966, 0.000349190609995, 0.000240483699599, 0.00011953869398, 9.1652633273e-05, 0.0001123783004, 3.71221576643e-05], "dmean": [0.000211871432839, 0.00358131248504, 0.00359656498767, 0.00147875829134, 0.000977664603852, 0.000471495324746, 0.000298754282994, 0.00023363197397, 0.000327494461089, 0.000336550961947, 0.000289334187983, 0.000366303283954, 0.000400438264478, 0.000485379539896, 0.000338260200806, 0.000273860234302, 0.00027622532798, 0.000274487712886, 0.000246465380769, 0.000255976017797, 0.000235827217693, 0.000219858426135, 0.000150467618369, 8.59453939484e-05, 6.01484025538e-05, 8.23300579214e-05, 2.38836491917e-05], "var": [4.2890695795e-07, 0.000100185723568, 6.76415220369e-05, 1.2745861568e-05, 4.22082121077e-06, 1.7459111632e-06, 6.17978002992e-07, 5.10051052061e-07, 1.26996883409e-06, 1.7822828795e-06, 1.04962066416e-06, 1.06019433588e-06, 1.02709036582e-05, 9.75688544713e-06, 4.18819399783e-06, 1.95910843104e-06, 1.49036407038e-06, 1.61832610956e-06, 7.07097797203e-07, 5.412348969e-07, 3.03585323991e-07, 4.34393541582e-07, 2.18166462673e-07, 7.11976824164e-08, 1.87476416613e-08, 2.38587940515e-08, 2.85995960247e-09], "dvar": [2.08890327258e-07, 0.000102832062112, 0.000104390550405, 1.37431352414e-05, 4.12417784901e-06, 9.97230586108e-07, 2.9539080515e-07, 2.73955976127e-07, 8.52416860653e-07, 4.98282986428e-07, 4.73772786336e-07, 5.77075581987e-07, 3.82499138141e-06, 3.98701058657e-06, 2.06532990887e-06, 8.41150608721e-07, 8.11736072137e-07, 7.29003772904e-07, 3.26519597138e-07, 3.38996613891e-07, 2.81025791082e-07, 2.16446721879e-07, 1.23913636685e-07, 2.37194779373e-08, 9.99192550921e-09, 1.45147316388e-08, 1.66357927434e-09], "mean": [0.000353038543835, 0.00407915143296, 0.00301173748448, 0.00149185536429, 0.00137420766987, 0.000840905937366, 0.000508888217155, 0.000356242322596, 0.00054848898435, 0.000608193920925, 0.000465222226921, 0.00058332097251, 0.000695362163242, 0.000790421559941, 0.000536434527021, 0.0004665957822, 0.000457522022771, 0.000506561889779, 0.000425289967097, 0.000381620950066, 0.000309877010295, 0.000362888386007, 0.000248554890277, 0.000136512884637, 7.54776337999e-05, 9.47107037064e-05, 2.55209579336e-05]}, "melbands_flatness_db": {"min": 0.0144362747669, "max": 0.569483458996, "dvar2": 0.00289470516145, "median": 0.14680185914, "dmean2": 0.0500197485089, "dmean": 0.0319462157786, "var": 0.00521321548149, "dvar": 0.00119028741028, "mean": 0.161929920316}, "melbands_skewness": {"min": -4.64230203629, "max": 20.4618473053, "dvar2": 4.44622468948, "median": 1.9502594471, "dmean2": 1.48817372322, "dmean": 0.941284000874, "var": 4.83810567856, "dvar": 1.74655461311, "mean": 2.39777874947}, "barkbands_skewness": {"min": -6.10221099854, "max": 20.166852951, "dvar2": 1.97123265266, "median": 0.787125229836, "dmean2": 1.02815580368, "dmean": 0.653485417366, "var": 2.60109162331, "dvar": 0.811721205711, "mean": 1.08354723454}, "silence_rate_60dB": {"min": 0, "max": 1, "dvar2": 0.0820091515779, "median": 0, "dmean2": 0.0750436335802, "dmean": 0.0375181771815, "var": 0.104052715003, "dvar": 0.0361071303487, "mean": 0.11797208339}, "spectral_energyband_low": {"min": 1.584847098e-07, "max": 0.253576934338, "dvar2": 0.00097148300847, "median": 0.00239040097222, "dmean2": 0.0129584204406, "dmean": 0.00752677442506, "var": 0.000307367095957, "dvar": 0.000351984228473, "mean": 0.00833352748305}, "spectral_energyband_middle_low": {"min": 3.70433319574e-08, "max": 0.0702779367566, "dvar2": 6.03965490882e-05, "median": 0.00357385072857, "dmean2": 0.00414696382359, "dmean": 0.0026617301628, "var": 4.12339068134e-05, "dvar": 2.68117528321e-05, "mean": 0.00532256811857}, "melbands_kurtosis": {"min": -1.90828001499, "max": 837.262573242, "dvar2": 2936.27905273, "median": 4.16537761688, "dmean2": 18.1041488647, "dmean": 10.5686817169, "var": 1599.52832031, "dvar": 1041.10571289, "mean": 14.0290050507}, "spectral_decrease": {"min": -6.91639598926e-08, "max": 1.34545439026e-11, "dvar2": 6.96486538991e-17, "median": -2.75473710509e-09, "dmean2": 3.99711685972e-09, "dmean": 2.45238251928e-09, "var": 3.2241561366e-17, "dvar": 2.64833354376e-17, "mean": -4.68161864831e-09}, "erbbands_kurtosis": {"min": -1.84921741486, "max": 96.6159515381, "dvar2": 23.323507309, "median": -0.278172492981, "dmean2": 1.80603504181, "dmean": 1.12139678001, "var": 12.1990890503, "dvar": 9.02868652344, "mean": 0.555317461491}, "melbands_crest": {"min": 2.85387182236, "max": 36.1433944702, "dvar2": 29.3046092987, "median": 12.4101905823, "dmean2": 6.1510848999, "dmean": 3.77320122719, "var": 31.6941604614, "dvar": 11.3709573746, "mean": 13.3722877502}, "gfcc": {"cov": [[8744.68945312, -927.360534668, 317.111877441, 222.078475952, -495.810455322, -50.0119743347, -127.314048767, 172.358718872, 136.230072021, 16.7804088593, -300.52041626, -97.1826782227, -211.767501831], [-927.360534668, 1786.83703613, -509.929656982, 294.938720703, -10.1542606354, -109.950325012, 86.0443344116, -82.8607635498, 146.465942383, -144.10824585, 93.6145858765, -71.4688873291, 93.3367767334], [317.111877441, -509.929656982, 1416.72143555, -18.6696090698, 161.791473389, 16.5297813416, -25.5846424103, 82.4961547852, -72.1305389404, 117.528442383, -154.264053345, 14.3544883728, -60.3166427612], [222.078475952, 294.938720703, -18.6696090698, 534.748291016, -1.50493133068, 54.418888092, 97.8815231323, -38.0517539978, 76.5087432861, -49.7816696167, 10.0783462524, -61.1893043518, 20.0124225616], [-495.810455322, -10.1542606354, 161.791473389, -1.50493133068, 370.231536865, 83.4368972778, 90.0832061768, 8.40828323364, -55.1746673584, 72.7063217163, 16.2676410675, 45.1963920593, -18.3503627777], [-50.0119743347, -109.950325012, 16.5297813416, 54.418888092, 83.4368972778, 204.016693115, 83.8408126831, 39.7495727539, -25.2832107544, 28.5503997803, 25.7119464874, 7.76310968399, 2.38237214088], [-127.314048767, 86.0443344116, -25.5846424103, 97.8815231323, 90.0832061768, 83.8408126831, 201.871261597, 38.880695343, 0.808608114719, 2.8028523922, 20.955411911, 7.27531909943, -10.2351016998], [172.358718872, -82.8607635498, 82.4961547852, -38.0517539978, 8.40828323364, 39.7495727539, 38.880695343, 160.738357544, 38.4244613647, 44.401134491, -16.3061599731, 25.9834289551, 0.598522782326], [136.230072021, 146.465942383, -72.1305389404, 76.5087432861, -55.1746673584, -25.2832107544, 0.808608114719, 38.4244613647, 152.450714111, 2.2210316658, -4.64771699905, -19.7864055634, 12.8023118973], [16.7804088593, -144.10824585, 117.528442383, -49.7816696167, 72.7063217163, 28.5503997803, 2.8028523922, 44.401134491, 2.2210316658, 135.801651001, 14.1039943695, 22.8504085541, -7.92888975143], [-300.52041626, 93.6145858765, -154.264053345, 10.0783462524, 16.2676410675, 25.7119464874, 20.955411911, -16.3061599731, -4.64771699905, 14.1039943695, 113.31778717, 38.0188484192, 18.6019706726], [-97.1826782227, -71.4688873291, 14.3544883728, -61.1893043518, 45.1963920593, 7.76310968399, 7.27531909943, 25.9834289551, -19.7864055634, 22.8504085541, 38.0188484192, 107.01423645, 13.2979879379], [-211.767501831, 93.3367767334, -60.3166427612, 20.0124225616, -18.3503627777, 2.38237214088, -10.2351016998, 0.598522782326, 12.8023118973, -7.92888975143, 18.6019706726, 13.2979879379, 90.4603271484]], "icov": [[0.000160830517416, 5.78046019655e-05, 3.16979239869e-05, -0.000160889336257, 0.000229968049098, -2.44910170295e-05, 7.601147081e-05, -0.000121347402455, -3.03414144582e-05, -0.000118075644423, 0.000378410884878, -0.000143136276165, 0.000367459462723], [5.78046019655e-05, 0.000952256319579, 0.000148891514982, -0.000285838119453, -0.000383711012546, 0.000786806456745, -0.000347355438862, -4.89235353598e-05, -0.000637450721115, 0.000764985743444, -0.000725883815903, 0.000699046882801, -0.000618467864115], [3.16979239869e-05, 0.000148891514982, 0.00108734110836, -0.000392951216782, -0.000312436430249, 0.000175811379449, 0.000305193127133, -0.000411441666074, 0.000544584530871, -0.000763980846386, 0.00155940069817, -0.000370371446479, 0.000291506672511], [-0.000160889336257, -0.000285838119453, -0.000392951216782, 0.00300983455963, -0.000100315017335, -0.000890589260962, -0.00135531835258, 0.00137996615376, -0.00160638615489, 0.000827402342111, -0.00075465120608, 0.00120590173174, -0.00089118181495], [0.000229968049098, -0.000383711012546, -0.000312436430249, -0.000100315017335, 0.00460283271968, -0.00124344578944, -0.00138565408997, 0.000982369878329, 0.00100313406438, -0.00244944985025, 0.0013408557279, -0.00197915453464, 0.00120986322872], [-2.44910170295e-05, 0.000786806456745, 0.000175811379449, -0.000890589260962, -0.00124344578944, 0.00770000508055, -0.00204812851734, -0.00204730406404, 0.00141926668584, -4.85769305669e-05, -0.00221222289838, 0.00178624747787, -0.00124091340695], [7.601147081e-05, -0.000347355438862, 0.000305193127133, -0.00135531835258, -0.00138565408997, -0.00204812851734, 0.00791922770441, -0.00244799908251, 0.000598306942265, 0.000869291077834, -0.000397530180635, -0.000352682662196, 0.00184985261876], [-0.000121347402455, -4.89235353598e-05, -0.000411441666074, 0.00137996615376, 0.000982369878329, -0.00204730406404, -0.00244799908251, 0.0100606204942, -0.00342997489497, -0.00228343647905, 0.00244970805943, -0.00276941829361, -0.000714924186468], [-3.03414144582e-05, -0.000637450721115, 0.000544584530871, -0.00160638615489, 0.00100313406438, 0.00141926668584, 0.000598306942265, -0.00342997489497, 0.00990109331906, -0.00184661173262, 0.000655232579447, 0.000845221686177, -0.000260402157437], [-0.000118075644423, 0.000764985743444, -0.000763980846386, 0.000827402342111, -0.00244944985025, -4.85769305669e-05, 0.000869291077834, -0.00228343647905, -0.00184661173262, 0.0114419264719, -0.00404994329438, 0.00119401142001, -0.000218791130465], [0.000378410884878, -0.000725883815903, 0.00155940069817, -0.00075465120608, 0.0013408557279, -0.00221222289838, -0.000397530180635, 0.00244970805943, 0.000655232579447, -0.00404994329438, 0.0160111095756, -0.00649819429964, 0.000325692410115], [-0.000143136276165, 0.000699046882801, -0.000370371446479, 0.00120590173174, -0.00197915453464, 0.00178624747787, -0.000352682662196, -0.00276941829361, 0.000845221686177, 0.00119401142001, -0.00649819429964, 0.0143853602931, -0.00283359130844], [0.000367459462723, -0.000618467864115, 0.000291506672511, -0.00089118181495, 0.00120986322872, -0.00124091340695, 0.00184985261876, -0.000714924186468, -0.000260402157437, -0.000218791130465, 0.000325692410115, -0.00283359130844, 0.0138038387522]], "mean": [-13.5159339905, 65.1458206177, -121.429710388, 36.6744117737, -49.7250823975, 13.9027528763, -28.821182251, 2.01229047775, -22.3362808228, -1.69439733028, -14.3300247192, 3.95793652534, -14.4239177704]}, "melbands_spread": {"min": 0.453160732985, "max": 303.884521484, "dvar2": 494.500976562, "median": 33.2383728027, "dmean2": 18.1602172852, "dmean": 11.5901374817, "var": 598.904296875, "dvar": 229.216842651, "mean": 35.7024116516}, "spectral_energy": {"min": 2.58335973058e-07, "max": 0.263962298632, "dvar2": 0.00102924730163, "median": 0.0118162594736, "dmean2": 0.0156685691327, "dmean": 0.00975134130567, "var": 0.000532808189746, "dvar": 0.000397708761739, "mean": 0.0197345465422}, "mfcc": {"cov": [[8910.02734375, -809.695373535, 90.9110031128, 107.507392883, -371.37689209, -126.056358337, -402.444519043, 88.2426223755, 4.56705474854, 238.961364746, 96.1553497314, -249.816268921, -224.97807312], [-809.695373535, 1140.02294922, -187.100799561, 126.58241272, -1.9782679081, -23.7823791504, -41.5942420959, 28.9040412903, -34.5852394104, 13.0546970367, 4.7091050148, -49.8613128662, -2.3548412323], [90.9110031128, -187.100799561, 855.715942383, 119.192634583, 114.742416382, 0.469780534506, 27.7323169708, -40.6840133667, 99.4009780884, 29.1358547211, -43.7316741943, -10.153927803, -20.3126392365], [107.507392883, 126.58241272, 119.192634583, 398.518157959, 25.6854457855, 115.19858551, -2.59248447418, 43.9478263855, 21.2430114746, 41.7103157043, -9.90181350708, -3.87112736702, 6.32003641129], [-371.37689209, -1.9782679081, 114.742416382, 25.6854457855, 219.745513916, 53.8138923645, 73.1361465454, -33.2276153564, 33.448184967, -8.06733703613, 2.39313006401, 25.4255390167, 19.5585002899], [-126.056358337, -23.7823791504, 0.469780534506, 115.19858551, 53.8138923645, 198.967941284, 93.935043335, 24.7670783997, 8.64247989655, 9.81707286835, 6.91693592072, 36.0344619751, 11.1444177628], [-402.444519043, -41.5942420959, 27.7323169708, -2.59248447418, 73.1361465454, 93.935043335, 246.181869507, 28.6301040649, 39.0720367432, -27.2305412292, 12.5679750443, 68.0171127319, 37.4217224121], [88.2426223755, 28.9040412903, -40.6840133667, 43.9478263855, -33.2276153564, 24.7670783997, 28.6301040649, 151.727737427, 23.0315284729, 15.9300136566, 10.1412906647, -0.850047409534, 23.9282112122], [4.56705474854, -34.5852394104, 99.4009780884, 21.2430114746, 33.448184967, 8.64247989655, 39.0720367432, 23.0315284729, 128.640655518, 51.9547996521, 5.45956850052, 7.0971159935, -5.39048624039], [238.961364746, 13.0546970367, 29.1358547211, 41.7103157043, -8.06733703613, 9.81707286835, -27.2305412292, 15.9300136566, 51.9547996521, 115.579177856, 45.1137084961, -19.9412956238, -30.3537597656], [96.1553497314, 4.7091050148, -43.7316741943, -9.90181350708, 2.39313006401, 6.91693592072, 12.5679750443, 10.1412906647, 5.45956850052, 45.1137084961, 98.5101013184, 23.1722507477, -17.8275318146], [-249.816268921, -49.8613128662, -10.153927803, -3.87112736702, 25.4255390167, 36.0344619751, 68.0171127319, -0.850047409534, 7.0971159935, -19.9412956238, 23.1722507477, 110.305938721, 51.4542350769], [-224.97807312, -2.3548412323, -20.3126392365, 6.32003641129, 19.5585002899, 11.1444177628, 37.4217224121, 23.9282112122, -5.39048624039, -30.3537597656, -17.8275318146, 51.4542350769, 131.954284668]], "icov": [[0.000154653884238, 0.000139835610753, -8.37028528622e-06, -8.26546383905e-05, 0.000172791624209, 2.29118431889e-05, 0.000132523287903, -7.23541452317e-05, 2.87672773993e-05, -0.000135669004521, -0.000175041379407, 0.000262180925347, 6.09202179476e-05], [0.000139835610753, 0.00114908092655, 0.000304381508613, -0.000606794725172, -0.000109525928565, 0.000509604928084, -8.1336211224e-06, -0.000144806210301, 0.000251268851571, -0.000220894304221, -0.000211538077565, 0.000695598893799, -3.76929619961e-06], [-8.37028528622e-06, 0.000304381508613, 0.00160853459965, -0.000685064471327, -0.000722933211364, 0.000678537006024, -0.000234209452174, 0.000397771829739, -0.000826401636004, -0.000249749631621, 0.000812138954643, 2.03144609259e-05, 0.00032631465001], [-8.26546383905e-05, -0.000606794725172, -0.000685064471327, 0.00390600832179, -4.21389631811e-05, -0.00264130788855, 0.000973370508291, -0.000835874176119, 0.000109304201033, -0.00092157459585, 0.000776781875174, -0.000308233837131, -0.000321825034916], [0.000172791624209, -0.000109525928565, -0.000722933211364, -4.21389631811e-05, 0.00648346357048, -0.00151980074588, -0.000863752909936, 0.00198939605616, -0.00165630935226, 0.00116223213263, -0.00152018561494, 0.00100150168873, -0.00116126507055], [2.29118431889e-05, 0.000509604928084, 0.000678537006024, -0.00264130788855, -0.00151980074588, 0.00883557181805, -0.00314472266473, -0.000698373594787, 0.00191205518786, -0.00221757846884, 0.00141672184691, -0.00173805141822, 0.0012137691956], [0.000132523287903, -8.1336211224e-06, -0.000234209452174, 0.000973370508291, -0.000863752909936, -0.00314472266473, 0.00725456699729, -0.00126193801407, -0.00252260547131, 0.00284827616997, -0.00145135261118, -0.00186894799117, -0.000206943266676], [-7.23541452317e-05, -0.000144806210301, 0.000397771829739, -0.000835874176119, 0.00198939605616, -0.000698373594787, -0.00126193801407, 0.00858805049211, -0.00211997353472, 0.000337622128427, -0.00152455759235, 0.00206681806594, -0.00248086825013], [2.87672773993e-05, 0.000251268851571, -0.000826401636004, 0.000109304201033, -0.00165630935226, 0.00191205518786, -0.00252260547131, -0.00211997353472, 0.0131095452234, -0.00789074506611, 0.00366269703954, -0.00218303897418, 0.00117144046817], [-0.000135669004521, -0.000220894304221, -0.000249749631621, -0.00092157459585, 0.00116223213263, -0.00221757846884, 0.00284827616997, 0.000337622128427, -0.00789074506611, 0.0180021803826, -0.00906127691269, 0.00391298905015, -1.48277576955e-05], [-0.000175041379407, -0.000211538077565, 0.000812138954643, 0.000776781875174, -0.00152018561494, 0.00141672184691, -0.00145135261118, -0.00152455759235, 0.00366269703954, -0.00906127691269, 0.017257053405, -0.0068127582781, 0.00363262672909], [0.000262180925347, 0.000695598893799, 2.03144609259e-05, -0.000308233837131, 0.00100150168873, -0.00173805141822, -0.00186894799117, 0.00206681806594, -0.00218303897418, 0.00391298905015, -0.0068127582781, 0.0165089536458, -0.00591609859839], [6.09202179476e-05, -3.76929619961e-06, 0.00032631465001, -0.000321825034916, -0.00116126507055, 0.0012137691956, -0.000206943266676, -0.00248086825013, 0.00117144046817, -1.48277576955e-05, 0.00363262672909, -0.00591609859839, 0.0111681520939]], "mean": [-655.599304199, 97.0552139282, -7.82563018799, 25.7810764313, 2.32434129715, 12.837480545, 2.20622587204, 9.01193523407, -3.69669055939, -0.156518876553, -0.956049501896, -1.54508304596, 2.0620765686]}, "spectral_contrast_valleys": {"min": [-11.9893484116, -13.3935375214, -13.6943149567, -13.5916891098, -13.3860931396, -14.669968605], "max": [-5.38553571701, -4.75594043732, -5.35752773285, -4.99674749374, -5.30677843094, -7.53814935684], "dvar2": [0.3819873631, 0.319683164358, 0.234694883227, 0.206100046635, 0.298832207918, 0.598859429359], "median": [-7.46260929108, -7.03344535828, -7.34013462067, -7.61039066315, -7.32675552368, -10.1281528473], "dmean2": [0.711106538773, 0.618905127048, 0.522410273552, 0.460075169802, 0.425995409489, 0.58197593689], "dmean": [0.444844007492, 0.393574982882, 0.34311747551, 0.309156775475, 0.295494198799, 0.483004689217], "var": [1.23668003082, 1.01064682007, 0.911970973015, 0.882184505463, 1.00709283352, 1.52879989147], "dvar": [0.184334412217, 0.14982637763, 0.11478883028, 0.107347629964, 0.148572877049, 0.355084359646], "mean": [-7.69633579254, -7.2129650116, -7.52183198929, -7.74038267136, -7.48281860352, -10.1890277863]}, "barkbands_flatness_db": {"min": 0.00832570251077, "max": 0.424605727196, "dvar2": 0.0018222683575, "median": 0.0944468304515, "dmean2": 0.0398036390543, "dmean": 0.0258047766984, "var": 0.00346979708411, "dvar": 0.00075928948354, "mean": 0.105373434722}, "dynamic_complexity": 3.85989189148, "erbbands_flatness_db": {"min": 0.0361206382513, "max": 0.475367635489, "dvar2": 0.00105515192263, "median": 0.134393244982, "dmean2": 0.0299934204668, "dmean": 0.0228395797312, "var": 0.0