{"lowlevel": {"spectral_complexity": {"min": 0, "max": 48, "dvar2": 24.8365898132, "median": 12, "dmean2": 3.94500827789, "dmean": 2.66208481789, "var": 66.1421203613, "dvar": 12.8046770096, "mean": 13.3849802017}, "silence_rate_20dB": {"min": 1, "max": 1, "dvar2": 0, "median": 1, "dmean2": 0, "dmean": 0, "var": 0, "dvar": 0, "mean": 1}, "average_loudness": 0.937262237072, "erbbands_spread": {"min": 2.28979563713, "max": 211.212249756, "dvar2": 418.049987793, "median": 31.089050293, "dmean2": 14.1758966446, "dmean": 9.33070278168, "var": 532.604858398, "dvar": 186.765563965, "mean": 37.143371582}, "spectral_kurtosis": {"min": -1.32963764668, "max": 67.2972717285, "dvar2": 30.957239151, "median": 4.27068805695, "dmean2": 3.70624136925, "dmean": 2.30122947693, "var": 48.3084411621, "dvar": 12.0299882889, "mean": 6.37032222748}, "barkbands_kurtosis": {"min": -1.94833385944, "max": 208.323577881, "dvar2": 117.801475525, "median": 5.63390874863, "dmean2": 5.95669221878, "dmean": 3.85740685463, "var": 242.176361084, "dvar": 49.9130172729, "mean": 9.76805973053}, "spectral_strongpeak": {"min": 0, "max": 13.4174051285, "dvar2": 1.90516710281, "median": 0.478986442089, "dmean2": 0.705257534981, "dmean": 0.421310693026, "var": 1.02012813091, "dvar": 0.76673835516, "mean": 0.833572864532}, "spectral_spread": {"min": 1345416.75, "max": 40213424, "dvar2": 2478146584580.0, "median": 4511723, "dmean2": 1076126, "dmean": 762303.5625, "var": 4988805316610.0, "dvar": 1431605739520.0, "mean": 4902068.5}, "spectral_rms": {"min": 3.24006229832e-12, "max": 0.011700341478, "dvar2": 2.32640377362e-06, "median": 0.00518792681396, "dmean2": 0.00111070123967, "dmean": 0.000763817050029, "var": 5.17251146448e-06, "dvar": 1.13949374736e-06, "mean": 0.00499441288412}, "erbbands": {"min": [9.18140692546e-22, 8.22342413763e-21, 3.06501985523e-20, 5.99358398997e-20, 8.30981765962e-20, 6.62214496651e-20, 2.24278019281e-20, 2.05578435081e-19, 4.53218616569e-19, 1.84974438772e-18, 2.23823265754e-18, 9.11516328894e-19, 2.29607719098e-18, 1.43234026183e-18, 2.2151307438e-18, 2.81262894284e-18, 4.83254133977e-18, 6.45542586102e-18, 1.20344249117e-17, 6.08942242821e-18, 7.24015473736e-18, 1.06452743346e-17, 8.36598973726e-18, 9.51863531517e-18, 2.03785291043e-17, 2.51280380542e-17, 1.53024442855e-17, 1.55206065547e-17, 1.9585327417e-17, 2.20912413042e-17, 2.08118658662e-17, 1.55889449081e-17, 1.27384499116e-17, 1.25681350778e-17, 8.92219259858e-18, 7.74848534791e-18, 3.59628765426e-18, 1.44971767214e-18, 3.30583662385e-19, 2.92577401575e-20], "max": [1.59713101387, 27.9792823792, 89.4504013062, 99.294670105, 234.691207886, 259.971374512, 415.964904785, 504.415985107, 1276.48779297, 1125.05297852, 2538.21020508, 2098.20043945, 1210.29101562, 1959.62548828, 735.444946289, 792.99621582, 1140.50146484, 1100.89404297, 657.005249023, 1224.97680664, 645.219299316, 622.62121582, 780.405883789, 939.666442871, 421.846313477, 261.551971436, 475.261047363, 613.040771484, 1011.13977051, 1136.99621582, 645.582214355, 464.22857666, 213.774551392, 178.945037842, 88.9242095947, 34.5859375, 10.0152750015, 1.49760258198, 0.204448059201, 0.00611681118608], "dvar2": [0.0472912825644, 11.4010896683, 76.7889099121, 48.7161102295, 872.292297363, 1022.16516113, 694.477905273, 1030.87976074, 1715.30993652, 6085.99560547, 21345.84375, 12102.7353516, 3431.02514648, 4730.93652344, 3506.17700195, 3031.3215332, 5593.16601562, 3011.4675293, 1784.17736816, 2536.63916016, 473.819030762, 685.659973145, 629.430969238, 659.949768066, 397.154663086, 269.108886719, 397.311248779, 879.133850098, 1641.0378418, 2104.21264648, 1427.32177734, 513.451843262, 170.833770752, 95.2559127808, 24.0257873535, 4.28161621094, 0.377538949251, 0.0208511445671, 0.000299721054034, 8.14032262042e-07], "median": [0.0987717881799, 1.58501398563, 3.16591882706, 3.55825328827, 4.57966995239, 6.16637420654, 6.86431932449, 9.50740146637, 8.83458423615, 10.8698005676, 6.72702789307, 10.0280361176, 7.90361213684, 6.98182535172, 8.03926849365, 4.96868562698, 4.28467035294, 4.74777650833, 2.79494714737, 2.45109772682, 1.86820721626, 1.67753267288, 2.12459588051, 2.68419599533, 2.406001091, 2.03951931, 1.46619462967, 1.24553155899, 1.28849196434, 1.22978532314, 0.771431922913, 0.425837934017, 0.193564474583, 0.0933412313461, 0.0483397766948, 0.0205235369503, 0.00612721126527, 0.00101924105547, 0.000118442141684, 4.0775135858e-05], "dmean2": [0.103547662497, 1.6404260397, 3.9784784317, 3.68533325195, 10.7629871368, 12.8646345139, 13.7128095627, 14.9421424866, 13.8378124237, 26.7855300903, 40.7432174683, 34.3543930054, 19.3037261963, 21.8675708771, 21.0783519745, 16.4329204559, 19.1540641785, 16.7390785217, 12.7263736725, 12.749548912, 7.06656694412, 6.06687736511, 6.84501075745, 8.52628898621, 7.31512260437, 6.314473629, 5.32746887207, 6.72848129272, 7.28128433228, 7.90509939194, 7.37180519104, 5.0101518631, 2.72574663162, 1.94174873829, 1.29937934875, 0.606347203255, 0.190984576941, 0.0439782217145, 0.00505824526772, 0.00027215242153], "dmean": [0.0602907724679, 0.968679666519, 2.44104886055, 2.31210041046, 6.4817032814, 8.09426403046, 8.41764163971, 9.58753013611, 8.79693984985, 16.9524421692, 27.0384044647, 23.3655776978, 13.463722229, 15.0242519379, 14.6507902145, 10.912820816, 12.4250211716, 11.0879526138, 8.34806060791, 8.62261867523, 4.7997045517, 3.97317504883, 4.48801708221, 5.87728595734, 4.93358278275, 4.23050308228, 3.49931502342, 4.32675743103, 4.9496088028, 5.24775409698, 4.96353912354, 3.39876103401, 1.80253076553, 1.26532006264, 0.807666480541, 0.377230912447, 0.118527457118, 0.0266588144004, 0.00305040832609, 0.000163706281455], "var": [0.0227562021464, 6.11629772186, 79.8410186768, 46.5950469971, 328.749084473, 496.586669922, 454.663330078, 838.469177246, 1431.12548828, 3853.1574707, 14055.1621094, 7883.140625, 4088.03637695, 5023.83349609, 4092.04052734, 2004.8828125, 2806.70581055, 1857.65209961, 1266.02954102, 1879.46630859, 504.82800293, 517.296813965, 615.961791992, 1051.63110352, 473.177764893, 275.516479492, 264.36517334, 622.489013672, 927.852600098, 977.057189941, 855.471313477, 408.620269775, 127.934883118, 57.6951332092, 14.7754878998, 2.45364737511, 0.217767551541, 0.00898823700845, 0.000104243277747, 2.47175734103e-07], "dvar": [0.0166862662882, 4.22859859467, 31.3227405548, 20.225440979, 352.127685547, 432.304077148, 277.24822998, 432.082794189, 763.911499023, 2579.26147461, 9349.22851562, 5278.25439453, 1551.78771973, 2261.58569336, 1718.62487793, 1322.54956055, 2353.66723633, 1262.37780762, 770.47253418, 1113.6661377, 237.564987183, 278.278869629, 273.288421631, 357.2527771, 180.250610352, 123.654556274, 170.074234009, 399.578887939, 737.872497559, 888.611694336, 635.544921875, 244.545578003, 79.3541946411, 41.326877594, 10.7487640381, 1.8760535717, 0.165915563703, 0.00859707314521, 0.000117794297694, 3.13824813247e-07], "mean": [0.132582783699, 2.28360700607, 5.87091159821, 5.5762887001, 9.06006526947, 12.4097394943, 14.2860383987, 19.6231460571, 19.462392807, 30.3555660248, 44.4790992737, 39.279384613, 28.0654239655, 29.7172031403, 28.9845256805, 17.6977386475, 17.0879096985, 17.1907463074, 12.8596429825, 12.694524765, 7.45180511475, 6.45413017273, 7.76056194305, 11.2470397949, 9.47523403168, 7.580930233, 6.04375934601, 6.94718837738, 7.32312631607, 7.48972606659, 6.79630851746, 4.48062944412, 2.29341101646, 1.47328960896, 0.847714185715, 0.377755075693, 0.115145459771, 0.0234467219561, 0.00256954971701, 0.000160241106641]}, "zerocrossingrate": {"min": 0.00244140625, "max": 0.7802734375, "dvar2": 0.000390352273826, "median": 0.0361328125, "dmean2": 0.0123391309753, "dmean": 0.0110445367172, "var": 0.00259914458729, "dvar": 0.000388182263123, "mean": 0.0471521355212}, "spectral_contrast_coeffs": {"min": [-0.96209025383, -0.953408002853, -0.956685483456, -0.957946717739, -0.965185403824, -0.960153520107], "max": [-0.308470875025, -0.380012124777, -0.423535972834, -0.51090413332, -0.555046141148, -0.591868758202], "dvar2": [0.00466024037451, 0.00410134438425, 0.00236938335001, 0.00186667195521, 0.00100485724397, 0.000742583943065], "median": [-0.653122425079, -0.683103561401, -0.727662920952, -0.766576051712, -0.802180528641, -0.767022252083], "dmean2": [0.0762523338199, 0.0722205936909, 0.056546356529, 0.0501918457448, 0.0358590222895, 0.0292018353939], "dmean": [0.0466441884637, 0.0451835542917, 0.0370655171573, 0.0321856848896, 0.0233374200761, 0.0194069128484], "var": [0.00710364896804, 0.00635997205973, 0.00607798341662, 0.00448998948559, 0.00311587611213, 0.0024171739351], "dvar": [0.00196597026661, 0.00168195192236, 0.0011000825325, 0.000857684528455, 0.000506041455083, 0.000380515004508], "mean": [-0.647130250931, -0.68031591177, -0.718315720558, -0.757630586624, -0.795434296131, -0.767790138721]}, "dissonance": {"min": 0.235421210527, "max": 0.498863935471, "dvar2": 0.00144058279693, "median": 0.44354608655, "dmean2": 0.0417443476617, "dmean": 0.0252109952271, "var": 0.00157541001681, "dvar": 0.000540112785529, "mean": 0.435513287783}, "spectral_energyband_high": {"min": 7.81852730572e-21, "max": 0.0718048512936, "dvar2": 1.36311527967e-05, "median": 0.000196763474378, "dmean2": 0.00101054809056, "dmean": 0.000689088832587, "var": 1.0836907677e-05, "dvar": 6.56954989608e-06, "mean": 0.00107077229768}, "spectral_skewness": {"min": -0.571606755257, "max": 6.70441484451, "dvar2": 0.249357178807, "median": 1.72046065331, "dmean2": 0.441325575113, "dmean": 0.29386138916, "var": 0.779374659061, "dvar": 0.117880538106, "mean": 1.85970926285}, "spectral_flux": {"min": 1.03732605838e-10, "max": 0.347534418106, "dvar2": 0.00323634711094, "median": 0.0590177550912, "dmean2": 0.0440933406353, "dmean": 0.0283120628446, "var": 0.00304992171004, "dvar": 0.00140615773853, "mean": 0.0726991817355}, "silence_rate_30dB": {"min": 0, "max": 1, "dvar2": 0.0019624393899, "median": 1, "dmean2": 0.00130932894535, "dmean": 0.000654557370581, "var": 0.000327128131175, "dvar": 0.000654169067275, "mean": 0.9996727705}, "spectral_energyband_middle_high": {"min": 1.68532001453e-21, "max": 0.0467022582889, "dvar2": 1.97648205358e-05, "median": 0.00131725729443, "dmean2": 0.00202090735547, "dmean": 0.00147671578452, "var": 3.09343267872e-05, "dvar": 9.97461484076e-06, "mean": 0.00361574417911}, "barkbands_spread": {"min": 0.582101166248, "max": 151.185791016, "dvar2": 188.064483643, "median": 11.5573368073, "dmean2": 7.82561635971, "dmean": 5.16876983643, "var": 273.52557373, "dvar": 94.3154830933, "mean": 16.0620708466}, "spectral_centroid": {"min": 139.276992798, "max": 10985.1435547, "dvar2": 213051.3125, "median": 769.397705078, "dmean2": 290.827850342, "dmean": 200.818725586, "var": 482685.5625, "dvar": 122809.734375, "mean": 937.886962891}, "pitch_salience": {"min": 0.110457375646, "max": 0.906480073929, "dvar2": 0.0107296807691, "median": 0.512319147587, "dmean2": 0.10133266449, "dmean": 0.0617550201714, "var": 0.0126946344972, "dvar": 0.00428156321868, "mean": 0.509958982468}, "erbbands_skewness": {"min": -4.44410514832, "max": 4.2744512558, "dvar2": 0.365873813629, "median": 0.913996994495, "dmean2": 0.535409450531, "dmean": 0.360143065453, "var": 0.75268882513, "dvar": 0.187297746539, "mean": 0.871216595173}, "erbbands_crest": {"min": 2.21295022964, "max": 32.2963638306, "dvar2": 13.9846382141, "median": 9.00607776642, "dmean2": 3.61758232117, "dmean": 2.30220937729, "var": 19.2537136078, "dvar": 6.00950431824, "mean": 9.9547996521}, "melbands": {"min": [9.42523752038e-24, 1.49772831698e-23, 1.04853734914e-23, 6.2555490437e-24, 9.0782517264e-25, 4.64108721989e-24, 7.62379554608e-24, 2.28717692358e-23, 1.72567125327e-23, 5.638789189e-24, 1.18063360656e-23, 6.0504692686e-24, 6.96112083125e-24, 6.2196156406e-24, 1.13130952625e-23, 7.34763112038e-24, 1.41188541991e-23, 2.16954466752e-23, 1.19555546278e-23, 5.79475290642e-24, 9.65704429738e-24, 1.16706330572e-23, 8.86862830971e-24, 8.07742290987e-24, 6.65327338502e-24, 1.39199113674e-23, 1.6134359102e-23, 1.64221166276e-23, 9.41044006752e-24, 8.68380608822e-24, 9.15067763776e-24, 1.01959065043e-23, 1.23425745211e-23, 1.24201266478e-23, 1.1764886947e-23, 1.10678952051e-23, 9.08937683454e-24, 9.17494536579e-24, 8.4947169181e-24, 1.16482649062e-23], "max": [0.021520614624, 0.0384027138352, 0.0139743071049, 0.0221659317613, 0.012174198404, 0.0102724805474, 0.0181864034384, 0.0103778177872, 0.0176739357412, 0.0128705250099, 0.00597918359563, 0.00790389254689, 0.00272834394127, 0.00283839553595, 0.00351545470767, 0.00172099517658, 0.00185984419659, 0.00144131586421, 0.00311269587837, 0.000954955001362, 0.000805543793831, 0.000832056044601, 0.00084027077537, 0.000376422423869, 0.000930477050133, 0.000416633847635, 0.000454567052657, 0.000218847431825, 0.000328217778588, 0.000271655240795, 0.000371017667931, 0.000561813591048, 0.00065060792258, 0.000656198768411, 0.000422205106588, 0.000268813222647, 0.000280216918327, 0.000185138371307, 0.000206577460631, 0.000141173804877], "dvar2": [7.63929710956e-06, 1.93307332665e-05, 1.63457355029e-06, 7.57776069804e-06, 7.26186840438e-07, 4.92013953135e-07, 4.33193690696e-07, 6.00461874001e-07, 1.80014649231e-06, 3.94238668378e-07, 8.77870220961e-08, 7.98080108666e-08, 6.56453096326e-08, 1.86350135323e-08, 5.46867724438e-08, 1.68080926954e-08, 1.01349977299e-08, 5.5974216373e-09, 1.03578221555e-08, 1.57922208643e-09, 7.11985970181e-10, 1.14841014476e-09, 7.24381221673e-10, 3.28666371896e-10, 6.03656513665e-10, 3.72081421229e-10, 2.72143557689e-10, 1.22818588633e-10, 1.75508996225e-10, 1.85628318272e-10, 3.71110336905e-10, 6.35644148428e-10, 5.29223886936e-10, 8.48932979469e-10, 5.62039637053e-10, 3.42984640689e-10, 1.80737452782e-10, 9.06004854473e-11, 9.10759662132e-11, 7.57759133219e-11], "median": [0.0015280910302, 0.00237691355869, 0.000774904154241, 0.000405490252888, 0.000276513048448, 0.000222425791435, 0.000148835970322, 9.95597511064e-05, 4.54081382486e-05, 6.44922693027e-05, 3.41975755873e-05, 2.46966537816e-05, 3.17157391692e-05, 1.18352418212e-05, 1.03846359707e-05, 8.99619408301e-06, 7.63801472203e-06, 3.90002696804e-06, 3.56810869562e-06, 2.1628761715e-06, 1.90568675862e-06, 1.53692133154e-06, 1.52351299221e-06, 2.03745821636e-06, 2.03320041692e-06, 1.81535801858e-06, 1.47478840518e-06, 1.15628313324e-06, 9.08737774807e-07, 6.89058879288e-07, 6.8400447617e-07, 6.74960801916e-07, 7.79373749538e-07, 5.59056900329e-07, 4.47053480457e-07, 2.91796084184e-07, 2.27715872825e-07, 1.30162703726e-07, 8.60645386069e-08, 6.95654449601e-08], "dmean2": [0.00135385477915, 0.00208314927295, 0.000754028500523, 0.000962289923336, 0.000452810927527, 0.000341178005328, 0.00023219443392, 0.000269031530479, 0.000376742478693, 0.000207847362617, 9.70230394159e-05, 8.69725990924e-05, 9.10285380087e-05, 3.9518585254e-05, 6.01703613938e-05, 3.86224382964e-05, 3.07063892251e-05, 2.06884305953e-05, 2.47023526754e-05, 1.07307459984e-05, 8.49682328408e-06, 6.93374386174e-06, 6.16718352831e-06, 6.81485562382e-06, 7.70502629166e-06, 6.4976725298e-06, 5.7619117797e-06, 4.24055087933e-06, 3.515129265e-06, 3.61267530025e-06, 4.19767866333e-06, 4.40111671196e-06, 4.41006250185e-06, 4.87369561597e-06, 4.54947985418e-06, 3.9394903979e-06, 2.94654864774e-06, 1.97064468921e-06, 1.78661855443e-06, 1.66350139352e-06], "dmean": [0.000793375715148, 0.00126594747417, 0.000469465012429, 0.000591104733758, 0.000278071995126, 0.000218580069486, 0.000146537582623, 0.000171178660821, 0.000249849748798, 0.000142137563671, 6.77859425195e-05, 5.9990252339e-05, 6.36716722511e-05, 2.66857023234e-05, 3.93708687625e-05, 2.43313024839e-05, 2.04942261917e-05, 1.31590277306e-05, 1.64575467352e-05, 7.20950129107e-06, 5.62665445614e-06, 4.47131560577e-06, 3.96594987251e-06, 4.45912974101e-06, 5.21927313457e-06, 4.29459123552e-06, 3.74889350496e-06, 2.78609650195e-06, 2.26411657422e-06, 2.30466866924e-06, 2.67656491815e-06, 2.90304592454e-06, 2.86864792542e-06, 3.17576245834e-06, 3.03082902064e-06, 2.56746352534e-06, 1.96628047888e-06, 1.28243743802e-06, 1.17294541724e-06, 1.06726372451e-06], "var": [3.78040249416e-06, 1.57169088197e-05, 1.40554311656e-06, 3.15951888297e-06, 4.51940081803e-07, 4.03455914011e-07, 3.34186836426e-07, 3.7338352854e-07, 1.20314973628e-06, 2.79414791748e-07, 1.11842624051e-07, 8.41488301262e-08, 7.56801270541e-08, 1.57628665676e-08, 2.85804073741e-08, 7.45438200056e-09, 6.99772773061e-09, 3.29698068846e-09, 8.53601722639e-09, 1.14847942267e-09, 6.71784128325e-10, 8.25429835594e-10, 4.39175307232e-10, 4.4214742978e-10, 8.48894621264e-10, 3.89935056466e-10, 2.63324667626e-10, 1.12044359901e-10, 9.59495885522e-11, 1.44828593562e-10, 2.33343649958e-10, 3.26661420136e-10, 2.79247264201e-10, 3.498563661e-10, 3.17537607319e-10, 2.22049795218e-10, 1.40409697758e-10, 6.76806666267e-11, 5.4222550061e-11, 4.0595395101e-11], "dvar": [2.75575621345e-06, 7.67474557506e-06, 6.63938521939e-07, 3.20686081068e-06, 2.84367217773e-07, 2.05595625857e-07, 1.89131270645e-07, 2.55809254668e-07, 7.86456041624e-07, 1.73673385007e-07, 4.05011029159e-08, 3.8100548494e-08, 3.14395300904e-08, 8.51837178573e-09, 2.34668569021e-08, 6.76332589933e-09, 4.40471614738e-09, 2.31329355671e-09, 4.78713912955e-09, 7.35319860556e-10, 3.47661649469e-10, 4.63337423984e-10, 2.93152058184e-10, 1.55007215397e-10, 3.18322590509e-10, 1.70424341306e-10, 1.22702847882e-10, 5.47901828074e-11, 7.19397943993e-11, 8.24099469221e-11, 1.65251784479e-10, 2.77202122367e-10, 2.30963137504e-10, 3.45639766808e-10, 2.46907633228e-10, 1.53964743732e-10, 8.4786268284e-11, 4.18838193295e-11, 4.00577973569e-11, 3.16593903871e-11], "mean": [0.0018328736769, 0.00321598327719, 0.00107757432852, 0.000820586399641, 0.000499027373735, 0.000447726401035, 0.000317860831274, 0.000297102582408, 0.000406164384913, 0.000243399466854, 0.000138284754939, 0.000116362250992, 0.000124052661704, 4.40924522991e-05, 5.25521791133e-05, 3.20530234603e-05, 3.11182629957e-05, 1.86338074855e-05, 2.35392308241e-05, 1.04045493572e-05, 7.96500444267e-06, 6.74164220982e-06, 5.87048316447e-06, 7.67552683101e-06, 9.40407880989e-06, 7.78643243393e-06, 6.23702817393e-06, 4.66779920316e-06, 3.6316985188e-06, 3.81804557037e-06, 4.02445812142e-06, 4.03420153816e-06, 4.27287341154e-06, 4.16324655816e-06, 4.05840410167e-06, 3.36703124049e-06, 2.48467040365e-06, 1.61693094469e-06, 1.35669620249e-06, 1.20189383779e-06]}, "spectral_entropy": {"min": 5.18914031982, "max": 9.79857635498, "dvar2": 0.123583644629, "median": 7.26525974274, "dmean2": 0.300625860691, "dmean": 0.213879138231, "var": 0.411603718996, "dvar": 0.0665806755424, "mean": 7.2246389389}, "spectral_rolloff": {"min": 86.1328125, "max": 21425.5371094, "dvar2": 2932835.25, "median": 602.9296875, "dmean2": 648.206970215, "dmean": 386.487609863, "var": 3488749.25, "dvar": 1443134, "mean": 1098.58105469}, "barkbands": {"min": [4.55545557976e-24, 3.42495447816e-23, 3.3684303855e-23, 1.49287966231e-23, 2.40883536792e-23, 1.78039800525e-23, 4.71772616123e-23, 1.28454701927e-22, 4.80287233636e-23, 6.66898023673e-23, 4.14593358695e-23, 7.27141437738e-23, 8.71286015091e-23, 2.07274654351e-22, 1.60361575945e-22, 1.1395651134e-22, 2.12010041215e-22, 1.56174377991e-22, 2.76311797539e-22, 4.94625178174e-22, 3.82115210542e-22, 5.574080554e-22, 7.58183631852e-22, 7.19915522334e-22, 1.17462464163e-21, 2.00645057206e-21, 2.23179832005e-21], "max": [0.0057406919077, 0.104336567223, 0.075421705842, 0.0286547020078, 0.0825313702226, 0.0459225699306, 0.0775349512696, 0.101842269301, 0.077500641346, 0.0347717069089, 0.0241949837655, 0.0209268704057, 0.0230376590043, 0.0153723666444, 0.0283982027322, 0.0101122437045, 0.0103336265311, 0.0129914749414, 0.0129859251902, 0.00739149702713, 0.0134726120159, 0.0291549544781, 0.0267713330686, 0.0148535510525, 0.012938584201, 0.0061052381061, 0.00122938607819], "dvar2": [1.3754173267e-07, 0.000164227734786, 5.29682511115e-05, 5.88382090427e-06, 0.000105413768324, 1.42852504723e-05, 1.61965654115e-05, 2.34956332861e-05, 2.79081505141e-05, 3.01606064568e-06, 3.72768863599e-06, 2.29928241424e-06, 2.50828657045e-06, 8.88590022896e-07, 1.23480810998e-06, 1.91738166677e-07, 1.83028248557e-07, 2.4016316047e-07, 2.29744813396e-07, 1.34529884122e-07, 3.37779766824e-07, 1.30495925532e-06, 1.9703416001e-06, 7.10534436621e-07, 5.92840251556e-07, 1.34969852184e-07, 1.19883747374e-08], "median": [1.73067637661e-05, 0.00624906551093, 0.00155714526772, 0.000922016915865, 0.00173573358916, 0.00114561745431, 0.000758947920986, 0.00022940846975, 0.000531402300112, 7.74088402977e-05, 0.000226336647756, 0.000127003615489, 7.80144328019e-05, 7.47289595893e-05, 5.38776766916e-05, 2.9823204386e-05, 2.46878516919e-05, 4.05294122174e-05, 5.03798946738e-05, 4.31773005403e-05, 3.20966391882e-05, 3.94228445657e-05, 2.78270745184e-05, 1.5355688447e-05, 7.70119913795e-06, 3.89413708035e-06, 5.91564287333e-07], "dmean2": [0.000139943949762, 0.00620980281383, 0.00322738778777, 0.00142098311335, 0.00381070747972, 0.00196205428801, 0.00144775270019, 0.00137437286321, 0.00179942499381, 0.000477779452922, 0.000710360647645, 0.000455592380604, 0.000412657536799, 0.000307381007588, 0.000303417094983, 0.00013206647418, 0.000103403894173, 0.000141943964991, 0.000170020255609, 0.000139414696605, 0.000144021352753, 0.000209768550121, 0.000264233589405, 0.000190347462194, 0.000179234542884, 0.000113925168989, 3.19438622682e-05], "dmean": [8.16224128357e-05, 0.00365232140757, 0.00202241167426, 0.000844901078381, 0.00236540916376, 0.00124334939755, 0.000907687994186, 0.000907190318685, 0.00123648671433, 0.000332030904246, 0.000492344552185, 0.000301069201669, 0.000262276560534, 0.000202955401619, 0.000200935886824, 8.86263223947e-05, 6.72739333822e-05, 9.30967798922e-05, 0.000115073518828, 9.34751442401e-05, 9.33829433052e-05, 0.000141449374496, 0.000175269553438, 0.000128317129565, 0.000113712565508, 7.10278109182e-05, 1.90502069017e-05], "var": [4.96946199746e-08, 8.27648036648e-05, 6.0877402575e-05, 5.39559914614e-06, 4.66487472295e-05, 1.12490788524e-05, 1.1587582776e-05, 1.44743780766e-05, 1.99893893296e-05, 4.22389621235e-06, 4.09165613746e-06, 1.61513105468e-06, 1.15379225463e-06, 6.61998853957e-07, 9.73924898062e-07, 1.73166355921e-07, 1.27994127297e-07, 2.47357860417e-07, 2.93197047085e-07, 1.40816325711e-07, 2.54677416933e-07, 7.32383398372e-07, 1.06482355022e-06, 6.21302319814e-07, 3.6700828332e-07, 8.04285846812e-08, 4.03123179282e-09], "dvar": [5.11143980475e-08, 6.01067913522e-05, 2.18543100345e-05, 2.2691929189e-06, 4.49863582617e-05, 5.91375010117e-06, 6.89647959007e-06, 1.02453050204e-05, 1.22498076962e-05, 1.50590881276e-06, 1.74693946065e-06, 1.0120626257e-06, 1.0244528994e-06, 3.88468492929e-07, 5.57485350328e-07, 9.4540489215e-08, 7.38722079063e-08, 1.07267844385e-07, 1.17946619582e-07, 6.34460661786e-08, 1.50877482952e-07, 5.86969235883e-07, 8.54357494973e-07, 3.49937636202e-07, 2.61304307969e-07, 6.02714536058e-08, 4.69573224748e-09], "mean": [9.25532294787e-05, 0.00850009266287, 0.00459756981581, 0.0017979076365, 0.00344529049471, 0.00238226633519, 0.00181112030987, 0.00138715864159, 0.00212099216878, 0.000628592388239, 0.000936106720474, 0.000479029375128, 0.000331908027874, 0.000309504015604, 0.000294131517876, 0.00012933841208, 0.000100494100479, 0.000158463677508, 0.000209738209378, 0.000164618293638, 0.000159787290613, 0.000211615973967, 0.000240790570388, 0.000169034348801, 0.000125307153212, 7.01772005414e-05, 1.57019821927e-05]}, "melbands_flatness_db": {"min": 0.00757941184565, "max": 0.555410921574, "dvar2": 0.00179797841702, "median": 0.239341571927, "dmean2": 0.0364166907966, "dmean": 0.0257782097906, "var": 0.009206879884, "dvar": 0.000937860982958, "mean": 0.258937388659}, "melbands_skewness": {"min": -1.32722425461, "max": 16.8103351593, "dvar2": 1.9589266777, "median": 2.78553771973, "dmean2": 1.09724617004, "dmean": 0.724521815777, "var": 3.32423448563, "dvar": 0.883134841919, "mean": 3.06387114525}, "barkbands_skewness": {"min": -4.06067466736, "max": 12.0869855881, "dvar2": 0.940936982632, "median": 2.04962682724, "dmean2": 0.797805666924, "dmean": 0.540462553501, "var": 2.12224650383, "dvar": 0.43524569273, "mean": 2.17967295647}, "silence_rate_60dB": {"min": 0, "max": 1, "dvar2": 0.0346448980272, "median": 0, "dmean2": 0.0320785604417, "dmean": 0.0160366557539, "var": 0.0918102189898, "dvar": 0.015781160444, "mean": 0.102257855237}, "spectral_energyband_low": {"min": 8.34976262236e-23, "max": 0.131567820907, "dvar2": 0.000289249117486, "median": 0.01196661219, "dmean2": 0.00845343247056, "dmean": 0.0051249563694, "var": 0.000218430257519, "dvar": 0.000114547387057, "mean": 0.0140923289582}, "spectral_energyband_middle_low": {"min": 2.99130981306e-22, "max": 0.111892469227, "dvar2": 0.000208976416616, "median": 0.00969787314534, "dmean2": 0.00805725157261, "dmean": 0.00531561253592, "var": 0.000167382284417, "dvar": 9.38178345677e-05, "mean": 0.01305518765}, "melbands_kurtosis": {"min": -1.92414557934, "max": 384.958618164, "dvar2": 683.034240723, "median": 12.7281513214, "dmean2": 13.3956108093, "dmean": 8.6444196701, "var": 744.66607666, "dvar": 294.003295898, "mean": 20.7690505981}, "spectral_decrease": {"min": -3.66232981719e-08, "max": 3.17740269723e-16, "dvar2": 2.8587907909e-17, "median": -6.91251722529e-09, "dmean2": 3.48314177501e-09, "dmean": 2.30543784063e-09, "var": 3.39557542191e-17, "dvar": 1.27984602107e-17, "mean": -7.70752972556e-09}, "erbbands_kurtosis": {"min": -1.84491896629, "max": 29.4114608765, "dvar2": 6.92969703674, "median": 0.947893500328, "dmean2": 1.82964229584, "dmean": 1.17718183994, "var": 9.19432449341, "dvar": 2.92409205437, "mean": 1.69499564171}, "melbands_crest": {"min": 2.1876745224, "max": 37.1453475952, "dvar2": 21.2199268341, "median": 14.5446739197, "dmean2": 4.26094388962, "dmean": 2.60052037239, "var": 31.7598171234, "dvar": 8.38746547699, "mean": 15.4173679352}, "gfcc": {"cov": [[14262.2587891, -1331.95788574, -807.809997559, 965.175964355, -603.480773926, 526.317382812, -182.80255127, 383.250030518, -91.8258743286, -31.2569217682, -618.947937012, -280.786499023, -517.244506836], [-1331.95788574, 2241.68432617, 389.902587891, 215.693099976, 665.397705078, 36.4156455994, 276.306427002, -129.659637451, 42.0167884827, -114.517456055, 119.993270874, -114.53012085, 135.069747925], [-807.809997559, 389.902587891, 1501.33447266, 482.251403809, 566.987426758, 305.085571289, 50.5632209778, -55.955997467, -72.4915237427, -28.9218997955, -49.2552223206, -17.118976593, 32.3064308167], [965.175964355, 215.693099976, 482.251403809, 757.811157227, 267.42880249, 179.657440186, 58.5938148499, 2.88283967972, -5.89797210693, -68.2359848022, -88.0344696045, -72.3273773193, -18.9647254944], [-603.480773926, 665.397705078, 566.987426758, 267.42880249, 548.465454102, 122.776397705, 116.605171204, -30.8079586029, -5.68972587585, -37.7346496582, -12.8581085205, -40.4178619385, 57.0144805908], [526.317382812, 36.4156455994, 305.085571289, 179.657440186, 122.776397705, 315.219818115, 81.8463821411, 10.6708984375, 3.52895641327, -9.77617645264, -40.7336730957, -49.7088050842, -17.4831638336], [-182.80255127, 276.306427002, 50.5632209778, 58.5938148499, 116.605171204, 81.8463821411, 189.155273438, 26.8184566498, 28.3241844177, -9.07043838501, 19.6823158264, -19.981004715, 9.18187046051], [383.250030518, -129.659637451, -55.955997467, 2.88283967972, -30.8079586029, 10.6708984375, 26.8184566498, 121.476364136, 35.0303764343, 11.6865777969, -11.8365936279, 2.2250418663, -20.5441703796], [-91.8258743286, 42.0167884827, -72.4915237427, -5.89797210693, -5.68972587585, 3.52895641327, 28.3241844177, 35.0303764343, 120.99118042, 19.9030227661, 4.54407501221, -15.5172023773, -3.55726218224], [-31.2569217682, -114.517456055, -28.9218997955, -68.2359848022, -37.7346496582, -9.77617645264, -9.07043838501, 11.6865777969, 19.9030227661, 93.0559844971, 28.9636764526, 17.2525501251, -9.47621631622], [-618.947937012, 119.993270874, -49.2552223206, -88.0344696045, -12.8581085205, -40.7336730957, 19.6823158264, -11.8365936279, 4.54407501221, 28.9636764526, 123.826019287, 40.2647819519, 24.3050918579], [-280.786499023, -114.53012085, -17.118976593, -72.3273773193, -40.4178619385, -49.7088050842, -19.981004715, 2.2250418663, -15.5172023773, 17.2525501251, 40.2647819519, 104.242080688, 26.6191120148], [-517.244506836, 135.069747925, 32.3064308167, -18.9647254944, 57.0144805908, -17.4831638336, 9.18187046051, -20.5441703796, -3.55726218224, -9.47621631622, 24.3050918579, 26.6191120148, 83.0120697021]], "icov": [[0.000181827534107, -0.000125231104903, 0.000232883481658, -0.000269240728812, 0.000150559804752, -0.000404632592108, 0.000330686772941, -0.000497033353895, 0.000413501780713, -0.000307653011987, 0.000699056196027, -0.000186664343346, 0.000674148614053], [-0.000125231104903, 0.00127762835473, -7.41433832445e-05, 0.000218883200432, -0.00130843254738, 0.000757705187425, -0.00116060685832, 0.00127169804182, -0.000737285648938, 0.00129454536363, -0.00186251418199, 0.00148518325295, -0.00109369005077], [0.000232883481658, -7.41433832445e-05, 0.00183460093103, -0.000725951278582, -0.00132642826065, -0.00153979659081, 0.00116593018174, -0.000366996304365, 0.00107161211781, -0.000701250857674, 0.000816517625935, -0.000995791167952, 0.00110494461842], [-0.000269240728812, 0.000218883200432, -0.000725951278582, 0.00243715546094, -0.000726188649423, 0.000227753116633, -0.000538269116078, 0.000576479244046, -0.000828091579024, 0.00148708850611, -0.000439862662461, 0.000703297439031, -0.000407991261454], [0.000150559804752, -0.00130843254738, -0.00132642826065, -0.000726188649423, 0.00558721227571, -0.000164014301845, -0.000898496073205, -0.000899929960724, 0.000542298250366, -0.00111294921953, 0.00205802498385, -2.25075145863e-05, -0.00127705128398], [-0.000404632592108, 0.000757705187425, -0.00153979659081, 0.000227753116633, -0.000164014301845, 0.00617864308879, -0.00329374428838, 0.00137722922955, -0.00107975525316, 0.000568359158933, -0.00113903754391, 0.00241385493428, -0.00140567007475], [0.000330686772941, -0.00116060685832, 0.00116593018174, -0.000538269116078, -0.000898496073205, -0.00329374428838, 0.0094165885821, -0.00347477337345, 0.000179955226486, -0.000373416609364, -0.000100822253444, -0.00090772472322, 0.00167978578247], [-0.000497033353895, 0.00127169804182, -0.000366996304365, 0.000576479244046, -0.000899929960724, 0.00137722922955, -0.00347477337345, 0.0123312277719, -0.00401719613001, 0.000927326560486, -0.00126248353627, -0.000462714000605, -9.56526127993e-05], [0.000413501780713, -0.000737285648938, 0.00107161211781, -0.000828091579024, 0.000542298250366, -0.00107975525316, 0.000179955226486, -0.00401719613001, 0.0112870484591, -0.0035171979107, 0.00181291147601, 0.0010892318096, 0.000758049311116], [-0.000307653011987, 0.00129454536363, -0.000701250857674, 0.00148708850611, -0.00111294921953, 0.000568359158933, -0.000373416609364, 0.000927326560486, -0.0035171979107, 0.0150621123612, -0.00539124570787, 0.000105416955194, 0.000857598148286], [0.000699056196027, -0.00186251418199, 0.000816517625935, -0.000439862662461, 0.00205802498385, -0.00113903754391, -0.000100822253444, -0.00126248353627, 0.00181291147601, -0.00539124570787, 0.0157604292035, -0.00540464837104, 0.00159420364071], [-0.000186664343346, 0.00148518325295, -0.000995791167952, 0.000703297439031, -2.25075145863e-05, 0.00241385493428, -0.00090772472322, -0.000462714000605, 0.0010892318096, 0.000105416955194, -0.00540464837104, 0.0157734621316, -0.00593858165666], [0.000674148614053, -0.00109369005077, 0.00110494461842, -0.000407991261454, -0.00127705128398, -0.00140567007475, 0.00167978578247, -9.56526127993e-05, 0.000758049311116, 0.000857598148286, 0.00159420364071, -0.00593858165666, 0.0194428581744]], "mean": [-33.6731033325, 101.705856323, -93.4083557129, 23.149066925, -63.0248298645, 10.8802919388, -26.982749939, 3.94577813148, -20.8032360077, 3.08112716675, -10.3617324829, 1.83677589893, -11.4674091339]}, "melbands_spread": {"min": 0.518194973469, "max": 260.837188721, "dvar2": 353.182006836, "median": 10.6688814163, "dmean2": 7.84623575211, "dmean": 5.24242639542, "var": 438.3359375, "dvar": 182.591201782, "mean": 15.5534591675}, "spectral_energy": {"min": 1.07604533154e-20, "max": 0.140320435166, "dvar2": 0.000435124296928, "median": 0.0275874454528, "dmean2": 0.0138353826478, "dmean": 0.00919331144542, "var": 0.000535283586942, "dvar": 0.000196574095753, "mean": 0.0308696962893}, "mfcc": {"cov": [[11696.2265625, -1181.17114258, -376.431182861, 268.196655273, -199.924179077, 164.569854736, -114.905548096, 230.435317993, 144.524353027, 303.002838135, 179.069213867, -184.490463257, -352.951080322], [-1181.17114258, 1905.59973145, 69.6937103271, 239.429000854, 279.273895264, 197.049972534, 246.687362671, 50.2768669128, 40.3689956665, 21.5855007172, -26.8269233704, -18.9526672363, 5.81113767624], [-376.431182861, 69.6937103271, 976.537414551, 313.091766357, 459.348968506, 345.972167969, 218.271438599, 78.3261108398, 81.7378921509, -31.0912876129, -9.74771881104, -26.8500404358, -41.6647453308], [268.196655273, 239.429000854, 313.091766357, 612.355163574, 323.585510254, 210.592987061, 135.322158813, 81.8944320679, 83.2830657959, -7.22876596451, -18.7912902832, -31.6053256989, -40.1348266602], [-199.924179077, 279.273895264, 459.348968506, 323.585510254, 488.525726318, 260.312957764, 164.915802002, 57.7051773071, 99.1332702637, -8.13742351532, -24.415813446, -33.2354812622, -35.1305274963], [164.569854736, 197.049972534, 345.972167969, 210.592987061, 260.312957764, 348.127197266, 167.16204834, 68.982749939, 84.2834014893, 19.6579036713, 16.3650398254, -42.5466651917, -44.95835495], [-114.905548096, 246.687362671, 218.271438599, 135.322158813, 164.915802002, 167.16204834, 227.295043945, 62.6581993103, 46.9398422241, -2.43532323837, 3.4399728775, -7.2826256752, -16.9479160309], [230.435317993, 50.2768669128, 78.3261108398, 81.8944320679, 57.7051773071, 68.982749939, 62.6581993103, 140.391418457, 51.6791534424, 34.2867660522, 5.7601852417, -11.4172506332, -9.66575431824], [144.524353027, 40.3689956665, 81.7378921509, 83.2830657959, 99.1332702637, 84.2834014893, 46.9398422241, 51.6791534424, 135.537216187, 39.7435455322, 6.58802986145, -14.7537717819, -13.7536067963], [303.002838135, 21.5855007172, -31.0912876129, -7.22876596451, -8.13742351532, 19.6579036713, -2.43532323837, 34.2867660522, 39.7435455322, 123.226356506, 39.4194908142, -10.6715621948, -10.8689069748], [179.069213867, -26.8269233704, -9.74771881104, -18.7912902832, -24.415813446, 16.3650398254, 3.4399728775, 5.7601852417, 6.58802986145, 39.4194908142, 99.4665679932, 16.0726852417, -3.79690003395], [-184.490463257, -18.9526672363, -26.8500404358, -31.6053256989, -33.2354812622, -42.5466651917, -7.2826256752, -11.4172506332, -14.7537717819, -10.6715621948, 16.0726852417, 90.1329803467, 37.2340774536], [-352.951080322, 5.81113767624, -41.6647453308, -40.1348266602, -35.1305274963, -44.95835495, -16.9479160309, -9.66575431824, -13.7536067963, -10.8689069748, -3.79690003395, 37.2340774536, 96.0654754639]], "icov": [[0.00012333401537, 8.70347284945e-05, 9.83368154266e-05, -9.9095137557e-05, 5.81549720664e-05, -0.000112657973659, 3.9327176637e-05, -0.000145022262586, 1.25411934278e-05, -0.000171498628333, -9.78132302407e-05, 6.7928522185e-05, 0.000362209393643], [8.70347284945e-05, 0.000752808758989, 0.000402562844101, -0.000147227634443, -0.000385674473364, -0.000191872037249, -0.000719281495549, 1.2522176803e-05, 0.000296253099805, -0.000398843432777, 0.000142528078868, 9.20707680052e-05, -1.91414983419e-06], [9.83368154266e-05, 0.000402562844101, 0.00234584882855, -3.44471627614e-05, -0.00162626826204, -0.00115221412852, -0.000585265341215, -0.000371912930859, 0.000548640673514, 0.000313329219352, -0.000127363891806, -0.000223472496145, 0.000260934233665], [-9.9095137557e-05, -0.000147227634443, -3.44471627614e-05, 0.0027516160626, -0.00146903120913, -0.000246493960731, 2.18026571019e-07, -0.000720440119039, -0.000190340841073, 0.000573647790588, 0.000179461247171, -7.70296392147e-05, 0.000129048406961], [5.81549720664e-05, -0.000385674473364, -0.00162626826204, -0.00146903120913, 0.00597159937024, -0.0013599373633, -0.000278509978671, 0.00077627209248, -0.00182930170558, 8.88400318217e-05, 0.00109016732313, 8.68652714416e-05, 0.000251793768257], [-0.000112657973659, -0.000191872037249, -0.00115221412852, -0.000246493960731, -0.0013599373633, 0.00725117651746, -0.00255345576443, -9.40209065448e-05, -0.0011927873129, -0.000172088548425, -0.00158158014528, 0.00188375555445, 0.000448372418759], [3.9327176637e-05, -0.000719281495549, -0.000585265341215, 2.18026571019e-07, -0.000278509978671, -0.00255345576443, 0.0084949247539, -0.00215940806083, -0.000205573960557, 0.0011687844526, -0.000384833401768, -0.00115432578605, 0.000453804357676], [-0.000145022262586, 1.2522176803e-05, -0.000371912930859, -0.000720440119039, 0.00077627209248, -9.40209065448e-05, -0.00215940806083, 0.00993427913636, -0.00220528803766, -0.00207959790714, 0.00069833023008, 0.000249324861215, -0.000757460307796], [1.25411934278e-05, 0.000296253099805, 0.000548640673514, -0.000190340841073, -0.00182930170558, -0.0011927873129, -0.000205573960557, -0.00220528803766, 0.0108876032755, -0.00291112973355, 0.000378512282623, 5.19131754118e-05, -7.45130237192e-05], [-0.000171498628333, -0.000398843432777, 0.000313329219352, 0.000573647790588, 8.88400318217e-05, -0.000172088548425, 0.0011687844526, -0.00207959790714, -0.00291112973355, 0.011750866659, -0.00421033008024, 0.00132835668046, -5.00584901602e-05], [-9.78132302407e-05, 0.000142528078868, -0.000127363891806, 0.000179461247171, 0.00109016732313, -0.00158158014528, -0.000384833401768, 0.00069833023008, 0.000378512282623, -0.00421033008024, 0.0130299776793, -0.0035087254364, 0.000765385280829], [6.7928522185e-05, 9.20707680052e-05, -0.000223472496145, -7.70296392147e-05, 8.68652714416e-05, 0.00188375555445, -0.00115432578605, 0.000249324861215, 5.19131754118e-05, 0.00132835668046, -0.0035087254364, 0.014825437218, -0.00487745879218], [0.000362209393643, -1.91414983419e-06, 0.000260934233665, 0.000129048406961, 0.000251793768257, 0.000448372418759, 0.000453804357676, -0.000757460307796, -7.45130237192e-05, -5.00584901602e-05, 0.000765385280829, -0.00487745879218, 0.0141176898032]], "mean": [-682.335998535, 134.680541992, 20.8676548004, 19.8561820984, -8.2191400528, 7.40466308594, 1.30677163601, 5.21090936661, -5.71914434433, 4.00442266464, 1.05403542519, -1.45080554485, 1.65252304077]}, "spectral_contrast_valleys": {"min": [-27.6498527527, -27.3549137115, -27.5643234253, -27.3078746796, -27.0854530334, -27.2938747406], "max": [-5.19431638718, -4.4629240036, -5.04751825333, -5.76102256775, -5.86900901794, -7.14942073822], "dvar2": [0.378918766975, 0.293547660112, 0.260829627514, 0.277338862419, 0.259851723909, 0.421831995249], "median": [-6.82298374176, -6.88757896423, -7.76975059509, -8.39999389648, -8.13030433655, -10.4508934021], "dmean2": [0.634666860104, 0.574454784393, 0.54149800539, 0.509960412979, 0.445320785046, 0.510699212551], "dmean": [0.396849364042, 0.371851950884, 0.360154241323, 0.352706223726, 0.326113253832, 0.404354214668], "var": [2.49850416183, 1.47673094273, 1.5860131979, 1.55768656731, 1.680798769, 2.07127475739], "dvar": [0.200268566608, 0.15439632535, 0.149213373661, 0.159620761871, 0.159960225224, 0.253129571676], "mean": [-7.40404653549, -7.05536746979, -7.96131706238, -8.58170700073, -8.31964874268, -10.6034231186]}, "barkbands_flatness_db": {"min": 0.0268183723092, "max": 0.417077034712, "dvar2": 0.00132557167672, "median": 0.162377804518, "dmean2": 0.0317282527685, "dmean": 0.0220070071518, "var": 0.00556686520576, "dvar": 0.000648857210763, "mean": 0.177843645215}, "dynamic_complexity": 4.01464223862, "erbbands_flatness_db": {"min": 0.0162292011082, "max": 0.34988963604, "dvar2": 0.0010257253889, "median": 0.157421022654, "dmean2": 0.0278871357441, "dmean": 0.0196606628597, "var": 0.00267542060465, "dvar"