{"lowlevel": {"spectral_complexity": {"min": 0, "max": 62, "dvar2": 30.7861328125, "median": 8, "dmean2": 3.45988798141, "dmean": 2.23417115211, "var": 57.8645095825, "dvar": 14.9335412979, "mean": 9.9914188385}, "silence_rate_20dB": {"min": 1, "max": 1, "dvar2": 0, "median": 1, "dmean2": 0, "dmean": 0, "var": 0, "dvar": 0, "mean": 1}, "average_loudness": 0.473226666451, "erbbands_spread": {"min": 1.17788660526, "max": 173.494842529, "dvar2": 287.649139404, "median": 36.827999115, "dmean2": 13.5971384048, "dmean": 8.85297679901, "var": 531.142456055, "dvar": 122.806648254, "mean": 40.5171165466}, "spectral_kurtosis": {"min": -1.04644882679, "max": 94.6065750122, "dvar2": 20.9024009705, "median": 4.25813674927, "dmean2": 3.19389605522, "dmean": 1.89658784866, "var": 40.4441566467, "dvar": 7.23550367355, "mean": 5.70542860031}, "barkbands_kurtosis": {"min": -1.96100509167, "max": 991.753601074, "dvar2": 5798.75537109, "median": 9.48138237, "dmean2": 19.8359298706, "dmean": 11.954908371, "var": 2372.20605469, "dvar": 2198.12426758, "mean": 20.2339267731}, "spectral_strongpeak": {"min": 0, "max": 23.0743904114, "dvar2": 1.86984062195, "median": 0.496443122625, "dmean2": 0.559620320797, "dmean": 0.340164601803, "var": 1.06862556934, "dvar": 0.701311588287, "mean": 0.809308052063}, "spectral_spread": {"min": 1074029.25, "max": 13251761, "dvar2": 982168305664, "median": 4354416, "dmean2": 749180.8125, "dmean": 537217.375, "var": 2516080132100.0, "dvar": 521493774336, "mean": 4644329.5}, "spectral_rms": {"min": 1.03567890619e-05, "max": 0.0184549521655, "dvar2": 5.26220173924e-06, "median": 0.00403064815328, "dmean2": 0.00129131996073, "dmean": 0.000855428399518, "var": 6.61048397887e-06, "dvar": 2.40875783675e-06, "mean": 0.00431290268898}, "erbbands": {"min": [1.39238238717e-07, 7.71066879679e-07, 2.04877846954e-06, 4.6961172302e-06, 1.06536781459e-05, 6.08512573308e-06, 6.14659984421e-06, 2.17898036681e-06, 2.67230416284e-06, 3.99465943701e-06, 8.0194486145e-06, 5.40987275599e-06, 2.11386886804e-05, 1.18698108054e-05, 1.20475287986e-05, 8.67109611136e-06, 1.19520091175e-05, 1.46220336319e-05, 7.64168362366e-06, 1.38154455271e-05, 1.72806649061e-05, 1.66544159583e-05, 8.34281763673e-06, 6.75141745887e-06, 7.45790021028e-06, 1.2953213627e-05, 5.03423598275e-06, 8.71464999364e-06, 6.61924332235e-06, 7.52360574552e-06, 7.01237013345e-06, 3.92054471376e-06, 4.56273664895e-06, 2.91822743748e-06, 1.94466201719e-06, 1.53840755956e-06, 9.43543057019e-07, 2.19177036342e-06, 1.51751393673e-07, 1.05742907763e-08], "max": [12.2201805115, 67.5467147827, 138.878128052, 173.92578125, 250.38734436, 698.389831543, 663.104064941, 893.939025879, 1606.81591797, 1471.55224609, 1372.38232422, 1592.10644531, 2004.14599609, 2599.27441406, 1795.02807617, 1619.22338867, 1197.43408203, 1976.9901123, 2788.03735352, 1143.11279297, 1103.13427734, 1107.3314209, 704.637207031, 435.107696533, 541.598754883, 973.785705566, 669.099121094, 846.397949219, 673.73425293, 339.849884033, 268.945861816, 222.383224487, 236.888412476, 84.7287979126, 123.263420105, 19.1207027435, 3.1079390049, 2.2023396492, 0.161168143153, 0.0252238940448], "dvar2": [2.93810343742, 105.942733765, 44.5910797119, 81.3545150757, 230.871688843, 2067.99804688, 2427.88232422, 2262.38696289, 3862.6340332, 3515.01342773, 1514.66821289, 2032.36450195, 1976.63110352, 3419.65014648, 2395.24511719, 1162.08996582, 610.96270752, 1500.05395508, 5799.61962891, 1767.96105957, 1046.72729492, 2928.06762695, 2946.17700195, 829.635253906, 1349.02258301, 1208.39892578, 880.019348145, 904.926452637, 499.855438232, 192.239974976, 195.114578247, 57.7442398071, 45.2807884216, 6.94461727142, 12.3067140579, 0.54972332716, 0.0148144876584, 0.0039387778379, 3.61364363926e-05, 4.19272168983e-07], "median": [0.0386038050056, 0.37236481905, 0.94502478838, 1.92972016335, 2.97580218315, 5.5978603363, 6.00560379028, 5.26354789734, 4.41460084915, 2.60684967041, 3.15561437607, 2.84784412384, 2.57724142075, 2.3336379528, 1.49562478065, 1.21742880344, 1.30928468704, 1.70020878315, 2.2705821991, 1.65644693375, 1.25862121582, 1.48121106625, 1.66356277466, 1.26722979546, 1.32535243034, 1.33019018173, 0.77295255661, 0.507822751999, 0.430507183075, 0.366689234972, 0.344640374184, 0.235540866852, 0.161284685135, 0.0629427358508, 0.0233285836875, 0.00802097283304, 0.0017977594398, 0.000300877494738, 4.42388554802e-05, 2.56881376117e-05], "dmean2": [0.387558728456, 2.42652487755, 2.67699313164, 4.33279371262, 7.16940546036, 14.5646648407, 15.4936418533, 15.8537483215, 17.2582492828, 13.1537237167, 10.8931159973, 11.1358699799, 11.4226102829, 13.398856163, 10.0413866043, 6.90082836151, 6.12510824203, 8.66838550568, 16.2461605072, 9.44410514832, 6.80156517029, 11.1029367447, 10.9091520309, 7.55411434174, 8.6275806427, 7.69471597672, 5.96994829178, 4.78341913223, 3.98349618912, 2.923609972, 2.72354841232, 1.4499989748, 1.28457844257, 0.599068701267, 0.448211044073, 0.124114900827, 0.0233087427914, 0.00660104816779, 0.000878904946148, 8.65285110194e-05], "dmean": [0.232178911567, 1.41168737411, 1.63528895378, 2.61639618874, 4.59204387665, 9.15395069122, 9.92712497711, 10.8349428177, 11.6361236572, 8.94420719147, 7.56611013412, 7.69757652283, 7.76144742966, 8.48593711853, 6.25359582901, 4.39303064346, 3.8753554821, 5.47457647324, 10.1660890579, 5.80327415466, 4.20483493805, 6.35263538361, 6.29475831985, 4.57919549942, 5.14945030212, 4.69930648804, 3.61772537231, 2.96564626694, 2.51135230064, 1.90863466263, 1.81112265587, 0.983605980873, 0.873016178608, 0.403965681791, 0.291261166334, 0.0817763879895, 0.0153657700866, 0.00405834335834, 0.000531710102223, 5.2163592045e-05], "var": [0.946364939213, 29.1176204681, 37.3438911438, 89.7642822266, 438.757537842, 1476.15466309, 2265.23242188, 4197.18945312, 6568.01416016, 4996.91259766, 2524.87573242, 3822.35473633, 3189.4296875, 4599.9921875, 1991.86352539, 1065.43981934, 603.307373047, 1033.15759277, 3377.71850586, 1173.68164062, 538.304931641, 847.406188965, 742.164428711, 395.48046875, 473.52923584, 527.586486816, 328.854919434, 313.465484619, 210.060684204, 121.808578491, 155.897903442, 71.6412124634, 41.0398254395, 6.3314037323, 8.52010631561, 0.309688746929, 0.00751400832087, 0.000950283952989, 9.93192588794e-06, 1.02252784018e-07], "dvar": [1.18032073975, 39.8603286743, 18.613363266, 33.2745246887, 98.5738983154, 791.842285156, 976.289672852, 1054.0657959, 1786.37390137, 1681.99682617, 752.883117676, 1050.23815918, 989.797363281, 1406.69396973, 1071.51538086, 575.006408691, 256.250823975, 648.235412598, 2485.2199707, 754.263061523, 414.808990479, 1067.79467773, 1031.81140137, 311.425109863, 497.549743652, 491.891357422, 348.338195801, 350.778991699, 202.221740723, 83.1632003784, 85.3403167725, 28.6343708038, 19.8648700714, 3.25993657112, 5.24115037918, 0.236923456192, 0.00623143557459, 0.00139919703361, 1.328932467e-05, 1.50373992369e-07], "mean": [0.240797102451, 1.56498777866, 2.94673156738, 5.28112983704, 10.5649967194, 18.642742157, 20.5734901428, 25.1051368713, 25.9105358124, 17.5429897308, 16.5710010529, 16.6998310089, 14.4833116531, 13.6312408447, 8.72762775421, 6.73930072784, 6.34173870087, 8.0170545578, 13.8347730637, 8.30221557617, 6.5250287056, 7.63985109329, 7.94472551346, 7.12319278717, 7.42169427872, 6.89933824539, 4.80565738678, 3.92681074142, 3.37422347069, 2.91686153412, 2.77960443497, 1.73645079136, 1.46541666985, 0.588989317417, 0.401679575443, 0.106082320213, 0.0192357674241, 0.00421898020431, 0.000505622650962, 6.53234528727e-05]}, "zerocrossingrate": {"min": 0.001953125, "max": 0.380859375, "dvar2": 0.000267437979346, "median": 0.03173828125, "dmean2": 0.0114142261446, "dmean": 0.00973821524531, "var": 0.00157844903879, "dvar": 0.000238022883423, "mean": 0.0434903800488}, "spectral_contrast_coeffs": {"min": [-0.954038858414, -0.948715686798, -0.980872809887, -0.946260750294, -0.950848937035, -0.895051181316], "max": [-0.225815266371, -0.308745712042, -0.417698413134, -0.522581875324, -0.544461011887, -0.607255518436], "dvar2": [0.00406173244119, 0.00357343489304, 0.00204742955975, 0.00139739678707, 0.000800249690656, 0.000667532498483], "median": [-0.633738398552, -0.698672175407, -0.768563508987, -0.786896944046, -0.801518857479, -0.771990180016], "dmean2": [0.0765217840672, 0.0703002810478, 0.0547468885779, 0.0459602475166, 0.0331037081778, 0.025827113539], "dmean": [0.046992842108, 0.044097084552, 0.0343716219068, 0.0285582523793, 0.0205390173942, 0.0166650637984], "var": [0.0109365116805, 0.01075771451, 0.00589164625853, 0.00331764062867, 0.00197123433463, 0.00188185996376], "dvar": [0.00162018416449, 0.00148219743278, 0.000835154205561, 0.00055652478477, 0.000333185249474, 0.000312899675919], "mean": [-0.622494935989, -0.686228215694, -0.760204493999, -0.780102133751, -0.795307457447, -0.773999810219]}, "dissonance": {"min": 0.226778134704, "max": 0.5, "dvar2": 0.00102123676334, "median": 0.452859342098, "dmean2": 0.0341583788395, "dmean": 0.0207157544792, "var": 0.00163028854877, "dvar": 0.000402307952754, "mean": 0.444384306669}, "spectral_energyband_high": {"min": 4.07644895617e-09, "max": 0.0447353161871, "dvar2": 4.11422206525e-06, "median": 0.000103396436316, "dmean2": 0.000463491305709, "dmean": 0.000309968687361, "var": 2.71315593636e-06, "dvar": 1.80689175977e-06, "mean": 0.000528240634594}, "spectral_skewness": {"min": -0.370662808418, "max": 8.23341464996, "dvar2": 0.193541929126, "median": 1.66679692268, "dmean2": 0.38896587491, "dmean": 0.24091398716, "var": 0.544358611107, "dvar": 0.0749909207225, "mean": 1.76976883411}, "spectral_flux": {"min": 0.000167610691278, "max": 0.494993925095, "dvar2": 0.00489827059209, "median": 0.046385012567, "dmean2": 0.0411937832832, "dmean": 0.0256709456444, "var": 0.00404401123524, "dvar": 0.00215556309558, "mean": 0.0636468678713}, "silence_rate_30dB": {"min": 0, "max": 1, "dvar2": 0.0629310011864, "median": 1, "dmean2": 0.0630583316088, "dmean": 0.031526401639, "var": 0.0313465222716, "dvar": 0.0305363256484, "mean": 0.967600703239}, "spectral_energyband_middle_high": {"min": 5.38866906652e-09, "max": 0.090792529285, "dvar2": 4.00683784392e-05, "median": 0.000583732442465, "dmean2": 0.00158070295583, "dmean": 0.00099780689925, "var": 2.647137444e-05, "dvar": 1.54045210365e-05, "mean": 0.0019654694479}, "barkbands_spread": {"min": 0.0987108647823, "max": 110.895576477, "dvar2": 127.216117859, "median": 9.50801563263, "dmean2": 7.00104427338, "dmean": 4.56584978104, "var": 210.947616577, "dvar": 60.3118286133, "mean": 14.1360673904}, "spectral_centroid": {"min": 97.6075897217, "max": 5393.11181641, "dvar2": 232579.234375, "median": 660.547973633, "dmean2": 314.077911377, "dmean": 206.984832764, "var": 499804.65625, "dvar": 119958.5625, "mean": 900.324279785}, "pitch_salience": {"min": 0.0653248205781, "max": 0.904812991619, "dvar2": 0.0127420201898, "median": 0.507397770882, "dmean2": 0.117653273046, "dmean": 0.0734867677093, "var": 0.0185539666563, "dvar": 0.00546158198267, "mean": 0.50005364418}, "erbbands_skewness": {"min": -4.86568403244, "max": 9.09900283813, "dvar2": 0.551722049713, "median": 0.960144340992, "dmean2": 0.685121178627, "dmean": 0.448991268873, "var": 1.75305902958, "dvar": 0.250644475222, "mean": 1.07542145252}, "erbbands_crest": {"min": 2.54621100426, "max": 31.8726005554, "dvar2": 16.5076198578, "median": 9.83893680573, "dmean2": 4.27635765076, "dmean": 2.69892001152, "var": 32.3599128723, "dvar": 6.94167613983, "mean": 11.286075592}, "melbands": {"min": [1.90312787751e-09, 9.69405000717e-10, 1.17346055095e-09, 5.37755284746e-10, 2.29882765601e-10, 4.58952077731e-11, 4.56780793745e-11, 4.25037574581e-11, 7.06469674427e-11, 2.71448228478e-11, 9.5955160484e-11, 5.08833183921e-11, 2.58804071923e-11, 3.26185675692e-11, 1.59113729137e-11, 2.25841411544e-11, 2.30439990007e-11, 1.05756393226e-11, 1.52241535351e-11, 1.64567404842e-11, 1.88470038187e-11, 1.25397903866e-11, 1.10176954365e-11, 6.29177005634e-12, 5.38802466185e-12, 3.77594179882e-12, 8.68253993008e-12, 5.093194963e-12, 2.65144525259e-12, 2.99119431481e-12, 4.11267764636e-12, 3.29883082656e-12, 3.48639606768e-12, 2.98646784386e-12, 3.95449124835e-12, 3.1508001503e-12, 2.23412846383e-12, 3.35995489244e-12, 2.22776679916e-12, 2.67046692919e-12], "max": [0.0978038981557, 0.0561388581991, 0.0262059103698, 0.0256416257471, 0.0287581216544, 0.0183594897389, 0.0259700007737, 0.0150496978313, 0.00962326396257, 0.00880913343281, 0.00987147819251, 0.0119762597606, 0.00645940657705, 0.00365679967217, 0.00616614241153, 0.00248637120239, 0.00431151594967, 0.00361199001782, 0.00350750610232, 0.0015458422713, 0.00156040966976, 0.00116214563604, 0.000910051749088, 0.00046861593728, 0.000379922334105, 0.00049664999824, 0.000768784666434, 0.000608247471973, 0.000466553290607, 0.000522136921063, 0.000490782549605, 0.000501959933899, 0.000203100251383, 0.000161828313139, 0.000239350207266, 0.000168219528859, 0.000144439152791, 0.000129715845105, 0.000283769128146, 6.17320620222e-05], "dvar2": [0.000215542488149, 4.31331063737e-05, 2.15850491259e-06, 3.63747744814e-06, 3.78902313969e-06, 1.03103229776e-06, 8.13715644199e-07, 3.53594856506e-07, 8.89371065682e-08, 6.83093617226e-08, 5.50102967622e-08, 6.49810161235e-08, 3.18777573227e-08, 1.02724806439e-08, 1.3408828714e-08, 3.10219583355e-09, 7.09567471446e-09, 1.61149387168e-08, 8.16600742581e-09, 1.82196446818e-09, 1.84274684401e-09, 2.5459725439e-09, 4.53271864487e-09, 1.15720832916e-09, 5.67984326239e-10, 8.14079303968e-10, 7.12727765695e-10, 5.70283154033e-10, 3.85201592845e-10, 3.59306445707e-10, 3.1024982583e-10, 2.33162600338e-10, 8.1843899713e-11, 6.19770762489e-11, 1.27201971178e-10, 2.77512908486e-11, 2.89606012782e-11, 2.01512799503e-11, 4.40070931085e-11, 2.90101124546e-12], "median": [0.000418968469603, 0.000597186619416, 0.000395473092794, 0.000328626018018, 0.000234932274907, 0.000115092632768, 6.0664206103e-05, 2.47926382144e-05, 2.33579994529e-05, 1.56494716066e-05, 1.11212575575e-05, 8.70091753313e-06, 4.39897121396e-06, 3.34967171511e-06, 2.5777949304e-06, 2.54020437751e-06, 2.6391899155e-06, 3.49512038156e-06, 2.11945348383e-06, 1.50919163389e-06, 1.23799384255e-06, 1.23608674585e-06, 1.577879857e-06, 1.19003084365e-06, 8.79831645761e-07, 9.49359559854e-07, 8.57675559018e-07, 8.00945826995e-07, 4.65646451175e-07, 2.9016911185e-07, 2.69880814585e-07, 2.4046460112e-07, 1.85234853234e-07, 1.83555442845e-07, 1.98539069629e-07, 1.26601534589e-07, 1.25236311987e-07, 1.13062569085e-07, 6.9846912254e-08, 4.00938731104e-08], "dmean2": [0.00335180689581, 0.00198973272927, 0.000773705309257, 0.000765629694797, 0.00058576837182, 0.000348016037606, 0.000255757768173, 0.000138796676765, 8.70473304531e-05, 6.92216199241e-05, 5.90365561948e-05, 5.78204089834e-05, 3.61024285667e-05, 2.20718065975e-05, 1.78868558578e-05, 1.20997456179e-05, 1.72480067704e-05, 2.88597693725e-05, 1.73958524101e-05, 9.70595283434e-06, 8.36062827148e-06, 1.06318548205e-05, 1.35263544507e-05, 8.03322564025e-06, 6.25329676041e-06, 6.93341189617e-06, 5.99628174314e-06, 5.25963832843e-06, 4.17897354055e-06, 3.12073188979e-06, 2.77775620816e-06, 2.57477563537e-06, 1.79260439381e-06, 1.71656995462e-06, 1.98627549253e-06, 9.29159625684e-07, 9.78378807304e-07, 9.60286342888e-07, 9.11833637929e-07, 3.98445450855e-07], "dmean": [0.00199391972274, 0.00118604826275, 0.000477023306303, 0.000486653443659, 0.000372253940441, 0.000237836997258, 0.00017217171262, 9.46101135924e-05, 6.0246202338e-05, 4.78064866911e-05, 3.97939656978e-05, 3.68484652427e-05, 2.25556032092e-05, 1.40297725011e-05, 1.12699563033e-05, 7.70067345002e-06, 1.08530375655e-05, 1.77134697879e-05, 1.09847696876e-05, 6.06617231824e-06, 5.16140153195e-06, 6.11984523857e-06, 7.66705034039e-06, 4.71982912131e-06, 3.79690300178e-06, 4.12090230384e-06, 3.59563978236e-06, 3.19864329867e-06, 2.50333187068e-06, 1.88786907529e-06, 1.72008776644e-06, 1.60044771746e-06, 1.13180226435e-06, 1.11143447157e-06, 1.30108674057e-06, 6.33883530554e-07, 6.47628269235e-07, 6.47022261546e-07, 5.94492632899e-07, 2.6503795425e-07], "var": [6.61795129417e-05, 1.67915932252e-05, 3.04082595903e-06, 3.71501118934e-06, 2.86539420813e-06, 1.92948846234e-06, 1.38537575367e-06, 5.22363791333e-07, 1.4910939683e-07, 1.28510777131e-07, 8.84331967654e-08, 9.55332879471e-08, 3.13732613222e-08, 8.13452860626e-09, 8.44102476805e-09, 2.27632135363e-09, 4.31014601787e-09, 8.34281710382e-09, 5.23827736743e-09, 1.28962085455e-09, 8.02924227106e-10, 7.890803011e-10, 1.10625175687e-09, 3.61155688688e-10, 2.89866408654e-10, 3.01935781932e-10, 2.77268596971e-10, 2.49827131205e-10, 1.41273728826e-10, 1.17155035673e-10, 1.0887276497e-10, 8.51928666501e-11, 4.155333716e-11, 4.23299693908e-11, 9.45196976243e-11, 3.13602616098e-11, 2.88148827715e-11, 2.32370546416e-11, 2.07062093166e-11, 2.87742529456e-12], "dvar": [8.49531497806e-05, 1.66351146618e-05, 8.95432435755e-07, 1.43325200952e-06, 1.45983472066e-06, 4.74114216331e-07, 3.77863926815e-07, 1.71551207018e-07, 4.4832795254e-08, 3.49745974404e-08, 2.71626010573e-08, 2.74942753009e-08, 1.45603644697e-08, 4.56018822703e-09, 5.37935784806e-09, 1.31120736491e-09, 3.03076408414e-09, 6.51209530744e-09, 3.70579167353e-09, 8.31608615304e-10, 6.97469582089e-10, 9.43334077519e-10, 1.58445301324e-09, 4.14968281959e-10, 2.13911471869e-10, 3.01363739519e-10, 2.74638811693e-10, 2.34087332851e-10, 1.50666923382e-10, 1.37786004828e-10, 1.20495627365e-10, 9.10084368977e-11, 3.41986473862e-11, 2.66571660579e-11, 5.39328755267e-11, 1.37891078764e-11, 1.32609019252e-11, 9.07049522297e-12, 1.75466707136e-11, 1.36920108498e-12], "mean": [0.00211837957613, 0.00177444471046, 0.00104554207064, 0.00107766070869, 0.000775473832618, 0.000551848788746, 0.000378583266865, 0.000184452888789, 0.000130650485517, 0.000101022240415, 7.21249016351e-05, 5.82668653806e-05, 3.0555522244e-05, 1.94533531612e-05, 1.68331189343e-05, 1.20021777548e-05, 1.46750981003e-05, 2.29255801969e-05, 1.45758594954e-05, 8.70486746862e-06, 7.38287872082e-06, 7.04521289663e-06, 8.76474405231e-06, 6.12367512076e-06, 5.70574911762e-06, 5.710277037e-06, 5.03286128151e-06, 4.46325475423e-06, 3.16461228067e-06, 2.39542146119e-06, 2.20974720833e-06, 2.00002068595e-06, 1.61001014476e-06, 1.66419533798e-06, 1.88415197044e-06, 1.03493869119e-06, 1.07573509922e-06, 1.09854238417e-06, 8.02964223112e-07, 3.74786878865e-07]}, "spectral_entropy": {"min": 3.90952992439, "max": 8.74241447449, "dvar2": 0.109334148467, "median": 7.16801643372, "dmean2": 0.287872433662, "dmean": 0.192112565041, "var": 0.405794352293, "dvar": 0.0502959415317, "mean": 7.11526536942}, "spectral_rolloff": {"min": 64.599609375, "max": 13242.9199219, "dvar2": 2056587.375, "median": 409.130859375, "dmean2": 589.668395996, "dmean": 354.882873535, "var": 2168888.25, "dvar": 948645.375, "mean": 924.146118164}, "barkbands": {"min": [1.77176138344e-11, 3.18446113923e-09, 5.04677910573e-10, 1.63058944125e-09, 1.60007251893e-09, 1.8561892301e-10, 3.11219439109e-10, 2.24039259367e-10, 2.10434489278e-10, 5.14223774672e-10, 1.16772688741e-10, 2.37431102557e-10, 2.23195142923e-10, 2.1836382702e-10, 1.84064541386e-10, 2.25793730935e-10, 1.87716175937e-10, 1.39785932829e-10, 1.10194471603e-10, 2.50778398048e-10, 1.77208164809e-10, 1.71137048977e-10, 2.60446303413e-10, 2.3568427765e-10, 2.5243240831e-10, 3.97557792242e-10, 1.86677828751e-09], "max": [0.0179396681488, 0.32274839282, 0.159208834171, 0.062800809741, 0.165411308408, 0.0854419842362, 0.118584558368, 0.0604550689459, 0.0566366016865, 0.0792301446199, 0.039243105799, 0.0423934087157, 0.025744156912, 0.0380850620568, 0.0561962425709, 0.0184625908732, 0.0155728692189, 0.0105496989563, 0.0113299740478, 0.0219897795469, 0.0199319180101, 0.0197127256542, 0.00814655516297, 0.0122073963284, 0.00933266803622, 0.00211736257188, 0.00151517707855], "dvar2": [3.45519106304e-06, 0.00246814661659, 3.36441044055e-05, 9.6153571576e-06, 0.000113076210255, 2.660681821e-05, 1.76040030055e-05, 4.67652807856e-06, 3.03366459775e-06, 3.74067326447e-06, 1.57912370469e-06, 9.12596021863e-07, 3.77954080477e-07, 1.06887546281e-06, 1.80658946647e-06, 3.43209507037e-07, 8.43741247536e-07, 6.0151813841e-07, 4.53291448821e-07, 5.1929799838e-07, 5.59907675779e-07, 3.64235461348e-07, 2.08304385296e-07, 1.49770812641e-07, 8.82571384864e-08, 8.78450912012e-09, 2.87551071843e-09], "median": [1.46037064042e-05, 0.00164680555463, 0.00076425995212, 0.000495102955028, 0.00177962193266, 0.000625162618235, 0.000194768494111, 9.73707428784e-05, 0.000114772337838, 7.11242100806e-05, 2.84414381895e-05, 2.64876325673e-05, 2.38365137193e-05, 3.6860255932e-05, 2.96577618428e-05, 2.38448992604e-05, 2.18500772462e-05, 2.86414360744e-05, 2.46282379521e-05, 2.66958086286e-05, 1.38702143886e-05, 1.20296372188e-05, 1.14341910376e-05, 1.11805502456e-05, 4.33212335338e-06, 1.23292647913e-06, 1.90778962406e-07], "dmean2": [0.000400308606913, 0.0115097416565, 0.00238651316613, 0.00156334345229, 0.00375040271319, 0.00183405866846, 0.00113253202289, 0.00055232498562, 0.000488846271764, 0.000445932528237, 0.000259340013145, 0.000187601806829, 0.000136692557135, 0.00025267212186, 0.000258012034465, 0.000135534923174, 0.000192101651919, 0.000184080083272, 0.000169078804902, 0.000160011171829, 0.000131102409796, 0.000105317951238, 9.38259254326e-05, 7.50473118387e-05, 5.55935148441e-05, 1.6378622604e-05, 6.63207129037e-06], "dmean": [0.000249125150731, 0.0068336953409, 0.00147228478454, 0.000943702470977, 0.00236985879019, 0.00123756122775, 0.000757592904847, 0.000382816506317, 0.000338850950357, 0.000287532544462, 0.000160588198924, 0.000118604999443, 8.60472937347e-05, 0.000156127192895, 0.000163344229804, 8.45734102768e-05, 0.000109318760224, 0.000107776082586, 0.000101273610198, 9.78697935352e-05, 8.01019559731e-05, 6.66760170134e-05, 6.21254366706e-05, 5.14225866937e-05, 3.64255647582e-05, 1.09007551146e-05, 3.93287746192e-06], "var": [1.23399911445e-06, 0.000736896938179, 4.25158323196e-05, 1.12224715849e-05, 8.29892378533e-05, 4.50225525128e-05, 2.77820327028e-05, 7.33868364478e-06, 5.73668148718e-06, 6.27234112471e-06, 1.38769541991e-06, 7.05125046352e-07, 2.72889081998e-07, 6.02084980983e-07, 1.19059973258e-06, 2.09244305438e-07, 2.33588608012e-07, 1.83122708108e-07, 1.78331532652e-07, 2.23867218097e-07, 1.96314175582e-07, 1.56684293984e-07, 1.71313786268e-07, 1.5381202445e-07, 7.04333018575e-08, 4.88500262463e-09, 6.88027412821e-10], "dvar": [1.43875524827e-06, 0.000959733442869, 1.52846514538e-05, 3.74057322006e-06, 4.31116786785e-05, 1.18274801935e-05, 8.3334325609e-06, 2.36574851442e-06, 1.58609657319e-06, 1.68955614299e-06, 6.96131962741e-07, 4.28247233231e-07, 1.52321590008e-07, 4.44817317202e-07, 8.29434384286e-07, 1.4673847204e-07, 3.05104521203e-07, 2.1490281199e-07, 1.68203953876e-07, 2.09958756159e-07, 2.18292868226e-07, 1.47140724494e-07, 9.20789702263e-08, 6.90590553631e-08, 3.88280056995e-08, 3.84986531543e-09, 1.02446895411e-09], "mean": [0.000239638713538, 0.00742454407737, 0.00281963171437, 0.00175722548738, 0.00520941894501, 0.00281457183883, 0.00155352579895, 0.000755145854782, 0.00072185479803, 0.000488965015393, 0.000210291109397, 0.00016513535229, 0.000129050604301, 0.00020273552218, 0.000214129526285, 0.000128142914036, 0.000123770427308, 0.000141653275932, 0.000147422601003, 0.000142293574754, 0.000104958759039, 9.3581758847e-05, 9.60579345701e-05, 8.84460678208e-05, 5.24205825059e-05, 1.37221049954e-05, 3.4955501178e-06]}, "melbands_flatness_db": {"min": 0.0175124946982, "max": 0.755824029446, "dvar2": 0.00297296606004, "median": 0.266266524792, "dmean2": 0.0434718206525, "dmean": 0.0290646050125, "var": 0.00774341728538, "dvar": 0.00140362000093, "mean": 0.26889821887}, "melbands_skewness": {"min": -2.15982747078, "max": 22.7295265198, "dvar2": 3.40312790871, "median": 3.32121062279, "dmean2": 1.45322990417, "dmean": 0.949619650841, "var": 5.54620170593, "dvar": 1.52979183197, "mean": 3.74243927002}, "barkbands_skewness": {"min": -4.50546646118, "max": 27.4969902039, "dvar2": 5.00402784348, "median": 2.54873847961, "dmean2": 1.30943787098, "dmean": 0.848994135857, "var": 5.01437234879, "dvar": 2.1528365612, "mean": 2.84801459312}, "silence_rate_60dB": {"min": 0, "max": 1, "dvar2": 0.0602889657021, "median": 0, "dmean2": 0.0543002262712, "dmean": 0.0271477364004, "var": 0.114093720913, "dvar": 0.0264087300748, "mean": 0.131348505616}, "spectral_energyband_low": {"min": 1.28095010155e-08, "max": 0.339344084263, "dvar2": 0.00259055779316, "median": 0.00402953661978, "dmean2": 0.0135913155973, "dmean": 0.0082459943369, "var": 0.000914611737244, "dvar": 0.00103652663529, "mean": 0.0113605922088}, "spectral_energyband_middle_low": {"min": 2.5444895968e-08, "max": 0.224474191666, "dvar2": 0.000203422896448, "median": 0.00732734892517, "dmean2": 0.00672697322443, "dmean": 0.00436855666339, "var": 0.000241334404564, "dvar": 8.0858997535e-05, "mean": 0.0129148345441}, "melbands_kurtosis": {"min": -1.88765799999, "max": 1003.29486084, "dvar2": 3731.23779297, "median": 20.6664543152, "dmean2": 26.4867172241, "dmean": 16.7690429688, "var": 2710.86425781, "dvar": 1629.84814453, "mean": 35.7278518677}, "spectral_decrease": {"min": -9.17641571618e-08, "max": -2.63727943292e-14, "dvar2": 1.78030840692e-16, "median": -4.20121670786e-09, "dmean2": 4.8431063604e-09, "dmean": 3.02158276178e-09, "var": 8.24871719853e-17, "dvar": 7.17773535746e-17, "mean": -6.5598513288e-09}, "erbbands_kurtosis": {"min": -1.90564858913, "max": 113.181289673, "dvar2": 36.689617157, "median": 0.627382993698, "dmean2": 3.02554655075, "dmean": 1.91603803635, "var": 71.5043563843, "dvar": 15.312084198, "mean": 2.97584176064}, "melbands_crest": {"min": 2.63861584663, "max": 34.6432189941, "dvar2": 23.0348930359, "median": 15.9175205231, "dmean2": 5.03022623062, "dmean": 3.17115211487, "var": 35.6128234863, "dvar": 9.75084877014, "mean": 16.6834411621}, "gfcc": {"cov": [[8614.60546875, -879.593322754, 24.9270000458, 400.528930664, -406.547637939, 255.277023315, -25.7932910919, 350.467407227, -128.692718506, 263.667480469, -42.9624214172, 93.1421661377, -51.8533096313], [-879.593322754, 1478.61022949, 180.03175354, -27.9749240875, 187.750717163, -200.424713135, 129.344009399, -179.843109131, 122.341468811, -141.549484253, 149.003890991, -66.8940048218, 21.7101097107], [24.9270000458, 180.03175354, 1253.34082031, 276.467132568, 98.7536468506, 185.125518799, 14.9386396408, 36.6928024292, -50.440788269, 51.9107971191, 36.7812652588, 20.2098331451, 3.36993026733], [400.528930664, -27.9749240875, 276.467132568, 530.114807129, 100.547264099, 73.4269561768, 70.7248077393, 14.446428299, 15.9692792892, -20.2835330963, 8.61526489258, 20.5580425262, 4.72306966782], [-406.547637939, 187.750717163, 98.7536468506, 100.547264099, 360.993408203, 76.9643783569, 76.8287811279, 20.0889892578, 32.1576309204, -20.5992259979, 3.61928415298, 7.89022636414, 7.03527021408], [255.277023315, -200.424713135, 185.125518799, 73.4269561768, 76.9643783569, 364.85736084, 72.7289428711, 62.7205276489, -9.67813205719, 61.5552635193, 10.2281312943, -3.51019239426, -9.2967376709], [-25.7932910919, 129.344009399, 14.9386396408, 70.7248077393, 76.8287811279, 72.7289428711, 223.226928711, 26.2973003387, 33.5345191956, 6.01202201843, 31.9918746948, 8.6499376297, -4.6014714241], [350.467407227, -179.843109131, 36.6928024292, 14.446428299, 20.0889892578, 62.7205276489, 26.2973003387, 190.776824951, 30.4299964905, 57.5760574341, -4.7133603096, 10.6824607849, 2.27280187607], [-128.692718506, 122.341468811, -50.440788269, 15.9692792892, 32.1576309204, -9.67813205719, 33.5345191956, 30.4299964905, 142.489898682, 27.2300033569, 31.0350532532, 0.815896570683, 0.256363600492], [263.667480469, -141.549484253, 51.9107971191, -20.2835330963, -20.5992259979, 61.5552635193, 6.01202201843, 57.5760574341, 27.2300033569, 153.717956543, 29.7999038696, 9.84533882141, -0.443926036358], [-42.9624214172, 149.003890991, 36.7812652588, 8.61526489258, 3.61928415298, 10.2281312943, 31.9918746948, -4.7133603096, 31.0350532532, 29.7999038696, 125.524528503, 34.0032348633, 28.7295684814], [93.1421661377, -66.8940048218, 20.2098331451, 20.5580425262, 7.89022636414, -3.51019239426, 8.6499376297, 10.6824607849, 0.815896570683, 9.84533882141, 34.0032348633, 124.056312561, 37.6061820984], [-51.8533096313, 21.7101097107, 3.36993026733, 4.72306966782, 7.03527021408, -9.2967376709, -4.6014714241, 2.27280187607, 0.256363600492, -0.443926036358, 28.7295684814, 37.6061820984, 120.42023468]], "icov": [[0.00016267542378, -9.08714864636e-05, 8.759922639e-05, -0.00022148701828, 0.000254853861406, -0.000124660335132, 7.98718247097e-05, -0.000328015681589, 0.000288883951725, -0.000284972105874, 0.000149522194988, -0.000196806446183, 0.000101519413874], [-9.08714864636e-05, 0.00187100283802, -0.000647527282126, 0.000713500427082, -0.000976329494733, 0.00118560029659, -0.0010523092933, 0.00145688594785, -0.00160192220937, 0.0016933970619, -0.00225497293286, 0.00168858608231, -0.000285137648461], [8.759922639e-05, -0.000647527282126, 0.00126048899256, -0.000817307271063, 0.000233196929912, -0.000772588246036, 0.000629185757134, -0.000660590070765, 0.00115648040082, -0.000962860591244, 0.000419960852014, -0.000615602766629, 0.000200525348191], [-0.00022148701828, 0.000713500427082, -0.000817307271063, 0.00283576431684, -0.000907313835341, 0.000362142222002, -0.00095791707281, 0.000851119752042, -0.00127770099789, 0.00147285591811, -0.000700394739397, 0.000433184497524, -0.000244091439527], [0.000254853861406, -0.000976329494733, 0.000233196929912, -0.000907313835341, 0.00410385522991, -0.0012685173424, -0.000200438764296, -0.001201457344, 0.000267346564215, -0.000292360404273, 0.00155850697774, -0.00118746736553, -1.04899481812e-05], [-0.000124660335132, 0.00118560029659, -0.000772588246036, 0.000362142222002, -0.0012685173424, 0.00440636277199, -0.00161788228434, 0.000337686738931, -0.000211044345633, -0.000160697847605, -0.00145654939115, 0.00151305424515, -3.9069687773e-05], [7.98718247097e-05, -0.0010523092933, 0.000629185757134, -0.00095791707281, -0.000200438764296, -0.00161788228434, 0.0061715785414, -0.00131531385705, 0.000201950097107, -0.000510643702, -0.000138024013722, -0.00107384065632, 0.000757499132305], [-0.000328015681589, 0.00145688594785, -0.000660590070765, 0.000851119752042, -0.001201457344, 0.000337686738931, -0.00131531385705, 0.00803588423878, -0.00282779172994, -0.000510525307618, -0.000307873851852, 0.000842908688355, -0.00071010645479], [0.000288883951725, -0.00160192220937, 0.00115648040082, -0.00127770099789, 0.000267346564215, -0.000211044345633, 0.000201950097107, -0.00282779172994, 0.0103172305971, -0.0031000636518, -0.0001496183977, -0.000852623605169, 0.000728694314603], [-0.000284972105874, 0.0016933970619, -0.000962860591244, 0.00147285591811, -0.000292360404273, -0.000160697847605, -0.000510643702, -0.000510525307618, -0.0031000636518, 0.0105309998617, -0.00391803914681, 0.00136475265026, 8.99469669093e-05], [0.000149522194988, -0.00225497293286, 0.000419960852014, -0.000700394739397, 0.00155850697774, -0.00145654939115, -0.000138024013722, -0.000307873851852, -0.0001496183977, -0.00391803914681, 0.0131823336706, -0.00421322882175, -0.00155970139895], [-0.000196806446183, 0.00168858608231, -0.000615602766629, 0.000433184497524, -0.00118746736553, 0.00151305424515, -0.00107384065632, 0.000842908688355, -0.000852623605169, 0.00136475265026, -0.00421322882175, 0.0111476555467, -0.0027289793361], [0.000101519413874, -0.000285137648461, 0.000200525348191, -0.000244091439527, -1.04899481812e-05, -3.9069687773e-05, 0.000757499132305, -0.00071010645479, 0.000728694314603, 8.99469669093e-05, -0.00155970139895, -0.0027289793361, 0.00966640561819]], "mean": [-62.705406189, 105.211120605, -93.2408599854, 38.7259407043, -58.5297927856, 5.81409788132, -38.0078086853, 2.52697253227, -20.1254196167, -2.82162165642, -10.528550148, -4.45016336441, -6.44343757629]}, "melbands_spread": {"min": 0.141402944922, "max": 237.513305664, "dvar2": 317.672943115, "median": 8.01418590546, "dmean2": 8.14496517181, "dmean": 5.37706708908, "var": 404.584442139, "dvar": 155.928253174, "mean": 14.1265888214}, "spectral_energy": {"min": 1.09944657822e-07, "max": 0.349099904299, "dvar2": 0.0025738379918, "median": 0.0166522786021, "dmean2": 0.0187476146966, "dmean": 0.0117180868983, "var": 0.00122546812054, "dvar": 0.00103930581827, "mean": 0.0258418973535}, "mfcc": {"cov": [[8178.03076172, -835.165527344, -130.137924194, 194.735946655, -316.285919189, -12.8320264816, 24.1185817719, 50.3339347839, 58.279548645, 58.4604263306, 89.4856491089, 9.48617553711, 126.25038147], [-835.165527344, 1399.62390137, 102.754676819, 92.744644165, 49.6321525574, -5.65265893936, -8.56188392639, 21.464717865, -118.759674072, 35.9715232849, -3.61846923828, 4.94795799255, -1.58571124077], [-130.137924194, 102.754676819, 1021.98907471, 194.346160889, 159.541320801, 143.190292358, 138.352249146, 5.25187158585, 11.6707868576, -5.24428701401, 44.7780151367, 54.1811676025, -9.91132736206], [194.735946655, 92.744644165, 194.346160889, 476.40612793, 76.7409439087, 47.9029960632, 18.5968093872, 73.363243103, 5.10278892517, -1.43138289452, -26.9630794525, 15.149561882, 26.0405654907], [-316.285919189, 49.6321525574, 159.541320801, 76.7409439087, 301.279724121, 72.0574951172, 67.7595367432, 34.2656135559, 59.4301452637, -0.13731084764, 0.826828360558, 29.432674408, 13.0969152451], [-12.8320264816, -5.65265893936, 143.190292358, 47.9029960632, 72.0574951172, 260.617095947, 107.441192627, 58.7933120728, 23.9593734741, 17.1697845459, 24.0779018402, 31.9672527313, 10.7064056396], [24.1185817719, -8.56188392639, 138.352249146, 18.5968093872, 67.7595367432, 107.441192627, 225.18939209, 52.2559509277, 55.6988067627, 14.4519376755, 24.9909763336, 37.4776649475, 7.67408275604], [50.3339347839, 21.464717865, 5.25187158585, 73.363243103, 34.2656135559, 58.7933120728, 52.2559509277, 178.571853638, 25.8515434265, 16.5573120117, -2.09085321426, 18.3702716827, 23.2422962189], [58.279548645, -118.759674072, 11.6707868576, 5.10278892517, 59.4301452637, 23.9593734741, 55.6988067627, 25.8515434265, 156.226669312, 26.4630088806, 19.9516296387, 23.3219680786, 5.04576301575], [58.4604263306, 35.9715232849, -5.24428701401, -1.43138289452, -0.13731084764, 17.1697845459, 14.4519376755, 16.5573120117, 26.4630088806, 135.055908203, 46.4032325745, 14.890753746, 4.43651294708], [89.4856491089, -3.61846923828, 44.7780151367, -26.9630794525, 0.826828360558, 24.0779018402, 24.9909763336, -2.09085321426, 19.9516296387, 46.4032325745, 124.306037903, 41.4242324829, 9.0608253479], [9.48617553711, 4.94795799255, 54.1811676025, 15.149561882, 29.432674408, 31.9672527313, 37.4776649475, 18.3702716827, 23.3219680786, 14.890753746, 41.4242324829, 123.627487183, 33.5302581787], [126.25038147, -1.58571124077, -9.91132736206, 26.0405654907, 13.0969152451, 10.7064056396, 7.67408275604, 23.2422962189, 5.04576301575, 4.43651294708, 9.0608253479, 33.5302581787, 103.134971619]], "icov": [[0.000144790421473, 8.52362209116e-05, 7.01575118001e-06, -0.000103089827462, 0.00017540306726, 1.25733595269e-05, -4.89616177219e-05, -1.06991556095e-05, -1.80689366971e-05, -4.0712471673e-05, -0.00010931360157, 5.84615481785e-05, -0.000173520631506], [8.52362209116e-05, 0.000864253437612, -3.58959659934e-05, -0.000166279787663, -0.000142362012411, 0.00014253811969, -9.78175812634e-05, -0.00012090720702, 0.000800386827905, -0.000404337915825, -2.85219521174e-05, -4.81296701764e-05, -1.83219290193e-05], [7.01575118001e-06, -3.58959659934e-05, 0.00130780145992, -0.000512995349709, -0.000434342975495, -0.000353337294655, -0.000574929523282, 0.000450484512839, 0.000284032954369, 0.000222700298764, -0.000473156542284, -0.000230045159697, 0.000372045004042], [-0.000103089827462, -0.000166279787663, -0.000512995349709, 0.00266552041285, -0.000423258083174, -0.000109855362098, 0.000452994776424, -0.000962950638495, -2.57684841927e-05, -8.13843798824e-05, 0.000851287506521, -0.000119441385323, -0.000381419144105], [0.00017540306726, -0.000142362012411, -0.000434342975495, -0.000423258083174, 0.00446725590155, -0.000595270365011, -0.000353022041963, -0.000100512967038, -0.00163591955788, 0.00031351603684, 0.000360508478479, -0.000271560391411, -0.000485187018057], [1.25733595269e-05, 0.00014253811969, -0.000353337294655, -0.000109855362098, -0.000595270365011, 0.00528040714562, -0.00188713695388, -0.0010655594524, 0.000548001553398, -0.000325535511365, -0.000442919437774, -0.000245905248448, -5.38086578672e-06], [-4.89616177219e-05, -9.78175812634e-05, -0.000574929523282, 0.000452994776424, -0.000353022041963, -0.00188713695388, 0.0065593146719, -0.00110395113006, -0.00165914359968, 0.000170226892806, -0.000194830208784, -0.000751684536226, 0.000225600248086], [-1.06991556095e-05, -0.00012090720702, 0.000450484512839, -0.000962950638495, -0.000100512967038, -0.0010655594524, -0.00110395113006, 0.00699429353699, -0.000562578614336, -0.000614479533397, 0.0006546220975, -0.000248037744313, -0.000995947862975], [-1.80689366971e-05, 0.000800386827905, 0.000284032954369, -2.57684841927e-05, -0.00163591955788, 0.000548001553398, -0.00165914359968, -0.000562578614336, 0.00862340815365, -0.00148393388372, -0.000462694035377, -0.000714877212886, 0.000384323415346], [-4.0712471673e-05, -0.000404337915825, 0.000222700298764, -8.13843798824e-05, 0.00031351603684, -0.000325535511365, 0.000170226892806, -0.000614479533397, -0.00148393388372, 0.00902498979121, -0.00328447739594, 0.000247847958235, 9.7715848824e-05], [-0.00010931360157, -2.85219521174e-05, -0.000473156542284, 0.000851287506521, 0.000360508478479, -0.000442919437774, -0.000194830208784, 0.0006546220975, -0.000462694035377, -0.00328447739594, 0.0109363729134, -0.00306189525872, -6.12921867287e-05], [5.84615481785e-05, -4.81296701764e-05, -0.000230045159697, -0.000119441385323, -0.000271560391411, -0.000245905248448, -0.000751684536226, -0.000248037744313, -0.000714877212886, 0.000247847958235, -0.00306189525872, 0.0105469021946, -0.00302800838836], [-0.000173520631506, -1.83219290193e-05, 0.000372045004042, -0.000381419144105, -0.000485187018057, -5.38086578672e-06, 0.000225600248086, -0.000995947862975, 0.000384323415346, 9.7715848824e-05, -6.12921867287e-05, -0.00302800838836, 0.0112768663093]], "mean": [-712.496032715, 131.299209595, 22.0151596069, 32.3580436707, 6.19956350327, 3.22677326202, -2.36808657646, 0.760125637054, -5.91905736923, 4.16936588287, -4.42503452301, -3.84994292259, -5.09754610062]}, "spectral_contrast_valleys": {"min": [-13.4314241409, -13.2276220322, -13.7105979919, -13.9082765579, -13.989066124, -15.6614456177], "max": [-4.94432830811, -4.64848470688, -4.92063570023, -5.51286268234, -5.20096206665, -7.25400733948], "dvar2": [0.26916962862, 0.222038134933, 0.264827758074, 0.230407193303, 0.293266445398, 0.336058348417], "median": [-7.20602416992, -7.31781291962, -8.15714073181, -8.65131378174, -8.35131072998, -10.8046951294], "dmean2": [0.607624650002, 0.535421073437, 0.504312753677, 0.439571231604, 0.386024802923, 0.376350522041], "dmean": [0.368789255619, 0.329100638628, 0.313279777765, 0.277429074049, 0.25144046545, 0.291842907667], "var": [1.55493783951, 0.831837296486, 0.829069554806, 0.831699132919, 1.03412282467, 1.31521892548], "dvar": [0.111117199063, 0.0898410901427, 0.116970524192, 0.106865383685, 0.137133404613, 0.183382421732], "mean": [-7.50843763351, -7.42918968201, -8.24106884003, -8.70726013184, -8.40031719208, -10.9006662369]}, "barkbands_flatness_db": {"min": 0.0191846564412, "max": 0.613131701946, "dvar2": 0.00206035864539, "median": 0.182837411761, "dmean2": 0.037908334285, "dmean": 0.0250692460686, "var": 0.00496739009395, "dvar": 0.000931688002311, "mean": 0.188528895378}, "dynamic_complexity": 4.64231872559, "erbbands_flatness_db": {"min": 0.041526902467, "max": 0.42467930913, "dvar2": 0.000725508551113, "median": 0.162280157208, "dmean2": 0.0258706528693, "dmean": 0.0178144946694, "var": 0.002888842485