{"lowlevel": {"spectral_complexity": {"min": 0, "max": 61, "dvar2": 43.5611038208, "median": 11, "dmean2": 4.9533700943, "dmean": 3.21693992615, "var": 63.9122123718, "dvar": 21.3689804077, "mean": 11.9605045319}, "silence_rate_20dB": {"min": 1, "max": 1, "dvar2": 0, "median": 1, "dmean2": 0, "dmean": 0, "var": 0, "dvar": 0, "mean": 1}, "average_loudness": 0.701262593269, "erbbands_spread": {"min": 0.915257394314, "max": 166.861114502, "dvar2": 352.849304199, "median": 37.8002128601, "dmean2": 17.0629405975, "dmean": 11.0070924759, "var": 559.722717285, "dvar": 154.935348511, "mean": 41.7827796936}, "spectral_kurtosis": {"min": -1.23720371723, "max": 57.0855369568, "dvar2": 11.4884843826, "median": 3.87285661697, "dmean2": 2.45645689964, "dmean": 1.57411003113, "var": 19.6612319946, "dvar": 5.12221622467, "mean": 4.82429218292}, "barkbands_kurtosis": {"min": -1.91683340073, "max": 308.382385254, "dvar2": 266.170379639, "median": 6.03249883652, "dmean2": 8.55894947052, "dmean": 5.49757432938, "var": 189.715408325, "dvar": 106.566268921, "mean": 9.65589332581}, "spectral_strongpeak": {"min": 0, "max": 15.2159576416, "dvar2": 1.50038003922, "median": 0.5189858675, "dmean2": 0.767824292183, "dmean": 0.465949296951, "var": 1.4551192522, "dvar": 0.614208579063, "mean": 0.935360312462}, "spectral_spread": {"min": 1330905.375, "max": 41428760, "dvar2": 1752583766020.0, "median": 5556708, "dmean2": 1086165.5, "dmean": 715336.8125, "var": 7037290807300.0, "dvar": 853302902784, "mean": 5912217}, "spectral_rms": {"min": 3.15363945895e-12, "max": 0.0124112516642, "dvar2": 2.43703698288e-06, "median": 0.00379678606987, "dmean2": 0.00134574330878, "dmean": 0.00102460244671, "var": 6.2165536292e-06, "dvar": 1.55104612531e-06, "mean": 0.00417541712523}, "erbbands": {"min": [1.96627707947e-22, 1.08015904047e-21, 5.35925876008e-21, 1.28587940408e-20, 3.5339543606e-20, 3.04110722695e-20, 2.66568969035e-20, 1.22849904821e-19, 1.24088232972e-19, 1.04163791386e-19, 2.83468669616e-19, 5.35796108819e-19, 5.95037233326e-19, 1.22593450397e-18, 1.27823992583e-18, 2.00542081298e-18, 1.8375598105e-18, 2.03950416973e-18, 2.09000830242e-18, 3.37959114919e-18, 3.32686210746e-18, 5.58070552431e-18, 5.87866632071e-18, 7.78004476983e-18, 8.85817543662e-18, 9.00150929316e-18, 7.94161216861e-18, 9.93615555653e-18, 8.47232545936e-18, 1.08154708816e-17, 1.16615881399e-17, 1.13292186979e-17, 1.03585553363e-17, 8.78744983988e-18, 5.86601376606e-18, 4.23330854298e-18, 2.43642616628e-18, 1.0864969783e-18, 2.85633944116e-19, 3.00313543631e-20], "max": [0.927977025509, 13.6634588242, 75.2814331055, 145.655502319, 243.936676025, 139.410614014, 329.057281494, 382.8565979, 933.837890625, 939.934936523, 2002.08544922, 2238.93237305, 3388.60644531, 2810.56201172, 1854.40063477, 1062.59143066, 2973.1628418, 3863.4831543, 2722.08349609, 1909.70996094, 2053.38964844, 2575.05761719, 2586.20092773, 1371.17480469, 589.60546875, 490.566162109, 581.982421875, 494.214080811, 593.652587891, 483.23739624, 886.411560059, 400.74822998, 221.706222534, 104.068656921, 58.1865348816, 12.1496419907, 4.74195766449, 1.2961524725, 0.374057918787, 0.0136011140421], "dvar2": [0.00960284937173, 4.7772731781, 163.109085083, 405.382080078, 737.234863281, 322.186706543, 617.198730469, 1002.53430176, 3476.50830078, 4259.22705078, 12513.6660156, 8615.62988281, 11165.484375, 5426.96533203, 3176.74389648, 2430.15600586, 3673.30004883, 7998.71875, 10051.8134766, 4120.08154297, 3645.36962891, 2935.81005859, 3170.35302734, 1221.84509277, 478.374816895, 360.705078125, 400.027099609, 334.54675293, 501.358032227, 779.787109375, 1103.45385742, 368.550811768, 234.490371704, 56.8970184326, 25.8202953339, 1.89693140984, 0.114724606276, 0.00430421857163, 0.000151136206114, 3.19761710443e-07], "median": [0.00725062657148, 0.0730300024152, 0.34963709116, 1.49859809875, 4.00413131714, 4.43272590637, 7.41214942932, 8.32668876648, 10.3645629883, 8.112241745, 8.32785415649, 6.21256256104, 4.51559829712, 3.90437269211, 3.71184015274, 3.04440975189, 2.97196483612, 3.10277223587, 2.54745936394, 1.78613984585, 1.33827567101, 1.23684883118, 1.35652208328, 1.35108947754, 1.23312163353, 1.41557073593, 1.09652447701, 0.933651328087, 1.26739907265, 1.49012601376, 0.801185965538, 0.490215241909, 0.382016777992, 0.381587743759, 0.185630023479, 0.0427780896425, 0.0142541639507, 0.00321096065454, 0.000250679586316, 3.55330921593e-05], "dmean2": [0.0431822128594, 0.964209735394, 6.03193187714, 9.42865085602, 14.7483472824, 10.7057228088, 14.6455993652, 16.6350402832, 26.8841152191, 26.2663669586, 38.1957321167, 28.8943386078, 24.5591030121, 18.6326255798, 15.9785776138, 14.0961427689, 17.3427429199, 19.5507965088, 17.4785366058, 12.3094358444, 13.8735933304, 12.7914857864, 11.2091236115, 8.25682830811, 6.89583158493, 6.14417982101, 4.86338758469, 4.61877775192, 6.18341493607, 7.52718448639, 7.24936389923, 5.07130002975, 3.72669243813, 2.2051358223, 1.27484917641, 0.371200114489, 0.107795029879, 0.0197162516415, 0.00243109418079, 0.00012144313223], "dmean": [0.0288220494986, 0.606225430965, 4.0252699852, 6.15524530411, 8.91749382019, 6.48961877823, 9.14804363251, 10.7542304993, 16.9620304108, 16.9552555084, 24.7384033203, 19.3150367737, 16.227809906, 12.3161678314, 10.7537345886, 8.76048660278, 10.9744091034, 12.5538158417, 10.7687749863, 7.70919418335, 8.28002643585, 7.68831825256, 6.93700551987, 5.03032159805, 4.4331240654, 4.03611946106, 3.20850658417, 3.14647650719, 4.18051099777, 4.87163305283, 4.53928565979, 3.24207234383, 2.32074737549, 1.37310552597, 0.768818497658, 0.227190509439, 0.0691938474774, 0.0120082879439, 0.00141765049193, 7.40944742574e-05], "var": [0.00538865663111, 1.96253716946, 87.6879119873, 182.099075317, 328.217651367, 182.50378418, 483.589782715, 927.646972656, 2841.76342773, 4674.32519531, 15780.7167969, 15486.4804688, 12058.6640625, 5807.91064453, 4044.57739258, 1593.4934082, 5337.01171875, 8643.85058594, 5324.83349609, 2739.71484375, 2393.37573242, 1976.26794434, 2138.42773438, 569.614440918, 435.817382812, 394.421630859, 358.509307861, 377.198150635, 590.658935547, 540.171630859, 521.469848633, 253.088256836, 106.528991699, 34.3016929626, 11.2903347015, 0.855711698532, 0.122505314648, 0.00291210180148, 0.000143822311657, 2.42907105985e-07], "dvar": [0.00407645432279, 1.96908080578, 76.9428939819, 171.446853638, 277.949249268, 124.352592468, 240.285247803, 420.646606445, 1469.12304688, 1752.1217041, 5239.16162109, 4040.82958984, 5510.47509766, 2503.96630859, 1617.94006348, 975.2734375, 1829.91809082, 3928.58642578, 3782.96435547, 1801.29577637, 1590.58837891, 1228.06933594, 1406.83325195, 459.94329834, 230.435531616, 185.180877686, 196.781036377, 182.11932373, 268.727081299, 343.70135498, 439.773345947, 159.056167603, 90.6155166626, 22.5013046265, 9.61210346222, 0.724591255188, 0.050426799804, 0.00165599118918, 5.86112328165e-05, 1.28539070943e-07], "mean": [0.0408765748143, 0.644195735455, 4.09193229675, 6.68375062943, 11.1857643127, 9.59665775299, 14.9689598083, 19.3108253479, 27.5176582336, 32.5445251465, 46.603351593, 37.501739502, 27.3888759613, 19.8939304352, 17.5339794159, 12.7659931183, 16.6101531982, 19.2878093719, 15.2452125549, 10.2551870346, 9.3326215744, 8.77998828888, 8.69528770447, 6.56559038162, 6.14887142181, 5.91679477692, 4.81631422043, 4.88662290573, 6.40127086639, 6.84334421158, 5.52694988251, 4.37525033951, 3.23070192337, 2.16407036781, 1.14889585972, 0.332672357559, 0.117627136409, 0.0176815241575, 0.00221010576934, 0.000123176971101]}, "zerocrossingrate": {"min": 0.00537109375, "max": 0.53369140625, "dvar2": 0.000367863831343, "median": 0.05517578125, "dmean2": 0.0170574299991, "dmean": 0.01538764406, "var": 0.00391318183392, "dvar": 0.000361183774658, "mean": 0.074795499444}, "spectral_contrast_coeffs": {"min": [-0.995408475399, -0.994891285896, -0.996382474899, -0.986263334751, -0.987520456314, -0.96354496479], "max": [-0.252112954855, -0.415688991547, -0.417726159096, -0.429817676544, -0.531329751015, -0.581062734127], "dvar2": [0.00597559567541, 0.00408873753622, 0.00270802946761, 0.0015855517704, 0.00100139062852, 0.000882964755874], "median": [-0.605010032654, -0.72054284811, -0.787396073341, -0.798589944839, -0.813166499138, -0.775543808937], "dmean2": [0.0905100554228, 0.0787946507335, 0.0629864260554, 0.0487537272274, 0.0364651940763, 0.0313601233065], "dmean": [0.0554488450289, 0.0490112714469, 0.0396106913686, 0.0305322986096, 0.0225902553648, 0.020528966561], "var": [0.0105823911726, 0.00687762442976, 0.00673543522134, 0.0034762674477, 0.00218525948003, 0.00220827083103], "dvar": [0.00227280240506, 0.00167739356402, 0.00118121190462, 0.00065941590583, 0.000420125143137, 0.00040482316399], "mean": [-0.603626251221, -0.715564846992, -0.771676063538, -0.79175388813, -0.807044327259, -0.775158762932]}, "dissonance": {"min": 0.232954502106, "max": 0.500000059605, "dvar2": 0.00167168583721, "median": 0.456533014774, "dmean2": 0.0450002737343, "dmean": 0.0272621829063, "var": 0.00154269323684, "dvar": 0.000637496064883, "mean": 0.447794616222}, "spectral_energyband_high": {"min": 7.18168870694e-21, "max": 0.0431641563773, "dvar2": 7.32417038307e-06, "median": 0.000277605082374, "dmean2": 0.000897186051589, "dmean": 0.000601369771175, "var": 6.89332591719e-06, "dvar": 3.53221003024e-06, "mean": 0.00101863406599}, "spectral_skewness": {"min": -0.394397199154, "max": 6.06424283981, "dvar2": 0.182917714119, "median": 1.74795043468, "dmean2": 0.402838259935, "dmean": 0.26899549365, "var": 0.4593090415, "dvar": 0.0913448780775, "mean": 1.79669368267}, "spectral_flux": {"min": 6.45860101511e-11, "max": 0.347120344639, "dvar2": 0.00290104164742, "median": 0.0644205063581, "dmean2": 0.0478972047567, "dmean": 0.0307658202946, "var": 0.00380886881612, "dvar": 0.00137135456316, "mean": 0.0828471332788}, "silence_rate_30dB": {"min": 0, "max": 1, "dvar2": 0.0304490737617, "median": 1, "dmean2": 0.0223986972123, "dmean": 0.0111982086673, "var": 0.0073750289157, "dvar": 0.0110720256343, "mean": 0.992569208145}, "spectral_energyband_middle_high": {"min": 1.24399886192e-21, "max": 0.151281103492, "dvar2": 2.72189117823e-05, "median": 0.00103108095936, "dmean2": 0.0021887216717, "dmean": 0.00144940044265, "var": 5.24175229657e-05, "dvar": 1.26574850583e-05, "mean": 0.00301499012858}, "barkbands_spread": {"min": 0.511706769466, "max": 130.185440063, "dvar2": 233.76675415, "median": 14.574508667, "dmean2": 11.3139925003, "dmean": 7.31943702698, "var": 330.769775391, "dvar": 108.399803162, "mean": 20.5901527405}, "spectral_centroid": {"min": 121.979904175, "max": 11394.3173828, "dvar2": 328939.9375, "median": 787.643432617, "dmean2": 421.874176025, "dmean": 282.114562988, "var": 850658.1875, "dvar": 176392.90625, "mean": 1034.36010742}, "pitch_salience": {"min": 0.132571652532, "max": 0.996090710163, "dvar2": 0.0122904041782, "median": 0.591525197029, "dmean2": 0.123886182904, "dmean": 0.077030338347, "var": 0.0141145801172, "dvar": 0.00497377896681, "mean": 0.583161175251}, "erbbands_skewness": {"min": -5.39395856857, "max": 6.8731098175, "dvar2": 0.566502273083, "median": 1.15557146072, "dmean2": 0.770886957645, "dmean": 0.517780065536, "var": 1.28963494301, "dvar": 0.279712945223, "mean": 1.12461674213}, "erbbands_crest": {"min": 1.98000705242, "max": 32.440372467, "dvar2": 17.8329753876, "median": 9.10530662537, "dmean2": 4.68742227554, "dmean": 2.92576003075, "var": 24.6193885803, "dvar": 7.51187324524, "mean": 10.2892570496}, "melbands": {"min": [2.29594692692e-24, 2.94528732864e-24, 3.53032294482e-24, 2.15326506335e-24, 8.80320649711e-25, 2.86157419824e-24, 1.74437597363e-24, 1.16796872082e-24, 1.93982770138e-24, 2.53776967362e-24, 2.68206968812e-24, 4.67707150451e-24, 2.76691483392e-24, 3.46745388612e-24, 1.93711461152e-24, 4.68834432684e-24, 2.64292384621e-24, 2.66659125108e-24, 4.89258120407e-24, 4.4896235595e-24, 3.40628324494e-24, 4.92158643626e-24, 5.70783266201e-24, 4.35512948048e-24, 5.46608978748e-24, 4.39918460102e-24, 6.2928866192e-24, 4.8370501295e-24, 4.16396008415e-24, 6.03582722134e-24, 5.38842485364e-24, 4.72605582242e-24, 4.67817630421e-24, 5.0998788616e-24, 6.03916646955e-24, 5.39403562683e-24, 6.40810567087e-24, 5.95360306589e-24, 5.36111725011e-24, 7.32938634536e-24], "max": [0.0113543961197, 0.0291369333863, 0.0239321254194, 0.0138011891395, 0.0098187495023, 0.00786641612649, 0.0125372689217, 0.0116624385118, 0.0161604639143, 0.013494875282, 0.0171056129038, 0.0104241687804, 0.00576577661559, 0.00352808483876, 0.0021506389603, 0.0116865001619, 0.00811855029315, 0.00399878481403, 0.00597911234945, 0.00186093675438, 0.00213540485129, 0.00339104770683, 0.00208639423363, 0.00265457807109, 0.000954153074417, 0.000468519865535, 0.000448126898846, 0.000276550126728, 0.00027219709591, 0.000493778206874, 0.000295088568237, 0.000311864714604, 0.000392907386413, 0.000246144889388, 0.000328850379447, 0.000853973964695, 0.00014608008496, 0.000208055367693, 0.000107269661385, 8.64964240463e-05], "dvar2": [2.30765067499e-06, 2.45641149377e-05, 1.10599985419e-05, 2.54780798059e-06, 5.71944781314e-07, 4.57447640656e-07, 7.28005375095e-07, 6.12961173374e-07, 7.35037247068e-07, 3.63493143141e-07, 2.88145400873e-07, 8.59395967723e-08, 3.70747521572e-08, 2.17235776034e-08, 1.22060246355e-08, 4.55177158187e-08, 3.62484975369e-08, 3.39360077817e-08, 1.91224174273e-08, 4.97881602612e-09, 5.78880943181e-09, 5.09132824789e-09, 2.91347923564e-09, 3.29224647544e-09, 7.96898269595e-10, 3.30456745301e-10, 3.11361297856e-10, 1.8782399247e-10, 1.41651745889e-10, 2.20088780534e-10, 1.29433894158e-10, 1.9042911692e-10, 2.30191560258e-10, 3.01972752359e-10, 4.30665503259e-10, 3.55693613452e-10, 1.38955832951e-10, 1.63374508366e-10, 6.9375470646e-11, 3.98390938294e-11], "median": [7.34169007046e-05, 0.000163195363712, 0.000379407661967, 0.000326524750562, 0.000253832113231, 0.000199005691684, 0.000148795545101, 7.84175354056e-05, 6.2681210693e-05, 3.31339688273e-05, 1.96517103177e-05, 1.34416059154e-05, 1.15847706184e-05, 8.25849292596e-06, 5.84685176364e-06, 5.45423881704e-06, 5.07428194396e-06, 3.77331980417e-06, 2.41667225964e-06, 1.72800309883e-06, 1.31228080136e-06, 1.16078967949e-06, 1.11129781999e-06, 1.09126767711e-06, 9.50260130139e-07, 7.40078974104e-07, 8.44695136948e-07, 8.11189579508e-07, 5.86303485761e-07, 6.05615809945e-07, 4.37093945038e-07, 5.70068323213e-07, 8.32545993035e-07, 6.68338032028e-07, 4.16413968196e-07, 2.90013616677e-07, 2.25950344657e-07, 2.17348585352e-07, 2.63765343789e-07, 2.74587080185e-07], "dmean2": [0.000665508792736, 0.00237512821332, 0.00170602858998, 0.000920917605981, 0.000456924375612, 0.000376835145289, 0.000396384508349, 0.000306282308884, 0.000299190956866, 0.000180495044333, 0.000124389000121, 7.78674875619e-05, 5.3400057368e-05, 4.26795195381e-05, 3.6218072637e-05, 4.61242598249e-05, 3.8485191908e-05, 3.16642035614e-05, 2.20410383918e-05, 1.64113571373e-05, 1.6999516447e-05, 1.46805532495e-05, 1.19990618259e-05, 9.94126276055e-06, 6.83242888044e-06, 5.47018635189e-06, 5.00454325447e-06, 4.23072742706e-06, 3.07930804411e-06, 3.28509304381e-06, 2.76565697277e-06, 3.54889925802e-06, 4.39958512288e-06, 4.36501386503e-06, 4.43236422143e-06, 3.89619526686e-06, 3.0523458463e-06, 2.92572235594e-06, 2.23652932618e-06, 1.79744722573e-06], "dmean": [0.000417296338128, 0.00161827728152, 0.00112128292676, 0.000558327010367, 0.000285939982859, 0.000242385023739, 0.000250709912507, 0.000198829569854, 0.00019424247148, 0.000119894313684, 8.20173663669e-05, 5.08387274749e-05, 3.60726917279e-05, 2.70967520919e-05, 2.22325015784e-05, 2.91746600851e-05, 2.48151227424e-05, 1.95147786144e-05, 1.3699779629e-05, 1.00375009424e-05, 9.97770439426e-06, 8.63369950821e-06, 7.29467137717e-06, 5.97984444539e-06, 4.14099577029e-06, 3.43147894455e-06, 3.18326351589e-06, 2.73549198937e-06, 2.0041920834e-06, 2.12882855521e-06, 1.85236547168e-06, 2.35770380641e-06, 2.86119870907e-06, 2.76643413599e-06, 2.70664872914e-06, 2.48508763434e-06, 1.92230436369e-06, 1.80784468284e-06, 1.39057021897e-06, 1.10449116164e-06], "var": [9.56849817157e-07, 1.43111574289e-05, 5.80748428547e-06, 1.29300701701e-06, 4.51815651559e-07, 4.35536065879e-07, 6.39996869722e-07, 7.87938574831e-07, 8.91601075637e-07, 6.55270639527e-07, 3.08899984702e-07, 9.68516218336e-08, 4.57668036802e-08, 1.99576870585e-08, 9.09593023124e-09, 6.17398683289e-08, 3.15974553189e-08, 1.70060605598e-08, 1.2446037978e-08, 4.27060831143e-09, 3.0573739096e-09, 2.57186649755e-09, 2.08578621042e-09, 1.60047475273e-09, 3.31287497435e-10, 2.39532227386e-10, 2.69019778676e-10, 1.71062553012e-10, 1.20915166768e-10, 1.76180361966e-10, 1.30175495383e-10, 1.92804563981e-10, 2.21042559256e-10, 1.61974267332e-10, 1.64082414322e-10, 2.36427932787e-10, 7.92193532995e-11, 6.6841081281e-11, 3.56445636895e-11, 2.26819743543e-11], "dvar": [9.32108434881e-07, 1.18930165627e-05, 4.81702772959e-06, 9.80107415671e-07, 2.21576371473e-07, 1.90534876765e-07, 3.0907818882e-07, 2.56052345549e-07, 2.99355008337e-07, 1.72830198153e-07, 1.424267424e-07, 3.97548660658e-08, 1.99631706721e-08, 9.72826708079e-09, 5.21993426261e-09, 2.25130225573e-08, 1.73374399282e-08, 1.32285427057e-08, 8.93113139e-09, 2.0155217495e-09, 2.42632203218e-09, 2.00518268656e-09, 1.38236255776e-09, 1.30660804398e-09, 2.88405105353e-10, 1.4874265708e-10, 1.41231415451e-10, 9.09956693329e-11, 6.62941021523e-11, 1.08695476231e-10, 6.68570268592e-11, 9.49344144963e-11, 1.16051078469e-10, 1.2284508133e-10, 1.62662217029e-10, 1.61339441807e-10, 5.63088187189e-11, 6.13892062185e-11, 2.75364037128e-11, 1.5422258956e-11], "mean": [0.000492476625368, 0.00171852402855, 0.00134114979301, 0.000772447849158, 0.000486841134261, 0.000444270495791, 0.000414239795646, 0.000387250853237, 0.000359065161319, 0.000227258628001, 0.000131642766064, 7.94569350546e-05, 5.80460036872e-05, 4.03691992688e-05, 2.88175870082e-05, 4.23808123742e-05, 3.52352763002e-05, 2.57386491285e-05, 1.68521946762e-05, 1.26632139654e-05, 1.02176290966e-05, 9.17457236937e-06, 8.36496292322e-06, 7.06678565621e-06, 5.1028737289e-06, 4.42000327894e-06, 4.42633108833e-06, 3.78628783437e-06, 2.94800543088e-06, 3.01585009765e-06, 2.67695031653e-06, 3.47824607161e-06, 4.05055834563e-06, 3.69397844224e-06, 3.08800485982e-06, 3.1873005355e-06, 2.43125577981e-06, 2.45597288995e-06, 1.87687317066e-06, 1.68122755895e-06]}, "spectral_entropy": {"min": 5.12921285629, "max": 9.81464481354, "dvar2": 0.151860788465, "median": 7.37225246429, "dmean2": 0.375419288874, "dmean": 0.252829968929, "var": 0.342398256063, "dvar": 0.0814859569073, "mean": 7.37104034424}, "spectral_rolloff": {"min": 86.1328125, "max": 19595.2148438, "dvar2": 5359567, "median": 689.0625, "dmean2": 1226.53942871, "dmean": 728.866577148, "var": 6521560.5, "dvar": 2418277.25, "mean": 1684.24926758}, "barkbands": {"min": [2.87791076803e-25, 5.08603277499e-24, 4.29176580599e-24, 5.98016282928e-24, 8.37369540005e-24, 1.71524219656e-23, 5.31940465203e-24, 5.40713663431e-24, 1.49555500519e-23, 2.25049994019e-23, 1.80466857318e-23, 3.6502026656e-23, 5.41157445022e-23, 3.57551962598e-23, 5.07279750338e-23, 6.36034566508e-23, 8.57605273728e-23, 9.43202298634e-23, 1.68004300208e-22, 1.99500423819e-22, 2.70369567086e-22, 2.62692852384e-22, 4.20614298533e-22, 6.18791329298e-22, 1.01096001041e-21, 1.43751792779e-21, 2.18530051065e-21], "max": [0.000679144752212, 0.049656342715, 0.0876632779837, 0.0582456886768, 0.0522506907582, 0.039273776114, 0.0522640161216, 0.0726878121495, 0.0702942684293, 0.0911155790091, 0.0719764530659, 0.0276637133211, 0.0908752083778, 0.0640016272664, 0.05775314942, 0.0353521108627, 0.0466554500163, 0.0548821687698, 0.0101755475625, 0.0111033944413, 0.0148005709052, 0.0167941469699, 0.0317719653249, 0.0118867047131, 0.00839365553111, 0.00215561036021, 0.0012681648368], "dvar2": [2.36379826823e-09, 6.09566850471e-05, 0.000196718494408, 5.26150979567e-05, 3.88486914744e-05, 1.19800861285e-05, 1.66957506735e-05, 2.5494464353e-05, 1.24506223074e-05, 9.11730512598e-06, 4.60515730083e-06, 1.57692602443e-06, 3.46466299561e-06, 3.72796648662e-06, 3.34021842718e-06, 9.38770767789e-07, 1.0156937833e-06, 1.35514028443e-06, 1.78025203468e-07, 1.62325349606e-07, 2.26286729799e-07, 4.27320230756e-07, 1.23141398944e-06, 7.2852270705e-07, 4.13955234535e-07, 4.31916724608e-08, 3.06695535635e-09], "median": [1.43574379763e-05, 0.000282918568701, 0.000337529752869, 0.000639683043119, 0.0015922334278, 0.0010983357206, 0.000655255629681, 0.000312841759296, 0.000234451028518, 0.000106437611976, 8.75557452673e-05, 6.66218766128e-05, 5.66132002859e-05, 5.1169336075e-05, 3.38743338943e-05, 2.19227877096e-05, 2.04848875001e-05, 2.35268016695e-05, 2.31678714044e-05, 2.85763308057e-05, 2.50140838034e-05, 3.9513950469e-05, 3.01930849673e-05, 2.23074748646e-05, 3.01201362163e-05, 8.32162550068e-06, 1.3181615941e-06], "dmean2": [2.37878430198e-05, 0.00341823673807, 0.00646279286593, 0.00355304335244, 0.00373656512238, 0.00204734737054, 0.00191017484758, 0.00176777970046, 0.00118569924962, 0.000723386358004, 0.000480607297504, 0.000363343162462, 0.000447626196546, 0.00039815279888, 0.000292292039376, 0.00023966433946, 0.000240744004259, 0.000202329931199, 0.000140536823892, 0.000128921674332, 0.000115457827633, 0.000187912897673, 0.000254543381743, 0.000224088871619, 0.000181808238267, 6.24990352662e-05, 1.23100162455e-05], "dmean": [1.46829261212e-05, 0.00208998355083, 0.00427459506318, 0.00215355632827, 0.00227187341079, 0.00130497524515, 0.00120540207718, 0.00112844305113, 0.000782756949775, 0.000466634111945, 0.000322063802741, 0.000227838434512, 0.00028061264311, 0.000246666022576, 0.000180386647116, 0.000146952559589, 0.00014296786685, 0.000123085192172, 8.86660127435e-05, 8.46451803227e-05, 7.76029628469e-05, 0.000126842482132, 0.000161320072948, 0.00014119532716, 0.000111736364488, 3.93822192564e-05, 7.38842754799e-06], "var": [1.35823685632e-09, 2.28195749514e-05, 9.93802532321e-05, 1.97231620405e-05, 2.13082821574e-05, 1.09579841592e-05, 1.55958678079e-05, 3.46998567693e-05, 2.21457248699e-05, 1.00166798802e-05, 3.69282702195e-06, 1.21420100641e-06, 4.45295017926e-06, 2.85165674541e-06, 1.82340204447e-06, 8.05285935712e-07, 6.7677513016e-07, 6.75000705996e-07, 1.4108033497e-07, 1.84588600405e-07, 2.27971057143e-07, 4.99947418575e-07, 6.42040561161e-07, 4.08562613075e-07, 2.00809338935e-07, 3.11201802106e-08, 2.14722439829e-09], "dvar": [9.53588430441e-10, 2.41899961111e-05, 9.12696268642e-05, 2.0292289264e-05, 1.49863644765e-05, 4.88531213705e-06, 7.07962180968e-06, 1.08159811134e-05, 5.84718645769e-06, 4.56493262391e-06, 2.24151926886e-06, 6.79670051795e-07, 1.62795015513e-06, 1.65451922385e-06, 1.36018229568e-06, 4.18902970978e-07, 4.29479257491e-07, 5.33995319074e-07, 8.10269753515e-08, 8.44938554678e-08, 1.18685257178e-07, 2.31025921948e-07, 5.01936426645e-07, 2.95147088991e-07, 1.59093218599e-07, 1.76685190922e-08, 1.20730903053e-09], "mean": [2.70582968369e-05, 0.00222950871103, 0.0042017637752, 0.00231248582713, 0.0033413101919, 0.00233000912704, 0.00197688629851, 0.00215981248766, 0.00149091356434, 0.000722045078874, 0.000480821385281, 0.000314330856781, 0.000394771283027, 0.000353134731995, 0.000227290278417, 0.000172426414792, 0.000156310881721, 0.000151648244355, 0.000118345800729, 0.000124430371216, 0.000119695338071, 0.000190019491129, 0.000202805866138, 0.000196045584744, 0.000174616434379, 6.28136331216e-05, 1.0576249224e-05]}, "melbands_flatness_db": {"min": -1.72573102475e-08, "max": 0.561584115028, "dvar2": 0.00295105832629, "median": 0.219576716423, "dmean2": 0.0523124933243, "dmean": 0.0356453172863, "var": 0.00595644488931, "dvar": 0.00161580182612, "mean": 0.221282169223}, "melbands_skewness": {"min": -2.65118837357, "max": 12.9048156738, "dvar2": 2.25934123993, "median": 2.8449382782, "dmean2": 1.40902066231, "dmean": 0.910065412521, "var": 3.00619626045, "dvar": 0.985795140266, "mean": 3.05689716339}, "barkbands_skewness": {"min": -4.86839294434, "max": 13.9757184982, "dvar2": 1.36629259586, "median": 2.12393045425, "dmean2": 1.07046353817, "dmean": 0.711748421192, "var": 2.15277981758, "dvar": 0.647075772285, "mean": 2.17327570915}, "silence_rate_60dB": {"min": 0, "max": 1, "dvar2": 0.11463111639, "median": 0, "dmean2": 0.116880469024, "dmean": 0.0584342852235, "var": 0.137918680906, "dvar": 0.0550223812461, "mean": 0.165207654238}, "spectral_energyband_low": {"min": 2.67325523247e-23, "max": 0.11157938838, "dvar2": 0.000359270401532, "median": 0.00116276205517, "dmean2": 0.00946764834225, "dmean": 0.00656481692567, "var": 0.000231140409596, "dvar": 0.000179775059223, "mean": 0.00753146968782}, "spectral_energyband_middle_low": {"min": 1.88170374358e-22, "max": 0.101545646787, "dvar2": 0.00017315200239, "median": 0.00960414111614, "dmean2": 0.00937533937395, "dmean": 0.00613255053759, "var": 0.00020092043269, "dvar": 7.50404578866e-05, "mean": 0.013920227997}, "melbands_kurtosis": {"min": -1.93062722683, "max": 263.175323486, "dvar2": 707.521606445, "median": 14.9176683426, "dmean2": 17.5624961853, "dmean": 11.1242771149, "var": 562.938415527, "dvar": 298.355377197, "mean": 21.7203330994}, "spectral_decrease": {"min": -4.11347222951e-08, "max": 1.96656044583e-28, "dvar2": 3.53171346887e-17, "median": -3.56497498188e-09, "dmean2": 4.01363609015e-09, "dmean": 2.91118618101e-09, "var": 4.37377969286e-17, "dvar": 1.90767188737e-17, "mean": -5.98080163172e-09}, "erbbands_kurtosis": {"min": -1.87173175812, "max": 106.585716248, "dvar2": 22.8465652466, "median": 1.308177948, "dmean2": 3.19742774963, "dmean": 2.06465244293, "var": 26.4057693481, "dvar": 10.0964078903, "mean": 2.83340716362}, "melbands_crest": {"min": 1.00038325787, "max": 33.2053604126, "dvar2": 22.873966217, "median": 13.2303104401, "dmean2": 5.50645446777, "dmean": 3.45412945747, "var": 26.1217269897, "dvar": 9.52463054657, "mean": 13.9538660049}, "gfcc": {"cov": [[14459.8300781, 346.478149414, -1182.12475586, 139.834564209, -594.52142334, 113.699211121, -350.672515869, 148.984222412, -210.679382324, -81.141960144, -239.295578003, -190.868835449, -215.186203003], [346.478149414, 1781.40551758, 345.275512695, 79.205039978, 219.248657227, -37.6926841736, 201.695587158, -31.099905014, 79.6589889526, -24.2068424225, 111.457519531, -44.3678512573, 57.1564064026], [-1182.12475586, 345.275512695, 1051.60522461, 259.040679932, 201.122436523, 122.652420044, 99.9369659424, 5.74387121201, 31.3094463348, 42.8185462952, 17.5221061707, 92.3539581299, 51.8655052185], [139.834564209, 79.205039978, 259.040679932, 579.027038574, 175.034606934, 46.414226532, 17.954580307, -4.81077623367, 75.0108642578, -11.1530504227, 28.7376747131, 25.1065196991, 41.7540435791], [-594.52142334, 219.248657227, 201.122436523, 175.034606934, 508.45916748, 61.7960395813, 117.80670166, 34.2757072449, 46.6524200439, 26.0622711182, 23.6394233704, 24.8430747986, 6.84218549728], [113.699211121, -37.6926841736, 122.652420044, 46.414226532, 61.7960395813, 257.438171387, 74.1196517944, 39.8971405029, 6.76001167297, 48.0472640991, 15.4949913025, 5.18286705017, 5.52953720093], [-350.672515869, 201.695587158, 99.9369659424, 17.954580307, 117.80670166, 74.1196517944, 234.710037231, 46.3816070557, 15.2606716156, 19.0806655884, 31.3862743378, -0.759272217751, -16.2986450195], [148.984222412, -31.099905014, 5.74387121201, -4.81077623367, 34.2757072449, 39.8971405029, 46.3816070557, 143.66506958, 36.1537132263, 21.9138031006, -10.0979547501, -5.09024620056, 5.26449680328], [-210.679382324, 79.6589889526, 31.3094463348, 75.0108642578, 46.6524200439, 6.76001167297, 15.2606716156, 36.1537132263, 139.926712036, 23.4802417755, 19.312494278, -1.51937425137, 14.8631191254], [-81.141960144, -24.2068424225, 42.8185462952, -11.1530504227, 26.0622711182, 48.0472640991, 19.0806655884, 21.9138031006, 23.4802417755, 138.043533325, 17.910161972, 11.3425521851, 8.94296169281], [-239.295578003, 111.457519531, 17.5221061707, 28.7376747131, 23.6394233704, 15.4949913025, 31.3862743378, -10.0979547501, 19.312494278, 17.910161972, 123.683868408, 9.52266788483, 17.2658748627], [-190.868835449, -44.3678512573, 92.3539581299, 25.1065196991, 24.8430747986, 5.18286705017, -0.759272217751, -5.09024620056, -1.51937425137, 11.3425521851, 9.52266788483, 121.063842773, 17.4023361206], [-215.186203003, 57.1564064026, 51.8655052185, 41.7540435791, 6.84218549728, 5.52953720093, -16.2986450195, 5.26449680328, 14.8631191254, 8.94296169281, 17.2658748627, 17.4023361206, 120.634773254]], "icov": [[0.000115813039884, -0.00013970361033, 0.000177940615686, -0.000189663725905, 0.000140875185025, -0.000199165020604, 0.000255838036537, -0.000280587759335, 0.000276674691122, -6.29487258266e-05, 0.000212279192056, -3.96893228753e-05, 0.000255789724179], [-0.00013970361033, 0.00096480245702, -0.000481931056129, 0.000374637078494, -0.000359268684406, 0.000612317991909, -0.000947305059526, 0.000729607301764, -0.000720253505278, 0.000352558825398, -0.000752773543354, 0.000615404394921, -0.000714738271199], [0.000177940615686, -0.000481931056129, 0.00161910685711, -0.000763737072702, 8.19764245534e-05, -0.000786951219197, 0.000226035394007, -0.000333751871949, 0.000594207725953, -0.000389893946704, 0.000740407791454, -0.00100954971276, 0.000185854994925], [-0.000189663725905, 0.000374637078494, -0.000763737072702, 0.00265503139235, -0.000883558124769, 9.17746656341e-05, -0.000182319345186, 0.000914355798159, -0.00162311468739, 0.000830843986478, -0.000687613966875, 0.000172094922164, -0.000913070514798], [0.000140875185025, -0.000359268684406, 8.19764245534e-05, -0.000883558124769, 0.0027872142382, -0.000353407871444, -0.000613623764366, -0.000608077738434, 0.000131052409415, -0.000370169669623, 0.000403553800425, -0.000444034812972, 0.000511418969836], [-0.000199165020604, 0.000612317991909, -0.000786951219197, 9.17746656341e-05, -0.000353407871444, 0.00533000892028, -0.0017909638118, -0.000275387545116, -1.31566475829e-05, -0.00115373858716, -0.000796435517259, 0.000580927066039, -0.00067568954546], [0.000255838036537, -0.000947305059526, 0.000226035394007, -0.000182319345186, -0.000613623764366, -0.0017909638118, 0.00690219085664, -0.00243616197258, 0.00103738263715, -0.000138146788231, -0.000663118844386, -0.000148030827404, 0.002025550697], [-0.000280587759335, 0.000729607301764, -0.000333751871949, 0.000914355798159, -0.000608077738434, -0.000275387545116, -0.00243616197258, 0.00943169929087, -0.00310573889874, -0.000342207116773, 0.000876385951415, 0.00054897449445, -0.00150941417087], [0.000276674691122, -0.000720253505278, 0.000594207725953, -0.00162311468739, 0.000131052409415, -1.31566475829e-05, 0.00103738263715, -0.00310573889874, 0.00963818840683, -0.00157335633412, -0.000404047197662, 0.000151382322656, 0.000375093281036], [-6.29487258266e-05, 0.000352558825398, -0.000389893946704, 0.000830843986478, -0.000370169669623, -0.00115373858716, -0.000138146788231, -0.000342207116773, -0.00157335633412, 0.00849534198642, -0.00123589183204, -0.000376538606361, -0.000533847080078], [0.000212279192056, -0.000752773543354, 0.000740407791454, -0.000687613966875, 0.000403553800425, -0.000796435517259, -0.000663118844386, 0.000876385951415, -0.000404047197662, -0.00123589183204, 0.00989062525332, -0.000961213256232, -0.000594766577706], [-3.96893228753e-05, 0.000615404394921, -0.00100954971276, 0.000172094922164, -0.000444034812972, 0.000580927066039, -0.000148030827404, 0.00054897449445, 0.000151382322656, -0.000376538606361, -0.000961213256232, 0.00954020861536, -0.00126269564498], [0.000255789724179, -0.000714738271199, 0.000185854994925, -0.000913070514798, 0.000511418969836, -0.00067568954546, 0.002025550697, -0.00150941417087, 0.000375093281036, -0.000533847080078, -0.000594766577706, -0.00126269564498, 0.00992266461253]], "mean": [-39.1627502441, 74.7978515625, -85.3002243042, 14.6494998932, -73.1352539062, 6.90371084213, -44.2920455933, 1.65790712833, -26.3462696075, 2.69558811188, -18.7092418671, -1.68395197392, -15.8339748383]}, "melbands_spread": {"min": 0.446094483137, "max": 262.645904541, "dvar2": 434.240631104, "median": 12.1169681549, "dmean2": 12.3885002136, "dmean": 8.22206401825, "var": 733.107116699, "dvar": 233.240921021, "mean": 20.0584068298}, "spectral_energy": {"min": 1.01940785495e-20, "max": 0.15789014101, "dvar2": 0.000530744087882, "median": 0.014775974676, "dmean2": 0.0157603397965, "dmean": 0.0114667350426, "var": 0.000688761298079, "dvar": 0.000287416478386, "mean": 0.0242419485003}, "mfcc": {"cov": [[9935.71679688, -7.8411192894, -440.784423828, -135.676269531, -179.372711182, -187.900863647, -106.678337097, 3.69245004654, -15.4473600388, 115.854362488, -24.8056278229, -19.5796279907, -130.469360352], [-7.8411192894, 1723.08068848, 206.963256836, 113.464736938, 35.7315940857, 61.8270950317, 139.343185425, 35.8111152649, 30.0087127686, 16.0890083313, 70.8176727295, -29.4184780121, 77.0504455566], [-440.784423828, 206.963256836, 816.260498047, 157.689331055, 79.5835418701, 118.005813599, 33.6226463318, 29.8432025909, 57.7949256897, -73.3140182495, 17.7891540527, 18.515083313, 76.9657440186], [-135.676269531, 113.464736938, 157.689331055, 498.227111816, 198.311599731, 103.864707947, 29.6118450165, 65.8366012573, 38.9957466125, 16.7841930389, -15.0313854218, 19.2066135406, 46.5404319763], [-179.372711182, 35.7315940857, 79.5835418701, 198.311599731, 346.188964844, 107.990203857, 45.249671936, 39.8675422668, 60.3761329651, 14.1535139084, -0.87708991766, 38.0051841736, 24.3510246277], [-187.900863647, 61.8270950317, 118.005813599, 103.864707947, 107.990203857, 244.148834229, 91.244430542, 43.4688568115, 26.4602088928, 16.8772144318, 51.3478851318, 2.35444068909, 30.3519077301], [-106.678337097, 139.343185425, 33.6226463318, 29.6118450165, 45.249671936, 91.244430542, 234.067718506, 48.3807144165, 28.3538417816, 35.6338233948, 37.1625823975, 15.1826915741, 16.6641330719], [3.69245004654, 35.8111152649, 29.8432025909, 65.8366012573, 39.8675422668, 43.4688568115, 48.3807144165, 171.818710327, 13.0273094177, 39.0262794495, 1.20623278618, 5.31913423538, 9.03206062317], [-15.4473600388, 30.0087127686, 57.7949256897, 38.9957466125, 60.3761329651, 26.4602088928, 28.3538417816, 13.0273094177, 179.251922607, -1.26664733887, 28.4502067566, 16.6857223511, 30.1279354095], [115.854362488, 16.0890083313, -73.3140182495, 16.7841930389, 14.1535139084, 16.8772144318, 35.6338233948, 39.0262794495, -1.26664733887, 170.165496826, 20.3540420532, 12.1976356506, -28.4633197784], [-24.8056278229, 70.8176727295, 17.7891540527, -15.0313854218, -0.87708991766, 51.3478851318, 37.1625823975, 1.20623278618, 28.4502067566, 20.3540420532, 163.650604248, 1.18232584, 12.5742893219], [-19.5796279907, -29.4184780121, 18.515083313, 19.2066135406, 38.0051841736, 2.35444068909, 15.1826915741, 5.31913423538, 16.6857223511, 12.1976356506, 1.18232584, 122.893875122, 17.2099437714], [-130.469360352, 77.0504455566, 76.9657440186, 46.5404319763, 24.3510246277, 30.3519077301, 16.6641330719, 9.03206062317, 30.1279354095, -28.4633197784, 12.5742893219, 17.2099437714, 134.605575562]], "icov": [[0.000105707425973, -1.12484613055e-05, 4.31526023021e-05, -6.42112900096e-06, 4.05875871365e-05, 3.61004567822e-05, 3.98929514631e-05, -2.37241420109e-05, -3.63034414477e-05, -5.06568467245e-05, 3.23428162119e-06, -7.77163495513e-06, 6.57197524561e-05], [-1.12484613055e-05, 0.000657266296912, -0.000144740013639, -0.000113631482236, 5.90979834669e-06, 0.000162251890288, -0.000384602753911, 2.32646034419e-05, 5.26540352439e-05, -9.12148170755e-05, -0.000221092850552, 0.000283189554466, -0.00030331290327], [4.31526023021e-05, -0.000144740013639, 0.0015364123974, -0.000317414378515, 0.000119457945402, -0.000593943754211, 0.000125113714603, -0.000142025804962, -0.000286893715383, 0.00069502700353, 2.07088196476e-05, -0.000232915364904, -0.000298691360513], [-6.42112900096e-06, -0.000113631482236, -0.000317414378515, 0.00290853460319, -0.00136432610452, -0.000490557053126, 0.000320712540997, -0.0005875324714, 1.18044381452e-05, -0.000335974706104, 0.000508591940161, 8.4659550339e-05, -0.000540195207577], [4.05875871365e-05, 5.90979834669e-06, 0.000119457945402, -0.00136432610452, 0.00437799934298, -0.00137727288529, -3.32329473167e-05, -6.82537065586e-05, -0.00103094696533, 7.00703139955e-06, 0.00049290683819, -0.00102251907811, 0.000283538654912], [3.61004567822e-05, 0.000162251890288, -0.000593943754211, -0.000490557053126, -0.00137727288529, 0.00632241694257, -0.00180057913531, -0.000479432492284, 0.000398942618631, -0.000227873984841, -0.00162783637643, 0.000821340654511, -0.0005604767357], [3.98929514631e-05, -0.000384602753911, 0.000125113714603, 0.000320712540997, -3.32329473167e-05, -0.00180057913531, 0.00562894251198, -0.000973823771346, -0.000465695251478, -0.000672137306537, -0.000343566614902, -0.000620183185674, -6.96100032656e-05], [-2.37241420109e-05, 2.32646034419e-05, -0.000142025804962, -0.0005875324714, -6.82537065586e-05, -0.000479432492284, -0.000973823771346, 0.00681648263708, -0.000131946813781, -0.00141825573519, 0.000490401464049, 0.000167382400832, -0.000305915804347], [-3.63034414477e-05, 5.26540352439e-05, -0.000286893715383, 1.18044381452e-05, -0.00103094696533, 0.000398942618631, -0.000465695251478, -0.000131946813781, 0.00639676162973, 9.55877258093e-05, -0.00106370588765, -0.000302896281937, -0.00101575360168], [-5.06568467245e-05, -9.12148170755e-05, 0.00069502700353, -0.000335974706104, 7.00703139955e-06, -0.000227873984841, -0.000672137306537, -0.00141825573519, 9.55877258093e-05, 0.00718306703493, -0.000869793293532, -0.000882989261299, 0.00164202379528], [3.23428162119e-06, -0.000221092850552, 2.07088196476e-05, 0.000508591940161, 0.00049290683819, -0.00162783637643, -0.000343566614902, 0.000490401464049, -0.00106370588765, -0.000869793293532, 0.00716167222708, -1.9578012143e-05, -0.0003828338522], [-7.77163495513e-06, 0.000283189554466, -0.000232915364904, 8.4659550339e-05, -0.00102251907811, 0.000821340654511, -0.000620183185674, 0.000167382400832, -0.000302896281937, -0.000882989261299, -1.9578012143e-05, 0.00890012923628, -0.00125541607849], [6.57197524561e-05, -0.00030331290327, -0.000298691360513, -0.000540195207577, 0.000283538654912, -0.0005604767357, -6.96100032656e-05, -0.000305915804347, -0.00101575360168, 0.00164202379528, -0.0003828338522, -0.00125541607849, 0.00889906939119]], "mean": [-693.113220215, 117.868331909, 28.3620185852, 10.2654409409, -4.86395931244, -0.771008968353, -8.42842292786, -5.49812412262, -6.74145412445, -3.43934130669, 0.330288350582, -5.97335767746, -1.87967789173]}, "spectral_contrast_valleys": {"min": [-28.0389881134, -27.9231300354, -27.9911289215, -27.7721118927, -27.3852844238, -27.3587017059], "max": [-5.02338838577, -4.51272344589, -4.86309432983, -5.16829204559, -5.63189601898, -7.09378814697], "dvar2": [0.495809048414, 0.322809666395, 0.387637406588, 0.415812164545, 0.399155467749, 0.368847310543], "median": [-7.76396083832, -6.6463227272, -7.7169418335, -8.28521728516, -8.28540325165, -10.3008041382], "dmean2": [0.800672650337, 0.622391462326, 0.619752168655, 0.584216117859, 0.536607146263, 0.472563743591], "dmean": [0.577711999416, 0.407854229212, 0.409653872252, 0.390907824039, 0.371740460396, 0.333927005529], "var": [3.21789312363, 2.52248334885, 2.3872525692, 2.29301738739, 2.34243679047, 2.21750307083], "dvar": [0.34511873126, 0.173461586237, 0.197621166706, 0.213887572289, 0.223330318928, 0.220066919923], "mean": [-8.01186561584, -6.86965751648, -7.87387466431, -8.42799091339, -8.42597961426, -10.4401531219]}, "barkbands_flatness_db": {"min": 0.0211347341537, "max": 0.41349837184, "dvar2": 0.00192716997117, "median": 0.139940097928, "dmean2": 0.0430512018502, "dmean": 0.0286001525819, "var": 0.00318862404674, "dvar": 0.00100176676642, "mean": 0.143457114697}, "dynamic_complexity": 4.47126436234, "erbbands_flatness_db": {"min": 0.0238444749266, "max": 0.399161994457, "dvar2": 0.000823959358968, "median": 0.145800799131, "dmean2": 0.0297955777496, "dmean": 0.019847460