{"lowlevel": {"spectral_complexity": {"min": 0, "max": 51, "dvar2": 27.0624961853, "median": 11, "dmean2": 4.4105181694, "dmean": 2.95555782318, "var": 77.332824707, "dvar": 13.9960050583, "mean": 12.6964883804}, "silence_rate_20dB": {"min": 1, "max": 1, "dvar2": 0, "median": 1, "dmean2": 0, "dmean": 0, "var": 0, "dvar": 0, "mean": 1}, "average_loudness": 0.919625461102, "erbbands_spread": {"min": 1.60623252392, "max": 182.650268555, "dvar2": 514.831604004, "median": 45.1164779663, "dmean2": 18.7747383118, "dmean": 12.3834962845, "var": 721.29296875, "dvar": 232.103225708, "mean": 49.5176773071}, "spectral_kurtosis": {"min": -1.36582505703, "max": 72.7246322632, "dvar2": 14.7043943405, "median": 3.12755942345, "dmean2": 2.46430206299, "dmean": 1.60341334343, "var": 24.1923351288, "dvar": 6.78107595444, "mean": 4.5031619072}, "barkbands_kurtosis": {"min": -1.97310078144, "max": 537.906677246, "dvar2": 1046.25512695, "median": 7.75428104401, "dmean2": 15.4993772507, "dmean": 9.8001499176, "var": 807.37298584, "dvar": 430.188415527, "mean": 16.9395484924}, "spectral_strongpeak": {"min": 0, "max": 11.3095960617, "dvar2": 1.14970576763, "median": 0.324956059456, "dmean2": 0.664899766445, "dmean": 0.398045420647, "var": 0.924935996532, "dvar": 0.477014422417, "mean": 0.719400584698}, "spectral_spread": {"min": 1201844.5, "max": 21061550, "dvar2": 2190895218690.0, "median": 5452165, "dmean2": 1186638.875, "dmean": 816293.375, "var": 4039894630400.0, "dvar": 1097090138110.0, "mean": 5763554}, "spectral_rms": {"min": 1.77353103936e-05, "max": 0.0115601206198, "dvar2": 2.95165659736e-06, "median": 0.00495173642412, "dmean2": 0.00143446435686, "dmean": 0.000973769230768, "var": 4.81141205455e-06, "dvar": 1.51908000134e-06, "mean": 0.00499860197306}, "erbbands": {"min": [7.04227375081e-07, 4.51434925708e-06, 1.64341709024e-05, 9.96280141408e-06, 3.15801262332e-05, 4.09026579291e-05, 3.57921271643e-05, 0.000108855500002, 0.000120699114632, 9.9430901173e-05, 4.70899576612e-05, 8.23276131996e-05, 0.000111837900477, 9.70401015365e-05, 4.53892644146e-05, 5.74521181989e-05, 0.000163385266205, 5.54475627723e-05, 6.78605501889e-05, 4.65495249955e-05, 1.44508885569e-05, 2.51167093666e-05, 1.75160548679e-05, 2.02396386157e-05, 2.11256156035e-05, 5.11039761477e-05, 2.3774933652e-05, 1.11147564894e-05, 9.45682131714e-06, 7.74421278038e-06, 4.45179011876e-06, 1.87780665328e-06, 1.60754348144e-06, 1.07583173303e-06, 7.94806567228e-07, 9.82940946415e-07, 4.82685720726e-07, 1.76629214366e-07, 5.88060942164e-08, 4.24709201141e-09], "max": [5.47996854782, 24.0040493011, 61.1531181335, 255.38067627, 399.402526855, 213.513839722, 554.468200684, 638.136230469, 1385.25292969, 874.82232666, 1383.07629395, 2415.0534668, 1451.69274902, 1540.0736084, 281.196746826, 395.819244385, 548.557495117, 1253.45544434, 1257.68078613, 539.245178223, 319.498474121, 420.471923828, 287.043304443, 757.865905762, 375.569885254, 332.163391113, 265.730010986, 171.619613647, 269.692016602, 341.750732422, 211.747344971, 475.261260986, 193.545974731, 68.7312927246, 26.3422164917, 9.40901947021, 11.2314901352, 1.25650346279, 0.0574833191931, 0.00217336183414], "dvar2": [0.428642421961, 13.9942865372, 46.6073417664, 88.0004272461, 2124.64428711, 894.196228027, 1572.92919922, 4043.52661133, 2016.60375977, 1154.53125, 4924.16259766, 6060.68701172, 4020.2421875, 2183.60205078, 487.699859619, 307.10925293, 730.357788086, 1973.91955566, 1751.48352051, 663.652648926, 369.37286377, 450.623443604, 243.646072388, 496.32220459, 243.475006104, 263.100189209, 98.8197631836, 116.549537659, 101.469482422, 91.6455230713, 84.1784591675, 102.801223755, 37.4424438477, 11.7068529129, 2.66298151016, 0.37781471014, 0.41569507122, 0.00859462935477, 2.34223371081e-05, 2.38367618977e-08], "median": [0.215306729078, 0.946201264858, 2.05904626846, 2.83453273773, 5.06739997864, 4.88570213318, 7.30731868744, 7.33757591248, 5.020362854, 3.95078587532, 4.71127700806, 5.11370944977, 4.87521886826, 3.67533779144, 2.75417637825, 2.54156732559, 1.85006117821, 2.41211557388, 3.52938294411, 3.02141284943, 3.20740938187, 3.11412000656, 3.39264702797, 3.69215726852, 3.18721294403, 3.48047399521, 3.27304029465, 2.9800491333, 2.78573131561, 1.56368875504, 1.15408563614, 0.968474626541, 0.567387461662, 0.330867171288, 0.172144800425, 0.0656204149127, 0.0307130031288, 0.00544563680887, 0.000430369662354, 5.19894383615e-05], "dmean2": [0.343695908785, 1.8600256443, 3.55931782722, 5.3190536499, 21.0234146118, 14.6264286041, 19.9354000092, 28.8048496246, 16.5690956116, 13.2587203979, 24.1204433441, 24.818862915, 19.5966587067, 13.823597908, 8.81416893005, 7.26397943497, 7.8851981163, 11.9048728943, 14.2799396515, 9.60335350037, 8.62563228607, 8.17568874359, 7.18444681168, 7.43270540237, 6.13057136536, 6.07547998428, 4.74274110794, 5.85116243362, 4.72287607193, 2.90232086182, 2.50995659828, 2.30131483078, 1.59622859955, 1.25842368603, 0.699510872364, 0.262320607901, 0.16796939075, 0.0287122912705, 0.00202949554659, 7.40985851735e-05], "dmean": [0.220226034522, 1.13607001305, 2.08540415764, 3.19709801674, 13.1599674225, 9.12451553345, 13.2022647858, 17.8583621979, 10.4082279205, 8.43005084991, 15.9137306213, 16.2700748444, 12.5033941269, 8.86453342438, 5.53385829926, 4.84758853912, 5.24828338623, 7.74431228638, 9.14569091797, 6.14370346069, 5.30852127075, 5.03586959839, 4.63865232468, 4.8870344162, 4.03133106232, 3.98896384239, 3.11952900887, 3.86130189896, 3.11669492722, 1.96505951881, 1.73500978947, 1.58088731766, 1.06832742691, 0.850554347038, 0.466712653637, 0.175962626934, 0.100530967116, 0.0177621562034, 0.00135490787216, 5.16705549671e-05], "var": [0.270589947701, 6.36549663544, 18.9608001709, 53.4402694702, 1174.97937012, 563.588562012, 1243.53027344, 2485.6159668, 1416.60339355, 1000.3671875, 7557.56787109, 6294.37646484, 4398.48876953, 2302.3215332, 308.517028809, 401.766082764, 658.187133789, 1841.85656738, 1496.53637695, 745.348999023, 263.816253662, 317.009124756, 227.781997681, 842.426025391, 404.757781982, 356.983673096, 104.089477539, 164.569335938, 104.265686035, 94.8658447266, 78.5107269287, 116.656547546, 50.8683128357, 11.9743909836, 2.6967921257, 0.336371660233, 0.105193316936, 0.00272219860926, 1.4165999346e-05, 1.89287217012e-08], "dvar": [0.187926456332, 5.6851439476, 16.7819786072, 34.7979278564, 924.838012695, 385.288665771, 672.706359863, 1594.20837402, 856.372131348, 491.971832275, 2219.21582031, 2573.92651367, 1594.72766113, 880.748840332, 191.10269165, 139.026153564, 331.279052734, 889.640441895, 763.815368652, 290.635070801, 152.117904663, 182.724945068, 104.735618591, 257.923919678, 111.148605347, 116.899505615, 40.7229576111, 50.8037796021, 44.45753479, 44.1500167847, 39.7230796814, 50.1630096436, 19.1240577698, 5.28679656982, 1.24774205685, 0.169859036803, 0.146160423756, 0.00315158930607, 9.90270473267e-06, 1.07314264142e-08], "mean": [0.385048955679, 1.71714830399, 3.42600417137, 4.95589256287, 16.1330490112, 13.241104126, 21.3480148315, 27.1507930756, 16.2262763977, 14.0751667023, 30.8857631683, 31.6832847595, 22.4024181366, 15.0652532578, 8.88477325439, 8.79174804688, 8.68966293335, 12.7468318939, 15.1151170731, 10.3357591629, 8.65564727783, 8.32915878296, 8.46190357208, 9.89182949066, 8.90016841888, 8.59615516663, 7.05024862289, 8.32783317566, 6.44952297211, 3.78643226624, 3.22815132141, 2.85791110992, 1.963986516, 1.50190937519, 0.792791306973, 0.291773021221, 0.119739025831, 0.0217549558729, 0.00187124148943, 9.5876690466e-05]}, "zerocrossingrate": {"min": 0.001953125, "max": 0.4326171875, "dvar2": 0.000272138859145, "median": 0.0439453125, "dmean2": 0.0130361802876, "dmean": 0.0109080299735, "var": 0.00147220899817, "dvar": 0.000232727237744, "mean": 0.0501370579004}, "spectral_contrast_coeffs": {"min": [-0.940476477146, -0.939092457294, -0.932610571384, -0.925618171692, -0.911095678806, -0.92837446928], "max": [-0.294950783253, -0.387988418341, -0.410424500704, -0.52440071106, -0.521322011948, -0.636106610298], "dvar2": [0.00506546348333, 0.00416102353483, 0.00252436194569, 0.00148599722888, 0.00081777991727, 0.000608973903582], "median": [-0.683045148849, -0.706357717514, -0.788355827332, -0.805229783058, -0.819176316261, -0.766158461571], "dmean2": [0.0860226005316, 0.0799886658788, 0.0609213188291, 0.0465924963355, 0.0331159606576, 0.0282172318548], "dmean": [0.0528702959418, 0.0508155412972, 0.0388531051576, 0.0296692587435, 0.0212734211236, 0.0181166343391], "var": [0.00775247439742, 0.00783243309706, 0.00642047589645, 0.00413003750145, 0.00275806384161, 0.00147696165368], "dvar": [0.00205369642936, 0.00179114553612, 0.00110808736645, 0.000682717480231, 0.000392343878048, 0.000284967885818], "mean": [-0.669759333134, -0.701107561588, -0.772514522076, -0.795369386673, -0.812321543694, -0.768185377121]}, "dissonance": {"min": 0.243082791567, "max": 0.499999970198, "dvar2": 0.0011356882751, "median": 0.460298359394, "dmean2": 0.0356910638511, "dmean": 0.0215664356947, "var": 0.00110553402919, "dvar": 0.000429875683039, "mean": 0.452817976475}, "spectral_energyband_high": {"min": 3.13308556876e-09, "max": 0.0300752855837, "dvar2": 1.30656394504e-06, "median": 0.00041379313916, "dmean2": 0.000506861542817, "dmean": 0.000364916486433, "var": 2.13003841054e-06, "dvar": 6.76753757034e-07, "mean": 0.000886639463715}, "spectral_skewness": {"min": -0.500319004059, "max": 6.96187257767, "dvar2": 0.163623303175, "median": 1.47919809818, "dmean2": 0.35272744298, "dmean": 0.239082276821, "var": 0.492952913046, "dvar": 0.0831573829055, "mean": 1.62498140335}, "spectral_flux": {"min": 0.000286480557406, "max": 0.301021188498, "dvar2": 0.00351311941631, "median": 0.0736844390631, "dmean2": 0.049586750567, "dmean": 0.0311660096049, "var": 0.00278199953027, "dvar": 0.00151500373613, "mean": 0.0835765078664}, "silence_rate_30dB": {"min": 0, "max": 1, "dvar2": 0.00352675234899, "median": 1, "dmean2": 0.00235478812829, "dmean": 0.00117727858014, "var": 0.000588198832702, "dvar": 0.00117590650916, "mean": 0.999411404133}, "spectral_energyband_middle_high": {"min": 2.57196131059e-08, "max": 0.0605964884162, "dvar2": 9.94047059066e-06, "median": 0.00111144292168, "dmean2": 0.00146164593752, "dmean": 0.000973918824457, "var": 1.6037352907e-05, "dvar": 4.14547912442e-06, "mean": 0.00253601954319}, "barkbands_spread": {"min": 0.279688507318, "max": 125.824264526, "dvar2": 164.960327148, "median": 13.8417320251, "dmean2": 8.7538022995, "dmean": 5.67552280426, "var": 242.255645752, "dvar": 79.1532058716, "mean": 17.2781162262}, "spectral_centroid": {"min": 138.806747437, "max": 7607.81103516, "dvar2": 209732.109375, "median": 830.797363281, "dmean2": 344.513946533, "dmean": 226.851882935, "var": 475331.4375, "dvar": 106072.945312, "mean": 974.98449707}, "pitch_salience": {"min": 0.0769416615367, "max": 0.832499682903, "dvar2": 0.0143633531407, "median": 0.521722316742, "dmean2": 0.13254609704, "dmean": 0.081329613924, "var": 0.0155747476965, "dvar": 0.00566527433693, "mean": 0.518405079842}, "erbbands_skewness": {"min": -5.95957279205, "max": 9.66227149963, "dvar2": 0.584532141685, "median": 0.872164130211, "dmean2": 0.714266419411, "dmean": 0.473753422499, "var": 1.30991077423, "dvar": 0.266063392162, "mean": 0.973940253258}, "erbbands_crest": {"min": 2.38472008705, "max": 31.7267494202, "dvar2": 19.0236377716, "median": 8.81153869629, "dmean2": 4.72393274307, "dmean": 2.92379879951, "var": 24.1071872711, "dvar": 7.64079427719, "mean": 10.0219163895}, "melbands": {"min": [1.1134845046e-08, 8.71209593356e-09, 2.96739832706e-09, 2.74161049418e-09, 1.02732289342e-09, 2.53433962705e-09, 1.82883741484e-09, 7.4753148116e-10, 3.2751268364e-10, 4.64271843192e-10, 5.46983514038e-10, 4.19149576159e-10, 1.52196658054e-10, 1.4753705202e-10, 1.69667224714e-10, 2.61122290457e-10, 7.63082513844e-11, 9.70731828254e-11, 7.44015890564e-11, 4.68419782129e-11, 1.13012932346e-11, 2.89551178173e-11, 1.7368963906e-11, 1.41847375859e-11, 1.60552474093e-11, 9.04388109541e-12, 2.47924857727e-11, 2.88620082695e-11, 1.85661087199e-11, 9.26703332127e-12, 4.99468738938e-12, 4.76929476814e-12, 4.70655502419e-12, 3.87536140331e-12, 2.59148605353e-12, 1.47177463359e-12, 9.92496558029e-13, 9.85722788116e-13, 1.12064296644e-12, 9.15414120374e-13], "max": [0.0389925092459, 0.0255454257131, 0.0361323393881, 0.0259306915104, 0.0147379077971, 0.0136964833364, 0.0181501004845, 0.0117605747655, 0.00992646347731, 0.0136602800339, 0.00803742092103, 0.00619896687567, 0.00173940241802, 0.000599255494308, 0.0019725584425, 0.00153258047067, 0.00283030909486, 0.00241548893973, 0.00120360963047, 0.000784600852057, 0.000340873637469, 0.000568630814087, 0.00033138479921, 0.000217166685616, 0.000742048607208, 0.000327995221596, 0.000311124313157, 0.000207385382964, 0.000177657100721, 0.00012068743672, 0.000107408071926, 0.000178217829671, 0.00017315534933, 0.000197954155738, 0.000116613497084, 0.000201911243494, 0.000334244337864, 0.000167636244441, 8.52139201015e-05, 5.26177209395e-05], "dvar2": [2.63781839749e-05, 1.44679825098e-05, 4.57727128378e-06, 1.13012620204e-05, 1.29178988573e-06, 1.76214268777e-06, 3.89152063462e-07, 1.88807405266e-07, 3.91749836126e-07, 2.14709061197e-07, 1.17735901028e-07, 4.9732733487e-08, 8.31890911712e-09, 2.52010678992e-09, 4.00641120279e-09, 5.09300557283e-09, 9.4600016709e-09, 6.69061428482e-09, 3.50752205058e-09, 1.23239352057e-09, 5.58210699886e-10, 7.62705454349e-10, 2.11284378882e-10, 2.0580313842e-10, 4.88786067177e-10, 2.01461888838e-10, 1.91843013697e-10, 1.36234259984e-10, 5.18241942415e-11, 3.4409877725e-11, 4.38409482328e-11, 4.51410853142e-11, 3.09038419855e-11, 3.49123924215e-11, 3.29718682912e-11, 3.82762085915e-11, 5.22496247657e-11, 2.185354675e-11, 1.67786930183e-11, 7.90839962961e-12], "median": [0.00163379404694, 0.00122214166913, 0.000633732881397, 0.000381633406505, 0.000257807900198, 0.000177257781615, 6.99449155945e-05, 3.83161241189e-05, 3.41276900144e-05, 2.84044253931e-05, 2.03861418413e-05, 1.34115289256e-05, 8.18738953967e-06, 7.10969698048e-06, 4.0576774154e-06, 3.04223431158e-06, 4.0672994146e-06, 4.97655946674e-06, 3.99555483455e-06, 3.16444948112e-06, 3.33842922373e-06, 2.96065354632e-06, 2.52932022704e-06, 2.90314437734e-06, 2.76364676211e-06, 2.38363077187e-06, 1.85319925095e-06, 2.15186128116e-06, 1.89601382772e-06, 1.72126533471e-06, 1.59916601206e-06, 1.63629874805e-06, 1.06964489532e-06, 7.27236681541e-07, 6.41708311377e-07, 5.91220668866e-07, 5.48307468762e-07, 3.83291308026e-07, 3.25002872614e-07, 2.47919501817e-07], "dmean2": [0.0026886803098, 0.00194225471932, 0.00128049915656, 0.00146309740376, 0.000601503881626, 0.000631880713627, 0.000235380211961, 0.000154739653226, 0.000213246370549, 0.00015414331574, 0.000101286874269, 6.31334114587e-05, 3.17332232953e-05, 2.37662807194e-05, 1.9917561076e-05, 1.96016317204e-05, 2.50183456956e-05, 2.64571754087e-05, 1.94001022464e-05, 1.25792821564e-05, 1.02865114968e-05, 9.76256524154e-06, 6.52462540529e-06, 6.63722767058e-06, 6.73896965964e-06, 5.45713010069e-06, 4.67931431558e-06, 4.4583334784e-06, 3.21568313666e-06, 3.27418115376e-06, 3.57245539817e-06, 3.21649713442e-06, 2.12388545151e-06, 1.63533320574e-06, 1.59417959367e-06, 1.53474013587e-06, 1.54320116508e-06, 1.22104643197e-06, 1.16835815334e-06, 1.1173879102e-06], "dmean": [0.00170485046692, 0.00115350075066, 0.000784260919318, 0.000921670231037, 0.00039546014159, 0.000397403433453, 0.000147881204612, 9.90911503322e-05, 0.000140471835039, 0.000101414887467, 6.44489118713e-05, 4.04527781939e-05, 1.97759272851e-05, 1.54611952894e-05, 1.37562237796e-05, 1.28926985781e-05, 1.60921808856e-05, 1.69419708982e-05, 1.23181334857e-05, 7.86298642197e-06, 6.25924712949e-06, 5.94199718762e-06, 4.13000361732e-06, 4.2379460865e-06, 4.40643998445e-06, 3.5315565583e-06, 3.06644756165e-06, 2.89522677122e-06, 2.056295898e-06, 2.14449687519e-06, 2.32634738495e-06, 2.09098561754e-06, 1.37184997584e-06, 1.10375947315e-06, 1.07562391349e-06, 1.03016691355e-06, 1.0386544318e-06, 7.98838186711e-07, 7.67463689044e-07, 7.45283728065e-07], "var": [1.60673844221e-05, 5.97609096076e-06, 2.63649098997e-06, 6.60342584524e-06, 1.08067467863e-06, 1.18003322314e-06, 2.72729778317e-07, 1.55483448339e-07, 6.34083335171e-07, 2.41002737766e-07, 1.25932260175e-07, 5.12381639339e-08, 4.61711824329e-09, 2.73576050702e-09, 5.05805264339e-09, 4.29376312283e-09, 8.47197867415e-09, 5.51444223618e-09, 3.19942716764e-09, 1.14979714638e-09, 3.22156190613e-10, 4.3612924383e-10, 1.9852376687e-10, 1.88043511318e-10, 7.46929074147e-10, 2.61925009459e-10, 2.54027715529e-10, 1.58280291651e-10, 4.32474958623e-11, 4.66401847699e-11, 5.60198241961e-11, 4.25476008592e-11, 2.60083621306e-11, 3.35527335082e-11, 2.71881250152e-11, 3.09515954533e-11, 5.53099059608e-11, 3.05503400355e-11, 1.45245820579e-11, 7.53696931255e-12], "dvar": [1.15746770462e-05, 5.45014290765e-06, 1.86127101642e-06, 4.98079452882e-06, 5.45979503386e-07, 7.08109610059e-07, 1.63510605944e-07, 8.0671078706e-08, 1.76005158892e-07, 9.22081966337e-08, 4.60726212737e-08, 2.00026732955e-08, 3.19363180346e-09, 1.11687425974e-09, 2.11911577175e-09, 2.23615659323e-09, 4.2316710136e-09, 2.97110425151e-09, 1.51003276549e-09, 5.4800969318e-10, 2.22735524469e-10, 2.99969271644e-10, 9.2044184774e-11, 8.90606685622e-11, 2.51517917604e-10, 8.996623585e-11, 8.35412919398e-11, 5.98238819594e-11, 2.12405423111e-11, 1.48430313179e-11, 1.89625520147e-11, 1.89668922929e-11, 1.34228886686e-11, 1.69031368763e-11, 1.4983741678e-11, 1.67687010111e-11, 2.4879714608e-11, 1.1320605911e-11, 7.30196979271e-12, 3.49963244148e-12], "mean": [0.00294950162061, 0.00193342391867, 0.00117122975644, 0.00120124488603, 0.000667678716127, 0.000625247543212, 0.000232006772421, 0.000158445516718, 0.000272488308838, 0.000191598155652, 0.000111155917693, 6.68954526191e-05, 2.92862423521e-05, 2.60061424342e-05, 2.18232180487e-05, 1.91482758964e-05, 2.50151679211e-05, 2.57287210843e-05, 1.85955741472e-05, 1.17114213936e-05, 9.36725155043e-06, 8.99916994967e-06, 7.03362638887e-06, 7.3580163189e-06, 8.18574153527e-06, 6.95361586622e-06, 5.98997394263e-06, 5.65515119888e-06, 4.10395932704e-06, 4.63955893792e-06, 4.71879639008e-06, 4.09589256378e-06, 2.42658074967e-06, 1.9776668978e-06, 1.87517719041e-06, 1.81656344012e-06, 1.71653346115e-06, 1.37852134685e-06, 1.30174214519e-06, 1.26712961901e-06]}, "spectral_entropy": {"min": 4.4898018837, "max": 9.00780963898, "dvar2": 0.130168348551, "median": 7.56271362305, "dmean2": 0.331355184317, "dmean": 0.222498625517, "var": 0.421618014574, "dvar": 0.0627675428987, "mean": 7.40492725372}, "spectral_rolloff": {"min": 64.599609375, "max": 14642.578125, "dvar2": 2244174.5, "median": 409.130859375, "dmean2": 607.79888916, "dmean": 355.526672363, "var": 1858926, "dvar": 1035894.375, "mean": 836.314697266}, "barkbands": {"min": [2.53559812036e-10, 3.93837744639e-08, 1.28832091661e-08, 4.93335994278e-09, 1.14163061227e-08, 1.26166570524e-08, 8.65278515505e-09, 9.30170551694e-10, 2.81244161293e-09, 2.04086303413e-09, 1.01709596301e-09, 1.71960001794e-09, 2.93674617957e-09, 8.4322387961e-10, 1.3714429592e-09, 4.89064233555e-10, 4.50055631651e-10, 2.94313129423e-10, 3.72392117143e-10, 1.20834031669e-09, 3.25584836869e-10, 2.71357741832e-10, 1.58320342947e-10, 9.43850483881e-11, 1.01223869564e-10, 2.69278599418e-10, 3.04825026332e-10], "max": [0.00915163289756, 0.112327605486, 0.0648583769798, 0.0910901352763, 0.103669680655, 0.0779788866639, 0.0784008428454, 0.0562295801938, 0.0811197757721, 0.0583739839494, 0.0253952480853, 0.00970720965415, 0.0141443023458, 0.027150368318, 0.014561499469, 0.00751958601177, 0.00699877738953, 0.00666436832398, 0.0111140711233, 0.00659056939185, 0.0046181678772, 0.00645234668627, 0.00682122213766, 0.0181346815079, 0.00445341086015, 0.00314230797812, 0.00028829294024], "dvar2": [1.3960184333e-06, 0.000294090743409, 3.18027377944e-05, 1.94571202883e-05, 0.00016493696603, 4.4847773097e-05, 7.17811462891e-06, 8.5174533524e-06, 1.04747114165e-05, 5.83151177125e-06, 8.20391562684e-07, 2.26280505444e-07, 4.6450512059e-07, 1.07117102743e-06, 5.51918219571e-07, 1.6799170055e-07, 1.20505021073e-07, 8.95837004578e-08, 1.45802701468e-07, 1.04807973855e-07, 5.30525419151e-08, 6.78742182458e-08, 1.05318676447e-07, 1.49848602859e-07, 6.60914381001e-08, 4.36655476221e-08, 7.35404293017e-10], "median": [0.000365435262211, 0.00543844979256, 0.00162791006733, 0.000935971795116, 0.00178169319406, 0.000999101670459, 0.000265070877504, 0.000165319186635, 0.00021217680478, 9.46794971242e-05, 5.90299750911e-05, 6.07391521044e-05, 3.26872250298e-05, 5.02638758917e-05, 5.37230880582e-05, 5.07500008098e-05, 4.68289726996e-05, 6.18448975729e-05, 6.5817432187e-05, 7.05447964719e-05, 7.38163216738e-05, 7.29365565348e-05, 4.11382243328e-05, 4.0945240471e-05, 2.69511547231e-05, 1.57734612003e-05, 2.21137224798e-06], "dmean2": [0.000712608336471, 0.00894679874182, 0.00305032776669, 0.00250188843347, 0.00582703435794, 0.00337843061425, 0.000960130884778, 0.000986376544461, 0.0011206624331, 0.000611803319771, 0.000269244861556, 0.000210513637285, 0.000192776409676, 0.000313927099342, 0.000240815017605, 0.000170998057001, 0.000141622018418, 0.000138788149343, 0.000143162498716, 0.000128657615278, 0.0001276616822, 0.000118208488857, 8.79010694916e-05, 9.69797038124e-05, 0.000101986493974, 7.18188966857e-05, 1.12974166768e-05], "dmean": [0.000443490047473, 0.00560929253697, 0.00179894024041, 0.00147533696145, 0.00370842474513, 0.00218060915358, 0.000601178500801, 0.000642627419438, 0.000738317496143, 0.000385324354284, 0.000168236190802, 0.000139537951327, 0.000125843449496, 0.000200697337277, 0.000153707689606, 0.000106641615275, 8.70870499057e-05, 8.94462646102e-05, 9.35296848183e-05, 8.46034890856e-05, 8.4704865003e-05, 7.83006107667e-05, 6.158000906e-05, 6.7493354436e-05, 6.93124093232e-05, 4.51127016277e-05, 7.50978688302e-06], "var": [8.24688129342e-07, 0.000168559548911, 1.51950771397e-05, 9.5231407613e-06, 0.000102413105196, 3.43440115103e-05, 5.02075454278e-06, 1.01381074273e-05, 1.11076478788e-05, 6.18479543846e-06, 4.20226228925e-07, 2.70806282288e-07, 3.80972693392e-07, 1.04015202851e-06, 4.49511048828e-07, 1.45786714256e-07, 9.20381779679e-08, 9.17167497505e-08, 2.306079665e-07, 1.52470178705e-07, 8.12470020151e-08, 7.29175013703e-08, 9.9740752546e-08, 2.3322645859e-07, 6.94449866501e-08, 1.73007315141e-08, 4.36294805839e-10], "dvar": [5.65576840472e-07, 0.000127246545162, 1.17518275147e-05, 7.20858906789e-06, 7.32501212042e-05, 1.88510894077e-05, 3.0048854569e-06, 3.79535845241e-06, 4.52682797913e-06, 2.18726563617e-06, 3.09544020638e-07, 1.03564765652e-07, 2.11568746522e-07, 4.89427009143e-07, 2.35250823266e-07, 7.32464400244e-08, 4.93416330016e-08, 4.0577511129e-08, 7.09410059585e-08, 4.79287862731e-08, 2.34010038014e-08, 3.07443244196e-08, 5.05396506867e-08, 8.18959904336e-08, 3.06566789732e-08, 1.63607722925e-08, 3.08916697778e-10], "mean": [0.000668499851599, 0.00954682566226, 0.00286601879634, 0.00193399330601, 0.00510807242244, 0.00349605525844, 0.000938732584473, 0.00112932489719, 0.00137925543822, 0.000656391959637, 0.000234277365962, 0.000240678156842, 0.000183702461072, 0.000307404727209, 0.000233131882851, 0.000163876422448, 0.000137064678711, 0.00015823256399, 0.000189168742509, 0.00017940721591, 0.000193798608962, 0.000161311487318, 0.000115767739771, 0.000126227401779, 0.000122020719573, 6.31381408311e-05, 1.01089381133e-05]}, "melbands_flatness_db": {"min": 0.0571888573468, "max": 0.606589198112, "dvar2": 0.00236715283245, "median": 0.235956072807, "dmean2": 0.0461505688727, "dmean": 0.0308191366494, "var": 0.00977946072817, "dvar": 0.00112010678276, "mean": 0.26279848814}, "melbands_skewness": {"min": -1.8305990696, "max": 26.6395759583, "dvar2": 4.61177206039, "median": 3.65434527397, "dmean2": 1.77137243748, "dmean": 1.15645980835, "var": 5.71725749969, "dvar": 2.02092266083, "mean": 4.06519365311}, "barkbands_skewness": {"min": -6.43218278885, "max": 18.3109455109, "dvar2": 2.6856276989, "median": 2.46855974197, "dmean2": 1.31082940102, "dmean": 0.863370239735, "var": 3.53819680214, "dvar": 1.17220377922, "mean": 2.80958843231}, "silence_rate_60dB": {"min": 0, "max": 1, "dvar2": 0.0555567778647, "median": 0, "dmean2": 0.0521978028119, "dmean": 0.0260963402689, "var": 0.0653854086995, "dvar": 0.0254200138152, "mean": 0.0703354924917}, "spectral_energyband_low": {"min": 1.10974902157e-07, "max": 0.12165107578, "dvar2": 0.000396197458031, "median": 0.00914323236793, "dmean2": 0.0112411938608, "dmean": 0.00708301970735, "var": 0.000255569349974, "dvar": 0.000172639804077, "mean": 0.0138979544863}, "spectral_energyband_middle_low": {"min": 8.14939014049e-08, "max": 0.118291720748, "dvar2": 0.000249669130426, "median": 0.00871836952865, "dmean2": 0.00988709274679, "dmean": 0.00657326215878, "var": 0.000258512125583, "dvar": 0.000120775170217, "mean": 0.014133294113}, "melbands_kurtosis": {"min": -1.90722584724, "max": 1045.83557129, "dvar2": 4086.01733398, "median": 23.3437004089, "dmean2": 32.9126396179, "dmean": 20.9220676422, "var": 2836.82714844, "dvar": 1711.71386719, "mean": 39.2778015137}, "spectral_decrease": {"min": -3.57758871417e-08, "max": -7.81249929116e-14, "dvar2": 3.85854344768e-17, "median": -6.25373308694e-09, "dmean2": 4.5090851053e-09, "dmean": 2.96539770517e-09, "var": 3.72479165135e-17, "dvar": 1.82783406901e-17, "mean": -7.69998909078e-09}, "erbbands_kurtosis": {"min": -1.88418579102, "max": 125.557220459, "dvar2": 35.7200393677, "median": 0.180138230324, "dmean2": 2.95164084435, "dmean": 1.86167287827, "var": 33.7153701782, "dvar": 15.0668153763, "mean": 1.98571848869}, "melbands_crest": {"min": 4.18508291245, "max": 35.9571304321, "dvar2": 26.8542842865, "median": 15.7579507828, "dmean2": 5.84577608109, "dmean": 3.62296009064, "var": 31.8638439178, "dvar": 10.5809850693, "mean": 16.4843521118}, "gfcc": {"cov": [[10182.4931641, -2062.25634766, -1303.18505859, -90.4748077393, -694.799743652, 110.443450928, -363.907043457, 521.993408203, -168.945098877, 342.04864502, -164.342544556, 25.1173915863, 76.5661087036], [-2062.25634766, 1452.74609375, 21.2532463074, -47.9796104431, 276.087158203, -141.196884155, 176.742034912, -168.476760864, 64.3447952271, -142.713180542, 103.570701599, -61.370174408, 15.431599617], [-1303.18505859, 21.2532463074, 1256.42382812, 218.60786438, 190.710693359, 263.550201416, 14.5673055649, -77.3645172119, 10.8801136017, -26.1455345154, -26.5870361328, 94.3909072876, -56.3626823425], [-90.4748077393, -47.9796104431, 218.60786438, 394.676239014, 84.9502182007, 46.7375717163, 9.30010128021, -4.27898788452, 29.0475025177, -28.9579524994, 12.5077209473, 5.40507364273, 15.8042049408], [-694.799743652, 276.087158203, 190.710693359, 84.9502182007, 268.425842285, 59.9229011536, 87.1110839844, -6.94005680084, 25.9269943237, -22.9058761597, 9.40891933441, -2.37275695801, -1.62178277969], [110.443450928, -141.196884155, 263.550201416, 46.7375717163, 59.9229011536, 254.068969727, 80.0931243896, 43.1588401794, 9.89670181274, 21.0992565155, -7.82278442383, 6.33182191849, -34.2517929077], [-363.907043457, 176.742034912, 14.5673055649, 9.30010128021, 87.1110839844, 80.0931243896, 186.377258301, 52.5374145508, 40.3233604431, 0.248640730977, 23.2643871307, -18.6394500732, -18.1806621552], [521.993408203, -168.476760864, -77.3645172119, -4.27898788452, -6.94005680084, 43.1588401794, 52.5374145508, 167.676391602, 38.5080871582, 46.4815559387, -7.79494190216, -16.7222423553, 5.30193042755], [-168.945098877, 64.3447952271, 10.8801136017, 29.0475025177, 25.9269943237, 9.89670181274, 40.3233604431, 38.5080871582, 108.589385986, 31.8875217438, 14.3064374924, -6.36200046539, -1.08502316475], [342.04864502, -142.713180542, -26.1455345154, -28.9579524994, -22.9058761597, 21.0992565155, 0.248640730977, 46.4815559387, 31.8875217438, 116.995117188, 33.0011634827, 14.1843204498, -3.33665919304], [-164.342544556, 103.570701599, -26.5870361328, 12.5077209473, 9.40891933441, -7.82278442383, 23.2643871307, -7.79494190216, 14.3064374924, 33.0011634827, 107.942359924, 27.8158168793, 4.12222337723], [25.1173915863, -61.370174408, 94.3909072876, 5.40507364273, -2.37275695801, 6.33182191849, -18.6394500732, -16.7222423553, -6.36200046539, 14.1843204498, 27.8158168793, 106.252258301, 34.391330719], [76.5661087036, 15.431599617, -56.3626823425, 15.8042049408, -1.62178277969, -34.2517929077, -18.1806621552, 5.30193042755, -1.08502316475, -3.33665919304, 4.12222337723, 34.391330719, 95.8439025879]], "icov": [[0.000254411046626, -8.30451972433e-05, 0.000361844693543, -0.000291440810543, 0.000350412621628, -0.000549779972062, 0.000618205172941, -0.000734683068004, 0.000569727737457, -0.000631470757071, 0.000564050162211, -0.000463990843855, 0.000165039513377], [-8.30451972433e-05, 0.00232506589964, -0.000515528547112, 0.00122251280118, -0.00176106009167, 0.00187172752339, -0.00219324161299, 0.00235781306401, -0.00183445052244, 0.00262204953469, -0.00279441056773, 0.00230450276285, -0.00135634397157], [0.000361844693543, -0.000515528547112, 0.00211430271156, -0.0011324865045, 1.7627617126e-05, -0.0024891064968, 0.001841089339, -0.00069942389382, 0.000682541984133, -0.00113723729737, 0.00195312243886, -0.00266716629267, 0.00156390911434], [-0.000291440810543, 0.00122251280118, -0.0011324865045, 0.00406951829791, -0.00178305758163, 0.00114850117825, -0.000983080244623, 0.00149843562394, -0.00239958264865, 0.00310518895276, -0.00297285802662, 0.0023384464439, -0.00182043528184], [0.000350412621628, -0.00176106009167, 1.7627617126e-05, -0.00178305758163, 0.00702715106308, -0.00182561925612, -0.000290619442239, -0.00185322423931, 0.00153183320072, -0.00208934862167, 0.00241289101541, -0.00141849031206, 0.000171688589035], [-0.000549779972062, 0.00187172752339, -0.0024891064968, 0.00114850117825, -0.00182561925612, 0.00926582980901, -0.00562117481604, 0.00172616809141, -0.000970780325588, 0.00149366713595, -0.00215494446456, 0.00240371911786, -0.000125460908748], [0.000618205172941, -0.00219324161299, 0.001841089339, -0.000983080244623, -0.000290619442239, -0.00562117481604, 0.0125958863646, -0.00588935147971, 0.000422649172833, -0.0010499919299, 0.000843011774123, -0.00226822914556, 0.00255127879791], [-0.000734683068004, 0.00235781306401, -0.00069942389382, 0.00149843562394, -0.00185322423931, 0.00172616809141, -0.00588935147971, 0.0130049837753, -0.00475949468091, 0.000611404888332, -0.00170948298182, 0.00403755856678, -0.00311000738293], [0.000569727737457, -0.00183445052244, 0.000682541984133, -0.00239958264865, 0.00153183320072, -0.000970780325588, 0.000422649172833, -0.00475949468091, 0.0144552737474, -0.00650683511049, 0.002886866685, -0.00162465428002, 0.00105566321872], [-0.000631470757071, 0.00262204953469, -0.00113723729737, 0.00310518895276, -0.00208934862167, 0.00149366713595, -0.0010499919299, 0.000611404888332, -0.00650683511049, 0.0170659478754, -0.00841338932514, 0.00204917346127, -0.000686048471835], [0.000564050162211, -0.00279441056773, 0.00195312243886, -0.00297285802662, 0.00241289101541, -0.00215494446456, 0.000843011774123, -0.00170948298182, 0.002886866685, -0.00841338932514, 0.0169247221202, -0.00731055205688, 0.00279836636037], [-0.000463990843855, 0.00230450276285, -0.00266716629267, 0.0023384464439, -0.00141849031206, 0.00240371911786, -0.00226822914556, 0.00403755856678, -0.00162465428002, 0.00204917346127, -0.00731055205688, 0.0171559099108, -0.00756166968495], [0.000165039513377, -0.00135634397157, 0.00156390911434, -0.00182043528184, 0.000171688589035, -0.000125460908748, 0.00255127879791, -0.00311000738293, 0.00105566321872, -0.000686048471835, 0.00279836636037, -0.00756166968495, 0.01493513491]], "mean": [-22.2522983551, 86.9477233887, -72.8905639648, 39.2160110474, -53.3557472229, 10.3172044754, -31.631357193, 6.97637224197, -21.2885398865, 5.46058654785, -18.1943073273, 3.33637404442, -8.09498786926]}, "melbands_spread": {"min": 0.281069248915, "max": 288.324676514, "dvar2": 234.030715942, "median": 10.0014610291, "dmean2": 7.31124830246, "dmean": 4.78848361969, "var": 274.046203613, "dvar": 110.229560852, "mean": 13.7201290131}, "spectral_energy": {"min": 3.2240475889e-07, "max": 0.136977285147, "dvar2": 0.000566405185964, "median": 0.0251326858997, "dmean2": 0.0173662118614, "dmean": 0.0114647420123, "var": 0.000569757597987, "dvar": 0.000269796670182, "mean": 0.030542422086}, "mfcc": {"cov": [[10959.9667969, -1905.68041992, -1212.73144531, -411.704650879, -539.713867188, -556.974731445, -203.825195312, -267.571777344, 114.882209778, 120.11579895, 70.3579940796, -104.384010315, -37.9463806152], [-1905.68041992, 1305.66174316, -4.23065233231, 70.895690918, 65.2011032104, 96.3012542725, 77.8396682739, 59.0950241089, -42.6433105469, -27.9012622833, -21.3459815979, 26.9933815002, -5.14404249191], [-1212.73144531, -4.23065233231, 845.143249512, 85.2987060547, 204.790084839, 225.981826782, 33.3500366211, 84.9431381226, 2.35734724998, -58.8692474365, 25.2297916412, 32.5831413269, 15.5869026184], [-411.704650879, 70.895690918, 85.2987060547, 321.471405029, 109.063514709, 52.369972229, 7.65549659729, 35.9263572693, 1.94004058838, -3.4735352993, -33.7282676697, 8.85540962219, 25.5940856934], [-539.713867188, 65.2011032104, 204.790084839, 109.063514709, 205.587921143, 97.6990890503, 27.7084980011, 38.0811691284, 20.1283016205, -14.299574852, -8.47175884247, 10.7716579437, 16.1700305939], [-556.974731445, 96.3012542725, 225.981826782, 52.369972229, 97.6990890503, 214.688781738, 66.3163528442, 64.1235809326, 4.62045145035, -8.63514614105, 26.2956295013, 16.1711978912, 0.334619730711], [-203.825195312, 77.8396682739, 33.3500366211, 7.65549659729, 27.7084980011, 66.3163528442, 153.127670288, 62.3779449463, 19.781080246, 26.6519393921, 33.743598938, 17.7818870544, 7.40620803833], [-267.571777344, 59.0950241089, 84.9431381226, 35.9263572693, 38.0811691284, 64.1235809326, 62.3779449463, 130.72996521, 38.7002792358, 19.9544334412, 12.3457756042, 12.864440918, -0.477420121431], [114.882209778, -42.6433105469, 2.35734724998, 1.94004058838, 20.1283016205, 4.62045145035, 19.781080246, 38.7002792358, 134.746612549, 36.6358642578, 16.8552246094, -1.68606686592, 2.20603251457], [120.11579895, -27.9012622833, -58.8692474365, -3.4735352993, -14.299574852, -8.63514614105, 26.6519393921, 19.9544334412, 36.6358642578, 129.146743774, 63.7965202332, 1.91249239445, -15.0499572754], [70.3579940796, -21.3459815979, 25.2297916412, -33.7282676697, -8.47175884247, 26.2956295013, 33.743598938, 12.3457756042, 16.8552246094, 63.7965202332, 124.504020691, 40.3015289307, -5.54619169235], [-104.384010315, 26.9933815002, 32.5831413269, 8.85540962219, 10.7716579437, 16.1711978912, 17.7818870544, 12.864440918, -1.68606686592, 1.91249239445, 40.3015289307, 84.192741394, 39.6261024475], [-37.9463806152, -5.14404249191, 15.5869026184, 25.5940856934, 16.1700305939, 0.334619730711, 7.40620803833, -0.477420121431, 2.20603251457, -15.0499572754, -5.54619169235, 39.6261024475, 91.3110427856]], "icov": [[0.000164401135407, 0.000217695502215, 0.00019007390074, 3.796299643e-05, 0.000118078663945, 6.32274823147e-05, 1.74860488187e-05, 5.58391075174e-05, -0.000117960444186, 9.97687966446e-05, -0.000168699552887, 0.000102672136563, -2.02797382372e-05], [0.000217695502215, 0.00115030165762, 0.000445296725957, -1.75194236363e-05, -5.09952551511e-05, -0.000237293221289, -0.000274380436167, -0.000167176534887, 0.000186784076504, 0.000260175613221, 7.04713820596e-05, -0.00030676368624, 0.000291225820547], [0.00019007390074, 0.000445296725957, 0.00227126968093, 0.000174401327968, -0.00125552737154, -0.00139810540713, 0.000640133279376, -0.000707245548256, 9.18743389775e-05, 0.00114348751958, -0.000957779760938, 5.93994482188e-05, -5.83758628636e-05], [3.796299643e-05, -1.75194236363e-05, 0.000174401327968, 0.00413985317573, -0.00202294485644, -0.000297343940474, 0.000488655234221, -0.000738806033041, 0.000450618332252, -0.00103482860141, 0.00151426158845, -0.000465336052002, -0.000747064943425], [0.000118078663945, -5.09952551511e-05, -0.00125552737154, -0.00202294485644, 0.00857898127288, -0.0018914983375, -0.000389853550587, 0.000621044368017, -0.00150408293121, -4.73227771636e-07, 0.00086546712555, -8.26326358947e-05, -0.000525201496202], [6.32274823147e-05, -0.000237293221289, -0.00139810540713, -0.000297343940474, -0.0018914983375, 0.00874327030033, -0.00218048365787, -0.00171214318834, 0.000616126519162, 0.00119169941172, -0.00197352608666, 0.00067021115683, 0.000576546124648], [1.74860488187e-05, -0.000274380436167, 0.000640133279376, 0.000488655234221, -0.000389853550587, -0.00218048365787, 0.00948586687446, -0.00350688188337, 5.51456832909e-05, -0.000763554999139, -0.00157403375488, 0.000179214373929, -0.0012656939216], [5.58391075174e-05, -0.000167176534887, -0.000707245548256, -0.000738806033041, 0.000621044368017, -0.00171214318834, -0.00350688188337, 0.0119406497106, -0.00289511028677, -0.00153892266098, 0.00192411988974, -0.00194536126219, 0.00136216147803], [-0.000117960444186, 0.000186784076504, 9.18743389775e-05, 0.000450618332252, -0.00150408293121, 0.000616126519162, 5.51456832909e-05, -0.00289511028677, 0.00923425797373, -0.0020673268009, -0.00034117558971, 0.0010756298434, -0.000987347681075], [9.97687966446e-05, 0.000260175613221, 0.00114348751958, -0.00103482860141, -4.73227771636e-07, 0.00119169941172, -0.000763554999139, -0.00153892266098, -0.0020673268009, 0.0131482901052, -0.0078013879247, 0.00295772962272, 0.000660226971377], [-0.000168699552887, 7.04713820596e-05, -0.000957779760938, 0.00151426158845, 0.00086546712555, -0.00197352608666, -0.00157403375488, 0.00192411988974, -0.00034117558971, -0.0078013879247, 0.0165712293237, -0.00903565902263, 0.00331474561244], [0.000102672136563, -0.00030676368624, 5.93994482188e-05, -0.000465336052002, -8.26326358947e-05, 0.00067021115683, 0.000179214373929, -0.00194536126219, 0.0010756298434, 0.00295772962272, -0.00903565902263, 0.0207707993686, -0.00896803475916], [-2.02797382372e-05, 0.000291225820547, -5.83758628636e-05, -0.000747064943425, -0.000525201496202, 0.000576546124648, -0.0012656939216, 0.00136216147803, -0.000987347681075, 0.000660226971377, 0.00331474561244, -0.00896803475916, 0.0156054487452]], "mean": [-680.777770996, 121.110397339, 33.8450889587, 35.2482452393, 6.60472393036, 9.49487018585, 0.882177770138, 2.37960195541, 3.73049664497, 0.993863761425, -0.562830626965, -2.20006465912, -4.06676292419]}, "spectral_contrast_valleys": {"min": [-12.5113172531, -12.3714427948, -12.8026323318, -14.4760408401, -14.5245809555, -16.0118980408], "max": [-5.06402921677, -4.6387720108, -5.45881128311, -6.13482809067, -5.84417629242, -7.22897386551], "dvar2": [0.25798368454, 0.33852314949, 0.302449434996, 0.284199535847, 0.266552686691, 0.287471860647], "median": [-6.71680259705, -6.99497890472, -7.77479171753, -8.21359062195, -7.75089693069, -9.87569236755], "dmean2": [0.594267070293, 0.656202793121, 0.592081785202, 0.512067973614, 0.429634034634, 0.444414407015], "dmean": [0.37916842103, 0.425336569548, 0.397941768169, 0.352157384157, 0.315742105246, 0.360286980867], "var": [0.810693442822, 1.02462077141, 1.06576752663, 1.13135647774, 1.33587145805, 1.71244668961], "dvar": [0.1244161129, 0.167651802301, 0.157482683659, 0.156958445907, 0.154333844781, 0.166276991367], "mean": [-6.88184976578, -7.08565187454, -7.93043994904, -8.39397525787, -8.05369186401, -10.2332372665]}, "barkbands_flatness_db": {"min": 0.0335617139935, "max": 0.458072781563, "dvar2": 0.00169330241624, "median": 0.146118476987, "dmean2": 0.0396896973252, "dmean": 0.0261454321444, "var": 0.00636864965782, "dvar": 0.000774895306677, "mean": 0.168339520693}, "dynamic_complexity": 3.79171800613, "erbbands_flatness_db": {"min": 0.0369933918118, "max": 0.403407603502, "dvar2": 0.000844526512083, "median": 0.127785012126, "dmean2": 0.0290718320757, "dmean": 0.0200708173215, "var": 0.00250188098289, "dvar": 0.000409387052059, "mean": 0.133891031146}, "hfc": {"min": 0.0002