{"lowlevel": {"spectral_complexity": {"min": 0, "max": 65, "dvar2": 44.8484802246, "median": 11, "dmean2": 5.59737205505, "dmean": 4.13530731201, "var": 136.289627075, "dvar": 36.3521690369, "mean": 13.4440193176}, "silence_rate_20dB": {"min": 1, "max": 1, "dvar2": 0, "median": 1, "dmean2": 0, "dmean": 0, "var": 0, "dvar": 0, "mean": 1}, "average_loudness": 0.945407569408, "erbbands_spread": {"min": 0.800167024136, "max": 191.752304077, "dvar2": 345.131530762, "median": 28.1275291443, "dmean2": 14.7767972946, "dmean": 9.76735496521, "var": 410.7628479, "dvar": 151.615966797, "mean": 32.5594558716}, "spectral_kurtosis": {"min": -1.33389997482, "max": 724.621887207, "dvar2": 611.619018555, "median": 4.97738599777, "dmean2": 7.21783924103, "dmean": 4.55633735657, "var": 1135.46191406, "dvar": 247.401626587, "mean": 11.189912796}, "barkbands_kurtosis": {"min": -1.94848227501, "max": 1141.45568848, "dvar2": 3277.49804688, "median": 3.7644097805, "dmean2": 17.0529346466, "dmean": 11.3611965179, "var": 3808.09008789, "dvar": 1567.57971191, "mean": 17.6908969879}, "spectral_strongpeak": {"min": 0, "max": 15.4561357498, "dvar2": 1.54670238495, "median": 0.467285603285, "dmean2": 0.773480772972, "dmean": 0.478172749281, "var": 1.26269757748, "dvar": 0.688581287861, "mean": 0.838943898678}, "spectral_spread": {"min": 200386.125, "max": 42661480, "dvar2": 1736020328450.0, "median": 4339372, "dmean2": 1008434.5625, "dmean": 690797.25, "var": 4338498928640.0, "dvar": 884458061824, "mean": 4452979.5}, "spectral_rms": {"min": 3.18644546513e-12, "max": 0.0123336082324, "dvar2": 2.14963120015e-06, "median": 0.00446788175032, "dmean2": 0.00127549935132, "dmean": 0.000932787370402, "var": 6.45137015454e-06, "dvar": 1.3377967889e-06, "mean": 0.00481995102018}, "erbbands": {"min": [3.32041223287e-22, 2.33131323684e-21, 6.70893156085e-21, 1.32902761668e-20, 1.57032839904e-20, 4.643951902e-20, 5.09418210889e-20, 1.44081925085e-19, 1.96646758546e-19, 2.70187716194e-19, 3.44885615176e-19, 7.1027052369e-19, 1.68586987881e-18, 1.75241666248e-18, 2.24231438027e-18, 2.54338909808e-18, 2.99177558401e-18, 2.43560787786e-18, 2.91104668533e-18, 4.47908499607e-18, 5.08357866156e-18, 5.25408581481e-18, 7.25056480537e-18, 7.66549845296e-18, 1.26248722232e-17, 1.06816826893e-17, 1.07084246113e-17, 1.28137696695e-17, 1.32632753307e-17, 1.5204386987e-17, 1.40850941586e-17, 1.10203320864e-17, 1.12800974044e-17, 9.40791139991e-18, 7.17733533292e-18, 4.38621866947e-18, 2.73888020777e-18, 1.06942252289e-18, 3.01393906134e-19, 3.42895218289e-20], "max": [7.24851608276, 33.4608573914, 93.4676818848, 150.550552368, 231.346069336, 240.191772461, 746.522644043, 1148.98583984, 1842.33300781, 1230.33666992, 1002.08477783, 1951.14526367, 1821.92041016, 1610.86682129, 1591.31689453, 1695.10717773, 1866.78967285, 1207.23596191, 930.180480957, 636.701904297, 594.344238281, 718.303466797, 1109.35083008, 509.705993652, 502.062469482, 882.374755859, 513.373046875, 781.070129395, 528.424133301, 318.686248779, 368.656616211, 332.696746826, 197.187713623, 88.1187438965, 54.7851486206, 25.9050579071, 4.54176187515, 1.20691025257, 0.251168847084, 0.0125858532265], "dvar2": [0.297936320305, 16.0578708649, 219.415817261, 653.263549805, 300.708526611, 331.077453613, 1851.93249512, 3349.5324707, 10199.4863281, 6116.28173828, 13964.6503906, 5533.41113281, 4150.01513672, 2028.92175293, 5439.96972656, 11162.3818359, 3020.92333984, 2115.66674805, 2505.26416016, 1080.5480957, 491.846588135, 760.241882324, 626.110656738, 522.090148926, 592.561035156, 944.784790039, 638.660400391, 537.045349121, 515.124206543, 332.875854492, 178.226074219, 127.226333618, 43.8046722412, 11.1563720703, 4.35038137436, 0.557711541653, 0.0332560278475, 0.00265057990327, 8.01419373602e-05, 2.0769309117e-07], "median": [0.134503543377, 0.179638639092, 0.297225594521, 0.769798159599, 1.54036176205, 1.50473451614, 2.72006940842, 6.40503406525, 6.44421720505, 5.41706466675, 5.33295917511, 5.06985569, 5.83815479279, 5.8896780014, 6.86231946945, 5.41894054413, 4.72456645966, 4.80129718781, 4.64787006378, 3.49988627434, 2.43715119362, 2.59988427162, 2.30613851547, 1.79048967361, 1.84162545204, 1.62663018703, 1.11608588696, 0.93952190876, 0.662202894688, 0.455411493778, 0.318030178547, 0.265471339226, 0.184032708406, 0.095544449985, 0.0567473992705, 0.026553992182, 0.00762177491561, 0.00106872338802, 7.93660146883e-05, 3.76972748199e-05], "dmean2": [0.323001652956, 1.34686386585, 3.96030020714, 7.3904800415, 7.56051206589, 7.54531002045, 16.8737411499, 23.9365997314, 33.6284713745, 28.5922489166, 40.4318008423, 29.7585430145, 25.4795074463, 20.8465385437, 27.5736598969, 29.8314151764, 19.6265907288, 15.8256893158, 19.2341690063, 12.1566028595, 8.78033924103, 9.26282310486, 9.88711452484, 8.20402050018, 8.41296577454, 8.74034118652, 8.0052652359, 7.32039928436, 7.52623271942, 6.21986627579, 4.0931801796, 3.36177539825, 1.80534684658, 0.825390934944, 0.413184672594, 0.139646828175, 0.0436247102916, 0.00946849770844, 0.00147845409811, 9.53726703301e-05], "dmean": [0.25986918807, 0.977553069592, 2.3071873188, 4.16632509232, 4.59631156921, 4.50483942032, 10.740819931, 15.7259092331, 21.8991088867, 18.4452552795, 24.5875492096, 19.2399215698, 17.3753013611, 13.1942977905, 18.1063461304, 20.5460700989, 13.2567396164, 10.7995033264, 12.8947782516, 8.1418800354, 5.86112165451, 6.59220409393, 7.2368555069, 6.12644720078, 5.83264350891, 6.23972558975, 5.81805992126, 5.66667079926, 5.5273399353, 4.49747371674, 3.00511932373, 2.36232113838, 1.29624533653, 0.56550681591, 0.272258460522, 0.0943628698587, 0.0295038856566, 0.00626723980531, 0.000958441116381, 6.25783359283e-05], "var": [1.11930286884, 19.2070789337, 61.1963157654, 145.574493408, 215.252380371, 160.667770386, 1881.71252441, 3030.73217773, 8722.27441406, 4363.97705078, 4935.73144531, 4041.8293457, 4692.35644531, 4075.6159668, 4264.06640625, 7400.38427734, 3925.30908203, 2266.52148438, 1711.94689941, 862.000671387, 453.278869629, 641.439147949, 721.663574219, 528.845397949, 468.352142334, 688.734436035, 581.026306152, 626.6640625, 525.172973633, 306.028198242, 156.11579895, 112.336273193, 40.5484695435, 8.1183385849, 2.20169615746, 0.296151697636, 0.0242415945977, 0.00153409841005, 3.75022245862e-05, 9.80269874162e-08], "dvar": [0.248186692595, 8.43439483643, 82.7271575928, 227.362136841, 118.35874939, 125.736595154, 808.464904785, 1536.9185791, 5021.85839844, 2683.65795898, 5382.02685547, 2472.73974609, 2104.07250977, 939.344055176, 2479.70556641, 5152.00585938, 1582.8248291, 1097.6529541, 1117.3260498, 510.556488037, 234.575622559, 350.337615967, 354.878570557, 284.900268555, 290.255187988, 465.046081543, 339.756622314, 326.280303955, 290.494171143, 181.136062622, 87.0569381714, 62.1402359009, 21.8702545166, 5.18890047073, 1.77263152599, 0.231910824776, 0.0154050337151, 0.00118968973402, 3.35768345394e-05, 8.67980176622e-08], "mean": [0.532455801964, 1.70223033428, 2.0075507164, 4.25697374344, 6.67980527878, 5.78792619705, 16.7143955231, 24.449388504, 30.7388477325, 25.5133857727, 27.5134468079, 26.2189025879, 27.9629383087, 21.5858860016, 25.5642604828, 28.9626998901, 19.9339141846, 17.1907653809, 17.6020698547, 12.7396354675, 8.96303653717, 9.9126291275, 10.3903093338, 8.69187641144, 8.39924907684, 8.1037902832, 7.89984369278, 7.66428089142, 7.74173927307, 5.89289855957, 3.80364465714, 2.81271505356, 1.64499783516, 0.764492690563, 0.362718582153, 0.129765763879, 0.0388959161937, 0.00771722011268, 0.00106107140891, 9.13189578569e-05]}, "zerocrossingrate": {"min": 0.00146484375, "max": 0.515625, "dvar2": 0.000423107354436, "median": 0.0361328125, "dmean2": 0.0142755955458, "dmean": 0.0133230071515, "var": 0.00202578795142, "dvar": 0.000390316999983, "mean": 0.0474077537656}, "spectral_contrast_coeffs": {"min": [-0.968829929829, -0.975520730019, -0.982746958733, -0.98247730732, -0.980344414711, -0.980152487755], "max": [-0.288480460644, -0.2927313447, -0.397083282471, -0.505105376244, -0.494658827782, -0.537503540516], "dvar2": [0.00575226126239, 0.0058178761974, 0.00300205196254, 0.00179795268923, 0.00105656031519, 0.00113877339754], "median": [-0.690125465393, -0.728487491608, -0.783985733986, -0.793146371841, -0.811556339264, -0.768712282181], "dmean2": [0.0873666256666, 0.0897135436535, 0.0649807155132, 0.0519855618477, 0.038864325732, 0.0351757034659], "dmean": [0.0564112104475, 0.0576166734099, 0.0416978821158, 0.0333865173161, 0.0247654970735, 0.0245266743004], "var": [0.0129594057798, 0.0114776790142, 0.00647386582568, 0.00395877566189, 0.00194247544277, 0.00288010085933], "dvar": [0.00261516589671, 0.00270371744409, 0.00138314045034, 0.000830940785818, 0.000483091163915, 0.000578962324653], "mean": [-0.674783170223, -0.7096118927, -0.7709441185, -0.783430814743, -0.806572854519, -0.768631994724]}, "dissonance": {"min": 0.113161310554, "max": 0.500000059605, "dvar2": 0.00239346781746, "median": 0.458573698997, "dmean2": 0.0469731017947, "dmean": 0.0289179198444, "var": 0.00284272199497, "dvar": 0.000965669343714, "mean": 0.443727403879}, "spectral_energyband_high": {"min": 7.32601556796e-21, "max": 0.0356409698725, "dvar2": 3.86954934584e-06, "median": 0.000135198119096, "dmean2": 0.000738989561796, "dmean": 0.000561445194762, "var": 5.05908928972e-06, "dvar": 2.41316206484e-06, "mean": 0.000842027366161}, "spectral_skewness": {"min": -0.286135226488, "max": 23.3300704956, "dvar2": 0.870376527309, "median": 1.75671982765, "dmean2": 0.608862698078, "dmean": 0.417601943016, "var": 2.96275687218, "dvar": 0.427224695683, "mean": 2.08675837517}, "spectral_flux": {"min": 6.52312370786e-11, "max": 0.423388600349, "dvar2": 0.00306379375979, "median": 0.0713432058692, "dmean2": 0.0515792258084, "dmean": 0.0347410291433, "var": 0.00417183572426, "dvar": 0.00172828114592, "mean": 0.0861589238048}, "silence_rate_30dB": {"min": 0, "max": 1, "dvar2": 0.0566227175295, "median": 1, "dmean2": 0.0529515594244, "dmean": 0.0264731831849, "var": 0.0362274870276, "dvar": 0.0257731676102, "mean": 0.962352931499}, "spectral_energyband_middle_high": {"min": 1.2607086777e-21, "max": 0.0537358336151, "dvar2": 2.02651899599e-05, "median": 0.00169840548187, "dmean2": 0.00258770538494, "dmean": 0.00193631253205, "var": 3.52440802089e-05, "dvar": 1.19034830277e-05, "mean": 0.00389911024831}, "barkbands_spread": {"min": 0.0717368721962, "max": 122.745834351, "dvar2": 202.288345337, "median": 12.955327034, "dmean2": 9.76586437225, "dmean": 6.69347572327, "var": 271.200012207, "dvar": 98.6655502319, "mean": 17.610332489}, "spectral_centroid": {"min": 43.7107162476, "max": 11169.3242188, "dvar2": 397573.40625, "median": 910.260314941, "dmean2": 440.641998291, "dmean": 316.475036621, "var": 762598.125, "dvar": 225530.125, "mean": 1163.90368652}, "pitch_salience": {"min": 0.0151022756472, "max": 0.902124106884, "dvar2": 0.0214511845261, "median": 0.52523368597, "dmean2": 0.142347574234, "dmean": 0.0935272723436, "var": 0.0352488793433, "dvar": 0.0103126624599, "mean": 0.494838923216}, "erbbands_skewness": {"min": -5.31324481964, "max": 12.5241594315, "dvar2": 0.862750947475, "median": 0.520202696323, "dmean2": 0.838249921799, "dmean": 0.570913672447, "var": 1.40339744091, "dvar": 0.428148061037, "mean": 0.626040875912}, "erbbands_crest": {"min": 2.23696041107, "max": 32.7979927063, "dvar2": 21.081073761, "median": 9.23299789429, "dmean2": 4.90650177002, "dmean": 3.11429953575, "var": 27.8861865997, "dvar": 9.29470062256, "mean": 10.5294342041}, "melbands": {"min": [3.7858748295e-24, 3.09330228637e-24, 2.71505925953e-24, 1.85064007352e-24, 1.94105299959e-24, 3.29485466993e-24, 3.01104066003e-24, 2.87779160073e-24, 2.80146023625e-24, 4.87269796495e-24, 8.21949123688e-24, 6.75627416455e-24, 5.82425196554e-24, 6.85919605799e-24, 5.27701639458e-24, 4.51204377529e-24, 4.40954037256e-24, 4.13778331273e-24, 4.94072025752e-24, 4.28794495819e-24, 6.00974235221e-24, 4.2965790408e-24, 3.67791487588e-24, 7.82217118677e-24, 5.74216664962e-24, 7.36393135326e-24, 7.65768974373e-24, 7.21056574923e-24, 6.98968469577e-24, 5.63395938811e-24, 6.60110325234e-24, 7.27766152467e-24, 5.8274389636e-24, 7.91414526857e-24, 7.51695301393e-24, 6.75596177563e-24, 6.75189993083e-24, 6.9731501712e-24, 6.73779430899e-24, 6.94822926634e-24], "max": [0.0488304756582, 0.0410405769944, 0.0235696677119, 0.0109981140122, 0.0199765414, 0.0222865268588, 0.0234376862645, 0.0112538803369, 0.0081615364179, 0.0140539873391, 0.00934715475887, 0.00679278373718, 0.00434645544738, 0.00296348216943, 0.00613070186228, 0.0055792639032, 0.00271317595616, 0.00155080121476, 0.00161647773348, 0.000629415735602, 0.00102133245673, 0.0009560114122, 0.00075991358608, 0.00068522314541, 0.000423380173743, 0.00058057019487, 0.000353522307705, 0.000734346045647, 0.000407425541198, 0.000585995498113, 0.000373755057808, 0.000373748218408, 0.000187845624168, 0.000192911364138, 0.000225564333959, 0.000205666496186, 0.000201585222385, 0.000178951013368, 8.93378382898e-05, 6.82676327415e-05], "dvar2": [1.53409055201e-05, 3.10909454129e-05, 1.61791067512e-05, 1.30031662593e-06, 1.58284660756e-06, 1.5495096477e-06, 2.04674779525e-06, 6.13806207639e-07, 1.09397785764e-06, 2.06313742979e-07, 1.11604961717e-07, 3.7181923318e-08, 5.34869677438e-08, 5.83707944202e-08, 8.31208666341e-08, 2.08764916465e-08, 6.96010404866e-09, 7.89722776062e-09, 4.47051506924e-09, 1.20812149174e-09, 9.95841076268e-10, 1.00070240983e-09, 1.02974051508e-09, 4.63199506529e-10, 4.00691951841e-10, 4.86278073364e-10, 3.57543494811e-10, 5.30183841274e-10, 3.92119919868e-10, 2.2422662338e-10, 2.24027477125e-10, 1.98647431837e-10, 1.39042638514e-10, 1.06716711856e-10, 6.55842394282e-11, 6.23424159518e-11, 4.62774783772e-11, 2.86406523498e-11, 1.41637543707e-11, 6.88861207659e-12], "median": [0.000908180489205, 0.000178170215804, 0.000175312277861, 0.000108578882646, 9.06925997697e-05, 0.000143579178257, 9.43938212004e-05, 5.02523507748e-05, 4.27472332376e-05, 2.86931517621e-05, 2.78552070085e-05, 2.17723900278e-05, 2.09993195313e-05, 1.63258919201e-05, 1.01827772596e-05, 7.27696897229e-06, 8.29938289826e-06, 7.41764142731e-06, 5.0509470384e-06, 3.20512572216e-06, 2.5460683446e-06, 2.65495032181e-06, 2.1375221877e-06, 1.72454133462e-06, 1.28099463836e-06, 1.19294554679e-06, 1.33138485126e-06, 9.32167722567e-07, 6.61849867356e-07, 5.5157636325e-07, 4.73062755191e-07, 3.78370316412e-07, 2.62717918531e-07, 2.35648229818e-07, 1.79599908279e-07, 1.44496468124e-07, 1.53640911549e-07, 1.3102219043e-07, 9.04882995201e-08, 7.21089747913e-08], "dmean2": [0.00224124640226, 0.00165674940217, 0.00127433019225, 0.000506348442286, 0.000521767651662, 0.000547510106117, 0.000500392809045, 0.000294107798254, 0.000357500044629, 0.000175170891453, 0.000130277549033, 8.81498490344e-05, 8.93161850399e-05, 8.95709672477e-05, 7.40082468837e-05, 4.15904796682e-05, 2.99459661619e-05, 3.39845028066e-05, 2.38143311435e-05, 1.25301758089e-05, 1.12284878924e-05, 1.0469127119e-05, 1.17636391224e-05, 8.50860942592e-06, 6.96711640558e-06, 6.61143030811e-06, 6.44730653221e-06, 6.12637450104e-06, 5.95824394622e-06, 4.46072272098e-06, 4.64610457129e-06, 4.52032873e-06, 4.04493084716e-06, 3.45070998264e-06, 2.45954788625e-06, 2.21723485083e-06, 1.98202201318e-06, 1.43689442211e-06, 9.10483777261e-07, 6.6953350597e-07], "dmean": [0.00175071065314, 0.00110212760046, 0.000733075314201, 0.000302655127598, 0.000329861562932, 0.00036080062273, 0.000327916524839, 0.000188303180039, 0.000215984866372, 0.000114376045531, 8.86815032572e-05, 5.55955703021e-05, 5.7467885199e-05, 6.00157400186e-05, 4.9647900596e-05, 2.79166506516e-05, 2.00543054234e-05, 2.23044462473e-05, 1.53116197907e-05, 8.52555967867e-06, 7.3285345934e-06, 7.10478707333e-06, 7.66218272474e-06, 6.21179788141e-06, 5.05197704115e-06, 4.39821178588e-06, 4.43986800747e-06, 4.26489305028e-06, 3.94737025999e-06, 3.48722210219e-06, 3.4297329421e-06, 3.28571923092e-06, 2.79128198599e-06, 2.45291994361e-06, 1.80589006504e-06, 1.57073202445e-06, 1.35769823828e-06, 1.00379781998e-06, 6.43144687729e-07, 4.41361578396e-07], "var": [5.80051710131e-05, 1.71498195414e-05, 4.16780858359e-06, 8.04824480838e-07, 1.50162338741e-06, 1.507745651e-06, 1.73937598902e-06, 4.10244979321e-07, 3.79479047297e-07, 1.74361488803e-07, 1.2588694176e-07, 7.7855759173e-08, 3.43192816388e-08, 4.50144455044e-08, 5.75371998934e-08, 2.44892692791e-08, 7.50535100735e-09, 4.88886087169e-09, 3.28003602057e-09, 8.10808309382e-10, 8.06833155842e-10, 8.56837267804e-10, 7.90989329591e-10, 4.3156289653e-10, 3.69729136196e-10, 3.02259134388e-10, 2.47270787179e-10, 3.53468448955e-10, 2.4861177006e-10, 2.3605389865e-10, 2.27627292015e-10, 1.93893498479e-10, 1.20695245465e-10, 9.17455972305e-11, 5.29338274602e-11, 5.33145333437e-11, 3.75801750829e-11, 2.49557822324e-11, 1.03470365956e-11, 4.7036779853e-12], "dvar": [1.24939315356e-05, 1.35225573104e-05, 5.68877567275e-06, 4.94200548928e-07, 6.80290099808e-07, 7.22586605661e-07, 1.00365059552e-06, 2.6322533131e-07, 4.19870644919e-07, 9.60542863027e-08, 5.69914355708e-08, 1.74300112121e-08, 2.30492727127e-08, 2.66365969281e-08, 3.93700219092e-08, 1.10348361559e-08, 3.57890694858e-09, 3.42553918564e-09, 2.11718442777e-09, 5.41521050224e-10, 4.51876369656e-10, 4.50195963841e-10, 4.85758433477e-10, 2.40129666151e-10, 2.10268732981e-10, 2.19160439796e-10, 1.66635594212e-10, 2.55527543569e-10, 1.79158798908e-10, 1.29607671817e-10, 1.28289934231e-10, 1.08929247566e-10, 7.32066768316e-11, 5.62611242316e-11, 3.11020931232e-11, 2.95689167595e-11, 2.20547642649e-11, 1.39042015748e-11, 6.5831515586e-12, 3.14808704278e-12], "mean": [0.00381601066329, 0.00142028345726, 0.000840067572426, 0.000432242930401, 0.000507808523253, 0.000573844765313, 0.000461336720036, 0.000254080368904, 0.000237707718043, 0.000159116068971, 0.000140513642691, 8.95110279089e-05, 7.95194282546e-05, 8.15418025013e-05, 6.7404427682e-05, 3.99373711844e-05, 3.08063936245e-05, 2.93752582365e-05, 2.19673183892e-05, 1.19340138554e-05, 1.03722768472e-05, 1.01713576441e-05, 1.03283873614e-05, 8.35842183733e-06, 6.88390628056e-06, 6.06371077083e-06, 6.05123659625e-06, 5.17318949278e-06, 5.0104094953e-06, 4.51962614534e-06, 4.51744199381e-06, 4.56001043858e-06, 3.78354366148e-06, 3.10605537379e-06, 2.2526585326e-06, 1.8921625724e-06, 1.58028001351e-06, 1.22868027574e-06, 8.39445249312e-07, 5.74910700379e-07]}, "spectral_entropy": {"min": 3.49696612358, "max": 9.80810260773, "dvar2": 0.175403907895, "median": 7.4314160347, "dmean2": 0.356777995825, "dmean": 0.259429425001, "var": 0.568579316139, "dvar": 0.0935009047389, "mean": 7.32246923447}, "spectral_rolloff": {"min": 43.06640625, "max": 19207.6171875, "dvar2": 2410936.5, "median": 645.99609375, "dmean2": 810.490966797, "dmean": 520.504760742, "var": 2846099, "dvar": 1269053.25, "mean": 1181.73596191}, "barkbands": {"min": [2.09352502142e-24, 1.5432870853e-23, 5.75056841269e-24, 3.89287079508e-24, 1.10702286557e-23, 1.97674059362e-23, 1.51295601458e-23, 1.11125944306e-23, 3.57460139189e-23, 3.77235272806e-23, 2.81263875027e-23, 5.51243694338e-23, 5.67043884072e-23, 4.35097873105e-23, 6.1696887128e-23, 6.5203468515e-23, 1.09041983631e-22, 1.68564795348e-22, 1.8152470717e-22, 2.49734783341e-22, 2.82752335648e-22, 3.58155927129e-22, 5.36529822869e-22, 6.42647240378e-22, 1.00594977178e-21, 1.40125415606e-21, 2.35813844561e-21], "max": [0.014516252093, 0.140467941761, 0.0932944864035, 0.0435432009399, 0.05292891711, 0.0976588949561, 0.119829185307, 0.0541449077427, 0.0790865421295, 0.0501704216003, 0.032338205725, 0.0348544381559, 0.0408349074423, 0.0206682924181, 0.021844452247, 0.00885304994881, 0.0143497698009, 0.0167089942843, 0.0121684810147, 0.0129201570526, 0.0174061898142, 0.0143691021949, 0.0113487830386, 0.013470842503, 0.00780468527228, 0.00295189768076, 0.00148549641017], "dvar2": [2.14931606024e-06, 0.000223208888201, 0.000264251197223, 5.9147754655e-05, 2.65568269242e-05, 4.06460676459e-05, 4.51341184089e-05, 1.84639684448e-05, 1.11788476715e-05, 3.63551953342e-06, 2.30992645811e-06, 7.84517396824e-06, 2.00759086511e-06, 5.98359179094e-07, 8.1144531805e-07, 1.78909132842e-07, 2.97025337659e-07, 2.38797582597e-07, 2.3582532549e-07, 4.50362279025e-07, 3.06950511231e-07, 3.87558742432e-07, 2.2089646734e-07, 2.0297434844e-07, 7.81279467787e-08, 1.33320403606e-08, 2.5013913163e-09], "median": [0.000853945326526, 0.00218699243851, 0.000173473410541, 0.00027289535501, 0.000499044253957, 0.000648724031635, 0.000375934818294, 0.000163106888067, 0.000219887981075, 0.00015851657372, 0.000108911990537, 0.000153715081979, 8.91375311767e-05, 7.95972446213e-05, 6.82413083268e-05, 3.77219257643e-05, 4.41484917246e-05, 3.94581875298e-05, 3.40147234965e-05, 3.5077213397e-05, 2.60514425463e-05, 1.75338609552e-05, 1.19624019135e-05, 1.22836445371e-05, 8.4438452177e-06, 4.99493717143e-06, 2.76268224297e-07], "dmean2": [0.00103284604847, 0.00703365076333, 0.0041509764269, 0.00263705127873, 0.0023542412091, 0.00282019656152, 0.00240412680432, 0.00157180475071, 0.00137512362562, 0.000770424783695, 0.000570905394852, 0.000904442043975, 0.000448951381259, 0.000317022931995, 0.000338006037055, 0.000160721188877, 0.000170970350155, 0.000190839666175, 0.000163950651768, 0.000203623101697, 0.0001744163892, 0.00020975265943, 0.000156128182425, 0.00013538156054, 6.27595145488e-05, 2.48613996519e-05, 8.67910875968e-06], "dmean": [0.000738748814911, 0.00508136767894, 0.00229948945343, 0.00152829987928, 0.00140012125485, 0.00186312349979, 0.00157422758639, 0.000955328345299, 0.000889359973371, 0.000510621874128, 0.000363671511877, 0.000616562843788, 0.00029915876803, 0.000207252858672, 0.000225768410019, 0.000107868589112, 0.000118325893709, 0.000134405374411, 0.000114252201456, 0.000139835959999, 0.000138390561915, 0.000147234401084, 0.000113206813694, 9.44693092606e-05, 4.25014295615e-05, 1.69048435055e-05, 5.62308969165e-06], "var": [3.05699882119e-06, 0.000564565241802, 5.74492951273e-05, 1.76170688064e-05, 1.54693880177e-05, 4.36273112427e-05, 3.82183970942e-05, 7.53691801947e-06, 8.55209782458e-06, 5.87161048315e-06, 1.34410970531e-06, 5.75226840738e-06, 2.16042531065e-06, 5.67467282053e-07, 6.30755664588e-07, 1.29404654103e-07, 2.46939634962e-07, 2.28744511332e-07, 1.92670526644e-07, 2.87380629516e-07, 3.68247043525e-07, 3.79729726774e-07, 2.22887379664e-07, 1.87522232409e-07, 5.00153767291e-08, 8.84002471224e-09, 1.22615395615e-09], "dvar": [1.18882473998e-06, 0.000146709498949, 9.38934535952e-05, 2.08347864827e-05, 1.00970883068e-05, 1.88388385141e-05, 2.20826514123e-05, 7.25455902284e-06, 5.00371243106e-06, 1.89430920727e-06, 9.64066657616e-07, 3.66355357073e-06, 1.0060364275e-06, 2.81039262973e-07, 3.81209218858e-07, 7.98937520585e-08, 1.33084199661e-07, 1.23803502561e-07, 1.17871252314e-07, 2.07883687153e-07, 1.88609561746e-07, 2.13912983327e-07, 1.18479434263e-07, 1.00617420173e-07, 3.44562742782e-08, 5.92246918174e-09, 1.07414122041e-09], "mean": [0.00143859814852, 0.0112417461351, 0.0016856866423, 0.00180118973367, 0.001943992218, 0.00303293857723, 0.00218444899656, 0.00106186547782, 0.00120938522741, 0.000842501875013, 0.00047428093967, 0.000859463703819, 0.000424173253123, 0.000302156491671, 0.000317280064337, 0.00015298591461, 0.000173567052116, 0.000184492135304, 0.000165087432833, 0.000178276342922, 0.000191792205442, 0.000209361474845, 0.000147212878801, 0.000114984322863, 5.81203530601e-05, 2.35822444665e-05, 6.06594221608e-06]}, "melbands_flatness_db": {"min": 0.00341618433595, "max": 0.945938766003, "dvar2": 0.00371722900309, "median": 0.243320465088, "dmean2": 0.0554255470634, "dmean": 0.0419758893549, "var": 0.0161316096783, "dvar": 0.00221641175449, "mean": 0.264902949333}, "melbands_skewness": {"min": -3.09793257713, "max": 37.3703460693, "dvar2": 5.15559720993, "median": 2.26844739914, "dmean2": 1.72066867352, "dmean": 1.20724844933, "var": 10.7116909027, "dvar": 2.76584458351, "mean": 3.17831468582}, "barkbands_skewness": {"min": -6.19364690781, "max": 25.1594543457, "dvar2": 3.11065983772, "median": 1.62452077866, "dmean2": 1.35782825947, "dmean": 0.959290206432, "var": 6.26143121719, "dvar": 1.63385999203, "mean": 2.18143200874}, "silence_rate_60dB": {"min": 0, "max": 1, "dvar2": 0.0768533796072, "median": 0, "dmean2": 0.0736418887973, "dmean": 0.0368663594127, "var": 0.0773678198457, "dvar": 0.0355102680624, "mean": 0.0845098048449}, "spectral_energyband_low": {"min": 3.75033057149e-23, "max": 0.151945888996, "dvar2": 0.000337037839927, "median": 0.0047123413533, "dmean2": 0.00925245694816, "dmean": 0.00635540904477, "var": 0.000738338916562, "dvar": 0.000191160521354, "mean": 0.0151406228542}, "spectral_energyband_middle_low": {"min": 1.92753870787e-22, "max": 0.120116122067, "dvar2": 0.000282906868961, "median": 0.00519495923072, "dmean2": 0.00948663055897, "dmean": 0.00607032654807, "var": 0.000208316952921, "dvar": 0.000115609589557, "mean": 0.0115107055753}, "melbands_kurtosis": {"min": -1.94684624672, "max": 3049.42504883, "dvar2": 7654.79736328, "median": 8.33361053467, "dmean2": 29.454240799, "dmean": 20.1938247681, "var": 9500.02539062, "dvar": 4130.95068359, "mean": 33.1168670654}, "spectral_decrease": {"min": -4.09307183702e-08, "max": 1.69435287787e-28, "dvar2": 2.61768832186e-17, "median": -5.06775599263e-09, "dmean2": 3.67853170147e-09, "dmean": 2.60208810055e-09, "var": 5.92417093241e-17, "dvar": 1.48162374476e-17, "mean": -7.66318652978e-09}, "erbbands_kurtosis": {"min": -1.8220230341, "max": 343.310546875, "dvar2": 87.6813659668, "median": 0.686210036278, "dmean2": 3.43484711647, "dmean": 2.21163725853, "var": 52.5999565125, "dvar": 37.2994384766, "mean": 2.35921883583}, "melbands_crest": {"min": 1.49447822571, "max": 39.1441116333, "dvar2": 41.9805450439, "median": 17.1590576172, "dmean2": 6.93778562546, "dmean": 4.50535202026, "var": 75.8803634644, "dvar": 20.6033878326, "mean": 18.9193878174}, "gfcc": {"cov": [[11932.1123047, -2494.14819336, -1481.99230957, 439.008331299, -1393.02490234, 344.692657471, -232.438186646, 308.642456055, -119.166435242, 174.68421936, -319.692565918, 2.63403606415, -331.659790039], [-2494.14819336, 2444.09814453, 484.107513428, -447.036132812, 479.087402344, -314.651275635, 97.5573196411, -216.88961792, 29.4702415466, -146.99508667, 173.979522705, -71.2042617798, 128.623962402], [-1481.99230957, 484.107513428, 1551.86621094, 142.657424927, 226.089401245, -42.7420463562, -45.1860771179, -146.821624756, -68.934715271, -63.1437759399, 28.1423969269, 7.22862291336, 33.0265312195], [439.008331299, -447.036132812, 142.657424927, 677.727844238, 42.6637153625, 67.1021652222, 38.2224693298, 61.2062568665, 68.7609176636, -31.5224075317, -16.1881027222, 30.9996147156, 5.71784543991], [-1393.02490234, 479.087402344, 226.089401245, 42.6637153625, 632.406433105, 35.5164527893, 154.206893921, 50.2558479309, 57.7114257812, 3.36513614655, 76.9410476685, 36.4380073547, 91.6540527344], [344.692657471, -314.651275635, -42.7420463562, 67.1021652222, 35.5164527893, 333.670227051, 127.516677856, 94.3873748779, 42.3270721436, 57.4349632263, 5.06591415405, 15.4386796951, -1.35823917389], [-232.438186646, 97.5573196411, -45.1860771179, 38.2224693298, 154.206893921, 127.516677856, 307.525817871, 107.167404175, 118.129020691, 46.8157310486, 81.3167495728, 28.1208515167, 39.9946136475], [308.642456055, -216.88961792, -146.821624756, 61.2062568665, 50.2558479309, 94.3873748779, 107.167404175, 244.036346436, 129.789382935, 77.5216522217, 28.7412548065, 43.5524978638, 21.7914791107], [-119.166435242, 29.4702415466, -68.934715271, 68.7609176636, 57.7114257812, 42.3270721436, 118.129020691, 129.789382935, 311.711578369, 29.2864131927, 69.7982635498, 44.1404724121, 32.4856872559], [174.68421936, -146.99508667, -63.1437759399, -31.5224075317, 3.36513614655, 57.4349632263, 46.8157310486, 77.5216522217, 29.2864131927, 160.31161499, 53.4821777344, 33.8847999573, 22.0101985931], [-319.692565918, 173.979522705, 28.1423969269, -16.1881027222, 76.9410476685, 5.06591415405, 81.3167495728, 28.7412548065, 69.7982635498, 53.4821777344, 178.681137085, 72.5746841431, 55.7942428589], [2.63403606415, -71.2042617798, 7.22862291336, 30.9996147156, 36.4380073547, 15.4386796951, 28.1208515167, 43.5524978638, 44.1404724121, 33.8847999573, 72.5746841431, 133.296340942, 48.9457092285], [-331.659790039, 128.623962402, 33.0265312195, 5.71784543991, 91.6540527344, -1.35823917389, 39.9946136475, 21.7914791107, 32.4856872559, 22.0101985931, 55.7942428589, 48.9457092285, 119.431770325]], "icov": [[0.000151275889948, -1.9422366222e-06, 9.27926666918e-05, -0.000120091295685, 0.000274274119874, -0.00010721648141, 3.76524039893e-05, -0.000165928970091, 0.000104791826743, -0.00011086462473, 0.00013203691924, -0.000149113082443, 0.000199590445845], [-1.9422366222e-06, 0.00101490819361, -0.000193901563762, 0.000657192722429, -0.000557219143957, 0.000732559536118, -0.000418198818807, 0.000504212104715, -0.00028008359368, 0.000848730909638, -0.000924069259781, 0.00101157953031, -0.000655367621221], [9.27926666918e-05, -0.000193901563762, 0.000861996726599, -0.00039535362157, -4.25009093306e-05, -0.000251077552093, 0.000266755261691, 0.000314236356644, 0.000161029456649, -0.000177806039574, 8.91544841579e-05, -0.000310270814225, 0.0002046374575], [-0.000120091295685, 0.000657192722429, -0.00039535362157, 0.00218784296885, -0.000564023270272, 0.000274991296465, -0.000324269611156, 2.97949572996e-05, -0.000526799296495, 0.00121939810924, -0.000321705942042, 0.000287355243927, -0.000546468654647], [0.000274274119874, -0.000557219143957, -4.25009093306e-05, -0.000564023270272, 0.0029304723721, -0.000506478711031, -0.000640428275801, -0.000938618090004, 0.000490734761115, -0.000218937915633, 0.000484197080368, -0.000649130728561, -0.000521721958648], [-0.00010721648141, 0.000732559536118, -0.000251077552093, 0.000274991296465, -0.000506478711031, 0.0046233641915, -0.0019861261826, -0.000257171865087, 4.70475570182e-05, -0.000332195719238, 9.58200180321e-05, 0.000493609113619, -7.5760515756e-05], [3.76524039893e-05, -0.000418198818807, 0.000266755261691, -0.000324269611156, -0.000640428275801, -0.0019861261826, 0.0057683927007, -0.00123493187129, -0.000816569896415, -0.000204198891879, -0.00155355164316, 0.000596546160523, 2.59802988012e-07], [-0.000165928970091, 0.000504212104715, 0.000314236356644, 2.97949572996e-05, -0.000938618090004, -0.000257171865087, -0.00123493187129, 0.00785946659744, -0.00249851401895, -0.00219764281064, 0.000948918168433, -0.000737127964385, -0.000451827654615], [0.000104791826743, -0.00028008359368, 0.000161029456649, -0.000526799296495, 0.000490734761115, 4.70475570182e-05, -0.000816569896415, -0.00249851401895, 0.00489988503978, 0.000517570355441, -0.000977945630439, -0.000463982520159, 0.000145448168041], [-0.00011086462473, 0.000848730909638, -0.000177806039574, 0.00121939810924, -0.000218937915633, -0.000332195719238, -0.000204198891879, -0.00219764281064, 0.000517570355441, 0.00958387739956, -0.00329647911713, 0.000685537874233, -0.00124548643362], [0.00013203691924, -0.000924069259781, 8.91544841579e-05, -0.000321705942042, 0.000484197080368, 9.58200180321e-05, -0.00155355164316, 0.000948918168433, -0.000977945630439, -0.00329647911713, 0.0106264725327, -0.00489907572046, -0.000753829197492], [-0.000149113082443, 0.00101157953031, -0.000310270814225, 0.000287355243927, -0.000649130728561, 0.000493609113619, 0.000596546160523, -0.000737127964385, -0.000463982520159, 0.000685537874233, -0.00489907572046, 0.0122442413121, -0.00372239807621], [0.000199590445845, -0.000655367621221, 0.0002046374575, -0.000546468654647, -0.000521721958648, -7.5760515756e-05, 2.59802988012e-07, -0.000451827654615, 0.000145448168041, -0.00124548643362, -0.000753829197492, -0.00372239807621, 0.0121521437541]], "mean": [-49.288269043, 98.4770126343, -101.436523438, 21.648141861, -53.0219917297, 14.8607091904, -28.9876594543, 9.63338661194, -16.8134174347, 9.40805721283, -7.51021146774, 5.58560323715, -4.77009487152]}, "melbands_spread": {"min": 0.0251219701022, "max": 302.475830078, "dvar2": 636.470947266, "median": 12.9505214691, "dmean2": 12.6900901794, "dmean": 8.78424930573, "var": 632.435791016, "dvar": 306.01776123, "mean": 20.2605056763}, "spectral_energy": {"min": 1.04072706199e-20, "max": 0.155920833349, "dvar2": 0.000386986357626, "median": 0.0204610191286, "dmean2": 0.0143485646695, "dmean": 0.0102005712688, "var": 0.00087647465989, "dvar": 0.00022004955099, "mean": 0.0304253157228}, "mfcc": {"cov": [[10762.9208984, -2012.49023438, -1022.41101074, -357.932647705, -975.32220459, -237.50982666, -398.53527832, 35.8848075867, -3.83599114418, 131.509170532, 124.919456482, -55.1128158569, -53.3839530945], [-2012.49023438, 2189.29394531, 164.006774902, -69.9978103638, 221.992736816, -55.3907012939, 135.174468994, -105.982719421, -66.7871704102, -90.1307601929, -47.2333488464, -10.4840250015, 11.2660150528], [-1022.41101074, 164.006774902, 1184.19348145, 216.617507935, 113.913505554, 90.9080429077, -18.6688518524, -36.2182807922, -82.3641586304, -64.8829421997, -78.1377029419, -21.9854240417, -23.7583351135], [-357.932647705, -69.9978103638, 216.617507935, 554.999938965, 177.510147095, 41.3082580566, 23.5421924591, 65.3139724731, 28.579668045, -6.43714237213, -45.6658630371, 30.7427043915, 51.6884117126], [-975.32220459, 221.992736816, 113.913505554, 177.510147095, 380.32409668, 79.2184753418, 67.4543304443, 56.0758666992, 48.4493217468, 5.9860124588, -21.1380729675, 12.0482006073, 24.9485759735], [-237.50982666, -55.3907012939, 90.9080429077, 41.3082580566, 79.2184753418, 235.218185425, 106.785705566, 58.5251235962, 40.901348114, 21.4969215393, 23.3830108643, 13.3989973068, 15.6657466888], [-398.53527832, 135.174468994, -18.6688518524, 23.5421924591, 67.4543304443, 106.785705566, 279.691772461, 27.8189029694, 39.5086135864, 15.44506073, 3.84474515915, 37.0470199585, 43.259979248], [35.8848075867, -105.982719421, -36.2182807922, 65.3139724731, 56.0758666992, 58.5251235962, 27.8189029694, 240.954208374, 95.3991165161, 82.9148178101, 74.2317886353, 33.549118042, 39.124080658], [-3.83599114418, -66.7871704102, -82.3641586304, 28.579668045, 48.4493217468, 40.901348114, 39.5086135864, 95.3991165161, 187.761367798, 93.4218215942, 59.1438674927, 31.4304466248, 16.8861846924], [131.509170532, -90.1307601929, -64.8829421997, -6.43714237213, 5.9860124588, 21.4969215393, 15.44506073, 82.9148178101, 93.4218215942, 164.439056396, 91.5741653442, 28.0929603577, 17.8743209839], [124.919456482, -47.2333488464, -78.1377029419, -45.6658630371, -21.1380729675, 23.3830108643, 3.84474515915, 74.2317886353, 59.1438674927, 91.5741653442, 165.628158569, 48.8059158325, 11.2638435364], [-55.1128158569, -10.4840250015, -21.9854240417, 30.7427043915, 12.0482006073, 13.3989973068, 37.0470199585, 33.549118042, 31.4304466248, 28.0929603577, 48.8059158325, 128.556640625, 70.6971664429], [-53.3839530945, 11.2660150528, -23.7583351135, 51.6884117126, 24.9485759735, 15.6657466888, 43.259979248, 39.124080658, 16.8861846924, 17.8743209839, 11.2638435364, 70.6971664429, 151.295120239]], "icov": [[0.000149864892592, 8.95694465726e-05, 9.25097920117e-05, -2.65574417426e-05, 0.000302852422465, 4.49580454642e-07, 0.000105719547719, -3.89197339246e-05, 1.71066694747e-05, -6.20846476522e-05, 1.37518791234e-05, 6.31414441159e-05, -2.54442547885e-05], [8.95694465726e-05, 0.000623638858087, -4.31687840319e-05, 0.000194344334886, -0.000285981426714, 0.000405016733566, -0.000316418881994, 0.000157595350174, 8.85298431967e-05, 0.000217977038119, -0.0001994635968, 0.000142803372, -0.000120579366921], [9.25097920117e-05, -4.31687840319e-05, 0.00109718274325, -0.000410229724366, 0.000121350989502, -0.000600702711381, 0.000361772370525, 4.74945300084e-05, 0.000487539888127, -0.000116828043247, 0.000292044103844, -8.73272656463e-05, 0.000253217003774], [-2.65574417426e-05, 0.000194344334886, -0.000410229724366, 0.00251151388511, -0.00108747032937, 0.000234359147726, 1.73700095729e-06, -0.000530427263584, -0.000193291343749, 0.000134568341309, 0.000806646421552, -0.000470227911137, -0.000489219499286], [0.000302852422465, -0.000285981426714, 0.000121350989502, -0.00108747032937, 0.00443715509027, -0.00095693289768, 0.000104580416519, -0.000566323054954, -0.000708764360752, -0.000166555328178, 0.00070532457903, 0.000139771902468, -1.63628810697e-05], [4.49580454642e-07, 0.000405016733566, -0.000600702711381, 0.000234359147726, -0.00095693289768, 0.00621230341494, -0.00234848097898, -0.000772486208007, -0.000413863366703, 0.00053279066924, -0.00101885781623, 0.000584510911722, -3.26129847963e-05], [0.000105719547719, -0.000316418881994, 0.000361772370525, 1.73700095729e-06, 0.000104580416519, -0.00234848097898, 0.00506438873708, 0.000147694983752, -0.000499105663039, -0.000309324968839, 0.000833828293253, -0.000937864242587, -0.000674834533129], [-3.89197339246e-05, 0.000157595350174, 4.74945300084e-05, -0.000530427263584, -0.000566323054954, -0.000772486208007, 0.000147694983752, 0.00636275019497, -0.00172896764707, -0.000970603665337, -0.00178449007217, 0.000504290219396, -0.00114617357031], [1.71066694747e-05, 8.85298431967e-05, 0.000487539888127, -0.000193291343749, -0.000708764360752, -0.000413863366703, -0.000499105663039, -0.00172896764707, 0.00877913273871, -0.0037549668923, 0.00011249056115, -0.0009563525673, 0.000793861516286], [-6.20846476522e-05, 0.000217977038119, -0.000116828043247, 0.000134568341309, -0.000166555328178, 0.00053279066924, -0.000309324968839, -0.000970603665337, -0.0037549668923, 0.0113525474444, -0.00471021607518, 0.000896476674825, -0.000781072420068], [1.37518791234e-05, -0.0001994635968, 0.000292044103844, 0.000806646421552, 0.00070532457903, -0.00101885781623, 0.000833828293253, -0.00178449007217, 0.00011249056115, -0.00471021607518, 0.0109517546371, -0.00389723828994, 0.00155188213103], [6.31414441159e-05, 0.000142803372, -8.73272656463e-05, -0.000470227911137, 0.000139771902468, 0.000584510911722, -0.000937864242587, 0.000504290219396, -0.0009563525673, 0.000896476674825, -0.00389723828994, 0.0124086802825, -0.00529458373785], [-2.54442547885e-05, -0.000120579366921, 0.000253217003774, -0.000489219499286, -1.63628810697e-05, -3.26129847963e-05, -0.000674834533129, -0.00114617357031, 0.000793861516286, -0.000781072420068, 0.00155188213103, -0.00529458373785, 0.00967411510646]], "mean": [-696.584899902, 132.394485474, 10.0160255432, 16.9018783569, 1.86593234539, 7.71250391006, 2.2519390583, 3.23810482025, 1.00155985355, 3.20200252533, 2.48880910873, 3.30158519745, 3.37519407272]}, "spectral_contrast_valleys": {"min": [-27.9078273773, -27.6648731232, -27.4821548462, -27.422618866, -27.4556541443, -27.2752838135], "max": [-5.50189352036, -4.29639196396, -5.0334982872, -5.57841444016, -5.43316888809, -7.2317905426], "dvar2": [0.369881600142, 0.630864799023, 0.465632855892, 0.424780160189, 0.422125935555, 0.50504553318], "median": [-7.51690530777, -6.94540405273, -7.60446596146, -8.03302574158, -8.04231452942, -10.548084259], "dmean2": [0.697520375252, 0.790309131145, 0.680461168289, 0.5886901021, 0.53730660677, 0.606797158718], "dmean": [0.450689136982, 0.519082248211, 0.460216313601, 0.412778288126, 0.429118275642, 0.492764770985], "var": [1.29022657871, 1.53927576542, 1.53617930412, 1.59612262249, 2.14256882668, 2.64049267769], "dvar": [0.184671893716, 0.300993382931, 0.242193177342, 0.229608476162, 0.262885957956, 0.31895378232], "mean": [-7.67179298401, -7.11000919342, -7.71376991272, -8.19948959351, -8.25981616974, -10.8256092072]}, "barkbands_flatness_db": {"min": 0.0223132465035, "max": 0.788377404213, "dvar2": 0.00261619826779, "median": 0.160306990147, "dmean2": 0.0467755272985, "dmean": 0.0341386497021, "var": 0.010378071107, "dvar": 0.00149806041736, "mean": 0.183580055833}, "dynamic_complexity": 3.85829949379, "erbbands_flatness_db": {"min": 0.0329828225076, "max": 0.579894602299, "dvar2": 0.0013071950525, "median": 0.161769360304, "dmean2": 0.0345832370222, "dmean": 0.0239846389741, "var": 0.00426695076749, "dvar