{"lowlevel": {"spectral_complexity": {"min": 0, "max": 55, "dvar2": 36.1815032959, "median": 18, "dmean2": 5.61814832687, "dmean": 3.66262388229, "var": 146.070083618, "dvar": 16.6365013123, "mean": 19.8407707214}, "silence_rate_20dB": {"min": 1, "max": 1, "dvar2": 0, "median": 1, "dmean2": 0, "dmean": 0, "var": 0, "dvar": 0, "mean": 1}, "average_loudness": 0.942704737186, "erbbands_spread": {"min": 4.02632761002, "max": 159.073028564, "dvar2": 230.310165405, "median": 45.1819839478, "dmean2": 14.1207208633, "dmean": 9.26544952393, "var": 458.171783447, "dvar": 108.48273468, "mean": 47.4502754211}, "spectral_kurtosis": {"min": -1.22412991524, "max": 82.6836471558, "dvar2": 15.3647251129, "median": 3.46547174454, "dmean2": 2.32848954201, "dmean": 1.41088676453, "var": 18.6016120911, "dvar": 5.8516907692, "mean": 4.27892303467}, "barkbands_kurtosis": {"min": -1.94946813583, "max": 901.637145996, "dvar2": 251.014404297, "median": 1.66479897499, "dmean2": 6.19577598572, "dmean": 3.92648077011, "var": 5293.23730469, "dvar": 100.996620178, "mean": 14.8893508911}, "spectral_strongpeak": {"min": 6.75082967305e-09, "max": 20.6712036133, "dvar2": 3.55690932274, "median": 0.490328162909, "dmean2": 1.04191219807, "dmean": 0.611159801483, "var": 2.0112195015, "dvar": 1.40385735035, "mean": 1.00692033768}, "spectral_spread": {"min": 963673.1875, "max": 40033028, "dvar2": 901623316480, "median": 4305214, "dmean2": 711331.0625, "dmean": 507957.03125, "var": 3362916925440.0, "dvar": 571215118336, "mean": 4724616.5}, "spectral_rms": {"min": 3.24901845879e-12, "max": 0.00910321064293, "dvar2": 1.12367752081e-06, "median": 0.00484872050583, "dmean2": 0.00089861016022, "dmean": 0.000592707772739, "var": 2.42552346208e-06, "dvar": 5.15602380347e-07, "mean": 0.00453329551965}, "erbbands": {"min": [4.91476903721e-22, 2.03423261231e-21, 3.45560072721e-21, 1.28183219675e-20, 3.37774776427e-20, 1.40647703826e-19, 5.94610253034e-19, 6.53046530805e-19, 8.05447941223e-19, 8.06890027223e-19, 2.26792368524e-18, 1.08661392096e-18, 1.29742090007e-18, 1.68785521567e-18, 3.00635154038e-18, 2.021291307e-18, 1.7802639046e-18, 5.46898072051e-18, 1.2337067964e-17, 1.02224973605e-17, 9.48312610583e-18, 9.888682834e-18, 1.17145864289e-17, 1.2387803914e-17, 8.77385595369e-18, 1.65727769851e-17, 1.41542067531e-17, 1.5729568921e-17, 2.01707148647e-17, 1.44961400573e-17, 1.46482850417e-17, 1.24215280676e-17, 1.53208407824e-17, 1.19707419307e-17, 1.27508146074e-17, 6.57142718859e-18, 4.15716987631e-18, 1.64167827157e-18, 3.50658793014e-19, 3.7200732296e-20], "max": [1.07434868813, 18.918964386, 41.7710533142, 57.7535552979, 141.71925354, 307.246704102, 446.535858154, 855.385742188, 416.495361328, 1269.20507812, 1519.05151367, 1519.88928223, 2144.99316406, 824.637207031, 1358.39697266, 608.690185547, 610.823669434, 384.706237793, 578.701049805, 410.588623047, 1535.79602051, 911.083007812, 803.628540039, 1448.62866211, 685.14666748, 407.875305176, 135.501785278, 161.435897827, 253.164550781, 532.482971191, 483.778564453, 235.43170166, 177.860733032, 135.975509644, 50.6187019348, 16.8918323517, 3.73113083839, 0.733652353287, 0.1592874825, 0.00901638530195], "dvar2": [0.0137458099052, 2.42489957809, 18.5641365051, 42.4461288452, 276.402984619, 2241.83056641, 779.073303223, 1397.12939453, 904.416870117, 5677.66943359, 5874.5546875, 6469.18652344, 4362.25976562, 1343.06542969, 1406.86450195, 672.960388184, 782.442993164, 426.705780029, 1149.79284668, 747.84942627, 5303.28857422, 2851.9074707, 1440.22631836, 2858.98583984, 3524.08300781, 788.267700195, 126.087028503, 177.279220581, 87.983795166, 293.34072876, 454.0703125, 110.543197632, 21.7493972778, 20.9874629974, 2.88066959381, 0.489994972944, 0.0431500673294, 0.00331952795386, 0.000105628656456, 3.49162917246e-07], "median": [0.0424557812512, 0.347140669823, 1.48915147781, 2.68430185318, 4.40881919861, 7.50496721268, 9.42607116699, 7.99689483643, 8.09335327148, 10.4800415039, 8.48330307007, 7.83936691284, 6.49818849564, 4.55143785477, 4.10624790192, 3.52193212509, 3.19278740883, 4.77544021606, 6.44813108444, 6.25519514084, 11.7396221161, 9.79377269745, 10.5267410278, 17.7801036835, 23.21326828, 13.9506473541, 7.33686542511, 4.97052288055, 4.36148738861, 2.49536705017, 1.83461284637, 1.02781355381, 0.515795707703, 0.347125470638, 0.184823840857, 0.0579380095005, 0.0171140171587, 0.00287514831871, 0.000299452251056, 5.12560363859e-05], "dmean2": [0.0615550130606, 0.648794651031, 2.24788451195, 3.63963460922, 9.12818717957, 20.5765781403, 16.6923713684, 17.9831924438, 15.5669498444, 28.8619670868, 29.4898433685, 26.210187912, 19.870306015, 14.4834852219, 13.4545946121, 9.90462398529, 9.35595703125, 9.8206205368, 14.8774766922, 12.9368286133, 33.7146644592, 24.610294342, 17.9510040283, 26.7026844025, 35.1553764343, 17.3468322754, 7.12758255005, 6.01722574234, 4.60671377182, 4.83365249634, 4.62292575836, 2.50732493401, 1.17886650562, 1.00393640995, 0.480421245098, 0.2066103369, 0.0672524273396, 0.0180217847228, 0.00295582180843, 0.000181284311111], "dmean": [0.0383244492114, 0.405580580235, 1.38789403439, 2.18910932541, 5.28557443619, 12.0576534271, 10.5519771576, 11.3806238174, 9.68026256561, 18.6586074829, 19.7541885376, 17.2587985992, 13.211596489, 9.68668937683, 9.14564800262, 6.36060905457, 5.92945098877, 6.21855449677, 9.37539577484, 8.17627429962, 21.0836906433, 15.4442195892, 11.2629995346, 16.9492053986, 21.5673599243, 10.694852829, 4.41772985458, 3.60611748695, 2.96943163872, 3.23266005516, 3.17150115967, 1.76641988754, 0.855292439461, 0.703558683395, 0.334392756224, 0.142056852579, 0.0460665412247, 0.0121170962229, 0.00197962857783, 0.000122462806758], "var": [0.0107439383864, 1.11682140827, 9.62624740601, 24.9707202911, 104.423347473, 821.715515137, 1047.76391602, 1850.28955078, 709.128295898, 4635.31738281, 6615.53173828, 4917.44287109, 3268.38842773, 1491.4197998, 2327.87841797, 611.052246094, 604.465148926, 440.039245605, 885.958984375, 715.027099609, 4772.31689453, 2841.38916016, 1372.74731445, 3602.87207031, 3534.96386719, 841.827331543, 151.57043457, 92.7185440063, 107.057395935, 342.582733154, 400.450897217, 121.357246399, 38.6280288696, 28.1883182526, 4.05868577957, 0.476520359516, 0.0355093851686, 0.00209360709414, 5.96608333581e-05, 2.12878106254e-07], "dvar": [0.00554863316938, 0.986399650574, 7.09089279175, 15.764547348, 100.976669312, 835.599487305, 338.503997803, 616.632873535, 366.996795654, 2456.92480469, 2838.86499023, 2860.16967773, 1980.45349121, 640.512939453, 711.134033203, 294.415649414, 332.402374268, 175.97203064, 455.756500244, 324.83694458, 2201.38793945, 1190.93859863, 592.970458984, 1273.5447998, 1392.40368652, 318.691833496, 50.3790397644, 65.3430099487, 42.2328491211, 150.458999634, 220.508834839, 55.8146286011, 12.9086713791, 11.0463838577, 1.57151627541, 0.244317293167, 0.0209321454167, 0.00152756937314, 4.81854731333e-05, 1.65063667623e-07], "mean": [0.0769535005093, 0.632968604565, 2.49105191231, 4.16192626953, 7.58763551712, 16.4781227112, 20.1219501495, 20.4806480408, 16.5493450165, 30.8479652405, 34.0334129333, 28.0938854218, 21.0800647736, 16.8924007416, 17.4565944672, 10.817574501, 9.90384864807, 11.2861680984, 16.3351993561, 15.2398843765, 37.0529022217, 30.3015995026, 23.3125305176, 36.0586929321, 45.7126083374, 23.6315994263, 10.9257316589, 7.53521347046, 6.71305799484, 6.52557849884, 5.74424219131, 3.27000975609, 1.67768788338, 1.27457368374, 0.591989457607, 0.224251955748, 0.0699281767011, 0.0168556105345, 0.00258026621304, 0.000181277297088]}, "zerocrossingrate": {"min": 0.001953125, "max": 0.49755859375, "dvar2": 0.00023577279353, "median": 0.0654296875, "dmean2": 0.0129283312708, "dmean": 0.0112106679007, "var": 0.00184461323079, "dvar": 0.00022632094624, "mean": 0.0691401660442}, "spectral_contrast_coeffs": {"min": [-0.972677767277, -0.962085962296, -0.952064692974, -0.965456187725, -0.958444535732, -0.958414852619], "max": [-0.3180321455, -0.364189654589, -0.483245581388, -0.587065160275, -0.564003169537, -0.532732903957], "dvar2": [0.00534962536767, 0.00427808845416, 0.0024260210339, 0.00147164741065, 0.000943773426116, 0.00118184776511], "median": [-0.638229727745, -0.712191224098, -0.768491029739, -0.790726602077, -0.776237845421, -0.751988887787], "dmean2": [0.0844575092196, 0.0797391906381, 0.060074377805, 0.0482303239405, 0.0371873266995, 0.0295992624015], "dmean": [0.0511307865381, 0.0495311282575, 0.0378656685352, 0.0302367471159, 0.0233327802271, 0.0189037378877], "var": [0.00657428568229, 0.00721039855853, 0.00498224701732, 0.00277954852208, 0.00246798014268, 0.00238751829602], "dvar": [0.00206196820363, 0.00169767823536, 0.00104041199666, 0.000630990543868, 0.000416528229835, 0.000484483229229], "mean": [-0.632198274136, -0.705280005932, -0.762440562248, -0.785677433014, -0.773137629032, -0.755114614964]}, "dissonance": {"min": 0.226985275745, "max": 0.5, "dvar2": 0.00062923214864, "median": 0.474531829357, "dmean2": 0.0248223282397, "dmean": 0.0151555584744, "var": 0.000845509115607, "dvar": 0.000252403027844, "mean": 0.466150552034}, "spectral_energyband_high": {"min": 8.20980796927e-21, "max": 0.0298243556172, "dvar2": 1.89944580598e-06, "median": 0.000733830442186, "dmean2": 0.000616045785137, "dmean": 0.000427041435614, "var": 3.09649885821e-06, "dvar": 1.05874619294e-06, "mean": 0.00109867192805}, "spectral_skewness": {"min": -0.505680441856, "max": 7.02382898331, "dvar2": 0.16511285305, "median": 1.24744820595, "dmean2": 0.322339296341, "dmean": 0.206193447113, "var": 0.310169041157, "dvar": 0.0698048695922, "mean": 1.34205770493}, "spectral_flux": {"min": 1.04019341751e-10, "max": 0.263574123383, "dvar2": 0.00134286098182, "median": 0.0765364542603, "dmean2": 0.0337209701538, "dmean": 0.0213304981589, "var": 0.00174689246342, "dvar": 0.000610883871559, "mean": 0.0787867605686}, "silence_rate_30dB": {"min": 1, "max": 1, "dvar2": 0, "median": 1, "dmean2": 0, "dmean": 0, "var": 0, "dvar": 0, "mean": 1}, "spectral_energyband_middle_high": {"min": 1.4106974648e-21, "max": 0.035724952817, "dvar2": 8.3679706222e-06, "median": 0.0029660356231, "dmean2": 0.00206284807064, "dmean": 0.00138476223219, "var": 2.3089318347e-05, "dvar": 3.84767599826e-06, "mean": 0.00468835048378}, "barkbands_spread": {"min": 0.325782507658, "max": 114.896812439, "dvar2": 136.072616577, "median": 24.5533714294, "dmean2": 9.55063343048, "dmean": 6.29974126816, "var": 297.405883789, "dvar": 66.6619262695, "mean": 26.2830734253}, "spectral_centroid": {"min": 138.566192627, "max": 11001.8466797, "dvar2": 232214.421875, "median": 1539.98291016, "dmean2": 437.713897705, "dmean": 283.837127686, "var": 652957.6875, "dvar": 109245.484375, "mean": 1562.9161377}, "pitch_salience": {"min": 0.0492660664022, "max": 0.844184935093, "dvar2": 0.0110672870651, "median": 0.574225306511, "dmean2": 0.112229831517, "dmean": 0.0682197585702, "var": 0.015696471557, "dvar": 0.00416255462915, "mean": 0.55910807848}, "erbbands_skewness": {"min": -4.45545101166, "max": 6.05913448334, "dvar2": 0.363556712866, "median": 0.144888937473, "dmean2": 0.621233522892, "dmean": 0.420077204704, "var": 1.32709503174, "dvar": 0.176599547267, "mean": 0.223820134997}, "erbbands_crest": {"min": 2.00370573997, "max": 31.740272522, "dvar2": 17.7877140045, "median": 8.3459482193, "dmean2": 4.45166778564, "dmean": 2.76469326019, "var": 22.6790981293, "dvar": 7.47546720505, "mean": 9.56351661682}, "melbands": {"min": [5.48020369237e-24, 1.89296482766e-24, 2.03660653774e-24, 6.47301985147e-24, 1.64552882287e-23, 1.7438756386e-23, 1.24920565629e-23, 8.46998218442e-24, 1.89801858617e-23, 6.37601480924e-24, 6.63417742908e-24, 6.59297759059e-24, 1.12687415581e-23, 6.20719975882e-24, 3.4514873414e-24, 4.72310784921e-24, 1.07628079832e-23, 2.15137388765e-23, 1.18165005383e-23, 1.5520079426e-23, 9.98984104746e-24, 8.84921444283e-24, 1.28892977269e-23, 8.97144922895e-24, 1.06038998424e-23, 6.74356324879e-24, 4.79312280443e-24, 1.34076803158e-23, 7.77192074711e-24, 1.12765355039e-23, 7.52031908342e-24, 1.2453859129e-23, 8.04289999008e-24, 8.05185040591e-24, 9.70817905011e-24, 6.5797081613e-24, 7.40057236459e-24, 9.8725626744e-24, 1.16512444339e-23, 9.52538104571e-24], "max": [0.0146063780412, 0.0200779419392, 0.010748305358, 0.0161327719688, 0.0126716364175, 0.0164815932512, 0.00680974544957, 0.0124201215804, 0.0101682506502, 0.00874337088317, 0.0104011790827, 0.00311797950417, 0.0049160993658, 0.00292834779248, 0.0018201834755, 0.00155219167937, 0.000828475109302, 0.00120524829254, 0.000522855902091, 0.00074408337241, 0.00174216844607, 0.00110371795017, 0.00183484284207, 0.0013768998906, 0.00137956079561, 0.000627976900432, 0.000439358409494, 0.00037139953929, 0.000115387760161, 9.45939682424e-05, 8.18913395051e-05, 0.000149765357492, 0.000181660638191, 0.00039404418203, 0.000367888133042, 0.000271850876743, 0.000124714089907, 0.00013394432608, 0.000138256044011, 0.000141327167512], "dvar2": [1.73498801814e-06, 4.33004379374e-06, 1.45028536735e-06, 6.36943741483e-06, 9.29042130338e-07, 5.81917163345e-07, 2.38966322286e-07, 6.4252287757e-07, 3.74591564878e-07, 2.46556140837e-07, 1.11600265029e-07, 2.55724099674e-08, 1.96359977167e-08, 1.07575024444e-08, 4.25550261696e-09, 3.51329410009e-09, 2.0669841394e-09, 4.65083838108e-09, 1.30089838901e-09, 2.14594475523e-09, 9.68366986598e-09, 3.78354592101e-09, 3.79155196129e-09, 1.74117020801e-09, 2.68040367679e-09, 3.37993300015e-09, 7.21632420486e-10, 4.10720429889e-10, 7.79869918643e-11, 6.81266362768e-11, 5.15473011498e-11, 3.35842118004e-11, 4.95230141617e-11, 1.40139455596e-10, 2.05011813081e-10, 9.17451600801e-11, 3.65243980893e-11, 1.21249130527e-11, 1.69065057093e-11, 1.86083752574e-11], "median": [0.000405190861784, 0.000724872399587, 0.000550149008632, 0.000450045743492, 0.000367136439309, 0.000180087896297, 0.000123383812024, 0.000111501823994, 6.27473928034e-05, 4.12242625316e-05, 2.87677212327e-05, 1.63841796166e-05, 1.14125468826e-05, 1.14795311674e-05, 6.07201218372e-06, 6.56177689962e-06, 8.07919604995e-06, 9.82594065135e-06, 6.98850590197e-06, 8.29766759125e-06, 1.39376334118e-05, 8.90161027201e-06, 8.98880534805e-06, 8.61470289237e-06, 1.2936994608e-05, 1.9359144062e-05, 1.16914488899e-05, 8.34440379549e-06, 4.75611068396e-06, 2.89029571832e-06, 2.62650610239e-06, 2.45483215622e-06, 1.73887644905e-06, 1.12007319331e-06, 1.05397407424e-06, 8.16225963263e-07, 5.20261551173e-07, 3.45418243342e-07, 3.14298119974e-07, 2.71223541404e-07], "dmean2": [0.000612597563304, 0.00102550932206, 0.000683229474816, 0.00110808119643, 0.000623271043878, 0.000384717306588, 0.000254744576523, 0.000327139132423, 0.000232755031902, 0.000162200056366, 0.00010178462253, 6.34479874861e-05, 4.74343978567e-05, 3.84002996725e-05, 2.22090675379e-05, 2.03138060897e-05, 2.03689414775e-05, 2.82357214019e-05, 1.68327951542e-05, 2.18362947635e-05, 4.51763444289e-05, 2.81286738755e-05, 2.43032591243e-05, 1.65989386005e-05, 2.44020648097e-05, 3.3645741496e-05, 1.63568547578e-05, 1.20518270705e-05, 5.61734395887e-06, 4.17992623625e-06, 3.53091013494e-06, 3.03788601741e-06, 2.58169825429e-06, 3.0685071124e-06, 3.08318158204e-06, 2.19226103582e-06, 1.45693877585e-06, 8.61383796291e-07, 8.85663723693e-07, 9.15201383123e-07], "dmean": [0.000383256818168, 0.000640866172034, 0.000409166532336, 0.000644132262096, 0.000389210996218, 0.000244163122261, 0.000158597278642, 0.000212349608773, 0.000155386325787, 0.000106478903035, 6.73268950777e-05, 4.21925178671e-05, 3.19412647514e-05, 2.49766853813e-05, 1.39938456414e-05, 1.28831634356e-05, 1.27942821564e-05, 1.77056554094e-05, 1.06181032606e-05, 1.37941724461e-05, 2.80464882962e-05, 1.75512504939e-05, 1.49189554577e-05, 1.04152823042e-05, 1.53485070769e-05, 2.05382966669e-05, 1.01466439446e-05, 7.37816299079e-06, 3.41751524502e-06, 2.49389222517e-06, 2.12044756154e-06, 1.91341428035e-06, 1.68789779309e-06, 2.04196862796e-06, 2.05373794415e-06, 1.49414472617e-06, 1.00054944596e-06, 6.10967333614e-07, 6.18456851953e-07, 6.20763955794e-07], "var": [1.07192079213e-06, 2.15184240915e-06, 7.95251992258e-07, 2.0908555598e-06, 1.16290243568e-06, 8.06052526059e-07, 1.82131500992e-07, 6.00165208198e-07, 3.98765621412e-07, 1.94291544631e-07, 8.29784738698e-08, 2.68322732921e-08, 2.76245550879e-08, 1.34282922559e-08, 2.85500245667e-09, 2.72297318027e-09, 1.85040160972e-09, 3.23052762319e-09, 1.10079922955e-09, 2.06815786719e-09, 7.92475507438e-09, 3.56909723997e-09, 2.75228773106e-09, 1.57946811186e-09, 2.95982172105e-09, 3.19536463955e-09, 7.14121317635e-10, 3.6211317278e-10, 8.1952465647e-11, 3.71928668419e-11, 3.00712198198e-11, 3.32868697883e-11, 5.69827275643e-11, 1.42862055519e-10, 1.61441429669e-10, 8.67825117323e-11, 3.62906406315e-11, 1.84089896105e-11, 2.23940067878e-11, 2.1241741005e-11], "dvar": [7.15426892839e-07, 1.6996272052e-06, 5.35118886091e-07, 2.36536561715e-06, 3.8730365759e-07, 2.58263554542e-07, 9.7075236738e-08, 2.83726620864e-07, 1.79142773504e-07, 1.09770446954e-07, 5.06567410241e-08, 1.20557315242e-08, 9.33500743372e-09, 5.25069587809e-09, 1.76836534305e-09, 1.50918655351e-09, 8.28592972013e-10, 1.79845260906e-09, 5.43539935283e-10, 9.34263222341e-10, 3.91829590995e-09, 1.61042923441e-09, 1.52592949387e-09, 7.68645869176e-10, 1.18872156563e-09, 1.32632649308e-09, 2.89500839967e-10, 1.64294980398e-10, 3.06889999524e-11, 2.53421623964e-11, 1.92561053908e-11, 1.46771223647e-11, 2.43970989244e-11, 6.89189608161e-11, 9.57620094333e-11, 4.55935046662e-11, 1.72929309761e-11, 6.66071538202e-12, 8.92365261546e-12, 9.3183212882e-12], "mean": [0.0007079335046, 0.00116068695206, 0.000795999425463, 0.000860010623001, 0.000745545956306, 0.000448567967396, 0.000265103881247, 0.000362414459232, 0.000262504763668, 0.000170476079802, 0.000103566751932, 6.95260387147e-05, 5.8210833231e-05, 4.19451062044e-05, 2.09430490941e-05, 2.03598992812e-05, 2.13401490328e-05, 2.85560709017e-05, 1.79708331416e-05, 2.39318906097e-05, 4.67322861368e-05, 3.09880379064e-05, 2.56886451098e-05, 1.89954971574e-05, 2.90423431579e-05, 4.10360371461e-05, 2.06613021874e-05, 1.46400407175e-05, 7.5214370554e-06, 4.70941404274e-06, 4.21223694502e-06, 3.94435210183e-06, 3.40420479006e-06, 3.71789633391e-06, 3.51812309418e-06, 2.58464660874e-06, 1.7662891878e-06, 1.14434203624e-06, 1.09946620341e-06, 1.07276423478e-06]}, "spectral_entropy": {"min": 4.83628797531, "max": 9.80338954926, "dvar2": 0.0587851628661, "median": 7.64082241058, "dmean2": 0.219411537051, "dmean": 0.151297852397, "var": 0.272591203451, "dvar": 0.0325370617211, "mean": 7.5179977417}, "spectral_rolloff": {"min": 64.599609375, "max": 18497.0214844, "dvar2": 2316363.75, "median": 1141.25976562, "dmean2": 954.539794922, "dmean": 574.298278809, "var": 3106817.75, "dvar": 1097297.25, "mean": 1815.00537109}, "barkbands": {"min": [3.15906259917e-23, 1.00968042753e-23, 3.11793505978e-24, 5.08514096774e-24, 2.91536768833e-23, 1.09512447653e-22, 5.47765511944e-23, 7.82038394351e-23, 5.3505923468e-23, 3.84868133153e-23, 7.66959854573e-23, 5.12294917766e-23, 3.75012483656e-23, 1.81962240982e-22, 1.4727766781e-22, 2.26325405398e-22, 1.47508709392e-22, 2.22048870524e-22, 2.26680935542e-22, 3.18234036987e-22, 3.66117616255e-22, 5.10585058599e-22, 4.61401487046e-22, 7.90513145988e-22, 1.42985630873e-21, 1.98895457119e-21, 2.65829635973e-21], "max": [0.0032743467018, 0.0699526667595, 0.0423074066639, 0.0287914332002, 0.0601288191974, 0.067431114614, 0.0463453531265, 0.067753136158, 0.0563425123692, 0.0436587259173, 0.030458342284, 0.0209617447108, 0.0152075216174, 0.0114287948236, 0.00900864042342, 0.0227807350457, 0.0246789995581, 0.0170793738216, 0.0249152183533, 0.00784363504499, 0.00302551756613, 0.00792070664465, 0.0187463071197, 0.00940470956266, 0.00882890168577, 0.00261099822819, 0.00084375514416], "dvar2": [3.92673804583e-08, 3.4694247006e-05, 1.49054867506e-05, 7.99264853413e-06, 9.06765417312e-05, 1.386954591e-05, 9.61450496106e-06, 1.35005448101e-05, 1.13448058983e-05, 3.22253072227e-06, 1.15936234124e-06, 7.24642632122e-07, 3.92369344127e-07, 4.36800860371e-07, 2.65564665369e-07, 1.13897408482e-06, 1.37881227147e-06, 5.30472732407e-07, 1.46243303334e-06, 2.88597732379e-07, 9.11147921556e-08, 7.51308846247e-08, 5.07136917349e-07, 1.17905955221e-07, 9.26353891373e-08, 1.57015538349e-08, 3.64481822501e-09], "median": [6.68994762236e-05, 0.00159056903794, 0.0013703329023, 0.000849755248055, 0.00236557330936, 0.00104828458279, 0.000536370440386, 0.000327825895511, 0.000298316561384, 0.00012565459474, 5.9406607761e-05, 9.19862359297e-05, 6.08574118814e-05, 9.56431613304e-05, 0.000104496662971, 0.000175878987648, 0.000162394397194, 0.000178806687472, 0.000486072298372, 0.000275935744867, 0.00013327729539, 0.000123444042401, 6.50881847832e-05, 3.68032415281e-05, 2.88141527562e-05, 1.04623386505e-05, 1.65704034316e-06], "dmean2": [0.000123175777844, 0.00254935212433, 0.0021236918401, 0.00151225319132, 0.00470248097554, 0.00203563366085, 0.00140100368299, 0.00148462841753, 0.00115012051538, 0.000592742231674, 0.000342129322235, 0.000316212477628, 0.000211060309084, 0.000276041013421, 0.00025359299616, 0.000513258797582, 0.000511930615176, 0.000344085885445, 0.000732005748432, 0.00033696074388, 0.000154046123498, 0.00012651590805, 0.000162546275533, 8.64836983965e-05, 7.58463938837e-05, 3.91422217945e-05, 1.77568526851e-05], "dmean": [7.30499814381e-05, 0.00158656924032, 0.00130032410379, 0.000889584654942, 0.00277937715873, 0.00129519298207, 0.00087668717606, 0.000982733792625, 0.000749715487473, 0.000384556653444, 0.000227290554903, 0.000202245821129, 0.00013408336963, 0.000170564468135, 0.000160464507644, 0.000320949853631, 0.000317708938383, 0.000215506777749, 0.000455171364592, 0.000208351091715, 9.30470923777e-05, 8.24772650958e-05, 0.000111868001113, 6.24847743893e-05, 5.37677915418e-05, 2.70791551884e-05, 1.19477872431e-05], "var": [2.60666510599e-08, 1.76230860234e-05, 8.61847729539e-06, 3.67330630979e-06, 3.79243247153e-05, 1.96926011995e-05, 6.80846642354e-06, 1.61037714861e-05, 9.37919412536e-06, 2.26078350352e-06, 1.39234566632e-06, 7.72779003455e-07, 2.99021081673e-07, 3.1808653489e-07, 2.3998376264e-07, 1.03740728719e-06, 1.20323545616e-06, 4.91282719395e-07, 1.82998439868e-06, 3.08622333023e-07, 5.99651883704e-08, 1.06655015486e-07, 4.937119229e-07, 1.6965134364e-07, 1.41553243793e-07, 1.42286866733e-08, 2.13349449218e-09], "dvar": [1.47991956467e-08, 1.39591375046e-05, 5.70533757127e-06, 2.86552881335e-06, 3.39819998771e-05, 6.12588655713e-06, 3.99306236432e-06, 6.4012006078e-06, 5.05340722157e-06, 1.40539623317e-06, 5.51682546757e-07, 3.4156803963e-07, 1.67812714835e-07, 1.66575190974e-07, 1.12591230561e-07, 4.81719894196e-07, 5.68813959489e-07, 2.3033013008e-07, 6.18984927314e-07, 1.17774007435e-07, 3.43478632203e-08, 3.95362356187e-08, 2.53613848145e-07, 6.49036806522e-08, 5.19902023655e-08, 7.82085685103e-09, 1.67952118879e-09], "mean": [0.000126646598801, 0.00273652281612, 0.00235217856243, 0.001444306341, 0.00433507096022, 0.00245166034438, 0.00136092305183, 0.00167009909637, 0.00122285750695, 0.000581901636906, 0.000382886239095, 0.000324624124914, 0.00021081698651, 0.000275053840596, 0.000271972588962, 0.000540803011972, 0.000558565778192, 0.000394449249143, 0.000979693490081, 0.000455053872429, 0.000201243397896, 0.000190098871826, 0.000206485448871, 0.000119865617307, 9.87811872619e-05, 4.22064258601e-05, 1.55465877469e-05]}, "melbands_flatness_db": {"min": 0.00833976920694, "max": 0.632031857967, "dvar2": 0.00130484660622, "median": 0.177576243877, "dmean2": 0.0338607318699, "dmean": 0.0224045775831, "var": 0.00942461658269, "dvar": 0.00061101274332, "mean": 0.205894470215}, "melbands_skewness": {"min": -2.13249659538, "max": 29.0289230347, "dvar2": 1.71348762512, "median": 2.62136125565, "dmean2": 1.12607860565, "dmean": 0.728981137276, "var": 7.50165700912, "dvar": 0.739733576775, "mean": 3.23245763779}, "barkbands_skewness": {"min": -5.25507116318, "max": 25.3676662445, "dvar2": 0.860428333282, "median": 1.45024037361, "dmean2": 0.82132422924, "dmean": 0.537918925285, "var": 6.97985553741, "dvar": 0.367011666298, "mean": 1.95541763306}, "silence_rate_60dB": {"min": 0, "max": 1, "dvar2": 0.0204273443669, "median": 0, "dmean2": 0.0177777782083, "dmean": 0.00888806581497, "var": 0.0560511797667, "dvar": 0.00880741141737, "mean": 0.059618588537}, "spectral_energyband_low": {"min": 2.88116741265e-23, "max": 0.0840791538358, "dvar2": 6.35902033537e-05, "median": 0.00433702720329, "dmean2": 0.00427872501314, "dmean": 0.00272114784457, "var": 4.26902988693e-05, "dvar": 2.64616337518e-05, "mean": 0.00600041588768}, "spectral_energyband_middle_low": {"min": 3.35165011497e-22, "max": 0.070544667542, "dvar2": 0.000135454305564, "median": 0.01015666686, "dmean2": 0.00772648444399, "dmean": 0.00485371705145, "var": 0.000112517045636, "dvar": 5.37737141713e-05, "mean": 0.0126498853788}, "melbands_kurtosis": {"min": -1.90695250034, "max": 1777.71984863, "dvar2": 1640.39929199, "median": 9.25647544861, "dmean2": 15.6879816055, "dmean": 9.75583457947, "var": 13362.7226562, "dvar": 603.045349121, "mean": 32.7358589172}, "spectral_decrease": {"min": -2.23119815956e-08, "max": 6.34909046963e-29, "dvar2": 1.07160057216e-17, "median": -5.71204905597e-09, "dmean2": 2.40037323351e-09, "dmean": 1.54810209096e-09, "var": 1.13298978132e-17, "dvar": 4.51148359271e-18, "mean": -5.6935682835e-09}, "erbbands_kurtosis": {"min": -1.8744789362, "max": 48.8041000366, "dvar2": 7.31478881836, "median": -0.506365418434, "dmean2": 1.72942960262, "dmean": 1.12153089046, "var": 12.1496658325, "dvar": 3.41188216209, "mean": 0.646389245987}, "melbands_crest": {"min": 2.26050496101, "max": 35.4243049622, "dvar2": 24.4225139618, "median": 12.4767780304, "dmean2": 5.00631809235, "dmean": 3.04229474068, "var": 32.5367164612, "dvar": 9.19842720032, "mean": 13.6758518219}, "gfcc": {"cov": [[11355.0439453, -1915.61035156, -1500.16748047, -284.776885986, -1277.70446777, 146.403381348, -537.432128906, 136.768768311, -230.66368103, -21.7405509949, -146.616882324, 158.512054443, -249.876800537], [-1915.61035156, 1712.9909668, -220.781219482, -6.24653959274, 335.308898926, -298.361236572, 217.599761963, -59.7355461121, 56.6004981995, 1.66266286373, 48.4619636536, -153.748840332, 108.187355042], [-1500.16748047, -220.781219482, 1149.91552734, 60.7451667786, 167.931365967, 207.383300781, 34.6970787048, -14.3769273758, 52.6760177612, 31.5907897949, 39.4926681519, 39.0976600647, -37.6841659546], [-284.776885986, -6.24653959274, 60.7451667786, 470.36529541, 125.555755615, 9.63836097717, 15.3226680756, 15.2198696136, 57.8075714111, 9.51986026764, 12.4205465317, 16.3497314453, 11.5594406128], [-1277.70446777, 335.308898926, 167.931365967, 125.555755615, 444.139068604, -27.4860668182, 121.459884644, 2.54235863686, 38.9392662048, 24.2091293335, -4.90997123718, -39.2532157898, 49.6864242554], [146.403381348, -298.361236572, 207.383300781, 9.63836097717, -27.4860668182, 350.085113525, 49.2533111572, 20.3737640381, -3.19330215454, -6.2772731781, 13.7556362152, 36.7296104431, -40.2735481262], [-537.432128906, 217.599761963, 34.6970787048, 15.3226680756, 121.459884644, 49.2533111572, 195.228744507, 37.2950897217, 21.5892848969, 2.07990026474, 13.000123024, -19.3556060791, 3.60806465149], [136.768768311, -59.7355461121, -14.3769273758, 15.2198696136, 2.54235863686, 20.3737640381, 37.2950897217, 131.743804932, 47.7461624146, 7.48425197601, -3.54452967644, 0.435323864222, -7.51297140121], [-230.66368103, 56.6004981995, 52.6760177612, 57.8075714111, 38.9392662048, -3.19330215454, 21.5892848969, 47.7461624146, 116.042297363, 37.883392334, -0.308392882347, -13.2907705307, -0.702508628368], [-21.7405509949, 1.66266286373, 31.5907897949, 9.51986026764, 24.2091293335, -6.2772731781, 2.07990026474, 7.48425197601, 37.883392334, 88.4864807129, 29.4173622131, -2.538367033, -5.85100030899], [-146.616882324, 48.4619636536, 39.4926681519, 12.4205465317, -4.90997123718, 13.7556362152, 13.000123024, -3.54452967644, -0.308392882347, 29.4173622131, 82.624710083, 27.7310657501, 0.183866918087], [158.512054443, -153.748840332, 39.0976600647, 16.3497314453, -39.2532157898, 36.7296104431, -19.3556060791, 0.435323864222, -13.2907705307, -2.538367033, 27.7310657501, 87.4393539429, 20.5557537079], [-249.876800537, 108.187355042, -37.6841659546, 11.5594406128, 49.6864242554, -40.2735481262, 3.60806465149, -7.51297140121, -0.702508628368, -5.85100030899, 0.183866918087, 20.5557537079, 80.6989135742]], "icov": [[0.000211245453102, 6.09136550338e-05, 0.000260661006905, -2.91947380902e-05, 0.000308415794279, -0.00011341249774, 0.000249948294368, -0.000278069201158, 0.000338260550052, -0.000392893998651, 0.000467652454972, -0.000365581392543, 0.000481302471599], [6.09136550338e-05, 0.00149271870032, 0.000250541575952, 0.000199232192244, -0.000320857536281, 0.000842629291583, -0.00125666789245, 0.000975210976321, -0.000916609307751, 0.00100700068288, -0.00202568527311, 0.00247354456224, -0.00151947792619], [0.000260661006905, 0.000250541575952, 0.00151760492008, 0.000119818723761, -0.000389663618989, -0.000675410148688, 0.000473365973448, 0.000220209127292, -0.000446009071311, -0.000203320640139, -4.02503246733e-05, -0.000880134582985, 0.00127058639191], [-2.91947380902e-05, 0.000199232192244, 0.000119818723761, 0.00258725322783, -0.00106394116301, 2.45656447078e-05, 0.000236313149799, 0.00033808243461, -0.00169610453304, 0.000932170660235, -0.000847152725328, -0.000585193221923, 0.000219906054554], [0.000308415794279, -0.000320857536281, -0.000389663618989, -0.00106394116301, 0.00456017255783, 6.47210908937e-05, -0.00155183090828, -0.000397133087972, 0.00117900629994, -0.00212044059299, 0.00206357543357, 0.00080044491915, -0.00173949275631], [-0.00011341249774, 0.000842629291583, -0.000675410148688, 2.45656447078e-05, 6.47210908937e-05, 0.00448941299692, -0.00233759265393, 0.00047735508997, -0.000371456495486, 0.00104696676135, -0.00102127017453, -0.000256365485257, 0.000690152752213], [0.000249948294368, -0.00125666789245, 0.000473365973448, 0.000236313149799, -0.00155183090828, -0.00233759265393, 0.00904758274555, -0.0031263534911, 0.000740078336094, -5.96795007368e-06, -1.74748747668e-05, -0.00096521130763, 0.00199106498621], [-0.000278069201158, 0.000975210976321, 0.000220209127292, 0.00033808243461, -0.000397133087972, 0.00047735508997, -0.0031263534911, 0.0109956571832, -0.00564796756953, 0.00191250815988, -0.00128462631255, 0.000664032995701, -0.000544521491975], [0.000338260550052, -0.000916609307751, -0.000446009071311, -0.00169610453304, 0.00117900629994, -0.000371456495486, 0.000740078336094, -0.00564796756953, 0.0148877259344, -0.0071325735189, 0.00402933685109, -0.000167518577655, 0.000486654229462], [-0.000392893998651, 0.00100700068288, -0.000203320640139, 0.000932170660235, -0.00212044059299, 0.00104696676135, -5.96795007368e-06, 0.00191250815988, -0.0071325735189, 0.0177813638002, -0.00904314592481, 0.00339223677292, -0.000405011815019], [0.000467652454972, -0.00202568527311, -4.02503246733e-05, -0.000847152725328, 0.00206357543357, -0.00102127017453, -1.74748747668e-05, -0.00128462631255, 0.00402933685109, -0.00904314592481, 0.0211744513363, -0.0102540981025, 0.00431035924703], [-0.000365581392543, 0.00247354456224, -0.000880134582985, -0.000585193221923, 0.00080044491915, -0.000256365485257, -0.00096521130763, 0.000664032995701, -0.000167518577655, 0.00339223677292, -0.0102540981025, 0.0230902340263, -0.0109047964215], [0.000481302471599, -0.00151947792619, 0.00127058639191, 0.000219906054554, -0.00173949275631, 0.000690152752213, 0.00199106498621, -0.000544521491975, 0.000486654229462, -0.000405011815019, 0.00431035924703, -0.0109047964215, 0.0204993933439]], "mean": [-5.26617002487, 82.4083862305, -102.054840088, 44.0275230408, -53.7740707397, -6.49765443802, -34.5773277283, 9.46401596069, -23.5361690521, -0.320501685143, -15.6725645065, -2.64926600456, -11.2896127701]}, "melbands_spread": {"min": 0.173866912723, "max": 256.149414062, "dvar2": 286.008209229, "median": 21.1164627075, "dmean2": 12.2310285568, "dmean": 8.04759883881, "var": 577.344848633, "dvar": 137.667327881, "mean": 27.3479881287}, "spectral_energy": {"min": 1.0820024052e-20, "max": 0.0849401578307, "dvar2": 0.0001600265241, "median": 0.024097841233, "dmean2": 0.00941800884902, "dmean": 0.00608668522909, "var": 0.000182641742867, "dvar": 6.79369477439e-05, "mean": 0.0235507693142}, "mfcc": {"cov": [[10283.3085938, -1407.07519531, -1035.1048584, -505.125762939, -838.056091309, -386.354553223, -448.525177002, -63.7431411743, -276.343933105, -204.961898804, -83.9461517334, -51.0398902893, -166.495513916], [-1407.07519531, 1326.04504395, -128.201171875, 114.22492218, 38.9668731689, -42.7739982605, 98.4665679932, -83.5947494507, 45.4828910828, 71.9427490234, -5.70723724365, -36.5267028809, 33.9362411499], [-1035.1048584, -128.201171875, 779.381164551, -47.6691932678, 131.837036133, 132.553833008, 28.9130496979, 60.2485542297, -32.2639007568, 11.2452058792, 59.4471359253, 5.87591409683, 26.0308132172], [-505.125762939, 114.22492218, -47.6691932678, 477.089355469, 140.194625854, 9.12806224823, -1.73326539993, -10.9792470932, 52.6912651062, 21.3863296509, -5.67762756348, 46.8270606995, 29.4228115082], [-838.056091309, 38.9668731689, 131.837036133, 140.194625854, 259.760314941, 82.0331497192, 41.8789825439, 9.24330425262, 55.1173057556, 23.8005714417, -2.79603934288, 24.2867527008, 27.9657878876], [-386.354553223, -42.7739982605, 132.553833008, 9.12806224823, 82.0331497192, 222.01512146, 88.7708511353, 43.8191947937, 19.2874164581, 4.50382852554, 24.127374649, 26.6087169647, -6.70635080338], [-448.525177002, 98.4665679932, 28.9130496979, -1.73326539993, 41.8789825439, 88.7708511353, 169.131729126, 57.0954666138, 24.1735687256, 10.8162021637, 18.9072418213, 3.99447464943, 2.6641960144], [-63.7431411743, -83.5947494507, 60.2485542297, -10.9792470932, 9.24330425262, 43.8191947937, 57.0954666138, 140.532226562, 39.3026199341, 11.3515977859, 21.781539917, 4.44475126266, -2.1856751442], [-276.343933105, 45.4828910828, -32.2639007568, 52.6912651062, 55.1173057556, 19.2874164581, 24.1735687256, 39.3026199341, 122.517524719, 45.1432113647, 3.48560357094, 11.703461647, 7.61698579788], [-204.961898804, 71.9427490234, 11.2452058792, 21.3863296509, 23.8005714417, 4.50382852554, 10.8162021637, 11.3515977859, 45.1432113647, 109.928916931, 42.910118103, 1.1702747345, 16.1900157928], [-83.9461517334, -5.70723724365, 59.4471359253, -5.67762756348, -2.79603934288, 24.127374649, 18.9072418213, 21.781539917, 3.48560357094, 42.910118103, 95.4728240967, 32.1230697632, 2.07365059853], [-51.0398902893, -36.5267028809, 5.87591409683, 46.8270606995, 24.2867527008, 26.6087169647, 3.99447464943, 4.44475126266, 11.703461647, 1.1702747345, 32.1230697632, 82.1572265625, 22.0466136932], [-166.495513916, 33.9362411499, 26.0308132172, 29.4228115082, 27.9657878876, -6.70635080338, 2.6641960144, -2.1856751442, 7.61698579788, 16.1900157928, 2.07365059853, 22.0466136932, 77.5525741577]], "icov": [[0.000197034169105, 0.000176399043994, 0.000238550870563, 5.32240919711e-05, 0.000364578532754, -1.79461276275e-05, 0.000300439627608, -0.000107355823275, 0.000223539274884, 1.49402440002e-05, 6.32694127489e-06, -1.26642216856e-05, 7.7543023508e-05], [0.000176399043994, 0.00114096060861, 0.000265647890046, -0.000172529369593, 0.000385349121643, 0.000309055234538, -0.000753121799789, 0.000871095166076, -0.000121276701975, -0.000409633619711, -7.56373701734e-05, 0.000598638202064, -0.000276817649137], [0.000238550870563, 0.000265647890046, 0.002151992172, 0.000408854248235, -0.000754458713345, -0.000886918220203, 0.00101693917532, -0.000933534582146, 0.00131321628578, 0.000248576252488, -0.00133013539016, 0.000922783394344, -0.000755063083488], [5.32240919711e-05, -0.000172529369593, 0.000408854248235, 0.00284204399213, -0.00150713324547, 0.000222244372708, 0.000544983311556, -0.000175985405804, -0.000154131601448, -0.000147993196151, 0.000338026962709, -0.0014329215046, -4.235817687e-05], [0.000364578532754, 0.000385349121643, -0.000754458713345, -0.00150713324547, 0.00727414619178, -0.00149305735249, -0.00037014784175, 0.00107040861621, -0.00193936831784, -0.000495152315125, 0.00162879319396, -0.00051501422422, -0.000873502809554], [-1.79461276275e-05, 0.000309055234538, -0.000886918220203, 0.000222244372708, -0.00149305735249, 0.00735263014212, -0.00350844976492, -6.98062794982e-05, -0.000135541820782, -8.51009535836e-05, 0.000142560180393, -0.002276327461, 0.00200677267276], [0.000300439627608, -0.000753121799789, 0.00101693917532, 0.000544983311556, -0.00037014784175, -0.00350844976492, 0.0101971896365, -0.0037858763244, 0.000575778307393, 0.000862835673615, -0.00141552556306, 0.00107123027556, -0.000703817466274], [-0.000107355823275, 0.000871095166076, -0.000933534582146, -0.000175985405804, 0.00107040861621, -6.98062794982e-05, -0.0037858763244, 0.0108227981254, -0.00428782077506, 0.000846310169436, -0.0017414810136, 0.00113081140444, -0.000218944129301], [0.000223539274884, -0.000121276701975, 0.00131321628578, -0.000154131601448, -0.00193936831784, -0.000135541820782, 0.000575778307393, -0.00428782077506, 0.0134343439713, -0.0056495834142, 0.00304799852893, -0.00243876781315, 0.00116939749569], [1.49402440002e-05, -0.000409633619711, 0.000248576252488, -0.000147993196151, -0.000495152315125, -8.51009535836e-05, 0.000862835673615, 0.000846310169436, -0.0056495834142, 0.0156186269596, -0.00895561464131, 0.00501440931112, -0.00354227703065], [6.32694127489e-06, -7.56373701734e-05, -0.00133013539016, 0.000338026962709, 0.00162879319396, 0.000142560180393, -0.00141552556306, -0.0017414810136, 0.00304799852893, -0.00895561464131, 0.01892080158, -0.00912134721875, 0.0034467484802], [-1.26642216856e-05, 0.000598638202064, 0.000922783394344, -0.0014329215046, -0.00051501422422, -0.002276327461, 0.00107123027556, 0.00113081140444, -0.00243876781315, 0.00501440931112, -0.00912134721875, 0.0194537620991, -0.00616500666365], [7.7543023508e-05, -0.000276817649137, -0.000755063083488, -4.235817687e-05, -0.000873502809554, 0.00200677267276, -0.000703817466274, -0.000218944129301, 0.00116939749569, -0.00354227703065, 0.0034467484802, -0.00616500666365, 0.0162431895733]], "mean": [-651.066223145, 110.829811096, 7.93386220932, 44.8351402283, 2.93149518967, -4.73181009293, -1.83046519756, 1.77947890759, -3.51359367371, 4.65022706985, -3.015406847, -5.50334310532, 1.65571153164]}, "spectral_contrast_valleys": {"min": [-26.8731822968, -27.2317123413, -27.7058010101, -27.1655197144, -27.3801345825, -27.2297782898], "max": [-5.39159345627, -4.87652921677, -5.33821678162, -5.90104722977, -5.69259929657, -7.32094669342], "dvar2": [0.264590650797, 0.256868690252, 0.204958379269, 0.189773470163, 0.191967338324, 0.176707342267], "median": [-6.99720191956, -6.70333385468, -7.59590339661, -7.87355232239, -7.09046888351, -9.83093643188], "dmean2": [0.584457397461, 0.598799347878, 0.509182453156, 0.444216996431, 0.360619753599, 0.314868152142], "dmean": [0.360168904066, 0.37480327487, 0.324361175299, 0.2923797369, 0.247076421976, 0.24218544364], "var": [0.784240007401, 1.30854415894, 1.35023140907, 1.39137911797, 1.64706516266, 1.930336833], "dvar": [0.115649498999, 0.11655600369, 0.101227380335, 0.100110292435, 0.104467280209, 0.116464234889], "mean": [-7.18072557449, -6.93170452118, -7.78536939621, -8.13940525055, -7.42763185501, -10.2186899185]}, "barkbands_flatness_db": {"min": 0.0236569512635, "max": 0.494658946991, "dvar2": 0.000836489140056, "median": 0.11191251874, "dmean2": 0.0284547135234, "dmean": 0.01872170344, "var": 0.00547978468239, "dvar": 0.000391428242438, "mean": 0.135164052248}, "dynamic_complexity": 3.30050301552, "erbbands_flatness_db": {"min": 0.0252901706845, "max": 0.330389499664, "dvar2": 0.000562979432289, "median": 0.143689095974, "dmean2": 0.0240774340928, "dmean": 0.0166615080088, "var": 0.00210604513995, "dvar": 0.000298834580462, "mean": 0.148775458336}, "hfc": {"min": 1.2193281474