{"lowlevel": {"spectral_complexity": {"min": 0, "max": 61, "dvar2": 83.0535430908, "median": 10, "dmean2": 6.89184236526, "dmean": 4.78726100922, "var": 164.502792358, "dvar": 48.6726646423, "mean": 14.0499429703}, "silence_rate_20dB": {"min": 1, "max": 1, "dvar2": 0, "median": 1, "dmean2": 0, "dmean": 0, "var": 0, "dvar": 0, "mean": 1}, "average_loudness": 0.783364713192, "erbbands_spread": {"min": 1.71106684208, "max": 210.223480225, "dvar2": 480.018096924, "median": 39.2432975769, "dmean2": 20.0805854797, "dmean": 12.8436050415, "var": 578.74621582, "dvar": 212.362594604, "mean": 44.1752052307}, "spectral_kurtosis": {"min": -1.26886129379, "max": 41.9592514038, "dvar2": 10.2241382599, "median": 2.899933815, "dmean2": 2.14619469643, "dmean": 1.33553111553, "var": 7.21258449554, "dvar": 4.07890987396, "mean": 3.33921313286}, "barkbands_kurtosis": {"min": -1.93988728523, "max": 664.31829834, "dvar2": 430.03527832, "median": 0.236125230789, "dmean2": 6.49496269226, "dmean": 4.09797334671, "var": 209.951538086, "dvar": 180.769989014, "mean": 3.94531798363}, "spectral_strongpeak": {"min": 0, "max": 14.3717260361, "dvar2": 1.51421391964, "median": 0.32568141818, "dmean2": 0.694551408291, "dmean": 0.412283658981, "var": 0.982641041279, "dvar": 0.601402401924, "mean": 0.659377992153}, "spectral_spread": {"min": 1672509.75, "max": 43211956, "dvar2": 2556338634750.0, "median": 4576760, "dmean2": 1226103.375, "dmean": 837534.75, "var": 12093980934100.0, "dvar": 1330016419840.0, "mean": 5270591}, "spectral_rms": {"min": 3.10878493087e-12, "max": 0.00941929779947, "dvar2": 2.16570470002e-06, "median": 0.00238383398391, "dmean2": 0.00104819633998, "dmean": 0.000734183529858, "var": 3.3922763123e-06, "dvar": 1.22192329854e-06, "mean": 0.00277517875656}, "erbbands": {"min": [1.02066522097e-22, 3.6897036448e-22, 1.5986656762e-21, 4.5031882184e-21, 1.73831714922e-20, 2.32666761604e-20, 3.8607117052e-20, 5.11129376157e-20, 9.15660762257e-20, 2.43979351516e-19, 1.81839075283e-19, 4.35353738386e-19, 3.92716920507e-19, 5.93581395448e-19, 9.18626670042e-19, 1.43092247426e-18, 1.62607919618e-18, 2.37005340072e-18, 2.72793578108e-18, 4.2814686526e-18, 3.8432399446e-18, 4.72301476845e-18, 3.92021075496e-18, 5.33145491264e-18, 6.65283044626e-18, 8.68775224219e-18, 1.03485671304e-17, 9.02565304088e-18, 1.10898086404e-17, 1.19513064951e-17, 1.07358919707e-17, 1.00214891629e-17, 1.00023134619e-17, 7.37193370793e-18, 5.9763799257e-18, 3.5576479799e-18, 2.28588363749e-18, 9.08062022656e-19, 2.38660709424e-19, 2.8464231612e-20], "max": [1.70147395134, 11.7574920654, 36.9110450745, 30.5505638123, 45.9355926514, 190.695373535, 250.628067017, 302.648162842, 487.547088623, 568.528808594, 420.191986084, 451.303863525, 579.587219238, 959.024536133, 719.280029297, 1455.83154297, 994.460998535, 1443.24023438, 1212.42895508, 748.454284668, 778.875183105, 796.73828125, 410.645690918, 658.599914551, 648.59753418, 314.940979004, 378.57244873, 352.200622559, 351.704772949, 411.621246338, 327.609283447, 156.731552124, 94.2692337036, 52.9095344543, 20.8554096222, 6.20543527603, 2.26514530182, 0.297895103693, 0.0180862825364, 0.00115882244427], "dvar2": [0.071477226913, 2.77895116806, 24.7589664459, 15.8499746323, 51.2449836731, 1288.07592773, 317.205413818, 303.228363037, 801.67010498, 835.650024414, 780.612976074, 693.095397949, 1080.14916992, 1445.43139648, 1296.85632324, 2562.01928711, 1400.03137207, 1964.32287598, 971.530273438, 660.222351074, 986.178039551, 1118.52111816, 1114.15185547, 2513.14257812, 14201.6435547, 3535.72509766, 5916.41943359, 5441.65429688, 3101.94726562, 5068.43066406, 2862.75292969, 555.456665039, 209.906295776, 63.369644165, 9.23484230042, 0.764152228832, 0.0639760419726, 0.00136864278466, 1.09291049739e-05, 4.80989683638e-08], "median": [0.00795460492373, 0.0691774785519, 0.248827368021, 0.450928092003, 0.412050843239, 0.968730092049, 1.1713051796, 1.84645295143, 2.15105628967, 1.72334122658, 1.8113090992, 2.30077123642, 1.88162827492, 1.44979953766, 1.64796853065, 2.09273767471, 2.16595840454, 2.6493639946, 2.88803291321, 2.72947072983, 3.8601603508, 4.27451610565, 4.74980401993, 4.82529354095, 6.83374118805, 4.95308208466, 4.35713100433, 2.80319499969, 2.16376972198, 1.29049491882, 0.822064161301, 0.460310667753, 0.261888504028, 0.11899715662, 0.0501913465559, 0.030669875443, 0.0107668731362, 0.0015857219696, 0.000123147066915, 1.70888852153e-05], "dmean2": [0.0863823965192, 0.605120956898, 1.65732634068, 1.56114506721, 2.63767528534, 10.2228078842, 6.44743585587, 8.68640613556, 11.7883806229, 9.48949146271, 8.79005813599, 11.3048677444, 10.0597295761, 8.63585662842, 9.80950546265, 12.1349058151, 11.6958189011, 13.5809926987, 13.4296150208, 12.3069829941, 14.2857275009, 16.4871482849, 15.4161338806, 22.7292003632, 40.6431846619, 24.9690418243, 30.8127326965, 27.642824173, 22.8076343536, 22.2213401794, 16.093006134, 7.79616689682, 4.76044273376, 2.50557851791, 1.10056734085, 0.394331663847, 0.164961501956, 0.0210059825331, 0.00148853228893, 0.000126606828417], "dmean": [0.0549835935235, 0.395664185286, 0.982507348061, 0.898106336594, 1.47468662262, 5.69950580597, 3.80243420601, 5.43705701828, 7.44558906555, 5.88079786301, 5.56392812729, 7.21881103516, 6.38906574249, 5.6643075943, 6.41324329376, 7.92181682587, 7.60401582718, 8.93023490906, 8.79579162598, 7.89222621918, 8.91928100586, 10.1206350327, 9.7449464798, 14.3637590408, 23.4956207275, 15.4133348465, 19.2152252197, 17.5354290009, 15.1001024246, 13.9249706268, 10.4046354294, 5.39059972763, 3.23437190056, 1.69344210625, 0.741952478886, 0.273012429476, 0.11379712075, 0.0144061893225, 0.000972191279288, 7.85737356637e-05], "var": [0.0305076949298, 1.80598175526, 7.23335170746, 4.41418981552, 12.7476110458, 292.697265625, 125.124740601, 270.11895752, 588.231018066, 567.683898926, 491.409606934, 521.345092773, 783.473937988, 837.770935059, 1140.34484863, 2345.09814453, 1822.0625, 2746.92553711, 1517.98730469, 919.797668457, 957.184692383, 978.175598145, 641.242614746, 1346.32714844, 3539.7980957, 1340.97351074, 2320.15087891, 1998.47033691, 1925.60986328, 1847.09008789, 1340.01831055, 385.877655029, 134.819335938, 33.486656189, 5.21946048737, 0.537102997303, 0.0549410022795, 0.000925926316995, 4.74031594422e-06, 2.12473487693e-08], "dvar": [0.0315947346389, 1.47062683105, 9.13296699524, 5.63877439499, 18.5779628754, 462.111297607, 116.875404358, 128.174530029, 336.191955566, 336.045135498, 326.198547363, 275.943054199, 476.019470215, 591.29473877, 578.565673828, 1094.96313477, 622.392150879, 931.268310547, 466.043548584, 306.252349854, 445.821105957, 481.356689453, 459.677215576, 1036.98376465, 5030.71435547, 1405.09838867, 2444.3972168, 2202.96191406, 1562.2557373, 2091.89282227, 1326.99682617, 306.479980469, 112.075454712, 30.7397499084, 4.55985403061, 0.414770692587, 0.0382389239967, 0.000711416709237, 4.66287929157e-06, 2.07469081914e-08], "mean": [0.0505340211093, 0.424235373735, 0.987408697605, 1.03147912025, 1.38441443443, 4.53727960587, 4.62931776047, 8.06961250305, 10.1928310394, 8.31006813049, 8.29975318909, 10.3842563629, 9.3853187561, 8.63686847687, 10.3193750381, 13.2042226791, 13.1441106796, 15.7338466644, 14.9368572235, 13.3142728806, 14.390381813, 15.270201683, 14.4638366699, 18.0701675415, 25.0812301636, 17.8531112671, 20.1509380341, 17.0409069061, 15.9954214096, 12.7951450348, 9.87653446198, 5.58723211288, 3.28430342674, 1.60677552223, 0.686274170876, 0.284092992544, 0.119253411889, 0.014761660248, 0.00091033213539, 7.62598137953e-05]}, "zerocrossingrate": {"min": 0.00439453125, "max": 0.525390625, "dvar2": 0.000748440914322, "median": 0.083984375, "dmean2": 0.0259033534676, "dmean": 0.0223888903856, "var": 0.00384148629382, "dvar": 0.000608849921264, "mean": 0.0969402715564}, "spectral_contrast_coeffs": {"min": [-0.977139413357, -0.973101556301, -0.977248191833, -0.975489675999, -0.967545449734, -0.963263034821], "max": [-0.3259960711, -0.331602245569, -0.482219457626, -0.539243876934, -0.58681678772, -0.607062041759], "dvar2": [0.0074554970488, 0.00416838517413, 0.0028983107768, 0.00194393424317, 0.00117118877824, 0.00145458697807], "median": [-0.699616312981, -0.748300790787, -0.794164657593, -0.806697130203, -0.800632953644, -0.734139561653], "dmean2": [0.0970505699515, 0.0809046626091, 0.0661716982722, 0.0547742843628, 0.0400907024741, 0.0399928800762], "dmean": [0.0597618296742, 0.0501671098173, 0.0419381447136, 0.0347540602088, 0.0260088909417, 0.0264805536717], "var": [0.00832613091916, 0.00796574819833, 0.00539581105113, 0.00483560934663, 0.00271184789017, 0.00303889694624], "dvar": [0.00325778522529, 0.00177274539601, 0.00124110467732, 0.000891900795978, 0.000552802986931, 0.000718269788194], "mean": [-0.691498279572, -0.737973451614, -0.78808182478, -0.795486330986, -0.797280490398, -0.743303477764]}, "dissonance": {"min": 0.248434007168, "max": 0.500000119209, "dvar2": 0.000835325219668, "median": 0.480588406324, "dmean2": 0.0255674906075, "dmean": 0.0156474038959, "var": 0.000727530743461, "dvar": 0.000330058479449, "mean": 0.472430288792}, "spectral_energyband_high": {"min": 6.92421662438e-21, "max": 0.0395633764565, "dvar2": 4.47956554126e-05, "median": 0.000343039660947, "dmean2": 0.00263227033429, "dmean": 0.00175051763654, "var": 2.59568314505e-05, "dvar": 2.22283088078e-05, "mean": 0.00184918916784}, "spectral_skewness": {"min": -0.312493145466, "max": 5.35581207275, "dvar2": 0.183778271079, "median": 1.12896585464, "dmean2": 0.35265186429, "dmean": 0.235704049468, "var": 0.250707656145, "dvar": 0.0843098163605, "mean": 1.18570256233}, "spectral_flux": {"min": 6.34640118236e-11, "max": 0.252835154533, "dvar2": 0.0022087614052, "median": 0.0484140627086, "dmean2": 0.0342351868749, "dmean": 0.0222678557038, "var": 0.00265287235379, "dvar": 0.00113540317398, "mean": 0.0630530267954}, "silence_rate_30dB": {"min": 1, "max": 1, "dvar2": 0, "median": 1, "dmean2": 0, "dmean": 0, "var": 0, "dvar": 0, "mean": 1}, "spectral_energyband_middle_high": {"min": 1.17284527435e-21, "max": 0.0525035597384, "dvar2": 2.19220528379e-05, "median": 0.00120129075367, "dmean2": 0.00228868145496, "dmean": 0.00149794865865, "var": 2.29257184401e-05, "dvar": 8.92036496225e-06, "mean": 0.00309407967143}, "barkbands_spread": {"min": 0.222441062331, "max": 124.214927673, "dvar2": 298.779022217, "median": 32.0804138184, "dmean2": 16.2342147827, "dmean": 10.6217451096, "var": 344.069702148, "dvar": 142.206237793, "mean": 33.5574188232}, "spectral_centroid": {"min": 151.437530518, "max": 11619.9453125, "dvar2": 485833.875, "median": 2099.89794922, "dmean2": 630.872131348, "dmean": 422.160736084, "var": 1348154.875, "dvar": 245394.9375, "mean": 2075.81274414}, "pitch_salience": {"min": 0.0561169683933, "max": 0.899855196476, "dvar2": 0.0202434789389, "median": 0.581367611885, "dmean2": 0.149699687958, "dmean": 0.0930228158832, "var": 0.0173356607556, "dvar": 0.00829651392996, "mean": 0.569337368011}, "erbbands_skewness": {"min": -5.39198732376, "max": 10.1368875504, "dvar2": 0.909170985222, "median": -0.153056651354, "dmean2": 0.81031703949, "dmean": 0.557921946049, "var": 1.58219063282, "dvar": 0.458182156086, "mean": -0.0860142484307}, "erbbands_crest": {"min": 2.22314333916, "max": 31.6203804016, "dvar2": 16.9113445282, "median": 7.25261497498, "dmean2": 4.28616428375, "dmean": 2.65765929222, "var": 21.3972873688, "dvar": 7.17404031754, "mean": 8.62924766541}, "melbands": {"min": [9.21004178746e-25, 1.04885111857e-24, 1.33175616349e-24, 2.03948509119e-24, 1.20622068473e-24, 1.2217928976e-24, 1.57264085596e-24, 2.83130540809e-24, 1.22558593805e-24, 2.2944208755e-24, 1.9106644998e-24, 1.89478334927e-24, 2.69245090042e-24, 3.67085890952e-24, 2.75545505155e-24, 2.51277796849e-24, 3.98338232877e-24, 3.52620706305e-24, 4.68099490422e-24, 3.49837092271e-24, 4.09618194403e-24, 4.01671525189e-24, 4.44092638696e-24, 2.75977840374e-24, 4.37399390574e-24, 5.03727288801e-24, 4.09175682879e-24, 4.35899765993e-24, 4.93829490466e-24, 5.29133343115e-24, 5.15902923e-24, 4.8907190979e-24, 5.51096690109e-24, 5.25870693297e-24, 5.40554668516e-24, 4.7224885934e-24, 5.59584123474e-24, 5.9610558293e-24, 5.5123931616e-24, 6.63060310032e-24], "max": [0.015564892441, 0.0153299216181, 0.00489262444898, 0.00944603141397, 0.00687772547826, 0.00593061419204, 0.00652579264715, 0.00766526488587, 0.00427405629307, 0.00243120221421, 0.00295684114099, 0.00393210258335, 0.00203735521063, 0.0045660873875, 0.00385851901956, 0.00190550135449, 0.00294697727077, 0.00229489640333, 0.00244644540362, 0.000939393125009, 0.0012580055045, 0.000829469470773, 0.000500046124216, 0.000216345535591, 0.000624329433776, 0.000636475684587, 0.000388407846913, 0.000251554214628, 0.000228596574743, 0.000270386401098, 0.000179081573151, 0.000227875294513, 0.000184714852367, 0.000235093844822, 0.000184992750292, 0.000151279644342, 7.63717252994e-05, 7.71207342041e-05, 6.19768106844e-05, 3.71650785382e-05], "dvar2": [5.54539565201e-06, 3.78427171199e-06, 4.14614135025e-07, 2.84983730126e-06, 6.06152241289e-07, 1.40121755976e-07, 1.68265515299e-07, 1.00298095163e-07, 5.84185890773e-08, 2.5549304894e-08, 2.85084258422e-08, 2.53462228983e-08, 1.39460629711e-08, 2.79370091505e-08, 2.19044498095e-08, 5.00240471268e-09, 9.03881502978e-09, 3.64214947091e-09, 2.1174713094e-09, 1.44919398704e-09, 2.03873584681e-09, 1.52996837421e-09, 1.24828947179e-09, 1.11687770143e-09, 1.41591804947e-09, 8.98180285702e-09, 5.27166932329e-09, 9.22996012953e-10, 1.82671533455e-09, 2.88524848457e-09, 1.41337452852e-09, 1.1694624158e-09, 9.36395183615e-10, 1.68863723005e-09, 9.67260604945e-10, 5.50411771716e-10, 1.36780781146e-10, 1.18389534287e-10, 8.45178371733e-11, 3.05830361036e-11], "median": [8.31112556625e-05, 0.000135960945045, 8.21348367026e-05, 5.00539208588e-05, 4.4546337449e-05, 4.20721735281e-05, 3.15585457429e-05, 1.57828653755e-05, 1.42782437251e-05, 1.35379632411e-05, 8.09645098343e-06, 4.8549445637e-06, 4.63144806417e-06, 4.71206521979e-06, 4.47703132522e-06, 4.23339588451e-06, 4.15777913076e-06, 3.80321216653e-06, 3.83689439332e-06, 3.26601730194e-06, 4.12921053794e-06, 4.08032701671e-06, 3.97047824663e-06, 3.9158776417e-06, 3.31521960106e-06, 4.93206152896e-06, 4.17235241912e-06, 2.86742351818e-06, 2.72836700788e-06, 2.05446121981e-06, 1.36031076181e-06, 1.25326971556e-06, 9.92946525002e-07, 5.79019172164e-07, 4.6458060865e-07, 3.62437731383e-07, 2.34175388414e-07, 1.82746703103e-07, 1.35381043265e-07, 8.11208877849e-08], "dmean2": [0.000775534426793, 0.000723837234545, 0.000257866428001, 0.000485979602672, 0.000272517878329, 0.000191504514078, 0.000170766928932, 0.000102100042568, 7.56919471314e-05, 6.99812662788e-05, 5.1320217608e-05, 3.6170516978e-05, 3.21807092405e-05, 3.41631675838e-05, 3.48889661836e-05, 2.35916486417e-05, 2.79456999124e-05, 2.32440088439e-05, 2.09153186006e-05, 1.66728823388e-05, 1.86766956176e-05, 1.89376096387e-05, 1.57123813551e-05, 1.53717846842e-05, 1.78361278813e-05, 3.33137941197e-05, 2.51410201599e-05, 1.39407620736e-05, 1.78128648258e-05, 2.05716823984e-05, 1.46113925439e-05, 1.4154591554e-05, 1.14419981401e-05, 1.23027002701e-05, 9.50900721364e-06, 6.93373567628e-06, 4.15617387262e-06, 3.47773880094e-06, 2.98244822261e-06, 1.7348251049e-06], "dmean": [0.000508145138156, 0.000460005947389, 0.000148828577949, 0.000269431504421, 0.00015906059707, 0.000120302669529, 0.000108314947283, 6.29699206911e-05, 4.79446789541e-05, 4.48269274784e-05, 3.23810345435e-05, 2.37049880525e-05, 2.0671321181e-05, 2.18861168833e-05, 2.24434188567e-05, 1.52700940816e-05, 1.82705898624e-05, 1.50186651808e-05, 1.34263164e-05, 1.0439855032e-05, 1.16448863992e-05, 1.15513621495e-05, 9.71302779362e-06, 9.69009306573e-06, 1.13545838758e-05, 1.94308468053e-05, 1.45713111124e-05, 8.92843218026e-06, 1.0965401998e-05, 1.29573736558e-05, 9.30647820496e-06, 9.42522729019e-06, 7.32575654183e-06, 7.56284043746e-06, 6.0971728999e-06, 4.50167362942e-06, 2.84937300421e-06, 2.37311178353e-06, 1.94010794985e-06, 1.20701020023e-06], "var": [2.71738235824e-06, 2.00705721909e-06, 1.18636158675e-07, 6.40532505258e-07, 1.86704454563e-07, 1.26645048226e-07, 1.27184250687e-07, 6.15642576918e-08, 3.95653962926e-08, 1.98334166868e-08, 2.0104177878e-08, 1.43784477658e-08, 1.21292300648e-08, 1.47860310662e-08, 2.21251319488e-08, 6.13621153889e-09, 1.21096386252e-08, 4.38626290844e-09, 4.09572509241e-09, 1.34548228115e-09, 1.82966453099e-09, 1.32008692866e-09, 7.25505266974e-10, 5.33722843699e-10, 8.96619667401e-10, 2.39802266933e-09, 1.30055288761e-09, 4.71185424011e-10, 7.34740601693e-10, 1.06356889962e-09, 5.77813574765e-10, 7.45596528962e-10, 4.85377016357e-10, 5.4668658489e-10, 4.70705696642e-10, 2.38495834193e-10, 1.12984829825e-10, 7.54228901556e-11, 4.21008401752e-11, 1.7208222694e-11], "dvar": [2.58590466728e-06, 1.69859231391e-06, 1.48801618138e-07, 1.02080628039e-06, 2.21731653482e-07, 5.91237920844e-08, 7.04953109221e-08, 3.97702279997e-08, 2.46233131662e-08, 1.02484785103e-08, 1.25407773055e-08, 1.04067767737e-08, 6.12961104096e-09, 1.11647091572e-08, 9.56302415034e-09, 2.16817497289e-09, 4.32959801344e-09, 1.73648517787e-09, 1.21785426188e-09, 6.18014361908e-10, 9.20876264132e-10, 6.74904854225e-10, 4.98158680973e-10, 4.55584181491e-10, 6.04006622495e-10, 3.2179476861e-09, 1.86917525902e-09, 4.05025180061e-10, 7.59551144203e-10, 1.16824350194e-09, 5.94450710878e-10, 5.9492816229e-10, 4.43641123837e-10, 6.67583710534e-10, 4.57946319754e-10, 2.44977232944e-10, 8.22820006574e-11, 6.28202420638e-11, 4.03389474601e-11, 1.51330961651e-11], "mean": [0.000489014491905, 0.000546804163605, 0.000177389738383, 0.000215899650357, 0.00017634316464, 0.000181729817996, 0.000151306609041, 8.67688795552e-05, 7.04078775016e-05, 6.39485515421e-05, 4.54210421594e-05, 3.40540973411e-05, 3.22848463838e-05, 3.2861946238e-05, 3.61019483535e-05, 2.46032177529e-05, 3.04020904878e-05, 2.31525591516e-05, 2.14737792703e-05, 1.55468005687e-05, 1.76804096554e-05, 1.65876153915e-05, 1.38086670631e-05, 1.27314824567e-05, 1.40461570481e-05, 1.99675960175e-05, 1.51858230311e-05, 1.06785573735e-05, 1.18530597319e-05, 1.24193238662e-05, 9.18923251447e-06, 9.84948837868e-06, 7.4667800618e-06, 6.6768002398e-06, 5.8576547417e-06, 4.11591963712e-06, 3.10243854074e-06, 2.42466694544e-06, 1.80355027624e-06, 1.16203545986e-06]}, "spectral_entropy": {"min": 4.64229726791, "max": 9.82592105865, "dvar2": 0.161998853087, "median": 7.8410153389, "dmean2": 0.317320257425, "dmean": 0.218966394663, "var": 0.25086954236, "dvar": 0.0823499262333, "mean": 7.7748003006}, "spectral_rolloff": {"min": 21.533203125, "max": 19702.8808594, "dvar2": 5668760.5, "median": 2347.11914062, "dmean2": 1790.24804688, "dmean": 1119.48828125, "var": 7036737, "dvar": 2804037.75, "mean": 2787.54321289}, "barkbands": {"min": [7.22866823346e-25, 2.08097128619e-24, 1.42577536718e-24, 1.08563234992e-24, 1.09156600387e-23, 2.28110865051e-24, 6.88509751696e-24, 6.19485132464e-24, 2.20862057691e-23, 1.16175024864e-23, 1.42153665977e-23, 2.8302890397e-23, 3.06862442955e-23, 3.57122885374e-23, 5.94308305352e-23, 5.4626800151e-23, 6.64915521555e-23, 7.92420119408e-23, 1.19915995758e-22, 1.86926990732e-22, 2.19904456283e-22, 2.90963077628e-22, 3.75672703436e-22, 6.36738482871e-22, 8.08498265859e-22, 1.22494967598e-21, 1.94728130887e-21], "max": [0.00115218397696, 0.053944952786, 0.0327525027096, 0.00684845773503, 0.0367306619883, 0.0246497839689, 0.0294597316533, 0.036696061492, 0.0253434423357, 0.020052658394, 0.0199028607458, 0.0365718118846, 0.0188225694001, 0.0285689104348, 0.0241190809757, 0.0128760207444, 0.0128880124539, 0.00646052369848, 0.0153866680339, 0.00618922291324, 0.00998427998275, 0.00997232738882, 0.0102339535952, 0.00575590087101, 0.00391206238419, 0.00124998146202, 0.000108078340418], "dvar2": [1.88187332384e-08, 6.00383427809e-05, 2.12650720641e-05, 9.38412256346e-07, 4.762368917e-05, 3.67950019609e-06, 4.07357265431e-06, 2.00483191293e-06, 1.57181671057e-06, 1.39886662964e-06, 8.32929458738e-07, 1.67227744896e-06, 6.97443852005e-07, 8.30570684229e-07, 3.33063184144e-07, 3.13350483339e-07, 3.80791902899e-07, 5.21965489497e-07, 3.2468929021e-06, 1.52417055688e-06, 4.16825560023e-06, 2.69980000667e-06, 3.17866420119e-06, 8.29747250464e-07, 3.33516879891e-07, 2.12070592198e-08, 3.25845878058e-10], "median": [3.13487689709e-05, 0.000313495693263, 0.000258083979134, 9.10658709472e-05, 0.000258997664787, 0.000208979734452, 0.000125101447338, 6.33004965493e-05, 9.35502030188e-05, 4.48598948424e-05, 3.02512835333e-05, 4.10104330513e-05, 3.99974887841e-05, 4.30749860243e-05, 5.07377626491e-05, 5.49254546058e-05, 7.52751730033e-05, 8.67734634085e-05, 0.00011400229414, 0.000106119397969, 9.04124099179e-05, 5.81824861001e-05, 3.01620057144e-05, 1.85062199307e-05, 8.76063677424e-06, 6.24956783213e-06, 6.11484665569e-07], "dmean2": [6.56479242025e-05, 0.00266861054115, 0.00156552239787, 0.000399427925004, 0.00208313087933, 0.000973693502601, 0.000806197116617, 0.000423546065576, 0.000468135200208, 0.000319619401125, 0.000237977888901, 0.000309332739562, 0.00026718704612, 0.000288064416964, 0.000277688988717, 0.000252199912211, 0.000307556503685, 0.000323972402839, 0.000684662954882, 0.00051952037029, 0.000779423222411, 0.000653534603771, 0.000560914748348, 0.000306625501253, 0.000190124905203, 8.41055662022e-05, 9.38623179536e-06], "dmean": [4.22275079472e-05, 0.00179422076326, 0.000900822225958, 0.000226510121138, 0.00117461953778, 0.000600136932917, 0.000500773545355, 0.000265308481175, 0.000303720706142, 0.00020394877356, 0.000150853345986, 0.000199538029847, 0.000170571001945, 0.000187036930583, 0.000178022863111, 0.000155698988237, 0.000190152728464, 0.00020257543656, 0.000411594694015, 0.000318148202496, 0.000485364405904, 0.00042890876648, 0.000360591890058, 0.000210162150324, 0.00012827370665, 5.91380085098e-05, 6.10002416579e-06], "var": [9.93536364291e-09, 3.53272298526e-05, 5.40575638297e-06, 2.65324814563e-07, 1.1363226804e-05, 2.98242389363e-06, 2.85778060061e-06, 1.02506021449e-06, 1.11492693122e-06, 8.77506352026e-07, 6.12980272763e-07, 1.42910232626e-06, 8.28096574423e-07, 1.12754526072e-06, 6.04596550602e-07, 2.68589587904e-07, 3.73652795815e-07, 2.45596140758e-07, 1.07001721972e-06, 5.69345331769e-07, 1.47952653151e-06, 1.60285446782e-06, 1.50100981955e-06, 5.95263031755e-07, 1.75954724568e-07, 1.73918976998e-08, 1.58579802068e-10], "dvar": [8.55264392641e-09, 3.01644267893e-05, 7.62796071285e-06, 3.29593149218e-07, 1.72639302036e-05, 1.50125458731e-06, 1.67432381204e-06, 7.91454681348e-07, 6.27620408977e-07, 5.9682815845e-07, 3.47969717041e-07, 7.28108318526e-07, 3.12481688525e-07, 3.92865558752e-07, 1.74665416353e-07, 1.3646301511e-07, 1.68645726717e-07, 2.11379727943e-07, 1.20493939448e-06, 5.99099564624e-07, 1.67300242992e-06, 1.34755816816e-06, 1.47512810145e-06, 4.66982612579e-07, 1.60949923611e-07, 1.23019781029e-08, 1.44482439901e-10], "mean": [6.04897140875e-05, 0.00184030015953, 0.000871078751516, 0.000252733181696, 0.00101638550404, 0.000877450918779, 0.000656689167954, 0.000361586950021, 0.000447917729616, 0.000286770227831, 0.000223730137805, 0.000310194096528, 0.00026867602719, 0.000306954869302, 0.000288460112642, 0.00022573073511, 0.000294818222756, 0.000271355122095, 0.00045852191397, 0.00037724422873, 0.000473929336295, 0.000445090787252, 0.000346596527379, 0.000220795933274, 0.000119663134683, 6.25839093118e-05, 5.48998741579e-06]}, "melbands_flatness_db": {"min": 0.00301470467821, "max": 0.586470901966, "dvar2": 0.00401693116874, "median": 0.149098411202, "dmean2": 0.0566060692072, "dmean": 0.0388382300735, "var": 0.00691484380513, "dvar": 0.00186107563786, "mean": 0.166117444634}, "melbands_skewness": {"min": -3.53278970718, "max": 22.9341831207, "dvar2": 3.63956809044, "median": 2.13739967346, "dmean2": 1.61283814907, "dmean": 1.07704746723, "var": 4.78183984756, "dvar": 1.60618913174, "mean": 2.64218330383}, "barkbands_skewness": {"min": -6.0352025032, "max": 17.1033992767, "dvar2": 1.87203776836, "median": 0.868863284588, "dmean2": 1.17452943325, "dmean": 0.797647178173, "var": 2.43881130219, "dvar": 0.851844727993, "mean": 1.14896512032}, "silence_rate_60dB": {"min": 0, "max": 1, "dvar2": 0.185266450047, "median": 0, "dmean2": 0.201649859548, "dmean": 0.100813381374, "var": 0.206621319056, "dvar": 0.0906616970897, "mean": 0.291752576828}, "spectral_energyband_low": {"min": 9.78825158744e-24, "max": 0.058897793293, "dvar2": 6.27954650554e-05, "median": 0.00083670951426, "dmean2": 0.0032393373549, "dmean": 0.00214500376023, "var": 5.34241844434e-05, "dvar": 3.50373229594e-05, "mean": 0.00292336242273}, "spectral_energyband_middle_low": {"min": 1.63325244324e-22, "max": 0.0476894155145, "dvar2": 7.77516834205e-05, "median": 0.00193463731557, "dmean2": 0.00387740018778, "dmean": 0.00235656788573, "var": 3.11800904456e-05, "dvar": 2.94712535833e-05, "mean": 0.00372131937183}, "melbands_kurtosis": {"min": -1.89928281307, "max": 619.367797852, "dvar2": 1593.80383301, "median": 5.1512093544, "dmean2": 18.1558570862, "dmean": 11.7072792053, "var": 1077.44812012, "dvar": 656.933166504, "mean": 16.2512626648}, "spectral_decrease": {"min": -2.29274412789e-08, "max": 1.66587583697e-28, "dvar2": 1.15956345481e-17, "median": -1.35697253434e-09, "dmean2": 1.94799465447e-09, "dmean": 1.29140542704e-09, "var": 1.01806494661e-17, "dvar": 5.67323725635e-18, "mean": -2.52693777014e-09}, "erbbands_kurtosis": {"min": -1.84911429882, "max": 140.050613403, "dvar2": 41.0705528259, "median": -0.00214028358459, "dmean2": 2.99902248383, "dmean": 1.87279474735, "var": 24.4582443237, "dvar": 16.9624786377, "mean": 1.32568287849}, "melbands_crest": {"min": 1.62541890144, "max": 37.2467575073, "dvar2": 36.1036643982, "median": 12.7392578125, "dmean2": 6.76627111435, "dmean": 4.07728767395, "var": 35.1656761169, "dvar": 14.2578954697, "mean": 13.6541204453}, "gfcc": {"cov": [[24288.9804688, -939.854980469, -2377.28613281, 15.1151723862, -1195.5333252, 148.706542969, -444.042419434, 263.561187744, -346.392791748, 190.516601562, -258.830535889, -50.9104652405, -216.27406311], [-939.854980469, 1611.55456543, -224.54776001, 54.2658195496, 151.749404907, -93.0121841431, 117.34954071, -92.0178833008, 95.5157546997, -95.0517120361, 90.3893661499, -61.9613304138, 44.327835083], [-2377.28613281, -224.54776001, 1870.0612793, 273.235626221, 205.283370972, -50.1201972961, 1.38091850281, 20.215681076, -81.9077453613, 12.0924243927, -88.4871063232, 136.368804932, -66.8284072876], [15.1151723862, 54.2658195496, 273.235626221, 769.126281738, 191.796951294, -35.7479362488, 35.302444458, 41.6110420227, 35.6640777588, -70.4274673462, -43.5649414062, -1.82120704651, 14.2691383362], [-1195.5333252, 151.749404907, 205.283370972, 191.796951294, 691.528869629, 78.6936340332, 117.924835205, 96.9640426636, 9.38266181946, 0.875922858715, -96.3661956787, -19.4492301941, -52.0538825989], [148.706542969, -93.0121841431, -50.1201972961, -35.7479362488, 78.6936340332, 313.208587646, 117.293495178, 47.8900909424, 3.67551922798, 36.6894569397, 1.47380852699, -44.8373069763, -29.5597629547], [-444.042419434, 117.34954071, 1.38091850281, 35.302444458, 117.924835205, 117.293495178, 235.902328491, 47.8250808716, 33.5731506348, 5.25772714615, 0.371194541454, -6.18387937546, -15.6528091431], [263.561187744, -92.0178833008, 20.215681076, 41.6110420227, 96.9640426636, 47.8900909424, 47.8250808716, 165.528717041, 37.0357589722, 28.5437107086, -34.2141952515, 9.21726226807, -7.18795585632], [-346.392791748, 95.5157546997, -81.9077453613, 35.6640777588, 9.38266181946, 3.67551922798, 33.5731506348, 37.0357589722, 132.586669922, 20.3385848999, 26.1887607574, -10.4744796753, 15.4583482742], [190.516601562, -95.0517120361, 12.0924243927, -70.4274673462, 0.875922858715, 36.6894569397, 5.25772714615, 28.5437107086, 20.3385848999, 112.148422241, 30.1630764008, 19.9915485382, -17.6526641846], [-258.830535889, 90.3893661499, -88.4871063232, -43.5649414062, -96.3661956787, 1.47380852699, 0.371194541454, -34.2141952515, 26.1887607574, 30.1630764008, 121.509635925, 23.071023941, 28.3725986481], [-50.9104652405, -61.9613304138, 136.368804932, -1.82120704651, -19.4492301941, -44.8373069763, -6.18387937546, 9.21726226807, -10.4744796753, 19.9915485382, 23.071023941, 101.640342712, 23.3210487366], [-216.27406311, 44.327835083, -66.8284072876, 14.2691383362, -52.0538825989, -29.5597629547, -15.6528091431, -7.18795585632, 15.4583482742, -17.6526641846, 28.3725986481, 23.3210487366, 90.4075698853]], "icov": [[8.51531804074e-05, -5.02382717968e-05, 0.000159512739629, -0.000137374765472, 0.000229835684877, -0.000112799505587, 0.000164931916515, -0.000212047467357, 0.000307595793856, -0.000274182646535, 0.000386053841794, -0.000254909857176, 0.00031354665407], [-5.02382717968e-05, 0.0009454843821, -7.62904528528e-05, 0.000176050700247, -0.000521231384482, 0.000593687582295, -0.000667723128572, 0.000568838848267, -0.000669548870064, 0.000943246181123, -0.00122148334049, 0.000836143910419, -0.00037800980499], [0.000159512739629, -7.62904528528e-05, 0.00102545588743, -0.000512781436555, 0.000326191366185, -0.000246853072895, 0.000343648483977, -0.000180893868674, 0.000772231200244, -0.000625033804681, 0.00119740131777, -0.00171033630613, 0.0012214765884], [-0.000137374765472, 0.000176050700247, -0.000512781436555, 0.00187473930418, -0.000787301163655, 0.000418445502874, -0.000368130858988, 7.13103800081e-05, -0.00111869361717, 0.00164462614339, -0.000831750920042, 0.000716134207323, -0.000875737983733], [0.000229835684877, -0.000521231384482, 0.000326191366185, -0.000787301163655, 0.00277529400773, -0.000633252901025, -5.92702199356e-05, -0.00126651022583, 0.00104319897946, -0.00138311483897, 0.00263647991233, -0.000828943389934, 0.0013886714587], [-0.000112799505587, 0.000593687582295, -0.000246853072895, 0.000418445502874, -0.000633252901025, 0.00524216145277, -0.00276087084785, -0.000518015527632, 0.00058264558902, -0.000766625918914, -0.00188552564941, 0.00347566278651, -0.000533404410817], [0.000164931916515, -0.000667723128572, 0.000343648483977, -0.000368130858988, -5.92702199356e-05, -0.00276087084785, 0.00673383194953, -0.0013172387844, -0.000583444023505, 0.000407887622714, 0.000597202917561, -0.00215991889127, 0.00170752918348], [-0.000212047467357, 0.000568838848267, -0.000180893868674, 7.13103800081e-05, -0.00126651022583, -0.000518015527632, -0.0013172387844, 0.00945543497801, -0.003506956622, -0.00122905266471, 0.00230082892813, -0.0012574683642, -0.00134406762663], [0.000307595793856, -0.000669548870064, 0.000772231200244, -0.00111869361717, 0.00104319897946, 0.00058264558902, -0.000583444023505, -0.003506956622, 0.0114941364154, -0.00345121882856, -0.000624569715001, 0.00157801993191, -0.000627431203611], [-0.000274182646535, 0.000943246181123, -0.000625033804681, 0.00164462614339, -0.00138311483897, -0.000766625918914, 0.000407887622714, -0.00122905266471, -0.00345121882856, 0.0147984093055, -0.00584907038137, -0.00175427889917, 0.00285364175215], [0.000386053841794, -0.00122148334049, 0.00119740131777, -0.000831750920042, 0.00263647991233, -0.00188552564941, 0.000597202917561, 0.00230082892813, -0.000624569715001, -0.00584907038137, 0.0160776805133, -0.00499083567411, -0.00106687424704], [-0.000254909857176, 0.000836143910419, -0.00171033630613, 0.000716134207323, -0.000828943389934, 0.00347566278651, -0.00215991889127, -0.0012574683642, 0.00157801993191, -0.00175427889917, -0.00499083567411, 0.0168095137924, -0.00559404166415], [0.00031354665407, -0.00037800980499, 0.0012214765884, -0.000875737983733, 0.0013886714587, -0.000533404410817, 0.00170752918348, -0.00134406762663, -0.000627431203611, 0.00285364175215, -0.00106687424704, -0.00559404166415, 0.0162937790155]], "mean": [-71.5795898438, 54.4676513672, -111.265838623, 43.1480674744, -59.5017585754, 3.73937630653, -32.3760604858, 6.50743722916, -21.0531921387, 8.17794895172, -14.7451715469, 4.18343162537, -12.8936710358]}, "melbands_spread": {"min": 0.374734550714, "max": 277.129150391, "dvar2": 1599.8482666, "median": 31.837146759, "dmean2": 28.6595859528, "dmean": 18.3043498993, "var": 1232.5177002, "dvar": 690.500549316, "mean": 40.6431236267}, "spectral_energy": {"min": 9.9061566884e-21, "max": 0.0909412428737, "dvar2": 0.000242930807872, "median": 0.00582473073155, "dmean2": 0.00881705619395, "dmean": 0.0058933692053, "var": 0.000217723470996, "dvar": 0.000123472200357, "mean": 0.0113712362945}, "mfcc": {"cov": [[15248.4648438, -755.884399414, -1445.06494141, -298.531402588, -667.104187012, -186.940567017, -219.822540283, -89.5738220215, -82.2172317505, 179.63142395, -10.7879495621, -79.4809265137, 58.4568138123], [-755.884399414, 1420.01733398, -88.7815093994, 46.9514884949, 54.6428756714, 17.7606220245, 35.040473938, 3.1495051384, -9.04582595825, -4.64169168472, 10.6348686218, 15.8041067123, -12.9255981445], [-1445.06494141, -88.7815093994, 1282.92431641, 272.93460083, 83.8060302734, 16.9824867249, -4.97654628754, 6.79958343506, -52.7455978394, -94.9838256836, -12.3866281509, -5.82948255539, -38.1129684448], [-298.531402588, 46.9514884949, 272.93460083, 776.557800293, 256.458587646, 43.7634086609, 12.1172962189, 105.426811218, 76.2484664917, -51.5183029175, -21.9114780426, 23.8197593689, -44.5254592896], [-667.104187012, 54.6428756714, 83.8060302734, 256.458587646, 423.234619141, 76.9273223877, 91.1120605469, 56.6827392578, 103.486579895, 3.62936377525, 12.5265026093, 25.4299583435, -27.1302623749], [-186.940567017, 17.7606220245, 16.9824867249, 43.7634086609, 76.9273223877, 220.254150391, 119.620483398, 56.2679862976, 34.753616333, 44.9293289185, 34.0065612793, 2.42616581917, -5.53179216385], [-219.822540283, 35.040473938, -4.97654628754, 12.1172962189, 91.1120605469, 119.620483398, 204.317855835, 78.111618042, 57.8207550049, 33.5406532288, 40.8436546326, -9.39413642883, 1.94985222816], [-89.5738220215, 3.1495051384, 6.79958343506, 105.426811218, 56.6827392578, 56.2679862976, 78.111618042, 143.548919678, 86.443321228, 20.3772716522, 14.7819519043, 13.1807346344, -0.665343046188], [-82.2172317505, -9.04582595825, -52.7455978394, 76.2484664917, 103.486579895, 34.753616333, 57.8207550049, 86.443321228, 155.185317993, 49.4261245728, 19.9482860565, 16.7613201141, 4.24595451355], [179.63142395, -4.64169168472, -94.9838256836, -51.5183029175, 3.62936377525, 44.9293289185, 33.5406532288, 20.3772716522, 49.4261245728, 109.772148132, 44.2846069336, 1.27835667133, 7.79863357544], [-10.7879495621, 10.6348686218, -12.3866281509, -21.9114780426, 12.5265026093, 34.0065612793, 40.8436546326, 14.7819519043, 19.9482860565, 44.2846069336, 97.3090896606, 33.6398353577, 7.97704410553], [-79.4809265137, 15.8041067123, -5.82948255539, 23.8197593689, 25.4299583435, 2.42616581917, -9.39413642883, 13.1807346344, 16.7613201141, 1.27835667133, 33.6398353577, 96.1191711426, 31.633430481], [58.4568138123, -12.9255981445, -38.1129684448, -44.5254592896, -27.1302623749, -5.53179216385, 1.94985222816, -0.665343046188, 4.24595451355, 7.79863357544, 7.97704410553, 31.633430481, 80.6437683105]], "icov": [[8.36753824842e-05, 4.61637064291e-05, 9.47417356656e-05, -6.10760471318e-05, 0.000117911600682, 3.53366558556e-05, 2.42280402745e-05, 2.8628637665e-06, 4.81511633552e-05, -0.000127963197883, -3.8044959183e-06, 5.03681185364e-05, -1.02130470623e-05], [4.61637064291e-05, 0.000748403545003, 0.000130435466417, -8.78544597072e-05, -7.71338727645e-06, 5.95582714595e-05, -0.000178286703886, 3.60359263141e-05, 0.000226659642067, -5.8203106164e-05, -5.67574716115e-06, -0.000168443089933, 0.000166057929164], [9.47417356656e-05, 0.000130435466417, 0.00102778896689, -0.000352547271177, 5.49702781427e-05, -9.09854570637e-05, 4.66437668365e-05, -6.09405578871e-05, 0.000426330196206, 0.00054686277872, -0.000356528122211, 0.000206723532756, 0.000132789820782], [-6.10760471318e-05, -8.78544597072e-05, -0.000352547271177, 0.00210682116449, -0.00116182188503, -0.00033189333044, 0.000963442260399, -0.00153690821026, -0.000152722655912, 0.000911704730242, 0.000161231262609, -0.000182720090379, 0.000552801182494], [0.000117911600682, -7.71338727645e-06, 5.49702781427e-05, -0.00116182188503, 0.00419144053012, -0.000427601044066, -0.00164402311202, 0.00190368085168, -0.00257852906361, 0.00039746199036, 0.000449959770776, -0.00126523629297, 0.00128313386813], [3.53366558556e-05, 5.95582714595e-05, -9.09854570637e-05, -0.00033189333044, -0.000427601044066, 0.007425845135, -0.00387224648148, -0.000924116407987, 0.00168323423713, -0.00289491284639, 0.000339902762789, -0.00083202571841, 0.000693287583999], [2.42280402745e-05, -0.000178286703886, 4.66437668365e-05, 0.000963442260399, -0.00164402311202, -0.00387224648148, 0.0102352462709, -0.00403678556904, -0.000412408728153, 0.0014371520374, -0.00361361727118, 0.0038272566162, -0.00185273645911], [2.8628637665e-06, 3.60359263141e-05, -6.09405578871e-05, -0.00153690821026, 0.00190368085168, -0.000924116407987, -0.00403678556904, 0.0139680076391, -0.00681343721226, 0.000865011068527, 0.000853999692481, -0.00180740712676, 0.000815809937194], [4.81511633552e-05, 0.000226659642067, 0.000426330196206, -0.000152722655912, -0.00257852906361, 0.00168323423713, -0.000412408728153, -0.00681343721226, 0.013733192347, -0.00551596609876, 0.000997293973342, -0.000863405468408, -0.000629272311926], [-0.000127963197883, -5.8203106164e-05, 0.00054686277872, 0.000911704730242, 0.00039746199036, -0.00289491284639, 0.0014371520374, 0.000865011068527, -0.00551596609876, 0.015996163711, -0.00665025925264, 0.00313078984618, -0.00107396708336], [-3.8044959183e-06, -5.67574716115e-06, -0.000356528122211, 0.000161231262609, 0.000449959770776, 0.000339902762789, -0.00361361727118, 0.000853999692481, 0.000997293973342, -0.00665025925264, 0.0166332833469, -0.00721593527123, 0.00196729926392], [5.03681185364e-05, -0.000168443089933, 0.000206723532756, -0.000182720090379, -0.00126523629297, -0.00083202571841, 0.0038272566162, -0.00180740712676, -0.000863405468408, 0.00313078984618, -0.00721593527123, 0.0163150746375, -0.00660016480833], [-1.02130470623e-05, 0.000166057929164, 0.000132789820782, 0.000552801182494, 0.00128313386813, 0.000693287583999, -0.00185273645911, 0.000815809937194, -0.000629272311926, -0.00107396708336, 0.00196729926392, -0.00660016480833, 0.0158643424511]], "mean": [-707.651977539, 83.5503616333, 2.75880002975, 35.7800369263, -3.37757968903, 4.94178724289, -3.40136957169, 0.0795896574855, -2.64103746414, 2.25012898445, 0.793570876122, 1.41479051113, -0.064963079989]}, "spectral_contrast_valleys": {"min": [-28.0389900208, -27.9075946808, -27.8675556183, -27.7813873291, -27.5144691467, -27.4660568237], "max": [-5.60365390778, -5.00916194916, -5.03468608856, -5.71512889862, -5.25514936447, -7.23289346695], "dvar2": [0.415776669979, 0.553953051567, 0.635104060173, 0.653912723064, 0.811537861824, 0.858040809631], "median": [-7.91452407837, -7.47049999237, -8.15986633301, -8.35762214661, -7.63586330414, -10.3069229126], "dmean2": [0.743280291557, 0.745226025581, 0.731422662735, 0.69570016861, 0.656081080437, 0.781224429607], "dmean": [0.48683527112, 0.480624258518, 0.487089157104, 0.48166257143, 0.480097532272, 0.581942975521], "var": [3.98484706879, 4.3274731636, 4.27936029434, 4.26385068893, 4.48673439026, 4.00263404846], "dvar": [0.206276908517, 0.279470354319, 0.315663158894, 0.33503356576, 0.434525460005, 0.507945716381], "mean": [-8.3202457428, -7.80688095093, -8.45935821533, -8.62988471985, -7.99883317947, -10.5817537308]}, "barkbands_flatness_db": {"min": 0.0169197861105, "max": 0.43319734931, "dvar2": 0.00224485201761, "median": 0.0988285839558, "dmean2": 0.042901314795, "dmean": 0.0292053949088, "var": 0.00330854603089, "dvar": 0.00102456868626, "mean": 0.112810775638}, "dynamic_complexity": 5.59647083282, "erbbands_flatness_db": {"min": 0.0322775244713, "max": 0.361911863089, "dvar2": 0.00121592299547, "median": 0.143370643258, "dmean2": 0.0350525304675, "dmean": 0.024189889431, "var": 0.00208415673114, "dvar": 0.00059682445135, "mean