{"lowlevel": {"spectral_complexity": {"min": 0, "max": 64, "dvar2": 48.8889503479, "median": 16, "dmean2": 6.04390048981, "dmean": 4.38899612427, "var": 201.919586182, "dvar": 31.0033092499, "mean": 19.2234745026}, "silence_rate_20dB": {"min": 1, "max": 1, "dvar2": 0, "median": 1, "dmean2": 0, "dmean": 0, "var": 0, "dvar": 0, "mean": 1}, "average_loudness": 0.935901761055, "erbbands_spread": {"min": 2.55530071259, "max": 177.950317383, "dvar2": 326.246276855, "median": 47.0305480957, "dmean2": 15.1763553619, "dmean": 9.94187927246, "var": 491.352630615, "dvar": 135.279327393, "mean": 49.5042800903}, "spectral_kurtosis": {"min": -1.17440807819, "max": 29.1818962097, "dvar2": 2.29010677338, "median": 2.19128322601, "dmean2": 1.24748766422, "dmean": 0.757801055908, "var": 2.22416424751, "dvar": 0.851769328117, "mean": 2.37738513947}, "barkbands_kurtosis": {"min": -1.96937191486, "max": 2206.76660156, "dvar2": 1539.79309082, "median": 0.89487195015, "dmean2": 7.57649898529, "dmean": 5.02437257767, "var": 3596.16430664, "dvar": 860.796630859, "mean": 8.33022689819}, "spectral_strongpeak": {"min": 0, "max": 18.1755580902, "dvar2": 1.07768952847, "median": 0.312543272972, "dmean2": 0.583486199379, "dmean": 0.345737218857, "var": 0.803372383118, "dvar": 0.418269813061, "mean": 0.645156681538}, "spectral_spread": {"min": 1526908.5, "max": 17999274, "dvar2": 1240231313410.0, "median": 5167364, "dmean2": 869805.4375, "dmean": 621689.375, "var": 2833884905470.0, "dvar": 650041753600, "mean": 5436875.5}, "spectral_rms": {"min": 1.31687397698e-06, "max": 0.0121998433024, "dvar2": 2.08554934034e-06, "median": 0.00410005031154, "dmean2": 0.00100897776429, "dmean": 0.000724741141312, "var": 4.33535797129e-06, "dvar": 1.02930471257e-06, "mean": 0.00426689069718}, "erbbands": {"min": [2.69690598742e-08, 1.00321855712e-07, 9.74060583303e-08, 3.60130002264e-07, 4.24130774945e-07, 3.24830949694e-07, 1.41644562746e-07, 5.10946769339e-08, 1.70751857098e-08, 7.7795156983e-08, 2.31442641052e-07, 6.77631746271e-08, 1.35505686671e-07, 1.17362070284e-07, 2.84397401629e-07, 2.55066765931e-07, 1.39728129511e-07, 1.76069079316e-07, 1.30652324515e-07, 9.45146609865e-08, 1.11003195968e-07, 3.38981749337e-07, 1.66935521406e-07, 4.69093606625e-07, 3.02743671909e-07, 1.75585270767e-07, 3.52705342266e-07, 3.7636181105e-07, 5.15364604325e-07, 1.3267168697e-07, 2.44601068289e-07, 1.62171602369e-07, 6.06072063647e-08, 7.18125150456e-08, 7.81777984571e-08, 3.92513435088e-08, 2.44535964811e-08, 5.6717983199e-08, 3.69156150093e-09, 2.61206750674e-10], "max": [4.5916261673, 30.935585022, 79.8697891235, 44.7451095581, 142.508087158, 115.26663208, 136.711593628, 273.803619385, 490.443634033, 1258.40844727, 1634.2902832, 1776.89379883, 950.156494141, 891.615966797, 650.166564941, 718.674560547, 684.534729004, 1145.74536133, 595.685852051, 617.504699707, 359.74407959, 471.701049805, 342.91494751, 292.156555176, 319.006988525, 509.164337158, 390.555389404, 382.216918945, 227.794662476, 558.926696777, 280.917724609, 126.288619995, 94.4056930542, 52.8623847961, 58.8153572083, 11.6585969925, 6.11897706985, 8.45932483673, 0.256526678801, 0.00462872441858], "dvar2": [0.23727966845, 14.3733549118, 60.7916908264, 46.4467964172, 154.353713989, 109.587028503, 110.046188354, 831.273254395, 1033.26379395, 2723.39013672, 2861.38574219, 5843.24511719, 2165.06274414, 1850.87402344, 737.992675781, 3248.05566406, 1575.22607422, 1953.42651367, 1456.01574707, 1639.68188477, 811.585327148, 562.665100098, 844.954772949, 685.067626953, 1107.81835938, 990.331054688, 1268.47717285, 736.712219238, 298.436065674, 370.874450684, 229.702407837, 101.903747559, 81.6489028931, 8.95390033722, 5.08225297928, 1.08478724957, 0.480227321386, 0.0410365797579, 0.000212114013266, 1.06919486598e-07], "median": [0.0850338712335, 0.615861415863, 0.831715464592, 0.80718755722, 1.47670817375, 2.23638677597, 1.94819402695, 2.46049118042, 4.60001945496, 6.70138835907, 7.81354808807, 6.27711963654, 5.70052242279, 5.37541103363, 4.85598707199, 4.33115053177, 4.17458820343, 5.09249210358, 6.94960832596, 6.13684082031, 5.18367385864, 6.85956430435, 11.1394004822, 9.16683197021, 8.70660877228, 10.7156419754, 7.3405714035, 5.56328821182, 6.1176571846, 4.90727519989, 3.29125142097, 2.1012032032, 1.35349154472, 0.420764327049, 0.166640952229, 0.0684637725353, 0.0251829531044, 0.00351903960109, 0.000274551421171, 4.32250963058e-05], "dmean2": [0.178981289268, 1.21491873264, 2.86272215843, 3.41181373596, 5.33753108978, 5.08174657822, 4.79921722412, 10.9391775131, 15.1236104965, 22.2426681519, 22.317150116, 28.0912475586, 20.5499858856, 18.3689403534, 13.6281023026, 21.5272464752, 15.3289442062, 15.6019849777, 19.3697605133, 19.5897636414, 12.8843412399, 12.6930246353, 17.7455005646, 14.6157360077, 15.6544914246, 17.2589511871, 16.2861194611, 11.7473497391, 9.09424209595, 8.38747501373, 6.90295934677, 4.90171289444, 4.02894687653, 1.34937942028, 0.858979642391, 0.444365084171, 0.257729381323, 0.042002543807, 0.00392678426579, 0.000121660508739], "dmean": [0.127428472042, 0.751626908779, 1.64308953285, 1.99858617783, 3.25589728355, 3.05940651894, 2.87173247337, 6.7281255722, 9.48271656036, 14.2089748383, 14.3074035645, 18.2001953125, 13.4135789871, 11.6917057037, 8.71314430237, 13.1740598679, 9.81467151642, 9.9493598938, 12.6905851364, 12.7140655518, 8.35175991058, 8.20480632782, 11.4463710785, 9.70651817322, 10.1530418396, 11.6267108917, 11.1818532944, 8.28567218781, 6.31285762787, 5.93921136856, 4.80450201035, 3.47440743446, 2.73991847038, 0.93483966589, 0.575977146626, 0.299032449722, 0.169734790921, 0.0268873199821, 0.00250067911111, 8.15712410258e-05], "var": [0.332056164742, 6.60246324539, 17.2978839874, 19.9253997803, 69.0460357666, 49.7511825562, 59.5024108887, 396.50213623, 740.069641113, 2755.93554688, 2521.69042969, 7034.40136719, 2295.17456055, 2076.02856445, 917.167724609, 1763.8380127, 1334.58361816, 1309.28894043, 1615.32568359, 1517.26196289, 631.542907715, 584.13671875, 861.844909668, 703.692199707, 898.942810059, 1593.73254395, 1250.34313965, 670.974914551, 387.001861572, 318.029174805, 201.85295105, 101.355453491, 51.7753868103, 8.51326751709, 3.60240387917, 0.699094474316, 0.212651222944, 0.0153200086206, 7.49537284719e-05, 4.86730193927e-08], "dvar": [0.112005740404, 5.42268562317, 21.8215122223, 17.9318695068, 62.5726509094, 41.5058670044, 40.8095054626, 327.586547852, 421.114898682, 1122.35302734, 1166.77636719, 2451.3840332, 996.231323242, 783.547607422, 329.776702881, 1238.48510742, 659.482421875, 734.475219727, 627.572875977, 690.353088379, 342.30859375, 243.81842041, 369.504486084, 325.232055664, 467.800842285, 475.480804443, 604.449035645, 385.325775146, 159.942642212, 183.857223511, 113.785957336, 52.5539627075, 36.4130249023, 4.36917734146, 2.33201813698, 0.480340868235, 0.203122466803, 0.015639366582, 8.44263631734e-05, 4.54370088221e-08], "mean": [0.329256415367, 1.40629982948, 2.08803248405, 2.40321326256, 4.06953525543, 4.47599554062, 4.44361591339, 9.12445735931, 14.5133180618, 23.0364818573, 25.39585495, 31.5092906952, 23.1120986938, 20.9204425812, 15.8101739883, 19.2544155121, 16.3496437073, 17.2876567841, 22.9462146759, 21.6922073364, 14.8855066299, 15.9832391739, 22.2965602875, 19.0145797729, 19.483165741, 24.9629859924, 20.5252323151, 14.0527305603, 13.1738882065, 10.8534755707, 8.17042541504, 5.5405459404, 3.84111142159, 1.3623752594, 0.736615121365, 0.353601962328, 0.175021409988, 0.0275777224451, 0.00233544898219, 0.000106053674244]}, "zerocrossingrate": {"min": 0.001953125, "max": 0.5419921875, "dvar2": 0.000401147059165, "median": 0.0732421875, "dmean2": 0.0179507900029, "dmean": 0.01583731547, "var": 0.00225099991076, "dvar": 0.00034045643406, "mean": 0.0818352028728}, "spectral_contrast_coeffs": {"min": [-0.983474314213, -0.947683215141, -0.963486075401, -0.952050626278, -0.927934348583, -0.895714342594], "max": [-0.30232411623, -0.271580189466, -0.429108351469, -0.483767420053, -0.556827247143, -0.558157145977], "dvar2": [0.00479996623471, 0.00380055862479, 0.00221049180254, 0.00143876089714, 0.000740267510992, 0.000703732366674], "median": [-0.695895791054, -0.750325500965, -0.792894721031, -0.798315227032, -0.793953239918, -0.74837243557], "dmean2": [0.0800208225846, 0.076590128243, 0.0602714940906, 0.0472545661032, 0.0336669869721, 0.0291921421885], "dmean": [0.0489535778761, 0.0469406433403, 0.0371080599725, 0.0298894271255, 0.0214705709368, 0.0197577122599], "var": [0.00864549912512, 0.0071205063723, 0.00576342921704, 0.00406108377501, 0.00190487154759, 0.00222054403275], "dvar": [0.00191303691827, 0.00150410505012, 0.000923207961023, 0.000636031269096, 0.000320516061038, 0.000339553982485], "mean": [-0.68035364151, -0.738872289658, -0.777121245861, -0.786177039146, -0.791118979454, -0.748268306255]}, "dissonance": {"min": 0.234530538321, "max": 0.500000119209, "dvar2": 0.00062879367033, "median": 0.479953020811, "dmean2": 0.0243414547294, "dmean": 0.0145173706114, "var": 0.000659211247694, "dvar": 0.000237408603425, "mean": 0.472230345011}, "spectral_energyband_high": {"min": 1.00683905657e-10, "max": 0.0245665647089, "dvar2": 6.35451215203e-06, "median": 0.000908434740268, "dmean2": 0.00126772874501, "dmean": 0.000924749125261, "var": 6.89329090164e-06, "dvar": 3.44009777109e-06, "mean": 0.00182482681703}, "spectral_skewness": {"min": -0.477469682693, "max": 4.71059703827, "dvar2": 0.0519741140306, "median": 1.11438310146, "dmean2": 0.221011132002, "dmean": 0.143889755011, "var": 0.105167940259, "dvar": 0.0232074167579, "mean": 1.1168794632}, "spectral_flux": {"min": 7.30536703486e-05, "max": 0.297380983829, "dvar2": 0.00176624779124, "median": 0.065287783742, "dmean2": 0.0309119615704, "dmean": 0.0209676604718, "var": 0.00223996420391, "dvar": 0.000889499438927, "mean": 0.0736869648099}, "silence_rate_30dB": {"min": 0, "max": 1, "dvar2": 0.00532651646063, "median": 1, "dmean2": 0.0035595104564, "dmean": 0.00177962332964, "var": 0.000889024639037, "dvar": 0.00177646032535, "mean": 0.999110281467}, "spectral_energyband_middle_high": {"min": 4.45603137722e-11, "max": 0.0459208600223, "dvar2": 1.67692414834e-05, "median": 0.00239037792198, "dmean2": 0.00216276850551, "dmean": 0.00153302913532, "var": 2.48350261245e-05, "dvar": 7.93000162957e-06, "mean": 0.00416649039835}, "barkbands_spread": {"min": 0.0372259020805, "max": 125.139984131, "dvar2": 269.240661621, "median": 30.7504959106, "dmean2": 12.8337774277, "dmean": 8.41355133057, "var": 336.5887146, "dvar": 117.147315979, "mean": 32.2819786072}, "spectral_centroid": {"min": 61.3896026611, "max": 6769.53369141, "dvar2": 281478.9375, "median": 1875.49182129, "dmean2": 490.492431641, "dmean": 322.309539795, "var": 574802.9375, "dvar": 127885.570312, "mean": 1909.35986328}, "pitch_salience": {"min": 0.00947189331055, "max": 0.977677464485, "dvar2": 0.010955253616, "median": 0.540439069271, "dmean2": 0.111061133444, "dmean": 0.070233643055, "var": 0.0223231296986, "dvar": 0.00467174919322, "mean": 0.52923220396}, "erbbands_skewness": {"min": -8.15706253052, "max": 10.440955162, "dvar2": 0.388332605362, "median": 0.0699552670121, "dmean2": 0.571206510067, "dmean": 0.379204839468, "var": 0.999822735786, "dvar": 0.178849369287, "mean": 0.091396689415}, "erbbands_crest": {"min": 2.23199605942, "max": 31.6738262177, "dvar2": 14.7450046539, "median": 6.90291881561, "dmean2": 3.90628099442, "dmean": 2.43471431732, "var": 19.3724193573, "dvar": 6.06797790527, "mean": 8.11103439331}, "melbands": {"min": [2.37936531589e-10, 1.43864115065e-10, 6.58236243289e-11, 2.8090129181e-11, 6.42717172886e-12, 1.15337763212e-12, 2.23523863264e-13, 1.16498564268e-12, 1.77582829084e-12, 3.71274462996e-13, 6.81121229296e-13, 4.30860235727e-13, 8.7948956928e-13, 8.44294252567e-13, 3.99979528665e-13, 3.03550668759e-13, 3.15437780063e-13, 1.84417937735e-13, 1.88564523154e-13, 8.84155690827e-14, 1.44268955506e-13, 4.36983728282e-13, 1.31771451931e-13, 1.7239176395e-13, 4.19052054342e-13, 2.60526328158e-13, 1.15743013589e-13, 1.06570168543e-13, 1.94524287628e-13, 2.38967401639e-13, 2.15300122023e-13, 3.87722460474e-13, 8.19832618676e-14, 6.88633178259e-14, 1.24124655324e-13, 1.793212524e-13, 6.51084410995e-14, 3.55158644735e-14, 5.57278527524e-14, 6.49589092911e-14], "max": [0.0339765027165, 0.0376331731677, 0.0115566505119, 0.00917511247098, 0.00394886313006, 0.00547844450921, 0.00643839268014, 0.0134401889518, 0.010815682821, 0.0100204879418, 0.0048203212209, 0.00388391735032, 0.0027430600021, 0.00154146773275, 0.00234643323347, 0.00120823516045, 0.00255675753579, 0.00104281457607, 0.000784009927884, 0.000989992870018, 0.000345766020473, 0.000470506958663, 0.000285713496851, 0.000346921733581, 0.000259430205915, 0.000266262970399, 0.000330382492393, 0.000370137277059, 0.000277751852991, 0.000271893775789, 0.000221438531298, 0.00013130219304, 0.000164458047948, 0.000351232272806, 0.000178008776857, 0.000127588398755, 0.000108391417598, 7.89898767835e-05, 4.43264543719e-05, 4.77291869174e-05], "dvar2": [1.81049545063e-05, 1.75618024514e-05, 1.54183305767e-06, 6.97309360476e-07, 1.21265401276e-07, 3.68644919035e-07, 2.47413851184e-07, 3.35225962544e-07, 1.74312873469e-07, 2.03020135814e-07, 5.519335744e-08, 3.46647652805e-08, 9.54317513902e-09, 1.94831848432e-08, 1.22274430581e-08, 6.95166368914e-09, 8.08162692323e-09, 4.47029080419e-09, 2.77916356595e-09, 3.53599838299e-09, 1.03751496283e-09, 5.98217198e-10, 9.02448948903e-10, 9.24356202692e-10, 4.95582908044e-10, 5.70716307546e-10, 7.33830718413e-10, 4.78632911083e-10, 5.95392124492e-10, 5.05021191533e-10, 2.07004607899e-10, 1.0903254688e-10, 1.09378714419e-10, 1.30183253066e-10, 1.07670386496e-10, 4.08377290317e-11, 5.62145954786e-11, 7.73130170995e-11, 1.08003181051e-11, 6.29519223208e-12], "median": [0.000796579755843, 0.000768858124502, 0.000172417465365, 0.000150733452756, 7.9542522144e-05, 5.35633480467e-05, 7.3174451245e-05, 7.30184401618e-05, 6.15937169641e-05, 3.34119285981e-05, 2.45379906119e-05, 2.02081300813e-05, 1.51374006236e-05, 1.15669545266e-05, 8.94588629308e-06, 8.14185023046e-06, 8.15385737951e-06, 1.02620788311e-05, 8.07556261861e-06, 6.98532085153e-06, 5.07180766363e-06, 5.87675776842e-06, 8.58372550283e-06, 1.03489765024e-05, 6.53903725834e-06, 5.3135190683e-06, 6.85100667397e-06, 6.77697107676e-06, 4.81750748804e-06, 3.0108901683e-06, 3.05236449094e-06, 3.28565556629e-06, 3.16233058584e-06, 2.36201594817e-06, 1.95592656382e-06, 1.27344026168e-06, 1.23475285818e-06, 1.01867578906e-06, 5.53073675746e-07, 2.47446877211e-07], "dmean2": [0.00148180464748, 0.00148959131911, 0.000619052851107, 0.000384511717129, 0.000168079088326, 0.000236350912019, 0.000239262924879, 0.000242931258981, 0.000186444827705, 0.00017058600497, 0.00010220434342, 7.83744690125e-05, 4.8092832003e-05, 5.84092813369e-05, 4.37029120803e-05, 3.33417156071e-05, 3.05109679175e-05, 3.33729549311e-05, 2.68630392384e-05, 2.6000334401e-05, 1.48262170114e-05, 1.27941548271e-05, 1.72391974047e-05, 1.84894179256e-05, 1.2308472833e-05, 1.17084919111e-05, 1.31795914058e-05, 1.23103091028e-05, 1.16723986139e-05, 8.86056568561e-06, 6.64681056151e-06, 5.4573260968e-06, 5.32841977474e-06, 4.84900783704e-06, 4.70910845252e-06, 2.76288051282e-06, 3.60614535566e-06, 3.73403645426e-06, 1.54048007062e-06, 1.06316076653e-06], "dmean": [0.00101260724477, 0.00087862071814, 0.000371725938749, 0.000233661965467, 0.000101015109976, 0.00014583846496, 0.000150694148033, 0.000154525449034, 0.000118094802019, 0.000110369837785, 6.66124979034e-05, 4.96141801705e-05, 3.07146292471e-05, 3.59667901648e-05, 2.70228320005e-05, 2.1159525204e-05, 1.92290935956e-05, 2.15793570533e-05, 1.7355881937e-05, 1.67622474692e-05, 9.47108128457e-06, 8.25584811537e-06, 1.07865953396e-05, 1.18187554108e-05, 8.03566672403e-06, 7.50291928853e-06, 8.48234594741e-06, 8.19753404357e-06, 7.82758706919e-06, 5.98884435021e-06, 4.62595698991e-06, 3.71796977561e-06, 3.68370137949e-06, 3.33217326443e-06, 3.19163882523e-06, 1.94773474504e-06, 2.47619664151e-06, 2.48813239523e-06, 1.04848891169e-06, 7.23486493825e-07], "var": [1.8834563889e-05, 5.67559800402e-06, 7.14675252311e-07, 3.18860685411e-07, 6.70916477929e-08, 1.82299544349e-07, 1.80835129981e-07, 3.16865083505e-07, 1.57811101076e-07, 2.42746068579e-07, 5.88193458384e-08, 4.02587509996e-08, 1.20463496955e-08, 1.25212213931e-08, 9.67431468268e-09, 5.3371578268e-09, 4.86159867918e-09, 4.59777549366e-09, 2.69814837139e-09, 2.62965982323e-09, 7.75479958026e-10, 5.9203214553e-10, 7.59525720095e-10, 8.17290346511e-10, 4.54802917549e-10, 4.4746042982e-10, 6.50684783832e-10, 7.57940876728e-10, 5.86857562546e-10, 3.62959162725e-10, 1.99180380522e-10, 1.33623292986e-10, 1.13566350768e-10, 9.7850900993e-11, 8.54010751006e-11, 3.81793763271e-11, 4.63623861524e-11, 4.05177072449e-11, 9.75673968701e-12, 5.20396096007e-12], "dvar": [7.81845847087e-06, 6.4533674049e-06, 6.1083375158e-07, 2.80070764802e-07, 4.44874110883e-08, 1.46091338138e-07, 1.0129055994e-07, 1.33420414272e-07, 7.12831393912e-08, 8.58818580696e-08, 2.52451748395e-08, 1.47132626083e-08, 4.23909707337e-09, 7.6104678115e-09, 4.93067897622e-09, 2.85686940771e-09, 3.00458924407e-09, 1.91448901177e-09, 1.16547516082e-09, 1.47596390665e-09, 4.33103053421e-10, 2.56336701865e-10, 3.78200692985e-10, 3.91576965297e-10, 2.28539034919e-10, 2.43174258507e-10, 3.11806080955e-10, 2.25240479046e-10, 2.66172112129e-10, 2.48804088443e-10, 1.07322074838e-10, 5.49542113204e-11, 5.64372229506e-11, 6.1489036085e-11, 5.06991705562e-11, 2.03240497348e-11, 2.7418652418e-11, 3.30824603822e-11, 5.08637186189e-12, 2.9302840536e-12], "mean": [0.00251580309123, 0.00133280677255, 0.000474002590636, 0.000323684711475, 0.000163885721122, 0.000200012116693, 0.00023177258845, 0.000252091442235, 0.00020848265558, 0.000187319834367, 0.000110895074613, 8.663655899e-05, 5.25745053892e-05, 5.28019518242e-05, 4.15344366047e-05, 3.2661620935e-05, 3.12756856147e-05, 3.66869135178e-05, 2.98790673696e-05, 2.62776920863e-05, 1.55610450747e-05, 1.5056313714e-05, 1.92945717572e-05, 2.10914477066e-05, 1.45747098941e-05, 1.33496851049e-05, 1.56298101501e-05, 1.67821053765e-05, 1.40751735671e-05, 9.19764806895e-06, 7.76472006692e-06, 7.45228226151e-06, 6.93071751812e-06, 5.71673717786e-06, 5.15904821441e-06, 3.32119316226e-06, 3.58477382179e-06, 3.20272192766e-06, 1.58874354383e-06, 9.78969183052e-07]}, "spectral_entropy": {"min": 4.7912902832, "max": 9.00154972076, "dvar2": 0.052222520113, "median": 7.92169094086, "dmean2": 0.20212559402, "dmean": 0.141516536474, "var": 0.132317230105, "dvar": 0.0275329835713, "mean": 7.88400125504}, "spectral_rolloff": {"min": 21.533203125, "max": 15633.1054688, "dvar2": 4580981.5, "median": 1679.58984375, "dmean2": 1405.39440918, "dmean": 864.34588623, "var": 4344160, "dvar": 2065301.875, "mean": 2187.87280273}, "barkbands": {"min": [4.94979612853e-11, 4.41309266908e-10, 1.04631130149e-11, 9.25321347323e-11, 1.07757636147e-10, 7.79804693041e-12, 1.01447062556e-12, 1.02676339653e-11, 3.28091113305e-12, 3.99107613278e-12, 5.69556988378e-12, 6.49885137025e-12, 2.80209059081e-12, 2.90644938672e-12, 2.60726227934e-12, 9.63287284141e-13, 6.20236240839e-12, 3.51242082294e-12, 8.66199299787e-12, 3.11404851558e-12, 8.49990824253e-12, 1.21055544061e-11, 7.18445095083e-12, 5.41754054811e-12, 9.95731622155e-12, 1.06934643432e-11, 4.72822163367e-11], "max": [0.0143359098583, 0.131196781993, 0.0673826336861, 0.029292460531, 0.0360045470297, 0.0236750282347, 0.0282746162266, 0.0728682875633, 0.0570668950677, 0.026219656691, 0.0171018093824, 0.0187050979584, 0.0141608025879, 0.0196751244366, 0.0100566744804, 0.0109905563295, 0.00675372546539, 0.00612844573334, 0.00589358713478, 0.00851110648364, 0.0091451657936, 0.00551171554253, 0.0137739805505, 0.00526844197884, 0.00501841306686, 0.00269626174122, 0.00549642695114], "dvar2": [1.09360701117e-06, 0.000248835363891, 3.95336574002e-05, 8.06011848908e-06, 1.0846609257e-05, 7.61716046327e-06, 5.60476746614e-06, 7.67405617808e-06, 8.25997176435e-06, 2.4034791295e-06, 5.39414486411e-07, 1.6698370473e-06, 6.62169668431e-07, 7.23396397007e-07, 5.33519425971e-07, 4.99684517763e-07, 1.92112437958e-07, 3.35553977493e-07, 3.17594981425e-07, 3.93388745579e-07, 7.11846951162e-07, 2.27408165188e-07, 3.01674731418e-07, 2.8057533541e-07, 7.30676461558e-08, 8.03125246307e-08, 1.65097606697e-08], "median": [9.6327974461e-05, 0.00309235462919, 0.000496088701766, 0.000244799477514, 0.000660487916321, 0.000265456212219, 0.000360511912731, 0.000291437638225, 0.000234615814406, 0.000170410465216, 9.40997997532e-05, 9.72771304077e-05, 8.07081814855e-05, 0.000102211721241, 0.000109460197564, 9.69994798652e-05, 0.000103943108115, 0.000221323600272, 0.000142967270222, 0.000232066769968, 0.000150822801515, 0.000172283878783, 0.000122756478959, 9.45355932345e-05, 2.9341366826e-05, 1.39620406117e-05, 1.36832011322e-06], "dmean2": [0.000390080822399, 0.00521814636886, 0.00241948757321, 0.00132502289489, 0.00153778225649, 0.00111095316242, 0.00120081333444, 0.0010952843586, 0.00116199208423, 0.000675172370393, 0.000354091374902, 0.000520781963132, 0.000324144173646, 0.000356529460987, 0.000374338618712, 0.000318920385325, 0.000232159727602, 0.000357729179086, 0.000284275272861, 0.000355028023478, 0.000364225765225, 0.0002483772696, 0.000243979739025, 0.000249236501986, 0.00011754254956, 0.000110954475531, 2.26796419156e-05], "dmean": [0.000282607827103, 0.00348009285517, 0.00138450285885, 0.000792180886492, 0.000937987526413, 0.000683551596012, 0.0007681051502, 0.000698061252479, 0.00074210006278, 0.000432409229688, 0.000225123993005, 0.000319672864862, 0.000207532895729, 0.000223472598009, 0.000244012131589, 0.000204190218938, 0.000147984581417, 0.000230788311455, 0.000183923402801, 0.000240582725382, 0.000248948577791, 0.000175270222826, 0.000170388171682, 0.000172651736648, 8.06115131127e-05, 7.47109952499e-05, 1.41486816574e-05], "var": [1.92367542695e-06, 0.00018962242757, 1.13566702566e-05, 3.51071048499e-06, 5.0471007853e-06, 3.91990261051e-06, 5.01952399645e-06, 6.04426713835e-06, 8.91710169526e-06, 2.73601881418e-06, 5.82928123549e-07, 1.01565819932e-06, 5.4721425613e-07, 5.17065927852e-07, 5.41206475191e-07, 3.63936379699e-07, 1.72690747036e-07, 3.20841138546e-07, 2.75986025144e-07, 6.40651194317e-07, 5.80441792408e-07, 2.8771938787e-07, 2.56124849329e-07, 2.17236078015e-07, 6.45998667892e-08, 4.03438740193e-08, 5.8287361604e-09], "dvar": [6.30044553418e-07, 0.000100641897006, 1.40426427606e-05, 3.16278533319e-06, 4.31502439824e-06, 3.0277467431e-06, 2.34814001487e-06, 2.94315668725e-06, 3.37291453434e-06, 1.03705554011e-06, 2.30509911603e-07, 6.45528587029e-07, 2.7929294788e-07, 2.77804730331e-07, 2.24958100148e-07, 2.09228645076e-07, 8.17145249243e-08, 1.45533263662e-07, 1.39963091783e-07, 1.90193574667e-07, 3.53287020971e-07, 1.22789870716e-07, 1.48615697526e-07, 1.33411219849e-07, 3.51663871356e-08, 3.45107373789e-08, 6.20432105691e-09], "mean": [0.000585450907238, 0.00798940658569, 0.00163018133026, 0.000898761267308, 0.00135842943564, 0.000950489484239, 0.00121053121984, 0.00114159565419, 0.00124207511544, 0.00073933362728, 0.000362799008144, 0.000463213043986, 0.000325396773405, 0.000366975960787, 0.000416431867052, 0.000328276742948, 0.000264706002781, 0.000434496701928, 0.000344714469975, 0.000522196700331, 0.000410274136811, 0.000362142076483, 0.000295084348181, 0.000256567494944, 0.000110289416625, 8.19160559331e-05, 1.34969232022e-05]}, "melbands_flatness_db": {"min": 0.0123762032017, "max": 0.792775988579, "dvar2": 0.00177352607716, "median": 0.163797751069, "dmean2": 0.0379647165537, "dmean": 0.0263888482004, "var": 0.00599831808358, "dvar": 0.000888885057066, "mean": 0.175807118416}, "melbands_skewness": {"min": -4.50069379807, "max": 28.3527030945, "dvar2": 3.63737630844, "median": 2.61654090881, "dmean2": 1.33302748203, "dmean": 0.878750562668, "var": 6.47148656845, "dvar": 1.59087061882, "mean": 3.30337572098}, "barkbands_skewness": {"min": -6.38266372681, "max": 37.9064979553, "dvar2": 1.69007658958, "median": 1.277739048, "dmean2": 0.90345531702, "dmean": 0.607039153576, "var": 3.97139954567, "dvar": 0.835687398911, "mean": 1.68634235859}, "silence_rate_60dB": {"min": 0, "max": 1, "dvar2": 0.0520990714431, "median": 0, "dmean2": 0.0498331487179, "dmean": 0.024914726615, "var": 0.0895922258496, "dvar": 0.0242930147797, "mean": 0.0995032265782}, "spectral_energyband_low": {"min": 1.23037735555e-09, "max": 0.149748429656, "dvar2": 0.000356669799658, "median": 0.00567130977288, "dmean2": 0.00697873486206, "dmean": 0.00457038590685, "var": 0.000261751119979, "dvar": 0.000145819576574, "mean": 0.0106173530221}, "spectral_energyband_middle_low": {"min": 2.5204835441e-10, "max": 0.0772816613317, "dvar2": 7.87524695625e-05, "median": 0.00466393539682, "dmean2": 0.00493513979018, "dmean": 0.0032545463182, "var": 6.61654921714e-05, "dvar": 3.44130858139e-05, "mean": 0.00701644876972}, "melbands_kurtosis": {"min": -1.95459866524, "max": 1555.05822754, "dvar2": 3704.71923828, "median": 8.71693515778, "dmean2": 19.5956878662, "dmean": 12.6803455353, "var": 3985.24951172, "dvar": 1596.9552002, "mean": 23.96159935}, "spectral_decrease": {"min": -3.99800299533e-08, "max": 4.48866638303e-10, "dvar2": 2.95871884111e-17, "median": -4.10482803304e-09, "dmean2": 2.84038148557e-09, "dmean": 1.93926785741e-09, "var": 2.7501816456e-17, "dvar": 1.28185772432e-17, "mean": -5.55629187105e-09}, "erbbands_kurtosis": {"min": -1.9123775959, "max": 144.526351929, "dvar2": 15.7405099869, "median": -0.465905666351, "dmean2": 1.56484496593, "dmean": 0.978224515915, "var": 17.013551712, "dvar": 6.27460956573, "mean": 0.378350496292}, "melbands_crest": {"min": 2.5517616272, "max": 38.9615707397, "dvar2": 22.1315002441, "median": 14.8356523514, "dmean2": 5.04097795486, "dmean": 3.20937776566, "var": 49.662437439, "dvar": 9.24804878235, "mean": 16.1915912628}, "gfcc": {"cov": [[11407.9238281, -337.614349365, -315.190246582, 308.196563721, -158.299118042, 127.022384644, -18.2606163025, 172.604782104, -5.9623465538, 204.901062012, -58.6016464233, 84.7004013062, -48.4743423462], [-337.614349365, 952.233276367, -205.894744873, 102.10710907, 101.845245361, -13.1251659393, 136.199371338, -11.3977088928, 67.48462677, -40.1339530945, 108.019241333, -61.9843406677, 58.8357009888], [-315.190246582, -205.894744873, 1561.42102051, 474.952758789, 445.749725342, 186.389678955, 18.3957386017, 155.138534546, 11.9464025497, 121.438117981, 48.0182647705, 218.000534058, -7.24819087982], [308.196563721, 102.10710907, 474.952758789, 636.338562012, 381.198730469, 58.1893539429, 28.8161659241, 79.3008804321, 101.62474823, 59.1208152771, 45.0505714417, 92.6409912109, 79.5799102783], [-158.299118042, 101.845245361, 445.749725342, 381.198730469, 582.385131836, 153.946136475, 95.900100708, 95.2119140625, 72.0479736328, 83.2681503296, 15.6470794678, 77.258895874, 74.9190750122], [127.022384644, -13.1251659393, 186.389678955, 58.1893539429, 153.946136475, 276.268005371, 184.397964478, 73.9304351807, 6.59409856796, 47.0242156982, 53.8458595276, 34.0536079407, 3.95192432404], [-18.2606163025, 136.199371338, 18.3957386017, 28.8161659241, 95.900100708, 184.397964478, 326.455200195, 90.4676895142, 0.494019150734, 21.5028972626, 74.7994995117, 24.564365387, 5.16875076294], [172.604782104, -11.3977088928, 155.138534546, 79.3008804321, 95.2119140625, 73.9304351807, 90.4676895142, 154.022766113, 77.9266662598, 55.2707748413, 25.7823390961, 40.8206443787, 21.1075553894], [-5.9623465538, 67.48462677, 11.9464025497, 101.62474823, 72.0479736328, 6.59409856796, 0.494019150734, 77.9266662598, 180.76222229, 51.0546646118, 21.8538398743, 15.509768486, 33.0283088684], [204.901062012, -40.1339530945, 121.438117981, 59.1208152771, 83.2681503296, 47.0242156982, 21.5028972626, 55.2707748413, 51.0546646118, 121.458404541, 46.1948471069, 41.0749397278, 18.6503009796], [-58.6016464233, 108.019241333, 48.0182647705, 45.0505714417, 15.6470794678, 53.8458595276, 74.7994995117, 25.7823390961, 21.8538398743, 46.1948471069, 142.484313965, 52.4864845276, 22.6397075653], [84.7004013062, -61.9843406677, 218.000534058, 92.6409912109, 77.258895874, 34.0536079407, 24.564365387, 40.8206443787, 15.509768486, 41.0749397278, 52.4864845276, 126.733093262, 30.2578544617], [-48.4743423462, 58.8357009888, -7.24819087982, 79.5799102783, 74.9190750122, 3.95192432404, 5.16875076294, 21.1075553894, 33.0283088684, 18.6503009796, 22.6397075653, 30.2578544617, 97.8218612671]], "icov": [[0.00011421990348, -3.42690800608e-05, 0.000132343542646, -0.000219107459998, 0.000163533855812, -0.000187019395526, 0.000137695344165, -0.000248979456956, 0.000224857882131, -0.000321104656905, 0.000246043608058, -0.00022791227093, 0.000192876148503], [-3.42690800608e-05, 0.0017833202146, -5.85334164498e-05, 4.91604878334e-05, -0.000677739095408, 0.00101056450512, -0.0010502259247, 0.000717691553291, -0.000888733484317, 0.00128296506591, -0.00207049190067, 0.00181065418292, -0.00078044377733], [0.000132343542646, -5.85334164498e-05, 0.00157489825506, -0.000935353571549, -0.000282071152469, -0.000887900532689, 0.00108281045686, -0.00145556044299, 0.00119393260684, -0.000595152843744, 0.000398924777983, -0.00200315425172, 0.00172480288893], [-0.000219107459998, 4.91604878334e-05, -0.000935353571549, 0.00370985409245, -0.00196741102263, 0.00110724719707, -0.000407421175623, 0.000865549372975, -0.00168663146906, 0.00138425105251, -0.00123059935868, 0.000384958140785, -0.00145737966523], [0.000163533855812, -0.000677739095408, -0.000282071152469, -0.00196741102263, 0.00439129769802, -0.00189965078607, -0.000104299266241, -0.000149824525579, 0.000350949849235, -0.00218389672227, 0.00276405224577, -0.000790327379946, -0.00127766421065], [-0.000187019395526, 0.00101056450512, -0.000887900532689, 0.00110724719707, -0.00189965078607, 0.00806050095707, -0.00427311751992, 0.000558510422707, -0.000593001779635, 0.00015637659817, -0.00223153922707, 0.0020116341766, -0.000367879896658], [0.000137695344165, -0.0010502259247, 0.00108281045686, -0.000407421175623, -0.000104299266241, -0.00427311751992, 0.00749788153917, -0.00454399641603, 0.00246647745371, 0.000628136098385, -0.00122454517987, -0.00135191495065, 0.00169743574224], [-0.000248979456956, 0.000717691553291, -0.00145556044299, 0.000865549372975, -0.000149824525579, 0.000558510422707, -0.00454399641603, 0.0140309985727, -0.00598181085661, -0.00154924904928, 0.000954888237175, -2.42158620267e-07, -0.00196816236712], [0.000224857882131, -0.000888733484317, 0.00119393260684, -0.00168663146906, 0.000350949849235, -0.000593001779635, 0.00246647745371, -0.00598181085661, 0.00998258404434, -0.00301147787832, 0.000460929470137, -0.000514710263815, 0.000278303952655], [-0.000321104656905, 0.00128296506591, -0.000595152843744, 0.00138425105251, -0.00218389672227, 0.00015637659817, 0.000628136098385, -0.00154924904928, -0.00301147787832, 0.014412146993, -0.00555568095297, 0.000709517218638, -0.000798251770902], [0.000246043608058, -0.00207049190067, 0.000398924777983, -0.00123059935868, 0.00276405224577, -0.00223153922707, -0.00122454517987, 0.000954888237175, 0.000460929470137, -0.00555568095297, 0.0139682013541, -0.00611008051783, -0.000209420657484], [-0.00022791227093, 0.00181065418292, -0.00200315425172, 0.000384958140785, -0.000790327379946, 0.0020116341766, -0.00135191495065, -2.42158620267e-07, -0.000514710263815, 0.000709517218638, -0.00611008051783, 0.0157295502722, -0.0044808415696], [0.000192876148503, -0.00078044377733, 0.00172480288893, -0.00145737966523, -0.00127766421065, -0.000367879896658, 0.00169743574224, -0.00196816236712, 0.000278303952655, -0.000798251770902, -0.000209420657484, -0.0044808415696, 0.0149221215397]], "mean": [-7.82438516617, 57.3331718445, -108.968711853, 41.7861976624, -64.5725860596, 14.5783691406, -28.9345664978, 13.2608346939, -17.1809196472, 5.63243484497, -13.7628803253, 0.646762371063, -13.2793092728]}, "melbands_spread": {"min": 0.147624537349, "max": 306.239196777, "dvar2": 413.591186523, "median": 26.1372795105, "dmean2": 14.2593402863, "dmean": 9.41430854797, "var": 601.928039551, "dvar": 198.270187378, "mean": 30.3622303009}, "spectral_energy": {"min": 1.77751102726e-09, "max": 0.152557075024, "dvar2": 0.000459310627775, "median": 0.0172306746244, "dmean2": 0.0114478198811, "dmean": 0.0079262573272, "var": 0.000454079388874, "dvar": 0.000204577707336, "mean": 0.0231052134186}, "mfcc": {"cov": [[10249.6357422, -45.9789123535, -531.682922363, 118.6171875, -273.037994385, 16.3141670227, -98.1054763794, -11.3028335571, 56.5979347229, 76.3036422729, 55.5954666138, 72.1393737793, -30.17993927], [-45.9789123535, 719.35949707, -78.3205490112, 31.4799423218, -17.1244220734, 23.1857242584, 87.0473632812, 31.4142875671, -1.33107697964, 23.4124145508, 31.293390274, 14.8874855042, -3.03752708435], [-531.682922363, -78.3205490112, 932.742797852, 287.585266113, 306.647796631, 104.633766174, 117.562850952, 102.97808075, 16.5212993622, -15.3406972885, 35.4171333313, 103.087852478, 88.3363876343], [118.6171875, 31.4799423218, 287.585266113, 611.02355957, 395.416320801, 127.980369568, 50.0884056091, 67.4401397705, 105.604644775, 16.6534614563, -14.4814586639, 78.6759414673, 87.6504898071], [-273.037994385, -17.1244220734, 306.647796631, 395.416320801, 559.386169434, 158.299285889, 41.4535942078, 33.5151634216, 126.310653687, 40.3985519409, -8.67918777466, 58.9993476868, 62.1764335632], [16.3141670227, 23.1857242584, 104.633766174, 127.980369568, 158.299285889, 231.873901367, 170.134750366, 83.2015991211, 60.2682189941, 33.4274787903, 47.4426193237, 31.3386096954, 18.5558948517], [-98.1054763794, 87.0473632812, 117.562850952, 50.0884056091, 41.4535942078, 170.134750366, 333.816925049, 127.358764648, 41.4954528809, 22.6903324127, 65.9716949463, 48.5079078674, 16.7364501953], [-11.3028335571, 31.4142875671, 102.97808075, 67.4401397705, 33.5151634216, 83.2015991211, 127.358764648, 173.288818359, 65.2775268555, 37.2673606873, 49.6785774231, 36.4338340759, 37.0855178833], [56.5979347229, -1.33107697964, 16.5212993622, 105.604644775, 126.310653687, 60.2682189941, 41.4954528809, 65.2775268555, 158.67376709, 71.4004898071, 18.9330615997, 17.7120990753, 22.1509876251], [76.3036422729, 23.4124145508, -15.3406972885, 16.6534614563, 40.3985519409, 33.4274787903, 22.6903324127, 37.2673606873, 71.4004898071, 123.517929077, 51.3346862793, 13.6069068909, 13.7776689529], [55.5954666138, 31.293390274, 35.4171333313, -14.4814586639, -8.67918777466, 47.4426193237, 65.9716949463, 49.6785774231, 18.9330615997, 51.3346862793, 111.278465271, 46.9958724976, 17.5643100739], [72.1393737793, 14.8874855042, 103.087852478, 78.6759414673, 58.9993476868, 31.3386096954, 48.5079078674, 36.4338340759, 17.7120990753, 13.6069068909, 46.9958724976, 112.795471191, 61.3486061096], [-30.17993927, -3.03752708435, 88.3363876343, 87.6504898071, 62.1764335632, 18.5558948517, 16.7364501953, 37.0855178833, 22.1509876251, 13.7776689529, 17.5643100739, 61.3486061096, 102.47882843]], "icov": [[0.000109263914055, 2.10725665966e-05, 6.10123752267e-05, -0.000115803239169, 0.000143951067002, -0.000101611687569, 8.10796846054e-05, 1.58183920576e-05, -4.30938525824e-05, -5.37905580131e-05, -4.37092012362e-06, -0.000184338452527, 0.000119000738778], [2.10725665966e-05, 0.00151674728841, 0.000264504313236, -0.000295787787763, -3.39558732776e-06, 0.000309762428515, -0.000529267941602, -0.000110890709038, 0.000401017459808, -0.000326344976202, -0.000232565696933, -0.000112577537948, 0.000213137696846], [6.10123752267e-05, 0.000264504313236, 0.00169091718271, -0.000293181830784, -0.00089293794008, 0.000409609347116, -0.000342200743034, -0.00088244699873, 0.000987541745417, 0.00034694003989, -0.000390808767406, -0.000555301376153, -0.000198857975192], [-0.000115803239169, -0.000295787787763, -0.000293181830784, 0.00362019473687, -0.00203762808815, -0.000391062378185, 0.000270309421467, -0.000676850846503, -0.000507670803927, 0.000536167412065, 0.00118372624274, -0.000749829574488, -0.00109498109668], [0.000143951067002, -3.39558732776e-06, -0.00089293794008, -0.00203762808815, 0.00504612829536, -0.00269483448938, 0.000944361381698, 0.00181506422814, -0.00238439580426, -0.000568490591832, 0.00111074675806, -0.000777191482484, 3.67723041563e-05], [-0.000101611687569, 0.000309762428515, 0.000409609347116, -0.000391062378185, -0.00269483448938, 0.00986815337092, -0.00430468004197, -0.00101117813028, 0.000232025820878, 7.91671554907e-05, -0.00241694203578, 0.00157113687601, 0.000290695257718], [8.10796846054e-05, -0.000529267941602, -0.000342200743034, 0.000270309421467, 0.000944361381698, -0.00430468004197, 0.0065303472802, -0.002601651242, -0.000187202400411, 0.000708965933882, -0.00031854773988, -0.00167633080855, 0.00115671392996], [1.58183920576e-05, -0.000110890709038, -0.00088244699873, -0.000676850846503, 0.00181506422814, -0.00101117813028, -0.002601651242, 0.0109859043732, -0.00392997870222, 0.000101651210571, -0.00197071698494, 0.000999252893962, -0.00255256146193], [-4.30938525824e-05, 0.000401017459808, 0.000987541745417, -0.000507670803927, -0.00238439580426, 0.000232025820878, -0.000187202400411, -0.00392997870222, 0.0124236289412, -0.0058333533816, 0.00171335274354, -0.000200669732294, 0.000364921492292], [-5.37905580131e-05, -0.000326344976202, 0.00034694003989, 0.000536167412065, -0.000568490591832, 7.91671554907e-05, 0.000708965933882, 0.000101651210571, -0.0058333533816, 0.0142434053123, -0.00669297669083, 0.00203347438946, -0.00132939452305], [-4.37092012362e-06, -0.000232565696933, -0.000390808767406, 0.00118372624274, 0.00111074675806, -0.00241694203578, -0.00031854773988, -0.00197071698494, 0.00171335274354, -0.00669297669083, 0.0170203521848, -0.00703021232039, 0.00166607031133], [-0.000184338452527, -0.000112577537948, -0.000555301376153, -0.000749829574488, -0.000777191482484, 0.00157113687601, -0.00167633080855, 0.000999252893962, -0.000200669732294, 0.00203347438946, -0.00703021232039, 0.0177199058235, -0.00847144797444], [0.000119000738778, 0.000213137696846, -0.000198857975192, -0.00109498109668, 3.67723041563e-05, 0.000290695257718, 0.00115671392996, -0.00255256146193, 0.000364921492292, -0.00132939452305, 0.00166607031133, -0.00847144797444, 0.0164530072361]], "mean": [-649.524291992, 85.0335998535, 10.2139873505, 27.1249771118, -4.25485134125, 5.04562282562, -0.462079375982, 7.10543823242, 0.106513127685, 8.86815166473, 2.35986232758, 2.71758413315, -1.29888296127]}, "spectral_contrast_valleys": {"min": [-14.5733375549, -14.8156356812, -15.2202425003, -15.9540491104, -15.6276454926, -17.4072608948], "max": [-5.2992682457, -4.51871347427, -5.05154132843, -5.45559883118, -5.27333879471, -7.43961906433], "dvar2": [0.281741321087, 0.302329182625, 0.224623188376, 0.196376249194, 0.184710040689, 0.245104804635], "median": [-7.11514759064, -6.9354391098, -7.49075746536, -7.82540559769, -7.31023168564, -9.65767383575], "dmean2": [0.612995386124, 0.611232697964, 0.530945301056, 0.446996033192, 0.388606488705, 0.413226604462], "dmean": [0.38126373291, 0.389939308167, 0.347875386477, 0.308191031218, 0.28523221612, 0.330670833588], "var": [2.25644302368, 1.28363442421, 1.32237052917, 1.35683894157, 1.3255212307, 1.35408580303], "dvar": [0.124190844595, 0.14312633872, 0.11471606791, 0.109869897366, 0.109523169696, 0.144024401903], "mean": [-7.66907119751, -7.07373666763, -7.62105560303, -7.97972249985, -7.45970487595, -9.83127307892]}, "barkbands_flatness_db": {"min": 0.0133876111358, "max": 0.651834189892, "dvar2": 0.00112013483886, "median": 0.106863386929, "dmean2": 0.0304863322526, "dmean": 0.0208142343909, "var": 0.00369513849728, "dvar": 0.000550790166017, "mean": 0.115983016789}, "dynamic_complexity": 4.11274909973, "erbbands_flatness_db": {"min": 0.0316710472107, "max": 0.396849483252, "dvar2": 0.000463600910734, "median": 0.123568639159, "dmean2": 0.0225437097251, "dmean": 0.0156281255186, "var": 0.00232226331718, "dvar": 0.000237511660089, "mean": 0.1328866481