{"lowlevel": {"spectral_complexity": {"min": 0, "max": 51, "dvar2": 89.4056930542, "median": 6, "dmean2": 6.50809049606, "dmean": 4.13052988052, "var": 78.6620559692, "dvar": 39.1989440918, "mean": 8.97936725616}, "silence_rate_20dB": {"min": 1, "max": 1, "dvar2": 0, "median": 1, "dmean2": 0, "dmean": 0, "var": 0, "dvar": 0, "mean": 1}, "average_loudness": 0.698037028313, "erbbands_spread": {"min": 0.396813929081, "max": 180.48085022, "dvar2": 831.648254395, "median": 42.4506263733, "dmean2": 25.0400733948, "dmean": 16.0328540802, "var": 857.344909668, "dvar": 352.242340088, "mean": 46.7441444397}, "spectral_kurtosis": {"min": -1.33340167999, "max": 195.274108887, "dvar2": 207.486572266, "median": 2.8720741272, "dmean2": 6.91233682632, "dmean": 4.4555106163, "var": 262.087799072, "dvar": 102.349327087, "mean": 7.1305809021}, "barkbands_kurtosis": {"min": -1.9403591156, "max": 14456.7128906, "dvar2": 68628.7265625, "median": 4.71953582764, "dmean2": 28.67993927, "dmean": 18.2356948853, "var": 63241.8632812, "dvar": 35173.453125, "mean": 22.1335506439}, "spectral_strongpeak": {"min": 0, "max": 26.0122776031, "dvar2": 1.71919214725, "median": 0.371491342783, "dmean2": 0.68748664856, "dmean": 0.423498213291, "var": 1.6501698494, "dvar": 0.731426239014, "mean": 0.727866053581}, "spectral_spread": {"min": 460950.875, "max": 41771552, "dvar2": 3308331466750.0, "median": 4541300.5, "dmean2": 1487438.375, "dmean": 1054642.125, "var": 8504670158850.0, "dvar": 1765039669250.0, "mean": 5049730.5}, "spectral_rms": {"min": 3.10714279826e-12, "max": 0.0121933966875, "dvar2": 4.12999816035e-06, "median": 0.00325424573384, "dmean2": 0.00163609837182, "dmean": 0.00116341887042, "var": 5.063674962e-06, "dvar": 2.05343258131e-06, "mean": 0.00342797394842}, "erbbands": {"min": [1.37526488741e-22, 8.63907048048e-22, 2.44518224142e-21, 7.304939426e-21, 2.0801900886e-20, 2.09383582221e-20, 6.04518002691e-20, 7.77884525454e-20, 1.25533860339e-19, 2.92322604097e-19, 3.83640215946e-19, 6.10426359936e-19, 8.23552650085e-19, 8.23269599219e-19, 6.58158817183e-19, 1.03196333866e-18, 1.9088160436e-18, 2.18275985771e-18, 2.08106813436e-18, 3.25219272036e-18, 4.62267486501e-18, 5.26320630825e-18, 4.7277102592e-18, 5.94637684411e-18, 9.19873396661e-18, 9.25539997447e-18, 9.4860799678e-18, 1.19839387702e-17, 1.19425549242e-17, 1.16731637054e-17, 1.19994757037e-17, 9.97778838394e-18, 1.02841942808e-17, 7.74010352677e-18, 6.87519892879e-18, 4.18985095514e-18, 2.5630617278e-18, 1.15674642919e-18, 2.22243164668e-19, 2.7817599324e-20], "max": [0.859034478664, 12.3286294937, 38.9391860962, 25.4897785187, 65.175743103, 566.856323242, 540.810302734, 356.906707764, 458.275604248, 717.192382812, 1296.09851074, 1788.70605469, 1243.51538086, 1214.08996582, 577.393371582, 678.656066895, 493.376434326, 1156.53015137, 657.749633789, 715.538696289, 1118.31616211, 2887.46606445, 1668.77172852, 612.730834961, 235.066116333, 214.80027771, 329.500183105, 152.422195435, 250.91645813, 380.799346924, 598.696899414, 431.067871094, 191.463790894, 50.5412902832, 28.7973804474, 17.9605808258, 4.17819786072, 1.06060695648, 0.161702692509, 0.00856291223317], "dvar2": [0.0144939376041, 7.55899381638, 50.160118103, 12.713971138, 77.6875228882, 7908.51171875, 5667.02978516, 575.873046875, 681.413757324, 7106.45214844, 5886.74365234, 4549.62792969, 2000.25720215, 894.079650879, 220.999710083, 434.802154541, 339.106231689, 709.428955078, 671.811157227, 558.197570801, 833.053161621, 12810.96875, 2228.21191406, 892.235290527, 180.572341919, 185.91065979, 133.597335815, 100.475212097, 280.748565674, 489.316375732, 303.869873047, 101.662635803, 89.9224395752, 51.2321090698, 23.4843997955, 7.13349103928, 0.477369904518, 0.0258973632008, 0.000656270305626, 1.76914886652e-06], "median": [0.00267429673113, 0.0204872712493, 0.143757179379, 0.334094375372, 1.41698360443, 6.77241945267, 5.52291440964, 1.90411281586, 2.96798682213, 4.2377114296, 2.59621286392, 1.69532835484, 1.21024775505, 0.745373487473, 0.449832737446, 0.48732984066, 0.665866613388, 0.955362021923, 0.859602749348, 0.908931195736, 1.00411939621, 1.89096534252, 2.04716992378, 1.6944899559, 1.17423272133, 0.903125941753, 0.653714478016, 0.526755809784, 0.732318520546, 1.13275778294, 0.513130545616, 0.205702543259, 0.0767002850771, 0.0186089836061, 0.00407612929121, 0.00141690310556, 0.000432401080616, 0.000105531173176, 2.81864049612e-05, 1.79543076229e-05], "dmean2": [0.0674556270242, 1.29998791218, 3.18541169167, 1.92352354527, 4.0743265152, 31.9005775452, 27.2544002533, 8.71029663086, 10.6290655136, 34.6303215027, 29.1736526489, 17.5579032898, 12.0776376724, 7.19433736801, 3.84459924698, 4.96607685089, 6.86145496368, 9.28415489197, 9.68155765533, 9.9605178833, 10.9819784164, 28.3138904572, 16.6876220703, 15.3776836395, 7.18314218521, 7.16168260574, 5.5423951149, 4.70634841919, 5.79494571686, 8.32883644104, 5.86763048172, 2.78883004189, 3.25570893288, 2.31523394585, 1.34039616585, 0.703643858433, 0.189478635788, 0.0498154088855, 0.00713283568621, 0.000354170595529], "dmean": [0.0432614646852, 0.749719917774, 1.85490453243, 1.14885628223, 2.48813915253, 19.1633605957, 16.7541847229, 5.29235267639, 6.7021241188, 22.2711715698, 18.2054901123, 10.7983922958, 7.6547794342, 5.16607379913, 2.6256005764, 3.335303545, 4.44851493835, 6.10206508636, 6.00340175629, 6.11471033096, 6.82717561722, 17.7667198181, 10.3157367706, 8.82504272461, 4.46498537064, 4.25300359726, 3.45173883438, 2.9066927433, 3.73721718788, 5.72387742996, 4.10347700119, 1.85471844673, 2.13154792786, 1.51890647411, 0.861496508121, 0.438015878201, 0.120889760554, 0.0324519388378, 0.00473081506789, 0.00023425774998], "var": [0.0118708992377, 2.43418431282, 13.6746301651, 5.77132320404, 37.2749023438, 2659.48413086, 2139.71337891, 297.297515869, 467.341217041, 3906.75976562, 4623.79980469, 2753.66259766, 4076.79003906, 2513.74902344, 537.888122559, 1286.88867188, 421.689208984, 856.837463379, 705.204772949, 751.425292969, 1322.49389648, 11874.4697266, 3342.01269531, 483.361419678, 142.782058716, 132.849960327, 92.2902832031, 61.168548584, 145.875289917, 349.66506958, 195.582473755, 49.2511711121, 43.3326530457, 25.3750114441, 9.69977855682, 2.64293980598, 0.178751960397, 0.0113792233169, 0.000289325573249, 7.25102950128e-07], "dvar": [0.00873632822186, 2.85768389702, 18.5007953644, 4.81411981583, 30.8281230927, 2989.7043457, 2152.31225586, 223.113601685, 281.927337646, 3089.91113281, 2497.89990234, 1847.9987793, 965.596618652, 572.865966797, 122.581619263, 228.934738159, 166.115112305, 375.534698486, 290.721099854, 256.438873291, 387.498657227, 5652.484375, 1020.92376709, 338.746551514, 80.6298904419, 76.1672668457, 62.8692359924, 45.893573761, 121.500968933, 239.756668091, 147.846908569, 45.2791671753, 38.510799408, 23.3299865723, 10.2797803879, 3.03253650665, 0.200681507587, 0.011438369751, 0.000293487246381, 7.65579784456e-07], "mean": [0.0529112368822, 0.69055211544, 1.56368100643, 1.51730263233, 3.57814908028, 22.5837688446, 21.3428077698, 7.40850925446, 10.4795341492, 26.9999160767, 24.0513839722, 15.6988925934, 14.5775880814, 10.6642599106, 5.51002597809, 7.0585360527, 6.64333772659, 8.66165828705, 9.25512886047, 9.30992412567, 9.73699569702, 23.6461181641, 14.6070184708, 9.81796073914, 5.72301054001, 5.05016994476, 3.86620688438, 3.21712708473, 4.36472082138, 7.12169790268, 4.760242939, 2.01025032997, 2.11255383492, 1.46182894707, 0.734705626965, 0.350227713585, 0.100999839604, 0.0288052801043, 0.00417910842225, 0.000214249943383]}, "zerocrossingrate": {"min": 0, "max": 0.52197265625, "dvar2": 0.000853613484651, "median": 0.04150390625, "dmean2": 0.0213320087641, "dmean": 0.0187203232199, "var": 0.00325936288573, "dvar": 0.000723955163267, "mean": 0.058218922466}, "spectral_contrast_coeffs": {"min": [-0.97163939476, -0.972167253494, -0.974986493587, -0.967009544373, -0.964948832989, -0.964464128017], "max": [-0.26052698493, -0.308818012476, -0.393267542124, -0.4893848598, -0.488407701254, -0.559364140034], "dvar2": [0.00773257110268, 0.00633190525696, 0.00314898858778, 0.00189774623141, 0.00196651811711, 0.00398769276217], "median": [-0.588550448418, -0.736335754395, -0.812185764313, -0.83367818594, -0.821339964867, -0.760154128075], "dmean2": [0.100137993693, 0.0888451486826, 0.0659887343645, 0.0498071312904, 0.0451200380921, 0.0525777153671], "dmean": [0.0637405514717, 0.0575139895082, 0.0411941930652, 0.0312399975955, 0.0294020939618, 0.0328671038151], "var": [0.014616462402, 0.0115381414071, 0.00770973740146, 0.00481323152781, 0.00458923680708, 0.00417651049793], "dvar": [0.00346560683101, 0.00279969745316, 0.00141770893242, 0.000868610804901, 0.000922002422158, 0.00166085339151], "mean": [-0.574685275555, -0.723761618137, -0.793314218521, -0.816464960575, -0.803036630154, -0.758296489716]}, "dissonance": {"min": 0.0829016789794, "max": 0.500000119209, "dvar2": 0.00237403064966, "median": 0.463898152113, "dmean2": 0.0440995283425, "dmean": 0.0276219286025, "var": 0.00272781006061, "dvar": 0.00104085972998, "mean": 0.446259826422}, "spectral_energyband_high": {"min": 7.10807932594e-21, "max": 0.0413431450725, "dvar2": 7.37060190659e-06, "median": 0.000122532786918, "dmean2": 0.00103821069933, "dmean": 0.000701162323821, "var": 4.18848867412e-06, "dvar": 3.42964858646e-06, "mean": 0.000786082237028}, "spectral_skewness": {"min": -0.326457053423, "max": 11.6689910889, "dvar2": 1.05131781101, "median": 1.3314344883, "dmean2": 0.800670206547, "dmean": 0.523637890816, "var": 1.65996909142, "dvar": 0.529449403286, "mean": 1.62662541866}, "spectral_flux": {"min": 6.49290829435e-11, "max": 0.36428374052, "dvar2": 0.00406991364434, "median": 0.0566636584699, "dmean2": 0.0596131086349, "dmean": 0.0381746478379, "var": 0.00340156210586, "dvar": 0.00193784967996, "mean": 0.0719331353903}, "silence_rate_30dB": {"min": 0, "max": 1, "dvar2": 0.00980756711215, "median": 1, "dmean2": 0.00656609097496, "dmean": 0.00328278890811, "var": 0.00163835356943, "dvar": 0.00327241118066, "mean": 0.998358726501}, "spectral_energyband_middle_high": {"min": 1.15977790074e-21, "max": 0.071775585413, "dvar2": 1.17858999147e-05, "median": 0.000353831244865, "dmean2": 0.00172710372135, "dmean": 0.00111492210999, "var": 2.26578940783e-05, "dvar": 5.67438337384e-06, "mean": 0.00218343012966}, "barkbands_spread": {"min": 0.0245096366853, "max": 127.090934753, "dvar2": 477.354034424, "median": 14.5118274689, "dmean2": 17.2877159119, "dmean": 10.7259693146, "var": 447.219116211, "dvar": 219.328765869, "mean": 21.6109924316}, "spectral_centroid": {"min": 101.515686035, "max": 11901.0761719, "dvar2": 736905.375, "median": 911.118469238, "dmean2": 678.05480957, "dmean": 424.223907471, "var": 951355.5625, "dvar": 338038.125, "mean": 1180.68188477}, "pitch_salience": {"min": 0.011916231364, "max": 0.924662470818, "dvar2": 0.0345359928906, "median": 0.539292275906, "dmean2": 0.182064801455, "dmean": 0.110457621515, "var": 0.0269993823022, "dvar": 0.0131784202531, "mean": 0.524525702}, "erbbands_skewness": {"min": -5.51776504517, "max": 12.8985557556, "dvar2": 2.15986919403, "median": 0.700861871243, "dmean2": 1.23968029022, "dmean": 0.822681188583, "var": 2.77138352394, "dvar": 1.00246882439, "mean": 0.771002531052}, "erbbands_crest": {"min": 2.21820092201, "max": 31.2360858917, "dvar2": 20.2240123749, "median": 9.74031829834, "dmean2": 5.04673528671, "dmean": 3.18070721626, "var": 25.8000297546, "dvar": 9.11011219025, "mean": 10.8100500107}, "melbands": {"min": [2.30776386606e-24, 1.87952066569e-24, 1.07810099625e-24, 1.14011049239e-24, 1.83690718845e-24, 1.55543826481e-24, 2.02205087075e-24, 3.63008268932e-24, 3.35293928724e-24, 3.41369774859e-24, 3.68621684805e-24, 3.02538353179e-24, 1.70348359367e-24, 3.76012285968e-24, 2.64693540112e-24, 4.26441323739e-24, 3.47612504519e-24, 2.55465543851e-24, 3.39517292795e-24, 4.6012592105e-24, 4.4067911923e-24, 3.71119967849e-24, 3.76632330639e-24, 4.64181336635e-24, 3.97501093684e-24, 6.27387664911e-24, 5.17139975228e-24, 6.15615256964e-24, 6.18911788358e-24, 4.59685381678e-24, 5.65901321603e-24, 6.12428022249e-24, 6.10795001289e-24, 5.78373764717e-24, 6.5354009997e-24, 5.74174500347e-24, 6.44666045875e-24, 6.73328044689e-24, 6.72573657005e-24, 6.40565665219e-24], "max": [0.0090396720916, 0.0181975085288, 0.00416855141521, 0.0231372732669, 0.0199607722461, 0.00689401151612, 0.00639983732253, 0.00809124670923, 0.0133054740727, 0.00977416243404, 0.00658964319155, 0.00510399276391, 0.00383380823769, 0.00198815297335, 0.00139559386298, 0.0015234190505, 0.00209264224395, 0.00145139975939, 0.00161734223366, 0.000923403946217, 0.00189531955402, 0.00274076499045, 0.00474701821804, 0.000533734506462, 0.000633299758192, 0.00026194381644, 0.000234999359236, 0.000136652539368, 0.000274274963886, 6.1006667238e-05, 0.000120596778288, 0.000129110892885, 0.000184726188309, 0.000228784207138, 0.000279029802186, 0.000432576576713, 0.000235199098825, 0.000149415194755, 6.57166165183e-05, 3.92045731132e-05], "dvar2": [3.26151621266e-06, 1.43206707435e-05, 3.56067886287e-07, 1.11201707114e-05, 9.32944294618e-06, 3.35374920724e-07, 2.056487034e-07, 1.12686495868e-06, 3.66226885262e-07, 1.65990101664e-07, 5.07506818792e-08, 1.67386762229e-08, 3.47352480112e-09, 3.21414028726e-09, 1.69426106478e-09, 2.39842257166e-09, 2.94464741479e-09, 2.28474572594e-09, 2.34535790788e-09, 1.05865038957e-09, 1.77214698471e-09, 1.38975684294e-08, 1.19778587049e-08, 6.04041261454e-10, 7.42991557168e-10, 1.18040577313e-10, 1.32091421134e-10, 8.60190252361e-11, 6.18934625773e-11, 3.48683928952e-11, 4.09536606016e-11, 1.53627041644e-10, 7.02096436545e-11, 1.85041162948e-10, 1.31436916906e-10, 7.32901378475e-11, 3.48932376049e-11, 3.85431582484e-11, 6.70665606384e-11, 3.2022929447e-11], "median": [4.39690011262e-05, 6.50109359412e-05, 7.68783938838e-05, 0.000313388532959, 0.000261053617578, 3.2755851862e-05, 4.32974884461e-05, 4.69209553557e-05, 1.68923525052e-05, 9.45037936617e-06, 5.43150417798e-06, 2.9049585919e-06, 1.53382814005e-06, 1.11805456982e-06, 1.28445253722e-06, 1.4906341903e-06, 1.71984902408e-06, 1.18071898214e-06, 1.34859226364e-06, 9.04750095287e-07, 1.09042150598e-06, 1.76643197847e-06, 1.94069002646e-06, 1.4259251202e-06, 1.19591697967e-06, 8.13337805994e-07, 6.46472130938e-07, 5.51402365545e-07, 4.10405306184e-07, 3.04319769384e-07, 2.67906955287e-07, 3.20103026752e-07, 6.19146646841e-07, 5.28617476903e-07, 2.99149235161e-07, 1.8450704431e-07, 8.50588719459e-08, 4.89978262408e-08, 2.80874150604e-08, 8.80610961929e-09], "dmean2": [0.000913929892704, 0.00175420870073, 0.00033358996734, 0.00119709770661, 0.001139585278, 0.000209903679206, 0.000183021897101, 0.000416128168581, 0.000219088993617, 0.000106970714114, 5.93718541495e-05, 2.99081966659e-05, 1.46931342897e-05, 1.26083559735e-05, 1.25714059322e-05, 1.71145857166e-05, 1.87048626685e-05, 1.59853625519e-05, 1.76729208761e-05, 1.16257397167e-05, 1.39834892252e-05, 2.86539507215e-05, 2.7606394724e-05, 1.14280692287e-05, 1.37506185638e-05, 5.02656348544e-06, 6.05731429459e-06, 4.77112689623e-06, 3.72028830498e-06, 2.96157895718e-06, 2.83808685708e-06, 3.97966823584e-06, 3.20075173477e-06, 4.98285953654e-06, 3.94753760702e-06, 2.08035748983e-06, 1.55549378178e-06, 2.03214312933e-06, 2.80699055111e-06, 1.72246348029e-06], "dmean": [0.000571273674723, 0.0010090500582, 0.000200226771994, 0.000715990026947, 0.000706364982761, 0.000126273007481, 0.000116008268378, 0.000268790288828, 0.000136183705763, 6.5713749791e-05, 3.75517192879e-05, 2.14282354136e-05, 1.02590502138e-05, 8.59474675963e-06, 8.5040810518e-06, 1.10111777758e-05, 1.22789042507e-05, 9.85236965789e-06, 1.11584795377e-05, 7.12410201231e-06, 8.69542054716e-06, 1.7943975763e-05, 1.72054187715e-05, 6.80879884385e-06, 7.79156016506e-06, 3.15298325404e-06, 3.67013512914e-06, 2.78013931165e-06, 2.30292380365e-06, 1.79864525762e-06, 1.75930290425e-06, 2.493321972e-06, 2.17386764234e-06, 3.40734686688e-06, 2.77399840343e-06, 1.36044332066e-06, 1.03228501303e-06, 1.32188279167e-06, 1.79758194463e-06, 1.13173371119e-06], "var": [1.70527891896e-06, 4.12261897509e-06, 1.6403909342e-07, 3.72375075131e-06, 3.70128850591e-06, 1.65150879639e-07, 1.49921859816e-07, 5.99458701345e-07, 3.45606053997e-07, 9.84557431138e-08, 1.05427751862e-07, 4.30805897622e-08, 7.89831577919e-09, 7.38155359059e-09, 4.70505145955e-09, 2.6263746733e-09, 3.38970207459e-09, 1.83183823665e-09, 3.67481689523e-09, 1.36310263077e-09, 2.66881183819e-09, 1.18206111566e-08, 1.71229448398e-08, 4.80534723124e-10, 3.82092413265e-10, 9.08945765876e-11, 8.67995952891e-11, 6.18166767774e-11, 4.90106462359e-11, 1.90844475639e-11, 2.58798312641e-11, 6.7225121303e-11, 5.29255493598e-11, 1.28754285011e-10, 9.13609188302e-11, 3.28875676692e-11, 1.59375498909e-11, 1.79752757817e-11, 3.02438872557e-11, 1.6393983393e-11], "dvar": [1.48561309743e-06, 5.30241050001e-06, 1.34134836571e-07, 4.20187370764e-06, 3.63330900655e-06, 1.279933457e-07, 8.68560121603e-08, 4.91859225349e-07, 1.58685764973e-07, 6.75534437278e-08, 2.48476972331e-08, 1.02671737778e-08, 2.18145101982e-09, 1.77108916422e-09, 9.94861637515e-10, 1.22180521256e-09, 1.53233947753e-09, 9.81616787854e-10, 1.15948040058e-09, 4.9953952086e-10, 8.27089674527e-10, 5.94745275251e-09, 5.77629144516e-09, 2.49408937947e-10, 2.80180795231e-10, 5.23985820011e-11, 5.62645520452e-11, 3.51618872907e-11, 2.96077294626e-11, 1.56311023153e-11, 1.91174489433e-11, 6.43435998926e-11, 3.34296271221e-11, 9.08241329367e-11, 6.59864940467e-11, 3.2277312767e-11, 1.50837224655e-11, 1.63202038689e-11, 2.81188856921e-11, 1.50794637194e-11], "mean": [0.000645522901323, 0.000897293095477, 0.00027441731072, 0.000874438555911, 0.00091221369803, 0.000172785890754, 0.000180789589649, 0.00031317959656, 0.000187879151781, 9.20025995583e-05, 7.04402264091e-05, 4.27265149483e-05, 1.8923483367e-05, 1.7755677618e-05, 1.5429501218e-05, 1.487332338e-05, 1.66375157278e-05, 1.343189615e-05, 1.76996964001e-05, 9.64322134678e-06, 1.15815355457e-05, 2.31756512221e-05, 2.33537666645e-05, 8.24987455417e-06, 8.17500040284e-06, 4.12406325268e-06, 3.99020245823e-06, 3.2559482861e-06, 2.54800534094e-06, 1.89390948435e-06, 1.92912762031e-06, 2.63229094344e-06, 2.91857895718e-06, 4.09650965594e-06, 3.17762919622e-06, 1.51080382693e-06, 1.07225605461e-06, 1.29130580717e-06, 1.74653791873e-06, 1.0678010085e-06]}, "spectral_entropy": {"min": 3.1106262207, "max": 9.81549739838, "dvar2": 0.34286493063, "median": 7.36403131485, "dmean2": 0.539748847485, "dmean": 0.373964905739, "var": 0.697566568851, "dvar": 0.189412772655, "mean": 7.25434064865}, "spectral_rolloff": {"min": 21.533203125, "max": 19186.0839844, "dvar2": 6576813.5, "median": 538.330078125, "dmean2": 1611.9708252, "dmean": 923.611328125, "var": 5515987.5, "dvar": 3198523, "mean": 1524.45898438}, "barkbands": {"min": [4.92888132887e-25, 6.12904888666e-24, 8.05056909858e-25, 1.27420471754e-24, 5.27579997106e-24, 8.87446509154e-24, 8.83429944969e-24, 4.7307274567e-24, 2.72856921251e-23, 1.96613246548e-23, 1.31729263545e-23, 3.00243552862e-23, 3.00557898155e-23, 3.75383847816e-23, 4.91884908892e-23, 9.59363660445e-23, 9.02718461849e-23, 9.26286154709e-23, 1.82572238721e-22, 2.16872579834e-22, 3.18085781624e-22, 3.36814576448e-22, 4.06275533579e-22, 6.66793452271e-22, 8.84342609705e-22, 1.28457241428e-21, 1.98118521267e-21], "max": [0.0110549237579, 0.0435904860497, 0.0338799729943, 0.00727334059775, 0.101261280477, 0.0434562563896, 0.041523501277, 0.0564542487264, 0.0683936029673, 0.0427416749299, 0.0436347946525, 0.0134091908112, 0.0118611101061, 0.0204825978726, 0.0148744098842, 0.0107058854774, 0.0688187479973, 0.0353421159089, 0.00834604538977, 0.00437836628407, 0.00479016127065, 0.00734572298825, 0.0207481011748, 0.013954478316, 0.00398298446089, 0.00305944285356, 0.000882379652467], "dvar2": [4.63031113895e-07, 9.00677478057e-05, 2.7496183975e-05, 8.24462119908e-07, 0.000275987578789, 1.95388238353e-05, 8.0046011135e-06, 2.66803453997e-05, 9.10155722522e-06, 1.7156174863e-06, 3.24284769704e-07, 2.30809220625e-07, 2.0621433805e-07, 4.09074260688e-07, 3.07098730445e-07, 1.79014492119e-07, 4.53027496405e-06, 7.34260368063e-07, 1.50676157773e-07, 1.05074434487e-07, 5.167159145e-08, 2.82928709794e-07, 3.91741735939e-07, 2.35273930116e-07, 4.17615041215e-07, 2.35378124103e-07, 1.8689277681e-08], "median": [0.000177539812285, 6.18772755843e-05, 0.000147075479617, 6.83341204422e-05, 0.00176487118006, 0.000191340848687, 0.000204223804758, 9.73481801338e-05, 6.46831322229e-05, 2.743215191e-05, 1.16492847155e-05, 9.96446851786e-06, 1.39729090733e-05, 1.68108945218e-05, 1.68524311448e-05, 1.37132228701e-05, 3.22463820339e-05, 3.34692922479e-05, 2.70038817689e-05, 1.89890124602e-05, 1.42684766615e-05, 3.04828299704e-05, 1.89384227269e-05, 6.69338669468e-06, 9.73334863374e-07, 2.55848334518e-07, 1.19283981803e-07], "dmean2": [0.000354851043085, 0.0045779356733, 0.00241525517777, 0.000485828786623, 0.0063188681379, 0.00151768757496, 0.0011323801009, 0.00188122247346, 0.000794247840531, 0.000320003280649, 0.000135828289785, 0.00011814446043, 0.000156849942869, 0.000197176210349, 0.000219484922127, 0.000164113822393, 0.000543121306691, 0.000290435069473, 0.00020443428366, 0.000169952880242, 0.000111977395136, 0.000199186397367, 0.000212066050153, 0.00016698143736, 0.000188764126506, 0.000133194800583, 3.72378635802e-05], "dmean": [0.000314280478051, 0.00271384883672, 0.00141910091043, 0.000282960594632, 0.00389805319719, 0.000904120097402, 0.00071166845737, 0.00120713666547, 0.000484794465592, 0.000212254220969, 9.65503713815e-05, 7.96889071353e-05, 9.99854673864e-05, 0.000128290455905, 0.000136291229865, 0.000101158155303, 0.000339815567713, 0.000173841559445, 0.000121696670249, 0.000100762386865, 6.97001814842e-05, 0.000132783490699, 0.000146647027577, 0.000110154622234, 0.000122450699564, 8.45130998641e-05, 2.44501734414e-05], "var": [9.40322308907e-07, 3.48793691956e-05, 7.71984559833e-06, 5.04797981193e-07, 0.000109393578896, 8.22073070594e-06, 5.58148349228e-06, 1.49075440277e-05, 6.52472044749e-06, 3.92029551222e-06, 8.19154308829e-07, 6.20397429429e-07, 2.16982670054e-07, 3.69626206975e-07, 4.2929002575e-07, 2.34415608702e-07, 4.81680399389e-06, 5.17461955951e-07, 1.04473144802e-07, 6.39966160065e-08, 3.39567023389e-08, 1.72395559161e-07, 2.59096083255e-07, 1.18132930993e-07, 1.85287433396e-07, 9.06295980485e-08, 8.21004864093e-09], "dvar": [3.26602332734e-07, 3.62346072507e-05, 1.02052208604e-05, 3.01298769045e-07, 0.000108336003905, 7.24293931853e-06, 3.38326367455e-06, 1.16350702228e-05, 3.86698911825e-06, 8.86848511072e-07, 2.27352657589e-07, 1.22151163851e-07, 1.02212098341e-07, 1.95831901806e-07, 1.4200942644e-07, 8.35390494558e-08, 2.15955719796e-06, 3.28074605704e-07, 6.06633534517e-08, 4.17627106231e-08, 2.44912161662e-08, 1.30039708779e-07, 1.92170816149e-07, 1.0290897734e-07, 1.85584326573e-07, 1.00891483612e-07, 8.3999642797e-09], "mean": [0.000536305131391, 0.00270570628345, 0.00123031740077, 0.000415797578171, 0.00504413992167, 0.00116432784125, 0.00104795652442, 0.00136283051688, 0.000669776229188, 0.000437579961726, 0.000164814671734, 0.000160091920407, 0.000137024690048, 0.000171383653651, 0.000211131846299, 0.000135819296702, 0.000448337988928, 0.000204342170036, 0.000146352162119, 0.000112312416604, 7.73929277784e-05, 0.000161898307852, 0.000173635809915, 0.000112251196697, 0.000111703957373, 7.03479672666e-05, 2.13293715206e-05]}, "melbands_flatness_db": {"min": 0.00305287423544, "max": 0.703004300594, "dvar2": 0.00712872017175, "median": 0.23642295599, "dmean2": 0.0803785473108, "dmean": 0.053110551089, "var": 0.0121562890708, "dvar": 0.0034424487967, "mean": 0.258759140968}, "melbands_skewness": {"min": -3.38760066032, "max": 75.1111373901, "dvar2": 10.3168172836, "median": 3.19084811211, "dmean2": 2.42886447906, "dmean": 1.51782655716, "var": 9.75053787231, "dvar": 4.31181144714, "mean": 3.70731878281}, "barkbands_skewness": {"min": -6.55752897263, "max": 104.133842468, "dvar2": 10.4373836517, "median": 1.93921613693, "dmean2": 1.98481047153, "dmean": 1.25686979294, "var": 10.7232837677, "dvar": 4.76402807236, "mean": 2.34462690353}, "silence_rate_60dB": {"min": 0, "max": 1, "dvar2": 0.205251201987, "median": 0, "dmean2": 0.252325505018, "dmean": 0.12615288794, "var": 0.186265543103, "dvar": 0.110232956707, "mean": 0.247518569231}, "spectral_energyband_low": {"min": 2.04086993651e-23, "max": 0.0651367753744, "dvar2": 0.000178270114702, "median": 0.0005304539809, "dmean2": 0.00666568987072, "dmean": 0.00402953755111, "var": 6.82096433593e-05, "dvar": 7.04544727341e-05, "mean": 0.00433835573494}, "spectral_energyband_middle_low": {"min": 2.35595038527e-22, "max": 0.136123016477, "dvar2": 0.000479330221424, "median": 0.00519144488499, "dmean2": 0.00952356494963, "dmean": 0.00610689958557, "var": 0.000237145039137, "dvar": 0.000193991712877, "mean": 0.00992308277637}, "melbands_kurtosis": {"min": -1.9420273304, "max": 7940.84619141, "dvar2": 29285.515625, "median": 16.230178833, "dmean2": 42.8805885315, "dmean": 26.1396255493, "var": 21023.5996094, "dvar": 12783.3974609, "mean": 36.7830734253}, "spectral_decrease": {"min": -3.78497304609e-08, "max": 1.1988392699e-28, "dvar2": 4.21182335375e-17, "median": -2.7036362038e-09, "dmean2": 3.93687704658e-09, "dmean": 2.57753929311e-09, "var": 2.51727653643e-17, "dvar": 1.76408143941e-17, "mean": -4.2241516951e-09}, "erbbands_kurtosis": {"min": -1.95467841625, "max": 320.074066162, "dvar2": 288.67880249, "median": 0.224011182785, "dmean2": 6.58557033539, "dmean": 4.14649534225, "var": 234.210372925, "dvar": 125.279502869, "mean": 4.18184089661}, "melbands_crest": {"min": 1.59111666679, "max": 39.942111969, "dvar2": 35.7746124268, "median": 15.6051626205, "dmean2": 6.65331268311, "dmean": 4.03846311569, "var": 34.2174453735, "dvar": 14.3697109222, "mean": 16.1442108154}, "gfcc": {"cov": [[19727.0644531, -2234.35131836, -2092.97045898, -331.384765625, -887.207214355, 353.491546631, -714.964416504, 346.185394287, -542.793640137, 29.9899215698, -390.919891357, -66.8851928711, -149.227203369], [-2234.35131836, 3673.21411133, -472.627166748, 31.4874305725, 653.5390625, -371.579833984, 299.677246094, -239.688110352, 442.037475586, -305.615142822, 225.376113892, -56.6126365662, 195.045898438], [-2092.97045898, -472.627166748, 2070.15136719, 104.294876099, 121.37134552, 144.902587891, 10.2195320129, 95.3567123413, -24.3694534302, 132.982330322, -10.4977416992, 82.7232208252, -106.783500671], [-331.384765625, 31.4874305725, 104.294876099, 955.358154297, 246.602737427, 125.193702698, 181.061294556, -80.0879135132, 192.47164917, -46.1369934082, 71.3246383667, -9.03916072845, 22.98412323], [-887.207214355, 653.5390625, 121.37134552, 246.602737427, 779.265441895, 18.5020599365, 141.488128662, 85.1209030151, 187.299911499, 20.7683162689, 33.5183181763, 82.2683944702, 42.4502906799], [353.491546631, -371.579833984, 144.902587891, 125.193702698, 18.5020599365, 349.518157959, 123.962837219, 41.2486610413, -7.49782085419, 54.1593017578, 11.7549715042, 1.42050790787, -19.6215686798], [-714.964416504, 299.677246094, 10.2195320129, 181.061294556, 141.488128662, 123.962837219, 317.601989746, 47.7292823792, 99.3398971558, 33.1794013977, 61.4919586182, -33.0433998108, 2.36275601387], [346.185394287, -239.688110352, 95.3567123413, -80.0879135132, 85.1209030151, 41.2486610413, 47.7292823792, 282.117584229, 36.5022850037, 120.031730652, -23.2614459991, -5.89376163483, -51.7442245483], [-542.793640137, 442.037475586, -24.3694534302, 192.47164917, 187.299911499, -7.49782085419, 99.3398971558, 36.5022850037, 267.014678955, -17.6043510437, 51.8669776917, 5.14248132706, 1.67436790466], [29.9899215698, -305.615142822, 132.982330322, -46.1369934082, 20.7683162689, 54.1593017578, 33.1794013977, 120.031730652, -17.6043510437, 170.767181396, -3.81307435036, -14.4005651474, -33.5629463196], [-390.919891357, 225.376113892, -10.4977416992, 71.3246383667, 33.5183181763, 11.7549715042, 61.4919586182, -23.2614459991, 51.8669776917, -3.81307435036, 107.42565155, 14.9787664413, 27.3326950073], [-66.8851928711, -56.6126365662, 82.7232208252, -9.03916072845, 82.2683944702, 1.42050790787, -33.0433998108, -5.89376163483, 5.14248132706, -14.4005651474, 14.9787664413, 117.055854797, 25.0826568604], [-149.227203369, 195.045898438, -106.783500671, 22.98412323, 42.4502906799, -19.6215686798, 2.36275601387, -51.7442245483, 1.67436790466, -33.5629463196, 27.3326950073, 25.0826568604, 118.552375793]], "icov": [[8.67300259415e-05, -4.80523704027e-05, 0.000115011403977, -9.93216017378e-05, 9.43217528402e-05, -0.000219677065616, 0.00027474592207, -0.000239822024014, 0.000159888542839, -1.25491569634e-05, 0.000190722261323, -0.000116382310807, 0.000105636056105], [-4.80523704027e-05, 0.000966434716247, -0.000105442792119, 0.000699974538293, -0.000857248611283, 0.000921111088246, -0.000911871786229, 0.000763312331401, -0.00103325373493, 0.00131364818662, -0.00130588083994, 0.00146333302837, -0.000692463247105], [0.000115011403977, -0.000105442792119, 0.000728572311345, -0.000256218510913, 9.63802085607e-05, -0.0004554274783, 0.00045274340664, -0.000295607547741, 0.00037170923315, -0.000467510748422, 0.000299761275528, -0.000736881804187, 0.00072542153066], [-9.93216017378e-05, 0.000699974538293, -0.000256218510913, 0.00207500904799, -0.000977614312433, 0.000292664888548, -0.00113991042599, 0.0014077242231, -0.00166963448282, 0.00110481411684, -0.00122441013809, 0.00154650036711, -0.000582618755288], [9.43217528402e-05, -0.000857248611283, 9.63802085607e-05, -0.000977614312433, 0.00276166433468, -0.000620129227173, 0.000239607819822, -0.00126253382768, 3.84456907341e-05, -0.00139705894981, 0.00194527686108, -0.00283768540248, -8.60672662384e-05], [-0.000219677065616, 0.000921111088246, -0.0004554274783, 0.000292664888548, -0.000620129227173, 0.00506673008204, -0.00298308441415, 0.000968515174463, -0.000427756196586, 0.000375697854906, -0.00115628994536, 0.000555844453629, -0.000454702618299], [0.00027474592207, -0.000911871786229, 0.00045274340664, -0.00113991042599, 0.000239607819822, -0.00298308441415, 0.00683655543253, -0.00186258077156, 0.000463259144453, -0.00122291373555, -0.000891695672181, 0.000821224006359, 0.000625212036539], [-0.000239822024014, 0.000763312331401, -0.000295607547741, 0.0014077242231, -0.00126253382768, 0.000968515174463, -0.00186258077156, 0.00726850004867, -0.00244736950845, -0.00292193912901, 0.000276209320873, 0.000829670054372, 0.000693206267897], [0.000159888542839, -0.00103325373493, 0.00037170923315, -0.00166963448282, 3.84456907341e-05, -0.000427756196586, 0.000463259144453, -0.00244736950845, 0.00728785945103, 0.000109156790131, -0.000633643823676, -0.00141964992508, 0.00177213561255], [-1.25491569634e-05, 0.00131364818662, -0.000467510748422, 0.00110481411684, -0.00139705894981, 0.000375697854906, -0.00122291373555, -0.00292193912901, 0.000109156790131, 0.0113881174475, -0.00317251915112, 0.00338750355877, -0.000263636669843], [0.000190722261323, -0.00130588083994, 0.000299761275528, -0.00122441013809, 0.00194527686108, -0.00115628994536, -0.000891695672181, 0.000276209320873, -0.000633643823676, -0.00317251915112, 0.0147936660796, -0.00441405922174, -0.00121971452609], [-0.000116382310807, 0.00146333302837, -0.000736881804187, 0.00154650036711, -0.00283768540248, 0.000555844453629, 0.000821224006359, 0.000829670054372, -0.00141964992508, 0.00338750355877, -0.00441405922174, 0.0137680219486, -0.0029799293261], [0.000105636056105, -0.000692463247105, 0.00072542153066, -0.000582618755288, -8.60672662384e-05, -0.000454702618299, 0.000625212036539, 0.000693206267897, 0.00177213561255, -0.000263636669843, -0.00121971452609, -0.0029799293261, 0.011531365104]], "mean": [-107.532318115, 91.7939605713, -98.0064849854, 40.0802230835, -65.8128356934, -8.15600967407, -40.830406189, -3.97247672081, -9.91327953339, -8.79540157318, -10.3572053909, -2.65619969368, -12.4127454758]}, "melbands_spread": {"min": 0.0525134950876, "max": 289.776611328, "dvar2": 1150.96655273, "median": 11.8739595413, "dmean2": 20.6991767883, "dmean": 12.8002948761, "var": 890.57421875, "dvar": 545.993347168, "mean": 21.5567626953}, "spectral_energy": {"min": 9.89569414612e-21, "max": 0.152395904064, "dvar2": 0.000678819604218, "median": 0.0108548682183, "dmean2": 0.0157227162272, "dmean": 0.010423572734, "var": 0.000429963984061, "dvar": 0.000290867465083, "mean": 0.0172350276262}, "mfcc": {"cov": [[16746.5136719, -1030.47949219, -2063.32568359, -601.592041016, -724.232116699, -311.854217529, -394.985046387, -52.4769477844, -187.809524536, -91.7582778931, -79.440864563, -236.741989136, -253.468322754], [-1030.47949219, 2685.83520508, -372.95791626, 77.0156555176, 219.404434204, -92.1391067505, -111.914375305, 80.0794143677, 56.3740463257, -105.883865356, -30.4196567535, 84.3251647949, 10.5279912949], [-2063.32568359, -372.95791626, 1550.58898926, 70.5012741089, 127.645065308, 97.0729141235, 113.686660767, -13.5815429688, -49.7594184875, 55.5303153992, 26.9377593994, -52.01953125, 87.2525787354], [-601.592041016, 77.0156555176, 70.5012741089, 734.983642578, 254.466171265, 215.598739624, -1.36358475685, 122.22668457, 73.9437561035, 47.7753105164, -15.1725969315, 134.271255493, 20.4274539948], [-724.232116699, 219.404434204, 127.645065308, 254.466171265, 508.538269043, 87.3719940186, 17.4616699219, 83.2129135132, 119.204627991, -32.6776847839, 30.2372913361, 85.4696350098, 67.2471008301], [-311.854217529, -92.1391067505, 97.0729141235, 215.598739624, 87.3719940186, 363.719238281, 93.4010696411, 101.076324463, 24.8702392578, 47.8815155029, 3.83465766907, 20.8205718994, -5.9909362793], [-394.985046387, -111.914375305, 113.686660767, -1.36358475685, 17.4616699219, 93.4010696411, 274.265991211, 24.7861652374, 62.9772262573, 63.4106178284, 52.8412055969, 26.1518039703, 31.3280010223], [-52.4769477844, 80.0794143677, -13.5815429688, 122.22668457, 83.2129135132, 101.076324463, 24.7861652374, 183.945541382, 57.2453536987, 27.4371757507, 26.7241477966, 46.4757118225, 40.6069717407], [-187.809524536, 56.3740463257, -49.7594184875, 73.9437561035, 119.204627991, 24.8702392578, 62.9772262573, 57.2453536987, 175.215759277, 57.0031967163, 54.7684173584, 74.1849746704, 35.864112854], [-91.7582778931, -105.883865356, 55.5303153992, 47.7753105164, -32.6776847839, 47.8815155029, 63.4106178284, 27.4371757507, 57.0031967163, 148.051528931, 63.3484687805, 34.4132347107, 26.8316135406], [-79.440864563, -30.4196567535, 26.9377593994, -15.1725969315, 30.2372913361, 3.83465766907, 52.8412055969, 26.7241477966, 54.7684173584, 63.3484687805, 126.227890015, 59.4879341125, 43.7862854004], [-236.741989136, 84.3251647949, -52.01953125, 134.271255493, 85.4696350098, 20.8205718994, 26.1518039703, 46.4757118225, 74.1849746704, 34.4132347107, 59.4879341125, 168.517700195, 35.0269203186], [-253.468322754, 10.5279912949, 87.2525787354, 20.4274539948, 67.2471008301, -5.9909362793, 31.3280010223, 40.6069717407, 35.864112854, 26.8316135406, 43.7862854004, 35.0269203186, 126.142089844]], "icov": [[8.30117351143e-05, 4.55796980532e-05, 0.000111449880933, 2.16989774344e-05, 3.75360141334e-05, 2.90471580229e-05, 7.5964613643e-05, -8.37395491544e-05, 3.54745316145e-05, -3.14245721711e-06, -5.97509024374e-05, 9.38502198551e-05, 5.71173404751e-05], [4.55796980532e-05, 0.000450480612926, 0.000145916565089, 3.80099299946e-05, -0.000158812908921, 0.00015336056822, 0.000114988120913, -0.000249317788985, 9.93412231765e-06, 0.000168213737197, 9.79880715022e-05, -0.000117963951197, 5.06899777974e-05], [0.000111449880933, 0.000145916565089, 0.000954986782745, -2.98196628137e-05, -0.000337886100169, -2.78778697975e-05, -0.000184303105925, 9.26096909097e-05, 0.00068193039624, -0.000422336888732, -0.000128939733258, 0.000504803203512, -0.000448666891316], [2.16989774344e-05, 3.80099299946e-05, -2.98196628137e-05, 0.0025195539929, -0.000990740722045, -0.000969162385445, 0.000541707267985, -0.000529524520971, 0.000341906270478, -0.00130627141334, 0.0017944695428, -0.00189107225742, 0.000253968551988], [3.75360141334e-05, -0.000158812908921, -0.000337886100169, -0.000990740722045, 0.00372602557763, -0.000527263735421, 0.000322746840538, 3.53962532245e-05, -0.00257426151074, 0.00282090576366, -0.00102030858397, 9.11549868761e-05, -0.00115939776879], [2.90471580229e-05, 0.00015336056822, -2.78778697975e-05, -0.000969162385445, -0.000527263735421, 0.00455505633727, -0.00148899713531, -0.00216176360846, 0.00102238345426, -0.00102384167258, 0.000294670055155, 0.000615494616795, 0.00143882923294], [7.5964613643e-05, 0.000114988120913, -0.000184303105925, 0.000541707267985, 0.000322746840538, -0.00148899713531, 0.00506487116218, 0.000442606426077, -0.00160717999097, -0.000572068034671, -0.000844768888783, -8.73056706041e-05, -0.000564231013414], [-8.37395491544e-05, -0.000249317788985, 9.26096909097e-05, -0.000529524520971, 3.53962532245e-05, -0.00216176360846, 0.000442606426077, 0.00811126548797, -0.00161348620895, 0.000253575533861, -0.000543472124264, -0.000270577991614, -0.00229977746494], [3.54745316145e-05, 9.93412231765e-06, 0.00068193039624, 0.000341906270478, -0.00257426151074, 0.00102238345426, -0.00160717999097, -0.00161348620895, 0.0106184575707, -0.00377745646983, -0.000376379379304, -0.00198619882576, 0.000349543639459], [-3.14245721711e-06, 0.000168213737197, -0.000422336888732, -0.00130627141334, 0.00282090576366, -0.00102384167258, -0.000572068034671, 0.000253575533861, -0.00377745646983, 0.0121979005635, -0.00493294466287, 0.000657569034956, -0.000999601907097], [-5.97509024374e-05, 9.79880715022e-05, -0.000128939733258, 0.0017944695428, -0.00102030858397, 0.000294670055155, -0.000844768888783, -0.000543472124264, -0.000376379379304, -0.00493294466287, 0.0141889909282, -0.00426654750481, -0.00197121105157], [9.38502198551e-05, -0.000117963951197, 0.000504803203512, -0.00189107225742, 9.11549868761e-05, 0.000615494616795, -8.73056706041e-05, -0.000270577991614, -0.00198619882576, 0.000657569034956, -0.00426654750481, 0.0101377312094, -0.0006642768858], [5.71173404751e-05, 5.06899777974e-05, -0.000448666891316, 0.000253968551988, -0.00115939776879, 0.00143882923294, -0.000564231013414, -0.00229977746494, 0.000349543639459, -0.000999601907097, -0.00197121105157, -0.0006642768858, 0.0108561459929]], "mean": [-748.129089355, 113.79851532, 21.9725284576, 36.2366485596, 3.11492371559, -0.779696583748, -17.0849380493, 3.45088720322, -9.3884973526, 1.85471820831, 1.44229638577, -3.18968510628, -4.59689092636]}, "spectral_contrast_valleys": {"min": [-28.1332168579, -27.9700107574, -27.7739715576, -27.5027103424, -27.5667285919, -27.4192123413], "max": [-5.4680929184, -4.13198661804, -5.26609992981, -5.73192691803, -5.82379436493, -7.23196792603], "dvar2": [0.950083732605, 1.20761692524, 1.0382604599, 1.14282357693, 1.34914338589, 0.908747375011], "median": [-8.42918395996, -7.45590925217, -8.50452899933, -8.74596691132, -8.32037162781, -11.0871505737], "dmean2": [1.00338101387, 0.981969952583, 0.912193179131, 0.896523833275, 0.948566257954, 0.88136523962], "dmean": [0.715041279793, 0.673915147781, 0.617838382721, 0.645576119423, 0.721204519272, 0.721701204777], "var": [2.96449875832, 2.88009238243, 2.52597975731, 2.63887357712, 2.81946206093, 3.35215044022], "dvar": [0.522981405258, 0.601736783981, 0.532252192497, 0.584542930126, 0.723513841629, 0.681152105331], "mean": [-8.51401138306, -7.70025014877, -8.74448394775, -8.94566726685, -8.59151172638, -11.2261562347]}, "barkbands_flatness_db": {"min": 0.0194537043571, "max": 0.628752827644, "dvar2": 0.00511289061978, "median": 0.176789373159, "dmean2": 0.0668195337057, "dmean": 0.0442947931588, "var": 0.00814012158662, "dvar": 0.00243485788815, "mean": 0.194491326809}, "dynamic_complexity": 4.9791970253, "erbbands_flatness_db": {"min": 0.0378529466689, "max": 0.516858875751, "dvar2": 0.0019762578886, "median": 0.178713262081, "dmean2": 0.043834708631, "dmean": 0.0311793517321, "var": 0.00443660281599, "dvar": 