{"lowlevel": {"spectral_complexity": {"min": 0, "max": 58, "dvar2": 27.3422603607, "median": 24, "dmean2": 6.0033364296, "dmean": 4.23783349991, "var": 140.317977905, "dvar": 15.5116910934, "mean": 24.3507938385}, "silence_rate_20dB": {"min": 1, "max": 1, "dvar2": 0, "median": 1, "dmean2": 0, "dmean": 0, "var": 0, "dvar": 0, "mean": 1}, "average_loudness": 0.726499199867, "erbbands_spread": {"min": 2.82940506935, "max": 136.377410889, "dvar2": 372.033905029, "median": 31.9099960327, "dmean2": 16.8664913177, "dmean": 10.8826465607, "var": 391.09085083, "dvar": 161.92414856, "mean": 37.0571670532}, "spectral_kurtosis": {"min": -1.00447452068, "max": 57.0091400146, "dvar2": 10.9867191315, "median": 3.39071369171, "dmean2": 2.42676305771, "dmean": 1.48983001709, "var": 11.3469839096, "dvar": 4.07413339615, "mean": 3.90440917015}, "barkbands_kurtosis": {"min": -1.89196121693, "max": 383.286071777, "dvar2": 362.647003174, "median": -0.19383263588, "dmean2": 6.74385499954, "dmean": 4.1421995163, "var": 206.223800659, "dvar": 159.046798706, "mean": 3.09557008743}, "spectral_strongpeak": {"min": 0, "max": 11.1790056229, "dvar2": 2.34039330482, "median": 0.372104436159, "dmean2": 0.962748587132, "dmean": 0.557404339314, "var": 1.19905841351, "dvar": 0.899644315243, "mean": 0.760360300541}, "spectral_spread": {"min": 1215286.25, "max": 26054234, "dvar2": 622576402432, "median": 3952147, "dmean2": 666783.9375, "dmean": 478720.8125, "var": 1860238049280.0, "dvar": 390001885184, "mean": 4126061.5}, "spectral_rms": {"min": 3.94453309127e-06, "max": 0.0161042269319, "dvar2": 7.4459926509e-06, "median": 0.00412991456687, "dmean2": 0.00191287207417, "dmean": 0.00130872172303, "var": 6.42351733404e-06, "dvar": 3.49562310475e-06, "mean": 0.00469314074144}, "erbbands": {"min": [6.65226806973e-08, 3.64975988987e-07, 1.2074794995e-06, 2.84438829112e-06, 5.48965408598e-06, 9.16259432415e-06, 1.36262015076e-05, 1.83286956599e-05, 2.23869155889e-05, 2.47056486842e-05, 2.42910791712e-05, 2.07593056984e-05, 1.49312854774e-05, 9.09591472009e-06, 6.3057063926e-06, 8.3003878899e-06, 1.30452945086e-05, 1.49937341121e-05, 1.07237046905e-05, 5.13019995196e-06, 5.64939273318e-06, 7.93007711763e-06, 4.40505891675e-06, 3.65773939848e-06, 5.00916712554e-06, 2.67674477072e-06, 3.95721372115e-06, 2.15191744246e-06, 2.46962144956e-06, 1.9053043161e-06, 1.3269656165e-06, 1.03227239379e-06, 7.32002320092e-07, 5.29395038029e-07, 3.22511624518e-07, 1.89898599956e-07, 8.90163533995e-08, 3.16223953689e-08, 7.19648118874e-09, 7.24877158298e-10], "max": [4.56001758575, 56.0217590332, 108.680290222, 171.078720093, 299.895690918, 96.9875717163, 162.234802246, 142.367294312, 181.575653076, 174.004302979, 883.236877441, 327.831848145, 590.951477051, 742.880432129, 2101.18383789, 1783.24487305, 1574.19726562, 1698.05297852, 665.55682373, 516.671142578, 907.145507812, 498.27645874, 576.402038574, 389.193756104, 341.273529053, 574.479797363, 425.688079834, 210.080657959, 252.801544189, 222.830780029, 151.115997314, 170.071792603, 154.556655884, 76.7287368774, 25.9658069611, 6.87930202484, 1.21009492874, 0.149360999465, 0.0105306357145, 0.000567072129343], "dvar2": [0.687591254711, 115.394775391, 673.986450195, 866.319152832, 467.226287842, 92.3282852173, 395.918212891, 185.448150635, 259.308807373, 165.911453247, 1313.47131348, 717.779724121, 1740.01477051, 1934.81115723, 4203.11914062, 8065.16601562, 11445.0214844, 16752.1308594, 4151.97460938, 1873.82531738, 1265.06445312, 1487.23266602, 1553.75646973, 1412.97167969, 1100.28259277, 839.044372559, 516.234313965, 283.149291992, 380.870025635, 291.725036621, 117.592895508, 114.585632324, 67.3314285278, 21.4428768158, 1.69415557384, 0.0764859169722, 0.0065099094063, 0.000112784342491, 4.98576071095e-07, 3.80249653986e-09], "median": [0.0360676497221, 0.315554618835, 0.782266557217, 2.51114463806, 2.82215428352, 3.25589609146, 5.69179201126, 3.81592535973, 4.36098146439, 3.50771403313, 4.1183886528, 4.83928918839, 5.93715524673, 5.51041173935, 6.02234697342, 19.9234027863, 32.855091095, 32.6329841614, 28.615644455, 21.2199115753, 14.2541875839, 10.7105617523, 10.2913246155, 10.6852169037, 12.374461174, 11.2857675552, 8.92387485504, 4.84060001373, 3.12861728668, 2.19173932076, 2.1586663723, 1.09270524979, 0.766093790531, 0.366590201855, 0.116710864007, 0.047334626317, 0.0159554854035, 0.00220488687046, 0.000155494140927, 3.1785468309e-05], "dmean2": [0.389611035585, 4.78793382645, 11.1399459839, 14.9765148163, 10.1932563782, 5.93981552124, 13.6027374268, 8.4982843399, 9.76474761963, 7.65754795074, 14.0943775177, 12.6663827896, 20.2573394775, 18.7689628601, 17.4394569397, 41.633266449, 56.8150939941, 59.9832687378, 39.097026825, 27.5511627197, 19.6294612885, 18.1042499542, 19.9255580902, 19.0480136871, 18.1886138916, 15.0427761078, 11.678937912, 9.01751899719, 9.34887599945, 7.66550779343, 5.30653190613, 3.6655626297, 2.44318294525, 1.14841473103, 0.357035726309, 0.0941043198109, 0.0357703529298, 0.00389912864193, 0.000232064267038, 3.63599756383e-05], "dmean": [0.246852710843, 2.79469919205, 6.15832901001, 8.32738685608, 5.84084749222, 3.41937446594, 7.99433469772, 5.10124158859, 5.92207288742, 4.65347385406, 8.80294132233, 7.83231019974, 12.5493850708, 11.7170915604, 10.692855835, 25.219619751, 35.0199775696, 37.2529678345, 24.6570644379, 17.123462677, 12.1877403259, 11.2497873306, 12.4883613586, 12.2072534561, 11.7253389359, 9.58731651306, 7.6040148735, 6.1740489006, 6.49962282181, 5.36829280853, 3.648614645, 2.60420060158, 1.71715307236, 0.826142370701, 0.262825250626, 0.0688621252775, 0.0237371269614, 0.00267313234508, 0.000158847557032, 2.45923583861e-05], "var": [0.279273986816, 33.7077522278, 158.53817749, 238.116104126, 174.100738525, 39.480140686, 202.522033691, 101.241714478, 153.095733643, 94.222618103, 1024.38574219, 541.24810791, 1479.99511719, 1560.21154785, 1917.99938965, 5115.38476562, 9968.99414062, 12616.0341797, 3682.33544922, 1630.9934082, 1311.29382324, 1092.13842773, 1333.21557617, 1224.64501953, 994.145202637, 764.910827637, 469.396789551, 334.468200684, 372.109283447, 276.590209961, 122.217330933, 115.353652954, 78.7266311646, 20.5735683441, 2.0178732872, 0.11988119036, 0.00705909449607, 9.79820397333e-05, 3.10989832997e-07, 2.69841393674e-09], "dvar": [0.289425969124, 44.2253074646, 242.937667847, 314.138916016, 169.650741577, 31.9125328064, 151.026992798, 70.007484436, 108.855178833, 67.2110595703, 562.380493164, 284.478942871, 715.585021973, 821.443359375, 1626.20031738, 3004.05712891, 4817.00048828, 6684.16503906, 1724.15856934, 739.384155273, 529.167785645, 567.663452148, 607.261474609, 558.326843262, 451.538024902, 366.3777771, 213.966369629, 129.214447021, 176.638595581, 136.828765869, 57.6082038879, 59.2531166077, 36.644569397, 10.8468809128, 0.879941821098, 0.0452654547989, 0.00312741054222, 5.35699728061e-05, 2.15118248548e-07, 1.7032868449e-09], "mean": [0.238316163421, 2.23936128616, 4.60566186905, 7.67547464371, 6.92145586014, 5.01367139816, 10.8068227768, 7.38794565201, 8.22912216187, 6.62430858612, 12.9757804871, 12.6578674316, 19.7544231415, 18.2858829498, 16.6499481201, 40.196521759, 62.1627616882, 64.8848648071, 46.725315094, 33.6992378235, 24.3370265961, 21.1606273651, 23.3811302185, 23.3082351685, 23.1454200745, 19.7555980682, 15.2439994812, 11.5870723724, 10.7114372253, 8.53892993927, 5.98428344727, 4.22283887863, 2.82215595245, 1.29320883751, 0.430372267962, 0.121854111552, 0.0402994565666, 0.0048111230135, 0.000306209956761, 4.81370698253e-05]}, "zerocrossingrate": {"min": 0.00048828125, "max": 0.333984375, "dvar2": 0.000280421605567, "median": 0.06689453125, "dmean2": 0.0150158703327, "dmean": 0.0129375364631, "var": 0.0013150270097, "dvar": 0.000209516947507, "mean": 0.0710534006357}, "spectral_contrast_coeffs": {"min": [-0.993865430355, -0.971977233887, -0.927450537682, -0.941052496433, -0.956228673458, -0.94555079937], "max": [-0.327006429434, -0.43603348732, -0.563675522804, -0.602739334106, -0.660750925541, -0.614443957806], "dvar2": [0.00602406263351, 0.004140002653, 0.00227616704069, 0.00131196761504, 0.000672090332955, 0.000729041581508], "median": [-0.663784921169, -0.758897900581, -0.799529492855, -0.791368246078, -0.797371864319, -0.731366693974], "dmean2": [0.0962288752198, 0.0820997804403, 0.0616373866796, 0.0474631823599, 0.0326185785234, 0.0312126725912], "dmean": [0.0595372021198, 0.0492192320526, 0.0370455086231, 0.0287597700953, 0.0201736632735, 0.0196561291814], "var": [0.00731848878786, 0.00397231476381, 0.00273250997998, 0.00169375760015, 0.000978454132564, 0.00135209690779], "dvar": [0.00240383739583, 0.0015045752516, 0.000840481836349, 0.000504194409586, 0.000260392611381, 0.00031033353298], "mean": [-0.653587281704, -0.753232240677, -0.793070793152, -0.787046194077, -0.795738995075, -0.732812941074]}, "dissonance": {"min": 0, "max": 0.500000119209, "dvar2": 0.000388747168472, "median": 0.484560459852, "dmean2": 0.0184150636196, "dmean": 0.0108513338491, "var": 0.00024343446421, "dvar": 0.000157906484674, "mean": 0.481162130833}, "spectral_energyband_high": {"min": 4.14870943155e-10, "max": 0.0199993047863, "dvar2": 2.84256680061e-06, "median": 0.000571720476728, "dmean2": 0.00084780663019, "dmean": 0.000634019670542, "var": 4.36061736764e-06, "dvar": 1.53297014549e-06, "mean": 0.00132791791111}, "spectral_skewness": {"min": 0.0492484793067, "max": 6.04874134064, "dvar2": 0.111880496144, "median": 1.2730653286, "dmean2": 0.319999873638, "dmean": 0.203587964177, "var": 0.174672022462, "dvar": 0.0460421815515, "mean": 1.29344916344}, "spectral_flux": {"min": 0.0089330887422, "max": 0.426850527525, "dvar2": 0.00533346319571, "median": 0.0799048915505, "dmean2": 0.055897206068, "dmean": 0.0376727618277, "var": 0.006215414498, "dvar": 0.00312339840457, "mean": 0.106283046305}, "silence_rate_30dB": {"min": 0, "max": 1, "dvar2": 0.170117378235, "median": 1, "dmean2": 0.138174682856, "dmean": 0.0690737813711, "var": 0.0427303500473, "dvar": 0.0643025711179, "mean": 0.95526778698}, "spectral_energyband_middle_high": {"min": 1.78110370896e-09, "max": 0.0634803548455, "dvar2": 2.14326591959e-05, "median": 0.00460075167939, "dmean2": 0.00324904965237, "dmean": 0.00220588152297, "var": 4.88599944219e-05, "dvar": 9.76469254965e-06, "mean": 0.00683642178774}, "barkbands_spread": {"min": 0.478654593229, "max": 96.6494674683, "dvar2": 143.718597412, "median": 27.062746048, "dmean2": 11.5844659805, "dmean": 7.35510253906, "var": 151.520111084, "dvar": 58.7291641235, "mean": 27.6045398712}, "spectral_centroid": {"min": 131.658966064, "max": 4705.08984375, "dvar2": 271233.71875, "median": 1749.26171875, "dmean2": 524.526916504, "dmean": 333.688140869, "var": 382084.71875, "dvar": 110604.132812, "mean": 1741.98583984}, "pitch_salience": {"min": 0.115241371095, "max": 0.91827249527, "dvar2": 0.0180817563087, "median": 0.59705889225, "dmean2": 0.148599624634, "dmean": 0.0950837135315, "var": 0.0174332689494, "dvar": 0.00783908553421, "mean": 0.57068669796}, "erbbands_skewness": {"min": -2.84805488586, "max": 5.16861772537, "dvar2": 0.21407482028, "median": -0.22523714602, "dmean2": 0.509278059006, "dmean": 0.319154173136, "var": 0.328434318304, "dvar": 0.086035631597, "mean": -0.174734398723}, "erbbands_crest": {"min": 2.33171415329, "max": 31.7114582062, "dvar2": 14.2948360443, "median": 6.93436145782, "dmean2": 4.0653886795, "dmean": 2.46373939514, "var": 14.7636213303, "dvar": 5.7153968811, "mean": 7.87917232513}, "melbands": {"min": [6.03348371264e-10, 5.89993554012e-10, 5.64024604799e-10, 5.26409804635e-10, 4.74154437935e-10, 4.13175604841e-10, 3.42089023775e-10, 2.66215771649e-10, 1.92710875035e-10, 1.25479418522e-10, 7.23439502748e-11, 3.75138080322e-11, 2.10978647747e-11, 1.96309843381e-11, 2.54706776504e-11, 3.00371914841e-11, 2.7656467394e-11, 1.87057123263e-11, 9.18677633965e-12, 5.22665374522e-12, 6.98440610902e-12, 8.63844933086e-12, 6.02513872128e-12, 2.5266850244e-12, 2.86070060869e-12, 4.22784160112e-12, 2.52548763152e-12, 1.58292205298e-12, 2.73245185159e-12, 1.59316657089e-12, 1.23400562772e-12, 1.66606919233e-12, 8.53414507031e-13, 1.13222105302e-12, 6.21304765448e-13, 9.18305904409e-13, 5.62183763084e-13, 5.29410554024e-13, 5.07755458772e-13, 4.45547217827e-13], "max": [0.0453113280237, 0.0626468360424, 0.0309541001916, 0.0130639625713, 0.00422321632504, 0.00325920176692, 0.00266784406267, 0.00177476590034, 0.00849327724427, 0.00253053475171, 0.00298070744611, 0.00290782679804, 0.00571800023317, 0.00294489925727, 0.00543110677972, 0.00320517178625, 0.00298402318731, 0.0013936975738, 0.00108623562846, 0.000886549474671, 0.000890617608093, 0.00059245119337, 0.000744702119846, 0.000533975078724, 0.000311248615617, 0.000280374340946, 0.000294040393783, 0.000376750598662, 0.000232132937526, 0.000225890864385, 0.000106494029751, 0.000154679393745, 0.000141587035614, 0.000112905574497, 6.9673951657e-05, 0.000106165171019, 0.000136188638862, 0.000124185011373, 0.000106025683635, 7.37668815418e-05], "dvar2": [9.02109604795e-05, 0.000175689609023, 2.21365535253e-05, 9.80670733952e-07, 3.25887270947e-07, 1.03472928004e-07, 5.71109417535e-08, 1.55601203033e-08, 1.11482073351e-07, 3.57192178058e-08, 4.33187778981e-08, 3.41500019374e-08, 3.08985868003e-08, 2.49882354808e-08, 7.12596843755e-08, 6.14759301243e-08, 5.94495048745e-08, 1.52364645345e-08, 7.57610063573e-09, 2.8563262866e-09, 2.13716955244e-09, 1.65364866245e-09, 2.75093303692e-09, 1.2648464498e-09, 1.1904174313e-09, 9.13491282617e-10, 6.52112308597e-10, 3.79986209165e-10, 2.29739963165e-10, 1.83889320438e-10, 9.92048873605e-11, 1.63650079599e-10, 1.09373093915e-10, 9.52958892353e-11, 4.39917061112e-11, 4.52529437533e-11, 5.44121935009e-11, 4.24915866382e-11, 2.78084083538e-11, 1.54137310554e-11], "median": [0.000379090022761, 0.000466965953819, 0.000473683787277, 0.0002178010036, 0.000192803898244, 9.26097854972e-05, 6.7839770054e-05, 3.54652038368e-05, 3.39879043167e-05, 2.96306698147e-05, 2.8600132282e-05, 2.05390697374e-05, 1.53413748194e-05, 3.49697838828e-05, 6.56385091133e-05, 7.09082669346e-05, 5.49117830815e-05, 4.40490657638e-05, 3.19075843436e-05, 2.16656553675e-05, 1.53337950906e-05, 1.07865116661e-05, 9.25166204979e-06, 8.20930472401e-06, 7.90796457295e-06, 8.80037805473e-06, 7.84708663559e-06, 7.19084800949e-06, 5.26640496901e-06, 4.31280614066e-06, 2.21538493861e-06, 1.85073429293e-06, 1.29619968448e-06, 1.11361055133e-06, 1.36209735047e-06, 7.1872858598e-07, 6.35658352621e-07, 4.54531573268e-07, 4.51786348776e-07, 2.25573728585e-07], "dmean2": [0.00438113883138, 0.00588656915352, 0.00243275496177, 0.000503248185851, 0.000402994744945, 0.000205197444302, 0.00014985598682, 7.51849802327e-05, 0.000124793878058, 8.74052930158e-05, 0.000101257799543, 7.84475196269e-05, 5.04155868839e-05, 7.76318483986e-05, 0.000120792385133, 0.000129855878185, 0.000114184411359, 7.08677907824e-05, 5.0166487199e-05, 3.32188392349e-05, 2.48360847763e-05, 2.03469298867e-05, 2.20806614379e-05, 1.83965385077e-05, 1.73836433532e-05, 1.61679727171e-05, 1.34345436891e-05, 1.03198535726e-05, 7.72495968704e-06, 7.59483509682e-06, 5.34758510184e-06, 5.88937473367e-06, 5.01821659782e-06, 4.33704190073e-06, 3.44413683706e-06, 2.62852609012e-06, 2.30942532653e-06, 1.90424373159e-06, 1.45757371683e-06, 9.27908956783e-07], "dmean": [0.00269563612528, 0.00336501165293, 0.00135962455533, 0.000289637770038, 0.000236338353716, 0.000123267382151, 9.07070207177e-05, 4.59695147583e-05, 7.78832254582e-05, 5.39060492883e-05, 6.27564950264e-05, 4.85679593112e-05, 3.1233226764e-05, 4.73570216855e-05, 7.421420014e-05, 8.11996651464e-05, 7.01863827999e-05, 4.40127550974e-05, 3.07072768919e-05, 2.04485986615e-05, 1.51812582772e-05, 1.24715716083e-05, 1.35114887598e-05, 1.13745390991e-05, 1.0916737665e-05, 1.00403294709e-05, 8.4377506937e-06, 6.49038429401e-06, 4.94748110214e-06, 4.83942858409e-06, 3.60977037417e-06, 3.97841404265e-06, 3.42063162861e-06, 2.94178653348e-06, 2.30618707064e-06, 1.77929632628e-06, 1.61711750479e-06, 1.33077162445e-06, 9.95864411379e-07, 6.44356191515e-07], "var": [3.21575971611e-05, 4.78941947222e-05, 6.4673149609e-06, 4.11372468534e-07, 1.72229363216e-07, 5.77036800564e-08, 3.41364874146e-08, 9.60379065162e-09, 7.88899470194e-08, 2.57881005439e-08, 3.69017207902e-08, 2.58910350937e-08, 1.58039359377e-08, 1.94601845749e-08, 4.49329355945e-08, 5.14750198022e-08, 4.27603161768e-08, 1.19326326598e-08, 5.57540147383e-09, 2.39754327502e-09, 1.81154780066e-09, 1.16403209294e-09, 1.52405532639e-09, 1.04907804666e-09, 8.84573414517e-10, 6.50697495885e-10, 4.77417549938e-10, 3.26491694791e-10, 1.95088889487e-10, 1.51379575541e-10, 1.09269635007e-10, 1.28740407224e-10, 1.08942403709e-10, 7.93450999348e-11, 4.26120493058e-11, 3.83718681829e-11, 4.78023315376e-11, 4.49446001249e-11, 2.71932944912e-11, 1.23325854737e-11], "dvar": [3.6466983147e-05, 6.6057764343e-05, 8.07465039543e-06, 3.50283784201e-07, 1.23218853787e-07, 3.94003656368e-08, 2.39139001934e-08, 6.23787377307e-09, 4.76899408852e-08, 1.39511291408e-08, 1.77017973613e-08, 1.41908715889e-08, 1.21687051546e-08, 9.7030952162e-09, 2.66609418986e-08, 2.55543710637e-08, 2.37089192723e-08, 6.43246922394e-09, 2.97329516563e-09, 1.12107589878e-09, 8.69053662367e-10, 6.41569741777e-10, 1.01034069999e-09, 4.8819071008e-10, 4.59044746659e-10, 3.59821672458e-10, 2.55763354939e-10, 1.66325536677e-10, 9.43483208227e-11, 7.32109511903e-11, 4.53875791118e-11, 7.1233408061e-11, 5.19550409639e-11, 4.31051166982e-11, 2.07418561493e-11, 2.1584628182e-11, 2.68266520109e-11, 2.2173228531e-11, 1.39845713135e-11, 7.33650466767e-12], "mean": [0.00243119103834, 0.00269461446442, 0.00132824515458, 0.000401069119107, 0.000337965437211, 0.000179351947736, 0.000126229017042, 6.69759465382e-05, 0.000111529363494, 8.44429305289e-05, 9.76079172688e-05, 7.28167215129e-05, 4.68741563964e-05, 7.68720710767e-05, 0.000124649552163, 0.000138914241688, 0.000113696885819, 7.54541833885e-05, 5.43294700037e-05, 3.6706445826e-05, 2.74959602393e-05, 2.14472038351e-05, 2.18660279643e-05, 2.0235824195e-05, 1.87467376236e-05, 1.75543809746e-05, 1.53145610966e-05, 1.2503126527e-05, 9.48413071455e-06, 8.33001467981e-06, 6.25816755928e-06, 6.17736804998e-06, 5.42145744475e-06, 4.44997294835e-06, 3.63060826203e-06, 2.73909972748e-06, 2.49910567618e-06, 2.08012102121e-06, 1.56728560796e-06, 9.42203087106e-07]}, "spectral_entropy": {"min": 5.31658029556, "max": 8.76977539062, "dvar2": 0.0371454618871, "median": 7.81074953079, "dmean2": 0.1893530339, "dmean": 0.12431589514, "var": 0.103914871812, "dvar": 0.0164212435484, "mean": 7.79426383972}, "spectral_rolloff": {"min": 64.599609375, "max": 10142.1386719, "dvar2": 2041364.25, "median": 1701.12304688, "dmean2": 1076.44274902, "dmean": 670.237548828, "var": 2094158.75, "dvar": 947630, "mean": 1925.31506348}, "barkbands": {"min": [1.21667675934e-09, 1.80239645431e-09, 1.16786669224e-09, 1.12690778931e-09, 2.57080801092e-09, 2.12454986936e-09, 1.6203454134e-09, 1.12893394633e-09, 8.98260743565e-10, 3.78156755909e-10, 1.57682131241e-10, 1.86440807237e-10, 2.93352897529e-10, 2.82409373664e-10, 1.40255154712e-10, 8.52737047641e-11, 1.42638623135e-10, 6.53914700166e-11, 9.97337559761e-11, 6.06437122741e-11, 7.23448939643e-11, 6.59925308844e-11, 5.63998049652e-11, 4.48457521118e-11, 4.7605867165e-11, 4.73125150169e-11, 5.06098114805e-11], "max": [0.00293029216118, 0.201444655657, 0.113045878708, 0.0763067528605, 0.0460344105959, 0.0162007398903, 0.0111792897806, 0.0239440035075, 0.0194588955492, 0.0159715246409, 0.0385735407472, 0.0440478436649, 0.0293778814375, 0.0304805375636, 0.0139391170815, 0.0152621446177, 0.00798911508173, 0.0117378430441, 0.00776724377647, 0.00862282887101, 0.0085610486567, 0.00676489947364, 0.00614053523168, 0.00914839655161, 0.00513801397756, 0.000966999563389, 5.71003001824e-05], "dvar2": [1.96046627821e-07, 0.00165279803332, 0.000528477947228, 9.62903650361e-05, 1.4032195395e-05, 4.70900795335e-06, 1.29775048663e-06, 1.29530587856e-06, 2.51098981607e-06, 1.4532156456e-06, 1.52640666329e-06, 4.96753773405e-06, 4.18877016273e-06, 5.97456755713e-06, 1.25007363749e-06, 4.94561163578e-07, 4.2882615503e-07, 6.04340129939e-07, 5.84264967074e-07, 3.17140091965e-07, 2.42828264163e-07, 2.59361542021e-07, 1.69007321915e-07, 2.34034615687e-07, 8.51260679724e-08, 1.97568428284e-09, 1.70730825311e-11], "median": [2.48139058385e-05, 0.00139478524216, 0.000642191269435, 0.000962767924648, 0.00103457574733, 0.000620189413894, 0.000319049519021, 0.000142090400914, 0.000222464077524, 0.000179411887075, 0.000102623089333, 0.000414941227064, 0.00059054949088, 0.000669769477099, 0.000437569367932, 0.000279563508229, 0.000179978771484, 0.000182062358363, 0.000237314787228, 0.000224166622502, 0.000170273749973, 8.90998926479e-05, 7.10509120836e-05, 5.63370122109e-05, 2.11414808291e-05, 9.73119767878e-06, 7.60403224831e-07], "dmean2": [0.000227104857913, 0.0184775032103, 0.00987196341157, 0.00496712187305, 0.00201303698123, 0.00141584081575, 0.000725040852558, 0.000477381749079, 0.000721956486814, 0.000616484321654, 0.000372437381884, 0.000976423441898, 0.00108972634189, 0.00124109571334, 0.000668325345032, 0.000424226396717, 0.00032438323251, 0.000395003153244, 0.000400045799324, 0.00030661423807, 0.000262327113887, 0.000252729922067, 0.000193168481928, 0.000159264352988, 7.17502334737e-05, 1.6489506379e-05, 1.50792777731e-06], "dmean": [0.000152059597895, 0.0110867200419, 0.00531973922625, 0.0028169634752, 0.00116835662629, 0.000848372816108, 0.000440274714492, 0.000297560647596, 0.000444337842055, 0.000379670207622, 0.000229846089496, 0.000591248855926, 0.000669177505188, 0.000771118036937, 0.00040977448225, 0.000260139728198, 0.000198963767616, 0.000246113166213, 0.000252995028859, 0.000195847591385, 0.00017240899615, 0.000178572998266, 0.000132613873575, 0.000113773654448, 5.25950053998e-05, 1.1662849829e-05, 1.00180000118e-06], "var": [1.07081561396e-07, 0.000538921856787, 0.000116301889648, 2.97087553918e-05, 5.92927835896e-06, 2.49899562732e-06, 7.53870835979e-07, 1.05988181076e-06, 1.74654576313e-06, 1.23464394619e-06, 8.6639647634e-07, 2.9358102438e-06, 3.60241483577e-06, 4.54175005871e-06, 9.49200057221e-07, 4.72736189749e-07, 2.88585738417e-07, 5.04552644998e-07, 4.7614710752e-07, 2.94295858794e-07, 2.39899009102e-07, 2.96728785543e-07, 1.60788943049e-07, 2.89826857625e-07, 8.58179802776e-08, 2.67034527823e-09, 1.06441600325e-11], "dvar": [9.18710725273e-08, 0.000652216142043, 0.000186849414604, 3.51207781932e-05, 4.96397933603e-06, 1.79922074039e-06, 5.35261960977e-07, 5.43997089153e-07, 1.00227362054e-06, 5.857624501e-07, 6.20895775683e-07, 1.79711685178e-06, 1.77001834345e-06, 2.40995245804e-06, 4.89655690217e-07, 1.98498582904e-07, 1.63424687116e-07, 2.35323454945e-07, 2.35026135442e-07, 1.34505171445e-07, 1.02001777691e-07, 1.29220609324e-07, 8.00304746917e-08, 1.32662734131e-07, 4.29666648927e-08, 1.08076969596e-09, 7.35637419036e-12], "mean": [0.000159040107974, 0.00949312839657, 0.00383528973907, 0.00278058415279, 0.00171508232597, 0.00119342328981, 0.000603227585088, 0.000430592190241, 0.000667778716888, 0.000596184690949, 0.000328413007082, 0.000895069097169, 0.00113804813009, 0.0012970342068, 0.000733334571123, 0.000480323913507, 0.00034773099469, 0.000445549318101, 0.000481740891701, 0.000395457085688, 0.000329961971147, 0.000300758198136, 0.000215296109673, 0.000191220271518, 8.30085846246e-05, 2.12794675463e-05, 1.76914397798e-06]}, "melbands_flatness_db": {"min": 0.0217206142843, "max": 0.60054564476, "dvar2": 0.00300612067804, "median": 0.157047063112, "dmean2": 0.0524548217654, "dmean": 0.0355961807072, "var": 0.00534070841968, "dvar": 0.00131083547603, "mean": 0.167474344373}, "melbands_skewness": {"min": -1.39985942841, "max": 20.9078598022, "dvar2": 5.17513513565, "median": 1.85347235203, "dmean2": 1.76578485966, "dmean": 1.18346178532, "var": 4.87052249908, "dvar": 2.42044973373, "mean": 2.42215251923}, "barkbands_skewness": {"min": -2.85983276367, "max": 18.0495357513, "dvar2": 2.15880179405, "median": 0.786215960979, "dmean2": 1.17042040825, "dmean": 0.787047088146, "var": 2.25516581535, "dvar": 1.00039243698, "mean": 1.11200869083}, "silence_rate_60dB": {"min": 0, "max": 1, "dvar2": 0.0519112274051, "median": 0, "dmean2": 0.0431795865297, "dmean": 0.0215855576098, "var": 0.0522709600627, "dvar": 0.0211191363633, "mean": 0.0553266629577}, "spectral_energyband_low": {"min": 4.14746370581e-09, "max": 0.245779290795, "dvar2": 0.00268296408467, "median": 0.00387640995905, "dmean2": 0.0254006572068, "dmean": 0.0156940966845, "var": 0.00100824830588, "dvar": 0.00109674036503, "mean": 0.0151378950104}, "spectral_energyband_middle_low": {"min": 9.61676516198e-09, "max": 0.113546952605, "dvar2": 0.000146216960275, "median": 0.00536354072392, "dmean2": 0.00719448179007, "dmean": 0.00428560795262, "var": 6.6050895839e-05, "dvar": 5.4297321185e-05, "mean": 0.0076144314371}, "melbands_kurtosis": {"min": -1.62152671814, "max": 763.730102539, "dvar2": 2237.75561523, "median": 3.13220930099, "dmean2": 21.0516319275, "dmean": 13.1583013535, "var": 1282.20446777, "dvar": 1016.9887085, "mean": 13.3902406693}, "spectral_decrease": {"min": -6.91755062121e-08, "max": -3.96801477987e-15, "dvar2": 1.77022434733e-16, "median": -4.11416323232e-09, "dmean2": 7.27771931608e-09, "dmean": 4.6381529728e-09, "var": 8.2738151818e-17, "dvar": 7.45211712235e-17, "mean": -7.14493886278e-09}, "erbbands_kurtosis": {"min": -1.75967538357, "max": 38.1436576843, "dvar2": 2.76995134354, "median": 0.0622825622559, "dmean2": 1.4123749733, "dmean": 0.880562841892, "var": 2.8647236824, "dvar": 1.23130834103, "mean": 0.408062815666}, "melbands_crest": {"min": 2.75927495956, "max": 32.6126213074, "dvar2": 30.3651828766, "median": 12.8717002869, "dmean2": 6.54905176163, "dmean": 4.14369630814, "var": 37.5676498413, "dvar": 13.5662202835, "mean": 13.8078279495}, "gfcc": {"cov": [[5365.46679688, -1671.26196289, 610.047912598, 348.624145508, -461.074523926, 559.736083984, -235.836959839, 287.503051758, -52.947555542, 339.473297119, -74.6003646851, 179.011947632, -131.305145264], [-1671.26196289, 1157.94482422, -75.2629928589, -33.0137023926, 347.007720947, -194.853469849, 176.4112854, -119.054862976, 46.5681915283, -120.573799133, 77.3661346436, -91.8052368164, 73.2390975952], [610.047912598, -75.2629928589, 987.475463867, 267.521911621, 124.839454651, 246.356781006, -84.5117645264, 30.1364955902, -23.8539714813, 155.060531616, -23.7641296387, 61.4128799438, -36.7180633545], [348.624145508, -33.0137023926, 267.521911621, 334.153869629, 18.2667293549, 92.7926635742, -11.8115491867, -18.4298171997, 45.420955658, 13.6369199753, 16.1779346466, 9.78351211548, 3.42071413994], [-461.074523926, 347.007720947, 124.839454651, 18.2667293549, 348.384338379, 12.7006502151, 77.6511383057, -4.83908510208, -0.751182079315, 51.3020820618, 29.1551437378, -13.7005233765, 20.8905124664], [559.736083984, -194.853469849, 246.356781006, 92.7926635742, 12.7006502151, 201.281951904, 27.6765422821, 67.8243026733, 8.6778011322, 58.5020103455, 1.72417163849, 44.0268058777, -6.55994749069], [-235.836959839, 176.4112854, -84.5117645264, -11.8115491867, 77.6511383057, 27.6765422821, 209.503662109, 74.1606292725, 65.7460250854, -38.385219574, 26.3574810028, 16.2568359375, 24.8257274628], [287.503051758, -119.054862976, 30.1364955902, -18.4298171997, -4.83908510208, 67.8243026733, 74.1606292725, 155.787597656, 52.5894088745, 21.8211803436, 7.09227657318, 51.9439315796, 6.01681756973], [-52.947555542, 46.5681915283, -23.8539714813, 45.420955658, -0.751182079315, 8.6778011322, 65.7460250854, 52.5894088745, 118.432373047, 9.97721862793, 31.3716430664, 15.4341335297, 18.5184783936], [339.473297119, -120.573799133, 155.060531616, 13.6369199753, 51.3020820618, 58.5020103455, -38.385219574, 21.8211803436, 9.97721862793, 155.720703125, 31.3267173767, 22.1386051178, -7.12337112427], [-74.6003646851, 77.3661346436, -23.7641296387, 16.1779346466, 29.1551437378, 1.72417163849, 26.3574810028, 7.09227657318, 31.3716430664, 31.3267173767, 82.9691772461, 30.9057312012, 26.4244880676], [179.011947632, -91.8052368164, 61.4128799438, 9.78351211548, -13.7005233765, 44.0268058777, 16.2568359375, 51.9439315796, 15.4341335297, 22.1386051178, 30.9057312012, 102.023521423, 30.5758705139], [-131.305145264, 73.2390975952, -36.7180633545, 3.42071413994, 20.8905124664, -6.55994749069, 24.8257274628, 6.01681756973, 18.5184783936, -7.12337112427, 26.4244880676, 30.5758705139, 69.8174667358]], "icov": [[0.000516811734997, 9.52507907641e-05, 0.000276074802969, -0.000655664072838, 0.000568732735701, -0.000839802785777, 0.000248372380156, -0.000782458868343, 0.000704947160557, -0.00105627020821, 0.000490427482873, -0.000279069063254, 0.000421243719757], [9.52507907641e-05, 0.00416043167934, -0.00194346427452, 0.00130965246353, -0.00285913213156, 0.00341426488012, -0.00249302922748, 0.00227368110791, -0.00160198181402, 0.00396553706378, -0.00449461722746, 0.00346303498372, -0.0023905991111], [0.000276074802969, -0.00194346427452, 0.00346357142553, -0.00238959444687, 0.000726412283257, -0.00387979252264, 0.00231521972455, -0.0015010330826, 0.00146974273957, -0.00367965665646, 0.00403859093785, -0.00327701354399, 0.00236210669391], [-0.000655664072838, 0.00130965246353, -0.00238959444687, 0.00660283444449, -0.00178045465145, 8.83102547959e-05, -0.000274752208497, 0.003977925051, -0.00491484859958, 0.00483913673088, -0.00366189097986, 0.00217591552064, -0.00166086736135], [0.000568732735701, -0.00285913213156, 0.000726412283257, -0.00178045465145, 0.00720602134243, -0.00217655464076, -0.00102951575536, -0.0021840154659, 0.00376681541093, -0.00620401883498, 0.00287586008199, -0.000866058398969, 0.000390483124647], [-0.000839802785777, 0.00341426488012, -0.00387979252264, 8.83102547959e-05, -0.00217655464076, 0.0149404508993, -0.00565009657294, 4.94622909173e-05, 0.000407756131608, 0.00234010419808, -0.00393383949995, 0.00240340270102, -0.00257899099961], [0.000248372380156, -0.00249302922748, 0.00231521972455, -0.000274752208497, -0.00102951575536, -0.00565009657294, 0.0119292093441, -0.00485301529989, -0.00280747329816, 0.0016548539279, 0.000992791028693, -0.00190245814156, 0.00163791095838], [-0.000782458868343, 0.00227368110791, -0.0015010330826, 0.003977925051, -0.0021840154659, 4.94622909173e-05, -0.00485301529989, 0.015552922152, -0.00704373605549, 0.00285126129165, -0.000301379623124, -0.00290527241305, -0.000251949561061], [0.000704947160557, -0.00160198181402, 0.00146974273957, -0.00491484859958, 0.00376681541093, 0.000407756131608, -0.00280747329816, -0.00704373605549, 0.0169061701745, -0.00597691908479, -0.000406869628932, 0.000293724966468, -0.000532102189027], [-0.00105627020821, 0.00396553706378, -0.00367965665646, 0.00483913673088, -0.00620401883498, 0.00234010419808, 0.0016548539279, 0.00285126129165, -0.00597691908479, 0.0181363448501, -0.011054658331, 0.00433838414028, -0.00135685876012], [0.000490427482873, -0.00449461722746, 0.00403859093785, -0.00366189097986, 0.00287586008199, -0.00393383949995, 0.000992791028693, -0.000301379623124, -0.000406869628932, -0.011054658331, 0.0253956764936, -0.0102046448737, 0.000220744143007], [-0.000279069063254, 0.00346303498372, -0.00327701354399, 0.00217591552064, -0.000866058398969, 0.00240340270102, -0.00190245814156, -0.00290527241305, 0.000293724966468, 0.00433838414028, -0.0102046448737, 0.0207312218845, -0.00942787807435], [0.000421243719757, -0.0023905991111, 0.00236210669391, -0.00166086736135, 0.000390483124647, -0.00257899099961, 0.00163791095838, -0.000251949561061, -0.000532102189027, -0.00135685876012, 0.000220744143007, -0.00942787807435, 0.022074835375]], "mean": [7.41553544998, 83.3960571289, -133.29335022, 42.2222709656, -46.5158882141, 19.8835697174, -36.0892448425, -1.87343025208, -25.740901947, 5.71310853958, -11.7101898193, -5.51163005829, -12.6310453415]}, "melbands_spread": {"min": 0.494115740061, "max": 208.531280518, "dvar2": 421.740631104, "median": 32.6983947754, "dmean2": 17.5610637665, "dmean": 11.5882434845, "var": 457.334106445, "dvar": 186.98109436, "mean": 34.2829208374}, "spectral_energy": {"min": 1.5948325327e-08, "max": 0.265829801559, "dvar2": 0.00254908390343, "median": 0.0174825992435, "dmean2": 0.0280241388828, "dmean": 0.0180041510612, "var": 0.0012452499941, "dvar": 0.00107791565824, "mean": 0.0291602648795}, "mfcc": {"cov": [[5148.703125, -1640.48730469, 608.787963867, -187.235366821, -85.2645187378, 97.8576202393, -85.6506500244, 60.3040390015, 18.0808258057, 72.7861709595, 179.030380249, 43.4119873047, 13.5377626419], [-1640.48730469, 1106.73876953, -280.544677734, 132.823348999, 108.22492218, 0.100697562099, 136.626052856, -30.7738723755, 17.1830215454, 15.3301391602, -53.506942749, 15.3632593155, -1.91980075836], [608.787963867, -280.544677734, 861.526367188, 101.98210907, 196.284286499, 173.929595947, 6.75137281418, 13.9533119202, 27.4570102692, -11.8086280823, 81.0879974365, 2.59651947021, 36.4494400024], [-187.235366821, 132.823348999, 101.98210907, 233.115905762, 104.999298096, 83.6244125366, 14.442152977, 1.32199215889, 8.33717346191, 10.231253624, 6.93083810806, 11.1365861893, 14.9707365036], [-85.2645187378, 108.22492218, 196.284286499, 104.999298096, 249.18572998, 102.296630859, 59.3304290771, -65.5079116821, 13.0217208862, 15.5996980667, 16.3148727417, 24.2199420929, 16.925239563], [97.8576202393, 0.100697562099, 173.929595947, 83.6244125366, 102.296630859, 162.962783813, 53.6770515442, -7.46734189987, 17.2717380524, 15.0950880051, 29.9542064667, 9.88237667084, 18.2385997772], [-85.6506500244, 136.626052856, 6.75137281418, 14.442152977, 59.3304290771, 53.6770515442, 139.839370728, 28.4236831665, 31.7517700195, 22.5191669464, 19.0287342072, 13.0006036758, 4.36496353149], [60.3040390015, -30.7738723755, 13.9533119202, 1.32199215889, -65.5079116821, -7.46734189987, 28.4236831665, 220.218231201, 61.7019309998, 5.21468162537, 30.3673400879, -10.1969490051, 19.622877121], [18.0808258057, 17.1830215454, 27.4570102692, 8.33717346191, 13.0217208862, 17.2717380524, 31.7517700195, 61.7019309998, 92.0252151489, 37.9899291992, 24.202457428, 8.34927940369, 15.6841287613], [72.7861709595, 15.3301391602, -11.8086280823, 10.231253624, 15.5996980667, 15.0950880051, 22.5191669464, 5.21468162537, 37.9899291992, 84.0774459839, 35.1525535583, 20.8041610718, 5.9052491188], [179.030380249, -53.506942749, 81.0879974365, 6.93083810806, 16.3148727417, 29.9542064667, 19.0287342072, 30.3673400879, 24.202457428, 35.1525535583, 81.7134475708, 29.4682540894, 19.5287208557], [43.4119873047, 15.3632593155, 2.59651947021, 11.1365861893, 24.2199420929, 9.88237667084, 13.0006036758, -10.1969490051, 8.34927940369, 20.8041610718, 29.4682540894, 72.0070343018, 32.7621498108], [13.5377626419, -1.91980075836, 36.4494400024, 14.9707365036, 16.925239563, 18.2385997772, 4.36496353149, 19.622877121, 15.6841287613, 5.9052491188, 19.5287208557, 32.7621498108, 71.473526001]], "icov": [[0.000409133761423, 0.000599074875936, -9.64684950304e-05, 6.31399379927e-05, 6.75848132232e-05, -8.3651560999e-05, -0.000260786327999, 3.17049443765e-06, 0.000102392266854, -0.000334432494128, -0.000167101388797, -0.000268092000624, 0.000168674305314], [0.000599074875936, 0.00229634786956, 0.000383225647965, -0.00085850659525, -0.000429313105997, 0.000527695869096, -0.00181751139462, 0.000206844255445, -6.46902481094e-05, -0.000378769502277, 0.000430440792115, -0.000389333523344, 6.0156253312e-05], [-9.64684950304e-05, 0.000383225647965, 0.00219723558985, -0.000144862686284, -0.00163414806593, -0.00122427230235, 0.000728619052097, -0.000271383178188, -0.000458059483208, 0.0014013153268, -0.00174167088699, 0.000972728885245, -0.000317492027534], [6.31399379927e-05, -0.00085850659525, -0.000144862686284, 0.00679894257337, -0.00208255159669, -0.00307659618556, 0.00247356668115, -0.00158587121405, 0.000873668119311, -0.000933422474191, 0.000769385835156, -0.000668441527523, 0.000158921742695], [6.75848132232e-05, -0.000429313105997, -0.00163414806593, -0.00208255159669, 0.00863862130791, -0.00147532601841, -0.00262108887546, 0.00318110641092, -0.00136521679815, -9.3209942861e-05, 0.000598196871579, -0.00120690336917, -0.000440176809207], [-8.3651560999e-05, 0.000527695869096, -0.00122427230235, -0.00307659618556, -0.00147532601841, 0.0118546141312, -0.00418147817254, 0.00121543195564, -0.000180795512279, -0.000197704212042, -0.0016092422884, 0.00180353736505, -0.0017862461973], [-0.000260786327999, -0.00181751139462, 0.000728619052097, 0.00247356668115, -0.00262108887546, -0.00418147817254, 0.0122205335647, -0.0024777057115, -0.00124352355488, -0.000434139074059, -0.000880192383192, -0.00116109475493, 0.00181400042493], [3.17049443765e-06, 0.000206844255445, -0.000271383178188, -0.00158587121405, 0.00318110641092, 0.00121543195564, -0.0024777057115, 0.00799640826881, -0.00515387952328, 0.0025420030579, -0.00293717463501, 0.00256555248052, -0.00208453973755], [0.000102392266854, -6.46902481094e-05, -0.000458059483208, 0.000873668119311, -0.00136521679815, -0.000180795512279, -0.00124352355488, -0.00515387952328, 0.0183673109859, -0.00798821821809, 0.000944024999626, 0.000499220972415, -0.00196746760048], [-0.000334432494128, -0.000378769502277, 0.0014013153268, -0.000933422474191, -9.3209942861e-05, -0.000197704212042, -0.000434139074059, 0.0025420030579, -0.00798821821809, 0.0195933952928, -0.00749608268961, -0.00164541637059, 0.00187167001422], [-0.000167101388797, 0.000430440792115, -0.00174167088699, 0.000769385835156, 0.000598196871579, -0.0016092422884, -0.000880192383192, -0.00293717463501, 0.000944024999626, -0.00749608268961, 0.0218880046159, -0.00697023840621, -0.000473853695439], [-0.000268092000624, -0.000389333523344, 0.000972728885245, -0.000668441527523, -0.00120690336917, 0.00180353736505, -0.00116109475493, 0.00256555248052, 0.000499220972415, -0.00164541637059, -0.00697023840621, 0.0225343108177, -0.00952205155045], [0.000168674305314, 6.0156253312e-05, -0.000317492027534, 0.000158921742695, -0.000440176809207, -0.0017862461973, 0.00181400042493, -0.00208453973755, -0.00196746760048, 0.00187167001422, -0.000473853695439, -0.00952205155045, 0.0198823623359]], "mean": [-627.529296875, 107.385055542, -17.6852664948, 25.1214160919, 9.02281570435, 18.633190155, 5.41419506073, -4.04056119919, -6.64765262604, 5.4433298111, -0.502065181732, 0.541184842587, -4.18749189377]}, "spectral_contrast_valleys": {"min": [-12.9908838272, -13.4751930237, -15.6717100143, -15.4655628204, -16.3680324554, -17.3314094543], "max": [-5.04062843323, -5.1682639122, -5.41531085968, -5.50153255463, -5.34869527817, -7.48526954651], "dvar2": [0.443691432476, 0.227122053504, 0.166328415275, 0.0908042639494, 0.0909176245332, 0.325879991055], "median": [-7.14262580872, -6.83141374588, -7.30740976334, -6.86917448044, -7.0711889267, -9.97658538818], "dmean2": [0.754613399506, 0.606054365635, 0.493304997683, 0.374721199274, 0.317834734917, 0.455211728811], "dmean": [0.485185950994, 0.372479081154, 0.304731041193, 0.235644862056, 0.227596357465, 0.360593229532], "var": [0.920705139637, 0.430135637522, 0.425938934088, 0.404962897301, 0.528526365757, 1.54306662083], "dvar": [0.203844889998, 0.0913656130433, 0.0709001496434, 0.0400276295841, 0.0509572289884, 0.179116889834], "mean": [-7.29079627991, -6.89202070236, -7.27027606964, -6.97071123123, -7.14447450638, -10.192035675]}, "barkbands_flatness_db": {"min": 0.0256158392876, "max": 0.452985078096, "dvar2": 0.00176435511094, "median": 0.0997660085559, "dmean2": 0.0392611026764, "dmean": 0.0259883385152, "var": 0.00292464299127, "dvar": 0.000763146032114, "mean": 0.112509511411}, "dynamic_complexity": 2.80723118782, "erbbands_flatness_db": {"min": 0.0721810311079, "max": 0.428134381771, "dvar2": 0.000543470145203, "median": 0.144842043519, "dmean2": 0.0253543443978, "dmean": 0.0173334572464, "var": 0.00211105006747, "dvar": 0.000266373826889, "mean": 0.153869658709}, "hfc": {"min": 1.07172309072e-05, "max