{"lowlevel": {"spectral_complexity": {"min": 0, "max": 65, "dvar2": 98.2819519043, "median": 21, "dmean2": 8.46237850189, "dmean": 5.52309465408, "var": 169.272903442, "dvar": 48.1636581421, "mean": 21.6779155731}, "silence_rate_20dB": {"min": 1, "max": 1, "dvar2": 0, "median": 1, "dmean2": 0, "dmean": 0, "var": 0, "dvar": 0, "mean": 1}, "average_loudness": 0.950261831284, "erbbands_spread": {"min": 1.53168797493, "max": 145.525085449, "dvar2": 278.911590576, "median": 33.0508728027, "dmean2": 14.3661813736, "dmean": 9.08403491974, "var": 313.139312744, "dvar": 112.078697205, "mean": 36.040058136}, "spectral_kurtosis": {"min": -1.23336410522, "max": 42.518913269, "dvar2": 8.48191547394, "median": 2.95576024055, "dmean2": 2.23333144188, "dmean": 1.32744073868, "var": 7.22638940811, "dvar": 3.10652756691, "mean": 3.4776494503}, "barkbands_kurtosis": {"min": -1.93420064449, "max": 507.706085205, "dvar2": 334.082672119, "median": -0.586452007294, "dmean2": 4.18791913986, "dmean": 2.50674390793, "var": 141.354019165, "dvar": 127.198722839, "mean": 1.58477163315}, "spectral_strongpeak": {"min": 0, "max": 14.4829854965, "dvar2": 1.98170411587, "median": 0.303618252277, "dmean2": 0.986680269241, "dmean": 0.583982050419, "var": 1.18702745438, "dvar": 0.799822151661, "mean": 0.776261746883}, "spectral_spread": {"min": 1010946.625, "max": 42213816, "dvar2": 1540144496640.0, "median": 3941240.75, "dmean2": 836776.375, "dmean": 536037.625, "var": 2613800599550.0, "dvar": 709896503296, "mean": 4241751.5}, "spectral_rms": {"min": 3.19807309974e-12, "max": 0.012219183147, "dvar2": 2.54580959336e-06, "median": 0.00328179402277, "dmean2": 0.00124122120906, "dmean": 0.000860996835399, "var": 3.08964945361e-06, "dvar": 1.28289707391e-06, "mean": 0.00349701824598}, "erbbands": {"min": [2.32325872718e-22, 1.20538895475e-21, 4.99091943384e-21, 2.85082757485e-20, 3.65040135757e-20, 1.77702008998e-19, 2.13481848566e-19, 2.32745566713e-19, 2.44743511305e-19, 4.24846838546e-19, 1.07733864135e-18, 8.81751475322e-19, 8.73174542948e-19, 1.25769038127e-18, 1.78490480143e-18, 1.99835131387e-18, 2.11901814688e-18, 2.75745434163e-18, 2.76004900041e-18, 3.29638773971e-18, 4.8675558951e-18, 7.52968118664e-18, 8.82266043702e-18, 1.10106242948e-17, 8.9637609059e-18, 1.04845349436e-17, 1.3419514032e-17, 1.24416442729e-17, 1.4856491365e-17, 1.80908436607e-17, 1.58766151641e-17, 1.21442157673e-17, 1.02799748325e-17, 8.38382126972e-18, 7.88331330622e-18, 5.20863554888e-18, 2.99610835606e-18, 1.14073924357e-18, 2.92345144769e-19, 3.02181065422e-20], "max": [0.656255424023, 11.168390274, 87.6218566895, 112.142669678, 123.90246582, 123.429977417, 157.91104126, 166.138778687, 284.982421875, 378.668182373, 743.288024902, 688.524780273, 885.606750488, 718.565551758, 468.377716064, 596.074768066, 1285.59521484, 658.898132324, 1622.92419434, 964.736877441, 1458.79992676, 437.530273438, 943.758422852, 590.374145508, 606.198303223, 410.967376709, 302.910583496, 205.308868408, 345.757110596, 660.812866211, 210.681030273, 183.030136108, 101.150154114, 59.165184021, 37.3978271484, 14.3823232651, 2.64138174057, 0.415703743696, 0.0636016950011, 0.00209999480285], "dvar2": [0.0172318574041, 2.28189349174, 150.57484436, 273.413970947, 495.703735352, 403.372283936, 52.4138908386, 208.549667358, 464.695465088, 547.943115234, 1547.83642578, 998.84588623, 1226.08288574, 1288.87243652, 965.759155273, 1413.20874023, 2155.6171875, 3330.90112305, 7801.66748047, 5043.453125, 6692.89697266, 2142.07788086, 3019.88208008, 13296.0498047, 12990.4248047, 4391.24169922, 3504.21386719, 1714.05310059, 630.299133301, 428.669342041, 132.775848389, 50.5378570557, 32.6256103516, 8.71065998077, 2.76699447632, 0.80536198616, 0.0877613499761, 0.00202961568721, 9.67749474512e-06, 2.00822682928e-08], "median": [0.0177997015417, 0.144239753485, 0.388893425465, 0.871928811073, 1.29303765297, 1.45156526566, 1.48345172405, 2.2950258255, 2.68386650085, 3.37785291672, 3.96054124832, 5.3083190918, 6.71303939819, 7.56056022644, 7.860455513, 8.8353061676, 10.8447170258, 16.4196624756, 17.6510372162, 14.815984726, 14.4616470337, 12.2622327805, 10.1134672165, 9.41682052612, 9.67272567749, 11.1971187592, 10.8134813309, 7.07511329651, 3.66890954971, 2.04017925262, 1.06018722057, 0.535056233406, 0.307514876127, 0.135398700833, 0.0622143596411, 0.0235514380038, 0.00620745774359, 0.000802231370471, 7.21463948139e-05, 1.90191385627e-05], "dmean2": [0.0794775635004, 0.759327292442, 4.27020263672, 6.11968803406, 8.97154998779, 7.01810121536, 3.92703223228, 6.77555656433, 9.91186141968, 11.0873098373, 13.0505857468, 12.4833917618, 16.2128314972, 16.5138187408, 16.0486888885, 18.4304409027, 20.0955200195, 31.371761322, 39.7309417725, 31.2373905182, 40.3865776062, 26.5225162506, 29.2626247406, 41.1990814209, 38.810459137, 29.7322692871, 27.1867752075, 18.6957092285, 12.1263017654, 7.73142385483, 4.21308040619, 2.11844372749, 1.73724508286, 0.876357197762, 0.558345735073, 0.331468939781, 0.118165068328, 0.0177872255445, 0.00121446989942, 6.17657206021e-05], "dmean": [0.0459454096854, 0.506246387959, 2.62428641319, 3.46419525146, 5.06504297256, 3.91140890121, 2.29350209236, 3.93268084526, 5.82072114944, 6.63099861145, 8.10922527313, 7.75023841858, 9.967628479, 10.3082065582, 9.88120269775, 11.5563659668, 12.6402549744, 19.5975036621, 26.341550827, 19.3357315063, 24.7460079193, 16.1675949097, 17.9946479797, 23.009103775, 21.3799819946, 16.5257320404, 15.4018106461, 10.7564134598, 7.03322601318, 4.87198066711, 2.86350798607, 1.42681372166, 1.10665881634, 0.544472932816, 0.342610120773, 0.20095205307, 0.0691589415073, 0.0102488351986, 0.000720085634384, 3.82336438634e-05], "var": [0.00688214879483, 1.43111538887, 55.042011261, 67.2969284058, 121.56577301, 94.2557067871, 20.4519062042, 72.2575912476, 192.411834717, 255.746414185, 730.933776855, 479.892486572, 681.816955566, 718.766967773, 625.988586426, 1119.44885254, 1452.62854004, 2474.69018555, 4781.15771484, 2900.2487793, 4161.46142578, 1366.89282227, 1558.42236328, 2921.18847656, 2775.5222168, 1105.95483398, 995.790466309, 569.184387207, 293.059692383, 219.485076904, 82.3101882935, 27.3710250854, 16.1011657715, 4.7458615303, 1.79360687733, 0.390735417604, 0.0302027575672, 0.000609356735367, 3.94008975491e-06, 8.2950473157e-09], "dvar": [0.00591522082686, 1.08046388626, 62.0757446289, 100.167892456, 181.697463989, 142.791534424, 19.0697612762, 75.6155776978, 177.939910889, 217.081268311, 649.930847168, 397.979248047, 482.834655762, 515.305114746, 376.254150391, 555.368652344, 913.21887207, 1279.57910156, 3218.97387695, 1936.5480957, 2621.75976562, 836.045959473, 1226.19726562, 4607.78271484, 4495.0546875, 1544.99633789, 1240.69567871, 624.155822754, 240.674530029, 177.409240723, 55.6145553589, 20.8237915039, 13.1801509857, 3.64091563225, 1.21192908287, 0.332464754581, 0.0342800207436, 0.000771733291913, 3.95854840463e-06, 8.14986034214e-09], "mean": [0.0526628047228, 0.563027143478, 2.38914966583, 2.95696902275, 4.46334314346, 3.81366753578, 2.93378996849, 4.8067278862, 7.00864028931, 8.5718536377, 10.7920331955, 11.2345333099, 15.0772647858, 15.6307077408, 15.9166574478, 19.7162742615, 21.6662197113, 34.2974395752, 42.6669654846, 31.4910984039, 36.1408119202, 25.2528839111, 24.5866336823, 24.4117355347, 22.3476810455, 20.0911598206, 21.0266742706, 15.068192482, 11.229675293, 7.65913009644, 4.71990633011, 2.41584968567, 1.71056473255, 0.780089259148, 0.434927493334, 0.211141884327, 0.0616693869233, 0.00844105985016, 0.000640787766315, 4.67524587293e-05]}, "zerocrossingrate": {"min": 0, "max": 0.50439453125, "dvar2": 0.000389576656744, "median": 0.08251953125, "dmean2": 0.0162610914558, "dmean": 0.0136769488454, "var": 0.0019034917932, "dvar": 0.000285918824375, "mean": 0.0888594463468}, "spectral_contrast_coeffs": {"min": [-0.999572873116, -0.98452681303, -0.96899741888, -0.980569005013, -0.964464843273, -0.963676154613], "max": [-0.286055415869, -0.37521648407, -0.50076854229, -0.467157453299, -0.529435396194, -0.566748559475], "dvar2": [0.00728990510106, 0.00386663037352, 0.0026905531995, 0.00197753799148, 0.00110695615876, 0.00148659816477], "median": [-0.672581136227, -0.789029836655, -0.800400972366, -0.791390955448, -0.804248929024, -0.72144138813], "dmean2": [0.0998809188604, 0.0777666047215, 0.0643422827125, 0.0534875094891, 0.0382165014744, 0.0362094640732], "dmean": [0.0617268942297, 0.047017481178, 0.0393126346171, 0.0332880802453, 0.0236862078309, 0.0223941430449], "var": [0.00862450525165, 0.0043196324259, 0.00338327139616, 0.00300110527314, 0.00174391258042, 0.0020426583942], "dvar": [0.00288884830661, 0.00151340686716, 0.00106549938209, 0.000817489868496, 0.000460216979263, 0.000580302206799], "mean": [-0.661171197891, -0.780267417431, -0.793809711933, -0.784006237984, -0.799354970455, -0.722927927971]}, "dissonance": {"min": 0, "max": 0.500000119209, "dvar2": 0.000422471406637, "median": 0.487621128559, "dmean2": 0.0187425874174, "dmean": 0.0110626267269, "var": 0.000293667020742, "dvar": 0.000170751431142, "mean": 0.482709556818}, "spectral_energyband_high": {"min": 7.50976517842e-21, "max": 0.0271013453603, "dvar2": 1.02800486275e-05, "median": 0.000686413724907, "dmean2": 0.00142572796904, "dmean": 0.000864181551151, "var": 4.2087467591e-06, "dvar": 3.89685646951e-06, "mean": 0.00138144800439}, "spectral_skewness": {"min": -0.0997704043984, "max": 5.4298043251, "dvar2": 0.131770297885, "median": 1.11464118958, "dmean2": 0.325697809458, "dmean": 0.200168520212, "var": 0.165562227368, "dvar": 0.0504154227674, "mean": 1.15751254559}, "spectral_flux": {"min": 6.42931263783e-11, "max": 0.346430361271, "dvar2": 0.00197704252787, "median": 0.0680745542049, "dmean2": 0.0348803922534, "dmean": 0.0245832856745, "var": 0.0025861824397, "dvar": 0.00111004256178, "mean": 0.0797668173909}, "silence_rate_30dB": {"min": 0, "max": 1, "dvar2": 0.000454922643257, "median": 1, "dmean2": 0.000303398061078, "dmean": 0.000151687519974, "var": 7.5827112596e-05, "dvar": 0.000151643907884, "mean": 0.999924182892}, "spectral_energyband_middle_high": {"min": 1.35773851856e-21, "max": 0.0475484989583, "dvar2": 4.26003716711e-05, "median": 0.00366634968668, "dmean2": 0.00390125554986, "dmean": 0.0024766116403, "var": 2.96908274322e-05, "dvar": 1.65309411386e-05, "mean": 0.00541456555948}, "barkbands_spread": {"min": 0.42162925005, "max": 144.605010986, "dvar2": 214.214355469, "median": 31.6018714905, "dmean2": 13.1635608673, "dmean": 8.11177539825, "var": 225.186065674, "dvar": 87.2199859619, "mean": 32.5002593994}, "spectral_centroid": {"min": 148.632614136, "max": 11795.6914062, "dvar2": 527673.625, "median": 2165.86157227, "dmean2": 601.547973633, "dmean": 372.306854248, "var": 496584.40625, "dvar": 206518.96875, "mean": 2104.77661133}, "pitch_salience": {"min": 0.0500968620181, "max": 0.922493457794, "dvar2": 0.0193104147911, "median": 0.61246830225, "dmean2": 0.144854545593, "dmean": 0.08819244802, "var": 0.0165107417852, "dvar": 0.00798497349024, "mean": 0.590042352676}, "erbbands_skewness": {"min": -5.14391946793, "max": 5.6423459053, "dvar2": 0.480272769928, "median": -0.266021043062, "dmean2": 0.627827167511, "dmean": 0.394571989775, "var": 0.494063466787, "dvar": 0.193653970957, "mean": -0.256477594376}, "erbbands_crest": {"min": 2.09432339668, "max": 30.5742664337, "dvar2": 12.9123153687, "median": 6.74690294266, "dmean2": 3.82052397728, "dmean": 2.33301854134, "var": 12.5873651505, "dvar": 5.16402864456, "mean": 7.63364219666}, "melbands": {"min": [1.91697065387e-24, 2.08598055294e-24, 4.65353031737e-24, 9.77408364558e-24, 9.09960283845e-24, 4.67800236038e-24, 4.07089461329e-24, 5.26786876352e-24, 9.51342033667e-24, 4.1023532029e-24, 4.46451332803e-24, 4.47887809068e-24, 6.54107251518e-24, 4.31922447638e-24, 2.65693579082e-24, 5.65365290618e-24, 4.83374519674e-24, 4.85152375496e-24, 3.88212808728e-24, 5.81888258379e-24, 4.44879133019e-24, 7.80069681521e-24, 6.48885031768e-24, 8.1169030316e-24, 7.29173953638e-24, 6.3449715549e-24, 7.50850589136e-24, 6.27801106911e-24, 7.21864210718e-24, 6.12843239186e-24, 7.47570899923e-24, 7.6714498445e-24, 8.87218686125e-24, 7.99885394144e-24, 9.65169345386e-24, 7.48968840333e-24, 7.41474425075e-24, 7.5246112756e-24, 5.31094056895e-24, 7.33461885974e-24], "max": [0.00880249962211, 0.0340113341808, 0.0175110287964, 0.0109672490507, 0.00434269104153, 0.00355362333357, 0.00416598748416, 0.00413850834593, 0.00536183919758, 0.00526168849319, 0.00443641515449, 0.0030405188445, 0.00147682114039, 0.00161268806551, 0.00205130875111, 0.00235212943517, 0.00126618344802, 0.00232275226153, 0.00181884528138, 0.00117963459343, 0.00178055628203, 0.000629979302175, 0.000802700000349, 0.00051014876226, 0.000521309208125, 0.000654255854897, 0.000369779823814, 0.000258907530224, 0.00022315440583, 0.000148471037392, 0.000121115190268, 0.000179690759978, 0.000249740143772, 0.00040290679317, 0.000147290251334, 9.27337969188e-05, 0.000115301794722, 6.43283929094e-05, 8.47231640364e-05, 4.72126776003e-05], "dvar2": [1.97392455448e-06, 1.83633983397e-05, 6.85474060447e-06, 3.34999776896e-06, 8.09284017578e-08, 9.80105596682e-08, 1.07287633e-07, 6.61067929286e-08, 9.12592383884e-08, 4.44354952833e-08, 3.23509681266e-08, 2.2926391452e-08, 1.2096097457e-08, 1.21952652421e-08, 1.43512197681e-08, 1.12358353732e-08, 1.40263001214e-08, 2.27552732213e-08, 1.62034687889e-08, 8.30659629969e-09, 1.32421851262e-08, 2.90806978498e-09, 2.12679540645e-09, 2.2170836278e-09, 1.00075787657e-08, 1.69979994524e-08, 2.39927633316e-09, 2.03454986192e-09, 1.62415081384e-09, 9.59478607676e-10, 4.73125760792e-10, 2.19737283924e-10, 1.57942048329e-10, 1.41986325475e-10, 5.58654164595e-11, 2.23021011381e-11, 1.97792598272e-11, 1.80200437905e-11, 1.22603220978e-11, 5.61013605363e-12], "median": [0.000186108081834, 0.000232177815633, 0.000186525692698, 0.000108635707875, 5.50441691303e-05, 5.4783638916e-05, 4.13094167016e-05, 3.72235554096e-05, 3.10254035867e-05, 3.3354946936e-05, 3.2075215131e-05, 2.86096092168e-05, 2.47879652306e-05, 2.29600482271e-05, 2.06972908927e-05, 2.24528557737e-05, 2.91125688818e-05, 2.58549807768e-05, 1.94466447283e-05, 1.59506107593e-05, 1.52189204528e-05, 1.2303737094e-05, 9.52721984504e-06, 8.05180570751e-06, 6.94083792041e-06, 6.35584638076e-06, 6.82142126607e-06, 6.94681966706e-06, 7.04414287611e-06, 4.86280441692e-06, 3.37540404871e-06, 2.14039960156e-06, 1.49286574924e-06, 9.44722614804e-07, 6.32249566479e-07, 3.87653784628e-07, 2.91788637696e-07, 2.31413196161e-07, 1.42279588999e-07, 9.99083766828e-08], "dmean2": [0.00078447262058, 0.00162617815658, 0.00112711440306, 0.000639262842014, 0.000142849268741, 0.00014987954637, 0.000150948515511, 0.000123787336634, 0.000105637489469, 8.14317609183e-05, 8.29750060802e-05, 6.83957623551e-05, 5.39356042282e-05, 5.50564909645e-05, 4.98384724779e-05, 5.06928518007e-05, 6.47666602163e-05, 7.32714761398e-05, 5.23982962477e-05, 4.30018262705e-05, 5.39313659829e-05, 2.99761268252e-05, 2.55434788414e-05, 2.49844160862e-05, 3.5425178794e-05, 4.0052960685e-05, 2.07842240343e-05, 2.03549025173e-05, 1.9540946596e-05, 1.36195021696e-05, 1.00174784166e-05, 7.46820296627e-06, 5.62048217034e-06, 4.05491982747e-06, 2.72917054644e-06, 1.78367497483e-06, 1.25395138184e-06, 1.35583741212e-06, 1.00662759905e-06, 6.80149526033e-07], "dmean": [0.000475006672787, 0.00105229555629, 0.0006425982574, 0.00035807111999, 8.23182053864e-05, 8.72285309015e-05, 8.87638088898e-05, 7.40844407119e-05, 6.58347125864e-05, 5.01556423842e-05, 5.08753473696e-05, 4.24339050369e-05, 3.32076415361e-05, 3.39364414685e-05, 3.12485171889e-05, 3.18088714266e-05, 4.01524630433e-05, 4.90150632686e-05, 3.17821650242e-05, 2.6401688956e-05, 3.25840119331e-05, 1.82762832992e-05, 1.54690933414e-05, 1.54960162035e-05, 1.96437940758e-05, 2.17243614316e-05, 1.16240144052e-05, 1.13407613753e-05, 1.10316368591e-05, 7.67487472331e-06, 5.84424151384e-06, 4.25733196607e-06, 3.358166623e-06, 2.57414853877e-06, 1.83961321909e-06, 1.14701458642e-06, 8.36492347389e-07, 8.48122965635e-07, 6.22916275006e-07, 4.26887197591e-07], "var": [8.7730506948e-07, 8.81062896951e-06, 1.76996502432e-06, 8.05690660854e-07, 2.57838461692e-08, 3.47282274049e-08, 4.58568578665e-08, 3.11299288569e-08, 4.50809451991e-08, 2.08832933168e-08, 1.77119776623e-08, 1.24824577341e-08, 6.80315848101e-09, 8.89502071999e-09, 8.97971563774e-09, 8.6233269414e-09, 9.87301085331e-09, 1.67110840721e-08, 7.75347697157e-09, 5.01810371034e-09, 7.23991222529e-09, 1.92057947324e-09, 1.09875764043e-09, 1.20965859551e-09, 2.15679740734e-09, 3.38283356882e-09, 6.08038452921e-10, 5.18750209455e-10, 4.79548678545e-10, 2.57531440617e-10, 1.80689171958e-10, 1.03021917386e-10, 7.9544822118e-11, 6.41118963474e-11, 3.18182181991e-11, 1.43141262732e-11, 9.48222923791e-12, 8.61272945324e-12, 5.53160165243e-12, 3.09920730572e-12], "dvar": [7.56574536354e-07, 8.17534237285e-06, 2.54467022387e-06, 1.21543666864e-06, 2.83850134508e-08, 3.56343115016e-08, 4.1532317141e-08, 2.56756091943e-08, 3.87575660454e-08, 1.74980634426e-08, 1.27092461e-08, 9.14061892843e-09, 4.69456207242e-09, 4.72213512737e-09, 5.60181900866e-09, 4.94299223774e-09, 5.3307127601e-09, 9.95256055347e-09, 6.09652728301e-09, 3.30061600273e-09, 5.09033704077e-09, 1.15610332418e-09, 8.26166024481e-10, 9.06712871451e-10, 3.46739303936e-09, 5.85730042246e-09, 8.39444735945e-10, 7.19125425874e-10, 5.76951986186e-10, 3.39620331857e-10, 1.7649601225e-10, 8.24675605582e-11, 6.45507952646e-11, 5.65644267536e-11, 2.30101406679e-11, 9.49503583397e-12, 7.95388321179e-12, 7.17949961634e-12, 4.89597078157e-12, 2.34833940488e-12], "mean": [0.000545416667592, 0.00110073934775, 0.00056103640236, 0.000330187263899, 0.00010407888476, 0.000109964232252, 0.000108585205453, 9.61627665674e-05, 8.81340965861e-05, 7.20007956261e-05, 7.49539176468e-05, 6.22098159511e-05, 5.06952201249e-05, 5.43033929716e-05, 4.93961233587e-05, 4.99894558743e-05, 6.58923891024e-05, 7.52276901039e-05, 4.62677162432e-05, 3.94239759771e-05, 4.31964399468e-05, 2.69191405096e-05, 2.15529216803e-05, 2.05615324376e-05, 1.96389264602e-05, 1.90336595551e-05, 1.37933129736e-05, 1.31334309117e-05, 1.44936666402e-05, 9.99827716441e-06, 8.16624196887e-06, 6.6969278123e-06, 5.01251406604e-06, 3.87288264392e-06, 2.86795489046e-06, 1.89816000784e-06, 1.32794662022e-06, 1.28232829866e-06, 8.74554189068e-07, 5.911257972e-07]}, "spectral_entropy": {"min": 4.65683221817, "max": 9.81096744537, "dvar2": 0.0538021065295, "median": 7.8791475296, "dmean2": 0.202632382512, "dmean": 0.131057590246, "var": 0.102433927357, "dvar": 0.025855306536, "mean": 7.8773522377}, "spectral_rolloff": {"min": 21.533203125, "max": 18626.2207031, "dvar2": 3389998, "median": 2433.25195312, "dmean2": 1418.66137695, "dmean": 841.136413574, "var": 3514859, "dvar": 1456212.375, "mean": 2764.07421875}, "barkbands": {"min": [8.22629230257e-25, 5.97924617291e-24, 5.43712912593e-24, 7.43920209425e-24, 4.33040397647e-23, 1.98356297827e-23, 1.78200601932e-23, 4.16450558147e-23, 3.2156532717e-23, 2.36325435373e-23, 4.87310336057e-23, 3.2500009066e-23, 5.85777374196e-23, 3.97283573178e-23, 4.33905967386e-23, 1.02146039277e-22, 1.21141317625e-22, 1.59672641628e-22, 2.30314340519e-22, 2.19998665208e-22, 2.85543439127e-22, 4.89924576921e-22, 5.71074710862e-22, 6.49227122877e-22, 1.0424761774e-21, 1.38776521518e-21, 2.10944505964e-21], "max": [0.00170929869637, 0.0417983978987, 0.0990932360291, 0.0321759432554, 0.0406638495624, 0.0167501028627, 0.0225513279438, 0.0308585837483, 0.0421508364379, 0.0165237206966, 0.0119331777096, 0.0126208290458, 0.0248719491065, 0.0190633740276, 0.0288118664175, 0.022191805765, 0.0106075182557, 0.0148613434285, 0.0149359675124, 0.00846588425338, 0.00604230863973, 0.0100015029311, 0.0112403128296, 0.00700485240668, 0.00484402338043, 0.00192489195615, 0.000239697372308], "dvar2": [2.04177919017e-08, 3.77081778424e-05, 0.000205374119105, 1.64934826898e-05, 4.88457590109e-05, 2.058484597e-06, 2.50819061876e-06, 2.61668674284e-06, 2.0812776711e-06, 1.2837988379e-06, 8.00966176939e-07, 8.93642436495e-07, 1.13031660476e-06, 1.89293950825e-06, 2.87457646664e-06, 2.229415486e-06, 7.73378701524e-07, 8.14664133486e-07, 8.79019080458e-06, 2.15041973206e-06, 1.67447979038e-06, 3.74991373064e-07, 2.15591398955e-07, 1.1288142332e-07, 5.30751975703e-08, 2.89339094905e-08, 3.16234954889e-10], "median": [2.31161538977e-05, 0.000685708248056, 0.000313517608447, 0.000267285358859, 0.000482631381601, 0.000280622858554, 0.0001858152973, 0.000157184753334, 0.00023649900686, 0.000201976799872, 0.000175562599907, 0.000214867963223, 0.000210533224163, 0.000333995732944, 0.000262417073827, 0.000257391337072, 0.000207987468457, 0.000171730920556, 0.000176270812517, 0.00024004111765, 0.00022562596132, 9.37269505812e-05, 4.19851021434e-05, 2.11520891753e-05, 1.01790246845e-05, 4.01922443416e-06, 3.37193739597e-07], "dmean2": [7.98847759143e-05, 0.00317287887447, 0.00476204231381, 0.00178577168845, 0.00242807972245, 0.000729248160496, 0.000722289725672, 0.000606724526733, 0.000582535052672, 0.000517941196449, 0.000438492163084, 0.000495208194479, 0.000479126087157, 0.000812269223388, 0.000665232422762, 0.000760663475376, 0.00048126000911, 0.00049717631191, 0.000948164262809, 0.000656250165775, 0.000578603183385, 0.000299685343634, 0.000157016722369, 9.76202500169e-05, 7.87653480074e-05, 6.6665605118e-05, 6.99874271959e-06], "dmean": [5.60149310331e-05, 0.00201327260584, 0.00279325479642, 0.00099606171716, 0.00136602821294, 0.000425863720011, 0.000426291866461, 0.000367830594769, 0.000357137731044, 0.000317853293382, 0.000271709810477, 0.000308500340907, 0.000300655723549, 0.000534770602826, 0.000406028673751, 0.0004662880674, 0.000289699528366, 0.000308004469844, 0.000515961728524, 0.000364363309927, 0.000328910420649, 0.000179353912245, 0.000103528480395, 6.47030610708e-05, 4.80103990412e-05, 3.96205214201e-05, 4.07839979744e-06], "var": [2.88526376124e-08, 1.87971145351e-05, 6.01006031502e-05, 3.84812210541e-06, 1.18429688882e-05, 7.70462349919e-07, 1.13815121949e-06, 1.26291593006e-06, 1.00605154785e-06, 6.97781331382e-07, 4.33053799043e-07, 7.09954463218e-07, 7.77150717113e-07, 1.6684896309e-06, 1.26650820675e-06, 1.34864751544e-06, 4.68757235694e-07, 4.76179877751e-07, 1.75948366632e-06, 5.35980973382e-07, 4.8389983931e-07, 2.16975010403e-07, 1.1765520469e-07, 5.78248346983e-08, 3.52266411596e-08, 1.13890834541e-08, 1.10464630498e-10], "dvar": [1.00300718842e-08, 1.57871545525e-05, 7.94887746451e-05, 5.87303748034e-06, 1.77195615834e-05, 7.51610116367e-07, 9.92852960735e-07, 1.06297602542e-06, 8.16542581106e-07, 5.01553131471e-07, 3.10596902864e-07, 3.48957513552e-07, 4.84641532239e-07, 8.07388346402e-07, 1.08378640107e-06, 8.82098902366e-07, 3.00362870576e-07, 3.33020182097e-07, 3.02708212985e-06, 7.55198072966e-07, 5.95982783125e-07, 1.51796257342e-07, 8.81634889538e-08, 4.60240485722e-08, 2.33499068969e-08, 1.15606271223e-08, 1.24453655714e-10], "mean": [9.63335041888e-05, 0.00223941472359, 0.00226586009376, 0.000857093255036, 0.00131128914654, 0.000548573443666, 0.00051991106011, 0.000465190852992, 0.000521007168572, 0.000464345852379, 0.000390988017898, 0.000501011614688, 0.000469980703201, 0.000874220568221, 0.000592535478063, 0.000661314290483, 0.000433057139162, 0.000430293468526, 0.000481367431348, 0.000441190379206, 0.000450818217359, 0.000297310733004, 0.000177116759005, 0.000104817539977, 6.55217081658e-05, 3.76684656658e-05, 3.45360194842e-06]}, "melbands_flatness_db": {"min": 0.00562995253131, "max": 0.70273989439, "dvar2": 0.00300040445291, "median": 0.133155584335, "dmean2": 0.0527953840792, "dmean": 0.0329610668123, "var": 0.0043390924111, "dvar": 0.00128736183979, "mean": 0.144605174661}, "melbands_skewness": {"min": -3.01156687737, "max": 20.0366230011, "dvar2": 3.26447272301, "median": 1.52232956886, "dmean2": 1.4385484457, "dmean": 0.896947979927, "var": 3.3993537426, "dvar": 1.37616634369, "mean": 1.93288969994}, "barkbands_skewness": {"min": -4.62819910049, "max": 19.3770942688, "dvar2": 1.87219309807, "median": 0.481018185616, "dmean2": 1.04276418686, "dmean": 0.647809803486, "var": 1.75906085968, "dvar": 0.768934965134, "mean": 0.704650640488}, "silence_rate_60dB": {"min": 0, "max": 1, "dvar2": 0.084965094924, "median": 0, "dmean2": 0.0834344625473, "dmean": 0.0417140685022, "var": 0.0985277742147, "dvar": 0.0399737767875, "mean": 0.110799334943}, "spectral_energyband_low": {"min": 2.35508222807e-23, "max": 0.123275846243, "dvar2": 0.000236626336118, "median": 0.00161919835955, "dmean2": 0.00665026903152, "dmean": 0.00425285892561, "var": 0.000122963800095, "dvar": 0.000105367857032, "mean": 0.00508064450696}, "spectral_energyband_middle_low": {"min": 2.81855432353e-22, "max": 0.0600926578045, "dvar2": 0.000112665249617, "median": 0.00278670480475, "dmean2": 0.00522852828726, "dmean": 0.00307695823722, "var": 3.60916455975e-05, "dvar": 4.26273945777e-05, "mean": 0.00438851164654}, "melbands_kurtosis": {"min": -1.86961364746, "max": 766.643127441, "dvar2": 1165.96679688, "median": 2.04806685448, "dmean2": 11.7310876846, "dmean": 7.08772039413, "var": 725.764343262, "dvar": 470.410736084, "mean": 8.30661964417}, "spectral_decrease": {"min": -3.91823782309e-08, "max": 8.91815041332e-29, "dvar2": 2.49638460113e-17, "median": -2.52916887433e-09, "dmean2": 2.96772095787e-09, "dmean": 1.96467397906e-09, "var": 1.60120295935e-17, "dvar": 1.1296985951e-17, "mean": -3.6600469322e-09}, "erbbands_kurtosis": {"min": -1.84536910057, "max": 52.3369178772, "dvar2": 7.2685751915, "median": -0.0289276838303, "dmean2": 1.67295980453, "dmean": 1.02093672752, "var": 5.57578516006, "dvar": 2.98537373543, "mean": 0.549553155899}, "melbands_crest": {"min": 1.82895421982, "max": 35.4875411987, "dvar2": 35.9984130859, "median": 11.1880311966, "dmean2": 6.91316080093, "dmean": 4.1645026207, "var": 32.3227615356, "dvar": 13.9874973297, "mean": 12.3303565979}, "gfcc": {"cov": [[9986.39453125, -436.741577148, -179.997680664, 347.119720459, -468.08215332, 278.244140625, -394.33770752, 12.8062515259, -184.19909668, 118.915763855, -216.659011841, -23.8602714539, -110.019416809], [-436.741577148, 1527.6517334, -102.466156006, 108.354530334, 381.435272217, 26.2465553284, 315.150848389, -17.5211219788, 149.961273193, -28.1984481812, 123.912368774, -53.1965141296, 103.349609375], [-179.997680664, -102.466156006, 1044.19567871, 220.740463257, 87.1736221313, 122.957382202, -75.1230926514, 55.9926376343, -43.5511932373, 4.76390552521, -90.4102783203, 48.5100440979, -88.7586212158], [347.119720459, 108.354530334, 220.740463257, 451.638427734, 118.128425598, 67.2347106934, 12.290189743, 10.5879869461, 43.4452629089, -25.6027050018, -5.89059972763, -16.5513687134, 19.0111465454], [-468.08215332, 381.435272217, 87.1736221313, 118.128425598, 558.483398438, 119.449333191, 197.143341064, 85.2414703369, 84.2364654541, 17.8959255219, 34.1584396362, 19.5783290863, 21.6689109802], [278.244140625, 26.2465553284, 122.957382202, 67.2347106934, 119.449333191, 278.355560303, 102.704101562, 42.8194389343, 15.0282249451, 13.9784936905, 15.4129867554, 20.1658401489, -3.42286849022], [-394.33770752, 315.150848389, -75.1230926514, 12.290189743, 197.143341064, 102.704101562, 301.734832764, 78.8483123779, 53.8229980469, 16.9160480499, 69.8424377441, 6.04627943039, 23.6196060181], [12.8062515259, -17.5211219788, 55.9926376343, 10.5879869461, 85.2414703369, 42.8194389343, 78.8483123779, 168.163955688, 69.6455612183, 40.2048034668, 25.9583435059, 20.5561466217, -7.09960794449], [-184.19909668, 149.961273193, -43.5511932373, 43.4452629089, 84.2364654541, 15.0282249451, 53.8229980469, 69.6455612183, 142.054016113, 39.5131835938, 48.2860488892, 5.64163398743, 23.2157669067], [118.915763855, -28.1984481812, 4.76390552521, -25.6027050018, 17.8959255219, 13.9784936905, 16.9160480499, 40.2048034668, 39.5131835938, 100.367271423, 41.6465568542, 13.7249231339, 1.16708064079], [-216.659011841, 123.912368774, -90.4102783203, -5.89059972763, 34.1584396362, 15.4129867554, 69.8424377441, 25.9583435059, 48.2860488892, 41.6465568542, 109.29989624, 24.9456176758, 23.7345848083], [-23.8602714539, -53.1965141296, 48.5100440979, -16.5513687134, 19.5783290863, 20.1658401489, 6.04627943039, 20.5561466217, 5.64163398743, 13.7249231339, 24.9456176758, 76.1033401489, 16.5751514435], [-110.019416809, 103.349609375, -88.7586212158, 19.0111465454, 21.6689109802, -3.42286849022, 23.6196060181, -7.09960794449, 23.2157669067, 1.16708064079, 23.7345848083, 16.5751514435, 90.7141418457]], "icov": [[0.00018359166279, -0.000201716204174, 0.000306763715344, -0.000361452723155, 0.000228768054512, -0.000385095772799, 0.000384194718208, -0.000389810244087, 0.000512814207468, -0.000719266477972, 0.000724680430721, -0.000473364721984, 0.000403557205573], [-0.000201716204174, 0.00158738403115, -0.000731112842914, 0.000621718063485, -0.000840841443278, 0.000838609179482, -0.00149974622764, 0.00159588316455, -0.00177551794332, 0.00182212656364, -0.00211153854616, 0.00216536526568, -0.00156312505715], [0.000306763715344, -0.000731112842914, 0.00222094007768, -0.00153148733079, 0.00037614806206, -0.00118030956946, 0.00131529942155, -0.00145804695785, 0.00175592338201, -0.00213818228804, 0.00291261076927, -0.00289172190242, 0.00245248829015], [-0.000361452723155, 0.000621718063485, -0.00153148733079, 0.00385109963827, -0.000986033119261, 0.000345276755979, -0.000503602495883, 0.00119074853137, -0.00234677805565, 0.00295311678201, -0.0024432647042, 0.00296288053505, -0.00231888238341], [0.000228768054512, -0.000840841443278, 0.00037614806206, -0.000986033119261, 0.00323680066504, -0.000965864048339, -0.000686619314365, -0.00103288749233, 0.000130958942464, -0.00140530278441, 0.00219391239807, -0.0018743048422, 0.000851435645018], [-0.000385095772799, 0.000838609179482, -0.00118030956946, 0.000345276755979, -0.000965864048339, 0.00561213167384, -0.00269796513021, 0.00110592821147, -0.00107290956657, 0.00128508498892, -0.00166016665753, 0.000541484041605, -0.000824706687126], [0.000384194718208, -0.00149974622764, 0.00131529942155, -0.000503602495883, -0.000686619314365, -0.00269796513021, 0.00782096106559, -0.00387441250496, 0.00270361709408, -0.000982288154773, -0.000867318187375, -0.000500368769281, 0.000928774476051], [-0.000389810244087, 0.00159588316455, -0.00145804695785, 0.00119074853137, -0.00103288749233, 0.00110592821147, -0.00387441250496, 0.0112950829789, -0.00630355486646, 0.000392216054024, -0.00119071628433, 0.000175973196747, 0.000101703080873], [0.000512814207468, -0.00177551794332, 0.00175592338201, -0.00234677805565, 0.000130958942464, -0.00107290956657, 0.00270361709408, -0.00630355486646, 0.0143529381603, -0.0051155956462, 7.41495387047e-05, -0.00117503129877, 0.000173488122527], [-0.000719266477972, 0.00182212656364, -0.00213818228804, 0.00295311678201, -0.00140530278441, 0.00128508498892, -0.000982288154773, 0.000392216054024, -0.0051155956462, 0.017575930804, -0.00911756698042, 0.0037237952929, -0.00220041256398], [0.000724680430721, -0.00211153854616, 0.00291261076927, -0.0024432647042, 0.00219391239807, -0.00166016665753, -0.000867318187375, -0.00119071628433, 7.41495387047e-05, -0.00911756698042, 0.0205918606371, -0.00903792213649, 0.00255438918248], [-0.000473364721984, 0.00216536526568, -0.00289172190242, 0.00296288053505, -0.0018743048422, 0.000541484041605, -0.000500368769281, 0.000175973196747, -0.00117503129877, 0.0037237952929, -0.00903792213649, 0.0212581865489, -0.00714595988393], [0.000403557205573, -0.00156312505715, 0.00245248829015, -0.00231888238341, 0.000851435645018, -0.000824706687126, 0.000928774476051, 0.000101703080873, 0.000173488122527, -0.00220041256398, 0.00255438918248, -0.00714595988393, 0.0163324289024]], "mean": [-21.1914806366, 67.998260498, -139.58770752, 41.0103797913, -54.3602600098, 13.8285779953, -31.4941005707, 3.60563397408, -21.6811466217, 4.94578933716, -19.8749389648, -2.14588165283, -10.8674316406]}, "melbands_spread": {"min": 0.353433638811, "max": 268.421356201, "dvar2": 882.658325195, "median": 42.2902565002, "dmean2": 23.9815826416, "dmean": 14.4817123413, "var": 610.963806152, "dvar": 344.739593506, "mean": 43.7186737061}, "spectral_energy": {"min": 1.04833631583e-20, "max": 0.153041139245, "dvar2": 0.000405787228374, "median": 0.0110394265503, "dmean2": 0.012089965865, "dmean": 0.00807062443346, "var": 0.000272655917797, "dvar": 0.000184935357538, "mean": 0.0157016906887}, "mfcc": {"cov": [[8424.54882812, -348.757324219, -68.5830383301, 22.6437492371, -126.096862793, 124.96006012, -170.925216675, -113.059288025, -60.1194534302, -8.472697258, -15.9904356003, -76.3408737183, -102.569915771], [-348.757324219, 1323.67626953, -234.306640625, 129.804168701, 93.6708068848, 133.370025635, 180.062271118, 85.3008422852, 110.073417664, 61.1745910645, 46.3854179382, 83.095123291, 64.1921844482], [-68.5830383301, -234.306640625, 879.297241211, 109.659934998, 112.018333435, 44.2960243225, -54.3914871216, 19.7614116669, -27.1812877655, -39.4948959351, 1.91739964485, -34.7005996704, -38.2756118774], [22.6437492371, 129.804168701, 109.659934998, 391.029327393, 159.424377441, 56.8629074097, 32.1734848022, 49.1271438599, 55.3077774048, 31.8588066101, 7.04653978348, 16.4789028168, 7.2093501091], [-126.096862793, 93.6708068848, 112.018333435, 159.424377441, 331.611877441, 111.069763184, 46.6161499023, 79.7502288818, 65.3100585938, 35.3346366882, 30.6461181641, 12.0885620117, 17.0663013458], [124.96006012, 133.370025635, 44.2960243225, 56.8629074097, 111.069763184, 244.446090698, 120.380310059, 77.1046524048, 38.5211524963, 25.9739265442, 8.35930347443, 17.8114147186, 4.39839982986], [-170.925216675, 180.062271118, -54.3914871216, 32.1734848022, 46.6161499023, 120.380310059, 224.974349976, 104.376556396, 56.8813438416, 44.1650047302, 40.6278076172, 30.7102813721, 26.3767299652], [-113.059288025, 85.3008422852, 19.7614116669, 49.1271438599, 79.7502288818, 77.1046524048, 104.376556396, 171.666687012, 66.905380249, 40.1477355957, 49.7694969177, 17.88331604, 27.3775920868], [-60.1194534302, 110.073417664, -27.1812877655, 55.3077774048, 65.3100585938, 38.5211524963, 56.8813438416, 66.905380249, 117.618034363, 53.9762191772, 19.9984779358, 25.114774704, 18.5965557098], [-8.472697258, 61.1745910645, -39.4948959351, 31.8588066101, 35.3346366882, 25.9739265442, 44.1650047302, 40.1477355957, 53.9762191772, 102.266578674, 55.1500663757, 28.2274456024, 16.0012722015], [-15.9904356003, 46.3854179382, 1.91739964485, 7.04653978348, 30.6461181641, 8.35930347443, 40.6278076172, 49.7694969177, 19.9984779358, 55.1500663757, 127.740142822, 33.2643089294, 24.4991188049], [-76.3408737183, 83.095123291, -34.7005996704, 16.4789028168, 12.0885620117, 17.8114147186, 30.7102813721, 17.88331604, 25.114774704, 28.2274456024, 33.2643089294, 83.682434082, 40.3511505127], [-102.569915771, 64.1921844482, -38.2756118774, 7.2093501091, 17.0663013458, 4.39839982986, 26.3767299652, 27.3775920868, 18.5965557098, 16.0012722015, 24.4991188049, 40.3511505127, 87.3614273071]], "icov": [[0.000131017150125, 3.33026546286e-05, 3.93771078961e-05, -5.79880725127e-05, 0.000104295628262, -0.000227612239541, 0.000174258078914, 5.66337330383e-05, -3.51497910742e-05, -1.18248499348e-05, -0.000108172433102, 9.65049257502e-05, 6.75257324474e-05], [3.33026546286e-05, 0.0009799861582, 0.000255488033872, -0.000275159720331, 3.52837082573e-06, -0.000316140678478, -0.000414138747146, 0.00024234742159, -0.000532563368324, 0.00028014293639, -0.0001839085744, -0.000385383173125, -0.000190386417671], [3.93771078961e-05, 0.000255488033872, 0.00141696701758, -0.000394131842768, -0.000289089541184, -0.000448714155937, 0.000493046536576, -0.000298653671052, 0.000200142239919, 0.000678978685755, -0.000477845809655, 0.000162139374879, 0.000427784601925], [-5.79880725127e-05, -0.000275159720331, -0.000394131842768, 0.00344283389859, -0.00143956451211, 0.00033595788409, -8.06558091426e-05, -0.000160805589985, -0.000433760986198, -0.000628024572507, 0.000740471004974, -0.000489824800752, 0.000242315974901], [0.000104295628262, 3.52837082573e-06, -0.000289089541184, -0.00143956451211, 0.00489981099963, -0.00200443924405, 0.00106795993634, -0.00065820774762, -0.00152273348067, 0.000145168814925, -0.000942633487284, 0.000835605547763, -0.000684505444951], [-0.000227612239541, -0.000316140678478, -0.000448714155937, 0.00033595788409, -0.00200443924405, 0.00726093398407, -0.00346015975811, -0.00109393009916, 0.0010562579846, -0.00073017628165, 0.00186818372458, -0.0012499880977, 0.00111662654672], [0.000174258078914, -0.000414138747146, 0.000493046536576, -8.06558091426e-05, 0.00106795993634, -0.00346015975811, 0.00866185501218, -0.00317898229696, -0.000721506192349, -0.000517092645168, -0.000923899060581, -0.000216919448576, -0.000314268167131], [5.66337330383e-05, 0.00024234742159, -0.000298653671052, -0.000160805589985, -0.00065820774762, -0.00109393009916, -0.00317898229696, 0.0109196314588, -0.00419465219602, 0.000977411633357, -0.0029853314627, 0.00187448831275, -0.00182243611198], [-3.51497910742e-05, -0.000532563368324, 0.000200142239919, -0.000433760986198, -0.00152273348067, 0.0010562579846, -0.000721506192349, -0.00419465219602, 0.0153307635337, -0.00661759031937, 0.0032996404916, -0.00194093282335, 0.000170005107066], [-1.18248499348e-05, 0.00028014293639, 0.000678978685755, -0.000628024572507, 0.000145168814925, -0.00073017628165, -0.000517092645168, 0.000977411633357, -0.00661759031937, 0.0173078216612, -0.00649274466559, -0.00136677455157, 0.000678433745634], [-0.000108172433102, -0.0001839085744, -0.000477845809655, 0.000740471004974, -0.000942633487284, 0.00186818372458, -0.000923899060581, -0.0029853314627, 0.0032996404916, -0.00649274466559, 0.0126083493233, -0.0030734136235, -0.000587152549997], [9.65049257502e-05, -0.000385383173125, 0.000162139374879, -0.000489824800752, 0.000835605547763, -0.0012499880977, -0.000216919448576, 0.00187448831275, -0.00194093282335, -0.00136677455157, -0.0030734136235, 0.0180032029748, -0.00690436176956], [6.75257324474e-05, -0.000190386417671, 0.000427784601925, 0.000242315974901, -0.000684505444951, 0.00111662654672, -0.000314268167131, -0.00182243611198, 0.000170005107066, 0.000678433745634, -0.000587152549997, -0.00690436176956, 0.015770053491]], "mean": [-652.998474121, 93.1518554688, -21.1964416504, 26.8324699402, -2.39188861847, 13.1191320419, -1.21286451817, 0.813067436218, 2.52208805084, 3.17800879478, -1.68228495121, -0.170159891248, -3.37316823006]}, "spectral_contrast_valleys": {"min": [-28.0552921295, -27.47423172, -27.41289711, -27.5544281006, -27.5536384583, -27.3347377777], "max": [-5.7895026207, -4.80576276779, -5.28986597061, -5.55474710464, -5.16145706177, -7.29840040207], "dvar2": [0.385902285576, 0.472179532051, 0.354260146618, 0.333120316267, 0.525312542915, 0.530641615391], "median": [-7.62209129333, -6.90583467484, -7.21847391129, -7.25272369385, -7.04471445084, -10.2001152039], "dmean2": [0.743765890598, 0.707562804222, 0.610951602459, 0.534196853638, 0.525091826916, 0.506863355637], "dmean": [0.475086003542, 0.444843500853, 0.392425209284, 0.358762323856, 0.358793973923, 0.389219731092], "var": [1.71797680855, 1.28752613068, 1.19895660877, 1.18201029301, 1.16903185844, 1.61355113983], "dvar": [0.193566724658, 0.226592645049, 0.186091691256, 0.182040959597, 0.260652184486, 0.303984433413], "mean": [-7.9548201561, -7.10859966278, -7.43823480606, -7.4738945961, -7.24854373932, -10.2380247116]}, "barkbands_flatness_db": {"min": 0.0180077757686, "max": 0.546543180943, "dvar2": 0.00142327789217, "median": 0.0934017598629, "dmean2": 0.0364359654486, "dmean": 0.0227208826691, "var": 0.00211756513454, "dvar": 0.000619270664174, "mean": 0.102444909513}, "dynamic_complexity": 3.43117594719, "erbbands_flatness_db": {"min": 0.0285017490387, "max": 0.436953574419, "dvar2": 0.000812669110019, "median": 0.150757223368, "dmean2": 0.0272948089987, "dmean": 0.0183524377644, "var": 0.00194844021462, "dvar": 0.000396313291276, "