{"lowlevel": {"spectral_complexity": {"min": 0, "max": 66, "dvar2": 66.4446411133, "median": 7, "dmean2": 4.50057888031, "dmean": 3.27404761314, "var": 106.565139771, "dvar": 37.7832107544, "mean": 9.53919792175}, "silence_rate_20dB": {"min": 1, "max": 1, "dvar2": 0, "median": 1, "dmean2": 0, "dmean": 0, "var": 0, "dvar": 0, "mean": 1}, "average_loudness": 0.911118268967, "erbbands_spread": {"min": 0.444624334574, "max": 206.546615601, "dvar2": 1167.49621582, "median": 32.8010063171, "dmean2": 24.1727046967, "dmean": 15.5073518753, "var": 782.890869141, "dvar": 474.948181152, "mean": 38.6801261902}, "spectral_kurtosis": {"min": -1.59348416328, "max": 510.566772461, "dvar2": 743.337097168, "median": 4.57136774063, "dmean2": 10.9611368179, "dmean": 7.22712564468, "var": 924.213317871, "dvar": 376.111358643, "mean": 12.6561794281}, "barkbands_kurtosis": {"min": -1.9530736208, "max": 3874.34033203, "dvar2": 21563.578125, "median": 4.9734210968, "dmean2": 32.4728126526, "dmean": 20.567773819, "var": 12455.4902344, "dvar": 8298.38671875, "mean": 25.62266922}, "spectral_strongpeak": {"min": 0, "max": 11.0532026291, "dvar2": 1.03986907005, "median": 0.445107936859, "dmean2": 0.548932909966, "dmean": 0.332549601793, "var": 0.683680891991, "dvar": 0.414248734713, "mean": 0.647826015949}, "spectral_spread": {"min": 241163.28125, "max": 42212844, "dvar2": 10252029263900.0, "median": 4567569, "dmean2": 2336356.25, "dmean": 1618904.375, "var": 13198760607700.0, "dvar": 4880518873090.0, "mean": 5366809.5}, "spectral_rms": {"min": 3.17759338807e-12, "max": 0.018108567223, "dvar2": 8.19167325972e-06, "median": 0.00386764411815, "dmean2": 0.00197968515567, "dmean": 0.00137521140277, "var": 1.46475640577e-05, "dvar": 3.93093068851e-06, "mean": 0.00464228959754}, "erbbands": {"min": [8.72040797205e-23, 1.11101221089e-21, 3.06245648391e-21, 1.52604628661e-20, 2.29190777417e-20, 3.35333947385e-20, 6.29286762911e-20, 9.6401224787e-20, 5.61005006673e-20, 2.5872573294e-19, 4.50408270438e-19, 5.78058679169e-19, 6.56046456393e-19, 9.18255472742e-19, 1.52845523689e-18, 2.40317764156e-18, 2.04717006606e-18, 2.66584719071e-18, 3.14701215598e-18, 2.95037850307e-18, 4.34393319656e-18, 5.20742579723e-18, 6.89036859404e-18, 7.87593899106e-18, 7.01888723222e-18, 9.0558467876e-18, 1.1144073343e-17, 9.56301686375e-18, 1.22956932169e-17, 1.24797690274e-17, 1.35765815683e-17, 1.13140970092e-17, 1.24907763198e-17, 8.44323599876e-18, 5.97103633894e-18, 4.3145132773e-18, 2.48498559734e-18, 9.57034527039e-19, 2.67129448524e-19, 2.73051641657e-20], "max": [13.0986680984, 48.9933738708, 105.021026611, 141.895401001, 194.876541138, 237.598815918, 502.053833008, 652.565063477, 625.928344727, 712.368835449, 721.596740723, 853.82043457, 959.92755127, 984.160949707, 822.081787109, 955.77923584, 900.960266113, 1265.32897949, 523.474853516, 578.575744629, 1044.99719238, 991.841674805, 307.448028564, 302.013153076, 456.605102539, 553.064575195, 506.892822266, 265.601501465, 230.08140564, 211.725906372, 216.527389526, 249.52947998, 256.119293213, 219.753982544, 120.466056824, 35.5789985657, 11.9004621506, 2.69667434692, 0.279101461172, 0.0271643865854], "dvar2": [3.4014852047, 107.998031616, 100.462730408, 481.407897949, 1451.3371582, 1860.5916748, 4230.81201172, 6269.39160156, 5303.41162109, 6415.62207031, 11678.5966797, 11450.34375, 10325.6103516, 5308.00878906, 5918.4765625, 2820.75634766, 1926.3704834, 15760.7460938, 2541.5390625, 3172.84179688, 2147.13378906, 1650.82897949, 776.187744141, 1120.40600586, 923.934509277, 981.750366211, 657.452697754, 1102.55957031, 757.087280273, 558.885314941, 867.079101562, 1025.29528809, 1352.35192871, 1079.69543457, 238.102706909, 24.4046878815, 2.11764454842, 0.150513485074, 0.00145952857565, 1.03740821942e-05], "median": [0.0105905579403, 0.106250353158, 0.210921689868, 0.564931631088, 1.25558459759, 1.37001156807, 3.11724495888, 5.15783309937, 2.61743545532, 1.95053422451, 1.68618226051, 1.7410377264, 1.99875986576, 1.48448646069, 1.99965143204, 1.27953469753, 1.11665463448, 0.921033024788, 0.733770310879, 0.819282889366, 0.603659510612, 0.565096020699, 0.62058109045, 0.725901246071, 0.792634129524, 0.781575798988, 0.567830204964, 0.345314145088, 0.286739110947, 0.250970184803, 0.272501975298, 0.198665097356, 0.113595053554, 0.0607129856944, 0.0302290413529, 0.0115609578788, 0.00341337127611, 0.000512288475875, 5.51650882699e-05, 2.9961918699e-05], "dmean2": [0.881883621216, 4.68363237381, 3.44503378868, 6.85128927231, 13.8858642578, 16.245256424, 21.0124950409, 25.2035236359, 23.797203064, 23.7192077637, 26.4766349792, 31.1450042725, 30.5374755859, 22.6852436066, 27.7539863586, 17.6042995453, 15.657289505, 29.2990837097, 15.1819467545, 18.3695735931, 15.3327922821, 12.436715126, 9.14482021332, 11.9746131897, 10.2322692871, 10.2057676315, 8.31279182434, 8.55116558075, 7.71210098267, 7.59580755234, 9.35995292664, 8.99774456024, 8.97155189514, 8.35700416565, 4.24218463898, 1.54707086086, 0.479838371277, 0.109521843493, 0.008983919397, 0.000629883201327], "dmean": [0.538880288601, 2.83718109131, 2.01356720924, 3.7274377346, 7.8611536026, 9.20130252838, 12.0708732605, 14.4408721924, 13.5869483948, 13.9199151993, 15.3466672897, 18.7755889893, 18.3372440338, 14.6470003128, 18.8802032471, 11.59486866, 10.0712413788, 19.3492736816, 10.0006494522, 12.110294342, 10.7778463364, 8.17359733582, 6.15867137909, 7.79634857178, 6.82868862152, 6.67150354385, 5.47622299194, 5.72099065781, 5.14180135727, 4.94307327271, 6.00415992737, 5.76557302475, 5.54428625107, 5.00418186188, 2.58469152451, 0.952228486538, 0.301941841841, 0.0700660794973, 0.00574146164581, 0.000438111892436], "var": [2.0951859951, 54.3698921204, 31.9831867218, 101.905311584, 361.432220459, 619.309448242, 1489.13745117, 1806.42150879, 1740.02612305, 2235.60375977, 2833.77636719, 3870.56982422, 3885.37988281, 3321.38037109, 5885.99707031, 2758.57373047, 2088.3605957, 6427.77587891, 1255.35839844, 1846.66931152, 1798.33215332, 966.910949707, 513.705688477, 745.779602051, 641.005554199, 701.999145508, 482.767456055, 516.650756836, 454.503479004, 378.605560303, 487.323364258, 452.214813232, 488.300689697, 386.083892822, 101.88230896, 11.5629920959, 1.07381606102, 0.0835777446628, 0.000919256650377, 4.86304861624e-06], "dvar": [1.24130296707, 41.2024688721, 37.1464080811, 167.766235352, 521.444152832, 659.259887695, 1494.58898926, 2186.24902344, 1883.96166992, 2333.35571289, 4145.85058594, 4233.04882812, 3692.62133789, 2329.08569336, 2929.48535156, 1286.38439941, 888.121643066, 6611.82275391, 1087.33813477, 1495.82092285, 1071.296875, 712.210510254, 337.919677734, 512.63873291, 393.327728271, 404.219207764, 296.285980225, 476.018981934, 362.243041992, 277.074890137, 398.931976318, 441.237884521, 554.971679688, 448.816345215, 106.061889648, 11.197429657, 0.978549838066, 0.0728814378381, 0.000759424699936, 4.58320209873e-06], "mean": [0.75380730629, 3.80466890335, 2.36892843246, 3.28922915459, 7.5605764389, 10.8174104691, 15.4612560272, 17.9341545105, 15.6208648682, 17.5575122833, 14.9138975143, 22.2021484375, 23.5726642609, 19.9760475159, 28.4588909149, 17.4837245941, 14.5531101227, 19.5457363129, 11.5242624283, 13.745057106, 13.6057167053, 10.4363155365, 8.21514320374, 9.82336616516, 9.30537605286, 8.77838039398, 6.92674255371, 6.15017843246, 5.91829442978, 5.64277219772, 6.40291929245, 5.64100027084, 4.80827522278, 4.06723546982, 2.1928088665, 0.834657371044, 0.272256374359, 0.0639588162303, 0.00580647913739, 0.000439135968918]}, "zerocrossingrate": {"min": 0, "max": 0.5234375, "dvar2": 0.000924501160625, "median": 0.041015625, "dmean2": 0.0212171841413, "dmean": 0.0190158355981, "var": 0.00596944382414, "dvar": 0.000824482354801, "mean": 0.066826350987}, "spectral_contrast_coeffs": {"min": [-0.978951156139, -0.988476753235, -0.983761847019, -0.983046174049, -0.979439139366, -0.979057610035], "max": [-0.231864154339, -0.324166446924, -0.409633010626, -0.438029676676, -0.497579902411, -0.514754235744], "dvar2": [0.0072760717012, 0.00520689878613, 0.0040874350816, 0.00232536275871, 0.00168013421353, 0.00157665286679], "median": [-0.659659385681, -0.703112483025, -0.760854184628, -0.778155982494, -0.796994149685, -0.807357490063], "dmean2": [0.0923452228308, 0.0828471183777, 0.0696357041597, 0.054362565279, 0.0448807626963, 0.0396132953465], "dmean": [0.0577446259558, 0.0551201291382, 0.0460384301841, 0.0367045365274, 0.031421970576, 0.0271368324757], "var": [0.0147017110139, 0.0140673993155, 0.0109017034993, 0.00746071990579, 0.00674933753908, 0.00353132700548], "dvar": [0.00309057417326, 0.00250118551776, 0.0018912270898, 0.0011462419061, 0.000972118228674, 0.000764420430642], "mean": [-0.648013651371, -0.696967065334, -0.749347388744, -0.767762422562, -0.779336929321, -0.801482081413]}, "dissonance": {"min": 0.0254982970655, "max": 0.500000119209, "dvar2": 0.00295310630463, "median": 0.446611374617, "dmean2": 0.0519679859281, "dmean": 0.0315853282809, "var": 0.00322337378748, "dvar": 0.00116673915181, "mean": 0.433005690575}, "spectral_energyband_high": {"min": 7.20172925754e-21, "max": 0.0497164092958, "dvar2": 5.7692239352e-05, "median": 9.2675560154e-05, "dmean2": 0.00219053821638, "dmean": 0.00140864308923, "var": 2.87556431431e-05, "dvar": 2.6516860089e-05, "mean": 0.00145583471749}, "spectral_skewness": {"min": -0.749234616756, "max": 18.9787845612, "dvar2": 1.86074280739, "median": 1.70951879025, "dmean2": 0.915067732334, "dmean": 0.620520830154, "var": 3.31411361694, "dvar": 0.974800646305, "mean": 2.16179656982}, "spectral_flux": {"min": 6.36269370524e-11, "max": 0.516804456711, "dvar2": 0.00690704258159, "median": 0.0609320364892, "dmean2": 0.0577424056828, "dmean": 0.0387392900884, "var": 0.00822015479207, "dvar": 0.00353215425275, "mean": 0.0871597081423}, "silence_rate_30dB": {"min": 0, "max": 1, "dvar2": 0.19879540801, "median": 1, "dmean2": 0.207557097077, "dmean": 0.103767625988, "var": 0.102841123939, "dvar": 0.0929889082909, "mean": 0.883615672588}, "spectral_energyband_middle_high": {"min": 1.19976812516e-21, "max": 0.061390068382, "dvar2": 6.28952475381e-05, "median": 0.000587548187468, "dmean2": 0.00308361533098, "dmean": 0.00207765656523, "var": 5.43323658349e-05, "dvar": 3.24671491398e-05, "mean": 0.00347557780333}, "barkbands_spread": {"min": 0.0193133577704, "max": 125.292518616, "dvar2": 379.332519531, "median": 11.9979085922, "dmean2": 13.0788736343, "dmean": 8.53833866119, "var": 380.339263916, "dvar": 168.323471069, "mean": 18.9229335785}, "spectral_centroid": {"min": 44.7787399292, "max": 11563.1582031, "dvar2": 704501.1875, "median": 963.602844238, "dmean2": 518.962768555, "dmean": 351.305755615, "var": 1513515.25, "dvar": 351803.46875, "mean": 1292.41687012}, "pitch_salience": {"min": 0.0100031495094, "max": 0.947428762913, "dvar2": 0.0274749416858, "median": 0.480800718069, "dmean2": 0.155555024743, "dmean": 0.0985491201282, "var": 0.0384904257953, "dvar": 0.01219081413, "mean": 0.471279323101}, "erbbands_skewness": {"min": -13.3751726151, "max": 13.1188192368, "dvar2": 1.37008154392, "median": 0.519701421261, "dmean2": 0.960624337196, "dmean": 0.644142866135, "var": 2.34092259407, "dvar": 0.665977835655, "mean": 0.551609516144}, "erbbands_crest": {"min": 2.32886815071, "max": 32.9087371826, "dvar2": 19.2515335083, "median": 9.46379470825, "dmean2": 4.51131725311, "dmean": 2.92221426964, "var": 30.8189086914, "dvar": 9.17937850952, "mean": 10.805229187}, "melbands": {"min": [1.04563907417e-24, 1.594927064e-24, 3.26306258937e-24, 1.93649476406e-24, 1.83920671799e-24, 2.58079118916e-24, 6.70986054712e-25, 3.32066383216e-24, 3.19178703443e-24, 2.89991993798e-24, 2.95366759526e-24, 3.39226913096e-24, 3.49209474535e-24, 4.64809703789e-24, 4.1867281876e-24, 3.39178753138e-24, 4.13552283181e-24, 4.47691974348e-24, 4.61735000082e-24, 4.00745086942e-24, 4.46785888713e-24, 4.92514341008e-24, 5.81671637175e-24, 5.34279516673e-24, 5.24201621393e-24, 4.62178931556e-24, 5.60544837727e-24, 5.94127671982e-24, 6.45339220328e-24, 4.78691368024e-24, 4.89615158852e-24, 5.39127145822e-24, 6.33688257518e-24, 6.49151942855e-24, 7.0206293425e-24, 7.67767001274e-24, 5.34962827989e-24, 7.43736247062e-24, 6.08656557147e-24, 6.86357186944e-24], "max": [0.096777126193, 0.0544435195625, 0.0244315024465, 0.0127283800393, 0.0168499294668, 0.0143399890512, 0.00800325814635, 0.00680665811524, 0.00605741189793, 0.005070369225, 0.00467075640336, 0.00417341804132, 0.00374337937683, 0.00379830040038, 0.0023095482029, 0.00153465906624, 0.00250232685357, 0.000979296397418, 0.00103088584729, 0.00100817612838, 0.00132606248371, 0.00114008947276, 0.000477506109746, 0.000392976187868, 0.000275394151686, 0.000359357713023, 0.000653999275528, 0.000434329442214, 0.000334941054462, 0.000153568005771, 0.00017698816373, 0.000153150584083, 0.000107189960545, 0.000133696084959, 0.000138499832246, 0.000131856795633, 0.00024773972109, 0.000199795002118, 0.000149729152326, 0.000213850667933], "dvar2": [0.000234424311202, 4.93365623697e-05, 1.93388059415e-05, 6.67228141538e-06, 5.14768271387e-06, 3.05374283016e-06, 1.17450213111e-06, 7.52352320887e-07, 7.52226810619e-07, 4.41852222366e-07, 2.49016949283e-07, 8.33678939216e-08, 1.06917909193e-07, 3.24730109469e-08, 1.8047305872e-08, 1.28981296754e-08, 6.19575004634e-08, 7.20414394806e-09, 4.38316760665e-09, 8.84366180287e-09, 3.50986151254e-09, 2.56584575808e-09, 8.26426094225e-10, 9.25509391347e-10, 8.29876445341e-10, 1.05796749139e-09, 4.13122952514e-10, 5.17554554769e-10, 2.75486772283e-10, 2.96220381557e-10, 4.76666484062e-10, 3.01259434066e-10, 1.89170457077e-10, 1.95586880025e-10, 3.10409364879e-10, 3.02332686664e-10, 4.55019744106e-10, 7.27058913075e-10, 5.81556247603e-10, 9.38100486181e-10], "median": [0.000134453643113, 0.00014557960094, 0.000139624258736, 0.000114512724394, 0.000115608861961, 0.00011529520998, 3.8256534026e-05, 1.53016408149e-05, 1.06779707494e-05, 9.41251619224e-06, 7.33871729608e-06, 4.76476543554e-06, 5.93955519435e-06, 3.11194435199e-06, 1.81711163805e-06, 2.14303918256e-06, 1.36051983191e-06, 7.4943858408e-07, 9.78409389063e-07, 6.99699626239e-07, 5.50132881472e-07, 4.8893565463e-07, 4.72086924219e-07, 4.39903857341e-07, 4.82861651108e-07, 5.21632387063e-07, 4.64191600713e-07, 4.56251456171e-07, 3.17245934411e-07, 1.80588287435e-07, 1.66659333445e-07, 1.46868458728e-07, 1.12403476749e-07, 1.24021781289e-07, 1.67282621533e-07, 1.04658141709e-07, 1.18645182567e-07, 7.97089612092e-08, 5.26939167855e-08, 4.25016963845e-08], "dmean2": [0.00717012025416, 0.00299192266539, 0.00145198171958, 0.00100873631891, 0.000750803796109, 0.000563030189369, 0.000351991533535, 0.000251566467341, 0.000218034358113, 0.000196629742277, 0.000152790380525, 9.22251638258e-05, 0.000109430526209, 6.26031833235e-05, 4.02652185585e-05, 3.659005597e-05, 5.72610551899e-05, 2.54022234003e-05, 2.11572260014e-05, 2.70090404229e-05, 1.82139447134e-05, 1.43511451824e-05, 9.66177685768e-06, 9.74205431703e-06, 1.01180794445e-05, 1.0558050235e-05, 5.98014094066e-06, 7.09438609192e-06, 5.34957189302e-06, 5.06702099301e-06, 5.25037830812e-06, 4.57298710899e-06, 4.14243595515e-06, 4.64710592496e-06, 5.87329896007e-06, 4.9680779739e-06, 5.87175009059e-06, 6.70754116072e-06, 5.66976677874e-06, 7.85583506513e-06], "dmean": [0.00438697589561, 0.00184207479469, 0.000798427965492, 0.000579495506827, 0.000430971878814, 0.000322350213537, 0.000201515184017, 0.000147478058352, 0.000127638253616, 0.00011888195877, 9.16745921131e-05, 5.92894284637e-05, 7.283679588e-05, 4.29867322964e-05, 2.50374778261e-05, 2.40129811573e-05, 3.73965631297e-05, 1.63190907188e-05, 1.41310620165e-05, 1.70856928889e-05, 1.26894447021e-05, 9.15363489185e-06, 6.4123150878e-06, 6.41362385068e-06, 6.47545630272e-06, 6.89446642355e-06, 3.91001003663e-06, 4.63426749775e-06, 3.47015497937e-06, 3.31660453412e-06, 3.45208650288e-06, 3.06993956656e-06, 2.67546101895e-06, 2.97633323498e-06, 3.75308968614e-06, 3.12780730383e-06, 3.76860816687e-06, 4.10746542912e-06, 3.44667364516e-06, 4.65999710286e-06], "var": [0.000133386289235, 2.54377046076e-05, 4.18342096964e-06, 1.93874211618e-06, 1.85356987004e-06, 8.76160186181e-07, 3.71892951989e-07, 2.42367264036e-07, 1.91010499861e-07, 1.50809867705e-07, 9.62787183312e-08, 5.30567199064e-08, 9.7578585212e-08, 6.04632077739e-08, 1.25352421776e-08, 9.7747534511e-09, 2.41018334179e-08, 3.26640803294e-09, 2.96014879275e-09, 3.90688770224e-09, 3.18186854642e-09, 1.23363730342e-09, 6.1491495229e-10, 6.30187679818e-10, 5.16726661459e-10, 5.54223944516e-10, 3.48323175858e-10, 3.36842831405e-10, 1.96120314433e-10, 1.72728012449e-10, 1.95720523122e-10, 1.55042784167e-10, 1.27407556727e-10, 1.2461064125e-10, 1.82184753394e-10, 1.34514038796e-10, 1.91736529431e-10, 2.57266180581e-10, 1.98350474934e-10, 3.34459626661e-10], "dvar": [8.54646568769e-05, 1.97755125555e-05, 6.7575497269e-06, 2.41538214141e-06, 1.81628365681e-06, 1.06296567992e-06, 4.15227020767e-07, 2.72510590094e-07, 2.69206509529e-07, 1.62361118328e-07, 8.91161349159e-08, 3.6345081611e-08, 5.17579437087e-08, 1.83139459153e-08, 7.33456273494e-09, 5.92637539043e-09, 2.57653223201e-08, 2.99144820026e-09, 2.09316386446e-09, 3.82115938891e-09, 1.77800851819e-09, 1.07049713538e-09, 3.73504865925e-10, 4.11347067519e-10, 3.73379438479e-10, 4.35276481525e-10, 1.79902176489e-10, 2.08877373731e-10, 1.21348944782e-10, 1.28853774872e-10, 1.98531677209e-10, 1.35312455685e-10, 9.49150272267e-11, 9.42980415974e-11, 1.46505835241e-10, 1.27533497651e-10, 1.93231264323e-10, 2.96379754072e-10, 2.34815056288e-10, 3.9137312835e-10], "mean": [0.00619050813839, 0.00255407881923, 0.000724561628886, 0.00062780972803, 0.00056535191834, 0.000402787263738, 0.000236050706008, 0.000179447597475, 0.000126240236568, 0.000143213081174, 0.000117013492854, 7.83170617069e-05, 0.000103926606243, 6.89456501277e-05, 3.17752128467e-05, 3.19786631735e-05, 3.62778955605e-05, 1.81374161912e-05, 1.74180695467e-05, 1.70511502802e-05, 1.61047828442e-05, 1.06671659523e-05, 8.48448598845e-06, 8.01670285e-06, 7.72438033891e-06, 8.43452562549e-06, 5.31778459845e-06, 5.82050961384e-06, 4.23755727752e-06, 3.76995376428e-06, 3.48044613929e-06, 3.35046252076e-06, 3.12908468914e-06, 3.22473965753e-06, 3.93792288378e-06, 3.17350099976e-06, 3.57284534402e-06, 3.50059713128e-06, 2.90950833914e-06, 3.71353939954e-06]}, "spectral_entropy": {"min": 2.78509688377, "max": 9.82344436646, "dvar2": 0.418265283108, "median": 7.0537405014, "dmean2": 0.526437819004, "dmean": 0.386288136244, "var": 0.990410208702, "dvar": 0.231749966741, "mean": 7.04324531555}, "spectral_rolloff": {"min": 21.533203125, "max": 19832.0800781, "dvar2": 8503111, "median": 689.0625, "dmean2": 1491.10766602, "dmean": 893.460144043, "var": 8537823, "dvar": 3948308.25, "mean": 1877.3482666}, "barkbands": {"min": [7.61549751821e-25, 2.92694710146e-24, 1.23666756022e-24, 4.2729605453e-24, 1.17840270792e-23, 1.23319706528e-23, 3.88918681466e-24, 1.74781820764e-23, 2.13683470785e-23, 1.93156095186e-23, 2.45147897965e-23, 3.14583687278e-23, 3.55753391288e-23, 2.89338686807e-23, 6.19498842866e-23, 6.68786619789e-23, 8.38463784744e-23, 1.1175484473e-22, 9.33127219588e-23, 1.93412083705e-22, 2.44618572298e-22, 3.37028995153e-22, 4.32710477084e-22, 7.16280198847e-22, 8.58870152236e-22, 1.29187274767e-21, 1.97648849892e-21], "max": [0.0305413622409, 0.294506490231, 0.0939275845885, 0.0499180182815, 0.0629203394055, 0.0759377479553, 0.0343437641859, 0.0312570035458, 0.0361466221511, 0.0220508184284, 0.0256169885397, 0.0256692320108, 0.0180631894618, 0.0231689978391, 0.00969262886792, 0.0151444142684, 0.0140438554808, 0.00671906443313, 0.00682621076703, 0.0121673680842, 0.0079334275797, 0.00689741922542, 0.0076383696869, 0.0135555276647, 0.0172095131129, 0.00714175682515, 0.00215281243436], "dvar2": [6.07840911471e-06, 0.00254946574569, 8.78360951901e-05, 9.3078801001e-05, 0.000131938839331, 7.98893961473e-05, 2.36548185057e-05, 2.06698205147e-05, 2.11517435673e-05, 6.2947792685e-06, 6.71796988172e-06, 2.03873582905e-06, 1.12516841e-06, 5.62745162824e-06, 5.65919208384e-07, 1.32135107833e-06, 6.43681232759e-07, 3.05766832298e-07, 4.87687373152e-07, 3.49940449951e-07, 4.19618203296e-07, 6.67009885547e-07, 9.44389398683e-07, 3.47049422089e-06, 6.15698900219e-06, 9.18862212984e-07, 7.68801271533e-08], "median": [2.42522492044e-05, 0.000518049229868, 9.654477617e-05, 0.000211909034988, 0.000600363477133, 0.000584965164308, 0.000113402915304, 4.19354400947e-05, 7.20192110748e-05, 2.57482151937e-05, 2.65821799985e-05, 2.55810573435e-05, 2.16844382521e-05, 1.51356844071e-05, 1.21820830827e-05, 9.9985718407e-06, 9.07975845621e-06, 8.53968958836e-06, 1.37775905387e-05, 1.56051446538e-05, 9.3658836704e-06, 7.3166374932e-06, 8.97110840015e-06, 8.29215332487e-06, 5.21064384884e-06, 2.07844209399e-06, 1.65328728485e-07], "dmean2": [0.00122438522521, 0.0234479065984, 0.00288520241156, 0.00316163734533, 0.00468500517309, 0.00291103380732, 0.00161479727831, 0.00114577903878, 0.00137172662653, 0.000791796133853, 0.000799507834017, 0.000496993481647, 0.000371712259948, 0.000570678908844, 0.000259511754848, 0.00036514076055, 0.000248655007454, 0.000182869684068, 0.000243794900598, 0.000196376553504, 0.000197691726498, 0.000218684290303, 0.000314802106004, 0.0004900781787, 0.000663022918161, 0.000299715640722, 6.01819774602e-05], "dmean": [0.000765022065025, 0.0143099548295, 0.00155090517364, 0.00171478453558, 0.00273753330112, 0.00166546867695, 0.000931895978283, 0.000658848613966, 0.000842793146148, 0.000479022215586, 0.000518691784237, 0.000337322824635, 0.000236196414335, 0.000367715256289, 0.00017105898587, 0.00024480529828, 0.000158152455697, 0.000119788070151, 0.000161843956448, 0.000129150619614, 0.000131701963255, 0.000147385857417, 0.000201716204174, 0.000308196438709, 0.000400769116823, 0.000187594603631, 4.0159215132e-05], "var": [4.55376357422e-06, 0.00140178110451, 1.90000209841e-05, 1.93964697246e-05, 4.70200357086e-05, 2.22861508519e-05, 8.16990086605e-06, 5.16778436577e-06, 7.71983650338e-06, 2.84491079583e-06, 5.1169076869e-06, 3.22938831232e-06, 1.03003765162e-06, 2.07803782359e-06, 3.945748972e-07, 7.64592300584e-07, 3.30192193587e-07, 2.04019002581e-07, 2.92410135216e-07, 2.5652855129e-07, 2.76184692893e-07, 3.76332991436e-07, 5.59360557872e-07, 1.41778025409e-06, 2.44634361479e-06, 4.38873087205e-07, 4.57182203206e-08], "dvar": [2.49134018304e-06, 0.000940937025007, 3.03839733533e-05, 3.21789411828e-05, 4.84889678773e-05, 2.77947801806e-05, 8.46566126711e-06, 7.36333640816e-06, 7.85778320278e-06, 2.32360685004e-06, 3.12399652103e-06, 1.05862670807e-06, 4.98696977047e-07, 2.29787292483e-06, 2.65543263822e-07, 6.01446629389e-07, 2.66220695266e-07, 1.38881091516e-07, 2.06459105812e-07, 1.47259143546e-07, 1.93521316305e-07, 3.09062016868e-07, 4.43920413318e-07, 1.48066123984e-06, 2.66620190814e-06, 4.18176682615e-07, 3.82368092744e-08], "mean": [0.00100452359766, 0.0201124623418, 0.00138661079109, 0.00142311316449, 0.00323490612209, 0.00208420841955, 0.00114207295701, 0.000622467603534, 0.00106349191628, 0.000574815203436, 0.000690001412295, 0.000531586119905, 0.0003180828935, 0.000353593379259, 0.000217266016989, 0.000272226548987, 0.000186673700227, 0.00014709122479, 0.000200844893698, 0.000169233317138, 0.000157280737767, 0.000166450146935, 0.000218164219405, 0.000282960565528, 0.000333756528562, 0.000165678036865, 4.04248130508e-05]}, "melbands_flatness_db": {"min": 0.00376186519861, "max": 1, "dvar2": 0.00665055494756, "median": 0.279575914145, "dmean2": 0.0714366957545, "dmean": 0.0528928674757, "var": 0.0242445711046, "dvar": 0.00397086841986, "mean": 0.29797065258}, "melbands_skewness": {"min": -5.73375892639, "max": 67.7278900146, "dvar2": 12.5569801331, "median": 2.82390332222, "dmean2": 2.35543441772, "dmean": 1.55583965778, "var": 12.5436038971, "dvar": 5.3277425766, "mean": 3.64069890976}, "barkbands_skewness": {"min": -13.5140371323, "max": 51.1740188599, "dvar2": 8.68965625763, "median": 1.89264953136, "dmean2": 1.95657300949, "dmean": 1.31381094456, "var": 11.1167793274, "dvar": 3.87803959846, "mean": 2.49785542488}, "silence_rate_60dB": {"min": 0, "max": 1, "dvar2": 0.106438234448, "median": 0, "dmean2": 0.112303964794, "dmean": 0.0561986938119, "var": 0.20374058187, "dvar": 0.0530325956643, "mean": 0.284962654114}, "spectral_energyband_low": {"min": 2.24680507349e-23, "max": 0.316406279802, "dvar2": 0.00263991393149, "median": 0.00132903363556, "dmean2": 0.0244759097695, "dmean": 0.0152387227863, "var": 0.00168355240021, "dvar": 0.00100853969343, "mean": 0.0229859240353}, "spectral_energyband_middle_low": {"min": 2.14947052406e-22, "max": 0.149952024221, "dvar2": 0.000889750954229, "median": 0.00454237544909, "dmean2": 0.0119516551495, "dmean": 0.00696518737823, "var": 0.000286594033241, "dvar": 0.00032260955777, "mean": 0.00975586473942}, "melbands_kurtosis": {"min": -1.95912945271, "max": 7623.34765625, "dvar2": 44587.5351562, "median": 12.0844249725, "dmean2": 52.0373954773, "dmean": 32.6832199097, "var": 18231.1152344, "dvar": 17877.3671875, "mean": 42.2080802917}, "spectral_decrease": {"min": -8.8135593046e-08, "max": 2.8699676316e-11, "dvar2": 1.9702364871e-16, "median": -3.72720609931e-09, "dmean2": 8.07979549933e-09, "dmean": 5.23172749567e-09, "var": 1.56688019171e-16, "dvar": 8.15936051655e-17, "mean": -9.27923782257e-09}, "erbbands_kurtosis": {"min": -1.95742940903, "max": 345.026916504, "dvar2": 221.154144287, "median": 0.542635202408, "dmean2": 4.90776824951, "dmean": 3.15004777908, "var": 197.423721313, "dvar": 99.2203292847, "mean": 3.65025734901}, "melbands_crest": {"min": 1.73515415192, "max": 39.2594947815, "dvar2": 33.8304748535, "median": 16.349861145, "dmean2": 6.09519577026, "dmean": 3.85980224609, "var": 63.8131256104, "dvar": 15.6031990051, "mean": 17.7538948059}, "gfcc": {"cov": [[39415.4882812, -2557.76513672, -396.186798096, 925.574401855, -1706.72485352, 790.059326172, -675.839050293, 664.586853027, -800.415100098, 309.562316895, -582.405822754, 142.820770264, -289.037384033], [-2557.76513672, 5230.60742188, -131.914047241, -465.635070801, 1179.74731445, -608.267333984, 664.118103027, -353.978515625, 334.459564209, -202.901062012, 374.000091553, -334.573760986, 399.899353027], [-396.186798096, -131.914047241, 2544.63012695, 590.918823242, 317.035919189, 768.942626953, 9.76511192322, 39.6887817383, 59.1337814331, 107.430885315, 2.70094299316, 104.952102661, -132.088729858], [925.574401855, -465.635070801, 590.918823242, 1395.87109375, 298.228759766, 222.720062256, 156.574569702, 213.747161865, 207.718109131, 5.74639511108, 11.9491872787, 89.1292114258, 54.422077179], [-1706.72485352, 1179.74731445, 317.035919189, 298.228759766, 1115.65979004, 127.870918274, 383.861297607, 71.6357345581, 251.72492981, -14.1021661758, 140.47227478, -23.0172557831, 69.7725296021], [790.059326172, -608.267333984, 768.942626953, 222.720062256, 127.870918274, 849.986633301, 81.9999694824, 72.9140701294, -10.7554836273, 91.652633667, 37.2507133484, 60.6095809937, -146.766525269], [-675.839050293, 664.118103027, 9.76511192322, 156.574569702, 383.861297607, 81.9999694824, 480.609191895, 64.6638565063, 158.617599487, 33.3742828369, 121.346679688, -18.5501194, 90.826210022], [664.586853027, -353.978515625, 39.6887817383, 213.747161865, 71.6357345581, 72.9140701294, 64.6638565063, 332.626312256, 86.1982955933, 49.624420166, -16.6743659973, 91.5454864502, 18.1183376312], [-800.415100098, 334.459564209, 59.1337814331, 207.718109131, 251.72492981, -10.7554836273, 158.617599487, 86.1982955933, 340.631378174, 35.594543457, 57.6206207275, 62.7902336121, 96.6672058105], [309.562316895, -202.901062012, 107.430885315, 5.74639511108, -14.1021661758, 91.652633667, 33.3742828369, 49.624420166, 35.594543457, 197.935684204, 16.7255630493, 36.5635871887, -13.7632579803], [-582.405822754, 374.000091553, 2.70094299316, 11.9491872787, 140.47227478, 37.2507133484, 121.346679688, -16.6743659973, 57.6206207275, 16.7255630493, 212.605102539, 14.7266054153, 16.5253601074], [142.820770264, -334.573760986, 104.952102661, 89.1292114258, -23.0172557831, 60.6095809937, -18.5501194, 91.5454864502, 62.7902336121, 36.5635871887, 14.7266054153, 215.356719971, -11.2548274994], [-289.037384033, 399.899353027, -132.088729858, 54.422077179, 69.7725296021, -146.766525269, 90.826210022, 18.1183376312, 96.6672058105, -13.7632579803, 16.5253601074, -11.2548274994, 218.487243652]], "icov": [[3.52711722371e-05, -4.18876443291e-05, 3.60170961358e-05, -6.01045976509e-05, 6.72365931678e-05, -7.43557320675e-05, 4.21245240432e-05, -8.83856846485e-05, 9.77476302069e-05, -7.95012674644e-05, 9.11453753361e-05, -3.19329883496e-05, 2.16781209019e-05], [-4.18876443291e-05, 0.000602278567385, -0.000211105463677, 0.000355040130671, -0.000478403293528, 0.000488002435304, -0.000415402872022, 0.00046265553101, -0.000316373538226, 0.000458077411167, -0.00063448533183, 0.000529434415512, -0.000514833023772], [3.60170961358e-05, -0.000211105463677, 0.00071011664113, -0.000343558989698, 1.08457425085e-05, -0.000696691218764, 0.000379479664844, 3.63326435036e-05, 0.000148435370647, -0.000382060796255, 0.000380534125725, -0.000336240307661, 0.00018085326883], [-6.01045976509e-05, 0.000355040130671, -0.000343558989698, 0.00121458224021, -0.000370549911167, 0.000249208154855, -0.000355259311618, -0.000140856776852, -0.000618242134806, 0.000624292064458, -0.000324494176311, 0.000248967990046, -0.000444255158072], [6.72365931678e-05, -0.000478403293528, 1.08457425085e-05, -0.000370549911167, 0.00189203280024, -0.00041885743849, -0.000527856231201, -0.000551067176275, -0.000379612611141, 6.22043517069e-05, 0.000179904513061, -1.16593428174e-05, 0.000600653875154], [-7.43557320675e-05, 0.000488002435304, -0.000696691218764, 0.000249208154855, -0.00041885743849, 0.00243031815626, -0.000861615408212, 0.000178744798177, -7.51916886657e-05, 1.16540413728e-05, -0.000767847930547, 0.000276082515484, 0.000741128285881], [4.21245240432e-05, -0.000415402872022, 0.000379479664844, -0.000355259311618, -0.000527856231201, -0.000861615408212, 0.00399513030425, -0.000720062758774, -0.000302144850139, -0.000815084204078, -0.000799642875791, 0.000368856097339, -0.000715527799912], [-8.83856846485e-05, 0.00046265553101, 3.63326435036e-05, -0.000140856776852, -0.000551067176275, 0.000178744798177, -0.000720062758774, 0.00454438105226, -0.000676850846503, -0.000285466114292, 0.000371211877791, -0.00109023728874, -0.000490898324642], [9.77476302069e-05, -0.000316373538226, 0.000148435370647, -0.000618242134806, -0.000379612611141, -7.51916886657e-05, -0.000302144850139, -0.000676850846503, 0.00513135967776, -0.00104917760473, 0.000132586224936, -0.00152134604286, -0.00122024456505], [-7.95012674644e-05, 0.000458077411167, -0.000382060796255, 0.000624292064458, 6.22043517069e-05, 1.16540413728e-05, -0.000815084204078, -0.000285466114292, -0.00104917760473, 0.00629394454882, -0.000863732944708, 4.03891499445e-05, -5.15230021847e-05], [9.11453753361e-05, -0.00063448533183, 0.000380534125725, -0.000324494176311, 0.000179904513061, -0.000767847930547, -0.000799642875791, 0.000371211877791, 0.000132586224936, -0.000863732944708, 0.00666408985853, -0.00140336970799, 0.000631748291198], [-3.19329883496e-05, 0.000529434415512, -0.000336240307661, 0.000248967990046, -1.16593428174e-05, 0.000276082515484, 0.000368856097339, -0.00109023728874, -0.00152134604286, 4.03891499445e-05, -0.00140336970799, 0.00649515446275, -3.39396065101e-05], [2.16781209019e-05, -0.000514833023772, 0.00018085326883, -0.000444255158072, 0.000600653875154, 0.000741128285881, -0.000715527799912, -0.000490898324642, -0.00122024456505, -5.15230021847e-05, 0.000631748291198, -3.39396065101e-05, 0.00689919665456]], "mean": [-125.861541748, 90.2683334351, -89.1566390991, 21.2707138062, -54.51014328, 9.61749744415, -32.3843307495, 5.19220733643, -22.0654315948, 2.64088177681, -7.12497758865, 3.74706959724, -4.64880514145]}, "melbands_spread": {"min": 0.0250645317137, "max": 294.496246338, "dvar2": 1541.98583984, "median": 11.4456501007, "dmean2": 17.9438037872, "dmean": 11.3561162949, "var": 1207.65026855, "dvar": 639.083374023, "mean": 22.9473361969}, "spectral_energy": {"min": 1.03495271123e-20, "max": 0.336118221283, "dvar2": 0.00321753253229, "median": 0.0153326382861, "dmean2": 0.0324850417674, "dmean": 0.0210842285305, "var": 0.00247832178138, "dvar": 0.00135598448105, "mean": 0.0371032655239}, "mfcc": {"cov": [[23912.2714844, 734.118164062, -811.877319336, 209.292160034, -519.155700684, -422.115020752, -93.3143844604, -105.575073242, -54.7759475708, 392.358123779, -343.087432861, -487.171691895, -158.156219482], [734.118164062, 4123.68017578, -44.5365066528, 182.227584839, 144.503387451, 119.440788269, 229.204086304, -66.030708313, 16.5768051147, 125.575454712, -15.4811553955, 29.5174503326, 48.366569519], [-811.877319336, -44.5365066528, 1688.8392334, 153.446517944, 418.18347168, 501.032165527, 170.304199219, 149.733093262, 5.0783367157, 14.1725311279, 111.87979126, 59.0675926208, -10.2303647995], [209.292160034, 182.227584839, 153.446517944, 1084.67138672, 396.48828125, 91.0369262695, 86.6964797974, 196.910308838, 255.910049438, 60.9319496155, 34.9321975708, 154.32434082, 93.9109420776], [-519.155700684, 144.503387451, 418.18347168, 396.48828125, 660.635131836, 348.154663086, 173.753662109, 213.071578979, 160.083389282, 63.0459442139, 79.095489502, 120.224647522, 20.5861053467], [-422.115020752, 119.440788269, 501.032165527, 91.0369262695, 348.154663086, 611.137817383, 252.447662354, 175.355773926, 72.8570709229, 86.5358276367, 155.757141113, 81.5607147217, 19.5387477875], [-93.3143844604, 229.204086304, 170.304199219, 86.6964797974, 173.753662109, 252.447662354, 398.629638672, 136.732879639, 27.4971904755, 101.289001465, 69.1990203857, 55.1301879883, 26.2942485809], [-105.575073242, -66.030708313, 149.733093262, 196.910308838, 213.071578979, 175.355773926, 136.732879639, 304.910064697, 151.438949585, 33.830368042, 78.1987686157, 133.664321899, 60.3332672119], [-54.7759475708, 16.5768051147, 5.0783367157, 255.910049438, 160.083389282, 72.8570709229, 27.4971904755, 151.438949585, 300.867767334, 84.0562515259, 19.3023910522, 79.9882507324, 93.3963165283], [392.358123779, 125.575454712, 14.1725311279, 60.9319496155, 63.0459442139, 86.5358276367, 101.289001465, 33.830368042, 84.0562515259, 234.919174194, 40.5459327698, -43.5642433167, 26.5258483887], [-343.087432861, -15.4811553955, 111.87979126, 34.9321975708, 79.095489502, 155.757141113, 69.1990203857, 78.1987686157, 19.3023910522, 40.5459327698, 218.776672363, 106.647972107, 8.93034744263], [-487.171691895, 29.5174503326, 59.0675926208, 154.32434082, 120.224647522, 81.5607147217, 55.1301879883, 133.664321899, 79.9882507324, -43.5642433167, 106.647972107, 281.597808838, 75.3546142578], [-158.156219482, 48.366569519, -10.2303647995, 93.9109420776, 20.5861053467, 19.5387477875, 26.2942485809, 60.3332672119, 93.3963165283, 26.5258483887, 8.93034744263, 75.3546142578, 172.826965332]], "icov": [[4.7635192459e-05, -8.57505074237e-06, 1.32644245241e-05, -3.4475546272e-05, 5.40769760846e-05, -7.66780885897e-06, 2.60215128947e-05, -6.86471466906e-05, 4.24106110586e-05, -0.000106759296614, 7.13124318281e-05, 3.60178128176e-05, 5.40186956641e-05], [-8.57505074237e-06, 0.000266412796918, 2.45693572651e-05, -3.16915429721e-05, -6.13121301285e-05, -3.11061667162e-05, -0.000169678693055, 0.000243519811193, 9.73901205725e-06, -8.51943550515e-05, 7.83667492215e-05, -0.000106829509605, -6.17637051619e-05], [1.32644245241e-05, 2.45693572651e-05, 0.000845495029353, -6.06766225246e-05, -0.000281996530248, -0.000618063262664, 0.000119922784506, -9.1617970611e-05, 0.000324613210978, 9.75368311629e-05, 3.53463110514e-05, 0.000115064161946, -3.69041590602e-05], [-3.4475546272e-05, -3.16915429721e-05, -6.06766225246e-05, 0.00145679025445, -0.000826249772217, 0.000481570110423, -0.000115246220957, -1.83474494406e-05, -0.000765049480833, 4.70496270282e-05, -4.58678223367e-05, -0.000298984086839, -0.000211005943129], [5.40769760846e-05, -6.13121301285e-05, -0.000281996530248, -0.000826249772217, 0.00329026742838, -0.00127763987985, -3.27960733557e-05, -0.00075586111052, -0.000495578860864, -0.000244030714384, 0.000629144487903, -0.000458518072264, 0.00099298148416], [-7.66780885897e-06, -3.11061667162e-05, -0.000618063262664, 0.000481570110423, -0.00127763987985, 0.00386471976526, -0.00134569662623, -0.000312366784783, -0.000338435231242, 2.91673459287e-05, -0.00174465682358, 0.000514728832059, -0.000223389783059], [2.60215128947e-05, -0.000169678693055, 0.000119922784506, -0.000115246220957, -3.27960733557e-05, -0.00134569662623, 0.00432477938011, -0.00162743031979, 0.00150207767729, -0.00175770651549, 0.000586483336519, -0.000444522767793, -0.000171228020918], [-6.86471466906e-05, 0.000243519811193, -9.1617970611e-05, -1.83474494406e-05, -0.00075586111052, -0.000312366784783, -0.00162743031979, 0.00683872820809, -0.00255225203, 0.000811708450783, -0.00067673146259, -0.00146571139339, -0.00021215142624], [4.24106110586e-05, 9.73901205725e-06, 0.000324613210978, -0.000765049480833, -0.000495578860864, -0.000338435231242, 0.00150207767729, -0.00255225203, 0.00681830197573, -0.00243930215947, 0.0010859714821, -0.000569887633901, -0.0018871241482], [-0.000106759296614, -8.51943550515e-05, 9.75368311629e-05, 4.70496270282e-05, -0.000244030714384, 2.91673459287e-05, -0.00175770651549, 0.000811708450783, -0.00243930215947, 0.0070304418914, -0.00227303686552, 0.00271806702949, -0.000912316550966], [7.13124318281e-05, 7.83667492215e-05, 3.53463110514e-05, -4.58678223367e-05, 0.000629144487903, -0.00174465682358, 0.000586483336519, -0.00067673146259, 0.0010859714821, -0.00227303686552, 0.00762439612299, -0.00327564124018, 0.00113591656554], [3.60178128176e-05, -0.000106829509605, 0.000115064161946, -0.000298984086839, -0.000458518072264, 0.000514728832059, -0.000444522767793, -0.00146571139339, -0.000569887633901, 0.00271806702949, -0.00327564124018, 0.00700138928369, -0.00218477519229], [5.40186956641e-05, -6.17637051619e-05, -3.69041590602e-05, -0.000211005943129, 0.00099298148416, -0.000223389783059, -0.000171228020918, -0.00021215142624, -0.0018871241482, -0.000912316550966, 0.00113591656554, -0.00218477519229, 0.00802613981068]], "mean": [-765.117675781, 116.896766663, 25.592458725, 17.3465919495, 3.74906229973, 3.43555951118, 3.01488375664, 1.86891388893, -4.90256881714, 0.461796849966, -4.23062181473, 1.3129799366, 2.31998205185]}, "spectral_contrast_valleys": {"min": [-27.9039707184, -28.0177497864, -27.7329673767, -27.5413742065, -27.4464664459, -27.4448108673], "max": [-4.89407444, -3.59545826912, -4.43023920059, -5.29347419739, -5.53259754181, -6.7893948555], "dvar2": [0.601562798023, 1.17017054558, 1.05481278896, 0.836527526379, 0.941112995148, 1.82990479469], "median": [-8.0976524353, -8.00602245331, -8.6275100708, -9.26259231567, -8.96827983856, -10.8354434967], "dmean2": [0.83293223381, 0.951034963131, 0.890132248402, 0.789271295071, 0.769515454769, 1.03587460518], "dmean": [0.574589908123, 0.643154263496, 0.615987896919, 0.585094571114, 0.589373469353, 0.869080722332], "var": [5.698387146, 4.60786008835, 4.60065698624, 4.54656362534, 4.96492958069, 6.61534547806], "dvar": [0.373993337154, 0.605150580406, 0.573974907398, 0.511123239994, 0.596952855587, 1.07179784775], "mean": [-8.53699207306, -8.21738910675, -8.86910438538, -9.53090667725, -9.42122077942, -11.427063942]}, "barkbands_flatness_db": {"min": 0.0111428601667, "max": 0.935460209846, "dvar2": 0.00481098936871, "median": 0.203387573361, "dmean2": 0.061805985868, "dmean": 0.0457270480692, "var": 0.0153037495911, "dvar": 0.00287618022412, "mean": 0.221869677305}, "dynamic_complexity": 7.3033618927, "erbbands_flatness_db": {"min": 0.0483302399516, "max": 0.534170806408, "dvar2": 0.00248718168586, "median": 0.180578306317, "dmean2": 0.0448229163885, "dmean": 0.0339495018125, "var": 0.00648968433961, "dvar": 0.00148277624976, "mean": 0.192663282156}, "hf