{"lowlevel": {"spectral_complexity": {"min": 0, "max": 57, "dvar2": 50.9468650818, "median": 16, "dmean2": 5.77415370941, "dmean": 3.88349080086, "var": 178.289871216, "dvar": 25.6378269196, "mean": 17.9134159088}, "silence_rate_20dB": {"min": 1, "max": 1, "dvar2": 0, "median": 1, "dmean2": 0, "dmean": 0, "var": 0, "dvar": 0, "mean": 1}, "average_loudness": 0.912109375, "erbbands_spread": {"min": 1.7626196146, "max": 190.360107422, "dvar2": 391.664123535, "median": 45.5071601868, "dmean2": 17.4715461731, "dmean": 11.7913923264, "var": 641.180908203, "dvar": 176.695602417, "mean": 50.2625617981}, "spectral_kurtosis": {"min": -1.39788484573, "max": 55.9760551453, "dvar2": 8.63449668884, "median": 2.56999874115, "dmean2": 1.75108742714, "dmean": 1.07826054096, "var": 7.9931397438, "dvar": 3.47550010681, "mean": 3.18346595764}, "barkbands_kurtosis": {"min": -1.97563397884, "max": 1469.52441406, "dvar2": 2464.76342773, "median": 1.95678329468, "dmean2": 14.3044700623, "dmean": 8.56690597534, "var": 1421.19567871, "dvar": 909.634155273, "mean": 9.96883583069}, "spectral_strongpeak": {"min": 0, "max": 7.66325902939, "dvar2": 0.89862370491, "median": 0.341774612665, "dmean2": 0.670572161674, "dmean": 0.391889363527, "var": 0.512785732746, "dvar": 0.338975131512, "mean": 0.58277130127}, "spectral_spread": {"min": 1361101.75, "max": 40996628, "dvar2": 1046681616380.0, "median": 5100192, "dmean2": 785520.8125, "dmean": 592718.5, "var": 3245370769410.0, "dvar": 651853365248, "mean": 5361520.5}, "spectral_rms": {"min": 3.22932934733e-12, "max": 0.0147201996297, "dvar2": 8.22960464575e-06, "median": 0.0048282914795, "dmean2": 0.00209663505666, "dmean": 0.00134184956551, "var": 7.93121125753e-06, "dvar": 3.46404499396e-06, "mean": 0.00470661604777}, "erbbands": {"min": [1.78585365999e-21, 1.43444685821e-20, 1.38054747869e-20, 5.15042845183e-20, 1.3516584866e-19, 2.65834212932e-19, 7.43087570325e-19, 1.09215499709e-19, 3.66019433592e-19, 1.85474407414e-18, 1.81603574378e-18, 9.67711981181e-19, 1.28953156158e-18, 1.29516714309e-18, 2.17323880206e-18, 5.39498569241e-18, 3.6281063973e-18, 7.45468402923e-18, 4.54394960458e-18, 1.2123866297e-17, 1.16939176669e-17, 1.41362321184e-17, 7.46667153066e-18, 1.32234895976e-17, 1.05093197563e-17, 1.26224833256e-17, 1.94360262795e-17, 2.13898732085e-17, 1.66001715526e-17, 1.9870666678e-17, 2.74749248143e-17, 1.79519782338e-17, 1.13693452295e-17, 1.03934309253e-17, 9.02106301566e-18, 7.28199022402e-18, 3.90685633756e-18, 1.36583649154e-18, 3.15275134186e-19, 2.9988059859e-20], "max": [2.46233654022, 38.2949028015, 124.447364807, 192.168701172, 323.16116333, 310.922454834, 173.584091187, 371.149475098, 555.68927002, 1101.90759277, 1302.85241699, 1112.7578125, 525.837768555, 611.178649902, 781.454650879, 858.836120605, 603.925537109, 727.99420166, 783.047058105, 645.19744873, 656.836853027, 360.283508301, 282.486663818, 466.505645752, 474.004119873, 251.356964111, 196.463119507, 135.506561279, 138.121154785, 123.828048706, 212.432037354, 234.999725342, 305.917694092, 266.41986084, 127.498695374, 21.1985816956, 2.89054536819, 0.719875693321, 0.0959654152393, 0.00422011036426], "dvar2": [0.237464666367, 55.9817810059, 814.846374512, 701.184692383, 3100.48120117, 873.269714355, 469.962005615, 560.30065918, 2592.35913086, 7663.93408203, 5324.44238281, 4956.38037109, 1968.96142578, 1399.33984375, 2135.39916992, 1490.90625, 1319.43530273, 1943.6986084, 2170.68823242, 1410.59155273, 978.182983398, 627.357543945, 458.023010254, 658.507080078, 502.553924561, 364.05770874, 330.721557617, 259.338623047, 186.826629639, 133.732009888, 131.502471924, 142.928939819, 167.595001221, 72.9924468994, 9.97636795044, 0.39068454504, 0.0351115614176, 0.00286174146459, 4.89301346533e-05, 1.31209205279e-07], "median": [0.0655474588275, 0.537042200565, 1.59171879292, 3.16709423065, 3.85861515999, 5.03472709656, 3.20265746117, 2.55201053619, 3.30689644814, 4.65263652802, 4.78833627701, 7.87030887604, 8.39901351929, 7.66700458527, 7.65446901321, 9.49052143097, 8.24280071259, 7.52231407166, 6.16907835007, 6.03947973251, 7.29116439819, 6.11216926575, 6.55414199829, 8.08447265625, 7.87797403336, 6.59731197357, 5.78308963776, 4.68170595169, 3.96969652176, 2.8062748909, 2.33152866364, 1.50720250607, 0.794918477535, 0.372431576252, 0.153423413634, 0.0555539652705, 0.021687278524, 0.00662009976804, 0.000867012655362, 6.48411805741e-05], "dmean2": [0.307550638914, 3.39315199852, 11.9326410294, 12.5388126373, 22.3757476807, 15.8357362747, 11.3389129639, 10.0332756042, 18.3234519958, 31.5327148438, 24.8540744781, 25.558506012, 20.7462444305, 17.9886646271, 19.6248550415, 17.7762355804, 17.8903999329, 19.1394233704, 18.5504741669, 15.6537208557, 14.6331930161, 11.0810527802, 11.4529275894, 13.6296615601, 12.3413705826, 10.7049608231, 9.94025802612, 8.51201438904, 7.04674005508, 5.49332475662, 4.48835134506, 3.3036262989, 2.53204512596, 1.51811516285, 0.581612825394, 0.176545217633, 0.0740818828344, 0.0227427054197, 0.00300646852702, 0.000164731434779], "dmean": [0.174461230636, 2.04672980309, 6.87165117264, 7.1557302475, 13.2418470383, 9.48978805542, 6.6600856781, 5.91565752029, 10.6973638535, 18.9193706512, 15.0816659927, 15.645611763, 13.1347885132, 11.3297395706, 12.2308521271, 11.3952646255, 11.127828598, 12.0088748932, 11.5007476807, 9.6611289978, 9.26490116119, 7.07343387604, 7.14153862, 8.64997196198, 7.98108386993, 6.99290037155, 6.42989587784, 5.56117010117, 4.75450515747, 3.74558115005, 3.06004333496, 2.25782060623, 1.74096941948, 1.0588837862, 0.402091145515, 0.130629941821, 0.055340025574, 0.0164373535663, 0.00223324890248, 0.000121548873722], "var": [0.0978705957532, 21.9675140381, 230.195846558, 193.739135742, 1084.6953125, 466.098602295, 192.508117676, 215.858627319, 1057.14904785, 3473.76538086, 3371.37939453, 2463.38793945, 1518.53625488, 1143.89013672, 2225.81152344, 1328.84802246, 1071.31591797, 1429.1628418, 1316.6015625, 898.222900391, 776.84967041, 647.014770508, 415.237518311, 599.351257324, 611.709228516, 428.527557373, 356.86138916, 274.642974854, 206.070983887, 147.266143799, 106.087028503, 88.4634857178, 82.166595459, 36.4319458008, 4.66706085205, 0.286677181721, 0.0327842794359, 0.00260039512068, 4.91701612191e-05, 1.52938810061e-07], "dvar": [0.0847564265132, 22.7319717407, 301.700378418, 250.596664429, 1235.08764648, 352.28704834, 176.197265625, 210.874969482, 956.172607422, 3023.21484375, 2132.13549805, 1861.09387207, 807.543273926, 571.349365234, 846.353515625, 608.606079102, 537.543273926, 775.386352539, 848.785705566, 535.780578613, 393.703277588, 263.586669922, 180.55305481, 265.944152832, 221.017166138, 163.061584473, 140.757507324, 109.620124817, 84.8461914062, 61.6967506409, 57.078414917, 60.8577651978, 70.2814865112, 31.5844745636, 4.21886444092, 0.18326741457, 0.0178870167583, 0.00143349159043, 2.61130953731e-05, 7.90386067706e-08], "mean": [0.197840109468, 2.11913442612, 6.34497261047, 7.84892606735, 13.9424314499, 12.4408464432, 8.22564315796, 7.32078170776, 12.4065141678, 22.3048553467, 19.928527832, 22.8228797913, 21.5173530579, 18.8154067993, 21.4101390839, 20.3025455475, 19.0739612579, 20.1344642639, 18.0348510742, 15.7116518021, 16.1101665497, 13.4165525436, 14.0521020889, 17.4993648529, 16.9679756165, 14.5864553452, 13.2727470398, 11.6896076202, 9.96217536926, 7.66304159164, 6.15796232224, 4.40816020966, 2.92628693581, 1.64253914356, 0.633732318878, 0.220733076334, 0.0892031937838, 0.0265844799578, 0.00359412236139, 0.000197543849936]}, "zerocrossingrate": {"min": 0.00146484375, "max": 0.49951171875, "dvar2": 0.000406558945542, "median": 0.0634765625, "dmean2": 0.0171414669603, "dmean": 0.0148885147646, "var": 0.00367411458865, "dvar": 0.00036294045276, "mean": 0.078722268343}, "spectral_contrast_coeffs": {"min": [-0.966604351997, -0.963647603989, -0.968981921673, -0.95994335413, -0.960323989391, -0.962414324284], "max": [-0.262245625257, -0.33276411891, -0.427032053471, -0.521310985088, -0.563752233982, -0.576859772205], "dvar2": [0.00612977519631, 0.0045648124069, 0.00268697552383, 0.00164312694687, 0.00087129563326, 0.000710089341737], "median": [-0.655594944954, -0.770010709763, -0.795228362083, -0.807696521282, -0.808626770973, -0.756777882576], "dmean2": [0.0937233418226, 0.0816317945719, 0.0640079677105, 0.0490711405873, 0.0344677232206, 0.0281373281032], "dmean": [0.0592565350235, 0.0501672998071, 0.0400155931711, 0.0304968319833, 0.0217169374228, 0.0187372155488], "var": [0.0115657784045, 0.00723020220175, 0.00651751365513, 0.00323507143185, 0.00180029065814, 0.00205113273114], "dvar": [0.00273853889666, 0.00188234588131, 0.00112286547665, 0.000701932061929, 0.000378209952032, 0.000341708073393], "mean": [-0.651827931404, -0.759821712971, -0.783083736897, -0.8006259799, -0.805130422115, -0.75987893343]}, "dissonance": {"min": 0.151362121105, "max": 0.500000059605, "dvar2": 0.000820445420686, "median": 0.48104006052, "dmean2": 0.0253546200693, "dmean": 0.015084519051, "var": 0.000599484017584, "dvar": 0.000313733035, "mean": 0.474022269249}, "spectral_energyband_high": {"min": 7.87297582331e-21, "max": 0.040681425482, "dvar2": 3.31039723278e-06, "median": 0.000603408145253, "dmean2": 0.000739380484447, "dmean": 0.000544602284208, "var": 3.75629952032e-06, "dvar": 1.557612336e-06, "mean": 0.00133827270474}, "spectral_skewness": {"min": -0.312409162521, "max": 6.03453397751, "dvar2": 0.105138473213, "median": 1.20356094837, "dmean2": 0.269563108683, "dmean": 0.176096960902, "var": 0.19763161242, "dvar": 0.0480552576482, "mean": 1.25891518593}, "spectral_flux": {"min": 1.38121151849e-07, "max": 0.436719983816, "dvar2": 0.00635169027373, "median": 0.0853706225753, "dmean2": 0.0578505285084, "dmean": 0.0374154374003, "var": 0.00564035074785, "dvar": 0.00289171934128, "mean": 0.099676348269}, "silence_rate_30dB": {"min": 0, "max": 1, "dvar2": 0.148986563087, "median": 1, "dmean2": 0.118771791458, "dmean": 0.0593792162836, "var": 0.0358345098794, "dvar": 0.0558586493134, "mean": 0.962779700756}, "spectral_energyband_middle_high": {"min": 1.50871856934e-21, "max": 0.0301188435405, "dvar2": 9.55664108915e-06, "median": 0.00241545587778, "dmean2": 0.00198923447169, "dmean": 0.0013121169759, "var": 1.79973485501e-05, "dvar": 3.97736766899e-06, "mean": 0.00387164368294}, "barkbands_spread": {"min": 0.10045953095, "max": 132.062179565, "dvar2": 239.221069336, "median": 24.3878612518, "dmean2": 13.498254776, "dmean": 8.7802438736, "var": 378.54510498, "dvar": 105.36631012, "mean": 28.248046875}, "spectral_centroid": {"min": 91.2900772095, "max": 10741.1816406, "dvar2": 338504.375, "median": 1498.19714355, "dmean2": 515.827392578, "dmean": 346.445709229, "var": 838472, "dvar": 171599.078125, "mean": 1660.15905762}, "pitch_salience": {"min": 0.0611030235887, "max": 0.945410251617, "dvar2": 0.0234924033284, "median": 0.574178993702, "dmean2": 0.166875779629, "dmean": 0.0999312996864, "var": 0.0227453876287, "dvar": 0.00941494200379, "mean": 0.54581362009}, "erbbands_skewness": {"min": -5.6458568573, "max": 9.79231548309, "dvar2": 0.47206735611, "median": 0.102816648781, "dmean2": 0.606724917889, "dmean": 0.397711992264, "var": 0.918034315109, "dvar": 0.211107075214, "mean": 0.0982348397374}, "erbbands_crest": {"min": 2.21596264839, "max": 31.42619133, "dvar2": 16.5163974762, "median": 6.34862756729, "dmean2": 3.99344968796, "dmean": 2.43513274193, "var": 16.6244907379, "dvar": 6.51206731796, "mean": 7.55680894852}, "melbands": {"min": [1.81157441931e-23, 1.10986899683e-23, 1.23945225894e-23, 1.12203125983e-23, 2.50894071239e-23, 2.60089846477e-24, 8.16035743456e-24, 2.36030985152e-23, 1.25786829566e-23, 6.17299593326e-24, 6.26528161512e-24, 5.09929037137e-24, 5.2256686494e-24, 1.27047942052e-23, 1.27236826907e-23, 7.65025946286e-24, 1.45032992504e-23, 7.19122997958e-24, 9.89200730686e-24, 2.01031577593e-23, 1.23225942521e-23, 1.75514688322e-23, 6.59774191602e-24, 6.30371294627e-24, 1.16298726142e-23, 8.66297542716e-24, 7.34193396692e-24, 8.75028970759e-24, 9.23750676874e-24, 1.44221223078e-23, 1.27335331968e-23, 8.3572350284e-24, 9.19849365267e-24, 1.21136107988e-23, 1.60659538175e-23, 1.35271280564e-23, 9.90650341485e-24, 8.70183865965e-24, 6.79498199145e-24, 9.15417229157e-24], "max": [0.0309946984053, 0.0566572770476, 0.030606450513, 0.0182421226054, 0.00745863979682, 0.00731986714527, 0.00882079359144, 0.0118034183979, 0.00941148027778, 0.00645415717736, 0.00287982891314, 0.00268696737476, 0.00349959987216, 0.00182713626418, 0.00240293634124, 0.00181954517029, 0.00157386658248, 0.00154393957928, 0.000778977177106, 0.00100517726969, 0.000732109998353, 0.000456992711406, 0.000425834703492, 0.000316964142257, 0.000408675172366, 0.00034104034421, 0.000329051166773, 0.000169127335539, 0.000174027009052, 0.000180543895112, 0.00011010698654, 7.53969216021e-05, 9.13812255021e-05, 8.54243917274e-05, 0.000125265389215, 0.00011799812637, 0.000176384783117, 0.000214735380723, 0.000252044468652, 0.000224735500524], "dvar2": [3.00530518871e-05, 0.000170878047356, 2.27801228903e-05, 1.13111700557e-05, 5.5909765706e-07, 2.83820725144e-07, 6.42491897906e-07, 8.8462917347e-07, 3.57384948302e-07, 1.78837836984e-07, 5.07367090563e-08, 2.43173534642e-08, 3.72803619086e-08, 1.04052384486e-08, 1.08614672811e-08, 9.6872865285e-09, 7.7375563734e-09, 7.76692665738e-09, 2.87116397324e-09, 2.38865904834e-09, 1.56978530175e-09, 8.49867121122e-10, 5.55887558207e-10, 5.15567366577e-10, 5.72974168112e-10, 3.5054567582e-10, 2.99856917074e-10, 1.92292515244e-10, 1.86876125685e-10, 1.10819770027e-10, 1.12786731343e-10, 7.42800543296e-11, 5.25536107687e-11, 4.87340480471e-11, 5.04445131499e-11, 4.89519501323e-11, 6.54718362858e-11, 8.49027653738e-11, 1.05234654324e-10, 4.42223827002e-11], "median": [0.000688217231072, 0.000893126241863, 0.000641758262645, 0.000365374900866, 0.000143848024891, 5.52668352611e-05, 5.29342723894e-05, 4.89248086524e-05, 3.61486891052e-05, 4.96496104461e-05, 3.97380099457e-05, 2.85426467599e-05, 2.252559716e-05, 2.34358758462e-05, 2.06962504308e-05, 1.46287793541e-05, 1.31489478008e-05, 9.44920066104e-06, 6.81091114529e-06, 8.29619602882e-06, 7.89778277976e-06, 5.70671636524e-06, 6.06460798735e-06, 4.72941428598e-06, 6.25384109298e-06, 6.02422778684e-06, 4.71802968605e-06, 4.13827456214e-06, 3.61204570254e-06, 2.92763343168e-06, 2.5540812203e-06, 2.28918770517e-06, 1.63763934324e-06, 1.53070686792e-06, 1.40128838666e-06, 1.07160360585e-06, 8.05207321264e-07, 5.66127710044e-07, 3.96808047753e-07, 2.73385893479e-07], "dmean2": [0.00315030501224, 0.00559061300009, 0.0024101191666, 0.00144989672117, 0.000422861456173, 0.000231534766499, 0.000301142514218, 0.000332849915139, 0.000203454867005, 0.000165294841281, 0.000105176623038, 7.42360643926e-05, 7.60998227634e-05, 4.8845729907e-05, 4.9059632147e-05, 4.1680810682e-05, 3.72273971152e-05, 3.40419464919e-05, 2.28954104387e-05, 2.05220458156e-05, 1.78414848051e-05, 1.23936533782e-05, 1.14878284876e-05, 1.19285668916e-05, 1.22944366012e-05, 1.04152359199e-05, 9.19089143281e-06, 7.63840489526e-06, 7.09148980604e-06, 5.57898556508e-06, 5.62499326406e-06, 4.54535256722e-06, 3.43559713656e-06, 3.30813986693e-06, 2.92355343845e-06, 2.4376008696e-06, 2.07182301892e-06, 1.86972010852e-06, 1.75142486114e-06, 1.221533239e-06], "dmean": [0.00181516015437, 0.00333272363059, 0.0013970072614, 0.000857485749293, 0.00025064413785, 0.000136170900078, 0.000176968242158, 0.000200628695893, 0.000123263409478, 0.000101598030597, 6.66090782033e-05, 4.66480123578e-05, 4.71084022138e-05, 3.13395248668e-05, 3.09075621772e-05, 2.56175117102e-05, 2.33976570598e-05, 2.10334674193e-05, 1.40385300256e-05, 1.26199793158e-05, 1.12667767098e-05, 7.79520269134e-06, 7.14422367309e-06, 7.36503216103e-06, 7.70993119659e-06, 6.58973385725e-06, 5.91462503508e-06, 4.89250624014e-06, 4.49671324532e-06, 3.54412190973e-06, 3.59977752851e-06, 3.00595684166e-06, 2.28535327551e-06, 2.21567074732e-06, 1.93809296434e-06, 1.6210059357e-06, 1.38680366035e-06, 1.25617384583e-06, 1.17752813367e-06, 8.48408376442e-07], "var": [1.25738270071e-05, 5.59966028959e-05, 7.35584262657e-06, 4.12005238104e-06, 2.87318897563e-07, 1.0900124181e-07, 2.65968878921e-07, 3.93420151568e-07, 2.16350386495e-07, 9.43916802498e-08, 3.87849219408e-08, 1.92754701089e-08, 3.42700765543e-08, 1.1085876217e-08, 7.93793919485e-09, 6.64699761899e-09, 5.14446485411e-09, 4.32806723794e-09, 1.81941872679e-09, 1.47609979795e-09, 1.149138118e-09, 8.16461509512e-10, 4.20277757041e-10, 4.15979167778e-10, 4.50638359961e-10, 3.62285507149e-10, 3.27848970194e-10, 1.89584459243e-10, 1.75475176056e-10, 9.6391589155e-11, 1.10771544715e-10, 7.77297948229e-11, 4.61924179462e-11, 4.87648393888e-11, 3.78476243401e-11, 3.21252191515e-11, 3.67774873056e-11, 3.8363555388e-11, 4.67637352453e-11, 2.25529005193e-11], "dvar": [1.13252599476e-05, 6.61399317323e-05, 8.49449497764e-06, 4.49128401669e-06, 2.14755871752e-07, 1.06319617998e-07, 2.37548576365e-07, 3.4662579651e-07, 1.41458244229e-07, 6.74254110322e-08, 2.08817034775e-08, 1.00544594872e-08, 1.43852636469e-08, 4.60086813092e-09, 4.42950209845e-09, 3.80393050392e-09, 3.08586378672e-09, 3.02558267329e-09, 1.11890419152e-09, 9.22221188304e-10, 6.29839846944e-10, 3.54199253261e-10, 2.22675461403e-10, 1.98541461049e-10, 2.27718649493e-10, 1.4708342877e-10, 1.30915278618e-10, 8.3844153842e-11, 7.97692051302e-11, 4.4945609734e-11, 4.69556546423e-11, 3.29700294843e-11, 2.32448678361e-11, 2.15888210087e-11, 2.13131786525e-11, 2.05967552042e-11, 2.75641644926e-11, 3.44905250194e-11, 4.36450077468e-11, 1.93687340472e-11], "mean": [0.00209388462827, 0.00327880610712, 0.00160760711879, 0.000987835461274, 0.000337365519954, 0.000165856457897, 0.000205835196539, 0.000235429775785, 0.000161435324117, 0.000149322630023, 0.000106041741674, 7.38193703e-05, 7.67097662902e-05, 5.44486501894e-05, 5.00210735481e-05, 4.04410930059e-05, 3.65836640412e-05, 3.03601154883e-05, 2.1427304091e-05, 2.0021760065e-05, 1.82580079127e-05, 1.35424716063e-05, 1.25224014482e-05, 1.29692862174e-05, 1.43203442349e-05, 1.3003690583e-05, 1.13472151497e-05, 9.30502392293e-06, 8.62461456563e-06, 6.87670626576e-06, 6.94701839166e-06, 5.99570557824e-06, 4.31432135883e-06, 4.2796350499e-06, 3.67914617527e-06, 3.03407500724e-06, 2.54348196904e-06, 2.04504453905e-06, 1.80203119271e-06, 1.26239274323e-06]}, "spectral_entropy": {"min": 4.37206554413, "max": 9.80244255066, "dvar2": 0.0762223228812, "median": 7.89843034744, "dmean2": 0.238446176052, "dmean": 0.160237401724, "var": 0.204070597887, "dvar": 0.0372809059918, "mean": 7.82880830765}, "spectral_rolloff": {"min": 43.06640625, "max": 18389.3554688, "dvar2": 3479686.75, "median": 1162.79296875, "dmean2": 1337.52575684, "dmean": 811.519348145, "var": 6108195.5, "dvar": 1699885.125, "mean": 2014.70617676}, "barkbands": {"min": [1.13139022672e-23, 6.28470273951e-23, 7.21423553016e-24, 3.17789365561e-23, 9.94342005418e-23, 2.81669728185e-23, 6.27741808237e-23, 1.02192929169e-22, 4.53382596038e-23, 4.07134773499e-23, 3.55271555048e-23, 1.217111655e-22, 7.66331605748e-23, 1.49443854613e-22, 1.33072403365e-22, 2.08519590455e-22, 2.55055340913e-22, 1.33719420769e-22, 2.60113643255e-22, 2.55974912915e-22, 5.63635184546e-22, 4.52878810531e-22, 9.00016733155e-22, 7.28977855439e-22, 1.10501202125e-21, 1.90058074328e-21, 2.1792784096e-21], "max": [0.00795206520706, 0.142261296511, 0.115759149194, 0.0623706951737, 0.0742686092854, 0.0310584064573, 0.0396919250488, 0.0486036352813, 0.0449018441141, 0.023523259908, 0.0230874307454, 0.0167924463749, 0.0164919439703, 0.0148273734376, 0.0118632568046, 0.0171214360744, 0.00614970410243, 0.00458897929639, 0.00721218483523, 0.00528718484566, 0.00398104451597, 0.00438230065629, 0.0068718069233, 0.0160078704357, 0.021113589406, 0.00207408494316, 0.000522925518453], "dvar2": [1.11561064386e-06, 0.000725337711629, 0.000697653973475, 6.08766022197e-05, 0.000189880622202, 7.84354779171e-06, 1.7934893549e-05, 1.44502782859e-05, 9.62304420682e-06, 1.2496633417e-06, 2.00379236048e-06, 9.38973869324e-07, 8.94962454367e-07, 9.21571597701e-07, 5.71239695546e-07, 4.2534207978e-07, 1.98209448854e-07, 1.59190705062e-07, 2.35862728459e-07, 1.9900180348e-07, 1.61447687219e-07, 1.32345519432e-07, 1.47978710174e-07, 4.77226649309e-07, 3.44575653344e-07, 1.0617363877e-08, 1.88400162138e-09], "median": [0.000166012483533, 0.00257303100079, 0.00132061110344, 0.000988736399449, 0.00154923147056, 0.000300075684208, 0.000265561102424, 0.000167232414242, 0.000368726003217, 0.000194767373614, 0.000137872630148, 0.000232453749049, 0.000152527878527, 0.000144245786942, 9.2102040071e-05, 0.000128746367409, 0.00010092456796, 0.000111891771667, 0.000169010017999, 0.000141475495184, 0.000129573803861, 0.000103553691588, 8.59386418597e-05, 5.79432271479e-05, 2.65880735242e-05, 1.23875852296e-05, 4.75313072457e-06], "dmean2": [0.000640343525447, 0.0135604534298, 0.0109401205555, 0.00409734249115, 0.0060067824088, 0.00128473981749, 0.00169601698872, 0.00125268183183, 0.00125313573517, 0.000516608706675, 0.000561374472454, 0.000466531171696, 0.00042837188812, 0.000410429114709, 0.000324998807628, 0.000292131153401, 0.000206379161682, 0.000224022485781, 0.00027240588679, 0.000244969443884, 0.00022018312302, 0.000184369462659, 0.000160470372066, 0.000148862338392, 0.000104799699329, 3.80879209843e-05, 1.83699339686e-05], "dmean": [0.000388670276152, 0.0079797739163, 0.00607215892524, 0.00239104521461, 0.00353207858279, 0.000749040162191, 0.00100545410533, 0.00075803254731, 0.000771694001742, 0.000324613793055, 0.000346070039086, 0.000299531122437, 0.000261951674474, 0.000257220905041, 0.000200809678063, 0.000182027215487, 0.000130458138301, 0.000138967297971, 0.000173265085323, 0.000158837967319, 0.000143117649714, 0.000125554564875, 0.000109406770207, 0.000103963750007, 7.33229535399e-05, 2.87490529445e-05, 1.35661002787e-05], "var": [6.0842143057e-07, 0.000290295778541, 0.000173386550159, 2.30691530305e-05, 6.80044540786e-05, 3.02157377519e-06, 8.12724101706e-06, 7.44754015614e-06, 5.21218271388e-06, 9.84064513432e-07, 1.70991097548e-06, 8.35365995044e-07, 6.09565233844e-07, 5.77578362027e-07, 3.55205173719e-07, 2.95580889542e-07, 2.00957344987e-07, 1.42237183809e-07, 2.47639036388e-07, 2.14329517689e-07, 1.79404025857e-07, 1.48914168108e-07, 1.32800693109e-07, 2.56098303453e-07, 1.69274485984e-07, 9.82089254364e-09, 1.86951054637e-09], "dvar": [4.35136598753e-07, 0.0002863559057, 0.000248819764238, 2.32133334066e-05, 7.46233854443e-05, 2.92772756438e-06, 6.83805365043e-06, 5.67233973925e-06, 3.66745825886e-06, 5.21694232702e-07, 7.64864182656e-07, 3.90975429809e-07, 3.54778819656e-07, 3.61764108447e-07, 2.23126008336e-07, 1.68231920838e-07, 8.43257268457e-08, 6.36174988244e-08, 9.91759705471e-08, 8.69445173635e-08, 6.7348942423e-08, 6.04298833196e-08, 6.56848442304e-08, 2.01924109433e-07, 1.48274452272e-07, 5.27851184984e-09, 1.0095900782e-09], "mean": [0.000477470253827, 0.00870948843658, 0.00538431480527, 0.00280817924067, 0.00406286492944, 0.000901712861378, 0.00118550239131, 0.000886976311449, 0.00112738844473, 0.000505998090375, 0.000539849570487, 0.000508371624164, 0.000408287218306, 0.000396021583583, 0.000297208636766, 0.000297888123896, 0.000230419929721, 0.000260653905571, 0.000354549702024, 0.000319657672662, 0.000305423134705, 0.000264997332124, 0.000224653995247, 0.000191229642951, 0.000115839138743, 4.87283759867e-05, 2.12924842344e-05]}, "melbands_flatness_db": {"min": 0.00678134988993, "max": 0.70178425312, "dvar2": 0.00326067418791, "median": 0.179131358862, "dmean2": 0.0592723600566, "dmean": 0.0377244986594, "var": 0.00778947817162, "dvar": 0.00145429023542, "mean": 0.193482890725}, "melbands_skewness": {"min": -3.08351302147, "max": 31.4965381622, "dvar2": 7.10557937622, "median": 2.95414280891, "dmean2": 2.15860795975, "dmean": 1.38175916672, "var": 9.25103378296, "dvar": 3.09513545036, "mean": 3.7040708065}, "barkbands_skewness": {"min": -6.7949180603, "max": 33.0416030884, "dvar2": 3.51199221611, "median": 1.54571664333, "dmean2": 1.44342398643, "dmean": 0.924421489239, "var": 4.59885692596, "dvar": 1.48293447495, "mean": 1.95191395283}, "silence_rate_60dB": {"min": 0, "max": 1, "dvar2": 0.0687522217631, "median": 0, "dmean2": 0.0643347203732, "dmean": 0.0321637429297, "var": 0.133269637823, "dvar": 0.0311319250613, "mean": 0.158326774836}, "spectral_energyband_low": {"min": 8.47796892777e-23, "max": 0.202983394265, "dvar2": 0.00235794391483, "median": 0.00700942659751, "dmean2": 0.0236170366406, "dmean": 0.0139276562259, "var": 0.000837764062453, "dvar": 0.000912106130272, "mean": 0.0158056356013}, "spectral_energyband_middle_low": {"min": 3.81591785554e-22, "max": 0.113573655486, "dvar2": 0.000466720230179, "median": 0.00660823332146, "dmean2": 0.0117035480216, "dmean": 0.00707912724465, "var": 0.000225122799748, "dvar": 0.000188817721209, "mean": 0.01112018805}, "melbands_kurtosis": {"min": -1.89791405201, "max": 2097.54980469, "dvar2": 7372.97900391, "median": 10.7928657532, "dmean2": 37.3875389099, "dmean": 22.8712978363, "var": 5844.35351562, "dvar": 2936.2902832, "mean": 32.3944206238}, "spectral_decrease": {"min": -5.80663979122e-08, "max": -8.11796624373e-29, "dvar2": 1.86576556097e-16, "median": -5.82884851497e-09, "dmean2": 7.91186849369e-09, "dmean": 4.77394168641e-09, "var": 7.85351544814e-17, "dvar": 7.32264284241e-17, "mean": -7.66690533283e-09}, "erbbands_kurtosis": {"min": -1.87218749523, "max": 136.48046875, "dvar2": 17.827129364, "median": -0.444110393524, "dmean2": 1.62868010998, "dmean": 1.0372287035, "var": 18.1895027161, "dvar": 7.56446790695, "mean": 0.473423242569}, "melbands_crest": {"min": 2.23194646835, "max": 38.1023368835, "dvar2": 39.4368782043, "median": 14.7957878113, "dmean2": 7.54462099075, "dmean": 4.52142906189, "var": 40.3892059326, "dvar": 15.050151825, "mean": 15.6422920227}, "gfcc": {"cov": [[16681.1542969, 565.274658203, -498.696472168, 60.2398147583, -391.952178955, 100.387878418, -215.50680542, -28.4922714233, -343.676086426, -176.452835083, -297.66796875, 21.8133544922, -196.913375854], [565.274658203, 2223.71850586, -258.87210083, -15.5399007797, 355.281982422, -93.4876937866, 143.370162964, -83.9946746826, -44.140171051, -176.074020386, 7.1368098259, -102.65058136, 65.5374221802], [-498.696472168, -258.87210083, 1489.78894043, 408.473144531, 418.208435059, 152.422546387, 66.6665344238, 61.322479248, -6.4842004776, 107.648452759, -64.4387817383, 76.8679428101, -125.457588196], [60.2398147583, -15.5399007797, 408.473144531, 548.275878906, 217.922576904, 88.9620132446, 81.1574554443, 53.7712593079, 42.382976532, 40.9981536865, 5.9731631279, 31.4762039185, -20.6364097595], [-391.952178955, 355.281982422, 418.208435059, 217.922576904, 566.030212402, 128.939147949, 218.052703857, 62.1454315186, 6.03076553345, 40.7913627625, -11.7348041534, 44.8763999939, -19.0913619995], [100.387878418, -93.4876937866, 152.422546387, 88.9620132446, 128.939147949, 309.722686768, 149.716018677, 81.2612838745, 7.39675855637, 32.4636497498, 26.425983429, 20.045747757, -17.976940155], [-215.50680542, 143.370162964, 66.6665344238, 81.1574554443, 218.052703857, 149.716018677, 294.035217285, 98.7758407593, 44.1117095947, 45.5902366638, 23.7536697388, 16.1332511902, -23.3512763977], [-28.4922714233, -83.9946746826, 61.322479248, 53.7712593079, 62.1454315186, 81.2612838745, 98.7758407593, 157.053833008, 73.1920928955, 47.1088180542, 13.8531990051, 18.9898509979, -2.37323570251], [-343.676086426, -44.140171051, -6.4842004776, 42.382976532, 6.03076553345, 7.39675855637, 44.1117095947, 73.1920928955, 136.589324951, 70.5727920532, 25.3096942902, -0.674488782883, 4.73853874207], [-176.452835083, -176.074020386, 107.648452759, 40.9981536865, 40.7913627625, 32.4636497498, 45.5902366638, 47.1088180542, 70.5727920532, 124.616737366, 43.6590309143, 22.6257419586, -22.5057697296], [-297.66796875, 7.1368098259, -64.4387817383, 5.9731631279, -11.7348041534, 26.425983429, 23.7536697388, 13.8531990051, 25.3096942902, 43.6590309143, 97.6057891846, 24.0837974548, 16.2921638489], [21.8133544922, -102.65058136, 76.8679428101, 31.4762039185, 44.8763999939, 20.045747757, 16.1332511902, 18.9898509979, -0.674488782883, 22.6257419586, 24.0837974548, 86.6269226074, 20.8608627319], [-196.913375854, 65.5374221802, -125.457588196, -20.6364097595, -19.0913619995, -17.976940155, -23.3512763977, -2.37323570251, 4.73853874207, -22.5057697296, 16.2921638489, 20.8608627319, 89.1573638916]], "icov": [[9.0469897259e-05, -0.00010673617362, 0.000106496547232, -0.000110240493086, 0.000161264862982, -0.000145503887325, 0.000145447469549, -0.000181968847755, 0.000340744445566, -0.000315774115734, 0.000498937617522, -0.000376257608877, 0.000340098369634], [-0.00010673617362, 0.000961222802289, -7.13114641258e-05, 0.000238172535319, -0.00103593617678, 0.000633373798337, -0.000549506628886, 0.000615273660515, -0.000851183664054, 0.00195951480418, -0.0016369180521, 0.00161712418776, -0.000748565187678], [0.000106496547232, -7.13114641258e-05, 0.00150422565639, -0.000731709820684, -0.000653581926599, -0.000538039894309, 0.00104550481774, -0.00039097701665, 0.000768698810134, -0.00130355672445, 0.00164615688846, -0.00139630457852, 0.00190590368584], [-0.000110240493086, 0.000238172535319, -0.000731709820684, 0.00271336524747, -0.0008605105686, 5.59629825148e-06, -0.000172574014869, 0.000283521687379, -0.00154609850142, 0.00131335377228, -0.00133798026945, 0.000526579620782, -0.000505938834976], [0.000161264862982, -0.00103593617678, -0.000653581926599, -0.0008605105686, 0.00469027739018, -0.000554776110221, -0.00209951656871, -0.000257048697677, 0.00174396345392, -0.00252344598994, 0.00273905880749, -0.00222827447578, -0.000374282943085], [-0.000145503887325, 0.000633373798337, -0.000538039894309, 5.59629825148e-06, -0.000554776110221, 0.00541295250878, -0.002490776591, -0.00127917819191, 0.000906754052266, 0.00127222179435, -0.00265789427795, 0.00166934961453, -0.000888477894478], [0.000145447469549, -0.000549506628886, 0.00104550481774, -0.000172574014869, -0.00209951656871, -0.002490776591, 0.00785695854574, -0.00289707630873, -4.1611627239e-05, -0.00120345992036, 0.000451911968412, -0.0012749992311, 0.00309948320501], [-0.000181968847755, 0.000615273660515, -0.00039097701665, 0.000283521687379, -0.000257048697677, -0.00127917819191, -0.00289707630873, 0.0119551895186, -0.00642331456766, 0.00141631823499, -0.000140689473483, -0.000725582882296, -0.00119783601258], [0.000340744445566, -0.000851183664054, 0.000768698810134, -0.00154609850142, 0.00174396345392, 0.000906754052266, -4.1611627239e-05, -0.00642331456766, 0.01659180969, -0.0102333547547, 0.00278998445719, 0.00156303378753, -0.00186408939771], [-0.000315774115734, 0.00195951480418, -0.00130355672445, 0.00131335377228, -0.00252344598994, 0.00127222179435, -0.00120345992036, 0.00141631823499, -0.0102333547547, 0.021368149668, -0.0101725934073, 0.000334731681505, 0.00348891271278], [0.000498937617522, -0.0016369180521, 0.00164615688846, -0.00133798026945, 0.00273905880749, -0.00265789427795, 0.000451911968412, -0.000140689473483, 0.00278998445719, -0.0101725934073, 0.0195082481951, -0.0065783560276, -0.00026464270195], [-0.000376257608877, 0.00161712418776, -0.00139630457852, 0.000526579620782, -0.00222827447578, 0.00166934961453, -0.0012749992311, -0.000725582882296, 0.00156303378753, 0.000334731681505, -0.0065783560276, 0.0193713568151, -0.00768538983539], [0.000340098369634, -0.000748565187678, 0.00190590368584, -0.000505938834976, -0.000374282943085, -0.000888477894478, 0.00309948320501, -0.00119783601258, -0.00186408939771, 0.00348891271278, -0.00026464270195, -0.00768538983539, 0.0184292569757]], "mean": [-18.5958347321, 62.9093055725, -103.053962708, 38.6368331909, -53.2237205505, 14.022485733, -25.583190918, 5.13202095032, -21.8785743713, -0.232008323073, -15.1514444351, -3.30541849136, -12.7253484726]}, "melbands_spread": {"min": 0.173606723547, "max": 287.288665771, "dvar2": 522.147155762, "median": 20.5407314301, "dmean2": 16.829460144, "dmean": 10.7653064728, "var": 1035.07202148, "dvar": 245.948638916, "mean": 29.4039783478}, "spectral_energy": {"min": 1.06892826632e-20, "max": 0.222101390362, "dvar2": 0.002725164406, "median": 0.0238952096552, "dmean2": 0.030454384163, "dmean": 0.0184406898916, "var": 0.00118496757932, "dvar": 0.00107123993803, "mean": 0.0308354776353}, "mfcc": {"cov": [[13808.8027344, 958.145629883, -262.545410156, -140.874252319, -246.532440186, 12.2248382568, -52.8553619385, 97.923034668, -120.063720703, -100.204475403, -178.573654175, -111.535621643, -128.727127075], [958.145629883, 1905.33361816, -283.220550537, 154.709243774, 114.288642883, 50.397026062, 150.046813965, 50.1570663452, 42.9376411438, -71.6818008423, -69.6144104004, -28.8118019104, -48.120552063], [-262.545410156, -283.220550537, 898.770812988, 266.095977783, 262.471923828, 147.28276062, 59.0848808289, 41.3003234863, 39.5050964355, 2.51393461227, 58.9902877808, 36.494808197, 51.2440032959], [-140.874252319, 154.709243774, 266.095977783, 555.868469238, 247.632537842, 145.250305176, 100.37461853, 72.0045623779, 91.0725097656, 7.55056142807, 43.014175415, 53.2547454834, 52.3588142395], [-246.532440186, 114.288642883, 262.471923828, 247.632537842, 331.743255615, 142.354995728, 112.801856995, 61.6355781555, 76.4998245239, -4.92201805115, 12.7977933884, 32.0020599365, 43.5115394592], [12.2248382568, 50.397026062, 147.28276062, 145.250305176, 142.354995728, 256.503479004, 179.104156494, 98.9904098511, 56.2918968201, 36.8862571716, 56.681968689, 26.2614803314, 30.0263404846], [-52.8553619385, 150.046813965, 59.0848808289, 100.37461853, 112.801856995, 179.104156494, 265.367034912, 134.656692505, 65.8405914307, 32.3281021118, 59.3515167236, 30.8086166382, 24.5441017151], [97.923034668, 50.1570663452, 41.3003234863, 72.0045623779, 61.6355781555, 98.9904098511, 134.656692505, 163.09223938, 85.2695083618, 35.2120018005, 37.1310806274, 28.8993225098, 24.5718631744], [-120.063720703, 42.9376411438, 39.5050964355, 91.0725097656, 76.4998245239, 56.2918968201, 65.8405914307, 85.2695083618, 132.09602356, 57.185585022, 35.2782554626, 25.0195903778, 24.9060745239], [-100.204475403, -71.6818008423, 2.51393461227, 7.55056142807, -4.92201805115, 36.8862571716, 32.3281021118, 35.2120018005, 57.185585022, 130.673141479, 78.9928283691, 23.2381362915, 5.99817800522], [-178.573654175, -69.6144104004, 58.9902877808, 43.014175415, 12.7977933884, 56.681968689, 59.3515167236, 37.1310806274, 35.2782554626, 78.9928283691, 128.951721191, 54.1403236389, 19.8042144775], [-111.535621643, -28.8118019104, 36.494808197, 53.2547454834, 32.0020599365, 26.2614803314, 30.8086166382, 28.8993225098, 25.0195903778, 23.2381362915, 54.1403236389, 88.3563919067, 50.611000061], [-128.727127075, -48.120552063, 51.2440032959, 52.3588142395, 43.5115394592, 30.0263404846, 24.5441017151, 24.5718631744, 24.9060745239, 5.99817800522, 19.8042144775, 50.611000061, 91.4194869995]], "icov": [[8.16665196908e-05, -4.87010838697e-05, -1.57220947585e-05, -2.25757185035e-06, 8.66255941219e-05, -9.08865622478e-05, 0.000113319489174, -0.000192123945453, 0.000129446343635, -3.63621111319e-05, 0.000114456590381, -1.86966008187e-05, 6.1977749283e-05], [-4.87010838697e-05, 0.000707049795892, 0.000331797578838, -0.000223577400902, -0.000293970253551, 0.000193808285985, -0.00059966155095, 0.000296195270494, -0.000309830822516, 0.000375946779968, 0.000178580332431, -5.23759954376e-05, 0.000453357904917], [-1.57220947585e-05, 0.000331797578838, 0.00177476252429, -0.000351956376107, -0.00129545270465, -0.00039792386815, 0.000501014525071, -0.000214690851863, 0.000380039709853, 0.000517068838235, -0.00102064211387, 0.000537837157026, -0.000184380609426], [-2.25757185035e-06, -0.000223577400902, -0.000351956376107, 0.00304141663946, -0.00144436198752, -0.00070420576958, 0.000530061835889, 2.778165981e-05, -0.00103338283952, 0.000645465799607, -0.000594636774622, -0.000637041404843, -0.000175853972905], [8.66255941219e-05, -0.000293970253551, -0.00129545270465, -0.00144436198752, 0.00686449045315, -0.00174612086266, -0.00117866124492, 0.00143533851951, -0.00262007536367, 0.000838224950712, 0.00195552571677, -0.00103455933277, -0.00043448022916], [-9.08865622478e-05, 0.000193808285985, -0.00039792386815, -0.00070420576958, -0.00174612086266, 0.00930166151375, -0.00491474149749, -0.00073713803431, 0.00115915492643, -0.00126978766639, -0.00110971776303, 0.00161332683638, -0.000991222681478], [0.000113319489174, -0.00059966155095, 0.000501014525071, 0.000530061835889, -0.00117866124492, -0.00491474149749, 0.0108625376597, -0.00616720039397, 0.00130358128808, 0.00102095480543, -0.00274178339168, 0.000558570958674, 3.85843341064e-05], [-0.000192123945453, 0.000296195270494, -0.000214690851863, 2.778165981e-05, 0.00143533851951, -0.00073713803431, -0.00616720039397, 0.0151512222365, -0.00772219570354, 0.000806329364423, 0.00102576462086, -0.00181389751378, -3.49521142198e-05], [0.000129446343635, -0.000309830822516, 0.000380039709853, -0.00103338283952, -0.00262007536367, 0.00115915492643, 0.00130358128808, -0.00772219570354, 0.0165124665946, -0.00660659652203, 0.00112694280688, 0.00048453360796, -0.0015875864774], [-3.63621111319e-05, 0.000375946779968, 0.000517068838235, 0.000645465799607, 0.000838224950712, -0.00126978766639, 0.00102095480543, 0.000806329364423, -0.00660659652203, 0.0158859193325, -0.00938271731138, 0.00195703213103, 0.000721164338756], [0.000114456590381, 0.000178580332431, -0.00102064211387, -0.000594636774622, 0.00195552571677, -0.00110971776303, -0.00274178339168, 0.00102576462086, 0.00112694280688, -0.00938271731138, 0.0191093590111, -0.00988413952291, 0.00270289881155], [-1.86966008187e-05, -5.23759954376e-05, 0.000537837157026, -0.000637041404843, -0.00103455933277, 0.00161332683638, 0.000558570958674, -0.00181389751378, 0.00048453360796, 0.00195703213103, -0.00988413952291, 0.0232579670846, -0.010685544461], [6.1977749283e-05, 0.000453357904917, -0.000184380609426, -0.000175853972905, -0.00043448022916, -0.000991222681478, 3.85843341064e-05, -3.49521142198e-05, -0.0015875864774, 0.000721164338756, 0.00270289881155, -0.010685544461, 0.0177152790129]], "mean": [-662.418029785, 93.7119369507, 8.35279560089, 27.9337158203, 0.37337577343, 10.8928623199, 5.78836536407, 5.84337043762, 0.0516377463937, 4.69594621658, -0.216028347611, -0.356450438499, -3.05294108391]}, "spectral_contrast_valleys": {"min": [-26.8875579834, -27.667634964, -27.1585121155, -27.4014816284, -27.1982727051, -27.2042865753], "max": [-4.82001829147, -4.43152284622, -5.32590675354, -5.70366764069, -5.64199447632, -7.07301950455], "dvar2": [0.561088979244, 0.541343688965, 0.324791610241, 0.27198138833, 0.234857156873, 0.323959052563], "median": [-6.91861486435, -6.96591281891, -7.3150806427, -7.62750291824, -7.29247999191, -9.66825485229], "dmean2": [0.815433859825, 0.750989019871, 0.578759610653, 0.493667662144, 0.393560767174, 0.398684948683], "dmean": [0.491761207581, 0.473430335522, 0.382589906454, 0.334246248007, 0.281311422586, 0.329589575529], "var": [2.65954589844, 1.82349848747, 1.9835985899, 1.70324039459, 1.59065926075, 1.82717466354], "dvar": [0.243377074599, 0.2465364784, 0.163014352322, 0.146254271269, 0.135069638491, 0.201926469803], "mean": [-7.52561712265, -7.24808263779, -7.66056013107, -7.92727327347, -7.55844736099, -9.94881057739]}, "barkbands_flatness_db": {"min": 0.0147033203393, "max": 0.54364579916, "dvar2": 0.00212259287946, "median": 0.108143128455, "dmean2": 0.0458816848695, "dmean": 0.0289397481829, "var": 0.00456640264019, "dvar": 0.000902801577467, "mean": 0.124508440495}, "dynamic_complexity": 4.88387393951, "erbbands_flatness_db": {"min": 0.0245855692774, "max": 0.406619280577, "dvar2": 0.000705361308064, "median": 0.119418866932, "dmean2": 0.0244032014161, "dmean": 0.0172204561532, "var": 0.00260034669191, "dvar": 0.000354999181582, "mean": 0.13000433147}, "hfc": {"min": 1.14471407389e-16, "max": 403.926940918, "dvar2": 365.708