{"lowlevel": {"spectral_complexity": {"min": 0, "max": 63, "dvar2": 53.0579147339, "median": 9, "dmean2": 5.15921068192, "dmean": 3.61623620987, "var": 155.148864746, "dvar": 31.6018829346, "mean": 12.9628009796}, "silence_rate_20dB": {"min": 1, "max": 1, "dvar2": 0, "median": 1, "dmean2": 0, "dmean": 0, "var": 0, "dvar": 0, "mean": 1}, "average_loudness": 0.936184763908, "erbbands_spread": {"min": 2.84513902664, "max": 184.784332275, "dvar2": 555.88293457, "median": 52.8955001831, "dmean2": 20.9140949249, "dmean": 13.5449380875, "var": 641.994750977, "dvar": 246.803604126, "mean": 55.1422195435}, "spectral_kurtosis": {"min": -1.24912512302, "max": 32.0178451538, "dvar2": 4.32249546051, "median": 2.62223958969, "dmean2": 1.63709902763, "dmean": 1.038662076, "var": 5.19461297989, "dvar": 1.80092513561, "mean": 3.07010865211}, "barkbands_kurtosis": {"min": -1.97339260578, "max": 276.641387939, "dvar2": 454.695617676, "median": 3.67706823349, "dmean2": 11.4292001724, "dmean": 7.33988428116, "var": 424.133178711, "dvar": 201.303405762, "mean": 11.1569337845}, "spectral_strongpeak": {"min": 0.000679463671986, "max": 12.2724552155, "dvar2": 0.723780572414, "median": 0.308997809887, "dmean2": 0.541976869106, "dmean": 0.322213619947, "var": 0.391422182322, "dvar": 0.275923937559, "mean": 0.500662684441}, "spectral_spread": {"min": 1811810.25, "max": 14571490, "dvar2": 2151562346500.0, "median": 5731209, "dmean2": 1195841, "dmean": 804438.125, "var": 3401382887420.0, "dvar": 1062228525060.0, "mean": 5998500.5}, "spectral_rms": {"min": 1.01233172245e-05, "max": 0.0120165329427, "dvar2": 3.09253073283e-06, "median": 0.00381967169233, "dmean2": 0.00144620030187, "dmean": 0.000961682933848, "var": 4.79714435642e-06, "dvar": 1.58199395628e-06, "mean": 0.00393538642675}, "erbbands": {"min": [8.13827316648e-09, 5.26407468726e-08, 1.58959139185e-07, 3.55567294719e-07, 5.25653467776e-06, 1.68621063494e-05, 1.25835249492e-05, 6.85668419464e-06, 3.68889523088e-05, 6.30940267001e-05, 7.73244937591e-06, 8.24660037324e-06, 3.69569352188e-06, 4.06313347412e-06, 3.28825603901e-06, 2.99427165373e-06, 6.05318973612e-06, 3.82921234632e-06, 2.92216827802e-06, 6.25716756986e-06, 7.37722939448e-06, 6.70181407258e-06, 6.11156792729e-06, 7.76567503635e-06, 6.74057082506e-06, 1.3133804714e-05, 2.60461256403e-05, 3.84140657843e-05, 1.8795930373e-05, 1.41798409459e-05, 1.64832890732e-05, 6.88317277309e-06, 3.96608857045e-06, 2.41299153458e-06, 1.97520898837e-06, 8.0878908193e-07, 5.79243305765e-07, 3.90824652641e-07, 4.46098020745e-08, 4.1233376713e-09], "max": [0.657225728035, 9.47260189056, 63.0674972534, 197.799819946, 274.646179199, 196.178421021, 180.44291687, 448.555053711, 526.431945801, 418.125915527, 379.59777832, 449.253936768, 463.059082031, 258.642089844, 635.31036377, 408.49786377, 385.380249023, 819.765258789, 470.553344727, 370.953125, 280.86227417, 316.593719482, 481.671234131, 1069.38305664, 767.049194336, 448.5859375, 377.826080322, 496.442626953, 654.362243652, 574.27557373, 239.922927856, 316.513366699, 227.201263428, 88.9899902344, 23.9223957062, 7.18558263779, 1.4879181385, 0.429943352938, 0.0471436977386, 0.00247350032441], "dvar2": [0.00790456496179, 1.56457555294, 52.3372154236, 793.067871094, 951.670532227, 931.629516602, 205.474822998, 1715.31079102, 2718.88623047, 1863.86364746, 2803.08300781, 1038.24194336, 1164.83728027, 275.130279541, 1055.59863281, 407.345031738, 195.078216553, 1284.23193359, 528.020629883, 460.244049072, 1128.0604248, 330.62121582, 663.230529785, 1181.26513672, 1429.50915527, 622.719726562, 624.951904297, 1274.94091797, 1089.14282227, 510.673919678, 209.214447021, 220.114105225, 113.873924255, 23.1154403687, 3.23239684105, 0.212461978197, 0.00930841080844, 0.000622013409156, 7.18414366929e-06, 2.0280026547e-08], "median": [0.0249689854681, 0.329893112183, 1.60894966125, 3.40975642204, 3.96183395386, 3.64564943314, 2.9462018013, 4.42454099655, 3.10586476326, 3.37623167038, 3.78453707695, 2.50459766388, 2.32082843781, 1.83771085739, 2.03361797333, 1.94640827179, 1.74449360371, 2.61245179176, 3.16246342659, 4.04788303375, 4.05701446533, 3.09467291832, 2.17859339714, 2.449239254, 2.52445936203, 2.49582386017, 2.10647892952, 2.09175920486, 1.81910133362, 1.3588514328, 1.11151325703, 0.970039188862, 0.785775542259, 0.453660190105, 0.214905038476, 0.0667057186365, 0.0141954105347, 0.00227808649652, 0.000256637285929, 3.96187169827e-05], "dmean2": [0.0556101612747, 0.769416928291, 4.23348236084, 14.6432352066, 15.1356258392, 14.4630804062, 7.85637664795, 18.8147640228, 18.5488700867, 17.5909767151, 21.6339740753, 14.0074834824, 13.1552152634, 7.56851148605, 11.795507431, 7.79977607727, 5.99268007278, 14.9419717789, 12.0084323883, 10.7812290192, 13.4319000244, 8.18442726135, 9.36886787415, 11.7265710831, 11.9967556, 9.36234951019, 9.15153694153, 12.4443416595, 10.4764032364, 7.75306797028, 6.7877573967, 6.64415931702, 4.73583841324, 2.4757437706, 0.949197649956, 0.248130664229, 0.0448091067374, 0.0105241090059, 0.00114900176413, 6.39794816379e-05], "dmean": [0.0336315892637, 0.46200555563, 2.59499716759, 9.05172252655, 9.27105808258, 8.55733108521, 4.94875001907, 11.8729877472, 11.3645343781, 11.0550022125, 13.4907569885, 8.83032798767, 8.31534576416, 4.86915922165, 7.76376771927, 5.096596241, 3.92486786842, 9.57023048401, 7.53606510162, 7.05533409119, 8.63056468964, 5.29727268219, 5.62437868118, 7.20506429672, 7.37853574753, 5.9357380867, 5.83839273453, 7.79642724991, 6.85729837418, 5.16817808151, 4.5574669838, 4.4239025116, 3.06208610535, 1.59952950478, 0.611041545868, 0.161043360829, 0.0297277066857, 0.00675744749606, 0.00073368154699, 4.25832076871e-05], "var": [0.00570824788883, 0.777380466461, 26.6072616577, 465.203338623, 447.172332764, 327.372619629, 119.463249207, 877.726196289, 1126.56469727, 1055.92016602, 1274.57727051, 726.534912109, 1019.17419434, 229.753204346, 1191.08044434, 409.312988281, 225.610076904, 1512.21655273, 437.90234375, 521.552001953, 724.96484375, 328.496795654, 360.867126465, 766.895690918, 939.004211426, 487.332794189, 386.666107178, 738.461791992, 833.384216309, 420.26965332, 228.344055176, 258.018615723, 104.43132782, 16.672908783, 2.27173662186, 0.236576348543, 0.0106441006064, 0.000902471074369, 1.10249347927e-05, 2.66845869845e-08], "dvar": [0.00304081081413, 0.600932002068, 20.6068611145, 384.411590576, 420.523651123, 357.308502197, 83.6621856689, 708.270263672, 1165.59631348, 802.490478516, 1122.0369873, 424.878936768, 494.957336426, 121.250312805, 455.708953857, 193.258361816, 96.2351989746, 577.408508301, 230.646240234, 206.587814331, 453.739257812, 143.193862915, 257.372192383, 468.550048828, 597.303833008, 266.621704102, 255.765396118, 515.659484863, 488.815307617, 234.382141113, 103.626739502, 110.437599182, 51.8866004944, 10.0893688202, 1.35952603817, 0.093156799674, 0.00402305368334, 0.000252079044003, 2.8805529837e-06, 8.29580759643e-09], "mean": [0.0559061728418, 0.657203495502, 3.46131038666, 10.6930160522, 10.6448087692, 9.64954566956, 7.05804014206, 15.5798006058, 12.2931165695, 14.8341722488, 17.0875759125, 12.9154567719, 12.6195831299, 7.52682733536, 12.9557981491, 8.00734519958, 6.49822330475, 14.9175405502, 11.808011055, 12.7823610306, 14.3513650894, 10.0792665482, 8.84772014618, 11.3687801361, 11.2404642105, 9.88259506226, 9.27452659607, 11.5774774551, 11.7628450394, 8.5715265274, 7.19899511337, 6.71742391586, 4.17174339294, 2.09268951416, 0.893835604191, 0.285851746798, 0.05992320925, 0.0144959613681, 0.00159495824482, 0.000100136559922]}, "zerocrossingrate": {"min": 0.00390625, "max": 0.388671875, "dvar2": 0.000283771165414, "median": 0.06201171875, "dmean2": 0.0160058643669, "dmean": 0.0144723411649, "var": 0.0020268696826, "dvar": 0.000262813206064, "mean": 0.0709891840816}, "spectral_contrast_coeffs": {"min": [-0.894197404385, -0.933018863201, -0.938201248646, -0.934977650642, -0.943588495255, -0.911562502384], "max": [-0.285732984543, -0.45087647438, -0.466320455074, -0.539461433887, -0.604370415211, -0.554027199745], "dvar2": [0.00654836837202, 0.0040354449302, 0.00218553771265, 0.0015901728766, 0.000797700253315, 0.000846716749948], "median": [-0.630624711514, -0.757996320724, -0.821295619011, -0.821985960007, -0.827378749847, -0.786929726601], "dmean2": [0.103355899453, 0.080104611814, 0.0589919090271, 0.0474061258137, 0.0327200628817, 0.0309006627649], "dmean": [0.0628035292029, 0.0489301197231, 0.0364629104733, 0.0295972377062, 0.0207640696317, 0.0203741565347], "var": [0.00715229241177, 0.00629111751914, 0.00430701486766, 0.00278420443647, 0.00151854334399, 0.00175489450339], "dvar": [0.0025739823468, 0.00160982692614, 0.000934592506383, 0.000696026952937, 0.000359765428584, 0.000413271976868], "mean": [-0.621360838413, -0.754261434078, -0.80706012249, -0.813570380211, -0.822065770626, -0.78556406498]}, "dissonance": {"min": 0.266186952591, "max": 0.500000119209, "dvar2": 0.000673593312968, "median": 0.475167870522, "dmean2": 0.0273880008608, "dmean": 0.0163181163371, "var": 0.000527399417479, "dvar": 0.000250418117503, "mean": 0.469470739365}, "spectral_energyband_high": {"min": 4.49245440848e-09, "max": 0.0370689071715, "dvar2": 7.20604339222e-06, "median": 0.000331902236212, "dmean2": 0.00119035004172, "dmean": 0.000813975406345, "var": 7.15097257853e-06, "dvar": 3.32128479386e-06, "mean": 0.00143289309926}, "spectral_skewness": {"min": -0.423444777727, "max": 4.55727720261, "dvar2": 0.111376516521, "median": 1.39141201973, "dmean2": 0.310098081827, "dmean": 0.20342899859, "var": 0.204445123672, "dvar": 0.0514332391322, "mean": 1.39465212822}, "spectral_flux": {"min": 0.000298452621792, "max": 0.355734407902, "dvar2": 0.00417881971225, "median": 0.0716360583901, "dmean2": 0.0474545024335, "dmean": 0.0289421696216, "var": 0.00290566752665, "dvar": 0.00158708309755, "mean": 0.0800031796098}, "silence_rate_30dB": {"min": 0, "max": 1, "dvar2": 0.00450857263058, "median": 1, "dmean2": 0.00301250186749, "dmean": 0.00150613754522, "var": 0.000752561434638, "dvar": 0.00150358653627, "mean": 0.999247014523}, "spectral_energyband_middle_high": {"min": 1.30635013917e-09, "max": 0.028363360092, "dvar2": 1.03032807601e-05, "median": 0.000871751923114, "dmean2": 0.00141974480357, "dmean": 0.000977960182354, "var": 1.24650478028e-05, "dvar": 4.48050650448e-06, "mean": 0.00230952864513}, "barkbands_spread": {"min": 0.261608719826, "max": 114.383728027, "dvar2": 223.1484375, "median": 21.0284881592, "dmean2": 12.2775411606, "dmean": 7.90670967102, "var": 321.600860596, "dvar": 101.752578735, "mean": 24.6376838684}, "spectral_centroid": {"min": 123.870895386, "max": 5989.08251953, "dvar2": 271966.5625, "median": 1087.6796875, "dmean2": 474.376037598, "dmean": 313.728607178, "var": 604389.1875, "dvar": 139025.453125, "mean": 1239.26464844}, "pitch_salience": {"min": 0.0903357416391, "max": 0.943752288818, "dvar2": 0.0147691704333, "median": 0.593014121056, "dmean2": 0.138926491141, "dmean": 0.08528342098, "var": 0.0193371102214, "dvar": 0.00621917610988, "mean": 0.577681362629}, "erbbands_skewness": {"min": -4.96272325516, "max": 9.97428035736, "dvar2": 0.574787259102, "median": 0.354361057281, "dmean2": 0.694581747055, "dmean": 0.465710550547, "var": 1.00027287006, "dvar": 0.274694263935, "mean": 0.397492080927}, "erbbands_crest": {"min": 2.29618024826, "max": 27.1599826813, "dvar2": 14.7160081863, "median": 6.98055744171, "dmean2": 4.19190597534, "dmean": 2.54091906548, "var": 15.9952850342, "dvar": 6.3624048233, "mean": 7.91745471954}, "melbands": {"min": [7.20923459818e-11, 8.08072914138e-11, 1.15389531263e-10, 9.058892525e-10, 6.6524730169e-10, 1.33062783014e-10, 7.21711301832e-10, 5.67345947999e-10, 1.764386727e-11, 4.44072383032e-11, 1.56281324687e-11, 1.51628327949e-11, 1.26179275362e-11, 6.73028559967e-12, 7.71669794036e-12, 1.59330847127e-11, 5.52182171515e-12, 5.43942972261e-12, 3.60099732151e-12, 1.10512102941e-11, 7.52908759644e-12, 5.89644522445e-12, 5.76721786646e-12, 3.92466397922e-12, 6.80699290337e-12, 5.35820953579e-12, 4.2850063775e-12, 9.24255030149e-12, 1.30073174454e-11, 2.04217528305e-11, 2.13101602337e-11, 1.21646581697e-11, 7.90769359715e-12, 6.78001318283e-12, 1.00284260063e-11, 5.34879909461e-12, 3.70225638341e-12, 2.68704741617e-12, 2.13828499178e-12, 2.03884175168e-12], "max": [0.0066963462159, 0.0236087962985, 0.0338014774024, 0.015228128992, 0.00482104858384, 0.00920790806413, 0.00778225855902, 0.00435767322779, 0.0029470550362, 0.00291117024608, 0.00229816464707, 0.000961894518696, 0.00172321824357, 0.0015034575481, 0.000658812874462, 0.00119428953622, 0.00186521443538, 0.00087695021648, 0.000629157526419, 0.000752672203816, 0.000442401709734, 0.000424305151682, 0.000421868520789, 0.000673135335092, 0.000959179538768, 0.000891883100849, 0.000574070669245, 0.000311297015287, 0.000239043816691, 0.000313360389555, 0.000286788592348, 0.00044407180394, 0.000411897781305, 0.000265154551016, 0.00016474770382, 0.000162063588505, 0.00024777566432, 0.000161177784321, 0.000138372357469, 5.56612576474e-05], "dvar2": [9.37557899761e-07, 7.99033205112e-06, 2.13963630813e-05, 4.0781910684e-06, 3.46167894349e-07, 7.17788338989e-07, 5.82620259593e-07, 2.58848075418e-07, 1.34698126431e-07, 4.62963214432e-08, 2.94310655846e-08, 5.14977172017e-09, 8.56806625649e-09, 6.68824640115e-09, 1.54307389089e-09, 1.42174361173e-09, 6.06223515831e-09, 1.86293780402e-09, 1.43642397976e-09, 9.17609488393e-10, 1.91900073609e-09, 4.89753626542e-10, 4.79969286538e-10, 6.84678702623e-10, 9.12306064027e-10, 9.62863344611e-10, 8.36813895955e-10, 2.37773745138e-10, 2.08885270192e-10, 4.89129181602e-10, 4.97548391376e-10, 3.72783109936e-10, 3.19158588447e-10, 1.41516007246e-10, 7.77904199389e-11, 8.83390791073e-11, 9.74065134107e-11, 7.86891177218e-11, 3.76106472355e-11, 1.22663702112e-11], "median": [0.000308142218273, 0.000822347996291, 0.000642691622488, 0.000291983218631, 0.000123036355944, 0.000105733241071, 4.06565595767e-05, 3.83794904337e-05, 2.85542373604e-05, 1.43899933391e-05, 1.05798844743e-05, 6.23542018729e-06, 6.28733414487e-06, 5.28315149495e-06, 3.81170912078e-06, 3.52056690645e-06, 4.81717688672e-06, 4.44613215222e-06, 5.44077192899e-06, 4.47478123533e-06, 4.45896148449e-06, 3.0403036817e-06, 2.13204111787e-06, 1.5998004983e-06, 1.96287919607e-06, 1.79321818905e-06, 1.70305338543e-06, 1.5710839989e-06, 1.30182513658e-06, 1.17180763937e-06, 1.17194917948e-06, 1.01204898328e-06, 8.96820438356e-07, 6.67314793645e-07, 6.1654543515e-07, 5.81549613798e-07, 5.72747865135e-07, 5.38763117675e-07, 4.71711416594e-07, 3.27377307485e-07], "dmean2": [0.000623915228061, 0.00170821126085, 0.00236361543648, 0.0010630156612, 0.000319615995977, 0.000396301533328, 0.000268689560471, 0.000220698027988, 0.000154361041496, 9.2732560006e-05, 6.63636747049e-05, 3.23920539813e-05, 3.54922522092e-05, 3.12280317303e-05, 1.5298350263e-05, 1.56830101332e-05, 3.1814299291e-05, 2.11781407415e-05, 1.88206813618e-05, 1.44019231811e-05, 1.71180690813e-05, 9.60330271482e-06, 8.48574563861e-06, 9.01607927517e-06, 1.05270619315e-05, 8.85829649633e-06, 9.5800469353e-06, 5.98093402004e-06, 5.60071930522e-06, 7.13066174285e-06, 7.9914689195e-06, 6.27047893431e-06, 5.61531714993e-06, 4.21912045567e-06, 4.05549008065e-06, 4.33969444202e-06, 4.29008605352e-06, 3.94347853216e-06, 2.70058103524e-06, 1.84737780273e-06], "dmean": [0.000379721692298, 0.00105161149986, 0.00147091120016, 0.000639115867671, 0.000198166322662, 0.000250074546784, 0.000164908546139, 0.000139400188345, 9.60875113378e-05, 5.82538596063e-05, 4.1847149987e-05, 2.04206262424e-05, 2.30089008255e-05, 2.08579858736e-05, 9.52509071794e-06, 1.0442346138e-05, 2.01644652407e-05, 1.31801516545e-05, 1.20995227917e-05, 9.43552004173e-06, 1.08118756543e-05, 6.16780243945e-06, 5.12479482495e-06, 5.40998735232e-06, 6.41243968857e-06, 5.45706916455e-06, 5.73425541006e-06, 3.80125879929e-06, 3.57285375685e-06, 4.28266775998e-06, 4.99522684549e-06, 4.06150411436e-06, 3.63370941159e-06, 2.79937671621e-06, 2.69167185252e-06, 2.88833621198e-06, 2.76585478787e-06, 2.49009599429e-06, 1.73744888343e-06, 1.178961611e-06], "var": [6.05904233453e-07, 4.35399851995e-06, 1.3161615243e-05, 1.64731079622e-06, 1.79290609026e-07, 3.81599392085e-07, 2.44719018383e-07, 1.5639842843e-07, 6.27274729936e-08, 3.52718672048e-08, 2.51750176261e-08, 3.82782827657e-09, 9.3561629555e-09, 8.48778380913e-09, 8.80402584169e-10, 1.9145927066e-09, 6.90224188915e-09, 1.34983524358e-09, 1.2942302785e-09, 1.07237674296e-09, 1.10217912574e-09, 4.07073763586e-10, 2.9758800979e-10, 3.43864436925e-10, 5.78458336786e-10, 5.83812165278e-10, 4.46271436472e-10, 1.85623558191e-10, 1.4012267735e-10, 1.99145436253e-10, 2.96678875911e-10, 2.82687984132e-10, 2.18653692374e-10, 1.12133212438e-10, 7.46813513808e-11, 9.49824524588e-11, 1.0031727532e-10, 6.12004058542e-11, 2.95933347272e-11, 8.08546372216e-12], "dvar": [3.69232481034e-07, 3.14152157443e-06, 1.06648885776e-05, 1.63576316936e-06, 1.42762658584e-07, 2.99838916362e-07, 2.52126142186e-07, 1.11036143835e-07, 5.38772724212e-08, 1.89772340065e-08, 1.24411734248e-08, 2.21488449803e-09, 3.69044395043e-09, 3.40909633856e-09, 6.45951847567e-10, 7.72991393116e-10, 2.72007150137e-09, 8.1786266648e-10, 6.52997933503e-10, 4.19283247011e-10, 7.5709088998e-10, 2.04576175444e-10, 1.86409068736e-10, 2.6698562805e-10, 3.61587870756e-10, 4.03629601964e-10, 3.24118371031e-10, 1.02139123548e-10, 8.7008102112e-11, 1.82886039646e-10, 2.02826630491e-10, 1.67933444928e-10, 1.3898639184e-10, 6.37396108116e-11, 3.70503211444e-11, 4.35300129276e-11, 4.65325000754e-11, 3.40194469817e-11, 1.67834739162e-11, 5.26206942603e-12], "mean": [0.000599512364715, 0.00153390748892, 0.0018358550733, 0.00074346002657, 0.000273899873719, 0.000336909579346, 0.000177210822585, 0.000188346835785, 0.000123900434119, 8.56383267092e-05, 6.22650259174e-05, 2.90289717668e-05, 3.77782489522e-05, 3.27570742229e-05, 1.29840545924e-05, 1.62709384313e-05, 2.9907147109e-05, 1.83829815796e-05, 1.88335907296e-05, 1.67005237017e-05, 1.66602294485e-05, 1.05592253021e-05, 8.4439470811e-06, 7.56246708988e-06, 9.5252007668e-06, 8.16487317934e-06, 7.97639495431e-06, 6.21472827333e-06, 5.71722603127e-06, 5.64905712963e-06, 7.31057571102e-06, 6.74287048241e-06, 5.96418112764e-06, 4.28659177487e-06, 4.03581952924e-06, 4.33147033618e-06, 3.9791098061e-06, 3.15110560223e-06, 2.28264957514e-06, 1.52155109845e-06]}, "spectral_entropy": {"min": 4.35781955719, "max": 8.89091300964, "dvar2": 0.124692574143, "median": 7.80265045166, "dmean2": 0.303214371204, "dmean": 0.200101718307, "var": 0.227493941784, "dvar": 0.0593642108142, "mean": 7.73300170898}, "spectral_rolloff": {"min": 86.1328125, "max": 12683.0566406, "dvar2": 3277419, "median": 753.662109375, "dmean2": 1097.33862305, "dmean": 672.198913574, "var": 3709284, "dvar": 1504736.75, "mean": 1619.12512207}, "barkbands": {"min": [7.09411175637e-12, 2.47576487089e-10, 1.60245788861e-10, 8.40351677134e-11, 4.65408955819e-09, 6.18788020823e-10, 4.55486448558e-09, 6.20227758041e-11, 3.1037472592e-10, 5.75810163439e-11, 1.0691304092e-10, 6.47479847515e-11, 1.30146254884e-10, 6.06089622934e-11, 4.26061928793e-11, 1.39152606105e-10, 1.09022312011e-10, 9.43754518978e-11, 1.52350770888e-10, 2.53636778247e-10, 1.20084420185e-09, 5.66213187447e-10, 5.00033070505e-10, 2.47058457026e-10, 2.42441677845e-10, 2.73143008211e-10, 3.81007919659e-10], "max": [0.000653397990391, 0.0330248326063, 0.0765372216702, 0.0921679362655, 0.0533098205924, 0.0383017621934, 0.0365155860782, 0.0210305973887, 0.0173904038966, 0.0115027930588, 0.0123419985175, 0.0100684631616, 0.00864655990154, 0.0158308148384, 0.00678342068568, 0.00750092882663, 0.00587019370869, 0.010056196712, 0.0199217442423, 0.00985534489155, 0.0111784664914, 0.0182412303984, 0.00904814619571, 0.0103261368349, 0.00441800849512, 0.0010321381269, 0.000311100127874], "dvar2": [8.07898814514e-09, 2.03983636311e-05, 6.83111575199e-05, 0.000156358379172, 5.55441147299e-05, 1.2328028788e-05, 1.27473713292e-05, 7.54642860556e-06, 2.01510351872e-06, 6.80687605836e-07, 4.60034215166e-07, 4.37128164776e-07, 1.31190901698e-07, 6.02978332154e-07, 2.19402522816e-07, 3.04491464931e-07, 1.39078665029e-07, 2.90811499326e-07, 5.34172613698e-07, 3.39813595929e-07, 6.23161156454e-07, 7.72513828906e-07, 2.73266095974e-07, 3.91450498682e-07, 1.09296564688e-07, 4.38373026768e-09, 2.64001737138e-10], "median": [9.04180797079e-06, 0.00137609080411, 0.00156367430463, 0.00104599411134, 0.00116898189299, 0.000539194326848, 0.00013882573694, 0.000175305787707, 0.000104171107523, 5.79389525228e-05, 4.34886351286e-05, 4.52891836176e-05, 3.30246293743e-05, 5.12219121447e-05, 6.87797873979e-05, 7.05917336745e-05, 5.15590654686e-05, 3.4307668102e-05, 5.01847753185e-05, 5.21575129824e-05, 5.12347505719e-05, 5.05017960677e-05, 4.03620651923e-05, 4.82432587887e-05, 3.65995911125e-05, 1.0243478755e-05, 1.39331439186e-06], "dmean2": [3.91090361518e-05, 0.00283719250001, 0.0048542348668, 0.00594242056832, 0.00395440822467, 0.00177030614577, 0.00118491961621, 0.00118315638974, 0.000629782443866, 0.000333164585754, 0.000255362159805, 0.000254856218817, 0.000146281134221, 0.000331005692715, 0.000238297827309, 0.000236088759266, 0.000160909912665, 0.000196566004888, 0.000239226967096, 0.00021642819047, 0.000274418911431, 0.000287628557999, 0.000235558458371, 0.000294660247164, 0.000177483918378, 3.30307921104e-05, 6.75121100358e-06], "dmean": [2.3887892894e-05, 0.00170625781175, 0.00298483925872, 0.00361089291982, 0.00235989969224, 0.00111659488175, 0.000733201333787, 0.00074242282426, 0.000394799688365, 0.00020692119142, 0.0001612562628, 0.000167941427208, 9.44956555031e-05, 0.000204936484806, 0.000151676838868, 0.000152680193423, 0.000102143945696, 0.000117328672786, 0.000146781589137, 0.000135785725433, 0.000170659870491, 0.000188775768038, 0.0001586421713, 0.00019359397993, 0.000113824222353, 2.19149296754e-05, 4.31831858805e-06], "var": [5.19201437399e-09, 1.106693162e-05, 3.65051746485e-05, 8.48283088999e-05, 2.1580948669e-05, 7.0462133408e-06, 5.34539731234e-06, 4.07979314332e-06, 1.59187436566e-06, 4.62863965822e-07, 4.16424256855e-07, 4.45816397132e-07, 1.40861047271e-07, 5.82219911394e-07, 1.93301772811e-07, 2.32831780522e-07, 1.130682179e-07, 1.42059079167e-07, 3.67228210507e-07, 2.40737335844e-07, 3.44340634229e-07, 5.97705650307e-07, 2.94263458045e-07, 4.6577554258e-07, 7.4559338259e-08, 5.57196511153e-09, 4.4466974547e-10], "dvar": [2.85887025164e-09, 7.97636494099e-06, 2.80863732769e-05, 7.57288798923e-05, 2.18994446186e-05, 5.14448765898e-06, 5.55488850296e-06, 3.083295951e-06, 8.29793123103e-07, 2.84742867507e-07, 1.93979062146e-07, 2.16514337126e-07, 6.56086527329e-08, 2.60541895614e-07, 9.77307479388e-08, 1.26809112544e-07, 5.68398164091e-08, 1.11600876096e-07, 2.23193879378e-07, 1.42456869412e-07, 2.47348680205e-07, 3.4985330899e-07, 1.34049557232e-07, 1.9394437345e-07, 4.64086937768e-08, 1.90568227865e-09, 1.06564986002e-10], "mean": [3.75936797354e-05, 0.00251288549043, 0.00388175016269, 0.00387687794864, 0.00278059067205, 0.00157946546096, 0.000749968690798, 0.000970862922259, 0.000590772775467, 0.000279710802715, 0.000243089481955, 0.000243428905378, 0.00014221946185, 0.000294563185889, 0.000238508800976, 0.000255338120041, 0.000178512869752, 0.000162335461937, 0.000230023142649, 0.000217978435103, 0.000258581421804, 0.000319363258313, 0.000253977719694, 0.000284322246443, 0.000155132685904, 4.37725502707e-05, 9.67914911598e-06]}, "melbands_flatness_db": {"min": 0.0152024896815, "max": 0.622390985489, "dvar2": 0.00246635288931, "median": 0.197194382548, "dmean2": 0.0491503961384, "dmean": 0.0329939760268, "var": 0.00763705093414, "dvar": 0.00126060505863, "mean": 0.203568071127}, "melbands_skewness": {"min": -2.91618394852, "max": 19.9963665009, "dvar2": 3.86746501923, "median": 3.34983110428, "dmean2": 1.83373463154, "dmean": 1.20147430897, "var": 6.83395385742, "dvar": 1.78692448139, "mean": 4.04067516327}, "barkbands_skewness": {"min": -4.63042116165, "max": 13.1660699844, "dvar2": 1.78849577904, "median": 1.94740366936, "dmean2": 1.25834429264, "dmean": 0.841985821724, "var": 3.55360031128, "dvar": 0.869856894016, "mean": 2.34716272354}, "silence_rate_60dB": {"min": 0, "max": 1, "dvar2": 0.0357668325305, "median": 0, "dmean2": 0.0313300192356, "dmean": 0.0156638305634, "var": 0.12214358896, "dvar": 0.0154173970222, "mean": 0.142469882965}, "spectral_energyband_low": {"min": 4.72192063228e-10, "max": 0.0994167551398, "dvar2": 0.000197782210307, "median": 0.00465715676546, "dmean2": 0.00874259229749, "dmean": 0.0055762832053, "var": 0.000140037940582, "dvar": 8.99012375157e-05, "mean": 0.00880887359381}, "spectral_energyband_middle_low": {"min": 1.15387592814e-08, "max": 0.132005900145, "dvar2": 0.000381809368264, "median": 0.00609201798216, "dmean2": 0.01115302369, "dmean": 0.00703142955899, "var": 0.000233443381148, "dvar": 0.000182653879165, "mean": 0.0106712477282}, "melbands_kurtosis": {"min": -1.91715252399, "max": 668.726501465, "dvar2": 2425.07421875, "median": 15.2319965363, "dmean2": 30.662940979, "dmean": 19.7461490631, "var": 2582.57104492, "dvar": 1078.11804199, "mean": 35.4999008179}, "spectral_decrease": {"min": -3.83080802635e-08, "max": -6.72775611873e-15, "dvar2": 3.71134334895e-17, "median": -3.60886609485e-09, "dmean2": 4.00994082383e-09, "dmean": 2.58180654633e-09, "var": 2.84867867335e-17, "dvar": 1.79413406911e-17, "mean": -5.06741759665e-09}, "erbbands_kurtosis": {"min": -1.87813746929, "max": 123.569946289, "dvar2": 28.6132488251, "median": -0.408549070358, "dmean2": 2.03616976738, "dmean": 1.27988958359, "var": 13.3317909241, "dvar": 11.2198429108, "mean": 0.554336547852}, "melbands_crest": {"min": 2.89213657379, "max": 31.4794940948, "dvar2": 24.7201004028, "median": 13.4580936432, "dmean2": 5.99727153778, "dmean": 3.63873195648, "var": 29.1941013336, "dvar": 10.0809268951, "mean": 14.0864601135}, "gfcc": {"cov": [[10543.4130859, -1248.66967773, 54.9426193237, 635.80480957, -667.924255371, 507.816894531, -354.176361084, 300.535003662, -101.215713501, 46.9806404114, -111.120613098, -7.13241291046, -93.721786499], [-1248.66967773, 1190.53930664, 38.6697807312, 68.5443191528, 319.549743652, -5.97640562057, 123.608688354, -59.7792549133, 62.4992828369, -78.973197937, 50.5335121155, -110.638252258, 65.4664916992], [54.9426193237, 38.6697807312, 966.312683105, 243.038299561, 62.8747367859, 157.418289185, -25.274225235, 52.0956077576, -26.4213180542, -11.382724762, -11.0534725189, -87.7428817749, -20.2222805023], [635.80480957, 68.5443191528, 243.038299561, 627.876220703, 85.0210571289, 188.570144653, -30.1262950897, 28.6247692108, 42.6611595154, -32.6517105103, -6.25398826599, -89.9113769531, 2.25290369987], [-667.924255371, 319.549743652, 62.8747367859, 85.0210571289, 462.309387207, 79.6332473755, 54.5560760498, 9.94353866577, 54.2485122681, 17.2104988098, 2.62255692482, -39.6146354675, 31.8618526459], [507.816894531, -5.97640562057, 157.418289185, 188.570144653, 79.6332473755, 277.679473877, 20.4903507233, 32.563911438, -3.59342765808, 1.02817523479, -0.196347534657, -68.7147750854, -13.8089437485], [-354.176361084, 123.608688354, -25.274225235, -30.1262950897, 54.5560760498, 20.4903507233, 161.873260498, 32.5254249573, 12.6003322601, 10.273522377, 20.8774490356, 6.40198230743, -14.7348136902], [300.535003662, -59.7792549133, 52.0956077576, 28.6247692108, 9.94353866577, 32.563911438, 32.5254249573, 113.405921936, 37.3086585999, 14.2449636459, -4.0726146698, 12.6037931442, 0.607509553432], [-101.215713501, 62.4992828369, -26.4213180542, 42.6611595154, 54.2485122681, -3.59342765808, 12.6003322601, 37.3086585999, 97.6055145264, 28.4743442535, 7.86281490326, 11.9646253586, 19.4564361572], [46.9806404114, -78.973197937, -11.382724762, -32.6517105103, 17.2104988098, 1.02817523479, 10.273522377, 14.2449636459, 28.4743442535, 81.587562561, 25.9485588074, 21.505241394, -0.863008141518], [-111.120613098, 50.5335121155, -11.0534725189, -6.25398826599, 2.62255692482, -0.196347534657, 20.8774490356, -4.0726146698, 7.86281490326, 25.9485588074, 69.4464645386, 23.0750789642, 9.37213802338], [-7.13241291046, -110.638252258, -87.7428817749, -89.9113769531, -39.6146354675, -68.7147750854, 6.40198230743, 12.6037931442, 11.9646253586, 21.505241394, 23.0750789642, 110.880760193, 25.8421764374], [-93.721786499, 65.4664916992, -20.2222805023, 2.25290369987, 31.8618526459, -13.8089437485, -14.7348136902, 0.607509553432, 19.4564361572, -0.863008141518, 9.37213802338, 25.8421764374, 67.7082672119]], "icov": [[0.000174658882315, -5.05396492372e-05, 0.000113126276119, -0.000177039197297, 0.000250939716352, -0.00034490096732, 0.000467415666208, -0.000609177339356, 0.000423694262281, -0.000376100157155, 0.000282590772258, -0.000248158728937, 0.000178118352778], [-5.05396492372e-05, 0.00211303425021, -0.000181557159522, 0.000313388707582, -0.00100796238985, 0.00087427085964, -0.00177317706402, 0.00144323264249, -0.00194620736875, 0.00303923618048, -0.00258354423568, 0.00298502272926, -0.00210757204331], [0.000113126276119, -0.000181557159522, 0.00138077244628, -0.000477408320876, 9.19495214475e-05, -0.000496786669828, 0.000756766763516, -0.00134435750078, 0.00125175470021, -0.000664624851197, 0.000159298098879, 0.000255361170275, 0.000304891291307], [-0.000177039197297, 0.000313388707582, -0.000477408320876, 0.00270103407092, -0.000392179383198, -0.000894407392479, 4.89612239107e-06, 0.000771672348492, -0.00244903075509, 0.00223431386985, -0.00129482720513, 0.00153899448924, -0.000460184353869], [0.000250939716352, -0.00100796238985, 9.19495214475e-05, -0.000392179383198, 0.00358402682468, -0.00138842687011, 0.000213372055441, -0.000684899801854, 4.05316895922e-05, -0.00243834569119, 0.00205090106465, -0.000551188830286, -0.000670928915497], [-0.00034490096732, 0.00087427085964, -0.000496786669828, -0.000894407392479, -0.00138842687011, 0.00664722314104, -0.00209819432348, -8.22439178592e-05, 0.000423722987762, 0.000533440674189, -0.0020771685522, 0.00406395457685, -0.00126670778263], [0.000467415666208, -0.00177317706402, 0.000756766763516, 4.89612239107e-06, 0.000213372055441, -0.00209819432348, 0.0104830823839, -0.00509919738397, 0.00226112781093, -0.00207071076147, -0.000361526646884, -0.00332536641508, 0.00502918614075], [-0.000609177339356, 0.00144323264249, -0.00134435750078, 0.000771672348492, -0.000684899801854, -8.22439178592e-05, -0.00509919738397, 0.0153877753764, -0.00756957195699, 0.00250799069181, 0.000475501932669, -0.000235223749769, -0.00137701025233], [0.000423694262281, -0.00194620736875, 0.00125175470021, -0.00244903075509, 4.05316895922e-05, 0.000423722987762, 0.00226112781093, -0.00756957195699, 0.0188600830734, -0.00884177070111, 0.00315752858296, -0.00254299864173, -0.00144782220013], [-0.000376100157155, 0.00303923618048, -0.000664624851197, 0.00223431386985, -0.00243834569119, 0.000533440674189, -0.00207071076147, 0.00250799069181, -0.00884177070111, 0.0222181528807, -0.00994398165494, 0.00220709852874, 0.000409025175031], [0.000282590772258, -0.00258354423568, 0.000159298098879, -0.00129482720513, 0.00205090106465, -0.0020771685522, -0.000361526646884, 0.000475501932669, 0.00315752858296, -0.00994398165494, 0.0224210154265, -0.00717476988211, 0.000108951317088], [-0.000248158728937, 0.00298502272926, 0.000255361170275, 0.00153899448924, -0.000551188830286, 0.00406395457685, -0.00332536641508, -0.000235223749769, -0.00254299864173, 0.00220709852874, -0.00717476988211, 0.0192790515721, -0.00844420213252], [0.000178118352778, -0.00210757204331, 0.000304891291307, -0.000460184353869, -0.000670928915497, -0.00126670778263, 0.00502918614075, -0.00137701025233, -0.00144782220013, 0.000409025175031, 0.000108951317088, -0.00844420213252, 0.0219532269984]], "mean": [-30.9763679504, 70.020690918, -88.9831771851, 39.1686439514, -58.7004928589, 12.4809875488, -41.4453201294, 4.48504543304, -22.4015197754, 1.07877361774, -20.6001873016, -5.37379026413, -11.8029870987]}, "melbands_spread": {"min": 0.30786421895, "max": 270.912322998, "dvar2": 425.903991699, "median": 16.0383491516, "dmean2": 13.2679204941, "dmean": 8.75245094299, "var": 574.443786621, "dvar": 206.431381226, "mean": 22.7630348206}, "spectral_energy": {"min": 1.05043596932e-07, "max": 0.148006975651, "dvar2": 0.000598055019509, "median": 0.0149546386674, "dmean2": 0.0159675125033, "dmean": 0.0103362528607, "var": 0.000461649033241, "dvar": 0.000286294554826, "mean": 0.0207915846258}, "mfcc": {"cov": [[10910.2705078, -1654.77661133, 382.709320068, -30.9674987793, -97.591758728, -10.1831827164, -152.356735229, 111.18888855, -18.6505374908, 92.1835784912, -64.9279251099, 17.7106704712, -15.0590181351], [-1654.77661133, 1124.74853516, -167.904998779, 40.344707489, 114.330924988, 34.8915519714, 99.6416244507, -2.03746795654, 44.2679290771, 5.65648317337, 25.5318622589, -22.00141716, 16.3724822998], [382.709320068, -167.904998779, 915.760986328, 130.356063843, 134.782073975, 65.6635437012, 85.9219360352, 18.8944683075, 17.2755146027, 30.8069114685, -23.4707145691, 41.8080711365, -9.28650188446], [-30.9674987793, 40.344707489, 130.356063843, 350.502380371, 161.121185303, 86.3253631592, 27.1417331696, 42.0525779724, 52.0043449402, 28.6292896271, 1.30308580399, 27.5714664459, 23.5078315735], [-97.591758728, 114.330924988, 134.782073975, 161.121185303, 394.435455322, 150.827270508, 75.2640151978, 14.3759527206, 85.2654724121, 64.0576629639, -12.2436285019, 2.46357107162, 11.1263952255], [-10.1831827164, 34.8915519714, 65.6635437012, 86.3253631592, 150.827270508, 202.618301392, 92.0040740967, 21.7142333984, 33.0817871094, 45.1670265198, 15.9165992737, 5.8990521431, -2.3366830349], [-152.356735229, 99.6416244507, 85.9219360352, 27.1417331696, 75.2640151978, 92.0040740967, 163.541778564, 38.2318534851, 20.6860733032, 34.7507896423, 24.9663047791, 10.6302204132, -5.6953754425], [111.18888855, -2.03746795654, 18.8944683075, 42.0525779724, 14.3759527206, 21.7142333984, 38.2318534851, 104.285873413, 45.3041496277, 5.10735416412, 13.1003360748, 27.1173477173, 11.4054841995], [-18.6505374908, 44.2679290771, 17.2755146027, 52.0043449402, 85.2654724121, 33.0817871094, 20.6860733032, 45.3041496277, 101.396812439, 37.2510414124, 6.90556907654, 17.1065177917, 14.5417718887], [92.1835784912, 5.65648317337, 30.8069114685, 28.6292896271, 64.0576629639, 45.1670265198, 34.7507896423, 5.10735416412, 37.2510414124, 96.9477462769, 31.0931949615, -12.9269790649, -5.05761861801], [-64.9279251099, 25.5318622589, -23.4707145691, 1.30308580399, -12.2436285019, 15.9165992737, 24.9663047791, 13.1003360748, 6.90556907654, 31.0931949615, 77.0881500244, 21.517621994, 0.719934403896], [17.7106704712, -22.00141716, 41.8080711365, 27.5714664459, 2.46357107162, 5.8990521431, 10.6302204132, 27.1173477173, 17.1065177917, -12.9269790649, 21.517621994, 93.0862350464, 29.1944980621], [-15.0590181351, 16.3724822998, -9.28650188446, 23.5078315735, 11.1263952255, -2.3366830349, -5.6953754425, 11.4054841995, 14.5417718887, -5.05761861801, 0.719934403896, 29.1944980621, 68.3272781372]], "icov": [[0.000123727921164, 0.000164126890013, -1.8965538402e-05, 3.02469979943e-05, -6.43341672912e-06, -2.43768772634e-05, 0.000101315665233, -0.000216473868932, 0.000105848885141, -0.000225693482207, 0.000135708221933, -8.76197191246e-06, -1.71684023371e-05], [0.000164126890013, 0.00131642934866, 0.000243788366788, -0.000113882495498, -0.000326613226207, 0.000363832572475, -0.000902600237168, 0.000289894262096, -0.000501427217387, 0.000456050940556, -0.000400455988711, 0.000570595206227, -0.000364059058484], [-1.8965538402e-05, 0.000243788366788, 0.00138246046845, -0.00040983533836, -0.000310713337967, 0.000317153753713, -0.000915140728466, 0.000213900581002, 0.00028424494667, -0.000414189562434, 0.000855693477206, -0.000868107483257, 0.000486507284222], [3.02469979943e-05, -0.000113882495498, -0.00040983533836, 0.00398933375254, -0.00119498209096, -0.000960778619628, 0.00113625824451, -0.00145184271969, 0.000116675109894, -0.00031673401827, 1.71670708369e-05, -0.000482528761495, -0.000737758877221], [-6.43341672912e-06, -0.000326613226207, -0.000310713337967, -0.00119498209096, 0.00511685293168, -0.0025297824759, -0.000454937282484, 0.00166305794846, -0.00300725828856, -0.00112606585026, 0.00194241490681, 4.22782359237e-05, -0.000271383760264], [-2.43768772634e-05, 0.000363832572475, 0.000317153753713, -0.000960778619628, -0.0025297824759, 0.00901146791875, -0.00393642252311, 0.000153424552991, 0.000513575156219, -0.000892898708116, -0.000709529733285, -8.23325826786e-05, 0.000514763582032], [0.000101315665233, -0.000902600237168, -0.000915140728466, 0.00113625824451, -0.000454937282484, -0.00393642252311, 0.0108719626442, -0.00412136316299, 0.00210232380778, -0.00210545724258, -0.00116224458907, -0.000642619386781, 0.000940493540838], [-0.000216473868932, 0.000289894262096, 0.000213900581002, -0.00145184271969, 0.00166305794846, 0.000153424552991, -0.00412136316299, 0.0154136996716, -0.00782361906022, 0.00335701531731, -0.00153437792324, -0.00127864500973, -0.000294567842502], [0.000105848885141, -0.000501427217387, 0.00028424494667, 0.000116675109894, -0.00300725828856, 0.000513575156219, 0.00210232380778, -0.00782361906022, 0.0185046046972, -0.00710355676711, 0.00240240618587, -0.00279143336229, -0.00116623612121], [-0.000225693482207, 0.000456050940556, -0.000414189562434, -0.00031673401827, -0.00112606585026, -0.000892898708116, -0.00210545724258, 0.00335701531731, -0.00710355676711, 0.0188235323876, -0.00892298109829, 0.00581657327712, -0.000175487686647], [0.000135708221933, -0.000400455988711, 0.000855693477206, 1.71670708369e-05, 0.00194241490681, -0.000709529733285, -0.00116224458907, -0.00153437792324, 0.00240240618587, -0.00892298109829, 0.0198039151728, -0.00667366478592, 0.00152598356362], [-8.76197191246e-06, 0.000570595206227, -0.000868107483257, -0.000482528761495, 4.22782359237e-05, -8.23325826786e-05, -0.000642619386781, -0.00127864500973, -0.00279143336229, 0.00581657327712, -0.00667366478592, 0.016585983336, -0.00593227380887], [-1.71684023371e-05, -0.000364059058484, 0.000486507284222, -0.000737758877221, -0.000271383760264, 0.000514763582032, 0.000940493540838, -0.000294567842502, -0.00116623612121, -0.000175487686647, 0.00152598356362, -0.00593227380887, 0.0179820470512]], "mean": [-681.427429199, 101.952354431, 23.9149589539, 27.3242721558, 8.49875926971, 7.21506595612, -4.15781736374, -1.243491292, 1.25069022179, 2.20640492439, -3.00980591774, -3.40883207321, -3.17756605148]}, "spectral_contrast_valleys": {"min": [-14.5986337662, -13.5972585678, -14.0816860199, -14.3628759384, -13.817492485, -15.5262184143], "max": [-5.42809104919, -4.4096865654, -5.44382476807, -5.87083625793, -5.37462997437, -7.1465473175], "dvar2": [0.324851453304, 0.405368596315, 0.308856487274, 0.263060599566, 0.294916898012, 0.449930310249], "median": [-7.23833465576, -7.03735637665, -7.80728340149, -7.96057844162, -7.77312469482, -9.75976371765], "dmean2": [0.713460147381, 0.701775431633, 0.579124093056, 0.488000810146, 0.421277195215, 0.526056349277], "dmean": [0.43857088685, 0.447664946318, 0.38062736392, 0.32380592823, 0.291097164154, 0.403381675482], "var": [1.46994531155, 0.794161021709, 0.845689058304, 0.87637925148, 1.09974944592, 1.75534284115], "dvar": [0.132507875562, 0.202952727675, 0.167555421591, 0.142991259694, 0.159044399858, 0.260147154331], "mean": [-7.56683969498, -7.08451271057, -7.84345531464, -8.06136894226, -7.84916687012, -9.94251441956]}, "barkbands_flatness_db": {"min": 0.00971583742648, "max": 0.494952261448, "dvar2": 0.00165757338982, "median": 0.119698852301, "dmean2": 0.0395088270307, "dmean": 0.0258082970977, "var": 0.00439634732902, "dvar": 0.000802887254395, "mean": 0.130143105984}, "dynamic_complexity": 4.83595752716, "erbbands_flatness_db": {"min": 0.0341821275651, "max": 0.342826515436, "dvar2": 0.000652791350149, "median": 0.116945460439, "dmean2": 0.0252239387482, "dmean": 0.0165800787508, "var":