{"lowlevel": {"spectral_complexity": {"min": 0, "max": 57, "dvar2": 54.5793685913, "median": 9, "dmean2": 5.13483142853, "dmean": 3.28449392319, "var": 68.5110397339, "dvar": 23.9459381104, "mean": 10.5897197723}, "silence_rate_20dB": {"min": 1, "max": 1, "dvar2": 0, "median": 1, "dmean2": 0, "dmean": 0, "var": 0, "dvar": 0, "mean": 1}, "average_loudness": 0.61101013422, "erbbands_spread": {"min": 1.35501480103, "max": 155.616638184, "dvar2": 358.506347656, "median": 20.5388298035, "dmean2": 14.1861896515, "dmean": 9.2912569046, "var": 336.669036865, "dvar": 162.936569214, "mean": 26.2229156494}, "spectral_kurtosis": {"min": -1.27128589153, "max": 178.662490845, "dvar2": 130.62991333, "median": 7.67528629303, "dmean2": 9.18830013275, "dmean": 5.7114315033, "var": 153.952102661, "dvar": 57.7985954285, "mean": 11.559387207}, "barkbands_kurtosis": {"min": -1.92193377018, "max": 20073.2519531, "dvar2": 26095.9804688, "median": 2.75646948814, "dmean2": 14.0788755417, "dmean": 9.61985301971, "var": 276781.4375, "dvar": 14136.7705078, "mean": 30.6003799438}, "spectral_strongpeak": {"min": 0, "max": 14.3561677933, "dvar2": 1.27318823338, "median": 0.38118287921, "dmean2": 0.730510175228, "dmean": 0.440345704556, "var": 1.24634337425, "dvar": 0.509864151478, "mean": 0.817618310452}, "spectral_spread": {"min": 728736.375, "max": 42908396, "dvar2": 1638776569860.0, "median": 2986120.5, "dmean2": 1010221, "dmean": 699678.8125, "var": 12953118048300.0, "dvar": 1001761734660.0, "mean": 3642223.75}, "spectral_rms": {"min": 3.11949055996e-12, "max": 0.0163255501539, "dvar2": 7.03034447724e-06, "median": 0.00280213402584, "dmean2": 0.00148107437417, "dmean": 0.000969122978859, "var": 5.98061978963e-06, "dvar": 3.0700402931e-06, "mean": 0.00330259907059}, "erbbands": {"min": [1.199602477e-22, 4.73153318345e-22, 2.78195804377e-21, 3.7736815611e-21, 5.99329996975e-21, 1.64476641468e-20, 3.2431338131e-20, 6.79875642835e-20, 7.48373693878e-20, 1.36656932187e-19, 2.99606291282e-19, 3.72455079703e-19, 5.89010291985e-19, 5.51186786392e-19, 8.31543473296e-19, 6.75218331643e-19, 1.18546593327e-18, 2.42252146698e-18, 2.83383744016e-18, 3.98270094151e-18, 3.15655678627e-18, 3.80022076248e-18, 4.841986088e-18, 5.890131044e-18, 7.88617452396e-18, 8.01548932348e-18, 8.99844955207e-18, 1.12931130914e-17, 1.21765974067e-17, 1.21044664301e-17, 1.10909211984e-17, 1.04138598049e-17, 1.00453665584e-17, 8.60945215259e-18, 7.08715692972e-18, 4.33127195651e-18, 2.16633660023e-18, 9.94912678251e-19, 2.43653080463e-19, 2.59234171136e-20], "max": [1.44958758354, 19.9645767212, 84.455368042, 90.5623703003, 195.063690186, 642.613586426, 1189.31530762, 638.920471191, 680.079956055, 733.926391602, 1068.89477539, 1669.4342041, 885.344604492, 1451.9375, 1582.25012207, 1394.47937012, 901.541931152, 1097.66137695, 1657.37670898, 748.026367188, 977.006591797, 1604.24157715, 386.20892334, 270.961914062, 389.399993896, 379.405853271, 192.851623535, 423.721710205, 191.668670654, 141.574081421, 169.077377319, 126.550880432, 78.7216873169, 44.1068763733, 20.8588104248, 7.21753883362, 2.58401536942, 0.727125525475, 0.0585373416543, 0.00273979874328], "dvar2": [0.0316508449614, 9.70799636841, 192.015365601, 168.369628906, 231.86265564, 9633.71582031, 29840.7910156, 6522.34863281, 2617.26586914, 3959.11743164, 6316.38671875, 6522.71630859, 1721.19470215, 2267.49951172, 2727.55908203, 2048.00976562, 2049.81274414, 1413.33349609, 2995.13891602, 1002.21032715, 1244.75524902, 792.538879395, 247.613189697, 293.59564209, 255.234603882, 256.290740967, 236.686645508, 1074.39831543, 146.928314209, 60.6290435791, 75.9660415649, 38.8194007874, 25.2743663788, 8.17987632751, 2.6179227829, 0.383234858513, 0.0352210439742, 0.00154520967044, 3.23906788253e-05, 1.55941236812e-07], "median": [0.00271339155734, 0.0251980051398, 0.173178642988, 0.598232328892, 1.15815544128, 1.70138156414, 2.73164081573, 4.14238071442, 3.94891667366, 4.51376342773, 5.46985530853, 4.31786346436, 2.95602178574, 3.09112596512, 2.72538852692, 2.61645269394, 2.6839132309, 1.94363582134, 1.76319265366, 1.43647408485, 1.11439037323, 0.823578715324, 0.815739750862, 0.738071918488, 0.550509989262, 0.420957237482, 0.31683754921, 0.196761131287, 0.106072001159, 0.0637509971857, 0.0476995706558, 0.0233403854072, 0.0119392517954, 0.00741744134575, 0.00264970352873, 0.000787495460827, 0.000168991711689, 3.32595300279e-05, 1.09757911559e-05, 1.09246011561e-05], "dmean2": [0.0568641498685, 0.931225001812, 3.8861746788, 4.21709156036, 5.89828538895, 25.8576622009, 42.5088119507, 24.9978885651, 20.261888504, 23.5974006653, 31.9640693665, 30.6457748413, 15.3985681534, 16.7277812958, 17.408870697, 16.3747386932, 16.6855430603, 12.991900444, 14.5206565857, 11.6180324554, 9.54767990112, 7.49614858627, 5.99184799194, 6.98009109497, 5.89879751205, 5.69898605347, 5.7100944519, 8.64710712433, 4.59753322601, 2.81772255898, 2.64398479462, 1.81858789921, 1.42220902443, 0.832093417645, 0.455271452665, 0.172825545073, 0.0511395819485, 0.0104008195922, 0.00142809795216, 0.000106759296614], "dmean": [0.0369487963617, 0.543157100677, 2.16652154922, 2.32496881485, 3.27755784988, 14.264966011, 23.4364891052, 14.1853780746, 12.5021753311, 14.6047239304, 20.5140895844, 20.4875812531, 10.59349823, 11.1309919357, 11.185295105, 10.5914154053, 11.1416902542, 8.75878810883, 9.60318756104, 7.51861047745, 5.9190030098, 4.77708292007, 3.76761770248, 4.24225378036, 3.78705954552, 3.62053918839, 3.53640079498, 5.20222425461, 2.75635766983, 1.78456282616, 1.64931499958, 1.16110610962, 0.916759848595, 0.542655587196, 0.29990953207, 0.117593199015, 0.0351643525064, 0.00713763246313, 0.00101536617149, 6.99108350091e-05], "var": [0.0210055671632, 3.56769537926, 46.3925323486, 38.1537704468, 53.2876663208, 2185.0390625, 6466.76123047, 1627.6697998, 1448.53637695, 1984.70556641, 5404.50488281, 11994.0585938, 2634.22900391, 3499.07543945, 2999.35449219, 1531.29455566, 3004.66040039, 2162.38574219, 2610.30664062, 1388.63244629, 928.749450684, 1638.54382324, 207.124954224, 194.777053833, 288.66204834, 221.196258545, 122.002830505, 353.306121826, 62.03383255, 36.915561676, 39.618598938, 23.5063018799, 15.1147375107, 5.21887922287, 1.40097749233, 0.237711116672, 0.0228289868683, 0.00091041799169, 1.81836767297e-05, 7.03247238221e-08], "dvar": [0.0168884284794, 3.82228207588, 67.7675323486, 58.3382949829, 80.3034362793, 3454.87988281, 10615.7373047, 2295.1965332, 1086.53198242, 1543.27160645, 2611.64501953, 3172.86645508, 863.800537109, 1103.99902344, 1175.04272461, 896.441955566, 970.92779541, 747.711364746, 1383.98620605, 473.393280029, 470.384155273, 423.363220215, 108.324394226, 119.259124756, 120.471710205, 116.629173279, 98.1058502197, 422.093658447, 59.6738586426, 27.5389232635, 32.7649497986, 17.6373405457, 11.7728090286, 3.96778869629, 1.2275056839, 0.193070113659, 0.0180545300245, 0.000768190191593, 1.59354840434e-05, 7.07996150595e-08], "mean": [0.0417509302497, 0.509929716587, 1.83290243149, 2.23186349869, 3.33026146889, 11.0095062256, 18.6126422882, 15.346493721, 16.9175987244, 20.7016773224, 33.643321991, 39.3036460876, 19.1612186432, 18.6864395142, 18.2545051575, 15.6242399216, 19.5805912018, 15.0832481384, 14.7656888962, 12.1838569641, 9.08960342407, 7.20631027222, 5.13946723938, 5.20527410507, 5.25934362411, 4.70045471191, 3.98516798019, 4.59382772446, 2.48457431793, 1.7853499651, 1.58469450474, 1.12359666824, 0.874233901501, 0.531966328621, 0.275887221098, 0.112235210836, 0.033295981586, 0.00658674538136, 0.000934165436774, 6.94659393048e-05]}, "zerocrossingrate": {"min": 0, "max": 0.5390625, "dvar2": 0.000363343278877, "median": 0.03271484375, "dmean2": 0.0125589817762, "dmean": 0.0106140207499, "var": 0.00280925165862, "dvar": 0.000312299089273, "mean": 0.0447544939816}, "spectral_contrast_coeffs": {"min": [-0.979727566242, -0.979782223701, -0.976450145245, -0.968338310719, -0.966726481915, -0.964168071747], "max": [-0.2439481318, -0.418852716684, -0.400617331266, -0.465701907873, -0.51803457737, -0.583884775639], "dvar2": [0.00684411171824, 0.00434830738232, 0.00298361084424, 0.00213760277256, 0.00137886183802, 0.00233767996542], "median": [-0.641760349274, -0.741718888283, -0.797391057014, -0.804929971695, -0.818955719471, -0.771691799164], "dmean2": [0.0959200486541, 0.0789524763823, 0.0632852986455, 0.0521318353713, 0.0403816625476, 0.0425208695233], "dmean": [0.0584765449166, 0.0489068217576, 0.0406301505864, 0.033478833735, 0.026063805446, 0.0273289065808], "var": [0.00925577525049, 0.0078316917643, 0.00869135465473, 0.00630076928064, 0.00371310999617, 0.00341315940022], "dvar": [0.00280143879354, 0.00176789436955, 0.00137432827614, 0.000962409016211, 0.00065019360045, 0.000981777091511], "mean": [-0.634068846703, -0.734510242939, -0.775603532791, -0.789340734482, -0.806567728519, -0.770374000072]}, "dissonance": {"min": 0.111704722047, "max": 0.500000059605, "dvar2": 0.00214515416883, "median": 0.449178040028, "dmean2": 0.0502228438854, "dmean": 0.0306787453592, "var": 0.0020086101722, "dvar": 0.000837958999909, "mean": 0.439635276794}, "spectral_energyband_high": {"min": 7.16395359917e-21, "max": 0.0138313025236, "dvar2": 2.4838113859e-06, "median": 2.27677501243e-05, "dmean2": 0.000608678034041, "dmean": 0.00038671400398, "var": 1.36659593863e-06, "dvar": 1.11746544462e-06, "mean": 0.000402823963668}, "spectral_skewness": {"min": -0.118466705084, "max": 11.1402616501, "dvar2": 0.755915045738, "median": 2.08701705933, "dmean2": 0.860391080379, "dmean": 0.558867454529, "var": 1.31360685825, "dvar": 0.363637179136, "mean": 2.27470421791}, "spectral_flux": {"min": 6.41993680439e-11, "max": 0.47968813777, "dvar2": 0.00592080457136, "median": 0.0488631352782, "dmean2": 0.0527921281755, "dmean": 0.0327576957643, "var": 0.00523675279692, "dvar": 0.0029500045348, "mean": 0.0710745751858}, "silence_rate_30dB": {"min": 0, "max": 1, "dvar2": 0.0716955214739, "median": 1, "dmean2": 0.0529475137591, "dmean": 0.0264717191458, "var": 0.015524264425, "dvar": 0.0257717948407, "mean": 0.984225928783}, "spectral_energyband_middle_high": {"min": 1.20867677554e-21, "max": 0.0637858435512, "dvar2": 9.94673519017e-06, "median": 0.000694198533893, "dmean2": 0.00171718595084, "dmean": 0.00118212448433, "var": 2.73673485935e-05, "dvar": 5.26943767909e-06, "mean": 0.00285748229362}, "barkbands_spread": {"min": 0.0149686997756, "max": 113.425994873, "dvar2": 198.217651367, "median": 9.85857868195, "dmean2": 9.16256999969, "dmean": 5.7592663765, "var": 166.190917969, "dvar": 87.8600006104, "mean": 13.7719602585}, "spectral_centroid": {"min": 155.228363037, "max": 11926.2363281, "dvar2": 359687.5625, "median": 731.905090332, "dmean2": 406.644439697, "dmean": 260.500549316, "var": 1181102.125, "dvar": 179218.984375, "mean": 993.163024902}, "pitch_salience": {"min": 0.00260698213242, "max": 0.905984163284, "dvar2": 0.017491903156, "median": 0.605557560921, "dmean2": 0.137839257717, "dmean": 0.0839163288474, "var": 0.0188655648381, "dvar": 0.00689329952002, "mean": 0.588430047035}, "erbbands_skewness": {"min": -4.66514778137, "max": 7.01827287674, "dvar2": 0.666991651058, "median": 0.756027519703, "dmean2": 0.803641498089, "dmean": 0.518507242203, "var": 1.03491103649, "dvar": 0.30322343111, "mean": 0.766181588173}, "erbbands_crest": {"min": 2.2506377697, "max": 33.435333252, "dvar2": 23.2154407501, "median": 9.7044172287, "dmean2": 5.2164311409, "dmean": 3.24947667122, "var": 28.0266017914, "dvar": 9.64836883545, "mean": 10.9578294754}, "melbands": {"min": [1.4566304782e-24, 1.60931322451e-24, 1.00147390754e-24, 7.19724100108e-25, 1.31661575335e-24, 1.53491900659e-24, 1.19946418968e-24, 1.53629320228e-24, 2.8496148697e-24, 1.6747881866e-24, 2.6618288978e-24, 1.91603565648e-24, 1.72202576925e-24, 1.66841497935e-24, 1.80863894956e-24, 2.55922550695e-24, 4.10601430636e-24, 3.76320770025e-24, 2.88823809127e-24, 3.05258937226e-24, 2.43072440422e-24, 3.02645401604e-24, 3.62408182442e-24, 3.23003673036e-24, 3.73859405671e-24, 5.80679841801e-24, 4.00413015944e-24, 4.17006468427e-24, 4.68493841989e-24, 3.62215187621e-24, 6.1864448284e-24, 5.63841329678e-24, 4.73135815099e-24, 5.28748694537e-24, 5.29641093436e-24, 5.68823222953e-24, 5.62689829415e-24, 5.9514711693e-24, 5.54500033269e-24, 5.79792136625e-24], "max": [0.0149469422176, 0.038825172931, 0.0189476776868, 0.0193648207933, 0.0425518378615, 0.0139160845429, 0.00925715826452, 0.00769496243447, 0.00975450221449, 0.0116433361545, 0.00463184481487, 0.00594469951466, 0.00440300814807, 0.00515000754967, 0.00237150164321, 0.00201982911676, 0.00204287818633, 0.00293157505803, 0.00160839769524, 0.00087694596732, 0.00136519980151, 0.00220436649397, 0.000521779351402, 0.000368304928998, 0.000254014070379, 0.000242226800765, 0.00042145801126, 0.00035190678318, 0.000129172301968, 0.000252815865679, 0.00024569730158, 0.000129744890728, 5.64655238122e-05, 0.000100565877801, 0.000102011232229, 0.000102283687738, 7.21772084944e-05, 5.80200576223e-05, 7.2285758506e-05, 3.50265036104e-05], "dvar2": [4.28316707257e-06, 3.71242495021e-05, 5.5140940276e-06, 7.89759451436e-06, 4.28141029261e-05, 3.32116201207e-06, 5.64494882838e-07, 4.68772157092e-07, 4.35187814674e-07, 2.33746717981e-07, 4.52121931005e-08, 4.08446751976e-08, 2.84354957358e-08, 2.81093583965e-08, 1.47204382017e-08, 1.19077148142e-08, 6.49320375246e-09, 9.21777587592e-09, 4.37486225024e-09, 1.83611270632e-09, 2.06361860933e-09, 1.43667211461e-09, 3.23370052957e-10, 2.25145527222e-10, 2.47903253481e-10, 1.61485602668e-10, 2.00406774509e-10, 1.28858104742e-10, 6.64557853192e-11, 4.05244782176e-10, 3.14406167767e-10, 5.74783241836e-11, 2.07938753022e-11, 1.98765830184e-11, 2.82891609443e-11, 2.25937862169e-11, 1.57564777198e-11, 1.5799498862e-11, 8.74883412244e-12, 6.26303306092e-12], "median": [3.95162060158e-05, 7.47354570194e-05, 0.000127806066303, 0.0001058394555, 9.94794245344e-05, 9.55090799835e-05, 5.81051936024e-05, 4.58914837509e-05, 3.71732094209e-05, 2.2248012101e-05, 1.12136458483e-05, 1.07698451757e-05, 8.26508130558e-06, 6.33889749224e-06, 5.25953510078e-06, 4.52787071481e-06, 2.82922064798e-06, 2.48570563599e-06, 2.00110616788e-06, 1.46999491335e-06, 1.04117805222e-06, 7.43332293496e-07, 7.14212660569e-07, 6.24240044544e-07, 5.25217444647e-07, 3.95607884229e-07, 2.96767240116e-07, 2.41885231844e-07, 1.95547031012e-07, 1.36223803793e-07, 9.13128559432e-08, 5.79831009873e-08, 3.66478332126e-08, 3.14309218652e-08, 2.74887916873e-08, 1.82672685867e-08, 1.12420055487e-08, 7.47419015568e-09, 6.86512979797e-09, 5.33446264939e-09], "dmean2": [0.000669804634526, 0.00175488553941, 0.000768248806708, 0.000942612881772, 0.00157877779566, 0.000555029255338, 0.000302782136714, 0.000267552852165, 0.000271286466159, 0.000183909083717, 7.79087858973e-05, 6.98366638971e-05, 5.88613293075e-05, 5.23077324033e-05, 4.54282526334e-05, 3.62558021152e-05, 2.62159082922e-05, 2.54408296314e-05, 2.08699038922e-05, 1.46891807162e-05, 1.11773597382e-05, 8.64277535584e-06, 6.50015181236e-06, 5.02388047607e-06, 6.22211427981e-06, 4.61094032289e-06, 4.53468010164e-06, 3.79685297958e-06, 3.10031441586e-06, 5.3063258747e-06, 4.81148526887e-06, 2.82936571239e-06, 1.70825876467e-06, 1.52396114572e-06, 1.58960267527e-06, 1.35291520564e-06, 1.13153078019e-06, 1.09328277631e-06, 7.94869151832e-07, 7.18200851679e-07], "dmean": [0.000413867121097, 0.000990557484329, 0.000425019214163, 0.000523767084815, 0.000873283890542, 0.00031407881761, 0.000187541314517, 0.000164965182194, 0.000174699103809, 0.000124092039187, 5.35463259439e-05, 4.66621022497e-05, 3.7852278183e-05, 3.25475775753e-05, 3.00952651742e-05, 2.38787724811e-05, 1.73849130078e-05, 1.68158221641e-05, 1.32135037347e-05, 9.24443247641e-06, 6.90979277351e-06, 5.50014465261e-06, 4.04071488447e-06, 3.16263253808e-06, 3.7234174215e-06, 2.89434728984e-06, 2.90693469651e-06, 2.39602491092e-06, 1.93573691831e-06, 3.21147740578e-06, 2.86926933768e-06, 1.68257247424e-06, 1.03865033907e-06, 9.80805680229e-07, 9.94394667941e-07, 8.33964520552e-07, 7.21379365132e-07, 6.87917349751e-07, 5.26150301994e-07, 4.62169396087e-07], "var": [2.66257075054e-06, 1.01110626929e-05, 1.24424366277e-06, 1.95159100258e-06, 9.31550221139e-06, 8.0789175172e-07, 3.17391766202e-07, 2.68394956038e-07, 4.11416152701e-07, 4.8461578217e-07, 7.07504383968e-08, 6.14440835989e-08, 3.98682757918e-08, 2.17748006293e-08, 1.60158748486e-08, 1.75959993243e-08, 7.53840811996e-09, 8.72585825817e-09, 3.3790048537e-09, 2.3622070966e-09, 1.40989619979e-09, 2.89552848365e-09, 2.6329372016e-10, 1.58714999476e-10, 1.4358793321e-10, 1.57713148097e-10, 1.71210295941e-10, 1.0149747709e-10, 4.59447896395e-11, 1.42315173535e-10, 9.82729730925e-11, 2.32938876521e-11, 1.08220047507e-11, 1.23616403572e-11, 1.42392538732e-11, 1.13653036635e-11, 8.75723452087e-12, 8.16135006798e-12, 6.0442232816e-12, 3.48045984394e-12], "dvar": [2.14445685742e-06, 1.33156581796e-05, 1.91247340808e-06, 2.8574343105e-06, 1.52656302816e-05, 1.16542207707e-06, 2.34908469565e-07, 1.82997311526e-07, 1.82265580406e-07, 1.16916503146e-07, 2.32871606443e-08, 2.03557455336e-08, 1.28526513876e-08, 1.16177778509e-08, 7.27739424278e-09, 5.31545563121e-09, 3.33150618204e-09, 4.43873870992e-09, 1.88932380851e-09, 7.69663277556e-10, 8.33660418476e-10, 7.72464814336e-10, 1.45890924341e-10, 9.55030082794e-11, 9.86903822553e-11, 7.13275480346e-11, 9.085328323e-11, 5.78942449536e-11, 2.81747767478e-11, 1.63039623469e-10, 1.2133753724e-10, 2.31153342994e-11, 8.92823922433e-12, 9.08708698566e-12, 1.21152974805e-11, 9.54026094235e-12, 7.00840687567e-12, 6.96965749003e-12, 4.3160470857e-12, 2.91492112565e-12], "mean": [0.000481636670884, 0.000881278014276, 0.000420791853685, 0.000452568259789, 0.000679722055793, 0.000341094244504, 0.000257991079707, 0.000241058311076, 0.000289936782792, 0.000241189307417, 9.23411862459e-05, 7.55688306526e-05, 6.26565160928e-05, 4.66174060421e-05, 4.40722978965e-05, 4.18515737692e-05, 2.6110024919e-05, 2.45154205913e-05, 1.88185113075e-05, 1.44939249367e-05, 9.43356008065e-06, 7.89908790466e-06, 5.17594344274e-06, 4.08818459618e-06, 4.24082872996e-06, 3.77772494176e-06, 3.69196254724e-06, 2.9791463021e-06, 2.34303820434e-06, 2.91532433039e-06, 2.45594060289e-06, 1.48194055782e-06, 9.82680944617e-07, 9.89859586298e-07, 9.56482722358e-07, 7.61870296628e-07, 6.78028186485e-07, 6.31954662822e-07, 5.31133423465e-07, 4.33682856738e-07]}, "spectral_entropy": {"min": 4.65508699417, "max": 9.82281112671, "dvar2": 0.212309733033, "median": 7.00565195084, "dmean2": 0.440588086843, "dmean": 0.298946291208, "var": 0.44540476799, "dvar": 0.110322065651, "mean": 7.03548908234}, "spectral_rolloff": {"min": 21.533203125, "max": 19466.015625, "dvar2": 2015697.125, "median": 689.0625, "dmean2": 717.140808105, "dmean": 423.509552002, "var": 3953800.75, "dvar": 966965.125, "mean": 1202.60900879}, "barkbands": {"min": [1.46612387685e-25, 1.56278423616e-24, 3.02026441617e-24, 4.44093388114e-25, 3.53649893685e-24, 6.36182872358e-24, 5.78174301237e-24, 6.24082534933e-24, 1.10943567553e-23, 1.7389716059e-23, 1.09807118756e-23, 1.16194225738e-23, 2.44035446316e-23, 4.42139024664e-23, 3.71795161786e-23, 7.24620995592e-23, 5.06993015176e-23, 8.1647797888e-23, 1.49148227411e-22, 1.83838164837e-22, 2.42192313832e-22, 3.0883659577e-22, 3.80827082725e-22, 5.10396842697e-22, 9.13004034228e-22, 1.3061080898e-21, 1.95588956101e-21], "max": [0.0118708861992, 0.07120475173, 0.0764820873737, 0.0367849059403, 0.160897403955, 0.0752886384726, 0.0402131639421, 0.0433817617595, 0.0657547712326, 0.035139683634, 0.0317819342017, 0.0379357673228, 0.0184022970498, 0.0265629161149, 0.0265635922551, 0.0147393103689, 0.0238071363419, 0.00573820248246, 0.00566239468753, 0.00741238938645, 0.00807457044721, 0.00428653880954, 0.00643144408241, 0.00474140420556, 0.00285591278225, 0.0014911753824, 0.000362821214367], "dvar2": [7.26139603557e-07, 0.000114055255835, 0.000161315052537, 1.4457044017e-05, 0.000664576888084, 0.000122826779261, 1.25913420561e-05, 1.24926855278e-05, 1.18818179544e-05, 1.70418445578e-06, 1.84840610018e-06, 1.72937370735e-06, 1.22622304843e-06, 8.59190720348e-07, 1.05189417354e-06, 4.47766268508e-07, 3.0602490142e-07, 9.29052959009e-08, 1.00921603519e-07, 1.13965747062e-07, 4.81813515307e-07, 8.53378097077e-08, 9.02723158447e-08, 8.14109171188e-08, 5.44933094204e-08, 1.11614335552e-08, 1.46516754285e-09], "median": [0.000133958194056, 8.943771536e-05, 0.00017381204816, 0.000214336323552, 0.000539013126399, 0.000481661991216, 0.000235646439251, 0.000177241396159, 0.000161481613759, 5.57699313504e-05, 5.44029317098e-05, 5.60235857847e-05, 5.38533640793e-05, 2.76289756584e-05, 2.70948312391e-05, 1.92594525288e-05, 1.24205198517e-05, 1.36021681101e-05, 1.16737246572e-05, 8.93596825335e-06, 6.13689462625e-06, 2.65066228167e-06, 1.75432114702e-06, 8.62245656208e-07, 5.28733949068e-07, 1.1973716596e-07, 2.50820129111e-08], "dmean2": [0.000378869241104, 0.00327061815187, 0.00356491445564, 0.00136655149981, 0.00692360429093, 0.00319762807339, 0.00144339271355, 0.00138469401281, 0.0013500044588, 0.000437811715528, 0.000453823100543, 0.000444027071353, 0.000395160896005, 0.000287017319351, 0.000278668099781, 0.000205188800464, 0.000142808698001, 0.000111872184789, 0.000132428423967, 0.000121430522995, 0.000197166940779, 0.000114427297376, 9.42606566241e-05, 8.29865894048e-05, 6.80659795762e-05, 2.94257661153e-05, 9.53773815127e-06], "dmean": [0.000328219903167, 0.0019545450341, 0.00197619758546, 0.000754753651563, 0.00379644776694, 0.00179480062798, 0.000895829172805, 0.000855728867464, 0.000897064048331, 0.000297113147099, 0.00029449473368, 0.000280156906229, 0.000259166117758, 0.000187447105418, 0.000176641202415, 0.000125112288515, 8.92120151548e-05, 6.96629576851e-05, 8.19142223918e-05, 7.71457198425e-05, 0.000119516887935, 6.87158826622e-05, 5.93952572672e-05, 5.38508829777e-05, 4.4744952902e-05, 2.03419622267e-05, 6.5279032242e-06], "var": [1.28954820866e-06, 5.10335266881e-05, 3.63228318747e-05, 3.40741462423e-06, 0.000145995029015, 2.84085472231e-05, 7.61296632845e-06, 9.28335430217e-06, 2.11900423892e-05, 2.902967708e-06, 2.79552682514e-06, 1.30082844407e-06, 1.76555897724e-06, 9.35433718041e-07, 6.84524479766e-07, 3.66681291553e-07, 5.0438342214e-07, 6.08237655797e-08, 9.53617416144e-08, 1.03985541955e-07, 1.69287417862e-07, 3.97881869674e-08, 4.86631179797e-08, 5.14596933954e-08, 3.29868719007e-08, 7.56577644978e-09, 7.25135784752e-10], "dvar": [5.02309319472e-07, 4.85826167278e-05, 5.64730180486e-05, 4.96330403621e-06, 0.000236927779042, 4.30916043115e-05, 5.2563045756e-06, 4.97189239468e-06, 5.55184305995e-06, 9.40240454383e-07, 8.47833518947e-07, 7.13988413281e-07, 5.61340073091e-07, 4.31579422866e-07, 4.38054030383e-07, 1.70885812167e-07, 1.57785791544e-07, 3.84239378093e-08, 4.42030270165e-08, 5.158750227e-08, 1.92143176037e-07, 3.56691636227e-08, 3.94714021468e-08, 3.82006781763e-08, 2.63408495016e-08, 5.81850478909e-09, 6.87931878129e-10], "mean": [0.000575746991672, 0.00197152839974, 0.0016239315737, 0.00074974715244, 0.0029443888925, 0.00184424046893, 0.00125170778483, 0.00128307379782, 0.00175522244535, 0.000478993286379, 0.000495766988024, 0.000395320908865, 0.000451741158031, 0.000282327324385, 0.00025236903457, 0.000181625349796, 0.000125503356685, 8.72846940183e-05, 0.000104535465653, 0.000101717356301, 0.000111420747999, 6.31357033853e-05, 5.75862177357e-05, 5.27570737177e-05, 4.29097963206e-05, 1.97543213289e-05, 5.70973270442e-06]}, "melbands_flatness_db": {"min": 0.0018736817874, "max": 0.655941069126, "dvar2": 0.00428318558261, "median": 0.255436092615, "dmean2": 0.06095193699, "dmean": 0.040966194123, "var": 0.00870608631521, "dvar": 0.00211112131365, "mean": 0.261443585157}, "melbands_skewness": {"min": -2.43133044243, "max": 90.9686508179, "dvar2": 3.09258413315, "median": 1.75554144382, "dmean2": 1.33636808395, "dmean": 0.874706566334, "var": 10.4076118469, "dvar": 1.43042242527, "mean": 2.20723080635}, "barkbands_skewness": {"min": -3.79112505913, "max": 120.354034424, "dvar2": 2.92561101913, "median": 1.15504479408, "dmean2": 1.13870549202, "dmean": 0.745274484158, "var": 20.748128891, "dvar": 1.4783411026, "mean": 1.58861172199}, "silence_rate_60dB": {"min": 0, "max": 1, "dvar2": 0.135782822967, "median": 0, "dmean2": 0.141911655664, "dmean": 0.0709503665566, "var": 0.200725898147, "dvar": 0.0659048333764, "mean": 0.27800861001}, "spectral_energyband_low": {"min": 1.78702538349e-23, "max": 0.135041594505, "dvar2": 0.000410447537433, "median": 0.000585177796893, "dmean2": 0.0064172046259, "dmean": 0.00378114264458, "var": 0.00015771148901, "dvar": 0.000158349430421, "mean": 0.00413676910102}, "spectral_energyband_middle_low": {"min": 1.47946785941e-22, "max": 0.254653453827, "dvar2": 0.00149551138747, "median": 0.00446443911642, "dmean2": 0.0128615340218, "dmean": 0.00748347863555, "var": 0.000434834626503, "dvar": 0.000556748302188, "mean": 0.00993252173066}, "melbands_kurtosis": {"min": -1.87919998169, "max": 10098.8339844, "dvar2": 16932.8535156, "median": 5.74282598495, "dmean2": 18.0024394989, "dmean": 11.4219961166, "var": 52166.8359375, "dvar": 7500.67626953, "mean": 21.8204421997}, "spectral_decrease": {"min": -6.92669672731e-08, "max": 1.76589816604e-28, "dvar2": 1.31637059461e-16, "median": -1.98605309976e-09, "dmean2": 4.69357619437e-09, "dmean": 2.83762235931e-09, "var": 4.94309038904e-17, "dvar": 5.057595016e-17, "mean": -4.31118696298e-09}, "erbbands_kurtosis": {"min": -1.84712612629, "max": 87.1313705444, "dvar2": 20.9025192261, "median": 0.888309717178, "dmean2": 2.96695041656, "dmean": 1.88273274899, "var": 21.6089859009, "dvar": 9.1542224884, "mean": 2.10945987701}, "melbands_crest": {"min": 1.54483926296, "max": 39.9878044128, "dvar2": 30.2729797363, "median": 12.6498374939, "dmean2": 6.07221317291, "dmean": 3.67860794067, "var": 32.208530426, "dvar": 11.82426548, "mean": 13.6205663681}, "gfcc": {"cov": [[21961.2792969, -1752.4876709, -2137.70336914, 838.618103027, -1647.36315918, 220.308120728, -642.915527344, 185.292358398, -398.670257568, 67.2399978638, -311.086517334, -67.7957229614, -167.823638916], [-1752.4876709, 2686.6237793, -77.6210479736, -274.258361816, 573.857727051, -298.473571777, 279.31072998, -167.514770508, 193.376419067, -162.349212646, 121.315208435, -130.23828125, 63.8335647583], [-2137.70336914, -77.6210479736, 1403.54833984, 198.744308472, 120.838867188, 92.7924957275, -13.4624137878, 11.7512950897, -25.0637702942, -10.1499671936, -4.26969432831, 64.459274292, -38.815032959], [838.618103027, -274.258361816, 198.744308472, 731.056274414, 5.68000364304, 85.5055007935, 22.2413845062, 34.9340629578, 24.088306427, -42.9743041992, -45.2437896729, 6.10011720657, -16.1439571381], [-1647.36315918, 573.857727051, 120.838867188, 5.68000364304, 489.934020996, 14.9049453735, 154.310134888, -14.6192493439, 90.8151092529, -26.6963329315, 30.2624645233, -2.77098155022, 33.1825256348], [220.308120728, -298.473571777, 92.7924957275, 85.5055007935, 14.9049453735, 277.106994629, 47.0995063782, 48.5110473633, 1.00711560249, 28.1432094574, -18.2284297943, -13.9810590744, -12.8925981522], [-642.915527344, 279.31072998, -13.4624137878, 22.2413845062, 154.310134888, 47.0995063782, 233.231384277, 28.3341808319, 63.4357414246, -2.61290001869, 24.6203956604, -33.8629760742, 14.1719818115], [185.292358398, -167.514770508, 11.7512950897, 34.9340629578, -14.6192493439, 48.5110473633, 28.3341808319, 155.899734497, 30.3190097809, 6.19631099701, -9.89314365387, -10.7207860947, 1.74852645397], [-398.670257568, 193.376419067, -25.0637702942, 24.088306427, 90.8151092529, 1.00711560249, 63.4357414246, 30.3190097809, 130.801651001, 8.8880033493, 21.6412467957, -9.32849788666, 13.1657571793], [67.2399978638, -162.349212646, -10.1499671936, -42.9743041992, -26.6963329315, 28.1432094574, -2.61290001869, 6.19631099701, 8.8880033493, 110.053733826, 19.5848617554, 4.79144191742, 1.23348152637], [-311.086517334, 121.315208435, -4.26969432831, -45.2437896729, 30.2624645233, -18.2284297943, 24.6203956604, -9.89314365387, 21.6412467957, 19.5848617554, 102.062225342, 22.8929824829, 6.04389715195], [-67.7957229614, -130.23828125, 64.459274292, 6.10011720657, -2.77098155022, -13.9810590744, -33.8629760742, -10.7207860947, -9.32849788666, 4.79144191742, 22.8929824829, 107.098197937, 11.351439476], [-167.823638916, 63.8335647583, -38.815032959, -16.1439571381, 33.1825256348, -12.8925981522, 14.1719818115, 1.74852645397, 13.1657571793, 1.23348152637, 6.04389715195, 11.351439476, 82.1071929932]], "icov": [[0.000100413475593, -0.000114987960842, 0.000179808295798, -0.000186865727301, 0.000289448653348, -0.000187010213267, 0.000186363104149, -0.000206150391023, 0.000256693921983, -0.000203344781767, 0.000199582704226, -0.000178597576451, 0.000140673830174], [-0.000114987960842, 0.00114159460645, -0.000283106637653, 0.000528076197952, -0.00101747806184, 0.00105709477793, -0.000728516490199, 0.00118702463806, -0.0011851725867, 0.00155722443014, -0.00107496522833, 0.00155995297246, -0.000444796372904], [0.000179808295798, -0.000283106637653, 0.00115440192167, -0.000553717836738, 0.000229756173212, -0.000609959941357, 0.000540921464562, -0.000555085600354, 0.000828093499877, -0.000488929683343, 0.000408108491683, -0.000922146020457, 0.000726309837773], [-0.000186865727301, 0.000528076197952, -0.000553717836738, 0.00202808412723, -0.000577557715587, 0.000180664239451, -0.00065553013701, 0.000613214855548, -0.00130755093414, 0.00148541072849, 2.88355226985e-06, 0.000441179872723, -0.00016748267808], [0.000289448653348, -0.00101747806184, 0.000229756173212, -0.000577557715587, 0.00439587188885, -0.00122785766143, -0.000809913268313, -0.000357140175765, -0.000259924185229, -0.000589615199715, 0.00104517431464, -0.00169245840516, -0.000236642648815], [-0.000187010213267, 0.00105709477793, -0.000609959941357, 0.000180664239451, -0.00122785766143, 0.00547063304111, -0.00173309142701, 5.35155486432e-05, -0.000482758856378, -3.83195620088e-05, -0.000277501298115, 0.00167601066642, 6.30300928606e-05], [0.000186363104149, -0.000728516490199, 0.000540921464562, -0.00065553013701, -0.000809913268313, -0.00173309142701, 0.00717950053513, -0.00161166221369, -0.000406066246796, -0.000757761765271, -0.000774709449615, 0.000977666815743, -7.72238854552e-05], [-0.000206150391023, 0.00118702463806, -0.000555085600354, 0.000613214855548, -0.000357140175765, 5.35155486432e-05, -0.00161166221369, 0.00879315380007, -0.00344411563128, 0.0017096149968, -0.000376599957235, 0.0017836302286, -0.000934677605983], [0.000256693921983, -0.0011851725867, 0.000828093499877, -0.00130755093414, -0.000259924185229, -0.000482758856378, -0.000406066246796, -0.00344411563128, 0.0119392992929, -0.00295505789109, -0.000340668804711, -0.0010056195315, 4.71777966595e-05], [-0.000203344781767, 0.00155722443014, -0.000488929683343, 0.00148541072849, -0.000589615199715, -3.83195620088e-05, -0.000757761765271, 0.0017096149968, -0.00295505789109, 0.0125800613314, -0.00347523903474, 0.00191054306924, -0.000962171819992], [0.000199582704226, -0.00107496522833, 0.000408108491683, 2.88355226985e-06, 0.00104517431464, -0.000277501298115, -0.000774709449615, -0.000376599957235, -0.000340668804711, -0.00347523903474, 0.0131912203506, -0.00450480077416, 0.000871551863384], [-0.000178597576451, 0.00155995297246, -0.000922146020457, 0.000441179872723, -0.00169245840516, 0.00167601066642, 0.000977666815743, 0.0017836302286, -0.0010056195315, 0.00191054306924, -0.00450480077416, 0.0133761735633, -0.00257171341218], [0.000140673830174, -0.000444796372904, 0.000726309837773, -0.00016748267808, -0.000236642648815, 6.30300928606e-05, -7.72238854552e-05, -0.000934677605983, 4.71777966595e-05, -0.000962171819992, 0.000871551863384, -0.00257171341218, 0.0135600026697]], "mean": [-118.0284729, 131.281738281, -119.462921143, 11.8111162186, -58.5622444153, -2.70335650444, -31.1287193298, -3.71593546867, -19.3288002014, -1.13164639473, -11.6056985855, -6.81982421875, -7.63851213455]}, "melbands_spread": {"min": 0.033663675189, "max": 272.716308594, "dvar2": 439.643920898, "median": 11.3157691956, "dmean2": 11.1919212341, "dmean": 7.08195924759, "var": 540.562316895, "dvar": 217.695922852, "mean": 17.4917240143}, "spectral_energy": {"min": 9.97450248651e-21, "max": 0.273186683655, "dvar2": 0.00200801016763, "median": 0.00804825406522, "dmean2": 0.018411366269, "dmean": 0.0112033355981, "var": 0.00077755167149, "dvar": 0.000777014123742, "mean": 0.0173100698739}, "mfcc": {"cov": [[13848.1113281, -1384.67028809, -1276.26367188, 301.472869873, -765.649841309, -77.6687088013, -303.207397461, -101.610305786, -111.782043457, -0.788966536522, -105.230537415, -40.4351043701, -100.258308411], [-1384.67028809, 2447.24243164, -231.015731812, -23.6518802643, 154.143936157, -63.3264541626, 54.7764053345, -19.9312171936, 20.346200943, -33.0797920227, 33.0548934937, 10.6501626968, 4.1502623558], [-1276.26367188, -231.015731812, 1114.26916504, 109.686340332, 164.993133545, 60.6776275635, 32.7371063232, 42.5365943909, -18.3199539185, -55.9364242554, -1.60019385815, 21.5639457703, -5.86963415146], [301.472869873, -23.6518802643, 109.686340332, 516.762695312, 110.275047302, 64.7501983643, 13.6316719055, 68.6765136719, 60.3817939758, -35.5907402039, 1.69172334671, 37.6037597656, -18.7062854767], [-765.649841309, 154.143936157, 164.993133545, 110.275047302, 280.879119873, 63.5257415771, 28.1937332153, 56.1757888794, 40.5166702271, -14.3403940201, -0.360920488834, 2.83008003235, 7.25317144394], [-77.6687088013, -63.3264541626, 60.6776275635, 64.7501983643, 63.5257415771, 230.944442749, 69.6352539062, 37.4729232788, 37.5969581604, 19.3940887451, 32.1245880127, -4.83203983307, -7.68449783325], [-303.207397461, 54.7764053345, 32.7371063232, 13.6316719055, 28.1937332153, 69.6352539062, 153.579528809, 43.1818161011, 31.1832427979, 37.6676330566, 23.5958976746, 1.1776175499, 2.43198561668], [-101.610305786, -19.9312171936, 42.5365943909, 68.6765136719, 56.1757888794, 37.4729232788, 43.1818161011, 153.929824829, 47.1990013123, 11.4411497116, 24.3687210083, 7.13033056259, 6.50415658951], [-111.782043457, 20.346200943, -18.3199539185, 60.3817939758, 40.5166702271, 37.5969581604, 31.1832427979, 47.1990013123, 139.571563721, 43.169883728, 6.17671632767, 10.2837295532, 1.72371280193], [-0.788966536522, -33.0797920227, -55.9364242554, -35.5907402039, -14.3403940201, 19.3940887451, 37.6676330566, 11.4411497116, 43.169883728, 139.818344116, 22.5074386597, -5.97785186768, 8.99232292175], [-105.230537415, 33.0548934937, -1.60019385815, 1.69172334671, -0.360920488834, 32.1245880127, 23.5958976746, 24.3687210083, 6.17671632767, 22.5074386597, 109.069107056, 31.1140918732, -5.32988452911], [-40.4351043701, 10.6501626968, 21.5639457703, 37.6037597656, 2.83008003235, -4.83203983307, 1.1776175499, 7.13033056259, 10.2837295532, -5.97785186768, 31.1140918732, 89.6551818848, 17.0272006989], [-100.258308411, 4.1502623558, -5.86963415146, -18.7062854767, 7.25317144394, -7.68449783325, 2.43198561668, 6.50415658951, 1.72371280193, 8.99232292175, -5.32988452911, 17.0272006989, 83.7671203613]], "icov": [[0.00010907802789, 4.62146781501e-05, 0.000112072426418, -0.000136878225021, 0.00025570258731, -7.46956939111e-05, 0.000162849755725, -5.6554650655e-05, 8.66225745995e-05, -2.9224285754e-05, 9.9885117379e-05, 2.01022999136e-06, 8.35206519696e-05], [4.62146781501e-05, 0.000493026163895, 0.000198271794943, -7.71316354076e-06, -0.000310895440634, 0.000251558114542, -0.00025130258291, 0.000197130517336, -5.6529755966e-05, 0.000228576231166, -0.000212911734707, 1.5906553017e-05, 4.48882419732e-05], [0.000112072426418, 0.000198271794943, 0.0011907069711, -0.000188126068679, -0.000419001007685, -0.000116988041555, -0.000113740446977, -0.000108257874672, 0.000431688298704, 0.000302776519675, 0.000157771763043, -0.000291396398097, 0.000230876015848], [-0.000136878225021, -7.71316354076e-06, -0.000188126068679, 0.00263787060976, -0.000939455581829, -0.000343706895364, -1.79098005901e-05, -0.000602543295827, -0.000860282219946, 0.000715921574738, 0.000331401301082, -0.00116582564078, 0.0007084752433], [0.00025570258731, -0.000310895440634, -0.000419001007685, -0.000939455581829, 0.00560355046764, -0.00117734947708, 0.000572319026105, -0.00120624317788, -0.000585713598412, 0.000327561545419, 0.0006739901728, 0.000446131889476, -0.000504776253365], [-7.46956939111e-05, 0.000251558114542, -0.000116988041555, -0.000343706895364, -0.00117734947708, 0.00587483029813, -0.00232246657833, 0.000282994937152, -0.000844203517772, 0.000173899999936, -0.00175065000076, 0.00115772208665, 0.000151503598318], [0.000162849755725, -0.00025130258291, -0.000113740446977, -1.79098005901e-05, 0.000572319026105, -0.00232246657833, 0.00893753580749, -0.00181164895184, -0.000165352757904, -0.00190528982785, -0.000202466195333, -1.86204561032e-05, 1.28031124405e-05], [-5.6554650655e-05, 0.000197130517336, -0.000108257874672, -0.000602543295827, -0.00120624317788, 0.000282994937152, -0.00181164895184, 0.00861594546586, -0.00219609821215, 0.000568134128116, -0.00199634581804, 0.000796190928668, -0.00101024587639], [8.66225745995e-05, -5.6529755966e-05, 0.000431688298704, -0.000860282219946, -0.000585713598412, -0.000844203517772, -0.000165352757904, -0.00219609821215, 0.00986599270254, -0.00316259590909, 0.00144967914093, -0.00151256402023, 0.00062938319752], [-2.9224285754e-05, 0.000228576231166, 0.000302776519675, 0.000715921574738, 0.000327561545419, 0.000173899999936, -0.00190528982785, 0.000568134128116, -0.00316259590909, 0.00945452507585, -0.00214291829616, 0.00154275109526, -0.00126621650998], [9.9885117379e-05, -0.000212911734707, 0.000157771763043, 0.000331401301082, 0.0006739901728, -0.00175065000076, -0.000202466195333, -0.00199634581804, 0.00144967914093, -0.00214291829616, 0.0122332964092, -0.00502510881051, 0.00215711584315], [2.01022999136e-06, 1.5906553017e-05, -0.000291396398097, -0.00116582564078, 0.000446131889476, 0.00115772208665, -1.86204561032e-05, 0.000796190928668, -0.00151256402023, 0.00154275109526, -0.00502510881051, 0.0144118946046, -0.00365655310452], [8.35206519696e-05, 4.48882419732e-05, 0.000230876015848, 0.0007084752433, -0.000504776253365, 0.000151503598318, 1.28031124405e-05, -0.00101024587639, 0.00062938319752, -0.00126621650998, 0.00215711584315, -0.00365655310452, 0.0133491512388]], "mean": [-751.912841797, 158.119628906, -1.02310872078, 15.0274047852, -6.31321668625, 0.334485650063, -3.84183478355, -5.08661746979, -3.79106521606, -0.015765665099, -1.62211859226, -0.906075537205, -2.17155504227]}, "spectral_contrast_valleys": {"min": [-28.306350708, -28.1065177917, -27.719373703, -27.7923431396, -27.5444316864, -27.4331989288], "max": [-5.3337020874, -3.97942113876, -4.98805856705, -5.3251709938, -5.42583942413, -7.50104618073], "dvar2": [0.484551340342, 0.545055508614, 0.521616458893, 0.566974818707, 0.704366326332, 0.806532800198], "median": [-8.1858959198, -7.02632761002, -7.95734500885, -8.53804016113, -8.79930686951, -11.8207035065], "dmean2": [0.827220857143, 0.74475389719, 0.686864197254, 0.66117554903, 0.712858974934, 0.791651666164], "dmean": [0.513399481773, 0.47406360507, 0.447006464005, 0.448298245668, 0.511985421181, 0.593065500259], "var": [4.06503629684, 4.13347816467, 3.83901667595, 3.87275671959, 4.23234605789, 4.29849338531], "dvar": [0.227292254567, 0.258237063885, 0.246888175607, 0.276811927557, 0.39382609725, 0.534944057465], "mean": [-8.33799362183, -7.21652507782, -8.09223270416, -8.69939231873, -9.02025604248, -11.9400043488]}, "barkbands_flatness_db": {"min": 0.0257083792239, "max": 0.663335978985, "dvar2": 0.00275089778006, "median": 0.181132495403, "dmean2": 0.0492936968803, "dmean": 0.0329221785069, "var": 0.00525853177533, "dvar": 0.00131203653291, "mean": 0.186076760292}, "dynamic_complexity": 5.79407072067, "erbbands_flatness_db": {"min": 0.0364681966603, "max": 0.469872862101, "dvar2": 0.00140729208943, "median": 0.213028177619, "dmean2": 0.0385611131