{"lowlevel": {"spectral_complexity": {"min": 0, "max": 64, "dvar2": 85.8652496338, "median": 11, "dmean2": 6.55868959427, "dmean": 4.66064786911, "var": 176.340896606, "dvar": 46.1860961914, "mean": 14.6487665176}, "silence_rate_20dB": {"min": 1, "max": 1, "dvar2": 0, "median": 1, "dmean2": 0, "dmean": 0, "var": 0, "dvar": 0, "mean": 1}, "average_loudness": 0.861471772194, "erbbands_spread": {"min": 3.10401463509, "max": 197.578475952, "dvar2": 483.890899658, "median": 33.6916236877, "dmean2": 18.3356895447, "dmean": 12.2544994354, "var": 496.559692383, "dvar": 221.559631348, "mean": 38.8590812683}, "spectral_kurtosis": {"min": -1.51571011543, "max": 58.2987098694, "dvar2": 17.1289863586, "median": 3.97707509995, "dmean2": 3.14558124542, "dmean": 1.95357203484, "var": 14.5664396286, "dvar": 6.84315443039, "mean": 4.90897703171}, "barkbands_kurtosis": {"min": -1.94617176056, "max": 1202.92089844, "dvar2": 2607.32763672, "median": 0.372216463089, "dmean2": 14.0419311523, "dmean": 8.55371189117, "var": 1056.58105469, "dvar": 1045.94091797, "mean": 7.84858131409}, "spectral_strongpeak": {"min": 0, "max": 15.7402801514, "dvar2": 2.6741092205, "median": 0.228715196252, "dmean2": 0.827823281288, "dmean": 0.485233902931, "var": 1.4604934454, "dvar": 1.06014275551, "mean": 0.652497828007}, "spectral_spread": {"min": 1500550.25, "max": 41931868, "dvar2": 1767655735300.0, "median": 4110442.5, "dmean2": 933356.8125, "dmean": 663332.25, "var": 5865631907840.0, "dvar": 904925609984, "mean": 4410364.5}, "spectral_rms": {"min": 3.16177162576e-12, "max": 0.0163791365921, "dvar2": 1.10603023131e-05, "median": 0.00292629795149, "dmean2": 0.00195227621589, "dmean": 0.00138299155515, "var": 9.20913498703e-06, "dvar": 5.40772407476e-06, "mean": 0.00358099676669}, "erbbands": {"min": [1.67443439037e-22, 8.04272546249e-22, 9.03017181386e-22, 6.15711040771e-21, 1.75681125982e-20, 7.18714228287e-20, 4.82023443029e-20, 1.39578585809e-19, 1.539936297e-19, 2.91903016731e-19, 4.77094357769e-19, 3.58605749804e-19, 5.1391702652e-19, 9.63276948929e-19, 1.342112021e-18, 1.88723800334e-18, 1.94611713294e-18, 2.73018633273e-18, 2.82916014739e-18, 2.89206930092e-18, 3.51012645371e-18, 4.92544613027e-18, 4.42719761061e-18, 5.73957052403e-18, 8.92652206191e-18, 1.12099326362e-17, 1.0006348449e-17, 1.2082762038e-17, 1.4557238926e-17, 1.30552824201e-17, 1.06454951918e-17, 1.3976558136e-17, 1.17157552351e-17, 8.1665167869e-18, 7.1945092568e-18, 4.77930937222e-18, 2.30091330243e-18, 1.05746355918e-18, 2.56379047392e-19, 2.89918920635e-20], "max": [3.68471598625, 51.105556488, 117.715255737, 203.056518555, 197.864959717, 50.7213745117, 76.1183319092, 97.0036468506, 388.466522217, 1188.50610352, 2392.56665039, 1790.06140137, 838.350219727, 1291.92285156, 793.153015137, 911.906982422, 1253.46826172, 3774.69311523, 1808.2611084, 821.171813965, 1947.05517578, 1126.66955566, 1190.02722168, 1052.1574707, 580.634033203, 353.481658936, 228.953598022, 224.669387817, 204.979980469, 203.57119751, 384.480377197, 142.542495728, 41.3981933594, 27.0848026276, 17.4018878937, 5.15830230713, 2.87471699715, 0.397754669189, 0.0232621580362, 0.000844133784994], "dvar2": [0.503368318081, 160.72555542, 729.828918457, 1040.32800293, 378.26385498, 50.2281532288, 33.9473991394, 38.567565918, 289.945404053, 4645.91894531, 7132.76074219, 3354.07763672, 2887.04467773, 3814.02539062, 1888.96728516, 1766.27905273, 2743.03125, 13443.5605469, 5376.75244141, 1949.23779297, 3652.41479492, 1512.59118652, 1727.30358887, 2679.01806641, 1226.50708008, 815.6796875, 426.652893066, 295.455322266, 200.292724609, 107.550163269, 128.085769653, 27.1509723663, 6.95392513275, 2.5976099968, 0.61030715704, 0.108378656209, 0.0112803457305, 0.000318786653224, 1.34660967888e-06, 6.54016130142e-09], "median": [0.0223361235112, 0.363807708025, 0.816110312939, 0.899675369263, 1.01947498322, 0.925846338272, 0.849275946617, 0.811495125294, 1.03289651871, 1.53095650673, 1.14454543591, 1.1226285696, 1.31359660625, 1.54384493828, 2.88214039803, 2.61843156815, 3.5167286396, 5.56058645248, 6.55277395248, 7.06029844284, 8.16379547119, 6.79106092453, 5.10834312439, 6.19671058655, 4.86920499802, 2.47418093681, 1.72693407536, 1.31067728996, 0.867215931416, 0.579746901989, 0.326944172382, 0.254701405764, 0.164191275835, 0.0915608853102, 0.0411801040173, 0.0162539891899, 0.00338570377789, 0.000449729210231, 3.80845121981e-05, 1.38002669701e-05], "dmean2": [0.292848676443, 5.02389621735, 10.4588060379, 12.5330896378, 6.92220306396, 3.1119863987, 2.71459674835, 2.83029723167, 5.44622945786, 14.7120628357, 17.4615745544, 9.65871143341, 11.8632135391, 12.2084627151, 15.2806844711, 13.3773603439, 17.5294551849, 28.468296051, 26.115316391, 20.3963432312, 24.5565567017, 19.0621776581, 16.8608722687, 21.9010848999, 17.3064422607, 12.3269453049, 8.74301815033, 7.436378479, 6.06474542618, 4.26414060593, 2.84091734886, 1.93042564392, 1.14328432083, 0.706789195538, 0.325178802013, 0.139555871487, 0.0373440980911, 0.00619344972074, 0.000442130491138, 4.12807858083e-05], "dmean": [0.17114892602, 2.90688753128, 6.00461292267, 7.40568351746, 4.04023313522, 1.86803042889, 1.68601775169, 1.70181357861, 3.25154042244, 8.9583530426, 10.7719116211, 6.00747776031, 7.22831916809, 7.38220596313, 9.58338260651, 8.61590385437, 11.2581653595, 18.3505496979, 17.1745300293, 13.5034799576, 16.1446685791, 12.4214897156, 11.0180139542, 14.4121284485, 11.2492351532, 7.96319961548, 5.67456102371, 4.93656158447, 4.15191173553, 2.98000884056, 1.95496141911, 1.28951048851, 0.786994576454, 0.477631539106, 0.227291539311, 0.0978923216462, 0.0248525049537, 0.00401206081733, 0.000286706141196, 2.75094625977e-05], "var": [0.154693424702, 44.6617050171, 185.38734436, 319.022460938, 104.307685852, 18.3221893311, 15.8706302643, 18.5159091949, 161.724563599, 1944.62597656, 3444.79003906, 1352.63085938, 1263.82727051, 1414.68774414, 1169.8807373, 1543.72167969, 2213.96118164, 8062.81005859, 4342.12011719, 2293.44018555, 3305.92944336, 1665.87585449, 1401.39538574, 2448.29248047, 1252.18469238, 681.23614502, 344.600616455, 302.182403564, 221.394042969, 149.96194458, 168.160736084, 38.3793258667, 10.4496612549, 3.13654017448, 0.815511584282, 0.129550859332, 0.00739059410989, 0.000184119780897, 8.49082823606e-07, 4.00686017699e-09], "dvar": [0.195880696177, 61.5833473206, 270.02835083, 402.878967285, 139.816726685, 18.5657482147, 13.1542472839, 14.2931375504, 108.827133179, 1567.56445312, 2649.6015625, 1250.95080566, 1020.81274414, 1265.62084961, 710.491882324, 763.601074219, 1108.25219727, 5150.04785156, 2256.55834961, 886.49432373, 1613.40466309, 669.409179688, 798.505859375, 1198.03857422, 516.521118164, 330.372131348, 176.356872559, 129.391159058, 92.4979324341, 50.7550964355, 61.7264938354, 12.7684783936, 3.34492516518, 1.22633266449, 0.311196744442, 0.0545094832778, 0.00497063808143, 0.000137342256494, 5.78838978527e-07, 2.95980218112e-09], "mean": [0.163907513022, 2.35191822052, 4.87848472595, 6.51416301727, 4.1017575264, 2.4885995388, 2.27958250046, 2.31882238388, 4.22912168503, 11.0112142563, 13.3377656937, 7.76124429703, 8.97110462189, 9.6042881012, 14.0379219055, 12.8897447586, 16.6395931244, 27.9015655518, 27.0294208527, 22.8728294373, 26.8696861267, 21.9150905609, 18.1309146881, 24.3917617798, 19.2626132965, 12.7096338272, 9.03241062164, 8.04712581635, 7.01715421677, 5.1758556366, 3.36083722115, 2.13509011269, 1.3381203413, 0.750705838203, 0.359197646379, 0.146950766444, 0.0334234721959, 0.0050306734629, 0.000367744127288, 3.95367351302e-05]}, "zerocrossingrate": {"min": 0.00244140625, "max": 0.5322265625, "dvar2": 0.000399130018195, "median": 0.06103515625, "dmean2": 0.0161727312952, "dmean": 0.0145691782236, "var": 0.00298969983123, "dvar": 0.000343146093655, "mean": 0.0717028602958}, "spectral_contrast_coeffs": {"min": [-0.980270922184, -0.981421291828, -0.989574730396, -0.980758309364, -0.977920293808, -0.96446877718], "max": [-0.355184286833, -0.238698020577, -0.389633387327, -0.478023678064, -0.478903263807, -0.572225511074], "dvar2": [0.0057908501476, 0.00497983908281, 0.0033993977122, 0.00228819646873, 0.00137834018096, 0.000929921341594], "median": [-0.683747649193, -0.748310148716, -0.778448224068, -0.777344226837, -0.784090101719, -0.756153762341], "dmean2": [0.0830188393593, 0.081578142941, 0.0681157559156, 0.0563660897315, 0.0405092388391, 0.0315417423844], "dmean": [0.0530748404562, 0.05170385167, 0.0437988787889, 0.0367557220161, 0.0270353015512, 0.021821886301], "var": [0.00766842393205, 0.00891105085611, 0.00647452147678, 0.00481821829453, 0.00353057635948, 0.00247028004378], "dvar": [0.00256668543443, 0.00211511924863, 0.00154013291467, 0.00103739753831, 0.000648142129648, 0.000449960090918], "mean": [-0.67751532793, -0.736830890179, -0.770592272282, -0.770607709885, -0.780500948429, -0.759982824326]}, "dissonance": {"min": 0.25847363472, "max": 0.500000119209, "dvar2": 0.00073402072303, "median": 0.481985718012, "dmean2": 0.0235741641372, "dmean": 0.0142315886915, "var": 0.000667898333631, "dvar": 0.000283512868918, "mean": 0.474113285542}, "spectral_energyband_high": {"min": 7.26709591298e-21, "max": 0.0241619460285, "dvar2": 1.6777073597e-06, "median": 0.000151668748003, "dmean2": 0.000597432197537, "dmean": 0.000425661768531, "var": 2.82456267087e-06, "dvar": 8.09243999811e-07, "mean": 0.000829643511679}, "spectral_skewness": {"min": -0.708354532719, "max": 5.76198244095, "dvar2": 0.202418014407, "median": 1.36950862408, "dmean2": 0.396750628948, "dmean": 0.258808583021, "var": 0.287065535784, "dvar": 0.0844702124596, "mean": 1.42468655109}, "spectral_flux": {"min": 6.55070164779e-11, "max": 0.467006623745, "dvar2": 0.00887822173536, "median": 0.0465982034802, "dmean2": 0.0612061619759, "dmean": 0.0410962477326, "var": 0.00803982932121, "dvar": 0.00442200340331, "mean": 0.0801833197474}, "silence_rate_30dB": {"min": 0, "max": 1, "dvar2": 0.2017121315, "median": 1, "dmean2": 0.178721025586, "dmean": 0.0893521979451, "var": 0.0580679997802, "dvar": 0.0813759490848, "mean": 0.938110768795}, "spectral_energyband_middle_high": {"min": 1.07391075723e-21, "max": 0.0915932506323, "dvar2": 2.06099084608e-05, "median": 0.00170417269692, "dmean2": 0.00253506284207, "dmean": 0.00176537421066, "var": 3.93868067476e-05, "dvar": 9.39410074352e-06, "mean": 0.00406209472567}, "barkbands_spread": {"min": 0.158083051443, "max": 120.694030762, "dvar2": 280.212371826, "median": 27.2224960327, "dmean2": 14.8061981201, "dmean": 9.50047588348, "var": 345.839202881, "dvar": 121.592483521, "mean": 29.1804389954}, "spectral_centroid": {"min": 102.117195129, "max": 11488.4794922, "dvar2": 472053.5625, "median": 1851.21948242, "dmean2": 586.619262695, "dmean": 387.12322998, "var": 996985.375, "dvar": 211695.390625, "mean": 1839.92541504}, "pitch_salience": {"min": 0.0477790348232, "max": 0.992195129395, "dvar2": 0.0255673266947, "median": 0.5217269063, "dmean2": 0.151654198766, "dmean": 0.094853952527, "var": 0.0184188429266, "dvar": 0.0102566974238, "mean": 0.511753737926}, "erbbands_skewness": {"min": -7.69552612305, "max": 7.48642635345, "dvar2": 0.647829711437, "median": -0.391421675682, "dmean2": 0.730092763901, "dmean": 0.478947997093, "var": 0.961566507816, "dvar": 0.281484663486, "mean": -0.348796755075}, "erbbands_crest": {"min": 2.63995099068, "max": 31.7761611938, "dvar2": 20.1116199493, "median": 7.5756187439, "dmean2": 4.60317564011, "dmean": 2.81575608253, "var": 18.9193572998, "dvar": 8.0779800415, "mean": 8.74917125702}, "melbands": {"min": [2.29434475042e-24, 5.53657638291e-25, 1.70053246503e-24, 3.72221730432e-24, 2.5394986595e-24, 2.96051885222e-24, 2.06388377012e-24, 3.79648816412e-24, 3.89898091723e-24, 2.57481970932e-24, 2.19789624956e-24, 3.452901769e-24, 4.08850041097e-24, 3.77688812606e-24, 3.28966514846e-24, 4.3428587491e-24, 4.81596348308e-24, 4.09778096509e-24, 3.86008258042e-24, 3.61136420333e-24, 3.93696969741e-24, 4.63922787473e-24, 4.23114381757e-24, 4.53512939525e-24, 4.1400146058e-24, 5.69090607357e-24, 5.88069259673e-24, 6.96588081796e-24, 5.39562163168e-24, 5.85050920077e-24, 7.01342152041e-24, 7.09832504192e-24, 7.60239296086e-24, 6.72140493482e-24, 5.17085425497e-24, 7.36415696748e-24, 7.60861155137e-24, 6.79188413467e-24, 5.99532158044e-24, 6.46415857692e-24], "max": [0.042558953166, 0.0600826777518, 0.0313371568918, 0.00804340932518, 0.00288246804848, 0.00191721366718, 0.00574025511742, 0.0176153220236, 0.0161020681262, 0.00982980802655, 0.00408159010112, 0.00519708869979, 0.00199199141935, 0.00230910722166, 0.00193485815544, 0.00201384793036, 0.00857422500849, 0.00385106378235, 0.0013158316724, 0.0012219385244, 0.00247543258592, 0.00147335592192, 0.00117776566185, 0.000523101945873, 0.00102458789479, 0.000658572709654, 0.000337758654496, 0.000254336249782, 0.000174799803062, 0.000213037681533, 0.000108067324618, 0.000128205429064, 0.000125781909446, 0.000135979542392, 0.000265702256002, 0.000130535307107, 9.03274121811e-05, 3.09470160573e-05, 4.68827674922e-05, 2.42530222749e-05], "dvar2": [0.000103891499748, 0.000227489203098, 2.43024242081e-05, 6.81051346874e-07, 5.02957142601e-08, 1.9240992799e-08, 7.11662337949e-08, 9.14935242236e-07, 3.69661080413e-07, 1.16576423181e-07, 7.10924936698e-08, 6.2415018931e-08, 1.84200068531e-08, 1.7334377489e-08, 1.27541310846e-08, 1.19311147628e-08, 6.67179378411e-08, 2.08829895598e-08, 5.25135090967e-09, 6.41942898838e-09, 5.37114042132e-09, 2.59499821631e-09, 2.62654253902e-09, 9.91309256904e-10, 2.45826248246e-09, 8.62606153174e-10, 5.92626447915e-10, 3.89685034241e-10, 2.04564851169e-10, 1.74576630929e-10, 9.79303999005e-11, 7.81901071667e-11, 6.08962047455e-11, 3.63081439914e-11, 6.52461765172e-11, 2.17542789338e-11, 1.30130914724e-11, 4.37857649443e-12, 2.82762376881e-12, 2.03026441145e-12], "median": [0.000342738785548, 0.000508104858454, 0.000188614736544, 7.74522632128e-05, 3.3492284274e-05, 1.73089974851e-05, 1.40217707667e-05, 1.61431053129e-05, 8.87856822374e-06, 5.64199763176e-06, 5.54665621166e-06, 5.01925478602e-06, 8.44311307446e-06, 7.0246096584e-06, 6.85781196808e-06, 6.27705230727e-06, 1.02001076812e-05, 1.0265200217e-05, 7.36512083677e-06, 9.80094773695e-06, 8.50417382026e-06, 6.27137933407e-06, 5.53551353732e-06, 2.98012287203e-06, 4.84531074108e-06, 3.77399805984e-06, 2.10310167859e-06, 1.35495099585e-06, 1.030776275e-06, 8.65917684223e-07, 6.70901727062e-07, 4.94664277539e-07, 3.54210015985e-07, 2.73563017572e-07, 1.77920739475e-07, 1.36305217779e-07, 1.47746689549e-07, 1.13723743311e-07, 8.45086205459e-08, 6.61252741452e-08], "dmean2": [0.00410047965124, 0.00601785024628, 0.0019570866134, 0.000315273238812, 0.000105992796307, 6.32983646938e-05, 8.40513457661e-05, 0.000192976964172, 0.000130524189444, 5.88194816373e-05, 5.8827597968e-05, 4.98224981129e-05, 4.6543944336e-05, 4.22781122325e-05, 3.65047781088e-05, 3.66372114513e-05, 6.07192159805e-05, 4.70575323561e-05, 2.92399345199e-05, 3.40665355907e-05, 2.98855538858e-05, 2.27375676332e-05, 2.14529463847e-05, 1.29803065647e-05, 2.0276154828e-05, 1.41265963975e-05, 1.11163499241e-05, 8.29031887406e-06, 5.97594453211e-06, 5.47215540792e-06, 4.28988550993e-06, 3.72945805793e-06, 3.1794518236e-06, 2.32198362937e-06, 1.88030685422e-06, 1.28410681555e-06, 1.293899345e-06, 8.69429868544e-07, 7.36335096008e-07, 5.97281257342e-07], "dmean": [0.00238705007359, 0.00351166957989, 0.00116195832379, 0.000182837073226, 6.64039616822e-05, 3.80420860893e-05, 5.05485950271e-05, 0.000117473573482, 8.04454248282e-05, 3.64040570275e-05, 3.59421246685e-05, 3.01332747767e-05, 2.88980718324e-05, 2.685005893e-05, 2.36157084146e-05, 2.3471620807e-05, 3.90892746509e-05, 3.0715160392e-05, 1.9327046175e-05, 2.20562433242e-05, 1.95376869669e-05, 1.46583361129e-05, 1.40322226798e-05, 8.21060257294e-06, 1.32837831188e-05, 9.11230472411e-06, 7.12478140485e-06, 5.30613488081e-06, 3.8025991671e-06, 3.5499247133e-06, 2.81844313577e-06, 2.49271374742e-06, 2.17038723349e-06, 1.58483896939e-06, 1.28061765281e-06, 8.53006270063e-07, 8.47904516377e-07, 5.91573552811e-07, 4.87896045342e-07, 3.99197858769e-07], "var": [2.99808980344e-05, 6.38397177681e-05, 7.66335870139e-06, 1.82950103067e-07, 2.63014516833e-08, 9.07284203322e-09, 4.15101411022e-08, 3.66150629816e-07, 1.88194306361e-07, 4.95816649959e-08, 3.10911829615e-08, 2.36953372479e-08, 1.01544053166e-08, 1.20100009937e-08, 1.09941336035e-08, 9.85995018965e-09, 3.73005910603e-08, 1.45927794293e-08, 5.60596058463e-09, 5.62634960843e-09, 4.72705874444e-09, 2.39715669537e-09, 2.22517471116e-09, 6.73641531446e-10, 2.13070450172e-09, 8.59481319448e-10, 5.23432797106e-10, 3.05763331321e-10, 1.44988784867e-10, 1.48535406197e-10, 8.91133833392e-11, 7.11725331448e-11, 6.7846436802e-11, 4.34053105958e-11, 7.43998543329e-11, 2.76743992306e-11, 1.27019254489e-11, 5.54285870674e-12, 3.57045317791e-12, 2.0901639794e-12], "dvar": [4.01215584134e-05, 8.71008014656e-05, 9.46947238845e-06, 2.4662119813e-07, 1.97342870933e-08, 7.09198166859e-09, 2.68547921678e-08, 3.03464304352e-07, 1.38991239851e-07, 4.42442669168e-08, 2.51059812939e-08, 2.07138910469e-08, 6.81960887761e-09, 6.97882640566e-09, 5.22053067442e-09, 5.03123809281e-09, 2.5373585899e-08, 8.5232541025e-09, 2.37103781053e-09, 2.67933586429e-09, 2.39220443454e-09, 1.10747966353e-09, 1.26321886285e-09, 4.0641504051e-10, 1.10107467588e-09, 3.70241171055e-10, 2.42593251043e-10, 1.58948951223e-10, 8.37570152123e-11, 7.34444588479e-11, 4.22127471866e-11, 3.42744374549e-11, 2.77079626604e-11, 1.63853687563e-11, 3.05407643619e-11, 1.03467980711e-11, 5.45956509168e-12, 2.01465124965e-12, 1.34756843271e-12, 9.2274831439e-13], "mean": [0.00206811772659, 0.00292304879986, 0.00106665270869, 0.000207849298022, 9.33368355618e-05, 5.07872900926e-05, 6.45602776785e-05, 0.000143107361509, 9.97030801955e-05, 4.53748798463e-05, 4.36302143498e-05, 3.76805219275e-05, 4.06304643548e-05, 3.85291605198e-05, 3.45364642271e-05, 3.29539398081e-05, 5.68371651752e-05, 4.54292239738e-05, 3.05471621687e-05, 3.38880818163e-05, 3.10886644002e-05, 2.35152474488e-05, 2.10803536902e-05, 1.25344868138e-05, 2.13279527088e-05, 1.5352943592e-05, 1.09786788016e-05, 7.92914124759e-06, 5.67242614125e-06, 5.29452108822e-06, 4.38809320258e-06, 3.99635337089e-06, 3.54432268068e-06, 2.6027930744e-06, 2.07869038604e-06, 1.38047778364e-06, 1.29450245367e-06, 9.6937287708e-07, 7.55877977099e-07, 5.95791902924e-07]}, "spectral_entropy": {"min": 4.91365289688, "max": 9.81709289551, "dvar2": 0.160058498383, "median": 7.66602039337, "dmean2": 0.329819977283, "dmean": 0.223662510514, "var": 0.277486294508, "dvar": 0.0737219676375, "mean": 7.58687639236}, "spectral_rolloff": {"min": 21.533203125, "max": 19358.3496094, "dvar2": 2882739, "median": 1765.72265625, "dmean2": 1269.49780273, "dmean": 778.323791504, "var": 4325812, "dvar": 1442709.25, "mean": 2056.07421875}, "barkbands": {"min": [1.21048240716e-24, 4.4178316951e-24, 1.05207341815e-24, 2.79196471754e-24, 1.883875099e-23, 1.24697862306e-23, 9.41726292549e-24, 1.76567786076e-23, 1.93554359502e-23, 1.21750196759e-23, 2.22857812673e-23, 4.32917240682e-23, 4.35369651464e-23, 5.53119731789e-23, 4.59945413898e-23, 4.93115342577e-23, 7.61049519344e-23, 9.04385356496e-23, 1.44282899379e-22, 2.38353502097e-22, 3.15753681596e-22, 4.01251663438e-22, 4.41761400104e-22, 6.67176851293e-22, 9.06571876977e-22, 1.32307932777e-21, 2.07344775881e-21], "max": [0.00211390992627, 0.188445210457, 0.107831075788, 0.0807462632656, 0.0272637121379, 0.00790801923722, 0.0318550765514, 0.134149834514, 0.0711670294404, 0.0217897929251, 0.0276801846921, 0.0186539702117, 0.0248326398432, 0.0709924474359, 0.0202027410269, 0.0288674645126, 0.0207370836288, 0.0186246596277, 0.0148790739477, 0.00724776182324, 0.00684105558321, 0.00525275617838, 0.00999678764492, 0.00394099391997, 0.00246349535882, 0.00125886674505, 0.000201399961952], "dvar2": [1.66824936088e-08, 0.00224695494398, 0.000479767331854, 0.000122929603094, 8.05712988949e-06, 4.18256973944e-07, 2.12270947486e-06, 2.97914957628e-05, 6.08100481259e-06, 2.27702889788e-06, 1.32912998652e-06, 1.29140619265e-06, 1.24902339849e-06, 5.88124112255e-06, 9.8400562365e-07, 1.27159205476e-06, 7.26020061848e-07, 5.26261487721e-07, 7.42819963762e-07, 3.67956602076e-07, 2.11053318822e-07, 1.34984972533e-07, 1.05958434915e-07, 3.43006441028e-08, 1.46118850353e-08, 3.37154815178e-09, 6.98719970771e-11], "median": [2.49020085903e-05, 0.00152315222658, 0.000487008597702, 0.000319165963447, 0.000314629287459, 8.85160261532e-05, 6.04807974014e-05, 5.95784986217e-05, 3.53396644641e-05, 4.44684264949e-05, 5.27314259671e-05, 5.36175975867e-05, 6.12338117207e-05, 0.000118810727145, 9.40307800192e-05, 0.000139408744872, 0.000124358717585, 7.51154730096e-05, 0.00013043868239, 4.86865283165e-05, 3.6236961023e-05, 2.39000510192e-05, 1.24675416373e-05, 1.12552470455e-05, 7.08324978405e-06, 2.57208853327e-06, 1.62684955285e-07], "dmean2": [6.69141300023e-05, 0.018843928352, 0.00841087382287, 0.00395693676546, 0.00114600383677, 0.000311520358082, 0.000447662343504, 0.00105185108259, 0.000430156826042, 0.000403849961003, 0.00034192574094, 0.000351133174263, 0.000374067458324, 0.000648476416245, 0.000407071434893, 0.000472950865515, 0.000405526487157, 0.00029851263389, 0.000415809598053, 0.000265705923084, 0.000196359818801, 0.000162519791047, 0.000100185447081, 7.76841188781e-05, 5.33738930244e-05, 2.38103602896e-05, 2.87380339614e-06], "dmean": [4.36593509221e-05, 0.0109228631482, 0.00478263571858, 0.00231455918401, 0.000674855429679, 0.000186727877008, 0.000270489545073, 0.000645344960503, 0.000264581933152, 0.000243983158725, 0.000209897538298, 0.000222340575419, 0.000237791158725, 0.000418085226556, 0.00026777232415, 0.000308332004352, 0.000262991990894, 0.000191568266018, 0.000275351543678, 0.000170809042174, 0.000129666106659, 0.000111512243166, 7.02178513166e-05, 5.27397423866e-05, 3.64997358702e-05, 1.63523818628e-05, 1.82919609415e-06], "var": [1.62170188389e-08, 0.000629819522146, 0.000117226540169, 3.60991471098e-05, 2.34743947658e-06, 1.84447785045e-07, 1.20108120427e-06, 1.21881530504e-05, 2.37830226979e-06, 1.09742643417e-06, 5.76546938191e-07, 8.97534050637e-07, 9.89066620605e-07, 3.60118178833e-06, 1.07932635274e-06, 1.13339422114e-06, 7.17000204986e-07, 4.06776649697e-07, 7.94203174337e-07, 3.05841268755e-07, 1.9926714856e-07, 1.61968671364e-07, 1.75214466935e-07, 4.88761777717e-08, 1.84853448104e-08, 3.15438741794e-09, 3.82383187614e-11], "dvar": [7.25461779538e-09, 0.000861915585119, 0.000174953485839, 4.69105252705e-05, 2.9006960176e-06, 1.54303279487e-07, 8.12803136796e-07, 1.01563073258e-05, 2.23314737013e-06, 8.0166881844e-07, 4.81783274608e-07, 5.18634465152e-07, 5.12862754931e-07, 2.23746701522e-06, 4.53180831528e-07, 5.46441015103e-07, 3.19534564142e-07, 2.32988838889e-07, 3.33795298957e-07, 1.4895027789e-07, 9.07148702822e-08, 6.2614368801e-08, 5.34634061466e-08, 1.60697197771e-08, 7.0992909329e-09, 1.58829516206e-09, 2.94129616496e-11], "mean": [8.74085308169e-05, 0.00912415329367, 0.0038000526838, 0.0021235877648, 0.000834739825223, 0.00024279311765, 0.000329564383719, 0.000786079792306, 0.000317868136335, 0.000312853691867, 0.000275603291811, 0.000311409734422, 0.000330027629388, 0.000618730206043, 0.000419909629272, 0.000479610840557, 0.000436067261035, 0.00030005373992, 0.000486067641759, 0.000270126707619, 0.000207797449548, 0.00019161531236, 0.000124269223306, 8.92472817213e-05, 5.80053383601e-05, 2.35968054767e-05, 2.18525156015e-06]}, "melbands_flatness_db": {"min": 0.000352634961018, "max": 0.649884521961, "dvar2": 0.00614688219503, "median": 0.189044803381, "dmean2": 0.0658581033349, "dmean": 0.0445727370679, "var": 0.00921670440584, "dvar": 0.0026593117509, "mean": 0.205523774028}, "melbands_skewness": {"min": -6.80935955048, "max": 21.8916416168, "dvar2": 8.45928668976, "median": 2.2942442894, "dmean2": 2.13132214546, "dmean": 1.43020260334, "var": 8.21092224121, "dvar": 3.85158514977, "mean": 3.1202237606}, "barkbands_skewness": {"min": -7.43732118607, "max": 29.1602706909, "dvar2": 5.23848628998, "median": 1.026668787, "dmean2": 1.52077138424, "dmean": 1.01880967617, "var": 4.6935005188, "dvar": 2.31145048141, "mean": 1.52335131168}, "silence_rate_60dB": {"min": 0, "max": 1, "dvar2": 0.151793241501, "median": 0, "dmean2": 0.17350833118, "dmean": 0.0867460891604, "var": 0.197176396847, "dvar": 0.0792182385921, "mean": 0.270172178745}, "spectral_energyband_low": {"min": 1.72842579778e-23, "max": 0.24846817553, "dvar2": 0.00405835080892, "median": 0.00283589353785, "dmean2": 0.0269573051482, "dmean": 0.0160708092153, "var": 0.00129059678875, "dvar": 0.00161599309649, "mean": 0.0143958656117}, "spectral_energyband_middle_low": {"min": 1.80674239383e-22, "max": 0.135021194816, "dvar2": 0.000194757711142, "median": 0.00190439831931, "dmean2": 0.00619145296514, "dmean": 0.00375805189833, "var": 7.53620697651e-05, "dvar": 7.46771329432e-05, "mean": 0.00474833277985}, "melbands_kurtosis": {"min": -1.95844817162, "max": 732.246520996, "dvar2": 5591.00634766, "median": 5.58758068085, "dmean2": 33.7413902283, "dmean": 20.9398460388, "var": 3018.37011719, "dvar": 2322.88208008, "mean": 24.1603221893}, "spectral_decrease": {"min": -7.14034342764e-08, "max": 1.93672020764e-28, "dvar2": 2.75664040417e-16, "median": -2.11818540485e-09, "dmean2": 7.71579866665e-09, "dmean": 4.80702855299e-09, "var": 1.05728492126e-16, "dvar": 1.13464457268e-16, "mean": -5.59890267482e-09}, "erbbands_kurtosis": {"min": -1.84553492069, "max": 87.9006881714, "dvar2": 18.9917449951, "median": 0.158956050873, "dmean2": 2.33837151527, "dmean": 1.47723078728, "var": 13.6672744751, "dvar": 8.25730133057, "mean": 1.06854736805}, "melbands_crest": {"min": 1.28103601933, "max": 35.642539978, "dvar2": 30.5137042999, "median": 14.6391134262, "dmean2": 5.57367372513, "dmean": 3.49504327774, "var": 31.0647506714, "dvar": 12.4158554077, "mean": 14.9008131027}, "gfcc": {"cov": [[19677.2441406, -723.739135742, -1133.57177734, 489.757507324, -559.984436035, 507.614990234, -282.964691162, 335.393463135, -185.302536011, 145.967376709, -288.121520996, -135.290084839, -381.417510986], [-723.739135742, 2187.72680664, -96.8903198242, -309.116668701, 489.041473389, -334.135345459, 101.487945557, -208.208023071, 63.6163787842, -158.504730225, 101.27721405, -30.568687439, 128.574447632], [-1133.57177734, -96.8903198242, 1233.73962402, 307.519348145, 179.445983887, 234.414306641, 69.2191009521, 36.1092529297, -8.98320102692, 17.3117141724, -23.6489677429, -14.5593967438, -12.6482133865], [489.757507324, -309.116668701, 307.519348145, 683.722900391, 130.510925293, 172.134429932, 83.7321243286, 37.4017524719, 31.1444702148, -20.176607132, -43.1586532593, -51.4743041992, -33.228679657], [-559.984436035, 489.041473389, 179.445983887, 130.510925293, 520.94708252, 8.03775978088, 100.959182739, -25.8223018646, 26.2600002289, -63.311668396, -5.75036668777, 0.662218391895, 39.358291626], [507.614990234, -334.135345459, 234.414306641, 172.134429932, 8.03775978088, 344.001983643, 82.6738357544, 56.2089233398, -10.6874675751, 39.6593780518, -15.5446329117, -29.0915775299, -38.2434654236], [-282.964691162, 101.487945557, 69.2191009521, 83.7321243286, 100.959182739, 82.6738357544, 223.40385437, 46.7459831238, 43.0352745056, 1.18290436268, 7.22935819626, -10.4465141296, -0.860864639282], [335.393463135, -208.208023071, 36.1092529297, 37.4017524719, -25.8223018646, 56.2089233398, 46.7459831238, 170.126922607, 60.9562911987, 40.8824272156, -7.95673179626, -3.31692290306, -12.0374135971], [-185.302536011, 63.6163787842, -8.98320102692, 31.1444702148, 26.2600002289, -10.6874675751, 43.0352745056, 60.9562911987, 133.788482666, 36.7626800537, 14.8957605362, -16.9535007477, 1.36645650864], [145.967376709, -158.504730225, 17.3117141724, -20.176607132, -63.311668396, 39.6593780518, 1.18290436268, 40.8824272156, 36.7626800537, 124.111152649, 38.4899749756, -5.42589092255, -28.6589870453], [-288.121520996, 101.27721405, -23.6489677429, -43.1586532593, -5.75036668777, -15.5446329117, 7.22935819626, -7.95673179626, 14.8957605362, 38.4899749756, 100.647094727, 27.3557777405, 12.5891590118], [-135.290084839, -30.568687439, -14.5593967438, -51.4743041992, 0.662218391895, -29.0915775299, -10.4465141296, -3.31692290306, -16.9535007477, -5.42589092255, 27.3557777405, 110.73085022, 45.0923347473], [-381.417510986, 128.574447632, -12.6482133865, -33.228679657, 39.358291626, -38.2434654236, -0.860864639282, -12.0374135971, 1.36645650864, -28.6589870453, 12.5891590118, 45.0923347473, 106.253616333]], "icov": [[9.2208298156e-05, -0.000163886652444, 0.000156705864356, -0.000182086005225, 0.000118565636512, -0.000243536705966, 0.000242495632847, -0.000348770787241, 0.000293477409286, -0.000270383141469, 0.000398914533434, -0.000237380561884, 0.000298676051898], [-0.000163886652444, 0.0015142649645, -0.000396458228352, 0.000983103062026, -0.00110273214523, 0.00117424561176, -0.00103637576103, 0.00168727326673, -0.00132624723483, 0.00172239285894, -0.00213724537753, 0.00177414505742, -0.00116462027654], [0.000156705864356, -0.000396458228352, 0.0013160656672, -0.000673861068208, -4.89773046866e-05, -0.00102217739914, 0.000576377380639, -0.000759971269872, 0.000791585771367, -0.000883598229848, 0.000941880454775, -0.000640502432361, 0.000468716665637], [-0.000182086005225, 0.000983103062026, -0.000673861068208, 0.00268387561664, -0.00098745431751, 0.000134568908834, -0.000925354077481, 0.00124869297724, -0.00162812497001, 0.00185461423825, -0.00121345301159, 0.00155731232371, -0.000531927857082], [0.000118565636512, -0.00110273214523, -4.89773046866e-05, -0.00098745431751, 0.00335368840024, -0.000631286122371, -0.000280310545349, -0.000573390629143, 0.000269448268227, -0.000108935542812, 0.00139760575257, -0.00126442522742, 0.000246810144745], [-0.000243536705966, 0.00117424561176, -0.00102217739914, 0.000134568908834, -0.000631286122371, 0.0055891694501, -0.00244873738848, 0.000578165869229, 0.000557844759896, -0.000124082609545, -0.0014874341432, 0.00198125233874, -0.000788766308688], [0.000242495632847, -0.00103637576103, 0.000576377380639, -0.000925354077481, -0.000280310545349, -0.00244873738848, 0.00697147194296, -0.00253392290324, -0.000287316011963, -0.000337994337315, 0.000708712788764, -0.00112990499474, 0.00120375491679], [-0.000348770787241, 0.00168727326673, -0.000759971269872, 0.00124869297724, -0.000573390629143, 0.000578165869229, -0.00253392290324, 0.010678733699, -0.00546591123566, 0.00041484911344, -0.000610628572758, 0.000665627361741, -0.0014118575491], [0.000293477409286, -0.00132624723483, 0.000791585771367, -0.00162812497001, 0.000269448268227, 0.000557844759896, -0.000287316011963, -0.00546591123566, 0.0128262499347, -0.0048040850088, 0.00109015021008, 0.000844666501507, -0.000225517243962], [-0.000270383141469, 0.00172239285894, -0.000883598229848, 0.00185461423825, -0.000108935542812, -0.000124082609545, -0.000337994337315, 0.00041484911344, -0.0048040850088, 0.0151433032006, -0.00774137862027, 0.00209273211658, 0.00163531710859], [0.000398914533434, -0.00213724537753, 0.000941880454775, -0.00121345301159, 0.00139760575257, -0.0014874341432, 0.000708712788764, -0.000610628572758, 0.00109015021008, -0.00774137862027, 0.0169014018029, -0.00566091854125, 0.000932179100346], [-0.000237380561884, 0.00177414505742, -0.000640502432361, 0.00155731232371, -0.00126442522742, 0.00198125233874, -0.00112990499474, 0.000665627361741, 0.000844666501507, 0.00209273211658, -0.00566091854125, 0.0144943939522, -0.00626734225079], [0.000298676051898, -0.00116462027654, 0.000468716665637, -0.000531927857082, 0.000246810144745, -0.000788766308688, 0.00120375491679, -0.0014118575491, -0.000225517243962, 0.00163531710859, 0.000932179100346, -0.00626734225079, 0.0142500959337]], "mean": [-75.9092636108, 75.6893005371, -119.220710754, 49.1149253845, -35.7450180054, 18.0079536438, -33.0155792236, 10.0554018021, -21.2133102417, 4.80618476868, -15.537405014, -2.07324910164, -13.1524677277]}, "melbands_spread": {"min": 0.299190193415, "max": 324.470825195, "dvar2": 725.546630859, "median": 27.209897995, "dmean2": 20.4284515381, "dmean": 13.5417394638, "var": 996.114929199, "dvar": 348.288208008, "mean": 34.9028129578}, "spectral_energy": {"min": 1.0246719225e-20, "max": 0.274983018637, "dvar2": 0.00398152880371, "median": 0.00877730082721, "dmean2": 0.029663676396, "dmean": 0.0186381302774, "var": 0.00159324519336, "dvar": 0.00164952885825, "mean": 0.0225834473968}, "mfcc": {"cov": [[16197.1455078, -699.15826416, -902.204223633, 65.0980606079, -375.251159668, 69.8004684448, -80.9411849976, 80.0643005371, 50.4516143799, 96.0810928345, 107.104637146, 53.3796539307, 97.8897857666], [-699.15826416, 2199.0456543, -347.34967041, -13.0065412521, 182.526977539, -64.2342071533, 0.531368851662, -53.768863678, -51.8908996582, -122.063591003, -65.608833313, -29.4330463409, -16.8415489197], [-902.204223633, -347.34967041, 990.467773438, 123.955360413, 137.866714478, 174.522338867, 123.784683228, 59.1216773987, 41.5170173645, 79.8528823853, 20.6537246704, 22.1551513672, -5.972676754], [65.0980606079, -13.0065412521, 123.955360413, 467.59954834, 173.345031738, 102.591957092, 59.8810157776, 72.7247161865, 77.9993209839, 10.1114854813, 12.7313947678, 25.2407245636, -6.0076212883], [-375.251159668, 182.526977539, 137.866714478, 173.345031738, 347.530853271, 106.911346436, 71.1196136475, 49.5029907227, 56.2769050598, -6.77717494965, -10.918097496, 23.2765712738, -25.6448955536], [69.8004684448, -64.2342071533, 174.522338867, 102.591957092, 106.911346436, 258.655944824, 128.515014648, 61.2401351929, 31.2202892303, 35.1970787048, 30.3866138458, -3.76917505264, -15.0882234573], [-80.9411849976, 0.531368851662, 123.784683228, 59.8810157776, 71.1196136475, 128.515014648, 184.747253418, 73.3403930664, 35.9578323364, 34.711730957, 23.2306308746, 4.25420236588, -6.27587509155], [80.0643005371, -53.768863678, 59.1216773987, 72.7247161865, 49.5029907227, 61.2401351929, 73.3403930664, 149.364883423, 74.5941314697, 19.7369022369, 13.375292778, 1.24781632423, -6.88313913345], [50.4516143799, -51.8908996582, 41.5170173645, 77.9993209839, 56.2769050598, 31.2202892303, 35.9578323364, 74.5941314697, 147.17199707, 54.2779388428, 13.3697280884, 18.2350616455, -4.63562059402], [96.0810928345, -122.063591003, 79.8528823853, 10.1114854813, -6.77717494965, 35.1970787048, 34.711730957, 19.7369022369, 54.2779388428, 143.898590088, 63.4670181274, 14.7185773849, 14.0064239502], [107.104637146, -65.608833313, 20.6537246704, 12.7313947678, -10.918097496, 30.3866138458, 23.2306308746, 13.375292778, 13.3697280884, 63.4670181274, 119.936080933, 40.6104011536, 18.1487388611], [53.3796539307, -29.4330463409, 22.1551513672, 25.2407245636, 23.2765712738, -3.76917505264, 4.25420236588, 1.24781632423, 18.2350616455, 14.7185773849, 40.6104011536, 102.940643311, 39.3304367065], [97.8897857666, -16.8415489197, -5.972676754, -6.0076212883, -25.6448955536, -15.0882234573, -6.27587509155, -6.88313913345, -4.63562059402, 14.0064239502, 18.1487388611, 39.3304367065, 110.197227478]], "icov": [[7.08188454155e-05, 2.19110806938e-05, 8.4679631982e-05, -3.41014565493e-05, 7.52140040277e-05, -0.000100462093542, 5.55819897272e-05, -5.80167506996e-05, 9.27720520849e-06, -5.22059963259e-05, 1.41716518556e-05, -5.06081451022e-05, -3.07858281303e-05], [2.19110806938e-05, 0.000564669258893, 0.000233899627347, 5.09678611706e-05, -0.000446999038104, 0.000180547780474, -0.000271502125543, 0.000208552664844, 6.39771678834e-05, 0.000276244973065, -1.88533376786e-05, 0.000198261477635, -9.95256923488e-05], [8.4679631982e-05, 0.000233899627347, 0.00141302624252, -0.000122315759654, -0.000314479868393, -0.000572610471863, -0.000296190904919, -9.2493268312e-05, 0.000347346562194, -0.000726009777281, 0.000462481344584, -0.000329567759763, 4.55784856968e-06], [-3.41014565493e-05, 5.09678611706e-05, -0.000122315759654, 0.00290977628902, -0.00114131683949, -0.000517467968166, 0.000212421262404, -0.000439508759882, -0.000909683119971, 0.000512685335707, -0.000286850176053, -0.000156262758537, -0.000162144104252], [7.52140040277e-05, -0.000446999038104, -0.000314479868393, -0.00114131683949, 0.00471332715824, -0.00131862715352, -0.000208017940167, -4.14975220338e-05, -0.000963811704423, 0.000445716490503, 0.000921166210901, -0.00156106753275, 0.000995750073344], [-0.000100462093542, 0.000180547780474, -0.000572610471863, -0.000517467968166, -0.00131862715352, 0.00716703524813, -0.00386018399149, -0.000125501814182, 0.000491387676448, -3.33911411872e-05, -0.00139753415715, 0.00145243830048, 0.000241041198024], [5.55819897272e-05, -0.000271502125543, -0.000296190904919, 0.000212421262404, -0.000208017940167, -0.00386018399149, 0.00982007849962, -0.00342577532865, 0.000629357586149, -0.00129428680521, 5.27391493961e-05, -0.000515661493409, 3.93393420381e-05], [-5.80167506996e-05, 0.000208552664844, -9.2493268312e-05, -0.000439508759882, -4.14975220338e-05, -0.000125501814182, -0.00342577532865, 0.0112733906135, -0.005315692164, 0.0020575041417, -0.00129691092297, 0.00148776441347, -0.000265881419182], [9.27720520849e-06, 6.39771678834e-05, 0.000347346562194, -0.000909683119971, -0.000963811704423, 0.000491387676448, 0.000629357586149, -0.005315692164, 0.0119820628315, -0.00506485672668, 0.00227162055671, -0.00228065182455, 0.0011052377522], [-5.22059963259e-05, 0.000276244973065, -0.000726009777281, 0.000512685335707, 0.000445716490503, -3.33911411872e-05, -0.00129428680521, 0.0020575041417, -0.00506485672668, 0.0121237989515, -0.0060277483426, 0.00209276122041, -0.00127707875799], [1.41716518556e-05, -1.88533376786e-05, 0.000462481344584, -0.000286850176053, 0.000921166210901, -0.00139753415715, 5.27391493961e-05, -0.00129691092297, 0.00227162055671, -0.0060277483426, 0.0135104833171, -0.00534265814349, 0.000482441013446], [-5.06081451022e-05, 0.000198261477635, -0.000329567759763, -0.000156262758537, -0.00156106753275, 0.00145243830048, -0.000515661493409, 0.00148776441347, -0.00228065182455, 0.00209276122041, -0.00534265814349, 0.014300451614, -0.00463798781857], [-3.07858281303e-05, -9.95256923488e-05, 4.55784856968e-06, -0.000162144104252, 0.000995750073344, 0.000241041198024, 3.93393420381e-05, -0.000265881419182, 0.0011052377522, -0.00127707875799, 0.000482441013446, -0.00463798781857, 0.0111132496968]], "mean": [-715.211547852, 100.57321167, -10.4002351761, 35.6840515137, 19.1961631775, 14.873134613, 6.13089084625, 5.30644989014, 2.91804742813, 4.76464319229, 3.43936562538, 0.143169999123, 0.599418222904]}, "spectral_contrast_valleys": {"min": [-27.8105831146, -27.7590179443, -27.6373252869, -27.5944271088, -27.469461441, -27.423084259], "max": [-5.07304382324, -5.05785036087, -5.5755443573, -5.38966369629, -5.20411920547, -7.79307985306], "dvar2": [0.564025402069, 0.708675146103, 0.730516016483, 0.62966555357, 0.723442256451, 0.887271046638], "median": [-7.60464668274, -7.94746112823, -8.28796386719, -8.05286312103, -7.89124107361, -10.637348175], "dmean2": [0.752254128456, 0.817906141281, 0.781601428986, 0.692274749279, 0.638800799847, 0.667257010937], "dmean": [0.528828978539, 0.57332521677, 0.556908369064, 0.512767493725, 0.492384344339, 0.547260820866], "var": [2.82383847237, 2.669267416, 2.70641922951, 2.72406697273, 2.88186216354, 3.02861642838], "dvar": [0.327467888594, 0.387075603008, 0.388948321342, 0.353991001844, 0.387401938438, 0.482876569033], "mean": [-7.95671844482, -8.2082195282, -8.55622577667, -8.34247398376, -8.13587760925, -10.8555669785]}, "barkbands_flatness_db": {"min": 0.0187446121126, "max": 0.525330483913, "dvar2": 0.00416759913787, "median": 0.125475674868, "dmean2": 0.0539406985044, "dmean": 0.0353971682489, "var": 0.00468881800771, "dvar": 0.00171961658634, "mean": 0.139661371708}, "dynamic_complexity": 5.82476758957, "erbbands_flatness_db": {"min": 0.0423021800816, "max": 0.3460701406, "dvar2": 0.00111327564809, "median": 0.155797064304, "dmean2": 0.0324987396598, "dmean": 0.0229695793241, "var": 0.