{"lowlevel": {"spectral_complexity": {"min": 0, "max": 68, "dvar2": 103.346176147, "median": 10, "dmean2": 7.00615024567, "dmean": 4.89691781998, "var": 180.350296021, "dvar": 53.3062934875, "mean": 14.2260656357}, "silence_rate_20dB": {"min": 1, "max": 1, "dvar2": 0, "median": 1, "dmean2": 0, "dmean": 0, "var": 0, "dvar": 0, "mean": 1}, "average_loudness": 0.828486919403, "erbbands_spread": {"min": 0.891254603863, "max": 178.696868896, "dvar2": 673.510620117, "median": 33.6870727539, "dmean2": 20.0023517609, "dmean": 12.8767299652, "var": 569.705200195, "dvar": 277.687438965, "mean": 39.6266174316}, "spectral_kurtosis": {"min": -1.47373700142, "max": 82.6645355225, "dvar2": 14.8835735321, "median": 3.14083218575, "dmean2": 2.78355741501, "dmean": 1.70535552502, "var": 19.5579204559, "dvar": 6.15257787704, "mean": 4.11765003204}, "barkbands_kurtosis": {"min": -1.97310686111, "max": 5981.28125, "dvar2": 10664.8164062, "median": 0.238830089569, "dmean2": 22.176027298, "dmean": 15.3097724915, "var": 28233.6757812, "dvar": 7115.33789062, "mean": 20.4821243286}, "spectral_strongpeak": {"min": 0, "max": 18.7954311371, "dvar2": 2.6296980381, "median": 0.17462643981, "dmean2": 0.768705308437, "dmean": 0.449741393328, "var": 1.60064613819, "dvar": 1.10290002823, "mean": 0.578409433365}, "spectral_spread": {"min": 1066707.75, "max": 41551284, "dvar2": 1307073970180.0, "median": 4067640.5, "dmean2": 859529.1875, "dmean": 604693.0625, "var": 2687755091970.0, "dvar": 659548012544, "mean": 4273009}, "spectral_rms": {"min": 3.25604864251e-12, "max": 0.0178539883345, "dvar2": 1.66181653185e-05, "median": 0.00270600570366, "dmean2": 0.00212427624501, "dmean": 0.00143823132385, "var": 9.50739558903e-06, "dvar": 7.35798585083e-06, "mean": 0.00348141649738}, "erbbands": {"min": [3.42766096527e-22, 2.37797280691e-21, 8.39829286562e-21, 2.72129044468e-20, 4.82118277994e-20, 9.55279353177e-20, 8.52122369843e-20, 1.38108427367e-19, 2.47020998025e-19, 2.30909406699e-19, 2.42465895338e-19, 6.89457263611e-19, 8.76518213779e-19, 1.37217982947e-18, 2.33838396379e-18, 2.18527779549e-18, 3.8409532038e-18, 2.78626855788e-18, 5.33903105987e-18, 4.83812687685e-18, 8.45024800881e-18, 1.02202780349e-17, 9.45338565409e-18, 1.01213108377e-17, 1.00046155056e-17, 7.53801834004e-18, 1.02921161895e-17, 1.30316788213e-17, 1.13012558573e-17, 1.75862320542e-17, 1.47241358495e-17, 1.09178799773e-17, 1.13180368704e-17, 1.03933043667e-17, 9.96416554644e-18, 5.16746759697e-18, 2.66457395296e-18, 1.17866743921e-18, 2.95433837176e-19, 3.41519707404e-20], "max": [5.08847093582, 58.5286369324, 147.825866699, 173.767211914, 111.65914917, 29.3014621735, 37.2559890747, 43.2925300598, 198.333938599, 961.372070312, 968.243103027, 626.137390137, 498.603210449, 799.66229248, 412.854705811, 1445.74536133, 1079.52880859, 3227.27197266, 876.66998291, 885.896972656, 1322.28027344, 907.641296387, 1234.76257324, 1096.64794922, 558.307434082, 456.227783203, 601.945068359, 377.969055176, 411.367401123, 300.089599609, 570.123779297, 217.36857605, 59.576374054, 33.8561096191, 19.8202457428, 16.6593875885, 3.50079059601, 0.626329779625, 0.0399517267942, 0.00214355555363], "dvar2": [0.787097930908, 238.570800781, 1211.8092041, 733.726928711, 139.664886475, 17.3667945862, 10.2000303268, 11.1458644867, 56.5956993103, 1164.44824219, 1234.16601562, 390.766998291, 604.78112793, 940.677062988, 537.205871582, 1139.4753418, 962.793334961, 7414.98144531, 1879.30480957, 1679.97021484, 1960.9440918, 1264.95397949, 2258.45654297, 3971.74169922, 2451.75415039, 1817.01745605, 1233.97949219, 840.461975098, 529.992004395, 255.183761597, 208.701324463, 50.1082649231, 11.2744436264, 3.4906141758, 0.574205696583, 0.11783605814, 0.00704597076401, 0.000323890708387, 2.22436119657e-06, 1.41095837236e-08], "median": [0.0290644280612, 0.392749845982, 0.732920765877, 0.627039074898, 0.585950493813, 0.578834176064, 0.470456361771, 0.426137983799, 0.50618326664, 0.748571038246, 0.600740075111, 0.672580897808, 0.801406502724, 0.921558737755, 1.71955323219, 1.55301964283, 2.28375530243, 4.17647838593, 4.69395780563, 5.88699483871, 7.43537998199, 7.17759037018, 6.07376766205, 9.51511096954, 6.81357288361, 4.05924749374, 3.17352628708, 2.53263521194, 1.71922063828, 1.20503652096, 0.621434211731, 0.449806690216, 0.233190372586, 0.111527331173, 0.0408752858639, 0.0139598157257, 0.00267635285854, 0.000385983032174, 3.88378539355e-05, 1.32906334329e-05], "dmean2": [0.356243938208, 6.05304431915, 13.2874546051, 10.5332298279, 4.18204975128, 1.82398569584, 1.4451584816, 1.56837570667, 2.48138380051, 6.52352285385, 6.69870185852, 4.57916212082, 5.91205596924, 5.88159656525, 8.37156581879, 7.77877807617, 10.4423751831, 20.1285324097, 17.2805194855, 17.2045078278, 20.3354282379, 18.2351608276, 18.7462005615, 29.1780815125, 23.6379299164, 18.5181751251, 14.541929245, 12.3186206818, 10.1059265137, 6.71594524384, 4.06190729141, 2.82193493843, 1.46322309971, 0.81532561779, 0.322425663471, 0.127363577485, 0.031085671857, 0.00598943792284, 0.000547045841813, 5.64781803405e-05], "dmean": [0.2051191926, 3.41559624672, 7.36523008347, 6.08285856247, 2.4232442379, 1.09616744518, 0.884382665157, 0.930558562279, 1.49675297737, 3.96881365776, 4.16664266586, 2.89374613762, 3.59674572945, 3.60273003578, 5.31003332138, 4.91905736923, 6.72905158997, 12.7226285934, 11.1679115295, 11.0517759323, 13.1897544861, 11.7262973785, 12.0073804855, 18.8284492493, 15.1228303909, 11.7100811005, 9.40573692322, 8.16407489777, 7.00054979324, 4.68348646164, 2.82784795761, 1.91025722027, 0.994156241417, 0.549506962299, 0.223626539111, 0.0878500193357, 0.0207323655486, 0.00385848782025, 0.00034856487764, 3.61679158232e-05], "var": [0.215305402875, 59.6864509583, 275.677886963, 204.363082886, 36.3955497742, 6.19131231308, 4.05636978149, 5.03173732758, 34.1264801025, 490.772979736, 613.128723145, 244.56968689, 303.644195557, 356.598205566, 411.201507568, 925.375427246, 852.78704834, 3794.66479492, 1747.41845703, 1499.1060791, 1935.99719238, 1336.22680664, 1498.73388672, 3588.18457031, 2045.58068848, 1266.84338379, 907.768676758, 757.531982422, 594.910644531, 356.027587891, 321.252563477, 66.6282958984, 15.0451498032, 3.6883161068, 0.792580783367, 0.146872475743, 0.0100569985807, 0.000286410097033, 1.86807847058e-06, 8.60331628161e-09], "dvar": [0.294869244099, 88.693397522, 436.976043701, 278.186584473, 51.3294067383, 6.40869426727, 3.86840105057, 4.14981651306, 21.7827014923, 393.949005127, 459.507751465, 164.023208618, 227.101898193, 319.602630615, 215.526138306, 429.452087402, 389.035705566, 2721.07373047, 828.093444824, 698.724243164, 870.658447266, 562.954772949, 953.0078125, 1782.11499023, 1010.16296387, 722.132446289, 511.01751709, 363.412628174, 246.839431763, 120.236572266, 105.614524841, 23.0487651825, 5.19247293472, 1.58779454231, 0.290187686682, 0.0589614287019, 0.00353168556467, 0.000145690602949, 9.38279356433e-07, 6.04482996991e-09], "mean": [0.192633271217, 2.61165761948, 5.48777341843, 4.96336221695, 2.35250592232, 1.44697022438, 1.16495072842, 1.22298336029, 1.99254059792, 5.15702915192, 5.32420349121, 3.88352394104, 4.59629535675, 4.84369659424, 8.00651168823, 7.43697500229, 10.1487636566, 18.8726158142, 17.726146698, 18.0093917847, 22.0570964813, 20.4542732239, 19.1082649231, 31.443649292, 24.5113563538, 17.76055336, 14.4689025879, 13.2496461868, 11.8884010315, 8.20309638977, 4.98925638199, 3.10014629364, 1.6533485651, 0.836439609528, 0.345511585474, 0.130307257175, 0.0294444989413, 0.00500679947436, 0.000452406471595, 4.74331209261e-05]}, "zerocrossingrate": {"min": 0, "max": 0.52294921875, "dvar2": 0.000384624116123, "median": 0.07080078125, "dmean2": 0.0172340963036, "dmean": 0.0155329331756, "var": 0.00284233829007, "dvar": 0.000332189083565, "mean": 0.0784047991037}, "spectral_contrast_coeffs": {"min": [-0.975929558277, -0.971792936325, -0.992365658283, -0.969822943211, -0.971858859062, -0.960191965103], "max": [-0.304485201836, -0.314776599407, -0.406810283661, -0.477732151747, -0.447814524174, -0.547415673733], "dvar2": [0.00735204899684, 0.00428772624582, 0.00311375269666, 0.00218976242468, 0.0013374252012, 0.00102706975304], "median": [-0.701152384281, -0.761211276054, -0.784004807472, -0.776353240013, -0.782480418682, -0.732238709927], "dmean2": [0.0862001478672, 0.0755179971457, 0.0649742037058, 0.0550981089473, 0.0405972935259, 0.0326631888747], "dmean": [0.0552487038076, 0.0478051565588, 0.0420365184546, 0.0357496961951, 0.0269049312919, 0.0225864313543], "var": [0.00750660803169, 0.00740152643993, 0.00604821182787, 0.00466492306441, 0.00361482892185, 0.00277851358987], "dvar": [0.0030739014037, 0.00181214942131, 0.00142157322261, 0.00100296759047, 0.000641601218376, 0.000504257157445], "mean": [-0.689586102962, -0.750659823418, -0.777058899403, -0.769383013248, -0.777799665928, -0.737369000912]}, "dissonance": {"min": 0.0926118567586, "max": 0.5, "dvar2": 0.000569256604649, "median": 0.487035095692, "dmean2": 0.0177897755057, "dmean": 0.0108366021886, "var": 0.000479601410916, "dvar": 0.000223074646783, "mean": 0.480531573296}, "spectral_energyband_high": {"min": 7.46282106307e-21, "max": 0.0331389456987, "dvar2": 4.00240560339e-06, "median": 0.000268550938927, "dmean2": 0.000916047370993, "dmean": 0.000651987269521, "var": 6.00461862632e-06, "dvar": 1.90336641026e-06, "mean": 0.00124387908727}, "spectral_skewness": {"min": -0.649839758873, "max": 7.69947290421, "dvar2": 0.17697276175, "median": 1.11551904678, "dmean2": 0.36845934391, "dmean": 0.237148821354, "var": 0.316562622786, "dvar": 0.0762412324548, "mean": 1.18857395649}, "spectral_flux": {"min": 6.74136857448e-11, "max": 0.516708374023, "dvar2": 0.0119645828381, "median": 0.0412691310048, "dmean2": 0.0650740712881, "dmean": 0.0433925278485, "var": 0.00952164549381, "dvar": 0.00601796293631, "mean": 0.0787644311786}, "silence_rate_30dB": {"min": 0, "max": 1, "dvar2": 0.200648501515, "median": 1, "dmean2": 0.191501259804, "dmean": 0.0957439392805, "var": 0.0675189942122, "dvar": 0.0865688696504, "mean": 0.927183806896}, "spectral_energyband_middle_high": {"min": 1.63935211771e-21, "max": 0.0769042223692, "dvar2": 1.48707122207e-05, "median": 0.00142090930603, "dmean2": 0.00212984345853, "dmean": 0.00144956400618, "var": 2.52999161603e-05, "dvar": 6.64334584144e-06, "mean": 0.00330511317588}, "barkbands_spread": {"min": 0.0705113783479, "max": 126.414588928, "dvar2": 405.915283203, "median": 32.970867157, "dmean2": 17.1528549194, "dmean": 11.0440683365, "var": 457.596282959, "dvar": 165.229568481, "mean": 34.3992996216}, "spectral_centroid": {"min": 120.802124023, "max": 11234.4345703, "dvar2": 565238.4375, "median": 2338.27905273, "dmean2": 624.662536621, "dmean": 404.008453369, "var": 917175.0625, "dvar": 237631.03125, "mean": 2208.5612793}, "pitch_salience": {"min": 0.0253853872418, "max": 0.882809996605, "dvar2": 0.0249321199954, "median": 0.510855674744, "dmean2": 0.142839416862, "dmean": 0.0894103348255, "var": 0.0207558572292, "dvar": 0.00954264122993, "mean": 0.496643185616}, "erbbands_skewness": {"min": -7.63155889511, "max": 9.85610389709, "dvar2": 0.743650138378, "median": -0.701247692108, "dmean2": 0.74430680275, "dmean": 0.482462614775, "var": 1.24175536633, "dvar": 0.328373193741, "mean": -0.647131502628}, "erbbands_crest": {"min": 2.3654794693, "max": 31.6666069031, "dvar2": 16.8093776703, "median": 7.32067012787, "dmean2": 4.13270235062, "dmean": 2.54328536987, "var": 16.985710144, "dvar": 6.94010066986, "mean": 8.51155567169}, "melbands": {"min": [4.8625181094e-24, 4.03542348268e-24, 5.61863497617e-24, 4.72917931717e-24, 3.47961496583e-24, 3.98610153231e-24, 3.75937462511e-24, 3.48367759949e-24, 1.8893477032e-24, 4.21728865907e-24, 4.02094236305e-24, 4.9326624378e-24, 5.64421852418e-24, 5.76043114616e-24, 6.0130023199e-24, 6.01719117131e-24, 4.75310152412e-24, 8.33369226354e-24, 4.68343287885e-24, 6.53861955219e-24, 1.11107066864e-23, 1.1037020767e-23, 5.49002501064e-24, 6.80221663481e-24, 6.7564043266e-24, 5.72674717994e-24, 8.71951466596e-24, 3.52505414283e-24, 6.10084237613e-24, 6.69037982428e-24, 7.3381348128e-24, 5.65365763934e-24, 7.62321178901e-24, 9.54949179042e-24, 8.81788956514e-24, 6.67498678143e-24, 6.55173436474e-24, 7.39144366619e-24, 8.29793319871e-24, 8.34347571649e-24], "max": [0.0548260957003, 0.0712465271354, 0.0258257091045, 0.00466104969382, 0.00149120646529, 0.000891308765858, 0.00308285583742, 0.0131805930287, 0.00749812740833, 0.00418573990464, 0.00247410824522, 0.00338523089886, 0.00165056495462, 0.00366092193872, 0.0048613413237, 0.0013952414738, 0.00705227209255, 0.00161603407469, 0.00133620027918, 0.0014819385251, 0.00145378510933, 0.00118432682939, 0.0017880735686, 0.000547033036128, 0.00106720987242, 0.000713972491212, 0.00045760240755, 0.000372286100173, 0.00053709524218, 0.00037599139614, 0.000245388539042, 0.000226717689657, 0.000202120718313, 0.000203164148843, 0.000395236216718, 0.000201530827326, 0.000110244523967, 6.4641571953e-05, 5.08291996084e-05, 3.5858272895e-05], "dvar2": [0.000154418419697, 0.000376459909603, 1.70253406395e-05, 2.41261375322e-07, 1.49930432514e-08, 5.47995693267e-09, 1.46175151983e-08, 2.03641434382e-07, 6.33855705701e-08, 1.68051723648e-08, 1.50443391078e-08, 1.62185216368e-08, 5.26227816877e-09, 6.88833790008e-09, 9.3397867218e-09, 4.50832082777e-09, 3.51640778717e-08, 5.86181814199e-09, 4.05157551953e-09, 4.80401363134e-09, 2.97987856612e-09, 1.67717728594e-09, 3.52936635473e-09, 1.59829216528e-09, 3.27398086419e-09, 1.55897206255e-09, 1.2282629358e-09, 8.4933660105e-10, 6.22021989471e-10, 5.05013697527e-10, 2.9059457618e-10, 2.13274523042e-10, 1.51863466247e-10, 8.80379935619e-11, 1.17386961263e-10, 3.98541546986e-11, 2.23357998763e-11, 7.78602095991e-12, 4.43248606222e-12, 2.56132463329e-12], "median": [0.00041157141095, 0.000492398219649, 0.000122475030366, 4.62982243334e-05, 1.94225158339e-05, 9.10991821002e-06, 7.06510763848e-06, 7.76014621806e-06, 4.83753774461e-06, 3.68748101209e-06, 3.60585204362e-06, 2.84817042484e-06, 5.10597874381e-06, 3.90434797737e-06, 4.44904208052e-06, 4.13064390159e-06, 7.66745779401e-06, 6.91229297445e-06, 5.79417337576e-06, 8.50768265082e-06, 8.03853708931e-06, 6.96672941558e-06, 6.00395833317e-06, 4.51973664894e-06, 7.61209776101e-06, 5.32576996193e-06, 3.18617276207e-06, 2.33378250414e-06, 1.88638000509e-06, 1.67869973211e-06, 1.31570618578e-06, 9.69834673015e-07, 7.60020611779e-07, 5.49566095742e-07, 3.46660442574e-07, 2.56382008956e-07, 2.53817745488e-07, 1.63982576851e-07, 1.12975286015e-07, 7.67408536717e-08], "dmean2": [0.00493083149195, 0.00758515298367, 0.00163122813683, 0.000183290510904, 5.71246564505e-05, 3.48810899595e-05, 3.85302373616e-05, 8.18513144623e-05, 5.0509977882e-05, 2.9350983823e-05, 2.96387443086e-05, 2.39189812419e-05, 2.61679415416e-05, 2.24057148444e-05, 2.3752972993e-05, 2.21625432459e-05, 4.29537722084e-05, 2.94094406854e-05, 2.25313997362e-05, 2.82886594505e-05, 2.55086597463e-05, 2.03034924198e-05, 2.23377574002e-05, 1.70945550053e-05, 2.60850683844e-05, 1.9068709662e-05, 1.54656318045e-05, 1.26005206766e-05, 9.71427107288e-06, 9.28323152039e-06, 7.22400955055e-06, 6.30821295999e-06, 5.1164861361e-06, 3.63460685548e-06, 2.73841874332e-06, 1.96214978132e-06, 1.84062002972e-06, 1.12596717372e-06, 9.18429009289e-07, 6.66825485496e-07], "dmean": [0.00281416950747, 0.0042660930194, 0.000947290449403, 0.000105553684989, 3.54061812686e-05, 2.07008597499e-05, 2.32305192185e-05, 4.98482477269e-05, 3.14208882628e-05, 1.84153268492e-05, 1.80253791768e-05, 1.4626738448e-05, 1.64245011547e-05, 1.4242295947e-05, 1.50280620801e-05, 1.42280941873e-05, 2.70156251645e-05, 1.89569782378e-05, 1.43659244713e-05, 1.79713842954e-05, 1.64354205481e-05, 1.2955973034e-05, 1.44166124301e-05, 1.06762090581e-05, 1.67795315065e-05, 1.20896074804e-05, 9.72172620095e-06, 7.87562476035e-06, 6.1743776314e-06, 5.95382243773e-06, 4.72599140267e-06, 4.26810402132e-06, 3.50023378815e-06, 2.46522586167e-06, 1.85757630788e-06, 1.31209105803e-06, 1.21472464798e-06, 7.55628775551e-07, 5.98303017796e-07, 4.44052517423e-07], "var": [4.02502519137e-05, 9.2033216788e-05, 4.8101937864e-06, 6.06114767265e-08, 6.95228896674e-09, 2.45882825212e-09, 8.59002469156e-09, 8.46901073714e-08, 3.32558052207e-08, 9.93167503793e-09, 7.50048645415e-09, 6.16246031981e-09, 3.6502207923e-09, 5.36812150287e-09, 6.67208777116e-09, 3.97081478809e-09, 1.70047531611e-08, 5.2718212018e-09, 3.03681435554e-09, 3.741496446e-09, 2.78515144281e-09, 1.68696945302e-09, 2.4421502598e-09, 1.02349739795e-09, 2.90315971263e-09, 1.32248911822e-09, 8.63951132857e-10, 5.65980484701e-10, 3.82367443263e-10, 4.13357015283e-10, 2.24144300343e-10, 2.01055477822e-10, 1.5872168857e-10, 1.08998275683e-10, 1.494617069e-10, 4.82230089194e-11, 2.13646045299e-11, 8.70733173064e-12, 4.22052193541e-12, 2.50912008185e-12], "dvar": [5.78109211347e-05, 0.000138794945087, 6.47081060379e-06, 8.65671836436e-08, 5.79053693883e-09, 2.03893302242e-09, 5.55977219818e-09, 6.87230539143e-08, 2.38231230298e-08, 6.93830726206e-09, 5.64535262981e-09, 5.49717071863e-09, 2.07389549978e-09, 2.76623079998e-09, 3.55699647514e-09, 1.91390858717e-09, 1.28600410321e-08, 2.64901878211e-09, 1.58179680465e-09, 1.96812655062e-09, 1.31138033765e-09, 7.29297677804e-10, 1.57150492619e-09, 6.43583908388e-10, 1.47727874378e-09, 6.57792542658e-10, 4.88909579488e-10, 3.38737760064e-10, 2.52508791654e-10, 2.12245179765e-10, 1.23816901176e-10, 9.51028908402e-11, 6.79375097845e-11, 3.99316413269e-11, 5.64366435529e-11, 1.88380179511e-11, 9.43587742663e-12, 3.44786981084e-12, 1.97937803301e-12, 1.15063807007e-12], "mean": [0.00236394582316, 0.00326285301708, 0.00079647754319, 0.000117588147987, 4.91446626256e-05, 2.68512867478e-05, 3.03604756482e-05, 6.41580118099e-05, 4.03255107813e-05, 2.37187487073e-05, 2.25348758249e-05, 1.87628720596e-05, 2.37591048062e-05, 2.07145367312e-05, 2.15218205994e-05, 2.03917825274e-05, 3.83048754884e-05, 2.85186251858e-05, 2.21344744205e-05, 2.71730768873e-05, 2.61501318164e-05, 2.14301599044e-05, 2.10576399695e-05, 1.60237250384e-05, 2.6983097996e-05, 1.91710714716e-05, 1.42881090142e-05, 1.12631223601e-05, 8.85808367457e-06, 8.85147528606e-06, 7.2579132393e-06, 6.85474924467e-06, 5.73685611016e-06, 4.07544575864e-06, 3.09185088554e-06, 2.06503750633e-06, 1.82853568731e-06, 1.21173070511e-06, 8.69880580012e-07, 6.53976087506e-07]}, "spectral_entropy": {"min": 3.67206025124, "max": 9.80065250397, "dvar2": 0.153021946549, "median": 7.76658248901, "dmean2": 0.306232452393, "dmean": 0.208626493812, "var": 0.293431222439, "dvar": 0.0721426531672, "mean": 7.65239334106}, "spectral_rolloff": {"min": 21.533203125, "max": 18992.2851562, "dvar2": 3419834.25, "median": 2153.3203125, "dmean2": 1400.90576172, "dmean": 853.592285156, "var": 4425053, "dvar": 1641025.75, "mean": 2292.90795898}, "barkbands": {"min": [5.61737634859e-24, 1.45582102802e-23, 5.51728528251e-24, 1.51175505274e-23, 2.93798811702e-23, 1.58720092085e-23, 1.33425630035e-23, 1.27181125439e-23, 3.10949625969e-23, 2.06274836262e-23, 4.6570277322e-23, 4.8273197669e-23, 9.62705906328e-23, 7.52058398291e-23, 6.6441487887e-23, 9.49724916143e-23, 1.48030973177e-22, 2.01387757758e-22, 2.15546637181e-22, 1.52295959127e-22, 2.86066611679e-22, 2.94819206438e-22, 4.70197955093e-22, 6.31740058227e-22, 1.11216170114e-21, 1.40721476381e-21, 2.31456505087e-21], "max": [0.0120966434479, 0.232666939497, 0.140863239765, 0.050766017288, 0.0152670228854, 0.0039117494598, 0.0161265581846, 0.0649276152253, 0.0213088653982, 0.0182067416608, 0.0102549372241, 0.0319427400827, 0.0175017938018, 0.0554619021714, 0.0167250223458, 0.0202926211059, 0.0161674302071, 0.0243252366781, 0.0153016252443, 0.0124122695997, 0.0109342196956, 0.0097848046571, 0.0181361958385, 0.00470871152356, 0.00287602748722, 0.00262975716032, 0.000317304802593], "dvar2": [1.44510545397e-06, 0.00332651194185, 0.000729799619876, 5.86381465837e-05, 2.7214275633e-06, 1.32844462541e-07, 4.8009371767e-07, 5.62491322853e-06, 8.49383241075e-07, 6.18865158231e-07, 3.08536044713e-07, 6.21489846253e-07, 5.0626920256e-07, 2.60472575064e-06, 7.19542242678e-07, 7.61560727369e-07, 6.36581944491e-07, 9.62018702921e-07, 1.08324263692e-06, 8.60340264808e-07, 6.07404274433e-07, 3.35364234161e-07, 2.10962909364e-07, 5.76499985527e-08, 1.70291425405e-08, 2.72806399693e-09, 1.04947793511e-10], "median": [0.000291808799375, 0.00174774019979, 0.000418599229306, 0.000187515921425, 0.000183815907803, 4.84508127556e-05, 3.16511395795e-05, 2.93333578156e-05, 2.35313709709e-05, 2.61643945123e-05, 3.38438585459e-05, 2.65967501036e-05, 4.15765753132e-05, 8.08398472145e-05, 8.47103947308e-05, 0.00011231006647, 0.000140149728395, 9.68498643488e-05, 0.000186425386346, 8.01759742899e-05, 7.10836829967e-05, 4.7879286285e-05, 2.18714540097e-05, 1.81817558769e-05, 7.54806569603e-06, 2.08872552321e-06, 1.75817532977e-07], "dmean2": [0.000592727737967, 0.0226828604937, 0.0102188820019, 0.00268533267081, 0.000650537840556, 0.000174813831109, 0.000208836456295, 0.000418374605943, 0.000214243627852, 0.000191987448488, 0.000190213497262, 0.000187132201972, 0.000232406528085, 0.000419414718635, 0.00032545911381, 0.000373421586119, 0.00039922495489, 0.000375689705834, 0.000532798178028, 0.000394572038203, 0.000333788979333, 0.000261430512182, 0.000148148523294, 0.000106730250991, 5.75031699555e-05, 2.0504121494e-05, 3.57042290489e-06], "dmean": [0.000437749666162, 0.0128377759829, 0.00564169278368, 0.00155659357551, 0.00038008892443, 0.000103492893686, 0.00012556456204, 0.000257968204096, 0.000134334753966, 0.000117719704576, 0.000119052958325, 0.000117405172205, 0.000147756320075, 0.000263964757323, 0.000208470562939, 0.00023914637859, 0.000256579922279, 0.00023775936279, 0.000345406791894, 0.000248950731475, 0.000219051667955, 0.000182903255336, 0.00010312320228, 7.19726449461e-05, 3.92932270188e-05, 1.39702660817e-05, 2.26569295592e-06], "var": [1.0017324712e-06, 0.000841221713927, 0.000162617550814, 1.61360130733e-05, 7.36143249469e-07, 5.40872413524e-08, 2.56170494595e-07, 2.40226290771e-06, 4.88382454478e-07, 2.8431995247e-07, 1.8854511552e-07, 4.94477490065e-07, 3.97329159796e-07, 1.47690229824e-06, 5.94326081682e-07, 6.69308690249e-07, 6.20420735231e-07, 6.82837139721e-07, 1.0600663245e-06, 5.57827945613e-07, 5.38830192909e-07, 4.02666074706e-07, 3.85660513302e-07, 7.59929505989e-08, 2.08813943914e-08, 3.95060029135e-09, 9.83875203531e-11], "dvar": [7.4320217891e-07, 0.00123844400514, 0.000261156907072, 2.20823549171e-05, 9.72815428213e-07, 4.91086140642e-08, 1.81383740028e-07, 1.96198493541e-06, 3.45703142557e-07, 2.19201496066e-07, 1.21130270259e-07, 2.39553457959e-07, 2.03564994194e-07, 9.72358861873e-07, 2.92199587193e-07, 3.24049835854e-07, 2.84374692683e-07, 4.17469067315e-07, 4.63656789407e-07, 3.3893508089e-07, 2.60765744997e-07, 1.59051182891e-07, 1.09862341446e-07, 2.65946926703e-08, 8.21166246112e-09, 1.39448819159e-09, 4.68060243342e-11], "mean": [0.000623986299615, 0.01023664698, 0.00415484420955, 0.0013442938216, 0.000457603047835, 0.000130899163196, 0.000156790905748, 0.000324143271428, 0.000169212566107, 0.000154214620125, 0.000165754681802, 0.000163399061421, 0.000207550023333, 0.000387929234421, 0.000323400861816, 0.000368552282453, 0.000423733028583, 0.000356584321707, 0.000595568097197, 0.000368498993339, 0.000348298723111, 0.000317859085044, 0.000184708755114, 0.000119442214782, 6.08152404311e-05, 2.06694076041e-05, 2.86338013211e-06]}, "melbands_flatness_db": {"min": 0.00499450834468, "max": 0.669398069382, "dvar2": 0.00661217560992, "median": 0.185032635927, "dmean2": 0.0644578486681, "dmean": 0.0441152527928, "var": 0.0111081637442, "dvar": 0.00281593156978, "mean": 0.203747808933}, "melbands_skewness": {"min": -6.33517837524, "max": 58.7151756287, "dvar2": 12.1493701935, "median": 2.55850887299, "dmean2": 2.37461209297, "dmean": 1.58378183842, "var": 15.0670576096, "dvar": 5.34838819504, "mean": 3.60352373123}, "barkbands_skewness": {"min": -8.98556804657, "max": 71.0196990967, "dvar2": 7.64601373672, "median": 1.03616261482, "dmean2": 1.68581688404, "dmean": 1.1699051857, "var": 14.2705430984, "dvar": 3.69949960709, "mean": 1.84345209599}, "silence_rate_60dB": {"min": 0, "max": 1, "dvar2": 0.157251164317, "median": 0, "dmean2": 0.180248811841, "dmean": 0.0901530534029, "var": 0.201577827334, "dvar": 0.0820265039802, "mean": 0.279944092035}, "spectral_energyband_low": {"min": 3.65551453939e-23, "max": 0.297867059708, "dvar2": 0.00648636277765, "median": 0.00283899297938, "dmean2": 0.0327921435237, "dmean": 0.0188237838447, "var": 0.00173450342845, "dvar": 0.00245074694976, "mean": 0.0155722061172}, "spectral_energyband_middle_low": {"min": 2.6293473607e-22, "max": 0.0680247545242, "dvar2": 8.12824364402e-05, "median": 0.00101780029945, "dmean2": 0.00375366560183, "dmean": 0.00225294358097, "var": 2.74945523415e-05, "dvar": 3.11018811772e-05, "mean": 0.00263983383775}, "melbands_kurtosis": {"min": -1.96339535713, "max": 4798.51904297, "dvar2": 13542.3740234, "median": 6.42091417313, "dmean2": 44.6507797241, "dmean": 28.1129379272, "var": 18261.6484375, "dvar": 6509.26806641, "mean": 37.1940956116}, "spectral_decrease": {"min": -8.42006002699e-08, "max": 1.05490754366e-28, "dvar2": 4.55128113796e-16, "median": -1.77274039892e-09, "dmean2": 9.09838338004e-09, "dmean": 5.38126299077e-09, "var": 1.35081518941e-16, "dvar": 1.75219961856e-16, "mean": -5.46299672166e-09}, "erbbands_kurtosis": {"min": -1.88252997398, "max": 189.671401978, "dvar2": 33.7936859131, "median": 0.593355417252, "dmean2": 2.73375654221, "dmean": 1.76759290695, "var": 68.3826370239, "dvar": 17.9586391449, "mean": 2.0606713295}, "melbands_crest": {"min": 1.68878161907, "max": 39.642288208, "dvar2": 29.0590629578, "median": 16.3681926727, "dmean2": 5.24541473389, "dmean": 3.34540867805, "var": 42.0735664368, "dvar": 12.531917572, "mean": 16.3227024078}, "gfcc": {"cov": [[15402.2890625, -1577.66552734, -1130.99755859, 452.327850342, -761.86126709, 612.764282227, -233.490081787, 441.634460449, -160.402206421, 160.234573364, -229.393341064, -51.1344947815, -369.723876953], [-1577.66552734, 2219.01611328, -64.4698791504, -324.431152344, 462.79574585, -344.689239502, 114.178756714, -227.122283936, 76.3754196167, -161.741882324, 89.4462051392, -51.3318443298, 113.280166626], [-1130.99755859, -64.4698791504, 1296.86291504, 295.652832031, 209.839324951, 183.143844604, 69.8131561279, 22.2133750916, -20.2740020752, 11.7449197769, -42.3010025024, -28.9881629944, -24.6823616028], [452.327850342, -324.431152344, 295.652832031, 706.897338867, 111.756530762, 167.947952271, 82.9828109741, 40.7405776978, 36.9711532593, -21.8630084991, -27.4532279968, -61.6804695129, -31.4536437988], [-761.86126709, 462.79574585, 209.839324951, 111.756530762, 520.465026855, -1.56559479237, 103.891746521, -27.4632282257, 24.2364673615, -58.4437141418, -11.1043672562, -12.3686914444, 28.3861961365], [612.764282227, -344.689239502, 183.143844604, 167.947952271, -1.56559479237, 330.920715332, 86.5240402222, 68.0219116211, -4.22251462936, 35.8189353943, -11.8259773254, -26.1936264038, -33.6174049377], [-233.490081787, 114.178756714, 69.8131561279, 82.9828109741, 103.891746521, 86.5240402222, 232.893081665, 55.7505226135, 53.7703056335, 2.10318613052, 7.6669716835, -11.4922761917, 3.91084837914], [441.634460449, -227.122283936, 22.2133750916, 40.7405776978, -27.4632282257, 68.0219116211, 55.7505226135, 180.542755127, 62.926322937, 44.2868461609, -6.08437108994, -0.621633708477, -10.9156303406], [-160.402206421, 76.3754196167, -20.2740020752, 36.9711532593, 24.2364673615, -4.22251462936, 53.7703056335, 62.926322937, 138.041427612, 35.0603981018, 15.4276437759, -15.0873069763, 6.36987257004], [160.234573364, -161.741882324, 11.7449197769, -21.8630084991, -58.4437141418, 35.8189353943, 2.10318613052, 44.2868461609, 35.0603981018, 119.926803589, 34.8898124695, -0.0308441575617, -26.6014003754], [-229.393341064, 89.4462051392, -42.3010025024, -27.4532279968, -11.1043672562, -11.8259773254, 7.6669716835, -6.08437108994, 15.4276437759, 34.8898124695, 95.1208648682, 23.5192832947, 9.85490703583], [-51.1344947815, -51.3318443298, -28.9881629944, -61.6804695129, -12.3686914444, -26.1936264038, -11.4922761917, -0.621633708477, -15.0873069763, -0.0308441575617, 23.5192832947, 102.764282227, 39.1427955627], [-369.723876953, 113.280166626, -24.6823616028, -31.4536437988, 28.3861961365, -33.6174049377, 3.91084837914, -10.9156303406, 6.36987257004, -26.6014003754, 9.85490703583, 39.1427955627, 101.437637329]], "icov": [[0.000125595019199, -0.000140608419315, 0.000182359362952, -0.000194227162865, 0.000143392535392, -0.000296746060485, 0.000246403593337, -0.000417848437792, 0.000318871665513, -0.000243070113356, 0.000468281883514, -0.000318953156238, 0.000399824697524], [-0.000140608419315, 0.00141452241223, -0.000331344141159, 0.000938653596677, -0.000937712087762, 0.00112832419109, -0.000983789097518, 0.0016159141669, -0.00135129236151, 0.00170508946758, -0.00209029996768, 0.00184665841516, -0.00101107102819], [0.000182359362952, -0.000331344141159, 0.00124430621509, -0.000642650877126, -0.000104658443888, -0.000850748678204, 0.000451425934443, -0.000704797392245, 0.00088822649559, -0.000951153284404, 0.00122835079674, -0.000684397935402, 0.000631838687696], [-0.000194227162865, 0.000938653596677, -0.000642650877126, 0.00259743910283, -0.000836765859276, 0.000118353731523, -0.00081268674694, 0.00123551755678, -0.00171248801053, 0.00204042415135, -0.00172039191239, 0.00197591539472, -0.00062216015067], [0.000143392535392, -0.000937712087762, -0.000104658443888, -0.000836765859276, 0.00317074730992, -0.000498333363794, -0.00037074854481, -0.000602986896411, 0.000472177605843, -0.000145417128806, 0.00145496474579, -0.00114021776244, 0.000412705325289], [-0.000296746060485, 0.00112832419109, -0.000850748678204, 0.000118353731523, -0.000498333363794, 0.00572036439553, -0.00256463186815, 0.00052123889327, 0.000351269467501, 0.000117295538075, -0.00176786188968, 0.00219393824227, -0.000987893901765], [0.000246403593337, -0.000983789097518, 0.000451425934443, -0.00081268674694, -0.00037074854481, -0.00256463186815, 0.00695556774735, -0.00257747550495, -0.000644151004963, -0.000273743586149, 0.000828535237815, -0.00131461501587, 0.000958323711529], [-0.000417848437792, 0.0016159141669, -0.000704797392245, 0.00123551755678, -0.000602986896411, 0.00052123889327, -0.00257747550495, 0.0105898454785, -0.00529862614349, 0.000215394524275, -0.000911805429496, 0.000951709109358, -0.00142496777698], [0.000318871665513, -0.00135129236151, 0.00088822649559, -0.00171248801053, 0.000472177605843, 0.000351269467501, -0.000644151004963, -0.00529862614349, 0.0126945190132, -0.00480163749307, 0.00138758390676, 0.00052068894729, -0.000596751575358], [-0.000243070113356, 0.00170508946758, -0.000951153284404, 0.00204042415135, -0.000145417128806, 0.000117295538075, -0.000273743586149, 0.000215394524275, -0.00480163749307, 0.0152822453529, -0.00750016001984, 0.00191583379637, 0.00202302052639], [0.000468281883514, -0.00209029996768, 0.00122835079674, -0.00172039191239, 0.00145496474579, -0.00176786188968, 0.000828535237815, -0.000911805429496, 0.00138758390676, -0.00750016001984, 0.0173454172909, -0.00592223647982, 0.00122959667351], [-0.000318953156238, 0.00184665841516, -0.000684397935402, 0.00197591539472, -0.00114021776244, 0.00219393824227, -0.00131461501587, 0.000951709109358, 0.00052068894729, 0.00191583379637, -0.00592223647982, 0.0157139413059, -0.0065979831852], [0.000399824697524, -0.00101107102819, 0.000631838687696, -0.00062216015067, 0.000412705325289, -0.000987893901765, 0.000958323711529, -0.00142496777698, -0.000596751575358, 0.00202302052639, 0.00122959667351, -0.0065979831852, 0.0147669017315]], "mean": [-76.4718780518, 62.8662109375, -120.276313782, 65.0689544678, -35.0101127625, 20.2766342163, -27.8510513306, 9.72846794128, -17.6496391296, 3.80753660202, -13.3932876587, -2.32471394539, -11.5754003525]}, "melbands_spread": {"min": 0.121914334595, "max": 324.715881348, "dvar2": 951.14050293, "median": 33.3235244751, "dmean2": 23.9566574097, "dmean": 15.8738689423, "var": 1405.38085938, "dvar": 456.006561279, "mean": 42.0512580872}, "spectral_energy": {"min": 1.08668986971e-20, "max": 0.326734036207, "dvar2": 0.00661584036425, "median": 0.00750552909449, "dmean2": 0.0350482352078, "dmean": 0.020900240168, "var": 0.00203168066218, "dvar": 0.00255998503417, "mean": 0.022168321535}, "mfcc": {"cov": [[14855.5712891, -1420.86828613, -944.422302246, -77.0639877319, -539.265136719, -13.1691503525, -162.803497314, 97.3874588013, -9.978515625, 77.7960891724, 106.095085144, 36.3812675476, 56.6598701477], [-1420.86828613, 2109.9987793, -314.251403809, -50.7581291199, 154.409988403, -93.3684997559, -10.629983902, -72.3703842163, -43.9206123352, -120.207275391, -68.8208618164, -36.3352966309, -25.9731864929], [-944.422302246, -314.251403809, 1005.81103516, 137.198516846, 139.070877075, 163.989990234, 125.735656738, 52.4564552307, 44.2391395569, 71.9751968384, 15.0032711029, 19.1934452057, 1.25607037544], [-77.0639877319, -50.7581291199, 137.198516846, 477.238342285, 165.021331787, 99.6325149536, 58.2550811768, 65.1539382935, 67.6811599731, 13.813952446, 10.5217094421, 19.753528595, -7.8833823204], [-539.265136719, 154.409988403, 139.070877075, 165.021331787, 337.990875244, 92.8052749634, 72.5218200684, 35.8844261169, 52.1270484924, -7.05822038651, -16.3695869446, 16.3908348083, -17.807466507], [-13.1691503525, -93.3684997559, 163.989990234, 99.6325149536, 92.8052749634, 242.283630371, 118.999443054, 58.6287879944, 31.1699562073, 32.8504295349, 25.4387149811, -0.780476927757, -14.5115861893], [-162.803497314, -10.629983902, 125.735656738, 58.2550811768, 72.5218200684, 118.999443054, 186.62991333, 71.4940338135, 41.4939956665, 34.3563194275, 22.9209651947, 7.27607440948, -4.89796543121], [97.3874588013, -72.3703842163, 52.4564552307, 65.1539382935, 35.8844261169, 58.6287879944, 71.4940338135, 149.974136353, 77.1342163086, 28.7586421967, 16.6406517029, 4.76601600647, -4.71993255615], [-9.978515625, -43.9206123352, 44.2391395569, 67.6811599731, 52.1270484924, 31.1699562073, 41.4939956665, 77.1342163086, 152.859176636, 60.4680099487, 16.8552474976, 19.3059940338, -2.05158495903], [77.7960891724, -120.207275391, 71.9751968384, 13.813952446, -7.05822038651, 32.8504295349, 34.3563194275, 28.7586421967, 60.4680099487, 143.086151123, 63.2574615479, 16.8136177063, 10.8826856613], [106.095085144, -68.8208618164, 15.0032711029, 10.5217094421, -16.3695869446, 25.4387149811, 22.9209651947, 16.6406517029, 16.8552474976, 63.2574615479, 122.788536072, 40.7548828125, 17.4771137238], [36.3812675476, -36.3352966309, 19.1934452057, 19.753528595, 16.3908348083, -0.780476927757, 7.27607440948, 4.76601600647, 19.3059940338, 16.8136177063, 40.7548828125, 102.502243042, 38.2990036011], [56.6598701477, -25.9731864929, 1.25607037544, -7.8833823204, -17.807466507, -14.5115861893, -4.89796543121, -4.71993255615, -2.05158495903, 10.8826856613, 17.4771137238, 38.2990036011, 110.702598572]], "icov": [[8.34294914966e-05, 5.56847990083e-05, 9.66192674241e-05, -2.23053284572e-05, 9.14698612178e-05, -7.70423284848e-05, 6.24766034889e-05, -8.09061239124e-05, 2.7189265893e-05, -2.84550551441e-05, 1.30090188577e-06, -3.56840027962e-05, -1.29504060169e-05], [5.56847990083e-05, 0.000608988048043, 0.000242291309405, 7.08350125933e-05, -0.000352219154593, 0.000208197074244, -0.000231026715483, 0.000207820470678, -2.56485436694e-05, 0.000303818116663, -2.6092697226e-05, 0.000166283978615, 2.19836806536e-06], [9.66192674241e-05, 0.000242291309405, 0.00136910227593, -0.000131805238198, -0.000270192860626, -0.000495530141052, -0.00035252131056, 1.49784546011e-05, 0.000227380980505, -0.000571393000428, 0.00036029482726, -0.00017987418687, -7.51704646973e-05], [-2.23053284572e-05, 7.08350125933e-05, -0.000131805238198, 0.00275891111232, -0.00112292403355, -0.000563412671909, 0.000297588121612, -0.000487314915517, -0.000591410091147, 0.000340192113072, -0.000227955257287, -0.000154247245518, 8.85037934495e-06], [9.14698612178e-05, -0.000352219154593, -0.000270192860626, -0.00112292403355, 0.00459985341877, -0.00105040729977, -0.000572965363972, 0.000330525741447, -0.00107705791015, 0.00059633894125, 0.000856903381646, -0.00104283506516, 0.000531534664333], [-7.70423284848e-05, 0.000208197074244, -0.000495530141052, -0.000563412671909, -0.00105040729977, 0.00707464432344, -0.00346920406446, -0.000483438110678, 0.00063401053194, -0.000220129382797, -0.000943628139794, 0.00089396792464, 0.000511181249749], [6.24766034889e-05, -0.000231026715483, -0.00035252131056, 0.000297588121612, -0.000572965363972, -0.00346920406446, 0.00928365439177, -0.00298971356824, 0.000201070361072, -0.000832552846987, -0.000343990628608, -0.000282162625808, -8.71445881785e-05], [-8.09061239124e-05, 0.000207820470678, 1.49784546011e-05, -0.000487314915517, 0.000330525741447, -0.000483438110678, -0.00298971356824, 0.0109447818249, -0.00498552713543, 0.00126870826352, -0.00082148401998, 0.000905778550077, -2.13324219658e-05], [2.7189265893e-05, -2.56485436694e-05, 0.000227380980505, -0.000591410091147, -0.00107705791015, 0.00063401053194, 0.000201070361072, -0.00498552713543, 0.0113621996716, -0.00475017819554, 0.00175834982656, -0.00186995579861, 0.000688434171025], [-2.84550551441e-05, 0.000303818116663, -0.000571393000428, 0.000340192113072, 0.00059633894125, -0.000220129382797, -0.000832552846987, 0.00126870826352, -0.00475017819554, 0.0118583217263, -0.00549787608907, 0.00145496975165, -0.000688280619215], [1.30090188577e-06, -2.6092697226e-05, 0.00036029482726, -0.000227955257287, 0.000856903381646, -0.000943628139794, -0.000343990628608, -0.00082148401998, 0.00175834982656, -0.00549787608907, 0.012703272514, -0.00463536567986, 0.000107991188997], [-3.56840027962e-05, 0.000166283978615, -0.00017987418687, -0.000154247245518, -0.00104283506516, 0.00089396792464, -0.000282162625808, 0.000905778550077, -0.00186995579861, 0.00145496975165, -0.00463536567986, 0.013532217592, -0.00410362053663], [-1.29504060169e-05, 2.19836806536e-06, -7.51704646973e-05, 8.85037934495e-06, 0.000531534664333, 0.000511181249749, -8.71445881785e-05, -2.13324219658e-05, 0.000688434171025, -0.000688280619215, 0.000107991188997, -0.00410362053663, 0.0106726568192]], "mean": [-713.70715332, 81.1718978882, -8.17735290527, 46.3515129089, 19.5175666809, 19.6376628876, 7.93399906158, 9.40136623383, 4.69181776047, 6.82326698303, 4.74478769302, 1.85178017616, 0.44762802124]}, "spectral_contrast_valleys": {"min": [-27.6822338104, -27.447675705, -27.3791122437, -27.5614204407, -27.5054759979, -27.2926273346], "max": [-5.23172044754, -5.5266752243, -5.48049783707, -5.5327091217, -5.0241317749, -7.58147716522], "dvar2": [0.618475437164, 0.686424016953, 0.689199924469, 0.627189218998, 0.74377322197, 0.928762555122], "median": [-7.71703672409, -8.24743652344, -8.56730556488, -8.25033760071, -7.73099136353, -10.4847345352], "dmean2": [0.74637979269, 0.806164979935, 0.774631559849, 0.682808458805, 0.630599617958, 0.666515529156], "dmean": [0.522446155548, 0.564033687115, 0.550504207611, 0.505913615227, 0.486953318119, 0.550293326378], "var": [1.77576506138, 1.71147322655, 1.85242402554, 1.8672503233, 2.04985380173, 2.54130458832], "dvar": [0.344576895237, 0.381273597479, 0.380676090717, 0.353898793459, 0.400960743427, 0.513462245464], "mean": [-7.97961997986, -8.4386548996, -8.77426719666, -8.46753978729, -7.93818473816, -10.7127609253]}, "barkbands_flatness_db": {"min": 0.0217016991228, "max": 0.561596274376, "dvar2": 0.00445372145623, "median": 0.130017921329, "dmean2": 0.0527419932187, "dmean": 0.0355217643082, "var": 0.00658790860325, "dvar": 0.00185832474381, "mean": 0.148749053478}, "dynamic_complexity": 5.40188694, "erbbands_flatness_db": {"min": 0.0340029634535, "max": 0.423083126545, "dvar2": 0.000996626797132, "median": 0.155741930008, "dmean2": 0.0303263626993, "dmean