{"lowlevel": {"spectral_complexity": {"min": 0, "max": 62, "dvar2": 51.1454086304, "median": 15, "dmean2": 5.70329523087, "dmean": 3.87201976776, "var": 179.061676025, "dvar": 25.8863677979, "mean": 17.9192619324}, "silence_rate_20dB": {"min": 1, "max": 1, "dvar2": 0, "median": 1, "dmean2": 0, "dmean": 0, "var": 0, "dvar": 0, "mean": 1}, "average_loudness": 0.912189006805, "erbbands_spread": {"min": 1.82933843136, "max": 204.157669067, "dvar2": 390.845397949, "median": 45.4228515625, "dmean2": 17.5103473663, "dmean": 11.7760820389, "var": 641.020874023, "dvar": 177.465438843, "mean": 50.2767486572}, "spectral_kurtosis": {"min": -1.37018918991, "max": 54.3906021118, "dvar2": 8.03628253937, "median": 2.57075834274, "dmean2": 1.71673357487, "dmean": 1.06257259846, "var": 7.3798623085, "dvar": 3.13511586189, "mean": 3.1615922451}, "barkbands_kurtosis": {"min": -1.9829467535, "max": 1422.07739258, "dvar2": 2477.00268555, "median": 1.9162607193, "dmean2": 14.2655134201, "dmean": 8.52250576019, "var": 1433.4666748, "dvar": 915.23638916, "mean": 9.98630714417}, "spectral_strongpeak": {"min": 0, "max": 9.09988498688, "dvar2": 0.919890522957, "median": 0.345058590174, "dmean2": 0.67144036293, "dmean": 0.393194794655, "var": 0.525155842304, "dvar": 0.34897762537, "mean": 0.587156414986}, "spectral_spread": {"min": 1406879.5, "max": 40531096, "dvar2": 1068366364670.0, "median": 5105065.5, "dmean2": 786250.9375, "dmean": 593756.625, "var": 3243687018500.0, "dvar": 653975879680, "mean": 5360499.5}, "spectral_rms": {"min": 3.23772692684e-12, "max": 0.0147299645469, "dvar2": 8.24659764476e-06, "median": 0.00481273978949, "dmean2": 0.00209336588159, "dmean": 0.00133832439315, "var": 7.90970989328e-06, "dvar": 3.46447882293e-06, "mean": 0.00470159808174}, "erbbands": {"min": [1.22673409197e-21, 6.23640948269e-21, 1.47157983601e-20, 7.13598827056e-20, 8.10109672661e-20, 1.10692004177e-19, 1.1446226756e-19, 1.10146724133e-19, 9.70678974641e-19, 8.24428841149e-19, 7.3111702609e-19, 2.20443033539e-18, 7.50960675395e-19, 3.73513157444e-18, 4.63697681781e-18, 2.25481080458e-18, 2.66214555747e-18, 1.91817952134e-18, 4.23255787657e-18, 1.04482357768e-17, 7.74939524659e-18, 6.20517766954e-18, 1.16878329263e-17, 9.61909309184e-18, 1.33376703007e-17, 1.66345508332e-17, 2.72692628986e-17, 1.44113375009e-17, 2.14654626272e-17, 2.33155711812e-17, 1.86287443238e-17, 2.35827356298e-17, 1.60227432368e-17, 8.95268164878e-18, 8.67500290741e-18, 5.96803904999e-18, 3.80410727059e-18, 1.42314056585e-18, 3.91652235661e-19, 3.66112885614e-20], "max": [2.38743019104, 38.983253479, 123.809310913, 180.755569458, 348.200775146, 309.218383789, 179.43800354, 372.827697754, 576.852111816, 1204.04089355, 1351.17797852, 1207.76623535, 560.444396973, 633.713439941, 751.847412109, 869.784118652, 534.840148926, 839.908630371, 829.504272461, 693.155761719, 626.332946777, 363.766601562, 248.845123291, 489.110076904, 458.959991455, 241.518920898, 200.670043945, 138.831344604, 142.135101318, 150.505157471, 193.639541626, 268.25692749, 333.28717041, 256.94631958, 120.674385071, 18.7405986786, 3.17480611801, 0.79512244463, 0.099699832499, 0.00451991287991], "dvar2": [0.236381947994, 56.8425598145, 806.414611816, 675.015808105, 3088.4152832, 864.357299805, 476.650390625, 559.690856934, 2414.80078125, 8013.85693359, 4841.84814453, 5046.48339844, 1875.27600098, 1443.32189941, 2086.70556641, 1545.63098145, 1283.06018066, 1986.34399414, 2080.82568359, 1349.81860352, 912.510253906, 614.206481934, 444.131256104, 662.952880859, 494.092834473, 350.969055176, 326.605926514, 258.122619629, 188.011947632, 134.460098267, 135.930740356, 149.721725464, 161.13659668, 65.6078720093, 8.12697315216, 0.34158501029, 0.0356351211667, 0.00288188061677, 4.65151788376e-05, 1.27982488607e-07], "median": [0.065461806953, 0.536205530167, 1.57632994652, 3.13688063622, 3.84592890739, 5.00680780411, 3.1922390461, 2.54859852791, 3.28292989731, 4.62793254852, 4.70428705215, 7.84224414825, 8.38559055328, 7.63734674454, 7.71547174454, 9.47982406616, 8.23011207581, 7.60017061234, 6.18641328812, 6.0190372467, 7.26846933365, 6.1258559227, 6.56129407883, 8.11899089813, 7.91728067398, 6.61052942276, 5.74975633621, 4.67969846725, 3.96906924248, 2.8105275631, 2.33072829247, 1.50759088993, 0.792913198471, 0.370355159044, 0.152526035905, 0.0556237250566, 0.0215591713786, 0.00662017287686, 0.000867135357112, 6.50998408673e-05], "dmean2": [0.307703644037, 3.41460180283, 11.862528801, 12.3497400284, 22.3267002106, 15.857925415, 11.3614253998, 10.0297193527, 18.1437072754, 31.5311050415, 24.729631424, 25.3497962952, 20.4751968384, 18.081489563, 19.4854660034, 17.9151153564, 17.7998600006, 19.1700668335, 18.3850727081, 15.3909292221, 14.3011703491, 11.0648956299, 11.3530664444, 13.7088680267, 12.2928943634, 10.6845035553, 9.83972930908, 8.52034759521, 7.0469455719, 5.42096805573, 4.4828119278, 3.29359483719, 2.52586722374, 1.52291810513, 0.570009410381, 0.173864722252, 0.0739742442966, 0.0227302815765, 0.00297965318896, 0.000163302262081], "dmean": [0.174364611506, 2.06119537354, 6.8429889679, 7.04026222229, 13.1857194901, 9.50339889526, 6.63326072693, 5.90440034866, 10.5966005325, 18.9262523651, 15.0110549927, 15.5249347687, 13.0182161331, 11.3813457489, 12.1652183533, 11.355052948, 11.0678377151, 11.9820642471, 11.3508682251, 9.5265378952, 9.1486492157, 7.02840948105, 7.10745429993, 8.66083145142, 7.94363880157, 6.97440576553, 6.37972927094, 5.54853773117, 4.73906612396, 3.71566128731, 3.05258584023, 2.2548263073, 1.72665393353, 1.05864310265, 0.39853015542, 0.129786595702, 0.0554696880281, 0.0164408236742, 0.00222465046681, 0.00012123597844], "var": [0.0982350334525, 22.130153656, 228.226867676, 188.289703369, 1080.44616699, 461.160522461, 193.681060791, 218.865524292, 1033.15222168, 3460.1953125, 3292.86865234, 2468.34082031, 1509.7421875, 1147.64819336, 2205.52905273, 1321.78674316, 1049.23510742, 1413.03491211, 1290.5703125, 893.243469238, 766.0546875, 645.051940918, 409.931152344, 600.89666748, 605.06842041, 423.264312744, 352.184448242, 273.858917236, 205.222351074, 145.824493408, 106.006622314, 88.6029281616, 80.5341567993, 35.8003463745, 4.45103740692, 0.279917001724, 0.0328525081277, 0.00260693300515, 4.8909932957e-05, 1.53560819172e-07], "dvar": [0.0846536010504, 23.0158729553, 298.589172363, 241.64251709, 1231.02612305, 348.111358643, 179.189453125, 212.59588623, 899.625305176, 3096.2043457, 1963.17297363, 1890.13024902, 784.938415527, 583.567443848, 830.557434082, 623.838195801, 518.80670166, 780.411804199, 816.096801758, 521.048278809, 374.816589355, 260.42779541, 176.092468262, 267.265472412, 214.892242432, 158.757598877, 138.162475586, 109.124809265, 85.0158920288, 61.8423423767, 58.5069503784, 62.7952651978, 67.6918792725, 29.3167667389, 3.6410677433, 0.165776103735, 0.0179296340793, 0.00143660884351, 2.53566231549e-05, 7.82987257253e-08], "mean": [0.197880417109, 2.1192510128, 6.32263088226, 7.79993152618, 13.9261598587, 12.411441803, 8.21903514862, 7.32308483124, 12.3495130539, 22.1866436005, 19.8392181396, 22.7778015137, 21.4821510315, 18.8157024384, 21.3437290192, 20.2591114044, 19.0030574799, 20.0605583191, 17.9398880005, 15.683216095, 16.0717124939, 13.4028997421, 14.018986702, 17.4808177948, 16.9348773956, 14.5387630463, 13.2285890579, 11.6653375626, 9.94136428833, 7.6347284317, 6.14531373978, 4.39424371719, 2.91781973839, 1.64141178131, 0.632689714432, 0.220528557897, 0.0891737490892, 0.0265753604472, 0.0035903356038, 0.000197666420718]}, "zerocrossingrate": {"min": 0.00146484375, "max": 0.5068359375, "dvar2": 0.000402654346544, "median": 0.0634765625, "dmean2": 0.0170334428549, "dmean": 0.0148257501423, "var": 0.00367840658873, "dvar": 0.000361618935131, "mean": 0.0787306725979}, "spectral_contrast_coeffs": {"min": [-0.965990185738, -0.964234054089, -0.97106808424, -0.963634133339, -0.961641252041, -0.958161115646], "max": [-0.270656466484, -0.335226505995, -0.426853299141, -0.528280317783, -0.555145978928, -0.57841026783], "dvar2": [0.00587944220752, 0.0044696838595, 0.0026161626447, 0.00161709578242, 0.000857300416101, 0.000700986362062], "median": [-0.654402494431, -0.769524157047, -0.79548895359, -0.808061957359, -0.808895587921, -0.75654053688], "dmean2": [0.0929715707898, 0.0818288251758, 0.0628095790744, 0.0486663505435, 0.0343052707613, 0.0280277002603], "dmean": [0.0587104186416, 0.0504286251962, 0.0393365286291, 0.0303215030581, 0.0217017885298, 0.0186849217862], "var": [0.0114940414205, 0.00723233725876, 0.00650453660637, 0.00322159333155, 0.00180750957225, 0.00205174856819], "dvar": [0.00269711902365, 0.00183674821164, 0.00111242360435, 0.00068480259506, 0.000374601484509, 0.000339567486662], "mean": [-0.651972174644, -0.759567260742, -0.783218979836, -0.800644755363, -0.805121541023, -0.759878218174]}, "dissonance": {"min": 0.0176811702549, "max": 0.5, "dvar2": 0.000909900001716, "median": 0.480852484703, "dmean2": 0.0257677696645, "dmean": 0.0152817098424, "var": 0.000608943460975, "dvar": 0.000345639680745, "mean": 0.474128395319}, "spectral_energyband_high": {"min": 8.38035742506e-21, "max": 0.0382383167744, "dvar2": 3.20920344166e-06, "median": 0.000601189094596, "dmean2": 0.000736850430258, "dmean": 0.000542369380128, "var": 3.71848568648e-06, "dvar": 1.52075585902e-06, "mean": 0.00133498408832}, "spectral_skewness": {"min": -0.283136755228, "max": 6.03481006622, "dvar2": 0.0977918952703, "median": 1.20296227932, "dmean2": 0.265337020159, "dmean": 0.174241125584, "var": 0.19120799005, "dvar": 0.0446245782077, "mean": 1.25656080246}, "spectral_flux": {"min": 5.11782758394e-08, "max": 0.429431408644, "dvar2": 0.00642452854663, "median": 0.0855784937739, "dmean2": 0.057819917798, "dmean": 0.037352912128, "var": 0.00563123449683, "dvar": 0.00290788779967, "mean": 0.0995092391968}, "silence_rate_30dB": {"min": 0, "max": 1, "dvar2": 0.146009683609, "median": 1, "dmean2": 0.116072431207, "dmean": 0.0580296888947, "var": 0.0349983200431, "dvar": 0.0546586327255, "mean": 0.96367931366}, "spectral_energyband_middle_high": {"min": 1.32975675134e-21, "max": 0.0325552597642, "dvar2": 9.43945997278e-06, "median": 0.00240852101706, "dmean2": 0.00197597360238, "dmean": 0.00130333681591, "var": 1.78846166818e-05, "dvar": 3.91938647226e-06, "mean": 0.00386324990541}, "barkbands_spread": {"min": 0.105383358896, "max": 130.502990723, "dvar2": 243.362731934, "median": 24.362154007, "dmean2": 13.4919261932, "dmean": 8.76363945007, "var": 378.381561279, "dvar": 106.695075989, "mean": 28.2455825806}, "spectral_centroid": {"min": 91.0003509521, "max": 11160.7460938, "dvar2": 350039.4375, "median": 1494.30407715, "dmean2": 514.171203613, "dmean": 346.484313965, "var": 840791.9375, "dvar": 176062.609375, "mean": 1660.07043457}, "pitch_salience": {"min": 0.0612783879042, "max": 0.944357395172, "dvar2": 0.0235275309533, "median": 0.575174093246, "dmean2": 0.165944755077, "dmean": 0.09959846735, "var": 0.0227996110916, "dvar": 0.00943098030984, "mean": 0.546034216881}, "erbbands_skewness": {"min": -5.33243846893, "max": 9.80985641479, "dvar2": 0.477015644312, "median": 0.100591935217, "dmean2": 0.608093440533, "dmean": 0.398168981075, "var": 0.917786598206, "dvar": 0.212296426296, "mean": 0.0983627140522}, "erbbands_crest": {"min": 2.29195284843, "max": 31.7138118744, "dvar2": 16.8067207336, "median": 6.33978176117, "dmean2": 4.00787878036, "dmean": 2.43919205666, "var": 16.6557502747, "dvar": 6.62592792511, "mean": 7.54554224014}, "melbands": {"min": [1.01901320424e-23, 8.51486836993e-24, 1.23278543766e-23, 5.93102783894e-24, 4.83792063751e-24, 2.29847838156e-24, 1.49884250412e-23, 8.50632027316e-24, 8.19033967099e-24, 1.26013169537e-23, 2.83433562005e-24, 1.37114564509e-23, 1.8851284412e-23, 7.31240848096e-24, 6.2459138966e-24, 4.66142089858e-24, 3.10063967886e-24, 6.53697319948e-24, 8.47735093413e-24, 1.79997926841e-23, 7.11889537888e-24, 6.49274729055e-24, 7.38980993526e-24, 1.24631022122e-23, 6.88808808865e-24, 8.72985821015e-24, 1.00894520917e-23, 1.04527809142e-23, 2.09628031535e-23, 8.95237141682e-24, 7.44052659171e-24, 1.28484331543e-23, 9.18203249216e-24, 1.59399821973e-23, 1.12049455879e-23, 1.02697841169e-23, 1.56732478148e-23, 1.17771624116e-23, 8.7101934855e-24, 6.58447919206e-24], "max": [0.0301099903882, 0.0579036176205, 0.0283610448241, 0.0196763835847, 0.00751911941916, 0.00734974024817, 0.00916581694037, 0.0122121367604, 0.00975124258548, 0.00719420425594, 0.00279344921, 0.00265562324785, 0.00349364080466, 0.00187972583808, 0.00223974860273, 0.00169765483588, 0.00153267604765, 0.00148644065484, 0.000836274703033, 0.000863104709424, 0.000730912841391, 0.00047366504441, 0.000410388573073, 0.000270769844064, 0.000427484250395, 0.000287775241304, 0.000316839752486, 0.000157845483045, 0.000172969288542, 0.000178187416168, 0.000111681350973, 7.46586083551e-05, 0.000108074418677, 8.32884470583e-05, 0.00011201856978, 0.000132703993586, 0.000178449045052, 0.000224843824981, 0.000252622616244, 0.000216418033233], "dvar2": [3.03033611999e-05, 0.000170722516486, 2.21074933506e-05, 1.13352780318e-05, 5.67046072319e-07, 2.82570454146e-07, 6.07624940585e-07, 9.00449947494e-07, 3.23707695316e-07, 1.82521304737e-07, 4.81801585295e-08, 2.52777070386e-08, 3.57699114772e-08, 1.06114717013e-08, 1.11303641859e-08, 9.18689391227e-09, 7.72499042512e-09, 7.11815761889e-09, 2.78788969688e-09, 2.28264962487e-09, 1.45765777226e-09, 8.30066515523e-10, 5.52651702179e-10, 5.13634523802e-10, 5.70715696924e-10, 3.52503887191e-10, 3.04614833357e-10, 1.82782469715e-10, 1.81872031324e-10, 1.10575403001e-10, 1.12305637012e-10, 7.38020339286e-11, 5.48855405569e-11, 4.7560906602e-11, 5.1323705702e-11, 5.50611153893e-11, 6.61787152856e-11, 8.22365439634e-11, 9.80313191734e-11, 3.9329081658e-11], "median": [0.000678003940266, 0.000909561407752, 0.000637237448245, 0.000369084038539, 0.000144590390846, 5.56245868211e-05, 5.2098701417e-05, 4.87634097226e-05, 3.63512044714e-05, 4.92081308039e-05, 3.93156296923e-05, 2.87979364657e-05, 2.25072035391e-05, 2.35887928284e-05, 2.06103413802e-05, 1.45173944475e-05, 1.31826045617e-05, 9.42844599194e-06, 6.8055110205e-06, 8.26322684588e-06, 7.92171522335e-06, 5.68975247006e-06, 6.05271770837e-06, 4.6909667617e-06, 6.27283088761e-06, 6.06637195233e-06, 4.71920793643e-06, 4.09306949223e-06, 3.58230226993e-06, 2.91371088679e-06, 2.57613260146e-06, 2.29251304518e-06, 1.64081927778e-06, 1.51016138261e-06, 1.39096118801e-06, 1.06636593955e-06, 8.03176078534e-07, 5.62456534681e-07, 4.01094808922e-07, 2.71208307367e-07], "dmean2": [0.00315696257167, 0.00559580698609, 0.00237601273693, 0.0014474951895, 0.000422527344199, 0.000230839010328, 0.000299381208606, 0.000332207069732, 0.000202156516025, 0.00016397703439, 0.000104004742752, 7.47416925151e-05, 7.49984901631e-05, 4.94056257594e-05, 4.94280466228e-05, 4.12318840972e-05, 3.72732865799e-05, 3.34291871695e-05, 2.2630652893e-05, 2.00779559236e-05, 1.74604701897e-05, 1.23285744849e-05, 1.14974745884e-05, 1.19424121294e-05, 1.23372428789e-05, 1.03699258034e-05, 9.20972161111e-06, 7.5934153756e-06, 7.01764247424e-06, 5.58140936846e-06, 5.63187450098e-06, 4.52673339169e-06, 3.41578925145e-06, 3.27888960783e-06, 2.91369929073e-06, 2.46932086156e-06, 2.0457221126e-06, 1.87776083749e-06, 1.738090873e-06, 1.22531866964e-06], "dmean": [0.00182351772673, 0.00332904467359, 0.00137263571378, 0.000857385748532, 0.000251052872045, 0.000135560650961, 0.000175143679371, 0.00020068831509, 0.000122636207379, 0.000100944489532, 6.60776277073e-05, 4.6939800086e-05, 4.67222707812e-05, 3.14596109092e-05, 3.09051974909e-05, 2.53993293882e-05, 2.33281152759e-05, 2.06896293093e-05, 1.39269677675e-05, 1.24946918731e-05, 1.11220133476e-05, 7.73935880716e-06, 7.15171427146e-06, 7.36250240152e-06, 7.7150616562e-06, 6.57993814457e-06, 5.90139006817e-06, 4.87781017e-06, 4.46879221272e-06, 3.53785821972e-06, 3.59562068297e-06, 2.99382304547e-06, 2.27892383009e-06, 2.19967250814e-06, 1.93790197045e-06, 1.63075594628e-06, 1.37441293191e-06, 1.2479945326e-06, 1.16687328955e-06, 8.51891513776e-07], "var": [1.26734285004e-05, 5.58453648409e-05, 7.20102934793e-06, 4.10186066802e-06, 2.87755113959e-07, 1.10198854486e-07, 2.60606100255e-07, 3.89241222365e-07, 2.10533286804e-07, 9.45215035131e-08, 3.85563083682e-08, 1.93470537369e-08, 3.38768444408e-08, 1.09942517312e-08, 7.99012056518e-09, 6.49348130821e-09, 5.05502040227e-09, 4.19190415712e-09, 1.80093817637e-09, 1.45199907653e-09, 1.13953113612e-09, 8.15352896311e-10, 4.12945788675e-10, 4.12444051134e-10, 4.5129336379e-10, 3.60253160636e-10, 3.2453900678e-10, 1.87173374022e-10, 1.72795167064e-10, 9.53510673196e-11, 1.10860522151e-10, 7.72663599768e-11, 4.61299019816e-11, 4.81054571178e-11, 3.77748943237e-11, 3.28836159691e-11, 3.6440118284e-11, 3.7423893845e-11, 4.61362822946e-11, 2.21178127896e-11], "dvar": [1.1418658687e-05, 6.60710866214e-05, 8.27228632261e-06, 4.4876519496e-06, 2.17338921971e-07, 1.06784028731e-07, 2.26505150636e-07, 3.47591992522e-07, 1.29695607143e-07, 6.85598635641e-08, 2.0242850951e-08, 1.0319568311e-08, 1.39188678361e-08, 4.65234784031e-09, 4.50771686644e-09, 3.63034646789e-09, 3.04337044454e-09, 2.80470024983e-09, 1.08903908114e-09, 8.8964907663e-10, 6.01149074964e-10, 3.48641143733e-10, 2.20578541543e-10, 1.97351676667e-10, 2.26887855725e-10, 1.4486957467e-10, 1.31435057282e-10, 8.0755804821e-11, 7.75512640216e-11, 4.45983493191e-11, 4.68363056672e-11, 3.26916410609e-11, 2.39326492651e-11, 2.12062433586e-11, 2.15913398272e-11, 2.25807358922e-11, 2.76346012046e-11, 3.33036445643e-11, 4.14356604583e-11, 1.78484865776e-11], "mean": [0.00209428812377, 0.00327139464207, 0.00160034385044, 0.000986275495961, 0.000336888275342, 0.000165842357092, 0.000204861687962, 0.000234168488532, 0.000160770287039, 0.000148977342178, 0.000105879669718, 7.38482340239e-05, 7.64321739553e-05, 5.4323067161e-05, 4.99736233905e-05, 4.02571313316e-05, 3.64525840268e-05, 3.01785403281e-05, 2.13857238123e-05, 1.99706501007e-05, 1.82143903658e-05, 1.35347409014e-05, 1.24943589981e-05, 1.29452710098e-05, 1.43063107316e-05, 1.29875861603e-05, 1.13126816359e-05, 9.27619203139e-06, 8.59425472299e-06, 6.85656323185e-06, 6.93500760462e-06, 5.98319684286e-06, 4.30202271673e-06, 4.26344649895e-06, 3.67128814105e-06, 3.03104843624e-06, 2.53276243711e-06, 2.03948343369e-06, 1.79776418463e-06, 1.26236955111e-06]}, "spectral_entropy": {"min": 4.38033676147, "max": 9.80438899994, "dvar2": 0.0761177837849, "median": 7.89911460876, "dmean2": 0.237320423126, "dmean": 0.160042688251, "var": 0.20371773839, "dvar": 0.0370580516756, "mean": 7.82912731171}, "spectral_rolloff": {"min": 43.06640625, "max": 18453.9550781, "dvar2": 3547683.5, "median": 1162.79296875, "dmean2": 1337.93518066, "dmean": 810.683959961, "var": 6106182.5, "dvar": 1712874.875, "mean": 2013.75732422}, "barkbands": {"min": [1.28874644141e-23, 3.25942937214e-23, 2.03724701391e-23, 2.2397004344e-23, 3.29954989115e-23, 9.45253052998e-24, 7.11163975182e-23, 3.04384062872e-23, 8.18183496157e-23, 2.3889709037e-23, 1.63017765276e-22, 5.63196514774e-23, 5.29586054611e-23, 4.56141337286e-23, 1.1862493969e-22, 1.8650219229e-22, 1.05839145247e-22, 2.22072372268e-22, 2.05275706061e-22, 3.44529888537e-22, 5.32318391108e-22, 5.10360239551e-22, 7.85538197845e-22, 1.06875915474e-21, 1.00269173838e-21, 1.78551580033e-21, 2.60567002249e-21], "max": [0.00772996246815, 0.146634399891, 0.119235381484, 0.0523940362036, 0.0803998857737, 0.0315969362855, 0.0408017709851, 0.050072953105, 0.0486413091421, 0.0225811060518, 0.0231074709445, 0.0170206278563, 0.0141750853509, 0.016448603943, 0.0120931174606, 0.0154593689367, 0.00614605238661, 0.00408713473007, 0.00734099838883, 0.00500310352072, 0.00427470868453, 0.00494233798236, 0.00639915047213, 0.0167513210326, 0.0201084557921, 0.00207314128056, 0.000545683957171], "dvar2": [1.10690257316e-06, 0.0007364161429, 0.000682484125718, 5.90684248891e-05, 0.000190756079974, 7.82511597208e-06, 1.77230795089e-05, 1.33200464916e-05, 9.73640908342e-06, 1.27092437197e-06, 1.88524370515e-06, 9.65250706031e-07, 8.51812728797e-07, 8.86782686393e-07, 5.82928919357e-07, 3.87811070368e-07, 1.94627816086e-07, 1.61357561979e-07, 2.35558701434e-07, 1.94825716449e-07, 1.63041733003e-07, 1.35035080007e-07, 1.54777467287e-07, 4.6684112931e-07, 2.98430364865e-07, 1.07870272714e-08, 1.79854520166e-09], "median": [0.000161019925145, 0.00252953614108, 0.00130885955878, 0.000988728716038, 0.00154868513346, 0.000297610007692, 0.000264649163, 0.000167340942426, 0.000364939915016, 0.000192094710656, 0.000137389361043, 0.000230157442275, 0.000151914398884, 0.000144012257806, 9.20914608287e-05, 0.000128656480229, 0.000100932418718, 0.000110789791506, 0.000169810533407, 0.000140364660183, 0.000127931940369, 0.000103911050246, 8.63636305439e-05, 5.85508169024e-05, 2.65447415586e-05, 1.23077088574e-05, 4.79785421703e-06], "dmean2": [0.000639659992885, 0.0136062419042, 0.0107884667814, 0.00405439734459, 0.00600171880797, 0.00128463131841, 0.00168475578539, 0.00124453753233, 0.00123995379545, 0.000523815862834, 0.000550354656298, 0.000470390601549, 0.000425406004069, 0.000407568004448, 0.000323707819916, 0.000285725924186, 0.000205438394914, 0.000223885523155, 0.000272482750006, 0.000244487688178, 0.000220283458475, 0.000183829717571, 0.000160387411597, 0.000147279555677, 0.000104257960629, 3.7969355617e-05, 1.82012681762e-05], "dmean": [0.000387357809814, 0.00803432799876, 0.0060279360041, 0.00235574459657, 0.00353296962567, 0.000749141734559, 0.000998938805424, 0.000751198385842, 0.000763640564401, 0.000326832989231, 0.000341402977938, 0.000299594074022, 0.000261035806034, 0.000254273618339, 0.000200434486032, 0.000179389069672, 0.000130332104163, 0.000139066280099, 0.00017268639931, 0.000158657043357, 0.000142888369737, 0.000125214210129, 0.000109384964162, 0.000103074649815, 7.32299886295e-05, 2.87938964902e-05, 1.35256104841e-05], "var": [6.05039645052e-07, 0.000292831216939, 0.000170438201167, 2.26100892178e-05, 6.78083670209e-05, 3.05462208416e-06, 8.02518479759e-06, 7.25897098164e-06, 5.19221748618e-06, 9.89702812149e-07, 1.68555732216e-06, 8.33316164517e-07, 5.95169467488e-07, 5.62157140394e-07, 3.56039578264e-07, 2.88280631366e-07, 1.99967104209e-07, 1.41417459076e-07, 2.4692596412e-07, 2.12147952539e-07, 1.78095916681e-07, 1.48044335901e-07, 1.32968253297e-07, 2.51703511367e-07, 1.64820590953e-07, 9.82607772926e-09, 1.86370252564e-09], "dvar": [4.31543128343e-07, 0.000289943593089, 0.000243292321102, 2.25687945203e-05, 7.47768863221e-05, 2.93978746413e-06, 6.73615068081e-06, 5.28376403963e-06, 3.69710505765e-06, 5.29267140337e-07, 7.27934548195e-07, 3.99322118483e-07, 3.37827742669e-07, 3.46136715734e-07, 2.26333909836e-07, 1.5663069064e-07, 8.29591471074e-08, 6.39956851956e-08, 9.82643868497e-08, 8.54543742435e-08, 6.73663436146e-08, 6.10575057181e-08, 6.78372700236e-08, 1.97165149984e-07, 1.34051120426e-07, 5.26705834503e-09, 9.84178516461e-10], "mean": [0.00047620938858, 0.0087126949802, 0.00535587081686, 0.00279582268558, 0.0040572071448, 0.000901837251149, 0.00117931084242, 0.000881974294316, 0.00112416676711, 0.000506859854795, 0.000538172607776, 0.000507566728629, 0.000406713195844, 0.000394330534618, 0.000296491343761, 0.000296930753393, 0.000230192032177, 0.000260207045358, 0.000354056188371, 0.000318575766869, 0.000304637826048, 0.000264207512373, 0.000224232440814, 0.000190521313925, 0.000115769071272, 4.87033830723e-05, 2.12795512198e-05]}, "melbands_flatness_db": {"min": 0.00771567923948, "max": 0.696282982826, "dvar2": 0.0033216199372, "median": 0.178732305765, "dmean2": 0.0591537952423, "dmean": 0.0376566872001, "var": 0.00778166158125, "dvar": 0.00147081678733, "mean": 0.19340492785}, "melbands_skewness": {"min": -3.19999623299, "max": 32.9034767151, "dvar2": 7.27896595001, "median": 2.94548201561, "dmean2": 2.16760420799, "dmean": 1.38436233997, "var": 9.25484466553, "dvar": 3.14643478394, "mean": 3.70441102982}, "barkbands_skewness": {"min": -7.14668321609, "max": 32.63306427, "dvar2": 3.54738974571, "median": 1.53974831104, "dmean2": 1.44656229019, "dmean": 0.922630786896, "var": 4.60843515396, "dvar": 1.50377476215, "mean": 1.95227992535}, "silence_rate_60dB": {"min": 0, "max": 1, "dvar2": 0.0681744515896, "median": 0, "dmean2": 0.0652345046401, "dmean": 0.0326135866344, "var": 0.133416995406, "dvar": 0.0315530598164, "mean": 0.15855166316}, "spectral_energyband_low": {"min": 7.30236612386e-23, "max": 0.208493724465, "dvar2": 0.00234390096739, "median": 0.0069060116075, "dmean2": 0.0236173197627, "dmean": 0.0138966264203, "var": 0.000834293896332, "dvar": 0.0009078035946, "mean": 0.0157696120441}, "spectral_energyband_middle_low": {"min": 2.55635286207e-22, "max": 0.109887845814, "dvar2": 0.000474498025142, "median": 0.00657156016678, "dmean2": 0.0116861620918, "dmean": 0.00708022527397, "var": 0.00022436818108, "dvar": 0.000190297869267, "mean": 0.0110881859437}, "melbands_kurtosis": {"min": -1.9025490284, "max": 2206.8190918, "dvar2": 7674.52832031, "median": 10.8638391495, "dmean2": 37.4678649902, "dmean": 22.8453578949, "var": 5881.23144531, "dvar": 3035.10229492, "mean": 32.3762588501}, "spectral_decrease": {"min": -5.8176187423e-08, "max": 1.08216687021e-29, "dvar2": 1.85946495933e-16, "median": -5.81619374884e-09, "dmean2": 7.89257459388e-09, "dmean": 4.75707206959e-09, "var": 7.81049543884e-17, "dvar": 7.2933216058e-17, "mean": -7.64947571952e-09}, "erbbands_kurtosis": {"min": -1.81861639023, "max": 134.978134155, "dvar2": 18.058681488, "median": -0.438189029694, "dmean2": 1.64162254333, "dmean": 1.04321241379, "var": 18.3407936096, "dvar": 7.67299413681, "mean": 0.473557412624}, "melbands_crest": {"min": 2.16508150101, "max": 38.1063499451, "dvar2": 39.5452232361, "median": 14.7497701645, "dmean2": 7.58316278458, "dmean": 4.54467248917, "var": 40.53855896, "dvar": 15.0945692062, "mean": 15.6344528198}, "gfcc": {"cov": [[16693.2304688, 569.035705566, -497.073394775, 58.8675384521, -391.89364624, 98.7436523438, -216.859130859, -30.0522842407, -343.965545654, -175.350692749, -297.798309326, 22.7803421021, -194.921844482], [569.035705566, 2224.13696289, -259.828948975, -13.9727478027, 355.150115967, -93.4915237427, 143.731719971, -83.9876327515, -43.5516738892, -175.370620728, 7.04305934906, -101.822509766, 66.4184265137], [-497.073394775, -259.828948975, 1488.98071289, 407.538146973, 417.684692383, 153.333374023, 67.071144104, 60.9279403687, -6.45397424698, 108.017631531, -64.8081436157, 76.6120071411, -126.175102234], [58.8675384521, -13.9727478027, 407.538146973, 547.973937988, 217.957366943, 88.8729019165, 81.4869232178, 53.8975563049, 42.7983169556, 41.0451049805, 6.03083133698, 31.6124210358, -20.6851596832], [-391.89364624, 355.150115967, 417.684692383, 217.957366943, 566.028381348, 128.98236084, 218.694137573, 61.9103813171, 6.1098279953, 41.1953544617, -11.4437570572, 45.3514442444, -18.8325328827], [98.7436523438, -93.4915237427, 153.333374023, 88.8729019165, 128.98236084, 309.754302979, 149.798065186, 81.2964096069, 7.22258853912, 32.5787010193, 26.7161216736, 20.0837192535, -18.0881843567], [-216.859130859, 143.731719971, 67.071144104, 81.4869232178, 218.694137573, 149.798065186, 294.011108398, 98.5581817627, 44.021648407, 45.603225708, 23.8294372559, 16.2231273651, -23.306137085], [-30.0522842407, -83.9876327515, 60.9279403687, 53.8975563049, 61.9103813171, 81.2964096069, 98.5581817627, 156.717147827, 73.1861190796, 46.905960083, 14.0474538803, 18.9106311798, -2.57222795486], [-343.965545654, -43.5516738892, -6.45397424698, 42.7983169556, 6.1098279953, 7.22258853912, 44.021648407, 73.1861190796, 136.691757202, 70.5972290039, 25.5615844727, -0.64072817564, 4.63175582886], [-175.350692749, -175.370620728, 108.017631531, 41.0451049805, 41.1953544617, 32.5787010193, 45.603225708, 46.905960083, 70.5972290039, 124.56778717, 43.5914459229, 22.6423397064, -22.5488452911], [-297.798309326, 7.04305934906, -64.8081436157, 6.03083133698, -11.4437570572, 26.7161216736, 23.8294372559, 14.0474538803, 25.5615844727, 43.5914459229, 97.6630020142, 24.1310482025, 16.2828559875], [22.7803421021, -101.822509766, 76.6120071411, 31.6124210358, 45.3514442444, 20.0837192535, 16.2231273651, 18.9106311798, -0.64072817564, 22.6423397064, 24.1310482025, 86.4493865967, 20.8113613129], [-194.921844482, 66.4184265137, -126.175102234, -20.6851596832, -18.8325328827, -18.0881843567, -23.306137085, -2.57222795486, 4.63175582886, -22.5488452911, 16.2828559875, 20.8113613129, 89.1875152588]], "icov": [[9.03675609152e-05, -0.000106729152321, 0.000106651343231, -0.000109728331154, 0.000160862953635, -0.000145595593494, 0.000145492012962, -0.000180793082109, 0.000340629252605, -0.000317596131936, 0.000499393092468, -0.00037742688437, 0.000338569661835], [-0.000106729152321, 0.000959222612437, -7.1254260547e-05, 0.000235011932091, -0.00103330507409, 0.000630878203083, -0.000548863084987, 0.000618998950813, -0.000852381170262, 0.0019517383771, -0.00162713974714, 0.00161595467944, -0.000752004387323], [0.000106651343231, -7.1254260547e-05, 0.00150870822836, -0.000730974948965, -0.000655970070511, -0.000546967203263, 0.00105087354314, -0.000385160034057, 0.000767289719079, -0.00131129880901, 0.00165887584444, -0.00139898969792, 0.00191728270147], [-0.000109728331154, 0.000235011932091, -0.000730974948965, 0.00271356781013, -0.000858819519635, 5.75504736844e-06, -0.000171083767782, 0.000280012463918, -0.00155479658861, 0.00131830724422, -0.00133059814107, 0.00051623309264, -0.000499894493259], [0.000160862953635, -0.00103330507409, -0.000655970070511, -0.000858819519635, 0.0046980381012, -0.000544700247701, -0.00211830507033, -0.000254463840974, 0.0017465017736, -0.00252157030627, 0.0027227497194, -0.00224227830768, -0.000387538428186], [-0.000145595593494, 0.000630878203083, -0.000546967203263, 5.75504736844e-06, -0.000544700247701, 0.00542492140085, -0.00249892822467, -0.0012967918301, 0.00093204859877, 0.00125972717069, -0.00267635565251, 0.00168272398878, -0.000899633800145], [0.000145492012962, -0.000548863084987, 0.00105087354314, -0.000171083767782, -0.00211830507033, -0.00249892822467, 0.00787442550063, -0.00289237499237, -3.78802324121e-05, -0.00121401075739, 0.000469164020615, -0.00126598170027, 0.00309870974161], [-0.000180793082109, 0.000618998950813, -0.000385160034057, 0.000280012463918, -0.000254463840974, -0.0012967918301, -0.00289237499237, 0.0119871636853, -0.00646553654224, 0.00146968313493, -0.000150208739797, -0.000741841329727, -0.00115501752589], [0.000340629252605, -0.000852381170262, 0.000767289719079, -0.00155479658861, 0.0017465017736, 0.00093204859877, -3.78802324121e-05, -0.00646553654224, 0.0166207663715, -0.0102456901222, 0.0027378234081, 0.00157249672338, -0.00185473507736], [-0.000317596131936, 0.0019517383771, -0.00131129880901, 0.00131830724422, -0.00252157030627, 0.00125972717069, -0.00121401075739, 0.00146968313493, -0.0102456901222, 0.0213370025158, -0.0101138642058, 0.000327712594299, 0.00344786094502], [0.000499393092468, -0.00162713974714, 0.00165887584444, -0.00133059814107, 0.0027227497194, -0.00267635565251, 0.000469164020615, -0.000150208739797, 0.0027378234081, -0.0101138642058, 0.0194889139384, -0.00661051133648, -0.000222952337936], [-0.00037742688437, 0.00161595467944, -0.00139898969792, 0.00051623309264, -0.00224227830768, 0.00168272398878, -0.00126598170027, -0.000741841329727, 0.00157249672338, 0.000327712594299, -0.00661051133648, 0.0194307342172, -0.00769812706858], [0.000338569661835, -0.000752004387323, 0.00191728270147, -0.000499894493259, -0.000387538428186, -0.000899633800145, 0.00309870974161, -0.00115501752589, -0.00185473507736, 0.00344786094502, -0.000222952337936, -0.00769812706858, 0.0184259675443]], "mean": [-18.6854915619, 62.886631012, -103.074752808, 38.6239585876, -53.2346839905, 14.0202760696, -25.5832633972, 5.14202880859, -21.8697891235, -0.230807378888, -15.149638176, -3.29485368729, -12.7254734039]}, "melbands_spread": {"min": 0.172268539667, "max": 286.809692383, "dvar2": 532.404602051, "median": 20.5011558533, "dmean2": 16.8459300995, "dmean": 10.741645813, "var": 1033.32824707, "dvar": 249.566741943, "mean": 29.3975353241}, "spectral_energy": {"min": 1.07449477179e-20, "max": 0.222396165133, "dvar2": 0.0027164737694, "median": 0.0237415265292, "dmean2": 0.0303814765066, "dmean": 0.0183817949146, "var": 0.00117845099885, "dvar": 0.00106680439785, "mean": 0.0307650845498}, "mfcc": {"cov": [[13803.7861328, 963.097961426, -261.378479004, -140.795135498, -245.852737427, 13.771270752, -53.0797805786, 96.8369293213, -119.924186707, -100.210731506, -177.866165161, -111.218177795, -129.507415771], [963.097961426, 1903.21496582, -283.397949219, 155.433639526, 113.918144226, 51.3098754883, 149.629440308, 50.1327095032, 43.202167511, -71.3865737915, -69.7369918823, -29.0014438629, -48.5114135742], [-261.378479004, -283.397949219, 898.536804199, 264.926879883, 261.948303223, 147.431915283, 58.8685035706, 41.3523902893, 39.8403434753, 2.57056093216, 59.0406036377, 36.5950164795, 51.3150215149], [-140.795135498, 155.433639526, 264.926879883, 555.69329834, 247.204589844, 145.629501343, 100.197021484, 72.2492294312, 91.4593811035, 7.49835681915, 43.1323165894, 53.4039802551, 52.6724815369], [-245.852737427, 113.918144226, 261.948303223, 247.204589844, 330.831176758, 142.3306427, 112.688949585, 61.6401672363, 76.4518280029, -4.96532678604, 12.9141635895, 32.0397987366, 43.590877533], [13.771270752, 51.3098754883, 147.431915283, 145.629501343, 142.3306427, 256.65713501, 179.383743286, 98.9301071167, 56.5179290771, 36.8036651611, 56.7650032043, 26.2788906097, 30.4087734222], [-53.0797805786, 149.629440308, 58.8685035706, 100.197021484, 112.688949585, 179.383743286, 265.435974121, 134.635223389, 65.9221801758, 32.0500297546, 59.2708244324, 30.8332099915, 24.7498111725], [96.8369293213, 50.1327095032, 41.3523902893, 72.2492294312, 61.6401672363, 98.9301071167, 134.635223389, 163.053924561, 85.071472168, 35.1509399414, 37.2631645203, 29.0246562958, 24.5872650146], [-119.924186707, 43.202167511, 39.8403434753, 91.4593811035, 76.4518280029, 56.5179290771, 65.9221801758, 85.071472168, 131.81867981, 56.9494438171, 35.298789978, 24.9537391663, 25.0245552063], [-100.210731506, -71.3865737915, 2.57056093216, 7.49835681915, -4.96532678604, 36.8036651611, 32.0500297546, 35.1509399414, 56.9494438171, 130.397171021, 78.9598617554, 23.3549442291, 6.21894407272], [-177.866165161, -69.7369918823, 59.0406036377, 43.1323165894, 12.9141635895, 56.7650032043, 59.2708244324, 37.2631645203, 35.298789978, 78.9598617554, 128.78604126, 54.2145423889, 20.0972213745], [-111.218177795, -29.0014438629, 36.5950164795, 53.4039802551, 32.0397987366, 26.2788906097, 30.8332099915, 29.0246562958, 24.9537391663, 23.3549442291, 54.2145423889, 88.1764068604, 50.5634040833], [-129.507415771, -48.5114135742, 51.3150215149, 52.6724815369, 43.590877533, 30.4087734222, 24.7498111725, 24.5872650146, 25.0245552063, 6.21894407272, 20.0972213745, 50.5634040833, 91.4368286133]], "icov": [[8.17205873318e-05, -4.89896483487e-05, -1.58805196406e-05, -1.77642493782e-06, 8.71297670528e-05, -9.26840875763e-05, 0.000113961847092, -0.000190823498997, 0.00012833144865, -3.52283896063e-05, 0.000113859685371, -1.91514063772e-05, 6.22804436716e-05], [-4.89896483487e-05, 0.000708100502379, 0.000332164519932, -0.00022512715077, -0.000293344957754, 0.000189194135601, -0.000595889403485, 0.000296124024317, -0.000311031879392, 0.000371920876205, 0.000182144663995, -5.44489666936e-05, 0.000458061462268], [-1.58805196406e-05, 0.000332164519932, 0.00177386729047, -0.000346743123373, -0.00129674596246, -0.000405200466048, 0.000506148498971, -0.000211998893064, 0.000371459464077, 0.00052073970437, -0.00102013163269, 0.000533372571226, -0.000176877729245], [-1.77642493782e-06, -0.00022512715077, -0.000346743123373, 0.00304573075846, -0.0014465379063, -0.000716380542144, 0.000547353818547, 2.00075392058e-05, -0.00104449910577, 0.000658062286675, -0.000601212435868, -0.000642209080979, -0.000179166774615], [8.71297670528e-05, -0.000293344957754, -0.00129674596246, -0.0014465379063, 0.00687682256103, -0.00173995911609, -0.00117622001562, 0.00141737656668, -0.00260264053941, 0.000832889287267, 0.00196167128161, -0.00105321023148, -0.000426811195211], [-9.26840875763e-05, 0.000189194135601, -0.000405200466048, -0.000716380542144, -0.00173995911609, 0.00933119282126, -0.00495143653825, -0.000704266363755, 0.00114842248149, -0.00128168205265, -0.00112152472138, 0.00165791308973, -0.00103238190059], [0.000113961847092, -0.000595889403485, 0.000506148498971, 0.000547353818547, -0.00117622001562, -0.00495143653825, 0.0108766779304, -0.00615551602095, 0.00126568437554, 0.00106769020204, -0.00274713942781, 0.000556300510652, 4.16400907852e-05], [-0.000190823498997, 0.000296124024317, -0.000211998893064, 2.00075392058e-05, 0.00141737656668, -0.000704266363755, -0.00615551602095, 0.0151033550501, -0.00766692264006, 0.000770349288359, 0.00103128142655, -0.00186460127588, 7.99826921138e-06], [0.00012833144865, -0.000311031879392, 0.000371459464077, -0.00104449910577, -0.00260264053941, 0.00114842248149, 0.00126568437554, -0.00766692264006, 0.0165037941188, -0.00659501319751, 0.00112579064444, 0.000538947584573, -0.00162586255465], [-3.52283896063e-05, 0.000371920876205, 0.00052073970437, 0.000658062286675, 0.000832889287267, -0.00128168205265, 0.00106769020204, 0.000770349288359, -0.00659501319751, 0.0159274898469, -0.00942828599364, 0.00194220256526, 0.000729046412744], [0.000113859685371, 0.000182144663995, -0.00102013163269, -0.000601212435868, 0.00196167128161, -0.00112152472138, -0.00274713942781, 0.00103128142655, 0.00112579064444, -0.00942828599364, 0.0191829670221, -0.00992135610431, 0.00268403859809], [-1.91514063772e-05, -5.44489666936e-05, 0.000533372571226, -0.000642209080979, -0.00105321023148, 0.00165791308973, 0.000556300510652, -0.00186460127588, 0.000538947584573, 0.00194220256526, -0.00992135610431, 0.023335788399, -0.0106871938333], [6.22804436716e-05, 0.000458061462268, -0.000176877729245, -0.000179166774615, -0.000426811195211, -0.00103238190059, 4.16400907852e-05, 7.99826921138e-06, -0.00162586255465, 0.000729046412744, 0.00268403859809, -0.0106871938333, 0.0177189409733]], "mean": [-662.491088867, 93.6923599243, 8.33874320984, 27.925037384, 0.364345043898, 10.8788118362, 5.77654933929, 5.84929609299, 0.0538056790829, 4.68839120865, -0.218198895454, -0.355550736189, -3.0383067131]}, "spectral_contrast_valleys": {"min": [-26.8876228333, -27.0641098022, -27.4282894135, -27.1324901581, -27.2552642822, -27.3427944183], "max": [-4.84170293808, -4.59624481201, -5.29582023621, -5.68675327301, -5.66174411774, -7.0918302536], "dvar2": [0.565631866455, 0.549600064754, 0.319118231535, 0.269110143185, 0.23092828691, 0.32444101572], "median": [-6.90787506104, -6.97506809235, -7.30858516693, -7.6228017807, -7.29322290421, -9.66805076599], "dmean2": [0.813029229641, 0.753985106945, 0.573192000389, 0.491993427277, 0.392571002245, 0.39784052968], "dmean": [0.490607738495, 0.476426303387, 0.378461062908, 0.333566993475, 0.281610131264, 0.329124063253], "var": [2.66011929512, 1.82345688343, 1.98723781109, 1.70469295979, 1.59472882748, 1.83109891415], "dvar": [0.243104696274, 0.245231822133, 0.161482915282, 0.144981488585, 0.133195221424, 0.201878115535], "mean": [-7.52519178391, -7.25129270554, -7.65992641449, -7.92814302444, -7.55954551697, -9.94968700409]}, "barkbands_flatness_db": {"min": 0.0147581370547, "max": 0.546269834042, "dvar2": 0.00216464628465, "median": 0.107779309154, "dmean2": 0.0457476750016, "dmean": 0.0288892257959, "var": 0.00456433882937, "dvar": 0.000911829876713, "mean": 0.124480657279}, "dynamic_complexity": 4.87904119492, "erbbands_flatness_db": {"min": 0.0257588308305, "max": 0.405815899372, "dvar2": 0.000725783815142, "median": 0.119390740991, "dmean2": 0.0243347715586, "dmean": 0.0171892102808, "var": 0.00260277139023, "dvar": 0.000360271078534, "mean": 0.129964545369}, "hfc": {"min": 1.18913234929e-16, "