{"lowlevel": {"spectral_complexity": {"min": 0, "max": 64, "dvar2": 52.3989830017, "median": 18, "dmean2": 6.45544624329, "dmean": 4.54885435104, "var": 181.205444336, "dvar": 30.0065879822, "mean": 19.5965576172}, "silence_rate_20dB": {"min": 1, "max": 1, "dvar2": 0, "median": 1, "dmean2": 0, "dmean": 0, "var": 0, "dvar": 0, "mean": 1}, "average_loudness": 0.857577979565, "erbbands_spread": {"min": 1.70454442501, "max": 161.637908936, "dvar2": 202.119033813, "median": 31.3805751801, "dmean2": 12.677274704, "dmean": 8.20479869843, "var": 311.100524902, "dvar": 87.8821487427, "mean": 34.1143760681}, "spectral_kurtosis": {"min": -1.29853451252, "max": 44.186050415, "dvar2": 6.75710535049, "median": 3.14873075485, "dmean2": 1.99578011036, "dmean": 1.22372472286, "var": 6.25182342529, "dvar": 2.7754714489, "mean": 3.57951903343}, "barkbands_kurtosis": {"min": -1.95105159283, "max": 456.532562256, "dvar2": 237.842086792, "median": -0.170099020004, "dmean2": 4.24383878708, "dmean": 2.56909489632, "var": 115.690635681, "dvar": 88.1676559448, "mean": 2.07039523125}, "spectral_strongpeak": {"min": 0, "max": 18.4153957367, "dvar2": 2.40798330307, "median": 0.366538405418, "dmean2": 1.01897394657, "dmean": 0.600951850414, "var": 1.58437132835, "dvar": 0.916613161564, "mean": 0.899701595306}, "spectral_spread": {"min": 1414523.75, "max": 40888552, "dvar2": 942094286848, "median": 4096684.75, "dmean2": 717484.9375, "dmean": 485929, "var": 2251652857860.0, "dvar": 481914945536, "mean": 4361989}, "spectral_rms": {"min": 3.19719467914e-12, "max": 0.0122557422146, "dvar2": 1.8214955162e-06, "median": 0.00303153856657, "dmean2": 0.00116068823263, "dmean": 0.000843051820993, "var": 5.02387320012e-06, "dvar": 1.19979245028e-06, "mean": 0.00356029369868}, "erbbands": {"min": [3.25871497971e-22, 3.63455689065e-21, 6.73157441843e-21, 2.01875415666e-20, 2.67920698479e-20, 4.3610412691e-20, 2.01798504025e-19, 1.82519392563e-19, 2.45422807534e-19, 4.66466120874e-19, 3.42926101853e-19, 4.54125103123e-19, 1.37982535647e-18, 1.56392598233e-18, 1.9173531679e-18, 1.72723604387e-18, 1.57432012711e-18, 2.46868827812e-18, 5.44277853384e-18, 7.54029556826e-18, 7.62657133333e-18, 6.68286413353e-18, 7.36963828173e-18, 8.5074119794e-18, 1.2709822845e-17, 1.01199079393e-17, 1.08180864267e-17, 8.54194263407e-18, 1.60162068556e-17, 1.54177284475e-17, 1.49992958259e-17, 1.28280434981e-17, 1.14712720789e-17, 9.71760699407e-18, 7.88402881745e-18, 4.69388601677e-18, 3.06695430757e-18, 1.2275670483e-18, 3.07837617256e-19, 2.86568903777e-20], "max": [1.26083171368, 11.188038826, 100.087913513, 114.366897583, 85.9402618408, 85.0419006348, 107.262634277, 118.403923035, 203.187759399, 501.954101562, 691.472717285, 623.026794434, 754.659484863, 1413.796875, 3249.13134766, 3153.33813477, 2489.83520508, 1837.10046387, 2423.52563477, 1827.54589844, 2380.28393555, 1452.66113281, 736.941833496, 423.969055176, 513.744628906, 363.171478271, 370.850067139, 340.741546631, 818.411804199, 380.721160889, 213.466201782, 104.452552795, 90.1535949707, 121.699455261, 163.071487427, 34.8422660828, 2.70811200142, 0.469135820866, 0.0589934065938, 0.00368873635307], "dvar2": [0.0596831552684, 4.84243345261, 132.691268921, 146.987304688, 133.727050781, 105.399925232, 60.0117073059, 64.370552063, 392.439025879, 748.571105957, 1705.05126953, 1445.08728027, 3118.40454102, 5794.55175781, 9005.92285156, 13391.578125, 10834.7675781, 13881.4335938, 13785.9980469, 9909.4140625, 8603.23046875, 3560.70263672, 1766.57922363, 1010.08312988, 383.799835205, 273.318786621, 318.117523193, 442.717315674, 1671.91162109, 490.08026123, 163.881332397, 44.0325965881, 19.3527431488, 11.481423378, 4.29668712616, 0.549040496349, 0.0098472032696, 0.00025297771208, 1.93236814994e-06, 6.46021103279e-09], "median": [0.00500427512452, 0.0923774763942, 0.382041603327, 0.41004934907, 0.519522070885, 0.831386625767, 1.43291532993, 2.1911034584, 3.11536622047, 5.06097507477, 4.97650814056, 5.3880238533, 6.63049697876, 8.0070734024, 9.0070514679, 10.7020359039, 10.0949745178, 11.6384439468, 12.6600179672, 11.1348409653, 11.9588079453, 8.09453964233, 9.4717874527, 9.54192733765, 7.66189956665, 6.63959646225, 5.53750038147, 3.95877432823, 3.37040901184, 2.69270515442, 1.38433003426, 0.771853864193, 0.412500321865, 0.172347873449, 0.0851968824863, 0.0236543864012, 0.00586726143956, 0.00146789930295, 0.000144012024975, 2.41048492171e-05], "dmean2": [0.0946426466107, 1.04485404491, 4.81602668762, 4.45147705078, 3.99550199509, 4.55332279205, 4.26731729507, 4.37605810165, 7.86428260803, 12.7308540344, 15.3348178864, 16.0097351074, 23.7771320343, 29.2302455902, 30.6672382355, 42.5364608765, 36.7963523865, 46.8766288757, 46.0023574829, 36.8077316284, 31.9918365479, 21.6566238403, 19.0440769196, 17.5378227234, 11.3046483994, 9.80160522461, 8.7197599411, 8.59607696533, 10.9850025177, 6.42906904221, 3.70556426048, 2.12311601639, 1.27459347248, 0.768711745739, 0.434862941504, 0.159279450774, 0.0269559249282, 0.00469892565161, 0.000391393259633, 2.96225680358e-05], "dmean": [0.0548976771533, 0.62383377552, 3.16003799438, 2.91085290909, 2.26998734474, 2.70146751404, 2.55705904961, 2.68889737129, 5.00028419495, 8.00806522369, 9.85685253143, 10.146276474, 14.8921995163, 18.5824642181, 19.7427825928, 27.0691413879, 23.3143482208, 29.4734420776, 29.5756111145, 23.558965683, 20.4281673431, 13.8088474274, 12.0840864182, 11.0505580902, 7.21263551712, 6.24024152756, 5.71735286713, 5.65764379501, 6.91049385071, 4.12018489838, 2.45691275597, 1.43305921555, 0.877019643784, 0.5296022892, 0.299378305674, 0.107615783811, 0.01836447604, 0.00341104948893, 0.000292788929073, 2.15506424865e-05], "var": [0.0287737715989, 1.8321852684, 87.4509735107, 97.2270965576, 40.8322601318, 52.2848129272, 31.9862003326, 39.1664810181, 188.761810303, 553.229064941, 1634.16674805, 996.328369141, 2216.78466797, 5710.77050781, 5988.34570312, 11698.3310547, 7182.48730469, 11563.4296875, 11049.0107422, 6910.30224609, 5436.39501953, 2234.52905273, 1169.46813965, 838.915283203, 370.261230469, 295.28024292, 314.65524292, 359.391967773, 685.999389648, 265.236328125, 104.881988525, 34.4673423767, 20.2559928894, 12.6440343857, 7.78954124451, 0.507138967514, 0.00734449503943, 0.000245230621658, 1.65326196111e-06, 5.74050496027e-09], "dvar": [0.021855533123, 1.82122862339, 67.970916748, 73.9331741333, 47.1029853821, 41.9032478333, 23.6322288513, 25.1044235229, 163.577560425, 312.657073975, 742.202087402, 604.08807373, 1234.53027344, 2428.17651367, 3665.73608398, 5694.67138672, 4271.47070312, 5687.49609375, 5782.42431641, 4086.25024414, 3467.28393555, 1476.65734863, 716.075439453, 410.785003662, 162.799911499, 115.56967926, 136.03352356, 186.181793213, 649.594177246, 195.85194397, 69.3143615723, 19.3528118134, 9.17385292053, 5.53029680252, 2.47864222527, 0.264624238014, 0.00465570669621, 0.000125860868138, 9.20796878745e-07, 3.01742542064e-09], "mean": [0.0622672587633, 0.639480233192, 3.36065149307, 3.38970112801, 2.46422982216, 3.37405347824, 3.4058368206, 4.20457696915, 7.00736522675, 11.9879388809, 15.5870885849, 15.1948566437, 22.5824108124, 30.2753543854, 32.4079742432, 43.0314292908, 38.1589851379, 48.1092147827, 47.290222168, 37.4932823181, 33.0509033203, 22.0616588593, 20.4183063507, 19.7478466034, 13.9169712067, 12.6737747192, 11.4920158386, 10.2780313492, 10.3148546219, 7.00620985031, 4.04271650314, 2.50015807152, 1.5191129446, 0.85686314106, 0.449568480253, 0.14306679368, 0.0263917781413, 0.00583167746663, 0.000473481282825, 4.43872340838e-05]}, "zerocrossingrate": {"min": 0.00341796875, "max": 0.5068359375, "dvar2": 0.000367209140677, "median": 0.07763671875, "dmean2": 0.0163966231048, "dmean": 0.0137703781947, "var": 0.00233041727915, "dvar": 0.000314889999572, "mean": 0.0856904089451}, "spectral_contrast_coeffs": {"min": [-0.963474154472, -0.962218463421, -0.969596505165, -0.967317223549, -0.962876498699, -0.961599111557], "max": [-0.37591701746, -0.415540069342, -0.46949955821, -0.495374053717, -0.590565085411, -0.521778941154], "dvar2": [0.00474818376824, 0.00371272373013, 0.00256738020107, 0.00183985661715, 0.000991985201836, 0.000798649911303], "median": [-0.688498139381, -0.785750806332, -0.794820010662, -0.788654744625, -0.799149513245, -0.733422338963], "dmean2": [0.086477227509, 0.0750629380345, 0.0636006146669, 0.0528759099543, 0.0375469401479, 0.031298276037], "dmean": [0.0527894720435, 0.0458386875689, 0.03939011693, 0.0331223420799, 0.0237010661513, 0.0203680619597], "var": [0.00664611998945, 0.00475378753617, 0.00454121548682, 0.00386942946352, 0.00190112751443, 0.00184602208901], "dvar": [0.00196106010117, 0.00146683701314, 0.00104131747503, 0.000785645970609, 0.000427916937042, 0.000376586627681], "mean": [-0.682285010815, -0.776907026768, -0.786053538322, -0.782161176205, -0.796757519245, -0.739196181297]}, "dissonance": {"min": 0.188569411635, "max": 0.500000178814, "dvar2": 0.000564971880522, "median": 0.484289586544, "dmean2": 0.0225407574326, "dmean": 0.0134232984856, "var": 0.000506803684402, "dvar": 0.000215680367546, "mean": 0.47812500596}, "spectral_energyband_high": {"min": 7.15187708535e-21, "max": 0.0296568144113, "dvar2": 4.26848146162e-06, "median": 0.000447541417088, "dmean2": 0.000722265627701, "dmean": 0.000503137533087, "var": 3.63430922334e-06, "dvar": 1.86482532172e-06, "mean": 0.00103859149385}, "spectral_skewness": {"min": -0.613201975822, "max": 5.0953578949, "dvar2": 0.110463544726, "median": 1.25389552116, "dmean2": 0.310644507408, "dmean": 0.198980286717, "var": 0.181801095605, "dvar": 0.0496606938541, "mean": 1.29412043095}, "spectral_flux": {"min": 6.57233226176e-11, "max": 0.361994564533, "dvar2": 0.00222428468987, "median": 0.0620132051408, "dmean2": 0.0375532135367, "dmean": 0.0243933219463, "var": 0.00291413138621, "dvar": 0.0010514180176, "mean": 0.07705552876}, "silence_rate_30dB": {"min": 0, "max": 1, "dvar2": 0.0246975366026, "median": 1, "dmean2": 0.0178339220583, "dmean": 0.00891640875489, "var": 0.00535796955228, "dvar": 0.00883632618934, "mean": 0.994613349438}, "spectral_energyband_middle_high": {"min": 1.4187373332e-21, "max": 0.104868717492, "dvar2": 5.4906711739e-05, "median": 0.00306865642779, "dmean2": 0.00385317951441, "dmean": 0.00266601750627, "var": 9.71225017565e-05, "dvar": 2.57065967162e-05, "mean": 0.00695780524984}, "barkbands_spread": {"min": 0.523838937283, "max": 119.680007935, "dvar2": 174.059768677, "median": 26.8438072205, "dmean2": 12.0875968933, "dmean": 7.61856126785, "var": 214.718063354, "dvar": 75.7246856689, "mean": 28.3748550415}, "spectral_centroid": {"min": 145.096878052, "max": 11373.6503906, "dvar2": 302912.15625, "median": 1929.34191895, "dmean2": 495.00579834, "dmean": 322.85144043, "var": 592166.9375, "dvar": 140624.515625, "mean": 1959.00195312}, "pitch_salience": {"min": 0.0581826083362, "max": 0.90925526619, "dvar2": 0.019441107288, "median": 0.594091594219, "dmean2": 0.151657670736, "dmean": 0.0929225757718, "var": 0.0174594260752, "dvar": 0.00769997062162, "mean": 0.576682507992}, "erbbands_skewness": {"min": -5.98329210281, "max": 5.03413534164, "dvar2": 0.284898608923, "median": -0.0480744503438, "dmean2": 0.570479869843, "dmean": 0.375066787004, "var": 0.580996990204, "dvar": 0.130040705204, "mean": -0.0199342258275}, "erbbands_crest": {"min": 2.34161543846, "max": 31.663476944, "dvar2": 15.0261087418, "median": 6.61158084869, "dmean2": 4.01187944412, "dmean": 2.4724521637, "var": 16.2712783813, "dvar": 6.17680215836, "mean": 7.80829334259}, "melbands": {"min": [4.62583617201e-24, 4.01416210357e-24, 6.97889623403e-24, 3.26032070608e-24, 6.25496370891e-24, 4.41299913319e-24, 4.08852289351e-24, 5.05016839723e-24, 2.32020380811e-24, 3.26683669716e-24, 6.49830639335e-24, 6.28424780343e-24, 6.87337031074e-24, 5.53139997625e-24, 3.07013225829e-24, 2.87241630252e-24, 3.99203928834e-24, 6.62810872214e-24, 8.89803704425e-24, 6.40266686936e-24, 8.89404935238e-24, 5.28609421144e-24, 5.68230512312e-24, 5.6691039303e-24, 6.16514361181e-24, 1.14427074759e-23, 7.18035316542e-24, 6.1927655764e-24, 5.58266134117e-24, 6.98412795955e-24, 4.05294763326e-24, 8.54027205766e-24, 5.09307059756e-24, 9.16498836344e-24, 8.20270822112e-24, 7.6529100355e-24, 6.31799408966e-24, 6.70496112925e-24, 9.99871021062e-24, 7.60840960298e-24], "max": [0.0116104949266, 0.0363298282027, 0.0175076536834, 0.00501648988575, 0.00355487246998, 0.00258497870527, 0.00311686354689, 0.00535186612979, 0.0050817434676, 0.0041919159703, 0.00385929807089, 0.00607734080404, 0.00842707324773, 0.0069718323648, 0.00659521156922, 0.00463513331488, 0.0038361386396, 0.00456151273102, 0.00291042937897, 0.00243608723395, 0.00317004672252, 0.00204635085538, 0.000956957694143, 0.000564649992157, 0.000393305468606, 0.000489594123792, 0.000261851469986, 0.000237853470026, 0.000193033643882, 0.000258266867604, 0.000207366843824, 0.000579341663979, 0.000318119535223, 0.000195875152713, 0.000165136589203, 7.78471076046e-05, 7.57966772653e-05, 6.82911486365e-05, 9.71194531303e-05, 0.000119523509056], "dvar2": [5.45496732229e-06, 1.98249617824e-05, 3.84360555472e-06, 6.04114973157e-07, 8.10858509226e-08, 2.83808816448e-08, 9.69173399312e-08, 9.81197487704e-08, 1.07172063224e-07, 6.44396820348e-08, 8.5236877112e-08, 1.00229890165e-07, 9.91107782511e-08, 8.90637252837e-08, 8.43089793534e-08, 6.17486364263e-08, 6.11471335787e-08, 4.50786323825e-08, 2.80319554236e-08, 1.93362144074e-08, 1.2579404185e-08, 4.96072294354e-09, 2.76286060696e-09, 1.12945042208e-09, 8.20871315366e-10, 3.44194117652e-10, 2.06226355437e-10, 1.44971659677e-10, 1.55489815468e-10, 1.2095517643e-10, 1.90083851437e-10, 6.47826126077e-10, 3.14884562869e-10, 1.19316556635e-10, 7.4847197884e-11, 2.15353967298e-11, 1.81544935335e-11, 1.12213996775e-11, 9.41296346424e-12, 9.67973010774e-12], "median": [6.81770034134e-05, 0.000197865287191, 7.9492405348e-05, 4.9995509471e-05, 5.11753569299e-05, 4.84754200443e-05, 4.9229747674e-05, 5.5310119933e-05, 3.70411326003e-05, 3.16197365464e-05, 3.09978568112e-05, 3.00280607917e-05, 2.58220534306e-05, 2.89075233013e-05, 2.32565616898e-05, 1.99498645088e-05, 1.98505185836e-05, 1.82675375981e-05, 1.4628117242e-05, 1.57822250912e-05, 1.20044342111e-05, 7.8006178228e-06, 8.37732386572e-06, 7.26487633074e-06, 7.54992151997e-06, 4.71959583592e-06, 4.5867955123e-06, 4.15030353906e-06, 3.71903365703e-06, 2.661633971e-06, 2.00218869395e-06, 2.0379623038e-06, 1.54382917117e-06, 1.29322233988e-06, 7.76260094426e-07, 5.89028729792e-07, 4.23149089102e-07, 3.1556996305e-07, 1.89985016164e-07, 1.24903806409e-07], "dmean2": [0.000980623648502, 0.00207388726994, 0.000725424732082, 0.000303244276438, 0.000152966778842, 9.34103300096e-05, 0.000129593419842, 0.000144417048432, 0.000123574907775, 0.000106284285721, 0.000123353398521, 0.00012291323219, 9.95650989353e-05, 0.000110271037556, 9.8324220744e-05, 9.19549129321e-05, 9.58759410423e-05, 8.04275186965e-05, 6.24216845608e-05, 5.38547501492e-05, 3.62217615475e-05, 2.50372850132e-05, 2.13367766264e-05, 1.53842720465e-05, 1.58092316269e-05, 9.73774785962e-06, 8.32479690871e-06, 7.10482117938e-06, 6.4434716478e-06, 5.21068113812e-06, 5.47967511011e-06, 6.98251551512e-06, 4.77791945741e-06, 3.31315686708e-06, 2.42643500314e-06, 1.53914015755e-06, 1.32055834001e-06, 1.00020338323e-06, 7.70763847413e-07, 6.61511535327e-07], "dmean": [0.000568185583688, 0.00134965963662, 0.000482068397105, 0.000175522800419, 9.2792630312e-05, 5.74085315748e-05, 8.23504597065e-05, 9.16897915886e-05, 7.94243387645e-05, 6.71952730045e-05, 7.70239712438e-05, 7.76634187787e-05, 6.37029588688e-05, 7.11554021109e-05, 6.20622668066e-05, 5.7305660448e-05, 5.97153230046e-05, 5.09870078531e-05, 3.96078066842e-05, 3.38305871992e-05, 2.2793898097e-05, 1.57429185492e-05, 1.34043111757e-05, 9.63298316492e-06, 9.83877635008e-06, 6.11493578617e-06, 5.216795671e-06, 4.41700194642e-06, 4.06817116527e-06, 3.42419480148e-06, 3.49763627128e-06, 4.33711056758e-06, 3.01929662783e-06, 2.11016867979e-06, 1.57504666731e-06, 1.01207308489e-06, 8.79792651176e-07, 6.69764176564e-07, 5.24678000602e-07, 4.49063520591e-07], "var": [2.29363968174e-06, 1.27425564642e-05, 2.68664757641e-06, 2.2658869625e-07, 4.60434179672e-08, 1.77410210966e-08, 4.68001601917e-08, 7.95778447582e-08, 1.02830803428e-07, 4.26554507271e-08, 5.97795946078e-08, 1.00249771151e-07, 6.13348092315e-08, 7.80518973897e-08, 7.13879586556e-08, 3.99768005366e-08, 4.59485463011e-08, 3.19434008134e-08, 2.01358165697e-08, 1.30245831897e-08, 6.95068314016e-09, 2.96734747884e-09, 1.56442203636e-09, 7.31844918e-10, 6.26800222836e-10, 2.49354203952e-10, 1.87704338184e-10, 1.34280128683e-10, 1.3408467392e-10, 1.16953904894e-10, 1.29169772101e-10, 2.52757093033e-10, 1.37514444276e-10, 6.85243528586e-11, 4.2865960781e-11, 1.5603081327e-11, 1.28635895338e-11, 1.05243244675e-11, 9.50409109052e-12, 9.69345090307e-12], "dvar": [1.92348807104e-06, 9.97090410237e-06, 1.94850690605e-06, 2.21271420742e-07, 3.2982438114e-08, 1.10854463387e-08, 4.01472810552e-08, 4.18266736801e-08, 4.60114151224e-08, 2.67292108447e-08, 3.36709078397e-08, 4.20719779015e-08, 3.96147399329e-08, 3.9563467169e-08, 3.56985445649e-08, 2.47010767396e-08, 2.44289211082e-08, 1.84055117813e-08, 1.16396678962e-08, 7.88360754456e-09, 4.95087659758e-09, 2.07386396944e-09, 1.09930842207e-09, 4.5238046642e-10, 3.291328321e-10, 1.41422984434e-10, 8.30957247455e-11, 5.98102956051e-11, 6.39576724915e-11, 5.17357476304e-11, 7.77135023e-11, 2.4970683854e-10, 1.22014967574e-10, 4.79797104824e-11, 3.09737409332e-11, 9.06170711384e-12, 7.84754899952e-12, 5.10399968817e-12, 4.48087053573e-12, 4.51189389669e-12], "mean": [0.000620032195002, 0.00146717519965, 0.000586277339607, 0.000208131066756, 0.000127353603602, 9.11227616598e-05, 0.00011436726345, 0.000137703609653, 0.000123825142509, 9.63587226579e-05, 0.000113233698357, 0.000122250712593, 9.95459049591e-05, 0.000112585636089, 9.6071693406e-05, 8.54621903272e-05, 9.08321453608e-05, 7.69651742303e-05, 5.79655861657e-05, 5.03609480802e-05, 3.47843415511e-05, 2.30952628044e-05, 2.05106298381e-05, 1.5993584384e-05, 1.64612556546e-05, 9.93357934931e-06, 9.61062414717e-06, 8.20541936264e-06, 7.59687873142e-06, 6.37181256025e-06, 5.78267599849e-06, 6.14401142229e-06, 4.73887075714e-06, 3.46250180883e-06, 2.42598389377e-06, 1.69873521827e-06, 1.46202364704e-06, 1.12318298306e-06, 8.37770983253e-07, 6.88522163728e-07]}, "spectral_entropy": {"min": 5.3627448082, "max": 9.81270503998, "dvar2": 0.0541064478457, "median": 7.87423706055, "dmean2": 0.210097044706, "dmean": 0.144054874778, "var": 0.121992096305, "dvar": 0.0269585214555, "mean": 7.84608745575}, "spectral_rolloff": {"min": 43.06640625, "max": 19186.0839844, "dvar2": 2489745.25, "median": 2088.72070312, "dmean2": 1182.19335938, "dmean": 724.661804199, "var": 3430161.75, "dvar": 1190589.5, "mean": 2470.14477539}, "barkbands": {"min": [1.23074814521e-24, 1.52547870813e-23, 3.50726572385e-24, 8.2366907712e-24, 1.20667761268e-23, 2.6300486896e-23, 2.25308282857e-23, 2.20318500973e-23, 2.43190229188e-23, 5.54347830446e-23, 5.04087514245e-23, 4.21657418774e-23, 2.57059855406e-23, 4.14740591694e-23, 1.12605363003e-22, 1.1926652973e-22, 1.0205608389e-22, 1.27080556717e-22, 2.70831145379e-22, 2.41751132327e-22, 2.55121554742e-22, 4.42633615208e-22, 5.90207654905e-22, 6.44926884311e-22, 1.00612809221e-21, 1.5604420963e-21, 2.17776339277e-21], "max": [0.00232453574426, 0.0453535839915, 0.111465662718, 0.0304633434862, 0.0209107846022, 0.012249189429, 0.0184495747089, 0.0269942097366, 0.0296781603247, 0.0348336771131, 0.0595521405339, 0.0678627416492, 0.0546011328697, 0.0475584454834, 0.0409915819764, 0.03990245983, 0.0346825420856, 0.0112704122439, 0.00874580722302, 0.00792637467384, 0.00734704500064, 0.0163257531822, 0.00608684308827, 0.00586026208475, 0.0164857730269, 0.00338321505114, 0.000337904551998], "dvar2": [3.64501957506e-08, 7.70459300838e-05, 0.000152815147885, 2.53177749983e-05, 7.36861420592e-06, 7.17372131476e-07, 2.45595265369e-06, 3.36068410434e-06, 2.84098746306e-06, 4.84279735247e-06, 5.22639584233e-06, 7.5625584941e-06, 6.43195426164e-06, 7.17108014214e-06, 4.81496181237e-06, 3.49340780303e-06, 1.35430286718e-06, 5.27563202013e-07, 2.57610707877e-07, 1.36274564966e-07, 1.95527817937e-07, 9.46255113377e-07, 1.99623357844e-07, 7.53831415068e-08, 7.33686746912e-08, 9.27297350017e-09, 6.81868797536e-11], "median": [3.53077530235e-06, 0.000312262796797, 0.000295753794489, 9.84516736935e-05, 0.000269947136985, 0.000245379982516, 0.000238783220993, 0.000226551157539, 0.000207498262171, 0.000229212324484, 0.00018327817088, 0.000240721099544, 0.000195597356651, 0.000196212728042, 0.000207269127714, 0.000204223382752, 0.000153747678269, 0.000156682261149, 0.000170004117535, 0.000148581049871, 0.000112494883069, 0.000101868223283, 5.07155418745e-05, 2.99743278447e-05, 1.33339217427e-05, 3.98098882215e-06, 9.10103437946e-07], "dmean2": [6.6286585934e-05, 0.0039578853175, 0.00493750628084, 0.00151396251749, 0.00117079063784, 0.000486694771098, 0.00070626323577, 0.000735380221158, 0.000723853649106, 0.000911218579859, 0.000759591232054, 0.00103398575447, 0.00089061196195, 0.00101466535125, 0.000859485531691, 0.000686417042743, 0.000426907325163, 0.000332308845827, 0.000290882016998, 0.000223403490963, 0.000199641130166, 0.000271306023933, 0.000134621979669, 8.46165712574e-05, 6.21646468062e-05, 2.23385995923e-05, 2.5385322715e-06], "dmean": [5.01195499965e-05, 0.002319206018, 0.00321697676554, 0.000843502930366, 0.000696218572557, 0.000297131977277, 0.000445579877123, 0.000472225423437, 0.000458714202978, 0.000570148287807, 0.000480573187815, 0.000662705628201, 0.000551271834411, 0.000628328009043, 0.000547749048565, 0.000433928449638, 0.00026823868393, 0.000209831719985, 0.000182686577318, 0.000139949814184, 0.000135072885314, 0.000172090207343, 8.9332992502e-05, 5.82014545216e-05, 4.33613313362e-05, 1.51280037244e-05, 1.81336940841e-06], "var": [3.45898492071e-08, 3.16274963552e-05, 0.000104115235445, 6.24296171736e-06, 3.55027032128e-06, 4.43806669637e-07, 1.30408761834e-06, 3.18024012813e-06, 1.9909018647e-06, 4.38035431216e-06, 3.19770538226e-06, 6.91610193826e-06, 3.76695402338e-06, 4.89413832838e-06, 3.70591806131e-06, 2.25661165132e-06, 8.09520031453e-07, 3.50051692521e-07, 2.12825611356e-07, 1.43962907373e-07, 1.9916124927e-07, 4.22157910407e-07, 1.36998409062e-07, 6.82706726707e-08, 1.19276791111e-07, 6.82445966405e-09, 6.27770543882e-11], "dvar": [2.1829771768e-08, 2.79020132439e-05, 8.03904913482e-05, 8.94622735359e-06, 2.89583363156e-06, 2.7807888614e-07, 1.02567912563e-06, 1.49246682213e-06, 1.18781952096e-06, 1.9368555968e-06, 2.07595053325e-06, 3.31435194312e-06, 2.50772336585e-06, 2.79007713289e-06, 2.03461468118e-06, 1.41709233503e-06, 5.55325584628e-07, 2.13833089902e-07, 1.05630633129e-07, 5.61806317023e-08, 8.59185647073e-08, 3.69528322608e-07, 8.49529513403e-08, 3.43479946707e-08, 4.09460518824e-08, 4.22422719026e-09, 3.31308695756e-11], "mean": [5.77249338676e-05, 0.00249565625563, 0.00339922285639, 0.000731222040486, 0.000913914118428, 0.000463684904389, 0.00060441181995, 0.000713330577128, 0.000661754282191, 0.000873854150996, 0.000713076966349, 0.00103400764056, 0.000818474625703, 0.000937819480896, 0.000810766592622, 0.000657122000121, 0.000410192442359, 0.000349676905898, 0.000325120985508, 0.000283529079752, 0.000263429043116, 0.000278406136204, 0.000149566374603, 0.000103202371974, 6.90177330398e-05, 2.0953868443e-05, 2.97991573461e-06]}, "melbands_flatness_db": {"min": 0.00640794122592, "max": 0.550436377525, "dvar2": 0.00256705656648, "median": 0.133459672332, "dmean2": 0.0489044710994, "dmean": 0.0314057506621, "var": 0.00457689119503, "dvar": 0.00113132828847, "mean": 0.144221439958}, "melbands_skewness": {"min": -3.82650208473, "max": 22.2573165894, "dvar2": 2.5869884491, "median": 1.41600692272, "dmean2": 1.315361619, "dmean": 0.846964478493, "var": 3.70095944405, "dvar": 1.15076637268, "mean": 1.88560652733}, "barkbands_skewness": {"min": -9.73361968994, "max": 19.8672904968, "dvar2": 1.35095345974, "median": 0.560068786144, "dmean2": 0.959305822849, "dmean": 0.612752437592, "var": 1.75739276409, "dvar": 0.583486616611, "mean": 0.771707832813}, "silence_rate_60dB": {"min": 0, "max": 1, "dvar2": 0.150182306767, "median": 0, "dmean2": 0.155922964215, "dmean": 0.0779566541314, "var": 0.154187262058, "dvar": 0.0718945264816, "mean": 0.190452605486}, "spectral_energyband_low": {"min": 3.47745033151e-23, "max": 0.124402821064, "dvar2": 0.000236663181568, "median": 0.000930762093049, "dmean2": 0.00825487822294, "dmean": 0.00531489076093, "var": 0.000178480840987, "dvar": 0.000123871679534, "mean": 0.00637533329427}, "spectral_energyband_middle_low": {"min": 2.71477329745e-22, "max": 0.0487634167075, "dvar2": 6.98847434251e-05, "median": 0.00243377056904, "dmean2": 0.00398653652519, "dmean": 0.00247596693225, "var": 3.42662169714e-05, "dvar": 2.67912928393e-05, "mean": 0.00433567073196}, "melbands_kurtosis": {"min": -1.86231958866, "max": 787.383178711, "dvar2": 1123.19335938, "median": 2.19875526428, "dmean2": 11.3973445892, "dmean": 7.04339456558, "var": 764.133666992, "dvar": 459.111816406, "mean": 8.9464263916}, "spectral_decrease": {"min": -3.75526134633e-08, "max": 1.2129391234e-28, "dvar2": 2.00227752665e-17, "median": -2.17884288389e-09, "dmean2": 2.92009572078e-09, "dmean": 2.03761563178e-09, "var": 2.98155001863e-17, "dvar": 1.2112755607e-17, "mean": -4.31513624832e-09}, "erbbands_kurtosis": {"min": -1.8849118948, "max": 85.0216674805, "dvar2": 6.26640462875, "median": -0.00201487541199, "dmean2": 1.52499437332, "dmean": 0.966991007328, "var": 6.53133153915, "dvar": 2.69850373268, "mean": 0.625418901443}, "melbands_crest": {"min": 2.06143450737, "max": 35.3552284241, "dvar2": 32.807220459, "median": 11.5521144867, "dmean2": 6.62131738663, "dmean": 4.16784143448, "var": 41.9324493408, "dvar": 13.8370056152, "mean": 13.0237636566}, "gfcc": {"cov": [[8989.32324219, -709.096435547, -484.240631104, 15.6032485962, -102.838348389, 337.798034668, -99.9320297241, 79.0094299316, -177.028381348, 99.1779403687, -232.804214478, 40.4831581116, -110.636993408], [-709.096435547, 1467.8807373, 119.245819092, -8.60046958923, 243.730407715, -153.554214478, 129.642440796, -65.5618438721, 84.2586364746, -117.252510071, 61.592212677, -127.122627258, 20.5048542023], [-484.240631104, 119.245819092, 857.729003906, 337.871185303, 128.100372314, 79.6215515137, 7.8872461319, 2.06574106216, -37.5835342407, -5.73110103607, -75.6306228638, -18.4260425568, -44.7604141235], [15.6032485962, -8.60046958923, 337.871185303, 482.881896973, 146.738525391, 40.4915313721, 35.9414787292, -25.3320426941, 3.79047012329, -35.9979782104, -60.7813568115, -27.111125946, -26.8549365997], [-102.838348389, 243.730407715, 128.100372314, 146.738525391, 341.687561035, 82.8719329834, 105.826675415, 8.6517534256, 24.4974193573, -16.1364097595, -28.2491512299, -17.3981800079, -17.0918197632], [337.798034668, -153.554214478, 79.6215515137, 40.4915313721, 82.8719329834, 277.652374268, 86.1960983276, 37.082572937, -20.0718708038, 33.7849807739, -6.50729036331, -1.48048448563, -5.09900331497], [-99.9320297241, 129.642440796, 7.8872461319, 35.9414787292, 105.826675415, 86.1960983276, 198.171188354, 29.0045051575, 31.3163490295, 2.03759837151, 14.4067392349, -1.19199001789, -6.83914756775], [79.0094299316, -65.5618438721, 2.06574106216, -25.3320426941, 8.6517534256, 37.082572937, 29.0045051575, 137.270965576, 60.0188865662, 37.8519630432, 18.5573825836, 27.4330596924, 17.5490283966], [-177.028381348, 84.2586364746, -37.5835342407, 3.79047012329, 24.4974193573, -20.0718708038, 31.3163490295, 60.0188865662, 130.520736694, 34.8696250916, 36.3282852173, 7.69710540771, 26.3504886627], [99.1779403687, -117.252510071, -5.73110103607, -35.9979782104, -16.1364097595, 33.7849807739, 2.03759837151, 37.8519630432, 34.8696250916, 109.581314087, 42.1150779724, 38.5702400208, -2.54173851013], [-232.804214478, 61.592212677, -75.6306228638, -60.7813568115, -28.2491512299, -6.50729036331, 14.4067392349, 18.5573825836, 36.3282852173, 42.1150779724, 123.181694031, 35.7186698914, 31.1913928986], [40.4831581116, -127.122627258, -18.4260425568, -27.111125946, -17.3981800079, -1.48048448563, -1.19199001789, 27.4330596924, 7.69710540771, 38.5702400208, 35.7186698914, 95.260848999, 24.6247615814], [-110.636993408, 20.5048542023, -44.7604141235, -26.8549365997, -17.0918197632, -5.09900331497, -6.83914756775, 17.5490283966, 26.3504886627, -2.54173851013, 31.1913928986, 24.6247615814, 82.022315979]], "icov": [[0.000157126080012, -0.000110088039946, 0.000239094399149, -0.000184271062608, 0.000135483613121, -0.000296203186736, 0.000194250649656, -0.000219903391553, 0.000264699745458, -0.000299068866298, 0.00048850174062, -0.0002644926426, 0.000182005212991], [-0.000110088039946, 0.00168140721507, -0.000802772177849, 0.000959976343438, -0.00132959079929, 0.00146444374695, -0.00107799307443, 0.000897287682164, -0.0010008639656, 0.00148619059473, -0.00201071589254, 0.00233837356791, -0.000730291940272], [0.000239094399149, -0.000802772177849, 0.00236029596999, -0.001777016907, 0.000482024013763, -0.00111528264824, 0.000950773246586, -0.00113260210492, 0.00140990887303, -0.00142962182872, 0.0017637994606, -0.00121075613424, 0.000777637760621], [-0.000184271062608, 0.000959976343438, -0.001777016907, 0.00400563143194, -0.00157078821212, 0.000778867397457, -0.000764978351071, 0.00161492696498, -0.0019705586601, 0.00192578451242, -0.000771532184444, 0.0011230991222, -0.000186042612768], [0.000135483613121, -0.00132959079929, 0.000482024013763, -0.00157078821212, 0.005276767537, -0.0019779256545, -0.000784957432188, -0.000410497159464, -0.000280864798697, -0.000539286935236, 0.00228633894585, -0.00203951145522, 0.00107925292104], [-0.000296203186736, 0.00146444374695, -0.00111528264824, 0.000778867397457, -0.0019779256545, 0.00692710885778, -0.00328558916226, -0.000696883827914, 0.00196988880634, -0.00137954717502, -0.00177174841519, 0.00365688372403, -0.00232534133829], [0.000194250649656, -0.00107799307443, 0.000950773246586, -0.000764978351071, -0.000784957432188, -0.00328558916226, 0.00820193812251, -0.00118865689728, -0.00109802943189, 0.000764221942518, 6.83389007463e-05, -0.00216342252679, 0.00237022875808], [-0.000219903391553, 0.000897287682164, -0.00113260210492, 0.00161492696498, -0.000410497159464, -0.000696883827914, -0.00118865689728, 0.01160160359, -0.00607095006853, 0.000205105199711, -0.000202601746423, -0.00118630100042, -0.000930543988943], [0.000264699745458, -0.0010008639656, 0.00140990887303, -0.0019705586601, -0.000280864798697, 0.00196988880634, -0.00109802943189, -0.00607095006853, 0.014721297659, -0.00589744141325, -7.03696423443e-05, 0.00211138953455, -0.00351648195647], [-0.000299068866298, 0.00148619059473, -0.00142962182872, 0.00192578451242, -0.000539286935236, -0.00137954717502, 0.000764221942518, 0.000205105199711, -0.00589744141325, 0.0171941891313, -0.00590435741469, -0.00323256640695, 0.00454034470022], [0.00048850174062, -0.00201071589254, 0.0017637994606, -0.000771532184444, 0.00228633894585, -0.00177174841519, 6.83389007463e-05, -0.000202601746423, -7.03696423443e-05, -0.00590435741469, 0.0152619145811, -0.00509075401351, -0.00214897259139], [-0.0002644926426, 0.00233837356791, -0.00121075613424, 0.0011230991222, -0.00203951145522, 0.00365688372403, -0.00216342252679, -0.00118630100042, 0.00211138953455, -0.00323256640695, -0.00509075401351, 0.0183368176222, -0.0057062334381], [0.000182005212991, -0.000730291940272, 0.000777637760621, -0.000186042612768, 0.00107925292104, -0.00232534133829, 0.00237022875808, -0.000930543988943, -0.00351648195647, 0.00454034470022, -0.00214897259139, -0.0057062334381, 0.0172611288726]], "mean": [-24.5325489044, 65.6594619751, -138.260787964, 31.9529418945, -57.796672821, 17.2627086639, -30.615064621, 4.98429346085, -18.9536552429, 3.38856172562, -14.6131629944, -1.22567439079, -12.7488126755]}, "melbands_spread": {"min": 0.369422882795, "max": 278.969665527, "dvar2": 603.045471191, "median": 34.5960998535, "dmean2": 19.9814090729, "dmean": 12.597905159, "var": 790.266479492, "dvar": 269.779541016, "mean": 39.4654350281}, "spectral_energy": {"min": 1.04776052057e-20, "max": 0.153958290815, "dvar2": 0.000312586373184, "median": 0.00941998139024, "dmean2": 0.0116550000384, "dmean": 0.00821645371616, "var": 0.000501543923747, "dvar": 0.000191281942534, "mean": 0.0181420873851}, "mfcc": {"cov": [[8578.19335938, -491.5440979, -674.368286133, -177.092086792, -187.091873169, 174.978866577, -11.0390844345, 28.092250824, 38.908000946, 13.045624733, -5.90157651901, -75.6375198364, -90.5161361694], [-491.5440979, 1262.93688965, -27.5438957214, 74.9326019287, 74.325630188, -46.2180747986, 51.8201789856, 9.83090209961, 13.3286876678, 24.0723648071, 27.9426250458, -9.40411186218, -14.697262764], [-674.368286133, -27.5438957214, 696.55657959, 217.676177979, 139.403778076, 85.6420822144, 46.9048652649, 12.0961313248, 29.9160499573, -18.5606365204, 6.29978609085, -0.456477165222, -9.80527496338], [-177.092086792, 74.9326019287, 217.676177979, 458.994873047, 147.431060791, 86.7700881958, 6.62682104111, 43.7189903259, 40.1043319702, -2.74436974525, -10.1548852921, 0.508817434311, -14.7894411087], [-187.091873169, 74.325630188, 139.403778076, 147.431060791, 252.641372681, 84.5544967651, 48.4636878967, 34.4268608093, 52.2970199585, 16.6226348877, 4.22830533981, -1.25061643124, -6.25791025162], [174.978866577, -46.2180747986, 85.6420822144, 86.7700881958, 84.5544967651, 246.229736328, 121.967658997, 56.373550415, 33.0819091797, 26.705165863, 20.2745323181, -8.01300525665, -22.5658473969], [-11.0390844345, 51.8201789856, 46.9048652649, 6.62682104111, 48.4636878967, 121.967658997, 176.75302124, 65.5607757568, 24.7980480194, 22.1255130768, 25.7887592316, 0.42089548707, -13.6814756393], [28.092250824, 9.83090209961, 12.0961313248, 43.7189903259, 34.4268608093, 56.373550415, 65.5607757568, 118.335533142, 58.0344581604, 24.7778511047, 12.257891655, 12.6329183578, 5.6339635849], [38.908000946, 13.3286876678, 29.9160499573, 40.1043319702, 52.2970199585, 33.0819091797, 24.7980480194, 58.0344581604, 109.485305786, 45.226890564, 8.19447231293, 4.30233192444, 4.02009248734], [13.045624733, 24.0723648071, -18.5606365204, -2.74436974525, 16.6226348877, 26.705165863, 22.1255130768, 24.7778511047, 45.226890564, 87.0971374512, 38.1412696838, 11.3053684235, 7.03995513916], [-5.90157651901, 27.9426250458, 6.29978609085, -10.1548852921, 4.22830533981, 20.2745323181, 25.7887592316, 12.257891655, 8.19447231293, 38.1412696838, 84.4931640625, 37.3324241638, 11.3764686584], [-75.6375198364, -9.40411186218, -0.456477165222, 0.508817434311, -1.25061643124, -8.01300525665, 0.42089548707, 12.6329183578, 4.30233192444, 11.3053684235, 37.3324241638, 79.469367981, 39.1827125549], [-90.5161361694, -14.697262764, -9.80527496338, -14.7894411087, -6.25791025162, -22.5658473969, -13.6814756393, 5.6339635849, 4.02009248734, 7.03995513916, 11.3764686584, 39.1827125549, 75.0073699951]], "icov": [[0.000139186711749, 4.62982861791e-05, 0.000150089661474, -2.73860109701e-06, 8.06298339739e-05, -0.000183903190191, 8.8362256065e-05, 7.91099591879e-06, -0.000150427731569, 0.000114767608466, -0.000102631987829, 9.85099104582e-05, 0.000124437734485], [4.62982861791e-05, 0.000905388442334, 0.000182239891728, -0.000253190053627, -0.000263346242718, 0.000591568648815, -0.000606459274422, 0.000155207249918, -2.53879188676e-05, -0.000103672173282, -0.000423292454798, 0.000332675845129, 0.000142409306136], [0.000150089661474, 0.000182239891728, 0.00202706782147, -0.000744041404687, -0.000459601229522, -0.00024834315991, -0.000444281933596, 0.000693478970788, -0.000726689468138, 0.00106380064972, -0.000695279566571, 0.000255210441537, 1.66909288168e-07], [-2.73860109701e-06, -0.000253190053627, -0.000744041404687, 0.00330844009295, -0.00125932844821, -0.00108959374484, 0.0016358817229, -0.00127961626276, 0.000120469463582, 0.00022930536943, 0.000635823060293, -0.000670928566251, 0.000689856999088], [8.06298339739e-05, -0.000263346242718, -0.000459601229522, -0.00125932844821, 0.00592812942341, -0.00116623286158, -0.000587581191212, 0.000706109683961, -0.00221094256267, 0.000178721064003, 0.000183720432688, 3.60445665137e-05, -0.000224142786465], [-0.000183903190191, 0.000591568648815, -0.00024834315991, -0.00108959374484, -0.00116623286158, 0.00786350574344, -0.00482704071328, -0.000303283974063, 0.000378538272344, -0.00121338467579, -0.00056647893507, 0.000750489009079, 0.000844897818752], [8.8362256065e-05, -0.000606459274422, -0.000444281933596, 0.0016358817229, -0.000587581191212, -0.00482704071328, 0.0113526294008, -0.00497779576108, 0.00140925846063, 5.79375591769e-05, -0.00157515564933, 0.0002997413103, 0.00119703356177], [7.91099591879e-06, 0.000155207249918, 0.000693478970788, -0.00127961626276, 0.000706109683961, -0.000303283974063, -0.00497779576108, 0.0150396060199, -0.00710907299072, 0.000868056260515, 0.000316107325489, -0.00171918817796, -0.00104196171742], [-0.000150427731569, -2.53879188676e-05, -0.000726689468138, 0.000120469463582, -0.00221094256267, 0.000378538272344, 0.00140925846063, -0.00710907299072, 0.0168827623129, -0.00810421817005, 0.00273284991272, -3.05536050291e-05, -8.00424895715e-05], [0.000114767608466, -0.000103672173282, 0.00106380064972, 0.00022930536943, 0.000178721064003, -0.00121338467579, 5.79375591769e-05, 0.000868056260515, -0.00810421817005, 0.0196766946465, -0.00879569351673, 0.00229562842287, -0.00137989316136], [-0.000102631987829, -0.000423292454798, -0.000695279566571, 0.000635823060293, 0.000183720432688, -0.00056647893507, -0.00157515564933, 0.000316107325489, 0.00273284991272, -0.00879569351673, 0.0203879401088, -0.00972700119019, 0.00202956981957], [9.85099104582e-05, 0.000332675845129, 0.000255210441537, -0.000670928566251, 3.60445665137e-05, 0.000750489009079, 0.0002997413103, -0.00171918817796, -3.05536050291e-05, 0.00229562842287, -0.00972700119019, 0.0221533607692, -0.00981336273253], [0.000124437734485, 0.000142409306136, 1.66909288168e-07, 0.000689856999088, -0.000224142786465, 0.000844897818752, 0.00119703356177, -0.00104196171742, -8.00424895715e-05, -0.00137989316136, 0.00202956981957, -0.00981336273253, 0.0191305540502]], "mean": [-658.243591309, 94.1052246094, -18.3339939117, 16.2508468628, -3.57084822655, 11.6211280823, -1.28557181358, 4.03347682953, -0.132995709777, 3.70946860313, 0.8251324296, 1.35246765614, 0.114996649325]}, "spectral_contrast_valleys": {"min": [-28.2608299255, -27.6353282928, -27.5829792023, -27.5397090912, -27.3840732574, -27.2688846588], "max": [-5.62407016754, -4.83103990555, -5.04328727722, -4.8409705162, -5.3658323288, -7.50465774536], "dvar2": [0.507224321365, 0.37015375495, 0.325606673956, 0.305939823389, 0.379533916712, 0.312482535839], "median": [-7.91391420364, -6.88717794418, -7.257168293, -7.43713331223, -7.37623596191, -10.0563259125], "dmean2": [0.8092892766, 0.657593369484, 0.602335751057, 0.520039260387, 0.490101754665, 0.443890541792], "dmean": [0.515661001205, 0.425177097321, 0.404426604509, 0.358849734068, 0.345132112503, 0.343551427126], "var": [1.33053672314, 1.02424180508, 1.15309739113, 1.14581429958, 1.09123873711, 1.3539853096], "dvar": [0.271053731441, 0.187647417188, 0.175862163305, 0.17253023386, 0.198287516832, 0.174474552274], "mean": [-8.02889251709, -7.08538150787, -7.37248373032, -7.53800201416, -7.49768352509, -10.2025823593]}, "barkbands_flatness_db": {"min": 0.0231287423521, "max": 0.42669993639, "dvar2": 0.00144644267857, "median": 0.0924352630973, "dmean2": 0.036770876497, "dmean": 0.0233469828963, "var": 0.002226495184, "dvar": 0.000619907223154, "mean": 0.102221108973}, "dynamic_complexity": 4.70435380936, "erbbands_flatness_db": {"min": 0.0449830703437, "max": 0.376750558615, "dvar2": 0.000640606798697, "median": 0.149044424295, "dmean2": 0.026531888172, "dmean": 0.0180508904159, "var": 0.00191387860104, "d