{"lowlevel": {"spectral_complexity": {"min": 0, "max": 63, "dvar2": 117.342323303, "median": 12, "dmean2": 8.1156167984, "dmean": 5.40661621094, "var": 206.060333252, "dvar": 57.425327301, "mean": 16.3661823273}, "silence_rate_20dB": {"min": 1, "max": 1, "dvar2": 0, "median": 1, "dmean2": 0, "dmean": 0, "var": 0, "dvar": 0, "mean": 1}, "average_loudness": 0.799514353275, "erbbands_spread": {"min": 2.65505981445, "max": 207.831268311, "dvar2": 415.662445068, "median": 41.8057823181, "dmean2": 18.1401634216, "dmean": 11.5835571289, "var": 382.864105225, "dvar": 172.258987427, "mean": 43.5429763794}, "spectral_kurtosis": {"min": -0.90213394165, "max": 32.3679046631, "dvar2": 6.13621997833, "median": 2.73682951927, "dmean2": 1.87852990627, "dmean": 1.13651752472, "var": 4.12153625488, "dvar": 2.39614963531, "mean": 3.16552805901}, "barkbands_kurtosis": {"min": -1.94152772427, "max": 11093.8408203, "dvar2": 54956.453125, "median": 0.0280593633652, "dmean2": 21.317117691, "dmean": 13.2369222641, "var": 35286.1796875, "dvar": 28506.8613281, "mean": 12.1683597565}, "spectral_strongpeak": {"min": 0, "max": 14.4223070145, "dvar2": 1.88541007042, "median": 0.224653184414, "dmean2": 0.766170084476, "dmean": 0.455821573734, "var": 1.30893981457, "dvar": 0.760451793671, "mean": 0.665634930134}, "spectral_spread": {"min": 1609977.875, "max": 24142610, "dvar2": 1992717631490.0, "median": 4948269, "dmean2": 1171609, "dmean": 767990.0625, "var": 2213613666300.0, "dvar": 877722075136, "mean": 5198961}, "spectral_rms": {"min": 9.59281578616e-07, "max": 0.0134241031483, "dvar2": 2.19609705709e-06, "median": 0.00293268286623, "dmean2": 0.00113283633254, "dmean": 0.000820321496576, "var": 5.15318060934e-06, "dvar": 1.43380736972e-06, "mean": 0.00336669874378}, "erbbands": {"min": [7.45940731406e-09, 1.95278211379e-08, 2.67162114653e-08, 2.82715255651e-08, 1.5676196341e-08, 3.34263927648e-09, 2.32585950499e-08, 4.33018385593e-08, 1.81384919529e-07, 9.70230047415e-08, 3.06684057705e-07, 2.90923765078e-07, 3.87573805938e-07, 1.67911764493e-07, 1.85825868471e-07, 4.14009093674e-07, 3.28534213168e-07, 1.77601663154e-07, 6.70769850331e-07, 8.29967689242e-07, 1.09787674774e-06, 1.06393349597e-06, 1.09763743694e-06, 1.47742503032e-06, 8.60137504333e-07, 9.05219110336e-07, 1.52785355567e-06, 8.6220910589e-07, 1.26640020426e-06, 8.44517614951e-07, 1.07390656012e-06, 8.18009993964e-07, 5.82838993068e-07, 3.67712715388e-07, 5.55841836558e-07, 3.64384874274e-07, 1.23489016346e-07, 2.90997821395e-08, 4.80757300636e-09, 5.13932341129e-10], "max": [4.37647151947, 24.5525741577, 41.9569015503, 52.5012245178, 156.027496338, 77.2448654175, 75.1221847534, 177.213439941, 260.974304199, 709.585632324, 1054.14343262, 1093.34960938, 1583.75598145, 808.182250977, 722.755249023, 1066.12219238, 1019.13452148, 1897.38269043, 2890.61816406, 2450.52954102, 1987.39306641, 1069.19030762, 779.242614746, 587.799865723, 998.830810547, 381.325256348, 1082.53466797, 267.878753662, 619.598937988, 439.576446533, 251.641860962, 300.940093994, 85.9139938354, 40.4044914246, 29.1946163177, 19.6790332794, 6.9039068222, 0.669041156769, 0.148898974061, 0.00978703983128], "dvar2": [0.295054316521, 10.1710786819, 36.6973381042, 59.8496131897, 631.086120605, 140.179962158, 58.737197876, 175.25402832, 203.258163452, 791.294311523, 2185.36499023, 1514.97546387, 2598.98950195, 5183.77734375, 766.278198242, 1191.13671875, 2121.73828125, 3826.09033203, 5252.21142578, 5907.78076172, 2857.92529297, 1704.8092041, 1186.70593262, 966.39276123, 1514.91333008, 606.257446289, 3272.72949219, 1180.58703613, 1313.4440918, 835.932250977, 496.492431641, 332.885314941, 70.25440979, 8.22552204132, 3.38630080223, 2.02000880241, 0.297271341085, 0.00511536747217, 0.000157727394253, 7.99076246949e-07], "median": [0.00860312394798, 0.0786239430308, 0.236623167992, 0.658864378929, 1.17103505135, 1.06988430023, 1.43632674217, 1.95559191704, 1.95232868195, 2.11225914955, 2.34774279594, 2.54733610153, 3.06358981133, 3.22510910034, 3.55096411705, 4.05778551102, 5.2823600769, 6.36534881592, 6.89452266693, 6.4962644577, 5.59700679779, 6.02499866486, 5.44097661972, 5.27770376205, 5.00480985641, 5.23281002045, 4.61097621918, 3.59158444405, 3.41346883774, 2.62256097794, 1.62209796906, 1.13518190384, 0.572406291962, 0.220427334309, 0.126586303115, 0.0592277720571, 0.0205413177609, 0.00380181288347, 0.000448684208095, 4.48957798653e-05], "dmean2": [0.18976098299, 1.14876449108, 2.06448245049, 3.40812516212, 9.02620506287, 4.46546173096, 3.73167490959, 6.2322010994, 6.48284912109, 9.14730930328, 13.6106500626, 12.8265190125, 15.4995822906, 21.490819931, 11.0578422546, 13.8975629807, 17.5530586243, 21.3837223053, 24.5614471436, 26.6355628967, 18.959980011, 19.0727710724, 16.4944515228, 15.3530597687, 17.0396003723, 14.1811075211, 20.4960575104, 16.0316238403, 16.2251281738, 12.8761558533, 9.62889385223, 7.54024505615, 3.63125777245, 1.23011541367, 0.757454276085, 0.558649122715, 0.206081226468, 0.0260109491646, 0.00414285855368, 0.000284543435555], "dmean": [0.124914877117, 0.730002760887, 1.19994258881, 1.96786999702, 5.33473682404, 2.56563544273, 2.26560235023, 3.86343312263, 3.98970484734, 5.78076887131, 8.75222015381, 8.17164230347, 9.73467636108, 12.8236150742, 6.76476192474, 8.6429977417, 11.0661821365, 13.871342659, 15.4528656006, 16.8358917236, 12.0015630722, 12.0074291229, 10.1978654861, 9.73314476013, 10.9920530319, 9.11127567291, 12.7733688354, 10.3695497513, 11.0620031357, 9.03798770905, 6.80924320221, 5.04531335831, 2.43543624878, 0.90290915966, 0.508547902107, 0.361584067345, 0.130818158388, 0.0165522024035, 0.00266566174105, 0.000183842916158], "var": [0.233453825116, 7.13021612167, 11.9581718445, 17.6538925171, 187.505432129, 38.7983512878, 27.4703807831, 116.981788635, 141.739959717, 564.816345215, 1421.25878906, 1528.16650391, 2335.77026367, 2090.82080078, 592.206604004, 996.344360352, 1935.64013672, 4489.33544922, 6818.67480469, 7209.26513672, 2700.21606445, 1611.19262695, 1292.87023926, 1189.19714355, 1550.1282959, 660.682800293, 2218.81494141, 759.085876465, 1399.49902344, 785.111022949, 433.51272583, 326.36895752, 60.8462677002, 7.72204351425, 2.81415128708, 1.00013637543, 0.134529739618, 0.00226334063336, 6.30801732768e-05, 3.25239000176e-07], "dvar": [0.168528810143, 5.55239582062, 13.595495224, 22.473033905, 241.97807312, 50.6205444336, 23.1684303284, 69.6073913574, 84.087348938, 313.126525879, 869.698486328, 641.428283691, 1102.18908691, 1914.07922363, 317.963867188, 491.575317383, 876.479064941, 1639.11425781, 2297.55761719, 2471.4465332, 1167.94775391, 720.235595703, 476.758056641, 415.049438477, 652.872924805, 285.679412842, 1392.71875, 537.08795166, 670.845275879, 419.92767334, 250.284210205, 174.38508606, 36.5790672302, 4.41662406921, 1.63075125217, 0.847822129726, 0.121746987104, 0.00208142516203, 6.3694336859e-05, 3.2421903029e-07], "mean": [0.161547631025, 0.855535268784, 1.25309669971, 1.97734797001, 5.24792051315, 2.89905381203, 3.2604765892, 5.76957702637, 5.88614416122, 9.04752731323, 13.6380281448, 13.3977203369, 15.3476467133, 15.9239349365, 10.1043615341, 13.7574605942, 18.3810081482, 24.3267402649, 28.3792953491, 30.2476501465, 21.8160648346, 20.6024131775, 17.7934570312, 18.051612854, 18.98787117, 15.4025669098, 19.5935115814, 13.5182132721, 16.8616218567, 13.1561689377, 9.3272151947, 7.22149085999, 3.34227490425, 1.21547043324, 0.683403372765, 0.391193121672, 0.139751002192, 0.0193528849632, 0.0029497644864, 0.000217147055082]}, "zerocrossingrate": {"min": 0, "max": 0.39794921875, "dvar2": 0.0006777405506, "median": 0.08642578125, "dmean2": 0.0250474568456, "dmean": 0.0216980334371, "var": 0.00315988226794, "dvar": 0.000536435574759, "mean": 0.0939863175154}, "spectral_contrast_coeffs": {"min": [-0.940404653549, -0.976758182049, -0.979121804237, -0.963214159012, -0.980581283569, -0.915661513805], "max": [-0.286775618792, -0.334078162909, -0.382494330406, -0.420697659254, -0.553658187389, -0.559435784817], "dvar2": [0.00632961839437, 0.00512945791706, 0.00359206949361, 0.00274162157439, 0.00175396935083, 0.00202755630016], "median": [-0.688264727592, -0.785118341446, -0.823199033737, -0.815434336662, -0.810634493828, -0.739674568176], "dmean2": [0.0929978117347, 0.0840884298086, 0.0683956295252, 0.0554763935506, 0.042949501425, 0.0413433425128], "dmean": [0.057581320405, 0.0518290922046, 0.0422511585057, 0.0353462994099, 0.0271144099534, 0.0254192501307], "var": [0.00987156480551, 0.00786767806858, 0.0059592849575, 0.0052097463049, 0.0028039382305, 0.00230766832829], "dvar": [0.00267800712027, 0.00212030229159, 0.00152156152762, 0.00126537960023, 0.000783080933616, 0.00080291897757], "mean": [-0.67693734169, -0.769286632538, -0.806824743748, -0.798819899559, -0.803428113461, -0.744139909744]}, "dissonance": {"min": 0.177456095815, "max": 0.500000119209, "dvar2": 0.000607236637734, "median": 0.484280377626, "dmean2": 0.0220971107483, "dmean": 0.013433387503, "var": 0.000615675759036, "dvar": 0.000253544683801, "mean": 0.476976633072}, "spectral_energyband_high": {"min": 3.12981002226e-10, "max": 0.037620216608, "dvar2": 1.04063365143e-05, "median": 0.000462111784145, "dmean2": 0.00160540663637, "dmean": 0.00114266434684, "var": 1.36869266498e-05, "dvar": 6.0500519794e-06, "mean": 0.00185433356091}, "spectral_skewness": {"min": -0.341455072165, "max": 4.71997213364, "dvar2": 0.151140019298, "median": 1.22156715393, "dmean2": 0.344999462366, "dmean": 0.214223921299, "var": 0.146744936705, "dvar": 0.0623170994222, "mean": 1.26507735252}, "spectral_flux": {"min": 4.46945559816e-05, "max": 0.324563652277, "dvar2": 0.00375345000066, "median": 0.0522730350494, "dmean2": 0.0437406674027, "dmean": 0.0271732304245, "var": 0.00314475689083, "dvar": 0.00155599089339, "mean": 0.0689446106553}, "silence_rate_30dB": {"min": 0, "max": 1, "dvar2": 0.027078140527, "median": 1, "dmean2": 0.0213698633015, "dmean": 0.0106841996312, "var": 0.00821787118912, "dvar": 0.0105683244765, "mean": 0.99171346426}, "spectral_energyband_middle_high": {"min": 1.69564959296e-10, "max": 0.0940927416086, "dvar2": 2.30467703659e-05, "median": 0.00158419669606, "dmean2": 0.00256796460599, "dmean": 0.00169040274341, "var": 4.52423737443e-05, "dvar": 1.03389083961e-05, "mean": 0.00420441478491}, "barkbands_spread": {"min": 0.0281381942332, "max": 135.959197998, "dvar2": 320.387115479, "median": 34.0417823792, "dmean2": 16.9389820099, "dmean": 11.0317993164, "var": 406.931304932, "dvar": 154.16078186, "mean": 35.2822532654}, "spectral_centroid": {"min": 118.467056274, "max": 6956.87548828, "dvar2": 420450.0625, "median": 2017.51416016, "dmean2": 628.335205078, "dmean": 418.087615967, "var": 718675.375, "dvar": 204944.46875, "mean": 1985.2578125}, "pitch_salience": {"min": 0.00403007306159, "max": 0.942432522774, "dvar2": 0.0246911663562, "median": 0.620679736137, "dmean2": 0.156027019024, "dmean": 0.0978775173426, "var": 0.0227913074195, "dvar": 0.0105250077322, "mean": 0.590681433678}, "erbbands_skewness": {"min": -5.32273578644, "max": 6.11896276474, "dvar2": 0.484929442406, "median": -0.128474056721, "dmean2": 0.638874053955, "dmean": 0.417003333569, "var": 0.642137169838, "dvar": 0.216313824058, "mean": -0.0668033063412}, "erbbands_crest": {"min": 1.99029648304, "max": 31.5705337524, "dvar2": 14.9164619446, "median": 6.08367824554, "dmean2": 3.81331086159, "dmean": 2.39044713974, "var": 15.5204200745, "dvar": 6.16920185089, "mean": 7.30697441101}, "melbands": {"min": [6.31019680952e-11, 1.79128500227e-11, 4.6905413581e-12, 5.13812408419e-13, 6.27653365479e-13, 1.14911422391e-12, 2.54878431728e-12, 1.24735779431e-12, 2.62526719114e-12, 1.3158031522e-12, 1.41339544235e-12, 6.42183192474e-13, 7.51539293038e-13, 7.56667623523e-13, 1.2225292393e-12, 4.93325269958e-13, 2.66718748866e-13, 1.20958961163e-12, 8.26979977553e-13, 8.96164436062e-13, 9.27268570088e-13, 9.83865983475e-13, 9.79180170106e-13, 1.01617249771e-12, 1.02320690983e-12, 6.65451960029e-13, 3.91723844117e-13, 7.12227260675e-13, 8.47147818474e-13, 7.42973933245e-13, 4.43191734397e-13, 8.81192688262e-13, 3.77221881119e-13, 5.28784318849e-13, 7.20210783373e-13, 4.05998910706e-13, 5.53422054277e-13, 3.72111819439e-13, 4.74011075616e-13, 2.04422104786e-13], "max": [0.0359280854464, 0.0212330780923, 0.0124118588865, 0.0075608799234, 0.00252544227988, 0.00343991746195, 0.00389564945363, 0.0117904199287, 0.00689371069893, 0.00667417282239, 0.00770151242614, 0.00340902479365, 0.00267303409055, 0.00245102983899, 0.00188862101641, 0.00268974364735, 0.0043539153412, 0.00613468093798, 0.00308243487962, 0.00251462101005, 0.0024148686789, 0.00115916621871, 0.000916987191886, 0.000569414754864, 0.00053090887377, 0.000907264999114, 0.000331461225869, 0.000320397724863, 0.000829678610899, 0.000335115590133, 0.000164847515407, 0.000394388363929, 0.000453295069747, 0.000224746065214, 0.000198034947971, 0.000134829533636, 0.000257711770246, 8.01374335424e-05, 3.88305197703e-05, 3.2250147342e-05], "dvar2": [2.1581296096e-05, 6.90134720571e-06, 3.83853193853e-06, 1.60058323218e-06, 8.81133317421e-08, 7.8204315912e-08, 4.41329355283e-08, 1.32955207732e-07, 1.41878999216e-07, 6.32652117361e-08, 6.73601618928e-08, 9.823413194e-08, 9.79342562601e-09, 9.11128417158e-09, 9.31730159692e-09, 1.54436587962e-08, 1.68089098196e-08, 1.77047834171e-08, 1.94114075924e-08, 7.32150429172e-09, 4.70829508714e-09, 2.78766987272e-09, 1.25258847739e-09, 9.66998259244e-10, 7.656347778e-10, 1.18630794077e-09, 4.39455222212e-10, 3.13003067909e-10, 1.55802870605e-09, 5.54368717598e-10, 4.07319761253e-10, 6.47684739175e-10, 2.5516669333e-10, 3.31652066921e-10, 2.44429337881e-10, 1.14964100739e-10, 1.82522705283e-10, 5.75418532267e-11, 1.1450147254e-11, 5.0049877437e-12], "median": [0.00010760925943, 0.000132347748149, 0.000151651576743, 8.44909664011e-05, 5.11031321366e-05, 4.40551957581e-05, 3.00527462969e-05, 2.25804360525e-05, 1.81231516763e-05, 1.51578060468e-05, 1.43142642628e-05, 1.26811264636e-05, 1.09434840851e-05, 9.78246043815e-06, 9.84471535048e-06, 1.07992509584e-05, 1.08697458927e-05, 8.861270544e-06, 9.14006159292e-06, 6.19896445642e-06, 6.00169641984e-06, 5.8843743318e-06, 5.16651289217e-06, 4.24889640271e-06, 4.02317073167e-06, 3.49235824615e-06, 3.53631821781e-06, 3.31412024934e-06, 2.94728170047e-06, 2.19191451833e-06, 1.90210482742e-06, 1.97805320568e-06, 1.56033422627e-06, 1.33128207835e-06, 9.57670181378e-07, 6.93427750775e-07, 6.67040353619e-07, 4.4008689315e-07, 2.15008782334e-07, 1.55056028461e-07], "dmean2": [0.00164104765281, 0.00102901132777, 0.000831391080283, 0.000466531229904, 0.000136187096359, 0.000133957932121, 9.76033697953e-05, 0.000110834982479, 0.000111613429908, 8.11656063888e-05, 8.04924420663e-05, 9.30330279516e-05, 3.91371213482e-05, 3.87042382499e-05, 4.08472042182e-05, 4.25304970122e-05, 4.26355618401e-05, 4.17311312049e-05, 4.77374633192e-05, 2.86082868115e-05, 2.35397110373e-05, 2.257142296e-05, 1.71343708644e-05, 1.50146752276e-05, 1.32058958116e-05, 1.33025923787e-05, 1.12553470899e-05, 9.89970612864e-06, 1.43180213854e-05, 1.03604343167e-05, 9.5093055279e-06, 1.09160873762e-05, 7.10497624823e-06, 7.89879049989e-06, 6.46232592771e-06, 4.42708869741e-06, 5.25634641235e-06, 3.24324173562e-06, 1.38481902923e-06, 9.50293156166e-07], "dmean": [0.00106819614302, 0.000636240292806, 0.000486181263113, 0.000274919788353, 8.15926468931e-05, 8.3360071585e-05, 6.08159207331e-05, 7.01702156221e-05, 7.23763077985e-05, 5.20615576534e-05, 5.04232812091e-05, 5.53355821467e-05, 2.39930031967e-05, 2.36116611632e-05, 2.56861058006e-05, 2.67660761892e-05, 2.72995403066e-05, 2.62714620476e-05, 2.99318344332e-05, 1.80779115908e-05, 1.48743274622e-05, 1.42052258525e-05, 1.04674354588e-05, 9.2893060355e-06, 8.28877091408e-06, 8.54132485983e-06, 7.21268770576e-06, 6.2962035372e-06, 8.84509154275e-06, 6.6699940362e-06, 5.99549412073e-06, 7.21849846741e-06, 4.99376938023e-06, 5.33022375748e-06, 4.39634277427e-06, 3.20047183777e-06, 3.41726308761e-06, 2.09494214687e-06, 9.96943754217e-07, 6.86590624355e-07], "var": [1.65986930369e-05, 4.67197469334e-06, 1.19050014291e-06, 4.86183012072e-07, 3.57201557222e-08, 5.21316643187e-08, 3.4759743528e-08, 8.76552874729e-08, 9.63315756053e-08, 6.16847088963e-08, 6.26479064181e-08, 3.98569213189e-08, 7.14850090233e-09, 7.50895789992e-09, 9.94747573202e-09, 1.18572023311e-08, 1.78047656618e-08, 1.87832540632e-08, 2.24794902692e-08, 7.6066486443e-09, 3.7384673135e-09, 2.32971530956e-09, 1.27143517936e-09, 9.38565669628e-10, 8.24985857406e-10, 1.19706877744e-09, 4.12111011983e-10, 2.90983792617e-10, 1.02263453261e-09, 3.94417387639e-10, 2.27523291874e-10, 6.28387952784e-10, 2.49121695495e-10, 2.49809173347e-10, 1.65015390241e-10, 1.05066608191e-10, 1.50815901434e-10, 3.97172954247e-11, 1.00577541087e-11, 4.24462418339e-12], "dvar": [1.2309063095e-05, 3.30748935085e-06, 1.48094943597e-06, 6.12957364865e-07, 3.33379404083e-08, 3.12378460876e-08, 1.85473858494e-08, 5.07892288226e-08, 5.68313218707e-08, 2.64822510587e-08, 2.86647612313e-08, 3.61868615073e-08, 4.08020817133e-09, 3.76306585892e-09, 4.07296818494e-09, 6.11184791666e-09, 7.15783299299e-09, 7.55598161817e-09, 8.01796051775e-09, 3.09690384448e-09, 1.90231230768e-09, 1.16768750225e-09, 5.1172782678e-10, 3.89692528246e-10, 3.21836696182e-10, 4.97786534215e-10, 1.94967680889e-10, 1.41484268745e-10, 6.48432141315e-10, 2.52189241712e-10, 1.77241901711e-10, 3.160806894e-10, 1.32170774325e-10, 1.52885912263e-10, 1.1173785508e-10, 5.99542707147e-11, 8.83516523831e-11, 2.74863014293e-11, 6.04225003364e-12, 2.53706322444e-12], "mean": [0.00134546658956, 0.00082063121954, 0.000490413804073, 0.000292305776384, 0.000115752402053, 0.000125048711197, 9.25171334529e-05, 0.000108990781882, 0.000112069952593, 8.38739288156e-05, 7.76085362304e-05, 6.71677553328e-05, 3.3965541661e-05, 3.42352977896e-05, 4.13051820942e-05, 4.14460810134e-05, 4.53785905847e-05, 4.44381767011e-05, 4.90909114887e-05, 3.05883622786e-05, 2.42815603997e-05, 2.22963590204e-05, 1.7002941604e-05, 1.50767154992e-05, 1.43741617649e-05, 1.47153887156e-05, 1.16311639431e-05, 9.82459641818e-06, 1.31943943416e-05, 9.0814419309e-06, 7.28045370124e-06, 1.06068455352e-05, 7.37033087717e-06, 7.22754293747e-06, 5.63512321605e-06, 4.3105678742e-06, 4.59621560367e-06, 2.64125196736e-06, 1.32222828597e-06, 8.99453254988e-07]}, "spectral_entropy": {"min": 5.2615275383, "max": 9.10650253296, "dvar2": 0.121363095939, "median": 7.95876502991, "dmean2": 0.312436670065, "dmean": 0.213060498238, "var": 0.157085597515, "dvar": 0.0610281713307, "mean": 7.90342998505}, "spectral_rolloff": {"min": 21.533203125, "max": 13264.453125, "dvar2": 4696084.5, "median": 2217.91992188, "dmean2": 1767.86132812, "dmean": 1095.14111328, "var": 5172532, "dvar": 2288914.25, "mean": 2711.12695312}, "barkbands": {"min": [2.12828810131e-10, 1.37416578117e-10, 2.08594096857e-11, 8.50749245357e-12, 2.01017327783e-12, 5.10348057217e-12, 1.03784498356e-11, 7.95174863455e-12, 9.74412391053e-12, 8.93345293573e-12, 6.37543620327e-12, 8.9298447109e-12, 5.23000046049e-12, 5.05537148601e-12, 1.07284571851e-11, 1.24759300113e-11, 1.50104859098e-11, 2.12353502838e-11, 2.32554843438e-11, 2.04554758548e-11, 2.71006793395e-11, 3.00546879051e-11, 3.66894327419e-11, 3.90858456711e-11, 5.50464777926e-11, 7.70642924475e-11, 3.43516395884e-11], "max": [0.0342170000076, 0.118114724755, 0.0434679016471, 0.0285485908389, 0.0301190912724, 0.0151342805475, 0.0226378701627, 0.0731678903103, 0.0340800099075, 0.0303634032607, 0.0163825377822, 0.0214361548424, 0.0213252007961, 0.0621043294668, 0.0406493134797, 0.0332614332438, 0.0198950748891, 0.0143341924995, 0.0187279898673, 0.00867536943406, 0.0158712211996, 0.0167946629226, 0.0095842750743, 0.00893886387348, 0.00303987902589, 0.00401366315782, 0.0007959738723], "dvar2": [5.35632079846e-06, 0.000247091229539, 3.28134701704e-05, 1.87446566997e-05, 2.46077870543e-05, 1.62964624906e-06, 1.26326483496e-06, 5.01011072629e-06, 3.18522779708e-06, 4.46399553766e-06, 6.99627548784e-07, 7.16251634003e-07, 1.22938126879e-06, 2.98067948279e-06, 2.98411350741e-06, 1.28640033381e-06, 5.73350064315e-07, 4.11755081586e-07, 5.31902287548e-07, 3.1385994248e-07, 1.08886547423e-06, 8.44673252232e-07, 6.45715033443e-07, 4.65448778186e-07, 5.57160149128e-08, 9.35623489795e-08, 5.55757706522e-09], "median": [0.000280819600448, 0.000343437422998, 0.000165748657309, 0.000277086888673, 0.00039463234134, 0.000229209748795, 0.000118704178021, 9.09907976165e-05, 0.000108129395812, 8.49468488013e-05, 7.18230730854e-05, 8.99632577784e-05, 0.000101996163721, 0.000121149823826, 0.000118886768178, 9.05776760192e-05, 0.000103046906588, 9.25685671973e-05, 9.61292826105e-05, 0.000116142298793, 9.81236007647e-05, 9.27600412979e-05, 6.18145350018e-05, 4.38182833022e-05, 1.89207130461e-05, 1.23892223201e-05, 2.6961677122e-06], "dmean2": [0.000852200319059, 0.0055809286423, 0.00176942360122, 0.00175334117375, 0.00184275442734, 0.000634669093415, 0.000487429962959, 0.000624600157607, 0.000594446668401, 0.000673342728987, 0.000329203176079, 0.000365191051969, 0.000404988328228, 0.000513416656759, 0.000585899571888, 0.000367659464246, 0.000352490867954, 0.00031121345819, 0.000326280045556, 0.000325653818436, 0.000436334667029, 0.000422835058998, 0.00035784006468, 0.000290345808025, 0.000102119302028, 0.000117182848044, 2.49336844718e-05], "dmean": [0.000606070912909, 0.00357468170114, 0.00100844132248, 0.00102903589141, 0.00108152907342, 0.000398079835577, 0.000304651970509, 0.000393942405935, 0.000383785867598, 0.000402526522521, 0.000201244431082, 0.000225345560466, 0.000252072117291, 0.000324109423673, 0.000367640837794, 0.000230024001212, 0.000219136069063, 0.000192364706891, 0.000210979924304, 0.000207190518267, 0.000281798711512, 0.000296969083138, 0.000249455682933, 0.000193629020941, 7.21212563803e-05, 7.49280443415e-05, 1.60129329743e-05], "var": [3.94218977817e-06, 0.000181276001967, 8.2683573055e-06, 6.0337783907e-06, 7.34431478122e-06, 1.09565621642e-06, 1.03894353742e-06, 2.94847313853e-06, 3.18969023283e-06, 2.60934098151e-06, 4.4119056497e-07, 6.58458191083e-07, 9.79963260761e-07, 2.26593738262e-06, 3.43106330547e-06, 1.07593018583e-06, 4.88365571982e-07, 4.17099812466e-07, 6.59660031488e-07, 3.1806044376e-07, 7.53948540932e-07, 9.80188019639e-07, 5.6198416587e-07, 4.2550203716e-07, 5.2903608605e-08, 4.24920258979e-08, 2.21662155298e-09], "dvar": [2.29390161621e-06, 0.000137840572279, 1.17297877296e-05, 7.35421144782e-06, 9.3002572612e-06, 6.64206083911e-07, 5.41144402177e-07, 1.91507547243e-06, 1.34721699396e-06, 1.7186119976e-06, 2.8451481171e-07, 3.01239168721e-07, 4.92965170906e-07, 1.16013507068e-06, 1.24298298942e-06, 5.0436148058e-07, 2.32839838077e-07, 1.64802813174e-07, 2.33594008137e-07, 1.46964993064e-07, 4.80587289076e-07, 4.52113567917e-07, 3.22140863318e-07, 2.41201036033e-07, 2.92377482225e-08, 3.84527005792e-08, 2.24323404296e-09], "mean": [0.000952129892539, 0.00441409833729, 0.000927481916733, 0.00101972999983, 0.0012149742106, 0.000602909305599, 0.00044452646398, 0.000579528918024, 0.000630614697002, 0.000515229359735, 0.000264961243374, 0.000340768834576, 0.000390364206396, 0.000542438938282, 0.000602693296969, 0.000394209113438, 0.000356168980943, 0.000321218976751, 0.000382165890187, 0.000339569232892, 0.00039580851444, 0.000457530870335, 0.000344231550116, 0.00027010976919, 9.89966792986e-05, 7.96811946202e-05, 1.77616384462e-05]}, "melbands_flatness_db": {"min": 0.013867855072, "max": 0.604254186153, "dvar2": 0.00383511162363, "median": 0.134262293577, "dmean2": 0.0596585199237, "dmean": 0.0406543314457, "var": 0.00706809060648, "dvar": 0.00197763973847, "mean": 0.153133749962}, "melbands_skewness": {"min": -4.28219079971, "max": 98.898109436, "dvar2": 9.68041419983, "median": 2.07500123978, "dmean2": 1.82942223549, "dmean": 1.19029808044, "var": 8.54161739349, "dvar": 4.67388439178, "mean": 2.6930835247}, "barkbands_skewness": {"min": -7.28952884674, "max": 96.2219390869, "dvar2": 9.99777317047, "median": 0.845746517181, "dmean2": 1.42573857307, "dmean": 0.961908578873, "var": 8.47140598297, "dvar": 4.89387464523, "mean": 1.38589453697}, "silence_rate_60dB": {"min": 0, "max": 1, "dvar2": 0.136862963438, "median": 0, "dmean2": 0.138904109597, "dmean": 0.0694473013282, "var": 0.177867501974, "dvar": 0.0646227002144, "mean": 0.231406658888}, "spectral_energyband_low": {"min": 2.70062333607e-10, "max": 0.131578847766, "dvar2": 0.000250956654781, "median": 0.00109030562453, "dmean2": 0.0062210210599, "dmean": 0.0041367826052, "var": 0.000241820234805, "dvar": 0.000148756269482, "mean": 0.00604336429387}, "spectral_energyband_middle_low": {"min": 7.56784149236e-11, "max": 0.0886543989182, "dvar2": 0.000100292156276, "median": 0.0023935791105, "dmean2": 0.00461536785588, "dmean": 0.00286891590804, "var": 4.98565568705e-05, "dvar": 4.08337655244e-05, "mean": 0.00460860878229}, "melbands_kurtosis": {"min": -1.87440657616, "max": 10724.6484375, "dvar2": 41385.5898438, "median": 4.78247070312, "dmean2": 29.8101348877, "dmean": 18.6719112396, "var": 23995.9492188, "dvar": 21231.7109375, "mean": 21.3229160309}, "spectral_decrease": {"min": -4.40064908958e-08, "max": -1.61347917991e-16, "dvar2": 2.28520505988e-17, "median": -2.05628847283e-09, "dmean2": 2.7397084601e-09, "dmean": 1.9203010293e-09, "var": 3.06917656964e-17, "dvar": 1.38452341148e-17, "mean": -3.93510601882e-09}, "erbbands_kurtosis": {"min": -1.79737043381, "max": 48.7293167114, "dvar2": 9.04678058624, "median": -0.24799656868, "dmean2": 1.66003882885, "dmean": 1.03167748451, "var": 5.6318488121, "dvar": 3.69014930725, "mean": 0.379627197981}, "melbands_crest": {"min": 2.55632638931, "max": 39.9762458801, "dvar2": 37.1840171814, "median": 12.5913715363, "dmean2": 6.70671129227, "dmean": 4.2525844574, "var": 43.1427383423, "dvar": 15.9429073334, "mean": 13.9262838364}, "gfcc": {"cov": [[15326.1259766, -1160.97412109, -1149.63806152, 193.448272705, -683.578613281, 31.4593238831, -221.084716797, -19.9883766174, -110.50692749, 3.35752773285, -164.501037598, -105.842750549, -180.293060303], [-1160.97412109, 1945.78771973, -15.3360891342, 126.141899109, 233.96736145, -97.9145889282, 148.418365479, 28.5698051453, 73.9785079956, -66.9468078613, 60.2807922363, -67.7352142334, 30.5402603149], [-1149.63806152, -15.3360891342, 929.705688477, 114.66519928, 150.767562866, 68.4462585449, 14.5810832977, 53.1956710815, 10.1569023132, 27.9001579285, 26.9528770447, 71.0584030151, 9.57116985321], [193.448272705, 126.141899109, 114.66519928, 363.826965332, 108.496482849, 35.8029708862, 32.061126709, 17.9315395355, 27.9244842529, -7.87713527679, 16.1265525818, 11.4591789246, 2.80955076218], [-683.578613281, 233.96736145, 150.767562866, 108.496482849, 480.103118896, 148.11138916, 84.1039581299, 42.1119689941, 71.4239959717, 80.5902252197, 28.4055519104, 51.4456634521, 67.4496231079], [31.4593238831, -97.9145889282, 68.4462585449, 35.8029708862, 148.11138916, 243.338317871, 112.227157593, 35.353767395, 31.4295501709, 60.7528266907, 20.3924446106, 27.0909252167, 18.0021343231], [-221.084716797, 148.418365479, 14.5810832977, 32.061126709, 84.1039581299, 112.227157593, 210.110092163, 85.7419204712, 55.6655082703, 22.0329284668, 20.7085494995, 15.7720165253, 9.57218647003], [-19.9883766174, 28.5698051453, 53.1956710815, 17.9315395355, 42.1119689941, 35.353767395, 85.7419204712, 178.67829895, 89.3463287354, 36.9548721313, 5.34935808182, 27.9418945312, -3.45799207687], [-110.50692749, 73.9785079956, 10.1569023132, 27.9244842529, 71.4239959717, 31.4295501709, 55.6655082703, 89.3463287354, 148.605194092, 78.9240112305, 33.3784561157, 14.9903049469, 25.0163917542], [3.35752773285, -66.9468078613, 27.9001579285, -7.87713527679, 80.5902252197, 60.7528266907, 22.0329284668, 36.9548721313, 78.9240112305, 131.92678833, 53.4116325378, 24.5823173523, 14.6655092239], [-164.501037598, 60.2807922363, 26.9528770447, 16.1265525818, 28.4055519104, 20.3924446106, 20.7085494995, 5.34935808182, 33.3784561157, 53.4116325378, 104.621078491, 29.4758415222, 15.8037471771], [-105.842750549, -67.7352142334, 71.0584030151, 11.4591789246, 51.4456634521, 27.0909252167, 15.7720165253, 27.9418945312, 14.9903049469, 24.5823173523, 29.4758415222, 82.0274887085, 24.4335422516], [-180.293060303, 30.5402603149, 9.57116985321, 2.80955076218, 67.4496231079, 18.0021343231, 9.57218647003, -3.45799207687, 25.0163917542, 14.6655092239, 15.8037471771, 24.4335422516, 81.3505630493]], "icov": [[8.78792634467e-05, 1.5871533833e-05, 0.000118074553029, -0.000140612813993, 0.000138523464557, -0.000130593587528, 0.000124426747789, -9.19293015613e-05, 9.22829058254e-05, -0.000159886680194, 0.00013984614634, -2.87310995191e-05, 5.71732016397e-05], [1.5871533833e-05, 0.000821954978164, 1.27471539599e-05, -5.92692631471e-05, -0.000662623962853, 0.000847178976983, -0.000759522314183, 0.000105469254777, -0.000436364643974, 0.000963342085015, -0.000937498814892, 0.00106893782504, 4.51696132586e-06], [0.000118074553029, 1.27471539599e-05, 0.00140862248372, -0.000485190830659, -8.4972831246e-05, -0.00036887297756, 0.000489110359922, -0.000558637781069, 0.000481794791995, -0.000217834880459, 6.90612650942e-05, -0.000859501305968, 0.000314553675707], [-0.000140612813993, -5.92692631471e-05, -0.000485190830659, 0.00346567551605, -0.000965927843936, -7.68230092945e-05, -0.000123735473608, 0.000403765792726, -0.00134058122057, 0.00193287245929, -0.000993638532236, 2.33671762544e-05, 0.000747416284867], [0.000138523464557, -0.000662623962853, -8.4972831246e-05, -0.000965927843936, 0.00410953816026, -0.00210266839713, 0.000455272907857, -2.14829433389e-05, 0.000275272206636, -0.00239818030968, 0.00183852890041, -0.0015357992379, -0.00194558326621], [-0.000130593587528, 0.000847178976983, -0.00036887297756, -7.68230092945e-05, -0.00210266839713, 0.00828775018454, -0.00474873976782, 0.000850652053487, 0.00124317919835, -0.00225799554028, -0.000123284509755, 0.000617797311861, -0.000193966101506], [0.000124426747789, -0.000759522314183, 0.000489110359922, -0.000123735473608, 0.000455272907857, -0.00474873976782, 0.00934640225023, -0.00350302853622, -0.000873634358868, 0.00175345968455, -0.00090228713816, -0.00027850663173, 0.00014382583322], [-9.19293015613e-05, 0.000105469254777, -0.000558637781069, 0.000403765792726, -2.14829433389e-05, 0.000850652053487, -0.00350302853622, 0.0109336646274, -0.00663850689307, 0.000786366814282, 0.0021224564407, -0.00362860318273, 0.00309215649031], [9.22829058254e-05, -0.000436364643974, 0.000481794791995, -0.00134058122057, 0.000275272206636, 0.00124317919835, -0.000873634358868, -0.00663850689307, 0.0163951013237, -0.00889013335109, -1.22532164823e-05, 0.00238062744029, -0.00447645224631], [-0.000159886680194, 0.000963342085015, -0.000217834880459, 0.00193287245929, -0.00239818030968, -0.00225799554028, 0.00175345968455, 0.000786366814282, -0.00889013335109, 0.0181543510407, -0.0071936910972, 0.000221750960918, 0.00234998436645], [0.00013984614634, -0.000937498814892, 6.90612650942e-05, -0.000993638532236, 0.00183852890041, -0.000123284509755, -0.00090228713816, 0.0021224564407, -1.22532164823e-05, -0.0071936910972, 0.015328665264, -0.00532066542655, -0.000691807770636], [-2.87310995191e-05, 0.00106893782504, -0.000859501305968, 2.33671762544e-05, -0.0015357992379, 0.000617797311861, -0.00027850663173, -0.00362860318273, 0.00238062744029, 0.000221750960918, -0.00532066542655, 0.0186324138194, -0.00468411529437], [5.71732016397e-05, 4.51696132586e-06, 0.000314553675707, 0.000747416284867, -0.00194558326621, -0.000193966101506, 0.00014382583322, 0.00309215649031, -0.00447645224631, 0.00234998436645, -0.000691807770636, -0.00468411529437, 0.016619425267]], "mean": [-36.2363319397, 48.9128837585, -112.638687134, 35.3728904724, -53.1675720215, 14.121878624, -32.7036743164, 3.17356133461, -19.1245193481, 3.37074804306, -16.6862297058, 1.23785078526, -12.793598175]}, "melbands_spread": {"min": 0.0561165101826, "max": 266.900268555, "dvar2": 869.491455078, "median": 36.3361206055, "dmean2": 25.2855052948, "dmean": 16.1673202515, "var": 1065.44714355, "dvar": 402.504089355, "mean": 42.1418762207}, "spectral_energy": {"min": 9.43226829975e-10, "max": 0.184711694717, "dvar2": 0.000371329631889, "median": 0.00881564430892, "dmean2": 0.0112702418119, "dmean": 0.00800308771431, "var": 0.000536226085387, "dvar": 0.000227868804359, "mean": 0.0169000308961}, "mfcc": {"cov": [[13609.9716797, -729.546936035, -849.049682617, -28.2238502502, -559.092651367, -66.0095214844, -296.908233643, -94.1621170044, -174.407592773, 37.4096336365, -91.2010650635, -68.9648284912, -90.4133758545], [-729.546936035, 1540.8885498, -34.778793335, 179.617202759, 106.504325867, -7.10178518295, 68.6829223633, 43.263217926, 50.3351249695, 20.7563095093, 22.6161899567, 3.33307766914, 45.5095748901], [-849.049682617, -34.778793335, 658.523132324, 87.8519134521, 60.8660583496, -9.56397819519, 25.5951881409, 34.9372634888, -19.4758815765, -22.2589855194, 14.3832788467, 16.773481369, -7.67085361481], [-28.2238502502, 179.617202759, 87.8519134521, 315.858276367, 115.659912109, 19.3683185577, 5.37268733978, 39.7479820251, 22.7983894348, -8.60452270508, -5.17430639267, 23.8013553619, 24.1236991882], [-559.092651367, 106.504325867, 60.8660583496, 115.659912109, 318.702667236, 118.795692444, 57.1632041931, 2.21867132187, 60.5000724792, 11.2240505219, -7.79424238205, 53.186630249, 27.8740558624], [-66.0095214844, -7.10178518295, -9.56397819519, 19.3683185577, 118.795692444, 235.478866577, 105.241416931, 19.3992557526, 37.6058921814, 22.1104393005, 16.0453872681, 24.7620601654, 13.2686243057], [-296.908233643, 68.6829223633, 25.5951881409, 5.37268733978, 57.1632041931, 105.241416931, 159.43359375, 65.3378372192, 33.9601173401, 18.7218856812, 22.1384410858, 12.2904424667, 10.9471979141], [-94.1621170044, 43.263217926, 34.9372634888, 39.7479820251, 2.21867132187, 19.3992557526, 65.3378372192, 156.428604126, 65.2597579956, 31.6279335022, 26.9683837891, 16.1509056091, 11.3666296005], [-174.407592773, 50.3351249695, -19.4758815765, 22.7983894348, 60.5000724792, 37.6058921814, 33.9601173401, 65.2597579956, 150.276412964, 52.3080444336, 25.604845047, 26.5761852264, 21.2246456146], [37.4096336365, 20.7563095093, -22.2589855194, -8.60452270508, 11.2240505219, 22.1104393005, 18.7218856812, 31.6279335022, 52.3080444336, 126.508766174, 61.4757461548, 17.3664493561, 20.892583847], [-91.2010650635, 22.6161899567, 14.3832788467, -5.17430639267, -7.79424238205, 16.0453872681, 22.1384410858, 26.9683837891, 25.604845047, 61.4757461548, 113.599983215, 34.4898071289, 21.5621986389], [-68.9648284912, 3.33307766914, 16.773481369, 23.8013553619, 53.186630249, 24.7620601654, 12.2904424667, 16.1509056091, 26.5761852264, 17.3664493561, 34.4898071289, 96.9605941772, 43.0191841125], [-90.4133758545, 45.5095748901, -7.67085361481, 24.1236991882, 27.8740558624, 13.2686243057, 10.9471979141, 11.3666296005, 21.2246456146, 20.892583847, 21.5621986389, 43.0191841125, 82.8080368042]], "icov": [[9.52782502281e-05, 3.51994494849e-05, 0.00011514696962, -0.000113164205686, 0.000192809704458, -0.000128140411107, 0.000155703586643, -3.08011876768e-05, 9.24838022911e-05, -0.000130200773128, 0.000119818978419, -0.000101468875073, 9.82515703072e-05], [3.51994494849e-05, 0.000763797375839, 0.000164722645422, -0.000456804409623, -0.0001222549472, 0.000345276523149, -0.000459242437501, 9.3918904895e-05, -7.59518006817e-05, -2.62331213889e-05, -0.000164863915415, 0.000319500308251, -0.000296319427434], [0.00011514696962, 0.000164722645422, 0.00184989231639, -0.000538620515727, -0.000218712375499, 0.00029137803358, -0.00018075889966, -0.000455419445643, 0.000617581419647, 0.000223288938287, -0.000387681211578, -0.00025952726719, 0.000497954373714], [-0.000113164205686, -0.000456804409623, -0.000538620515727, 0.00445838319138, -0.00180331163574, 2.12049126276e-05, 0.00112195929978, -0.00161689193919, 0.000280715641566, 0.000740471703466, -5.95340607106e-05, 0.000267381168669, -0.000926162465475], [0.000192809704458, -0.0001222549472, -0.000218712375499, -0.00180331163574, 0.00592700624838, -0.0022674864158, -0.00052793615032, 0.00180707883555, -0.00167322019115, -0.000683732854668, 0.00198164419271, -0.00258644600399, 0.00040181571967], [-0.000128140411107, 0.000345276523149, 0.00029137803358, 2.12049126276e-05, -0.0022674864158, 0.0076357270591, -0.004975350108, 0.00125982356258, -0.000473081163364, -0.000228100179811, -0.000519532244653, -0.000132474437123, 9.86258310149e-05], [0.000155703586643, -0.000459242437501, -0.00018075889966, 0.00112195929978, -0.00052793615032, -0.004975350108, 0.0120325451717, -0.00478085596114, 0.000859790248796, 0.000419254298322, -0.000864238769282, 0.000912735937163, -0.000456015462987], [-3.08011876768e-05, 9.3918904895e-05, -0.000455419445643, -0.00161689193919, 0.00180707883555, 0.00125982356258, -0.00478085596114, 0.0106155443937, -0.0040836292319, -0.000675211602356, -0.000227417403948, -0.00090541166719, 0.000454960361822], [9.24838022911e-05, -7.59518006817e-05, 0.000617581419647, 0.000280715641566, -0.00167322019115, -0.000473081163364, 0.000859790248796, -0.0040836292319, 0.0103915585205, -0.00309115508571, 0.000415239715949, -0.000767142162658, -0.000389109976823], [-0.000130200773128, -2.62331213889e-05, 0.000223288938287, 0.000740471703466, -0.000683732854668, -0.000228100179811, 0.000419254298322, -0.000675211602356, -0.00309115508571, 0.0126715954393, -0.0064135696739, 0.00178544677328, -0.00168111023959], [0.000119818978419, -0.000164863915415, -0.000387681211578, -5.95340607106e-05, 0.00198164419271, -0.000519532244653, -0.000864238769282, -0.000227417403948, 0.000415239715949, -0.0064135696739, 0.0141993705183, -0.00464724376798, -6.82110385242e-06], [-0.000101468875073, 0.000319500308251, -0.00025952726719, 0.000267381168669, -0.00258644600399, -0.000132474437123, 0.000912735937163, -0.00090541166719, -0.000767142162658, 0.00178544677328, -0.00464724376798, 0.0163631457835, -0.00703733693808], [9.82515703072e-05, -0.000296319427434, 0.000497954373714, -0.000926162465475, 0.00040181571967, 9.86258310149e-05, -0.000456015462987, 0.000454960361822, -0.000389109976823, -0.00168111023959, -6.82110385242e-06, -0.00703733693808, 0.016690550372]], "mean": [-678.516784668, 83.6654434204, -0.555413246155, 23.6801052094, 2.35184216499, 12.905415535, -2.31809163094, 4.68172025681, -1.53135538101, 4.93581724167, -1.09647011757, 0.562162399292, -2.50142121315]}, "spectral_contrast_valleys": {"min": [-15.2546443939, -15.2169761658, -15.3321666718, -15.3692092896, -14.7607250214, -16.4178619385], "max": [-5.39088392258, -4.80452156067, -5.04443407059, -5.19801568985, -5.28316307068, -7.43915081024], "dvar2": [0.677081942558, 0.846703290939, 0.885697305202, 0.820240616798, 0.774696946144, 0.569026529789], "median": [-7.87201499939, -7.17951345444, -7.53964042664, -7.68129825592, -7.45307397842, -10.0957241058], "dmean2": [0.845346212387, 0.900716543198, 0.84322142601, 0.775752902031, 0.716079652309, 0.680594563484], "dmean": [0.533734738827, 0.570923745632, 0.54115241766, 0.524412751198, 0.507103919983, 0.518723905087], "var": [1.71053957939, 1.56611609459, 1.53008151054, 1.70518112183, 1.86838674545, 1.9968047142], "dvar": [0.302538275719, 0.373055398464, 0.406710088253, 0.406166136265, 0.400151669979, 0.370503127575], "mean": [-8.05766582489, -7.4511961937, -7.8021569252, -7.95322942734, -7.70830154419, -10.2469911575]}, "barkbands_flatness_db": {"min": 0.0101863993332, "max": 0.613368809223, "dvar2": 0.00265071261674, "median": 0.0815398693085, "dmean2": 0.0454957708716, "dmean": 0.031258828938, "var": 0.00410326384008, "dvar": 0.00136027310509, "mean": 0.0991460755467}, "dynamic_complexity": 5.55174064636, "erbbands_flatness_db": {"min": 0.0261783767492, "max": 0.338801234961, "dvar2": 0.00100712419953, "median": 0.123392954469, "dmean2": 0.030724035576, "dmean": 0.0207418520004, "var": 0.00165164656937, "dvar": 0.00048753619194, "mean": 0.129231