{"lowlevel": {"spectral_complexity": {"min": 0, "max": 64, "dvar2": 75.7691574097, "median": 20, "dmean2": 8.00264453888, "dmean": 5.45780086517, "var": 200.511474609, "dvar": 37.4685707092, "mean": 21.6236438751}, "silence_rate_20dB": {"min": 1, "max": 1, "dvar2": 0, "median": 1, "dmean2": 0, "dmean": 0, "var": 0, "dvar": 0, "mean": 1}, "average_loudness": 0.80189371109, "erbbands_spread": {"min": 1.97576916218, "max": 156.977111816, "dvar2": 240.567108154, "median": 38.3391838074, "dmean2": 15.0040340424, "dmean": 9.61027812958, "var": 378.75894165, "dvar": 102.966087341, "mean": 42.2635574341}, "spectral_kurtosis": {"min": -1.26582872868, "max": 132.41809082, "dvar2": 6.43682050705, "median": 2.89195919037, "dmean2": 1.80378568172, "dmean": 1.07215237617, "var": 10.9607009888, "dvar": 2.5849173069, "mean": 3.26652932167}, "barkbands_kurtosis": {"min": -1.83330392838, "max": 293.906494141, "dvar2": 127.586883545, "median": -0.207803249359, "dmean2": 4.37699556351, "dmean": 2.67789936066, "var": 70.0572662354, "dvar": 50.9644813538, "mean": 2.32113528252}, "spectral_strongpeak": {"min": 0, "max": 15.8156280518, "dvar2": 1.92746782303, "median": 0.287156373262, "dmean2": 0.852411091328, "dmean": 0.506656944752, "var": 1.15280914307, "dvar": 0.811417162418, "mean": 0.648875415325}, "spectral_spread": {"min": 714376.25, "max": 27182570, "dvar2": 704342720512, "median": 4244409, "dmean2": 681828.4375, "dmean": 449368.125, "var": 1512018018300.0, "dvar": 356924620800, "mean": 4432492}, "spectral_rms": {"min": 2.7031501304e-06, "max": 0.0156247485429, "dvar2": 3.86141573472e-06, "median": 0.00332122668624, "dmean2": 0.00151705392636, "dmean": 0.000983810867183, "var": 3.2263783396e-06, "dvar": 1.62103162893e-06, "mean": 0.00365687604062}, "erbbands": {"min": [4.29461515239e-08, 2.33531295635e-07, 7.60663965593e-07, 1.74777096618e-06, 3.24924690176e-06, 5.13324494023e-06, 6.07672654951e-06, 8.44135865918e-06, 8.6804438979e-06, 7.34838431526e-06, 4.65334505861e-06, 1.72574550561e-06, 3.62320292879e-07, 1.81820132639e-06, 5.09744540977e-06, 6.7755395321e-06, 4.49325261798e-06, 1.28610133743e-06, 1.93218261302e-06, 3.34614060193e-06, 1.22450762774e-06, 2.16689477384e-06, 3.25993164552e-06, 9.64882474364e-07, 1.74988372237e-06, 1.05987612642e-06, 1.2286512856e-06, 1.21194909752e-06, 8.33001877254e-07, 6.18198441771e-07, 4.92086087434e-07, 3.88741199231e-07, 2.94488103236e-07, 1.92661801179e-07, 1.23175595945e-07, 6.7773946455e-08, 3.13839123578e-08, 1.15639053888e-08, 2.55359511314e-09, 2.62203231349e-10], "max": [2.36567115784, 28.5491046906, 105.058021545, 119.857925415, 96.3081130981, 364.099578857, 253.412124634, 155.243148804, 445.45791626, 783.534729004, 1156.61779785, 978.505859375, 904.805419922, 669.484985352, 623.932495117, 2539.99780273, 3852.54321289, 2175.43579102, 1227.28894043, 542.179931641, 406.799072266, 1764.11096191, 1046.30834961, 464.084533691, 437.226806641, 319.493255615, 1034.29675293, 985.29510498, 392.803283691, 524.805603027, 309.98135376, 100.963005066, 59.3183670044, 28.6247444153, 20.7415504456, 7.8451461792, 4.16782093048, 0.688144862652, 0.0793174505234, 0.00294713419862], "dvar2": [0.0566630996764, 8.67323207855, 119.133102417, 142.686752319, 55.603477478, 1787.82165527, 591.31072998, 231.796234131, 421.71383667, 823.917053223, 1962.65588379, 1562.70166016, 2165.9921875, 2482.4609375, 1582.85168457, 10865.0947266, 8949.54882812, 4219.70507812, 2562.60302734, 1255.01989746, 1078.16809082, 3277.71875, 2711.60571289, 835.913146973, 1379.8795166, 1099.57409668, 1232.55224609, 937.967041016, 425.533813477, 317.368682861, 143.294876099, 15.6982879639, 7.74118614197, 1.96101129055, 0.374122470617, 0.0642780587077, 0.00946481153369, 0.000309278286295, 3.63854815078e-06, 1.24837100657e-08], "median": [0.0123994145542, 0.179560661316, 0.714703679085, 0.984415054321, 1.34541392326, 2.6738846302, 3.15786790848, 2.68542671204, 3.17341947556, 4.31395483017, 5.57036352158, 6.54884672165, 6.89803504944, 6.49137830734, 7.01096820831, 7.03248739243, 9.46076965332, 12.8359956741, 14.4680843353, 11.2463150024, 13.4372329712, 15.309179306, 14.0375232697, 11.0461587906, 8.50036144257, 9.04466629028, 8.37004184723, 5.87398290634, 6.3688211441, 2.80425786972, 1.50422167778, 0.700001597404, 0.406424671412, 0.234436303377, 0.0929980203509, 0.0274405665696, 0.00811844877899, 0.00160789117217, 0.000180309114512, 2.7513360692e-05], "dmean2": [0.0868933498859, 1.09031033516, 4.28250694275, 5.28634309769, 4.31447410583, 17.6416625977, 12.4446811676, 8.64950752258, 10.3403205872, 14.0020046234, 19.3350906372, 20.4448394775, 19.9140281677, 21.7224178314, 19.9908218384, 29.2359790802, 34.1170043945, 28.2654800415, 28.329328537, 21.5979099274, 21.8800506592, 31.3067436218, 27.4344062805, 17.3381824493, 20.2462120056, 17.6525287628, 14.4959020615, 11.1380205154, 9.59372329712, 5.1041560173, 2.85474991798, 1.29362857342, 0.836265027523, 0.460904836655, 0.244142428041, 0.100227408111, 0.0318363122642, 0.00634463969618, 0.000788156758063, 5.54211073904e-05], "dmean": [0.0522924400866, 0.617850959301, 2.36484026909, 2.93767261505, 2.48865318298, 10.2877941132, 7.61262369156, 5.21152305603, 6.17479848862, 8.62439250946, 11.6893024445, 12.387090683, 12.5091724396, 13.2443695068, 12.2159748077, 19.2695178986, 21.5626678467, 17.8371906281, 17.0810527802, 13.0851650238, 13.6006565094, 19.0712070465, 16.6026878357, 10.9055709839, 12.1813697815, 10.3760824203, 9.17369937897, 7.12940835953, 5.91445493698, 3.28949165344, 1.84442079067, 0.852840423584, 0.554381430149, 0.311567336321, 0.164733618498, 0.0665147453547, 0.0213891416788, 0.00434346543625, 0.000535315542948, 3.6881359847e-05], "var": [0.0204186476767, 2.1787788868, 27.080947876, 36.1216392517, 21.7956199646, 517.065673828, 273.617034912, 139.347961426, 216.815689087, 582.182678223, 1265.17504883, 1086.85046387, 1684.09594727, 1402.4630127, 1003.86303711, 7428.4140625, 8043.24462891, 4146.26855469, 2036.85144043, 978.110046387, 1023.52600098, 3102.51806641, 1677.43640137, 832.283569336, 792.559631348, 559.389648438, 679.215087891, 509.440582275, 251.494766235, 142.209365845, 60.4135818481, 11.1338701248, 5.56091785431, 1.71923696995, 0.477933973074, 0.0685825049877, 0.0106371724978, 0.00034379720455, 3.74868454855e-06, 8.96433327569e-09], "dvar": [0.0235701650381, 3.15824747086, 42.0812911987, 50.1299934387, 20.1736335754, 674.625305176, 247.703613281, 91.320640564, 160.606048584, 334.22088623, 796.395080566, 634.526367188, 902.357116699, 990.71685791, 637.184265137, 5077.66894531, 4073.61694336, 2001.65209961, 1075.43347168, 489.499786377, 434.321166992, 1462.03173828, 1095.25036621, 356.02923584, 530.167114258, 411.401123047, 495.697998047, 388.09777832, 177.826980591, 128.290481567, 56.8342514038, 6.63293218613, 3.21800994873, 0.885504126549, 0.198547840118, 0.0328980386257, 0.00491467863321, 0.000168712213053, 1.96157157006e-06, 5.72662273157e-09], "mean": [0.0487655289471, 0.54826515913, 2.11677885056, 2.87018156052, 2.97823524475, 9.66943264008, 8.81707763672, 7.10742521286, 8.16722393036, 12.5112485886, 16.3541564941, 18.1539916992, 19.2680854797, 18.5984172821, 17.7313098907, 26.2236270905, 32.9721603394, 30.4556026459, 28.7576713562, 22.8539047241, 24.9702911377, 31.6170806885, 27.0525436401, 20.729675293, 18.4213562012, 16.6077957153, 16.2332305908, 12.2203140259, 11.0252256393, 5.77510023117, 3.31894445419, 1.66880548, 1.05783641338, 0.577397525311, 0.272922337055, 0.099838770926, 0.0324721187353, 0.00656018732116, 0.000774555315729, 5.96074751229e-05]}, "zerocrossingrate": {"min": 0, "max": 0.40673828125, "dvar2": 0.00018414814258, "median": 0.07763671875, "dmean2": 0.0138560933992, "dmean": 0.011644937098, "var": 0.000895413570106, "dvar": 0.000137581431773, "mean": 0.0778750106692}, "spectral_contrast_coeffs": {"min": [-0.993079185486, -0.976081192493, -0.983447670937, -0.955063819885, -0.943641722202, -0.966036021709], "max": [-0.244121864438, -0.377875626087, -0.418978124857, -0.460484921932, -0.564853131771, -0.545142292976], "dvar2": [0.0070772645995, 0.00378378410824, 0.00262822024524, 0.00200949888676, 0.000963579572272, 0.00099677615799], "median": [-0.659980535507, -0.797746539116, -0.810663163662, -0.800681471825, -0.79877102375, -0.727156698704], "dmean2": [0.101570822299, 0.0779839977622, 0.0640129968524, 0.0548571720719, 0.0373537279665, 0.0330094993114], "dmean": [0.0628552958369, 0.0469123013318, 0.0395717769861, 0.0341647528112, 0.0231965500861, 0.0213380698115], "var": [0.00870251748711, 0.00372552708723, 0.0034028373193, 0.00333181885071, 0.00163135805633, 0.00276475818828], "dvar": [0.00298809912056, 0.00144118140452, 0.00106728938408, 0.000845694798045, 0.00042517579277, 0.000508308236022], "mean": [-0.645835459232, -0.789002656937, -0.801093459129, -0.790995538235, -0.795253396034, -0.724064409733]}, "dissonance": {"min": 0, "max": 0.500000119209, "dvar2": 0.000590052630287, "median": 0.48539480567, "dmean2": 0.022225946188, "dmean": 0.0131151173264, "var": 0.000423398363637, "dvar": 0.000228395540034, "mean": 0.479478418827}, "spectral_energyband_high": {"min": 1.5704620937e-10, "max": 0.0590647011995, "dvar2": 4.0144018385e-06, "median": 0.000616305333097, "dmean2": 0.000770907965489, "dmean": 0.000520783592947, "var": 2.72908050647e-06, "dvar": 1.70964051449e-06, "mean": 0.00108346389607}, "spectral_skewness": {"min": -0.446088463068, "max": 9.24571323395, "dvar2": 0.0933628752828, "median": 1.19329607487, "dmean2": 0.299101322889, "dmean": 0.186185345054, "var": 0.170001849532, "dvar": 0.039490506053, "mean": 1.20199263096}, "spectral_flux": {"min": 0.000494947365951, "max": 0.461358428001, "dvar2": 0.00283334148116, "median": 0.0669098868966, "dmean2": 0.0443813949823, "dmean": 0.0282857324928, "var": 0.00255073583685, "dvar": 0.00141683104448, "mean": 0.0799070969224}, "silence_rate_30dB": {"min": 0, "max": 1, "dvar2": 0.00198055803776, "median": 1, "dmean2": 0.00154261477292, "dmean": 0.000771264894865, "var": 0.00066061958205, "dvar": 0.000770590675529, "mean": 0.999338924885}, "spectral_energyband_middle_high": {"min": 6.01162841729e-10, "max": 0.1371062994, "dvar2": 2.76385235338e-05, "median": 0.00319203152321, "dmean2": 0.00352848344482, "dmean": 0.00232350989245, "var": 4.57404421468e-05, "dvar": 1.31462393256e-05, "mean": 0.00538637395948}, "barkbands_spread": {"min": 0.486735582352, "max": 120.21975708, "dvar2": 136.425323486, "median": 30.8390293121, "dmean2": 11.751531601, "dmean": 7.4775352478, "var": 176.537063599, "dvar": 59.7809333801, "mean": 31.1059951782}, "spectral_centroid": {"min": 222.481109619, "max": 9960.83105469, "dvar2": 270746.71875, "median": 1961.72460938, "dmean2": 535.510375977, "dmean": 336.452484131, "var": 445749, "dvar": 119026.632812, "mean": 1882.42004395}, "pitch_salience": {"min": 0.0258285216987, "max": 0.880810558796, "dvar2": 0.0143277999014, "median": 0.617458641529, "dmean2": 0.137584343553, "dmean": 0.0828638896346, "var": 0.01343918778, "dvar": 0.00560712954029, "mean": 0.603641688824}, "erbbands_skewness": {"min": -6.30979061127, "max": 5.48454856873, "dvar2": 0.268879890442, "median": -0.113315194845, "dmean2": 0.554315805435, "dmean": 0.355883598328, "var": 0.437236040831, "dvar": 0.120821997523, "mean": -0.0934857279062}, "erbbands_crest": {"min": 2.1599342823, "max": 33.8106384277, "dvar2": 14.1519489288, "median": 5.541203022, "dmean2": 3.67323470116, "dmean": 2.23432087898, "var": 14.9806089401, "dvar": 6.07519960403, "mean": 6.79533529282}, "melbands": {"min": [3.88952037245e-10, 3.73491043648e-10, 3.44057671242e-10, 3.02911695726e-10, 1.39974906666e-10, 1.67750993652e-10, 1.13149559167e-10, 7.50919187942e-11, 3.36603800388e-11, 8.74877774393e-12, 1.36897014991e-12, 6.36799944373e-12, 1.50997755965e-11, 1.91125691662e-11, 1.51401998577e-11, 6.94111348259e-12, 1.69506108368e-12, 2.46660526206e-12, 4.8786101027e-12, 3.64643298195e-12, 8.45888842912e-13, 1.70158407763e-12, 3.7501924309e-12, 2.02339902645e-12, 5.21223689209e-13, 1.51111545152e-12, 6.887937486e-13, 7.86399374439e-13, 1.03763070185e-12, 4.21760472684e-13, 7.56674399787e-13, 3.71858061921e-13, 4.7197185396e-13, 3.64916105146e-13, 2.63566918941e-13, 2.85855377997e-13, 2.41468439211e-13, 1.99460185781e-13, 1.76496309429e-13, 1.569497028e-13], "max": [0.0221697762609, 0.0510068833828, 0.0185148008168, 0.0168853551149, 0.011205047369, 0.00371206644922, 0.00699703628197, 0.00783842708915, 0.0101579613984, 0.00625550514087, 0.00442660599947, 0.0027695724275, 0.0030160676688, 0.00454446393996, 0.0131726916879, 0.011716957204, 0.00435941386968, 0.00203261617571, 0.00159825535957, 0.00142876408063, 0.000595225428697, 0.00239498307928, 0.00159858411644, 0.000716457958333, 0.000421371689299, 0.00036162615288, 0.000268224423053, 0.000269332987955, 0.000451433937997, 0.000990742235444, 0.000431948632468, 0.000195408865693, 0.000311705778586, 0.000335966149578, 0.00024804691202, 7.65138684073e-05, 6.04208144068e-05, 4.66357414552e-05, 3.77470350941e-05, 2.49585700658e-05], "dvar2": [6.22955167273e-06, 2.64989685093e-05, 3.41303280038e-06, 2.41554130298e-06, 1.51098765855e-06, 1.10711219747e-07, 9.86624897337e-08, 9.9267779774e-08, 1.32867270963e-07, 6.20997084866e-08, 5.71184131104e-08, 4.28214796955e-08, 3.23854685291e-08, 3.58647085363e-08, 5.59952937351e-08, 5.21028873379e-08, 1.85971309463e-08, 9.27015886276e-09, 4.03959798945e-09, 6.81605660802e-09, 1.32446720258e-09, 3.8542249392e-09, 6.48741993459e-09, 1.09631614897e-09, 6.54129750366e-10, 8.59566917644e-10, 7.21047666019e-10, 4.8081516546e-10, 4.90057161517e-10, 6.43058328809e-10, 2.95487606605e-10, 1.44696851723e-10, 1.67752672864e-10, 9.88158235793e-11, 7.34045324524e-11, 1.38942980385e-11, 4.46782194574e-12, 4.76180076273e-12, 2.66456821885e-12, 1.30526383972e-12], "median": [0.000160035560839, 0.000368026841898, 0.000193818894331, 0.000159612187417, 0.000127220133436, 6.10203242104e-05, 4.86705794174e-05, 4.81069546368e-05, 4.39683790319e-05, 3.96666910092e-05, 3.22341147694e-05, 2.51894762187e-05, 2.07607827178e-05, 1.78362606675e-05, 1.89903694263e-05, 1.906819125e-05, 2.29556990234e-05, 2.52138597716e-05, 1.20027416415e-05, 1.40736538015e-05, 1.41053023981e-05, 1.37070819619e-05, 1.65484689205e-05, 8.62394790602e-06, 8.28895826999e-06, 6.39961263005e-06, 5.20869980392e-06, 5.95706160311e-06, 5.58942610951e-06, 3.60208582606e-06, 3.27005272993e-06, 4.02886962547e-06, 1.84854570762e-06, 1.38615678225e-06, 8.62319609496e-07, 5.89739670431e-07, 3.44118404882e-07, 2.69790405127e-07, 2.4872127824e-07, 1.76824244136e-07], "dmean2": [0.000936515512876, 0.00198870780878, 0.000851043732837, 0.000708479434252, 0.000573852448724, 0.000191835948499, 0.000159408358741, 0.00015734929184, 0.000160702620633, 0.000127231469378, 0.000102244506706, 9.10237722564e-05, 7.77736931923e-05, 6.48082350381e-05, 7.26233483874e-05, 8.5115992988e-05, 5.55131809961e-05, 5.24381830473e-05, 3.10870273097e-05, 4.14964124502e-05, 2.36189334828e-05, 2.9799695767e-05, 4.41977535957e-05, 1.74941942532e-05, 1.48531880768e-05, 1.61963307619e-05, 1.43687057061e-05, 1.17378021969e-05, 1.00292054412e-05, 7.68278096075e-06, 7.3153428275e-06, 6.48067816655e-06, 3.95031793232e-06, 2.70488499154e-06, 1.88852516203e-06, 1.23406027797e-06, 7.22377990314e-07, 6.59877741782e-07, 5.12521182827e-07, 3.92990017417e-07], "dmean": [0.000556764600333, 0.00110597989988, 0.000475947686937, 0.000410787237342, 0.000348779576598, 0.00011544841982, 9.56273797783e-05, 9.72879206529e-05, 9.69061511569e-05, 7.71351260482e-05, 6.41402803012e-05, 5.57729908905e-05, 4.68148464279e-05, 4.1597722884e-05, 4.79232658108e-05, 5.29524295416e-05, 3.45380431099e-05, 3.16002478939e-05, 1.86046945601e-05, 2.46881372732e-05, 1.47744258356e-05, 1.83817555808e-05, 2.59162770817e-05, 1.07354226202e-05, 9.21104856388e-06, 9.73623446043e-06, 8.47435785545e-06, 6.86930616212e-06, 6.2186145442e-06, 4.9455129556e-06, 4.49233311883e-06, 3.90676132156e-06, 2.52559198088e-06, 1.72761508566e-06, 1.20552863336e-06, 7.82590916515e-07, 4.67633157086e-07, 4.26173556889e-07, 3.37008088991e-07, 2.59616427911e-07], "var": [2.01145735446e-06, 6.11027280684e-06, 9.02911438061e-07, 7.03178443473e-07, 5.97004373049e-07, 6.62259722617e-08, 5.32240633788e-08, 7.34106748723e-08, 8.4486941887e-08, 4.287089439e-08, 4.32110880411e-08, 2.48257077118e-08, 1.54567327826e-08, 2.44224906965e-08, 5.06182296078e-08, 5.08205353356e-08, 1.54035380007e-08, 6.91347823434e-09, 2.3661477222e-09, 4.26774837692e-09, 1.16201737121e-09, 4.05679179138e-09, 3.15668979844e-09, 7.56984475103e-10, 5.91965920727e-10, 5.24379206723e-10, 3.5747374505e-10, 2.45888531758e-10, 2.68810806947e-10, 3.17557063978e-10, 1.52627049887e-10, 9.09771633029e-11, 6.62870383583e-11, 4.44741916905e-11, 2.79674287201e-11, 7.54917222484e-12, 3.31685677188e-12, 3.12960074522e-12, 1.82579515742e-12, 1.13908220963e-12], "dvar": [2.46889931077e-06, 9.41513735597e-06, 1.20144250104e-06, 8.98803875771e-07, 6.17366140432e-07, 4.32977920184e-08, 3.78931730438e-08, 4.09655420697e-08, 5.41214255634e-08, 2.50004195124e-08, 2.38162431998e-08, 1.73560117389e-08, 1.26978090265e-08, 1.58961146468e-08, 2.98534814647e-08, 2.39541613212e-08, 8.46825098932e-09, 3.86156617793e-09, 1.63160118749e-09, 2.47055087499e-09, 5.48703527059e-10, 1.84134718584e-09, 2.45101250407e-09, 4.53161397296e-10, 2.72166900128e-10, 3.352358946e-10, 2.69577471457e-10, 1.81819892475e-10, 1.92309321245e-10, 2.62045635191e-10, 1.18966086982e-10, 5.9278582043e-11, 6.60156443399e-11, 4.03903681334e-11, 2.85643782932e-11, 5.66822413658e-12, 1.87426636711e-12, 1.9328046108e-12, 1.10870665947e-12, 5.90880643025e-13], "mean": [0.000525233801454, 0.00100393546745, 0.000496712978929, 0.000421207834734, 0.000378600554541, 0.000157972375746, 0.000127397521283, 0.000141795913805, 0.000132672314066, 0.000111919289338, 9.58600066951e-05, 7.66942321206e-05, 6.14212040091e-05, 5.77323626203e-05, 6.6861139203e-05, 7.55403525545e-05, 5.57876082894e-05, 5.09268356836e-05, 2.79618816421e-05, 3.85753555747e-05, 2.57360989053e-05, 3.03780998365e-05, 3.6109235225e-05, 1.75114837475e-05, 1.65906749316e-05, 1.4494565221e-05, 1.17656163638e-05, 1.0799480151e-05, 1.0723786545e-05, 7.87836324889e-06, 7.1309359555e-06, 7.01415774529e-06, 3.96469613406e-06, 2.94578239846e-06, 2.00982231036e-06, 1.36964831654e-06, 8.75352498042e-07, 7.61364503887e-07, 6.08582013228e-07, 4.50634388471e-07]}, "spectral_entropy": {"min": 5.67234945297, "max": 9.05950450897, "dvar2": 0.0438380725682, "median": 7.89543437958, "dmean2": 0.197918534279, "dmean": 0.128661543131, "var": 0.0850497111678, "dvar": 0.0202376917005, "mean": 7.82697248459}, "spectral_rolloff": {"min": 21.533203125, "max": 14233.4472656, "dvar2": 1569869.375, "median": 2110.25390625, "dmean2": 1106.09423828, "dmean": 669.246337891, "var": 1795544.375, "dvar": 717465.75, "mean": 2114.09936523}, "barkbands": {"min": [7.89563636694e-10, 1.15794318578e-09, 4.68053484859e-10, 6.86700363239e-10, 1.2722557452e-09, 6.18324835777e-10, 5.79245040822e-10, 2.5229884848e-10, 6.83916673294e-11, 1.82636059054e-11, 9.61441343206e-11, 1.68912980825e-10, 8.99488539208e-11, 1.61430348256e-11, 5.88360957177e-11, 3.40113874564e-11, 3.40128307463e-11, 5.0178354527e-11, 3.02129189722e-11, 2.51150645419e-11, 2.87973811464e-11, 1.91079912309e-11, 2.14041614294e-11, 1.63512831747e-11, 1.67715459576e-11, 1.82614721955e-11, 1.77468907625e-11], "max": [0.00754029024392, 0.104154035449, 0.094460837543, 0.030839798972, 0.0761243253946, 0.0206084400415, 0.0318673737347, 0.0384285897017, 0.0316621623933, 0.0193557534367, 0.0212553367019, 0.0583654493093, 0.0954815372825, 0.0378616414964, 0.0193632077426, 0.0145293017849, 0.0259547214955, 0.0189574211836, 0.0086491946131, 0.00622045435011, 0.0292130429298, 0.0103962151334, 0.01259547472, 0.00420089857653, 0.0024377447553, 0.00198624841869, 0.000504853320308], "dvar2": [9.56906944793e-08, 0.000117609793961, 0.000101050602098, 9.61182831816e-06, 6.5553089371e-05, 3.06774381897e-06, 2.59205990005e-06, 3.38745485351e-06, 2.71521275863e-06, 2.3805280307e-06, 2.29990837397e-06, 5.01925069329e-06, 4.82226232634e-06, 1.87779460248e-06, 7.00342695836e-07, 7.58275291446e-07, 1.27794999116e-06, 6.60760179017e-07, 4.02497846608e-07, 4.53299435321e-07, 7.8689873817e-07, 3.04595658918e-07, 1.99263027412e-07, 2.70270312797e-08, 9.05415209473e-09, 2.59295895866e-09, 1.35858838068e-10], "median": [0.000171641237102, 0.000667254324071, 0.000602021580562, 0.000252975471085, 0.000769274309278, 0.000330558163114, 0.000228095363127, 0.000232192396652, 0.000276250182651, 0.000191959334188, 0.000148243590957, 0.000148531238665, 0.000196607550606, 0.00029736320721, 0.000161525356816, 0.000227085867664, 0.000286419905024, 0.000206993601751, 0.000183677431778, 0.000200532376766, 0.000165578530869, 0.000153888846398, 6.15211029071e-05, 2.71910139418e-05, 1.65813253261e-05, 4.8966671784e-06, 1.00086401744e-06], "dmean2": [0.000176285931957, 0.00407203473151, 0.00406867265701, 0.00150981999468, 0.0036124100443, 0.00103446573485, 0.000799809291493, 0.000864990986884, 0.00085482787108, 0.000678346958011, 0.000631504983176, 0.000650191970635, 0.000759602175094, 0.000644028070383, 0.00043803738663, 0.000501864938997, 0.000653712369967, 0.000400387041736, 0.000376912765205, 0.000369118934032, 0.000324460532283, 0.000242605587118, 0.000109378437628, 5.16386207892e-05, 3.54692529072e-05, 1.8254855604e-05, 4.71771454613e-06], "dmean": [0.000136195783853, 0.00237457919866, 0.00224698823877, 0.000851983262692, 0.00214228779078, 0.000622007937636, 0.000482539384393, 0.000524873728864, 0.000515299267136, 0.000422876822995, 0.000377416756237, 0.000424125813879, 0.000474540080177, 0.000393410184188, 0.000261326669715, 0.000304874381982, 0.000390462169889, 0.000246216543019, 0.000230410150834, 0.000219372479478, 0.00021039879357, 0.000149832558236, 7.12150649633e-05, 3.44800828316e-05, 2.4253351512e-05, 1.23667878142e-05, 3.18125898957e-06], "var": [1.35181963401e-07, 3.39502221323e-05, 2.32492584473e-05, 3.01770205624e-06, 2.11484712054e-05, 1.80904658009e-06, 1.47509751969e-06, 2.28156659432e-06, 1.8718407091e-06, 1.69722659393e-06, 1.01999296476e-06, 3.29949216393e-06, 4.16884404331e-06, 1.51059191467e-06, 4.65626868618e-07, 5.59557861379e-07, 9.86649183687e-07, 4.10817818874e-07, 3.22026522781e-07, 2.52782143662e-07, 4.21810938178e-07, 1.69650490989e-07, 8.84636364162e-08, 2.08616359743e-08, 1.07828412865e-08, 2.95701663156e-09, 1.24841276206e-10], "dvar": [5.09519892944e-08, 4.46728408861e-05, 3.56420932803e-05, 3.40213091476e-06, 2.53301695921e-05, 1.19564276702e-06, 1.00507270417e-06, 1.38245218295e-06, 1.08940912469e-06, 1.00936222225e-06, 8.90891726613e-07, 2.26525799008e-06, 2.20284300667e-06, 8.30468707136e-07, 2.91222079341e-07, 2.8260510021e-07, 5.28194163962e-07, 2.66963894546e-07, 1.62635700462e-07, 1.71582655639e-07, 3.22535470332e-07, 1.25675967411e-07, 8.09829501236e-08, 1.14163043463e-08, 4.58194060471e-09, 1.38170597186e-09, 6.98868532489e-11], "mean": [0.000278878898825, 0.00216748355888, 0.00198670942336, 0.000869911396876, 0.0022042656783, 0.000843236455694, 0.000638107769191, 0.000724742654711, 0.000754480424803, 0.000619178870693, 0.000480161688756, 0.000569467374589, 0.000694307498634, 0.000640446611214, 0.000387296662666, 0.000509772449732, 0.000600329542067, 0.000408813211834, 0.000385266233934, 0.000360711448593, 0.000352372240741, 0.000272818753729, 0.000129470499814, 6.85209233779e-05, 4.39585564891e-05, 1.88857520698e-05, 4.52993481304e-06]}, "melbands_flatness_db": {"min": 0.0304912999272, "max": 0.498662829399, "dvar2": 0.00208126031794, "median": 0.137532517314, "dmean2": 0.0472697094083, "dmean": 0.0301261823624, "var": 0.00390271493234, "dvar": 0.000919850193895, "mean": 0.150430083275}, "melbands_skewness": {"min": -2.19442415237, "max": 18.5827903748, "dvar2": 3.05788516998, "median": 1.87413954735, "dmean2": 1.46416115761, "dmean": 0.925127923489, "var": 3.6041162014, "dvar": 1.32377529144, "mean": 2.39865064621}, "barkbands_skewness": {"min": -2.46744394302, "max": 14.8223361969, "dvar2": 1.21847355366, "median": 0.803373277187, "dmean2": 0.966213345528, "dmean": 0.614717423916, "var": 1.59135210514, "dvar": 0.530574202538, "mean": 1.09256875515}, "silence_rate_60dB": {"min": 0, "max": 1, "dvar2": 0.128615990281, "median": 0, "dmean2": 0.120985068381, "dmean": 0.0604892037809, "var": 0.0942779406905, "dvar": 0.0568335354328, "mean": 0.105382032692}, "spectral_energyband_low": {"min": 2.63514188248e-09, "max": 0.222952112556, "dvar2": 0.000435650697909, "median": 0.00196277583018, "dmean2": 0.00839768443257, "dmean": 0.00482369307429, "var": 0.000116107992653, "dvar": 0.000160932599101, "mean": 0.0047827847302}, "spectral_energyband_middle_low": {"min": 4.04452604741e-09, "max": 0.113084755838, "dvar2": 0.000111067551188, "median": 0.00364353321493, "dmean2": 0.00630070036277, "dmean": 0.00386504409835, "var": 5.8280016674e-05, "dvar": 4.46520680271e-05, "mean": 0.00622023781762}, "melbands_kurtosis": {"min": -1.81372618675, "max": 383.254852295, "dvar2": 932.289672852, "median": 3.62375116348, "dmean2": 14.3590526581, "dmean": 8.76701068878, "var": 606.544006348, "dvar": 383.060943604, "mean": 11.8455791473}, "spectral_decrease": {"min": -6.48750102528e-08, "max": -1.89126956419e-15, "dvar2": 3.97080806954e-17, "median": -2.66976929453e-09, "dmean2": 3.76446562811e-09, "dmean": 2.29470065172e-09, "var": 1.80987266919e-17, "dvar": 1.53755356188e-17, "mean": -4.0513503663e-09}, "erbbands_kurtosis": {"min": -1.82787549496, "max": 70.3368835449, "dvar2": 3.81771612167, "median": -0.322102546692, "dmean2": 1.24090707302, "dmean": 0.780433595181, "var": 4.22393703461, "dvar": 1.74007797241, "mean": 0.0854115560651}, "melbands_crest": {"min": 2.82510924339, "max": 39.7837142944, "dvar2": 27.4518795013, "median": 11.663394928, "dmean2": 6.41824245453, "dmean": 3.88302850723, "var": 28.5760936737, "dvar": 11.1304655075, "mean": 12.454120636}, "gfcc": {"cov": [[5856.11572266, -812.139160156, -744.778381348, -383.921020508, -90.4717102051, -44.3679161072, -50.1130256653, -9.72791862488, -201.824813843, -22.0916519165, -229.264221191, 60.6494255066, -111.302886963], [-812.139160156, 979.401611328, 63.7364807129, 133.342407227, 59.2532997131, -24.2125396729, 74.6102676392, -41.0597953796, 63.5852737427, -51.8538665771, 73.5989532471, -92.5352478027, 15.6711931229], [-744.778381348, 63.7364807129, 1065.84716797, 228.109603882, 140.514877319, 131.067230225, 10.7341899872, 74.6827850342, -13.8964538574, 6.73814916611, 7.46275186539, -5.55648517609, -86.5039901733], [-383.921020508, 133.342407227, 228.109603882, 527.429748535, 137.216156006, 75.2699050903, 44.7947540283, -22.7203197479, 25.7849712372, -5.81066894531, -33.7597045898, -6.97743177414, 34.4524803162], [-90.4717102051, 59.2532997131, 140.514877319, 137.216156006, 284.996643066, 117.048812866, 58.9222183228, 29.6964759827, 18.9095745087, 13.6269416809, -15.6682529449, -19.9497127533, -16.2622509003], [-44.3679161072, -24.2125396729, 131.067230225, 75.2699050903, 117.048812866, 193.140823364, 68.1890945435, 41.8570213318, 12.9671163559, 12.3241977692, 2.07627773285, -9.96264457703, -16.5145015717], [-50.1130256653, 74.6102676392, 10.7341899872, 44.7947540283, 58.9222183228, 68.1890945435, 132.077484131, 52.0515403748, 24.5915813446, 4.56284761429, 3.55837368965, -3.76940250397, 0.643671452999], [-9.72791862488, -41.0597953796, 74.6827850342, -22.7203197479, 29.6964759827, 41.8570213318, 52.0515403748, 123.007270813, 45.7918205261, 11.8547172546, 14.6353378296, -6.88708353043, -19.4560565948], [-201.824813843, 63.5852737427, -13.8964538574, 25.7849712372, 18.9095745087, 12.9671163559, 24.5915813446, 45.7918205261, 93.3080368042, 32.9627914429, 22.4681186676, -10.3534755707, 6.47906970978], [-22.0916519165, -51.8538665771, 6.73814916611, -5.81066894531, 13.6269416809, 12.3241977692, 4.56284761429, 11.8547172546, 32.9627914429, 79.0562362671, 20.455411911, 10.2458839417, -2.55612874031], [-229.264221191, 73.5989532471, 7.46275186539, -33.7597045898, -15.6682529449, 2.07627773285, 3.55837368965, 14.6353378296, 22.4681186676, 20.455411911, 89.5908355713, 7.74848079681, -3.30132365227], [60.6494255066, -92.5352478027, -5.55648517609, -6.97743177414, -19.9497127533, -9.96264457703, -3.76940250397, -6.88708353043, -10.3534755707, 10.2458839417, 7.74848079681, 74.940246582, 29.7513504028], [-111.302886963, 15.6711931229, -86.5039901733, 34.4524803162, -16.2622509003, -16.5145015717, 0.643671452999, -19.4560565948, 6.47906970978, -2.55612874031, -3.30132365227, 29.7513504028, 80.5986480713]], "icov": [[0.000274776102742, 3.17979793181e-05, 0.000275680387858, 2.52341415035e-05, 2.38532288677e-06, -9.013088129e-05, 9.74766298896e-05, -0.000326683424646, 0.000561228080187, -0.000198227193323, 0.00068401126191, -0.0004408020759, 0.000700066506397], [3.17979793181e-05, 0.00202215928584, -0.000378864147933, -4.25045363954e-05, -0.00044620942208, 0.00107449293137, -0.00189710711129, 0.00218957196921, -0.00180691562127, 0.00201040552929, -0.00221756403334, 0.0026389749255, -0.000919834303204], [0.000275680387858, -0.000378864147933, 0.00175941560883, -0.000741094991099, -7.7438322478e-05, -0.000826680741739, 0.00126598926727, -0.00193361123092, 0.00176431494765, -0.000673633185215, 0.00080201367382, -0.00159631879069, 0.00245650229044], [2.52341415035e-05, -4.25045363954e-05, -0.000741094991099, 0.00292156054638, -0.000870022748131, -0.000281198153971, -0.000801292713732, 0.0017730143154, -0.00156120990869, 0.000519465771504, 0.00104342179839, 0.000286409602268, -0.00172089843545], [2.38532288677e-06, -0.00044620942208, -7.7438322478e-05, -0.000870022748131, 0.00542743317783, -0.00259001064114, -0.000350886170054, -0.000543072645087, 0.000214706567931, -0.00122623809148, 0.00140512746293, 0.000142058735946, 0.000763908785302], [-9.013088129e-05, 0.00107449293137, -0.000826680741739, -0.000281198153971, -0.00259001064114, 0.0089197140187, -0.00393658131361, 0.000382050668122, -0.00022917878232, 0.000277325714706, -0.0019068402471, 0.00194868259132, -0.000441925833002], [9.74766298896e-05, -0.00189710711129, 0.00126598926727, -0.000801292713732, -0.000350886170054, -0.00393658131361, 0.0131840957329, -0.00659323297441, 0.0019168619765, -0.00142256927211, 0.0021066442132, -0.0029628300108, 0.000611235329416], [-0.000326683424646, 0.00218957196921, -0.00193361123092, 0.0017730143154, -0.000543072645087, 0.000382050668122, -0.00659323297441, 0.0170153863728, -0.0100443139672, 0.00419042631984, -0.00305317342281, 0.0023355029989, 0.000371908623492], [0.000561228080187, -0.00180691562127, 0.00176431494765, -0.00156120990869, 0.000214706567931, -0.00022917878232, 0.0019168619765, -0.0100443139672, 0.0216658711433, -0.00920955184847, 0.000312800810207, 0.00120538880583, -0.00122215261217], [-0.000198227193323, 0.00201040552929, -0.000673633185215, 0.000519465771504, -0.00122623809148, 0.000277325714706, -0.00142256927211, 0.00419042631984, -0.00920955184847, 0.0188206396997, -0.00463023409247, -0.000994194531813, 0.000737181399018], [0.00068401126191, -0.00221756403334, 0.00080201367382, 0.00104342179839, 0.00140512746293, -0.0019068402471, 0.0021066442132, -0.00305317342281, 0.000312800810207, -0.00463023409247, 0.0173719953746, -0.00573243852705, 0.00358505710028], [-0.0004408020759, 0.0026389749255, -0.00159631879069, 0.000286409602268, 0.000142058735946, 0.00194868259132, -0.0029628300108, 0.0023355029989, 0.00120538880583, -0.000994194531813, -0.00573243852705, 0.0223098769784, -0.0105406250805], [0.000700066506397, -0.000919834303204, 0.00245650229044, -0.00172089843545, 0.000763908785302, -0.000441925833002, 0.000611235329416, 0.000371908623492, -0.00122215261217, 0.000737181399018, 0.00358505710028, -0.0105406250805, 0.0212326627225]], "mean": [-8.64308834076, 71.6568832397, -128.326278687, 41.4091186523, -57.7161712646, 9.93689918518, -33.6835250854, 2.6487390995, -21.0398178101, 2.07728981972, -17.34923172, -0.746485650539, -10.5711240768]}, "melbands_spread": {"min": 1.06162941456, "max": 262.626190186, "dvar2": 361.771270752, "median": 34.2643547058, "dmean2": 18.1705608368, "dmean": 11.2885103226, "var": 460.547790527, "dvar": 161.410751343, "mean": 36.2969856262}, "spectral_energy": {"min": 7.48969597453e-09, "max": 0.250236093998, "dvar2": 0.000604599073995, "median": 0.0113063110039, "dmean2": 0.0150410514325, "dmean": 0.0092457588762, "var": 0.000303041946609, "dvar": 0.000236347041209, "mean": 0.0170141104609}, "mfcc": {"cov": [[6188.61816406, -539.371643066, -1040.51818848, -368.237121582, -367.877502441, -96.0458450317, -121.903190613, -35.2374267578, -43.7198104858, -99.2790222168, -100.507110596, -145.331161499, -160.696884155], [-539.371643066, 700.77166748, 69.3907928467, 6.18661832809, 22.529920578, -22.9481658936, 34.7970428467, -4.58205890656, -28.4367542267, 28.6128177643, 27.9549427032, 30.2796115875, 5.46785783768], [-1040.51818848, 69.3907928467, 827.02734375, 166.408599854, 187.219665527, 42.4090995789, 82.155921936, 44.7577095032, -6.03083705902, 22.4984722137, 0.846020698547, 48.3146247864, 8.31777095795], [-368.237121582, 6.18661832809, 166.408599854, 399.969299316, 108.667274475, 125.164871216, 17.4991970062, 20.5889339447, 58.9109458923, -26.7119464874, 12.367307663, -28.0308513641, 12.6293439865], [-367.877502441, 22.529920578, 187.219665527, 108.667274475, 244.95741272, 88.0538253784, 69.0439376831, 36.5758857727, 25.620098114, 45.8815956116, 7.62303304672, 17.3044567108, 5.41002941132], [-96.0458450317, -22.9481658936, 42.4090995789, 125.164871216, 88.0538253784, 190.031585693, 63.0717201233, 24.5213260651, 49.709651947, -9.65955924988, 10.9493207932, -9.59375572205, 8.79012012482], [-121.903190613, 34.7970428467, 82.155921936, 17.4991970062, 69.0439376831, 63.0717201233, 131.444778442, 61.3110198975, 20.460062027, 32.8189353943, 8.76159286499, 14.7179203033, 2.71684336662], [-35.2374267578, -4.58205890656, 44.7577095032, 20.5889339447, 36.5758857727, 24.5213260651, 61.3110198975, 101.800743103, 42.0713539124, 23.8056335449, 5.56646871567, 9.44585132599, 2.13527607918], [-43.7198104858, -28.4367542267, -6.03083705902, 58.9109458923, 25.620098114, 49.709651947, 20.460062027, 42.0713539124, 98.7600784302, 29.2660312653, 9.71694946289, -9.11796474457, 8.26782512665], [-99.2790222168, 28.6128177643, 22.4984722137, -26.7119464874, 45.8815956116, -9.65955924988, 32.8189353943, 23.8056335449, 29.2660312653, 111.761268616, 34.5998954773, 15.546377182, 1.98770105839], [-100.507110596, 27.9549427032, 0.846020698547, 12.367307663, 7.62303304672, 10.9493207932, 8.76159286499, 5.56646871567, 9.71694946289, 34.5998954773, 76.7596435547, 33.6225471497, 10.0155487061], [-145.331161499, 30.2796115875, 48.3146247864, -28.0308513641, 17.3044567108, -9.59375572205, 14.7179203033, 9.44585132599, -9.11796474457, 15.546377182, 33.6225471497, 89.2705764771, 26.2689609528], [-160.696884155, 5.46785783768, 8.31777095795, 12.6293439865, 5.41002941132, 8.79012012482, 2.71684336662, 2.13527607918, 8.26782512665, 1.98770105839, 10.0155487061, 26.2689609528, 68.5450592041]], "icov": [[0.000244666094659, 0.000147796730744, 0.000254542159382, 7.31791806174e-05, 0.000140872580232, -7.22551267245e-05, 5.35072899766e-07, -0.000146092526847, 0.000126146915136, 1.74430260813e-05, 0.000163218952366, 2.32895927184e-05, 0.000471614825074], [0.000147796730744, 0.00162211654242, 0.000115637732961, -0.00015812276979, 8.7421212811e-05, 0.000336882250849, -0.000656209944282, 0.000254221231444, 0.000528801814653, -0.000242807684117, -0.000278624182101, -0.00019638298545, 0.00025941838976], [0.000254542159382, 0.000115637732961, 0.00194701971486, -0.000680604833178, -0.000795431551524, 0.000472858460853, -0.00064187933458, -0.000314349774271, 0.000695370545145, -2.5512305001e-05, 0.000738222443033, -0.000953346723691, 0.000688390107825], [7.31791806174e-05, -0.00015812276979, -0.000680604833178, 0.00429716706276, -0.00126574852038, -0.00159518257715, 0.00115265813656, -0.00023551020422, -0.00182168604806, 0.00213511404581, -0.00187684094999, 0.00213842163794, -0.000646337866783], [0.000140872580232, 8.7421212811e-05, -0.000795431551524, -0.00126574852038, 0.00734878471121, -0.002797099296, -0.000748364138417, -0.000524989736732, 0.00138006918132, -0.00383732188493, 0.00231460016221, -0.00157883821521, 0.000689403095748], [-7.22551267245e-05, 0.000336882250849, 0.000472858460853, -0.00159518257715, -0.002797099296, 0.0105791147798, -0.00543842231855, 0.00270045525394, -0.0044054700993, 0.00425107078627, -0.0026082075201, 0.00129036745057, -0.000669495027978], [5.35072899766e-07, -0.000656209944282, -0.00064187933458, 0.00115265813656, -0.000748364138417, -0.00543842231855, 0.0151328621432, -0.00799685157835, 0.00309759844095, -0.00341730983928, 0.00121979054529, -0.000750290811993, 0.000159680916113], [-0.000146092526847, 0.000254221231444, -0.000314349774271, -0.00023551020422, -0.000524989736732, 0.00270045525394, -0.00799685157835, 0.0172089524567, -0.00726204691455, 0.00100090506021, 0.000126893166453, -0.00147540983744, 0.000588576251175], [0.000126146915136, 0.000528801814653, 0.000695370545145, -0.00182168604806, 0.00138006918132, -0.0044054700993, 0.00309759844095, -0.00726204691455, 0.0177588090301, -0.00603379774839, 0.000907845445909, 0.00160251348279, -0.00164957647212], [1.74430260813e-05, -0.000242807684117, -2.5512305001e-05, 0.00213511404581, -0.00383732188493, 0.00425107078627, -0.00341730983928, 0.00100090506021, -0.00603379774839, 0.0158740598708, -0.0073360837996, 0.00177978898864, 0.000189257654711], [0.000163218952366, -0.000278624182101, 0.000738222443033, -0.00187684094999, 0.00231460016221, -0.0026082075201, 0.00121979054529, 0.000126893166453, 0.000907845445909, -0.0073360837996, 0.020250339061, -0.00812908541411, 0.00102027831599], [2.32895927184e-05, -0.00019638298545, -0.000953346723691, 0.00213842163794, -0.00157883821521, 0.00129036745057, -0.000750290811993, -0.00147540983744, 0.00160251348279, 0.00177978898864, -0.00812908541411, 0.0179292596877, -0.00610146997496], [0.000471614825074, 0.00025941838976, 0.000688390107825, -0.000646337866783, 0.000689403095748, -0.000669495027978, 0.000159680916113, 0.000588576251175, -0.00164957647212, 0.000189257654711, 0.00102027831599, -0.00610146997496, 0.0180989410728]], "mean": [-645.182800293, 98.0557098389, -9.53684520721, 29.693025589, -1.68421912193, 9.98385334015, -3.08676481247, 1.79451394081, 0.606752574444, -0.872026741505, 1.18991553783, -0.524430274963, -3.42321825027]}, "spectral_contrast_valleys": {"min": [-14.0588340759, -14.529337883, -15.0089435577, -16.273897171, -16.4145069122, -17.6421947479], "max": [-5.27699804306, -4.65241956711, -5.01333236694, -5.34258890152, -5.16869497299, -7.59208059311], "dvar2": [0.508533537388, 0.410181820393, 0.391165941954, 0.384383738041, 0.369175851345, 0.324524194002], "median": [-7.50794839859, -6.76862239838, -7.22349214554, -7.36873912811, -7.14015722275, -10.081738472], "dmean2": [0.820008039474, 0.729648888111, 0.651050388813, 0.609677195549, 0.533425569534, 0.471693783998], "dmean": [0.513929247856, 0.461547464132, 0.427056372166, 0.405725359917, 0.363641083241, 0.345187842846], "var": [0.993157207966, 0.717554867268, 0.933827459812, 1.00756919384, 0.855225086212, 0.805444896221], "dvar": [0.224987983704, 0.186585977674, 0.187791272998, 0.183106124401, 0.171912491322, 0.165020808578], "mean": [-7.68233537674, -6.8062005043, -7.34847974777, -7.54455518723, -7.30312299728, -10.1880054474]}, "barkbands_flatness_db": {"min": 0.0136498771608, "max": 0.490390688181, "dvar2": 0.00123405351769, "median": 0.0847960039973, "dmean2": 0.0349682085216, "dmean": 0.0220233593136, "var": 0.00220470852219, "dvar": 0.000525220239069, "mean": 0.0961722433567}, "dynamic_complexity": 3.46427512169, "erbbands_flatness_db": {"min": 0.0376908220351, "max": 0.367932200432, "dvar2": 0.000566354254261, "median": 0.134676232934, "dmean2": 0.0249525979161, "dmean": 0.0166115015745, "var": 0.00155922223348, "dvar": 0.000269425974693, "m