{"lowlevel": {"spectral_complexity": {"min": 0, "max": 66, "dvar2": 84.8920211792, "median": 17, "dmean2": 8.07135009766, "dmean": 5.69605255127, "var": 187.526473999, "dvar": 48.1763763428, "mean": 19.1073760986}, "silence_rate_20dB": {"min": 1, "max": 1, "dvar2": 0, "median": 1, "dmean2": 0, "dmean": 0, "var": 0, "dvar": 0, "mean": 1}, "average_loudness": 0.942992210388, "erbbands_spread": {"min": 3.53854870796, "max": 160.687530518, "dvar2": 371.366210938, "median": 39.5467910767, "dmean2": 18.4637565613, "dmean": 11.9768161774, "var": 574.545654297, "dvar": 159.77557373, "mean": 44.8693771362}, "spectral_kurtosis": {"min": -0.719612360001, "max": 15.9094429016, "dvar2": 2.0020673275, "median": 2.39410352707, "dmean2": 1.43818020821, "dmean": 0.903412878513, "var": 2.272793293, "dvar": 0.786826550961, "mean": 2.62621712685}, "barkbands_kurtosis": {"min": -1.94539916515, "max": 374.974334717, "dvar2": 236.849990845, "median": -0.0152409076691, "dmean2": 6.79830121994, "dmean": 4.19713449478, "var": 176.536407471, "dvar": 101.285919189, "mean": 4.28826856613}, "spectral_strongpeak": {"min": 0, "max": 14.530002594, "dvar2": 3.07861876488, "median": 0.271311819553, "dmean2": 0.890905439854, "dmean": 0.509533822536, "var": 1.47084569931, "dvar": 1.18166029453, "mean": 0.670172393322}, "spectral_spread": {"min": 1691526.625, "max": 28106420, "dvar2": 951315070976, "median": 4681589, "dmean2": 880498.125, "dmean": 595775.375, "var": 1505694318590.0, "dvar": 448266305536, "mean": 4839545}, "spectral_rms": {"min": 1.07112107628e-07, "max": 0.0137844793499, "dvar2": 2.73818022833e-06, "median": 0.00454379478469, "dmean2": 0.00151133863255, "dmean": 0.00097710872069, "var": 3.43244801115e-06, "dvar": 1.14197382572e-06, "mean": 0.00443192198873}, "erbbands": {"min": [4.77847171554e-11, 2.62573435217e-10, 8.71011762715e-10, 2.06045580597e-09, 4.00149424706e-09, 6.7384435809e-09, 1.01463406565e-08, 1.38822846552e-08, 1.73510255053e-08, 1.97446201611e-08, 2.01998631155e-08, 1.80992749677e-08, 1.35128930268e-08, 7.59995888444e-09, 2.59572119354e-09, 8.88713935776e-10, 3.14682324642e-09, 6.789926843e-09, 7.47395922929e-09, 4.39981828748e-09, 3.083475697e-09, 6.76010225575e-09, 7.63204788257e-09, 2.75604428168e-09, 3.31849459023e-09, 3.94179666685e-09, 1.01578878642e-09, 1.72709602175e-09, 1.15657139421e-09, 8.80177264406e-10, 1.10145093046e-09, 9.05786001759e-10, 5.21463427994e-10, 3.10010100923e-10, 1.88053572714e-10, 1.04632198739e-10, 7.81135087169e-11, 2.73966804104e-11, 6.55843044803e-12, 4.5201413142e-13], "max": [5.145403862, 41.9612960815, 55.3571548462, 144.307815552, 60.8547897339, 104.254173279, 195.068527222, 380.366027832, 526.690185547, 1058.42834473, 1514.52636719, 902.107849121, 1197.16784668, 1134.71899414, 1511.73156738, 1067.7265625, 2766.67895508, 1940.41296387, 1696.09521484, 1119.69970703, 906.030212402, 486.52355957, 761.33996582, 825.49005127, 668.13861084, 749.130065918, 983.960266113, 559.580627441, 409.514801025, 255.915771484, 272.313018799, 111.464355469, 223.468994141, 125.050193787, 42.6692619324, 7.09749603271, 3.56019854546, 1.21261334419, 0.122504673898, 0.00444766134024], "dvar2": [0.194039747119, 13.9075603485, 88.3273925781, 177.900360107, 47.064655304, 102.432388306, 124.636039734, 349.484130859, 382.523101807, 1750.08117676, 4042.57592773, 3605.80664062, 3944.04443359, 2456.93652344, 3381.69360352, 2825.37255859, 4986.11572266, 5871.68017578, 6425.62548828, 5009.69433594, 3654.94018555, 1401.27441406, 2045.49768066, 1924.69506836, 1232.75561523, 2948.34350586, 3195.97021484, 3675.53149414, 1787.05895996, 292.414367676, 120.751434326, 33.2047805786, 33.6389656067, 9.75553607941, 2.74537658691, 1.34513318539, 0.0885397791862, 0.00530559848994, 0.000191711791558, 3.78034229698e-07], "median": [0.141489163041, 0.92440456152, 1.38883531094, 1.23268330097, 0.976648390293, 0.976339399815, 1.42895662785, 1.19511723518, 1.0793172121, 1.79638159275, 2.38071632385, 2.88981127739, 2.61055994034, 3.2744114399, 3.73780059814, 4.77268791199, 7.53413152695, 7.81622505188, 13.1857662201, 13.0342388153, 9.36254882812, 8.83387184143, 10.8921442032, 11.6146678925, 11.8678188324, 13.393872261, 13.3362407684, 10.786192894, 8.91927146912, 7.54888963699, 3.19879579544, 1.07594192028, 0.656717658043, 0.318566650152, 0.162690013647, 0.078230291605, 0.0191627386957, 0.00447764853016, 0.000680926663335, 6.55701369396e-05], "dmean2": [0.288335591555, 1.99680221081, 4.78953361511, 5.65602874756, 3.44478368759, 4.56665039062, 5.16872119904, 6.93847560883, 6.30828046799, 14.570230484, 19.6598472595, 20.2043571472, 19.6596717834, 15.3868570328, 18.6153850555, 20.5020866394, 25.7768516541, 29.4119911194, 36.5002403259, 33.2821578979, 26.6976852417, 20.0613193512, 22.2189941406, 23.4467334747, 20.5604515076, 30.1243228912, 29.0486373901, 30.5357532501, 20.8427696228, 11.8354825974, 5.54832410812, 2.74243879318, 1.97852110863, 1.04655075073, 0.705548465252, 0.609371364117, 0.142176091671, 0.0363097712398, 0.00727534806356, 0.000321287079714], "dmean": [0.181645229459, 1.17532646656, 2.7724468708, 3.19461011887, 2.02111911774, 2.68728160858, 3.17092490196, 4.29651737213, 3.91039872169, 9.14111804962, 12.1403923035, 12.6678581238, 12.6287927628, 9.93463993073, 11.9938211441, 13.3547620773, 16.3633594513, 18.4818458557, 22.4112567902, 21.0241222382, 17.1780910492, 12.7927494049, 13.979642868, 15.155828476, 13.4106025696, 18.9352798462, 18.7949085236, 19.8232555389, 14.3030796051, 7.87155866623, 3.87152671814, 1.90124893188, 1.36342775822, 0.718016147614, 0.448308587074, 0.3580943048, 0.0848241820931, 0.0216976627707, 0.00420800643042, 0.000191425904632], "var": [0.211372941732, 5.46212291718, 28.7358970642, 50.2558670044, 15.3900537491, 38.9365119934, 69.0544204712, 185.091323853, 198.927398682, 967.663818359, 1967.19335938, 2227.80957031, 2895.56665039, 1775.10644531, 2367.30273438, 2529.71630859, 4015.83764648, 3720.64648438, 4067.20654297, 3952.66845703, 2921.76342773, 1165.63330078, 1507.24841309, 1643.98730469, 1361.37316895, 2843.03662109, 2174.83691406, 2508.93505859, 1348.45898438, 268.716278076, 108.179092407, 34.8901252747, 32.7374076843, 10.0135717392, 1.51662731171, 0.427723765373, 0.0345094688237, 0.00218218099326, 5.61219312658e-05, 1.20483335309e-07], "dvar": [0.0832334458828, 5.06807851791, 32.0844955444, 62.9214401245, 17.7559280396, 38.5616226196, 49.6334075928, 144.277282715, 155.979141235, 735.16418457, 1578.26037598, 1500.05749512, 1655.71740723, 1023.5435791, 1498.94274902, 1292.50048828, 2172.29418945, 2379.64355469, 2547.56665039, 2084.29858398, 1578.75915527, 581.78338623, 840.71673584, 799.53326416, 550.58972168, 1194.21240234, 1377.70288086, 1635.89440918, 847.439758301, 142.520874023, 57.1771965027, 16.7294521332, 15.9164505005, 4.90869951248, 1.09875786304, 0.502989768982, 0.0345019809902, 0.00213214848191, 7.22125769244e-05, 1.45233869375e-07], "mean": [0.320178717375, 1.6482783556, 3.3003757, 3.4426214695, 2.20984768867, 2.97456502914, 4.08187484741, 5.19845342636, 4.84143304825, 10.8067893982, 14.9553022385, 16.8932342529, 17.3041038513, 14.6686038971, 16.4587478638, 19.3274879456, 24.0519371033, 26.8036632538, 32.790473938, 33.7392158508, 27.1181488037, 21.358215332, 23.3335285187, 26.4231319427, 25.2846698761, 33.7747421265, 30.8090648651, 30.1800060272, 21.531703949, 12.5471754074, 6.13482952118, 3.004758358, 2.08427858353, 1.07599008083, 0.544666826725, 0.32503682375, 0.0833634436131, 0.0204693004489, 0.0035149930045, 0.000194020132767]}, "zerocrossingrate": {"min": 0.00048828125, "max": 0.36181640625, "dvar2": 0.000346621294739, "median": 0.08251953125, "dmean2": 0.0196468327194, "dmean": 0.0168315321207, "var": 0.00243910471909, "dvar": 0.000260989821982, "mean": 0.0912473499775}, "spectral_contrast_coeffs": {"min": [-0.994793117046, -0.97329968214, -0.943674564362, -0.984813511372, -0.949298381805, -0.928068816662], "max": [-0.272886127234, -0.386253595352, -0.440811634064, -0.507797718048, -0.592576682568, -0.571701169014], "dvar2": [0.0065230326727, 0.00474545871839, 0.00317138223909, 0.00205823802389, 0.000920270977076, 0.000797810498625], "median": [-0.70053768158, -0.777612030506, -0.792733132839, -0.777995944023, -0.80162525177, -0.69819444418], "dmean2": [0.0984899550676, 0.0863871499896, 0.0691880360246, 0.0570480190217, 0.037190541625, 0.0332278758287], "dmean": [0.0593506619334, 0.0531816147268, 0.0442930869758, 0.036138497293, 0.02374359034, 0.021274862811], "var": [0.00661064963788, 0.00665247114375, 0.00655496027321, 0.0037707106676, 0.00204272707924, 0.00154909398407], "dvar": [0.00249768234789, 0.00193229236174, 0.0014086519368, 0.000872992328368, 0.000410707463743, 0.000353135284968], "mean": [-0.693068921566, -0.762809813023, -0.777698874474, -0.771325290203, -0.793463230133, -0.703597486019]}, "dissonance": {"min": 0, "max": 0.500000119209, "dvar2": 0.000469281309051, "median": 0.487412810326, "dmean2": 0.0194610971957, "dmean": 0.0115410443395, "var": 0.000327633286361, "dvar": 0.000187221899978, "mean": 0.481873512268}, "spectral_energyband_high": {"min": 2.63856861707e-13, "max": 0.0351603403687, "dvar2": 1.18615871543e-05, "median": 0.0011414779583, "dmean2": 0.00179961684626, "dmean": 0.00125937059056, "var": 9.68585482042e-06, "dvar": 5.45729108126e-06, "mean": 0.0022313373629}, "spectral_skewness": {"min": -0.139950335026, "max": 2.83715057373, "dvar2": 0.0694863274693, "median": 0.958533883095, "dmean2": 0.282229661942, "dmean": 0.183091714978, "var": 0.101908445358, "dvar": 0.0290871672332, "mean": 0.975044310093}, "spectral_flux": {"min": 0.000141172888107, "max": 0.353086262941, "dvar2": 0.00217295391485, "median": 0.0828423053026, "dmean2": 0.0431220196187, "dmean": 0.0272477846593, "var": 0.00205085496418, "dvar": 0.000978781376034, "mean": 0.0889469310641}, "silence_rate_30dB": {"min": 0, "max": 1, "dvar2": 0.00116895698011, "median": 1, "dmean2": 0.000877257087268, "dmean": 0.000438596500317, "var": 0.000292292999802, "dvar": 0.000438407383626, "mean": 0.999707639217}, "spectral_energyband_middle_high": {"min": 1.11123610314e-12, "max": 0.0588452219963, "dvar2": 1.87041896424e-05, "median": 0.00303741707467, "dmean2": 0.00301564997062, "dmean": 0.00205754162744, "var": 3.46064698533e-05, "dvar": 8.86948055268e-06, "mean": 0.00517751090229}, "barkbands_spread": {"min": 0.5953977108, "max": 119.788803101, "dvar2": 260.866882324, "median": 36.015422821, "dmean2": 16.4003219604, "dmean": 10.2928915024, "var": 347.646636963, "dvar": 113.229705811, "mean": 36.664390564}, "spectral_centroid": {"min": 222.776397705, "max": 5210.54785156, "dvar2": 341883.9375, "median": 2406.69799805, "dmean2": 601.97442627, "dmean": 383.820983887, "var": 620318.9375, "dvar": 151074.546875, "mean": 2386.53295898}, "pitch_salience": {"min": 0.0460720397532, "max": 0.919173717499, "dvar2": 0.0160219632089, "median": 0.492811053991, "dmean2": 0.144200786948, "dmean": 0.0892646089196, "var": 0.0217009149492, "dvar": 0.00656655058265, "mean": 0.495053887367}, "erbbands_skewness": {"min": -4.95690536499, "max": 2.96325683594, "dvar2": 0.339658439159, "median": -0.565042495728, "dmean2": 0.634007573128, "dmean": 0.411810308695, "var": 0.644785940647, "dvar": 0.149119153619, "mean": -0.530838549137}, "erbbands_crest": {"min": 2.54211783409, "max": 31.5559501648, "dvar2": 17.795715332, "median": 7.18283081055, "dmean2": 4.48810195923, "dmean": 2.73126244545, "var": 15.8499259949, "dvar": 7.25763607025, "mean": 8.31015968323}, "melbands": {"min": [4.33506637705e-13, 4.25236397743e-13, 4.09076310152e-13, 3.85479869596e-13, 3.52285149836e-13, 3.12877192687e-13, 2.65818318962e-13, 2.13914809802e-13, 1.61322330819e-13, 1.10090098658e-13, 6.57014996878e-14, 3.20205931811e-14, 1.08342434213e-14, 2.32398269804e-15, 3.44645043095e-15, 8.92798815021e-15, 1.3120901189e-14, 1.26245364938e-14, 8.15331129841e-15, 3.86656013807e-15, 3.52297562257e-15, 6.53123558112e-15, 8.22130093902e-15, 5.57230704043e-15, 1.77137914441e-15, 1.61500479212e-15, 3.42646722966e-15, 2.40487307395e-15, 4.55324307802e-16, 9.40039705962e-16, 9.52502736989e-16, 5.20686981605e-16, 8.16240229127e-16, 3.34287773032e-16, 7.4903684685e-16, 3.19303363148e-16, 7.01051530416e-16, 3.10100614874e-16, 3.80778473361e-16, 2.53019805713e-16], "max": [0.0409220568836, 0.0371316038072, 0.0214866865426, 0.00652917660773, 0.00537943234667, 0.00741311023012, 0.0077438633889, 0.01138507016, 0.0146187692881, 0.00557055138052, 0.00636798283085, 0.00476624676958, 0.00534527469426, 0.00244824169204, 0.00287276669405, 0.00480406358838, 0.00444991653785, 0.0029649049975, 0.00194805208594, 0.00102394982241, 0.00134012952913, 0.000715083500836, 0.000925883068703, 0.00112930801697, 0.000811491278, 0.000863640976604, 0.000308999966364, 0.00051340990467, 0.000467001111247, 0.000586020818446, 0.000387842708733, 0.000277057581116, 0.000174675646122, 0.000151701839059, 0.00019076053286, 6.99005249771e-05, 8.92432071851e-05, 0.000112801542855, 0.000228595657973, 7.46853402234e-05], "dvar2": [1.63878357853e-05, 2.08281398955e-05, 4.23178835263e-06, 3.47612143514e-07, 1.30266954557e-07, 1.5488774352e-07, 9.96617686155e-08, 2.25055487135e-07, 2.81356534515e-07, 1.40250705272e-07, 1.0037835807e-07, 4.47656596236e-08, 4.67392169412e-08, 2.0929325828e-08, 2.13412985062e-08, 2.58045727008e-08, 2.7132955438e-08, 2.38814426012e-08, 1.18677778715e-08, 6.4924239318e-09, 6.97591406862e-09, 2.05128425357e-09, 2.46218045952e-09, 2.36038122381e-09, 1.6419087201e-09, 1.14643461391e-09, 7.02111035977e-10, 1.68581670845e-09, 1.28079225004e-09, 1.42951173121e-09, 1.40637335111e-09, 8.28106472284e-10, 1.77826281478e-10, 8.36640270951e-11, 5.67247256111e-11, 2.22374688108e-11, 1.18158729329e-11, 1.68824572377e-11, 2.07081088388e-11, 5.52221289529e-12], "median": [0.00141634652391, 0.00104603497311, 0.000227459458984, 6.81440797052e-05, 5.3477979236e-05, 2.7169182431e-05, 1.63604636327e-05, 1.86757570191e-05, 1.89305828826e-05, 1.58593175001e-05, 1.08545027615e-05, 1.14787353596e-05, 1.11593253678e-05, 9.29060024646e-06, 1.51934646055e-05, 1.36674570967e-05, 1.23021363834e-05, 1.78627396963e-05, 1.87712357729e-05, 1.26631093735e-05, 9.10289145395e-06, 7.8213370216e-06, 8.87993519427e-06, 8.85642384674e-06, 8.42359804665e-06, 7.98150722403e-06, 7.92806076788e-06, 8.46998773341e-06, 7.54402390157e-06, 6.83077132635e-06, 5.67391998629e-06, 4.82294399262e-06, 4.59201555714e-06, 3.88371972804e-06, 1.96778341888e-06, 9.06772129383e-07, 5.00002784065e-07, 4.81891902382e-07, 3.38629206453e-07, 2.35938571791e-07], "dmean2": [0.00248151645064, 0.00242940452881, 0.000892712385394, 0.000278581195744, 0.000180688206456, 0.000150653955643, 0.000104266924609, 0.000165415345691, 0.000161529082106, 0.000126372426166, 9.88046522252e-05, 6.35132309981e-05, 6.86246639816e-05, 5.32039375685e-05, 6.09872804489e-05, 5.53891077288e-05, 5.98506740062e-05, 6.55097028357e-05, 5.02933216922e-05, 3.99874734285e-05, 3.47052118741e-05, 2.21840782615e-05, 2.39639866777e-05, 2.14750052692e-05, 2.06397035072e-05, 1.81521882041e-05, 1.59223291121e-05, 2.21413665713e-05, 1.89273359865e-05, 1.95172906388e-05, 1.89633119589e-05, 1.39649273478e-05, 8.80998595676e-06, 6.1100217863e-06, 3.66596395907e-06, 2.37225026467e-06, 1.53746225351e-06, 1.52166865064e-06, 1.21779942219e-06, 8.16584986296e-07], "dmean": [0.00151788652875, 0.00142401852645, 0.000507785065565, 0.000164732336998, 0.000110601060442, 9.36764990911e-05, 6.46902553854e-05, 0.000103696198494, 9.98554896796e-05, 7.90726553532e-05, 6.33468953311e-05, 4.08111700381e-05, 4.35451584053e-05, 3.43228748534e-05, 3.91496178054e-05, 3.50059926859e-05, 3.72819376935e-05, 3.98017546104e-05, 3.13620912493e-05, 2.49748572969e-05, 2.21462778427e-05, 1.40326083056e-05, 1.4835044567e-05, 1.33950106829e-05, 1.32118475449e-05, 1.16919281936e-05, 1.01400428321e-05, 1.37157330755e-05, 1.19676669783e-05, 1.23561985674e-05, 1.21586572277e-05, 9.38744051382e-06, 5.83195469517e-06, 4.01451507059e-06, 2.50035418503e-06, 1.59289459134e-06, 1.04312107396e-06, 1.01652801732e-06, 8.30202168345e-07, 5.49766468794e-07], "var": [1.19604428619e-05, 7.32346870791e-06, 1.22398034819e-06, 1.22478766684e-07, 7.44704351519e-08, 8.33750206652e-08, 5.32449995205e-08, 1.2405986638e-07, 1.34411024533e-07, 8.59071320747e-08, 7.45931956203e-08, 3.21370698941e-08, 3.1433852854e-08, 1.65476876646e-08, 1.68435825287e-08, 1.71014598038e-08, 1.60840478713e-08, 1.37160869329e-08, 8.94190765877e-09, 4.67312188945e-09, 5.25282484176e-09, 1.52479950888e-09, 1.59187285576e-09, 1.8097185972e-09, 1.24532206769e-09, 1.10688325172e-09, 7.06729119671e-10, 1.3411934896e-09, 8.08489442061e-10, 9.59616164309e-10, 8.95097995723e-10, 5.57658974554e-10, 1.69738112454e-10, 6.61598623108e-11, 4.47050001184e-11, 1.97358518417e-11, 1.13834688203e-11, 1.54070090019e-11, 1.80492253088e-11, 4.97317985404e-12], "dvar": [6.41626638753e-06, 7.57672160034e-06, 1.50986727476e-06, 1.31031455908e-07, 5.20812122318e-08, 6.35749017874e-08, 4.06274338616e-08, 9.30565704493e-08, 1.09905883505e-07, 5.83706238899e-08, 4.2267561895e-08, 1.87377828809e-08, 1.99551415392e-08, 9.33990840224e-09, 9.35184019113e-09, 1.0754414248e-08, 1.09543609739e-08, 9.31426846762e-09, 4.87711382391e-09, 2.70355915433e-09, 3.03258529399e-09, 8.47941383775e-10, 9.87202986025e-10, 9.51906664604e-10, 6.7575517404e-10, 4.94459306832e-10, 3.02338848401e-10, 6.60334176228e-10, 5.39619571249e-10, 6.21360685127e-10, 6.20545725916e-10, 3.80044884452e-10, 8.94874868651e-11, 3.82901037266e-11, 2.57220373473e-11, 1.05731924951e-11, 5.76336417826e-12, 7.70031954866e-12, 9.92067105549e-12, 2.59389450023e-12], "mean": [0.00256850896403, 0.00191789329983, 0.00056563160615, 0.000179775845027, 0.000144607096445, 0.000115329450637, 7.93687286205e-05, 0.000122485609609, 0.000123387188069, 0.00010284538439, 8.47100818646e-05, 5.8101821196e-05, 5.76825441385e-05, 4.60040864709e-05, 5.47394301975e-05, 4.79375194118e-05, 5.0185713917e-05, 5.31034420419e-05, 4.76575696666e-05, 3.69560184481e-05, 3.2211341022e-05, 2.16832449951e-05, 2.15146665141e-05, 2.17019860429e-05, 2.11798324017e-05, 1.95771281142e-05, 1.84634063771e-05, 2.25883268286e-05, 1.83717802429e-05, 1.90313767234e-05, 1.71573992702e-05, 1.31482520374e-05, 8.96909750736e-06, 6.13672864347e-06, 3.78933145839e-06, 2.38617690229e-06, 1.58766476943e-06, 1.50754499373e-06, 1.22061442198e-06, 7.99598808499e-07]}, "spectral_entropy": {"min": 6.3906378746, "max": 8.87705612183, "dvar2": 0.0397167019546, "median": 7.97614383698, "dmean2": 0.21133607626, "dmean": 0.140941619873, "var": 0.0699284821749, "dvar": 0.0187621917576, "mean": 7.9551615715}, "spectral_rolloff": {"min": 64.599609375, "max": 13501.3183594, "dvar2": 4001847.5, "median": 2260.98632812, "dmean2": 1567.6932373, "dmean": 930.962646484, "var": 4608119, "dvar": 1741673.5, "mean": 2616.5949707}, "barkbands": {"min": [8.73180434208e-13, 1.29579029798e-12, 8.42956563926e-13, 8.17457755133e-13, 1.88865264573e-12, 1.60257300052e-12, 1.2684135426e-12, 9.26918155945e-13, 7.85822524673e-13, 3.41529105344e-13, 9.42381413248e-14, 1.80205378614e-14, 7.47744897142e-14, 1.47637381921e-13, 1.18270275301e-13, 4.93378700796e-14, 1.15167790127e-13, 1.27106401034e-13, 4.13559702976e-14, 8.23726124203e-14, 3.46221024127e-14, 3.30195194646e-14, 2.89830449408e-14, 3.99289162931e-14, 2.80118420457e-14, 3.05963445497e-14, 4.3931509499e-14], "max": [0.0170275960118, 0.169815659523, 0.0621435716748, 0.0442252457142, 0.0252081658691, 0.0303049664944, 0.0326621830463, 0.0418308265507, 0.038542997092, 0.0468284003437, 0.0345905013382, 0.0211437810212, 0.0503245927393, 0.0360893420875, 0.0235832668841, 0.0140280378982, 0.011789707467, 0.0147981988266, 0.0123957917094, 0.0132536683232, 0.0181843992323, 0.0105466591194, 0.00922624580562, 0.00858438480645, 0.00683815963566, 0.00154856790323, 0.000776040251367], "dvar2": [4.7423208116e-07, 0.000232241058256, 8.27914918773e-05, 1.67753441929e-05, 5.4597721828e-06, 3.66161452803e-06, 3.33637558469e-06, 7.43647069612e-06, 6.23090227236e-06, 3.45213243236e-06, 2.2921396976e-06, 1.60816557582e-06, 2.26482438848e-06, 3.48200592271e-06, 2.14698729906e-06, 1.12421980702e-06, 7.70881740664e-07, 7.40150767342e-07, 6.01107615239e-07, 1.14737088097e-06, 1.99510009224e-06, 1.1334334431e-06, 1.59424814683e-07, 8.52088817282e-08, 5.65773170536e-08, 4.04531377285e-08, 5.29756949419e-09], "median": [0.000211498598219, 0.00521219847724, 0.000902453146409, 0.000273077428574, 0.000313065596856, 0.000158449111041, 8.4156927187e-05, 7.98793480499e-05, 0.000110367174784, 6.98048752383e-05, 7.71132035879e-05, 8.32932782941e-05, 0.000142212680657, 0.00014465424465, 0.000265835726168, 0.000165537159774, 0.000148590537719, 0.000194247913896, 0.000221449823584, 0.00027448637411, 0.000302445783745, 0.000266898859991, 0.000142654724186, 4.1413542931e-05, 2.6457306376e-05, 1.37476254167e-05, 3.84542090615e-06], "dmean2": [0.000424534315243, 0.00884393043816, 0.00454204482958, 0.00160782155581, 0.00115753919818, 0.000787876429968, 0.000627074157819, 0.000891085481271, 0.000859380816109, 0.000586702488363, 0.000496838008985, 0.000487505429192, 0.000563313253224, 0.000717095681466, 0.000711067463271, 0.00051940663252, 0.00043020065641, 0.000430863321526, 0.00045042601414, 0.00060498266248, 0.000730613013729, 0.000552016252186, 0.000223889059271, 0.000117138384667, 9.13385883905e-05, 0.000105966915726, 3.80613710149e-05], "dmean": [0.000313594355248, 0.00532404286787, 0.00259564002044, 0.000903101696167, 0.000688270141836, 0.000488063786179, 0.000389708438888, 0.000547013652977, 0.000534195802175, 0.00037589285057, 0.000313911179546, 0.000314035743941, 0.00035480412771, 0.000440972740762, 0.000441717507783, 0.000327965448378, 0.000268664822215, 0.000269724987447, 0.000292583048576, 0.000379339995561, 0.000478963687783, 0.000375624193111, 0.000153705230332, 8.17182153696e-05, 6.0871730966e-05, 6.25344328e-05, 2.2304155209e-05], "var": [7.83478981248e-07, 0.000131020700792, 2.63092297246e-05, 4.34708363173e-06, 2.2112926672e-06, 2.0142053927e-06, 1.82712108199e-06, 3.74002343051e-06, 3.65597998098e-06, 2.74649801213e-06, 1.56345265623e-06, 1.30655769226e-06, 1.68831024894e-06, 1.99004534807e-06, 1.54143197051e-06, 8.71511815603e-07, 5.18591093623e-07, 5.89939531892e-07, 5.85483803661e-07, 9.25879021452e-07, 1.51157053097e-06, 8.42018721414e-07, 1.43744983916e-07, 9.04977355276e-08, 4.68666989661e-08, 1.41341534032e-08, 1.6820694837e-09], "dvar": [2.72609355534e-07, 8.76039193827e-05, 2.99837956845e-05, 5.94515449848e-06, 2.0790923827e-06, 1.49684490225e-06, 1.38581913234e-06, 2.93964671982e-06, 2.55435861618e-06, 1.48488754803e-06, 9.79899141385e-07, 7.23452615148e-07, 9.48743434037e-07, 1.35019661229e-06, 8.7134600335e-07, 4.79718664792e-07, 3.06759005753e-07, 3.06199950728e-07, 2.56430496393e-07, 4.62323527017e-07, 9.10222127004e-07, 5.26179803728e-07, 7.58660050337e-08, 4.17410248588e-08, 2.5876451204e-08, 1.54501496041e-08, 2.03287520151e-09], "mean": [0.000586787471548, 0.00864747539163, 0.00283463881351, 0.000893058720976, 0.000809258781374, 0.00060917675728, 0.000461772608105, 0.000632593524642, 0.0006974649732, 0.000520721252542, 0.000413221685449, 0.000418183713919, 0.000495726300869, 0.000586934387684, 0.000656572403386, 0.000483699841425, 0.000407366780564, 0.000441569311079, 0.000509397883434, 0.000657418218907, 0.000778006040491, 0.00057382020168, 0.000245382339926, 0.000129138832563, 8.39154963614e-05, 5.82124666835e-05, 1.93088962988e-05]}, "melbands_flatness_db": {"min": 0.0230757109821, "max": 0.502642333508, "dvar2": 0.00273051997647, "median": 0.168492540717, "dmean2": 0.0552352853119, "dmean": 0.035616979003, "var": 0.00647100200877, "dvar": 0.00127649575006, "mean": 0.175606504083}, "melbands_skewness": {"min": -2.39332771301, "max": 24.4338531494, "dvar2": 5.03750753403, "median": 2.45976090431, "dmean2": 1.96697831154, "dmean": 1.26972365379, "var": 9.28050613403, "dvar": 2.29653644562, "mean": 3.41970324516}, "barkbands_skewness": {"min": -4.69362163544, "max": 17.5219764709, "dvar2": 1.79211914539, "median": 0.929796755314, "dmean2": 1.22665643692, "dmean": 0.793646156788, "var": 3.26062679291, "dvar": 0.808924913406, "mean": 1.35152494907}, "silence_rate_60dB": {"min": 0, "max": 1, "dvar2": 0.0698294863105, "median": 0, "dmean2": 0.0655018612742, "dmean": 0.0327485390007, "var": 0.0748651102185, "dvar": 0.0316731482744, "mean": 0.081499889493}, "spectral_energyband_low": {"min": 2.98744405949e-12, "max": 0.191753447056, "dvar2": 0.000404197111493, "median": 0.00882333517075, "dmean2": 0.0123834870756, "dmean": 0.00739990221336, "var": 0.000217139808228, "dvar": 0.00015059033467, "mean": 0.0126508176327}, "spectral_energyband_middle_low": {"min": 7.42416024491e-12, "max": 0.076909430325, "dvar2": 4.56810448668e-05, "median": 0.00235359906219, "dmean2": 0.00435712421313, "dmean": 0.00271641742438, "var": 2.90935622616e-05, "dvar": 1.86267243407e-05, "mean": 0.004310362041}, "melbands_kurtosis": {"min": -1.85598993301, "max": 844.19354248, "dvar2": 2642.19580078, "median": 6.06274223328, "dmean2": 26.0876121521, "dmean": 16.2565975189, "var": 2379.57910156, "dvar": 1130.61779785, "mean": 24.4223232269}, "spectral_decrease": {"min": -5.11828410765e-08, "max": -2.93037293316e-18, "dvar2": 2.94673564101e-17, "median": -5.01345853721e-09, "dmean2": 4.01727895394e-09, "dmean": 2.48135711978e-09, "var": 1.921325496e-17, "dvar": 1.13047680662e-17, "mean": -5.63706281653e-09}, "erbbands_kurtosis": {"min": -1.86690735817, "max": 41.0271072388, "dvar2": 6.51825809479, "median": 0.173593044281, "dmean2": 1.88337779045, "dmean": 1.18159115314, "var": 5.55708265305, "dvar": 2.78856015205, "mean": 0.738334059715}, "melbands_crest": {"min": 2.361307621, "max": 37.0321006775, "dvar2": 32.7621841431, "median": 17.158033371, "dmean2": 6.92017316818, "dmean": 4.29848957062, "var": 50.7583007812, "dvar": 13.847735405, "mean": 17.2768726349}, "gfcc": {"cov": [[6563.59130859, -238.095199585, -297.631561279, -251.663009644, -284.557281494, -68.5013885498, -27.9874610901, 151.50932312, -118.582359314, 149.161132812, -104.553916931, -63.9942588806, -48.9212989807], [-238.095199585, 1063.66845703, 48.9259490967, 220.316314697, 238.38470459, 181.679763794, 204.199798584, 90.9060134888, 101.047584534, -33.3804016113, 66.8462371826, -44.3473701477, -14.7280550003], [-297.631561279, 48.9259490967, 1085.52197266, 424.07623291, 224.880935669, 146.691986084, 30.7131900787, 13.4649400711, 67.2928695679, 6.32291173935, -68.2931137085, 4.23727607727, -67.9537887573], [-251.663009644, 220.316314697, 424.07623291, 639.224365234, 257.200531006, 152.691040039, 48.2645187378, 22.7891464233, 71.3436508179, -23.1615962982, -3.18953871727, -5.15468072891, -17.7630577087], [-284.557281494, 238.38470459, 224.880935669, 257.200531006, 511.48425293, 223.33581543, 136.88053894, 70.3143157959, 50.3739356995, 37.477191925, 20.4677810669, -18.2939662933, -15.2720432281], [-68.5013885498, 181.679763794, 146.691986084, 152.691040039, 223.33581543, 312.079925537, 154.413528442, 39.8043365479, 25.2646903992, 21.6840286255, 23.8662014008, -20.8072414398, -27.8233966827], [-27.9874610901, 204.199798584, 30.7131900787, 48.2645187378, 136.88053894, 154.413528442, 233.933731079, 79.3022842407, 16.033454895, -0.111044384539, 19.850610733, -22.0888538361, -12.3822154999], [151.50932312, 90.9060134888, 13.4649400711, 22.7891464233, 70.3143157959, 39.8043365479, 79.3022842407, 190.381591797, 71.159614563, 33.2386131287, 3.59119033813, -7.45052862167, 14.6547546387], [-118.582359314, 101.047584534, 67.2928695679, 71.3436508179, 50.3739356995, 25.2646903992, 16.033454895, 71.159614563, 131.80116272, 46.6179733276, 13.801325798, 2.70659065247, 4.42036151886], [149.161132812, -33.3804016113, 6.32291173935, -23.1615962982, 37.477191925, 21.6840286255, -0.111044384539, 33.2386131287, 46.6179733276, 118.006011963, 48.9199028015, 5.35804843903, 2.22971701622], [-104.553916931, 66.8462371826, -68.2931137085, -3.18953871727, 20.4677810669, 23.8662014008, 19.850610733, 3.59119033813, 13.801325798, 48.9199028015, 106.992774963, 36.5574684143, 18.3260402679], [-63.9942588806, -44.3473701477, 4.23727607727, -5.15468072891, -18.2939662933, -20.8072414398, -22.0888538361, -7.45052862167, 2.70659065247, 5.35804843903, 36.5574684143, 92.7000732422, 37.2597389221], [-48.9212989807, -14.7280550003, -67.9537887573, -17.7630577087, -15.2720432281, -27.8233966827, -12.3822154999, 14.6547546387, 4.42036151886, 2.22971701622, 18.3260402679, 37.2597389221, 88.4237976074]], "icov": [[0.000196085209609, -5.73670477024e-05, 7.42654010537e-05, -7.4502233474e-05, 0.000174315457116, -5.29906719748e-05, 2.74787216767e-05, -0.000286106049316, 0.000491738086566, -0.00064960331656, 0.000508432276547, -0.000129922351334, 0.000146906080772], [-5.73670477024e-05, 0.00153793056961, 2.53708258242e-05, -0.000128183906781, -0.000373112241505, -2.44133152592e-05, -0.000764027645346, 9.14987322176e-05, -0.00147401925642, 0.00186602084432, -0.00182260898873, 0.00110259605572, -3.63428189303e-05], [7.42654010537e-05, 2.53708258242e-05, 0.00154071871657, -0.000905820634216, -8.47421251819e-05, -0.00025711604394, -2.68763051281e-05, 4.16003895225e-05, -4.23558449256e-05, -0.00096433784347, 0.00176293286495, -0.00122221920174, 0.00111727055628], [-7.4502233474e-05, -0.000128183906781, -0.000905820634216, 0.00284730573185, -0.000958074873779, -0.000534739869181, 0.000676062714774, 0.000273180223303, -0.00139329663943, 0.00200688070618, -0.00115837645717, 0.000514806888532, -0.000428855448263], [0.000174315457116, -0.000373112241505, -8.47421251819e-05, -0.000958074873779, 0.00365225598216, -0.00155682989862, -0.000485834490974, -0.000678737706039, 0.000927834538743, -0.00192913238425, 0.000912986171898, -0.000110536639113, -0.000178289410542], [-5.29906719748e-05, -2.44133152592e-05, -0.00025711604394, -0.000534739869181, -0.00155682989862, 0.00644565932453, -0.00333372456953, 0.000838998006657, -1.15532484415e-05, -0.000695640745107, -0.000702007615473, 0.000325539265759, 0.000841459725052], [2.74787216767e-05, -0.000764027645346, -2.68763051281e-05, 0.000676062714774, -0.000485834490974, -0.00333372456953, 0.00848019961268, -0.00311691779643, 0.0013014562428, 0.00153918284923, -0.00136090279557, 0.000873529817909, 0.000384375744034], [-0.000286106049316, 9.14987322176e-05, 4.16003895225e-05, 0.000273180223303, -0.000678737706039, 0.000838998006657, -0.00311691779643, 0.00872942246497, -0.00459059607238, -0.000518901564647, 0.000934180046897, 0.000444600969786, -0.00193104054779], [0.000491738086566, -0.00147401925642, -4.23558449256e-05, -0.00139329663943, 0.000927834538743, -1.15532484415e-05, 0.0013014562428, -0.00459059607238, 0.0141052156687, -0.00704403920099, 0.00297060934827, -0.00164135487285, 0.00036223322968], [-0.00064960331656, 0.00186602084432, -0.00096433784347, 0.00200688070618, -0.00192913238425, -0.000695640745107, 0.00153918284923, -0.000518901564647, -0.00704403920099, 0.0182597972453, -0.0108389770612, 0.00386399612762, -0.000127178500406], [0.000508432276547, -0.00182260898873, 0.00176293286495, -0.00115837645717, 0.000912986171898, -0.000702007615473, -0.00136090279557, 0.000934180046897, 0.00297060934827, -0.0108389770612, 0.019604081288, -0.00816103629768, 0.00019192462787], [-0.000129922351334, 0.00110259605572, -0.00122221920174, 0.000514806888532, -0.000110536639113, 0.000325539265759, 0.000873529817909, 0.000444600969786, -0.00164135487285, 0.00386399612762, -0.00816103629768, 0.017110131681, -0.00612591113895], [0.000146906080772, -3.63428189303e-05, 0.00111727055628, -0.000428855448263, -0.000178289410542, 0.000841459725052, 0.000384375744034, -0.00193104054779, 0.00036223322968, -0.000127178500406, 0.00019192462787, -0.00612591113895, 0.0152913508937]], "mean": [1.79503655434, 44.1056175232, -113.416221619, 54.1238822937, -44.5790596008, 18.5339832306, -21.0530319214, 4.21797132492, -14.7425737381, 9.17655086517, -17.3774223328, 1.32668721676, -10.776591301]}, "melbands_spread": {"min": 0.368258267641, "max": 247.68560791, "dvar2": 615.482177734, "median": 34.1763877869, "dmean2": 23.0769901276, "dmean": 14.6754217148, "var": 1082.31164551, "dvar": 281.325012207, "mean": 41.6999664307}, "spectral_energy": {"min": 1.17598283542e-11, "max": 0.194762155414, "dvar2": 0.00044819622417, "median": 0.0211622230709, "dmean2": 0.01614542678, "dmean": 0.0100626796484, "var": 0.000309696770273, "dvar": 0.000174863511347, "mean": 0.0236510895193}, "mfcc": {"cov": [[5955.37695312, 120.246040344, -527.846984863, -193.588912964, -355.259918213, -283.805725098, -4.34453773499, -182.130722046, 55.2623405457, 0.163524344563, -36.0888328552, 95.8326873779, -54.7428741455], [120.246040344, 774.734191895, -30.3064460754, 47.6570854187, 71.7304000854, 103.258216858, 129.943115234, 122.29095459, 57.3639945984, 96.5606231689, 70.2937316895, 27.282831192, 40.2683601379], [-527.846984863, -30.3064460754, 799.63458252, 285.929351807, 175.266113281, 145.506378174, -7.86102771759, 82.8392105103, 50.9197540283, 6.7291097641, 55.6684074402, -10.9160699844, -0.259740263224], [-193.588912964, 47.6570854187, 285.929351807, 454.657775879, 246.067657471, 134.648773193, 40.5429458618, 95.6086730957, 65.7797088623, 29.9307079315, 21.508272171, 18.2999420166, 20.0077781677], [-355.259918213, 71.7304000854, 175.266113281, 246.067657471, 384.263092041, 188.209350586, 89.0890655518, 81.7919692993, 76.1035690308, 66.2242202759, 50.7982368469, 37.6615753174, 33.5811958313], [-283.805725098, 103.258216858, 145.506378174, 134.648773193, 188.209350586, 328.454193115, 152.003189087, 92.3349990845, 20.6168746948, 52.3409690857, 53.1142082214, 1.71355605125, 29.0905284882], [-4.34453773499, 129.943115234, -7.86102771759, 40.5429458618, 89.0890655518, 152.003189087, 253.077301025, 102.103042603, 46.2903747559, 66.7309494019, 40.4387397766, 27.2491950989, 4.3621339798], [-182.130722046, 122.29095459, 82.8392105103, 95.6086730957, 81.7919692993, 92.3349990845, 102.103042603, 176.381347656, 79.0622177124, 38.5555343628, 33.231388092, 3.48076868057, 20.1496009827], [55.2623405457, 57.3639945984, 50.9197540283, 65.7797088623, 76.1035690308, 20.6168746948, 46.2903747559, 79.0622177124, 141.119186401, 71.6720428467, 23.6771564484, 23.6019687653, 9.03915309906], [0.163524344563, 96.5606231689, 6.7291097641, 29.9307079315, 66.2242202759, 52.3409690857, 66.7309494019, 38.5555343628, 71.6720428467, 139.418197632, 58.1082191467, 15.3504085541, 4.43544340134], [-36.0888328552, 70.2937316895, 55.6684074402, 21.508272171, 50.7982368469, 53.1142082214, 40.4387397766, 33.231388092, 23.6771564484, 58.1082191467, 114.175636292, 45.2928009033, 9.93690490723], [95.8326873779, 27.282831192, -10.9160699844, 18.2999420166, 37.6615753174, 1.71355605125, 27.2491950989, 3.48076868057, 23.6019687653, 15.3504085541, 45.2928009033, 114.658172607, 38.7555046082], [-54.7428741455, 40.2683601379, -0.259740263224, 20.0077781677, 33.5811958313, 29.0905284882, 4.3621339798, 20.1496009827, 9.03915309906, 4.43544340134, 9.93690490723, 38.7555046082, 89.2530441284]], "icov": [[0.000207681310712, -6.70768349664e-05, 0.000105956358311, -0.000124434372992, 0.000236049672822, 2.74367812381e-05, -0.000130911648739, 0.000364198785974, -0.000365107262041, 0.000122824218124, -3.54270232492e-05, -0.000150922089233, 0.000112618145067], [-6.70768349664e-05, 0.00163377390709, 0.000140002448461, -2.26212978305e-05, -5.82580923947e-07, -2.91700071102e-05, -0.000220139714656, -0.0010059743654, 0.00045066876919, -0.00080299412366, -0.000391706125811, 0.000119447118777, -0.000539174128789], [0.000105956358311, 0.000140002448461, 0.00191724032629, -0.00102287880145, 0.000134634581627, -0.000621991464868, 0.000576480757445, -6.60581354168e-05, -0.000727626262233, 0.000752123538405, -0.00119389174506, 0.000457744376035, 0.000345982931321], [-0.000124434372992, -2.26212978305e-05, -0.00102287880145, 0.0042613428086, -0.00225958251394, -0.00020666688215, 0.000715621048585, -0.0015660993522, 0.000339900027029, -0.000250250130193, 0.00128117098939, -0.000707724422682, 0.000354435207555], [0.000236049672822, -5.82580923947e-07, 0.000134634581627, -0.00225958251394, 0.00568498810753, -0.00213758856989, -0.000156657391926, 0.0010646317387, -0.00195942865685, -0.000367665983504, -0.000357014825568, -0.000939366524108, -0.000358625111403], [2.74367812381e-05, -2.91700071102e-05, -0.000621991464868, -0.00020666688215, -0.00213758856989, 0.00663640815765, -0.00325605575927, -0.000531358702574, 0.00201992760412, -0.000298227212625, -0.00143162778113, 0.00221552886069, -0.00199755071662], [-0.000130911648739, -0.000220139714656, 0.000576480757445, 0.000715621048585, -0.000156657391926, -0.00325605575927, 0.00807252153754, -0.00401767063886, 0.0010704274755, -0.00243421574123, 0.00154635310173, -0.00298854964785, 0.00263105821796], [0.000364198785974, -0.0010059743654, -6.60581354168e-05, -0.0015660993522, 0.0010646317387, -0.000531358702574, -0.00401767063886, 0.0129518099129, -0.00722881127149, 0.00377186341211, -0.00308275595307, 0.00345805846155, -0.00254055601545], [-0.000365107262041, 0.00045066876919, -0.000727626262233, 0.000339900027029, -0.00195942865685, 0.00201992760412, 0.0010704274755, -0.00722881127149, 0.0154375648126, -0.00775777036324, 0.00348284374923, -0.0031909046229, 0.000972809793893], [0.000122824218124, -0.00080299412366, 0.000752123538405, -0.000250250130193, -0.000367665983504, -0.000298227212625, -0.00243421574123, 0.00377186341211, -0.00775777036324, 0.014643188566, -0.0068327402696, 0.00333839748055, -0.000632022740319], [-3.54270232492e-05, -0.000391706125811, -0.00119389174506, 0.00128117098939, -0.000357014825568, -0.00143162778113, 0.00154635310173, -0.00308275595307, 0.00348284374923, -0.0068327402696, 0.0159215331078, -0.00724950293079, 0.00244774692692], [-0.000150922089233, 0.000119447118777, 0.000457744376035, -0.000707724422682, -0.000939366524108, 0.00221552886069, -0.00298854964785, 0.00345805846155, -0.0031909046229, 0.00333839748055, -0.00724950293079, 0.0151644451544, -0.00661011831835], [0.000112618145067, -0.000539174128789, 0.000345982931321, 0.000354435207555, -0.000358625111403, -0.00199755071662, 0.00263105821796, -0.00254055601545, 0.000972809793893, -0.000632022740319, 0.00244774692692, -0.00661011831835, 0.0151995653287]], "mean": [-641.124450684, 72.2983474731, -3.18958306313, 40.173538208, 2.89842557907, 24.2710571289, 2.48550605774, 6.16542291641, 6.13868761063, 7.40233421326, 5.26619434357, -0.186704829335, 1.03794777393]}, "spectral_contrast_valleys": {"min": [-17.3290653229, -17.9317398071, -19.7196617126, -17.8730335236, -19.4787445068, -20.7014865875], "max": [-5.35763502121, -4.63507795334, -5.16756534576, -5.70815038681, -5.28583574295, -7.30187892914], "dvar2": [0.310398906469, 0.432246953249, 0.353483200073, 0.246444478631, 0.251009702682, 0.311917334795], "median": [-7.142121315, -7.37051296234, -7.77644348145, -7.60237932205, -7.08068943024, -9.76546955109], "dmean2": [0.690325737, 0.769048154354, 0.652716577053, 0.526206791401, 0.446906775236, 0.481308370829], "dmean": [0.430164813995, 0.491718351841, 0.43365240097, 0.353799253702, 0.315324217081, 0.373223781586], "var": [1.27322280407, 0.863232195377, 0.827778398991, 0.721283614635, 0.686472177505, 0.855161428452], "dvar": [0.13321942091, 0.205086350441, 0.175760537386, 0.128451108932, 0.130465999246, 0.156525313854], "mean": [-7.46366214752, -7.41406011581, -7.8436293602, -7.70191287994, -7.14177894592, -9.79848670959]}, "barkbands_flatness_db": {"min": 0.0200284309685, "max": 0.387980490923, "dvar2": 0.00178842048626, "median": 0.107492215931, "dmean2": 0.0436740294099, "dmean": 0.0278431624174, "var": 0.00279477471486, "dvar": 0.000793949118815, "mean": 0.117204032838}, "dynamic_complexity": 3.27218580246, "erbbands_flatness_db": {"min": 0.0406132750213, "max": 0.365114271641, "dvar2": 0.000716321868822, "median": 0.131901279092, "dmean2": 0.028689192608, "dmean": 0.0195964202285, "var": 0.00153605663218, "dvar": 0.000348968111211, "mean": 0.137608677149}, "h