{"lowlevel": {"spectral_complexity": {"min": 0, "max": 61, "dvar2": 55.7994270325, "median": 5, "dmean2": 4.00852060318, "dmean": 2.75822114944, "var": 114.196380615, "dvar": 29.8450298309, "mean": 9.36201000214}, "silence_rate_20dB": {"min": 1, "max": 1, "dvar2": 0, "median": 1, "dmean2": 0, "dmean": 0, "var": 0, "dvar": 0, "mean": 1}, "average_loudness": 0.113836653531, "erbbands_spread": {"min": 1.26275968552, "max": 179.60055542, "dvar2": 509.894042969, "median": 42.722568512, "dmean2": 17.1652450562, "dmean": 11.2860822678, "var": 619.614685059, "dvar": 223.561676025, "mean": 47.110408783}, "spectral_kurtosis": {"min": -1.28592312336, "max": 48.7140617371, "dvar2": 20.9105644226, "median": 2.96300625801, "dmean2": 2.99282360077, "dmean": 1.90285229683, "var": 24.4444026947, "dvar": 9.51106739044, "mean": 4.55417299271}, "barkbands_kurtosis": {"min": -1.94307255745, "max": 17523.0175781, "dvar2": 48103.8320312, "median": 5.0541009903, "dmean2": 22.279258728, "dmean": 14.6134681702, "var": 310125.40625, "dvar": 22997.8828125, "mean": 47.4390716553}, "spectral_strongpeak": {"min": 0, "max": 13.6028718948, "dvar2": 0.99359112978, "median": 0.176692739129, "dmean2": 0.43120855093, "dmean": 0.253912270069, "var": 0.950755655766, "dvar": 0.396890074015, "mean": 0.423586368561}, "spectral_spread": {"min": 1295102, "max": 42737720, "dvar2": 1499608776700.0, "median": 4617204, "dmean2": 843830.5625, "dmean": 582266.375, "var": 22889558442000.0, "dvar": 879951544320, "mean": 5252910}, "spectral_rms": {"min": 3.11495122231e-12, "max": 0.0147956153378, "dvar2": 6.30277008895e-06, "median": 0.00240491214208, "dmean2": 0.00104878516868, "dmean": 0.000692207599059, "var": 4.45762498202e-06, "dvar": 2.66180336439e-06, "mean": 0.00266885734163}, "erbbands": {"min": [1.04571862291e-22, 4.39920438565e-22, 1.07665442808e-21, 5.58587232059e-21, 1.1221348013e-20, 2.36270441797e-20, 4.20639048318e-20, 7.62473762901e-20, 8.86541225885e-20, 1.93643989525e-19, 2.56043573954e-19, 4.07637681944e-19, 2.96729589756e-19, 6.69807536461e-19, 8.61287905847e-19, 1.00840502802e-18, 1.45281660091e-18, 2.11630189255e-18, 2.37836780665e-18, 3.24197600581e-18, 4.41894937913e-18, 5.1705211342e-18, 5.70054993299e-18, 6.87907385637e-18, 6.19460423336e-18, 8.04662771046e-18, 6.91742443111e-18, 8.64583900055e-18, 1.14377555477e-17, 1.15980995463e-17, 1.14269583591e-17, 1.04908926538e-17, 9.60671846987e-18, 8.75299528583e-18, 6.21083972083e-18, 4.22381416391e-18, 2.27545557831e-18, 9.86613161575e-19, 2.56890658601e-19, 2.85851518466e-20], "max": [3.13334584236, 25.8237018585, 50.2262153625, 295.388885498, 336.197967529, 120.535324097, 177.188461304, 223.470458984, 122.705619812, 172.616241455, 265.133605957, 386.662200928, 551.640441895, 309.523040771, 385.334777832, 513.92376709, 837.298522949, 2241.14770508, 2191.37402344, 996.377258301, 504.34463501, 273.025909424, 528.373596191, 446.390899658, 815.016845703, 415.027648926, 369.96875, 213.833236694, 309.623504639, 216.253311157, 93.1400604248, 92.4742355347, 37.2575721741, 20.8902568817, 6.75825595856, 3.28359365463, 2.18131685257, 0.755659878254, 0.134570375085, 0.0063423817046], "dvar2": [0.228139072657, 18.9933357239, 76.1991729736, 2613.42724609, 1616.27807617, 166.053833008, 67.9927520752, 294.191955566, 101.514312744, 105.292549133, 148.35534668, 400.410614014, 510.651794434, 195.270172119, 200.288635254, 512.477661133, 1463.04101562, 7912.88330078, 2727.99633789, 1398.15429688, 594.540405273, 430.635345459, 732.147216797, 519.983520508, 1564.91223145, 774.105651855, 704.672607422, 436.195892334, 379.365966797, 190.492095947, 45.5764427185, 26.785161972, 4.7153468132, 1.54524743557, 0.16034924984, 0.0256972983479, 0.00807951949537, 0.0011510316981, 4.14565911342e-05, 8.94715412869e-08], "median": [0.0328606665134, 0.290311217308, 1.01298713684, 1.40157663822, 1.07046973705, 1.13202023506, 1.18210232258, 1.05195736885, 0.761651217937, 0.322419375181, 0.347397208214, 0.407347738743, 0.327542483807, 0.283785104752, 0.368897080421, 0.538441896439, 0.546233296394, 1.03132843971, 1.03755879402, 1.18586325645, 1.43843948841, 1.25067353249, 1.26176536083, 1.2404140234, 1.55476903915, 1.01242876053, 0.830197870731, 0.459691226482, 0.395757317543, 0.281879931688, 0.143346130848, 0.121873676777, 0.052403524518, 0.0218423865736, 0.00775571074337, 0.00185360852629, 0.000514989253134, 0.000107979241875, 2.04623574973e-05, 9.28791359911e-06], "dmean2": [0.111296869814, 1.00303256512, 2.73316383362, 11.9012622833, 9.54340744019, 4.03681516647, 3.24292302132, 6.19675779343, 3.79973602295, 2.74810934067, 2.62110304832, 4.64513778687, 4.96445655823, 3.60221481323, 3.41652679443, 5.3125, 7.38515424728, 13.8667812347, 10.7839870453, 10.213684082, 7.54972076416, 7.15762376785, 8.44106292725, 8.45177936554, 12.9405584335, 9.141497612, 8.57285785675, 6.64883136749, 6.23042201996, 4.43924379349, 2.26920819283, 1.85795962811, 0.776047885418, 0.39486426115, 0.134831294417, 0.0433354303241, 0.0152990873903, 0.00490985717624, 0.00169607368298, 8.71069496498e-05], "dmean": [0.0639821887016, 0.56557649374, 1.53277945518, 6.62087345123, 5.27414321899, 2.28820562363, 2.03863692284, 3.89086198807, 2.38972020149, 1.64057707787, 1.60029113293, 3.04011583328, 3.30606794357, 2.40245509148, 2.26731157303, 3.69698643684, 4.74041843414, 9.27597999573, 7.26998472214, 6.61422967911, 4.82472276688, 4.55253458023, 5.52235412598, 5.79935884476, 8.47462749481, 6.03455257416, 5.77983236313, 4.65322732925, 4.46276807785, 3.17166137695, 1.5997287035, 1.32103788853, 0.551447093487, 0.279372483492, 0.0951128974557, 0.0305313598365, 0.0105698816478, 0.00320847821422, 0.00111704564188, 5.70246957068e-05], "var": [0.0594594031572, 4.16797494888, 18.3555278778, 594.61932373, 350.271240234, 44.186920166, 60.579498291, 209.948822021, 70.524307251, 54.3790931702, 72.0694503784, 307.948669434, 552.848327637, 304.27935791, 285.140960693, 709.645629883, 1746.87194824, 19463.15625, 4103.75048828, 1474.21411133, 428.027038574, 344.524200439, 709.328430176, 813.48614502, 1672.57910156, 802.184082031, 563.697814941, 387.286102295, 422.147857666, 218.587478638, 53.4114341736, 36.1899719238, 6.20487594604, 1.63647687435, 0.195456057787, 0.0271415039897, 0.00499929115176, 0.000442817952717, 2.51657820627e-05, 5.35151016834e-08], "dvar": [0.0849956199527, 6.73701334, 27.1076393127, 945.682373047, 574.956115723, 58.599899292, 29.5814399719, 122.203178406, 43.63514328, 39.2813072205, 56.257774353, 161.063217163, 231.374557495, 93.7153701782, 93.1550292969, 260.835083008, 597.889587402, 4241.60595703, 1403.75085449, 657.057189941, 225.128189087, 175.053497314, 328.898498535, 247.323730469, 694.005004883, 329.398345947, 310.077667236, 214.412612915, 199.594314575, 98.6295547485, 23.6911907196, 14.2480583191, 2.55123472214, 0.740817070007, 0.0781907588243, 0.0123321879655, 0.0034488402307, 0.000445612618933, 1.73871467268e-05, 3.76842841376e-08], "mean": [0.0739162117243, 0.620403051376, 2.02322292328, 5.47428703308, 4.26976728439, 2.87905168533, 3.52617192268, 6.32171678543, 3.61714720726, 2.49148964882, 2.38829517365, 4.95818328857, 5.55894422531, 4.80893659592, 4.2573132515, 6.46852827072, 9.08539295197, 20.7232532501, 13.0214242935, 10.7117776871, 8.44651126862, 8.08767604828, 9.61531066895, 10.6466836929, 14.6163606644, 10.6819734573, 9.63311672211, 7.3921456337, 7.30849075317, 5.25542449951, 2.71863126755, 2.23143458366, 0.942860722542, 0.458887785673, 0.158365830779, 0.0495278052986, 0.0158555712551, 0.00413169385865, 0.00126144103706, 6.99538504705e-05]}, "zerocrossingrate": {"min": 0, "max": 0.529296875, "dvar2": 0.000287325383397, "median": 0.04541015625, "dmean2": 0.0126913180575, "dmean": 0.0112857110798, "var": 0.00516897579655, "dvar": 0.000224927964155, "mean": 0.0653753727674}, "spectral_contrast_coeffs": {"min": [-0.979084134102, -0.982276260853, -0.984874606133, -0.984218716621, -0.98162060976, -0.979667067528], "max": [-0.310625761747, -0.401149213314, -0.473439544439, -0.505592107773, -0.56335401535, -0.569461941719], "dvar2": [0.00538433576003, 0.00325352419168, 0.00205684965476, 0.00147829484195, 0.00103858939838, 0.000754729378968], "median": [-0.696702957153, -0.735237002373, -0.798344016075, -0.791002094746, -0.800130426884, -0.766021847725], "dmean2": [0.0697593614459, 0.063927732408, 0.0505756661296, 0.0433916375041, 0.0354568399489, 0.0273692775518], "dmean": [0.0427310988307, 0.0400371402502, 0.0324924439192, 0.0271576810628, 0.0224870163947, 0.0182671193033], "var": [0.00679893698543, 0.00879054423422, 0.00700970832258, 0.00442489702255, 0.00380447879434, 0.00387358339503], "dvar": [0.00224047899246, 0.00137987732887, 0.000933829287533, 0.000628033070825, 0.000473600113764, 0.000384662445867], "mean": [-0.689738273621, -0.722984135151, -0.784126877785, -0.786589562893, -0.796670854092, -0.769507348537]}, "dissonance": {"min": 0.241689831018, "max": 0.5, "dvar2": 0.000619501282927, "median": 0.475062310696, "dmean2": 0.0229018870741, "dmean": 0.0139791220427, "var": 0.000993873924017, "dvar": 0.000240932960878, "mean": 0.465200483799}, "spectral_energyband_high": {"min": 7.22436605667e-21, "max": 0.0243495330215, "dvar2": 2.39713313022e-06, "median": 6.76734707667e-05, "dmean2": 0.000539993401617, "dmean": 0.000399881508201, "var": 3.48673188455e-06, "dvar": 1.35129926093e-06, "mean": 0.000768554164097}, "spectral_skewness": {"min": -0.206336632371, "max": 5.70129680634, "dvar2": 0.252070963383, "median": 1.19036865234, "dmean2": 0.387756347656, "dmean": 0.259979993105, "var": 0.563438713551, "dvar": 0.126570433378, "mean": 1.37644231319}, "spectral_flux": {"min": 6.39211392151e-11, "max": 0.428751736879, "dvar2": 0.00473739812151, "median": 0.0245071947575, "dmean2": 0.0346170514822, "dmean": 0.0224579554051, "var": 0.0043957112357, "dvar": 0.00238089938648, "mean": 0.0475466623902}, "silence_rate_30dB": {"min": 0, "max": 1, "dvar2": 0.0265357960016, "median": 1, "dmean2": 0.0197682343423, "dmean": 0.00988243333995, "var": 0.00643174070865, "dvar": 0.009785246104, "mean": 0.993526399136}, "spectral_energyband_middle_high": {"min": 1.11005689403e-21, "max": 0.0619712807238, "dvar2": 7.10837639417e-06, "median": 0.00030095607508, "dmean2": 0.00101819506381, "dmean": 0.00071023858618, "var": 3.26107328874e-05, "dvar": 3.33798266183e-06, "mean": 0.00201121345162}, "barkbands_spread": {"min": 0.0242729093879, "max": 109.960136414, "dvar2": 206.151397705, "median": 18.133644104, "dmean2": 9.63410282135, "dmean": 6.389772892, "var": 443.809783936, "dvar": 90.4301834106, "mean": 23.8260707855}, "spectral_centroid": {"min": 132.88520813, "max": 12001.8994141, "dvar2": 368323.65625, "median": 1234.69067383, "dmean2": 422.299163818, "dmean": 278.790863037, "var": 2390256.5, "dvar": 171513.59375, "mean": 1564.83337402}, "pitch_salience": {"min": 0.00888371095061, "max": 0.814613997936, "dvar2": 0.0161257404834, "median": 0.515628039837, "dmean2": 0.108891136944, "dmean": 0.0661415606737, "var": 0.018010314554, "dvar": 0.00561584252864, "mean": 0.508145809174}, "erbbands_skewness": {"min": -7.94418096542, "max": 9.74484157562, "dvar2": 0.609116733074, "median": 0.00682037323713, "dmean2": 0.636702656746, "dmean": 0.423344582319, "var": 2.53629302979, "dvar": 0.28425937891, "mean": 0.333951860666}, "erbbands_crest": {"min": 2.38846683502, "max": 33.1885566711, "dvar2": 14.5825662613, "median": 7.90309858322, "dmean2": 3.56261205673, "dmean": 2.21062135696, "var": 24.4599056244, "dvar": 6.00511026382, "mean": 9.38074684143}, "melbands": {"min": [1.08326340062e-24, 9.001038021e-25, 1.70732495185e-24, 1.75164315751e-24, 1.4800831157e-24, 1.34017607036e-24, 1.22372462074e-24, 1.85045962158e-24, 2.26739489531e-24, 2.27060595363e-24, 1.19574017456e-24, 2.46299118183e-24, 2.7006390794e-24, 2.05910583684e-24, 1.963649723e-24, 2.69990267774e-24, 3.82596395184e-24, 2.888809621e-24, 4.03304901136e-24, 2.43184044519e-24, 4.45788965744e-24, 4.42039549304e-24, 4.34934949663e-24, 5.12404482657e-24, 4.37170147594e-24, 3.90886731652e-24, 3.82247876436e-24, 4.19579141054e-24, 3.7215952875e-24, 4.4958950037e-24, 4.82925184503e-24, 5.48532103306e-24, 4.36939484666e-24, 5.51646210615e-24, 5.96374505612e-24, 6.6127701107e-24, 5.29353671965e-24, 6.70443180358e-24, 6.17317618797e-24, 6.63533863234e-24], "max": [0.0299389697611, 0.0252694990486, 0.0471690818667, 0.0136015303433, 0.00466849515215, 0.00431515276432, 0.0019492090214, 0.00169920583721, 0.00252592749894, 0.00209474307485, 0.00266429176554, 0.00121324253269, 0.00124069210142, 0.00158074020874, 0.00190524046775, 0.00220424146391, 0.00477147800848, 0.00484245363623, 0.00116997421719, 0.00113770901226, 0.000439938652562, 0.000261493376456, 0.000588305061683, 0.000409724685596, 0.000407638086472, 0.000631254340988, 0.000361427955795, 0.000369188928744, 0.00022670441831, 0.000212179860682, 0.000131727472763, 0.000178545262315, 0.000192108433112, 9.89387845038e-05, 7.43371638237e-05, 4.29588071711e-05, 6.53424140182e-05, 3.12920856231e-05, 2.17583510675e-05, 1.65566780197e-05], "dvar2": [2.23418155656e-05, 2.18277073145e-05, 7.08918305463e-05, 2.87489410766e-06, 7.68920003225e-08, 1.21342807802e-07, 2.38134258979e-08, 9.62308543961e-09, 1.41026310629e-08, 1.66400031532e-08, 1.23349455095e-08, 3.26715787757e-09, 2.84366974412e-09, 2.7515965062e-09, 5.64245672408e-09, 1.25685897245e-08, 3.48097444203e-08, 1.39700242485e-08, 2.91365642724e-09, 2.25057461556e-09, 8.61800963925e-10, 5.60898216762e-10, 8.3413026486e-10, 6.20804352369e-10, 3.93541865762e-10, 9.98901072968e-10, 6.7663902259e-10, 4.13367867713e-10, 3.27427390756e-10, 1.96959087928e-10, 1.67170097209e-10, 1.42559658523e-10, 1.42785547275e-10, 4.76921072079e-11, 2.10823303259e-11, 1.06188989893e-11, 1.20993189426e-11, 3.13639804232e-12, 1.59009502614e-12, 1.10346291566e-12], "median": [0.000319870130625, 0.000587413553149, 0.000249408069067, 8.27133917483e-05, 4.49464496342e-05, 2.37194290094e-05, 1.02540225271e-05, 2.69181236945e-06, 2.49275490205e-06, 2.12869326788e-06, 1.27249199977e-06, 8.43864086164e-07, 9.11845404516e-07, 1.33874380026e-06, 1.00854094853e-06, 1.24128519019e-06, 1.61967432177e-06, 1.35640880217e-06, 1.53070675424e-06, 1.51407891735e-06, 1.54586132339e-06, 1.09519760372e-06, 1.14386830319e-06, 8.20568516247e-07, 8.84892472186e-07, 1.17619538287e-06, 7.61056071497e-07, 6.20901232651e-07, 5.19442437508e-07, 3.75288010446e-07, 2.06479114695e-07, 2.20841485543e-07, 1.9018231967e-07, 1.30318298375e-07, 7.58240901177e-08, 7.05719145344e-08, 7.31913445406e-08, 3.96025399141e-08, 1.93423730366e-08, 1.57352921804e-08], "dmean2": [0.00108663109131, 0.00140446051955, 0.00196284125559, 0.000447201222414, 0.000112273992272, 0.000131959081045, 5.73611359869e-05, 2.67888462986e-05, 2.30972109421e-05, 3.10629220621e-05, 2.44821258093e-05, 1.46322608998e-05, 1.21743996715e-05, 1.26254553834e-05, 1.46720740304e-05, 1.98821708182e-05, 2.79148753179e-05, 1.88354351849e-05, 1.54184454004e-05, 1.31640763357e-05, 9.50545108935e-06, 7.96708536654e-06, 9.40827430895e-06, 7.66488665249e-06, 7.27185624783e-06, 9.88656574918e-06, 8.63540844875e-06, 6.53190090816e-06, 5.77343098485e-06, 4.93984589411e-06, 4.00163844461e-06, 3.81097493118e-06, 3.52480901711e-06, 2.28599606089e-06, 1.45085198255e-06, 1.1608111663e-06, 1.23320671719e-06, 6.35160006368e-07, 4.05318360208e-07, 3.28332674826e-07], "dmean": [0.000624855980277, 0.00078984600259, 0.0010910674464, 0.000247588992352, 6.94701448083e-05, 8.30616045278e-05, 3.60036501661e-05, 1.60829022207e-05, 1.4074325918e-05, 2.03367981157e-05, 1.63299973792e-05, 9.72615453065e-06, 8.08081949799e-06, 8.50206561154e-06, 1.02845488072e-05, 1.29356121761e-05, 1.92303759832e-05, 1.29710342662e-05, 1.02571939351e-05, 8.28262363939e-06, 6.00200928602e-06, 4.93485595143e-06, 6.01702322456e-06, 5.03954106534e-06, 4.88725845571e-06, 6.38105939288e-06, 5.58776901016e-06, 4.21087270297e-06, 3.82936468668e-06, 3.28465557686e-06, 2.76927221421e-06, 2.68400845016e-06, 2.46669242188e-06, 1.60126739956e-06, 9.94771767182e-07, 8.03892987733e-07, 8.49741184084e-07, 4.43830629138e-07, 2.81923007606e-07, 2.29576713195e-07], "var": [5.57413477509e-06, 5.02799366586e-06, 1.61074731295e-05, 6.32370984022e-07, 5.68638292009e-08, 9.19655249731e-08, 1.5754789473e-08, 5.7116937846e-09, 6.71434063904e-09, 1.34820865583e-08, 1.34023947496e-08, 4.90254281615e-09, 4.26999902103e-09, 2.45628983819e-09, 6.27067242576e-09, 1.91734219612e-08, 7.86733593827e-08, 1.50762655693e-08, 3.32580407658e-09, 2.16065254577e-09, 5.53584733609e-10, 3.66808888819e-10, 6.97795377036e-10, 5.7452143043e-10, 5.58111834525e-10, 9.63752300187e-10, 6.17673745484e-10, 3.66992464196e-10, 2.33783437054e-10, 1.67757724379e-10, 1.34499938964e-10, 1.42068801168e-10, 1.32069188918e-10, 5.20034675044e-11, 2.02133084576e-11, 1.27594757676e-11, 1.43909242162e-11, 3.66169854854e-12, 1.60925081854e-12, 1.01476596223e-12], "dvar": [8.2156748249e-06, 7.75923126639e-06, 2.56372222793e-05, 1.01504303984e-06, 3.14259409606e-08, 5.12565030419e-08, 1.00022790051e-08, 3.69315222848e-09, 5.35890620768e-09, 6.72731026441e-09, 5.67895419579e-09, 1.59619018003e-09, 1.36128652795e-09, 1.25333254886e-09, 2.85284706969e-09, 5.51100187707e-09, 1.92720239767e-08, 7.28233340297e-09, 1.40619116351e-09, 1.01733610425e-09, 3.23567006522e-10, 2.22503737657e-10, 3.67507829724e-10, 2.64371302627e-10, 1.85863782698e-10, 4.13701572999e-10, 2.94423541103e-10, 1.70496047835e-10, 1.40781317159e-10, 8.94896795556e-11, 8.08256239715e-11, 7.28162460883e-11, 6.68823676997e-11, 2.4583161895e-11, 1.02774429592e-11, 5.38372428235e-12, 6.15962099035e-12, 1.62753664712e-12, 7.58588612933e-13, 4.99435996032e-13], "mean": [0.000711435568519, 0.000987957580946, 0.000908622634597, 0.000243233051151, 0.00012006983161, 0.00013725052122, 5.38294589205e-05, 2.45145347435e-05, 2.02930114028e-05, 3.32336931024e-05, 2.64036698354e-05, 1.83815172932e-05, 1.44859141074e-05, 1.4075612853e-05, 1.64963312272e-05, 2.43824324571e-05, 3.96312207158e-05, 1.95007833099e-05, 1.62712713063e-05, 1.27208695631e-05, 9.70999190031e-06, 7.92786158854e-06, 9.56915482675e-06, 8.28556767374e-06, 8.36267099658e-06, 1.06212619357e-05, 8.77282309375e-06, 6.88722457198e-06, 5.98867154622e-06, 5.18660772286e-06, 4.08830919696e-06, 4.22424227509e-06, 3.79836569664e-06, 2.55143504546e-06, 1.58247121362e-06, 1.33480557452e-06, 1.37336462558e-06, 7.17323928257e-07, 4.4454361614e-07, 3.58344806273e-07]}, "spectral_entropy": {"min": 5.01935529709, "max": 9.82093048096, "dvar2": 0.149351939559, "median": 7.48023176193, "dmean2": 0.299298942089, "dmean": 0.207438856363, "var": 0.548606693745, "dvar": 0.076190367341, "mean": 7.38690233231}, "spectral_rolloff": {"min": 21.533203125, "max": 19530.6152344, "dvar2": 2403837.5, "median": 409.130859375, "dmean2": 833.98034668, "dmean": 509.753570557, "var": 7908576.5, "dvar": 1071890.25, "mean": 1734.00390625}, "barkbands": {"min": [2.33752674985e-25, 2.84509371064e-24, 5.33381792963e-25, 8.97319123105e-25, 6.47364186829e-24, 7.46054867035e-24, 7.60409611155e-24, 4.15767956805e-24, 1.64045155631e-23, 9.01536905985e-24, 1.19511914381e-23, 1.82820960254e-23, 3.09293302058e-23, 2.21764167468e-23, 3.28812371425e-23, 5.17199960211e-23, 7.5377779952e-23, 9.29866005497e-23, 1.27053230576e-22, 1.56339849454e-22, 2.05560945542e-22, 2.83422728578e-22, 4.12532172434e-22, 5.66099459797e-22, 8.90189722465e-22, 1.29384719709e-21, 1.99710621803e-21], "max": [0.0101983416826, 0.113717265427, 0.0672323703766, 0.125685989857, 0.0542162396014, 0.0210804771632, 0.0127628622577, 0.00713008083403, 0.0159611925483, 0.0118573261425, 0.0103583466262, 0.013708466664, 0.0200758986175, 0.0441901646554, 0.0125385057181, 0.0115867629647, 0.00428031524643, 0.00851671304554, 0.0124173341319, 0.00789726059884, 0.00703711993992, 0.00901737436652, 0.00340512744151, 0.00296283140779, 0.00134041171987, 0.0010601336835, 0.000602609594353], "dvar2": [1.21447476431e-06, 0.000339979305863, 9.48402448557e-05, 0.000476320332382, 2.83128847514e-05, 2.5940262276e-06, 5.67225072245e-07, 1.53626288579e-07, 7.33434546873e-07, 3.47981455207e-07, 1.56565292286e-07, 3.06872806277e-07, 1.00525892321e-06, 3.15958959618e-06, 5.41117685771e-07, 3.16462546834e-07, 1.3807594712e-07, 2.72356658115e-07, 4.47754871402e-07, 3.6987833596e-07, 3.25975008764e-07, 2.87298007606e-07, 6.78504576967e-08, 3.1752890095e-08, 5.97771521171e-09, 1.84819570759e-09, 1.13004006153e-09], "median": [6.60790028633e-05, 0.0012217516778, 0.000884094741195, 0.000317325466312, 0.000355418771505, 0.000148509891005, 2.66278329946e-05, 1.15178872875e-05, 1.50452015077e-05, 7.67695564718e-06, 5.11661664859e-06, 1.11298286356e-05, 8.47592582431e-06, 1.70303974301e-05, 1.89177389984e-05, 2.69744123216e-05, 1.88636768144e-05, 2.305241469e-05, 2.9141043342e-05, 2.03614199563e-05, 1.47791170093e-05, 1.14973736345e-05, 5.53225800104e-06, 4.45929981652e-06, 1.50368418872e-06, 3.12404779379e-07, 9.53044718699e-08], "dmean2": [0.000322487467201, 0.00421277806163, 0.00285370857455, 0.00493223592639, 0.00143934821244, 0.000648583343718, 0.000233695405768, 0.000105313782115, 0.000208516590646, 0.000143114899402, 9.17574507184e-05, 0.000127509658341, 0.000177744732355, 0.000282879045699, 0.000214958301513, 0.000171007777681, 0.000128092244267, 0.00017646534252, 0.000222478251089, 0.000201965827728, 0.000189058860997, 0.000172196960193, 9.02398242033e-05, 6.53389288345e-05, 2.57902484009e-05, 8.50631840876e-06, 8.11678819446e-06], "dmean": [0.000215075211599, 0.00240539293736, 0.00160880957264, 0.00270762527362, 0.000799150904641, 0.000410394917708, 0.000142495031469, 6.44889805699e-05, 0.000135970840347, 9.60531106102e-05, 6.04863998888e-05, 8.85165936779e-05, 0.000115815033496, 0.000188468344277, 0.000137796043418, 0.000107733772893, 8.00663838163e-05, 0.000115706272481, 0.000147854021634, 0.000131569438963, 0.000129183987156, 0.00012334236817, 6.31405855529e-05, 4.66915516881e-05, 1.82852181752e-05, 5.94998937231e-06, 5.31128989678e-06], "var": [4.46272906629e-07, 7.95154483058e-05, 2.30574314628e-05, 0.000104884122266, 6.15977387497e-06, 2.1963026029e-06, 2.85664924604e-07, 9.7681237321e-08, 5.89263265738e-07, 3.75829046106e-07, 2.15773283685e-07, 3.84892388183e-07, 1.0940282209e-06, 7.07516801413e-06, 6.41374072075e-07, 2.67045805913e-07, 9.4398068029e-08, 2.91450135137e-07, 5.28398857114e-07, 3.3282486811e-07, 2.79495708355e-07, 3.24797866824e-07, 8.05298725481e-08, 4.55061837101e-08, 7.41297556672e-09, 1.38088640522e-09, 5.87693338439e-10], "dvar": [4.92662650231e-07, 0.000122764569824, 3.40761762345e-05, 0.000170929633896, 9.83083191386e-06, 1.13128692192e-06, 2.21665303002e-07, 6.2376876997e-08, 3.02107878269e-07, 1.61007193356e-07, 7.44968957633e-08, 1.57165288783e-07, 5.03730916535e-07, 1.73265698322e-06, 2.28438423733e-07, 1.31144304305e-07, 5.54097105976e-08, 1.20876549659e-07, 1.97490010123e-07, 1.54073660497e-07, 1.52071493176e-07, 1.50634633655e-07, 3.59440974762e-08, 1.7557766796e-08, 2.99142111082e-09, 8.29732504926e-10, 4.53624554586e-10], "mean": [0.000251828110777, 0.00265925563872, 0.00197056820616, 0.00207165675238, 0.000892362149898, 0.000700307427905, 0.000194445441593, 9.5638424682e-05, 0.000219165987801, 0.000155812376761, 0.000102840473119, 0.000142437216709, 0.000180855902727, 0.000374743685825, 0.000223078473937, 0.00017951290647, 0.000129251100589, 0.000201078815735, 0.000258991494775, 0.000221331240027, 0.000208685625694, 0.000203236035304, 0.000105835562863, 8.05574818514e-05, 3.1195628253e-05, 9.26267603063e-06, 6.0316924646e-06]}, "melbands_flatness_db": {"min": 0.00227081938647, "max": 0.62682646513, "dvar2": 0.00322445435449, "median": 0.238565951586, "dmean2": 0.0445874854922, "dmean": 0.0310224331915, "var": 0.0127344261855, "dvar": 0.00144475244451, "mean": 0.24766227603}, "melbands_skewness": {"min": -3.25331997871, "max": 95.0528945923, "dvar2": 6.6763958931, "median": 3.59487128258, "dmean2": 1.6751203537, "dmean": 1.08119797707, "var": 15.8657302856, "dvar": 2.73866486549, "mean": 4.19441652298}, "barkbands_skewness": {"min": -5.9951415062, "max": 119.054954529, "dvar2": 3.49269747734, "median": 2.18207836151, "dmean2": 1.15865063667, "dmean": 0.770823717117, "var": 28.5121841431, "dvar": 1.74811375141, "mean": 2.82250285149}, "silence_rate_60dB": {"min": 0, "max": 1, "dvar2": 0.0863527655602, "median": 0, "dmean2": 0.0838445797563, "dmean": 0.0419151484966, "var": 0.20509056747, "dvar": 0.0401567220688, "mean": 0.288074970245}, "spectral_energyband_low": {"min": 1.07156104352e-23, "max": 0.133943423629, "dvar2": 0.000914353760891, "median": 0.00312385801226, "dmean2": 0.0095854382962, "dmean": 0.00548009946942, "var": 0.00023048685398, "dvar": 0.000336099765263, "mean": 0.00606993120164}, "spectral_energyband_middle_low": {"min": 1.66923055897e-22, "max": 0.160209879279, "dvar2": 0.000647150154691, "median": 0.00151541410014, "dmean2": 0.00662606721744, "dmean": 0.00381914922036, "var": 0.000161739008036, "dvar": 0.000237127766013, "mean": 0.00424227211624}, "melbands_kurtosis": {"min": -1.90484380722, "max": 12246.2148438, "dvar2": 70627.359375, "median": 18.8121032715, "dmean2": 38.2145996094, "dmean": 23.1104106903, "var": 116871.054688, "dvar": 25629.609375, "mean": 55.3864517212}, "spectral_decrease": {"min": -5.63008093479e-08, "max": 2.03785969645e-28, "dvar2": 1.11816898776e-16, "median": -1.49467083155e-09, "dmean2": 3.49517703668e-09, "dmean": 2.0701904635e-09, "var": 3.49644778151e-17, "dvar": 4.21441242906e-17, "mean": -2.89667645426e-09}, "erbbands_kurtosis": {"min": -1.83069181442, "max": 106.130104065, "dvar2": 31.4651603699, "median": 0.116485714912, "dmean2": 2.5617582798, "dmean": 1.67229449749, "var": 73.5251464844, "dvar": 15.3143014908, "mean": 2.21158361435}, "melbands_crest": {"min": 1.55510878563, "max": 39.9508399963, "dvar2": 25.5890903473, "median": 15.527507782, "dmean2": 4.23520278931, "dmean": 2.62995314598, "var": 36.1792793274, "dvar": 9.94155025482, "mean": 15.9101228714}, "gfcc": {"cov": [[34653.4335938, -315.383026123, -4140.03125, 2045.59106445, -1455.29174805, 752.729431152, -297.016937256, 339.062011719, -393.261871338, -28.0857315063, -282.639160156, -274.658447266, -431.901306152], [-315.383026123, 2304.52539062, -279.44342041, -288.723510742, 520.988952637, -176.949310303, 100.234481812, -72.5289154053, 79.7196578979, -83.5147857666, 89.7396697998, -20.3031806946, 10.027589798], [-4140.03125, -279.44342041, 1734.36853027, -17.6132888794, 35.801525116, 47.7705459595, -70.7820205688, -16.5761394501, 8.78458213806, 29.5344772339, -1.8296765089, -15.9264411926, 69.7146606445], [2045.59106445, -288.723510742, -17.6132888794, 499.568969727, -82.1148986816, 106.359077454, -29.1351509094, 19.3980789185, -24.6494274139, -5.34098243713, -24.4181404114, -33.4230918884, -33.7100715637], [-1455.29174805, 520.988952637, 35.801525116, -82.1148986816, 608.98046875, 2.32028317451, 93.9275512695, -29.4351062775, 61.514995575, -24.927740097, 18.1099376678, -9.82107543945, -49.8603744507], [752.729431152, -176.949310303, 47.7705459595, 106.359077454, 2.32028317451, 268.242126465, 61.6851730347, 40.5154953003, -3.59737467766, 30.4796543121, -11.4428024292, -36.4571037292, -35.8505172729], [-297.016937256, 100.234481812, -70.7820205688, -29.1351509094, 93.9275512695, 61.6851730347, 214.216583252, 44.799747467, 28.7097358704, 12.9714269638, 6.46662425995, -28.7786464691, -22.4108161926], [339.062011719, -72.5289154053, -16.5761394501, 19.3980789185, -29.4351062775, 40.5154953003, 44.799747467, 130.282791138, 31.8495426178, 16.6221446991, -4.78411579132, 1.0894292593, 6.03076028824], [-393.261871338, 79.7196578979, 8.78458213806, -24.6494274139, 61.514995575, -3.59737467766, 28.7097358704, 31.8495426178, 116.613700867, 17.9644165039, 4.4075922966, 0.805719792843, 4.43885040283], [-28.0857315063, -83.5147857666, 29.5344772339, -5.34098243713, -24.927740097, 30.4796543121, 12.9714269638, 16.6221446991, 17.9644165039, 96.2434387207, 13.7136001587, -3.01145195961, -6.37550783157], [-282.639160156, 89.7396697998, -1.8296765089, -24.4181404114, 18.1099376678, -11.4428024292, 6.46662425995, -4.78411579132, 4.4075922966, 13.7136001587, 87.5241317749, 27.813703537, 8.07643318176], [-274.658447266, -20.3031806946, -15.9264411926, -33.4230918884, -9.82107543945, -36.4571037292, -28.7786464691, 1.0894292593, 0.805719792843, -3.01145195961, 27.813703537, 86.0048828125, 36.7058067322], [-431.901306152, 10.027589798, 69.7146606445, -33.7100715637, -49.8603744507, -35.8505172729, -22.4108161926, 6.03076028824, 4.43885040283, -6.37550783157, 8.07643318176, 36.7058067322, 80.0050582886]], "icov": [[9.5691641036e-05, -9.75854782155e-05, 0.000206536074984, -0.000298269587802, 0.000210666868952, -0.000209523379453, 0.000232219375903, -0.000247896416113, 0.00019223918207, -4.64909317088e-05, 0.000189297861652, 2.94341825793e-05, 0.00029732202529], [-9.75854782155e-05, 0.000789399142377, -7.04945559846e-05, 0.000523730763234, -0.000741823809221, 0.000495517451782, -0.000298099796055, 0.000422053824877, -0.00040017865831, 0.000499618530739, -0.000945054809563, 0.00080023589544, -0.000908962043468], [0.000206536074984, -7.04945559846e-05, 0.00112140295096, -0.000566901813727, 0.00018987855583, -0.000633108022157, 0.000819023523945, -0.000429521751357, 0.000379672070267, -0.000268531526672, 0.000219838926569, 0.00075211020885, -0.000405506871175], [-0.000298269587802, 0.000523730763234, -0.000566901813727, 0.00339952297509, -0.000546265160665, -0.000198008332518, -9.88883330137e-05, 0.000473354099086, -0.00050845881924, 0.000772762694396, -0.000700813252479, 0.000615621276665, -0.000363912869943], [0.000210666868952, -0.000741823809221, 0.00018987855583, -0.000546265160665, 0.00305321789347, -0.000685476406943, -0.000364341336535, 0.000178505244548, -0.000713283778168, 0.000547734671272, 0.000660724879708, -0.00115438678768, 0.00286090513691], [-0.000209523379453, 0.000495517451782, -0.000633108022157, -0.000198008332518, -0.000685476406943, 0.00559386052191, -0.00175437296275, -0.000490077072755, 0.000207257922739, -0.000992318615317, -0.000454574910691, 0.000884197885171, 0.000449630199], [0.000232219375903, -0.000298099796055, 0.000819023523945, -9.88883330137e-05, -0.000364341336535, -0.00175437296275, 0.0070001934655, -0.00264119869098, 6.40534126433e-05, -0.000299555045785, -0.000499881920405, 0.00223545101471, 0.000679829565343], [-0.000247896416113, 0.000422053824877, -0.000429521751357, 0.000473354099086, 0.000178505244548, -0.000490077072755, -0.00264119869098, 0.0104656489566, -0.0031810447108, -0.000402204255806, 0.000293818418868, -0.00108438602183, -0.00184223905671], [0.00019223918207, -0.00040017865831, 0.000379672070267, -0.00050845881924, -0.000713283778168, 0.000207257922739, 6.40534126433e-05, -0.0031810447108, 0.0109463473782, -0.00230959639885, 0.000660129415337, 0.000295921694487, -0.000544840353541], [-4.64909317088e-05, 0.000499618530739, -0.000268531526672, 0.000772762694396, 0.000547734671272, -0.000992318615317, -0.000299555045785, -0.000402204255806, -0.00230959639885, 0.0124366357923, -0.0028381482698, 0.000626479915809, 0.0012073853286], [0.000189297861652, -0.000945054809563, 0.000219838926569, -0.000700813252479, 0.000660724879708, -0.000454574910691, -0.000499881920405, 0.000293818418868, 0.000660129415337, -0.0028381482698, 0.0147430067882, -0.00567402271554, 0.00155153323431], [2.94341825793e-05, 0.00080023589544, 0.00075211020885, 0.000615621276665, -0.00115438678768, 0.000884197885171, 0.00223545101471, -0.00108438602183, 0.000295921694487, 0.000626479915809, -0.00567402271554, 0.0184888336807, -0.00782893691212], [0.00029732202529, -0.000908962043468, -0.000405506871175, -0.000363912869943, 0.00286090513691, 0.000449630199, 0.000679829565343, -0.00184223905671, -0.000544840353541, 0.0012073853286, 0.00155153323431, -0.00782893691212, 0.0202936474234]], "mean": [-131.28894043, 86.1258544922, -90.9369659424, 56.3941764832, -40.0599899292, 6.52111101151, -32.1341743469, -3.42914772034, -18.4816913605, 0.0957008823752, -10.3071632385, -3.11704277992, -6.86668252945]}, "melbands_spread": {"min": 0.0400924496353, "max": 234.319534302, "dvar2": 413.694885254, "median": 13.0174484253, "dmean2": 11.5860385895, "dmean": 7.70169258118, "var": 927.772888184, "dvar": 184.499313354, "mean": 25.3719768524}, "spectral_energy": {"min": 9.94549381173e-21, "max": 0.224382981658, "dvar2": 0.00168579956517, "median": 0.00592819321901, "dmean2": 0.0136533388868, "dmean": 0.00817806180567, "var": 0.000566548726056, "dvar": 0.000640857266262, "mean": 0.0118699576706}, "mfcc": {"cov": [[18840.4375, -1379.85205078, -1744.08654785, 590.830749512, -666.039550781, 254.743652344, -37.7989196777, 334.296691895, 76.7702102661, 134.861282349, 88.8222808838, 144.563827515, 148.772857666], [-1379.85205078, 2511.70922852, -318.965698242, 73.0402526855, 318.499633789, 9.30694580078, 72.6631088257, 9.65913295746, -12.0155677795, -31.2906551361, 23.9675655365, 16.5434894562, 43.1205329895], [-1744.08654785, -318.965698242, 1324.94274902, 47.07264328, 91.4772720337, 25.06848526, 10.5936145782, -70.3486175537, -6.60007715225, 56.9803009033, -73.7253417969, -50.0156173706, -73.1028213501], [590.830749512, 73.0402526855, 47.07264328, 335.27166748, 83.2522277832, 41.7139205933, 16.9479103088, 10.3673639297, 7.8878121376, -11.6382360458, -12.8841104507, 33.1098976135, 7.70376396179], [-666.039550781, 318.499633789, 91.4772720337, 83.2522277832, 358.249237061, 77.18334198, 26.8065280914, 16.6207580566, 20.4050045013, -30.9582767487, 10.6236715317, 47.9872207642, -1.37924385071], [254.743652344, 9.30694580078, 25.06848526, 41.7139205933, 77.18334198, 193.930496216, 74.2004241943, 18.2861251831, 22.2206726074, 19.9820919037, 37.2295341492, 24.3226718903, 19.0841522217], [-37.7989196777, 72.6631088257, 10.5936145782, 16.9479103088, 26.8065280914, 74.2004241943, 153.955993652, 29.2478485107, 9.93336105347, 30.7698001862, 22.3849830627, 7.22862386703, 14.4990854263], [334.296691895, 9.65913295746, -70.3486175537, 10.3673639297, 16.6207580566, 18.2861251831, 29.2478485107, 105.496376038, 39.8399734497, 4.25227737427, 8.75096988678, 21.4696159363, 12.9198694229], [76.7702102661, -12.0155677795, -6.60007715225, 7.8878121376, 20.4050045013, 22.2206726074, 9.93336105347, 39.8399734497, 112.018730164, 32.7858467102, 17.7747497559, 16.7369842529, 6.46745872498], [134.861282349, -31.2906551361, 56.9803009033, -11.6382360458, -30.9582767487, 19.9820919037, 30.7698001862, 4.25227737427, 32.7858467102, 112.4634552, 34.9520339966, -6.29090070724, -0.733350098133], [88.8222808838, 23.9675655365, -73.7253417969, -12.8841104507, 10.6236715317, 37.2295341492, 22.3849830627, 8.75096988678, 17.7747497559, 34.9520339966, 98.6386184692, 25.3497276306, 13.0449171066], [144.563827515, 16.5434894562, -50.0156173706, 33.1098976135, 47.9872207642, 24.3226718903, 7.22862386703, 21.4696159363, 16.7369842529, -6.29090070724, 25.3497276306, 92.4189147949, 33.5657958984], [148.772857666, 43.1205329895, -73.1028213501, 7.70376396179, -1.37924385071, 19.0841522217, 14.4990854263, 12.9198694229, 6.46745872498, -0.733350098133, 13.0449171066, 33.5657958984, 79.1374664307]], "icov": [[8.75709229149e-05, 4.3938482122e-05, 0.000122379380628, -0.000198567286134, 0.000163074131706, -0.000188364851056, 0.000142577977385, -0.00023760010663, 9.34265408432e-05, -0.000181349023478, 7.81766430009e-05, -5.0711347285e-05, 4.05010405302e-06], [4.3938482122e-05, 0.000525578390807, 0.000226492455113, -0.000144913967233, -0.000502119713929, 0.00018684528186, -0.00020071399922, 8.05297895567e-06, 0.000142706077895, -0.000183336494956, 1.26069753605e-05, 0.000307868962409, -0.000310022267513], [0.000122379380628, 0.000226492455113, 0.00116571376566, -0.000351044815034, -0.000278626772342, -0.000353382783942, 4.50346051366e-05, 0.000309408205794, 0.000152871041792, -0.00111237517558, 0.00105595774949, 9.74288632278e-05, 0.000540929147974], [-0.000198567286134, -0.000144913967233, -0.000351044815034, 0.0037863063626, -0.00083889614325, -0.000102001460618, -0.00041516526835, 0.000503495684825, -0.000237115498749, 0.000426131213317, 0.000762065581512, -0.000999954412691, 8.50699652801e-05], [0.000163074131706, -0.000502119713929, -0.000278626772342, -0.00083889614325, 0.0046334839426, -0.00179435347673, 0.000338907237165, -0.000664254475851, -0.000539630535059, 0.00136414472945, -0.000215755877434, -0.00204806798138, 0.0013121162774], [-0.000188364851056, 0.00018684528186, -0.000353382783942, -0.000102001460618, -0.00179435347673, 0.00795065890998, -0.00336564215831, 0.000763035437558, -0.000811419275124, 0.000337025383487, -0.00213697250001, 0.000220979316509, -0.00119276659098], [0.000142577977385, -0.00020071399922, 4.50346051366e-05, -0.00041516526835, 0.000338907237165, -0.00336564215831, 0.00922046881169, -0.00281388894655, 0.00137636752333, -0.00234195962548, -0.000162716663908, 0.000568440183997, -0.000837509345729], [-0.00023760010663, 8.05297895567e-06, 0.000309408205794, 0.000503495684825, -0.000664254475851, 0.000763035437558, -0.00281388894655, 0.0130703160539, -0.00448342040181, 0.00118270411622, 0.000574870558921, -0.00150196428876, -0.00021514283435], [9.34265408432e-05, 0.000142706077895, 0.000152871041792, -0.000237115498749, -0.000539630535059, -0.000811419275124, 0.00137636752333, -0.00448342040181, 0.0119357425719, -0.00388554949313, -0.000109668653749, -0.00097062549321, -4.72290730613e-06], [-0.000181349023478, -0.000183336494956, -0.00111237517558, 0.000426131213317, 0.00136414472945, 0.000337025383487, -0.00234195962548, 0.00118270411622, -0.00388554949313, 0.0133059937507, -0.00484959688038, 0.00156714301556, 0.00012583307398], [7.81766430009e-05, 1.26069753605e-05, 0.00105595774949, 0.000762065581512, -0.000215755877434, -0.00213697250001, -0.000162716663908, 0.000574870558921, -0.000109668653749, -0.00484959688038, 0.0144022312015, -0.00365484762006, 0.000335113436449], [-5.0711347285e-05, 0.000307868962409, 9.74288632278e-05, -0.000999954412691, -0.00204806798138, 0.000220979316509, 0.000568440183997, -0.00150196428876, -0.00097062549321, 0.00156714301556, -0.00365484762006, 0.0160015951842, -0.00592369586229], [4.05010405302e-06, -0.000310022267513, 0.000540929147974, 8.50699652801e-05, 0.0013121162774, -0.00119276659098, -0.000837509345729, -0.00021514283435, -4.72290730613e-06, 0.00012583307398, 0.000335113436449, -0.00592369586229, 0.0162468440831]], "mean": [-765.930419922, 106.473999023, 15.1857194901, 48.5007781982, 16.7415504456, 16.4087238312, 1.98314058781, -0.163589656353, -3.37222409248, 3.17020511627, -3.49330186844, -1.74316167831, -1.48607456684]}, "spectral_contrast_valleys": {"min": [-28.1073436737, -28.016166687, -27.7247104645, -27.723361969, -27.5169715881, -27.4147548676], "max": [-5.10356426239, -5.25916194916, -5.66043376923, -5.8469080925, -5.41563510895, -7.81105422974], "dvar2": [0.308462291956, 0.396994292736, 0.436888247728, 0.416013747454, 0.453019142151, 0.544738411903], "median": [-7.4195318222, -8.31217193604, -9.06005859375, -9.03388786316, -8.57400035858, -11.0946884155], "dmean2": [0.568962275982, 0.601036131382, 0.578674674034, 0.519938707352, 0.486806303263, 0.514001488686], "dmean": [0.35718947649, 0.389142632484, 0.377780437469, 0.353313595057, 0.362128436565, 0.417918711901], "var": [7.57049751282, 7.16959571838, 6.86158895493, 7.17185163498, 7.85045433044, 6.57824277878], "dvar": [0.158554926515, 0.21383035183, 0.226271554828, 0.23303771019, 0.283164024353, 0.346705496311], "mean": [-8.08572864532, -8.68283748627, -9.44431209564, -9.43231105804, -8.96321964264, -11.4504041672]}, "barkbands_flatness_db": {"min": 0.032098852098, "max": 0.639893591404, "dvar2": 0.00197698967531, "median": 0.156705617905, "dmean2": 0.0359392873943, "dmean": 0.0245652180165, "var": 0.00712576275691, "dvar": 0.000870630610734, "mean": 0.170437380672}, "dynamic_complexity": 6.50111627579, "erbbands_flatness_db": {"min": 0.0403175577521, "max": 0.412207335234, "dvar2": 0.000744637683965, "median": 0.149573847651, "dmean2": 0.025545654