{"lowlevel": {"spectral_complexity": {"min": 0, "max": 57, "dvar2": 43.8484535217, "median": 7, "dmean2": 4.12226438522, "dmean": 2.97698402405, "var": 92.5625839233, "dvar": 29.4567832947, "mean": 10.2137823105}, "silence_rate_20dB": {"min": 1, "max": 1, "dvar2": 0, "median": 1, "dmean2": 0, "dmean": 0, "var": 0, "dvar": 0, "mean": 1}, "average_loudness": 0.67144370079, "erbbands_spread": {"min": 2.25299048424, "max": 172.353042603, "dvar2": 428.751831055, "median": 30.6841392517, "dmean2": 14.8135051727, "dmean": 10.0143327713, "var": 537.799255371, "dvar": 204.025482178, "mean": 36.5514831543}, "spectral_kurtosis": {"min": -1.29256927967, "max": 126.383224487, "dvar2": 111.685966492, "median": 5.75818300247, "dmean2": 7.12638378143, "dmean": 4.34404182434, "var": 174.545913696, "dvar": 43.9407310486, "mean": 10.8001422882}, "barkbands_kurtosis": {"min": -1.9239076376, "max": 503.385803223, "dvar2": 2046.99047852, "median": 9.00582313538, "dmean2": 17.5920734406, "dmean": 11.0829153061, "var": 969.699645996, "dvar": 815.81036377, "mean": 18.2167186737}, "spectral_strongpeak": {"min": 0, "max": 10.3057928085, "dvar2": 0.788486778736, "median": 0.240746155381, "dmean2": 0.465337127447, "dmean": 0.282638043165, "var": 0.723956108093, "dvar": 0.328554272652, "mean": 0.530643939972}, "spectral_spread": {"min": 745628.875, "max": 51744232, "dvar2": 2183221477380.0, "median": 3660420.5, "dmean2": 965169.875, "dmean": 683801.75, "var": 4400906502140.0, "dvar": 1147826995200.0, "mean": 3970886.5}, "spectral_rms": {"min": 3.23071994504e-12, "max": 0.0150328595191, "dvar2": 5.31017394678e-06, "median": 0.00367577606812, "dmean2": 0.00147155881859, "dmean": 0.00101929425728, "var": 7.91987986304e-06, "dvar": 2.83342910734e-06, "mean": 0.0042632240802}, "erbbands": {"min": [2.29299524607e-22, 8.40962580547e-22, 1.38453216279e-20, 5.65385380381e-20, 5.89345054564e-20, 4.32168556652e-20, 6.72463135194e-20, 1.15208604192e-19, 7.38866674454e-19, 7.5796746387e-19, 1.25811617249e-18, 9.50924247252e-19, 1.68662674907e-18, 2.20194548483e-18, 3.12418093709e-18, 2.89080785049e-18, 2.43396302921e-18, 3.6801372986e-18, 7.69851371275e-18, 5.49531360172e-18, 5.28118301091e-18, 6.82544525571e-18, 6.27835172089e-18, 1.0292191463e-17, 1.23403675874e-17, 1.23746658044e-17, 1.31348547135e-17, 1.06608832328e-17, 1.4375757154e-17, 1.78565563327e-17, 1.54946827143e-17, 1.09119375118e-17, 1.2831880789e-17, 1.0906507071e-17, 8.14461387146e-18, 4.91336143511e-18, 3.11744272382e-18, 1.13249680236e-18, 2.63583945623e-19, 3.48647904021e-20], "max": [8.57270717621, 38.2440185547, 56.8667182922, 74.0444335938, 352.954467773, 381.967681885, 562.066223145, 710.55255127, 1279.38000488, 1670.8861084, 1020.78289795, 1626.66906738, 2264.62011719, 2439.09082031, 1432.90405273, 888.130859375, 1935.19213867, 1038.78588867, 938.211303711, 923.517028809, 606.96081543, 248.751052856, 312.475280762, 189.051010132, 275.582305908, 508.14074707, 220.775375366, 220.69128418, 378.526794434, 277.074554443, 136.009963989, 94.9932250977, 84.0220794678, 36.6992340088, 18.9105300903, 5.76249456406, 1.02183425426, 0.213501036167, 0.0247584264725, 0.000770405982621], "dvar2": [1.79914939404, 50.4321632385, 96.8560638428, 68.8072662354, 219.90184021, 602.206115723, 821.501098633, 1148.86291504, 1982.70837402, 8917.96484375, 3319.62597656, 2882.59594727, 12813.2324219, 7420.14111328, 17157.9433594, 4832.52099609, 2097.33374023, 2197.83447266, 9033.04394531, 2745.4699707, 978.88494873, 884.570556641, 407.907928467, 215.990493774, 334.904144287, 528.01953125, 165.844619751, 242.338943481, 275.501373291, 212.116973877, 80.0664749146, 29.4567775726, 14.0479898453, 8.13984870911, 2.14516806602, 0.193290606141, 0.00823000539094, 0.000374647876015, 4.48236869488e-06, 6.29082475001e-09], "median": [0.0877311378717, 0.690402925014, 1.48032784462, 2.01391267776, 2.81040239334, 4.23700332642, 3.77952623367, 3.61135673523, 2.36088275909, 2.400151968, 2.26464939117, 2.42067813873, 1.82639658451, 1.28356409073, 1.09547424316, 1.42377710342, 1.42897343636, 1.33924376965, 0.910269737244, 0.761450529099, 0.978046238422, 0.747118890285, 0.666182041168, 0.584084749222, 0.542386114597, 0.472257435322, 0.298469007015, 0.195526599884, 0.177644208074, 0.152758210897, 0.0950556397438, 0.063040047884, 0.0305558405817, 0.0124985706061, 0.00633870717138, 0.00212235143408, 0.000473055115435, 7.96050444478e-05, 1.68024707818e-05, 1.76423454832e-05], "dmean2": [0.492841541767, 2.57445001602, 3.97937870026, 4.08698558807, 6.60827302933, 9.99611186981, 10.4132795334, 12.5004043579, 13.3383693695, 24.7012691498, 16.697435379, 15.245349884, 25.2729759216, 22.1536712646, 31.4622364044, 19.6117534637, 13.1642637253, 12.8376998901, 23.8119926453, 13.7475938797, 9.63239002228, 8.38471698761, 6.48857498169, 5.37022066116, 5.97822952271, 6.41251993179, 4.11827421188, 4.45948648453, 4.75592327118, 3.82543611526, 2.56120753288, 1.58091032505, 1.00255382061, 0.821644842625, 0.399702221155, 0.12013014406, 0.026311147958, 0.00518327113241, 0.000556930026505, 3.49453111994e-05], "dmean": [0.327738761902, 1.58911657333, 2.25082182884, 2.36122202873, 3.91380548477, 5.98267936707, 6.3551440239, 7.76239490509, 8.7848033905, 16.7443752289, 11.6049785614, 10.8619203568, 16.9848060608, 14.5433187485, 18.9517841339, 12.5969696045, 9.37826156616, 8.70210266113, 14.2021207809, 8.61220359802, 6.29429674149, 5.24687767029, 4.33909511566, 3.63375854492, 3.97621440887, 4.19469976425, 2.70270037651, 2.82925868034, 3.05680418015, 2.45371341705, 1.67791867256, 1.0775103569, 0.678178369999, 0.526619136333, 0.256698220968, 0.0781402364373, 0.0173101723194, 0.00343100703321, 0.000370726222172, 2.42474288825e-05], "var": [1.15838062763, 22.6962661743, 29.5061779022, 39.5593795776, 150.722320557, 302.968444824, 475.704437256, 900.69708252, 2140.48657227, 8267.72753906, 3923.22338867, 3672.78686523, 9390.71484375, 7991.08886719, 5556.70458984, 2621.89379883, 3737.77661133, 2430.07666016, 3234.90527344, 1494.7097168, 624.461364746, 340.4972229, 265.489318848, 199.280944824, 208.061920166, 276.623596191, 93.6770401001, 104.968513489, 139.093109131, 84.3783187866, 44.5820236206, 24.5837554932, 8.15301895142, 3.7441701889, 0.901570498943, 0.0822553560138, 0.00411664508283, 0.000184610107681, 2.29414285968e-06, 4.60973259564e-09], "dvar": [0.906056165695, 21.2871875763, 34.2634315491, 26.2064342499, 89.837928772, 225.36907959, 330.387969971, 470.598968506, 836.69317627, 4243.57421875, 1649.61120605, 1588.67553711, 5833.15283203, 3451.31030273, 6292.75390625, 1972.50866699, 1135.43005371, 996.468688965, 3402.87426758, 1151.09399414, 414.663024902, 343.653289795, 176.050064087, 97.6518859863, 145.09262085, 217.546890259, 69.3457946777, 95.672744751, 116.237457275, 84.5435256958, 34.3828582764, 14.198469162, 6.17139387131, 3.51321125031, 0.908723890781, 0.0824388861656, 0.00374556309544, 0.000171020496055, 2.09296922549e-06, 3.1616347318e-09], "mean": [0.427700519562, 2.11837124825, 3.20519852638, 4.11468505859, 6.39362478256, 9.53894424438, 10.1989679337, 13.3272037506, 15.3615293503, 25.7147865295, 19.0174694061, 18.0165786743, 25.8557281494, 20.033706665, 19.7225399017, 14.7654056549, 14.3760032654, 13.2445631027, 14.4073438644, 9.68540477753, 7.9975938797, 5.90916109085, 5.96432590485, 5.47089958191, 5.33097791672, 5.14142513275, 3.38367366791, 3.13936424255, 3.3947789669, 2.62244367599, 1.87038934231, 1.31614243984, 0.755238711834, 0.499628126621, 0.240714550018, 0.0746829733253, 0.0169613696635, 0.00331581174396, 0.000362467108062, 4.07781481044e-05]}, "zerocrossingrate": {"min": 0.001953125, "max": 0.81884765625, "dvar2": 0.000211940336158, "median": 0.02294921875, "dmean2": 0.00962976645678, "dmean": 0.0084942271933, "var": 0.00324436370283, "dvar": 0.000194203239516, "mean": 0.0344194062054}, "spectral_contrast_coeffs": {"min": [-0.9674872756, -0.967913269997, -0.970957636833, -0.967718660831, -0.963900208473, -0.96290242672], "max": [-0.282600790262, -0.364232569933, -0.421990424395, -0.501426637173, -0.557015538216, -0.566610634327], "dvar2": [0.00430140597746, 0.00364550063387, 0.00229226960801, 0.00150017079432, 0.000832997786347, 0.00110694416799], "median": [-0.693497002125, -0.724817633629, -0.77495610714, -0.788718223572, -0.810248732567, -0.778242230415], "dmean2": [0.0766714513302, 0.0684855654836, 0.0553588978946, 0.0453860163689, 0.032317686826, 0.0301554463804], "dmean": [0.0464865155518, 0.0431081242859, 0.0362731479108, 0.029414402321, 0.0214879754931, 0.0197661966085], "var": [0.00877865683287, 0.00675116945058, 0.0069476487115, 0.00364513299428, 0.00289467722178, 0.00234969006851], "dvar": [0.0017290370306, 0.00154405320063, 0.00106928963214, 0.000672160065733, 0.000407696323236, 0.000490386330057], "mean": [-0.677560031414, -0.718891084194, -0.763969421387, -0.786727488041, -0.804916083813, -0.777926683426]}, "dissonance": {"min": 0.209144845605, "max": 0.5, "dvar2": 0.00132741266862, "median": 0.454471826553, "dmean2": 0.0374463014305, "dmean": 0.0229724626988, "var": 0.00163710408378, "dvar": 0.000527218449861, "mean": 0.445190191269}, "spectral_energyband_high": {"min": 7.36406749172e-21, "max": 0.014997147955, "dvar2": 2.16223952521e-06, "median": 3.02979278786e-05, "dmean2": 0.000488203630084, "dmean": 0.000329060421791, "var": 1.32471836878e-06, "dvar": 9.70862288341e-07, "mean": 0.000398090167437}, "spectral_skewness": {"min": -0.197944134474, "max": 9.64575958252, "dvar2": 0.570310592651, "median": 1.91624617577, "dmean2": 0.650913774967, "dmean": 0.417414695024, "var": 1.46449315548, "dvar": 0.253437876701, "mean": 2.26937770844}, "spectral_flux": {"min": 6.92972276783e-11, "max": 0.407513022423, "dvar2": 0.00605772295967, "median": 0.0424964874983, "dmean2": 0.0510438010097, "dmean": 0.0326618589461, "var": 0.00526277394965, "dvar": 0.00274818809703, "mean": 0.0711022615433}, "silence_rate_30dB": {"min": 0, "max": 1, "dvar2": 0.0843362063169, "median": 1, "dmean2": 0.0850314497948, "dmean": 0.0425103753805, "var": 0.0445932298899, "dvar": 0.0407001599669, "mean": 0.953219294548}, "spectral_energyband_middle_high": {"min": 1.4127663251e-21, "max": 0.0807289630175, "dvar2": 7.32089029043e-05, "median": 0.000361723679816, "dmean2": 0.00269306451082, "dmean": 0.0018113568658, "var": 5.62753048143e-05, "dvar": 3.08055678033e-05, "mean": 0.00280145462602}, "barkbands_spread": {"min": 0.167385339737, "max": 133.976852417, "dvar2": 139.249343872, "median": 7.10561466217, "dmean2": 6.39969539642, "dmean": 4.2611746788, "var": 157.780334473, "dvar": 65.2169723511, "mean": 11.0900602341}, "spectral_centroid": {"min": 98.6863174438, "max": 11075.6738281, "dvar2": 261652.421875, "median": 556.485351562, "dmean2": 289.418670654, "dmean": 195.494537354, "var": 398560.625, "dvar": 129304.796875, "mean": 753.436218262}, "pitch_salience": {"min": 0.0943949222565, "max": 0.88383179903, "dvar2": 0.0147610912099, "median": 0.523756861687, "dmean2": 0.125402331352, "dmean": 0.078017808497, "var": 0.01944629848, "dvar": 0.00633451621979, "mean": 0.517080783844}, "erbbands_skewness": {"min": -4.5423412323, "max": 5.87977409363, "dvar2": 0.440754771233, "median": 0.891757726669, "dmean2": 0.617811024189, "dmean": 0.4146694839, "var": 0.834954559803, "dvar": 0.207068696618, "mean": 0.910979151726}, "erbbands_crest": {"min": 2.52640771866, "max": 27.6528186798, "dvar2": 13.3894853592, "median": 8.38193130493, "dmean2": 3.76238846779, "dmean": 2.38841176033, "var": 16.1662044525, "dvar": 5.6906542778, "mean": 9.20697879791}, "melbands": {"min": [2.94836388617e-24, 5.12686934304e-24, 9.87594452111e-24, 3.92289563e-24, 2.30670008713e-24, 2.79278533009e-24, 1.22949825427e-23, 8.17132970089e-24, 1.20717648832e-23, 5.50920774127e-24, 8.18087965101e-24, 8.16031404721e-24, 9.43153341926e-24, 7.5929992052e-24, 6.67529285946e-24, 4.73901444051e-24, 4.46760881822e-24, 1.19096137353e-23, 9.08253188846e-24, 7.65010405726e-24, 4.71699536049e-24, 6.903858207e-24, 6.69876068253e-24, 4.07164245343e-24, 8.7813558389e-24, 9.00860931075e-24, 8.56493106069e-24, 8.365358718e-24, 8.94630113216e-24, 7.2473795211e-24, 5.60458654674e-24, 8.58900394008e-24, 7.25440117201e-24, 9.95199386781e-24, 8.66299357096e-24, 9.52749834838e-24, 4.96243562608e-24, 8.76666172682e-24, 9.52816335813e-24, 8.70733938675e-24], "max": [0.0621679648757, 0.0379417277873, 0.0134642701596, 0.0264719612896, 0.0190745871514, 0.0147066190839, 0.0166276264936, 0.0149893835187, 0.00818863417953, 0.0127947013825, 0.01133936923, 0.0105850268155, 0.00625436846167, 0.00259165163152, 0.00393553683534, 0.00557064497843, 0.00169046549127, 0.0019962307997, 0.00142876582686, 0.000640859245323, 0.000684454047587, 0.000341709004715, 0.000217151871766, 0.000287672097329, 0.000181251307367, 0.000157309681526, 0.000363650702639, 0.000340708327712, 0.000188885634998, 0.000109657732537, 0.000123290286865, 0.000288628652925, 0.00012309642625, 0.00023771119595, 8.39079220896e-05, 6.47336273687e-05, 5.8089644881e-05, 6.74386392348e-05, 3.46506858477e-05, 3.7266407162e-05], "dvar2": [9.63745624176e-05, 4.1917875933e-05, 2.17111232814e-06, 1.91821436601e-06, 9.19676153899e-07, 5.5517182318e-07, 4.73527506983e-07, 8.44088958729e-07, 2.16366686345e-07, 1.70710748648e-07, 3.33694146093e-07, 1.28577454461e-07, 1.59924255172e-07, 9.36467969836e-08, 1.31921957802e-08, 1.93659221992e-08, 7.40229655349e-09, 1.85767135008e-08, 1.93715852248e-08, 1.77284942282e-09, 1.58863633359e-09, 1.42951006588e-09, 4.46854331315e-10, 3.31834143497e-10, 1.51608489651e-10, 2.38875697001e-10, 2.06371267297e-10, 2.43270709133e-10, 7.23092558053e-11, 6.20971607468e-11, 1.11401263214e-10, 1.15433620995e-10, 6.89162407697e-11, 1.0640315018e-10, 3.66404406815e-11, 1.44169988447e-11, 1.13288406434e-11, 7.90437073434e-12, 5.86399375238e-12, 7.12158110261e-12], "median": [0.000852426863275, 0.000913343508728, 0.000406532722991, 0.000289846415399, 0.000156117166625, 8.10417841421e-05, 3.51874477929e-05, 2.41231500695e-05, 1.68549122463e-05, 1.40208721859e-05, 8.62058368511e-06, 4.57808664578e-06, 3.46290084963e-06, 2.98470649795e-06, 3.59261821359e-06, 2.60765614257e-06, 2.27784698836e-06, 1.44049317896e-06, 8.32940145301e-07, 9.85827000477e-07, 9.73161149886e-07, 7.18775936548e-07, 5.19681293554e-07, 5.77530784085e-07, 4.06623541949e-07, 3.8346894371e-07, 3.2993071386e-07, 2.71716317002e-07, 1.87232870985e-07, 1.24293507042e-07, 9.49191019117e-08, 9.22417626725e-08, 9.9421640698e-08, 7.08664344984e-08, 5.43242961726e-08, 4.03389250891e-08, 3.5329996706e-08, 2.22973586261e-08, 1.23772228022e-08, 8.21802537132e-09], "dmean2": [0.00378221902065, 0.00244873086922, 0.000752570631448, 0.000592429074459, 0.00036770576844, 0.000283760891762, 0.000215794658288, 0.000247336341999, 0.00013476741151, 0.000106978754047, 0.000130432061269, 9.12376126507e-05, 0.00010380326421, 7.70580372773e-05, 3.3305175748e-05, 3.16297919198e-05, 2.32986421906e-05, 3.65099695046e-05, 3.22974483424e-05, 1.21429420687e-05, 1.18264561024e-05, 1.02124467958e-05, 5.93582308284e-06, 6.26700648354e-06, 4.34636967839e-06, 4.84954261992e-06, 4.37090875494e-06, 4.32973865827e-06, 2.6570000955e-06, 2.35914558289e-06, 2.8959809697e-06, 2.98545319311e-06, 2.29486590797e-06, 2.29024544751e-06, 1.673868951e-06, 1.09003667603e-06, 9.52835023327e-07, 7.15202872925e-07, 6.89031651291e-07, 7.31283137156e-07], "dmean": [0.00246425252408, 0.00144494441338, 0.000435209280113, 0.000355206313543, 0.000223395851208, 0.000175924928044, 0.000144721663673, 0.000170834129676, 9.29543748498e-05, 7.57000671001e-05, 8.74069519341e-05, 6.00015700911e-05, 6.38297278783e-05, 4.70490231237e-05, 2.29354791372e-05, 2.23581755563e-05, 1.57748454512e-05, 2.21038098971e-05, 1.91262424778e-05, 7.79866786615e-06, 7.68145218899e-06, 6.25175744062e-06, 3.77731589651e-06, 4.18602348873e-06, 2.89361196337e-06, 3.16872365147e-06, 2.84413840745e-06, 2.80135441244e-06, 1.74121271357e-06, 1.49821323703e-06, 1.79559901881e-06, 1.89937429695e-06, 1.46358320308e-06, 1.43442332501e-06, 1.07613664113e-06, 7.29809187305e-07, 6.37262303371e-07, 4.82548671243e-07, 4.47669975756e-07, 4.63136132112e-07], "var": [6.61122321617e-05, 1.47823593579e-05, 1.32035904699e-06, 1.09583038466e-06, 5.18157719398e-07, 4.78309289065e-07, 5.40992402875e-07, 8.92267792096e-07, 2.39249231981e-07, 1.99858007477e-07, 2.42956474494e-07, 1.40490897138e-07, 6.97613486977e-08, 3.12384429435e-08, 1.45374983163e-08, 2.28249685819e-08, 7.68722507871e-09, 8.24197421423e-09, 6.45901554464e-09, 1.12991238588e-09, 9.23777943029e-10, 4.83681872332e-10, 1.88660559397e-10, 2.62038474252e-10, 1.31535698999e-10, 1.26215995988e-10, 1.25801466466e-10, 1.23857479828e-10, 4.0674338897e-11, 2.86246217701e-11, 4.14682697902e-11, 6.17555034887e-11, 2.72521553935e-11, 3.4019852907e-11, 1.72723155223e-11, 1.1258261684e-11, 8.57780946967e-12, 4.48003092957e-12, 2.75514246834e-12, 3.05870129572e-12], "dvar": [4.95961539855e-05, 1.57730210049e-05, 8.27644214496e-07, 7.50719607368e-07, 3.64646638218e-07, 2.27827214871e-07, 2.11428414332e-07, 4.07430462701e-07, 1.04489444652e-07, 9.30855037495e-08, 1.51429389916e-07, 6.02528587024e-08, 6.13831545593e-08, 3.48523307991e-08, 6.78634926032e-09, 9.6454177978e-09, 3.34157590487e-09, 7.3024168934e-09, 7.3084871488e-09, 7.64172836121e-10, 6.6454813874e-10, 5.43439793166e-10, 1.74275774367e-10, 1.4898035583e-10, 6.66693714124e-11, 9.99619345632e-11, 8.8012680477e-11, 9.94840321233e-11, 3.00890805327e-11, 2.44412233508e-11, 4.2746240575e-11, 4.91303282779e-11, 2.74881402362e-11, 4.02011375578e-11, 1.50715689928e-11, 6.7158401236e-12, 5.31591914585e-12, 3.4353223391e-12, 2.47534523261e-12, 3.03389258161e-12], "mean": [0.00343167618848, 0.00207718205638, 0.000791957776528, 0.00058502954198, 0.000377140706405, 0.000309217430186, 0.000247262301855, 0.000267653987976, 0.000147660000948, 0.000122313314932, 0.000131039094413, 8.15644525574e-05, 6.99856464053e-05, 4.73202599096e-05, 3.18198508467e-05, 3.21088955388e-05, 2.30945752264e-05, 2.31360045291e-05, 1.79270300578e-05, 9.48486649577e-06, 9.25013864617e-06, 6.43170324111e-06, 4.64255208499e-06, 5.8507716858e-06, 4.19326215706e-06, 4.0191403059e-06, 3.67362167708e-06, 3.32225408783e-06, 2.19292610382e-06, 1.7272579953e-06, 1.86302816019e-06, 2.06747540688e-06, 1.59951093792e-06, 1.43624538396e-06, 1.13974726901e-06, 8.89781858859e-07, 7.56506665311e-07, 5.41807253285e-07, 4.4339770966e-07, 4.2466689365e-07]}, "spectral_entropy": {"min": 4.51428079605, "max": 9.81057167053, "dvar2": 0.164166435599, "median": 6.96975278854, "dmean2": 0.33461996913, "dmean": 0.243994861841, "var": 0.557536423206, "dvar": 0.0929025486112, "mean": 6.95842504501}, "spectral_rolloff": {"min": 43.06640625, "max": 22028.4667969, "dvar2": 1543257.625, "median": 322.998046875, "dmean2": 462.524627686, "dmean": 282.262573242, "var": 3309022, "dvar": 702428.75, "mean": 760.955322266}, "barkbands": {"min": [6.05784906237e-24, 5.43796650178e-24, 1.83886301129e-23, 2.0821327261e-23, 1.61696369617e-23, 1.11401674858e-23, 6.46508241192e-23, 3.8099305906e-23, 3.23925441227e-23, 9.56970572003e-23, 6.28001185703e-23, 6.8133020238e-23, 4.55284318799e-23, 5.72020081771e-23, 1.43367366345e-22, 1.10710986115e-22, 1.12634910577e-22, 9.78227849044e-23, 2.65300056608e-22, 2.73553510674e-22, 3.27203271884e-22, 3.90067786747e-22, 6.29077469656e-22, 5.98229499409e-22, 1.07028649042e-21, 1.7131657695e-21, 2.27293076458e-21], "max": [0.0159276518971, 0.195093601942, 0.0426416955888, 0.0348397605121, 0.102439329028, 0.0666814371943, 0.0843973085284, 0.0822312533855, 0.0944779217243, 0.0613666214049, 0.0391069464386, 0.0186437088996, 0.0425105541945, 0.0216665565968, 0.0190921928734, 0.0106025524437, 0.00708794780076, 0.00507833715528, 0.00374139822088, 0.0107763707638, 0.00409306352958, 0.00729524251074, 0.00679145473987, 0.00436591543257, 0.00260171177797, 0.000770642247517, 0.000139014940942], "dvar2": [5.23989228896e-06, 0.00103034882341, 5.017764488e-05, 9.35314255912e-06, 3.38839272445e-05, 1.50903133544e-05, 2.03294202947e-05, 8.41178189148e-06, 1.0909341654e-05, 1.05638737296e-05, 7.8008915807e-06, 4.79982190882e-06, 1.4993044033e-06, 7.73748126903e-07, 4.19448497269e-06, 3.30249122271e-07, 3.23828402315e-07, 1.21661571484e-07, 1.10727235381e-07, 1.88172023741e-07, 1.1323025717e-07, 1.87912618799e-07, 1.52039078216e-07, 5.37156132907e-08, 5.0936161955e-08, 4.39159952847e-09, 1.37295758096e-10], "median": [0.000137373310281, 0.00323040550575, 0.00120287900791, 0.000541004876141, 0.00127846514806, 0.000438371847849, 0.000156980226166, 8.13938604551e-05, 0.000112650879601, 2.66412880592e-05, 2.18490968109e-05, 3.35649747285e-05, 2.54468359344e-05, 2.5876395739e-05, 1.20594295367e-05, 1.64940829563e-05, 1.12666639325e-05, 1.13463811431e-05, 1.04916289274e-05, 9.50370667852e-06, 5.90684658164e-06, 5.26267967871e-06, 3.48361436409e-06, 2.46692206929e-06, 1.0044523151e-06, 3.36312155014e-07, 3.89352265984e-08], "dmean2": [0.000844684138428, 0.0125004742295, 0.00315105263144, 0.00149153464008, 0.00254028080963, 0.00153342727572, 0.00133255682886, 0.000835113751236, 0.000850039534271, 0.000737063994166, 0.000743501703255, 0.000586894399021, 0.000322788313497, 0.000256815488683, 0.000483680458274, 0.000176038098289, 0.000156010384671, 0.000120038828754, 0.000115729286335, 0.000125585647766, 0.000101945421193, 0.000128835628857, 0.000101365360024, 6.60932128085e-05, 6.41479855403e-05, 1.84467480722e-05, 3.06400806949e-06], "dmean": [0.000563964655157, 0.00794821418822, 0.00180303305387, 0.000862027984113, 0.00152840896044, 0.000944512372371, 0.000899669888895, 0.000577654631343, 0.000593244913034, 0.000484135758597, 0.000454357796116, 0.000367661035853, 0.000221877082367, 0.000169595950865, 0.000282781780697, 0.000112006302516, 9.62359335972e-05, 7.99423141871e-05, 7.62247582315e-05, 8.2577826106e-05, 6.51813388686e-05, 8.31293218653e-05, 6.55525873299e-05, 4.51023624919e-05, 4.12596564274e-05, 1.21597613543e-05, 2.02503338187e-06], "var": [2.84694988295e-06, 0.000665613100864, 1.88684043678e-05, 6.1412215473e-06, 1.98985999305e-05, 1.23530408018e-05, 2.07177108678e-05, 1.26024206111e-05, 1.18374582598e-05, 8.09285393188e-06, 4.02028354074e-06, 2.01046827897e-06, 1.9563863134e-06, 8.187740832e-07, 1.28454587411e-06, 1.92905517338e-07, 1.14423180264e-07, 9.26442922378e-08, 7.6019105677e-08, 1.12119693085e-07, 5.3132080069e-08, 9.23644165596e-08, 6.87827750312e-08, 3.94726740183e-08, 2.2627336449e-08, 2.03892169814e-09, 6.84354378722e-11], "dvar": [2.38694133259e-06, 0.000512081838679, 1.7867248971e-05, 3.52396023118e-06, 1.3384345948e-05, 6.27256076768e-06, 9.60771012615e-06, 4.45700379714e-06, 5.79731340622e-06, 4.61243098471e-06, 3.08062089971e-06, 1.85440831046e-06, 7.67500239363e-07, 3.59489888524e-07, 1.55579573402e-06, 1.34886207093e-07, 1.24181951833e-07, 5.39022515511e-08, 4.87336038191e-08, 7.93851029357e-08, 4.52727952904e-08, 7.88358320847e-08, 6.18539885977e-08, 2.50708183103e-08, 2.19073452712e-08, 1.93595606213e-09, 6.33742155975e-11], "mean": [0.00067775696516, 0.011249858886, 0.00272361026146, 0.00137840269599, 0.00256309565157, 0.00159460538998, 0.00140764645766, 0.000903370906599, 0.000954251154326, 0.00066501024412, 0.000507506891154, 0.000401024473831, 0.000315288227284, 0.000242501133471, 0.000256412982708, 0.000139255964314, 0.000101077421277, 0.000111682194984, 0.000104247621493, 0.000105246857856, 7.60008770158e-05, 9.31182294153e-05, 7.06285281922e-05, 5.33640159119e-05, 3.88401567761e-05, 1.17921263154e-05, 1.91064782484e-06]}, "melbands_flatness_db": {"min": 0.00413949973881, "max": 0.675523042679, "dvar2": 0.00366811198182, "median": 0.304006755352, "dmean2": 0.0491194054484, "dmean": 0.0348992645741, "var": 0.0139327868819, "dvar": 0.00196421542205, "mean": 0.313408046961}, "melbands_skewness": {"min": -1.63361406326, "max": 23.0860385895, "dvar2": 5.26005840302, "median": 3.23008584976, "dmean2": 1.65468835831, "dmean": 1.12240552902, "var": 6.6289601326, "dvar": 2.60459160805, "mean": 3.7049343586}, "barkbands_skewness": {"min": -6.29730224609, "max": 18.6705055237, "dvar2": 3.76323008537, "median": 2.38428616524, "dmean2": 1.3568418026, "dmean": 0.904654324055, "var": 4.47640705109, "dvar": 1.725289464, "mean": 2.7678937912}, "silence_rate_60dB": {"min": 0, "max": 1, "dvar2": 0.0814136713743, "median": 0, "dmean2": 0.0830188691616, "dmean": 0.0415042117238, "var": 0.12866397202, "dvar": 0.0397789441049, "mean": 0.151659965515}, "spectral_energyband_low": {"min": 4.21704845092e-23, "max": 0.209708303213, "dvar2": 0.00119535415433, "median": 0.00595251657069, "dmean2": 0.014376594685, "dmean": 0.0092905620113, "var": 0.000896185229067, "dvar": 0.00061614648439, "mean": 0.015298188664}, "spectral_energyband_middle_low": {"min": 2.17418496824e-22, "max": 0.14841632545, "dvar2": 0.000138722549309, "median": 0.00412268005311, "dmean2": 0.00592489400879, "dmean": 0.00386152439751, "var": 0.000178162925295, "dvar": 6.25458560535e-05, "mean": 0.00900395214558}, "melbands_kurtosis": {"min": -1.90739893913, "max": 755.648376465, "dvar2": 5778.47558594, "median": 18.5999622345, "dmean2": 32.8216438293, "dmean": 21.3534545898, "var": 3475.07177734, "dvar": 2573.93212891, "mean": 35.861656189}, "spectral_decrease": {"min": -6.05661512054e-08, "max": 4.86994578532e-17, "dvar2": 9.41797868427e-17, "median": -3.54286089355e-09, "dmean2": 5.07000175176e-09, "dmean": 3.34251848422e-09, "var": 8.68745445717e-17, "dvar": 4.8317505551e-17, "mean": -6.82028122867e-09}, "erbbands_kurtosis": {"min": -1.84647476673, "max": 59.3459091187, "dvar2": 10.5977163315, "median": 0.608668446541, "dmean2": 2.18806266785, "dmean": 1.41274237633, "var": 13.6352405548, "dvar": 4.65489721298, "mean": 1.70770204067}, "melbands_crest": {"min": 1.53003633022, "max": 36.2435417175, "dvar2": 26.1888065338, "median": 15.9596443176, "dmean2": 5.24382543564, "dmean": 3.33839321136, "var": 39.1916160583, "dvar": 11.5297393799, "mean": 16.5979671478}, "gfcc": {"cov": [[18543.2949219, -2317.18408203, -1989.32226562, 365.705169678, -1648.53527832, 418.508728027, -438.709594727, 442.819458008, -451.254089355, 227.917068481, -299.014099121, 182.034072876, -222.116378784], [-2317.18408203, 2321.11010742, 229.380889893, -285.309814453, 607.028076172, -273.657531738, 240.116851807, -181.445495605, 234.679122925, -173.199508667, 189.117126465, -162.421829224, 99.2320022583], [-1989.32226562, 229.380889893, 1185.46972656, 192.229949951, 409.570709229, 181.975280762, 93.5933990479, 62.0334815979, 96.8590164185, 59.0131111145, 42.9928321838, -3.87776875496, -9.82772731781], [365.705169678, -285.309814453, 192.229949951, 535.766662598, 37.8590812683, 38.640789032, -29.2111949921, 0.928822755814, -0.00186694960576, -5.75290155411, 18.1986618042, 43.5605735779, 16.4995002747], [-1648.53527832, 607.028076172, 409.570709229, 37.8590812683, 608.571350098, 51.3589782715, 128.767715454, -8.9585981369, 88.7722320557, -18.6063022614, 57.0875091553, -19.0685443878, 54.244102478], [418.508728027, -273.657531738, 181.975280762, 38.640789032, 51.3589782715, 285.160400391, 75.2530136108, 75.2181930542, -11.9773130417, 62.8743247986, -12.3968677521, 16.5417137146, -29.7724971771], [-438.709594727, 240.116851807, 93.5933990479, -29.2111949921, 128.767715454, 75.2530136108, 212.408218384, 37.6859092712, 54.9057579041, 0.528109848499, 27.6495437622, -16.4660015106, 18.8110656738], [442.819458008, -181.445495605, 62.0334815979, 0.928822755814, -8.9585981369, 75.2181930542, 37.6859092712, 169.51991272, 33.0888977051, 52.5521469116, -18.7450504303, 6.51357555389, -8.45378875732], [-451.254089355, 234.679122925, 96.8590164185, -0.00186694960576, 88.7722320557, -11.9773130417, 54.9057579041, 33.0888977051, 139.422210693, 23.4309997559, 28.6224498749, -22.5811309814, 19.1128978729], [227.917068481, -173.199508667, 59.0131111145, -5.75290155411, -18.6063022614, 62.8743247986, 0.528109848499, 52.5521469116, 23.4309997559, 133.185073853, 12.9933576584, 10.7600383759, -15.5395498276], [-299.014099121, 189.117126465, 42.9928321838, 18.1986618042, 57.0875091553, -12.3968677521, 27.6495437622, -18.7450504303, 28.6224498749, 12.9933576584, 117.123497009, 18.3222446442, 9.53118991852], [182.034072876, -162.421829224, -3.87776875496, 43.5605735779, -19.0685443878, 16.5417137146, -16.4660015106, 6.51357555389, -22.5811309814, 10.7600383759, 18.3222446442, 102.46321106, 27.4435882568], [-222.116378784, 99.2320022583, -9.82772731781, 16.4995002747, 54.244102478, -29.7724971771, 18.8110656738, -8.45378875732, 19.1128978729, -15.5395498276, 9.53118991852, 27.4435882568, 88.720161438]], "icov": [[0.000129505904624, -0.000204194773687, 0.000244210386882, -0.00025800007279, 0.000277171115158, -0.000395162496716, 0.000256756378803, -0.000446432793979, 0.000308647897327, -0.000248097116128, 0.000279521220364, -0.000250190205406, 0.000166012294358], [-0.000204194773687, 0.00192902900744, -0.000550610828213, 0.00121497176588, -0.00136827328242, 0.00171363539994, -0.00128855649382, 0.00168454181403, -0.00179278792348, 0.00176337186713, -0.00221583852544, 0.00207297946326, -0.000818498141598], [0.000244210386882, -0.000550610828213, 0.00181849533692, -0.000954959599767, -0.000234827413806, -0.00142706173938, 0.00075164437294, -0.00105289113708, 0.000190223683603, -0.000858903804328, 0.000691822147928, -0.000707333383616, 0.000964326492976], [-0.00025800007279, 0.00121497176588, -0.000954959599767, 0.00305622885935, -0.0009091453976, 0.000988891697489, -0.000383287784643, 0.00139053049497, -0.00141295441426, 0.00168536941055, -0.0017480555689, 0.000660585879814, -0.000994484988041], [0.000277171115158, -0.00136827328242, -0.000234827413806, -0.0009091453976, 0.00388395832852, -0.0017557120882, 0.000229950790526, -0.00101406860631, 0.000789267593063, -0.000679201737512, 0.000937274598982, -0.000867179827765, -0.000863312685397], [-0.000395162496716, 0.00171363539994, -0.00142706173938, 0.000988891697489, -0.0017557120882, 0.00777402799577, -0.0037723754067, 0.000726479687728, 0.000150145933731, -0.000473971100291, -0.000895993318409, 0.000663957092911, 0.00107885431498], [0.000256756378803, -0.00128855649382, 0.00075164437294, -0.000383287784643, 0.000229950790526, -0.0037723754067, 0.00818697363138, -0.00251252949238, -0.000518976361491, 0.000306308007566, -0.000149269719259, -4.62410826003e-05, -0.000947416876443], [-0.000446432793979, 0.00168454181403, -0.00105289113708, 0.00139053049497, -0.00101406860631, 0.000726479687728, -0.00251252949238, 0.0103304982185, -0.00406784517691, -0.000472357030958, 9.7916694358e-05, 0.000718102208339, -0.00043521085172], [0.000308647897327, -0.00179278792348, 0.000190223683603, -0.00141295441426, 0.000789267593063, 0.000150145933731, -0.000518976361491, -0.00406784517691, 0.0127108274028, -0.00386582291685, 0.000206323660677, 0.00106480100658, -0.00141491263639], [-0.000248097116128, 0.00176337186713, -0.000858903804328, 0.00168536941055, -0.000679201737512, -0.000473971100291, 0.000306308007566, -0.000472357030958, -0.00386582291685, 0.0119842188433, -0.00385697581805, 0.00105132802855, 0.000165281773661], [0.000279521220364, -0.00221583852544, 0.000691822147928, -0.0017480555689, 0.000937274598982, -0.000895993318409, -0.000149269719259, 9.7916694358e-05, 0.000206323660677, -0.00385697581805, 0.0133993215859, -0.0055103302002, 0.00229215272702], [-0.000250190205406, 0.00207297946326, -0.000707333383616, 0.000660585879814, -0.000867179827765, 0.000663957092911, -4.62410826003e-05, 0.000718102208339, 0.00106480100658, 0.00105132802855, -0.0055103302002, 0.0157488361001, -0.00663974601775], [0.000166012294358, -0.000818498141598, 0.000964326492976, -0.000994484988041, -0.000863312685397, 0.00107885431498, -0.000947416876443, -0.00043521085172, -0.00141491263639, 0.000165281773661, 0.00229215272702, -0.00663974601775, 0.0160849168897]], "mean": [-100.390144348, 132.034408569, -88.305847168, 35.4371604919, -47.514503479, 10.3730773926, -28.9996299744, 1.94254589081, -16.4959754944, -1.16324007511, -8.66516399384, -2.53037548065, -6.7372841835]}, "melbands_spread": {"min": 0.214778229594, "max": 254.437667847, "dvar2": 226.859817505, "median": 6.28391456604, "dmean2": 6.48669624329, "dmean": 4.37563228607, "var": 305.473937988, "dvar": 109.668685913, "mean": 11.4450807571}, "spectral_energy": {"min": 1.06984907021e-20, "max": 0.231636554003, "dvar2": 0.00140782468952, "median": 0.0138491131365, "dmean2": 0.0197849906981, "dmean": 0.013086380437, "var": 0.00131048087496, "dvar": 0.000719081261195, "mean": 0.0267474800348}, "mfcc": {"cov": [[14349.9804688, -2303.50805664, -1284.6204834, -315.359619141, -1144.80444336, -251.918029785, -291.508270264, 34.9339370728, -181.520889282, 73.2424316406, -116.497558594, -195.082580566, -58.1203994751], [-2303.50805664, 2114.69091797, 45.4527740479, 23.0085334778, 268.079956055, -7.47339963913, 90.2305831909, 18.0056552887, 38.3000221252, 35.6420059204, 75.4155731201, 51.8533592224, 6.14701080322], [-1284.6204834, 45.4527740479, 812.349853516, 140.423049927, 239.125518799, 149.200241089, 86.7579193115, 55.0422744751, 62.8849716187, 45.9701347351, 68.7246170044, 77.3090133667, 34.0379714966], [-315.359619141, 23.0085334778, 140.423049927, 413.185852051, 163.305679321, 44.4368133545, 9.41279888153, 28.0129394531, 11.4199028015, -12.6164522171, -32.349521637, 28.5395851135, 29.9820537567], [-1144.80444336, 268.079956055, 239.125518799, 163.305679321, 423.685028076, 113.736579895, 92.1623001099, 37.6754646301, 69.239112854, -17.7783107758, 15.2371311188, 74.3915939331, 42.4958724976], [-251.918029785, -7.47339963913, 149.200241089, 44.4368133545, 113.736579895, 206.896118164, 100.298820496, 38.8638458252, 39.961807251, 2.62967824936, 32.6383323669, 34.1800041199, 21.5176696777], [-291.508270264, 90.2305831909, 86.7579193115, 9.41279888153, 92.1623001099, 100.298820496, 185.303543091, 64.3414764404, 41.3099555969, 13.0402727127, 36.9183197021, 31.6591453552, 21.4734630585], [34.9339370728, 18.0056552887, 55.0422744751, 28.0129394531, 37.6754646301, 38.8638458252, 64.3414764404, 131.904327393, 47.9748878479, 10.9230709076, 11.4839687347, 14.6423053741, 14.186542511], [-181.520889282, 38.3000221252, 62.8849716187, 11.4199028015, 69.239112854, 39.961807251, 41.3099555969, 47.9748878479, 151.438842773, 51.1173858643, 23.4528388977, 6.9227604866, 9.65191173553], [73.2424316406, 35.6420059204, 45.9701347351, -12.6164522171, -17.7783107758, 2.62967824936, 13.0402727127, 10.9230709076, 51.1173858643, 148.058059692, 57.6725959778, 1.9439702034, -9.02638435364], [-116.497558594, 75.4155731201, 68.7246170044, -32.349521637, 15.2371311188, 32.6383323669, 36.9183197021, 11.4839687347, 23.4528388977, 57.6725959778, 122.530921936, 37.9532966614, -1.24957537651], [-195.082580566, 51.8533592224, 77.3090133667, 28.5395851135, 74.3915939331, 34.1800041199, 31.6591453552, 14.6423053741, 6.9227604866, 1.9439702034, 37.9532966614, 100.784957886, 25.0519924164], [-58.1203994751, 6.14701080322, 34.0379714966, 29.9820537567, 42.4958724976, 21.5176696777, 21.4734630585, 14.186542511, 9.65191173553, -9.02638435364, -1.24957537651, 25.0519924164, 82.4888916016]], "icov": [[0.000114635862701, 9.84451180557e-05, 0.00014852041204, -2.314923222e-05, 0.000185231896467, -6.32585215499e-05, 7.28816885385e-05, -0.000174721499206, 6.75239643897e-05, -0.000127137784148, 5.63429648537e-06, -3.9004979044e-05, -5.71666496398e-05], [9.84451180557e-05, 0.0006372652133, 0.000207232282264, 4.26778824476e-05, -0.000326287699863, 0.00028593945899, -0.00016182170657, -0.000133187306346, 0.000144092759001, -0.000210710131796, -0.000308485672576, 7.97443590272e-06, 3.23747044604e-05], [0.00014852041204, 0.000207232282264, 0.00188851810526, -0.000282054039417, -0.000449642218882, -0.000767739664298, 0.000255207793089, -0.000474420347018, 0.000165807665326, -0.00062079372583, -0.000514164566994, -0.000383017031709, -0.000119282682135], [-2.314923222e-05, 4.26778824476e-05, -0.000282054039417, 0.00314530194737, -0.00122365984134, -0.000206391079701, 0.000623459811322, -0.000614006188698, 0.000485896627652, -0.000459409697214, 0.00121291319374, -0.000248371070484, -0.000432110828115], [0.000185231896467, -0.000326287699863, -0.000449642218882, -0.00122365984134, 0.00484303943813, -0.00102495064493, -0.000735861365683, 0.000426514743594, -0.00160069018602, 0.000981770921499, 0.000571245094761, -0.00185014423914, -0.000459026021417], [-6.32585215499e-05, 0.00028593945899, -0.000767739664298, -0.000206391079701, -0.00102495064493, 0.00781713053584, -0.00334395212121, 0.000258158077486, -0.000680258439388, 0.000847803254146, -0.00109935912769, -9.64820446825e-06, -0.000200438968022], [7.28816885385e-05, -0.00016182170657, 0.000255207793089, 0.000623459811322, -0.000735861365683, -0.00334395212121, 0.00910814292729, -0.00327781029046, 6.56159754726e-05, -0.000257079809671, -0.00108796684071, -0.000246159848757, -0.000801958842203], [-0.000174721499206, -0.000133187306346, -0.000474420347018, -0.000614006188698, 0.000426514743594, 0.000258158077486, -0.00327781029046, 0.0104110715911, -0.00280904700048, 0.000619576778263, 0.000291887641652, -0.000451496918686, -0.000380525336368], [6.75239643897e-05, 0.000144092759001, 0.000165807665326, 0.000485896627652, -0.00160069018602, -0.000680258439388, 6.56159754726e-05, -0.00280904700048, 0.00944443233311, -0.00339418509975, 7.21155447536e-05, 0.00111912190914, -0.000555363891181], [-0.000127137784148, -0.000210710131796, -0.00062079372583, -0.000459409697214, 0.000981770921499, 0.000847803254146, -0.000257079809671, 0.000619576778263, -0.00339418509975, 0.0100450376049, -0.00447185477242, 0.000994220608845, 0.00070934323594], [5.63429648537e-06, -0.000308485672576, -0.000514164566994, 0.00121291319374, 0.000571245094761, -0.00109935912769, -0.00108796684071, 0.000291887641652, 7.21155447536e-05, -0.00447185477242, 0.0130250211805, -0.00463354075328, 0.00113051943481], [-3.9004979044e-05, 7.97443590272e-06, -0.000383017031709, -0.000248371070484, -0.00185014423914, -9.64820446825e-06, -0.000246159848757, -0.000451496918686, 0.00111912190914, 0.000994220608845, -0.00463354075328, 0.0141293751076, -0.00306582404301], [-5.71666496398e-05, 3.23747044604e-05, -0.000119282682135, -0.000432110828115, -0.000459026021417, -0.000200438968022, -0.000801958842203, -0.000380525336368, -0.000555363891181, 0.00070934323594, 0.00113051943481, -0.00306582404301, 0.0139402262866]], "mean": [-745.829711914, 155.475357056, 23.4507923126, 30.8635730743, 8.82992172241, 10.672791481, 2.02312612534, 4.80312538147, -2.54790568352, 3.16149139404, 0.454773068428, 0.491613060236, -1.22553956509]}, "spectral_contrast_valleys": {"min": [-27.3646087646, -27.5026130676, -27.6343517303, -27.3958644867, -27.25066185, -27.228471756], "max": [-4.8439412117, -4.2444767952, -4.87020206451, -5.46510076523, -5.63824796677, -7.60022544861], "dvar2": [0.370234787464, 0.380735814571, 0.409061819315, 0.390764594078, 0.384634763002, 0.592998981476], "median": [-6.89069032669, -7.39841365814, -8.45782661438, -8.92456531525, -8.89483642578, -11.6074810028], "dmean2": [0.622155308723, 0.586664140224, 0.584490597248, 0.534050107002, 0.470210820436, 0.554608821869], "dmean": [0.399745583534, 0.391074717045, 0.411493569613, 0.3902374506, 0.390043526888, 0.49653506279], "var": [1.95676887035, 1.928383708, 2.13644766808, 2.0761859417, 2.4229991436, 2.93303465843], "dvar": [0.221516445279, 0.213313087821, 0.265717476606, 0.260261535645, 0.278454601765, 0.405727982521], "mean": [-7.20769882202, -7.47308015823, -8.46290397644, -8.92132282257, -8.9650888443, -11.6166715622]}, "barkbands_flatness_db": {"min": 0.0137359863147, "max": 0.532153785229, "dvar2": 0.00253876950592, "median": 0.208434507251, "dmean2": 0.0416151434183, "dmean": 0.0292194131762, "var": 0.00833906140178, "dvar": 0.00131012324709, "mean": 0.218150138855}, "dynamic_complexity": 5.31347227097, "erbbands_flatness_db": {"min": 0.0242995582521, "max": 0.358141541481, "dvar2": 0.000997231341898, "median": 0.175171017647, "dmean2": 0.0283808074892, "dmean": 0.0211245380342, "var": 0.0031