{"lowlevel": {"spectral_complexity": {"min": 0, "max": 64, "dvar2": 87.9360733032, "median": 15, "dmean2": 7.19616031647, "dmean": 5.16431903839, "var": 165.314620972, "dvar": 47.3544845581, "mean": 17.3081569672}, "silence_rate_20dB": {"min": 1, "max": 1, "dvar2": 0, "median": 1, "dmean2": 0, "dmean": 0, "var": 0, "dvar": 0, "mean": 1}, "average_loudness": 0.851039469242, "erbbands_spread": {"min": 1.88478088379, "max": 159.718429565, "dvar2": 430.865478516, "median": 33.4780273438, "dmean2": 16.8358764648, "dmean": 10.8869628906, "var": 404.292419434, "dvar": 182.806411743, "mean": 37.0436172485}, "spectral_kurtosis": {"min": -1.23450303078, "max": 75.0442504883, "dvar2": 32.2601318359, "median": 2.68619370461, "dmean2": 3.63313531876, "dmean": 2.19377470016, "var": 26.9046287537, "dvar": 13.1717700958, "mean": 4.28815317154}, "barkbands_kurtosis": {"min": -1.9340928793, "max": 349.334625244, "dvar2": 148.600753784, "median": -0.239886641502, "dmean2": 4.82155704498, "dmean": 3.06472158432, "var": 151.924102783, "dvar": 70.4842758179, "mean": 2.7708761692}, "spectral_strongpeak": {"min": 0, "max": 34.2758750916, "dvar2": 5.33345317841, "median": 0.377370834351, "dmean2": 1.20141887665, "dmean": 0.715693175793, "var": 3.31318068504, "dvar": 2.11287522316, "mean": 1.06479668617}, "spectral_spread": {"min": 1078372.5, "max": 41828808, "dvar2": 1819877048320.0, "median": 4086409, "dmean2": 954747, "dmean": 656352.375, "var": 2815046713340.0, "dvar": 834423422976, "mean": 4225045}, "spectral_rms": {"min": 3.22215474788e-12, "max": 0.0129932798445, "dvar2": 5.5359723774e-06, "median": 0.00290264142677, "dmean2": 0.00137985439505, "dmean": 0.000963233353104, "var": 4.56812540506e-06, "dvar": 2.46232161771e-06, "mean": 0.00327655952424}, "erbbands": {"min": [4.66158128978e-22, 1.36531945923e-21, 2.13119255883e-20, 4.68828684413e-20, 2.13135169416e-20, 7.64481549968e-20, 1.55278473835e-19, 1.02339399308e-19, 2.4137825623e-19, 5.39890859646e-19, 4.28801821699e-19, 3.70046148814e-19, 7.44820617105e-19, 1.53797556875e-18, 1.59095059332e-18, 2.61182692004e-18, 2.87593286833e-18, 2.11043428687e-18, 2.79633927504e-18, 3.58550659575e-18, 6.32955709593e-18, 8.24045928904e-18, 8.71470674963e-18, 7.8447782702e-18, 9.46755277644e-18, 1.25937106752e-17, 1.2323388051e-17, 1.46381090658e-17, 1.58046487965e-17, 1.43887190742e-17, 1.40244866351e-17, 1.45753095137e-17, 1.29686948079e-17, 1.15738954144e-17, 8.29540310686e-18, 5.28938946977e-18, 2.77604646666e-18, 1.09712438801e-18, 3.16120797115e-19, 3.24131595446e-20], "max": [1.13411343098, 19.4294681549, 66.7799911499, 232.958114624, 194.80506897, 94.3938217163, 83.4740905762, 381.532867432, 849.432678223, 535.889221191, 570.953186035, 522.491333008, 485.675537109, 364.668121338, 257.013977051, 277.039642334, 688.237670898, 1137.11169434, 952.192260742, 590.071105957, 1151.80859375, 561.719360352, 646.144104004, 1172.51660156, 1168.37365723, 473.523376465, 823.366882324, 553.862365723, 592.535827637, 445.827941895, 482.279846191, 590.267822266, 111.553985596, 68.4131011963, 35.6639137268, 6.64121675491, 1.84836566448, 0.664315104485, 0.0655877515674, 0.00225884909742], "dvar2": [0.0406231842935, 11.1775531769, 196.247772217, 1561.63171387, 638.251220703, 148.818115234, 101.703224182, 370.562316895, 1510.63232422, 619.878051758, 488.468444824, 293.150604248, 397.869262695, 414.848937988, 239.296615601, 404.109588623, 1194.58679199, 5279.95751953, 1815.9855957, 2505.33276367, 5928.70849609, 1287.30285645, 1585.45458984, 1559.50317383, 1538.91674805, 892.989746094, 1578.33789062, 1025.63354492, 712.550109863, 329.220306396, 231.552246094, 362.513244629, 28.8682765961, 19.731590271, 3.52550673485, 0.248078227043, 0.00685498071834, 0.000641855236609, 7.68909285398e-06, 2.19320597239e-08], "median": [0.00268463650718, 0.0383819304407, 0.335457861423, 1.08852791786, 1.31438231468, 1.14946913719, 1.43527412415, 2.09373092651, 2.49734592438, 1.57390260696, 1.73215353489, 1.90280222893, 2.62342405319, 2.86213588715, 3.2447271347, 4.86166954041, 8.07653045654, 11.0380172729, 9.31240749359, 11.5834360123, 11.6248149872, 7.37689113617, 8.9855928421, 9.81128978729, 9.05074119568, 7.17047405243, 6.43379974365, 4.75478935242, 3.60207986832, 2.06080007553, 0.947993755341, 0.615485906601, 0.321104198694, 0.136986851692, 0.0292236767709, 0.00686344411224, 0.00149070238695, 0.000252782658208, 3.36577431881e-05, 1.49186744238e-05], "dmean2": [0.0547626279294, 0.956830441952, 5.40263843536, 13.2643127441, 8.45241928101, 4.92515087128, 4.67835712433, 7.44060897827, 13.9284009933, 8.04270648956, 6.54160499573, 6.08970832825, 7.98303794861, 8.74231243134, 7.68777799606, 10.1501302719, 16.7144889832, 29.9094429016, 21.12200737, 27.4922847748, 35.4452133179, 17.5158653259, 20.8628044128, 20.9727420807, 21.1573314667, 16.4384727478, 17.6441936493, 13.8924198151, 11.2339830399, 7.2053732872, 5.4858622551, 6.07132339478, 2.26006650925, 1.65304267406, 0.606358170509, 0.162834882736, 0.0281203240156, 0.007375955116, 0.000898642640095, 5.84980589338e-05], "dmean": [0.0312001984566, 0.545654714108, 3.09368371964, 7.49057626724, 4.71063041687, 2.73357248306, 2.76189661026, 4.72455883026, 9.07553005219, 5.1876950264, 4.3353562355, 4.00234794617, 5.40085363388, 5.78172540665, 5.12680768967, 6.84713745117, 11.3041219711, 19.2495422363, 13.8070964813, 18.0309658051, 22.9133663177, 11.6417169571, 14.0158615112, 14.3292760849, 13.8408250809, 10.5764503479, 11.7671098709, 9.31302642822, 7.73312139511, 5.01034450531, 3.85617542267, 4.11153316498, 1.53564500809, 1.08202362061, 0.401884406805, 0.107802346349, 0.0188121758401, 0.00477662682533, 0.000582165550441, 3.87013424188e-05], "var": [0.00986262597144, 2.79481983185, 49.8459587097, 381.6640625, 145.580459595, 36.344833374, 38.0021476746, 404.316741943, 1746.67089844, 565.060424805, 396.693328857, 243.346389771, 507.222564697, 469.302093506, 270.704986572, 421.980255127, 1388.24707031, 4860.73291016, 1398.06774902, 2184.83666992, 3987.11547852, 978.285095215, 1575.0949707, 3338.42675781, 1428.75048828, 798.880737305, 1654.50256348, 1220.70031738, 1128.35400391, 511.155761719, 420.723175049, 527.181335449, 38.1804275513, 15.5467576981, 2.20295715332, 0.138634726405, 0.00469524366781, 0.000358085031621, 4.82145969727e-06, 1.28435146962e-08], "dvar": [0.0149455741048, 4.14821147919, 72.2446289062, 572.387451172, 228.477127075, 52.3105163574, 37.4417800903, 170.004257202, 691.884765625, 276.999053955, 218.39855957, 124.967277527, 186.402679443, 179.280654907, 107.231491089, 178.4037323, 530.745300293, 2010.74304199, 742.882568359, 1072.52001953, 2317.90917969, 548.287536621, 683.574279785, 982.411254883, 684.957519531, 386.928649902, 718.326293945, 475.791290283, 356.523651123, 167.128250122, 127.323692322, 166.888580322, 13.8103141785, 8.81495761871, 1.5751543045, 0.110949166119, 0.00321221468039, 0.000273118406767, 3.46477418134e-06, 9.79680336854e-09], "mean": [0.0243466515094, 0.410702079535, 2.5801217556, 5.87339305878, 4.27466964722, 2.88736724854, 3.48041367531, 7.46507358551, 14.781337738, 8.09197807312, 6.3236656189, 5.98345851898, 8.83554172516, 9.98157024384, 8.90661716461, 12.0517044067, 20.3701190948, 32.2258224487, 22.7318305969, 28.9882411957, 33.962638855, 18.3311233521, 23.2115154266, 26.1342735291, 22.920747757, 17.3376121521, 19.8921852112, 16.1506671906, 13.9647397995, 9.04889392853, 6.83186578751, 6.80550003052, 2.46455693245, 1.47718131542, 0.488570570946, 0.12354119122, 0.0229325443506, 0.00541792809963, 0.000645698048174, 5.07186559844e-05]}, "zerocrossingrate": {"min": 0, "max": 0.51123046875, "dvar2": 0.000346905959304, "median": 0.07861328125, "dmean2": 0.0156576056033, "dmean": 0.0144009599462, "var": 0.00247304653749, "dvar": 0.000290435855277, "mean": 0.085143238306}, "spectral_contrast_coeffs": {"min": [-0.966953516006, -0.981086373329, -0.967681705952, -0.966948151588, -0.963212430477, -0.963477551937], "max": [-0.288942545652, -0.281472891569, -0.454048335552, -0.464671939611, -0.50338113308, -0.521080195904], "dvar2": [0.00553302001208, 0.00425862288103, 0.00300273601897, 0.00230256910436, 0.0014615295222, 0.00101041432936], "median": [-0.633724808693, -0.741131365299, -0.76916885376, -0.753168821335, -0.76428437233, -0.735679209232], "dmean2": [0.0846240669489, 0.0776494443417, 0.0648650527, 0.0579451434314, 0.044808562845, 0.0339578203857], "dmean": [0.0526616871357, 0.0503022260964, 0.0433751121163, 0.0381569452584, 0.0301936808974, 0.0233921203762], "var": [0.00928671564907, 0.00900155492127, 0.00582196656615, 0.00443634903058, 0.00352848996408, 0.00243850518018], "dvar": [0.00235343282111, 0.00190841499716, 0.00143865542486, 0.00106859218795, 0.000750128936488, 0.000507316843141], "mean": [-0.629839301109, -0.7264290452, -0.762899875641, -0.750062465668, -0.762391209602, -0.738417029381]}, "dissonance": {"min": 0.265688747168, "max": 0.500000059605, "dvar2": 0.000618559366558, "median": 0.482143163681, "dmean2": 0.0218065474182, "dmean": 0.0133122671396, "var": 0.00051933224313, "dvar": 0.000242000824073, "mean": 0.475265651941}, "spectral_energyband_high": {"min": 7.3968558326e-21, "max": 0.0416449047625, "dvar2": 4.82846371597e-06, "median": 0.000465585646452, "dmean2": 0.0010903661605, "dmean": 0.000800079724286, "var": 1.12464449558e-05, "dvar": 2.83075132756e-06, "mean": 0.00160161533859}, "spectral_skewness": {"min": -0.415664941072, "max": 6.8726067543, "dvar2": 0.32467341423, "median": 1.07787036896, "dmean2": 0.447929739952, "dmean": 0.281783849001, "var": 0.381605535746, "dvar": 0.136279150844, "mean": 1.22457051277}, "spectral_flux": {"min": 6.43211456319e-11, "max": 0.362184554338, "dvar2": 0.00397605774924, "median": 0.0552382133901, "dmean2": 0.0427062921226, "dmean": 0.0291142407805, "var": 0.00402576755732, "dvar": 0.00208629877307, "mean": 0.0726905018091}, "silence_rate_30dB": {"min": 0, "max": 1, "dvar2": 0.0105931824073, "median": 1, "dmean2": 0.00709515856579, "dmean": 0.00354720908217, "var": 0.00177028554026, "dvar": 0.00353459292091, "mean": 0.998226583004}, "spectral_energyband_middle_high": {"min": 1.24960666584e-21, "max": 0.0445160642266, "dvar2": 1.17523104564e-05, "median": 0.00272881542332, "dmean2": 0.0023683514446, "dmean": 0.00172337598633, "var": 2.54955320997e-05, "dvar": 5.96391009822e-06, "mean": 0.00439302437007}, "barkbands_spread": {"min": 0.465864956379, "max": 123.448860168, "dvar2": 278.922454834, "median": 29.5576133728, "dmean2": 14.1096715927, "dmean": 8.86158847809, "var": 253.349807739, "dvar": 108.485595703, "mean": 30.6157550812}, "spectral_centroid": {"min": 141.173477173, "max": 11656.8769531, "dvar2": 475616.53125, "median": 2059.14575195, "dmean2": 582.140380859, "dmean": 380.837127686, "var": 762161.0625, "dvar": 206903.21875, "mean": 2012.70837402}, "pitch_salience": {"min": 0.0733288899064, "max": 0.870939850807, "dvar2": 0.0205040425062, "median": 0.552828788757, "dmean2": 0.134914025664, "dmean": 0.0818975269794, "var": 0.0129197239876, "dvar": 0.00740870973095, "mean": 0.542013406754}, "erbbands_skewness": {"min": -7.0346031189, "max": 9.46574687958, "dvar2": 0.531029880047, "median": -0.38324034214, "dmean2": 0.660568714142, "dmean": 0.444404453039, "var": 1.01841640472, "dvar": 0.256288409233, "mean": -0.282771945}, "erbbands_crest": {"min": 2.41847753525, "max": 32.4026107788, "dvar2": 17.597661972, "median": 7.72633171082, "dmean2": 4.52904844284, "dmean": 2.80714797974, "var": 21.1195049286, "dvar": 7.57037210464, "mean": 9.02043056488}, "melbands": {"min": [8.28089932518e-24, 7.8326149163e-24, 8.01804771612e-24, 2.76675824503e-24, 5.64767491824e-24, 2.71648709777e-24, 4.08494107057e-24, 6.42261085076e-24, 3.66242559201e-24, 1.89184819505e-24, 3.82467653084e-24, 6.47470959152e-24, 4.50021756703e-24, 4.72921402705e-24, 6.84369178576e-24, 6.84291318005e-24, 2.84037711129e-24, 3.88781104124e-24, 4.77400318267e-24, 6.46426507314e-24, 7.78809476225e-24, 6.72841711941e-24, 9.46249384321e-24, 6.5967455847e-24, 6.0866073811e-24, 6.65251923399e-24, 6.17154600691e-24, 7.83869624501e-24, 8.15008646558e-24, 7.34138255315e-24, 7.08830019753e-24, 8.31502702567e-24, 9.19164555115e-24, 7.43366271298e-24, 7.75003064585e-24, 8.57438161434e-24, 8.28115886042e-24, 7.82888518194e-24, 8.21821722652e-24, 1.04343649564e-23], "max": [0.0159998126328, 0.0308892056346, 0.035982158035, 0.00959313008934, 0.00281176134013, 0.00759140728042, 0.0117739802226, 0.00571544328704, 0.0037262449041, 0.00340342777781, 0.00240608514287, 0.00156404718291, 0.00106057128869, 0.000891825882718, 0.00115401437506, 0.00167683314066, 0.00201745750383, 0.0021822557319, 0.00122220476624, 0.000755049812142, 0.00163949851412, 0.000652937742416, 0.000825546332635, 0.000943866209127, 0.00111304118764, 0.00111852330156, 0.000446234480478, 0.00029185807216, 0.000447050086223, 0.00117392686661, 0.00029924523551, 0.000397991854697, 0.000419471121859, 0.000240746085183, 0.000411835557315, 0.000372251670342, 0.000536553852726, 5.42834859516e-05, 5.33769198228e-05, 6.9388661359e-05], "dvar2": [7.12000928615e-06, 3.73189031961e-05, 3.75364470528e-05, 1.46828574543e-06, 1.37608878958e-07, 1.70307743019e-07, 3.05245492882e-07, 6.30290699632e-08, 2.9401343582e-08, 1.10971374312e-08, 1.10653539664e-08, 8.64592930583e-09, 2.84329670919e-09, 4.60872451313e-09, 6.6158123424e-09, 1.13292646375e-08, 1.79153190061e-08, 7.10051795139e-09, 8.00832822279e-09, 3.36754868435e-09, 1.06767057417e-08, 1.65005098474e-09, 1.22342280751e-09, 1.92457383363e-09, 1.29083810307e-09, 1.1324353677e-09, 8.81236472683e-10, 3.87372717237e-10, 6.2546040569e-10, 1.66770852683e-09, 2.69415184606e-10, 3.01446173578e-10, 3.03441799465e-10, 1.05628165936e-10, 1.07209727207e-10, 1.43567727151e-10, 2.8383739803e-10, 1.53235132916e-11, 1.22373517569e-11, 1.75106300987e-11], "median": [3.49606380041e-05, 0.00014655906125, 0.000218919449253, 9.89734689938e-05, 5.18432570971e-05, 4.68063335575e-05, 3.65919913747e-05, 1.58667353389e-05, 1.31131728267e-05, 1.19423693832e-05, 1.25858095998e-05, 1.05343206087e-05, 8.34607726574e-06, 1.16646697279e-05, 1.17370327644e-05, 1.91781437024e-05, 1.92242077901e-05, 1.21532511912e-05, 1.43210290844e-05, 1.30647804326e-05, 1.14532194857e-05, 5.32990861757e-06, 6.05442437518e-06, 8.16301144368e-06, 6.68416078042e-06, 6.15746330368e-06, 5.5195969253e-06, 3.57834733222e-06, 4.10794018535e-06, 2.7991004572e-06, 2.42811051976e-06, 1.97447843675e-06, 1.57636179665e-06, 9.44953683302e-07, 5.2823901342e-07, 3.78116624233e-07, 3.53766409944e-07, 2.30329050055e-07, 1.45414787767e-07, 9.34077633019e-08], "dmean2": [0.000725622987375, 0.00233115348965, 0.00209019123577, 0.000442128744908, 0.00016625666467, 0.000167418053024, 0.000203411123948, 8.1841739302e-05, 5.23271628481e-05, 4.07127336075e-05, 4.20380783908e-05, 3.81507743441e-05, 2.45545415964e-05, 3.27883572027e-05, 3.55695046892e-05, 4.96065513289e-05, 5.61435081181e-05, 3.7072080886e-05, 4.46947597084e-05, 3.21083171002e-05, 4.43956596428e-05, 1.81875457201e-05, 1.78777918336e-05, 2.30272908084e-05, 1.7889566152e-05, 1.79054441105e-05, 1.58148577611e-05, 1.06178222268e-05, 1.22018682305e-05, 1.14374879558e-05, 7.81599646871e-06, 7.14484394848e-06, 5.99265285928e-06, 3.96083260057e-06, 3.32715103468e-06, 3.61873935617e-06, 4.427460226e-06, 1.68673523149e-06, 1.41178304602e-06, 1.47655930505e-06], "dmean": [0.000415422167862, 0.00134707521647, 0.00118732464034, 0.000244744558586, 9.7195726994e-05, 0.000105842649646, 0.00013246978051, 5.3017593018e-05, 3.47461391357e-05, 2.65976232185e-05, 2.83369317913e-05, 2.50878147199e-05, 1.63331333169e-05, 2.17117885768e-05, 2.34500676015e-05, 3.27281413774e-05, 3.60127305612e-05, 2.37866279349e-05, 2.85834066744e-05, 2.13606454054e-05, 2.81882930722e-05, 1.17880454127e-05, 1.18713069241e-05, 1.5032720512e-05, 1.2149253962e-05, 1.18331918202e-05, 1.00133902379e-05, 6.70874214848e-06, 7.97014126874e-06, 7.49912396714e-06, 5.12231736138e-06, 4.75770775665e-06, 4.02710065828e-06, 2.6673674256e-06, 2.27575151257e-06, 2.50813855018e-06, 2.89658510155e-06, 1.11420320081e-06, 9.27053349642e-07, 9.51415529471e-07], "var": [1.79410039891e-06, 9.71770441538e-06, 9.47580156208e-06, 3.33376164008e-07, 4.54251818383e-08, 1.87366410387e-07, 3.60162403013e-07, 6.29061034374e-08, 2.23052687431e-08, 1.04613357976e-08, 1.37045343962e-08, 9.37627042674e-09, 3.11059489277e-09, 3.9071488267e-09, 6.43782449572e-09, 1.04741246787e-08, 1.63982516455e-08, 4.30518376504e-09, 5.7840394696e-09, 3.29783378383e-09, 6.49703624234e-09, 9.91703164033e-10, 1.14180942479e-09, 1.87242576999e-09, 2.78950840205e-09, 1.38177524978e-09, 7.55132623098e-10, 2.92081470121e-10, 6.87197798666e-10, 1.15424114711e-09, 2.91860507984e-10, 3.43576667117e-10, 4.14203588095e-10, 1.13314975458e-10, 1.31525193514e-10, 2.14789797059e-10, 2.43135428457e-10, 1.72887832522e-11, 1.02021975937e-11, 1.2204588902e-11], "dvar": [2.64983418674e-06, 1.38707700899e-05, 1.38805398819e-05, 5.18236618063e-07, 5.00131314141e-08, 7.7573126589e-08, 1.40442864449e-07, 2.86974337627e-08, 1.31028405903e-08, 4.61712623689e-09, 5.13459719187e-09, 3.68939745421e-09, 1.27847643583e-09, 1.96692995225e-09, 2.84577317267e-09, 4.77554396028e-09, 6.84098733217e-09, 2.82005108154e-09, 3.26630611447e-09, 1.5175252166e-09, 4.08474853941e-09, 6.69595545677e-10, 5.6246335367e-10, 8.21440138132e-10, 8.45102210434e-10, 5.80753334312e-10, 3.73297032175e-10, 1.64950095249e-10, 2.97502744662e-10, 7.01970592765e-10, 1.21817153587e-10, 1.39218775397e-10, 1.40412237393e-10, 4.90280524512e-11, 5.39659983367e-11, 7.13205813851e-11, 1.12540907149e-10, 7.13064156332e-12, 5.49711534972e-12, 7.56345507058e-12], "mean": [0.000318915874232, 0.00111604377162, 0.000983551726677, 0.000242186535615, 0.00012043093011, 0.000167016944033, 0.000216299726162, 8.10667406768e-05, 4.98178014823e-05, 3.96510513383e-05, 4.5651147957e-05, 4.2164370825e-05, 2.6934858397e-05, 3.38479039783e-05, 3.82320940844e-05, 5.39545944775e-05, 5.82609354751e-05, 3.44926411344e-05, 4.22346238338e-05, 3.37683668477e-05, 3.93298396375e-05, 1.65332585311e-05, 1.82625972229e-05, 2.35726711253e-05, 2.09108238778e-05, 1.87114110304e-05, 1.51495996761e-05, 1.0008900972e-05, 1.26487475427e-05, 1.16240144052e-05, 8.36863637232e-06, 7.88599299995e-06, 7.06850732968e-06, 4.31533817391e-06, 3.72977024199e-06, 4.1515590965e-06, 4.32429396824e-06, 1.70834971414e-06, 1.30132809772e-06, 1.22956976156e-06]}, "spectral_entropy": {"min": 4.36847352982, "max": 9.81235313416, "dvar2": 0.154784739017, "median": 7.69814109802, "dmean2": 0.313032090664, "dmean": 0.21688093245, "var": 0.283009678125, "dvar": 0.0784236118197, "mean": 7.61310434341}, "spectral_rolloff": {"min": 21.533203125, "max": 19078.4179688, "dvar2": 3425766.75, "median": 2239.453125, "dmean2": 1364.4654541, "dmean": 818.037597656, "var": 3614606, "dvar": 1430672.75, "mean": 2578.08837891}, "barkbands": {"min": [1.05850578997e-23, 1.38902501974e-23, 2.01414364458e-23, 1.19003469862e-23, 1.80218981444e-23, 1.81554885833e-23, 2.16433708114e-23, 2.63114520626e-23, 1.17084463158e-23, 2.79062858438e-23, 2.64734083619e-23, 6.40726521846e-23, 6.85624571821e-23, 3.46520657917e-23, 6.42891913476e-23, 9.96016031368e-23, 1.44970218108e-22, 1.66244029674e-22, 1.97708586226e-22, 2.51962072153e-22, 3.39492715045e-22, 4.09222061589e-22, 5.59026469811e-22, 8.25801658447e-22, 1.13245781743e-21, 1.45097506179e-21, 2.27584023506e-21], "max": [0.0040417346172, 0.0741298943758, 0.0805511251092, 0.0820220932364, 0.034590266645, 0.0315075293183, 0.0490616261959, 0.0292261615396, 0.0177108123899, 0.0154052302241, 0.00678506540135, 0.00666823145002, 0.0161943081766, 0.0242031458765, 0.0113447532058, 0.0175389349461, 0.0115320365876, 0.016745807603, 0.0179394241422, 0.0076339407824, 0.024047575891, 0.013896279037, 0.0152327157557, 0.0178866572678, 0.00538317300379, 0.00100742001086, 0.000498142384458], "dvar2": [1.68965101466e-07, 0.000154631299665, 0.000256959756371, 0.000200750437216, 1.90663686226e-05, 3.48395496985e-06, 5.97672760705e-06, 1.1326785625e-06, 5.8978986317e-07, 6.31050966149e-07, 1.75842714611e-07, 3.29972635882e-07, 7.43560917726e-07, 2.14185570258e-06, 8.92382843176e-07, 1.5437615275e-06, 3.93073833038e-07, 6.07232038874e-07, 6.14079056049e-07, 4.27704890171e-07, 1.01159344013e-06, 4.63504107984e-07, 3.10288385208e-07, 3.80173531767e-07, 1.05413512586e-07, 4.67353666878e-09, 3.597113718e-10], "median": [9.0459769126e-05, 9.93500725599e-05, 0.000358894176316, 0.000313198310323, 0.000407856015954, 0.000219411827857, 0.00012874865206, 5.71458731429e-05, 9.84362268355e-05, 6.5376792918e-05, 4.32299857493e-05, 0.000113224974484, 0.000169733844814, 0.000221050315304, 0.000173115622601, 0.000205164484214, 9.34762938414e-05, 0.000165319972439, 0.000157072950969, 0.000155528337928, 0.000144455116242, 9.19984449865e-05, 3.80655874324e-05, 2.430022505e-05, 7.96528547653e-06, 1.03796992335e-06, 1.55374650035e-07], "dmean2": [0.000208879719139, 0.00339952646755, 0.00614131847396, 0.00446333503351, 0.00161922222469, 0.00080755201634, 0.000888194073923, 0.000320368766552, 0.000316965422826, 0.000298680504784, 0.000182519375812, 0.000290637341095, 0.000409964937717, 0.000636079756077, 0.000505116535351, 0.000613713229541, 0.000299176637782, 0.000418524403358, 0.00042849779129, 0.000368590059225, 0.00041440903442, 0.000287899048999, 0.000200495182071, 0.000210610349313, 0.00011698538583, 2.27154832828e-05, 5.80857704335e-06], "dmean": [0.000160614566994, 0.00192799279466, 0.0035183604341, 0.00245165149681, 0.00089952419512, 0.000508885714225, 0.00057371967705, 0.00020878072246, 0.000208556273719, 0.000192740131752, 0.000119606018416, 0.000194757987629, 0.000272106466582, 0.000405583530664, 0.000324305030517, 0.000394383270759, 0.000196844775928, 0.000275744416285, 0.000285935966531, 0.000237953732722, 0.000278872641502, 0.000199417161639, 0.000139612384373, 0.000141416414408, 7.73940628278e-05, 1.50836176545e-05, 3.7376353248e-06], "var": [1.53765824962e-07, 3.84348459193e-05, 6.79863442201e-05, 4.3922012992e-05, 4.34555568063e-06, 3.61343631994e-06, 6.89076432536e-06, 1.16353555768e-06, 6.19754132458e-07, 6.31100988358e-07, 1.70521147425e-07, 3.13986646461e-07, 7.19206809663e-07, 1.66047436778e-06, 7.05528407252e-07, 1.10907524231e-06, 2.90658164204e-07, 5.98524707129e-07, 1.00409567949e-06, 3.90233537928e-07, 1.09389543468e-06, 7.75390390118e-07, 5.2135152373e-07, 4.61378959926e-07, 7.94969281515e-08, 2.79172396311e-09, 2.02164965324e-10], "dvar": [9.2264066609e-08, 5.73398938286e-05, 9.57473457674e-05, 7.16245631338e-05, 6.67587482894e-06, 1.56312978561e-06, 2.74881153928e-06, 5.25416055552e-07, 2.56207556504e-07, 2.75366915048e-07, 7.8380772095e-08, 1.44765976984e-07, 3.19400612625e-07, 8.28844918033e-07, 3.676430822e-07, 6.12939686562e-07, 1.69008970374e-07, 2.56850881897e-07, 3.39735748867e-07, 1.85927490293e-07, 4.58753504518e-07, 2.38537865016e-07, 1.61502029528e-07, 1.67618324554e-07, 4.80645390155e-08, 2.12372364139e-09, 1.55657597922e-10], "mean": [0.000239403714659, 0.00141416292172, 0.00293473131023, 0.00184917845763, 0.000944588624407, 0.000763834163081, 0.000907780777197, 0.000294220779324, 0.000318826263538, 0.000307535839966, 0.00018248721608, 0.000314500473905, 0.000453919870779, 0.000637212535366, 0.000492226157803, 0.000590270385146, 0.000286509020953, 0.000443392054876, 0.000485521799419, 0.000382533005904, 0.000483484909637, 0.000364964274922, 0.00024583839695, 0.000226246644161, 0.000101618970803, 1.75524437509e-05, 4.03251851822e-06]}, "melbands_flatness_db": {"min": 0.00417670840397, "max": 0.635836482048, "dvar2": 0.00346522964537, "median": 0.148207589984, "dmean2": 0.0511060506105, "dmean": 0.0349395759404, "var": 0.0061588245444, "dvar": 0.00151830038521, "mean": 0.163072541356}, "melbands_skewness": {"min": -4.64616155624, "max": 20.0175857544, "dvar2": 3.69489717484, "median": 1.68181371689, "dmean2": 1.44445824623, "dmean": 0.960501253605, "var": 4.05341005325, "dvar": 1.58396220207, "mean": 2.14068508148}, "barkbands_skewness": {"min": -7.78775548935, "max": 14.1893053055, "dvar2": 1.52761936188, "median": 0.61145144701, "dmean2": 0.99892103672, "dmean": 0.672121047974, "var": 2.17370581627, "dvar": 0.68030834198, "mean": 0.828100860119}, "silence_rate_60dB": {"min": 0, "max": 1, "dvar2": 0.158712297678, "median": 0, "dmean2": 0.172370612621, "dmean": 0.0861763134599, "var": 0.160663157701, "dvar": 0.0787561237812, "mean": 0.201126649976}, "spectral_energyband_low": {"min": 7.69456315348e-23, "max": 0.125817060471, "dvar2": 0.000821358524263, "median": 0.000928428198677, "dmean2": 0.0114170312881, "dmean": 0.00666363723576, "var": 0.000228721241001, "dvar": 0.000311803334625, "mean": 0.00557083310559}, "spectral_energyband_middle_low": {"min": 2.12287316356e-22, "max": 0.0970428660512, "dvar2": 0.000301523279632, "median": 0.00242763850838, "dmean2": 0.00685748970136, "dmean": 0.00397778302431, "var": 8.70012299856e-05, "dvar": 0.000109888591396, "mean": 0.00513505470008}, "melbands_kurtosis": {"min": -1.96292603016, "max": 744.790222168, "dvar2": 1196.30908203, "median": 2.62944126129, "dmean2": 14.3440923691, "dmean": 8.91186618805, "var": 896.847290039, "dvar": 517.098937988, "mean": 11.1120920181}, "spectral_decrease": {"min": -4.28610533731e-08, "max": 9.15626938237e-29, "dvar2": 7.53349382752e-17, "median": -1.9726813516e-09, "dmean2": 3.98207467001e-09, "dmean": 2.48742204612e-09, "var": 2.89219035881e-17, "dvar": 2.96521022369e-17, "mean": -3.64597663172e-09}, "erbbands_kurtosis": {"min": -1.89422893524, "max": 103.011505127, "dvar2": 15.0590324402, "median": 0.132853388786, "dmean2": 2.05938529968, "dmean": 1.32737386227, "var": 19.410779953, "dvar": 7.86055040359, "mean": 0.966410040855}, "melbands_crest": {"min": 1.64773607254, "max": 37.9045677185, "dvar2": 27.7972507477, "median": 12.3185329437, "dmean2": 5.63800907135, "dmean": 3.60399150848, "var": 33.5038337708, "dvar": 11.7785577774, "mean": 13.2805862427}, "gfcc": {"cov": [[14602.0810547, -1940.9074707, -145.846725464, 1039.14575195, -1099.4432373, 447.944702148, -386.399688721, 351.263427734, -296.996704102, -15.3280878067, -262.992645264, -114.316940308, -251.876708984], [-1940.9074707, 2344.70141602, -33.1012382507, -175.701187134, 520.942565918, -327.20803833, 52.513343811, -283.887451172, 32.9219856262, -193.729324341, 57.6417655945, -96.6797103882, 74.7210083008], [-145.846725464, -33.1012382507, 1368.5324707, 381.994750977, 31.7827358246, 236.43421936, -74.5415267944, -10.9280309677, -109.374923706, -26.3219528198, -86.7312774658, -33.6671905518, -47.8183670044], [1039.14575195, -175.701187134, 381.994750977, 532.606079102, -2.8565363884, 130.232192993, -14.7080631256, 14.1012010574, -58.0898933411, -49.165309906, -55.1748809814, -41.1416358948, -30.8445911407], [-1099.4432373, 520.942565918, 31.7827358246, -2.8565363884, 670.354248047, 61.2159614563, 54.7790107727, -68.9243392944, -9.31247711182, -79.1394882202, -55.7663078308, -21.8958969116, -8.83755588531], [447.944702148, -327.20803833, 236.43421936, 130.232192993, 61.2159614563, 354.757568359, 39.059211731, 45.0161705017, -23.8663272858, 7.56425905228, -52.1313819885, -19.0824165344, -36.7635993958], [-386.399688721, 52.513343811, -74.5415267944, -14.7080631256, 54.7790107727, 39.059211731, 212.208312988, 69.7535018921, 45.2973518372, 21.9584274292, 5.84796285629, -4.5920996666, -6.4035358429], [351.263427734, -283.887451172, -10.9280309677, 14.1012010574, -68.9243392944, 45.0161705017, 69.7535018921, 199.111846924, 72.3148117065, 40.3914108276, -10.4329099655, 12.4932842255, -2.79911351204], [-296.996704102, 32.9219856262, -109.374923706, -58.0898933411, -9.31247711182, -23.8663272858, 45.2973518372, 72.3148117065, 150.409408569, 53.5332145691, 17.2194347382, 3.75454616547, 13.6623325348], [-15.3280878067, -193.729324341, -26.3219528198, -49.165309906, -79.1394882202, 7.56425905228, 21.9584274292, 40.3914108276, 53.5332145691, 121.797706604, 43.2509918213, 18.5877990723, -3.58629131317], [-262.992645264, 57.6417655945, -86.7312774658, -55.1748809814, -55.7663078308, -52.1313819885, 5.84796285629, -10.4329099655, 17.2194347382, 43.2509918213, 114.667243958, 40.9434967041, 23.542886734], [-114.316940308, -96.6797103882, -33.6671905518, -41.1416358948, -21.8958969116, -19.0824165344, -4.5920996666, 12.4932842255, 3.75454616547, 18.5877990723, 40.9434967041, 92.0622558594, 40.1015777588], [-251.876708984, 74.7210083008, -47.8183670044, -30.8445911407, -8.83755588531, -36.7635993958, -6.4035358429, -2.79911351204, 13.6623325348, -3.58629131317, 23.542886734, 40.1015777588, 86.1338729858]], "icov": [[0.000150376843521, -0.000117823219625, 0.000226470976486, -0.000341566628776, 0.000270337972324, -0.000230340403505, 0.000410855776863, -0.000461354880827, 0.000459834758658, -0.000292028853437, 0.000414600974182, -0.00022392142273, 0.000396171613829], [-0.000117823219625, 0.00134850968607, -0.000582012638915, 0.000656091549899, -0.000910961709451, 0.00114143418614, -0.00108819094021, 0.00173599936534, -0.0015859361738, 0.00222011609003, -0.00185828923713, 0.00211900798604, -0.00136793917045], [0.000226470976486, -0.000582012638915, 0.00150901207235, -0.00122650479898, 0.000576309801545, -0.00106455164496, 0.00121580425184, -0.00114618975203, 0.00154170067981, -0.00148140441161, 0.00149237853475, -0.001057522255, 0.00100181007292], [-0.000341566628776, 0.000656091549899, -0.00122650479898, 0.0035131520126, -0.000647750566714, 0.00031105344533, -0.00116847816389, 0.0010599544039, -0.00107396242674, 0.00225211121142, -0.00147654733155, 0.00185032514855, -0.00117071229033], [0.000270337972324, -0.000910961709451, 0.000576309801545, -0.000647750566714, 0.00275780912489, -0.00133185833693, 0.000400258810259, -0.000537553976756, 0.00079288095003, -0.000393884605728, 0.00224445387721, -0.00182722497266, 0.00149062939454], [-0.000230340403505, 0.00114143418614, -0.00106455164496, 0.00031105344533, -0.00133185833693, 0.00491759227589, -0.00183222687338, 0.00100628309883, -0.000786780728959, 0.000801601854619, -0.000586927460972, 0.00157227541786, -0.000698030053172], [0.000410855776863, -0.00108819094021, 0.00121580425184, -0.00116847816389, 0.000400258810259, -0.00183222687338, 0.00761235971004, -0.00416949251667, 0.00148795882706, -0.00232726125978, 0.00103607447818, -0.000932567287236, 0.00190953281708], [-0.000461354880827, 0.00173599936534, -0.00114618975203, 0.0010599544039, -0.000537553976756, 0.00100628309883, -0.00416949251667, 0.010888109915, -0.0062349056825, 0.00249036913738, -0.000730527623091, 0.000485005875817, -0.00162711809389], [0.000459834758658, -0.0015859361738, 0.00154170067981, -0.00107396242674, 0.00079288095003, -0.000786780728959, 0.00148795882706, -0.0062349056825, 0.0132636614144, -0.00692419474944, 0.00264941295609, -0.000336126395268, -0.0001144966227], [-0.000292028853437, 0.00222011609003, -0.00148140441161, 0.00225211121142, -0.000393884605728, 0.000801601854619, -0.00232726125978, 0.00249036913738, -0.00692419474944, 0.0169654674828, -0.0074751782231, 0.00211224146187, 0.000278244406218], [0.000414600974182, -0.00185828923713, 0.00149237853475, -0.00147654733155, 0.00224445387721, -0.000586927460972, 0.00103607447818, -0.000730527623091, 0.00264941295609, -0.0074751782231, 0.0165629833937, -0.00757325813174, 0.00142455718014], [-0.00022392142273, 0.00211900798604, -0.001057522255, 0.00185032514855, -0.00182722497266, 0.00157227541786, -0.000932567287236, 0.000485005875817, -0.000336126395268, 0.00211224146187, -0.00757325813174, 0.0199278239161, -0.00905410107225], [0.000396171613829, -0.00136793917045, 0.00100181007292, -0.00117071229033, 0.00149062939454, -0.000698030053172, 0.00190953281708, -0.00162711809389, -0.0001144966227, 0.000278244406218, 0.00142455718014, -0.00905410107225, 0.0178917683661]], "mean": [-56.6155319214, 70.7379608154, -141.089538574, 45.3645515442, -55.1689033508, 10.6083498001, -38.7990570068, -4.65632629395, -22.4891242981, -0.419779419899, -13.5524997711, -7.34138965607, -10.9621524811]}, "melbands_spread": {"min": 0.285863161087, "max": 295.015594482, "dvar2": 833.787780762, "median": 38.0225296021, "dmean2": 21.1755332947, "dmean": 13.7418003082, "var": 1026.67321777, "dvar": 367.185668945, "mean": 42.7396469116}, "spectral_energy": {"min": 1.06418385236e-20, "max": 0.173045948148, "dvar2": 0.0011409552535, "median": 0.00863596238196, "dmean2": 0.0157925970852, "dmean": 0.0100351134315, "var": 0.000486132543301, "dvar": 0.000454663764685, "mean": 0.0156865846366}, "mfcc": {"cov": [[13594.0292969, -1980.70922852, 75.7460784912, 361.822937012, -491.919677734, -70.1956939697, -199.710693359, 86.7570648193, -35.7559661865, 18.961107254, -59.059173584, -28.5422267914, -101.716285706], [-1980.70922852, 2131.78442383, -371.749542236, 93.3315048218, 263.407440186, -8.65680503845, 13.2292966843, -79.1272201538, -71.106918335, -129.286010742, -68.8862380981, -73.473777771, -9.03071117401], [75.7460784912, -371.749542236, 1256.8190918, 196.816040039, 88.525680542, 128.767242432, 64.365272522, -1.78654575348, -3.5636548996, -28.1214237213, -61.6314735413, 5.61953830719, -20.0335445404], [361.822937012, 93.3315048218, 196.816040039, 404.336425781, 97.2116241455, 39.2294807434, 26.7056598663, 16.8063697815, 3.50238251686, -38.6952552795, -40.936920166, -10.9062709808, -11.9852991104], [-491.919677734, 263.407440186, 88.525680542, 97.2116241455, 444.799804688, 163.958435059, 78.7567062378, 41.4481887817, 24.26953125, -45.4633369446, -54.8001060486, -5.68648672104, -36.8306274414], [-70.1956939697, -8.65680503845, 128.767242432, 39.2294807434, 163.958435059, 260.381896973, 107.243888855, 38.3592262268, 10.4384336472, -7.06623935699, -7.56871652603, -11.7073564529, -27.9902381897], [-199.710693359, 13.2292966843, 64.365272522, 26.7056598663, 78.7567062378, 107.243888855, 177.403182983, 65.0243530273, 24.4565486908, 8.48561573029, 3.72784543037, -2.97979927063, 0.990510463715], [86.7570648193, -79.1272201538, -1.78654575348, 16.8063697815, 41.4481887817, 38.3592262268, 65.0243530273, 144.386627197, 78.5827636719, 28.3275432587, 11.746588707, 11.2195997238, 2.20274853706], [-35.7559661865, -71.106918335, -3.5636548996, 3.50238251686, 24.26953125, 10.4384336472, 24.4565486908, 78.5827636719, 153.508728027, 73.7410507202, 21.8074874878, 27.5542221069, 4.37402439117], [18.961107254, -129.286010742, -28.1214237213, -38.6952552795, -45.4633369446, -7.06623935699, 8.48561573029, 28.3275432587, 73.7410507202, 133.869308472, 63.9285850525, 19.153459549, 10.0006694794], [-59.059173584, -68.8862380981, -61.6314735413, -40.936920166, -54.8001060486, -7.56871652603, 3.72784543037, 11.746588707, 21.8074874878, 63.9285850525, 112.282745361, 36.5503540039, 4.89352273941], [-28.5422267914, -73.473777771, 5.61953830719, -10.9062709808, -5.68648672104, -11.7073564529, -2.97979927063, 11.2195997238, 27.5542221069, 19.153459549, 36.5503540039, 96.327003479, 29.4808578491], [-101.716285706, -9.03071117401, -20.0335445404, -11.9852991104, -36.8306274414, -27.9902381897, 0.990510463715, 2.20274853706, 4.37402439117, 10.0006694794, 4.89352273941, 29.4808578491, 101.776054382]], "icov": [[9.83509598882e-05, 9.2588357802e-05, 4.34869070887e-05, -0.000140142132295, 0.000104626771645, -6.02977743256e-05, 0.000128012034111, -0.00011892724433, 9.02314059203e-05, -2.65712969849e-05, 0.000131631779368, -7.91554521129e-06, 0.00011586954497], [9.2588357802e-05, 0.000712646171451, 0.000261719833361, -0.000266956019914, -0.000360145262675, 0.000200468639378, -0.000109687032818, 0.000386138475733, -7.44300050428e-05, 0.000482616364025, -7.25593636162e-05, 0.00045756844338, -7.99149056547e-05], [4.34869070887e-05, 0.000261719833361, 0.00103184627369, -0.000515579595231, 2.29551405937e-05, -0.000375313160475, -0.000192828665604, 0.000332613446517, 2.51269993896e-05, -3.79106641049e-05, 0.000620022881776, -0.000279729894828, 0.000162705226103], [-0.000140142132295, -0.000266956019914, -0.000515579595231, 0.00310514168814, -0.00050748034846, 0.000209778358112, -0.000236021951423, -0.000166650075698, -0.000362362363376, 0.000577665050514, 0.000109362772491, 0.00012252254237, -0.000101555051515], [0.000104626771645, -0.000360145262675, 2.29551405937e-05, -0.00050748034846, 0.00387663394213, -0.00211962871253, -1.64929060702e-05, -0.00058315100614, -0.000560790009331, 0.000419651070843, 0.00167038431391, -0.00115327455569, 0.00108669803012], [-6.02977743256e-05, 0.000200468639378, -0.000375313160475, 0.000209778358112, -0.00211962871253, 0.00667826412246, -0.00316837849095, 0.00021941603336, 0.000263871101197, 0.000101462712337, -0.000929785193875, 0.000753117143176, 0.000809276418295], [0.000128012034111, -0.000109687032818, -0.000192828665604, -0.000236021951423, -1.64929060702e-05, -0.00316837849095, 0.0091173844412, -0.00375906378031, 0.000904083717614, -0.000535293424036, -0.000327065790771, 0.000537919637281, -0.000958596821874], [-0.00011892724433, 0.000386138475733, 0.000332613446517, -0.000166650075698, -0.00058315100614, 0.00021941603336, -0.00375906378031, 0.012074528262, -0.00613513402641, 0.00176182913128, -0.00111861119512, 0.000660854100715, -0.000461273215478], [9.02314059203e-05, -7.44300050428e-05, 2.51269993896e-05, -0.000362362363376, -0.000560790009331, 0.000263871101197, 0.000904083717614, -0.00613513402641, 0.0132441390306, -0.00740064866841, 0.0028173411265, -0.00300208269618, 0.000931603601202], [-2.65712969849e-05, 0.000482616364025, -3.79106641049e-05, 0.000577665050514, 0.000419651070843, 0.000101462712337, -0.000535293424036, 0.00176182913128, -0.00740064866841, 0.01532202214, -0.00755471596494, 0.00259387190454, -0.00135194160976], [0.000131631779368, -7.25593636162e-05, 0.000620022881776, 0.000109362772491, 0.00167038431391, -0.000929785193875, -0.000327065790771, -0.00111861119512, 0.0028173411265, -0.00755471596494, 0.0157689899206, -0.00589706376195, 0.00220743380487], [-7.91554521129e-06, 0.00045756844338, -0.000279729894828, 0.00012252254237, -0.00115327455569, 0.000753117143176, 0.000537919637281, 0.000660854100715, -0.00300208269618, 0.00259387190454, -0.00589706376195, 0.0146226612851, -0.00431568454951], [0.00011586954497, -7.99149056547e-05, 0.000162705226103, -0.000101555051515, 0.00108669803012, 0.000809276418295, -0.000958596821874, -0.000461273215478, 0.000931603601202, -0.00135194160976, 0.00220743380487, -0.00431568454951, 0.011826172471]], "mean": [-686.262145996, 90.4417800903, -16.7597789764, 27.4247398376, 4.3458404541, 12.5913114548, -1.80253469944, -3.88802313805, -5.18140411377, 0.561058938503, -1.26862800121, -2.51566243172, -3.67690420151]}, "spectral_contrast_valleys": {"min": [-27.4345684052, -27.446346283, -27.588558197, -27.4599704742, -27.3641738892, -27.3740921021], "max": [-5.33376407623, -5.10130643845, -5.55560874939, -5.55690383911, -5.13919973373, -7.28348588943], "dvar2": [0.590595006943, 0.605627834797, 0.595293462276, 0.527085542679, 0.703979671001, 1.07391393185], "median": [-8.19164466858, -7.55896949768, -8.11855506897, -7.96052074432, -7.66567230225, -10.2447052002], "dmean2": [0.793571233749, 0.746466457844, 0.709059238434, 0.6414757967, 0.646532595158, 0.71893954277], "dmean": [0.531015694141, 0.498414576054, 0.482416927814, 0.46233907342, 0.489485472441, 0.577292323112], "var": [2.04615211487, 1.63448739052, 1.45927488804, 1.5616787672, 1.96049618721, 2.83503365517], "dvar": [0.319555014372, 0.312808960676, 0.317593812943, 0.304875820875, 0.391856491566, 0.599695801735], "mean": [-8.46346759796, -7.77627468109, -8.26401519775, -8.11999988556, -7.91084814072, -10.5565423965]}, "barkbands_flatness_db": {"min": 0.0222880300134, "max": 0.484095543623, "dvar2": 0.00217186915688, "median": 0.109381049871, "dmean2": 0.0411410331726, "dmean": 0.0276852287352, "var": 0.00355651671998, "dvar": 0.000941943377256, "mean": 0.122680015862}, "dynamic_complexity": 4.57055330276, "erbbands_flatness_db": {"min": 0.0359206609428, "max": 0.386464446783, "dvar2": 0.00123635004275, "median": 0.170278504491, "dmean2": 0.0335421524942, "dmean": 0.0239460822195, "var": 0.0028902