{"lowlevel": {"spectral_complexity": {"min": 0, "max": 68, "dvar2": 45.8732452393, "median": 11, "dmean2": 5.59910678864, "dmean": 4.14139175415, "var": 181.424850464, "dvar": 32.633731842, "mean": 15.0980463028}, "silence_rate_20dB": {"min": 1, "max": 1, "dvar2": 0, "median": 1, "dmean2": 0, "dmean": 0, "var": 0, "dvar": 0, "mean": 1}, "average_loudness": 0.951071202755, "erbbands_spread": {"min": 3.29846930504, "max": 174.355102539, "dvar2": 421.049102783, "median": 48.3777160645, "dmean2": 19.6042022705, "dmean": 12.986533165, "var": 852.776611328, "dvar": 196.452301025, "mean": 55.9061088562}, "spectral_kurtosis": {"min": -1.0648496151, "max": 26.6847839355, "dvar2": 2.09509301186, "median": 2.60258316994, "dmean2": 1.34567344189, "dmean": 0.837772428989, "var": 2.75376200676, "dvar": 0.834828078747, "mean": 2.64764308929}, "barkbands_kurtosis": {"min": -1.96899092197, "max": 255.66885376, "dvar2": 249.897415161, "median": 1.20220160484, "dmean2": 7.39973926544, "dmean": 4.64513921738, "var": 215.871856689, "dvar": 103.088310242, "mean": 6.14422273636}, "spectral_strongpeak": {"min": 0, "max": 15.3082284927, "dvar2": 1.5813062191, "median": 0.264883190393, "dmean2": 0.649956166744, "dmean": 0.381999105215, "var": 0.852313041687, "dvar": 0.61296159029, "mean": 0.572458088398}, "spectral_spread": {"min": 2190114, "max": 17254848, "dvar2": 1490300174340.0, "median": 5205744, "dmean2": 1041340.3125, "dmean": 732399.5625, "var": 3727673786370.0, "dvar": 811128586240, "mean": 5763283}, "spectral_rms": {"min": 9.5885616247e-06, "max": 0.0131852831692, "dvar2": 3.21061884279e-06, "median": 0.00366614293307, "dmean2": 0.00140376458876, "dmean": 0.000950955203734, "var": 3.50332607013e-06, "dvar": 1.43981117162e-06, "mean": 0.00387267395854}, "erbbands": {"min": [1.78876106816e-07, 1.3742808278e-06, 1.13766709546e-05, 5.43074202142e-05, 4.73228610645e-05, 6.23380401521e-05, 2.63072925009e-05, 8.16529973235e-06, 2.83255326394e-06, 2.58498039329e-06, 4.07124798585e-06, 2.81646180156e-06, 1.93653431779e-06, 2.16440548684e-06, 3.86420015275e-06, 3.4244874314e-06, 2.50866833085e-06, 2.47370871875e-06, 2.53589587373e-06, 6.44390274829e-06, 6.11697578279e-06, 8.86589987203e-06, 4.40649546363e-06, 1.01979449028e-05, 1.60044601216e-05, 1.08029771582e-05, 7.91425918578e-06, 9.56640087679e-06, 1.28739693537e-05, 9.82465189736e-06, 6.47417846267e-06, 6.08070013186e-06, 8.99825772649e-06, 6.77084926792e-06, 6.71061752655e-06, 3.45828220816e-06, 1.78764616976e-06, 1.47853563703e-06, 1.29120863335e-07, 9.75463709807e-09], "max": [2.03423762321, 28.6307830811, 61.9435844421, 204.520706177, 295.089324951, 161.420074463, 237.529785156, 427.947387695, 574.188232422, 416.764587402, 290.549072266, 258.044250488, 341.722076416, 601.195556641, 1012.95458984, 1060.48547363, 882.026062012, 953.499084473, 616.116210938, 576.015930176, 593.291687012, 792.069335938, 1100.59924316, 642.710388184, 421.110809326, 387.888366699, 710.459716797, 348.802581787, 445.556304932, 456.647949219, 356.250854492, 290.553985596, 141.910690308, 38.2625923157, 81.3713989258, 11.4688167572, 5.65766716003, 0.818634331226, 0.0501309856772, 0.00271380925551], "dvar2": [0.0695959925652, 6.27149248123, 50.4308738708, 248.42276001, 901.442749023, 504.359161377, 1036.06359863, 3502.33691406, 1656.71240234, 667.670043945, 334.553009033, 517.123596191, 806.301757812, 1350.38098145, 1418.98571777, 3870.85205078, 2892.94628906, 6962.93115234, 3129.984375, 4789.11425781, 2131.22290039, 1968.07568359, 1235.05969238, 1565.3659668, 995.36151123, 1306.10131836, 543.01373291, 454.200531006, 251.5209198, 287.847900391, 504.155822754, 118.030929565, 36.414516449, 7.97601270676, 195.817871094, 2.09730219841, 0.0376594848931, 0.00224790000357, 8.92084208317e-05, 2.66099476676e-07], "median": [0.0473914295435, 0.377510428429, 1.23102939129, 1.77801275253, 2.28183841705, 1.8413592577, 1.4844815731, 2.74054050446, 3.6838965416, 2.63041830063, 2.13262701035, 2.53870630264, 2.40954399109, 2.72184896469, 2.86934757233, 3.83115100861, 4.45006895065, 5.03131866455, 3.77988672256, 3.78100252151, 4.16480255127, 4.7072019577, 4.6352519989, 4.14590549469, 5.30168199539, 4.37580680847, 2.98797488213, 2.9674487114, 2.64948987961, 2.2478249073, 2.194211483, 0.807888686657, 1.39471650124, 0.416506767273, 0.222616761923, 0.0659158453345, 0.010329535231, 0.0018913767999, 0.00022812266252, 3.33119605784e-05], "dmean2": [0.143247127533, 1.30863964558, 3.13246631622, 6.2747130394, 9.99286174774, 9.61244297028, 11.0421943665, 20.6744766235, 17.0465393066, 10.5249643326, 9.11601066589, 10.7158479691, 12.5845346451, 14.0535430908, 15.5281362534, 22.9607868195, 22.3413047791, 29.1061553955, 22.8887519836, 24.6660652161, 18.230009079, 17.4723129272, 14.5867185593, 15.4400253296, 12.7185211182, 14.2940788269, 9.28822422028, 10.2205867767, 6.67947149277, 7.84712266922, 10.5765295029, 3.14519071579, 2.05168509483, 1.32642900944, 5.89317798615, 0.65885579586, 0.0855753198266, 0.0209321603179, 0.00414857687429, 0.000235524188611], "dmean": [0.0822833403945, 0.76471555233, 1.90087354183, 3.8286254406, 5.73876333237, 5.88615894318, 6.36689424515, 11.5027265549, 10.4573850632, 6.59407091141, 5.82804870605, 6.67877197266, 7.74450349808, 9.28965377808, 9.91205978394, 13.8279371262, 14.9743566513, 17.5552959442, 15.0381908417, 15.3616724014, 11.7516698837, 10.9442443848, 9.3494720459, 9.52103996277, 8.3234910965, 9.22701644897, 6.90983486176, 6.95710086823, 4.54007911682, 5.13985347748, 6.78883075714, 2.13932776451, 1.33932447433, 0.858296453953, 3.61475324631, 0.414531052113, 0.0527880787849, 0.0122471256182, 0.00239115045406, 0.000142783523188], "var": [0.0249073170125, 3.02942800522, 19.6002674103, 95.6433868408, 210.884902954, 261.796417236, 268.281951904, 808.636230469, 769.196166992, 348.073059082, 283.29119873, 312.05682373, 511.83013916, 1098.21386719, 1379.59973145, 2180.04394531, 3051.06835938, 2925.81933594, 2712.71850586, 2269.49438477, 1723.6484375, 1178.16442871, 850.695129395, 1039.16345215, 815.988037109, 1026.09472656, 787.41784668, 354.234130859, 210.845703125, 238.575027466, 349.996337891, 150.157211304, 27.8729553223, 5.06623744965, 60.4963417053, 0.771845579147, 0.0141446469352, 0.000636108743493, 2.40157660301e-05, 8.58139088677e-08], "dvar": [0.0222511999309, 2.1257750988, 18.3115291595, 91.4709777832, 318.456787109, 233.575164795, 372.060241699, 1229.34863281, 642.342102051, 259.287658691, 144.88319397, 212.319473267, 307.619018555, 542.192565918, 653.809631348, 1526.38110352, 1375.19873047, 2625.82006836, 1418.84472656, 1880.00683594, 921.693725586, 777.439331055, 537.375976562, 662.741088867, 441.308319092, 595.162841797, 315.430267334, 207.866592407, 112.892112732, 133.757339478, 218.809020996, 60.9860496521, 15.7852630615, 3.40741205215, 74.7520217896, 0.835041880608, 0.0151271568611, 0.000851924996823, 3.36969605996e-05, 1.0532920669e-07], "mean": [0.105850495398, 1.04494345188, 2.70965123177, 5.23916006088, 5.81799125671, 6.60384702682, 6.2179479599, 10.6348619461, 13.1928024292, 8.7539768219, 8.61002349854, 9.45380210876, 11.4058694839, 14.8128070831, 15.7167005539, 19.2466201782, 23.6137695312, 23.5480709076, 23.4721298218, 20.7065238953, 18.8582744598, 17.3244628906, 15.0910253525, 15.5611181259, 15.4561052322, 15.7065887451, 12.6089572906, 10.1676330566, 7.27631807327, 7.34240961075, 8.79655265808, 3.66977930069, 2.52236437798, 1.20512199402, 3.02738118172, 0.396027326584, 0.0524317808449, 0.0103328749537, 0.00181518867612, 0.000132257526275]}, "zerocrossingrate": {"min": 0.00390625, "max": 0.3896484375, "dvar2": 0.000479135283967, "median": 0.07568359375, "dmean2": 0.0196945220232, "dmean": 0.0169833898544, "var": 0.00225256639533, "dvar": 0.000385237595765, "mean": 0.0845090821385}, "spectral_contrast_coeffs": {"min": [-0.982826352119, -0.940199255943, -0.948541224003, -0.954905152321, -0.92184305191, -0.907585382462], "max": [-0.337787687778, -0.382373273373, -0.382664263248, -0.520479023457, -0.585022211075, -0.584239661694], "dvar2": [0.00576466368511, 0.00433896062896, 0.00255362922326, 0.00169506273232, 0.000864715082571, 0.000551855599042], "median": [-0.667144417763, -0.746264398098, -0.799157142639, -0.799838483334, -0.802037715912, -0.749710202217], "dmean2": [0.092775657773, 0.0815457180142, 0.0616978257895, 0.0505622215569, 0.0356449000537, 0.0274236258119], "dmean": [0.0574058070779, 0.0505678728223, 0.0388969704509, 0.0320837683976, 0.0219288729131, 0.0173679627478], "var": [0.00650342786685, 0.00709107564762, 0.0067086936906, 0.00393895851448, 0.00156870228238, 0.00128052802756], "dvar": [0.00234797364101, 0.00173092843033, 0.00110658700578, 0.000756592198741, 0.000350049580447, 0.000265814102022], "mean": [-0.658496022224, -0.737893462181, -0.780103504658, -0.787727057934, -0.79625660181, -0.749766469002]}, "dissonance": {"min": 0.303825139999, "max": 0.500000119209, "dvar2": 0.000689546286594, "median": 0.478049576283, "dmean2": 0.0247306805104, "dmean": 0.0147834047675, "var": 0.000535314844456, "dvar": 0.000254941376625, "mean": 0.471782624722}, "spectral_energyband_high": {"min": 4.29244639832e-09, "max": 0.0366773307323, "dvar2": 6.44292913421e-06, "median": 0.000483872339828, "dmean2": 0.00134495657403, "dmean": 0.000928661203943, "var": 5.34870878255e-06, "dvar": 3.01510908685e-06, "mean": 0.00141180667561}, "spectral_skewness": {"min": -0.369998693466, "max": 3.66164040565, "dvar2": 0.056188762188, "median": 1.23537933826, "dmean2": 0.250694036484, "dmean": 0.163219153881, "var": 0.127645671368, "dvar": 0.0263080000877, "mean": 1.22786390781}, "spectral_flux": {"min": 0.000190376100363, "max": 0.379273623228, "dvar2": 0.00228062691167, "median": 0.0643496662378, "dmean2": 0.0377225540578, "dmean": 0.0254886038601, "var": 0.00254043657333, "dvar": 0.00116191862617, "mean": 0.0764855593443}, "silence_rate_30dB": {"min": 0, "max": 1, "dvar2": 0.00167415477335, "median": 1, "dmean2": 0.00111669453327, "dmean": 0.000558308325708, "var": 0.000279015745036, "dvar": 0.000558086612727, "mean": 0.999720871449}, "spectral_energyband_middle_high": {"min": 1.31374566781e-09, "max": 0.0640383511782, "dvar2": 5.84849076404e-05, "median": 0.00142846035305, "dmean2": 0.00291780731641, "dmean": 0.00202738633379, "var": 4.39126124547e-05, "dvar": 2.45586670644e-05, "mean": 0.00404620263726}, "barkbands_spread": {"min": 1.04215312004, "max": 114.793205261, "dvar2": 281.789520264, "median": 28.0835971832, "dmean2": 14.3158798218, "dmean": 9.26814174652, "var": 350.714233398, "dvar": 124.48298645, "mean": 31.1272964478}, "spectral_centroid": {"min": 198.260925293, "max": 6594.88232422, "dvar2": 282518.40625, "median": 1597.57666016, "dmean2": 512.405761719, "dmean": 342.959350586, "var": 647922.9375, "dvar": 141745.453125, "mean": 1669.37084961}, "pitch_salience": {"min": 0.0958960875869, "max": 0.862796545029, "dvar2": 0.0138400914147, "median": 0.543680787086, "dmean2": 0.134046256542, "dmean": 0.0819422155619, "var": 0.0166662726551, "dvar": 0.00538568943739, "mean": 0.54312223196}, "erbbands_skewness": {"min": -6.67670631409, "max": 3.43003582954, "dvar2": 0.369279116392, "median": -0.0114753451198, "dmean2": 0.607225656509, "dmean": 0.397329956293, "var": 0.723033726215, "dvar": 0.176716506481, "mean": -0.00994259398431}, "erbbands_crest": {"min": 2.32223844528, "max": 31.3350200653, "dvar2": 12.7131357193, "median": 6.71793651581, "dmean2": 3.80735635757, "dmean": 2.34547710419, "var": 14.2067928314, "dvar": 5.40452528, "mean": 7.6333565712}, "melbands": {"min": [2.42745623602e-09, 4.45340653243e-09, 9.3470795548e-09, 4.42488579111e-09, 1.36609223933e-09, 1.05164529862e-10, 3.59687765683e-11, 2.4065067647e-11, 4.11214708118e-11, 1.64567699745e-11, 9.11268716736e-12, 8.24590916382e-12, 1.000785739e-11, 6.86889607693e-12, 5.63216487337e-12, 5.10966616241e-12, 4.9364774421e-12, 3.63697136643e-12, 8.40412375108e-12, 7.03953865686e-12, 6.48334380973e-12, 1.0751506456e-11, 4.61345458364e-12, 4.20884160857e-12, 6.75645216858e-12, 1.07367569696e-11, 1.1133215877e-11, 5.71413012393e-12, 4.85666975386e-12, 4.85847429996e-12, 5.52304729728e-12, 7.04098454887e-12, 5.39369026872e-12, 4.63987875898e-12, 3.81499649579e-12, 2.60152489828e-12, 4.31957854902e-12, 5.14329421067e-12, 6.63072851834e-12, 4.80490387061e-12], "max": [0.0252894945443, 0.0328962132335, 0.0348730683327, 0.0148765686899, 0.00745915062726, 0.00853019580245, 0.00857296958566, 0.00364585313946, 0.00297566293739, 0.00194986746646, 0.00172628217842, 0.00225646491162, 0.00484371604398, 0.00636081071571, 0.0034914102871, 0.00221400544979, 0.00161657645367, 0.00128106982447, 0.00131275795866, 0.00138402916491, 0.000828914402518, 0.000880638253875, 0.000908444751985, 0.000796283129603, 0.000567959039472, 0.00031408527866, 0.00042772400775, 0.00027065561153, 0.000430043815868, 0.000313374621328, 0.00021294337057, 0.000278981664451, 0.000188418722246, 0.000275038677501, 0.000213969717151, 0.000265532813501, 0.000185515164048, 0.000104941827885, 7.21908872947e-05, 2.79975447484e-05], "dvar2": [7.0107148531e-06, 1.02356161733e-05, 9.23904826777e-06, 3.52754614141e-06, 1.22646338241e-06, 1.58831153385e-06, 3.46822474739e-07, 6.41696189518e-08, 2.50274663216e-08, 1.89242186366e-08, 2.37323192209e-08, 2.45654767639e-08, 1.0772499337e-08, 3.22545723463e-08, 2.76288592005e-08, 1.49234793412e-08, 3.16139470158e-08, 1.10150697452e-08, 7.68851826649e-09, 1.37888864771e-08, 2.06330330599e-09, 2.5338784404e-09, 1.18841847474e-09, 1.20412679827e-09, 1.22291943239e-09, 4.1180928112e-10, 9.6398244942e-10, 6.02247418602e-10, 2.69135880249e-10, 1.54409859898e-10, 2.22493135027e-10, 1.02501625243e-10, 7.23070978093e-11, 1.41822567579e-10, 3.14837100834e-10, 7.05278058177e-11, 4.46896790407e-11, 2.15129077746e-11, 1.22680277395e-11, 3.25577195412e-12], "median": [0.000465828750748, 0.000660021556541, 0.000356149306754, 0.000159056711709, 5.74690275243e-05, 6.37148477836e-05, 5.7685036154e-05, 2.26143110922e-05, 1.64390949067e-05, 1.51595140778e-05, 1.0366724382e-05, 9.89338877844e-06, 8.64748926688e-06, 7.76855631557e-06, 8.39583299239e-06, 9.73643000179e-06, 7.7839831647e-06, 4.45270097771e-06, 5.02188049722e-06, 4.02688874601e-06, 4.06055414715e-06, 4.383342457e-06, 4.17152932641e-06, 3.56119994649e-06, 3.10079212795e-06, 3.13122427542e-06, 4.05635182688e-06, 2.5280914997e-06, 1.85612043424e-06, 1.38691700613e-06, 1.78124355443e-06, 1.46329603012e-06, 1.20819913718e-06, 1.24794519252e-06, 1.42426961247e-06, 5.45735872493e-07, 4.20205537921e-07, 7.50254457671e-07, 1.10557084554e-06, 1.11758382104e-07], "dmean2": [0.00139631796628, 0.00160421628971, 0.00112393032759, 0.000736350484658, 0.000377312506316, 0.000447124155471, 0.000248483964242, 0.00010844773351, 7.92962164269e-05, 6.60605437588e-05, 6.70711742714e-05, 6.11820869381e-05, 4.35954898421e-05, 6.53019669699e-05, 6.39881764073e-05, 4.91513674206e-05, 5.93701079197e-05, 4.13326233684e-05, 3.50167429133e-05, 3.62410610251e-05, 1.94071653823e-05, 1.9782468371e-05, 1.58176662808e-05, 1.35312475322e-05, 1.36010958158e-05, 9.21676928556e-06, 1.19159267342e-05, 1.01319783425e-05, 6.58632507111e-06, 4.98037934449e-06, 7.21236892787e-06, 4.27549866799e-06, 3.45292482962e-06, 5.65774371353e-06, 8.50322794577e-06, 2.54271549238e-06, 1.73372507106e-06, 1.41002874443e-06, 1.42164310546e-06, 8.37294010125e-07], "dmean": [0.000805843970738, 0.000964425737038, 0.000682316778693, 0.000442259246483, 0.000223718801863, 0.000250058452366, 0.000152873340994, 6.79005461279e-05, 5.05979332956e-05, 4.1470178985e-05, 4.11206165154e-05, 4.00096432713e-05, 2.86124541162e-05, 4.04035745305e-05, 3.91315916204e-05, 3.32371819241e-05, 3.47973727912e-05, 2.63334495685e-05, 2.30085552175e-05, 2.1427835236e-05, 1.243335646e-05, 1.22009842016e-05, 9.66893912846e-06, 8.54410518514e-06, 8.24057224236e-06, 6.23740379524e-06, 7.39082315704e-06, 6.41363158138e-06, 4.98072540722e-06, 3.41036934515e-06, 4.723744496e-06, 2.81998154605e-06, 2.26175484386e-06, 3.58564102498e-06, 5.37080541108e-06, 1.68124620359e-06, 1.16813691875e-06, 9.2056086487e-07, 8.9970052386e-07, 5.3274112588e-07], "var": [2.92064532914e-06, 4.90342881676e-06, 3.10190216624e-06, 1.14689623842e-06, 3.46533880702e-07, 3.7176727119e-07, 1.62867621611e-07, 3.54552547321e-08, 2.14987956326e-08, 1.21673311426e-08, 1.50407135635e-08, 1.90709847914e-08, 1.3781916941e-08, 2.51660736694e-08, 2.01161256541e-08, 1.55297250615e-08, 1.14558158515e-08, 8.8682599042e-09, 5.4856519327e-09, 4.68354999228e-09, 2.24133023252e-09, 1.53023749228e-09, 7.8840617368e-10, 6.59137799897e-10, 7.58827278791e-10, 4.23901302948e-10, 5.26543308954e-10, 4.73990957595e-10, 3.96677191095e-10, 1.48763945607e-10, 1.33340241626e-10, 7.53916443164e-11, 6.32979502146e-11, 8.84527798228e-11, 1.6619214338e-10, 8.83307524346e-11, 4.67578094299e-11, 1.53465035818e-11, 7.92739832112e-12, 2.0790389809e-12], "dvar": [2.28433032134e-06, 3.67925417777e-06, 3.37913616022e-06, 1.36236985782e-06, 4.54647533843e-07, 5.58480110158e-07, 1.34561844334e-07, 2.5186272623e-08, 1.07889741585e-08, 7.82218290141e-09, 9.02750052489e-09, 9.74762137673e-09, 5.60397062088e-09, 1.44521878909e-08, 1.13028919557e-08, 7.0918537709e-09, 1.15719887006e-08, 4.78004524851e-09, 3.47755380048e-09, 5.01807173592e-09, 9.69541780194e-10, 9.99621274644e-10, 5.02259900337e-10, 4.90132712194e-10, 5.07260011773e-10, 2.01331520899e-10, 3.77763764714e-10, 2.76617784234e-10, 1.60636018376e-10, 7.57394424955e-11, 9.40717503894e-11, 4.39346406478e-11, 3.38038173842e-11, 6.08968639404e-11, 1.30684144062e-10, 3.66231697746e-11, 2.13663201715e-11, 9.19620629647e-12, 5.12265490443e-12, 1.39711148466e-12], "mean": [0.0010997755453, 0.00145992741454, 0.000904657877982, 0.000466076831799, 0.000223799710511, 0.000236611595028, 0.000196712615434, 8.88453359948e-05, 7.38266826374e-05, 5.93016557104e-05, 5.84820445511e-05, 6.13974116277e-05, 4.74474763905e-05, 5.56393897568e-05, 5.53723875782e-05, 5.02266884723e-05, 4.29905558121e-05, 3.91449393646e-05, 3.18339261867e-05, 2.56468374573e-05, 2.04596435651e-05, 1.81320301635e-05, 1.47174141603e-05, 1.27265229821e-05, 1.2641489775e-05, 1.0932179066e-05, 1.17510217024e-05, 1.02303574749e-05, 8.73095814313e-06, 5.45711736777e-06, 6.27650570095e-06, 4.2782348828e-06, 3.49181937054e-06, 4.46013837063e-06, 6.34586604065e-06, 2.70866348728e-06, 1.94421500055e-06, 1.60942988714e-06, 1.68516442045e-06, 6.65882453177e-07]}, "spectral_entropy": {"min": 5.80620384216, "max": 8.88763999939, "dvar2": 0.055109962821, "median": 7.83974170685, "dmean2": 0.233313784003, "dmean": 0.160668730736, "var": 0.132106974721, "dvar": 0.0277529172599, "mean": 7.80448246002}, "spectral_rolloff": {"min": 64.599609375, "max": 12403.125, "dvar2": 6476095, "median": 1421.19140625, "dmean2": 1519.79174805, "dmean": 923.069030762, "var": 4957022, "dvar": 2784159.75, "mean": 2081.80004883}, "barkbands": {"min": [1.65112035155e-09, 5.55475931918e-09, 1.37527447208e-08, 2.17986126927e-08, 1.74476593173e-08, 6.70328570429e-10, 1.38648245662e-10, 9.94988952341e-11, 1.1888140472e-10, 4.88981216629e-11, 6.8222760774e-11, 6.31186700129e-11, 4.4161733298e-11, 5.81913614517e-11, 9.53738546472e-11, 8.49345524467e-11, 1.55580492933e-10, 8.73551161962e-11, 2.95161783903e-10, 2.07956679654e-10, 2.30166607995e-10, 3.6090236355e-10, 2.23103799324e-10, 4.24811713584e-10, 7.66473773339e-10, 9.2721452738e-10, 1.28630439633e-09], "max": [0.0059322072193, 0.110409244895, 0.0636239349842, 0.0750596001744, 0.0572836324573, 0.0369111411273, 0.0400502048433, 0.0116845956072, 0.0160588249564, 0.0133430734277, 0.0321120321751, 0.0444064177573, 0.0234873741865, 0.0165542308241, 0.0122349783778, 0.0161657016724, 0.0122740371153, 0.0166415479034, 0.00775463506579, 0.00947096291929, 0.0118421679363, 0.010630321689, 0.011621594429, 0.0116883590817, 0.00602414505556, 0.00283626117744, 0.000400677323341], "dvar2": [1.27348897649e-07, 0.000104240651126, 5.49726719328e-05, 4.96684479003e-05, 4.8781876103e-05, 3.89275228372e-05, 6.81882056597e-06, 8.42480005758e-07, 9.79584569905e-07, 1.41488021654e-06, 6.92000639901e-07, 2.68316284746e-06, 1.38418056395e-06, 3.04320656141e-06, 1.04750392893e-06, 1.75213915554e-06, 5.61517879305e-07, 5.04244894728e-07, 3.24854539713e-07, 6.13709914887e-07, 2.66975121122e-07, 1.80719197829e-07, 5.88994907957e-07, 1.67015983266e-07, 1.06467143723e-06, 9.80885150881e-09, 3.09565284518e-09], "median": [7.46704463381e-05, 0.00174332992174, 0.000985393533483, 0.000537256593816, 0.000599823368248, 0.000293040764518, 0.000212379702134, 5.97229300183e-05, 0.000124643571326, 5.22537411598e-05, 5.30067445652e-05, 8.8775275799e-05, 9.03049221961e-05, 7.97139146016e-05, 6.15752142039e-05, 6.83144608047e-05, 7.33718043193e-05, 7.89588593761e-05, 8.83446045918e-05, 9.84040088952e-05, 7.34018394724e-05, 7.52787091187e-05, 7.56833323976e-05, 7.34395434847e-05, 2.40900153585e-05, 8.04872797744e-06, 1.36263827244e-06], "dmean2": [0.000203480158234, 0.0053675766103, 0.0030991116073, 0.00252246740274, 0.00288150040433, 0.00220362143591, 0.00105918792542, 0.000415808754042, 0.000496779335663, 0.000471956067486, 0.00032732161344, 0.000621081504505, 0.000499696296174, 0.000621544313617, 0.000431263033533, 0.000440699863248, 0.000305353256408, 0.00028643530095, 0.000255908089457, 0.000310037459712, 0.000234549035667, 0.00018674779858, 0.000363328261301, 0.000124486803543, 0.00044921238441, 4.59485127067e-05, 2.44117691182e-05], "dmean": [0.000121765930089, 0.00312909740023, 0.00186660722829, 0.00149903015699, 0.00172091298737, 0.00123254547361, 0.000660343735944, 0.000257587817032, 0.000313888478559, 0.000291157775791, 0.000219596724492, 0.000377977266908, 0.000337349192705, 0.000371635600459, 0.000282775581582, 0.000269727112027, 0.000192060484551, 0.000177149748197, 0.000167020043591, 0.000205516655114, 0.000162487282068, 0.000127532694023, 0.000231784637435, 8.34683669382e-05, 0.000278164399788, 2.97484311886e-05, 1.4119988009e-05], "var": [7.63525704883e-08, 4.83416879433e-05, 1.88419780898e-05, 1.57021204359e-05, 1.81403283932e-05, 9.04839544091e-06, 3.42153043675e-06, 5.82172845043e-07, 6.83017333358e-07, 9.48877016071e-07, 8.44440137371e-07, 1.76340768121e-06, 1.52158622768e-06, 1.37951008128e-06, 7.9775213635e-07, 7.71774466557e-07, 3.89237470699e-07, 3.03939572177e-07, 2.94005729984e-07, 5.16615614288e-07, 2.8270153507e-07, 1.704547401e-07, 3.9336200075e-07, 1.8082695874e-07, 3.47635904063e-07, 4.92624252502e-09, 8.43811964746e-10], "dvar": [4.74165773312e-08, 3.48118664988e-05, 2.00923968805e-05, 1.76291050593e-05, 1.98397046915e-05, 1.36640774144e-05, 2.6615648494e-06, 3.52866805997e-07, 4.01895107416e-07, 5.48603793504e-07, 3.48131777628e-07, 1.12929649276e-06, 6.7183725605e-07, 1.1366111039e-06, 4.82920313516e-07, 6.66415928663e-07, 2.28327891705e-07, 2.06521676205e-07, 1.49723859977e-07, 2.88156428496e-07, 1.32513960693e-07, 8.57316422298e-08, 2.54697454238e-07, 8.06356581506e-08, 4.10342948953e-07, 4.2447876325e-09, 1.17442544578e-09], "mean": [0.00018479496066, 0.00436136964709, 0.00241122604348, 0.00184275070205, 0.00187111424748, 0.00115380855277, 0.000857657811139, 0.000334865355399, 0.000466380384751, 0.000405105063692, 0.000350668036845, 0.000501671805978, 0.000529476325028, 0.000490035978146, 0.000395442650188, 0.000363533355994, 0.000294324796414, 0.000279952917481, 0.000294111174298, 0.000351510534529, 0.00026716676075, 0.000205046279007, 0.00029382284265, 0.000164933109772, 0.000248542928603, 3.31956180162e-05, 1.07757805381e-05]}, "melbands_flatness_db": {"min": 0.0223596282303, "max": 0.477261692286, "dvar2": 0.00193821033463, "median": 0.179736942053, "dmean2": 0.0472442917526, "dmean": 0.0311103463173, "var": 0.00611300347373, "dvar": 0.000880298612174, "mean": 0.188180878758}, "melbands_skewness": {"min": -3.3291285038, "max": 21.126663208, "dvar2": 3.72866344452, "median": 2.9247469902, "dmean2": 1.70765149593, "dmean": 1.11287474632, "var": 8.25345993042, "dvar": 1.63815259933, "mean": 3.72742128372}, "barkbands_skewness": {"min": -5.75530338287, "max": 14.1266965866, "dvar2": 1.52101767063, "median": 1.37425637245, "dmean2": 1.11593556404, "dmean": 0.728414297104, "var": 3.04510641098, "dvar": 0.677146196365, "mean": 1.75226855278}, "silence_rate_60dB": {"min": 0, "max": 1, "dvar2": 0.101033940911, "median": 0, "dmean2": 0.0946398675442, "dmean": 0.0473166294396, "var": 0.0887175798416, "dvar": 0.0450761802495, "mean": 0.0983949750662}, "spectral_energyband_low": {"min": 4.78890918032e-08, "max": 0.14766047895, "dvar2": 0.000207692457479, "median": 0.00465558189899, "dmean2": 0.00805499218404, "dmean": 0.00483204936609, "var": 0.00011888633162, "dvar": 7.55976216169e-05, "mean": 0.00810386240482}, "spectral_energyband_middle_low": {"min": 4.08443163735e-08, "max": 0.128117576241, "dvar2": 0.000250868382864, "median": 0.00363749382086, "dmean2": 0.00717435451224, "dmean": 0.00449493713677, "var": 9.44529674598e-05, "dvar": 9.79205069598e-05, "mean": 0.0065909572877}, "melbands_kurtosis": {"min": -1.94277834892, "max": 618.040588379, "dvar2": 2473.28076172, "median": 10.3433170319, "dmean2": 26.0950832367, "dmean": 16.5882873535, "var": 2675.24829102, "dvar": 1029.07312012, "mean": 30.0336723328}, "spectral_decrease": {"min": -4.56671287452e-08, "max": -2.33541704991e-14, "dvar2": 3.94084858037e-17, "median": -3.29500582374e-09, "dmean2": 3.59927043725e-09, "dmean": 2.32796049104e-09, "var": 2.22895264232e-17, "dvar": 1.60150090981e-17, "mean": -4.53970905312e-09}, "erbbands_kurtosis": {"min": -1.90425264835, "max": 84.7014770508, "dvar2": 7.81354475021, "median": -0.346789956093, "dmean2": 1.50281608105, "dmean": 0.949521780014, "var": 9.40474891663, "dvar": 3.82182431221, "mean": 0.261370271444}, "melbands_crest": {"min": 2.68775248528, "max": 32.933013916, "dvar2": 25.1546344757, "median": 14.5112380981, "dmean2": 5.92032766342, "dmean": 3.55199861526, "var": 26.6254901886, "dvar": 9.19985389709, "mean": 14.5747852325}, "gfcc": {"cov": [[4718.86425781, -513.672302246, -757.808898926, -478.629119873, -136.745697021, -114.947219849, -16.7423019409, -120.541343689, -41.0353622437, 175.585372925, -235.719802856, 192.246246338, -106.957435608], [-513.672302246, 1011.88085938, -246.950134277, -85.8731765747, 127.970664978, -47.0400657654, 95.6324234009, 48.9514427185, 30.8317394257, -52.1577835083, 118.069503784, -91.3265228271, 53.3886947632], [-757.808898926, -246.950134277, 1369.10168457, 438.040710449, 53.6055908203, 168.954589844, -60.488243103, 52.7456207275, 48.1702537537, 1.7303391695, -41.2515029907, 4.45098400116, -89.9548721313], [-478.629119873, -85.8731765747, 438.040710449, 546.730834961, 127.810264587, 101.492996216, -7.27593946457, 46.5262184143, 56.4093399048, -16.4134216309, 34.0989265442, -28.5291996002, 8.78820323944], [-136.745697021, 127.970664978, 53.6055908203, 127.810264587, 258.671600342, 85.0419769287, 50.4206390381, 33.6557731628, 19.8545684814, 2.54214787483, 12.3518333435, -4.95262432098, 24.3052406311], [-114.947219849, -47.0400657654, 168.954589844, 101.492996216, 85.0419769287, 249.75390625, 110.782112122, 41.3101882935, -1.81868767738, -13.5494842529, 15.7842607498, -3.01067662239, -19.9226932526], [-16.7423019409, 95.6324234009, -60.488243103, -7.27593946457, 50.4206390381, 110.782112122, 211.868560791, 74.1208114624, 1.91513860226, -9.47790718079, 22.8893661499, 6.32245540619, -1.80381965637], [-120.541343689, 48.9514427185, 52.7456207275, 46.5262184143, 33.6557731628, 41.3101882935, 74.1208114624, 139.181045532, 68.6157608032, -7.03438234329, -2.70331001282, -2.42583751678, 8.32376670837], [-41.0353622437, 30.8317394257, 48.1702537537, 56.4093399048, 19.8545684814, -1.81868767738, 1.91513860226, 68.6157608032, 132.512359619, 33.00548172, -4.54866075516, -5.35308647156, -1.06519460678], [175.585372925, -52.1577835083, 1.7303391695, -16.4134216309, 2.54214787483, -13.5494842529, -9.47790718079, -7.03438234329, 33.00548172, 92.7005081177, 19.6054382324, 17.5379619598, -10.206161499], [-235.719802856, 118.069503784, -41.2515029907, 34.0989265442, 12.3518333435, 15.7842607498, 22.8893661499, -2.70331001282, -4.54866075516, 19.6054382324, 114.307312012, 11.6890869141, 15.9742136002], [192.246246338, -91.3265228271, 4.45098400116, -28.5291996002, -4.95262432098, -3.01067662239, 6.32245540619, -2.42583751678, -5.35308647156, 17.5379619598, 11.6890869141, 94.4105606079, 19.7233848572], [-106.957435608, 53.3886947632, -89.9548721313, 8.78820323944, 24.3052406311, -19.9226932526, -1.80381965637, 8.32376670837, -1.06519460678, -10.206161499, 15.9742136002, 19.7233848572, 92.14037323]], "icov": [[0.000411443092162, -0.000111364432087, 0.000362069375115, -0.000164699813467, 0.000155107263708, -0.000197096960619, 7.04401390976e-05, 7.21573160263e-05, 0.000279030558886, -0.000985908554867, 0.00133562867995, -0.00113174691796, 0.000727376900613], [-0.000111364432087, 0.0021398102399, -0.000335106335115, 0.00114905985538, -0.00149685936049, 0.00134275981691, -0.00108941353392, 0.000270723423455, -0.00136799993925, 0.00232293456793, -0.00330928899348, 0.00280330562964, -0.000951347348746], [0.000362069375115, -0.000335106335115, 0.00164640450384, -0.00128659536131, 0.000525006616954, -0.00110015342943, 0.00106927787419, -0.000668988970574, 0.000723450037185, -0.00136136356741, 0.00212836032733, -0.00200476218015, 0.00196724687703], [-0.000164699813467, 0.00114905985538, -0.00128659536131, 0.00394038669765, -0.00194440572523, 0.000346151588019, -0.000168527054484, 0.000293038960081, -0.00203578593209, 0.00254460913129, -0.00353696383536, 0.00282349903136, -0.00166378018912], [0.000155107263708, -0.00149685936049, 0.000525006616954, -0.00194440572523, 0.00615388900042, -0.0023359300103, 0.000237512926105, -0.000346938846633, 0.000960650213528, -0.00273111416027, 0.00303728063591, -0.00180415099021, -0.000778796849772], [-0.000197096960619, 0.00134275981691, -0.00110015342943, 0.000346151588019, -0.0023359300103, 0.0077195786871, -0.00419900240377, 0.000486238044687, -0.00048287663958, 0.00245776050724, -0.00296128704213, 0.00207720068283, 0.000380700890673], [7.04401390976e-05, -0.00108941353392, 0.00106927787419, -0.000168527054484, 0.000237512926105, -0.00419900240377, 0.00944441091269, -0.00530108436942, 0.00275257765315, -0.00134506414179, 0.000569943804294, -0.00221352651715, 0.0017240535235], [7.21573160263e-05, 0.000270723423455, -0.000668988970574, 0.000293038960081, -0.000346938846633, 0.000486238044687, -0.00530108436942, 0.0142910266295, -0.00799315795302, 0.00325353466906, 0.000258571322775, 0.000236764812144, -0.00177985092159], [0.000279030558886, -0.00136799993925, 0.000723450037185, -0.00203578593209, 0.000960650213528, -0.00048287663958, 0.00275257765315, -0.00799315795302, 0.0145011581481, -0.00766634009778, 0.00392434885725, -0.00142289255746, 0.00137786171399], [-0.000985908554867, 0.00232293456793, -0.00136136356741, 0.00254460913129, -0.00273111416027, 0.00245776050724, -0.00134506414179, 0.00325353466906, -0.00766634009778, 0.0192213933915, -0.00922240596265, 0.0023310307879, 9.77340005193e-06], [0.00133562867995, -0.00330928899348, 0.00212836032733, -0.00353696383536, 0.00303728063591, -0.00296128704213, 0.000569943804294, 0.000258571322775, 0.00392434885725, -0.00922240596265, 0.0190009418875, -0.0078581655398, 0.00184121716302], [-0.00113174691796, 0.00280330562964, -0.00200476218015, 0.00282349903136, -0.00180415099021, 0.00207720068283, -0.00221352651715, 0.000236764812144, -0.00142289255746, 0.0023310307879, -0.0078581655398, 0.0185341089964, -0.00666751340032], [0.000727376900613, -0.000951347348746, 0.00196724687703, -0.00166378018912, -0.000778796849772, 0.000380700890673, 0.0017240535235, -0.00177985092159, 0.00137786171399, 9.77340005193e-06, 0.00184121716302, -0.00666751340032, 0.015935190022]], "mean": [-10.7973451614, 61.1447296143, -97.8629989624, 47.5914077759, -54.4467315674, 20.8047447205, -38.3180961609, 8.97774219513, -24.8483581543, 4.23496484756, -12.4788322449, -2.69522070885, -11.418094635]}, "melbands_spread": {"min": 0.632884263992, "max": 295.149841309, "dvar2": 531.211914062, "median": 23.6175689697, "dmean2": 15.9768037796, "dmean": 10.3280763626, "var": 722.550842285, "dvar": 244.754425049, "mean": 29.7861461639}, "spectral_energy": {"min": 9.42390272485e-08, "max": 0.178197979927, "dvar2": 0.000654265051708, "median": 0.0137766199186, "dmean2": 0.0147207416594, "dmean": 0.00961762759835, "var": 0.000379522534786, "dvar": 0.000269758864306, "mean": 0.0189633667469}, "mfcc": {"cov": [[5120.93017578, -276.195922852, -1083.34179688, -398.477416992, -494.97946167, 0.799396753311, -263.155853271, -108.915267944, -57.283782959, -81.5062179565, -52.5683326721, 20.6085414886, -47.9130363464], [-276.195922852, 922.036621094, -265.065765381, -87.150138855, -38.4796714783, -85.5825195312, 74.0243148804, -13.3705444336, 12.1235256195, -13.7051582336, 46.6983833313, -0.126106768847, 3.43129372597], [-1083.34179688, -265.065765381, 1132.03222656, 269.968414307, 247.493743896, 126.039787292, 0.792613565922, 106.756515503, -0.234363377094, 71.1529541016, 49.9630699158, -3.79462552071, 38.7951087952], [-398.477416992, -87.150138855, 269.968414307, 367.768615723, 200.956680298, 44.6679229736, 8.36431217194, 26.4783878326, 41.6779823303, 18.6080131531, 7.40663862228, 22.1975841522, 35.6184806824], [-494.97946167, -38.4796714783, 247.493743896, 200.956680298, 298.929138184, 84.3656692505, 10.6555480957, 32.0090446472, 36.5549468994, 29.5892353058, 9.38792705536, 11.3260993958, 20.3885345459], [0.799396753311, -85.5825195312, 126.039787292, 44.6679229736, 84.3656692505, 195.619613647, 85.099281311, 47.754650116, 2.5470123291, 14.7657394409, 24.1679344177, 7.37023591995, 7.96733856201], [-263.155853271, 74.0243148804, 0.792613565922, 8.36431217194, 10.6555480957, 85.099281311, 220.757705688, 88.080116272, 11.6009120941, 9.95930194855, 23.8122119904, 6.67908430099, 7.98894023895], [-108.915267944, -13.3705444336, 106.756515503, 26.4783878326, 32.0090446472, 47.754650116, 88.080116272, 164.79574585, 69.0624465942, 34.4941673279, 21.6535949707, 8.41099739075, 15.021241188], [-57.283782959, 12.1235256195, -0.234363377094, 41.6779823303, 36.5549468994, 2.5470123291, 11.6009120941, 69.0624465942, 124.504516602, 53.1547813416, 6.31098604202, 4.0688457489, 3.56806373596], [-81.5062179565, -13.7051582336, 71.1529541016, 18.6080131531, 29.5892353058, 14.7657394409, 9.95930194855, 34.4941673279, 53.1547813416, 110.187950134, 41.3698387146, 5.72364330292, -6.69100141525], [-52.5683326721, 46.6983833313, 49.9630699158, 7.40663862228, 9.38792705536, 24.1679344177, 23.8122119904, 21.6535949707, 6.31098604202, 41.3698387146, 88.2140579224, 29.7686653137, 1.56332528591], [20.6085414886, -0.126106768847, -3.79462552071, 22.1975841522, 11.3260993958, 7.37023591995, 6.67908430099, 8.41099739075, 4.0688457489, 5.72364330292, 29.7686653137, 81.3661880493, 35.0754585266], [-47.9130363464, 3.43129372597, 38.7951087952, 35.6184806824, 20.3885345459, 7.96733856201, 7.98894023895, 15.021241188, 3.56806373596, -6.69100141525, 1.56332528591, 35.0754585266, 88.2057800293]], "icov": [[0.000359728990588, 0.00010023167124, 0.000383217673516, -8.3116836322e-05, 0.000526379211806, -0.000648625253234, 0.000770387763623, -0.00039038163959, 0.000214261046494, -5.60699190828e-05, 6.96147435519e-06, -0.000105309532955, 1.89749025594e-05], [0.00010023167124, 0.00146450765897, 0.00035628900514, 0.000341378035955, -0.000374858092982, 0.00084202142898, -0.000678984622937, 0.000354013289325, -0.000450756488135, 0.000630195369013, -0.00150217278861, 0.000610983290244, -0.000435581110651], [0.000383217673516, 0.00035628900514, 0.00190448120702, -0.000792006787378, -5.39723841939e-05, -0.000959628494456, 0.00143899489194, -0.00173132284544, 0.00165019650012, -0.000835733138956, -0.000651452166494, 0.000790750666056, -0.000492899853271], [-8.3116836322e-05, 0.000341378035955, -0.000792006787378, 0.00500780530274, -0.00295356241986, 0.000963553611655, -0.000979646691121, 0.00121528073214, -0.00185557967052, 0.00100886670407, -0.000309324212139, -0.000597012753133, -0.00086037197616], [0.000526379211806, -0.000374858092982, -5.39723841939e-05, -0.00295356241986, 0.00723322900012, -0.00337272253819, 0.00193057686556, -0.000419790507294, -0.000420832104282, -0.000840023625642, 0.00114084593952, -0.000573806581087, 0.000207527322345], [-0.000648625253234, 0.00084202142898, -0.000959628494456, 0.000963553611655, -0.00337272253819, 0.00937260687351, -0.00461630988866, 0.000639661448076, -2.44202819886e-05, 0.000661948753987, -0.00199088361114, 0.000584656663705, -0.000255943188677], [0.000770387763623, -0.000678984622937, 0.00143899489194, -0.000979646691121, 0.00193057686556, -0.00461630988866, 0.00942623429, -0.00539197446778, 0.00265924516134, -0.000635682838038, 6.0884958657e-05, -9.21574683161e-05, 0.000122567289509], [-0.00039038163959, 0.000354013289325, -0.00173132284544, 0.00121528073214, -0.000419790507294, 0.000639661448076, -0.00539197446778, 0.0127135785297, -0.00750674400479, 0.00127792917192, -0.00142976164352, 0.00015389060718, -0.00122782413382], [0.000214261046494, -0.000450756488135, 0.00165019650012, -0.00185557967052, -0.000420832104282, -2.44202819886e-05, 0.00265924516134, -0.00750674400479, 0.0157417543232, -0.00715490244329, 0.00311220437288, -0.000363959639799, 0.000204480282264], [-5.60699190828e-05, 0.000630195369013, -0.000835733138956, 0.00100886670407, -0.000840023625642, 0.000661948753987, -0.000635682838038, 0.00127792917192, -0.00715490244329, 0.0155030163005, -0.00740286754444, 0.00122780154925, 0.000987936044112], [6.96147435519e-06, -0.00150217278861, -0.000651452166494, -0.000309324212139, 0.00114084593952, -0.00199088361114, 6.0884958657e-05, -0.00142976164352, 0.00311220437288, -0.00740286754444, 0.0190208088607, -0.00749299675226, 0.00258280639537], [-0.000105309532955, 0.000610983290244, 0.000790750666056, -0.000597012753133, -0.000573806581087, 0.000584656663705, -9.21574683161e-05, 0.00015389060718, -0.000363959639799, 0.00122780154925, -0.00749299675226, 0.0182960741222, -0.0071605797857], [1.89749025594e-05, -0.000435581110651, -0.000492899853271, -0.00086037197616, 0.000207527322345, -0.000255943188677, 0.000122567289509, -0.00122782413382, 0.000204480282264, 0.000987936044112, 0.00258280639537, -0.0071605797857, 0.0149700716138]], "mean": [-659.791748047, 91.4477233887, 15.1684083939, 31.1850948334, 9.886302948, 12.0975103378, 3.77917218208, 3.53186631203, -3.33907651901, 3.08961367607, 0.845955789089, 0.458602041006, 0.717271864414]}, "spectral_contrast_valleys": {"min": [-13.047876358, -13.4211339951, -14.0865325928, -14.70860672, -13.7781620026, -15.4442071915], "max": [-5.1695022583, -4.71266317368, -5.20719909668, -5.02417325974, -5.31309461594, -7.3899435997], "dvar2": [0.299233734608, 0.356904059649, 0.337202906609, 0.359813898802, 0.230334922671, 0.275291949511], "median": [-7.292075634, -7.26234292984, -8.02801322937, -8.05180358887, -7.64667606354, -10.008105278], "dmean2": [0.677737653255, 0.683794677258, 0.617364704609, 0.552211105824, 0.437762379646, 0.455739855766], "dmean": [0.422794938087, 0.450498759747, 0.417537808418, 0.383352637291, 0.315695881844, 0.365303128958], "var": [0.651640057564, 0.683369398117, 0.994171619415, 0.929260909557, 0.731365978718, 0.843490719795], "dvar": [0.127625882626, 0.173789069057, 0.182281598449, 0.195268139243, 0.127103328705, 0.169234916568], "mean": [-7.38900136948, -7.28012561798, -7.96653699875, -7.97952079773, -7.60398674011, -10.0059165955]}, "barkbands_flatness_db": {"min": 0.0245578791946, "max": 0.359535157681, "dvar2": 0.00125114154071, "median": 0.108310773969, "dmean2": 0.0371738262475, "dmean": 0.0242240782827, "var": 0.0029569757171, "dvar": 0.000559588195756, "mean": 0.117724038661}, "dynamic_complexity": 3.42055463791, "erbbands_flatness_db": {"min": 0.0512167140841, "max": 0.329846173525, "dvar2": 0.000521124573424, "median": 0.122409671545, "dmean2": 0.0243384055793, "dmean": 0.0165913589299, "var": 0.00116200069897, "dvar": 0.000258376006968, "mean": 0