{"lowlevel": {"spectral_complexity": {"min": 0, "max": 50, "dvar2": 26.6117839813, "median": 9, "dmean2": 4.09180879593, "dmean": 2.55253601074, "var": 42.0539741516, "dvar": 11.7395219803, "mean": 10.161658287}, "silence_rate_20dB": {"min": 1, "max": 1, "dvar2": 0, "median": 1, "dmean2": 0, "dmean": 0, "var": 0, "dvar": 0, "mean": 1}, "average_loudness": 0.878429830074, "erbbands_spread": {"min": 2.28158664703, "max": 160.270370483, "dvar2": 263.981689453, "median": 30.9296951294, "dmean2": 12.7143220901, "dmean": 8.336810112, "var": 452.335510254, "dvar": 123.979866028, "mean": 35.0298728943}, "spectral_kurtosis": {"min": -1.33029460907, "max": 150.948257446, "dvar2": 116.618377686, "median": 4.85203266144, "dmean2": 5.03609275818, "dmean": 3.04825687408, "var": 119.006568909, "dvar": 44.1844558716, "mean": 8.03901958466}, "barkbands_kurtosis": {"min": -1.9608579874, "max": 496.274353027, "dvar2": 639.897583008, "median": 7.34007549286, "dmean2": 13.8596754074, "dmean": 9.00560951233, "var": 679.762451172, "dvar": 293.973999023, "mean": 15.9529561996}, "spectral_strongpeak": {"min": 0, "max": 9.79232501984, "dvar2": 1.07916712761, "median": 0.287776350975, "dmean2": 0.587108075619, "dmean": 0.361094623804, "var": 1.4851783514, "dvar": 0.478725284338, "mean": 0.808683812618}, "spectral_spread": {"min": 595385.9375, "max": 17071302, "dvar2": 1228463931390.0, "median": 4573016, "dmean2": 819132.9375, "dmean": 560243.5625, "var": 4260157194240.0, "dvar": 708850810880, "mean": 4704109}, "spectral_rms": {"min": 3.98399521373e-07, "max": 0.0143493060023, "dvar2": 2.49495360549e-06, "median": 0.00503165833652, "dmean2": 0.00134074164089, "dmean": 0.00094702077331, "var": 6.90703427608e-06, "dvar": 1.32473871872e-06, "mean": 0.00541611667722}, "erbbands": {"min": [1.35363142917e-09, 4.45147430028e-09, 4.69223504496e-09, 3.517261149e-09, 7.55220952442e-09, 6.82577994127e-09, 1.90852977866e-09, 3.35021099751e-09, 2.43179609782e-08, 1.43025964405e-08, 1.9809075269e-08, 4.20998347295e-08, 3.76175250949e-08, 4.67612828459e-08, 6.89945807153e-08, 2.43714861625e-08, 4.97933108079e-08, 1.74448260282e-08, 2.96690938484e-08, 1.96083632886e-07, 1.26569531744e-07, 1.30048448455e-07, 9.55361656452e-08, 1.70197779426e-07, 7.53011946131e-08, 1.01599958668e-07, 1.33446931727e-07, 1.89610730672e-07, 1.89194665268e-07, 1.2644957792e-07, 2.30767781773e-07, 2.57598344433e-07, 1.36982436061e-07, 1.00840921391e-07, 1.52488368599e-07, 1.07990331344e-07, 3.36116094957e-08, 1.14168212662e-08, 1.26685972823e-09, 1.03502276194e-10], "max": [8.65630626678, 45.6315689087, 117.526679993, 180.539978027, 150.18951416, 295.780670166, 336.663726807, 580.20111084, 1633.265625, 1852.50280762, 2465.28735352, 2030.53479004, 2833.32958984, 1568.21960449, 1167.99743652, 392.960876465, 357.292480469, 340.474090576, 493.617736816, 555.520385742, 876.83013916, 239.409240723, 209.445739746, 345.720947266, 104.16280365, 95.7005844116, 163.118759155, 263.965637207, 239.435470581, 232.321777344, 173.290557861, 209.591918945, 110.541297913, 107.112190247, 33.1752891541, 9.13118839264, 2.80558013916, 0.802260100842, 0.0630415976048, 0.00307347904891], "dvar2": [0.797499835491, 41.5612449646, 302.534301758, 739.44744873, 361.092437744, 497.375579834, 944.471801758, 1130.87805176, 11493.109375, 16686.0761719, 11359.9326172, 5563.90576172, 4365.96240234, 2491.46386719, 1596.77807617, 480.066955566, 316.243896484, 273.734405518, 341.420288086, 183.594100952, 147.740264893, 113.738990784, 89.4133911133, 177.246337891, 66.20677948, 42.3518447876, 60.0106811523, 113.687797546, 105.891815186, 71.9300689697, 51.626663208, 57.6978187561, 15.8889379501, 11.3494825363, 1.97387373447, 0.196088328958, 0.00728544872254, 0.00037494051503, 4.31949001722e-06, 1.05617798951e-08], "median": [0.4527130723, 0.940441012383, 0.880874812603, 0.799054861069, 1.46118140221, 3.1853427887, 3.54325604439, 4.63474369049, 6.56788539886, 5.32108592987, 5.56294775009, 4.78219223022, 3.51377820969, 4.53272342682, 4.4854016304, 4.45968008041, 2.87942743301, 2.21029019356, 2.17125105858, 1.91369950771, 1.47277355194, 2.08325099945, 1.58581757545, 1.73905956745, 1.12630653381, 1.02998256683, 0.703175902367, 0.677373528481, 0.787663817406, 0.466359466314, 0.264298647642, 0.202009603381, 0.189399838448, 0.137498229742, 0.0586313828826, 0.0199781935662, 0.00488329352811, 0.00081661331933, 9.13713229238e-05, 4.16779730585e-05], "dmean2": [0.509539842606, 3.01652550697, 5.63158655167, 7.84376049042, 7.31404399872, 10.659781456, 14.1310338974, 15.3201007843, 37.5465431213, 44.2361068726, 32.5305709839, 23.7086734772, 18.2821159363, 18.8482627869, 16.7865352631, 10.278673172, 7.4062743187, 7.38769340515, 6.79473590851, 4.89895915985, 4.3726606369, 5.3031244278, 4.38078308105, 5.32357120514, 3.4806201458, 2.84390830994, 2.24074864388, 2.71957778931, 3.18982815742, 2.21165275574, 1.62529456615, 1.48337543011, 1.02848136425, 0.665064692497, 0.300208121538, 0.099718131125, 0.0233315192163, 0.00372203462757, 0.000387929700082, 3.625120371e-05], "dmean": [0.349566489458, 1.96251308918, 3.36634254456, 4.22468805313, 4.14394426346, 6.46144199371, 8.41677284241, 9.70393276215, 24.7383613586, 29.5375709534, 21.7784786224, 15.6612730026, 12.7535018921, 13.2343683243, 11.4412050247, 6.8095703125, 4.85140323639, 4.6645822525, 4.31100845337, 3.09807300568, 2.78097820282, 3.23949146271, 2.72371983528, 3.33391690254, 2.15758109093, 1.75481116772, 1.42791748047, 1.76195752621, 2.07910370827, 1.44371175766, 1.03985881805, 0.952425420284, 0.714233338833, 0.450695335865, 0.209701418877, 0.0679027959704, 0.0161178614944, 0.00253347866237, 0.000264419388259, 2.43215672526e-05], "var": [0.984064400196, 30.7251796722, 91.5143127441, 149.795913696, 96.6532821655, 379.688995361, 520.004577637, 1160.44055176, 12586.7783203, 26188.453125, 17110.8652344, 9773.62207031, 13256.1318359, 6731.27001953, 2348.89941406, 763.228881836, 438.559082031, 346.825134277, 309.361694336, 213.3412323, 417.367248535, 134.25390625, 113.643600464, 211.075042725, 53.6228523254, 40.391544342, 37.874080658, 73.3612442017, 80.4275283813, 47.6726799011, 25.7481060028, 29.6036434174, 21.3365383148, 9.2042760849, 1.73376250267, 0.156770378351, 0.00791879370809, 0.000264321890427, 3.39879647981e-06, 8.34369018321e-09], "dvar": [0.359201639891, 18.6801376343, 115.817047119, 257.981933594, 127.41318512, 201.119476318, 367.743041992, 521.818908691, 5272.31298828, 7691.51123047, 5564.27441406, 2726.47167969, 2669.39233398, 1523.95690918, 784.170471191, 223.241363525, 138.644363403, 125.080795288, 154.083282471, 89.1200027466, 103.885604858, 48.0351791382, 41.8266181946, 77.6402435303, 27.8595428467, 18.5271205902, 24.68060112, 49.9610137939, 48.6599235535, 33.1087532043, 21.0364646912, 22.7693347931, 8.84742069244, 5.42876291275, 0.961841344833, 0.0906151533127, 0.00394829409197, 0.000178140267963, 2.12583881876e-06, 4.92538898555e-09], "mean": [0.71834897995, 2.92658352852, 3.40229201317, 3.27450609207, 4.59725475311, 9.93180084229, 11.9799757004, 15.8283033371, 43.2149963379, 58.6000289917, 39.2005844116, 28.198135376, 24.7062339783, 25.1158027649, 20.2120704651, 15.118144989, 10.4321193695, 7.80728530884, 7.25744009018, 5.24942970276, 4.74916267395, 6.48954534531, 4.97310018539, 6.16031074524, 3.87914586067, 3.20957708359, 2.59034848213, 3.1506819725, 3.80953645706, 2.44267416, 1.56959044933, 1.41471230984, 1.20300579071, 0.714818060398, 0.329957336187, 0.108617350459, 0.0263493899256, 0.00408439198509, 0.000452280219179, 6.37984194327e-05]}, "zerocrossingrate": {"min": 0.00146484375, "max": 0.45361328125, "dvar2": 0.000204624520848, "median": 0.02685546875, "dmean2": 0.00939109642059, "dmean": 0.00831191055477, "var": 0.00170615618117, "dvar": 0.000194864303921, "mean": 0.0364310629666}, "spectral_contrast_coeffs": {"min": [-0.979929924011, -0.949028074741, -0.964536428452, -0.946743428707, -0.939986646175, -0.926630616188], "max": [-0.339597016573, -0.315688878298, -0.393857121468, -0.509438216686, -0.523615002632, -0.6205753088], "dvar2": [0.00459401821718, 0.00525500159711, 0.00274093705229, 0.00193734210916, 0.00101137522142, 0.000591618649196], "median": [-0.70291030407, -0.714975595474, -0.79103910923, -0.802278399467, -0.820908486843, -0.793590426445], "dmean2": [0.0809494480491, 0.0861149206758, 0.0633069947362, 0.0495890937746, 0.0340175181627, 0.0266120713204], "dmean": [0.0503265038133, 0.0541144125164, 0.0399550013244, 0.0306187774986, 0.0214185472578, 0.0174735374749], "var": [0.00852742325515, 0.0120176747441, 0.00711415568367, 0.00400755926967, 0.00252951332368, 0.00205531390384], "dvar": [0.00190211972222, 0.00236205547117, 0.00118012621533, 0.000826165545732, 0.000451427709777, 0.000289565999992], "mean": [-0.695247411728, -0.701186835766, -0.775096833706, -0.790509343147, -0.811023235321, -0.791109859943]}, "dissonance": {"min": 0.0941421762109, "max": 0.500000059605, "dvar2": 0.00201012124307, "median": 0.453458458185, "dmean2": 0.0471672825515, "dmean": 0.0285209156573, "var": 0.00230521592312, "dvar": 0.000796120555606, "mean": 0.440454661846}, "spectral_energyband_high": {"min": 7.43665823366e-11, "max": 0.0218149460852, "dvar2": 9.62365902524e-07, "median": 0.00011596375407, "dmean2": 0.000286613358185, "dmean": 0.000199231522856, "var": 9.29137570438e-07, "dvar": 4.6409877541e-07, "mean": 0.000409345055232}, "spectral_skewness": {"min": -0.317156046629, "max": 9.9225025177, "dvar2": 0.536901533604, "median": 1.82479858398, "dmean2": 0.506972670555, "dmean": 0.32089972496, "var": 0.921857833862, "dvar": 0.218286260962, "mean": 2.02287530899}, "spectral_flux": {"min": 4.38917668362e-05, "max": 0.480778604746, "dvar2": 0.00350724626333, "median": 0.0684874951839, "dmean2": 0.0530776195228, "dmean": 0.0353694148362, "var": 0.00488936761394, "dvar": 0.00192473281641, "mean": 0.087817683816}, "silence_rate_30dB": {"min": 0, "max": 1, "dvar2": 0.0674034133554, "median": 1, "dmean2": 0.065130263567, "dmean": 0.0325610525906, "var": 0.0517238676548, "dvar": 0.0314977690578, "mean": 0.945279240608}, "spectral_energyband_middle_high": {"min": 1.76627254489e-11, "max": 0.0808928087354, "dvar2": 6.57801592752e-06, "median": 0.00113888527267, "dmean2": 0.00139475427568, "dmean": 0.000968603650108, "var": 1.96062101168e-05, "dvar": 3.73915190721e-06, "mean": 0.00255504087545}, "barkbands_spread": {"min": 0.397883743048, "max": 119.848922729, "dvar2": 115.815513611, "median": 9.62236595154, "dmean2": 6.7047085762, "dmean": 4.42690944672, "var": 251.728134155, "dvar": 59.7787742615, "mean": 13.9774332047}, "spectral_centroid": {"min": 131.809082031, "max": 6071.54589844, "dvar2": 186137.03125, "median": 762.639038086, "dmean2": 291.590026855, "dmean": 196.625701904, "var": 379309.0625, "dvar": 99523.5234375, "mean": 927.442077637}, "pitch_salience": {"min": 0.0331728048623, "max": 0.921782135963, "dvar2": 0.0250961091369, "median": 0.437765061855, "dmean2": 0.145802274346, "dmean": 0.0914068594575, "var": 0.027075663209, "dvar": 0.0103411152959, "mean": 0.431911349297}, "erbbands_skewness": {"min": -4.45995807648, "max": 7.37448883057, "dvar2": 0.544687509537, "median": 0.665775418282, "dmean2": 0.673893690109, "dmean": 0.458346545696, "var": 1.47984731197, "dvar": 0.272073358297, "mean": 0.760903656483}, "erbbands_crest": {"min": 2.24646902084, "max": 32.2969779968, "dvar2": 20.2332744598, "median": 9.84621810913, "dmean2": 4.61633682251, "dmean": 2.93963670731, "var": 34.6453590393, "dvar": 9.03280448914, "mean": 11.3274078369}, "melbands": {"min": [1.13798458504e-11, 3.65078236739e-12, 7.50682610691e-13, 5.72400362785e-13, 9.85898035845e-14, 8.66739270416e-14, 3.69737443787e-13, 1.34094287323e-13, 1.93690156687e-13, 2.60831097389e-13, 1.80785223488e-13, 1.74784720117e-13, 2.63893995631e-13, 1.00846482315e-13, 6.79071599299e-14, 9.81687130132e-14, 2.31883553293e-14, 3.09384137233e-14, 1.47962967833e-13, 3.38463062915e-13, 9.6486017689e-14, 1.0867739678e-13, 1.50660639021e-13, 8.20605180487e-14, 1.50677877835e-13, 8.24772243774e-14, 4.43597117589e-14, 6.63503608067e-14, 8.44517123876e-14, 9.05582168498e-14, 1.11350883483e-13, 9.66554446072e-14, 9.63385390885e-14, 6.20975032463e-14, 1.31088811139e-13, 1.39468799465e-13, 1.63805655238e-13, 1.09071951503e-13, 6.56934765917e-14, 8.92685177081e-14], "max": [0.0586504638195, 0.0482897423208, 0.0277077816427, 0.0116122784093, 0.011844329536, 0.011634436436, 0.0232017673552, 0.0227740034461, 0.0196976382285, 0.0139333186671, 0.0143120987341, 0.00593315297738, 0.00369208911434, 0.00212423782796, 0.00132407876663, 0.000617016805336, 0.00074850715464, 0.000853620818816, 0.000980281154625, 0.000872931792401, 0.000898629543371, 0.000351273454726, 0.000172132349689, 0.000327471730998, 0.00028827128699, 0.00011692744738, 6.84375481796e-05, 7.06025748514e-05, 6.99747251929e-05, 0.000240369408857, 0.000185970799066, 0.000151205080329, 0.000146351841977, 0.000113813162898, 8.14772502054e-05, 0.000148507664562, 0.000116119415907, 7.99746267148e-05, 8.4887855337e-05, 9.40256431932e-05], "dvar2": [5.3192688938e-05, 4.2409679736e-05, 1.85745302588e-05, 2.05442438528e-06, 1.03013076114e-06, 6.38346591586e-07, 2.4889825454e-06, 1.79991457117e-06, 7.15842702448e-07, 2.18466738033e-07, 1.14013801067e-07, 4.08226519255e-08, 2.31638122017e-08, 8.40737790497e-09, 3.0061539924e-09, 1.58239776837e-09, 1.25092458614e-09, 1.14273834839e-09, 1.16597487221e-09, 2.70683420123e-10, 1.83698362077e-10, 1.7568825561e-10, 9.61160595558e-11, 1.20790447089e-10, 1.50641221719e-10, 4.88726524528e-11, 3.0924898059e-11, 2.32358455393e-11, 2.47286826432e-11, 4.64388007215e-11, 4.7984838325e-11, 4.2105069431e-11, 2.83542581775e-11, 2.20016643793e-11, 1.46971514819e-11, 3.20150052302e-11, 2.06567020433e-11, 8.31072537177e-12, 9.66878660469e-12, 8.83615923486e-12], "median": [0.00316434190609, 0.000772674160544, 0.000156509049702, 0.000176703877514, 0.000148314968101, 9.25874628592e-05, 9.33002011152e-05, 4.74311236758e-05, 3.65745727322e-05, 2.62742942141e-05, 1.45842932397e-05, 1.61808256962e-05, 1.51237145474e-05, 1.08961776277e-05, 8.85987446964e-06, 3.85820931115e-06, 3.79480638912e-06, 3.19490027323e-06, 2.84907378045e-06, 1.72971806478e-06, 1.33490561893e-06, 2.05505784834e-06, 1.6372562186e-06, 1.19916944641e-06, 1.37559663926e-06, 7.87732574281e-07, 7.40398263588e-07, 6.26227233624e-07, 4.26849709356e-07, 3.41127645243e-07, 3.81532345273e-07, 4.29308045113e-07, 3.36871210038e-07, 2.0453040861e-07, 1.4937941728e-07, 1.16317636412e-07, 1.1706480052e-07, 1.20785401236e-07, 1.26085069496e-07, 1.01943328445e-07], "dmean2": [0.00410082330927, 0.00270529580303, 0.00130360445473, 0.000639259815216, 0.000479801994516, 0.000366864376701, 0.000584342458751, 0.000454971625004, 0.000266533897957, 0.000143660872709, 9.2726026196e-05, 7.75196385803e-05, 6.42679660814e-05, 3.40569349646e-05, 2.65611761279e-05, 1.52344364324e-05, 1.50588430188e-05, 1.22355513668e-05, 1.00623437902e-05, 6.07569927524e-06, 5.02169996253e-06, 5.87867725699e-06, 4.69845417683e-06, 4.37943208453e-06, 4.80141807202e-06, 2.95952622764e-06, 2.36481378124e-06, 2.04013781513e-06, 1.56578403221e-06, 1.44097873545e-06, 1.78929735739e-06, 1.94663311959e-06, 1.65969822774e-06, 1.16049989174e-06, 1.00845170437e-06, 9.55685436566e-07, 9.10992241643e-07, 7.74061845732e-07, 6.93359709203e-07, 5.62705452012e-07], "dmean": [0.00271181669086, 0.00179077847861, 0.000711527187377, 0.000378717726562, 0.000286511611193, 0.000231883095694, 0.000385223509511, 0.000303510430967, 0.00017700677563, 9.54835195444e-05, 6.45358668407e-05, 5.39391221537e-05, 4.41364645667e-05, 2.25281273742e-05, 1.78459358722e-05, 9.36848482525e-06, 9.47759781411e-06, 7.74600721343e-06, 6.27324516245e-06, 3.79391303795e-06, 3.2093983009e-06, 3.55949191544e-06, 2.88205183097e-06, 2.72325701189e-06, 2.97531869364e-06, 1.83243764695e-06, 1.46082663832e-06, 1.24463042539e-06, 9.7033023394e-07, 9.03085037862e-07, 1.14459521683e-06, 1.27140162931e-06, 1.06106767817e-06, 7.49124694721e-07, 6.28890745702e-07, 6.09426592746e-07, 5.85486986893e-07, 5.30537931809e-07, 4.6344069915e-07, 3.77663923246e-07], "var": [6.10383067396e-05, 2.68943913397e-05, 3.9105216274e-06, 9.96049948299e-07, 5.909927836e-07, 6.73345880386e-07, 2.92130653179e-06, 3.3502660699e-06, 1.15816271773e-06, 3.93484100414e-07, 3.41401573678e-07, 1.04106568699e-07, 3.77863251799e-08, 8.66656968412e-09, 1.05553388252e-08, 1.45512468741e-09, 1.52434931344e-09, 9.96413840326e-10, 8.98329022281e-10, 3.73493513894e-10, 4.83727780054e-10, 1.75396849822e-10, 8.70674296549e-11, 1.2758914758e-10, 1.63615981874e-10, 4.2017757329e-11, 2.09326167511e-11, 1.97933284346e-11, 1.53369782152e-11, 2.11595515415e-11, 2.91537523289e-11, 3.02220887205e-11, 2.07294303251e-11, 1.3490170786e-11, 7.71347482414e-12, 1.18275580302e-11, 1.15096864331e-11, 1.11342168124e-11, 9.41877652261e-12, 6.1587492918e-12], "dvar": [2.4152934202e-05, 1.93515606952e-05, 6.53478900858e-06, 7.68767279169e-07, 4.02221502327e-07, 2.93287655495e-07, 1.16529440675e-06, 8.4601481376e-07, 3.51983686642e-07, 1.07876893196e-07, 6.95116781912e-08, 2.47479459148e-08, 1.22652892287e-08, 3.82826881307e-09, 1.45540912655e-09, 6.9196059993e-10, 5.70917924048e-10, 5.06747976914e-10, 4.87320628295e-10, 1.47851966781e-10, 1.25087190606e-10, 7.33509017414e-11, 4.17979713341e-11, 5.406359041e-11, 6.45776765396e-11, 2.16218327964e-11, 1.26150921306e-11, 9.80228224978e-12, 1.00620562229e-11, 1.82150249745e-11, 2.09608771312e-11, 1.89660960548e-11, 1.31475542259e-11, 9.83276567806e-12, 6.04477232158e-12, 1.2081152051e-11, 8.24390816029e-12, 4.63869177444e-12, 4.8087601609e-12, 4.06190792807e-12], "mean": [0.00551628042012, 0.00251759518869, 0.000586090493016, 0.000532139500137, 0.000431836757343, 0.000377642252715, 0.000689356937073, 0.000623494037427, 0.000304052926367, 0.000167246558703, 0.000118946991279, 9.77352610789e-05, 7.57034431444e-05, 3.88824446418e-05, 4.60901028418e-05, 1.38032446557e-05, 1.51255999299e-05, 1.22035044114e-05, 9.61570458458e-06, 5.76070442548e-06, 5.0563548939e-06, 6.82751533532e-06, 4.76337618238e-06, 4.5733531806e-06, 5.17925218446e-06, 3.10494738187e-06, 2.37737572206e-06, 2.09854829336e-06, 1.63639913353e-06, 1.53747248532e-06, 1.92758443518e-06, 2.24350583267e-06, 1.81568157132e-06, 1.17864442473e-06, 9.01619102933e-07, 8.39570134303e-07, 8.65393758431e-07, 8.67775554525e-07, 7.3814027246e-07, 5.61256001674e-07]}, "spectral_entropy": {"min": 4.72739648819, "max": 8.99398326874, "dvar2": 0.159045338631, "median": 7.29860019684, "dmean2": 0.32999137044, "dmean": 0.218827232718, "var": 0.421040266752, "dvar": 0.0745933428407, "mean": 7.23925733566}, "spectral_rolloff": {"min": 43.06640625, "max": 14577.9785156, "dvar2": 1874550.875, "median": 430.6640625, "dmean2": 509.343658447, "dmean": 303.194885254, "var": 2804033.5, "dvar": 856420.25, "mean": 824.100463867}, "barkbands": {"min": [3.33021370896e-12, 2.8159832105e-11, 2.88630035671e-12, 1.34693330708e-12, 2.16035566172e-12, 3.00530542292e-13, 1.75620054523e-12, 5.26851836897e-13, 1.80936504928e-12, 1.07180399538e-12, 1.89557527661e-12, 6.67201645495e-13, 1.01137522836e-12, 2.46557602893e-13, 1.61870907303e-12, 3.57256954055e-12, 2.42478216325e-12, 1.79550016348e-12, 2.63432786869e-12, 1.77658441344e-12, 4.58766661812e-12, 4.65202529276e-12, 6.36561116318e-12, 1.07301190502e-11, 1.67323550848e-11, 2.18717075701e-11, 8.8153572983e-12], "max": [0.0313179194927, 0.177326142788, 0.122718803585, 0.0517866909504, 0.0523955971003, 0.0498152971268, 0.0985960811377, 0.105881519616, 0.0727131590247, 0.0784141868353, 0.0436179451644, 0.0154949957505, 0.00719647621736, 0.00694877002388, 0.0100320605561, 0.015627451241, 0.00525156781077, 0.0084423981607, 0.00266939518042, 0.00198156991974, 0.00631802808493, 0.00732501829043, 0.00616487441584, 0.00666386866942, 0.00648358697072, 0.00182169605978, 0.000427286751801], "dvar2": [5.15388364875e-06, 0.000710289634299, 0.000378234050004, 6.46934568067e-05, 3.72013200831e-05, 1.64642988238e-05, 6.91264649504e-05, 3.31031078531e-05, 1.22245683087e-05, 4.11974360759e-06, 2.19636945076e-06, 5.27455654264e-07, 1.49905091007e-07, 1.43311424949e-07, 1.50179531033e-07, 5.37890443297e-08, 4.79844217693e-08, 5.6093295342e-08, 4.45016929973e-08, 2.34596697624e-08, 5.12406650444e-08, 7.72331603116e-08, 7.10492074063e-08, 7.34817078296e-08, 5.86899240318e-08, 3.94303434348e-09, 1.59517885012e-10], "median": [0.00116989156231, 0.00869877450168, 0.000561984837987, 0.000188669102499, 0.000997343915515, 0.000464352953713, 0.000410096719861, 0.000170071667526, 0.000188452788279, 9.40707977861e-05, 0.000112002016976, 0.000102731646621, 5.27306765434e-05, 4.31708613178e-05, 3.69335029973e-05, 2.28206881729e-05, 3.37863675668e-05, 2.57020401477e-05, 2.68724907073e-05, 2.18033273995e-05, 1.63074364536e-05, 2.13478851947e-05, 9.71545523498e-06, 1.11100071081e-05, 1.07549767563e-05, 3.34206879415e-06, 3.85005961334e-07], "dmean2": [0.00120194989722, 0.0140901459381, 0.00574910873547, 0.00237192912027, 0.0028608746361, 0.00192163744941, 0.0031384404283, 0.00171467883047, 0.00110417103861, 0.000612618110608, 0.000570511794649, 0.000298623082926, 0.000163333010278, 0.000161706091603, 0.000124476864585, 8.53190504131e-05, 9.51419424382e-05, 8.90304290806e-05, 9.09040682018e-05, 6.30462163826e-05, 5.83001237828e-05, 8.42545341584e-05, 5.70358388359e-05, 6.39035424683e-05, 4.89970807394e-05, 1.53964174388e-05, 2.40398003371e-06], "dmean": [0.000773689884227, 0.00909003987908, 0.00316475844011, 0.0012609991245, 0.00169790512882, 0.00118804792874, 0.00207524280995, 0.0011373674497, 0.00073230889393, 0.000425173493568, 0.000391341309296, 0.000196728782612, 0.000102919795609, 0.000101028272184, 7.87114768173e-05, 5.3453437431e-05, 5.75963240408e-05, 5.59854561288e-05, 5.59352592973e-05, 3.90566819988e-05, 3.78432414436e-05, 5.50069053133e-05, 3.68694272765e-05, 4.34582034359e-05, 3.39958533004e-05, 1.06590487121e-05, 1.58503917191e-06], "var": [6.50538595437e-06, 0.000686568091623, 8.32821679069e-05, 1.24906428027e-05, 1.93107152882e-05, 1.31305305331e-05, 7.87997050793e-05, 6.14471864537e-05, 1.98157777049e-05, 1.06965553641e-05, 4.14659280068e-06, 6.32661738109e-07, 1.72496214645e-07, 1.80093167046e-07, 1.35435186621e-07, 1.15876304108e-07, 3.90468635203e-08, 6.42344346602e-08, 3.92136954019e-08, 1.90920133036e-08, 3.29065734661e-08, 5.9077713388e-08, 3.58127891786e-08, 7.05170677406e-08, 5.05093424863e-08, 3.54272855496e-09, 1.14256409889e-10], "dvar": [2.12867644223e-06, 0.000317457597703, 0.000135035341373, 2.22329636017e-05, 1.40196807479e-05, 7.08835432306e-06, 3.22005435009e-05, 1.62447813636e-05, 6.07221318205e-06, 2.43738350036e-06, 1.22963183458e-06, 2.36505712792e-07, 6.41252526634e-08, 6.34866594851e-08, 6.67128787768e-08, 3.36434489157e-08, 1.91440143738e-08, 2.67047983726e-08, 1.90271354228e-08, 1.00029549088e-08, 2.19263203149e-08, 3.65146313186e-08, 2.92277402281e-08, 3.51349740413e-08, 2.83099428344e-08, 1.93294247275e-09, 7.47125070144e-11], "mean": [0.00210104114376, 0.0171224586666, 0.00251369201578, 0.000947913795244, 0.00253773131408, 0.00180339522194, 0.00361308502033, 0.00217401026748, 0.00123046466615, 0.000721496646293, 0.000683175399899, 0.000393395806896, 0.000196836350369, 0.000166215395438, 0.000121326746012, 8.16733227111e-05, 0.000104930251837, 9.51393303694e-05, 9.76512674242e-05, 6.90721790306e-05, 6.83357357047e-05, 0.0001014462905, 5.7223100157e-05, 7.11105603841e-05, 5.4634117987e-05, 1.73892804014e-05, 2.57154556493e-06]}, "melbands_flatness_db": {"min": 0.0261939931661, "max": 0.726630628109, "dvar2": 0.00410208757967, "median": 0.287060558796, "dmean2": 0.0548476800323, "dmean": 0.0370203331113, "var": 0.0116278044879, "dvar": 0.00190374569502, "mean": 0.301437169313}, "melbands_skewness": {"min": -1.55799949169, "max": 22.3453407288, "dvar2": 4.19829034805, "median": 3.0728802681, "dmean2": 1.76710474491, "dmean": 1.17295503616, "var": 8.43602657318, "dvar": 1.90372693539, "mean": 3.79673981667}, "barkbands_skewness": {"min": -3.12978792191, "max": 19.8529014587, "dvar2": 2.32741522789, "median": 2.23133087158, "dmean2": 1.32237815857, "dmean": 0.890618383884, "var": 4.4887547493, "dvar": 1.08940505981, "mean": 2.73176169395}, "silence_rate_60dB": {"min": 0, "max": 1, "dvar2": 0.0451978519559, "median": 0, "dmean2": 0.0405811630189, "dmean": 0.0202880408615, "var": 0.0623952113092, "dvar": 0.0198768433183, "mean": 0.0668670162559}, "spectral_energyband_low": {"min": 4.66223448736e-11, "max": 0.208049878478, "dvar2": 0.000673154718243, "median": 0.012631281279, "dmean2": 0.0149484043941, "dmean": 0.010049472563, "var": 0.000901346327737, "dvar": 0.00032273909892, "mean": 0.0221758019179}, "spectral_energyband_middle_low": {"min": 8.31206804774e-12, "max": 0.113689608872, "dvar2": 0.000330767099513, "median": 0.00556430825964, "dmean2": 0.00943171326071, "dmean": 0.00585045153275, "var": 0.00028789305361, "dvar": 0.000130419924972, "mean": 0.0126216392964}, "melbands_kurtosis": {"min": -1.83483707905, "max": 783.680847168, "dvar2": 2426.4621582, "median": 15.0662441254, "dmean2": 27.9604625702, "dmean": 18.0178337097, "var": 2674.45727539, "dvar": 1067.61621094, "mean": 33.8814620972}, "spectral_decrease": {"min": -5.54835644095e-08, "max": -2.18145675873e-17, "dvar2": 4.25020552679e-17, "median": -6.62487797953e-09, "dmean2": 4.5740304877e-09, "dmean": 3.18697601642e-09, "var": 7.76756079458e-17, "dvar": 2.14234435064e-17, "mean": -9.53116963132e-09}, "erbbands_kurtosis": {"min": -1.85513913631, "max": 61.8723526001, "dvar2": 23.3205299377, "median": 0.807030916214, "dmean2": 2.83446574211, "dmean": 1.84453058243, "var": 27.333404541, "dvar": 10.2763032913, "mean": 2.51680326462}, "melbands_crest": {"min": 3.53481507301, "max": 37.8995857239, "dvar2": 34.582950592, "median": 20.3762893677, "dmean2": 6.12170028687, "dmean": 3.89697957039, "var": 60.3217658997, "dvar": 14.5376033783, "mean": 20.9469642639}, "gfcc": {"cov": [[15945.1035156, -1013.43896484, -169.128585815, 1114.34765625, -1718.64672852, 230.470779419, -90.7232131958, 454.494812012, -354.956878662, 275.260559082, -169.85218811, 188.486083984, -147.544509888], [-1013.43896484, 2302.91772461, -43.6806755066, -214.359634399, 725.505981445, -51.317489624, 289.959381104, -99.4056091309, 289.958831787, -241.046508789, 262.86819458, -210.04864502, 58.4106826782], [-169.128585815, -43.6806755066, 778.098632812, 163.628677368, 6.29003858566, 132.649719238, -91.6469497681, 31.5073719025, -73.4884719849, 70.8980255127, -34.5783996582, -3.74722480774, -9.16747570038], [1114.34765625, -214.359634399, 163.628677368, 679.870544434, 8.40606403351, 127.330314636, 19.0641403198, 20.767074585, 55.017124176, -10.4848947525, 0.280718237162, 0.971725344658, -29.2564525604], [-1718.64672852, 725.505981445, 6.29003858566, 8.40606403351, 827.034851074, 66.8882751465, 186.100265503, -35.5744056702, 148.652496338, -116.28755188, 115.875465393, -63.9437255859, 40.7849121094], [230.470779419, -51.317489624, 132.649719238, 127.330314636, 66.8882751465, 373.738739014, 129.833831787, 14.3181152344, 5.40764331818, 16.7833366394, 16.3359241486, -4.45092153549, -12.3371753693], [-90.7232131958, 289.959381104, -91.6469497681, 19.0641403198, 186.100265503, 129.833831787, 328.770050049, 54.4981918335, 84.9610748291, -28.7414684296, 81.3107452393, -13.7352161407, -7.20854949951], [454.494812012, -99.4056091309, 31.5073719025, 20.767074585, -35.5744056702, 14.3181152344, 54.4981918335, 170.305053711, 24.3448677063, 37.9709014893, 5.62529611588, 24.3908843994, -10.4536981583], [-354.956878662, 289.958831787, -73.4884719849, 55.017124176, 148.652496338, 5.40764331818, 84.9610748291, 24.3448677063, 236.221588135, -3.32261705399, 56.6223640442, -32.9019050598, 12.4163770676], [275.260559082, -241.046508789, 70.8980255127, -10.4848947525, -116.28755188, 16.7833366394, -28.7414684296, 37.9709014893, -3.32261705399, 171.061660767, -0.790867388248, 39.1169319153, 12.2678785324], [-169.85218811, 262.86819458, -34.5783996582, 0.280718237162, 115.875465393, 16.3359241486, 81.3107452393, 5.62529611588, 56.6223640442, -0.790867388248, 144.614227295, 8.76167488098, 5.82338476181], [188.486083984, -210.04864502, -3.74722480774, 0.971725344658, -63.9437255859, -4.45092153549, -13.7352161407, 24.3908843994, -32.9019050598, 39.1169319153, 8.76167488098, 134.131637573, 40.6610031128], [-147.544509888, 58.4106826782, -9.16747570038, -29.2564525604, 40.7849121094, -12.3371753693, -7.20854949951, -10.4536981583, 12.4163770676, 12.2678785324, 5.82338476181, 40.6610031128, 131.062652588]], "icov": [[0.000138333154609, -0.000198006688152, 0.000198484602151, -0.000333099684212, 0.000300625310047, -0.000135555266752, 7.60418261052e-05, -0.000404048885684, 0.000343855179381, -0.000246509735007, 0.000188188452739, -0.000156709211296, 7.99012341304e-05], [-0.000198006688152, 0.00148331606761, -0.000717478629667, 0.000936818949413, -0.000702266348526, 0.000597961072344, -0.000663421989884, 0.00104243808892, -0.0012693409808, 0.00154247449245, -0.00183297519106, 0.00161744456273, -0.000848043244332], [0.000198484602151, -0.000717478629667, 0.00217447523028, -0.00100478692912, 0.000167889942531, -0.00101168418769, 0.00114629103336, -0.00130665418692, 0.00143803993706, -0.00152169039939, 0.000878138525877, -0.000297466875054, 0.000341828359524], [-0.000333099684212, 0.000936818949413, -0.00100478692912, 0.00271850498393, -0.000700502539985, -6.22686711722e-05, -0.00024597675656, 0.00110868632328, -0.00185302249156, 0.00152985542081, -0.000970675377175, 0.000502200156916, -4.92433464387e-05], [0.000300625310047, -0.000702266348526, 0.000167889942531, -0.000700502539985, 0.00261303340085, -0.000432644563261, -0.000413698086049, -0.000537529762369, 0.000137175913551, 0.00035083500552, -0.000145989863086, -0.000163137112395, -0.000401446653996], [-0.000135555266752, 0.000597961072344, -0.00101168418769, -6.22686711722e-05, -0.000432644563261, 0.00404563173652, -0.00222066184506, 0.00111886963714, -0.0001959529327, 3.02249572997e-05, -0.000346372806234, 0.00061697413912, -0.000181485622306], [7.60418261052e-05, -0.000663421989884, 0.00114629103336, -0.00024597675656, -0.000413698086049, -0.00222066184506, 0.00571195827797, -0.00233489880338, -3.77352516807e-05, -7.08736042725e-05, -0.000950592395384, -0.000500518945046, 0.000661900965497], [-0.000404048885684, 0.00104243808892, -0.00130665418692, 0.00110868632328, -0.000537529762369, 0.00111886963714, -0.00233489880338, 0.00865814741701, -0.00227214256302, -1.77021556738e-05, -0.000500582682434, -0.000541505694855, 0.000478551402921], [0.000343855179381, -0.0012693409808, 0.00143803993706, -0.00185302249156, 0.000137175913551, -0.0001959529327, -3.77352516807e-05, -0.00227214256302, 0.00738888606429, -0.00242441147566, 0.000146394522744, 0.000647167325951, -0.000285031361273], [-0.000246509735007, 0.00154247449245, -0.00152169039939, 0.00152985542081, 0.00035083500552, 3.02249572997e-05, -7.08736042725e-05, -1.77021556738e-05, -0.00242441147566, 0.0093768555671, -0.00265539227985, 0.000146228543599, -0.00141692580655], [0.000188188452739, -0.00183297519106, 0.000878138525877, -0.000970675377175, -0.000145989863086, -0.000346372806234, -0.000950592395384, -0.000500582682434, 0.000146394522744, -0.00265539227985, 0.0114714810625, -0.00362833216786, 0.0016447553644], [-0.000156709211296, 0.00161744456273, -0.000297466875054, 0.000502200156916, -0.000163137112395, 0.00061697413912, -0.000500518945046, -0.000541505694855, 0.000647167325951, 0.000146228543599, -0.00362833216786, 0.0118617489934, -0.00436162669212], [7.99012341304e-05, -0.000848043244332, 0.000341828359524, -4.92433464387e-05, -0.000401446653996, -0.000181485622306, 0.000661900965497, 0.000478551402921, -0.000285031361273, -0.00141692580655, 0.0016447553644, -0.00436162669212, 0.00973287597299]], "mean": [-61.4197654724, 111.53678894, -90.1452713013, 24.5223846436, -49.2631530762, 16.0240039825, -26.2941493988, 13.4364709854, -12.8644657135, 7.15207386017, -3.45135259628, 5.15458869934, -4.73501825333]}, "melbands_spread": {"min": 0.348254531622, "max": 203.205337524, "dvar2": 179.268798828, "median": 8.83577537537, "dmean2": 6.93153762817, "dmean": 4.55965518951, "var": 194.752655029, "dvar": 85.6580047607, "mean": 12.4242963791}, "spectral_energy": {"min": 1.62690222405e-10, "max": 0.211050137877, "dvar2": 0.000617374666035, "median": 0.025950524956, "dmean2": 0.0175656881183, "dmean": 0.0122333178297, "var": 0.00114744936582, "dvar": 0.000311931769829, "mean": 0.0371473878622}, "mfcc": {"cov": [[11760.8125, -895.984985352, 357.372833252, 394.335845947, -826.358093262, -161.313201904, -148.782516479, -2.27131867409, -18.3318061829, 42.6786613464, 104.971923828, -107.179840088, 42.7419586182], [-895.984985352, 2249.55688477, -97.3071746826, -68.9137039185, 353.987854004, 77.6909332275, 192.27116394, 134.878845215, 71.577796936, 60.520072937, 135.496307373, 73.0542907715, 6.16006422043], [357.372833252, -97.3071746826, 744.64074707, 68.2741317749, 31.4164981842, 72.1828918457, -17.1131725311, -26.8024902344, -24.4338531494, 13.1513843536, 6.54546260834, 0.16452473402, -23.3951778412], [394.335845947, -68.9137039185, 68.2741317749, 419.408966064, 127.835021973, 42.7847824097, -17.9820556641, 42.1278152466, 16.425365448, 15.9474458694, 5.54732990265, 47.9071960449, 16.1291561127], [-826.358093262, 353.987854004, 31.4164981842, 127.835021973, 434.281768799, 136.327774048, 61.2500228882, 53.4344100952, 43.683795929, 22.4133319855, 13.6391468048, 57.4781227112, -5.69808959961], [-161.313201904, 77.6909332275, 72.1828918457, 42.7847824097, 136.327774048, 306.213684082, 117.555419922, 89.3656463623, 43.9799194336, 39.750164032, 56.9471626282, 28.0900669098, -4.56284093857], [-148.782516479, 192.27116394, -17.1131725311, -17.9820556641, 61.2500228882, 117.555419922, 256.156097412, 103.487960815, 31.766828537, 8.25454235077, 50.0817222595, 17.0744667053, 14.1229085922], [-2.27131867409, 134.878845215, -26.8024902344, 42.1278152466, 53.4344100952, 89.3656463623, 103.487960815, 229.757400513, 48.9599151611, 13.3578805923, 63.5627441406, 78.8418579102, 2.95284557343], [-18.3318061829, 71.577796936, -24.4338531494, 16.425365448, 43.683795929, 43.9799194336, 31.766828537, 48.9599151611, 146.009567261, 44.0466041565, 25.4437026978, 3.53965401649, 20.0766162872], [42.6786613464, 60.520072937, 13.1513843536, 15.9474458694, 22.4133319855, 39.750164032, 8.25454235077, 13.3578805923, 44.0466041565, 137.961578369, 56.0557899475, -2.65364289284, -8.33833789825], [104.971923828, 135.496307373, 6.54546260834, 5.54732990265, 13.6391468048, 56.9471626282, 50.0817222595, 63.5627441406, 25.4437026978, 56.0557899475, 166.644897461, 65.5620651245, -3.42820429802], [-107.179840088, 73.0542907715, 0.16452473402, 47.9071960449, 57.4781227112, 28.0900669098, 17.0744667053, 78.8418579102, 3.53965401649, -2.65364289284, 65.5620651245, 150.922470093, 38.5946311951], [42.7419586182, 6.16006422043, -23.3951778412, 16.1291561127, -5.69808959961, -4.56284093857, 14.1229085922, 2.95284557343, 20.0766162872, -8.33833789825, -3.42820429802, 38.5946311951, 117.165084839]], "icov": [[0.000114257956739, 4.02382056564e-07, -5.12852748216e-05, -0.000183785581612, 0.000265048991423, -5.02821058035e-06, 3.08866074192e-05, -5.21650217706e-05, -1.57493850566e-05, 8.24002017907e-06, -0.000128268569824, 0.000135001799208, -6.12949297647e-05], [4.02382056564e-07, 0.000594340614043, 4.0996223106e-05, 0.0002437121002, -0.000595404359046, 0.000299707869999, -0.000270781834843, -0.000166166690178, -1.29819412109e-07, -7.86070158938e-05, -0.000430821703048, 0.000134906033054, -9.98320174403e-05], [-5.12852748216e-05, 4.0996223106e-05, 0.00146724237129, -0.000133937690407, -0.000103900070826, -0.000459983217297, 9.3037087936e-05, 0.000328471302055, 0.000261974608293, -9.13302937988e-05, 1.85096287169e-05, -0.000161705334904, 0.000287924980512], [-0.000183785581612, 0.0002437121002, -0.000133937690407, 0.00320456572808, -0.00143471034244, 6.86911007506e-05, 0.000454421155155, -0.000531150144525, 8.12098296592e-05, -0.000345158128766, 0.000285576534225, -0.000542372872587, -0.00037361093564], [0.000265048991423, -0.000595404359046, -0.000103900070826, -0.00143471034244, 0.00439405394718, -0.00146544573363, -0.000192445353605, 0.000600524421316, -0.000801593589131, -0.000148590625031, 0.00110377103556, -0.00145807676017, 0.000915433513001], [-5.02821058035e-06, 0.000299707869999, -0.000459983217297, 6.86911007506e-05, -0.00146544573363, 0.0051087718457, -0.00165802543052, -0.000957574928179, -0.000313856988214, -0.000649416644592, -0.000919430458453, 0.000507718534209, 4.98637309647e-05], [3.08866074192e-05, -0.000270781834843, 9.3037087936e-05, 0.000454421155155, -0.000192445353605, -0.00165802543052, 0.00604085670784, -0.00230788462795, 0.00024091177329, 0.000783674418926, -0.00121008814313, 0.0018046539044, -0.00140030600596], [-5.21650217706e-05, -0.000166166690178, 0.000328471302055, -0.000531150144525, 0.000600524421316, -0.000957574928179, -0.00230788462795, 0.00761152710766, -0.00204249448143, 0.000370949594071, 4.93683874083e-05, -0.00401876494288, 0.00194637605455], [-1.57493850566e-05, -1.29819412109e-07, 0.000261974608293, 8.12098296592e-05, -0.000801593589131, -0.000313856988214, 0.00024091177329, -0.00204249448143, 0.00892532709986, -0.0023794285953, -0.000490512989927, 0.00192365923431, -0.0023286214564], [8.24002017907e-06, -7.86070158938e-05, -9.13302937988e-05, -0.000345158128766, -0.000148590625031, -0.000649416644592, 0.000783674418926, 0.000370949594071, -0.0023794285953, 0.00977215357125, -0.00369808310643, 0.00180760282092, 0.000293622579193], [-0.000128268569824, -0.000430821703048, 1.85096287169e-05, 0.000285576534225, 0.00110377103556, -0.000919430458453, -0.00121008814313, 4.93683874083e-05, -0.000490512989927, -0.00369808310643, 0.010397686623, -0.00520212017, 0.00203501665965], [0.000135001799208, 0.000134906033054, -0.000161705334904, -0.000542372872587, -0.00145807676017, 0.000507718534209, 0.0018046539044, -0.00401876494288, 0.00192365923431, 0.00180760282092, -0.00520212017, 0.0126321734861, -0.00469563389197], [-6.12949297647e-05, -9.98320174403e-05, 0.000287924980512, -0.00037361093564, 0.000915433513001, 4.98637309647e-05, -0.00140030600596, 0.00194637605455, -0.0023286214564, 0.000293622579193, 0.00203501665965, -0.00469563389197, 0.0108639150858]], "mean": [-710.44720459, 142.439193726, 20.6277694702, 20.0862998962, 6.37364912033, 6.21782302856, 5.30826950073, 7.52989864349, 2.99945831299, 1.63500738144, 8.37828922272, 5.04943609238, 5.09808588028]}, "spectral_contrast_valleys": {"min": [-15.957490921, -16.4207038879, -16.2745723724, -17.047077179, -15.9925279617, -17.1135082245], "max": [-5.24922847748, -4.50737047195, -5.38616037369, -6.09376239777, -6.01753664017, -7.3175702095], "dvar2": [0.297844141722, 0.678165078163, 0.387277573347, 0.474974155426, 0.480560958385, 0.500702321529], "median": [-6.90163183212, -7.04561138153, -7.68596696854, -8.24187469482, -8.21138286591, -10.4796524048], "dmean2": [0.627229571342, 0.808061301708, 0.633050739765, 0.59444475174, 0.514200568199, 0.482781767845], "dmean": [0.400049746037, 0.496865898371, 0.400961965322, 0.370231151581, 0.33254340291, 0.345791935921], "var": [1.95436370373, 1.59333074093, 1.39429676533, 1.4743335247, 1.92247545719, 2.43841028214], "dvar": [0.146464988589, 0.275372982025, 0.173989221454, 0.19837269187, 0.212084874511, 0.260822296143], "mean": [-7.25562667847, -7.17624521255, -7.87057638168, -8.45352935791, -8.50245666504, -10.8487911224]}, "barkbands_flatness_db": {"min": 0.027090491727, "max": 0.557392954826, "dvar2": 0.00280504697002, "median": 0.192348748446, "dmean2": 0.0467510744929, "dmean": 0.0311723127961, "var": 0.00770577602088, "dvar": 0.00127822021022, "mean": 0.207347169518}, "dynamic_complexity": 5.28898143768, "erbbands_flatness_db": {"min": 0.040933676064, "max": 0.406086742878, "dvar2": 0.00103122473229, "median": 0.164870202541, "dmean2": 0.029052356258, "dmean": 0.0197581667453