{"lowlevel": {"spectral_complexity": {"min": 0, "max": 59, "dvar2": 55.0657653809, "median": 14, "dmean2": 5.05716943741, "dmean": 3.33583235741, "var": 119.129631042, "dvar": 27.4256286621, "mean": 15.5789413452}, "silence_rate_20dB": {"min": 1, "max": 1, "dvar2": 0, "median": 1, "dmean2": 0, "dmean": 0, "var": 0, "dvar": 0, "mean": 1}, "average_loudness": 0.699879586697, "erbbands_spread": {"min": 2.54526257515, "max": 188.288589478, "dvar2": 405.760650635, "median": 38.4485778809, "dmean2": 15.0886526108, "dmean": 9.69271945953, "var": 500.655883789, "dvar": 170.063949585, "mean": 42.3325538635}, "spectral_kurtosis": {"min": -1.17976605892, "max": 45.5370597839, "dvar2": 15.0493154526, "median": 2.82988381386, "dmean2": 2.56271576881, "dmean": 1.51820194721, "var": 21.2387828827, "dvar": 5.20043945312, "mean": 4.17386960983}, "barkbands_kurtosis": {"min": -1.90654015541, "max": 720.492797852, "dvar2": 523.537353516, "median": 2.61254072189, "dmean2": 6.57302856445, "dmean": 4.14126062393, "var": 242.795501709, "dvar": 204.343795776, "mean": 6.79008960724}, "spectral_strongpeak": {"min": 0, "max": 13.0801591873, "dvar2": 1.33119010925, "median": 0.54489505291, "dmean2": 0.719151139259, "dmean": 0.431236892939, "var": 1.13781559467, "dvar": 0.527783572674, "mean": 0.888128042221}, "spectral_spread": {"min": 1723103, "max": 40502748, "dvar2": 1407280087040.0, "median": 4897485.5, "dmean2": 885997.1875, "dmean": 592250.9375, "var": 2440866562050.0, "dvar": 749149683712, "mean": 5034598}, "spectral_rms": {"min": 3.41793452208e-06, "max": 0.0142830135301, "dvar2": 3.84600025427e-06, "median": 0.00356704648584, "dmean2": 0.00111548544373, "dmean": 0.000749203085434, "var": 4.98445115227e-06, "dvar": 1.75911634415e-06, "mean": 0.00380165502429}, "erbbands": {"min": [9.01796681774e-08, 1.00094785793e-08, 2.02759586898e-09, 8.08559108556e-10, 3.7631902039e-09, 1.3175075475e-09, 2.50292409021e-09, 7.73513875174e-09, 1.22997967367e-08, 6.38451602697e-09, 8.56273008054e-09, 3.93584853597e-09, 1.09534736836e-08, 2.72329625517e-08, 2.03748093952e-08, 2.3965281315e-08, 4.89942024728e-08, 2.40457040945e-08, 2.77204659227e-08, 6.23187972337e-08, 5.0105622762e-08, 8.52352854963e-08, 1.04211139274e-07, 9.07435833142e-08, 1.34583245881e-07, 1.29101479729e-07, 9.81953718338e-08, 1.42349037446e-07, 9.57853671935e-08, 9.04297579041e-08, 9.91644597548e-08, 8.53177084537e-08, 5.85539510212e-08, 5.03936057328e-08, 2.58431214206e-08, 1.74916028328e-08, 9.69214664082e-09, 6.72806477198e-09, 8.06430977551e-10, 1.13112547107e-10], "max": [2.88521385193, 46.7661170959, 91.7742156982, 88.2568511963, 85.4737854004, 510.09564209, 275.246917725, 1248.14453125, 1266.54626465, 566.910461426, 1277.24194336, 1363.76086426, 2269.99194336, 795.731506348, 552.300964355, 470.222503662, 865.101989746, 1369.44213867, 1127.57580566, 1320.42834473, 301.215515137, 884.015563965, 785.155151367, 384.654602051, 696.584655762, 845.266540527, 660.475708008, 624.013366699, 489.864868164, 485.928741455, 387.371582031, 346.811828613, 150.547576904, 38.057762146, 28.3212814331, 14.7990932465, 4.53137779236, 0.741430461407, 0.158791542053, 0.00930747296661], "dvar2": [0.15193797648, 50.8069190979, 182.057373047, 79.2507781982, 77.2059860229, 2711.31201172, 934.700317383, 1834.98095703, 2446.07739258, 1412.78613281, 5548.375, 5828.59814453, 8970.83984375, 2534.95874023, 510.600097656, 667.687988281, 894.667358398, 1551.83166504, 1840.76513672, 1538.53930664, 807.542907715, 1078.90515137, 886.552185059, 1672.15002441, 3164.83886719, 1761.04321289, 2251.20874023, 1973.95202637, 1561.46911621, 1107.0501709, 615.202148438, 211.674621582, 18.1624526978, 4.61009216309, 1.29782664776, 0.273600071669, 0.0253395140171, 0.00140742317308, 4.02521327487e-05, 1.25574089793e-07], "median": [0.00447520520538, 0.0864335596561, 0.554964601994, 1.17296028137, 1.28433382511, 2.55420637131, 5.53738880157, 8.23098468781, 8.15419483185, 5.5607790947, 7.12040424347, 7.58963441849, 8.55691146851, 6.75391101837, 3.45091676712, 4.01976442337, 4.4529747963, 6.64226293564, 5.11397314072, 4.33014059067, 3.14555025101, 3.44714593887, 4.17364215851, 4.95166873932, 4.68261623383, 3.9604742527, 3.19933247566, 2.823584795, 2.93274903297, 2.3929643631, 1.52602815628, 0.813472747803, 0.350881069899, 0.165921807289, 0.0865036249161, 0.033405572176, 0.0078959306702, 0.00116587453522, 0.000122035911772, 2.65255548584e-05], "dmean2": [0.0868539214134, 1.53108656406, 3.03251957893, 2.50093197823, 3.83717083931, 13.4155273438, 12.1231241226, 16.1021060944, 19.3703746796, 15.9932603836, 30.2793312073, 26.2210330963, 27.495267868, 19.7885246277, 9.38006973267, 11.1322555542, 13.5775079727, 16.0823745728, 15.1760883331, 15.2804670334, 11.7286138535, 12.1521987915, 11.307641983, 14.8678159714, 18.5504932404, 14.5969820023, 16.3878097534, 14.2006473541, 14.1094141006, 11.8499212265, 7.90108251572, 4.07560777664, 1.39001572132, 0.780050396919, 0.417942762375, 0.172668859363, 0.0498307310045, 0.011821157299, 0.00174984964542, 0.000101341225673], "dmean": [0.0532221496105, 0.915589332581, 1.81625294685, 1.42343628407, 2.24660110474, 7.68177938461, 7.55493450165, 10.2240190506, 12.6636981964, 10.2585086823, 19.5577449799, 17.080160141, 18.2633838654, 12.6956672668, 6.24707126617, 7.32646083832, 8.87177753448, 10.2763414383, 9.707654953, 9.66750335693, 7.27783823013, 7.637114048, 7.06217575073, 9.1885099411, 11.095126152, 9.07958507538, 9.96077537537, 8.8002872467, 8.80880737305, 7.67558765411, 5.188560009, 2.75244283676, 0.958461880684, 0.538003027439, 0.286790400743, 0.117475777864, 0.032685149461, 0.00738633889705, 0.00108360254671, 6.39061327092e-05], "var": [0.0533193685114, 16.1330051422, 54.4216499329, 20.9716110229, 50.9135169983, 703.661987305, 455.748779297, 1159.14331055, 2278.60839844, 1664.69897461, 6170.62792969, 8188.45068359, 10632.8994141, 1920.84643555, 1138.55639648, 846.282653809, 1763.30737305, 1919.92736816, 1474.49658203, 1986.73291016, 497.852661133, 857.168945312, 552.931213379, 765.552307129, 1242.77685547, 995.771362305, 1083.56408691, 917.377319336, 989.266357422, 995.88861084, 567.656982422, 279.760253906, 32.4219245911, 6.61740398407, 1.70317995548, 0.367303937674, 0.0240556802601, 0.000767651945353, 1.87571822607e-05, 5.847657647e-08], "dvar": [0.0599155239761, 20.3687267303, 70.6455993652, 27.6436367035, 27.2810287476, 966.524291992, 355.631988525, 764.964233398, 1011.41900635, 589.420288086, 2334.46679688, 2406.7409668, 3930.84228516, 1048.32165527, 244.769348145, 292.248443604, 476.120635986, 679.147033691, 725.329467773, 696.935058594, 328.867401123, 482.245910645, 353.962677002, 640.270080566, 1180.50939941, 724.391906738, 885.690979004, 771.755615234, 632.333251953, 488.891448975, 274.808441162, 107.684761047, 9.83178329468, 2.27721428871, 0.66509115696, 0.146071732044, 0.0122811971232, 0.000601206324063, 1.67286743817e-05, 5.24366825516e-08], "mean": [0.0591667108238, 0.876350581646, 1.85743236542, 2.27289867401, 3.7066552639, 8.72108268738, 12.2736911774, 18.7448158264, 24.7314720154, 20.7562675476, 36.2614250183, 35.9510993958, 34.1268463135, 22.3264694214, 13.6036720276, 14.7101268768, 17.518075943, 18.6289901733, 16.8554325104, 15.9048299789, 10.9748458862, 11.8915233612, 11.556221962, 14.2674198151, 15.8358297348, 13.6830596924, 13.7845230103, 12.2081289291, 13.6501865387, 12.6345472336, 8.67219352722, 4.89194059372, 1.84377586842, 0.947037696838, 0.464252442122, 0.180139169097, 0.0449339337647, 0.00826298445463, 0.00108225841541, 7.84489166108e-05]}, "zerocrossingrate": {"min": 0.00048828125, "max": 0.3935546875, "dvar2": 0.00031082861824, "median": 0.0556640625, "dmean2": 0.014231373556, "dmean": 0.0124711049721, "var": 0.00225409655832, "dvar": 0.000286892522126, "mean": 0.0662823244929}, "spectral_contrast_coeffs": {"min": [-0.972669184208, -0.971772611141, -0.955096244812, -0.962814927101, -0.95849519968, -0.955630481243], "max": [-0.261941939592, -0.407370001078, -0.364481776953, -0.52534109354, -0.5743060112, -0.555166304111], "dvar2": [0.00509912148118, 0.00353477173485, 0.00267964228988, 0.00185539026279, 0.00101726525463, 0.00118057639338], "median": [-0.615805625916, -0.71398293972, -0.734839081764, -0.761188089848, -0.788789629936, -0.746385157108], "dmean2": [0.0790263265371, 0.0704451948404, 0.061202660203, 0.0514259748161, 0.0364465601742, 0.0325314067304], "dmean": [0.0491202957928, 0.0440960600972, 0.0392803810537, 0.0325537584722, 0.0230449605733, 0.0205501429737], "var": [0.0100417463109, 0.00553789688274, 0.0058007077314, 0.00442074192688, 0.00248648691922, 0.00259180832654], "dvar": [0.00203391769901, 0.00139138998929, 0.00111721921712, 0.00078587065218, 0.000464596058009, 0.000492872844916], "mean": [-0.605892658234, -0.708828210831, -0.728703320026, -0.759779214859, -0.785975515842, -0.753419578075]}, "dissonance": {"min": 0.148934170604, "max": 0.500000059605, "dvar2": 0.000888892449439, "median": 0.463371247053, "dmean2": 0.0318316631019, "dmean": 0.0195275377482, "var": 0.00217265007086, "dvar": 0.000351069349563, "mean": 0.450839310884}, "spectral_energyband_high": {"min": 3.4532206955e-11, "max": 0.0531937070191, "dvar2": 1.12627712952e-05, "median": 0.00037082657218, "dmean2": 0.00122291222215, "dmean": 0.000817113905214, "var": 9.88098145172e-06, "dvar": 4.96278335049e-06, "mean": 0.00145984382834}, "spectral_skewness": {"min": -0.33103787899, "max": 5.59605455399, "dvar2": 0.202913150191, "median": 1.32522416115, "dmean2": 0.378821611404, "dmean": 0.236377179623, "var": 0.533553540707, "dvar": 0.0837001204491, "mean": 1.47727489471}, "spectral_flux": {"min": 3.90289969801e-05, "max": 0.40007302165, "dvar2": 0.00385156692937, "median": 0.0543242320418, "dmean2": 0.0378011651337, "dmean": 0.0239582937211, "var": 0.00361734488979, "dvar": 0.00170565978624, "mean": 0.0673216059804}, "silence_rate_30dB": {"min": 0, "max": 1, "dvar2": 0.0684008523822, "median": 1, "dmean2": 0.0552952215075, "dmean": 0.0276443716139, "var": 0.0192890185863, "dvar": 0.0268792845309, "mean": 0.980323255062}, "spectral_energyband_middle_high": {"min": 1.14049221456e-11, "max": 0.0473501384258, "dvar2": 1.49252746269e-05, "median": 0.00187017489225, "dmean2": 0.00198999373242, "dmean": 0.00133527396247, "var": 2.21765585593e-05, "dvar": 6.6198786044e-06, "mean": 0.00350584369153}, "barkbands_spread": {"min": 0.436845570803, "max": 106.533851624, "dvar2": 177.81829834, "median": 18.2416381836, "dmean2": 9.70293903351, "dmean": 6.31326007843, "var": 260.88079834, "dvar": 79.9499588013, "mean": 21.996629715}, "spectral_centroid": {"min": 135.99937439, "max": 11703.8554688, "dvar2": 347445.71875, "median": 1162.13867188, "dmean2": 427.092163086, "dmean": 284.659545898, "var": 672891.9375, "dvar": 178865, "mean": 1320.19506836}, "pitch_salience": {"min": 0.00602796999738, "max": 0.874086201191, "dvar2": 0.012274405919, "median": 0.567197442055, "dmean2": 0.108681730926, "dmean": 0.0684897229075, "var": 0.0141874169931, "dvar": 0.00500741647556, "mean": 0.555465459824}, "erbbands_skewness": {"min": -6.11806535721, "max": 6.22299718857, "dvar2": 0.447374492884, "median": 0.627879858017, "dmean2": 0.605231523514, "dmean": 0.41281375289, "var": 1.20609390736, "dvar": 0.223526358604, "mean": 0.670277774334}, "erbbands_crest": {"min": 2.31310248375, "max": 29.5815658569, "dvar2": 13.4376649857, "median": 8.1683216095, "dmean2": 3.7943239212, "dmean": 2.40536093712, "var": 19.9911365509, "dvar": 5.57281541824, "mean": 9.25118255615}, "melbands": {"min": [1.47027856556e-09, 8.52474829009e-13, 1.64748504552e-13, 1.88444515526e-13, 7.74283117006e-14, 1.56023577304e-13, 1.69766951148e-13, 6.53495134525e-14, 6.32520227059e-14, 2.22180706179e-14, 5.53887312535e-14, 1.11730957331e-13, 7.38734363937e-14, 7.5674187782e-14, 5.64068784086e-14, 1.08693307447e-13, 3.50941708148e-14, 4.13291058007e-14, 5.83475528635e-14, 1.11180392692e-13, 4.49753657982e-14, 7.36195026924e-14, 1.26823641107e-13, 7.22961255206e-14, 6.74611123799e-14, 1.06543375197e-13, 5.2635210101e-14, 1.05277738567e-13, 7.21575238254e-14, 6.42475642457e-14, 6.77710112421e-14, 4.56818454863e-14, 6.32594765958e-14, 3.76398944565e-14, 5.69208986586e-14, 4.97235309567e-14, 5.4254628676e-14, 4.72900086874e-14, 2.60616401642e-14, 5.12905859549e-14], "max": [0.0375591441989, 0.0511520765722, 0.0137161817402, 0.0198529735208, 0.0120981642976, 0.0252820681781, 0.0166644491255, 0.00618714699522, 0.0120520722121, 0.0100613934919, 0.0109483627602, 0.00367365800776, 0.00150178617332, 0.00158023741096, 0.00194306636695, 0.0030543487519, 0.00304325646721, 0.00207870081067, 0.00336772901937, 0.000653555674944, 0.000417950504925, 0.000798852939624, 0.000648310233373, 0.000464124022983, 0.000352604896761, 0.000434273970313, 0.000523102236912, 0.000690899440087, 0.000506912532728, 0.000261864537606, 0.000443452270702, 0.000288240349619, 0.000272782723187, 0.000366613268852, 0.000285344489384, 0.000277274724795, 0.000239414701355, 0.000137800117955, 4.32698143413e-05, 3.23828862747e-05], "dvar2": [3.1955925806e-05, 5.99990380579e-05, 2.0328516257e-06, 4.19412390329e-06, 2.05754145099e-06, 8.01499993486e-07, 4.95802396472e-07, 2.11191988342e-07, 3.55112376837e-07, 2.6461364655e-07, 2.18231321014e-07, 4.5435310625e-08, 9.25819154673e-09, 7.96968446792e-09, 6.98337698779e-09, 6.45307496328e-09, 6.54971143987e-09, 6.26350438182e-09, 7.50722772835e-09, 1.3038035096e-09, 1.3446322944e-09, 1.10914422091e-09, 1.00782548973e-09, 6.81044720618e-10, 1.23875176783e-09, 2.19595808204e-09, 1.20273446758e-09, 8.86049900117e-10, 1.18047249753e-09, 8.03672961514e-10, 7.55743800873e-10, 4.99145058619e-10, 5.25647303462e-10, 3.80044357096e-10, 2.79836848138e-10, 1.79137371603e-10, 6.82232118021e-11, 1.29747627572e-11, 5.17393376406e-12, 3.37602211811e-12], "median": [5.92559372308e-05, 0.000283535628114, 0.000213178936974, 0.000134362373501, 0.000185928845895, 0.000193374115042, 0.00012591612176, 5.22865448147e-05, 5.64357833355e-05, 4.75785309391e-05, 4.02054138249e-05, 2.54246187978e-05, 1.06516154119e-05, 8.15131261334e-06, 8.75150271895e-06, 9.16558383324e-06, 1.0717094483e-05, 5.62860532227e-06, 6.24250697001e-06, 3.17164312946e-06, 2.94369169751e-06, 3.10573364004e-06, 2.73843647847e-06, 3.91256708099e-06, 3.60343346983e-06, 3.16901832775e-06, 3.14995349981e-06, 2.18912464334e-06, 1.91865342458e-06, 1.54031135935e-06, 1.52659686137e-06, 1.58187492616e-06, 1.55595580509e-06, 1.11951385406e-06, 8.35212517813e-07, 6.76040713188e-07, 3.95050477664e-07, 2.42024668751e-07, 1.52725931457e-07, 1.24410945546e-07], "dmean2": [0.00121127301827, 0.00175249308813, 0.00044041822548, 0.000599819410127, 0.000475660024676, 0.000349462381564, 0.00028892204864, 0.00019388407236, 0.000246412411798, 0.000178343718289, 0.000138931922265, 8.30769204185e-05, 3.81307727366e-05, 3.48640460288e-05, 3.40238293575e-05, 3.4971995774e-05, 3.03170309053e-05, 2.5776495022e-05, 3.07698646793e-05, 1.38088571475e-05, 1.47715354615e-05, 1.30287644424e-05, 1.0816660506e-05, 1.14355734695e-05, 1.27638686536e-05, 1.4814622773e-05, 1.2843523109e-05, 9.92498553387e-06, 1.16259261631e-05, 8.95780522114e-06, 8.66236496222e-06, 8.01389342087e-06, 8.40321899886e-06, 6.60975683786e-06, 5.22972459294e-06, 3.73314628632e-06, 2.23861638915e-06, 1.07588084575e-06, 8.04041690117e-07, 6.6517321784e-07], "dmean": [0.000741475378163, 0.00106603826862, 0.000252300174907, 0.000342999177519, 0.000288404407911, 0.000223765702685, 0.000188296791748, 0.000124156387756, 0.00016058642359, 0.000116059156426, 9.19723024708e-05, 5.34880309715e-05, 2.52180507232e-05, 2.30844652833e-05, 2.20093606913e-05, 2.25700350711e-05, 1.92186271306e-05, 1.64494267665e-05, 1.92833740584e-05, 8.73427234183e-06, 9.01200201042e-06, 8.08869026514e-06, 6.67920858177e-06, 7.07567596692e-06, 7.82538427302e-06, 8.78476294019e-06, 7.78659614298e-06, 6.06429193795e-06, 6.98859776094e-06, 5.40900737178e-06, 5.31745217813e-06, 4.97574728797e-06, 5.22853406437e-06, 4.26794667874e-06, 3.34660080625e-06, 2.40905183091e-06, 1.51719711994e-06, 7.21465198694e-07, 5.40553060091e-07, 4.52847359611e-07], "var": [1.05597400761e-05, 2.04266252695e-05, 6.07681784004e-07, 1.20280117244e-06, 7.44052499613e-07, 5.25153552644e-07, 4.75138023148e-07, 2.41967853754e-07, 4.54407626194e-07, 3.50560924289e-07, 2.5553512728e-07, 3.39605641386e-08, 1.56026285225e-08, 9.97399229874e-09, 9.16513176463e-09, 1.10791695818e-08, 7.52734408138e-09, 4.22882528994e-09, 1.05129753791e-08, 9.57427470638e-10, 7.62222951423e-10, 9.15908571208e-10, 5.40952171946e-10, 4.33425934032e-10, 5.60564539231e-10, 7.04780178662e-10, 6.78136768961e-10, 4.57885535043e-10, 5.48465106665e-10, 3.20799997677e-10, 3.42226247341e-10, 3.01422192761e-10, 3.62670699028e-10, 3.26161930797e-10, 2.20013784968e-10, 1.49948567452e-10, 9.7545541089e-11, 1.84523091251e-11, 7.09782840141e-12, 4.29193226098e-12], "dvar": [1.27184230223e-05, 2.45606424869e-05, 7.081831086e-07, 1.48746153172e-06, 7.58830594805e-07, 3.35203083068e-07, 2.04437355933e-07, 8.81279902387e-08, 1.53336145559e-07, 1.08187798276e-07, 9.54282981525e-08, 1.89469631096e-08, 4.24174251279e-09, 3.55183127354e-09, 3.1693845326e-09, 3.48563689023e-09, 2.86818235828e-09, 2.47194109626e-09, 3.44949668829e-09, 5.73256719871e-10, 5.37956901248e-10, 4.97035024249e-10, 4.06054773139e-10, 2.74382211396e-10, 4.7384030033e-10, 7.96870625042e-10, 4.7704634687e-10, 3.63662766567e-10, 4.60931737223e-10, 3.05339614703e-10, 2.94074292695e-10, 2.00561636743e-10, 2.17612511344e-10, 1.65386232487e-10, 1.1853254489e-10, 8.05029376494e-11, 3.56349325048e-11, 6.38906072145e-12, 2.50468634548e-12, 1.61436478335e-12], "mean": [0.000763523392379, 0.00110116659198, 0.000419367308496, 0.000436985661509, 0.000433390436228, 0.000421671138611, 0.000372824666556, 0.000240339330048, 0.000303382694256, 0.000236867184867, 0.000168248792761, 9.08902002266e-05, 4.90497113788e-05, 4.23652818426e-05, 4.07202751376e-05, 3.95790411858e-05, 3.26232293446e-05, 2.57573847193e-05, 2.97949009109e-05, 1.30729777084e-05, 1.25566111819e-05, 1.21328057503e-05, 9.83930294751e-06, 1.12155248644e-05, 1.15161137728e-05, 1.15798766274e-05, 1.13959304144e-05, 8.40401662572e-06, 9.1971078291e-06, 7.04828562448e-06, 7.11726170266e-06, 7.47422018321e-06, 7.9554374679e-06, 6.73101249049e-06, 5.25071163793e-06, 3.89890601582e-06, 2.64035634245e-06, 1.31994897856e-06, 9.33669866754e-07, 7.50621779844e-07]}, "spectral_entropy": {"min": 4.48077201843, "max": 9.78848838806, "dvar2": 0.106546476483, "median": 7.58547592163, "dmean2": 0.270498871803, "dmean": 0.185675621033, "var": 0.439881980419, "dvar": 0.0540670268238, "mean": 7.45740413666}, "spectral_rolloff": {"min": 21.533203125, "max": 14728.7109375, "dvar2": 2494876.25, "median": 947.4609375, "dmean2": 943.712890625, "dmean": 583.391662598, "var": 3366124.75, "dvar": 1236381.5, "mean": 1665.72851562}, "barkbands": {"min": [2.2805642097e-10, 1.46931744549e-10, 6.25927424041e-13, 9.07413657018e-14, 9.20853996354e-13, 6.58586900293e-13, 7.37210693966e-13, 3.94331323237e-13, 1.75411429631e-13, 5.86989658269e-13, 5.91256373288e-13, 5.60328638956e-13, 9.66087019411e-13, 4.95429001643e-13, 6.03576325205e-13, 1.21101230172e-12, 1.34557425965e-12, 1.89375576852e-12, 2.66703781455e-12, 2.7255806119e-12, 2.90665386725e-12, 2.69791936187e-12, 2.79526250237e-12, 3.77850658748e-12, 4.12988870532e-12, 5.49018729784e-12, 7.61533804766e-12], "max": [0.00494702439755, 0.174231693149, 0.0756952688098, 0.0234638284892, 0.0959161892533, 0.108477726579, 0.0701260045171, 0.0506553314626, 0.0611336044967, 0.0526168160141, 0.0127343963832, 0.0122403912246, 0.0226461272687, 0.0234605651349, 0.0304406415671, 0.00686480198056, 0.0147773567587, 0.011259960942, 0.0101498095319, 0.0193431023508, 0.0131144523621, 0.0126642100513, 0.0161906555295, 0.0139625584707, 0.00350524182431, 0.00262153055519, 0.000907716923393], "dvar2": [9.80122010219e-08, 0.000710284337401, 0.0001073241001, 4.95641461384e-06, 0.000102853009594, 1.70435341715e-05, 8.95249013411e-06, 1.04470891529e-05, 1.483779306e-05, 3.91497133023e-06, 9.8021928352e-07, 4.95700362535e-07, 5.30497459295e-07, 6.73078375257e-07, 8.88864974513e-07, 2.65394618282e-07, 3.286401693e-07, 2.73742813306e-07, 1.31061142383e-06, 9.00347572497e-07, 1.28453223169e-06, 1.09009681637e-06, 8.3832759401e-07, 1.75939646851e-07, 2.7449194917e-08, 8.62232329979e-09, 1.45726142264e-09], "median": [2.75739103017e-06, 0.000282519205939, 0.000446761318017, 0.000336833065376, 0.000775806722231, 0.000950048037339, 0.000414790178183, 0.000203792005777, 0.000401473022066, 0.00016195626813, 7.37553127692e-05, 9.12804098334e-05, 8.38056002976e-05, 0.000128008512547, 7.38500384614e-05, 4.42641685368e-05, 5.11408507009e-05, 7.51990301069e-05, 8.94832264748e-05, 8.91641102498e-05, 7.33283231966e-05, 8.41313085402e-05, 5.67825045437e-05, 2.6849711503e-05, 1.36654580274e-05, 5.57986822969e-06, 6.14613895777e-07], "dmean2": [8.01475543994e-05, 0.00569607503712, 0.00234912964515, 0.00075771252159, 0.00292384927161, 0.00174214539584, 0.00125917210244, 0.00125752273016, 0.00144831906073, 0.000634544994682, 0.000378041673684, 0.000302950968035, 0.000327385700075, 0.000354373041773, 0.000341309700161, 0.00021220126655, 0.000216771033593, 0.000220527566853, 0.000369508488802, 0.000336636643624, 0.000377445132472, 0.000382843601983, 0.000299681414617, 0.000122385303257, 6.22399311396e-05, 3.11343828798e-05, 1.04772607301e-05], "dmean": [5.22741465829e-05, 0.00344141828828, 0.00134926126339, 0.000440915115178, 0.00169203663245, 0.0011235838756, 0.000813189020846, 0.000795556697994, 0.000949305074755, 0.000412641878938, 0.000244657567237, 0.000198864421691, 0.000212832383113, 0.000224994975724, 0.000216231812374, 0.000131942346343, 0.000135016278364, 0.000136830800329, 0.000220127752982, 0.000206651893677, 0.000230892299442, 0.000241664311034, 0.000196171793505, 8.49617499625e-05, 4.33233399235e-05, 2.07912835322e-05, 6.43540124656e-06], "var": [5.5522011877e-08, 0.000227829514188, 2.67263967544e-05, 1.92909760699e-06, 2.92774657282e-05, 1.15151588034e-05, 9.60372653935e-06, 9.85330552794e-06, 2.01318180189e-05, 4.23642177338e-06, 1.00667489278e-06, 6.85787142629e-07, 9.47644252847e-07, 7.28074894596e-07, 1.06813229195e-06, 1.61363828965e-07, 2.32474306472e-07, 1.70284536694e-07, 4.45416560524e-07, 4.93116715461e-07, 5.86874762121e-07, 8.01531541583e-07, 8.0603757624e-07, 2.96934530297e-07, 3.95940631392e-08, 1.05876223344e-08, 6.53430198838e-10], "dvar": [4.07620994736e-08, 0.000283345783828, 3.89079941669e-05, 1.74517413143e-06, 3.67086031474e-05, 7.10711265128e-06, 3.685673164e-06, 4.37550488641e-06, 6.30284466752e-06, 1.79036646841e-06, 4.16297609718e-07, 2.24713659236e-07, 2.80662163732e-07, 2.96445222148e-07, 3.85909146416e-07, 1.1006616063e-07, 1.43014474929e-07, 1.08997724624e-07, 4.79583661672e-07, 3.66921597106e-07, 5.00520968671e-07, 4.57798051912e-07, 3.79971538678e-07, 9.65693018884e-08, 1.40324623032e-08, 4.53870452333e-09, 5.99228056064e-10], "mean": [5.83230284974e-05, 0.00336932414211, 0.00143985159229, 0.000739391951356, 0.00224062916823, 0.00210667494684, 0.0015997410519, 0.00132617121562, 0.00192155723926, 0.000705850310624, 0.000412487250287, 0.000377514399588, 0.000387921027141, 0.00037843719474, 0.000340467668138, 0.000185688302736, 0.000201476941584, 0.000218141678488, 0.000302437489154, 0.000305523892166, 0.000317514233757, 0.000389041291783, 0.000330287817633, 0.00015760770475, 7.43991695344e-05, 3.02762618958e-05, 6.22783272775e-06]}, "melbands_flatness_db": {"min": 0.0282828435302, "max": 0.621622979641, "dvar2": 0.00236054719426, "median": 0.183195024729, "dmean2": 0.0396722741425, "dmean": 0.0271894335747, "var": 0.00875948090106, "dvar": 0.0011301318882, "mean": 0.201861932874}, "melbands_skewness": {"min": -2.04046440125, "max": 33.3104476929, "dvar2": 3.03746771812, "median": 2.36017346382, "dmean2": 1.14895129204, "dmean": 0.764440000057, "var": 3.37830090523, "dvar": 1.34887683392, "mean": 2.74757885933}, "barkbands_skewness": {"min": -4.10109233856, "max": 26.576259613, "dvar2": 1.741122365, "median": 1.52625524998, "dmean2": 0.888424873352, "dmean": 0.593570053577, "var": 2.07101535797, "dvar": 0.760093569756, "mean": 1.7451287508}, "silence_rate_60dB": {"min": 0, "max": 1, "dvar2": 0.0746267512441, "median": 0, "dmean2": 0.0693533271551, "dmean": 0.0346726030111, "var": 0.141522526741, "dvar": 0.0334674045444, "mean": 0.170648857951}, "spectral_energyband_low": {"min": 6.37660235725e-09, "max": 0.202303543687, "dvar2": 0.00096994836349, "median": 0.0015279201325, "dmean2": 0.00725122634321, "dmean": 0.00449875555933, "var": 0.000370133901015, "dvar": 0.000409013096942, "mean": 0.00529764266685}, "spectral_energyband_middle_low": {"min": 3.03014839782e-12, "max": 0.123482480645, "dvar2": 0.000268081552349, "median": 0.00672469707206, "dmean2": 0.00670184753835, "dmean": 0.00416526291519, "var": 0.000152889391757, "dvar": 0.0001014105801, "mean": 0.0101565085351}, "melbands_kurtosis": {"min": -1.94317865372, "max": 1190.78088379, "dvar2": 1888.86828613, "median": 8.5334482193, "dmean2": 14.7664194107, "dmean": 9.32309818268, "var": 961.902770996, "dvar": 771.540283203, "mean": 17.258813858}, "spectral_decrease": {"min": -5.47668079776e-08, "max": -3.1511607695e-15, "dvar2": 8.0360603127e-17, "median": -3.1049121052e-09, "dmean2": 3.49748607853e-09, "dmean": 2.21663021271e-09, "var": 4.20413322103e-17, "dvar": 3.35711946436e-17, "mean": -4.79124828701e-09}, "erbbands_kurtosis": {"min": -1.79878783226, "max": 56.1526908875, "dvar2": 11.1998872757, "median": -0.0372248888016, "dmean2": 1.95342981815, "dmean": 1.27597892284, "var": 27.2799339294, "dvar": 5.22250270844, "mean": 1.55438876152}, "melbands_crest": {"min": 2.62998175621, "max": 39.9156455994, "dvar2": 19.6223907471, "median": 12.3065481186, "dmean2": 4.55432033539, "dmean": 2.87941336632, "var": 28.154006958, "dvar": 8.10569190979, "mean": 13.3183031082}, "gfcc": {"cov": [[14157.2070312, -2330.81030273, -2425.90966797, -71.8930130005, -880.582519531, 624.320739746, -77.3495635986, 31.0611534119, -18.9179496765, 335.277282715, -252.48097229, 180.996429443, -279.474761963], [-2330.81030273, 1630.14111328, 190.80557251, -153.537734985, 248.854721069, -113.458198547, 88.7011871338, -2.08926844597, 61.7719764709, -145.100738525, 126.246116638, -120.6876297, 94.9999008179], [-2425.90966797, 190.80557251, 1290.87634277, 278.176300049, 184.883895874, -29.278219223, 46.9520950317, 28.0641002655, 2.57276749611, -41.1200828552, 0.920690238476, -20.7438831329, 57.137752533], [-71.8930130005, -153.537734985, 278.176300049, 443.516693115, 58.3856239319, 51.5872459412, 38.1235046387, 22.3475208282, 17.8113002777, 16.2312335968, 6.55779886246, 0.643582940102, 18.6388282776], [-880.582519531, 248.854721069, 184.883895874, 58.3856239319, 417.458404541, 41.0425376892, 57.4500579834, 51.9136924744, 52.7445144653, 13.101234436, 17.4044494629, 25.6438045502, 56.2808418274], [624.320739746, -113.458198547, -29.278219223, 51.5872459412, 41.0425376892, 297.948272705, 106.715690613, 43.9881134033, 28.5851898193, 49.7198600769, 19.9742202759, 1.68028461933, -11.9242095947], [-77.3495635986, 88.7011871338, 46.9520950317, 38.1235046387, 57.4500579834, 106.715690613, 199.562393188, 74.7759628296, 28.642786026, 23.5855331421, 46.9255867004, 0.743112981319, 0.630098283291], [31.0611534119, -2.08926844597, 28.0641002655, 22.3475208282, 51.9136924744, 43.9881134033, 74.7759628296, 153.45690918, 68.7567520142, 30.4149608612, 19.5396785736, 12.8685922623, 10.443356514], [-18.9179496765, 61.7719764709, 2.57276749611, 17.8113002777, 52.7445144653, 28.5851898193, 28.642786026, 68.7567520142, 120.715179443, 36.8271179199, 12.1868810654, 8.34946250916, 16.8269367218], [335.277282715, -145.100738525, -41.1200828552, 16.2312335968, 13.101234436, 49.7198600769, 23.5855331421, 30.4149608612, 36.8271179199, 113.359657288, 26.3742809296, 31.5291004181, 7.34415435791], [-252.48097229, 126.246116638, 0.920690238476, 6.55779886246, 17.4044494629, 19.9742202759, 46.9255867004, 19.5396785736, 12.1868810654, 26.3742809296, 109.718521118, 24.7376384735, 14.0575361252], [180.996429443, -120.6876297, -20.7438831329, 0.643582940102, 25.6438045502, 1.68028461933, 0.743112981319, 12.8685922623, 8.34946250916, 31.5291004181, 24.7376384735, 106.264434814, 31.0672187805], [-279.474761963, 94.9999008179, 57.137752533, 18.6388282776, 56.2808418274, -11.9242095947, 0.630098283291, 10.443356514, 16.8269367218, 7.34415435791, 14.0575361252, 31.0672187805, 91.771736145]], "icov": [[0.000186294942978, 4.0038532461e-05, 0.000305820343783, -0.000151265427121, 0.000264629197773, -0.000344373780536, 6.74006878398e-05, -0.000121052340546, 7.19816307537e-05, -0.000285465124762, 0.000515981460921, -0.000362540944479, 0.000225814248552], [4.0038532461e-05, 0.00158870010637, -8.12018606666e-06, 0.000696342729498, -0.000737801368814, 0.000495544809382, -0.000675488321576, 0.000726596859749, -0.00128883542493, 0.00203079963103, -0.00225272914395, 0.00230258679949, -0.00158083054703], [0.000305820343783, -8.12018606666e-06, 0.00150389305782, -0.000873080804013, 0.000128419604152, -0.000356813601684, -3.4766690078e-05, -0.000350663234713, 0.000383917067666, -0.0002418843942, 0.000978152966127, -0.00040982250357, 3.36079174303e-05], [-0.000151265427121, 0.000696342729498, -0.000873080804013, 0.0031703391578, -0.000593983917497, 0.000113783462439, -0.000487865210744, 0.000478233880131, -0.000802495749667, 0.000828079239, -0.00142022769433, 0.00142669433262, -0.00113836443052], [0.000264629197773, -0.000737801368814, 0.000128419604152, -0.000593983917497, 0.00374559219927, -0.00103025906719, -5.59173204238e-05, -0.000717032002285, -0.000129177118652, -0.0012066771742, 0.0020442113746, -0.00210398854688, -0.000219246983761], [-0.000344373780536, 0.000495544809382, -0.000356813601684, 0.000113783462439, -0.00103025906719, 0.00540012819692, -0.00267983856611, 0.00066926679574, -0.000749725091737, -0.000263348832959, -0.00136218126863, 0.00172265560832, -0.000302904023556], [6.74006878398e-05, -0.000675488321576, -3.4766690078e-05, -0.000487865210744, -5.59173204238e-05, -0.00267983856611, 0.00850659515709, -0.00362818059511, 0.00135503266938, -0.000672746740747, -0.00160268403124, -0.000344373256667, 0.00123326166067], [-0.000121052340546, 0.000726596859749, -0.000350663234713, 0.000478233880131, -0.000717032002285, 0.00066926679574, -0.00362818059511, 0.0109228817746, -0.00570356845856, 0.000716283975635, -0.00110814557411, 0.000526585557964, -0.000711044296622], [7.19816307537e-05, -0.00128883542493, 0.000383917067666, -0.000802495749667, -0.000129177118652, -0.000749725091737, 0.00135503266938, -0.00570356845856, 0.013489831239, -0.00462341168895, 0.0021169364918, -0.000962377060205, -3.0445091852e-06], [-0.000285465124762, 0.00203079963103, -0.0002418843942, 0.000828079239, -0.0012066771742, -0.000263348832959, -0.000672746740747, 0.000716283975635, -0.00462341168895, 0.0149902412668, -0.00564067391679, 0.000802161463071, -0.00211964407936], [0.000515981460921, -0.00225272914395, 0.000978152966127, -0.00142022769433, 0.0020442113746, -0.00136218126863, -0.00160268403124, -0.00110814557411, 0.0021169364918, -0.00564067391679, 0.0160772968084, -0.00640083383769, 0.00205660075881], [-0.000362540944479, 0.00230258679949, -0.00040982250357, 0.00142669433262, -0.00210398854688, 0.00172265560832, -0.000344373256667, 0.000526585557964, -0.000962377060205, 0.000802161463071, -0.00640083383769, 0.0161878466606, -0.0064529418014], [0.000225814248552, -0.00158083054703, 3.36079174303e-05, -0.00113836443052, -0.000219246983761, -0.000302904023556, 0.00123326166067, -0.000711044296622, -3.0445091852e-06, -0.00211964407936, 0.00205660075881, -0.0064529418014, 0.0156381931156]], "mean": [-37.2090492249, 82.5941467285, -105.768890381, 30.588842392, -73.8764343262, 3.32761216164, -37.0783920288, 2.1820538044, -20.8056602478, 1.46319925785, -15.744304657, -2.01426529884, -12.4694805145]}, "melbands_spread": {"min": 0.501905083656, "max": 272.441558838, "dvar2": 587.223388672, "median": 17.771490097, "dmean2": 13.0271434784, "dmean": 8.62707901001, "var": 785.260131836, "dvar": 286.900848389, "mean": 24.9183654785}, "spectral_energy": {"min": 1.19743326366e-08, "max": 0.209104597569, "dvar2": 0.00120859150775, "median": 0.0130419172347, "dmean2": 0.0140319298953, "dmean": 0.0089499540627, "var": 0.000672542140819, "dvar": 0.00050607312005, "mean": 0.0199229512364}, "mfcc": {"cov": [[13940.3125, -2168.12768555, -1913.51208496, -702.578979492, -854.708740234, 203.574966431, -221.98677063, 170.679260254, -194.36315918, 111.481658936, 320.683746338, -65.7697601318, -7.58498048782], [-2168.12768555, 1531.25244141, 38.0295372009, -11.0612363815, 151.987548828, -86.3551025391, 73.1620635986, 3.2793970108, 34.7813262939, -2.45805215836, -54.503780365, 8.51305103302, -5.321434021], [-1913.51208496, 38.0295372009, 963.597351074, 248.998214722, 146.935134888, 56.8253250122, 73.6355895996, 12.9493274689, 58.1462898254, 15.0152378082, -35.1559371948, 25.9104328156, 14.0287437439], [-702.578979492, -11.0612363815, 248.998214722, 381.519958496, 140.316986084, 24.0205841064, 19.2722949982, 4.28239631653, 38.7473258972, -2.03422236443, -40.4237785339, 0.911339640617, 20.49152565], [-854.708740234, 151.987548828, 146.935134888, 140.316986084, 309.745819092, 62.8582878113, 35.3510665894, 15.9654102325, 81.5971374512, 12.1743841171, -22.4579219818, 17.8978710175, 19.0710163116], [203.574966431, -86.3551025391, 56.8253250122, 24.0205841064, 62.8582878113, 199.731216431, 92.5598297119, 32.187915802, 26.4974422455, 33.7728538513, 28.7463550568, 12.6656274796, 16.5575733185], [-221.98677063, 73.1620635986, 73.6355895996, 19.2722949982, 35.3510665894, 92.5598297119, 193.766708374, 64.0546951294, 26.3983573914, 40.3406562805, 31.9705581665, 28.4424228668, 28.8881282806], [170.679260254, 3.2793970108, 12.9493274689, 4.28239631653, 15.9654102325, 32.187915802, 64.0546951294, 128.489990234, 48.1740570068, 35.4847221375, 34.3192634583, 27.3739891052, 22.8014469147], [-194.36315918, 34.7813262939, 58.1462898254, 38.7473258972, 81.5971374512, 26.4974422455, 26.3983573914, 48.1740570068, 148.791809082, 46.259059906, 22.5645637512, 27.4186248779, 16.1934127808], [111.481658936, -2.45805215836, 15.0152378082, -2.03422236443, 12.1743841171, 33.7728538513, 40.3406562805, 35.4847221375, 46.259059906, 129.031845093, 49.1245918274, 12.8178844452, 6.81213951111], [320.683746338, -54.503780365, -35.1559371948, -40.4237785339, -22.4579219818, 28.7463550568, 31.9705581665, 34.3192634583, 22.5645637512, 49.1245918274, 120.916519165, 42.0189094543, 11.2623176575], [-65.7697601318, 8.51305103302, 25.9104328156, 0.911339640617, 17.8978710175, 12.6656274796, 28.4424228668, 27.3739891052, 27.4186248779, 12.8178844452, 42.0189094543, 103.023757935, 38.2124977112], [-7.58498048782, -5.321434021, 14.0287437439, 20.49152565, 19.0710163116, 16.5575733185, 28.8881282806, 22.8014469147, 16.1934127808, 6.81213951111, 11.2623176575, 38.2124977112, 88.0066375732]], "icov": [[0.00017415995535, 0.00017635889526, 0.000282316090306, 3.29338108713e-05, 0.000266417919192, -0.000310362811433, 0.000255678052781, -0.000322604289977, 7.3490475188e-05, -9.10684684641e-05, -0.000150695632328, 0.000108108491986, -6.08107184235e-05], [0.00017635889526, 0.00097531825304, 0.00030081931618, 0.000267646595603, -0.000278770166915, 0.000417900504544, -0.000409670639783, -0.00021166903025, 4.07815459766e-05, -0.000163550954312, 0.000214199782931, 8.09321477391e-07, 0.00011239588639], [0.000282316090306, 0.00030081931618, 0.00177722983062, -0.000678794283886, 0.00027478809352, -0.000575753161684, -1.25429705804e-05, -0.000346648768755, -7.32571570552e-05, -0.000247154821409, 0.000148367209476, -0.000243813279667, 0.000179464841494], [3.29338108713e-05, 0.000267646595603, -0.000678794283886, 0.00374725577421, -0.0013435803121, 0.000235213694395, -7.81069102231e-05, -7.98339533503e-05, -9.16516510188e-05, -4.6294349886e-05, 0.000808909127954, 0.000336694298312, -0.000681327364873], [0.000266417919192, -0.000278770166915, 0.00027478809352, -0.0013435803121, 0.00559685612097, -0.00218721176498, 0.000758775800932, -0.000138320931001, -0.00215831166133, 0.000112527479359, 0.000706094957422, -0.000362513936125, -0.000283955101622], [-0.000310362811433, 0.000417900504544, -0.000575753161684, 0.000235213694395, -0.00218721176498, 0.00816466007382, -0.00398073345423, 0.000847990158945, -3.86019491998e-05, -0.000368707202142, -0.000619876373094, 0.000481409952044, -3.36904122378e-05], [0.000255678052781, -0.000409670639783, -1.25429705804e-05, -7.81069102231e-05, 0.000758775800932, -0.00398073345423, 0.00898585561663, -0.00345958815888, 0.000919815560337, -0.00108015479054, -0.000689040811267, -0.000351724214852, -0.00129604793619], [-0.000322604289977, -0.00021166903025, -0.000346648768755, -7.98339533503e-05, -0.000138320931001, 0.000847990158945, -0.00345958815888, 0.0115681737661, -0.00289121991955, -0.000502897135448, -0.000865954323672, -0.000763872289099, -0.00094448029995], [7.3490475188e-05, 4.07815459766e-05, -7.32571570552e-05, -9.16516510188e-05, -0.00215831166133, -3.86019491998e-05, 0.000919815560337, -0.00289121991955, 0.00992193631828, -0.00260982173495, -0.000425931531936, -0.00114542862866, -0.000107856052637], [-9.10684684641e-05, -0.000163550954312, -0.000247154821409, -4.6294349886e-05, 0.000112527479359, -0.000368707202142, -0.00108015479054, -0.000502897135448, -0.00260982173495, 0.0106128947809, -0.00367084005848, 0.00130004179664, 0.000126284532598], [-0.000150695632328, 0.000214199782931, 0.000148367209476, 0.000808909127954, 0.000706094957422, -0.000619876373094, -0.000689040811267, -0.000865954323672, -0.000425931531936, -0.00367084005848, 0.0129573894665, -0.00487941969186, 0.00102509977296], [0.000108108491986, 8.09321477391e-07, -0.000243813279667, 0.000336694298312, -0.000362513936125, 0.000481409952044, -0.000351724214852, -0.000763872289099, -0.00114542862866, 0.00130004179664, -0.00487941969186, 0.0141817703843, -0.00515198707581], [-6.08107184235e-05, 0.00011239588639, 0.000179464841494, -0.000681327364873, -0.000283955101622, -3.36904122378e-05, -0.00129604793619, -0.00094448029995, -0.000107856052637, 0.000126284532598, 0.00102509977296, -0.00515198707581, 0.0143482508138]], "mean": [-680.697570801, 111.414382935, 16.7427787781, 23.5887203217, -11.6683387756, 1.05619442463, -9.60939025879, -0.814851760864, -6.75891637802, 3.46955418587, -1.38351666927, -4.30117225647, -4.47765016556]}, "spectral_contrast_valleys": {"min": [-26.8894577026, -27.1649150848, -27.6873397827, -27.2507781982, -27.4787063599, -27.3320407867], "max": [-5.0420498848, -4.26923751831, -5.39763021469, -5.76774072647, -5.34289503098, -7.40393590927], "dvar2": [0.382211506367, 0.242099151015, 0.298956096172, 0.311279207468, 0.372527033091, 0.398760288954], "median": [-8.03852462769, -6.77440881729, -7.88631153107, -8.31373405457, -7.81578540802, -10.1381216049], "dmean2": [0.674805223942, 0.525156259537, 0.542577564716, 0.526746869087, 0.471107929945, 0.461008697748], "dmean": [0.42494943738, 0.326631516218, 0.348787069321, 0.3511326015, 0.322979927063, 0.342974632978], "var": [1.42377364635, 1.54717886448, 1.89981281757, 2.01085567474, 2.02539849281, 1.97857832909], "dvar": [0.176340311766, 0.111461393535, 0.145467936993, 0.162006363273, 0.197196096182, 0.219888269901], "mean": [-8.1365070343, -6.95044755936, -8.13194561005, -8.5802230835, -8.10653018951, -10.3704681396]}, "barkbands_flatness_db": {"min": 0.0233912877738, "max": 0.495363801718, "dvar2": 0.00138710800093, "median": 0.126662418246, "dmean2": 0.0326394401491, "dmean": 0.0221904348582, "var": 0.00497928261757, "dvar": 0.000651893205941, "mean": 0.141440942883}, "dynamic_complexity": 4.85456943512, "erbbands_flatness_db": {"min": 0.0211360696703, "max": 0.360347360373, "dvar2": 0.000697908864822, "median": 0.149785876274, "dmean2": 0.0250717550516, "dmean": 0.0174262523651, "var": 0.00206971890293, "dvar": 0.00035520