{"lowlevel": {"spectral_complexity": {"min": 0, "max": 46, "dvar2": 36.6925811768, "median": 5, "dmean2": 3.48197197914, "dmean": 2.13823533058, "var": 45.5952110291, "dvar": 15.529460907, "mean": 6.64658355713}, "silence_rate_20dB": {"min": 1, "max": 1, "dvar2": 0, "median": 1, "dmean2": 0, "dmean": 0, "var": 0, "dvar": 0, "mean": 1}, "average_loudness": 0.537915468216, "erbbands_spread": {"min": 1.18946373463, "max": 175.855209351, "dvar2": 697.78717041, "median": 23.5970802307, "dmean2": 18.8463516235, "dmean": 11.6157569885, "var": 964.271789551, "dvar": 298.678527832, "mean": 34.0062866211}, "spectral_kurtosis": {"min": -1.45756852627, "max": 77.3715286255, "dvar2": 100.858268738, "median": 4.93854141235, "dmean2": 6.44401979446, "dmean": 3.90459227562, "var": 114.543922424, "dvar": 39.2437286377, "mean": 8.55880737305}, "barkbands_kurtosis": {"min": -1.94061601162, "max": 8114.83203125, "dvar2": 121705.5625, "median": 5.86170196533, "dmean2": 48.2954559326, "dmean": 29.97564888, "var": 192517.453125, "dvar": 74486.3984375, "mean": 60.7012367249}, "spectral_strongpeak": {"min": 0, "max": 10.2216625214, "dvar2": 1.7038513422, "median": 0.291786432266, "dmean2": 0.721357285976, "dmean": 0.441601514816, "var": 3.39328980446, "dvar": 0.786962449551, "mean": 0.996493220329}, "spectral_spread": {"min": 993250.375, "max": 18020994, "dvar2": 3618996748290.0, "median": 5187160.5, "dmean2": 1547947, "dmean": 983769.125, "var": 12548076208100.0, "dvar": 1717172568060.0, "mean": 5847800.5}, "spectral_rms": {"min": 2.90683383355e-05, "max": 0.0121064474806, "dvar2": 2.47522780228e-06, "median": 0.00201912526973, "dmean2": 0.00100399309304, "dmean": 0.000658532197122, "var": 5.12858923685e-06, "dvar": 1.11032329642e-06, "mean": 0.00273604458198}, "erbbands": {"min": [1.406272645e-06, 5.20098296874e-07, 2.04122514447e-07, 3.69351880636e-07, 3.72797160253e-07, 2.10023330283e-07, 7.09554171863e-07, 4.63779343818e-07, 5.86173200645e-07, 9.3513409638e-07, 7.17565683317e-07, 5.16406032602e-07, 6.26039366125e-07, 1.30331068249e-06, 1.5156807649e-06, 1.08025835743e-06, 9.39953281431e-07, 7.8036788409e-07, 9.61720388659e-07, 1.15665989142e-06, 9.00476550214e-07, 6.92538606017e-07, 9.52471168603e-07, 1.97981285055e-06, 1.95740653908e-06, 1.83264148745e-06, 1.98221823666e-06, 2.11875203604e-06, 2.33917535297e-06, 2.83212216345e-06, 3.11215603688e-06, 4.90027377964e-06, 2.79334517472e-06, 1.91052322407e-06, 1.08647077468e-06, 9.05733145373e-07, 4.75173067116e-07, 2.34309311509e-07, 3.08311115305e-07, 8.16604242004e-08], "max": [1.74005389214, 12.2085571289, 42.279045105, 106.9610672, 93.7456817627, 279.968170166, 241.236587524, 263.820281982, 872.340942383, 295.844207764, 203.455062866, 239.048950195, 237.340072632, 812.214599609, 1862.67163086, 732.103515625, 353.396392822, 567.702026367, 497.968078613, 790.303405762, 1576.45202637, 1047.23803711, 1443.03259277, 847.364990234, 507.825927734, 317.399841309, 230.979598999, 368.971679688, 155.922897339, 137.090988159, 271.439910889, 307.798034668, 218.561691284, 44.8361473083, 48.4238357544, 37.465511322, 13.9940052032, 2.74914860725, 0.245923221111, 0.00979593489319], "dvar2": [0.0408500470221, 1.32275652885, 20.8073196411, 96.8717727661, 113.982780457, 498.489196777, 341.872955322, 650.114257812, 3779.7421875, 809.936645508, 315.940582275, 591.063354492, 462.421417236, 4019.35913086, 19038.0683594, 2364.10791016, 1513.64685059, 2021.97497559, 4551.90673828, 6043.28857422, 17190.8066406, 17427.7285156, 12361.1289062, 6074.22167969, 1643.17700195, 541.539489746, 430.79083252, 522.957275391, 141.116546631, 130.206588745, 353.903015137, 850.542419434, 308.133178711, 40.5155601501, 20.0740795135, 4.83787679672, 0.550236046314, 0.0291713438928, 0.000198135341634, 4.52293306807e-07], "median": [0.00266507687047, 0.0207639206201, 0.0719723179936, 0.219612300396, 0.527589738369, 0.778045475483, 1.15381264687, 1.14949655533, 1.45813500881, 1.58284282684, 1.54400920868, 1.43737351894, 1.56680881977, 1.12799084187, 0.72967082262, 0.540186703205, 0.47839435935, 0.33990329504, 0.236889228225, 0.223166048527, 0.319154143333, 0.441306710243, 0.372217267752, 0.368980497122, 0.218477725983, 0.132877141237, 0.100120671093, 0.0767192542553, 0.0541810132563, 0.0741781815886, 0.098480887711, 0.0702759698033, 0.0807834640145, 0.0407887846231, 0.021727360785, 0.00667704222724, 0.00122482306324, 0.000162998097949, 2.23698243644e-05, 1.45241656355e-05], "dmean2": [0.0569668598473, 0.359481781721, 1.48430025578, 2.782320261, 3.59319090843, 6.51301574707, 6.52741861343, 8.37782287598, 17.3327236176, 9.98406410217, 6.85037660599, 8.54465675354, 7.20047187805, 14.3354845047, 24.7946281433, 10.8657474518, 9.15798568726, 9.85666847229, 13.3947525024, 13.9415473938, 17.6708698273, 20.102437973, 19.2242736816, 13.2781324387, 6.24647092819, 3.76133728027, 4.24752807617, 3.77991676331, 2.48352789879, 2.99929499626, 3.75849056244, 6.40980052948, 4.68762731552, 2.12892484665, 1.45635306835, 0.580641150475, 0.125777974725, 0.0268507581204, 0.00231617433019, 0.00013990898151], "dmean": [0.0346613004804, 0.216459721327, 0.857717633247, 1.6542301178, 2.14276146889, 3.89966011047, 3.92269325256, 5.08434247971, 10.5620956421, 6.04492855072, 4.17082548141, 5.15276241302, 4.33014059067, 9.19134044647, 15.1626996994, 6.39549255371, 5.56271266937, 5.94958543777, 7.46663951874, 8.02363967896, 9.37054347992, 10.8867816925, 11.6573524475, 8.13063907623, 3.70223879814, 2.1968536377, 2.49898123741, 2.24058794975, 1.58500349522, 1.85402226448, 2.36085963249, 3.78159356117, 2.79258656502, 1.28063380718, 0.877199053764, 0.355968207121, 0.0759419873357, 0.0153841720894, 0.00136549083982, 8.2619029854e-05], "var": [0.0219433866441, 0.93363571167, 12.185959816, 43.0405540466, 60.52161026, 246.201950073, 289.238586426, 663.836608887, 9781.98925781, 1446.29931641, 191.202285767, 367.541687012, 300.830810547, 12190.7558594, 77598.546875, 1143.25756836, 771.703186035, 1077.96484375, 1551.6262207, 1518.10217285, 3124.10253906, 3447.29760742, 38765.03125, 10005.8974609, 435.98260498, 153.902801514, 134.962158203, 173.03742981, 70.376625061, 77.7220153809, 202.521102905, 248.825088501, 88.5788803101, 19.622959137, 11.7670669556, 2.57543301582, 0.198068901896, 0.00925239827484, 0.000104388403997, 4.15365320805e-07], "dvar": [0.0155661720783, 0.515260219574, 7.48184394836, 34.1323318481, 41.5135040283, 186.291442871, 146.113998413, 273.967132568, 1630.22167969, 353.31137085, 131.685623169, 218.472564697, 187.962844849, 2226.26831055, 11011.2558594, 1013.13446045, 615.856689453, 853.816894531, 1609.82373047, 2150.9362793, 5822.38623047, 6001.22558594, 6478.71386719, 2745.51074219, 598.325622559, 194.88734436, 160.729934692, 202.064849854, 62.4859848022, 56.4384078979, 161.784210205, 318.134613037, 112.546737671, 16.3465366364, 8.092710495, 1.97115051746, 0.217688575387, 0.0105523793027, 7.61843111832e-05, 1.87672910101e-07], "mean": [0.0426292084157, 0.301451414824, 1.18445932865, 2.20142149925, 2.99084305763, 4.9174990654, 5.72000265121, 9.24555301666, 30.3124427795, 13.4420318604, 5.77402877808, 6.75356626511, 6.01605176926, 27.5843238831, 60.5178337097, 8.53366184235, 6.77887868881, 6.41992616653, 7.58670520782, 6.71791410446, 6.42375993729, 8.79753684998, 41.3360290527, 22.504781723, 4.11638832092, 2.45785665512, 2.84075284004, 2.78494310379, 1.82981538773, 2.31797719002, 2.60694050789, 3.40667366982, 2.84917926788, 1.62663376331, 1.14251422882, 0.458751052618, 0.0865482240915, 0.0225117951632, 0.0024944699835, 0.000164109645993]}, "zerocrossingrate": {"min": 0, "max": 0.4755859375, "dvar2": 0.000878466700669, "median": 0.04638671875, "dmean2": 0.0209138151258, "dmean": 0.0188257545233, "var": 0.0140956621617, "dvar": 0.000903616077267, "mean": 0.0965408459306}, "spectral_contrast_coeffs": {"min": [-0.932814061642, -0.949784576893, -0.966588318348, -0.981422483921, -0.97397339344, -0.933000206947], "max": [-0.282425522804, -0.431488394737, -0.333160698414, -0.550732970238, -0.437345206738, -0.579968094826], "dvar2": [0.00654588500038, 0.00563862454146, 0.00295880972408, 0.00139762228355, 0.00135901779868, 0.00113210186828], "median": [-0.708097457886, -0.805564403534, -0.82745051384, -0.845661222935, -0.82161128521, -0.815363585949], "dmean2": [0.0953498929739, 0.0845770314336, 0.0627593845129, 0.0443286970258, 0.0393837355077, 0.0354826487601], "dmean": [0.0613723248243, 0.053445186466, 0.0399010926485, 0.0274671334773, 0.0260196179152, 0.0231474656612], "var": [0.0170390401036, 0.0117388116196, 0.0107183605433, 0.00290675298311, 0.00811487901956, 0.00352096743882], "dvar": [0.00339356251061, 0.00268962024711, 0.00168621854391, 0.000636524579022, 0.000873166252859, 0.000563771522138], "mean": [-0.689295887947, -0.775527596474, -0.806626617908, -0.836755692959, -0.801137924194, -0.807251870632]}, "dissonance": {"min": 0.116847410798, "max": 0.499999880791, "dvar2": 0.00430272426456, "median": 0.467757761478, "dmean2": 0.0523893013597, "dmean": 0.032380387187, "var": 0.00475730793551, "dvar": 0.00184543372598, "mean": 0.441319555044}, "spectral_energyband_high": {"min": 5.83919579356e-09, "max": 0.0332237705588, "dvar2": 7.90214016888e-06, "median": 3.49270922015e-05, "dmean2": 0.000803861999884, "dmean": 0.000499693385791, "var": 3.65680216419e-06, "dvar": 3.29083422912e-06, "mean": 0.000655540265143}, "spectral_skewness": {"min": -0.810488879681, "max": 7.51780319214, "dvar2": 0.718433618546, "median": 1.90023481846, "dmean2": 0.752824008465, "dmean": 0.484606832266, "var": 1.49705314636, "dvar": 0.317424058914, "mean": 2.02343869209}, "spectral_flux": {"min": 7.85030788393e-05, "max": 0.365637689829, "dvar2": 0.00236770394258, "median": 0.038929130882, "dmean2": 0.0309618432075, "dmean": 0.0190720651299, "var": 0.00203765067272, "dvar": 0.00108561699744, "mean": 0.0507271885872}, "silence_rate_30dB": {"min": 1, "max": 1, "dvar2": 0, "median": 1, "dmean2": 0, "dmean": 0, "var": 0, "dvar": 0, "mean": 1}, "spectral_energyband_middle_high": {"min": 3.32595256891e-10, "max": 0.1273547858, "dvar2": 0.000156103895279, "median": 0.000232031714404, "dmean2": 0.00265451776795, "dmean": 0.0015724505065, "var": 0.000217295964831, "dvar": 6.57525088172e-05, "mean": 0.00403306912631}, "barkbands_spread": {"min": 0.0768524631858, "max": 119.562416077, "dvar2": 388.100585938, "median": 10.5946683884, "dmean2": 12.9663152695, "dmean": 7.85755062103, "var": 373.519226074, "dvar": 157.885406494, "mean": 17.583147049}, "spectral_centroid": {"min": 154.556640625, "max": 8755.88769531, "dvar2": 712974.25, "median": 938.625610352, "dmean2": 572.754699707, "dmean": 393.248626709, "var": 2233170.5, "dvar": 467775.625, "mean": 1565.7434082}, "pitch_salience": {"min": 0.0016045080265, "max": 0.969854056835, "dvar2": 0.0251989923418, "median": 0.634521961212, "dmean2": 0.149794101715, "dmean": 0.091004550457, "var": 0.0323305800557, "dvar": 0.0110334530473, "mean": 0.594490587711}, "erbbands_skewness": {"min": -7.30581665039, "max": 7.82921600342, "dvar2": 1.53768908978, "median": 0.628009974957, "dmean2": 1.0870872736, "dmean": 0.696955621243, "var": 2.97001409531, "dvar": 0.749764800072, "mean": 0.788003504276}, "erbbands_crest": {"min": 2.15499544144, "max": 31.5149078369, "dvar2": 22.1859970093, "median": 9.25325298309, "dmean2": 4.95065546036, "dmean": 2.97095036507, "var": 32.2237625122, "dvar": 9.08270072937, "mean": 10.8476953506}, "melbands": {"min": [1.70911267361e-08, 9.30081081596e-11, 1.2120015061e-11, 6.0268292093e-12, 1.91824681139e-11, 1.40363432682e-11, 6.84253998948e-12, 8.65672290795e-12, 5.04405111429e-12, 2.46557288475e-12, 2.44774795051e-12, 3.57313007307e-12, 4.77636550103e-12, 2.88152097669e-12, 2.18719877279e-12, 1.51758293432e-12, 1.39851650226e-12, 1.48416001711e-12, 1.77881006366e-12, 8.6175831011e-13, 1.25193616324e-12, 5.29785416925e-13, 9.24368546117e-13, 7.90047660539e-13, 1.43183945603e-12, 1.42648252151e-12, 1.09362714197e-12, 1.11658924294e-12, 8.35366552408e-13, 8.45662244658e-13, 1.38373405616e-12, 1.35260097393e-12, 1.0380047516e-12, 1.45840468608e-12, 1.23556839673e-12, 2.7115655641e-12, 2.9891226213e-12, 1.91499247015e-12, 1.56297869612e-12, 1.44627723426e-12], "max": [0.0140747511759, 0.017819263041, 0.015689952299, 0.00875102076679, 0.0117841335014, 0.00617611734197, 0.0122572435066, 0.00278010545298, 0.00136718142312, 0.00135488074739, 0.0012359584216, 0.00332613475621, 0.00909172836691, 0.00127018895, 0.00302946986631, 0.000752358930185, 0.00120164721739, 0.000876542006154, 0.00114100787323, 0.00129256700166, 0.00208545266651, 0.00129419192672, 0.000927418936044, 0.00268292031251, 0.00066736509325, 0.000473727937788, 0.000297424121527, 0.00018178136088, 0.000155187095515, 0.000193438521819, 0.000218402565224, 7.37117152312e-05, 7.86218806752e-05, 8.48299896461e-05, 0.000160290612257, 0.000182936157216, 0.000314013828756, 0.000250743963988, 5.17988228239e-05, 3.36351658916e-05], "dvar2": [2.5074232326e-06, 3.40298788615e-06, 2.4265320917e-06, 9.55611085374e-07, 5.76258514684e-07, 3.18031709412e-07, 7.74267164161e-07, 8.53884358776e-08, 1.73420033889e-08, 2.3608411226e-08, 1.1501890107e-08, 5.27852215271e-08, 4.25520710223e-07, 1.66172533511e-08, 2.34022827783e-08, 8.06843836187e-09, 7.63034080364e-09, 1.26019932267e-08, 1.22034471417e-08, 1.5066925485e-08, 2.77462923748e-08, 2.4948800359e-08, 5.51048007225e-09, 3.02721367973e-08, 2.98277891275e-09, 1.6461375596e-09, 5.04799091416e-10, 1.82909923319e-10, 1.98941071949e-10, 1.65343086445e-10, 1.9359312764e-10, 4.6038641649e-11, 4.28018176457e-11, 5.40605130106e-11, 8.66661117871e-11, 2.38065539504e-10, 5.73561309558e-10, 3.24365062587e-10, 4.31291322101e-11, 2.81623144943e-11], "median": [2.70478521998e-05, 3.57973985956e-05, 5.09509991389e-05, 5.39838074474e-05, 4.13826164731e-05, 2.66663046204e-05, 2.24263312703e-05, 1.53961027536e-05, 1.20659669847e-05, 8.41241035232e-06, 5.40253950021e-06, 4.36587561126e-06, 2.45395631282e-06, 1.41375380736e-06, 9.86664758784e-07, 7.1780283406e-07, 5.0287258091e-07, 3.51531326714e-07, 2.99710791296e-07, 2.40670260609e-07, 2.57264190395e-07, 3.52045361751e-07, 3.58976080861e-07, 1.58647750936e-07, 2.77672768334e-07, 1.42899423849e-07, 9.01262495745e-08, 5.37389475141e-08, 5.00443562146e-08, 5.20323446551e-08, 3.48417579232e-08, 2.07582750988e-08, 2.97916287195e-08, 3.87843002159e-08, 5.12574267475e-08, 4.04249043129e-08, 3.97746653391e-08, 5.68650300181e-08, 3.49217508244e-08, 3.08035268404e-08], "dmean2": [0.000444638804765, 0.000608475878835, 0.00047078524949, 0.000338406738592, 0.000240641718847, 0.000187127065146, 0.000251114601269, 0.000101659141365, 5.27266674908e-05, 5.37951709703e-05, 3.6141333112e-05, 5.39271713933e-05, 0.000108563566755, 3.06136644213e-05, 2.70292366622e-05, 1.96224937099e-05, 1.91436411114e-05, 2.25753101404e-05, 2.06531931326e-05, 2.00978483917e-05, 2.11177775782e-05, 2.31196227105e-05, 1.21642751765e-05, 2.70087184617e-05, 8.53489109431e-06, 5.9106560002e-06, 3.37239680448e-06, 2.26872953135e-06, 2.60220508608e-06, 2.67173777502e-06, 2.18651484829e-06, 1.41041311963e-06, 1.62990647823e-06, 1.80441759312e-06, 1.95844427253e-06, 2.89257218355e-06, 4.58378372059e-06, 3.75164722755e-06, 2.44368015956e-06, 1.66079075825e-06], "dmean": [0.000275851227343, 0.000355528318323, 0.000278901628917, 0.00020267367654, 0.000148781138705, 0.000112529371108, 0.000154168446898, 6.17933474132e-05, 3.27129018842e-05, 3.25318578689e-05, 2.15108648263e-05, 3.4629527363e-05, 6.70549488859e-05, 1.76059238584e-05, 1.69006561919e-05, 1.11392373583e-05, 1.16547689686e-05, 1.25229180412e-05, 1.18111329357e-05, 1.09850343506e-05, 1.12074612844e-05, 1.24255839182e-05, 6.7910054895e-06, 1.66120335052e-05, 5.21443007528e-06, 3.45108628608e-06, 1.9749202238e-06, 1.31630702072e-06, 1.50794562614e-06, 1.59831358815e-06, 1.27974305997e-06, 8.95190055417e-07, 1.01917714801e-06, 1.09875884391e-06, 1.24409359614e-06, 1.77331185114e-06, 2.67096902462e-06, 2.19188473238e-06, 1.48265132793e-06, 1.00090619526e-06], "var": [1.52911400164e-06, 2.44586408371e-06, 1.22007691061e-06, 4.90691320465e-07, 5.02243949541e-07, 2.66793307446e-07, 2.27733653446e-06, 1.14201199608e-07, 1.11821680804e-08, 1.37694193825e-08, 7.50255679804e-09, 1.36080473112e-07, 1.84597240604e-06, 6.12635853159e-09, 1.15232205999e-08, 3.10988212959e-09, 4.5739398935e-09, 4.81719286682e-09, 3.47981621296e-09, 3.25666360546e-09, 5.02656449797e-09, 4.8464974256e-09, 1.31773181256e-09, 1.29999477849e-07, 2.06911843215e-09, 4.19912771221e-10, 1.2974428476e-10, 5.22331934649e-11, 5.31675745097e-11, 6.36379698937e-11, 5.80415888962e-11, 2.18303899263e-11, 2.29042999844e-11, 2.80344011894e-11, 5.87132564789e-11, 9.5088846519e-11, 1.42796496849e-10, 7.58567583747e-11, 2.21318484372e-11, 1.22923424911e-11], "dvar": [9.71102394942e-07, 1.23072697988e-06, 8.53283665947e-07, 3.50888029743e-07, 2.5363505074e-07, 1.34419494202e-07, 3.43530217606e-07, 3.66206762692e-08, 7.37804040085e-09, 8.69994920549e-09, 4.73789985023e-09, 2.82668644047e-08, 2.53058516364e-07, 6.60284138476e-09, 1.048732301e-08, 3.05000580347e-09, 3.38111671994e-09, 4.53046444804e-09, 4.49356996057e-09, 5.24931609291e-09, 9.39901223518e-09, 8.56645954173e-09, 1.98591076916e-09, 1.77922050426e-08, 1.20965126804e-09, 6.01704908121e-10, 1.75141484648e-10, 6.61396007406e-11, 7.15337719615e-11, 6.51534520779e-11, 7.33470228997e-11, 2.00916869947e-11, 1.88954112773e-11, 2.21848650561e-11, 4.17205124614e-11, 9.787896188e-11, 2.05594707925e-10, 1.1444397513e-10, 1.78723685157e-11, 1.12592643542e-11], "mean": [0.00037587134284, 0.000551439647097, 0.000405036320444, 0.000275381025858, 0.000219037669012, 0.000191967425053, 0.000458866241388, 0.000122730605653, 4.38225179096e-05, 4.16521870648e-05, 2.73820915027e-05, 9.53427443164e-05, 0.000286176276859, 1.96387336473e-05, 1.73735370481e-05, 1.29344662128e-05, 1.20670501929e-05, 1.26142740555e-05, 1.01680670923e-05, 8.26639825391e-06, 7.32889066057e-06, 8.94790537131e-06, 5.4301435739e-06, 7.18857045285e-05, 1.05111321318e-05, 3.30291436512e-06, 2.01393368116e-06, 1.43083127568e-06, 1.56277212682e-06, 2.05095420824e-06, 1.40565691709e-06, 9.45835495259e-07, 1.18518858017e-06, 1.31854926622e-06, 1.38051609611e-06, 1.72146508248e-06, 2.27755458582e-06, 2.09077052205e-06, 1.72079717231e-06, 1.22387859847e-06]}, "spectral_entropy": {"min": 3.7468123436, "max": 8.91993713379, "dvar2": 0.297946721315, "median": 7.35503149033, "dmean2": 0.446910589933, "dmean": 0.305593162775, "var": 1.14210999012, "dvar": 0.182373583317, "mean": 7.19453048706}, "spectral_rolloff": {"min": 21.533203125, "max": 13845.8496094, "dvar2": 5453705.5, "median": 753.662109375, "dmean2": 1268.10058594, "dmean": 761.629211426, "var": 13596872, "dvar": 2662537.5, "mean": 2592.42114258}, "barkbands": {"min": [3.58834850722e-09, 4.14381418068e-09, 1.89912044424e-11, 6.88694240525e-12, 6.18834844479e-11, 9.11490674604e-11, 3.16832948766e-11, 4.53297607783e-11, 1.68768419379e-11, 1.51684359517e-11, 2.92113312705e-11, 2.08079456443e-11, 1.84151409399e-11, 1.63393690938e-11, 2.35584069613e-11, 9.71844653364e-12, 1.12537479335e-11, 1.70001322047e-11, 4.33956447166e-11, 3.52534113013e-11, 5.08655999265e-11, 6.61702775906e-11, 1.02577481231e-10, 2.00159375185e-10, 1.5358998795e-10, 2.76195732951e-10, 4.93345631014e-09], "max": [0.00738963671029, 0.0515894405544, 0.0436178967357, 0.0403247028589, 0.062656968832, 0.025207862258, 0.0516911707819, 0.0130786504596, 0.00774797657505, 0.0155389485881, 0.0617662370205, 0.0198579598218, 0.0067423209548, 0.0121325757354, 0.0137961320579, 0.022517926991, 0.0232957713306, 0.0344776958227, 0.0122533682734, 0.00679950043559, 0.00757231842726, 0.00406969804317, 0.00864813290536, 0.0168813429773, 0.00548443663865, 0.00872958917171, 0.00130281457677], "dvar2": [1.02324584361e-07, 2.72531742667e-05, 2.17168089875e-05, 1.72608706634e-05, 2.38215325226e-05, 6.74227385389e-06, 1.4188309251e-05, 1.21223911265e-06, 9.20817853967e-07, 1.19561900647e-06, 1.97307417693e-05, 1.86058707641e-06, 7.62688955547e-07, 1.17272145417e-06, 1.96883661374e-06, 3.92083529732e-06, 6.33428589936e-06, 6.3883594521e-06, 9.84943312687e-07, 2.47210749649e-07, 2.63401403799e-07, 1.05752803847e-07, 3.58227083552e-07, 1.72402280896e-06, 3.44921431861e-07, 2.31297676123e-07, 7.04084479608e-09], "median": [2.08690071304e-05, 9.75396033027e-05, 5.60469197808e-05, 7.05887650838e-05, 0.00026143193827, 0.000147293816553, 9.94401198113e-05, 5.32845733687e-05, 5.73883480683e-05, 2.95365207421e-05, 1.87162313523e-05, 9.99482108455e-06, 7.45971101423e-06, 4.82400218971e-06, 4.28424573329e-06, 3.13438886224e-06, 6.11746418144e-06, 3.83602946386e-06, 4.51690857517e-06, 1.96185396817e-06, 2.19655066758e-06, 1.48799460931e-06, 3.21196512232e-06, 5.14664452567e-06, 3.61817183148e-06, 9.54419761001e-07, 7.43759258626e-08], "dmean2": [0.000115581133286, 0.00154406228103, 0.00154108298011, 0.00109624187462, 0.00160261022393, 0.000900741084479, 0.0011067178566, 0.000384337065043, 0.000355089287041, 0.00026062031975, 0.0007637993549, 0.000286821188638, 0.000202020994038, 0.000219644789468, 0.000269386102445, 0.000295490724966, 0.00036475356319, 0.000414144684328, 0.000145192519994, 7.79981346568e-05, 0.000103844911791, 7.66628654674e-05, 0.000125817663502, 0.000303662673105, 0.00019068022084, 8.98309299373e-05, 1.55978941621e-05], "dmean": [7.82541683293e-05, 0.000951782392804, 0.000891470059287, 0.000638276629616, 0.000994213391095, 0.000541620713193, 0.000685452192556, 0.000230289864703, 0.000215867243242, 0.00015589450777, 0.000475850712974, 0.000166402824107, 0.00011851859017, 0.000135273643536, 0.000152819935465, 0.000159788542078, 0.000196011620574, 0.000252890953561, 8.64700123202e-05, 4.53680913779e-05, 6.16627876298e-05, 4.75827946502e-05, 7.92280989117e-05, 0.000179659778951, 0.000115826893307, 5.40701184946e-05, 9.2337731985e-06], "var": [1.79025946068e-07, 1.88588765013e-05, 1.21191224025e-05, 6.00373505222e-06, 1.49827519635e-05, 4.92240678795e-06, 4.31880580436e-05, 7.45811291836e-07, 5.45295335996e-07, 4.5869552423e-07, 8.58066487126e-05, 7.47153990233e-07, 3.05333145434e-07, 6.69312214541e-07, 5.36608297352e-07, 7.8130909742e-07, 1.21458663216e-06, 2.18654222408e-05, 2.84206038259e-07, 6.89902179829e-08, 9.73430971385e-08, 5.44104885591e-08, 2.07703834576e-07, 4.66386723019e-07, 1.91955734863e-07, 8.69824461347e-08, 4.74374761694e-09], "dvar": [5.51577947761e-08, 1.06769775812e-05, 7.94852621766e-06, 5.9503686316e-06, 9.29247107706e-06, 2.76094965557e-06, 6.32032424619e-06, 5.11541372816e-07, 3.4537166016e-07, 4.61960866005e-07, 1.17920199045e-05, 7.63877778809e-07, 2.95598425737e-07, 4.87900479129e-07, 7.13430608812e-07, 1.34448418976e-06, 2.16696389543e-06, 3.44984368894e-06, 3.71851712089e-07, 8.7614438371e-08, 1.042241351e-07, 4.69297170014e-08, 1.65173645428e-07, 6.28323846286e-07, 1.38309914632e-07, 8.97910723552e-08, 2.74488987095e-09], "mean": [0.000128876097733, 0.00136349163949, 0.0011644057231, 0.00076797301881, 0.00138144998346, 0.000864152505528, 0.00197714124806, 0.000289428251563, 0.000277896266198, 0.000180091054062, 0.00196857377887, 0.000175849287189, 0.000130630942294, 0.000141197480843, 0.000131282125949, 0.000117142670206, 0.00014206468768, 0.000960569246672, 8.40006250655e-05, 5.03597002535e-05, 7.59370450396e-05, 5.58158972126e-05, 8.88864451554e-05, 0.000170948609593, 0.000155649831868, 6.87122665113e-05, 1.73464468389e-05]}, "melbands_flatness_db": {"min": 0.0282202418894, "max": 0.691877245903, "dvar2": 0.00576125923544, "median": 0.253645956516, "dmean2": 0.0636846125126, "dmean": 0.0424340069294, "var": 0.0143624870107, "dvar": 0.00294519518502, "mean": 0.26463919878}, "melbands_skewness": {"min": -6.22705221176, "max": 209.507720947, "dvar2": 112.615020752, "median": 1.71210205555, "dmean2": 2.78154873848, "dmean": 1.77437031269, "var": 201.875854492, "dvar": 66.3154525757, "mean": 3.96979904175}, "barkbands_skewness": {"min": -11.2186670303, "max": 88.0896072388, "dvar2": 25.2614002228, "median": 1.29366540909, "dmean2": 2.14078426361, "dmean": 1.39713728428, "var": 47.9265975952, "dvar": 14.0070238113, "mean": 2.1939573288}, "silence_rate_60dB": {"min": 0, "max": 1, "dvar2": 0.222780361772, "median": 0, "dmean2": 0.238410592079, "dmean": 0.119117647409, "var": 0.241360545158, "dvar": 0.104929946363, "mean": 0.407053649426}, "spectral_energyband_low": {"min": 1.71058260889e-07, "max": 0.0710991248488, "dvar2": 5.89043993386e-05, "median": 0.00036956416443, "dmean2": 0.00282002636231, "dmean": 0.00170064624399, "var": 6.12447111052e-05, "dvar": 2.20365072892e-05, "mean": 0.0030595085118}, "spectral_energyband_middle_low": {"min": 5.2057169686e-10, "max": 0.0888707786798, "dvar2": 6.95211274433e-05, "median": 0.00173004704993, "dmean2": 0.00379050918855, "dmean": 0.00237294961698, "var": 0.00011148818885, "dvar": 2.98242739518e-05, "mean": 0.00561192212626}, "melbands_kurtosis": {"min": -1.96228396893, "max": 49898.8515625, "dvar2": 4149394.5, "median": 8.54783153534, "dmean2": 191.313690186, "dmean": 121.447532654, "var": 6893708.5, "dvar": 2678596.75, "mean": 260.537414551}, "spectral_decrease": {"min": -2.96882785022e-08, "max": 9.11637258738e-12, "dvar2": 1.51466961024e-17, "median": -9.72783187336e-10, "dmean2": 1.83071735549e-09, "dmean": 1.14553044828e-09, "var": 2.17232948241e-17, "dvar": 6.42981634926e-18, "mean": -3.07184366832e-09}, "erbbands_kurtosis": {"min": -1.83200204372, "max": 101.456130981, "dvar2": 128.24382019, "median": 1.49597501755, "dmean2": 5.97963285446, "dmean": 3.6614279747, "var": 147.982696533, "dvar": 51.1100463867, "mean": 5.63757038116}, "melbands_crest": {"min": 3.29747843742, "max": 39.9955062866, "dvar2": 44.2169113159, "median": 13.7816839218, "dmean2": 6.49148750305, "dmean": 3.95962262154, "var": 69.6534194946, "dvar": 19.1237354279, "mean": 15.885641098}, "gfcc": {"cov": [[21284.8847656, 1021.06707764, -1016.48583984, -249.371063232, -1140.46142578, -209.535873413, -362.048400879, -160.538192749, -820.763122559, -345.970214844, -238.406341553, 212.027572632, -433.353942871], [1021.06707764, 6977.87744141, -612.424255371, -1451.13977051, -512.33380127, -482.751159668, 232.194580078, -1117.60583496, 130.74307251, 47.4056854248, -47.542766571, -680.774291992, 80.083114624], [-1016.48583984, -612.424255371, 2587.84106445, 538.24810791, -10.0263166428, -46.4376296997, -641.907287598, 320.699554443, 10.7489051819, -113.523780823, -76.2875595093, -118.319496155, -171.27192688], [-249.371063232, -1451.13977051, 538.24810791, 917.187988281, 178.137054443, 182.693359375, -110.025474548, 245.322937012, 54.5684013367, 46.1183929443, -65.4277114868, 70.4254302979, -42.7391014099], [-1140.46142578, -512.33380127, -10.0263166428, 178.137054443, 569.226074219, 115.247703552, 119.178596497, 204.135131836, 74.899887085, 10.6582021713, 27.0444507599, 107.283660889, 21.121805191], [-209.535873413, -482.751159668, -46.4376296997, 182.693359375, 115.247703552, 518.38067627, 147.844009399, 7.0715675354, 48.7621192932, 104.424537659, -59.0858573914, -26.0377922058, -23.1712112427], [-362.048400879, 232.194580078, -641.907287598, -110.025474548, 119.178596497, 147.844009399, 649.388671875, -189.936828613, 39.25623703, 94.3133239746, 61.531036377, 136.173980713, 62.6531944275], [-160.538192749, -1117.60583496, 320.699554443, 245.322937012, 204.135131836, 7.0715675354, -189.936828613, 554.129882812, -85.4683914185, -137.922409058, 36.0447425842, 167.46055603, -3.58109712601], [-820.763122559, 130.74307251, 10.7489051819, 54.5684013367, 74.899887085, 48.7621192932, 39.25623703, -85.4683914185, 242.753463745, 152.804138184, -3.54024934769, -65.2819824219, 8.78773975372], [-345.970214844, 47.4056854248, -113.523780823, 46.1183929443, 10.6582021713, 104.424537659, 94.3133239746, -137.922409058, 152.804138184, 236.612518311, 0.590650558472, -57.1564407349, 0.940138876438], [-238.406341553, -47.542766571, -76.2875595093, -65.4277114868, 27.0444507599, -59.0858573914, 61.531036377, 36.0447425842, -3.54024934769, 0.590650558472, 164.745697021, 108.344711304, 23.0978107452], [212.027572632, -680.774291992, -118.319496155, 70.4254302979, 107.283660889, -26.0377922058, 136.173980713, 167.46055603, -65.2819824219, -57.1564407349, 108.344711304, 288.978271484, 35.8113708496], [-433.353942871, 80.083114624, -171.27192688, -42.7391014099, 21.121805191, -23.1712112427, 62.6531944275, -3.58109712601, 8.78773975372, 0.940138876438, 23.0978107452, 35.8113708496, 90.3570861816]], "icov": [[8.76149788382e-05, -6.4826614107e-05, 8.82973617991e-05, -6.59844372422e-05, 0.000139841271448, -3.35774893756e-05, 0.000136340240715, -1.16587671073e-05, 0.000213656225242, -9.45792417042e-05, 0.00023147079628, -0.000403641053708, 0.000558525731321], [-6.4826614107e-05, 0.000435425754404, -0.000127683088067, 0.000414423819166, -0.000147340571857, 0.00027864438016, -0.000350386020727, 0.000399480661144, -0.000260870408965, 0.000390469067497, -0.000378583063139, 0.00118410750292, -0.00072935334174], [8.82973617991e-05, -0.000127683088067, 0.000730840838514, -0.000419806921855, 0.000173908745637, -6.00745770498e-05, 0.00059462536592, -0.000162322015967, -5.01427566633e-05, 0.000205047472264, 9.07670691959e-05, -0.000396626885049, 0.00138531450648], [-6.59844372422e-05, 0.000414423819166, -0.000419806921855, 0.00212315306999, -0.000325502303895, -0.000131178210722, -0.000144556644955, -7.41644325899e-05, -0.000479756563436, -0.000353402690962, 0.0006952258409, 0.000182936593774, -0.000535394065082], [0.000139841271448, -0.000147340571857, 0.000173908745637, -0.000325502303895, 0.00288707506843, -0.000356632983312, -0.000505503790919, -0.00129396864213, -0.00101722497493, 0.000306651374558, 0.000389317137888, -0.000833869213238, 0.000836552586406], [-3.35774893756e-05, 0.00027864438016, -6.00745770498e-05, -0.000131178210722, -0.000356632983312, 0.0029592202045, -0.00117224641144, -0.000337278470397, 0.000395822222345, -0.00103279296309, 0.000592704338487, 0.00146113638766, 0.000299418083159], [0.000136340240715, -0.000350386020727, 0.00059462536592, -0.000144556644955, -0.000505503790919, -0.00117224641144, 0.00380993797444, 0.00149364955723, 0.000405072991271, -0.000634025724139, 0.000468087062472, -0.00349589623511, 0.00049121043412], [-1.16587671073e-05, 0.000399480661144, -0.000162322015967, -7.41644325899e-05, -0.00129396864213, -0.000337278470397, 0.00149364955723, 0.00461926264688, 0.000216689135414, 0.0016752606025, -0.000471707608085, -0.00137793063186, -0.000761171395425], [0.000213656225242, -0.000260870408965, -5.01427566633e-05, -0.000479756563436, -0.00101722497493, 0.000395822222345, 0.000405072991271, 0.000216689135414, 0.00876492913812, -0.00532056158409, 0.000139063617098, 0.000290930562187, 5.30042452738e-05], [-9.45792417042e-05, 0.000390469067497, 0.000205047472264, -0.000353402690962, 0.000306651374558, -0.00103279296309, -0.000634025724139, 0.0016752606025, -0.00532056158409, 0.00970681384206, -0.00187703582924, 0.00172646518331, -0.000196645356482], [0.00023147079628, -0.000378583063139, 9.07670691959e-05, 0.0006952258409, 0.000389317137888, 0.000592704338487, 0.000468087062472, -0.000471707608085, 0.000139063617098, -0.00187703582924, 0.0101669291034, -0.00554104335606, 0.00126743211877], [-0.000403641053708, 0.00118410750292, -0.000396626885049, 0.000182936593774, -0.000833869213238, 0.00146113638766, -0.00349589623511, -0.00137793063186, 0.000290930562187, 0.00172646518331, -0.00554104335606, 0.0122299687937, -0.00418850407004], [0.000558525731321, -0.00072935334174, 0.00138531450648, -0.000535394065082, 0.000836552586406, 0.000299418083159, 0.00049121043412, -0.000761171395425, 5.30042452738e-05, -0.000196645356482, 0.00126743211877, -0.00418850407004, 0.0176083408296]], "mean": [-152.261657715, 66.6625366211, -83.861289978, 18.1713275909, -58.2358398438, 6.96404647827, -38.7375106812, 16.5167980194, -22.6717453003, -2.48079252243, -7.37860250473, 0.147218212485, -7.54349994659]}, "melbands_spread": {"min": 0.0174673441797, "max": 331.913482666, "dvar2": 2650.15332031, "median": 13.66106987, "dmean2": 25.9315700531, "dmean": 15.9378271103, "var": 2315.03588867, "dvar": 1047.89599609, "mean": 32.5818252563}, "spectral_energy": {"min": 8.66092477736e-07, "max": 0.150230214, "dvar2": 0.000304491637507, "median": 0.00417878804728, "dmean2": 0.00787085946649, "dmean": 0.00490806205198, "var": 0.000381246471079, "dvar": 0.000127313905978, "mean": 0.0129298893735}, "mfcc": {"cov": [[15220.7304688, 2073.33666992, -421.168151855, -251.917694092, -737.803039551, 60.4498405457, -92.4292144775, -146.643859863, -380.679412842, -217.602279663, -190.139968872, -173.916732788, -63.9167671204], [2073.33666992, 6135.27734375, -488.665496826, -556.955444336, -942.26361084, 35.8244400024, -326.082397461, -695.499511719, -200.265670776, -66.2305297852, -196.184417725, -246.720336914, -97.7897720337], [-421.168151855, -488.665496826, 1961.45825195, 334.520324707, 518.29095459, -356.589660645, -85.2304611206, 24.2019309998, -141.928787231, 17.6652755737, -113.077110291, 41.9075012207, -80.45677948], [-251.917694092, -556.955444336, 334.520324707, 566.690429688, 241.997314453, -52.2404174805, -0.416699051857, 93.9031906128, 23.5006923676, 13.6385183334, 16.9710903168, 46.4166488647, 45.1347846985], [-737.803039551, -942.26361084, 518.29095459, 241.997314453, 784.916564941, -249.577682495, 46.3692512512, 186.722824097, 41.7612419128, 100.141716003, 3.37433075905, 67.9772262573, -8.80815792084], [60.4498405457, 35.8244400024, -356.589660645, -52.2404174805, -249.577682495, 704.737426758, 86.8584594727, -90.0809326172, 128.089889526, 165.377685547, 88.918838501, -22.2431259155, 57.3908538818], [-92.4292144775, -326.082397461, -85.2304611206, -0.416699051857, 46.3692512512, 86.8584594727, 254.779830933, 190.276077271, 47.5348434448, -32.9229507446, 67.5819473267, -2.25570130348, -6.97610092163], [-146.643859863, -695.499511719, 24.2019309998, 93.9031906128, 186.722824097, -90.0809326172, 190.276077271, 376.09552002, 59.4566307068, -117.869567871, 85.5605239868, 12.1154975891, 14.9931383133], [-380.679412842, -200.265670776, -141.928787231, 23.5006923676, 41.7612419128, 128.089889526, 47.5348434448, 59.4566307068, 180.631286621, 66.7911224365, 36.1558074951, 2.13820791245, 4.7137503624], [-217.602279663, -66.2305297852, 17.6652755737, 13.6385183334, 100.141716003, 165.377685547, -32.9229507446, -117.869567871, 66.7911224365, 294.06036377, 1.60718512535, 29.6630020142, 34.5906982422], [-190.139968872, -196.184417725, -113.077110291, 16.9710903168, 3.37433075905, 88.918838501, 67.5819473267, 85.5605239868, 36.1558074951, 1.60718512535, 125.704101562, 33.492565155, 50.9790039062], [-173.916732788, -246.720336914, 41.9075012207, 46.4166488647, 67.9772262573, -22.2431259155, -2.25570130348, 12.1154975891, 2.13820791245, 29.6630020142, 33.492565155, 120.078437805, 57.5638427734], [-63.9167671204, -97.7897720337, -80.45677948, 45.1347846985, -8.80815792084, 57.3908538818, -6.97610092163, 14.9931383133, 4.7137503624, 34.5906982422, 50.9790039062, 57.5638427734, 133.642745972]], "icov": [[7.6567652286e-05, -2.05423530133e-05, 1.98150210053e-05, -1.32100249175e-05, 4.65305311081e-05, -5.14768544235e-05, 4.23864184995e-05, -0.000139436655445, 0.000200607057195, -3.62142345693e-05, 0.000141836455441, -2.9196144169e-06, 3.04579934891e-05], [-2.05423530133e-05, 0.000266667251708, -4.91432865601e-06, 9.54843708314e-05, 0.000161999982083, 0.000156237845658, -8.315940795e-05, 0.000509333389346, -7.1716196544e-05, 8.15334642539e-05, -8.93146498129e-05, 0.000441613927251, -0.000142522781971], [1.98150210053e-05, -4.91432865601e-06, 0.00078649475472, -0.000338081765221, -0.00038055391633, -2.22273138206e-05, 0.000198681125767, -0.000154415844008, 0.000750708160922, -0.000127909501316, 0.000427582795965, -0.000265854061581, 0.000563745910767], [-1.32100249175e-05, 9.54843708314e-05, -0.000338081765221, 0.00234948843718, -0.000460907293018, -0.00017552729696, 0.000380055920687, -0.00020626373589, -0.000412779598264, 0.000343820865965, 8.02632421255e-05, -1.37636652653e-06, -0.000949947454501], [4.65305311081e-05, 0.000161999982083, -0.00038055391633, -0.000460907293018, 0.00284242490306, 0.00102331512608, -1.57887734531e-05, -0.00130158709362, -0.000226480784477, -0.00193111354019, 8.91671443242e-05, -0.000414949434344, 0.000612975505646], [-5.14768544235e-05, 0.000156237845658, -2.22273138206e-05, -0.00017552729696, 0.00102331512608, 0.00313522922806, -0.0017520240508, 0.00171196821611, -0.00166050018743, -0.00125727709383, -0.00178979011253, 0.00142390385736, -0.000973447051365], [4.23864184995e-05, -8.315940795e-05, 0.000198681125767, 0.000380055920687, -1.57887734531e-05, -0.0017520240508, 0.00830597709864, -0.0051387231797, 0.00119386485312, -0.000634182768408, -0.000795121712144, -0.000799346191343, 0.0024817341473], [-0.000139436655445, 0.000509333389346, -0.000154415844008, -0.00020626373589, -0.00130158709362, 0.00171196821611, -0.0051387231797, 0.00967485271394, -0.00322342384607, 0.00362761132419, -0.00324561679736, 0.00218652212061, -0.00242087920196], [0.000200607057195, -7.1716196544e-05, 0.000750708160922, -0.000412779598264, -0.000226480784477, -0.00166050018743, 0.00119386485312, -0.00322342384607, 0.00926174689084, -0.00234933849424, 0.000282462890027, -0.000478623609524, 0.00213673524559], [-3.62142345693e-05, 8.15334642539e-05, -0.000127909501316, 0.000343820865965, -0.00193111354019, -0.00125727709383, -0.000634182768408, 0.00362761132419, -0.00234933849424, 0.00690861418843, 0.000125241916976, -0.00033358411747, -0.00178759929258], [0.000141836455441, -8.93146498129e-05, 0.000427582795965, 8.02632421255e-05, 8.91671443242e-05, -0.00178979011253, -0.000795121712144, -0.00324561679736, 0.000282462890027, 0.000125241916976, 0.0141469305381, -0.00282277003862, -0.00289309769869], [-2.9196144169e-06, 0.000441613927251, -0.000265854061581, -1.37636652653e-06, -0.000414949434344, 0.00142390385736, -0.000799346191343, 0.00218652212061, -0.000478623609524, -0.00033358411747, -0.00282277003862, 0.0129374759272, -0.00515625346452], [3.04579934891e-05, -0.000142522781971, 0.000563745910767, -0.000949947454501, 0.000612975505646, -0.000973447051365, 0.0024817341473, -0.00242087920196, 0.00213673524559, -0.00178759929258, -0.00289309769869, -0.00515625346452, 0.012624562718]], "mean": [-804.805358887, 108.445487976, 25.6214923859, 12.8166074753, 6.89518117905, -10.1081199646, 2.13738656044, 4.74637556076, -2.60152435303, -0.895571947098, -1.08285975456, 3.28430199623, -2.65879535675]}, "spectral_contrast_valleys": {"min": [-15.4047927856, -14.6460409164, -15.0286159515, -15.3600502014, -14.7181634903, -15.8383989334], "max": [-5.59119701385, -4.4690618515, -4.85334014893, -4.98942708969, -4.63449859619, -7.40624570847], "dvar2": [0.582084715366, 0.97623616457, 0.996850252151, 1.06112575531, 0.885362386703, 0.732471108437], "median": [-8.40713882446, -7.48745155334, -8.30878829956, -9.09431266785, -9.17388725281, -11.344244957], "dmean2": [0.86103528738, 0.902718305588, 0.775971055031, 0.734094500542, 0.649952828884, 0.663102984428], "dmean": [0.534291863441, 0.572422623634, 0.519006192684, 0.500466763973, 0.453259855509, 0.477176219225], "var": [2.98567152023, 3.21423268318, 2.9570980072, 2.44454693794, 1.94165539742, 2.60628056526], "dvar": [0.251997679472, 0.448749631643, 0.483850330114, 0.528997480869, 0.474114984274, 0.455483019352], "mean": [-8.83620929718, -8.04806137085, -8.77416038513, -9.37992191315, -9.30915260315, -11.2713050842]}, "barkbands_flatness_db": {"min": 0.0265584606677, "max": 0.697145044804, "dvar2": 0.00441579893231, "median": 0.191490098834, "dmean2": 0.0555287897587, "dmean": 0.0372299514711, "var": 0.0116401538253, "dvar": 0.00224669720046, "mean": 0.206436753273}, "dynamic_complexity": 7.17221784592, "erbbands_flatness_db": {"min": 0.025299532339, "max": 0.452195435762, "dvar2": 0.00257265637629, "median": 0.192344471812, "dmean2": 0.0449090003967, "dmean": 0.0305792856961, "var": 0.00874714273959, "dvar": 0.00134556146804, "mean": 0.