{"lowlevel": {"spectral_complexity": {"min": 0, "max": 61, "dvar2": 55.6926574707, "median": 7, "dmean2": 5.68832731247, "dmean": 4.29341745377, "var": 180.084289551, "dvar": 36.7389373779, "mean": 12.599149704}, "silence_rate_20dB": {"min": 1, "max": 1, "dvar2": 0, "median": 1, "dmean2": 0, "dmean": 0, "var": 0, "dvar": 0, "mean": 1}, "average_loudness": 0.90984338522, "erbbands_spread": {"min": 0.156891226768, "max": 204.700836182, "dvar2": 562.685241699, "median": 26.2838687897, "dmean2": 16.8191242218, "dmean": 10.8909053802, "var": 678.949035645, "dvar": 231.153396606, "mean": 32.5150032043}, "spectral_kurtosis": {"min": -1.24053692818, "max": 115.030906677, "dvar2": 88.759727478, "median": 4.25809049606, "dmean2": 5.08756780624, "dmean": 3.2640645504, "var": 239.796447754, "dvar": 41.984916687, "mean": 9.10678577423}, "barkbands_kurtosis": {"min": -1.98261868954, "max": 6698.66015625, "dvar2": 20577.1855469, "median": 1.75136995316, "dmean2": 24.8280982971, "dmean": 16.0200901031, "var": 59193.234375, "dvar": 9667.55078125, "mean": 31.0702495575}, "spectral_strongpeak": {"min": 0, "max": 23.8832550049, "dvar2": 5.29404020309, "median": 0.429543375969, "dmean2": 1.16767132282, "dmean": 0.679520010948, "var": 8.38039112091, "dvar": 2.26727890968, "mean": 1.86203336716}, "spectral_spread": {"min": 770708.375, "max": 41432120, "dvar2": 2556493037570.0, "median": 4326654.5, "dmean2": 1130796.25, "dmean": 807982.1875, "var": 6176071221250.0, "dvar": 1240431329280.0, "mean": 4852067.5}, "spectral_rms": {"min": 3.28317321246e-12, "max": 0.0133958980441, "dvar2": 4.15918111685e-06, "median": 0.00362594029866, "dmean2": 0.00146434828639, "dmean": 0.0010039791232, "var": 7.83755695011e-06, "dvar": 1.88726687611e-06, "mean": 0.00400335993618}, "erbbands": {"min": [4.21109173067e-22, 1.02385754542e-21, 1.21120058518e-20, 1.0988440125e-20, 1.74892574058e-20, 2.77213846478e-20, 3.15879182828e-19, 1.87172813421e-19, 2.52656605388e-19, 2.79734233493e-19, 9.69124909065e-19, 1.2359807159e-18, 2.98315263971e-18, 2.24496880285e-18, 3.75436228291e-18, 2.68992000769e-18, 1.88549513379e-18, 4.14757292685e-18, 3.84497867825e-18, 6.94768435228e-18, 6.66401434173e-18, 9.15014868615e-18, 1.17859059413e-17, 1.35407820186e-17, 1.02520591412e-17, 1.54523624998e-17, 1.94550861752e-17, 1.82318779551e-17, 1.46325967342e-17, 1.5840507076e-17, 1.71040767469e-17, 1.67420131753e-17, 1.28720238641e-17, 9.61989297549e-18, 7.08770865919e-18, 5.89573188392e-18, 3.44052561581e-18, 1.32632321106e-18, 3.51135093951e-19, 4.1171767923e-20], "max": [6.77527999878, 31.2459564209, 62.8884239197, 59.2389144897, 109.183120728, 91.8193893433, 197.112167358, 347.097839355, 1710.67980957, 1049.3984375, 1485.89831543, 796.625488281, 1658.55444336, 1245.08886719, 1922.31323242, 3979.88452148, 2963.5637207, 3335.66430664, 1404.75830078, 2280.33056641, 1418.92895508, 884.352172852, 553.963562012, 1713.61572266, 1496.59765625, 986.311401367, 727.541442871, 830.855224609, 643.180114746, 707.620544434, 648.050964355, 360.566162109, 175.139419556, 79.3395614624, 19.5597419739, 15.6609392166, 3.56731271744, 1.3324534893, 0.160986810923, 0.0100034652278], "dvar2": [0.963211894035, 53.6467018127, 142.800094604, 73.0334625244, 80.128944397, 67.2573394775, 92.3699951172, 541.66809082, 1917.61779785, 3578.93505859, 9424.48339844, 3768.43334961, 6185.60205078, 5402.89697266, 6679.68066406, 19584.2695312, 10415.5576172, 11223.4482422, 4646.46826172, 7057.12353516, 3876.06689453, 2196.81298828, 1055.91101074, 1467.14575195, 1150.86853027, 867.798461914, 495.927093506, 838.544189453, 676.202941895, 862.652038574, 647.968933105, 265.867919922, 65.8230514526, 17.9828300476, 3.15346622467, 0.649281799793, 0.0414819642901, 0.00383680267259, 0.000216286614886, 1.00708632544e-06], "median": [0.0125989355147, 0.113683320582, 0.324842721224, 0.322040051222, 0.620505154133, 0.989005982876, 0.910811662674, 1.45966136456, 1.47696220875, 1.16727817059, 1.04848504066, 0.879448950291, 1.05522596836, 1.27346658707, 1.26132965088, 1.71220779419, 2.17119240761, 2.45359158516, 3.75558114052, 3.17385363579, 2.99172949791, 2.06483197212, 2.32789540291, 2.96122980118, 2.50402736664, 1.58473622799, 1.0997685194, 0.914908409119, 0.978904426098, 0.714955687523, 0.361860007048, 0.214564502239, 0.118282057345, 0.0567882992327, 0.0220155082643, 0.00700932880864, 0.00236721336842, 0.000915627286304, 0.000130879241624, 4.08269479522e-05], "dmean2": [0.436502695084, 3.05686211586, 4.15503883362, 2.9725420475, 3.69771051407, 3.91266274452, 4.00811862946, 7.60797929764, 12.4771003723, 15.4781694412, 22.1187992096, 18.9772605896, 21.2679100037, 21.4632072449, 24.2200965881, 36.9860687256, 30.866268158, 33.1196365356, 24.695016861, 29.2469577789, 19.3747844696, 14.3599357605, 12.0607881546, 13.3591890335, 11.7041864395, 9.62131500244, 7.51720237732, 8.56259250641, 8.10784339905, 7.71943902969, 5.91408777237, 4.29218196869, 2.74101448059, 1.71909534931, 0.855674028397, 0.39069378376, 0.0926291942596, 0.0217491984367, 0.00372020946816, 0.000268397910986], "dmean": [0.291340410709, 1.68186795712, 2.29860520363, 1.62706840038, 2.18338346481, 2.4027941227, 2.4798014164, 4.8050942421, 8.10867786407, 9.80630016327, 13.8647327423, 12.0005512238, 13.5520534515, 13.6868886948, 15.7974023819, 25.4753303528, 21.044260025, 22.6278152466, 17.6954174042, 20.367389679, 13.2351808548, 9.21882152557, 8.18566799164, 9.17184352875, 8.00367164612, 6.50659751892, 5.15425872803, 6.06373262405, 5.4005355835, 5.22689771652, 3.95622754097, 2.82515478134, 1.92426466942, 1.19417381287, 0.572882354259, 0.263103812933, 0.0611919276416, 0.0138998748735, 0.00224725762382, 0.000165594887221], "var": [0.762729406357, 18.975610733, 34.9008674622, 17.4531974792, 35.9852142334, 42.8219909668, 59.864818573, 389.851104736, 1534.68322754, 1827.94372559, 4682.45703125, 2223.40771484, 5001.32958984, 3179.06567383, 7318.77050781, 26978.6425781, 9209.09570312, 13395.8105469, 7441.73339844, 22004.1601562, 3534.28735352, 1315.2175293, 2542.02709961, 3943.18359375, 1867.33886719, 1108.66296387, 432.101745605, 3332.20043945, 468.099304199, 542.723327637, 308.077209473, 137.073745728, 56.3234672546, 18.8312110901, 5.07441568375, 1.31900513172, 0.0558548159897, 0.00271755130962, 7.30226165615e-05, 3.51081752115e-07], "dvar": [0.409942150116, 17.3716373444, 48.7147369385, 24.6464118958, 28.8239841461, 26.756942749, 39.0065422058, 221.936584473, 967.950073242, 1488.48413086, 3719.43823242, 1583.93603516, 2476.62695312, 2198.67895508, 2816.4753418, 9775.54101562, 5023.46191406, 5362.07958984, 2190.24731445, 3110.77416992, 1664.1730957, 869.547424316, 456.296356201, 708.649780273, 529.303344727, 419.769256592, 234.327301025, 436.900604248, 284.395507812, 366.03692627, 256.102203369, 105.860588074, 29.3458995819, 8.65128326416, 1.58417487144, 0.326862126589, 0.02040515095, 0.0016054790467, 8.03070288384e-05, 3.74942516146e-07], "mean": [0.379613041878, 1.85378479958, 2.2316133976, 1.63541996479, 2.79325866699, 3.37289357185, 3.35937356949, 6.68768310547, 10.3340511322, 11.5592460632, 16.7846889496, 14.8332176208, 18.0255775452, 17.4473342896, 23.4634094238, 43.3827629089, 30.1804599762, 36.3261833191, 37.252910614, 63.5621681213, 24.9919815063, 13.7358140945, 21.7769203186, 28.1252746582, 18.0544834137, 12.5133504868, 8.85791778564, 14.058175087, 9.48328590393, 9.10779190063, 6.58032751083, 4.62931060791, 3.1993021965, 1.89910936356, 1.03776872158, 0.493395298719, 0.104197055101, 0.0202680192888, 0.00252950051799, 0.000209471021662]}, "zerocrossingrate": {"min": 0, "max": 0.55224609375, "dvar2": 0.000567777140532, "median": 0.076171875, "dmean2": 0.0187925118953, "dmean": 0.0176725909114, "var": 0.00577287934721, "dvar": 0.000541781075299, "mean": 0.0933983325958}, "spectral_contrast_coeffs": {"min": [-0.992001593113, -0.966511368752, -0.971371293068, -0.97216540575, -0.964115440845, -0.962879776955], "max": [-0.215706244111, -0.240667179227, -0.376257658005, -0.396028846502, -0.402947485447, -0.451275587082], "dvar2": [0.00514747481793, 0.00534459436312, 0.00336501561105, 0.00272385403514, 0.00169516110327, 0.00105520011857], "median": [-0.718951225281, -0.78522837162, -0.828110456467, -0.811925411224, -0.810321867466, -0.775501310825], "dmean2": [0.0863676145673, 0.0853827297688, 0.0651586428285, 0.054317176342, 0.0399902574718, 0.0334613323212], "dmean": [0.0532253235579, 0.0537230931222, 0.0413561575115, 0.0354775972664, 0.0263965893537, 0.0228795390576], "var": [0.00943474750966, 0.01087197382, 0.00779688637704, 0.0118587585166, 0.00654325075448, 0.00365712749772], "dvar": [0.00214476441033, 0.00240544439293, 0.00153413973749, 0.00132762885187, 0.000840081833303, 0.000510234443936], "mean": [-0.716051399708, -0.76317191124, -0.807564079762, -0.781143426895, -0.79864525795, -0.777765333652]}, "dissonance": {"min": 0.0135220400989, "max": 0.500000178814, "dvar2": 0.00271540204994, "median": 0.4850012362, "dmean2": 0.0324552245438, "dmean": 0.0196800287813, "var": 0.00214060232975, "dvar": 0.00103673886042, "mean": 0.468314558268}, "spectral_energyband_high": {"min": 8.05217270923e-21, "max": 0.0580733455718, "dvar2": 7.43635837352e-06, "median": 0.000163169577718, "dmean2": 0.000957673415542, "dmean": 0.00067958998261, "var": 7.43260443414e-06, "dvar": 3.36763810083e-06, "mean": 0.00138381705619}, "spectral_skewness": {"min": -1.41944038868, "max": 8.94461154938, "dvar2": 0.587879419327, "median": 1.52378559113, "dmean2": 0.552963078022, "dmean": 0.365818828344, "var": 1.69886791706, "dvar": 0.280651628971, "mean": 1.8346581459}, "spectral_flux": {"min": 7.07515990239e-11, "max": 0.36577129364, "dvar2": 0.00362814636901, "median": 0.071838952601, "dmean2": 0.0450207404792, "dmean": 0.0293188486248, "var": 0.00464491872117, "dvar": 0.00169417914003, "mean": 0.0812115296721}, "silence_rate_30dB": {"min": 0, "max": 1, "dvar2": 0.0674897059798, "median": 1, "dmean2": 0.060731202364, "dmean": 0.0303619131446, "var": 0.0280660707504, "dvar": 0.0294383093715, "mean": 0.971098959446}, "spectral_energyband_middle_high": {"min": 1.4582792322e-21, "max": 0.108969457448, "dvar2": 3.4601551306e-05, "median": 0.0022461055778, "dmean2": 0.00281053804792, "dmean": 0.00219687842764, "var": 0.000104300037492, "dvar": 2.1716208721e-05, "mean": 0.00629649683833}, "barkbands_spread": {"min": 0.0736219510436, "max": 142.968307495, "dvar2": 409.810943604, "median": 20.101568222, "dmean2": 15.17415905, "dmean": 9.7165517807, "var": 669.23260498, "dvar": 177.775299072, "mean": 27.7305297852}, "spectral_centroid": {"min": 93.6413497925, "max": 11168.328125, "dvar2": 434032.96875, "median": 1960.41125488, "dmean2": 479.387054443, "dmean": 325.638366699, "var": 1224060.25, "dvar": 231779.828125, "mean": 1959.1887207}, "pitch_salience": {"min": 0.00749620143324, "max": 0.936048567295, "dvar2": 0.0237470660359, "median": 0.469310134649, "dmean2": 0.14884211123, "dmean": 0.0949513837695, "var": 0.0424502454698, "dvar": 0.010627723299, "mean": 0.457763046026}, "erbbands_skewness": {"min": -22.8163394928, "max": 16.5393352509, "dvar2": 2.29682779312, "median": -0.104517258704, "dmean2": 1.00345933437, "dmean": 0.713371574879, "var": 6.87161016464, "dvar": 1.16342186928, "mean": -0.65096360445}, "erbbands_crest": {"min": 2.14815926552, "max": 35.2513046265, "dvar2": 23.3881797791, "median": 10.0611009598, "dmean2": 4.49033641815, "dmean": 2.94526481628, "var": 76.5093536377, "dvar": 11.0501708984, "mean": 13.0850448608}, "melbands": {"min": [2.747311246e-24, 4.96571373758e-24, 2.18133825638e-24, 1.23530667655e-24, 8.25878834287e-24, 4.94003197638e-24, 3.82084700558e-24, 3.32140457255e-24, 8.39819110888e-24, 9.07893310501e-24, 1.52283681296e-23, 9.11833907381e-24, 1.25192714752e-23, 8.49407162988e-24, 4.5128961395e-24, 3.96090137069e-24, 8.27655743476e-24, 5.94917400634e-24, 8.76779768652e-24, 8.71784938059e-24, 6.48334091312e-24, 1.04847905232e-23, 7.95319703883e-24, 9.54302786416e-24, 1.10298752649e-23, 6.73354865959e-24, 9.70194783782e-24, 9.93927111913e-24, 1.08545564507e-23, 8.16655393697e-24, 1.02256394606e-23, 8.85499127124e-24, 6.95016749758e-24, 8.80023564695e-24, 9.29008987009e-24, 1.07350101026e-23, 1.01255448447e-23, 1.04104301277e-23, 6.0201415111e-24, 8.51053279039e-24], "max": [0.0498273298144, 0.0336747616529, 0.0107403602451, 0.00703465426341, 0.00613233912736, 0.00749288219959, 0.0255550146103, 0.012322967872, 0.0115804569796, 0.00540218967944, 0.00811541266739, 0.00467727566138, 0.00491493428126, 0.0100073236972, 0.0141712706536, 0.00463598035276, 0.00595944048837, 0.0029955287464, 0.00260728807189, 0.00258243293501, 0.00196226895787, 0.00110662099905, 0.000663978804369, 0.000924549181946, 0.0015462100273, 0.00177786685526, 0.000544183014426, 0.000932114780881, 0.000569264695514, 0.000401489116484, 0.000447231956059, 0.000384811923141, 0.000300866522593, 0.000486996170366, 0.000390921253711, 0.000338212121278, 0.000204805575777, 0.000152153268573, 8.48688287078e-05, 6.31048314972e-05], "dvar2": [6.49518624414e-05, 5.20374487678e-05, 1.9793149022e-06, 3.61935462934e-07, 9.33206294462e-08, 2.47792655728e-07, 4.03472540711e-07, 4.25155974426e-07, 6.18343278802e-07, 1.53707389927e-07, 1.58925715255e-07, 9.26923391376e-08, 8.61831992438e-08, 1.12565430754e-07, 1.17037231462e-07, 4.18139762814e-08, 4.67750744804e-08, 1.75374701428e-08, 1.48761776231e-08, 1.0724899191e-08, 5.96713300993e-09, 3.15861936606e-09, 1.63423574673e-09, 1.17515275289e-09, 1.25238697191e-09, 1.086877921e-09, 6.03831096235e-10, 5.58014023877e-10, 3.12551151627e-10, 1.7629325777e-10, 2.57702664763e-10, 2.52046827853e-10, 1.69690872465e-10, 4.09372369337e-10, 2.48566778271e-10, 1.76071990321e-10, 8.42367078868e-11, 3.94425186956e-11, 2.01195171634e-11, 1.25848637067e-11], "median": [0.000138055926072, 0.000204269541427, 7.00749878888e-05, 6.15870740148e-05, 3.52059869329e-05, 3.25274668285e-05, 2.22588205361e-05, 1.01424311651e-05, 7.39770712244e-06, 5.09017581862e-06, 4.78151014249e-06, 4.61902209281e-06, 3.72206227439e-06, 3.90145123674e-06, 4.97788278153e-06, 3.39762391377e-06, 4.06190520152e-06, 3.242447292e-06, 3.86029159927e-06, 2.91371884487e-06, 1.88493197584e-06, 1.31118315494e-06, 1.15949353585e-06, 1.58619695867e-06, 2.04281195693e-06, 1.23678171349e-06, 9.86126110547e-07, 7.61271621741e-07, 5.34795958629e-07, 5.39621169082e-07, 4.51606553042e-07, 4.44377775466e-07, 3.87204437402e-07, 2.85118858301e-07, 1.93599916543e-07, 1.41623843319e-07, 1.05787464122e-07, 7.75266357778e-08, 5.61688082712e-08, 3.5649865282e-08], "dmean2": [0.00362956803292, 0.00280408072285, 0.000508439145051, 0.000282410968794, 0.000137148032081, 0.000166957339388, 0.000188891368452, 0.000169489489053, 0.000187843092135, 0.000121374512673, 0.000108544518298, 8.85970293893e-05, 8.43621746753e-05, 9.64355276665e-05, 9.47334920056e-05, 6.66150881443e-05, 6.69500004733e-05, 4.63085671072e-05, 4.25938378612e-05, 3.45536864188e-05, 2.371863593e-05, 1.68859969563e-05, 1.2289933693e-05, 1.31891192723e-05, 1.17547560876e-05, 1.03816973933e-05, 8.51246295497e-06, 6.49102139505e-06, 5.14108296557e-06, 4.77959338241e-06, 4.93746074426e-06, 5.020374374e-06, 4.23737856181e-06, 5.11998814545e-06, 3.74802789338e-06, 3.04668878925e-06, 2.64899608737e-06, 2.04590628528e-06, 1.73101591372e-06, 1.46706327087e-06], "dmean": [0.00221584481187, 0.00153651740402, 0.000283701869193, 0.000171095889527, 8.50062424433e-05, 0.000105995408376, 0.000122580851894, 0.00010716257384, 0.000116575763968, 7.63022035244e-05, 6.87303981977e-05, 5.6092379964e-05, 5.35577273695e-05, 6.58175413264e-05, 6.47337074042e-05, 4.38122769992e-05, 4.4987853471e-05, 3.16598416248e-05, 2.94170513371e-05, 2.34149865719e-05, 1.56795940711e-05, 1.05874460132e-05, 7.75350963522e-06, 9.01575367607e-06, 7.87903627497e-06, 7.142652521e-06, 5.5382993196e-06, 4.33743934991e-06, 3.42343014381e-06, 3.30738362209e-06, 3.4473064261e-06, 3.23053859574e-06, 2.91575588562e-06, 3.36473067364e-06, 2.47873322223e-06, 1.98178076971e-06, 1.73586067831e-06, 1.41763496231e-06, 1.18154412121e-06, 1.00226498034e-06], "var": [4.57473215647e-05, 1.49266743392e-05, 5.29378553438e-07, 2.2514151965e-07, 6.30377314792e-08, 1.84758263799e-07, 3.3431774682e-07, 2.18832838073e-07, 3.2422701679e-07, 9.15596771733e-08, 1.31806274339e-07, 5.49280692042e-08, 6.8528919428e-08, 2.21393520405e-07, 1.48250194343e-07, 4.24053219206e-08, 4.9183164208e-08, 2.94164710368e-08, 2.23424709844e-08, 2.73981228816e-08, 5.09333286658e-09, 1.9062684764e-09, 7.34358684973e-10, 8.51336512397e-09, 2.80255796348e-09, 3.55085671977e-09, 4.29610791386e-10, 5.55684998016e-10, 2.00641531167e-10, 4.59061288982e-10, 9.61576929193e-10, 1.54753584947e-10, 1.44350920106e-10, 2.20462537115e-10, 1.15692171121e-10, 7.21492518507e-11, 4.65115827797e-11, 3.16825836399e-11, 1.62808343196e-11, 1.32412449061e-11], "dvar": [2.56839266513e-05, 1.70340281329e-05, 6.80714151713e-07, 1.39574638069e-07, 3.92395662629e-08, 1.03106984284e-07, 2.07942136399e-07, 1.77963443093e-07, 2.49936022101e-07, 6.3756338875e-08, 6.35746033595e-08, 3.78805502521e-08, 3.4994691589e-08, 6.24012486128e-08, 6.82222562887e-08, 1.91941804673e-08, 2.15325073327e-08, 7.93058685389e-09, 6.91895873928e-09, 4.66894878315e-09, 2.56806176324e-09, 1.24800780821e-09, 6.21389384392e-10, 6.06706851425e-10, 5.91043269882e-10, 5.80805237238e-10, 2.40410163999e-10, 2.6079235993e-10, 1.37980432635e-10, 9.08218777962e-11, 1.32886063264e-10, 1.02156449966e-10, 7.89617329855e-11, 1.65040259237e-10, 9.84083300959e-11, 6.69465871628e-11, 3.41397014825e-11, 1.72587829445e-11, 8.93059584617e-12, 6.06996484326e-12], "mean": [0.00304656219669, 0.00162648316473, 0.000315758428769, 0.000242802780122, 0.00011915901996, 0.00014985598682, 0.000155895919306, 0.000125693564769, 0.000139742944157, 9.30486348807e-05, 9.0262881713e-05, 6.94440677762e-05, 6.96827410138e-05, 0.000111610504973, 9.33399132919e-05, 6.09563794569e-05, 6.87700812705e-05, 6.43431485514e-05, 6.51239824947e-05, 7.03394107404e-05, 2.36174619204e-05, 1.46652346302e-05, 1.01448085843e-05, 3.16657788062e-05, 2.20652200369e-05, 1.85706321645e-05, 8.94703862286e-06, 7.81272137829e-06, 5.18163960805e-06, 6.68490019962e-06, 7.60327384342e-06, 5.22596064911e-06, 4.79299842482e-06, 5.48572279513e-06, 3.90375362258e-06, 3.08781750391e-06, 2.71438739219e-06, 2.33919831771e-06, 1.74151978172e-06, 1.56185774358e-06]}, "spectral_entropy": {"min": 2.87408351898, "max": 9.80127334595, "dvar2": 0.401885122061, "median": 7.62949943542, "dmean2": 0.432338535786, "dmean": 0.322765082121, "var": 1.39805030823, "dvar": 0.218337833881, "mean": 7.30142116547}, "spectral_rolloff": {"min": 21.533203125, "max": 19164.5507812, "dvar2": 6066639, "median": 1937.98828125, "dmean2": 1378.58093262, "dmean": 821.571899414, "var": 9053443, "dvar": 2777902.5, "mean": 2708.46679688}, "barkbands": {"min": [1.70006881203e-24, 6.58337242021e-24, 1.02698645807e-23, 4.03166850478e-24, 1.06988266306e-23, 3.72381727201e-23, 1.80053367986e-23, 3.40297302681e-23, 7.49337964127e-23, 7.91679852334e-23, 6.80831389852e-23, 6.71918776236e-23, 3.40798450237e-23, 7.95229158428e-23, 1.12718832756e-22, 1.22054515631e-22, 1.46698795367e-22, 2.32957037173e-22, 2.11178872121e-22, 3.89447350801e-22, 4.84448241408e-22, 4.10093721335e-22, 5.6888326789e-22, 7.73712554408e-22, 9.36959152456e-22, 1.97103770988e-21, 2.58368046795e-21], "max": [0.0462512262166, 0.156531184912, 0.0530057735741, 0.0234994292259, 0.0270654670894, 0.04040222615, 0.109111301601, 0.0593635514379, 0.0452612563968, 0.0509014390409, 0.0356715545058, 0.0812625810504, 0.0582411363721, 0.060374032706, 0.0319386199117, 0.0302996579558, 0.0206386297941, 0.0135021675378, 0.0433485247195, 0.0198972579092, 0.0131295304745, 0.0149687388912, 0.0223245769739, 0.010855814442, 0.00431986013427, 0.00289440876804, 0.00103750813287], "dvar2": [1.13554488053e-05, 0.000850467244163, 8.36301333038e-05, 5.47828267372e-06, 5.73787565372e-06, 5.05825983055e-06, 9.63544880506e-06, 1.58363964147e-05, 9.81311768555e-06, 5.30806892129e-06, 5.20271805726e-06, 1.10887476694e-05, 7.40302448321e-06, 4.64777076559e-06, 2.2294759674e-06, 1.9444642021e-06, 8.67224002832e-07, 3.95817693288e-07, 6.54804580336e-07, 3.58887035645e-07, 3.42832123579e-07, 4.55030175317e-07, 9.87691464616e-07, 3.06885368673e-07, 7.96495598365e-08, 1.86032966809e-08, 7.26717175326e-09], "median": [3.87671607314e-05, 0.000508475117385, 0.000186621982721, 8.13229999039e-05, 0.000293631397653, 0.000160249721375, 8.63269015099e-05, 4.05457249144e-05, 4.0306676965e-05, 3.08488088194e-05, 2.61088353e-05, 3.95194147131e-05, 3.43029714713e-05, 4.485102545e-05, 4.81592833239e-05, 4.48220780527e-05, 2.28009284911e-05, 3.43962819898e-05, 3.26669578499e-05, 2.66276510956e-05, 2.37131553149e-05, 2.24398718274e-05, 1.35152959047e-05, 8.07451579021e-06, 3.87344289265e-06, 1.50131359078e-06, 7.26507380477e-07], "dmean2": [0.00130877667107, 0.0129488231614, 0.00302095874213, 0.000897318765055, 0.00113872869406, 0.000786897260696, 0.000948479340877, 0.000930950860493, 0.000934565847274, 0.000669409346301, 0.000630701018963, 0.000925682950765, 0.000740808085538, 0.000696428760421, 0.000507933844347, 0.000429884559708, 0.000276190025033, 0.000252279249253, 0.000255980645306, 0.000206018143217, 0.000196838096599, 0.000209859310417, 0.000234530321904, 0.000175205117557, 0.000129097796162, 6.64012331981e-05, 2.2866855943e-05], "dmean": [0.000788294710219, 0.00752939423546, 0.00166628707666, 0.000502228736877, 0.00069926463766, 0.000497108965646, 0.00060860440135, 0.000583345186897, 0.000584841298405, 0.000418818672188, 0.000391370034777, 0.000618747086264, 0.000488611112814, 0.000472740386613, 0.000353257637471, 0.00029206238105, 0.000174290908035, 0.000171327352291, 0.000176826739335, 0.000138516406878, 0.000137576571433, 0.000142464239616, 0.000156075009727, 0.000119427662867, 8.9267930889e-05, 4.46046615252e-05, 1.39979983942e-05], "var": [5.14678004038e-06, 0.000492633495014, 1.89235470316e-05, 1.58267607731e-06, 3.62116043107e-06, 3.81386530535e-06, 7.25973768567e-06, 7.57243242333e-06, 5.67860979572e-06, 4.69097267342e-06, 3.44803174812e-06, 1.64195062098e-05, 4.96753182233e-06, 6.06176581641e-06, 2.61613035946e-06, 2.73355817626e-06, 5.55278802494e-07, 1.94018502953e-06, 1.90141099665e-06, 3.99008371232e-07, 9.56526378104e-07, 3.39329204735e-07, 4.90319905566e-07, 2.23270205879e-07, 1.1197629135e-07, 3.82465223936e-08, 2.7273570069e-09], "dvar": [4.5223619054e-06, 0.000308529444737, 2.87359562208e-05, 1.88769763554e-06, 2.20133506446e-06, 2.13920702663e-06, 4.74755779578e-06, 6.2709359554e-06, 4.1497046368e-06, 2.1719263259e-06, 2.10917664845e-06, 5.47461877431e-06, 3.26493977809e-06, 2.1696002932e-06, 1.02926355794e-06, 8.37295601741e-07, 3.54070493813e-07, 1.88098326248e-07, 3.43006661296e-07, 1.73500069423e-07, 1.71700790474e-07, 2.01677721634e-07, 3.89914532661e-07, 1.32216754878e-07, 4.11078850959e-08, 9.3798693257e-09, 2.73118283545e-09], "mean": [0.000860123953316, 0.00998399406672, 0.00152350845747, 0.000496237538755, 0.00102262524888, 0.000704838137608, 0.000740607618354, 0.000676858762745, 0.000708880426828, 0.000542677415069, 0.000476165325381, 0.00103546632454, 0.000631181290373, 0.000863471592311, 0.000715490838047, 0.000742791162338, 0.00024726029369, 0.000531114055775, 0.000449699029559, 0.000247653137194, 0.00029429490678, 0.00024297919299, 0.000265884154942, 0.000203232935746, 0.000153010652866, 8.32164223539e-05, 1.66123409144e-05]}, "melbands_flatness_db": {"min": 0.00443441420794, "max": 0.66940009594, "dvar2": 0.00635384954512, "median": 0.21145477891, "dmean2": 0.0687907859683, "dmean": 0.0482036322355, "var": 0.018630694598, "dvar": 0.0034233389888, "mean": 0.242098689079}, "melbands_skewness": {"min": -10.7157058716, "max": 76.4053878784, "dvar2": 10.4435329437, "median": 1.7043530941, "dmean2": 2.13095116615, "dmean": 1.42922604084, "var": 26.0085144043, "dvar": 5.03572511673, "mean": 2.60380840302}, "barkbands_skewness": {"min": -18.6516685486, "max": 78.30078125, "dvar2": 7.17475938797, "median": 0.581659853458, "dmean2": 1.71431648731, "dmean": 1.17162966728, "var": 24.0252304077, "dvar": 3.58120751381, "mean": 1.18692016602}, "silence_rate_60dB": {"min": 0, "max": 1, "dvar2": 0.108752608299, "median": 0, "dmean2": 0.112717114389, "dmean": 0.0563517138362, "var": 0.167415484786, "dvar": 0.0531750284135, "mean": 0.212629020214}, "spectral_energyband_low": {"min": 2.3048534032e-23, "max": 0.166972070932, "dvar2": 0.0010976329213, "median": 0.00138355919626, "dmean2": 0.01513452176, "dmean": 0.00875845830888, "var": 0.000659173296299, "dvar": 0.000392656918848, "mean": 0.0124992290512}, "spectral_energyband_middle_low": {"min": 2.32921645718e-22, "max": 0.110002785921, "dvar2": 6.42826489639e-05, "median": 0.00188303820323, "dmean2": 0.0040672365576, "dmean": 0.00264873751439, "var": 5.5354576034e-05, "dvar": 2.81975680991e-05, "mean": 0.00452900398523}, "melbands_kurtosis": {"min": -1.97385537624, "max": 7150.22753906, "dvar2": 40604.140625, "median": 5.17769527435, "dmean2": 41.2179145813, "dmean": 26.2918548584, "var": 83556.5859375, "dvar": 18013.1347656, "mean": 45.1223487854}, "spectral_decrease": {"min": -4.82350479558e-08, "max": 5.27403398731e-11, "dvar2": 7.45603134101e-17, "median": -2.76380607289e-09, "dmean2": 4.7165609196e-09, "dmean": 2.92076629549e-09, "var": 6.03799627865e-17, "dvar": 2.82124837162e-17, "mean": -5.90466697759e-09}, "erbbands_kurtosis": {"min": -1.89944458008, "max": 813.075378418, "dvar2": 834.203979492, "median": 1.29332494736, "dmean2": 7.76852798462, "dmean": 5.47020196915, "var": 1902.79626465, "dvar": 424.832458496, "mean": 12.6328220367}, "melbands_crest": {"min": 1.7826179266, "max": 39.9362716675, "dvar2": 44.1681175232, "median": 17.2756099701, "dmean2": 7.06363201141, "dmean": 4.51181173325, "var": 69.3791885376, "dvar": 19.725692749, "mean": 18.0966377258}, "gfcc": {"cov": [[28202.1894531, 171.740905762, -1566.0291748, 1234.5357666, -1540.90490723, 462.561889648, -481.506347656, 209.794067383, -628.086669922, -178.12159729, -245.025741577, -164.816223145, -613.876586914], [171.740905762, 3962.27099609, 100.363945007, -322.023071289, 515.233154297, -328.125823975, 211.949142456, -205.138916016, 254.356567383, -189.309127808, 71.6722793579, -189.547271729, 137.765930176], [-1566.0291748, 100.363945007, 2408.59765625, 801.343139648, -100.360466003, 128.257034302, 128.108001709, 84.9205093384, -156.582839966, 14.7097520828, -49.1645393372, 54.7989807129, -95.9371948242], [1234.5357666, -322.023071289, 801.343139648, 1162.05566406, -123.430236816, -2.33114957809, 31.3803157806, 85.0894775391, -70.1679916382, -40.5933113098, 62.9597663879, 72.7886962891, -93.3633651733], [-1540.90490723, 515.233154297, -100.360466003, -123.430236816, 788.553771973, 32.9628639221, -12.4079666138, -16.5477142334, 139.763839722, -18.618265152, -61.4218902588, -15.6147699356, 121.398178101], [462.561889648, -328.125823975, 128.257034302, -2.33114957809, 32.9628639221, 487.155761719, 98.4967727661, -6.00693750381, 10.3957195282, 44.4197311401, -133.885879517, -66.5263824463, -18.6201915741], [-481.506347656, 211.949142456, 128.108001709, 31.3803157806, -12.4079666138, 98.4967727661, 426.812927246, 135.086227417, 45.5745506287, 84.3917922974, 101.959228516, 0.820344746113, -43.1154518127], [209.794067383, -205.138916016, 84.9205093384, 85.0894775391, -16.5477142334, -6.00693750381, 135.086227417, 308.322998047, 21.773393631, 38.7363471985, 136.017196655, 67.3903808594, -51.5393714905], [-628.086669922, 254.356567383, -156.582839966, -70.1679916382, 139.763839722, 10.3957195282, 45.5745506287, 21.773393631, 258.429016113, 52.2180252075, -8.11322116852, 1.04492175579, 102.780647278], [-178.12159729, -189.309127808, 14.7097520828, -40.5933113098, -18.618265152, 44.4197311401, 84.3917922974, 38.7363471985, 52.2180252075, 193.760345459, 42.8950843811, 7.6933555603, 7.87680435181], [-245.025741577, 71.6722793579, -49.1645393372, 62.9597663879, -61.4218902588, -133.885879517, 101.959228516, 136.017196655, -8.11322116852, 42.8950843811, 313.866516113, 98.1907424927, -51.3636016846], [-164.816223145, -189.547271729, 54.7989807129, 72.7886962891, -15.6147699356, -66.5263824463, 0.820344746113, 67.3903808594, 1.04492175579, 7.6933555603, 98.1907424927, 172.206466675, 21.1345443726], [-613.876586914, 137.765930176, -95.9371948242, -93.3633651733, 121.398178101, -18.6201915741, -43.1154518127, -51.5393714905, 102.780647278, 7.87680435181, -51.3636016846, 21.1345443726, 179.144760132]], "icov": [[8.74959005159e-05, -0.00015044985048, 0.000188078789506, -0.000209487785469, 0.000203553281608, -0.000224443181651, 0.000252189434832, -0.000310384726617, 0.000291628035484, -0.00024517942802, 0.000295837293379, -0.000181125564268, 0.000166851998074], [-0.00015044985048, 0.000762786250561, -0.000498449546285, 0.000537729123607, -0.000581901171245, 0.000793352082837, -0.000895048258826, 0.00104539538734, -0.00103688810486, 0.00117429241072, -0.000993271474726, 0.00104403751902, -0.000391400943045], [0.000188078789506, -0.000498449546285, 0.00106269773096, -0.000908424379304, 0.000484912365209, -0.000665483588818, 0.000499948218931, -0.00093141105026, 0.00119067495689, -0.000973904679995, 0.00114686985034, -0.000836312538013, 0.000365251064068], [-0.000209487785469, 0.000537729123607, -0.000908424379304, 0.0017766947858, -0.000469387799967, 0.000658867997117, -0.000664603605401, 0.000857142207678, -0.00112622906454, 0.001217457233, -0.0010545195546, 0.000359326542821, 2.91710039164e-05], [0.000203553281608, -0.000581901171245, 0.000484912365209, -0.000469387799967, 0.00209317030385, -0.00082772661699, 0.000818300235551, -0.00108343269676, 0.000335905293468, -0.000529019394889, 0.000940561876632, -0.000590669456869, -0.000289267161861], [-0.000224443181651, 0.000793352082837, -0.000665483588818, 0.000658867997117, -0.00082772661699, 0.00368101056665, -0.00179475650657, 0.00103315443266, -0.00113619340118, 0.000563830311876, 0.000453126325738, 0.00126325443853, 2.45479095611e-05], [0.000252189434832, -0.000895048258826, 0.000499948218931, -0.000664603605401, 0.000818300235551, -0.00179475650657, 0.0045361421071, -0.0022791523952, 0.000682246580254, -0.00208264845423, 0.000129497726448, -0.000473829393741, 0.000961991492659], [-0.000310384726617, 0.00104539538734, -0.00093141105026, 0.000857142207678, -0.00108343269676, 0.00103315443266, -0.0022791523952, 0.00645333481953, -0.00241673435085, 0.00158564338926, -0.00278877629898, 1.65098954312e-05, 0.000745333323721], [0.000291628035484, -0.00103688810486, 0.00119067495689, -0.00112622906454, 0.000335905293468, -0.00113619340118, 0.000682246580254, -0.00241673435085, 0.00769551331177, -0.00289331260137, 0.00166599056683, -0.000760894559789, -0.00274990126491], [-0.00024517942802, 0.00117429241072, -0.000973904679995, 0.001217457233, -0.000529019394889, 0.000563830311876, -0.00208264845423, 0.00158564338926, -0.00289331260137, 0.00814322195947, -0.00257793301716, 0.00164529506583, -0.000889539485797], [0.000295837293379, -0.000993271474726, 0.00114686985034, -0.0010545195546, 0.000940561876632, 0.000453126325738, 0.000129497726448, -0.00278877629898, 0.00166599056683, -0.00257793301716, 0.00754974922165, -0.00385514413938, 0.00225772848353], [-0.000181125564268, 0.00104403751902, -0.000836312538013, 0.000359326542821, -0.000590669456869, 0.00126325443853, -0.000473829393741, 1.65098954312e-05, -0.000760894559789, 0.00164529506583, -0.00385514413938, 0.00984495412558, -0.00316444900818], [0.000166851998074, -0.000391400943045, 0.000365251064068, 2.91710039164e-05, -0.000289267161861, 2.45479095611e-05, 0.000961991492659, 0.000745333323721, -0.00274990126491, -0.000889539485797, 0.00225772848353, -0.00316444900818, 0.00994762498885]], "mean": [-95.2857208252, 57.9890861511, -107.099716187, 28.9033756256, -39.1924057007, 13.7197847366, -27.8325958252, 5.42323350906, -13.4292287827, 7.23960590363, -8.16697120667, 2.34928393364, -7.28154611588]}, "melbands_spread": {"min": 0.0663466453552, "max": 317.041259766, "dvar2": 1116.58764648, "median": 25.9759693146, "dmean2": 23.0118217468, "dmean": 14.64336586, "var": 1574.32421875, "dvar": 497.374328613, "mean": 38.5012168884}, "spectral_energy": {"min": 1.10487063718e-20, "max": 0.183936342597, "dvar2": 0.00107503205072, "median": 0.0134761286899, "dmean2": 0.0184901803732, "dmean": 0.0115780858323, "var": 0.000916552380659, "dvar": 0.000411969667766, "mean": 0.0244610309601}, "mfcc": {"cov": [[25240.4550781, -409.385650635, -621.268615723, 297.058013916, -718.491943359, -157.249389648, -191.308410645, 182.900588989, -379.269256592, -80.3032913208, -50.8654670715, -40.1707839966, -125.291236877], [-409.385650635, 3676.27270508, -158.682113647, 53.3129959106, 110.088890076, 20.3555545807, 29.3316822052, -49.8184051514, 159.76991272, 42.9894180298, -14.4064722061, -13.8481884003, 15.7620859146], [-621.268615723, -158.682113647, 1932.10424805, 722.24621582, 126.809188843, 67.3136825562, 140.665298462, 105.66179657, -23.99077034, -117.042861938, 3.24267053604, 92.3728485107, -66.4790344238], [297.058013916, 53.3129959106, 722.24621582, 925.60144043, 199.16456604, -41.2805023193, 37.4781265259, 124.433380127, -51.3888664246, -100.609222412, 67.6027603149, 93.2178421021, 6.04065942764], [-718.491943359, 110.088890076, 126.809188843, 199.16456604, 472.093566895, 123.974571228, 1.87605118752, 30.7299957275, 52.0925102234, 9.53848743439, -38.7772331238, -69.6050643921, -7.49994754791], [-157.249389648, 20.3555545807, 67.3136825562, -41.2805023193, 123.974571228, 359.089508057, 54.0709838867, -20.6554145813, 119.240470886, 78.4219818115, -55.8019981384, -44.567905426, -49.2965087891], [-191.308410645, 29.3316822052, 140.665298462, 37.4781265259, 1.87605118752, 54.0709838867, 258.064880371, 96.3752059937, 16.3741931915, 16.6616363525, 93.4290924072, 46.8981819153, -2.03315973282], [182.900588989, -49.8184051514, 105.66179657, 124.433380127, 30.7299957275, -20.6554145813, 96.3752059937, 229.214263916, 22.808139801, -8.47686958313, 69.5875549316, 67.0847244263, 18.534740448], [-379.269256592, 159.76991272, -23.99077034, -51.3888664246, 52.0925102234, 119.240470886, 16.3741931915, 22.808139801, 280.100860596, 97.7217788696, -31.6009902954, 23.0186386108, 13.4009094238], [-80.3032913208, 42.9894180298, -117.042861938, -100.609222412, 9.53848743439, 78.4219818115, 16.6616363525, -8.47686958313, 97.7217788696, 197.668716431, 20.8313083649, -17.310338974, 32.5831794739], [-50.8654670715, -14.4064722061, 3.24267053604, 67.6027603149, -38.7772331238, -55.8019981384, 93.4290924072, 69.5875549316, -31.6009902954, 20.8313083649, 201.87789917, 86.5173568726, 4.40727376938], [-40.1707839966, -13.8481884003, 92.3728485107, 93.2178421021, -69.6050643921, -44.567905426, 46.8981819153, 67.0847244263, 23.0186386108, -17.310338974, 86.5173568726, 215.251022339, 62.0672569275], [-125.291236877, 15.7620859146, -66.4790344238, 6.04065942764, -7.49994754791, -49.2965087891, -2.03315973282, 18.534740448, 13.4009094238, 32.5831794739, 4.40727376938, 62.0672569275, 189.608917236]], "icov": [[4.61151976197e-05, 5.25829307207e-07, 3.33597126883e-05, -6.1151891714e-05, 0.000103729384136, -3.83459009754e-05, 3.79437478841e-05, -8.75693076523e-05, 7.14646666893e-05, -3.60735211871e-05, 5.92758842686e-05, 1.93568866962e-05, 4.06075414503e-05], [5.25829307207e-07, 0.000288334442303, 4.73080144729e-05, -6.63317769067e-05, -5.50310905965e-05, 8.31017532619e-05, -0.000119097712741, 0.000152692315169, -0.000211515754927, 2.34675680986e-05, 1.0904193914e-05, 2.47150892392e-05, 8.76789556514e-07], [3.33597126883e-05, 4.73080144729e-05, 0.000853824196383, -0.000706970051397, 0.00015123844787, -0.000142860008054, -0.00047738221474, 1.91755316337e-05, 6.09979397268e-05, 7.10345775587e-05, 0.000542505993508, -0.000255204504356, 0.000356252567144], [-6.1151891714e-05, -6.63317769067e-05, -0.000706970051397, 0.00207634759136, -0.000951558642555, 0.000215841791942, 0.000472840707516, -0.000443087716121, 0.000152798704221, 0.000524671690073, -0.000720927491784, -0.00046178343473, -0.000215096093598], [0.000103729384136, -5.50310905965e-05, 0.00015123844787, -0.000951558642555, 0.00322521757334, -0.0011258822633, 0.000321731291478, -0.000698100891896, -0.000234957624343, 0.00020242932078, 6.39838108327e-05, 0.00146142148878, -0.000435050198575], [-3.83459009754e-05, 8.31017532619e-05, -0.000142860008054, 0.000215841791942, -0.0011258822633, 0.00455100135878, -0.00153779948596, 0.000804986921139, -0.00113636779133, -0.0014490778558, 0.00149994040839, -0.000363911240129, 0.00136788166128], [3.79437478841e-05, -0.000119097712741, -0.00047738221474, 0.000472840707516, 0.000321731291478, -0.00153779948596, 0.00611364515498, -0.00207409611903, 0.000145794198033, 0.000298965140246, -0.00276751513593, 0.000327250396367, -0.0003707241558], [-8.75693076523e-05, 0.000152692315169, 1.91755316337e-05, -0.000443087716121, -0.000698100891896, 0.000804986921139, -0.00207409611903, 0.00639027962461, -0.00107425497845, 0.000462068768684, -0.000859303341713, -0.000861808832269, -0.000216346874367], [7.14646666893e-05, -0.000211515754927, 6.09979397268e-05, 0.000152798704221, -0.000234957624343, -0.00113636779133, 0.000145794198033, -0.00107425497845, 0.00567602179945, -0.00263917190023, 0.00180986337364, -0.00178531755228, 0.000477868830785], [-3.60735211871e-05, 2.34675680986e-05, 7.10345775587e-05, 0.000524671690073, 0.00020242932078, -0.0014490778558, 0.000298965140246, 0.000462068768684, -0.00263917190023, 0.00806532613933, -0.00291343056597, 0.00203734566458, -0.00222694291733], [5.92758842686e-05, 1.0904193914e-05, 0.000542505993508, -0.000720927491784, 6.39838108327e-05, 0.00149994040839, -0.00276751513593, -0.000859303341713, 0.00180986337364, -0.00291343056597, 0.00920502934605, -0.00340279354714, 0.00197092466988], [1.93568866962e-05, 2.47150892392e-05, -0.000255204504356, -0.00046178343473, 0.00146142148878, -0.000363911240129, 0.000327250396367, -0.000861808832269, -0.00178531755228, 0.00203734566458, -0.00340279354714, 0.00808621291071, -0.00280488445424], [4.06075414503e-05, 8.76789556514e-07, 0.000356252567144, -0.000215096093598, -0.000435050198575, 0.00136788166128, -0.0003707241558, -0.000216346874367, 0.000477868830785, -0.00222694291733, 0.00197092466988, -0.00280488445424, 0.00700939493254]], "mean": [-744.249755859, 97.0538711548, -0.775922656059, 20.896484375, 9.2380027771, 13.8776130676, 3.72908234596, 3.56383371353, 0.17490260303, 6.34354829788, 4.91986751556, 0.548772454262, 3.53059434891]}, "spectral_contrast_valleys": {"min": [-27.4014053345, -27.1515407562, -27.4856834412, -27.5322189331, -27.3819580078, -27.303691864], "max": [-4.93870162964, -4.73411750793, -4.77005195618, -5.16938591003, -5.02782535553, -7.05940103531], "dvar2": [0.571598351002, 0.81020116806, 0.773553729057, 0.700916051865, 0.734243094921, 0.817345201969], "median": [-7.80472040176, -7.5199971199, -8.07961273193, -8.21136283875, -8.16910457611, -10.846247673], "dmean2": [0.813810825348, 0.881449520588, 0.815557718277, 0.725008606911, 0.678184390068, 0.671606063843], "dmean": [0.546800851822, 0.61201363802, 0.597176194191, 0.560939788818, 0.536610007286, 0.566298305988], "var": [3.93928933144, 3.65598320961, 3.5344684124, 3.52580690384, 3.37649321556, 3.55629372597], "dvar": [0.341332286596, 0.453237146139, 0.448053896427, 0.416135132313, 0.427129179239, 0.491401970387], "mean": [-8.35775375366, -8.04777622223, -8.42103481293, -8.56925773621, -8.50842761993, -10.8707714081]}, "barkbands_flatness_db": {"min": 0.0177659057081, "max": 0.567923843861, "dvar2": 0.00463527999818, "median": 0.15649792552, "dmean2": 0.0583897270262, "dmean": 0.0407326966524, "var": 0.0133438380435, "dvar": 0.00245635444298, "mean": 0.184950083494}, "dynamic_complexity": 5.90105056763, "erbbands_flatness_db": {"min": 0.027839731425, "max": 0.601988613605, "dvar2": 0.00254277442582, "median": 0.173029884696, "dmean2": 0.0404022410512, "dmean": 0.0303888227791, "var": 0.0125152179971, "dvar": 0.00139400758781, "mean": 0.