{"lowlevel": {"spectral_complexity": {"min": 0, "max": 57, "dvar2": 47.2381095886, "median": 24, "dmean2": 6.70144319534, "dmean": 4.40707159042, "var": 137.588760376, "dvar": 23.8874073029, "mean": 23.4169235229}, "silence_rate_20dB": {"min": 1, "max": 1, "dvar2": 0, "median": 1, "dmean2": 0, "dmean": 0, "var": 0, "dvar": 0, "mean": 1}, "average_loudness": 0.932753443718, "erbbands_spread": {"min": 4.19987344742, "max": 155.154846191, "dvar2": 217.521255493, "median": 42.227230072, "dmean2": 12.7414855957, "dmean": 8.38213539124, "var": 417.074707031, "dvar": 100.139595032, "mean": 45.0856552124}, "spectral_kurtosis": {"min": -1.35645031929, "max": 58.4961128235, "dvar2": 10.5669898987, "median": 2.88767313957, "dmean2": 1.83872842789, "dmean": 1.1385216713, "var": 10.7961683273, "dvar": 4.2114109993, "mean": 3.61919426918}, "barkbands_kurtosis": {"min": -1.95317351818, "max": 270.172698975, "dvar2": 137.694595337, "median": 0.781711816788, "dmean2": 4.05601739883, "dmean": 2.54541635513, "var": 80.9492416382, "dvar": 55.9402770996, "mean": 2.89910054207}, "spectral_strongpeak": {"min": 0, "max": 15.4774141312, "dvar2": 2.33723139763, "median": 0.41537797451, "dmean2": 0.884798824787, "dmean": 0.514533519745, "var": 1.31775403023, "dvar": 0.943927764893, "mean": 0.840423107147}, "spectral_spread": {"min": 1179168, "max": 17453342, "dvar2": 838449430528, "median": 5403411, "dmean2": 743984.4375, "dmean": 537241.875, "var": 3120342761470.0, "dvar": 476379283456, "mean": 5378981.5}, "spectral_rms": {"min": 9.93631715573e-07, "max": 0.0111175570637, "dvar2": 1.82440692242e-06, "median": 0.00524659175426, "dmean2": 0.00118154473603, "dmean": 0.00078643852612, "var": 3.80357619179e-06, "dvar": 9.20578145269e-07, "mean": 0.00510135525838}, "erbbands": {"min": [2.4650800845e-10, 1.13013459702e-10, 1.78327064226e-09, 2.63178168147e-09, 2.43929854093e-08, 7.12618160037e-08, 2.14809404042e-07, 2.26930765734e-07, 8.14345000322e-08, 9.15192011064e-09, 5.42053824049e-09, 3.48307729325e-08, 1.4744692578e-07, 1.81332666216e-07, 2.42843412934e-07, 2.40879955982e-07, 3.43021383742e-07, 3.74689761884e-07, 4.59531435126e-07, 6.60211014747e-07, 3.08989143605e-07, 5.28751399997e-07, 7.7821658806e-07, 5.62486889066e-07, 2.41595500938e-07, 1.35079787356e-07, 1.20062566111e-07, 1.81798995413e-07, 8.71585612572e-08, 5.58008892426e-08, 7.39490957358e-08, 9.17771245668e-08, 1.1609530759e-07, 1.52281074861e-07, 2.00323128752e-07, 2.00250894977e-07, 1.87940372598e-07, 8.82990462969e-08, 1.85518675977e-08, 1.97538763125e-09], "max": [2.06467318535, 20.3138179779, 78.1153945923, 96.2564468384, 113.875679016, 166.990524292, 208.916381836, 368.863983154, 477.538635254, 947.647827148, 987.647827148, 1036.42614746, 1117.74072266, 1613.53259277, 1469.1192627, 1382.91210938, 1133.96765137, 2250.66723633, 1861.20471191, 1396.23657227, 1734.91906738, 933.691223145, 727.815673828, 1130.49597168, 804.20690918, 571.627990723, 326.178863525, 357.922088623, 666.183105469, 426.307891846, 602.989196777, 439.572845459, 210.701461792, 105.994590759, 79.4778900146, 25.1455421448, 3.41405773163, 0.965603888035, 0.107945822179, 0.00473677366972], "dvar2": [0.0669274926186, 10.590470314, 150.559295654, 276.889343262, 178.440704346, 275.661865234, 185.914169312, 422.056549072, 1388.0222168, 5332.62841797, 5662.55322266, 2725.82104492, 5962.81689453, 8198.65039062, 4235.27392578, 6747.66992188, 4276.61669922, 8239.59375, 10120.6455078, 4788.37548828, 4857.99023438, 1964.22180176, 1227.44519043, 1862.54553223, 1111.73132324, 1070.02734375, 432.526184082, 423.854980469, 726.794616699, 542.338317871, 658.844421387, 335.027587891, 116.820411682, 33.3165092468, 8.89484405518, 1.09253668785, 0.0691562816501, 0.00310254632495, 3.10791911033e-05, 1.14775367877e-07], "median": [0.0906990543008, 1.08281219006, 2.739320755, 3.13135051727, 3.39080810547, 4.70234060287, 4.89680290222, 7.26482486725, 16.3476314545, 15.5305767059, 12.5821666718, 13.6209230423, 14.7344245911, 12.4910564423, 13.3329486847, 13.2489728928, 11.2961845398, 20.0238342285, 15.4200992584, 9.7014503479, 21.936668396, 21.9505462646, 12.9656562805, 13.7341966629, 13.2857303619, 10.0726947784, 10.6209278107, 12.0789413452, 9.59422397614, 7.27762413025, 4.12516403198, 3.15752506256, 2.35223507881, 1.53494489193, 0.734733104706, 0.299838721752, 0.104733407497, 0.0239865221083, 0.00257373368368, 0.000191231869394], "dmean2": [0.173157349229, 2.11045742035, 6.52703332901, 8.25613689423, 7.73525190353, 9.55785083771, 8.86006641388, 12.2938394547, 22.3324756622, 34.2788352966, 30.1738014221, 23.9665050507, 30.9644680023, 31.3232574463, 28.0498542786, 33.746635437, 26.9352531433, 37.100151062, 35.2005805969, 22.5171775818, 30.8450603485, 24.6569881439, 17.4469337463, 19.6980438232, 17.3638820648, 15.4872808456, 11.7483081818, 12.0524263382, 11.951798439, 9.95452976227, 6.35126161575, 4.58185148239, 2.86251592636, 1.78056240082, 0.953759133816, 0.386669456959, 0.123134642839, 0.0285427886993, 0.00289030652493, 0.000179321636097], "dmean": [0.103637762368, 1.26579189301, 3.79164028168, 4.60992527008, 4.55535411835, 5.66054868698, 5.36524200439, 7.31890726089, 13.81823349, 20.6350440979, 18.790555954, 15.2333745956, 19.479473114, 20.4845733643, 17.9632949829, 21.1510410309, 17.2774581909, 23.565486908, 22.4838905334, 14.2872543335, 19.4360618591, 15.6374330521, 11.0356645584, 12.4631500244, 10.9991092682, 9.69456863403, 7.22772455215, 7.56377410889, 7.59839105606, 6.39066123962, 4.06979465485, 2.95592784882, 1.87069284916, 1.17416727543, 0.630477666855, 0.254316270351, 0.0818000584841, 0.0192605778575, 0.00198198994622, 0.000124519079691], "var": [0.0310792475939, 5.14232826233, 51.7604751587, 71.0366516113, 68.6372146606, 121.824394226, 147.911392212, 370.717468262, 1376.91748047, 3064.01782227, 3139.46801758, 2156.86206055, 4365.71875, 5927.11865234, 4212.42871094, 5603.62646484, 3743.13671875, 6735.07568359, 7355.96972656, 2725.70849609, 4002.7277832, 1535.49963379, 866.129150391, 1745.90063477, 1204.31726074, 862.411743164, 396.895935059, 404.233734131, 542.730895996, 474.130218506, 333.655609131, 173.057189941, 59.4099998474, 23.1297187805, 6.07305669785, 0.828253746033, 0.0633006170392, 0.00335664418526, 3.7502260966e-05, 1.41788035535e-07], "dvar": [0.0251568239182, 4.19441747665, 54.9691963196, 96.3535308838, 66.3022155762, 101.312477112, 72.9893188477, 165.98286438, 562.36328125, 2024.62878418, 2283.48901367, 1198.87646484, 2428.79077148, 3660.50927734, 1943.45678711, 2856.84204102, 1947.28625488, 3613.23608398, 4450.62841797, 1968.94726562, 2105.84570312, 854.942504883, 519.692321777, 820.588562012, 496.287445068, 460.451293945, 177.409255981, 178.253845215, 313.745147705, 253.254348755, 285.94152832, 150.882156372, 50.812210083, 15.0121736526, 3.9444732666, 0.475638747215, 0.0316017381847, 0.00146914389916, 1.52033044287e-05, 5.73360949829e-08], "mean": [0.143382832408, 1.79252743721, 5.18143224716, 5.34824800491, 5.9104552269, 8.08625411987, 8.96981239319, 13.6651926041, 28.4536895752, 34.5059013367, 28.2199554443, 27.1778888702, 32.8073730469, 33.3371543884, 32.206325531, 35.2376174927, 29.9493465424, 41.8505554199, 37.0272750854, 23.4207286835, 36.3971481323, 31.534286499, 20.9681758881, 24.6294898987, 23.3653202057, 19.1581745148, 16.3941478729, 17.4846553802, 15.8611593246, 13.3491849899, 7.72746038437, 5.45162057877, 3.83254694939, 2.62985062599, 1.32299816608, 0.527166366577, 0.179944649339, 0.0433548390865, 0.00472417054698, 0.000317911501043]}, "zerocrossingrate": {"min": 0.00390625, "max": 0.46630859375, "dvar2": 0.000292069657007, "median": 0.07470703125, "dmean2": 0.0150234075263, "dmean": 0.0126603310928, "var": 0.00157427822705, "dvar": 0.000229534954997, "mean": 0.0793581306934}, "spectral_contrast_coeffs": {"min": [-0.936506390572, -0.936155021191, -0.938545405865, -0.955792188644, -0.923815727234, -0.919571936131], "max": [-0.336650133133, -0.40000474453, -0.44998306036, -0.502589821815, -0.524649083614, -0.536532998085], "dvar2": [0.00565250217915, 0.00467714108527, 0.00294515746646, 0.00199288455769, 0.00106625957415, 0.000684523780365], "median": [-0.687270402908, -0.7329621315, -0.77556437254, -0.7818120718, -0.7852871418, -0.745197176933], "dmean2": [0.089578256011, 0.0841340199113, 0.065464861691, 0.0536053292453, 0.0376955978572, 0.0283782016486], "dmean": [0.0532919280231, 0.0518298372626, 0.0411866866052, 0.0339889787138, 0.0238060094416, 0.0180030632764], "var": [0.00435452023521, 0.00626022787765, 0.00452981423587, 0.00363239948638, 0.0019499756163, 0.00187825772446], "dvar": [0.00205981195904, 0.0018717556959, 0.00127049221192, 0.000881357642356, 0.00048047688324, 0.000295419828035], "mean": [-0.682863414288, -0.725415885448, -0.768215537071, -0.775405704975, -0.782865822315, -0.741884589195]}, "dissonance": {"min": 0.287711977959, "max": 0.500000119209, "dvar2": 0.00068565888796, "median": 0.476029574871, "dmean2": 0.0273435544223, "dmean": 0.0163179505616, "var": 0.000526654243004, "dvar": 0.000261464214418, "mean": 0.470502376556}, "spectral_energyband_high": {"min": 7.16807169177e-10, "max": 0.0361758507788, "dvar2": 5.89965475228e-06, "median": 0.00145510619041, "dmean2": 0.000989577267319, "dmean": 0.000678525306284, "var": 5.89274350205e-06, "dvar": 2.86958243123e-06, "mean": 0.00196828809567}, "spectral_skewness": {"min": -0.147206276655, "max": 6.34556150436, "dvar2": 0.116247668862, "median": 1.33068823814, "dmean2": 0.273494511843, "dmean": 0.175521790981, "var": 0.206642299891, "dvar": 0.0519865490496, "mean": 1.374376297}, "spectral_flux": {"min": 2.9587692552e-05, "max": 0.336953043938, "dvar2": 0.00180486380123, "median": 0.0873964577913, "dmean2": 0.0407504886389, "dmean": 0.0275236647576, "var": 0.00298706442118, "dvar": 0.00100428401493, "mean": 0.0952676534653}, "silence_rate_30dB": {"min": 1, "max": 1, "dvar2": 0, "median": 1, "dmean2": 0, "dmean": 0, "var": 0, "dvar": 0, "mean": 1}, "spectral_energyband_middle_high": {"min": 1.42510989121e-10, "max": 0.0655827969313, "dvar2": 2.53843099927e-05, "median": 0.00459480192512, "dmean2": 0.00318794162013, "dmean": 0.00218818057328, "var": 5.03189767187e-05, "dvar": 1.33198227559e-05, "mean": 0.00673929043114}, "barkbands_spread": {"min": 0.453479260206, "max": 119.630340576, "dvar2": 143.616165161, "median": 28.305934906, "dmean2": 9.94292640686, "dmean": 6.41941595078, "var": 239.397781372, "dvar": 66.6212158203, "mean": 30.1157722473}, "spectral_centroid": {"min": 131.586242676, "max": 5726.95068359, "dvar2": 229936.671875, "median": 1605.5925293, "dmean2": 427.490570068, "dmean": 274.305328369, "var": 418603.21875, "dvar": 108006.195312, "mean": 1638.80859375}, "pitch_salience": {"min": 0.138290688396, "max": 0.917503476143, "dvar2": 0.0141299832612, "median": 0.550433397293, "dmean2": 0.131434157491, "dmean": 0.079754345119, "var": 0.01183526963, "dvar": 0.00547516765073, "mean": 0.551448523998}, "erbbands_skewness": {"min": -4.67612981796, "max": 4.67848587036, "dvar2": 0.300788938999, "median": 0.202680706978, "dmean2": 0.481185883284, "dmean": 0.315625846386, "var": 0.458862781525, "dvar": 0.14056032896, "mean": 0.214860916138}, "erbbands_crest": {"min": 2.12143063545, "max": 31.008184433, "dvar2": 14.8353347778, "median": 7.04750442505, "dmean2": 3.8274166584, "dmean": 2.38318562508, "var": 18.7779045105, "dvar": 6.30729484558, "mean": 8.18825912476}, "melbands": {"min": [4.77461299664e-12, 6.64999359832e-13, 6.76434277515e-13, 2.2045006879e-12, 7.17895534685e-12, 5.11385291752e-12, 1.06051419816e-12, 5.22928732651e-14, 5.09149132902e-14, 2.56616613809e-13, 7.59928469977e-13, 7.23912791691e-13, 8.22026366247e-13, 5.74571857107e-13, 8.1381320953e-13, 7.84343022388e-13, 6.15051954679e-13, 7.54906174464e-13, 7.53991812562e-13, 6.48090684851e-13, 3.36604577761e-13, 6.14404794402e-13, 3.25430546226e-13, 4.46713738049e-13, 2.82210751079e-13, 1.61849198865e-13, 1.61531676706e-13, 6.97698260385e-14, 5.58470607812e-14, 1.08940918894e-13, 1.07760724172e-13, 4.97963385207e-14, 2.5359914025e-14, 2.88124355646e-14, 3.21963931752e-14, 4.13373186321e-14, 5.5164179431e-14, 6.59540307026e-14, 1.0158831377e-13, 1.26761299482e-13], "max": [0.021481724456, 0.0309151746333, 0.0142180994153, 0.0119887571782, 0.0061354408972, 0.00764185609296, 0.00689801760018, 0.0099453497678, 0.00805691163987, 0.00555938994512, 0.00558659108356, 0.00672333594412, 0.00608254037797, 0.00410440657288, 0.00362181453966, 0.00350356753916, 0.00378930708393, 0.00347195449285, 0.00212878151797, 0.00183199543972, 0.00225611194037, 0.00135762745049, 0.000890523311682, 0.000767092278693, 0.00105740281288, 0.000852187920827, 0.000397445081035, 0.000450345192803, 0.000296307785902, 0.000167707694345, 0.000233316968661, 0.000405258790124, 0.000297912047245, 0.000232600417803, 0.000407415005611, 0.000271334021818, 0.000284023990389, 0.000190107719391, 0.000120347773191, 0.000101217570773], "dvar2": [9.11349616217e-06, 2.2911821361e-05, 6.84370388626e-06, 1.2807904568e-06, 2.18736545321e-07, 1.97352193254e-07, 3.46316511468e-07, 6.25676136679e-07, 3.34903148769e-07, 1.11362730593e-07, 1.56358339609e-07, 1.51134685211e-07, 5.67964626441e-08, 4.59574209799e-08, 4.16360173006e-08, 2.62403414553e-08, 3.44728903201e-08, 3.30376579427e-08, 1.2564823848e-08, 1.14796820938e-08, 8.99532714982e-09, 2.79235679024e-09, 2.023075929e-09, 1.22597088037e-09, 1.57218738028e-09, 1.02085873088e-09, 7.17981119003e-10, 5.6875781862e-10, 2.74288897151e-10, 1.48619991314e-10, 1.8707031757e-10, 3.14678422209e-10, 1.81259326992e-10, 2.1089700819e-10, 2.71915323591e-10, 1.7149090481e-10, 1.44105463673e-10, 7.8636784584e-11, 3.47177772642e-11, 2.40485513447e-11], "median": [0.00103603256866, 0.00190230330918, 0.000576318707317, 0.00031544349622, 0.000185740325833, 0.000159001268912, 0.000278853694908, 0.000160266936291, 9.50699177338e-05, 8.01112619229e-05, 6.81633318891e-05, 4.51304404123e-05, 4.2871797632e-05, 3.18286110996e-05, 3.04408840748e-05, 2.16733351408e-05, 3.78494369215e-05, 2.58553263848e-05, 1.13309160952e-05, 1.38529067044e-05, 2.6493005862e-05, 2.26030751946e-05, 1.43944089359e-05, 8.63829700393e-06, 1.046311354e-05, 9.7543852462e-06, 7.88876604929e-06, 5.75042622586e-06, 5.82686834605e-06, 7.1762888183e-06, 6.59826810079e-06, 5.36360903425e-06, 4.42713462689e-06, 3.66183030565e-06, 2.38762982008e-06, 1.71632700585e-06, 1.89284833141e-06, 1.56480678015e-06, 1.43488068716e-06, 1.23814766084e-06], "dmean2": [0.00198742491193, 0.00288813654333, 0.00133915175684, 0.000634657917544, 0.00031624751864, 0.000275729631539, 0.000352082279278, 0.000373377260985, 0.000233761180425, 0.000151792206452, 0.000158560258569, 0.000135153866722, 0.000100112149084, 9.07983994693e-05, 8.12023208709e-05, 5.6502813095e-05, 7.74942600401e-05, 6.45800973871e-05, 3.63043182006e-05, 3.52004208253e-05, 4.04678867199e-05, 2.80287986243e-05, 2.33066311921e-05, 1.70168659679e-05, 1.76779267349e-05, 1.46319589476e-05, 1.33967569127e-05, 1.08888816612e-05, 8.36607705423e-06, 7.95363575889e-06, 7.77633613325e-06, 7.62081253924e-06, 6.48796549285e-06, 5.8622636061e-06, 4.19047137257e-06, 3.20661729347e-06, 3.01278419101e-06, 2.22565768127e-06, 1.82873861831e-06, 1.65448921052e-06], "dmean": [0.00118134554941, 0.00174350873567, 0.000759527960327, 0.000375516538043, 0.000190166683751, 0.000164772514836, 0.000217514563701, 0.000224430288654, 0.000146236634464, 9.61219557212e-05, 9.98391988105e-05, 8.82324311533e-05, 6.42516970402e-05, 5.70904558117e-05, 5.0856913731e-05, 3.59190962627e-05, 4.86399076181e-05, 4.10322572861e-05, 2.28379358305e-05, 2.21213031182e-05, 2.52740210271e-05, 1.76797566382e-05, 1.45504282045e-05, 1.05759190774e-05, 1.11039571493e-05, 9.22461640585e-06, 8.26411360322e-06, 6.72800160828e-06, 5.04987201566e-06, 4.88649220642e-06, 4.82412497149e-06, 4.79038953927e-06, 4.09424728787e-06, 3.7140916902e-06, 2.64209711531e-06, 1.99925966626e-06, 1.91983508557e-06, 1.42919475365e-06, 1.1682997183e-06, 1.07814719286e-06], "var": [4.24844802183e-06, 1.05588742372e-05, 1.91483854906e-06, 5.15441058724e-07, 1.65567627164e-07, 1.86142699476e-07, 3.18843490277e-07, 3.33020210519e-07, 1.98333196977e-07, 8.5414946227e-08, 1.13997096207e-07, 1.09652269487e-07, 5.2221011515e-08, 4.04142532773e-08, 2.8021688081e-08, 1.8640990973e-08, 2.60083066195e-08, 2.23829328405e-08, 7.19285342399e-09, 6.35063512888e-09, 6.75719524779e-09, 2.04426919836e-09, 1.36018207808e-09, 8.52266202056e-10, 1.38263822613e-09, 9.75882152865e-10, 5.40593236842e-10, 4.15128736941e-10, 2.04110672808e-10, 1.38248495984e-10, 1.54208132375e-10, 2.04100805701e-10, 1.46023623748e-10, 1.66637356691e-10, 1.27765825697e-10, 7.99897856285e-11, 6.9669651992e-11, 3.62264281073e-11, 1.83750740318e-11, 1.76718917277e-11], "dvar": [3.50166487806e-06, 9.08456968318e-06, 2.40906751969e-06, 4.75635062003e-07, 8.45700895979e-08, 7.76906858846e-08, 1.38569447472e-07, 2.38326393287e-07, 1.35311566396e-07, 4.8851383383e-08, 6.37806110149e-08, 6.76905571595e-08, 2.61846331284e-08, 1.99601704054e-08, 1.74585110813e-08, 1.12207860781e-08, 1.47381289395e-08, 1.45755922887e-08, 5.11525488633e-09, 4.87677809247e-09, 3.79077524926e-09, 1.20779386492e-09, 8.5062451527e-10, 5.13982190142e-10, 6.9052369378e-10, 4.40060432538e-10, 2.97375984948e-10, 2.39452541129e-10, 1.10879305737e-10, 5.9593753543e-11, 7.73157440848e-11, 1.30062197123e-10, 8.02888311391e-11, 9.64554616734e-11, 1.14864860679e-10, 7.36962019188e-11, 6.34468588778e-11, 3.35665384377e-11, 1.44724275966e-11, 1.09621704075e-11], "mean": [0.00165330071468, 0.00267556449398, 0.000946532876696, 0.000526425079443, 0.000319838291034, 0.000314222357702, 0.000447577243904, 0.000357991782948, 0.000224457398872, 0.000164586075698, 0.000162771757459, 0.000135198628413, 0.000108847554657, 9.11787574296e-05, 8.08845434221e-05, 5.90098097746e-05, 8.16660831333e-05, 6.28445923212e-05, 3.42535167874e-05, 3.24327083945e-05, 4.53389657196e-05, 3.38504542015e-05, 2.45669161814e-05, 1.73628795892e-05, 2.00820741156e-05, 1.80488586921e-05, 1.50452306116e-05, 1.21376433526e-05, 9.95152731775e-06, 1.05062581497e-05, 1.00898250821e-05, 9.33018691285e-06, 7.82077495387e-06, 7.24373830963e-06, 4.69523865831e-06, 3.35877962243e-06, 3.3261696899e-06, 2.66781125902e-06, 2.38375469053e-06, 2.23778010877e-06]}, "spectral_entropy": {"min": 5.07340764999, "max": 9.09217739105, "dvar2": 0.053643502295, "median": 7.9259262085, "dmean2": 0.194021180272, "dmean": 0.134369179606, "var": 0.158549159765, "dvar": 0.0306213051081, "mean": 7.83130645752}, "spectral_rolloff": {"min": 64.599609375, "max": 20262.7441406, "dvar2": 2343586.5, "median": 1571.92382812, "dmean2": 1090.53588867, "dmean": 662.897644043, "var": 2771786.75, "dvar": 1125780.75, "mean": 1957.26281738}, "barkbands": {"min": [1.18319572889e-11, 5.38027955521e-13, 1.62303482286e-12, 4.94127145884e-13, 2.70156189086e-11, 2.91173717082e-11, 2.70055809312e-12, 1.33195266882e-13, 1.78489319679e-12, 5.56494737444e-12, 5.74696583724e-12, 5.39711721495e-12, 8.19991470558e-12, 7.24236209199e-12, 7.76213815445e-12, 6.23541062533e-12, 9.00018167632e-12, 1.02555464121e-11, 1.02421118461e-11, 2.87145654476e-12, 3.92752280351e-12, 2.42401346391e-12, 2.55262065825e-12, 6.04428312956e-12, 2.09742900131e-11, 9.52467618665e-11, 1.37427527691e-10], "max": [0.00282402941957, 0.0835410803556, 0.076047860086, 0.0331464856863, 0.0469672232866, 0.0336444824934, 0.0417478717864, 0.0456191673875, 0.0416366755962, 0.0419421382248, 0.0412145331502, 0.0296023730189, 0.0254911705852, 0.0366429649293, 0.0288572404534, 0.0254463106394, 0.0154488012195, 0.0179925467819, 0.0248828921467, 0.00957304146141, 0.00732249766588, 0.0164240673184, 0.0172257088125, 0.0177098661661, 0.00950306747109, 0.00288094067946, 0.00067023455631], "dvar2": [7.0894444093e-08, 0.000162913667737, 0.000167466030689, 2.11086553463e-05, 1.87239020306e-05, 4.3313993956e-06, 1.1667052604e-05, 1.36400885822e-05, 5.75597778152e-06, 7.72685325501e-06, 3.39644134328e-06, 3.80759570362e-06, 2.6774653179e-06, 3.87543332181e-06, 3.00177885038e-06, 1.96060454982e-06, 7.88211877989e-07, 5.53636141376e-07, 5.51374910174e-07, 4.71635956956e-07, 2.00342029189e-07, 4.7575173312e-07, 7.13803444796e-07, 5.55626570531e-07, 1.9641522897e-07, 2.74424039048e-08, 1.30834276746e-09], "median": [4.10412976635e-05, 0.00426980666816, 0.00195277365856, 0.000759610440582, 0.00145745463669, 0.000842070789076, 0.00121063704137, 0.000530549325049, 0.00054123532027, 0.00043728921446, 0.000283286790363, 0.00027535832487, 0.000215887193917, 0.000410395965446, 0.000170099447132, 0.000289330753731, 0.000424984813435, 0.000191468861885, 0.000271450204309, 0.00021134247072, 0.000292169919703, 0.00028084119549, 0.000157223039423, 0.000150011677761, 0.000121107834275, 6.17140904069e-05, 1.63839958987e-05], "dmean2": [0.000118006617413, 0.00829746201634, 0.006435375195, 0.0024232706055, 0.00257577979937, 0.00135605805553, 0.00188705034088, 0.00159477849957, 0.00108615937643, 0.00111597857904, 0.000743470387533, 0.000816337764263, 0.000618534220848, 0.000829264230561, 0.000560466316529, 0.000562266213819, 0.000509075529408, 0.000351568131009, 0.000360922014806, 0.000338822748745, 0.000283583271084, 0.000328745663865, 0.000241895409999, 0.000184124670341, 0.000136805072543, 7.05761631252e-05, 1.86997913261e-05], "dmean": [6.99327574694e-05, 0.00493780337274, 0.00363596458919, 0.00136827433016, 0.00153669749852, 0.00081195437815, 0.00115402240772, 0.000973015790805, 0.000689512991812, 0.000718929222785, 0.000471990526421, 0.000509166158736, 0.000391944078729, 0.000519462279044, 0.000351187161868, 0.000353420793545, 0.000322441366734, 0.000218107801629, 0.000229674624279, 0.000210954342037, 0.000176431320142, 0.00021043419838, 0.000155587797053, 0.000120609569422, 9.23440966289e-05, 4.71433450002e-05, 1.28708661578e-05], "var": [2.22248139892e-08, 7.64794822317e-05, 4.73103646073e-05, 6.04960860073e-06, 8.67118887982e-06, 4.31872558693e-06, 8.38208870846e-06, 6.72799342283e-06, 4.48447781309e-06, 5.93924141867e-06, 2.74601734418e-06, 2.98494865092e-06, 2.01027955882e-06, 2.68966664407e-06, 1.89303568732e-06, 1.37567315051e-06, 6.03136470545e-07, 3.36132131906e-07, 6.53783729376e-07, 3.89736499073e-07, 2.10616121876e-07, 4.16009072524e-07, 4.29347949193e-07, 2.87566024326e-07, 1.45965572074e-07, 2.43529942878e-08, 1.60245505754e-09], "dvar": [2.48861642405e-08, 6.34349416941e-05, 5.87552422076e-05, 7.34742980057e-06, 6.99398060533e-06, 1.6953465547e-06, 4.50365496363e-06, 5.40121527592e-06, 2.49578260991e-06, 3.34398805535e-06, 1.53862970365e-06, 1.6195825765e-06, 1.16287162655e-06, 1.63128390795e-06, 1.24864504869e-06, 8.37847665025e-07, 3.39412935091e-07, 2.2737627603e-07, 2.58376644524e-07, 2.02593000154e-07, 8.22466077466e-08, 2.14360170503e-07, 3.20926034192e-07, 2.48121722279e-07, 8.9692839822e-08, 1.23567511778e-08, 6.44955089335e-10], "mean": [8.30079225125e-05, 0.00697834743187, 0.00445967540145, 0.00152837694623, 0.00232205609791, 0.00157257472165, 0.00221792771481, 0.00132407760248, 0.0011717188172, 0.00114339636639, 0.000751436804421, 0.000785128970165, 0.000630871509202, 0.00085119245341, 0.000537544023246, 0.000575965852477, 0.000618197838776, 0.000362007442163, 0.000480729271658, 0.000409676635172, 0.000420389667852, 0.000457215413917, 0.000300475890981, 0.000244768743869, 0.000209804988117, 0.000105132960016, 3.05734029098e-05]}, "melbands_flatness_db": {"min": 0.0287446752191, "max": 0.612018227577, "dvar2": 0.00203935755417, "median": 0.158934503794, "dmean2": 0.042665861547, "dmean": 0.027715107426, "var": 0.00420220009983, "dvar": 0.000997507362626, "mean": 0.169177159667}, "melbands_skewness": {"min": -1.72226190567, "max": 15.5085382462, "dvar2": 2.0579559803, "median": 2.34839248657, "dmean2": 1.23583722115, "dmean": 0.789258599281, "var": 2.65834021568, "dvar": 0.926952183247, "mean": 2.62122106552}, "barkbands_skewness": {"min": -4.22825050354, "max": 14.2301635742, "dvar2": 0.995162904263, "median": 1.21189522743, "dmean2": 0.82247453928, "dmean": 0.531507849693, "var": 1.23550844193, "dvar": 0.446761548519, "mean": 1.34978640079}, "silence_rate_60dB": {"min": 0, "max": 1, "dvar2": 0.0218991581351, "median": 0, "dmean2": 0.0191752575338, "dmean": 0.00958664063364, "var": 0.0641114637256, "dvar": 0.0094944415614, "mean": 0.0688517838717}, "spectral_energyband_low": {"min": 3.33888541815e-11, "max": 0.108708314598, "dvar2": 0.000291114905849, "median": 0.00982741639018, "dmean2": 0.0115900747478, "dmean": 0.00714725768194, "var": 0.000183249881957, "dvar": 0.000126036247821, "mean": 0.012426270172}, "spectral_energyband_middle_low": {"min": 8.18316872597e-11, "max": 0.0678092241287, "dvar2": 8.12863945612e-05, "median": 0.00905365217477, "dmean2": 0.0067124790512, "dmean": 0.00410891324282, "var": 5.88881739532e-05, "dvar": 3.18002130371e-05, "mean": 0.0105356592685}, "melbands_kurtosis": {"min": -1.82850420475, "max": 412.733978271, "dvar2": 650.230529785, "median": 6.7818608284, "dmean2": 11.9760751724, "dmean": 7.49646615982, "var": 476.958526611, "dvar": 270.139434814, "mean": 12.8391170502}, "spectral_decrease": {"min": -3.28801057492e-08, "max": -4.51428260647e-17, "dvar2": 2.31944669764e-17, "median": -6.72908173627e-09, "dmean2": 3.67494745745e-09, "dmean": 2.38778596895e-09, "var": 2.33980543231e-17, "dvar": 1.07381030245e-17, "mean": -7.35898408877e-09}, "erbbands_kurtosis": {"min": -1.77612793446, "max": 34.9227676392, "dvar2": 4.09973621368, "median": -0.515367627144, "dmean2": 1.10156023502, "dmean": 0.700323522091, "var": 3.98703479767, "dvar": 1.90667319298, "mean": -0.00233488366939}, "melbands_crest": {"min": 3.43609428406, "max": 32.0041046143, "dvar2": 27.5454673767, "median": 13.5907726288, "dmean2": 5.87435674667, "dmean": 3.53820514679, "var": 24.4824619293, "dvar": 10.498462677, "mean": 14.0088739395}, "gfcc": {"cov": [[15832.6738281, -1664.48278809, 1789.76538086, 1388.49499512, 95.0257415771, 1433.9576416, -92.4702224731, 486.365692139, -143.751861572, 275.080047607, -270.44720459, -4.86565208435, -402.410339355], [-1664.48278809, 1536.72363281, -516.729370117, -15.3770580292, 122.36505127, -237.335662842, 68.3048629761, -137.327789307, 61.8553695679, -165.345748901, 74.1029281616, -109.709129333, 102.71585083], [1789.76538086, -516.729370117, 1659.86242676, 349.798614502, 245.107254028, 460.725646973, 29.8437404633, 179.54359436, -92.3829574585, 85.6488342285, -168.445388794, 66.5824508667, -141.24168396], [1388.49499512, -15.3770580292, 349.798614502, 456.877441406, 61.9000434875, 182.186004639, 15.2327308655, 48.1465606689, 12.2914161682, -1.66160190105, -22.6631603241, -35.957649231, -37.3120536804], [95.0257415771, 122.36505127, 245.107254028, 61.9000434875, 261.547821045, 104.694061279, 47.1071586609, 37.4880943298, -22.8066272736, 2.99627113342, -36.1636123657, 1.50045716763, -21.8026313782], [1433.9576416, -237.335662842, 460.725646973, 182.186004639, 104.694061279, 365.765319824, 58.6289253235, 94.7152557373, -45.2833633423, 38.5234909058, -47.9377975464, 14.9654092789, -52.3239784241], [-92.4702224731, 68.3048629761, 29.8437404633, 15.2327308655, 47.1071586609, 58.6289253235, 131.453582764, 23.5724945068, -1.96832859516, -17.2920837402, -0.368208378553, -3.19354391098, -1.30939924717], [486.365692139, -137.327789307, 179.54359436, 48.1465606689, 37.4880943298, 94.7152557373, 23.5724945068, 127.277305603, 19.8757400513, 36.1794700623, -27.9150314331, 8.11036682129, -20.6816539764], [-143.751861572, 61.8553695679, -92.3829574585, 12.2914161682, -22.8066272736, -45.2833633423, -1.96832859516, 19.8757400513, 109.996055603, 30.8884677887, 18.6041278839, -21.6672706604, 2.36351251602], [275.080047607, -165.345748901, 85.6488342285, -1.66160190105, 2.99627113342, 38.5234909058, -17.2920837402, 36.1794700623, 30.8884677887, 99.9052352905, 16.4611911774, 13.4695835114, -23.3637619019], [-270.44720459, 74.1029281616, -168.445388794, -22.6631603241, -36.1636123657, -47.9377975464, -0.368208378553, -27.9150314331, 18.6041278839, 16.4611911774, 87.3233337402, 18.0066223145, 21.7567481995], [-4.86565208435, -109.709129333, 66.5824508667, -35.957649231, 1.50045716763, 14.9654092789, -3.19354391098, 8.11036682129, -21.6672706604, 13.4695835114, 18.0066223145, 93.4247894287, 34.4777145386], [-402.410339355, 102.71585083, -141.24168396, -37.3120536804, -21.8026313782, -52.3239784241, -1.30939924717, -20.6816539764, 2.36351251602, -23.3637619019, 21.7567481995, 34.4777145386, 95.1411972046]], "icov": [[0.000148803679622, -8.53616620589e-06, 0.000135603826493, -0.000364365841961, 0.000175673165359, -0.000456424371805, 0.000263298512436, -0.000187332960195, 0.000183649666724, -0.000245772884227, 0.000363745872164, -0.000284884299617, 0.000404296122724], [-8.53616620589e-06, 0.00142974534538, -9.09880691324e-05, 7.02984107193e-05, -0.00128663016949, 0.000460323091829, -0.000305327965179, 0.000604353554081, -0.000949512061197, 0.00204000202939, -0.00172840198502, 0.00199117930606, -0.00140347436536], [0.000135603826493, -9.09880691324e-05, 0.00167891406454, -0.0011281351326, -0.000262293091509, -0.00105696427636, 0.000358840014087, -0.000473507068818, 0.000753630534746, -0.0012459497666, 0.00269374670461, -0.0023697509896, 0.00190046755597], [-0.000364365841961, 7.02984107193e-05, -0.0011281351326, 0.00441470369697, -0.000510530895554, -0.000527502561454, 0.000152314765728, 0.000406402046792, -0.00197108229622, 0.00256347516552, -0.00285833934322, 0.00294905644841, -0.0016136886552], [0.000175673165359, -0.00128663016949, -0.000262293091509, -0.000510530895554, 0.00618250994012, -0.00129765365273, -0.000866619346198, -0.000845564703923, 0.00147160794586, -0.00223421421833, 0.00267050648108, -0.00176090013701, 0.00149210810196], [-0.000456424371805, 0.000460323091829, -0.00105696427636, -0.000527502561454, -0.00129765365273, 0.00763969589025, -0.00303861848079, -0.00132386281621, 0.002021121094, -0.000889789080247, -0.000975942064542, 0.00104955025017, -0.00105476845056], [0.000263298512436, -0.000305327965179, 0.000358840014087, 0.000152314765728, -0.000866619346198, -0.00303861848079, 0.0102853812277, -0.0021765648853, -0.000673757109325, 0.00293080857955, -0.00149212777615, -0.000148424471263, 0.000965893385001], [-0.000187332960195, 0.000604353554081, -0.000473507068818, 0.000406402046792, -0.000845564703923, -0.00132386281621, -0.0021765648853, 0.0131105454639, -0.00422131223604, -0.00191738526337, 0.00282413861714, -0.000731057545636, -0.000837106083054], [0.000183649666724, -0.000949512061197, 0.000753630534746, -0.00197108229622, 0.00147160794586, 0.002021121094, -0.000673757109325, -0.00422131223604, 0.0149975558743, -0.00727186352015, 0.000509401317686, 0.00216756132431, -0.000390756031265], [-0.000245772884227, 0.00204000202939, -0.0012459497666, 0.00256347516552, -0.00223421421833, -0.000889789080247, 0.00293080857955, -0.00191738526337, -0.00727186352015, 0.0207226388156, -0.00922623183578, 0.00126945634838, 0.0014552163193], [0.000363745872164, -0.00172840198502, 0.00269374670461, -0.00285833934322, 0.00267050648108, -0.000975942064542, -0.00149212777615, 0.00282413861714, 0.000509401317686, -0.00922623183578, 0.0227964092046, -0.00918822176754, 0.0027894419618], [-0.000284884299617, 0.00199117930606, -0.0023697509896, 0.00294905644841, -0.00176090013701, 0.00104955025017, -0.000148424471263, -0.000731057545636, 0.00216756132431, 0.00126945634838, -0.00918822176754, 0.0220423471183, -0.0113321626559], [0.000404296122724, -0.00140347436536, 0.00190046755597, -0.0016136886552, 0.00149210810196, -0.00105476845056, 0.000965893385001, -0.000837106083054, -0.000390756031265, 0.0014552163193, 0.0027894419618, -0.0113321626559, 0.019353363663]], "mean": [23.2515945435, 65.4387588501, -109.475662231, 27.8244495392, -55.1542739868, 10.1653118134, -29.4546966553, 8.63717937469, -17.2374229431, 6.6382188797, -14.4416666031, 2.14651155472, -11.35795784]}, "melbands_spread": {"min": 0.427393168211, "max": 268.605712891, "dvar2": 362.760681152, "median": 25.6084899902, "dmean2": 13.7668638229, "dmean": 8.71881771088, "var": 384.066040039, "dvar": 165.912261963, "mean": 29.0077495575}, "spectral_energy": {"min": 1.01198671665e-09, "max": 0.126690074801, "dvar2": 0.000346901564626, "median": 0.0282148979604, "dmean2": 0.0143311675638, "dmean": 0.00937684252858, "var": 0.000379831210012, "dvar": 0.000162686294061, "mean": 0.0305730011314}, "mfcc": {"cov": [[10876.0800781, -356.051177979, 554.222167969, 386.743103027, 289.68157959, 480.004577637, 261.490234375, 229.300048828, 149.936813354, 198.535583496, 177.255554199, 14.7188482285, -26.3658866882], [-356.051177979, 1263.65100098, -292.576049805, 113.015899658, 44.7674255371, -11.6383676529, 14.3721036911, 7.90224933624, 18.5641937256, -54.1021347046, -12.0603237152, -8.68004798889, -55.1341362], [554.222167969, -292.576049805, 1062.53857422, 148.704925537, 270.696258545, 222.595840454, 159.766738892, 137.297668457, 91.0674438477, 72.6536026001, 32.8289108276, 9.49932384491, 9.92241477966], [386.743103027, 113.015899658, 148.704925537, 289.585876465, 101.792137146, 65.4300384521, 26.1428279877, 35.9673919678, 29.7465400696, 27.3034477234, 5.99034500122, 11.123462677, 9.5708990097], [289.68157959, 44.7674255371, 270.696258545, 101.792137146, 251.15184021, 114.014266968, 81.8531036377, 58.4069480896, 53.7613220215, 38.351940155, 14.6495475769, 5.58148288727, 1.47077441216], [480.004577637, -11.6383676529, 222.595840454, 65.4300384521, 114.014266968, 195.453475952, 113.832237244, 65.6533432007, 35.0511703491, 29.0066547394, 26.909538269, 0.0812526121736, -6.02961492538], [261.490234375, 14.3721036911, 159.766738892, 26.1428279877, 81.8531036377, 113.832237244, 178.458099365, 85.6438751221, 31.0350704193, 16.7000179291, 14.2524929047, -11.276219368, -12.9484395981], [229.300048828, 7.90224933624, 137.297668457, 35.9673919678, 58.4069480896, 65.6533432007, 85.6438751221, 117.431884766, 50.1427650452, 13.099395752, 1.17165875435, -5.03618478775, -1.21215963364], [149.936813354, 18.5641937256, 91.0674438477, 29.7465400696, 53.7613220215, 35.0511703491, 31.0350704193, 50.1427650452, 100.941642761, 37.1440353394, 15.2027492523, 1.1203802824, 0.30226752162], [198.535583496, -54.1021347046, 72.6536026001, 27.3034477234, 38.351940155, 29.0066547394, 16.7000179291, 13.099395752, 37.1440353394, 93.8655014038, 41.362537384, 5.58588981628, -2.09346866608], [177.255554199, -12.0603237152, 32.8289108276, 5.99034500122, 14.6495475769, 26.909538269, 14.2524929047, 1.17165875435, 15.2027492523, 41.362537384, 93.0084457397, 36.7562141418, -0.766466975212], [14.7188482285, -8.68004798889, 9.49932384491, 11.123462677, 5.58148288727, 0.0812526121736, -11.276219368, -5.03618478775, 1.1203802824, 5.58588981628, 36.7562141418, 75.1198425293, 28.9534034729], [-26.3658866882, -55.1341362, 9.92241477966, 9.5708990097, 1.47077441216, -6.02961492538, -12.9484395981, -1.21215963364, 0.30226752162, -2.09346866608, -0.766466975212, 28.9534034729, 66.3762969971]], "icov": [[0.000110779445095, 4.62981442979e-05, 3.36326011166e-05, -0.000118862481031, 1.03345537354e-05, -0.000228602890274, 4.4146712753e-05, -0.000118350551929, -6.31599141343e-06, -6.14852688159e-05, -0.000139624302392, 4.64742806798e-05, 5.62321292819e-05], [4.62981442979e-05, 0.00107711052988, 0.000493875995744, -0.000596753088757, -0.000486756587634, 2.17351716856e-05, -0.000179624752491, -8.65651891218e-05, -0.000474190717796, 0.00086171773728, -0.000201193688554, -0.000206441938644, 0.00101849227212], [3.36326011166e-05, 0.000493875995744, 0.0017256825231, -0.00038787178346, -0.00118658330757, -0.000833986909129, -7.0185495133e-05, -0.000791936006863, -0.000231872254517, -2.75459005934e-05, -2.52244535659e-05, -0.000147206257679, 0.000208034543903], [-0.000118862481031, -0.000596753088757, -0.00038787178346, 0.004636767786, -0.00103482429404, -0.000638956902549, 0.000924195395783, -0.000548386888113, 0.000313956959872, -0.00108630652539, 0.000830539967865, -0.000518585671671, -0.000818228116259], [1.03345537354e-05, -0.000486756587634, -0.00118658330757, -0.00103482429404, 0.00725547131151, -0.00197414844297, -0.000877510639839, 0.000558332307264, -0.00143790489528, -0.00118535920046, 0.000964871956967, -0.00062468147371, -0.000321910978528], [-0.000228602890274, 2.17351716856e-05, -0.000833986909129, -0.000638956902549, -0.00197414844297, 0.0109612960368, -0.00472816033289, -0.000165424309671, 0.000216869142605, 0.000237963118707, -0.00167399994098, 0.000438736751676, 5.39547800145e-05], [4.4146712753e-05, -0.000179624752491, -7.0185495133e-05, 0.000924195395783, -0.000877510639839, -0.00472816033289, 0.0120323644951, -0.00656457152218, 0.00158443360124, 4.83777512272e-05, -0.00128032558132, 0.00154321710579, 0.000869223673362], [-0.000118350551929, -8.65651891218e-05, -0.000791936006863, -0.000548386888113, 0.000558332307264, -0.000165424309671, -0.00656457152218, 0.0169682893902, -0.00633048452437, 0.00127701973543, 0.00188392400742, -0.000357656739652, -0.000672705529723], [-6.31599141343e-06, -0.000474190717796, -0.000231872254517, 0.000313956959872, -0.00143790489528, 0.000216869142605, 0.00158443360124, -0.00633048452437, 0.0153611050919, -0.00495904544368, -0.000474677799502, 0.000448383681942, -0.000589377712458], [-6.14852688159e-05, 0.00086171773728, -2.75459005934e-05, -0.00108630652539, -0.00118535920046, 0.000237963118707, 4.83777512272e-05, 0.00127701973543, -0.00495904544368, 0.016912965104, -0.00743189966306, 0.00284739118069, 0.000160893891007], [-0.000139624302392, -0.000201193688554, -2.52244535659e-05, 0.000830539967865, 0.000964871956967, -0.00167399994098, -0.00128032558132, 0.00188392400742, -0.000474677799502, -0.00743189966306, 0.0190008934587, -0.0104626277462, 0.00382361328229], [4.64742806798e-05, -0.000206441938644, -0.000147206257679, -0.000518585671671, -0.00062468147371, 0.000438736751676, 0.00154321710579, -0.000357656739652, 0.000448383681942, 0.00284739118069, -0.0104626277462, 0.022153897211, -0.0094046285376], [5.62321292819e-05, 0.00101849227212, 0.000208034543903, -0.000818228116259, -0.000321910978528, 5.39547800145e-05, 0.000869223673362, -0.000672705529723, -0.000589377712458, 0.000160893891007, 0.00382361328229, -0.0094046285376, 0.0203443616629]], "mean": [-620.450744629, 99.8669509888, 2.92878651619, 21.2302322388, -0.87046957016, 5.75941419601, -1.06801044941, 2.5825240612, 3.70468831062, 0.114793717861, 4.866065979, 3.58568334579, 1.84108948708]}, "spectral_contrast_valleys": {"min": [-17.9830703735, -14.8749074936, -15.5349149704, -15.3893136978, -15.5712156296, -17.5259876251], "max": [-5.20174646378, -4.73070716858, -5.0473074913, -5.62072515488, -5.35779619217, -7.08360910416], "dvar2": [0.318848788738, 0.282442510128, 0.248696386814, 0.219623148441, 0.192308336496, 0.287971973419], "median": [-6.70439815521, -6.43954181671, -6.97949171066, -7.39505004883, -7.04107761383, -9.18194484711], "dmean2": [0.685499370098, 0.630018651485, 0.568662166595, 0.503801465034, 0.394852697849, 0.357648849487], "dmean": [0.427026152611, 0.397222846746, 0.371455222368, 0.337692439556, 0.272784084082, 0.264513075352], "var": [2.65122795105, 1.11367452145, 1.07206678391, 1.17098474503, 1.380636096, 2.5925552845], "dvar": [0.1404607445, 0.125303477049, 0.123852089047, 0.112621612847, 0.107128731906, 0.171700954437], "mean": [-7.22236776352, -6.66136932373, -7.18770933151, -7.60489702225, -7.33196592331, -9.75720024109]}, "barkbands_flatness_db": {"min": 0.0208190903068, "max": 0.46614587307, "dvar2": 0.0011443446856, "median": 0.0893519222736, "dmean2": 0.0314341336489, "dmean": 0.0203188005835, "var": 0.00294641125947, "dvar": 0.000570856500417, "mean": 0.104239374399}, "dynamic_complexity": 3.37553334236, "erbbands_flatness_db": {"min": 0.0416022650898, "max": 0.363883078098, "dvar2": 0.000610073795542, "median": 0.114339709282, "dmean2": 0.0227477159351, "dmean": 0.015816019848, "var": 0.00320183043368, "dvar": 0.000334307493176, "mean": 0.13036249578}, "hfc": {"min": 8.60246836965e-06, "max": 289.676086426, "dvar2": 446.030731201, "median": 