{"lowlevel": {"spectral_complexity": {"min": 0, "max": 61, "dvar2": 61.3634109497, "median": 7, "dmean2": 5.49391126633, "dmean": 4.1954703331, "var": 140.095550537, "dvar": 41.8545379639, "mean": 10.6685066223}, "silence_rate_20dB": {"min": 1, "max": 1, "dvar2": 0, "median": 1, "dmean2": 0, "dmean": 0, "var": 0, "dvar": 0, "mean": 1}, "average_loudness": 0.913202285767, "erbbands_spread": {"min": 1.19591450691, "max": 213.073532104, "dvar2": 969.686401367, "median": 31.4386310577, "dmean2": 23.7124729156, "dmean": 15.4674692154, "var": 951.998352051, "dvar": 426.677246094, "mean": 38.7778167725}, "spectral_kurtosis": {"min": -1.58085870743, "max": 217.886581421, "dvar2": 232.695892334, "median": 4.0852971077, "dmean2": 6.58388710022, "dmean": 4.29197406769, "var": 197.813796997, "dvar": 118.675758362, "mean": 7.60116910934}, "barkbands_kurtosis": {"min": -1.97351694107, "max": 9535.21972656, "dvar2": 71068.1640625, "median": 5.60903263092, "dmean2": 39.5689201355, "dmean": 25.2950592041, "var": 26496.6777344, "dvar": 28599.4492188, "mean": 28.3409576416}, "spectral_strongpeak": {"min": 0, "max": 16.8974399567, "dvar2": 1.24013531208, "median": 0.348791599274, "dmean2": 0.674797475338, "dmean": 0.428873002529, "var": 1.15845167637, "dvar": 0.563089907169, "mean": 0.697820484638}, "spectral_spread": {"min": 482144.8125, "max": 26197970, "dvar2": 4091719712770.0, "median": 4856727, "dmean2": 1652465.625, "dmean": 1168123.125, "var": 7503109685250.0, "dvar": 2104122408960.0, "mean": 5444914.5}, "spectral_rms": {"min": 1.56295058673e-07, "max": 0.0123168034479, "dvar2": 3.90721379517e-06, "median": 0.00365242687985, "dmean2": 0.00165369512979, "dmean": 0.00120843295008, "var": 8.03071634436e-06, "dvar": 2.01548255063e-06, "mean": 0.00396828260273}, "erbbands": {"min": [8.75940153744e-11, 5.14284115294e-10, 1.84766291156e-09, 4.65616167844e-09, 9.10578190627e-09, 1.40002827109e-08, 1.69553224794e-08, 1.74387349006e-08, 2.05673469367e-08, 3.21042605833e-08, 4.33473630324e-08, 3.8046771067e-08, 2.85165810965e-08, 2.93981905486e-08, 2.17522657664e-08, 2.08399413282e-08, 1.19858114545e-08, 8.85767104108e-09, 7.40483452333e-09, 5.81953374379e-09, 3.35610739199e-09, 9.07564245978e-09, 4.87168083652e-09, 6.33961372287e-09, 1.11799787206e-08, 8.62540705526e-09, 1.24676677871e-08, 6.44637454528e-09, 7.48026529607e-09, 5.16447062893e-09, 2.48611908837e-09, 2.19443130334e-09, 3.09533865206e-09, 2.11913908643e-09, 7.85545584137e-09, 3.27262106303e-09, 1.7131244201e-09, 3.9187869616e-10, 1.43169601174e-10, 7.23469634895e-12], "max": [6.81369066238, 26.9151268005, 72.8976287842, 185.039764404, 195.349502563, 259.585906982, 362.668182373, 302.535644531, 523.173461914, 1071.84545898, 2196.39477539, 3230.67749023, 2086.58251953, 1812.45800781, 1248.55834961, 1891.35620117, 4420.45849609, 1978.66711426, 2001.21862793, 1228.06311035, 646.183227539, 499.422851562, 545.66394043, 199.522018433, 322.141571045, 293.742370605, 311.448669434, 479.180908203, 179.243453979, 126.462165833, 103.656692505, 93.4839019775, 88.0411300659, 38.4087753296, 23.0465431213, 7.52127313614, 2.60071921349, 0.720688581467, 0.110068961978, 0.00321084912866], "dvar2": [0.676939606667, 10.6209516525, 59.7575263977, 368.227630615, 416.377197266, 638.12298584, 2475.76342773, 1177.72741699, 875.24420166, 8695.48730469, 10986.2548828, 11114.5888672, 4974.92333984, 2597.71386719, 2294.33837891, 7275.16308594, 14127.9804688, 5083.53564453, 4647.73876953, 1917.9901123, 718.235046387, 620.859191895, 763.854431152, 481.307678223, 373.244506836, 271.72644043, 466.670410156, 237.713348389, 157.436203003, 128.070861816, 70.8218460083, 50.1459007263, 25.2903785706, 11.5798768997, 5.19161272049, 1.30741393566, 0.128244623542, 0.0124572664499, 0.000320472754538, 2.92151923986e-07], "median": [0.0059471540153, 0.0527852363884, 0.223653107882, 0.620332956314, 0.993470072746, 1.72212362289, 2.69895172119, 2.93839454651, 2.58905363083, 3.39274740219, 4.90181875229, 4.75131750107, 2.49533510208, 2.45197200775, 2.45615100861, 1.85458278656, 1.95783686638, 1.29065060616, 1.08789777756, 0.702366352081, 0.607986927032, 0.679050624371, 0.692507266998, 0.53478884697, 0.61578810215, 0.596965312958, 0.412244260311, 0.416756272316, 0.367386221886, 0.262529075146, 0.186805218458, 0.159610420465, 0.123173989356, 0.0575234107673, 0.0285175461322, 0.0119012212381, 0.00354036595672, 0.000661173835397, 7.39416354918e-05, 2.4792545446e-05], "dmean2": [0.328777164221, 1.48990666866, 3.43541932106, 7.56614160538, 8.9361000061, 11.5117835999, 18.3937854767, 16.2593994141, 13.2540655136, 33.6617774963, 39.3947105408, 42.8765525818, 19.5830097198, 17.9316329956, 18.7156772614, 24.1156139374, 34.084274292, 21.2721633911, 20.9300575256, 13.0288496017, 9.15589523315, 9.3920841217, 9.95115756989, 8.87489318848, 7.94589471817, 6.75994205475, 7.92333507538, 6.03051376343, 5.23770809174, 4.14504146576, 3.16226053238, 2.67559671402, 1.9981430769, 1.26176631451, 0.812786340714, 0.397947520018, 0.126508876681, 0.0363574586809, 0.00579416612163, 0.000189604179468], "dmean": [0.212076842785, 0.974667906761, 2.23268866539, 4.59334087372, 5.27965497971, 7.1968960762, 10.9654588699, 9.98287773132, 8.36852169037, 20.3062934875, 25.6411380768, 29.0070438385, 13.9238843918, 11.7369670868, 13.1307191849, 16.2294025421, 22.3809757233, 14.6032867432, 13.9411096573, 8.7924041748, 6.21861791611, 6.60903739929, 6.80431699753, 6.14855527878, 5.64982891083, 4.80389213562, 5.58907175064, 4.27974939346, 3.92893862724, 2.93826508522, 2.30590844154, 1.93331563473, 1.47076129913, 0.90865278244, 0.555569708347, 0.281146913767, 0.0939709618688, 0.0265882648528, 0.0043022390455, 0.000142150209285], "var": [0.481608629227, 8.62328052521, 34.4037780762, 129.490753174, 145.065933228, 298.054534912, 700.080688477, 510.125, 539.691894531, 4114.99560547, 9280.38476562, 11710.3544922, 4427.54394531, 2126.93725586, 2290.10693359, 4840.85058594, 11770.2402344, 3739.55737305, 3562.33740234, 1650.66052246, 414.81463623, 544.929748535, 547.068725586, 349.240783691, 360.556182861, 246.636184692, 319.887756348, 218.736785889, 171.30178833, 86.9091186523, 57.6741676331, 39.9616317749, 23.5635890961, 8.04048061371, 2.52371811867, 0.699437022209, 0.0892580077052, 0.00733722094446, 0.000206761353184, 1.99301751991e-07], "dvar": [0.258632749319, 4.31275558472, 24.777677536, 143.770294189, 156.448898315, 273.291320801, 887.326660156, 446.308105469, 377.847686768, 3448.60229492, 4792.74169922, 5446.8984375, 2333.6550293, 1209.14697266, 1278.41296387, 3284.81933594, 7113.81787109, 2192.91479492, 2032.31152344, 943.757263184, 307.254760742, 315.039459229, 337.083496094, 227.318756104, 183.503890991, 133.50831604, 216.614822388, 119.196029663, 91.0767440796, 61.8345603943, 37.4975852966, 25.8770694733, 13.5559616089, 5.70106506348, 2.21555995941, 0.566960155964, 0.0626049786806, 0.00575353717431, 0.000154664405272, 1.44170329008e-07], "mean": [0.303457319736, 1.37106955051, 2.65179562569, 4.63254880905, 5.4665145874, 7.81231594086, 11.6945695877, 12.1667461395, 10.7216520309, 23.5295257568, 33.6925048828, 37.1129798889, 20.0255298615, 16.8272571564, 18.5212802887, 20.3013114929, 26.0151767731, 18.7805309296, 17.7604866028, 11.3205652237, 7.74419593811, 8.55775260925, 8.85554790497, 7.87739706039, 7.93774461746, 6.5266251564, 6.89536190033, 5.86318063736, 5.22960948944, 3.51815366745, 2.79563713074, 2.29616308212, 1.8389364481, 1.03122270107, 0.563672661781, 0.299245625734, 0.107158184052, 0.0286930780858, 0.00468792906031, 0.000167754391441]}, "zerocrossingrate": {"min": 0.0009765625, "max": 0.55419921875, "dvar2": 0.000836012768559, "median": 0.03955078125, "dmean2": 0.019767343998, "dmean": 0.0185908358544, "var": 0.00440135132521, "dvar": 0.000814012310002, "mean": 0.0597191341221}, "spectral_contrast_coeffs": {"min": [-0.964313030243, -0.985577821732, -0.984303772449, -0.982535898685, -0.966775298119, -0.922257840633], "max": [-0.265235066414, -0.198124945164, -0.311480462551, -0.38129106164, -0.464993059635, -0.563824176788], "dvar2": [0.00721030635759, 0.00787871517241, 0.00488270865753, 0.00326518388465, 0.00193302496336, 0.00152797985356], "median": [-0.654050350189, -0.732237517834, -0.797698378563, -0.814762830734, -0.820812284946, -0.794836640358], "dmean2": [0.0996552109718, 0.102270185947, 0.0793497934937, 0.0649048313498, 0.0490593723953, 0.0421576797962], "dmean": [0.0661774948239, 0.0691727697849, 0.0552545040846, 0.0449647903442, 0.0334951281548, 0.0287150889635], "var": [0.0153645332903, 0.0168556217104, 0.0120728062466, 0.00869923643768, 0.00480896327645, 0.00377343897708], "dvar": [0.00338117894717, 0.00396193144843, 0.00256807496771, 0.00174675986636, 0.00100159388967, 0.000742132309824], "mean": [-0.64629650116, -0.709761679173, -0.772767543793, -0.794109761715, -0.809423208237, -0.789017617702]}, "dissonance": {"min": 0.00564518477768, "max": 0.500000178814, "dvar2": 0.00383562361822, "median": 0.450621277094, "dmean2": 0.0584289543331, "dmean": 0.0374512821436, "var": 0.00517660984769, "dvar": 0.00174260453787, "mean": 0.426476627588}, "spectral_energyband_high": {"min": 2.87137371172e-12, "max": 0.0172621384263, "dvar2": 3.05636535813e-06, "median": 8.02334252512e-05, "dmean2": 0.000738064176403, "dmean": 0.000565425376408, "var": 2.85686587631e-06, "dvar": 1.65466497037e-06, "mean": 0.000751715735532}, "spectral_skewness": {"min": -0.748585402966, "max": 13.3188037872, "dvar2": 1.02228033543, "median": 1.6552349329, "dmean2": 0.733415901661, "dmean": 0.505987465382, "var": 1.41285097599, "dvar": 0.529474616051, "mean": 1.91586053371}, "spectral_flux": {"min": 8.71981101227e-05, "max": 0.36790907383, "dvar2": 0.00356648862362, "median": 0.071969717741, "dmean2": 0.0527558885515, "dmean": 0.0348783805966, "var": 0.00421834504232, "dvar": 0.00164613022935, "mean": 0.0862082913518}, "silence_rate_30dB": {"min": 0, "max": 1, "dvar2": 0.0260311514139, "median": 1, "dmean2": 0.0207825955003, "dmean": 0.0103904539719, "var": 0.00845147203654, "dvar": 0.0102819148451, "mean": 0.991477251053}, "spectral_energyband_middle_high": {"min": 3.02087803557e-12, "max": 0.0888353362679, "dvar2": 3.32568524755e-05, "median": 0.0006062729517, "dmean2": 0.00259178527631, "dmean": 0.00193185696844, "var": 4.31203843618e-05, "dvar": 1.90671053133e-05, "mean": 0.00320676295087}, "barkbands_spread": {"min": 0.0232914239168, "max": 141.217056274, "dvar2": 404.991485596, "median": 11.2522392273, "dmean2": 12.6398591995, "dmean": 8.3034620285, "var": 324.097351074, "dvar": 174.263580322, "mean": 16.9814872742}, "spectral_centroid": {"min": 50.9711303711, "max": 9339.74609375, "dvar2": 744083.375, "median": 817.659179688, "dmean2": 556.251525879, "dmean": 382.90512085, "var": 1079894.125, "dvar": 400325.09375, "mean": 1134.24694824}, "pitch_salience": {"min": 0.00496581941843, "max": 0.962041378021, "dvar2": 0.0224228464067, "median": 0.564537644386, "dmean2": 0.160043746233, "dmean": 0.103577084839, "var": 0.0301688555628, "dvar": 0.00943769514561, "mean": 0.540134429932}, "erbbands_skewness": {"min": -8.72058200836, "max": 15.2767658234, "dvar2": 1.80555939674, "median": 0.757005214691, "dmean2": 1.09179747105, "dmean": 0.742678105831, "var": 2.23316192627, "dvar": 0.875576078892, "mean": 0.875497341156}, "erbbands_crest": {"min": 2.27005624771, "max": 31.6177558899, "dvar2": 23.4781475067, "median": 9.3072013855, "dmean2": 5.38808822632, "dmean": 3.41659665108, "var": 27.6836528778, "dvar": 10.0912685394, "mean": 10.4992904663}, "melbands": {"min": [8.03704867415e-13, 8.82015814552e-13, 9.28881103979e-13, 8.43705530787e-13, 6.14180472973e-13, 3.94881230579e-13, 3.21178522146e-13, 3.677452494e-13, 3.53564074719e-13, 2.27666084769e-13, 1.38790942714e-13, 1.19814938136e-13, 7.85599883757e-14, 5.58030997713e-14, 4.73067325059e-14, 1.6572660399e-14, 1.68928151361e-14, 1.1546393148e-14, 1.19144603038e-14, 3.26185971713e-15, 4.19458465832e-15, 1.03500200963e-14, 5.76929217561e-15, 4.06223110163e-15, 5.27544359176e-15, 4.4728146527e-15, 1.1645322361e-14, 3.85439547439e-15, 6.46364828116e-15, 6.86621805352e-15, 3.34161993933e-15, 4.9087503234e-15, 2.74245000827e-15, 2.91029064556e-15, 1.41432331104e-15, 1.02862696439e-15, 1.54206180872e-15, 2.32128214525e-15, 1.41171593187e-15, 1.43306518555e-15], "max": [0.0446180589497, 0.0321047976613, 0.0257838889956, 0.0214406773448, 0.0114152347669, 0.00700587686151, 0.00670381216332, 0.010714456439, 0.0177426878363, 0.0206754952669, 0.0107846269384, 0.00720616104081, 0.00565770221874, 0.00451603205875, 0.00360720488243, 0.00910319946706, 0.00399037403986, 0.0029087162111, 0.00260700588115, 0.00146287563257, 0.000552830402739, 0.000677828036714, 0.000596039462835, 0.000477166235214, 0.000190503051272, 0.00019926801906, 0.000289521442028, 0.000171836829395, 0.00017443773686, 0.000241425688728, 0.000251332297921, 0.000152005784912, 7.421727787e-05, 7.62640484027e-05, 6.19724014541e-05, 6.06498942943e-05, 7.20357711543e-05, 7.61944829719e-05, 4.76856075693e-05, 3.54833173333e-05], "dvar2": [3.13665150316e-05, 1.15313669085e-05, 1.01822633951e-05, 1.91272056327e-06, 2.52853988059e-06, 6.36183642655e-07, 2.13141348127e-07, 1.17789772958e-06, 8.63147704422e-07, 3.88832347653e-07, 1.28980914837e-07, 4.44240413344e-08, 3.54429339211e-08, 3.64821275411e-08, 6.33206340694e-08, 5.48181837701e-08, 1.82196693288e-08, 1.31682726945e-08, 8.44273717604e-09, 2.32498531538e-09, 1.21715126866e-09, 9.83805592547e-10, 7.34384053569e-10, 6.69703126288e-10, 3.42086886596e-10, 2.05039679679e-10, 2.66766164714e-10, 1.34220828896e-10, 2.33626923363e-10, 1.53418139304e-10, 8.40972708138e-11, 5.83123827003e-11, 5.16156388464e-11, 3.96739273378e-11, 2.32956588048e-11, 2.99272551185e-11, 1.7641922645e-11, 1.16960469088e-11, 1.67042334825e-11, 6.79225902953e-12], "median": [6.32598384982e-05, 0.000120056582091, 0.000129609339638, 0.00011000847735, 0.000103741753264, 6.83004036546e-05, 3.64709703717e-05, 3.38535974151e-05, 3.75794334104e-05, 2.47102816502e-05, 8.33590092952e-06, 7.83315226727e-06, 7.85302290751e-06, 3.91508319808e-06, 4.44454872195e-06, 2.77400613413e-06, 1.96299265554e-06, 1.57474767093e-06, 1.06151492218e-06, 6.97774112268e-07, 6.41768508558e-07, 6.30864349205e-07, 6.59178681417e-07, 4.86629005536e-07, 3.70214593204e-07, 4.0035840243e-07, 4.15401586906e-07, 3.27947020651e-07, 2.34586153169e-07, 2.08588133432e-07, 2.19123791112e-07, 2.04363942657e-07, 1.46786135247e-07, 1.28401666188e-07, 1.03986153022e-07, 8.40882705688e-08, 9.57858929951e-08, 8.80816912741e-08, 6.03868244298e-08, 3.93140560107e-08], "dmean2": [0.00234482996166, 0.00159884255845, 0.00129944342189, 0.000686743238475, 0.000610391900409, 0.000373855145881, 0.000207778313779, 0.000391479639802, 0.00034568173578, 0.000251607620157, 9.6813608252e-05, 7.29685343686e-05, 6.83175094309e-05, 5.88124094065e-05, 7.93824365246e-05, 6.57348282402e-05, 3.88784901588e-05, 3.54310250259e-05, 2.56815219473e-05, 1.29795889734e-05, 1.13778769446e-05, 1.09735401566e-05, 9.11117604119e-06, 9.7328411357e-06, 7.40911900721e-06, 6.03599801252e-06, 5.88308785154e-06, 4.60088358523e-06, 5.37240157428e-06, 4.62148000224e-06, 3.50227742274e-06, 3.16913269671e-06, 2.6111194984e-06, 2.36990058511e-06, 1.87269540675e-06, 1.84620398613e-06, 1.61347998073e-06, 1.36096105052e-06, 1.43860791013e-06, 9.76821866061e-07], "dmean": [0.00154639908578, 0.00107872497756, 0.000791755679529, 0.000419804768171, 0.000372670736397, 0.000229582583415, 0.000130909684231, 0.000235922008869, 0.000227439551963, 0.000171285078977, 6.79894947098e-05, 4.75267224829e-05, 4.76609857287e-05, 3.94789567508e-05, 5.24291244801e-05, 4.34950416093e-05, 2.6601661375e-05, 2.35880779655e-05, 1.71914944076e-05, 8.66121172294e-06, 7.58886699259e-06, 7.52487585487e-06, 6.14112195763e-06, 6.56548400002e-06, 5.03999854118e-06, 4.17804312747e-06, 4.05238642998e-06, 3.18714637615e-06, 3.66708945876e-06, 3.18313641401e-06, 2.42276632889e-06, 2.32855268223e-06, 1.88242813692e-06, 1.61459490755e-06, 1.35176128424e-06, 1.31154047267e-06, 1.15518525945e-06, 1.00334705166e-06, 1.01905266092e-06, 6.88488569267e-07], "var": [2.62896010099e-05, 9.30463829718e-06, 3.74124442715e-06, 8.55486234741e-07, 8.00781435828e-07, 2.65216669959e-07, 1.28574555447e-07, 5.34408400199e-07, 7.94132574811e-07, 4.66861905579e-07, 1.1148813428e-07, 3.60416478884e-08, 3.34639871369e-08, 2.64816630846e-08, 3.9694473486e-08, 4.88044342717e-08, 1.35035325144e-08, 9.34212618375e-09, 6.62314869615e-09, 1.21166754408e-09, 6.35798969029e-10, 6.89055479342e-10, 5.24698062776e-10, 5.12639874994e-10, 2.27944413345e-10, 1.80754369805e-10, 2.0863598349e-10, 1.02821792747e-10, 1.35178812588e-10, 1.14916659522e-10, 7.25000545709e-11, 6.51742271263e-11, 3.61362433032e-11, 2.54275680373e-11, 1.93787191155e-11, 1.94052725278e-11, 1.44611076586e-11, 1.13490137427e-11, 1.08484349975e-11, 4.51737822496e-12], "dvar": [1.214169788e-05, 4.85116743221e-06, 3.99343207391e-06, 7.72693567797e-07, 9.40121765325e-07, 2.38371725914e-07, 9.1966221305e-08, 4.61429294774e-07, 3.78210756935e-07, 1.99476914986e-07, 6.02831562446e-08, 2.07449186718e-08, 1.91231332991e-08, 1.68359584052e-08, 2.84447967402e-08, 2.86403292193e-08, 7.91407117617e-09, 5.69312152976e-09, 4.10805167661e-09, 9.95096338663e-10, 5.10987863134e-10, 4.69282612769e-10, 3.26426052855e-10, 3.17101428449e-10, 1.58209945145e-10, 9.88733817042e-11, 1.20934401382e-10, 6.33760266489e-11, 1.03264674589e-10, 7.15318221323e-11, 4.10130610029e-11, 3.30746714738e-11, 2.52614023449e-11, 1.88175829086e-11, 1.23424196211e-11, 1.46490441305e-11, 8.9731312658e-12, 6.25563099585e-12, 7.84888213451e-12, 3.313104565e-12], "mean": [0.00239293719642, 0.00154467695393, 0.000832429155707, 0.000463335105451, 0.000407259445637, 0.000280818232568, 0.000166162397363, 0.000268285511993, 0.00029928580625, 0.000219440524234, 9.41830221564e-05, 6.56238553347e-05, 6.49128123769e-05, 4.98735425936e-05, 6.16548131802e-05, 4.89466001454e-05, 3.29545218847e-05, 2.85337191599e-05, 2.03595118364e-05, 1.05916387838e-05, 8.85138979356e-06, 8.9814848252e-06, 8.08938784758e-06, 8.01975056675e-06, 6.13013389739e-06, 5.61172237212e-06, 5.46629325981e-06, 4.01948818762e-06, 4.25473263022e-06, 3.95826918975e-06, 3.29266140398e-06, 3.1464935546e-06, 2.21765117203e-06, 1.87537375496e-06, 1.64631899224e-06, 1.49216396039e-06, 1.36504468173e-06, 1.26363784148e-06, 1.18113325698e-06, 7.59839338116e-07]}, "spectral_entropy": {"min": 3.85094952583, "max": 9.14038085938, "dvar2": 0.325850129128, "median": 7.33163881302, "dmean2": 0.522901654243, "dmean": 0.385008841753, "var": 0.740095973015, "dvar": 0.179680004716, "mean": 7.23133707047}, "spectral_rolloff": {"min": 21.533203125, "max": 18087.890625, "dvar2": 5679551, "median": 624.462890625, "dmean2": 1144.51489258, "dmean": 688.433654785, "var": 5328274, "dvar": 2736021.25, "mean": 1411.45068359}, "barkbands": {"min": [1.52636844136e-12, 2.46791953193e-12, 1.81807997476e-12, 1.87360673851e-12, 3.95870836112e-12, 2.14177070176e-12, 1.63283145685e-12, 1.89812727168e-12, 1.64020186322e-12, 8.9704166404e-13, 6.09751073417e-13, 5.03193190241e-13, 2.29325401984e-13, 1.75199400343e-13, 1.49933180021e-13, 3.57045122634e-14, 1.58795556999e-13, 9.75440499315e-14, 1.37238609149e-13, 2.01746076984e-13, 2.43387395741e-13, 2.06963230733e-13, 1.06490615208e-13, 1.52095214678e-13, 6.39279807476e-13, 8.98015711272e-13, 6.07661815831e-13], "max": [0.031669061631, 0.120039753616, 0.0660426542163, 0.0570183992386, 0.0782616883516, 0.0413201227784, 0.0443460792303, 0.078960314393, 0.116182938218, 0.034589830786, 0.0407874546945, 0.0367964804173, 0.0810549855232, 0.0336026065052, 0.0337527953088, 0.015372778289, 0.00939603615552, 0.00990891829133, 0.00421163393185, 0.00585467321798, 0.00908624380827, 0.00424639927223, 0.00355010177009, 0.00493084080517, 0.00372626679018, 0.00135159667116, 0.00067231443245], "dvar2": [1.24933876577e-05, 0.000282169989077, 6.077182843e-05, 7.85316078691e-05, 4.03789781558e-05, 2.70768741757e-05, 7.77013337938e-06, 2.79082923953e-05, 1.89880865946e-05, 2.78399329545e-06, 1.86863439922e-06, 3.37918345394e-06, 5.99077930019e-06, 1.68207657225e-06, 1.60501883784e-06, 3.10627655153e-07, 2.3873994337e-07, 2.91276336384e-07, 1.22895968957e-07, 1.67383802818e-07, 2.02231106528e-07, 1.13592150797e-07, 9.0038021483e-08, 9.57818997449e-08, 9.67221396309e-08, 3.95871815329e-08, 1.15660707678e-08], "median": [2.42230617005e-05, 0.000234537641518, 0.000144477235153, 0.000161103962455, 0.000555602018721, 0.000382088241167, 0.000166073907167, 0.000153359986143, 0.000168636295712, 4.66480632895e-05, 5.32839658263e-05, 3.07412410621e-05, 3.21816260112e-05, 2.09233985515e-05, 1.52031261678e-05, 9.85058431979e-06, 1.12318393803e-05, 1.08718941192e-05, 1.06858724394e-05, 1.22201217891e-05, 1.00328252302e-05, 9.98267751129e-06, 6.97952509654e-06, 8.06047864899e-06, 4.49551862403e-06, 2.21548589252e-06, 3.48302251041e-07], "dmean2": [0.00119592994452, 0.00733180856332, 0.00345122837462, 0.00325263012201, 0.00309564592317, 0.00224848347716, 0.00116172723938, 0.00197145575657, 0.00184795865789, 0.000549181422684, 0.000507620978169, 0.000543471425772, 0.000748099118937, 0.000399900454795, 0.000378266122425, 0.000170294530108, 0.000179935013875, 0.00020248866349, 0.000154356952407, 0.000159304821864, 0.000175576933543, 0.000138941730256, 0.000116566538054, 0.000121948345623, 0.00011157940753, 7.06351784174e-05, 3.39223115589e-05], "dmean": [0.000791037746239, 0.00489813880995, 0.00216944306158, 0.00187602592632, 0.00190609775018, 0.00135949533433, 0.000729808292817, 0.00121279119048, 0.00125573924743, 0.000374106952222, 0.000342659302987, 0.000362893566489, 0.000497320259456, 0.00027261726791, 0.000248556636507, 0.000114619157102, 0.000124362166389, 0.000136114875204, 0.000107643230876, 0.000109909153252, 0.000124126119772, 0.000104052691313, 8.29013661132e-05, 8.94940458238e-05, 7.87835306255e-05, 5.28428536199e-05, 2.46837989835e-05], "var": [7.85865631769e-06, 0.00024937003036, 2.98305476463e-05, 2.17318975047e-05, 1.79914532055e-05, 9.19071408134e-06, 4.32383512816e-06, 1.51798622028e-05, 2.50204720942e-05, 2.51042979471e-06, 1.7235344103e-06, 2.31149192587e-06, 5.01194563185e-06, 1.26421366531e-06, 1.29036379803e-06, 1.56823375619e-07, 1.85515375506e-07, 2.10605591633e-07, 1.08621243555e-07, 1.21413634702e-07, 1.63723072433e-07, 1.14527793471e-07, 7.29885059059e-08, 8.68491056849e-08, 5.47279945806e-08, 2.72975757554e-08, 6.49395381913e-09], "dvar": [4.78859055875e-06, 0.000110518412839, 2.4830982511e-05, 2.88066967187e-05, 1.65944202308e-05, 9.78206116997e-06, 3.32109425472e-06, 1.12966272354e-05, 9.39091023611e-06, 1.33257969992e-06, 9.52618393057e-07, 1.51910091972e-06, 3.02141188513e-06, 7.40875009342e-07, 7.34470688712e-07, 1.28669171318e-07, 1.15464899864e-07, 1.34919204697e-07, 5.87547255293e-08, 7.64630243566e-08, 9.75284280003e-08, 6.27084020266e-08, 4.77857646786e-08, 5.09601107979e-08, 4.37554774635e-08, 1.90003390799e-08, 5.30616750538e-09], "mean": [0.00103538751137, 0.00758101092651, 0.00233149994165, 0.00168853672221, 0.00212554191239, 0.00160146469716, 0.000891977688298, 0.00141660484951, 0.00163760012947, 0.000519256398547, 0.000468978396384, 0.00044486564002, 0.00056373066036, 0.000335489079589, 0.00030432982021, 0.000137407259899, 0.000152103995788, 0.000168052283698, 0.000146956939716, 0.000141361349961, 0.00016177764337, 0.000136919567012, 0.000100172095699, 0.000111325956823, 8.39899512357e-05, 6.04223496339e-05, 2.55882732745e-05]}, "melbands_flatness_db": {"min": 0.0242217835039, "max": 0.887702822685, "dvar2": 0.00567359151319, "median": 0.256940037012, "dmean2": 0.071428745985, "dmean": 0.0524588786066, "var": 0.0160041078925, "dvar": 0.00291345897131, "mean": 0.273695915937}, "melbands_skewness": {"min": -6.31732702255, "max": 87.8498840332, "dvar2": 16.9029693604, "median": 2.65167999268, "dmean2": 2.6217944622, "dmean": 1.74899101257, "var": 18.6541481018, "dvar": 8.08909034729, "mean": 3.72404026985}, "barkbands_skewness": {"min": -10.9093160629, "max": 71.4433670044, "dvar2": 11.471862793, "median": 1.92059409618, "dmean2": 2.03536009789, "dmean": 1.36782705784, "var": 11.3810901642, "dvar": 5.35394144058, "mean": 2.52794647217}, "silence_rate_60dB": {"min": 0, "max": 1, "dvar2": 0.184210687876, "median": 0, "dmean2": 0.211073219776, "dmean": 0.105528049171, "var": 0.189078584313, "dvar": 0.0943793281913, "mean": 0.253165572882}, "spectral_energyband_low": {"min": 5.99135714999e-12, "max": 0.141020447016, "dvar2": 0.000389439315768, "median": 0.00125076365657, "dmean2": 0.0101039633155, "dmean": 0.00653158221394, "var": 0.000425815378549, "dvar": 0.000157548129209, "mean": 0.0117844101042}, "spectral_energyband_middle_low": {"min": 1.34110283642e-11, "max": 0.116452559829, "dvar2": 0.000350819755113, "median": 0.00453302124515, "dmean2": 0.0105561893433, "dmean": 0.00677268905565, "var": 0.000180818038643, "dvar": 0.000139052033774, "mean": 0.00957542844117}, "melbands_kurtosis": {"min": -1.97052812576, "max": 11392.6083984, "dvar2": 127681.101562, "median": 12.0329685211, "dmean2": 72.0101089478, "dmean": 46.7109107971, "var": 67905.2421875, "dvar": 58058.5742188, "mean": 58.0519943237}, "spectral_decrease": {"min": -4.05068156795e-08, "max": 2.68302342149e-11, "dvar2": 4.30234768388e-17, "median": -3.37093286618e-09, "dmean2": 4.50925830009e-09, "dmean": 3.04059666334e-09, "var": 4.90760599512e-17, "dvar": 1.88283760928e-17, "mean": -6.09193895329e-09}, "erbbands_kurtosis": {"min": -1.92752277851, "max": 310.542175293, "dvar2": 307.217803955, "median": 0.872630357742, "dmean2": 6.22827672958, "dmean": 3.93723011017, "var": 163.75668335, "dvar": 135.935714722, "mean": 3.97896289825}, "melbands_crest": {"min": 3.21099567413, "max": 39.7311325073, "dvar2": 42.1741447449, "median": 15.9659252167, "dmean2": 7.32233572006, "dmean": 4.60935735703, "var": 55.5660820007, "dvar": 17.8846530914, "mean": 17.1984558105}, "gfcc": {"cov": [[22842.2089844, -576.511474609, -2720.0559082, -571.055664062, -908.39630127, -67.1463317871, -134.965393066, 253.62638855, -49.5713844299, 55.0828895569, -216.617218018, -128.909637451, -155.310745239], [-576.511474609, 3524.66430664, -154.062866211, -339.14932251, 334.026489258, -501.666900635, 243.0050354, -171.778533936, 71.9722518921, -252.381591797, 64.7688369751, -256.103607178, 71.3830718994], [-2720.0559082, -154.062866211, 2719.41088867, 784.912963867, 481.92074585, 349.028320312, 62.4287223816, 73.7597732544, 27.1918067932, -34.5260391235, -91.0841522217, -16.1500701904, -123.219062805], [-571.055664062, -339.14932251, 784.912963867, 1163.53356934, 401.097137451, 78.5373077393, 114.64831543, 76.2765884399, 104.453903198, 28.9707813263, -35.7518920898, -21.5525588989, -18.0562591553], [-908.39630127, 334.026489258, 481.92074585, 401.097137451, 734.223327637, 156.505432129, 167.6927948, 93.5409317017, 137.513031006, 19.8439445496, -12.7931146622, -10.6385583878, 30.4400615692], [-67.1463317871, -501.666900635, 349.028320312, 78.5373077393, 156.505432129, 466.610961914, 115.254737854, 80.9721755981, 40.2960968018, 76.224067688, 20.0863666534, 53.9257278442, -22.5298557281], [-134.965393066, 243.0050354, 62.4287223816, 114.64831543, 167.6927948, 115.254737854, 368.995056152, 74.927986145, 51.4352378845, 38.8036804199, 76.2532958984, 21.9556713104, 19.6654453278], [253.62638855, -171.778533936, 73.7597732544, 76.2765884399, 93.5409317017, 80.9721755981, 74.927986145, 211.438919067, 81.1792984009, 40.2705764771, 15.2392034531, 14.7557458878, -1.46194279194], [-49.5713844299, 71.9722518921, 27.1918067932, 104.453903198, 137.513031006, 40.2960968018, 51.4352378845, 81.1792984009, 196.148300171, 66.897315979, 13.4105577469, 5.01612091064, 40.977104187], [55.0828895569, -252.381591797, -34.5260391235, 28.9707813263, 19.8439445496, 76.224067688, 38.8036804199, 40.2705764771, 66.897315979, 153.783294678, 48.3971214294, 37.61145401, 21.8378276825], [-216.617218018, 64.7688369751, -91.0841522217, -35.7518920898, -12.7931146622, 20.0863666534, 76.2532958984, 15.2392034531, 13.4105577469, 48.3971214294, 159.030654907, 66.6860275269, 35.4401016235], [-128.909637451, -256.103607178, -16.1500701904, -21.5525588989, -10.6385583878, 53.9257278442, 21.9556713104, 14.7557458878, 5.01612091064, 37.61145401, 66.6860275269, 150.183807373, 58.1534881592], [-155.310745239, 71.3830718994, -123.219062805, -18.0562591553, 30.4400615692, -22.5298557281, 19.6654453278, -1.46194279194, 40.977104187, 21.8378276825, 35.4401016235, 58.1534881592, 132.834976196]], "icov": [[5.73221550439e-05, -3.06206893583e-05, 7.43991695344e-05, -4.39176037617e-05, 8.00092384452e-05, -7.30349856894e-05, 2.16312582779e-05, -0.000129199761432, 3.6826269934e-05, -5.71249365748e-05, 0.000156677444465, -5.11575672135e-05, 8.97994395928e-05], [-3.06206893583e-05, 0.000840949185658, -0.000182699528523, 0.000539481581654, -0.000583295361139, 0.000894114258699, -0.000738763716072, 0.000791214231867, -0.000760789494962, 0.00123181869276, -0.00108640361577, 0.00153878016863, -0.000532089790795], [7.43991695344e-05, -0.000182699528523, 0.000676462776028, -0.000450175226433, 4.23662140747e-06, -0.000588031834923, 0.000273225741694, -0.000270975084277, 0.000247313873842, -2.42858841375e-05, 0.000489803671371, -0.000502920884173, 0.000624525535386], [-4.39176037617e-05, 0.000539481581654, -0.000450175226433, 0.00161745026708, -0.000847533287015, 0.000889261369593, -0.000679197662976, 0.000497380911838, -0.000731756153982, 0.00048274412984, -0.00051191955572, 0.000954129442107, -0.000222669827053], [8.00092384452e-05, -0.000583295361139, 4.23662140747e-06, -0.000847533287015, 0.00266901380382, -0.0011012860341, -0.000109659871669, -0.000769275764469, -0.000497970206197, -0.000328539696056, 0.0011216312414, -0.000653920113109, -0.000300263112877], [-7.30349856894e-05, 0.000894114258699, -0.000588031834923, 0.000889261369593, -0.0011012860341, 0.00412693573162, -0.00146609684452, 0.000410965585615, -0.000616514880676, -0.000101049401565, -0.000698369462043, 0.000329018483171, 0.000432517088484], [2.16312582779e-05, -0.000738763716072, 0.000273225741694, -0.000679197662976, -0.000109659871669, -0.00146609684452, 0.00439048279077, -0.00142369803507, 0.000769787584431, -0.000898018537555, -0.000986263621598, -0.000727551116142, 0.000186039862456], [-0.000129199761432, 0.000791214231867, -0.000270975084277, 0.000497380911838, -0.000769275764469, 0.000410965585615, -0.00142369803507, 0.00715574994683, -0.00308476644568, 0.00101493718103, -0.001132356585, 0.000724061508663, 0.000545381859411], [3.6826269934e-05, -0.000760789494962, 0.000247313873842, -0.000731756153982, -0.000497970206197, -0.000616514880676, 0.000769787584431, -0.00308476644568, 0.0090270601213, -0.00411614775658, 0.00124470877927, -2.13838011405e-05, -0.00198724633083], [-5.71249365748e-05, 0.00123181869276, -2.42858841375e-05, 0.00048274412984, -0.000328539696056, -0.000101049401565, -0.000898018537555, 0.00101493718103, -0.00411614775658, 0.0112012717873, -0.003654116299, 0.0013831142569, -0.00068570417352], [0.000156677444465, -0.00108640361577, 0.000489803671371, -0.00051191955572, 0.0011216312414, -0.000698369462043, -0.000986263621598, -0.001132356585, 0.00124470877927, -0.003654116299, 0.0110109001398, -0.00537952361628, 0.000543995003682], [-5.11575672135e-05, 0.00153878016863, -0.000502920884173, 0.000954129442107, -0.000653920113109, 0.000329018483171, -0.000727551116142, 0.000724061508663, -2.13838011405e-05, 0.0013831142569, -0.00537952361628, 0.0133829824626, -0.00554665317759], [8.97994395928e-05, -0.000532089790795, 0.000624525535386, -0.000222669827053, -0.000300263112877, 0.000432517088484, 0.000186039862456, 0.000545381859411, -0.00198724633083, -0.00068570417352, 0.000543995003682, -0.00554665317759, 0.011597616598]], "mean": [-103.307182312, 82.6961364746, -85.5807647705, 20.2433223724, -60.1699676514, 8.27626514435, -30.658405304, 4.25816726685, -20.9933929443, 4.71043539047, -12.4507493973, -0.0664253532887, -9.78844070435]}, "melbands_spread": {"min": 0.0296242665499, "max": 344.128540039, "dvar2": 1662.95471191, "median": 10.4012460709, "dmean2": 17.1154384613, "dmean": 10.9444904327, "var": 1088.87438965, "dvar": 713.815551758, "mean": 19.8015289307}, "spectral_energy": {"min": 2.5038849466e-11, "max": 0.155496239662, "dvar2": 0.000663766288199, "median": 0.0136737264693, "dmean2": 0.0177929587662, "dmean": 0.0121021484956, "var": 0.000773648731411, "dvar": 0.000298165716231, "mean": 0.0243723839521}, "mfcc": {"cov": [[22010.6679688, 431.094421387, -2803.68579102, -743.063232422, -1248.26538086, -518.659240723, -371.109832764, -146.705917358, -63.4826316833, 48.0193214417, 147.152679443, -47.9344291687, -312.429412842], [431.094421387, 3161.00244141, -171.115020752, 2.98695635796, -81.3736877441, -210.852264404, 17.371547699, -51.8085594177, -7.22478675842, -49.801738739, -53.4699897766, -71.5994415283, -14.6248474121], [-2803.68579102, -171.115020752, 1937.53649902, 499.510742188, 485.72088623, 278.609100342, 155.867385864, 148.802032471, 55.8089065552, 38.0811386108, -28.0453033447, 5.08814954758, 85.6273422241], [-743.063232422, 2.98695635796, 499.510742188, 1009.52783203, 372.480285645, 153.207305908, 92.4877243042, 93.8118057251, 140.697647095, 84.2618484497, -5.951379776, 5.05823373795, 81.4421463013], [-1248.26538086, -81.3736877441, 485.72088623, 372.480285645, 662.463195801, 227.42086792, 77.7973556519, 119.944763184, 155.40562439, 98.51512146, 4.3159532547, 11.2772808075, 50.47240448], [-518.659240723, -210.852264404, 278.609100342, 153.207305908, 227.42086792, 380.514892578, 159.106872559, 96.1445922852, 94.2483596802, 67.7563323975, 54.4097137451, 30.0017433167, 37.5840759277], [-371.109832764, 17.371547699, 155.867385864, 92.4877243042, 77.7973556519, 159.106872559, 297.310241699, 133.215057373, 50.5090713501, 36.8973426819, 70.3402252197, 39.4198303223, 37.1880569458], [-146.705917358, -51.8085594177, 148.802032471, 93.8118057251, 119.944763184, 96.1445922852, 133.215057373, 213.025787354, 81.4789428711, 44.0562286377, 52.5480041504, 31.9624710083, 35.5300559998], [-63.4826316833, -7.22478675842, 55.8089065552, 140.697647095, 155.40562439, 94.2483596802, 50.5090713501, 81.4789428711, 205.669052124, 94.5791931152, 34.1025657654, 23.0256595612, 27.21159935], [48.0193214417, -49.801738739, 38.0811386108, 84.2618484497, 98.51512146, 67.7563323975, 36.8973426819, 44.0562286377, 94.5791931152, 163.660629272, 70.1914291382, 22.640581131, 17.1067638397], [147.152679443, -53.4699897766, -28.0453033447, -5.951379776, 4.3159532547, 54.4097137451, 70.3402252197, 52.5480041504, 34.1025657654, 70.1914291382, 158.14414978, 51.0698699951, 7.92079687119], [-47.9344291687, -71.5994415283, 5.08814954758, 5.05823373795, 11.2772808075, 30.0017433167, 39.4198303223, 31.9624710083, 23.0256595612, 22.640581131, 51.0698699951, 114.807098389, 37.8597450256], [-312.429412842, -14.6248474121, 85.6273422241, 81.4421463013, 50.47240448, 37.5840759277, 37.1880569458, 35.5300559998, 27.21159935, 17.1067638397, 7.92079687119, 37.8597450256, 130.986953735]], "icov": [[6.07867732469e-05, -5.9217868511e-06, 7.00102027622e-05, -2.07386965485e-05, 9.21762912185e-05, -2.03236304515e-05, 7.14956404408e-05, -7.93627768871e-05, -1.48903800437e-05, -5.80609266763e-05, -2.64254595095e-05, 8.92469506653e-06, 9.26924549276e-05], [-5.9217868511e-06, 0.00034420855809, 8.62639990373e-06, -1.27510511447e-05, -3.9919243136e-05, 0.000274874735624, -0.000237312400714, 0.000131690641865, -0.000131281034555, 8.4107312432e-05, 1.76776338776e-05, 0.000207664546906, -5.00415662827e-05], [7.00102027622e-05, 8.62639990373e-06, 0.000800511450507, -0.000222183080041, -0.000259449181613, -0.000271052471362, -1.66691788763e-05, -0.000325731583871, 0.000400551100029, -5.35525941814e-05, 0.000209341422305, 5.56837367185e-05, -5.134562889e-05], [-2.07386965485e-05, -1.27510511447e-05, -0.000222183080041, 0.00139220803976, -0.000522455899045, 8.74257093528e-05, -0.000223046648898, 0.000133940469823, -0.000452039559605, -0.000168008467881, 0.00019788571808, 0.000208356650546, -0.000524378323462], [9.21762912185e-05, -3.9919243136e-05, -0.000259449181613, -0.000522455899045, 0.00288429367356, -0.00104975118302, 0.000650631031021, -0.00077847216744, -0.000893677643035, -0.000697668467183, 0.000566516537219, 4.60400406155e-05, 0.000155311019626], [-2.03236304515e-05, 0.000274874735624, -0.000271052471362, 8.74257093528e-05, -0.00104975118302, 0.00458166236058, -0.00203176238574, 0.000481748749735, -0.000828322488815, -0.000118736985314, -0.000537929299753, 0.000127146588056, -0.000175554916495], [7.14956404408e-05, -0.000237312400714, -1.66691788763e-05, -0.000223046648898, 0.000650631031021, -0.00203176238574, 0.00605586636811, -0.0029542571865, 0.000457955611637, 0.000261142413365, -0.00126140483189, -0.000404394813813, -0.000228159784456], [-7.93627768871e-05, 0.000131690641865, -0.000325731583871, 0.000133940469823, -0.00077847216744, 0.000481748749735, -0.0029542571865, 0.00801379606128, -0.00210009515285, 0.000670250330586, -0.00118877366185, -0.000141208118293, -0.000756755936891], [-1.48903800437e-05, -0.000131281034555, 0.000400551100029, -0.000452039559605, -0.000893677643035, -0.000828322488815, 0.000457955611637, -0.00210009515285, 0.00849072635174, -0.00372643093579, 0.000870793068316, -0.000660765974317, -0.000148193576024], [-5.80609266763e-05, 8.4107312432e-05, -5.35525941814e-05, -0.000168008467881, -0.000697668467183, -0.000118736985314, 0.000261142413365, 0.000670250330586, -0.00372643093579, 0.0103969927877, -0.00418337853625, 0.00056303688325, -0.00043613978778], [-2.64254595095e-05, 1.76776338776e-05, 0.000209341422305, 0.00019788571808, 0.000566516537219, -0.000537929299753, -0.00126140483189, -0.00118877366185, 0.000870793068316, -0.00418337853625, 0.0102444197983, -0.00341494637541, 0.0010286886245], [8.92469506653e-06, 0.000207664546906, 5.56837367185e-05, 0.000208356650546, 4.60400406155e-05, 0.000127146588056, -0.000404394813813, -0.000141208118293, -0.000660765974317, 0.00056303688325, -0.00341494637541, 0.0115301543847, -0.00308495736681], [9.26924549276e-05, -5.00415662827e-05, -5.134562889e-05, -0.000524378323462, 0.000155311019626, -0.000175554916495, -0.000228159784456, -0.000756755936891, -0.000148193576024, -0.00043613978778, 0.0010286886245, -0.00308495736681, 0.00938722398132]], "mean": [-756.511779785, 118.523971558, 24.7172050476, 17.7007656097, -1.51846003532, 4.4601392746, 0.611954510212, -0.595388412476, -1.74830210209, 1.29712486267, 1.54420304298, 1.25818347931, -2.10193133354]}, "spectral_contrast_valleys": {"min": [-15.7315559387, -16.2228946686, -16.8921775818, -18.1704216003, -17.9477901459, -19.4745178223], "max": [-4.98112344742, -4.34280633926, -4.93323421478, -5.36062097549, -5.56065797806, -7.53481292725], "dvar2": [0.712266623974, 1.40269362926, 1.16522789001, 1.02626407146, 0.912118792534, 0.825275957584], "median": [-8.24343013763, -7.55874109268, -8.37329864502, -8.89629364014, -8.80762386322, -10.8409404755], "dmean2": [0.954709470272, 1.17564165592, 1.09274816513, 1.00749695301, 0.887823820114, 0.807866215706], "dmean": [0.690822958946, 0.836414158344, 0.7970443964, 0.758134484291, 0.691607415676, 0.677736997604], "var": [2.7497959137, 2.88123130798, 2.94068312645, 2.83662462234, 2.51619529724, 2.63320112228], "dvar": [0.432596027851, 0.742026507854, 0.646787166595, 0.589884519577, 0.515731871128, 0.534316539764], "mean": [-8.33856868744, -7.82969999313, -8.55017089844, -9.03437519073, -8.91043376923, -10.9853143692]}, "barkbands_flatness_db": {"min": 0.01605187729, "max": 0.742343008518, "dvar2": 0.00418477319181, "median": 0.178372338414, "dmean2": 0.0627202317119, "dmean": 0.0455040112138, "var": 0.0105066988617, "dvar": 0.00213696504943, "mean": 0.193248435855}, "dynamic_complexity": 5.15195131302, "erbbands_flatness_db": {"min": 0.0319662205875, "max": 0.432666927576, "dvar2": 0.0023979882244, "median": 0.168888792396, "dmean2": 0.0479961335659, "dmean": 0.0348010361195, "var