{"lowlevel": {"spectral_complexity": {"min": 0, "max": 64, "dvar2": 104.693756104, "median": 11, "dmean2": 8.02668094635, "dmean": 5.6672296524, "var": 186.06211853, "dvar": 54.966178894, "mean": 15.0559310913}, "silence_rate_20dB": {"min": 1, "max": 1, "dvar2": 0, "median": 1, "dmean2": 0, "dmean": 0, "var": 0, "dvar": 0, "mean": 1}, "average_loudness": 0.915473163128, "erbbands_spread": {"min": 2.86037898064, "max": 168.640625, "dvar2": 554.641601562, "median": 44.6905517578, "dmean2": 21.8051948547, "dmean": 14.2817001343, "var": 676.846374512, "dvar": 242.03817749, "mean": 49.1284294128}, "spectral_kurtosis": {"min": -1.44413805008, "max": 36.1690406799, "dvar2": 13.0399503708, "median": 2.70165657997, "dmean2": 2.58843374252, "dmean": 1.61938035488, "var": 11.9469604492, "dvar": 5.58147907257, "mean": 3.64918112755}, "barkbands_kurtosis": {"min": -1.95881199837, "max": 1169.37097168, "dvar2": 2641.47558594, "median": 1.97209620476, "dmean2": 15.5100355148, "dmean": 9.52346897125, "var": 1036.60205078, "dvar": 1010.59643555, "mean": 10.4642438889}, "spectral_strongpeak": {"min": 0, "max": 24.1390209198, "dvar2": 2.48038268089, "median": 0.269559800625, "dmean2": 0.66612803936, "dmean": 0.390382170677, "var": 1.02177226543, "dvar": 0.928181946278, "mean": 0.546694099903}, "spectral_spread": {"min": 1550689.875, "max": 40554040, "dvar2": 1873495588860.0, "median": 4960919.5, "dmean2": 1135386.25, "dmean": 779928.5, "var": 4343402070020.0, "dvar": 969921462272, "mean": 5264608}, "spectral_rms": {"min": 3.24845033685e-12, "max": 0.0152151975781, "dvar2": 4.65129915028e-06, "median": 0.0037903750781, "dmean2": 0.00173391017597, "dmean": 0.00121189618949, "var": 5.73903662371e-06, "dvar": 2.28001772484e-06, "mean": 0.00394742609933}, "erbbands": {"min": [4.34887733182e-22, 7.99949729853e-21, 1.00308242774e-20, 6.61080928017e-21, 9.22991973553e-20, 7.03358266449e-20, 3.76238319482e-19, 3.41264993936e-19, 5.67104739907e-19, 2.27933572746e-19, 3.05997217942e-19, 4.93814004395e-19, 9.85878625191e-19, 1.37459075076e-18, 3.22546320604e-18, 2.25999164355e-18, 2.64363532331e-18, 4.77092176081e-18, 6.09084559245e-18, 4.38352206067e-18, 8.5239580732e-18, 1.07007963517e-17, 8.82405754507e-18, 1.16733903528e-17, 1.69804744567e-17, 1.41649832621e-17, 1.51893935112e-17, 1.59997062567e-17, 1.65804945802e-17, 1.84573293398e-17, 1.95398159397e-17, 1.78245163188e-17, 1.62853184873e-17, 1.15747482376e-17, 8.73208085122e-18, 5.2610407494e-18, 3.12244675294e-18, 1.30724604799e-18, 2.67650520611e-19, 3.15616417275e-20], "max": [6.1338300705, 44.9224472046, 93.3794708252, 225.940979004, 197.621490479, 134.986984253, 341.60760498, 316.981750488, 427.392608643, 1069.31640625, 904.680908203, 662.256835938, 1012.97363281, 1238.45947266, 1417.69946289, 1578.01403809, 865.596618652, 967.942687988, 2267.84570312, 1025.1060791, 536.566894531, 862.410339355, 703.60736084, 1262.84973145, 658.36126709, 694.054382324, 740.807983398, 1032.46630859, 1052.17297363, 411.423309326, 250.831558228, 1299.17810059, 580.559448242, 585.803771973, 88.5812072754, 26.4994297028, 3.41686940193, 0.43391636014, 0.078152321279, 0.00418287003413], "dvar2": [0.274844050407, 20.2520656586, 65.2812652588, 1106.7644043, 785.290100098, 74.2839736938, 226.491958618, 672.008789062, 931.25604248, 1938.8470459, 2435.47583008, 1851.70202637, 1538.66101074, 2584.84814453, 3321.53149414, 1988.68798828, 1324.3996582, 1367.27734375, 2295.2487793, 2910.4465332, 1718.51660156, 2898.56738281, 4246.43457031, 7173.52197266, 3373.71069336, 1174.99243164, 1159.70141602, 1315.02929688, 821.104858398, 435.226531982, 342.775604248, 570.074462891, 333.198852539, 120.561386108, 9.39061641693, 0.558408081532, 0.029474992305, 0.00123844656628, 4.62928728666e-05, 1.60132600513e-07], "median": [0.0598832629621, 0.461797326803, 0.907740950584, 1.27538943291, 1.69008255005, 1.71522879601, 1.83517503738, 3.0451874733, 3.77682065964, 2.84628200531, 2.46696853638, 2.02154970169, 2.51879739761, 2.58888888359, 2.06618309021, 1.74895334244, 2.07504582405, 2.11572551727, 3.11228513718, 3.73932695389, 4.13753890991, 4.83145809174, 6.19264507294, 5.55179595947, 5.12930011749, 4.16252088547, 3.78278827667, 2.6917822361, 1.96569347382, 1.48871827126, 1.16978597641, 0.740682721138, 0.432889699936, 0.211250960827, 0.0848163887858, 0.0300593860447, 0.00724441278726, 0.000942291691899, 7.95021551312e-05, 3.27919187839e-05], "dmean2": [0.26526671648, 2.10674977303, 4.12458372116, 11.6466646194, 9.97060680389, 4.8648891449, 6.69457960129, 11.6265687943, 13.6303262711, 15.4213008881, 17.9185943604, 14.0387439728, 13.0453100204, 16.8339519501, 16.4926109314, 11.7886924744, 12.1394948959, 12.5445365906, 17.0854358673, 18.8709201813, 18.1973266602, 22.6849937439, 28.9457988739, 33.1967697144, 24.9884624481, 15.7290239334, 14.8349323273, 13.4064025879, 10.481511116, 7.80899810791, 6.92578554153, 5.10034799576, 3.61144757271, 1.89141118526, 0.74461632967, 0.258773744106, 0.0737650170922, 0.0142895560712, 0.00259891431779, 0.000166603713296], "dmean": [0.17257797718, 1.25207388401, 2.39738225937, 7.15559005737, 5.89996051788, 2.99612092972, 4.15509033203, 6.97940635681, 8.59166049957, 9.82459163666, 11.5902376175, 9.08359336853, 8.34108257294, 10.7984437943, 10.7554855347, 7.67703723907, 7.67657279968, 8.00959682465, 11.0664453506, 11.7861089706, 11.4545669556, 14.5963859558, 18.222454071, 20.2174072266, 15.5985689163, 10.0936927795, 9.6839466095, 9.04026603699, 7.24386119843, 5.42228889465, 4.78295135498, 3.61903691292, 2.51367712021, 1.36333656311, 0.530048012733, 0.188085913658, 0.0551537238061, 0.0105588957667, 0.00185170664918, 0.000118371906865], "var": [0.188572540879, 7.21234893799, 20.4072914124, 399.224487305, 235.889053345, 59.7627449036, 146.528167725, 286.809326172, 635.758789062, 1607.15148926, 1903.5020752, 1122.30822754, 957.317443848, 1931.45593262, 2700.05444336, 1881.06494141, 952.792480469, 923.223449707, 3623.48925781, 1364.27722168, 1090.69787598, 1967.36132812, 2367.0012207, 2760.17626953, 1708.26818848, 926.319641113, 1060.71008301, 1412.10949707, 1102.84179688, 486.067749023, 305.191070557, 491.954742432, 447.968170166, 153.922790527, 10.7240190506, 0.773250222206, 0.0560503005981, 0.00200341525488, 5.64071269764e-05, 1.82898389767e-07], "dvar": [0.127604037523, 7.74255657196, 24.5492172241, 444.068115234, 297.76864624, 30.6198444366, 95.7497787476, 256.69519043, 381.136016846, 801.451904297, 1093.85925293, 783.75579834, 661.561096191, 1117.2244873, 1558.06274414, 945.391479492, 584.048217773, 592.07019043, 1180.08789062, 1123.44763184, 703.841430664, 1248.12561035, 1710.30187988, 2741.38330078, 1353.38208008, 514.090087891, 525.748535156, 626.453430176, 439.864654541, 215.247085571, 159.989593506, 280.039428711, 177.071044922, 67.302947998, 4.64965391159, 0.278277099133, 0.0161630827934, 0.000659197045024, 2.38596148847e-05, 8.19337984126e-08], "mean": [0.253199547529, 1.47121369839, 2.4444437027, 6.73588037491, 5.85403347015, 4.50473880768, 5.51760911942, 8.63173770905, 12.1108293533, 13.739367485, 15.6162748337, 11.596072197, 10.8677625656, 14.0451965332, 13.8576850891, 10.5031833649, 9.98011493683, 10.5796432495, 16.0235748291, 15.625, 16.2404289246, 20.4210586548, 24.1667175293, 22.8182659149, 19.7078781128, 14.7068071365, 14.6480388641, 13.9337511063, 11.7051744461, 8.95998096466, 7.40318918228, 5.71226978302, 4.13833808899, 2.27978658676, 0.935307979584, 0.363168150187, 0.110378690064, 0.0202547255903, 0.00313383969478, 0.000198042645934]}, "zerocrossingrate": {"min": 0, "max": 0.5048828125, "dvar2": 0.000692107831128, "median": 0.0615234375, "dmean2": 0.0213166642934, "dmean": 0.0192308556288, "var": 0.00460626510903, "dvar": 0.000643295177724, "mean": 0.0796156749129}, "spectral_contrast_coeffs": {"min": [-0.97344070673, -0.952446520329, -0.967661321163, -0.96402823925, -0.961093187332, -0.96039801836], "max": [-0.303185433149, -0.359481006861, -0.419847160578, -0.495518177748, -0.554139733315, -0.560814201832], "dvar2": [0.00713121984154, 0.00494747562334, 0.00280860532075, 0.00188845908269, 0.0012541556498, 0.00117704225704], "median": [-0.701926469803, -0.759585738182, -0.81635928154, -0.816854000092, -0.810902714729, -0.764461934566], "dmean2": [0.0946049466729, 0.0858900621533, 0.0636469423771, 0.0524462983012, 0.0404620692134, 0.0358675420284], "dmean": [0.0599510408938, 0.0535553880036, 0.0400808155537, 0.0329982638359, 0.0264956708997, 0.0235415343195], "var": [0.00942620635033, 0.0074896402657, 0.00465600239113, 0.00317715294659, 0.00258187088184, 0.0023199133575], "dvar": [0.00312126916833, 0.00203994731419, 0.00118610076606, 0.000821618945338, 0.000617950398009, 0.00056114862673], "mean": [-0.687739133835, -0.748954117298, -0.804319739342, -0.809471130371, -0.804190993309, -0.766624331474]}, "dissonance": {"min": 0.170434877276, "max": 0.500000119209, "dvar2": 0.00102492631413, "median": 0.48194617033, "dmean2": 0.0275604594499, "dmean": 0.0166522972286, "var": 0.000824666058179, "dvar": 0.000405813101679, "mean": 0.472569972277}, "spectral_energyband_high": {"min": 7.64248727706e-21, "max": 0.0660603716969, "dvar2": 8.39292715682e-06, "median": 0.000388978049159, "dmean2": 0.00119708583225, "dmean": 0.000888928072527, "var": 1.31089673232e-05, "dvar": 4.62308253191e-06, "mean": 0.00161627458874}, "spectral_skewness": {"min": -0.563417971134, "max": 5.07737207413, "dvar2": 0.249406427145, "median": 1.20245242119, "dmean2": 0.416605293751, "dmean": 0.276975512505, "var": 0.339544326067, "dvar": 0.117005519569, "mean": 1.30267202854}, "spectral_flux": {"min": 6.82248216255e-11, "max": 0.394063800573, "dvar2": 0.00441172579303, "median": 0.0718128234148, "dmean2": 0.0556936748326, "dmean": 0.0359211526811, "var": 0.00369856413454, "dvar": 0.0019810970407, "mean": 0.0848368480802}, "silence_rate_30dB": {"min": 0, "max": 1, "dvar2": 0.0181586779654, "median": 1, "dmean2": 0.0128068299964, "dmean": 0.00640284549445, "var": 0.00363197713159, "dvar": 0.00636190222576, "mean": 0.996354281902}, "spectral_energyband_middle_high": {"min": 1.47572212064e-21, "max": 0.0518293343484, "dvar2": 2.65030448645e-05, "median": 0.00126267387532, "dmean2": 0.00278340559453, "dmean": 0.00187052506953, "var": 2.77132548945e-05, "dvar": 1.14336999104e-05, "mean": 0.00336837791838}, "barkbands_spread": {"min": 0.210601001978, "max": 127.4115448, "dvar2": 336.376190186, "median": 25.9449958801, "dmean2": 16.5932350159, "dmean": 10.5655241013, "var": 454.154541016, "dvar": 147.678695679, "mean": 29.4885101318}, "spectral_centroid": {"min": 119.975120544, "max": 10841.6474609, "dvar2": 575406.5, "median": 1680.55078125, "dmean2": 688.268798828, "dmean": 451.837005615, "var": 1000060.375, "dvar": 277535.84375, "mean": 1750.57299805}, "pitch_salience": {"min": 0.0416116900742, "max": 0.904007792473, "dvar2": 0.0281325932592, "median": 0.526573777199, "dmean2": 0.175091326237, "dmean": 0.107176020741, "var": 0.0226775892079, "dvar": 0.0110300062224, "mean": 0.517217695713}, "erbbands_skewness": {"min": -5.27190351486, "max": 8.26335430145, "dvar2": 0.852472960949, "median": -0.117664530873, "dmean2": 0.869259357452, "dmean": 0.582730948925, "var": 1.29293751717, "dvar": 0.403398811817, "mean": -0.0285883322358}, "erbbands_crest": {"min": 2.15160751343, "max": 32.3040657043, "dvar2": 19.5962104797, "median": 7.04368019104, "dmean2": 4.53781032562, "dmean": 2.81525349617, "var": 20.7360267639, "dvar": 8.23346233368, "mean": 8.33247756958}, "melbands": {"min": [8.22496829814e-24, 8.20004344898e-24, 1.47471225483e-24, 5.85693289512e-24, 1.05556523206e-23, 9.37437413579e-24, 7.25821294791e-24, 2.70585423884e-24, 2.54450910954e-24, 2.43942534279e-24, 5.12962167874e-24, 5.35464030765e-24, 1.1080418372e-23, 9.27839264059e-24, 3.41721015177e-24, 5.06566359756e-24, 9.13187987125e-24, 1.05233358447e-23, 5.74843612166e-24, 6.08096781448e-24, 1.09020577102e-23, 1.32637116229e-23, 5.81162545789e-24, 1.10541422041e-23, 8.66392206024e-24, 1.27274818448e-23, 9.5222114026e-24, 8.21486456767e-24, 9.77572842057e-24, 4.67443552579e-24, 1.23756743358e-23, 1.02663391613e-23, 7.93534117224e-24, 1.12662945116e-23, 1.0356958769e-23, 9.11465430452e-24, 1.02760894821e-23, 1.17730532351e-23, 1.10787854299e-23, 8.87464100753e-24], "max": [0.0423596166074, 0.0405807420611, 0.0366443507373, 0.0068097342737, 0.0109037319198, 0.00625752471387, 0.00598511239514, 0.012977136299, 0.00607333425432, 0.00403723260388, 0.00513266399503, 0.00486037554219, 0.00388318160549, 0.00526936352253, 0.00271716876887, 0.00260673416778, 0.00222313590348, 0.00324268895201, 0.00206405878998, 0.00145863764919, 0.000776368135121, 0.00128813192714, 0.000862697605044, 0.000595419609454, 0.00118729309179, 0.000958026910666, 0.00045127957128, 0.00052826263709, 0.000430448388215, 0.000594581360929, 0.000626195978839, 0.000654959061649, 0.000432665547123, 0.000187705096323, 0.000143094584928, 0.000213664403418, 0.00110976805445, 0.000423748511821, 0.000637428252958, 0.000428466155427], "dvar2": [2.1944866603e-05, 2.25006042456e-05, 3.03778160742e-05, 1.11687961635e-06, 2.16310979795e-07, 2.98044085412e-07, 2.05498224659e-07, 2.4218610406e-07, 1.58787926807e-07, 7.04055338474e-08, 4.04900610818e-08, 4.59153817189e-08, 3.28684990336e-08, 2.6711202139e-08, 1.00883399412e-08, 8.20896950415e-09, 5.93652771386e-09, 6.74314337701e-09, 5.87477488878e-09, 7.05004365997e-09, 2.53196774658e-09, 3.98743971175e-09, 3.59776719527e-09, 2.9068383256e-09, 6.04800076687e-09, 3.30213656419e-09, 1.089461521e-09, 5.58920631999e-10, 5.33514732393e-10, 5.3201210104e-10, 4.94303264986e-10, 3.21341925291e-10, 2.0813681334e-10, 1.60052665565e-10, 1.38341837985e-10, 1.16357173896e-10, 3.99646038485e-10, 1.88718166094e-10, 1.81080969663e-10, 6.91026541544e-11], "median": [0.000590211595409, 0.000697991694324, 0.000251035671681, 0.000134601024911, 6.78926589899e-05, 7.00475793565e-05, 5.53606514586e-05, 2.68885742116e-05, 1.89512975339e-05, 1.11075187306e-05, 1.15512302727e-05, 9.8511154647e-06, 6.59448323859e-06, 4.42796090283e-06, 4.3285836e-06, 4.05123319069e-06, 3.48254820892e-06, 4.32335991718e-06, 4.67993913844e-06, 4.29144802183e-06, 4.54489509139e-06, 4.50072275271e-06, 5.16302497999e-06, 5.02712055095e-06, 4.09381027566e-06, 3.58833926839e-06, 3.11595113089e-06, 2.45864157478e-06, 2.33268769989e-06, 1.94283620658e-06, 1.28721535475e-06, 1.10142752874e-06, 8.74308739185e-07, 7.65609797782e-07, 6.99297004303e-07, 5.01502540828e-07, 4.14600492604e-07, 3.15874217449e-07, 2.24009198746e-07, 1.53126308078e-07], "dmean2": [0.00238686497323, 0.00232305633835, 0.00192582700402, 0.000477872468764, 0.000217625085497, 0.000255496066529, 0.000203518779017, 0.000175102002686, 0.000143308541737, 8.61353400978e-05, 6.68204083922e-05, 7.07250728738e-05, 5.57790590392e-05, 3.92078400182e-05, 3.07579903165e-05, 2.51835899689e-05, 2.47589105129e-05, 2.7946449336e-05, 2.60569177044e-05, 2.88998726319e-05, 2.26731535804e-05, 2.62234352704e-05, 2.612015669e-05, 2.47480056714e-05, 2.93563480227e-05, 2.08190249396e-05, 1.43673914863e-05, 1.04565751826e-05, 1.01597188404e-05, 9.09014215722e-06, 8.078929568e-06, 6.62311231281e-06, 4.92688604936e-06, 4.71900511911e-06, 4.47668980996e-06, 3.42322414326e-06, 3.28944679495e-06, 2.77292497231e-06, 2.18734817281e-06, 1.54838971866e-06], "dmean": [0.00150369480252, 0.00136303727049, 0.00117760698777, 0.00028570156428, 0.000135609938297, 0.00015453978267, 0.00012901944865, 0.00011217375868, 9.27153232624e-05, 5.52831297682e-05, 4.25325379183e-05, 4.50514999102e-05, 3.61889724445e-05, 2.54790211329e-05, 1.97455283342e-05, 1.57900503837e-05, 1.57352897077e-05, 1.79348753591e-05, 1.64083539858e-05, 1.74976867129e-05, 1.44738041854e-05, 1.68434562511e-05, 1.63257045642e-05, 1.5351391994e-05, 1.76244921022e-05, 1.26821723825e-05, 9.04324406292e-06, 6.61983403916e-06, 6.45919362796e-06, 5.95613573751e-06, 5.322238394e-06, 4.49913841294e-06, 3.33220646098e-06, 3.16071577799e-06, 3.01296631733e-06, 2.32578759096e-06, 2.27311443268e-06, 1.90312175619e-06, 1.53365658662e-06, 1.0804901649e-06], "var": [1.28585270431e-05, 7.13140298103e-06, 1.06048237285e-05, 4.14195284293e-07, 1.53954474058e-07, 1.37908941156e-07, 1.48345208117e-07, 2.22695476282e-07, 1.15410742296e-07, 4.23648138792e-08, 2.45978082347e-08, 3.38228431929e-08, 2.88215602495e-08, 2.08031796234e-08, 7.88219356451e-09, 3.95613586335e-09, 3.76405573377e-09, 9.53615764132e-09, 4.23704404895e-09, 2.79570477879e-09, 1.88699877945e-09, 3.04646730065e-09, 2.01388838938e-09, 1.43779743667e-09, 2.22051821375e-09, 1.1786115417e-09, 6.41854958072e-10, 4.04165839685e-10, 4.02227307017e-10, 4.86217177631e-10, 4.93705742954e-10, 4.05216638022e-10, 2.28274274483e-10, 1.37881497886e-10, 1.10355356797e-10, 1.0301925979e-10, 2.61126675838e-10, 2.22104001857e-10, 2.42064424061e-10, 8.08919597972e-11], "dvar": [9.67258529272e-06, 8.44768692332e-06, 1.20711038107e-05, 4.2255632593e-07, 9.11195385811e-08, 1.14803128781e-07, 8.55924398024e-08, 1.00234089473e-07, 6.98585793657e-08, 3.01208409326e-08, 1.7352816073e-08, 1.9737386836e-08, 1.60852255959e-08, 1.18512062386e-08, 4.76199080168e-09, 3.19510484736e-09, 2.59089660837e-09, 3.29982641212e-09, 2.58801668984e-09, 2.63612642826e-09, 1.09548969895e-09, 1.80333414868e-09, 1.46453094096e-09, 1.13922304923e-09, 2.29650454209e-09, 1.2400483973e-09, 4.4648881814e-10, 2.39084391174e-10, 2.2953165757e-10, 2.4045726521e-10, 2.29952140662e-10, 1.69769961977e-10, 1.01083169612e-10, 7.26604262868e-11, 6.26179247343e-11, 5.52562058609e-11, 1.8014356673e-10, 9.64173671458e-11, 9.86936296576e-11, 3.80179915327e-11], "mean": [0.00213318550959, 0.00152090890333, 0.00113387196325, 0.000352268776624, 0.000194549240405, 0.000196855107788, 0.000181876544957, 0.000157227113959, 0.000122844372527, 6.84410697431e-05, 5.35486833542e-05, 5.69114999962e-05, 4.55107910966e-05, 3.22505584336e-05, 2.49900367635e-05, 1.91898452613e-05, 1.94462336367e-05, 2.49636977969e-05, 2.18209861487e-05, 2.06104632525e-05, 2.03853051062e-05, 2.30530476983e-05, 2.14099509321e-05, 1.90800801647e-05, 1.8799019017e-05, 1.47340024341e-05, 1.18902007671e-05, 9.26053417061e-06, 9.17927900446e-06, 8.80935385794e-06, 7.82139431976e-06, 6.89805619913e-06, 5.44272870684e-06, 4.85419150209e-06, 4.4864073061e-06, 3.56379177902e-06, 3.4581548789e-06, 2.98756026496e-06, 2.4714695428e-06, 1.75690320248e-06]}, "spectral_entropy": {"min": 4.91440153122, "max": 9.79384326935, "dvar2": 0.133013442159, "median": 7.84735918045, "dmean2": 0.320573121309, "dmean": 0.22307702899, "var": 0.298209041357, "dvar": 0.0679126754403, "mean": 7.7446308136}, "spectral_rolloff": {"min": 21.533203125, "max": 19186.0839844, "dvar2": 5454458, "median": 990.52734375, "dmean2": 1619.60961914, "dmean": 984.489562988, "var": 6844010.5, "dvar": 2709198.75, "mean": 2158.53540039}, "barkbands": {"min": [4.8478393801e-24, 2.98146129487e-23, 4.32308792266e-24, 1.97750685366e-24, 2.72027986212e-23, 5.33420044828e-23, 2.66893353688e-23, 1.50408795583e-23, 2.08097373166e-23, 3.65095397672e-23, 8.60936286232e-23, 5.15034410809e-23, 4.61886421932e-23, 1.3191637504e-22, 8.37908300449e-23, 1.18780591413e-22, 2.08174612115e-22, 2.13952734256e-22, 2.9697970082e-22, 2.75032656425e-22, 2.89852512935e-22, 5.43855753215e-22, 6.75646162946e-22, 9.4905656794e-22, 1.19841769627e-21, 1.60798135356e-21, 2.08735291533e-21], "max": [0.00762297213078, 0.177716910839, 0.0754333883524, 0.10517705977, 0.030159547925, 0.0263660531491, 0.0306570418179, 0.0520464889705, 0.0290049426258, 0.027536008507, 0.0275125205517, 0.0369998402894, 0.0224371962249, 0.0274772625417, 0.0402577891946, 0.0165091846138, 0.021660162136, 0.0103196538985, 0.0267281457782, 0.0119867287576, 0.0206467378885, 0.0274441558868, 0.0089667243883, 0.0526166260242, 0.0343267656863, 0.00346265803091, 0.000420563999796], "dvar2": [4.34836891827e-07, 0.000324561726302, 4.26799379056e-05, 0.000238758060732, 1.1274035387e-05, 6.6444422373e-06, 5.33292404725e-06, 5.90980471316e-06, 3.3241778965e-06, 2.11554834095e-06, 1.84936357073e-06, 1.74954243448e-06, 8.52868993206e-07, 8.33840658743e-07, 1.01420164356e-06, 9.456084058e-07, 1.08931192244e-06, 1.12271925445e-06, 2.94883784591e-06, 5.57650764677e-07, 7.10954623173e-07, 5.74954924559e-07, 4.28524430163e-07, 1.18003970329e-06, 4.67443783236e-07, 1.29029746887e-08, 1.33898470089e-09], "median": [5.1025992434e-05, 0.00216634012759, 0.000624135136604, 0.000389648834243, 0.000556060404051, 0.000357368291589, 0.000229305616813, 9.43749473663e-05, 7.98122346168e-05, 8.47586561576e-05, 4.40508374595e-05, 3.60879275831e-05, 4.04832244385e-05, 3.87060717912e-05, 6.35455726297e-05, 5.58535830351e-05, 8.55873004184e-05, 0.000112219437142, 0.000104135644506, 8.27522599138e-05, 8.48904019222e-05, 5.32512640348e-05, 4.16911352659e-05, 3.02518710669e-05, 1.50276864588e-05, 4.82065934193e-06, 3.524442036e-07], "dmean2": [0.000307552079903, 0.00886657554656, 0.0035833872389, 0.00495319487527, 0.00172768125776, 0.00124935188796, 0.000964348844718, 0.000885415356606, 0.000612208852544, 0.00051123497542, 0.000423729623435, 0.000324762193486, 0.000272984092589, 0.000277425831882, 0.0003521493054, 0.000364241830539, 0.000453454529634, 0.000511377758812, 0.000625937420409, 0.000337431149092, 0.000345553853549, 0.00027436990058, 0.000246738985879, 0.000223823080887, 0.000129118634504, 4.48821592727e-05, 1.42077387864e-05], "dmean": [0.000209852849366, 0.00548036769032, 0.00210704607889, 0.00298800226301, 0.0010318645509, 0.000760590832215, 0.000611770607065, 0.000567558803596, 0.000393134716433, 0.000322160049109, 0.000268056552159, 0.000206949960557, 0.000170301718754, 0.000177160502062, 0.000223361043027, 0.000221162947128, 0.000292821263429, 0.000325048342347, 0.000380744051654, 0.000214078158024, 0.000232080201386, 0.000191853003344, 0.000169384395122, 0.000160266208695, 9.39026867854e-05, 3.3619649912e-05, 1.02146323115e-05], "var": [2.95192478461e-07, 0.000156512847752, 1.52302163769e-05, 7.78882968007e-05, 5.1654874369e-06, 3.33396815222e-06, 3.78560889658e-06, 5.5724253798e-06, 2.04052253139e-06, 1.4663080492e-06, 1.38858229093e-06, 1.2799241631e-06, 4.75365027341e-07, 5.32605895387e-07, 1.10070720893e-06, 4.04288243772e-07, 8.81503694927e-07, 6.87988688242e-07, 1.03307843347e-06, 4.21583962407e-07, 7.717209769e-07, 7.87074839081e-07, 3.80365406727e-07, 1.41263171827e-06, 5.89285320984e-07, 2.2061692917e-08, 1.73120318081e-09], "dvar": [2.13406067928e-07, 0.000134777888888, 1.65303808899e-05, 9.35873395065e-05, 4.23789560955e-06, 2.62010689767e-06, 2.26237261813e-06, 2.62229923464e-06, 1.42364990552e-06, 8.99733038295e-07, 8.73043290994e-07, 7.81430230745e-07, 3.43035139849e-07, 3.74194939923e-07, 5.05172920384e-07, 3.61285259487e-07, 4.9842202543e-07, 4.62547546931e-07, 1.10963571842e-06, 2.40100092697e-07, 3.39581703201e-07, 3.10731110176e-07, 1.98463538936e-07, 6.26126052339e-07, 2.59062147734e-07, 6.74836186931e-09, 7.05524527689e-10], "mean": [0.000263097259449, 0.00732353841886, 0.0021267645061, 0.00266503798775, 0.0013814275153, 0.000978892087005, 0.000826778414194, 0.000773925392423, 0.000487313081976, 0.000419387681177, 0.000320604420267, 0.000257932202658, 0.000207478820812, 0.000221265334403, 0.000308314396534, 0.000261969427811, 0.000408280699048, 0.000429902604083, 0.000430172076449, 0.000309414142976, 0.000360943056876, 0.000315446552122, 0.000265452748863, 0.000261830515228, 0.000163683318533, 6.80085504428e-05, 1.7352267605e-05]}, "melbands_flatness_db": {"min": 0.0050762440078, "max": 0.599555075169, "dvar2": 0.00507733039558, "median": 0.197252303362, "dmean2": 0.0682403296232, "dmean": 0.0461962148547, "var": 0.00978067517281, "dvar": 0.00234425137751, "mean": 0.209328338504}, "melbands_skewness": {"min": -5.14717721939, "max": 27.3246383667, "dvar2": 8.34627246857, "median": 2.9521446228, "dmean2": 2.33354115486, "dmean": 1.51736450195, "var": 8.54385280609, "dvar": 3.53427147865, "mean": 3.69976234436}, "barkbands_skewness": {"min": -9.09833621979, "max": 28.486579895, "dvar2": 4.89024972916, "median": 1.54562950134, "dmean2": 1.67037057877, "dmean": 1.0931596756, "var": 4.99617242813, "dvar": 2.06519532204, "mean": 1.95108819008}, "silence_rate_60dB": {"min": 0, "max": 1, "dvar2": 0.166745737195, "median": 0, "dmean2": 0.171113476157, "dmean": 0.0855491310358, "var": 0.141527876258, "dvar": 0.0782358646393, "mean": 0.170638442039}, "spectral_energyband_low": {"min": 4.82412740459e-23, "max": 0.205131873488, "dvar2": 0.000548300507944, "median": 0.00517217814922, "dmean2": 0.0135156838223, "dmean": 0.00845585856587, "var": 0.000270954624284, "dvar": 0.000229778204812, "mean": 0.0113632464781}, "spectral_energyband_middle_low": {"min": 2.43897162155e-22, "max": 0.124642156065, "dvar2": 0.000334168202244, "median": 0.00351169286296, "dmean2": 0.00800068862736, "dmean": 0.00506985839456, "var": 0.000142643097206, "dvar": 0.000135526046506, "mean": 0.0072254431434}, "melbands_kurtosis": {"min": -1.89623403549, "max": 1144.1953125, "dvar2": 7448.30029297, "median": 11.0762004852, "dmean2": 38.2270774841, "dmean": 23.7460727692, "var": 3931.32421875, "dvar": 2931.37329102, "mean": 31.7864875793}, "spectral_decrease": {"min": -6.15773316781e-08, "max": 1.86506574332e-29, "dvar2": 5.85115272189e-17, "median": -3.5003702159e-09, "dmean2": 4.79098272166e-09, "dmean": 3.11517966978e-09, "var": 3.52015345438e-17, "dvar": 2.50432768568e-17, "mean": -5.28132115818e-09}, "erbbands_kurtosis": {"min": -1.89631521702, "max": 83.0413742065, "dvar2": 21.4474830627, "median": -0.141717076302, "dmean2": 2.66118168831, "dmean": 1.67433977127, "var": 12.9382362366, "dvar": 9.1344909668, "mean": 0.941694974899}, "melbands_crest": {"min": 2.10015249252, "max": 37.6809883118, "dvar2": 39.4115982056, "median": 16.4836959839, "dmean2": 7.32243776321, "dmean": 4.56722784042, "var": 43.1309318542, "dvar": 16.2943668365, "mean": 16.9336032867}, "gfcc": {"cov": [[17304.7128906, -1497.77416992, -912.759460449, -100.75844574, -662.700866699, 327.070281982, -246.240188599, 188.471115112, -136.169403076, 220.002197266, -147.57182312, -35.5436515808, -227.568405151], [-1497.77416992, 2743.76855469, -147.230102539, 127.658401489, 175.812713623, -229.514297485, 151.497253418, -102.968742371, 171.151901245, -199.777130127, 158.595123291, -141.139801025, 139.624176025], [-912.759460449, -147.230102539, 1260.92614746, 68.4316940308, 149.928039551, 128.919189453, 54.1962661743, 11.9618577957, -11.1794939041, 45.7682571411, 14.0092802048, 18.0266151428, -26.2838115692], [-100.75844574, 127.658401489, 68.4316940308, 612.849731445, 55.1535644531, 33.0861930847, -28.6911487579, -44.3437652588, 2.8041446209, -66.81590271, -18.2915096283, -12.1476430893, 8.47708702087], [-662.700866699, 175.812713623, 149.928039551, 55.1535644531, 426.340698242, 19.4790401459, 106.981124878, 37.3106613159, 29.8945999146, -7.72489929199, 23.7633609772, 30.1445140839, 22.6344661713], [327.070281982, -229.514297485, 128.919189453, 33.0861930847, 19.4790401459, 354.888153076, 112.139976501, 22.9518795013, -27.4221343994, 38.8463897705, 1.15810787678, -7.97794628143, -41.8482284546], [-246.240188599, 151.497253418, 54.1962661743, -28.6911487579, 106.981124878, 112.139976501, 241.427276611, 61.7114257812, 31.1091423035, 17.3267002106, 38.2952880859, 6.37141561508, -7.89569044113], [188.471115112, -102.968742371, 11.9618577957, -44.3437652588, 37.3106613159, 22.9518795013, 61.7114257812, 168.492202759, 77.0133209229, 38.2913665771, 16.6794872284, 30.0838909149, 11.3119106293], [-136.169403076, 171.151901245, -11.1794939041, 2.8041446209, 29.8945999146, -27.4221343994, 31.1091423035, 77.0133209229, 151.301940918, 51.1451263428, 33.2406425476, 9.81344985962, 37.4451789856], [220.002197266, -199.777130127, 45.7682571411, -66.81590271, -7.72489929199, 38.8463897705, 17.3267002106, 38.2913665771, 51.1451263428, 130.470596313, 35.850402832, 25.9577674866, -3.71528601646], [-147.57182312, 158.595123291, 14.0092802048, -18.2915096283, 23.7633609772, 1.15810787678, 38.2952880859, 16.6794872284, 33.2406425476, 35.850402832, 116.254058838, 37.0697937012, 25.8029708862], [-35.5436515808, -141.139801025, 18.0266151428, -12.1476430893, 30.1445140839, -7.97794628143, 6.37141561508, 30.0838909149, 9.81344985962, 25.9577674866, 37.0697937012, 103.292816162, 37.8694419861], [-227.568405151, 139.624176025, -26.2838115692, 8.47708702087, 22.6344661713, -41.8482284546, -7.89569044113, 11.3119106293, 37.4451789856, -3.71528601646, 25.8029708862, 37.8694419861, 94.8828582764]], "icov": [[7.26935904822e-05, -1.23088157125e-05, 5.84405352129e-05, -2.21342343139e-05, 7.21685937606e-05, -7.57904854254e-05, 0.000102133482869, -0.000177320907824, 0.000141247626743, -0.000174799439264, 7.15974529157e-05, -2.4365452191e-05, 0.000117291048809], [-1.23088157125e-05, 0.000930733454879, -5.34025639354e-06, 3.67509237549e-05, -0.00017985184968, 0.000409409462009, -0.000721830758266, 0.00100920686964, -0.00143091601785, 0.00176717678551, -0.00162722612731, 0.00174255284946, -0.000979873002507], [5.84405352129e-05, -5.34025639354e-06, 0.000924810883589, -0.000113275003969, -0.000263929046923, -0.00030168829835, 0.000141552984132, -0.000128852028865, 0.000254194368608, -0.000474292319268, 2.21937079914e-05, -9.6832831332e-05, 0.000285093585262], [-2.21342343139e-05, 3.67509237549e-05, -0.000113275003969, 0.00191664206795, -0.000293543474982, -0.000499869289342, 0.000430540938396, 0.000731034495402, -0.00107910984661, 0.00144308269955, -3.81415484298e-05, -0.000168896804098, 4.86018543597e-05], [7.21685937606e-05, -0.00017985184968, -0.000263929046923, -0.000293543474982, 0.00302435923368, 0.000142771750689, -0.00114905950613, -0.000428678962635, 0.000126431012177, -1.18021089293e-05, 0.00045566924382, -0.00103022996336, -7.52361884224e-05], [-7.57904854254e-05, 0.000409409462009, -0.00030168829835, -0.000499869289342, 0.000142771750689, 0.00425827037543, -0.00242009782232, 8.84213586687e-05, 0.000939714198466, -0.000860554224346, -0.000373064161977, 0.0011870530434, 3.21032275679e-05], [0.000102133482869, -0.000721830758266, 0.000141552984132, 0.000430540938396, -0.00114905950613, -0.00242009782232, 0.00715062441304, -0.00247900490649, 0.000412230700022, -0.000437981856521, -0.000683802296408, -0.000816482992377, 0.00173721311148], [-0.000177320907824, 0.00100920686964, -0.000128852028865, 0.000731034495402, -0.000428678962635, 8.84213586687e-05, -0.00247900490649, 0.0107853338122, -0.00685588410124, 0.00245861918665, -0.000537648098543, -0.00123193778563, 7.7579083154e-05], [0.000141247626743, -0.00143091601785, 0.000254194368608, -0.00107910984661, 0.000126431012177, 0.000939714198466, 0.000412230700022, -0.00685588410124, 0.0151006616652, -0.00798084493726, 0.00120779324789, 0.0012604536023, -0.00325623480603], [-0.000174799439264, 0.00176717678551, -0.000474292319268, 0.00144308269955, -1.18021089293e-05, -0.000860554224346, -0.000437981856521, 0.00245861918665, -0.00798084493726, 0.0157912634313, -0.00545143522322, 0.000161355710588, 0.00119970913511], [7.15974529157e-05, -0.00162722612731, 2.21937079914e-05, -3.81415484298e-05, 0.00045566924382, -0.000373064161977, -0.000683802296408, -0.000537648098543, 0.00120779324789, -0.00545143522322, 0.0143725611269, -0.00613097473979, 0.000158079667017], [-2.4365452191e-05, 0.00174255284946, -9.6832831332e-05, -0.000168896804098, -0.00103022996336, 0.0011870530434, -0.000816482992377, -0.00123193778563, 0.0012604536023, 0.000161355710588, -0.00613097473979, 0.0177070181817, -0.0076771825552], [0.000117291048809, -0.000979873002507, 0.000285093585262, 4.86018543597e-05, -7.52361884224e-05, 3.21032275679e-05, 0.00173721311148, 7.7579083154e-05, -0.00325623480603, 0.00119970913511, 0.000158079667017, -0.0076771825552, 0.0168577507138]], "mean": [-49.0718574524, 69.9826431274, -98.4080581665, 50.1646194458, -52.2503623962, 10.8372859955, -31.2392234802, 12.4428920746, -17.6783943176, 2.67128586769, -12.3222017288, 1.59736013412, -9.37673568726]}, "melbands_spread": {"min": 0.218958213925, "max": 303.09942627, "dvar2": 1133.66894531, "median": 20.2167205811, "dmean2": 23.4152679443, "dmean": 14.9303092957, "var": 1297.73828125, "dvar": 524.278259277, "mean": 31.9491462708}, "spectral_energy": {"min": 1.08162395391e-20, "max": 0.237289786339, "dvar2": 0.000884512148332, "median": 0.014726116322, "dmean2": 0.018946999684, "dmean": 0.0124511104077, "var": 0.00057217333233, "dvar": 0.000382855592761, "mean": 0.0218542255461}, "mfcc": {"cov": [[16156.1953125, -1059.26550293, -824.074768066, -290.373352051, -517.995483398, -73.3397827148, -249.408248901, -52.0912628174, -95.9511032104, 56.6944656372, 30.8781013489, -14.6992368698, -15.664604187], [-1059.26550293, 2201.18212891, -38.6250572205, 188.103149414, 43.9332504272, -73.6690673828, 25.1407546997, 44.8253479004, 4.66853141785, 34.8002929688, 18.3577651978, 20.4838867188, -12.3087720871], [-824.074768066, -38.6250572205, 930.202209473, 66.8684997559, 102.639381409, 124.790420532, 71.7978515625, 4.49402952194, -7.73144054413, 25.5518722534, 11.6591453552, 17.6982650757, -10.3827037811], [-290.373352051, 188.103149414, 66.8684997559, 497.84197998, 149.729003906, 16.9124546051, -34.0647087097, 37.3280944824, 2.6296710968, -22.4488182068, -41.8247642517, -3.14390182495, -10.1919622421], [-517.995483398, 43.9332504272, 102.639381409, 149.729003906, 282.548675537, 50.638168335, 30.5958480835, 30.0192584991, 30.8200931549, -2.55169844627, -13.936126709, 4.01097583771, 11.8893575668], [-73.3397827148, -73.6690673828, 124.790420532, 16.9124546051, 50.638168335, 266.007629395, 127.336891174, 43.5539894104, -0.947589814663, 33.8956871033, 26.193063736, -17.5826015472, -18.1710910797], [-249.408248901, 25.1407546997, 71.7978515625, -34.0647087097, 30.5958480835, 127.336891174, 216.645217896, 85.9748382568, 7.96265697479, 29.6153354645, 41.4198379517, 0.585063517094, 8.05604743958], [-52.0912628174, 44.8253479004, 4.49402952194, 37.3280944824, 30.0192584991, 43.5539894104, 85.9748382568, 145.950836182, 52.1193695068, 20.220500946, 20.9920845032, 17.4369468689, 9.9982919693], [-95.9511032104, 4.66853141785, -7.73144054413, 2.6296710968, 30.8200931549, -0.947589814663, 7.96265697479, 52.1193695068, 122.328025818, 49.4766578674, 23.6137485504, 20.0171546936, 16.3476009369], [56.6944656372, 34.8002929688, 25.5518722534, -22.4488182068, -2.55169844627, 33.8956871033, 29.6153354645, 20.220500946, 49.4766578674, 110.327476501, 55.991569519, 11.4912395477, 7.62965965271], [30.8781013489, 18.3577651978, 11.6591453552, -41.8247642517, -13.936126709, 26.193063736, 41.4198379517, 20.9920845032, 23.6137485504, 55.991569519, 105.149597168, 43.1462554932, 22.6618366241], [-14.6992368698, 20.4838867188, 17.6982650757, -3.14390182495, 4.01097583771, -17.5826015472, 0.585063517094, 17.4369468689, 20.0171546936, 11.4912395477, 43.1462554932, 97.2061767578, 47.0719223022], [-15.664604187, -12.3087720871, -10.3827037811, -10.1919622421, 11.8893575668, -18.1710910797, 8.05604743958, 9.9982919693, 16.3476009369, 7.62965965271, 22.6618366241, 47.0719223022, 94.6177215576]], "icov": [[7.25511999917e-05, 3.4105105442e-05, 5.60824300919e-05, 3.30119928549e-06, 9.74886934273e-05, -4.57098685729e-05, 0.000119657481264, -8.6544212536e-05, 0.000109369197162, -0.000108517910121, 1.3515016235e-06, -1.24610232888e-05, -3.38382665177e-06], [3.4105105442e-05, 0.000510378740728, 5.59973341296e-05, -0.000215382257011, 2.26782758546e-05, 0.000278748600977, -0.000162025826285, -0.000103054684587, 0.000202973227715, -0.00033487190376, -2.68119201792e-05, -0.000136013099109, 0.000196375985979], [5.60824300919e-05, 5.59973341296e-05, 0.00126289774198, -9.22410690691e-05, -0.000269742216915, -0.000444893608801, -0.000190194477909, 0.000267026451183, 0.000272121716989, -0.000430554384366, 0.000248429365456, -0.000622470863163, 0.000319524609949], [3.30119928549e-06, -0.000215382257011, -9.22410690691e-05, 0.00277261366136, -0.00136275787372, -0.000393563386751, 0.00127148185857, -0.00130878423806, 0.00062482530484, 1.8111691702e-07, 0.000717842311133, -0.000177246110979, 0.00019504300144], [9.74886934273e-05, 2.26782758546e-05, -0.000269742216915, -0.00136275787372, 0.00491558900103, -0.000671014480758, -0.00055670394795, 0.000321739265928, -0.00148419162724, 0.000523555034306, 0.00066831841832, -1.51392141561e-05, -0.000828767602798], [-4.57098685729e-05, 0.000278748600977, -0.000444893608801, -0.000393563386751, -0.000671014480758, 0.00611357297748, -0.00335767189972, 0.000154076333274, 0.000614209682681, -0.00123461091425, -0.00053059408674, 0.000811044999864, 0.00118252192624], [0.000119657481264, -0.000162025826285, -0.000190194477909, 0.00127148185857, -0.00055670394795, -0.00335767189972, 0.00962678063661, -0.0053429286927, 0.00227569253184, -0.000283644068986, -0.00218044687063, 0.00164613337256, -0.00138213927858], [-8.6544212536e-05, -0.000103054684587, 0.000267026451183, -0.00130878423806, 0.000321739265928, 0.000154076333274, -0.0053429286927, 0.0120353028178, -0.00526262680069, 0.00130874977913, 0.000236433596001, -0.0016649964964, 0.000608307542279], [0.000109369197162, 0.000202973227715, 0.000272121716989, 0.00062482530484, -0.00148419162724, 0.000614209682681, 0.00227569253184, -0.00526262680069, 0.0133174872026, -0.00614938745275, 0.000792490376625, -0.000982240308076, -0.000697737326846], [-0.000108517910121, -0.00033487190376, -0.000430554384366, 1.8111691702e-07, 0.000523555034306, -0.00123461091425, -0.000283644068986, 0.00130874977913, -0.00614938745275, 0.0160120632499, -0.00779857300222, 0.00256937975064, -0.000164915370988], [1.3515016235e-06, -2.68119201792e-05, 0.000248429365456, 0.000717842311133, 0.00066831841832, -0.00053059408674, -0.00218044687063, 0.000236433596001, 0.000792490376625, -0.00779857300222, 0.0177766997367, -0.0072639756836, -7.58523237891e-05], [-1.24610232888e-05, -0.000136013099109, -0.000622470863163, -0.000177246110979, -1.51392141561e-05, 0.000811044999864, 0.00164613337256, -0.0016649964964, -0.000982240308076, 0.00256937975064, -0.0072639756836, 0.0172766279429, -0.00680644903332], [-3.38382665177e-06, 0.000196375985979, 0.000319524609949, 0.00019504300144, -0.000828767602798, 0.00118252192624, -0.00138213927858, 0.000608307542279, -0.000697737326846, -0.000164915370988, -7.58523237891e-05, -0.00680644903332, 0.0145727405325]], "mean": [-693.600280762, 95.8781890869, 13.9197149277, 38.7294502258, 8.19278621674, 5.74919557571, 1.25394463539, 7.62794542313, 1.86876606941, 3.98155117035, 0.252032071352, 2.82059001923, 0.504978597164]}, "spectral_contrast_valleys": {"min": [-27.5787563324, -27.4433631897, -27.3532600403, -27.1602230072, -27.387928009, -27.2767467499], "max": [-5.23948669434, -4.88518428802, -5.3111872673, -5.28032398224, -5.05299663544, -6.6636390686], "dvar2": [0.617266714573, 0.655645191669, 0.664922177792, 0.619166970253, 0.711302042007, 0.552589297295], "median": [-7.21112394333, -7.12832403183, -7.83986949921, -8.09501838684, -7.53920078278, -9.97964286804], "dmean2": [0.839893579483, 0.848877549171, 0.79980224371, 0.743448734283, 0.69901740551, 0.564869940281], "dmean": [0.564917802811, 0.570792853832, 0.57043749094, 0.549527227879, 0.52830851078, 0.458331078291], "var": [1.78798055649, 1.80794739723, 1.76644921303, 1.79644429684, 1.90089821815, 2.39271426201], "dvar": [0.339100450277, 0.340845555067, 0.357615590096, 0.337811470032, 0.377096146345, 0.311265796423], "mean": [-7.59275245667, -7.41899490356, -8.05116462708, -8.32045459747, -7.80112314224, -10.2522144318]}, "barkbands_flatness_db": {"min": 0.0144235258922, "max": 0.469697117805, "dvar2": 0.00298848678358, "median": 0.13014537096, "dmean2": 0.0524099543691, "dmean": 0.0349461697042, "var": 0.00530777592212, "dvar": 0.00135409890208, "mean": 0.141784206033}, "dynamic_complexity": 4.8907494545, "erbbands_flatness_db": {"min": 0.0289344713092, "max": 0.37902328372, "dvar2": 0.00106045999564, "median": 0.129862457514, "dmean2": 0.0323988571763, "dmean": 0.0224263928831, "var": 0.00250744097866, "dvar": 0.000535819563083, "mean": 0.138054966927}, "