{"lowlevel": {"spectral_complexity": {"min": 0, "max": 52, "dvar2": 5.25846338272, "median": 6, "dmean2": 2.19871902466, "dmean": 1.42914640903, "var": 36.9713668823, "dvar": 2.8107073307, "mean": 8.50182914734}, "silence_rate_20dB": {"min": 1, "max": 1, "dvar2": 0, "median": 1, "dmean2": 0, "dmean": 0, "var": 0, "dvar": 0, "mean": 1}, "average_loudness": 0.151765063405, "erbbands_spread": {"min": 1.33371150494, "max": 169.840026855, "dvar2": 284.53338623, "median": 37.9971160889, "dmean2": 14.3254413605, "dmean": 9.33979797363, "var": 486.646728516, "dvar": 124.148292542, "mean": 40.6505317688}, "spectral_kurtosis": {"min": -1.25784981251, "max": 61.5792007446, "dvar2": 17.8386974335, "median": 4.1872587204, "dmean2": 3.17134594917, "dmean": 1.90055406094, "var": 45.5024909973, "dvar": 6.6045384407, "mean": 6.32959222794}, "barkbands_kurtosis": {"min": -1.92729496956, "max": 757.589477539, "dvar2": 259.703460693, "median": 7.32513475418, "dmean2": 8.20229816437, "dmean": 5.61326122284, "var": 648.833862305, "dvar": 142.793060303, "mean": 13.8629751205}, "spectral_strongpeak": {"min": 0, "max": 9.99304580688, "dvar2": 1.78108024597, "median": 0.430777847767, "dmean2": 0.641750156879, "dmean": 0.389260917902, "var": 1.29356825352, "dvar": 0.697213888168, "mean": 0.85210454464}, "spectral_spread": {"min": 1441991.625, "max": 42322616, "dvar2": 900925751296, "median": 4627825, "dmean2": 658221.75, "dmean": 434132.8125, "var": 9537498120190.0, "dvar": 496424910848, "mean": 4947904.5}, "spectral_rms": {"min": 3.09811182785e-12, "max": 0.0147725855932, "dvar2": 5.64808146919e-07, "median": 0.00235906708986, "dmean2": 0.00057978410041, "dmean": 0.00041072408203, "var": 4.51341566077e-06, "dvar": 2.94767204423e-07, "mean": 0.00295283505693}, "erbbands": {"min": [1.30174090534e-22, 1.41945018578e-22, 1.48375017506e-21, 6.60567655984e-21, 1.27969655212e-20, 3.32158640121e-20, 2.38453423132e-20, 4.58262324504e-20, 1.51508145829e-19, 2.89387250296e-19, 1.82987382919e-19, 3.96624082281e-19, 6.40241568128e-19, 6.62661678245e-19, 1.25521411271e-18, 1.24436605257e-18, 1.06689072983e-18, 2.577815528e-18, 2.53876433128e-18, 3.04941787179e-18, 4.87830552075e-18, 4.32301793477e-18, 5.92012171787e-18, 6.12637506771e-18, 6.56050757732e-18, 8.52006039815e-18, 7.58425442756e-18, 1.10129131035e-17, 1.19309801859e-17, 1.18148481638e-17, 1.04871802672e-17, 1.12953332441e-17, 1.01711104193e-17, 9.14749757229e-18, 6.80305016781e-18, 4.48613836516e-18, 2.4113036571e-18, 9.583289613e-19, 2.40964846869e-19, 2.70103938308e-20], "max": [0.735414147377, 1.49676370621, 8.88426303864, 43.5519180298, 193.760528564, 371.549835205, 344.33203125, 1042.75183105, 2135.20141602, 2691.04370117, 3675.90698242, 1532.12426758, 1845.98742676, 2542.14794922, 2023.08166504, 258.029602051, 263.261138916, 755.637390137, 484.588317871, 1054.59777832, 276.000579834, 223.957092285, 202.999710083, 226.982254028, 254.1484375, 207.56137085, 376.056121826, 138.864059448, 137.45916748, 156.825515747, 68.6167068481, 128.961212158, 54.8445281982, 14.209736824, 6.44364929199, 10.9539604187, 2.40589904785, 0.270543307066, 0.0132331047207, 0.000474544445751], "dvar2": [0.000308292743284, 0.00582592142746, 0.399254590273, 7.44327688217, 84.3241043091, 117.975517273, 152.051025391, 2138.94995117, 5676.36035156, 7621.30664062, 8329.40332031, 6116.28076172, 9563.53125, 4793.67333984, 1899.08239746, 52.1946525574, 234.843414307, 1050.63745117, 398.900817871, 1996.91967773, 155.569137573, 58.066822052, 65.8238525391, 85.6178665161, 158.820251465, 175.698669434, 221.05581665, 80.053062439, 207.921401978, 79.8109817505, 16.9107131958, 8.08267688751, 6.30682659149, 0.746502041817, 0.113831423223, 0.0878857374191, 0.00724167330191, 6.49291469017e-05, 1.94284069721e-07, 3.83775428103e-10], "median": [0.00112362613436, 0.0404964014888, 0.250750184059, 0.742334008217, 1.96689915657, 2.12831258774, 2.40371346474, 4.37433576584, 3.10983014107, 2.83879709244, 1.72321391106, 1.83733975887, 0.86014509201, 0.50709682703, 0.3987672925, 0.216158255935, 0.365446925163, 0.545818507671, 0.50584924221, 0.410313665867, 0.299647450447, 0.428826868534, 0.526894807816, 0.606398105621, 0.668588638306, 0.673253774643, 0.53198993206, 0.46575987339, 0.587119877338, 0.521376609802, 0.202065646648, 0.0896637290716, 0.0890172794461, 0.0370826199651, 0.0169189348817, 0.00925413705409, 0.00251071644016, 0.000990432919934, 5.9497422626e-05, 1.17076760944e-05], "dmean2": [0.00239780847915, 0.0348447263241, 0.2916880548, 1.35225820541, 4.45021820068, 4.33449411392, 4.97747850418, 17.8609695435, 22.9689750671, 22.0334358215, 19.0906295776, 18.4758243561, 18.5259799957, 8.93290424347, 4.39422464371, 1.8374453783, 4.54949331284, 8.16258144379, 5.41222143173, 7.082447052, 2.78216266632, 2.48908281326, 3.00003290176, 2.82125306129, 4.47302913666, 4.3459944725, 3.37344074249, 2.64076423645, 4.05332231522, 2.87222647667, 1.02698767185, 0.580663263798, 0.582498729229, 0.231241583824, 0.100472077727, 0.0673861950636, 0.0175137892365, 0.00177106563933, 9.74309659796e-05, 8.69931136549e-06], "dmean": [0.00158190145157, 0.0239467024803, 0.182888194919, 0.868609070778, 2.89618229866, 3.00123143196, 3.2652618885, 11.904053688, 15.7831058502, 15.0898694992, 13.1205101013, 12.5372648239, 12.2124881744, 6.17867422104, 2.92985343933, 1.191157341, 2.97292351723, 5.24665355682, 3.56227445602, 4.47963380814, 1.77763307095, 1.64167904854, 1.96523118019, 1.85332894325, 3.05384421349, 2.9081029892, 2.25920057297, 1.77186429501, 2.66796851158, 1.95998322964, 0.70392203331, 0.39035898447, 0.395521074533, 0.159413561225, 0.0681121274829, 0.0461937859654, 0.0119907492772, 0.00124676164705, 7.00089221937e-05, 6.17161640548e-06], "var": [0.000153939938173, 0.0196097306907, 0.371799945831, 14.8438844681, 194.709701538, 350.802703857, 236.87310791, 2916.66674805, 19969.7304688, 9065.16308594, 10536.6376953, 8991.9140625, 10605.5927734, 5492.01660156, 1032.49499512, 73.4014053345, 332.977844238, 1146.63806152, 585.496704102, 2087.65673828, 180.66809082, 105.690750122, 82.8590393066, 80.1829299927, 244.652389526, 158.511795044, 123.243995667, 69.3986206055, 113.897262573, 78.528175354, 13.0958900452, 6.51148509979, 5.3223490715, 0.769572079182, 0.137275263667, 0.109241440892, 0.0095052132383, 0.000108734660898, 3.43118472301e-07, 1.06885533757e-09], "dvar": [0.000132386892801, 0.00220566545613, 0.135584846139, 3.05391168594, 36.3600692749, 59.849647522, 63.2254257202, 989.581176758, 2883.25854492, 3397.86743164, 3724.49438477, 2903.31982422, 3980.21875, 2100.95336914, 698.220397949, 22.063331604, 98.012260437, 418.800933838, 185.061416626, 747.785888672, 62.4132614136, 26.8102416992, 28.1455574036, 35.0878448486, 75.314239502, 78.7180862427, 98.1437530518, 36.6103591919, 87.7069854736, 37.7919807434, 7.56392288208, 3.44917559624, 2.7824306488, 0.359330296516, 0.058317117393, 0.0469947755337, 0.00375929428264, 3.68165528926e-05, 1.18025894835e-07, 2.08493625142e-10], "mean": [0.00357146421447, 0.0948667004704, 0.464566200972, 2.09523558617, 7.26059246063, 7.48032569885, 7.17778730392, 24.3666305542, 39.2585144043, 30.86287117, 27.4470081329, 24.2668514252, 21.9863166809, 10.8752841949, 5.06904983521, 2.53989553452, 6.07225656509, 9.75069141388, 6.76027011871, 8.03868961334, 3.55344438553, 3.70253181458, 3.98192667961, 3.92090940475, 6.50730705261, 5.21002912521, 3.28437042236, 3.2199614048, 4.19371032715, 3.72032642365, 1.31292259693, 0.757714509964, 0.764420032501, 0.29342097044, 0.120461814106, 0.0763281062245, 0.0201136153191, 0.00277537014335, 0.00016521049838, 2.26542379096e-05]}, "zerocrossingrate": {"min": 0.00341796875, "max": 0.546875, "dvar2": 0.00032311087125, "median": 0.0419921875, "dmean2": 0.0122056016698, "dmean": 0.0107617080212, "var": 0.00315570621751, "dvar": 0.000300090789096, "mean": 0.0549659430981}, "spectral_contrast_coeffs": {"min": [-0.999601960182, -0.998986065388, -0.997920453548, -0.992542266846, -0.994265675545, -0.967388927937], "max": [-0.271863043308, -0.316034644842, -0.384536504745, -0.530900120735, -0.544829368591, -0.526158332825], "dvar2": [0.00305739510804, 0.00343785062432, 0.00179705454502, 0.00141320796683, 0.00113181991037, 0.000679251505062], "median": [-0.576475024223, -0.671824455261, -0.719003081322, -0.743853092194, -0.75642490387, -0.749005198479], "dmean2": [0.0636473745108, 0.0657143890858, 0.0515900366008, 0.0458624623716, 0.037495713681, 0.0259511042386], "dmean": [0.0393859781325, 0.0419371090829, 0.0333835184574, 0.0287739057094, 0.0238571111113, 0.0172130577266], "var": [0.00897804554552, 0.00684901047498, 0.00527344783768, 0.00434470642358, 0.00376148032956, 0.00312228896655], "dvar": [0.0011571131181, 0.00139670248609, 0.000779914786108, 0.000589141855016, 0.000512443482876, 0.000350432877894], "mean": [-0.576262533665, -0.668104469776, -0.715515375137, -0.739401161671, -0.753554046154, -0.749751746655]}, "dissonance": {"min": 0.200183182955, "max": 0.499980121851, "dvar2": 0.001619700226, "median": 0.429158091545, "dmean2": 0.0444007478654, "dmean": 0.0267184711993, "var": 0.00227771513164, "dvar": 0.000618641206529, "mean": 0.420721173286}, "spectral_energyband_high": {"min": 7.11283480667e-21, "max": 0.0124125275761, "dvar2": 4.41895423364e-07, "median": 8.14590457594e-05, "dmean2": 0.000249571370659, "dmean": 0.000177651440026, "var": 5.61098488561e-07, "dvar": 2.29078210623e-07, "mean": 0.000377000746084}, "spectral_skewness": {"min": -0.0823792219162, "max": 6.5493555069, "dvar2": 0.178053036332, "median": 1.70532476902, "dmean2": 0.388716459274, "dmean": 0.248578846455, "var": 0.789149582386, "dvar": 0.0781086087227, "mean": 1.88388824463}, "spectral_flux": {"min": 6.42471215118e-11, "max": 0.264834910631, "dvar2": 0.000598029233515, "median": 0.0298981275409, "dmean2": 0.0189926847816, "dmean": 0.0116699701175, "var": 0.00120572361629, "dvar": 0.000235263403738, "mean": 0.0400057211518}, "silence_rate_30dB": {"min": 0, "max": 1, "dvar2": 0.0126891881227, "median": 1, "dmean2": 0.0109789567068, "dmean": 0.00548897637054, "var": 0.00897417403758, "dvar": 0.00545913493261, "mean": 0.990944027901}, "spectral_energyband_middle_high": {"min": 1.21855588892e-21, "max": 0.0997563451529, "dvar2": 1.21772864077e-05, "median": 0.000313069554977, "dmean2": 0.000861256965436, "dmean": 0.000594260520302, "var": 2.04894167837e-05, "dvar": 5.14505427418e-06, "mean": 0.00156353355851}, "barkbands_spread": {"min": 0.317650705576, "max": 122.25138855, "dvar2": 145.901779175, "median": 11.372428894, "dmean2": 7.52858972549, "dmean": 5.03677654266, "var": 254.966583252, "dvar": 75.6360168457, "mean": 16.3386459351}, "spectral_centroid": {"min": 160.875045776, "max": 12033.2568359, "dvar2": 274373.0625, "median": 783.44354248, "dmean2": 336.518615723, "dmean": 231.092849731, "var": 1082486.875, "dvar": 148558.15625, "mean": 1043.52392578}, "pitch_salience": {"min": 0.0604952163994, "max": 0.996047914028, "dvar2": 0.00713620474562, "median": 0.524374723434, "dmean2": 0.0944920629263, "dmean": 0.0600549429655, "var": 0.0152254328132, "dvar": 0.00283347605728, "mean": 0.517168164253}, "erbbands_skewness": {"min": -4.83794641495, "max": 9.1867685318, "dvar2": 0.517144739628, "median": 1.14262890816, "dmean2": 0.69728320837, "dmean": 0.482785403728, "var": 1.61524558067, "dvar": 0.260739356279, "mean": 1.14704847336}, "erbbands_crest": {"min": 2.34012913704, "max": 30.9409656525, "dvar2": 17.3480606079, "median": 10.9770803452, "dmean2": 4.49755573273, "dmean": 2.85974192619, "var": 23.554473877, "dvar": 7.14015197754, "mean": 11.958820343}, "melbands": {"min": [1.41385311511e-24, 7.38248279795e-25, 1.60285472167e-24, 1.57003041662e-24, 8.36293237907e-25, 1.20637658336e-24, 2.24505179068e-24, 2.82624052665e-24, 1.47566539602e-24, 2.3555051364e-24, 3.02118817229e-24, 2.21224503778e-24, 3.83650550012e-24, 3.84179639021e-24, 2.37864479333e-24, 1.90298060015e-24, 4.08947149874e-24, 3.48103728204e-24, 4.75922387361e-24, 3.84377012019e-24, 4.88615593199e-24, 2.76952793567e-24, 4.57993669467e-24, 3.85530642207e-24, 3.54312181858e-24, 3.79445132526e-24, 4.27746651879e-24, 3.94022256535e-24, 4.50524379429e-24, 5.28491604768e-24, 6.00406847015e-24, 5.46190527481e-24, 5.06903361135e-24, 6.1021566184e-24, 5.17602957693e-24, 5.9275639507e-24, 5.98219454054e-24, 6.28293158901e-24, 6.73413399439e-24, 6.48043238296e-24], "max": [0.00494986725971, 0.00340922176838, 0.0111300405115, 0.0124901346862, 0.0107162669301, 0.0283124558628, 0.0299530662596, 0.0236712805927, 0.0241165105253, 0.0110330507159, 0.00957449991256, 0.011398607865, 0.0103034311906, 0.000827574345749, 0.000886236259248, 0.00119269255083, 0.00131407007575, 0.000922915991396, 0.00160162721295, 0.000722160271835, 0.000357220880687, 0.000318269478157, 0.000261317007244, 0.000235432496993, 0.000216586617171, 0.000171884094016, 0.000163938399055, 0.000115385199024, 0.000243822025368, 0.000154216671945, 9.54942952376e-05, 9.85426449915e-05, 0.000123085119412, 9.39862147789e-05, 3.09398128593e-05, 5.58998071938e-05, 0.000111649897008, 4.645502122e-05, 2.61403911281e-05, 1.072755731e-05], "dvar2": [1.38762468183e-08, 5.71276146388e-08, 4.09096600151e-07, 4.26353182092e-07, 1.75979124606e-07, 1.0558745771e-06, 1.09536006221e-06, 7.80335938089e-07, 6.20365256054e-07, 2.33758214563e-07, 2.55038457908e-07, 8.99581138469e-08, 5.78641810023e-08, 4.54103421532e-10, 1.34385891304e-09, 3.16770254472e-09, 3.89855348004e-09, 1.70154490498e-09, 3.84351839244e-09, 1.12076248282e-09, 2.58841892364e-10, 9.82687611839e-11, 2.71434888455e-11, 1.17270360089e-10, 7.60926946453e-11, 7.8222137101e-11, 1.45197034951e-10, 6.76839626013e-11, 1.9197975154e-10, 5.30710302094e-11, 2.26730873659e-11, 6.88750931288e-11, 5.88004783753e-11, 3.71491518103e-11, 4.1552716129e-12, 7.33507438816e-12, 4.97621952325e-12, 5.23816710493e-12, 1.86627666446e-12, 4.55225158784e-13], "median": [2.05211545108e-05, 0.000114152338938, 0.000191104540136, 0.000177439549589, 8.36232793517e-05, 9.98491887003e-05, 4.66017154395e-05, 2.48679280048e-05, 1.39068561111e-05, 9.94000220089e-06, 3.78026879844e-06, 1.93381742974e-06, 1.58258444571e-06, 3.74912900725e-07, 5.04353408814e-07, 7.297189768e-07, 9.14511133487e-07, 6.15290957739e-07, 5.24053007211e-07, 3.51993861614e-07, 2.61401055468e-07, 3.60907165486e-07, 3.04379540239e-07, 4.53859172467e-07, 3.25921064359e-07, 4.05404932735e-07, 4.78931951875e-07, 3.41016686889e-07, 2.34346629213e-07, 1.65732402024e-07, 2.12418513001e-07, 2.81319529449e-07, 2.762077429e-07, 2.17718621798e-07, 9.14765365678e-08, 6.07770687111e-08, 3.502862711e-08, 6.28501339861e-08, 3.1120137578e-08, 2.31059118505e-08], "dmean2": [2.55470658885e-05, 0.000113783979032, 0.00033082428854, 0.000319329759805, 0.000170906627318, 0.00040083611384, 0.000339422054822, 0.000233059181483, 0.00016126758419, 0.000118775395094, 9.5973504358e-05, 4.13750967709e-05, 2.06622698897e-05, 5.08335733684e-06, 8.50010655995e-06, 1.48123199324e-05, 1.59997944138e-05, 1.07394525912e-05, 1.02257990875e-05, 5.56932309337e-06, 3.45086050402e-06, 2.96063376481e-06, 2.00577073883e-06, 3.52021152139e-06, 2.34024378187e-06, 3.15868601319e-06, 4.10898974224e-06, 2.62502476289e-06, 2.82009204966e-06, 1.61834725532e-06, 1.54052611379e-06, 2.33375317293e-06, 2.14744522964e-06, 1.61721277436e-06, 5.36291906883e-07, 5.98661245022e-07, 3.06614964529e-07, 4.85316547838e-07, 3.13819384701e-07, 1.818182227e-07], "dmean": [1.76497196662e-05, 7.26909493096e-05, 0.000211813297938, 0.000213244275074, 0.000113742105896, 0.000267000199528, 0.000233032071264, 0.000160465555382, 0.000109721673653, 8.06767639006e-05, 6.30507129245e-05, 2.85162695945e-05, 1.3566555026e-05, 3.39589973919e-06, 5.32362264494e-06, 9.7240526884e-06, 1.02774956758e-05, 7.16450313121e-06, 6.54984751236e-06, 3.56683403879e-06, 2.19643652599e-06, 1.93067194232e-06, 1.37590632221e-06, 2.24906443691e-06, 1.50666721765e-06, 2.13089197132e-06, 2.74518447441e-06, 1.73053319941e-06, 1.85513488304e-06, 1.03989088984e-06, 1.03349452729e-06, 1.52500228978e-06, 1.41570421874e-06, 1.08954679945e-06, 3.59352696933e-07, 3.9737844304e-07, 2.01117686061e-07, 3.2510621395e-07, 2.11695052599e-07, 1.23474151792e-07], "var": [1.32702764333e-08, 6.76147422496e-08, 7.82418965173e-07, 1.20883782984e-06, 3.48379785464e-07, 1.65937058227e-06, 3.84479062632e-06, 9.33740409437e-07, 7.21286767202e-07, 3.1844766113e-07, 2.85052323079e-07, 1.05921593274e-07, 2.68477435839e-08, 6.53057274924e-10, 1.11414366621e-09, 3.64175845036e-09, 4.22382706589e-09, 2.05653716279e-09, 4.47570913664e-09, 1.06526709676e-09, 2.27169449918e-10, 1.32938007824e-10, 7.65465815733e-11, 9.23078558035e-11, 5.88487175657e-11, 1.23373686267e-10, 1.52553414345e-10, 5.83576242885e-11, 9.00040042495e-11, 2.90041810014e-11, 2.66183169256e-11, 4.07682811121e-11, 3.63050665919e-11, 2.78557246713e-11, 3.31714820542e-12, 5.01221156593e-12, 2.69207421112e-12, 3.84412553872e-12, 1.64004595495e-12, 3.95100130997e-13], "dvar": [6.00681104856e-09, 1.95783478318e-08, 1.62115114222e-07, 2.02377307801e-07, 7.49656976495e-08, 5.0806818308e-07, 5.51219613953e-07, 3.45090711562e-07, 2.59920113876e-07, 1.10873003223e-07, 1.06911279829e-07, 4.1080784996e-08, 1.99963903214e-08, 2.19595674977e-10, 4.91172380546e-10, 1.3731837889e-09, 1.57825075231e-09, 8.09549205449e-10, 1.54547152853e-09, 4.14884626654e-10, 1.03908853744e-10, 4.26966656475e-11, 1.48346664813e-11, 4.84317100313e-11, 3.0745073154e-11, 3.71065018989e-11, 6.53490594971e-11, 2.99889280075e-11, 8.17692927257e-11, 2.28811292829e-11, 1.09873212958e-11, 2.94173574389e-11, 2.53558250785e-11, 1.63765702388e-11, 1.85566687884e-12, 3.17135423825e-12, 1.90112444017e-12, 2.26754747791e-12, 8.40213044539e-13, 2.10128802921e-13], "mean": [6.03450243943e-05, 0.000201363945962, 0.000529861834366, 0.000562608765904, 0.000263060210273, 0.000554548285436, 0.000573281780817, 0.000323150394252, 0.000224186005653, 0.000147884566104, 0.000110839864647, 4.77581343148e-05, 2.13113562495e-05, 6.23059850113e-06, 9.56109670369e-06, 1.76565954462e-05, 1.82085568667e-05, 1.18700954772e-05, 1.1446814824e-05, 6.33972695141e-06, 3.83587303077e-06, 3.92705214836e-06, 3.0246139886e-06, 3.83079350286e-06, 2.87133457277e-06, 4.44090346718e-06, 5.02047760165e-06, 2.94997880701e-06, 2.3494233119e-06, 1.60157424034e-06, 1.90343996564e-06, 2.3549891921e-06, 2.29042234423e-06, 1.99215287466e-06, 6.50305651106e-07, 6.45910859021e-07, 3.79409328843e-07, 5.94013101818e-07, 3.87749480524e-07, 2.03338586857e-07]}, "spectral_entropy": {"min": 4.30981826782, "max": 9.82461547852, "dvar2": 0.0964331999421, "median": 6.7664065361, "dmean2": 0.263256251812, "dmean": 0.174003362656, "var": 0.483149826527, "dvar": 0.0421051196754, "mean": 6.75759315491}, "spectral_rolloff": {"min": 86.1328125, "max": 19789.0136719, "dvar2": 2772071.25, "median": 559.86328125, "dmean2": 766.875244141, "dmean": 444.230407715, "var": 4925046.5, "dvar": 1395543.75, "mean": 1290.95629883}, "barkbands": {"min": [4.93167364996e-26, 3.04456369863e-24, 1.0519795437e-24, 3.11011246852e-25, 9.40616444141e-24, 5.37464463692e-24, 1.17790122904e-23, 1.06522877815e-23, 1.58734891116e-23, 1.59048242444e-23, 2.41588368234e-23, 2.79753932145e-23, 1.19604566095e-23, 4.70534861809e-23, 5.81239593834e-23, 5.55270671487e-23, 7.42384376129e-23, 9.39341487146e-23, 1.1560699768e-22, 1.75891520865e-22, 2.53910571211e-22, 3.4025496925e-22, 3.73668416135e-22, 5.94760682371e-22, 9.88959449689e-22, 1.24782750051e-21, 1.96377302038e-21], "max": [0.00465652020648, 0.0129304891452, 0.0109025649726, 0.0237547643483, 0.064921297133, 0.116076849401, 0.126451015472, 0.174121469259, 0.0788069143891, 0.0716316178441, 0.0805472582579, 0.00600178074092, 0.00987543910742, 0.0125841731206, 0.0171263590455, 0.00592953478917, 0.00383984483778, 0.00482941186056, 0.00410556606948, 0.00407750252634, 0.00691589061171, 0.00462024193257, 0.0025410503149, 0.00463461037725, 0.00107510958333, 0.00149547960609, 8.86806083145e-05], "dvar2": [1.03281116992e-08, 1.3589105663e-07, 4.94062533107e-07, 2.7503099318e-06, 7.47418880565e-06, 2.04389853025e-05, 2.61616369244e-05, 1.44561972775e-05, 1.52931552293e-05, 8.76602553035e-06, 4.62900197817e-06, 3.58188714245e-08, 2.69487230753e-07, 4.33171550185e-07, 4.9990859452e-07, 9.16873474921e-08, 1.84766051348e-08, 2.83114207633e-08, 4.92824128173e-08, 8.60570352756e-08, 6.66373338731e-08, 1.09173392104e-07, 3.37754144653e-08, 1.69039022779e-08, 3.33754424098e-09, 2.56133669829e-09, 7.07468762393e-12], "median": [4.27201996445e-07, 0.000117976283946, 0.00015940979938, 0.000328764086589, 0.000686785380822, 0.000503703311551, 0.000172322819708, 5.16211803188e-05, 7.834949065e-05, 9.03583440959e-06, 1.04266746348e-05, 3.83945825888e-06, 7.94565130491e-06, 7.67492565501e-06, 7.09165351509e-06, 2.77372191704e-06, 6.01936335443e-06, 8.12029065855e-06, 1.1050280591e-05, 1.34287465698e-05, 1.1500884284e-05, 1.50706600834e-05, 9.43080794968e-06, 5.05125490236e-06, 2.87999182547e-06, 1.52729307956e-06, 6.12524445387e-07], "dmean2": [1.10171067718e-05, 0.000119129319501, 0.000309124268824, 0.00078889739234, 0.00132121879142, 0.00179003260564, 0.00164504419081, 0.00088474835502, 0.000947678578086, 0.000486598059069, 0.000168600439792, 4.83329749841e-05, 0.000147363316501, 0.000172347092303, 0.00012932223035, 5.55717560928e-05, 4.43830977019e-05, 5.66419839743e-05, 7.88300749264e-05, 9.99317417154e-05, 7.2312723205e-05, 0.000102024794614, 5.39580469194e-05, 3.00353203784e-05, 1.68213737197e-05, 1.10007958938e-05, 6.28259442692e-07], "dmean": [7.80673599365e-06, 8.32339210319e-05, 0.000191947285202, 0.00050642772112, 0.000891935604159, 0.00118597212713, 0.00112274370622, 0.00061331607867, 0.000644811661914, 0.000326345732901, 0.000108772830572, 3.15041434078e-05, 9.6138457593e-05, 0.000111533023301, 8.18814587547e-05, 3.52844217559e-05, 2.95082063531e-05, 3.6818877561e-05, 5.28261734871e-05, 6.58045173623e-05, 4.82231116621e-05, 6.82716345182e-05, 3.63469662261e-05, 2.02728006116e-05, 1.15520806503e-05, 7.6457272371e-06, 4.42630749831e-07], "var": [9.66312097006e-09, 2.72453405614e-07, 4.17451701651e-07, 5.15042438565e-06, 2.19092380576e-05, 2.78485640592e-05, 7.26205907995e-05, 1.99728765438e-05, 2.06357453862e-05, 9.11128427106e-06, 1.92843140212e-06, 4.88118203634e-08, 2.9763222642e-07, 4.68652018526e-07, 5.68053792449e-07, 7.29929894305e-08, 3.12990202644e-08, 2.70546145487e-08, 6.7483782118e-08, 7.43617860621e-08, 4.79355470873e-08, 7.82424152135e-08, 2.84602048595e-08, 1.49169192554e-08, 3.72780117885e-09, 3.54054296992e-09, 1.16477964426e-11], "dvar": [5.76521097528e-09, 5.50140235589e-08, 1.75751623033e-07, 1.10405505893e-06, 3.53526752406e-06, 9.70058317762e-06, 1.27117991724e-05, 6.79348522681e-06, 7.16401928003e-06, 3.77526589546e-06, 1.51600909248e-06, 1.58936739325e-08, 1.15213488527e-07, 1.82943068694e-07, 1.95119284285e-07, 3.41462325082e-08, 8.34917113224e-09, 1.16723457566e-08, 2.22721201482e-08, 3.85703629036e-08, 3.05984855231e-08, 4.87340088284e-08, 1.51540842097e-08, 7.50339701483e-09, 1.66099722865e-09, 1.39016942402e-09, 4.08703149449e-12], "mean": [9.99926760414e-06, 0.000323453743476, 0.000406067323638, 0.00112855364569, 0.00235576811247, 0.00235853088088, 0.00258291512728, 0.00122521980666, 0.00117852084804, 0.000525491544977, 0.000162497410201, 5.87983777223e-05, 0.000171711479197, 0.000188753052498, 0.000141379394336, 5.99594095547e-05, 6.1547740188e-05, 6.90980159561e-05, 0.000109372114821, 0.000110674918687, 7.77672539698e-05, 0.000115750342957, 6.64350227453e-05, 4.03072990594e-05, 2.08367619052e-05, 1.28529372887e-05, 1.21905736705e-06]}, "melbands_flatness_db": {"min": 5.09092501488e-07, "max": 0.549305737019, "dvar2": 0.000971806584857, "median": 0.265656232834, "dmean2": 0.0297804065049, "dmean": 0.0205153413117, "var": 0.00718830758706, "dvar": 0.00048710196279, "mean": 0.271191865206}, "melbands_skewness": {"min": -0.985995411873, "max": 16.2637882233, "dvar2": 1.48820197582, "median": 3.11490440369, "dmean2": 1.11973869801, "dmean": 0.737762391567, "var": 3.62198138237, "dvar": 0.625681579113, "mean": 3.40343475342}, "barkbands_skewness": {"min": -2.61597561836, "max": 25.0797958374, "dvar2": 0.872662127018, "median": 2.33268642426, "dmean2": 0.877587139606, "dmean": 0.607077717781, "var": 3.14859747887, "dvar": 0.44192969799, "mean": 2.55340313911}, "silence_rate_60dB": {"min": 0, "max": 1, "dvar2": 0.104119993746, "median": 0, "dmean2": 0.10210429877, "dmean": 0.0510474778712, "var": 0.237178057432, "dvar": 0.0484379827976, "mean": 0.386754482985}, "spectral_energyband_low": {"min": 1.02629013055e-23, "max": 0.0173460040241, "dvar2": 1.33269259095e-06, "median": 0.000654824194498, "dmean2": 0.000618360005319, "dmean": 0.000396973773604, "var": 2.13985867958e-06, "dvar": 5.29764292878e-07, "mean": 0.00114232045598}, "spectral_energyband_middle_low": {"min": 1.45787957633e-22, "max": 0.219224914908, "dvar2": 9.8415199318e-05, "median": 0.0038066781126, "dmean2": 0.00475921528414, "dmean": 0.00331104616635, "var": 0.00030294660246, "dvar": 4.60593619209e-05, "mean": 0.010990136303}, "melbands_kurtosis": {"min": -1.80085909367, "max": 463.390472412, "dvar2": 760.595275879, "median": 17.3615760803, "dmean2": 15.4194164276, "dmean": 10.0893201828, "var": 1148.7857666, "dvar": 307.55847168, "mean": 26.8100910187}, "spectral_decrease": {"min": -5.69926150717e-08, "max": 3.87846901837e-28, "dvar2": 6.81438295579e-18, "median": -1.37506928066e-09, "dmean2": 1.30419064437e-09, "dmean": 9.06730079908e-10, "var": 2.47578780388e-17, "dvar": 3.23770341116e-18, "mean": -3.37053518429e-09}, "erbbands_kurtosis": {"min": -1.92577648163, "max": 134.171066284, "dvar2": 22.4051628113, "median": 0.884240865707, "dmean2": 2.99440646172, "dmean": 1.9699691534, "var": 46.6455039978, "dvar": 10.6918010712, "mean": 2.95245456696}, "melbands_crest": {"min": 1.00195538998, "max": 32.5840988159, "dvar2": 15.0731515884, "median": 14.1677417755, "dmean2": 4.14542627335, "dmean": 2.65532183647, "var": 31.9255485535, "dvar": 6.05485057831, "mean": 15.0581293106}, "gfcc": {"cov": [[17369.5253906, -1296.39782715, -2206.59472656, 537.59173584, -1592.79589844, -204.887405396, -1162.27770996, 435.181121826, 20.40858078, -135.919387817, 60.9859695435, -332.288391113, -650.174377441], [-1296.39782715, 1318.37512207, 186.849258423, -229.076873779, 320.673919678, 10.5125656128, 268.438171387, -156.944396973, -4.62319374084, -18.9373683929, -7.88078069687, -17.676448822, 130.59765625], [-2206.59472656, 186.849258423, 1074.1361084, 161.386779785, 184.05619812, 57.6697311401, 144.102752686, -50.3810768127, -6.44406509399, 20.5081481934, -4.85591030121, 61.0124473572, 82.1868591309], [537.59173584, -229.076873779, 161.386779785, 519.963195801, 96.4553451538, -51.0161170959, -121.678596497, 56.6950569153, 27.1157684326, -20.1052074432, -3.79029178619, -4.66235256195, -22.2230167389], [-1592.79589844, 320.673919678, 184.05619812, 96.4553451538, 516.672790527, 62.0749130249, 56.0884132385, -52.1204872131, -16.7468318939, -13.6466817856, 3.46303701401, 3.51118564606, 87.7561264038], [-204.887405396, 10.5125656128, 57.6697311401, -51.0161170959, 62.0749130249, 309.892974854, 128.80847168, 38.9285392761, 0.105078108609, -30.3871707916, 40.6284141541, 38.9694137573, 4.1805267334], [-1162.27770996, 268.438171387, 144.102752686, -121.678596497, 56.0884132385, 128.80847168, 386.362640381, -10.9347610474, -23.5894355774, 88.3789138794, -44.1349449158, 40.6665496826, 41.4926300049], [435.181121826, -156.944396973, -50.3810768127, 56.6950569153, -52.1204872131, 38.9285392761, -10.9347610474, 213.259750366, 17.7419643402, -33.3093833923, 88.786605835, -5.54189682007, -30.3816871643], [20.40858078, -4.62319374084, -6.44406509399, 27.1157684326, -16.7468318939, 0.105078108609, -23.5894355774, 17.7419643402, 228.455444336, -7.6627202034, -57.3048858643, 44.8600234985, -4.77702140808], [-135.919387817, -18.9373683929, 20.5081481934, -20.1052074432, -13.6466817856, -30.3871707916, 88.3789138794, -33.3093833923, -7.6627202034, 296.458770752, -76.066619873, -68.4190979004, 42.2060813904], [60.9859695435, -7.88078069687, -4.85591030121, -3.79029178619, 3.46303701401, 40.6284141541, -44.1349449158, 88.786605835, -57.3048858643, -76.066619873, 269.066711426, 4.1521487236, -47.032623291], [-332.288391113, -17.676448822, 61.0124473572, -4.66235256195, 3.51118564606, 38.9694137573, 40.6665496826, -5.54189682007, 44.8600234985, -68.4190979004, 4.1521487236, 180.982315063, 19.8109016418], [-650.174377441, 130.59765625, 82.1868591309, -22.2230167389, 87.7561264038, 4.1805267334, 41.4926300049, -30.3816871643, -4.77702140808, 42.2060813904, -47.032623291, 19.8109016418, 165.21031189]], "icov": [[0.000210615282413, -0.000279976433376, 0.000329313683324, -0.000425573525717, 0.000667309504934, -0.00040901749162, 0.0006537088193, -0.000278242747299, 0.000247504911385, -0.000201373462914, 0.000263634050498, -3.09942115564e-05, 0.000407026149333], [-0.000279976433376, 0.00183992390521, -0.000490748439915, 0.00107370852493, -0.00160553620663, 0.00117185793351, -0.00208283495158, 0.00128341943491, -0.000918970443308, 0.00103513943031, -0.000934157520533, 0.000922595907468, -0.00125301012304], [0.000329313683324, -0.000490748439915, 0.00168620585464, -0.00121481250972, 0.000932860246394, -0.000703226192854, 0.00053475308232, -4.66780256829e-05, 0.000365830434021, -0.000319717626553, 0.000153447050252, -0.000271510070888, 0.000229572979151], [-0.000425573525717, 0.00107370852493, -0.00121481250972, 0.00370056228712, -0.00232558487915, 0.00134176656138, -0.000647440436296, -0.000345318461768, -0.000649764144327, 0.000411184999393, -7.81091002864e-05, 6.79052027408e-05, -0.000275232538115], [0.000667309504934, -0.00160553620663, 0.000932860246394, -0.00232558487915, 0.00504300976172, -0.00209148344584, 0.00222170283087, -0.000364541250747, 0.000966218591202, -0.000538334599696, 0.000609010457993, 5.72912249481e-05, 0.000199565460207], [-0.00040901749162, 0.00117185793351, -0.000703226192854, 0.00134176656138, -0.00209148344584, 0.00528255989775, -0.00321138370782, 0.000193678832147, -0.000924575433601, 0.00126320868731, -0.0012262185337, 9.87771491054e-05, -0.00089662586106], [0.0006537088193, -0.00208283495158, 0.00053475308232, -0.000647440436296, 0.00222170283087, -0.00321138370782, 0.00727488007396, -0.00236026593484, 0.00202736095525, -0.00272234436125, 0.00229196832515, -0.00207963213325, 0.00216194544919], [-0.000278242747299, 0.00128341943491, -4.66780256829e-05, -0.000345318461768, -0.000364541250747, 0.000193678832147, -0.00236026593484, 0.00750953704119, -0.00182216137182, 0.00117356970441, -0.00311586121097, 0.00146546750329, -0.00138553162105], [0.000247504911385, -0.000918970443308, 0.000365830434021, -0.000649764144327, 0.000966218591202, -0.000924575433601, 0.00202736095525, -0.00182216137182, 0.00581637350842, -0.000813796184957, 0.00225380365737, -0.00205647409894, 0.00136128487065], [-0.000201373462914, 0.00103513943031, -0.000319717626553, 0.000411184999393, -0.000538334599696, 0.00126320868731, -0.00272234436125, 0.00117356970441, -0.000813796184957, 0.00531618157402, 7.58532451073e-06, 0.0026596293319, -0.00194129755255], [0.000263634050498, -0.000934157520533, 0.000153447050252, -7.81091002864e-05, 0.000609010457993, -0.0012262185337, 0.00229196832515, -0.00311586121097, 0.00225380365737, 7.58532451073e-06, 0.00608658790588, -0.000950785703026, 0.00215801969171], [-3.09942115564e-05, 0.000922595907468, -0.000271510070888, 6.79052027408e-05, 5.72912249481e-05, 9.87771491054e-05, -0.00207963213325, 0.00146546750329, -0.00205647409894, 0.0026596293319, -0.000950785703026, 0.00788704585284, -0.00190356455278], [0.000407026149333, -0.00125301012304, 0.000229572979151, -0.000275232538115, 0.000199565460207, -0.00089662586106, 0.00216194544919, -0.00138553162105, 0.00136128487065, -0.00194129755255, 0.00215801969171, -0.00190356455278, 0.00899081584066]], "mean": [-110.352363586, 94.4299163818, -85.2295761108, 28.0405368805, -75.4765396118, -8.96639823914, -39.8394317627, -5.42468261719, -24.7604160309, 3.51604986191, -21.7839050293, -4.33695030212, -16.4759693146]}, "melbands_spread": {"min": 0.399863600731, "max": 216.061630249, "dvar2": 308.153289795, "median": 10.1119441986, "dmean2": 8.91111087799, "dmean": 6.08394289017, "var": 535.379882812, "dvar": 165.958145142, "mean": 17.1399993896}, "spectral_energy": {"min": 9.83825436895e-21, "max": 0.223685011268, "dvar2": 0.000107128784293, "median": 0.00570432702079, "dmean2": 0.0051973448135, "dmean": 0.00361829460599, "var": 0.000397039955715, "dvar": 5.09641577082e-05, "mean": 0.0135634485632}, "mfcc": {"cov": [[12362.4023438, -1840.49841309, -1085.4486084, -12.1115064621, -425.276000977, -861.810058594, -816.600769043, -79.4315795898, -546.339416504, 192.151672363, 429.59664917, -130.373840332, -37.8134117126], [-1840.49841309, 1449.12341309, 133.665222168, -105.355194092, 11.5712575912, 214.482727051, 204.254867554, 14.9287729263, 136.527206421, -27.6173477173, -78.8819961548, 36.1423797607, -42.1449890137], [-1085.4486084, 133.665222168, 756.060852051, 136.119094849, 69.8201828003, 93.4907608032, 92.8066711426, 55.9610900879, 17.8563518524, 2.02185297012, -55.3048324585, 54.7242126465, 36.7079544067], [-12.1115064621, -105.355194092, 136.119094849, 494.639892578, 191.754821777, 3.77523136139, -47.8979492188, -50.2933959961, 44.1736679077, -19.2415561676, -12.556763649, -16.1317405701, 49.5405082703], [-425.276000977, 11.5712575912, 69.8201828003, 191.754821777, 460.438995361, 19.4606342316, -0.761331379414, 53.7158584595, -20.1939239502, -38.2877693176, -63.4179344177, -21.5593719482, 12.2872810364], [-861.810058594, 214.482727051, 93.4907608032, 3.77523136139, 19.4606342316, 320.770751953, 92.971031189, -2.23350286484, 141.080352783, -9.68214511871, -14.0407371521, 17.4289340973, 0.612710237503], [-816.600769043, 204.254867554, 92.8066711426, -47.8979492188, -0.761331379414, 92.971031189, 395.575286865, 23.2044906616, -21.9962024689, 27.8519172668, 12.8758478165, 32.3704032898, -14.0132102966], [-79.4315795898, 14.9287729263, 55.9610900879, -50.2933959961, 53.7158584595, -2.23350286484, 23.2044906616, 348.237426758, -52.8104476929, -16.8285446167, -9.16563892365, 6.56330919266, 14.9352874756], [-546.339416504, 136.527206421, 17.8563518524, 44.1736679077, -20.1939239502, 141.080352783, -21.9962024689, -52.8104476929, 311.057739258, 5.81658315659, -20.8929672241, 3.06616544724, -3.61794877052], [192.151672363, -27.6173477173, 2.02185297012, -19.2415561676, -38.2877693176, -9.68214511871, 27.8519172668, -16.8285446167, 5.81658315659, 194.574813843, 26.5700378418, 13.1576547623, 17.4716205597], [429.59664917, -78.8819961548, -55.3048324585, -12.556763649, -63.4179344177, -14.0407371521, 12.8758478165, -9.16563892365, -20.8929672241, 26.5700378418, 214.56350708, 8.08880805969, -38.3005027771], [-130.373840332, 36.1423797607, 54.7242126465, -16.1317405701, -21.5593719482, 17.4289340973, 32.3704032898, 6.56330919266, 3.06616544724, 13.1576547623, 8.08880805969, 180.688354492, -14.2570438385], [-37.8134117126, -42.1449890137, 36.7079544067, 49.5405082703, 12.2872810364, 0.612710237503, -14.0132102966, 14.9352874756, -3.61794877052, 17.4716205597, -38.3005027771, -14.2570438385, 217.911056519]], "icov": [[0.00015087214706, 9.41062389757e-05, 0.000140149728395, -6.84609913151e-05, 0.000114081172796, 0.000146960737766, 0.000212105311221, -1.96474993572e-05, 0.000169098362676, -0.000132278597448, -0.000168216603925, 2.02621267817e-05, 2.96497764793e-05], [9.41062389757e-05, 0.00091579608852, 5.70560086999e-06, 0.00017375999596, 1.45659942064e-05, -0.00021807133453, -0.000216632033698, -7.43816008253e-06, -0.000165577235748, 4.61393756268e-05, 0.000170782048372, -3.51654016413e-05, 0.000160623414558], [0.000140149728395, 5.70560086999e-06, 0.00171684951056, -0.000605804263614, 0.000174076179974, -0.000226104049943, -6.23708328931e-05, -0.000301809777739, 0.000310683855787, -0.000212032275158, 0.000212860730244, -0.000415521790273, -8.6181134975e-05], [-6.84609913151e-05, 0.00017375999596, -0.000605804263614, 0.00292733241804, -0.00130678631831, 0.000175571025466, 0.000109673288534, 0.000619827595074, -0.000665772822686, 0.00029134232318, -0.00034943499486, 0.000104591134004, -0.000592956668697], [0.000114081172796, 1.45659942064e-05, 0.000174076179974, -0.00130678631831, 0.00300407363102, -0.000209080346394, 0.00010994727927, -0.000564452493563, 0.000615667901002, 0.000118266652862, 0.000678576121572, 0.000264021655312, 0.000304614484776], [0.000146960737766, -0.00021807133453, -0.000226104049943, 0.000175571025466, -0.000209080346394, 0.00480553787202, -0.000749571074266, -6.41303049633e-05, -0.00194721762091, 0.000278017105302, -0.000382019905373, -0.000103348698758, -0.000192557447008], [0.000212105311221, -0.000216632033698, -6.23708328931e-05, 0.000109673288534, 0.00010994727927, -0.000749571074266, 0.00343333487399, -6.29732749076e-05, 0.00101763533894, -0.000700927979778, -0.000514446641319, -0.000232183243497, 0.000168976650457], [-1.96474993572e-05, -7.43816008253e-06, -0.000301809777739, 0.000619827595074, -0.000564452493563, -6.41303049633e-05, -6.29732749076e-05, 0.00318585382774, 0.000412862282246, 0.000286818918539, -8.57858976815e-05, -8.09932971606e-05, -0.000321834231727], [0.000169098362676, -0.000165577235748, 0.000310683855787, -0.000665772822686, 0.000615667901002, -0.00194721762091, 0.00101763533894, 0.000412862282246, 0.00475485669449, -0.000545457121916, 0.000230142773944, 3.55862684955e-05, 0.000269702664809], [-0.000132278597448, 4.61393756268e-05, -0.000212032275158, 0.00029134232318, 0.000118266652862, 0.000278017105302, -0.000700927979778, 0.000286818918539, -0.000545457121916, 0.00564115913585, -0.000510221521836, -0.000345158681739, -0.000690341927111], [-0.000168216603925, 0.000170782048372, 0.000212860730244, -0.00034943499486, 0.000678576121572, -0.000382019905373, -0.000514446641319, -8.57858976815e-05, 0.000230142773944, -0.000510221521836, 0.00556718511507, -0.000175590030267, 0.000994774163701], [2.02621267817e-05, -3.51654016413e-05, -0.000415521790273, 0.000104591134004, 0.000264021655312, -0.000103348698758, -0.000232183243497, -8.09932971606e-05, 3.55862684955e-05, -0.000345158681739, -0.000175590030267, 0.00584107451141, 0.000398517324356], [2.96497764793e-05, 0.000160623414558, -8.6181134975e-05, -0.000592956668697, 0.000304614484776, -0.000192557447008, 0.000168976650457, -0.000321834231727, 0.000269702664809, -0.000690341927111, 0.000994774163701, 0.000398517324356, 0.00505159515887]], "mean": [-763.654602051, 130.047561646, 33.7895240784, 29.9222640991, -11.0117483139, -1.7095426321, -13.2814102173, -10.2042045593, -7.87368345261, -0.84541207552, 0.463839888573, -9.60168075562, -6.06013250351]}, "spectral_contrast_valleys": {"min": [-28.0629272461, -28.0672149658, -27.6209754944, -27.6695137024, -27.487077713, -27.4462661743], "max": [-6.27848625183, -4.44706964493, -5.52192878723, -6.17513656616, -5.92794704437, -8.21768379211], "dvar2": [0.265052378178, 0.253122895956, 0.186606824398, 0.198807761073, 0.218245565891, 0.181386440992], "median": [-8.4263792038, -7.69568252563, -9.40898132324, -9.80204963684, -9.2677154541, -11.3685455322], "dmean2": [0.558450877666, 0.514033675194, 0.457128405571, 0.417019665241, 0.35766261816, 0.299678117037], "dmean": [0.34262624383, 0.322449535131, 0.287558466196, 0.264973282814, 0.236176922917, 0.216209366918], "var": [2.93517637253, 3.64390659332, 3.06283259392, 3.15049791336, 3.73125958443, 3.40361118317], "dvar": [0.105033561587, 0.114986434579, 0.0882540345192, 0.0957710891962, 0.110452964902, 0.104449808598], "mean": [-8.68614673615, -7.75622797012, -9.3606595993, -9.88725090027, -9.57973194122, -11.6568374634]}, "barkbands_flatness_db": {"min": 0.0371244549751, "max": 0.455947816372, "dvar2": 0.000662101781927, "median": 0.190056204796, "dmean2": 0.0267766509205, "dmean": 0.0177703965455, "var": 0.00384676246904, "dvar": 0.00030301863444, "mean": 0.196595460176}, "dynamic_complexity": 6.5496172905, 