{"lowlevel": {"spectral_complexity": {"min": 0, "max": 64, "dvar2": 65.771484375, "median": 14, "dmean2": 6.57005929947, "dmean": 4.40399694443, "var": 130.509262085, "dvar": 32.2725715637, "mean": 16.7585639954}, "silence_rate_20dB": {"min": 1, "max": 1, "dvar2": 0, "median": 1, "dmean2": 0, "dmean": 0, "var": 0, "dvar": 0, "mean": 1}, "average_loudness": 0.923660635948, "erbbands_spread": {"min": 0.794166982174, "max": 149.284118652, "dvar2": 325.545806885, "median": 39.9967803955, "dmean2": 15.6956539154, "dmean": 10.4324941635, "var": 478.887786865, "dvar": 147.118728638, "mean": 42.7122459412}, "spectral_kurtosis": {"min": -1.24877393246, "max": 179.22555542, "dvar2": 48.6722755432, "median": 2.40254092216, "dmean2": 2.70348238945, "dmean": 1.62904727459, "var": 169.787277222, "dvar": 19.1687602997, "mean": 4.62338542938}, "barkbands_kurtosis": {"min": -1.89923298359, "max": 188.641448975, "dvar2": 283.196258545, "median": 1.00128436089, "dmean2": 5.77095556259, "dmean": 3.42930221558, "var": 98.4613037109, "dvar": 106.563835144, "mean": 3.24273324013}, "spectral_strongpeak": {"min": 0, "max": 15.6912288666, "dvar2": 2.51586699486, "median": 0.421347558498, "dmean2": 0.936777889729, "dmean": 0.56024825573, "var": 1.67824709415, "dvar": 1.01514029503, "mean": 0.866492092609}, "spectral_spread": {"min": 562302.3125, "max": 42057612, "dvar2": 1216146440190.0, "median": 4555669, "dmean2": 794940.375, "dmean": 547329.5625, "var": 3771800485890.0, "dvar": 666784759808, "mean": 4890102.5}, "spectral_rms": {"min": 3.20099090463e-12, "max": 0.0157423634082, "dvar2": 6.0977654357e-06, "median": 0.0035468689166, "dmean2": 0.00149405701086, "dmean": 0.00101329223253, "var": 5.87496924709e-06, "dvar": 2.84768634629e-06, "mean": 0.00388338952325}, "erbbands": {"min": [2.74227816354e-22, 1.87756367533e-21, 1.75868017102e-20, 1.41286762242e-20, 1.68173153298e-20, 6.68483491719e-20, 1.00694518348e-19, 1.34984140344e-19, 3.39667630625e-19, 6.36279734885e-19, 6.06085522876e-19, 4.3188865295e-19, 6.81410140419e-19, 1.66647714633e-18, 1.39681854139e-18, 2.27056590691e-18, 2.57784882202e-18, 3.24457810923e-18, 3.41380788882e-18, 7.76842453658e-18, 4.23930312088e-18, 5.94452892262e-18, 6.75756350593e-18, 8.42862633478e-18, 8.54604793145e-18, 1.27729739488e-17, 1.1749645652e-17, 1.34211005644e-17, 1.47191529135e-17, 1.23005686195e-17, 1.61839905167e-17, 1.4674061644e-17, 1.19343162053e-17, 1.1299316946e-17, 8.72572810411e-18, 4.66822356545e-18, 2.86370507092e-18, 1.13802578097e-18, 3.01914461233e-19, 3.29809447181e-20], "max": [1.95200765133, 29.7340831757, 155.932922363, 128.561172485, 81.9175796509, 68.8186187744, 128.630630493, 505.878570557, 524.536743164, 916.238891602, 774.536743164, 908.681335449, 2072.7746582, 1505.40429688, 1651.87878418, 1405.23144531, 1309.81518555, 2574.05322266, 1881.53063965, 2187.63891602, 2895.95727539, 2235.6328125, 707.510192871, 653.050720215, 830.73248291, 927.631164551, 631.002624512, 475.313812256, 582.176818848, 738.4609375, 329.71774292, 93.1476669312, 54.8745193481, 28.5453662872, 14.8058834076, 12.6362895966, 4.94524383545, 1.87648999691, 0.23667447269, 0.0102720996365], "dvar2": [0.0227784030139, 24.2255516052, 926.716674805, 701.973571777, 288.047698975, 51.2530632019, 88.187789917, 231.184906006, 692.233337402, 2789.47583008, 1976.54150391, 2443.02929688, 4110.94384766, 7479.62548828, 6393.47021484, 3070.2800293, 2518.16259766, 14885.4550781, 8561.50488281, 6183.41650391, 6202.3203125, 5078.69335938, 1294.58166504, 1794.75891113, 1702.5567627, 2014.08605957, 2841.54858398, 6740.24121094, 11952.5546875, 1672.95556641, 4106.78076172, 120.967582703, 37.2787857056, 10.5843410492, 2.55196666718, 0.613143205643, 0.187711805105, 0.0339355170727, 0.000540153181646, 6.47644924356e-07], "median": [0.00467653665692, 0.0687062442303, 0.80463796854, 1.71439445019, 1.52119040489, 1.27110886574, 1.98210537434, 3.39890503883, 3.95087385178, 7.10424613953, 5.92936134338, 5.72200202942, 6.04242801666, 6.52464437485, 6.17255353928, 5.87436199188, 7.15226173401, 6.87816810608, 6.3566493988, 5.44530582428, 4.40099334717, 4.57238817215, 5.07275772095, 5.6934967041, 5.52622938156, 5.42990493774, 4.72299289703, 3.2595448494, 2.86746835709, 2.3582239151, 1.63874566555, 0.821681380272, 0.447013795376, 0.208717495203, 0.0716803073883, 0.0197824463248, 0.00428403541446, 0.000618976424448, 5.59904510737e-05, 2.20095371333e-05], "dmean2": [0.0587379150093, 1.38873541355, 8.7501039505, 12.4400844574, 7.84349346161, 3.88091754913, 5.0623292923, 7.36936235428, 12.4962625504, 23.798418045, 18.7445850372, 19.2528057098, 20.596370697, 26.9442806244, 23.8036460876, 20.091802597, 19.4416160583, 30.5033454895, 27.7531929016, 22.5137405396, 20.3334922791, 18.6374912262, 14.1268949509, 19.0514984131, 18.9584293365, 20.0664386749, 20.0404262543, 24.137550354, 30.5678195953, 13.4463891983, 17.707244873, 4.08916282654, 2.35603451729, 1.27505946159, 0.621902227402, 0.27087828517, 0.115115180612, 0.0397369675338, 0.00482446281239, 0.000182438961929], "dmean": [0.0401760041714, 0.789365887642, 5.0085682869, 7.51845836639, 4.52756357193, 2.31678438187, 3.15482831001, 4.63686847687, 7.49782371521, 14.3803710938, 11.8333587646, 12.1417350769, 13.4580068588, 17.2376480103, 15.2736148834, 13.3779964447, 12.7203474045, 19.4817333221, 18.1251449585, 14.4098463058, 12.5908565521, 11.8009166718, 8.99542617798, 11.5044155121, 11.4992055893, 12.1593933105, 11.8354711533, 13.2586355209, 16.5009918213, 7.89095401764, 9.97297286987, 2.52108979225, 1.43548369408, 0.777148246765, 0.382293820381, 0.170975357294, 0.0729114860296, 0.0250130482018, 0.00308901956305, 0.000118711970572], "var": [0.0199998617172, 5.54581069946, 225.528213501, 323.8671875, 98.8129043579, 27.101568222, 67.5827865601, 158.390762329, 356.064971924, 1511.80200195, 1595.84533691, 1630.27880859, 3430.9152832, 4644.69433594, 4226.87255859, 3591.73974609, 2611.74047852, 10647.6757812, 7252.64501953, 4350.35302734, 3141.54296875, 2549.02050781, 953.890930176, 988.547912598, 1064.58752441, 1142.46398926, 946.852355957, 1369.91040039, 2324.49560547, 514.114501953, 828.293518066, 43.1067504883, 15.2558288574, 5.08085298538, 1.72591710091, 0.50058734417, 0.139185979962, 0.0151071241125, 0.000232028236496, 2.85333840111e-07], "dvar": [0.0118665210903, 8.44772052765, 336.516265869, 290.806152344, 109.723434448, 19.5785312653, 38.5984992981, 98.1305541992, 274.776824951, 1127.04968262, 835.077758789, 1024.25549316, 1924.70556641, 3011.22802734, 2654.76977539, 1445.0534668, 1142.01391602, 6619.20263672, 4144.87988281, 2838.59863281, 2332.40649414, 2153.53808594, 556.501953125, 722.667724609, 663.349060059, 771.83001709, 1040.74255371, 2319.15112305, 4085.54248047, 587.147583008, 1405.90307617, 44.0528068542, 13.8162441254, 4.02643489838, 1.02473294735, 0.276887625456, 0.0846654400229, 0.0141161456704, 0.000230129211559, 2.79798399561e-07], "mean": [0.0623729713261, 0.726756632328, 4.15070104599, 9.30371856689, 5.0288028717, 3.15633511543, 4.81459331512, 7.13455629349, 9.89651966095, 18.2095661163, 17.8231010437, 17.9803962708, 20.570186615, 26.1074485779, 22.8820152283, 22.9166984558, 21.8403625488, 27.6815032959, 26.341463089, 20.5768642426, 17.3004932404, 16.2778224945, 14.4280691147, 16.6247692108, 17.0275096893, 16.9612426758, 15.1540241241, 12.5838470459, 14.7611074448, 9.23999023438, 8.96690750122, 3.23342180252, 1.86596524715, 1.02416777611, 0.541683316231, 0.237649440765, 0.102683894336, 0.0283357705921, 0.00323520391248, 0.000135669135489]}, "zerocrossingrate": {"min": 0.00537109375, "max": 0.51171875, "dvar2": 0.000353656156221, "median": 0.0625, "dmean2": 0.0149693107232, "dmean": 0.0127897625789, "var": 0.00227667228319, "dvar": 0.000291685952106, "mean": 0.0734290778637}, "spectral_contrast_coeffs": {"min": [-0.965206742287, -0.97133910656, -0.970391631126, -0.966921925545, -0.961376726627, -0.963671267033], "max": [-0.240807116032, -0.376272171736, -0.43598857522, -0.494135409594, -0.511164784431, -0.577898859978], "dvar2": [0.00500117428601, 0.00473562162369, 0.00324345752597, 0.00191402283963, 0.00111060694326, 0.00116137100849], "median": [-0.614400863647, -0.752146184444, -0.785969614983, -0.806845188141, -0.809551596642, -0.741074800491], "dmean2": [0.0893419906497, 0.082494109869, 0.0686469823122, 0.0526794008911, 0.0384229645133, 0.0331213623285], "dmean": [0.0559487566352, 0.0508433841169, 0.0431967787445, 0.0334105864167, 0.0242469757795, 0.0207268260419], "var": [0.010898555629, 0.00525488890707, 0.00600218074396, 0.00420334516093, 0.00264175166376, 0.00195017375518], "dvar": [0.00226731412113, 0.00182248547208, 0.00136463926174, 0.000849478179589, 0.000486627744976, 0.000470777129522], "mean": [-0.609219372272, -0.744726419449, -0.770872056484, -0.790076553822, -0.800100326538, -0.743859112263]}, "dissonance": {"min": 0.0984196513891, "max": 0.500000119209, "dvar2": 0.00105269788764, "median": 0.47620177269, "dmean2": 0.0308801159263, "dmean": 0.0185821168125, "var": 0.00145825464278, "dvar": 0.000416789553128, "mean": 0.465809166431}, "spectral_energyband_high": {"min": 7.58316210971e-21, "max": 0.0394163914025, "dvar2": 5.04143499711e-05, "median": 0.00046266859863, "dmean2": 0.00217160559259, "dmean": 0.00126104161609, "var": 1.16401697596e-05, "dvar": 1.73732769326e-05, "mean": 0.00149714853615}, "spectral_skewness": {"min": -0.136723250151, "max": 11.2675457001, "dvar2": 0.268478870392, "median": 1.1947889328, "dmean2": 0.37166878581, "dmean": 0.229534611106, "var": 1.02380764484, "dvar": 0.106685906649, "mean": 1.35030138493}, "spectral_flux": {"min": 6.4624541829e-11, "max": 0.443590164185, "dvar2": 0.00534064089879, "median": 0.0632239282131, "dmean2": 0.0495209023356, "dmean": 0.031800236553, "var": 0.00490634376183, "dvar": 0.00269565242343, "mean": 0.080435782671}, "silence_rate_30dB": {"min": 0, "max": 1, "dvar2": 0.103756606579, "median": 1, "dmean2": 0.0848460122943, "dmean": 0.0424186810851, "var": 0.0285035334527, "dvar": 0.0406203307211, "mean": 0.970636188984}, "spectral_energyband_middle_high": {"min": 1.50058317935e-21, "max": 0.0724901854992, "dvar2": 2.6409401471e-05, "median": 0.0021678195335, "dmean2": 0.00288991676643, "dmean": 0.0019600878004, "var": 4.63525138912e-05, "dvar": 1.22556448332e-05, "mean": 0.00473188795149}, "barkbands_spread": {"min": 0.965936660767, "max": 124.361625671, "dvar2": 353.694458008, "median": 24.5058517456, "dmean2": 13.8467092514, "dmean": 8.55671882629, "var": 289.40032959, "dvar": 133.598098755, "mean": 27.6249332428}, "spectral_centroid": {"min": 157.59173584, "max": 11286.3935547, "dvar2": 585890.375, "median": 1480.75854492, "dmean2": 608.885192871, "dmean": 376.256072998, "var": 569312.25, "dvar": 221970.578125, "mean": 1573.75866699}, "pitch_salience": {"min": 0.15932379663, "max": 0.876511394978, "dvar2": 0.0178335364908, "median": 0.546291828156, "dmean2": 0.133880466223, "dmean": 0.0803098902106, "var": 0.0113420691341, "dvar": 0.00645506707951, "mean": 0.548519492149}, "erbbands_skewness": {"min": -3.14197134972, "max": 5.71649646759, "dvar2": 0.717887043953, "median": 0.241258099675, "dmean2": 0.731952488422, "dmean": 0.470283538103, "var": 0.678068518639, "dvar": 0.282371610403, "mean": 0.285790711641}, "erbbands_crest": {"min": 2.07369065285, "max": 32.5626831055, "dvar2": 21.342004776, "median": 7.69620037079, "dmean2": 4.90591859818, "dmean": 3.03676438332, "var": 24.8400096893, "dvar": 8.96113681793, "mean": 9.07448959351}, "melbands": {"min": [2.9118116217e-24, 8.36470238573e-24, 3.05428995916e-24, 3.87726791524e-24, 4.41917196978e-24, 3.87119565842e-24, 6.18905004154e-24, 8.03851865661e-24, 4.3809500812e-24, 2.42241947383e-24, 3.67475706568e-24, 7.44824322909e-24, 4.30996601036e-24, 5.41166666806e-24, 4.33238504286e-24, 5.58804255583e-24, 4.62448051454e-24, 5.63542509167e-24, 6.48347462504e-24, 6.236950859e-24, 4.92401928329e-24, 5.17798516312e-24, 5.23135120893e-24, 6.0558185344e-24, 6.50998824007e-24, 5.66816558025e-24, 7.06544137508e-24, 8.10845275358e-24, 7.60910064513e-24, 6.66658620165e-24, 8.9298510157e-24, 8.0103460671e-24, 6.8440341514e-24, 6.6000911438e-24, 8.35331833401e-24, 7.10810139511e-24, 8.81445959793e-24, 8.36171102518e-24, 7.45750524498e-24, 8.89142638987e-24], "max": [0.0174077153206, 0.0673213228583, 0.0210584606975, 0.00527848489583, 0.00330207543448, 0.0102561227977, 0.00809680391103, 0.0105812437832, 0.0060741151683, 0.00789973512292, 0.0101023241878, 0.00672111427411, 0.0062212087214, 0.00444843294099, 0.00293672806583, 0.0036126433406, 0.00535455858335, 0.00464616855606, 0.00291357119568, 0.00196617143229, 0.00389939197339, 0.00202920543961, 0.00182570389006, 0.000890962372068, 0.00055426126346, 0.000507821911015, 0.000756733876187, 0.000829301250633, 0.000698379764799, 0.000276408507489, 0.000296421290841, 0.000417692906922, 0.000279023486655, 0.000401001190767, 0.000263008609181, 0.000108603198896, 4.33489294664e-05, 4.4822536438e-05, 3.71471905964e-05, 2.19125286094e-05], "dvar2": [6.51022537568e-06, 0.000162075535627, 1.92080660781e-05, 5.6295465356e-07, 8.53614068319e-08, 1.00763003275e-07, 1.7722184964e-07, 2.93041097166e-07, 1.39467672966e-07, 1.02558708193e-07, 1.11563593919e-07, 1.36239748372e-07, 9.8402423987e-08, 4.11173317616e-08, 2.43751010487e-08, 2.09809218887e-08, 6.62980141897e-08, 3.22561426458e-08, 1.61432485157e-08, 7.77632180871e-09, 9.98482274639e-09, 5.73404657089e-09, 2.49081910653e-09, 1.63789493079e-09, 1.46276513124e-09, 1.03902519921e-09, 1.1984111481e-09, 1.02033603788e-09, 1.49443102337e-09, 9.23742582426e-10, 2.58618770843e-09, 6.31584784472e-09, 6.81619538589e-10, 4.99386587638e-10, 2.68393818281e-09, 8.59048318591e-11, 3.14286860426e-11, 2.44282181289e-11, 1.1781148973e-11, 6.26108019597e-12], "median": [7.11376196705e-05, 0.000342696148437, 0.000321844243445, 9.54189090407e-05, 7.25198915461e-05, 7.62149284128e-05, 6.64040999254e-05, 7.45914148865e-05, 4.42385644419e-05, 3.31716728397e-05, 2.8025246138e-05, 2.47722691711e-05, 1.90975770238e-05, 1.35228947329e-05, 1.38218147185e-05, 1.41765831358e-05, 1.08259828266e-05, 9.19866215554e-06, 7.79004130891e-06, 5.44561862625e-06, 4.35503034169e-06, 4.21122058469e-06, 4.55752388007e-06, 3.94999915443e-06, 3.93808477384e-06, 4.24080735684e-06, 3.01881209452e-06, 3.42966882272e-06, 2.99052385344e-06, 2.03056492865e-06, 1.60549268458e-06, 1.53990663421e-06, 1.38205871281e-06, 1.18986781672e-06, 9.57350266617e-07, 6.28462430541e-07, 4.1769260406e-07, 3.21309158835e-07, 2.02979776986e-07, 1.52472409809e-07], "dmean2": [0.00084245816106, 0.00363140320405, 0.00204017269425, 0.000356922624633, 0.000163565229741, 0.000161393574672, 0.000209702484426, 0.000246687879553, 0.000157441871124, 0.000122460434795, 0.000108815169369, 0.000114873371786, 8.92873722478e-05, 6.34208481642e-05, 5.2097504522e-05, 4.84825577587e-05, 6.10972492723e-05, 4.89994854433e-05, 3.89415981772e-05, 2.74756803265e-05, 2.42561764026e-05, 2.07066568692e-05, 1.4227545762e-05, 1.4812214431e-05, 1.69652103068e-05, 1.46393831528e-05, 1.48201443153e-05, 1.43350462167e-05, 1.48687286128e-05, 1.08546091724e-05, 1.48282088048e-05, 2.16289627133e-05, 8.86009092937e-06, 7.51673997001e-06, 1.38780796988e-05, 3.39903181157e-06, 2.22846597353e-06, 1.88856927252e-06, 1.3585039369e-06, 1.01205216652e-06], "dmean": [0.000527720083483, 0.0020790186245, 0.00122703099623, 0.000208365119761, 0.000102010199043, 0.000101775483927, 0.000125854494399, 0.000150537554873, 9.93182693492e-05, 7.75611988502e-05, 7.10232925485e-05, 7.36695001251e-05, 5.71668642806e-05, 4.10785578424e-05, 3.47618915839e-05, 3.09232345899e-05, 3.88011249015e-05, 3.22273663187e-05, 2.48375708907e-05, 1.70733819687e-05, 1.49510051415e-05, 1.29992859002e-05, 9.20245111047e-06, 9.19867579796e-06, 1.01060813904e-05, 9.02002648218e-06, 8.7296584752e-06, 8.65830588737e-06, 8.76035392139e-06, 6.21317440164e-06, 8.05246418167e-06, 1.15422708404e-05, 5.14618659508e-06, 4.39545738118e-06, 7.68133304518e-06, 2.0431507437e-06, 1.36857272537e-06, 1.12731333957e-06, 8.21485741653e-07, 6.13393353888e-07], "var": [2.60142019215e-06, 3.89537090086e-05, 8.24391099741e-06, 1.84697967143e-07, 6.37072474774e-08, 7.14150942827e-08, 9.31387944547e-08, 1.61043629987e-07, 1.1087961127e-07, 7.39529113503e-08, 9.63679482879e-08, 8.77495693885e-08, 7.14941563729e-08, 4.12196605737e-08, 3.07800327448e-08, 1.53736632313e-08, 4.8306628031e-08, 2.96492448371e-08, 1.01666257635e-08, 4.63246463411e-09, 5.15381026744e-09, 2.85984147474e-09, 1.56726109868e-09, 9.44902267541e-10, 7.39118100057e-10, 6.47753850558e-10, 6.76974309943e-10, 5.85842929723e-10, 5.32066835035e-10, 2.5557941874e-10, 5.11673425851e-10, 1.18858212161e-09, 1.8502295529e-10, 1.5736696668e-10, 5.16592435496e-10, 2.9908846233e-11, 1.21615356674e-11, 9.02793118041e-12, 5.48937804934e-12, 3.20847970588e-12], "dvar": [2.52682343671e-06, 5.84209701628e-05, 7.83051655162e-06, 2.06756752164e-07, 3.68541357432e-08, 4.30081605884e-08, 7.05386753452e-08, 1.18621265699e-07, 5.90308424364e-08, 4.44007959288e-08, 5.20310088348e-08, 5.51307977048e-08, 4.16177243778e-08, 1.85955411069e-08, 1.10174651624e-08, 9.03828301091e-09, 2.98607751859e-08, 1.60741553401e-08, 7.38023153701e-09, 3.14109227517e-09, 3.84199516645e-09, 2.41314390692e-09, 1.11823672544e-09, 6.61159238469e-10, 5.84823578453e-10, 4.04905664553e-10, 4.60778831757e-10, 4.03714284225e-10, 5.60469171074e-10, 3.29322236148e-10, 8.89016027461e-10, 2.15397211178e-09, 2.3841154051e-10, 1.75725448082e-10, 9.15578113325e-10, 3.14521603206e-11, 1.16267655226e-11, 8.92558943422e-12, 4.54035420372e-12, 2.40323234403e-12], "mean": [0.000675590126775, 0.00176622660365, 0.0014753236901, 0.000251369230682, 0.000160826559295, 0.000159371207701, 0.000165434976225, 0.000193865693291, 0.000146738573676, 0.000113359747047, 0.000105812257971, 0.000108724816528, 8.34604870761e-05, 6.29353162367e-05, 5.92802280153e-05, 4.64734112029e-05, 5.21432230016e-05, 4.4528147555e-05, 3.26273184328e-05, 2.23980041483e-05, 1.92704119399e-05, 1.67551097547e-05, 1.33555759021e-05, 1.32696968649e-05, 1.33418307087e-05, 1.33016174004e-05, 1.12043981062e-05, 1.1520804037e-05, 1.06026636786e-05, 7.18661522114e-06, 7.04251078787e-06, 9.41853886616e-06, 5.8048185565e-06, 5.00702526551e-06, 6.35710421193e-06, 2.49400750363e-06, 1.73736873421e-06, 1.39151381973e-06, 1.02427543425e-06, 8.03792715942e-07]}, "spectral_entropy": {"min": 4.30316400528, "max": 9.82000827789, "dvar2": 0.121799044311, "median": 7.77969646454, "dmean2": 0.277791678905, "dmean": 0.178805604577, "var": 0.289520859718, "dvar": 0.0506037697196, "mean": 7.69583415985}, "spectral_rolloff": {"min": 107.666015625, "max": 18927.6855469, "dvar2": 5195457.5, "median": 1378.125, "dmean2": 1476.83117676, "dmean": 865.357727051, "var": 4095519.25, "dvar": 2197018.75, "mean": 1957.11987305}, "barkbands": {"min": [5.37583542245e-24, 6.8502811409e-24, 1.16269498846e-23, 8.46116429722e-25, 2.76743512713e-23, 1.63530013683e-23, 3.17524623842e-23, 3.45096290667e-23, 1.71132518662e-23, 3.92883654148e-23, 2.43652659451e-23, 4.99240879061e-23, 6.29135189031e-23, 5.98280188455e-23, 6.34227885709e-23, 6.96141412974e-23, 1.12582858379e-22, 1.48221852272e-22, 1.74392609415e-22, 2.81152147079e-22, 2.86457129381e-22, 4.06367596803e-22, 5.53587444264e-22, 7.31292284982e-22, 1.18145615182e-21, 1.38092603095e-21, 2.34539449235e-21], "max": [0.0184083543718, 0.0960309356451, 0.138594597578, 0.0412426143885, 0.0177846346051, 0.0436360798776, 0.036355253309, 0.0476817004383, 0.0598110482097, 0.0515690632164, 0.0408533811569, 0.0340063385665, 0.0283332280815, 0.0610582903028, 0.0417733453214, 0.0413590706885, 0.0366392359138, 0.0128888161853, 0.0124129308388, 0.0173974856734, 0.00982985273004, 0.0136516494676, 0.0101342573762, 0.00277857016772, 0.00192691688426, 0.00254159141332, 0.00148949108552], "dvar2": [1.10715859591e-06, 0.000227014708798, 0.000733385444619, 8.89978255145e-05, 6.80429911881e-06, 2.2874107799e-06, 6.50091033094e-06, 4.56252837466e-06, 5.21516130902e-06, 6.1108967202e-06, 5.34485889148e-06, 2.73283148999e-06, 2.12769828067e-06, 7.00863120073e-06, 3.27592510985e-06, 1.8601034526e-06, 1.3757328361e-06, 4.79269090192e-07, 7.02089266724e-07, 1.06603715722e-06, 2.25542726184e-06, 6.49791900287e-06, 3.70816292161e-06, 1.57155156444e-07, 5.72416851696e-08, 4.4174122138e-08, 1.94908515994e-08], "median": [0.000198088266188, 0.000180575269042, 0.000881550135091, 0.000392275920603, 0.000369912828319, 0.000384081213269, 0.000353673502104, 0.000239875953412, 0.000248226569965, 0.000160403549671, 0.000125414706417, 0.000125174847199, 0.000148816994624, 0.000107079773443, 0.000104914674012, 7.19551171642e-05, 7.59542817832e-05, 8.64601097419e-05, 0.000109827946289, 0.000112414316391, 9.46597428992e-05, 7.91643979028e-05, 6.12594521954e-05, 3.16626901622e-05, 1.4010054656e-05, 2.99056637232e-06, 2.43220483753e-07], "dmean2": [0.000479175185319, 0.00446009309962, 0.00835663359612, 0.00458494573832, 0.00127515720669, 0.000825011229608, 0.00128276646137, 0.000884969602339, 0.000910780858248, 0.000767444667872, 0.000660377903841, 0.000560963293537, 0.000515082734637, 0.000654320465401, 0.000546166440472, 0.000385515508242, 0.000328588997945, 0.000275004946161, 0.000391233275877, 0.000457833753899, 0.00049881497398, 0.00072632485535, 0.000552081619389, 0.000153079963638, 9.46684958762e-05, 6.10395291005e-05, 2.88783248834e-05], "dmean": [0.000419709132984, 0.00261350418441, 0.00485932314768, 0.00268755038269, 0.000734247150831, 0.00052130187396, 0.000766069861129, 0.000557189516257, 0.000577248982154, 0.000492496183142, 0.000420812400989, 0.000363156403182, 0.00033567432547, 0.000423746503657, 0.000347053195583, 0.000236735402723, 0.00020731164841, 0.000171863124706, 0.000237625048612, 0.000273577868938, 0.00028501736233, 0.000396747636842, 0.000314278702717, 9.47066000663e-05, 5.82512766414e-05, 3.85161038139e-05, 1.83604479389e-05], "var": [2.04831076189e-06, 6.09484050074e-05, 0.000196544904611, 4.34557587141e-05, 2.26385600399e-06, 1.76651269612e-06, 3.50682307726e-06, 3.06959123009e-06, 4.15198610426e-06, 5.0861717682e-06, 4.15384374719e-06, 2.77903063761e-06, 1.78322022748e-06, 6.32837554804e-06, 2.03604599847e-06, 9.18172759157e-07, 7.53496692596e-07, 2.99831185657e-07, 4.14769885992e-07, 5.67476604374e-07, 5.4805354921e-07, 1.30772730245e-06, 7.8998459685e-07, 6.22743314693e-08, 3.5079860794e-08, 3.43814043902e-08, 8.0579916073e-09], "dvar": [8.13629412733e-07, 8.11003046692e-05, 0.000273797428235, 3.64405532309e-05, 2.43731415139e-06, 9.95442974272e-07, 2.5938836643e-06, 1.88887293007e-06, 2.34434264712e-06, 2.58277327703e-06, 2.23468828153e-06, 1.22554104109e-06, 9.07810431272e-07, 3.32778995471e-06, 1.50262178522e-06, 7.00529767528e-07, 5.98300289312e-07, 1.97971999683e-07, 2.77346345001e-07, 4.03981232466e-07, 7.89970556525e-07, 2.22400285566e-06, 1.27340069866e-06, 5.79123060618e-08, 2.25754845928e-08, 2.02159728957e-08, 8.19751022618e-09], "mean": [0.00075527257286, 0.00272792135365, 0.00423718011007, 0.0031583183445, 0.000911600945983, 0.000830014294479, 0.000960886653047, 0.000756044930313, 0.000858211424202, 0.000731479842216, 0.000606562767643, 0.000567052105907, 0.000514104089234, 0.000571413431317, 0.000455575907836, 0.000309754716, 0.000275249156402, 0.000258423824562, 0.000347012566635, 0.000369023648091, 0.000320449558785, 0.0003743977868, 0.000301728956401, 0.000125665028463, 8.23740192573e-05, 5.49223623239e-05, 1.89167367353e-05]}, "melbands_flatness_db": {"min": 0.00418059388176, "max": 0.589875221252, "dvar2": 0.0036109497305, "median": 0.163117289543, "dmean2": 0.0488756410778, "dmean": 0.031146703288, "var": 0.00562228634953, "dvar": 0.00143136794213, "mean": 0.177732005715}, "melbands_skewness": {"min": -3.17387342453, "max": 19.3979129791, "dvar2": 4.893491745, "median": 2.17765045166, "dmean2": 1.42216932774, "dmean": 0.916814863682, "var": 3.51764512062, "dvar": 1.94832289219, "mean": 2.43992614746}, "barkbands_skewness": {"min": -4.19360971451, "max": 11.9441556931, "dvar2": 2.12851595879, "median": 1.13101613522, "dmean2": 1.00095105171, "dmean": 0.63909971714, "var": 1.56700146198, "dvar": 0.822557032108, "mean": 1.22913479805}, "silence_rate_60dB": {"min": 0, "max": 1, "dvar2": 0.104386359453, "median": 0, "dmean2": 0.106057517231, "dmean": 0.0530233494937, "var": 0.137757614255, "dvar": 0.0502088963985, "mean": 0.164967373013}, "spectral_energyband_low": {"min": 4.86042731246e-23, "max": 0.224773153663, "dvar2": 0.0017762654461, "median": 0.00262582069263, "dmean2": 0.014162468724, "dmean": 0.00848010089248, "var": 0.000515693274792, "dvar": 0.000664146908093, "mean": 0.00936212297529}, "spectral_energyband_middle_low": {"min": 2.2739363666e-22, "max": 0.0786908343434, "dvar2": 0.000164333934663, "median": 0.00438152486458, "dmean2": 0.00740580353886, "dmean": 0.00451622111723, "var": 9.45079955272e-05, "dvar": 6.78779979353e-05, "mean": 0.00761787965894}, "melbands_kurtosis": {"min": -1.78689575195, "max": 687.526367188, "dvar2": 3269.83129883, "median": 6.41502904892, "dmean2": 17.4480476379, "dmean": 10.2907180786, "var": 1035.83996582, "dvar": 1211.43835449, "mean": 13.1042919159}, "spectral_decrease": {"min": -6.58081944493e-08, "max": 4.75848448878e-29, "dvar2": 1.31805526373e-16, "median": -3.06822101059e-09, "dmean2": 4.87929696646e-09, "dmean": 3.06447400789e-09, "var": 5.40833812457e-17, "dvar": 5.23542064973e-17, "mean": -5.18558618268e-09}, "erbbands_kurtosis": {"min": -1.88564312458, "max": 59.5829696655, "dvar2": 8.23052215576, "median": -0.293047070503, "dmean2": 1.77641379833, "dmean": 1.13746535778, "var": 8.28336429596, "dvar": 3.77305865288, "mean": 0.542790532112}, "melbands_crest": {"min": 1.93752169609, "max": 31.4439125061, "dvar2": 34.0810852051, "median": 14.0433950424, "dmean2": 6.56425571442, "dmean": 4.07585000992, "var": 32.3133583069, "dvar": 13.8371973038, "mean": 14.7882642746}, "gfcc": {"cov": [[13109.7333984, -2563.4609375, -285.45022583, 1055.02758789, 134.082931519, 783.532043457, 42.8632202148, 425.209991455, -451.219726562, 52.5584640503, -299.604095459, -27.2016220093, -252.849975586], [-2563.4609375, 1899.05700684, -121.767349243, -55.1369094849, 69.6435928345, -133.792572021, 70.7136306763, -193.309738159, 255.733505249, -84.1054153442, 115.573928833, -115.750267029, 100.709968567], [-285.45022583, -121.767349243, 1080.13818359, 79.1497955322, 135.812149048, 29.4466190338, 64.4967880249, 60.2881355286, 25.6728725433, 99.1401138306, -15.9508867264, 69.4141540527, -25.4937019348], [1055.02758789, -55.1369094849, 79.1497955322, 595.784362793, 45.0959587097, 126.172096252, 59.2975158691, 38.5488243103, 17.2341499329, -36.2217674255, 0.39879912138, 5.13440036774, -14.6573162079], [134.082931519, 69.6435928345, 135.812149048, 45.0959587097, 273.221618652, 110.316040039, 55.3440475464, 29.6881027222, 19.6410522461, 31.505317688, -0.914227426052, 11.6187973022, 5.03350114822], [783.532043457, -133.792572021, 29.4466190338, 126.172096252, 110.316040039, 279.87399292, 110.220657349, 43.3098449707, -45.5457839966, 19.5925750732, 8.86509513855, 7.00741481781, -25.5933151245], [42.8632202148, 70.7136306763, 64.4967880249, 59.2975158691, 55.3440475464, 110.220657349, 204.712402344, 60.2477493286, 19.8586883545, -0.552783966064, 23.4837989807, 17.9976196289, -0.0741553381085], [425.209991455, -193.309738159, 60.2881355286, 38.5488243103, 29.6881027222, 43.3098449707, 60.2477493286, 204.414749146, 24.8895664215, 47.5122909546, -4.87379598618, 43.0493850708, 35.4650993347], [-451.219726562, 255.733505249, 25.6728725433, 17.2341499329, 19.6410522461, -45.5457839966, 19.8586883545, 24.8895664215, 152.056732178, 28.3994636536, 9.93752193451, -23.1752548218, 19.7955760956], [52.5584640503, -84.1054153442, 99.1401138306, -36.2217674255, 31.505317688, 19.5925750732, -0.552783966064, 47.5122909546, 28.3994636536, 139.552108765, 50.9854888916, 17.4656238556, 0.947019696236], [-299.604095459, 115.573928833, -15.9508867264, 0.39879912138, -0.914227426052, 8.86509513855, 23.4837989807, -4.87379598618, 9.93752193451, 50.9854888916, 122.725959778, 40.425075531, 13.4648542404], [-27.2016220093, -115.750267029, 69.4141540527, 5.13440036774, 11.6187973022, 7.00741481781, 17.9976196289, 43.0493850708, -23.1752548218, 17.4656238556, 40.425075531, 127.68699646, 48.5528259277], [-252.849975586, 100.709968567, -25.4937019348, -14.6573162079, 5.03350114822, -25.5933151245, -0.0741553381085, 35.4650993347, 19.7955760956, 0.947019696236, 13.4648542404, 48.5528259277, 118.983596802]], "icov": [[0.000160972718732, 0.00010822389595, 0.000103699596366, -0.000251877499977, -1.91381586774e-05, -0.000231461992371, 8.95688135643e-05, -0.000209173871554, 0.000274892605375, -0.000209711914067, 0.000318687816616, 8.24407179607e-05, 0.000141323340358], [0.00010822389595, 0.00140880036633, -3.13046512019e-05, 2.84617253783e-05, -0.000543015717994, 0.000109436863568, -0.000503512681462, 0.00106234278064, -0.00175275932997, 0.00138392706867, -0.00176558736712, 0.00167031935416, -0.00143729988486], [0.000103699596366, -3.13046512019e-05, 0.00129162159283, -0.000414464069763, -0.000475085922517, 0.00031354217208, -0.000432469154475, 1.88627359421e-06, 0.000311986834276, -0.00145018810872, 0.00135501823388, -0.00108712911606, 0.000809177465271], [-0.000251877499977, 2.84617253783e-05, -0.000414464069763, 0.00249061384238, 9.14825577638e-05, -0.000828343618196, 0.000167787802638, 4.03332414862e-05, -0.00154362095054, 0.00193895993289, -0.00134974496905, 3.88373046007e-05, -0.000157026137458], [-1.91381586774e-05, -0.000543015717994, -0.000475085922517, 9.14825577638e-05, 0.00512852054089, -0.00228752358817, 0.000167311911355, -0.000135749898618, -0.000449741230113, -0.00103152147494, 0.00133761332836, -0.000910735863727, -3.67104803445e-05], [-0.000231461992371, 0.000109436863568, 0.00031354217208, -0.000828343618196, -0.00228752358817, 0.00739076314494, -0.00354305491783, 0.000245356437517, 0.00245584012009, -0.0013499869965, -0.000415229413193, 0.000769509468228, 0.000326956098434], [8.95688135643e-05, -0.000503512681462, -0.000432469154475, 0.000167787802638, 0.000167311911355, -0.00354305491783, 0.00815650075674, -0.00273359636776, -0.00114946160465, 0.00231703324243, -0.0015272522578, -0.000778412912041, 0.00125849340111], [-0.000209173871554, 0.00106234278064, 1.88627359421e-06, 4.03332414862e-05, -0.000135749898618, 0.000245356437517, -0.00273359636776, 0.00865608733147, -0.00285778963007, -0.00187605957035, 0.00102684029844, -0.00104096962605, -0.00306263845414], [0.000274892605375, -0.00175275932997, 0.000311986834276, -0.00154362095054, -0.000449741230113, 0.00245584012009, -0.00114946160465, -0.00285778963007, 0.0127467848361, -0.00483928900212, 0.00278779119253, 0.00133433379233, 0.000400633260142], [-0.000209711914067, 0.00138392706867, -0.00145018810872, 0.00193895993289, -0.00103152147494, -0.0013499869965, 0.00231703324243, -0.00187605957035, -0.00483928900212, 0.0145923886448, -0.00888892263174, 0.00261867162772, -0.000748693710193], [0.000318687816616, -0.00176558736712, 0.00135501823388, -0.00134974496905, 0.00133761332836, -0.000415229413193, -0.0015272522578, 0.00102684029844, 0.00278779119253, -0.00888892263174, 0.0166175812483, -0.00688919378445, 0.00238042534329], [8.24407179607e-05, 0.00167031935416, -0.00108712911606, 3.88373046007e-05, -0.000910735863727, 0.000769509468228, -0.000778412912041, -0.00104096962605, 0.00133433379233, 0.00261867162772, -0.00688919378445, 0.0150058250874, -0.00653944397345], [0.000141323340358, -0.00143729988486, 0.000809177465271, -0.000157026137458, -3.67104803445e-05, 0.000326956098434, 0.00125849340111, -0.00306263845414, 0.000400633260142, -0.000748693710193, 0.00238042534329, -0.00653944397345, 0.013399399817]], "mean": [-32.2730445862, 78.5399856567, -122.063415527, 35.114566803, -69.8589172363, 11.8674106598, -32.2535476685, 2.42209625244, -21.2229347229, -0.361189186573, -16.6679229736, -6.29434776306, -16.4762096405]}, "melbands_spread": {"min": 0.547590911388, "max": 241.379745483, "dvar2": 558.141052246, "median": 24.1767730713, "dmean2": 16.9404983521, "dmean": 10.5984888077, "var": 477.492248535, "dvar": 228.69039917, "mean": 28.9209251404}, "spectral_energy": {"min": 1.05025005957e-20, "max": 0.254017591476, "dvar2": 0.00200095027685, "median": 0.0128947868943, "dmean2": 0.0193713065237, "dmean": 0.0122433006763, "var": 0.000873346230946, "dvar": 0.000808331707958, "mean": 0.0214795544744}, "mfcc": {"cov": [[10831.7998047, -1528.65881348, -729.704162598, 290.471832275, 215.237045288, 354.332519531, 383.31854248, 329.383911133, 121.647651672, 87.8358383179, -70.7884521484, -50.9218177795, -45.9127922058], [-1528.65881348, 1162.04418945, -0.680088281631, -2.16640806198, -13.8901386261, 39.3284873962, -84.8111953735, -44.6992950439, -9.51931095123, 39.164100647, 42.5820350647, 1.24761784077, -31.6137294769], [-729.704162598, -0.680088281631, 739.421386719, 138.933135986, 65.0142745972, 35.0041275024, 22.9479045868, -1.55717217922, 30.3069705963, -5.0328783989, 48.5855178833, 36.5795326233, 22.000043869], [290.471832275, -2.16640806198, 138.933135986, 344.282958984, 79.1488342285, 51.4936218262, -8.53908729553, 65.8199615479, 34.3241004944, 4.96687746048, -0.529602229595, 29.7070617676, 11.7127857208], [215.237045288, -13.8901386261, 65.0142745972, 79.1488342285, 205.643249512, 72.7092056274, 25.0720767975, 10.9681386948, 34.3460731506, 8.46297550201, 12.2793598175, 10.7308549881, 11.0219545364], [354.332519531, 39.3284873962, 35.0041275024, 51.4936218262, 72.7092056274, 243.933868408, 95.1993637085, 51.8688583374, -11.5659255981, 13.6397075653, 23.2268733978, -0.545862674713, 6.86038017273], [383.31854248, -84.8111953735, 22.9479045868, -8.53908729553, 25.0720767975, 95.1993637085, 204.507751465, 80.5483627319, 18.1761360168, 5.208943367, 22.0269680023, 19.2541351318, 29.4664421082], [329.383911133, -44.6992950439, -1.55717217922, 65.8199615479, 10.9681386948, 51.8688583374, 80.5483627319, 166.972732544, 65.6593399048, -12.5186357498, -6.61503124237, 12.667506218, 13.3630418777], [121.647651672, -9.51931095123, 30.3069705963, 34.3241004944, 34.3460731506, -11.5659255981, 18.1761360168, 65.6593399048, 147.81829834, 46.2150154114, -1.39152443409, 0.406499356031, 5.06981372833], [87.8358383179, 39.164100647, -5.0328783989, 4.96687746048, 8.46297550201, 13.6397075653, 5.208943367, -12.5186357498, 46.2150154114, 120.326843262, 43.2356071472, -3.55285453796, -5.98626899719], [-70.7884521484, 42.5820350647, 48.5855178833, -0.529602229595, 12.2793598175, 23.2268733978, 22.0269680023, -6.61503124237, -1.39152443409, 43.2356071472, 100.01222229, 47.536365509, 12.2259979248], [-50.9218177795, 1.24761784077, 36.5795326233, 29.7070617676, 10.7308549881, -0.545862674713, 19.2541351318, 12.667506218, 0.406499356031, -3.55285453796, 47.536365509, 110.460662842, 48.7673988342], [-45.9127922058, -31.6137294769, 22.000043869, 11.7127857208, 11.0219545364, 6.86038017273, 29.4664421082, 13.3630418777, 5.06981372833, -5.98626899719, 12.2259979248, 48.7673988342, 97.2832717896]], "icov": [[0.000154500987264, 0.000201945396839, 0.000192194042029, -0.000154873137944, -7.29891689843e-05, -0.000160543364473, -0.000144400066347, -7.67612364143e-05, -2.20998481382e-05, -0.000143922516145, 5.13803279318e-05, -2.05613814614e-05, 0.000183743424714], [0.000201945396839, 0.00120784936007, 0.000262091401964, -0.000169728489709, 6.52692688163e-05, -0.000626042019576, 0.000368453533156, 7.0015704523e-07, -0.000144287725561, -0.000277501443634, -0.000332362018526, -0.000102931764559, 0.00045784926624], [0.000192194042029, 0.000262091401964, 0.00185666594189, -0.000937365402933, -0.00013308567577, -0.000289204879664, -0.000493422092404, 0.000718785217032, -0.000795512227342, 0.000727813283447, -0.00106771336868, 0.00018790482136, 8.12848302303e-05], [-0.000154873137944, -0.000169728489709, -0.000937365402933, 0.00428801681846, -0.00123480835464, -0.000360920879757, 0.00166620081291, -0.00223418651149, 0.000682829471771, -0.000982698635198, 0.00126212544274, -0.0013970680302, -1.93071646208e-05], [-7.29891689843e-05, 6.52692688163e-05, -0.00013308567577, -0.00123480835464, 0.00654518418014, -0.00205282261595, -0.000212235201616, 0.0020807988476, -0.00261138938367, 0.00132781232242, -0.000741064432077, 2.09631216421e-05, -0.000352378410753], [-0.000160543364473, -0.000626042019576, -0.000289204879664, -0.000360920879757, -0.00205282261595, 0.00671998877078, -0.00234137312509, -0.00177469372284, 0.00266223680228, -0.00111990142614, -0.000702369201463, 0.00133602751885, -0.000247827032581], [-0.000144400066347, 0.000368453533156, -0.000493422092404, 0.00166620081291, -0.000212235201616, -0.00234137312509, 0.00834893994033, -0.00370874535292, 0.000557690917049, -0.000526098825503, -0.000973818823695, -0.000229356228374, -0.00169175420888], [-7.67612364143e-05, 7.0015704523e-07, 0.000718785217032, -0.00223418651149, 0.0020807988476, -0.00177469372284, -0.00370874535292, 0.01207995601, -0.00644910661504, 0.00428340211511, -0.000429040839663, -0.00039860396646, 0.000277272018138], [-2.20998481382e-05, -0.000144287725561, -0.000795512227342, 0.000682829471771, -0.00261138938367, 0.00266223680228, 0.000557690917049, -0.00644910661504, 0.0125177251175, -0.00667527457699, 0.00285721872933, -0.000339179561706, -0.00038672084338], [-0.000143922516145, -0.000277501443634, 0.000727813283447, -0.000982698635198, 0.00132781232242, -0.00111990142614, -0.000526098825503, 0.00428340211511, -0.00667527457699, 0.0145327169448, -0.00778995174915, 0.00334021355957, -0.000158157912665], [5.13803279318e-05, -0.000332362018526, -0.00106771336868, 0.00126212544274, -0.000741064432077, -0.000702369201463, -0.000973818823695, -0.000429040839663, 0.00285721872933, -0.00778995174915, 0.0184615254402, -0.0087235653773, 0.00191780156456], [-2.05613814614e-05, -0.000102931764559, 0.00018790482136, -0.0013970680302, 2.09631216421e-05, 0.00133602751885, -0.000229356228374, -0.00039860396646, -0.000339179561706, 0.00334021355957, -0.0087235653773, 0.0162839666009, -0.00673330295831], [0.000183743424714, 0.00045784926624, 8.12848302303e-05, -1.93071646208e-05, -0.000352378410753, -0.000247827032581, -0.00169175420888, 0.000277272018138, -0.00038672084338, -0.000158157912665, 0.00191780156456, -0.00673330295831, 0.0141751980409]], "mean": [-667.221618652, 101.691116333, 4.77234315872, 21.7882881165, -9.34467506409, 7.61495733261, -3.53559947014, 2.50871372223, -3.51708078384, 4.77873039246, 0.0745803490281, -0.944739162922, -1.72480511665]}, "spectral_contrast_valleys": {"min": [-27.9536571503, -27.4412117004, -27.5159339905, -27.5616378784, -27.4098587036, -27.2864456177], "max": [-5.44421339035, -4.90177869797, -5.17971324921, -5.47785949707, -5.3159532547, -7.68442344666], "dvar2": [0.573948264122, 0.477425336838, 0.395774066448, 0.29332524538, 0.476905792952, 0.768498539925], "median": [-8.04879951477, -6.82258892059, -7.38478517532, -7.73878097534, -7.50707483292, -10.0561084747], "dmean2": [0.833941459656, 0.696085631847, 0.601686060429, 0.519297540188, 0.508119702339, 0.567572653294], "dmean": [0.518727242947, 0.430870175362, 0.383447438478, 0.343398302794, 0.341884464025, 0.408239215612], "var": [2.12769579887, 1.16499912739, 1.4130179882, 1.62561571598, 1.86877775192, 2.29648351669], "dvar": [0.294430196285, 0.200736403465, 0.173450306058, 0.15085311234, 0.224271327257, 0.369913846254], "mean": [-8.24510669708, -6.98566865921, -7.64022254944, -7.96399879456, -7.72956800461, -10.302737236]}, "barkbands_flatness_db": {"min": 0.0156877767295, "max": 0.468958199024, "dvar2": 0.00208543380722, "median": 0.106946952641, "dmean2": 0.038060054183, "dmean": 0.0241100247949, "var": 0.00349476444535, "dvar": 0.000818034925032, "mean": 0.120210334659}, "dynamic_complexity": 4.53399085999, "erbbands_flatness_db": {"min": 0.0302505549043, "max": 0.497324645519, "dvar2": 0.000838884152472, "median": 0.148007243872, "dmean2": 0.0275644771755, "dmean": 0.0190647393465, "var": 0.00320506095886, "dvar": 0.000