{"lowlevel": {"spectral_complexity": {"min": 0, "max": 63, "dvar2": 50.2821540833, "median": 19, "dmean2": 6.77612829208, "dmean": 4.75104188919, "var": 164.925552368, "dvar": 30.5326290131, "mean": 21.5322227478}, "silence_rate_20dB": {"min": 1, "max": 1, "dvar2": 0, "median": 1, "dmean2": 0, "dmean": 0, "var": 0, "dvar": 0, "mean": 1}, "average_loudness": 0.951888978481, "erbbands_spread": {"min": 4.83728790283, "max": 163.284896851, "dvar2": 224.956619263, "median": 50.0678939819, "dmean2": 14.5477800369, "dmean": 9.74211406708, "var": 433.030792236, "dvar": 118.774414062, "mean": 51.4558639526}, "spectral_kurtosis": {"min": -1.23536133766, "max": 20.060092926, "dvar2": 4.46495437622, "median": 2.74356627464, "dmean2": 1.9196023941, "dmean": 1.14828526974, "var": 3.81157755852, "dvar": 1.57196617126, "mean": 3.09139990807}, "barkbands_kurtosis": {"min": -1.93956410885, "max": 289.639526367, "dvar2": 176.221954346, "median": 1.85390639305, "dmean2": 6.24950695038, "dmean": 3.89587068558, "var": 128.529159546, "dvar": 69.3889007568, "mean": 5.73453474045}, "spectral_strongpeak": {"min": 0, "max": 15.0661840439, "dvar2": 1.21468913555, "median": 0.327252864838, "dmean2": 0.660985350609, "dmean": 0.381667286158, "var": 0.502783596516, "dvar": 0.463107436895, "mean": 0.561809301376}, "spectral_spread": {"min": 1637582.375, "max": 48280368, "dvar2": 1794859991040.0, "median": 4503829, "dmean2": 899986.5, "dmean": 700906.5625, "var": 5944447598590.0, "dvar": 1020172697600.0, "mean": 4894273.5}, "spectral_rms": {"min": 3.18323882878e-12, "max": 0.0110802166164, "dvar2": 2.63911670118e-06, "median": 0.00459967600182, "dmean2": 0.00151974405162, "dmean": 0.000962759309914, "var": 3.29143745148e-06, "dvar": 1.14803492579e-06, "mean": 0.00489742308855}, "erbbands": {"min": [2.33762659795e-22, 1.01452480342e-21, 5.2592656295e-21, 1.40749870325e-20, 2.3129398106e-20, 3.43302540118e-20, 5.17918525658e-20, 1.32659194136e-19, 1.30546872119e-19, 2.0923832155e-19, 4.94105016874e-19, 5.93784106397e-19, 7.29367900986e-19, 7.52895864438e-19, 9.04931247435e-19, 1.52117387615e-18, 2.13962797223e-18, 1.57170303105e-18, 3.08291330992e-18, 3.81146959163e-18, 4.54792338024e-18, 5.5490307107e-18, 4.62504515106e-18, 8.54774530607e-18, 7.00639597779e-18, 1.22600309792e-17, 9.54226455654e-18, 1.13598930366e-17, 1.01829225584e-17, 1.37788346727e-17, 1.23810400582e-17, 1.25756400875e-17, 1.05058844752e-17, 8.71812962301e-18, 6.85025364306e-18, 4.17241026551e-18, 2.59054852596e-18, 1.01465137902e-18, 2.6365492806e-19, 2.80099155853e-20], "max": [2.355717659, 22.0333061218, 56.0067710876, 102.040077209, 134.790527344, 131.342666626, 367.032318115, 337.184753418, 848.91607666, 860.288818359, 970.597229004, 733.953552246, 579.720275879, 436.198303223, 448.924743652, 349.314849854, 212.592834473, 274.424316406, 273.351104736, 384.21307373, 331.934692383, 234.800109863, 173.895568848, 329.275878906, 326.709014893, 928.088745117, 590.07220459, 318.481170654, 357.13092041, 164.379455566, 88.9256362915, 79.5434341431, 84.9031982422, 54.9326171875, 27.8522605896, 11.3243083954, 3.13347291946, 1.30077528954, 0.273281186819, 0.0237251725048], "dvar2": [0.0826739221811, 17.868522644, 55.8076782227, 110.052940369, 104.229034424, 205.089187622, 488.673431396, 718.97833252, 3455.23291016, 6243.81835938, 20990.6132812, 2563.54052734, 2441.40429688, 2657.82788086, 1019.91162109, 368.722869873, 245.53578186, 736.058959961, 688.289978027, 453.24319458, 353.798858643, 325.953857422, 299.290863037, 609.471557617, 583.958129883, 2182.5, 1587.66918945, 420.862426758, 197.23046875, 85.6640167236, 39.5663452148, 29.7963562012, 48.7391548157, 30.147983551, 6.52732849121, 1.12800765038, 0.289725899696, 0.044261470437, 0.00294824200682, 1.86414617929e-05], "median": [0.0620842725039, 1.02629387379, 2.21494817734, 2.97491931915, 5.17826652527, 4.66103029251, 4.57980823517, 6.38431358337, 9.18126392365, 10.8718204498, 11.0476799011, 8.86762619019, 10.7396945953, 9.20101356506, 5.89011669159, 4.69274520874, 3.36275434494, 5.05412387848, 6.22081184387, 4.8158197403, 4.71536970139, 6.08495616913, 8.57776546478, 16.5224533081, 14.3272590637, 19.1770038605, 20.3267784119, 5.90342140198, 1.54785990715, 0.851886153221, 0.810359597206, 0.519465446472, 0.437686264515, 0.25726634264, 0.0808732807636, 0.0275914110243, 0.00504813855514, 0.000820644549094, 8.67322523845e-05, 3.85635794373e-05], "dmean2": [0.179100319743, 2.70532679558, 4.78677558899, 6.54582643509, 8.37937450409, 9.8017988205, 12.4338054657, 16.5444011688, 27.9671382904, 36.7198524475, 53.9581375122, 22.8614711761, 24.056728363, 23.7622089386, 14.5344429016, 10.3541250229, 7.23552417755, 12.9617290497, 13.5884666443, 10.6830463409, 9.38847446442, 10.3172178268, 10.5189437866, 17.4466438293, 15.7020654678, 23.5559062958, 24.1443424225, 10.8305892944, 6.8381280899, 4.31000757217, 3.21930956841, 2.76752781868, 3.3909535408, 2.66653013229, 1.19032669067, 0.472351580858, 0.229588389397, 0.0887789949775, 0.0227409154177, 0.00180531386286], "dmean": [0.111849069595, 1.59210276604, 2.84546732903, 3.80546855927, 4.93065214157, 5.82714319229, 7.43815660477, 9.7059803009, 16.9466075897, 22.8326282501, 31.7771205902, 13.9604187012, 14.8873291016, 14.2309217453, 9.11865997314, 6.56815767288, 4.50908565521, 7.95773124695, 8.30440044403, 6.64538478851, 5.98014163971, 6.49251413345, 6.80674219131, 11.0507774353, 10.0697135925, 15.023188591, 15.5331640244, 7.32907104492, 4.77902889252, 3.06010174751, 2.3350880146, 1.99290347099, 2.41497755051, 1.87849545479, 0.842399299145, 0.335116505623, 0.156019240618, 0.0595176890492, 0.0150753036141, 0.0012053034734], "var": [0.108508780599, 8.77146148682, 27.0827522278, 53.5239372253, 58.7059936523, 99.520111084, 343.671966553, 408.476165771, 2536.07617188, 3513.31982422, 6751.88574219, 1471.87939453, 1313.21923828, 1192.13037109, 760.080810547, 268.373199463, 154.068771362, 351.482940674, 367.451080322, 294.953033447, 254.185882568, 240.553619385, 331.551422119, 706.186645508, 625.94519043, 1691.31298828, 1632.35546875, 524.940917969, 307.782592773, 118.419509888, 55.2657928467, 39.0210533142, 45.7057037354, 27.9936847687, 5.23223543167, 0.811890304089, 0.167471468449, 0.0245282594115, 0.00158096302766, 1.01021860246e-05], "dvar": [0.038285125047, 6.7481584549, 21.3021793365, 40.1670188904, 38.7319374084, 78.0538406372, 193.499465942, 275.592315674, 1360.16882324, 2625.35375977, 7843.69628906, 1018.03845215, 994.897216797, 982.618164062, 451.58291626, 161.113815308, 99.8295059204, 291.187652588, 265.129699707, 189.115432739, 155.236358643, 136.818496704, 133.180206299, 264.323791504, 247.845016479, 858.25, 665.406433105, 195.397628784, 97.8115844727, 42.2973442078, 20.2020492554, 15.0058822632, 24.2751998901, 14.9467096329, 3.19994020462, 0.567800402641, 0.140879750252, 0.0215155314654, 0.00142284145113, 9.02999272512e-06], "mean": [0.206340909004, 2.18860435486, 3.95201396942, 5.31580972672, 7.38073921204, 8.06897163391, 10.7063302994, 13.5698785782, 25.1497898102, 31.0536632538, 35.0656433105, 20.8395595551, 22.2971839905, 20.0406608582, 13.9746723175, 10.1225690842, 7.15400886536, 11.2429609299, 12.7506189346, 10.239979744, 9.84335422516, 11.2972202301, 14.5090150833, 24.3408699036, 21.7785167694, 31.4521522522, 32.8705940247, 14.6071310043, 8.48288249969, 5.42568016052, 4.00978088379, 3.14106297493, 3.28207397461, 2.50129127502, 1.0264582634, 0.381860613823, 0.153062596917, 0.0547171197832, 0.013403898105, 0.00109305372462]}, "zerocrossingrate": {"min": 0.00439453125, "max": 0.5224609375, "dvar2": 0.000350495654857, "median": 0.0625, "dmean2": 0.0168206337839, "dmean": 0.0145578496158, "var": 0.00208898005076, "dvar": 0.000277631916106, "mean": 0.0697786062956}, "spectral_contrast_coeffs": {"min": [-0.98132288456, -0.979933917522, -0.983977377415, -0.976261615753, -0.967242956161, -0.963562905788], "max": [-0.312705695629, -0.459499448538, -0.52034932375, -0.582309484482, -0.601730406284, -0.540937364101], "dvar2": [0.00468637980521, 0.00417616404593, 0.00255298335105, 0.00134195329156, 0.00080689729657, 0.00093202420976], "median": [-0.675956249237, -0.762823998928, -0.793909192085, -0.822006344795, -0.800656676292, -0.746237874031], "dmean2": [0.0875919982791, 0.0828615874052, 0.064692735672, 0.0454203076661, 0.0344028659165, 0.0330229103565], "dmean": [0.0519949011505, 0.0496440865099, 0.0392571538687, 0.027362735942, 0.021227106452, 0.0217616092414], "var": [0.00455719092861, 0.00467277085409, 0.0031820575241, 0.00178445200436, 0.0018012970686, 0.00251968996599], "dvar": [0.001686758711, 0.00152770045679, 0.00098189455457, 0.000519692781381, 0.000340486003552, 0.000436795147834], "mean": [-0.673840820789, -0.756563782692, -0.787317037582, -0.81534320116, -0.795571625233, -0.74222356081]}, "dissonance": {"min": 0.24648667872, "max": 0.500000059605, "dvar2": 0.00068116717739, "median": 0.480018079281, "dmean2": 0.0259939711541, "dmean": 0.0154428575188, "var": 0.000630594266113, "dvar": 0.000257287465502, "mean": 0.472861528397}, "spectral_energyband_high": {"min": 7.36771952644e-21, "max": 0.0254629999399, "dvar2": 4.59357625004e-06, "median": 0.00085451855557, "dmean2": 0.00131017202511, "dmean": 0.000959327444434, "var": 7.40125233278e-06, "dvar": 2.5911076591e-06, "mean": 0.00192068878096}, "spectral_skewness": {"min": -0.553692340851, "max": 3.58227729797, "dvar2": 0.0909828841686, "median": 1.10253489017, "dmean2": 0.317687869072, "dmean": 0.209486484528, "var": 0.202126502991, "dvar": 0.0402956977487, "mean": 1.12383806705}, "spectral_flux": {"min": 6.49832548882e-11, "max": 0.295052200556, "dvar2": 0.0024535371922, "median": 0.081479549408, "dmean2": 0.043884743005, "dmean": 0.0278145093471, "var": 0.00209926511161, "dvar": 0.00104722741526, "mean": 0.092060148716}, "silence_rate_30dB": {"min": 1, "max": 1, "dvar2": 0, "median": 1, "dmean2": 0, "dmean": 0, "var": 0, "dvar": 0, "mean": 1}, "spectral_energyband_middle_high": {"min": 1.31307823757e-21, "max": 0.0261113196611, "dvar2": 7.47552985558e-06, "median": 0.00243385042995, "dmean2": 0.00177449022885, "dmean": 0.00119979912415, "var": 9.32858256419e-06, "dvar": 3.44224440596e-06, "mean": 0.003242776962}, "barkbands_spread": {"min": 0.7546017766, "max": 99.1865386963, "dvar2": 145.202545166, "median": 26.8787269592, "dmean2": 11.504535675, "dmean": 7.52594614029, "var": 284.703399658, "dvar": 66.3106231689, "mean": 28.2558383942}, "spectral_centroid": {"min": 181.75177002, "max": 11567.3994141, "dvar2": 215412.640625, "median": 1797.02246094, "dmean2": 469.700653076, "dmean": 306.698638916, "var": 874791.375, "dvar": 105839.125, "mean": 1766.66369629}, "pitch_salience": {"min": 0.0952920243144, "max": 0.868095636368, "dvar2": 0.0158422458917, "median": 0.572851061821, "dmean2": 0.147469565272, "dmean": 0.0887565910816, "var": 0.0157726053149, "dvar": 0.006006967742, "mean": 0.555056393147}, "erbbands_skewness": {"min": -4.45902442932, "max": 4.31993818283, "dvar2": 0.260262846947, "median": 0.0706899762154, "dmean2": 0.571183502674, "dmean": 0.376348406076, "var": 0.813614368439, "dvar": 0.129388868809, "mean": 0.17046611011}, "erbbands_crest": {"min": 2.3626742363, "max": 28.730255127, "dvar2": 14.6638860703, "median": 6.42973470688, "dmean2": 3.9179956913, "dmean": 2.35851097107, "var": 13.9601764679, "dvar": 5.71154737473, "mean": 7.53483486176}, "melbands": {"min": [2.4583552435e-24, 1.8484328407e-24, 2.70805772457e-24, 3.90318830686e-24, 1.55421207914e-24, 3.00311635502e-24, 2.45421490704e-24, 2.72109562318e-24, 3.85460985789e-24, 3.22962514218e-24, 3.60791767004e-24, 3.07559354234e-24, 2.15511829483e-24, 3.50195511224e-24, 3.5635466107e-24, 4.30982243768e-24, 2.14268209987e-24, 3.87762408594e-24, 3.51862532089e-24, 3.51650289062e-24, 5.19673796456e-24, 4.49423366263e-24, 4.04382011816e-24, 4.09200650326e-24, 6.11104471422e-24, 4.96988286746e-24, 5.35637935152e-24, 7.45770877109e-24, 5.59731285476e-24, 6.3648611049e-24, 5.98957039001e-24, 4.4664196104e-24, 6.2648954677e-24, 7.1048307778e-24, 6.2979444009e-24, 7.36796637679e-24, 7.65850463704e-24, 7.73787272158e-24, 6.44492969792e-24, 7.48438094716e-24], "max": [0.0236836466938, 0.0276275482029, 0.0184447988868, 0.00654821377248, 0.00952505134046, 0.00688525242731, 0.0111759891734, 0.00980288535357, 0.00716732582077, 0.00469365017489, 0.00304584740661, 0.00190939940512, 0.00193022564054, 0.00122824858408, 0.000864224159159, 0.000673646805808, 0.000537095882464, 0.000627279165201, 0.000429644278483, 0.00032907500281, 0.000532238394953, 0.000335105200065, 0.000209391771932, 0.000344788713846, 0.000271270051599, 0.000241325091338, 0.000477618479636, 0.000925506174099, 0.000674170849379, 0.000347926950781, 0.00014183082385, 0.000212349783396, 0.000141023207107, 9.58505333983e-05, 5.35105500603e-05, 5.0004786317e-05, 5.16453801538e-05, 4.85796808789e-05, 7.87349854363e-05, 4.98313092976e-05], "dvar2": [1.3451977793e-05, 1.82518069778e-05, 2.72336092166e-06, 7.83080281508e-07, 4.57244055951e-07, 3.92126253246e-07, 6.68430971018e-07, 1.34897118187e-06, 9.85022893474e-07, 1.08517092201e-07, 6.58206431581e-08, 4.79183519531e-08, 1.57814774582e-08, 3.53190365843e-09, 3.53521745211e-09, 1.12804399155e-09, 3.27128191202e-09, 2.33182761988e-09, 1.60371493862e-09, 6.95887236724e-10, 5.48869505401e-10, 4.91200802255e-10, 2.57162291462e-10, 4.39082936676e-10, 5.12639819483e-10, 5.13063480589e-10, 4.00481509066e-10, 1.78589976141e-09, 1.17030563018e-09, 3.95249083462e-10, 1.27072588563e-10, 8.1454822054e-11, 4.6070390558e-11, 3.12630026034e-11, 1.64949685855e-11, 1.28435369978e-11, 1.37725430019e-11, 1.86798267826e-11, 4.5650285635e-11, 1.67633493892e-11], "median": [0.000845709932037, 0.00139682332519, 0.000619523460045, 0.000377445714548, 0.000176973320777, 0.000146461679833, 0.000140882417327, 0.00011884860578, 8.35615428514e-05, 5.30807883479e-05, 5.25289797224e-05, 3.69597619283e-05, 1.89131405932e-05, 1.29770978674e-05, 9.22568233364e-06, 5.76248930884e-06, 9.44216299104e-06, 1.05070703285e-05, 5.61609704164e-06, 5.62531567994e-06, 5.18551087225e-06, 5.92196556681e-06, 6.09998687651e-06, 8.69657196745e-06, 1.31603483169e-05, 1.17937634059e-05, 6.62879119773e-06, 1.39804524224e-05, 1.37420875035e-05, 7.16262093192e-06, 1.95521670321e-06, 8.83281416009e-07, 5.10973336532e-07, 4.38317243834e-07, 4.2513408971e-07, 4.72643620242e-07, 2.37141790649e-07, 2.86022668661e-07, 3.06458474597e-07, 1.92407043187e-07], "dmean2": [0.0023183580488, 0.00285460893065, 0.00110064202454, 0.00066421541851, 0.000407097977586, 0.000383209058782, 0.000407117797295, 0.000492493039928, 0.000385562307201, 0.000144937090226, 0.000125406906591, 0.000102743681055, 5.54958278371e-05, 2.98600098176e-05, 2.73915466096e-05, 1.60174004122e-05, 2.72929228231e-05, 2.4883180231e-05, 1.64627890626e-05, 1.34767669806e-05, 1.191622232e-05, 1.21954080896e-05, 9.99608982966e-06, 1.24305361169e-05, 1.59335577337e-05, 1.49787892951e-05, 9.86273789749e-06, 1.96247419808e-05, 1.78984737431e-05, 1.14855620268e-05, 5.59523687116e-06, 4.32824117524e-06, 3.26916006088e-06, 2.47017646871e-06, 2.01815305445e-06, 1.83579015811e-06, 1.78332095402e-06, 2.11210044654e-06, 3.16500927511e-06, 2.00128920369e-06], "dmean": [0.00139036262408, 0.0016932192957, 0.000643381034024, 0.000393510010326, 0.000242974856519, 0.000225201816647, 0.000246790237725, 0.000301294057863, 0.000228109041927, 8.78061837284e-05, 7.72135390434e-05, 6.17208279436e-05, 3.42972671206e-05, 1.89751590369e-05, 1.6770683942e-05, 9.86791656032e-06, 1.65645615198e-05, 1.51921849465e-05, 9.90322587313e-06, 8.45101294544e-06, 7.49125410948e-06, 7.49198852645e-06, 6.36155073153e-06, 7.83387440606e-06, 9.95724803943e-06, 9.35925891099e-06, 6.37126868241e-06, 1.22113424368e-05, 1.12810048449e-05, 7.45148872738e-06, 3.7004265323e-06, 2.94274332191e-06, 2.24103519031e-06, 1.70864359461e-06, 1.42211422371e-06, 1.28991257498e-06, 1.25215456137e-06, 1.49265940763e-06, 2.18950003728e-06, 1.40220197409e-06], "var": [1.03263691926e-05, 9.34648414841e-06, 1.39130804655e-06, 3.89941732237e-07, 3.1006146628e-07, 2.24689330253e-07, 4.87056809106e-07, 6.22555035079e-07, 3.40131890653e-07, 5.82113486303e-08, 3.44076340753e-08, 2.10692849834e-08, 1.10260218733e-08, 2.34664709886e-09, 1.93376337165e-09, 7.41395000947e-10, 1.45231515702e-09, 1.31489619193e-09, 6.40179353972e-10, 4.70814887077e-10, 3.96936344904e-10, 3.1096492048e-10, 2.29555166542e-10, 4.69927763369e-10, 5.21947485232e-10, 4.83244111393e-10, 3.57870288958e-10, 1.13646836386e-09, 9.3052909822e-10, 4.06229522243e-10, 1.3520144726e-10, 1.07358219537e-10, 6.34185065573e-11, 3.46143010088e-11, 1.9115330846e-11, 1.65377780914e-11, 1.50267350646e-11, 1.73548102972e-11, 3.70317006226e-11, 1.55237871169e-11], "dvar": [5.4558163356e-06, 7.06305809217e-06, 9.95413415694e-07, 2.943312154e-07, 1.77679723379e-07, 1.48910515918e-07, 2.63385032895e-07, 5.48979301129e-07, 3.70985844711e-07, 4.2613798712e-08, 2.66430078e-08, 1.75632202115e-08, 6.62020571696e-09, 1.54225832105e-09, 1.40232780943e-09, 4.64273702816e-10, 1.27126786875e-09, 8.93251583811e-10, 6.11942996276e-10, 2.94291535585e-10, 2.4151250444e-10, 1.97914032385e-10, 1.13464321272e-10, 1.85799750585e-10, 2.170910951e-10, 2.08828565551e-10, 1.64890087695e-10, 6.77156275497e-10, 4.63232951997e-10, 1.69950151174e-10, 5.62154732486e-11, 3.82249926156e-11, 2.26549872612e-11, 1.43360896071e-11, 7.9698123101e-12, 6.19861757409e-12, 6.59071885609e-12, 9.11126122466e-12, 2.19791233824e-11, 8.18008941833e-12], "mean": [0.00223245704547, 0.00246067112312, 0.000978888361715, 0.000580264022574, 0.000363864179235, 0.000319434038829, 0.000369688932551, 0.00037398232962, 0.000259578082478, 0.000126974729938, 0.000112665940833, 8.47770061227e-05, 5.04552044731e-05, 2.85551413981e-05, 2.29814722843e-05, 1.4187792658e-05, 2.22254220716e-05, 2.30124496738e-05, 1.31654360302e-05, 1.28530346046e-05, 1.15984303193e-05, 1.18355637824e-05, 1.1269148672e-05, 1.55648722284e-05, 2.01398434001e-05, 1.84353939403e-05, 1.2338506167e-05, 2.38514294324e-05, 2.28332519328e-05, 1.38660107041e-05, 6.6500642788e-06, 4.93040988658e-06, 3.65781511391e-06, 2.85607939077e-06, 2.29336069424e-06, 2.15279806071e-06, 1.81097880159e-06, 2.03569697987e-06, 2.7727151064e-06, 1.87006071428e-06]}, "spectral_entropy": {"min": 5.97375631332, "max": 9.8220243454, "dvar2": 0.0457815825939, "median": 7.70929718018, "dmean2": 0.211715638638, "dmean": 0.158917620778, "var": 0.142013043165, "dvar": 0.0269804373384, "mean": 7.71105670929}, "spectral_rolloff": {"min": 64.599609375, "max": 19229.1503906, "dvar2": 2170082, "median": 904.39453125, "dmean2": 1089.33728027, "dmean": 674.275878906, "var": 3315746, "dvar": 967948.0625, "mean": 1732.29309082}, "barkbands": {"min": [4.78635832217e-25, 8.29426578436e-24, 5.24010598725e-24, 4.20691671588e-24, 1.70660937613e-23, 1.4206420915e-23, 1.07168505245e-23, 1.71640592416e-23, 2.34319046547e-23, 2.60234263243e-23, 1.34041509521e-23, 3.11886414071e-23, 4.63019951944e-23, 2.11528949658e-23, 4.68432295061e-23, 7.56503093066e-23, 6.53890843306e-23, 9.28299769501e-23, 1.77361566318e-22, 2.51126384465e-22, 2.33237821168e-22, 3.30942649279e-22, 5.025170184e-22, 6.51601480606e-22, 8.89304178767e-22, 1.46816904884e-21, 1.94278593767e-21], "max": [0.00138371798676, 0.0916091948748, 0.0661086514592, 0.0558879300952, 0.0264875665307, 0.0380092486739, 0.0473576039076, 0.0456362403929, 0.0258712228388, 0.0216223411262, 0.0157997664064, 0.00965923722833, 0.00554919335991, 0.00658774096519, 0.00602685660124, 0.00532865617424, 0.00660380907357, 0.0071180658415, 0.00434571737424, 0.0246330238879, 0.00904211401939, 0.00751486653462, 0.00314670125954, 0.00526315812021, 0.00419658003375, 0.00205039558932, 0.00178144953679], "dvar2": [4.74062460398e-08, 0.000255095219472, 4.28136772825e-05, 1.47638311319e-05, 1.21545544971e-05, 1.07014566311e-05, 1.35930295073e-05, 6.19911224931e-05, 4.86106182507e-06, 2.07971015698e-06, 9.97157371785e-07, 2.36966329226e-07, 1.60027951779e-07, 3.69355717567e-07, 2.31341289236e-07, 1.39021594237e-07, 1.27808903017e-07, 1.56681537078e-07, 2.35693917716e-07, 1.1591934026e-06, 4.31857614558e-07, 1.23985287814e-07, 5.7089618366e-08, 1.15403956613e-07, 1.74358675054e-07, 7.4748314205e-08, 1.1311668402e-07], "median": [2.40998342633e-05, 0.00392803736031, 0.00163236982189, 0.00109274219722, 0.00163310323842, 0.000696058967151, 0.000702357385308, 0.000503598945215, 0.000390608154703, 0.0003066228237, 0.000131113847601, 0.000111028617539, 6.18687190581e-05, 0.000121769306134, 7.82825081842e-05, 7.52250198275e-05, 0.000107256906631, 0.000181273644557, 0.000323704676703, 0.000386688101571, 0.000306000933051, 3.66022177332e-05, 3.04795430566e-05, 2.38727261603e-05, 1.68125134223e-05, 3.97919666284e-06, 4.4084140427e-07], "dmean2": [0.000100935612863, 0.0102501865476, 0.00380780710839, 0.00257831951603, 0.00268258177675, 0.00195012392942, 0.00194036692847, 0.00294434721582, 0.00102410966065, 0.000762881361879, 0.000447061931482, 0.000263584079221, 0.000176224697498, 0.000320534571074, 0.000216040833038, 0.000180839371751, 0.000204568641493, 0.000245901144808, 0.000345560983988, 0.000494615465868, 0.00041297802818, 0.00017166530597, 0.000118508578453, 0.000167853606399, 0.000201012182515, 0.000119020231068, 0.000141760319821], "dmean": [5.98067454121e-05, 0.00609093019739, 0.00224496354349, 0.00150346476585, 0.00160472933203, 0.00115114043001, 0.0011874367483, 0.00176011899021, 0.000621942221187, 0.000474036496598, 0.000273362937151, 0.000166075478774, 0.000107019790448, 0.000195627042558, 0.000130380576593, 0.00011401388474, 0.000127050079755, 0.000156592563144, 0.000219011257286, 0.000314403499942, 0.000273621844826, 0.00012114985293, 8.56179030961e-05, 0.000121191311337, 0.000142307617352, 8.26717878226e-05, 9.45682113525e-05], "var": [2.65914792408e-08, 0.000154617169756, 1.71758183569e-05, 7.95010964794e-06, 6.50371066513e-06, 6.59112083667e-06, 1.0310520338e-05, 2.15995660255e-05, 2.90655884783e-06, 1.32844525069e-06, 6.63599394102e-07, 1.73693749161e-07, 8.19473910951e-08, 1.97468438046e-07, 1.02160669258e-07, 8.83813697783e-08, 8.56594724041e-08, 1.76789782813e-07, 2.64512379999e-07, 8.20550667413e-07, 5.48699460978e-07, 1.91836249996e-07, 7.87439944361e-08, 1.27182431697e-07, 1.5457301572e-07, 4.75449652981e-08, 6.21272704393e-08], "dvar": [1.82424351181e-08, 0.00010018915782, 1.54759618454e-05, 5.4480133258e-06, 4.56158841189e-06, 4.05621176469e-06, 5.42444922758e-06, 2.38924785663e-05, 1.93208325072e-06, 8.34595596189e-07, 4.04197209036e-07, 1.04533881995e-07, 6.2412276236e-08, 1.43531124763e-07, 8.93515732514e-08, 5.9463371116e-08, 5.19367766572e-08, 6.88334580445e-08, 9.89812249941e-08, 4.4672549393e-07, 1.99910843435e-07, 6.14076895999e-08, 2.84858039379e-08, 5.8708025108e-08, 8.70236576134e-08, 3.72657957826e-08, 5.51412711047e-08], "mean": [7.73231950006e-05, 0.00904681440443, 0.00293953414075, 0.00197651027702, 0.0024648453109, 0.00159885792527, 0.0018150563119, 0.00186869967729, 0.000919691403396, 0.000718719209544, 0.00038418074837, 0.000252692057984, 0.000147436585394, 0.000280476204352, 0.00017927432782, 0.000172648229636, 0.000208147728699, 0.00031763871084, 0.00047548362636, 0.000655181356706, 0.000556966057047, 0.000215460095205, 0.000150669526192, 0.000173881053342, 0.000182947551366, 8.53507444845e-05, 8.42955414555e-05]}, "melbands_flatness_db": {"min": 0.00406785029918, "max": 0.494584113359, "dvar2": 0.00172201567329, "median": 0.196043074131, "dmean2": 0.0466691330075, "dmean": 0.0310767907649, "var": 0.00511720217764, "dvar": 0.000828149495646, "mean": 0.202416852117}, "melbands_skewness": {"min": -1.17793619633, "max": 18.0185108185, "dvar2": 2.42233729362, "median": 2.845256567, "dmean2": 1.46728074551, "dmean": 0.940352976322, "var": 3.88959431648, "dvar": 1.08828449249, "mean": 3.34948277473}, "barkbands_skewness": {"min": -2.88748836517, "max": 14.177986145, "dvar2": 1.01317691803, "median": 1.52829444408, "dmean2": 0.963379621506, "dmean": 0.611434817314, "var": 1.89532494545, "dvar": 0.430100888014, "mean": 1.80863380432}, "silence_rate_60dB": {"min": 0, "max": 1, "dvar2": 0.00405628141016, "median": 0, "dmean2": 0.0032533549238, "dmean": 0.00162651215214, "var": 0.0247651413083, "dvar": 0.00162408151664, "mean": 0.0254116691649}, "spectral_energyband_low": {"min": 2.59337880596e-23, "max": 0.105467252433, "dvar2": 0.000342102022842, "median": 0.00718222372234, "dmean2": 0.012751727365, "dmean": 0.00765440240502, "var": 0.000234861130593, "dvar": 0.000136502014357, "mean": 0.0131661463529}, "spectral_energyband_middle_low": {"min": 1.81408940254e-22, "max": 0.0893456861377, "dvar2": 0.000198517460376, "median": 0.00746899377555, "dmean2": 0.00876025296748, "dmean": 0.00535012502223, "var": 0.000112909903692, "dvar": 7.76187080191e-05, "mean": 0.0108243888244}, "melbands_kurtosis": {"min": -1.86803376675, "max": 456.856781006, "dvar2": 1079.02661133, "median": 10.7602863312, "dmean2": 18.6748046875, "dmean": 11.6725263596, "var": 919.741943359, "dvar": 439.155639648, "mean": 21.4122619629}, "spectral_decrease": {"min": -3.26035944909e-08, "max": 1.07435401942e-28, "dvar2": 3.33889005802e-17, "median": -5.24586063477e-09, "dmean2": 4.58998217212e-09, "dmean": 2.79612999421e-09, "var": 2.41875552044e-17, "dvar": 1.32579755846e-17, "mean": -6.82003742369e-09}, "erbbands_kurtosis": {"min": -1.82575118542, "max": 21.3346996307, "dvar2": 4.62364673615, "median": -0.829666495323, "dmean2": 1.3292093277, "dmean": 0.847155988216, "var": 5.92791938782, "dvar": 2.08179950714, "mean": 0.0889184325933}, "melbands_crest": {"min": 1.67627084255, "max": 30.684223175, "dvar2": 20.0234546661, "median": 13.5092144012, "dmean2": 5.5618429184, "dmean": 3.36436343193, "var": 25.2198467255, "dvar": 7.73251342773, "mean": 14.133895874}, "gfcc": {"cov": [[12955.0283203, -1507.63317871, 803.664672852, -127.069396973, -882.35925293, 20.1361351013, -266.947052002, 124.302520752, -105.812423706, 3.19974780083, -242.288345337, 15.2718296051, -25.8537082672], [-1507.63317871, 1805.1003418, -690.479309082, 203.965103149, 98.2884597778, -138.419372559, 158.849807739, -17.1912288666, -15.9649009705, -52.3228034973, 72.282585144, -116.885238647, 112.349533081], [803.664672852, -690.479309082, 1298.8626709, -111.277145386, -134.253067017, 194.81993103, -154.810012817, 26.1015205383, 82.0664749146, -15.5372114182, -29.6539440155, 96.7252578735, -80.2160720825], [-127.069396973, 203.965103149, -111.277145386, 399.296783447, 14.3193225861, 30.8717403412, 43.0398635864, 26.4521427155, -6.45176792145, -0.49482318759, 17.8875980377, 6.87012195587, 41.6090736389], [-882.35925293, 98.2884597778, -134.253067017, 14.3193225861, 348.323669434, -31.1711673737, 119.533943176, -2.76410198212, 4.00832080841, 25.0118045807, 24.5444107056, -2.65794491768, 34.221572876], [20.1361351013, -138.419372559, 194.81993103, 30.8717403412, -31.1711673737, 189.919036865, 15.6986484528, 23.8742141724, -5.20282459259, -3.65948748589, -3.57885122299, 22.3971843719, -19.0291843414], [-266.947052002, 158.849807739, -154.810012817, 43.0398635864, 119.533943176, 15.6986484528, 198.188156128, 28.8117637634, -18.056022644, 6.25833654404, 19.7651462555, -6.34013271332, 35.1528015137], [124.302520752, -17.1912288666, 26.1015205383, 26.4521427155, -2.76410198212, 23.8742141724, 28.8117637634, 79.0173721313, 19.8374347687, 8.02007389069, -2.55615925789, 6.37408399582, 4.61775350571], [-105.812423706, -15.9649009705, 82.0664749146, -6.45176792145, 4.00832080841, -5.20282459259, -18.056022644, 19.8374347687, 89.7693634033, 25.6631793976, 8.90953826904, -3.21326565742, -11.6270742416], [3.19974780083, -52.3228034973, -15.5372114182, -0.49482318759, 25.0118045807, -3.65948748589, 6.25833654404, 8.02007389069, 25.6631793976, 71.9246368408, 25.9048042297, 0.858670055866, -3.57313299179], [-242.288345337, 72.282585144, -29.6539440155, 17.8875980377, 24.5444107056, -3.57885122299, 19.7651462555, -2.55615925789, 8.90953826904, 25.9048042297, 76.8855133057, 18.579782486, 18.3187637329], [15.2718296051, -116.885238647, 96.7252578735, 6.87012195587, -2.65794491768, 22.3971843719, -6.34013271332, 6.37408399582, -3.21326565742, 0.858670055866, 18.579782486, 73.7796783447, 11.0457782745], [-25.8537082672, 112.349533081, -80.2160720825, 41.6090736389, 34.221572876, -19.0291843414, 35.1528015137, 4.61775350571, -11.6270742416, -3.57313299179, 18.3187637329, 11.0457782745, 68.7635650635]], "icov": [[0.000119516611448, 9.00825107237e-05, -6.74747425364e-05, -9.95198024611e-06, 0.000317918922519, 0.000161108764587, -7.84985095379e-05, -0.00017585803289, 0.000241630870732, -0.000231370999245, 0.000270781718427, 0.000169361825101, -0.000307139853248], [9.00825107237e-05, 0.00103612907697, 0.000226802454563, -0.000311008130666, 0.000318480160786, 0.000346068874933, -0.000420717871748, 4.11091932619e-05, -0.00033309389255, 0.00113926490303, -0.000988594954833, 0.00159915583208, -0.00104729644954], [-6.74747425364e-05, 0.000226802454563, 0.00143704994116, 0.000234110048041, -0.000145592668559, -0.00125464028679, 0.0006787244929, 7.69594189478e-05, -0.0015418237308, 0.00102845439687, -0.000105379978777, -0.00123734748922, 0.000531484431121], [-9.95198024611e-06, -0.000311008130666, 0.000234110048041, 0.00296674505807, 2.31798239838e-05, -0.000929943518713, 0.000142464734381, -0.000738581991754, -6.32498340565e-05, -0.000192197883734, 5.13770282851e-05, -0.000539836997632, -0.00125745334662], [0.000317918922519, 0.000318480160786, -0.000145592668559, 2.31798239838e-05, 0.0048107826151, 0.00104931776877, -0.00278077903204, 0.000778616173193, -0.000150181425852, -0.00159577734303, 0.000791369646322, 0.000239790315391, -0.0016768607311], [0.000161108764587, 0.000346068874933, -0.00125464028679, -0.000929943518713, 0.00104931776877, 0.00771875586361, -0.00196282728575, -0.00159010791685, 0.00198004161939, -0.000236100706388, -0.000110416258394, -0.000229104509344, 0.00170703884214], [-7.84985095379e-05, -0.000420717871748, 0.0006787244929, 0.000142464734381, -0.00278077903204, -0.00196282728575, 0.00862958561629, -0.00329905934632, 0.00161345128436, 8.66678601597e-05, -0.00114900176413, 0.000550730095711, -0.00149089167826], [-0.00017585803289, 4.11091932619e-05, 7.69594189478e-05, -0.000738581991754, 0.000778616173193, -0.00159010791685, -0.00329905934632, 0.016472723335, -0.0049042860046, -0.000937253527809, 0.00223273504525, -0.00173606164753, -0.00103770126589], [0.000241630870732, -0.00033309389255, -0.0015418237308, -6.32498340565e-05, -0.000150181425852, 0.00198004161939, 0.00161345128436, -0.0049042860046, 0.0161948185414, -0.00547076528892, -0.000819273467641, 0.00218249554746, 0.00132368796039], [-0.000231370999245, 0.00113926490303, 0.00102845439687, -0.000192197883734, -0.00159577734303, -0.000236100706388, 8.66678601597e-05, -0.000937253527809, -0.00547076528892, 0.0205851830542, -0.00818055681884, 0.00188744883053, 0.00213587842882], [0.000270781718427, -0.000988594954833, -0.000105379978777, 5.13770282851e-05, 0.000791369646322, -0.000110416258394, -0.00114900176413, 0.00223273504525, -0.000819273467641, -0.00818055681884, 0.0199869927019, -0.00619563506916, -0.00331690232269], [0.000169361825101, 0.00159915583208, -0.00123734748922, -0.000539836997632, 0.000239790315391, -0.000229104509344, 0.000550730095711, -0.00173606164753, 0.00218249554746, 0.00188744883053, -0.00619563506916, 0.0204081609845, -0.00517417909577], [-0.000307139853248, -0.00104729644954, 0.000531484431121, -0.00125745334662, -0.0016768607311, 0.00170703884214, -0.00149089167826, -0.00103770126589, 0.00132368796039, 0.00213587842882, -0.00331690232269, -0.00517417909577, 0.0217074789107]], "mean": [1.34882950783, 89.3732376099, -102.447502136, 47.11668396, -57.1043968201, 1.70293068886, -20.5504722595, 13.5749998093, -24.3657722473, 6.26838874817, -12.0658369064, -8.94083595276, -5.32743597031]}, "melbands_spread": {"min": 0.530177414417, "max": 175.736663818, "dvar2": 212.759689331, "median": 20.4710597992, "dmean2": 12.4598665237, "dmean": 7.97286462784, "var": 462.54675293, "dvar": 92.5501480103, "mean": 25.4601268768}, "spectral_energy": {"min": 1.0386335034e-20, "max": 0.125840485096, "dvar2": 0.000521359790582, "median": 0.0216859430075, "dmean2": 0.0179505813867, "dmean": 0.0111286453903, "var": 0.000399639742682, "dvar": 0.000214329062146, "mean": 0.0279581397772}, "mfcc": {"cov": [[7158.56640625, -431.725738525, 280.92401123, -155.619598389, -231.118103027, -247.11050415, -138.898208618, -145.950942993, 25.021194458, -46.5079612732, -28.6341590881, -64.2408447266, -28.0942668915], [-431.725738525, 1404.66516113, -374.90246582, 228.833129883, -75.3078613281, -44.4885940552, 98.2578277588, -25.7364139557, 30.3624267578, 37.0176887512, -49.3915328979, 15.8574056625, -41.9657211304], [280.92401123, -374.90246582, 1065.90734863, -192.598144531, 116.992134094, 50.9378890991, -140.776290894, 81.0870285034, -48.544670105, -13.8848876953, 33.4203453064, 9.99041366577, 41.8055152893], [-155.619598389, 228.833129883, -192.598144531, 350.590942383, 26.5203819275, 19.6661052704, 67.0970458984, 7.42501783371, 35.0281181335, 10.9246873856, -20.5141277313, 10.5884666443, 4.92855024338], [-231.118103027, -75.3078613281, 116.992134094, 26.5203819275, 168.906219482, 39.2098312378, -8.41362953186, 12.9671268463, 8.93048095703, 5.63633537292, 7.43070173264, 14.5666570663, 15.9885396957], [-247.11050415, -44.4885940552, 50.9378890991, 19.6661052704, 39.2098312378, 122.994918823, 58.0046081543, 35.0745124817, 4.58551549911, 11.8083591461, 13.4166650772, -4.42306804657, 2.41622447968], [-138.898208618, 98.2578277588, -140.776290894, 67.0970458984, -8.41362953186, 58.0046081543, 179.811691284, 39.001789093, 31.1859092712, 10.885181427, -3.13023400307, -1.96345770359, -7.92554807663], [-145.950942993, -25.7364139557, 81.0870285034, 7.42501783371, 12.9671268463, 35.0745124817, 39.001789093, 98.4028320312, 25.6502037048, 0.710044801235, 2.46085858345, -0.333492338657, 6.59049987793], [25.021194458, 30.3624267578, -48.544670105, 35.0281181335, 8.93048095703, 4.58551549911, 31.1859092712, 25.6502037048, 75.7785415649, 23.7114620209, 2.53524971008, -1.17932879925, -2.94568872452], [-46.5079612732, 37.0176887512, -13.8848876953, 10.9246873856, 5.63633537292, 11.8083591461, 10.885181427, 0.710044801235, 23.7114620209, 75.4638519287, 23.6006221771, 8.7723236084, 1.95154333115], [-28.6341590881, -49.3915328979, 33.4203453064, -20.5141277313, 7.43070173264, 13.4166650772, -3.13023400307, 2.46085858345, 2.53524971008, 23.6006221771, 56.8754577637, 18.6007804871, 8.1391544342], [-64.2408447266, 15.8574056625, 9.99041366577, 10.5884666443, 14.5666570663, -4.42306804657, -1.96345770359, -0.333492338657, -1.17932879925, 8.7723236084, 18.6007804871, 58.1550521851, 23.8339366913], [-28.0942668915, -41.9657211304, 41.8055152893, 4.92855024338, 15.9885396957, 2.41622447968, -7.92554807663, 6.59049987793, -2.94568872452, 1.95154333115, 8.1391544342, 23.8339366913, 50.3227272034]], "icov": [[0.000175082095666, 6.72138558002e-05, -0.000128413623315, -3.69052941096e-05, 0.000260674394667, 0.000303735345369, -0.000101982390333, 0.00035999235115, -0.000299859064398, 7.35325811547e-05, 1.97068693524e-05, 0.000129134466988, 1.87251989701e-05], [6.72138558002e-05, 0.000967953528743, 4.94189844176e-05, -0.00049315392971, 0.000391441892134, 0.000453228742117, -0.000348068162566, 0.00018623212236, 4.51685409644e-05, -0.000623985892162, 0.000848877592944, -0.000708120875061, 0.000851563760079], [-0.000128413623315, 4.94189844176e-05, 0.00164835876785, 0.000605451059528, -0.000984060461633, -0.00078391644638, 0.00136025866959, -0.00195358064957, 0.00109093717765, -0.000130602013087, -0.000218135450268, 4.3811623982e-06, -0.000536639010534], [-3.69052941096e-05, -0.00049315392971, 0.000605451059528, 0.00387618900277, -0.00101848645136, -0.000656790158246, -0.000401072378736, -0.000180217888555, -0.000893808959518, -8.30077442515e-06, 0.00122731551528, -0.000524700270034, -0.00100089609623], [0.000260674394667, 0.000391441892134, -0.000984060461633, -0.00101848645136, 0.00797334592789, -0.00207731523551, 0.000664719205815, 0.00135858147405, -0.00208067358471, 0.000182743082405, 0.000751544488594, -0.00166113709565, -0.000581250176765], [0.000303735345369, 0.000453228742117, -0.00078391644638, -0.000656790158246, -0.00207731523551, 0.0131376776844, -0.00461710849777, -0.00176417757757, 0.00205640192144, -0.00144939101301, -0.00268699950539, 0.00293177971616, 1.87952027773e-05], [-0.000101982390333, -0.000348068162566, 0.00136025866959, -0.000401072378736, 0.000664719205815, -0.00461710849777, 0.00936539284885, -0.00319307809696, -0.00138295860961, 0.000112599074782, 0.00057140015997, -0.000923182116821, 0.000725221354514], [0.00035999235115, 0.00018623212236, -0.00195358064957, -0.000180217888555, 0.00135858147405, -0.00176417757757, -0.00319307809696, 0.0157753098756, -0.00617293082178, 0.00212736730464, 0.000319035549182, 0.000316464953357, -0.0015643008519], [-0.000299859064398, 4.51685409644e-05, 0.00109093717765, -0.000893808959518, -0.00208067358471, 0.00205640192144, -0.00138295860961, -0.00617293082178, 0.0190836265683, -0.00593882147223, 1.44516643559e-05, 0.00108005956281, 0.001037980197], [7.35325811547e-05, -0.000623985892162, -0.000130602013087, -8.30077442515e-06, 0.000182743082405, -0.00144939101301, 0.000112599074782, 0.00212736730464, -0.00593882147223, 0.0179239120334, -0.00724693667144, -0.000211079517612, -0.000389993627323], [1.97068693524e-05, 0.000848877592944, -0.000218135450268, 0.00122731551528, 0.000751544488594, -0.00268699950539, 0.00057140015997, 0.000319035549182, 1.44516643559e-05, -0.00724693667144, 0.0249573271722, -0.00795624870807, 0.000731927924789], [0.000129134466988, -0.000708120875061, 4.3811623982e-06, -0.000524700270034, -0.00166113709565, 0.00293177971616, -0.000923182116821, 0.000316464953357, 0.00108005956281, -0.000211079517612, -0.00795624870807, 0.02529909648, -0.0108944717795], [1.87251989701e-05, 0.000851563760079, -0.000536639010534, -0.00100089609623, -0.000581250176765, 1.87952027773e-05, 0.000725221354514, -0.0015643008519, 0.001037980197, -0.000389993627323, 0.000731927924789, -0.0108944717795, 0.0267563946545]], "mean": [-640.223327637, 114.623725891, 11.2609548569, 44.0376396179, -5.9345831871, -1.34137201309, 12.3410825729, -1.87341952324, 6.81360864639, 7.13206195831, -0.235593870282, 2.50638222694, -2.27750277519]}, "spectral_contrast_valleys": {"min": [-28.237613678, -27.5999412537, -27.5506515503, -27.4483337402, -27.4513587952, -27.390504837], "max": [-5.24239826202, -4.24559307098, -5.26226329803, -5.79662513733, -5.47183084488, -7.55722427368], "dvar2": [0.310396522284, 0.360906451941, 0.24251139164, 0.253998100758, 0.218907669187, 0.473422437906], "median": [-6.76957559586, -6.3967628479, -7.19059181213, -7.74563598633, -6.99859380722, -10.0405063629], "dmean2": [0.665321111679, 0.64703977108, 0.537753164768, 0.466468185186, 0.366051524878, 0.503738164902], "dmean": [0.395229011774, 0.398109287024, 0.345535606146, 0.307811915874, 0.257542848587, 0.429691284895], "var": [1.98221874237, 2.00470018387, 1.78758907318, 1.58748662472, 1.88613700867, 2.52955031395], "dvar": [0.129070073366, 0.161422938108, 0.122243434191, 0.132769227028, 0.120762072504, 0.289691835642], "mean": [-6.92477178574, -6.54434394836, -7.3358540535, -7.86698484421, -7.21623182297, -10.1135482788]}, "barkbands_flatness_db": {"min": 0.019372286275, "max": 0.373149842024, "dvar2": 0.00122486136388, "median": 0.125359296799, "dmean2": 0.0377473384142, "dmean": 0.0255231726915, "var": 0.00293031707406, "dvar": 0.00059128383873, "mean": 0.130169853568}, "dynamic_complexity": 2.66276907921, "erbbands_flatness_db": {"min": 0.0326402299106, "max": 0.294163972139, "dvar2": 0.000777248118538, "median": 0.132719859481, "dmean2": 0.0272306650877, "dmean": 0.0201036538929, "var": 0.00204947567545, "dvar": 0.000451137166237, "mean": 0.136010378599}, "hfc": {"min": 1.07452237261e-16, "max": 194.53225708, "dvar2": 618.91607666, "med