{"lowlevel": {"spectral_complexity": {"min": 0, "max": 63, "dvar2": 132.602706909, "median": 10, "dmean2": 7.95393228531, "dmean": 5.26063013077, "var": 215.781707764, "dvar": 68.7319717407, "mean": 14.4906015396}, "silence_rate_20dB": {"min": 1, "max": 1, "dvar2": 0, "median": 1, "dmean2": 0, "dmean": 0, "var": 0, "dvar": 0, "mean": 1}, "average_loudness": 0.915114402771, "erbbands_spread": {"min": 1.6335631609, "max": 138.90512085, "dvar2": 269.16116333, "median": 42.6840629578, "dmean2": 16.819688797, "dmean": 10.7523097992, "var": 293.798065186, "dvar": 112.85584259, "mean": 44.4629096985}, "spectral_kurtosis": {"min": -1.2534301281, "max": 52.1424789429, "dvar2": 8.31383228302, "median": 3.04233980179, "dmean2": 1.81928086281, "dmean": 1.10881698132, "var": 9.62921142578, "dvar": 3.15012288094, "mean": 3.51070618629}, "barkbands_kurtosis": {"min": -1.91542184353, "max": 558.998657227, "dvar2": 768.229675293, "median": 0.352174758911, "dmean2": 7.09333848953, "dmean": 4.38062000275, "var": 268.30255127, "dvar": 299.239349365, "mean": 3.4999768734}, "spectral_strongpeak": {"min": 0, "max": 11.3166065216, "dvar2": 1.13587200642, "median": 0.230309441686, "dmean2": 0.604159295559, "dmean": 0.355285614729, "var": 0.629344642162, "dvar": 0.435471147299, "mean": 0.524349033833}, "spectral_spread": {"min": 1431377.625, "max": 42126568, "dvar2": 1099370004480.0, "median": 4740931.5, "dmean2": 818210.125, "dmean": 532119.375, "var": 7250687033340.0, "dvar": 524424282112, "mean": 5051111.5}, "spectral_rms": {"min": 3.08288876198e-12, "max": 0.0127418423072, "dvar2": 2.7470096029e-06, "median": 0.00216382788494, "dmean2": 0.00120188423898, "dmean": 0.000876863836311, "var": 5.69236499359e-06, "dvar": 1.82409678473e-06, "mean": 0.00289688073099}, "erbbands": {"min": [1.88866376868e-22, 1.63896993038e-21, 3.16646394462e-21, 9.35593940938e-21, 2.61417556368e-20, 5.3648927971e-20, 5.53313067082e-20, 6.89781518411e-20, 1.95751426006e-19, 2.47639496479e-19, 3.69381224848e-19, 3.66830510032e-19, 5.09345561166e-19, 7.2780830364e-19, 8.3764196576e-19, 1.56944193284e-18, 1.36135431e-18, 1.72624745964e-18, 2.36795318915e-18, 4.19501959319e-18, 4.00513738845e-18, 4.24647932628e-18, 6.47044580659e-18, 7.01243439627e-18, 7.80921529413e-18, 9.72614101645e-18, 9.64827436949e-18, 1.20307207969e-17, 1.22782744476e-17, 1.14570553257e-17, 1.26059297872e-17, 9.55638949268e-18, 1.17147502107e-17, 8.87671669005e-18, 6.45509126647e-18, 4.01363542847e-18, 2.72884485257e-18, 1.07236676888e-18, 2.6082958928e-19, 2.92725389357e-20], "max": [2.36023068428, 13.780506134, 114.552078247, 82.9420623779, 66.061706543, 76.8841705322, 110.17098999, 172.586364746, 142.319580078, 327.144683838, 395.068481445, 349.736633301, 604.534240723, 656.982727051, 279.608459473, 322.802001953, 508.941497803, 483.026153564, 515.324951172, 484.164642334, 558.264831543, 249.191253662, 290.381530762, 333.132171631, 341.822784424, 199.498718262, 378.963012695, 265.166687012, 149.464630127, 108.694313049, 125.378440857, 100.651824951, 130.559417725, 93.1546401978, 34.2230072021, 7.30026197433, 1.34239375591, 0.360075354576, 0.0210159830749, 0.000576065969653], "dvar2": [0.160105705261, 8.97271537781, 319.53314209, 101.833358765, 76.9824752808, 77.81590271, 167.377883911, 155.206832886, 136.799026489, 919.043701172, 1249.18859863, 543.300048828, 835.352416992, 679.509033203, 537.403869629, 376.180908203, 1032.83398438, 1020.71600342, 1022.61541748, 1431.37243652, 923.711853027, 717.3359375, 943.663574219, 1084.8840332, 1379.57214355, 1033.02209473, 3571.54711914, 2159.38330078, 240.369873047, 61.7860870361, 64.2197036743, 15.7268972397, 8.65067195892, 3.33189868927, 0.640211999416, 0.0561404004693, 0.00926512014121, 0.000174517714186, 7.78451010319e-07, 2.72484390607e-09], "median": [0.00310405297205, 0.060078818351, 0.368224769831, 0.440234035254, 0.700470805168, 1.441624403, 1.69419670105, 1.82716476917, 1.65176892281, 2.95693802834, 2.70032072067, 2.27441883087, 2.18393492699, 2.19841504097, 1.82144868374, 1.96728050709, 3.17167043686, 2.96567440033, 3.53993558884, 3.38209939003, 3.23302578926, 2.84238386154, 3.62559294701, 4.07899808884, 4.51995992661, 3.09049010277, 2.2735080719, 1.49753260612, 2.10757040977, 1.88339781761, 0.834919154644, 0.377647131681, 0.256325006485, 0.265180528164, 0.0935061126947, 0.0209896378219, 0.0105956606567, 0.00288509507664, 0.00026534034987, 1.83104421012e-05], "dmean2": [0.109262287617, 1.29403054714, 6.47821807861, 4.14486455917, 3.59887290001, 4.38248682022, 6.84698820114, 5.85249423981, 5.55037212372, 13.4290657043, 15.325668335, 10.946803093, 9.16926765442, 9.57306671143, 9.54261493683, 9.02776908875, 13.7362756729, 13.1539134979, 12.9561872482, 15.3274269104, 14.0532989502, 13.991894722, 16.2556114197, 17.6173038483, 19.3000907898, 16.2274856567, 22.4523105621, 19.943353653, 8.07174873352, 4.84954690933, 4.07111978531, 1.55145680904, 0.922942042351, 0.539776325226, 0.279828041792, 0.0986214056611, 0.0403231494129, 0.00651029497385, 0.000500683672726, 2.82823166344e-05], "dmean": [0.0783372297883, 0.770778119564, 4.11099386215, 2.58452010155, 2.04004859924, 2.65628600121, 4.2259926796, 3.6981241703, 3.42985773087, 8.79269599915, 9.79577159882, 6.52708292007, 5.82497930527, 5.91103601456, 5.79215764999, 5.6362323761, 8.87245368958, 8.67843532562, 8.72710227966, 9.5298948288, 9.05578136444, 8.87563323975, 10.3835134506, 11.4001064301, 12.3645629883, 10.3031711578, 13.7252845764, 11.6711912155, 5.28931999207, 3.2703359127, 2.58259344101, 1.10324835777, 0.637300431728, 0.403439223766, 0.204425528646, 0.0741791427135, 0.0343983396888, 0.00565050542355, 0.000367219676264, 2.17853103095e-05], "var": [0.0871438384056, 4.30517196655, 180.527328491, 64.0293197632, 22.2060203552, 35.8679084778, 103.975212097, 100.891555786, 77.6814804077, 786.966064453, 1225.88549805, 355.415893555, 579.215209961, 503.014709473, 388.016174316, 376.871612549, 813.141906738, 859.419555664, 933.46887207, 938.51763916, 787.080383301, 615.624267578, 744.540100098, 838.690002441, 955.372924805, 732.499267578, 1175.42028809, 732.563842773, 228.432434082, 74.2297973633, 37.7231864929, 14.1076250076, 14.6016721725, 8.25268745422, 1.35666322708, 0.115540340543, 0.0174695197493, 0.000441425683675, 1.67132122897e-06, 5.19481124783e-09], "dvar": [0.0750744715333, 3.59879016876, 160.462234497, 52.2123908997, 27.4544849396, 31.2269191742, 65.8281936646, 61.4401397705, 55.1887321472, 402.822875977, 530.813415527, 216.044494629, 358.670288086, 306.783325195, 219.905609131, 177.045410156, 460.769683838, 426.464508057, 467.308380127, 562.655029297, 384.769165039, 298.196960449, 391.610778809, 473.646850586, 600.089904785, 428.515411377, 1289.20410156, 751.027832031, 103.849990845, 29.6923789978, 26.3163852692, 7.2265496254, 4.89565420151, 2.31614089012, 0.399334967136, 0.0348530374467, 0.00603271368891, 0.000131456850795, 4.83685084873e-07, 1.83912163276e-09], "mean": [0.0760575458407, 0.821280777454, 3.93947148323, 2.77979302406, 2.11204957962, 3.36857914925, 5.8181014061, 5.45874786377, 4.69936847687, 12.8049411774, 15.3606004715, 8.80881786346, 8.29400444031, 8.41011047363, 8.27176380157, 8.52687168121, 12.527513504, 13.3097105026, 13.6183538437, 13.6311893463, 13.9375925064, 13.351855278, 14.9366130829, 15.9219808578, 16.5041408539, 14.3642559052, 14.5383024216, 11.3849849701, 8.19590950012, 5.20080661774, 3.24553823471, 1.59790682793, 1.05274176598, 0.719636321068, 0.343940764666, 0.137871548533, 0.0591430477798, 0.0105544338003, 0.000766094133724, 4.40019321104e-05]}, "zerocrossingrate": {"min": 0.00146484375, "max": 0.52392578125, "dvar2": 0.0004144749837, "median": 0.080078125, "dmean2": 0.0195974819362, "dmean": 0.017423806712, "var": 0.00305147701874, "dvar": 0.000354539195541, "mean": 0.0881298854947}, "spectral_contrast_coeffs": {"min": [-0.97767585516, -0.976020336151, -0.974897444248, -0.96965444088, -0.967757046223, -0.963793992996], "max": [-0.366027295589, -0.42983302474, -0.50701880455, -0.583201706409, -0.62169700861, -0.603247284889], "dvar2": [0.00471266871318, 0.00383697706275, 0.00232292152941, 0.0014657152351, 0.000904282380361, 0.00220586033538], "median": [-0.673476159573, -0.775826215744, -0.817797064781, -0.808933496475, -0.808754682541, -0.745498895645], "dmean2": [0.0854354649782, 0.0772441104054, 0.0611559450626, 0.0482465326786, 0.0364345833659, 0.0409429743886], "dmean": [0.0526717975736, 0.0478453859687, 0.0376667268574, 0.0302251148969, 0.0234704092145, 0.0252483822405], "var": [0.00692742550746, 0.00593042653054, 0.00362720759585, 0.00233676703647, 0.00162175844889, 0.00214055366814], "dvar": [0.00192242360208, 0.00150794687215, 0.000958832679316, 0.000586208829191, 0.000388578337152, 0.00085041084094], "mean": [-0.667770087719, -0.765319406986, -0.80897051096, -0.802900195122, -0.8079007864, -0.745987057686]}, "dissonance": {"min": 0.189737841487, "max": 0.500000119209, "dvar2": 0.000680814904626, "median": 0.482195079327, "dmean2": 0.0238644834608, "dmean": 0.0144305480644, "var": 0.00061801209813, "dvar": 0.000263594323769, "mean": 0.474675029516}, "spectral_energyband_high": {"min": 6.78900490597e-21, "max": 0.0178814567626, "dvar2": 5.40060591447e-06, "median": 0.000252944068052, "dmean2": 0.00110134668648, "dmean": 0.000716180715244, "var": 3.43117426382e-06, "dvar": 2.13796420212e-06, "mean": 0.000981608172879}, "spectral_skewness": {"min": -0.334212958813, "max": 5.70642709732, "dvar2": 0.164361700416, "median": 1.25078177452, "dmean2": 0.359562754631, "dmean": 0.230683580041, "var": 0.215124338865, "dvar": 0.0674112960696, "mean": 1.28781986237}, "spectral_flux": {"min": 6.44001588168e-11, "max": 0.316449016333, "dvar2": 0.00405689934269, "median": 0.0432350225747, "dmean2": 0.0441875569522, "dmean": 0.0277678724378, "var": 0.00349839054979, "dvar": 0.00170093448833, "mean": 0.0639799684286}, "silence_rate_30dB": {"min": 0, "max": 1, "dvar2": 0.0815543308854, "median": 1, "dmean2": 0.0590609312057, "dmean": 0.0295275598764, "var": 0.0162614248693, "dvar": 0.0286570340395, "mean": 0.983466207981}, "spectral_energyband_middle_high": {"min": 1.21875723147e-21, "max": 0.0348942056298, "dvar2": 9.71532062977e-06, "median": 0.000951351656113, "dmean2": 0.00192530313507, "dmean": 0.00132657052018, "var": 1.57933391165e-05, "dvar": 5.05776597493e-06, "mean": 0.00268926820718}, "barkbands_spread": {"min": 0.283849239349, "max": 106.820297241, "dvar2": 261.303955078, "median": 30.8025054932, "dmean2": 16.1661205292, "dmean": 10.2254781723, "var": 295.677947998, "dvar": 111.604232788, "mean": 32.4885139465}, "spectral_centroid": {"min": 208.408065796, "max": 11594.4189453, "dvar2": 610862.125, "median": 1830.40112305, "dmean2": 732.499938965, "dmean": 489.169036865, "var": 1073455.75, "dvar": 264171.46875, "mean": 1940.22375488}, "pitch_salience": {"min": 0.0424942672253, "max": 0.951726794243, "dvar2": 0.0255280453712, "median": 0.601711809635, "dmean2": 0.167056545615, "dmean": 0.10231488198, "var": 0.0192255452275, "dvar": 0.0109235215932, "mean": 0.580863893032}, "erbbands_skewness": {"min": -5.21121644974, "max": 6.94354963303, "dvar2": 0.411377936602, "median": -0.116889670491, "dmean2": 0.670792818069, "dmean": 0.445562690496, "var": 0.668591141701, "dvar": 0.183823093772, "mean": -0.0927845612168}, "erbbands_crest": {"min": 2.15064716339, "max": 31.1039161682, "dvar2": 14.7733831406, "median": 6.44393730164, "dmean2": 4.02159357071, "dmean": 2.46923542023, "var": 15.9516153336, "dvar": 6.16033411026, "mean": 7.63294458389}, "melbands": {"min": [2.44320043665e-24, 2.25236827836e-24, 2.0366396699e-24, 3.38864234295e-24, 2.42500417658e-24, 1.66575020721e-24, 3.1899551022e-24, 2.60258919091e-24, 2.96979289823e-24, 2.54242099473e-24, 2.06103755998e-24, 2.42203234034e-24, 2.51855006374e-24, 3.63690278628e-24, 2.08570780428e-24, 3.23752578136e-24, 2.56738666744e-24, 3.30558791141e-24, 3.6485522897e-24, 5.51975875588e-24, 3.78971145451e-24, 4.57117678874e-24, 3.44912904172e-24, 4.63028021991e-24, 4.13866802024e-24, 4.54411530982e-24, 6.03905405687e-24, 5.36938648455e-24, 4.29472521767e-24, 6.35432192321e-24, 5.99779229279e-24, 5.56716771856e-24, 6.09440645444e-24, 6.29304596911e-24, 5.64252957299e-24, 5.61282067686e-24, 6.17714297504e-24, 7.96917541646e-24, 6.80022949419e-24, 6.77273690278e-24], "max": [0.0192166920751, 0.0422398559749, 0.0138839380816, 0.0056283865124, 0.00369131844491, 0.00346960453317, 0.00295358337462, 0.00458083115518, 0.00314538087696, 0.00215514935553, 0.00312888761982, 0.00291341682896, 0.000955154013354, 0.00130678177811, 0.000728317943867, 0.00202927505597, 0.00080505682854, 0.000821328721941, 0.000831569836009, 0.000678113778122, 0.000918683072086, 0.000338660407579, 0.00028620500234, 0.00032299591112, 0.00029570935294, 0.000283771165414, 0.000201475108042, 0.000156211448484, 0.000232548220083, 0.000188178251847, 0.000142029355629, 9.88300089375e-05, 7.29589592083e-05, 6.9487010478e-05, 9.43966515479e-05, 6.48843051749e-05, 6.91638997523e-05, 9.78889511316e-05, 9.53231719905e-05, 7.81585185905e-05], "dvar2": [1.12035295388e-05, 4.57527494291e-05, 2.68568715001e-06, 3.69768571318e-07, 1.78222848035e-07, 7.61858061082e-08, 4.49595880525e-08, 1.43668614783e-07, 6.39400212776e-08, 2.34762342899e-08, 2.16961275612e-08, 1.25599415313e-08, 5.41901945539e-09, 4.92900253946e-09, 2.44042674957e-09, 9.41896072248e-09, 3.68125752104e-09, 3.2275393469e-09, 4.62804639056e-09, 1.17226195417e-09, 2.01382199805e-09, 9.28510768272e-10, 9.9144747967e-10, 1.0446921106e-09, 7.93535681609e-10, 7.40881023198e-10, 9.05887143077e-10, 3.7407940634e-10, 1.472087785e-09, 1.29117272429e-09, 6.28039786843e-10, 1.07871281352e-10, 2.4782753974e-11, 2.01215606677e-11, 2.51880530322e-11, 1.42703687409e-11, 5.56444256991e-12, 4.53872096157e-12, 5.54458302188e-12, 2.54232312286e-12], "median": [4.23663514084e-05, 0.000168920640135, 9.08666770556e-05, 7.86338641774e-05, 6.74089969834e-05, 4.04692254961e-05, 2.45177980105e-05, 3.34998549079e-05, 1.86772194866e-05, 1.22767696666e-05, 1.01456053017e-05, 8.42023473524e-06, 5.64912852496e-06, 5.4222482504e-06, 4.44172837888e-06, 7.45088391341e-06, 4.36907976109e-06, 4.97695828017e-06, 4.71922567158e-06, 3.9822684812e-06, 3.52918073077e-06, 2.79581445284e-06, 3.01411137116e-06, 2.85425016955e-06, 3.04281229546e-06, 3.12043312078e-06, 2.65443986791e-06, 1.73595469732e-06, 1.32851891976e-06, 1.10358587335e-06, 6.7082953592e-07, 1.11472161279e-06, 1.37634924613e-06, 7.98985070105e-07, 5.0537386187e-07, 2.38755944793e-07, 1.9960035047e-07, 1.54954094e-07, 1.980695572e-07, 2.07540395536e-07], "dmean2": [0.00107173924334, 0.00276364316233, 0.000694418500643, 0.000268241914455, 0.000232053542277, 0.000130603672005, 9.66999941738e-05, 0.000163017990417, 0.000114388443762, 6.93488473189e-05, 4.61622730654e-05, 4.02859295718e-05, 2.91149935947e-05, 3.00935189443e-05, 2.11658971239e-05, 3.81391291739e-05, 2.48305568675e-05, 2.18500535993e-05, 2.50327429967e-05, 1.6836429495e-05, 1.87904970517e-05, 1.54948174895e-05, 1.58741386258e-05, 1.56499427248e-05, 1.50922551256e-05, 1.51065123646e-05, 1.38403356686e-05, 1.00853294498e-05, 1.38993791552e-05, 1.46731799759e-05, 1.09308584797e-05, 5.13394707014e-06, 3.30783518621e-06, 2.58271575149e-06, 2.57590909314e-06, 1.6810914758e-06, 7.64796084241e-07, 6.79295339978e-07, 6.08388972978e-07, 4.47155713346e-07], "dmean": [0.000699758413248, 0.00172349356581, 0.000437878101366, 0.000158741109772, 0.00014392605226, 8.20004279376e-05, 6.01033934799e-05, 0.000107091429527, 7.28056402295e-05, 4.12439621869e-05, 2.94609926641e-05, 2.48940996244e-05, 1.79263133759e-05, 1.87213045137e-05, 1.35630016302e-05, 2.43192898779e-05, 1.61847601703e-05, 1.46271158883e-05, 1.53674682224e-05, 1.08726044346e-05, 1.18210209621e-05, 9.71030476649e-06, 9.94313722913e-06, 9.94692254608e-06, 9.63626007433e-06, 9.49896821112e-06, 8.62271645019e-06, 6.52044673188e-06, 8.4404800873e-06, 8.61620264914e-06, 6.36384811514e-06, 3.29182671521e-06, 2.2743381578e-06, 1.68116150689e-06, 1.61634329743e-06, 1.0894548268e-06, 5.5169175539e-07, 4.62043942662e-07, 4.25770195989e-07, 3.37600226885e-07], "var": [6.21249364485e-06, 2.68135027e-05, 1.83908832696e-06, 1.36214211466e-07, 1.17935719857e-07, 4.67908662927e-08, 2.8366764937e-08, 1.35918114097e-07, 6.31393888284e-08, 1.49822945161e-08, 1.52581627333e-08, 9.36374977556e-09, 3.71464570215e-09, 3.94780208524e-09, 2.02547867367e-09, 7.00406976861e-09, 2.88379875535e-09, 2.58783505735e-09, 2.68432098771e-09, 1.09965825335e-09, 1.57444535187e-09, 7.43608008502e-10, 6.88926360404e-10, 6.28339158482e-10, 5.86333981367e-10, 6.14784390063e-10, 4.45087383616e-10, 3.09648834351e-10, 4.75267269984e-10, 4.06316591484e-10, 2.17857190621e-10, 8.99823202061e-11, 3.43398399993e-11, 1.94488904148e-11, 1.4277183602e-11, 8.0440489339e-12, 5.03555357134e-12, 6.44714360024e-12, 9.02772301359e-12, 5.48076081047e-12], "dvar": [4.94616369906e-06, 2.30317618843e-05, 1.41849909596e-06, 1.43192167457e-07, 7.1478297059e-08, 3.0086788172e-08, 1.8455235562e-08, 6.4602772909e-08, 2.72761955245e-08, 9.25299836751e-09, 9.38828481623e-09, 5.65806779207e-09, 2.26143304083e-09, 2.07027039956e-09, 1.17755361018e-09, 3.9508369909e-09, 1.54610069192e-09, 1.43881173642e-09, 1.81341808236e-09, 5.31959809535e-10, 8.21369694481e-10, 3.78095388331e-10, 3.9204481328e-10, 4.23212243028e-10, 3.43308798056e-10, 3.5943722998e-10, 3.45357659137e-10, 1.61143709487e-10, 5.33995625496e-10, 4.54692339336e-10, 2.17012061099e-10, 4.49697917793e-11, 1.20500016215e-11, 9.23566171457e-12, 1.02338675728e-11, 5.83699408252e-12, 2.53405955074e-12, 2.35316540559e-12, 3.11078029655e-12, 1.67717912041e-12], "mean": [0.000772185449023, 0.00173485046253, 0.00048927764874, 0.000187647819985, 0.000202187657123, 0.000119935291877, 8.02254362497e-05, 0.000159652568982, 0.000111322544399, 5.29943026777e-05, 4.09042368119e-05, 3.43708052242e-05, 2.49352287938e-05, 2.61343902821e-05, 1.85582084669e-05, 3.34027499775e-05, 2.32225520449e-05, 2.11029600905e-05, 2.09723366424e-05, 1.59220489877e-05, 1.72236104845e-05, 1.40701804412e-05, 1.37728629852e-05, 1.27422808873e-05, 1.28774499899e-05, 1.23095896924e-05, 1.13443202281e-05, 9.04701482796e-06, 9.06076638785e-06, 8.45158501761e-06, 6.00622843194e-06, 4.92132721774e-06, 3.66238009519e-06, 2.50156858783e-06, 2.00006252271e-06, 1.32252466756e-06, 8.46100476792e-07, 7.16714453119e-07, 7.24161793642e-07, 5.67889060221e-07]}, "spectral_entropy": {"min": 4.7538933754, "max": 9.82086849213, "dvar2": 0.0583901889622, "median": 7.89045619965, "dmean2": 0.252363324165, "dmean": 0.174800381064, "var": 0.176986545324, "dvar": 0.0287888534367, "mean": 7.83325719833}, "spectral_rolloff": {"min": 64.599609375, "max": 19336.8164062, "dvar2": 3588717, "median": 1959.52148438, "dmean2": 1732.62011719, "dmean": 1061.4786377, "var": 4838271, "dvar": 1715976.25, "mean": 2485.90405273}, "barkbands": {"min": [5.25588783991e-25, 5.57293508064e-24, 1.00348372791e-24, 1.33522300995e-24, 1.91396935367e-23, 9.30754578421e-24, 1.62136711775e-23, 7.64191173676e-24, 2.0225797231e-23, 1.20239417685e-23, 1.56463381916e-23, 3.58150834243e-23, 2.54069520373e-23, 2.76056856627e-23, 4.50475170285e-23, 7.76054789721e-23, 7.03707157035e-23, 1.04058313842e-22, 1.49929540495e-22, 1.94223335638e-22, 2.69041226296e-22, 3.43598729746e-22, 4.5554856827e-22, 6.15229616e-22, 8.26694876184e-22, 1.37129127513e-21, 2.0232211743e-21], "max": [0.00226659583859, 0.0646667331457, 0.11024697125, 0.0237156637013, 0.0222571790218, 0.0154550876468, 0.0187073536217, 0.0279798023403, 0.0141728995368, 0.0180664192885, 0.0124755911529, 0.00860827881843, 0.0160394962877, 0.0077097453177, 0.00819825194776, 0.00864752009511, 0.00721640139818, 0.00458037015051, 0.00579088833183, 0.00483523728326, 0.00778661854565, 0.00411661993712, 0.00394983915612, 0.00580286327749, 0.0062358067371, 0.000840627064463, 0.000152400418301], "dvar2": [1.12283132125e-07, 0.000147713915794, 0.000293715274893, 9.22951221582e-06, 6.1858359004e-06, 2.53893722402e-06, 1.94073072635e-06, 4.44349961981e-06, 1.00744659903e-06, 9.1331224894e-07, 3.26249192995e-07, 3.34560439796e-07, 6.79138679516e-07, 4.71039555805e-07, 6.60673038055e-07, 2.74389606147e-07, 3.3912294839e-07, 3.903434731e-07, 4.24969300639e-07, 5.87261240526e-07, 1.98719521904e-06, 1.55989070549e-07, 7.24168600641e-08, 2.46905127455e-08, 1.63658775421e-08, 2.11419637353e-09, 4.22674048539e-11], "median": [1.64490375028e-05, 0.000209925405215, 0.000333353964379, 0.000118466588901, 0.000458911439637, 0.000219978828682, 0.000112166701001, 0.00012378692918, 7.78942630859e-05, 6.4944033511e-05, 4.00703975174e-05, 4.43788667326e-05, 6.70541558065e-05, 4.3233827455e-05, 6.69917935738e-05, 5.11063699378e-05, 5.15599313076e-05, 6.56138727209e-05, 8.44370588311e-05, 6.92151588737e-05, 4.401471233e-05, 6.88906147843e-05, 3.03901542793e-05, 1.69497452589e-05, 1.82143721759e-05, 5.28889358975e-06, 1.60014144512e-06], "dmean2": [9.79548130999e-05, 0.00466778222471, 0.00609749881551, 0.00111780292355, 0.00128179613966, 0.000752985302825, 0.000566808856092, 0.00083644822007, 0.00044383193017, 0.000313636555802, 0.000210951620829, 0.000249817589065, 0.000336521246936, 0.000270295451628, 0.00031675741775, 0.000247507705353, 0.00028784701135, 0.000318443839205, 0.000371250527678, 0.000366051855963, 0.0005626300117, 0.000215286039747, 0.000141062395414, 5.50948934688e-05, 4.14568348788e-05, 2.04893185582e-05, 3.44555110132e-06], "dmean": [6.53907191008e-05, 0.0028138756752, 0.0038597737439, 0.000611807452515, 0.00077019399032, 0.0004685644235, 0.000356971111614, 0.000540347071365, 0.000266337621724, 0.000197773391847, 0.000129504667711, 0.000157407674124, 0.000214679719647, 0.00017518059758, 0.00019554370374, 0.000161587246112, 0.000179615031811, 0.000203538453206, 0.000239745597355, 0.000231411744608, 0.000333760661306, 0.000143679790199, 9.01952153072e-05, 3.99124364776e-05, 3.12518168357e-05, 1.6803294784e-05, 2.41889165409e-06], "var": [5.97430940275e-08, 7.89186815382e-05, 0.000168014783412, 2.11609517464e-06, 2.85597252514e-06, 1.41296561651e-06, 1.29326542719e-06, 4.46065496362e-06, 5.9842977862e-07, 6.90201829912e-07, 1.79936051836e-07, 2.92527005286e-07, 5.04831405124e-07, 3.23929185697e-07, 4.25385081826e-07, 2.3085220846e-07, 2.738028968e-07, 2.56633910567e-07, 3.75630804683e-07, 3.62148654176e-07, 6.16241777607e-07, 1.59152989454e-07, 4.78432262696e-08, 3.88111729421e-08, 4.29290594184e-08, 4.7070907172e-09, 6.85843604131e-11], "dvar": [5.46007399294e-08, 6.18114572717e-05, 0.000149125757162, 3.18353590956e-06, 2.43517888521e-06, 9.91601382339e-07, 8.13136921352e-07, 1.9750489173e-06, 3.99490460268e-07, 3.96309246753e-07, 1.32660730401e-07, 1.49972791519e-07, 2.90958354299e-07, 1.98679288133e-07, 2.62131919726e-07, 1.22641722555e-07, 1.39164370694e-07, 1.58358716362e-07, 2.0580516491e-07, 2.33177644304e-07, 6.9635541422e-07, 6.81699532379e-08, 3.04837932674e-08, 1.37359084107e-08, 1.15718901128e-08, 1.45178125077e-09, 2.31146369406e-11], "mean": [7.13170447852e-05, 0.00320054567419, 0.00362437497824, 0.000527137657627, 0.00100742140785, 0.000676155206747, 0.000459642964415, 0.000836730061565, 0.000336811412126, 0.000276974053122, 0.000169725768501, 0.000218250439502, 0.000292526267003, 0.000235316183534, 0.000277378218016, 0.000230090867262, 0.000258242973359, 0.000272711447906, 0.000322178879287, 0.000319612940075, 0.000326538109221, 0.00022247088782, 0.000117098097689, 6.652004231e-05, 5.53159625269e-05, 3.0515862818e-05, 4.68769121653e-06]}, "melbands_flatness_db": {"min": 0.00315714208409, "max": 0.529195487499, "dvar2": 0.00340612558648, "median": 0.141389518976, "dmean2": 0.0610484704375, "dmean": 0.0407050140202, "var": 0.00538807269186, "dvar": 0.00160168122966, "mean": 0.1554595083}, "melbands_skewness": {"min": -2.6147069931, "max": 19.6505241394, "dvar2": 3.98879885674, "median": 2.19000458717, "dmean2": 1.67996144295, "dmean": 1.07021474838, "var": 3.73754858971, "dvar": 1.77276444435, "mean": 2.62343382835}, "barkbands_skewness": {"min": -5.11204051971, "max": 21.5138320923, "dvar2": 2.39035820961, "median": 1.02356743813, "dmean2": 1.25181543827, "dmean": 0.823290705681, "var": 2.23860001564, "dvar": 1.07037580013, "mean": 1.227237463}, "silence_rate_60dB": {"min": 0, "max": 1, "dvar2": 0.186631724238, "median": 0, "dmean2": 0.209469437599, "dmean": 0.104724407196, "var": 0.231834575534, "dvar": 0.0937635749578, "mean": 0.365219950676}, "spectral_energyband_low": {"min": 3.07487126129e-23, "max": 0.133222103119, "dvar2": 0.000503286195453, "median": 0.000746586243622, "dmean2": 0.0103614544496, "dmean": 0.00646019494161, "var": 0.000338084995747, "dvar": 0.000259227119386, "mean": 0.00720657315105}, "spectral_energyband_middle_low": {"min": 1.86731757124e-22, "max": 0.047124337405, "dvar2": 4.58598588011e-05, "median": 0.00185854663141, "dmean2": 0.00356031674892, "dmean": 0.00223549734801, "var": 2.84100951831e-05, "dvar": 1.85861208593e-05, "mean": 0.00392739335075}, "melbands_kurtosis": {"min": -1.94157218933, "max": 692.33026123, "dvar2": 2168.84716797, "median": 5.65277385712, "dmean2": 18.0090579987, "dmean": 11.1681041718, "var": 1028.58984375, "dvar": 870.09765625, "mean": 13.5867929459}, "spectral_decrease": {"min": -4.22434744962e-08, "max": 1.41975210121e-28, "dvar2": 3.60169691916e-17, "median": -1.1169636327e-09, "dmean2": 3.18549076006e-09, "dmean": 2.18232831806e-09, "var": 3.79057037715e-17, "dvar": 2.10357638057e-17, "mean": -3.49653972442e-09}, "erbbands_kurtosis": {"min": -1.76504588127, "max": 63.9533615112, "dvar2": 6.71828651428, "median": -0.358504533768, "dmean2": 1.53443384171, "dmean": 0.968951821327, "var": 4.94122695923, "dvar": 2.95791816711, "mean": 0.149271830916}, "melbands_crest": {"min": 1.78682267666, "max": 34.23960495, "dvar2": 38.9447746277, "median": 12.8212547302, "dmean2": 7.50083208084, "dmean": 4.56486463547, "var": 37.9285888672, "dvar": 17.5009059906, "mean": 14.019618988}, "gfcc": {"cov": [[18335.5488281, -504.449859619, -1068.46520996, 691.587524414, -543.551086426, 175.354644775, -222.388259888, 154.745498657, -263.183319092, 77.8126373291, -267.506164551, 55.2247848511, -290.864501953], [-504.449859619, 1292.57043457, -12.7235088348, -162.697784424, 102.575950623, -89.3713912964, 57.4463386536, -70.7669219971, 54.5415458679, -23.1280021667, 74.7323532104, -64.7456893921, 76.1047134399], [-1068.46520996, -12.7235088348, 523.121582031, 128.848114014, 129.503387451, 104.42767334, 29.2142410278, 21.1468639374, 40.1203384399, 27.0774726868, 1.00660705566, 25.4934329987, 31.8857536316], [691.587524414, -162.697784424, 128.848114014, 431.905029297, 108.51335907, 81.0627670288, 57.4430847168, 45.8493118286, 25.4684562683, -11.8353977203, -49.0157623291, 3.92623639107, 9.99727916718], [-543.551086426, 102.575950623, 129.503387451, 108.51335907, 249.173370361, 70.8739776611, 75.080619812, 17.2077140808, 44.8367385864, 5.82660722733, -2.57979011536, 2.4398727417, 16.4710254669], [175.354644775, -89.3713912964, 104.42767334, 81.0627670288, 70.8739776611, 199.833755493, 88.42137146, 48.7189369202, 11.8031387329, 30.3038883209, -0.0867162644863, -5.3755607605, -7.11848640442], [-222.388259888, 57.4463386536, 29.2142410278, 57.4430847168, 75.080619812, 88.42137146, 184.31413269, 45.5583267212, 24.1822395325, 11.6314125061, 13.4185419083, -12.8823575974, -10.854259491], [154.745498657, -70.7669219971, 21.1468639374, 45.8493118286, 17.2077140808, 48.7189369202, 45.5583267212, 126.017471313, 58.0755844116, 27.3825721741, 6.51861524582, 2.14440274239, 3.67904233932], [-263.183319092, 54.5415458679, 40.1203384399, 25.4684562683, 44.8367385864, 11.8031387329, 24.1822395325, 58.0755844116, 114.107704163, 29.9490585327, 16.7142162323, -2.09350061417, 17.3011302948], [77.8126373291, -23.1280021667, 27.0774726868, -11.8353977203, 5.82660722733, 30.3038883209, 11.6314125061, 27.3825721741, 29.9490585327, 83.2450637817, 26.3042697906, 7.37012958527, -10.3382692337], [-267.506164551, 74.7323532104, 1.00660705566, -49.0157623291, -2.57979011536, -0.0867162644863, 13.4185419083, 6.51861524582, 16.7142162323, 26.3042697906, 81.5523986816, 16.0155010223, 13.4668865204], [55.2247848511, -64.7456893921, 25.4934329987, 3.92623639107, 2.4398727417, -5.3755607605, -12.8823575974, 2.14440274239, -2.09350061417, 7.37012958527, 16.0155010223, 69.1650924683, 19.6729335785], [-290.864501953, 76.1047134399, 31.8857536316, 9.99727916718, 16.4710254669, -7.11848640442, -10.854259491, 3.67904233932, 17.3011302948, -10.3382692337, 13.4668865204, 19.6729335785, 73.9521865845]], "icov": [[0.000115708899102, -0.000151487649418, 0.000297399383271, -0.000340112746926, 0.000264629954472, -0.000330097071128, 0.00031417698483, -0.000255785998888, 0.000239849643549, -0.000244183582254, 0.000331202201778, -0.000470569561003, 0.000471490289783], [-0.000151487649418, 0.0014366483083, -0.000421136530349, 0.000889160030056, -0.000936843978707, 0.00112122693099, -0.00107889052015, 0.00117198575754, -0.000785127689596, 0.000475032924442, -0.00132043438498, 0.00226046377793, -0.00202377163805], [0.000297399383271, -0.000421136530349, 0.0033046179451, -0.00128331687301, -0.000161111645866, -0.00199495838024, 0.00132451893296, -0.000232827282161, 0.000162642478244, -0.00115130236372, 0.000969530781731, -0.00192206574138, 0.000537352927495], [-0.000340112746926, 0.000889160030056, -0.00128331687301, 0.00427653407678, -0.00177645590156, 0.000683946360368, -0.00151685671881, 0.000277860584902, -0.00100669986568, 0.00134449673351, 0.000670464069117, 0.00143664842471, -0.00213331659324], [0.000264629954472, -0.000936843978707, -0.000161111645866, -0.00177645590156, 0.00682770647109, -0.00196380191483, -0.000790383841377, 0.000583244778682, -0.00148110615555, -0.000190405335161, 0.00157421594486, -0.00218115746975, 0.00107325415593], [-0.000330097071128, 0.00112122693099, -0.00199495838024, 0.000683946360368, -0.00196380191483, 0.00949843041599, -0.00405662041157, -0.00101744092535, 0.00141075474676, -0.00180161930621, -0.00095417315606, 0.00315302656963, -0.00212450744584], [0.00031417698483, -0.00107889052015, 0.00132451893296, -0.00151685671881, -0.000790383841377, -0.00405662041157, 0.0094812810421, -0.00291323848069, 0.000767154851928, 0.000496496562846, -0.000999300274998, -0.000921755214222, 0.00361917284317], [-0.000255785998888, 0.00117198575754, -0.000232827282161, 0.000277860584902, 0.000583244778682, -0.00101744092535, -0.00291323848069, 0.0136683564633, -0.006990397349, -0.000748206861317, -0.000491930055432, 0.000884612207301, -0.00209966767579], [0.000239849643549, -0.000785127689596, 0.000162642478244, -0.00100669986568, -0.00148110615555, 0.00141075474676, 0.000767154851928, -0.006990397349, 0.0151994777843, -0.00453338027, -0.000301952735754, 0.00108297832776, -0.00167943467386], [-0.000244183582254, 0.000475032924442, -0.00115130236372, 0.00134449673351, -0.000190405335161, -0.00180161930621, 0.000496496562846, -0.000748206861317, -0.00453338027, 0.0177284181118, -0.00567961251363, -0.000771637598518, 0.00362296588719], [0.000331202201778, -0.00132043438498, 0.000969530781731, 0.000670464069117, 0.00157421594486, -0.00095417315606, -0.000999300274998, -0.000491930055432, -0.000301952735754, -0.00567961251363, 0.018353594467, -0.00556684983894, -0.000996476272121], [-0.000470569561003, 0.00226046377793, -0.00192206574138, 0.00143664842471, -0.00218115746975, 0.00315302656963, -0.000921755214222, 0.000884612207301, 0.00108297832776, -0.000771637598518, -0.00556684983894, 0.0213691797107, -0.00796473119408], [0.000471490289783, -0.00202377163805, 0.000537352927495, -0.00213331659324, 0.00107325415593, -0.00212450744584, 0.00361917284317, -0.00209966767579, -0.00167943467386, 0.00362296588719, -0.000996476272121, -0.00796473119408, 0.0209078267217]], "mean": [-57.6026420593, 59.8493614197, -111.502670288, 35.1383934021, -56.8996238708, 6.62009239197, -34.933216095, 4.74352741241, -22.6031665802, 4.79250860214, -19.2908363342, -0.846821904182, -16.8388156891]}, "melbands_spread": {"min": 0.374433457851, "max": 317.423675537, "dvar2": 967.841918945, "median": 29.6201953888, "dmean2": 26.9775009155, "dmean": 17.2251930237, "var": 1036.60290527, "dvar": 448.009643555, "mean": 38.2642250061}, "spectral_energy": {"min": 9.74180866382e-21, "max": 0.166413411498, "dvar2": 0.000517062784638, "median": 0.00479920534417, "dmean2": 0.0123469335958, "dmean": 0.00862875953317, "var": 0.000604010943789, "dvar": 0.000310066330712, "mean": 0.0144363958389}, "mfcc": {"cov": [[12594.2539062, -308.114135742, -540.516662598, 490.588531494, -303.004669189, 102.940086365, -14.1221532822, 142.760269165, -56.6019515991, 139.231079102, -144.625930786, 205.787200928, -156.690261841], [-308.114135742, 1153.82971191, -0.855850696564, -94.0247879028, 21.161655426, -27.022403717, 10.3919153214, -68.9141769409, -17.9792861938, -12.0566501617, 20.9087791443, -25.8785133362, 41.7501831055], [-540.516662598, -0.855850696564, 362.94354248, 51.613243103, 88.2547683716, 56.2691268921, 17.329410553, 10.2474327087, 40.4069976807, -14.4480895996, 31.2739391327, -9.82665348053, 22.5162715912], [490.588531494, -94.0247879028, 51.613243103, 321.427947998, 82.7161178589, 74.4217758179, 21.4115505219, 56.2735595703, 67.487411499, 5.15370130539, -19.8649482727, 23.1254177094, 6.69653892517], [-303.004669189, 21.161655426, 88.2547683716, 82.7161178589, 202.075088501, 52.8876724243, 2.20214962959, 20.94688797, 53.4671363831, 4.90142726898, 8.6352519989, 0.973033607006, 12.4146127701], [102.940086365, -27.022403717, 56.2691268921, 74.4217758179, 52.8876724243, 176.740310669, 87.3004760742, 41.3307571411, 39.7014465332, 20.0645484924, 28.0322647095, -4.61794185638, 1.68276274204], [-14.1221532822, 10.3919153214, 17.329410553, 21.4115505219, 2.20214962959, 87.3004760742, 141.239944458, 53.7556724548, 23.3857936859, 27.3506679535, 32.5186500549, 2.59121966362, -2.84788799286], [142.760269165, -68.9141769409, 10.2474327087, 56.2735595703, 20.94688797, 41.3307571411, 53.7556724548, 104.05229187, 56.6272697449, 20.7121601105, 14.8232297897, 17.0928993225, 2.27845883369], [-56.6019515991, -17.9792861938, 40.4069976807, 67.487411499, 53.4671363831, 39.7014465332, 23.3857936859, 56.6272697449, 118.627746582, 34.8122673035, 26.7979049683, 13.6505908966, 18.4346923828], [139.231079102, -12.0566501617, -14.4480895996, 5.15370130539, 4.90142726898, 20.0645484924, 27.3506679535, 20.7121601105, 34.8122673035, 100.604408264, 27.9342670441, 14.4216623306, -5.20574474335], [-144.625930786, 20.9087791443, 31.2739391327, -19.8649482727, 8.6352519989, 28.0322647095, 32.5186500549, 14.8232297897, 26.7979049683, 27.9342670441, 121.064453125, -3.13621997833, 13.3429794312], [205.787200928, -25.8785133362, -9.82665348053, 23.1254177094, 0.973033607006, -4.61794185638, 2.59121966362, 17.0928993225, 13.6505908966, 14.4216623306, -3.13621997833, 126.811752319, 4.83311462402], [-156.690261841, 41.7501831055, 22.5162715912, 6.69653892517, 12.4146127701, 1.68276274204, -2.84788799286, 2.27845883369, 18.4346923828, -5.20574474335, 13.3429794312, 4.83311462402, 92.9437942505]], "icov": [[0.000107285857666, -1.5037522644e-05, 0.000120905984659, -0.000208405821468, 0.00020376368775, -0.000159185801749, 0.000191248618648, -0.000182549716556, 0.00017098186072, -0.000162561729667, 4.23615747422e-05, -0.000119767792057, 0.000116477865959], [-1.5037522644e-05, 0.00097140786238, 5.15035135322e-05, 0.000243775575655, -0.000315282231895, 0.000280562846456, -0.00060746318195, 0.000902264087927, -0.000248238269705, 0.000139411757118, -7.53985732445e-05, 0.000111125496915, -0.000433355278801], [0.000120905984659, 5.15035135322e-05, 0.00346457399428, -0.000342947663739, -0.000885944522452, -0.000726965605281, 3.51961680281e-05, 0.000375105795683, -0.00050574564375, 0.00080134475138, -0.000682076031808, 3.10551658913e-05, -0.000269033334916], [-0.000208405821468, 0.000243775575655, -0.000342947663739, 0.0047393492423, -0.0013525262475, -0.00110767409205, 0.000148489445564, -0.000764912809245, -0.00173771637492, 0.000718260824215, 0.00122326461133, -0.000286837224849, -0.000271021359367], [0.00020376368775, -0.000315282231895, -0.000885944522452, -0.0013525262475, 0.00717310933396, -0.00193340214901, 0.00186696869787, -0.000376814801712, -0.00165028043557, -0.000216767657548, 0.000171142150066, -0.000132355839014, 0.000238035936491], [-0.000159185801749, 0.000280562846456, -0.000726965605281, -0.00110767409205, -0.00193340214901, 0.0102171879262, -0.00618207035586, 0.00105208880268, -0.000962500926107, 0.000128452156787, -0.000718988478184, 0.000904868764337, -2.61632885667e-05], [0.000191248618648, -0.00060746318195, 3.51961680281e-05, 0.000148489445564, 0.00186696869787, -0.00618207035586, 0.0136659061536, -0.00636617140844, 0.00227768789046, -0.0019449882675, -0.00137782027014, -0.00020252680406, 0.000661049096379], [-0.000182549716556, 0.000902264087927, 0.000375105795683, -0.000764912809245, -0.000376814801712, 0.00105208880268, -0.00636617140844, 0.0176527500153, -0.00722319632769, 0.000978016410954, 6.56976990285e-05, -0.000898098165635, 0.000179376496817], [0.00017098186072, -0.000248238269705, -0.00050574564375, -0.00173771637492, -0.00165028043557, -0.000962500926107, 0.00227768789046, -0.00722319632769, 0.0156091302633, -0.00412389403209, -0.00159121875186, -0.00032203932642, -0.00194954837207], [-0.000162561729667, 0.000139411757118, 0.00080134475138, 0.000718260824215, -0.000216767657548, 0.000128452156787, -0.0019449882675, 0.000978016410954, -0.00412389403209, 0.0127923572436, -0.00212086667307, -0.000973365968093, 0.00125001906417], [4.23615747422e-05, -7.53985732445e-05, -0.000682076031808, 0.00122326461133, 0.000171142150066, -0.000718988478184, -0.00137782027014, 6.56976990285e-05, -0.00159121875186, -0.00212086667307, 0.0101947085932, 0.000340401049471, -0.00115571648348], [-0.000119767792057, 0.000111125496915, 3.10551658913e-05, -0.000286837224849, -0.000132355839014, 0.000904868764337, -0.00020252680406, -0.000898098165635, -0.00032203932642, -0.000973365968093, 0.000340401049471, 0.00849718321115, -0.00070294784382], [0.000116477865959, -0.000433355278801, -0.000269033334916, -0.000271021359367, 0.000238035936491, -2.61632885667e-05, 0.000661049096379, 0.000179376496817, -0.00194954837207, 0.00125001906417, -0.00115571648348, -0.00070294784382, 0.0118786161765]], "mean": [-698.124389648, 93.0295333862, 0.983962953091, 27.8269176483, 0.336875975132, 5.92858552933, -3.15482926369, -0.229501992464, -0.803662538528, 1.04502165318, 4.2582154274, -5.6405210495, 1.90068280697]}, "spectral_contrast_valleys": {"min": [-28.0742340088, -27.9183883667, -27.7460269928, -27.5643310547, -27.4352970123, -27.4253406525], "max": [-5.41197872162, -4.89899587631, -5.25413703918, -5.50799417496, -5.21954965591, -7.5253238678], "dvar2": [0.55597114563, 0.494038581848, 0.538200974464, 0.331923097372, 0.645970821381, 0.381603986025], "median": [-7.99602460861, -7.20950841904, -7.85268115997, -8.04259586334, -7.77822208405, -10.3620910645], "dmean2": [0.833372592926, 0.720232605934, 0.689733445644, 0.589758276939, 0.671435773373, 0.553407669067], "dmean": [0.529814302921, 0.458350867033, 0.4446618855, 0.418526768684, 0.492202877998, 0.432519763708], "var": [3.11055064201, 3.06311440468, 2.95188856125, 2.96109271049, 3.29794955254, 2.88659453392], "dvar": [0.278677642345, 0.238246649504, 0.260296583176, 0.193329155445, 0.321506381035, 0.20452041924], "mean": [-8.18068218231, -7.48026561737, -8.03726959229, -8.23697471619, -7.92690324783, -10.5753259659]}, "barkbands_flatness_db": {"min": 0.0184499025345, "max": 0.408605217934, "dvar2": 0.00164306175429, "median": 0.0802171900868, "dmean2": 0.0408892557025, "dmean": 0.0268779341131, "var": 0.00274960347451, "dvar": 0.000772448664065, "mean": 0.0943375453353}, "dynamic_complexity": 5.85184335709, "erbbands_flatness_db": {"min": 0.0271623190492, "max": 0.410215109587, "dvar2": 0.000490643200465, "median": 0.121258832514, "dmean2": 0.024339037016, "dmean": 0.0160125829279, "var": 0.0