{"lowlevel": {"spectral_complexity": {"min": 0, "max": 66, "dvar2": 50.6308326721, "median": 14, "dmean2": 5.46106910706, "dmean": 3.50737714767, "var": 178.500289917, "dvar": 23.5798854828, "mean": 17.6682052612}, "silence_rate_20dB": {"min": 1, "max": 1, "dvar2": 0, "median": 1, "dmean2": 0, "dmean": 0, "var": 0, "dvar": 0, "mean": 1}, "average_loudness": 0.694770395756, "erbbands_spread": {"min": 1.90101981163, "max": 179.827011108, "dvar2": 328.777099609, "median": 33.971157074, "dmean2": 14.77967453, "dmean": 9.36648273468, "var": 418.293518066, "dvar": 135.101455688, "mean": 38.1808700562}, "spectral_kurtosis": {"min": -1.47502267361, "max": 138.51361084, "dvar2": 29.7456283569, "median": 2.93935060501, "dmean2": 2.72184848785, "dmean": 1.68413925171, "var": 51.7480354309, "dvar": 12.7008275986, "mean": 4.65991163254}, "barkbands_kurtosis": {"min": -1.9464982748, "max": 2032.05163574, "dvar2": 1127.83166504, "median": 0.722269296646, "dmean2": 8.34523677826, "dmean": 5.11732959747, "var": 1186.56298828, "dvar": 526.92755127, "mean": 6.71215581894}, "spectral_strongpeak": {"min": 0, "max": 17.076253891, "dvar2": 2.63472247124, "median": 0.31415489316, "dmean2": 0.690106868744, "dmean": 0.39987462759, "var": 1.36129117012, "dvar": 1.01174938679, "mean": 0.641379356384}, "spectral_spread": {"min": 680901.0625, "max": 19578152, "dvar2": 1510559580160.0, "median": 4572557.5, "dmean2": 882922.6875, "dmean": 598575.25, "var": 3214379581440.0, "dvar": 761909673984, "mean": 4782980.5}, "spectral_rms": {"min": 1.78412747687e-07, "max": 0.01393226441, "dvar2": 4.16902230427e-06, "median": 0.00376361631788, "dmean2": 0.00132574816234, "dmean": 0.000819566252176, "var": 4.88415844302e-06, "dvar": 1.60585170761e-06, "mean": 0.00405447697267}, "erbbands": {"min": [3.56141310887e-10, 1.334370614e-09, 2.36008612653e-09, 2.83424750336e-09, 4.31443147875e-09, 5.84792880787e-09, 5.37053157501e-09, 7.60461915661e-09, 1.01016022214e-08, 2.51142804331e-08, 3.50843123442e-08, 1.56753170444e-08, 1.74713097323e-08, 3.49619853068e-08, 5.26981942528e-08, 4.66517597886e-08, 6.97035176245e-08, 3.37162653352e-08, 1.10834115219e-08, 1.67742939539e-08, 1.07689821505e-08, 7.57733875645e-09, 8.20033729809e-09, 3.4984730668e-09, 5.86027937288e-09, 1.79715520243e-09, 2.59936894231e-09, 4.54561766006e-09, 2.14909912089e-09, 1.97311611494e-09, 3.50799322923e-09, 1.54733104107e-09, 1.80460046906e-09, 2.19028151172e-09, 6.96282254076e-10, 3.1029129266e-10, 2.52695642189e-10, 1.12403683583e-10, 8.39582015022e-11, 2.65547497186e-11], "max": [2.98863935471, 43.4069671631, 109.982879639, 299.936553955, 216.388748169, 179.882461548, 115.749671936, 125.146621704, 201.238128662, 400.051025391, 474.316986084, 456.896911621, 554.016540527, 494.410369873, 527.601806641, 941.051147461, 1140.24255371, 1232.23168945, 2284.86645508, 1041.61328125, 1424.84130859, 1366.04541016, 2043.94262695, 966.434936523, 720.907592773, 598.366943359, 912.377197266, 729.349243164, 423.371551514, 575.191650391, 340.548095703, 286.672851562, 186.551254272, 85.2781143188, 48.7684173584, 27.3988895416, 5.99459314346, 1.56837797165, 0.208749890327, 0.0134779652581], "dvar2": [0.140619188547, 36.6489830017, 257.470336914, 228.291046143, 149.794952393, 291.984405518, 93.2254714966, 68.1027297974, 110.334999084, 631.581604004, 765.262695312, 346.658691406, 494.513885498, 551.837219238, 678.719543457, 1745.45690918, 1361.74682617, 3998.53930664, 5458.97753906, 1984.87854004, 3001.50634766, 2300.12597656, 3359.51782227, 1930.1060791, 1933.7869873, 2528.13867188, 2479.03930664, 2012.45214844, 848.219970703, 666.588684082, 240.683456421, 178.410415649, 56.6578216553, 15.2904024124, 2.94217061996, 0.594329893589, 0.109880000353, 0.0113806575537, 0.000143495955854, 4.40046022732e-07], "median": [0.0867691189051, 0.733748912811, 1.10077297688, 1.05958485603, 1.96745109558, 2.48768877983, 2.00445508957, 1.48481631279, 1.8193385601, 2.63151788712, 2.82822799683, 2.75446152687, 4.08382320404, 4.81699514389, 5.35974359512, 5.61398744583, 6.33270072937, 7.94033670425, 8.29851913452, 5.60037946701, 6.2129535675, 5.92864227295, 5.60136461258, 6.60108613968, 6.57063484192, 5.35017490387, 3.22060012817, 3.33629560471, 3.27979230881, 2.08137440681, 1.05086874962, 0.807236015797, 0.456330865622, 0.185234889388, 0.0789070129395, 0.0313221365213, 0.00816768594086, 0.00118390389252, 0.000106539446278, 2.74050653388e-05], "dmean2": [0.169394090772, 2.4545648098, 6.23439407349, 5.15713691711, 5.23690748215, 6.36373567581, 4.60835599899, 3.69345736504, 4.29480981827, 9.19875240326, 9.74430465698, 7.50259494781, 9.42426109314, 11.2034397125, 12.4938077927, 17.0222759247, 16.6394634247, 27.5898342133, 25.9412155151, 18.8279800415, 22.5625991821, 18.8681678772, 17.682718277, 19.1311092377, 20.4427146912, 20.8366260529, 18.0469017029, 16.5921096802, 12.4696159363, 9.08903884888, 5.32920789719, 4.32568454742, 2.47926068306, 1.20873558521, 0.550032913685, 0.244230598211, 0.111067734659, 0.0329063348472, 0.00368637032807, 0.000211072998354], "dmean": [0.0998034849763, 1.4235752821, 3.53621935844, 2.99366021156, 3.06500530243, 3.70499491692, 2.7300620079, 2.20948767662, 2.67210149765, 5.87998533249, 6.46571207047, 4.88695287704, 6.08653879166, 7.04562282562, 7.7106256485, 10.7989864349, 10.4173212051, 16.7103729248, 16.3053436279, 11.6308546066, 13.9518527985, 11.7926445007, 10.8705568314, 11.5905790329, 12.5892763138, 12.6427116394, 10.9813318253, 10.4366197586, 7.85573959351, 5.98658561707, 3.61540365219, 2.88300848007, 1.6616922617, 0.810093462467, 0.376701325178, 0.167794078588, 0.0728074386716, 0.021068431437, 0.00235572294332, 0.00013519442291], "var": [0.0573244132102, 13.5767822266, 79.0672988892, 102.064682007, 52.4574432373, 85.312286377, 41.0716934204, 37.9359321594, 78.5422821045, 482.568817139, 756.69909668, 466.779083252, 622.134521484, 542.074645996, 583.90045166, 1936.90625, 1244.30407715, 2791.80688477, 5512.96777344, 1793.0333252, 2417.12841797, 1812.69421387, 2311.04443359, 1459.92480469, 1707.99023438, 1901.04846191, 1829.67663574, 1923.69604492, 1011.15533447, 783.320251465, 260.218811035, 161.888275146, 54.9100990295, 12.3855171204, 3.02361989021, 0.703588783741, 0.108782343566, 0.00877340789884, 0.000117061019409, 3.73421784161e-07], "dvar": [0.0481847561896, 12.8645524979, 90.7303619385, 88.6110534668, 57.0061416626, 106.039024353, 34.4964561462, 26.1384601593, 45.6376228333, 259.769195557, 326.476074219, 154.707855225, 219.909210205, 239.462310791, 279.592041016, 778.719360352, 591.237060547, 1515.5447998, 2427.08374023, 811.463134766, 1240.97595215, 988.576599121, 1449.94580078, 752.561096191, 766.658203125, 961.607055664, 954.66192627, 856.79864502, 363.419647217, 300.583740234, 111.022506714, 80.0194549561, 26.2966842651, 6.70933771133, 1.41769659519, 0.288989037275, 0.0531499236822, 0.00519328936934, 6.70738736517e-05, 2.0554229252e-07], "mean": [0.1634863168, 2.10466194153, 4.07084608078, 3.66925621033, 3.87626123428, 4.71765232086, 4.11274147034, 3.35643386841, 4.46835851669, 9.85848236084, 11.6844091415, 9.01457214355, 11.1519708633, 11.9916820526, 12.7794008255, 18.1449928284, 17.7504692078, 27.3567008972, 27.1877040863, 20.0224113464, 24.0276527405, 20.32853508, 18.4989395142, 21.3695964813, 23.4578304291, 22.9021759033, 20.2060222626, 19.4514064789, 15.8570127487, 12.1014356613, 7.17224502563, 5.50465869904, 3.16512656212, 1.45847022533, 0.673542141914, 0.294240504503, 0.10728610307, 0.0273151900619, 0.0030664424412, 0.000194530017325]}, "zerocrossingrate": {"min": 0.0029296875, "max": 0.4189453125, "dvar2": 0.000334166223183, "median": 0.064453125, "dmean2": 0.0149134276435, "dmean": 0.0126004135236, "var": 0.00234926864505, "dvar": 0.000285246642306, "mean": 0.073182143271}, "spectral_contrast_coeffs": {"min": [-0.989432215691, -0.958713948727, -0.948928236961, -0.928049087524, -0.949225246906, -0.917278826237], "max": [-0.324864298105, -0.460435599089, -0.503321588039, -0.501834750175, -0.54974013567, -0.547083973885], "dvar2": [0.00465975748375, 0.00319746276364, 0.00217315368354, 0.00186274072621, 0.00101027812343, 0.000966228719335], "median": [-0.697333216667, -0.760153770447, -0.774403870106, -0.769581794739, -0.785279631615, -0.749111950397], "dmean2": [0.0800371542573, 0.0696501731873, 0.0600146353245, 0.0532136671245, 0.0380305610597, 0.0320865213871], "dmean": [0.0474189296365, 0.0426399707794, 0.036986682564, 0.0330074056983, 0.0238295607269, 0.0207620859146], "var": [0.00578614231199, 0.00466611748561, 0.00339176738635, 0.0035035056062, 0.00243035564199, 0.00383643549867], "dvar": [0.00171351106837, 0.00124333880376, 0.000876700330991, 0.000750421895646, 0.000428819737863, 0.000444462144515], "mean": [-0.685618102551, -0.752090811729, -0.768837749958, -0.767113685608, -0.782133340836, -0.75001257658]}, "dissonance": {"min": 0.180223837495, "max": 0.500000119209, "dvar2": 0.000970822118688, "median": 0.477755963802, "dmean2": 0.0287545621395, "dmean": 0.0171359684318, "var": 0.00097452965565, "dvar": 0.000371062254999, "mean": 0.467081397772}, "spectral_energyband_high": {"min": 1.56027751483e-12, "max": 0.0411949381232, "dvar2": 7.77405784902e-06, "median": 0.000400992867071, "dmean2": 0.00114166922867, "dmean": 0.000777012319304, "var": 1.25854003272e-05, "dvar": 3.66913536709e-06, "mean": 0.00187322788406}, "spectral_skewness": {"min": -0.622177004814, "max": 9.392329216, "dvar2": 0.200033992529, "median": 1.22318458557, "dmean2": 0.352130621672, "dmean": 0.227194577456, "var": 0.61721020937, "dvar": 0.091811157763, "mean": 1.44011545181}, "spectral_flux": {"min": 5.43836067664e-05, "max": 0.390945583582, "dvar2": 0.00277816737071, "median": 0.0607450976968, "dmean2": 0.035683773458, "dmean": 0.0226229634136, "var": 0.00298772705719, "dvar": 0.00128912529908, "mean": 0.0726938992739}, "silence_rate_30dB": {"min": 0, "max": 1, "dvar2": 0.0304715614766, "median": 1, "dmean2": 0.022716416046, "dmean": 0.0113576054573, "var": 0.00737562216818, "dvar": 0.0112244999036, "mean": 0.992570161819}, "spectral_energyband_middle_high": {"min": 5.78479972257e-12, "max": 0.0469805188477, "dvar2": 1.25776459754e-05, "median": 0.00222075148486, "dmean2": 0.00216026348062, "dmean": 0.00137489067856, "var": 2.53115103988e-05, "dvar": 5.25097993886e-06, "mean": 0.00418933713809}, "barkbands_spread": {"min": 0.0761080905795, "max": 115.403015137, "dvar2": 209.796264648, "median": 25.8128051758, "dmean2": 11.6406030655, "dmean": 7.38872098923, "var": 449.077484131, "dvar": 97.8827133179, "mean": 30.4889945984}, "spectral_centroid": {"min": 93.2630691528, "max": 7540.16259766, "dvar2": 291506.34375, "median": 1702.01123047, "dmean2": 446.650756836, "dmean": 287.859802246, "var": 927534.4375, "dvar": 136132.140625, "mean": 1753.78808594}, "pitch_salience": {"min": 0.0348077043891, "max": 0.927769005299, "dvar2": 0.01359927468, "median": 0.496969968081, "dmean2": 0.123882114887, "dmean": 0.0750988945365, "var": 0.0168916005641, "dvar": 0.00500636175275, "mean": 0.487983882427}, "erbbands_skewness": {"min": -5.77255630493, "max": 7.08631277084, "dvar2": 0.318109631538, "median": -0.109503611922, "dmean2": 0.579856932163, "dmean": 0.376746743917, "var": 0.855531573296, "dvar": 0.144458994269, "mean": -0.0110238287598}, "erbbands_crest": {"min": 2.36505842209, "max": 32.0625724792, "dvar2": 16.7675857544, "median": 7.78601741791, "dmean2": 4.37572288513, "dmean": 2.67630124092, "var": 18.5438480377, "dvar": 6.63016080856, "mean": 8.87010860443}, "melbands": {"min": [3.06275794656e-12, 1.43509141202e-12, 5.36154996268e-13, 3.79472982984e-13, 2.04804638418e-13, 1.68890549874e-13, 1.6130742304e-13, 3.08675584008e-13, 2.65185063578e-13, 8.8258624042e-14, 8.67072188246e-14, 1.35263490946e-13, 1.72533902855e-13, 1.41857459481e-13, 1.21603844615e-13, 1.51293108358e-13, 5.06234187599e-14, 1.61507126303e-14, 1.97512684241e-14, 2.15728280237e-14, 1.05452120628e-14, 7.19866959147e-15, 8.65337329244e-15, 5.23057371545e-15, 2.30170107285e-15, 4.98646856093e-15, 2.30629940296e-15, 1.06748248326e-15, 1.83517417198e-15, 2.11291415781e-15, 2.66040660876e-15, 1.48025296752e-15, 5.84316731878e-16, 1.38168204939e-15, 2.63896926365e-15, 8.80959899045e-16, 8.86357510622e-16, 1.16270497428e-15, 1.68538931251e-15, 1.83527158077e-15], "max": [0.0355636179447, 0.0489125065506, 0.0418104417622, 0.0125722922385, 0.00424213986844, 0.00256746355444, 0.00276188459247, 0.00481839524582, 0.00328371324576, 0.00333811668679, 0.00279033440165, 0.00207517226227, 0.00140944449231, 0.00260625360534, 0.00188582122792, 0.00344066694379, 0.00277985399589, 0.00320301414467, 0.00184407597408, 0.00157098926138, 0.00157852214761, 0.00204137503169, 0.00231904629618, 0.00109371880535, 0.000897553865798, 0.000590406998526, 0.000767781748436, 0.000516807311215, 0.000443937839009, 0.000609600567259, 0.000590473471675, 0.00030029725167, 0.000334904209012, 0.000408464926295, 0.000220122397877, 0.000146842212416, 0.000194004620425, 0.000126582322991, 0.000139676980325, 6.88911386533e-05], "dvar2": [2.31017875194e-05, 6.62403253955e-05, 5.45127113583e-06, 1.22492656374e-06, 1.5617563065e-07, 3.17223332047e-08, 3.02104865568e-08, 8.26904553719e-08, 4.17209520265e-08, 1.48166394709e-08, 1.26734978068e-08, 9.2605967339e-09, 6.73930689032e-09, 9.76840031086e-09, 5.61633139995e-09, 1.03297566056e-08, 2.0447343374e-08, 1.29022845741e-08, 8.12977596354e-09, 8.82282336079e-09, 5.45791856155e-09, 4.71677630287e-09, 2.92929480672e-09, 1.64121194413e-09, 1.67578118049e-09, 1.30621913286e-09, 1.54432466815e-09, 1.41338618587e-09, 1.04782249544e-09, 1.06569031377e-09, 7.82118259046e-10, 3.70346725509e-10, 2.38619735082e-10, 2.59420540605e-10, 1.01491252902e-10, 6.3622454527e-11, 8.74463973455e-11, 3.17242100645e-11, 2.1794815952e-11, 1.03316070976e-11], "median": [0.000897573190741, 0.000782971037552, 0.000229761673836, 0.000175983077497, 8.44308451633e-05, 3.41632367054e-05, 2.72908637271e-05, 2.99860766972e-05, 2.0097124434e-05, 1.56418900588e-05, 1.89344009414e-05, 1.72829841176e-05, 1.52440861712e-05, 1.58393886522e-05, 1.09139582491e-05, 1.19654669106e-05, 1.15376788017e-05, 1.22099663713e-05, 7.22601316738e-06, 5.70687143409e-06, 6.66886444378e-06, 5.8782970882e-06, 4.3613622438e-06, 4.61254012407e-06, 4.90448974233e-06, 4.22449738835e-06, 4.1077505557e-06, 3.12550969284e-06, 1.79882829343e-06, 1.80272024863e-06, 1.78497123215e-06, 1.85338183201e-06, 1.39312203373e-06, 9.09435982521e-07, 5.59427064672e-07, 4.95630729347e-07, 4.64762052843e-07, 3.22354082982e-07, 2.27881471915e-07, 1.18703056273e-07], "dmean2": [0.00206311023794, 0.00328349322081, 0.000862762797624, 0.000426440674346, 0.000179235343239, 8.17714317236e-05, 7.10691529093e-05, 0.000105556464405, 7.377199654e-05, 4.78475922137e-05, 4.75588094559e-05, 4.55983608845e-05, 3.96787909267e-05, 4.49222061434e-05, 3.0838760722e-05, 4.35607071267e-05, 5.97997786826e-05, 4.12302506447e-05, 3.23229760397e-05, 3.41843078786e-05, 2.90303632937e-05, 2.52346089837e-05, 1.69805698533e-05, 1.51056283357e-05, 1.72016079887e-05, 1.56760634127e-05, 1.7098209355e-05, 1.50515743371e-05, 1.18059297165e-05, 1.18507514344e-05, 1.02980302472e-05, 8.15853218228e-06, 6.19352931608e-06, 5.11894677402e-06, 3.45295370607e-06, 2.7453409075e-06, 2.90987964036e-06, 1.845389761e-06, 1.50968082835e-06, 9.9578960544e-07], "dmean": [0.00121387606487, 0.00188222050201, 0.000501724192873, 0.000250523647992, 0.000105433253339, 4.90001002618e-05, 4.41807314928e-05, 6.79133881931e-05, 4.89571903017e-05, 3.11823096126e-05, 3.06819092657e-05, 2.87258390017e-05, 2.43665181188e-05, 2.85528676613e-05, 1.9316228645e-05, 2.71138815151e-05, 3.58222714567e-05, 2.58393592958e-05, 2.01027451112e-05, 2.07728880923e-05, 1.80476963578e-05, 1.56938749569e-05, 1.04292339529e-05, 9.22656272451e-06, 1.03671591205e-05, 9.51136917138e-06, 1.04479058791e-05, 9.03461113921e-06, 7.1170488809e-06, 7.2281472967e-06, 6.42839904685e-06, 5.04033278048e-06, 3.9212518459e-06, 3.35912159244e-06, 2.27495138461e-06, 1.82875351129e-06, 1.89618378954e-06, 1.23506094951e-06, 9.79122091849e-07, 6.56389261167e-07], "var": [9.72014095169e-06, 2.18957011384e-05, 2.4030791792e-06, 3.92242810676e-07, 5.87816373354e-08, 1.77407173396e-08, 2.15568647377e-08, 6.94060773299e-08, 4.09873948115e-08, 2.08048671624e-08, 1.57508299736e-08, 9.00779895119e-09, 5.70194647054e-09, 1.21165166789e-08, 4.39767378069e-09, 9.73405356319e-09, 1.30228929862e-08, 1.25358452507e-08, 6.67863409021e-09, 5.49544809658e-09, 4.23803481198e-09, 3.54468721042e-09, 1.90529281241e-09, 1.11056674967e-09, 1.14487375136e-09, 9.38226163427e-10, 1.22480892095e-09, 8.96937579764e-10, 6.91005974662e-10, 7.96982646545e-10, 6.76919298392e-10, 3.5578609503e-10, 2.67027067125e-10, 2.49025633448e-10, 9.61628207619e-11, 6.08873090835e-11, 6.65376295728e-11, 2.99141232618e-11, 1.69803476835e-11, 7.5375712616e-12], "dvar": [8.12445159681e-06, 2.33805312746e-05, 2.10201892514e-06, 4.60574199224e-07, 5.66429925186e-08, 1.21898917627e-08, 1.23457715162e-08, 3.43207453568e-08, 1.80070873768e-08, 6.63591581684e-09, 5.63932811559e-09, 4.03356859024e-09, 2.77317191433e-09, 4.42771064257e-09, 2.27549579179e-09, 4.58549775928e-09, 7.67939134505e-09, 5.7186824165e-09, 3.36445893367e-09, 3.38261907373e-09, 2.28017738024e-09, 2.0755901442e-09, 1.27154442531e-09, 6.68764266187e-10, 6.53248399818e-10, 5.08238340302e-10, 6.18024798005e-10, 5.27334675926e-10, 3.94447530194e-10, 4.25555812811e-10, 3.3046271275e-10, 1.5140436127e-10, 1.01624000881e-10, 1.13197021201e-10, 4.52777849935e-11, 2.85093337826e-11, 3.79712962462e-11, 1.47626216807e-11, 9.46398948792e-12, 4.43344232853e-12], "mean": [0.00198080646805, 0.00248234835453, 0.000641531019937, 0.000322105071973, 0.000156760477694, 7.557443314e-05, 7.28624145268e-05, 0.000117645846331, 8.52540615597e-05, 5.58863248443e-05, 5.42808920727e-05, 4.67986465083e-05, 3.81833451684e-05, 4.83493240608e-05, 3.20205072057e-05, 4.26922233601e-05, 5.32292397111e-05, 4.10639840993e-05, 3.16508303513e-05, 2.99204912153e-05, 2.92009990517e-05, 2.43463782681e-05, 1.63171207532e-05, 1.51522644956e-05, 1.74651449925e-05, 1.60021245392e-05, 1.76871453732e-05, 1.47254831973e-05, 1.22053525047e-05, 1.22666069728e-05, 1.10346882138e-05, 9.27901965042e-06, 7.59739850764e-06, 6.26441078566e-06, 4.19775551563e-06, 3.43651868207e-06, 3.3339622405e-06, 2.25305552704e-06, 1.71072338162e-06, 1.09445011276e-06]}, "spectral_entropy": {"min": 5.13007545471, "max": 8.85650730133, "dvar2": 0.078281365335, "median": 7.70961856842, "dmean2": 0.241458877921, "dmean": 0.164214774966, "var": 0.292115598917, "dvar": 0.04121991992, "mean": 7.6291103363}, "spectral_rolloff": {"min": 21.533203125, "max": 15073.2421875, "dvar2": 2961872, "median": 1464.2578125, "dmean2": 1125.57055664, "dmean": 673.500061035, "var": 3893340.25, "dvar": 1378577.125, "mean": 2077.80615234}, "barkbands": {"min": [8.13551743334e-12, 7.86363422295e-12, 1.9065098892e-12, 9.5138946634e-13, 1.65897926906e-12, 8.3772827e-13, 8.92541303452e-13, 1.73359070155e-12, 6.75775949956e-13, 7.48239198465e-13, 1.19263843593e-12, 1.14523245488e-12, 1.5196314259e-12, 3.97411378979e-13, 2.28416650828e-13, 2.56137342239e-13, 1.23977664615e-13, 1.23989577286e-13, 1.13029011606e-13, 4.51561632867e-14, 8.24222011172e-14, 6.21118960301e-14, 1.1047397399e-13, 8.07656486178e-14, 1.51383571477e-13, 1.14791788813e-13, 1.12994997473e-12], "max": [0.00666046980768, 0.162004977465, 0.118316441774, 0.0992952659726, 0.0485987924039, 0.0128295747563, 0.0169182643294, 0.0311373118311, 0.0188325420022, 0.0150865474716, 0.0155291678384, 0.0184912290424, 0.0252153165638, 0.0232298728079, 0.0395816490054, 0.0212602429092, 0.0251178685576, 0.0295146908611, 0.0123209776357, 0.0119134467095, 0.0203212406486, 0.0127695919946, 0.0146367084235, 0.0118129663169, 0.00681082997471, 0.00443261303008, 0.00135842943564], "dvar2": [1.28036617753e-07, 0.000508325581905, 0.000181422801688, 2.47071420745e-05, 1.87765836017e-05, 9.51858339704e-07, 1.10365522232e-06, 2.11222118196e-06, 5.57742566798e-07, 5.13082284215e-07, 4.32233633774e-07, 7.53916481244e-07, 7.00700070411e-07, 1.52882660132e-06, 1.86532668067e-06, 1.23918925965e-06, 1.36873791234e-06, 8.69026507644e-07, 6.76204933825e-07, 1.17193303595e-06, 1.39213136663e-06, 5.61529475362e-07, 3.93381355934e-07, 2.83055300088e-07, 7.90247653981e-08, 2.88610308985e-08, 5.56750556768e-09], "median": [4.13479028794e-05, 0.00325367413461, 0.00072537898086, 0.000252941710642, 0.000837097177282, 0.000203199233511, 0.00012180460908, 0.000129711785121, 9.10669477889e-05, 0.000147514976561, 0.000116918810818, 0.000111070890853, 0.000105708029878, 0.000109508255264, 0.000109307395178, 8.39833301143e-05, 0.000107123167254, 0.000100282763015, 0.000133923982503, 0.000109254848212, 7.99444096629e-05, 8.81086962181e-05, 3.88855478377e-05, 3.38622849085e-05, 1.35086347655e-05, 5.38891026736e-06, 5.45839725419e-07], "dmean2": [0.000144382735016, 0.00929686706513, 0.00511756492779, 0.00144726142753, 0.00171822181437, 0.000463127304101, 0.00040595716564, 0.000519018736668, 0.000304230110487, 0.000336761848303, 0.000326495995978, 0.00036939085112, 0.000375352712581, 0.000533273036126, 0.000493143219501, 0.00042536330875, 0.000454896216979, 0.000332515424816, 0.000387324369512, 0.00046211501467, 0.00043396037654, 0.000323203683365, 0.000205874544918, 0.000173507767613, 8.86050911504e-05, 5.86142668908e-05, 2.27961845667e-05], "dmean": [9.16150165722e-05, 0.00540647655725, 0.00290804239921, 0.000838904175907, 0.00101456977427, 0.000277046376141, 0.000252129830187, 0.000337945151841, 0.00019487037207, 0.000215571548324, 0.000200079986826, 0.000234573963098, 0.000233312865021, 0.00031927251257, 0.000309205322992, 0.000260714674369, 0.000281763495877, 0.000203047864488, 0.00023642378801, 0.000281148561044, 0.000269589509116, 0.000205245538382, 0.000139205047162, 0.000116496921692, 6.00620260229e-05, 3.94303897338e-05, 1.46201000462e-05], "var": [7.58217524321e-08, 0.000193024126929, 5.8553298004e-05, 1.025884103e-05, 6.33128593108e-06, 4.83045710098e-07, 7.05296940851e-07, 2.01763896257e-06, 7.49657488086e-07, 6.00536793627e-07, 3.62139473964e-07, 8.75470391293e-07, 6.36212405425e-07, 1.03510035387e-06, 1.83373344953e-06, 8.2188205397e-07, 9.98323002932e-07, 6.16042200363e-07, 5.50194727111e-07, 9.36008291319e-07, 1.26247550725e-06, 7.3172446946e-07, 4.06192128821e-07, 2.78082268323e-07, 7.21201942611e-08, 3.34925225332e-08, 4.44790337895e-09], "dvar": [5.25675041274e-08, 0.000178141679498, 6.41523511149e-05, 9.85988026514e-06, 7.09274490873e-06, 3.59908199243e-07, 4.4553505063e-07, 8.83573363808e-07, 2.44913962888e-07, 2.28425292903e-07, 1.79311584247e-07, 3.37281903739e-07, 3.05439414205e-07, 5.79155482683e-07, 8.07324227026e-07, 4.956259545e-07, 5.85340899306e-07, 3.67556680203e-07, 2.63471150674e-07, 4.5308360086e-07, 5.73571696805e-07, 2.4822065825e-07, 1.77374090526e-07, 1.30766565576e-07, 3.62879148952e-08, 1.43782159512e-08, 2.59597410235e-09], "mean": [0.00014101571287, 0.00824460666627, 0.00322550046258, 0.000912817486096, 0.0014222743921, 0.000431574502727, 0.000386285886634, 0.000618247489911, 0.000337834469974, 0.000378894270398, 0.000302807980916, 0.000384455575841, 0.000368193665054, 0.00048288772814, 0.000489969272166, 0.00039040989941, 0.000440084084403, 0.000337565143127, 0.000431802967796, 0.00050193577772, 0.000507755205035, 0.000426456157584, 0.000272724631941, 0.000229818047956, 0.000108394691779, 6.27928384347e-05, 1.87079476746e-05]}, "melbands_flatness_db": {"min": 0.0187222957611, "max": 0.65517693758, "dvar2": 0.00254396605305, "median": 0.181585282087, "dmean2": 0.0452733933926, "dmean": 0.0296406149864, "var": 0.00922704394907, "dvar": 0.00111952470616, "mean": 0.201877832413}, "melbands_skewness": {"min": -2.02140474319, "max": 19.5305919647, "dvar2": 3.57944154739, "median": 2.38284945488, "dmean2": 1.47998189926, "dmean": 0.91871547699, "var": 5.0531539917, "dvar": 1.40921461582, "mean": 2.86780166626}, "barkbands_skewness": {"min": -4.35427951813, "max": 33.9876327515, "dvar2": 2.07699632645, "median": 1.12201654911, "dmean2": 1.08147239685, "dmean": 0.684686899185, "var": 3.47946405411, "dvar": 0.844653785229, "mean": 1.50340664387}, "silence_rate_60dB": {"min": 0, "max": 1, "dvar2": 0.0419355817139, "median": 0, "dmean2": 0.036940716207, "dmean": 0.0184693764895, "var": 0.117856554687, "dvar": 0.0181242320687, "mean": 0.136496305466}, "spectral_energyband_low": {"min": 1.4245986335e-11, "max": 0.189555764198, "dvar2": 0.00099978025537, "median": 0.00496454071254, "dmean2": 0.0136222606525, "dmean": 0.00792702194303, "var": 0.000385490886401, "dvar": 0.000357735203579, "mean": 0.0121698854491}, "spectral_energyband_middle_low": {"min": 6.90843085863e-12, "max": 0.113496311009, "dvar2": 6.55962066958e-05, "median": 0.00284142512828, "dmean2": 0.00369128538296, "dmean": 0.00222759903409, "var": 2.99603852909e-05, "dvar": 2.56350085692e-05, "mean": 0.00427446560934}, "melbands_kurtosis": {"min": -1.93062758446, "max": 603.564575195, "dvar2": 2001.9395752, "median": 6.64532184601, "dmean2": 18.9957313538, "dmean": 11.4738264084, "var": 1413.04736328, "dvar": 770.616760254, "mean": 18.2537651062}, "spectral_decrease": {"min": -5.20635126122e-08, "max": -7.5483109484e-18, "dvar2": 7.15226084158e-17, "median": -3.41891892575e-09, "dmean2": 4.17134060626e-09, "dmean": 2.47384646102e-09, "var": 3.50974520616e-17, "dvar": 2.61629551514e-17, "mean": -5.23802645702e-09}, "erbbands_kurtosis": {"min": -1.83248269558, "max": 55.2199440002, "dvar2": 6.02316522598, "median": 0.407382726669, "dmean2": 1.7284437418, "dmean": 1.08554279804, "var": 5.63812351227, "dvar": 2.56342124939, "mean": 0.951627731323}, "melbands_crest": {"min": 3.10646033287, "max": 33.4598884583, "dvar2": 20.4585456848, "median": 14.886803627, "dmean2": 4.89940881729, "dmean": 2.96799254417, "var": 27.1604061127, "dvar": 7.73134231567, "mean": 15.0124168396}, "gfcc": {"cov": [[10855.9511719, -3436.82421875, 111.45161438, 1474.8404541, 286.753570557, 369.19354248, -288.733001709, 77.700881958, -96.1605148315, 399.574066162, -450.154602051, 89.6016540527, -168.142700195], [-3436.82421875, 2304.42773438, -30.0164070129, -487.239929199, 58.2312240601, -188.518112183, 180.172637939, -28.3124828339, 128.095306396, -157.051986694, 171.592208862, -63.656211853, 104.157958984], [111.45161438, -30.0164070129, 1447.90393066, -47.9169197083, 45.6571617126, 158.254745483, 11.5518941879, 133.618545532, -6.77519035339, 4.60570430756, -34.528503418, 54.5302009583, 3.54388380051], [1474.8404541, -487.239929199, -47.9169197083, 693.132019043, 191.688034058, 87.2443618774, 13.2861862183, 0.503682971001, 14.7001943588, 35.6157684326, -64.9820709229, 32.70079422, 25.2704334259], [286.753570557, 58.2312240601, 45.6571617126, 191.688034058, 423.090789795, 93.5678329468, 96.4351272583, -25.467048645, 37.3085632324, 25.7370929718, -10.4325904846, 7.6925868988, 21.5541648865], [369.19354248, -188.518112183, 158.254745483, 87.2443618774, 93.5678329468, 264.450927734, 45.8483276367, 30.7427749634, -6.9578127861, 36.0148353577, 13.0182533264, -3.58976578712, -12.7968797684], [-288.733001709, 180.172637939, 11.5518941879, 13.2861862183, 96.4351272583, 45.8483276367, 198.851715088, 15.436299324, 22.392457962, -4.2723402977, 34.3053016663, 0.396046519279, 3.90578842163], [77.700881958, -28.3124828339, 133.618545532, 0.503682971001, -25.467048645, 30.7427749634, 15.436299324, 154.032623291, 52.283000946, 12.7991714478, 10.5143823624, 6.73358201981, -6.29895353317], [-96.1605148315, 128.095306396, -6.77519035339, 14.7001943588, 37.3085632324, -6.9578127861, 22.392457962, 52.283000946, 134.146621704, 28.3011417389, 8.73492717743, -5.96143722534, 8.38826370239], [399.574066162, -157.051986694, 4.60570430756, 35.6157684326, 25.7370929718, 36.0148353577, -4.2723402977, 12.7991714478, 28.3011417389, 103.728927612, 13.6646490097, 5.07387828827, -13.4499149323], [-450.154602051, 171.592208862, -34.528503418, -64.9820709229, -10.4325904846, 13.0182533264, 34.3053016663, 10.5143823624, 8.73492717743, 13.6646490097, 117.646881104, 15.9036808014, -1.0146292448], [89.6016540527, -63.656211853, 54.5302009583, 32.70079422, 7.6925868988, -3.58976578712, 0.396046519279, 6.73358201981, -5.96143722534, 5.07387828827, 15.9036808014, 95.1057739258, 31.4438514709], [-168.142700195, 104.157958984, 3.54388380051, 25.2704334259, 21.5541648865, -12.7968797684, 3.90578842163, -6.29895353317, 8.38826370239, -13.4499149323, -1.0146292448, 31.4438514709, 83.4427108765]], "icov": [[0.000257286796113, 0.00019013392739, 1.50857267727e-05, -0.000311321666231, -6.58789867884e-05, -4.2145831685e-05, 0.000134887755848, -0.000142846620292, 0.000149350904394, -0.000611819035839, 0.000597495061811, -0.000168990052771, 0.000325527973473], [0.00019013392739, 0.00112804106902, -0.000117263109132, 0.000297264021356, -0.000377956108423, 0.000542259193026, -0.000415794202127, 0.000300403567962, -0.000920277903788, 0.000928899447899, -0.000965771847405, 0.000963827886153, -0.00101977109443], [1.50857267727e-05, -0.000117263109132, 0.000883900327608, 0.000146164296893, -0.000116845447337, -0.000576793623623, 0.000144350138726, -0.000846670591272, 0.000391428678995, -0.000126905288198, 0.000746568897739, -0.000763365242165, 0.000202955241548], [-0.000311321666231, 0.000297264021356, 0.000146164296893, 0.00257453578524, -0.000841381261125, -0.000165976889548, -0.000302795640891, 0.000105097060441, -0.000672417110763, 0.00104256987106, -0.000213393446757, -4.69574588351e-05, -0.00131956010591], [-6.58789867884e-05, -0.000377956108423, -0.000116845447337, -0.000841381261125, 0.00360901304521, -0.00100629380904, -0.00134175946005, 0.00129848031793, -0.000843188492581, -0.000660143792629, 0.000685902661644, -0.000309223309159, -0.000223718161578], [-4.2145831685e-05, 0.000542259193026, -0.000576793623623, -0.000165976889548, -0.00100629380904, 0.00544007355347, -0.00101506127976, -0.000717407616321, 0.000804098322988, -0.000651110196486, -0.00175544782542, 0.00165284657851, -0.000429427571362], [0.000134887755848, -0.000415794202127, 0.000144350138726, -0.000302795640891, -0.00134175946005, -0.00101506127976, 0.00670108478516, -0.000867002527229, -2.39193923335e-06, 0.000266325776465, -0.00084815552691, -0.000446950143669, 0.000889483781066], [-0.000142846620292, 0.000300403567962, -0.000846670591272, 0.000105097060441, 0.00129848031793, -0.000717407616321, -0.000867002527229, 0.00935920886695, -0.00455124722794, 0.00122174981516, -0.00132990838028, -0.000259576307144, 0.000379064120352], [0.000149350904394, -0.000920277903788, 0.000391428678995, -0.000672417110763, -0.000843188492581, 0.000804098322988, -2.39193923335e-06, -0.00455124722794, 0.0115301851183, -0.00469633424655, 0.00151238392573, 0.000546415045392, -0.000469224585686], [-0.000611819035839, 0.000928899447899, -0.000126905288198, 0.00104256987106, -0.000660143792629, -0.000651110196486, 0.000266325776465, 0.00122174981516, -0.00469633424655, 0.0152075681835, -0.0048167151399, 0.000514125509653, 0.000118786818348], [0.000597495061811, -0.000965771847405, 0.000746568897739, -0.000213393446757, 0.000685902661644, -0.00175544782542, -0.00084815552691, -0.00132990838028, 0.00151238392573, -0.0048167151399, 0.0140019478276, -0.00453147385269, 0.00288478797302], [-0.000168990052771, 0.000963827886153, -0.000763365242165, -4.69574588351e-05, -0.000309223309159, 0.00165284657851, -0.000446950143669, -0.000259576307144, 0.000546415045392, 0.000514125509653, -0.00453147385269, 0.0148938298225, -0.00680193118751], [0.000325527973473, -0.00101977109443, 0.000202955241548, -0.00131956010591, -0.000223718161578, -0.000429427571362, 0.000889483781066, 0.000379064120352, -0.000469224585686, 0.000118786818348, 0.00288478797302, -0.00680193118751, 0.0169476624578]], "mean": [-26.8503265381, 78.8907470703, -109.99458313, 42.4187545776, -50.0242233276, 22.0138988495, -25.7801570892, 6.8818936348, -20.4401473999, 1.71439933777, -13.217040062, -0.56534922123, -10.6575841904]}, "melbands_spread": {"min": 0.276506483555, "max": 275.068359375, "dvar2": 512.104980469, "median": 24.6957645416, "dmean2": 16.4058914185, "dmean": 10.3584184647, "var": 772.71307373, "dvar": 219.698059082, "mean": 32.5126686096}, "spectral_energy": {"min": 3.2626887303e-11, "max": 0.19896069169, "dvar2": 0.00104420818388, "median": 0.0145189268515, "dmean2": 0.0163237527013, "dmean": 0.00974619854242, "var": 0.000570013420656, "dvar": 0.000384897255572, "mean": 0.0218559578061}, "mfcc": {"cov": [[9949.41796875, -3089.01708984, -602.625976562, 866.57623291, 362.147979736, 599.742370605, -37.7267303467, -118.106582642, 156.02204895, 175.101303101, 112.424766541, -108.686729431, -91.0500869751], [-3089.01708984, 2112.76904297, 187.497909546, -270.313842773, -80.6491394043, -200.534225464, -0.350353300571, 46.39894104, -12.7968530655, -17.2096328735, -8.17520618439, 21.8746700287, 36.7987174988], [-602.625976562, 187.497909546, 1059.58422852, -87.5259094238, 96.9895477295, -48.1248893738, 60.6962776184, 90.3241271973, 12.6846761703, 70.8332519531, -43.2378044128, 16.6388301849, -23.5028915405], [866.57623291, -270.313842773, -87.5259094238, 497.918121338, 133.046356201, 141.903121948, 12.4694061279, 34.5056190491, 89.2060852051, -16.8872280121, -1.44824826717, -11.6583213806, 21.2281951904], [362.147979736, -80.6491394043, 96.9895477295, 133.046356201, 291.548339844, 125.915550232, 45.3658638, 34.1762313843, 62.679599762, 38.296081543, 0.559029579163, 13.2447652817, -4.99366903305], [599.742370605, -200.534225464, -48.1248893738, 141.903121948, 125.915550232, 284.498626709, 101.211021423, 18.9850940704, 47.3421821594, 6.22996807098, 29.0646362305, -4.94967412949, -11.6861190796], [-37.7267303467, -0.350353300571, 60.6962776184, 12.4694061279, 45.3658638, 101.211021423, 189.027191162, 55.3722381592, 2.84623789787, 14.1079387665, 21.6780071259, 16.9795455933, -7.8801612854], [-118.106582642, 46.39894104, 90.3241271973, 34.5056190491, 34.1762313843, 18.9850940704, 55.3722381592, 131.109863281, 39.7776412964, 13.5075139999, 13.0080699921, 20.3212394714, 10.2576713562], [156.02204895, -12.7968530655, 12.6846761703, 89.2060852051, 62.679599762, 47.3421821594, 2.84623789787, 39.7776412964, 132.572860718, 28.7571754456, 1.56669020653, 5.37956905365, 7.41604375839], [175.101303101, -17.2096328735, 70.8332519531, -16.8872280121, 38.296081543, 6.22996807098, 14.1079387665, 13.5075139999, 28.7571754456, 131.424133301, 43.1528434753, 3.65552449226, -9.14454841614], [112.424766541, -8.17520618439, -43.2378044128, -1.44824826717, 0.559029579163, 29.0646362305, 21.6780071259, 13.0080699921, 1.56669020653, 43.1528434753, 111.402397156, 27.6698856354, -3.4792547226], [-108.686729431, 21.8746700287, 16.6388301849, -11.6583213806, 13.2447652817, -4.94967412949, 16.9795455933, 20.3212394714, 5.37956905365, 3.65552449226, 27.6698856354, 89.9869766235, 32.3913002014], [-91.0500869751, 36.7987174988, -23.5028915405, 21.2281951904, -4.99366903305, -11.6861190796, -7.8801612854, 10.2576713562, 7.41604375839, -9.14454841614, -3.4792547226, 32.3913002014, 90.1060562134]], "icov": [[0.000232853853959, 0.000281736225588, 5.98655933572e-05, -0.000189096550457, -6.06242356298e-05, -0.000199331188924, 0.000151997111971, 0.000114870956168, -7.54607481213e-06, -0.000294752971968, -0.000102620804682, 0.000140106596518, 6.77827119944e-05], [0.000281736225588, 0.000895357574336, 1.21876300909e-05, 5.15243118571e-05, -0.000148952516611, 0.000145125915878, 1.44153955262e-05, 3.42127623298e-06, -0.000242160604103, -9.40890022321e-05, -0.000303824577713, 0.00033761470695, -0.000201207061764], [5.98655933572e-05, 1.21876300909e-05, 0.00121032143943, 0.000131790220621, -0.00045107040205, 0.00024778698571, -0.000200689260964, -0.000715843052603, 0.000216981381527, -0.000788398261648, 0.000852630531881, -0.000259129708866, 0.000439444731455], [-0.000189096550457, 5.15243118571e-05, 0.000131790220621, 0.00317180762067, -0.000866949849296, -0.000609596143477, 0.000279478757875, -0.000660499732476, -0.00132761080749, 0.00117544364184, -0.000192132676602, 0.000792640727013, -0.00101626641117], [-6.06242356298e-05, -0.000148952516611, -0.00045107040205, -0.000866949849296, 0.00528541114181, -0.00198729033582, 0.000175347246113, -0.000210477315704, -0.000728417187929, -0.00142994220369, 0.00129633396864, -0.00147125939839, 0.000654411851428], [-0.000199331188924, 0.000145125915878, 0.00024778698571, -0.000609596143477, -0.00198729033582, 0.00689384527504, -0.00360454781912, 0.00107603357174, -0.001486001187, 0.00147795153316, -0.00177821703255, 0.00126870826352, 4.13361740357e-05], [0.000151997111971, 1.44153955262e-05, -0.000200689260964, 0.000279478757875, 0.000175347246113, -0.00360454781912, 0.0083692856133, -0.0032145685982, 0.00182477140334, -0.000839488813654, 9.68467138591e-05, -0.00124782603234, 0.000886548252311], [0.000114870956168, 3.42127623298e-06, -0.000715843052603, -0.000660499732476, -0.000210477315704, 0.00107603357174, -0.0032145685982, 0.0108498791233, -0.00310414540581, 0.000460985902464, -0.00130564859137, -0.000713768415153, -0.000796384585556], [-7.54607481213e-06, -0.000242160604103, 0.000216981381527, -0.00132761080749, -0.000728417187929, -0.001486001187, 0.00182477140334, -0.00310414540581, 0.0107847452164, -0.00276037561707, 0.00155841745436, -0.000757948611863, -9.46120853769e-05], [-0.000294752971968, -9.40890022321e-05, -0.000788398261648, 0.00117544364184, -0.00142994220369, 0.00147795153316, -0.000839488813654, 0.000460985902464, -0.00276037561707, 0.0111256232485, -0.00494348444045, 0.00160411640536, -0.000166685771546], [-0.000102620804682, -0.000303824577713, 0.000852630531881, -0.000192132676602, 0.00129633396864, -0.00177821703255, 9.68467138591e-05, -0.00130564859137, 0.00155841745436, -0.00494348444045, 0.0131383901462, -0.00486541399732, 0.00191273912787], [0.000140106596518, 0.00033761470695, -0.000259129708866, 0.000792640727013, -0.00147125939839, 0.00126870826352, -0.00124782603234, -0.000713768415153, -0.000757948611863, 0.00160411640536, -0.00486541399732, 0.0155829740688, -0.00575995445251], [6.77827119944e-05, -0.000201207061764, 0.000439444731455, -0.00101626641117, 0.000654411851428, 4.13361740357e-05, 0.000886548252311, -0.000796384585556, -9.46120853769e-05, -0.000166685771546, 0.00191273912787, -0.00575995445251, 0.0139478789642]], "mean": [-669.931091309, 105.001029968, 5.56387662888, 27.1145648956, 4.95094156265, 16.2224292755, 6.87495088577, 8.9256401062, 1.60764765739, 4.64305353165, 0.923873603344, 0.862055063248, -0.197709262371]}, "spectral_contrast_valleys": {"min": [-16.7876472473, -16.6125049591, -16.5356845856, -17.5856189728, -17.9825687408, -19.9992771149], "max": [-5.09068202972, -4.63770723343, -5.25580883026, -5.58133935928, -5.22284173965, -7.17418384552], "dvar2": [0.289918124676, 0.291564226151, 0.213140800595, 0.244644165039, 0.278991520405, 0.32747104764], "median": [-6.99112510681, -7.32403039932, -7.64326906204, -7.96066951752, -7.68697214127, -10.1162929535], "dmean2": [0.602568387985, 0.588919878006, 0.511125862598, 0.488758116961, 0.432996451855, 0.412052303553], "dmean": [0.36415797472, 0.363642543554, 0.319934636354, 0.314655631781, 0.297885268927, 0.321921080351], "var": [1.35222053528, 0.625916779041, 0.597573637962, 1.26570379734, 1.80380547047, 2.17281317711], "dvar": [0.112838305533, 0.118804395199, 0.0905114337802, 0.112499162555, 0.14009681344, 0.192638039589], "mean": [-7.34698963165, -7.37015342712, -7.69963407516, -8.1444234848, -7.88452768326, -10.2792482376]}, "barkbands_flatness_db": {"min": 0.0159911531955, "max": 0.542505025864, "dvar2": 0.00157165527344, "median": 0.119531303644, "dmean2": 0.0358574874699, "dmean": 0.0233485288918, "var": 0.00496808253229, "dvar": 0.00068549514981, "mean": 0.134910345078}, "dynamic_complexity": 4.10905599594, "erbbands_flatness_db": {"min": 0.0290128663182, "max": 0.411654144526, "dvar2": 0.000683308637235, "median": 0.141139134765, "dmean2": 0.0260851364583, "dmean": 0.0177290793508, "var": 