{"lowlevel": {"spectral_complexity": {"min": 0, "max": 60, "dvar2": 46.5098762512, "median": 28, "dmean2": 6.71653842926, "dmean": 4.47961139679, "var": 189.455581665, "dvar": 23.0185089111, "mean": 26.1739959717}, "silence_rate_20dB": {"min": 1, "max": 1, "dvar2": 0, "median": 1, "dmean2": 0, "dmean": 0, "var": 0, "dvar": 0, "mean": 1}, "average_loudness": 0.923465251923, "erbbands_spread": {"min": 2.09337091446, "max": 164.260787964, "dvar2": 242.768692017, "median": 37.888999939, "dmean2": 12.8494997025, "dmean": 8.40037250519, "var": 326.584869385, "dvar": 103.117919922, "mean": 40.7440376282}, "spectral_kurtosis": {"min": -1.18012297153, "max": 46.8347740173, "dvar2": 12.9372367859, "median": 3.01712417603, "dmean2": 1.92994749546, "dmean": 1.1708574295, "var": 9.81245040894, "dvar": 5.2178940773, "mean": 3.57760381699}, "barkbands_kurtosis": {"min": -1.9571018219, "max": 463.617156982, "dvar2": 232.233108521, "median": -0.401207685471, "dmean2": 4.8781785965, "dmean": 3.24130439758, "var": 321.106292725, "dvar": 129.178146362, "mean": 3.75616621971}, "spectral_strongpeak": {"min": 0, "max": 12.4782476425, "dvar2": 2.15547323227, "median": 0.295892119408, "dmean2": 0.881506741047, "dmean": 0.50327950716, "var": 1.35923087597, "dvar": 0.861045837402, "mean": 0.743831813335}, "spectral_spread": {"min": 1233546.5, "max": 40607012, "dvar2": 888467226624, "median": 4265869.5, "dmean2": 640572.0625, "dmean": 459340.28125, "var": 1895542161410.0, "dvar": 528513400832, "mean": 4444272}, "spectral_rms": {"min": 3.24155199211e-12, "max": 0.0110881710425, "dvar2": 2.64030654762e-06, "median": 0.00438424618915, "dmean2": 0.00124115473591, "dmean": 0.000802573165856, "var": 2.64415007223e-06, "dvar": 1.12253803763e-06, "mean": 0.00450826482847}, "erbbands": {"min": [2.39241494419e-22, 2.38795168279e-21, 1.08472394251e-20, 2.62216932726e-20, 6.36676393838e-20, 1.20658419035e-19, 2.0219252634e-19, 9.79280774132e-20, 2.20114105169e-19, 2.26213812554e-19, 7.88438988179e-19, 1.37048752133e-18, 2.34936044372e-18, 2.34278311708e-18, 2.84700470795e-18, 7.25112067074e-18, 7.4765811544e-18, 4.78957054772e-18, 4.81835271072e-18, 4.22118042084e-18, 4.35360541946e-18, 1.27664855441e-17, 9.47542670869e-18, 1.1216467363e-17, 1.11421137521e-17, 1.50262519877e-17, 1.8623418935e-17, 2.55102021147e-17, 2.38778968334e-17, 2.2874703767e-17, 2.04906203491e-17, 1.4471902011e-17, 1.82778146033e-17, 1.90048120631e-17, 8.37448240061e-18, 7.06377336098e-18, 3.68494363155e-18, 1.19938593541e-18, 2.5214838045e-19, 3.27882988771e-20], "max": [2.68187522888, 18.732213974, 54.1817169189, 53.1548805237, 223.007675171, 232.377487183, 150.601272583, 155.117843628, 174.505325317, 478.973815918, 936.609313965, 816.898742676, 595.190612793, 1743.84680176, 803.784362793, 1290.5045166, 1534.98840332, 879.238037109, 626.482666016, 733.758850098, 1154.80541992, 666.063659668, 489.776947021, 574.756530762, 988.768249512, 676.788818359, 237.56968689, 432.962585449, 960.292358398, 346.838256836, 206.395248413, 180.281005859, 82.7146530151, 38.0253295898, 18.4356937408, 7.61938095093, 2.34188532829, 0.421202242374, 0.0538627542555, 0.00322288065217], "dvar2": [0.175564140081, 9.44375896454, 38.4231796265, 54.5366592407, 1281.22619629, 1017.08355713, 452.33102417, 220.550231934, 173.52911377, 973.935668945, 2949.69335938, 1951.26086426, 2331.49169922, 3296.57568359, 2135.39428711, 2912.40039062, 6645.11767578, 3422.29589844, 1905.53027344, 1983.27807617, 3188.6965332, 1829.8848877, 1137.71801758, 2015.96899414, 1343.0592041, 995.819946289, 413.048614502, 425.959075928, 820.600402832, 165.993255615, 89.6008911133, 76.6876068115, 13.1613035202, 2.96133780479, 0.889075756073, 0.210125207901, 0.0310583207756, 0.00148498278577, 2.63213896687e-05, 9.7127959009e-08], "median": [0.0692162811756, 0.776859045029, 1.84605717659, 3.65041518211, 3.37170886993, 3.13106822968, 2.83573579788, 2.25335288048, 4.05637693405, 3.51302313805, 4.11062335968, 5.98529005051, 6.6100897789, 4.47534799576, 4.84997272491, 9.24732971191, 9.69375801086, 7.19366025925, 12.197142601, 17.6375389099, 29.0265769958, 31.891834259, 27.1262550354, 26.9138641357, 25.1320285797, 23.3865661621, 16.8030452728, 11.9416799545, 10.8020114899, 5.13950824738, 2.68476557732, 2.29247832298, 1.45751225948, 0.568076729774, 0.223562955856, 0.0892806127667, 0.0236639939249, 0.00380294350907, 0.000432493863627, 5.54613397981e-05], "dmean2": [0.189291223884, 1.52213644981, 3.41952848434, 4.90009641647, 12.876832962, 10.948677063, 8.38784503937, 5.84006643295, 6.39951992035, 10.4825229645, 17.1046638489, 16.5380096436, 19.2387733459, 16.7031383514, 15.0096578598, 20.3576660156, 28.9546890259, 21.3708782196, 22.3393344879, 23.7344207764, 29.941411972, 26.7991905212, 22.4833469391, 27.0997505188, 22.0319499969, 20.0357818604, 13.8604850769, 10.846997261, 10.2942867279, 5.40677833557, 3.54273200035, 3.51543307304, 1.60761189461, 0.720286786556, 0.396569550037, 0.190560474992, 0.0719307810068, 0.01518663764, 0.00192253116984, 0.000121878321806], "dmean": [0.111899420619, 0.898433625698, 2.00888395309, 2.94800686836, 7.49031162262, 6.29735612869, 4.84586238861, 3.42902851105, 4.19871711731, 6.86909484863, 10.9525194168, 10.5638179779, 12.5756216049, 11.0225372314, 9.85909938812, 13.4231920242, 18.9743385315, 14.5946216583, 14.4457960129, 15.3124933243, 18.9527778625, 16.7302951813, 13.9851694107, 16.7104434967, 13.7307424545, 12.4539642334, 8.68191242218, 6.99154424667, 6.80786085129, 3.58985733986, 2.4554104805, 2.35310792923, 1.10664761066, 0.509984314442, 0.279086500406, 0.132713839412, 0.0486505925655, 0.0103416759521, 0.00129841454327, 8.29299679026e-05], "var": [0.0566816665232, 3.18773126602, 13.9984731674, 27.0217094421, 365.770050049, 255.622375488, 120.303375244, 83.1051254272, 169.227203369, 700.331481934, 1815.17797852, 1679.63830566, 2553.34570312, 3714.23242188, 2174.3684082, 3473.88867188, 8229.6328125, 6397.53857422, 2136.0246582, 2146.31958008, 3448.60058594, 1844.69433594, 1122.73205566, 1761.29260254, 1384.81896973, 990.241394043, 469.332214355, 463.700653076, 813.210021973, 191.106307983, 97.0121765137, 73.3720932007, 16.9925136566, 3.83947944641, 0.991613507271, 0.20980258286, 0.0251014307141, 0.00111816974822, 1.64188641065e-05, 6.13580084519e-08], "dvar": [0.0669456347823, 3.60875940323, 13.7630681992, 19.8086681366, 485.414581299, 370.689971924, 157.520599365, 78.2942428589, 75.6588821411, 416.086761475, 1171.21728516, 822.902893066, 962.564025879, 1524.05969238, 977.247436523, 1434.15661621, 2929.24609375, 1720.296875, 828.817077637, 852.772033691, 1346.58630371, 744.448181152, 453.563537598, 794.832580566, 568.006774902, 409.074279785, 175.627059937, 188.031051636, 356.086212158, 85.2222747803, 45.5991821289, 34.9577789307, 6.49404335022, 1.52595579624, 0.443660974503, 0.104328066111, 0.0148081695661, 0.000707416096702, 1.23550125863e-05, 4.61737350577e-08], "mean": [0.132945790887, 1.19605875015, 3.06103014946, 5.1665930748, 8.17207717896, 6.88180541992, 6.11439704895, 4.90431547165, 7.91953611374, 11.4308929443, 17.8029823303, 18.6456356049, 24.4368343353, 20.0850429535, 17.8924503326, 25.553894043, 38.113571167, 30.3555831909, 28.0360984802, 32.843208313, 44.2960853577, 40.4365653992, 34.3209152222, 37.2911186218, 32.9696540833, 29.9041385651, 21.3361301422, 16.8921852112, 16.6205558777, 8.44322967529, 5.23997354507, 4.73988771439, 2.48672556877, 1.11026132107, 0.543105661869, 0.231755286455, 0.0744186267257, 0.014913293533, 0.00175859278534, 0.000127747727674]}, "zerocrossingrate": {"min": 0.0029296875, "max": 0.525390625, "dvar2": 0.000203032293939, "median": 0.0791015625, "dmean2": 0.0132272988558, "dmean": 0.011240134947, "var": 0.00139728013892, "dvar": 0.000173288295628, "mean": 0.0792914479971}, "spectral_contrast_coeffs": {"min": [-0.964085042477, -0.972413182259, -0.99007165432, -0.987423717976, -0.988023638725, -0.961271107197], "max": [-0.308814734221, -0.344864428043, -0.3682333529, -0.445985972881, -0.552708745003, -0.567576766014], "dvar2": [0.00565156619996, 0.00377673632465, 0.00261261640117, 0.00171169871464, 0.000896372948773, 0.000873844255693], "median": [-0.670773148537, -0.73684990406, -0.768316447735, -0.786014795303, -0.799362778664, -0.724862873554], "dmean2": [0.084821768105, 0.0740966573358, 0.0614272281528, 0.0504608117044, 0.0352820120752, 0.0304853096604], "dmean": [0.0515067130327, 0.046357948333, 0.0394301712513, 0.0320265442133, 0.0218160431832, 0.0197440702468], "var": [0.00585962785408, 0.00609710020944, 0.00615398958325, 0.00425944197923, 0.00194288266357, 0.00191134482156], "dvar": [0.00220949482173, 0.00154222815763, 0.00116407475434, 0.000768728146795, 0.000389407330658, 0.000402626814321], "mean": [-0.657948255539, -0.728634059429, -0.756332039833, -0.774460673332, -0.791590750217, -0.726491212845]}, "dissonance": {"min": 0.224873110652, "max": 0.499999910593, "dvar2": 0.000547031057067, "median": 0.48515433073, "dmean2": 0.018889632076, "dmean": 0.0116959307343, "var": 0.000670327979606, "dvar": 0.000235727493418, "mean": 0.477223664522}, "spectral_energyband_high": {"min": 8.16074178022e-21, "max": 0.0345466025174, "dvar2": 2.25058715841e-06, "median": 0.00128421199042, "dmean2": 0.000788804376498, "dmean": 0.000554048281629, "var": 3.75677541342e-06, "dvar": 1.15210070817e-06, "mean": 0.00171493378002}, "spectral_skewness": {"min": -0.250814199448, "max": 5.37186479568, "dvar2": 0.153869092464, "median": 1.12824547291, "dmean2": 0.282610416412, "dmean": 0.17889495194, "var": 0.193563520908, "dvar": 0.06727720052, "mean": 1.18668174744}, "spectral_flux": {"min": 1.03780296856e-10, "max": 0.309717088938, "dvar2": 0.00183911272325, "median": 0.0724193900824, "dmean2": 0.0373345948756, "dmean": 0.0249927230179, "var": 0.00231538456865, "dvar": 0.000920204736758, "mean": 0.0835290104151}, "silence_rate_30dB": {"min": 1, "max": 1, "dvar2": 0, "median": 1, "dmean2": 0, "dmean": 0, "var": 0, "dvar": 0, "mean": 1}, "spectral_energyband_middle_high": {"min": 1.41428639065e-21, "max": 0.0719519257545, "dvar2": 1.67210546351e-05, "median": 0.00469159381464, "dmean2": 0.00256599485874, "dmean": 0.00174752762541, "var": 4.32721499237e-05, "dvar": 8.19419710751e-06, "mean": 0.00662580179051}, "barkbands_spread": {"min": 0.271972864866, "max": 118.634536743, "dvar2": 139.350860596, "median": 36.9412002563, "dmean2": 10.7674779892, "dmean": 6.92994165421, "var": 274.433837891, "dvar": 62.8731269836, "mean": 35.9734725952}, "spectral_centroid": {"min": 137.391952515, "max": 10865.5908203, "dvar2": 198748.40625, "median": 2192.38842773, "dmean2": 407.094604492, "dmean": 269.601196289, "var": 567636, "dvar": 98882.4921875, "mean": 2038.42736816}, "pitch_salience": {"min": 0.0497452877462, "max": 0.981106579304, "dvar2": 0.0124004287645, "median": 0.56139677763, "dmean2": 0.114550679922, "dmean": 0.0708983168006, "var": 0.0119243711233, "dvar": 0.00478691235185, "mean": 0.554747402668}, "erbbands_skewness": {"min": -5.75431108475, "max": 10.147069931, "dvar2": 0.380981534719, "median": -0.402137428522, "dmean2": 0.509166300297, "dmean": 0.345571428537, "var": 0.906400382519, "dvar": 0.204510256648, "mean": -0.246655121446}, "erbbands_crest": {"min": 2.11721110344, "max": 29.3570861816, "dvar2": 10.9886827469, "median": 6.58900737762, "dmean2": 3.35173535347, "dmean": 2.10760998726, "var": 14.7466611862, "dvar": 4.9026966095, "mean": 7.75447034836}, "melbands": {"min": [2.50743047763e-24, 5.15096233838e-24, 4.58572180611e-24, 7.56162305155e-24, 7.11514197869e-24, 2.43908968248e-24, 2.995712501e-24, 3.28993158623e-24, 6.17537947648e-24, 9.51233328634e-24, 1.16835727426e-23, 9.2989519335e-24, 9.14566521557e-24, 9.83463660866e-24, 3.16600836167e-23, 7.78912659231e-24, 9.15418649107e-24, 7.23981750046e-24, 5.87694077426e-24, 5.48316192076e-24, 4.66441857002e-24, 1.53153668657e-23, 7.13033386201e-24, 8.81138146268e-24, 9.25742866204e-24, 6.35284833104e-24, 1.13770987032e-23, 9.82698465788e-24, 9.82303088703e-24, 1.59703754302e-23, 1.34952107441e-23, 1.51565644323e-23, 8.48889433576e-24, 1.55768789889e-23, 1.20538853508e-23, 1.05926301755e-23, 7.5183216876e-24, 1.4032008502e-23, 1.09138054268e-23, 1.76523609865e-23], "max": [0.0216903816909, 0.0253677628934, 0.0108076361939, 0.0176011808217, 0.00583391450346, 0.00317073450424, 0.0028671703767, 0.00643114373088, 0.00731373159215, 0.00453221192583, 0.00307896151207, 0.00651637418196, 0.00325420754962, 0.00270136469044, 0.00362419965677, 0.00455022603273, 0.00175453035627, 0.00153993000276, 0.0013146820711, 0.00115054706112, 0.00177966686897, 0.000957884592935, 0.000709808198735, 0.000438788003521, 0.000525330076925, 0.000647084438242, 0.000527881784365, 0.000610921706539, 0.000192403414985, 0.0001519095822, 0.000333579373546, 0.000621951417997, 0.000346826738678, 0.000200054098968, 0.000119539028674, 0.000182990377652, 0.000110649147246, 6.67687418172e-05, 4.74039370602e-05, 3.41312879755e-05], "dvar2": [1.44792184074e-05, 1.01195291791e-05, 2.49330082625e-06, 7.93706567492e-06, 6.4321852733e-07, 1.13629319287e-07, 4.09283593683e-08, 1.58582011522e-07, 1.8896592735e-07, 7.58958975666e-08, 6.06633889788e-08, 5.96116862539e-08, 2.8080682668e-08, 2.52049670024e-08, 2.77679497174e-08, 4.22504768949e-08, 1.32185116186e-08, 6.74542111057e-09, 4.8214041648e-09, 6.16860029723e-09, 5.83063552995e-09, 3.2391804794e-09, 1.59328150673e-09, 1.02260333534e-09, 1.76805126095e-09, 8.00083443941e-10, 9.92889770401e-10, 5.77079106723e-10, 2.44631648272e-10, 1.29514732272e-10, 1.94001342768e-10, 3.84932169473e-10, 1.38143357864e-10, 4.82243273092e-11, 3.25543134116e-11, 4.99088895212e-11, 2.81078996883e-11, 7.96704629352e-12, 4.57231778481e-12, 2.02876582721e-12], "median": [0.00078035244951, 0.00108705891762, 0.000661538040731, 0.000255418563029, 0.000106474202767, 5.45394723304e-05, 5.90647759964e-05, 3.60665035259e-05, 3.38058853231e-05, 3.58593497367e-05, 3.05850298901e-05, 1.4703647139e-05, 1.22281844597e-05, 1.98253947019e-05, 2.57262800005e-05, 1.63279291883e-05, 1.16303190225e-05, 1.69086615642e-05, 2.08239725907e-05, 2.47828138527e-05, 3.35650438501e-05, 3.33014286298e-05, 2.58260806731e-05, 1.99970545509e-05, 2.11037040572e-05, 1.73505104613e-05, 1.69049835677e-05, 1.43471452247e-05, 1.15116463348e-05, 6.47644628771e-06, 6.86989960741e-06, 6.7166511144e-06, 3.79308880838e-06, 2.28276007874e-06, 1.50956373091e-06, 1.17695105928e-06, 1.39860685522e-06, 9.77008880909e-07, 6.96609276929e-07, 3.85611230058e-07], "dmean2": [0.0017744100187, 0.0017548056785, 0.00099046190735, 0.000972614623606, 0.000305071705952, 0.000136392423883, 9.80392069323e-05, 0.000128132145619, 0.000139839714393, 0.000105062114017, 9.81533012236e-05, 7.14071356924e-05, 5.07707991346e-05, 5.44222093595e-05, 6.38416095171e-05, 6.21311410214e-05, 4.22427801823e-05, 3.78135373467e-05, 3.39471298503e-05, 4.18596901e-05, 3.84478807973e-05, 3.40795850207e-05, 2.53351099673e-05, 2.02555311262e-05, 2.51416749961e-05, 1.77904621523e-05, 1.8523163817e-05, 1.41708078445e-05, 1.0960508007e-05, 6.91186733093e-06, 7.11206575943e-06, 7.06436367182e-06, 4.64719914817e-06, 2.93036691801e-06, 2.24942186833e-06, 2.10515145227e-06, 2.40261692852e-06, 1.22081974041e-06, 9.26526070089e-07, 5.94874450144e-07], "dmean": [0.00105045910459, 0.00104626244865, 0.000592075404711, 0.000562615925446, 0.000174148313818, 8.0526835518e-05, 6.40817233943e-05, 8.36215476738e-05, 8.96046331036e-05, 6.69927248964e-05, 6.41183141852e-05, 4.6838864364e-05, 3.32316631102e-05, 3.55035808752e-05, 4.13772868342e-05, 4.07817315136e-05, 2.86369649984e-05, 2.42068745138e-05, 2.15704912989e-05, 2.64229784079e-05, 2.41506186285e-05, 2.11659626075e-05, 1.56297282956e-05, 1.24741354739e-05, 1.54472509166e-05, 1.10292694444e-05, 1.13278538265e-05, 8.72484179126e-06, 6.76229501551e-06, 4.33095692642e-06, 4.49927256341e-06, 4.60391765955e-06, 3.01583486362e-06, 1.92683114619e-06, 1.51341953369e-06, 1.42036674333e-06, 1.57278702773e-06, 8.27998292152e-07, 6.26500820999e-07, 4.13746448658e-07], "var": [4.82548921354e-06, 3.83925544156e-06, 1.01838600131e-06, 2.18806576413e-06, 1.53662611524e-07, 4.21936654504e-08, 3.85554130844e-08, 1.05925252569e-07, 1.20427586126e-07, 6.40094199866e-08, 6.61496031285e-08, 6.69060398195e-08, 2.67146251787e-08, 2.51169556265e-08, 2.8392735274e-08, 4.85114810544e-08, 2.11630872826e-08, 5.93271343163e-09, 3.89993193295e-09, 7.40657624121e-09, 5.69369307257e-09, 3.04865732659e-09, 1.27453425591e-09, 8.77510064612e-10, 1.41684552979e-09, 7.39202588029e-10, 7.66960939202e-10, 4.78168948881e-10, 2.35254898895e-10, 1.28909036223e-10, 1.93812771387e-10, 3.3893213236e-10, 1.43328821034e-10, 4.82733020224e-11, 3.25361161624e-11, 4.16236003997e-11, 2.70294307769e-11, 9.36972027743e-12, 5.39418900172e-12, 2.21277315048e-12], "dvar": [5.57338034923e-06, 3.79088692171e-06, 9.33999729114e-07, 2.98832515e-06, 2.22088971213e-07, 4.05317379659e-08, 1.78408168239e-08, 6.63864341277e-08, 7.53463993419e-08, 3.17193169508e-08, 2.51229490544e-08, 2.69430842081e-08, 1.29218911127e-08, 1.19489058648e-08, 1.21986749591e-08, 1.82544663829e-08, 6.48973141892e-09, 2.86421819595e-09, 2.02196415167e-09, 2.60946886321e-09, 2.46305176255e-09, 1.30501909279e-09, 6.22080054136e-10, 3.98592603368e-10, 6.91373014394e-10, 3.27500832009e-10, 3.88356125036e-10, 2.35260672055e-10, 1.004199085e-10, 5.41698977341e-11, 8.64805449474e-11, 1.63345045823e-10, 6.30456242767e-11, 2.38369185501e-11, 1.61990594549e-11, 2.30521279149e-11, 1.24827041065e-11, 3.80621012139e-12, 2.26460798898e-12, 9.81792772081e-13], "mean": [0.00132773933001, 0.00165014457889, 0.000954084505793, 0.00059872464044, 0.000216079395614, 0.000115519775136, 0.000118221032608, 0.000137335984618, 0.000144268546137, 0.000115395909233, 0.000121191209473, 8.21227367851e-05, 5.4709646065e-05, 6.01151950832e-05, 7.65132645029e-05, 8.10870042187e-05, 5.24193310412e-05, 4.27095110354e-05, 3.95944734919e-05, 5.40147120773e-05, 5.15177562193e-05, 4.50848965556e-05, 3.35092154273e-05, 2.76899172604e-05, 3.10250288749e-05, 2.3819055059e-05, 2.34601648117e-05, 1.90027112694e-05, 1.48401122715e-05, 9.39539768297e-06, 1.00030383692e-05, 1.0389741874e-05, 6.55439771435e-06, 3.99704003939e-06, 3.00557348965e-06, 2.71482144854e-06, 2.9960106076e-06, 1.73737464593e-06, 1.28904036956e-06, 8.25436814011e-07]}, "spectral_entropy": {"min": 4.22792100906, "max": 9.80512905121, "dvar2": 0.0645901560783, "median": 7.91541433334, "dmean2": 0.180699199438, "dmean": 0.131326749921, "var": 0.201572418213, "dvar": 0.0389407426119, "mean": 7.7916727066}, "spectral_rolloff": {"min": 64.599609375, "max": 21124.0722656, "dvar2": 1766459.375, "median": 2411.71875, "dmean2": 1018.91204834, "dmean": 629.395019531, "var": 2408876.5, "dvar": 817917.5625, "mean": 2356.84814453}, "barkbands": {"min": [2.40358325035e-24, 1.00968137417e-23, 1.09059191843e-23, 7.66886553617e-24, 4.22092869994e-23, 1.36712450551e-23, 1.28587238448e-23, 3.34783038736e-23, 5.42039707058e-23, 7.5196108441e-23, 7.46367303285e-23, 1.21424285187e-22, 1.7720225428e-22, 8.37596731946e-23, 8.94751724013e-23, 6.16227342029e-23, 2.21009669344e-22, 1.54864603831e-22, 2.13832473989e-22, 3.66598632081e-22, 5.60776706036e-22, 5.80300975574e-22, 8.20162098147e-22, 8.68218040367e-22, 1.39220444473e-21, 1.83948872945e-21, 2.08722750537e-21], "max": [0.0110219828784, 0.0749048218131, 0.0449248254299, 0.0229130126536, 0.0709118172526, 0.0162605959922, 0.0136605547741, 0.0328983552754, 0.0281636025757, 0.0282271467149, 0.0447731390595, 0.0259913485497, 0.0378220826387, 0.0209338944405, 0.0136036770418, 0.0180893409997, 0.0152194080874, 0.00683793798089, 0.0138873672113, 0.0134392725304, 0.0067041516304, 0.0215239934623, 0.00938210822642, 0.00565227912739, 0.00284146843478, 0.00130002130754, 0.000309541763272], "dvar2": [3.22859790458e-07, 0.000183766911505, 3.44605541613e-05, 6.18490457782e-06, 0.000123082121718, 4.48638638773e-06, 1.10265125386e-06, 6.44250258119e-06, 3.52417055183e-06, 3.03360866383e-06, 1.87892578651e-06, 1.64938103353e-06, 3.94401558879e-06, 1.53528378632e-06, 7.52369373913e-07, 1.14907447823e-06, 8.14255201931e-07, 4.38056076746e-07, 5.76425463805e-07, 4.99336124449e-07, 1.95714960682e-07, 4.43525379978e-07, 1.24258292544e-07, 7.95200492121e-08, 1.70035345803e-08, 8.5992750698e-09, 9.99871518914e-10], "median": [2.02972969419e-05, 0.00315616652369, 0.00185907818377, 0.000943053863011, 0.00115092005581, 0.00033000955591, 0.00025402958272, 0.000160865471116, 0.000232166683418, 0.000194309221115, 7.74856598582e-05, 0.000169873906998, 0.000193617801415, 0.000131223205244, 0.000267022289336, 0.000415067363065, 0.000564418965951, 0.000467389327241, 0.000509459350724, 0.000498388020787, 0.00034258805681, 0.000278132909443, 0.000103215577838, 0.000104057093267, 3.93965456169e-05, 1.53078926814e-05, 2.37761014432e-06], "dmean2": [0.000219085995923, 0.0065686753951, 0.00332202506252, 0.00161807297263, 0.00389493303373, 0.000842321664095, 0.000491845479701, 0.000806970288977, 0.000741516589187, 0.000664269202389, 0.000375419767806, 0.000483740586787, 0.000677398056723, 0.000445097568445, 0.00046578006004, 0.000582502223551, 0.000549413030967, 0.000442098244093, 0.000485093711177, 0.000441510695964, 0.000289123330731, 0.000259020656813, 0.00013055796444, 0.000122395664221, 5.572707596e-05, 3.86788633477e-05, 1.19085152619e-05], "dmean": [0.000129343388835, 0.00388871575706, 0.00195063569117, 0.000973904272541, 0.00227359146811, 0.000492263119668, 0.000318173406413, 0.000518821820151, 0.000468587735668, 0.000430324173067, 0.000243331873207, 0.000311521929689, 0.000438063609181, 0.000291473988909, 0.000294051133096, 0.00036584251211, 0.00034213316394, 0.000273967947578, 0.000301889202092, 0.000273824000033, 0.000183387557627, 0.00017154388479, 9.01977109606e-05, 8.44193273224e-05, 4.04015881941e-05, 2.67744326266e-05, 8.06746993476e-06], "var": [9.57378034627e-08, 6.28766720183e-05, 1.25207516248e-05, 3.09004326482e-06, 3.51957241946e-05, 1.35640482313e-06, 9.22476260712e-07, 3.80949290957e-06, 2.88567980533e-06, 3.46513070326e-06, 1.68075530382e-06, 1.88866715689e-06, 4.39460336565e-06, 1.72744751126e-06, 7.45921397538e-07, 1.32916693474e-06, 8.71504255429e-07, 4.15091591321e-07, 5.78857509481e-07, 4.77188223158e-07, 2.3585609199e-07, 4.88931732434e-07, 1.30862275682e-07, 9.51768726054e-08, 2.28395276025e-08, 8.06317945745e-09, 6.32592422889e-10], "dvar": [1.16863496658e-07, 7.09836822352e-05, 1.22113524412e-05, 2.3014740691e-06, 4.6796634706e-05, 1.57541853696e-06, 4.80997812247e-07, 2.5813967568e-06, 1.44811133396e-06, 1.27056148358e-06, 9.2111503136e-07, 8.15105181573e-07, 1.69449970144e-06, 6.83988957917e-07, 3.18896894669e-07, 4.90229467687e-07, 3.29209342453e-07, 1.73128952952e-07, 2.35922499314e-07, 2.02477281164e-07, 8.6002422961e-08, 2.01434858127e-07, 6.23871088123e-08, 3.81329670063e-08, 8.9353457966e-09, 4.26007940035e-09, 4.72924366335e-10], "mean": [0.000135103065986, 0.00507008004934, 0.00291272182949, 0.00153710169252, 0.00255617662333, 0.000673037313391, 0.000540559180081, 0.000830516044516, 0.000777670356911, 0.00081779260654, 0.000374107068637, 0.000535356812179, 0.000841862754896, 0.000505274918396, 0.000544294540305, 0.000776727916673, 0.000761784147471, 0.000621334183961, 0.000692609988619, 0.000644651299808, 0.000447359489044, 0.000425800331868, 0.000193882602616, 0.000187096055015, 8.43925663503e-05, 4.42543569079e-05, 1.06835113911e-05]}, "melbands_flatness_db": {"min": 0.00977817643434, "max": 0.65046364069, "dvar2": 0.00184913259, "median": 0.149653568864, "dmean2": 0.0404425114393, "dmean": 0.0277826935053, "var": 0.00613261526451, "dvar": 0.000961344398092, "mean": 0.168372198939}, "melbands_skewness": {"min": -0.876420199871, "max": 18.9922027588, "dvar2": 2.358907938, "median": 2.1951007843, "dmean2": 1.26870214939, "dmean": 0.832435250282, "var": 3.68883228302, "dvar": 1.07290351391, "mean": 2.64934134483}, "barkbands_skewness": {"min": -3.83937525749, "max": 17.1196842194, "dvar2": 1.07964062691, "median": 0.824495494366, "dmean2": 0.85033172369, "dmean": 0.564113259315, "var": 2.16736531258, "dvar": 0.532721698284, "mean": 1.16345262527}, "silence_rate_60dB": {"min": 0, "max": 1, "dvar2": 0.0322410874069, "median": 0, "dmean2": 0.0308239478618, "dmean": 0.015410146676, "var": 0.0380245037377, "dvar": 0.0151717364788, "mean": 0.0395875312388}, "spectral_energyband_low": {"min": 2.91112203894e-23, "max": 0.0948586687446, "dvar2": 0.00026144363801, "median": 0.00637823948637, "dmean2": 0.00887563545257, "dmean": 0.00542313279584, "var": 0.000109537875687, "dvar": 0.000103728649265, "mean": 0.00910250935704}, "spectral_energyband_middle_low": {"min": 1.98621620149e-22, "max": 0.111207045615, "dvar2": 0.000203506351681, "median": 0.00501158554107, "dmean2": 0.00656558433548, "dmean": 0.00394642911851, "var": 7.27302758605e-05, "dvar": 7.83714058343e-05, "mean": 0.00724769895896}, "melbands_kurtosis": {"min": -1.93654441833, "max": 677.82824707, "dvar2": 1105.27441406, "median": 4.80124759674, "dmean2": 13.6479587555, "dmean": 8.91955280304, "var": 1340.80273438, "dvar": 559.214660645, "mean": 14.5209751129}, "spectral_decrease": {"min": -3.16933821409e-08, "max": 1.33034809407e-16, "dvar2": 3.21146255379e-17, "median": -4.61516824757e-09, "dmean2": 3.62210572646e-09, "dmean": 2.25161556067e-09, "var": 1.69945266009e-17, "dvar": 1.29032110547e-17, "mean": -5.58730350875e-09}, "erbbands_kurtosis": {"min": -1.90791118145, "max": 126.695541382, "dvar2": 14.1003198624, "median": 0.0847642421722, "dmean2": 1.54646277428, "dmean": 1.01016831398, "var": 16.6710758209, "dvar": 7.68503713608, "mean": 0.741830408573}, "melbands_crest": {"min": 2.88377737999, "max": 32.3284072876, "dvar2": 24.2462272644, "median": 12.6763944626, "dmean2": 5.18131065369, "dmean": 3.18266391754, "var": 22.8526000977, "dvar": 9.19148635864, "mean": 13.4444694519}, "gfcc": {"cov": [[6970.24560547, -2061.89599609, -339.562316895, 79.7880477905, -392.707641602, 614.514343262, -153.426132202, 445.634277344, 15.7230300903, 231.542510986, -37.9553718567, 101.392883301, -53.9669151306], [-2061.89599609, 1535.21777344, -219.683502197, -122.189933777, 114.056175232, -407.884277344, 117.237007141, -175.405609131, 53.4614181519, -102.674674988, 21.7318992615, -89.3136749268, 55.6888694763], [-339.562316895, -219.683502197, 855.343322754, 53.087097168, 0.594716906548, -6.05103540421, -132.824737549, -13.3512887955, -72.3469314575, -4.02638673782, -20.3943824768, 11.1951084137, -37.4542274475], [79.7880477905, -122.189933777, 53.087097168, 408.522094727, 78.8051834106, 25.5104541779, -30.2359390259, -1.47795546055, 30.5158023834, -15.8440093994, 28.4158859253, 14.4502563477, 30.9645195007], [-392.707641602, 114.056175232, 0.594716906548, 78.8051834106, 321.347137451, -3.46110224724, 55.7342567444, -39.3775901794, -20.6790866852, 12.3467512131, 22.1417884827, 28.5050506592, 30.0863723755], [614.514343262, -407.884277344, -6.05103540421, 25.5104541779, -3.46110224724, 299.731018066, 53.3258552551, 69.0881881714, -21.3436584473, 23.7622795105, 13.3698234558, 19.0555229187, -16.1570148468], [-153.426132202, 117.237007141, -132.824737549, -30.2359390259, 55.7342567444, 53.3258552551, 180.325515747, 36.8250999451, 25.7858524323, -20.0074176788, 1.81961417198, 0.991333901882, 10.7760429382], [445.634277344, -175.405609131, -13.3512887955, -1.47795546055, -39.3775901794, 69.0881881714, 36.8250999451, 165.222671509, 69.3706588745, 25.3775482178, -25.7816104889, -3.01499533653, 3.50987362862], [15.7230300903, 53.4614181519, -72.3469314575, 30.5158023834, -20.6790866852, -21.3436584473, 25.7858524323, 69.3706588745, 127.316207886, 27.7981891632, -10.0992116928, -21.5324859619, 4.17093086243], [231.542510986, -102.674674988, -4.02638673782, -15.8440093994, 12.3467512131, 23.7622795105, -20.0074176788, 25.3775482178, 27.7981891632, 95.6755828857, 27.3140697479, 10.0345821381, -16.071231842], [-37.9553718567, 21.7318992615, -20.3943824768, 28.4158859253, 22.1417884827, 13.3698234558, 1.81961417198, -25.7816104889, -10.0992116928, 27.3140697479, 83.5002670288, 36.8667182922, 5.26298713684], [101.392883301, -89.3136749268, 11.1951084137, 14.4502563477, 28.5050506592, 19.0555229187, 0.991333901882, -3.01499533653, -21.5324859619, 10.0345821381, 36.8667182922, 86.1770858765, 29.5703773499], [-53.9669151306, 55.6888694763, -37.4542274475, 30.9645195007, 30.0863723755, -16.1570148468, 10.7760429382, 3.50987362862, 4.17093086243, -16.071231842, 5.26298713684, 29.5703773499, 72.2439193726]], "icov": [[0.000322683656123, 0.000280880572973, 0.000269977637799, -9.18271907722e-05, 0.000244637776632, -0.000115386763355, 0.00024474246311, -0.00056817260338, 0.000392157817259, -0.000443836732302, 0.000185342651093, -0.000107907340862, -2.34408962569e-05], [0.000280880572973, 0.00228666490875, 0.00025658676168, 0.000718964147381, -0.000325313099893, 0.00217886408791, -0.00130723358598, 0.00092519185273, -0.000887164438609, 0.00122535240371, -0.00218424550258, 0.00266518536955, -0.00156312633771], [0.000269977637799, 0.00025658676168, 0.00169770244975, -0.000284655281575, -4.25417929364e-05, 1.61768257385e-05, 0.00124782510102, -0.0010146520799, 0.00112641090527, -9.1353271273e-05, 0.000588359951507, -0.000564356916584, 0.000993336667307], [-9.18271907722e-05, 0.000718964147381, -0.000284655281575, 0.00363969733007, -0.00141466618516, 2.74665194411e-06, 0.000958623364568, 0.000798342749476, -0.0027556726709, 0.00294646760449, -0.00277101504616, 0.00142953929026, -0.00149111193605], [0.000244637776632, -0.000325313099893, -4.25417929364e-05, -0.00141466618516, 0.00463401479647, -0.000217580818571, -0.00192082405556, 0.000581961357966, 0.00189902901184, -0.00336448661983, 0.00165820599068, -0.00126887927763, -0.00116201024503], [-0.000115386763355, 0.00217886408791, 1.61768257385e-05, 2.74665194411e-06, -0.000217580818571, 0.00743202865124, -0.0036225928925, -0.000889886519872, 0.00167762406636, 0.000320133985952, -0.00296777416952, 0.00258085178211, -0.000288026989438], [0.00024474246311, -0.00130723358598, 0.00124782510102, 0.000958623364568, -0.00192082405556, -0.0036225928925, 0.0105058327317, -0.00325044081546, -0.00142882345244, 0.00339190941304, -0.000219232242671, -0.0019977176562, 0.00167786865495], [-0.00056817260338, 0.00092519185273, -0.0010146520799, 0.000798342749476, 0.000581961357966, -0.000889886519872, -0.00325044081546, 0.0133587419987, -0.00728618213907, -0.000701828452293, 0.0025987981353, 0.000179151014891, -0.00260949903168], [0.000392157817259, -0.000887164438609, 0.00112641090527, -0.0027556726709, 0.00189902901184, 0.00167762406636, -0.00142882345244, -0.00728618213907, 0.0163511466235, -0.00697103468701, 0.00209275726229, 0.00187870336231, -0.000522866495885], [-0.000443836732302, 0.00122535240371, -9.1353271273e-05, 0.00294646760449, -0.00336448661983, 0.000320133985952, 0.00339190941304, -0.000701828452293, -0.00697103468701, 0.0196227934211, -0.00885490234941, 0.000856972648762, 0.00347657571547], [0.000185342651093, -0.00218424550258, 0.000588359951507, -0.00277101504616, 0.00165820599068, -0.00296777416952, -0.000219232242671, 0.0025987981353, 0.00209275726229, -0.00885490234941, 0.0222940016538, -0.0107519160956, 0.00255313841626], [-0.000107907340862, 0.00266518536955, -0.000564356916584, 0.00142953929026, -0.00126887927763, 0.00258085178211, -0.0019977176562, 0.000179151014891, 0.00187870336231, 0.000856972648762, -0.0107519160956, 0.0226188208908, -0.0100381709635], [-2.34408962569e-05, -0.00156312633771, 0.000993336667307, -0.00149111193605, -0.00116201024503, -0.000288026989438, 0.00167786865495, -0.00260949903168, -0.000522866495885, 0.00347657571547, 0.00255313841626, -0.0100381709635, 0.0212058573961]], "mean": [16.091627121, 68.0444412231, -117.161277771, 54.3237876892, -43.7421569824, 12.3203840256, -29.3459415436, 8.64497756958, -22.1647090912, -0.0827694758773, -19.3782787323, -2.53739595413, -12.9183626175]}, "melbands_spread": {"min": 0.231266781688, "max": 249.69708252, "dvar2": 349.564849854, "median": 36.126121521, "dmean2": 16.2744007111, "dmean": 10.5601406097, "var": 586.414489746, "dvar": 160.286605835, "mean": 38.6904754639}, "spectral_energy": {"min": 1.07703504022e-20, "max": 0.126021236181, "dvar2": 0.000487739802338, "median": 0.019702155143, "dmean2": 0.0142424618825, "dmean": 0.00891013070941, "var": 0.000281685352093, "dvar": 0.000197270361241, "mean": 0.0235427506268}, "mfcc": {"cov": [[6616.00146484, -1609.53039551, -502.821838379, -283.499603271, -249.246765137, 65.7556991577, -12.4205904007, 136.830276489, 159.723526001, 213.517608643, 124.478172302, 106.795120239, 24.5454616547], [-1609.53039551, 1239.62231445, -134.663757324, 19.5070343018, -74.5695266724, -141.298049927, -47.0404129028, -105.952507019, -23.1405792236, -74.8630905151, -7.26612567902, -45.4481582642, -15.7169494629], [-502.821838379, -134.663757324, 677.573669434, 46.1718788147, 90.0022735596, -24.0170650482, -40.460231781, -16.5787467957, -70.8960571289, 4.2407078743, -64.1142196655, -14.368470192, -3.93602895737], [-283.499603271, 19.5070343018, 46.1718788147, 373.678649902, 127.523696899, 8.64910125732, -31.0794696808, -16.0159130096, 1.70076739788, -32.6433372498, -32.8658561707, 14.0316867828, 37.3507575989], [-249.246765137, -74.5695266724, 90.0022735596, 127.523696899, 226.401916504, 52.7968902588, 29.0378456116, -18.9603481293, -11.65716362, -25.2048282623, -21.0126399994, 14.3138332367, 17.1065139771], [65.7556991577, -141.298049927, -24.0170650482, 8.64910125732, 52.7968902588, 168.311508179, 89.2688064575, 28.4406166077, -19.4945812225, -12.0194368362, 19.2280387878, 2.74112987518, -6.56604528427], [-12.4205904007, -47.0404129028, -40.460231781, -31.0794696808, 29.0378456116, 89.2688064575, 155.829986572, 55.4791374207, 0.849380254745, -16.5198516846, 11.8786201477, -0.00197304994799, -4.22592067719], [136.830276489, -105.952507019, -16.5787467957, -16.0159130096, -18.9603481293, 28.4406166077, 55.4791374207, 129.507080078, 58.96667099, 28.3193511963, 2.62710404396, -0.479814678431, 1.49594473839], [159.723526001, -23.1405792236, -70.8960571289, 1.70076739788, -11.65716362, -19.4945812225, 0.849380254745, 58.96667099, 130.651473999, 57.6275672913, 21.3665466309, -4.17134857178, -0.501628816128], [213.517608643, -74.8630905151, 4.2407078743, -32.6433372498, -25.2048282623, -12.0194368362, -16.5198516846, 28.3193511963, 57.6275672913, 110.833763123, 37.8539886475, 6.47787046432, -10.1628293991], [124.478172302, -7.26612567902, -64.1142196655, -32.8658561707, -21.0126399994, 19.2280387878, 11.8786201477, 2.62710404396, 21.3665466309, 37.8539886475, 93.6569671631, 28.5648956299, 0.803009986877], [106.795120239, -45.4481582642, -14.368470192, 14.0316867828, 14.3138332367, 2.74112987518, -0.00197304994799, -0.479814678431, -4.17134857178, 6.47787046432, 28.5648956299, 73.7238998413, 28.1518611908], [24.5454616547, -15.7169494629, -3.93602895737, 37.3507575989, 17.1065139771, -6.56604528427, -4.22592067719, 1.49594473839, -0.501628816128, -10.1628293991, 0.803009986877, 28.1518611908, 71.1385726929]], "icov": [[0.000300846964819, 0.000448949605925, 0.000263482274022, 7.44346980355e-05, 0.000308444577968, 0.000121308010421, 2.79953437712e-05, 0.000190643317183, -0.000123555350001, -0.000164386132383, 2.25562071137e-05, -0.00016590821906, -5.33930615347e-05], [0.000448949605925, 0.00175872805994, 0.000570752948988, -0.000113507012429, 0.00072377815377, 0.00127852335572, -0.000462255557068, 0.00107537733857, -0.00029199878918, 0.000522202637512, -0.000466857163701, 0.000460445968201, 0.000114321366709], [0.000263482274022, 0.000570752948988, 0.00218409392983, 8.24656090117e-05, -0.000702181656379, 0.000744700955693, 0.000439998751972, -0.000464788608951, 0.00162780052051, -0.00123959046323, 0.000901467748918, 0.000302934873616, 9.05663619051e-05], [7.44346980355e-05, -0.000113507012429, 8.24656090117e-05, 0.00381639250554, -0.00198894250207, -0.000635745585896, 0.00160692562349, -0.000373175338609, -0.00068946625106, 0.000712016772013, 0.000779725494795, -0.000394477450754, -0.00128289975692], [0.000308444577968, 0.00072377815377, -0.000702181656379, -0.00198894250207, 0.0075106844306, -0.0017402471276, -0.00188098545186, 0.00301709631458, -0.0020253576804, 0.000415697169956, 0.00148438871838, -0.00171567627694, -0.000375674193492], [0.000121308010421, 0.00127852335572, 0.000744700955693, -0.000635745585896, -0.0017402471276, 0.0112025421113, -0.00499654468149, -0.000977626885287, 0.00291448039934, 0.00030051387148, -0.00310985604301, 0.0016669036122, 0.00123075244483], [2.79953437712e-05, -0.000462255557068, 0.000439998751972, 0.00160692562349, -0.00188098545186, -0.00499654468149, 0.0121689904481, -0.00534591497853, 0.000683401129209, 0.00234647886828, -0.0011602176819, 0.000186205390492, 0.000174740882358], [0.000190643317183, 0.00107537733857, -0.000464788608951, -0.000373175338609, 0.00301709631458, -0.000977626885287, -0.00534591497853, 0.0144776338711, -0.00665194448084, -0.00119084131438, 0.00288308714516, -0.00113470945507, -0.000896267709322], [-0.000123555350001, -0.00029199878918, 0.00162780052051, -0.00068946625106, -0.0020253576804, 0.00291448039934, 0.000683401129209, -0.00665194448084, 0.0148964338005, -0.00590174691752, -0.00185299967416, 0.00296905334108, -0.00052541756304], [-0.000164386132383, 0.000522202637512, -0.00123959046323, 0.000712016772013, 0.000415697169956, 0.00030051387148, 0.00234647886828, -0.00119084131438, -0.00590174691752, 0.0159312132746, -0.00557702127844, -0.000351899623638, 0.00225839810446], [2.25562071137e-05, -0.000466857163701, 0.000901467748918, 0.000779725494795, 0.00148438871838, -0.00310985604301, -0.0011602176819, 0.00288308714516, -0.00185299967416, -0.00557702127844, 0.0173394288868, -0.00697518931702, 0.00051081343554], [-0.00016590821906, 0.000460445968201, 0.000302934873616, -0.000394477450754, -0.00171567627694, 0.0016669036122, 0.000186205390492, -0.00113470945507, 0.00296905334108, -0.000351899623638, -0.00697518931702, 0.0200179591775, -0.00688816932961], [-5.33930615347e-05, 0.000114321366709, 9.05663619051e-05, -0.00128289975692, -0.000375674193492, 0.00123075244483, 0.000174740882358, -0.000896267709322, -0.00052541756304, 0.00225839810446, 0.00051081343554, -0.00688816932961, 0.0180515386164]], "mean": [-624.475708008, 91.5356369019, -5.66023159027, 42.5788612366, 10.3963403702, 11.4293384552, 4.34360933304, 7.34116601944, 4.50707674026, 2.26449322701, -0.0626322552562, 1.52501356602, -2.10673284531]}, "spectral_contrast_valleys": {"min": [-26.9986095428, -27.3802814484, -27.2695407867, -27.3943347931, -27.17619133, -27.1218109131], "max": [-5.09852266312, -4.72464895248, -5.28795719147, -5.49057245255, -5.21102762222, -7.54486942291], "dvar2": [0.30697619915, 0.364942401648, 0.295287102461, 0.238365754485, 0.217233151197, 0.258713960648], "median": [-6.91694498062, -7.10179662704, -7.51719665527, -7.31864070892, -6.58080625534, -9.53891468048], "dmean2": [0.634795665741, 0.637128710747, 0.575324296951, 0.484677970409, 0.388460725546, 0.363375663757], "dmean": [0.387690991163, 0.413789987564, 0.387151569128, 0.335147619247, 0.270832717419, 0.28121176362], "var": [0.728747367859, 0.806141972542, 0.812840163708, 0.896690189838, 0.962447047234, 1.68962574005], "dvar": [0.137285113335, 0.174682930112, 0.158957719803, 0.137439519167, 0.126865699887, 0.158285692334], "mean": [-7.10806655884, -7.273250103, -7.68193292618, -7.54316425323, -6.92920446396, -9.89153766632]}, "barkbands_flatness_db": {"min": 0.0191700328141, "max": 0.536879777908, "dvar2": 0.00106467865407, "median": 0.0928636342287, "dmean2": 0.0297064911574, "dmean": 0.0203397143632, "var": 0.00367133831605, "dvar": 0.000572487770114, "mean": 0.109985277057}, "dynamic_complexity": 2.65567827225, "erbbands_flatness_db": {"min": 0.0306381471455, "max": 0.401357769966, "dvar2": 0.000509544159286, "median": 0.134598836303, "dmean2": 0.0210077352822, "dmean": 0.0146693401039, "var": 0.00166805833578, "dvar": 0.000259078049567, "mean": 0.141276225448}, "hfc": 