{"lowlevel": {"spectral_complexity": {"min": 0, "max": 57, "dvar2": 42.6951332092, "median": 10, "dmean2": 4.92657518387, "dmean": 3.58793973923, "var": 129.096710205, "dvar": 27.6395397186, "mean": 12.8432598114}, "silence_rate_20dB": {"min": 1, "max": 1, "dvar2": 0, "median": 1, "dmean2": 0, "dmean": 0, "var": 0, "dvar": 0, "mean": 1}, "average_loudness": 0.927597045898, "erbbands_spread": {"min": 1.36430072784, "max": 196.784133911, "dvar2": 460.940826416, "median": 44.1525154114, "dmean2": 18.2672767639, "dmean": 12.2100324631, "var": 773.344421387, "dvar": 215.342453003, "mean": 48.8293876648}, "spectral_kurtosis": {"min": -1.21329391003, "max": 50.9983634949, "dvar2": 4.35215091705, "median": 3.11270570755, "dmean2": 1.51543605328, "dmean": 1.00984728336, "var": 8.14266204834, "dvar": 2.14574480057, "mean": 3.49539113045}, "barkbands_kurtosis": {"min": -1.92199599743, "max": 276.768371582, "dvar2": 418.427459717, "median": 2.65371727943, "dmean2": 9.37936115265, "dmean": 6.07691860199, "var": 491.195068359, "dvar": 199.288879395, "mean": 9.42702960968}, "spectral_strongpeak": {"min": 0, "max": 8.71808242798, "dvar2": 1.34354245663, "median": 0.385243713856, "dmean2": 0.75113338232, "dmean": 0.462501138449, "var": 1.06953823566, "dvar": 0.539994060993, "mean": 0.808582603931}, "spectral_spread": {"min": 1732647.875, "max": 17903800, "dvar2": 2801586405380.0, "median": 6251655.5, "dmean2": 1374245.875, "dmean": 977771, "var": 6336797474820.0, "dvar": 1465648939010.0, "mean": 6829876.5}, "spectral_rms": {"min": 1.27707262436e-05, "max": 0.0105305342004, "dvar2": 2.36967275669e-06, "median": 0.00350910797715, "dmean2": 0.00113854475785, "dmean": 0.00082635122817, "var": 5.78037952437e-06, "dvar": 1.22162771277e-06, "mean": 0.00384872662835}, "erbbands": {"min": [1.02907847577e-07, 6.07828781085e-07, 2.70885311693e-06, 4.4303874347e-06, 8.8570823209e-06, 1.82504154509e-05, 1.00990464489e-05, 2.00292815862e-05, 1.21000948639e-05, 7.31189284124e-05, 7.73819847382e-05, 4.59116563434e-05, 1.72576965269e-05, 1.90709743038e-05, 3.35650074703e-05, 3.49920228473e-05, 2.21599166252e-05, 3.6642581108e-05, 4.58220893051e-05, 2.9895489206e-05, 3.11357944156e-05, 2.91453125101e-05, 2.717294592e-05, 3.91308349208e-05, 3.2763058698e-05, 4.42953969468e-05, 3.943961201e-05, 3.53687064489e-05, 4.20151154685e-05, 3.94639646402e-05, 5.32506819582e-05, 4.67638201371e-05, 4.99561538163e-05, 4.81476636196e-05, 4.08168634749e-05, 3.53684226866e-05, 2.05397664104e-05, 7.85478459875e-06, 1.38431926189e-06, 1.26199040551e-07], "max": [2.49564528465, 14.9328966141, 62.2037467957, 124.306015015, 80.8311004639, 249.151779175, 440.804626465, 593.001586914, 894.739135742, 2223.2019043, 2480.84350586, 1801.23681641, 1367.89819336, 2162.89746094, 720.364990234, 1127.7434082, 1119.62133789, 1313.43798828, 938.830993652, 620.307678223, 488.671417236, 449.889129639, 352.067260742, 229.735305786, 131.441375732, 168.775054932, 151.439178467, 114.590171814, 159.221343994, 144.978530884, 148.03074646, 90.3405685425, 117.043083191, 88.6588287354, 30.5719680786, 13.3671140671, 5.33596658707, 1.25340950489, 0.105076432228, 0.00412088166922], "dvar2": [0.0479372665286, 2.9579012394, 62.1645317078, 137.134338379, 108.215057373, 380.877197266, 573.133178711, 1666.9765625, 2105.79663086, 14944.8828125, 24364.546875, 7921.57910156, 8544.46777344, 8704.22558594, 2939.12011719, 3133.77368164, 3190.5859375, 3440.6875, 2065.34936523, 1701.5357666, 1305.0378418, 567.790527344, 373.166412354, 328.778137207, 187.681472778, 173.127044678, 131.126464844, 82.3505935669, 99.1344146729, 81.3202590942, 62.4754257202, 36.1385650635, 20.6519298553, 15.1797227859, 7.25675010681, 2.53887724876, 0.445037305355, 0.0215739831328, 0.000256110273767, 3.30005008209e-07], "median": [0.0144361117855, 0.0922986716032, 0.198610275984, 0.414162456989, 1.09480476379, 1.88178253174, 2.13445949554, 2.37933349609, 3.31139993668, 4.51914691925, 4.95275878906, 3.22164058685, 3.65768051147, 4.47547340393, 3.16044330597, 3.24619817734, 2.57087492943, 3.00323724747, 3.50924682617, 3.22451686859, 3.74883174896, 4.0158996582, 4.04431056976, 4.51529979706, 3.62758851051, 3.57100391388, 2.50792980194, 2.43290877342, 1.90164732933, 1.3688044548, 1.12164449692, 0.879985570908, 0.810649991035, 0.550726592541, 0.345522642136, 0.165308609605, 0.0592767894268, 0.0123068932444, 0.00142707349733, 8.17514228402e-05], "dmean2": [0.0983993709087, 0.759597182274, 2.81117653847, 4.0792427063, 4.91561460495, 7.91476964951, 9.78325653076, 14.6353940964, 18.3420906067, 43.1238670349, 58.263343811, 28.6109752655, 28.8635005951, 29.3311080933, 19.8907108307, 21.3647861481, 18.6680736542, 19.6567573547, 18.5461597443, 16.580160141, 15.7751903534, 11.3181228638, 9.49342632294, 9.75570106506, 7.27554655075, 6.81440401077, 5.22208070755, 4.59937047958, 4.28758621216, 3.36376166344, 3.04994487762, 2.37103939056, 2.04308819771, 1.7229013443, 1.23925602436, 0.725057244301, 0.294162750244, 0.0656423643231, 0.00740303331986, 0.000267479335889], "dmean": [0.0643490254879, 0.469160497189, 1.67287898064, 2.49602842331, 2.91779947281, 4.73997354507, 6.19635772705, 8.81204986572, 12.2098493576, 27.4297180176, 36.8020057678, 18.6212444305, 18.234128952, 18.7384986877, 13.052321434, 13.6770305634, 12.1311216354, 12.6451921463, 11.9384126663, 10.6325531006, 10.1996526718, 7.31540060043, 6.16541290283, 6.32543849945, 4.83622598648, 4.46624469757, 3.49695682526, 3.0926399231, 2.94612431526, 2.37770652771, 2.12253904343, 1.68487799168, 1.44283950329, 1.2158421278, 0.872057497501, 0.511732578278, 0.205351293087, 0.046200055629, 0.00517404917628, 0.000189823826076], "var": [0.071577295661, 2.21534252167, 26.4655628204, 70.5061569214, 55.7518730164, 153.909042358, 504.273590088, 861.515686035, 1581.11132812, 9027.94433594, 15394.7949219, 6406.90722656, 5386.40136719, 4819.20703125, 2948.29272461, 2424.92236328, 3213.89306641, 2939.30273438, 1726.97888184, 1370.17431641, 1170.36035156, 526.854187012, 378.992126465, 352.385406494, 191.20401001, 157.575775146, 129.653305054, 82.5651397705, 94.4969024658, 67.298828125, 51.177066803, 32.9215011597, 27.3790931702, 16.7523002625, 6.20397281647, 1.95548510551, 0.31239926815, 0.0162130780518, 0.000186338511412, 2.39608255015e-07], "dvar": [0.0210093725473, 1.18363261223, 23.6804141998, 53.3093528748, 40.807258606, 141.767440796, 255.905151367, 641.367858887, 934.233825684, 6457.14355469, 9838.60644531, 3377.19311523, 3431.8972168, 3428.75, 1263.49975586, 1294.09545898, 1445.48242188, 1473.31445312, 893.001464844, 720.05657959, 553.879577637, 247.177947998, 153.75428772, 139.881851196, 83.9381561279, 75.9613571167, 58.8623733521, 39.4946861267, 49.2959785461, 40.4238052368, 31.0093765259, 17.6675758362, 10.7166376114, 7.33624792099, 3.29479146004, 1.15965843201, 0.199068054557, 0.00985276885331, 0.00011483180424, 1.47557798869e-07], "mean": [0.146129593253, 0.881986916065, 2.41185545921, 3.72707772255, 4.20935058594, 6.20531082153, 9.01291370392, 11.2566404343, 17.4324989319, 34.8598136902, 49.0988807678, 26.2142448425, 25.904209137, 26.201423645, 21.1087741852, 19.8881416321, 17.952167511, 18.1750621796, 17.4425601959, 16.3269500732, 16.2709445953, 12.5532026291, 11.2200183868, 11.823800087, 9.24901103973, 8.36644077301, 6.69875764847, 5.74920320511, 5.21680021286, 3.9682161808, 3.51079487801, 2.86979269981, 2.64932918549, 2.07922363281, 1.38849449158, 0.772915780544, 0.301646053791, 0.0681884512305, 0.00753841688856, 0.000292364566121]}, "zerocrossingrate": {"min": 0.00341796875, "max": 0.50390625, "dvar2": 0.000763668853324, "median": 0.07177734375, "dmean2": 0.0231354814023, "dmean": 0.0208211056888, "var": 0.006442675367, "dvar": 0.000712806300726, "mean": 0.0973680689931}, "spectral_contrast_coeffs": {"min": [-0.921295523643, -0.941112458706, -0.94196331501, -0.927496790886, -0.929290890694, -0.93446713686], "max": [-0.270521610975, -0.334403038025, -0.347799837589, -0.530080020428, -0.583626031876, -0.655601561069], "dvar2": [0.00557669950649, 0.00521870097145, 0.00288439937867, 0.00197838223539, 0.00100102415308, 0.000694132817443], "median": [-0.669899582863, -0.729819655418, -0.776644349098, -0.793191075325, -0.80157160759, -0.797340095043], "dmean2": [0.0862326398492, 0.0872437506914, 0.0650293081999, 0.0527448244393, 0.0373416095972, 0.028850870207], "dmean": [0.0542394183576, 0.0562073513865, 0.0426545254886, 0.0347716920078, 0.0244660042226, 0.018853019923], "var": [0.0109637733549, 0.0112574556842, 0.00738112488762, 0.00513464119285, 0.00282458798029, 0.00173016090412], "dvar": [0.00236391671933, 0.00239555095322, 0.00134211976547, 0.00092429772485, 0.000466267578304, 0.000320081948303], "mean": [-0.659956336021, -0.717288315296, -0.763739109039, -0.781939089298, -0.794626533985, -0.795978546143]}, "dissonance": {"min": 0.154145509005, "max": 0.500000059605, "dvar2": 0.00145759619772, "median": 0.468676418066, "dmean2": 0.0369458273053, "dmean": 0.0223341677338, "var": 0.00174603972118, "dvar": 0.000590172596276, "mean": 0.456228673458}, "spectral_energyband_high": {"min": 4.72953090025e-08, "max": 0.0146860927343, "dvar2": 1.68542726442e-06, "median": 0.000438994029537, "dmean2": 0.000687234860379, "dmean": 0.000524605449755, "var": 2.24958694162e-06, "dvar": 9.06513776044e-07, "mean": 0.00105735450052}, "spectral_skewness": {"min": -0.605914056301, "max": 6.16019105911, "dvar2": 0.091513812542, "median": 1.47804784775, "dmean2": 0.279368877411, "dmean": 0.190969496965, "var": 0.257622689009, "dvar": 0.0481168478727, "mean": 1.51148939133}, "spectral_flux": {"min": 0.000244463648414, "max": 0.293255776167, "dvar2": 0.00229519093409, "median": 0.0593423694372, "dmean2": 0.0384630300105, "dmean": 0.0250803492963, "var": 0.00289090909064, "dvar": 0.00107455300167, "mean": 0.0727448239923}, "silence_rate_30dB": {"min": 0, "max": 1, "dvar2": 0.000735436566174, "median": 1, "dmean2": 0.000490316248033, "dmean": 0.000245128088864, "var": 0.000122521130834, "dvar": 0.000245118630119, "mean": 0.99987745285}, "spectral_energyband_middle_high": {"min": 1.07151043593e-08, "max": 0.072645097971, "dvar2": 2.70156815532e-05, "median": 0.00142617034726, "dmean2": 0.00253241066821, "dmean": 0.0017772334395, "var": 4.03675840062e-05, "dvar": 1.23349100249e-05, "mean": 0.00391384307295}, "barkbands_spread": {"min": 0.232993721962, "max": 128.795791626, "dvar2": 309.529174805, "median": 23.1067676544, "dmean2": 13.6669769287, "dmean": 8.9393863678, "var": 405.522247314, "dvar": 137.1275177, "mean": 27.7788257599}, "spectral_centroid": {"min": 128.419387817, "max": 8366.1171875, "dvar2": 372162.71875, "median": 1326.30383301, "dmean2": 485.495513916, "dmean": 326.645935059, "var": 837073.3125, "dvar": 204467.265625, "mean": 1496.66381836}, "pitch_salience": {"min": 0.038424950093, "max": 0.910222232342, "dvar2": 0.0137225287035, "median": 0.543884813786, "dmean2": 0.124468356371, "dmean": 0.0786739066243, "var": 0.0204028785229, "dvar": 0.00565528124571, "mean": 0.5296651721}, "erbbands_skewness": {"min": -5.56639719009, "max": 8.39613819122, "dvar2": 0.661515593529, "median": 0.492827355862, "dmean2": 0.763962805271, "dmean": 0.515539228916, "var": 1.48256158829, "dvar": 0.33942964673, "mean": 0.593129813671}, "erbbands_crest": {"min": 2.18575000763, "max": 33.2682228088, "dvar2": 24.223367691, "median": 8.33126926422, "dmean2": 5.14297676086, "dmean": 3.19882774353, "var": 28.3449897766, "dvar": 10.3229398727, "mean": 9.74490833282}, "melbands": {"min": [1.27107779857e-09, 1.64172420103e-09, 9.68883751007e-10, 8.73168426452e-10, 4.96795604654e-10, 4.65127991678e-10, 1.78218342861e-10, 6.87241541453e-10, 5.21578946699e-10, 2.49336745695e-10, 7.27920501653e-11, 7.25939586221e-11, 1.12614653713e-10, 1.04287863067e-10, 5.78335643264e-11, 5.70422528656e-11, 6.27095875227e-11, 6.36878952354e-11, 3.67585094307e-11, 3.14140310986e-11, 2.03869057053e-11, 2.76897463292e-11, 1.76949566111e-11, 2.94016963553e-11, 2.47702986594e-11, 2.16235033351e-11, 2.56543779276e-11, 2.58227380451e-11, 2.28777257555e-11, 2.01777327485e-11, 1.92428399604e-11, 2.11432902436e-11, 2.24132344628e-11, 1.97979792282e-11, 2.67626996953e-11, 2.91373626615e-11, 2.46130529152e-11, 2.93203655799e-11, 3.04553535169e-11, 3.52250485725e-11], "max": [0.0183488558978, 0.0246463157237, 0.0176803860813, 0.0125663932413, 0.0117181064561, 0.0116205299273, 0.0114645762369, 0.0213558338583, 0.0173325128853, 0.00975062977523, 0.00676192343235, 0.00989682413638, 0.00314354337752, 0.00273160613142, 0.00197691260837, 0.00320330751128, 0.00244578602724, 0.00144082936458, 0.000923347368371, 0.000900869898032, 0.000826053204946, 0.000620190927293, 0.000601622916292, 0.000264633039478, 0.000210440513911, 0.00013178633526, 0.000118112257042, 0.000120119264466, 0.000140138829011, 8.71721058502e-05, 7.435358566e-05, 9.31412505452e-05, 9.30807509576e-05, 0.000100407371065, 8.47056071507e-05, 8.33768426673e-05, 5.80915366299e-05, 8.79579529283e-05, 9.0015681053e-05, 7.27150036255e-05], "dvar2": [3.68481687474e-06, 1.01572059066e-05, 3.42794373864e-06, 1.10070743631e-06, 6.0411468894e-07, 7.22037270862e-07, 5.49146420781e-07, 1.67494272318e-06, 1.55408270075e-06, 3.24379442418e-07, 2.29170126431e-07, 1.65745760228e-07, 4.63695428721e-08, 2.95359807723e-08, 2.08847090732e-08, 1.71030443141e-08, 1.31903439282e-08, 7.79365816328e-09, 4.49262671509e-09, 3.15555670483e-09, 1.82885595557e-09, 8.37449054547e-10, 4.99627839101e-10, 3.30289101624e-10, 2.67287331157e-10, 1.57684407198e-10, 1.10081929683e-10, 8.5868083477e-11, 8.20192663786e-11, 4.66207975003e-11, 3.24054533207e-11, 3.83104555024e-11, 2.98374068508e-11, 2.78324915198e-11, 2.07869450819e-11, 2.89095657136e-11, 1.1450200163e-11, 1.13907008825e-11, 1.30075073976e-11, 1.20231402959e-11], "median": [0.000135154739837, 0.000124838596093, 9.21988830669e-05, 0.000117524105008, 8.17563850433e-05, 5.60504413443e-05, 4.97740984429e-05, 4.93268526043e-05, 3.44967120327e-05, 1.5137853552e-05, 1.61738971656e-05, 1.73363296199e-05, 1.00599936559e-05, 7.00547207089e-06, 6.54883842799e-06, 4.5257002057e-06, 4.91288756166e-06, 4.88553723699e-06, 3.80239089282e-06, 3.96546784032e-06, 3.661169103e-06, 3.73401053366e-06, 3.29002614308e-06, 3.23022209159e-06, 3.43082251675e-06, 2.73385649052e-06, 2.15877707888e-06, 2.21056188821e-06, 1.55552220349e-06, 1.28184569803e-06, 1.32995546664e-06, 1.02896547105e-06, 8.11814061308e-07, 6.50469246466e-07, 6.31595980849e-07, 5.59355783025e-07, 4.98947542837e-07, 5.46012870473e-07, 5.08589891979e-07, 4.62520745259e-07], "dmean2": [0.000853467907291, 0.00125294900499, 0.000706804392394, 0.000453213084256, 0.000336580094881, 0.000320308929076, 0.000306657719193, 0.000491617247462, 0.000456597626908, 0.000173493288457, 0.000150316758663, 0.000126799292048, 7.4176430644e-05, 6.37447228655e-05, 5.10111713083e-05, 4.51910273114e-05, 3.76787393179e-05, 3.36836383212e-05, 2.58908949036e-05, 2.14289830183e-05, 1.88859812624e-05, 1.3011073861e-05, 9.93237699731e-06, 9.0800349426e-06, 8.66596383275e-06, 6.78585865899e-06, 5.50973300051e-06, 4.75083606943e-06, 3.95994902647e-06, 2.95887343782e-06, 2.88058686237e-06, 2.63945889856e-06, 2.2308017833e-06, 1.92783454622e-06, 1.80082781753e-06, 1.96105452233e-06, 1.37367260322e-06, 1.47533830841e-06, 1.49785569192e-06, 1.56317321398e-06], "dmean": [0.000549840508029, 0.000761218019761, 0.00043261970859, 0.000269123964244, 0.000211977981962, 0.000195806409465, 0.000204055642826, 0.000313549826387, 0.000287533388473, 0.000111787747301, 9.45940118982e-05, 8.06403913884e-05, 4.89081976411e-05, 4.08561099903e-05, 3.27555972035e-05, 2.90597035928e-05, 2.39583714574e-05, 2.13411658478e-05, 1.66062254721e-05, 1.36153739732e-05, 1.20927470562e-05, 8.31922716316e-06, 6.36508593743e-06, 5.85917678109e-06, 5.52643405172e-06, 4.34665435023e-06, 3.5943542116e-06, 3.07429149871e-06, 2.60530759988e-06, 1.94602625925e-06, 1.90352977825e-06, 1.77007359525e-06, 1.55181351147e-06, 1.32248044338e-06, 1.23316624467e-06, 1.32768286676e-06, 9.60627971835e-07, 1.02434159999e-06, 1.04432808712e-06, 1.07758410195e-06], "var": [4.20999185735e-06, 5.49645756109e-06, 1.84785619695e-06, 4.67759974754e-07, 4.47384053359e-07, 4.22056075422e-07, 4.06235216133e-07, 1.03889442471e-06, 1.01808166164e-06, 2.39099875898e-07, 1.44535874824e-07, 8.88312214897e-08, 4.40887077957e-08, 2.3644233238e-08, 1.48352308216e-08, 1.90211153495e-08, 1.03653299277e-08, 5.62006574611e-09, 3.1155162894e-09, 2.32739938433e-09, 1.60077806566e-09, 6.79292844197e-10, 4.34898561608e-10, 3.32804173109e-10, 2.54029047797e-10, 1.39967676338e-10, 9.70581184867e-11, 6.94142174296e-11, 7.3837588821e-11, 3.58020800506e-11, 2.84699278041e-11, 3.22411611298e-11, 2.63873384948e-11, 1.99572545989e-11, 1.69533918154e-11, 1.83505519807e-11, 1.11104424272e-11, 1.30388243605e-11, 1.4872672538e-11, 1.202581177e-11], "dvar": [1.52711493229e-06, 3.99732789447e-06, 1.34852314204e-06, 4.07916701306e-07, 2.57777458046e-07, 2.8563110277e-07, 2.39678229264e-07, 7.24534515939e-07, 6.2289672087e-07, 1.35826411451e-07, 9.20347957845e-08, 6.50126921187e-08, 1.98949940966e-08, 1.19197727244e-08, 9.20402865034e-09, 7.88927767559e-09, 5.55433077309e-09, 3.25500870701e-09, 1.86387394407e-09, 1.29652866221e-09, 7.82222286944e-10, 3.62861601877e-10, 1.9853330091e-10, 1.38731803823e-10, 1.11395975777e-10, 6.67317520686e-11, 4.83739090451e-11, 3.62198569748e-11, 3.52530712955e-11, 2.041648621e-11, 1.49666147531e-11, 1.80457038201e-11, 1.50228024465e-11, 1.30240826804e-11, 1.0262952814e-11, 1.30077676061e-11, 5.62654783876e-12, 5.57208749627e-12, 6.43266559811e-12, 5.6228654545e-12], "mean": [0.00121500622481, 0.00125278334599, 0.000659096229356, 0.000369543064153, 0.000306364672724, 0.000259907363215, 0.000285178626655, 0.000402223085985, 0.000383300619433, 0.000152621316374, 0.000131277032779, 0.000110008346383, 7.62282943469e-05, 5.79480874876e-05, 4.32219130744e-05, 4.06056788052e-05, 3.24721295328e-05, 2.91340729746e-05, 2.31688463828e-05, 2.00007743842e-05, 1.82560088433e-05, 1.30025364342e-05, 1.05864137367e-05, 9.90932858258e-06, 9.66089282883e-06, 7.56362805987e-06, 6.10332926954e-06, 5.36995048606e-06, 4.58805698145e-06, 3.35417826136e-06, 3.27549992107e-06, 2.97376709568e-06, 2.52272411672e-06, 2.09361587622e-06, 1.99538021661e-06, 1.99343412532e-06, 1.63366621564e-06, 1.82000565019e-06, 1.81250618425e-06, 1.76104413185e-06]}, "spectral_entropy": {"min": 4.34351682663, "max": 9.00693511963, "dvar2": 0.10288477689, "median": 7.78579616547, "dmean2": 0.295058906078, "dmean": 0.209327146411, "var": 0.309516996145, "dvar": 0.056255929172, "mean": 7.72194623947}, "spectral_rolloff": {"min": 43.06640625, "max": 15740.7714844, "dvar2": 8738541, "median": 1119.7265625, "dmean2": 1659.63818359, "dmean": 1011.12457275, "var": 11238867, "dvar": 4040729.5, "mean": 2458.74194336}, "barkbands": {"min": [3.59517103588e-11, 3.20196091863e-09, 1.13982379091e-09, 5.96769855754e-10, 6.05058891878e-09, 2.20789764249e-09, 1.45327339052e-09, 3.03038039107e-09, 1.66416858072e-09, 4.89529916603e-10, 6.73655631278e-10, 6.71426136911e-10, 5.58440849119e-10, 6.63414378987e-10, 6.27055463109e-10, 4.61902016635e-10, 4.171929191e-10, 5.54139012454e-10, 7.06914415893e-10, 9.33815913484e-10, 8.8931734199e-10, 1.17012666223e-09, 1.86288517945e-09, 2.88399082393e-09, 4.68162220102e-09, 1.0142370499e-08, 7.15000059159e-09], "max": [0.00944988429546, 0.0591172799468, 0.0643401145935, 0.0398852340877, 0.0494318716228, 0.0563598275185, 0.0669714361429, 0.0946969911456, 0.0726224184036, 0.0649695619941, 0.0242576450109, 0.0229055564851, 0.0253551676869, 0.021685699001, 0.0149622391909, 0.0106372432783, 0.010157614015, 0.00865109730512, 0.00357861607336, 0.00382538186386, 0.0030834688805, 0.00410920614377, 0.0047163576819, 0.00568460905924, 0.00610512541607, 0.00304763158783, 0.000760157243349], "dvar2": [3.81063216537e-07, 5.0767823268e-05, 7.19992895029e-05, 1.2645858078e-05, 1.95017000806e-05, 1.62487067428e-05, 2.45609280682e-05, 4.45575460617e-05, 1.9766323021e-05, 1.05865401565e-05, 2.86839281216e-06, 2.10132770917e-06, 1.62960236594e-06, 1.39401686283e-06, 6.88253010139e-07, 5.54738790015e-07, 1.82926598313e-07, 1.27103731984e-07, 1.13625553411e-07, 8.22555392688e-08, 5.65420492649e-08, 6.95604498446e-08, 8.82308910377e-08, 6.53158451769e-08, 1.26149757307e-07, 1.21709192058e-07, 8.75072192486e-09], "median": [2.70846321655e-05, 0.000479199341498, 0.000136538845254, 0.000133263427415, 0.00060675520217, 0.000282134336885, 0.000234943145188, 0.000190830221982, 0.000114425158245, 9.65431318036e-05, 6.66814157739e-05, 7.36420042813e-05, 4.50229126727e-05, 5.40498513146e-05, 5.00680471305e-05, 6.02429936407e-05, 6.35926844552e-05, 6.97914510965e-05, 7.81132184784e-05, 7.56801600801e-05, 6.10030801909e-05, 4.91977516504e-05, 4.10558350268e-05, 4.71024832223e-05, 4.94132327731e-05, 3.42728453688e-05, 8.04757291917e-06], "dmean2": [0.000227715805522, 0.00316887162626, 0.00284552597441, 0.00136394740548, 0.00197844207287, 0.00162203842774, 0.00191511469893, 0.00264812330715, 0.00141067651566, 0.00101111398544, 0.000579227402341, 0.00056751590455, 0.000439410912804, 0.000422818324296, 0.000342288491083, 0.000312735064654, 0.000207044722629, 0.000178793270607, 0.000180865754373, 0.000148631050251, 0.000116415998491, 0.000112440648081, 0.000109416061605, 0.000111994457257, 0.000160677896929, 0.000155641595484, 4.28622479376e-05], "dmean": [0.000148633815115, 0.00200673332438, 0.00167611101642, 0.000835519691464, 0.00118880707305, 0.00101129116956, 0.00125267473049, 0.00166946090758, 0.000901405815966, 0.000637737859506, 0.000378789496608, 0.000361270824214, 0.000284572015516, 0.000264872302068, 0.000218445798964, 0.00019783533935, 0.000132869667141, 0.000116023758892, 0.000116729032015, 9.76971568889e-05, 7.8442877566e-05, 7.88119868957e-05, 7.55680302973e-05, 8.06151292636e-05, 0.000114269663754, 0.000111008099339, 2.98286176985e-05], "var": [3.2062771993e-07, 5.09484816575e-05, 2.62857265625e-05, 9.34181844059e-06, 8.65809670358e-06, 1.19893193187e-05, 1.57543636305e-05, 2.7083342502e-05, 1.43862234836e-05, 6.19770344201e-06, 2.44002762884e-06, 1.70053692727e-06, 1.79957305591e-06, 1.03540730834e-06, 5.36338973234e-07, 4.38982482365e-07, 1.81006768685e-07, 1.34629274839e-07, 1.05902550729e-07, 7.79701139209e-08, 5.88651545286e-08, 6.87722376824e-08, 6.65154118451e-08, 8.23599179967e-08, 1.24065550722e-07, 9.40667916893e-08, 6.25063156789e-09], "dvar": [1.53604702291e-07, 2.07677676372e-05, 2.71920944215e-05, 5.06107880938e-06, 7.29525936549e-06, 6.82721110934e-06, 1.0310257494e-05, 1.83156498679e-05, 8.09055927675e-06, 4.16252805735e-06, 1.19782009733e-06, 8.6807142452e-07, 7.60770717534e-07, 5.6188241615e-07, 2.94419322699e-07, 2.28895260079e-07, 8.17559282495e-08, 5.40452091968e-08, 4.79450079638e-08, 3.58784291166e-08, 2.66387463199e-08, 3.57804346152e-08, 4.27360511424e-08, 3.36922632016e-08, 5.92200493088e-08, 5.60319257659e-08, 3.90960508412e-09], "mean": [0.000280542037217, 0.0043402351439, 0.00210108049214, 0.00131571060047, 0.00166714808438, 0.00138476339635, 0.00162739958614, 0.00212048436515, 0.00121323973872, 0.000851024524309, 0.000558347906917, 0.000515974883456, 0.000396193761844, 0.000361699989298, 0.000303674401948, 0.000294581637718, 0.000215862281038, 0.000203022413189, 0.000210716432775, 0.000181646741112, 0.00015180981427, 0.000137814844493, 0.000123625577544, 0.000149975880049, 0.000190017774003, 0.000168054175447, 4.32045380876e-05]}, "melbands_flatness_db": {"min": 0.0156563725322, "max": 0.586475133896, "dvar2": 0.00208034459502, "median": 0.186711594462, "dmean2": 0.0433593280613, "dmean": 0.0296539105475, "var": 0.00659768516198, "dvar": 0.00102028110996, "mean": 0.195840865374}, "melbands_skewness": {"min": -4.57337188721, "max": 25.0515422821, "dvar2": 4.08541965485, "median": 2.73501086235, "dmean2": 1.62568497658, "dmean": 1.09498953819, "var": 8.97562980652, "dvar": 1.87162744999, "mean": 3.50615501404}, "barkbands_skewness": {"min": -8.26374912262, "max": 13.5954017639, "dvar2": 2.06909894943, "median": 1.62878012657, "dmean2": 1.14980924129, "dmean": 0.779719471931, "var": 4.08676815033, "dvar": 0.979032933712, "mean": 1.96282970905}, "silence_rate_60dB": {"min": 0, "max": 1, "dvar2": 0.145577788353, "median": 0, "dmean2": 0.152733519673, "dmean": 0.0764799639583, "var": 0.162981376052, "dvar": 0.0706354305148, "mean": 0.205024510622}, "spectral_energyband_low": {"min": 1.85272703845e-08, "max": 0.0996586456895, "dvar2": 0.000162286843988, "median": 0.00116933183745, "dmean2": 0.00554323801771, "dmean": 0.00350543251261, "var": 0.000140229894896, "dvar": 6.82761747157e-05, "mean": 0.00747551070526}, "spectral_energyband_middle_low": {"min": 4.32318323362e-08, "max": 0.105152405798, "dvar2": 0.000160440686159, "median": 0.00451835105196, "dmean2": 0.00755807571113, "dmean": 0.00492647849023, "var": 0.00015460922441, "dvar": 6.82690370013e-05, "mean": 0.00951874349266}, "melbands_kurtosis": {"min": -1.91101396084, "max": 806.837219238, "dvar2": 2758.37646484, "median": 11.0129585266, "dmean2": 24.6035461426, "dmean": 16.0637702942, "var": 3912.17797852, "dvar": 1221.12451172, "mean": 30.8323459625}, "spectral_decrease": {"min": -2.87890618011e-08, "max": 1.99287999297e-11, "dvar2": 2.31565109668e-17, "median": -3.00271429943e-09, "dmean2": 2.95124102934e-09, "dmean": 1.97384708578e-09, "var": 2.99353156437e-17, "dvar": 1.03391687043e-17, "mean": -5.11603959197e-09}, "erbbands_kurtosis": {"min": -1.8560962677, "max": 105.678405762, "dvar2": 32.5489273071, "median": -0.103101491928, "dmean2": 2.79607534409, "dmean": 1.82790124416, "var": 42.5224304199, "dvar": 16.2045631409, "mean": 1.70720601082}, "melbands_crest": {"min": 2.95084619522, "max": 37.0939941406, "dvar2": 30.1713752747, "median": 14.6982793808, "dmean2": 5.93727970123, "dmean": 3.69327902794, "var": 40.3247489929, "dvar": 12.2924413681, "mean": 15.5544300079}, "gfcc": {"cov": [[13990.5634766, 109.702919006, -1052.22741699, -92.5820922852, 44.6134109497, 248.671173096, 30.2450027466, 255.744003296, 79.3728256226, 49.2614402771, -147.921478271, 58.764541626, -128.892959595], [109.702919006, 1867.41491699, -1.7603110075, 377.636932373, 231.624740601, -40.5672454834, 68.2522964478, -46.2371139526, 63.9516525269, -38.4772453308, 45.8054695129, -120.548965454, -38.7229042053], [-1052.22741699, -1.7603110075, 1301.77478027, 396.745574951, 296.165222168, 135.048156738, -25.6825408936, -27.6875457764, -64.8199920654, -5.39064836502, -36.6318283081, 30.0082492828, -25.9120178223], [-92.5820922852, 377.636932373, 396.745574951, 992.807250977, 396.284790039, 141.16960144, 17.8940906525, 59.6212501526, 74.3379211426, -16.0588054657, 3.61140441895, -49.0892677307, 29.7031764984], [44.6134109497, 231.624740601, 296.165222168, 396.284790039, 527.88671875, 217.102920532, 125.514472961, 90.5109634399, 25.5615711212, 9.98917579651, -42.324672699, -13.5302762985, 5.30241680145], [248.671173096, -40.5672454834, 135.048156738, 141.16960144, 217.102920532, 378.268127441, 198.960632324, 76.6924133301, -0.838522911072, 0.320418715477, -3.59465432167, -8.91799545288, -4.14568281174], [30.2450027466, 68.2522964478, -25.6825408936, 17.8940906525, 125.514472961, 198.960632324, 267.038848877, 107.791893005, 32.6756973267, 16.4338760376, 1.98528087139, -5.68096351624, -13.6326265335], [255.744003296, -46.2371139526, -27.6875457764, 59.6212501526, 90.5109634399, 76.6924133301, 107.791893005, 197.317840576, 100.650558472, 42.6299667358, 3.48489046097, -8.46603870392, 4.35870361328], [79.3728256226, 63.9516525269, -64.8199920654, 74.3379211426, 25.5615711212, -0.838522911072, 32.6756973267, 100.650558472, 180.605728149, 79.6783065796, 14.1159000397, -26.5740699768, -2.43645596504], [49.2614402771, -38.4772453308, -5.39064836502, -16.0588054657, 9.98917579651, 0.320418715477, 16.4338760376, 42.6299667358, 79.6783065796, 126.07888031, 58.2080726624, 6.01616334915, -6.22919797897], [-147.921478271, 45.8054695129, -36.6318283081, 3.61140441895, -42.324672699, -3.59465432167, 1.98528087139, 3.48489046097, 14.1159000397, 58.2080726624, 128.226821899, 45.7157478333, 16.1007671356], [58.764541626, -120.548965454, 30.0082492828, -49.0892677307, -13.5302762985, -8.91799545288, -5.68096351624, -8.46603870392, -26.5740699768, 6.01616334915, 45.7157478333, 117.898033142, 55.9508590698], [-128.892959595, -38.7229042053, -25.9120178223, 29.7031764984, 5.30241680145, -4.14568281174, -13.6326265335, 4.35870361328, -2.43645596504, -6.22919797897, 16.1007671356, 55.9508590698, 101.098686218]], "icov": [[0.000102254016383, -7.53702988732e-05, 0.000148901730427, -6.83439138811e-05, 9.30011228775e-05, -0.00025391287636, 0.000284097506665, -0.000270249438472, 0.000171083884197, -0.000298072583973, 0.00046977394959, -0.000524874951225, 0.000395834707888], [-7.53702988732e-05, 0.000906151370145, -0.000114739741548, -3.41246277458e-06, -0.000727671256755, 0.000901738821995, -0.000940029334743, 0.00105106283445, -0.000876341713592, 0.00137256644666, -0.00171861529816, 0.0016083905939, -0.000427327584475], [0.000148901730427, -0.000114739741548, 0.00131108646747, -0.000526908086613, -0.000127314429847, -0.000723450561054, 0.000909927941393, -0.000362903578207, 0.00085544900503, -0.00111805985216, 0.00140165502671, -0.00178730674088, 0.00146973936353], [-6.83439138811e-05, -3.41246277458e-06, -0.000526908086613, 0.00204474991187, -0.00145982787944, 3.93491936848e-05, 0.000399058044422, 0.000314870179864, -0.00147121783812, 0.00191145564895, -0.00198554527014, 0.0018714570906, -0.00134301476646], [9.30011228775e-05, -0.000727671256755, -0.000127314429847, -0.00145982787944, 0.0046509434469, -0.00195046467707, 0.000153807879542, -0.00174736813642, 0.0017282726476, -0.00295141688548, 0.00379309919663, -0.0022770720534, 0.000524203118403], [-0.00025391287636, 0.000901738821995, -0.000723450561054, 3.93491936848e-05, -0.00195046467707, 0.00660834088922, -0.00491906842217, 0.00135856936686, -0.000228950128076, 0.00198434153572, -0.00305386330001, 0.00322687323205, -0.0017066631699], [0.000284097506665, -0.000940029334743, 0.000909927941393, 0.000399058044422, 0.000153807879542, -0.00491906842217, 0.00936637446284, -0.00433237245306, 0.00108687824104, -0.00144684035331, 0.00212659896351, -0.00317639694549, 0.00271441088989], [-0.000270249438472, 0.00105106283445, -0.000362903578207, 0.000314870179864, -0.00174736813642, 0.00135856936686, -0.00433237245306, 0.0109499692917, -0.00604381039739, 0.00221232161857, -0.00249286228791, 0.00232178042643, -0.00193369644694], [0.000171083884197, -0.000876341713592, 0.00085544900503, -0.00147121783812, 0.0017282726476, -0.000228950128076, 0.00108687824104, -0.00604381039739, 0.0132201695815, -0.00900721084327, 0.00421832595021, -0.000239538014284, 6.54510295135e-05], [-0.000298072583973, 0.00137256644666, -0.00111805985216, 0.00191145564895, -0.00295141688548, 0.00198434153572, -0.00144684035331, 0.00221232161857, -0.00900721084327, 0.0189847275615, -0.0111792599782, 0.00397492479533, -0.00022354410612], [0.00046977394959, -0.00171861529816, 0.00140165502671, -0.00198554527014, 0.00379309919663, -0.00305386330001, 0.00212659896351, -0.00249286228791, 0.00421832595021, -0.0111792599782, 0.0184490270913, -0.010115839541, 0.00302642583847], [-0.000524874951225, 0.0016083905939, -0.00178730674088, 0.0018714570906, -0.0022770720534, 0.00322687323205, -0.00317639694549, 0.00232178042643, -0.000239538014284, 0.00397492479533, -0.010115839541, 0.0203986149281, -0.0107767311856], [0.000395834707888, -0.000427327584475, 0.00146973936353, -0.00134301476646, 0.000524203118403, -0.0017066631699, 0.00271441088989, -0.00193369644694, 6.54510295135e-05, -0.00022354410612, 0.00302642583847, -0.0107767311856, 0.0168254747987]], "mean": [-33.9743003845, 42.9594535828, -88.9579544067, 17.706029892, -57.225933075, 6.93661880493, -35.2775726318, 13.3002500534, -23.2103710175, 7.24667024612, -15.8526124954, 2.78140735626, -11.1831130981]}, "melbands_spread": {"min": 0.371335923672, "max": 285.561126709, "dvar2": 859.407409668, "median": 18.3126716614, "dmean2": 15.3860683441, "dmean": 10.02891922, "var": 844.153076172, "dvar": 382.645080566, "mean": 25.9149837494}, "spectral_energy": {"min": 1.67168735743e-07, "max": 0.113664455712, "dvar2": 0.0003596576571, "median": 0.0126216858625, "dmean2": 0.0116899227723, "dmean": 0.00793286971748, "var": 0.000488462334033, "dvar": 0.000163436532603, "mean": 0.0211078543216}, "mfcc": {"cov": [[13770.4550781, 492.983581543, -1217.77893066, -268.418487549, -169.09487915, 1.77630412579, -76.9699783325, 149.875396729, 168.180709839, 124.853492737, 106.133026123, 12.2260475159, 70.5301208496], [492.983581543, 1348.70678711, -12.3495731354, 144.952041626, 57.8022270203, 39.5924491882, 36.0736274719, -4.47571802139, -18.4555301666, 4.19711685181, 50.3125991821, -12.9163007736, -15.7594652176], [-1217.77893066, -12.3495731354, 890.415466309, 286.33581543, 251.233932495, 148.435638428, 70.671081543, 20.2733249664, -15.1169614792, -36.3994445801, -30.1359462738, 4.05019235611, 6.07999897003], [-268.418487549, 144.952041626, 286.33581543, 736.998596191, 399.625305176, 149.568832397, 44.6606292725, 54.1769256592, 79.7276763916, 43.6139144897, -9.75164031982, 45.3826904297, 33.0481567383], [-169.09487915, 57.8022270203, 251.233932495, 399.625305176, 455.097869873, 197.153427124, 108.298316956, 74.2660598755, 101.921104431, 37.00050354, -0.83770596981, 21.9472522736, 16.7063789368], [1.77630412579, 39.5924491882, 148.435638428, 149.568832397, 197.153427124, 308.166656494, 187.837295532, 105.982536316, 73.7729263306, 33.5076789856, 22.4368972778, 6.89241027832, -11.31727314], [-76.9699783325, 36.0736274719, 70.671081543, 44.6606292725, 108.298316956, 187.837295532, 280.388946533, 144.784820557, 70.2566375732, 20.9326457977, 31.1032295227, 17.437664032, -1.6472928524], [149.875396729, -4.47571802139, 20.2733249664, 54.1769256592, 74.2660598755, 105.982536316, 144.784820557, 186.939620972, 112.939254761, 38.0948257446, 22.3179550171, 12.6979818344, 7.68428182602], [168.180709839, -18.4555301666, -15.1169614792, 79.7276763916, 101.921104431, 73.7729263306, 70.2566375732, 112.939254761, 198.309951782, 96.1731567383, 36.9995498657, 23.8552742004, 18.9766559601], [124.853492737, 4.19711685181, -36.3994445801, 43.6139144897, 37.00050354, 33.5076789856, 20.9326457977, 38.0948257446, 96.1731567383, 157.139907837, 91.1388092041, 30.6703605652, 6.54122972488], [106.133026123, 50.3125991821, -30.1359462738, -9.75164031982, -0.83770596981, 22.4368972778, 31.1032295227, 22.3179550171, 36.9995498657, 91.1388092041, 150.410736084, 61.4960784912, 6.56951570511], [12.2260475159, -12.9163007736, 4.05019235611, 45.3826904297, 21.9472522736, 6.89241027832, 17.437664032, 12.6979818344, 23.8552742004, 30.6703605652, 61.4960784912, 114.98425293, 61.4144477844], [70.5301208496, -15.7594652176, 6.07999897003, 33.0481567383, 16.7063789368, -11.31727314, -1.6472928524, 7.68428182602, 18.9766559601, 6.54122972488, 6.56951570511, 61.4144477844, 112.508743286]], "icov": [[8.78544306033e-05, -3.26705157931e-05, 0.000126462095068, 2.14698466152e-05, -2.24830673687e-05, -9.03661930352e-05, 0.000128162719193, -0.000128219893668, 2.3959128157e-06, 9.15790405998e-06, -3.90818313463e-05, 4.51781306765e-05, -9.12247560336e-05], [-3.26705157931e-05, 0.000815791659988, 4.00884018745e-05, -0.000289226911264, 6.23012310825e-05, 2.92514851026e-05, -0.000225697600399, 0.0002020742686, 7.23723132978e-05, 0.000285714224447, -0.000636250479147, 0.000489860773087, -6.49369176244e-05], [0.000126462095068, 4.00884018745e-05, 0.00163451151457, -0.000264420144958, -0.000559016654734, -0.000500482390635, 0.000150887703057, -0.000173442429514, 0.000500363414176, 0.000349994865246, -0.000113525245979, 0.000150832289364, -0.000218050234253], [2.14698466152e-05, -0.000289226911264, -0.000264420144958, 0.002952785464, -0.00244533387013, -7.70958431531e-05, 0.000893335381988, -0.000692536938004, 0.000514084182214, -0.000963538419455, 0.00111366179772, -0.00128483213484, 0.000114326969197], [-2.24830673687e-05, 6.23012310825e-05, -0.000559016654734, -0.00244533387013, 0.00581610575318, -0.00188149162568, -0.000598830694798, 0.00111666251905, -0.00206286553293, 0.000611481489614, -7.38387370802e-06, 0.000369702553144, -0.000255594175542], [-9.03661930352e-05, 2.92514851026e-05, -0.000500482390635, -7.70958431531e-05, -0.00188149162568, 0.00725784059614, -0.00393649144098, -6.4150437538e-05, -5.05643365614e-05, -0.000586338283028, -0.000125018850667, 0.000319677725201, 0.000942051236052], [0.000128162719193, -0.000225697600399, 0.000150887703057, 0.000893335381988, -0.000598830694798, -0.00393649144098, 0.00899740494788, -0.00560263870284, 0.00119596219156, 0.000687749998178, -0.000719466421288, -0.00090189371258, 0.000117436458822], [-0.000128219893668, 0.0002020742686, -0.000173442429514, -0.000692536938004, 0.00111666251905, -6.4150437538e-05, -0.00560263870284, 0.0132057331502, -0.00649002986029, 0.00172656960785, -0.000636670913082, 0.000873974116985, -0.000280373351416], [2.3959128157e-06, 7.23723132978e-05, 0.000500363414176, 0.000514084182214, -0.00206286553293, -5.05643365614e-05, 0.00119596219156, -0.00649002986029, 0.0122454380617, -0.00673005869612, 0.00225563161075, -0.000824693590403, -0.000763078511227], [9.15790405998e-06, 0.000285714224447, 0.000349994865246, -0.000963538419455, 0.000611481489614, -0.000586338283028, 0.000687749998178, 0.00172656960785, -0.00673005869612, 0.0149045549333, -0.00872098095715, 0.00235753064044, -0.000468300102511], [-3.90818313463e-05, -0.000636250479147, -0.000113525245979, 0.00111366179772, -7.38387370802e-06, -0.000125018850667, -0.000719466421288, -0.000636670913082, 0.00225563161075, -0.00872098095715, 0.0152431242168, -0.00847824290395, 0.00350034283474], [4.51781306765e-05, 0.000489860773087, 0.000150832289364, -0.00128483213484, 0.000369702553144, 0.000319677725201, -0.00090189371258, 0.000873974116985, -0.000824693590403, 0.00235753064044, -0.00847824290395, 0.0181281324476, -0.00908449199051], [-9.12247560336e-05, -6.49369176244e-05, -0.000218050234253, 0.000114326969197, -0.000255594175542, 0.000942051236052, 0.000117436458822, -0.000280373351416, -0.000763078511227, -0.000468300102511, 0.00350034283474, -0.00908449199051, 0.013978513889]], "mean": [-691.756591797, 90.5000228882, 15.8731164932, 16.1962165833, 1.48592400551, -3.50706648827, 0.836245119572, -0.0287609398365, 1.03752791882, 1.10695886612, 1.30761361122, 0.194396868348, 0.584253013134]}, "spectral_contrast_valleys": {"min": [-13.3879613876, -12.2696933746, -13.1126203537, -13.3113574982, -13.0819225311, -14.3743038177], "max": [-5.19880342484, -4.48384141922, -5.09400463104, -5.52253770828, -5.72363805771, -7.60517120361], "dvar2": [0.438682049513, 0.427098125219, 0.370547622442, 0.357722312212, 0.260487496853, 0.299985021353], "median": [-7.97712802887, -7.30958747864, -8.02577400208, -8.32757472992, -7.88956785202, -9.81862163544], "dmean2": [0.726421535015, 0.72246837616, 0.642267823219, 0.573148131371, 0.460550040007, 0.443120807409], "dmean": [0.481517106295, 0.483970850706, 0.455355137587, 0.424360126257, 0.358924895525, 0.372255206108], "var": [2.26087379456, 1.52406811714, 1.67435622215, 1.61462306976, 1.51351475716, 1.44577181339], "dvar": [0.22898991406, 0.224287033081, 0.21280875802, 0.210073962808, 0.168817549944, 0.186783283949], "mean": [-8.09269237518, -7.38399267197, -8.11930751801, -8.45947742462, -8.07487869263, -9.97535991669]}, "barkbands_flatness_db": {"min": 0.0188960507512, "max": 0.450075656176, "dvar2": 0.00134583702311, "median": 0.114193931222, "dmean2": 0.0361944399774, "dmean": 0.0245966389775, "var": 0.00397644983605, "dvar": 0.000674139708281, "mean": 0.126555278897}, "dynamic_complexity": 5.48502731323, "erbbands_flatness_db": {"min": 0.028420811519, "max": 0.421028763056, "dvar2": 0.000953706388827, "median": 0.121066078544, "dmean2": 0.0311537198722, "dmean": 0.0217263661325, "var": 0.00291667506099, "dvar": 0.000503621413372, "mean": 0.