{"lowlevel": {"spectral_complexity": {"min": 0, "max": 61, "dvar2": 58.5164108276, "median": 10, "dmean2": 5.53459215164, "dmean": 3.94022011757, "var": 132.278579712, "dvar": 33.735622406, "mean": 12.7769880295}, "silence_rate_20dB": {"min": 1, "max": 1, "dvar2": 0, "median": 1, "dmean2": 0, "dmean": 0, "var": 0, "dvar": 0, "mean": 1}, "average_loudness": 0.859816670418, "erbbands_spread": {"min": 0.531631171703, "max": 205.081176758, "dvar2": 400.168823242, "median": 28.0686168671, "dmean2": 15.6280794144, "dmean": 10.9047365189, "var": 603.824890137, "dvar": 192.30480957, "mean": 35.3575515747}, "spectral_kurtosis": {"min": -1.25754916668, "max": 253.020263672, "dvar2": 201.494979858, "median": 4.40162944794, "dmean2": 5.16959810257, "dmean": 3.27863097191, "var": 315.230316162, "dvar": 86.7899932861, "mean": 8.15368175507}, "barkbands_kurtosis": {"min": -1.95072364807, "max": 1029.27429199, "dvar2": 2429.43579102, "median": 2.87828636169, "dmean2": 14.2049751282, "dmean": 9.44171714783, "var": 2186.23779297, "dvar": 1153.01879883, "mean": 13.456990242}, "spectral_strongpeak": {"min": 0, "max": 12.5149841309, "dvar2": 1.32325923443, "median": 0.520832479, "dmean2": 0.712499558926, "dmean": 0.45732447505, "var": 1.2602493763, "dvar": 0.583143234253, "mean": 0.897639632225}, "spectral_spread": {"min": 303842.375, "max": 43791484, "dvar2": 1722042155010.0, "median": 4710284, "dmean2": 997527.0625, "dmean": 692435.5, "var": 7780175446020.0, "dvar": 854452731904, "mean": 4870386.5}, "spectral_rms": {"min": 3.1481739958e-12, "max": 0.0145781664178, "dvar2": 2.29398801821e-06, "median": 0.00366904982366, "dmean2": 0.00112600624561, "dmean": 0.000877522339579, "var": 7.89754722064e-06, "dvar": 1.48514584453e-06, "mean": 0.00408916454762}, "erbbands": {"min": [1.91095104563e-22, 7.74158254509e-22, 2.36959820905e-21, 6.13818461223e-21, 1.96052678076e-20, 2.78779802776e-20, 2.2657388169e-20, 6.89409545629e-20, 1.86190743239e-19, 2.12290928203e-19, 5.38523374997e-19, 3.21628372429e-19, 7.73509773989e-19, 6.65055797432e-19, 1.34666296193e-18, 1.40028597912e-18, 1.32379028062e-18, 1.84229190399e-18, 2.47221558305e-18, 3.64954236928e-18, 4.58493309521e-18, 6.24831182976e-18, 5.72609078877e-18, 5.1341185698e-18, 7.85870799172e-18, 7.19622234785e-18, 9.66855104784e-18, 1.27248957301e-17, 1.24862772844e-17, 1.22880583399e-17, 1.12377234232e-17, 1.27746663604e-17, 1.30268729019e-17, 7.81463332714e-18, 6.98310836201e-18, 3.88737623413e-18, 2.41265857894e-18, 9.27762259522e-19, 2.26421253942e-19, 2.832746893e-20], "max": [8.70890045166, 46.0685272217, 89.5084533691, 201.904006958, 162.429000854, 108.310913086, 335.919677734, 1119.89331055, 1005.0725708, 2084.31591797, 2375.02880859, 1465.75805664, 3349.90234375, 4470.02880859, 1471.73083496, 2286.05102539, 988.018493652, 617.833007812, 1386.9630127, 846.793212891, 1139.22192383, 459.842407227, 333.910949707, 593.672119141, 456.470550537, 197.09677124, 271.771240234, 252.530181885, 464.993927002, 371.406799316, 460.194854736, 478.88192749, 361.034423828, 140.319717407, 41.3138542175, 23.100069046, 19.8283157349, 4.37655544281, 1.25502717495, 0.0389544740319], "dvar2": [0.676219284534, 24.1994857788, 91.6687088013, 919.230407715, 524.566711426, 209.759292603, 615.811767578, 1207.03466797, 3995.41918945, 9957.81933594, 4756.39208984, 5848.35351562, 9705.91210938, 7698.23876953, 3791.83764648, 4160.65966797, 1491.30371094, 1603.80895996, 2861.20922852, 2170.19506836, 1093.50183105, 605.692565918, 752.389343262, 524.392700195, 590.326721191, 219.750976562, 177.556869507, 280.212982178, 479.764892578, 331.667755127, 384.659637451, 270.517852783, 105.107406616, 22.0415992737, 3.36011385918, 0.515426754951, 0.131739601493, 0.00367543799803, 0.000283463363303, 6.14545740518e-07], "median": [0.00791658740491, 0.0837334617972, 0.169389262795, 0.40590429306, 0.880198419094, 1.7158921957, 2.25406837463, 3.75830554962, 5.49961709976, 5.66368961334, 5.04376077652, 4.45051050186, 5.45660877228, 5.03264570236, 4.16131258011, 3.48403429985, 3.40741658211, 4.96110916138, 4.27495670319, 3.33892059326, 2.37280201912, 1.88580107689, 1.85387325287, 2.28580594063, 2.05822300911, 1.77410078049, 1.12834334373, 1.01622772217, 0.797701478004, 0.586809754372, 0.454400151968, 0.356414586306, 0.200127094984, 0.100339435041, 0.0595865398645, 0.0242457278073, 0.0100358836353, 0.0022744347807, 0.000281981629087, 3.63113176718e-05], "dmean2": [0.228395238519, 1.42057549953, 2.66588926315, 9.10888767242, 7.78318357468, 6.49778175354, 10.7542085648, 14.1811923981, 24.8558120728, 32.349521637, 20.3383998871, 20.3704280853, 26.9080810547, 24.5847015381, 19.8718147278, 17.5230846405, 14.931230545, 18.2820968628, 19.8279209137, 19.0653419495, 10.6406974792, 9.82908916473, 10.8636074066, 9.77102851868, 10.8411369324, 7.69176864624, 5.57728433609, 6.95287227631, 6.63971471786, 5.43895196915, 4.52698135376, 3.30081343651, 2.22563290596, 1.0922652483, 0.499529987574, 0.192033872008, 0.0692521631718, 0.0163269732147, 0.00260797259398, 0.000169354651007], "dmean": [0.178953051567, 0.994442880154, 1.79696416855, 5.81381464005, 4.90247964859, 3.85767960548, 6.47713279724, 8.93523025513, 16.0070743561, 21.0691261292, 13.6220855713, 13.9790554047, 19.0709037781, 17.9410705566, 13.4240226746, 11.931804657, 10.2812747955, 12.2347297668, 13.2566432953, 11.8852996826, 7.08225154877, 5.99955368042, 6.45377922058, 6.2590508461, 6.97818231583, 5.4607167244, 3.99346423149, 4.95696878433, 4.88810777664, 3.95305228233, 3.3034722805, 2.35060191154, 1.55745542049, 0.764576494694, 0.358374536037, 0.139805480838, 0.0527743808925, 0.0119466548786, 0.00205397955142, 0.000129211723106], "var": [0.888300359249, 27.3979606628, 49.4454841614, 429.381469727, 273.765777588, 86.6983184814, 306.608520508, 1048.32678223, 3112.44726562, 6706.54492188, 3877.70678711, 4298.48925781, 10706.21875, 19744.6660156, 3313.73266602, 3479.85327148, 1405.55029297, 1394.3996582, 2188.63110352, 1342.33447266, 537.792907715, 303.071868896, 310.519500732, 418.86340332, 452.393066406, 329.857940674, 197.178878784, 309.70135498, 375.603088379, 281.651031494, 326.671203613, 215.073760986, 134.372146606, 24.7214355469, 3.48558688164, 0.517018675804, 0.0804959908128, 0.00535682728514, 0.000393781985622, 1.20292656902e-06], "dvar": [0.380687266588, 14.0078907013, 43.706817627, 377.962097168, 216.652206421, 77.9435119629, 237.5027771, 526.893188477, 1810.90209961, 4428.43408203, 2252.44921875, 2709.56958008, 4885.14257812, 4683.84570312, 1711.45617676, 1982.03723145, 714.475463867, 722.750793457, 1276.2689209, 871.632446289, 417.202758789, 230.816970825, 281.057525635, 245.967437744, 265.703033447, 125.896881104, 93.6809768677, 143.807846069, 223.364395142, 160.044815063, 191.262451172, 127.744514465, 62.5461463928, 12.0766162872, 1.75142621994, 0.268018722534, 0.0583454146981, 0.00255375215784, 0.00020446239796, 3.78738093332e-07], "mean": [0.329726547003, 1.51018726826, 2.00208902359, 6.47721004486, 6.1202082634, 5.05517625809, 8.46078968048, 12.9931249619, 23.3075199127, 30.1017723083, 20.7567882538, 21.1499042511, 31.5908050537, 32.6685409546, 21.4055557251, 17.4021377563, 15.6647338867, 18.6222896576, 18.9575195312, 16.0362148285, 10.3995790482, 8.31952953339, 8.36782932281, 9.50922870636, 9.99965667725, 8.88101768494, 6.07187795639, 7.61322927475, 6.87863779068, 5.81618309021, 5.01064920425, 3.55587458611, 2.32309007645, 1.15317893028, 0.541629612446, 0.205804467201, 0.0765638798475, 0.0186957716942, 0.00324310571887, 0.000265429698629]}, "zerocrossingrate": {"min": 0.00146484375, "max": 0.6708984375, "dvar2": 0.000481871713419, "median": 0.05078125, "dmean2": 0.0161672811955, "dmean": 0.0155605850741, "var": 0.00596266798675, "dvar": 0.000527388241608, "mean": 0.0740742608905}, "spectral_contrast_coeffs": {"min": [-0.981144189835, -0.977098464966, -0.970443308353, -0.971991062164, -0.966371834278, -0.963421940804], "max": [-0.270939558744, -0.2908180058, -0.324647516012, -0.474155932665, -0.534654676914, -0.450992554426], "dvar2": [0.00543796364218, 0.00525705562904, 0.00295958039351, 0.00201369822025, 0.00111844821367, 0.00121018511709], "median": [-0.6520652771, -0.731516242027, -0.774220407009, -0.799813866615, -0.810251116753, -0.771188914776], "dmean2": [0.0854942575097, 0.0833302736282, 0.0635478943586, 0.0532686822116, 0.038924600929, 0.0350347645581], "dmean": [0.0557786598802, 0.0534440502524, 0.0419649742544, 0.0342575609684, 0.0251667816192, 0.0246699713171], "var": [0.0129022691399, 0.0118367467076, 0.00874198414385, 0.00490472326055, 0.002285056049, 0.00345075549558], "dvar": [0.00252594263293, 0.00238601956517, 0.001438145875, 0.000919920043088, 0.000502942421008, 0.000596123398282], "mean": [-0.645798206329, -0.720046937466, -0.762066483498, -0.787786126137, -0.805611491203, -0.770542800426]}, "dissonance": {"min": 0.172207921743, "max": 0.500000119209, "dvar2": 0.0019809466321, "median": 0.465556442738, "dmean2": 0.0402247607708, "dmean": 0.0246195308864, "var": 0.00208304519765, "dvar": 0.000794023449998, "mean": 0.452001005411}, "spectral_energyband_high": {"min": 7.00529809586e-21, "max": 0.0455745607615, "dvar2": 3.84176382795e-06, "median": 0.000158449314767, "dmean2": 0.00068300543353, "dmean": 0.000538021093234, "var": 5.62557443118e-06, "dvar": 2.28773524213e-06, "mean": 0.000922876293771}, "spectral_skewness": {"min": -0.567941308022, "max": 13.4626712799, "dvar2": 0.6900151968, "median": 1.6147851944, "dmean2": 0.541845798492, "dmean": 0.366703242064, "var": 1.30722200871, "dvar": 0.304919332266, "mean": 1.81773614883}, "spectral_flux": {"min": 6.32750241092e-11, "max": 0.444330006838, "dvar2": 0.00367026240565, "median": 0.0576405264437, "dmean2": 0.0459979660809, "dmean": 0.0297903381288, "var": 0.00436178501695, "dvar": 0.00177388219163, "mean": 0.0755804404616}, "silence_rate_30dB": {"min": 0, "max": 1, "dvar2": 0.0465317741036, "median": 1, "dmean2": 0.0474214591086, "dmean": 0.0237087216228, "var": 0.0396117269993, "dvar": 0.0231476612389, "mean": 0.958682596684}, "spectral_energyband_middle_high": {"min": 1.21036052026e-21, "max": 0.108031980693, "dvar2": 1.71018364199e-05, "median": 0.00145486346446, "dmean2": 0.00218169018626, "dmean": 0.00160703842994, "var": 4.10288084822e-05, "dvar": 9.47319585975e-06, "mean": 0.0037366237957}, "barkbands_spread": {"min": 0.0978739634156, "max": 112.532806396, "dvar2": 195.232498169, "median": 14.10734272, "dmean2": 10.2177658081, "dmean": 6.96895360947, "var": 274.707702637, "dvar": 92.5857009888, "mean": 19.555562973}, "spectral_centroid": {"min": 39.2555961609, "max": 11515.2734375, "dvar2": 411483.96875, "median": 1101.53637695, "dmean2": 477.994445801, "dmean": 335.882904053, "var": 1262400, "dvar": 236382.046875, "mean": 1432.03271484}, "pitch_salience": {"min": 0.00680793821812, "max": 0.9386100173, "dvar2": 0.0190792642534, "median": 0.560500621796, "dmean2": 0.128627866507, "dmean": 0.0840726643801, "var": 0.0335953049362, "dvar": 0.00869709718972, "mean": 0.532458782196}, "erbbands_skewness": {"min": -5.47600078583, "max": 17.6601352692, "dvar2": 0.841149389744, "median": 0.473154455423, "dmean2": 0.815251231194, "dmean": 0.562602877617, "var": 1.81113147736, "dvar": 0.411282360554, "mean": 0.527492821217}, "erbbands_crest": {"min": 2.32866716385, "max": 33.6011543274, "dvar2": 22.8780326843, "median": 8.82695960999, "dmean2": 5.01770782471, "dmean": 3.17432117462, "var": 29.9930706024, "dvar": 9.99030303955, "mean": 10.3311157227}, "melbands": {"min": [2.50469293308e-24, 1.09818312692e-24, 2.36171426059e-24, 2.16301045375e-24, 9.34200046753e-25, 1.62819135622e-24, 2.78331426606e-24, 2.20690287173e-24, 3.95404695828e-24, 1.8617969333e-24, 2.70465793128e-24, 2.22359852115e-24, 3.36276297209e-24, 4.15027650289e-24, 2.70079902095e-24, 3.32801404365e-24, 3.49032730249e-24, 3.59192588177e-24, 4.18241154072e-24, 4.22757540527e-24, 4.63967752545e-24, 5.48756849778e-24, 5.69025250231e-24, 4.24505025204e-24, 3.60051223829e-24, 4.70674884619e-24, 5.25624489808e-24, 4.44479969401e-24, 5.16819539928e-24, 5.57353027619e-24, 6.18514596892e-24, 6.07149832818e-24, 5.76226012017e-24, 6.45554342697e-24, 6.08638571118e-24, 6.52426307258e-24, 7.00834441162e-24, 7.54307456509e-24, 5.32222995736e-24, 6.64738532722e-24], "max": [0.0664187520742, 0.0471154712141, 0.0316514037549, 0.00819338392466, 0.00906435865909, 0.0238881800324, 0.0158289279789, 0.0181708764285, 0.0194317176938, 0.00928495358676, 0.0166918747127, 0.0180043205619, 0.00675676343963, 0.00554198399186, 0.00285648624413, 0.00162000383716, 0.0014247582294, 0.00202545663342, 0.00139872555155, 0.00109647982754, 0.00165258243214, 0.000575288140681, 0.000323141459376, 0.000491965969559, 0.000505699950736, 0.000347713707015, 0.000300055253319, 0.000151785556227, 0.00013292436779, 0.000167928141309, 0.000173944863491, 0.000277910527075, 0.000299937906675, 0.000269041454885, 0.000309950177325, 0.000415563670686, 0.000261895707808, 0.000272004341241, 0.00018854571681, 9.8903401522e-05], "dvar2": [2.71243097814e-05, 2.8234146157e-05, 2.36176510953e-05, 1.25052997646e-06, 6.49986077406e-07, 6.15876558641e-07, 9.57922679845e-07, 1.0071264569e-06, 3.44344243786e-07, 2.22869047661e-07, 2.47368802775e-07, 1.40202999432e-07, 5.68866234119e-08, 3.61727892084e-08, 1.16049445609e-08, 6.66771571289e-09, 6.69143629395e-09, 7.27358306918e-09, 5.37563016323e-09, 2.81391265844e-09, 2.05480299442e-09, 8.42637848386e-10, 6.35482333422e-10, 6.10403616541e-10, 3.87678611435e-10, 5.30475718907e-10, 1.95712168694e-10, 1.06334510641e-10, 6.83691020464e-11, 8.95341578655e-11, 1.02518216138e-10, 1.9642358573e-10, 1.33901764676e-10, 1.1923967369e-10, 1.57092311381e-10, 1.41069850246e-10, 1.05533692896e-10, 6.54468146344e-11, 3.88753230995e-11, 1.45240304159e-11], "median": [8.25837778393e-05, 0.000130436135805, 9.25725398702e-05, 0.000102910169517, 8.25479801279e-05, 8.34552993183e-05, 8.54739555507e-05, 5.56581544515e-05, 3.40502119798e-05, 2.46477975452e-05, 2.47551943175e-05, 1.69515824382e-05, 1.22715455291e-05, 8.12579946796e-06, 7.11138227416e-06, 6.59273518977e-06, 8.45757585921e-06, 6.02699401497e-06, 4.93366815135e-06, 3.12721681439e-06, 2.3577651973e-06, 1.88727949535e-06, 1.36252617722e-06, 1.67991095168e-06, 1.70998691829e-06, 1.46813135871e-06, 1.31934496039e-06, 1.05442074982e-06, 6.21017477442e-07, 6.36757249595e-07, 5.40474843547e-07, 4.23629273882e-07, 3.70954097662e-07, 2.82594299961e-07, 2.47414476462e-07, 2.31859743849e-07, 1.93833002982e-07, 1.44245561273e-07, 8.75185222071e-08, 7.59073230938e-08], "dmean2": [0.00157544575632, 0.00149567727931, 0.00148673541844, 0.000457032700069, 0.000356696371455, 0.000328529888066, 0.000387417443562, 0.000327424990246, 0.000163770513609, 0.000128547646455, 0.000136736518471, 0.000104132086562, 7.74972359068e-05, 5.19587265444e-05, 3.64726874977e-05, 3.31928531523e-05, 3.63116560038e-05, 3.24350985466e-05, 2.77189665212e-05, 2.21268655878e-05, 1.24228627101e-05, 1.10648543341e-05, 1.02662934296e-05, 9.44883504417e-06, 8.35649734654e-06, 9.59687440627e-06, 6.41223141429e-06, 5.26163694303e-06, 3.53897848981e-06, 3.92279753214e-06, 4.14501073465e-06, 4.24511836172e-06, 3.34159608428e-06, 3.20164122058e-06, 2.8717256555e-06, 2.38366214944e-06, 2.0745915208e-06, 1.78907896498e-06, 1.25688950448e-06, 8.83938525931e-07], "dmean": [0.00135989545379, 0.00107351900078, 0.000964957405813, 0.000276036589639, 0.000214329484152, 0.000206523560337, 0.000251413264778, 0.000213118008105, 0.000108895947051, 8.7894310127e-05, 9.67168452917e-05, 7.56113877287e-05, 5.14345192641e-05, 3.47515888279e-05, 2.50982939178e-05, 2.21407190111e-05, 2.4121696697e-05, 2.14218744077e-05, 1.78086720553e-05, 1.38430750667e-05, 8.07801461633e-06, 6.71992802381e-06, 6.09729204371e-06, 5.66220296605e-06, 5.30900979356e-06, 6.00532257522e-06, 4.34524963566e-06, 3.61407160199e-06, 2.30740761253e-06, 2.92780373456e-06, 2.83163899439e-06, 3.0253179375e-06, 2.43127101385e-06, 2.20775427806e-06, 2.06635036193e-06, 1.66654342593e-06, 1.4402518218e-06, 1.23355493997e-06, 8.73871329077e-07, 6.10075176155e-07], "var": [5.33930397069e-05, 2.30745954468e-05, 1.21346247397e-05, 5.26273481682e-07, 2.93207989444e-07, 5.15714361882e-07, 7.64751519e-07, 6.82159850385e-07, 2.60264300778e-07, 1.69728906485e-07, 2.72518889233e-07, 3.81137908789e-07, 5.42264970704e-08, 2.46947564619e-08, 9.75688863036e-09, 5.42866018804e-09, 5.38707212172e-09, 5.37237276887e-09, 3.43893291621e-09, 1.77827153003e-09, 8.86523465748e-10, 4.58081073074e-10, 2.5907459511e-10, 2.66916211356e-10, 2.97655899928e-10, 3.47025602698e-10, 1.74762398997e-10, 1.46044176752e-10, 5.36135857931e-11, 1.20114695967e-10, 9.90504692155e-11, 1.35111408173e-10, 1.00637609357e-10, 9.11306585749e-11, 1.19383891661e-10, 1.03646077831e-10, 7.83668061e-11, 7.94925514302e-11, 3.87852874817e-11, 1.33870674962e-11], "dvar": [1.74927499756e-05, 1.50797795868e-05, 9.95142272586e-06, 4.745476474e-07, 2.45831671464e-07, 2.65445692094e-07, 4.40131543655e-07, 4.51533367141e-07, 1.60777233305e-07, 1.05501960945e-07, 1.24192311546e-07, 8.66962182045e-08, 2.59059333985e-08, 1.58975037579e-08, 5.36303090826e-09, 2.95947666373e-09, 3.01159919225e-09, 3.24255911011e-09, 2.27372298767e-09, 1.13387232936e-09, 7.62696628076e-10, 3.25757365527e-10, 2.38722513979e-10, 2.3352650369e-10, 1.81502840535e-10, 2.28832730542e-10, 9.19911369301e-11, 5.87567910992e-11, 3.04773081772e-11, 5.30556119871e-11, 4.94166374487e-11, 8.77761335838e-11, 6.22396370553e-11, 5.54507897932e-11, 7.52291631767e-11, 6.58904389383e-11, 4.85613146917e-11, 3.76596739904e-11, 2.07882079606e-11, 7.22867555744e-12], "mean": [0.00258609675802, 0.00138293299824, 0.00112995540258, 0.000363548373571, 0.000283697445411, 0.000299407256534, 0.000372102105757, 0.000300231506117, 0.000161859221407, 0.000130079002702, 0.000157395581482, 0.000134411267936, 7.74284490035e-05, 4.7502155212e-05, 3.70182824554e-05, 3.25029395754e-05, 3.46924498444e-05, 2.93573484669e-05, 2.41607740463e-05, 1.82179337571e-05, 1.11994550025e-05, 9.00466056919e-06, 7.42735255699e-06, 7.3317009992e-06, 7.68546215113e-06, 7.83514224167e-06, 6.60028945276e-06, 5.65902291783e-06, 3.24923121298e-06, 4.49759545518e-06, 4.26559427069e-06, 3.99288774133e-06, 3.43538249581e-06, 3.17011222251e-06, 2.96870211969e-06, 2.4827127163e-06, 2.07478069569e-06, 1.7537080339e-06, 1.23622749015e-06, 8.83683924258e-07]}, "spectral_entropy": {"min": 3.06564640999, "max": 9.81676578522, "dvar2": 0.141404822469, "median": 7.56809806824, "dmean2": 0.324891239405, "dmean": 0.232253089547, "var": 0.463650882244, "dvar": 0.0765802487731, "mean": 7.4832444191}, "spectral_rolloff": {"min": 43.06640625, "max": 21231.7382812, "dvar2": 5585297, "median": 968.994140625, "dmean2": 1156.70385742, "dmean": 712.718139648, "var": 10623065, "dvar": 2764952.5, "mean": 2051.96166992}, "barkbands": {"min": [7.18607861927e-25, 6.10569032082e-24, 1.4227046275e-24, 3.47387679161e-24, 7.40127602851e-24, 6.9319321889e-24, 7.85827577268e-24, 1.12689387734e-23, 1.2482023041e-23, 9.35364602665e-24, 1.61981195736e-23, 3.68763537773e-23, 2.56306367024e-23, 5.51742443757e-23, 5.81683186098e-23, 7.80177313703e-23, 1.00664817243e-22, 9.45735488773e-23, 1.10016763274e-22, 1.43589206653e-22, 2.6497984219e-22, 3.00601140355e-22, 3.69848713767e-22, 7.06388716133e-22, 8.7801334516e-22, 1.24957243559e-21, 2.0913306928e-21], "max": [0.016373693943, 0.208780243993, 0.0747356563807, 0.0884089171886, 0.0336779691279, 0.103680789471, 0.126944899559, 0.0837395936251, 0.0907605811954, 0.0866837874055, 0.0449709296227, 0.0462969988585, 0.0187679082155, 0.0136400740594, 0.0256536193192, 0.016241915524, 0.0119116595015, 0.00893943663687, 0.00915923528373, 0.00396445207298, 0.00561831472442, 0.01095623523, 0.0170611292124, 0.0200395323336, 0.00849145371467, 0.00823920499533, 0.00631090626121], "dvar2": [2.76797072729e-06, 0.000325675471686, 8.83346292539e-05, 0.000141923548654, 2.58408235823e-05, 1.4587169062e-05, 2.89632389467e-05, 1.23395238916e-05, 1.06126335595e-05, 9.81186985882e-06, 3.53001973963e-06, 2.2948906917e-06, 6.85197676376e-07, 6.20922492089e-07, 1.08114647901e-06, 4.34431854046e-07, 2.32045536563e-07, 2.41129299638e-07, 2.77520797454e-07, 8.98201832911e-08, 1.43913254647e-07, 3.15827378472e-07, 4.47841188134e-07, 4.01980827291e-07, 1.04274214152e-07, 2.65326356441e-08, 6.55378018521e-09], "median": [8.19593151391e-06, 0.000331290910253, 0.000105593368062, 0.000117692921776, 0.000528522417881, 0.000427844322985, 0.000378314172849, 0.000177000794793, 0.000161982141435, 0.000145949263242, 7.65637669247e-05, 6.27805420663e-05, 6.10140705248e-05, 8.24110102258e-05, 7.69435719121e-05, 3.70647430827e-05, 3.36833909387e-05, 3.44489490089e-05, 4.28102721344e-05, 3.64732004527e-05, 2.67770083155e-05, 2.07062857953e-05, 1.62908472703e-05, 1.45816220538e-05, 8.86700672709e-06, 5.73948091187e-06, 1.64135133218e-06], "dmean2": [0.000434913235949, 0.00559582654387, 0.00258172815666, 0.00369673012756, 0.00204109051265, 0.00169446179643, 0.00203171768226, 0.00110739003867, 0.000909887603484, 0.000945751613472, 0.000578095437959, 0.0004207995662, 0.000333191099344, 0.0003568615939, 0.000395752431359, 0.00024291248701, 0.000191710903891, 0.000193100277102, 0.00023379184131, 0.000153501765453, 0.000155418631039, 0.00017598507111, 0.000161522213602, 0.000139417708851, 7.98207693151e-05, 3.74922528863e-05, 1.59447099577e-05], "dmean": [0.000321177591104, 0.00439141411334, 0.0015845381422, 0.00245763687417, 0.00119047390763, 0.0010616396321, 0.00132299377583, 0.000725072750356, 0.00061342283152, 0.000676710740663, 0.000378650205676, 0.000280026288237, 0.000228365141083, 0.000237554806517, 0.000260661588982, 0.000153253902681, 0.000117679410323, 0.000115872106107, 0.000147426428157, 0.000107564126665, 0.000114605325507, 0.000131158274598, 0.000116580144095, 9.98059040285e-05, 5.71040945943e-05, 2.84177895082e-05, 1.20308332043e-05], "var": [2.90420484816e-06, 0.000614115968347, 3.05001449306e-05, 9.28034351091e-05, 7.82748975325e-06, 1.14454987852e-05, 2.18630120798e-05, 9.34831950872e-06, 7.31309637558e-06, 1.93697378563e-05, 2.91091214422e-06, 1.69174779785e-06, 6.77282230299e-07, 4.91257935664e-07, 7.80802622558e-07, 2.2237887265e-07, 1.55718382189e-07, 1.04765767617e-07, 2.07642074201e-07, 1.23907440752e-07, 1.67123104688e-07, 2.73312338095e-07, 3.72555490458e-07, 4.76670464877e-07, 1.13668420454e-07, 2.15763620304e-08, 1.06286384138e-08], "dvar": [1.25441704313e-06, 0.000211825463339, 3.59607984137e-05, 6.46998087177e-05, 9.25384665607e-06, 6.16229181105e-06, 1.32201685119e-05, 5.85265252084e-06, 4.81689176013e-06, 5.52662004338e-06, 1.55498253207e-06, 1.03997376755e-06, 3.30312758479e-07, 2.76997127457e-07, 4.68977333412e-07, 1.68546378632e-07, 9.37156059422e-08, 9.14664752827e-08, 1.25853873101e-07, 4.8462201363e-08, 7.72665131876e-08, 1.5353917604e-07, 2.19794046075e-07, 2.27847579026e-07, 5.61403048494e-08, 1.28446551173e-08, 4.9257162793e-09], "mean": [0.000711533473805, 0.00840155780315, 0.00154015037697, 0.00289948750287, 0.0014605022734, 0.00152176804841, 0.00193300843239, 0.000984834507108, 0.000881772255525, 0.00118981336709, 0.000544269569218, 0.000380409881473, 0.000336669880198, 0.000338391109835, 0.000363620987628, 0.000204624753678, 0.00016022589989, 0.000149513769429, 0.000206498109037, 0.000176540968823, 0.000175471810508, 0.00018547498621, 0.000179024311365, 0.000152613516548, 8.82837703102e-05, 4.24659046985e-05, 2.01191978704e-05]}, "melbands_flatness_db": {"min": 0.0029911941383, "max": 1, "dvar2": 0.00335379154421, "median": 0.210753813386, "dmean2": 0.0490997992456, "dmean": 0.0352789796889, "var": 0.013039697893, "dvar": 0.00185986130964, "mean": 0.22740329802}, "melbands_skewness": {"min": -4.93863010406, "max": 52.3663597107, "dvar2": 9.09432506561, "median": 2.17786860466, "dmean2": 1.65204882622, "dmean": 1.18775391579, "var": 18.4969329834, "dvar": 5.03188419342, "mean": 3.11644697189}, "barkbands_skewness": {"min": -7.67252349854, "max": 25.038816452, "dvar2": 3.31612849236, "median": 1.44686555862, "dmean2": 1.23369181156, "dmean": 0.874548912048, "var": 6.41238546371, "dvar": 1.72757029533, "mean": 1.90511786938}, "silence_rate_60dB": {"min": 0, "max": 1, "dvar2": 0.118478402495, "median": 0, "dmean2": 0.120247267187, "dmean": 0.0601185448468, "var": 0.156748458743, "dvar": 0.0564965382218, "mean": 0.1946490556}, "spectral_energyband_low": {"min": 1.48849170241e-23, "max": 0.216307863593, "dvar2": 0.000391667359509, "median": 0.00142284040339, "dmean2": 0.00763749890029, "dmean": 0.00576147856191, "var": 0.000838110165205, "dvar": 0.000248361873673, "mean": 0.0122421244159}, "spectral_energyband_middle_low": {"min": 1.9004151456e-22, "max": 0.134066835046, "dvar2": 0.000285506190266, "median": 0.0049457536079, "dmean2": 0.00825847871602, "dmean": 0.00560705317184, "var": 0.000211794074858, "dvar": 0.000125289836433, "mean": 0.0101348506287}, "melbands_kurtosis": {"min": -1.93810355663, "max": 4602.19140625, "dvar2": 48919.140625, "median": 7.53433418274, "dmean2": 42.270362854, "dmean": 28.3524055481, "var": 44720.9179688, "dvar": 25146.8066406, "mean": 42.9022979736}, "spectral_decrease": {"min": -5.74039233925e-08, "max": 2.11665504568e-10, "dvar2": 3.15732788404e-17, "median": -3.35323058209e-09, "dmean2": 3.213636246e-09, "dmean": 2.45652231889e-09, "var": 7.42608409411e-17, "dvar": 1.98534547038e-17, "mean": -6.2809970558e-09}, "erbbands_kurtosis": {"min": -1.88777053356, "max": 644.976501465, "dvar2": 99.3555374146, "median": 0.555128574371, "dmean2": 3.36899781227, "dmean": 2.19088244438, "var": 460.539489746, "dvar": 55.498249054, "mean": 2.89204216003}, "melbands_crest": {"min": 1.62854337692, "max": 38.4771614075, "dvar2": 33.9065589905, "median": 15.0557422638, "dmean2": 6.03464841843, "dmean": 3.91692018509, "var": 72.0166778564, "dvar": 15.3232469559, "mean": 16.8967227936}, "gfcc": {"cov": [[19012.8046875, -1222.11230469, 41.809463501, 695.281005859, -1009.07824707, 348.559082031, -527.339416504, 274.409454346, -280.453643799, 98.8493728638, -303.940826416, 58.1781921387, -378.048126221], [-1222.11230469, 4237.60009766, -157.407943726, -650.166809082, 558.090576172, -405.402038574, 209.680358887, -223.336700439, 191.092651367, -35.7565345764, 176.895370483, -109.104232788, 205.724105835], [41.809463501, -157.407943726, 1519.2947998, 552.31060791, 114.102882385, 249.248504639, -62.1798439026, 83.7525177002, 0.168167948723, 27.1180992126, 14.3322410583, 97.1354751587, -46.4301185608], [695.281005859, -650.166809082, 552.31060791, 1242.7064209, 236.302856445, 243.661117554, 151.062759399, 33.9089202881, 40.4907188416, 0.630731344223, -13.7510223389, 64.897895813, -37.9874954224], [-1009.07824707, 558.090576172, 114.102882385, 236.302856445, 790.58190918, 121.428474426, 316.478729248, -2.40791130066, 145.734130859, -6.69224500656, 50.1442985535, 14.996348381, 44.3568496704], [348.559082031, -405.402038574, 249.248504639, 243.661117554, 121.428474426, 537.862426758, 180.000823975, 154.887268066, 73.1572952271, 54.8949317932, 22.4710445404, 59.9122314453, 8.55658626556], [-527.339416504, 209.680358887, -62.1798439026, 151.062759399, 316.478729248, 180.000823975, 436.577301025, 61.6709098816, 144.733139038, 31.558801651, 57.8998832703, 31.3739414215, 41.1167907715], [274.409454346, -223.336700439, 83.7525177002, 33.9089202881, -2.40791130066, 154.887268066, 61.6709098816, 302.569091797, 96.3230743408, 83.2867202759, 62.7089576721, 63.0004119873, 48.4568367004], [-280.453643799, 191.092651367, 0.168167948723, 40.4907188416, 145.734130859, 73.1572952271, 144.733139038, 96.3230743408, 239.339630127, 82.7111053467, 76.1996078491, 36.9731636047, 61.9127845764], [98.8493728638, -35.7565345764, 27.1180992126, 0.630731344223, -6.69224500656, 54.8949317932, 31.558801651, 83.2867202759, 82.7111053467, 165.916946411, 79.9965133667, 54.7471351624, 19.5930137634], [-303.940826416, 176.895370483, 14.3322410583, -13.7510223389, 50.1442985535, 22.4710445404, 57.8998832703, 62.7089576721, 76.1996078491, 79.9965133667, 165.063339233, 66.5955047607, 63.7372283936], [58.1781921387, -109.104232788, 97.1354751587, 64.897895813, 14.996348381, 59.9122314453, 31.3739414215, 63.0004119873, 36.9731636047, 54.7471351624, 66.5955047607, 147.64100647, 47.5197486877], [-378.048126221, 205.724105835, -46.4301185608, -37.9874954224, 44.3568496704, 8.55658626556, 41.1167907715, 48.4568367004, 61.9127845764, 19.5930137634, 63.7372283936, 47.5197486877, 136.817657471]], "icov": [[7.02209435985e-05, -3.92164365621e-05, 5.20564572071e-05, -7.87531971582e-05, 8.53597739479e-05, -7.46915247873e-05, 8.78836508491e-05, -0.000106923122075, 2.82332093775e-05, -5.79983898206e-05, 0.000137407201692, -0.000123345831526, 0.00021161204495], [-3.92164365621e-05, 0.000432726606959, -0.000167909573065, 0.000286224676529, -0.000289791147225, 0.000317787169479, -0.000215420630411, 0.000365968910046, -0.000185325392522, 9.01293460629e-05, -0.000442171789473, 0.00052620167844, -0.000633152201772], [5.20564572071e-05, -0.000167909573065, 0.00100910582114, -0.00047456016182, -6.34803072899e-05, -0.000491744198371, 0.000697029638104, -0.000298276252579, 4.51186024293e-05, 4.08543965023e-05, 6.09724484093e-05, -0.00070881145075, 0.000746016507037], [-7.87531971582e-05, 0.000286224676529, -0.00047456016182, 0.00132067396771, -0.000393871217966, 2.54652477452e-05, -0.000461008399725, 0.000397151714424, -0.00017280280008, 0.000206231386983, -0.000117053183203, 2.39439195866e-05, -0.000223482085858], [8.53597739479e-05, -0.000289791147225, -6.34803072899e-05, -0.000393871217966, 0.00225391052663, -0.00021509018552, -0.00107392831706, 0.000138103103382, -0.000550215423573, 0.000441387295723, 0.000105813473056, -0.000173500404344, 0.000293995399261], [-7.46915247873e-05, 0.000317787169479, -0.000491744198371, 2.54652477452e-05, -0.00021509018552, 0.00310205947608, -0.00133907271083, -0.000830108474474, 0.000113361333206, -0.00031494043651, 0.000212828250369, 0.000103835991467, -0.000413284316892], [8.78836508491e-05, -0.000215420630411, 0.000697029638104, -0.000461008399725, -0.00107392831706, -0.00133907271083, 0.00456720776856, -0.000232603808399, -0.00138566771057, 0.000374265073333, -0.00031032631523, -0.000554584898055, 0.000727676553652], [-0.000106923122075, 0.000365968910046, -0.000298276252579, 0.000397151714424, 0.000138103103382, -0.000830108474474, -0.000232603808399, 0.00526877865195, -0.00134716427419, -0.000926091277506, -0.000691346649546, -5.24646166014e-05, -0.00154315622058], [2.82332093775e-05, -0.000185325392522, 4.51186024293e-05, -0.00017280280008, -0.000550215423573, 0.000113361333206, -0.00138566771057, -0.00134716427419, 0.00745713617653, -0.00274307280779, -0.000342397688655, 0.000611193594523, -0.00164560624398], [-5.79983898206e-05, 9.01293460629e-05, 4.08543965023e-05, 0.000206231386983, 0.000441387295723, -0.00031494043651, 0.000374265073333, -0.000926091277506, -0.00274307280779, 0.0100858835503, -0.00380332791246, -0.00160908722319, 0.00199507642537], [0.000137407201692, -0.000442171789473, 6.09724484093e-05, -0.000117053183203, 0.000105813473056, 0.000212828250369, -0.00031032631523, -0.000691346649546, -0.000342397688655, -0.00380332791246, 0.0110819321126, -0.00292470934801, -0.00212392886169], [-0.000123345831526, 0.00052620167844, -0.00070881145075, 2.39439195866e-05, -0.000173500404344, 0.000103835991467, -0.000554584898055, -5.24646166014e-05, 0.000611193594523, -0.00160908722319, -0.00292470934801, 0.0106791593134, -0.00352369085886], [0.00021161204495, -0.000633152201772, 0.000746016507037, -0.000223482085858, 0.000293995399261, -0.000413284316892, 0.000727676553652, -0.00154315622058, -0.00164560624398, 0.00199507642537, -0.00212392886169, -0.00352369085886, 0.0119675155729]], "mean": [-65.3586349487, 73.6263580322, -110.827003479, 14.8419933319, -55.7424049377, 6.04562139511, -30.1781387329, 3.07757425308, -18.0052146912, 4.68374538422, -11.9011278152, 0.0228807032108, -10.0535364151]}, "melbands_spread": {"min": 0.0404966510832, "max": 296.515136719, "dvar2": 802.458374023, "median": 15.8770923615, "dmean2": 14.8512458801, "dmean": 9.93577766418, "var": 849.506591797, "dvar": 356.658508301, "mean": 24.5487442017}, "spectral_energy": {"min": 1.01587747394e-20, "max": 0.217836007476, "dvar2": 0.000468478916446, "median": 0.0137984752655, "dmean2": 0.0127183329314, "dmean": 0.00972279999405, "var": 0.00111773179378, "dvar": 0.000296014099149, "mean": 0.0252343602479}, "mfcc": {"cov": [[12589.7060547, -295.968078613, -3.70452213287, 325.088897705, -271.044525146, -43.3067474365, -193.830032349, -18.830904007, -104.769264221, 45.88879776, -29.1788825989, -105.863967896, -117.270324707], [-295.968078613, 3411.0949707, -67.8239440918, -257.143981934, 128.092468262, -125.609611511, -6.4183754921, -138.875045776, 14.5386533737, 0.321634054184, 33.7207183838, -4.79561138153, 35.5737533569], [-3.70452213287, -67.8239440918, 1176.79345703, 262.778564453, 181.413528442, 97.6960830688, 16.2116584778, 36.8126716614, -24.6833953857, -36.7698783875, 17.8722248077, 3.98121118546, 18.1565971375], [325.088897705, -257.143981934, 262.778564453, 940.888244629, 264.171081543, 278.08795166, 102.722702026, 147.736450195, 48.0429229736, 17.414056778, 5.77906703949, 61.804271698, 37.0856590271], [-271.044525146, 128.092468262, 181.413528442, 264.171081543, 425.01965332, 174.823852539, 107.548179626, 110.302940369, 79.516242981, 43.2810211182, 15.3071527481, 60.2059631348, 49.4313201904], [-43.3067474365, -125.609611511, 97.6960830688, 278.08795166, 174.823852539, 484.31854248, 186.23600769, 178.487533569, 98.8375930786, 71.9009475708, 61.8865852356, 33.0308151245, 38.6928024292], [-193.830032349, -6.4183754921, 16.2116584778, 102.722702026, 107.548179626, 186.23600769, 263.468261719, 158.868652344, 87.269859314, 69.8949050903, 54.9516525269, 42.6824073792, 38.7041816711], [-18.830904007, -138.875045776, 36.8126716614, 147.736450195, 110.302940369, 178.487533569, 158.868652344, 260.440063477, 140.711624146, 76.6148071289, 52.4203224182, 60.1573066711, 52.5398178101], [-104.769264221, 14.5386533737, -24.6833953857, 48.0429229736, 79.516242981, 98.8375930786, 87.269859314, 140.711624146, 207.379043579, 103.410934448, 52.8572883606, 50.2481384277, 46.8271713257], [45.88879776, 0.321634054184, -36.7698783875, 17.414056778, 43.2810211182, 71.9009475708, 69.8949050903, 76.6148071289, 103.410934448, 173.358444214, 90.1560134888, 39.9776153564, 31.4252624512], [-29.1788825989, 33.7207183838, 17.8722248077, 5.77906703949, 15.3071527481, 61.8865852356, 54.9516525269, 52.4203224182, 52.8572883606, 90.1560134888, 154.427124023, 65.3085327148, 29.634557724], [-105.863967896, -4.79561138153, 3.98121118546, 61.804271698, 60.2059631348, 33.0308151245, 42.6824073792, 60.1573066711, 50.2481384277, 39.9776153564, 65.3085327148, 135.323791504, 73.3178329468], [-117.270324707, 35.5737533569, 18.1565971375, 37.0856590271, 49.4313201904, 38.6928024292, 38.7041816711, 52.5398178101, 46.8271713257, 31.4252624512, 29.634557724, 73.3178329468, 127.707756042]], "icov": [[8.53835226735e-05, -3.59489354196e-06, -9.31349632083e-07, -5.36743173143e-05, 7.41657277104e-05, -2.25924577535e-06, 9.05563938431e-05, -8.03668008302e-05, 7.40724863135e-05, -0.000107963132905, 2.18022069021e-05, 3.40505976055e-05, 4.75201959489e-05], [-3.59489354196e-06, 0.000330653507262, 2.45185510721e-05, 9.00522718439e-05, -0.000233200917137, 8.55780090205e-05, -0.000135858281283, 0.000344014901202, -0.000185245342436, 0.000135306763696, -0.000210330777918, 0.00016288246843, -0.000171138148289], [-9.31349632083e-07, 2.45185510721e-05, 0.000986204715446, -0.000183612908586, -0.000419857038651, 4.50138759334e-06, 0.000145562851685, -0.00011831435404, 0.000210606696783, 0.000422973476816, -0.000541496847291, 0.000431310996646, -0.00023213820532], [-5.36743173143e-05, 9.00522718439e-05, -0.000183612908586, 0.00158625957556, -0.000662834267132, -0.000641228863969, 0.000177217836608, -0.000365191517631, 0.000282347464235, 6.72638634569e-05, 0.000406741222832, -0.00061783043202, 0.000178698741365], [7.41657277104e-05, -0.000233200917137, -0.000419857038651, -0.000662834267132, 0.00372491381131, -0.000615429889876, -0.000430144573329, -0.000143183147884, -0.000434349902207, -0.000575875048526, 0.00120900687762, -0.00121506652795, 3.71838104911e-05], [-2.25924577535e-06, 8.55780090205e-05, 4.50138759334e-06, -0.000641228863969, -0.000615429889876, 0.00366114499047, -0.00144415604882, -0.000919875514228, -0.000139773736009, 8.94497934496e-05, -0.00104462797754, 0.00125448964536, -0.000343825930031], [9.05563938431e-05, -0.000135858281283, 0.000145562851685, 0.000177217836608, -0.000430144573329, -0.00144415604882, 0.00711673963815, -0.00341310445219, 0.000768907833844, -0.000863790162839, -0.000493299623486, 5.03008268424e-05, -8.35924583953e-05], [-8.03668008302e-05, 0.000344014901202, -0.00011831435404, -0.000365191517631, -0.000143183147884, -0.000919875514228, -0.00341310445219, 0.00962619204074, -0.00453274464235, 0.000611428346019, -1.62592459674e-05, -0.000981333432719, -0.000559756590519], [7.40724863135e-05, -0.000185245342436, 0.000210606696783, 0.000282347464235, -0.000434349902207, -0.000139773736009, 0.000768907833844, -0.00453274464235, 0.0100439637899, -0.00432202918455, 0.00084566156147, -0.000611866009422, -0.000614370219409], [-0.000107963132905, 0.000135306763696, 0.000422973476816, 6.72638634569e-05, -0.000575875048526, 8.94497934496e-05, -0.000863790162839, 0.000611428346019, -0.00432202918455, 0.011358785443, -0.00561400689185, 0.00148973905016, -0.000773293839302], [2.18022069021e-05, -0.000210330777918, -0.000541496847291, 0.000406741222832, 0.00120900687762, -0.00104462797754, -0.000493299623486, -1.62592459674e-05, 0.00084566156147, -0.00561400689185, 0.0121215581894, -0.00561022292823, 0.00152163312305], [3.40505976055e-05, 0.00016288246843, 0.000431310996646, -0.00061783043202, -0.00121506652795, 0.00125448964536, 5.03008268424e-05, -0.000981333432719, -0.000611866009422, 0.00148973905016, -0.00561022292823, 0.0143652977422, -0.00650488585234], [4.75201959489e-05, -0.000171138148289, -0.00023213820532, 0.000178698741365, 3.71838104911e-05, -0.000343825930031, -8.35924583953e-05, -0.000559756590519, -0.000614370219409, -0.000773293839302, 0.00152163312305, -0.00650488585234, 0.0120451590046]], "mean": [-708.45501709, 111.283699036, 0.388175725937, 12.6071767807, -3.60120487213, 3.80107998848, -2.99203062057, -0.621652901173, -3.21431255341, 4.95671749115, -0.508896708488, -1.23671710491, -0.0556276403368]}, "spectral_contrast_valleys": {"min": [-27.7732524872, -27.6429615021, -28.0376167297, -27.7037353516, -27.4773635864, -27.445274353], "max": [-5.34771871567, -4.59825181961, -5.2554602623, -5.374522686, -5.61381435394, -6.97715806961], "dvar2": [0.527888894081, 0.663045883179, 0.425605863333, 0.475436598063, 0.531817376614, 0.516920864582], "median": [-8.11386871338, -7.15119838715, -7.84046697617, -8.24211215973, -8.0571308136, -10.4418897629], "dmean2": [0.776064217091, 0.794864594936, 0.652599871159, 0.625015437603, 0.580212533474, 0.565537452698], "dmean": [0.518574178219, 0.527216851711, 0.4495459795, 0.448732256889, 0.42337924242, 0.437067002058], "var": [3.6455411911, 3.01264715195, 2.65121650696, 2.64596772194, 2.95583105087, 3.70566964149], "dvar": [0.284456551075, 0.325835615396, 0.226770967245, 0.248996764421, 0.280733019114, 0.300274848938], "mean": [-8.42357730865, -7.47735023499, -7.99916648865, -8.34003829956, -8.27871894836, -10.7504549026]}, "barkbands_flatness_db": {"min": 0.0188340544701, "max": 0.898588240147, "dvar2": 0.00246221083216, "median": 0.146154671907, "dmean2": 0.0427183024585, "dmean": 0.0300850663334, "var": 0.00817419029772, "dvar": 0.00132184859831, "mean": 0.164127111435}, "dynamic_complexity": 4.78764009476, "erbbands_flatness_db": {"min": 0.0285210423172, "max": 0.486478954554, "dvar2": 0.00120995950419, "median": 0.163609996438, "dmean2": 0.0335471257567, "dmean": 0.0240452289581, "var": 0.004905995447