{"lowlevel": {"spectral_complexity": {"min": 0, "max": 56, "dvar2": 43.0470314026, "median": 18, "dmean2": 6.54400730133, "dmean": 4.66735315323, "var": 164.531555176, "dvar": 26.8799934387, "mean": 19.2854328156}, "silence_rate_20dB": {"min": 1, "max": 1, "dvar2": 0, "median": 1, "dmean2": 0, "dmean": 0, "var": 0, "dvar": 0, "mean": 1}, "average_loudness": 0.913306713104, "erbbands_spread": {"min": 0.149199709296, "max": 173.328536987, "dvar2": 374.435699463, "median": 38.3915100098, "dmean2": 16.760099411, "dmean": 10.6647949219, "var": 470.719146729, "dvar": 159.517349243, "mean": 40.6821517944}, "spectral_kurtosis": {"min": -1.54749500751, "max": 921.663146973, "dvar2": 1316.77490234, "median": 3.16298556328, "dmean2": 5.45668649673, "dmean": 3.46248340607, "var": 1130.10400391, "dvar": 490.704956055, "mean": 7.29168748856}, "barkbands_kurtosis": {"min": -1.9791662693, "max": 771.222900391, "dvar2": 2459.9675293, "median": 2.47315335274, "dmean2": 20.0809402466, "dmean": 12.9063901901, "var": 2949.74584961, "dvar": 1148.12573242, "mean": 19.544927597}, "spectral_strongpeak": {"min": 0, "max": 9.41393375397, "dvar2": 1.44442021847, "median": 0.261107712984, "dmean2": 0.530619740486, "dmean": 0.3219576478, "var": 1.01982009411, "dvar": 0.6008939147, "mean": 0.617985725403}, "spectral_spread": {"min": 173234.234375, "max": 22727848, "dvar2": 2041342722050.0, "median": 5238057.5, "dmean2": 1052896.5, "dmean": 705627.875, "var": 3487153520640.0, "dvar": 988608790528, "mean": 5408296.5}, "spectral_rms": {"min": 9.51336551225e-06, "max": 0.0145140783861, "dvar2": 2.36187611335e-06, "median": 0.00564965605736, "dmean2": 0.00118438026402, "dmean": 0.000791936181486, "var": 3.74882120013e-06, "dvar": 1.18431410101e-06, "mean": 0.0056646252051}, "erbbands": {"min": [1.18274238048e-06, 5.078394679e-06, 6.93754600434e-06, 3.88921625927e-06, 2.21534219236e-06, 1.71652982317e-06, 1.53818575654e-06, 2.46613285526e-06, 6.64945628159e-06, 6.95746075507e-06, 1.00864263004e-05, 1.78322829925e-06, 4.08856203649e-06, 8.30554654385e-06, 6.38446636003e-06, 5.47008858121e-06, 6.6411462285e-06, 1.10748678708e-05, 2.50459688687e-05, 1.69996492332e-05, 1.22728906717e-05, 3.93780828745e-06, 2.06319373319e-06, 2.08527762879e-06, 1.54765928073e-06, 8.92283765097e-07, 7.71911743414e-07, 9.08427921331e-07, 6.55686335449e-07, 2.5687819516e-07, 4.25690927841e-07, 6.70643032663e-07, 6.99784266089e-07, 8.71216798259e-07, 5.91654554682e-07, 3.58596253136e-07, 1.19177663294e-07, 3.22179509737e-08, 1.26104966469e-08, 1.53567947248e-09], "max": [8.42747211456, 44.0759124756, 105.83467865, 173.724746704, 326.834533691, 360.516479492, 325.306365967, 296.598266602, 617.562438965, 1328.40063477, 1437.36437988, 2094.73291016, 1971.48950195, 2437.84985352, 1476.22241211, 2218.13964844, 1396.06420898, 1265.53100586, 1020.93157959, 1427.99975586, 1074.76123047, 932.18951416, 396.254333496, 426.113311768, 496.3409729, 539.85369873, 485.286407471, 278.910125732, 239.033721924, 120.589431763, 105.076644897, 163.754241943, 130.483734131, 142.234939575, 86.4366607666, 38.4938583374, 5.84235668182, 1.1047898531, 0.182423993945, 0.0107161682099], "dvar2": [0.904368400574, 19.9995594025, 181.234848022, 497.708435059, 1775.84191895, 1808.35559082, 388.868927002, 578.971374512, 1614.19348145, 4044.2824707, 11183.6621094, 13458.9541016, 13660.8222656, 17059.2421875, 32230.0410156, 10423.3505859, 5448.95800781, 3962.20947266, 3237.93261719, 4817.36035156, 2517.57495117, 1423.70361328, 968.745422363, 1154.4230957, 977.343444824, 1014.73999023, 773.428100586, 209.885177612, 74.5953826904, 32.0471496582, 28.6881561279, 86.9091796875, 72.665977478, 59.4975318909, 19.5161361694, 1.94469416142, 0.0667495280504, 0.00150348118041, 1.84511736734e-05, 4.23962980278e-08], "median": [0.649890244007, 0.693050742149, 0.359167218208, 0.70466029644, 1.16003966331, 1.46408784389, 2.19930028915, 3.57697582245, 4.18297147751, 5.34934329987, 6.6533241272, 9.99451446533, 10.5414896011, 10.7267246246, 10.1129150391, 10.8536577225, 9.57071685791, 9.22534561157, 9.92155170441, 9.4764957428, 8.62552833557, 7.56819009781, 7.24630641937, 7.70470476151, 6.37321519852, 6.43165969849, 5.12827825546, 3.96791863441, 2.71780157089, 1.72594547272, 1.70563364029, 1.5004196167, 1.06084477901, 0.642423391342, 0.296655714512, 0.0934951454401, 0.024051733315, 0.00447382777929, 0.000560621963814, 8.09791963547e-05], "dmean2": [0.359947383404, 1.58632230759, 3.59653711319, 6.24086427689, 13.5226507187, 12.6263751984, 7.92636060715, 11.2600030899, 15.7644329071, 21.5304069519, 36.4692001343, 38.3664627075, 37.0945968628, 48.2203559875, 60.2307281494, 37.3596496582, 28.338508606, 27.5611457825, 23.1253032684, 26.1700668335, 20.9967422485, 17.1231212616, 14.8931131363, 15.533416748, 14.5080728531, 14.5593004227, 11.6660861969, 7.13233613968, 4.33510160446, 2.75160002708, 2.84592843056, 3.28433990479, 2.62964844704, 2.05575919151, 1.04699730873, 0.362533777952, 0.0786394253373, 0.0125115327537, 0.00129694293719, 6.38862329652e-05], "dmean": [0.24745246768, 1.04614305496, 2.17385220528, 3.51903176308, 7.32732486725, 6.89633464813, 4.65259742737, 6.79334306717, 9.66838264465, 13.5582704544, 23.1062202454, 24.1698818207, 24.5787754059, 28.7779788971, 35.015750885, 23.6528530121, 17.6763973236, 17.7459163666, 14.95611763, 16.5790309906, 13.8422765732, 11.0769395828, 9.63872337341, 9.96111297607, 9.81671333313, 10.0444803238, 8.10365009308, 5.04611110687, 2.99116778374, 1.92730736732, 2.03141665459, 2.3839905262, 1.84939837456, 1.39512383938, 0.720035612583, 0.250354766846, 0.056365467608, 0.00969167146832, 0.000992031302303, 4.86611643282e-05], "var": [0.821365773678, 14.079451561, 60.5495529175, 115.329101562, 383.355041504, 383.788818359, 174.871505737, 308.990722656, 1047.10583496, 2191.48999023, 7613.87695312, 7768.95996094, 14165.5273438, 8545.93847656, 8596.11328125, 8787.96777344, 3201.65698242, 3269.84375, 2226.89306641, 3616.91967773, 2382.67993164, 1267.96203613, 888.321105957, 985.648071289, 1200.76098633, 1349.96240234, 858.993164062, 311.248809814, 122.286605835, 54.2530174255, 41.2135620117, 65.2242355347, 40.386806488, 28.5456962585, 9.53063869476, 1.32194292545, 0.0599736459553, 0.00190484488849, 1.9346283807e-05, 3.9637072291e-08], "dvar": [0.373878061771, 9.60224056244, 71.266166687, 177.182846069, 613.587890625, 625.740234375, 150.049728394, 235.006256104, 657.285827637, 1729.18884277, 5102.17041016, 5911.11523438, 6501.56347656, 6943.15136719, 11779.7265625, 4413.89453125, 2280.46972656, 1796.27099609, 1384.23754883, 2056.34667969, 1191.69348145, 621.991577148, 407.688995361, 479.293457031, 455.144683838, 493.300811768, 364.233184814, 104.216133118, 37.553352356, 16.360118866, 14.8730964661, 39.3063583374, 30.5319671631, 24.9386501312, 8.10594272614, 0.836430132389, 0.0302344281226, 0.000762429554015, 9.21768150874e-06, 2.07211527936e-08], "mean": [0.818258345127, 1.89560723305, 2.38759541512, 3.28581881523, 5.86395835876, 5.79331922531, 5.77860593796, 9.17211532593, 14.6574907303, 17.2975502014, 29.324716568, 31.734413147, 37.1224822998, 33.9823608398, 35.440486908, 34.5283622742, 25.4572505951, 26.530544281, 24.2114067078, 26.2471179962, 23.4419136047, 19.2099132538, 17.6764125824, 18.2018566132, 19.0376930237, 19.2494697571, 15.0825099945, 10.127781868, 6.30642175674, 4.20155715942, 4.02803421021, 4.18031311035, 3.11662364006, 2.13861727715, 1.12318599224, 0.40656504035, 0.105466887355, 0.0198331139982, 0.00210766447708, 0.000140130170621]}, "zerocrossingrate": {"min": 0.00146484375, "max": 0.44580078125, "dvar2": 0.000210330661503, "median": 0.05029296875, "dmean2": 0.0130896409974, "dmean": 0.0120195997879, "var": 0.00164653838146, "dvar": 0.000185281809536, "mean": 0.0564911514521}, "spectral_contrast_coeffs": {"min": [-0.922705709934, -0.98543214798, -0.951076447964, -0.961929023266, -0.963930606842, -0.965512037277], "max": [-0.332236111164, -0.320578634739, -0.375098735094, -0.496592134237, -0.516861915588, -0.589185416698], "dvar2": [0.00721770524979, 0.00548038352281, 0.00427279667929, 0.00219253450632, 0.00118612789083, 0.000977599876933], "median": [-0.715873897076, -0.768254458904, -0.788472592831, -0.807496368885, -0.813341081142, -0.787498950958], "dmean2": [0.0922630876303, 0.0876263380051, 0.0768913775682, 0.0553042627871, 0.0376201607287, 0.031727693975], "dmean": [0.0576843321323, 0.0542435459793, 0.0484610274434, 0.0345600955188, 0.0240413565189, 0.0206208918244], "var": [0.00841917283833, 0.00828487426043, 0.00610260479152, 0.00344729167409, 0.00283014285378, 0.00252215517685], "dvar": [0.00294829811901, 0.00231120828539, 0.0019060614286, 0.000967274711002, 0.000544729933608, 0.000458148890175], "mean": [-0.702471911907, -0.755413651466, -0.773645281792, -0.799285590649, -0.80352216959, -0.783058226109]}, "dissonance": {"min": 0.043899141252, "max": 0.500000059605, "dvar2": 0.00395687902346, "median": 0.480365693569, "dmean2": 0.0398683696985, "dmean": 0.0232074670494, "var": 0.00201536086388, "dvar": 0.00144597934559, "mean": 0.46736985445}, "spectral_energyband_high": {"min": 2.85929752097e-10, "max": 0.0217408221215, "dvar2": 2.19690559788e-06, "median": 0.000637121149339, "dmean2": 0.000734033761546, "dmean": 0.000559354317375, "var": 3.03497040477e-06, "dvar": 1.07951314021e-06, "mean": 0.00127644732129}, "spectral_skewness": {"min": -0.538895845413, "max": 25.462682724, "dvar2": 0.955372095108, "median": 1.44362139702, "dmean2": 0.423607110977, "dmean": 0.283953934908, "var": 2.06357860565, "dvar": 0.436111211777, "mean": 1.6988401413}, "spectral_flux": {"min": 0.00164673966356, "max": 0.45431292057, "dvar2": 0.0025225833524, "median": 0.0827431753278, "dmean2": 0.0467400476336, "dmean": 0.0304918177426, "var": 0.00398449972272, "dvar": 0.00143633258995, "mean": 0.0953039452434}, "silence_rate_30dB": {"min": 0, "max": 1, "dvar2": 0.0460937656462, "median": 1, "dmean2": 0.04082396999, "dmean": 0.0204100739211, "var": 0.0207065194845, "dvar": 0.0199911519885, "mean": 0.978842914104}, "spectral_energyband_middle_high": {"min": 1.07949595929e-08, "max": 0.0687426030636, "dvar2": 4.94016931043e-05, "median": 0.00346183078364, "dmean2": 0.00420229509473, "dmean": 0.0027195867151, "var": 4.76989043818e-05, "dvar": 2.09278405237e-05, "mean": 0.00573550118133}, "barkbands_spread": {"min": 0.0950245037675, "max": 135.517745972, "dvar2": 168.400161743, "median": 22.8429145813, "dmean2": 10.6898117065, "dmean": 7.24176168442, "var": 305.678863525, "dvar": 81.591583252, "mean": 24.919046402}, "spectral_centroid": {"min": 37.8362197876, "max": 7666.53271484, "dvar2": 294263.09375, "median": 1623.61303711, "dmean2": 501.597564697, "dmean": 331.590454102, "var": 522353.9375, "dvar": 137622.625, "mean": 1619.16906738}, "pitch_salience": {"min": 0.00474333995953, "max": 0.901143431664, "dvar2": 0.0187659207731, "median": 0.448588192463, "dmean2": 0.135201126337, "dmean": 0.0871203392744, "var": 0.0366549640894, "dvar": 0.00845791399479, "mean": 0.424536317587}, "erbbands_skewness": {"min": -13.3997859955, "max": 17.7209892273, "dvar2": 2.30769300461, "median": 0.238810896873, "dmean2": 0.892832875252, "dmean": 0.585952281952, "var": 1.65858542919, "dvar": 1.03902232647, "mean": 0.297644883394}, "erbbands_crest": {"min": 2.03916597366, "max": 34.6518096924, "dvar2": 31.7129249573, "median": 7.63446331024, "dmean2": 5.35724306107, "dmean": 3.30985283852, "var": 36.6699180603, "dvar": 13.279967308, "mean": 9.5645532608}, "melbands": {"min": [1.02311519257e-08, 4.7785806423e-09, 4.55099902208e-10, 1.21535004283e-10, 4.6033541562e-11, 4.56240670244e-11, 8.90900547779e-11, 9.67101121407e-11, 6.1350910463e-11, 9.8640661611e-12, 2.07010970865e-11, 3.31925008312e-11, 2.5926354813e-11, 1.09511427704e-11, 1.87889339504e-11, 1.39493312734e-11, 9.87419260939e-12, 4.92683584902e-12, 3.76540725683e-12, 2.70714895813e-12, 1.85519698562e-12, 1.3636013976e-12, 8.87228550177e-13, 3.74502973121e-13, 4.4012420119e-13, 4.14271020916e-13, 2.98536152396e-13, 3.62433390591e-13, 3.88177418811e-13, 3.73977216382e-13, 2.78935809997e-13, 1.66782129015e-13, 9.15431535371e-14, 9.25310582279e-14, 1.37746883127e-13, 1.85211018072e-13, 3.00922969269e-13, 4.05230265576e-13, 3.07256282049e-13, 3.82560844982e-13], "max": [0.0612789429724, 0.0443648025393, 0.0286228675395, 0.0278213713318, 0.00984361115843, 0.00610835617408, 0.0105909751728, 0.0163817051798, 0.0128464996815, 0.0155708240345, 0.00982176978141, 0.00994611997157, 0.00586589286104, 0.00549933034927, 0.00278652762063, 0.00356132700108, 0.0029656784609, 0.00156857271213, 0.00244115199894, 0.00151739339344, 0.00147307675797, 0.00138535059523, 0.000627676956356, 0.000504535215441, 0.000400979042752, 0.000357886921847, 0.000548573676497, 0.000462227064418, 0.000406594539527, 0.000203874558792, 0.000227955606533, 0.000201817514608, 8.95111006685e-05, 7.23670818843e-05, 7.24710625946e-05, 7.49745740904e-05, 0.000123259422253, 9.97504394036e-05, 0.000100146076875, 0.000134894275106], "dvar2": [4.20664619014e-05, 2.6283923944e-05, 1.48956287376e-05, 1.16549044833e-05, 6.5079984779e-07, 2.65065608573e-07, 3.74500359612e-07, 5.14348982961e-07, 7.97031191269e-07, 6.42217230507e-07, 3.41070318655e-07, 2.63387363475e-07, 4.92148501507e-07, 7.31903000428e-08, 4.99721437563e-08, 2.35475408061e-08, 1.7821104592e-08, 9.54510781526e-09, 1.41946374654e-08, 6.09304029453e-09, 5.18085885304e-09, 2.30642127619e-09, 1.69486980006e-09, 1.43774847583e-09, 8.90753582006e-10, 8.35689462075e-10, 7.37388983207e-10, 5.61583113345e-10, 4.49696280214e-10, 1.87140941632e-10, 8.03734093169e-11, 4.51787912636e-11, 1.36773396428e-11, 1.16392260413e-11, 1.15094695927e-11, 2.05524781222e-11, 4.57525926867e-11, 4.06661128383e-11, 4.08533901153e-11, 4.93687417336e-11], "median": [0.00446916557848, 0.000368540000636, 0.000150901032612, 0.000101595593151, 8.1052276073e-05, 8.03527509561e-05, 6.53193201288e-05, 5.40555847692e-05, 5.54033576918e-05, 5.83466462558e-05, 4.76208588225e-05, 3.9323051169e-05, 3.09425886371e-05, 2.8277247111e-05, 2.2498650651e-05, 1.72042055055e-05, 1.61300176842e-05, 1.48066137626e-05, 1.29685249703e-05, 1.06184543256e-05, 9.21523314901e-06, 7.2788379839e-06, 6.78871219861e-06, 6.15049384578e-06, 5.82423126616e-06, 4.81184724777e-06, 3.99781856686e-06, 4.11033215642e-06, 3.14569797411e-06, 2.49429331234e-06, 2.09700738196e-06, 1.52263578457e-06, 1.0080083257e-06, 8.17192699287e-07, 9.32421812649e-07, 9.32279704102e-07, 8.64454420935e-07, 7.22387540009e-07, 6.19683760306e-07, 4.83509211335e-07], "dmean2": [0.00255589256994, 0.00163240754046, 0.00120503501967, 0.00102965289261, 0.000303735461785, 0.000251063436735, 0.000242926806095, 0.000246147887083, 0.000306357629597, 0.000246753304964, 0.000186410819879, 0.000188069505384, 0.000230681122048, 0.000110468346975, 8.12224097899e-05, 6.0910359025e-05, 5.4743984947e-05, 3.88083863072e-05, 4.34767898696e-05, 2.84700945485e-05, 2.78573079413e-05, 1.99249298021e-05, 1.68603964994e-05, 1.5064478248e-05, 1.35793497975e-05, 1.28065257741e-05, 1.13482401503e-05, 1.05294093373e-05, 8.57628947415e-06, 6.206332273e-06, 4.19325215262e-06, 3.11033977596e-06, 1.87597242984e-06, 1.61182288139e-06, 1.75044976913e-06, 1.93310165741e-06, 2.23843949243e-06, 2.0378120098e-06, 1.82780183877e-06, 1.83518318408e-06], "dmean": [0.00178740464617, 0.00107709004078, 0.000686251558363, 0.000558300933335, 0.000175002001924, 0.000151858228492, 0.000149801475345, 0.000155764791998, 0.000194086154806, 0.000156263951794, 0.000123810066725, 0.000112760266347, 0.000131974258693, 7.06124410499e-05, 4.97935070598e-05, 3.74150331481e-05, 3.49586734956e-05, 2.49342065217e-05, 2.72166289506e-05, 1.80685328814e-05, 1.80172010005e-05, 1.27169842017e-05, 1.07755095087e-05, 9.32457714953e-06, 8.58398107084e-06, 8.37830884848e-06, 7.61148066886e-06, 7.10762105882e-06, 5.84279996474e-06, 4.07562765758e-06, 2.91244464279e-06, 2.06332470043e-06, 1.22538881442e-06, 1.11361964628e-06, 1.1885620097e-06, 1.3897157487e-06, 1.57282102009e-06, 1.40379188451e-06, 1.22538313008e-06, 1.22633230148e-06], "var": [4.05729406339e-05, 1.5883719243e-05, 3.78647996513e-06, 2.46349077315e-06, 2.20747267576e-07, 1.50940437038e-07, 2.59045407347e-07, 2.91030403332e-07, 5.04526781242e-07, 3.82597733051e-07, 3.59122992677e-07, 1.4744759369e-07, 1.22451382367e-07, 6.70835618166e-08, 2.53709924181e-08, 1.37131941358e-08, 1.33307009875e-08, 6.13497341817e-09, 9.32815069632e-09, 3.76682729453e-09, 4.47519665769e-09, 1.67534597306e-09, 1.31060085007e-09, 7.46232242665e-10, 6.99351077049e-10, 8.10220057712e-10, 7.97151678e-10, 6.47062625703e-10, 4.24138141275e-10, 1.97478269848e-10, 1.10068378023e-10, 5.9905462535e-11, 1.78558105801e-11, 1.78856981309e-11, 1.42203583978e-11, 2.02822255518e-11, 2.86848114706e-11, 2.21358608526e-11, 2.05393480002e-11, 2.22056487781e-11], "dvar": [1.90295759239e-05, 1.22228530017e-05, 5.41719418834e-06, 4.02323212256e-06, 2.37697477701e-07, 1.08301158264e-07, 1.56053516776e-07, 2.25342091653e-07, 3.56276700586e-07, 2.84836119135e-07, 1.63449342949e-07, 1.10267862397e-07, 1.77297764026e-07, 3.06705274511e-08, 1.94517948415e-08, 1.01467740876e-08, 7.91799692479e-09, 4.04297395562e-09, 6.02922511916e-09, 2.54742382744e-09, 2.42809816697e-09, 9.90359905195e-10, 7.03081870501e-10, 5.52776824314e-10, 3.66884134184e-10, 3.60552449008e-10, 3.50541540239e-10, 2.67049243829e-10, 2.05024983102e-10, 8.52816844921e-11, 3.99737395962e-11, 2.15174406071e-11, 6.34262130664e-12, 5.86920225962e-12, 5.51511137106e-12, 1.01540121797e-11, 1.97855586082e-11, 1.69303598918e-11, 1.7164422661e-11, 2.04376949392e-11], "mean": [0.0057021570392, 0.00163598591462, 0.000656063435599, 0.000446433492471, 0.000206538941711, 0.000207826204132, 0.000230038975133, 0.000192946725292, 0.000242861555307, 0.000202556038857, 0.000182706062333, 0.000133174326038, 0.000122300814837, 9.96478484012e-05, 6.79718286847e-05, 5.00363566971e-05, 4.95362764923e-05, 3.78732074751e-05, 3.90795248677e-05, 2.81260345218e-05, 2.817132372e-05, 1.98869711312e-05, 1.80897986866e-05, 1.48245180753e-05, 1.4434645891e-05, 1.45968897414e-05, 1.33166286105e-05, 1.26242866827e-05, 9.93854428089e-06, 7.3379233072e-06, 5.43768464922e-06, 3.91963021684e-06, 2.46114996116e-06, 2.24086420531e-06, 2.2643309876e-06, 2.44925831794e-06, 2.59602757069e-06, 2.26604788622e-06, 1.91784556591e-06, 1.76621392711e-06]}, "spectral_entropy": {"min": 2.96683001518, "max": 8.89226055145, "dvar2": 0.224211990833, "median": 7.90461206436, "dmean2": 0.318070590496, "dmean": 0.215392440557, "var": 0.49499180913, "dvar": 0.108121305704, "mean": 7.73655176163}, "spectral_rolloff": {"min": 21.533203125, "max": 12446.1914062, "dvar2": 2436912.25, "median": 882.861328125, "dmean2": 910.040649414, "dmean": 556.861816406, "var": 2367734.75, "dvar": 1096782.625, "mean": 1310.48352051}, "barkbands": {"min": [1.13606468677e-09, 2.84148811147e-08, 7.73467179194e-10, 1.68061731198e-10, 5.06813258028e-10, 2.01060723626e-10, 2.96203367389e-10, 7.14214687392e-10, 8.25114976344e-11, 1.77055828332e-10, 2.11064679623e-10, 1.25685253871e-10, 1.57035287551e-10, 1.72029460122e-10, 5.1675018431e-11, 3.78632229736e-11, 2.32224534741e-11, 9.47765217002e-12, 1.17245423439e-11, 1.06364795444e-11, 1.68210757823e-11, 7.15762258491e-12, 8.23146325407e-12, 2.89446955987e-11, 5.3117850396e-11, 6.62229507342e-11, 2.82954978892e-11], "max": [0.0633100271225, 0.209061414003, 0.118208870292, 0.0702265426517, 0.103052839637, 0.0259908996522, 0.0747335031629, 0.0831964761019, 0.0907985791564, 0.0612339489162, 0.043511364609, 0.0434362925589, 0.0267471931875, 0.0288813970983, 0.0249944627285, 0.0160990320146, 0.0170200224966, 0.0088641224429, 0.00696607213467, 0.0124358460307, 0.0076029789634, 0.00575065147132, 0.00368048320524, 0.00854946207255, 0.0116027928889, 0.00565015571192, 0.00112350704148], "dvar2": [7.61941009841e-06, 0.000411974760937, 0.000233378770645, 6.26887267572e-05, 0.000173349864781, 5.97459847995e-06, 1.05858071038e-05, 1.79795515578e-05, 3.06629408442e-05, 8.99968836165e-06, 2.67662580882e-05, 5.02370312461e-06, 2.7145608783e-06, 1.61951697919e-06, 2.00561771635e-06, 9.95837808659e-07, 6.86393775595e-07, 5.36227332759e-07, 3.50987392039e-07, 4.29130949442e-07, 2.59822542148e-07, 5.07472854849e-08, 3.06322682775e-08, 2.14042259472e-07, 4.07889473308e-07, 3.99802217999e-08, 6.95023372188e-10], "median": [0.0028036092408, 0.0105272717774, 0.000205505697522, 0.000245178584009, 0.000463645672426, 0.000402798963478, 0.000306796777295, 0.000208167373785, 0.000415696558775, 0.000305013963953, 0.000204304655199, 0.000237613217905, 0.000174788030563, 0.000178585818503, 0.000181256473297, 0.000149703439092, 0.000129349413328, 0.000132357876282, 0.000134775764309, 0.000132765009766, 0.000110846827738, 7.2387738328e-05, 5.85353700444e-05, 6.93511101417e-05, 5.07144068251e-05, 1.61113784998e-05, 3.36745119967e-06], "dmean2": [0.00138595385943, 0.00803490076214, 0.00368914054707, 0.00246252701618, 0.00406675459817, 0.00124583824072, 0.00125598395243, 0.00146714795846, 0.00177227659151, 0.00117060053162, 0.00175757566467, 0.0008572441875, 0.000652722199447, 0.000545471091755, 0.000549010175746, 0.00039769851719, 0.000345365289832, 0.00030931388028, 0.000293848774163, 0.000311873154715, 0.000229671772104, 0.000117906805826, 9.5627612609e-05, 0.000154057066538, 0.000161536037922, 5.52490200789e-05, 7.90543163021e-06], "dmean": [0.000989045132883, 0.005476327613, 0.00209179962985, 0.00135921640322, 0.00221144710667, 0.00075409951387, 0.00077781197615, 0.000924982130527, 0.00112469913438, 0.000757155998144, 0.00100873492192, 0.000547212199308, 0.000397671334213, 0.000350346846972, 0.000341746490449, 0.000258127460256, 0.000219522728003, 0.000196169086848, 0.00019302185683, 0.000217263164814, 0.000158411610755, 8.02179711172e-05, 6.88318323228e-05, 0.000111829394882, 0.000111783912871, 3.88665539504e-05, 5.88217517361e-06], "var": [2.94750498142e-05, 0.000363821309293, 5.64836191188e-05, 1.35593800223e-05, 3.78763834306e-05, 3.50453979081e-06, 7.01610679243e-06, 1.26893364722e-05, 1.88904978131e-05, 1.01510077002e-05, 7.2211528277e-06, 4.46497870144e-06, 1.43997601754e-06, 1.25275073515e-06, 1.33800165258e-06, 7.32731336939e-07, 5.32542458132e-07, 3.45333177165e-07, 4.00132563527e-07, 6.04353658673e-07, 2.99589231645e-07, 8.29625932397e-08, 5.09683744099e-08, 1.38383725812e-07, 1.97340256136e-07, 3.1091797581e-08, 6.97185809084e-10], "dvar": [3.39592315868e-06, 0.000200533104362, 8.45867034514e-05, 2.16518128582e-05, 6.00163766649e-05, 2.43034264713e-06, 4.47704087492e-06, 8.42344252305e-06, 1.34453002829e-05, 4.59428974864e-06, 9.77924719336e-06, 2.09001609619e-06, 1.10356120331e-06, 7.19229888091e-07, 8.53781386922e-07, 4.39932478002e-07, 2.93304708521e-07, 2.12289378965e-07, 1.56430289167e-07, 2.15249940538e-07, 1.21985920032e-07, 2.48571474515e-08, 1.64843765305e-08, 9.25732237533e-08, 1.70276521771e-07, 1.73040959339e-08, 3.41912137491e-10], "mean": [0.00468837330118, 0.015111617744, 0.00190655083861, 0.00121606979519, 0.00183762202505, 0.00104218965862, 0.00113277544733, 0.00111180811655, 0.00145938433707, 0.00104610959534, 0.000914462143555, 0.000805099785794, 0.000520948611666, 0.000514750834554, 0.000507377611939, 0.000405677885283, 0.000349907262716, 0.000328238966176, 0.000362625229172, 0.000409903412219, 0.000303168926621, 0.000167537291418, 0.000138183531817, 0.000195513610379, 0.000175847904757, 6.81734090904e-05, 1.25334290715e-05]}, "melbands_flatness_db": {"min": 0.0418303497136, "max": 1, "dvar2": 0.0054637119174, "median": 0.20391741395, "dmean2": 0.0528191998601, "dmean": 0.0382038801908, "var": 0.0224344432354, "dvar": 0.00281163747422, "mean": 0.244815155864}, "melbands_skewness": {"min": -7.32792377472, "max": 51.6673965454, "dvar2": 25.5242977142, "median": 2.79506731033, "dmean2": 2.80130386353, "dmean": 1.84943330288, "var": 34.9570732117, "dvar": 12.115477562, "mean": 4.66531562805}, "barkbands_skewness": {"min": -9.6969871521, "max": 20.4274044037, "dvar2": 5.28107023239, "median": 1.60925102234, "dmean2": 1.5772742033, "dmean": 1.04493165016, "var": 8.07060623169, "dvar": 2.42204284668, "mean": 2.5000679493}, "silence_rate_60dB": {"min": 0, "max": 1, "dvar2": 0.0276783201844, "median": 0, "dmean2": 0.0223782770336, "dmean": 0.0112349027768, "var": 0.0199011582881, "dvar": 0.0111106252298, "mean": 0.0203145481646}, "spectral_energyband_low": {"min": 4.39840874833e-08, "max": 0.212729722261, "dvar2": 0.000498689827509, "median": 0.0168319605291, "dmean2": 0.00969166308641, "dmean": 0.00656701205298, "var": 0.000566391914617, "dvar": 0.000239301094553, "mean": 0.0219137333333}, "spectral_energyband_middle_low": {"min": 7.57044826827e-09, "max": 0.132744371891, "dvar2": 0.000401034747483, "median": 0.00462820194662, "dmean2": 0.00917399488389, "dmean": 0.00546688353643, "var": 0.000141383337905, "dvar": 0.000147304148413, "mean": 0.00821288581938}, "melbands_kurtosis": {"min": -1.98637163639, "max": 5058.01416016, "dvar2": 97051.6953125, "median": 9.93201828003, "dmean2": 87.9956512451, "dmean": 56.390411377, "var": 90296.9140625, "dvar": 47007.9296875, "mean": 81.2725982666}, "spectral_decrease": {"min": -5.68692080094e-08, "max": -2.22217535172e-14, "dvar2": 3.83484174528e-17, "median": -7.99105137617e-09, "dmean2": 3.90915211312e-09, "dmean": 2.54983389958e-09, "var": 4.21682779645e-17, "dvar": 1.79783752215e-17, "mean": -9.17849973803e-09}, "erbbands_kurtosis": {"min": -1.93208062649, "max": 544.474121094, "dvar2": 743.174682617, "median": 0.00886869430542, "dmean2": 6.36575460434, "dmean": 3.86251664162, "var": 339.46472168, "dvar": 313.650421143, "mean": 3.0220181942}, "melbands_crest": {"min": 3.14350152016, "max": 39.0511245728, "dvar2": 35.5076370239, "median": 21.7145767212, "dmean2": 5.84251499176, "dmean": 3.78564548492, "var": 93.6863021851, "dvar": 15.6776285172, "mean": 22.6576004028}, "gfcc": {"cov": [[10495.0888672, -1267.04626465, -1833.30664062, 256.18939209, -1614.40258789, -864.128723145, -1436.61047363, -230.07359314, -517.49786377, 280.238433838, -446.859008789, -292.081695557, -462.395843506], [-1267.04626465, 1626.03881836, 235.314620972, -89.5214233398, 68.5152282715, -115.125434875, 169.208526611, -250.885574341, -38.8609733582, -192.087051392, 132.698608398, -41.0546951294, 55.7793922424], [-1833.30664062, 235.314620972, 1184.79431152, 67.8300857544, 423.406005859, 174.003204346, 197.975769043, 34.7879981995, 84.1651153564, -73.6401062012, -34.8316726685, 47.8120002747, -33.6965637207], [256.18939209, -89.5214233398, 67.8300857544, 567.610168457, 10.1743459702, -106.955047607, -79.8942337036, -0.181231871247, 30.4983215332, -21.4139633179, -43.3791809082, -53.1024246216, -46.7508354187], [-1614.40258789, 68.5152282715, 423.406005859, 10.1743459702, 662.433959961, 315.963897705, 335.918548584, 68.2732391357, 168.098922729, -51.0941963196, 26.604309082, 93.1879882812, 77.518447876], [-864.128723145, -115.125434875, 174.003204346, -106.955047607, 315.963897705, 460.250732422, 307.299377441, 94.149887085, 67.8693161011, -3.46175956726, 59.8376731873, 81.2542495728, 48.9917182922], [-1436.61047363, 169.208526611, 197.975769043, -79.8942337036, 335.918548584, 307.299377441, 513.981872559, 114.991455078, 127.762649536, -50.3607177734, 105.104110718, 83.2176589966, 92.1364135742], [-230.07359314, -250.885574341, 34.7879981995, -0.181231871247, 68.2732391357, 94.149887085, 114.991455078, 260.038085938, 122.084075928, 83.3147888184, 26.2650260925, 22.0874195099, 57.4681930542], [-517.49786377, -38.8609733582, 84.1651153564, 30.4983215332, 168.098922729, 67.8693161011, 127.762649536, 122.084075928, 231.120803833, 58.6082191467, 36.5257339478, 38.9040336609, 43.9646568298], [280.238433838, -192.087051392, -73.6401062012, -21.4139633179, -51.0941963196, -3.46175956726, -50.3607177734, 83.3147888184, 58.6082191467, 181.202789307, 56.8395614624, 5.60470533371, 11.3236255646], [-446.859008789, 132.698608398, -34.8316726685, -43.3791809082, 26.604309082, 59.8376731873, 105.104110718, 26.2650260925, 36.5257339478, 56.8395614624, 173.009262085, 65.6412963867, 73.5291900635], [-292.081695557, -41.0546951294, 47.8120002747, -53.1024246216, 93.1879882812, 81.2542495728, 83.2176589966, 22.0874195099, 38.9040336609, 5.60470533371, 65.6412963867, 142.878799438, 58.7296829224], [-462.395843506, 55.7793922424, -33.6965637207, -46.7508354187, 77.518447876, 48.9917182922, 92.1364135742, 57.4681930542, 43.9646568298, 11.3236255646, 73.5291900635, 58.7296829224, 151.534484863]], "icov": [[0.000290738418698, -2.27130876738e-05, 0.000330224749632, -0.000134628120577, 0.000288322858978, -0.000104786427983, 0.00030717701884, -7.62004347052e-05, 0.000228118355153, -0.000460048438981, 0.000685759296175, -0.000412990251789, 0.000451439118478], [-2.27130876738e-05, 0.00132957752794, -0.000386975327274, 0.00036052550422, 4.1237753976e-06, 0.000730374187697, -0.000513019796927, 0.0012781014666, -0.000533499871381, 0.00135733443312, -0.0018494296819, 0.00145286193583, -0.000556893239263], [0.000330224749632, -0.000386975327274, 0.00165785069112, -0.000310850533424, -0.000525062612724, -0.000160922048963, 0.000416990282247, -0.000701736425981, 0.000550998025574, -0.000638016266748, 0.00129912048578, -0.00112441938836, 0.00144929590169], [-0.000134628120577, 0.00036052550422, -0.000310850533424, 0.00221198261715, -0.000515459221788, 0.000754100095946, 0.000168365964782, -2.93948123726e-05, -0.000702472170815, 0.00120936438907, -0.00120744225569, 0.00116578314919, 0.000245959614404], [0.000288322858978, 4.1237753976e-06, -0.000525062612724, -0.000515459221788, 0.00425895070657, -0.00181230821181, -0.000674178358167, 0.00121424545068, -0.00181882525794, -0.000230933888815, 0.0019804390613, -0.000920844089705, -0.001099981484], [-0.000104786427983, 0.000730374187697, -0.000160922048963, 0.000754100095946, -0.00181230821181, 0.00520831905305, -0.00237551797181, -0.000298904196825, 0.00118434778415, -1.54610661411e-05, -0.00121979729738, -6.25257671345e-05, 0.000682881567627], [0.00030717701884, -0.000513019796927, 0.000416990282247, 0.000168365964782, -0.000674178358167, -0.00237551797181, 0.00594578031451, -0.00213948683813, -0.000955140742008, 0.00242470530793, -0.00184599577915, -0.000190289414604, 0.000645354331937], [-7.62004347052e-05, 0.0012781014666, -0.000701736425981, -2.93948123726e-05, 0.00121424545068, -0.000298904196825, -0.00213948683813, 0.00840290170163, -0.00300927669741, -0.00201603863388, 0.000640548823867, 0.00168823299464, -0.0032198750414], [0.000228118355153, -0.000533499871381, 0.000550998025574, -0.000702472170815, -0.00181882525794, 0.00118434778415, -0.000955140742008, -0.00300927669741, 0.00849467888474, -0.00335732870735, 0.00147882546298, -0.0018020804273, 0.000834960781503], [-0.000460048438981, 0.00135733443312, -0.000638016266748, 0.00120936438907, -0.000230933888815, -1.54610661411e-05, 0.00242470530793, -0.00201603863388, -0.00335732870735, 0.0125430524349, -0.00794316641986, 0.00305915460922, 0.00044663096196], [0.000685759296175, -0.0018494296819, 0.00129912048578, -0.00120744225569, 0.0019804390613, -0.00121979729738, -0.00184599577915, 0.000640548823867, 0.00147882546298, -0.00794316641986, 0.0155359851196, -0.00600121170282, -0.00209773238748], [-0.000412990251789, 0.00145286193583, -0.00112441938836, 0.00116578314919, -0.000920844089705, -6.25257671345e-05, -0.000190289414604, 0.00168823299464, -0.0018020804273, 0.00305915460922, -0.00600121170282, 0.0123517001048, -0.00329953967594], [0.000451439118478, -0.000556893239263, 0.00144929590169, 0.000245959614404, -0.001099981484, 0.000682881567627, 0.000645354331937, -0.0032198750414, 0.000834960781503, 0.00044663096196, -0.00209773238748, -0.00329953967594, 0.0117715392262]], "mean": [-5.35431480408, 65.6352920532, -102.507316589, 28.5002689362, -45.0026321411, 26.497636795, -20.5896911621, 21.8227291107, -14.9767932892, 10.5654287338, -7.2884926796, 4.58048439026, -1.86696147919]}, "melbands_spread": {"min": 0.0295511204749, "max": 234.298019409, "dvar2": 207.037567139, "median": 19.2949943542, "dmean2": 11.8592195511, "dmean": 7.91059541702, "var": 361.882965088, "dvar": 96.4686279297, "mean": 23.2983913422}, "spectral_energy": {"min": 9.2766732962e-08, "max": 0.215924933553, "dvar2": 0.000560703570955, "median": 0.0327165797353, "dmean2": 0.0153251504526, "dmean": 0.0100319664925, "var": 0.000618369667791, "dvar": 0.000263686524704, "mean": 0.0367326699197}, "mfcc": {"cov": [[11122.6582031, -885.973327637, -1127.6048584, -272.8487854, -730.976135254, -888.044921875, -987.033447266, -1199.45263672, -708.483398438, -273.335632324, -156.524124146, -187.411819458, -670.056335449], [-885.973327637, 1272.70874023, 196.043731689, 6.96785163879, -50.6508293152, 56.3982467651, 29.5945835114, 7.07574415207, -105.124336243, -102.216506958, -32.5888748169, -79.9213638306, 1.91003477573], [-1127.6048584, 196.043731689, 687.525634766, 184.166351318, 122.461380005, 78.0202026367, 58.4846687317, 90.8642120361, 6.66922807693, -7.98667192459, 13.9556188583, -8.88685417175, 6.97857666016], [-272.8487854, 6.96785163879, 184.166351318, 516.643676758, 108.207077026, -13.6750154495, -66.2230606079, 2.87104153633, 5.72513198853, -12.7270708084, -7.74060630798, 10.8877506256, -43.0977325439], [-730.976135254, -50.6508293152, 122.461380005, 108.207077026, 344.653961182, 143.526092529, 36.3627929688, 104.122917175, 118.38583374, 41.8036155701, 31.3908729553, 17.8182163239, 47.7384567261], [-888.044921875, 56.3982467651, 78.0202026367, -13.6750154495, 143.526092529, 362.562011719, 170.115539551, 225.801940918, 71.0308990479, 30.2024688721, 38.2511634827, -13.1793518066, 84.8791885376], [-987.033447266, 29.5945835114, 58.4846687317, -66.2230606079, 36.3627929688, 170.115539551, 322.629089355, 199.214920044, 104.783950806, 57.6848182678, 18.4473133087, 36.7631187439, 95.5749435425], [-1199.45263672, 7.07574415207, 90.8642120361, 2.87104153633, 104.122917175, 225.801940918, 199.214920044, 379.939056396, 169.041564941, 53.2759094238, 39.6368026733, 24.4184112549, 124.290161133], [-708.483398438, -105.124336243, 6.66922807693, 5.72513198853, 118.38583374, 71.0308990479, 104.783950806, 169.041564941, 239.851974487, 112.101127625, 40.1806564331, 53.3195991516, 78.4274902344], [-273.335632324, -102.216506958, -7.98667192459, -12.7270708084, 41.8036155701, 30.2024688721, 57.6848182678, 53.2759094238, 112.101127625, 167.460174561, 81.6168289185, 55.1335716248, 36.8529090881], [-156.524124146, -32.5888748169, 13.9556188583, -7.74060630798, 31.3908729553, 38.2511634827, 18.4473133087, 39.6368026733, 40.1806564331, 81.6168289185, 129.440719604, 55.8441848755, 20.8695640564], [-187.411819458, -79.9213638306, -8.88685417175, 10.8877506256, 17.8182163239, -13.1793518066, 36.7631187439, 24.4184112549, 53.3195991516, 55.1335716248, 55.8441848755, 118.183479309, 56.2054595947], [-670.056335449, 1.91003477573, 6.97857666016, -43.0977325439, 47.7384567261, 84.8791885376, 95.5749435425, 124.290161133, 78.4274902344, 36.8529090881, 20.8695640564, 56.2054595947, 163.757278442]], "icov": [[0.000226767529966, 0.000138936738949, 0.000220632457058, 7.8026947449e-05, 0.000169961931533, -3.62369996765e-06, 0.000303592591081, 0.000219251698582, 0.000193116618902, 3.65869927919e-05, -8.61725038703e-06, -1.82570020115e-05, 0.000452767097158], [0.000138936738949, 0.00100766576361, -0.00012366977171, 2.49756812991e-05, 0.000294426979963, -7.78113972046e-05, 1.67727084772e-05, 0.0002377039782, 0.000271361030173, 0.000491282669827, -0.000339900667313, 0.000630073016509, -8.05787567515e-05], [0.000220632457058, -0.00012366977171, 0.00208313809708, -0.000504616880789, -0.000477761932416, 0.000262867135461, -0.00014283710334, -0.00026130391052, 0.000789267476648, -2.89429499389e-05, -0.000280469947029, 0.000189657366718, 0.000566520728171], [7.8026947449e-05, 2.49756812991e-05, -0.000504616880789, 0.00254920078442, -0.000703922414687, 0.000125359962112, 0.000811258738395, -0.000469797145342, 0.000251625460805, -8.39886488393e-05, 0.000757734465878, -0.00119216949679, 0.00124570715707], [0.000169961931533, 0.000294426979963, -0.000477761932416, -0.000703922414687, 0.0050971605815, -0.00233309855685, 0.00113259989303, 0.00130286684725, -0.00287004187703, 0.000912113871891, -0.000487139099278, 3.20561775879e-05, -0.000179055510671], [-3.62369996765e-06, -7.78113972046e-05, 0.000262867135461, 0.000125359962112, -0.00233309855685, 0.00642266031355, -0.00197026436217, -0.00281994231045, 0.00224139587954, -0.000358535646228, -0.00168181944173, 0.00265967962332, -0.0010420755716], [0.000303592591081, 1.67727084772e-05, -0.00014283710334, 0.000811258738395, 0.00113259989303, -0.00197026436217, 0.00629111146554, -0.00134220276959, -0.000286657246761, -0.00128987221979, 0.00198219995946, -0.00204794155434, 0.000377530552214], [0.000219251698582, 0.0002377039782, -0.00026130391052, -0.000469797145342, 0.00130286684725, -0.00281994231045, -0.00134220276959, 0.00779049145058, -0.0044724936597, 0.00244846544228, -0.00184131332207, 0.00150535115972, -0.00195690710098], [0.000193116618902, 0.000271361030173, 0.000789267476648, 0.000251625460805, -0.00287004187703, 0.00224139587954, -0.000286657246761, -0.0044724936597, 0.0116350175813, -0.00623180577531, 0.00257025053725, -0.00134444586001, 2.04272309929e-05], [3.65869927919e-05, 0.000491282669827, -2.89429499389e-05, -8.39886488393e-05, 0.000912113871891, -0.000358535646228, -0.00128987221979, 0.00244846544228, -0.00623180577531, 0.0134659679607, -0.00707644224167, 0.000101836216345, -0.000241508954787], [-8.61725038703e-06, -0.000339900667313, -0.000280469947029, 0.000757734465878, -0.000487139099278, -0.00168181944173, 0.00198219995946, -0.00184131332207, 0.00257025053725, -0.00707644224167, 0.0147361392155, -0.00653370423242, 0.00216055451892], [-1.82570020115e-05, 0.000630073016509, 0.000189657366718, -0.00119216949679, 3.20561775879e-05, 0.00265967962332, -0.00204794155434, 0.00150535115972, -0.00134444586001, 0.000101836216345, -0.00653370423242, 0.0159931071103, -0.00577468099073], [0.000452767097158, -8.05787567515e-05, 0.000566520728171, 0.00124570715707, -0.000179055510671, -0.0010420755716, 0.000377530552214, -0.00195690710098, 2.04272309929e-05, -0.000241508954787, 0.00216055451892, -0.00577468099073, 0.0118723530322]], "mean": [-653.80682373, 102.443061829, 5.07233715057, 17.2254295349, 7.6009812355, 9.1319475174, 13.6124258041, 10.7616415024, 10.7810573578, 10.7055072784, 3.84825634956, 7.70929861069, 5.2676987648]}, "spectral_contrast_valleys": {"min": [-12.7904043198, -13.3518133163, -14.5259799957, -14.4626321793, -15.2774124146, -16.9950618744], "max": [-5.3136100769, -4.69727325439, -5.01375150681, -5.57909870148, -5.50213623047, -7.61406612396], "dvar2": [0.455648511648, 0.785740554333, 0.687167048454, 0.721097588539, 0.528366446495, 0.281914561987], "median": [-7.14568758011, -6.72880744934, -7.07004261017, -7.44755554199, -7.29058647156, -9.62442207336], "dmean2": [0.709158062935, 0.814684033394, 0.708577930927, 0.642488241196, 0.504580795765, 0.403930157423], "dmean": [0.452337414026, 0.515624582767, 0.460957199335, 0.427831798792, 0.363417387009, 0.312932580709], "var": [1.24275505543, 1.64199864864, 1.20282876492, 1.46572124958, 1.66390526295, 1.55100357533], "dvar": [0.220357656479, 0.374985337257, 0.322345554829, 0.345515817404, 0.266277760267, 0.156733974814], "mean": [-7.44861555099, -7.07428741455, -7.28317403793, -7.68253898621, -7.58197259903, -9.85878658295]}, "barkbands_flatness_db": {"min": 0.0133412303403, "max": 0.888970971107, "dvar2": 0.004150881432, "median": 0.127822697163, "dmean2": 0.0453682616353, "dmean": 0.0320947617292, "var": 0.0167695451528, "dvar": 0.0021401012782, "mean": 0.167271673679}, "dynamic_complexity": 2.95617961884, "erbbands_flatness_db": {"min": 0.0442928671837, "max": 0.737142682076, "dvar2": 0.00205194670707, "median": 0.12668274343, "dmean2": 0.0348291061819, "dmean": 0.0231643766165, "var": 0.00513738021255, "dvar": 0.00102058332413, "mean": 0.144786074758}, "hfc": {"min": 9.80