{"lowlevel": {"spectral_complexity": {"min": 0, "max": 57, "dvar2": 65.3721847534, "median": 11, "dmean2": 6.06030607224, "dmean": 3.8792424202, "var": 107.147071838, "dvar": 28.8551692963, "mean": 14.2490720749}, "silence_rate_20dB": {"min": 1, "max": 1, "dvar2": 0, "median": 1, "dmean2": 0, "dmean": 0, "var": 0, "dvar": 0, "mean": 1}, "average_loudness": 0.957581818104, "erbbands_spread": {"min": 3.73972010612, "max": 180.52255249, "dvar2": 809.875061035, "median": 36.7408905029, "dmean2": 22.8208236694, "dmean": 14.8435401917, "var": 728.662780762, "dvar": 354.035064697, "mean": 43.9665603638}, "spectral_kurtosis": {"min": -1.23432123661, "max": 42.3169822693, "dvar2": 14.3312864304, "median": 3.65831208229, "dmean2": 2.90111327171, "dmean": 1.87120127678, "var": 14.6590995789, "dvar": 6.41203737259, "mean": 4.4933719635}, "barkbands_kurtosis": {"min": -1.94094884396, "max": 856.134887695, "dvar2": 2962.47070312, "median": 3.62029242516, "dmean2": 21.9403419495, "dmean": 12.8014640808, "var": 1489.93676758, "dvar": 1108.17785645, "mean": 15.8545942307}, "spectral_strongpeak": {"min": 0, "max": 19.7654876709, "dvar2": 2.93114042282, "median": 0.277341544628, "dmean2": 0.862717032433, "dmean": 0.495529294014, "var": 1.32756352425, "dvar": 1.10281407833, "mean": 0.702383995056}, "spectral_spread": {"min": 1444445.625, "max": 39419336, "dvar2": 2708779040770.0, "median": 4649829, "dmean2": 1343076.625, "dmean": 974241.9375, "var": 4033794801660.0, "dvar": 1429051277310.0, "mean": 5119922.5}, "spectral_rms": {"min": 3.18999622724e-12, "max": 0.0156056042761, "dvar2": 1.21286811918e-05, "median": 0.00448270235211, "dmean2": 0.00234290212393, "dmean": 0.00147175253369, "var": 6.35311516817e-06, "dvar": 4.89333706355e-06, "mean": 0.00491373706609}, "erbbands": {"min": [8.28318213087e-23, 1.53091279857e-21, 1.13716315437e-20, 3.18636498927e-20, 1.27071459851e-19, 2.31911484312e-19, 2.27341983512e-19, 6.58626742916e-19, 6.81045457167e-19, 8.82490561199e-19, 1.20149307462e-18, 1.3011740253e-18, 2.37837463089e-18, 5.28344328193e-18, 4.31761024151e-18, 3.81397801684e-18, 3.48157424691e-18, 7.94736603695e-18, 9.03670996413e-18, 6.74188801973e-18, 7.90057904715e-18, 1.68759535688e-17, 1.27792084091e-17, 8.05923063427e-18, 1.42624218296e-17, 9.53641225371e-18, 1.83061256869e-17, 2.06405385634e-17, 1.0107293435e-17, 1.16674222447e-17, 1.63309044109e-17, 2.04818026038e-17, 2.05186584632e-17, 1.1761328751e-17, 5.88430148863e-18, 5.96278190361e-18, 3.12824115313e-18, 1.13464468021e-18, 3.56903515501e-19, 4.21863889548e-20], "max": [2.98588275909, 45.4695968628, 142.865310669, 141.310058594, 86.1124038696, 189.559173584, 315.262084961, 836.257385254, 1120.12866211, 1443.6887207, 1358.69726562, 712.203063965, 1583.60522461, 1796.64685059, 1571.25183105, 1111.88476562, 1453.98022461, 1169.0871582, 1439.32177734, 1126.32312012, 1328.78234863, 2482.05908203, 1467.92529297, 1106.44848633, 613.777954102, 686.247558594, 310.494628906, 232.780807495, 225.108108521, 327.028106689, 152.068878174, 118.217330933, 78.2620391846, 66.8233337402, 33.2214851379, 17.0813140869, 5.46254491806, 0.86386680603, 0.523774445057, 0.0476988106966], "dvar2": [0.287341833115, 124.638916016, 1699.8425293, 1346.93908691, 232.080047607, 142.994186401, 715.551025391, 2218.78735352, 2665.91992188, 3834.49243164, 2402.11694336, 2350.96557617, 5785.21582031, 5323.43652344, 7106.93359375, 4785.56201172, 5881.26806641, 7363.78515625, 5975.65966797, 9777.85449219, 6137.55810547, 4187.09863281, 2772.16796875, 2269.59985352, 1340.1451416, 855.915649414, 409.135955811, 214.079071045, 284.507568359, 281.402282715, 119.370880127, 49.1986541748, 37.043964386, 17.2625160217, 4.42995977402, 1.11374509335, 0.19347499311, 0.0104838581756, 0.000305332650896, 1.96695737031e-06], "median": [0.227814614773, 1.37458181381, 1.75292205811, 1.38683319092, 1.18891334534, 2.28907871246, 3.41761255264, 3.55612754822, 3.18865060806, 1.75270414352, 2.2025513649, 2.59482192993, 2.67670154572, 4.18457269669, 4.32350587845, 3.88821530342, 3.9063668251, 3.89569997787, 3.68123149872, 4.36890506744, 5.07723760605, 4.19007730484, 4.47780799866, 5.24229240417, 4.51487350464, 4.02737998962, 2.52621984482, 1.99001002312, 1.8733716011, 1.61279273033, 1.09434211254, 0.70051074028, 0.431269168854, 0.200672209263, 0.0856611728668, 0.0304699297994, 0.00776580534875, 0.00141499214806, 0.000131477951072, 3.75666058972e-05], "dmean2": [0.365006119013, 5.11009263992, 17.0161495209, 14.7077083588, 6.69799852371, 5.96025848389, 11.9327411652, 18.4671382904, 17.0978317261, 13.6781702042, 11.6467657089, 16.1002159119, 22.4227695465, 18.6825695038, 19.0552215576, 21.9330558777, 27.0176258087, 29.7267398834, 26.5535850525, 37.1786003113, 29.1866226196, 22.5739021301, 18.8635482788, 20.0821990967, 17.0936908722, 15.2756061554, 10.592300415, 8.12277126312, 8.62353515625, 7.43705129623, 5.06209754944, 3.32313418388, 2.58810901642, 1.6203776598, 0.87537753582, 0.421099305153, 0.165778443217, 0.0383467935026, 0.00553089147434, 0.000315953948302], "dmean": [0.2222956568, 2.83826112747, 9.24356174469, 7.77108860016, 3.588722229, 3.48291087151, 7.31383275986, 11.8030185699, 10.5412721634, 8.37816619873, 7.39080858231, 10.1154079437, 14.0183944702, 11.7721385956, 12.1126337051, 14.2867050171, 17.2803840637, 18.9903831482, 16.7975711823, 23.4910049438, 18.5959205627, 14.5280256271, 12.0070571899, 12.5708751678, 10.748052597, 9.38015174866, 6.40737390518, 4.91184663773, 5.29018163681, 4.63709259033, 3.19219827652, 2.12311506271, 1.64966785908, 1.01866614819, 0.557076573372, 0.268132507801, 0.105894938111, 0.024984953925, 0.00366640742868, 0.000216592263314], "var": [0.150075048208, 28.8128604889, 375.761871338, 268.607086182, 49.8540878296, 84.290725708, 617.666137695, 1755.17871094, 1746.85742188, 1625.84973145, 1027.00671387, 1458.6015625, 3059.22192383, 2458.85791016, 2730.35375977, 4076.70092773, 6059.36181641, 5865.83349609, 4021.84643555, 7162.05175781, 4897.84033203, 3770.60473633, 2391.41674805, 2076.00463867, 1371.33630371, 824.091674805, 232.70993042, 105.512062073, 144.378967285, 136.316726685, 66.6756210327, 32.6972122192, 20.3633747101, 7.05635356903, 2.01971888542, 0.517879843712, 0.0870276317, 0.00535047613084, 0.000688116357196, 1.32914692585e-05], "dvar": [0.110385112464, 44.2464370728, 611.65435791, 471.760986328, 81.1436157227, 56.0657920837, 301.553527832, 954.55871582, 1093.26586914, 1504.97485352, 956.284912109, 952.786621094, 2280.73974609, 2106.88012695, 2702.5715332, 2019.86328125, 2438.93847656, 3040.34570312, 2421.42919922, 4032.86499023, 2500.7043457, 1831.77246094, 1139.72973633, 895.553222656, 558.837036133, 368.091278076, 164.959213257, 84.5063323975, 116.906555176, 113.339561462, 49.7064704895, 21.3697147369, 15.7529087067, 6.84888076782, 1.83989858627, 0.469536155462, 0.0825460627675, 0.00482410937548, 0.000147626094986, 1.07840037344e-06], "mean": [0.349175006151, 2.73561191559, 6.89152383804, 5.45673179626, 3.2237098217, 4.82572793961, 11.7511777878, 18.0852832794, 15.4498119354, 10.3657102585, 10.1576147079, 13.849732399, 19.3547611237, 16.6719989777, 17.2062416077, 22.9892311096, 28.8186206818, 29.0044956207, 24.8952445984, 34.825214386, 29.2262744904, 23.8865909576, 20.5663776398, 21.7398338318, 17.7506599426, 14.0247507095, 8.47609233856, 6.12291288376, 6.51639509201, 5.90968942642, 4.01012516022, 2.72169065475, 1.98249077797, 1.11377108097, 0.596326351166, 0.278729408979, 0.103867463768, 0.0236280690879, 0.00551227061078, 0.000572806457058]}, "zerocrossingrate": {"min": 0.001953125, "max": 0.517578125, "dvar2": 0.000602607207838, "median": 0.04638671875, "dmean2": 0.0190579555929, "dmean": 0.0156940426677, "var": 0.00232548406348, "dvar": 0.0004707815242, "mean": 0.0582572817802}, "spectral_contrast_coeffs": {"min": [-0.967578172684, -0.952248036861, -0.964274585247, -0.955508470535, -0.963896155357, -0.962645590305], "max": [-0.35790297389, -0.29141125083, -0.426286131144, -0.48714774847, -0.537246704102, -0.580190181732], "dvar2": [0.00835383683443, 0.00466506369412, 0.00303771719337, 0.00220104749314, 0.00128896243405, 0.00142690143548], "median": [-0.718005418777, -0.729843258858, -0.755958616734, -0.768791437149, -0.79045343399, -0.778968751431], "dmean2": [0.0966018587351, 0.0808118805289, 0.0667185261846, 0.0566542670131, 0.042110633105, 0.0386922881007], "dmean": [0.0589895956218, 0.0502095781267, 0.0431605614722, 0.0368597358465, 0.0274941362441, 0.0247428528965], "var": [0.00622710864991, 0.00832800380886, 0.00551333557814, 0.00512274634093, 0.00354075361975, 0.00199784338474], "dvar": [0.00337350787595, 0.00190688262228, 0.00134958652779, 0.00100430403836, 0.000603627122473, 0.000590865965933], "mean": [-0.704123556614, -0.714529454708, -0.749968588352, -0.760597527027, -0.781267285347, -0.775391221046]}, "dissonance": {"min": 0.296275913715, "max": 0.500000119209, "dvar2": 0.000927578366827, "median": 0.468908190727, "dmean2": 0.0326129645109, "dmean": 0.0198564194143, "var": 0.000849024800118, "dvar": 0.000364132254617, "mean": 0.461595267057}, "spectral_energyband_high": {"min": 7.62022529415e-21, "max": 0.0159500371665, "dvar2": 3.27052453031e-06, "median": 0.000334728683811, "dmean2": 0.00102471187711, "dmean": 0.000657756812871, "var": 2.16500325223e-06, "dvar": 1.41235091178e-06, "mean": 0.000944022613112}, "spectral_skewness": {"min": -0.230689823627, "max": 5.310587883, "dvar2": 0.258769989014, "median": 1.45925426483, "dmean2": 0.453709751368, "dmean": 0.299008071423, "var": 0.349596858025, "dvar": 0.121646545827, "mean": 1.54036533833}, "spectral_flux": {"min": 1.02129707469e-10, "max": 0.449224978685, "dvar2": 0.00776801910251, "median": 0.0747345685959, "dmean2": 0.0723514184356, "dmean": 0.0464891940355, "var": 0.00802649278194, "dvar": 0.0046864291653, "mean": 0.10404767096}, "silence_rate_30dB": {"min": 0, "max": 1, "dvar2": 0.221945419908, "median": 1, "dmean2": 0.192979738116, "dmean": 0.096482411027, "var": 0.0593770444393, "dvar": 0.0871827304363, "mean": 0.936610996723}, "spectral_energyband_middle_high": {"min": 1.68483251112e-21, "max": 0.0944759100676, "dvar2": 4.23739475082e-05, "median": 0.00163955613971, "dmean2": 0.00321279582568, "dmean": 0.00209903460927, "var": 5.84890440223e-05, "dvar": 1.77400288521e-05, "mean": 0.00506736291572}, "barkbands_spread": {"min": 0.193113207817, "max": 116.191917419, "dvar2": 354.875213623, "median": 19.3367176056, "dmean2": 14.4658746719, "dmean": 9.01348304749, "var": 352.304382324, "dvar": 152.968948364, "mean": 23.1193294525}, "spectral_centroid": {"min": 103.523788452, "max": 10624.015625, "dvar2": 478903.96875, "median": 1270.00708008, "dmean2": 577.540100098, "dmean": 368.137176514, "var": 729005.0625, "dvar": 218957.71875, "mean": 1386.7010498}, "pitch_salience": {"min": 0.0781203955412, "max": 0.921505391598, "dvar2": 0.0269707348198, "median": 0.452659845352, "dmean2": 0.163552567363, "dmean": 0.0986893773079, "var": 0.0179892554879, "dvar": 0.00988022144884, "mean": 0.45248028636}, "erbbands_skewness": {"min": -5.21089363098, "max": 8.81254959106, "dvar2": 0.782585263252, "median": 0.179224401712, "dmean2": 0.787293612957, "dmean": 0.506729841232, "var": 1.14707231522, "dvar": 0.334201663733, "mean": 0.296547532082}, "erbbands_crest": {"min": 2.14699459076, "max": 31.6263217926, "dvar2": 22.1248340607, "median": 8.49214172363, "dmean2": 4.93206453323, "dmean": 3.03471016884, "var": 22.1291217804, "dvar": 8.62686061859, "mean": 9.62480163574}, "melbands": {"min": [1.23666193959e-24, 4.57583816783e-24, 8.3793523216e-24, 1.30651111568e-23, 7.95611503531e-24, 1.30677491077e-23, 1.15513288893e-23, 1.00782439559e-23, 1.00300847865e-23, 9.82498410663e-24, 1.18777729426e-23, 2.04680942803e-23, 1.76301577075e-23, 1.18819262952e-23, 5.78003394522e-24, 1.23709506367e-23, 1.48166332242e-23, 1.57998868114e-23, 1.11889033125e-23, 6.18868401008e-24, 1.03927162561e-23, 1.78747866296e-23, 1.60497506145e-23, 6.8229155561e-24, 6.20147065649e-24, 9.29018611113e-24, 9.87719249906e-24, 5.38152665945e-24, 8.52634866268e-24, 1.55036632306e-23, 1.08860280566e-23, 4.79256902407e-24, 6.71098408226e-24, 6.09814881057e-24, 8.71467421544e-24, 1.10099210283e-23, 1.35651732401e-23, 1.49982526704e-23, 1.24740097919e-23, 8.96935716983e-24], "max": [0.0373694971204, 0.0645000040531, 0.0224170852453, 0.00671525066718, 0.00877628941089, 0.0165417082608, 0.0148491626605, 0.018611881882, 0.0105620305985, 0.00476459506899, 0.00825650431216, 0.00726382015273, 0.00689204409719, 0.004000431858, 0.00330148660578, 0.00295362924226, 0.00226984033361, 0.00194529257715, 0.00260506710038, 0.00227278773673, 0.00178209459409, 0.00289343693294, 0.000940335099585, 0.0010989458533, 0.00102643738501, 0.000917022000067, 0.000597230973653, 0.000522187736351, 0.000223853756324, 0.000172495143488, 0.000120560885989, 0.000146705686348, 0.000169428094523, 0.00021914523677, 0.000100123666925, 8.44548849273e-05, 6.48955610814e-05, 6.54194445815e-05, 4.72833380627e-05, 5.86474598094e-05], "dvar2": [6.01432620897e-05, 0.000359738420229, 3.42938510585e-05, 5.27444228737e-07, 6.29072587799e-07, 9.8818600236e-07, 5.54197697511e-07, 4.36592415554e-07, 1.365042408e-07, 1.01935626162e-07, 1.48949354184e-07, 9.07777675252e-08, 9.62350696909e-08, 4.98830843298e-08, 3.66162105081e-08, 2.99952311877e-08, 2.97509412661e-08, 1.66105600385e-08, 2.35870327714e-08, 1.37796503097e-08, 1.08351319028e-08, 5.80650150184e-09, 4.29788471479e-09, 2.64090571633e-09, 1.95566807193e-09, 1.55903157051e-09, 5.46447276317e-10, 4.30072866209e-10, 2.25613805416e-10, 9.68230287612e-11, 8.19991297085e-11, 1.01699371147e-10, 1.00753821952e-10, 9.77120120926e-11, 4.54663424965e-11, 3.07671770006e-11, 1.78443024246e-11, 2.13890658657e-11, 1.47476718337e-11, 1.33791441467e-11], "median": [0.00202396395616, 0.0012887744233, 0.000252366822679, 0.000120929267723, 0.000125246471725, 8.236188296e-05, 4.27656632382e-05, 1.65427863976e-05, 1.74705128302e-05, 1.42975086419e-05, 1.16291430459e-05, 1.54161043611e-05, 1.22048977573e-05, 8.80470997799e-06, 7.28807117412e-06, 7.46493242332e-06, 5.72398766963e-06, 4.53444090454e-06, 4.84772999698e-06, 5.0339262998e-06, 4.89420335725e-06, 4.01229226554e-06, 3.21646712109e-06, 3.773392109e-06, 3.77816832042e-06, 3.11219355353e-06, 2.80511676465e-06, 2.39818564296e-06, 1.51030610596e-06, 1.12929160423e-06, 1.01972989341e-06, 9.63503680396e-07, 9.80256572802e-07, 7.98627468157e-07, 6.2180021132e-07, 4.67170565344e-07, 3.78709387405e-07, 3.10784201929e-07, 2.07171993338e-07, 1.41454052027e-07], "dmean2": [0.00427570240572, 0.00814346782863, 0.00236791325733, 0.000389248132706, 0.000375974166673, 0.000406462495448, 0.000249968870776, 0.00014263310004, 9.52594855335e-05, 0.000104465420009, 0.000113445719762, 7.73954452598e-05, 6.95739508956e-05, 6.44034080324e-05, 6.33077215753e-05, 5.87671929679e-05, 5.81796957704e-05, 4.4304975745e-05, 5.05517818965e-05, 4.16898001276e-05, 3.79221273761e-05, 2.59267999354e-05, 2.26258725888e-05, 1.82745898201e-05, 1.77113961399e-05, 1.57317681442e-05, 1.13991145554e-05, 1.03458551166e-05, 7.58735768613e-06, 5.20001140103e-06, 4.96749134982e-06, 5.15401734447e-06, 4.84175461679e-06, 4.14946407545e-06, 3.10704876938e-06, 2.50001403401e-06, 1.97632266463e-06, 1.91359072232e-06, 1.64380048773e-06, 1.32349839532e-06], "dmean": [0.00247932644561, 0.00449191359803, 0.00125692901202, 0.000218542132643, 0.000229252676945, 0.000258148356806, 0.000153317116201, 8.78928185557e-05, 6.04596098128e-05, 6.57568525639e-05, 7.07019280526e-05, 4.87488287035e-05, 4.3975902372e-05, 4.17787632614e-05, 4.02068799303e-05, 3.72693612007e-05, 3.68755463569e-05, 2.80406602542e-05, 3.18957318086e-05, 2.60344259004e-05, 2.41122652369e-05, 1.65191577253e-05, 1.41421151056e-05, 1.14821241368e-05, 1.10013670565e-05, 9.83006066235e-06, 7.06590026311e-06, 6.3014913394e-06, 4.56459338238e-06, 3.16208024742e-06, 2.97521660286e-06, 3.13619148073e-06, 2.98674922306e-06, 2.56470070781e-06, 1.94022277356e-06, 1.57181170835e-06, 1.25411281715e-06, 1.21605614822e-06, 1.03154809494e-06, 8.26275822874e-07], "var": [1.79859580385e-05, 8.36613835418e-05, 6.92839648764e-06, 2.00472769052e-07, 5.55817621262e-07, 8.17902161998e-07, 3.58844516768e-07, 1.91117294435e-07, 6.35987476016e-08, 5.97677640712e-08, 7.80856765914e-08, 4.21716244148e-08, 3.58435343628e-08, 3.43702950545e-08, 3.67795145451e-08, 2.49956517706e-08, 2.19972218218e-08, 1.10517586194e-08, 1.50157433154e-08, 8.69930438796e-09, 8.18482170928e-09, 4.82473438979e-09, 3.13657011475e-09, 2.0681201196e-09, 1.54066148728e-09, 1.29202037957e-09, 5.05154473807e-10, 3.48488099489e-10, 1.21253965202e-10, 5.15508989662e-11, 3.76817188563e-11, 4.78203310283e-11, 5.25385498995e-11, 4.27083160504e-11, 2.40106823313e-11, 1.80409420042e-11, 1.14302751292e-11, 1.18974309571e-11, 6.75848266241e-12, 4.99667147935e-12], "dvar": [2.1199171897e-05, 0.000130540473037, 1.2047880773e-05, 1.94571200041e-07, 2.63119801502e-07, 4.19844212729e-07, 2.25482821747e-07, 1.75094299948e-07, 5.48493730435e-08, 4.09270519697e-08, 5.86948942782e-08, 3.59338727662e-08, 3.64595926783e-08, 2.11339603595e-08, 1.51328887199e-08, 1.22307941552e-08, 1.2122988835e-08, 6.82180889555e-09, 9.56342738334e-09, 5.43124789587e-09, 4.39522951368e-09, 2.54083198925e-09, 1.70987268788e-09, 1.09278974758e-09, 7.60755625162e-10, 6.41094344278e-10, 2.32212984952e-10, 1.79766562747e-10, 9.06864583428e-11, 3.82317580372e-11, 3.20921657304e-11, 4.10714413868e-11, 4.13512939168e-11, 3.84616470617e-11, 1.86665925772e-11, 1.28911829128e-11, 7.72307044705e-12, 9.12901264999e-12, 6.00055248545e-12, 5.20376667104e-12], "mean": [0.00321944267489, 0.00371039728634, 0.000910430331714, 0.000259000458755, 0.000380864570616, 0.000413073052187, 0.000224391420488, 0.000105917897599, 8.44513342599e-05, 8.72008240549e-05, 9.56435978878e-05, 6.68749198667e-05, 5.98271362833e-05, 5.94225639361e-05, 6.58025310258e-05, 5.77562241233e-05, 5.32096455572e-05, 3.79344892281e-05, 4.55859371868e-05, 3.65029118257e-05, 3.57619974238e-05, 2.50200191658e-05, 2.13117491512e-05, 1.80598381121e-05, 1.74678443727e-05, 1.48213175635e-05, 1.06949555629e-05, 8.67154176376e-06, 5.61245315112e-06, 3.91622052121e-06, 3.45775220012e-06, 3.65140545e-06, 3.67703137272e-06, 3.1388235584e-06, 2.36124196817e-06, 1.91520939552e-06, 1.56377802796e-06, 1.4595390212e-06, 1.1328754681e-06, 8.71066163199e-07]}, "spectral_entropy": {"min": 5.0401468277, "max": 9.79891490936, "dvar2": 0.19420273602, "median": 7.55393886566, "dmean2": 0.398882031441, "dmean": 0.273634523153, "var": 0.306756317616, "dvar": 0.0948535203934, "mean": 7.49844932556}, "spectral_rolloff": {"min": 43.06640625, "max": 18820.0195312, "dvar2": 5509329, "median": 667.529296875, "dmean2": 1199.56018066, "dmean": 704.491333008, "var": 3552079.25, "dvar": 2336661.75, "mean": 1418.56616211}, "barkbands": {"min": [3.17618356294e-24, 5.10251247373e-24, 1.07438232566e-23, 1.56045932503e-23, 5.50947966162e-23, 6.16822332478e-23, 5.55250602866e-23, 4.45972604674e-23, 8.72509128147e-23, 7.80896944175e-23, 1.37272753209e-22, 1.06510712002e-22, 1.00659800088e-22, 1.85655763471e-22, 1.44153866978e-22, 1.06584700844e-22, 2.7023501897e-22, 2.04299033151e-22, 2.47936104746e-22, 1.93700756309e-22, 5.72438215916e-22, 2.89474389815e-22, 5.34950889368e-22, 1.13415024593e-21, 9.16287715078e-22, 1.6980537694e-21, 2.52536120554e-21], "max": [0.00580298900604, 0.165055513382, 0.131624922156, 0.0410601645708, 0.0368927530944, 0.0724361911416, 0.0633205771446, 0.0825935378671, 0.0258816387504, 0.0483796782792, 0.056701540947, 0.0295205172151, 0.0271690450609, 0.0219521801919, 0.0285330507904, 0.0259199403226, 0.0352862812579, 0.0208098962903, 0.0155316386372, 0.0132651953027, 0.00656205043197, 0.00699690310284, 0.00670153647661, 0.00394773622975, 0.00458948500454, 0.0028347754851, 0.00270329439081], "dvar2": [4.15585191149e-07, 0.00152320018969, 0.00134780269582, 8.20730638225e-05, 9.46284853853e-06, 2.23720817303e-05, 1.25843853311e-05, 7.37917116567e-06, 4.30303862231e-06, 5.52648998564e-06, 5.03536102769e-06, 3.39187272402e-06, 3.20425078826e-06, 2.84710336018e-06, 3.53061841452e-06, 2.22287121687e-06, 1.89158515695e-06, 8.77933985066e-07, 7.46267062368e-07, 3.27819691393e-07, 1.65371631056e-07, 2.22025349217e-07, 1.75515580736e-07, 1.06953869761e-07, 1.02162637461e-07, 5.14991889133e-08, 1.02042463368e-08], "median": [0.000229078024859, 0.00711163086817, 0.00108732644003, 0.000358686374966, 0.000623127212748, 0.000460490584373, 0.000155615940457, 6.52802264085e-05, 0.00010099937208, 8.64144967636e-05, 6.73796166666e-05, 7.48156016925e-05, 7.49470418668e-05, 5.99490376771e-05, 6.60097648506e-05, 7.93490762589e-05, 7.09936139174e-05, 7.89717159932e-05, 9.44226048887e-05, 7.86861710367e-05, 5.35051367478e-05, 5.41029512533e-05, 4.13862580899e-05, 2.98044833471e-05, 1.50339001266e-05, 5.22119171364e-06, 6.85753775542e-07], "dmean2": [0.000465813500341, 0.0192477758974, 0.0148699162528, 0.00363973760977, 0.0017221046146, 0.00206343759783, 0.00111806020141, 0.000564783811569, 0.000710286723915, 0.000703882426023, 0.000494418316521, 0.000559961306863, 0.000651099544484, 0.000596850237343, 0.00067267351551, 0.00054961949354, 0.000487624347443, 0.000358057179255, 0.000389094318962, 0.0003141759953, 0.000221096488531, 0.000243326605414, 0.00019143645477, 0.000152730368427, 0.000131436318043, 9.05297347344e-05, 3.20677499985e-05], "dmean": [0.000313094438752, 0.010905822739, 0.00800462532789, 0.00190236163326, 0.00099380814936, 0.00129862257745, 0.000680656346958, 0.000352713512257, 0.000446541176643, 0.000443844735855, 0.000307921116473, 0.00036014689249, 0.000408078631153, 0.000375060830265, 0.000422171026003, 0.000345232721884, 0.000306907837512, 0.00022692514176, 0.000241438450757, 0.000192955645616, 0.000134096539114, 0.000150353938807, 0.000119850577903, 9.74698195932e-05, 8.33373560454e-05, 5.79875777476e-05, 2.1525849661e-05], "var": [3.49496133367e-07, 0.000384021928767, 0.000287149276119, 1.57333688549e-05, 5.25561154063e-06, 1.97329900402e-05, 7.08676634531e-06, 3.22413256981e-06, 2.62215735347e-06, 2.93495418191e-06, 1.82486076028e-06, 2.60850742961e-06, 3.16623027175e-06, 2.01519992515e-06, 2.34626736528e-06, 1.55616078246e-06, 1.47649893734e-06, 7.95150469912e-07, 7.02773263583e-07, 3.21458060171e-07, 8.7534530735e-08, 1.16091662505e-07, 9.27603096557e-08, 6.90624233357e-08, 4.46095320683e-08, 2.47691058775e-08, 3.38746914963e-08], "dvar": [2.09669423157e-07, 0.000536823761649, 0.000480347254779, 2.83791960101e-05, 3.63558433492e-06, 9.38440916798e-06, 5.02677403347e-06, 3.02393232232e-06, 1.72388763531e-06, 2.24006475946e-06, 1.90481148366e-06, 1.44644025113e-06, 1.31751767185e-06, 1.15847899451e-06, 1.43413899423e-06, 8.84985865923e-07, 7.73523026965e-07, 3.66467332924e-07, 3.0364881809e-07, 1.4339457266e-07, 6.55428280538e-08, 9.15453384209e-08, 7.21129040926e-08, 4.69411141069e-08, 4.15560457157e-08, 2.23330847149e-08, 5.15005549317e-09], "mean": [0.000434750196291, 0.0122625781223, 0.00564067764208, 0.00135663314722, 0.00134667812381, 0.0021516145207, 0.000909374153707, 0.000422609620728, 0.000602116633672, 0.000600470113568, 0.000401928642532, 0.000528380507603, 0.000642739993054, 0.000529805256519, 0.000604429049417, 0.00048846390564, 0.000469303049613, 0.000369542394765, 0.000397383613745, 0.000282466760837, 0.000171665844391, 0.000186142875464, 0.00015159616305, 0.00012298153888, 9.06892528292e-05, 5.85395864618e-05, 3.68013425032e-05]}, "melbands_flatness_db": {"min": 0.00709245586768, "max": 0.666830301285, "dvar2": 0.00610893825069, "median": 0.230953380466, "dmean2": 0.0700858011842, "dmean": 0.0458668023348, "var": 0.0111164292321, "dvar": 0.00256846612319, "mean": 0.244720384479}, "melbands_skewness": {"min": -4.54574203491, "max": 28.658624649, "dvar2": 12.6413412094, "median": 3.00552248955, "dmean2": 2.57439517975, "dmean": 1.62872540951, "var": 11.3705711365, "dvar": 5.1974234581, "mean": 3.93813252449}, "barkbands_skewness": {"min": -4.61577606201, "max": 21.506855011, "dvar2": 6.51662826538, "median": 1.86490654945, "dmean2": 1.84468901157, "dmean": 1.15306317806, "var": 6.2436671257, "dvar": 2.52654051781, "mean": 2.42110800743}, "silence_rate_60dB": {"min": 0, "max": 1, "dvar2": 0.0376102998853, "median": 0, "dmean2": 0.0346373915672, "dmean": 0.0173173565418, "var": 0.0433075577021, "dvar": 0.0170175787061, "mean": 0.0453772433102}, "spectral_energyband_low": {"min": 2.29768044876e-23, "max": 0.24487708509, "dvar2": 0.00456773210317, "median": 0.0092977900058, "dmean2": 0.032170701772, "dmean": 0.0183768495917, "var": 0.00122936326079, "dvar": 0.00167834409513, "mean": 0.0192102976143}, "spectral_energyband_middle_low": {"min": 3.39888357188e-22, "max": 0.119944192469, "dvar2": 0.000176945963176, "median": 0.00347448722459, "dmean2": 0.00773794902489, "dmean": 0.00450194068253, "var": 7.73502761149e-05, "dvar": 6.62186575937e-05, "mean": 0.0070373644121}, "melbands_kurtosis": {"min": -1.89423370361, "max": 1728.35388184, "dvar2": 16538.5546875, "median": 13.6145467758, "dmean2": 56.6637382507, "dmean": 33.4685134888, "var": 7901.06982422, "dvar": 6269.04492188, "mean": 42.4510726929}, "spectral_decrease": {"min": -6.5381122738e-08, "max": -5.80558040041e-30, "dvar2": 3.08926944847e-16, "median": -5.09894793055e-09, "dmean2": 9.20346909794e-09, "dmean": 5.4307447428e-09, "var": 9.45526136884e-17, "dvar": 1.16141412254e-16, "mean": -7.79355513458e-09}, "erbbands_kurtosis": {"min": -1.85636651516, "max": 84.2373046875, "dvar2": 20.6741943359, "median": 0.0801638364792, "dmean2": 2.40423440933, "dmean": 1.50034034252, "var": 13.1039762497, "dvar": 8.06590843201, "mean": 1.07665967941}, "melbands_crest": {"min": 1.9405258894, "max": 36.8743667603, "dvar2": 34.8437194824, "median": 17.3443412781, "dmean2": 6.77434635162, "dmean": 4.10863399506, "var": 39.3369865417, "dvar": 14.3346338272, "mean": 17.4784412384}, "gfcc": {"cov": [[8675.54980469, -1885.08325195, -1230.47998047, -25.5498905182, -412.07043457, 84.025177002, -181.890335083, 381.741119385, 6.54391050339, 260.69342041, -159.779495239, 33.14037323, -218.797317505], [-1885.08325195, 2013.83459473, -11.7592763901, -41.1884536743, 274.040283203, -76.6312103271, 176.721496582, -107.656684875, 69.4927825928, -163.692855835, 166.345611572, -57.2455558777, 150.31590271], [-1230.47998047, -11.7592763901, 1549.2890625, 214.443191528, 71.6796188354, 74.797454834, 9.83560180664, -70.6336135864, -48.4637451172, -0.748581409454, -49.411403656, 51.5981483459, 0.669590234756], [-25.5498905182, -41.1884536743, 214.443191528, 458.110076904, 33.3057250977, 46.4521598816, 42.3082962036, 20.211889267, 8.3906621933, -19.0227851868, -14.6056070328, -12.4669122696, -9.23432159424], [-412.07043457, 274.040283203, 71.6796188354, 33.3057250977, 403.849121094, 83.2511291504, 101.027900696, -15.5712347031, 18.6634674072, -21.3040390015, -1.64690887928, -26.6656837463, -8.81184577942], [84.025177002, -76.6312103271, 74.797454834, 46.4521598816, 83.2511291504, 293.062805176, 69.3979873657, 25.2215557098, -15.1984529495, 38.2379226685, -35.495388031, -0.687375605106, -40.2151985168], [-181.890335083, 176.721496582, 9.83560180664, 42.3082962036, 101.027900696, 69.3979873657, 202.763900757, 11.7318868637, 16.1565914154, -17.5404167175, 20.1347904205, -23.7150707245, -9.38015937805], [381.741119385, -107.656684875, -70.6336135864, 20.211889267, -15.5712347031, 25.2215557098, 11.7318868637, 159.491546631, 38.3576545715, 16.7520294189, -24.1466350555, 13.8649969101, -3.65887784958], [6.54391050339, 69.4927825928, -48.4637451172, 8.3906621933, 18.6634674072, -15.1984529495, 16.1565914154, 38.3576545715, 126.764762878, 17.8435649872, 14.6885280609, -2.42502093315, 15.4016551971], [260.69342041, -163.692855835, -0.748581409454, -19.0227851868, -21.3040390015, 38.2379226685, -17.5404167175, 16.7520294189, 17.8435649872, 124.980857849, 26.930770874, 16.5714130402, -27.8470592499], [-159.779495239, 166.345611572, -49.411403656, -14.6056070328, -1.64690887928, -35.495388031, 20.1347904205, -24.1466350555, 14.6885280609, 26.930770874, 140.724243164, 24.5304088593, 28.0947990417], [33.14037323, -57.2455558777, 51.5981483459, -12.4669122696, -26.6656837463, -0.687375605106, -23.7150707245, 13.8649969101, -2.42502093315, 16.5714130402, 24.5304088593, 95.0350952148, 26.5754394531], [-218.797317505, 150.31590271, 0.669590234756, -9.23432159424, -8.81184577942, -40.2151985168, -9.38015937805, -3.65887784958, 15.4016551971, -27.8470592499, 28.0947990417, 26.5754394531, 100.555862427]], "icov": [[0.000187033554539, 0.000112327907118, 0.000146293124999, -4.75537672173e-05, 6.2614773924e-05, 3.30410193783e-06, 2.9578772228e-05, -0.00027011585189, 5.14755192853e-05, -0.000180011556949, 8.21462963358e-05, -5.40578839718e-05, 0.000167047197465], [0.000112327907118, 0.000929355272092, 4.05498794862e-05, 0.000136233968078, -0.000363357074093, -8.59673582454e-06, -0.000326242123265, 0.000124245736515, -0.00035705283517, 0.000882292573806, -0.000963289930951, 0.000621507235337, -0.000789879937656], [0.000146293124999, 4.05498794862e-05, 0.000887142494321, -0.000423986086389, -4.81973547721e-05, -5.31360929017e-05, -2.13504335989e-05, 0.000268626608886, 0.000222539136303, -0.000384700571885, 0.000580574967898, -0.000722700031474, 8.33338344819e-05], [-4.75537672173e-05, 0.000136233968078, -0.000423986086389, 0.00251073925756, -5.3981475503e-05, -0.000290643540211, -0.000314454548061, -0.000351673195837, -0.000335053482559, 0.000800358015113, -0.000410400185501, 0.000571701035369, -2.91625610771e-07], [6.2614773924e-05, -0.000363357074093, -4.81973547721e-05, -5.3981475503e-05, 0.00324365287088, -0.000715773901902, -0.000961255922448, 0.00026051083114, -0.000458353199065, 6.14505624981e-05, 0.000426655024057, 0.000125422491692, 0.000527435913682], [3.30410193783e-06, -8.59673582454e-06, -5.31360929017e-05, -0.000290643540211, -0.000715773901902, 0.00468955328688, -0.00161938252859, -0.000401732133469, 0.00100392324384, -0.00202531181276, 0.00157922389917, -0.000747736019548, 0.000682538899127], [2.9578772228e-05, -0.000326242123265, -2.13504335989e-05, -0.000314454548061, -0.000961255922448, -0.00161938252859, 0.00695369392633, -0.0010016822489, -0.000540064298548, 0.00145353132393, -0.00186612154357, 0.00127797224559, 0.00107253075112], [-0.00027011585189, 0.000124245736515, 0.000268626608886, -0.000351673195837, 0.00026051083114, -0.000401732133469, -0.0010016822489, 0.00839835032821, -0.00257195299491, -0.000318619277095, 0.00182295159902, -0.00177800853271, -0.000466964324005], [5.14755192853e-05, -0.00035705283517, 0.000222539136303, -0.000335053482559, -0.000458353199065, 0.00100392324384, -0.000540064298548, -0.00257195299491, 0.00980525650084, -0.00263959658332, 6.64123945171e-05, 0.000876658363268, -0.00165219104383], [-0.000180011556949, 0.000882292573806, -0.000384700571885, 0.000800358015113, 6.14505624981e-05, -0.00202531181276, 0.00145353132393, -0.000318619277095, -0.00263959658332, 0.0126938195899, -0.00473731011152, -0.000601360923611, 0.00308700394817], [8.21462963358e-05, -0.000963289930951, 0.000580574967898, -0.000410400185501, 0.000426655024057, 0.00157922389917, -0.00186612154357, 0.00182295159902, 6.64123945171e-05, -0.00473731011152, 0.0112401144579, -0.00324164167978, -0.00146741513163], [-5.40578839718e-05, 0.000621507235337, -0.000722700031474, 0.000571701035369, 0.000125422491692, -0.000747736019548, 0.00127797224559, -0.00177800853271, 0.000876658363268, -0.000601360923611, -0.00324164167978, 0.0141755323857, -0.00436439877376], [0.000167047197465, -0.000789879937656, 8.33338344819e-05, -2.91625610771e-07, 0.000527435913682, 0.000682538899127, 0.00107253075112, -0.000466964324005, -0.00165219104383, 0.00308700394817, -0.00146741513163, -0.00436439877376, 0.0145619912073]], "mean": [-23.0462245941, 84.1935653687, -95.5714263916, 43.9864845276, -42.41746521, 19.3124523163, -29.0306797028, 9.30491733551, -18.0303440094, 5.03357648849, -7.35635900497, 6.07518863678, -5.56026506424]}, "melbands_spread": {"min": 0.168501764536, "max": 256.822540283, "dvar2": 552.828186035, "median": 14.5720157623, "dmean2": 15.258890152, "dmean": 9.75258922577, "var": 643.923034668, "dvar": 249.698226929, "mean": 23.9217834473}, "spectral_energy": {"min": 1.04304777212e-20, "max": 0.249623253942, "dvar2": 0.00448477687314, "median": 0.0205969847739, "dmean2": 0.0355448126793, "dmean": 0.0210818704218, "var": 0.00141085707583, "dvar": 0.00169301836286, "mean": 0.0312604829669}, "mfcc": {"cov": [[8835.15917969, -1862.31262207, -1253.61486816, -317.205169678, -381.449890137, -327.252990723, -241.558044434, 1.67542052269, 8.54473972321, 248.455734253, 164.130096436, 8.11669635773, -29.6104278564], [-1862.31262207, 1777.09619141, -29.0830497742, 48.4193725586, 112.942131042, 56.11378479, 118.887001038, 39.7351837158, -1.57165801525, -55.5216026306, -41.3562431335, 16.3375511169, 27.9466629028], [-1253.61486816, -29.0830497742, 1184.8737793, 205.418457031, 114.041656494, 126.72013855, 44.122844696, 3.32238030434, 14.3007946014, -53.9182929993, -44.2655525208, -6.32196331024, 0.323895663023], [-317.205169678, 48.4193725586, 205.418457031, 396.430541992, 83.0770263672, 28.2667922974, 35.5948371887, 41.2169342041, 12.8409633636, -2.21568274498, -27.146238327, 16.2081203461, 9.65158081055], [-381.449890137, 112.942131042, 114.041656494, 83.0770263672, 253.762771606, 86.0930633545, 41.9469070435, 26.8857898712, 48.478931427, -6.25567388535, -7.25855731964, 18.1058864594, 22.5652122498], [-327.252990723, 56.11378479, 126.72013855, 28.2667922974, 86.0930633545, 264.291534424, 112.032897949, 29.6074199677, 26.4312591553, 10.5623645782, 36.5265769958, 6.44273281097, 6.25612735748], [-241.558044434, 118.887001038, 44.122844696, 35.5948371887, 41.9469070435, 112.032897949, 189.607559204, 48.8381996155, 5.80093050003, 11.7331008911, 25.9758243561, 1.45583689213, 3.96457958221], [1.67542052269, 39.7351837158, 3.32238030434, 41.2169342041, 26.8857898712, 29.6074199677, 48.8381996155, 141.85295105, 60.2220993042, 12.7757425308, 3.8189458847, 5.4111790657, 3.41749310493], [8.54473972321, -1.57165801525, 14.3007946014, 12.8409633636, 48.478931427, 26.4312591553, 5.80093050003, 60.2220993042, 140.501861572, 26.7191429138, -4.86610889435, 10.991065979, -4.30745792389], [248.455734253, -55.5216026306, -53.9182929993, -2.21568274498, -6.25567388535, 10.5623645782, 11.7331008911, 12.7757425308, 26.7191429138, 116.308067322, 41.0740318298, -11.9588546753, -8.44639587402], [164.130096436, -41.3562431335, -44.2655525208, -27.146238327, -7.25855731964, 36.5265769958, 25.9758243561, 3.8189458847, -4.86610889435, 41.0740318298, 114.116630554, 31.5877761841, 0.672036409378], [8.11669635773, 16.3375511169, -6.32196331024, 16.2081203461, 18.1058864594, 6.44273281097, 1.45583689213, 5.4111790657, 10.991065979, -11.9588546753, 31.5877761841, 108.598838806, 33.3537254333], [-29.6104278564, 27.9466629028, 0.323895663023, 9.65158081055, 22.5652122498, 6.25612735748, 3.96457958221, 3.41749310493, -4.30745792389, -8.44639587402, 0.672036409378, 33.3537254333, 86.950881958]], "icov": [[0.000194904612727, 0.000187819765415, 0.000173470572918, 1.74525430339e-05, 9.14529373404e-05, 9.2553687864e-05, 6.36722470517e-05, -9.96693343041e-05, 4.17930277763e-06, -0.000223207476665, -8.30288190627e-05, -4.35694382759e-05, -3.00761766994e-05], [0.000187819765415, 0.000802947906777, 0.000235199651797, 1.71435949596e-05, -0.000151376909344, 0.000134922127472, -0.000355071155354, -0.00015193814761, 8.81695741555e-05, 1.97679000848e-05, 0.000181114592124, -0.000125237231259, -9.22250401345e-05], [0.000173470572918, 0.000235199651797, 0.00118140433915, -0.000462265103124, -0.000100729208498, -0.000390172557672, 7.09344312781e-05, 0.000116057941341, -8.19859560579e-05, 0.000269175536232, 0.000154926397954, 9.69134271145e-05, 6.05214627285e-05], [1.74525430339e-05, 1.71435949596e-05, -0.000462265103124, 0.00311920070089, -0.00079178676242, 0.000238209933741, -0.000314901932143, -0.000893296091817, 0.000621221784968, -0.000693066627719, 0.00101939914748, -0.000815175066236, 0.000162000127602], [9.14529373404e-05, -0.000151376909344, -0.000100729208498, -0.00079178676242, 0.00532423797995, -0.00130234647077, -7.25433565094e-05, 0.000284690293483, -0.001688100514, 0.000242742709816, 0.000261159904767, -0.000236120467889, -0.00109933689237], [9.2553687864e-05, 0.000134922127472, -0.000390172557672, 0.000238209933741, -0.00130234647077, 0.00600132346153, -0.0030004081782, 0.000285771791823, -0.000800533976872, 0.000177118025022, -0.00173498794902, 0.000466011289973, -0.000192877603695], [6.36722470517e-05, -0.000355071155354, 7.09344312781e-05, -0.000314901932143, -7.25433565094e-05, -0.0030004081782, 0.00817348062992, -0.00251340214163, 0.00137387192808, -0.000494847423397, -0.0009590065456, 0.000387905252865, 9.91796423477e-06], [-9.96693343041e-05, -0.00015193814761, 0.000116057941341, -0.000893296091817, 0.000284690293483, 0.000285771791823, -0.00251340214163, 0.00992912612855, -0.00438606645912, 0.000475977780297, -0.000388243264752, 0.00043590387213, -0.000591732037719], [4.17930277763e-06, 8.81695741555e-05, -8.19859560579e-05, 0.000621221784968, -0.001688100514, -0.000800533976872, 0.00137387192808, -0.00438606645912, 0.0104725873098, -0.00295332423411, 0.00219947029836, -0.00207380112261, 0.00152028084267], [-0.000223207476665, 1.97679000848e-05, 0.000269175536232, -0.000693066627719, 0.000242742709816, 0.000177118025022, -0.000494847423397, 0.000475977780297, -0.00295332423411, 0.0119412001222, -0.00498722586781, 0.00320807471871, -0.000256707920926], [-8.30288190627e-05, 0.000181114592124, 0.000154926397954, 0.00101939914748, 0.000261159904767, -0.00173498794902, -0.0009590065456, -0.000388243264752, 0.00219947029836, -0.00498722586781, 0.0133647443727, -0.00516763469204, 0.0014192990493], [-4.35694382759e-05, -0.000125237231259, 9.69134271145e-05, -0.000815175066236, -0.000236120467889, 0.000466011289973, 0.000387905252865, 0.00043590387213, -0.00207380112261, 0.00320807471871, -0.00516763469204, 0.0128078302369, -0.00455568544567], [-3.00761766994e-05, -9.22250401345e-05, 6.05214627285e-05, 0.000162000127602, -0.00109933689237, -0.000192877603695, 9.91796423477e-06, -0.000591732037719, 0.00152028084267, -0.000256707920926, 0.0014192990493, -0.00455568544567, 0.0136108519509]], "mean": [-673.65625, 114.0366745, 12.825504303, 33.1880340576, 13.9332389832, 14.4851312637, 6.61164903641, 8.49698543549, 0.110606618226, 3.50656414032, 0.164712145925, 1.66733646393, 5.36888933182]}, "spectral_contrast_valleys": {"min": [-27.2889461517, -27.5055656433, -27.2007675171, -27.4648609161, -27.0761051178, -27.217250824], "max": [-5.02892303467, -4.52082538605, -4.76543235779, -5.34341859818, -5.42111206055, -7.659304142], "dvar2": [0.354262292385, 0.452555924654, 0.373551905155, 0.47760745883, 0.612776398659, 0.613006174564], "median": [-6.86518192291, -7.31802845001, -7.96610116959, -8.2524805069, -7.78747272491, -10.0975780487], "dmean2": [0.66280657053, 0.715164721012, 0.637189507484, 0.644836068153, 0.663900256157, 0.668055832386], "dmean": [0.410251200199, 0.448643803596, 0.415741831064, 0.435565441847, 0.473946422338, 0.541225194931], "var": [0.81420391798, 0.87426173687, 0.971730113029, 1.18048405647, 1.26131975651, 1.51958668232], "dvar": [0.161227121949, 0.204217717052, 0.178946182132, 0.235620141029, 0.313186794519, 0.379055649042], "mean": [-7.03122758865, -7.3535399437, -7.99675130844, -8.29110050201, -7.93525075912, -10.2413225174]}, "barkbands_flatness_db": {"min": 0.0138003844768, "max": 0.536947190762, "dvar2": 0.00404687225819, "median": 0.148709923029, "dmean2": 0.0567083060741, "dmean": 0.0365378670394, "var": 0.00627693254501, "dvar": 0.00163535703905, "mean": 0.163818195462}, "dynamic_complexity": 3.492000103, "erbbands_flatness_db": {"min": 0.0279687866569, "max": 0.330570757389, "dvar2": 0.00105539232027, "median": 0.144337072968, "dmean2": 0.0339973904192, "dmean": 0.0240564718843, "var": 0.00198140740395, "dvar":