{"lowlevel": {"spectral_complexity": {"min": 0, "max": 60, "dvar2": 31.9912223816, "median": 11, "dmean2": 4.15455675125, "dmean": 2.73973274231, "var": 75.5829772949, "dvar": 15.5979671478, "mean": 12.1767959595}, "silence_rate_20dB": {"min": 1, "max": 1, "dvar2": 0, "median": 1, "dmean2": 0, "dmean": 0, "var": 0, "dvar": 0, "mean": 1}, "average_loudness": 0.614647805691, "erbbands_spread": {"min": 1.47174882889, "max": 145.588409424, "dvar2": 210.896087646, "median": 24.857093811, "dmean2": 11.9111366272, "dmean": 7.80274963379, "var": 341.260894775, "dvar": 97.3857421875, "mean": 29.1668624878}, "spectral_kurtosis": {"min": -1.39292907715, "max": 155.48979187, "dvar2": 90.2199783325, "median": 4.91835689545, "dmean2": 5.50819778442, "dmean": 3.35630249977, "var": 109.726036072, "dvar": 37.2901000977, "mean": 7.91920518875}, "barkbands_kurtosis": {"min": -1.87654864788, "max": 775.80657959, "dvar2": 1156.09887695, "median": 3.38327884674, "dmean2": 9.95090103149, "dmean": 6.43550205231, "var": 685.401733398, "dvar": 532.424682617, "mean": 9.11831855774}, "spectral_strongpeak": {"min": 0, "max": 17.9720592499, "dvar2": 1.61494028568, "median": 0.671894848347, "dmean2": 0.86783349514, "dmean": 0.542110919952, "var": 2.77230525017, "dvar": 0.702660381794, "mean": 1.27675569057}, "spectral_spread": {"min": 617803.625, "max": 42709500, "dvar2": 1211863138300.0, "median": 3937921.5, "dmean2": 783381.3125, "dmean": 551361.9375, "var": 10127715336200.0, "dvar": 647873232896, "mean": 4226982}, "spectral_rms": {"min": 3.13985534621e-12, "max": 0.0141545040533, "dvar2": 2.82751443592e-06, "median": 0.00342501630075, "dmean2": 0.00116931379307, "dmean": 0.000787948898505, "var": 7.05479351382e-06, "dvar": 1.60974707342e-06, "mean": 0.00387205928564}, "erbbands": {"min": [4.72699590796e-23, 4.57235443186e-22, 1.00027330541e-21, 5.23721690409e-21, 1.4246688402e-20, 3.08805942023e-20, 5.36719662435e-20, 1.17644250431e-19, 1.53243622453e-19, 2.62259448517e-19, 3.65931132062e-19, 3.84115638003e-19, 5.32043448874e-19, 9.18178958535e-19, 6.02888107917e-19, 1.24686362103e-18, 1.52322611125e-18, 1.96666264499e-18, 2.56561647512e-18, 2.889565632e-18, 3.67235849212e-18, 4.50222413294e-18, 5.62701357654e-18, 8.10022322389e-18, 6.36496663001e-18, 8.44294896709e-18, 1.0595323379e-17, 1.07997561043e-17, 1.15327919826e-17, 1.11892622198e-17, 1.16400880614e-17, 1.05577048591e-17, 1.10563483575e-17, 8.6895736939e-18, 7.08249742133e-18, 4.60218601483e-18, 2.1390661098e-18, 9.5730966799e-19, 2.40284801008e-19, 2.62641735207e-20], "max": [6.61442041397, 36.7678146362, 72.77784729, 115.556678772, 129.653274536, 129.128921509, 384.120788574, 685.754821777, 1015.96459961, 1072.48193359, 1656.72546387, 2423.78686523, 2778.03369141, 2610.20703125, 1093.40039062, 1743.02624512, 2070.01611328, 3236.52050781, 1960.68652344, 1382.45678711, 691.310241699, 1396.00720215, 868.84185791, 459.95715332, 254.914535522, 260.268615723, 215.509307861, 279.780273438, 239.862731934, 196.691299438, 302.827178955, 224.575271606, 114.344200134, 46.6394462585, 11.8055934906, 3.34705090523, 1.29696023464, 0.31799826026, 0.0170438103378, 0.00085464050062], "dvar2": [0.786880075932, 25.9425315857, 168.857254028, 263.968414307, 277.019989014, 202.965759277, 357.18850708, 2077.09960938, 5822.22363281, 6741.25732422, 16113.5185547, 12204.1708984, 14653.8359375, 6702.53662109, 1922.50097656, 4940.43359375, 8036.53662109, 10952.2011719, 4475.44482422, 1963.20129395, 745.831604004, 1025.15441895, 963.617980957, 527.25189209, 204.84854126, 136.110214233, 124.186965942, 160.103179932, 143.108413696, 109.64214325, 93.5431213379, 39.2843055725, 8.803150177, 1.37363111973, 0.189289927483, 0.0294097587466, 0.00322453910485, 0.00026205056929, 7.57288319164e-07, 2.32029129243e-09], "median": [0.00239805015735, 0.0313206501305, 0.165032029152, 0.563253223896, 1.27502083778, 1.9039927721, 3.6960940361, 5.30025053024, 7.35355472565, 6.36372709274, 6.77241754532, 5.39129495621, 5.556453228, 4.51748323441, 3.30210566521, 4.04001760483, 4.64982652664, 6.61358261108, 3.82058596611, 2.16924190521, 1.564011693, 1.6879594326, 1.90968465805, 2.30958771706, 1.75395059586, 1.20765638351, 0.969670295715, 0.798584699631, 0.645840883255, 0.473980605602, 0.3577491045, 0.255694508553, 0.147208675742, 0.0547001771629, 0.0195384118706, 0.00612815469503, 0.00197749841027, 0.000466811528895, 5.1767216064e-05, 1.95642514882e-05], "dmean2": [0.226075261831, 1.46998000145, 3.33455228806, 4.45902299881, 5.77767133713, 6.23828935623, 8.41554546356, 19.2362995148, 30.069940567, 29.8424968719, 40.0670547485, 35.2810173035, 36.90391922, 23.0075511932, 14.3597888947, 20.5758914948, 24.7114658356, 31.1597805023, 20.6596069336, 13.3026065826, 8.72965049744, 9.93318271637, 10.4918451309, 8.85559177399, 5.79747056961, 4.23969984055, 3.67528033257, 4.16769552231, 3.70179319382, 2.73199295998, 2.32580447197, 1.69594013691, 0.845181941986, 0.325333356857, 0.123742945492, 0.0537755712867, 0.0158212259412, 0.00352137233131, 0.000231041762163, 2.29640627367e-05], "dmean": [0.158793479204, 0.929606556892, 1.81942856312, 2.42409396172, 3.25701498985, 3.6876604557, 5.45694160461, 12.5834779739, 19.115858078, 19.4087810516, 25.3620586395, 23.2009544373, 24.6844406128, 15.2210130692, 9.5355052948, 13.5509634018, 16.2916851044, 20.6802902222, 13.9602489471, 8.76258563995, 5.72228908539, 6.35279512405, 6.81012582779, 5.75605487823, 3.85856604576, 2.74875354767, 2.43232631683, 2.75067591667, 2.42911624908, 1.8728915453, 1.61447811127, 1.20373773575, 0.58589810133, 0.223659709096, 0.0852613896132, 0.0375767536461, 0.0110525125638, 0.00236124056391, 0.000158583163284, 1.54325334734e-05], "var": [0.486174672842, 20.0893478394, 40.2176246643, 58.238735199, 74.3570251465, 90.6637115479, 318.189605713, 1779.36938477, 4513.29736328, 7710.05126953, 16025.6787109, 20610.4863281, 24708.2636719, 10073.9863281, 2065.24462891, 5547.09912109, 13164.4707031, 21716.46875, 7252.49023438, 2530.45605469, 924.646240234, 737.249023438, 937.856628418, 486.286437988, 242.57434082, 110.306221008, 103.940460205, 158.757705688, 107.601234436, 83.9870986938, 84.1038818359, 38.2678337097, 8.63366699219, 1.40347027779, 0.163689762354, 0.0298311877996, 0.00304856523871, 0.000216397354961, 6.92003141012e-07, 3.06386160887e-09], "dvar": [0.408495664597, 13.6293268204, 58.5903778076, 90.1270523071, 95.9771575928, 75.8670043945, 158.028137207, 883.330932617, 2481.77563477, 2892.51733398, 6554.93798828, 5487.57226562, 6528.70507812, 3223.81933594, 900.439575195, 2259.53808594, 3686.15625, 5141.84082031, 2266.56811523, 897.643066406, 359.760437012, 444.487426758, 427.393218994, 233.450408936, 95.7212600708, 59.2431755066, 54.7544746399, 72.8019485474, 63.4336242676, 49.2545471191, 45.2295341492, 18.3386077881, 4.27161455154, 0.652235090733, 0.082727342844, 0.0136410947889, 0.00149228121154, 0.000117632109323, 3.43339053188e-07, 1.15314102711e-09], "mean": [0.15502409637, 1.14703989029, 1.63386821747, 2.71404457092, 4.05276823044, 5.25593519211, 9.42822742462, 20.5880775452, 30.6556568146, 35.4269828796, 46.5317459106, 44.9768943787, 46.8518600464, 27.4154129028, 15.9335079193, 22.3018474579, 29.3833560944, 38.380897522, 24.8204116821, 14.7426376343, 9.68119335175, 9.747133255, 10.7295598984, 9.6905670166, 7.14544200897, 4.73012161255, 4.27286481857, 4.97201442719, 4.09935235977, 3.21014904976, 2.6474301815, 2.02236223221, 0.976268351078, 0.372388839722, 0.138821572065, 0.0603506341577, 0.0173043608665, 0.00365876057185, 0.000265409093117, 3.79947086913e-05]}, "zerocrossingrate": {"min": 0.00244140625, "max": 0.5205078125, "dvar2": 0.000194551685126, "median": 0.0419921875, "dmean2": 0.0106334974989, "dmean": 0.00955349672586, "var": 0.00249974615872, "dvar": 0.000179091279279, "mean": 0.0534125417471}, "spectral_contrast_coeffs": {"min": [-0.978907704353, -0.976240456104, -0.984335005283, -0.982761800289, -0.975463151932, -0.965977370739], "max": [-0.263264238834, -0.259694129229, -0.38717931509, -0.460697293282, -0.586391746998, -0.560902535915], "dvar2": [0.00412624143064, 0.00458876602352, 0.00306070642546, 0.00213887286372, 0.0010756313568, 0.00141850253567], "median": [-0.64140444994, -0.704354584217, -0.756212711334, -0.761915504932, -0.789906382561, -0.764579951763], "dmean2": [0.075481556356, 0.0805249512196, 0.0661116540432, 0.0540803894401, 0.0376809053123, 0.0330900810659], "dmean": [0.0467799454927, 0.0501758977771, 0.0413183905184, 0.0339997075498, 0.0242341607809, 0.021701939404], "var": [0.010969761759, 0.00929927546531, 0.00775336334482, 0.00539162848145, 0.00297286943533, 0.00311122951098], "dvar": [0.00169410707895, 0.00188009615522, 0.0012889711652, 0.000905654218514, 0.000480706919916, 0.000593828852288], "mean": [-0.633807718754, -0.695376694202, -0.746365845203, -0.75704240799, -0.786496639252, -0.76110881567]}, "dissonance": {"min": 0.195520430803, "max": 0.500000059605, "dvar2": 0.00202094297856, "median": 0.450542718172, "dmean2": 0.0480654500425, "dmean": 0.028801927343, "var": 0.00192469370086, "dvar": 0.000757307687309, "mean": 0.440598100424}, "spectral_energyband_high": {"min": 7.12573526993e-21, "max": 0.0191910583526, "dvar2": 9.99272401714e-07, "median": 0.000108078267658, "dmean2": 0.000342929124599, "dmean": 0.000241422007093, "var": 1.16593469102e-06, "dvar": 4.93379843647e-07, "mean": 0.000489735684823}, "spectral_skewness": {"min": -0.303523689508, "max": 9.87594985962, "dvar2": 0.498002260923, "median": 1.73961412907, "dmean2": 0.552908182144, "dmean": 0.351070702076, "var": 0.882699012756, "dvar": 0.215376079082, "mean": 1.93838179111}, "spectral_flux": {"min": 6.31209529089e-11, "max": 0.390944123268, "dvar2": 0.00460721366107, "median": 0.0554847568274, "dmean2": 0.0474213883281, "dmean": 0.0290034301579, "var": 0.00452691502869, "dvar": 0.00197212933563, "mean": 0.07440636307}, "silence_rate_30dB": {"min": 0, "max": 1, "dvar2": 0.0626628920436, "median": 1, "dmean2": 0.0616907216609, "dmean": 0.0308428164572, "var": 0.034434940666, "dvar": 0.0298886299133, "mean": 0.964294552803}, "spectral_energyband_middle_high": {"min": 1.05112714163e-21, "max": 0.081739641726, "dvar2": 2.04082207347e-05, "median": 0.00131900049746, "dmean2": 0.00228599226102, "dmean": 0.00161145301536, "var": 5.95325400354e-05, "dvar": 1.02162011899e-05, "mean": 0.00436668796465}, "barkbands_spread": {"min": 0.157115623355, "max": 94.0912475586, "dvar2": 84.3785858154, "median": 11.5027227402, "dmean2": 6.94719076157, "dmean": 4.54321050644, "var": 143.511932373, "dvar": 41.2050895691, "mean": 14.6306562424}, "spectral_centroid": {"min": 116.212081909, "max": 12061.0605469, "dvar2": 224264.21875, "median": 898.49041748, "dmean2": 326.450866699, "dmean": 215.14239502, "var": 959608.9375, "dvar": 110569.867188, "mean": 1100.06433105}, "pitch_salience": {"min": 0.0472648777068, "max": 0.937797129154, "dvar2": 0.0154868867248, "median": 0.542940616608, "dmean2": 0.128437578678, "dmean": 0.0810145139694, "var": 0.0209596548229, "dvar": 0.00688719190657, "mean": 0.524430930614}, "erbbands_skewness": {"min": -4.99646568298, "max": 7.71272659302, "dvar2": 0.551268875599, "median": 0.781524777412, "dmean2": 0.747058391571, "dmean": 0.493544399738, "var": 1.32495343685, "dvar": 0.254708826542, "mean": 0.922696709633}, "erbbands_crest": {"min": 2.53821563721, "max": 33.2366943359, "dvar2": 23.10846138, "median": 10.8044919968, "dmean2": 5.33019208908, "dmean": 3.36306357384, "var": 40.228603363, "dvar": 9.93588542938, "mean": 12.4229574203}, "melbands": {"min": [6.4532110611e-25, 5.42237446877e-25, 1.31163251901e-24, 2.11898609878e-24, 2.18578585416e-24, 2.63759351307e-24, 2.01156848704e-24, 2.75509671148e-24, 2.09140890204e-24, 2.06770185691e-24, 2.42969277137e-24, 3.52355885699e-24, 2.33701048969e-24, 1.91096328086e-24, 3.78956906512e-24, 3.66940740545e-24, 3.25209801444e-24, 3.68984521378e-24, 3.17253153138e-24, 3.89855453791e-24, 3.65249422764e-24, 3.52303584221e-24, 2.64262250134e-24, 3.64664009086e-24, 5.74031716523e-24, 4.42953839093e-24, 4.34431104202e-24, 4.67878727698e-24, 5.55942465434e-24, 5.01578392252e-24, 5.9335801984e-24, 5.58752427422e-24, 5.83547903395e-24, 4.47129989839e-24, 5.6757899209e-24, 6.29834356451e-24, 6.65226127648e-24, 6.42682889002e-24, 6.57440780488e-24, 6.67858240944e-24], "max": [0.0550626628101, 0.0328846387565, 0.0211054384708, 0.00688743870705, 0.011137762107, 0.0135636618361, 0.0160368382931, 0.0106059703976, 0.0143594387919, 0.0145817594603, 0.0140904085711, 0.00992446858436, 0.00651426333934, 0.00414697080851, 0.00501396786422, 0.00646969396621, 0.00772773614153, 0.00337863247842, 0.00368058052845, 0.00130235869437, 0.00117163429968, 0.00196811533533, 0.000672799942549, 0.00122400582768, 0.000444883015007, 0.00030241830973, 0.000209366160561, 0.000155861038365, 0.000149402651004, 0.000204407217097, 0.000202261056984, 0.000158058217494, 0.000105557774077, 0.000125873470097, 0.000188811740372, 0.000160110430443, 0.000117420895549, 8.54563695611e-05, 6.03897606197e-05, 3.11634175887e-05], "dvar2": [4.83787116536e-05, 3.66088643204e-05, 8.14160466689e-06, 1.15129262213e-06, 3.54109232603e-07, 9.42956944527e-07, 1.26019415347e-06, 6.8564168032e-07, 1.14792123895e-06, 4.75563581404e-07, 3.67285480252e-07, 1.21220139704e-07, 3.9542683794e-08, 2.4885171257e-08, 3.79605289424e-08, 5.81303467584e-08, 5.44542757552e-08, 1.93263502979e-08, 6.97775304204e-09, 2.83650547495e-09, 1.33104838262e-09, 1.76083869707e-09, 1.20736098896e-09, 7.55144335951e-10, 4.58385135405e-10, 2.45472503435e-10, 7.51969111978e-11, 7.53166556899e-11, 5.80609275935e-11, 5.84243556312e-11, 6.30053093031e-11, 5.96010948928e-11, 3.90671661687e-11, 3.87900371546e-11, 3.50830857421e-11, 3.16272806555e-11, 1.18959295539e-11, 5.70565296398e-12, 3.07150724126e-12, 7.33717123516e-13], "median": [2.67555315077e-05, 7.88135948824e-05, 0.000124711121316, 0.000117188734293, 0.000128270388814, 0.000125032805954, 0.000109263892227, 5.98439437454e-05, 4.66657256766e-05, 2.72760298685e-05, 2.22521066462e-05, 1.59122482728e-05, 9.48367323872e-06, 8.46463080961e-06, 9.08896890905e-06, 8.11042536952e-06, 1.08875010483e-05, 5.42020598004e-06, 2.80003632724e-06, 1.71881185906e-06, 1.53419443905e-06, 1.61189223036e-06, 1.47522825955e-06, 1.59448984505e-06, 1.6848357518e-06, 1.28037254399e-06, 8.67008111527e-07, 6.72876012686e-07, 5.40919700143e-07, 4.82221651055e-07, 4.17613165382e-07, 3.45888878428e-07, 3.00021952171e-07, 2.17929496671e-07, 1.84624781241e-07, 1.71981852759e-07, 1.41795538866e-07, 1.08147254707e-07, 5.66821540815e-08, 3.56877549734e-08], "dmean2": [0.00179298745934, 0.0017585180467, 0.000810410827398, 0.000420003198087, 0.000282677734504, 0.000429261475801, 0.000454339839052, 0.000314839446219, 0.000336331664585, 0.000217993787373, 0.000184223608812, 9.74617432803e-05, 5.611915185e-05, 4.97951696161e-05, 5.34698010597e-05, 5.96892859903e-05, 6.43465464236e-05, 3.75414347218e-05, 2.43731992668e-05, 1.59454903041e-05, 1.05659619294e-05, 1.10969031084e-05, 1.20861705e-05, 8.92122534424e-06, 7.8904804468e-06, 5.54685675525e-06, 3.29627732754e-06, 3.07622326545e-06, 2.49257846008e-06, 2.50587072514e-06, 2.61747254626e-06, 2.3776656235e-06, 1.8034788809e-06, 1.53548216986e-06, 1.43661202401e-06, 1.33972457661e-06, 9.80028517006e-07, 6.72889427733e-07, 4.62033540316e-07, 2.37542650439e-07], "dmean": [0.00134449126199, 0.000995818409137, 0.000444071716629, 0.000241029294557, 0.00018112208636, 0.000280358770397, 0.000289166870061, 0.000205688047572, 0.000212805753108, 0.000144580524648, 0.000122795347124, 6.43117236905e-05, 3.67512730008e-05, 3.26167501044e-05, 3.49985020875e-05, 3.90838067688e-05, 4.25353173341e-05, 2.4955621484e-05, 1.63888362295e-05, 1.01592286228e-05, 6.85315853843e-06, 7.06082710167e-06, 7.63419666328e-06, 5.7608899624e-06, 5.06864262206e-06, 3.65504888578e-06, 2.17767433242e-06, 1.95491020349e-06, 1.61155901424e-06, 1.66108327448e-06, 1.71197268628e-06, 1.53084056365e-06, 1.20003971915e-06, 1.04212870156e-06, 9.85984797808e-07, 9.16818805763e-07, 6.8375391038e-07, 4.57484873095e-07, 3.11485507609e-07, 1.59312719461e-07], "var": [3.74755181838e-05, 1.50044024849e-05, 1.81635891749e-06, 3.74898377231e-07, 3.0443243304e-07, 8.34144600503e-07, 1.05794163119e-06, 8.27802296044e-07, 1.14966508136e-06, 7.91819047663e-07, 6.22756658686e-07, 1.76034404831e-07, 4.4915793751e-08, 2.8629296267e-08, 3.68204915446e-08, 8.70870024983e-08, 1.07751141343e-07, 2.85742949302e-08, 1.15730394157e-08, 2.91448021272e-09, 1.49779255665e-09, 1.10945364007e-09, 9.41395961185e-10, 6.94845903038e-10, 3.93600013693e-10, 2.53894544278e-10, 7.2945635643e-11, 5.14455388012e-11, 4.24319676617e-11, 5.56802277896e-11, 5.844732337e-11, 3.92830490359e-11, 2.94944277335e-11, 2.73368393894e-11, 3.03988327566e-11, 2.75399269362e-11, 1.07627786891e-11, 4.78949345462e-12, 2.72159920468e-12, 6.84758836005e-13], "dvar": [2.71728913503e-05, 1.37884881042e-05, 2.78725383396e-06, 4.09256472267e-07, 1.51839643081e-07, 4.02876395356e-07, 5.32022795596e-07, 3.03652797129e-07, 4.59486159343e-07, 2.13142911321e-07, 1.64878272813e-07, 5.86082649079e-08, 1.78626375913e-08, 1.19114034192e-08, 1.67731890599e-08, 2.64024997421e-08, 2.53403023009e-08, 9.35027166804e-09, 3.68135011364e-09, 1.27769705927e-09, 6.49693576715e-10, 7.77022390874e-10, 5.27736465639e-10, 3.44706624356e-10, 2.02654296122e-10, 1.09276566962e-10, 3.51274148658e-11, 3.19048745756e-11, 2.53145733542e-11, 2.62500854387e-11, 2.82734252677e-11, 2.54966360524e-11, 1.74215260274e-11, 1.7103677849e-11, 1.69612535822e-11, 1.46833586956e-11, 5.42547430593e-12, 2.64127131624e-12, 1.42225846985e-12, 3.38758020116e-13], "mean": [0.00144812685903, 0.00110595789738, 0.000512700527906, 0.000326000503264, 0.000313222699333, 0.000464451033622, 0.00047908880515, 0.000372567767045, 0.000386642612284, 0.000268243107712, 0.000226937074331, 0.000109640364826, 5.8329787862e-05, 5.08804550918e-05, 5.63030298508e-05, 6.48911372991e-05, 7.50354301999e-05, 4.18793933932e-05, 2.58261243289e-05, 1.52480151883e-05, 1.07251298687e-05, 9.94648598862e-06, 1.07814867079e-05, 8.63299555931e-06, 7.8429648056e-06, 6.13804922978e-06, 3.65541177416e-06, 3.01016393678e-06, 2.53134544437e-06, 2.87595116788e-06, 2.90052662422e-06, 2.3924751531e-06, 2.00430963559e-06, 1.67166160736e-06, 1.54947883857e-06, 1.44249383993e-06, 1.11544670744e-06, 7.29350688289e-07, 4.75759065921e-07, 2.52745138596e-07]}, "spectral_entropy": {"min": 4.77602005005, "max": 9.81468296051, "dvar2": 0.137133002281, "median": 7.1960515976, "dmean2": 0.327577233315, "dmean": 0.224521324039, "var": 0.403954863548, "dvar": 0.067059263587, "mean": 7.16377210617}, "spectral_rolloff": {"min": 64.599609375, "max": 20090.4785156, "dvar2": 1544821.5, "median": 839.794921875, "dmean2": 656.851013184, "dmean": 398.726287842, "var": 3444037.5, "dvar": 746124.75, "mean": 1341.6887207}, "barkbands": {"min": [6.04499477113e-25, 1.79888212066e-24, 5.85529640318e-25, 1.33863690412e-24, 8.18273347414e-24, 1.39417943689e-23, 9.9981516971e-24, 1.18639300114e-23, 1.75979721825e-23, 2.40857378165e-23, 1.65465657463e-23, 1.73228837631e-23, 2.99176224057e-23, 2.55896222462e-23, 3.39293461402e-23, 5.15463551141e-23, 6.17131061082e-23, 1.10093655125e-22, 1.37676246095e-22, 1.650984648e-22, 2.54900496984e-22, 3.35720521036e-22, 3.97481438426e-22, 6.05470661917e-22, 9.5063691508e-22, 1.20299808774e-21, 1.87324783625e-21], "max": [0.00382060953416, 0.18268674612, 0.0669786557555, 0.0444801859558, 0.0254248306155, 0.0610297322273, 0.0730866864324, 0.0610014647245, 0.0756051912904, 0.0757241174579, 0.0619355104864, 0.0350088253617, 0.0493228696287, 0.0808321759105, 0.038930118084, 0.0132181737572, 0.0224219486117, 0.0158371161669, 0.00644939113408, 0.00479748705402, 0.00593634974211, 0.00635682698339, 0.00943218450993, 0.00896463543177, 0.00237177009694, 0.000674927956425, 0.000164688404766], "dvar2": [2.53193320532e-07, 0.000533402373549, 0.00013144769764, 3.02774042211e-05, 1.75138357008e-05, 1.83778211067e-05, 3.15735342156e-05, 2.35939696722e-05, 2.1142877813e-05, 1.18514935821e-05, 3.49263655153e-06, 2.52599670603e-06, 4.3430200094e-06, 5.25128598383e-06, 1.16477997381e-06, 3.96146731418e-07, 3.61972354312e-07, 2.87786235731e-07, 1.48411558598e-07, 5.64402213854e-08, 8.38456060137e-08, 1.04216447028e-07, 1.15876758855e-07, 4.90407394693e-08, 5.82051118414e-09, 1.2595876564e-09, 2.46818347011e-11], "median": [1.17720242088e-06, 0.00011504181748, 0.000153260130901, 0.000198975321837, 0.000629063288216, 0.0006888929056, 0.000435315683717, 0.000237808286329, 0.000181068986421, 0.000152955908561, 6.21466024313e-05, 7.17769435141e-05, 7.78965040809e-05, 0.000103648584627, 4.34713729192e-05, 2.19027133426e-05, 3.22325431625e-05, 3.42411403835e-05, 3.96617870138e-05, 2.33556256717e-05, 2.13842085941e-05, 1.80570186785e-05, 1.26430859382e-05, 1.06594725366e-05, 3.73966122424e-06, 1.25521830796e-06, 2.39905830313e-07], "dmean2": [0.000124544021674, 0.00629185000435, 0.00281592202373, 0.00161417212803, 0.00179338746238, 0.00200508837588, 0.00219920091331, 0.00169471476693, 0.00159324915148, 0.0010621342808, 0.000468371668831, 0.0004744331236, 0.000559910084121, 0.00062342628371, 0.000348965171725, 0.000196560184122, 0.000202330586035, 0.000194932727027, 0.000151318483404, 9.05853812583e-05, 9.67978266999e-05, 0.000102112615423, 8.2517908595e-05, 6.25751854386e-05, 2.26007632591e-05, 9.99151234282e-06, 1.34782919758e-06], "dmean": [8.18016851554e-05, 0.00443800911307, 0.00152566831093, 0.000885843648575, 0.00105809373781, 0.00131390662864, 0.00139744521584, 0.00107655418105, 0.00103953271173, 0.000709216401447, 0.000305177614791, 0.0003069806844, 0.00036029011244, 0.000406766950618, 0.000226842676057, 0.000125359554659, 0.000128327155835, 0.000124392405269, 9.91027554846e-05, 5.8734731283e-05, 6.42092563794e-05, 6.69419314363e-05, 5.71511991438e-05, 4.42508353444e-05, 1.55037232616e-05, 7.03652858647e-06, 9.2281408115e-07], "var": [1.18333936427e-07, 0.00044271236402, 2.74088724836e-05, 7.27706401449e-06, 7.15949454388e-06, 1.68541373569e-05, 2.76815972029e-05, 2.45006613113e-05, 3.30331786245e-05, 1.83659831237e-05, 4.04893080486e-06, 2.69476663561e-06, 6.61559624859e-06, 1.06630632217e-05, 2.03330773729e-06, 3.91970729652e-07, 2.68858826757e-07, 2.66151971573e-07, 1.5512068785e-07, 4.95510334986e-08, 7.9691332644e-08, 8.19005450126e-08, 9.8853583097e-08, 4.83522164529e-08, 5.90458038019e-09, 1.18362597501e-09, 2.2988434073e-11], "dvar": [1.17589699755e-07, 0.000299523468129, 4.55512745248e-05, 1.03069787656e-05, 6.38572873868e-06, 7.91326328908e-06, 1.30300222736e-05, 1.03024794953e-05, 9.52804202825e-06, 5.3985249906e-06, 1.534256171e-06, 1.15522175292e-06, 1.97129702428e-06, 2.41022280534e-06, 6.06626258559e-07, 1.75606572839e-07, 1.60631230983e-07, 1.24867696627e-07, 6.67485906547e-08, 2.51671536944e-08, 3.76927502543e-08, 4.6534907483e-08, 5.45167111454e-08, 2.31298464826e-08, 2.6732607239e-09, 5.8241583778e-10, 1.16848223805e-11], "mean": [7.23821285646e-05, 0.00521046901122, 0.00131406495348, 0.00101421028376, 0.00157277460676, 0.00221115560271, 0.00230172346346, 0.00187179504428, 0.00184859498404, 0.00127076660283, 0.000470729923109, 0.000474738131743, 0.000604827946518, 0.000723814882804, 0.000371311907656, 0.000184278789675, 0.000186153265531, 0.000186148332432, 0.000173217136762, 9.78293028311e-05, 0.000115780509077, 0.000114326641778, 9.35822390602e-05, 7.56439330871e-05, 2.58073268924e-05, 1.11858398668e-05, 1.48864023686e-06]}, "melbands_flatness_db": {"min": 0.00286417989992, "max": 0.619722962379, "dvar2": 0.00264197587967, "median": 0.223639026284, "dmean2": 0.0466194674373, "dmean": 0.032392077148, "var": 0.00867807213217, "dvar": 0.00136365252547, "mean": 0.233919411898}, "melbands_skewness": {"min": -3.26912379265, "max": 18.9001865387, "dvar2": 2.11593961716, "median": 2.11579322815, "dmean2": 1.21704256535, "dmean": 0.810070693493, "var": 3.59194779396, "dvar": 1.03434145451, "mean": 2.41714501381}, "barkbands_skewness": {"min": -3.93090200424, "max": 21.3457126617, "dvar2": 1.97210049629, "median": 1.56853437424, "dmean2": 1.06940281391, "dmean": 0.714300692081, "var": 3.1548306942, "dvar": 1.01846849918, "mean": 1.82337510586}, "silence_rate_60dB": {"min": 0, "max": 1, "dvar2": 0.0991541743279, "median": 0, "dmean2": 0.0976494848728, "dmean": 0.0488207153976, "var": 0.174604937434, "dvar": 0.0464348532259, "mean": 0.2254473418}, "spectral_energyband_low": {"min": 7.2404825102e-24, "max": 0.193353891373, "dvar2": 0.000661184429191, "median": 0.000566741160583, "dmean2": 0.0079379696399, "dmean": 0.00498912809417, "var": 0.000567249313463, "dvar": 0.000337585399393, "mean": 0.00714498851448}, "spectral_energyband_middle_low": {"min": 1.68667322022e-22, "max": 0.107994146645, "dvar2": 0.000174674831214, "median": 0.00655071949586, "dmean2": 0.00789664778858, "dmean": 0.00487483665347, "var": 0.000180715185707, "dvar": 6.76374402246e-05, "mean": 0.0114992475137}, "melbands_kurtosis": {"min": -1.88251411915, "max": 652.013671875, "dvar2": 1251.40844727, "median": 7.82117557526, "dmean2": 15.3611764908, "dmean": 9.956366539, "var": 1093.74853516, "dvar": 621.276123047, "mean": 16.4163169861}, "spectral_decrease": {"min": -5.35995745565e-08, "max": 1.58640161559e-28, "dvar2": 4.95192633234e-17, "median": -2.95647351045e-09, "dmean2": 3.58320217941e-09, "dmean": 2.29493712922e-09, "var": 5.9827207614e-17, "dvar": 2.51188546951e-17, "mean": -5.62208013477e-09}, "erbbands_kurtosis": {"min": -1.86840474606, "max": 72.1325149536, "dvar2": 25.1375961304, "median": 0.763460636139, "dmean2": 3.14811205864, "dmean": 2.02281308174, "var": 35.4748764038, "dvar": 11.3769865036, "mean": 2.65392684937}, "melbands_crest": {"min": 1.52407026291, "max": 34.333782196, "dvar2": 24.1131343842, "median": 13.5748720169, "dmean2": 5.52877426147, "dmean": 3.5420320034, "var": 38.8399429321, "dvar": 10.9797945023, "mean": 14.8558244705}, "gfcc": {"cov": [[21993.3496094, -1682.25268555, -1185.70397949, 890.924072266, -1363.76367188, 702.29498291, -600.900817871, 392.025909424, -201.472351074, 78.8854217529, -387.282836914, -60.4084358215, -166.628509521], [-1682.25268555, 2340.45385742, 443.575653076, -53.3772354126, 698.224487305, -221.279541016, 254.16192627, -201.086975098, 43.4737815857, -113.792732239, 130.233383179, -125.619544983, 53.8801841736], [-1185.70397949, 443.575653076, 1251.84606934, 395.602264404, 324.525390625, 181.098526001, 89.2406692505, 31.8830604553, 24.5219345093, -4.51658773422, 32.6927108765, 36.5061035156, 7.23964452744], [890.924072266, -53.3772354126, 395.602264404, 675.556884766, 180.713226318, 184.169281006, 20.8702373505, 27.2229309082, 14.7231092453, 6.11628246307, -43.7401618958, 17.9562454224, -2.20838880539], [-1363.76367188, 698.224487305, 324.525390625, 180.713226318, 682.164611816, 75.513923645, 167.407348633, -13.5696439743, 28.5991344452, -30.1614456177, 0.482918769121, -31.8920059204, 13.5858612061], [702.29498291, -221.279541016, 181.098526001, 184.169281006, 75.513923645, 378.92956543, 81.3543624878, 66.2202453613, -3.65106129646, 28.1160926819, -24.2617416382, -4.34600543976, -28.9676399231], [-600.900817871, 254.16192627, 89.2406692505, 20.8702373505, 167.407348633, 81.3543624878, 261.878265381, 63.578792572, 47.8069076538, 20.7666912079, 34.8317260742, -15.0672225952, -5.37209701538], [392.025909424, -201.086975098, 31.8830604553, 27.2229309082, -13.5696439743, 66.2202453613, 63.578792572, 212.517105103, 83.4552459717, 39.3683891296, 7.24100160599, 4.221824646, -5.10145330429], [-201.472351074, 43.4737815857, 24.5219345093, 14.7231092453, 28.5991344452, -3.65106129646, 47.8069076538, 83.4552459717, 174.559127808, 67.3384475708, 40.1627845764, -0.794594407082, 3.7846736908], [78.8854217529, -113.792732239, -4.51658773422, 6.11628246307, -30.1614456177, 28.1160926819, 20.7666912079, 39.3683891296, 67.3384475708, 154.363739014, 65.9114303589, 20.229221344, -9.56729221344], [-387.282836914, 130.233383179, 32.6927108765, -43.7401618958, 0.482918769121, -24.2617416382, 34.8317260742, 7.24100160599, 40.1627845764, 65.9114303589, 151.891479492, 34.8760795593, 8.86298465729], [-60.4084358215, -125.619544983, 36.5061035156, 17.9562454224, -31.8920059204, -4.34600543976, -15.0672225952, 4.221824646, -0.794594407082, 20.229221344, 34.8760795593, 151.636444092, 55.3402442932], [-166.628509521, 53.8801841736, 7.23964452744, -2.20838880539, 13.5858612061, -28.9676399231, -5.37209701538, -5.10145330429, 3.7846736908, -9.56729221344, 8.86298465729, 55.3402442932, 120.22807312]], "icov": [[9.91916240309e-05, -0.000176888788701, 0.000174031811184, -0.000224857372814, 0.000282092863927, -0.000274334044661, 0.000295303034363, -0.000387346430216, 0.000216226049815, -0.000183005278814, 0.00024764839327, -0.000101539459138, 0.000108033331344], [-0.000176888788701, 0.00150302506518, -0.000635077885818, 0.0005927796592, -0.00135229516309, 0.00120962131768, -0.00131781015079, 0.00183379871305, -0.000897842168342, 0.00122528267093, -0.00156745349523, 0.00129593210295, -0.000761617149692], [0.000174031811184, -0.000635077885818, 0.00150905514602, -0.000955251452979, 0.000352537957951, -0.000936471449677, 0.00076990656089, -0.00106699555181, 0.000481702300021, -0.000257859472185, 0.00023842167866, -0.000725236022845, 0.000421611854108], [-0.000224857372814, 0.0005927796592, -0.000955251452979, 0.00267186760902, -0.00113287731074, -1.06607039925e-05, -0.000392062938772, 0.00109079119284, -0.000843298854306, 0.000302407541312, 2.75110087387e-05, 6.47351771477e-05, -0.000297694728943], [0.000282092863927, -0.00135229516309, 0.000352537957951, -0.00113287731074, 0.00355974328704, -0.00126690545585, 6.28206908004e-05, -0.00123616575729, 0.000564048648812, -0.000675800838508, 0.00156714848708, -0.000573116296437, 0.000274551508483], [-0.000274334044661, 0.00120962131768, -0.000936471449677, -1.06607039925e-05, -0.00126690545585, 0.00489616999403, -0.0023076175712, 0.000801758607849, 0.000195925094886, -7.46562591303e-06, -0.000506486278027, 0.000850524869747, 2.67271407211e-05], [0.000295303034363, -0.00131781015079, 0.00076990656089, -0.000392062938772, 6.28206908004e-05, -0.0023076175712, 0.00694768503308, -0.00320097408257, 0.000464398268377, -0.000923016108572, 0.000159022878506, -0.000558412866667, 0.000715052010491], [-0.000387346430216, 0.00183379871305, -0.00106699555181, 0.00109079119284, -0.00123616575729, 0.000801758607849, -0.00320097408257, 0.00928179826587, -0.00442890170962, 0.00141903304029, -0.00123061088379, 0.00105342536699, -0.000832520541735], [0.000216226049815, -0.000897842168342, 0.000481702300021, -0.000843298854306, 0.000564048648812, 0.000195925094886, 0.000464398268377, -0.00442890170962, 0.00956562440842, -0.00390320760198, 0.000235126688494, 0.00023237222922, -0.000262171321083], [-0.000183005278814, 0.00122528267093, -0.000257859472185, 0.000302407541312, -0.000675800838508, -7.46562591303e-06, -0.000923016108572, 0.00141903304029, -0.00390320760198, 0.0109513653442, -0.00501868408173, 0.0001453467994, 0.00060927728191], [0.00024764839327, -0.00156745349523, 0.00023842167866, 2.75110087387e-05, 0.00156714848708, -0.000506486278027, 0.000159022878506, -0.00123061088379, 0.000235126688494, -0.00501868408173, 0.0112352920696, -0.00313567742705, 0.000895914505236], [-0.000101539459138, 0.00129593210295, -0.000725236022845, 6.47351771477e-05, -0.000573116296437, 0.000850524869747, -0.000558412866667, 0.00105342536699, 0.00023237222922, 0.0001453467994, -0.00313567742705, 0.0100626125932, -0.00478355633095], [0.000108033331344, -0.000761617149692, 0.000421611854108, -0.000297694728943, 0.000274551508483, 2.67271407211e-05, 0.000715052010491, -0.000832520541735, -0.000262171321083, 0.00060927728191, 0.000895914505236, -0.00478355633095, 0.0109422886744]], "mean": [-80.9172058105, 100.511764526, -122.898963928, 12.9306030273, -67.8776626587, 1.09268569946, -36.5448265076, -1.97525155544, -19.3051357269, 1.01740121841, -9.39691829681, -4.14359617233, -13.8475208282]}, "melbands_spread": {"min": 0.285847961903, "max": 257.019256592, "dvar2": 242.762893677, "median": 13.3866930008, "dmean2": 9.31772136688, "dmean": 6.13362121582, "var": 429.88092041, "dvar": 124.399902344, "mean": 18.7067203522}, "spectral_energy": {"min": 1.01051582492e-20, "max": 0.205358743668, "dvar2": 0.000723968958482, "median": 0.0120240049437, "dmean2": 0.0139923812822, "dmean": 0.00898289121687, "var": 0.00090646056924, "dvar": 0.000367013795767, "mean": 0.0225988589227}, "mfcc": {"cov": [[14266.7880859, -1317.55773926, -384.387542725, 119.848175049, -475.212524414, 95.6599960327, -310.79498291, 153.692672729, 81.5219726562, 221.635559082, -42.1874237061, -56.1330032349, -251.355636597], [-1317.55773926, 2115.26733398, 117.900062561, 166.401641846, 282.461212158, 57.7499542236, 203.304351807, -27.5467853546, -18.347858429, -22.9674510956, 40.1943283081, -6.0698184967, -21.8655128479], [-384.387542725, 117.900062561, 898.805297852, 255.987335205, 209.520706177, 180.532653809, 86.7875366211, 85.9796600342, 0.214636415243, 33.2955818176, -8.9240655899, 36.5794944763, 5.84323072433], [119.848175049, 166.401641846, 255.987335205, 527.839355469, 247.633056641, 142.836914062, 69.8092041016, 62.0577163696, 67.6361846924, -9.66493225098, 5.19105911255, 37.9335479736, 6.94540834427], [-475.212524414, 282.461212158, 209.520706177, 247.633056641, 436.463378906, 170.222595215, 119.095321655, 72.82447052, 72.691116333, 14.0457706451, -6.95267534256, 18.4258136749, -17.2239265442], [95.6599960327, 57.7499542236, 180.532653809, 142.836914062, 170.222595215, 319.341491699, 142.071487427, 73.9740371704, 39.7247848511, 28.196395874, 29.7121524811, -4.71403694153, -27.4108200073], [-310.79498291, 203.304351807, 86.7875366211, 69.8092041016, 119.095321655, 142.071487427, 253.474441528, 83.3633956909, 36.0435218811, 40.2965774536, 47.3996696472, -5.09517717361, -2.28549432755], [153.692672729, -27.5467853546, 85.9796600342, 62.0577163696, 72.82447052, 73.9740371704, 83.3633956909, 183.126052856, 76.3232421875, 40.1440467834, 3.47834134102, 15.940823555, 2.88394927979], [81.5219726562, -18.347858429, 0.214636415243, 67.6361846924, 72.691116333, 39.7247848511, 36.0435218811, 76.3232421875, 171.038986206, 54.6145935059, 22.2849197388, 15.8657150269, 1.00979030132], [221.635559082, -22.9674510956, 33.2955818176, -9.66493225098, 14.0457706451, 28.196395874, 40.2965774536, 40.1440467834, 54.6145935059, 170.217346191, 72.8901672363, 31.4109783173, 6.8308300972], [-42.1874237061, 40.1943283081, -8.9240655899, 5.19105911255, -6.95267534256, 29.7121524811, 47.3996696472, 3.47834134102, 22.2849197388, 72.8901672363, 169.47303772, 62.5738296509, 21.7121429443], [-56.1330032349, -6.0698184967, 36.5794944763, 37.9335479736, 18.4258136749, -4.71403694153, -5.09517717361, 15.940823555, 15.8657150269, 31.4109783173, 62.5738296509, 160.019714355, 60.2567253113], [-251.355636597, -21.8655128479, 5.84323072433, 6.94540834427, -17.2239265442, -27.4108200073, -2.28549432755, 2.88394927979, 1.00979030132, 6.8308300972, 21.7121429443, 60.2567253113, 154.892715454]], "icov": [[9.08232977963e-05, 2.89485142275e-05, 5.95756064286e-05, -0.000112032845209, 0.000146710939589, -0.000112149020424, 0.000143678771565, -0.000120791883091, 3.92687652493e-05, -0.000175979745109, 6.49828143651e-05, -1.20054528452e-05, 0.000158150913194], [2.89485142275e-05, 0.000593496370129, 2.65034736913e-06, -9.36299838941e-05, -0.000336999743013, 0.000263426598394, -0.00049935647985, 0.000271953816991, 0.000142490229337, 7.65205331845e-05, -0.000137033202918, 3.1764524465e-05, 0.000134116460686], [5.95756064286e-05, 2.65034736913e-06, 0.0015255411854, -0.000574837089516, -0.000170373066794, -0.000576607882977, 0.000187990954146, -0.000528184580617, 0.000758776033763, -0.000591631513089, 0.000411862041801, -0.000258194631897, 2.07550820051e-05], [-0.000112032845209, -9.36299838941e-05, -0.000574837089516, 0.00308805890381, -0.00133600202389, -0.000347236840753, 6.94375557941e-05, 0.000115642345918, -0.000847709015943, 0.00102496345062, -0.000290431838948, -0.000370513094822, -0.000377770338673], [0.000146710939589, -0.000336999743013, -0.000170373066794, -0.00133600202389, 0.00440945848823, -0.00132206897251, -0.000426087848609, -0.000162098833243, -0.000955212977715, -0.000365249055903, 0.00113022327423, -0.000663258077111, 0.00063186394982], [-0.000112149020424, 0.000263426598394, -0.000576607882977, -0.000347236840753, -0.00132206897251, 0.00549504812807, -0.0023102897685, -0.000255562976236, 6.91353052389e-05, 0.000321224390063, -0.000885482819285, 0.000499811023474, 0.000603680848144], [0.000143678771565, -0.00049935647985, 0.000187990954146, 6.94375557941e-05, -0.000426087848609, -0.0023102897685, 0.0071442713961, -0.00261060614139, 0.000525846669916, -0.00064600497717, -0.00161404081155, 0.0012983410852, -0.000403514772188], [-0.000120791883091, 0.000271953816991, -0.000528184580617, 0.000115642345918, -0.000162098833243, -0.000255562976236, -0.00261060614139, 0.00861604698002, -0.00306069757789, -0.000516480358783, 0.00147196650505, -0.00096734293038, -0.000192366089323], [3.92687652493e-05, 0.000142490229337, 0.000758776033763, -0.000847709015943, -0.000955212977715, 6.91353052389e-05, 0.000525846669916, -0.00306069757789, 0.00855199061334, -0.00219293986447, -0.000347437831806, 0.000165085497429, 8.94249533303e-05], [-0.000175979745109, 7.65205331845e-05, -0.000591631513089, 0.00102496345062, -0.000365249055903, 0.000321224390063, -0.00064600497717, -0.000516480358783, -0.00219293986447, 0.0087354471907, -0.00337809254415, -0.000225995594519, -9.15962518775e-05], [6.49828143651e-05, -0.000137033202918, 0.000411862041801, -0.000290431838948, 0.00113022327423, -0.000885482819285, -0.00161404081155, 0.00147196650505, -0.000347437831806, -0.00337809254415, 0.0093255713582, -0.00336994184181, 0.00015635798627], [-1.20054528452e-05, 3.1764524465e-05, -0.000258194631897, -0.000370513094822, -0.000663258077111, 0.000499811023474, 0.0012983410852, -0.00096734293038, 0.000165085497429, -0.000225995594519, -0.00336994184181, 0.00909492652863, -0.00299363583326], [0.000158150913194, 0.000134116460686, 2.07550820051e-05, -0.000377770338673, 0.00063186394982, 0.000603680848144, -0.000403514772188, -0.000192366089323, 8.94249533303e-05, -9.15962518775e-05, 0.00015635798627, -0.00299363583326, 0.00806866493076]], "mean": [-716.928833008, 129.206634521, -0.440317243338, 9.77775478363, -9.43479251862, -1.7194890976, -8.32919216156, -4.94046354294, -11.1383085251, 1.10090744495, 1.72763204575, -0.450727194548, -6.65053129196]}, "spectral_contrast_valleys": {"min": [-28.5976867676, -27.9161243439, -27.8675613403, -27.7109146118, -27.5065898895, -27.3995761871], "max": [-5.05608224869, -4.6988286972, -5.35926914215, -5.64541339874, -5.64416599274, -7.45224285126], "dvar2": [0.423459112644, 0.39473682642, 0.347316652536, 0.384998559952, 0.450470387936, 0.408067584038], "median": [-8.16547489166, -6.97553920746, -7.86814165115, -8.43821430206, -8.38769721985, -10.8598594666], "dmean2": [0.671267807484, 0.627726316452, 0.57699406147, 0.528021991253, 0.496609985828, 0.517769634724], "dmean": [0.414857417345, 0.387289226055, 0.362359464169, 0.345926046371, 0.350344061852, 0.404696375132], "var": [4.34019851685, 3.63718748093, 3.56753015518, 3.57027101517, 3.80973696709, 4.06233358383], "dvar": [0.211041331291, 0.168983057141, 0.164772734046, 0.185974165797, 0.234501942992, 0.271409749985], "mean": [-8.48246097565, -7.23875379562, -8.08626556396, -8.6382818222, -8.68046283722, -11.2920913696]}, "barkbands_flatness_db": {"min": 0.0281006153673, "max": 0.4813606143, "dvar2": 0.00180453353096, "median": 0.165335759521, "dmean2": 0.0401213131845, "dmean": 0.0272847004235, "var": 0.00490038096905, "dvar": 0.000877866346855, "mean": 0.173165112734}, "dynamic_complexity": 5.76662826538, "erbbands_flatness_db": {"min": 0.036155026406, "max": 0.428641438484, "dvar2": 0.00107348384336, "median": 0.195213392377, "dmean2": 0.0327434428036, "dmean": 0.022645389