{"lowlevel": {"spectral_complexity": {"min": 0, "max": 59, "dvar2": 118.614173889, "median": 7, "dmean2": 7.12297201157, "dmean": 4.84370040894, "var": 161.222763062, "dvar": 54.7913513184, "mean": 11.8557949066}, "silence_rate_20dB": {"min": 1, "max": 1, "dvar2": 0, "median": 1, "dmean2": 0, "dmean": 0, "var": 0, "dvar": 0, "mean": 1}, "average_loudness": 0.648668944836, "erbbands_spread": {"min": 0.726657748222, "max": 188.864547729, "dvar2": 481.101623535, "median": 33.3547859192, "dmean2": 18.8239841461, "dmean": 12.7954397202, "var": 563.659729004, "dvar": 228.067825317, "mean": 39.586555481}, "spectral_kurtosis": {"min": -1.24740231037, "max": 87.3335189819, "dvar2": 28.083360672, "median": 5.51456928253, "dmean2": 4.06427383423, "dmean": 2.57404637337, "var": 28.6261482239, "dvar": 11.6500272751, "mean": 6.60442352295}, "barkbands_kurtosis": {"min": -1.95455372334, "max": 1813.29626465, "dvar2": 9768.41601562, "median": 1.2445101738, "dmean2": 20.9265365601, "dmean": 12.2003650665, "var": 3000.37304688, "dvar": 3524.77319336, "mean": 11.3390550613}, "spectral_strongpeak": {"min": 0, "max": 78.7780380249, "dvar2": 2.88575744629, "median": 0.255088984966, "dmean2": 0.649699032307, "dmean": 0.392881095409, "var": 1.83701086044, "dvar": 1.32728242874, "mean": 0.576006412506}, "spectral_spread": {"min": 1092173.25, "max": 41306108, "dvar2": 4991195545600.0, "median": 4194849.5, "dmean2": 1630432.5, "dmean": 1185935.5, "var": 6928862806020.0, "dvar": 2567264010240.0, "mean": 4802399.5}, "spectral_rms": {"min": 3.17722324145e-12, "max": 0.0150188952684, "dvar2": 6.91595323588e-06, "median": 0.0022358931601, "dmean2": 0.00175643083639, "dmean": 0.00122283410747, "var": 8.00389079814e-06, "dvar": 3.48041044163e-06, "mean": 0.00307565741241}, "erbbands": {"min": [7.23141950814e-22, 1.53988445684e-21, 5.34400842533e-21, 1.41635906777e-20, 3.04551971853e-20, 5.12114431945e-20, 1.34754054886e-19, 3.64265578049e-19, 1.9997304566e-19, 3.42189781861e-19, 3.8797704635e-19, 5.18872613871e-19, 1.04460999965e-18, 1.42432271035e-18, 1.1210219461e-18, 1.51151240659e-18, 2.84362009167e-18, 2.84426363819e-18, 4.66639632347e-18, 5.91268908648e-18, 5.48192361556e-18, 6.11720783857e-18, 8.83465041999e-18, 1.26187188267e-17, 1.05268717017e-17, 1.14261568211e-17, 1.19433308196e-17, 1.38095363083e-17, 1.4106040026e-17, 9.3327091017e-18, 1.29549760175e-17, 1.32919859426e-17, 1.36001148567e-17, 9.83190019367e-18, 7.18372034007e-18, 4.76344652961e-18, 2.50072126093e-18, 1.11171409626e-18, 2.63377925952e-19, 3.02202940472e-20], "max": [3.54872226715, 42.4202537537, 99.8864898682, 82.6856613159, 393.026733398, 287.170349121, 478.154174805, 200.127258301, 804.42767334, 612.357543945, 551.016906738, 1360.9083252, 1124.97473145, 803.824157715, 1351.87280273, 1296.39880371, 1025.61376953, 1161.69042969, 1540.89941406, 657.12322998, 820.454345703, 629.469299316, 1570.6361084, 1699.80505371, 288.61138916, 312.470703125, 294.826324463, 294.370635986, 395.233642578, 237.752700806, 340.368560791, 259.723876953, 1406.13024902, 108.137611389, 51.9889183044, 14.7765712738, 6.17751216888, 2.11729812622, 0.135114952922, 0.014130577445], "dvar2": [0.272190451622, 74.3904418945, 255.894348145, 159.065734863, 2657.12646484, 1262.23059082, 976.860839844, 315.949707031, 2192.36108398, 2057.42407227, 1304.72253418, 7868.28710938, 4188.79980469, 1623.26635742, 1783.75231934, 2624.57885742, 2044.45581055, 2438.84228516, 3663.85375977, 1262.03881836, 1339.30200195, 1293.99438477, 1173.95471191, 939.80065918, 616.903930664, 477.685577393, 533.942504883, 431.512145996, 345.957275391, 240.182617188, 128.970947266, 66.6127548218, 432.941925049, 9.42620754242, 1.45333755016, 0.237492308021, 2.47785449028, 0.231830850244, 0.00111504620872, 1.2648183656e-05], "median": [0.00708508817479, 0.0475563071668, 0.140706926584, 0.297446876764, 0.537225484848, 0.71849656105, 1.05174207687, 1.15042889118, 1.46199345589, 1.54685556889, 1.63454961777, 1.4604395628, 1.72975838184, 1.87171518803, 1.78458368778, 2.08188128471, 1.9313262701, 2.16500592232, 2.56457877159, 1.98898863792, 2.23667883873, 1.88769817352, 1.66426837444, 1.18981301785, 0.88012868166, 0.673561990261, 0.505544424057, 0.304969161749, 0.296356379986, 0.229317367077, 0.154717773199, 0.123070381582, 0.0849086865783, 0.0499998889863, 0.0183589309454, 0.0102091021836, 0.00492321886122, 0.000755249115173, 5.6688728364e-05, 1.35804139063e-05], "dmean2": [0.19842427969, 2.87201833725, 4.84815311432, 4.68846130371, 16.1837158203, 11.3158626556, 10.2451868057, 7.36155653, 13.9363594055, 14.9297924042, 13.102973938, 24.2964477539, 21.7648525238, 14.7988548279, 14.9352941513, 17.8333435059, 17.9382629395, 19.8205356598, 24.5347938538, 16.4308567047, 17.6367340088, 16.1818313599, 15.140920639, 11.3304767609, 10.7109565735, 9.02978992462, 9.26880073547, 7.0605430603, 5.73207426071, 4.71684360504, 3.2629840374, 2.68909144402, 2.57537007332, 1.19750058651, 0.428745657206, 0.251311570406, 0.76976454258, 0.197883695364, 0.0131163401529, 0.00151148135774], "dmean": [0.122395597398, 1.621286273, 2.76836800575, 2.61549043655, 9.79697418213, 7.21426820755, 6.81220340729, 4.52756118774, 8.47728061676, 9.095495224, 8.05324363708, 14.4181423187, 13.4785928726, 9.2754278183, 9.40101909637, 11.1947164536, 11.7584724426, 13.2089681625, 16.8031330109, 11.1339960098, 11.4144668579, 11.2267379761, 9.62142753601, 7.00459909439, 6.22763109207, 5.30385303497, 5.31808376312, 4.12167596817, 3.46420454979, 2.87664484978, 2.02111148834, 1.67110574245, 1.63651609421, 0.787752509117, 0.269762903452, 0.167478308082, 0.502510428429, 0.136130005121, 0.00789418350905, 0.000886791734956], "var": [0.193529158831, 22.9004058838, 67.335144043, 36.038356781, 930.890136719, 530.927490234, 628.390563965, 164.055084229, 742.720581055, 769.22442627, 571.555236816, 2380.06347656, 2762.07495117, 909.824951172, 1299.22705078, 2068.90795898, 1564.14538574, 2175.50341797, 3272.11206055, 1240.55737305, 1068.53552246, 1156.50842285, 946.056518555, 582.825317383, 222.460601807, 183.455245972, 175.579742432, 161.717880249, 143.658691406, 115.590560913, 98.3848266602, 71.9529571533, 346.522857666, 9.5941696167, 1.67699468136, 0.252756208181, 1.54130196571, 0.104562282562, 0.000313944299705, 3.83196493203e-06], "dvar": [0.134237855673, 27.0804386139, 93.7703857422, 56.0014801025, 1081.17370605, 507.583953857, 457.864349365, 125.027664185, 836.712524414, 787.458129883, 508.158477783, 2861.1340332, 1646.09106445, 660.210205078, 769.350341797, 1086.36035156, 916.529785156, 1132.20568848, 1799.28015137, 584.550842285, 615.464782715, 617.049499512, 500.614135742, 379.313171387, 227.555160522, 177.502380371, 197.97593689, 164.894882202, 135.013839722, 94.5701980591, 55.9936676025, 31.6350479126, 241.780685425, 4.50492238998, 0.707937240601, 0.143462076783, 1.30681979656, 0.1031755656, 0.000420522992499, 4.99846373714e-06], "mean": [0.146064355969, 1.38374769688, 2.22402667999, 2.1388399601, 8.09693717957, 8.04045009613, 8.56513786316, 5.85025978088, 9.14856243134, 10.1913471222, 9.65777397156, 15.077413559, 17.498167038, 12.0758066177, 13.087436676, 15.4057216644, 15.8273830414, 18.6851825714, 23.0206756592, 16.5082302094, 15.5517988205, 15.3730020523, 12.5697126389, 9.12596416473, 6.68868398666, 5.7395825386, 5.12442159653, 4.02974843979, 3.72624754906, 3.27050328255, 2.437469244, 1.91196095943, 1.79673624039, 0.848079562187, 0.289121121168, 0.203102618456, 0.477155536413, 0.118382379413, 0.00572601193562, 0.000633960822597]}, "zerocrossingrate": {"min": 0.001953125, "max": 0.6259765625, "dvar2": 0.00138480856549, "median": 0.06005859375, "dmean2": 0.0276492182165, "dmean": 0.0245802272111, "var": 0.00465381843969, "dvar": 0.00122196320444, "mean": 0.0779652446508}, "spectral_contrast_coeffs": {"min": [-0.998268127441, -0.98317104578, -0.968697786331, -0.970280349255, -0.966802358627, -0.963691592216], "max": [-0.249141186476, -0.360885173082, -0.425946563482, -0.495447725058, -0.528612136841, -0.550174415112], "dvar2": [0.00765759078786, 0.00426330510527, 0.00296648032963, 0.00179860147182, 0.001286802697, 0.00139848527033], "median": [-0.690631210804, -0.788444161415, -0.822799861431, -0.825163662434, -0.815786600113, -0.79122453928], "dmean2": [0.0991145521402, 0.0788555890322, 0.0648582205176, 0.0501975081861, 0.0406037904322, 0.0374983176589], "dmean": [0.0624686107039, 0.0493027977645, 0.0410513281822, 0.0321775116026, 0.0266717616469, 0.0245798286051], "var": [0.0132906064391, 0.00642091687769, 0.0057622701861, 0.00370750227012, 0.00242018583231, 0.00249055353925], "dvar": [0.00356622948311, 0.00180717988405, 0.00131957174744, 0.000825004011858, 0.000592902128119, 0.000608169531915], "mean": [-0.667316555977, -0.776890575886, -0.804948806763, -0.813382565975, -0.810204565525, -0.789073288441]}, "dissonance": {"min": 0, "max": 0.500000238419, "dvar2": 0.00106506748125, "median": 0.477692753077, "dmean2": 0.0306882355362, "dmean": 0.0185612570494, "var": 0.000937543576583, "dvar": 0.000425756647019, "mean": 0.468683809042}, "spectral_energyband_high": {"min": 7.11611525635e-21, "max": 0.0467834658921, "dvar2": 4.90224874738e-06, "median": 8.78292703419e-05, "dmean2": 0.000989641412161, "dmean": 0.000660608289763, "var": 3.28846681441e-06, "dvar": 2.18477271119e-06, "mean": 0.000753362721298}, "spectral_skewness": {"min": -0.293606042862, "max": 7.81223201752, "dvar2": 0.289663374424, "median": 1.74222207069, "dmean2": 0.519772410393, "dmean": 0.332721471786, "var": 0.390443861485, "dvar": 0.122441746294, "mean": 1.78897857666}, "spectral_flux": {"min": 6.54139312162e-11, "max": 0.434762656689, "dvar2": 0.00713068060577, "median": 0.0453379489481, "dmean2": 0.0578993521631, "dmean": 0.0382318384945, "var": 0.00591825414449, "dvar": 0.0031981326174, "mean": 0.0737031623721}, "silence_rate_30dB": {"min": 0, "max": 1, "dvar2": 0.0802256688476, "median": 1, "dmean2": 0.0604398176074, "dmean": 0.0302185025066, "var": 0.0183360893279, "dvar": 0.029307467863, "mean": 0.9813118577}, "spectral_energyband_middle_high": {"min": 1.44894972137e-21, "max": 0.0500135906041, "dvar2": 2.4411107006e-05, "median": 0.000620891863946, "dmean2": 0.00252599897794, "dmean": 0.00174826441798, "var": 2.94929086522e-05, "dvar": 1.16314267871e-05, "mean": 0.00309646409005}, "barkbands_spread": {"min": 0.174440279603, "max": 129.652801514, "dvar2": 501.606628418, "median": 20.4348125458, "dmean2": 17.5287704468, "dmean": 10.9442157745, "var": 350.101135254, "dvar": 216.578552246, "mean": 24.455909729}, "spectral_centroid": {"min": 116.556343079, "max": 11626.7392578, "dvar2": 604990.8125, "median": 1220.68359375, "dmean2": 625.707641602, "dmean": 391.636901855, "var": 617242.1875, "dvar": 256072.265625, "mean": 1360.16113281}, "pitch_salience": {"min": 0.0286146905273, "max": 0.961097180843, "dvar2": 0.0271510183811, "median": 0.605519890785, "dmean2": 0.170981541276, "dmean": 0.104401156306, "var": 0.0279391538352, "dvar": 0.0116780530661, "mean": 0.572289764881}, "erbbands_skewness": {"min": -6.44386529922, "max": 6.1122546196, "dvar2": 0.561165332794, "median": 0.135151565075, "dmean2": 0.741225302219, "dmean": 0.487635284662, "var": 0.730918526649, "dvar": 0.237045288086, "mean": 0.139231294394}, "erbbands_crest": {"min": 2.15538692474, "max": 34.7433166504, "dvar2": 19.0111789703, "median": 6.93827772141, "dmean2": 4.50061893463, "dmean": 2.7347869873, "var": 16.7687397003, "dvar": 7.56752681732, "mean": 8.06132507324}, "melbands": {"min": [6.07120368863e-24, 3.60200081882e-24, 4.23592115922e-24, 5.66035033526e-24, 5.10877366274e-24, 7.22107337649e-24, 2.74974172644e-24, 4.08621310878e-24, 3.42230540436e-24, 4.06916700791e-24, 4.45813223216e-24, 4.27376321127e-24, 3.11658492434e-24, 3.46598936585e-24, 5.04630889525e-24, 5.68558915107e-24, 4.9295448595e-24, 6.56290502959e-24, 8.82226537658e-24, 8.5710187003e-24, 6.17563625071e-24, 5.5833093904e-24, 7.94173488987e-24, 7.13870052077e-24, 9.71936115345e-24, 6.2996010088e-24, 5.49054013681e-24, 7.80738793341e-24, 6.02824311259e-24, 7.36235205373e-24, 7.18469663357e-24, 7.71457608133e-24, 6.92629814431e-24, 4.19902021822e-24, 6.50652119639e-24, 6.87458200109e-24, 6.4099855264e-24, 8.76670116986e-24, 9.28723734906e-24, 7.37303954127e-24], "max": [0.0378834083676, 0.0474817976356, 0.0204261299223, 0.0293424483389, 0.0138491038233, 0.00538138207048, 0.0112679600716, 0.00599336111918, 0.00503410771489, 0.00863184221089, 0.00551401637495, 0.00404743012041, 0.00457233563066, 0.00313108600676, 0.00312954350375, 0.00325624994002, 0.00258063129149, 0.00208359700628, 0.00219933525659, 0.00118448969442, 0.000773412117269, 0.00093598436797, 0.00052987516392, 0.00194341572933, 0.00147285917774, 0.000205855903914, 0.000249398464803, 0.000213399645872, 0.000298364786431, 0.000181167386472, 0.000219872250455, 0.000237189873587, 0.000216245563934, 0.000170838146005, 0.000203949864954, 0.000178186935955, 0.000170652056113, 0.00128970295191, 0.000207353223232, 9.14405682124e-05], "dvar2": [4.83238291054e-05, 8.1421690993e-05, 8.02009981271e-06, 1.26667300719e-05, 1.12319673917e-06, 1.6957835669e-07, 4.9383379519e-07, 2.06906051403e-07, 8.72657608397e-08, 3.31013353616e-07, 9.93442128561e-08, 2.84691239472e-08, 2.03354986184e-08, 2.06599146679e-08, 1.65357363358e-08, 1.01446824274e-08, 1.01947126296e-08, 1.07389901416e-08, 6.28870333585e-09, 2.07589012646e-09, 2.19878626417e-09, 1.39353861783e-09, 1.63946345388e-09, 1.13034237526e-09, 7.16808445933e-10, 4.28074964365e-10, 2.86246554237e-10, 2.11636819181e-10, 2.55925947101e-10, 1.51508403046e-10, 1.91752960732e-10, 1.37051855975e-10, 9.17879591777e-11, 8.05128463899e-11, 5.03948965891e-11, 4.0059854739e-11, 2.32519611204e-11, 3.40122291442e-10, 2.55516146436e-11, 4.49649822584e-12], "median": [6.46591433906e-05, 7.43572745705e-05, 6.63109894958e-05, 4.5858680096e-05, 3.85308812838e-05, 2.63514630205e-05, 2.2116693799e-05, 1.62138312589e-05, 1.20174581753e-05, 8.44041915116e-06, 7.77879267844e-06, 6.59743727738e-06, 5.05835987497e-06, 5.30809211341e-06, 4.30350246461e-06, 3.76405591851e-06, 3.49703032043e-06, 3.64526113117e-06, 2.96189455185e-06, 2.17443539441e-06, 2.44605803346e-06, 1.80876338618e-06, 1.53395137659e-06, 1.33012042625e-06, 8.62505260102e-07, 6.52181142868e-07, 4.99843622492e-07, 4.018023958e-07, 3.21362136901e-07, 2.12763836771e-07, 1.55409551894e-07, 1.55083981213e-07, 1.52175843482e-07, 1.09340462018e-07, 8.07451669971e-08, 8.04432787049e-08, 6.5917824088e-08, 5.7363255479e-08, 5.10211926041e-08, 3.73608344262e-08], "dmean2": [0.00252625253052, 0.00293017202057, 0.0011659899028, 0.0010773310205, 0.000370518682757, 0.000168565326021, 0.000214451603824, 0.000155354617164, 0.000107456711703, 0.000159540199093, 0.000106728279206, 6.11412615399e-05, 5.01819558849e-05, 5.09151141159e-05, 4.50678016932e-05, 4.0709393943e-05, 3.89407978219e-05, 4.12801455241e-05, 3.19277496601e-05, 1.96924720512e-05, 2.26110423682e-05, 1.65876026585e-05, 1.82662588486e-05, 1.16243809316e-05, 9.37481217989e-06, 8.8035594672e-06, 7.11151596988e-06, 5.91988373344e-06, 6.35655851511e-06, 4.76169407193e-06, 4.07969173466e-06, 3.40003566635e-06, 3.09782876684e-06, 2.50350626629e-06, 1.88175772564e-06, 2.09882659874e-06, 1.38606515065e-06, 1.82747237432e-06, 1.60616150424e-06, 8.42148892843e-07], "dmean": [0.00146668590605, 0.00168586161453, 0.000672639929689, 0.000665650237352, 0.000247297721216, 0.000103643447801, 0.000130184445879, 9.52088157646e-05, 6.57184209558e-05, 9.47707885643e-05, 6.61037120153e-05, 3.81130739697e-05, 3.15840188705e-05, 3.16172663588e-05, 2.83855115413e-05, 2.68506955763e-05, 2.5571698643e-05, 2.80110634776e-05, 2.13887778955e-05, 1.2608261386e-05, 1.45295525726e-05, 1.14214481073e-05, 1.20100239656e-05, 7.09469713911e-06, 5.7705801737e-06, 5.06339574713e-06, 4.12062672694e-06, 3.4822166981e-06, 3.63093840861e-06, 2.7168066481e-06, 2.37894414568e-06, 2.04535126613e-06, 1.86203465091e-06, 1.51796803038e-06, 1.1614874893e-06, 1.2572191963e-06, 8.73482747465e-07, 1.1843970924e-06, 9.67151663644e-07, 5.55119186174e-07], "var": [2.15239415411e-05, 2.58105010289e-05, 2.38096959038e-06, 4.55426197732e-06, 8.04864953352e-07, 8.50548573794e-08, 1.63540590847e-07, 8.35929370169e-08, 3.80058438054e-08, 1.05780522119e-07, 6.66556232432e-08, 1.56442858668e-08, 1.48617695928e-08, 1.60806674643e-08, 1.02557811132e-08, 8.12001843542e-09, 8.3305531362e-09, 9.17227360731e-09, 5.09032105356e-09, 1.50601042748e-09, 1.6487435861e-09, 1.18970588936e-09, 1.2106387004e-09, 1.01147989984e-09, 3.93437837864e-10, 1.43706657685e-10, 1.03656402906e-10, 8.27267282455e-11, 8.1453316314e-11, 5.34006588948e-11, 6.570668315e-11, 5.2354280633e-11, 4.04198063908e-11, 3.72867535459e-11, 3.3444049613e-11, 3.33393208873e-11, 2.49196011048e-11, 2.73004729934e-10, 1.94451069829e-11, 5.26054763986e-12], "dvar": [1.91012277355e-05, 3.08751114062e-05, 3.06223910229e-06, 5.11820371685e-06, 5.35999163276e-07, 6.70923583357e-08, 1.87108227578e-07, 8.05774647006e-08, 3.39570540575e-08, 1.20366351553e-07, 3.92517236492e-08, 1.16472396172e-08, 8.71052030504e-09, 8.57443005486e-09, 6.86354573176e-09, 4.62794513822e-09, 4.68429561806e-09, 5.20610576871e-09, 2.88274626392e-09, 8.68617733296e-10, 1.00033614725e-09, 6.48738951448e-10, 7.17890191737e-10, 4.74911110437e-10, 2.89962331923e-10, 1.56209364888e-10, 1.06281150547e-10, 7.90915388738e-11, 9.45121619855e-11, 5.75157352301e-11, 7.20223949924e-11, 5.24767139465e-11, 3.60190766102e-11, 3.11637521344e-11, 2.10285955315e-11, 1.78718914667e-11, 1.0840214143e-11, 1.91522200876e-10, 1.2246770438e-11, 2.24402679598e-12], "mean": [0.00149387365673, 0.00146967254113, 0.000555893289857, 0.000608533795457, 0.000329465343384, 0.000132423097966, 0.000139055860927, 0.000108535772597, 7.72593703005e-05, 0.000100565150206, 8.51748336572e-05, 4.72479587188e-05, 4.25948528573e-05, 4.17742776335e-05, 3.60927770089e-05, 3.46784217982e-05, 3.46806154994e-05, 3.68233995687e-05, 2.9301359973e-05, 1.74239303306e-05, 1.8744607587e-05, 1.55435536726e-05, 1.46503834912e-05, 9.3946191555e-06, 7.23617858966e-06, 5.16969521414e-06, 4.26491214967e-06, 3.71646819985e-06, 3.39862685905e-06, 2.55865506915e-06, 2.29403372032e-06, 2.14907595364e-06, 1.99210580831e-06, 1.72360751094e-06, 1.39148141898e-06, 1.33872504193e-06, 1.03749493974e-06, 1.3353610484e-06, 9.47359183101e-07, 6.30995089068e-07]}, "spectral_entropy": {"min": 4.79360532761, "max": 9.81204795837, "dvar2": 0.185921669006, "median": 7.63754415512, "dmean2": 0.385863363743, "dmean": 0.256739377975, "var": 0.238215178251, "dvar": 0.0817248895764, "mean": 7.62572717667}, "spectral_rolloff": {"min": 43.06640625, "max": 21296.3378906, "dvar2": 17762092, "median": 1399.65820312, "dmean2": 2285.76489258, "dmean": 1291.05944824, "var": 10013922, "dvar": 7857872.5, "mean": 2220.44042969}, "barkbands": {"min": [3.45479069644e-24, 1.77126457369e-23, 4.66503427596e-24, 2.53166882059e-24, 2.80845841856e-23, 3.11940813919e-23, 1.34877260319e-23, 1.32661712912e-23, 3.19408518347e-23, 2.33286964047e-23, 2.60401691082e-23, 3.07730347723e-23, 6.33169171265e-23, 5.1837678291e-23, 1.18420530052e-22, 8.25441205811e-23, 9.12744883954e-23, 1.57293639086e-22, 2.01832145194e-22, 2.31604588794e-22, 3.85086275281e-22, 3.92099008915e-22, 4.0337510029e-22, 7.44405955261e-22, 9.90405602123e-22, 1.38803663382e-21, 2.22510090359e-21], "max": [0.00277478410862, 0.161634162068, 0.0820169895887, 0.034451905638, 0.118889510632, 0.0338632948697, 0.0477844253182, 0.025000764057, 0.0461441129446, 0.033672593534, 0.0309488326311, 0.0251052081585, 0.0253900513053, 0.0243747141212, 0.0297879483551, 0.0160366334021, 0.0133768226951, 0.0289472211152, 0.00871856603771, 0.00621556304395, 0.00667213695124, 0.0095266290009, 0.00924463011324, 0.0459317043424, 0.00783133693039, 0.002531909151, 0.00138745922595], "dvar2": [1.86590128237e-07, 0.000992494518869, 0.000157562637469, 1.91250328498e-05, 0.00021653874137, 4.74574835607e-06, 1.19906271721e-05, 2.58673662756e-06, 1.17104891615e-05, 2.38348479797e-06, 1.03289187336e-06, 1.56275109475e-06, 1.14704641874e-06, 1.10939458864e-06, 1.24109965327e-06, 4.68737340498e-07, 4.63529289618e-07, 4.12558279095e-07, 2.5295602768e-07, 2.20980339805e-07, 2.71820141506e-07, 2.61487798525e-07, 1.68212508811e-07, 5.28754583229e-07, 4.3167684538e-08, 2.98014612099e-07, 1.28503970132e-07], "median": [6.76809713696e-06, 0.000228306365898, 0.000105996863567, 9.85458173091e-05, 0.00023268876248, 0.000143103854498, 9.65602594079e-05, 7.08841034793e-05, 5.90136041865e-05, 5.59316795261e-05, 3.18682541547e-05, 4.31161861343e-05, 3.29545291606e-05, 4.01010365749e-05, 4.10692082369e-05, 3.73598450096e-05, 3.20896724588e-05, 2.93497432722e-05, 1.86324450624e-05, 1.37153701871e-05, 9.45122337725e-06, 8.4956172941e-06, 5.70200973016e-06, 5.43611486137e-06, 3.43990109286e-06, 2.74636249742e-06, 2.92163150561e-07], "dmean2": [0.000153027896886, 0.010948009789, 0.00371191161685, 0.00182467070408, 0.00461018178612, 0.000862800574396, 0.0010642335983, 0.000599180639256, 0.00102697697002, 0.000560140819289, 0.000363470986485, 0.000444276171038, 0.000416660739575, 0.000425141071901, 0.000450945139164, 0.000324018648826, 0.000299473322229, 0.000260531262029, 0.000223190101678, 0.000200508657144, 0.000202059003641, 0.000162745112902, 0.00011972750508, 0.000135548354592, 8.19225388113e-05, 0.000274777441518, 0.000149797328049], "dmean": [0.000106161474832, 0.0062607107684, 0.00203608348966, 0.001030420186, 0.00298575521447, 0.000538837513886, 0.000641325372271, 0.000371371163055, 0.00061507493956, 0.000346085813362, 0.000227638796787, 0.000275971746305, 0.000270472373813, 0.000279704399873, 0.000302872591419, 0.000205146454391, 0.000208880694117, 0.000160130657605, 0.000132057859446, 0.000116972645628, 0.00011614216055, 9.84286889434e-05, 7.42610063753e-05, 8.57604463818e-05, 5.30534816789e-05, 0.000177563211764, 8.96928395377e-05], "var": [1.18710616448e-07, 0.000370102847228, 3.40957449225e-05, 5.19170407642e-06, 9.48719971348e-05, 2.42555825025e-06, 3.82039434044e-06, 1.2678068515e-06, 4.51911137134e-06, 1.31732315367e-06, 7.33685283194e-07, 1.14762303838e-06, 8.52243431382e-07, 9.61859313975e-07, 9.96949438559e-07, 3.43523112178e-07, 4.06493398941e-07, 3.48345110979e-07, 1.04843188353e-07, 8.43497147685e-08, 9.71122204874e-08, 1.11488525079e-07, 1.185374785e-07, 4.64316855187e-07, 4.82502038324e-08, 2.00433419195e-07, 3.9391640172e-08], "dvar": [9.72718012804e-08, 0.000374760740669, 5.51823468413e-05, 7.05160891812e-06, 9.17026336538e-05, 1.9398846689e-06, 4.49968911198e-06, 1.04111995824e-06, 4.30425188824e-06, 9.72935708887e-07, 4.39685408082e-07, 6.3658592353e-07, 5.15256033395e-07, 5.13062730079e-07, 5.79738753004e-07, 2.06712840622e-07, 2.21842157089e-07, 1.70481030182e-07, 9.52369347829e-08, 8.25470323207e-08, 1.02919173628e-07, 1.02100500499e-07, 7.1471696117e-08, 2.89625575078e-07, 2.07004564601e-08, 1.64349827969e-07, 5.04256618683e-08], "mean": [0.000107579755422, 0.00594429858029, 0.00151048006956, 0.00083064858336, 0.00305032357574, 0.000688233412802, 0.000661026220769, 0.000452935928479, 0.000690458808094, 0.000434845016571, 0.000297183258226, 0.000363867526175, 0.000341424776707, 0.000384484621463, 0.000403246842325, 0.000273513578577, 0.000279598782072, 0.000212999279029, 0.00014816779003, 0.000123876234284, 0.000110359105747, 0.000107007537736, 8.88190115802e-05, 9.77039453574e-05, 5.63425237488e-05, 0.000175919587491, 6.44464744255e-05]}, "melbands_flatness_db": {"min": 0.00420171860605, "max": 0.659769415855, "dvar2": 0.00611546589062, "median": 0.190780460835, "dmean2": 0.0703404545784, "dmean": 0.0450167320669, "var": 0.00855143554509, "dvar": 0.00266131525859, "mean": 0.20637626946}, "melbands_skewness": {"min": -4.99081945419, "max": 24.3536624908, "dvar2": 7.04238986969, "median": 2.06330513954, "dmean2": 1.98630166054, "dmean": 1.29846465588, "var": 8.34358119965, "dvar": 3.31589818001, "mean": 2.89409589767}, "barkbands_skewness": {"min": -7.92626571655, "max": 35.0394897461, "dvar2": 7.69674921036, "median": 1.16624820232, "dmean2": 1.7592728138, "dmean": 1.13675737381, "var": 6.64980220795, "dvar": 3.2932677269, "mean": 1.73781251907}, "silence_rate_60dB": {"min": 0, "max": 1, "dvar2": 0.191591605544, "median": 0, "dmean2": 0.21795527637, "dmean": 0.10897257179, "var": 0.234532892704, "dvar": 0.0970930382609, "mean": 0.375621765852}, "spectral_energyband_low": {"min": 3.72962739035e-23, "max": 0.180142909288, "dvar2": 0.00125919340644, "median": 0.000543974165339, "dmean2": 0.0129645522684, "dmean": 0.00756302056834, "var": 0.000553715100978, "dvar": 0.000503833580296, "mean": 0.00785592384636}, "spectral_energyband_middle_low": {"min": 2.59302769975e-22, "max": 0.153629362583, "dvar2": 0.000493084895425, "median": 0.00144740357064, "dmean2": 0.00866067782044, "dmean": 0.00552877923474, "var": 0.000232770733419, "dvar": 0.000208789104363, "mean": 0.0065514142625}, "melbands_kurtosis": {"min": -1.93430089951, "max": 1302.32836914, "dvar2": 7517.30517578, "median": 5.27964401245, "dmean2": 33.8546409607, "dmean": 20.4060707092, "var": 4879.46044922, "dvar": 3214.74487305, "mean": 25.7688331604}, "spectral_decrease": {"min": -5.84957611238e-08, "max": 2.33387476012e-10, "dvar2": 1.12948336271e-16, "median": -1.20047194407e-09, "dmean2": 5.39633848717e-09, "dmean": 3.41781891677e-09, "var": 6.15377112416e-17, "dvar": 4.79305405343e-17, "mean": -4.37479874549e-09}, "erbbands_kurtosis": {"min": -1.84650242329, "max": 144.367858887, "dvar2": 12.1368322372, "median": -0.149849414825, "dmean2": 1.92468905449, "dmean": 1.19916296005, "var": 10.137840271, "dvar": 5.49742031097, "mean": 0.587448060513}, "melbands_crest": {"min": 1.88323163986, "max": 38.1808586121, "dvar2": 32.9979057312, "median": 12.7212839127, "dmean2": 6.44088363647, "dmean": 3.95145821571, "var": 40.8717956543, "dvar": 14.4573755264, "mean": 13.993642807}, "gfcc": {"cov": [[16160.6533203, -2685.05395508, 346.426391602, 71.4565353394, -899.211608887, 198.023406982, -356.969726562, -259.519073486, -434.582580566, 6.5454750061, -322.612609863, -130.301422119, -202.618362427], [-2685.05395508, 2619.20507812, -619.023925781, 176.136199951, 243.775177002, -166.72227478, 197.043746948, 7.51977109909, 173.836044312, -121.342666626, 129.324493408, -80.8972625732, 92.4317474365], [346.426391602, -619.023925781, 1938.09814453, 114.182296753, 316.281188965, 289.733001709, 110.427116394, 156.397491455, -19.0061149597, 125.379440308, -55.9463348389, 43.4613418579, -100.926452637], [71.4565353394, 176.136199951, 114.182296753, 562.029724121, -13.0877037048, 125.269081116, 41.5879211426, 9.97256374359, 28.8228244781, -13.2334527969, 26.8550624847, -30.7346401215, 41.7125816345], [-899.211608887, 243.775177002, 316.281188965, -13.0877037048, 667.563293457, 28.1782836914, 206.481567383, 122.351020813, 75.2652816772, 89.1172561646, -1.71821665764, 60.7448348999, -37.0996551514], [198.023406982, -166.72227478, 289.733001709, 125.269081116, 28.1782836914, 297.720306396, 61.9142189026, 73.8442459106, 18.633272171, 52.5932807922, 32.3655052185, 7.39670276642, 0.877493679523], [-356.969726562, 197.043746948, 110.427116394, 41.5879211426, 206.481567383, 61.9142189026, 260.780059814, 120.519493103, 67.5585861206, 62.3763885498, 42.6219215393, 12.4597845078, -5.85560655594], [-259.519073486, 7.51977109909, 156.397491455, 9.97256374359, 122.351020813, 73.8442459106, 120.519493103, 208.256317139, 81.2835159302, 70.1382064819, 33.6800727844, 24.050157547, -2.33963489532], [-434.582580566, 173.836044312, -19.0061149597, 28.8228244781, 75.2652816772, 18.633272171, 67.5585861206, 81.2835159302, 124.851287842, 46.1018180847, 33.1194190979, 11.0833854675, 20.6112174988], [6.5454750061, -121.342666626, 125.379440308, -13.2334527969, 89.1172561646, 52.5932807922, 62.3763885498, 70.1382064819, 46.1018180847, 131.397888184, 46.9644470215, 42.2939147949, -4.04961013794], [-322.612609863, 129.324493408, -55.9463348389, 26.8550624847, -1.71821665764, 32.3655052185, 42.6219215393, 33.6800727844, 33.1194190979, 46.9644470215, 111.254745483, 26.0288257599, 27.488286972], [-130.301422119, -80.8972625732, 43.4613418579, -30.7346401215, 60.7448348999, 7.39670276642, 12.4597845078, 24.050157547, 11.0833854675, 42.2939147949, 26.0288257599, 98.0289611816, 21.1593933105], [-202.618362427, 92.4317474365, -100.926452637, 41.7125816345, -37.0996551514, 0.877493679523, -5.85560655594, -2.33963489532, 20.6112174988, -4.04961013794, 27.488286972, 21.1593933105, 80.0109863281]], "icov": [[8.74948746059e-05, 5.60363805562e-05, 1.74932138179e-05, -4.73498512292e-05, 0.000104923463368, -3.52664865204e-05, -4.77946414321e-05, 2.47380266956e-05, 0.000176834830199, -0.000173317210283, 0.000212955783354, 5.24101269548e-05, 0.00010850156832], [5.60363805562e-05, 0.000728175858967, 0.000102811674878, -0.000145240672282, -0.000323790358379, 0.000319788669003, -0.000385905092116, 0.000282447494101, -0.000750693201553, 0.00105466123205, -0.000945787527598, 0.0006810912746, -0.000275956146652], [1.74932138179e-05, 0.000102811674878, 0.000789559620898, -0.000187340687262, -0.000269695534371, -0.000560889660846, 6.26374967396e-05, -0.000341684353771, 0.000427931168815, -0.000382311351132, 0.000531609694008, -0.000175766122993, 0.000629099900834], [-4.73498512292e-05, -0.000145240672282, -0.000187340687262, 0.00227839592844, -1.11231984192e-05, -0.000920231221244, -0.000207160701393, 0.000379477016395, -0.000467013451271, 0.00052076211432, -0.000324845808791, 0.000826858100481, -0.00133577466477], [0.000104923463368, -0.000323790358379, -0.000269695534371, -1.11231984192e-05, 0.00278928456828, 0.000159900810104, -0.00157526263501, -5.11671714776e-05, -0.000127174716908, -0.00122588616796, 0.00180978386197, -0.00175580999348, 0.00129345653113], [-3.52664865204e-05, 0.000319788669003, -0.000560889660846, -0.000920231221244, 0.000159900810104, 0.00502171041444, -0.000555385777261, -0.000922114413697, 0.000154709850904, -0.000388041778933, -0.00141119456384, 0.000623051542789, -0.000474480824778], [-4.77946414321e-05, -0.000385905092116, 6.26374967396e-05, -0.000207160701393, -0.00157526263501, -0.000555385777261, 0.00707246968523, -0.00258242734708, -0.0001660023554, -0.000887415197212, -0.00129853771068, 0.00093222031137, 0.000426982529461], [2.47380266956e-05, 0.000282447494101, -0.000341684353771, 0.000379477016395, -5.11671714776e-05, -0.000922114413697, -0.00258242734708, 0.00899391062558, -0.00442182831466, -0.000690354325343, -0.000403800571803, -0.0004499310744, 0.000529759854544], [0.000176834830199, -0.000750693201553, 0.000427931168815, -0.000467013451271, -0.000127174716908, 0.000154709850904, -0.0001660023554, -0.00442182831466, 0.0146622415632, -0.00468241469935, 0.00110815034714, 0.00112416886259, -0.00279586738907], [-0.000173317210283, 0.00105466123205, -0.000382311351132, 0.00052076211432, -0.00122588616796, -0.000388041778933, -0.000887415197212, -0.000690354325343, -0.00468241469935, 0.0157320275903, -0.00644406815991, -0.00291938171722, 0.00192807917483], [0.000212955783354, -0.000945787527598, 0.000531609694008, -0.000324845808791, 0.00180978386197, -0.00141119456384, -0.00129853771068, -0.000403800571803, 0.00110815034714, -0.00644406815991, 0.0156258456409, -0.00263443938456, -0.00206366064958], [5.24101269548e-05, 0.0006810912746, -0.000175766122993, 0.000826858100481, -0.00175580999348, 0.000623051542789, 0.00093222031137, -0.0004499310744, 0.00112416886259, -0.00291938171722, -0.00263443938456, 0.0152518646792, -0.00563850672916], [0.00010850156832, -0.000275956146652, 0.000629099900834, -0.00133577466477, 0.00129345653113, -0.000474480824778, 0.000426982529461, 0.000529759854544, -0.00279586738907, 0.00192807917483, -0.00206366064958, -0.00563850672916, 0.0182514172047]], "mean": [-89.5534286499, 81.4467544556, -111.330619812, 15.7503461838, -40.73072052, 4.85217285156, -33.9191169739, 4.81836509705, -19.4090442657, 1.74917757511, -15.8539886475, 3.4006485939, -12.3573226929]}, "melbands_spread": {"min": 0.203702941537, "max": 295.991821289, "dvar2": 947.688598633, "median": 21.2480316162, "dmean2": 19.9576244354, "dmean": 12.3883857727, "var": 765.782958984, "dvar": 419.646942139, "mean": 26.9995441437}, "spectral_energy": {"min": 1.03471166563e-20, "max": 0.231206402183, "dvar2": 0.00169614364859, "median": 0.00512419920415, "dmean2": 0.0213037859648, "dmean": 0.0136624984443, "var": 0.000966789608356, "dvar": 0.000728936051019, "mean": 0.0179001130164}, "mfcc": {"cov": [[15140.1650391, -1833.0880127, -184.013778687, -39.0323181152, -781.133056641, 118.348724365, -279.047424316, -318.762542725, -294.886138916, -92.6400299072, -233.683380127, -289.453552246, -331.61227417], [-1833.0880127, 1765.64086914, -272.772155762, 148.688552856, 138.536651611, -64.1414718628, 83.6385879517, 95.1754760742, 76.2453536987, 43.4383583069, 66.9373931885, 56.9668006897, 62.2953453064], [-184.013778687, -272.772155762, 1278.49487305, 102.691421509, 179.45010376, 166.836517334, 128.271713257, 70.4537963867, 40.0546188354, 78.3130111694, 34.9057617188, -1.94972157478, 10.4701948166], [-39.0323181152, 148.688552856, 102.691421509, 399.289855957, 104.268104553, 85.7970733643, 76.9081497192, 48.9448814392, 67.2131347656, 25.7511444092, 29.4559211731, 28.7926139832, 29.2666339874], [-781.133056641, 138.536651611, 179.45010376, 104.268104553, 352.660430908, 97.7696456909, 105.270782471, 65.0989685059, 95.5637512207, 32.6983451843, 32.2174415588, 54.1115989685, 40.3419113159], [118.348724365, -64.1414718628, 166.836517334, 85.7970733643, 97.7696456909, 218.109298706, 90.218536377, 36.0462150574, 30.4586238861, 21.1227493286, 23.2761497498, 15.8090305328, 17.4091529846], [-279.047424316, 83.6385879517, 128.271713257, 76.9081497192, 105.270782471, 90.218536377, 217.864349365, 82.3506240845, 73.3543395996, 66.4529418945, 69.0643310547, 57.7437591553, 37.7024688721], [-318.762542725, 95.1754760742, 70.4537963867, 48.9448814392, 65.0989685059, 36.0462150574, 82.3506240845, 132.705688477, 72.8151855469, 49.1254348755, 42.599571228, 33.9354934692, 27.9250106812], [-294.886138916, 76.2453536987, 40.0546188354, 67.2131347656, 95.5637512207, 30.4586238861, 73.3543395996, 72.8151855469, 143.814804077, 64.771194458, 45.7725372314, 42.7707824707, 29.0130977631], [-92.6400299072, 43.4383583069, 78.3130111694, 25.7511444092, 32.6983451843, 21.1227493286, 66.4529418945, 49.1254348755, 64.771194458, 132.261901855, 63.0431251526, 30.0665626526, 26.8812351227], [-233.683380127, 66.9373931885, 34.9057617188, 29.4559211731, 32.2174415588, 23.2761497498, 69.0643310547, 42.599571228, 45.7725372314, 63.0431251526, 101.92339325, 55.8669624329, 25.9703006744], [-289.453552246, 56.9668006897, -1.94972157478, 28.7926139832, 54.1115989685, 15.8090305328, 57.7437591553, 33.9354934692, 42.7707824707, 30.0665626526, 55.8669624329, 98.5156555176, 55.7412490845], [-331.61227417, 62.2953453064, 10.4701948166, 29.2666339874, 40.3419113159, 17.4091529846, 37.7024688721, 27.9250106812, 29.0130977631, 26.8812351227, 25.9703006744, 55.7412490845, 96.3342056274]], "icov": [[9.35025163926e-05, 7.29284220142e-05, 2.41328616539e-05, -7.30483516236e-05, 0.000182805975783, -0.000134368994622, -8.32752175484e-06, 8.62128581502e-05, 2.35224633798e-05, -0.000134359084768, 0.000156167516252, -3.7267422158e-05, 0.00023014213366], [7.29284220142e-05, 0.000750963576138, 0.000218897970626, -0.00030065968167, -0.000192852050532, 0.000332046067342, -0.000156883193995, -0.000299638486467, 0.000182290619705, -9.43539926084e-05, -0.000240522596869, 0.000274235761026, -0.000120422184409], [2.41328616539e-05, 0.000218897970626, 0.00101490307134, -0.000143179859151, -0.000428728119005, -0.000373807182768, -0.000240772380494, -0.000293886987492, 0.000457831076346, -0.000562188331969, -3.97780895582e-05, 0.000523649912793, 2.79427476926e-05], [-7.30483516236e-05, -0.00030065968167, -0.000143179859151, 0.00312268175185, -0.00033125616028, -0.000787415890954, -0.000201386748813, -3.68610963051e-05, -0.00101223029196, 0.000505913165398, -0.000211304606637, 0.000168638303876, -0.000496558030136], [0.000182805975783, -0.000192852050532, -0.000428728119005, -0.00033125616028, 0.00479410775006, -0.00142965232953, -0.000639383099042, 0.000273168698186, -0.00220665265806, 0.000472907559015, 0.00138259120286, -0.0015818728134, 0.000398202217184], [-0.000134368994622, 0.000332046067342, -0.000373807182768, -0.000787415890954, -0.00142965232953, 0.00685335462913, -0.00211936002597, -0.000314792792778, 0.000553506193683, 0.000629666552413, -0.000781218230259, 0.00122380361427, -0.000956441042945], [-8.32752175484e-06, -0.000156883193995, -0.000240772380494, -0.000201386748813, -0.000639383099042, -0.00211936002597, 0.00850617140532, -0.00239770766348, -0.000366760737961, -0.00113263074309, -0.00205568550155, -0.00178543012589, 0.000190640988876], [8.62128581502e-05, -0.000299638486467, -0.000293886987492, -3.68610963051e-05, 0.000273168698186, -0.000314792792778, -0.00239770766348, 0.0124000450596, -0.00416587665677, -0.000561373424716, -0.000850096577778, 0.000346756482031, -0.000740095914807], [2.35224633798e-05, 0.000182290619705, 0.000457831076346, -0.00101223029196, -0.00220665265806, 0.000553506193683, -0.000366760737961, -0.00416587665677, 0.0131335174665, -0.00413327896968, 0.000130110391183, -0.00181809510104, 0.000610867398791], [-0.000134359084768, -9.43539926084e-05, -0.000562188331969, 0.000505913165398, 0.000472907559015, 0.000629666552413, -0.00113263074309, -0.000561373424716, -0.00413327896968, 0.0134911481291, -0.00703985942528, 0.00316901667975, -0.0026554975193], [0.000156167516252, -0.000240522596869, -3.97780895582e-05, -0.000211304606637, 0.00138259120286, -0.000781218230259, -0.00205568550155, -0.000850096577778, 0.000130110391183, -0.00703985942528, 0.0209041777998, -0.0102859660983, 0.00361624965444], [-3.7267422158e-05, 0.000274235761026, 0.000523649912793, 0.000168638303876, -0.0015818728134, 0.00122380361427, -0.00178543012589, 0.000346756482031, -0.00181809510104, 0.00316901667975, -0.0102859660983, 0.0228452701122, -0.010156834498], [0.00023014213366, -0.000120422184409, 2.79427476926e-05, -0.000496558030136, 0.000398202217184, -0.000956441042945, 0.000190640988876, -0.000740095914807, 0.000610867398791, -0.0026554975193, 0.00361624965444, -0.010156834498, 0.0170035678893]], "mean": [-737.905822754, 123.142028809, -8.31937408447, 16.1027450562, 10.2264909744, 2.84723758698, -1.42438018322, 2.14765763283, -0.262914150953, -0.107568860054, -0.30459305644, -0.72196418047, -1.09273254871]}, "spectral_contrast_valleys": {"min": [-27.7084102631, -28.1848068237, -27.730512619, -27.4446792603, -27.3490104675, -27.3872699738], "max": [-4.8332028389, -4.34804964066, -4.62432432175, -5.34627246857, -5.32646608353, -7.08131027222], "dvar2": [0.561779499054, 0.686193525791, 0.613490402699, 0.656933426857, 0.948477685452, 1.18159151077], "median": [-8.1262140274, -7.48293542862, -7.98561286926, -8.28437042236, -8.33597755432, -10.8199977875], "dmean2": [0.839000701904, 0.836444735527, 0.762150466442, 0.720930933952, 0.745983064175, 0.785363197327], "dmean": [0.549724638462, 0.547463595867, 0.51580530405, 0.512585401535, 0.536193490028, 0.63812482357], "var": [1.65035820007, 1.45408058167, 1.4404758215, 1.56420993805, 1.82922649384, 2.73497962952], "dvar": [0.289019137621, 0.341261327267, 0.313815951347, 0.337369054556, 0.453910440207, 0.600761592388], "mean": [-8.2582988739, -7.54651403427, -7.97839975357, -8.21142482758, -8.35927867889, -11.0925130844]}, "barkbands_flatness_db": {"min": 0.0141871990636, "max": 0.523629009724, "dvar2": 0.00385470571928, "median": 0.121200695634, "dmean2": 0.0561294555664, "dmean": 0.0355850085616, "var": 0.00423371652141, "dvar": 0.00160734634846, "mean": 0.134217366576}, "dynamic_complexity": 6.66205692291, "erbbands_flatness_db": {"min": 0.0251711681485, "max": 0.403513431549, "dvar2": 0.00159792485647, "median": 0.15056784451, "dmean2": 0.0384698882699, "dmean": 0.0282889064401, "var": 0.00327421235852, "dvar": 0.000885653425939, "