{"lowlevel": {"spectral_complexity": {"min": 0, "max": 63, "dvar2": 63.8114509583, "median": 13, "dmean2": 6.61470222473, "dmean": 4.85008859634, "var": 242.546569824, "dvar": 40.7876625061, "mean": 17.334903717}, "silence_rate_20dB": {"min": 1, "max": 1, "dvar2": 0, "median": 1, "dmean2": 0, "dmean": 0, "var": 0, "dvar": 0, "mean": 1}, "average_loudness": 0.871740043163, "erbbands_spread": {"min": 0.812833666801, "max": 197.348526001, "dvar2": 406.140594482, "median": 36.2342605591, "dmean2": 17.3340702057, "dmean": 11.2235107422, "var": 480.947967529, "dvar": 173.73425293, "mean": 40.1424636841}, "spectral_kurtosis": {"min": -1.32634794712, "max": 66.7031555176, "dvar2": 21.2192268372, "median": 3.20440769196, "dmean2": 2.65750956535, "dmean": 1.65584909916, "var": 19.0129852295, "dvar": 8.35482692719, "mean": 4.34326267242}, "barkbands_kurtosis": {"min": -1.9363553524, "max": 2242.22607422, "dvar2": 21835.7714844, "median": 0.556493520737, "dmean2": 24.1518192291, "dmean": 13.8491830826, "var": 7648.20898438, "dvar": 7914.69482422, "mean": 13.446852684}, "spectral_strongpeak": {"min": 0, "max": 14.9765205383, "dvar2": 1.27443504333, "median": 0.343583196402, "dmean2": 0.740917861462, "dmean": 0.439232707024, "var": 0.850769817829, "dvar": 0.500028967857, "mean": 0.674697875977}, "spectral_spread": {"min": 1122580.125, "max": 42802508, "dvar2": 1457989615620.0, "median": 5026651.5, "dmean2": 939308.6875, "dmean": 640606.625, "var": 3652825382910.0, "dvar": 752726900736, "mean": 5072936}, "spectral_rms": {"min": 3.15979946201e-12, "max": 0.0123371854424, "dvar2": 2.86116346615e-06, "median": 0.00311225978658, "dmean2": 0.00134638603777, "dmean": 0.000970943423454, "var": 5.78553272135e-06, "dvar": 1.63350523508e-06, "mean": 0.00342232384719}, "erbbands": {"min": [5.33527910513e-22, 1.72188670885e-21, 8.51241713297e-21, 1.33187840095e-20, 1.70153717721e-20, 1.4325038885e-19, 1.02168405566e-19, 1.55555902458e-19, 1.94251670007e-19, 2.16046030916e-19, 4.03039617563e-19, 3.8535054111e-19, 7.0115370087e-19, 1.72221423037e-18, 2.36910855367e-18, 2.1353241515e-18, 1.79695206666e-18, 2.20422933051e-18, 3.08547302033e-18, 4.01028369263e-18, 5.81966807711e-18, 6.72724609571e-18, 6.91616132631e-18, 8.76588937721e-18, 1.06191337729e-17, 7.47895102686e-18, 1.16302454393e-17, 1.60420645215e-17, 1.64837078311e-17, 1.38160114781e-17, 1.38338181952e-17, 1.47068428116e-17, 1.39072916859e-17, 9.05363077074e-18, 6.76781227372e-18, 5.19501064342e-18, 2.70301469038e-18, 1.18929453873e-18, 2.84155772361e-19, 2.875796474e-20], "max": [1.24137425423, 16.8707046509, 57.1993637085, 137.89994812, 91.5349960327, 175.685760498, 223.8203125, 256.725921631, 259.204498291, 789.605651855, 660.928161621, 1004.00958252, 1114.90197754, 750.937561035, 3388.71826172, 7460.03564453, 1117.68286133, 1492.2878418, 1882.25390625, 1069.28710938, 634.139221191, 564.398071289, 753.317199707, 459.153411865, 390.350524902, 208.490447998, 316.375701904, 261.623077393, 183.273391724, 178.390411377, 133.590240479, 82.4788742065, 85.68699646, 77.4091110229, 23.8181095123, 8.69330024719, 1.29079544544, 0.327237069607, 0.0500611402094, 0.00213372008875], "dvar2": [0.0463158600032, 14.3179130554, 107.680732727, 420.457733154, 174.901626587, 282.139099121, 209.62171936, 149.143966675, 234.036148071, 1466.83654785, 2871.09863281, 3542.3503418, 3183.15722656, 2656.01977539, 6537.35742188, 6083.64599609, 3584.5637207, 3021.19799805, 3977.29711914, 4242.11767578, 2115.03808594, 1191.81066895, 1652.42736816, 502.467010498, 479.285552979, 252.544250488, 217.67578125, 113.92401123, 154.064651489, 110.518867493, 33.375, 14.2898340225, 9.0285358429, 4.09635591507, 0.623804867268, 0.0512959808111, 0.00510829268023, 0.000745875004213, 1.13129481178e-05, 2.68430522254e-08], "median": [0.00185971113387, 0.0305581931025, 0.219592779875, 0.412113785744, 0.856837630272, 2.24879622459, 2.25872945786, 1.67889022827, 1.96524739265, 3.57336068153, 3.99103116989, 4.12409973145, 4.39289665222, 4.52356386185, 6.14635372162, 6.59046125412, 7.14679288864, 7.63780546188, 8.99173736572, 9.56520271301, 7.21687698364, 5.6519408226, 6.02332162857, 5.28364992142, 4.71929836273, 4.0616774559, 3.03481769562, 2.38624119759, 2.35423612595, 1.94260299206, 1.33665752411, 0.917544364929, 0.588717222214, 0.317584812641, 0.146402791142, 0.0548321455717, 0.0105077773333, 0.0014077774249, 0.0001368096855, 3.09832357743e-05], "dmean2": [0.0848935544491, 1.40460121632, 4.95606184006, 7.99743270874, 5.3526558876, 8.49955654144, 7.43537330627, 5.72407913208, 7.13057613373, 16.5029907227, 21.5558223724, 19.6432685852, 20.2738761902, 21.9945964813, 27.1162052155, 25.7238101959, 27.2085857391, 25.6174240112, 30.8200588226, 32.2838973999, 22.6544857025, 16.3520908356, 18.7602958679, 13.0600719452, 11.9173698425, 9.50389480591, 8.42293167114, 5.85028553009, 6.47395277023, 5.35198783875, 2.90712451935, 2.00649690628, 1.39249002934, 0.760582983494, 0.302667170763, 0.105706498027, 0.0332366414368, 0.0104415696114, 0.00129178038333, 8.55821199366e-05], "dmean": [0.0531364046037, 0.796490848064, 3.07123541832, 5.08930635452, 3.13113999367, 4.98264694214, 4.55378913879, 3.61107969284, 4.52189159393, 10.2758960724, 13.4238395691, 12.2855920792, 12.5621824265, 13.5317134857, 16.8840103149, 16.9766387939, 17.1833171844, 16.1563262939, 19.2010154724, 20.6884460449, 14.229850769, 10.3618164062, 11.9576129913, 8.36704158783, 8.09886646271, 6.57263088226, 5.67198038101, 4.27672052383, 4.26413059235, 3.45737409592, 2.14743471146, 1.4585288763, 1.02829229832, 0.561527132988, 0.223915427923, 0.0834729298949, 0.0268516335636, 0.00807371269912, 0.00123971747234, 7.68928512116e-05], "var": [0.034572687, 4.25887918472, 49.8801498413, 229.349212646, 53.6223182678, 117.518699646, 126.927810669, 107.235115051, 170.189758301, 1114.16967773, 1932.93078613, 2276.34960938, 2023.42016602, 1912.76220703, 4552.68457031, 12589.6787109, 3314.75170898, 2384.25195312, 3075.89575195, 4179.71044922, 1763.66943359, 899.936523438, 1299.12451172, 565.533508301, 468.749481201, 334.525939941, 268.364746094, 172.95211792, 158.960281372, 100.033813477, 43.9574890137, 20.8570346832, 15.0827999115, 7.25864124298, 1.15045011044, 0.119238227606, 0.0121463006362, 0.00124730635434, 2.77814669971e-05, 7.00629243511e-08], "dvar": [0.0240946635604, 5.13494348526, 48.3570518494, 205.362716675, 63.6376190186, 102.972488403, 80.2777633667, 59.6312904358, 95.1789016724, 594.771728516, 1120.72998047, 1335.49609375, 1230.63134766, 1026.78112793, 2678.765625, 3967.49853516, 1430.10412598, 1177.53393555, 1557.59082031, 1685.84020996, 842.616516113, 463.610931396, 693.26348877, 219.388336182, 224.27104187, 129.661758423, 106.711433411, 59.2162322998, 64.2532806396, 45.4971885681, 16.7631378174, 7.30812883377, 4.59251689911, 2.06353783607, 0.324833124876, 0.0305567663163, 0.00329501321539, 0.000415262620663, 9.46234467847e-06, 2.43060185312e-08], "mean": [0.0630512759089, 0.686371743679, 2.73944544792, 4.87573862076, 3.37972784042, 6.17519378662, 6.41528701782, 5.54130649567, 6.76726865768, 15.1134710312, 19.7687568665, 18.7873191833, 19.0266284943, 20.8244800568, 26.930475235, 28.2713546753, 29.3932285309, 26.9689445496, 32.1549224854, 36.3691558838, 24.7160205841, 18.0919094086, 19.8563461304, 15.2246828079, 13.0407848358, 11.517621994, 9.94020748138, 7.805103302, 7.41626596451, 5.94875049591, 3.92644500732, 2.70948934555, 1.90319144726, 1.11792361736, 0.476404041052, 0.175984188914, 0.0553641878068, 0.0151455961168, 0.00204172660597, 0.00012912802049]}, "zerocrossingrate": {"min": 0, "max": 0.52197265625, "dvar2": 0.000433367822552, "median": 0.0693359375, "dmean2": 0.0190862026066, "dmean": 0.0170988906175, "var": 0.00275228964165, "dvar": 0.000390527042327, "mean": 0.0787610411644}, "spectral_contrast_coeffs": {"min": [-0.96673220396, -0.976142346859, -0.982493937016, -0.970689177513, -0.970994889736, -0.96040225029], "max": [-0.247887909412, -0.342378050089, -0.415678918362, -0.506109178066, -0.535034835339, -0.551623940468], "dvar2": [0.0059319101274, 0.00474448362365, 0.00306022330187, 0.00220460700803, 0.00138694036286, 0.00195899605751], "median": [-0.62716114521, -0.766011178493, -0.805704295635, -0.7992233634, -0.810923755169, -0.774430215359], "dmean2": [0.0948906093836, 0.0829223096371, 0.066574268043, 0.0551017411053, 0.0399462208152, 0.035401750356], "dmean": [0.0607443153858, 0.0519471913576, 0.0421510599554, 0.0354558266699, 0.0262568555772, 0.0231694336981], "var": [0.0128271328285, 0.00932188145816, 0.00653514778242, 0.00458700070158, 0.0034155335743, 0.00262940395623], "dvar": [0.00270073418505, 0.00199226895347, 0.00138138746843, 0.00101595115848, 0.000715287227649, 0.000847528746817], "mean": [-0.625873565674, -0.753499031067, -0.792471051216, -0.791096746922, -0.803546190262, -0.776257693768]}, "dissonance": {"min": 0.220073252916, "max": 0.500000178814, "dvar2": 0.000881550193299, "median": 0.481471985579, "dmean2": 0.0268602427095, "dmean": 0.0162235144526, "var": 0.000745771161746, "dvar": 0.000345757667674, "mean": 0.472818911076}, "spectral_energyband_high": {"min": 7.53803956885e-21, "max": 0.0194708947092, "dvar2": 8.99569442936e-07, "median": 0.000341921695508, "dmean2": 0.00057523563737, "dmean": 0.000434953690274, "var": 2.03173181035e-06, "dvar": 5.37613175311e-07, "mean": 0.000934927258641}, "spectral_skewness": {"min": -0.729619085789, "max": 6.47282218933, "dvar2": 0.2615865767, "median": 1.38033974171, "dmean2": 0.401263892651, "dmean": 0.25900182128, "var": 0.313916087151, "dvar": 0.112458117306, "mean": 1.48458230495}, "spectral_flux": {"min": 6.68277863602e-11, "max": 0.364319592714, "dvar2": 0.00359631096944, "median": 0.0661530718207, "dmean2": 0.0482473485172, "dmean": 0.0304372441024, "var": 0.0035457527265, "dvar": 0.00158337608445, "mean": 0.0767474770546}, "silence_rate_30dB": {"min": 0, "max": 1, "dvar2": 0.0163086969405, "median": 1, "dmean2": 0.0110151693225, "dmean": 0.00550732761621, "var": 0.00293130637147, "dvar": 0.00547716254368, "mean": 0.997059762478}, "spectral_energyband_middle_high": {"min": 1.26412766397e-21, "max": 0.154619082808, "dvar2": 2.2257634555e-05, "median": 0.00222291843966, "dmean2": 0.00291230529547, "dmean": 0.00203602784313, "var": 5.29579338036e-05, "dvar": 1.06130764834e-05, "mean": 0.00528778275475}, "barkbands_spread": {"min": 0.045916814357, "max": 125.479385376, "dvar2": 220.87852478, "median": 24.9018135071, "dmean2": 13.6429986954, "dmean": 8.74195384979, "var": 272.481536865, "dvar": 97.0941925049, "mean": 26.7444381714}, "spectral_centroid": {"min": 75.3652801514, "max": 11725.2705078, "dvar2": 428123.375, "median": 1652.98413086, "dmean2": 592.626281738, "dmean": 399.471862793, "var": 713889.8125, "dvar": 206664.359375, "mean": 1672.29406738}, "pitch_salience": {"min": 0.0295112412423, "max": 0.963353574276, "dvar2": 0.0275204796344, "median": 0.597148478031, "dmean2": 0.173239737749, "dmean": 0.106853328645, "var": 0.0237131305039, "dvar": 0.0112955784425, "mean": 0.570703446865}, "erbbands_skewness": {"min": -6.84511804581, "max": 8.77439022064, "dvar2": 0.911662399769, "median": 0.0624375082552, "dmean2": 0.758459210396, "dmean": 0.487965285778, "var": 0.912358403206, "dvar": 0.377668619156, "mean": 0.180943325162}, "erbbands_crest": {"min": 2.21196174622, "max": 32.7345123291, "dvar2": 19.6773548126, "median": 6.62377405167, "dmean2": 4.30411863327, "dmean": 2.61281847954, "var": 18.8641281128, "dvar": 7.95842027664, "mean": 7.87297201157}, "melbands": {"min": [5.44550919532e-24, 3.89070261089e-24, 2.57033424621e-24, 4.57934149911e-24, 4.01917334247e-24, 3.27313515984e-24, 2.77904495085e-24, 2.25986975392e-24, 2.92224864591e-24, 2.50044965027e-24, 3.27861261554e-24, 6.13203196417e-24, 7.64971514884e-24, 5.33636752807e-24, 3.26036547394e-24, 3.57193141327e-24, 4.62599197203e-24, 5.36795430758e-24, 2.95403540165e-24, 4.73218763823e-24, 6.16078239429e-24, 6.17696548133e-24, 8.33877726094e-24, 4.32440374265e-24, 7.10639193353e-24, 5.70893943386e-24, 6.73554842199e-24, 4.01608061329e-24, 5.65429977212e-24, 6.4856124381e-24, 8.44025790551e-24, 8.14964312575e-24, 7.90899795117e-24, 7.32370023596e-24, 7.71761161809e-24, 7.44395182576e-24, 8.38330609246e-24, 8.93730417353e-24, 8.99477584592e-24, 7.74770350618e-24], "max": [0.0157353803515, 0.0220600180328, 0.0204116925597, 0.00709171872586, 0.00607663113624, 0.00530146993697, 0.00511389318854, 0.0070538148284, 0.00562090985477, 0.00557922432199, 0.0056366561912, 0.00329291378148, 0.00856376904994, 0.0169042740017, 0.00908594578505, 0.00208433018997, 0.00313147506677, 0.00399128301069, 0.00156546826474, 0.00133520876989, 0.000806552590802, 0.000493202416692, 0.000709530722816, 0.00039807005669, 0.000445188983576, 0.000200071677682, 0.000414232636103, 0.000112677800644, 0.000183202748303, 0.00017961562844, 0.000134975896799, 0.000125392514747, 0.000120314391097, 0.000102311634691, 8.89791917871e-05, 6.65499537718e-05, 5.62898858334e-05, 5.07733311679e-05, 0.000116561903269, 4.65473131044e-05], "dvar2": [8.61324497237e-06, 2.4411458071e-05, 8.9154982561e-06, 1.04692799141e-06, 2.79882328869e-07, 7.32009297622e-08, 5.93015094807e-08, 1.8553689074e-07, 1.94908736262e-07, 1.21861447155e-07, 8.67089440248e-08, 4.93483156561e-08, 7.91763525854e-08, 5.2569109954e-08, 3.51934659193e-08, 1.5480141613e-08, 1.30564794532e-08, 1.55003831992e-08, 8.41498071225e-09, 5.48220357999e-09, 3.55821394571e-09, 1.60149926653e-09, 1.56630175496e-09, 1.05016029206e-09, 3.58734764117e-10, 3.09954895084e-10, 3.45289880022e-10, 1.15056256189e-10, 9.05044789112e-11, 7.74721189978e-11, 4.11241943277e-11, 6.12509695741e-11, 5.52663956266e-11, 3.06957098628e-11, 1.2991090842e-11, 1.01032559055e-11, 5.59735894787e-12, 5.17662041705e-12, 5.25853709535e-12, 2.91390371034e-12], "median": [2.03501658689e-05, 0.000101333556813, 8.85234330781e-05, 0.000119304721011, 9.44568382693e-05, 3.80578821932e-05, 2.9724344131e-05, 3.9301423385e-05, 2.94034161925e-05, 2.33247919823e-05, 1.95928405446e-05, 1.69310005731e-05, 1.85763638001e-05, 1.57008817041e-05, 1.51258755068e-05, 1.4049784113e-05, 1.27147832245e-05, 1.34198089654e-05, 1.16982137115e-05, 1.02977192e-05, 7.31094769435e-06, 5.23965900356e-06, 5.53977952222e-06, 4.860644367e-06, 3.93914024244e-06, 3.37643155035e-06, 3.12503107125e-06, 2.34872391047e-06, 1.85081819382e-06, 1.45959222664e-06, 1.295885113e-06, 1.34815945785e-06, 1.1083428717e-06, 1.02678302483e-06, 7.51253139697e-07, 6.65172706249e-07, 4.95218159813e-07, 4.22308374937e-07, 3.24738408608e-07, 2.41136660861e-07], "dmean2": [0.00112661533058, 0.00241707451642, 0.00121925387066, 0.000482660921989, 0.000288921466563, 0.000129733452923, 0.000116283859825, 0.000194979729713, 0.000174376167706, 0.000121329860121, 0.000105041239294, 9.20579113881e-05, 0.000101828838524, 7.56294466555e-05, 7.19799936633e-05, 5.66637390875e-05, 5.19112581969e-05, 5.82149186812e-05, 4.58050999441e-05, 3.74552219e-05, 2.82280361716e-05, 1.87912373804e-05, 1.82740568562e-05, 1.6045934899e-05, 1.09887914732e-05, 1.0037564607e-05, 8.580521353e-06, 6.36906770524e-06, 5.59676072953e-06, 4.55464896731e-06, 3.50126515514e-06, 4.05938271797e-06, 3.56101941179e-06, 2.90003845294e-06, 1.77759989128e-06, 1.6265701106e-06, 1.21057200886e-06, 1.0809288824e-06, 8.68739789439e-07, 6.28378018064e-07], "dmean": [0.000657766591758, 0.00146970804781, 0.0007807846996, 0.000279398722341, 0.000175711174961, 8.18040716695e-05, 7.38434537197e-05, 0.000120697019156, 0.000108479995106, 7.55241635488e-05, 6.48967979942e-05, 5.63821122341e-05, 6.27336776233e-05, 4.82669929625e-05, 4.64077165816e-05, 3.53696341335e-05, 3.22393898387e-05, 3.58566576324e-05, 2.90230545943e-05, 2.36841387959e-05, 1.74158194568e-05, 1.16086121125e-05, 1.16603332572e-05, 1.00604420368e-05, 6.92216781317e-06, 6.56272823107e-06, 5.79838706471e-06, 4.29904730481e-06, 3.70859311261e-06, 3.07891218654e-06, 2.5217188977e-06, 2.68172243523e-06, 2.20130846174e-06, 1.89915806459e-06, 1.29356590151e-06, 1.16015667118e-06, 8.47335684284e-07, 7.71641111896e-07, 6.3435015818e-07, 4.49285721515e-07], "var": [3.90169316233e-06, 1.00627694337e-05, 5.14568910148e-06, 3.59049181498e-07, 1.66634862353e-07, 5.36957713848e-08, 4.42225100983e-08, 1.37844963888e-07, 1.34209230396e-07, 7.92396974703e-08, 5.40744693467e-08, 3.36476233542e-08, 5.56913590799e-08, 8.73273364732e-08, 4.31654818556e-08, 1.29472041976e-08, 8.87278872597e-09, 1.01350785542e-08, 7.45862127616e-09, 5.13418774162e-09, 2.35959096706e-09, 1.03044506261e-09, 1.18014553685e-09, 8.43985548116e-10, 3.70719205334e-10, 2.58662119501e-10, 2.94557628289e-10, 1.34462663226e-10, 1.0329346406e-10, 8.00127950007e-11, 5.73730056519e-11, 5.90230503361e-11, 3.94277978322e-11, 2.94258263589e-11, 1.56665305728e-11, 1.12257078633e-11, 7.05110145618e-12, 7.2544943143e-12, 8.35552287082e-12, 4.56886221564e-12], "dvar": [3.45917942468e-06, 1.0289491911e-05, 4.42434611614e-06, 3.73447448965e-07, 1.06702110259e-07, 2.92288628856e-08, 2.41041089311e-08, 7.37147516361e-08, 7.61091740742e-08, 4.61234677118e-08, 3.34499929977e-08, 1.90240569964e-08, 3.24292663834e-08, 2.69065107972e-08, 1.816567341e-08, 6.04325789411e-09, 5.05052133448e-09, 5.94918780905e-09, 3.26589733035e-09, 2.18474727198e-09, 1.37450784088e-09, 6.03056049542e-10, 6.56918852648e-10, 4.32907543146e-10, 1.52518886409e-10, 1.34398200902e-10, 1.57920204691e-10, 5.70043838521e-11, 4.27932203562e-11, 3.54286183724e-11, 2.10458560301e-11, 2.56577484953e-11, 2.08305230703e-11, 1.32772508266e-11, 6.36309841623e-12, 4.84764051817e-12, 2.65234318883e-12, 2.48108087894e-12, 2.61855836493e-12, 1.41422127915e-12], "mean": [0.000666870910209, 0.00132543081418, 0.000781787035521, 0.000334454962285, 0.000247864954872, 0.000125623017084, 0.000110073517135, 0.000177706795512, 0.000160288909683, 0.000113064794277, 9.51074398472e-05, 8.33276790217e-05, 9.44067942328e-05, 7.70161277615e-05, 7.24137862562e-05, 5.7479388488e-05, 4.93707993883e-05, 5.42424786545e-05, 4.85068194394e-05, 3.97040275857e-05, 2.69901884167e-05, 1.82538133231e-05, 1.85205608432e-05, 1.6430289179e-05, 1.19089572763e-05, 1.002701174e-05, 9.19632930163e-06, 7.06855053068e-06, 6.17865680397e-06, 5.15797592016e-06, 4.35291349277e-06, 4.41402153228e-06, 3.56596092388e-06, 3.21549146065e-06, 2.28077783504e-06, 1.97276949621e-06, 1.52369045736e-06, 1.35142408908e-06, 1.17451008919e-06, 8.71045358508e-07]}, "spectral_entropy": {"min": 4.64414548874, "max": 9.8115196228, "dvar2": 0.158072963357, "median": 7.88192415237, "dmean2": 0.32437235117, "dmean": 0.221248179674, "var": 0.285412698984, "dvar": 0.0729950144887, "mean": 7.7647819519}, "spectral_rolloff": {"min": 21.533203125, "max": 18927.6855469, "dvar2": 2791254.25, "median": 1830.32226562, "dmean2": 1338.68383789, "dmean": 852.102600098, "var": 4089916.5, "dvar": 1487907.875, "mean": 2231.38696289}, "barkbands": {"min": [5.54708253105e-24, 1.33313485569e-23, 1.31123536699e-23, 1.45822378001e-24, 4.26116628591e-23, 1.47444082751e-23, 1.58308448688e-23, 1.42132950489e-23, 1.50175766071e-23, 2.16147793367e-23, 6.15564825086e-23, 4.41436465142e-23, 3.58492978995e-23, 6.90249316209e-23, 3.39368592515e-23, 1.1365371497e-22, 1.05753758943e-22, 1.11797430597e-22, 1.93548499844e-22, 1.35455735176e-22, 3.13741392091e-22, 5.25977464043e-22, 4.75223238873e-22, 8.28332677641e-22, 9.57226390128e-22, 1.43929436682e-21, 2.20633383954e-21], "max": [0.00109016650822, 0.067141354084, 0.0841726735234, 0.0426796227694, 0.0353835113347, 0.0247034244239, 0.0337398350239, 0.0345565788448, 0.0393628254533, 0.0354717858136, 0.0507496111095, 0.144943892956, 0.022444576025, 0.041165586561, 0.017951419577, 0.0127489324659, 0.0100348582491, 0.0122748110443, 0.00762743828818, 0.00558561598882, 0.00650986423716, 0.00483169732615, 0.00452229753137, 0.00374266668223, 0.00578892650083, 0.00112003693357, 0.000291631207801], "dvar2": [3.15742703094e-08, 0.000187199708307, 0.000160700292327, 3.08448943542e-05, 1.61284515343e-05, 2.23037909564e-06, 2.45580849878e-06, 5.75501599087e-06, 6.81121400703e-06, 3.80013193535e-06, 4.06080835091e-06, 3.03965884996e-06, 1.66691063441e-06, 1.96531300389e-06, 1.35867526296e-06, 8.6861825821e-07, 4.21439182219e-07, 4.88778141516e-07, 1.63858501878e-07, 1.30063071424e-07, 9.81263212907e-08, 1.2512795422e-07, 4.94563110465e-08, 2.86527335192e-08, 2.01783798559e-08, 1.54754375981e-09, 3.98468674723e-10], "median": [1.72597592609e-05, 8.93986289157e-05, 0.000203793912078, 9.77554154815e-05, 0.000653105962556, 0.000210406404221, 0.000145629499457, 0.000156387366587, 0.00016820122255, 0.00010568297148, 0.000116679366329, 0.00014654151164, 0.000140861156979, 0.000167449310538, 0.000149272076669, 0.000136263319291, 9.43498744164e-05, 0.000107787724119, 9.52990958467e-05, 8.70827861945e-05, 6.45887121209e-05, 6.51063382975e-05, 5.16911677551e-05, 3.86758765671e-05, 2.47087064054e-05, 7.64627020544e-06, 8.43457200972e-07], "dmean2": [6.71498419251e-05, 0.00508199352771, 0.00553929246962, 0.00202121934853, 0.00207593548112, 0.000738861155696, 0.000711031083483, 0.00100635457784, 0.00089915987337, 0.000681321602315, 0.000745503290091, 0.000652496411931, 0.000594483513851, 0.000657295982819, 0.000602854823228, 0.000478743138956, 0.000310560397338, 0.00034489313839, 0.000238269392867, 0.000204893469345, 0.00017486824072, 0.000180063463631, 0.000116756651551, 8.55208418216e-05, 5.27116426383e-05, 1.88941467059e-05, 8.43921679916e-06], "dmean": [4.52473395853e-05, 0.00291321799159, 0.0034648233559, 0.00125689001288, 0.00122870272025, 0.00045854144264, 0.000448626757134, 0.00061535264831, 0.000558659434319, 0.000414928770624, 0.000457013375126, 0.000424855359597, 0.000372005597455, 0.000408616149798, 0.000375644100131, 0.000300291081658, 0.000192395891645, 0.000217957844143, 0.00015792735212, 0.000140614953125, 0.00012116227299, 0.000118455718621, 8.32772493595e-05, 6.3151725044e-05, 3.97124349547e-05, 1.56735059136e-05, 7.52990126784e-06], "var": [1.71627796419e-08, 6.8190303864e-05, 8.27447074698e-05, 1.25368578665e-05, 6.86062412569e-06, 1.52748896198e-06, 1.87292425835e-06, 3.79855623578e-06, 4.49251319878e-06, 2.39690371018e-06, 2.68206849796e-06, 6.94031723469e-06, 1.424918878e-06, 1.2968126839e-06, 1.17654599308e-06, 7.30993917841e-07, 2.74866550853e-07, 4.12563935015e-07, 1.73386780489e-07, 1.53009438009e-07, 1.28397928734e-07, 1.23334885416e-07, 6.37135215698e-08, 4.71243879474e-08, 3.84876877035e-08, 4.11000655731e-09, 9.58485846247e-10], "dvar": [1.53507890843e-08, 7.02354882378e-05, 7.63530915719e-05, 1.31809410959e-05, 5.9095823417e-06, 8.79800893472e-07, 1.00515285339e-06, 2.20761421588e-06, 2.5903864298e-06, 1.44497107613e-06, 1.59810224432e-06, 1.75350362497e-06, 6.5275378347e-07, 7.61446415254e-07, 5.25929635842e-07, 3.44623003912e-07, 1.59470786798e-07, 2.07826175824e-07, 7.40963841395e-08, 6.39615009845e-08, 4.82900333054e-08, 5.14368529991e-08, 2.44253097748e-08, 1.47569858555e-08, 1.04226929309e-08, 1.03372865823e-09, 3.18249371301e-10], "mean": [5.18153392477e-05, 0.0027290834114, 0.0030406981241, 0.00117043487262, 0.00162180676125, 0.000679075019434, 0.000646781409159, 0.000860448984895, 0.000838821346406, 0.000595784629695, 0.000664785737172, 0.000689174281433, 0.000608889851719, 0.000621276034508, 0.000620537670329, 0.000496480730362, 0.000307752197841, 0.000360224803444, 0.000265478010988, 0.000243341215537, 0.00021602572815, 0.000205005300813, 0.000152568594785, 0.000118850068247, 8.3385479229e-05, 3.31319279212e-05, 1.24607104226e-05]}, "melbands_flatness_db": {"min": 0.00345877930522, "max": 0.747954547405, "dvar2": 0.00477969925851, "median": 0.148092076182, "dmean2": 0.0645271241665, "dmean": 0.0425695329905, "var": 0.00921895354986, "dvar": 0.00213828566484, "mean": 0.170068487525}, "melbands_skewness": {"min": -5.9059381485, "max": 26.4427318573, "dvar2": 6.65742254257, "median": 1.92577409744, "dmean2": 1.91130757332, "dmean": 1.21684324741, "var": 7.24838781357, "dvar": 2.80969405174, "mean": 2.67077255249}, "barkbands_skewness": {"min": -11.3748207092, "max": 28.8540287018, "dvar2": 6.13664388657, "median": 0.951450109482, "dmean2": 1.50724220276, "dmean": 0.95805478096, "var": 6.50102615356, "dvar": 2.58295989037, "mean": 1.52438652515}, "silence_rate_60dB": {"min": 0, "max": 1, "dvar2": 0.160585537553, "median": 0, "dmean2": 0.180350065231, "dmean": 0.0901708230376, "var": 0.198422804475, "dvar": 0.0820542126894, "mean": 0.272926688194}, "spectral_energyband_low": {"min": 3.61908368061e-23, "max": 0.104786470532, "dvar2": 0.000436820817413, "median": 0.000579036830459, "dmean2": 0.010894020088, "dmean": 0.00672131590545, "var": 0.000220966248889, "dvar": 0.000196042630705, "mean": 0.00667346967384}, "spectral_energyband_middle_low": {"min": 1.62392267998e-22, "max": 0.06260728091, "dvar2": 9.23288898775e-05, "median": 0.00332749239169, "dmean2": 0.00527066504583, "dmean": 0.00338543462567, "var": 5.98819897277e-05, "dvar": 3.79476005037e-05, "mean": 0.00598250934854}, "melbands_kurtosis": {"min": -1.95439636707, "max": 1400.86706543, "dvar2": 6366.70800781, "median": 4.52089595795, "dmean2": 29.1105079651, "dmean": 17.2764816284, "var": 3925.6628418, "dvar": 2421.48950195, "mean": 22.3096599579}, "spectral_decrease": {"min": -3.66045895817e-08, "max": 9.73793814232e-29, "dvar2": 3.06379327822e-17, "median": -2.32332908467e-09, "dmean2": 3.53717233281e-09, "dmean": 2.36726482861e-09, "var": 2.93130475212e-17, "dvar": 1.53462732775e-17, "mean": -4.31368496479e-09}, "erbbands_kurtosis": {"min": -1.90666842461, "max": 88.1240615845, "dvar2": 41.6729469299, "median": -0.123499631882, "dmean2": 2.3497197628, "dmean": 1.41796195507, "var": 17.1492996216, "dvar": 15.688211441, "mean": 0.813225865364}, "melbands_crest": {"min": 1.68630301952, "max": 38.0160903931, "dvar2": 32.1691665649, "median": 12.8828363419, "dmean2": 6.79287099838, "dmean": 4.1619310379, "var": 40.8476028442, "dvar": 13.9755220413, "mean": 13.8134622574}, "gfcc": {"cov": [[22355.2792969, -740.243041992, -1934.31237793, -96.5737533569, -1278.0090332, 20.8034286499, -492.225524902, -156.812866211, -307.283752441, -137.838546753, -350.5625, -149.179916382, -225.183731079], [-740.243041992, 2067.99560547, 98.4898452759, -33.9480743408, 306.049560547, -258.706939697, 113.116188049, -71.357383728, 42.4744873047, -151.619003296, 19.0367965698, -137.944992065, 20.5933227539], [-1934.31237793, 98.4898452759, 1473.12060547, 516.73260498, 336.852111816, 240.913330078, 112.124847412, 20.1427345276, 32.937789917, -1.75264024734, -61.1226005554, -14.428771019, -49.7114906311], [-96.5737533569, -33.9480743408, 516.73260498, 650.431640625, 279.865142822, 128.52243042, 62.977519989, 34.3249015808, 84.9470672607, 10.9624986649, -4.0915389061, -17.2758159637, 26.4156665802], [-1278.0090332, 306.049560547, 336.852111816, 279.865142822, 558.224060059, 115.378570557, 216.299377441, 45.7516555786, 81.3887634277, 9.3773021698, -6.66155767441, -10.1043100357, -12.8692855835], [20.8034286499, -258.706939697, 240.913330078, 128.52243042, 115.378570557, 334.034881592, 132.015640259, 88.8145599365, 16.1242351532, 48.8044586182, 4.02664899826, 9.34244632721, -23.4320774078], [-492.225524902, 113.116188049, 112.124847412, 62.977519989, 216.299377441, 132.015640259, 283.588989258, 69.0403747559, 53.7018928528, 22.4045658112, 24.9440860748, -3.93511795998, -19.8124732971], [-156.812866211, -71.357383728, 20.1427345276, 34.3249015808, 45.7516555786, 88.8145599365, 69.0403747559, 177.527313232, 101.083488464, 64.9327545166, 29.9357032776, 19.9569416046, 10.3144330978], [-307.283752441, 42.4744873047, 32.937789917, 84.9470672607, 81.3887634277, 16.1242351532, 53.7018928528, 101.083488464, 169.782119751, 62.2206840515, 50.7030639648, -0.736435234547, 33.2344779968], [-137.838546753, -151.619003296, -1.75264024734, 10.9624986649, 9.3773021698, 48.8044586182, 22.4045658112, 64.9327545166, 62.2206840515, 125.282463074, 55.5098419189, 42.7553863525, -3.79347705841], [-350.5625, 19.0367965698, -61.1226005554, -4.0915389061, -6.66155767441, 4.02664899826, 24.9440860748, 29.9357032776, 50.7030639648, 55.5098419189, 129.038314819, 44.0996665955, 44.3123664856], [-149.179916382, -137.944992065, -14.428771019, -17.2758159637, -10.1043100357, 9.34244632721, -3.93511795998, 19.9569416046, -0.736435234547, 42.7553863525, 44.0996665955, 97.566444397, 30.674654007], [-225.183731079, 20.5933227539, -49.7114906311, 26.4156665802, -12.8692855835, -23.4320774078, -19.8124732971, 10.3144330978, 33.2344779968, -3.79347705841, 44.3123664856, 30.674654007, 108.504104614]], "icov": [[7.6156866271e-05, -5.24235401826e-05, 0.000163900534972, -0.00020091139595, 0.000246273208177, -0.000177589929081, 9.72894576989e-06, 7.37560985726e-05, -6.06828252785e-05, 1.54367517098e-05, 0.000273868034128, -0.000143055440276, 0.000225352108828], [-5.24235401826e-05, 0.000886776368134, -0.00030061689904, 0.000470009050332, -0.000785652897321, 0.000986001687124, -0.000228083939874, -0.00025118215126, 0.000141726210131, 0.000746528035961, -0.00107850937638, 0.00136260385625, -0.00038934481563], [0.000163900534972, -0.00030061689904, 0.00147635058966, -0.00119938887656, 0.000446309451945, -0.00110288837459, 0.000166672441992, 0.000485579541419, -0.00036945354077, 0.000126729268231, 0.00112191820517, -0.00102482840884, 0.00111376307905], [-0.00020091139595, 0.000470009050332, -0.00119938887656, 0.00340612186119, -0.00192205025814, 0.000161434043548, 0.000664001971018, 9.35708667384e-05, -0.000731949752662, 0.000213557155803, -0.00105185376015, 0.00149555900134, -0.00172722723801], [0.000246273208177, -0.000785652897321, 0.000446309451945, -0.00192205025814, 0.00470325117931, -0.00101018021815, -0.00224039843306, 0.00103888835292, -0.00144231354352, -0.00015921589511, 0.00233174022287, -0.00211447104812, 0.00124617083929], [-0.000177589929081, 0.000986001687124, -0.00110288837459, 0.000161434043548, -0.00101018021815, 0.0064171301201, -0.00217106565833, -0.00298463646322, 0.00294153904542, -0.0011688969098, -0.00137734157033, 0.00225157244131, -0.000962881720625], [9.72894576989e-06, -0.000228083939874, 0.000166672441992, 0.000664001971018, -0.00224039843306, -0.00217106565833, 0.006681477651, -0.000960468314588, -0.000760828959756, 0.00114512373693, -0.00168545159977, 5.92240503465e-05, 0.00149958475959], [7.37560985726e-05, -0.00025118215126, 0.000485579541419, 9.35708667384e-05, 0.00103888835292, -0.00298463646322, -0.000960468314588, 0.0115431034938, -0.00694820517674, -0.00156597862951, 0.00228070514277, -0.00272022024728, 0.000517492182553], [-6.06828252785e-05, 0.000141726210131, -0.00036945354077, -0.000731949752662, -0.00144231354352, 0.00294153904542, -0.000760828959756, -0.00694820517674, 0.0146477092057, -0.00535125704482, -0.0027805021964, 0.00597388995811, -0.00438510626554], [1.54367517098e-05, 0.000746528035961, 0.000126729268231, 0.000213557155803, -0.00015921589511, -0.0011688969098, 0.00114512373693, -0.00156597862951, -0.00535125704482, 0.0169169660658, -0.0051840711385, -0.00535003934056, 0.00584320677444], [0.000273868034128, -0.00107850937638, 0.00112191820517, -0.00105185376015, 0.00233174022287, -0.00137734157033, -0.00168545159977, 0.00228070514277, -0.0027805021964, -0.0051840711385, 0.0151941431686, -0.00491489423439, -0.00314760254696], [-0.000143055440276, 0.00136260385625, -0.00102482840884, 0.00149555900134, -0.00211447104812, 0.00225157244131, 5.92240503465e-05, -0.00272022024728, 0.00597388995811, -0.00535003934056, -0.00491489423439, 0.0187536869198, -0.00619566114619], [0.000225352108828, -0.00038934481563, 0.00111376307905, -0.00172722723801, 0.00124617083929, -0.000962881720625, 0.00149958475959, 0.000517492182553, -0.00438510626554, 0.00584320677444, -0.00314760254696, -0.00619566114619, 0.0154375201091]], "mean": [-59.6786766052, 57.503452301, -122.917549133, 25.165594101, -55.7649154663, 12.9218330383, -39.0914993286, 2.22540640831, -23.5972251892, 0.380959421396, -17.1735649109, -2.75901484489, -11.722743988]}, "melbands_spread": {"min": 0.208643183112, "max": 306.951538086, "dvar2": 736.460876465, "median": 28.2960205078, "dmean2": 20.8186016083, "dmean": 13.5015897751, "var": 810.119934082, "dvar": 351.601379395, "mean": 33.1729202271}, "spectral_energy": {"min": 1.02339407386e-20, "max": 0.156011283398, "dvar2": 0.000445745245088, "median": 0.00992831494659, "dmean2": 0.0137012321502, "dmean": 0.00929162744433, "var": 0.00047799028107, "dvar": 0.000227953263675, "mean": 0.0179351381958}, "mfcc": {"cov": [[20697.0273438, -211.51083374, -1461.30151367, -477.8487854, -987.986572266, -264.70123291, -540.160949707, -225.732681274, -288.850585938, -144.121078491, -221.443786621, -262.698272705, -257.062683105], [-211.51083374, 1798.84606934, -111.367416382, 104.222183228, 25.2634239197, -102.522392273, 19.6999702454, -10.1022548676, -16.9611358643, -36.1217765808, -25.3739700317, -42.1184616089, -37.1786727905], [-1461.30151367, -111.367416382, 1096.84716797, 283.046173096, 280.293060303, 204.891235352, 99.9258041382, 79.5560913086, 69.4847640991, 41.1415061951, 2.90371322632, 19.0595722198, 9.19642829895], [-477.8487854, 104.222183228, 283.046173096, 546.960021973, 279.659454346, 143.225479126, 53.0030212402, 58.6650505066, 93.481338501, 25.6364841461, -7.18073606491, 40.8625717163, 27.361164093], [-987.986572266, 25.2634239197, 280.293060303, 279.659454346, 365.931427002, 155.119293213, 79.7357025146, 75.2398757935, 104.355712891, 51.0785675049, 15.8768358231, 42.368724823, 28.4446849823], [-264.70123291, -102.522392273, 204.891235352, 143.225479126, 155.119293213, 272.331970215, 163.53994751, 88.30418396, 69.9591751099, 38.022644043, 26.4337348938, 22.6333389282, 7.72507715225], [-540.160949707, 19.6999702454, 99.9258041382, 53.0030212402, 79.7357025146, 163.53994751, 221.493438721, 109.930793762, 59.7931671143, 38.7534255981, 38.7892875671, 29.1761474609, 14.0010471344], [-225.732681274, -10.1022548676, 79.5560913086, 58.6650505066, 75.2398757935, 88.30418396, 109.930793762, 140.335021973, 90.574836731, 45.5580062866, 32.2018890381, 30.963388443, 22.2291870117], [-288.850585938, -16.9611358643, 69.4847640991, 93.481338501, 104.355712891, 69.9591751099, 59.7931671143, 90.574836731, 148.255493164, 81.6627655029, 32.5852470398, 35.3985824585, 23.139585495], [-144.121078491, -36.1217765808, 41.1415061951, 25.6364841461, 51.0785675049, 38.022644043, 38.7534255981, 45.5580062866, 81.6627655029, 112.883911133, 63.7047615051, 36.0955543518, 25.4540748596], [-221.443786621, -25.3739700317, 2.90371322632, -7.18073606491, 15.8768358231, 26.4337348938, 38.7892875671, 32.2018890381, 32.5852470398, 63.7047615051, 105.262649536, 62.0361404419, 36.1290626526], [-262.698272705, -42.1184616089, 19.0595722198, 40.8625717163, 42.368724823, 22.6333389282, 29.1761474609, 30.963388443, 35.3985824585, 36.0955543518, 62.0361404419, 101.294342041, 62.1339569092], [-257.062683105, -37.1786727905, 9.19642829895, 27.361164093, 28.4446849823, 7.72507715225, 14.0010471344, 22.2291870117, 23.139585495, 25.4540748596, 36.1290626526, 62.1339569092, 83.3126068115]], "icov": [[6.91384630045e-05, -2.27479972637e-06, 7.82312854426e-05, -5.37771702511e-05, 0.000211287711863, -0.000226258809562, 0.000298941478832, -0.00020019254589, 0.000147044949699, -0.000184920761967, 0.000162337659276, -6.46402986604e-05, 0.000166822996107], [-2.27479972637e-06, 0.000637845718302, 7.22436307115e-05, -0.000257373321801, -0.000167711012182, 0.000699107185937, -0.000596949073952, 0.000124339698232, -4.6421548177e-05, 0.000245608127443, -0.000253379170317, 0.000365375191905, 0.000188993100892], [7.82312854426e-05, 7.22436307115e-05, 0.0013175313361, -0.000326456036419, -0.000391466426663, -0.000730032625142, 0.000457882561022, -0.000598156591877, 0.000753956788685, -0.000628708396107, 0.000414206559071, 6.66974256092e-06, 0.000317478086799], [-5.37771702511e-05, -0.000257373321801, -0.000326456036419, 0.00340196676552, -0.00202586059459, -0.000787209020928, 0.000520455709193, 0.000350679008989, -0.00105062697548, 0.000726882717572, 0.000863724155352, -0.00100946903694, -0.000330355134793], [0.000211287711863, -0.000167711012182, -0.000391466426663, -0.00202586059459, 0.00658743735403, -0.00242948275991, 0.00133444531821, -0.000515395135153, -0.00136949529406, -0.000925859145354, 0.001094687148, -0.000998542178422, 0.000108293905214], [-0.000226258809562, 0.000699107185937, -0.000730032625142, -0.000787209020928, -0.00242948275991, 0.0100971171632, -0.00718713272363, 0.00143780431245, -0.00127972464543, 0.00127922277898, -0.0015519654844, 0.00127006345429, 0.000360818259651], [0.000298941478832, -0.000596949073952, 0.000457882561022, 0.000520455709193, 0.00133444531821, -0.00718713272363, 0.0133063867688, -0.00792053714395, 0.00293186563067, -0.00167772115674, 0.000141206372064, -0.00137120066211, 0.00118214951362], [-0.00020019254589, 0.000124339698232, -0.000598156591877, 0.000350679008989, -0.000515395135153, 0.00143780431245, -0.00792053714395, 0.0186905786395, -0.0103689674288, 0.00389105570503, -0.00244304258376, 0.00111218728125, -0.00230349460617], [0.000147044949699, -4.6421548177e-05, 0.000753956788685, -0.00105062697548, -0.00136949529406, -0.00127972464543, 0.00293186563067, -0.0103689674288, 0.0204720199108, -0.0130044929683, 0.0056663332507, -0.0032905950211, 0.00183901994023], [-0.000184920761967, 0.000245608127443, -0.000628708396107, 0.000726882717572, -0.000925859145354, 0.00127922277898, -0.00167772115674, 0.00389105570503, -0.0130044929683, 0.0236998964101, -0.0131421592087, 0.00451657781377, -0.00248728436418], [0.000162337659276, -0.000253379170317, 0.000414206559071, 0.000863724155352, 0.001094687148, -0.0015519654844, 0.000141206372064, -0.00244304258376, 0.0056663332507, -0.0131421592087, 0.023636167869, -0.0124947186559, 0.00196666945703], [-6.46402986604e-05, 0.000365375191905, 6.66974256092e-06, -0.00100946903694, -0.000998542178422, 0.00127006345429, -0.00137120066211, 0.00111218728125, -0.0032905950211, 0.00451657781377, -0.0124947186559, 0.0264121647924, -0.0142943384126], [0.000166822996107, 0.000188993100892, 0.000317478086799, -0.000330355134793, 0.000108293905214, 0.000360818259651, 0.00118214951362, -0.00230349460617, 0.00183901994023, -0.00248728436418, 0.00196666945703, -0.0142943384126, 0.0230779331177]], "mean": [-697.778381348, 90.5344390869, -8.00897216797, 13.1228704453, 3.58589267731, 6.96074104309, -2.44334340096, 0.00280627585016, -2.79913043976, 0.321490854025, -2.06952190399, -3.11072659492, -2.08237457275]}, "spectral_contrast_valleys": {"min": [-27.5594406128, -27.8175830841, -27.5533561707, -27.4132614136, -27.3460330963, -27.3656787872], "max": [-5.29505348206, -4.80758047104, -4.91192102432, -5.35663890839, -5.49733877182, -7.61103057861], "dvar2": [0.73880136013, 0.687411010265, 0.683688223362, 0.712469518185, 0.776059269905, 0.397091329098], "median": [-8.32950687408, -7.25210762024, -7.61288785934, -7.74497890472, -7.65736913681, -9.8797416687], "dmean2": [0.932342946529, 0.815411388874, 0.72849214077, 0.687705278397, 0.665424883366, 0.509088456631], "dmean": [0.64166021347, 0.552663385868, 0.507217764854, 0.488162606955, 0.490817427635, 0.413757383823], "var": [2.43192958832, 2.57257986069, 2.7108027935, 2.63838005066, 2.61033678055, 2.63999843597], "dvar": [0.429141074419, 0.378188997507, 0.375259071589, 0.392271280289, 0.427888154984, 0.275676518679], "mean": [-8.5751581192, -7.64086437225, -7.90548229218, -8.0113697052, -7.98501968384, -10.3462581635]}, "barkbands_flatness_db": {"min": 0.0168966464698, "max": 0.60182929039, "dvar2": 0.00316981319338, "median": 0.0999931544065, "dmean2": 0.0495938025415, "dmean": 0.0318414606154, "var": 0.00523497583345, "dvar": 0.00136343750637, "mean": 0.117435090244}, "dynamic_complexity": 5.8427901268, "erbbands_flatness_db": {"min": 0.0283721163869, "max": 0.43239185214, "dvar2": 0.00113270932343, "median": 0.137420803308, "dmean2": 0.0318693034351, "dmean": 0.0222082901746, "var": 0.0029703148175, "dvar": 0.000584859924857, "mean": 0.149575158954}, "hfc": {"min": 1.15580901436e-16, 