{"lowlevel": {"spectral_complexity": {"min": 0, "max": 63, "dvar2": 62.6666603088, "median": 19, "dmean2": 7.15556049347, "dmean": 4.74529981613, "var": 190.334289551, "dvar": 31.3472518921, "mean": 21.0540771484}, "silence_rate_20dB": {"min": 1, "max": 1, "dvar2": 0, "median": 1, "dmean2": 0, "dmean": 0, "var": 0, "dvar": 0, "mean": 1}, "average_loudness": 0.88915514946, "erbbands_spread": {"min": 1.40963304043, "max": 191.398391724, "dvar2": 443.379425049, "median": 45.2999153137, "dmean2": 18.6594181061, "dmean": 12.3516025543, "var": 634.377075195, "dvar": 197.018203735, "mean": 48.7819480896}, "spectral_kurtosis": {"min": -1.22092139721, "max": 59.8592262268, "dvar2": 4.56430482864, "median": 2.11308097839, "dmean2": 1.41516590118, "dmean": 0.886867702007, "var": 5.75815010071, "dvar": 1.81090569496, "mean": 2.56891846657}, "barkbands_kurtosis": {"min": -1.96616172791, "max": 275.880828857, "dvar2": 328.005432129, "median": -0.112249612808, "dmean2": 6.61575460434, "dmean": 4.03333091736, "var": 149.980316162, "dvar": 126.773490906, "mean": 3.49921655655}, "spectral_strongpeak": {"min": 0, "max": 20.3957061768, "dvar2": 4.64625358582, "median": 0.2284745574, "dmean2": 1.10821175575, "dmean": 0.649974048138, "var": 3.093760252, "dvar": 1.80518770218, "mean": 0.884992957115}, "spectral_spread": {"min": 778358.125, "max": 41344172, "dvar2": 1093304582140.0, "median": 5137988, "dmean2": 902540.5, "dmean": 667060.25, "var": 3775299846140.0, "dvar": 583221051392, "mean": 5384419}, "spectral_rms": {"min": 3.18458150475e-12, "max": 0.0107888160273, "dvar2": 2.99516864288e-06, "median": 0.00435344921425, "dmean2": 0.00139407231472, "dmean": 0.000929224712308, "var": 3.61195293408e-06, "dvar": 1.39219946504e-06, "mean": 0.00434437068179}, "erbbands": {"min": [2.70515096146e-22, 2.51706617535e-21, 3.52867373328e-21, 5.71077215023e-21, 3.89208899228e-20, 5.50742861822e-20, 3.69703495707e-20, 8.86128152566e-20, 1.89889339176e-19, 5.61931707453e-19, 5.08617021842e-19, 3.92836525653e-19, 9.44048411807e-19, 9.21199305144e-19, 1.36358687047e-18, 2.1216028795e-18, 2.10573652138e-18, 1.7640763936e-18, 2.86148967445e-18, 3.86271177622e-18, 4.68412321759e-18, 4.80923304447e-18, 7.75897565244e-18, 5.08918694611e-18, 9.34666446582e-18, 1.01107220986e-17, 1.05788211257e-17, 1.08715024419e-17, 1.31485743311e-17, 1.37017439211e-17, 1.58388791846e-17, 1.28176458378e-17, 1.10922967997e-17, 9.35426873719e-18, 7.17772907089e-18, 4.23386606271e-18, 2.82419354819e-18, 9.57289505463e-19, 2.73853496326e-19, 2.48152164282e-20], "max": [3.4730463028, 23.182384491, 61.3568840027, 83.732963562, 202.648696899, 265.449890137, 268.423187256, 524.96496582, 903.567504883, 895.731994629, 987.334716797, 657.297790527, 1027.44299316, 1270.51904297, 1671.1517334, 873.303405762, 1074.43322754, 1330.84472656, 4101.30761719, 1812.78442383, 1176.20910645, 1188.93493652, 647.63861084, 972.442810059, 881.114562988, 680.101867676, 721.089355469, 665.018371582, 487.025268555, 511.718688965, 206.638687134, 88.5566177368, 134.22857666, 52.7527313232, 35.2853965759, 26.5780887604, 8.16231918335, 1.54148733616, 0.187676936388, 0.0227272100747], "dvar2": [0.248498946428, 21.4710922241, 134.07232666, 181.526016235, 1008.93658447, 1207.80749512, 177.835952759, 545.883850098, 1683.52331543, 1917.0513916, 1791.38256836, 1331.8840332, 1293.22851562, 2079.73901367, 2954.50390625, 1354.91418457, 1832.63549805, 3693.72241211, 48031.25, 9924.66699219, 2014.80236816, 2005.82397461, 1671.46325684, 2015.83679199, 1878.18151855, 2655.80126953, 2327.31469727, 1212.60876465, 664.963867188, 533.66003418, 278.977081299, 43.9719924927, 22.2238674164, 4.64696502686, 7.28335380554, 0.389193236828, 0.0223200768232, 0.00106029887684, 2.19533867494e-05, 4.08388444839e-07], "median": [0.11015817523, 0.498077839613, 0.957450151443, 1.53913533688, 2.14552283287, 2.27330088615, 2.36897873878, 2.91353535652, 3.675999403, 4.27157211304, 5.12220001221, 5.03285121918, 5.08912420273, 4.55136013031, 4.9473156929, 5.97742557526, 7.27420854568, 8.38775730133, 8.71048259735, 8.52031517029, 6.89962053299, 9.02412986755, 11.0321369171, 14.2353420258, 14.2786645889, 14.8991012573, 14.5439357758, 12.3103094101, 8.85501384735, 8.71505641937, 6.10707712173, 1.37823033333, 0.662908554077, 0.520088374615, 0.592020630836, 0.14328956604, 0.0181071311235, 0.0035675058607, 0.000400264776545, 5.31529913133e-05], "dmean2": [0.270444452763, 1.9002790451, 4.29475259781, 5.86827135086, 12.6990737915, 12.9059906006, 6.38584136963, 7.64161109924, 12.1393470764, 16.3354148865, 16.3540859222, 14.4456291199, 14.0197153091, 15.544875145, 18.284954071, 15.0326185226, 19.7252254486, 25.8601474762, 55.8263816833, 37.2429962158, 18.549407959, 20.1191425323, 21.5722446442, 23.3885860443, 22.7905902863, 29.484708786, 28.6345329285, 20.5622825623, 14.8045883179, 14.2827968597, 9.92696094513, 3.31477856636, 1.89544475079, 1.01337695122, 1.129971385, 0.273665904999, 0.0574587993324, 0.0135301258415, 0.00207039737143, 0.000178572256118], "dmean": [0.165754720569, 1.10380876064, 2.43281626701, 3.3099834919, 7.57073068619, 7.64868879318, 3.84272742271, 4.68738174438, 7.38716459274, 9.74964332581, 10.2899236679, 9.25133609772, 8.78731536865, 9.89061450958, 11.8341417313, 9.49221038818, 12.3047895432, 16.1151752472, 34.8432617188, 23.8446235657, 11.4881362915, 12.2582731247, 12.8521852493, 14.1196279526, 13.8774633408, 17.4325752258, 16.7812957764, 12.3216285706, 9.20544338226, 9.22043704987, 6.67429447174, 2.05903673172, 1.24344432354, 0.694295823574, 0.808295726776, 0.198431968689, 0.0382579937577, 0.0088563580066, 0.00131418800447, 0.000114262700663], "var": [0.119809113443, 6.25504970551, 31.4555702209, 45.4772109985, 352.108062744, 385.265380859, 91.547996521, 252.659683228, 735.771972656, 797.993835449, 1097.39111328, 1074.77770996, 1072.61083984, 1943.99694824, 3599.39672852, 1084.96740723, 1233.84069824, 3179.19262695, 50593.1875, 10629.4316406, 1657.98425293, 1655.39562988, 1204.5760498, 1658.5958252, 1531.68981934, 1835.81591797, 1572.20751953, 695.258972168, 530.622497559, 424.821716309, 263.575622559, 40.5439758301, 24.4009399414, 5.71994638443, 5.44421005249, 0.401474416256, 0.0272175818682, 0.00120209215675, 2.24169980356e-05, 7.8773655332e-07], "dvar": [0.0991619825363, 7.97402667999, 47.6779747009, 63.8153953552, 404.147705078, 466.05960083, 71.8626708984, 217.964126587, 675.653076172, 755.123657227, 744.141601562, 561.92010498, 572.065551758, 893.590759277, 1340.98168945, 555.98260498, 749.397949219, 1504.56506348, 18697.9960938, 4239.02587891, 781.568786621, 796.752685547, 641.507202148, 811.209472656, 732.912597656, 986.431884766, 839.052307129, 456.371490479, 258.448669434, 216.562423706, 126.06111908, 18.1915283203, 10.1264562607, 2.17962145805, 3.50896954536, 0.203820824623, 0.0115676466376, 0.000543351983652, 9.42686438066e-06, 1.53003881564e-07], "mean": [0.232511267066, 1.1798235178, 2.38687348366, 3.53050351143, 7.39779186249, 7.63509559631, 5.12443971634, 6.73223304749, 9.8343372345, 11.8637514114, 15.1929550171, 14.7815122604, 13.8804283142, 16.3361797333, 19.739030838, 15.4346370697, 18.8171405792, 26.127281189, 59.5376358032, 41.3244743347, 19.8289527893, 21.5115013123, 22.308555603, 26.122636795, 26.4499073029, 31.0984382629, 29.8870887756, 21.4866714478, 17.4645252228, 16.3702888489, 11.6489934921, 3.91507411003, 2.35755729675, 1.34021949768, 1.20999121666, 0.315998733044, 0.0614698641002, 0.0136653352529, 0.00220425706357, 0.000263484107563]}, "zerocrossingrate": {"min": 0.00634765625, "max": 0.5263671875, "dvar2": 0.000404487567721, "median": 0.0927734375, "dmean2": 0.0205093249679, "dmean": 0.0180603042245, "var": 0.00387826701626, "dvar": 0.000332473020535, "mean": 0.102523863316}, "spectral_contrast_coeffs": {"min": [-0.965323626995, -0.996919810772, -0.996616721153, -0.986427009106, -0.987615466118, -0.963655769825], "max": [-0.319989115, -0.4195920825, -0.417273253202, -0.442861318588, -0.50522840023, -0.519293427467], "dvar2": [0.00706866569817, 0.00446641026065, 0.00254561658949, 0.00184927869122, 0.00102036818862, 0.00102674518712], "median": [-0.726337254047, -0.769295871258, -0.798675775528, -0.797446966171, -0.793109178543, -0.715441584587], "dmean2": [0.0966306403279, 0.0821928307414, 0.0623809061944, 0.0519944913685, 0.0375850759447, 0.0324361473322], "dmean": [0.0601606443524, 0.050111297518, 0.0389858707786, 0.0324037857354, 0.0234597697854, 0.0207425020635], "var": [0.00872949324548, 0.00553572690114, 0.00529997888952, 0.00504039553925, 0.00280260457657, 0.00227987859398], "dvar": [0.0030788788572, 0.00174769980367, 0.00106253463309, 0.000757354253437, 0.000431049207691, 0.000418904208345], "mean": [-0.710750639439, -0.761969327927, -0.787095308304, -0.783572077751, -0.788057923317, -0.7211150527]}, "dissonance": {"min": 0, "max": 0.500000119209, "dvar2": 0.000604747794569, "median": 0.484702885151, "dmean2": 0.0205887053162, "dmean": 0.0122376857325, "var": 0.000399302254664, "dvar": 0.000228833130677, "mean": 0.479198664427}, "spectral_energyband_high": {"min": 7.44888823963e-21, "max": 0.0317145325243, "dvar2": 6.92831054039e-06, "median": 0.00143520976417, "dmean2": 0.00167657749262, "dmean": 0.00106504501309, "var": 5.90034960624e-06, "dvar": 2.7146679713e-06, "mean": 0.00229693064466}, "spectral_skewness": {"min": -0.183969140053, "max": 4.15275812149, "dvar2": 0.0994118228555, "median": 1.00524389744, "dmean2": 0.277955204248, "dmean": 0.178725495934, "var": 0.123695112765, "dvar": 0.0412942655385, "mean": 1.03964662552}, "spectral_flux": {"min": 6.50254364243e-11, "max": 0.325499475002, "dvar2": 0.00260395789519, "median": 0.0776994153857, "dmean2": 0.0427529029548, "dmean": 0.0282867383212, "var": 0.00297206873074, "dvar": 0.00136509304866, "mean": 0.0887307822704}, "silence_rate_30dB": {"min": 1, "max": 1, "dvar2": 0, "median": 1, "dmean2": 0, "dmean": 0, "var": 0, "dvar": 0, "mean": 1}, "spectral_energyband_middle_high": {"min": 1.26923160665e-21, "max": 0.0740621015429, "dvar2": 2.68784933724e-05, "median": 0.00294712255709, "dmean2": 0.0030754969921, "dmean": 0.00197917036712, "var": 4.36156042269e-05, "dvar": 1.09694738057e-05, "mean": 0.00534593779594}, "barkbands_spread": {"min": 0.677865326405, "max": 114.986297607, "dvar2": 303.848876953, "median": 38.0744819641, "dmean2": 17.0751667023, "dmean": 10.9719438553, "var": 430.157531738, "dvar": 133.871444702, "mean": 39.3626861572}, "spectral_centroid": {"min": 175.080856323, "max": 11729.1728516, "dvar2": 456099.625, "median": 2311.20019531, "dmean2": 626.966430664, "dmean": 400.741760254, "var": 762107.3125, "dvar": 198957.234375, "mean": 2240.80761719}, "pitch_salience": {"min": 0.0469424836338, "max": 0.992129385471, "dvar2": 0.0207190662622, "median": 0.562528550625, "dmean2": 0.1534062922, "dmean": 0.093660376966, "var": 0.0161483902484, "dvar": 0.00780284870416, "mean": 0.548177957535}, "erbbands_skewness": {"min": -5.62976741791, "max": 5.42006349564, "dvar2": 0.41565310955, "median": -0.275131702423, "dmean2": 0.628770530224, "dmean": 0.418162375689, "var": 0.678645253181, "dvar": 0.190679326653, "mean": -0.266394495964}, "erbbands_crest": {"min": 2.12890839577, "max": 33.7017478943, "dvar2": 15.6812734604, "median": 6.63684511185, "dmean2": 3.97639131546, "dmean": 2.47072958946, "var": 22.4152088165, "dvar": 6.47471475601, "mean": 8.04613208771}, "melbands": {"min": [3.93013973969e-24, 2.72867460432e-24, 2.62760278692e-24, 4.45833970258e-24, 1.13911603461e-24, 2.15129350273e-24, 3.38844394443e-24, 6.59064571775e-24, 3.87300491091e-24, 1.90149833051e-24, 4.7930305077e-24, 3.07030738541e-24, 3.75950833703e-24, 4.79108478228e-24, 4.09257606084e-24, 4.85777863308e-24, 2.7257885567e-24, 3.71968387752e-24, 4.08774547108e-24, 3.70640537633e-24, 5.43004436614e-24, 5.42520194347e-24, 4.90905104205e-24, 6.71124677294e-24, 3.42705316372e-24, 4.45096858628e-24, 5.95470944331e-24, 6.12863000152e-24, 6.47321430568e-24, 6.11648114915e-24, 5.52721073042e-24, 6.65472962225e-24, 5.96258385287e-24, 7.51351042494e-24, 7.8877839037e-24, 7.59864744928e-24, 7.1179164025e-24, 7.26302894373e-24, 7.30567949744e-24, 8.31590266127e-24], "max": [0.0273144431412, 0.0263891201466, 0.0129934092984, 0.018082305789, 0.0107165016234, 0.0112867113203, 0.0134352389723, 0.0100012524053, 0.00672012660652, 0.00387435709126, 0.00517677143216, 0.00497705349699, 0.00819022767246, 0.00218919431791, 0.00310913007706, 0.00284290709533, 0.00231870124117, 0.00696320971474, 0.0039853239432, 0.00210821744986, 0.00175943179056, 0.00148300710134, 0.000895886507351, 0.00120230671018, 0.000950740883127, 0.000813901948277, 0.000436877919128, 0.000491245067678, 0.000719554605894, 0.000343532010447, 0.000489091209602, 0.000301776221022, 0.000186662975466, 0.000354838062776, 0.000159057744895, 0.000107729225419, 6.39864447294e-05, 0.000111144094262, 8.82510430529e-05, 4.5453554776e-05], "dvar2": [2.26002994168e-05, 2.86531121674e-05, 5.06243850396e-06, 8.80193510966e-06, 2.67028241296e-07, 2.50169421179e-07, 3.89260634392e-07, 1.98443501631e-07, 1.10321785485e-07, 4.96054433086e-08, 3.29639142649e-08, 3.48356401503e-08, 5.17996241456e-08, 1.13387423895e-08, 7.90485454871e-09, 1.25243690974e-08, 1.32076447557e-08, 1.12747223113e-07, 3.69721462334e-08, 1.44402365621e-08, 3.26888982549e-09, 3.03429303905e-09, 2.19959228609e-09, 1.61164925849e-09, 1.72823855227e-09, 1.68503955233e-09, 7.85128462244e-10, 1.54735324553e-09, 1.36442213083e-09, 6.56182219672e-10, 4.54969895092e-10, 2.39385400391e-10, 2.29532809426e-10, 1.9025277187e-10, 1.63233287997e-10, 3.53980351975e-11, 1.46033254933e-11, 1.35261558898e-11, 9.12237733269e-12, 2.9225209492e-12], "median": [0.000904446584173, 0.000608565169387, 0.000306583155179, 0.000168635961018, 8.85267363628e-05, 6.79493532516e-05, 5.76763122808e-05, 4.67896097689e-05, 3.98599695473e-05, 2.92735476251e-05, 2.33630071307e-05, 1.67787875398e-05, 1.49697762026e-05, 1.32935238071e-05, 1.38507348311e-05, 1.44193445522e-05, 1.3416535694e-05, 1.18609550555e-05, 1.14384674816e-05, 8.88304384716e-06, 6.22889092483e-06, 8.057299965e-06, 8.90353658178e-06, 9.71494864643e-06, 1.06167863123e-05, 9.86670875136e-06, 9.57107477007e-06, 9.18718706089e-06, 8.93650849321e-06, 7.26675261831e-06, 6.72015221426e-06, 5.04349145558e-06, 3.87130603485e-06, 5.2666114243e-06, 4.41920701633e-06, 1.08962626655e-06, 6.34218565665e-07, 4.72542978969e-07, 3.76226523713e-07, 4.01545804607e-07], "dmean2": [0.00230635260232, 0.00215305760503, 0.00110963766929, 0.00108256854583, 0.000247283140197, 0.000172263651621, 0.00019321628497, 0.000172259417013, 0.000129900960019, 9.0749199444e-05, 7.04585327185e-05, 6.27725967206e-05, 7.2996605013e-05, 3.97119802074e-05, 4.07487896155e-05, 4.96716311318e-05, 4.80329836137e-05, 8.76604681253e-05, 6.40691650915e-05, 4.1844916268e-05, 2.1598454623e-05, 2.26645515795e-05, 2.2343288947e-05, 2.08625260711e-05, 2.04322150239e-05, 1.96486344066e-05, 1.57760277943e-05, 2.22055641643e-05, 2.12237337109e-05, 1.45954345498e-05, 1.24083626361e-05, 8.87651913217e-06, 8.65042693476e-06, 8.73113731359e-06, 7.29088924345e-06, 3.00393071484e-06, 1.79853850568e-06, 1.46131367273e-06, 1.14036959076e-06, 8.26589030112e-07], "dmean": [0.0013991901651, 0.00126488367096, 0.000639329839032, 0.000643412349746, 0.000147851707879, 0.000105846287624, 0.000117207884614, 0.000103316517198, 8.22464498924e-05, 5.80143059778e-05, 4.40467956651e-05, 3.97649346269e-05, 4.75935194117e-05, 2.50001594395e-05, 2.55489776464e-05, 3.0651641282e-05, 2.99214461847e-05, 5.42245034012e-05, 4.08162268286e-05, 2.66342722171e-05, 1.30843618535e-05, 1.37034185173e-05, 1.33008679768e-05, 1.24083899209e-05, 1.22648725664e-05, 1.19882379295e-05, 9.45566898736e-06, 1.3028068679e-05, 1.23498530229e-05, 8.6339241534e-06, 7.39971846997e-06, 5.43636269867e-06, 5.33327738594e-06, 5.69154462937e-06, 4.93887364428e-06, 1.8512216684e-06, 1.1022872286e-06, 9.44195789998e-07, 7.5234987662e-07, 5.59156376312e-07], "var": [9.05676824914e-06, 8.55797043187e-06, 1.40837516938e-06, 2.88297587758e-06, 1.17975368141e-07, 1.22502385125e-07, 1.64855151752e-07, 8.5946275874e-08, 7.1622764608e-08, 4.08955855846e-08, 2.6913220097e-08, 3.13956434184e-08, 7.30905966861e-08, 7.66669394636e-09, 6.52762244258e-09, 8.08948019682e-09, 1.07026858487e-08, 1.14439032473e-07, 4.11364560193e-08, 1.33064093077e-08, 2.26355201249e-09, 2.17636153543e-09, 1.75458880758e-09, 1.04730424333e-09, 1.29295529838e-09, 1.34734967627e-09, 5.2422138852e-10, 9.91994708599e-10, 9.19236353703e-10, 3.42426642597e-10, 2.43720349458e-10, 1.72608080606e-10, 1.82721518471e-10, 1.38815833828e-10, 1.46072071106e-10, 2.79184730889e-11, 1.25872177265e-11, 1.34216084427e-11, 8.54292678265e-12, 3.24699165125e-12], "dvar": [8.80075731402e-06, 1.08566882773e-05, 1.82294434126e-06, 3.46525416717e-06, 1.04372183785e-07, 1.00781988976e-07, 1.54455520374e-07, 7.85552884963e-08, 4.62188189942e-08, 2.09760440129e-08, 1.45821807962e-08, 1.50798165066e-08, 2.50652405498e-08, 4.42862768679e-09, 3.43053829788e-09, 4.98980234909e-09, 5.39855804504e-09, 4.32320241828e-08, 1.52865258229e-08, 6.18819040454e-09, 1.23205878833e-09, 1.20244958435e-09, 8.54101234182e-10, 6.30866026086e-10, 6.88527346249e-10, 6.65479615858e-10, 2.97872421173e-10, 5.71377944958e-10, 4.938762177e-10, 2.39037900585e-10, 1.7180708245e-10, 9.21070511528e-11, 8.99084487416e-11, 7.84732348547e-11, 7.55090087678e-11, 1.41449933364e-11, 6.02361953719e-12, 6.02591847948e-12, 3.9508765183e-12, 1.34255497344e-12], "mean": [0.00186751631554, 0.00138513825368, 0.00069625757169, 0.000620237260591, 0.000191335449927, 0.000154653767822, 0.000153504559421, 0.000129181484226, 0.000122416007798, 9.07639114303e-05, 6.72382448101e-05, 6.30120412097e-05, 7.72672792664e-05, 3.87613617931e-05, 3.82665930374e-05, 4.44086763309e-05, 4.48159262305e-05, 8.9832006779e-05, 6.861807924e-05, 4.17717164964e-05, 1.99130445253e-05, 2.18661298277e-05, 2.16473654291e-05, 1.97700755962e-05, 2.10057060031e-05, 2.11608712561e-05, 1.68461810972e-05, 2.14703450183e-05, 2.07359298656e-05, 1.38608947964e-05, 1.2087630239e-05, 9.73696023721e-06, 9.43094164541e-06, 9.27423025132e-06, 8.13633505459e-06, 3.2256200484e-06, 1.98039583665e-06, 1.67951623098e-06, 1.38056134347e-06, 1.01552461729e-06]}, "spectral_entropy": {"min": 5.83262968063, "max": 9.81485080719, "dvar2": 0.0568344257772, "median": 7.99749898911, "dmean2": 0.221611335874, "dmean": 0.151927098632, "var": 0.122767165303, "dvar": 0.0272184498608, "mean": 7.94573640823}, "spectral_rolloff": {"min": 43.06640625, "max": 20370.4101562, "dvar2": 4398018, "median": 2648.58398438, "dmean2": 1734.08874512, "dmean": 1041.19128418, "var": 7874539, "dvar": 1987005.5, "mean": 3040.7878418}, "barkbands": {"min": [4.34688489794e-25, 1.177203876e-23, 1.8693234552e-24, 1.98147324629e-24, 2.07514294517e-23, 1.30093560458e-23, 1.93922568219e-23, 1.90373467229e-23, 1.53406056815e-23, 2.33196118825e-23, 2.97601720799e-23, 3.91938945882e-23, 3.30346074797e-23, 3.29734234279e-23, 5.14519189974e-23, 8.82624470653e-23, 7.28053992034e-23, 1.50955097537e-22, 1.61924883689e-22, 1.84667099876e-22, 2.44543952367e-22, 4.20998505348e-22, 5.3821225492e-22, 7.01730524042e-22, 9.21591182767e-22, 1.33116826963e-21, 1.76395094326e-21], "max": [0.00890357512981, 0.101195558906, 0.0586352273822, 0.0379253290594, 0.0660246536136, 0.0492603629827, 0.0572503358126, 0.0431841984391, 0.0275632143021, 0.0272817276418, 0.0560190081596, 0.0234430991113, 0.0251549854875, 0.0274997316301, 0.0736037939787, 0.0200545359403, 0.0231629237533, 0.0179585404694, 0.0199554674327, 0.0148525191471, 0.0135558089241, 0.0100994957611, 0.010867591016, 0.00642420584336, 0.00343963201158, 0.00544466776773, 0.000895107339602], "dvar2": [4.6097633799e-07, 0.00033791718306, 0.000125241858768, 1.40791244121e-05, 0.000122838304378, 5.29365479451e-06, 9.65587969404e-06, 3.75722515855e-06, 2.42343367063e-06, 1.47141463458e-06, 2.51894857684e-06, 7.71686927692e-07, 1.03672584828e-06, 2.02799196813e-06, 1.42561402754e-05, 1.55513305344e-06, 6.50311676509e-07, 6.46134765248e-07, 8.70432927513e-07, 1.1611575701e-06, 9.7569125046e-07, 5.09236201651e-07, 3.55203326308e-07, 7.3593426464e-08, 6.67409025823e-08, 6.44471409572e-09, 1.07250441861e-09], "median": [0.000311665120535, 0.00293754180893, 0.000723450444639, 0.00047386661754, 0.000726310303435, 0.000367375469068, 0.000268317031441, 0.000193729021703, 0.000197252826183, 0.000135925220093, 9.58546370384e-05, 0.000115925766295, 0.000139728508657, 0.000140846401337, 0.000165435572853, 0.000109578824777, 0.000146525679156, 0.000212817234569, 0.000271624856396, 0.000319274928188, 0.000342385232216, 0.000240502369707, 0.000244687660597, 4.54592554888e-05, 7.63188072597e-05, 1.14585727715e-05, 2.34097137763e-06], "dmean2": [0.000455314904684, 0.00829012040049, 0.0040567368269, 0.00188918900676, 0.00413706013933, 0.000895203207619, 0.00103224650957, 0.000745233264752, 0.000639641133603, 0.000454025459476, 0.000523445662111, 0.000351581140421, 0.000462884927401, 0.000546370283701, 0.00111041602213, 0.000460124370875, 0.000357005221304, 0.000440718256868, 0.000477196997963, 0.000622387451585, 0.00059271720238, 0.00042262711213, 0.000375540315872, 0.000123914025608, 0.00012484563922, 3.23324675264e-05, 1.36662838486e-05], "dmean": [0.00031711126212, 0.0049747643061, 0.0022438832093, 0.00108244991861, 0.00248466618359, 0.000549216812942, 0.00061830325285, 0.000462749012513, 0.000407350977184, 0.000286109629087, 0.000338873360306, 0.000220862493734, 0.000287130038487, 0.000335517514031, 0.00069708970841, 0.000287116650725, 0.000217335080379, 0.000260693777818, 0.000291032658424, 0.000367573462427, 0.000351822498487, 0.000261257897364, 0.000252484634984, 7.87510507507e-05, 8.9909939561e-05, 2.20170059038e-05, 8.69505129231e-06], "var": [5.865329058e-07, 0.00012071524543, 2.62194171228e-05, 4.47251841251e-06, 4.21706354246e-05, 2.72087868325e-06, 3.83581846108e-06, 2.01743591788e-06, 2.04196248887e-06, 1.22078313325e-06, 3.52293000105e-06, 6.00247801685e-07, 6.57360487821e-07, 1.43495049088e-06, 1.53220935317e-05, 1.20170500395e-06, 5.29039368757e-07, 4.4106818109e-07, 7.57702309784e-07, 7.6166782037e-07, 5.92028584379e-07, 4.20364813181e-07, 3.24796559426e-07, 8.18310823547e-08, 6.34255172827e-08, 9.32531651898e-09, 1.82756842992e-09], "dvar": [2.33022433349e-07, 0.000130148517201, 4.32881024608e-05, 5.12495580551e-06, 4.88787954964e-05, 2.13720886677e-06, 3.77115611627e-06, 1.5318350961e-06, 1.03852892153e-06, 6.58999283587e-07, 1.21375296658e-06, 3.15044928811e-07, 4.18402663627e-07, 7.65671586578e-07, 5.67525603401e-06, 6.35350204448e-07, 2.55612519595e-07, 2.48396105462e-07, 3.49484281514e-07, 4.34949072314e-07, 3.56348664354e-07, 1.99535392653e-07, 1.58875735679e-07, 3.27387397192e-08, 3.32730323294e-08, 3.6383223101e-09, 4.40664810197e-10], "mean": [0.000577621802222, 0.00624608574435, 0.0020257353317, 0.0011785805691, 0.00248595443554, 0.000804240233265, 0.000753289554268, 0.000635163276456, 0.000633503834251, 0.000427993218182, 0.000539386237506, 0.000336817320203, 0.000413270579884, 0.000495287997182, 0.00116342422552, 0.000441201496869, 0.000364049483323, 0.000429802545113, 0.000543727655895, 0.000641296152025, 0.000618433114141, 0.000497649190947, 0.00043462170288, 0.000153413842781, 0.000151893866132, 3.73667317035e-05, 1.65096043929e-05]}, "melbands_flatness_db": {"min": 0.00449702469632, "max": 0.510293900967, "dvar2": 0.0029667627532, "median": 0.150689706206, "dmean2": 0.0532968230546, "dmean": 0.0344425141811, "var": 0.0050718896091, "dvar": 0.00122234516311, "mean": 0.162655577064}, "melbands_skewness": {"min": -6.35622406006, "max": 31.4192523956, "dvar2": 6.16094255447, "median": 2.34097504616, "dmean2": 1.82857346535, "dmean": 1.17925238609, "var": 6.8291759491, "dvar": 2.62614202499, "mean": 2.92949080467}, "barkbands_skewness": {"min": -7.60682201385, "max": 15.1946430206, "dvar2": 2.22846341133, "median": 0.853469967842, "dmean2": 1.14843189716, "dmean": 0.744822144508, "var": 2.65293049812, "dvar": 0.923421502113, "mean": 1.14188158512}, "silence_rate_60dB": {"min": 0, "max": 1, "dvar2": 0.0304440874606, "median": 0, "dmean2": 0.0249958522618, "dmean": 0.0124972350895, "var": 0.0609626956284, "dvar": 0.012338030152, "mean": 0.0651921480894}, "spectral_energyband_low": {"min": 2.20006159386e-23, "max": 0.114066950977, "dvar2": 0.000438973453129, "median": 0.00522661302239, "dmean2": 0.0103138228878, "dmean": 0.00645698420703, "var": 0.000212771788938, "dvar": 0.000186376651982, "mean": 0.00949692353606}, "spectral_energyband_middle_low": {"min": 2.22696746208e-22, "max": 0.0755717679858, "dvar2": 0.000182747011422, "median": 0.00382908643223, "dmean2": 0.00703452667221, "dmean": 0.00432473281398, "var": 8.34934471641e-05, "dvar": 7.42273623473e-05, "mean": 0.00664722826332}, "melbands_kurtosis": {"min": -1.91784238815, "max": 1413.66101074, "dvar2": 4861.47412109, "median": 5.79350185394, "dmean2": 24.855632782, "dmean": 15.0855369568, "var": 2228.40014648, "dvar": 1864.35986328, "mean": 19.2435417175}, "spectral_decrease": {"min": -3.10883194743e-08, "max": 8.91611434425e-29, "dvar2": 3.73903702499e-17, "median": -4.47557546579e-09, "dmean2": 3.97701294119e-09, "dmean": 2.54416243628e-09, "var": 2.21959458261e-17, "dvar": 1.62511592368e-17, "mean": -5.44009992609e-09}, "erbbands_kurtosis": {"min": -1.91140830517, "max": 48.0182952881, "dvar2": 8.75835514069, "median": -0.372925043106, "dmean2": 1.69153678417, "dmean": 1.08689773083, "var": 8.89941501617, "dvar": 3.95038294792, "mean": 0.445077896118}, "melbands_crest": {"min": 1.32358384132, "max": 38.0099983215, "dvar2": 39.8945426941, "median": 14.5493612289, "dmean2": 7.34603881836, "dmean": 4.57620191574, "var": 41.3528137207, "dvar": 15.7721071243, "mean": 15.4730596542}, "gfcc": {"cov": [[22579.6425781, 1743.28308105, -669.921447754, 1133.00085449, -626.16619873, 415.955963135, -176.3722229, -48.0504989624, -218.565567017, 128.405776978, -175.988174438, -62.2844085693, -48.4529151917], [1743.28308105, 1323.67504883, -153.015182495, 47.1962203979, 1.34204554558, -39.4333648682, 10.212015152, -8.21335029602, -55.5730361938, -21.1451683044, 19.234375, -21.1770401001, 15.2085008621], [-669.921447754, -153.015182495, 1403.09533691, 222.063598633, -30.9458427429, 182.189331055, -36.6629180908, -13.7960186005, -13.0836858749, 27.5524196625, -59.9438858032, 101.811195374, -71.1195983887], [1133.00085449, 47.1962203979, 222.063598633, 429.195373535, 50.0802879333, 78.016746521, -32.1495399475, -9.56305599213, 16.2678947449, 8.73574542999, -31.4467868805, -1.55663573742, 7.53824329376], [-626.16619873, 1.34204554558, -30.9458427429, 50.0802879333, 371.539581299, 31.8130779266, 29.5025062561, 2.61533045769, 63.6063575745, 23.6859092712, 7.6084856987, -19.7558784485, 45.1640167236], [415.955963135, -39.4333648682, 182.189331055, 78.016746521, 31.8130779266, 228.659057617, 63.5330123901, 4.59490585327, -17.2464523315, 26.9885063171, -11.4349508286, 20.6157836914, -5.6465511322], [-176.3722229, 10.212015152, -36.6629180908, -32.1495399475, 29.5025062561, 63.5330123901, 215.918991089, 56.5003204346, 7.63876056671, 3.4074742794, 39.6763038635, -4.87078332901, 14.6409358978], [-48.0504989624, -8.21335029602, -13.7960186005, -9.56305599213, 2.61533045769, 4.59490585327, 56.5003204346, 142.803283691, 44.0431480408, 16.4867897034, 16.4606075287, 25.7823429108, 0.228507816792], [-218.565567017, -55.5730361938, -13.0836858749, 16.2678947449, 63.6063575745, -17.2464523315, 7.63876056671, 44.0431480408, 138.438934326, 54.3971252441, 11.3627758026, -7.77066326141, 20.7805500031], [128.405776978, -21.1451683044, 27.5524196625, 8.73574542999, 23.6859092712, 26.9885063171, 3.4074742794, 16.4867897034, 54.3971252441, 109.566741943, 34.271396637, 10.2938661575, 0.849084794521], [-175.988174438, 19.234375, -59.9438858032, -31.4467868805, 7.6084856987, -11.4349508286, 39.6763038635, 16.4606075287, 11.3627758026, 34.271396637, 105.299713135, 28.3961982727, 4.75256252289], [-62.2844085693, -21.1770401001, 101.811195374, -1.55663573742, -19.7558784485, 20.6157836914, -4.87078332901, 25.7823429108, -7.77066326141, 10.2938661575, 28.3961982727, 101.686027527, 23.1173839569], [-48.4529151917, 15.2085008621, -71.1195983887, 7.53824329376, 45.1640167236, -5.6465511322, 14.6409358978, 0.228507816792, 20.7805500031, 0.849084794521, 4.75256252289, 23.1173839569, 96.8626861572]], "icov": [[7.61047413107e-05, -8.84938708623e-05, 0.000101475532574, -0.000220607893425, 0.000165299221408, -0.000153382003191, 4.64804579678e-05, -1.69613249454e-05, 8.70250732987e-05, -0.000199856265681, 0.000154247201863, -3.08654525725e-05, 3.35183613061e-05], [-8.84938708623e-05, 0.000906171975657, -5.67147326365e-05, 7.35651628929e-05, -0.000220027010073, 0.000358512101229, -8.83731117938e-05, -0.000101666111732, 0.000414417183492, 0.000152688022354, -0.000377269636374, 0.000273249606835, -0.000233773287619], [0.000101475532574, -5.67147326365e-05, 0.00119444075972, -0.000717338232789, 0.000223655384616, -0.000654172385111, -6.89956286806e-05, 0.000417913834099, -0.000179342678166, -0.000419452000642, 0.00106111890636, -0.00163939828053, 0.00124086148571], [-0.000220607893425, 7.35651628929e-05, -0.000717338232789, 0.00350242154673, -0.000699492986314, -0.000556704530027, 0.000659838260617, -0.000129347943584, -0.000679463439155, 0.00084310589591, -0.000374555849703, 0.000835682905745, -0.000769588514231], [0.000165299221408, -0.000220027010073, 0.000223655384616, -0.000699492986314, 0.00360695272684, -0.000973922957201, -5.19390084719e-07, 0.000234862251091, -0.00121391576249, -0.000239653541939, -0.000151783009642, 0.000942052516621, -0.00135802768636], [-0.000153382003191, 0.000358512101229, -0.000654172385111, -0.000556704530027, -0.000973922957201, 0.00703387660906, -0.00289270072244, 0.000585475470871, 0.00181104370859, -0.00243276264518, 0.00196719681844, -0.00158638320863, 0.000644874526188], [4.64804579678e-05, -8.83731117938e-05, -6.89956286806e-05, 0.000659838260617, -5.19390084719e-07, -0.00289270072244, 0.00727677857503, -0.00318488362245, 0.000385173596442, 0.00151284167077, -0.00360483583063, 0.00316958245821, -0.00200113304891], [-1.69613249454e-05, -0.000101666111732, 0.000417913834099, -0.000129347943584, 0.000234862251091, 0.000585475470871, -0.00318488362245, 0.0101016536355, -0.00392095837742, 0.00023169592896, 0.00130492995959, -0.00450778426602, 0.00255754427053], [8.70250732987e-05, 0.000414417183492, -0.000179342678166, -0.000679463439155, -0.00121391576249, 0.00181104370859, 0.000385173596442, -0.00392095837742, 0.0125596122816, -0.0061750006862, 0.000545904913452, 0.00278978887945, -0.00281068356708], [-0.000199856265681, 0.000152688022354, -0.000419452000642, 0.00084310589591, -0.000239653541939, -0.00243276264518, 0.00151284167077, 0.00023169592896, -0.0061750006862, 0.0147333517671, -0.00541503913701, 0.000202254290343, 0.000656205578707], [0.000154247201863, -0.000377269636374, 0.00106111890636, -0.000374555849703, -0.000151783009642, 0.00196719681844, -0.00360483583063, 0.00130492995959, 0.000545904913452, -0.00541503913701, 0.0149363614619, -0.00609351275489, 0.00232368079014], [-3.08654525725e-05, 0.000273249606835, -0.00163939828053, 0.000835682905745, 0.000942052516621, -0.00158638320863, 0.00316958245821, -0.00450778426602, 0.00278978887945, 0.000202254290343, -0.00609351275489, 0.0167252160609, -0.00662022456527], [3.35183613061e-05, -0.000233773287619, 0.00124086148571, -0.000769588514231, -0.00135802768636, 0.000644874526188, -0.00200113304891, 0.00255754427053, -0.00281068356708, 0.000656205578707, 0.00232368079014, -0.00662022456527, 0.0143787963316]], "mean": [-7.8362827301, 50.6304512024, -107.028076172, 50.5348892212, -55.4961013794, 17.6325855255, -26.0832462311, 7.62575006485, -18.2620315552, 9.14999198914, -15.5271492004, 1.59148144722, -11.4155035019]}, "melbands_spread": {"min": 0.456621408463, "max": 242.455383301, "dvar2": 691.448120117, "median": 36.8041496277, "dmean2": 22.8441467285, "dmean": 14.6808347702, "var": 921.903869629, "dvar": 301.476165771, "mean": 42.5195083618}, "spectral_energy": {"min": 1.03950979786e-20, "max": 0.119308516383, "dvar2": 0.000561027147342, "median": 0.019426330924, "dmean2": 0.015612992458, "dmean": 0.0100788539276, "var": 0.000357060169335, "dvar": 0.000245234230533, "mean": 0.0230475086719}, "mfcc": {"cov": [[13132.6474609, 1156.98950195, -194.472290039, 615.456787109, -99.0250091553, 324.895965576, 55.5791664124, -4.41375923157, 16.8790130615, 139.727401733, -57.5010986328, -7.59978628159, -81.1359405518], [1156.98950195, 1187.52526855, -53.3259315491, 99.2574386597, -25.0506420135, 23.0199737549, 30.3250179291, 20.185174942, -26.1254882812, 0.294282644987, -3.58834767342, 7.21153736115, 23.4209632874], [-194.472290039, -53.3259315491, 1112.6619873, 139.587966919, 63.1086578369, 148.838912964, -5.58504390717, 60.5148887634, -2.63582348824, -82.5657730103, 22.124420166, 35.3372459412, 28.3037624359], [615.456787109, 99.2574386597, 139.587966919, 328.828125, 124.085624695, 66.3023910522, -8.56813812256, 16.984292984, 35.9994850159, 20.5951976776, -12.9190120697, 11.7336788177, 14.1739635468], [-99.0250091553, -25.0506420135, 63.1086578369, 124.085624695, 281.816436768, 82.4728775024, -30.5967941284, -11.435842514, 36.9824180603, 3.82843208313, -7.29823160172, -0.257589071989, 18.6127529144], [324.895965576, 23.0199737549, 148.838912964, 66.3023910522, 82.4728775024, 235.250717163, 61.9311676025, 9.05749320984, 29.0352592468, 15.7605962753, 3.41649484634, -4.16301774979, 4.05292415619], [55.5791664124, 30.3250179291, -5.58504390717, -8.56813812256, -30.5967941284, 61.9311676025, 172.239456177, 56.4130973816, 0.89467638731, 16.5210781097, 3.845890522, 14.6308355331, -5.34773206711], [-4.41375923157, 20.185174942, 60.5148887634, 16.984292984, -11.435842514, 9.05749320984, 56.4130973816, 124.626411438, 37.5962181091, -5.77763748169, 7.88080120087, 14.0517311096, 17.3368701935], [16.8790130615, -26.1254882812, -2.63582348824, 35.9994850159, 36.9824180603, 29.0352592468, 0.89467638731, 37.5962181091, 112.886306763, 50.0165176392, -9.37626838684, -6.68730401993, 10.1400880814], [139.727401733, 0.294282644987, -82.5657730103, 20.5951976776, 3.82843208313, 15.7605962753, 16.5210781097, -5.77763748169, 50.0165176392, 115.522415161, 41.8370170593, -1.72972345352, -4.68855285645], [-57.5010986328, -3.58834767342, 22.124420166, -12.9190120697, -7.29823160172, 3.41649484634, 3.845890522, 7.88080120087, -9.37626838684, 41.8370170593, 114.224487305, 40.8752212524, 1.48344826698], [-7.59978628159, 7.21153736115, 35.3372459412, 11.7336788177, -0.257589071989, -4.16301774979, 14.6308355331, 14.0517311096, -6.68730401993, -1.72972345352, 40.8752212524, 93.8099441528, 29.5404052734], [-81.1359405518, 23.4209632874, 28.3037624359, 14.1739635468, 18.6127529144, 4.05292415619, -5.34773206711, 17.3368701935, 10.1400880814, -4.68855285645, 1.48344826698, 29.5404052734, 89.1466522217]], "icov": [[0.00010083567031, -7.34192653908e-05, 4.78322399431e-05, -0.000202141251066, 0.000157239788678, -0.00019564772083, 0.000107257139462, -5.17094085808e-05, 9.88344836514e-05, -0.000128460378619, 0.00011495975923, -8.18016706035e-05, 0.00012776737276], [-7.34192653908e-05, 0.000961084850132, 8.03747825557e-05, -0.000254286103882, 0.00011723600619, -1.662786417e-05, -0.000102622077975, -0.000167057471117, 0.000354610616341, 4.8627902288e-05, -6.03521475568e-05, 0.000135542912176, -0.000383487524232], [4.78322399431e-05, 8.03747825557e-05, 0.00123398308642, -0.000607647118159, 0.000298909930279, -0.000956318865065, 0.000453484390164, -0.000511432532221, -3.3484560845e-05, 0.00119266682304, -0.000606375571806, -0.000128637140733, -4.57683345303e-05], [-0.000202141251066, -0.000254286103882, -0.000607647118159, 0.00473436294124, -0.00200389581732, 2.16002736124e-05, 0.000450081861345, -0.000828571501188, 0.000162744909176, -0.00167716003489, 0.00143982772715, -0.00099790294189, 0.000128549843794], [0.000157239788678, 0.00011723600619, 0.000298909930279, -0.00200389581732, 0.00533599453047, -0.0019414665876, 0.0011248558294, 0.000774193671532, -0.0012968959054, 0.00102617614903, -0.000389937253203, 5.93256991124e-05, -0.000584574299864], [-0.00019564772083, -1.662786417e-05, -0.000956318865065, 2.16002736124e-05, -0.0019414665876, 0.00694550480694, -0.00364100327715, 0.00205105356872, -0.00202045007609, 0.000581135100219, -0.00115878600627, 0.00146971934009, -0.000608567672316], [0.000107257139462, -0.000102622077975, 0.000453484390164, 0.000450081861345, 0.0011248558294, -0.00364100327715, 0.00979136675596, -0.00579517148435, 0.00386229297146, -0.00380573002622, 0.00289493589662, -0.00263175624423, 0.00173853128217], [-5.17094085808e-05, -0.000167057471117, -0.000511432532221, -0.000828571501188, 0.000774193671532, 0.00205105356872, -0.00579517148435, 0.0140078319237, -0.00782859232277, 0.00582797080278, -0.00397521723062, 0.00116493622772, -0.00215865834616], [9.88344836514e-05, 0.000354610616341, -3.3484560845e-05, 0.000162744909176, -0.0012968959054, -0.00202045007609, 0.00386229297146, -0.00782859232277, 0.0176104661077, -0.0107161477208, 0.00626215431839, -0.00116164633073, -0.000187656274647], [-0.000128460378619, 4.8627902288e-05, 0.00119266682304, -0.00167716003489, 0.00102617614903, 0.000581135100219, -0.00380573002622, 0.00582797080278, -0.0107161477208, 0.0188883896917, -0.00976474396884, 0.00353655219078, -0.000641151040327], [0.00011495975923, -6.03521475568e-05, -0.000606375571806, 0.00143982772715, -0.000389937253203, -0.00115878600627, 0.00289493589662, -0.00397521723062, 0.00626215431839, -0.00976474396884, 0.0159009061754, -0.00715211313218, 0.00204444909468], [-8.18016706035e-05, 0.000135542912176, -0.000128637140733, -0.00099790294189, 5.93256991124e-05, 0.00146971934009, -0.00263175624423, 0.00116493622772, -0.00116164633073, 0.00353655219078, -0.00715211313218, 0.0158502664417, -0.00518932100385], [0.00012776737276, -0.000383487524232, -4.57683345303e-05, 0.000128549843794, -0.000584574299864, -0.000608567672316, 0.00173853128217, -0.00215865834616, -0.000187656274647, -0.000641151040327, 0.00204444909468, -0.00518932100385, 0.0137756010517]], "mean": [-644.814758301, 78.5658493042, 7.07136535645, 36.1213531494, -2.18439483643, 17.4050064087, 0.71509873867, 5.92476797104, 1.13785457611, 7.04652357101, 4.91666460037, -0.559696495533, 1.90072858334]}, "spectral_contrast_valleys": {"min": [-28.4100093842, -27.6415653229, -27.5264873505, -27.5563335419, -27.3954772949, -27.3451137543], "max": [-5.29026937485, -4.68129205704, -5.37131404877, -5.56640815735, -5.3540725708, -7.45969676971], "dvar2": [0.316419363022, 0.438998162746, 0.293514579535, 0.245888188481, 0.316807508469, 0.299628615379], "median": [-6.98598480225, -6.86695480347, -7.451649189, -7.6413564682, -7.10644054413, -9.67293739319], "dmean2": [0.677044570446, 0.716673970222, 0.594827413559, 0.500543296337, 0.457183659077, 0.454606980085], "dmean": [0.420201927423, 0.442662060261, 0.37974151969, 0.330254912376, 0.304417610168, 0.344374716282], "var": [3.19201159477, 2.61351728439, 2.45834612846, 2.37942957878, 2.3547911644, 2.13082432747], "dvar": [0.135284528136, 0.184069439769, 0.136501714587, 0.12224163115, 0.14539720118, 0.148233428597], "mean": [-7.37286663055, -7.22890377045, -7.78391170502, -7.92163133621, -7.40540313721, -9.87452411652]}, "barkbands_flatness_db": {"min": 0.0111307939515, "max": 0.429738044739, "dvar2": 0.0017417690251, "median": 0.0923766866326, "dmean2": 0.0397198945284, "dmean": 0.0255032312125, "var": 0.00279763014987, "dvar": 0.000714921858162, "mean": 0.103995040059}, "dynamic_complexity": 4.4163646698, "erbbands_flatness_db": {"min": 0.0352301634848, "max": 0.478462040424, "dvar2": 0.000658635573927, "median": 0.1212945804, "dmean2": 0.0261378977448, "dmean": 0.0185067132115, "var": 0.00243436032906, "dvar": 0.000336462486302, "mean": 0.1319732517}, "hfc": {"min": 1.11877011646e-16, "max": 199.598556519, "dvar2": 466.622467041, "median": 22.42