{"lowlevel": {"spectral_complexity": {"min": 0, "max": 60, "dvar2": 62.8119506836, "median": 13, "dmean2": 6.33171892166, "dmean": 4.24736022949, "var": 144.332733154, "dvar": 32.3424339294, "mean": 15.5083389282}, "silence_rate_20dB": {"min": 1, "max": 1, "dvar2": 0, "median": 1, "dmean2": 0, "dmean": 0, "var": 0, "dvar": 0, "mean": 1}, "average_loudness": 0.82818621397, "erbbands_spread": {"min": 0.724291026592, "max": 194.710281372, "dvar2": 475.006896973, "median": 43.4372253418, "dmean2": 19.4456043243, "dmean": 12.5833101273, "var": 578.674499512, "dvar": 201.920822144, "mean": 45.9287872314}, "spectral_kurtosis": {"min": -1.31776022911, "max": 112.274971008, "dvar2": 15.2297086716, "median": 2.98664307594, "dmean2": 2.33129620552, "dmean": 1.4258313179, "var": 26.9923992157, "dvar": 5.5623755455, "mean": 4.04325342178}, "barkbands_kurtosis": {"min": -1.93549990654, "max": 2962.0871582, "dvar2": 3657.5769043, "median": 2.98874568939, "dmean2": 13.4916315079, "dmean": 8.34543132782, "var": 1970.45654297, "dvar": 1431.93347168, "mean": 10.9704217911}, "spectral_strongpeak": {"min": 0, "max": 14.0891799927, "dvar2": 1.45136475563, "median": 0.439373016357, "dmean2": 0.741451501846, "dmean": 0.442845910788, "var": 1.30511498451, "dvar": 0.59734582901, "mean": 0.774567127228}, "spectral_spread": {"min": 827305.8125, "max": 41176852, "dvar2": 2043912781820.0, "median": 4926559.5, "dmean2": 1142985.875, "dmean": 780615.3125, "var": 3256979292160.0, "dvar": 1017784893440.0, "mean": 5283276}, "spectral_rms": {"min": 1.55476357122e-07, "max": 0.0146372476593, "dvar2": 3.97915346184e-06, "median": 0.00402874359861, "dmean2": 0.00143746065442, "dmean": 0.000993413617834, "var": 5.97924963586e-06, "dvar": 1.93006007976e-06, "mean": 0.00420789280906}, "erbbands": {"min": [1.11109087209e-10, 4.18998474805e-10, 7.55462747914e-10, 6.81014189485e-10, 4.34472124944e-10, 1.03885322567e-09, 1.2573495578e-09, 3.13153281084e-09, 2.88019030847e-09, 2.63608712636e-09, 2.3608446309e-09, 7.95672594478e-09, 6.89792578612e-09, 9.40926803139e-09, 1.08156354983e-08, 1.0963839614e-08, 1.60914090941e-08, 2.5677598714e-08, 4.53597381878e-09, 4.84721818239e-09, 8.26083645933e-09, 4.97692518309e-08, 3.60918761544e-08, 6.62792354333e-09, 2.02443981578e-08, 1.35495401565e-08, 2.84951759966e-08, 2.09324308997e-08, 2.32140511258e-08, 9.30927335219e-09, 7.37493000003e-09, 8.25435630958e-09, 3.903292356e-09, 5.33165289696e-09, 3.28913918324e-09, 1.12321330015e-09, 6.68956168237e-10, 1.66188351969e-09, 1.47105785886e-10, 1.62723324398e-11], "max": [9.95613002777, 35.6353263855, 50.0194740295, 95.5859527588, 89.4018936157, 731.912780762, 428.268768311, 690.375427246, 940.564208984, 906.828552246, 871.06451416, 1564.02770996, 1629.4395752, 1753.05773926, 673.849304199, 910.768188477, 1155.34777832, 1654.92858887, 2869.16137695, 1218.82775879, 559.461914062, 701.511779785, 1396.10461426, 1047.25012207, 970.917297363, 735.711608887, 439.012695312, 374.360290527, 383.471008301, 346.993041992, 433.339141846, 402.197052002, 122.804656982, 74.9369735718, 28.8329277039, 26.1091594696, 4.87767839432, 2.13937067986, 0.505849599838, 0.0328186750412], "dvar2": [1.86481189728, 34.9213676453, 42.6856002808, 136.330856323, 157.653244019, 7985.41845703, 1622.6817627, 2222.57958984, 1988.60217285, 2958.34472656, 3332.33227539, 2926.36035156, 3172.47998047, 2596.95629883, 1317.59020996, 1068.06115723, 1249.94055176, 3729.05175781, 4324.87451172, 1288.06884766, 896.654602051, 993.573486328, 1833.91589355, 2185.1472168, 1515.62670898, 1490.46435547, 963.071166992, 626.43572998, 731.410522461, 546.525268555, 500.141601562, 274.657623291, 51.0634002686, 13.2408685684, 2.56628298759, 0.550171911716, 0.162710487843, 0.0577841810882, 0.00258881482296, 1.0988394024e-05], "median": [0.0196691304445, 0.191575363278, 0.872715234756, 1.74502515793, 2.48010969162, 3.78148937225, 4.41319227219, 7.99084329605, 8.02323913574, 7.59108829498, 6.42667579651, 7.416680336, 7.40729618073, 4.84630870819, 5.71502971649, 4.84145498276, 3.5060133934, 4.48314666748, 5.1395483017, 4.18779230118, 3.70591568947, 4.35122537613, 4.29743862152, 5.01280879974, 5.60975408554, 5.01820850372, 4.41666507721, 3.31533408165, 2.62195491791, 2.03304409981, 1.33551096916, 0.88486790657, 0.44158193469, 0.188882470131, 0.0845621004701, 0.0344357155263, 0.0109093030915, 0.00266339164227, 0.000315899349516, 4.58088798041e-05], "dmean2": [0.403905212879, 1.92240071297, 2.77129364014, 5.98988056183, 6.67657899857, 24.7649383545, 15.5666131973, 23.4071731567, 21.2977237701, 23.4656162262, 24.1922912598, 21.9492664337, 23.7271957397, 17.7403755188, 15.6551332474, 12.5863494873, 11.9814815521, 19.2260818481, 18.5762615204, 12.3504562378, 12.0028781891, 12.7092370987, 14.3634653091, 17.0528850555, 16.3165073395, 16.7288684845, 14.6764545441, 11.4193677902, 11.4631090164, 9.58710479736, 7.40042829514, 5.46343660355, 2.7315890789, 1.26463401318, 0.573529541492, 0.297875255346, 0.161414965987, 0.0842953398824, 0.0169800464064, 0.00110593647696], "dmean": [0.247855111957, 1.12549674511, 1.60989367962, 3.58929419518, 3.94484424591, 14.1005477905, 9.30252456665, 14.5733880997, 13.3066663742, 14.7757234573, 15.4556789398, 14.0197286606, 15.5122375488, 11.528711319, 10.2808008194, 8.16800498962, 7.89390563965, 12.8836317062, 12.359459877, 7.84171867371, 7.44462823868, 7.79076910019, 8.80005931854, 10.4083299637, 10.1893835068, 10.1946191788, 9.0862865448, 7.27751731873, 7.13226366043, 6.12816476822, 4.90680503845, 3.64248323441, 1.78528046608, 0.831218957901, 0.374817937613, 0.194219961762, 0.0994301438332, 0.0497688651085, 0.00990448519588, 0.000649755471386], "var": [0.701095342636, 10.6048259735, 13.0214681625, 84.1812210083, 80.8927764893, 1949.10791016, 598.078552246, 1639.47949219, 1319.5020752, 2145.77758789, 2501.0390625, 2411.79223633, 3584.46386719, 3397.85058594, 1339.28356934, 982.583496094, 1749.06066895, 4804.68066406, 13544.8232422, 1455.31567383, 549.188598633, 692.119384766, 966.955200195, 892.348449707, 1053.55444336, 733.913696289, 656.212646484, 471.549804688, 425.867767334, 370.362701416, 350.281799316, 246.852233887, 48.1162223816, 11.2021636963, 2.12337732315, 0.471244871616, 0.0719417482615, 0.01762573421, 0.000752217660192, 3.21088145938e-06], "dvar": [0.756348133087, 13.5275640488, 15.237203598, 50.3529815674, 57.9659805298, 2864.36450195, 605.659545898, 909.98425293, 817.287841797, 1199.92626953, 1367.15649414, 1241.24108887, 1473.06298828, 1083.57287598, 571.351989746, 480.79019165, 637.379638672, 1928.04406738, 2180.29003906, 603.346435547, 352.140655518, 389.945617676, 726.828125, 827.431945801, 672.190979004, 588.801452637, 411.495422363, 288.198028564, 314.613952637, 247.231002808, 224.854568481, 133.136657715, 23.8952999115, 6.03908872604, 1.17342591286, 0.269752115011, 0.0672176852822, 0.0226574297994, 0.00100704410579, 4.28100202043e-06], "mean": [0.230137571692, 1.03900551796, 2.06174659729, 5.59691905975, 5.91922235489, 13.7703227997, 11.7169504166, 22.2077922821, 20.0154590607, 23.3991718292, 23.9317779541, 23.5239295959, 26.126657486, 20.227432251, 18.2172279358, 13.7450637817, 12.7815189362, 20.4157390594, 23.9514389038, 12.7932090759, 11.2651996613, 11.8036003113, 12.5817508698, 14.6500635147, 14.9180784225, 14.0773773193, 13.4934682846, 11.1581830978, 9.77644729614, 8.23638916016, 6.87585067749, 5.25806427002, 2.60062623024, 1.15156710148, 0.499694913626, 0.233731433749, 0.0966861173511, 0.0387158989906, 0.0071896770969, 0.000491170270834]}, "zerocrossingrate": {"min": 0, "max": 0.4912109375, "dvar2": 0.000691030116286, "median": 0.05712890625, "dmean2": 0.0216473657638, "dmean": 0.01870213449, "var": 0.00301950774156, "dvar": 0.000576725637075, "mean": 0.0710008218884}, "spectral_contrast_coeffs": {"min": [-0.97384083271, -0.965561211109, -0.965950012207, -0.958910822868, -0.95895165205, -0.958980977535], "max": [-0.228398934007, -0.278131693602, -0.372275084257, -0.463245719671, -0.50586605072, -0.539163589478], "dvar2": [0.00636707898229, 0.00469850515947, 0.00274605653249, 0.00178609008435, 0.00104701437522, 0.00122789002489], "median": [-0.649007916451, -0.731910824776, -0.769590318203, -0.786846160889, -0.799455761909, -0.755855917931], "dmean2": [0.0908131599426, 0.0821313709021, 0.0628949701786, 0.0518416650593, 0.038210734725, 0.035900272429], "dmean": [0.0559922866523, 0.0510368198156, 0.0398850925267, 0.0330355912447, 0.0239342357963, 0.0231022741646], "var": [0.0111934542656, 0.0086117060855, 0.0066103041172, 0.00354223838076, 0.00202777306549, 0.0025883493945], "dvar": [0.00258571538143, 0.00196231831796, 0.00120948988479, 0.000780873000622, 0.000444343721028, 0.000530016724952], "mean": [-0.647064208984, -0.71933567524, -0.761445999146, -0.781106650829, -0.797897398472, -0.759022772312]}, "dissonance": {"min": 0.178760170937, "max": 0.500000059605, "dvar2": 0.00116538151633, "median": 0.468618512154, "dmean2": 0.0331756398082, "dmean": 0.0201357845217, "var": 0.00146220310125, "dvar": 0.000454778666608, "mean": 0.457543939352}, "spectral_energyband_high": {"min": 4.39176516334e-12, "max": 0.0331080667675, "dvar2": 6.86386920279e-06, "median": 0.000420473254053, "dmean2": 0.00131440581754, "dmean": 0.000863540393766, "var": 6.23006917522e-06, "dvar": 3.3099954635e-06, "mean": 0.00136769749224}, "spectral_skewness": {"min": -0.239663526416, "max": 9.25773429871, "dvar2": 0.184907928109, "median": 1.33313632011, "dmean2": 0.385163813829, "dmean": 0.245474249125, "var": 0.434136539698, "dvar": 0.0762287378311, "mean": 1.44054353237}, "spectral_flux": {"min": 5.57543762625e-06, "max": 0.432250529528, "dvar2": 0.00408396311104, "median": 0.0718487501144, "dmean2": 0.0486355870962, "dmean": 0.0311960354447, "var": 0.00430079270154, "dvar": 0.00191291666124, "mean": 0.0837026163936}, "silence_rate_30dB": {"min": 0, "max": 1, "dvar2": 0.0769103392959, "median": 1, "dmean2": 0.0594565495849, "dmean": 0.0297262761742, "var": 0.0188612956554, "dvar": 0.0288438629359, "mean": 0.980766654015}, "spectral_energyband_middle_high": {"min": 5.49289736959e-12, "max": 0.0582426413894, "dvar2": 1.36646422106e-05, "median": 0.00191289791837, "dmean2": 0.00217343703844, "dmean": 0.0014819939388, "var": 2.86879840132e-05, "dvar": 6.47837987344e-06, "mean": 0.00361844454892}, "barkbands_spread": {"min": 0.0864170640707, "max": 120.704986572, "dvar2": 357.671447754, "median": 18.8758926392, "dmean2": 15.1791172028, "dmean": 9.60272216797, "var": 323.519073486, "dvar": 153.382125854, "mean": 23.6112976074}, "spectral_centroid": {"min": 91.8810424805, "max": 11117.1787109, "dvar2": 525085.875, "median": 1184.10070801, "dmean2": 589.257446289, "dmean": 377.769195557, "var": 696919.9375, "dvar": 235872.859375, "mean": 1370.13818359}, "pitch_salience": {"min": 0.00982575956732, "max": 0.91910725832, "dvar2": 0.0190132409334, "median": 0.576169192791, "dmean2": 0.139291882515, "dmean": 0.0873425453901, "var": 0.0219340268523, "dvar": 0.00789334438741, "mean": 0.55081653595}, "erbbands_skewness": {"min": -5.36509275436, "max": 11.7260818481, "dvar2": 0.893940985203, "median": 0.508791089058, "dmean2": 0.82214653492, "dmean": 0.544406652451, "var": 1.45012295246, "dvar": 0.411230027676, "mean": 0.583674967289}, "erbbands_crest": {"min": 2.02445483208, "max": 32.6680793762, "dvar2": 19.500617981, "median": 8.03849601746, "dmean2": 4.66966056824, "dmean": 2.90166378021, "var": 31.6547431946, "dvar": 8.27464675903, "mean": 9.74041557312}, "melbands": {"min": [9.55974882588e-13, 4.54979532782e-13, 6.34326236828e-14, 4.04134767372e-14, 4.94454534283e-14, 6.91973401864e-14, 4.31881262794e-14, 2.47279579896e-14, 2.31582839656e-14, 6.13846606466e-14, 3.30299887918e-14, 3.78497282344e-14, 3.70220821773e-14, 3.77461733744e-14, 1.62747351945e-14, 3.37709257802e-14, 4.19146190195e-14, 6.92775245604e-15, 5.28528696164e-15, 6.90661940752e-15, 8.41883495155e-15, 4.66664196435e-14, 5.63317770793e-14, 1.40269206637e-14, 3.17157892221e-15, 1.33808877878e-14, 1.37309512583e-14, 7.40829330525e-15, 1.7440872558e-14, 1.6734164171e-14, 1.03806022209e-14, 1.47241024711e-14, 8.48238359842e-15, 4.06439272971e-15, 3.25109625771e-15, 5.65695104285e-15, 5.10569056583e-15, 2.53058081014e-15, 2.85513016597e-15, 5.08166320574e-15], "max": [0.0685767903924, 0.0278325323015, 0.0138670532033, 0.0283398851752, 0.0175858382136, 0.0135792503133, 0.0150925274938, 0.0108564030379, 0.00619550654665, 0.00899733230472, 0.00836313981563, 0.00803781859577, 0.00353708071634, 0.00256039318629, 0.00239669089206, 0.0039422432892, 0.00399725744501, 0.0048791160807, 0.00366674060933, 0.00142106949352, 0.000772657047492, 0.000708908715751, 0.000753151194658, 0.00182313250843, 0.00104941474274, 0.00087384035578, 0.000822589092422, 0.00065794197144, 0.000454829365481, 0.000246826588409, 0.000221962778596, 0.000201975097298, 0.000207288350794, 0.000198804598767, 0.000260843022261, 0.000278382416582, 0.000231508034631, 9.54739080044e-05, 8.12676225905e-05, 8.60112195369e-05], "dvar2": [0.00010508561536, 1.71384399437e-05, 3.20738331538e-06, 1.28794990815e-05, 4.047875791e-06, 9.25696554077e-07, 4.44163759994e-07, 3.92370310465e-07, 1.91481447587e-07, 1.2730534138e-07, 8.52484021152e-08, 5.23948386899e-08, 1.31189219488e-08, 1.04147641622e-08, 5.38517896942e-09, 1.41250975361e-08, 1.75626375665e-08, 1.3861127357e-08, 7.46893658032e-09, 2.1534898309e-09, 1.31702149186e-09, 1.26759613917e-09, 1.9568895393e-09, 1.87581772337e-09, 1.85086679316e-09, 9.10770681095e-10, 9.4719310173e-10, 7.67198637952e-10, 5.53152024185e-10, 2.69060079772e-10, 2.4165597301e-10, 2.28018423587e-10, 3.14960141301e-10, 1.59263865984e-10, 1.90437887682e-10, 1.48123721622e-10, 1.16124297678e-10, 2.97040898822e-11, 2.0952259025e-11, 8.68585585401e-12], "median": [0.000205789081519, 0.000454887456726, 0.000344800355379, 0.000249186501605, 0.000174738568603, 0.000182099640369, 0.000119214768347, 7.76804081397e-05, 4.52408348792e-05, 4.27778395533e-05, 3.50524132955e-05, 1.70135645021e-05, 1.68269816641e-05, 1.53049659275e-05, 7.04029207554e-06, 6.10418783253e-06, 7.57657289796e-06, 7.67791971157e-06, 5.7924326029e-06, 4.8067431635e-06, 3.61812635674e-06, 3.92993206333e-06, 3.79051743948e-06, 3.3243368307e-06, 3.77946435037e-06, 3.54041912942e-06, 3.78692948289e-06, 2.98390659736e-06, 2.7330706871e-06, 2.2564563551e-06, 1.64181085438e-06, 1.37640381581e-06, 1.37088318297e-06, 9.50314586134e-07, 7.42692350286e-07, 6.27733527381e-07, 4.85889415813e-07, 3.16256233646e-07, 2.08013361203e-07, 1.31568810957e-07], "dmean2": [0.00314263463952, 0.00164429575671, 0.00096296594711, 0.00111014093272, 0.000678760465235, 0.000493011553772, 0.000320370221743, 0.000273513694992, 0.000186772624147, 0.000145490121213, 0.000122026583995, 7.74616273702e-05, 4.84538504679e-05, 4.16660041083e-05, 2.77301751339e-05, 3.14281896863e-05, 4.02968689741e-05, 3.23550630128e-05, 2.30036366702e-05, 1.64540851983e-05, 1.4339457266e-05, 1.37613769766e-05, 1.46620732266e-05, 1.31813812914e-05, 1.50181867866e-05, 1.20298309412e-05, 1.26498398458e-05, 1.14031445264e-05, 1.03405300251e-05, 7.97302345745e-06, 6.73592376188e-06, 6.40461803414e-06, 6.97635732649e-06, 5.03963883602e-06, 4.5576048251e-06, 3.86255396734e-06, 3.38274230671e-06, 2.03473155125e-06, 1.6139958916e-06, 9.46636532717e-07], "dmean": [0.00191111199092, 0.000987502629869, 0.000575431331526, 0.000637164630461, 0.000400985823944, 0.000306728936266, 0.000200229434995, 0.000173988344613, 0.000118896416097, 9.320324898e-05, 7.96607855591e-05, 5.02329712617e-05, 3.17089652526e-05, 2.72242668871e-05, 1.78225000127e-05, 2.07629545912e-05, 2.66522456513e-05, 2.14660703932e-05, 1.47721593748e-05, 1.02240928754e-05, 8.79316485225e-06, 8.44179612614e-06, 8.84942892299e-06, 8.13431870483e-06, 9.06177228899e-06, 7.41066742194e-06, 7.76660090196e-06, 6.87249712428e-06, 6.31307511867e-06, 5.02257807966e-06, 4.2247888814e-06, 3.97352869186e-06, 4.27273835157e-06, 3.24909956362e-06, 2.98240206575e-06, 2.56178009295e-06, 2.21532468458e-06, 1.31036995299e-06, 1.03980994481e-06, 6.15345868482e-07], "var": [3.83059341402e-05, 5.77489163334e-06, 2.04577622753e-06, 3.36576590598e-06, 1.26685063151e-06, 6.75719093124e-07, 2.89902118311e-07, 3.10234469225e-07, 1.52328340164e-07, 1.1050044435e-07, 9.5676540468e-08, 6.54758309793e-08, 1.45782710348e-08, 9.4050243149e-09, 5.28895016672e-09, 1.87443802702e-08, 2.12842365954e-08, 3.93990085001e-08, 1.25947234864e-08, 1.31650490509e-09, 7.67172825267e-10, 8.31809121582e-10, 8.88067952509e-10, 1.01752239967e-09, 6.82519651907e-10, 5.55056223206e-10, 5.79739811712e-10, 3.19266169058e-10, 3.35201533197e-10, 2.07358935578e-10, 1.56324869716e-10, 1.34750238745e-10, 1.49293244434e-10, 1.12932385665e-10, 1.22962043325e-10, 1.17530082888e-10, 9.02822192006e-11, 2.55018697132e-11, 1.59916472425e-11, 6.55813901448e-12], "dvar": [4.24292120442e-05, 6.64651633997e-06, 1.17619379125e-06, 4.62891330244e-06, 1.50206255967e-06, 3.75489634052e-07, 1.82885742106e-07, 1.62614512078e-07, 7.94852184072e-08, 5.45196527924e-08, 3.96363724064e-08, 2.16955395871e-08, 5.81713832659e-09, 4.71572247918e-09, 2.63931831945e-09, 7.38467642591e-09, 8.99370533602e-09, 6.9509491496e-09, 3.77764930448e-09, 8.95411800261e-10, 5.16593989808e-10, 5.03340258362e-10, 7.2977435206e-10, 7.82514997244e-10, 6.89661716624e-10, 3.81826459339e-10, 4.13817397016e-10, 2.90474200249e-10, 2.28771002142e-10, 1.20339849197e-10, 1.07013321815e-10, 9.88107026756e-11, 1.27752391998e-10, 7.32313445995e-11, 8.42935860002e-11, 6.87704476698e-11, 5.31254172598e-11, 1.34652263298e-11, 9.24186074891e-12, 3.83712419477e-12], "mean": [0.00179229222704, 0.00118120934349, 0.000935459393077, 0.000701165699866, 0.000474577042041, 0.000473289052024, 0.000298558996292, 0.000272454723017, 0.000181719573447, 0.000152622757014, 0.000131888969918, 8.44693277031e-05, 5.49459073227e-05, 4.5745899115e-05, 2.70232794719e-05, 3.10875184368e-05, 3.93066766264e-05, 4.02391924581e-05, 2.34939088841e-05, 1.47312111949e-05, 1.24880380099e-05, 1.2059731489e-05, 1.18844836834e-05, 1.11471836135e-05, 1.20200011224e-05, 1.02137364593e-05, 1.07905798359e-05, 8.91272247827e-06, 8.67955259309e-06, 7.54530947233e-06, 6.03848502578e-06, 5.38937410965e-06, 5.2548534768e-06, 4.30386398875e-06, 3.97884650738e-06, 3.66136714547e-06, 3.04141576635e-06, 1.87438649846e-06, 1.39352925999e-06, 8.2191132833e-07]}, "spectral_entropy": {"min": 3.93054485321, "max": 9.80116462708, "dvar2": 0.136218041182, "median": 7.69060134888, "dmean2": 0.329961657524, "dmean": 0.227877527475, "var": 0.404911071062, "dvar": 0.0690232887864, "mean": 7.55643033981}, "spectral_rolloff": {"min": 21.533203125, "max": 17420.3613281, "dvar2": 7228024.5, "median": 861.328125, "dmean2": 1597.89404297, "dmean": 942.954711914, "var": 5391479.5, "dvar": 3203616.25, "mean": 1750.96398926}, "barkbands": {"min": [2.52564722608e-12, 2.46108190251e-12, 8.14813711295e-14, 1.89462242553e-13, 2.53797661056e-13, 3.28849713302e-13, 1.98862031443e-13, 5.64518321412e-14, 4.76911424848e-13, 2.65405048199e-13, 2.59922996754e-13, 3.30949921331e-13, 3.25685984258e-13, 3.2164719564e-13, 5.54794146008e-14, 1.0227487802e-13, 8.26168181176e-13, 4.62256101452e-13, 2.69443430241e-13, 3.15993379466e-13, 6.45522426745e-13, 5.58619556862e-13, 2.61012565728e-13, 3.10070328788e-13, 4.95965681718e-13, 3.33799909371e-13, 1.75135090891e-12], "max": [0.0217611622065, 0.194447726011, 0.0539000853896, 0.0361141636968, 0.13315024972, 0.0557404197752, 0.0695959702134, 0.0422958210111, 0.050235055387, 0.0526663921773, 0.0369006842375, 0.0179806109518, 0.032159730792, 0.0469015575945, 0.047239061445, 0.0137911280617, 0.0119256181642, 0.024510981515, 0.0191355030984, 0.0133370021358, 0.0103375138715, 0.00952472910285, 0.0129469297826, 0.0127924205735, 0.00493414700031, 0.00354811246507, 0.00289144855924], "dvar2": [4.9691852837e-06, 0.00101876666304, 3.77204050892e-05, 1.59005794558e-05, 0.00026189853088, 2.05820833798e-05, 1.01781752164e-05, 9.74916110863e-06, 5.09108576807e-06, 3.87062527807e-06, 8.82340032149e-07, 7.05330819528e-07, 1.4437223399e-06, 2.29282431974e-06, 1.48865422034e-06, 3.47592759908e-07, 3.15890389402e-07, 6.7487655997e-07, 7.06132993855e-07, 6.58995531921e-07, 4.2255567223e-07, 5.76400736918e-07, 5.30954537226e-07, 3.31002723897e-07, 6.82452707679e-08, 4.24682724542e-08, 1.00127330427e-07], "median": [1.28530173242e-05, 0.000796570093371, 0.0007176893414, 0.00045796460472, 0.00107747712173, 0.000891813659109, 0.000442425662186, 0.000290968222544, 0.00029219663702, 0.000151178188389, 0.000107305466372, 0.0001247508917, 5.9533813328e-05, 7.68281897763e-05, 7.77067616582e-05, 6.52094895486e-05, 7.15339556336e-05, 7.53317872295e-05, 0.000103598111309, 0.000107565763756, 9.53828421189e-05, 7.28875165805e-05, 4.90987295052e-05, 3.39476355293e-05, 1.48086946865e-05, 6.64846356813e-06, 1.97864846996e-06], "dmean2": [0.000627156812698, 0.0100972354412, 0.00276937964372, 0.00216568890028, 0.00493460893631, 0.0023549918551, 0.00142651086207, 0.00135279912502, 0.000965301005635, 0.000731291191187, 0.000364308740245, 0.000345596665284, 0.000310483534122, 0.000429190025898, 0.000338453275617, 0.000229053854127, 0.000232640013564, 0.000281116459519, 0.000331796501996, 0.000360498583177, 0.0003172562283, 0.000319033511914, 0.000258407468209, 0.00020376057364, 9.49184031924e-05, 8.53308883961e-05, 0.000106447019789], "dmean": [0.000446002086392, 0.00606756936759, 0.00159482506569, 0.0013055059826, 0.00284860143438, 0.00144930335227, 0.000884376640897, 0.000872727308888, 0.000617678044364, 0.00047409007675, 0.000234639795963, 0.000225113602937, 0.000198260167963, 0.00027907214826, 0.000218813744141, 0.000140743417433, 0.000142557590152, 0.000173955879291, 0.00020309764659, 0.000220471047214, 0.000199873393285, 0.000199279791559, 0.000172012820258, 0.000134704139782, 6.25905449851e-05, 5.34051723662e-05, 6.21393992333e-05], "var": [3.16632622344e-06, 0.000356840988388, 1.23402469399e-05, 1.2494722796e-05, 6.99892698321e-05, 1.36166236189e-05, 6.289157227e-06, 7.91116872279e-06, 4.48470973424e-06, 4.69323140351e-06, 9.97213533083e-07, 6.99814279415e-07, 1.30708497181e-06, 2.86654653792e-06, 3.75112722395e-06, 2.09471892276e-07, 2.25624390282e-07, 3.49914586195e-07, 3.57585918209e-07, 3.51342293925e-07, 3.32432051664e-07, 3.359717482e-07, 4.02336240768e-07, 3.17065484978e-07, 6.01048810722e-08, 2.22452190002e-08, 2.9423510739e-08], "dvar": [2.46935019277e-06, 0.000408248772146, 1.32301966005e-05, 6.00829889663e-06, 9.51179099502e-05, 8.139268175e-06, 4.17927003582e-06, 4.1009798224e-06, 2.18793161366e-06, 1.70125031218e-06, 3.90635506164e-07, 3.27770521835e-07, 6.50590493478e-07, 1.13168073312e-06, 7.68590041389e-07, 1.39604011906e-07, 1.2406968608e-07, 2.68433041128e-07, 2.83917898969e-07, 2.66934051751e-07, 1.92807547705e-07, 2.48098331213e-07, 2.46330444043e-07, 1.60630889923e-07, 3.17962047802e-08, 1.8251220979e-08, 3.91155552393e-08], "mean": [0.000471911887871, 0.00572972372174, 0.00201136781834, 0.0020556258969, 0.00312762241811, 0.00220621586777, 0.00127470400184, 0.00132158573251, 0.00100582640152, 0.000793576589786, 0.000383429578505, 0.000373957242118, 0.000283323868643, 0.000418502575485, 0.000372227892512, 0.000204023657716, 0.000210394020542, 0.000242495720158, 0.000283318891888, 0.000304584566038, 0.000308232090902, 0.000268429343123, 0.000243285670877, 0.000197466128157, 8.57012346387e-05, 5.47919808014e-05, 4.51006599178e-05]}, "melbands_flatness_db": {"min": 0.0131969898939, "max": 0.749460458755, "dvar2": 0.00398230319843, "median": 0.19116345048, "dmean2": 0.0570322833955, "dmean": 0.0380906239152, "var": 0.008853639476, "dvar": 0.00179540435784, "mean": 0.207937404513}, "melbands_skewness": {"min": -3.53920912743, "max": 27.7922763824, "dvar2": 5.720662117, "median": 2.70425987244, "dmean2": 1.83653914928, "dmean": 1.1829880476, "var": 6.07406616211, "dvar": 2.43558573723, "mean": 3.28920459747}, "barkbands_skewness": {"min": -7.5005068779, "max": 43.2505378723, "dvar2": 4.16148281097, "median": 1.65618014336, "dmean2": 1.43155741692, "dmean": 0.932911515236, "var": 4.38982963562, "dvar": 1.7792276144, "mean": 2.04032349586}, "silence_rate_60dB": {"min": 0, "max": 1, "dvar2": 0.0851308405399, "median": 0, "dmean2": 0.0820554196835, "dmean": 0.0410249494016, "var": 0.123885564506, "dvar": 0.039343431592, "mean": 0.144855409861}, "spectral_energyband_low": {"min": 4.4990925048e-12, "max": 0.212621420622, "dvar2": 0.00105431315023, "median": 0.00314519740641, "dmean2": 0.0121763683856, "dmean": 0.00764156784862, "var": 0.000472006155178, "dvar": 0.000451334315585, "mean": 0.00949767231941}, "spectral_energyband_middle_low": {"min": 1.64670338997e-12, "max": 0.154553279281, "dvar2": 0.000347474997398, "median": 0.00754817388952, "dmean2": 0.00880831480026, "dmean": 0.00550517672673, "var": 0.000182310061064, "dvar": 0.000132225410198, "mean": 0.0112574091181}, "melbands_kurtosis": {"min": -1.95041227341, "max": 1089.11328125, "dvar2": 3917.46435547, "median": 10.5022039413, "dmean2": 27.4414367676, "dmean": 16.8791503906, "var": 2378.78125, "dvar": 1544.35021973, "mean": 25.7920570374}, "spectral_decrease": {"min": -5.77523273648e-08, "max": 2.01656937676e-11, "dvar2": 8.22313018608e-17, "median": -3.99855260014e-09, "dmean2": 4.68872940473e-09, "dmean": 3.03348568487e-09, "var": 4.97436145579e-17, "dvar": 3.53867998399e-17, "mean": -5.94318416702e-09}, "erbbands_kurtosis": {"min": -1.9292100668, "max": 199.807327271, "dvar2": 56.8410720825, "median": -0.154294848442, "dmean2": 2.98685860634, "dmean": 1.92016994953, "var": 50.1101074219, "dvar": 24.9902973175, "mean": 1.59351670742}, "melbands_crest": {"min": 2.297539711, "max": 39.8524742126, "dvar2": 33.3984680176, "median": 13.9878540039, "dmean2": 6.23931741714, "dmean": 3.94417905807, "var": 45.0050086975, "dvar": 14.5988559723, "mean": 15.3412342072}, "gfcc": {"cov": [[15736.3789062, -950.63482666, -1230.73706055, 466.506469727, -856.771118164, 485.134124756, 72.6672897339, 239.652008057, -414.845916748, -194.892929077, -291.196105957, -507.6612854, -593.102416992], [-950.63482666, 1937.15356445, -106.448097229, 5.88689136505, 215.85585022, -65.4926528931, 103.026321411, -72.706741333, 66.3956375122, -75.5509796143, 21.7717437744, -64.8302230835, 81.1871261597], [-1230.73706055, -106.448097229, 1187.83776855, 232.498672485, 320.082611084, 26.9396057129, -49.5611915588, -11.337231636, 18.2046852112, -13.0209474564, -31.0184211731, 52.5634765625, -16.0407218933], [466.506469727, 5.88689136505, 232.498672485, 675.755126953, 149.326278687, 123.869033813, -16.7091464996, 16.9536266327, -1.88322615623, -52.2330818176, -52.4649085999, -46.5604896545, -66.3207397461], [-856.771118164, 215.85585022, 320.082611084, 149.326278687, 486.77633667, 90.1993560791, 75.5450820923, 2.69092917442, 58.2131690979, 1.9730733633, -19.9813556671, 11.1386528015, 15.0961074829], [485.134124756, -65.4926528931, 26.9396057129, 123.869033813, 90.1993560791, 328.798095703, 91.5031661987, 87.4676208496, 0.921794176102, 10.8224039078, -16.4596157074, -39.4775886536, -40.9169807434], [72.6672897339, 103.026321411, -49.5611915588, -16.7091464996, 75.5450820923, 91.5031661987, 257.775482178, 70.2663345337, 51.4048576355, 24.538854599, 30.3654499054, -2.24389529228, -2.00186109543], [239.652008057, -72.706741333, -11.337231636, 16.9536266327, 2.69092917442, 87.4676208496, 70.2663345337, 170.475967407, 54.8626556396, 37.7905921936, 12.0639457703, -6.74682760239, -0.953341841698], [-414.845916748, 66.3956375122, 18.2046852112, -1.88322615623, 58.2131690979, 0.921794176102, 51.4048576355, 54.8626556396, 152.928848267, 68.9519500732, 41.1659011841, 23.1280536652, 34.1990852356], [-194.892929077, -75.5509796143, -13.0209474564, -52.2330818176, 1.9730733633, 10.8224039078, 24.538854599, 37.7905921936, 68.9519500732, 139.567886353, 77.8744430542, 34.5184173584, 24.5374641418], [-291.196105957, 21.7717437744, -31.0184211731, -52.4649085999, -19.9813556671, -16.4596157074, 30.3654499054, 12.0639457703, 41.1659011841, 77.8744430542, 144.903808594, 68.8942871094, 46.5005455017], [-507.6612854, -64.8302230835, 52.5634765625, -46.5604896545, 11.1386528015, -39.4775886536, -2.24389529228, -6.74682760239, 23.1280536652, 34.5184173584, 68.8942871094, 132.615447998, 72.5354614258], [-593.102416992, 81.1871261597, -16.0407218933, -66.3207397461, 15.0961074829, -40.9169807434, -2.00186109543, -0.953341841698, 34.1990852356, 24.5374641418, 46.5005455017, 72.5354614258, 130.121902466]], "icov": [[0.00010481884965, 2.23086317419e-05, 8.60842192196e-05, -7.92171704234e-05, 0.000129936932353, -6.72093010508e-05, -4.45107361884e-05, -0.000130118613015, 0.000191842453205, -7.30645297153e-06, 3.59900222975e-05, 0.000113381764095, 0.000271132244961], [2.23086317419e-05, 0.000709769374225, 0.000111365079647, -1.59101418831e-05, -0.000327421206748, 0.000162137235748, -0.000244656432187, 0.000331546354573, -0.000355194963049, 0.000751963816583, -0.000626449182164, 0.0010105749825, -0.000635823816992], [8.60842192196e-05, 0.000111365079647, 0.0012385022128, -0.000289001502097, -0.000702845456544, 7.56577646825e-05, 0.000333777657943, -0.00021917981212, 0.000134841553518, 5.62696004636e-05, 0.000196328794118, -0.000644532905426, 0.000680209021084], [-7.92171704234e-05, -1.59101418831e-05, -0.000289001502097, 0.0019622175023, -0.000479032227304, -0.000578486884478, 0.000515850901138, 4.97428845847e-06, -0.000593214819673, 0.000871038471814, -0.000261981913354, 9.33889241423e-05, 0.00052819197299], [0.000129936932353, -0.000327421206748, -0.000702845456544, -0.000479032227304, 0.0034917097073, -0.00089481275063, -0.000923765299376, 0.000689256121404, -0.000718775496352, -0.000415888935095, 0.00116009579506, -0.000367249536794, -0.000172393600224], [-6.72093010508e-05, 0.000162137235748, 7.56577646825e-05, -0.000578486884478, -0.00089481275063, 0.00456659216434, -0.00109463743865, -0.0018625826342, 0.00123391125817, -0.000711739237886, 3.84143932024e-05, 0.000755700864829, 0.000191198225366], [-4.45107361884e-05, -0.000244656432187, 0.000333777657943, 0.000515850901138, -0.000923765299376, -0.00109463743865, 0.00545869627967, -0.00145908282138, -0.00115121388808, 0.000776210508775, -0.00130998948589, -0.000262974266661, 0.000861009059008], [-0.000130118613015, 0.000331546354573, -0.00021917981212, 4.97428845847e-06, 0.000689256121404, -0.0018625826342, -0.00145908282138, 0.00885660387576, -0.00306533719413, -0.000694400107022, 0.000353562791133, 0.00064225809183, -0.0009954321431], [0.000191842453205, -0.000355194963049, 0.000134841553518, -0.000593214819673, -0.000718775496352, 0.00123391125817, -0.00115121388808, -0.00306533719413, 0.0112120769918, -0.00484147667885, 0.000452283071354, 0.000205555988941, -0.00106849789154], [-7.30645297153e-06, 0.000751963816583, 5.62696004636e-05, 0.000871038471814, -0.000415888935095, -0.000711739237886, 0.000776210508775, -0.000694400107022, -0.00484147667885, 0.0138153322041, -0.00664394535124, 0.000970706751104, 0.000280141131952], [3.59900222975e-05, -0.000626449182164, 0.000196328794118, -0.000261981913354, 0.00116009579506, 3.84143932024e-05, -0.00130998948589, 0.000353562791133, 0.000452283071354, -0.00664394535124, 0.0136786168441, -0.00575135694817, -0.000242654030444], [0.000113381764095, 0.0010105749825, -0.000644532905426, 9.33889241423e-05, -0.000367249536794, 0.000755700864829, -0.000262974266661, 0.00064225809183, 0.000205555988941, 0.000970706751104, -0.00575135694817, 0.015352842398, -0.00660477345809], [0.000271132244961, -0.000635823816992, 0.000680209021084, 0.00052819197299, -0.000172393600224, 0.000191198225366, 0.000861009059008, -0.0009954321431, -0.00106849789154, 0.000280141131952, -0.000242654030444, -0.00660477345809, 0.0137532800436]], "mean": [-30.7646961212, 71.7654342651, -98.2401199341, 31.2866344452, -61.9838867188, 2.85197067261, -30.9712924957, 2.16782140732, -18.4085502625, 2.67669892311, -12.5820446014, 0.568077087402, -9.51124572754]}, "melbands_spread": {"min": 0.117663085461, "max": 278.405151367, "dvar2": 823.852172852, "median": 16.8078041077, "dmean2": 17.6919879913, "dmean": 11.2623720169, "var": 756.159973145, "dvar": 374.968048096, "mean": 24.4423732758}, "spectral_energy": {"min": 2.47772202061e-11, "max": 0.219605237246, "dvar2": 0.00119901867583, "median": 0.0166365448385, "dmean2": 0.0183084923774, "dmean": 0.0119512490928, "var": 0.000772354833316, "dvar": 0.000520047324244, "mean": 0.0242777839303}, "mfcc": {"cov": [[14240.7480469, -328.261932373, -760.220581055, -204.35333252, -554.802490234, 1.19943475723, 3.1939842701, 184.506072998, -12.0704536438, 139.473419189, 149.952850342, -31.2774353027, -441.971435547], [-328.261932373, 1550.12634277, -125.509368896, 24.9642486572, -12.5082406998, 11.0157985687, 56.1931648254, -4.83625125885, 50.7526473999, 16.7937831879, -11.9722595215, 0.0642080307007, -17.376914978], [-760.220581055, -125.509368896, 731.726928711, 212.187240601, 236.155792236, 70.8348312378, 23.7091236115, 38.8300170898, 3.47991538048, -18.3382987976, -3.72333288193, 15.0083942413, 16.6037845612], [-204.35333252, 24.9642486572, 212.187240601, 485.964874268, 208.326782227, 96.7797698975, 10.4006595612, 45.4328079224, 29.5297985077, -27.4199104309, 7.48229122162, 21.6733074188, 14.3097734451], [-554.802490234, -12.5082406998, 236.155792236, 208.326782227, 386.558685303, 126.203399658, 57.8875045776, 49.1921577454, 50.3219985962, 5.72259712219, 10.4490098953, 10.6115312576, 8.69441890717], [1.19943475723, 11.0157985687, 70.8348312378, 96.7797698975, 126.203399658, 225.556762695, 101.998413086, 66.2486724854, 43.9563713074, 22.2619018555, 41.5745277405, 15.0036773682, -2.52090740204], [3.1939842701, 56.1931648254, 23.7091236115, 10.4006595612, 57.8875045776, 101.998413086, 189.748184204, 87.2874298096, 47.3200492859, 39.7028007507, 37.0363197327, 19.7183227539, -0.118656232953], [184.506072998, -4.83625125885, 38.8300170898, 45.4328079224, 49.1921577454, 66.2486724854, 87.2874298096, 152.908050537, 72.5590515137, 24.8396396637, 29.628112793, 16.7448310852, -5.82763051987], [-12.0704536438, 50.7526473999, 3.47991538048, 29.5297985077, 50.3219985962, 43.9563713074, 47.3200492859, 72.5590515137, 146.687820435, 60.7310752869, 31.2834568024, 16.3239555359, 3.55926918983], [139.473419189, 16.7937831879, -18.3382987976, -27.4199104309, 5.72259712219, 22.2619018555, 39.7028007507, 24.8396396637, 60.7310752869, 141.188064575, 63.5712394714, 19.7213783264, 1.05290019512], [149.952850342, -11.9722595215, -3.72333288193, 7.48229122162, 10.4490098953, 41.5745277405, 37.0363197327, 29.628112793, 31.2834568024, 63.5712394714, 122.789672852, 45.8852462769, 9.19460487366], [-31.2774353027, 0.0642080307007, 15.0083942413, 21.6733074188, 10.6115312576, 15.0036773682, 19.7183227539, 16.7448310852, 16.3239555359, 19.7213783264, 45.8852462769, 108.745536804, 56.6728057861], [-441.971435547, -17.376914978, 16.6037845612, 14.3097734451, 8.69441890717, -2.52090740204, -0.118656232953, -5.82763051987, 3.55926918983, 1.05290019512, 9.19460487366, 56.6728057861, 122.784004211]], "icov": [[9.44950515986e-05, 2.75333768514e-05, 7.72975326981e-05, -3.88362423109e-05, 0.000123204517877, -4.72265601275e-05, 6.63673345116e-05, -0.000167824822711, 8.76933263498e-05, -8.56676197145e-05, -3.07209593302e-05, -0.000157249887707, 0.000393592024921], [2.75333768514e-05, 0.00069320271723, 0.000153970846441, -0.000136891001603, 7.50973485992e-05, 4.39143623225e-05, -0.000330999522703, 0.000274073245237, -0.00030444964068, -1.21767234305e-05, 0.000178462578333, -0.000147029786604, 0.000264048285317], [7.72975326981e-05, 0.000153970846441, 0.0018827104941, -0.000447091617389, -0.00083330477355, 6.79887016304e-05, 5.68580653635e-05, -0.000437063892605, 0.000493886822369, -9.60080651566e-05, 0.000144126504892, -0.000258187792497, 0.000232138918363], [-3.88362423109e-05, -0.000136891001603, -0.000447091617389, 0.00301450421102, -0.00121571135242, -0.000691582099535, 0.00086260389071, -0.000512077240273, -0.000205143456697, 0.000808435550425, -0.000188918202184, -0.000325703498675, -0.000238121807342], [0.000123204517877, 7.50973485992e-05, -0.00083330477355, -0.00121571135242, 0.00456154858693, -0.00156815792434, -0.00031673599733, 0.000196486260393, -0.000864929053932, -0.000155378787895, 0.000367785891285, 7.52509231461e-06, 0.000357690558303], [-4.72265601275e-05, 4.39143623225e-05, 6.79887016304e-05, -0.000691582099535, -0.00156815792434, 0.00734801217914, -0.00305492477491, -0.000363260303857, -0.000312464515446, 0.00054147595074, -0.00161769520491, 0.000463437085273, 6.09857961535e-05], [6.63673345116e-05, -0.000330999522703, 5.68580653635e-05, 0.00086260389071, -0.00031673599733, -0.00305492477491, 0.00917692203075, -0.00421489356086, 0.000755912391469, -0.00138702814002, -0.000111691457278, -0.00060579116689, 0.000130313812406], [-0.000167824822711, 0.000274073245237, -0.000437063892605, -0.000512077240273, 0.000196486260393, -0.000363260303857, -0.00421489356086, 0.0117743974552, -0.00490525178611, 0.00160917523317, -0.000677836302202, -0.000410822336562, 0.00045564348693], [8.76933263498e-05, -0.00030444964068, 0.000493886822369, -0.000205143456697, -0.000864929053932, -0.000312464515446, 0.000755912391469, -0.00490525178611, 0.0112472828478, -0.00432045059279, 0.000524071161635, -0.000313817843562, -0.000130945525598], [-8.56676197145e-05, -1.21767234305e-05, -9.60080651566e-05, 0.000808435550425, -0.000155378787895, 0.00054147595074, -0.00138702814002, 0.00160917523317, -0.00432045059279, 0.0114183779806, -0.00510650128126, 0.000584533496294, -0.000154248817125], [-3.07209593302e-05, 0.000178462578333, 0.000144126504892, -0.000188918202184, 0.000367785891285, -0.00161769520491, -0.000111691457278, -0.000677836302202, 0.000524071161635, -0.00510650128126, 0.0132305920124, -0.00503282481804, 0.00118647411], [-0.000157249887707, -0.000147029786604, -0.000258187792497, -0.000325703498675, 7.52509231461e-06, 0.000463437085273, -0.00060579116689, -0.000410822336562, -0.000313817843562, 0.000584533496294, -0.00503282481804, 0.0151416724548, -0.00713297398761], [0.000393592024921, 0.000264048285317, 0.000232138918363, -0.000238121807342, 0.000357690558303, 6.09857961535e-05, 0.000130313812406, 0.00045564348693, -0.000130945525598, -0.000154248817125, 0.00118647411, -0.00713297398761, 0.0128011582419]], "mean": [-677.817016602, 103.939529419, 15.1665430069, 28.0383968353, -5.11362171173, 3.96585702896, -4.00240802765, -0.101658076048, -3.49595284462, 3.82597589493, -3.66265439987, -0.628531455994, -1.09734547138]}, "spectral_contrast_valleys": {"min": [-26.790178299, -27.2441921234, -27.3574333191, -27.3643035889, -27.1767311096, -27.2596473694], "max": [-5.09245347977, -4.37852478027, -5.2658905983, -5.72483968735, -5.47911977768, -7.1833357811], "dvar2": [0.411760985851, 0.403540253639, 0.342928975821, 0.379033029079, 0.467587739229, 0.467166244984], "median": [-7.4272441864, -6.78517150879, -7.58479785919, -8.03631687164, -7.58368873596, -10.0549907684], "dmean2": [0.7171266675, 0.675954639912, 0.609332859516, 0.589238345623, 0.560393095016, 0.585257709026], "dmean": [0.446936279535, 0.43599703908, 0.399695932865, 0.398244738579, 0.389731645584, 0.44189414382], "var": [1.89059376717, 2.02964305878, 1.94223916531, 1.88960206509, 1.99010288715, 2.06326270103], "dvar": [0.184390828013, 0.192833334208, 0.171433448792, 0.189426794648, 0.223846435547, 0.241576045752], "mean": [-7.76343345642, -7.11158895493, -7.89518451691, -8.34841442108, -7.92802619934, -10.2647018433]}, "barkbands_flatness_db": {"min": 0.0144734513015, "max": 0.593656182289, "dvar2": 0.00244711269625, "median": 0.122045099735, "dmean2": 0.0454666726291, "dmean": 0.0303873922676, "var": 0.00573695497587, "dvar": 0.00107921555173, "mean": 0.139628380537}, "dynamic_complexity": 4.68106031418, "erbbands_flatness_db": {"min": 0.0352063663304, "max": 0.515845477581, "dvar2": 0.000991221750155, "median": 0.134698912501, "dmean2": 0.0317225046456, "dmean": 0.0223640240729, "var": 0.00316650792956, "dvar