{"lowlevel": {"spectral_complexity": {"min": 0, "max": 67, "dvar2": 78.4078140259, "median": 15, "dmean2": 7.23600721359, "dmean": 5.04791259766, "var": 202.325073242, "dvar": 42.614780426, "mean": 18.9922962189}, "silence_rate_20dB": {"min": 1, "max": 1, "dvar2": 0, "median": 1, "dmean2": 0, "dmean": 0, "var": 0, "dvar": 0, "mean": 1}, "average_loudness": 0.918510615826, "erbbands_spread": {"min": 2.06329154968, "max": 215.499328613, "dvar2": 427.462585449, "median": 46.7086372375, "dmean2": 18.2280330658, "dmean": 11.9203453064, "var": 560.480651855, "dvar": 187.896697998, "mean": 49.7250175476}, "spectral_kurtosis": {"min": -1.46225404739, "max": 95.7557601929, "dvar2": 6.30471467972, "median": 3.04220867157, "dmean2": 1.61204838753, "dmean": 1.02155923843, "var": 9.08938503265, "dvar": 2.66539239883, "mean": 3.41416621208}, "barkbands_kurtosis": {"min": -1.9507818222, "max": 846.314025879, "dvar2": 1376.74694824, "median": 1.4334654808, "dmean2": 11.914563179, "dmean": 7.54482841492, "var": 1029.79370117, "dvar": 616.723999023, "mean": 9.56945896149}, "spectral_strongpeak": {"min": 0, "max": 11.0016965866, "dvar2": 1.23163831234, "median": 0.275018244982, "dmean2": 0.664693117142, "dmean": 0.386428713799, "var": 0.698125839233, "dvar": 0.476111590862, "mean": 0.57644110918}, "spectral_spread": {"min": 959054.125, "max": 40772216, "dvar2": 2295499849730.0, "median": 5249637, "dmean2": 1183427.125, "dmean": 811576.625, "var": 3965549805570.0, "dvar": 1104958849020.0, "mean": 5674109.5}, "spectral_rms": {"min": 8.98009488992e-08, "max": 0.0126610919833, "dvar2": 2.25738335757e-06, "median": 0.00418379437178, "dmean2": 0.00144838914275, "dmean": 0.000968256324995, "var": 3.22063988278e-06, "dvar": 1.0719409147e-06, "mean": 0.00433588773012}, "erbbands": {"min": [1.87578928085e-11, 1.10183875912e-10, 4.04591499192e-10, 1.09227127343e-09, 2.4641073626e-09, 4.83141571195e-09, 8.33171842629e-09, 9.72114211351e-09, 1.61814934785e-08, 1.7028273902e-08, 1.34418183251e-08, 6.83396361723e-09, 3.03089287002e-09, 7.71460406668e-09, 1.66311000527e-08, 1.61333222337e-08, 5.50915046915e-09, 3.38546901624e-09, 8.39075209313e-09, 4.51634463161e-09, 1.31585986551e-09, 1.65745672742e-09, 3.77938036422e-09, 9.20512999159e-10, 1.30190036529e-09, 2.08860262418e-09, 1.69552027973e-09, 1.55483392827e-09, 1.10740627779e-09, 8.21269607876e-10, 9.42779299073e-10, 5.51691414774e-10, 2.77260020498e-10, 1.57599822082e-10, 1.06252548426e-10, 1.38542191608e-10, 7.17185547061e-11, 7.27088320107e-11, 1.00489434482e-11, 7.23091237494e-13], "max": [3.11431670189, 30.142868042, 83.825592041, 105.021141052, 144.063110352, 198.980270386, 220.917404175, 314.030731201, 765.086669922, 986.637145996, 948.817749023, 1097.13513184, 1544.35046387, 632.907592773, 874.815612793, 778.91998291, 625.879882812, 980.606262207, 797.04876709, 747.033935547, 695.095581055, 544.025878906, 431.504211426, 409.480682373, 372.518890381, 373.714447021, 256.642944336, 247.004226685, 373.610015869, 123.692108154, 139.508270264, 138.997406006, 148.010971069, 110.018814087, 21.7236022949, 10.4866037369, 4.44406318665, 0.655273556709, 0.0708230361342, 0.0127625316381], "dvar2": [0.0997437313199, 14.9799575806, 136.75151062, 96.7024230957, 237.212310791, 653.289794922, 373.120056152, 360.324035645, 1668.60327148, 3469.55078125, 2268.89599609, 1648.37866211, 2624.58764648, 1685.7734375, 1431.94213867, 1029.84973145, 1234.09838867, 1925.58300781, 1984.23034668, 1386.98754883, 1408.6796875, 2627.90258789, 1435.81872559, 1776.85705566, 1110.85070801, 1280.51220703, 1192.94165039, 662.362915039, 289.950714111, 107.794372559, 102.694099426, 67.5028610229, 37.1898651123, 12.6289548874, 2.49091315269, 0.961823940277, 0.109258681536, 0.00570020033047, 0.000206973068998, 1.00825309346e-06], "median": [0.0677547603846, 0.636648237705, 1.6578669548, 1.92151045799, 1.72349441051, 2.77754402161, 3.34393000603, 3.82823753357, 6.43238925934, 5.22348022461, 4.65951299667, 4.84010887146, 4.88540554047, 5.0299448967, 3.33412861824, 2.94020795822, 3.45530128479, 4.20642518997, 5.21001148224, 5.75125360489, 10.5506687164, 11.3241987228, 10.3974924088, 8.83633899689, 7.83918428421, 6.42062282562, 4.93441581726, 3.83707880974, 3.06984305382, 2.25766968727, 2.03222036362, 1.76639282703, 1.15011453629, 0.584801912308, 0.25480812788, 0.145332962275, 0.0442571230233, 0.0045161973685, 0.000423932360718, 4.91375685669e-05], "dmean2": [0.18353536725, 2.12711954117, 5.46135234833, 5.30920982361, 6.53509902954, 13.0754718781, 10.8582210541, 9.62222671509, 19.1711063385, 24.8477268219, 18.9400463104, 16.8908519745, 17.0661697388, 15.8984899521, 14.0178823471, 12.4340457916, 14.1954669952, 14.7251720428, 16.1400222778, 16.4666881561, 21.1693382263, 26.730260849, 22.7150554657, 21.9497108459, 18.0002365112, 19.0258769989, 16.7736759186, 12.6390705109, 8.38848972321, 5.76050329208, 5.20754432678, 4.13508653641, 2.82138967514, 1.66832745075, 0.87109708786, 0.59354954958, 0.198743596673, 0.0395151302218, 0.00716972444206, 0.000495983695146], "dmean": [0.112258210778, 1.30111730099, 3.1735458374, 3.11672496796, 3.71601295471, 7.39761257172, 6.45682811737, 6.05159902573, 12.0199594498, 15.2805576324, 12.1333398819, 11.139834404, 10.8911142349, 10.4230632782, 9.02297115326, 8.12779808044, 9.04073429108, 9.38744354248, 10.2794551849, 10.3847465515, 13.1726226807, 16.2441196442, 14.1077337265, 13.9154405594, 11.6728153229, 11.6721811295, 10.3229112625, 7.94489240646, 5.42727470398, 3.80448746681, 3.4676926136, 2.7887711525, 1.93681550026, 1.12854599953, 0.56822514534, 0.382821828127, 0.130254939198, 0.0250851828605, 0.00446761539206, 0.000305579713313], "var": [0.0605653338134, 7.49027299881, 40.4439048767, 34.9219551086, 62.7219276428, 188.333648682, 197.379196167, 335.335540771, 1394.19750977, 2956.88061523, 2269.89624023, 2282.17602539, 2213.89697266, 1597.58483887, 1229.96520996, 1085.39648438, 1058.74243164, 1216.66296387, 1197.67614746, 926.453857422, 1460.58972168, 1991.52319336, 1186.02905273, 1481.23815918, 973.397521973, 907.82232666, 665.258361816, 506.924285889, 302.650634766, 141.174499512, 100.035354614, 79.7995300293, 49.3181610107, 14.4039936066, 2.22920846939, 0.576633632183, 0.0567268058658, 0.00225903699175, 7.29346502339e-05, 3.42605233072e-07], "dvar": [0.0422836728394, 6.22795581818, 49.5333518982, 37.3904533386, 85.007484436, 228.8230896, 143.24269104, 158.397415161, 703.916625977, 1446.82885742, 1034.79284668, 811.734680176, 1067.89318848, 780.525756836, 615.788452148, 466.173309326, 530.251220703, 749.951660156, 797.813110352, 566.161682129, 598.494262695, 1017.45123291, 587.755493164, 740.069885254, 488.945526123, 518.534973145, 468.453552246, 284.201049805, 127.732070923, 49.6979484558, 46.6073951721, 32.7488632202, 18.3453197479, 5.97574853897, 1.14049208164, 0.413848102093, 0.046894941479, 0.00231502298266, 8.34502206999e-05, 4.03975008112e-07], "mean": [0.148150607944, 1.56591510773, 3.49901604652, 3.74495244026, 4.05275535583, 7.79515695572, 8.65059280396, 9.93833827972, 19.2691612244, 22.2620849609, 18.4131717682, 17.784948349, 17.0815200806, 16.7074604034, 14.0406322479, 13.0491819382, 13.9380788803, 14.9687643051, 15.9557771683, 16.1944961548, 23.883146286, 27.6353340149, 24.4840717316, 24.2705841064, 20.3172721863, 19.0092887878, 15.5449371338, 13.273065567, 10.5630979538, 7.47562932968, 5.95603179932, 4.98978900909, 3.55830979347, 1.91031825542, 0.815504252911, 0.449203550816, 0.14189055562, 0.0243364255875, 0.00381317827851, 0.000268445379334]}, "zerocrossingrate": {"min": 0, "max": 0.44189453125, "dvar2": 0.000487693643663, "median": 0.0712890625, "dmean2": 0.0211463924497, "dmean": 0.0179419070482, "var": 0.00252953940071, "dvar": 0.000384051410947, "mean": 0.0807931572199}, "spectral_contrast_coeffs": {"min": [-0.962726533413, -0.974747896194, -0.968286037445, -0.964656114578, -0.958857238293, -0.955987095833], "max": [-0.34262958169, -0.374860733747, -0.462901860476, -0.480162292719, -0.571326613426, -0.601134359837], "dvar2": [0.00675122253597, 0.00435819104314, 0.00275669968687, 0.00178718473762, 0.00087331031682, 0.00126584223472], "median": [-0.681133568287, -0.744174182415, -0.789641439915, -0.80602812767, -0.804584980011, -0.770533502102], "dmean2": [0.10021545738, 0.0819127485156, 0.065316259861, 0.051444221288, 0.0354556776583, 0.0345323942602], "dmean": [0.0610941685736, 0.0507361032069, 0.0412268266082, 0.0318774916232, 0.0222608018667, 0.0218739248812], "var": [0.00651501631364, 0.00681084161624, 0.00503768585622, 0.00300454767421, 0.00169874122366, 0.0021558708977], "dvar": [0.00264580873773, 0.00175296445377, 0.00119134807028, 0.000718916591723, 0.000374943076167, 0.000531160796527], "mean": [-0.672677755356, -0.735048472881, -0.780315995216, -0.799278616905, -0.802560508251, -0.769416928291]}, "dissonance": {"min": 0.00476165907457, "max": 0.500000059605, "dvar2": 0.000709302432369, "median": 0.47967377305, "dmean2": 0.025072677061, "dmean": 0.0153562640771, "var": 0.000856670318171, "dvar": 0.000293204560876, "mean": 0.470965892076}, "spectral_energyband_high": {"min": 2.70593741641e-13, "max": 0.0157329514623, "dvar2": 4.42645068688e-06, "median": 0.000615394324996, "dmean2": 0.0011489802273, "dmean": 0.000784285075497, "var": 4.4321805035e-06, "dvar": 1.96558994503e-06, "mean": 0.00153511716053}, "spectral_skewness": {"min": -0.481194585562, "max": 7.95418024063, "dvar2": 0.114584162831, "median": 1.32483243942, "dmean2": 0.302946269512, "dmean": 0.201227605343, "var": 0.226564899087, "dvar": 0.052878819406, "mean": 1.35871291161}, "spectral_flux": {"min": 3.46099259332e-05, "max": 0.363884299994, "dvar2": 0.00200008996762, "median": 0.0789980217814, "dmean2": 0.0423086434603, "dmean": 0.0281643103808, "var": 0.00232270173728, "dvar": 0.000964540056884, "mean": 0.088465936482}, "silence_rate_30dB": {"min": 0, "max": 1, "dvar2": 0.00335695385002, "median": 1, "dmean2": 0.00224168132991, "dmean": 0.00112076208461, "var": 0.000560118758585, "dvar": 0.00111934402958, "mean": 0.999439656734}, "spectral_energyband_middle_high": {"min": 1.37670430611e-12, "max": 0.0489261634648, "dvar2": 1.67180205608e-05, "median": 0.00212638755329, "dmean2": 0.00242609740235, "dmean": 0.00164388783742, "var": 2.51189339906e-05, "dvar": 7.66396988183e-06, "mean": 0.00403853459284}, "barkbands_spread": {"min": 0.306731045246, "max": 135.310211182, "dvar2": 310.89050293, "median": 28.2968559265, "dmean2": 14.9155139923, "dmean": 9.56773090363, "var": 399.385894775, "dvar": 136.422210693, "mean": 30.8349952698}, "spectral_centroid": {"min": 108.221214294, "max": 10859.0576172, "dvar2": 460227.75, "median": 1679.36096191, "dmean2": 555.998535156, "dmean": 363.632781982, "var": 747382.5625, "dvar": 202155.203125, "mean": 1690.64074707}, "pitch_salience": {"min": 0.0231360755861, "max": 0.940884530544, "dvar2": 0.0192816797644, "median": 0.559840559959, "dmean2": 0.155676007271, "dmean": 0.097247928381, "var": 0.0234876852483, "dvar": 0.00850014295429, "mean": 0.542777180672}, "erbbands_skewness": {"min": -6.22279024124, "max": 8.91198348999, "dvar2": 0.621260344982, "median": -0.00862978585064, "dmean2": 0.697296500206, "dmean": 0.464646995068, "var": 1.174441576, "dvar": 0.282314419746, "mean": 0.12081989646}, "erbbands_crest": {"min": 2.18550276756, "max": 32.4601821899, "dvar2": 14.1839513779, "median": 6.96099662781, "dmean2": 3.94877672195, "dmean": 2.46593165398, "var": 17.7006168365, "dvar": 6.05879688263, "mean": 8.13074970245}, "melbands": {"min": [1.72091087582e-13, 1.91646665985e-13, 2.24026960177e-13, 2.58536383491e-13, 2.83407466332e-13, 2.64104222433e-13, 2.42790488235e-13, 1.80144053429e-13, 1.0118827705e-13, 3.74148344143e-14, 1.37538999219e-14, 2.82298124221e-14, 5.19027807116e-14, 5.23052094529e-14, 2.73174376593e-14, 5.54649286433e-15, 6.41444921945e-15, 1.39120079389e-14, 9.77012609406e-15, 2.97006787823e-15, 1.19632413547e-15, 1.17208332307e-15, 3.62787557089e-15, 2.72263854291e-15, 4.81849091606e-16, 5.3444025557e-16, 1.74626377049e-15, 1.17979100525e-15, 6.69643284034e-16, 1.56543960042e-15, 6.58026650679e-16, 8.55376433543e-16, 1.29306315957e-16, 6.43548634149e-16, 5.26088828347e-16, 4.40469864536e-16, 3.06631882606e-16, 2.21537470418e-16, 1.36620352813e-16, 1.11287609063e-16], "max": [0.0305428281426, 0.0403639897704, 0.0164804793894, 0.0119585581124, 0.00661317585036, 0.0070629119873, 0.0101356878877, 0.00876991357654, 0.00811326224357, 0.00607155961916, 0.00758176716045, 0.00261475215666, 0.00383736076765, 0.00279423594475, 0.00301507813856, 0.00223727873527, 0.00225161667913, 0.00171923532616, 0.0013834903948, 0.000721981166862, 0.00115438841749, 0.000774620391894, 0.00050538656069, 0.000642746395897, 0.000385419640224, 0.000356541248038, 0.000413035333622, 0.000293040007818, 0.0002064784494, 0.00016915157903, 0.000163718825206, 0.000286477152258, 0.000105408500531, 8.48787021823e-05, 8.64705725689e-05, 9.57081283559e-05, 9.84495491139e-05, 0.000111267858301, 7.20080715837e-05, 0.000111040215415], "dvar2": [1.0695466699e-05, 2.92804033961e-05, 3.14039266414e-06, 1.81963878276e-06, 6.09553751474e-07, 1.70388119614e-07, 3.79297034669e-07, 3.71286517975e-07, 1.33817977144e-07, 6.3815811302e-08, 6.84445851107e-08, 3.07909324704e-08, 2.0945345014e-08, 1.00263743974e-08, 8.94301521726e-09, 8.41989233891e-09, 8.06457922664e-09, 7.73680142174e-09, 3.99301924858e-09, 2.21298757097e-09, 2.68600541808e-09, 3.479806443e-09, 1.92220994677e-09, 1.08146691602e-09, 1.47961087826e-09, 7.93959953338e-10, 8.40861824614e-10, 5.85563764144e-10, 4.12477912937e-10, 6.78898437467e-10, 2.01444194659e-10, 1.49935786009e-10, 5.66055917417e-11, 3.69372414599e-11, 3.92863762355e-11, 3.53870058256e-11, 3.0585787375e-11, 2.2865922697e-11, 1.57724441147e-11, 9.20762945056e-12], "median": [0.000725480786059, 0.000963262049481, 0.000351506168954, 0.000167522986885, 0.000127997904201, 8.97725331015e-05, 9.71705303527e-05, 4.82889263367e-05, 3.55301381205e-05, 2.77488106804e-05, 2.31081085076e-05, 1.95574539248e-05, 1.23131330838e-05, 6.62346155877e-06, 6.85569239067e-06, 7.03386740497e-06, 6.90516981194e-06, 7.64106971474e-06, 6.69091696182e-06, 7.92091759649e-06, 1.21740804389e-05, 1.10089949885e-05, 1.04138007373e-05, 7.44660019336e-06, 6.69907376505e-06, 5.82969914831e-06, 4.64339200335e-06, 3.93238769902e-06, 2.99792941405e-06, 2.55536110672e-06, 1.9745264126e-06, 1.67648033766e-06, 1.45765704929e-06, 1.10062319436e-06, 1.1221902696e-06, 1.08161805201e-06, 1.03068452972e-06, 8.33393471567e-07, 5.88585010064e-07, 4.32696651842e-07], "dmean2": [0.00196988275275, 0.00271751265973, 0.00092826288892, 0.000676097173709, 0.000430838670582, 0.000219509194721, 0.00029767191154, 0.000259920721874, 0.000152633539983, 0.000104935526906, 8.73500175658e-05, 6.72314199619e-05, 5.16126820003e-05, 3.6435907532e-05, 3.66542080883e-05, 3.22734667861e-05, 2.93441607937e-05, 2.87449165626e-05, 2.58762975136e-05, 2.28864591918e-05, 2.7243166187e-05, 2.94676465273e-05, 2.5451709007e-05, 1.86321922229e-05, 1.97783047042e-05, 1.53728396981e-05, 1.46272022903e-05, 1.31404076456e-05, 1.06355901153e-05, 1.12017214633e-05, 6.79988716001e-06, 5.50745926375e-06, 4.27894428867e-06, 3.09765687234e-06, 3.22423056787e-06, 2.9755324249e-06, 2.65258199761e-06, 2.17715432882e-06, 1.85703174793e-06, 1.36975756959e-06], "dmean": [0.00120727228932, 0.00164065114222, 0.000544768350665, 0.000385357358027, 0.000251791410847, 0.000137911716592, 0.000186109144124, 0.000159692339366, 9.8074619018e-05, 6.90148153808e-05, 5.57345301786e-05, 4.38324823335e-05, 3.31918963639e-05, 2.3786433303e-05, 2.33527334785e-05, 2.06550430448e-05, 1.85137687367e-05, 1.80601600732e-05, 1.64399843925e-05, 1.40644251587e-05, 1.70104794961e-05, 1.7820901121e-05, 1.54720382852e-05, 1.18130710689e-05, 1.22655155792e-05, 9.85193491942e-06, 8.99744281924e-06, 7.96556651039e-06, 6.58479802951e-06, 6.60076193526e-06, 4.31521584687e-06, 3.47279728885e-06, 2.80750350612e-06, 2.01164493774e-06, 2.09567292586e-06, 1.95300526684e-06, 1.75479021891e-06, 1.46317029248e-06, 1.24336281715e-06, 9.07830155938e-07], "var": [6.64392609906e-06, 1.14055783342e-05, 1.09852692276e-06, 5.16726800015e-07, 2.62077605839e-07, 1.63440034839e-07, 3.23067354202e-07, 3.3237063235e-07, 1.46149616853e-07, 8.56103454794e-08, 5.73565337447e-08, 2.83486354391e-08, 1.6737173425e-08, 8.66735305749e-09, 1.17346949935e-08, 5.66632785137e-09, 4.66673322208e-09, 4.21051504773e-09, 2.67747335414e-09, 1.42556100258e-09, 2.73889022573e-09, 2.64475841227e-09, 1.3422234435e-09, 9.11412834093e-10, 1.09982323249e-09, 6.75034528275e-10, 5.56082735415e-10, 3.94215438071e-10, 2.71812294894e-10, 2.49165438282e-10, 1.80283385443e-10, 1.14528095341e-10, 8.37916680485e-11, 3.6341488846e-11, 3.46034485788e-11, 3.45905595833e-11, 3.22907256489e-11, 2.7214053927e-11, 1.8360249085e-11, 9.29634754593e-12], "dvar": [4.63163814857e-06, 1.12586030809e-05, 1.21050300095e-06, 6.45959289614e-07, 2.24625338774e-07, 7.42907531048e-08, 1.61514734032e-07, 1.53275706793e-07, 6.1774386495e-08, 3.11522860841e-08, 2.80147975928e-08, 1.4181179786e-08, 8.88353479667e-09, 4.45355441414e-09, 4.16131840097e-09, 3.46103323778e-09, 3.114135394e-09, 3.07572167735e-09, 1.65414382192e-09, 8.90025941835e-10, 1.16045673071e-09, 1.34143884889e-09, 7.53038742474e-10, 4.60120663792e-10, 5.97346117015e-10, 3.5052227787e-10, 3.40096589779e-10, 2.34557068213e-10, 1.68104960507e-10, 2.48789072677e-10, 9.19409548494e-11, 6.25741333748e-11, 2.51559901382e-11, 1.63027525507e-11, 1.72927332176e-11, 1.61850793184e-11, 1.42289027782e-11, 1.08690131548e-11, 7.4539428449e-12, 4.25254102765e-12], "mean": [0.00159164855722, 0.00200672401115, 0.000660875928588, 0.000417127361288, 0.000326734298142, 0.000231154146604, 0.000298297818517, 0.000233663624385, 0.00014834983449, 0.000108046173409, 8.49688367452e-05, 6.81307647028e-05, 4.97178007208e-05, 3.59967089025e-05, 3.43623214576e-05, 3.00716637867e-05, 2.76665214187e-05, 2.61594359472e-05, 2.35708830587e-05, 2.11201040656e-05, 2.9615675885e-05, 2.89489762508e-05, 2.4677699912e-05, 1.95229731617e-05, 1.99263558898e-05, 1.60405106726e-05, 1.39609282996e-05, 1.21658631542e-05, 9.7455276773e-06, 8.80014067661e-06, 7.30622559786e-06, 6.06601588515e-06, 5.39912616659e-06, 3.58238571607e-06, 3.4179299746e-06, 3.26809299622e-06, 2.98790632769e-06, 2.6146763048e-06, 2.05404512599e-06, 1.4573779481e-06]}, "spectral_entropy": {"min": 4.14856243134, "max": 9.79727363586, "dvar2": 0.0996537804604, "median": 7.87892389297, "dmean2": 0.270144760609, "dmean": 0.184882134199, "var": 0.222795367241, "dvar": 0.0492768213153, "mean": 7.80212068558}, "spectral_rolloff": {"min": 21.533203125, "max": 13630.5175781, "dvar2": 5078429.5, "median": 1291.9921875, "dmean2": 1466.45678711, "dmean": 875.972900391, "var": 4671824.5, "dvar": 2215391.5, "mean": 2073.08349609}, "barkbands": {"min": [3.28583351934e-13, 5.28009602187e-13, 4.00254373915e-13, 4.50506466984e-13, 1.32970197353e-12, 1.42458234879e-12, 1.13888542694e-12, 6.85856265444e-13, 2.81342115403e-13, 1.18787548157e-13, 3.42897856376e-13, 4.28859259303e-13, 9.34345984372e-14, 9.76106673788e-14, 1.44270148128e-13, 2.84938596969e-14, 2.54673194968e-14, 6.22244023343e-14, 1.22972209401e-14, 4.15518212557e-14, 4.49234697835e-14, 2.5066115565e-14, 3.68983713213e-14, 1.99717494062e-14, 1.30057538361e-14, 4.91250954032e-14, 7.36524421096e-14], "max": [0.00377578474581, 0.122339248657, 0.077517747879, 0.0350924618542, 0.0455295220017, 0.0322249755263, 0.0614676550031, 0.036844022572, 0.0364484079182, 0.0341248810291, 0.0264469720423, 0.0211416333914, 0.0193791799247, 0.0260890368372, 0.0147020593286, 0.00801249686629, 0.0152424611151, 0.00967216026038, 0.00802695285529, 0.00828838255256, 0.00486252643168, 0.00694996165112, 0.00454950332642, 0.00827499944717, 0.00486497627571, 0.00210691266693, 0.000536354724318], "dvar2": [6.75916353998e-08, 0.000207146556932, 0.000102234378573, 1.41238197102e-05, 3.50386471837e-05, 4.27229269917e-06, 1.12903653644e-05, 6.04602746535e-06, 2.96166103908e-06, 2.4491066597e-06, 1.35056984618e-06, 7.94028494511e-07, 8.35128219023e-07, 1.10910934836e-06, 5.67054598832e-07, 4.35621331007e-07, 9.21101047879e-07, 4.43742607104e-07, 5.75388639845e-07, 5.43116470908e-07, 6.37129858205e-07, 1.93547990079e-07, 1.15945894663e-07, 1.29722891984e-07, 6.1670903051e-08, 4.07002467284e-08, 7.0921295503e-09], "median": [7.86097807577e-05, 0.00280410470441, 0.00130503356922, 0.000469546561362, 0.00081308640074, 0.000431929103797, 0.000450784369605, 0.000149661194882, 0.00019808014622, 0.000126899132738, 0.000100730263512, 6.1883336457e-05, 7.24403435015e-05, 7.73285137257e-05, 8.73775061336e-05, 0.000154492270667, 0.000193932821276, 0.000163668169989, 0.000167237245478, 0.000139106996357, 0.000109875021735, 8.16529573058e-05, 7.02409379301e-05, 7.68679819885e-05, 4.42750533693e-05, 2.74802732747e-05, 2.32973388847e-06], "dmean2": [0.000146080477862, 0.00828368682414, 0.00469257449731, 0.00186026818119, 0.0030797587242, 0.00114339729771, 0.00160698511172, 0.000964268227108, 0.000754828564823, 0.000560701242648, 0.000429890525993, 0.000326567154843, 0.000344877538737, 0.000340102851624, 0.000318182253977, 0.000366116670193, 0.000501518254168, 0.000391458481317, 0.000414265668951, 0.000391527893953, 0.000378776661819, 0.000221738257096, 0.000176127025043, 0.000174557251739, 0.000131170949317, 0.00012239307398, 4.21581535193e-05], "dmean": [9.60197139648e-05, 0.00508396374062, 0.0026913175825, 0.00106792221777, 0.00175803236198, 0.000710210297257, 0.000999031239189, 0.000598704151344, 0.000485952245072, 0.000359738332918, 0.000273505138466, 0.000211136648431, 0.000219204055611, 0.000213493403862, 0.000202542025363, 0.000224933799473, 0.000304335437249, 0.000246535200858, 0.000262669782387, 0.000241765417741, 0.000236248975853, 0.000144742443808, 0.000116761009849, 0.000119869262562, 8.80521838553e-05, 7.94510560809e-05, 2.61549575953e-05], "var": [1.25192272549e-07, 0.000115327311505, 2.78518455161e-05, 4.42443479187e-06, 1.0345796909e-05, 3.90159448216e-06, 9.70044493442e-06, 5.91690286456e-06, 4.42912369181e-06, 2.09104700843e-06, 1.0784827964e-06, 6.62408638163e-07, 6.53847280319e-07, 5.92486969708e-07, 3.75719963586e-07, 3.56213291752e-07, 7.35987498501e-07, 3.83336612231e-07, 4.85523116822e-07, 4.02339821903e-07, 3.74864356445e-07, 2.29214322189e-07, 1.1924369403e-07, 1.766883031e-07, 6.77273703786e-08, 2.15673523485e-08, 2.4730240078e-09], "dvar": [3.28052394138e-08, 8.72299351613e-05, 3.65400810551e-05, 5.23158632859e-06, 1.24550097098e-05, 1.81747509487e-06, 4.83463372802e-06, 2.59785451817e-06, 1.40168549478e-06, 1.06552931811e-06, 5.78205515467e-07, 3.50015852746e-07, 3.63539299997e-07, 4.27511764656e-07, 2.32422351587e-07, 1.77819146074e-07, 3.61150057415e-07, 1.87726897138e-07, 2.43393429855e-07, 2.19535337465e-07, 2.57067540588e-07, 8.59533315634e-08, 5.30980059921e-08, 6.50537756997e-08, 2.91165012101e-08, 1.74084373583e-08, 2.85254242449e-09], "mean": [0.000207371762372, 0.00646690186113, 0.00281482306309, 0.00115176325198, 0.00196505221538, 0.00114447681699, 0.00153794977814, 0.000849965668749, 0.000785990909208, 0.000531854340807, 0.000401995523134, 0.000314919830998, 0.000319106184179, 0.000314643548336, 0.000291649805149, 0.000368368608179, 0.00050378969172, 0.000415144284489, 0.000447604194051, 0.000402584235417, 0.000363241473678, 0.000290580152068, 0.000206650598557, 0.000224509189138, 0.000140477568493, 8.75361001818e-05, 2.20166020881e-05]}, "melbands_flatness_db": {"min": 0.0146666867658, "max": 0.639232575893, "dvar2": 0.00389384012669, "median": 0.181732460856, "dmean2": 0.0597151406109, "dmean": 0.039502479136, "var": 0.00845448020846, "dvar": 0.00176639854908, "mean": 0.194193810225}, "melbands_skewness": {"min": -2.20028185844, "max": 52.6631736755, "dvar2": 6.69210195541, "median": 2.79861617088, "dmean2": 1.91152143478, "dmean": 1.23160195351, "var": 8.32791233063, "dvar": 2.97108888626, "mean": 3.53716897964}, "barkbands_skewness": {"min": -4.73029232025, "max": 27.6835289001, "dvar2": 3.26274609566, "median": 1.42007553577, "dmean2": 1.3515086174, "dmean": 0.883195459843, "var": 4.48109722137, "dvar": 1.47530055046, "mean": 1.91694915295}, "silence_rate_60dB": {"min": 0, "max": 1, "dvar2": 0.0630355849862, "median": 0, "dmean2": 0.0554816126823, "dmean": 0.0277388617396, "var": 0.0502077229321, "dvar": 0.0269638020545, "mean": 0.0530223436654}, "spectral_energyband_low": {"min": 1.31193948934e-12, "max": 0.148506745696, "dvar2": 0.000373839662643, "median": 0.00567271560431, "dmean2": 0.0110544450581, "dmean": 0.00689033139497, "var": 0.000209794248804, "dvar": 0.00015299594088, "mean": 0.0101489555091}, "spectral_energyband_middle_low": {"min": 5.36295964235e-12, "max": 0.0699880123138, "dvar2": 9.50606699917e-05, "median": 0.00499539496377, "dmean2": 0.00644178688526, "dmean": 0.00397748453543, "var": 6.52866292512e-05, "dvar": 3.83881670132e-05, "mean": 0.00761092407629}, "melbands_kurtosis": {"min": -1.93375039101, "max": 4159.96289062, "dvar2": 12440.9375, "median": 10.0176324844, "dmean2": 32.2672233582, "dmean": 20.1350860596, "var": 8536.28417969, "dvar": 5342.19287109, "mean": 31.2790279388}, "spectral_decrease": {"min": -4.24264321452e-08, "max": -2.01954119962e-18, "dvar2": 2.69182438426e-17, "median": -4.27834079275e-09, "dmean2": 3.85864318275e-09, "dmean": 2.48179521378e-09, "var": 2.12133661006e-17, "dvar": 1.16603481961e-17, "mean": -5.44159295401e-09}, "erbbands_kurtosis": {"min": -1.88284564018, "max": 117.959365845, "dvar2": 17.0120182037, "median": -0.209976911545, "dmean2": 2.08023118973, "dmean": 1.34492075443, "var": 15.678273201, "dvar": 8.11154460907, "mean": 0.79967969656}, "melbands_crest": {"min": 2.46647334099, "max": 38.8106498718, "dvar2": 27.7785148621, "median": 14.2179450989, "dmean2": 6.34042644501, "dmean": 3.84846615791, "var": 32.2189216614, "dvar": 10.9614362717, "mean": 14.7861289978}, "gfcc": {"cov": [[7013.56835938, -906.14465332, -1138.26098633, -79.4198379517, -300.701782227, -77.6848754883, -248.143997192, -70.5076293945, -114.913566589, -91.9688644409, -130.191711426, -115.6902771, -57.3138046265], [-906.14465332, 1213.49389648, 17.072687149, -33.0882225037, 129.001525879, -28.3951473236, 128.691452026, 10.2025489807, 19.11419487, -9.4452457428, 56.1131515503, -15.0137796402, 12.1559782028], [-1138.26098633, 17.072687149, 1330.94555664, 150.059799194, 113.694061279, 55.4925918579, -40.4968147278, 32.0232124329, -3.64465904236, -1.41835331917, -11.8584213257, 9.57332992554, -51.6270523071], [-79.4198379517, -33.0882225037, 150.059799194, 562.504760742, 170.703063965, 55.5472640991, -8.50420570374, 36.2931861877, 55.0025405884, -34.8853378296, -51.8336181641, -18.6310195923, 9.57897758484], [-300.701782227, 129.001525879, 113.694061279, 170.703063965, 432.422027588, 94.5781402588, 108.349891663, 31.0481739044, 30.6537857056, -5.50869941711, -54.6301345825, 1.4541260004, -15.7662038803], [-77.6848754883, -28.3951473236, 55.4925918579, 55.5472640991, 94.5781402588, 282.404693604, 98.7656478882, 42.5906906128, 13.6051864624, 17.2004184723, 9.01759338379, -16.4823455811, -21.7726669312], [-248.143997192, 128.691452026, -40.4968147278, -8.50420570374, 108.349891663, 98.7656478882, 219.516738892, 70.0155563354, 33.5510444641, 5.62649869919, 0.604963183403, -2.43959951401, -12.3292961121], [-70.5076293945, 10.2025489807, 32.0232124329, 36.2931861877, 31.0481739044, 42.5906906128, 70.0155563354, 159.917373657, 69.0361785889, 15.4872093201, -2.86535191536, -3.75411319733, 10.7139921188], [-114.913566589, 19.11419487, -3.64465904236, 55.0025405884, 30.6537857056, 13.6051864624, 33.5510444641, 69.0361785889, 126.189567566, 41.4196090698, 9.72920608521, -2.09070563316, 10.4038763046], [-91.9688644409, -9.4452457428, -1.41835331917, -34.8853378296, -5.50869941711, 17.2004184723, 5.62649869919, 15.4872093201, 41.4196090698, 104.52457428, 52.640914917, 5.50539302826, -9.73766613007], [-130.191711426, 56.1131515503, -11.8584213257, -51.8336181641, -54.6301345825, 9.01759338379, 0.604963183403, -2.86535191536, 9.72920608521, 52.640914917, 113.298881531, 25.2320156097, 7.97085475922], [-115.6902771, -15.0137796402, 9.57332992554, -18.6310195923, 1.4541260004, -16.4823455811, -2.43959951401, -3.75411319733, -2.09070563316, 5.50539302826, 25.2320156097, 85.6622238159, 30.9237575531], [-57.3138046265, 12.1559782028, -51.6270523071, 9.57897758484, -15.7662038803, -21.7726669312, -12.3292961121, 10.7139921188, 10.4038763046, -9.73766613007, 7.97085475922, 30.9237575531, 87.2442321777]], "icov": [[0.000206727243494, 0.000119481868751, 0.000192790597794, -2.72749980468e-06, 2.77379604086e-05, -2.99290677503e-05, 0.000231060694205, -0.000124587211758, 0.000116673734738, 0.000127557141241, 8.77031707205e-05, 0.000164838740602, 0.000212923172512], [0.000119481868751, 0.00108889478724, 4.87572287966e-05, 0.000111700537673, -0.000393213500502, 0.000437649199739, -0.000539257016499, 0.000133894049213, -8.6661624664e-05, 0.000641800288577, -0.00101452227682, 0.000785492826253, -0.000214889005292], [0.000192790597794, 4.87572287966e-05, 0.00102890329435, -0.000172633168404, -0.00015797688684, -0.00019545541727, 0.000702067743987, -0.000518600340001, 0.000298321101582, 0.00014824407117, 4.94048981636e-05, -0.00026417686604, 0.000903339474462], [-2.72749980468e-06, 0.000111700537673, -0.000172633168404, 0.00241560628638, -0.000959915167186, -0.000398732488975, 0.000830502423923, -9.41597972997e-05, -0.00133444543462, 0.00123612303287, 3.83401529689e-05, 0.000551875913516, -0.000430795305874], [2.77379604086e-05, -0.000393213500502, -0.00015797688684, -0.000959915167186, 0.00364168686792, -0.000653049326502, -0.00142412551213, 0.000509352015797, -9.92220448097e-05, -0.00107177032623, 0.00234441319481, -0.00120441569015, 0.000421161559643], [-2.99290677503e-05, 0.000437649199739, -0.00019545541727, -0.000398732488975, -0.000653049326502, 0.00484523037449, -0.00213468912989, -0.000440033560153, 0.000772723054979, -0.000475359993288, -0.00127800810151, 0.00117122090887, 0.000247421412496], [0.000231060694205, -0.000539257016499, 0.000702067743987, 0.000830502423923, -0.00142412551213, -0.00213468912989, 0.00801249779761, -0.00285338563845, -0.000571844924707, 0.0011893910123, -0.000128770858282, -0.000621509097982, 0.00167683605105], [-0.000124587211758, 0.000133894049213, -0.000518600340001, -9.41597972997e-05, 0.000509352015797, -0.000440033560153, -0.00285338563845, 0.00972473062575, -0.00465564243495, 1.64465654962e-05, 0.000646119180601, 0.000442580349045, -0.00167117756791], [0.000116673734738, -8.6661624664e-05, 0.000298321101582, -0.00133444543462, -9.92220448097e-05, 0.000772723054979, -0.000571844924707, -0.00465564243495, 0.0131585774943, -0.00552125787362, 0.000749158964027, 0.000721076852642, -0.00143183930777], [0.000127557141241, 0.000641800288577, 0.00014824407117, 0.00123612303287, -0.00107177032623, -0.000475359993288, 0.0011893910123, 1.64465654962e-05, -0.00552125787362, 0.0162950381637, -0.00748271774501, 0.000517767621204, 0.00277740648016], [8.77031707205e-05, -0.00101452227682, 4.94048981636e-05, 3.83401529689e-05, 0.00234441319481, -0.00127800810151, -0.000128770858282, 0.000646119180601, 0.000749158964027, -0.00748271774501, 0.0150542380288, -0.00402028812096, -0.00064373225905], [0.000164838740602, 0.000785492826253, -0.00026417686604, 0.000551875913516, -0.00120441569015, 0.00117122090887, -0.000621509097982, 0.000442580349045, 0.000721076852642, 0.000517767621204, -0.00402028812096, 0.015572941862, -0.00546635454521], [0.000212923172512, -0.000214889005292, 0.000903339474462, -0.000430795305874, 0.000421161559643, 0.000247421412496, 0.00167683605105, -0.00167117756791, -0.00143183930777, 0.00277740648016, -0.00064373225905, -0.00546635454521, 0.0152709092945]], "mean": [2.16789150238, 59.603313446, -92.1655807495, 42.5216636658, -52.7901077271, 10.1390352249, -33.8073997498, 16.3330497742, -19.2247810364, 5.80139875412, -15.1379184723, 3.70562887192, -11.6582355499]}, "melbands_spread": {"min": 0.103206455708, "max": 314.227233887, "dvar2": 778.016967773, "median": 22.1840782166, "dmean2": 19.092710495, "dmean": 12.0746707916, "var": 774.974853516, "dvar": 325.887420654, "mean": 30.0717487335}, "spectral_energy": {"min": 8.26581598307e-12, "max": 0.164310842752, "dvar2": 0.000399802927859, "median": 0.0179417394102, "dmean2": 0.0151741011068, "dmean": 0.00987448636442, "var": 0.000339860620443, "dvar": 0.0001759428269, "mean": 0.022571016103}, "mfcc": {"cov": [[7459.97314453, -879.644714355, -1176.87744141, -332.115509033, -352.851531982, -198.055648804, -228.560806274, -154.990646362, -71.9964370728, -116.121772766, -78.9310455322, -72.5488204956, -63.4870796204], [-879.644714355, 1143.86206055, 50.7443695068, 11.5156078339, 1.56997156143, 7.34829330444, 103.154701233, 30.2320613861, -8.14217948914, 24.1468029022, 5.09378480911, 16.6806182861, 16.681558609], [-1176.87744141, 50.7443695068, 993.913208008, 101.861663818, 146.204559326, 2.45695137978, 8.96659755707, 9.67017459869, -41.530380249, 35.9595756531, 6.87043523788, -12.3391485214, -1.2537946701], [-332.115509033, 11.5156078339, 101.861663818, 470.157470703, 192.842895508, 52.4001235962, -11.4705266953, 60.7126960754, 79.8799972534, -2.92733478546, -19.0906963348, 20.0437602997, -16.8498973846], [-352.851531982, 1.56997156143, 146.204559326, 192.842895508, 305.645874023, 109.161216736, 37.1549453735, 47.0489425659, 67.1209335327, 13.4665937424, 2.26829648018, 19.514169693, -3.85001778603], [-198.055648804, 7.34829330444, 2.45695137978, 52.4001235962, 109.161216736, 235.665283203, 97.6092758179, 59.5161323547, 28.4951190948, 20.1076602936, 29.2915763855, 5.67912769318, 0.225887984037], [-228.560806274, 103.154701233, 8.96659755707, -11.4705266953, 37.1549453735, 97.6092758179, 178.046264648, 75.7320251465, 30.8881225586, 31.3196563721, 28.6475868225, 7.15986251831, 5.70189809799], [-154.990646362, 30.2320613861, 9.67017459869, 60.7126960754, 47.0489425659, 59.5161323547, 75.7320251465, 159.905151367, 90.0885696411, 23.1823692322, 11.6446819305, 13.4289093018, 3.73047399521], [-71.9964370728, -8.14217948914, -41.530380249, 79.8799972534, 67.1209335327, 28.4951190948, 30.8881225586, 90.0885696411, 165.258056641, 48.5986480713, 17.0310592651, 15.8930034637, -5.66317558289], [-116.121772766, 24.1468029022, 35.9595756531, -2.92733478546, 13.4665937424, 20.1076602936, 31.3196563721, 23.1823692322, 48.5986480713, 115.128623962, 53.113483429, 16.3878498077, 8.43382644653], [-78.9310455322, 5.09378480911, 6.87043523788, -19.0906963348, 2.26829648018, 29.2915763855, 28.6475868225, 11.6446819305, 17.0310592651, 53.113483429, 105.178962708, 40.8104934692, 11.0842466354], [-72.5488204956, 16.6806182861, -12.3391485214, 20.0437602997, 19.514169693, 5.67912769318, 7.15986251831, 13.4289093018, 15.8930034637, 16.3878498077, 40.8104934692, 91.1569213867, 34.4833679199], [-63.4870796204, 16.681558609, -1.2537946701, -16.8498973846, -3.85001778603, 0.225887984037, 5.70189809799, 3.73047399521, -5.66317558289, 8.43382644653, 11.0842466354, 34.4833679199, 85.8225708008]], "icov": [[0.000194872540305, 0.000128298721393, 0.000216987202293, 6.33715972072e-05, 2.34826693486e-05, 7.72741113906e-05, 9.95736336336e-05, -5.66916878597e-06, 7.18949595466e-05, -6.69810924592e-06, 4.69625738333e-05, 5.8023884776e-05, 0.000105334904219], [0.000128298721393, 0.00103339436464, 0.000116177652671, -6.48718705634e-05, 6.35300384602e-05, 0.000290448631858, -0.000664484046865, 1.42321414387e-05, 0.000257892068475, -0.000205957549042, 0.000247109361226, -0.000155877656653, -3.40661404152e-06], [0.000216987202293, 0.000116177652671, 0.00146249297541, -5.31586192665e-05, -0.000796943029854, 0.000533053476829, 0.000133231616928, -0.000481267285068, 0.00113850925118, -0.000721589545719, -8.35466489661e-05, 0.000496929103974, 8.0939506006e-05], [6.33715972072e-05, -6.48718705634e-05, -5.31586192665e-05, 0.00322836847045, -0.00171824090648, -0.000115856266348, 0.00103539833799, -0.000758356123697, -0.000668246415444, 0.000284803420072, 0.000698690768331, -0.000772149011027, 0.000727875274606], [2.34826693486e-05, 6.35300384602e-05, -0.000796943029854, -0.00171824090648, 0.00596505589783, -0.0023699386511, -0.00029074808117, 0.00107500795275, -0.00200308836065, 0.000437306181993, 0.00076332007302, -0.00108313164674, 6.39145437162e-05], [7.72741113906e-05, 0.000290448631858, 0.000533053476829, -0.000115856266348, -0.0023699386511, 0.00694004446268, -0.00293234945275, -0.00113039894495, 0.0012245279504, 1.62038372764e-06, -0.0015879124403, 0.00109322287608, -4.84056108689e-05], [9.95736336336e-05, -0.000664484046865, 0.000133231616928, 0.00103539833799, -0.00029074808117, -0.00293234945275, 0.00967334862798, -0.00387384160422, 0.000839503190946, -0.00110700190999, -0.000861642300151, 0.00048148346832, 1.04341052065e-05], [-5.66916878597e-06, 1.42321414387e-05, -0.000481267285068, -0.000758356123697, 0.00107500795275, -0.00113039894495, -0.00387384160422, 0.0117792533711, -0.00610751705244, 0.0013333131792, 0.00057869014563, -0.000661907193717, -0.000709151441697], [7.18949595466e-05, 0.000257892068475, 0.00113850925118, -0.000668246415444, -0.00200308836065, 0.0012245279504, 0.000839503190946, -0.00610751705244, 0.0118707120419, -0.00456904759631, 0.000412072578911, -0.000451986445114, 0.00136581272818], [-6.69810924592e-06, -0.000205957549042, -0.000721589545719, 0.000284803420072, 0.000437306181993, 1.62038372764e-06, -0.00110700190999, 0.0013333131792, -0.00456904759631, 0.0136722270399, -0.00628670724109, 0.00128945999313, -0.0012355723884], [4.69625738333e-05, 0.000247109361226, -8.35466489661e-05, 0.000698690768331, 0.00076332007302, -0.0015879124403, -0.000861642300151, 0.00057869014563, 0.000412072578911, -0.00628670724109, 0.0158784221858, -0.00689437054098, 0.00155756890308], [5.8023884776e-05, -0.000155877656653, 0.000496929103974, -0.000772149011027, -0.00108313164674, 0.00109322287608, 0.00048148346832, -0.000661907193717, -0.000451986445114, 0.00128945999313, -0.00689437054098, 0.0167555883527, -0.00612428272143], [0.000105334904219, -3.40661404152e-06, 8.0939506006e-05, 0.000727875274606, 6.39145437162e-05, -4.84056108689e-05, 1.04341052065e-05, -0.000709151441697, 0.00136581272818, -0.0012355723884, 0.00155756890308, -0.00612428272143, 0.0143788531423]], "mean": [-648.839294434, 93.5520477295, 16.4578342438, 34.6943244934, 8.34466362, 1.88915455341, 0.71944385767, 6.63805818558, 2.92145729065, 4.30148267746, 0.914213657379, 3.34567809105, -0.379650205374]}, "spectral_contrast_valleys": {"min": [-27.1039562225, -27.302312851, -27.0420837402, -27.0682487488, -27.365146637, -27.2895507812], "max": [-5.21918296814, -4.34155321121, -5.23745965958, -5.47384309769, -5.24216079712, -7.52042007446], "dvar2": [0.353148192167, 0.474932104349, 0.418937057257, 0.388076364994, 0.465598523617, 0.373980283737], "median": [-7.04815626144, -6.87819290161, -7.65892744064, -7.79069566727, -7.25018167496, -9.57156085968], "dmean2": [0.709031581879, 0.724120736122, 0.663766622543, 0.588446378708, 0.516938567162, 0.483959883451], "dmean": [0.437287122011, 0.468999415636, 0.443419069052, 0.405046105385, 0.365328580141, 0.376975774765], "var": [0.818448364735, 1.00355863571, 1.11986482143, 1.13282680511, 1.16669225693, 1.09912323952], "dvar": [0.158714681864, 0.225309327245, 0.210326299071, 0.202492058277, 0.229283213615, 0.204767405987], "mean": [-7.21948671341, -6.99691343307, -7.74682474136, -7.93933486938, -7.36166238785, -9.70859527588]}, "barkbands_flatness_db": {"min": 0.0158160272986, "max": 0.475656360388, "dvar2": 0.00224197539501, "median": 0.107129208744, "dmean2": 0.0462699383497, "dmean": 0.030408911407, "var": 0.00455408310518, "dvar": 0.00104592635762, "mean": 0.121700972319}, "dynamic_complexity": 3.0429315567, "erbbands_flatness_db": {"min": 0.0222346317023, "max": 0.413117110729, "dvar2": 0.000712964101695, "median": 0.119199648499, "dmean2": 0.0273276325315, "dmean": 0.0191324353218, "var": 0.00158874830