{"lowlevel": {"spectral_complexity": {"min": 0, "max": 59, "dvar2": 44.3304176331, "median": 9, "dmean2": 4.9315571785, "dmean": 3.38458848, "var": 71.878288269, "dvar": 23.3179283142, "mean": 11.3384990692}, "silence_rate_20dB": {"min": 1, "max": 1, "dvar2": 0, "median": 1, "dmean2": 0, "dmean": 0, "var": 0, "dvar": 0, "mean": 1}, "average_loudness": 0.941897034645, "erbbands_spread": {"min": 1.08876287937, "max": 183.113006592, "dvar2": 739.092407227, "median": 36.9392852783, "dmean2": 22.6117477417, "dmean": 14.7294216156, "var": 712.135803223, "dvar": 310.942657471, "mean": 42.6903305054}, "spectral_kurtosis": {"min": -1.2234224081, "max": 119.161834717, "dvar2": 40.9440078735, "median": 3.41734814644, "dmean2": 3.18068242073, "dmean": 2.09432172775, "var": 49.1224517822, "dvar": 19.5874786377, "mean": 5.13345003128}, "barkbands_kurtosis": {"min": -1.94871377945, "max": 2369.88012695, "dvar2": 2808.2668457, "median": 6.41880273819, "dmean2": 16.2809066772, "dmean": 10.3169021606, "var": 3513.06835938, "dvar": 1344.96264648, "mean": 15.5320482254}, "spectral_strongpeak": {"min": 0, "max": 15.2643795013, "dvar2": 2.37273383141, "median": 0.478160381317, "dmean2": 0.838966608047, "dmean": 0.507580399513, "var": 1.33170437813, "dvar": 0.973485767841, "mean": 0.833232879639}, "spectral_spread": {"min": 692681.125, "max": 19400134, "dvar2": 2289345495040.0, "median": 5622741, "dmean2": 1274376.875, "dmean": 861188.1875, "var": 4091321253890.0, "dvar": 1096396308480.0, "mean": 5860486.5}, "spectral_rms": {"min": 4.97385713061e-07, "max": 0.0137872826308, "dvar2": 3.04381205751e-06, "median": 0.00493197422475, "dmean2": 0.00147010816727, "dmean": 0.00102390057873, "var": 6.50465517538e-06, "dvar": 1.69828740582e-06, "mean": 0.00491198245436}, "erbbands": {"min": [3.28735344501e-10, 3.29840044166e-11, 7.72144414379e-12, 1.50852837166e-11, 5.55565975169e-11, 1.03809419394e-10, 1.68005775958e-10, 1.32845304202e-10, 1.92452720427e-10, 5.91562798746e-10, 7.35219607417e-10, 6.56176168956e-10, 1.63704416689e-09, 1.16150966623e-09, 1.30582999969e-09, 1.51489087941e-09, 2.64086086332e-09, 2.18353823911e-09, 5.69368951986e-09, 4.07099065569e-09, 3.96735888586e-09, 6.4012697365e-09, 9.35162614013e-09, 9.93009408035e-09, 9.61906820862e-09, 1.54136028385e-08, 1.26440173887e-08, 1.16194183164e-08, 8.25618062805e-09, 1.16579004228e-08, 1.49001468941e-08, 8.07573563577e-09, 8.62895266351e-09, 8.3018791841e-09, 8.56900328472e-09, 3.70790176341e-09, 1.55395385448e-09, 8.28100310546e-10, 2.3724424647e-09, 4.57101290152e-09], "max": [4.42682886124, 40.5944671631, 112.709693909, 144.56703186, 427.388183594, 532.157287598, 830.918945312, 862.569030762, 891.65057373, 1500.81542969, 1204.46691895, 965.967346191, 1531.9197998, 1357.51074219, 2301.95727539, 892.407104492, 495.987304688, 478.467102051, 886.882751465, 427.551513672, 666.078491211, 334.631011963, 381.986724854, 850.230651855, 924.214904785, 574.635986328, 458.718994141, 487.583862305, 567.124389648, 825.855712891, 868.335021973, 2289.40917969, 408.712219238, 256.023010254, 94.4791183472, 42.1598091125, 12.5707969666, 2.20829200745, 0.173639714718, 0.00514852255583], "dvar2": [0.452743530273, 32.1173820496, 369.352722168, 303.061401367, 345.265075684, 2134.87670898, 1703.06567383, 2025.11755371, 4525.74316406, 7707.56054688, 7777.74511719, 5001.09130859, 8344.5234375, 4188.05224609, 2073.60107422, 1286.76904297, 1134.12060547, 1718.97424316, 1339.91296387, 4022.90307617, 14742.96875, 1217.86804199, 633.91192627, 589.070800781, 1199.02844238, 822.250976562, 620.589355469, 642.340454102, 1392.69360352, 2379.45166016, 2522.87158203, 3047.67163086, 399.974304199, 140.259963989, 18.505361557, 2.82486248016, 0.250829398632, 0.0059115937911, 4.17273986386e-05, 4.64804585931e-08], "median": [0.0123278284445, 0.384058833122, 1.71929728985, 2.39105463028, 4.69716835022, 12.2394151688, 9.21012210846, 9.30498313904, 9.55216026306, 6.06980371475, 4.46862983704, 3.78059911728, 3.61723279953, 2.75457191467, 2.06401491165, 1.71085762978, 1.72082090378, 2.59489321709, 2.7645778656, 2.60157513618, 2.47858500481, 2.13093519211, 1.60040426254, 1.53817677498, 2.33306217194, 2.12688279152, 1.78113341331, 1.34607791901, 1.36602902412, 1.21105909348, 1.55367267132, 0.86081892252, 0.641386926174, 0.342203170061, 0.185158193111, 0.0724663212895, 0.0309259723872, 0.00432490510866, 0.000395017443225, 6.22160296189e-05], "dmean2": [0.228488385677, 2.2645740509, 7.14088010788, 7.25238084793, 10.8954734802, 24.7443637848, 19.4640102386, 22.0018386841, 28.8158111572, 31.5692405701, 31.802406311, 24.4995479584, 29.5458049774, 20.7308750153, 14.2062473297, 11.9101600647, 11.884563446, 14.8301973343, 13.1736106873, 19.2114315033, 29.7889041901, 11.2943897247, 9.30495834351, 7.36079740524, 10.8403453827, 9.55466842651, 7.97734642029, 8.07182979584, 12.8581399918, 12.9028692245, 12.5427541733, 9.37600040436, 5.22301387787, 2.90881466866, 1.19884240627, 0.433385163546, 0.128032788634, 0.021172888577, 0.00201500859112, 9.02212705114e-05], "dmean": [0.134294763207, 1.39560627937, 4.16329717636, 4.2815322876, 6.53104162216, 15.9018383026, 12.7337656021, 14.0830612183, 18.1050033569, 20.924829483, 21.2215042114, 16.2958030701, 20.1740703583, 13.8008108139, 10.1393785477, 7.48707962036, 7.08026218414, 8.69771003723, 7.8796916008, 10.8852081299, 16.1478633881, 6.5302066803, 5.48220252991, 4.60994958878, 6.74630784988, 6.15062522888, 4.96065092087, 5.25646591187, 8.41081047058, 8.9469127655, 8.57923698425, 6.45925521851, 3.69427585602, 1.98521828651, 0.825644850731, 0.299608767033, 0.086101770401, 0.0143384318799, 0.00138519494794, 6.29813876003e-05], "var": [0.168649092317, 19.1855297089, 112.348373413, 95.8585357666, 237.116989136, 1351.36181641, 1716.82958984, 1746.86560059, 2675.05834961, 4982.84326172, 5075.94335938, 3784.80908203, 7182.89111328, 3552.86328125, 5270.55712891, 869.929138184, 467.313201904, 588.758422852, 625.386413574, 1031.23986816, 2937.71264648, 336.547637939, 215.034500122, 395.390960693, 768.74987793, 493.315124512, 295.611358643, 431.461120605, 1119.99829102, 2083.01489258, 2011.61987305, 1682.87109375, 452.596160889, 126.661880493, 18.5251159668, 2.4950761795, 0.172258585691, 0.00457205623388, 4.09507301811e-05, 4.92636225147e-08], "dvar": [0.177725121379, 15.5155410767, 131.813476562, 108.658988953, 135.056915283, 886.158813477, 819.50604248, 841.02557373, 1904.0526123, 3565.28979492, 3493.54223633, 2317.30371094, 4058.0859375, 1893.69140625, 1716.85400391, 550.394836426, 436.426940918, 629.346923828, 520.712219238, 1423.3840332, 5059.03027344, 433.676879883, 238.875396729, 262.29675293, 553.651855469, 370.85067749, 258.163330078, 292.091369629, 654.131103516, 1157.26074219, 1195.70715332, 1250.42736816, 212.450942993, 67.971786499, 9.34451389313, 1.34131407738, 0.113102845848, 0.00276615587063, 2.11234964809e-05, 2.40648141414e-08], "mean": [0.172724559903, 1.92060303688, 5.1764755249, 5.52268362045, 9.95120811462, 24.7865638733, 22.0240421295, 23.208568573, 25.8985729218, 28.0666999817, 29.2975006104, 23.1999664307, 29.0183067322, 20.0550384521, 14.8271226883, 9.65428256989, 8.23214149475, 10.2613649368, 10.9935903549, 11.7809352875, 13.2276973724, 7.24964094162, 5.84565114975, 6.12721061707, 8.58105278015, 7.9407749176, 6.07866430283, 6.87284803391, 10.6427106857, 12.3430538177, 12.1712741852, 9.08888912201, 5.19873666763, 2.72546172142, 1.1547369957, 0.432857006788, 0.128166764975, 0.0208146944642, 0.00194761739112, 0.000115694092528]}, "zerocrossingrate": {"min": 0.00341796875, "max": 0.75439453125, "dvar2": 0.000655343115795, "median": 0.04541015625, "dmean2": 0.0194048434496, "dmean": 0.0181184019893, "var": 0.00573177775368, "dvar": 0.000685553473886, "mean": 0.0708790421486}, "spectral_contrast_coeffs": {"min": [-0.944194734097, -0.970980584621, -0.969564437866, -0.972194194794, -0.9418181777, -0.930335700512], "max": [-0.204662144184, -0.34801658988, -0.469138950109, -0.519791781902, -0.518430888653, -0.607416272163], "dvar2": [0.0054566161707, 0.00486347358674, 0.00272401724942, 0.00185821647756, 0.000987745122984, 0.00124119280372], "median": [-0.609408140182, -0.708171069622, -0.79073369503, -0.810204088688, -0.813844680786, -0.789758205414], "dmean2": [0.0907284542918, 0.0851962566376, 0.0643746703863, 0.0522634238005, 0.0374697782099, 0.0360513441265], "dmean": [0.0584580227733, 0.0538115017116, 0.0413631796837, 0.0328984409571, 0.0237782970071, 0.0229011978954], "var": [0.0140166124329, 0.00868462584913, 0.00630000932142, 0.0036785362754, 0.00167645339388, 0.00165550573729], "dvar": [0.00246899644844, 0.00210369634442, 0.00124109548051, 0.00080797978444, 0.000454410852399, 0.000525674317032], "mean": [-0.597551345825, -0.705656826496, -0.778600037098, -0.799534976482, -0.80849224329, -0.786888062954]}, "dissonance": {"min": 0.119730338454, "max": 0.5, "dvar2": 0.00185738829896, "median": 0.454204976559, "dmean2": 0.0424722582102, "dmean": 0.0268105175346, "var": 0.002346791327, "dvar": 0.000807057600468, "mean": 0.441777914762}, "spectral_energyband_high": {"min": 1.40638639623e-10, "max": 0.0785532295704, "dvar2": 1.90684386325e-05, "median": 0.000277403800283, "dmean2": 0.00145365507342, "dmean": 0.00104091025423, "var": 2.30984569498e-05, "dvar": 1.03903785202e-05, "mean": 0.00162995466962}, "spectral_skewness": {"min": -0.535661756992, "max": 9.02037811279, "dvar2": 0.384416639805, "median": 1.60081672668, "dmean2": 0.48084551096, "dmean": 0.334053218365, "var": 0.7825294137, "dvar": 0.20231552422, "mean": 1.74047803879}, "spectral_flux": {"min": 1.64767152455e-05, "max": 0.386108994484, "dvar2": 0.00426321150735, "median": 0.0781706422567, "dmean2": 0.0541406981647, "dmean": 0.0340845622122, "var": 0.00436768680811, "dvar": 0.00191385636572, "mean": 0.0930466577411}, "silence_rate_30dB": {"min": 0, "max": 1, "dvar2": 0.0796222910285, "median": 1, "dmean2": 0.0682688951492, "dmean": 0.034131474793, "var": 0.025933181867, "dvar": 0.0329633802176, "mean": 0.973358869553}, "spectral_energyband_middle_high": {"min": 1.11125345037e-12, "max": 0.0607020258904, "dvar2": 4.71996499982e-05, "median": 0.00088083720766, "dmean2": 0.00267536798492, "dmean": 0.00170991686173, "var": 2.54744263657e-05, "dvar": 1.85722346941e-05, "mean": 0.00258220126852}, "barkbands_spread": {"min": 0.0941647291183, "max": 143.708435059, "dvar2": 333.222290039, "median": 12.9376592636, "dmean2": 12.2050437927, "dmean": 7.87958621979, "var": 399.252044678, "dvar": 155.267578125, "mean": 20.3111133575}, "spectral_centroid": {"min": 96.1506347656, "max": 7604.64990234, "dvar2": 529855.625, "median": 772.01171875, "dmean2": 498.542480469, "dmean": 335.258544922, "var": 1062301.625, "dvar": 302135.84375, "mean": 1121.63891602}, "pitch_salience": {"min": 0.0307058822364, "max": 0.920207560062, "dvar2": 0.0184757858515, "median": 0.581426739693, "dmean2": 0.142499640584, "dmean": 0.0885535776615, "var": 0.0218111407012, "dvar": 0.00785714853555, "mean": 0.561883032322}, "erbbands_skewness": {"min": -8.66381168365, "max": 12.3541488647, "dvar2": 1.01758563519, "median": 0.973811984062, "dmean2": 0.908981740475, "dmean": 0.619511723518, "var": 2.11498355865, "dvar": 0.523554086685, "mean": 0.903352975845}, "erbbands_crest": {"min": 2.22055339813, "max": 32.3634719849, "dvar2": 20.444185257, "median": 9.28812599182, "dmean2": 4.97715520859, "dmean": 3.10099983215, "var": 23.509475708, "dvar": 8.54806041718, "mean": 10.2625017166}, "melbands": {"min": [6.4641915952e-12, 3.46780243749e-15, 2.75817983362e-15, 7.42898462609e-15, 5.0911334576e-15, 2.88396486156e-15, 2.8675226815e-15, 6.77541612157e-15, 5.22227321608e-15, 3.80644070408e-15, 8.29939060049e-15, 4.79352927862e-15, 4.30321070457e-15, 4.45497232718e-15, 3.82730143151e-15, 6.3719976222e-15, 3.57427363192e-15, 8.67897740437e-15, 6.45256866669e-15, 3.46014377734e-15, 5.31045696918e-15, 5.30421433636e-15, 5.2286238456e-15, 7.22439652317e-15, 7.75838388082e-15, 5.85774189706e-15, 8.63107515011e-15, 8.97416669243e-15, 5.82979192739e-15, 8.76126834927e-15, 5.65424477259e-15, 5.00116500608e-15, 3.82816286402e-15, 8.28698919111e-15, 6.4619038168e-15, 5.05397793386e-15, 5.0796955482e-15, 6.08072670856e-15, 7.99517617639e-15, 6.03295743847e-15], "max": [0.0473351627588, 0.0490141734481, 0.0224418230355, 0.0271216221154, 0.0227785650641, 0.0171312130988, 0.0119775310159, 0.0135161913931, 0.00978872459382, 0.0066046458669, 0.00748937996104, 0.00604341272265, 0.00879520177841, 0.0019802947063, 0.00132416479755, 0.000800913025159, 0.00103602302261, 0.00178373325616, 0.000530796241947, 0.000752109277528, 0.000797815562692, 0.000227249620366, 0.000659244135022, 0.000313465105137, 0.000818187894765, 0.000795866304543, 0.000789980695117, 0.000447726924904, 0.000300847255858, 0.000331260845996, 0.000305344234221, 0.000273730896879, 0.000505179283209, 0.000420488824602, 0.000471211504191, 0.00160840444732, 0.00105568300933, 0.000306966918288, 0.00029764737701, 0.000235429615714], "dvar2": [4.18961499236e-05, 6.37089615338e-05, 8.16181727714e-06, 4.24235395258e-06, 2.14618717109e-06, 9.21757930428e-07, 9.71295435193e-07, 8.83073255409e-07, 4.31860371464e-07, 2.14700364154e-07, 2.09597715184e-07, 8.00138337809e-08, 3.11077563708e-08, 9.83867298743e-09, 8.53244497279e-09, 4.21768486802e-09, 7.58383578159e-09, 4.72616834557e-09, 1.82106296709e-09, 1.77821686265e-08, 1.96554665877e-08, 7.65443486372e-10, 1.55185087003e-09, 2.5019722405e-10, 4.90922413832e-10, 6.84358347769e-10, 7.00109303864e-10, 4.21201490353e-10, 3.24424570541e-10, 1.95054222774e-10, 2.47127041053e-10, 5.18073361988e-10, 6.86490808643e-10, 8.40340630415e-10, 8.96577478926e-10, 1.50370904617e-09, 8.92306561973e-10, 1.86053811246e-10, 2.40131081686e-10, 1.0715425075e-10], "median": [0.000194082793314, 0.00114192534238, 0.000546092982404, 0.000697598443367, 0.000408573570894, 0.000216077663936, 0.000144120916957, 5.64759975532e-05, 3.21852276102e-05, 2.07301782211e-05, 1.711967343e-05, 1.03828997453e-05, 6.47309570923e-06, 4.63299147668e-06, 3.60968624591e-06, 3.39726238963e-06, 4.52538279205e-06, 4.12653253079e-06, 3.45971511706e-06, 2.65979633696e-06, 2.78432230516e-06, 2.28633780353e-06, 1.47537184603e-06, 1.08959284262e-06, 1.0752316939e-06, 1.48046001414e-06, 1.57372801368e-06, 1.27707551201e-06, 9.22464494124e-07, 1.07846756237e-06, 6.41579788407e-07, 7.46534851714e-07, 6.3372999648e-07, 6.30783233646e-07, 1.02122908174e-06, 5.07844731601e-07, 5.00109820223e-07, 3.95326026137e-07, 4.57555387356e-07, 2.32431759173e-07], "dmean2": [0.00235138251446, 0.00315512809902, 0.00131140137091, 0.00119433307555, 0.000784637231845, 0.000494663370773, 0.000434096902609, 0.000345831183949, 0.000239028362557, 0.000161158197443, 0.000149724350194, 8.97090358194e-05, 5.58766914764e-05, 3.15268734994e-05, 3.12396659865e-05, 2.46473482548e-05, 3.02610151266e-05, 2.34006183746e-05, 1.70181720023e-05, 3.45208500221e-05, 3.48774956365e-05, 1.02180938484e-05, 1.24605849123e-05, 6.36385311736e-06, 6.02313775744e-06, 8.14221220935e-06, 7.71112536313e-06, 6.5738295234e-06, 5.58332021683e-06, 4.14271517002e-06, 5.21508945894e-06, 7.95786218077e-06, 7.1203362495e-06, 7.49932223698e-06, 7.63666957937e-06, 7.10576796337e-06, 5.68979976379e-06, 3.71662781617e-06, 3.55455335921e-06, 2.35258789871e-06], "dmean": [0.00142743741162, 0.0019522466464, 0.000771914608777, 0.00075106555596, 0.00051179289585, 0.000314761768095, 0.000272718170891, 0.000230464487686, 0.000159981442266, 0.000106209394289, 0.000101699595689, 5.88718830841e-05, 3.9824477426e-05, 2.0500525352e-05, 1.85562512343e-05, 1.46471111293e-05, 1.75390960067e-05, 1.37900033224e-05, 1.0222444871e-05, 1.88870108104e-05, 1.88395497389e-05, 5.98147926212e-06, 7.19391618986e-06, 3.7955408061e-06, 3.73562647837e-06, 4.97501014252e-06, 4.89078274768e-06, 4.18624495069e-06, 3.39155008078e-06, 2.64305390374e-06, 3.33607522407e-06, 4.98737335874e-06, 4.90826005262e-06, 5.12946780873e-06, 5.14547036801e-06, 4.77815046906e-06, 3.88772468796e-06, 2.63518472821e-06, 2.39705627791e-06, 1.56674082064e-06], "var": [1.97475783352e-05, 2.86389858957e-05, 2.76741479865e-06, 2.78753714156e-06, 2.05928745345e-06, 8.23445702736e-07, 5.94974267187e-07, 6.05804643783e-07, 2.95170906384e-07, 1.65139354635e-07, 1.82335995191e-07, 6.1934265716e-08, 9.20734208876e-08, 7.15660730677e-09, 3.5558129774e-09, 1.82163439888e-09, 2.40328845713e-09, 1.88220927733e-09, 9.00999663767e-10, 3.71901687224e-09, 3.92931243098e-09, 2.72640687804e-10, 4.29334345853e-10, 1.06248287945e-10, 2.99973768048e-10, 4.22528040334e-10, 4.35700031609e-10, 2.14278234045e-10, 1.35247896216e-10, 1.0713675086e-10, 1.65889260662e-10, 3.26710603016e-10, 5.92071280892e-10, 6.86431245178e-10, 6.87921664078e-10, 8.76590744436e-10, 5.45319012168e-10, 2.31320976263e-10, 1.82533196891e-10, 7.70920619009e-11], "dvar": [1.81543364306e-05, 2.59107564489e-05, 2.92094637189e-06, 1.72507634488e-06, 9.93551452666e-07, 3.78551249014e-07, 4.10550171637e-07, 4.1797193262e-07, 1.96539005515e-07, 1.00450954221e-07, 1.02676629865e-07, 3.58499576691e-08, 2.68143303117e-08, 4.31010471758e-09, 3.31982930035e-09, 1.60204871591e-09, 2.75690381635e-09, 1.81218096085e-09, 7.13211878445e-10, 6.15710549212e-09, 6.73423228292e-09, 2.7844246353e-10, 5.66237834398e-10, 9.63440160984e-11, 2.12224848806e-10, 3.01322217178e-10, 3.26375787507e-10, 1.80683273898e-10, 1.30899513451e-10, 8.47162409667e-11, 1.11402338743e-10, 2.23694701651e-10, 3.29192978432e-10, 4.012044863e-10, 4.19788537265e-10, 6.58684162769e-10, 3.69331620842e-10, 1.03671959906e-10, 1.10778872187e-10, 4.81703461841e-11], "mean": [0.00190402148291, 0.00274353311397, 0.00106720451731, 0.00125033699442, 0.000890377676114, 0.000525825947989, 0.000393859576434, 0.000307312933728, 0.000221911221161, 0.00014668989752, 0.000143956203829, 8.14501545392e-05, 5.70524862269e-05, 2.78441621049e-05, 2.04150092031e-05, 1.70705134224e-05, 1.95108514163e-05, 1.76035991899e-05, 1.40990687214e-05, 1.63820877788e-05, 1.54115059559e-05, 7.1504114203e-06, 6.90464275976e-06, 4.28067733083e-06, 4.85325790578e-06, 6.15587259745e-06, 6.242208201e-06, 5.09653091285e-06, 3.81262611882e-06, 3.45805187862e-06, 4.18009085479e-06, 5.89677392782e-06, 6.51196705803e-06, 6.89024909661e-06, 7.14627003617e-06, 6.37355969957e-06, 5.29601175003e-06, 3.62912851415e-06, 3.1358713386e-06, 2.04873072107e-06]}, "spectral_entropy": {"min": 3.84778547287, "max": 9.11745738983, "dvar2": 0.197900295258, "median": 7.46471881866, "dmean2": 0.400318592787, "dmean": 0.28269264102, "var": 0.536069393158, "dvar": 0.110531166196, "mean": 7.39906311035}, "spectral_rolloff": {"min": 43.06640625, "max": 21468.6035156, "dvar2": 5220558, "median": 559.86328125, "dmean2": 1198.96508789, "dmean": 718.621765137, "var": 7060619, "dvar": 2612796.75, "mean": 1683.02893066}, "barkbands": {"min": [4.11621847718e-11, 3.22708548252e-13, 1.74911689509e-15, 3.04053636076e-15, 2.94107084877e-14, 2.09977638033e-14, 1.46204764604e-14, 2.81760580172e-14, 3.40248391528e-14, 4.18796975452e-14, 2.73125367266e-14, 3.16451339688e-14, 4.98685396092e-14, 5.28931146928e-14, 8.34479647925e-14, 4.62884193323e-14, 8.83310894047e-14, 1.60777627648e-13, 1.51231972908e-13, 3.07856957158e-13, 3.18216454706e-13, 2.28105376384e-13, 5.23598363018e-13, 4.23389161187e-13, 1.08284876291e-12, 7.8995338916e-13, 1.50133627752e-10], "max": [0.028426559642, 0.173029750586, 0.0987193584442, 0.0599745437503, 0.105171643198, 0.072139672935, 0.079779304564, 0.0603710226715, 0.0422781072557, 0.0423127114773, 0.0531627684832, 0.017561936751, 0.00940836314112, 0.0108241606504, 0.00858044158667, 0.0134535133839, 0.00731213903055, 0.00564293330535, 0.01866803132, 0.0153736863285, 0.0124233718961, 0.019971428439, 0.0282114334404, 0.0564400106668, 0.0155989006162, 0.00687443232164, 0.000863319903146], "dvar2": [9.62966737461e-07, 0.000548111042008, 0.000303456472466, 2.94671353913e-05, 8.01334899734e-05, 2.22306480282e-05, 2.53871257883e-05, 1.98409125005e-05, 9.30560690904e-06, 6.58906401441e-06, 1.68192207184e-06, 6.94249422395e-07, 5.60109242542e-07, 8.29719056128e-07, 2.56265110465e-07, 6.11801260675e-06, 3.32781382895e-07, 1.65873572655e-07, 3.76961480697e-07, 4.03436871466e-07, 3.28427290697e-07, 1.16358535251e-06, 2.92005688607e-06, 3.0339051591e-06, 5.96188158397e-07, 8.44297787239e-08, 1.3849558167e-09], "median": [2.7956582926e-05, 0.00103901629336, 0.00111946999095, 0.000548874260858, 0.00357707450166, 0.00116406904999, 0.000567882263567, 0.000183565338375, 0.000135945854709, 9.67912565102e-05, 4.24511599704e-05, 3.80761739507e-05, 3.43792053172e-05, 4.67881109216e-05, 4.79815244034e-05, 3.51216076524e-05, 4.29504434578e-05, 2.59181451838e-05, 3.66022650269e-05, 4.48090941063e-05, 4.03916346841e-05, 3.75350937247e-05, 4.89142985316e-05, 4.12253684772e-05, 2.96006601275e-05, 1.5018556951e-05, 2.28554381465e-06], "dmean2": [0.000246491719736, 0.00910405442119, 0.00653447629884, 0.00239652115852, 0.00538930855691, 0.00254699611105, 0.00208857958205, 0.0016031927662, 0.00111743237358, 0.000885001034476, 0.000431007822044, 0.000284732581349, 0.000270969350822, 0.000310086121317, 0.000210957921809, 0.000596768979449, 0.000202822018764, 0.000161315067089, 0.000185252298252, 0.000213894876651, 0.000180650138645, 0.000353564275429, 0.000433303852333, 0.000375444040401, 0.000202913812245, 7.51853367547e-05, 1.17206327559e-05], "dmean": [0.000150911015226, 0.00559663400054, 0.00380545388907, 0.0013852348784, 0.00345349498093, 0.00162439479027, 0.00131603330374, 0.00106060190592, 0.000741458148696, 0.000587315880693, 0.000300588319078, 0.000180054310476, 0.00015904531756, 0.000179996830411, 0.000129095831653, 0.000322160369251, 0.000118108735478, 9.55166469794e-05, 0.000115326016385, 0.000135897687869, 0.000115671435196, 0.000238496213569, 0.000300201412756, 0.000262273882981, 0.000140945077874, 5.20057510585e-05, 8.05747731647e-06], "var": [4.19837789423e-07, 0.000310150062433, 8.83895045263e-05, 9.7198817457e-06, 6.02599175181e-05, 2.12116065086e-05, 1.47905129779e-05, 1.30564039864e-05, 7.91445836512e-06, 5.54814869247e-06, 4.10179063692e-06, 4.88280306854e-07, 2.19190653183e-07, 2.60677126107e-07, 1.90209846096e-07, 1.22662902413e-06, 1.14052028266e-07, 6.26910363621e-08, 2.60251937334e-07, 2.41612497121e-07, 1.91182110143e-07, 1.08340123006e-06, 2.39100677391e-06, 2.32621346186e-06, 6.04954891514e-07, 6.93866155643e-08, 1.25559185271e-09], "dvar": [3.69187858951e-07, 0.000257787178271, 0.000106130813947, 1.05043718577e-05, 3.37031779054e-05, 9.38275479712e-06, 1.09007232822e-05, 9.19122976484e-06, 4.48666423836e-06, 3.22606547343e-06, 1.2500943285e-06, 2.99300580764e-07, 2.11638791825e-07, 3.07079147888e-07, 1.06395006583e-07, 2.11059045796e-06, 1.20996716646e-07, 6.31516812177e-08, 1.73111615709e-07, 1.8333903995e-07, 1.43597731039e-07, 5.75865556129e-07, 1.4010073528e-06, 1.35789650813e-06, 3.01209297504e-07, 3.96481603104e-08, 6.78201939053e-10], "mean": [0.000214890300413, 0.00768129853532, 0.00458597950637, 0.00154713203665, 0.00601036753505, 0.00277054402977, 0.0017822929658, 0.00139192806091, 0.0010259289993, 0.000803244882263, 0.000419507879997, 0.000232383725233, 0.000177687441465, 0.000194909051061, 0.00020792131545, 0.000246429583058, 0.000138810952194, 0.000101924066257, 0.000149245257489, 0.000171914463863, 0.000150355568621, 0.00031771173235, 0.000420035095885, 0.000368963868823, 0.000198338748305, 7.68918689573e-05, 1.12398847705e-05]}, "melbands_flatness_db": {"min": 0.0213365741074, "max": 0.648891031742, "dvar2": 0.00369488843717, "median": 0.236388221383, "dmean2": 0.0577371157706, "dmean": 0.0403725728393, "var": 0.0101287877187, "dvar": 0.00195597391576, "mean": 0.242435872555}, "melbands_skewness": {"min": -5.31993818283, "max": 23.0547771454, "dvar2": 5.03733301163, "median": 2.90990138054, "dmean2": 1.89572238922, "dmean": 1.25239133835, "var": 6.46315813065, "dvar": 2.29661417007, "mean": 3.39077568054}, "barkbands_skewness": {"min": -9.56768321991, "max": 43.3272361755, "dvar2": 3.89340376854, "median": 2.07128953934, "dmean2": 1.46744048595, "dmean": 0.994365036488, "var": 5.96214485168, "dvar": 1.96115195751, "mean": 2.28685164452}, "silence_rate_60dB": {"min": 0, "max": 1, "dvar2": 0.0834935083985, "median": 0, "dmean2": 0.0797631517053, "dmean": 0.0398781001568, "var": 0.0971890240908, "dvar": 0.0382853150368, "mean": 0.109089329839}, "spectral_energyband_low": {"min": 2.83520169148e-11, "max": 0.179026350379, "dvar2": 0.00075144978473, "median": 0.0059609292075, "dmean2": 0.0125264758244, "dmean": 0.00794803071767, "var": 0.000566691043787, "dvar": 0.000382937403629, "mean": 0.0132622178644}, "spectral_energyband_middle_low": {"min": 2.91456745891e-13, "max": 0.121022723615, "dvar2": 0.000171052248334, "median": 0.0111168194562, "dmean2": 0.00973234605044, "dmean": 0.00646350346506, "var": 0.000203531919396, "dvar": 7.86106102169e-05, "mean": 0.0148648135364}, "melbands_kurtosis": {"min": -1.95425832272, "max": 874.866455078, "dvar2": 3708.97558594, "median": 15.2016973495, "dmean2": 29.4538345337, "dmean": 18.6297798157, "var": 2781.05615234, "dvar": 1620.01257324, "mean": 30.4288082123}, "spectral_decrease": {"min": -5.10007467369e-08, "max": 3.58011953416e-11, "dvar2": 5.14270594533e-17, "median": -6.00637228843e-09, "dmean2": 4.67417171635e-09, "dmean": 3.12986392359e-09, "var": 5.80750471707e-17, "dvar": 2.70264556103e-17, "mean": -7.77531727891e-09}, "erbbands_kurtosis": {"min": -1.87070071697, "max": 223.76423645, "dvar2": 53.4275398254, "median": 1.18829774857, "dmean2": 4.27628564835, "dmean": 2.75555849075, "var": 66.9768295288, "dvar": 25.1550045013, "mean": 3.48148870468}, "melbands_crest": {"min": 2.9795320034, "max": 37.2745285034, "dvar2": 25.9058933258, "median": 14.3126134872, "dmean2": 5.81051540375, "dmean": 3.61170959473, "var": 32.337097168, "dvar": 10.9017210007, "mean": 15.060459137}, "gfcc": {"cov": [[11561.8554688, -470.481231689, -652.487304688, 275.233123779, -767.620300293, 146.098327637, -228.433868408, 208.499038696, -212.111541748, 85.7799224854, -186.89225769, 5.98833799362, -179.907653809], [-470.481231689, 2719.50512695, 380.420379639, -165.669708252, 336.781555176, -129.626663208, 304.863769531, 113.524520874, 176.263793945, -0.310350894928, 140.998123169, -126.245475769, -7.87775373459], [-652.487304688, 380.420379639, 1167.40161133, 369.199035645, 109.711898804, 49.8449287415, 23.2083206177, 20.7448501587, 126.485870361, 49.8879127502, 31.9390201569, 28.4499912262, -5.64122676849], [275.233123779, -165.669708252, 369.199035645, 641.836669922, 157.857147217, 38.0519332886, -22.6933269501, -8.79518890381, 56.7223167419, 3.69956088066, -1.19626247883, 25.2686328888, -25.72697258], [-767.620300293, 336.781555176, 109.711898804, 157.857147217, 433.126831055, 70.6374130249, 46.539150238, 5.75078487396, 63.4465179443, 23.4166526794, 30.7441940308, -19.1569309235, 3.49743390083], [146.098327637, -129.626663208, 49.8449287415, 38.0519332886, 70.6374130249, 268.404266357, 106.768569946, 8.64077091217, 28.4597835541, 31.3008651733, 8.47686290741, 5.42601776123, -24.5294494629], [-228.433868408, 304.863769531, 23.2083206177, -22.6933269501, 46.539150238, 106.768569946, 314.964355469, 102.20413208, 15.9969892502, -7.35838413239, 52.8824729919, 9.61895847321, -37.3160476685], [208.499038696, 113.524520874, 20.7448501587, -8.79518890381, 5.75078487396, 8.64077091217, 102.20413208, 190.623153687, 60.9603233337, 17.9862537384, 26.9310512543, 14.9006547928, -10.871096611], [-212.111541748, 176.263793945, 126.485870361, 56.7223167419, 63.4465179443, 28.4597835541, 15.9969892502, 60.9603233337, 200.833480835, 78.8679733276, 21.4296417236, -0.472217381001, 5.9327878952], [85.7799224854, -0.310350894928, 49.8879127502, 3.69956088066, 23.4166526794, 31.3008651733, -7.35838413239, 17.9862537384, 78.8679733276, 141.780349731, 48.5621070862, 6.76541566849, 15.5739126205], [-186.89225769, 140.998123169, 31.9390201569, -1.19626247883, 30.7441940308, 8.47686290741, 52.8824729919, 26.9310512543, 21.4296417236, 48.5621070862, 129.740890503, 43.6348190308, 15.6863327026], [5.98833799362, -126.245475769, 28.4499912262, 25.2686328888, -19.1569309235, 5.42601776123, 9.61895847321, 14.9006547928, -0.472217381001, 6.76541566849, 43.6348190308, 110.096214294, 37.445186615], [-179.907653809, -7.87775373459, -5.64122676849, -25.72697258, 3.49743390083, -24.5294494629, -37.3160476685, -10.871096611, 5.9327878952, 15.5739126205, 15.6863327026, 37.445186615, 117.979324341]], "icov": [[0.000179025752004, -0.000202092254767, 0.000215997366467, -0.000354288873496, 0.000488879799377, -0.000455481931567, 0.000455391680589, -0.000485968892463, 0.000497108267155, -0.000508920871653, 0.000430821004556, -0.000310297909891, 0.000266025017481], [-0.000202092254767, 0.000997641938739, -0.000563779554795, 0.000842263107188, -0.00110045296606, 0.00133398780599, -0.00133368221577, 0.000739097653423, -0.00122032815125, 0.00114568311255, -0.00133250758518, 0.00149446586147, -0.000515630235896], [0.000215997366467, -0.000563779554795, 0.00150216789916, -0.00121059047524, 0.000855454651173, -0.000915845797863, 0.000778735673521, -0.000558543601073, 0.000347234570654, -0.000902916013729, 0.000747911864892, -0.000934901938308, 0.000377652788302], [-0.000354288873496, 0.000842263107188, -0.00121059047524, 0.00314732594416, -0.00201054965146, 0.00127812637947, -0.0009722703835, 0.0011725181248, -0.00159275322221, 0.00161377096083, -0.00102590303868, 0.000332351890393, 0.000168258309714], [0.000488879799377, -0.00110045296606, 0.000855454651173, -0.00201054965146, 0.0046306909062, -0.00242001190782, 0.00154681107961, -0.00122135772835, 0.00111133663449, -0.00143959373236, 0.000818078871816, -0.000376875919756, 0.000155766014359], [-0.000455481931567, 0.00133398780599, -0.000915845797863, 0.00127812637947, -0.00242001190782, 0.00697356648743, -0.00408067600802, 0.00246999412775, -0.0021136556752, 0.000273986923276, -0.000690461602062, 0.00102905009408, -7.67164237914e-05], [0.000455391680589, -0.00133368221577, 0.000778735673521, -0.0009722703835, 0.00154681107961, -0.00408067600802, 0.00735068321228, -0.00404052017257, 0.00224147411063, -0.000271843135124, -0.000292714888928, -0.00169100449421, 0.00198776787147], [-0.000485968892463, 0.000739097653423, -0.000558543601073, 0.0011725181248, -0.00122135772835, 0.00246999412775, -0.00404052017257, 0.00881255138665, -0.00386555399746, 0.00140317389742, -0.00128895975649, 5.68984723941e-05, -0.000216465661651], [0.000497108267155, -0.00122032815125, 0.000347234570654, -0.00159275322221, 0.00111133663449, -0.0021136556752, 0.00224147411063, -0.00386555399746, 0.00972958467901, -0.00582036282867, 0.00267193559557, -0.00138586165849, 0.000589866074733], [-0.000508920871653, 0.00114568311255, -0.000902916013729, 0.00161377096083, -0.00143959373236, 0.000273986923276, -0.000271843135124, 0.00140317389742, -0.00582036282867, 0.0130906030536, -0.00635318178684, 0.00308052357286, -0.00181622907985], [0.000430821004556, -0.00133250758518, 0.000747911864892, -0.00102590303868, 0.000818078871816, -0.000690461602062, -0.000292714888928, -0.00128895975649, 0.00267193559557, -0.00635318178684, 0.0138424672186, -0.00653666211292, 0.000939353252761], [-0.000310297909891, 0.00149446586147, -0.000934901938308, 0.000332351890393, -0.000376875919756, 0.00102905009408, -0.00169100449421, 5.68984723941e-05, -0.00138586165849, 0.00308052357286, -0.00653666211292, 0.0150643084198, -0.00489917909727], [0.000266025017481, -0.000515630235896, 0.000377652788302, 0.000168258309714, 0.000155766014359, -7.67164237914e-05, 0.00198776787147, -0.000216465661651, 0.000589866074733, -0.00181622907985, 0.000939353252761, -0.00489917909727, 0.0111303813756]], "mean": [-27.0550727844, 73.7976531982, -75.869354248, 28.0253505707, -65.0761871338, 8.06889057159, -44.2191810608, 2.9506752491, -22.3125896454, 2.06079244614, -18.4040813446, -0.198225602508, -9.31733798981]}, "melbands_spread": {"min": 0.203870564699, "max": 293.424865723, "dvar2": 1211.48986816, "median": 10.9564838409, "dmean2": 16.9117717743, "dmean": 10.9930047989, "var": 1267.10302734, "dvar": 571.333251953, "mean": 23.1463165283}, "spectral_energy": {"min": 2.53577353559e-10, "max": 0.194841384888, "dvar2": 0.000752432621084, "median": 0.0249324776232, "dmean2": 0.0185048058629, "dmean": 0.0124355247244, "var": 0.000864754256327, "dvar": 0.000393009919208, "mean": 0.031397998333}, "mfcc": {"cov": [[8805.33203125, -741.732971191, -323.609100342, -34.2722892761, -384.951446533, -140.726898193, -82.9153442383, 49.0309104919, -76.9582519531, 60.0004692078, 69.0897750854, -253.088027954, -67.77368927], [-741.732971191, 2601.83081055, 202.030761719, 103.426589966, 41.8885765076, -85.6097183228, 141.381210327, 36.062538147, 110.267784119, 97.7795791626, 139.40473938, 121.330734253, 47.9611129761], [-323.609100342, 202.030761719, 978.358215332, 286.476959229, 136.597045898, 93.8137207031, -26.8953533173, 61.8135070801, 36.6056098938, 31.0405673981, 55.5121459961, 80.0983276367, 59.1673202515], [-34.2722892761, 103.426589966, 286.476959229, 558.337585449, 227.334747314, 52.8725090027, 4.09194517136, 53.9754753113, 17.2989311218, 12.0977840424, 25.4735584259, 38.1796112061, 33.4295806885], [-384.951446533, 41.8885765076, 136.597045898, 227.334747314, 393.994110107, 124.276748657, -33.4959602356, -32.9415092468, 41.7580413818, 25.5040111542, -0.309783101082, 41.3731918335, 16.7530212402], [-140.726898193, -85.6097183228, 93.8137207031, 52.8725090027, 124.276748657, 301.317565918, 71.2835617065, 28.0635852814, 19.1659431458, 10.9778871536, 57.8482475281, 19.7528095245, 7.89150094986], [-82.9153442383, 141.381210327, -26.8953533173, 4.09194517136, -33.4959602356, 71.2835617065, 250.634368896, 101.683677673, -7.10406303406, 8.47175502777, 40.1980705261, 26.8754901886, 4.78928232193], [49.0309104919, 36.062538147, 61.8135070801, 53.9754753113, -32.9415092468, 28.0635852814, 101.683677673, 207.201065063, 38.6903152466, -2.47345161438, 58.4015464783, 38.3269844055, 13.480632782], [-76.9582519531, 110.267784119, 36.6056098938, 17.2989311218, 41.7580413818, 19.1659431458, -7.10406303406, 38.6903152466, 149.160858154, 48.3459243774, 23.7953929901, 37.8089752197, 11.0173683167], [60.0004692078, 97.7795791626, 31.0405673981, 12.0977840424, 25.5040111542, 10.9778871536, 8.47175502777, -2.47345161438, 48.3459243774, 146.226608276, 53.6897239685, 2.26355981827, 24.8425636292], [69.0897750854, 139.40473938, 55.5121459961, 25.4735584259, -0.309783101082, 57.8482475281, 40.1980705261, 58.4015464783, 23.7953929901, 53.6897239685, 179.268875122, 27.7351226807, 22.8404712677], [-253.088027954, 121.330734253, 80.0983276367, 38.1796112061, 41.3731918335, 19.7528095245, 26.8754901886, 38.3269844055, 37.8089752197, 2.26355981827, 27.7351226807, 162.463348389, 50.8635559082], [-67.77368927, 47.9611129761, 59.1673202515, 33.4295806885, 16.7530212402, 7.89150094986, 4.78928232193, 13.480632782, 11.0173683167, 24.8425636292, 22.8404712677, 50.8635559082, 103.498008728]], "icov": [[0.000130334185087, 3.18650163535e-05, 3.68989167328e-05, -7.72866114858e-05, 0.000141677592183, 9.01876046555e-06, 6.74347684253e-05, -5.07665790792e-05, 2.25145322474e-05, -9.08534930204e-05, -7.75149746914e-05, 0.0001461632055, 1.90069295058e-05], [3.18650163535e-05, 0.000478965142975, -8.95063640201e-05, -4.84859774588e-05, -4.22549164796e-05, 0.000388043408748, -0.000435229216237, 0.000302385364193, -0.000331394199748, -4.94126870763e-05, -0.000398193282308, -0.000153159344336, 3.40310725733e-05], [3.68989167328e-05, -8.95063640201e-05, 0.00133924861439, -0.000608875474427, 0.000132777844556, -0.000444375065854, 0.000567155948374, -0.000382894155337, 0.000144644014654, -0.000213952182094, -2.29505985772e-06, -0.0003209283459, -0.000273111101706], [-7.72866114858e-05, -4.84859774588e-05, -0.000608875474427, 0.00289076683111, -0.00182576978114, 0.000477093446534, -0.000119432355859, -0.000907234847546, 0.0004164922575, 0.000187391779036, -8.27403055155e-05, 0.000220435525989, -0.000410308624851], [0.000141677592183, -4.22549164796e-05, 0.000132777844556, -0.00182576978114, 0.00462322216481, -0.00187603686936, 0.000801648537163, 0.00107242818922, -0.000742315605748, -0.000631123257335, 0.000645180291031, -0.000740278454032, 0.000296012934996], [9.01876046555e-06, 0.000388043408748, -0.000444375065854, 0.000477093446534, -0.00187603686936, 0.0050008026883, -0.0019255647203, 0.000457472546259, -0.000588120950852, 0.000696358038113, -0.00175181496888, 0.000340040045558, -7.1397857937e-06], [6.74347684253e-05, -0.000435229216237, 0.000567155948374, -0.000119432355859, 0.000801648537163, -0.0019255647203, 0.0063460287638, -0.00320725981146, 0.00181578844786, -0.00112580892164, 0.000553091871552, -0.000713324872777, 0.000406776060117], [-5.07665790792e-05, 0.000302385364193, -0.000382894155337, -0.000907234847546, 0.00107242818922, 0.000457472546259, -0.00320725981146, 0.00805518124253, -0.00273721502163, 0.0017799034249, -0.00207774364389, -0.0005840951344, -0.000160966912517], [2.25145322474e-05, -0.000331394199748, 0.000144644014654, 0.0004164922575, -0.000742315605748, -0.000588120950852, 0.00181578844786, -0.00273721502163, 0.00930219143629, -0.00330488104373, 0.000736459391192, -0.00181334966328, 0.000920280523133], [-9.08534930204e-05, -4.94126870763e-05, -0.000213952182094, 0.000187391779036, -0.000631123257335, 0.000696358038113, -0.00112580892164, 0.0017799034249, -0.00330488104373, 0.00957859680057, -0.00283707678318, 0.00161425478291, -0.00222004181705], [-7.75149746914e-05, -0.000398193282308, -2.29505985772e-06, -8.27403055155e-05, 0.000645180291031, -0.00175181496888, 0.000553091871552, -0.00207774364389, 0.000736459391192, -0.00283707678318, 0.00796054489911, -0.000734443950932, -0.000357277924195], [0.0001461632055, -0.000153159344336, -0.0003209283459, 0.000220435525989, -0.000740278454032, 0.000340040045558, -0.000713324872777, -0.0005840951344, -0.00181334966328, 0.00161425478291, -0.000734443950932, 0.00873478781432, -0.00384308211505], [1.90069295058e-05, 3.40310725733e-05, -0.000273111101706, -0.000410308624851, 0.000296012934996, -7.1397857937e-06, 0.000406776060117, -0.000160966912517, 0.000920280523133, -0.00222004181705, -0.000357277924195, -0.00384308211505, 0.0123045491055]], "mean": [-683.175537109, 112.567298889, 35.7943763733, 21.1050701141, 4.85392951965, 2.894790411, -7.98930835724, -2.99795675278, -3.09388422966, 2.40090513229, -7.62127542496, -3.51518583298, -1.43236410618]}, "spectral_contrast_valleys": {"min": [-19.7907066345, -18.0875473022, -18.02135849, -17.9704360962, -17.2263450623, -18.7454166412], "max": [-4.96773147583, -4.62719726562, -4.98419952393, -5.37215662003, -5.47091197968, -6.81423330307], "dvar2": [0.408485352993, 0.363526314497, 0.380284070969, 0.538885056973, 0.542446196079, 0.367863088846], "median": [-7.38441467285, -6.8898601532, -7.79774713516, -8.23297309875, -8.00312900543, -9.92495155334], "dmean2": [0.730940103531, 0.668830931187, 0.651476442814, 0.663315296173, 0.588684439659, 0.533985733986], "dmean": [0.47048920393, 0.434060037136, 0.431304246187, 0.442866921425, 0.427556157112, 0.419037133455], "var": [2.1175596714, 1.46982467175, 1.42728245258, 1.44146871567, 1.53679943085, 1.8278234005], "dvar": [0.202904090285, 0.168659165502, 0.181564033031, 0.251599431038, 0.274393558502, 0.244623184204], "mean": [-7.60382890701, -7.05275583267, -7.90571260452, -8.37843513489, -8.16994476318, -10.0404119492]}, "barkbands_flatness_db": {"min": 0.0198870841414, "max": 0.508731365204, "dvar2": 0.00246472796425, "median": 0.156776636839, "dmean2": 0.0477255098522, "dmean": 0.0326471440494, "var": 0.005652976688, "dvar": 0.0012361430563, "mean": 0.163944378495}, "dynamic_complexity": 3.68242430687, "erbbands_flatness_db": {"min": 0.0222048517317, "max": 0.39865809679, "dvar2": 0.0012006306788, "median": 0.144721314311, "dmean2": 0.0348676331341, "dmean": 0.024249618873, "var": 0.00260098278522, "dvar": 0.000621810322627, "mean": 0.151492491364}, "hfc": {"min": 3.897150236