{"lowlevel": {"spectral_complexity": {"min": 0, "max": 58, "dvar2": 25.4251995087, "median": 19, "dmean2": 4.80613613129, "dmean": 3.10332226753, "var": 134.745925903, "dvar": 12.2874383926, "mean": 19.2435035706}, "silence_rate_20dB": {"min": 1, "max": 1, "dvar2": 0, "median": 1, "dmean2": 0, "dmean": 0, "var": 0, "dvar": 0, "mean": 1}, "average_loudness": 0.784991919994, "erbbands_spread": {"min": 3.6500480175, "max": 141.142288208, "dvar2": 132.437179565, "median": 35.8452529907, "dmean2": 10.7425851822, "dmean": 6.92861843109, "var": 319.010925293, "dvar": 59.6339111328, "mean": 37.6991157532}, "spectral_kurtosis": {"min": -1.2368439436, "max": 120.321861267, "dvar2": 98.9670333862, "median": 3.46238279343, "dmean2": 4.34706020355, "dmean": 2.5166144371, "var": 206.184631348, "dvar": 32.1619415283, "mean": 7.49538135529}, "barkbands_kurtosis": {"min": -1.90496253967, "max": 168.129470825, "dvar2": 44.71509552, "median": 0.838898420334, "dmean2": 3.26746273041, "dmean": 2.05320072174, "var": 48.726272583, "dvar": 18.9317398071, "mean": 2.9878745079}, "spectral_strongpeak": {"min": 0, "max": 25.463300705, "dvar2": 2.91942763329, "median": 0.544510304928, "dmean2": 0.974604427814, "dmean": 0.579510748386, "var": 1.91657304764, "dvar": 1.15211486816, "mean": 0.992616474628}, "spectral_spread": {"min": 697183.4375, "max": 41570100, "dvar2": 769892745216, "median": 3987843, "dmean2": 628101.5625, "dmean": 437073.15625, "var": 3777626374140.0, "dvar": 438187950080, "mean": 4159433.5}, "spectral_rms": {"min": 3.09874109879e-12, "max": 0.0118994070217, "dvar2": 9.21161358747e-07, "median": 0.00390216801316, "dmean2": 0.000805024290457, "dmean": 0.000518058368471, "var": 2.94722690342e-06, "dvar": 3.92888466649e-07, "mean": 0.00381672731601}, "erbbands": {"min": [2.44613094447e-22, 1.29676333187e-21, 3.10881010216e-21, 1.41506579027e-20, 4.83663877893e-20, 4.79844242168e-20, 5.25799359697e-20, 8.89811626608e-20, 2.09740484806e-19, 2.07313343018e-19, 4.20895939597e-19, 8.35400254601e-19, 1.36852389796e-18, 1.09759557077e-18, 1.52939191553e-18, 1.22503866736e-18, 1.11471097162e-18, 2.08086216638e-18, 2.76769566479e-18, 3.61963151833e-18, 3.57686421271e-18, 6.12646895271e-18, 6.1721901203e-18, 7.47194894297e-18, 1.00298279706e-17, 1.18254857064e-17, 1.3500018558e-17, 1.44969854359e-17, 1.27353148971e-17, 1.26802734719e-17, 1.30337492544e-17, 1.0937288116e-17, 8.9023137941e-18, 1.13333951329e-17, 7.76378239898e-18, 4.57711086174e-18, 2.73152450417e-18, 1.14003903518e-18, 2.84064007012e-19, 3.08677632093e-20], "max": [0.826988339424, 11.0784902573, 37.9069671631, 67.2951965332, 200.324829102, 348.006591797, 316.78024292, 323.611175537, 423.858428955, 597.285217285, 727.278015137, 442.722930908, 507.726470947, 365.776428223, 455.923248291, 625.515014648, 1253.84790039, 1382.8848877, 1547.89746094, 2441.27392578, 1327.35791016, 809.004882812, 1448.00830078, 3160.70776367, 659.426147461, 1885.5045166, 867.293579102, 621.301147461, 437.147644043, 272.126434326, 128.872879028, 54.8095436096, 26.9221534729, 13.5858488083, 6.72904682159, 4.95428991318, 3.1199092865, 0.946645021439, 0.104518227279, 0.00308596808463], "dvar2": [0.00623736064881, 1.6421867609, 17.5517425537, 16.2565917969, 210.483062744, 556.02520752, 525.863830566, 517.86529541, 777.302612305, 1683.8157959, 1366.21386719, 1218.89587402, 640.596008301, 681.730529785, 654.200683594, 1840.22473145, 3451.20507812, 4534.22900391, 7642.64892578, 9073.16210938, 2409.40698242, 2077.36816406, 2982.39257812, 3839.8581543, 1079.1940918, 2151.01318359, 746.135986328, 546.287414551, 400.517456055, 137.337417603, 43.590877533, 8.46921539307, 1.62854719162, 0.352894932032, 0.112122789025, 0.0734636560082, 0.0265096984804, 0.00220470735803, 3.03116266878e-05, 3.33832907984e-08], "median": [0.0145219266415, 0.206409886479, 0.433114826679, 0.810748696327, 2.58314800262, 6.52632284164, 6.59505701065, 6.33328104019, 8.0284538269, 12.2879323959, 10.423995018, 10.3006505966, 8.33919239044, 8.35014057159, 8.24680042267, 9.09399318695, 10.7476224899, 10.9371490479, 11.7412633896, 11.3004627228, 7.74330854416, 7.67204236984, 9.88017559052, 8.50517940521, 8.0534658432, 5.73536491394, 3.48914647102, 3.37963843346, 3.62316060066, 2.14377188683, 1.04435920715, 0.545419096947, 0.294299513102, 0.111353822052, 0.0405050627887, 0.0154513381422, 0.00505198678002, 0.00101021991577, 0.000107953681436, 2.74466547125e-05], "dmean2": [0.025040872395, 0.408166885376, 1.48362016678, 1.86441671848, 6.01343250275, 13.1530094147, 13.281832695, 11.3079843521, 14.0079965591, 22.7657794952, 19.3073787689, 18.1862888336, 13.0303668976, 13.5401220322, 13.7215480804, 18.896900177, 22.9265060425, 28.018781662, 33.7281951904, 33.7088012695, 17.643327713, 17.8638191223, 21.3428726196, 19.6021614075, 13.505399704, 12.0628614426, 7.20450782776, 7.99034643173, 7.76990270615, 4.40062093735, 2.45258116722, 1.24022889137, 0.585627138615, 0.263044476509, 0.13104377687, 0.0799839273095, 0.0426472686231, 0.0115091558546, 0.00123286724556, 4.72889878438e-05], "dmean": [0.0151897743344, 0.237982258201, 0.851882874966, 1.1105492115, 3.49384570122, 8.22424602509, 8.2151594162, 6.98193788528, 8.54261302948, 14.1533079147, 12.1004695892, 11.4018335342, 8.28966236115, 8.42335510254, 8.57507228851, 11.7354068756, 14.4452810287, 17.2875556946, 21.2284736633, 21.3381690979, 11.407951355, 11.4407424927, 13.7716121674, 12.6076822281, 8.59006977081, 7.76128387451, 4.68797254562, 5.40890932083, 5.1955871582, 2.94462990761, 1.64102017879, 0.840847849846, 0.395512551069, 0.181611537933, 0.0898525714874, 0.0535748638213, 0.0285246744752, 0.00763609819114, 0.00078767281957, 3.03600754705e-05], "var": [0.00273310998455, 0.509015083313, 5.86091661453, 9.77711200714, 73.2817611694, 466.773895264, 434.877929688, 451.328582764, 519.323547363, 1341.22460938, 1368.15063477, 1550.72973633, 1376.65942383, 533.64855957, 679.365478516, 1876.4909668, 3312.85986328, 4058.0402832, 6992.79394531, 8620.76074219, 2455.14990234, 2032.93127441, 3452.16113281, 4053.58300781, 1142.34936523, 1234.73840332, 442.751373291, 539.282470703, 441.763885498, 145.880355835, 43.230922699, 10.2076272964, 2.08556580544, 0.450327634811, 0.140481308103, 0.0547242611647, 0.0183573439717, 0.00145706464536, 1.49111647261e-05, 1.69889293744e-08], "dvar": [0.00243841623887, 0.586030185223, 6.1347155571, 6.38249206543, 75.0030288696, 225.474624634, 216.459411621, 198.781707764, 297.617004395, 672.72442627, 560.428283691, 518.575927734, 277.662597656, 264.896728516, 285.116760254, 756.233520508, 1428.02380371, 1863.04785156, 3087.21069336, 3683.49804688, 1072.84716797, 907.943786621, 1347.04504395, 1655.39257812, 459.091766357, 893.888244629, 315.057769775, 263.139404297, 196.508331299, 65.9737701416, 20.1236381531, 4.02612781525, 0.775095283985, 0.171321868896, 0.0548874810338, 0.0330177992582, 0.0121907517314, 0.000992924207821, 1.26365812321e-05, 1.39124054499e-08], "mean": [0.0299665275961, 0.395193368196, 1.25301611423, 1.70914876461, 4.95472621918, 13.9374351501, 13.973736763, 13.6091003418, 15.3624801636, 24.4689445496, 23.2289028168, 23.9086894989, 18.4314804077, 15.4880657196, 16.0014533997, 21.824464798, 27.3313045502, 31.8323364258, 39.0416717529, 38.5130958557, 22.3637886047, 21.8413734436, 27.307050705, 24.3805828094, 17.4015579224, 14.4484148026, 8.71793174744, 10.2709598541, 10.2125720978, 5.97826719284, 3.27598428726, 1.68362784386, 0.805508613586, 0.351339787245, 0.163892805576, 0.0827343463898, 0.040611859411, 0.0107621960342, 0.00102941435762, 5.75772828597e-05]}, "zerocrossingrate": {"min": 0.00439453125, "max": 0.5234375, "dvar2": 0.000175864639459, "median": 0.060546875, "dmean2": 0.0106973219663, "dmean": 0.00912083126605, "var": 0.00133636360988, "dvar": 0.000135479014716, "mean": 0.0635523498058}, "spectral_contrast_coeffs": {"min": [-0.998812794685, -0.998134970665, -0.998809933662, -0.998140573502, -0.997029721737, -0.987410306931], "max": [-0.267628520727, -0.452779322863, -0.422301620245, -0.538170456886, -0.558078110218, -0.523486733437], "dvar2": [0.00447018491104, 0.00363348959945, 0.00214420352131, 0.00148741947487, 0.00084710912779, 0.00068785471376], "median": [-0.62636578083, -0.734152376652, -0.783373892307, -0.783513665199, -0.791107296944, -0.731970906258], "dmean2": [0.0820207819343, 0.0749972611666, 0.0577126517892, 0.0483387671411, 0.0348446518183, 0.0290068797767], "dmean": [0.0497198812664, 0.0452838502824, 0.0354348868132, 0.0300111249089, 0.0219052545726, 0.0194270368665], "var": [0.00735315401107, 0.00434378627688, 0.00387818505988, 0.00321012618951, 0.00236015184782, 0.00342188961804], "dvar": [0.00170715642162, 0.00134597346187, 0.000820515269879, 0.000598442682531, 0.000372402661014, 0.000331536051817], "mean": [-0.620424509048, -0.730598926544, -0.776689648628, -0.777418851852, -0.786407291889, -0.739639818668]}, "dissonance": {"min": 0.197725191712, "max": 0.500000119209, "dvar2": 0.000909274909645, "median": 0.472769349813, "dmean2": 0.0289122574031, "dmean": 0.0171687919647, "var": 0.000955565425102, "dvar": 0.00032405834645, "mean": 0.464484930038}, "spectral_energyband_high": {"min": 7.40008943025e-21, "max": 0.0474569909275, "dvar2": 1.90626724361e-06, "median": 0.000390942383092, "dmean2": 0.000525146664586, "dmean": 0.000367458065739, "var": 2.42586474997e-06, "dvar": 9.76653609541e-07, "mean": 0.000884513021447}, "spectral_skewness": {"min": -0.260662853718, "max": 8.8320941925, "dvar2": 0.357726633549, "median": 1.351313591, "dmean2": 0.420531749725, "dmean": 0.257117629051, "var": 1.41905152798, "dvar": 0.120501086116, "mean": 1.67701208591}, "spectral_flux": {"min": 6.66578042763e-11, "max": 0.268460661173, "dvar2": 0.00081618479453, "median": 0.0632072761655, "dmean2": 0.0262258592993, "dmean": 0.0165266226977, "var": 0.00162484264001, "dvar": 0.000379237550078, "mean": 0.0679881572723}, "silence_rate_30dB": {"min": 0, "max": 1, "dvar2": 0.000317778147291, "median": 1, "dmean2": 0.000317939760862, "dmean": 0.000158957234817, "var": 0.000158904207638, "dvar": 0.000158916824148, "mean": 0.999841034412}, "spectral_energyband_middle_high": {"min": 1.25861820892e-21, "max": 0.0593928843737, "dvar2": 1.33020612338e-05, "median": 0.00308277481236, "dmean2": 0.00229206006043, "dmean": 0.00152543454897, "var": 3.9061960706e-05, "dvar": 5.97080588705e-06, "mean": 0.00520046753809}, "barkbands_spread": {"min": 0.894386768341, "max": 106.906097412, "dvar2": 79.4306030273, "median": 22.0725040436, "dmean2": 7.4655008316, "dmean": 4.84434461594, "var": 163.535522461, "dvar": 36.2675666809, "mean": 22.7562961578}, "spectral_centroid": {"min": 206.56628418, "max": 11526.7001953, "dvar2": 178624.671875, "median": 1320.14294434, "dmean2": 365.97958374, "dmean": 239.08392334, "var": 555666.0625, "dvar": 86265.203125, "mean": 1367.49499512}, "pitch_salience": {"min": 0.10110642761, "max": 0.992081701756, "dvar2": 0.00980064179748, "median": 0.608133018017, "dmean2": 0.108748599887, "dmean": 0.0661434754729, "var": 0.0101160844788, "dvar": 0.00374848186038, "mean": 0.596077561378}, "erbbands_skewness": {"min": -3.74445056915, "max": 4.82219362259, "dvar2": 0.22510753572, "median": 0.251323908567, "dmean2": 0.494877338409, "dmean": 0.323010236025, "var": 0.643819868565, "dvar": 0.106944508851, "mean": 0.296378284693}, "erbbands_crest": {"min": 2.11892700195, "max": 28.0747013092, "dvar2": 13.8001909256, "median": 7.77402162552, "dmean2": 4.03296089172, "dmean": 2.47628188133, "var": 14.8815526962, "dvar": 5.4384970665, "mean": 8.65713882446}, "melbands": {"min": [3.84541528961e-24, 2.00866114018e-24, 2.31274867812e-24, 4.84054557218e-24, 1.86688291677e-24, 1.88214974187e-24, 4.07694557086e-24, 2.292893838e-24, 3.36023388403e-24, 5.91540444871e-24, 7.6111674607e-24, 4.35570692666e-24, 5.34740960859e-24, 2.57871766827e-24, 2.01029329339e-24, 2.81962454746e-24, 3.47699673649e-24, 4.43295770853e-24, 4.08960481624e-24, 4.24844945368e-24, 3.64809198936e-24, 6.34586967304e-24, 6.29905906136e-24, 5.31308153744e-24, 4.89826849676e-24, 6.58648329319e-24, 6.75463885589e-24, 7.5082629222e-24, 6.84906787283e-24, 6.43211623024e-24, 8.07941715024e-24, 5.82094190518e-24, 5.63094120629e-24, 6.29332167599e-24, 6.89737534809e-24, 5.05484397581e-24, 6.63921746141e-24, 4.77211622738e-24, 7.48040429933e-24, 8.78173291441e-24], "max": [0.00934755709022, 0.016326867044, 0.0108651481569, 0.0153716644272, 0.00932973064482, 0.00643306970596, 0.00587051222101, 0.00539861898869, 0.00598188396543, 0.00386685552076, 0.00260035530664, 0.00156411877833, 0.00178288901225, 0.00222415407188, 0.00225285440683, 0.0027922783047, 0.00317418738268, 0.00259190821089, 0.00362164503895, 0.00256884237751, 0.00186608138029, 0.000879305182025, 0.000916391960345, 0.00168639386538, 0.00310808885843, 0.000889798160642, 0.00045999509166, 0.00160369754303, 0.000625284505077, 0.000334122625645, 0.000504150579218, 0.000290774012683, 0.000167367281392, 0.000147456579725, 9.24938212847e-05, 3.9696587919e-05, 3.32152303599e-05, 2.56772418652e-05, 1.07407822725e-05, 1.220658487e-05], "dvar2": [1.0131838053e-06, 4.05285163652e-06, 7.56590964102e-07, 1.66362326581e-06, 6.09527717188e-07, 2.34905243701e-07, 1.9541813856e-07, 1.66464587892e-07, 8.9104197798e-08, 5.09625017742e-08, 1.73647158874e-08, 1.17412541911e-08, 9.09745256905e-09, 1.37552458312e-08, 1.29999202514e-08, 2.71176059385e-08, 1.8488458764e-08, 2.37787762813e-08, 3.03472909025e-08, 9.58357571079e-09, 3.67033448079e-09, 2.87638912688e-09, 2.78412004562e-09, 4.54414683659e-09, 3.56088647457e-09, 1.40546752014e-09, 6.56929510789e-10, 1.33411004466e-09, 3.47998047046e-10, 2.11378775594e-10, 2.53836507369e-10, 1.92682730882e-10, 6.67126562326e-11, 4.44332279304e-11, 1.96816590803e-11, 7.96974639061e-12, 3.06276705386e-12, 1.19237952845e-12, 4.37359756701e-13, 2.80595181422e-13], "median": [0.000193011044757, 0.000269536569249, 0.000194793421542, 0.000346342974808, 0.000281106098555, 0.000144204386743, 0.000136261471198, 0.000130262502353, 7.66406592447e-05, 6.29438363831e-05, 3.83855076507e-05, 3.11447583954e-05, 2.66155329882e-05, 2.12958493648e-05, 2.29122251767e-05, 2.20979600272e-05, 1.76441753865e-05, 1.6817211872e-05, 1.60249019245e-05, 1.09753063953e-05, 7.81348990131e-06, 7.0133578447e-06, 7.41827398087e-06, 8.51561435411e-06, 6.03293347012e-06, 5.34148603037e-06, 4.87149918627e-06, 3.17200419886e-06, 2.08584083339e-06, 1.59658986831e-06, 1.92117818187e-06, 2.09990821531e-06, 1.42233886891e-06, 9.8434929896e-07, 6.0810236846e-07, 3.88575983834e-07, 2.8033741728e-07, 2.1296665409e-07, 1.23603413726e-07, 7.73916397634e-08], "dmean2": [0.000319671438774, 0.000693015812431, 0.000428165571066, 0.000661217723973, 0.000494452368002, 0.000252293044468, 0.000234052582528, 0.000238607171923, 0.000153602653882, 0.000119620512123, 6.74302573316e-05, 5.55078840989e-05, 5.11388134328e-05, 5.07374134031e-05, 5.07509539602e-05, 6.30031863693e-05, 5.39372194908e-05, 5.86191526963e-05, 5.70817101107e-05, 3.28788664774e-05, 2.12277718674e-05, 2.01947459573e-05, 2.06163713301e-05, 2.2688156605e-05, 1.73187727341e-05, 1.18325715448e-05, 9.78440675681e-06, 8.57536906551e-06, 4.9979207688e-06, 4.33788181908e-06, 5.43458463653e-06, 5.30807983523e-06, 3.23648009726e-06, 2.41376210397e-06, 1.62080414157e-06, 1.12837483357e-06, 7.20106015706e-07, 4.88320779368e-07, 2.95825287822e-07, 2.23131507937e-07], "dmean": [0.000190331906197, 0.000399983866373, 0.000250938202953, 0.000402645440772, 0.000308467686409, 0.000156234382303, 0.000142465054523, 0.000149542378495, 9.63997081271e-05, 7.52404230298e-05, 4.27556879004e-05, 3.47172826878e-05, 3.16556215694e-05, 3.16477344313e-05, 3.15559082082e-05, 3.97614203393e-05, 3.3265172533e-05, 3.67954380636e-05, 3.60688463843e-05, 2.10560392588e-05, 1.359428461e-05, 1.2764830899e-05, 1.31510505526e-05, 1.45078447531e-05, 1.10352075353e-05, 7.4063214015e-06, 6.18027797827e-06, 5.50301638214e-06, 3.19800415127e-06, 2.81530628854e-06, 3.61109050573e-06, 3.48569597008e-06, 2.13961288864e-06, 1.5847050463e-06, 1.06007212253e-06, 7.46767852888e-07, 4.81825281895e-07, 3.23907016764e-07, 1.9878548585e-07, 1.50590196313e-07], "var": [3.6044900753e-07, 1.31859496832e-06, 3.82456363468e-07, 9.76254341367e-07, 5.51774633095e-07, 2.07099333238e-07, 1.30562767708e-07, 1.44297104043e-07, 9.00657610714e-08, 7.94125938341e-08, 3.63109435852e-08, 8.92318130497e-09, 9.38111899274e-09, 1.53194328334e-08, 1.08997637582e-08, 2.65910724551e-08, 1.46744287832e-08, 1.9323737277e-08, 2.57966910056e-08, 8.16117484703e-09, 3.28069105215e-09, 2.25657514896e-09, 2.71359135162e-09, 4.13994616366e-09, 3.13158210474e-09, 1.04870356843e-09, 4.73389161204e-10, 6.75755063018e-10, 2.00115951587e-10, 1.53542609183e-10, 2.36029334966e-10, 1.93097204892e-10, 6.79817799276e-11, 4.05077672794e-11, 1.69982448256e-11, 7.62356757583e-12, 3.1871092137e-12, 1.33468453303e-12, 4.77515975979e-13, 3.01574900035e-13], "dvar": [3.78329673367e-07, 1.42571684592e-06, 2.83363732478e-07, 6.28713110018e-07, 2.54889954476e-07, 9.00375454194e-08, 7.44253725316e-08, 6.72029543125e-08, 3.62853072033e-08, 2.18972342481e-08, 7.49280104628e-09, 4.57752191707e-09, 3.9366994109e-09, 5.77761039011e-09, 5.2812585416e-09, 1.112239012e-08, 7.63738672305e-09, 9.62358548406e-09, 1.2328511545e-08, 3.97335542246e-09, 1.62352120636e-09, 1.21852772317e-09, 1.23794685614e-09, 1.89481541568e-09, 1.51510659574e-09, 5.50145984324e-10, 2.68954331029e-10, 5.48524836663e-10, 1.49534482019e-10, 9.63138596655e-11, 1.18135085048e-10, 9.02171531925e-11, 3.25274980562e-11, 2.03812279553e-11, 8.76030671615e-12, 3.60488180105e-12, 1.39231237217e-12, 5.50164785691e-13, 1.99954825917e-13, 1.30359441232e-13], "mean": [0.000349291978637, 0.00063135457458, 0.000381359597668, 0.000664514489472, 0.000546498748008, 0.000302750238916, 0.00025357308914, 0.000264300848357, 0.000183955693501, 0.000156877824338, 9.09341688384e-05, 6.11637806287e-05, 5.52222845727e-05, 5.64122310607e-05, 5.3483301599e-05, 6.94920163369e-05, 5.54548569198e-05, 6.15683165961e-05, 6.14937234786e-05, 3.60741178156e-05, 2.38689553953e-05, 2.16852622543e-05, 2.30541791097e-05, 2.6258003345e-05, 1.92422212422e-05, 1.33121784529e-05, 1.12746720333e-05, 9.34077434067e-06, 5.45724697076e-06, 4.81587312606e-06, 6.53230335956e-06, 6.46949138172e-06, 3.96878749598e-06, 3.0171763683e-06, 1.97401436708e-06, 1.36780397497e-06, 8.93370554422e-07, 6.15340866261e-07, 3.69358019725e-07, 2.68985672847e-07]}, "spectral_entropy": {"min": 5.14639949799, "max": 9.86424827576, "dvar2": 0.0527348183095, "median": 7.6542725563, "dmean2": 0.209809958935, "dmean": 0.139999940991, "var": 0.356233358383, "dvar": 0.024707313627, "mean": 7.49877500534}, "spectral_rolloff": {"min": 86.1328125, "max": 20370.4101562, "dvar2": 1275493, "median": 1399.65820312, "dmean2": 747.112182617, "dmean": 452.694396973, "var": 1898441.375, "dvar": 589504.125, "mean": 1655.29602051}, "barkbands": {"min": [6.62406156987e-25, 1.27293041135e-23, 1.99415714357e-24, 1.51502531506e-24, 2.15520159854e-23, 8.64453343692e-24, 1.8206407977e-23, 1.8348033753e-23, 4.74573798089e-23, 2.8245496033e-23, 3.51474483521e-23, 2.60256177799e-23, 2.71174344049e-23, 4.74880570318e-23, 5.59891944888e-23, 5.75446388673e-23, 1.05739142928e-22, 1.03524589486e-22, 1.91679947105e-22, 2.28888584873e-22, 3.352855242e-22, 3.27207260364e-22, 4.29579418731e-22, 5.53216969939e-22, 1.1313250889e-21, 1.453498205e-21, 2.20081640753e-21], "max": [0.00156405323651, 0.042227152735, 0.0296647828072, 0.032883066684, 0.064912609756, 0.026865536347, 0.0297423508018, 0.0257314033806, 0.0288197994232, 0.0119982464239, 0.0139336874709, 0.0154638038948, 0.0225933603942, 0.0270342472941, 0.0340825095773, 0.0222682524472, 0.0143594201654, 0.0280682779849, 0.0485739298165, 0.0368115827441, 0.0143435439095, 0.0116238575429, 0.00557259190828, 0.00178334943485, 0.00103764701635, 0.0014309840044, 0.00051255983999], "dvar2": [2.4242139407e-09, 2.17195702135e-05, 1.31662545755e-05, 3.26162944475e-06, 2.92374497803e-05, 6.49371713735e-06, 6.14368218521e-06, 3.03182855532e-06, 2.55181862485e-06, 5.56232009785e-07, 5.46205342289e-07, 1.12714906209e-06, 2.18015702558e-06, 2.18826357923e-06, 4.15307067669e-06, 1.19883691241e-06, 7.81289827501e-07, 1.46894433328e-06, 1.40034512697e-06, 7.31797854314e-07, 3.42484725024e-07, 2.5307107876e-07, 6.40392983087e-08, 9.16794551387e-09, 2.12136153088e-09, 6.43666986377e-09, 8.6216528361e-10], "median": [3.33460993716e-05, 0.00084683689056, 0.000335821241606, 0.000289277464617, 0.00184536585584, 0.000784957024734, 0.000647688342724, 0.000419390620664, 0.000469948747195, 0.000178287664312, 0.000175264111022, 0.000212702652789, 0.00022156664636, 0.000185045035323, 0.000221580150537, 0.000132110901177, 0.000118574396765, 0.000181397612323, 0.000149120038259, 0.000126750688651, 7.65739896451e-05, 9.81910416158e-05, 4.11628025176e-05, 2.14285864786e-05, 7.61679984862e-06, 3.06112974613e-06, 5.13115764988e-07], "dmean2": [2.55726572504e-05, 0.00148334703408, 0.00133624195587, 0.000824037124403, 0.00310709537007, 0.00140496506356, 0.00132920022588, 0.00095092668198, 0.000858971674461, 0.0003538535384, 0.000392772373743, 0.000489928352181, 0.000584694091231, 0.000623605737928, 0.000757400877774, 0.000376509851776, 0.000336107390467, 0.000445731566288, 0.000324584165355, 0.000254734361079, 0.000183092124644, 0.00020014954498, 9.41169710131e-05, 4.33932364103e-05, 1.98347806872e-05, 2.14097817661e-05, 6.8630952228e-06], "dmean": [1.62697251653e-05, 0.000874644960277, 0.000772305356804, 0.000488893361762, 0.00190498027951, 0.000869637937285, 0.000810446566902, 0.000600985484198, 0.000540187465958, 0.00022190954769, 0.000240852008574, 0.000302125612507, 0.000364729989087, 0.000386721047107, 0.000477976805996, 0.000243311180384, 0.000212755607208, 0.000284913985524, 0.000204229945666, 0.000163312797667, 0.000120552635053, 0.000134630026878, 6.28264097031e-05, 2.94605233648e-05, 1.37704655572e-05, 1.44397581607e-05, 4.38888218923e-06], "var": [1.52374601825e-09, 7.1700924309e-06, 5.02221701026e-06, 1.53393079927e-06, 2.04841671803e-05, 5.7177612689e-06, 4.14623400502e-06, 2.9297709716e-06, 4.54960991192e-06, 4.0955114855e-07, 5.27000622697e-07, 1.15569548598e-06, 1.97260533241e-06, 1.70934140442e-06, 3.89976185033e-06, 1.02150283965e-06, 6.26557550731e-07, 1.44863111018e-06, 9.40130064464e-07, 4.76088047208e-07, 2.70758903298e-07, 2.91953540454e-07, 6.4547307943e-08, 1.21799601516e-08, 2.87720269831e-09, 4.58886795229e-09, 4.55401660826e-10], "dvar": [1.03303832155e-09, 7.90233934822e-06, 4.66373830932e-06, 1.22489109344e-06, 1.14274471343e-05, 2.53389589489e-06, 2.36207847593e-06, 1.25648807625e-06, 1.08175584046e-06, 2.22440604603e-07, 2.25104301421e-07, 4.54902163938e-07, 8.69344830789e-07, 9.00889972399e-07, 1.72190118519e-06, 5.18014076079e-07, 3.22932464769e-07, 6.1858781919e-07, 5.4314693898e-07, 3.17202704991e-07, 1.5666709885e-07, 1.24969133708e-07, 3.00422513533e-08, 4.43033743025e-09, 1.05125619321e-09, 2.9595645934e-09, 3.64169638889e-10], "mean": [4.37106791651e-05, 0.0015305330744, 0.00108001730405, 0.000658600532915, 0.00333788525313, 0.00164081703406, 0.00133703276515, 0.00104355195072, 0.00115580880083, 0.000382850150345, 0.000398244184908, 0.000535947270691, 0.000632614071947, 0.00061694427859, 0.000827479118016, 0.000419704592787, 0.00036615159479, 0.000532845209818, 0.000375243776944, 0.000304249930196, 0.000220203437493, 0.00027202165802, 0.000125684557133, 6.05778441241e-05, 2.64628415607e-05, 2.14256979234e-05, 5.79729430683e-06]}, "melbands_flatness_db": {"min": 0.00431051803753, "max": 0.505102396011, "dvar2": 0.00125158648007, "median": 0.163275212049, "dmean2": 0.0337757393718, "dmean": 0.0221308544278, "var": 0.00762037886307, "dvar": 0.000544484122656, "mean": 0.188348248601}, "melbands_skewness": {"min": -1.02471661568, "max": 13.2963294983, "dvar2": 1.16821265221, "median": 1.93092644215, "dmean2": 0.913762748241, "dmean": 0.582372784615, "var": 2.1927921772, "dvar": 0.488238245249, "mean": 2.22122311592}, "barkbands_skewness": {"min": -2.6809425354, "max": 11.7527894974, "dvar2": 0.577574372292, "median": 1.10389626026, "dmean2": 0.697584033012, "dmean": 0.451089680195, "var": 1.19844520092, "dvar": 0.250296384096, "mean": 1.25327897072}, "silence_rate_60dB": {"min": 0, "max": 1, "dvar2": 0.0537579096854, "median": 0, "dmean2": 0.0486447811127, "dmean": 0.0243204571307, "var": 0.1169731915, "dvar": 0.0237305928022, "mean": 0.13526186347}, "spectral_energyband_low": {"min": 2.8519407472e-23, "max": 0.0565834008157, "dvar2": 5.69106487092e-05, "median": 0.00162540515885, "dmean2": 0.0027324676048, "dmean": 0.00160329416394, "var": 2.12986869883e-05, "dvar": 2.08111941902e-05, "mean": 0.00289443018846}, "spectral_energyband_middle_low": {"min": 2.36137143741e-22, "max": 0.104821003973, "dvar2": 6.17345431237e-05, "median": 0.00793697871268, "dmean2": 0.00520570902154, "dmean": 0.00325840828009, "var": 6.07215915807e-05, "dvar": 2.45738938247e-05, "mean": 0.00926381163299}, "melbands_kurtosis": {"min": -1.86814987659, "max": 287.737091064, "dvar2": 303.68862915, "median": 4.98594760895, "dmean2": 7.96012878418, "dmean": 4.9711689949, "var": 370.562225342, "dvar": 121.949363708, "mean": 10.0332450867}, "spectral_decrease": {"min": -3.5600059789e-08, "max": 1.3027728738e-27, "dvar2": 8.16112605085e-18, "median": -3.7763232541e-09, "dmean2": 1.90379023657e-09, "dmean": 1.18901855028e-09, "var": 1.11883945074e-17, "dvar": 3.25378276829e-18, "mean": -4.30048041622e-09}, "erbbands_kurtosis": {"min": -1.84873390198, "max": 25.2544784546, "dvar2": 3.45037102699, "median": -0.349047899246, "dmean2": 1.2388292551, "dmean": 0.781901597977, "var": 4.92904996872, "dvar": 1.51936292648, "mean": 0.328117698431}, "melbands_crest": {"min": 1.33883237839, "max": 33.1957244873, "dvar2": 20.2788009644, "median": 10.9888391495, "dmean2": 4.89868736267, "dmean": 2.96758389473, "var": 24.1638736725, "dvar": 7.94877433777, "mean": 12.0250597}, "gfcc": {"cov": [[17033.8457031, -2678.28515625, -2516.31201172, 1218.17871094, -787.838989258, 491.324737549, -115.494979858, 410.618469238, 165.90473938, 395.899932861, -59.4246788025, 313.056335449, -145.510848999], [-2678.28515625, 2026.375, 73.4287872314, -431.050811768, 331.747283936, -158.156677246, 144.170318604, -142.267272949, 36.7314186096, -180.594940186, 92.6848144531, -145.306900024, 87.985824585], [-2516.31201172, 73.4287872314, 1011.94763184, -168.613479614, 122.988059998, 0.624978899956, -43.5020713806, -26.3805675507, -86.8640594482, -5.85996866226, -40.8716278076, 11.1610946655, -3.70770597458], [1218.17871094, -431.050811768, -168.613479614, 461.207122803, -89.6475753784, 64.2060165405, -29.9399814606, 51.5299186707, 64.0405426025, 37.6371765137, 10.2166776657, 20.8410205841, 4.89262914658], [-787.838989258, 331.747283936, 122.988059998, -89.6475753784, 288.811828613, -18.1262931824, 41.1030006409, -4.77852296829, 27.4965133667, -10.7193536758, -5.94597768784, -13.5847377777, 13.5084991455], [491.324737549, -158.156677246, 0.624978899956, 64.2060165405, -18.1262931824, 196.522018433, 40.5699653625, 35.334980011, 5.84986925125, 28.7924022675, 12.009016037, 23.6113700867, -7.17771434784], [-115.494979858, 144.170318604, -43.5020713806, -29.9399814606, 41.1030006409, 40.5699653625, 175.74697876, 37.5083885193, 17.0468330383, -8.17049980164, 22.3584213257, -3.16221809387, -10.7984828949], [410.618469238, -142.267272949, -26.3805675507, 51.5299186707, -4.77852296829, 35.334980011, 37.5083885193, 144.845199585, 61.7102241516, 35.2772674561, -6.17550802231, 12.6521701813, -6.07453680038], [165.90473938, 36.7314186096, -86.8640594482, 64.0405426025, 27.4965133667, 5.84986925125, 17.0468330383, 61.7102241516, 126.948654175, 29.1786575317, 7.15943145752, -3.23143649101, 12.5289335251], [395.899932861, -180.594940186, -5.85996866226, 37.6371765137, -10.7193536758, 28.7924022675, -8.17049980164, 35.2772674561, 29.1786575317, 95.7846221924, 16.4833831787, 22.1918125153, -13.4869232178], [-59.4246788025, 92.6848144531, -40.8716278076, 10.2166776657, -5.94597768784, 12.009016037, 22.3584213257, -6.17550802231, 7.15943145752, 16.4833831787, 83.6564025879, 14.9092159271, 5.53172492981], [313.056335449, -145.306900024, 11.1610946655, 20.8410205841, -13.5847377777, 23.6113700867, -3.16221809387, 12.6521701813, -3.23143649101, 22.1918125153, 14.9092159271, 83.1994476318, 10.7277078629], [-145.510848999, 87.985824585, -3.70770597458, 4.89262914658, 13.5084991455, -7.17771434784, -10.7984828949, -6.07453680038, 12.5289335251, -13.4869232178, 5.53172492981, 10.7277078629, 68.9659042358]], "icov": [[0.000187025158084, -3.62005484931e-05, 0.000469453108963, -0.000237145301071, 0.000142106247949, -0.000280403910438, 0.000206591299502, -0.000312939082505, 0.000351128983311, -0.000504638592247, 0.000559580279514, -0.00060526188463, 0.000317405094393], [-3.62005484931e-05, 0.00150577223394, -0.00013715265959, 0.00103775563184, -0.0009862461593, 0.000430241489084, -0.000717049580999, 0.000971826550085, -0.00134341162629, 0.00205544591881, -0.0023232398089, 0.002056872705, -0.00135472312104], [0.000469453108963, -0.00013715265959, 0.00240034726448, -0.000318341044476, -0.000213608203921, -0.000913668132853, 0.000982667086646, -0.00109140807763, 0.001840995159, -0.00154918048065, 0.0018806833541, -0.00177719385829, 0.000809772871435], [-0.000237145301071, 0.00103775563184, -0.000318341044476, 0.00377397472039, -0.000144070014358, -0.000263889494818, 7.75872831582e-05, 0.000653985131066, -0.00251596863382, 0.00182733580004, -0.00224808300845, 0.00174426124431, -0.00131523038726], [0.000142106247949, -0.0009862461593, -0.000213608203921, -0.000144070014358, 0.00508573837578, -0.000207501463592, -0.000601812382229, -2.6516685466e-05, -0.000797411601525, -0.00159920833539, 0.00226456462406, -0.00137170916423, 0.000306345813442], [-0.000280403910438, 0.000430241489084, -0.000913668132853, -0.000263889494818, -0.000207501463592, 0.00669169938192, -0.0021517011337, -2.7243680961e-05, -1.82085404958e-05, -0.00011938012176, -0.00148587627336, 0.000376447947929, -0.000732547778171], [0.000206591299502, -0.000717049580999, 0.000982667086646, 7.75872831582e-05, -0.000601812382229, -0.0021517011337, 0.00818620435894, -0.00311182276346, 0.000791771512013, 0.000814963539597, -0.000917878234759, -0.0012392004719, 0.00258154864423], [-0.000312939082505, 0.000971826550085, -0.00109140807763, 0.000653985131066, -2.6516685466e-05, -2.7243680961e-05, -0.00311182276346, 0.0116924718022, -0.00609889952466, -0.000211507795029, 0.000239557833993, 0.00081051728921, -0.000538865162525], [0.000351128983311, -0.00134341162629, 0.001840995159, -0.00251596863382, -0.000797411601525, -1.82085404958e-05, 0.000791771512013, -0.00609889952466, 0.0146311055869, -0.00554360635579, 0.00227179261856, -0.000637539662421, -0.00135187117849], [-0.000504638592247, 0.00205544591881, -0.00154918048065, 0.00182733580004, -0.00159920833539, -0.00011938012176, 0.000814963539597, -0.000211507795029, -0.00554360635579, 0.0185381360352, -0.00741350324824, 0.00104001513682, 0.00157508347183], [0.000559580279514, -0.0023232398089, 0.0018806833541, -0.00224808300845, 0.00226456462406, -0.00148587627336, -0.000917878234759, 0.000239557833993, 0.00227179261856, -0.00741350324824, 0.0191221218556, -0.00666391383857, 0.00132468936499], [-0.00060526188463, 0.002056872705, -0.00177719385829, 0.00174426124431, -0.00137170916423, 0.000376447947929, -0.0012392004719, 0.00081051728921, -0.000637539662421, 0.00104001513682, -0.00666391383857, 0.0188569035381, -0.0060147321783], [0.000317405094393, -0.00135472312104, 0.000809772871435, -0.00131523038726, 0.000306345813442, -0.000732547778171, 0.00258154864423, -0.000538865162525, -0.00135187117849, 0.00157508347183, 0.00132468936499, -0.0060147321783, 0.0186382513493]], "mean": [-31.0272293091, 98.0232543945, -122.06918335, 27.7566184998, -60.2015953064, 1.43316423893, -36.5161895752, -3.2198741436, -19.2434673309, 0.836188793182, -14.2469491959, -1.17120707035, -13.1220331192]}, "melbands_spread": {"min": 0.833949029446, "max": 194.481781006, "dvar2": 196.616897583, "median": 23.191493988, "dmean2": 10.6158466339, "dmean": 6.85509872437, "var": 367.988128662, "dvar": 93.9541397095, "mean": 26.8117828369}, "spectral_energy": {"min": 9.84225133152e-21, "max": 0.14513579011, "dvar2": 0.00012717723439, "median": 0.0156075879931, "dmean2": 0.00763302715495, "dmean": 0.004808396101, "var": 0.00019855487335, "dvar": 5.16703585163e-05, "mean": 0.0179524626583}, "mfcc": {"cov": [[13047.8583984, -1945.66174316, -1667.26879883, 443.458465576, -438.16494751, 165.662368774, -259.113983154, 217.892318726, 25.840051651, 219.647689819, 314.589050293, 149.577758789, -64.506652832], [-1945.66174316, 1704.59179688, 56.7264633179, -191.365646362, 84.619934082, -20.7760543823, 98.950958252, -2.60589933395, 11.2422332764, -40.867477417, -44.1427192688, -51.6092147827, 32.7997665405], [-1667.26879883, 56.7264633179, 724.105285645, -59.7292480469, 83.5218200684, 7.9601931572, 36.9070205688, -34.2267608643, -16.4320144653, -41.4535331726, -72.3734741211, -11.1033449173, 24.293094635], [443.458465576, -191.365646362, -59.7292480469, 274.084747314, 27.693944931, 2.29061937332, -40.3143463135, 8.13160705566, 11.1225748062, 28.6119308472, 10.5567102432, 14.1735668182, 3.5939912796], [-438.16494751, 84.619934082, 83.5218200684, 27.693944931, 205.40838623, 20.8711109161, -14.1575565338, -15.1039791107, 35.3911552429, 0.43600794673, -22.5868148804, 8.6312379837, 10.2977466583], [165.662368774, -20.7760543823, 7.9601931572, 2.29061937332, 20.8711109161, 126.879905701, 38.6560020447, 14.7601881027, -2.93640184402, -0.152170419693, 9.93971633911, 0.964317619801, 1.80653059483], [-259.113983154, 98.950958252, 36.9070205688, -40.3143463135, -14.1575565338, 38.6560020447, 137.087600708, 33.9677658081, -7.08967876434, 1.05360651016, 16.2622184753, -9.09417915344, 0.552133142948], [217.892318726, -2.60589933395, -34.2267608643, 8.13160705566, -15.1039791107, 14.7601881027, 33.9677658081, 110.437004089, 37.1358413696, 19.5572280884, 16.3499622345, 13.7663812637, 8.47542762756], [25.840051651, 11.2422332764, -16.4320144653, 11.1225748062, 35.3911552429, -2.93640184402, -7.08967876434, 37.1358413696, 111.281967163, 33.6541442871, 9.93984794617, 15.6438713074, 5.76979494095], [219.647689819, -40.867477417, -41.4535331726, 28.6119308472, 0.43600794673, -0.152170419693, 1.05360651016, 19.5572280884, 33.6541442871, 97.7989883423, 39.7974853516, 4.53772783279, 0.580578148365], [314.589050293, -44.1427192688, -72.3734741211, 10.5567102432, -22.5868148804, 9.93971633911, 16.2622184753, 16.3499622345, 9.93984794617, 39.7974853516, 105.406295776, 28.5759277344, -7.99373102188], [149.577758789, -51.6092147827, -11.1033449173, 14.1735668182, 8.6312379837, 0.964317619801, -9.09417915344, 13.7663812637, 15.6438713074, 4.53772783279, 28.5759277344, 78.84790802, 20.1733989716], [-64.506652832, 32.7997665405, 24.293094635, 3.5939912796, 10.2977466583, 1.80653059483, 0.552133142948, 8.47542762756, 5.76979494095, 0.580578148365, -7.99373102188, 20.1733989716, 71.1575698853]], "icov": [[0.000159261122462, 0.000128211206174, 0.000293343386147, -5.73041470489e-05, 0.000186900841072, -0.00028386557824, 0.000277306302451, -0.000219156238018, 7.56327572162e-05, -0.000104420767457, -0.000100931771158, -8.57055565575e-05, -1.86718636996e-07], [0.000128211206174, 0.000824904651381, 0.000329022353981, 0.000399483076762, -0.000286407041131, 0.000105302773591, -0.00031930860132, -0.000130103435367, -5.9642305132e-05, 0.000133591587655, -4.89352714794e-05, 0.000427448248956, -0.000462698662886], [0.000293343386147, 0.000329022353981, 0.00219792244025, 0.000219677909627, -0.000332991534378, -0.000395048467908, -0.000240330016823, 4.61149029434e-05, 0.00027720129583, -5.88641341892e-05, 0.000785743293818, -0.000288211303996, -0.000444626348326], [-5.73041470489e-05, 0.000399483076762, 0.000219677909627, 0.00439933361486, -0.000982125871815, 5.67839424548e-06, 0.000865654728841, -0.000478617701447, 0.000410022650613, -0.000987066654488, 0.000108128078864, -7.76247761678e-05, -0.000332047435222], [0.000186900841072, -0.000286407041131, -0.000332991534378, -0.000982125871815, 0.00656777899712, -0.00189591175877, 0.000938859186135, 0.00126628263388, -0.00232142326422, -0.000273351353826, 0.00107184855733, -0.00114311871585, 3.92384063161e-05], [-0.00028386557824, 0.000105302773591, -0.000395048467908, 5.67839424548e-06, -0.00189591175877, 0.00969095155597, -0.00320505583659, -0.000388356595067, 0.000578202889301, 0.000678754411638, -0.00061543675838, 0.000492393504828, -0.000332978321239], [0.000277306302451, -0.00031930860132, -0.000240330016823, 0.000865654728841, 0.000938859186135, -0.00320505583659, 0.0107379863039, -0.00374108203687, 0.00143234885763, -0.000123340505525, -0.00227356213145, 0.00146070530172, -3.99881864723e-05], [-0.000219156238018, -0.000130103435367, 4.61149029434e-05, -0.000478617701447, 0.00126628263388, -0.000388356595067, -0.00374108203687, 0.0126518197358, -0.00439631333575, -0.000526396383066, 0.000518128334079, -0.00138849311043, -0.000968951673713], [7.56327572162e-05, -5.9642305132e-05, 0.00027720129583, 0.000410022650613, -0.00232142326422, 0.000578202889301, 0.00143234885763, -0.00439631333575, 0.012593286112, -0.00379011477344, 0.000505993550178, -0.00158581987489, 0.000330730545102], [-0.000104420767457, 0.000133591587655, -5.88641341892e-05, -0.000987066654488, -0.000273351353826, 0.000678754411638, -0.000123340505525, -0.000526396383066, -0.00379011477344, 0.0143023394048, -0.00548457913101, 0.00278124609031, -0.00121430144645], [-0.000100931771158, -4.89352714794e-05, 0.000785743293818, 0.000108128078864, 0.00107184855733, -0.00061543675838, -0.00227356213145, 0.000518128334079, 0.000505993550178, -0.00548457913101, 0.0147392973304, -0.00606852164492, 0.00285373884253], [-8.57055565575e-05, 0.000427448248956, -0.000288211303996, -7.76247761678e-05, -0.00114311871585, 0.000492393504828, 0.00146070530172, -0.00138849311043, -0.00158581987489, 0.00278124609031, -0.00606852164492, 0.017353978008, -0.00536117749289], [-1.86718636996e-07, -0.000462698662886, -0.000444626348326, -0.000332047435222, 3.92384063161e-05, -0.000332978321239, -3.99881864723e-05, -0.000968951673713, 0.000330730545102, -0.00121430144645, 0.00285373884253, -0.00536117749289, 0.016377074644]], "mean": [-665.457824707, 124.041702271, -4.16586875916, 23.4327449799, -4.42485046387, 5.85660028458, -9.24097728729, -1.58835923672, -7.70939588547, 0.491266965866, 0.854919731617, -4.26810932159, -3.03893375397]}, "spectral_contrast_valleys": {"min": [-27.9542732239, -27.5624504089, -27.7622566223, -27.7044677734, -27.404417038, -27.3608512878], "max": [-5.51286077499, -4.45391941071, -5.31916284561, -5.58030319214, -5.3968462944, -8.22911834717], "dvar2": [0.263819694519, 0.203552871943, 0.153404682875, 0.13077904284, 0.147844821215, 0.243259191513], "median": [-7.46027708054, -6.54808759689, -7.19862937927, -7.41898584366, -7.39083766937, -10.2899150848], "dmean2": [0.603821098804, 0.541102528572, 0.45801243186, 0.390281885862, 0.347209662199, 0.385229259729], "dmean": [0.363916277885, 0.326598763466, 0.282422035933, 0.245525345206, 0.230682596564, 0.282464206219], "var": [1.50924670696, 1.63883304596, 1.97734510899, 2.26121807098, 2.68435668945, 2.51212930679], "dvar": [0.11446968466, 0.0874300226569, 0.0701524242759, 0.0635451152921, 0.0774534493685, 0.129715681076], "mean": [-7.69769525528, -6.81612968445, -7.56724739075, -7.83925485611, -7.87998247147, -10.7002859116]}, "barkbands_flatness_db": {"min": 0.0243955608457, "max": 0.417658448219, "dvar2": 0.000768845551647, "median": 0.105467043817, "dmean2": 0.0269465018064, "dmean": 0.0175560135394, "var": 0.0040466664359, "dvar": 0.000333194911946, "mean": 0.124346509576}, "dynamic_complexity": 4.22230529785, "erbbands_flatness_db": {"min": 0.0292787477374, "max": 0.397343486547, "dvar2": 0.000486359349452, "median": 0.157340541482, "dmean2": 0.022431