{"lowlevel": {"spectral_complexity": {"min": 0, "max": 56, "dvar2": 35.1175079346, "median": 7, "dmean2": 4.20717048645, "dmean": 2.72336196899, "var": 56.401966095, "dvar": 21.2335109711, "mean": 8.46288776398}, "silence_rate_20dB": {"min": 1, "max": 1, "dvar2": 0, "median": 1, "dmean2": 0, "dmean": 0, "var": 0, "dvar": 0, "mean": 1}, "average_loudness": 0.74951004982, "erbbands_spread": {"min": 1.89275157452, "max": 153.644302368, "dvar2": 388.48449707, "median": 34.0830154419, "dmean2": 16.0574474335, "dmean": 10.4263496399, "var": 679.28692627, "dvar": 170.102630615, "mean": 40.1856994629}, "spectral_kurtosis": {"min": -1.21551167965, "max": 66.6064453125, "dvar2": 15.7470331192, "median": 3.81452322006, "dmean2": 2.90440678596, "dmean": 1.79326164722, "var": 26.0849514008, "dvar": 6.87930297852, "mean": 5.18230819702}, "barkbands_kurtosis": {"min": -1.92719519138, "max": 370.04019165, "dvar2": 661.183654785, "median": 6.24590778351, "dmean2": 11.3875436783, "dmean": 7.25107479095, "var": 409.163726807, "dvar": 308.433532715, "mean": 11.2409191132}, "spectral_strongpeak": {"min": 0, "max": 10.9013757706, "dvar2": 1.16228222847, "median": 0.255000889301, "dmean2": 0.652225553989, "dmean": 0.414665520191, "var": 1.95996534824, "dvar": 0.54198372364, "mean": 0.877803862095}, "spectral_spread": {"min": 1270505.375, "max": 40972668, "dvar2": 1770645225470.0, "median": 4750283, "dmean2": 982179.3125, "dmean": 658892.125, "var": 4045438451710.0, "dvar": 962786820096, "mean": 5110894.5}, "spectral_rms": {"min": 3.20991453903e-12, "max": 0.0126253450289, "dvar2": 2.50100879384e-06, "median": 0.00258416892029, "dmean2": 0.00114760966972, "dmean": 0.000841898727231, "var": 6.09718608757e-06, "dvar": 1.67352163771e-06, "mean": 0.00330871716142}, "erbbands": {"min": [8.26554118155e-22, 1.65558937425e-21, 4.79621371923e-21, 2.39441047703e-20, 1.00220349987e-19, 1.53456156172e-19, 1.10163371143e-19, 2.76457977882e-19, 2.39376401599e-19, 4.73478647914e-19, 8.01892253661e-19, 7.84149488016e-19, 1.45585142318e-18, 1.60946537697e-18, 1.4985887435e-18, 3.37630806934e-18, 2.25832073871e-18, 4.08021767752e-18, 4.83855949231e-18, 7.16788314006e-18, 6.43855840756e-18, 5.76817856552e-18, 9.5091789864e-18, 1.10729291928e-17, 1.46672043167e-17, 1.2879305535e-17, 1.44124541947e-17, 1.79250088371e-17, 1.84425161894e-17, 1.83313034104e-17, 1.95114419903e-17, 1.43559379065e-17, 1.39500172189e-17, 9.14279422332e-18, 7.07534561775e-18, 4.82475715661e-18, 2.72742685821e-18, 1.08704870777e-18, 2.90625979113e-19, 3.2408790997e-20], "max": [3.52598524094, 26.7705574036, 44.8870429993, 76.890296936, 297.425720215, 182.578552246, 243.409729004, 389.104003906, 722.469360352, 1940.4486084, 2313.59179688, 2499.76025391, 2281.75561523, 2454.12988281, 2411.88671875, 2297.15820312, 1187.07226562, 1709.82629395, 1815.13647461, 826.996826172, 784.15423584, 233.109222412, 253.696807861, 213.381530762, 222.857772827, 119.616035461, 148.116119385, 121.127128601, 175.582992554, 113.95514679, 127.556716919, 130.35206604, 67.5828399658, 62.038230896, 30.0146503448, 11.9997472763, 5.31834745407, 1.42674946785, 0.125503614545, 0.00700866337866], "dvar2": [0.140117630363, 5.43609237671, 49.0660629272, 124.627388, 1647.14489746, 395.849731445, 392.483154297, 1020.1361084, 1393.69067383, 7386.3984375, 13261.5712891, 9015.8671875, 6025.37207031, 7601.85839844, 2804.44091797, 5385.20898438, 3330.89233398, 4274.64501953, 3225.08959961, 1277.47998047, 321.637329102, 165.107818604, 109.636764526, 98.3398971558, 129.89553833, 50.5260047913, 196.557418823, 68.6553039551, 374.839569092, 134.065963745, 67.4994735718, 78.5817260742, 25.9350662231, 5.64458703995, 2.11079621315, 0.498993486166, 0.0573342628777, 0.00319987093098, 4.87541183247e-05, 2.0466326589e-07], "median": [0.00587207032368, 0.0545385032892, 0.289711952209, 0.613907337189, 1.53576612473, 1.48403763771, 2.18307852745, 1.86687517166, 2.28988480568, 3.04461479187, 3.54785060883, 2.52521586418, 1.9140048027, 1.50529372692, 1.17052292824, 1.14662230015, 1.1207832098, 1.08763563633, 0.842284560204, 0.554087281227, 0.422444492579, 0.496072500944, 0.64211243391, 0.714758098125, 0.661326825619, 0.542218923569, 0.478073239326, 0.384464263916, 0.459021300077, 0.44910249114, 0.284976989031, 0.180070146918, 0.0941709205508, 0.0354813411832, 0.0210715569556, 0.00922468770295, 0.00274802022614, 0.000463181029772, 4.88149307785e-05, 1.18446778288e-05], "dmean2": [0.129208371043, 0.837105751038, 2.44206786156, 4.56152009964, 12.1931800842, 6.41557598114, 7.26988172531, 11.3630819321, 14.0677471161, 28.0928993225, 34.25050354, 23.7375526428, 18.3143901825, 20.000705719, 12.8116006851, 16.2144680023, 14.6431894302, 15.425453186, 12.9706792831, 8.55556106567, 4.48776435852, 4.92652797699, 3.92891740799, 3.99469923973, 4.49855613708, 2.89703798294, 4.99031066895, 3.08996653557, 6.15668582916, 3.89075779915, 2.66129302979, 2.79495882988, 1.63363528252, 0.589489817619, 0.378890067339, 0.190920695662, 0.0627145469189, 0.0135319652036, 0.00174789852463, 0.000122373690829], "dmean": [0.0835028588772, 0.565288126469, 1.4193290472, 2.71898508072, 7.41787576675, 3.89122772217, 4.26169061661, 6.84710836411, 9.79084396362, 20.0420341492, 23.1460704803, 16.6253356934, 12.450758934, 14.4397497177, 9.22417926788, 11.4656152725, 10.4522180557, 10.7304010391, 8.95619869232, 5.9189081192, 3.15575146675, 3.37945461273, 2.69080114365, 2.76677918434, 2.93117380142, 1.99874103069, 3.22890090942, 2.31867170334, 3.93385410309, 2.41125226021, 1.9666249752, 1.81799483299, 1.08684909344, 0.45994758606, 0.266301602125, 0.131001532078, 0.0399704836309, 0.00871867965907, 0.00123824644834, 8.75872865436e-05], "var": [0.121625460684, 4.59633779526, 14.7462263107, 46.1775894165, 614.10144043, 125.835502625, 151.250518799, 469.594696045, 2259.54541016, 15037.8681641, 18698.6621094, 14856.1230469, 7302.55566406, 12132.4619141, 3989.79541016, 7272.24462891, 5463.99511719, 6732.53515625, 4580.52148438, 1689.38415527, 531.75592041, 186.070358276, 140.761672974, 134.542739868, 120.996757507, 45.8089408875, 131.042419434, 67.8063735962, 181.90977478, 69.4547576904, 59.1491661072, 46.2536506653, 17.3347949982, 3.81583762169, 1.09497630596, 0.22685842216, 0.0249519143254, 0.00130593648646, 2.44939546974e-05, 1.14431138343e-07], "dvar": [0.0861352309585, 3.29984354973, 18.120557785, 51.5013809204, 695.223937988, 150.23500061, 149.041687012, 384.103057861, 709.540161133, 3978.05151367, 6212.2265625, 4404.24609375, 3036.50976562, 4295.48339844, 1532.18664551, 2863.21191406, 1713.28479004, 2070.76464844, 1681.33959961, 658.11151123, 178.580612183, 84.346572876, 54.3551139832, 48.1741752625, 61.9532737732, 24.8416748047, 92.4486236572, 39.2600097656, 156.928039551, 55.1491012573, 37.2252883911, 35.3632316589, 12.2022123337, 2.81544971466, 0.944108307362, 0.214870706201, 0.0236469153315, 0.00130260654259, 2.19928006118e-05, 9.46078486663e-08], "mean": [0.0965183600783, 0.621739625931, 1.35570371151, 2.71979236603, 7.18380212784, 4.5674738884, 5.50928354263, 8.95862007141, 17.6772499084, 37.4871520996, 40.9564552307, 29.7596740723, 20.6728725433, 25.2490444183, 16.5322933197, 20.1493434906, 19.20038414, 18.7137012482, 15.6094865799, 9.9456319809, 5.53011894226, 5.19206905365, 4.80673980713, 4.72168731689, 4.74801492691, 3.07909154892, 3.99831986427, 3.13198137283, 4.73039102554, 3.02957010269, 2.55393576622, 2.1208114624, 1.29461085796, 0.563004016876, 0.29179674387, 0.129700183868, 0.0422840155661, 0.00907584372908, 0.00120731082279, 9.8276490462e-05]}, "zerocrossingrate": {"min": 0, "max": 0.505859375, "dvar2": 0.000415758433519, "median": 0.03564453125, "dmean2": 0.0142230158672, "dmean": 0.0118713313714, "var": 0.00149428518489, "dvar": 0.000343082559993, "mean": 0.0449846684933}, "spectral_contrast_coeffs": {"min": [-0.976283729076, -0.969917654991, -0.977206170559, -0.988155424595, -0.977700829506, -0.959962546825], "max": [-0.27156329155, -0.319202870131, -0.365242600441, -0.433107018471, -0.543789684772, -0.605871737003], "dvar2": [0.00513985240832, 0.00532161863521, 0.00314537831582, 0.00249857851304, 0.00127723370679, 0.00136653741356], "median": [-0.652957618237, -0.737271845341, -0.818041086197, -0.831842184067, -0.830959320068, -0.777261197567], "dmean2": [0.0883960798383, 0.0826593413949, 0.0624257549644, 0.0515049211681, 0.036377158016, 0.0346062704921], "dmean": [0.0551997236907, 0.0527223832905, 0.0408268906176, 0.0338218696415, 0.0243198703974, 0.0228673648089], "var": [0.00989160593599, 0.013789255172, 0.0120026990771, 0.00877379626036, 0.00417017703876, 0.0027098399587], "dvar": [0.00233903876506, 0.00238187774085, 0.00156275532208, 0.00120546785183, 0.000642932078335, 0.000565244874451], "mean": [-0.640793085098, -0.711539685726, -0.783395946026, -0.800279319286, -0.816268920898, -0.774878978729]}, "dissonance": {"min": 0.13852442801, "max": 0.500000119209, "dvar2": 0.00223771180026, "median": 0.450271606445, "dmean2": 0.0494058094919, "dmean": 0.030110148713, "var": 0.00269213248976, "dvar": 0.000875672209077, "mean": 0.435524374247}, "spectral_energyband_high": {"min": 7.26619522315e-21, "max": 0.0226904973388, "dvar2": 2.71113003691e-06, "median": 6.62887978251e-05, "dmean2": 0.000545006711036, "dmean": 0.000372116424842, "var": 1.9544670522e-06, "dvar": 1.33240371269e-06, "mean": 0.000495488173328}, "spectral_skewness": {"min": -0.178561404347, "max": 6.96818971634, "dvar2": 0.195692449808, "median": 1.63653492928, "dmean2": 0.404802680016, "dmean": 0.262398809195, "var": 0.496307104826, "dvar": 0.0956237018108, "mean": 1.74426269531}, "spectral_flux": {"min": 6.69535260567e-11, "max": 0.345876574516, "dvar2": 0.00405016262084, "median": 0.0451204776764, "dmean2": 0.0477840229869, "dmean": 0.0295522324741, "var": 0.00382438022643, "dvar": 0.00176623370498, "mean": 0.0665523037314}, "silence_rate_30dB": {"min": 0, "max": 1, "dvar2": 0.014219542034, "median": 1, "dmean2": 0.0110314395279, "dmean": 0.00551511161029, "var": 0.00395462289453, "dvar": 0.00548479100689, "mean": 0.996029555798}, "spectral_energyband_middle_high": {"min": 1.34446990337e-21, "max": 0.0778175294399, "dvar2": 1.48181534314e-05, "median": 0.000365037994925, "dmean2": 0.00159426324535, "dmean": 0.00118057779036, "var": 4.79739828734e-05, "dvar": 8.94448112376e-06, "mean": 0.00292749423534}, "barkbands_spread": {"min": 0.27042773366, "max": 129.516677856, "dvar2": 245.002212524, "median": 11.0188388824, "dmean2": 10.3658733368, "dmean": 6.66903114319, "var": 246.532287598, "dvar": 114.854438782, "mean": 15.8626270294}, "spectral_centroid": {"min": 113.646408081, "max": 11585.7285156, "dvar2": 316258.875, "median": 764.25982666, "dmean2": 383.696868896, "dmean": 248.17791748, "var": 382307.90625, "dvar": 150200.171875, "mean": 908.212890625}, "pitch_salience": {"min": 0.083905518055, "max": 0.987140595913, "dvar2": 0.0194228477776, "median": 0.604491055012, "dmean2": 0.145696759224, "dmean": 0.0908045768738, "var": 0.0211041793227, "dvar": 0.0080702342093, "mean": 0.58239531517}, "erbbands_skewness": {"min": -3.95621490479, "max": 6.05274772644, "dvar2": 0.513913989067, "median": 1.00248944759, "dmean2": 0.723544895649, "dmean": 0.484543204308, "var": 0.975582361221, "dvar": 0.249372407794, "mean": 1.01096904278}, "erbbands_crest": {"min": 2.06112170219, "max": 31.7652130127, "dvar2": 20.0233211517, "median": 9.47601413727, "dmean2": 4.86601495743, "dmean": 3.07765889168, "var": 31.2246704102, "dvar": 8.56327438354, "mean": 10.6336078644}, "melbands": {"min": [6.02124197206e-24, 3.06638556342e-24, 4.99241431264e-24, 7.84369683429e-24, 5.57255011651e-24, 5.8493917793e-24, 3.9203531313e-24, 5.96781163409e-24, 6.69659999252e-24, 4.94176983695e-24, 7.8906190698e-24, 5.28842568985e-24, 4.29156109658e-24, 6.8889487359e-24, 7.41332351226e-24, 4.98126731361e-24, 7.31914140878e-24, 5.35719779471e-24, 8.69294583067e-24, 9.8756802527e-24, 6.89499456587e-24, 5.32686490961e-24, 7.61466921426e-24, 9.95458843133e-24, 8.2615643444e-24, 8.19074751208e-24, 8.97179080573e-24, 8.44193423493e-24, 9.16200568036e-24, 7.92095944907e-24, 1.12345744146e-23, 1.03089668381e-23, 8.69423325167e-24, 1.09351819796e-23, 1.11181511668e-23, 8.75233995708e-24, 9.08255239884e-24, 9.49131014322e-24, 7.86612651641e-24, 7.40954960169e-24], "max": [0.032411839813, 0.0285890586674, 0.0213291570544, 0.0150100979954, 0.00762661872432, 0.00861664675176, 0.0100169442594, 0.0196584183723, 0.0194024331868, 0.014435804449, 0.0114797623828, 0.0104233855382, 0.0106199737638, 0.00656682951376, 0.00592098105699, 0.00275127030909, 0.00320355338044, 0.00349808065221, 0.00196564407088, 0.00220835348591, 0.000842625158839, 0.00032827607356, 0.000431497988757, 0.000204562733416, 0.000179008740815, 0.000199507543584, 0.000101733101474, 8.32190780784e-05, 0.000112806352263, 8.93162650755e-05, 7.83017312642e-05, 0.000129536958411, 8.28588963486e-05, 5.90003837715e-05, 5.99632876401e-05, 0.00010873406427, 6.54675095575e-05, 5.77936480113e-05, 5.20212670381e-05, 5.38588137715e-05], "dvar2": [1.08867989184e-05, 7.42871134207e-06, 1.05105291368e-05, 3.0218241136e-06, 5.33654883839e-07, 4.49319003337e-07, 3.22476125802e-07, 8.7607588739e-07, 9.41979408253e-07, 3.23895847032e-07, 1.5424646449e-07, 1.24706645011e-07, 4.37591403113e-08, 4.73125680855e-08, 3.40276464783e-08, 2.16159943278e-08, 1.73144236726e-08, 9.63493729245e-09, 4.71747529929e-09, 4.05361211264e-09, 3.1795063804e-10, 2.48294107497e-10, 2.15176709784e-10, 8.37322364222e-11, 7.89632595422e-11, 8.4878291895e-11, 4.16069817488e-11, 2.08732926776e-11, 9.08580641279e-11, 4.43971595598e-11, 1.9170623422e-11, 1.9253632022e-10, 2.69339394537e-11, 5.32944070819e-11, 1.66824002529e-11, 3.98813378155e-11, 2.64775892184e-11, 1.92532136067e-11, 5.54618156956e-12, 4.12078227444e-12], "median": [7.62251511333e-05, 0.000125025515445, 0.000155444184202, 0.000127229723148, 7.42669508327e-05, 4.11878827435e-05, 3.25032269757e-05, 2.96248617815e-05, 2.02657138288e-05, 1.30021298901e-05, 8.05877334642e-06, 5.70575321035e-06, 3.70201905753e-06, 2.93507628157e-06, 2.71901581073e-06, 2.07148627851e-06, 1.84573207207e-06, 1.26045904381e-06, 8.52902417137e-07, 5.44123111013e-07, 4.48207032377e-07, 4.63174586685e-07, 4.86368946895e-07, 5.32158651367e-07, 5.24261054125e-07, 4.49319855989e-07, 3.94499437562e-07, 3.12587133067e-07, 2.89582089863e-07, 2.28570073091e-07, 1.89896965708e-07, 2.39596573692e-07, 2.62360146053e-07, 2.24269342652e-07, 1.62645264368e-07, 1.14125455752e-07, 9.92543647271e-08, 6.9829354743e-08, 3.14339168028e-08, 2.37636275102e-08], "dmean2": [0.00114915845916, 0.00103555445094, 0.00114658474922, 0.000591705844272, 0.000257149164099, 0.000246611132752, 0.00022289759363, 0.000332901690854, 0.000268613395747, 0.000149129758938, 9.2295675131e-05, 8.17287655082e-05, 4.99591842527e-05, 4.76915301988e-05, 3.70098314306e-05, 3.56979981007e-05, 3.05323555949e-05, 2.27606960834e-05, 1.63590138982e-05, 1.02438852991e-05, 5.12668611918e-06, 5.70279553358e-06, 4.63005790152e-06, 3.52560687134e-06, 3.47158925251e-06, 3.44504451277e-06, 2.69171482614e-06, 1.82379073976e-06, 3.33315483658e-06, 2.40265217144e-06, 1.71382566805e-06, 4.25752341471e-06, 1.87270052265e-06, 2.37082031163e-06, 1.38403504479e-06, 1.79147343715e-06, 1.6916065988e-06, 1.38127461469e-06, 6.89195019277e-07, 4.86057331273e-07], "dmean": [0.000755997549277, 0.000657350115944, 0.000688812579028, 0.00037086402881, 0.000149478801177, 0.000150209860294, 0.00015395214723, 0.000231018027989, 0.000182956180652, 0.000103266014776, 6.24123131274e-05, 5.90517847741e-05, 3.58372417395e-05, 3.34090545948e-05, 2.6042918762e-05, 2.52505378739e-05, 2.10995567613e-05, 1.58671300596e-05, 1.08830690806e-05, 7.25110112398e-06, 3.36234097631e-06, 3.70188422494e-06, 3.29454792336e-06, 2.3135369247e-06, 2.37028143601e-06, 2.3000886813e-06, 1.81145162514e-06, 1.23182792322e-06, 2.15268573811e-06, 1.58156944963e-06, 1.28032820612e-06, 2.68514168056e-06, 1.26878785522e-06, 1.41400255416e-06, 1.05979779619e-06, 1.24566156501e-06, 1.07355890577e-06, 8.83608549884e-07, 4.82770133203e-07, 3.6178792584e-07], "var": [9.26594384509e-06, 4.39571340394e-06, 3.85837620342e-06, 1.43406612096e-06, 1.77953765501e-07, 2.42234847292e-07, 6.351631896e-07, 1.56751445957e-06, 1.35379241328e-06, 5.2995852684e-07, 1.81346308636e-07, 1.94665659592e-07, 7.50242037384e-08, 5.25310710486e-08, 3.40221149031e-08, 2.99624929312e-08, 2.54897916108e-08, 1.62057904873e-08, 4.70264849284e-09, 3.92400512084e-09, 4.54969284469e-10, 2.26691873606e-10, 2.07309128197e-10, 1.03843593446e-10, 1.00670631553e-10, 8.36209435029e-11, 4.34438075791e-11, 1.6924310911e-11, 5.63293717226e-11, 3.32722946417e-11, 2.14147727329e-11, 8.57799456466e-11, 1.91416240497e-11, 2.20708121917e-11, 1.59693352292e-11, 2.42109197274e-11, 1.49101824637e-11, 1.02515799669e-11, 4.39765888635e-12, 2.30528205032e-12], "dvar": [6.66504456603e-06, 3.43503552358e-06, 4.39254836238e-06, 1.39209862482e-06, 1.96834662347e-07, 1.72991022396e-07, 1.6784754564e-07, 4.49301666094e-07, 4.43544905693e-07, 1.61225827355e-07, 7.69803207845e-08, 7.06802651962e-08, 2.5604849796e-08, 2.5539662829e-08, 1.57537982659e-08, 1.12076099512e-08, 8.69340421872e-09, 5.42691847016e-09, 2.19848494964e-09, 1.96029925625e-09, 1.6871194719e-10, 1.16653256499e-10, 1.04785020938e-10, 3.86400911268e-11, 3.81320391929e-11, 4.00416678981e-11, 2.16215639143e-11, 9.70047566579e-12, 4.15804231324e-11, 2.23575342267e-11, 1.15301882625e-11, 7.8724159136e-11, 1.27250284962e-11, 2.02346837203e-11, 9.60583088766e-12, 1.89025513991e-11, 1.13934651644e-11, 8.30638162419e-12, 2.83807222515e-12, 1.92831536329e-12], "mean": [0.00086289877072, 0.0007466271054, 0.000662384089082, 0.000426540558692, 0.000188890378922, 0.000205958087463, 0.000296451966278, 0.000406146893511, 0.000324983120663, 0.000175604960532, 9.70804758254e-05, 9.8916447314e-05, 6.34382668068e-05, 4.95772183058e-05, 4.53452121292e-05, 4.17742485297e-05, 3.35776749125e-05, 2.6012698072e-05, 1.65760429809e-05, 1.09052034531e-05, 5.45382272321e-06, 5.31354498889e-06, 5.08891116624e-06, 3.92067977373e-06, 3.78469394491e-06, 3.6354929307e-06, 2.8588594887e-06, 1.82792496162e-06, 2.59141961578e-06, 1.9824985884e-06, 1.78541040441e-06, 3.07733421323e-06, 1.75114610101e-06, 1.60601985044e-06, 1.38117843562e-06, 1.45031015109e-06, 1.23591314605e-06, 9.72506882135e-07, 6.39293602944e-07, 4.16413968196e-07]}, "spectral_entropy": {"min": 5.29297208786, "max": 9.80420970917, "dvar2": 0.157471269369, "median": 7.33318996429, "dmean2": 0.375872433186, "dmean": 0.250933349133, "var": 0.330246090889, "dvar": 0.0790789052844, "mean": 7.31974744797}, "spectral_rolloff": {"min": 21.533203125, "max": 19121.484375, "dvar2": 3793333.5, "median": 538.330078125, "dmean2": 880.01348877, "dmean": 509.638366699, "var": 2170746, "dvar": 1616345.625, "mean": 963.941223145}, "barkbands": {"min": [5.27549980949e-24, 1.54278079437e-23, 2.49249793234e-24, 1.1938783445e-23, 3.87243488002e-23, 2.58730094823e-23, 1.94640857627e-23, 3.30696518366e-23, 3.73851343513e-23, 5.41607032629e-23, 2.96856215689e-23, 7.05218614529e-23, 4.11151558565e-23, 7.29352961955e-23, 1.28979098792e-22, 1.33903484106e-22, 9.95070660459e-23, 2.10493080626e-22, 2.55332717029e-22, 2.88356706441e-22, 3.79920940292e-22, 4.48499256733e-22, 6.8297350693e-22, 8.1452178054e-22, 8.71528984249e-22, 1.43376592862e-21, 2.37595736196e-21], "max": [0.0184530615807, 0.122803792357, 0.0462001338601, 0.0525150634348, 0.0573352910578, 0.0396821796894, 0.0607093423605, 0.0811819657683, 0.0871239230037, 0.0612879246473, 0.065910667181, 0.0492620766163, 0.0224064476788, 0.0330195911229, 0.0282854419202, 0.0210581291467, 0.00554041657597, 0.00553350383416, 0.00438635796309, 0.00247235060669, 0.00299722282216, 0.00428395485505, 0.00422275671735, 0.00484542455524, 0.00453278934583, 0.00258074398153, 0.000880895880982], "dvar2": [2.76683772427e-06, 0.000130398300826, 4.47350357717e-05, 5.80921841902e-05, 4.61030067527e-05, 1.01971390905e-05, 1.2991074982e-05, 2.66202769126e-05, 1.69893955899e-05, 6.31190505374e-06, 3.50828690898e-06, 2.95040445053e-06, 1.87778982763e-06, 1.49857396536e-06, 1.23922495732e-06, 3.63699882655e-07, 6.4089398677e-08, 4.87747122691e-08, 5.20236049795e-08, 2.85639174535e-08, 7.06758811475e-08, 1.8604083607e-07, 1.01999894753e-07, 1.24522898659e-07, 4.26121573582e-08, 1.78728871703e-08, 2.02201055899e-09], "median": [0.000215331237996, 0.000210031168535, 0.000243528193096, 0.000207681354368, 0.000605933251791, 0.000265463808319, 0.000138169474667, 0.000113564434287, 8.9050277893e-05, 4.25166363129e-05, 2.59464595729e-05, 2.48956148425e-05, 2.15125237446e-05, 1.82693565876e-05, 1.22537849165e-05, 6.92778712619e-06, 8.18261560198e-06, 1.10093624244e-05, 1.35884665724e-05, 1.08673611976e-05, 1.05275876194e-05, 1.37689567055e-05, 1.07842179204e-05, 7.21901005818e-06, 3.07703749058e-06, 1.76384264705e-06, 2.34636488017e-07], "dmean2": [0.00067445501918, 0.00400233129039, 0.00221155770123, 0.00250123045407, 0.00233994168229, 0.00120688974857, 0.00132543127984, 0.00181540648919, 0.00112641975284, 0.00059865397634, 0.000444867037004, 0.000404956546845, 0.000341999169905, 0.000302173342789, 0.000249837088631, 0.000111724672024, 9.51657202677e-05, 7.97490647528e-05, 9.10827511689e-05, 6.89848166076e-05, 9.57234078669e-05, 0.000144688849105, 0.000104249134893, 0.000113554153359, 5.22013651789e-05, 3.5928133002e-05, 1.10182472781e-05], "dmean": [0.000487994664581, 0.00263644522056, 0.00124233588576, 0.00151225656737, 0.0014636273263, 0.000736009096727, 0.000928562600166, 0.00119280989747, 0.000763482996263, 0.000399240205297, 0.000311591866193, 0.000282816414256, 0.000235498519032, 0.000207930192119, 0.000163636927027, 7.80749032856e-05, 6.40157522867e-05, 5.24152237631e-05, 6.06856337981e-05, 4.66009259981e-05, 6.68582651997e-05, 9.43909180933e-05, 7.05360434949e-05, 7.4256422522e-05, 3.97389922e-05, 2.38942957367e-05, 7.77220066084e-06], "var": [2.39570090343e-06, 0.000108626809379, 1.08457124952e-05, 2.1700076104e-05, 2.1548339646e-05, 5.10887548444e-06, 2.87704897346e-05, 3.21888328472e-05, 2.27463406191e-05, 7.32012949811e-06, 5.91194475419e-06, 3.87659474654e-06, 2.60084289039e-06, 2.74506169262e-06, 1.05372464532e-06, 4.37828276745e-07, 7.59792584404e-08, 5.04391195477e-08, 6.01759353458e-08, 2.43495961172e-08, 5.65730076119e-08, 1.08946856869e-07, 7.16958297176e-08, 7.66600720681e-08, 2.58112642371e-08, 8.33036750691e-09, 9.96877580484e-10], "dvar": [1.16443914067e-06, 7.87579119788e-05, 1.5916153643e-05, 2.44435832428e-05, 2.09967674891e-05, 4.01428678742e-06, 7.05871570972e-06, 1.2316018001e-05, 8.17175714474e-06, 3.18599791171e-06, 1.9839117158e-06, 1.56200292167e-06, 9.35839864269e-07, 7.80382492849e-07, 5.66247535971e-07, 1.8869491214e-07, 3.31598535297e-08, 2.23534151189e-08, 2.48860985153e-08, 1.39406433064e-08, 3.69873589534e-08, 8.21841794618e-08, 4.97948455802e-08, 5.64939774961e-08, 2.04145749194e-08, 7.63510410451e-09, 8.96879348566e-10], "mean": [0.000847305986099, 0.00293631618842, 0.00111093162559, 0.00139527162537, 0.00176290597301, 0.00100142904557, 0.00177862099372, 0.00186939747073, 0.00123410194647, 0.000626739056315, 0.000533199461643, 0.000458739115857, 0.000397968076868, 0.000346886896295, 0.000241872767219, 0.000121834840684, 9.29883608478e-05, 8.60137952259e-05, 9.84935395536e-05, 6.88725413056e-05, 8.45508766361e-05, 0.000121445853438, 8.96048077266e-05, 8.72838791111e-05, 4.53052161902e-05, 2.51053988904e-05, 7.65193090047e-06]}, "melbands_flatness_db": {"min": 0.00343849882483, "max": 0.626525700092, "dvar2": 0.0033876511734, "median": 0.237087190151, "dmean2": 0.0559480004013, "dmean": 0.0363692231476, "var": 0.00561234122142, "dvar": 0.00166685762815, "mean": 0.244257479906}, "melbands_skewness": {"min": -1.60779631138, "max": 17.6713066101, "dvar2": 3.36244225502, "median": 2.90274477005, "dmean2": 1.59538280964, "dmean": 1.02962386608, "var": 4.96605873108, "dvar": 1.55313611031, "mean": 3.21303057671}, "barkbands_skewness": {"min": -3.95646691322, "max": 17.0845584869, "dvar2": 2.20509910583, "median": 1.96627962589, "dmean2": 1.19910371304, "dmean": 0.795075833797, "var": 2.89433956146, "dvar": 1.08930373192, "mean": 2.16046881676}, "silence_rate_60dB": {"min": 0, "max": 1, "dvar2": 0.159721806645, "median": 0, "dmean2": 0.178268060088, "dmean": 0.0891242027283, "var": 0.216063812375, "dvar": 0.0811768621206, "mean": 0.315760463476}, "spectral_energyband_low": {"min": 3.8373046951e-23, "max": 0.153279483318, "dvar2": 0.000162175463629, "median": 0.000885834801011, "dmean2": 0.00520929833874, "dmean": 0.00358860939741, "var": 0.000165851641214, "dvar": 9.98578834697e-05, "mean": 0.00478889187798}, "spectral_energyband_middle_low": {"min": 3.21792746303e-22, "max": 0.140126615763, "dvar2": 0.000278506719042, "median": 0.00331875565462, "dmean2": 0.00744318077341, "dmean": 0.00498248124495, "var": 0.000249171804171, "dvar": 0.000138851159136, "mean": 0.00926281046122}, "melbands_kurtosis": {"min": -1.84367918968, "max": 522.327697754, "dvar2": 2126.52954102, "median": 15.3700237274, "dmean2": 23.822052002, "dmean": 14.8583755493, "var": 1463.66906738, "dvar": 961.864562988, "mean": 25.6528701782}, "spectral_decrease": {"min": -4.1401833073e-08, "max": -2.91940980953e-30, "dvar2": 2.77165525431e-17, "median": -1.71994107845e-09, "dmean2": 2.97447955155e-09, "dmean": 2.11482187318e-09, "var": 3.55654179127e-17, "dvar": 1.60759259871e-17, "mean": -4.34334701538e-09}, "erbbands_kurtosis": {"min": -1.84596514702, "max": 50.7883872986, "dvar2": 15.9678468704, "median": 0.956575155258, "dmean2": 2.66947984695, "dmean": 1.73523795605, "var": 20.606672287, "dvar": 7.34780883789, "mean": 2.34279227257}, "melbands_crest": {"min": 1.64841246605, "max": 35.6365013123, "dvar2": 27.7677307129, "median": 14.298166275, "dmean2": 6.05447244644, "dmean": 3.78314971924, "var": 30.4088935852, "dvar": 11.208111763, "mean": 15.3391885757}, "gfcc": {"cov": [[19799.1113281, -805.134765625, -2315.82275391, -469.742492676, -1360.3470459, 115.894554138, -377.912902832, 415.60256958, 78.4351959229, 22.6614494324, -107.586036682, -343.093780518, -254.822799683], [-805.134765625, 1696.20532227, -3.27082562447, -99.4678344727, 270.199432373, 17.5248336792, 248.046798706, -89.9253997803, 71.4402694702, -34.1656341553, 102.283630371, -3.47526979446, 46.0275192261], [-2315.82275391, -3.27082562447, 1065.97546387, 249.6456604, 201.137084961, -37.528049469, -49.8087272644, -19.0181007385, -60.3635559082, 12.8006258011, -1.37950909138, 58.7325439453, 25.2249088287], [-469.742492676, -99.4678344727, 249.6456604, 537.587768555, 133.573944092, -60.3207397461, -58.9707717896, -36.2986030579, 95.3038864136, -1.69960153103, -20.5137500763, 17.7323970795, 49.0212936401], [-1360.3470459, 270.199432373, 201.137084961, 133.573944092, 502.426605225, 129.749282837, 93.7307052612, 4.76511573792, 69.9137268066, 59.4726028442, -12.6287126541, 14.820807457, 64.7785110474], [115.894554138, 17.5248336792, -37.528049469, -60.3207397461, 129.749282837, 282.58972168, 156.053634644, 53.6315765381, -3.46080565453, 45.2422714233, 19.1104431152, -6.4300775528, -5.82722473145], [-377.912902832, 248.046798706, -49.8087272644, -58.9707717896, 93.7307052612, 156.053634644, 306.108154297, 30.8878154755, -14.6838464737, -1.61565172672, 46.6164360046, 21.323381424, -9.99796676636], [415.60256958, -89.9253997803, -19.0181007385, -36.2986030579, 4.76511573792, 53.6315765381, 30.8878154755, 177.298477173, 48.9985656738, 38.4283218384, 8.62047386169, -12.3863554001, -3.39251089096], [78.4351959229, 71.4402694702, -60.3635559082, 95.3038864136, 69.9137268066, -3.46080565453, -14.6838464737, 48.9985656738, 171.407211304, 40.1534461975, 1.35388970375, -12.2382602692, 29.7647151947], [22.6614494324, -34.1656341553, 12.8006258011, -1.69960153103, 59.4726028442, 45.2422714233, -1.61565172672, 38.4283218384, 40.1534461975, 106.278511047, 30.29255867, -5.30069828033, 2.40750050545], [-107.586036682, 102.283630371, -1.37950909138, -20.5137500763, -12.6287126541, 19.1104431152, 46.6164360046, 8.62047386169, 1.35388970375, 30.29255867, 117.780403137, 27.5823192596, -6.51939582825], [-343.093780518, -3.47526979446, 58.7325439453, 17.7323970795, 14.820807457, -6.4300775528, 21.323381424, -12.3863554001, -12.2382602692, -5.30069828033, 27.5823192596, 84.5456619263, 25.8165225983], [-254.822799683, 46.0275192261, 25.2249088287, 49.0212936401, 64.7785110474, -5.82722473145, -9.99796676636, -3.39251089096, 29.7647151947, 2.40750050545, -6.51939582825, 25.8165225983, 84.2736358643]], "icov": [[9.96528760879e-05, -6.22433435638e-05, 0.000195627566427, -0.000123846490169, 0.000260141852777, -0.000218274610233, 0.000221740483539, -0.000257135689026, 0.000110104439955, -0.000101764788269, 0.000134216999868, 7.05939382897e-05, 0.000102482073999], [-6.22433435638e-05, 0.00105549965519, -0.000231449928833, 0.000612813513726, -0.000784642470535, 0.000744522549212, -0.00101937516592, 0.000915829034057, -0.000887399481144, 0.000901127699763, -0.00120147771668, 0.000900238112081, -0.000562383560464], [0.000195627566427, -0.000231449928833, 0.00172658800147, -0.000939173623919, -7.5799653132e-05, -0.000193538813619, 0.000841127592139, -0.00101987435482, 0.00150508224033, -0.00053596298676, 0.000310077826725, -0.000670231936965, 0.00056409696117], [-0.000123846490169, 0.000612813513726, -0.000939173623919, 0.00315666128881, -0.000985543709248, 0.000841520668473, -0.000527939293534, 0.00146728125401, -0.00245427852497, 0.00117453909479, -0.000619426311459, 0.000244799244683, -0.000741726311389], [0.000260141852777, -0.000784642470535, -7.5799653132e-05, -0.000985543709248, 0.00450150808319, -0.00219036545604, 0.000140382835525, -0.000264277536189, -0.000323016080074, -0.00225837901235, 0.00210154545493, -0.000195508648176, -0.00139341549948], [-0.000218274610233, 0.000744522549212, -0.000193538813619, 0.000841520668473, -0.00219036545604, 0.00708120409399, -0.00366045068949, -0.000124502010294, 0.000490111240651, -0.00143681711052, -0.000558066356461, 0.00118560309056, -0.000302617263515], [0.000221740483539, -0.00101937516592, 0.000841127592139, -0.000527939293534, 0.000140382835525, -0.00366045068949, 0.00677598780021, -0.0018097255379, 0.00111293280497, 0.00141324161086, -0.000762326642871, -0.00192907138262, 0.00175111426506], [-0.000257135689026, 0.000915829034057, -0.00101987435482, 0.00146728125401, -0.000264277536189, -0.000124502010294, -0.0018097255379, 0.00850653089583, -0.0035574301146, -0.000796360895038, -0.000717158603948, 0.000980771612376, -0.000580402789637], [0.000110104439955, -0.000887399481144, 0.00150508224033, -0.00245427852497, -0.000323016080074, 0.000490111240651, 0.00111293280497, -0.0035574301146, 0.0104230120778, -0.00328690907918, 0.000610063027125, 0.000800326874014, -0.00171965966001], [-0.000101764788269, 0.000901127699763, -0.00053596298676, 0.00117453909479, -0.00225837901235, -0.00143681711052, 0.00141324161086, -0.000796360895038, -0.00328690907918, 0.0148318894207, -0.00534390984103, 0.00168231187854, 0.000257955020061], [0.000134216999868, -0.00120147771668, 0.000310077826725, -0.000619426311459, 0.00210154545493, -0.000558066356461, -0.000762326642871, -0.000717158603948, 0.000610063027125, -0.00534390984103, 0.0128653924912, -0.00497216219082, 0.00201189820655], [7.05939382897e-05, 0.000900238112081, -0.000670231936965, 0.000244799244683, -0.000195508648176, 0.00118560309056, -0.00192907138262, 0.000980771612376, 0.000800326874014, 0.00168231187854, -0.00497216219082, 0.0170292835683, -0.00610927306116], [0.000102482073999, -0.000562383560464, 0.00056409696117, -0.000741726311389, -0.00139341549948, -0.000302617263515, 0.00175111426506, -0.000580402789637, -0.00171965966001, 0.000257955020061, 0.00201189820655, -0.00610927306116, 0.0166074503213]], "mean": [-100.743080139, 93.8577423096, -91.7472305298, 24.5803833008, -65.4997329712, 7.2779507637, -31.2049369812, 1.30850970745, -19.8381137848, 0.667970538139, -15.6723794937, -1.77130246162, -17.0276069641]}, "melbands_spread": {"min": 0.341680645943, "max": 279.452087402, "dvar2": 358.534484863, "median": 10.117767334, "dmean2": 10.193113327, "dmean": 6.39356184006, "var": 273.109985352, "dvar": 161.452453613, "mean": 14.21098423}, "spectral_energy": {"min": 1.05611399463e-20, "max": 0.163384318352, "dvar2": 0.000418035138864, "median": 0.00684487726539, "dmean2": 0.0116452928632, "dmean": 0.00835121423006, "var": 0.000568780698813, "dvar": 0.000247169315116, "mean": 0.0174709111452}, "mfcc": {"cov": [[15389.1318359, -387.114562988, -1094.13757324, -642.589416504, -824.851318359, -442.631591797, -476.022491455, -21.1156826019, -114.990104675, 216.611785889, 230.737518311, -22.179485321, -217.803405762], [-387.114562988, 1777.29370117, 7.20521211624, -52.4735221863, -10.9508562088, 107.949691772, 160.11366272, 54.6387557983, 0.000267017021542, 4.03303575516, 24.9050769806, 1.79064571857, 49.7610244751], [-1094.13757324, 7.20521211624, 724.568359375, 232.000106812, 100.83782196, -31.4353218079, 0.952156424522, -28.3703937531, -51.7204246521, -47.6102142334, -78.8177719116, 30.992816925, 24.9946937561], [-642.589416504, -52.4735221863, 232.000106812, 489.210083008, 178.806884766, 31.0609283447, -99.0939559937, -21.5353050232, 29.7779712677, -3.26731109619, -87.2977523804, 26.888010025, 48.8695373535], [-824.851318359, -10.9508562088, 100.83782196, 178.806884766, 406.560302734, 80.0903320312, -22.4090824127, -48.7957305908, 113.306312561, 22.6984863281, -24.9328670502, 38.1108703613, 43.8639678955], [-442.631591797, 107.949691772, -31.4353218079, 31.0609283447, 80.0903320312, 252.837799072, 116.797142029, 39.5458564758, 51.9318847656, 10.4460058212, 28.7472381592, 10.8211240768, -3.06056141853], [-476.022491455, 160.11366272, 0.952156424522, -99.0939559937, -22.4090824127, 116.797142029, 281.367706299, 82.7648162842, 14.9083013535, 1.29505741596, 68.0009536743, 9.92753887177, 4.44053316116], [-21.1156826019, 54.6387557983, -28.3703937531, -21.5353050232, -48.7957305908, 39.5458564758, 82.7648162842, 147.651855469, 35.3980674744, 16.4635753632, 28.6581878662, 6.17011642456, 6.7958984375], [-114.990104675, 0.000267017021542, -51.7204246521, 29.7779712677, 113.306312561, 51.9318847656, 14.9083013535, 35.3980674744, 170.268829346, 45.314239502, 14.3223571777, 7.05026912689, 9.24174690247], [216.611785889, 4.03303575516, -47.6102142334, -3.26731109619, 22.6984863281, 10.4460058212, 1.29505741596, 16.4635753632, 45.314239502, 128.682846069, 44.0898208618, 1.78907442093, 3.5696554184], [230.737518311, 24.9050769806, -78.8177719116, -87.2977523804, -24.9328670502, 28.7472381592, 68.0009536743, 28.6581878662, 14.3223571777, 44.0898208618, 136.390640259, 27.0734386444, 7.41651582718], [-22.179485321, 1.79064571857, 30.992816925, 26.888010025, 38.1108703613, 10.8211240768, 9.92753887177, 6.17011642456, 7.05026912689, 1.78907442093, 27.0734386444, 94.945640564, 38.4919128418], [-217.803405762, 49.7610244751, 24.9946937561, 48.8695373535, 43.8639678955, -3.06056141853, 4.44053316116, 6.7958984375, 9.24174690247, 3.5696554184, 7.41651582718, 38.4919128418, 107.828140259]], "icov": [[9.34931085794e-05, -8.96245182958e-07, 9.4060349511e-05, 2.95032514259e-05, 0.000150383697473, 6.72642854624e-05, 0.000181234645424, 1.37844654091e-06, -1.2581061128e-05, -0.000117692805361, -0.000104779428511, -0.000130437474581, 0.000146014484926], [-8.96245182958e-07, 0.000609760347288, -2.12689101318e-05, 6.60676814732e-05, 2.70719756372e-05, -0.000189326092368, -0.000263468042249, -3.32217859977e-05, 7.2757145972e-05, -6.09710841672e-05, 0.000109441061795, 0.00013164523989, -0.000370399764506], [9.4060349511e-05, -2.12689101318e-05, 0.00199978658929, -0.000847694056574, -0.00025416756398, 0.000695910130162, -0.00062411261024, 7.13003246346e-05, 0.000752151827328, 8.44997484819e-05, 0.000569737167098, -0.000691138789989, 0.00040506926598], [2.95032514259e-05, 6.60676814732e-05, -0.000847694056574, 0.00349631719291, -0.000852055847645, -0.000972686335444, 0.00147436850239, -0.000707116210833, 0.000106080755359, -0.000459362607216, 0.0014112329809, -0.000350417831214, -0.00102199602406], [0.000150383697473, 2.70719756372e-05, -0.00025416756398, -0.000852055847645, 0.00476397247985, -0.000989397638477, 0.000181147202966, 0.00238005048595, -0.00302796065807, -0.000423692254117, 0.000262744550128, -0.00116629211698, -0.000715343863703], [6.72642854624e-05, -0.000189326092368, 0.000695910130162, -0.000972686335444, -0.000989397638477, 0.00606581475586, -0.00249306182377, -0.00033281269134, -0.000551551638637, 0.000192610765225, -0.000458438444184, -0.000342046463629, 0.00139559025411], [0.000181234645424, -0.000263468042249, -0.00062411261024, 0.00147436850239, 0.000181147202966, -0.00249306182377, 0.00686989165843, -0.00260128639638, 0.000284151785308, 0.000620308332145, -0.00225369725376, 0.00021302344976, -0.000265214534011], [1.37844654091e-06, -3.32217859977e-05, 7.13003246346e-05, -0.000707116210833, 0.00238005048595, -0.00033281269134, -0.00260128639638, 0.00986064597964, -0.00294908485375, -0.000542317749932, -3.79474295187e-05, -0.000590197858401, -0.000685909413733], [-1.2581061128e-05, 7.2757145972e-05, 0.000752151827328, 0.000106080755359, -0.00302796065807, -0.000551551638637, 0.000284151785308, -0.00294908485375, 0.0093666901812, -0.00211373786442, 0.00016634867643, 0.000361747021088, 0.000235451370827], [-0.000117692805361, -6.09710841672e-05, 8.44997484819e-05, -0.000459362607216, -0.000423692254117, 0.000192610765225, 0.000620308332145, -0.000542317749932, -0.00211373786442, 0.0100886495784, -0.00363018875942, 0.00127478933427, -0.000192731284187], [-0.000104779428511, 0.000109441061795, 0.000569737167098, 0.0014112329809, 0.000262744550128, -0.000458438444184, -0.00225369725376, -3.79474295187e-05, 0.00016634867643, -0.00363018875942, 0.0118874497712, -0.00355816888623, -0.000500037218444], [-0.000130437474581, 0.00013164523989, -0.000691138789989, -0.000350417831214, -0.00116629211698, -0.000342046463629, 0.00021302344976, -0.000590197858401, 0.000361747021088, 0.00127478933427, -0.00355816888623, 0.0140817202628, -0.00436733383685], [0.000146014484926, -0.000370399764506, 0.00040506926598, -0.00102199602406, -0.000715343863703, 0.00139559025411, -0.000265214534011, -0.000685909413733, 0.000235451370827, -0.000192731284187, -0.000500037218444, -0.00436733383685, 0.0120735606179]], "mean": [-746.564941406, 126.109489441, 22.1691513062, 20.5418624878, -6.18213748932, 6.67815065384, -4.19193220139, 3.43441367149, -5.73993968964, 3.5034198761, 1.61799013615, -0.970900416374, -3.20947527885]}, "spectral_contrast_valleys": {"min": [-28.0112400055, -27.929895401, -27.750535965, -27.7256259918, -27.3213748932, -27.3596286774], "max": [-5.61559152603, -4.69397115707, -5.37282562256, -5.07996368408, -5.67087554932, -7.31748151779], "dvar2": [0.531406760216, 0.649069011211, 0.780936181545, 0.874656558037, 0.583157420158, 0.520751595497], "median": [-7.98230695724, -7.40045261383, -8.13722705841, -8.7611989975, -8.67623710632, -10.9192590714], "dmean2": [0.807456254959, 0.793891251087, 0.767360508442, 0.739895403385, 0.600215375423, 0.555356621742], "dmean": [0.520032048225, 0.511199355125, 0.501079201698, 0.489893019199, 0.418879240751, 0.425233095884], "var": [1.82033193111, 2.0502307415, 1.9573854208, 1.9735224247, 2.02918362617, 2.38665866852], "dvar": [0.293249636889, 0.34750315547, 0.370613783598, 0.416654586792, 0.329169809818, 0.363545119762], "mean": [-8.19835281372, -7.61009597778, -8.33904075623, -8.93058204651, -8.83034610748, -11.1407632828]}, "barkbands_flatness_db": {"min": 0.0139907095581, "max": 0.482588797808, "dvar2": 0.0023192728404, "median": 0.156851634383, "dmean2": 0.0458340197802, "dmean": 0.0299500543624, "var": 0.00337531603873, "dvar": 0.00113136251457, "mean": 0.162729099393}, "dynamic_complexity": 7.46913290024, "erbbands_flatness_db": {"min": 0.0256454627961, "max": 0.355242758989, "dvar2": 0.000776820175815, "median": 0.15481236577, "dmean2": 0.0287639833987, "dme