{"lowlevel": {"spectral_complexity": {"min": 0, "max": 56, "dvar2": 19.5299186707, "median": 12, "dmean2": 3.62109231949, "dmean": 2.406447649, "var": 137.238555908, "dvar": 11.1328411102, "mean": 13.866686821}, "silence_rate_20dB": {"min": 1, "max": 1, "dvar2": 0, "median": 1, "dmean2": 0, "dmean": 0, "var": 0, "dvar": 0, "mean": 1}, "average_loudness": 0.229601219296, "erbbands_spread": {"min": 0.701894938946, "max": 148.773330688, "dvar2": 145.295059204, "median": 23.4489803314, "dmean2": 9.19791030884, "dmean": 6.04769277573, "var": 303.193389893, "dvar": 65.6148605347, "mean": 26.8564567566}, "spectral_kurtosis": {"min": -1.43874490261, "max": 55.2757720947, "dvar2": 17.1786060333, "median": 6.31371879578, "dmean2": 3.57053279877, "dmean": 2.15406394005, "var": 20.3894042969, "dvar": 6.36311340332, "mean": 7.14570999146}, "barkbands_kurtosis": {"min": -1.89653408527, "max": 595.927490234, "dvar2": 1113.52209473, "median": 1.35152053833, "dmean2": 8.36910247803, "dmean": 4.90356492996, "var": 459.268249512, "dvar": 351.953552246, "mean": 5.77142906189}, "spectral_strongpeak": {"min": 0, "max": 20.3022499084, "dvar2": 2.39893317223, "median": 0.345147043467, "dmean2": 0.804088830948, "dmean": 0.488322228193, "var": 2.18913030624, "dvar": 0.923782467842, "mean": 0.942044019699}, "spectral_spread": {"min": 1478476.75, "max": 42860880, "dvar2": 1108446019580.0, "median": 3419096.25, "dmean2": 600715.1875, "dmean": 415931.15625, "var": 10673717248000.0, "dvar": 616336392192, "mean": 4060577.25}, "spectral_rms": {"min": 3.02060221453e-12, "max": 0.014837320894, "dvar2": 2.00443605536e-06, "median": 0.0028075275477, "dmean2": 0.000864378875121, "dmean": 0.000601561914664, "var": 6.01354486207e-06, "dvar": 1.05790411453e-06, "mean": 0.00318784452975}, "erbbands": {"min": [1.0626857588e-22, 8.80845368431e-22, 2.38194008306e-21, 6.07542228325e-21, 3.27354142478e-21, 2.0722163583e-20, 4.88195276686e-20, 5.32554097192e-20, 1.04173698166e-19, 2.25272920457e-19, 2.86246626456e-19, 3.88963846971e-19, 2.26530002343e-19, 6.80029162387e-19, 8.09062203512e-19, 1.10602288685e-18, 1.48078740313e-18, 1.80442398914e-18, 2.79967591484e-18, 2.64106547995e-18, 3.12692262723e-18, 4.10814412218e-18, 4.58733646848e-18, 6.77010439119e-18, 6.9782875534e-18, 8.49049034561e-18, 8.65274513149e-18, 1.00059480935e-17, 1.00442887421e-17, 1.27924366815e-17, 1.07352765483e-17, 1.08941357578e-17, 1.05183715938e-17, 8.16164469309e-18, 5.48864611239e-18, 3.94166037542e-18, 2.50216324353e-18, 8.89175524717e-19, 2.6766080867e-19, 2.86038506521e-20], "max": [1.8106944561, 23.0158100128, 141.357269287, 128.04536438, 88.5084915161, 72.9491195679, 147.56086731, 253.107299805, 602.933227539, 955.57043457, 1279.30236816, 1100.46008301, 2600.04492188, 3817.36181641, 3556.57714844, 2739.04443359, 3658.91259766, 2305.39575195, 4111.34130859, 2348.03051758, 845.767211914, 911.087219238, 837.250183105, 1411.6418457, 545.136413574, 432.379699707, 410.962554932, 535.669006348, 432.371948242, 352.994781494, 161.748153687, 188.68447876, 208.806060791, 148.890762329, 94.5090789795, 16.6411514282, 3.17566657066, 0.342022866011, 0.0417124964297, 0.00152195082046], "dvar2": [0.0354656949639, 8.3808965683, 227.271224976, 188.853485107, 52.6622848511, 34.1934165955, 107.341575623, 379.447265625, 2113.79003906, 2083.27099609, 3216.53100586, 3217.41674805, 7462.82373047, 16140.1933594, 16618.2734375, 12373.3457031, 14511.3144531, 8253.89941406, 25365.3457031, 6296.26025391, 2013.66137695, 1164.81005859, 601.521728516, 871.706604004, 295.830871582, 202.874771118, 133.918762207, 274.763458252, 232.487030029, 81.6825256348, 14.6049203873, 16.0085220337, 32.6284751892, 21.7997837067, 6.2546620369, 0.18088337779, 0.00752796465531, 0.000120106829854, 1.80396750693e-06, 5.08315212144e-09], "median": [0.0042170798406, 0.102623179555, 0.430379480124, 0.514365136623, 0.456401139498, 1.0845682621, 2.70916390419, 4.26305055618, 4.9541926384, 2.62017393112, 2.91708445549, 4.39288187027, 5.40905618668, 5.21977567673, 5.76099395752, 6.12513494492, 6.91310310364, 6.33309268951, 5.81871986389, 4.49519491196, 4.80636119843, 3.2036781311, 1.71581184864, 1.48114192486, 1.28424024582, 0.819701135159, 0.540548503399, 0.337724089622, 0.255150914192, 0.177629053593, 0.105350591242, 0.0702704638243, 0.0459368489683, 0.018998997286, 0.00649417703971, 0.00210962072015, 0.000614936288912, 0.000114768714411, 2.11433471122e-05, 1.19644910228e-05], "dmean2": [0.0493966266513, 0.856110811234, 3.90569257736, 3.01672315598, 1.88627183437, 2.40676617622, 5.11745643616, 8.93269824982, 15.3350505829, 13.6898269653, 14.6152143478, 19.7786464691, 25.8279895782, 30.7795829773, 31.8866481781, 30.8768081665, 31.4132671356, 28.9626369476, 39.5469360352, 24.3982772827, 16.5170612335, 10.6939868927, 7.28486013412, 6.32807779312, 5.01301193237, 3.69942450523, 2.69959115982, 2.93981862068, 2.68711304665, 1.44355618954, 0.764662325382, 0.653680026531, 0.731498837471, 0.464282006025, 0.221532315016, 0.0542690083385, 0.0159102138132, 0.00192756636534, 0.000185712400707, 2.24843006436e-05], "dmean": [0.0313788466156, 0.509944796562, 2.38330101967, 1.84457063675, 1.10765516758, 1.53370773792, 3.45580625534, 5.8313999176, 9.99852085114, 8.98142910004, 9.5031709671, 13.3798761368, 17.5559463501, 19.6997737885, 20.3760089874, 20.0429706573, 20.311088562, 18.8838920593, 24.6163234711, 15.3881797791, 10.0742931366, 6.5865688324, 4.56603002548, 4.03955364227, 3.23924016953, 2.37501525879, 1.82154667377, 1.8392291069, 1.65369570255, 0.968151509762, 0.51603782177, 0.4546687603, 0.494635015726, 0.314623713493, 0.150820598006, 0.0374956317246, 0.0102434353903, 0.00136753695551, 0.000131455657538, 1.53555847646e-05], "var": [0.027640927583, 3.12504863739, 85.6000442505, 66.8390579224, 18.7953395844, 28.8143310547, 145.734100342, 348.787139893, 1548.67138672, 2102.48388672, 2806.43676758, 3905.99560547, 8186.00634766, 16494.4726562, 15257.9492188, 12569.4023438, 15164.5595703, 10153.5283203, 30604.9863281, 7479.52880859, 1686.62060547, 879.877441406, 434.749969482, 868.999145508, 250.967727661, 175.610229492, 91.6563720703, 94.8412475586, 96.7468338013, 43.8112564087, 9.49147605896, 13.9152574539, 23.9297542572, 14.5814275742, 4.44142246246, 0.184795349836, 0.00515752797946, 8.67226335686e-05, 9.34994716317e-07, 7.27434246173e-09], "dvar": [0.018221816048, 3.11876702309, 95.2403488159, 77.1622695923, 18.9373168945, 14.1302919388, 46.3860664368, 161.46736145, 880.22454834, 921.466552734, 1356.16235352, 1437.97729492, 3328.65600586, 7028.12597656, 6657.84130859, 5441.62597656, 6440.18603516, 3939.19189453, 10123.5107422, 2637.25, 777.159545898, 461.038726807, 236.340682983, 348.640930176, 132.525726318, 88.6551208496, 54.9457931519, 101.447029114, 94.4675369263, 37.1776618958, 6.84705209732, 8.0620136261, 14.8267869949, 9.34823226929, 2.58447337151, 0.0875916481018, 0.00332084903494, 5.52068013349e-05, 7.18248941212e-07, 2.27565366551e-09], "mean": [0.0443386733532, 0.58570843935, 2.51038813591, 2.07683730125, 1.76375377178, 2.97392010689, 7.2830581665, 10.6792888641, 17.3681507111, 15.5258235931, 16.070016861, 25.5193939209, 33.3508987427, 35.3512458801, 36.1168899536, 35.5758323669, 36.2273330688, 34.9598617554, 47.097366333, 30.0312709808, 19.5465106964, 13.0293750763, 8.9345035553, 7.75964260101, 6.15399456024, 4.31978750229, 3.3189702034, 2.69904184341, 2.29403400421, 1.50463616848, 0.891534030437, 0.779579401016, 0.76498734951, 0.486717700958, 0.23795466125, 0.0572838671505, 0.0132760312408, 0.00204507843591, 0.000227277880185, 3.86476385756e-05]}, "zerocrossingrate": {"min": 0.00146484375, "max": 0.5263671875, "dvar2": 0.000269150972599, "median": 0.04443359375, "dmean2": 0.00991621054709, "dmean": 0.00823991186917, "var": 0.00231454730965, "dvar": 0.000220549947699, "mean": 0.0528667718172}, "spectral_contrast_coeffs": {"min": [-0.979946374893, -0.977307736874, -0.978952765465, -0.99218326807, -0.985168159008, -0.966002225876], "max": [-0.315421909094, -0.392322391272, -0.428725838661, -0.504466295242, -0.598374187946, -0.600183010101], "dvar2": [0.00346541590989, 0.00336470780894, 0.00211683590896, 0.00138491892722, 0.0006877531996, 0.000953190086875], "median": [-0.673306107521, -0.721596777439, -0.77482265234, -0.795447945595, -0.812334775925, -0.784414887428], "dmean2": [0.0699976012111, 0.0693621858954, 0.0565234161913, 0.0466867089272, 0.0315133333206, 0.027397364378], "dmean": [0.0422014780343, 0.0433187037706, 0.0357378385961, 0.0286264047027, 0.0190934874117, 0.0179673954844], "var": [0.0104414029047, 0.00759839871898, 0.00595724303275, 0.00378753431141, 0.00212403410114, 0.00315087963827], "dvar": [0.00133773835842, 0.00133241689764, 0.000861913664266, 0.000558136438485, 0.000274093472399, 0.000443766301032], "mean": [-0.676916778088, -0.720355153084, -0.76714193821, -0.788796007633, -0.811953306198, -0.788194894791]}, "dissonance": {"min": 0.195038735867, "max": 0.500000119209, "dvar2": 0.00147700309753, "median": 0.463406950235, "dmean2": 0.0364032760262, "dmean": 0.0220886301249, "var": 0.00185879447963, "dvar": 0.000556662504096, "mean": 0.450527995825}, "spectral_energyband_high": {"min": 6.77365036585e-21, "max": 0.0370060764253, "dvar2": 1.62440608165e-06, "median": 4.22694465669e-05, "dmean2": 0.00023998467077, "dmean": 0.000165048433701, "var": 1.05060814803e-06, "dvar": 7.0528545848e-07, "mean": 0.000304434099235}, "spectral_skewness": {"min": -0.727002084255, "max": 6.97163295746, "dvar2": 0.187775224447, "median": 1.89053153992, "dmean2": 0.403899818659, "dmean": 0.25585475564, "var": 0.420265048742, "dvar": 0.0822184458375, "mean": 1.92641413212}, "spectral_flux": {"min": 6.39578112693e-11, "max": 0.42985662818, "dvar2": 0.00241424655542, "median": 0.0428234376013, "dmean2": 0.0292082764208, "dmean": 0.0183212272823, "var": 0.00312620657496, "dvar": 0.00101316871587, "mean": 0.057960961014}, "silence_rate_30dB": {"min": 0, "max": 1, "dvar2": 0.0416887626052, "median": 1, "dmean2": 0.0331450104713, "dmean": 0.0165712572634, "var": 0.0129327047616, "dvar": 0.0162966959178, "mean": 0.986894607544}, "spectral_energyband_middle_high": {"min": 1.09151419465e-21, "max": 0.1556237638, "dvar2": 5.62766181247e-05, "median": 0.00144081865437, "dmean2": 0.00290934182703, "dmean": 0.00195666542277, "var": 0.000124703758047, "dvar": 2.47822863457e-05, "mean": 0.00580342579633}, "barkbands_spread": {"min": 0.132939383388, "max": 107.529205322, "dvar2": 111.339309692, "median": 14.9691038132, "dmean2": 7.66591930389, "dmean": 4.79325819016, "var": 132.702041626, "dvar": 46.4971618652, "mean": 17.3588466644}, "spectral_centroid": {"min": 87.8721923828, "max": 11585.7060547, "dvar2": 229384.640625, "median": 1035.21972656, "dmean2": 308.308441162, "dmean": 200.683959961, "var": 907794.25, "dvar": 106711.695312, "mean": 1203.7755127}, "pitch_salience": {"min": 0.038951870054, "max": 0.852998375893, "dvar2": 0.0154400868341, "median": 0.550329685211, "dmean2": 0.125692412257, "dmean": 0.0766029730439, "var": 0.0196369308978, "dvar": 0.00595039268956, "mean": 0.537477791309}, "erbbands_skewness": {"min": -6.74990606308, "max": 8.66646385193, "dvar2": 0.356033831835, "median": 0.264182329178, "dmean2": 0.61203700304, "dmean": 0.396782189608, "var": 1.07168340683, "dvar": 0.159373059869, "mean": 0.404900401831}, "erbbands_crest": {"min": 2.15010476112, "max": 33.0739402771, "dvar2": 15.7532625198, "median": 8.88007354736, "dmean2": 4.2812666893, "dmean": 2.69898581505, "var": 26.1801147461, "dvar": 6.58945989609, "mean": 10.1556215286}, "melbands": {"min": [1.64659291734e-24, 1.10274668726e-24, 9.46256898221e-25, 6.4592157717e-25, 1.68573481495e-24, 1.12873275155e-24, 1.89778397893e-24, 1.98429677669e-24, 2.67958201526e-24, 2.14880878809e-24, 7.43968162308e-25, 2.67636878757e-24, 2.47228238557e-24, 2.57040208825e-24, 1.80204860834e-24, 3.55970170265e-24, 2.54189285235e-24, 3.88590436443e-24, 2.69566629747e-24, 3.01344964402e-24, 2.80651012934e-24, 3.75899794403e-24, 3.59651350236e-24, 4.21344532874e-24, 3.71794601695e-24, 3.88428128312e-24, 3.93533793863e-24, 4.83195606021e-24, 4.86673772638e-24, 5.75944822547e-24, 6.06576567598e-24, 5.13599922473e-24, 6.23548318328e-24, 6.2639370017e-24, 5.41875813317e-24, 5.1438854672e-24, 6.36323250156e-24, 6.80445778864e-24, 6.35394090339e-24, 5.81905100559e-24], "max": [0.0186936464161, 0.0534743703902, 0.0205093584955, 0.00505552440882, 0.00446268776432, 0.0054553411901, 0.00897711422294, 0.0121098281816, 0.0113345747814, 0.00629909336567, 0.012596978806, 0.0158394034952, 0.0105505408719, 0.0117202587426, 0.00849012285471, 0.0104401288554, 0.00433689216152, 0.00667176675051, 0.00477297231555, 0.00323545560241, 0.00150944653433, 0.00105299032293, 0.000977095682174, 0.000496941036545, 0.00136948144063, 0.000653991883155, 0.000343183754012, 0.000371252943296, 0.000390325643821, 0.000230260760873, 0.000324275693856, 0.00025426998036, 0.000237141153775, 0.000186294855666, 0.00010436802404, 4.70239428978e-05, 0.000152695414727, 0.000139519179356, 0.000178809932549, 0.000115207323688], "dvar2": [5.31319528818e-06, 3.61316197086e-05, 4.40257099399e-06, 1.83994828262e-07, 1.09877973387e-07, 1.76054570034e-07, 4.87590511966e-07, 2.58727681057e-07, 1.79412225521e-07, 1.52054681735e-07, 1.90514001019e-07, 2.71504688953e-07, 2.14555001321e-07, 1.55755543574e-07, 8.15582765767e-08, 6.34569730096e-08, 3.64876804326e-08, 7.70687762497e-08, 2.9757153186e-08, 6.98218505235e-09, 3.35736727308e-09, 2.03827577039e-09, 7.18417991763e-10, 4.70682326448e-10, 7.87548304348e-10, 3.4857711162e-10, 1.1374023251e-10, 1.11925066437e-10, 8.33618452045e-11, 4.18383661049e-11, 1.24466173479e-10, 9.67261409857e-11, 4.75550467061e-11, 2.18551496345e-11, 6.23474622624e-12, 2.42752801367e-12, 9.56789855677e-12, 1.64215880477e-11, 2.33028370905e-11, 1.41347940297e-11], "median": [7.16064387234e-05, 0.000219487468712, 9.7824689874e-05, 4.98765220982e-05, 9.06315108296e-05, 9.524874622e-05, 7.2337599704e-05, 2.62753728748e-05, 1.96707351279e-05, 2.80685180769e-05, 2.56292405538e-05, 1.81244249688e-05, 1.76822140929e-05, 1.65037763509e-05, 1.34481615532e-05, 1.40864904097e-05, 1.02357444121e-05, 8.26231280371e-06, 6.52450944472e-06, 5.3687149375e-06, 5.26006442669e-06, 3.50871050614e-06, 1.58068996825e-06, 1.23017821352e-06, 1.08940355403e-06, 1.08667995846e-06, 6.76158606439e-07, 4.6512994345e-07, 3.23680950487e-07, 2.49006433251e-07, 1.61142921229e-07, 1.42445443885e-07, 1.17602532157e-07, 8.48933012776e-08, 6.04390280046e-08, 4.14194438747e-08, 3.95481798421e-08, 3.2231721292e-08, 2.23522249598e-08, 1.25962529296e-08], "dmean2": [0.000635979522485, 0.00172372534871, 0.000484075484565, 0.000137665279908, 0.000165897930856, 0.000194154781639, 0.000235617306316, 0.000147356520756, 0.000115391769214, 0.000138946532388, 0.000133593232022, 0.000126685525174, 0.000119336196803, 0.000102933874587, 7.1782807936e-05, 6.87602878315e-05, 5.70737138332e-05, 6.8328481575e-05, 4.57329442725e-05, 2.51958572335e-05, 2.01799193746e-05, 1.39178109748e-05, 7.6255669228e-06, 6.74217881169e-06, 5.55460337637e-06, 5.09989740749e-06, 2.73475870927e-06, 2.58971772382e-06, 1.92584275283e-06, 1.63257300301e-06, 1.85843794043e-06, 1.78941706963e-06, 1.03156639852e-06, 7.93952040112e-07, 4.97185453696e-07, 3.42025629152e-07, 4.68196759584e-07, 5.55724966489e-07, 5.03236151417e-07, 3.79129573957e-07], "dmean": [0.00038791980478, 0.00104810192715, 0.000299212377286, 8.49495918374e-05, 0.000111723202281, 0.000127587278257, 0.000152979788254, 9.63791826507e-05, 7.52104824642e-05, 9.44661223912e-05, 9.06664354261e-05, 8.08857948869e-05, 7.54966604291e-05, 6.64124891046e-05, 4.60850133095e-05, 4.51119703939e-05, 3.69558838429e-05, 4.24657955591e-05, 2.87010825559e-05, 1.60713861987e-05, 1.21690245578e-05, 8.43187444843e-06, 4.7404828365e-06, 4.17138016928e-06, 3.48214234691e-06, 3.24524808093e-06, 1.76503647253e-06, 1.62569142503e-06, 1.2815082755e-06, 1.0663171679e-06, 1.12590703338e-06, 1.07933760773e-06, 6.79107074575e-07, 5.20836465512e-07, 3.29516666397e-07, 2.29539111274e-07, 3.20528727116e-07, 3.69704537206e-07, 3.34115554779e-07, 2.58145774978e-07], "var": [2.87670332e-06, 1.37567567435e-05, 1.72689510691e-06, 1.03439610655e-07, 1.42961226857e-07, 1.70121893461e-07, 3.56781498567e-07, 2.39141400016e-07, 1.67283815244e-07, 1.96697982346e-07, 2.10243513266e-07, 2.83564162373e-07, 2.10100537856e-07, 1.4644085411e-07, 6.90890900046e-08, 8.25313293262e-08, 3.73704871492e-08, 8.89799451897e-08, 3.57132847739e-08, 6.05771344198e-09, 2.38003217135e-09, 1.34746647174e-09, 5.00364860656e-10, 3.24382076755e-10, 7.55421281085e-10, 2.89845925039e-10, 7.62173241187e-11, 8.84393461242e-11, 5.08809869237e-11, 2.31658824068e-11, 3.77000791696e-11, 3.62139797316e-11, 2.31769117787e-11, 1.15910848628e-11, 3.53178467374e-12, 1.91730962704e-12, 7.86065223329e-12, 1.23870306373e-11, 1.35923971731e-11, 9.54325594243e-12], "dvar": [2.19874141294e-06, 1.49477027662e-05, 1.85559713373e-06, 6.99091273759e-08, 4.71438177385e-08, 7.52561888362e-08, 2.00633664349e-07, 1.12265276186e-07, 7.6474087507e-08, 6.82101770622e-08, 8.54691037944e-08, 1.18124141579e-07, 8.8474074289e-08, 6.80451677226e-08, 3.29693001788e-08, 3.11777590412e-08, 1.70613869699e-08, 3.11094758843e-08, 1.1803339639e-08, 3.04172975696e-09, 1.28491306484e-09, 7.86240128559e-10, 3.01222546906e-10, 1.7618648207e-10, 3.113306557e-10, 1.51517770552e-10, 4.85493069358e-11, 4.70243635697e-11, 3.35057155632e-11, 1.66537946628e-11, 4.52259028838e-11, 3.75345449166e-11, 2.12232800778e-11, 9.81769613523e-12, 2.77678292686e-12, 1.17569615068e-12, 4.73107534052e-12, 7.51870614379e-12, 9.96472522552e-12, 5.99538084109e-12], "mean": [0.000503474439029, 0.00114880921319, 0.000362984836102, 0.000156655965839, 0.000235647385125, 0.000238447653828, 0.000267676630756, 0.000162968441145, 0.000124693557154, 0.000179603070137, 0.000167422796949, 0.000140475531225, 0.000125810285681, 0.000109580119897, 7.74739819462e-05, 7.71818449721e-05, 6.16723482381e-05, 7.62658673921e-05, 5.32552767254e-05, 2.86314771074e-05, 2.14903611777e-05, 1.48741310113e-05, 8.56879159983e-06, 7.35332741897e-06, 6.08328900853e-06, 5.71415648665e-06, 3.0827518458e-06, 2.75229604085e-06, 2.16912417272e-06, 1.72430725343e-06, 1.50203334215e-06, 1.40389056469e-06, 9.7132249266e-07, 7.88164129517e-07, 5.38774145298e-07, 3.86804174468e-07, 5.21388756169e-07, 5.59224815788e-07, 4.80533913105e-07, 3.8793314161e-07]}, "spectral_entropy": {"min": 4.61022567749, "max": 9.82902050018, "dvar2": 0.0757857114077, "median": 7.41673326492, "dmean2": 0.228832006454, "dmean": 0.158561348915, "var": 0.306038826704, "dvar": 0.0378648936749, "mean": 7.38694190979}, "spectral_rolloff": {"min": 21.533203125, "max": 19810.546875, "dvar2": 1548331, "median": 1098.19335938, "dmean2": 625.6953125, "dmean": 370.8644104, "var": 3321415.25, "dvar": 748175.75, "mean": 1423.66906738}, "barkbands": {"min": [9.14357927012e-25, 4.30542690471e-24, 9.35688923104e-25, 1.29025241632e-24, 5.6830975339e-24, 5.61395900315e-24, 1.07739388105e-23, 9.26749768263e-24, 1.25095661195e-23, 9.84257886026e-24, 1.62296945202e-23, 2.38771140838e-23, 2.67947776729e-23, 3.14045589477e-23, 4.001498835e-23, 5.41515966526e-23, 6.45856200323e-23, 9.54761067271e-23, 1.11430124338e-22, 1.6642758814e-22, 1.92265723659e-22, 3.23902576882e-22, 3.79406224328e-22, 6.78731984859e-22, 8.382310266e-22, 1.35283107166e-21, 1.95157634726e-21], "max": [0.00155665224884, 0.0842551961541, 0.144366025925, 0.035397708416, 0.0183521695435, 0.0240963008255, 0.0430055744946, 0.0573523938656, 0.0450440570712, 0.0796546787024, 0.0702245533466, 0.086580991745, 0.0936653614044, 0.0560284927487, 0.080742418766, 0.0353510789573, 0.0229291990399, 0.0154090048745, 0.0237694289535, 0.0088813547045, 0.0103302123025, 0.0111909760162, 0.00702533917502, 0.00937129464, 0.0136781614274, 0.0025037790183, 0.000192427891307], "dvar2": [2.36922019781e-08, 0.000107218831545, 0.000252199592069, 1.04095997813e-05, 3.11949270326e-06, 3.4748447888e-06, 1.15197080959e-05, 7.7105642049e-06, 7.04320427758e-06, 9.51241872826e-06, 1.24548623717e-05, 9.67392043094e-06, 7.46049408917e-06, 5.09594519826e-06, 7.64777905715e-06, 1.03837953702e-06, 6.03629132456e-07, 2.02221627887e-07, 3.06955712404e-07, 7.83500695434e-08, 9.95209106236e-08, 1.45369213556e-07, 2.74583555893e-08, 6.79600518083e-08, 1.45636590787e-07, 3.01720115559e-09, 4.34160069007e-11], "median": [2.16053877011e-06, 0.000367795844795, 0.000376121082809, 9.07454668777e-05, 0.000370607798686, 0.000504902331159, 0.000237475178437, 9.58280652412e-05, 0.000198198700673, 0.000117924246297, 0.000106427432911, 0.000139288196806, 0.000145213780343, 9.66667503235e-05, 0.000104497921711, 7.66366356402e-05, 5.5872642406e-05, 2.75959355349e-05, 2.82078617602e-05, 1.72317086253e-05, 1.05843355414e-05, 6.92245612299e-06, 3.86590181733e-06, 3.24427287524e-06, 1.25900726289e-06, 4.07795113233e-07, 8.12350862134e-08], "dmean2": [3.66122112609e-05, 0.00297805503942, 0.00373214180581, 0.000704461417627, 0.000721780874301, 0.000916353834327, 0.00111440115143, 0.000667166546918, 0.000973100308329, 0.000834289880004, 0.000891931704246, 0.00083283794811, 0.000745305849705, 0.000622387393378, 0.000750362582039, 0.000317832338624, 0.000225274750846, 0.000134841320687, 0.000128597574076, 7.23466728232e-05, 6.65618499625e-05, 6.68944121571e-05, 3.09326205752e-05, 3.75721101591e-05, 3.61529746442e-05, 8.90262890607e-06, 1.1298325262e-06], "dmean": [2.50466346188e-05, 0.00179296906572, 0.00227883132175, 0.000399431650294, 0.000463514501462, 0.000606412824709, 0.000721117190551, 0.000431565393228, 0.000662367499899, 0.000559788604733, 0.00056223483989, 0.00053811824182, 0.000478846166516, 0.000401011813665, 0.000467746751383, 0.000195265369257, 0.000136962640681, 8.37288826006e-05, 8.17449617898e-05, 4.72348983749e-05, 4.33068016719e-05, 4.2344458052e-05, 2.07357352338e-05, 2.59234748228e-05, 2.43156446231e-05, 6.05946434007e-06, 7.90587705524e-07], "var": [1.42262850389e-08, 4.80500493723e-05, 9.23353582039e-05, 2.68207145382e-06, 2.45183355219e-06, 3.89832121073e-06, 8.90709270607e-06, 6.07290712651e-06, 9.46385534917e-06, 1.08395215648e-05, 1.1675724636e-05, 9.03213640413e-06, 8.54345216794e-06, 5.07971026309e-06, 8.7013531811e-06, 7.52839468987e-07, 4.10552303265e-07, 1.31932296199e-07, 2.89018032618e-07, 6.86479566525e-08, 4.80611888065e-08, 6.58639009998e-08, 1.65673004204e-08, 5.82206887145e-08, 1.02025204285e-07, 2.86524381998e-09, 3.01200835107e-11], "dvar": [1.19120704412e-08, 4.14494279539e-05, 0.000105461069325, 3.72526551473e-06, 1.25191752431e-06, 1.4984242398e-06, 4.71051725981e-06, 3.19921673508e-06, 3.20700883094e-06, 4.24442987423e-06, 5.03393948748e-06, 4.22959692514e-06, 3.38799713973e-06, 2.26129100156e-06, 3.00814531329e-06, 4.28323176038e-07, 2.39562353954e-07, 7.76613191533e-08, 1.27046845932e-07, 3.46271669116e-08, 3.88754770597e-08, 6.11600654565e-08, 1.26800046019e-08, 3.30297460494e-08, 6.12086452634e-08, 1.49530521298e-09, 1.81751436817e-11], "mean": [2.8522370485e-05, 0.00220679771155, 0.00227839010768, 0.000469664897537, 0.00095429981593, 0.00120589241851, 0.00122173258569, 0.000675811548717, 0.00125534459949, 0.000942473998293, 0.000887230096851, 0.000898752361536, 0.000810678233393, 0.000661632395349, 0.000842453446239, 0.000347192224581, 0.000245953298872, 0.000152425927809, 0.000148976818309, 8.68290371727e-05, 7.24793571862e-05, 6.05959648965e-05, 3.46762426489e-05, 4.29319552495e-05, 3.85434359487e-05, 8.54227710079e-06, 1.47583807575e-06]}, "melbands_flatness_db": {"min": 0.00360422534868, "max": 0.65409386158, "dvar2": 0.00241438834928, "median": 0.21278475225, "dmean2": 0.0422163642943, "dmean": 0.0277830008417, "var": 0.00544193480164, "dvar": 0.000985835446045, "mean": 0.216396540403}, "melbands_skewness": {"min": -4.83058547974, "max": 29.2334060669, "dvar2": 4.61197042465, "median": 1.52532982826, "dmean2": 1.2037627697, "dmean": 0.756379306316, "var": 5.18740272522, "dvar": 1.51518297195, "mean": 1.93026542664}, "barkbands_skewness": {"min": -7.06495809555, "max": 18.1813716888, "dvar2": 3.08678674698, "median": 0.967268824577, "dmean2": 1.02220761776, "dmean": 0.641418576241, "var": 3.10270261765, "dvar": 1.02504968643, "mean": 1.25126802921}, "silence_rate_60dB": {"min": 0, "max": 1, "dvar2": 0.0802412703633, "median": 0, "dmean2": 0.0759322047234, "dmean": 0.0379632413387, "var": 0.216377288103, "dvar": 0.0365161821246, "mean": 0.316637784243}, "spectral_energyband_low": {"min": 1.09586269257e-23, "max": 0.174778401852, "dvar2": 0.000455910485471, "median": 0.00108607299626, "dmean2": 0.00642154598609, "dmean": 0.00400233641267, "var": 0.000196138615138, "dvar": 0.00019166166021, "mean": 0.00480375811458}, "spectral_energyband_middle_low": {"min": 1.67051154286e-22, "max": 0.0890347659588, "dvar2": 4.98033914482e-05, "median": 0.00340888858773, "dmean2": 0.00351228867657, "dmean": 0.00230523431674, "var": 5.92575888732e-05, "dvar": 2.08774017665e-05, "mean": 0.00607753591612}, "melbands_kurtosis": {"min": -1.95638513565, "max": 1098.24658203, "dvar2": 6506.33300781, "median": 3.44188404083, "dmean2": 15.6570606232, "dmean": 9.05175971985, "var": 2356.61132812, "dvar": 1806.89587402, "mean": 12.5265378952}, "spectral_decrease": {"min": -5.69752600654e-08, "max": 1.84960690551e-28, "dvar2": 3.63693150453e-17, "median": -1.98523486539e-09, "dmean2": 2.48802312086e-09, "dmean": 1.65790703388e-09, "var": 3.54664374806e-17, "dvar": 1.66671913802e-17, "mean": -4.06005007392e-09}, "erbbands_kurtosis": {"min": -1.7587069273, "max": 148.642120361, "dvar2": 24.9187927246, "median": 0.388149499893, "dmean2": 2.26431274414, "dmean": 1.45643103123, "var": 33.6423950195, "dvar": 10.4555969238, "mean": 1.88730943203}, "melbands_crest": {"min": 1.63673424721, "max": 38.775302887, "dvar2": 30.94465065, "median": 13.3342857361, "dmean2": 5.88558912277, "dmean": 3.59736847878, "var": 40.8876457214, "dvar": 11.8303403854, "mean": 14.4561986923}, "gfcc": {"cov": [[29830.09375, 1526.89685059, -3416.890625, 1251.0925293, -794.158874512, 170.769607544, -1109.05895996, -729.819213867, -735.355773926, -325.107910156, -21.4279594421, -177.909637451, 52.9625358582], [1526.89685059, 1458.68786621, -321.529144287, -17.9984416962, 228.611816406, -261.553863525, -25.0953807831, -186.459533691, -64.7279281616, -123.401130676, 37.6847267151, -38.5413017273, 56.0942077637], [-3416.890625, -321.529144287, 1042.80334473, 35.1476783752, 90.2164611816, 85.591178894, 83.5681686401, 82.9360046387, 47.1992416382, 48.8596038818, -15.8013830185, 58.9763145447, -41.7673339844], [1251.0925293, -17.9984416962, 35.1476783752, 620.961853027, 143.347595215, 35.1548118591, -14.1926927567, -81.4751205444, -3.85056304932, -41.4185371399, -38.477645874, -12.8934774399, -14.5309801102], [-794.158874512, 228.611816406, 90.2164611816, 143.347595215, 360.48236084, 8.63582038879, 97.1123809814, 11.3041286469, 35.4717330933, -4.73916244507, -24.5398349762, -4.14746379852, 8.86693000793], [170.769607544, -261.553863525, 85.591178894, 35.1548118591, 8.63582038879, 283.13583374, 70.4387512207, 88.3412704468, 34.3777542114, 33.8661575317, 7.18484067917, 4.88161849976, -12.1220426559], [-1109.05895996, -25.0953807831, 83.5681686401, -14.1926927567, 97.1123809814, 70.4387512207, 288.331939697, 99.4235687256, 70.9042282104, 0.131902649999, -28.3575954437, -7.35659074783, -23.5848445892], [-729.819213867, -186.459533691, 82.9360046387, -81.4751205444, 11.3041286469, 88.3412704468, 99.4235687256, 213.659988403, 92.3234863281, 49.4958992004, -13.3916769028, -17.0177841187, -2.64600586891], [-735.355773926, -64.7279281616, 47.1992416382, -3.85056304932, 35.4717330933, 34.3777542114, 70.9042282104, 92.3234863281, 160.770889282, 67.9937362671, 15.2282972336, 0.706121325493, -4.76538944244], [-325.107910156, -123.401130676, 48.8596038818, -41.4185371399, -4.73916244507, 33.8661575317, 0.131902649999, 49.4958992004, 67.9937362671, 134.117858887, 58.3756484985, 24.2508926392, -7.72569274902], [-21.4279594421, 37.6847267151, -15.8013830185, -38.477645874, -24.5398349762, 7.18484067917, -28.3575954437, -13.3916769028, 15.2282972336, 58.3756484985, 124.689483643, 43.7120323181, 24.9779987335], [-177.909637451, -38.5413017273, 58.9763145447, -12.8934774399, -4.14746379852, 4.88161849976, -7.35659074783, -17.0177841187, 0.706121325493, 24.2508926392, 43.7120323181, 101.974029541, 29.0425624847], [52.9625358582, 56.0942077637, -41.7673339844, -14.5309801102, 8.86693000793, -12.1220426559, -23.5848445892, -2.64600586891, -4.76538944244, -7.72569274902, 24.9779987335, 29.0425624847, 94.8040847778]], "icov": [[0.000129479638417, -0.000229085984756, 0.000367727130651, -0.00036406549043, 0.000384251528885, -0.000415494927438, 0.000305522320559, -0.000146740436321, 0.000430497631896, -0.000276287988527, 0.000295283680316, -0.000187489073141, 0.000131025590235], [-0.000229085984756, 0.00170155172236, -0.000399691780331, 0.000977872172371, -0.00173969683237, 0.00153378036339, -0.000629660498817, 0.00100920710247, -0.00104027660564, 0.00169264362194, -0.00170768494718, 0.0010444681393, -0.000459057831904], [0.000367727130651, -0.000399691780331, 0.00221874797717, -0.00101828901097, 0.000630201247986, -0.00116373831406, 0.000827258918434, -0.000683327496517, 0.00125339010265, -0.000769007368945, 0.000958315795287, -0.00141994562, 0.00101431028452], [-0.00036406549043, 0.000977872172371, -0.00101828901097, 0.0031848330982, -0.00219132914208, 0.000713198562153, -0.000478983827634, 0.00177920039278, -0.00199783453718, 0.0015981150791, -0.000656275951769, 0.000825572467875, -0.000159223054652], [0.000384251528885, -0.00173969683237, 0.000630201247986, -0.00219132914208, 0.00561245903373, -0.00157278869301, -0.000362766149919, -0.000679019489326, 0.00117695366498, -0.00222979160026, 0.00232207938097, -0.000773793202825, -0.000576067192014], [-0.000415494927438, 0.00153378036339, -0.00116373831406, 0.000713198562153, -0.00157278869301, 0.00628211023286, -0.00176860368811, -0.00103525200393, -0.000771855528001, 0.0010171890026, -0.00224919198081, 0.000733303022571, -0.000185259938007], [0.000305522320559, -0.000629660498817, 0.000827258918434, -0.000478983827634, -0.000362766149919, -0.00176860368811, 0.00595644442365, -0.0020473417826, -0.000609516573604, 0.0011238111183, 0.000990644330159, -0.00132358528208, 0.00193079304881], [-0.000146740436321, 0.00100920710247, -0.000683327496517, 0.00177920039278, -0.000679019489326, -0.00103525200393, -0.0020473417826, 0.00965512171388, -0.00405787443742, -0.000985521241091, 0.00110346369911, 0.00265903887339, -0.00224180473015], [0.000430497631896, -0.00104027660564, 0.00125339010265, -0.00199783453718, 0.00117695366498, -0.000771855528001, -0.000609516573604, -0.00405787443742, 0.0122186411172, -0.00577872944996, 0.000961317040492, -0.000426181242801, 0.000167883976246], [-0.000276287988527, 0.00169264362194, -0.000769007368945, 0.0015981150791, -0.00222979160026, 0.0010171890026, 0.0011238111183, -0.000985521241091, -0.00577872944996, 0.0155917955562, -0.00741921691224, -0.000703324680217, 0.0027999880258], [0.000295283680316, -0.00170768494718, 0.000958315795287, -0.000656275951769, 0.00232207938097, -0.00224919198081, 0.000990644330159, 0.00110346369911, 0.000961317040492, -0.00741921691224, 0.014716822654, -0.00423481315374, -0.00219687609933], [-0.000187489073141, 0.0010444681393, -0.00141994562, 0.000825572467875, -0.000773793202825, 0.000733303022571, -0.00132358528208, 0.00265903887339, -0.000426181242801, -0.000703324680217, -0.00423481315374, 0.0143359294161, -0.00445592263713], [0.000131025590235, -0.000459057831904, 0.00101431028452, -0.000159223054652, -0.000576067192014, -0.000185259938007, 0.00193079304881, -0.00224180473015, 0.000167883976246, 0.0027999880258, -0.00219687609933, -0.00445592263713, 0.0137973707169]], "mean": [-108.748420715, 105.037246704, -126.401016235, 11.437166214, -49.8787231445, 10.940114975, -33.0852165222, 4.73636102676, -16.3761768341, 3.21843934059, -10.3695325851, -0.970655620098, -7.04503250122]}, "melbands_spread": {"min": 0.264519572258, "max": 306.543334961, "dvar2": 270.157287598, "median": 18.6199512482, "dmean2": 10.6532335281, "dmean": 6.7216591835, "var": 437.421630859, "dvar": 130.366928101, "mean": 23.0826835632}, "spectral_energy": {"min": 9.35213874065e-21, "max": 0.225649759173, "dvar2": 0.000540664826985, "median": 0.00807926617563, "dmean2": 0.00979406759143, "dmean": 0.0065583451651, "var": 0.000577198748942, "dvar": 0.000250660115853, "mean": 0.0165802240372}, "mfcc": {"cov": [[21588.203125, 1499.24951172, -1794.77478027, 364.977935791, 12.7145204544, 396.328979492, -160.497848511, -259.579742432, -501.443878174, -534.959472656, -450.707641602, -189.997665405, -163.357574463], [1499.24951172, 1874.53625488, -404.957214355, 116.979293823, 61.5521278381, -56.917427063, -22.92370224, -138.778778076, -148.526580811, -161.815338135, -112.29296875, -77.8505249023, -18.7201690674], [-1794.77478027, -404.957214355, 711.359191895, -23.0908622742, 43.4723243713, 17.9909324646, 12.1249713898, 51.5647850037, 24.1932430267, 40.2361373901, 45.800819397, 22.3536167145, 14.185008049], [364.977935791, 116.979293823, -23.0908622742, 501.17477417, 130.112808228, 118.154029846, 7.62726545334, 25.5184593201, 14.0843267441, -33.0445976257, -57.263053894, 1.11309671402, -6.12150144577], [12.7145204544, 61.5521278381, 43.4723243713, 130.112808228, 263.3359375, 74.3524856567, 13.5258588791, -7.84244585037, 15.9735097885, -13.4587717056, -8.30899047852, 11.1322746277, 11.469534874], [396.328979492, -56.917427063, 17.9909324646, 118.154029846, 74.3524856567, 206.422866821, 54.030380249, 50.8015136719, 6.0797495842, 0.344213634729, 6.32050180435, 7.15101718903, -1.07882702351], [-160.497848511, -22.92370224, 12.1249713898, 7.62726545334, 13.5258588791, 54.030380249, 148.717849731, 68.5931777954, 43.0397338867, 19.613035202, 22.1400508881, 3.03778386116, -5.36103343964], [-259.579742432, -138.778778076, 51.5647850037, 25.5184593201, -7.84244585037, 50.8015136719, 68.5931777954, 159.397064209, 92.7506790161, 51.9592857361, 19.0106315613, 10.785399437, -5.75729990005], [-501.443878174, -148.526580811, 24.1932430267, 14.0843267441, 15.9735097885, 6.0797495842, 43.0397338867, 92.7506790161, 171.629150391, 95.6879348755, 45.050994873, 16.8733539581, -3.08105993271], [-534.959472656, -161.815338135, 40.2361373901, -33.0445976257, -13.4587717056, 0.344213634729, 19.613035202, 51.9592857361, 95.6879348755, 155.622665405, 81.4432220459, 30.4426078796, 1.25162029266], [-450.707641602, -112.29296875, 45.800819397, -57.263053894, -8.30899047852, 6.32050180435, 22.1400508881, 19.0106315613, 45.050994873, 81.4432220459, 135.868743896, 52.3342399597, 19.341999054], [-189.997665405, -77.8505249023, 22.3536167145, 1.11309671402, 11.1322746277, 7.15101718903, 3.03778386116, 10.785399437, 16.8733539581, 30.4426078796, 52.3342399597, 91.5620269775, 45.898109436], [-163.357574463, -18.7201690674, 14.185008049, -6.12150144577, 11.469534874, -1.07882702351, -5.36103343964, -5.75729990005, -3.08105993271, 1.25162029266, 19.341999054, 45.898109436, 92.0338668823]], "icov": [[7.1015645517e-05, -7.81804646977e-06, 0.000163679971593, 1.2933916878e-05, 1.13629785119e-05, -0.000186868332094, 8.53353194543e-05, -1.51622598423e-05, 0.000100975717942, 8.96829151316e-05, 9.00189697859e-05, -3.87935506296e-05, 0.000103097852843], [-7.81804646977e-06, 0.000720913580153, 0.000346766464645, -0.000178611284355, -0.000248104246566, 0.00037225583219, -0.000256884814007, 0.000186649776879, 0.000361893326044, 0.000277946004644, -7.99400222604e-05, 0.000434690533439, -9.22186518437e-05], [0.000163679971593, 0.000346766464645, 0.00207229494117, 5.67766837776e-05, -0.000505449890625, -0.000171225110535, 0.000271177879767, -0.000698485120665, 0.000807164004073, 0.000156088164658, -0.000258450367255, 0.000191980609088, 6.19971979177e-05], [1.2933916878e-05, -0.000178611284355, 5.67766837776e-05, 0.00279222615063, -0.000859636929817, -0.00144572765566, 0.000511738995556, -0.000191708197235, -0.000625415472314, 0.000194701817236, 0.00138919940218, -0.000895028526429, 0.00040241406532], [1.13629785119e-05, -0.000248104246566, -0.000505449890625, -0.000859636929817, 0.00510578835383, -0.00171493995003, -0.000239677203353, 0.0018080859445, -0.00175773026422, 0.000643962877803, 0.000308435206534, -0.000615118420683, -0.000392483751057], [-0.000186868332094, 0.00037225583219, -0.000171225110535, -0.00144572765566, -0.00171493995003, 0.00784699711949, -0.00202130246907, -0.00239629345015, 0.00206530885771, -0.000290884199785, -0.00135146069806, 0.000515810446814, -0.000187795536476], [8.53353194543e-05, -0.000256884814007, 0.000271177879767, 0.000511738995556, -0.000239677203353, -0.00202130246907, 0.00935665611178, -0.00343256560154, -0.000741242256481, 0.00113157671876, -0.00147904537152, 0.000563616864383, 0.000417489907704], [-1.51622598423e-05, 0.000186649776879, -0.000698485120665, -0.000191708197235, 0.0018080859445, -0.00239629345015, -0.00343256560154, 0.0123950401321, -0.00581037020311, -0.000457567599369, 0.00188752554823, -0.00114135467447, 0.000412202614825], [0.000100975717942, 0.000361893326044, 0.000807164004073, -0.000625415472314, -0.00175773026422, 0.00206530885771, -0.000741242256481, -0.00581037020311, 0.0129786003381, -0.0056656235829, -0.000377851625672, 0.00071903684875, 0.00015580530453], [8.96829151316e-05, 0.000277946004644, 0.000156088164658, 0.000194701817236, 0.000643962877803, -0.000290884199785, 0.00113157671876, -0.000457567599369, -0.0056656235829, 0.0137177621946, -0.00585984671488, -0.000443761731731, 0.00123483943753], [9.00189697859e-05, -7.99400222604e-05, -0.000258450367255, 0.00138919940218, 0.000308435206534, -0.00135146069806, -0.00147904537152, 0.00188752554823, -0.000377851625672, -0.00585984671488, 0.0143434489146, -0.00636009732261, 0.00047783186892], [-3.87935506296e-05, 0.000434690533439, 0.000191980609088, -0.000895028526429, -0.000615118420683, 0.000515810446814, 0.000563616864383, -0.00114135467447, 0.00071903684875, -0.000443761731731, -0.00636009732261, 0.0190702248365, -0.00816915929317], [0.000103097852843, -9.22186518437e-05, 6.19971979177e-05, 0.00040241406532, -0.000392483751057, -0.000187795536476, 0.000417489907704, 0.000412202614825, 0.00015580530453, 0.00123483943753, 0.00047783186892, -0.00816915929317, 0.0151058631018]], "mean": [-741.04095459, 136.45880127, -14.9232225418, 8.0984992981, 2.05886864662, 4.71793699265, -1.72094905376, 0.149414330721, 0.0711805969477, 2.74703407288, 0.13995975256, 0.0699045881629, 1.87903749943]}, "spectral_contrast_valleys": {"min": [-28.0164279938, -28.1493968964, -27.71600914, -27.6641769409, -27.5022468567, -27.3924503326], "max": [-5.44807815552, -4.69273853302, -4.44420623779, -5.27119493484, -5.23981618881, -6.97490358353], "dvar2": [0.335777044296, 0.214922487736, 0.170494258404, 0.160713806748, 0.206343725324, 0.161767601967], "median": [-8.02187538147, -7.20618486404, -7.49680233002, -7.7871389389, -8.16324615479, -11.1992368698], "dmean2": [0.658972680569, 0.541497945786, 0.470120638609, 0.404858380556, 0.349195718765, 0.306164383888], "dmean": [0.400812983513, 0.33918723464, 0.295896708965, 0.257934987545, 0.242165416479, 0.246996849775], "var": [4.29721164703, 4.7414393425, 4.81245946884, 5.1929473877, 4.74055051804, 3.63056612015], "dvar": [0.148122563958, 0.0995827615261, 0.0824315473437, 0.0852472558618, 0.117538914084, 0.114880211651], "mean": [-8.52890777588, -7.7538895607, -8.02196216583, -8.39293193817, -8.70066928864, -11.4445676804]}, "barkbands_flatness_db": {"min": 0.0331697240472, "max": 0.521389126778, "dvar2": 0.00198546191677, "median": 0.147055357695, "dmean2": 0.0368064157665, "dmean": 0.0237049274147, "var": 0.00323182786815, "dvar": 0.000725205172785, "mean": 0.151349276304}, "dynamic_complexity": 8.5614118576, "erbbands_flatness_db": {"min": 0.0280546806753, "max": 0.464780777693, "dvar2": 0.00057887355797, "median": 0.186024263501, "dmean2": 0.024762582