{"lowlevel": {"spectral_complexity": {"min": 0, "max": 58, "dvar2": 76.768081665, "median": 9, "dmean2": 6.73443365097, "dmean": 4.87192630768, "var": 172.991073608, "dvar": 47.0106391907, "mean": 13.7793045044}, "silence_rate_20dB": {"min": 1, "max": 1, "dvar2": 0, "median": 1, "dmean2": 0, "dmean": 0, "var": 0, "dvar": 0, "mean": 1}, "average_loudness": 0.945599615574, "erbbands_spread": {"min": 0.365953683853, "max": 247.735565186, "dvar2": 861.954345703, "median": 29.8626766205, "dmean2": 21.6047344208, "dmean": 14.1700172424, "var": 835.244018555, "dvar": 379.83984375, "mean": 36.6933479309}, "spectral_kurtosis": {"min": -1.1874486208, "max": 1174.98388672, "dvar2": 895.233276367, "median": 4.60265779495, "dmean2": 7.48533058167, "dmean": 4.90797996521, "var": 510.024749756, "dvar": 383.436706543, "mean": 9.03722953796}, "barkbands_kurtosis": {"min": -1.93604099751, "max": 9915.93066406, "dvar2": 149808.46875, "median": 4.06671762466, "dmean2": 68.2049636841, "dmean": 44.3747901917, "var": 108426.898438, "dvar": 60581.296875, "mean": 61.2024497986}, "spectral_strongpeak": {"min": 0, "max": 10.4419059753, "dvar2": 1.30334579945, "median": 0.441631436348, "dmean2": 0.730977654457, "dmean": 0.453534156084, "var": 1.14134442806, "dvar": 0.549905061722, "mean": 0.835637032986}, "spectral_spread": {"min": 184918.296875, "max": 26778120, "dvar2": 4147274842110.0, "median": 4953464, "dmean2": 1515176.75, "dmean": 1052695.75, "var": 5560777834500.0, "dvar": 1974425878530.0, "mean": 5269245.5}, "spectral_rms": {"min": 4.43171614961e-08, "max": 0.0117527870461, "dvar2": 2.9701755011e-06, "median": 0.00394993182272, "dmean2": 0.00138804339804, "dmean": 0.0010279645212, "var": 6.38459096081e-06, "dvar": 1.78614220658e-06, "mean": 0.00422404892743}, "erbbands": {"min": [1.35357220224e-13, 6.96428266618e-13, 1.90469450108e-12, 5.30607068699e-12, 5.40283789929e-12, 6.68271080834e-12, 3.37107945725e-11, 3.59003209105e-11, 4.47660762626e-11, 1.73136421866e-10, 4.15804231324e-11, 6.33631827562e-11, 1.92663912602e-10, 3.24541504781e-10, 3.92649524006e-10, 2.68760846911e-10, 4.13964279522e-10, 6.98451185777e-10, 8.97183938253e-10, 1.03732356038e-09, 1.84567516825e-09, 1.75775438649e-09, 1.22344212539e-09, 1.7099922589e-09, 2.27545626785e-09, 2.74879030648e-09, 3.51635143225e-09, 2.80386491802e-09, 3.2593330257e-09, 3.01017077931e-09, 3.32578897755e-09, 2.5897488598e-09, 3.24939319896e-09, 2.05824179922e-09, 1.3885887995e-09, 9.98110594175e-10, 6.04002736715e-10, 2.47623754834e-10, 6.4583664805e-11, 6.65569422492e-12], "max": [6.28116798401, 21.782201767, 57.3366165161, 102.160217285, 357.917297363, 570.861999512, 523.136291504, 810.178649902, 1193.83703613, 1590.0760498, 1448.47631836, 1783.99719238, 1206.75439453, 1935.14990234, 1480.42468262, 2359.17871094, 2249.23242188, 1286.52636719, 834.381713867, 613.310241699, 1149.27319336, 546.853210449, 394.141571045, 473.734985352, 425.751953125, 386.373901367, 571.435546875, 443.108093262, 418.071716309, 293.517425537, 339.600341797, 211.489761353, 184.009429932, 132.726409912, 65.1650085449, 10.2395572662, 3.01372599602, 0.598878860474, 0.0935695320368, 0.00717342551798], "dvar2": [0.647948026657, 6.51885843277, 119.878814697, 236.043151855, 854.44732666, 745.167175293, 803.863586426, 1672.94689941, 5130.42138672, 6480.04345703, 2745.72802734, 5208.34765625, 3600.37329102, 2861.76123047, 2357.31079102, 2495.98486328, 4198.24072266, 3766.3449707, 4420.87207031, 3496.11010742, 2067.59692383, 1266.82727051, 1029.83740234, 969.889038086, 593.56829834, 208.639968872, 226.240615845, 167.213287354, 203.766845703, 129.15222168, 97.3617172241, 60.5744361877, 32.8378105164, 12.1364936829, 2.74514079094, 0.213032901287, 0.161570683122, 0.00772751122713, 0.000120714466902, 2.57317253727e-07], "median": [0.0132510345429, 0.194439098239, 0.261200964451, 0.588536083698, 1.50433206558, 1.94848108292, 2.38859272003, 3.47580242157, 4.16671705246, 4.14452075958, 3.89696764946, 3.16292190552, 3.23908734322, 2.64123773575, 3.00599527359, 3.09791612625, 3.38003635406, 3.31750440598, 3.5576145649, 3.35638809204, 2.93459415436, 1.99759423733, 2.23211979866, 1.83190834522, 1.2439249754, 0.961060225964, 0.865119755268, 0.85462898016, 0.92392551899, 0.717911779881, 0.471399486065, 0.330184876919, 0.336431831121, 0.192041441798, 0.0982432067394, 0.0327995866537, 0.0112895276397, 0.00220012501813, 0.000307119509671, 5.35757317266e-05], "dmean2": [0.288498491049, 0.986297547817, 3.24684715271, 6.73943281174, 11.4125909805, 10.2885799408, 12.0961084366, 17.6998157501, 26.2393932343, 27.2535171509, 20.1821842194, 21.243478775, 21.2514743805, 19.109577179, 20.9735679626, 21.2813777924, 26.1986122131, 25.9834480286, 32.4410858154, 30.1705284119, 20.9417934418, 16.3460044861, 16.0395812988, 14.7636165619, 11.6945800781, 7.27167272568, 6.2508687973, 4.98541259766, 5.24432134628, 3.99240279198, 3.21776390076, 2.46215224266, 1.55494844913, 1.01630675793, 0.541768074036, 0.201320290565, 0.16122174263, 0.0361672490835, 0.00486753042787, 0.000257496838458], "dmean": [0.2047008425, 0.736281812191, 1.84866571426, 4.25308561325, 8.05651187897, 6.23881626129, 7.458507061, 11.0641975403, 16.8826656342, 17.5477352142, 13.1867074966, 13.7134695053, 14.0038671494, 12.5156488419, 13.7166309357, 14.7149429321, 17.7548389435, 17.9990139008, 21.432844162, 18.9896965027, 13.8526859283, 10.6728773117, 9.96924209595, 9.14360523224, 7.30383205414, 4.84991359711, 4.38604593277, 3.74222445488, 3.84450340271, 3.01151537895, 2.21999692917, 1.70133662224, 1.14142727852, 0.732408046722, 0.386568963528, 0.153101965785, 0.10984864831, 0.0250274110585, 0.00367817422375, 0.000215872132685], "var": [0.614242315292, 8.95214366913, 30.5450439453, 122.414291382, 840.691467285, 522.78717041, 538.746765137, 1516.00439453, 4130.74121094, 4691.69189453, 3943.8918457, 4465.88623047, 3557.65625, 3108.76782227, 3130.73291016, 3260.11645508, 6584.94189453, 3318.46435547, 3533.44360352, 2479.5949707, 1535.10949707, 837.355651855, 553.34942627, 521.473937988, 314.030273438, 178.228546143, 210.532623291, 177.13999939, 205.706451416, 133.979827881, 77.793510437, 59.280632019, 35.544052124, 13.0454311371, 2.59387850761, 0.275563389063, 0.0875048264861, 0.0044230138883, 0.000118624157039, 4.76940272165e-07], "dvar": [0.378874480724, 4.41744041443, 43.1348838806, 99.6225509644, 453.083831787, 307.437927246, 327.802429199, 713.98236084, 2250.78149414, 2744.21435547, 1258.65881348, 2238.4362793, 1661.6986084, 1368.7310791, 1170.80810547, 1281.01464844, 2027.42858887, 1752.25537109, 1975.95861816, 1373.92480469, 891.772766113, 546.707580566, 406.743225098, 400.06463623, 232.87449646, 96.943572998, 109.126846313, 82.9295501709, 98.5985107422, 67.2197265625, 46.91040802, 31.3637752533, 16.755279541, 6.06905937195, 1.30225753784, 0.120832897723, 0.0694613456726, 0.00331473746337, 5.85143934586e-05, 1.60774717983e-07], "mean": [0.27828258276, 1.15785300732, 1.77553534508, 4.81179332733, 11.7127065659, 8.31171894073, 10.0853261948, 16.1380329132, 23.8286266327, 25.2776584625, 20.7972660065, 20.4290561676, 21.5516605377, 19.2596588135, 21.8621635437, 23.0499458313, 28.2903137207, 26.2216129303, 29.7572402954, 25.7031230927, 19.4773654938, 14.60343647, 12.8693161011, 11.7593364716, 9.46704101562, 6.92208242416, 6.30574417114, 5.72253274918, 6.09006404877, 4.59389209747, 3.28876137733, 2.4906437397, 1.74957168102, 1.09653258324, 0.548703253269, 0.222566187382, 0.138444706798, 0.0323864743114, 0.00543154357001, 0.000361137615982]}, "zerocrossingrate": {"min": 0.00146484375, "max": 0.51953125, "dvar2": 0.00066445604898, "median": 0.0478515625, "dmean2": 0.0175149422139, "dmean": 0.0159950144589, "var": 0.00327970739454, "dvar": 0.000550462922547, "mean": 0.0614016465843}, "spectral_contrast_coeffs": {"min": [-0.982910215855, -0.975574851036, -0.975400626659, -0.968960881233, -0.947449326515, -0.968569993973], "max": [-0.186664149165, -0.28191614151, -0.371443241835, -0.466009259224, -0.492785155773, -0.548740386963], "dvar2": [0.00677635101601, 0.00560175767168, 0.00396716594696, 0.00262064137496, 0.00187679589726, 0.00135259120725], "median": [-0.648158490658, -0.74509626627, -0.80156570673, -0.810199022293, -0.818104863167, -0.783557891846], "dmean2": [0.0927926003933, 0.0876583233476, 0.0701925382018, 0.0575533546507, 0.0452405922115, 0.0388262458146], "dmean": [0.0608474723995, 0.0560187473893, 0.0451242700219, 0.0377734713256, 0.0299867205322, 0.0270747616887], "var": [0.0170544311404, 0.0133288819343, 0.00904186628759, 0.00660702260211, 0.00397147564217, 0.00296181091107], "dvar": [0.00332435546443, 0.00258578057401, 0.00185704545584, 0.00126931315754, 0.00092185952235, 0.000664710998535], "mean": [-0.631329715252, -0.727226734161, -0.781005084515, -0.791371703148, -0.805492579937, -0.783545315266]}, "dissonance": {"min": 0.0691914707422, "max": 0.500000178814, "dvar2": 0.00243194354698, "median": 0.464866131544, "dmean2": 0.0433294735849, "dmean": 0.0273192748427, "var": 0.00270021567121, "dvar": 0.00101731845643, "mean": 0.448428303003}, "spectral_energyband_high": {"min": 1.42844677059e-12, "max": 0.0289111789316, "dvar2": 1.48714946135e-06, "median": 0.000182108138688, "dmean2": 0.000586492184084, "dmean": 0.000463991367724, "var": 2.46372769652e-06, "dvar": 9.05437389065e-07, "mean": 0.000800565932877}, "spectral_skewness": {"min": -0.693857431412, "max": 30.5481376648, "dvar2": 1.70067226887, "median": 1.74124884605, "dmean2": 0.712595939636, "dmean": 0.486243635416, "var": 2.01494622231, "dvar": 0.85169172287, "mean": 2.04018545151}, "spectral_flux": {"min": 1.00591512364e-06, "max": 0.327070355415, "dvar2": 0.00505563337356, "median": 0.0722134411335, "dmean2": 0.0588343255222, "dmean": 0.0364148765802, "var": 0.00385389453731, "dvar": 0.00210652709939, "mean": 0.0826204419136}, "silence_rate_30dB": {"min": 0, "max": 1, "dvar2": 0.0328547656536, "median": 1, "dmean2": 0.0234071929008, "dmean": 0.0117028271779, "var": 0.0066614667885, "dvar": 0.011566221714, "mean": 0.993294298649}, "spectral_energyband_middle_high": {"min": 2.74891437738e-13, "max": 0.0533786080778, "dvar2": 2.01763141376e-05, "median": 0.00114158308133, "dmean2": 0.00288212741725, "dmean": 0.00215392513201, "var": 4.25500038546e-05, "dvar": 1.13947962745e-05, "mean": 0.00441501289606}, "barkbands_spread": {"min": 0.01440577209, "max": 133.968536377, "dvar2": 305.28527832, "median": 14.4956531525, "dmean2": 11.9312086105, "dmean": 7.91345596313, "var": 266.155944824, "dvar": 130.141906738, "mean": 18.453250885}, "spectral_centroid": {"min": 45.6942176819, "max": 9172.12695312, "dvar2": 637033.8125, "median": 1023.15942383, "dmean2": 534.088439941, "dmean": 361.782226562, "var": 863571.5, "dvar": 296914.96875, "mean": 1217.71020508}, "pitch_salience": {"min": 0.00464453548193, "max": 0.977323651314, "dvar2": 0.0261537656188, "median": 0.526215493679, "dmean2": 0.15662394464, "dmean": 0.100709818304, "var": 0.0396982058883, "dvar": 0.0115374727175, "mean": 0.498875677586}, "erbbands_skewness": {"min": -8.67983436584, "max": 18.9417762756, "dvar2": 2.46721720695, "median": 0.593242645264, "dmean2": 1.17201077938, "dmean": 0.789730727673, "var": 3.62778258324, "dvar": 1.17264592648, "mean": 0.905622184277}, "erbbands_crest": {"min": 2.34488654137, "max": 32.4210205078, "dvar2": 23.3918552399, "median": 8.84880638123, "dmean2": 5.07373380661, "dmean": 3.17351269722, "var": 33.0328369141, "dvar": 10.5650863647, "mean": 10.5430393219}, "melbands": {"min": [2.26635565851e-15, 1.08448275215e-15, 1.04376354903e-15, 4.42239792819e-16, 1.24954670956e-15, 1.01938615257e-15, 8.47104203901e-16, 1.66982677617e-15, 2.63886206105e-16, 4.97900683594e-16, 9.50636088132e-16, 1.1258274891e-15, 8.73827458112e-16, 8.46244306641e-16, 8.72510110121e-16, 7.9100690587e-16, 1.12526897675e-15, 1.28043895406e-15, 1.69380183199e-15, 1.39699005232e-15, 2.28319403822e-15, 1.65217238609e-15, 1.56932790517e-15, 7.10277360338e-16, 1.19384529355e-15, 1.62584416687e-15, 1.42313277133e-15, 1.60073662801e-15, 1.94114688753e-15, 1.99607993878e-15, 1.27322170395e-15, 1.91206739942e-15, 1.27430580024e-15, 1.54655224801e-15, 1.64308954592e-15, 1.85016432581e-15, 1.43429941843e-15, 2.16876412222e-15, 2.14691173097e-15, 1.63846612246e-15], "max": [0.0450070947409, 0.0232546702027, 0.0252853892744, 0.0254035517573, 0.0142927439883, 0.0160191375762, 0.0176110137254, 0.0150152873248, 0.00945270527154, 0.00995930097997, 0.0059354621917, 0.00746354740113, 0.00472007598728, 0.00554481009021, 0.00385490152985, 0.00433194590732, 0.00209334306419, 0.00178331136703, 0.000975479779299, 0.00114063976798, 0.00129335559905, 0.000690785760526, 0.000814803468529, 0.000352330564056, 0.000479932670714, 0.000276684411801, 0.000208719968214, 0.000268056814093, 0.000287837407086, 0.000427865335951, 0.000199452930246, 0.000230498553719, 0.000256979634287, 0.00012534209236, 0.000176357600139, 0.000208271085285, 0.000133423498482, 0.000146444755956, 0.00012860087736, 0.00010798486619], "dvar2": [3.19616119668e-05, 1.50318956003e-05, 9.75743569143e-06, 3.05587286675e-06, 9.54304368861e-07, 7.86093607985e-07, 1.18783952985e-06, 6.63136916046e-07, 1.78060091116e-07, 1.96196523916e-07, 9.34680457476e-08, 5.14627203074e-08, 3.38608892037e-08, 3.44236710248e-08, 2.04522230263e-08, 1.86172144367e-08, 1.58809978501e-08, 1.57339883344e-08, 7.37290006825e-09, 5.29187760279e-09, 3.14724268868e-09, 1.92572136015e-09, 1.43464595759e-09, 7.75674413589e-10, 8.42681979751e-10, 3.86665671703e-10, 2.0239948606e-10, 1.07645281577e-10, 1.12230967575e-10, 9.19951823053e-11, 6.14664291687e-11, 7.79899894665e-11, 7.55982221268e-11, 3.89329957162e-11, 4.03394886939e-11, 3.6811730747e-11, 2.26932847514e-11, 1.99291364661e-11, 1.35701406709e-11, 9.28453581378e-12], "median": [0.000192986059119, 0.000224244606216, 0.000144266203279, 0.000138625488034, 8.48177733133e-05, 7.86935124779e-05, 6.03820662946e-05, 4.25978469138e-05, 2.81287884718e-05, 1.65573474078e-05, 1.42986955325e-05, 9.20070669963e-06, 8.30256703921e-06, 7.57270800023e-06, 7.10457106834e-06, 5.31251089342e-06, 5.25909308635e-06, 4.77629282614e-06, 3.80537312594e-06, 3.33739581038e-06, 2.84100769932e-06, 1.57207318807e-06, 1.948643785e-06, 1.51246683799e-06, 1.26654879296e-06, 9.39802248467e-07, 6.66599987653e-07, 5.43612941328e-07, 5.07564777763e-07, 4.24864026627e-07, 4.82797190671e-07, 5.08557434387e-07, 4.45333142807e-07, 3.60988281045e-07, 2.70582063422e-07, 1.9043487498e-07, 1.84663704772e-07, 2.18634482962e-07, 1.94333182435e-07, 1.42069566778e-07], "dmean2": [0.00207980605774, 0.00128439324908, 0.00136635778472, 0.000718653958756, 0.000420557887992, 0.0003921102616, 0.000403748534154, 0.000285216898192, 0.0001602784032, 0.000132643835968, 0.000107163054054, 7.98185719759e-05, 7.24327182979e-05, 7.15394780855e-05, 5.56497070647e-05, 5.89879746258e-05, 5.09680539835e-05, 5.93480253883e-05, 4.29752108175e-05, 3.65410960512e-05, 2.48861269938e-05, 1.81303839781e-05, 1.75065724761e-05, 1.3464775293e-05, 1.26855720737e-05, 9.77698800853e-06, 6.92551702741e-06, 4.87202714794e-06, 4.47398588221e-06, 3.38321478921e-06, 2.9906511827e-06, 3.33897378368e-06, 2.97724545817e-06, 2.16365765482e-06, 1.97106146516e-06, 1.84878638265e-06, 1.43535555708e-06, 1.09793995762e-06, 1.17512900033e-06, 8.64755691055e-07], "dmean": [0.0014831116423, 0.000771635677665, 0.000932363444008, 0.000475548265968, 0.000260487489868, 0.000245195435127, 0.000259354477748, 0.000184683492989, 0.000104411265056, 8.57277118484e-05, 7.02721736161e-05, 5.19612294738e-05, 4.64486620331e-05, 4.87341894768e-05, 3.85191560781e-05, 3.90197783418e-05, 3.46313026967e-05, 3.84614140785e-05, 2.70487344096e-05, 2.33751834458e-05, 1.61464213306e-05, 1.1679585441e-05, 1.09247821456e-05, 8.22841957415e-06, 7.7871591202e-06, 5.98235465077e-06, 4.36720165453e-06, 3.15944066642e-06, 3.00955275634e-06, 2.34798221754e-06, 2.22401354222e-06, 2.35820698435e-06, 2.06557183446e-06, 1.60573188168e-06, 1.35193863571e-06, 1.22866310903e-06, 9.93799631033e-07, 8.0599784269e-07, 8.1494135884e-07, 6.01491649377e-07], "var": [3.39535690728e-05, 6.92259982316e-06, 7.56547524361e-06, 2.49473100666e-06, 6.99828035522e-07, 7.22764355032e-07, 9.38861376198e-07, 5.75867431962e-07, 2.22004970851e-07, 1.6559881999e-07, 9.02227341726e-08, 5.4335210109e-08, 3.45449144845e-08, 3.47840121151e-08, 3.01151388271e-08, 2.85897119312e-08, 1.2609068456e-08, 1.11570175321e-08, 5.70358560381e-09, 3.87139786895e-09, 2.27244112416e-09, 1.11039621942e-09, 1.00459518482e-09, 3.50498408075e-10, 4.24902724117e-10, 1.93312726937e-10, 1.17869547456e-10, 7.62733279314e-11, 9.06103317377e-11, 6.70740338271e-11, 6.48767359279e-11, 7.23439641526e-11, 6.10493808284e-11, 3.71436215119e-11, 2.70620297005e-11, 2.60542230152e-11, 2.19883070085e-11, 1.84000818054e-11, 1.60788778125e-11, 7.89098127119e-12], "dvar": [1.97028875846e-05, 5.80529786021e-06, 4.78273295812e-06, 1.34242350214e-06, 3.89464901218e-07, 3.35910101512e-07, 5.18399644989e-07, 2.85827212565e-07, 8.11281779534e-08, 8.43417922169e-08, 4.29031636884e-08, 2.41401973966e-08, 1.5441198542e-08, 1.74911765072e-08, 1.09641105084e-08, 9.45499589733e-09, 7.29564986202e-09, 6.94614987751e-09, 3.06647596204e-09, 2.20961737796e-09, 1.39061773208e-09, 8.22366341691e-10, 5.97510041445e-10, 3.01737884678e-10, 3.46819295505e-10, 1.49752307776e-10, 8.28253576834e-11, 4.72496937409e-11, 5.01493048477e-11, 4.18586970641e-11, 3.02886674075e-11, 3.63054621089e-11, 3.50346765488e-11, 1.9844133281e-11, 1.8284410444e-11, 1.699432782e-11, 1.16741945971e-11, 9.63957472871e-12, 7.17307983844e-12, 4.23173605532e-12], "mean": [0.00210848730057, 0.0010947304545, 0.00116333353799, 0.000706970749889, 0.000360989593901, 0.00036121121957, 0.000364040432032, 0.000275895639788, 0.000159208488185, 0.000125382532133, 0.000105280378193, 7.68494501244e-05, 6.79212680552e-05, 7.02142060618e-05, 5.69951007492e-05, 5.8585057559e-05, 4.75099041068e-05, 5.0316521083e-05, 3.66711756214e-05, 3.01241962006e-05, 2.16518583329e-05, 1.47876480696e-05, 1.40605143315e-05, 1.00759680208e-05, 9.58334749157e-06, 7.33071738068e-06, 5.68859195482e-06, 4.27164650318e-06, 4.18627359977e-06, 3.21648053614e-06, 3.37747701451e-06, 3.60715193892e-06, 2.96511279885e-06, 2.38251391238e-06, 1.91518893189e-06, 1.70635576069e-06, 1.42667545333e-06, 1.19921674013e-06, 1.16241778869e-06, 8.60200827901e-07]}, "spectral_entropy": {"min": 2.38123965263, "max": 8.98996448517, "dvar2": 0.364164620638, "median": 7.52195644379, "dmean2": 0.469458907843, "dmean": 0.343211144209, "var": 0.79427498579, "dvar": 0.195288345218, "mean": 7.30798149109}, "spectral_rolloff": {"min": 21.533203125, "max": 19401.4160156, "dvar2": 4699774, "median": 796.728515625, "dmean2": 1067.96582031, "dmean": 649.057067871, "var": 4359438.5, "dvar": 2137780.25, "mean": 1501.20214844}, "barkbands": {"min": [1.20406633425e-15, 3.25899949863e-15, 8.00059623434e-16, 6.04496180115e-16, 1.59568100598e-15, 5.59654150009e-15, 3.69030316965e-15, 3.15662243794e-15, 4.04522183301e-15, 6.16008183726e-15, 6.98141411083e-15, 6.21009913279e-15, 8.26171626906e-15, 1.37496113941e-14, 2.11926067922e-14, 2.38693122207e-14, 2.64822919724e-14, 1.67604204983e-14, 4.74480176015e-14, 4.52450272072e-14, 9.22106019471e-14, 9.03239072078e-14, 1.22791574543e-13, 1.53414417671e-13, 2.04355873586e-13, 2.96555369237e-13, 4.61587311342e-13], "max": [0.0073807570152, 0.134322822094, 0.0599353350699, 0.0721858590841, 0.0987499207258, 0.0666314512491, 0.0748582482338, 0.0753425210714, 0.0639675483108, 0.0350482054055, 0.0398769341409, 0.0474622584879, 0.0437919907272, 0.0191093757749, 0.0141988545656, 0.0173948593438, 0.00976222194731, 0.00727226771414, 0.00671439245343, 0.00755000859499, 0.0140237091109, 0.0125912809744, 0.0103250239044, 0.0107000926509, 0.0109308818355, 0.0015989698004, 0.000585383677389], "dvar2": [1.2068411479e-06, 0.000270853197435, 0.000147881262819, 5.76126985834e-05, 5.42374327779e-05, 1.90671726159e-05, 3.06457441184e-05, 8.94293953024e-06, 8.60099044075e-06, 3.73304146706e-06, 2.30040814131e-06, 2.21266350309e-06, 1.79184178251e-06, 2.18991135625e-06, 1.28388489884e-06, 7.83598920862e-07, 5.00990665842e-07, 3.23300014315e-07, 3.12928875701e-07, 1.03347915115e-07, 1.14343102098e-07, 1.62965491768e-07, 1.08400200816e-07, 1.13163210358e-07, 7.07236722519e-08, 1.85508657324e-08, 5.31268762316e-09], "median": [1.55163179443e-05, 0.000843362591695, 0.000129474268761, 0.000179767506779, 0.000700401433278, 0.000397211901145, 0.00023748743115, 0.000139000607305, 0.00011284663924, 7.87328317529e-05, 4.15156537201e-05, 6.12899602856e-05, 5.26439253008e-05, 6.00638813921e-05, 5.34830178367e-05, 5.31214682269e-05, 3.03594133584e-05, 3.60679987352e-05, 2.88986702799e-05, 1.83139873116e-05, 2.16022963286e-05, 2.65340568149e-05, 1.74878296093e-05, 2.06646091101e-05, 1.62040087162e-05, 6.54762379781e-06, 1.76494165771e-06], "dmean2": [0.000418905663537, 0.00618418492377, 0.00347089301795, 0.00296381465159, 0.00317911221646, 0.00197652401403, 0.0019880165346, 0.00109786156099, 0.000913698284421, 0.000690077664331, 0.000535418046638, 0.000590533833019, 0.000553539255634, 0.000677031988744, 0.00058778678067, 0.000417584175011, 0.000322761217831, 0.000283367844531, 0.000281737564364, 0.000160073890584, 0.000136040951475, 0.000145321580931, 0.000110647742986, 9.98085160973e-05, 8.05733070592e-05, 6.24402819085e-05, 3.16730802297e-05], "dmean": [0.00026783006615, 0.00446746405214, 0.00192882481497, 0.00208135088906, 0.00198658020236, 0.00122208171524, 0.00126776762772, 0.000708434847184, 0.000587600225117, 0.000453384680441, 0.000335584190907, 0.000397183815949, 0.000376005918952, 0.000437374750618, 0.000369161367416, 0.00027800121461, 0.000207087316085, 0.000173755906872, 0.00017358380137, 0.00010553291213, 9.96605740511e-05, 0.000106202438474, 7.9292083683e-05, 7.22126787878e-05, 5.86826790823e-05, 4.46516351076e-05, 2.43633476202e-05], "var": [7.21507262824e-07, 0.000314436590998, 3.40036276611e-05, 5.06145588588e-05, 3.8017926272e-05, 1.69272097992e-05, 2.14720203076e-05, 1.19506721603e-05, 6.98498888596e-06, 3.56850409844e-06, 1.85767328276e-06, 2.21791879085e-06, 3.11133157993e-06, 1.58923580784e-06, 1.09221718958e-06, 5.73594547859e-07, 3.33555533416e-07, 1.5594335423e-07, 1.62612025179e-07, 8.19784276018e-08, 1.16898291935e-07, 1.58719672072e-07, 9.73299805196e-08, 1.25078813085e-07, 7.30258165049e-08, 1.55835717663e-08, 4.85615370138e-09], "dvar": [4.7501302447e-07, 0.000172873056727, 5.26597868884e-05, 3.02503867715e-05, 2.19867852138e-05, 8.12764210423e-06, 1.30633879962e-05, 4.07802281188e-06, 3.67352026842e-06, 1.66751863162e-06, 1.03042680166e-06, 1.0868973277e-06, 8.82911592726e-07, 9.87854264167e-07, 5.52632059225e-07, 3.33835856736e-07, 2.20305807375e-07, 1.26134295897e-07, 1.24620527231e-07, 4.67723140218e-08, 5.76598857549e-08, 7.88876874935e-08, 5.45450120626e-08, 5.97747558118e-08, 3.47390987088e-08, 8.95579876925e-09, 2.57189691766e-09], "mean": [0.000352659728378, 0.00660908641294, 0.00156908505596, 0.00263213226572, 0.00292341015302, 0.00177161337342, 0.00169326306786, 0.00108003930654, 0.000861270644236, 0.000678037351463, 0.000454949215055, 0.000574168749154, 0.000592926575337, 0.000566290633287, 0.000513077015057, 0.00037658266956, 0.000275183294434, 0.000216295011342, 0.000215537758777, 0.000147000348079, 0.000147085651406, 0.000166998506756, 0.000119446776807, 0.000111680608825, 8.74779361766e-05, 6.08068803558e-05, 3.49149413523e-05]}, "melbands_flatness_db": {"min": 0.00322304619476, "max": 1, "dvar2": 0.00693548144773, "median": 0.225301235914, "dmean2": 0.0677068904042, "dmean": 0.0507892146707, "var": 0.0233920905739, "dvar": 0.00379543239251, "mean": 0.263845413923}, "melbands_skewness": {"min": -6.73707580566, "max": 72.267791748, "dvar2": 23.6121997833, "median": 2.48017692566, "dmean2": 2.62805175781, "dmean": 1.79428112507, "var": 25.2401275635, "dvar": 10.4546928406, "mean": 3.80556797981}, "barkbands_skewness": {"min": -8.93411540985, "max": 70.1713943481, "dvar2": 22.175699234, "median": 1.65775167942, "dmean2": 2.30890989304, "dmean": 1.58583211899, "var": 23.6132335663, "dvar": 9.69247150421, "mean": 2.8831679821}, "silence_rate_60dB": {"min": 0, "max": 1, "dvar2": 0.142407417297, "median": 0, "dmean2": 0.146886706352, "dmean": 0.0734385251999, "var": 0.12778185308, "dvar": 0.0680369511247, "mean": 0.150417461991}, "spectral_energyband_low": {"min": 1.49647750246e-14, "max": 0.140370935202, "dvar2": 0.000314867123961, "median": 0.00267064152285, "dmean2": 0.00809763744473, "dmean": 0.00541410967708, "var": 0.000403315905714, "dvar": 0.000181677925866, "mean": 0.00928380526602}, "spectral_energyband_middle_low": {"min": 4.42348862075e-14, "max": 0.104554213583, "dvar2": 0.000186791279702, "median": 0.00536262569949, "dmean2": 0.00788224395365, "dmean": 0.00559145351872, "var": 0.000217943801545, "dvar": 9.1370777227e-05, "mean": 0.0112226679921}, "melbands_kurtosis": {"min": -1.96591687202, "max": 6273.06005859, "dvar2": 127686.789062, "median": 9.97782897949, "dmean2": 89.130859375, "dmean": 57.5075836182, "var": 71706.5, "dvar": 51301.5273438, "mean": 73.0484390259}, "spectral_decrease": {"min": -3.73212003524e-08, "max": 3.11071897408e-11, "dvar2": 2.92696503176e-17, "median": -3.89197651884e-09, "dmean2": 3.76288378234e-09, "dmean": 2.65329025417e-09, "var": 4.2069052687e-17, "dvar": 1.65955178345e-17, "mean": -6.15014794647e-09}, "erbbands_kurtosis": {"min": -1.96960103512, "max": 567.999389648, "dvar2": 1199.1907959, "median": 0.863729953766, "dmean2": 8.61203765869, "dmean": 5.45540475845, "var": 888.100097656, "dvar": 514.262878418, "mean": 6.4656586647}, "melbands_crest": {"min": 1.57645356655, "max": 39.8601264954, "dvar2": 37.9394798279, "median": 16.7043876648, "dmean2": 6.55230522156, "dmean": 4.23588514328, "var": 67.9230880737, "dvar": 17.5070152283, "mean": 17.8450870514}, "gfcc": {"cov": [[24632.9160156, -1777.26721191, -3262.69848633, -1138.45507812, -1403.01708984, -606.227233887, -1130.61035156, -386.86541748, -828.735168457, -43.1963500977, -677.678161621, -128.844909668, -515.166442871], [-1777.26721191, 3364.29101562, 728.749755859, 20.4358730316, 101.409896851, -189.003845215, 150.485534668, 8.2941570282, 227.228790283, -70.0065078735, 228.732955933, -33.504119873, 241.202148438], [-3262.69848633, 728.749755859, 2824.03076172, 760.570495605, 341.808380127, 204.711746216, 104.828163147, 124.308563232, 65.8206176758, -42.3294448853, 68.48878479, 11.4360513687, 113.612846375], [-1138.45507812, 20.4358730316, 760.570495605, 1186.16540527, 205.785354614, 168.176895142, 82.3100509644, 26.5790233612, 95.4772109985, -79.5583343506, 52.9598731995, -31.4536857605, 74.5165100098], [-1403.01708984, 101.409896851, 341.808380127, 205.785354614, 1008.29510498, 271.4012146, 337.842651367, 147.063720703, 100.192100525, 39.6283950806, 47.1614227295, -42.557849884, -16.2924060822], [-606.227233887, -189.003845215, 204.711746216, 168.176895142, 271.4012146, 467.721984863, 237.661621094, 149.94354248, 91.1459884644, 55.7786521912, 60.0591316223, -7.45105600357, 22.6519603729], [-1130.61035156, 150.485534668, 104.828163147, 82.3100509644, 337.842651367, 237.661621094, 428.648773193, 192.125671387, 160.892944336, 67.0463943481, 103.175186157, 14.5265645981, 30.5258674622], [-386.86541748, 8.2941570282, 124.308563232, 26.5790233612, 147.063720703, 149.94354248, 192.125671387, 356.982055664, 198.645965576, 135.052490234, 112.105895996, 60.8509368896, 70.1921920776], [-828.735168457, 227.228790283, 65.8206176758, 95.4772109985, 100.192100525, 91.1459884644, 160.892944336, 198.645965576, 310.72756958, 132.520965576, 135.284332275, 46.5185585022, 78.3736190796], [-43.1963500977, -70.0065078735, -42.3294448853, -79.5583343506, 39.6283950806, 55.7786521912, 67.0463943481, 135.052490234, 132.520965576, 210.889953613, 105.057792664, 71.6584625244, 31.3993492126], [-677.678161621, 228.732955933, 68.48878479, 52.9598731995, 47.1614227295, 60.0591316223, 103.175186157, 112.105895996, 135.284332275, 105.057792664, 212.073471069, 84.9195480347, 84.8495483398], [-128.844909668, -33.504119873, 11.4360513687, -31.4536857605, -42.557849884, -7.45105600357, 14.5265645981, 60.8509368896, 46.5185585022, 71.6584625244, 84.9195480347, 152.466583252, 69.597114563], [-515.166442871, 241.202148438, 113.612846375, 74.5165100098, -16.2924060822, 22.6519603729, 30.5258674622, 70.1921920776, 78.3736190796, 31.3993492126, 84.8495483398, 69.597114563, 160.4322052]], "icov": [[6.4137224399e-05, -2.39120727201e-05, 7.25200443412e-05, -2.98239410768e-05, 4.17019946326e-05, -3.76699863409e-05, 0.000128011728521, -0.000128928732011, 0.000157595961355, -0.000124180311104, 0.000147733619087, -4.75944725622e-05, 0.000135833848617], [-2.39120727201e-05, 0.000509388046339, -0.000180562856258, 0.000215209816815, -5.83763430768e-05, 0.000414203939727, -0.000279485306237, 0.000321641215123, -0.000447701342637, 0.000496452848893, -0.000684082624502, 0.000694265763741, -0.000784509058576], [7.25200443412e-05, -0.000180562856258, 0.000580955354962, -0.000353294395609, -5.18252745678e-05, -0.00022252179042, 0.000311468815198, -0.000396792922402, 0.00042203234625, -0.000195622415049, 0.000333745469106, -0.000297346530715, 0.000182113959454], [-2.98239410768e-05, 0.000215209816815, -0.000353294395609, 0.00129269179888, -0.000154161345563, -0.00016800481535, 4.44739744125e-05, 0.000401789264288, -0.000827674870379, 0.00103843479883, -0.000621439074166, 0.000498657755088, -0.000632305571344], [4.17019946326e-05, -5.83763430768e-05, -5.18252745678e-05, -0.000154161345563, 0.00151734321844, -0.000308844493702, -0.000931944930926, -0.000156894791871, 0.000287603761535, -0.000348190107616, 0.000226758173085, 0.000297477759887, 0.000452317850431], [-3.76699863409e-05, 0.000414203939727, -0.00022252179042, -0.00016800481535, -0.000308844493702, 0.00368378893472, -0.00167952955235, -0.000347667810274, 0.000200133858016, -0.000264564703684, -0.00056132057216, 0.00120149808936, -0.00085823162226], [0.000128011728521, -0.000279485306237, 0.000311468815198, 4.44739744125e-05, -0.000931944930926, -0.00167952955235, 0.00528764352202, -0.00151678721886, -0.000757620786317, 0.000702474906575, -0.000622969062533, -0.000492187391501, 0.00116566568613], [-0.000128928732011, 0.000321641215123, -0.000396792922402, 0.000401789264288, -0.000156894791871, -0.000347667810274, -0.00151678721886, 0.00602011429146, -0.00257543777116, -0.00110970088281, -0.000200249327463, -0.000156391877681, -0.00146627880167], [0.000157595961355, -0.000447701342637, 0.00042203234625, -0.000827674870379, 0.000287603761535, 0.000200133858016, -0.000757620786317, -0.00257543777116, 0.00777227757499, -0.0032645186875, -0.000799137575086, 0.00089933059644, -0.000588817580137], [-0.000124180311104, 0.000496452848893, -0.000195622415049, 0.00103843479883, -0.000348190107616, -0.000264564703684, 0.000702474906575, -0.00110970088281, -0.0032645186875, 0.0100215906277, -0.00328527437523, -0.00186164909974, 0.00104339746758], [0.000147733619087, -0.000684082624502, 0.000333745469106, -0.000621439074166, 0.000226758173085, -0.00056132057216, -0.000622969062533, -0.000200249327463, -0.000799137575086, -0.00328527437523, 0.0104953180999, -0.00355358794332, -0.00111221673433], [-4.75944725622e-05, 0.000694265763741, -0.000297346530715, 0.000498657755088, 0.000297477759887, 0.00120149808936, -0.000492187391501, -0.000156391877681, 0.00089933059644, -0.00186164909974, -0.00355358794332, 0.011657487601, -0.00444771908224], [0.000135833848617, -0.000784509058576, 0.000182113959454, -0.000632305571344, 0.000452317850431, -0.00085823162226, 0.00116566568613, -0.00146627880167, -0.000588817580137, 0.00104339746758, -0.00111221673433, -0.00444771908224, 0.0112015083432]], "mean": [-72.4691390991, 70.0230865479, -93.1846084595, 19.4037818909, -49.4031143188, 9.95354270935, -33.6438293457, 4.51794576645, -16.0054187775, 3.73155474663, -12.256814003, 0.983864963055, -9.87422847748]}, "melbands_spread": {"min": 0.0102672437206, "max": 358.106231689, "dvar2": 949.832275391, "median": 13.9670476913, "dmean2": 15.8420972824, "dmean": 10.418422699, "var": 751.356567383, "dvar": 415.259277344, "mean": 21.5270118713}, "spectral_energy": {"min": 2.01311103204e-12, "max": 0.141581207514, "dvar2": 0.000437019014498, "median": 0.0159920118749, "dmean2": 0.0148120708764, "dmean": 0.0104835117236, "var": 0.000648031767923, "dvar": 0.000249322794843, "mean": 0.0248329024762}, "mfcc": {"cov": [[19331.3867188, -319.169433594, -2648.54296875, -997.290100098, -1036.65112305, -646.416687012, -850.985595703, -688.081115723, -594.713012695, -375.082122803, -455.834594727, -427.796539307, -405.523956299], [-319.169433594, 2566.18994141, 463.9815979, 49.6265563965, 21.6132411957, -159.151351929, -2.07437205315, -39.6873931885, 40.3470840454, -39.3038330078, 29.4720954895, 14.8337631226, 65.0666122437], [-2648.54296875, 463.9815979, 2164.32617188, 671.848632812, 339.474761963, 123.034248352, 87.8774261475, 95.6781921387, 85.9300765991, -49.8523788452, 31.7056732178, 13.9068241119, 30.0266494751], [-997.290100098, 49.6265563965, 671.848632812, 847.56817627, 357.767730713, 169.423690796, 95.6368484497, 105.485649109, 67.9152374268, 27.0085716248, -12.7553548813, 28.4271469116, 30.3167743683], [-1036.65112305, 21.6132411957, 339.474761963, 357.767730713, 573.815246582, 235.737503052, 234.557723999, 128.226425171, 142.97996521, 92.9924468994, 58.2683563232, 47.7747497559, 55.3214378357], [-646.416687012, -159.151351929, 123.034248352, 169.423690796, 235.737503052, 376.280853271, 218.43862915, 122.407814026, 70.2417297363, 80.4643707275, 40.685760498, 22.7912902832, 7.27590036392], [-850.985595703, -2.07437205315, 87.8774261475, 95.6368484497, 234.557723999, 218.43862915, 388.169036865, 187.233734131, 144.445205688, 108.164970398, 94.6841201782, 61.6484565735, 56.2632980347], [-688.081115723, -39.6873931885, 95.6781921387, 105.485649109, 128.226425171, 122.407814026, 187.233734131, 250.14440918, 153.001296997, 106.244522095, 88.094581604, 81.0849914551, 61.700088501], [-594.713012695, 40.3470840454, 85.9300765991, 67.9152374268, 142.97996521, 70.2417297363, 144.445205688, 153.001296997, 255.913452148, 143.365386963, 117.504669189, 85.9019165039, 78.5716247559], [-375.082122803, -39.3038330078, -49.8523788452, 27.0085716248, 92.9924468994, 80.4643707275, 108.164970398, 106.244522095, 143.365386963, 222.838363647, 122.013244629, 83.856086731, 62.1941719055], [-455.834594727, 29.4720954895, 31.7056732178, -12.7553548813, 58.2683563232, 40.685760498, 94.6841201782, 88.094581604, 117.504669189, 122.013244629, 223.161331177, 117.533508301, 82.8267211914], [-427.796539307, 14.8337631226, 13.9068241119, 28.4271469116, 47.7747497559, 22.7912902832, 61.6484565735, 81.0849914551, 85.9019165039, 83.856086731, 117.533508301, 177.022659302, 108.501930237], [-405.523956299, 65.0666122437, 30.0266494751, 30.3167743683, 55.3214378357, 7.27590036392, 56.2632980347, 61.700088501, 78.5716247559, 62.1941719055, 82.8267211914, 108.501930237, 180.558074951]], "icov": [[7.23544944776e-05, -5.49084415979e-06, 8.2625716459e-05, -1.54281860887e-05, 3.18739912473e-05, 1.803633495e-05, 6.09954440733e-05, 5.54916950932e-05, 7.69867881445e-07, 1.92528168554e-05, 1.23559948406e-05, 6.25074317213e-05, 5.46739975107e-05], [-5.49084415979e-06, 0.00043413171079, -0.000109562970465, 1.95075135707e-05, -2.43420890911e-05, 0.000265048671281, -0.000156423178851, 0.000157993898029, -0.000104546736111, 6.98751537129e-05, -4.27517916251e-05, 4.86344724777e-05, -0.000150490581291], [8.2625716459e-05, -0.000109562970465, 0.000771678576712, -0.000506246404257, -6.55203766655e-05, -2.39917335421e-05, 0.000151509098941, -2.46542404057e-05, -0.000183930780622, 0.000516493164469, -0.000316967576509, 0.000212491533603, 8.38232444949e-05], [-1.54281860887e-05, 1.95075135707e-05, -0.000506246404257, 0.00209595100023, -0.00105548975989, -0.000297521211905, 0.000526100629941, -0.000619129103143, 0.000247398886131, -0.000187025900232, 0.000698785646819, -0.000363697967259, -7.16338836355e-05], [3.18739912473e-05, -2.43420890911e-05, -6.55203766655e-05, -0.00105548975989, 0.00351109146141, -0.00104657816701, -0.00116459513083, 0.000830116507132, -0.00109179795254, -8.51661316119e-05, 0.000117107731057, 0.000162671567523, -0.000332917057676], [1.803633495e-05, 0.000265048671281, -2.39917335421e-05, -0.000297521211905, -0.00104657816701, 0.00493741827086, -0.00198017200455, -0.000672659545671, 0.00105522584636, -0.000934125797357, 7.45097859181e-05, 0.000171982843312, 0.00069258233998], [6.09954440733e-05, -0.000156423178851, 0.000151509098941, 0.000526100629941, -0.00116459513083, -0.00198017200455, 0.00587222352624, -0.00263488129713, -0.000461206480395, 0.000193582556676, -0.000680146098603, 0.000567857117858, -0.000308215996483], [5.54916950932e-05, 0.000157993898029, -2.46542404057e-05, -0.000619129103143, 0.000830116507132, -0.000672659545671, -0.00263488129713, 0.00883111357689, -0.00322664203122, -0.000363140425179, 0.000275771948509, -0.00153523043264, 7.70545593696e-05], [7.69867881445e-07, -0.000104546736111, -0.000183930780622, 0.000247398886131, -0.00109179795254, 0.00105522584636, -0.000461206480395, -0.00322664203122, 0.00894454028457, -0.00324184331112, -0.00113927200437, 0.000245376082603, -0.00083370693028], [1.92528168554e-05, 6.98751537129e-05, 0.000516493164469, -0.000187025900232, -8.51661316119e-05, -0.000934125797357, 0.000193582556676, -0.000363140425179, -0.00324184331112, 0.00887463334948, -0.00262134615332, -0.000636286393274, 2.97241895169e-05], [1.23559948406e-05, -4.27517916251e-05, -0.000316967576509, 0.000698785646819, 0.000117107731057, 7.45097859181e-05, -0.000680146098603, 0.000275771948509, -0.00113927200437, -0.00262134615332, 0.00895721651614, -0.00397521257401, -0.000264044909272], [6.25074317213e-05, 4.86344724777e-05, 0.000212491533603, -0.000363697967259, 0.000162671567523, 0.000171982843312, 0.000567857117858, -0.00153523043264, 0.000245376082603, -0.000636286393274, -0.00397521257401, 0.0120992343873, -0.00489531969652], [5.46739975107e-05, -0.000150490581291, 8.38232444949e-05, -7.16338836355e-05, -0.000332917057676, 0.00069258233998, -0.000308215996483, 7.70545593696e-05, -0.00083370693028, 2.97241895169e-05, -0.000264044909272, -0.00489531969652, 0.00927270762622]], "mean": [-721.487792969, 109.164237976, 11.9003801346, 15.9490261078, 6.45518159866, 6.04449081421, -2.52861309052, 1.35388147831, 0.312150657177, 0.758755028248, 3.63498926163, -0.0119293527678, 1.51053190231]}, "spectral_contrast_valleys": {"min": [-20.0913314819, -18.9298992157, -18.8368186951, -18.6720161438, -18.1358146667, -19.3567905426], "max": [-5.31681108475, -4.61642742157, -5.00453853607, -5.35613679886, -5.64677476883, -7.22504520416], "dvar2": [0.59482973814, 1.07145512104, 0.958400130272, 1.0730946064, 1.25457000732, 0.995251953602], "median": [-7.97168827057, -7.2054400444, -7.9214682579, -8.29296016693, -8.3189201355, -10.3187704086], "dmean2": [0.84106439352, 0.937323451042, 0.851009011269, 0.857565462589, 0.85885566473, 0.759069859982], "dmean": [0.587566435337, 0.64909940958, 0.620888471603, 0.676696062088, 0.686905264854, 0.625240027905], "var": [2.53007984161, 2.9461915493, 2.99652647972, 3.34354257584, 3.21215367317, 3.08389019966], "dvar": [0.361450999975, 0.580966591835, 0.542580187321, 0.606445133686, 0.705071091652, 0.59905308485], "mean": [-8.3078660965, -7.60464382172, -8.19379520416, -8.50061607361, -8.52370548248, -10.7087640762]}, "barkbands_flatness_db": {"min": 0.0161500554532, "max": 0.990001618862, "dvar2": 0.0051292986609, "median": 0.156405672431, "dmean2": 0.0582204014063, "dmean": 0.0428753569722, "var": 0.0159366428852, "dvar": 0.00280873756856, "mean": 0.189662531018}, "dynamic_complexity": 4.71755743027, "erbbands_flatness_db": {"min": 0.0316532179713, "max": 0.575964570045, "dvar2": 0.00223762867972, "median": 0.161223754287, "dmean2": 0.0423092246056, "dmean": 0.0306246653199, "var": 0.00509537989274, "dvar": 0.00