{"lowlevel": {"spectral_complexity": {"min": 0, "max": 57, "dvar2": 32.2721405029, "median": 20, "dmean2": 5.7969865799, "dmean": 3.77556490898, "var": 155.403915405, "dvar": 15.5975065231, "mean": 21.9610671997}, "silence_rate_20dB": {"min": 1, "max": 1, "dvar2": 0, "median": 1, "dmean2": 0, "dmean": 0, "var": 0, "dvar": 0, "mean": 1}, "average_loudness": 0.903929173946, "erbbands_spread": {"min": 2.70626044273, "max": 209.993789673, "dvar2": 271.093963623, "median": 42.5115814209, "dmean2": 13.4078187943, "dmean": 8.81060504913, "var": 595.497497559, "dvar": 122.078575134, "mean": 48.4608001709}, "spectral_kurtosis": {"min": -1.52384328842, "max": 166.290496826, "dvar2": 66.6287384033, "median": 2.45066356659, "dmean2": 3.15693879128, "dmean": 1.8768581152, "var": 88.4217529297, "dvar": 30.2260475159, "mean": 4.07359933853}, "barkbands_kurtosis": {"min": -1.92448449135, "max": 1203.46557617, "dvar2": 616.262634277, "median": 1.40703463554, "dmean2": 7.04616689682, "dmean": 4.38309717178, "var": 449.458679199, "dvar": 294.997039795, "mean": 5.96686124802}, "spectral_strongpeak": {"min": 0, "max": 18.2689495087, "dvar2": 3.06007909775, "median": 0.365588009357, "dmean2": 0.948883235455, "dmean": 0.54628008604, "var": 1.87466275692, "dvar": 1.17005717754, "mean": 0.884894192219}, "spectral_spread": {"min": 553850.6875, "max": 40316864, "dvar2": 980578140160, "median": 4300419, "dmean2": 613511.1875, "dmean": 431964.53125, "var": 3564712230910.0, "dvar": 657754619904, "mean": 4502484}, "spectral_rms": {"min": 3.24304211957e-12, "max": 0.0133259352297, "dvar2": 2.4467201456e-06, "median": 0.00554548110813, "dmean2": 0.00150643836241, "dmean": 0.000914449628908, "var": 2.58165664491e-06, "dvar": 1.00923557511e-06, "mean": 0.00552415614948}, "erbbands": {"min": [1.54408717958e-22, 1.04413679902e-21, 1.13466634524e-20, 2.02954660183e-20, 1.24730344847e-19, 2.77144356845e-19, 1.06986764946e-19, 2.27110993326e-19, 4.32905645664e-19, 7.80411872418e-19, 1.35698783034e-18, 1.55116465343e-18, 2.05675150589e-18, 1.41865807411e-18, 2.30052266638e-18, 2.4655489209e-18, 4.56690097144e-18, 3.99124240852e-18, 3.02006805609e-18, 6.55214354056e-18, 1.412531168e-17, 1.51308175433e-17, 1.49837531022e-17, 1.26250219429e-17, 1.22323162928e-17, 1.85313934375e-17, 1.4846232671e-17, 1.22367929942e-17, 1.81710735626e-17, 1.45794239101e-17, 1.54228983263e-17, 1.7613765588e-17, 1.25076144083e-17, 1.27628376776e-17, 7.67964158707e-18, 5.74090187123e-18, 3.67142005571e-18, 1.41896423434e-18, 4.48414299872e-19, 4.01729634892e-20], "max": [3.35086488724, 23.1834850311, 78.6627426147, 119.770019531, 204.867340088, 179.446426392, 173.918106079, 250.438064575, 383.586395264, 462.009979248, 1437.85400391, 1182.91552734, 839.330383301, 1014.53662109, 1150.34960938, 1738.86950684, 961.072387695, 845.316040039, 1241.05212402, 1176.75769043, 686.404785156, 549.888122559, 565.007568359, 1017.29553223, 1252.25524902, 560.425720215, 392.035308838, 158.384307861, 181.509597778, 121.347305298, 55.7561340332, 70.684425354, 88.4131317139, 42.5844230652, 19.0280609131, 13.0282554626, 8.45635700226, 1.06381809711, 0.0367920175195, 0.00132649962325], "dvar2": [0.373562037945, 11.2976388931, 69.9605636597, 158.48500061, 996.247131348, 672.936157227, 241.189346313, 404.30569458, 440.406616211, 795.198791504, 19688.34375, 9083.16113281, 3749.79248047, 2511.68164062, 1795.14770508, 4223.38964844, 2548.5065918, 1626.32019043, 6871.61132812, 6437.53662109, 2063.66113281, 1547.7322998, 1553.14074707, 5245.52978516, 1756.83837891, 1310.69995117, 747.116516113, 90.8886413574, 48.8337287903, 21.4798717499, 14.8179922104, 9.49508285522, 10.5564718246, 4.50854682922, 0.511281073093, 0.211070582271, 0.0556197501719, 0.000998634961434, 4.49270874014e-06, 1.47926577654e-08], "median": [0.187613904476, 1.01705360413, 2.40939235687, 3.3983900547, 5.46830177307, 6.76737213135, 6.42289543152, 6.67249107361, 5.25563240051, 5.67131328583, 8.52313804626, 9.23015403748, 8.57489204407, 5.86091804504, 5.23138237, 6.35824108124, 5.48541069031, 8.02843093872, 12.4712896347, 11.1872053146, 12.9201259613, 9.29647445679, 13.6899719238, 19.0144386292, 17.2075233459, 17.6712722778, 15.4396514893, 8.3386964798, 3.8205037117, 1.92393374443, 1.24222397804, 1.01074934006, 0.646876335144, 0.341656833887, 0.0940533876419, 0.0215475317091, 0.00607957225293, 0.000980691052973, 0.000102440113551, 5.25756840943e-05], "dmean2": [0.441529721022, 2.06503820419, 4.28794002533, 6.67291927338, 12.4534721375, 11.8377799988, 9.24065113068, 11.0330953598, 10.6511678696, 13.964430809, 46.7506561279, 41.1891784668, 25.9746932983, 17.0758838654, 14.9289703369, 22.5702800751, 16.7668094635, 19.80651474, 35.0149040222, 31.5363483429, 22.2970752716, 18.2351112366, 19.0861053467, 29.7563323975, 19.2518749237, 17.368894577, 15.0527410507, 6.80188941956, 4.00479221344, 2.60070323944, 1.90036833286, 1.45243775845, 1.18984627724, 0.679749071598, 0.21633015573, 0.0947550758719, 0.0347635447979, 0.00595336174592, 0.000697475334164, 5.69422809349e-05], "dmean": [0.246742114425, 1.24658954144, 2.67445588112, 3.98339867592, 7.35073900223, 7.12435817719, 5.72252559662, 6.81902217865, 6.57393264771, 8.51784992218, 28.9057331085, 26.4051971436, 17.3831768036, 11.2647066116, 9.98000431061, 14.7709093094, 10.9953918457, 12.5765371323, 22.262834549, 20.250535965, 14.375164032, 11.6019525528, 11.8368110657, 18.6094207764, 12.0530509949, 10.6990470886, 9.53254985809, 4.29627084732, 2.58008861542, 1.73513436317, 1.27573728561, 0.991922199726, 0.804229855537, 0.459980845451, 0.158212557435, 0.0663078278303, 0.0234399698675, 0.0040961378254, 0.00048862141557, 3.88794433093e-05], "var": [0.13919608295, 7.35470151901, 35.9961585999, 70.6135864258, 302.592346191, 255.641876221, 224.252563477, 500.767089844, 383.92880249, 620.10333252, 15657.8828125, 17508.8359375, 4805.62695312, 2679.22241211, 4091.0144043, 7501.88964844, 3100.0949707, 1801.51916504, 6249.24414062, 5067.70458984, 1705.27062988, 1333.63098145, 1215.90393066, 3872.14135742, 1775.28967285, 808.890441895, 755.654785156, 103.955039978, 68.2316818237, 46.4345855713, 22.236989975, 16.6524276733, 14.979804039, 4.92548847198, 0.742801427841, 0.149843141437, 0.0180564876646, 0.000411496381275, 4.04312049795e-06, 1.90188487181e-08], "dvar": [0.121796913445, 4.7565946579, 29.0840339661, 60.0877532959, 365.639312744, 242.256225586, 93.1823501587, 155.061431885, 181.541488647, 319.372802734, 6886.27539062, 3871.77905273, 1783.40063477, 1170.88525391, 855.988342285, 2016.66223145, 1179.48254395, 722.536193848, 2893.68969727, 2723.43041992, 882.015563965, 629.212280273, 597.305541992, 2112.04370117, 709.644714355, 454.661651611, 303.606567383, 38.4061698914, 21.2567920685, 10.1503801346, 6.83909463882, 4.727643013, 5.05161428452, 2.08042740822, 0.277837634087, 0.0974178984761, 0.02085002698, 0.000392767833546, 2.13196676668e-06, 7.66387397988e-09], "mean": [0.314204514027, 2.01572537422, 4.33352136612, 5.92741203308, 9.93807315826, 11.4667320251, 11.469912529, 14.6362028122, 11.4264802933, 14.3155574799, 53.0690727234, 57.0148696899, 30.4032649994, 19.9686527252, 20.6480941772, 26.2858562469, 19.7864952087, 22.8326015472, 37.6392326355, 32.760509491, 26.3723316193, 22.2912559509, 23.9767341614, 36.1960067749, 27.2479019165, 23.9600601196, 21.9150619507, 10.509013176, 6.49200773239, 4.49327898026, 3.12137126923, 2.42813920975, 1.80950319767, 0.970726728439, 0.318649798632, 0.114581562579, 0.0374849624932, 0.0076279588975, 0.000981174292974, 0.000106984378363]}, "zerocrossingrate": {"min": 0.001953125, "max": 0.50537109375, "dvar2": 0.000162103329785, "median": 0.05712890625, "dmean2": 0.0111923143268, "dmean": 0.00948211923242, "var": 0.00100739544723, "dvar": 0.000135445574415, "mean": 0.059858456254}, "spectral_contrast_coeffs": {"min": [-0.974949717522, -0.971532642841, -0.959314227104, -0.962928295135, -0.961245179176, -0.957515239716], "max": [-0.318799883127, -0.325043797493, -0.433129429817, -0.457981079817, -0.513585150242, -0.521969020367], "dvar2": [0.00514029618353, 0.00375589495525, 0.00254017929547, 0.00177361886017, 0.000995264272206, 0.000823610869702], "median": [-0.670659184456, -0.73251926899, -0.773230552673, -0.786202311516, -0.791627645493, -0.745543241501], "dmean2": [0.0833044052124, 0.0752566754818, 0.061786301434, 0.0514453947544, 0.0373101383448, 0.0312710627913], "dmean": [0.0505585819483, 0.0463068969548, 0.0394230820239, 0.0326677113771, 0.0236629936844, 0.0200260169804], "var": [0.00691105797887, 0.00680802203715, 0.0066774203442, 0.00474741077051, 0.00334197678603, 0.00527248252183], "dvar": [0.00194137357175, 0.00145622121636, 0.00108655449003, 0.000750374689233, 0.000442846649094, 0.000368002190953], "mean": [-0.658475935459, -0.724845588207, -0.759838938713, -0.774887382984, -0.781227111816, -0.724458873272]}, "dissonance": {"min": 0.269334435463, "max": 0.500000059605, "dvar2": 0.00066254689591, "median": 0.477973401546, "dmean2": 0.0240707695484, "dmean": 0.0143490228802, "var": 0.000572171295062, "dvar": 0.000242537687882, "mean": 0.471898347139}, "spectral_energyband_high": {"min": 7.85844765601e-21, "max": 0.00820785574615, "dvar2": 5.5284095879e-07, "median": 0.000923243584111, "dmean2": 0.000542227644473, "dmean": 0.000367249362171, "var": 1.02834951576e-06, "dvar": 2.63657113919e-07, "mean": 0.00114269461483}, "spectral_skewness": {"min": -0.0160379484296, "max": 10.2695207596, "dvar2": 0.298005491495, "median": 1.05646896362, "dmean2": 0.349521845579, "dmean": 0.220595657825, "var": 0.646574735641, "dvar": 0.145321130753, "mean": 1.18265366554}, "spectral_flux": {"min": 1.03828008691e-10, "max": 0.381965667009, "dvar2": 0.00209039449692, "median": 0.0924053192139, "dmean2": 0.0427030697465, "dmean": 0.026266053319, "var": 0.00183144083712, "dvar": 0.00088533613598, "mean": 0.0961117595434}, "silence_rate_30dB": {"min": 0, "max": 1, "dvar2": 0.000765832024626, "median": 1, "dmean2": 0.000510725250933, "dmean": 0.000255330000073, "var": 0.000127632039948, "dvar": 0.000255266058957, "mean": 0.999872326851}, "spectral_energyband_middle_high": {"min": 1.53136213374e-21, "max": 0.0370445623994, "dvar2": 1.20172526294e-05, "median": 0.00406596064568, "dmean2": 0.00250778626651, "dmean": 0.00162012327928, "var": 3.04098593915e-05, "dvar": 4.95169160786e-06, "mean": 0.00561327161267}, "barkbands_spread": {"min": 0.134821653366, "max": 118.501403809, "dvar2": 121.768989563, "median": 24.6472091675, "dmean2": 9.74485778809, "dmean": 6.31995582581, "var": 225.838912964, "dvar": 53.8404312134, "mean": 25.9749336243}, "spectral_centroid": {"min": 125.205451965, "max": 10726.0927734, "dvar2": 179559.6875, "median": 1665.0012207, "dmean2": 415.950042725, "dmean": 280.871063232, "var": 495310.875, "dvar": 86333.2578125, "mean": 1629.19055176}, "pitch_salience": {"min": 0.0591373629868, "max": 0.839731097221, "dvar2": 0.0155267203227, "median": 0.545770049095, "dmean2": 0.136502847075, "dmean": 0.0815049856901, "var": 0.0150679424405, "dvar": 0.00571963889524, "mean": 0.534932851791}, "erbbands_skewness": {"min": -3.8040201664, "max": 4.97564268112, "dvar2": 0.318890243769, "median": 0.0215996205807, "dmean2": 0.549282312393, "dmean": 0.36997616291, "var": 0.746655464172, "dvar": 0.150511085987, "mean": 0.0902815759182}, "erbbands_crest": {"min": 1.96227073669, "max": 31.2371730804, "dvar2": 16.1365909576, "median": 7.11207389832, "dmean2": 4.01825141907, "dmean": 2.51228117943, "var": 27.5711917877, "dvar": 6.63456439972, "mean": 8.78977775574}, "melbands": {"min": [2.10954106717e-24, 4.85384773919e-24, 4.75167171373e-24, 1.75438373918e-23, 5.13033520343e-24, 4.7431681876e-24, 6.86230495882e-24, 8.72601882412e-24, 1.23743758707e-23, 1.08613051558e-23, 1.03428176484e-23, 5.37029130801e-24, 7.44398890223e-24, 3.13023162635e-24, 1.49595669316e-23, 6.98478192524e-24, 7.07049402918e-24, 4.78363201888e-24, 6.01659597576e-24, 1.14135133115e-23, 1.89195603234e-23, 1.62584216789e-23, 1.44771011797e-23, 1.15040832209e-23, 1.01224201666e-23, 8.38053087979e-24, 1.06509427736e-23, 1.31447726976e-23, 1.14450298824e-23, 5.27023140193e-24, 8.01585310508e-24, 1.081880843e-23, 9.19483807123e-24, 7.41506373941e-24, 9.53726523525e-24, 8.10377875272e-24, 1.16136031469e-23, 8.3350853919e-24, 8.3303979804e-24, 1.21183297647e-23], "max": [0.0285275094211, 0.038818500936, 0.019400164485, 0.0155142927542, 0.0053442097269, 0.00559581490234, 0.0051582227461, 0.00408012140542, 0.0118079362437, 0.00743831135333, 0.00407781871036, 0.00437767105177, 0.00304754194804, 0.00391840282828, 0.00338389491662, 0.00145863881335, 0.00219862908125, 0.00224542198703, 0.0013519548811, 0.00136310083326, 0.000847415591124, 0.000827777315862, 0.000725754129235, 0.000718219787814, 0.00101318047382, 0.000732535205316, 0.000596951053012, 0.000262902991381, 0.000341974635376, 0.000126744649606, 0.000100726465462, 0.000111283283331, 5.97166654188e-05, 6.32922092336e-05, 3.36282610078e-05, 3.28936730511e-05, 5.80713967793e-05, 6.79285003571e-05, 4.41380070697e-05, 3.64169791283e-05], "dvar2": [2.36017149291e-05, 1.52623997565e-05, 5.26367966813e-06, 5.86374108025e-06, 2.60438810074e-07, 1.94845625856e-07, 1.02788746403e-07, 1.30080778149e-07, 1.30632895434e-06, 2.95321825661e-07, 9.46310194649e-08, 4.98535825955e-08, 1.60408557548e-08, 3.13981729505e-08, 2.38943353992e-08, 6.96722368687e-09, 8.70546568166e-09, 2.71701239285e-08, 1.03471924362e-08, 8.87849349596e-09, 3.27724514193e-09, 2.4184683145e-09, 2.88057377951e-09, 2.14365858398e-09, 4.95905405629e-09, 1.27121924098e-09, 1.42815481663e-09, 4.77294481716e-10, 4.75843642267e-10, 1.01709300704e-10, 3.15461233524e-11, 2.23408878203e-11, 1.03591545064e-11, 7.74267282233e-12, 6.40213880174e-12, 4.78683152144e-12, 4.65510269221e-12, 6.97990363424e-12, 5.14484115033e-12, 3.34984861031e-12], "median": [0.00175861746538, 0.00142865115777, 0.000708245672286, 0.000476137443911, 0.000263194116997, 0.000158857525093, 7.52716077841e-05, 5.72470526095e-05, 7.3428673204e-05, 5.38846070413e-05, 3.32814306603e-05, 2.10064154089e-05, 1.39657740874e-05, 1.58829534485e-05, 1.37868264574e-05, 9.63288493949e-06, 1.34438787427e-05, 1.85325970961e-05, 1.24691196106e-05, 1.45725171024e-05, 1.24365160445e-05, 8.48242598295e-06, 8.99904807738e-06, 1.26700560941e-05, 1.41148302646e-05, 1.11990157166e-05, 1.18523676065e-05, 1.02457588582e-05, 9.85398037301e-06, 6.56886277284e-06, 3.62506489182e-06, 2.13358589463e-06, 1.4549318621e-06, 8.78813807503e-07, 6.92509729561e-07, 6.2540664203e-07, 5.63543096632e-07, 4.52046549526e-07, 3.60113915576e-07, 2.43761803631e-07], "dmean2": [0.00334876729175, 0.00222600274719, 0.00127677631099, 0.000926917244215, 0.000327427347656, 0.000246411946137, 0.000161679883604, 0.000175954934093, 0.000408680003602, 0.000238981141592, 0.000129760839627, 7.3600160249e-05, 4.72738793178e-05, 5.98973201704e-05, 5.32509220648e-05, 3.18876118399e-05, 4.31142834714e-05, 6.7984648922e-05, 4.20441065216e-05, 4.11628716392e-05, 2.70794625976e-05, 2.24334307859e-05, 1.96830533241e-05, 2.25797339226e-05, 2.78161951428e-05, 1.71520150616e-05, 1.49863490151e-05, 1.22945839394e-05, 1.1606884982e-05, 6.7245214268e-06, 3.64977609024e-06, 2.65287849288e-06, 1.94153949451e-06, 1.51936649218e-06, 1.26868985717e-06, 1.06094864805e-06, 9.31483839395e-07, 9.73547571448e-07, 7.65304150718e-07, 5.67005486118e-07], "dmean": [0.00190899835434, 0.00138801382855, 0.00076453021029, 0.000549031887203, 0.000202852039365, 0.000152391032316, 9.94445872493e-05, 0.000107541884063, 0.00025189446751, 0.000154136010678, 8.68375864229e-05, 4.85318487335e-05, 3.12342199322e-05, 3.86900610465e-05, 3.50495465682e-05, 2.041760672e-05, 2.73959940387e-05, 4.31355583714e-05, 2.66760653176e-05, 2.62250578089e-05, 1.74182077899e-05, 1.41508780871e-05, 1.23629833979e-05, 1.35921636684e-05, 1.72668005689e-05, 1.06262687041e-05, 9.17688794289e-06, 7.5249472502e-06, 7.2931802606e-06, 4.20658670919e-06, 2.28496651289e-06, 1.66986194472e-06, 1.26588872718e-06, 9.88418378256e-07, 8.27866529107e-07, 7.01314149865e-07, 6.23852827175e-07, 6.42323414013e-07, 5.11200994424e-07, 3.76739194508e-07], "var": [1.07309888335e-05, 1.01014866232e-05, 2.24272343985e-06, 1.7208698182e-06, 2.49054863843e-07, 2.49086241411e-07, 8.56983461972e-08, 1.12199685987e-07, 1.18602429211e-06, 5.44968827398e-07, 1.19141496668e-07, 5.19503693397e-08, 3.43371731049e-08, 4.9009734937e-08, 3.39819088424e-08, 7.24906001892e-09, 8.79172912249e-09, 2.35737349641e-08, 7.73172814661e-09, 7.00214464189e-09, 2.65793453913e-09, 1.82179460406e-09, 2.14397988252e-09, 1.14642051408e-09, 3.51011708588e-09, 1.15502918341e-09, 7.89333987061e-10, 3.28538363181e-10, 4.18859724682e-10, 1.01444165568e-10, 3.12898457144e-11, 2.48135505199e-11, 1.75174874606e-11, 1.36073912554e-11, 8.27463271513e-12, 6.83725255232e-12, 6.62036224452e-12, 8.74729889216e-12, 5.32934677291e-12, 3.25902087435e-12], "dvar": [8.19313299871e-06, 6.8679278229e-06, 2.01455054594e-06, 2.09521977013e-06, 1.01037549882e-07, 7.47405906054e-08, 4.20940935442e-08, 5.01500956318e-08, 4.59075380377e-07, 1.27784218762e-07, 4.52190285216e-08, 2.31048318255e-08, 7.64724283897e-09, 1.39496485474e-08, 1.14528422301e-08, 3.07365510821e-09, 3.94603949516e-09, 1.14363611914e-08, 4.38888259069e-09, 3.64784846774e-09, 1.44033496241e-09, 1.01997843505e-09, 1.14244302907e-09, 7.61385454684e-10, 1.99891969643e-09, 5.19284504286e-10, 4.88256934883e-10, 1.78357190128e-10, 1.87189735934e-10, 4.24776845642e-11, 1.31247200608e-11, 9.26091061476e-12, 4.7408279559e-12, 3.4769652435e-12, 2.83677118254e-12, 2.2271685364e-12, 2.15897135239e-12, 3.2196788638e-12, 2.26103185653e-12, 1.52611040125e-12], "mean": [0.00282174674794, 0.00246745138429, 0.00115743314382, 0.000822097412311, 0.000416650320403, 0.000333620118909, 0.000166847603396, 0.000180976596312, 0.000490317761432, 0.000322015606798, 0.00014353019651, 8.05235467851e-05, 6.06445719313e-05, 6.93753827363e-05, 5.97210673732e-05, 3.40454644174e-05, 4.49107501481e-05, 6.79088188917e-05, 4.03215817641e-05, 4.0746130253e-05, 2.93569137284e-05, 2.35467014136e-05, 2.11754286283e-05, 2.33047467191e-05, 3.07021036861e-05, 2.0914570996e-05, 1.81088744284e-05, 1.50806008605e-05, 1.51802050823e-05, 9.13103212952e-06, 4.95710810355e-06, 3.73396824216e-06, 3.01289264826e-06, 2.28259136748e-06, 1.84903842637e-06, 1.58658576765e-06, 1.42230794609e-06, 1.34090180381e-06, 1.04760169961e-06, 7.38865253425e-07]}, "spectral_entropy": {"min": 4.56847524643, "max": 9.79924678802, "dvar2": 0.0735701322556, "median": 7.68429279327, "dmean2": 0.209191456437, "dmean": 0.140970110893, "var": 0.298843234777, "dvar": 0.0371966920793, "mean": 7.59386301041}, "spectral_rolloff": {"min": 64.599609375, "max": 19013.8183594, "dvar2": 1804069.125, "median": 1055.12695312, "dmean2": 920.716552734, "dmean": 541.827453613, "var": 1698812.75, "dvar": 755515, "mean": 1426.67443848}, "barkbands": {"min": [1.25443225421e-23, 3.66376902213e-24, 1.69614276963e-23, 7.80871223365e-25, 6.91124131399e-23, 2.03362566904e-23, 3.97070612288e-23, 4.32817812654e-23, 9.96956984655e-23, 4.08973229616e-23, 6.16419066783e-23, 2.38136596903e-23, 1.12819251594e-22, 9.14311814148e-23, 6.90004012022e-23, 2.19139551506e-22, 2.97800015187e-22, 2.35528067392e-22, 2.21327990496e-22, 4.54967613234e-22, 2.43373888629e-22, 5.34021623843e-22, 4.56334601897e-22, 8.25747536278e-22, 1.12025983165e-21, 1.72691098289e-21, 2.88334078124e-21], "max": [0.0180245563388, 0.094559520483, 0.0681177973747, 0.0576317682862, 0.0584000684321, 0.0297798085958, 0.0279736537486, 0.0535059832036, 0.0544413514435, 0.0252153277397, 0.022827764973, 0.0336041674018, 0.02649028413, 0.0326400510967, 0.0200756303966, 0.0126879233867, 0.013274111785, 0.0100831501186, 0.0176228694618, 0.0122486446053, 0.00579689908773, 0.00424289656803, 0.00171511922963, 0.00409799907357, 0.00273341801949, 0.0040328791365, 0.000183108757483], "dvar2": [8.82358108356e-06, 0.000235658837482, 6.53239403618e-05, 2.92219629046e-05, 8.46741968417e-05, 5.70925021748e-06, 2.61985724137e-06, 2.5937515602e-05, 1.57054637384e-05, 3.70054658561e-06, 9.06720742933e-07, 2.12818372347e-06, 1.37232166253e-06, 2.002115707e-06, 2.05426840694e-06, 1.00107808976e-06, 7.76124636559e-07, 7.29476766992e-07, 1.40304086926e-06, 6.25307677637e-07, 2.06101077538e-07, 3.09506802409e-08, 1.73474514753e-08, 2.69472089087e-08, 1.74650054419e-08, 1.34381163974e-08, 1.46186979189e-10], "median": [0.000798420689534, 0.00557565921918, 0.00183542585, 0.00110541167669, 0.00200078496709, 0.000864580506459, 0.000331679621013, 0.000288751587505, 0.000393602414988, 0.000200019974727, 9.85891383607e-05, 0.000133546680445, 0.000102375473944, 0.000179063063115, 0.000176130939508, 0.000209200574318, 0.000148447637912, 0.000258670770563, 0.000336755008902, 0.000375460746, 0.000294316414511, 9.43055783864e-05, 4.44748329755e-05, 4.54568071291e-05, 2.14371611946e-05, 3.8138691707e-06, 4.40102013499e-07], "dmean2": [0.00196571252309, 0.010301082395, 0.00404311856255, 0.00265287328511, 0.00368237658404, 0.00134412641637, 0.000797991466243, 0.00169334304519, 0.0017896090867, 0.000779632828198, 0.000365745770978, 0.000511666527018, 0.000381085730623, 0.000640019541606, 0.000620869570412, 0.000462995638372, 0.000391742825741, 0.000425645441283, 0.000519064953551, 0.00037492311094, 0.000272852688795, 0.000102879879705, 6.91436653142e-05, 6.79262375343e-05, 4.29178726336e-05, 1.95204702322e-05, 4.15195108872e-06], "dmean": [0.00111344037578, 0.00604559155181, 0.00248833931983, 0.0015719186049, 0.00218715588562, 0.000830961100291, 0.000489479920361, 0.00104281108361, 0.00114044826478, 0.000515221036039, 0.000240028064582, 0.000331206218107, 0.000248943368206, 0.000402305275202, 0.000392770452891, 0.000291466567433, 0.000250291806879, 0.000260519096628, 0.000322612206219, 0.000232631049585, 0.000172173560713, 6.72738970025e-05, 4.610106771e-05, 4.6431337978e-05, 3.05535177176e-05, 1.33962676045e-05, 2.96136249744e-06], "var": [4.29308147432e-06, 0.00013836978178, 2.88967148663e-05, 1.27871662698e-05, 2.5540810384e-05, 7.05836646375e-06, 2.09496238313e-06, 1.88564117707e-05, 3.17802441714e-05, 4.56517364e-06, 1.65706364896e-06, 3.5578113966e-06, 1.75634306743e-06, 1.9187395992e-06, 1.77222034381e-06, 7.54541929382e-07, 6.21911340204e-07, 5.0893657999e-07, 1.14121871775e-06, 3.67718001826e-07, 2.06997242458e-07, 4.94424519104e-08, 2.81999898988e-08, 4.6422005795e-08, 2.30911965104e-08, 5.98070215574e-09, 1.58005039608e-10], "dvar": [2.75842603514e-06, 9.13520125323e-05, 2.56823477685e-05, 1.13096657515e-05, 3.03128108499e-05, 2.17023193727e-06, 1.07862808818e-06, 9.08870606509e-06, 6.63896298647e-06, 1.73145349436e-06, 4.22107802933e-07, 9.77111994871e-07, 6.48025320515e-07, 8.9838255235e-07, 8.83136692664e-07, 4.06592448599e-07, 3.24028377463e-07, 2.78285369859e-07, 5.69917176563e-07, 2.14930764741e-07, 8.42291854042e-08, 1.39389078058e-08, 8.07206212983e-09, 1.34521531692e-08, 8.83467432544e-09, 5.44492761989e-09, 7.19666409799e-11], "mean": [0.00156463950407, 0.0096394745633, 0.00357234361582, 0.00219243485481, 0.00332539598458, 0.00179670285434, 0.000774399843067, 0.00167289853562, 0.00242127594538, 0.00087163108401, 0.000437586568296, 0.000569667085074, 0.000415668822825, 0.000635282427538, 0.000611096562352, 0.000479020294733, 0.000428905681474, 0.000479216396343, 0.000639593752567, 0.000507811782882, 0.000398558506276, 0.000172835119884, 0.000113639543997, 0.000112634646939, 6.38858691673e-05, 2.22111830226e-05, 6.2104513745e-06]}, "melbands_flatness_db": {"min": 0.00695805391297, "max": 0.676280677319, "dvar2": 0.0019500143826, "median": 0.202057167888, "dmean2": 0.0450883954763, "dmean": 0.0290345549583, "var": 0.00755191175267, "dvar": 0.000914209173061, "mean": 0.217971518636}, "melbands_skewness": {"min": -0.934440672398, "max": 22.895275116, "dvar2": 2.93274450302, "median": 2.85052108765, "dmean2": 1.46079564095, "dmean": 0.916434407234, "var": 4.95121860504, "dvar": 1.27589643002, "mean": 3.39848637581}, "barkbands_skewness": {"min": -1.84399473667, "max": 31.4613513947, "dvar2": 1.35808968544, "median": 1.45438289642, "dmean2": 0.993456721306, "dmean": 0.624753892422, "var": 2.19340205193, "dvar": 0.59866464138, "mean": 1.80247402191}, "silence_rate_60dB": {"min": 0, "max": 1, "dvar2": 0.00152960896958, "median": 0, "dmean2": 0.00153217569459, "dmean": 0.000765990058426, "var": 0.0198842473328, "dvar": 0.000765346980188, "mean": 0.0202961452305}, "spectral_energyband_low": {"min": 2.72393544355e-23, "max": 0.160273119807, "dvar2": 0.000367498694686, "median": 0.0112927816808, "dmean2": 0.013783772476, "dmean": 0.00820786412805, "var": 0.000255651859334, "dvar": 0.000154814784764, "mean": 0.0155527330935}, "spectral_energyband_middle_low": {"min": 2.86815663507e-22, "max": 0.0766699761152, "dvar2": 0.000172286920133, "median": 0.00920955836773, "dmean2": 0.00823429226875, "dmean": 0.00496345572174, "var": 0.000114228081657, "dvar": 6.38699639239e-05, "mean": 0.0125768445432}, "melbands_kurtosis": {"min": -1.73395121098, "max": 614.513977051, "dvar2": 1441.6036377, "median": 9.83444023132, "dmean2": 19.5481643677, "dmean": 12.1337528229, "var": 1359.20056152, "dvar": 600.96685791, "mean": 22.6794242859}, "spectral_decrease": {"min": -4.72405012886e-08, "max": 1.49633502026e-28, "dvar2": 3.02680109948e-17, "median": -7.72294228568e-09, "dmean2": 4.82132866964e-09, "dmean": 2.88523560599e-09, "var": 2.12607850564e-17, "dvar": 1.25217194921e-17, "mean": -8.42053360373e-09}, "erbbands_kurtosis": {"min": -1.94006860256, "max": 34.9497909546, "dvar2": 5.65240573883, "median": -0.668474078178, "dmean2": 1.32609272003, "dmean": 0.840025246143, "var": 6.32136583328, "dvar": 2.47624897957, "mean": 0.104179047048}, "melbands_crest": {"min": 2.05018734932, "max": 33.5949897766, "dvar2": 32.6367683411, "median": 14.6586818695, "dmean2": 6.44736242294, "dmean": 3.77484989166, "var": 26.9201755524, "dvar": 11.400636673, "mean": 15.1863746643}, "gfcc": {"cov": [[9418.6796875, -1087.16345215, -427.79473877, -28.2754611969, -366.504333496, 396.049163818, -93.6759796143, 261.492706299, -103.38079834, 194.643936157, -143.072677612, 105.048179626, -231.049575806], [-1087.16345215, 1975.84143066, -708.403808594, -142.544235229, 176.886749268, -497.906677246, 267.772583008, -228.261367798, 106.941291809, -127.334205627, 53.0215110779, -261.967102051, 139.551986694], [-427.79473877, -708.403808594, 2011.67883301, 204.592391968, 201.612014771, 690.846862793, -171.711120605, 197.90020752, -108.996513367, 10.0764064789, 99.6259841919, 216.240371704, -44.4799232483], [-28.2754611969, -142.544235229, 204.592391968, 311.690948486, 69.5274887085, 126.414390564, -0.0128683736548, 92.9635696411, 7.33325719833, -12.8620672226, 24.7521743774, 24.9226322174, 21.4391536713], [-366.504333496, 176.886749268, 201.612014771, 69.5274887085, 277.798126221, 137.351242065, 65.2856826782, 37.8029441833, -0.295630007982, -6.6580286026, 37.0471725464, 0.492777705193, 23.4660491943], [396.049163818, -497.906677246, 690.846862793, 126.414390564, 137.351242065, 607.453491211, -36.8728408813, 142.073806763, -100.465553284, 18.0099220276, 86.960723877, 120.266960144, -6.97339916229], [-93.6759796143, 267.772583008, -171.711120605, -0.0128683736548, 65.2856826782, -36.8728408813, 186.567779541, 3.93573355675, 39.6209793091, -5.02182674408, 2.36307668686, -36.7227745056, 9.42207145691], [261.492706299, -228.261367798, 197.90020752, 92.9635696411, 37.8029441833, 142.073806763, 3.93573355675, 222.933074951, 33.9591293335, 23.1422843933, 3.06605386734, 14.0674695969, -7.35854053497], [-103.38079834, 106.941291809, -108.996513367, 7.33325719833, -0.295630007982, -100.465553284, 39.6209793091, 33.9591293335, 156.944091797, 47.6991348267, -28.8934116364, -42.4703521729, -7.96432209015], [194.643936157, -127.334205627, 10.0764064789, -12.8620672226, -6.6580286026, 18.0099220276, -5.02182674408, 23.1422843933, 47.6991348267, 117.421310425, 19.3929004669, 6.5884976387, -35.9105453491], [-143.072677612, 53.0215110779, 99.6259841919, 24.7521743774, 37.0471725464, 86.960723877, 2.36307668686, 3.06605386734, -28.8934116364, 19.3929004669, 132.13520813, 44.5060844421, 11.1892547607], [105.048179626, -261.967102051, 216.240371704, 24.9226322174, 0.492777705193, 120.266960144, -36.7227745056, 14.0674695969, -42.4703521729, 6.5884976387, 44.5060844421, 147.716537476, 10.3059711456], [-231.049575806, 139.551986694, -44.4799232483, 21.4391536713, 23.4660491943, -6.97339916229, 9.42207145691, -7.35854053497, -7.96432209015, -35.9105453491, 11.1892547607, 10.3059711456, 92.5033111572]], "icov": [[0.000156899332069, -0.000114461574412, 0.000136946997372, -5.27729389432e-05, 0.000248582335189, -0.000279178726487, 8.6781270511e-05, -0.000243421440246, 0.000240914392634, -0.000314674252877, 0.000406460865634, -0.000302927568555, 0.000413512461819], [-0.000114461574412, 0.00197728304192, -0.000261711684288, 0.0006832323852, -0.00128317100462, 0.00129843619652, -0.0014591710642, 0.00127723603509, -0.0011137855472, 0.00188746640924, -0.0026426052209, 0.00286681391299, -0.00224233651534], [0.000136946997372, -0.000261711684288, 0.00114130007569, -0.000227217475185, -0.000204209354706, -0.00115829880815, 0.00104336522054, -0.000487188401166, 2.85634405373e-06, 2.75381826214e-05, 0.000541709887329, -0.00119427393656, 0.00123625574633], [-5.27729389432e-05, 0.0006832323852, -0.000227217475185, 0.00430435361341, -0.000950113986619, 0.000126029743114, -0.000296588346828, -0.000828587159049, -0.00109396735206, 0.00157419906463, -0.00140855100472, 0.000903393724002, -0.00146793050226], [0.000248582335189, -0.00128317100462, -0.000204209354706, -0.000950113986619, 0.00623095734045, -0.00197569094598, -0.00113946571946, -0.000701592012774, 0.000598381913733, -0.0014169026399, 0.00127727433573, -0.000802554481197, 0.000445755227702], [-0.000279178726487, 0.00129843619652, -0.00115829880815, 0.000126029743114, -0.00197569094598, 0.00504446029663, -0.00130828982219, -0.00057243637275, 0.00138878589496, 0.000425132282544, -0.00268705957569, 0.00111907464452, -0.0017881821841], [8.6781270511e-05, -0.0014591710642, 0.00104336522054, -0.000296588346828, -0.00113946571946, -0.00130828982219, 0.00837942957878, -0.00119631248526, -0.000965997460298, -0.000184865682968, 0.00119537475985, -0.00163783354219, 0.00211323495023], [-0.000243421440246, 0.00127723603509, -0.000487188401166, -0.000828587159049, -0.000701592012774, -0.00057243637275, -0.00119631248526, 0.00753048341721, -0.00303995236754, 0.00105827848893, -0.00129693199415, 0.00233145430684, -0.00167514290661], [0.000240914392634, -0.0011137855472, 2.85634405373e-06, -0.00109396735206, 0.000598381913733, 0.00138878589496, -0.000965997460298, -0.00303995236754, 0.011647596024, -0.00649905065075, 0.00355159305036, -0.000512554892339, 0.000453749817098], [-0.000314674252877, 0.00188746640924, 2.75381826214e-05, 0.00157419906463, -0.0014169026399, 0.000425132282544, -0.000184865682968, 0.00105827848893, -0.00649905065075, 0.0150859151036, -0.00575713068247, 0.00180965557229, 0.00230114930309], [0.000406460865634, -0.0026426052209, 0.000541709887329, -0.00140855100472, 0.00127727433573, -0.00268705957569, 0.00119537475985, -0.00129693199415, 0.00355159305036, -0.00575713068247, 0.0138045242056, -0.0059406477958, 0.00190021249], [-0.000302927568555, 0.00286681391299, -0.00119427393656, 0.000903393724002, -0.000802554481197, 0.00111907464452, -0.00163783354219, 0.00233145430684, -0.000512554892339, 0.00180965557229, -0.0059406477958, 0.0140671133995, -0.00541522167623], [0.000413512461819, -0.00224233651534, 0.00123625574633, -0.00146793050226, 0.000445755227702, -0.0017881821841, 0.00211323495023, -0.00167514290661, 0.000453749817098, 0.00230114930309, 0.00190021249, -0.00541522167623, 0.0168702416122]], "mean": [1.09482300282, 96.8585281372, -116.114807129, 52.179107666, -50.7932777405, 4.54984378815, -24.5366287231, 5.79805755615, -19.0268478394, 0.841465950012, -13.5723838806, -8.33784294128, -4.5576748848]}, "melbands_spread": {"min": 0.296263247728, "max": 192.527389526, "dvar2": 169.912002563, "median": 21.3248844147, "dmean2": 11.2173585892, "dmean": 7.14281988144, "var": 316.157440186, "dvar": 69.6509552002, "mean": 23.9218788147}, "spectral_energy": {"min": 1.07802547591e-20, "max": 0.182020053267, "dvar2": 0.000445500947535, "median": 0.0315211676061, "dmean2": 0.0185713935643, "dmean": 0.011142032221, "var": 0.000325552100549, "dvar": 0.000183939642739, "mean": 0.0339252464473}, "mfcc": {"cov": [[7307.89599609, -607.85925293, -775.19342041, -24.3775177002, -351.123718262, -9.00569725037, -98.4536514282, -13.8804035187, 37.2900390625, 107.798194885, 106.323387146, 3.84794545174, 0.57203578949], [-607.85925293, 1682.71875, -574.779541016, 238.063247681, -211.2840271, -63.330947876, -32.3987884521, -138.516494751, 22.6144771576, 7.36069250107, 14.7707147598, -60.4242668152, -72.1412506104], [-775.19342041, -574.779541016, 1625.64819336, -216.261734009, 603.126586914, 214.279541016, 268.122833252, 232.936157227, -25.2744731903, -32.7965240479, -64.9749145508, 129.51725769, 93.9510650635], [-24.3775177002, 238.063247681, -216.261734009, 335.829589844, -76.8009414673, -63.7536468506, -68.7207183838, -24.4781036377, 56.8036117554, 21.5267429352, 32.776802063, -7.48056173325, -32.8832855225], [-351.123718262, -211.2840271, 603.126586914, -76.8009414673, 457.171081543, 121.664421082, 201.231781006, 135.731048584, 17.4381389618, 19.6292228699, -48.3525505066, 85.702835083, 49.5254325867], [-9.00569725037, -63.330947876, 214.279541016, -63.7536468506, 121.664421082, 220.694091797, 105.608978271, 52.9319419861, -6.65263366699, -6.63521146774, -7.3173956871, 7.48105287552, 45.8712043762], [-98.4536514282, -32.3987884521, 268.122833252, -68.7207183838, 201.231781006, 105.608978271, 280.937469482, 112.787757874, -6.50200557709, -0.303836256266, -38.9788131714, 66.2390670776, 35.9814758301], [-13.8804035187, -138.516494751, 232.936157227, -24.4781036377, 135.731048584, 52.9319419861, 112.787757874, 166.949447632, 43.2611503601, -3.68191504478, -24.7538585663, 41.6688041687, 33.1782073975], [37.2900390625, 22.6144771576, -25.2744731903, 56.8036117554, 17.4381389618, -6.65263366699, -6.50200557709, 43.2611503601, 127.913581848, 62.7023963928, 15.6449356079, 0.161037161946, -15.0883550644], [107.798194885, 7.36069250107, -32.7965240479, 21.5267429352, 19.6292228699, -6.63521146774, -0.303836256266, -3.68191504478, 62.7023963928, 152.717956543, 60.6315994263, 3.83080291748, -22.4335975647], [106.323387146, 14.7707147598, -64.9749145508, 32.776802063, -48.3525505066, -7.3173956871, -38.9788131714, -24.7538585663, 15.6449356079, 60.6315994263, 126.856361389, 13.2616281509, -8.28181934357], [3.84794545174, -60.4242668152, 129.51725769, -7.48056173325, 85.702835083, 7.48105287552, 66.2390670776, 41.6688041687, 0.161037161946, 3.83080291748, 13.2616281509, 118.661369324, 41.8442268372], [0.57203578949, -72.1412506104, 93.9510650635, -32.8832855225, 49.5254325867, 45.8712043762, 35.9814758301, 33.1782073975, -15.0883550644, -22.4335975647, -8.28181934357, 41.8442268372, 96.4394683838]], "icov": [[0.000162359545357, 9.17067663977e-05, 0.000102797079307, 1.57234644576e-05, 0.000114490903798, -0.000101272424217, -1.31234082801e-05, -9.09700611373e-05, 2.08246765396e-05, -0.000116954259283, -1.61863135872e-05, -0.000108341169835, 2.00925478566e-05], [9.17067663977e-05, 0.000834805308841, 0.000225536787184, -0.000447628030088, 0.000148556253407, -0.000118704083434, -0.000543005182408, 0.000619482889306, -0.000225168492761, 9.4964139862e-05, 4.92622748425e-05, 5.94631492277e-05, 0.00018651985738], [0.000102797079307, 0.000225536787184, 0.00149197352584, 0.000326421053614, -0.0015529046068, -0.000418523501139, 0.000318509177305, -0.000773466948885, 0.000453594082501, 0.000312463467708, -0.000258900719928, -0.000317017111229, 0.000228704069741], [1.57234644576e-05, -0.000447628030088, 0.000326421053614, 0.00399092258886, -0.000303310371237, 0.000457645830465, 0.000688809144776, -0.000259908440057, -0.00159131165128, 0.000622350664344, -0.000759330519941, -0.000564567220863, 0.000553921214305], [0.000114490903798, 0.000148556253407, -0.0015529046068, -0.000303310371237, 0.00606943806633, -0.000885633577127, -0.00172906043008, -0.000499011774082, -0.000390888861148, -0.00174434948713, 0.00185435207095, -0.00159964489285, 2.73970381386e-05], [-0.000101272424217, -0.000118704083434, -0.000418523501139, 0.000457645830465, -0.000885633577127, 0.00697038788348, -0.00216578203253, 0.000275838305242, -0.000424332014518, 0.000604429747909, -0.00152288016398, 0.00295350048691, -0.00300997612067], [-1.31234082801e-05, -0.000543005182408, 0.000318509177305, 0.000688809144776, -0.00172906043008, -0.00216578203253, 0.0077066058293, -0.0038547012955, 0.00224006385542, -0.00123128283303, 0.00157189788297, -0.00273054465652, 0.00127115449868], [-9.09700611373e-05, 0.000619482889306, -0.000773466948885, -0.000259908440057, -0.000499011774082, 0.000275838305242, -0.0038547012955, 0.0124790193513, -0.00583119317889, 0.00228809379041, 0.000272257428151, -0.00017363083316, -0.00188244390301], [2.08246765396e-05, -0.000225168492761, 0.000453594082501, -0.00159131165128, -0.000390888861148, -0.000424332014518, 0.00224006385542, -0.00583119317889, 0.0135254524648, -0.00558614358306, 0.00112410145812, -4.50905317848e-05, 0.00135264277924], [-0.000116954259283, 9.4964139862e-05, 0.000312463467708, 0.000622350664344, -0.00174434948713, 0.000604429747909, -0.00123128283303, 0.00228809379041, -0.00558614358306, 0.0114649832249, -0.00524246832356, 0.00060692045372, 0.00133949785959], [-1.61863135872e-05, 4.92622748425e-05, -0.000258900719928, -0.000759330519941, 0.00185435207095, -0.00152288016398, 0.00157189788297, 0.000272257428151, 0.00112410145812, -0.00524246832356, 0.0118559030816, -0.00329966121353, 0.000528393487912], [-0.000108341169835, 5.94631492277e-05, -0.000317017111229, -0.000564567220863, -0.00159964489285, 0.00295350048691, -0.00273054465652, -0.00017363083316, -4.50905317848e-05, 0.00060692045372, -0.00329966121353, 0.0135729713365, -0.00538181513548], [2.00925478566e-05, 0.00018651985738, 0.000228704069741, 0.000553921214305, 2.73970381386e-05, -0.00300997612067, 0.00127115449868, -0.00188244390301, 0.00135264277924, 0.00133949785959, 0.000528393487912, -0.00538181513548, 0.0149693628773]], "mean": [-637.492248535, 116.518180847, -0.259121358395, 45.2927742004, 1.26776504517, 7.34736204147, 5.10917282104, 0.718686699867, 4.36003065109, 6.79151725769, -0.746184229851, -1.61142230034, -3.43404173851]}, "spectral_contrast_valleys": {"min": [-28.0299663544, -27.2320842743, -27.3327045441, -27.0488433838, -27.3315448761, -27.301700592], "max": [-5.17831277847, -4.64842796326, -5.49023866653, -5.90680885315, -5.65551042557, -7.74432325363], "dvar2": [0.258806735277, 0.274715274572, 0.208425402641, 0.201477244496, 0.193251937628, 0.313236504793], "median": [-6.62815380096, -6.68922996521, -7.39476776123, -7.57765245438, -7.02084112167, -9.94556236267], "dmean2": [0.597718477249, 0.581151604652, 0.500759124756, 0.45160022378, 0.378376156092, 0.420274466276], "dmean": [0.355471849442, 0.358452558517, 0.318416625261, 0.292333602905, 0.255083143711, 0.296420842409], "var": [1.26618492603, 1.14496695995, 1.09564745426, 1.22901761532, 1.2931330204, 1.94783008099], "dvar": [0.118582747877, 0.130479961634, 0.109662793577, 0.111781746149, 0.119007483125, 0.175641715527], "mean": [-6.9202299118, -6.82060956955, -7.52276420593, -7.75718259811, -7.28570365906, -10.3091087341]}, "barkbands_flatness_db": {"min": 0.0183598082513, "max": 0.521672904491, "dvar2": 0.00133626046591, "median": 0.138470590115, "dmean2": 0.0362063609064, "dmean": 0.0232228077948, "var": 0.00511765107512, "dvar": 0.000621986459009, "mean": 0.147142767906}, "dynamic_complexity": 2.78746366501, "erbbands_flatness_db": {"min": 0.0362897329032, "max": 0.378699630499, "dvar2": 0.000625846383628, "median": 0.148490443826, "dmean2": 0.0225179437548, "dmean": 0.015037718229, "va