{"lowlevel": {"spectral_complexity": {"min": 0, "max": 57, "dvar2": 53.8541946411, "median": 21, "dmean2": 7.09884309769, "dmean": 4.54355478287, "var": 130.490661621, "dvar": 25.4864559174, "mean": 21.717716217}, "silence_rate_20dB": {"min": 1, "max": 1, "dvar2": 0, "median": 1, "dmean2": 0, "dmean": 0, "var": 0, "dvar": 0, "mean": 1}, "average_loudness": 0.947517752647, "erbbands_spread": {"min": 1.12913668156, "max": 163.077789307, "dvar2": 227.575332642, "median": 49.0222549438, "dmean2": 14.6523256302, "dmean": 9.65613365173, "var": 372.179016113, "dvar": 102.222480774, "mean": 49.6003379822}, "spectral_kurtosis": {"min": -1.16818296909, "max": 122.323814392, "dvar2": 20.8026294708, "median": 2.94346237183, "dmean2": 2.3788485527, "dmean": 1.42081332207, "var": 21.649684906, "dvar": 8.34974861145, "mean": 3.89358377457}, "barkbands_kurtosis": {"min": -1.90738844872, "max": 1518.35119629, "dvar2": 2476.99121094, "median": 2.81527328491, "dmean2": 14.3914165497, "dmean": 8.57370281219, "var": 1322.78369141, "dvar": 925.473327637, "mean": 10.4643268585}, "spectral_strongpeak": {"min": 2.56516163866e-09, "max": 17.073135376, "dvar2": 2.65406107903, "median": 0.470765203238, "dmean2": 0.90360301733, "dmean": 0.522659063339, "var": 1.64244699478, "dvar": 1.08742177486, "mean": 0.82889264822}, "spectral_spread": {"min": 1044476.5625, "max": 38898228, "dvar2": 744137424896, "median": 4772401, "dmean2": 707076.9375, "dmean": 499192, "var": 2017995915260.0, "dvar": 423230668800, "mean": 4809068.5}, "spectral_rms": {"min": 3.17268498799e-12, "max": 0.0140270628035, "dvar2": 5.88236571275e-06, "median": 0.00573951890692, "dmean2": 0.00203178822994, "dmean": 0.00127955793869, "var": 5.5066875575e-06, "dvar": 2.81041479866e-06, "mean": 0.00573348347098}, "erbbands": {"min": [3.50266964667e-21, 1.96475299515e-20, 1.53642643395e-20, 4.47219560262e-20, 1.50478525687e-19, 3.70554218656e-19, 2.64630923634e-19, 2.32307626277e-19, 5.03213774683e-19, 1.14447861693e-18, 1.14080820975e-18, 3.57979108791e-19, 5.82357950403e-19, 2.40583061658e-18, 1.36103170956e-18, 2.43792667191e-18, 4.29111895522e-18, 6.16544694395e-18, 7.53126854624e-18, 6.68406478619e-18, 7.77374909818e-18, 1.08094663775e-17, 1.52012106135e-17, 1.44808868468e-17, 1.5869767763e-17, 2.32785813186e-17, 1.51685005833e-17, 1.13839424857e-17, 1.40165390838e-17, 1.54255006365e-17, 2.2722821826e-17, 1.78092581453e-17, 1.19005407665e-17, 9.40623056891e-18, 6.8416886014e-18, 6.38925802946e-18, 2.87991636336e-18, 1.19744888521e-18, 3.33302398263e-19, 3.46242165531e-20], "max": [4.30039310455, 47.397228241, 80.0921707153, 165.535339355, 261.22769165, 382.130371094, 765.528625488, 1172.81933594, 1096.82873535, 761.259521484, 607.529968262, 963.754882812, 428.031494141, 632.967407227, 667.110412598, 648.938049316, 522.880432129, 1045.75231934, 1051.52099609, 1284.56970215, 1475.62646484, 996.41229248, 1054.83374023, 1035.60900879, 849.701171875, 525.16583252, 464.648040771, 232.031463623, 145.090744019, 113.898651123, 85.7325973511, 51.8141059875, 55.5346336365, 28.8367767334, 8.42656135559, 6.47038507462, 4.74097967148, 1.25827121735, 0.161075338721, 0.00426758965477], "dvar2": [0.833734154701, 128.110946655, 124.436416626, 173.67175293, 2027.98498535, 3025.33959961, 872.862548828, 2169.33178711, 2060.7902832, 1022.9362793, 980.641479492, 1070.65026855, 596.189819336, 687.905639648, 728.435180664, 772.323913574, 451.344421387, 2006.14953613, 1558.83154297, 1962.60583496, 3520.18212891, 1333.44055176, 1936.31506348, 3515.09619141, 822.067749023, 447.445831299, 538.771484375, 252.945632935, 119.524940491, 48.5278587341, 22.6476364136, 10.6671485901, 8.91914176941, 2.97446751595, 0.328903257847, 0.145043775439, 0.119842283428, 0.00891477894038, 0.000108492538857, 7.58460600991e-08], "median": [0.106405861676, 1.05222177505, 3.33707952499, 5.80953168869, 7.03867769241, 8.3402671814, 10.2070856094, 13.9098892212, 12.5775165558, 8.17991542816, 9.31746387482, 8.74991512299, 8.06552696228, 6.89297389984, 6.80082273483, 8.22739887238, 6.36517190933, 10.6504764557, 12.216843605, 11.7801160812, 14.7787532806, 12.4520168304, 15.9558916092, 20.6113395691, 14.3398923874, 11.1004171371, 12.2096357346, 9.81766700745, 7.05466175079, 3.3071744442, 1.63758802414, 1.02713143826, 0.706984221935, 0.459884822369, 0.191355779767, 0.0888695418835, 0.0326711311936, 0.00685115111992, 0.000720896059647, 6.82756435708e-05], "dmean2": [0.451153486967, 5.19436979294, 7.08490562439, 9.35643672943, 20.8244361877, 23.0764465332, 17.5184078217, 24.9127025604, 24.3816432953, 15.7759065628, 16.5446548462, 15.7330112457, 13.6142435074, 12.2288389206, 13.0232563019, 15.73823452, 11.5925397873, 22.4880142212, 21.674041748, 21.5728626251, 27.4645195007, 17.4296627045, 20.6848983765, 28.9280033112, 17.0140399933, 12.47315979, 13.3094234467, 9.90352916718, 7.13942956924, 3.91549944878, 2.44387531281, 1.69150400162, 1.34176754951, 0.786709427834, 0.300618559122, 0.194977983832, 0.147946625948, 0.0388018414378, 0.00417489698157, 0.000128836079966], "dmean": [0.268220096827, 3.11898946762, 4.30896806717, 5.56692457199, 12.0352935791, 13.3111886978, 10.9053850174, 15.7176647186, 15.1285676956, 9.6193189621, 10.4951505661, 10.0636968613, 8.50748348236, 7.84238433838, 8.50891208649, 9.98298931122, 7.20073890686, 14.4704561234, 13.9093532562, 13.6840848923, 17.1915874481, 10.6401004791, 12.9226207733, 18.082195282, 10.5346155167, 7.52831602097, 8.10933876038, 6.03278827667, 4.50557994843, 2.60137152672, 1.66207480431, 1.16853642464, 0.959906876087, 0.562156021595, 0.221664011478, 0.1440513134, 0.100198812783, 0.0265061277896, 0.00291431089863, 9.04980261112e-05], "var": [0.312325119972, 49.2566490173, 63.5262756348, 123.563293457, 628.421936035, 910.215515137, 946.899658203, 3086.42041016, 2075.72045898, 902.48840332, 1075.44030762, 1428.01989746, 549.096862793, 749.174194336, 1159.37182617, 728.354309082, 347.244628906, 2811.76293945, 2011.49316406, 2071.27099609, 3958.23266602, 840.762634277, 1885.45788574, 3775.2277832, 1171.06848145, 450.743225098, 519.128723145, 243.389511108, 152.348831177, 72.8293838501, 34.3259162903, 18.5302696228, 14.0033836365, 4.34236526489, 0.5870616436, 0.203662842512, 0.0940000191331, 0.00726724788547, 0.000100474440842, 7.67789742895e-08], "dvar": [0.33433675766, 54.0062561035, 51.4300117493, 65.720489502, 737.601318359, 1084.67749023, 391.061340332, 945.856262207, 891.933776855, 409.584869385, 456.886993408, 518.57800293, 254.098800659, 274.131774902, 388.916290283, 349.32409668, 193.360656738, 955.276428223, 734.118713379, 937.203491211, 1578.59082031, 549.216369629, 759.823547363, 1433.72021484, 360.429046631, 166.980789185, 205.119155884, 93.4836578369, 50.2729988098, 23.8191184998, 11.5738162994, 5.38965892792, 4.70657920837, 1.46618950367, 0.172976613045, 0.0805729627609, 0.0565250478685, 0.00432175630704, 5.60252010473e-05, 4.02879010153e-08], "mean": [0.292045921087, 3.2256128788, 5.93385028839, 9.20534324646, 15.0919075012, 17.5329341888, 20.0857028961, 30.5010700226, 26.9432029724, 16.619096756, 18.3861732483, 18.2528896332, 14.6651411057, 14.2795610428, 14.9320421219, 16.1130962372, 11.5934658051, 24.3626441956, 25.2278823853, 24.0802402496, 30.3678340912, 19.0190582275, 26.7234210968, 37.0588951111, 22.9569225311, 16.7091064453, 18.5241413116, 14.4954061508, 10.808426857, 6.07289218903, 3.70784640312, 2.63585591316, 2.02469658852, 1.21297979355, 0.48510992527, 0.256948411465, 0.136127606034, 0.0350850820541, 0.00401848787442, 0.000156731912284]}, "zerocrossingrate": {"min": 0.00244140625, "max": 0.4970703125, "dvar2": 0.000278549239738, "median": 0.05517578125, "dmean2": 0.0146356606856, "dmean": 0.0123260635883, "var": 0.00161549099721, "dvar": 0.000223263748921, "mean": 0.0631868764758}, "spectral_contrast_coeffs": {"min": [-0.99271941185, -0.957728624344, -0.957364439964, -0.957269310951, -0.961248159409, -0.960152804852], "max": [-0.291485339403, -0.333661586046, -0.466276228428, -0.481664776802, -0.564064145088, -0.546402752399], "dvar2": [0.00661623151973, 0.00435985857621, 0.00231860950589, 0.00153459014837, 0.000854779791553, 0.000683668069541], "median": [-0.647990047932, -0.72607833147, -0.789685487747, -0.789726257324, -0.790484666824, -0.733332514763], "dmean2": [0.0954059362411, 0.0822463482618, 0.0604931339622, 0.0489175766706, 0.0359264314175, 0.0285599175841], "dmean": [0.0576817914844, 0.0507645308971, 0.0377352125943, 0.0311761964113, 0.0223637036979, 0.0180603377521], "var": [0.00723820691928, 0.00697709619999, 0.00439106021076, 0.00391499884427, 0.00209542876109, 0.00216099014506], "dvar": [0.00256763515063, 0.00168866792228, 0.000956964096986, 0.000671752844937, 0.000357807264663, 0.000301117863273], "mean": [-0.640894949436, -0.718985617161, -0.781341612339, -0.779604017735, -0.786057472229, -0.730352759361]}, "dissonance": {"min": 0.154971837997, "max": 0.5, "dvar2": 0.000607837922871, "median": 0.476877719164, "dmean2": 0.0237434599549, "dmean": 0.0143590318039, "var": 0.000566422066186, "dvar": 0.000238555439864, "mean": 0.470410913229}, "spectral_energyband_high": {"min": 7.07914335258e-21, "max": 0.013508935459, "dvar2": 1.03846571164e-06, "median": 0.000891457835678, "dmean2": 0.000636941869743, "dmean": 0.000443116063252, "var": 2.07844982469e-06, "dvar": 5.00790577007e-07, "mean": 0.00132290821057}, "spectral_skewness": {"min": -0.081370100379, "max": 9.28746414185, "dvar2": 0.176754251122, "median": 1.23712038994, "dmean2": 0.317728817463, "dmean": 0.195863291621, "var": 0.277292698622, "dvar": 0.0730146765709, "mean": 1.31837296486}, "spectral_flux": {"min": 1.01575477196e-10, "max": 0.394612491131, "dvar2": 0.00642033992335, "median": 0.0915327519178, "dmean2": 0.0628398507833, "dmean": 0.0381439328194, "var": 0.00414500292391, "dvar": 0.00254835537635, "mean": 0.105479419231}, "silence_rate_30dB": {"min": 0, "max": 1, "dvar2": 0.148889794946, "median": 1, "dmean2": 0.132429197431, "dmean": 0.0662093162537, "var": 0.0467908903956, "dvar": 0.061831869185, "mean": 0.950785696507}, "spectral_energyband_middle_high": {"min": 1.52715251951e-21, "max": 0.0419082678854, "dvar2": 9.25955919229e-06, "median": 0.0037071974948, "dmean2": 0.00222192308865, "dmean": 0.00142588745803, "var": 1.51788299263e-05, "dvar": 3.87302179661e-06, "mean": 0.00454059895128}, "barkbands_spread": {"min": 0.0924959331751, "max": 113.903045654, "dvar2": 166.564056396, "median": 22.3933200836, "dmean2": 11.5029201508, "dmean": 7.25548791885, "var": 265.415557861, "dvar": 73.1569747925, "mean": 25.3367938995}, "spectral_centroid": {"min": 96.69921875, "max": 11521.2773438, "dvar2": 231343.78125, "median": 1393.75012207, "dmean2": 455.620056152, "dmean": 293.083404541, "var": 576071.625, "dvar": 106271.335938, "mean": 1482.23413086}, "pitch_salience": {"min": 0.0425637289882, "max": 0.9605230093, "dvar2": 0.0218683052808, "median": 0.550803005695, "dmean2": 0.15349625051, "dmean": 0.0930638536811, "var": 0.0212022271007, "dvar": 0.00902578886598, "mean": 0.529282867908}, "erbbands_skewness": {"min": -3.91651368141, "max": 9.73319816589, "dvar2": 0.459189653397, "median": 0.0287502072752, "dmean2": 0.568922162056, "dmean": 0.378587126732, "var": 1.0590865612, "dvar": 0.20778734982, "mean": 0.147271364927}, "erbbands_crest": {"min": 2.26149821281, "max": 30.8572807312, "dvar2": 14.861289978, "median": 6.91224098206, "dmean2": 3.92464447021, "dmean": 2.45671749115, "var": 22.635351181, "dvar": 6.24937105179, "mean": 8.35991287231}, "melbands": {"min": [3.08858229491e-23, 1.45622760693e-23, 1.1060273231e-23, 1.8587116983e-23, 1.08016088956e-23, 5.82850353139e-24, 8.23090447646e-24, 1.45325865003e-23, 8.09720123049e-24, 2.10843508418e-24, 2.81858857587e-24, 9.80381423538e-24, 5.16488612779e-24, 4.74334410359e-24, 9.78577061989e-24, 9.10849882288e-24, 1.1427376753e-23, 1.1540231983e-23, 1.00215950655e-23, 6.58846846165e-24, 1.12867031321e-23, 1.1915728985e-23, 1.05536470362e-23, 1.4709280299e-23, 1.09720848927e-23, 1.23338086987e-23, 9.26510980067e-24, 1.75405336423e-23, 9.65083280661e-24, 7.7929344239e-24, 6.19691459033e-24, 6.59605533141e-24, 1.07538985881e-23, 7.14893046899e-24, 1.41703037073e-23, 1.0885889217e-23, 1.07246594586e-23, 8.12388366175e-24, 8.35213504265e-24, 7.77732050001e-24], "max": [0.0457698814571, 0.041051030159, 0.0243685636669, 0.0257763564587, 0.0214564539492, 0.0225545950234, 0.0150021025911, 0.00801158417016, 0.00671717477962, 0.00628405110911, 0.00215448904783, 0.00271931872703, 0.00167143857107, 0.00149789615534, 0.00152382545639, 0.00199189409614, 0.0024076430127, 0.00158544851001, 0.00092720030807, 0.00369026488625, 0.00253767101094, 0.00150083226617, 0.000945398991462, 0.00207020505331, 0.000929574889597, 0.0010359644657, 0.00019111520669, 0.000410652690334, 0.000475399254356, 0.000380071433028, 9.23444167711e-05, 8.68479255587e-05, 9.54968418228e-05, 6.15758399363e-05, 5.0282869779e-05, 3.79000630346e-05, 3.6209825339e-05, 3.94214548578e-05, 3.56404489139e-05, 2.56561979768e-05], "dvar2": [0.000120969983982, 7.32261905796e-05, 5.82517259318e-06, 1.9065266315e-05, 1.00394674973e-06, 9.31326269438e-07, 3.93085969108e-07, 1.07746821243e-07, 7.0921295503e-08, 4.09412592717e-08, 1.57727857442e-08, 1.42190108576e-08, 6.10071593243e-09, 4.71142769243e-09, 5.64404301073e-09, 2.78963319111e-09, 1.01172172862e-08, 5.41410694055e-09, 1.84807558146e-09, 1.20280594373e-08, 5.05366770653e-09, 2.46671993942e-09, 1.30922261921e-09, 4.53331594485e-09, 2.96543944955e-09, 9.92937176925e-10, 2.45048953351e-10, 2.39394032375e-10, 3.73111375129e-10, 2.5466131981e-10, 7.55682183495e-11, 4.8768388633e-11, 3.05359661168e-11, 1.56399060369e-11, 9.95677325311e-12, 6.49660186758e-12, 4.59521396629e-12, 5.58394649963e-12, 4.50972809443e-12, 1.99481186777e-12], "median": [0.00113198824693, 0.00184713955969, 0.00116572342813, 0.000581412750762, 0.000390606059227, 0.000322918524034, 0.000185180921108, 8.17473701318e-05, 7.43025884731e-05, 5.15185456607e-05, 3.74429364456e-05, 2.50358461926e-05, 1.824919309e-05, 2.3507838705e-05, 1.49669340317e-05, 1.08998501673e-05, 1.87515397556e-05, 1.87403056771e-05, 1.17395738926e-05, 1.73248226929e-05, 1.52122338477e-05, 1.04011123767e-05, 1.23940717458e-05, 1.41325754157e-05, 1.5830497432e-05, 1.09614875328e-05, 7.79366109782e-06, 6.55295662e-06, 7.54780558054e-06, 6.49818412057e-06, 5.10305380885e-06, 4.10930852013e-06, 2.58035152001e-06, 1.45083026837e-06, 9.45230738125e-07, 7.69580594806e-07, 5.49838716779e-07, 5.12233896188e-07, 4.15449619595e-07, 3.71295385548e-07], "dmean2": [0.0051364437677, 0.00475347321481, 0.00179728865623, 0.00174591038376, 0.00062884768704, 0.000548373791389, 0.000349915673723, 0.000164294819115, 0.000137168128276, 9.71848057816e-05, 6.92264875397e-05, 5.24257484358e-05, 3.9362203097e-05, 4.23057535954e-05, 3.52333408955e-05, 2.60336237261e-05, 4.79955706396e-05, 3.91030480387e-05, 2.38888696913e-05, 4.34878384112e-05, 3.06413676299e-05, 1.9674836949e-05, 1.9002605768e-05, 2.51057554124e-05, 2.58801483142e-05, 1.66636655194e-05, 1.04129976535e-05, 8.67651215231e-06, 9.84654798231e-06, 8.26693030831e-06, 5.72963608647e-06, 4.64460390504e-06, 3.26821168528e-06, 2.25035432777e-06, 1.62273454407e-06, 1.36795472372e-06, 1.04616083263e-06, 1.08002166144e-06, 9.15665452794e-07, 6.53878998946e-07], "dmean": [0.00307088787667, 0.00290025956929, 0.00106121390127, 0.00100183510222, 0.000386012485251, 0.000347211025655, 0.000217279142817, 0.000100616351119, 8.76726771821e-05, 6.19795027887e-05, 4.32209708379e-05, 3.35006188834e-05, 2.55099421338e-05, 2.7125744964e-05, 2.25368348765e-05, 1.5936240743e-05, 3.1036164728e-05, 2.50261418842e-05, 1.49261741171e-05, 2.83093304461e-05, 1.90216414921e-05, 1.19721307783e-05, 1.17886975204e-05, 1.55422585522e-05, 1.61615316756e-05, 1.03580250652e-05, 6.26017617833e-06, 5.23558173882e-06, 5.98143424213e-06, 4.96371876579e-06, 3.48285334439e-06, 2.88515298053e-06, 2.08166056836e-06, 1.46072875395e-06, 1.07850917175e-06, 9.04897092369e-07, 7.07191361471e-07, 7.50941012484e-07, 6.28137797776e-07, 4.56326176845e-07], "var": [4.55138579127e-05, 3.53151808667e-05, 3.68739415535e-06, 5.17985517945e-06, 9.9410101484e-07, 1.34993877055e-06, 4.07143261327e-07, 1.00800953362e-07, 9.48676799339e-08, 5.33012851633e-08, 1.43077292236e-08, 1.47984460241e-08, 9.16487419289e-09, 5.66985702832e-09, 5.67375257887e-09, 2.28758478826e-09, 1.4562048456e-08, 6.29126661877e-09, 1.77081516117e-09, 1.39853613135e-08, 5.37631095199e-09, 1.34903233029e-09, 1.35572997273e-09, 3.36466232653e-09, 3.05206748763e-09, 1.37672295786e-09, 2.02002206628e-10, 2.31647631632e-10, 3.16994985816e-10, 1.67645813898e-10, 7.40223229934e-11, 5.4481870404e-11, 3.67422793579e-11, 1.95463246283e-11, 1.26962615768e-11, 8.47653024161e-12, 6.54835777616e-12, 8.14074415517e-12, 5.20110517155e-12, 2.64193159537e-12], "dvar": [4.99085072079e-05, 3.27178895532e-05, 2.1568023385e-06, 6.87647934683e-06, 4.28275257036e-07, 4.07017239468e-07, 1.70881648387e-07, 4.35624336603e-08, 3.51814932742e-08, 1.95469826991e-08, 6.71000632835e-09, 5.55913004519e-09, 3.11118086849e-09, 2.21041385196e-09, 2.720452974e-09, 1.2740244415e-09, 4.88544049659e-09, 2.53422860474e-09, 8.62136029234e-10, 6.08003380975e-09, 2.23118257203e-09, 1.01421482324e-09, 5.75282932402e-10, 1.75917203027e-09, 1.22000665126e-09, 4.46112313757e-10, 9.25329604606e-11, 8.93548221526e-11, 1.43463990687e-10, 8.79400788301e-11, 2.86505038444e-11, 1.99255906913e-11, 1.34025611789e-11, 7.31205807708e-12, 4.85682718002e-12, 3.02928320449e-12, 2.13151826918e-12, 2.88163763684e-12, 2.11058817992e-12, 9.39305816287e-13], "mean": [0.00325681874529, 0.00368824834004, 0.00175226887222, 0.00124199967831, 0.000708577106707, 0.000686961051542, 0.000388408079743, 0.000171247273101, 0.000153182118083, 0.000109929256723, 7.16405484127e-05, 5.84376248298e-05, 4.31456028309e-05, 4.55820554635e-05, 3.42182647728e-05, 2.26443498832e-05, 5.02330403833e-05, 4.28083330917e-05, 2.44592883973e-05, 4.62366224383e-05, 3.13681157422e-05, 1.83905067388e-05, 2.11795832001e-05, 2.85866226477e-05, 3.05935573124e-05, 2.01611219381e-05, 1.19618207464e-05, 1.05311937659e-05, 1.20217600852e-05, 1.02664498627e-05, 7.71358008933e-06, 6.40724420009e-06, 4.51470077678e-06, 2.9771545087e-06, 2.19452999772e-06, 1.81791438081e-06, 1.50696166656e-06, 1.49477341438e-06, 1.22762753563e-06, 9.52922675879e-07]}, "spectral_entropy": {"min": 3.82431340218, "max": 9.78009128571, "dvar2": 0.113232724369, "median": 7.72581529617, "dmean2": 0.258156120777, "dmean": 0.172595664859, "var": 0.240801796317, "dvar": 0.0514689609408, "mean": 7.63311243057}, "spectral_rolloff": {"min": 64.599609375, "max": 19530.6152344, "dvar2": 2275351.75, "median": 775.1953125, "dmean2": 1030.19445801, "dmean": 609.325439453, "var": 2492551, "dvar": 1022138.625, "mean": 1443.00854492}, "barkbands": {"min": [2.3401158012e-23, 9.9626045203e-23, 7.4301088946e-24, 2.61193896757e-23, 7.6817116627e-23, 3.1802308927e-23, 5.00574274872e-23, 6.63944970206e-23, 1.50185895045e-23, 4.74937368303e-23, 3.91929100898e-23, 5.96365086613e-23, 9.67835521696e-23, 9.80781802001e-23, 1.6490891099e-22, 8.72164932357e-23, 2.28673509836e-22, 3.07682814121e-22, 2.86025691886e-22, 4.18014414938e-22, 3.0919053557e-22, 4.4003918422e-22, 6.63862322827e-22, 7.48086969571e-22, 9.51538210752e-22, 1.58083454198e-21, 2.35714122445e-21], "max": [0.00558187160641, 0.185556173325, 0.0774761661887, 0.069195382297, 0.0952482298017, 0.0917056947947, 0.062687523663, 0.0281622298062, 0.0320207886398, 0.0184321906418, 0.0120337884873, 0.0128542603925, 0.0149627644569, 0.0208007581532, 0.0169402416795, 0.0411624275148, 0.0288306344301, 0.0288246646523, 0.0147993816063, 0.00740814115852, 0.00819526705891, 0.00368992681615, 0.00285002868623, 0.00285269902088, 0.00187253428157, 0.00207641697489, 0.000742367061321], "dvar2": [1.76271413466e-07, 0.00202255416662, 8.45049507916e-05, 2.93301000056e-05, 0.00026858743513, 2.09407207876e-05, 6.76313175063e-06, 1.83492034012e-06, 1.97739427676e-06, 8.22955485091e-07, 3.27649416931e-07, 4.30374115012e-07, 2.54374413089e-07, 9.69712573351e-07, 4.51928343637e-07, 1.78298398623e-06, 7.07887465978e-07, 1.14185024813e-06, 6.49691003218e-07, 1.87769614968e-07, 2.36034253476e-07, 7.15269692364e-08, 2.99969222795e-08, 2.43003999145e-08, 1.19996217407e-08, 2.27500223104e-08, 2.73472910983e-09], "median": [9.84088328551e-05, 0.00444944482297, 0.00269000348635, 0.00183725892566, 0.00278529245406, 0.00172164430842, 0.000679953896906, 0.000362236751243, 0.000362589315046, 0.000232341088122, 0.000111542256491, 0.00019864490605, 0.000104755854409, 0.00021028345509, 0.000170351937413, 0.000261017761659, 0.000201164060854, 0.000290394236799, 0.000343222665833, 0.000233836661209, 0.000286290916847, 0.000170091923792, 6.62673337501e-05, 4.41392621724e-05, 3.35473305313e-05, 1.87409532373e-05, 3.73025409317e-06], "dmean2": [0.000250732206041, 0.0208651907742, 0.0057736360468, 0.00373591063544, 0.00695402966812, 0.00277223833837, 0.00143993424717, 0.000740029732697, 0.000695702503435, 0.000447261700174, 0.000286306691123, 0.000388206914067, 0.000253181875451, 0.000499919406138, 0.000360484526027, 0.000579208775889, 0.00035873093293, 0.000460637995275, 0.000461943709524, 0.000275620928733, 0.000289899151539, 0.000173292355612, 9.4067392638e-05, 7.52113119233e-05, 5.32205849595e-05, 6.7044289608e-05, 2.16986863961e-05], "dmean": [0.00015370415349, 0.0125072710216, 0.00339839188382, 0.00220065028407, 0.00403663842008, 0.00175556307659, 0.000880361185409, 0.000462472060462, 0.000444304780103, 0.000283553672489, 0.00018517972785, 0.000248670694418, 0.000155460336828, 0.000322145118844, 0.000228609700571, 0.00037204354885, 0.00021952559473, 0.000285619142232, 0.000287582952296, 0.000165993900737, 0.00017706444487, 0.000111444678623, 6.30678623565e-05, 5.43073329027e-05, 3.8999129174e-05, 4.69525257358e-05, 1.51679714691e-05], "var": [1.34987388378e-07, 0.000777890556492, 3.9721999201e-05, 2.098134064e-05, 7.94396692072e-05, 2.90353254968e-05, 6.19500406174e-06, 1.82589155884e-06, 2.93686616715e-06, 8.28931717933e-07, 5.00021997141e-07, 4.43776258408e-07, 1.84284701277e-07, 1.28717476855e-06, 5.17507203313e-07, 2.07874813896e-06, 5.07797608407e-07, 1.01229261418e-06, 7.63226239542e-07, 1.78711033527e-07, 2.30543605539e-07, 1.07124222382e-07, 4.46515855401e-08, 4.50607302582e-08, 2.03627106288e-08, 2.15393747283e-08, 2.6143731624e-09], "dvar": [7.09357692585e-08, 0.000848049588967, 3.07166410494e-05, 1.11792778625e-05, 9.76208320935e-05, 9.02692863747e-06, 2.8302397368e-06, 7.9046992596e-07, 9.73481519395e-07, 3.28925409576e-07, 1.67841008647e-07, 2.00244571147e-07, 1.10124666719e-07, 4.57755845673e-07, 2.07949597097e-07, 8.48012348342e-07, 3.17844666142e-07, 4.40313726813e-07, 2.79555763427e-07, 7.00856475078e-08, 8.72830767662e-08, 3.2200663469e-08, 1.49880214906e-08, 1.30622161976e-08, 6.19475715169e-09, 1.13635598709e-08, 1.4287754313e-09], "mean": [0.000236464387854, 0.0131569560617, 0.00474322494119, 0.00334200682119, 0.00536449160427, 0.0035091182217, 0.00147529877722, 0.000772552040871, 0.000801528862212, 0.000493276282214, 0.000298441067571, 0.00039525522152, 0.000222161062993, 0.000528254255187, 0.000383258360671, 0.000628459558357, 0.000351834518369, 0.000550832541194, 0.000592414638959, 0.000353524636012, 0.00042611421668, 0.000273219426163, 0.000141092270496, 0.000122289595311, 8.64862959133e-05, 6.97677896824e-05, 2.07884586416e-05]}, "melbands_flatness_db": {"min": 0.00733466725796, "max": 0.816256940365, "dvar2": 0.00413692416623, "median": 0.19631844759, "dmean2": 0.0587110258639, "dmean": 0.0368513055146, "var": 0.00724082347006, "dvar": 0.00172800465953, "mean": 0.209941118956}, "melbands_skewness": {"min": -2.98264479637, "max": 19.6264896393, "dvar2": 5.55180978775, "median": 3.17470765114, "dmean2": 1.88029122353, "dmean": 1.17569172382, "var": 4.85239124298, "dvar": 2.40591883659, "mean": 3.62629437447}, "barkbands_skewness": {"min": -4.32821416855, "max": 30.546546936, "dvar2": 4.09562206268, "median": 1.81710720062, "dmean2": 1.40268325806, "dmean": 0.877952992916, "var": 3.85803246498, "dvar": 1.68295776844, "mean": 2.14432430267}, "silence_rate_60dB": {"min": 0, "max": 1, "dvar2": 0.0405213795602, "median": 0, "dmean2": 0.0369365774095, "dmean": 0.018506700173, "var": 0.0505910553038, "dvar": 0.0181611850858, "mean": 0.053441811353}, "spectral_energyband_low": {"min": 1.29232480914e-22, "max": 0.197261109948, "dvar2": 0.00195928337052, "median": 0.0111947655678, "dmean2": 0.0238412562758, "dmean": 0.0146441236138, "var": 0.000928308116272, "dvar": 0.0008721780614, "mean": 0.0199230220169}, "spectral_energyband_middle_low": {"min": 2.73089710948e-22, "max": 0.109888799489, "dvar2": 0.000370535155525, "median": 0.0129944579676, "dmean2": 0.0113887451589, "dmean": 0.00679633300751, "var": 0.000181899478775, "dvar": 0.000137593320687, "mean": 0.0154217416421}, "melbands_kurtosis": {"min": -1.84313178062, "max": 683.792480469, "dvar2": 4033.63183594, "median": 13.7061424255, "dmean2": 29.8078899384, "dmean": 17.9790153503, "var": 2243.33447266, "dvar": 1604.55603027, "mean": 26.7750110626}, "spectral_decrease": {"min": -5.2845948062e-08, "max": 7.18370785921e-29, "dvar2": 1.34588823698e-16, "median": -8.30164914589e-09, "dmean2": 7.79714159904e-09, "dmean": 4.77576866942e-09, "var": 7.05610936717e-17, "dvar": 6.0080377821e-17, "mean": -9.8410364302e-09}, "erbbands_kurtosis": {"min": -1.90639197826, "max": 152.857116699, "dvar2": 34.4115219116, "median": -0.596081733704, "dmean2": 1.73472416401, "dmean": 1.08928978443, "var": 25.5716686249, "dvar": 14.3173561096, "mean": 0.42693322897}, "melbands_crest": {"min": 2.99536657333, "max": 33.6120414734, "dvar2": 31.2293586731, "median": 13.6468696594, "dmean2": 6.3475561142, "dmean": 3.76740550995, "var": 26.0626487732, "dvar": 11.4500074387, "mean": 14.6003875732}, "gfcc": {"cov": [[10488.3955078, -1975.49267578, -74.1706695557, 329.267181396, -526.417724609, 154.023956299, -451.628540039, 127.967575073, -386.406463623, 162.311019897, -126.231117249, 285.427734375, -187.269622803], [-1975.49267578, 1882.60388184, -498.255340576, 37.9436035156, 233.519439697, -187.445175171, 254.724685669, -111.259605408, 185.293075562, -179.134994507, 116.689544678, -120.758338928, 179.238830566], [-74.1706695557, -498.255340576, 963.098510742, -48.5598335266, -13.7883262634, 128.088989258, -56.5787315369, 79.164604187, -42.6941413879, 82.3818130493, -41.8697814941, 58.5420951843, -103.584716797], [329.267181396, 37.9436035156, -48.5598335266, 296.399200439, 39.5726966858, 51.0423736572, 65.8408050537, 22.1672935486, 39.9300117493, 4.6236615181, 24.627986908, -21.9624061584, 25.8297080994], [-526.417724609, 233.519439697, -13.7883262634, 39.5726966858, 279.598327637, 55.8794174194, 121.067352295, 6.3722448349, 69.2737731934, 6.91749095917, 6.94327545166, -11.9123516083, 15.0745601654], [154.023956299, -187.445175171, 128.088989258, 51.0423736572, 55.8794174194, 199.820297241, 32.7028656006, 42.3020553589, 3.06715655327, 27.301656723, -9.53789329529, 4.60674858093, -15.9115381241], [-451.628540039, 254.724685669, -56.5787315369, 65.8408050537, 121.067352295, 32.7028656006, 203.538269043, 43.3389892578, 68.7159957886, -13.9217338562, 24.7361221313, -17.8746032715, 31.7843952179], [127.967575073, -111.259605408, 79.164604187, 22.1672935486, 6.3722448349, 42.3020553589, 43.3389892578, 110.959854126, 34.6722755432, 28.9592971802, -1.53147530556, 20.3875598907, -14.1318473816], [-386.406463623, 185.293075562, -42.6941413879, 39.9300117493, 69.2737731934, 3.06715655327, 68.7159957886, 34.6722755432, 116.219665527, 25.4471206665, 26.4552459717, -15.9441299438, 29.4277114868], [162.311019897, -179.134994507, 82.3818130493, 4.6236615181, 6.91749095917, 27.301656723, -13.9217338562, 28.9592971802, 25.4471206665, 100.328636169, 21.3009357452, 26.3046875, -21.407409668], [-126.231117249, 116.689544678, -41.8697814941, 24.627986908, 6.94327545166, -9.53789329529, 24.7361221313, -1.53147530556, 26.4552459717, 21.3009357452, 83.8444442749, 23.8848609924, 21.4990310669], [285.427734375, -120.758338928, 58.5420951843, -21.9624061584, -11.9123516083, 4.60674858093, -17.8746032715, 20.3875598907, -15.9441299438, 26.3046875, 23.8848609924, 79.0290679932, 7.8060092926], [-187.269622803, 179.238830566, -103.584716797, 25.8297080994, 15.0745601654, -15.9115381241, 31.7843952179, -14.1318473816, 29.4277114868, -21.407409668, 21.4990310669, 7.8060092926, 82.8494567871]], "icov": [[0.000181495066499, 4.71862404083e-06, 0.000181240306119, -0.000382980855647, 0.000199536865694, -0.000111790453957, 0.000181711715413, -0.00014989291958, 0.000361137441359, -0.000236257808865, 0.000465461751446, -0.000797156884801, 0.000357983459253], [4.71862404083e-06, 0.00164565909654, -1.74174747372e-05, 0.000412551424233, -0.000816047366243, 0.00104067963548, -0.000698988966178, 0.000821012654342, -0.00159344321582, 0.00253044301644, -0.00230954098515, 0.00173300993629, -0.00128759152722], [0.000181240306119, -1.74174747372e-05, 0.00162856257521, -0.000279349158518, 0.000235647356021, -0.0008095097146, 0.000315424142173, -0.000508905155584, 0.000379748933483, -0.00073336699279, 0.00113707594573, -0.00187285535503, 0.00172144873068], [-0.000382980855647, 0.000412551424233, -0.000279349158518, 0.00499660102651, -0.000587635964621, -0.000526131945662, -0.00111335096881, -0.000215227191802, -0.00105118879583, 0.000778067798819, -0.00284499884583, 0.00397389149293, -0.00233067991212], [0.000199536865694, -0.000816047366243, 0.000235647356021, -0.000587635964621, 0.00656047277153, -0.00213981978595, -0.00287845334969, 0.00262730009854, -0.00223106495105, -0.00162344879936, 0.00336734228767, -0.00369401439093, 0.00248932419345], [-0.000111790453957, 0.00104067963548, -0.0008095097146, -0.000526131945662, -0.00213981978595, 0.0075072972104, -0.000868353876285, -0.00158583046868, 0.000941688020248, 0.000165258621564, -0.00125398754608, 0.00257862685248, -0.00166775402613], [0.000181711715413, -0.000698988966178, 0.000315424142173, -0.00111335096881, -0.00287845334969, -0.000868353876285, 0.0101346280426, -0.00506643112749, -7.15334026609e-05, 0.00141528923996, -0.00158262485638, 0.00104284193367, -0.00102732807864], [-0.00014989291958, 0.000821012654342, -0.000508905155584, -0.000215227191802, 0.00262730009854, -0.00158583046868, -0.00506643112749, 0.0169535204768, -0.00829877890646, 0.000829458702356, 0.00289558363147, -0.00617423234507, 0.00436105253175], [0.000361137441359, -0.00159344321582, 0.000379748933483, -0.00105118879583, -0.00223106495105, 0.000941688020248, -7.15334026609e-05, -0.00829877890646, 0.0212439894676, -0.00935983750969, -0.000998957431875, 0.00571477785707, -0.00597864203155], [-0.000236257808865, 0.00253044301644, -0.00073336699279, 0.000778067798819, -0.00162344879936, 0.000165258621564, 0.00141528923996, 0.000829458702356, -0.00935983750969, 0.0205422863364, -0.00745215220377, -0.00148456345778, 0.00346384663135], [0.000465461751446, -0.00230954098515, 0.00113707594573, -0.00284499884583, 0.00336734228767, -0.00125398754608, -0.00158262485638, 0.00289558363147, -0.000998957431875, -0.00745215220377, 0.0223899632692, -0.0120887467638, 0.00236298702657], [-0.000797156884801, 0.00173300993629, -0.00187285535503, 0.00397389149293, -0.00369401439093, 0.00257862685248, 0.00104284193367, -0.00617423234507, 0.00571477785707, -0.00148456345778, -0.0120887467638, 0.0282159615308, -0.0113524533808], [0.000357983459253, -0.00128759152722, 0.00172144873068, -0.00233067991212, 0.00248932419345, -0.00166775402613, -0.00102732807864, 0.00436105253175, -0.00597864203155, 0.00346384663135, 0.00236298702657, -0.0113524533808, 0.0223835892975]], "mean": [17.9474925995, 85.8796691895, -101.4894104, 46.7001533508, -48.0578842163, 2.35241723061, -30.7384395599, 3.9350104332, -20.6468715668, 5.01877355576, -16.1259536743, 0.479502111673, -10.1157207489]}, "melbands_spread": {"min": 0.193825021386, "max": 199.322311401, "dvar2": 281.803924561, "median": 17.0354270935, "dmean2": 13.4606428146, "dmean": 8.38863277435, "var": 415.493286133, "dvar": 124.050765991, "mean": 22.948764801}, "spectral_energy": {"min": 1.03175780689e-20, "max": 0.201677456498, "dvar2": 0.00194434938021, "median": 0.0337656289339, "dmean2": 0.0298733413219, "dmean": 0.0183292813599, "var": 0.00103786517866, "dvar": 0.000869838695507, "mean": 0.0393391698599}, "mfcc": {"cov": [[7854.41113281, -921.302307129, -273.958496094, 46.6859741211, -198.499481201, -81.4555206299, -90.9096069336, -40.1883087158, -160.076431274, -119.039718628, -66.4798583984, -35.2359199524, -25.0895042419], [-921.302307129, 1326.99157715, -312.729064941, 126.793327332, -25.2602558136, -14.4592227936, 1.37904477119, 43.5511665344, 48.2391204834, -36.5171890259, -1.48990249634, -14.1157341003, 2.1866748333], [-273.958496094, -312.729064941, 713.477111816, -56.3600883484, 86.1926879883, 10.5088195801, 23.2240180969, 7.37661981583, -20.1502780914, 32.0917129517, -1.04347372055, 31.5455741882, 20.5606098175], [46.6859741211, 126.793327332, -56.3600883484, 232.122055054, -4.64672613144, 23.5163021088, 24.3326396942, 30.0086669922, 38.2230529785, 16.8158416748, 31.381105423, 11.6213541031, 2.1648619175], [-198.499481201, -25.2602558136, 86.1926879883, -4.64672613144, 149.043777466, 69.0538711548, 28.7622032166, 19.3427906036, 21.5016174316, 25.0379734039, 10.99269104, 13.2168254852, 15.2560138702], [-81.4555206299, -14.4592227936, 10.5088195801, 23.5163021088, 69.0538711548, 138.623321533, 62.5937690735, 31.4914302826, 38.0413742065, 33.3642959595, 15.2359991074, 11.5249385834, 7.37923574448], [-90.9096069336, 1.37904477119, 23.2240180969, 24.3326396942, 28.7622032166, 62.5937690735, 106.116615295, 59.3055915833, 30.2198810577, 24.0446681976, 17.8138313293, 11.5071458817, 6.89005708694], [-40.1883087158, 43.5511665344, 7.37661981583, 30.0086669922, 19.3427906036, 31.4914302826, 59.3055915833, 103.168296814, 54.0055999756, 21.8364830017, 16.3128948212, 14.7313671112, 10.8877716064], [-160.076431274, 48.2391204834, -20.1502780914, 38.2230529785, 21.5016174316, 38.0413742065, 30.2198810577, 54.0055999756, 101.852806091, 52.1083183289, 18.8563480377, 8.28443145752, 4.56189346313], [-119.039718628, -36.5171890259, 32.0917129517, 16.8158416748, 25.0379734039, 33.3642959595, 24.0446681976, 21.8364830017, 52.1083183289, 82.3646621704, 37.7315979004, 9.78900623322, 4.15166378021], [-66.4798583984, -1.48990249634, -1.04347372055, 31.381105423, 10.99269104, 15.2359991074, 17.8138313293, 16.3128948212, 18.8563480377, 37.7315979004, 74.1467132568, 36.5099563599, 5.91170406342], [-35.2359199524, -14.1157341003, 31.5455741882, 11.6213541031, 13.2168254852, 11.5249385834, 11.5071458817, 14.7313671112, 8.28443145752, 9.78900623322, 36.5099563599, 75.0446853638, 38.946105957], [-25.0895042419, 2.1866748333, 20.5606098175, 2.1648619175, 15.2560138702, 7.37923574448, 6.89005708694, 10.8877716064, 4.56189346313, 4.15166378021, 5.91170406342, 38.946105957, 72.0843734741]], "icov": [[0.000160463387147, 0.000149643659825, 0.000101956306025, -0.000128938656417, 0.000152876673383, -7.68609606894e-05, 0.000176962566911, -0.000251218647463, 0.00027638184838, 6.04269916948e-05, 0.000108030588308, 6.06870912634e-07, -7.51322886572e-06], [0.000149643659825, 0.00105844018981, 0.000431784370448, -0.000497672881465, -3.13504096994e-05, 0.000157181901159, 0.000199424350285, -0.000466033292469, -0.00027347743162, 0.000809651974123, -6.16082324996e-05, 0.000275721336948, -0.000219601104618], [0.000101956306025, 0.000431784370448, 0.00189976929687, 3.58202242978e-07, -0.00103916146327, 0.000666608917527, -0.00029260199517, -0.000527086551301, 0.00120455864817, -0.00134049076587, 0.00124457199126, -0.00113488454372, 0.000251842371654], [-0.000128938656417, -0.000497672881465, 3.58202242978e-07, 0.00524736288935, 0.00051574583631, -0.000566549540963, -0.000474271422718, 5.15471801918e-05, -0.00175787252374, 0.000893140968401, -0.00241147703491, 0.000435400608694, -0.000178748203325], [0.000152876673383, -3.13504096994e-05, -0.00103916146327, 0.00051574583631, 0.00993831083179, -0.0050448756665, 0.00115133076906, -0.000737285823561, -1.42187373058e-05, -0.00030180925387, -0.000631148112006, 0.000522638030816, -0.00146285898518], [-7.68609606894e-05, 0.000157181901159, 0.000666608917527, -0.000566549540963, -0.0050448756665, 0.0133151598275, -0.00699243787676, 0.00234953686595, -0.00222335848957, -0.00173419853672, 0.00138179725036, -0.00127045821864, 0.000627150177024], [0.000176962566911, 0.000199424350285, -0.00029260199517, -0.000474271422718, 0.00115133076906, -0.00699243787676, 0.0186449736357, -0.0100161414593, 0.00333650480025, -0.0014371573925, -0.00109378888737, 0.000669652188662, -4.43796816398e-05], [-0.000251218647463, -0.000466033292469, -0.000527086551301, 5.15471801918e-05, -0.000737285823561, 0.00234953686595, -0.0100161414593, 0.0199920386076, -0.0102214422077, 0.00385522493161, -0.0016109632561, -0.00057878770167, -0.0012015971588], [0.00027638184838, -0.00027347743162, 0.00120455864817, -0.00175787252374, -1.42187373058e-05, -0.00222335848957, 0.00333650480025, -0.0102214422077, 0.0227361805737, -0.0137187698856, 0.00510858884081, -0.00226146657951, 0.00142340885941], [6.04269916948e-05, 0.000809651974123, -0.00134049076587, 0.000893140968401, -0.00030180925387, -0.00173419853672, -0.0014371573925, 0.00385522493161, -0.0137187698856, 0.027586909011, -0.0140439430252, 0.00672116596252, -0.00305177713744], [0.000108030588308, -6.16082324996e-05, 0.00124457199126, -0.00241147703491, -0.000631148112006, 0.00138179725036, -0.00109378888737, -0.0016109632561, 0.00510858884081, -0.0140439430252, 0.0280281174928, -0.0155710326508, 0.00669663585722], [6.06870912634e-07, 0.000275721336948, -0.00113488454372, 0.000435400608694, 0.000522638030816, -0.00127045821864, 0.000669652188662, -0.00057878770167, -0.00226146657951, 0.00672116596252, -0.0155710326508, 0.02797947824, -0.0137385502458], [-7.51322886572e-06, -0.000219601104618, 0.000251842371654, -0.000178748203325, -0.00146285898518, 0.000627150177024, -4.43796816398e-05, -0.0012015971588, 0.00142340885941, -0.00305177713744, 0.00669663585722, -0.0137385502458, 0.0212005674839]], "mean": [-627.430114746, 112.6195755, 7.9386882782, 44.1528015137, 5.07076406479, 7.99693536758, -0.0829386040568, -0.448334366083, 1.85858130455, -0.287407875061, 1.97427260876, -1.74411666393, -2.2391037941]}, "spectral_contrast_valleys": {"min": [-27.3936805725, -27.2267932892, -27.7603168488, -27.5163383484, -27.2849597931, -27.2157039642], "max": [-5.16828966141, -4.62627506256, -5.64436721802, -5.81355476379, -5.64669656754, -7.6612701416], "dvar2": [0.33792668581, 0.364428073168, 0.330412268639, 0.333340704441, 0.273435771465, 0.414185911417], "median": [-6.59059524536, -6.50085258484, -7.28463983536, -7.5263466835, -7.0345788002, -9.75556659698], "dmean2": [0.684712648392, 0.646316111088, 0.582575380802, 0.530277729034, 0.417508006096, 0.397184431553], "dmean": [0.414353430271, 0.396672129631, 0.370256006718, 0.344241559505, 0.275629967451, 0.29711034894], "var": [0.980868339539, 0.854398429394, 0.89202362299, 0.984480142593, 1.19848954678, 1.88683199883], "dvar": [0.149635836482, 0.166915014386, 0.164358139038, 0.168886378407, 0.150734648108, 0.23036518693], "mean": [-6.81817626953, -6.66758012772, -7.45462751389, -7.70053339005, -7.27990341187, -10.0345096588]}, "barkbands_flatness_db": {"min": 0.0172417871654, "max": 0.659920930862, "dvar2": 0.00309267104603, "median": 0.119164124131, "dmean2": 0.0483380407095, "dmean": 0.0302070342004, "var": 0.00483290664852, "dvar": 0.00125823309645, "mean": 0.133080080152}, "dynamic_complexity": 2.33389258385, "erbbands_flatness_db": {"min": 0.0401437357068, "max": 0.436136215925, "dvar2": 0.000809798599221, "median": 0.119607105851, "dmean2": 0.0254430044442, "dmean": 0.0176337882876, "var": 0.00264674378559, "dvar": 0.000422373472247, "mean": 0.13302564621}, "hfc": {"min": 1.16740383661e-16, "max": 138.75604248, "dvar2": 1