{"lowlevel": {"spectral_complexity": {"min": 0, "max": 57, "dvar2": 21.5084667206, "median": 5, "dmean2": 2.82820820808, "dmean": 1.95578014851, "var": 79.2731399536, "dvar": 12.1680078506, "mean": 7.95697975159}, "silence_rate_20dB": {"min": 1, "max": 1, "dvar2": 0, "median": 1, "dmean2": 0, "dmean": 0, "var": 0, "dvar": 0, "mean": 1}, "average_loudness": 0.291746556759, "erbbands_spread": {"min": 0.686486780643, "max": 191.552078247, "dvar2": 422.085845947, "median": 33.07472229, "dmean2": 15.1752948761, "dmean": 10.1513576508, "var": 735.708068848, "dvar": 197.011611938, "mean": 39.0288963318}, "spectral_kurtosis": {"min": -1.14101970196, "max": 55.4507751465, "dvar2": 13.1868162155, "median": 4.77180719376, "dmean2": 2.80786204338, "dmean": 1.7748953104, "var": 23.4126148224, "dvar": 5.33559608459, "mean": 5.85665464401}, "barkbands_kurtosis": {"min": -1.94828522205, "max": 1965.00756836, "dvar2": 3369.77514648, "median": 7.74129295349, "dmean2": 19.2472877502, "dmean": 12.6951694489, "var": 6094.02099609, "dvar": 1520.27416992, "mean": 29.0436649323}, "spectral_strongpeak": {"min": 0, "max": 13.7488536835, "dvar2": 1.21497762203, "median": 0.361399590969, "dmean2": 0.567508220673, "dmean": 0.35520529747, "var": 1.48782980442, "dvar": 0.524841725826, "mean": 0.800884962082}, "spectral_spread": {"min": 1433692.625, "max": 27661128, "dvar2": 2550662430720.0, "median": 4589884, "dmean2": 1048621.875, "dmean": 757156.8125, "var": 5577019752450.0, "dvar": 1422678425600.0, "mean": 5292922}, "spectral_rms": {"min": 4.46488224171e-09, "max": 0.0161244347692, "dvar2": 2.55142504102e-06, "median": 0.00338288932107, "dmean2": 0.000978509662673, "dmean": 0.000684490369167, "var": 7.89241494203e-06, "dvar": 1.198928544e-06, "mean": 0.00375719997101}, "erbbands": {"min": [3.1553281716e-15, 1.74877981833e-14, 5.89714095698e-14, 1.43249710596e-13, 2.89019107041e-13, 5.14208467473e-13, 8.36393237655e-13, 1.27281833077e-12, 1.84012831014e-12, 2.55423178268e-12, 3.43113211454e-12, 4.48779078135e-12, 5.74046712942e-12, 7.20506553725e-12, 8.89824238598e-12, 1.08361843804e-11, 1.30326392039e-11, 1.55001341623e-11, 1.8246269079e-11, 2.12716753933e-11, 2.45658094561e-11, 2.81043192191e-11, 3.18373556685e-11, 3.5687276051e-11, 3.95335535142e-11, 4.32019697794e-11, 4.64532856626e-11, 4.8977905065e-11, 5.0395129042e-11, 5.0279010122e-11, 4.82168020788e-11, 4.3920794085e-11, 3.73867534154e-11, 2.90737503517e-11, 2.00048762278e-11, 1.16270300679e-11, 5.32308875797e-12, 1.71793905056e-12, 3.23084766406e-13, 2.51456197715e-14], "max": [7.58231735229, 37.9049949646, 130.221069336, 165.480377197, 295.99319458, 555.702941895, 605.382141113, 1591.79589844, 1749.21057129, 2391.36669922, 4985.6171875, 2137.16503906, 1563.92321777, 1870.86962891, 1059.66149902, 2065.5793457, 3394.15087891, 1381.31665039, 673.73425293, 1562.18310547, 678.814819336, 476.09362793, 276.760009766, 235.824813843, 313.490722656, 187.492507935, 288.712463379, 136.95350647, 185.132644653, 130.55329895, 167.813583374, 226.834335327, 171.187179565, 197.982925415, 119.337501526, 21.4691371918, 11.9550075531, 1.52277946472, 0.183038175106, 0.00773487892002], "dvar2": [0.204403728247, 8.13739871979, 101.268234253, 149.403610229, 347.279815674, 1319.62524414, 1088.05322266, 2257.8190918, 8338.21972656, 14149.8193359, 20366.9882812, 4173.59228516, 4435.44091797, 3749.24951172, 2172.68457031, 6853.19140625, 3195.72753906, 1746.89660645, 730.468566895, 3165.63208008, 746.973815918, 421.744598389, 249.887832642, 217.59854126, 171.863601685, 90.7975921631, 93.2383117676, 56.1814842224, 73.8315505981, 42.6423110962, 32.1756820679, 27.5082912445, 24.245300293, 8.7878704071, 4.64309501648, 0.992247879505, 0.227027729154, 0.00850255228579, 0.000118614407256, 1.75118756829e-07], "median": [0.00702600181103, 0.0568730682135, 0.144365206361, 0.290200412273, 0.700440108776, 1.49881017208, 2.55110383034, 2.19608020782, 2.30285978317, 1.53962302208, 1.32858073711, 0.940314769745, 1.18042826653, 0.904812455177, 0.570689916611, 0.589277744293, 0.532170593739, 0.564242124557, 0.489613831043, 0.444441854954, 0.614280283451, 0.701294004917, 0.640210807323, 0.977662861347, 0.795187115669, 0.752338945866, 0.459411501884, 0.361630499363, 0.260329097509, 0.15901426971, 0.120316676795, 0.0914174690843, 0.0720133110881, 0.0415148474276, 0.0193313863128, 0.00765503849834, 0.00272722635418, 0.000774221727625, 0.000111846224172, 2.70067466772e-05], "dmean2": [0.131886735559, 0.904102265835, 2.71954369545, 3.6055123806, 5.91234779358, 10.3399562836, 10.5531435013, 13.4297037125, 22.6473693848, 32.9476203918, 29.9542446136, 15.7858867645, 16.1814403534, 15.7590780258, 12.8625240326, 16.8382072449, 12.3323564529, 9.80546379089, 7.04120826721, 9.56453609467, 7.04823350906, 5.52246379852, 4.4400229454, 5.10697555542, 4.02759838104, 3.22616934776, 2.84113073349, 2.42943143845, 2.18871974945, 1.52743971348, 1.33475220203, 1.00746619701, 0.852661073208, 0.613607347012, 0.426876246929, 0.253642857075, 0.107607781887, 0.0231009535491, 0.00279112835415, 0.000110527776997], "dmean": [0.0848488360643, 0.567615151405, 1.59674334526, 2.20150852203, 3.50646519661, 6.19095277786, 6.64747905731, 8.55354499817, 15.1166391373, 22.8039035797, 20.1714344025, 10.922712326, 10.8374891281, 10.9332733154, 9.13949966431, 11.5295448303, 9.00173568726, 6.59047412872, 4.73329305649, 6.41489267349, 4.73433208466, 3.704641819, 2.84990620613, 3.3352792263, 2.7145884037, 2.15400362015, 1.90565800667, 1.66942727566, 1.47328972816, 1.06036961079, 0.919422566891, 0.703811347485, 0.579361736774, 0.43708562851, 0.296612113714, 0.170438438654, 0.07092705369, 0.0153956338763, 0.00185052072629, 7.37565860618e-05], "var": [0.217871844769, 6.9972281456, 41.5382575989, 86.712638855, 180.745254517, 621.087768555, 753.241271973, 1510.20397949, 6036.95947266, 21644.0742188, 24937.7753906, 5149.46484375, 3480.58496094, 6896.29443359, 3742.62597656, 8087.28222656, 14925.8427734, 3112.93676758, 833.350708008, 2350.7565918, 970.421264648, 507.141235352, 213.161529541, 236.961685181, 214.388320923, 120.802825928, 126.386230469, 77.1264953613, 65.3560180664, 36.7732543945, 35.5852203369, 40.6515769958, 24.8581199646, 15.8312044144, 4.68066883087, 0.793475031853, 0.125424027443, 0.00497092679143, 6.89687876729e-05, 1.01925181184e-07], "dvar": [0.0851586312056, 3.24898505211, 37.5738868713, 59.1416893005, 132.879486084, 486.537750244, 440.202941895, 936.696411133, 3467.95166016, 7405.37597656, 10306.3359375, 2113.35864258, 1906.04699707, 1831.5916748, 1208.85644531, 3286.98339844, 2092.00219727, 818.258300781, 337.269622803, 1285.27893066, 378.43170166, 196.892227173, 102.136825562, 95.0481796265, 78.1478271484, 39.4454116821, 41.2087898254, 27.3907356262, 32.809387207, 18.9483909607, 15.0112667084, 13.5083379745, 10.8014278412, 5.74986696243, 2.41992926598, 0.473432600498, 0.0985510572791, 0.00376833649352, 5.26698604517e-05, 7.71008430434e-08], "mean": [0.230942994356, 1.31387495995, 2.60852909088, 3.55620908737, 5.64570808411, 10.1829395294, 11.7314891815, 13.7627763748, 24.2750740051, 41.9625663757, 33.0171546936, 19.3751487732, 17.615983963, 20.543762207, 15.9210672379, 18.5293273926, 18.8399066925, 12.1706218719, 7.99196958542, 10.0417404175, 8.10351753235, 6.5980553627, 5.09827136993, 6.18347644806, 5.25127840042, 4.4723815918, 3.82320356369, 3.17294120789, 2.6704454422, 1.91895091534, 1.6191188097, 1.26012933254, 0.986954808235, 0.695154905319, 0.410762012005, 0.212905019522, 0.0827128961682, 0.018117222935, 0.00216644024476, 0.00010491120338]}, "zerocrossingrate": {"min": 0.001953125, "max": 0.509765625, "dvar2": 0.000808338110801, "median": 0.03759765625, "dmean2": 0.0158002469689, "dmean": 0.014111880213, "var": 0.00446833483875, "dvar": 0.000694593356457, "mean": 0.0581935234368}, "spectral_contrast_coeffs": {"min": [-0.999947786331, -0.999862492085, -0.999710023403, -0.998984396458, -0.995135247707, -0.968404531479], "max": [-0.232288017869, -0.27195250988, -0.361764729023, -0.412896126509, -0.54163402319, -0.569617092609], "dvar2": [0.00475293584168, 0.00432561244816, 0.00262126652524, 0.00159428571351, 0.000973356189206, 0.000606786983553], "median": [-0.653498709202, -0.699558377266, -0.779517829418, -0.801629126072, -0.791937410831, -0.791522681713], "dmean2": [0.0781349912286, 0.0752079412341, 0.0589285120368, 0.0468416139483, 0.0356084145606, 0.0259702336043], "dmean": [0.048491936177, 0.0484280772507, 0.0381264947355, 0.0307032074779, 0.0226085875183, 0.0171114876866], "var": [0.0133024370298, 0.0132052982226, 0.00979429669678, 0.00542693585157, 0.00268421159126, 0.00224626087584], "dvar": [0.00194761017337, 0.0019779370632, 0.00117882702034, 0.00076708936831, 0.000430344021879, 0.000292820564937], "mean": [-0.642784237862, -0.680830717087, -0.763887703419, -0.787437915802, -0.786674559116, -0.789836883545]}, "dissonance": {"min": 0.161511152983, "max": 0.500000059605, "dvar2": 0.001837518299, "median": 0.456583678722, "dmean2": 0.0396699756384, "dmean": 0.0245495922863, "var": 0.00277416431345, "dvar": 0.000720252399333, "mean": 0.440329045057}, "spectral_energyband_high": {"min": 1.45954856003e-14, "max": 0.0286367852241, "dvar2": 9.13079873044e-07, "median": 5.16763284395e-05, "dmean2": 0.000301245308947, "dmean": 0.000218313449295, "var": 1.5252699086e-06, "dvar": 4.84554220748e-07, "mean": 0.000442131451564}, "spectral_skewness": {"min": -0.267910331488, "max": 6.20993423462, "dvar2": 0.14745849371, "median": 1.70691215992, "dmean2": 0.363729387522, "dmean": 0.238883808255, "var": 0.469340443611, "dvar": 0.066429682076, "mean": 1.79301249981}, "spectral_flux": {"min": 0.000153996283188, "max": 0.432156741619, "dvar2": 0.0026383313816, "median": 0.0408509001136, "dmean2": 0.0355361811817, "dmean": 0.0224568489939, "var": 0.00323342974298, "dvar": 0.00114198273513, "mean": 0.0574892349541}, "silence_rate_30dB": {"min": 0, "max": 1, "dvar2": 0.0350425355136, "median": 1, "dmean2": 0.03216342628, "dmean": 0.0160799659789, "var": 0.0218792110682, "dvar": 0.0158220380545, "mean": 0.977620840073}, "spectral_energyband_middle_high": {"min": 4.29708199768e-15, "max": 0.068205922842, "dvar2": 1.61822863447e-05, "median": 0.000261823850451, "dmean2": 0.00144105392974, "dmean": 0.00106689869426, "var": 3.99111049774e-05, "dvar": 8.44867099659e-06, "mean": 0.00262735434808}, "barkbands_spread": {"min": 0.123610153794, "max": 124.647201538, "dvar2": 238.829681396, "median": 9.94833183289, "dmean2": 8.67608737946, "dmean": 5.74246311188, "var": 326.676574707, "dvar": 106.533241272, "mean": 16.3701076508}, "spectral_centroid": {"min": 118.677513123, "max": 5781.01464844, "dvar2": 260333.390625, "median": 796.752075195, "dmean2": 328.802062988, "dmean": 223.598510742, "var": 676139.75, "dvar": 138683.765625, "mean": 1045.18505859}, "pitch_salience": {"min": 0.0233006067574, "max": 0.996697187424, "dvar2": 0.0126152727753, "median": 0.48846873641, "dmean2": 0.110563144088, "dmean": 0.0711178705096, "var": 0.0252950582653, "dvar": 0.00552978785709, "mean": 0.475584983826}, "erbbands_skewness": {"min": -4.79620504379, "max": 15.5412158966, "dvar2": 0.782779157162, "median": 1.05934417248, "dmean2": 0.78137254715, "dmean": 0.535855531693, "var": 2.65102887154, "dvar": 0.408193588257, "mean": 1.21763169765}, "erbbands_crest": {"min": 1.98369812965, "max": 33.5220909119, "dvar2": 20.5322093964, "median": 11.0722398758, "dmean2": 4.74505329132, "dmean": 3.03118729591, "var": 45.013168335, "dvar": 9.26410770416, "mean": 12.7177181244}, "melbands": {"min": [2.86532783385e-17, 2.86409765084e-17, 2.86509092932e-17, 2.86462340684e-17, 2.86495295559e-17, 2.86477891679e-17, 2.86496784485e-17, 2.86495394821e-17, 2.86499629986e-17, 2.86507405484e-17, 2.86520276414e-17, 2.86525835068e-17, 2.86535959758e-17, 2.86546349147e-17, 2.86559054641e-17, 2.86570171949e-17, 2.86588204486e-17, 2.86602862126e-17, 2.86611597154e-17, 2.86615766144e-17, 2.8661593158e-17, 2.86609082525e-17, 2.86576690132e-17, 2.86520673461e-17, 2.8642554769e-17, 2.86286118126e-17, 2.86067543921e-17, 2.85747689722e-17, 2.85289266226e-17, 2.84645818972e-17, 2.83758452698e-17, 2.82541802365e-17, 2.8090008046e-17, 2.787019307e-17, 2.75790883601e-17, 2.71982064296e-17, 2.67042687617e-17, 2.60717617976e-17, 2.52709450856e-17, 2.42710657047e-17], "max": [0.0600183643401, 0.0549144819379, 0.0244552344084, 0.0398191437125, 0.0168849676847, 0.0314704924822, 0.0278839655221, 0.0275485739112, 0.0349393412471, 0.011898862198, 0.00800824165344, 0.00756488600746, 0.00409032823518, 0.00605917116627, 0.0051850490272, 0.00531617505476, 0.00247508962639, 0.00115511263721, 0.00107665744144, 0.00204038829543, 0.00109424861148, 0.000705700134858, 0.000301681429846, 0.000436342030298, 0.000214451298234, 0.000286164926365, 0.000210101017728, 0.000154317531269, 0.000228909702855, 0.000144876496051, 8.62217566464e-05, 0.000140859410749, 8.29617056297e-05, 7.73344800109e-05, 0.000106551990029, 0.000128762127133, 0.000137259645271, 0.000133001405629, 0.000120919117762, 0.000204535695957], "dvar2": [1.35242344186e-05, 1.7985355953e-05, 4.64262666355e-06, 4.07188872487e-06, 1.17957949897e-06, 1.04008518065e-06, 1.94797166841e-06, 1.61054856562e-06, 1.18056345855e-06, 1.48229759134e-07, 1.1066147465e-07, 6.44292796892e-08, 2.35552075623e-08, 5.9912892425e-08, 2.25498162365e-08, 2.40123263495e-08, 5.82601433763e-09, 1.99428340508e-09, 3.28509686121e-09, 5.3588311566e-09, 1.32818744891e-09, 7.42425398936e-10, 2.67663252673e-10, 3.09522046882e-10, 1.70772257446e-10, 1.20626147959e-10, 7.23746895748e-11, 4.83806328333e-11, 5.56153942344e-11, 4.21726299715e-11, 2.06997995134e-11, 3.10568758211e-11, 1.93532082721e-11, 1.4694353373e-11, 1.23059904281e-11, 1.36296304104e-11, 1.01294354848e-11, 1.45821774794e-11, 9.13504341615e-12, 8.14282495598e-12], "median": [6.85632694513e-05, 9.21180399018e-05, 6.22265797574e-05, 8.13285878394e-05, 9.24331616261e-05, 5.03186965943e-05, 3.0510876968e-05, 1.38725044962e-05, 7.33897422833e-06, 4.13146653955e-06, 4.37026483269e-06, 2.76382502307e-06, 1.49779134517e-06, 1.25859469335e-06, 1.13046746719e-06, 9.48898957631e-07, 8.46011346312e-07, 6.61337594465e-07, 4.98054816944e-07, 4.96075813317e-07, 6.64658784899e-07, 6.28427187621e-07, 5.8862417518e-07, 5.54627717975e-07, 7.75220541982e-07, 6.15219676092e-07, 4.77101764318e-07, 4.54264551308e-07, 2.77888887013e-07, 2.28214844356e-07, 1.92981886471e-07, 1.45680772334e-07, 1.08663357423e-07, 7.61365726021e-08, 6.81137208858e-08, 5.70824241208e-08, 5.19408018818e-08, 4.93075162922e-08, 4.29718625128e-08, 3.06061664901e-08], "dmean2": [0.00112076220103, 0.00128234340809, 0.00065533129964, 0.000603237363975, 0.000365685817087, 0.000303144508507, 0.000358580000466, 0.000352474831743, 0.000226951538934, 9.4306844403e-05, 8.09209086583e-05, 6.50791407679e-05, 4.37977978436e-05, 5.13739978487e-05, 3.25169457938e-05, 2.77860617643e-05, 1.85180360859e-05, 1.16533037726e-05, 1.25726255646e-05, 1.25879623738e-05, 8.69243376656e-06, 6.76912259223e-06, 4.66971414426e-06, 4.73888712804e-06, 4.51726236861e-06, 3.4366712498e-06, 2.6989359867e-06, 2.28325120588e-06, 2.13093812818e-06, 1.85794795016e-06, 1.46896877595e-06, 1.35865354878e-06, 1.11606630071e-06, 8.72459111179e-07, 8.21746255042e-07, 7.67063966123e-07, 6.0937611579e-07, 6.30505837762e-07, 5.88922944189e-07, 5.44155909665e-07], "dmean": [0.00071916723391, 0.000775785767473, 0.00039885553997, 0.000359770609066, 0.000230077042943, 0.000193481333554, 0.000239675617195, 0.000243839807808, 0.000153532993863, 6.40430589556e-05, 5.42336711078e-05, 4.49369799753e-05, 3.13300879498e-05, 3.39735997841e-05, 2.28535373026e-05, 1.94591830223e-05, 1.22508745335e-05, 7.74016461946e-06, 8.3284030552e-06, 8.33212470752e-06, 5.78504432269e-06, 4.46939657195e-06, 2.98667782772e-06, 3.00847750623e-06, 2.90421166937e-06, 2.27185523727e-06, 1.80757979251e-06, 1.48747346884e-06, 1.36184075927e-06, 1.21606205994e-06, 9.85594624581e-07, 9.02444810436e-07, 7.44948749798e-07, 5.90041224768e-07, 5.58669228212e-07, 5.20619323652e-07, 4.1333814238e-07, 4.17152051568e-07, 3.99976954668e-07, 3.81610220757e-07], "var": [1.40492984428e-05, 9.87055227597e-06, 2.62691992248e-06, 1.97213353204e-06, 8.29279201753e-07, 7.09739879312e-07, 1.72033423951e-06, 2.465083071e-06, 1.37654205901e-06, 1.72557562905e-07, 8.82733175445e-08, 1.16924233851e-07, 5.24201269059e-08, 5.56693500187e-08, 5.90521942456e-08, 5.73063054787e-08, 8.91830609362e-09, 2.15666817738e-09, 2.66961652784e-09, 3.88693921494e-09, 1.6671931613e-09, 8.14948997174e-10, 2.25039376023e-10, 2.32012589696e-10, 1.62637889267e-10, 1.41004402598e-10, 8.12548708873e-11, 5.45568624999e-11, 6.53919557392e-11, 4.16533023351e-11, 2.45826796419e-11, 2.40933956813e-11, 1.53399411229e-11, 1.14694044193e-11, 1.16371677919e-11, 1.47734602329e-11, 1.59102869768e-11, 1.29173824415e-11, 1.10204458406e-11, 1.27865218413e-11], "dvar": [5.5643131418e-06, 6.87693545842e-06, 1.83342285709e-06, 1.52169525336e-06, 4.67698185957e-07, 4.30460090683e-07, 8.42701751935e-07, 8.45470367494e-07, 6.02398984029e-07, 7.27467153183e-08, 4.79812101162e-08, 3.14194856799e-08, 1.41223983618e-08, 2.73246900662e-08, 1.19978693647e-08, 1.30212924887e-08, 2.66706035035e-09, 9.22386500513e-10, 1.42343792309e-09, 2.21300577863e-09, 6.68886668276e-10, 3.48537393391e-10, 1.14222735437e-10, 1.25029292475e-10, 7.32761351596e-11, 5.57001389456e-11, 3.0821952629e-11, 1.99986086719e-11, 2.34074131605e-11, 1.80052587423e-11, 9.76283724002e-12, 1.34451920084e-11, 8.09787133182e-12, 6.4569465226e-12, 5.57003141527e-12, 6.20246735916e-12, 4.97783802025e-12, 6.18080456607e-12, 4.50600581153e-12, 5.27147336199e-12], "mean": [0.0019243224524, 0.00150194042362, 0.000657361117192, 0.000594150100369, 0.000423040939495, 0.000313826516503, 0.000409895961639, 0.00044345803326, 0.00024511187803, 0.000110355358629, 8.46016482683e-05, 8.15978273749e-05, 5.56435952603e-05, 4.9939219025e-05, 4.22806551796e-05, 3.79830453312e-05, 2.03566851269e-05, 1.20983995657e-05, 1.2691531083e-05, 1.23692689158e-05, 9.34240961215e-06, 7.32237549528e-06, 4.88364003104e-06, 4.83460507894e-06, 5.02371221955e-06, 4.11447672377e-06, 3.29374051944e-06, 2.88987257591e-06, 2.56141288446e-06, 2.07457742363e-06, 1.75050115558e-06, 1.53890516685e-06, 1.27465580135e-06, 9.94226411422e-07, 9.39304811709e-07, 8.70836800004e-07, 7.21950982552e-07, 6.89225544193e-07, 6.39707877781e-07, 5.76443085265e-07]}, "spectral_entropy": {"min": 3.82304191589, "max": 9.56531238556, "dvar2": 0.142089873552, "median": 7.15328073502, "dmean2": 0.325872242451, "dmean": 0.232186436653, "var": 0.592385649681, "dvar": 0.0771899819374, "mean": 7.09675884247}, "spectral_rolloff": {"min": 64.599609375, "max": 16666.6992188, "dvar2": 6671935, "median": 516.796875, "dmean2": 1007.66522217, "dmean": 596.687072754, "var": 6839205.5, "dvar": 3104138.5, "mean": 1438.16430664}, "barkbands": {"min": [5.72808876082e-17, 8.59684443113e-17, 5.72757855582e-17, 5.7311241828e-17, 1.43271149635e-16, 1.43216913057e-16, 1.43247551827e-16, 1.43255955982e-16, 2.00545558765e-16, 2.00567899259e-16, 2.00557046649e-16, 2.5791300917e-16, 2.86566677938e-16, 3.15269156979e-16, 3.72581947289e-16, 4.29918269233e-16, 4.87246491425e-16, 6.01703088972e-16, 7.4443459921e-16, 9.1454750826e-16, 1.1951466538e-15, 1.43672394436e-15, 1.68222257396e-15, 2.18272978969e-15, 2.72002756385e-15, 2.87845787685e-15, 2.11402588855e-15], "max": [0.0116041162983, 0.187945783138, 0.109018914402, 0.0578168593347, 0.14338645339, 0.135064914823, 0.172239348292, 0.18808439374, 0.100260414183, 0.0483554676175, 0.0289841201156, 0.0524436309934, 0.0613018013537, 0.0226903837174, 0.0145941562951, 0.0231021326035, 0.0150456512347, 0.00578504661098, 0.00613813148811, 0.00587647873908, 0.00514333322644, 0.00512064946815, 0.00544419977814, 0.00895563513041, 0.0179234854877, 0.00484879873693, 0.00110609841067], "dvar2": [4.96540735639e-07, 0.000165319943335, 9.86226659734e-05, 2.01411785383e-05, 6.54487594147e-05, 2.49892218562e-05, 4.95865497214e-05, 4.21782642661e-05, 9.7786914921e-06, 3.70894895241e-06, 1.63785114182e-06, 4.18570880356e-06, 2.07602624869e-06, 4.38759684585e-07, 4.75058158145e-07, 6.44710496545e-07, 2.54438788261e-07, 9.50356167095e-08, 7.97453409973e-08, 5.13010576242e-08, 4.0758855846e-08, 5.00044876617e-08, 4.12335126043e-08, 6.74904470088e-08, 7.48044186594e-08, 5.40481934763e-08, 3.90119048177e-09], "median": [7.64948435972e-06, 0.000244365131948, 0.000107234664029, 6.12581789028e-05, 0.000474467669846, 0.000299171282677, 0.000109106273158, 3.81972786272e-05, 2.51196925092e-05, 2.6874095056e-05, 9.8456057458e-06, 9.7848551377e-06, 9.0506473498e-06, 8.34015190776e-06, 7.36776655685e-06, 8.14126542537e-06, 1.27262883325e-05, 1.13511714517e-05, 1.7891110474e-05, 1.48202825585e-05, 1.02224848888e-05, 6.65911011311e-06, 4.32723891208e-06, 4.47652791991e-06, 3.19925493386e-06, 1.59293767865e-06, 5.96117160967e-07], "dmean2": [0.000196645254618, 0.00401693861932, 0.00258854660206, 0.00130521645769, 0.00256500486284, 0.00160045933444, 0.00192524550948, 0.00153426430188, 0.000708206964191, 0.000523396069184, 0.000353666953743, 0.000427423074143, 0.000290569878416, 0.000173267399077, 0.0001667898905, 0.000156781810801, 0.00012022905139, 9.04274274944e-05, 9.25797285163e-05, 7.16561844456e-05, 6.34393145447e-05, 5.65553527849e-05, 4.69266487926e-05, 4.87428478664e-05, 5.60832631891e-05, 5.6640132243e-05, 1.58904604177e-05], "dmean": [0.000130903121317, 0.00257191155106, 0.00151175050996, 0.000795432250015, 0.0015402144054, 0.00101773545612, 0.00130203110166, 0.00101934978738, 0.000468680635095, 0.000356298085535, 0.000248383381404, 0.000281638116576, 0.00019883151981, 0.000115327893582, 0.000109461259854, 0.000102365942439, 7.97860193416e-05, 5.72513163206e-05, 6.13382726442e-05, 4.74776934425e-05, 4.31392145401e-05, 3.86721621908e-05, 3.24279753841e-05, 3.35078184435e-05, 3.97735093429e-05, 3.75751405954e-05, 1.05203016574e-05], "var": [4.72017205766e-07, 0.000159713788889, 3.74425762857e-05, 1.18326834126e-05, 3.45439984812e-05, 1.69051363628e-05, 5.93428630964e-05, 5.6557062635e-05, 9.67139476415e-06, 4.80173775941e-06, 3.38060635841e-06, 4.29901047028e-06, 6.56422116663e-06, 6.82888241954e-07, 4.38246956946e-07, 4.72229316983e-07, 2.66506134494e-07, 7.61782601444e-08, 9.31850081543e-08, 6.37473291931e-08, 5.72675986632e-08, 4.50592203549e-08, 4.26060644543e-08, 8.93598439689e-08, 1.10786864127e-07, 3.5138885579e-08, 2.26084928556e-09], "dvar": [2.25486786576e-07, 6.69313885737e-05, 3.63786202797e-05, 7.98533528723e-06, 2.4598213713e-05, 1.02424319266e-05, 2.30949062825e-05, 2.10528924072e-05, 4.85894315716e-06, 1.80635117886e-06, 9.25741005631e-07, 1.96970427169e-06, 1.17529816634e-06, 2.14563002032e-07, 2.15475623122e-07, 2.72272529855e-07, 1.20553409033e-07, 3.83199818543e-08, 3.48174147291e-08, 2.17174775941e-08, 1.91850180187e-08, 2.24286846873e-08, 1.89925870586e-08, 3.15485451097e-08, 4.58609612508e-08, 2.45038602742e-08, 1.73436454087e-09], "mean": [0.000266070273938, 0.00654334016144, 0.0023251560051, 0.00112219550647, 0.00272553507239, 0.00167300540488, 0.00231486139819, 0.00162884232122, 0.000775508175138, 0.000597558566369, 0.000434210756794, 0.000416523136664, 0.000395882991143, 0.000188172838534, 0.000170194703969, 0.000154795197886, 0.000130185653688, 9.53137205215e-05, 0.00011420204828, 9.81754128588e-05, 8.45126487548e-05, 7.01730896253e-05, 5.73262841499e-05, 5.98148690187e-05, 5.97098151047e-05, 4.5533037337e-05, 1.22935598483e-05]}, "melbands_flatness_db": {"min": 4.64456970803e-05, "max": 0.682222425938, "dvar2": 0.00228684465401, "median": 0.268846601248, "dmean2": 0.0412962026894, "dmean": 0.0293645821512, "var": 0.0124845346436, "dvar": 0.00119868130423, "mean": 0.278055310249}, "melbands_skewness": {"min": -3.00067281723, "max": 31.0833244324, "dvar2": 4.31737804413, "median": 3.19161558151, "dmean2": 1.65801644325, "dmean": 1.12574064732, "var": 11.0701932907, "dvar": 2.12430477142, "mean": 4.0640912056}, "barkbands_skewness": {"min": -5.24995994568, "max": 39.7437400818, "dvar2": 3.18238782883, "median": 2.30406355858, "dmean2": 1.34107720852, "dmean": 0.929454803467, "var": 10.1384248734, "dvar": 1.62186551094, "mean": 3.08348679543}, "silence_rate_60dB": {"min": 0, "max": 1, "dvar2": 0.0915725380182, "median": 0, "dmean2": 0.0962729528546, "dmean": 0.0481312461197, "var": 0.208484977484, "dvar": 0.0458169095218, "mean": 0.296252042055}, "spectral_energyband_low": {"min": 2.00541866231e-16, "max": 0.207973524928, "dvar2": 0.000333616218995, "median": 0.000815251609311, "dmean2": 0.006193023175, "dmean": 0.00390940252692, "var": 0.00031034956919, "dvar": 0.000136849135743, "mean": 0.00977402925491}, "spectral_energyband_middle_low": {"min": 8.88163861321e-16, "max": 0.196669727564, "dvar2": 0.000267862080364, "median": 0.00433278596029, "dmean2": 0.00693029910326, "dmean": 0.00446792086586, "var": 0.00029779173201, "dvar": 0.000115865455882, "mean": 0.0104622328654}, "melbands_kurtosis": {"min": -1.90958309174, "max": 1893.16455078, "dvar2": 4525.85351562, "median": 17.0609340668, "dmean2": 31.910161972, "dmean": 21.3348789215, "var": 9834.83886719, "dvar": 2149.91479492, "mean": 50.6178855896}, "spectral_decrease": {"min": -6.85762202579e-08, "max": 1.07416499306e-10, "dvar2": 4.29504963477e-17, "median": -2.93070523405e-09, "dmean2": 2.98113578268e-09, "dmean": 1.96647542694e-09, "var": 5.53325860981e-17, "dvar": 1.83485054584e-17, "mean": -5.68802338563e-09}, "erbbands_kurtosis": {"min": -1.88629245758, "max": 367.529998779, "dvar2": 111.631584167, "median": 1.24139499664, "dmean2": 4.3582777977, "dmean": 2.86077523232, "var": 188.000747681, "dvar": 52.8622207642, "mean": 4.71585607529}, "melbands_crest": {"min": 1.01562988758, "max": 37.2236442566, "dvar2": 23.9226398468, "median": 17.0982456207, "dmean2": 5.05706262589, "dmean": 3.17595601082, "var": 43.6344032288, "dvar": 10.215675354, "mean": 17.7724342346}, "gfcc": {"cov": [[17735.0117188, 824.361572266, -854.466491699, -131.886749268, -1084.60339355, 1221.73962402, 199.45954895, 514.691955566, 723.016052246, 384.225158691, -274.61114502, -355.953430176, -323.534790039], [824.361572266, 2570.96508789, 247.092102051, 358.147766113, 508.624084473, -3.14324855804, 343.723815918, -1.33858656883, 92.5049209595, -164.505249023, 41.7423858643, -143.945465088, 75.3016586304], [-854.466491699, 247.092102051, 1729.40246582, 722.476501465, 578.856567383, 221.612762451, 15.4221563339, 85.8544006348, -48.6996803284, -84.7552490234, -85.4403991699, 10.9823722839, 2.97951436043], [-131.886749268, 358.147766113, 722.476501465, 1040.26831055, 553.299865723, 95.6929626465, 81.2744064331, 60.6053199768, 32.6995811462, -82.8193664551, -40.0936584473, -16.3733463287, 49.8580703735], [-1084.60339355, 508.624084473, 578.856567383, 553.299865723, 871.859924316, 208.203170776, 146.806884766, 9.40738964081, -71.4198074341, -85.2532424927, -36.8153572083, 4.70911836624, 52.7955474854], [1221.73962402, -3.14324855804, 221.612762451, 95.6929626465, 208.203170776, 686.924072266, 260.349609375, 106.374916077, 68.8300476074, 77.182975769, 11.6817188263, -58.438117981, -82.0251922607], [199.45954895, 343.723815918, 15.4221563339, 81.2744064331, 146.806884766, 260.349609375, 393.513275146, 150.927444458, 84.0802154541, 50.2216682434, 59.9169921875, -27.2052764893, -40.9148483276], [514.691955566, -1.33858656883, 85.8544006348, 60.6053199768, 9.40738964081, 106.374916077, 150.927444458, 245.935165405, 153.331924438, 67.4750061035, 12.6971149445, -1.86906611919, -16.5221824646], [723.016052246, 92.5049209595, -48.6996803284, 32.6995811462, -71.4198074341, 68.8300476074, 84.0802154541, 153.331924438, 269.172698975, 105.431724548, 19.0716667175, -27.1211357117, -10.8320140839], [384.225158691, -164.505249023, -84.7552490234, -82.8193664551, -85.2532424927, 77.182975769, 50.2216682434, 67.4750061035, 105.431724548, 175.835678101, 73.9313201904, 3.1218957901, -29.4687156677], [-274.61114502, 41.7423858643, -85.4403991699, -40.0936584473, -36.8153572083, 11.6817188263, 59.9169921875, 12.6971149445, 19.0716667175, 73.9313201904, 159.536376953, 57.9783782959, 10.3458166122], [-355.953430176, -143.945465088, 10.9823722839, -16.3733463287, 4.70911836624, -58.438117981, -27.2052764893, -1.86906611919, -27.1211357117, 3.1218957901, 57.9783782959, 142.361587524, 70.6252212524], [-323.534790039, 75.3016586304, 2.97951436043, 49.8580703735, 52.7955474854, -82.0251922607, -40.9148483276, -16.5221824646, -10.8320140839, -29.4687156677, 10.3458166122, 70.6252212524, 141.447341919]], "icov": [[0.000148013074067, -0.00024506385671, 0.000162510099472, -0.000220516158151, 0.000388792483136, -0.00048027507728, 0.000408033840358, -0.000352512404788, 0.000153305241838, -0.000493484083563, 0.000699675118085, -0.000430849555414, 0.000269421841949], [-0.00024506385671, 0.00121439655777, -0.000427728984505, 0.000549936667085, -0.00103804538958, 0.00117823202163, -0.00155028840527, 0.00123293825891, -0.00118046172429, 0.00206493795849, -0.00220026867464, 0.00217623868957, -0.00121145218145], [0.000162510099472, -0.000427728984505, 0.00120000902098, -0.000800002017058, 0.00018893511151, -0.000876742589753, 0.00111783889588, -0.00113886035979, 0.000723225530237, -0.000749580853153, 0.00123510463163, -0.00114864739589, 0.000849909498356], [-0.000220516158151, 0.000549936667085, -0.000800002017058, 0.00223585753702, -0.00154357322026, 0.00099358218722, -0.000822044326924, 0.000658181961626, -0.00123875576537, 0.0017392905429, -0.00171438627876, 0.00152788334526, -0.000946983520407], [0.000388792483136, -0.00103804538958, 0.00018893511151, -0.00154357322026, 0.00349999195896, -0.00184775667731, 0.000620393373538, -0.000828064396046, 0.00155258784071, -0.00184736738447, 0.00278789270669, -0.00192318425979, 0.000177216163138], [-0.00048027507728, 0.00117823202163, -0.000876742589753, 0.00099358218722, -0.00184775667731, 0.0040699862875, -0.00308658881113, 0.00168237742037, -0.00101305008866, 0.00119373470079, -0.00229077599943, 0.00230674748309, -0.000517086591572], [0.000408033840358, -0.00155028840527, 0.00111783889588, -0.000822044326924, 0.000620393373538, -0.00308658881113, 0.00732054933906, -0.00467655109242, 0.00158927461598, -0.00160472816788, 0.000486022618134, -0.00158993701916, 0.00212032813579], [-0.000352512404788, 0.00123293825891, -0.00113886035979, 0.000658181961626, -0.000828064396046, 0.00168237742037, -0.00467655109242, 0.0100771188736, -0.00516524352133, 0.00129097246099, -0.000707123428583, 0.000102141937532, -0.000687523686793], [0.000153305241838, -0.00118046172429, 0.000723225530237, -0.00123875576537, 0.00155258784071, -0.00101305008866, 0.00158927461598, -0.00516524352133, 0.00904115941375, -0.00546769425273, 0.00243811309338, -0.000166125726537, -0.000452236592537], [-0.000493484083563, 0.00206493795849, -0.000749580853153, 0.0017392905429, -0.00184736738447, 0.00119373470079, -0.00160472816788, 0.00129097246099, -0.00546769425273, 0.0145472520962, -0.00880989059806, 0.00379731575958, -0.000396566552809], [0.000699675118085, -0.00220026867464, 0.00123510463163, -0.00171438627876, 0.00278789270669, -0.00229077599943, 0.000486022618134, -0.000707123428583, 0.00243811309338, -0.00880989059806, 0.0157777238637, -0.0087860673666, 0.00262316549197], [-0.000430849555414, 0.00217623868957, -0.00114864739589, 0.00152788334526, -0.00192318425979, 0.00230674748309, -0.00158993701916, 0.000102141937532, -0.000166125726537, 0.00379731575958, -0.0087860673666, 0.0164822805673, -0.00785949546844], [0.000269421841949, -0.00121145218145, 0.000849909498356, -0.000946983520407, 0.000177216163138, -0.000517086591572, 0.00212032813579, -0.000687523686793, -0.000452236592537, -0.000396566552809, 0.00262316549197, -0.00785949546844, 0.0124290222302]], "mean": [-109.23349762, 75.5150222778, -87.0620574951, 25.5193386078, -54.3843231201, -7.75563573837, -33.6366157532, 4.62486457825, -24.9383106232, 3.85213065147, -9.60154342651, 4.11515712738, -7.32284927368]}, "melbands_spread": {"min": 0.136083737016, "max": 273.307678223, "dvar2": 575.167419434, "median": 8.8165102005, "dmean2": 10.099562645, "dmean": 6.64949512482, "var": 731.285400391, "dvar": 275.129974365, "mean": 17.1799373627}, "spectral_energy": {"min": 2.0433551769e-14, "max": 0.266497343779, "dvar2": 0.000644762476441, "median": 0.0117300394922, "dmean2": 0.0116252331063, "dmean": 0.0077164368704, "var": 0.000862674845848, "dvar": 0.000277371960692, "mean": 0.0225590821356}, "mfcc": {"cov": [[17141.671875, 756.91595459, -469.967895508, -817.342834473, -636.424865723, 340.029846191, -328.022094727, 127.929634094, 465.929534912, 701.036499023, 463.09588623, 159.461349487, 144.115921021], [756.91595459, 2108.63720703, 84.2208404541, 327.753143311, 166.77192688, 114.517845154, 216.556655884, 150.49118042, 110.295303345, 68.1130752563, 14.7199039459, -13.0598478317, -83.7349853516], [-469.967895508, 84.2208404541, 1040.89416504, 386.361968994, 388.531402588, 201.942565918, 156.421386719, 156.053512573, 93.3448181152, 40.4428825378, 23.1113376617, 13.442691803, -17.1567306519], [-817.342834473, 327.753143311, 386.361968994, 971.109069824, 466.552703857, 70.3587646484, 110.181396484, 118.121200562, 102.586990356, -33.9694099426, -58.232635498, 7.88155269623, -32.9253768921], [-636.424865723, 166.77192688, 388.531402588, 466.552703857, 657.773254395, 267.573730469, 167.066772461, 135.853042603, 116.951919556, -11.1778974533, -44.4286384583, -31.3589744568, -41.2828292847], [340.029846191, 114.517845154, 201.942565918, 70.3587646484, 267.573730469, 450.262390137, 268.158599854, 152.671066284, 98.5342636108, 94.2045516968, 76.9645309448, 5.43129634857, 6.2232336998], [-328.022094727, 216.556655884, 156.421386719, 110.181396484, 167.066772461, 268.158599854, 387.269256592, 176.327377319, 66.3406143188, 45.5839767456, 70.3591003418, 28.7896156311, 22.1788578033], [127.929634094, 150.49118042, 156.053512573, 118.121200562, 135.853042603, 152.671066284, 176.327377319, 252.9972229, 138.179260254, 69.2882537842, 53.1311569214, 42.841003418, 29.1726551056], [465.929534912, 110.295303345, 93.3448181152, 102.586990356, 116.951919556, 98.5342636108, 66.3406143188, 138.179260254, 231.961425781, 134.632766724, 60.9831314087, 31.6800193787, 23.8719768524], [701.036499023, 68.1130752563, 40.4428825378, -33.9694099426, -11.1778974533, 94.2045516968, 45.5839767456, 69.2882537842, 134.632766724, 226.889266968, 135.328796387, 54.9001197815, 32.2018432617], [463.09588623, 14.7199039459, 23.1113376617, -58.232635498, -44.4286384583, 76.9645309448, 70.3591003418, 53.1311569214, 60.9831314087, 135.328796387, 200.844970703, 97.3589553833, 44.7108345032], [159.461349487, -13.0598478317, 13.442691803, 7.88155269623, -31.3589744568, 5.43129634857, 28.7896156311, 42.841003418, 31.6800193787, 54.9001197815, 97.3589553833, 154.01361084, 88.0050811768], [144.115921021, -83.7349853516, -17.1567306519, -32.9253768921, -41.2828292847, 6.2232336998, 22.1788578033, 29.1726551056, 23.8719768524, 32.2018432617, 44.7108345032, 88.0050811768, 157.357528687]], "icov": [[8.27954499982e-05, -4.54988039564e-05, 1.51108606588e-05, 2.27755153901e-05, 0.000107027342892, -0.000197123983526, 0.00023185875034, -3.86693209293e-05, -0.000105284838355, -8.70345538715e-05, -6.53207462165e-05, 2.31227477343e-05, -4.38512106484e-05], [-4.54988039564e-05, 0.000581255706493, 6.03326006967e-05, -0.000185784432688, -1.23945892483e-05, 0.000201225993806, -0.000454461522168, -9.82204219326e-05, 1.27563853312e-05, -0.000187772820937, 0.000177123525646, -8.69419673108e-05, 0.000424520898378], [1.51108606588e-05, 6.03326006967e-05, 0.00133800390176, -0.000273094046861, -0.00052289274754, -0.000122468511108, 5.36479201401e-05, -0.000497427827213, 0.000318534031976, -0.000294056546409, -0.000139403666253, -3.38488935085e-05, 0.000129718828248], [2.27755153901e-05, -0.000185784432688, -0.000273094046861, 0.00189132487867, -0.00128067552578, 0.000782055722084, -0.000253471574979, -4.21695185651e-05, -0.00037627783604, 0.000134743648232, 0.000352865463356, -0.000662389677018, 0.000222573042265], [0.000107027342892, -1.23945892483e-05, -0.00052289274754, -0.00128067552578, 0.00401710858569, -0.0024005244486, 0.000525160110556, 0.000136703980388, -0.00149928138126, 0.00104095740244, 0.000673911941703, 3.52713941538e-05, 0.000423087069066], [-0.000197123983526, 0.000201225993806, -0.000122468511108, 0.000782055722084, -0.0024005244486, 0.00602969573811, -0.00334353302605, -0.000335622724378, 0.000665356230456, -0.00141636701301, -0.000625930202659, 0.00103460752871, -0.000108732063381], [0.00023185875034, -0.000454461522168, 5.36479201401e-05, -0.000253471574979, 0.000525160110556, -0.00334353302605, 0.00656751729548, -0.00294584687799, 0.000832764082588, 0.000793579441961, -0.0015751554165, 0.000508744153194, -0.000736591871828], [-3.86693209293e-05, -9.82204219326e-05, -0.000497427827213, -4.21695185651e-05, 0.000136703980388, -0.000335622724378, -0.00294584687799, 0.00892459973693, -0.00460071256384, 0.0011516235536, 0.000297796126688, -0.00140697555616, -0.000105561419332], [-0.000105284838355, 1.27563853312e-05, 0.000318534031976, -0.00037627783604, -0.00149928138126, 0.000665356230456, 0.000832764082588, -0.00460071256384, 0.0106758847833, -0.00591409625486, 0.00108580174856, 0.000468099373393, -0.000604512693826], [-8.70345538715e-05, -0.000187772820937, -0.000294056546409, 0.000134743648232, 0.00104095740244, -0.00141636701301, 0.000793579441961, 0.0011516235536, -0.00591409625486, 0.0119265392423, -0.00613433402032, 0.000921052356716, -0.000335914402967], [-6.53207462165e-05, 0.000177123525646, -0.000139403666253, 0.000352865463356, 0.000673911941703, -0.000625930202659, -0.0015751554165, 0.000297796126688, 0.00108580174856, -0.00613433402032, 0.0127286976203, -0.00664879241958, 0.0017734717112], [2.31227477343e-05, -8.69419673108e-05, -3.38488935085e-05, -0.000662389677018, 3.52713941538e-05, 0.00103460752871, 0.000508744153194, -0.00140697555616, 0.000468099373393, 0.000921052356716, -0.00664879241958, 0.0141712138429, -0.00634811073542], [-4.38512106484e-05, 0.000424520898378, 0.000129718828248, 0.000222573042265, 0.000423087069066, -0.000108732063381, -0.000736591871828, -0.000105561419332, -0.000604512693826, -0.000335914402967, 0.0017734717112, -0.00634811073542, 0.0101272594184]], "mean": [-766.507507324, 114.057289124, 17.9933948517, 33.7631607056, 0.772264242172, -4.83435058594, -0.0535507798195, -3.32658624649, -5.88431453705, -3.69953656197, -2.11693835258, -0.164774626493, -0.560123443604]}, "spectral_contrast_valleys": {"min": [-19.4355144501, -19.4384307861, -19.44572258, -19.472448349, -19.5976657867, -20.414560318], "max": [-5.04282093048, -4.15057849884, -4.92350101471, -5.19363021851, -5.67928028107, -7.30927562714], "dvar2": [0.378005981445, 0.327634185553, 0.343286603689, 0.31612470746, 0.256884157658, 0.353613197803], "median": [-8.18225097656, -7.92295980453, -8.80657100677, -9.31346607208, -8.81788730621, -11.0341234207], "dmean2": [0.66585457325, 0.624472439289, 0.589342296124, 0.523339688778, 0.423873662949, 0.409113019705], "dmean": [0.423582345247, 0.402389228344, 0.392240613699, 0.364426344633, 0.308734059334, 0.332131266594], "var": [3.3324098587, 2.2212126255, 2.0794968605, 2.05876255035, 1.92811608315, 2.0368874073], "dvar": [0.183753967285, 0.158787429333, 0.172224864364, 0.171307846904, 0.14946359396, 0.214064016938], "mean": [-8.42552757263, -8.03098678589, -8.85133361816, -9.36442279816, -8.92222595215, -11.1239547729]}, "barkbands_flatness_db": {"min": 0.0237043388188, "max": 0.528384685516, "dvar2": 0.00159852846991, "median": 0.187911510468, "dmean2": 0.0361259169877, "dmean": 0.0254910849035, "var": 0.0080401673913, "dvar": 0.000820966786705, "mean": 0.199366420507}, "dynamic_complexity": 7.59045219421, "erbbands_flatness_db": {"min": 0.0241668261588, "max": 0.448656588793, "dvar2": 0.00101984734647, "median": 0.170382648706, "dmean2": 0.0293317269534, "dmean": 0.0210885126144, "var": 0.00461245654151, "dvar": 0.00055