{"lowlevel": {"spectral_complexity": {"min": 0, "max": 54, "dvar2": 78.6068496704, "median": 11, "dmean2": 6.95224809647, "dmean": 4.82575750351, "var": 116.664833069, "dvar": 38.4019393921, "mean": 13.309179306}, "silence_rate_20dB": {"min": 1, "max": 1, "dvar2": 0, "median": 1, "dmean2": 0, "dmean": 0, "var": 0, "dvar": 0, "mean": 1}, "average_loudness": 0.914746642113, "erbbands_spread": {"min": 1.3111218214, "max": 213.053512573, "dvar2": 698.64666748, "median": 41.8904304504, "dmean2": 22.9024066925, "dmean": 15.3577985764, "var": 781.561889648, "dvar": 300.460754395, "mean": 47.3245735168}, "spectral_kurtosis": {"min": -1.53695213795, "max": 60.0396614075, "dvar2": 19.1380825043, "median": 3.32911539078, "dmean2": 2.65671610832, "dmean": 1.66452157497, "var": 14.5164499283, "dvar": 7.81763744354, "mean": 4.19672822952}, "barkbands_kurtosis": {"min": -1.97468566895, "max": 1667.43530273, "dvar2": 11446.4980469, "median": 5.76298904419, "dmean2": 37.8896331787, "dmean": 24.8243942261, "var": 11125.9208984, "dvar": 5568.07958984, "mean": 34.2372512817}, "spectral_strongpeak": {"min": 0, "max": 12.6447715759, "dvar2": 1.48817145824, "median": 0.479843914509, "dmean2": 0.692083418369, "dmean": 0.419006496668, "var": 0.771040797234, "dvar": 0.570138573647, "mean": 0.712721645832}, "spectral_spread": {"min": 1330303, "max": 40471448, "dvar2": 2724596023300.0, "median": 5116845, "dmean2": 1285167.125, "dmean": 912020.125, "var": 4136345796610.0, "dvar": 1456427761660.0, "mean": 5417467.5}, "spectral_rms": {"min": 1.53510029577e-07, "max": 0.0168681610376, "dvar2": 6.33216541246e-06, "median": 0.00500630075112, "dmean2": 0.0021358623635, "dmean": 0.00151145120617, "var": 1.40870051837e-05, "dvar": 3.45439639204e-06, "mean": 0.00571743818}, "erbbands": {"min": [1.42538567754e-11, 1.4646286961e-10, 3.62869900794e-10, 4.7289566707e-10, 3.42047723478e-10, 2.32924457499e-10, 2.91227097993e-10, 1.07396558313e-09, 6.25366203266e-10, 1.02618824549e-09, 1.3928270759e-09, 2.52058085515e-09, 7.91647303267e-10, 3.38460126592e-09, 2.06599937158e-09, 5.19274045985e-09, 3.06986014387e-09, 4.17015755261e-09, 8.49622150412e-09, 8.39726510549e-09, 4.35260494314e-09, 1.63232130035e-08, 2.33021335561e-08, 5.32187165447e-08, 2.6943123288e-08, 1.74301408862e-08, 3.5899194728e-08, 2.65099604491e-08, 7.03447966544e-08, 4.79852886315e-08, 7.77364874693e-08, 4.74671466577e-08, 3.79179141419e-08, 1.9293032949e-08, 1.44754883635e-08, 1.33311530703e-08, 5.25405630114e-09, 1.77722558892e-09, 3.53374912665e-10, 7.20750958916e-11], "max": [12.3994121552, 61.7686195374, 186.307327271, 197.809448242, 425.911468506, 366.552093506, 296.051879883, 614.912109375, 510.060150146, 389.67098999, 407.101745605, 735.627502441, 1396.43347168, 1400.23352051, 969.189758301, 835.390930176, 1169.41906738, 521.369689941, 757.427307129, 954.282409668, 846.129455566, 470.278930664, 653.613891602, 1267.61950684, 412.918884277, 231.42137146, 241.953079224, 191.23626709, 199.851409912, 191.770812988, 159.360809326, 110.054229736, 158.804672241, 103.767127991, 90.5851669312, 26.2213230133, 7.01591253281, 1.27529978752, 0.138517230749, 0.0109853874892], "dvar2": [1.61465144157, 111.46672821, 1347.69152832, 980.709106445, 2617.52392578, 1415.85668945, 390.018951416, 799.891540527, 1494.06176758, 1183.48156738, 1065.00646973, 2768.81518555, 2148.03759766, 3808.51757812, 2208.64648438, 2211.11572266, 2907.52539062, 2646.78027344, 2885.83837891, 3670.10473633, 1947.7565918, 824.304382324, 1300.44958496, 1881.73168945, 829.083068848, 424.735076904, 367.208862305, 236.090164185, 160.974151611, 102.481735229, 95.8142929077, 50.3514099121, 35.8561248779, 22.588722229, 8.67962265015, 2.3250348568, 0.16385602951, 0.00456102844328, 5.76133461436e-05, 4.84621182295e-07], "median": [0.224184200168, 0.986187517643, 0.966666102409, 1.23420381546, 2.02420258522, 2.23901605606, 2.33810782433, 2.22015309334, 1.84667897224, 1.68574917316, 2.11168479919, 2.80882978439, 2.93752622604, 3.13774394989, 4.29161930084, 3.8920404911, 5.00102329254, 4.7043466568, 6.08799266815, 5.30734491348, 4.51477575302, 3.49625658989, 3.33955621719, 4.1885061264, 3.72156906128, 3.20794415474, 2.82936310768, 2.08014297485, 1.44287919998, 1.21823918819, 1.22812664509, 0.893096148968, 0.406642824411, 0.210971161723, 0.104770720005, 0.0410301424563, 0.014707329683, 0.00294719962403, 0.000288940529572, 6.20823702775e-05], "dmean2": [0.765584588051, 5.27109718323, 12.6811437607, 12.9778604507, 19.4684352875, 15.355134964, 9.30634689331, 11.4739465714, 16.5048484802, 13.5491571426, 13.6576662064, 21.0699386597, 19.5453414917, 23.1433429718, 19.5167675018, 17.8823127747, 22.7390365601, 21.5269641876, 27.0616455078, 28.4093933105, 21.857170105, 13.7321615219, 15.8250312805, 18.8250389099, 13.8563776016, 10.393661499, 9.18018341064, 7.02306747437, 5.20560693741, 4.30387735367, 3.88162708282, 2.66417884827, 1.77279686928, 1.30129384995, 0.769628584385, 0.366387218237, 0.121461108327, 0.0238500256091, 0.002639162587, 0.000206994984183], "dmean": [0.580788254738, 3.34136629105, 7.37179756165, 7.65890645981, 12.9880828857, 9.80263996124, 5.83287000656, 7.22104597092, 9.81242275238, 7.83106708527, 8.32211875916, 13.1285982132, 12.6198387146, 14.8307819366, 12.6529569626, 11.5260925293, 14.4590110779, 13.5200510025, 17.1133003235, 17.2864589691, 13.7085409164, 8.75202274323, 9.89821434021, 11.9955015182, 8.60579776764, 6.40148973465, 5.66439723969, 4.3341126442, 3.31682991982, 2.88770580292, 2.66296100616, 1.81646227837, 1.18647015095, 0.906297683716, 0.551522314548, 0.262069642544, 0.0873972848058, 0.0172716025263, 0.00190963677596, 0.000140855641803], "var": [3.39554977417, 76.2031707764, 367.781311035, 285.027557373, 1540.23547363, 591.956237793, 296.917236328, 653.844055176, 642.996276855, 405.484069824, 504.251861572, 1833.76000977, 2033.8927002, 3082.20507812, 2525.40332031, 2499.2980957, 1907.24523926, 1488.15197754, 2434.91967773, 1839.80065918, 1322.07055664, 599.48059082, 851.179626465, 1613.62426758, 496.233215332, 220.481109619, 189.942123413, 124.160583496, 101.408912659, 83.3994827271, 79.0704727173, 33.2282981873, 17.1654453278, 15.7683954239, 7.7716178894, 1.48948740959, 0.109244354069, 0.00364035624079, 4.33202658314e-05, 2.40360009229e-07], "dvar": [1.00048661232, 46.4231758118, 503.756713867, 370.084442139, 1265.51501465, 586.683898926, 168.073608398, 374.218536377, 581.008178711, 452.69418335, 423.142150879, 1131.20996094, 981.641662598, 1635.94128418, 1023.26245117, 948.574584961, 1199.46606445, 1029.6229248, 1255.63122559, 1484.13012695, 821.097717285, 344.936889648, 545.551818848, 874.382751465, 330.426544189, 164.987915039, 143.572174072, 93.3647079468, 68.9608840942, 49.0292358398, 47.1203308105, 22.6318264008, 14.6116657257, 10.6796121597, 4.48315191269, 1.06938827038, 0.075192682445, 0.00225130561739, 2.76385708275e-05, 1.97885967168e-07], "mean": [1.0835723877, 4.9233789444, 6.44087457657, 7.13438224792, 13.9772825241, 10.4177522659, 8.118724823, 9.54961109161, 10.5432939529, 7.57104063034, 9.44859886169, 16.5764961243, 18.0590744019, 21.0922355652, 19.0257110596, 17.7536907196, 19.9578037262, 18.727563858, 24.2392082214, 21.0392246246, 17.6778049469, 11.8249397278, 13.0380077362, 16.7601013184, 12.0337810516, 8.99215126038, 7.916888237, 6.13185167313, 4.70961475372, 4.34667491913, 4.10537433624, 2.72705411911, 1.64789164066, 1.21894490719, 0.74273109436, 0.330824255943, 0.110674954951, 0.0220864843577, 0.00245730904862, 0.000201585935429]}, "zerocrossingrate": {"min": 0.001953125, "max": 0.49072265625, "dvar2": 0.000601865933277, "median": 0.04345703125, "dmean2": 0.0178886372596, "dmean": 0.0156298670918, "var": 0.00250413408503, "dvar": 0.00051430601161, "mean": 0.0543623045087}, "spectral_contrast_coeffs": {"min": [-0.970081031322, -0.963425159454, -0.973283231258, -0.954866826534, -0.960162937641, -0.959626317024], "max": [-0.225155904889, -0.325888335705, -0.372054278851, -0.474204719067, -0.528255403042, -0.557357430458], "dvar2": [0.00738209346309, 0.00604135589674, 0.00388252409175, 0.00247832899913, 0.00127928284928, 0.00109695375431], "median": [-0.691758930683, -0.749322712421, -0.790742635727, -0.790085315704, -0.809137821198, -0.782169282436], "dmean2": [0.100708834827, 0.0937839373946, 0.0749266371131, 0.0596228092909, 0.0422586388886, 0.0351481996477], "dmean": [0.0652764812112, 0.0592400282621, 0.0489907339215, 0.0398149639368, 0.0280497763306, 0.0231716781855], "var": [0.0115421693772, 0.00934041105211, 0.00866752490401, 0.00573944067582, 0.003104605712, 0.00204898230731], "dvar": [0.00352142611519, 0.00266860611737, 0.00192505016457, 0.00124031701125, 0.000675572780892, 0.000488943071105], "mean": [-0.672170579433, -0.733234524727, -0.770867407322, -0.776461720467, -0.799058496952, -0.778991997242]}, "dissonance": {"min": 0.166401803493, "max": 0.500000119209, "dvar2": 0.0015758019872, "median": 0.473980039358, "dmean2": 0.036997269839, "dmean": 0.0224248804152, "var": 0.00149502395652, "dvar": 0.000648918794468, "mean": 0.461264878511}, "spectral_energyband_high": {"min": 1.5775691517e-11, "max": 0.0165853202343, "dvar2": 2.17053798224e-06, "median": 0.000329946487909, "dmean2": 0.000734942615964, "dmean": 0.000506889715325, "var": 1.91542130779e-06, "dvar": 1.01596867808e-06, "mean": 0.000843363406602}, "spectral_skewness": {"min": -0.724261522293, "max": 6.41250705719, "dvar2": 0.257487893105, "median": 1.4352902174, "dmean2": 0.412946820259, "dmean": 0.269256651402, "var": 0.299972653389, "dvar": 0.112377248704, "mean": 1.5124963522}, "spectral_flux": {"min": 1.26197837744e-05, "max": 0.4752202034, "dvar2": 0.0060259681195, "median": 0.0878583192825, "dmean2": 0.068128362298, "dmean": 0.0446748882532, "var": 0.00710310181603, "dvar": 0.00325464643538, "mean": 0.108151935041}, "silence_rate_30dB": {"min": 0, "max": 1, "dvar2": 0.155173614621, "median": 1, "dmean2": 0.162695646286, "dmean": 0.0813397094607, "var": 0.132671847939, "dvar": 0.0747189596295, "mean": 0.842519700527}, "spectral_energyband_middle_high": {"min": 2.5115942312e-12, "max": 0.0363432168961, "dvar2": 2.77803337667e-05, "median": 0.00199483078904, "dmean2": 0.00312601216137, "dmean": 0.00202207732946, "var": 2.56515413639e-05, "dvar": 1.09591837827e-05, "mean": 0.00399700226262}, "barkbands_spread": {"min": 0.0739844813943, "max": 128.579864502, "dvar2": 337.139862061, "median": 15.1821451187, "dmean2": 14.0261287689, "dmean": 8.93503475189, "var": 320.691772461, "dvar": 150.266204834, "mean": 19.7305660248}, "spectral_centroid": {"min": 78.7755508423, "max": 11456.9707031, "dvar2": 563768.6875, "median": 1186.98596191, "dmean2": 642.473266602, "dmean": 420.502502441, "var": 742918.5, "dvar": 272602.09375, "mean": 1341.69677734}, "pitch_salience": {"min": 0.0217787567526, "max": 0.959971189499, "dvar2": 0.0215356703848, "median": 0.456181406975, "dmean2": 0.159839123487, "dmean": 0.101049154997, "var": 0.031248698011, "dvar": 0.00923275854439, "mean": 0.438657015562}, "erbbands_skewness": {"min": -8.12909698486, "max": 7.73631715775, "dvar2": 0.903401315212, "median": 0.280390590429, "dmean2": 0.908824026585, "dmean": 0.60066729784, "var": 1.26356911659, "dvar": 0.418815851212, "mean": 0.350390613079}, "erbbands_crest": {"min": 2.39773225784, "max": 32.3739547729, "dvar2": 23.3276805878, "median": 8.78968048096, "dmean2": 5.50047922134, "dmean": 3.40504837036, "var": 22.6721858978, "dvar": 9.54815006256, "mean": 9.87211608887}, "melbands": {"min": [1.78205106921e-13, 2.10353436059e-13, 7.98187132166e-14, 1.93141604598e-14, 1.04128225072e-14, 2.20026989385e-14, 1.14240544853e-14, 9.46419473417e-15, 1.43333932776e-14, 1.4477011102e-14, 3.250004644e-15, 1.32422793163e-14, 8.46316611491e-15, 8.90022664536e-15, 1.46128023419e-14, 4.55309262379e-15, 7.36465840298e-15, 1.06718943104e-14, 1.82064107714e-14, 5.95881876218e-15, 4.33466188494e-15, 1.64929274936e-14, 1.25636416011e-14, 3.39208980457e-14, 4.58417788592e-14, 2.03949846649e-14, 1.65820319715e-14, 8.42788719265e-15, 2.45611128278e-14, 1.36515571661e-14, 1.28394355288e-14, 4.16698400503e-14, 3.23405581829e-14, 2.49506378693e-14, 3.63308423059e-14, 6.30240420941e-14, 1.5243237106e-14, 3.02167518166e-14, 1.90411854578e-14, 1.57865121799e-14], "max": [0.0836596116424, 0.0792695581913, 0.0299451444298, 0.0344305410981, 0.00773940933868, 0.0119147961959, 0.00655875820667, 0.00405592750758, 0.00461826566607, 0.00469499453902, 0.00685930764303, 0.00537053216249, 0.00289825699292, 0.00465806853026, 0.00231646187603, 0.00220079603605, 0.00105021055788, 0.00158188364003, 0.00156887050252, 0.00124181469437, 0.000880182953551, 0.000528251286596, 0.000450368359452, 0.00106582220178, 0.00113510258961, 0.000584430759773, 0.000249667558819, 0.0001898122282, 0.000177706344402, 0.000170543906279, 0.000125908554764, 0.000122220837511, 0.000112134235678, 0.00011366961553, 0.000112737659947, 7.44701028452e-05, 6.55514086247e-05, 8.82188833202e-05, 0.000101713179902, 8.64213870955e-05], "dvar2": [0.000137511247885, 0.000211532300455, 2.72478846455e-05, 1.55486632138e-05, 4.180327835e-07, 3.61069680821e-07, 3.3441884284e-07, 1.21843953593e-07, 8.35276523503e-08, 1.02639482691e-07, 5.75100216338e-08, 6.52908695997e-08, 3.31023031208e-08, 1.82822184058e-08, 1.69949547768e-08, 1.41347031857e-08, 1.10283497889e-08, 1.00461265973e-08, 8.19029910559e-09, 6.86496282043e-09, 2.75002864925e-09, 1.07936104499e-09, 1.0771563641e-09, 1.84734050279e-09, 1.56766855053e-09, 8.05582101027e-10, 3.72156999662e-10, 1.90715832016e-10, 1.71687900008e-10, 1.25490645653e-10, 7.91738133388e-11, 5.82500506163e-11, 4.61664317886e-11, 3.55321778944e-11, 3.73594315206e-11, 2.7584412185e-11, 1.76803346269e-11, 1.5205139231e-11, 2.46291719658e-11, 1.70066686428e-11], "median": [0.00197792495601, 0.000947398366407, 0.000265898415819, 0.000166969344718, 9.26174252527e-05, 5.26042967977e-05, 2.64865193458e-05, 1.63836048159e-05, 1.5108765183e-05, 1.49464194692e-05, 1.1719919712e-05, 1.06965308078e-05, 1.22726978589e-05, 9.82297569863e-06, 7.48505999582e-06, 9.11413553695e-06, 6.5437552621e-06, 8.52872835821e-06, 6.35661854176e-06, 5.55038695893e-06, 4.42308237325e-06, 3.27402085532e-06, 2.65116841547e-06, 2.69882229986e-06, 3.197985734e-06, 2.68358894573e-06, 2.27156692745e-06, 1.86674219549e-06, 1.72310569724e-06, 1.3248952655e-06, 1.089452212e-06, 7.91438708347e-07, 6.28280133697e-07, 6.47194269732e-07, 6.85082056862e-07, 6.21312324256e-07, 4.63863813138e-07, 2.81528599544e-07, 1.9931337647e-07, 1.61516240382e-07], "dmean2": [0.0066856094636, 0.00593514274806, 0.00237871031277, 0.00142239301931, 0.000322041829349, 0.000259005784756, 0.000248370255576, 0.00014065040159, 0.000117126546684, 0.000132678222144, 0.000100344499515, 9.74494978436e-05, 7.2912327596e-05, 5.16822110512e-05, 4.82400719193e-05, 5.23119160789e-05, 4.26210317528e-05, 4.75195447507e-05, 4.09867097915e-05, 3.84184422728e-05, 2.45005976467e-05, 1.49209245137e-05, 1.45307976709e-05, 1.58866041602e-05, 1.64630073414e-05, 1.21920766105e-05, 9.29251291382e-06, 6.8176482273e-06, 6.21243725618e-06, 5.0976118473e-06, 4.00252247346e-06, 3.16805540024e-06, 2.59377065959e-06, 2.52638756137e-06, 2.43121417043e-06, 2.03741205951e-06, 1.58070236012e-06, 1.26932911826e-06, 1.28885892536e-06, 1.07879986899e-06], "dmean": [0.00464581511915, 0.00371820037253, 0.00144370086491, 0.000946357031353, 0.000202378520044, 0.000163268006872, 0.000146579171997, 8.17138861748e-05, 7.19519812264e-05, 8.28358606668e-05, 6.46485132165e-05, 6.23980449745e-05, 4.72479150631e-05, 3.3559223084e-05, 3.05582798319e-05, 3.28450842062e-05, 2.67242812697e-05, 3.03522574541e-05, 2.50087650784e-05, 2.32382917602e-05, 1.54249555635e-05, 9.44321345742e-06, 8.93228843779e-06, 9.80981531029e-06, 1.0415316865e-05, 7.59234717407e-06, 5.62744889976e-06, 4.19426078224e-06, 3.8109385514e-06, 3.09093093165e-06, 2.4567195851e-06, 1.99430337489e-06, 1.66680433722e-06, 1.67907171544e-06, 1.64393509294e-06, 1.38200834954e-06, 1.05987271581e-06, 8.30743374536e-07, 8.62391971168e-07, 7.49829951019e-07], "var": [0.000189475613297, 9.28569643293e-05, 9.4905944934e-06, 7.8042558016e-06, 2.88254824454e-07, 3.00459532809e-07, 1.33193708507e-07, 4.45844818842e-08, 4.36769340695e-08, 7.1136923907e-08, 5.59918404974e-08, 5.24427008486e-08, 2.87929093901e-08, 4.32772999659e-08, 1.32264075248e-08, 8.91905216349e-09, 6.38703845368e-09, 1.00437675954e-08, 4.33216218454e-09, 3.6901037781e-09, 1.92041405001e-09, 8.0310957884e-10, 6.13355755075e-10, 9.59727519678e-10, 1.27849453246e-09, 4.9109688538e-10, 1.77789824529e-10, 9.85387604846e-11, 8.80167883022e-11, 5.84967352335e-11, 4.11877927597e-11, 3.74137838766e-11, 2.63434794812e-11, 2.96163406299e-11, 3.0757663777e-11, 1.9377473584e-11, 1.09082690797e-11, 7.22632587449e-12, 1.235252612e-11, 1.14670365217e-11], "dvar": [6.64308317937e-05, 8.72239543241e-05, 1.07555233626e-05, 7.03486466591e-06, 1.75350180598e-07, 1.67279353036e-07, 1.28343685901e-07, 4.7479762344e-08, 3.3378952935e-08, 4.25636343948e-08, 2.62895891723e-08, 2.79623719734e-08, 1.48385188581e-08, 9.10618158656e-09, 7.13420478249e-09, 5.74011593812e-09, 4.38300018502e-09, 4.66551108858e-09, 3.4027256568e-09, 2.73301359321e-09, 1.18012599692e-09, 4.59309146272e-10, 4.46821718514e-10, 7.15420833686e-10, 7.31568472467e-10, 3.32089689081e-10, 1.434048158e-10, 7.4769565539e-11, 6.75173111864e-11, 4.81628070759e-11, 3.14358400422e-11, 2.52373139747e-11, 1.92775795327e-11, 1.75121531859e-11, 1.83888876348e-11, 1.28683695644e-11, 7.73667935272e-12, 6.14653683853e-12, 1.03674673013e-11, 7.97836883365e-12], "mean": [0.00842566415668, 0.0044644405134, 0.00143474969082, 0.000994923757389, 0.000283296249108, 0.000219993235078, 0.000153472923557, 7.92100836406e-05, 8.15397215774e-05, 0.000103856684291, 9.04768894543e-05, 8.67750277393e-05, 6.62178499624e-05, 5.29962635483e-05, 4.21978147642e-05, 4.32829438068e-05, 3.46651104337e-05, 4.24690297223e-05, 2.9328661185e-05, 2.68060121016e-05, 1.91784492927e-05, 1.23050158436e-05, 1.07629803097e-05, 1.22906903925e-05, 1.40102747537e-05, 1.00662018667e-05, 7.20418120181e-06, 5.63708135815e-06, 5.14356906933e-06, 4.09621088693e-06, 3.35878053193e-06, 2.71836142929e-06, 2.31767262449e-06, 2.46513695856e-06, 2.46459489972e-06, 2.00028557629e-06, 1.53683276949e-06, 1.13307248739e-06, 1.10858661628e-06, 9.89128466244e-07]}, "spectral_entropy": {"min": 4.63496828079, "max": 9.78746509552, "dvar2": 0.188551276922, "median": 7.64504957199, "dmean2": 0.408716708422, "dmean": 0.27562302351, "var": 0.318591237068, "dvar": 0.0933583453298, "mean": 7.56271743774}, "spectral_rolloff": {"min": 43.06640625, "max": 17054.296875, "dvar2": 4734187, "median": 538.330078125, "dmean2": 1165.63708496, "dmean": 691.038452148, "var": 3817171, "dvar": 2173501.25, "mean": 1248.19763184}, "barkbands": {"min": [1.44118278509e-13, 6.11641271485e-13, 3.00845719864e-13, 1.51107370974e-13, 6.88680815391e-14, 1.02265391251e-13, 6.24113255651e-14, 3.21598962196e-14, 1.03388340098e-13, 4.44189396907e-14, 8.20176378528e-14, 1.0606465928e-13, 5.936080078e-14, 7.25289037271e-14, 2.37534791099e-13, 5.34351039707e-14, 2.64708041727e-13, 6.12095010094e-13, 7.30982819847e-13, 3.51708435596e-13, 7.9911609014e-13, 1.66823477775e-12, 2.86843487331e-12, 1.99910639258e-12, 1.68458378757e-12, 3.37672142851e-12, 3.77780922864e-12], "max": [0.020822443068, 0.248832732439, 0.175130903721, 0.083214789629, 0.131262689829, 0.0504228621721, 0.0251843892038, 0.017361227423, 0.0271934680641, 0.0339397750795, 0.0252605974674, 0.0313548073173, 0.0210514944047, 0.0167792774737, 0.01686806418, 0.0178349781781, 0.0080059915781, 0.0167547743767, 0.0142059158534, 0.00417257240042, 0.00473994901404, 0.00511950626969, 0.00602029310539, 0.00872940476984, 0.00944345258176, 0.00432261405513, 0.000729773077182], "dvar2": [2.81329698737e-06, 0.00184927135706, 0.00126415817067, 7.93140279711e-05, 0.00022235698998, 8.57254508446e-06, 7.56213057684e-06, 1.91716389963e-06, 4.11423252444e-06, 3.010469527e-06, 2.40407644014e-06, 1.56516375682e-06, 1.4134303683e-06, 1.46447405314e-06, 1.26174734305e-06, 9.44337614328e-07, 3.20107346852e-07, 7.23455571006e-07, 5.07736558575e-07, 2.10227938169e-07, 1.7730248203e-07, 1.06937207534e-07, 1.09704771489e-07, 1.15889754682e-07, 1.40457956377e-07, 6.44248814297e-08, 2.51418597053e-09], "median": [0.000316260819091, 0.00660031381994, 0.000513823586516, 0.000405145518016, 0.00079769291915, 0.000289372343104, 0.000102624893771, 6.79057702655e-05, 0.000101231635199, 7.02991237631e-05, 7.62286508689e-05, 8.1851358118e-05, 9.30828973651e-05, 7.40007162676e-05, 9.11381284823e-05, 7.60985276429e-05, 5.32121812284e-05, 6.03961016168e-05, 7.86042437539e-05, 6.81008823449e-05, 5.95707097091e-05, 3.92768379243e-05, 4.1463321395e-05, 3.24428547174e-05, 1.67575562955e-05, 8.48377476359e-06, 1.69499264757e-06], "dmean2": [0.00107051071245, 0.0235482677817, 0.0120505746454, 0.00389284733683, 0.00556324981153, 0.00135263800621, 0.00116251572035, 0.000581301224884, 0.000867671740707, 0.000716092996299, 0.000584860972594, 0.000469615333714, 0.000513931969181, 0.000519007851835, 0.000538080115803, 0.000475610111607, 0.000258967833361, 0.000328025227645, 0.000330888608005, 0.000236270818277, 0.000202603594516, 0.000137146183988, 0.000135893205879, 0.000112631554657, 0.000108150263259, 6.99685624568e-05, 1.70332295966e-05], "dmean": [0.00085031852359, 0.0157594326884, 0.00679222913459, 0.00223969644867, 0.00371355679817, 0.000848800758831, 0.000676340889186, 0.000347254128428, 0.000539146538358, 0.000454482767964, 0.000375115283532, 0.000300346902804, 0.000324016087689, 0.000329163536662, 0.000327846733853, 0.000293092074571, 0.000161672200193, 0.000202304421691, 0.00020793992735, 0.000144147808896, 0.000124324127682, 8.9199958893e-05, 9.35830685194e-05, 7.612236368e-05, 7.70137339714e-05, 5.07106233272e-05, 1.21663424579e-05], "var": [5.95015353611e-06, 0.00196373602375, 0.000304184359265, 2.2819129299e-05, 0.000116718772915, 7.50163644625e-06, 2.68904614131e-06, 8.42823737912e-07, 2.85268924927e-06, 2.82213454739e-06, 2.02052660825e-06, 2.58175009549e-06, 9.02850445073e-07, 1.26223267216e-06, 6.68207519539e-07, 5.71662383209e-07, 2.10017759628e-07, 4.10175232446e-07, 3.75469397795e-07, 1.08069052374e-07, 9.09845709884e-08, 7.32013418769e-08, 9.73521494529e-08, 6.09191630474e-08, 1.36175032139e-07, 4.20904200382e-08, 1.80279291495e-09], "dvar": [1.88130059087e-06, 0.000814172846731, 0.000458951020846, 2.92045206152e-05, 0.000102029000118, 3.93636400986e-06, 2.84873340206e-06, 7.81493440627e-07, 1.69177997122e-06, 1.33261471547e-06, 1.06994684757e-06, 7.24012750197e-07, 5.75552974169e-07, 6.4656376253e-07, 5.16838838394e-07, 3.84426613209e-07, 1.30456157876e-07, 2.8548927844e-07, 2.18996646595e-07, 8.19182801592e-08, 6.90974033546e-08, 4.6807290488e-08, 5.57569812543e-08, 4.82556110626e-08, 7.52711102336e-08, 2.9604253271e-08, 1.17975329506e-09], "mean": [0.0014774693409, 0.027282603085, 0.00523493206128, 0.00212154700421, 0.00404159864411, 0.00116597255692, 0.000667446234729, 0.000361891638022, 0.000681252975482, 0.00063151383074, 0.000505221658386, 0.000460993876914, 0.000425980688306, 0.000453495769762, 0.000387363688787, 0.00035115602077, 0.000204931944609, 0.000257303763647, 0.000289435265586, 0.00019650872855, 0.000173396780156, 0.000129469684907, 0.000144353063661, 0.000110795503133, 0.000108139254735, 6.42906306894e-05, 1.54744411702e-05]}, "melbands_flatness_db": {"min": 0.0151806054637, "max": 0.719399452209, "dvar2": 0.00494453730062, "median": 0.244214743376, "dmean2": 0.0713630244136, "dmean": 0.0491608418524, "var": 0.0133065916598, "dvar": 0.00248115044087, "mean": 0.26214876771}, "melbands_skewness": {"min": -3.62901234627, "max": 37.4652633667, "dvar2": 13.0058069229, "median": 3.77001333237, "dmean2": 2.90557813644, "dmean": 1.92887735367, "var": 18.3165378571, "dvar": 5.83896541595, "mean": 4.95038223267}, "barkbands_skewness": {"min": -8.79194736481, "max": 35.7754631042, "dvar2": 7.81354284286, "median": 2.27200055122, "dmean2": 2.22201776505, "dmean": 1.50915026665, "var": 13.2125902176, "dvar": 3.80704784393, "mean": 3.24948501587}, "silence_rate_60dB": {"min": 0, "max": 1, "dvar2": 0.107171975076, "median": 0, "dmean2": 0.106071181595, "dmean": 0.0530303046107, "var": 0.12236880511, "dvar": 0.0502146296203, "mean": 0.142728999257}, "spectral_energyband_low": {"min": 1.34333679163e-12, "max": 0.276198714972, "dvar2": 0.00261126551777, "median": 0.0109888501465, "dmean2": 0.0290818866342, "dmean": 0.0191073138267, "var": 0.00284087401815, "dvar": 0.00121813814621, "mean": 0.0350821688771}, "spectral_energyband_middle_low": {"min": 5.22970176279e-13, "max": 0.142182081938, "dvar2": 0.00037277280353, "median": 0.00408482085913, "dmean2": 0.0103029059246, "dmean": 0.00680531514809, "var": 0.00023411057191, "dvar": 0.000174473505467, "mean": 0.00919588748366}, "melbands_kurtosis": {"min": -1.94843888283, "max": 2757.83544922, "dvar2": 25861.0683594, "median": 19.0041885376, "dmean2": 71.3751373291, "dmean": 46.0601425171, "var": 21360.2734375, "dvar": 11199.5458984, "mean": 69.1361312866}, "spectral_decrease": {"min": -7.60271490208e-08, "max": 2.88896944561e-11, "dvar2": 1.87219692332e-16, "median": -6.36471497728e-09, "dmean2": 9.08011621448e-09, "dmean": 6.09419537057e-09, "var": 2.1200182496e-16, "dvar": 8.91333630664e-17, "mean": -1.22693109006e-08}, "erbbands_kurtosis": {"min": -1.87719643116, "max": 158.134918213, "dvar2": 34.1164627075, "median": 0.0527787208557, "dmean2": 2.93198204041, "dmean": 1.85880374908, "var": 22.7196063995, "dvar": 15.2460641861, "mean": 1.34540069103}, "melbands_crest": {"min": 2.83008933067, "max": 38.7064323425, "dvar2": 39.3078689575, "median": 19.2275085449, "dmean2": 7.15772342682, "dmean": 4.51670026779, "var": 63.8145980835, "dvar": 16.8158607483, "mean": 20.037405014}, "gfcc": {"cov": [[14436.3300781, -877.752197266, -496.43371582, 196.407073975, 158.741043091, 660.976989746, 70.537979126, 298.402191162, -76.1095275879, 99.3294296265, -229.424423218, 145.652252197, -173.789337158], [-877.752197266, 1963.88000488, 3.31006860733, -5.04230451584, 270.886108398, -141.571517944, 144.618209839, -130.669052124, 162.32673645, -90.8986587524, 92.548538208, -145.983795166, 131.153091431], [-496.43371582, 3.31006860733, 1583.67858887, 519.247680664, 392.791809082, 195.68536377, 7.07267618179, 38.6436233521, 46.5527534485, 18.6980514526, -63.7895812988, 34.3466835022, -4.33929634094], [196.407073975, -5.04230451584, 519.247680664, 812.814453125, 454.920501709, 191.589584351, 112.784187317, 12.8789768219, 106.470169067, -8.28449344635, 15.0687208176, 14.7416248322, 9.82434177399], [158.741043091, 270.886108398, 392.791809082, 454.920501709, 769.791687012, 358.206726074, 220.213287354, -22.6684513092, 114.463005066, 40.6578483582, 5.17859745026, 0.463175058365, 31.5030784607], [660.976989746, -141.571517944, 195.68536377, 191.589584351, 358.206726074, 517.295715332, 247.020355225, 40.7297782898, 29.9943332672, 54.7888450623, 11.8270673752, 35.0718154907, 6.06575775146], [70.537979126, 144.618209839, 7.07267618179, 112.784187317, 220.213287354, 247.020355225, 341.294403076, 67.5457687378, 71.604927063, 22.1681671143, 57.6718139648, 16.7678661346, 30.0190296173], [298.402191162, -130.669052124, 38.6436233521, 12.8789768219, -22.6684513092, 40.7297782898, 67.5457687378, 230.040740967, 78.5969619751, 21.8802051544, 10.046462059, 43.8886985779, 19.0691108704], [-76.1095275879, 162.32673645, 46.5527534485, 106.470169067, 114.463005066, 29.9943332672, 71.604927063, 78.5969619751, 197.55291748, 48.6361923218, 36.8432655334, 11.379240036, 30.7036018372], [99.3294296265, -90.8986587524, 18.6980514526, -8.28449344635, 40.6578483582, 54.7888450623, 22.1681671143, 21.8802051544, 48.6361923218, 145.811828613, 52.400806427, 25.4492015839, -6.61073637009], [-229.424423218, 92.548538208, -63.7895812988, 15.0687208176, 5.17859745026, 11.8270673752, 57.6718139648, 10.046462059, 36.8432655334, 52.400806427, 149.859207153, 51.2259559631, 27.8033752441], [145.652252197, -145.983795166, 34.3466835022, 14.7416248322, 0.463175058365, 35.0718154907, 16.7678661346, 43.8886985779, 11.379240036, 25.4492015839, 51.2259559631, 129.440658569, 35.111328125], [-173.789337158, 131.153091431, -4.33929634094, 9.82434177399, 31.5030784607, 6.06575775146, 30.0190296173, 19.0691108704, 30.7036018372, -6.61073637009, 27.8033752441, 35.111328125, 111.065475464]], "icov": [[9.09325754037e-05, -5.11821890541e-05, 8.76784397406e-05, -8.61295193317e-05, 3.73693546862e-05, -0.000181077281013, 0.000105891660496, -0.000158893570188, 0.000100242163171, -0.000124959362438, 0.000260670203716, -0.000220961097511, 0.000181168958079], [-5.11821890541e-05, 0.00110181164928, -0.000225864670938, 0.000536934821866, -0.00061076838756, 0.00076635053847, -0.000571869546548, 0.000742242380511, -0.000958401476964, 0.00107932533138, -0.00125283515081, 0.00159297965001, -0.00113975524437], [8.76784397406e-05, -0.000225864670938, 0.00100013974588, -0.00064019887941, -9.91026827251e-05, -0.00040366849862, 0.000523904454894, -0.000483144860482, 0.000393085152609, -0.000500907946844, 0.000889832503162, -0.000725887599401, 0.000359360361472], [-8.61295193317e-05, 0.000536934821866, -0.00064019887941, 0.00253497390077, -0.00138079409953, 0.000465690827696, -0.000198927111342, 0.000413749978179, -0.00119937758427, 0.00157205411233, -0.00141526246443, 0.000737673952244, -0.000122893834487], [3.73693546862e-05, -0.00061076838756, -9.91026827251e-05, -0.00138079409953, 0.00349399051629, -0.00180530117359, -0.000406818318879, 0.000844381807838, -0.000612340227235, -0.00102624390274, 0.00137231789995, -0.000568705203477, -8.50543510751e-05], [-0.000181077281013, 0.00076635053847, -0.00040366849862, 0.000465690827696, -0.00180530117359, 0.00502851326019, -0.0030185203068, 0.000375339004677, 0.000587346148677, -0.000524177390616, -0.000126461818581, 0.000267779396381, -0.000502979732119], [0.000105891660496, -0.000571869546548, 0.000523904454894, -0.000198927111342, -0.000406818318879, -0.0030185203068, 0.0062641822733, -0.00184435665142, -0.000274801393971, 0.000693708949257, -0.00156102224719, 0.0001961918897, 0.000228879915085], [-0.000158893570188, 0.000742242380511, -0.000483144860482, 0.000413749978179, 0.000844381807838, 0.000375339004677, -0.00184435665142, 0.00692171929404, -0.00343346199952, 0.000652658869512, 0.000307245121803, -0.000801786838565, -0.000965932384133], [0.000100242163171, -0.000958401476964, 0.000393085152609, -0.00119937758427, -0.000612340227235, 0.000587346148677, -0.000274801393971, -0.00343346199952, 0.00902122166008, -0.00344831147231, 0.000532100209966, -0.000302892469335, -0.000521149486303], [-0.000124959362438, 0.00107932533138, -0.000500907946844, 0.00157205411233, -0.00102624390274, -0.000524177390616, 0.000693708949257, 0.000652658869512, -0.00344831147231, 0.0108290575445, -0.00491805328056, 0.00102336553391, 0.000896932382602], [0.000260670203716, -0.00125283515081, 0.000889832503162, -0.00141526246443, 0.00137231789995, -0.000126461818581, -0.00156102224719, 0.000307245121803, 0.000532100209966, -0.00491805328056, 0.0123986238614, -0.0057215616107, 0.000299239734886], [-0.000220961097511, 0.00159297965001, -0.000725887599401, 0.000737673952244, -0.000568705203477, 0.000267779396381, 0.0001961918897, -0.000801786838565, -0.000302892469335, 0.00102336553391, -0.0057215616107, 0.0134361088276, -0.00475977035239], [0.000181168958079, -0.00113975524437, 0.000359360361472, -0.000122893834487, -8.50543510751e-05, -0.000502979732119, 0.000228879915085, -0.000965932384133, -0.000521149486303, 0.000896932382602, 0.000299239734886, -0.00475977035239, 0.0124408239499]], "mean": [-38.0852355957, 71.878616333, -93.1412811279, 40.6588935852, -41.2579345703, 19.304693222, -28.2027301788, 6.92893075943, -20.1635379791, 4.32138490677, -11.8221120834, 2.0970184803, -6.26864337921]}, "melbands_spread": {"min": 0.106295131147, "max": 311.497680664, "dvar2": 830.274780273, "median": 11.5992851257, "dmean2": 15.9820709229, "dmean": 10.2299232483, "var": 651.119995117, "dvar": 365.567443848, "mean": 19.7312717438}, "spectral_energy": {"min": 2.41544631518e-11, "max": 0.291648209095, "dvar2": 0.00271934270859, "median": 0.0256896223873, "dmean2": 0.0348613336682, "dmean": 0.0234581194818, "var": 0.00309849926271, "dvar": 0.00129765272141, "mean": 0.0479456447065}, "mfcc": {"cov": [[12668.9169922, -438.265045166, -1017.26702881, -311.121063232, -175.331008911, 184.280059814, 82.2752609253, 271.656616211, 40.2991065979, 186.107955933, 17.6703605652, -130.764038086, 95.5792388916], [-438.265045166, 1649.53845215, -9.25600624084, 45.8874740601, 63.7046394348, 20.2374610901, 2.96246957779, -62.4033050537, 75.087890625, 9.37067699432, -32.530166626, 33.9173431396, 19.2943382263], [-1017.26702881, -9.25600624084, 1053.83325195, 311.495544434, 304.432159424, 97.5812911987, 44.006072998, 52.3599472046, 82.421043396, -27.0007762909, 1.07787656784, 28.6339931488, 63.437953949], [-311.121063232, 45.8874740601, 311.495544434, 632.471740723, 355.825286865, 169.17527771, 52.3836288452, 83.3181762695, 95.4602508545, -3.36730670929, 39.3729286194, 59.6457824707, 57.3937034607], [-175.331008911, 63.7046394348, 304.432159424, 355.825286865, 562.461303711, 325.428314209, 122.229400635, 98.578125, 143.164810181, 23.5729160309, 38.6374206543, 36.077507019, 76.1873245239], [184.280059814, 20.2374610901, 97.5812911987, 169.17527771, 325.428314209, 563.520507812, 272.918548584, 129.91394043, 111.082321167, 68.3425598145, 71.926940918, 13.7292013168, 71.3851242065], [82.2752609253, 2.96246957779, 44.006072998, 52.3836288452, 122.229400635, 272.918548584, 309.495452881, 134.470214844, 60.7236785889, 60.278339386, 39.0062065125, 8.06075286865, 29.5563392639], [271.656616211, -62.4033050537, 52.3599472046, 83.3181762695, 98.578125, 129.91394043, 134.470214844, 246.267486572, 104.510757446, 64.2671585083, 26.4804496765, 14.0032491684, 54.1828193665], [40.2991065979, 75.087890625, 82.421043396, 95.4602508545, 143.164810181, 111.082321167, 60.7236785889, 104.510757446, 196.49647522, 67.1788635254, 20.059671402, 17.4033508301, 44.7700653076], [186.107955933, 9.37067699432, -27.0007762909, -3.36730670929, 23.5729160309, 68.3425598145, 60.278339386, 64.2671585083, 67.1788635254, 166.913635254, 55.4159927368, 3.93862366676, 16.5980033875], [17.6703605652, -32.530166626, 1.07787656784, 39.3729286194, 38.6374206543, 71.926940918, 39.0062065125, 26.4804496765, 20.059671402, 55.4159927368, 140.941223145, 53.6836929321, 8.77251815796], [-130.764038086, 33.9173431396, 28.6339931488, 59.6457824707, 36.077507019, 13.7292013168, 8.06075286865, 14.0032491684, 17.4033508301, 3.93862366676, 53.6836929321, 124.434867859, 47.1250343323], [95.5792388916, 19.2943382263, 63.437953949, 57.3937034607, 76.1873245239, 71.3851242065, 29.5563392639, 54.1828193665, 44.7700653076, 16.5980033875, 8.77251815796, 47.1250343323, 132.93800354]], "icov": [[9.26841312321e-05, 1.86692268471e-05, 9.19434678508e-05, 1.3333539755e-05, 3.53665495822e-06, -4.09927160945e-05, 5.63086214243e-05, -0.000110687935376, 2.28642147704e-05, -4.83446856379e-05, -1.02969634099e-05, 0.00012169884576, -0.000110524182674], [1.86692268471e-05, 0.00065869546961, 6.31370494375e-05, -3.20232211379e-05, -2.93001066893e-05, 1.34600650199e-05, -0.000119997210277, 0.000394807429984, -0.000395029113861, -9.19443045859e-05, 0.000308007089188, -0.000249290809734, -3.74391056539e-05], [9.19434678508e-05, 6.31370494375e-05, 0.00130579143297, -0.000322039792081, -0.000536623585504, 0.000281450571492, -0.000167264704942, -1.30777261802e-05, -0.000142995937495, 0.00021743675461, 4.16936018155e-06, 0.000242678885115, -0.000425723352237], [1.3333539755e-05, -3.20232211379e-05, -0.000322039792081, 0.00269260909408, -0.00152047385927, 7.17896764399e-05, 0.000320902618114, -0.00054136995459, 2.2194806661e-05, 0.000338862591889, -0.000248172262218, -0.00069639889989, 0.000181854396942], [3.53665495822e-06, -2.93001066893e-05, -0.000536623585504, -0.00152047385927, 0.00447370577604, -0.00207960791886, 0.000532477744855, 0.000198702167836, -0.0014635088155, 0.000399932614528, 0.000149660991156, -2.27217133215e-05, -0.000291222677333], [-4.09927160945e-05, 1.34600650199e-05, 0.000281450571492, 7.17896764399e-05, -0.00207960791886, 0.00478395121172, -0.00338496128097, 0.000586081354413, -0.000325961969793, 0.000131834109197, -0.00145192188211, 0.00122186890803, -0.00124514196068], [5.63086214243e-05, -0.000119997210277, -0.000167264704942, 0.000320902618114, 0.000532477744855, -0.00338496128097, 0.00704498728737, -0.00282759033144, 0.0008492146153, -0.000777485314757, 0.000384729180951, -0.00058515148703, 0.00100996438414], [-0.000110687935376, 0.000394807429984, -1.30777261802e-05, -0.00054136995459, 0.000198702167836, 0.000586081354413, -0.00282759033144, 0.00732444645837, -0.00277691520751, -0.000694790389389, -4.14240457758e-05, 0.000312883697916, -0.00160921388306], [2.28642147704e-05, -0.000395029113861, -0.000142995937495, 2.2194806661e-05, -0.0014635088155, -0.000325961969793, 0.0008492146153, -0.00277691520751, 0.00870894826949, -0.00261479010805, 0.000726108555682, -0.000404610909754, -0.000454627908766], [-4.83446856379e-05, -9.19443045859e-05, 0.00021743675461, 0.000338862591889, 0.000399932614528, 0.000131834109197, -0.000777485314757, -0.000694790389389, -0.00261479010805, 0.00880554597825, -0.00361880613491, 0.00163774972316, -0.00060649443185], [-1.02969634099e-05, 0.000308007089188, 4.16936018155e-06, -0.000248172262218, 0.000149660991156, -0.00145192188211, 0.000384729180951, -4.14240457758e-05, 0.000726108555682, -0.00361880613491, 0.0111039690673, -0.00545330485329, 0.00210076500662], [0.00012169884576, -0.000249290809734, 0.000242678885115, -0.00069639889989, -2.27217133215e-05, 0.00122186890803, -0.00058515148703, 0.000312883697916, -0.000404610909754, 0.00163774972316, -0.00545330485329, 0.0125019550323, -0.00464715156704], [-0.000110524182674, -3.74391056539e-05, -0.000425723352237, 0.000181854396942, -0.000291222677333, -0.00124514196068, 0.00100996438414, -0.00160921388306, -0.000454627908766, -0.00060649443185, 0.00210076500662, -0.00464715156704, 0.0107362633571]], "mean": [-689.178100586, 104.744468689, 12.8678197861, 30.7728805542, 13.5918455124, 16.4084224701, 8.07184886932, 6.56069660187, 1.43919718266, 6.0902338028, -2.09295749664, 0.368237227201, -0.367413938046]}, "spectral_contrast_valleys": {"min": [-27.0768737793, -27.6208343506, -26.8902435303, -27.2525119781, -27.3519058228, -27.2428703308], "max": [-4.92891454697, -4.67803096771, -5.18812513351, -5.46694612503, -5.4244890213, -7.57161855698], "dvar2": [0.394017159939, 0.805862247944, 0.639252722263, 0.614770948887, 0.571505308151, 0.542616724968], "median": [-7.03542852402, -7.53301620483, -7.85999727249, -8.09859466553, -7.84007978439, -10.0183057785], "dmean2": [0.727321326733, 0.953156352043, 0.804326355457, 0.72978579998, 0.636260092258, 0.594678163528], "dmean": [0.481784403324, 0.637261986732, 0.554039359093, 0.517872691154, 0.463876098394, 0.476225197315], "var": [2.40106320381, 1.53366816044, 1.65690076351, 1.69612658024, 1.51045298576, 1.874984622], "dvar": [0.240421399474, 0.406646668911, 0.330363094807, 0.32040014863, 0.295369744301, 0.307948857546], "mean": [-7.42192697525, -7.67322921753, -8.04765129089, -8.24704837799, -7.98174762726, -10.2534265518]}, "barkbands_flatness_db": {"min": 0.0181328840554, "max": 0.598754346371, "dvar2": 0.00349106895737, "median": 0.161164492369, "dmean2": 0.0602902919054, "dmean": 0.0414795763791, "var": 0.00850572437048, "dvar": 0.00174123700708, "mean": 0.179887980223}, "dynamic_complexity": 3.87272047997, "erbbands_flatness_db": {"min": 0.043325278908, "max": 0.363351136446, "dvar2": 0.00121610611677, "median": 0.136910811067, "dmean2": 0.0352298617363, "dmean": 0.0251711681485, "var": 0.00294419680722, "dvar": 0.000658212928101, "mean": 0.145535558462}, "hfc": {"min": 2.06300995842e-07, "max": 164.747879028, "dvar2": 375.31958007