{"lowlevel": {"spectral_complexity": {"min": 0, "max": 61, "dvar2": 47.4392623901, "median": 9, "dmean2": 5.62384748459, "dmean": 4.1131978035, "var": 143.089828491, "dvar": 33.0424156189, "mean": 12.3741064072}, "silence_rate_20dB": {"min": 1, "max": 1, "dvar2": 0, "median": 1, "dmean2": 0, "dmean": 0, "var": 0, "dvar": 0, "mean": 1}, "average_loudness": 0.939977705479, "erbbands_spread": {"min": 0.482201635838, "max": 234.722305298, "dvar2": 774.324523926, "median": 37.0202827454, "dmean2": 24.1556396484, "dmean": 15.8971834183, "var": 990.692810059, "dvar": 353.381835938, "mean": 44.4734992981}, "spectral_kurtosis": {"min": -1.41966068745, "max": 135.317489624, "dvar2": 32.903591156, "median": 3.62272024155, "dmean2": 3.30181670189, "dmean": 2.1601331234, "var": 39.6219177246, "dvar": 15.9349451065, "mean": 5.12881708145}, "barkbands_kurtosis": {"min": -1.96094989777, "max": 1944.171875, "dvar2": 6028.9921875, "median": 3.73272895813, "dmean2": 26.472486496, "dmean": 17.0360889435, "var": 6421.14648438, "dvar": 2977.79663086, "mean": 23.5535736084}, "spectral_strongpeak": {"min": 0, "max": 43.4252357483, "dvar2": 3.6340546608, "median": 0.368703514338, "dmean2": 0.954312086105, "dmean": 0.564723074436, "var": 2.47823572159, "dvar": 1.43204474449, "mean": 0.864522099495}, "spectral_spread": {"min": 781089.625, "max": 40385924, "dvar2": 3483337228290.0, "median": 5148775, "dmean2": 1482550.375, "dmean": 1046369.8125, "var": 6687513640960.0, "dvar": 1795610640380.0, "mean": 5835461.5}, "spectral_rms": {"min": 3.21046856634e-12, "max": 0.0120313977823, "dvar2": 2.1113899038e-06, "median": 0.00472931331024, "dmean2": 0.00133327615913, "dmean": 0.000942415499594, "var": 7.11716074875e-06, "dvar": 1.16747980883e-06, "mean": 0.00457616010681}, "erbbands": {"min": [4.61802203142e-22, 2.09553121935e-21, 5.07964667144e-21, 2.97202569046e-20, 5.37159392941e-20, 1.83888958088e-19, 2.65526372497e-19, 7.27795947629e-19, 2.95081380687e-19, 1.57382511121e-19, 6.72309447621e-19, 2.92630692686e-18, 4.56163679402e-18, 3.65648530975e-18, 2.92655197912e-18, 5.56811914411e-18, 6.16583654601e-18, 6.14677334162e-18, 6.11748535767e-18, 1.29767168055e-17, 1.29773322279e-17, 1.19770243675e-17, 1.82683632376e-17, 1.10696179889e-17, 1.29427767578e-17, 1.76978898563e-17, 1.4736063794e-17, 1.44331916127e-17, 2.09509397426e-17, 1.542072615e-17, 1.87594305887e-17, 1.51885431695e-17, 1.3763026424e-17, 1.10963681827e-17, 8.09744968729e-18, 6.01698787633e-18, 2.86763231768e-18, 1.27315245487e-18, 3.64674463765e-19, 3.717080516e-20], "max": [5.97229671478, 22.5130825043, 65.4058761597, 155.579284668, 199.363342285, 186.951141357, 321.829071045, 619.135681152, 871.964111328, 1012.33666992, 2793.51074219, 1872.10791016, 1121.19555664, 2685.96923828, 1620.84033203, 3521.36206055, 2424.52001953, 3079.99658203, 1636.1361084, 2266.89160156, 1270.81982422, 1760.86364746, 707.898620605, 494.639556885, 618.197631836, 274.788116455, 309.068725586, 264.962524414, 241.393539429, 165.566955566, 223.831741333, 96.5747146606, 67.4547805786, 74.1822967529, 143.732421875, 42.355506897, 8.13196563721, 2.7701086998, 0.550096511841, 0.0380774959922], "dvar2": [0.389269948006, 11.1576766968, 143.738632202, 422.982330322, 337.155395508, 232.247680664, 448.837219238, 1112.70227051, 1274.57592773, 2415.59667969, 10640.7539062, 18477.5097656, 4929.81982422, 15455.5878906, 6872.11035156, 15753.0556641, 24739.1132812, 19550.3007812, 10276.2177734, 12091.7021484, 8841.28125, 4281.43115234, 1045.16320801, 836.342285156, 665.824157715, 470.498291016, 343.510375977, 245.712631226, 195.361724854, 169.548995972, 105.532897949, 57.8744506836, 81.4084854126, 50.493473053, 9.46959495544, 4.47008085251, 0.108976744115, 0.0105435298756, 0.000540297827683, 1.27781959236e-06], "median": [0.0495408214629, 0.544135451317, 1.02240967751, 1.10331487656, 1.2776235342, 1.232614398, 1.64663851261, 2.76536870003, 3.1411280632, 2.25304150581, 2.74400734901, 2.5330247879, 2.32442688942, 2.29601240158, 2.30802178383, 2.87838816643, 2.50028634071, 2.60548019409, 1.83032405376, 1.88539624214, 1.92055356503, 2.08914732933, 2.73789596558, 2.85496211052, 2.93876385689, 2.90900850296, 1.88098430634, 1.44265305996, 1.38098073006, 1.01246881485, 0.919288575649, 0.727790534496, 0.48000818491, 0.243872731924, 0.089223742485, 0.0344906896353, 0.0125894285738, 0.0032574494835, 0.000505512696691, 6.87086576363e-05], "dmean2": [0.282331109047, 2.05714964867, 5.64695358276, 9.75952625275, 9.12563705444, 6.89075422287, 9.29475975037, 14.2128400803, 12.8765077591, 14.9355602264, 26.6178627014, 41.0722618103, 23.9233951569, 34.4904022217, 26.881319046, 34.4638748169, 46.3705024719, 39.3851165771, 30.7082633972, 28.9323272705, 30.1927661896, 17.4962463379, 13.2028741837, 13.0333032608, 12.7225856781, 11.1915378571, 9.97852516174, 7.97312688828, 7.0795955658, 5.87537813187, 4.77114677429, 3.63768196106, 3.60522198677, 2.50671982765, 1.01354300976, 0.612358212471, 0.138299167156, 0.0360944829881, 0.00664422661066, 0.000345661304891], "dmean": [0.165049374104, 1.15259134769, 3.25517582893, 5.83317518234, 5.49664306641, 4.10865688324, 5.85141181946, 8.92216396332, 7.88089513779, 9.09090614319, 16.7252998352, 25.0444469452, 15.2139902115, 21.7703208923, 17.5178775787, 22.7772121429, 30.3577461243, 26.0587902069, 19.5455341339, 18.7025547028, 19.9101028442, 11.8954315186, 8.99861526489, 8.76661109924, 8.71099567413, 7.86604213715, 6.82698631287, 5.79046440125, 4.98634958267, 4.07766008377, 3.27318143845, 2.50577449799, 2.35125589371, 1.79203116894, 0.774471282959, 0.451142191887, 0.0989847332239, 0.0255398526788, 0.00439328840002, 0.00023035108461], "var": [0.337881088257, 7.27834367752, 62.4105529785, 229.424865723, 190.633239746, 108.007965088, 261.965209961, 563.769592285, 496.420959473, 959.982177734, 4620.41015625, 8047.01123047, 3154.41430664, 8608.86621094, 5456.03466797, 14113.9492188, 19666.0449219, 13838.8613281, 5196.88183594, 6727.06689453, 6068.43798828, 3575.36352539, 923.922668457, 796.905822754, 803.146789551, 623.403503418, 381.440643311, 340.955108643, 221.483718872, 129.518127441, 89.3513412476, 45.8475227356, 40.8837928772, 31.6753997803, 10.4880332947, 3.95624613762, 0.118117913604, 0.00962198618799, 0.000332106777932, 1.00920476598e-06], "dvar": [0.145090714097, 3.6715528965, 48.4065208435, 142.848861694, 144.574523926, 93.0142593384, 188.956283569, 465.283843994, 496.551483154, 933.772583008, 4098.77197266, 7228.41894531, 2059.81225586, 5999.72753906, 3008.8347168, 7130.14111328, 10690.2314453, 8399.61328125, 4163.55566406, 4922.82666016, 3781.80224609, 1869.69396973, 471.112518311, 351.826385498, 313.686401367, 231.760162354, 170.397781372, 142.851028442, 101.461761475, 77.7208786011, 49.9205970764, 27.2149620056, 32.9789199829, 23.0589923859, 5.42322540283, 2.26696705818, 0.054647769779, 0.00507410662249, 0.000214381041587, 5.7301912193e-07], "mean": [0.30546656251, 1.8717546463, 4.66405344009, 8.09692001343, 6.19251823425, 4.65249061584, 7.23817539215, 10.6830797195, 9.54062271118, 10.0721139908, 19.5220775604, 26.9092655182, 19.7994422913, 29.3344459534, 24.0184612274, 31.2292919159, 41.5406837463, 34.2264022827, 24.4578800201, 24.2928600311, 27.1676712036, 17.9061431885, 14.3554210663, 14.6217050552, 15.3626594543, 13.8167724609, 9.84774875641, 8.88835525513, 7.51832818985, 5.5410785675, 4.67646884918, 3.48549890518, 2.90906238556, 2.17183423042, 1.06940960884, 0.622886359692, 0.147105574608, 0.0366888232529, 0.00537561252713, 0.000310303730657]}, "zerocrossingrate": {"min": 0.00146484375, "max": 0.6474609375, "dvar2": 0.00066245632479, "median": 0.056640625, "dmean2": 0.0198612716049, "dmean": 0.0183005351573, "var": 0.00483720283955, "dvar": 0.000621585233603, "mean": 0.0719890370965}, "spectral_contrast_coeffs": {"min": [-0.969203412533, -0.971855998039, -0.964794635773, -0.964514553547, -0.968443393707, -0.962916493416], "max": [-0.246998786926, -0.288208276033, -0.319828480482, -0.366626620293, -0.423019319773, -0.580541729927], "dvar2": [0.00863468181342, 0.00674831401557, 0.00431918678805, 0.00295308604836, 0.00201841956005, 0.00115720473696], "median": [-0.659089565277, -0.724869728088, -0.788224935532, -0.798178017139, -0.800589859486, -0.788843929768], "dmean2": [0.112919226289, 0.0988039895892, 0.0776621624827, 0.0612403154373, 0.049742538482, 0.0374538637698], "dmean": [0.0683741569519, 0.0625318735838, 0.0510251373053, 0.0414417497814, 0.0340837538242, 0.0251278337091], "var": [0.0109584424645, 0.00985301379114, 0.0118577303365, 0.0103594269603, 0.0064435931854, 0.00273006036878], "dvar": [0.00324315018952, 0.00287801097147, 0.00206846185029, 0.0015473876847, 0.0010577525245, 0.000535476894584], "mean": [-0.661157488823, -0.717291355133, -0.761262238026, -0.769911050797, -0.784250080585, -0.786535978317]}, "dissonance": {"min": 0.0857875868678, "max": 0.500000119209, "dvar2": 0.0023653707467, "median": 0.465808361769, "dmean2": 0.0445656590164, "dmean": 0.0270814299583, "var": 0.00179037731141, "dvar": 0.00090691074729, "mean": 0.453665316105}, "spectral_energyband_high": {"min": 7.48331155469e-21, "max": 0.0231477431953, "dvar2": 3.00088458971e-06, "median": 0.000306308007566, "dmean2": 0.000951723020989, "dmean": 0.000730872328859, "var": 4.27015766036e-06, "dvar": 1.70572400293e-06, "mean": 0.00120052229613}, "spectral_skewness": {"min": -0.834761679173, "max": 9.69254684448, "dvar2": 0.343275845051, "median": 1.49492990971, "dmean2": 0.496189534664, "dmean": 0.339293032885, "var": 0.618819832802, "dvar": 0.176426246762, "mean": 1.66234087944}, "spectral_flux": {"min": 1.02785148448e-10, "max": 0.317048877478, "dvar2": 0.00259699788876, "median": 0.0860710963607, "dmean2": 0.0483730100095, "dmean": 0.0313721597195, "var": 0.00358057394624, "dvar": 0.00116634042934, "mean": 0.0932051241398}, "silence_rate_30dB": {"min": 0, "max": 1, "dvar2": 0.00481062661856, "median": 1, "dmean2": 0.00379081582651, "dmean": 0.00189524469897, "var": 0.00137634924613, "dvar": 0.00189178879373, "mean": 0.998621761799}, "spectral_energyband_middle_high": {"min": 1.85386947443e-21, "max": 0.0886605083942, "dvar2": 4.93930856464e-05, "median": 0.00124807469547, "dmean2": 0.00381715851836, "dmean": 0.00265707401559, "var": 8.22443616926e-05, "dvar": 2.29021006817e-05, "mean": 0.00550691271201}, "barkbands_spread": {"min": 0.0439247339964, "max": 156.488204956, "dvar2": 348.160339355, "median": 18.4226894379, "dmean2": 14.6927433014, "dmean": 9.70942497253, "var": 448.622741699, "dvar": 162.594802856, "mean": 23.5800571442}, "spectral_centroid": {"min": 45.8502159119, "max": 11192.6835938, "dvar2": 480486.9375, "median": 1251.90002441, "dmean2": 575.736694336, "dmean": 391.240081787, "var": 930460, "dvar": 243802.84375, "mean": 1384.07324219}, "pitch_salience": {"min": 0.00362744228914, "max": 0.94850641489, "dvar2": 0.0257287584245, "median": 0.485308170319, "dmean2": 0.174428701401, "dmean": 0.104609496891, "var": 0.0262441262603, "dvar": 0.00982034299523, "mean": 0.479917913675}, "erbbands_skewness": {"min": -8.94372558594, "max": 14.2086849213, "dvar2": 1.45534133911, "median": 0.454529196024, "dmean2": 1.04213154316, "dmean": 0.697779536247, "var": 2.32261228561, "dvar": 0.679257214069, "mean": 0.618410646915}, "erbbands_crest": {"min": 2.16587424278, "max": 33.7993927002, "dvar2": 30.0882167816, "median": 9.58231163025, "dmean2": 6.32517433167, "dmean": 3.8666343689, "var": 30.6004238129, "dvar": 12.2296638489, "mean": 10.7926826477}, "melbands": {"min": [5.43694808235e-24, 3.01469939691e-24, 5.34578928829e-24, 8.46307491833e-24, 9.2188809739e-24, 1.59818454678e-23, 4.03067138459e-24, 1.92396430023e-24, 5.87642485923e-24, 2.31096533972e-23, 2.3870749554e-23, 1.53716946898e-23, 9.43900550976e-24, 1.24003333388e-23, 1.07623062676e-23, 1.81747225898e-23, 9.5872979493e-24, 8.57986261991e-24, 1.16913311896e-23, 2.27425285759e-23, 1.40143790385e-23, 1.16261460353e-23, 1.84739943292e-23, 1.28767303838e-23, 7.95225829435e-24, 1.09180045334e-23, 7.84627562059e-24, 1.29907192069e-23, 1.09661652805e-23, 6.21251983676e-24, 8.97850953406e-24, 1.27116833275e-23, 9.65167767664e-24, 7.66812558464e-24, 1.02960579182e-23, 1.11887510624e-23, 8.46644887642e-24, 9.67062217128e-24, 9.80733413273e-24, 8.73933242962e-24], "max": [0.0405220761895, 0.029330721125, 0.0216907877475, 0.0183431990445, 0.0104807941243, 0.0132907815278, 0.0117357112467, 0.0120333125815, 0.0208223778754, 0.0110739888623, 0.00612832419574, 0.0113625228405, 0.00627697026357, 0.0107049914077, 0.00775856291875, 0.00740334950387, 0.00518583506346, 0.00297807203606, 0.00254111341201, 0.00199016253464, 0.00208521448076, 0.00252733868547, 0.000787049997598, 0.000591708288994, 0.000505066302139, 0.000517485314049, 0.000289342046017, 0.000181884475751, 0.000196605848032, 0.000165604011272, 0.000165040837601, 0.000130674015963, 0.00012978745508, 7.99705594545e-05, 0.000163621967658, 7.08906518412e-05, 5.59763539059e-05, 4.77977264381e-05, 6.82091704221e-05, 7.71023405832e-05], "dvar2": [2.2397360226e-05, 2.21517602768e-05, 9.34011404752e-06, 1.67904079262e-06, 4.11834150782e-07, 5.0899143389e-07, 2.72138606761e-07, 3.650214353e-07, 6.60580212752e-07, 7.53141080168e-07, 1.27815184214e-07, 2.72411568858e-07, 1.1767075847e-07, 1.07288521178e-07, 1.24478205521e-07, 1.58495637947e-07, 6.91513761808e-08, 3.46687976105e-08, 2.57618228972e-08, 1.55100856603e-08, 1.40865594744e-08, 8.96884522206e-09, 1.36971756159e-09, 9.65313606827e-10, 7.0003919328e-10, 6.0319388373e-10, 3.61742524824e-10, 2.14441839286e-10, 1.73744060805e-10, 1.18436302432e-10, 9.1543342351e-11, 7.55969939426e-11, 5.76642657235e-11, 6.07138575526e-11, 4.41789591021e-11, 2.90205776077e-11, 2.5577533147e-11, 5.27814528195e-11, 3.19118759196e-11, 4.43946962525e-11], "median": [0.000648884044494, 0.000777182285674, 0.000233321843552, 9.0150264441e-05, 6.10529241385e-05, 6.5985317633e-05, 4.56146590295e-05, 2.15838244912e-05, 2.04107764148e-05, 1.26991753859e-05, 8.58297335071e-06, 7.80180653237e-06, 6.25611573923e-06, 5.13868599228e-06, 4.70975510325e-06, 4.24399513577e-06, 3.53125869879e-06, 2.11693213714e-06, 1.9812202936e-06, 1.93277105609e-06, 1.92863672055e-06, 1.77422793968e-06, 2.09363884096e-06, 2.08880601349e-06, 1.95011466531e-06, 1.98650673155e-06, 1.72008788013e-06, 1.61150342137e-06, 9.87429416455e-07, 8.30096951177e-07, 7.27975134396e-07, 7.49479056594e-07, 6.04230308454e-07, 4.64257766453e-07, 5.03039984778e-07, 4.73671860846e-07, 4.01090431978e-07, 3.19943694649e-07, 2.58741607695e-07, 1.7064660085e-07], "dmean2": [0.00249596312642, 0.00246271071956, 0.00156873289961, 0.000560184882488, 0.00029995283694, 0.000308079674141, 0.000195243163034, 0.000175728462636, 0.000225838535698, 0.000259418215137, 0.00011854746117, 0.000144464589539, 0.000103162485175, 9.00272934814e-05, 0.000100040102552, 0.000111952416773, 7.33732231311e-05, 5.33763995918e-05, 4.41127740487e-05, 3.79079028789e-05, 3.76791540475e-05, 2.15727377508e-05, 1.32794739329e-05, 1.32238892547e-05, 1.14194644993e-05, 1.08093363451e-05, 9.56799885898e-06, 7.37861500966e-06, 6.74621014696e-06, 5.67936331208e-06, 4.60859155282e-06, 4.30816180597e-06, 3.62145920008e-06, 3.40946940014e-06, 2.9659017855e-06, 2.49070444625e-06, 2.33462765209e-06, 2.78485549643e-06, 2.31524495575e-06, 2.23968459068e-06], "dmean": [0.00144163798541, 0.00141034938861, 0.000949904730078, 0.000337867648341, 0.000189864396816, 0.000194285617908, 0.000119146534416, 0.000106966595922, 0.000141465221532, 0.000157361835591, 7.525068213e-05, 9.11711031222e-05, 6.61318263155e-05, 5.93413678871e-05, 6.53947718092e-05, 7.24969577277e-05, 4.76475761388e-05, 3.39007638104e-05, 2.78200168395e-05, 2.44163966272e-05, 2.48327596637e-05, 1.44510913742e-05, 8.82774111233e-06, 8.72995497048e-06, 7.51647803554e-06, 7.25172412785e-06, 6.56539077681e-06, 5.07377535541e-06, 4.50436664323e-06, 3.8833659346e-06, 3.33206389769e-06, 2.9936802548e-06, 2.52916106547e-06, 2.29007787311e-06, 2.00616477741e-06, 1.69694317265e-06, 1.56158648679e-06, 1.76789080797e-06, 1.50252549247e-06, 1.59910439379e-06], "var": [1.91790113604e-05, 1.26301310956e-05, 5.71002010474e-06, 7.74926661506e-07, 2.54215166251e-07, 2.60825004261e-07, 1.09159948636e-07, 1.55907585508e-07, 3.03323304252e-07, 3.1400708167e-07, 8.20085048758e-08, 1.50589116288e-07, 8.55223944995e-08, 1.06574589154e-07, 9.38447755061e-08, 1.18495101731e-07, 4.48824977184e-08, 1.68223568409e-08, 1.37852529392e-08, 8.85992434974e-09, 1.00355910249e-08, 6.86748480305e-09, 9.99105465027e-10, 7.74985853269e-10, 5.97297489247e-10, 5.67252300687e-10, 4.15440543078e-10, 2.58222720984e-10, 1.60693167106e-10, 1.47123119243e-10, 1.1700229674e-10, 8.23020609997e-11, 4.96336027833e-11, 4.05854030938e-11, 3.42016935606e-11, 2.30907064303e-11, 1.6582886106e-11, 2.24019847811e-11, 1.77316408084e-11, 2.73835745745e-11], "dvar": [7.93629897089e-06, 7.57632278692e-06, 3.26547137774e-06, 6.88599527621e-07, 1.74251155727e-07, 2.11520642779e-07, 1.0723626076e-07, 1.40675268767e-07, 2.56792844766e-07, 2.93582559152e-07, 5.36942259544e-08, 1.06283678747e-07, 4.87905857938e-08, 5.09972259977e-08, 5.4877705935e-08, 6.73550815122e-08, 2.95556947805e-08, 1.40975355833e-08, 1.02184358752e-08, 6.67745014837e-09, 6.16185857893e-09, 3.88830567744e-09, 5.97394300694e-10, 4.26759350081e-10, 2.91856788737e-10, 2.67795757791e-10, 1.73232261869e-10, 1.02619600317e-10, 8.44200057082e-11, 6.13485165446e-11, 5.1323022221e-11, 3.82521549158e-11, 2.75880342876e-11, 2.67809385779e-11, 2.02099361551e-11, 1.34316863187e-11, 1.13231706997e-11, 2.05914157253e-11, 1.31555235455e-11, 2.05811635096e-11], "mean": [0.00261522643268, 0.00255062524229, 0.00135562289506, 0.000379477161914, 0.000239460030571, 0.000239518092712, 0.000142302174936, 0.000117766576295, 0.000166344369063, 0.000164098426467, 9.57935408223e-05, 0.000118886964628, 8.6760497652e-05, 7.74641157477e-05, 8.45856120577e-05, 9.42202823353e-05, 5.87542053836e-05, 3.92778456444e-05, 3.38983809343e-05, 2.91470660159e-05, 3.26191802742e-05, 1.99049882212e-05, 1.28060419229e-05, 1.28738101921e-05, 1.15329239634e-05, 1.1673492736e-05, 1.08647591333e-05, 8.41685687192e-06, 6.0504467001e-06, 5.53523523195e-06, 4.99540101373e-06, 4.46890680905e-06, 3.40228052664e-06, 2.97441852126e-06, 2.7591934213e-06, 2.40126269091e-06, 2.02076535061e-06, 2.06559366234e-06, 1.86618547104e-06, 1.85174087619e-06]}, "spectral_entropy": {"min": 2.81395053864, "max": 9.81107711792, "dvar2": 0.252977699041, "median": 7.5505771637, "dmean2": 0.467524677515, "dmean": 0.332881718874, "var": 0.593897044659, "dvar": 0.139157474041, "mean": 7.41296339035}, "spectral_rolloff": {"min": 43.06640625, "max": 21554.7363281, "dvar2": 6967477, "median": 839.794921875, "dmean2": 1360.19458008, "dmean": 815.917724609, "var": 8612768, "dvar": 3331617.75, "mean": 1838.59863281}, "barkbands": {"min": [1.49004181409e-23, 1.07052219259e-23, 6.53401339337e-24, 1.14179096333e-23, 3.61672877303e-23, 7.88350228225e-23, 9.4986007957e-24, 2.10563415465e-23, 1.76308569538e-22, 1.02411980065e-22, 7.31360518295e-23, 1.23735395204e-22, 1.43828528119e-22, 8.46492747928e-23, 1.62194446926e-22, 2.49833384643e-22, 2.28429000821e-22, 3.27989557947e-22, 2.47281968662e-22, 3.65075360605e-22, 3.3210953233e-22, 5.64020855488e-22, 5.78385444592e-22, 7.26544023909e-22, 1.11959168539e-21, 1.45776133555e-21, 2.66929143992e-21], "max": [0.0279808435589, 0.12052705884, 0.0705755874515, 0.0486228466034, 0.0680176541209, 0.066797465086, 0.0483010075986, 0.104634523392, 0.0620865598321, 0.0605823174119, 0.0415939874947, 0.079456679523, 0.0565687678754, 0.0524126589298, 0.0303279645741, 0.0195926669985, 0.0323217958212, 0.00968678947538, 0.0095782848075, 0.0050422209315, 0.00745406001806, 0.00515886070207, 0.00682380795479, 0.00387916504405, 0.0136883128434, 0.00603647204116, 0.00365348230116], "dvar2": [3.41568625117e-06, 0.000249053817242, 0.000180552946404, 5.87233807892e-05, 2.56533803622e-05, 1.26493332573e-05, 6.20948367214e-06, 1.84986020031e-05, 2.60594079009e-05, 1.01542300399e-05, 7.66919674788e-06, 8.64978846948e-06, 1.53942964971e-05, 6.22346487944e-06, 4.50885136161e-06, 2.93359175885e-06, 1.69275426742e-06, 3.93760217321e-07, 3.06568551878e-07, 1.90976265912e-07, 1.75386020373e-07, 1.29511050773e-07, 1.40164161166e-07, 2.20271047624e-07, 1.88753745078e-07, 7.41915258118e-08, 1.43002276687e-08], "median": [5.38481908734e-05, 0.00257727736607, 0.000600664992817, 0.000310231320327, 0.000428623927291, 0.000346404558513, 0.000155680667376, 8.41262080939e-05, 8.79550061654e-05, 4.88996593049e-05, 3.68576656911e-05, 4.54691216873e-05, 4.25003636337e-05, 3.31418123096e-05, 2.67390078079e-05, 2.83447607217e-05, 3.095754073e-05, 4.58046233689e-05, 5.41895860806e-05, 5.4336123867e-05, 3.84049599234e-05, 3.85460698453e-05, 3.22409068758e-05, 3.14004973916e-05, 1.67382131622e-05, 7.38365633879e-06, 2.7274572858e-06], "dmean2": [0.000528328644577, 0.00903926324099, 0.00664007943124, 0.00368586950935, 0.00226922449656, 0.00157508102711, 0.000919273763429, 0.00106555887032, 0.00163932761643, 0.000931315124035, 0.000811248261016, 0.000825436029118, 0.00117576611228, 0.000705418933649, 0.000617645331658, 0.000566940463614, 0.000350488262484, 0.000263989262749, 0.00026809782139, 0.000231229423662, 0.000237612825003, 0.000185269367648, 0.00017357894103, 0.000197874745936, 0.000162894124514, 0.000101900681329, 3.61566271749e-05], "dmean": [0.000336760334903, 0.00514022400603, 0.00377186900005, 0.00208892580122, 0.00138116290327, 0.000990032451227, 0.000558172061574, 0.000661576166749, 0.000994137488306, 0.000586346606724, 0.000515148567501, 0.00053804932395, 0.000751827843487, 0.000452403328381, 0.000384647020837, 0.000367759581422, 0.000234361679759, 0.000175709385076, 0.000179698457941, 0.000161210511578, 0.000165345569258, 0.000132927132654, 0.000118940573884, 0.000132698332891, 0.000121523611597, 7.3599308962e-05, 2.50156117545e-05], "var": [2.44682405537e-06, 0.000191835177247, 7.94918159954e-05, 2.12816230487e-05, 1.26837903736e-05, 6.57078953736e-06, 2.48569813266e-06, 8.14480245026e-06, 1.19789756354e-05, 5.86046598983e-06, 5.2570499065e-06, 7.7680524555e-06, 1.1283746062e-05, 3.5638195186e-06, 2.23022038881e-06, 1.81772747965e-06, 1.37057293159e-06, 3.1181588156e-07, 3.19381030067e-07, 2.43535367872e-07, 2.26446601914e-07, 1.48006208178e-07, 1.1633440522e-07, 1.24969389503e-07, 1.94866387915e-07, 8.09474656194e-08, 1.07727897714e-08], "dvar": [1.59807314049e-06, 8.37525367388e-05, 5.945072553e-05, 1.94653512153e-05, 1.05119324871e-05, 5.23581229572e-06, 2.46384843194e-06, 7.11748089088e-06, 1.02395160866e-05, 4.0977683966e-06, 3.05987418869e-06, 3.87390218748e-06, 6.47435126666e-06, 2.61622335529e-06, 1.7715993863e-06, 1.25406086227e-06, 7.26758571545e-07, 1.69587394794e-07, 1.36971493703e-07, 9.38810416073e-08, 9.5957226165e-08, 6.74075124607e-08, 6.5946736072e-08, 9.29854522269e-08, 1.04097892972e-07, 3.99899917625e-08, 6.14833606249e-09], "mean": [0.000554316386115, 0.00906025990844, 0.00485173799098, 0.00219470867887, 0.0016201226972, 0.0012500747107, 0.000625106389634, 0.00073126074858, 0.00108907383401, 0.000747538695578, 0.000654110044707, 0.00070287717972, 0.000972475158051, 0.000535765488166, 0.000458198599517, 0.000459692673758, 0.00033045996679, 0.000265813810984, 0.000296506215818, 0.000278029328911, 0.00023738607706, 0.0001988002914, 0.000169003382325, 0.000170700252056, 0.000166562575032, 0.000107481719169, 3.17599296977e-05]}, "melbands_flatness_db": {"min": 0.00821714475751, "max": 1, "dvar2": 0.00472195120528, "median": 0.231409102678, "dmean2": 0.0659118443727, "dmean": 0.0472120195627, "var": 0.014902128838, "dvar": 0.00253147748299, "mean": 0.252137035131}, "melbands_skewness": {"min": -7.90112304688, "max": 36.999671936, "dvar2": 9.08027648926, "median": 3.04403090477, "dmean2": 2.45607471466, "dmean": 1.58056938648, "var": 11.6655073166, "dvar": 3.92057847977, "mean": 3.86634969711}, "barkbands_skewness": {"min": -13.5549144745, "max": 28.1765632629, "dvar2": 5.45779132843, "median": 1.85447180271, "dmean2": 1.84409308434, "dmean": 1.22340345383, "var": 8.22636127472, "dvar": 2.53021478653, "mean": 2.47902083397}, "silence_rate_60dB": {"min": 0, "max": 1, "dvar2": 0.13820412755, "median": 0, "dmean2": 0.138881713152, "dmean": 0.0694348737597, "var": 0.146849215031, "dvar": 0.0646141692996, "mean": 0.178826779127}, "spectral_energyband_low": {"min": 3.77655167689e-23, "max": 0.138197138906, "dvar2": 0.000285566144157, "median": 0.00526929274201, "dmean2": 0.00998189672828, "dmean": 0.00610933220014, "var": 0.000386262050597, "dvar": 0.000111433553684, "mean": 0.0158655941486}, "spectral_energyband_middle_low": {"min": 3.44212804318e-22, "max": 0.110899619758, "dvar2": 0.000134323287057, "median": 0.00362676591612, "dmean2": 0.00777256907895, "dmean": 0.00492577767, "var": 0.000100351004221, "dvar": 5.60071639484e-05, "mean": 0.00768628064543}, "melbands_kurtosis": {"min": -1.92808794975, "max": 1917.9909668, "dvar2": 14290.3408203, "median": 14.443780899, "dmean2": 49.8561439514, "dmean": 30.925069809, "var": 8747.01660156, "dvar": 5980.42089844, "mean": 44.5229682922}, "spectral_decrease": {"min": -3.90380456849e-08, "max": 6.85211054563e-10, "dvar2": 2.19869784967e-17, "median": -5.49182876952e-09, "dmean2": 3.58641716325e-09, "dmean": 2.40081732272e-09, "var": 4.04580919742e-17, "dvar": 1.01525939813e-17, "mean": -7.08548775208e-09}, "erbbands_kurtosis": {"min": -1.95767819881, "max": 530.140563965, "dvar2": 280.18447876, "median": 0.468577623367, "dmean2": 5.35213565826, "dmean": 3.34010195732, "var": 226.777633667, "dvar": 119.771766663, "mean": 3.47834968567}, "melbands_crest": {"min": 2.1895878315, "max": 39.049911499, "dvar2": 38.7008171082, "median": 16.9200325012, "dmean2": 6.99013853073, "dmean": 4.20908355713, "var": 47.9547271729, "dvar": 15.1333036423, "mean": 17.5173244476}, "gfcc": {"cov": [[19441.5195312, -697.43536377, -2061.09692383, 890.239807129, -1001.66314697, 1020.68157959, -433.690338135, 528.18347168, -483.361297607, 240.904327393, -525.993896484, -34.1313247681, -346.110961914], [-697.43536377, 2412.93041992, 715.754577637, 323.402374268, 301.03793335, -35.3333435059, 226.703582764, -117.757850647, 47.7477874756, -182.405792236, 22.7840919495, -137.551239014, -7.60332107544], [-2061.09692383, 715.754577637, 2753.16235352, 755.691589355, 471.632659912, 115.300178528, 46.7667198181, -57.3221664429, 27.155790329, -78.7238235474, -207.509750366, -22.8449344635, -108.788711548], [890.239807129, 323.402374268, 755.691589355, 927.099182129, 330.509033203, 159.679397583, 4.28673028946, 80.7903900146, 96.366973877, -8.6801404953, -110.291351318, -30.8057022095, -40.4586982727], [-1001.66314697, 301.03793335, 471.632659912, 330.509033203, 678.750366211, 164.852081299, 152.074768066, 91.528968811, 118.801376343, 22.3006458282, 17.8912029266, -21.3918418884, -2.60303783417], [1020.68157959, -35.3333435059, 115.300178528, 159.679397583, 164.852081299, 434.156005859, 170.791275024, 93.6708755493, -23.9407596588, 60.7286071777, 28.9003219604, -14.8522233963, -48.5506591797], [-433.690338135, 226.703582764, 46.7667198181, 4.28673028946, 152.074768066, 170.791275024, 362.067077637, 96.642791748, 37.6621742249, 14.8344068527, 83.1835479736, 1.68083500862, -0.193360298872], [528.18347168, -117.757850647, -57.3221664429, 80.7903900146, 91.528968811, 93.6708755493, 96.642791748, 270.546142578, 89.394203186, 38.4435882568, 14.0597906113, 25.0517749786, 5.04398775101], [-483.361297607, 47.7477874756, 27.155790329, 96.366973877, 118.801376343, -23.9407596588, 37.6621742249, 89.394203186, 225.984313965, 62.8857727051, 22.343755722, 9.26493358612, 40.9748764038], [240.904327393, -182.405792236, -78.7238235474, -8.6801404953, 22.3006458282, 60.7286071777, 14.8344068527, 38.4435882568, 62.8857727051, 172.277954102, 72.5893325806, 31.9545116425, 3.32457447052], [-525.993896484, 22.7840919495, -207.509750366, -110.291351318, 17.8912029266, 28.9003219604, 83.1835479736, 14.0597906113, 22.343755722, 72.5893325806, 242.502349854, 72.1116714478, 40.9251365662], [-34.1313247681, -137.551239014, -22.8449344635, -30.8057022095, -21.3918418884, -14.8522233963, 1.68083500862, 25.0517749786, 9.26493358612, 31.9545116425, 72.1116714478, 138.491943359, 51.3211135864], [-346.110961914, -7.60332107544, -108.788711548, -40.4586982727, -2.60303783417, -48.5506591797, -0.193360298872, 5.04398775101, 40.9748764038, 3.32457447052, 40.9251365662, 51.3211135864, 129.328308105]], "icov": [[0.000187528276001, -0.000154127759743, 0.00024932436645, -0.000305863184622, 0.000333224132191, -0.000505182601046, 0.000338238751283, -0.000430730433436, 0.000459899136331, -0.000482800736791, 0.000616260687821, -0.000404196442105, 0.000273297162494], [-0.000154127759743, 0.000769235601183, -0.000318517908454, 6.16427641944e-05, -0.000341642473359, 0.000634673633613, -0.000728978251573, 0.000705505546648, -0.000564396905247, 0.00105806346983, -0.00100410846062, 0.00103094102815, -0.000352869479684], [0.00024932436645, -0.000318517908454, 0.000911105424166, -0.000720601819921, 0.000184969132533, -0.000646611442789, 0.000352679635398, -0.000276359409327, 0.000637290999293, -0.000665262225084, 0.00132329168264, -0.00113826617599, 0.000809920777101], [-0.000305863184622, 6.16427641944e-05, -0.000720601819921, 0.00234028673731, -0.000986398546956, 0.000111494191515, 0.000139031180879, 0.000334929529345, -0.00137570174411, 0.000903045467567, -0.000445081677753, 0.00040694148629, -0.000287810224108], [0.000333224132191, -0.000341642473359, 0.000184969132533, -0.000986398546956, 0.0029027920682, -0.00140233291313, 0.000172389074578, -0.000922411272768, -5.27047959622e-05, -0.000703178870026, 0.000663564598653, -0.000239747343585, 0.000206852535484], [-0.000505182601046, 0.000634673633613, -0.000646611442789, 0.000111494191515, -0.00140233291313, 0.00538700772449, -0.00263400585391, 0.000413452420617, 0.000615052238572, -0.000291595846647, -0.00178048422094, 0.00175913027488, -0.000171696839971], [0.000338238751283, -0.000728978251573, 0.000352679635398, 0.000139031180879, 0.000172389074578, -0.00263400585391, 0.0052850889042, -0.00200555566698, 0.000303584820358, -0.000134933536174, -0.000114378330181, -0.00062118092319, 0.000493255443871], [-0.000430730433436, 0.000705505546648, -0.000276359409327, 0.000334929529345, -0.000922411272768, 0.000413452420617, -0.00200555566698, 0.00649135373533, -0.00321509386413, 0.00151688046753, -0.000813014281448, -0.000341259350535, 1.38679279189e-05], [0.000459899136331, -0.000564396905247, 0.000637290999293, -0.00137570174411, -5.27047959622e-05, 0.000615052238572, 0.000303584820358, -0.00321509386413, 0.00869536306709, -0.00443549221382, 0.00174428184982, 0.000104917686258, -0.00157552037854], [-0.000482800736791, 0.00105806346983, -0.000665262225084, 0.000903045467567, -0.000703178870026, -0.000291595846647, -0.000134933536174, 0.00151688046753, -0.00443549221382, 0.0105157531798, -0.00423911307007, 0.000465014309157, 0.000601917447057], [0.000616260687821, -0.00100410846062, 0.00132329168264, -0.000445081677753, 0.000663564598653, -0.00178048422094, -0.000114378330181, -0.000813014281448, 0.00174428184982, -0.00423911307007, 0.00917700957507, -0.00476194918156, 0.000482599629322], [-0.000404196442105, 0.00103094102815, -0.00113826617599, 0.00040694148629, -0.000239747343585, 0.00175913027488, -0.00062118092319, -0.000341259350535, 0.000104917686258, 0.000465014309157, -0.00476194918156, 0.0123462053016, -0.0046209753491], [0.000273297162494, -0.000352869479684, 0.000809920777101, -0.000287810224108, 0.000206852535484, -0.000171696839971, 0.000493255443871, 1.38679279189e-05, -0.00157552037854, 0.000601917447057, 0.000482599629322, -0.0046209753491, 0.0111387884244]], "mean": [-56.8128967285, 59.9787330627, -86.6396789551, 28.5155677795, -47.5450134277, 11.4309196472, -26.8828811646, 6.75778770447, -18.3971977234, 4.06104803085, -8.25235652924, 0.758090913296, -10.1990261078]}, "melbands_spread": {"min": 0.0418137051165, "max": 366.142242432, "dvar2": 676.795654297, "median": 14.670539856, "dmean2": 15.568520546, "dmean": 10.1071367264, "var": 710.564941406, "dvar": 289.03817749, "mean": 22.7557792664}, "spectral_energy": {"min": 1.05647871342e-20, "max": 0.148373380303, "dvar2": 0.000330693670548, "median": 0.0229255668819, "dmean2": 0.0142244780436, "dmean": 0.00967135280371, "var": 0.000638321042061, "dvar": 0.000157282847795, "mean": 0.0287599749863}, "mfcc": {"cov": [[19116.2226562, -839.52154541, -1466.53723145, -397.325042725, -575.78704834, 5.94618272781, -2.94475960732, 23.2975158691, 23.6171684265, 184.164001465, 38.0554695129, -161.977767944, -229.225906372], [-839.52154541, 2045.14709473, 608.653991699, 326.711791992, 122.113456726, 148.486236572, 131.166244507, 82.8237075806, 39.2130393982, -54.2518997192, -4.44976949692, -4.25755214691, -53.5342102051], [-1466.53723145, 608.653991699, 1838.8125, 607.540161133, 387.371368408, 296.045288086, 85.5832977295, 99.5947952271, 142.254928589, -121.563026428, 27.730632782, 29.3952960968, -27.7845668793], [-397.325042725, 326.711791992, 607.540161133, 756.189880371, 417.38571167, 173.135040283, 18.8290748596, 102.930465698, 166.464202881, 17.7589969635, 7.771525383, 57.0405807495, 33.8777046204], [-575.78704834, 122.113456726, 387.371368408, 417.38571167, 596.064331055, 193.982254028, 64.6081008911, 89.7508392334, 141.373397827, 60.0752716064, 17.9612464905, 40.2212791443, 60.7631530762], [5.94618272781, 148.486236572, 296.045288086, 173.135040283, 193.982254028, 366.454040527, 167.95526123, 65.6731033325, 58.9412078857, 44.4054031372, 66.0351104736, 6.19548797607, -1.86937701702], [-2.94475960732, 131.166244507, 85.5832977295, 18.8290748596, 64.6081008911, 167.95526123, 353.825897217, 149.352325439, 14.6678276062, 59.7255249023, 84.1690292358, 13.5486183167, 35.3751335144], [23.2975158691, 82.8237075806, 99.5947952271, 102.930465698, 89.7508392334, 65.6731033325, 149.352325439, 226.207824707, 95.8464736938, 41.6606712341, 46.647064209, 34.9128952026, 32.1748886108], [23.6171684265, 39.2130393982, 142.254928589, 166.464202881, 141.373397827, 58.9412078857, 14.6678276062, 95.8464736938, 230.88861084, 65.7360687256, 29.5822353363, 33.6849708557, 13.5862150192], [184.164001465, -54.2518997192, -121.563026428, 17.7589969635, 60.0752716064, 44.4054031372, 59.7255249023, 41.6606712341, 65.7360687256, 193.26348877, 76.7284164429, 29.7005157471, 41.5643730164], [38.0554695129, -4.44976949692, 27.730632782, 7.771525383, 17.9612464905, 66.0351104736, 84.1690292358, 46.647064209, 29.5822353363, 76.7284164429, 173.228759766, 57.2427482605, 10.0084133148], [-161.977767944, -4.25755214691, 29.3952960968, 57.0405807495, 40.2212791443, 6.19548797607, 13.5486183167, 34.9128952026, 33.6849708557, 29.7005157471, 57.2427482605, 140.035736084, 63.587223053], [-229.225906372, -53.5342102051, -27.7845668793, 33.8777046204, 60.7631530762, -1.86937701702, 35.3751335144, 32.1748886108, 13.5862150192, 41.5643730164, 10.0084133148, 63.587223053, 155.063644409]], "icov": [[6.01475585427e-05, 1.83358952199e-05, 5.08445737069e-05, -3.73961120204e-05, 6.98277799529e-05, -5.90257914155e-05, 1.03025067801e-05, -3.61453967344e-05, -2.77500566881e-05, -3.68352120859e-05, 3.90640570913e-06, 3.93113732571e-05, 8.55328980833e-05], [1.83358952199e-05, 0.000584382156376, -0.000114265989396, -0.000228299119044, 0.000126385770272, -2.38723678194e-05, -0.000236632171436, -3.85288658435e-05, 6.20468272245e-05, 1.39744943226e-05, 0.00014379528875, -4.65337579953e-05, 0.00027104493347], [5.08445737069e-05, -0.000114265989396, 0.000972381443717, -0.000530166551471, -7.5256175478e-05, -0.000446816062322, -1.98222624022e-05, 1.65106048371e-05, -0.00027766727726, 0.000901359424461, -0.000342854677001, 6.31263174e-05, 0.000129938329337], [-3.73961120204e-05, -0.000228299119044, -0.000530166551471, 0.0028748572804, -0.00139397731982, -0.000252412515692, 0.000621573126409, -0.000496021006256, -0.000553661957383, -6.79759468767e-05, 0.000359145895345, -0.000606545538176, -6.05852837907e-05], [6.98277799529e-05, 0.000126385770272, -7.5256175478e-05, -0.00139397731982, 0.00334113813005, -0.00102961133234, 5.60629960091e-05, -0.000102591875475, -0.000596754893195, -0.000585602712817, 0.000444045988843, 0.000216192711378, -0.000783307594247], [-5.90257914155e-05, -2.38723678194e-05, -0.000446816062322, -0.000252412515692, -0.00102961133234, 0.00483287498355, -0.00222937599756, 0.00100952864159, -0.000314481498208, -0.000300050480291, -0.000791592232417, 0.00033589292434, 0.000661769183353], [1.03025067801e-05, -0.000236632171436, -1.98222624022e-05, 0.000621573126409, 5.60629960091e-05, -0.00222937599756, 0.00595776597038, -0.00377810723148, 0.00158868194558, -0.000595892721321, -0.00134307250846, 0.0010139363585, -0.00113845430315], [-3.61453967344e-05, -3.85288658435e-05, 1.65106048371e-05, -0.000496021006256, -0.000102591875475, 0.00100952864159, -0.00377810723148, 0.00828956626356, -0.00304896384478, 0.000567784067243, -0.00022381132294, -0.000699704396538, -0.000344842643244], [-2.77500566881e-05, 6.20468272245e-05, -0.00027766727726, -0.000553661957383, -0.000596754893195, -0.000314481498208, 0.00158868194558, -0.00304896384478, 0.00716546038166, -0.00226353225298, 0.000259809778072, -0.000660850433633, 0.000785018084571], [-3.68352120859e-05, 1.39744943226e-05, 0.000901359424461, -6.79759468767e-05, -0.000585602712817, -0.000300050480291, -0.000595892721321, 0.000567784067243, -0.00226353225298, 0.00846611894667, -0.00335851078853, 0.000846953946166, -0.00183081813157], [3.90640570913e-06, 0.00014379528875, -0.000342854677001, 0.000359145895345, 0.000444045988843, -0.000791592232417, -0.00134307250846, -0.00022381132294, 0.000259809778072, -0.00335851078853, 0.00946959946305, -0.00411985395476, 0.00204051914625], [3.93113732571e-05, -4.65337579953e-05, 6.31263174e-05, -0.000606545538176, 0.000216192711378, 0.00033589292434, 0.0010139363585, -0.000699704396538, -0.000660850433633, 0.000846953946166, -0.00411985395476, 0.0110950460657, -0.00443389639258], [8.55328980833e-05, 0.00027104493347, 0.000129938329337, -6.05852837907e-05, -0.000783307594247, 0.000661769183353, -0.00113845430315, -0.000344842643244, 0.000785018084571, -0.00183081813157, 0.00204051914625, -0.00443389639258, 0.00946017447859]], "mean": [-713.099487305, 98.6301269531, 18.8373298645, 25.0348930359, 7.34377288818, 7.79859304428, 5.54740667343, 4.17317485809, -1.21520853043, 3.67037796974, 1.78251767159, 3.50403738022, 2.32422995567]}, "spectral_contrast_valleys": {"min": [-27.0328674316, -27.5793857574, -27.1613903046, -27.1557598114, -27.0591659546, -27.1413974762], "max": [-5.05077791214, -4.84799385071, -5.1739821434, -5.61107873917, -5.5200958252, -7.42260742188], "dvar2": [0.732759416103, 0.995355010033, 0.736358761787, 0.728691220284, 0.679194867611, 0.74701488018], "median": [-7.50199508667, -7.4189863205, -8.15278244019, -8.54135227203, -8.11641311646, -10.1169376373], "dmean2": [0.942055583, 0.990994513035, 0.847037613392, 0.785956740379, 0.722095668316, 0.737921893597], "dmean": [0.615820407867, 0.665043115616, 0.602198719978, 0.587480664253, 0.570991873741, 0.605529725552], "var": [2.97770762444, 2.20126891136, 2.21272945404, 2.21682906151, 2.29554319382, 2.44097566605], "dvar": [0.421918153763, 0.531817018986, 0.417543321848, 0.414512068033, 0.394378840923, 0.452069699764], "mean": [-7.9709239006, -7.72607278824, -8.36166667938, -8.72576904297, -8.38487052917, -10.3699922562]}, "barkbands_flatness_db": {"min": 0.0162131246179, "max": 0.837620377541, "dvar2": 0.00333730108105, "median": 0.154505580664, "dmean2": 0.0555630102754, "dmean": 0.0392244197428, "var": 0.00935847871006, "dvar": 0.00177353038453, "mean": 0.174159660935}, "dynamic_complexity": 4.95820331573, "erbbands_flatness_db": {"min": 0.0179841350764, "max": 0.493092358112, "dvar2": 0.00168510642834, "median": 0.141977801919, "dmean2": 0.042612504214, "dmean": 0.029585506767, "var": 0.00461295479909, "dvar": 0.00090093864128, "mean": 0.153639078