{"lowlevel": {"spectral_complexity": {"min": 0, "max": 55, "dvar2": 43.3134078979, "median": 11, "dmean2": 5.98527574539, "dmean": 4.28669071198, "var": 103.020492554, "dvar": 27.8238182068, "mean": 12.6530132294}, "silence_rate_20dB": {"min": 1, "max": 1, "dvar2": 0, "median": 1, "dmean2": 0, "dmean": 0, "var": 0, "dvar": 0, "mean": 1}, "average_loudness": 0.689560055733, "erbbands_spread": {"min": 2.97983312607, "max": 177.163269043, "dvar2": 534.612243652, "median": 41.5256271362, "dmean2": 21.2887592316, "dmean": 14.3059167862, "var": 734.989013672, "dvar": 249.908416748, "mean": 47.1471176147}, "spectral_kurtosis": {"min": -1.34053957462, "max": 177.921463013, "dvar2": 43.356803894, "median": 3.33402395248, "dmean2": 2.99024891853, "dmean": 1.92313849926, "var": 47.4824562073, "dvar": 21.3153896332, "mean": 4.61449956894}, "barkbands_kurtosis": {"min": -1.93716943264, "max": 1267.93835449, "dvar2": 12577.3164062, "median": 2.80671739578, "dmean2": 24.5166950226, "dmean": 14.1274633408, "var": 4247.14208984, "dvar": 4589.31005859, "mean": 14.1817026138}, "spectral_strongpeak": {"min": 0, "max": 13.0941848755, "dvar2": 0.986248016357, "median": 0.26846241951, "dmean2": 0.629009544849, "dmean": 0.380153983831, "var": 0.731864333153, "dvar": 0.394784063101, "mean": 0.570415973663}, "spectral_spread": {"min": 571518.1875, "max": 41768540, "dvar2": 2374716882940.0, "median": 5384074, "dmean2": 1269970.875, "dmean": 855325.25, "var": 4533093662720.0, "dvar": 1221186289660.0, "mean": 5673864}, "spectral_rms": {"min": 3.17119919734e-12, "max": 0.0113869570196, "dvar2": 5.20218509337e-06, "median": 0.00306101702154, "dmean2": 0.00188036775216, "dmean": 0.00132944202051, "var": 6.15450016994e-06, "dvar": 2.91844935418e-06, "mean": 0.00355774373747}, "erbbands": {"min": [3.43844324234e-22, 1.19342866223e-21, 2.22989838958e-21, 1.27782941807e-20, 2.08796494012e-20, 5.55621353355e-20, 1.28518625257e-19, 2.68336279188e-19, 1.71311237435e-19, 1.90340036288e-19, 3.00776183162e-19, 4.82081222887e-19, 8.5657618168e-19, 1.94053076867e-18, 1.60930087143e-18, 1.82934404586e-18, 1.88273834761e-18, 3.10765655679e-18, 4.22412187509e-18, 4.56526687614e-18, 6.18607558765e-18, 6.46847174005e-18, 6.14492624731e-18, 9.23715319734e-18, 8.73006418488e-18, 1.16379580713e-17, 9.88937932007e-18, 1.31851423316e-17, 1.60015425977e-17, 1.50514942313e-17, 1.20907162068e-17, 1.04162793082e-17, 1.25798463009e-17, 9.39734913067e-18, 8.47522224587e-18, 5.7941582406e-18, 2.50193949118e-18, 1.11276347827e-18, 2.66264424398e-19, 2.76196769754e-20], "max": [2.95073199272, 20.6716938019, 43.6527137756, 106.057167053, 222.474456787, 161.914398193, 149.825469971, 267.028839111, 561.179443359, 780.166259766, 953.34588623, 1003.85119629, 1547.11096191, 1166.19958496, 1232.23864746, 1650.83251953, 1336.47961426, 1702.18286133, 1954.26879883, 1193.3092041, 955.788513184, 2031.9876709, 926.744995117, 598.436767578, 317.122009277, 384.337860107, 140.383407593, 159.805404663, 195.172103882, 264.809509277, 102.217689514, 104.728630066, 143.643692017, 94.2498397827, 38.3965797424, 18.2667503357, 6.94085597992, 2.11695671082, 0.362784564495, 0.0129709718749], "dvar2": [0.320750057697, 17.6533412933, 48.8809890747, 678.488769531, 3658.15014648, 1059.2401123, 795.384643555, 944.282470703, 964.543762207, 1545.78125, 2388.75390625, 2907.51147461, 3584.2746582, 2569.26660156, 1378.39941406, 1709.52758789, 1996.24987793, 2308.83789062, 2589.71386719, 1527.59289551, 969.411865234, 2424.3347168, 468.138458252, 176.980056763, 163.655395508, 121.164772034, 123.518157959, 121.384567261, 161.169677734, 94.8860168457, 108.886535645, 72.0766448975, 25.5716991425, 8.16413974762, 1.89955806732, 0.255187690258, 0.0231573581696, 0.00164863921236, 5.8887508203e-05, 1.67356290603e-07], "median": [0.0172830969095, 0.199010670185, 0.800602316856, 1.11652064323, 1.10072278976, 1.44493722916, 1.82537603378, 2.68069553375, 3.63147258759, 3.46896934509, 2.98896241188, 3.73307800293, 4.80737781525, 4.98562049866, 3.16134476662, 3.69220066071, 3.91873550415, 3.7697827816, 3.35007023811, 2.93046474457, 2.1806306839, 2.41156482697, 2.11255598068, 2.07159328461, 1.84501504898, 1.52831113338, 1.20097327232, 1.1266181469, 1.24851346016, 1.02519249916, 0.837812542915, 0.63032490015, 0.4854170084, 0.204216063023, 0.0892431363463, 0.029167464003, 0.00844133179635, 0.00210547191091, 0.000353473471478, 3.84146987926e-05], "dmean2": [0.258339732885, 1.83830869198, 3.31128668785, 11.0518255234, 22.8617610931, 12.3750572205, 12.261762619, 14.1644096375, 15.2118721008, 15.7344684601, 16.4415302277, 19.1902523041, 21.8312969208, 16.7747879028, 11.9283418655, 13.0529747009, 13.7242937088, 14.502822876, 13.9966506958, 11.0439481735, 9.08819580078, 8.64220714569, 6.51297855377, 5.79499578476, 5.92558479309, 5.16078042984, 5.63577079773, 5.57278633118, 6.41161298752, 5.07651662827, 5.12470769882, 4.30856561661, 2.37188267708, 1.28305387497, 0.64219224453, 0.231267601252, 0.0594173409045, 0.0144898379222, 0.00286219152622, 0.00018389649631], "dmean": [0.154084265232, 1.1288459301, 1.95285713673, 6.60148334503, 13.5594911575, 7.18813371658, 7.20326280594, 8.72854328156, 9.506108284, 10.1574277878, 10.8011341095, 12.2409181595, 14.0645980835, 11.2013282776, 7.73538827896, 8.58959293365, 8.99358654022, 9.2752161026, 8.90894603729, 7.20434856415, 5.95957803726, 5.79407835007, 4.43916654587, 3.98402738571, 4.07831430435, 3.7952568531, 4.15277481079, 4.15885305405, 4.74571609497, 3.84696054459, 3.88313341141, 2.91330552101, 1.76018249989, 0.972629249096, 0.446538686752, 0.168464049697, 0.0447120144963, 0.0110860290006, 0.00219174497761, 0.000159644187079], "var": [0.126572117209, 7.45459747314, 14.1038589478, 235.554718018, 1168.34521484, 271.914306641, 274.634735107, 386.018035889, 771.747741699, 1265.72729492, 2646.47851562, 2455.66796875, 3398.04638672, 2285.30541992, 999.445251465, 2016.29931641, 1893.20605469, 2713.49951172, 2859.52563477, 1495.45593262, 1234.19091797, 3491.77246094, 603.035705566, 233.108978271, 158.45489502, 139.422103882, 116.283180237, 133.328689575, 177.311553955, 134.194992065, 105.152359009, 58.1259460449, 33.592956543, 11.3827285767, 1.88773918152, 0.303247720003, 0.0498207621276, 0.0035522072576, 7.67941091908e-05, 2.69273328968e-07], "dvar": [0.122903741896, 7.52677202225, 17.6565170288, 282.157653809, 1477.89440918, 387.957000732, 308.769927979, 374.442138672, 422.995422363, 700.477661133, 1122.6027832, 1267.84667969, 1676.51037598, 1158.94555664, 610.392700195, 869.611999512, 932.664794922, 1024.30395508, 1126.76623535, 690.666870117, 444.854919434, 912.770385742, 190.398330688, 86.7391967773, 75.6644515991, 63.8043212891, 67.2026443481, 70.5227508545, 89.5044937134, 60.9370422363, 59.3067512512, 34.7087974548, 14.7799339294, 4.81194972992, 0.964165985584, 0.139536514878, 0.0128289321437, 0.000962937250733, 3.21555962728e-05, 1.15450966121e-07], "mean": [0.145117744803, 1.08855605125, 2.11001443863, 5.61661243439, 10.4718294144, 6.07581138611, 7.33196353912, 9.51932621002, 12.9146184921, 14.6227483749, 16.9230136871, 17.9333705902, 21.0997600555, 17.9467792511, 11.6830892563, 14.11769104, 14.1500730515, 15.0066766739, 14.4976062775, 11.9005870819, 10.0879192352, 10.8228874207, 7.70575237274, 6.5672621727, 6.23664903641, 5.81620883942, 5.56866121292, 5.70758724213, 6.47031736374, 5.54028177261, 4.93755245209, 3.73575520515, 2.55714154243, 1.34370708466, 0.587208151817, 0.217965632677, 0.0664337649941, 0.0160282365978, 0.00280167884193, 0.000223397073569]}, "zerocrossingrate": {"min": 0.001953125, "max": 0.51318359375, "dvar2": 0.00089454598492, "median": 0.05810546875, "dmean2": 0.0254161749035, "dmean": 0.0209149830043, "var": 0.00318427220918, "dvar": 0.000625079555903, "mean": 0.0728338807821}, "spectral_contrast_coeffs": {"min": [-0.981536388397, -0.970871269703, -0.978032648563, -0.972139894962, -0.96174710989, -0.964037597179], "max": [-0.317064285278, -0.347836643457, -0.453228056431, -0.52202039957, -0.589535534382, -0.621185362339], "dvar2": [0.00834369286895, 0.00499722268432, 0.00370218092576, 0.00225018360652, 0.00111156783532, 0.00098141503986], "median": [-0.689843654633, -0.767904996872, -0.808459758759, -0.818583905697, -0.828519463539, -0.788627266884], "dmean2": [0.108125060797, 0.0891728103161, 0.0714086145163, 0.0553141571581, 0.0372544899583, 0.0349830202758], "dmean": [0.0692938491702, 0.0540258474648, 0.0439854152501, 0.0348385125399, 0.0236051380634, 0.0231127887964], "var": [0.011070731096, 0.0070289708674, 0.00501498766243, 0.00381081155501, 0.0023593318183, 0.00197412678972], "dvar": [0.00409003254026, 0.00203382084146, 0.00150574673899, 0.00100872619078, 0.000528588308953, 0.000489481026307], "mean": [-0.67384326458, -0.760460555553, -0.799539625645, -0.807366371155, -0.819711327553, -0.791108191013]}, "dissonance": {"min": 0.200385659933, "max": 0.500000119209, "dvar2": 0.00110860937275, "median": 0.475536942482, "dmean2": 0.0337870083749, "dmean": 0.0206178110093, "var": 0.000861795328092, "dvar": 0.000446662306786, "mean": 0.467118382454}, "spectral_energyband_high": {"min": 7.22529340368e-21, "max": 0.0196295678616, "dvar2": 1.98836619347e-06, "median": 0.000191495957552, "dmean2": 0.000743099895772, "dmean": 0.000601374194957, "var": 2.75093907476e-06, "dvar": 1.24036318994e-06, "mean": 0.000884027278516}, "spectral_skewness": {"min": -0.464458823204, "max": 10.8780078888, "dvar2": 0.326524823904, "median": 1.49441158772, "dmean2": 0.438336223364, "dmean": 0.291472703218, "var": 0.49751880765, "dvar": 0.162390530109, "mean": 1.60234022141}, "spectral_flux": {"min": 6.50662787538e-11, "max": 0.320635676384, "dvar2": 0.00553844543174, "median": 0.0630004033446, "dmean2": 0.0633325353265, "dmean": 0.0395762436092, "var": 0.00459782686085, "dvar": 0.00257377163507, "mean": 0.0851550996304}, "silence_rate_30dB": {"min": 0, "max": 1, "dvar2": 0.000945996900555, "median": 1, "dmean2": 0.000631047529168, "dmean": 0.000315507175401, "var": 0.000157702947035, "dvar": 0.000315363606205, "mean": 0.999842226505}, "spectral_energyband_middle_high": {"min": 1.45695212834e-21, "max": 0.0645267665386, "dvar2": 1.02246167444e-05, "median": 0.00109532265924, "dmean2": 0.00161986099556, "dmean": 0.00116360909306, "var": 2.67487230303e-05, "dvar": 5.46595902051e-06, "mean": 0.00277602439746}, "barkbands_spread": {"min": 0.0900932922959, "max": 118.850624084, "dvar2": 314.085571289, "median": 19.4720554352, "dmean2": 16.2537288666, "dmean": 10.4604034424, "var": 328.279541016, "dvar": 147.470108032, "mean": 24.2538013458}, "spectral_centroid": {"min": 58.686416626, "max": 11403.2177734, "dvar2": 488695.28125, "median": 1139.17871094, "dmean2": 617.111938477, "dmean": 412.076965332, "var": 708170.8125, "dvar": 250967.28125, "mean": 1336.35852051}, "pitch_salience": {"min": 0.0205454416573, "max": 0.964878380299, "dvar2": 0.0325524918735, "median": 0.560971975327, "dmean2": 0.200584590435, "dmean": 0.120480686426, "var": 0.0258246958256, "dvar": 0.0128224445507, "mean": 0.544913232327}, "erbbands_skewness": {"min": -4.67875909805, "max": 10.180437088, "dvar2": 0.849530339241, "median": 0.429443448782, "dmean2": 0.803956091404, "dmean": 0.530186057091, "var": 0.933149039745, "dvar": 0.387786775827, "mean": 0.440893769264}, "erbbands_crest": {"min": 1.9315905571, "max": 31.5119857788, "dvar2": 18.0499954224, "median": 6.74548959732, "dmean2": 4.46466732025, "dmean": 2.73553824425, "var": 19.9831466675, "dvar": 7.81085824966, "mean": 7.94774532318}, "melbands": {"min": [3.82251150209e-24, 1.03822841622e-24, 2.12799567918e-24, 3.20779459992e-24, 3.88853639884e-24, 7.86246383523e-24, 2.25678530779e-24, 2.09060702493e-24, 2.94093459138e-24, 3.31516152735e-24, 3.53304451494e-24, 6.42932918466e-24, 5.35297383899e-24, 5.45616591729e-24, 5.82555674148e-24, 3.36178439014e-24, 5.00583520322e-24, 4.72907558196e-24, 5.37732400298e-24, 7.81590842005e-24, 5.48278997284e-24, 5.86302329574e-24, 5.59811867617e-24, 4.4686382817e-24, 7.32157977784e-24, 6.45312083513e-24, 5.87227939517e-24, 7.04907014472e-24, 4.66627160429e-24, 6.99352644838e-24, 6.46112501231e-24, 7.69672889221e-24, 8.23410330743e-24, 7.40846255136e-24, 7.35386233267e-24, 4.47865247646e-24, 7.23232174414e-24, 6.9221921233e-24, 8.46922961111e-24, 6.47837069499e-24], "max": [0.0265140552074, 0.0249765105546, 0.0248717535287, 0.01191398222, 0.00505253719166, 0.00520656164736, 0.00768553931266, 0.0080013377592, 0.0107734799385, 0.00642543612048, 0.0079487292096, 0.00511342752725, 0.00412182835862, 0.0042978846468, 0.00462935306132, 0.0027707584668, 0.00364251690917, 0.00297528458759, 0.0025915147271, 0.00200257194228, 0.00157366669737, 0.00259416596964, 0.00129301985726, 0.000571117561776, 0.000617062381934, 0.000325843517203, 0.000283724279143, 0.000295948877465, 9.98727846309e-05, 9.97034512693e-05, 0.000109119486297, 0.000133186389576, 0.000142178716487, 0.000164986107848, 6.4952262619e-05, 5.04066192661e-05, 7.19624222256e-05, 0.000108395215648, 0.000131028500618, 6.30367649137e-05], "dvar2": [2.44828097493e-05, 1.57655485964e-05, 4.17859591835e-05, 7.6367150541e-06, 1.08763390472e-06, 5.17558646607e-07, 2.04988623409e-07, 1.66654331224e-07, 1.65634645555e-07, 1.18397075255e-07, 9.51866141463e-08, 4.79708113232e-08, 1.66995075546e-08, 1.49226089263e-08, 1.62246944768e-08, 8.18286061133e-09, 1.16740572764e-08, 8.31655455613e-09, 5.51226442269e-09, 2.44191555865e-09, 1.99885996643e-09, 4.12352729739e-09, 1.27953070361e-09, 2.20746879109e-10, 1.46132828061e-10, 1.40877240429e-10, 9.13319281315e-11, 6.84003756413e-11, 4.0296346121e-11, 1.07643512159e-10, 5.54652226925e-11, 7.52341106081e-11, 3.02532859875e-11, 4.21626240865e-11, 3.78236886256e-11, 3.24659396589e-11, 3.15067243128e-11, 1.58332843364e-11, 1.15702326192e-11, 5.14208510841e-12], "median": [0.000184328411706, 0.000416258699261, 0.000221326190513, 9.22006584005e-05, 6.89074440743e-05, 6.14605960436e-05, 5.57149433007e-05, 3.39726684615e-05, 2.19556368393e-05, 2.22333001147e-05, 2.29395918723e-05, 1.9744691599e-05, 1.09098873509e-05, 8.54969766806e-06, 8.91976378625e-06, 7.48216734792e-06, 6.11872337686e-06, 4.77078174299e-06, 4.47508227808e-06, 2.91763399218e-06, 2.28692510973e-06, 2.4571522772e-06, 1.8865837319e-06, 1.68375402154e-06, 1.57746717377e-06, 1.34790730044e-06, 1.12953216558e-06, 9.07420314888e-07, 7.44441763345e-07, 6.42642248749e-07, 6.12394046584e-07, 6.83020118686e-07, 5.93136064708e-07, 5.13673967362e-07, 4.52286769814e-07, 4.22494395025e-07, 3.20542056897e-07, 3.54043862671e-07, 2.37428821492e-07, 1.40312437225e-07], "dmean2": [0.00228736526333, 0.00180330185685, 0.00258028390817, 0.0011017951183, 0.000438378454419, 0.000328194495523, 0.000226362564717, 0.000163678574609, 0.000136875140015, 0.000123436780996, 0.000112317233288, 7.19167437637e-05, 4.20929281972e-05, 3.83986116503e-05, 3.58435645467e-05, 2.95819991152e-05, 3.02257994917e-05, 2.40915815084e-05, 2.15048039536e-05, 1.30039952637e-05, 1.17689678518e-05, 1.04048876892e-05, 7.335598184e-06, 5.99965505899e-06, 4.85759937874e-06, 5.05431171405e-06, 4.01878924094e-06, 3.73509487872e-06, 3.38739459949e-06, 4.42050532001e-06, 3.55169413524e-06, 4.19412754127e-06, 2.88541377813e-06, 3.07448476633e-06, 3.01552950077e-06, 2.92838581117e-06, 2.75555998996e-06, 1.84320469998e-06, 1.32900061089e-06, 1.02345927644e-06], "dmean": [0.00138126965612, 0.00112181238364, 0.00152519636322, 0.000670964887831, 0.000256172992522, 0.000200675320229, 0.000142302669701, 0.000106364801468, 8.96191631909e-05, 7.85316879046e-05, 7.223632565e-05, 4.78839428979e-05, 2.71865537798e-05, 2.47788320848e-05, 2.3018767024e-05, 1.91888866539e-05, 1.89675411093e-05, 1.52431439346e-05, 1.37566621561e-05, 8.46982857183e-06, 7.58108808441e-06, 6.89042417434e-06, 4.80326434626e-06, 4.0171407818e-06, 3.29987096848e-06, 3.38186896442e-06, 2.75743855127e-06, 2.6341292596e-06, 2.4466380637e-06, 2.95901736536e-06, 2.5738779641e-06, 2.95244990411e-06, 2.17735828301e-06, 2.30775526688e-06, 2.2566714506e-06, 2.01470561478e-06, 1.80959443696e-06, 1.3387106037e-06, 1.00403542547e-06, 7.58646649501e-07], "var": [1.09297125164e-05, 5.94238963458e-06, 1.34092897497e-05, 2.71349108516e-06, 3.48547843032e-07, 2.01234001906e-07, 1.78627516334e-07, 1.49303517105e-07, 1.90831713098e-07, 9.39341049389e-08, 8.91479956522e-08, 4.14638563484e-08, 1.27136692285e-08, 1.34242759131e-08, 1.32227313543e-08, 8.75587602422e-09, 1.2337860511e-08, 8.93347085196e-09, 4.72266981077e-09, 2.39834352378e-09, 2.04907224521e-09, 4.91855001172e-09, 1.66880231856e-09, 2.19338047724e-10, 1.70936959032e-10, 1.02456335083e-10, 7.50681808381e-11, 6.8916934659e-11, 4.26459735581e-11, 5.35873879992e-11, 5.15939652113e-11, 6.37135205706e-11, 4.58226755151e-11, 4.4128804777e-11, 3.5007680782e-11, 2.80480465242e-11, 2.13535716886e-11, 1.80856857268e-11, 1.3738214559e-11, 6.74534213208e-12], "dvar": [1.0181417565e-05, 6.3190614128e-06, 1.69162758539e-05, 3.18228489959e-06, 4.15404059595e-07, 2.01602418315e-07, 9.1028873328e-08, 7.55376561301e-08, 7.98917341172e-08, 5.06935542433e-08, 4.46628085626e-08, 2.16680842158e-08, 7.63952634486e-09, 6.93956270226e-09, 7.33037897049e-09, 4.10593425926e-09, 5.04339903173e-09, 3.53051787805e-09, 2.49292786414e-09, 1.11668052583e-09, 8.84176065696e-10, 1.6026181493e-09, 5.17549614276e-10, 9.66681110159e-11, 7.09547282041e-11, 6.0454120876e-11, 3.99309682542e-11, 3.50820796025e-11, 2.27583073914e-11, 4.59920261597e-11, 2.92408423863e-11, 3.75882450165e-11, 1.90779197995e-11, 2.35062663778e-11, 2.04254772818e-11, 1.63259544772e-11, 1.41654639407e-11, 8.58680140881e-12, 6.32369200407e-12, 2.93706812343e-12], "mean": [0.00135342183057, 0.0012267784914, 0.0012386252638, 0.000571835436858, 0.000256033003097, 0.000217759952648, 0.000200123380637, 0.000157813396072, 0.000136736445711, 0.000111194887722, 0.000105198458186, 7.43131095078e-05, 3.9818642108e-05, 3.71845962945e-05, 3.39953730872e-05, 2.92350468953e-05, 2.86129306915e-05, 2.33571372519e-05, 2.00160848181e-05, 1.33033963721e-05, 1.16038254419e-05, 1.19447659017e-05, 8.30436147226e-06, 6.02470208833e-06, 5.19813465871e-06, 4.79292020827e-06, 4.02433988711e-06, 3.86662759411e-06, 3.44040131495e-06, 3.32035142492e-06, 3.42128601005e-06, 3.77351466341e-06, 3.28627493218e-06, 3.06862125399e-06, 2.79430037153e-06, 2.6277489269e-06, 2.16535204345e-06, 1.91190906662e-06, 1.40781799018e-06, 1.02823184989e-06]}, "spectral_entropy": {"min": 4.72286987305, "max": 9.81968975067, "dvar2": 0.143372952938, "median": 7.77425146103, "dmean2": 0.373116672039, "dmean": 0.255615144968, "var": 0.295310586691, "dvar": 0.0784229338169, "mean": 7.7304315567}, "spectral_rolloff": {"min": 21.533203125, "max": 19164.5507812, "dvar2": 5515052, "median": 947.4609375, "dmean2": 1640.15283203, "dmean": 989.088623047, "var": 4836986, "dvar": 2773056, "mean": 1739.02355957}, "barkbands": {"min": [1.70525044489e-24, 1.35685258989e-23, 1.71366325201e-24, 5.38709956732e-24, 1.58828528905e-23, 3.88814583381e-23, 1.00334082575e-23, 7.71951513945e-24, 3.09374744058e-23, 3.46463954595e-23, 3.51107820972e-23, 4.07715816888e-23, 4.71182390394e-23, 8.75828086856e-23, 1.00489311469e-22, 1.34602137189e-22, 1.12983826911e-22, 9.98247245552e-23, 1.50882951474e-22, 2.19535269379e-22, 2.96038394123e-22, 4.49965301083e-22, 4.26807828516e-22, 8.03297943311e-22, 1.0344331788e-21, 1.43428786424e-21, 2.07634127537e-21], "max": [0.00245590764098, 0.0891546234488, 0.0309204608202, 0.0686194300652, 0.0476506240666, 0.0221699997783, 0.033061735332, 0.0360229611397, 0.0511824600399, 0.0474187247455, 0.0343075171113, 0.0333894975483, 0.0268431380391, 0.0321615338326, 0.0325591228902, 0.0234345439821, 0.0382646359503, 0.0155149642378, 0.00882336683571, 0.00708610378206, 0.00275172269903, 0.0062831887044, 0.00537083344534, 0.00665864534676, 0.00536318961531, 0.00415764795616, 0.0020954250358], "dvar2": [1.16246823723e-07, 0.000311033858452, 2.80967287836e-05, 0.000329816131853, 0.000107034080429, 1.52636657731e-05, 5.77020136916e-06, 4.36190794062e-06, 5.87593967794e-06, 3.73024931832e-06, 1.15359705433e-06, 1.12890541004e-06, 1.01845398603e-06, 1.25147062136e-06, 9.85523001873e-07, 3.29512459984e-07, 8.66192692683e-07, 1.67830691566e-07, 7.47157002934e-08, 5.28526911125e-08, 8.34657001292e-08, 1.17247012099e-07, 1.08331910553e-07, 1.05438317632e-07, 4.45753549627e-08, 7.69380914534e-09, 1.77827641501e-09], "median": [1.07044243123e-05, 0.000751424580812, 0.000636181328446, 0.000258387299255, 0.00043051384273, 0.000309951894451, 0.000260971690295, 0.000110638648039, 0.000150194071466, 0.000142926888657, 8.93667165656e-05, 8.12409562059e-05, 7.84621734056e-05, 5.99187660555e-05, 5.61096312595e-05, 3.58321340173e-05, 4.24398094765e-05, 3.6616671423e-05, 3.83983751817e-05, 3.16473451676e-05, 2.80982403638e-05, 3.6169836676e-05, 3.03609740513e-05, 3.13930104312e-05, 1.46596958075e-05, 5.26094981979e-06, 2.19977118832e-06], "dmean2": [0.000165599267348, 0.00815430376679, 0.00272630038671, 0.0067535340786, 0.00406421395019, 0.00174002477434, 0.00116162793711, 0.000728058977984, 0.0008485444705, 0.000686389277689, 0.000358947872883, 0.000328446330968, 0.000322715088259, 0.000306749512674, 0.0002793262247, 0.000174094180693, 0.000168108803337, 0.000125743928947, 0.000118741671031, 0.000108021522465, 0.000141306460137, 0.000171910578501, 0.000165584075148, 0.000165696634213, 9.89937398117e-05, 3.7740348489e-05, 1.63336480909e-05], "dmean": [0.000117330804642, 0.00495996745303, 0.00158980174456, 0.00395990442485, 0.00249318964779, 0.00106078002136, 0.000724161218386, 0.000471421983093, 0.000540806329809, 0.000445108744316, 0.000231795362197, 0.000213845181861, 0.000206807628274, 0.000193583502551, 0.000177764552063, 0.000112715606519, 0.000112705216452, 8.36893741507e-05, 8.14379891381e-05, 7.89679106674e-05, 0.00010504337115, 0.000128618761664, 0.000134013942443, 0.000118041418318, 7.29392995709e-05, 2.85387432086e-05, 1.32560016937e-05], "var": [1.35525894507e-07, 0.000143762648804, 8.63638160808e-06, 0.000100893128547, 3.63181061402e-05, 5.50999629922e-06, 4.91833452543e-06, 4.39199766333e-06, 4.74276703244e-06, 3.56962459591e-06, 9.28126780764e-07, 1.1416276493e-06, 8.93611229458e-07, 1.43509407735e-06, 8.58991768382e-07, 3.6895275457e-07, 1.28197518734e-06, 1.38537430416e-07, 7.44697601363e-08, 5.7789598884e-08, 7.34447880291e-08, 1.40570350027e-07, 1.3239984753e-07, 1.19180860736e-07, 5.62350273015e-08, 1.4115723701e-08, 2.76402545296e-09], "dvar": [6.95389772432e-08, 0.000134230183903, 9.94553829514e-06, 0.00013142854732, 4.35722249676e-05, 5.88490820519e-06, 2.55689792539e-06, 1.96936480279e-06, 2.53972370956e-06, 1.76128719431e-06, 5.26201461071e-07, 5.40373719105e-07, 4.65736860633e-07, 5.22504706169e-07, 4.38655632706e-07, 1.55681547653e-07, 3.33133897357e-07, 6.43755413421e-08, 3.45523716305e-08, 2.66269211124e-08, 4.39433911481e-08, 6.79087008848e-08, 6.624564719e-08, 5.75222891541e-08, 2.50728220408e-08, 4.45887904377e-09, 1.07188369292e-09], "mean": [0.000152469845489, 0.00490739895031, 0.00173530972097, 0.00296354084276, 0.00217362376861, 0.00111967488192, 0.000993788940832, 0.000707477913238, 0.000764684053138, 0.000665008672513, 0.000332833034918, 0.00033054681262, 0.000301051972201, 0.000298961647786, 0.000261586043052, 0.000174732515006, 0.000204163865419, 0.00013043875515, 0.000126555882161, 0.000122215802548, 0.000136150221806, 0.000181868977961, 0.000176608737092, 0.000164336030139, 9.90663975244e-05, 4.05048413086e-05, 1.76660232682e-05]}, "melbands_flatness_db": {"min": 0.00440590735525, "max": 0.802663087845, "dvar2": 0.00460748793557, "median": 0.189334586263, "dmean2": 0.0710906758904, "dmean": 0.0466277822852, "var": 0.00983820110559, "dvar": 0.00228573405184, "mean": 0.203347042203}, "melbands_skewness": {"min": -4.55109357834, "max": 32.2283935547, "dvar2": 7.26602840424, "median": 2.7598695755, "dmean2": 2.32314968109, "dmean": 1.5208646059, "var": 8.27960968018, "dvar": 3.50297689438, "mean": 3.44011735916}, "barkbands_skewness": {"min": -6.43699026108, "max": 30.0670604706, "dvar2": 8.05290222168, "median": 1.5923730135, "dmean2": 1.84914064407, "dmean": 1.20694196224, "var": 5.87589120865, "dvar": 3.5111913681, "mean": 2.06047558784}, "silence_rate_60dB": {"min": 0, "max": 1, "dvar2": 0.201991260052, "median": 0, "dmean2": 0.232225492597, "dmean": 0.116106644273, "var": 0.164992004633, "dvar": 0.102609753609, "mean": 0.208434119821}, "spectral_energyband_low": {"min": 2.93039233313e-23, "max": 0.0996510311961, "dvar2": 0.000336597848218, "median": 0.00246439874172, "dmean2": 0.0108842635527, "dmean": 0.00685678469017, "var": 0.000191965184058, "dvar": 0.00015596052981, "mean": 0.00784492772073}, "spectral_energyband_middle_low": {"min": 1.93999513711e-22, "max": 0.110767193139, "dvar2": 0.000732520769816, "median": 0.00290508242324, "dmean2": 0.0120159117505, "dmean": 0.00768646830693, "var": 0.000336405035341, "dvar": 0.000327181216562, "mean": 0.00896489806473}, "melbands_kurtosis": {"min": -1.90155446529, "max": 1576.86096191, "dvar2": 8968.28222656, "median": 10.2809619904, "dmean2": 37.7337226868, "dmean": 23.8692131042, "var": 5623.05908203, "dvar": 3877.56103516, "mean": 30.1724643707}, "spectral_decrease": {"min": -3.37183472254e-08, "max": 7.34767310873e-29, "dvar2": 6.51758699513e-17, "median": -2.31852426147e-09, "dmean2": 5.24049070805e-09, "dmean": 3.42826500521e-09, "var": 3.8946214264e-17, "dvar": 3.05020071552e-17, "mean": -4.76537698191e-09}, "erbbands_kurtosis": {"min": -1.91877639294, "max": 126.383132935, "dvar2": 83.5217056274, "median": -0.129252552986, "dmean2": 2.61628437042, "dmean": 1.61862254143, "var": 30.0691146851, "dvar": 33.1033058167, "mean": 1.01605200768}, "melbands_crest": {"min": 1.84023869038, "max": 37.2941398621, "dvar2": 43.7377052307, "median": 15.003818512, "dmean2": 8.14909553528, "dmean": 5.03607606888, "var": 42.6552810669, "dvar": 17.4926376343, "mean": 15.8249950409}, "gfcc": {"cov": [[18703.0527344, -149.388931274, -998.779724121, 339.744110107, -1425.31994629, -204.354934692, -799.155334473, -119.382568359, -104.080818176, -71.8686599731, -267.867736816, -185.250076294, -173.27633667], [-149.388931274, 2296.10058594, -39.1733932495, -186.707321167, 424.259490967, 11.9010543823, 195.216369629, 74.8809814453, 85.1530990601, -9.93397426605, 128.12121582, -89.722869873, 72.2507629395], [-998.779724121, -39.1733932495, 1005.5088501, 367.948760986, 193.402404785, 104.246414185, 46.8463401794, -37.0019111633, -30.7559318542, -51.2206573486, -32.9057655334, 5.51009321213, -6.483979702], [339.744110107, -186.707321167, 367.948760986, 526.629699707, 146.595306396, 28.7268619537, 12.7373447418, -36.5113677979, 13.3678636551, -21.3294963837, -50.5337753296, 9.92240619659, -6.36557674408], [-1425.31994629, 424.259490967, 193.402404785, 146.595306396, 533.654663086, 143.817993164, 204.695602417, 78.2230987549, 74.6679611206, 39.4355239868, 54.1123161316, 15.1822452545, 39.0816116333], [-204.354934692, 11.9010543823, 104.246414185, 28.7268619537, 143.817993164, 290.268768311, 129.938354492, 105.392059326, 17.6308326721, 52.429889679, 44.3244285583, 25.8033828735, 6.70281648636], [-799.155334473, 195.216369629, 46.8463401794, 12.7373447418, 204.695602417, 129.938354492, 264.873474121, 81.1345214844, 50.9003372192, 30.7831707001, 45.3910942078, 22.4175930023, 6.30503845215], [-119.382568359, 74.8809814453, -37.0019111633, -36.5113677979, 78.2230987549, 105.392059326, 81.1345214844, 170.811508179, 63.8559646606, 53.9075469971, 29.9567489624, 20.2433795929, 17.5893955231], [-104.080818176, 85.1530990601, -30.7559318542, 13.3678636551, 74.6679611206, 17.6308326721, 50.9003372192, 63.8559646606, 133.705535889, 53.0039482117, 20.6174221039, 11.0197277069, 15.402100563], [-71.8686599731, -9.93397426605, -51.2206573486, -21.3294963837, 39.4355239868, 52.429889679, 30.7831707001, 53.9075469971, 53.0039482117, 98.4102706909, 44.3047027588, 27.1544322968, 6.38978815079], [-267.867736816, 128.12121582, -32.9057655334, -50.5337753296, 54.1123161316, 44.3244285583, 45.3910942078, 29.9567489624, 20.6174221039, 44.3047027588, 94.4239044189, 31.3615951538, 18.9075374603], [-185.250076294, -89.722869873, 5.51009321213, 9.92240619659, 15.1822452545, 25.8033828735, 22.4175930023, 20.2433795929, 11.0197277069, 27.1544322968, 31.3615951538, 81.3245697021, 29.2333641052], [-173.27633667, 72.2507629395, -6.483979702, -6.36557674408, 39.0816116333, 6.70281648636, 6.30503845215, 17.5893955231, 15.402100563, 6.38978815079, 18.9075374603, 29.2333641052, 69.7900924683]], "icov": [[0.000100982113509, -0.00010227306484, 0.000145599158714, -0.000283251865767, 0.000346019834979, -0.00020698303706, 0.000201542730792, -5.46989285795e-05, -3.22832966049e-05, -4.21186923631e-05, 0.000137875904329, 1.896210415e-05, 0.000131666281959], [-0.00010227306484, 0.000821380526759, -0.000178310045158, 0.00057989906054, -0.000878677761648, 0.000524950562976, -0.00039075964014, -6.93255860824e-05, -0.000161977746757, 0.000593223317992, -0.00120720569976, 0.00132053007837, -0.00081818230683], [0.000145599158714, -0.000178310045158, 0.00169787113555, -0.00129279599059, 0.00020336714806, -0.000886127992999, 0.000408416293794, 0.000196663357201, 0.000162824377185, 0.000692485831678, 0.000229739816859, -0.000228039134527, 0.000404623686336], [-0.000283251865767, 0.00057989906054, -0.00129279599059, 0.00394578417763, -0.00201865308918, 0.000508469936904, -0.000222984381253, 0.000939602789003, -0.000796454260126, 0.000269701733487, 0.00110135436989, -0.000751764164306, -3.13070013362e-05], [0.000346019834979, -0.000878677761648, 0.00020336714806, -0.00201865308918, 0.0050420416519, -0.00133310514502, -0.00127188081387, -0.000131501452415, -0.000646708300337, -0.000790627789684, 6.62276506773e-05, 0.000601375766564, -0.000998597010039], [-0.00020698303706, 0.000524950562976, -0.000886127992999, 0.000508469936904, -0.00133310514502, 0.00665436312556, -0.00222773547284, -0.00296027911827, 0.00232678488828, -0.0018779116217, -0.00144982046913, 0.000542071531527, -0.000214383326238], [0.000201542730792, -0.00039075964014, 0.000408416293794, -0.000222984381253, -0.00127188081387, -0.00222773547284, 0.00730492826551, -0.00108447566163, -0.00145050871652, 0.0016859829193, -0.000655330892187, -0.0018065860495, 0.00256213685498], [-5.46989285795e-05, -6.93255860824e-05, 0.000196663357201, 0.000939602789003, -0.000131501452415, -0.00296027911827, -0.00108447566163, 0.0103335706517, -0.00331807741895, -0.00200581620447, 0.0013338039862, -0.000559131032787, -0.00131976604462], [-3.22832966049e-05, -0.000161977746757, 0.000162824377185, -0.000796454260126, -0.000646708300337, 0.00232678488828, -0.00145050871652, -0.00331807741895, 0.0122156599537, -0.00601575989276, 0.000935510732234, 0.00104616442695, -0.00170076685026], [-4.21186923631e-05, 0.000593223317992, 0.000692485831678, 0.000269701733487, -0.000790627789684, -0.0018779116217, 0.0016859829193, -0.00200581620447, -0.00601575989276, 0.0193959400058, -0.00681194523349, -0.00283062295057, 0.00292950170115], [0.000137875904329, -0.00120720569976, 0.000229739816859, 0.00110135436989, 6.62276506773e-05, -0.00144982046913, -0.000655330892187, 0.0013338039862, 0.000935510732234, -0.00681194523349, 0.018869785592, -0.00572869880125, -0.000756278808694], [1.896210415e-05, 0.00132053007837, -0.000228039134527, -0.000751764164306, 0.000601375766564, 0.000542071531527, -0.0018065860495, -0.000559131032787, 0.00104616442695, -0.00283062295057, -0.00572869880125, 0.0202939994633, -0.00841481518], [0.000131666281959, -0.00081818230683, 0.000404623686336, -3.13070013362e-05, -0.000998597010039, -0.000214383326238, 0.00256213685498, -0.00131976604462, -0.00170076685026, 0.00292950170115, -0.000756278808694, -0.00841481518, 0.02005507797]], "mean": [-57.8198165894, 68.1293334961, -95.2340087891, 23.0290145874, -54.6015663147, 16.3074989319, -30.8048858643, 6.80770778656, -19.1330108643, 0.940300881863, -12.774353981, -1.20354986191, -11.0546836853]}, "melbands_spread": {"min": 0.114768110216, "max": 283.800445557, "dvar2": 1032.62438965, "median": 17.4514846802, "dmean2": 20.7589836121, "dmean": 13.1327791214, "var": 734.487243652, "dvar": 471.29977417, "mean": 24.7141551971}, "spectral_energy": {"min": 1.03079168579e-20, "max": 0.132904365659, "dvar2": 0.000956146745011, "median": 0.00960407033563, "dmean2": 0.0202013272792, "dmean": 0.0133956596255, "var": 0.000612075440586, "dvar": 0.000455156638054, "mean": 0.0192823410034}, "mfcc": {"cov": [[16556.3984375, 51.6093254089, -36.3616828918, -158.957977295, -572.972106934, -452.813171387, -719.380187988, -328.38583374, -263.762756348, -107.530586243, -156.618621826, -143.822845459, -215.225891113], [51.6093254089, 2152.60620117, -227.044769287, -82.5987472534, 117.590103149, -8.73050785065, 186.127578735, 44.2930488586, 53.8402366638, 72.8398361206, 81.4677047729, 31.822681427, 46.5112876892], [-36.3616828918, -227.044769287, 757.416259766, 225.288085938, 119.886749268, 106.726570129, 19.3124027252, 27.3503036499, -6.93284130096, -53.3412322998, -47.7803039551, -14.2049894333, -28.2204170227], [-158.957977295, -82.5987472534, 225.288085938, 463.671356201, 180.848968506, 115.548599243, 9.23975276947, 31.1811447144, 35.0643005371, 0.532087683678, -35.2334251404, -9.78890800476, 1.78030145168], [-572.972106934, 117.590103149, 119.886749268, 180.848968506, 304.032196045, 127.121757507, 94.5395736694, 56.9034233093, 72.1119232178, 37.2284240723, 18.7619113922, 25.2241439819, 26.996673584], [-452.813171387, -8.73050785065, 106.726570129, 115.548599243, 127.121757507, 214.156539917, 131.128341675, 80.1161193848, 47.4293022156, 35.738193512, 35.4247779846, 20.8376903534, 14.2770576477], [-719.380187988, 186.127578735, 19.3124027252, 9.23975276947, 94.5395736694, 131.128341675, 245.619110107, 111.789398193, 58.2907905579, 39.1078910828, 59.6129760742, 35.321849823, 38.4019432068], [-328.38583374, 44.2930488586, 27.3503036499, 31.1811447144, 56.9034233093, 80.1161193848, 111.789398193, 135.836456299, 74.6295394897, 40.8330192566, 38.5839004517, 32.8603439331, 26.0623188019], [-263.762756348, 53.8402366638, -6.93284130096, 35.0643005371, 72.1119232178, 47.4293022156, 58.2907905579, 74.6295394897, 127.985214233, 55.2042236328, 44.809715271, 24.1889533997, 32.0849533081], [-107.530586243, 72.8398361206, -53.3412322998, 0.532087683678, 37.2284240723, 35.738193512, 39.1078910828, 40.8330192566, 55.2042236328, 113.253730774, 50.9454154968, 27.2074394226, 11.0781183243], [-156.618621826, 81.4677047729, -47.7803039551, -35.2334251404, 18.7619113922, 35.4247779846, 59.6129760742, 38.5839004517, 44.809715271, 50.9454154968, 106.027275085, 37.4729270935, 35.166633606], [-143.822845459, 31.822681427, -14.2049894333, -9.78890800476, 25.2241439819, 20.8376903534, 35.321849823, 32.8603439331, 24.1889533997, 27.2074394226, 37.4729270935, 82.8374786377, 34.8927154541], [-215.225891113, 46.5112876892, -28.2204170227, 1.78030145168, 26.996673584, 14.2770576477, 38.4019432068, 26.0623188019, 32.0849533081, 11.0781183243, 35.166633606, 34.8927154541, 84.4889144897]], "icov": [[7.31348918634e-05, -2.76813898381e-05, -1.94153835764e-05, -1.45432422869e-05, 9.6227893664e-05, -5.18180468134e-06, 0.000210665020859, -4.04954516853e-05, 4.2307536205e-05, -2.25193762162e-05, -4.10634856962e-05, 9.81412449619e-06, 8.21559515316e-05], [-2.76813898381e-05, 0.000566453090869, 0.000139083378599, 3.26967019646e-05, -0.000348266359651, 0.000464459124487, -0.000685481820256, 0.000207055607461, 2.83529570879e-05, -0.000162481912412, -0.000141406155308, 7.85224838182e-05, -1.91246235772e-05], [-1.94153835764e-05, 0.000139083378599, 0.00177003687713, -0.000543483009096, -0.000396370829549, -0.000503313785885, 2.94400888379e-06, -0.000378287193598, 0.000176020374056, 0.000967955507804, 0.000170330997207, -0.000151506494149, 0.000601610227022], [-1.45432422869e-05, 3.26967019646e-05, -0.000543483009096, 0.00355682498775, -0.00163314549718, -0.00144589226693, 0.0012174078729, -0.000436878501205, -0.00024546936038, -0.000124431651784, 0.0013023596257, 0.00059914344456, -0.000643913634121], [9.6227893664e-05, -0.000348266359651, -0.000396370829549, -0.00163314549718, 0.0061565618962, -0.00188836210873, -0.000750343664549, 0.00143985589966, -0.00225972523913, -0.000549769494683, 0.000830548757222, -0.000965556362644, -0.000429051549872], [-5.18180468134e-06, 0.000464459124487, -0.000503313785885, -0.00144589226693, -0.00188836210873, 0.0100365169346, -0.00410194136202, -0.00151046679821, 0.000915218668524, -0.0010146634886, -0.00161650252994, 0.000251888501225, 0.00118551170453], [0.000210665020859, -0.000685481820256, 2.94400888379e-06, 0.0012174078729, -0.000750343664549, -0.00410194136202, 0.0103230234236, -0.00574339972809, 0.00148131232709, 0.000725047197193, -0.00171480793506, 0.000549964432139, -0.00126909161918], [-4.04954516853e-05, 0.000207055607461, -0.000378287193598, -0.000436878501205, 0.00143985589966, -0.00151046679821, -0.00574339972809, 0.016853382811, -0.00713192252442, -0.000798849971034, 0.00108916987665, -0.00288817146793, 0.000425148347858], [4.2307536205e-05, 2.83529570879e-05, 0.000176020374056, -0.00024546936038, -0.00225972523913, 0.000915218668524, 0.00148131232709, -0.00713192252442, 0.0152620505542, -0.0039029782638, -0.00239303987473, 0.00179809110705, -0.00278037344106], [-2.25193762162e-05, -0.000162481912412, 0.000967955507804, -0.000124431651784, -0.000549769494683, -0.0010146634886, 0.000725047197193, -0.000798849971034, -0.0039029782638, 0.0140717998147, -0.00457282457501, -0.00208148034289, 0.00302205700427], [-4.10634856962e-05, -0.000141406155308, 0.000170330997207, 0.0013023596257, 0.000830548757222, -0.00161650252994, -0.00171480793506, 0.00108916987665, -0.00239303987473, -0.00457282457501, 0.0164507385343, -0.00310446484946, -0.00360290124081], [9.81412449619e-06, 7.85224838182e-05, -0.000151506494149, 0.00059914344456, -0.000965556362644, 0.000251888501225, 0.000549964432139, -0.00288817146793, 0.00179809110705, -0.00208148034289, -0.00310446484946, 0.017056023702, -0.00533619150519], [8.21559515316e-05, -1.91246235772e-05, 0.000601610227022, -0.000643913634121, -0.000429051549872, 0.00118551170453, -0.00126909161918, 0.000425148347858, -0.00278037344106, 0.00302205700427, -0.00360290124081, -0.00533619150519, 0.0170156508684]], "mean": [-705.995666504, 105.753829956, 14.0702495575, 13.8662929535, 3.40405297279, 7.36343193054, 2.04980564117, 5.12793874741, -0.129313468933, 3.15519595146, 0.35796508193, -0.123466260731, -0.96692609787]}, "spectral_contrast_valleys": {"min": [-27.7837257385, -27.832660675, -27.6077709198, -27.6095180511, -27.4814987183, -27.2730312347], "max": [-5.43992376328, -4.62534809113, -5.13737154007, -5.165102005, -5.78308200836, -7.35991764069], "dvar2": [0.928795039654, 0.965250074863, 0.853869080544, 0.868586838245, 0.71443271637, 0.693577349186], "median": [-7.45159387589, -7.01544380188, -7.48801517487, -7.96520709991, -8.02249526978, -10.2037677765], "dmean2": [1.02503216267, 0.938601374626, 0.816813528538, 0.776476442814, 0.715132594109, 0.69195240736], "dmean": [0.727399110794, 0.635273694992, 0.540766596794, 0.528523385525, 0.527172982693, 0.550152420998], "var": [2.18236446381, 2.37661194801, 2.03191018105, 1.96247899532, 2.00180053711, 2.46494793892], "dvar": [0.561941802502, 0.549463450909, 0.447610408068, 0.479148238897, 0.451981455088, 0.48099386692], "mean": [-7.90957593918, -7.37594985962, -7.79109287262, -8.27943325043, -8.23125171661, -10.3758363724]}, "barkbands_flatness_db": {"min": 0.0165332723409, "max": 0.648493587971, "dvar2": 0.00316373980604, "median": 0.116306841373, "dmean2": 0.0556355491281, "dmean": 0.0359635204077, "var": 0.0056879366748, "dvar": 0.00148785556667, "mean": 0.12958933413}, "dynamic_complexity": 5.07262182236, "erbbands_flatness_db": {"min": 0.0221117921174, "max": 0.369044244289, "dvar2": 0.00104711111635, "median": 0.119931310415, "dmean2": 0.0318416729569, "dmean": 0.023127483204, "var": 0.00267515564337, "dvar": 0.000632864306681, "