{"lowlevel": {"spectral_complexity": {"min": 0, "max": 61, "dvar2": 63.7326507568, "median": 16, "dmean2": 7.61759090424, "dmean": 5.58786249161, "var": 141.730621338, "dvar": 37.9806251526, "mean": 18.7596645355}, "silence_rate_20dB": {"min": 1, "max": 1, "dvar2": 0, "median": 1, "dmean2": 0, "dmean": 0, "var": 0, "dvar": 0, "mean": 1}, "average_loudness": 0.966130435467, "erbbands_spread": {"min": 4.82651662827, "max": 182.095230103, "dvar2": 513.276733398, "median": 47.8139686584, "dmean2": 22.7737998962, "dmean": 14.5911197662, "var": 541.295776367, "dvar": 217.609268188, "mean": 52.0732574463}, "spectral_kurtosis": {"min": -1.26089048386, "max": 25.4947223663, "dvar2": 3.80950713158, "median": 2.47850203514, "dmean2": 1.6751254797, "dmean": 1.06084430218, "var": 4.06654691696, "dvar": 1.60323679447, "mean": 2.81355476379}, "barkbands_kurtosis": {"min": -1.96947228909, "max": 314.906158447, "dvar2": 183.105026245, "median": 0.530157923698, "dmean2": 6.61969614029, "dmean": 4.23729324341, "var": 163.912124634, "dvar": 86.7793960571, "mean": 4.21005868912}, "spectral_strongpeak": {"min": 0, "max": 12.5876502991, "dvar2": 1.31875491142, "median": 0.272445678711, "dmean2": 0.719270765781, "dmean": 0.422374159098, "var": 0.602974295616, "dvar": 0.528737187386, "mean": 0.558532357216}, "spectral_spread": {"min": 1725641, "max": 16969168, "dvar2": 4259490562050.0, "median": 5702945, "dmean2": 1694033.25, "dmean": 1176749, "var": 3938427863040.0, "dvar": 1984004751360.0, "mean": 6017777.5}, "spectral_rms": {"min": 2.31226022152e-05, "max": 0.0123254554346, "dvar2": 2.83444387605e-06, "median": 0.00411973055452, "dmean2": 0.00152752851136, "dmean": 0.00106318574399, "var": 3.36019070346e-06, "dvar": 1.27182113374e-06, "mean": 0.00440108077601}, "erbbands": {"min": [1.30886314764e-06, 1.6158045355e-06, 2.35623861045e-06, 1.35862637762e-05, 8.94286495168e-06, 3.23221393046e-05, 3.19990867865e-05, 1.74346223503e-05, 5.86706737522e-05, 5.76861930313e-05, 8.46545444801e-05, 0.000133466601255, 9.18693913263e-05, 3.58045144822e-05, 5.1528091717e-05, 0.000110397268145, 0.000369691988453, 0.00233245640993, 0.00029480503872, 0.000174529573997, 0.000183108364581, 0.000169659644598, 0.000264867121587, 0.000309089809889, 0.000259933061898, 0.00042490742635, 0.00051684549544, 0.000401187513489, 0.00031356519321, 0.000210791054997, 0.000326277862769, 0.000230584220844, 0.000274173129583, 0.0001869132102, 0.000107838794065, 6.10191382293e-05, 2.4974500775e-05, 2.07813013731e-06, 1.06274107736e-07, 1.38485978241e-08], "max": [4.65281581879, 28.8528461456, 71.8007125854, 82.5903778076, 76.6708450317, 602.432617188, 388.38369751, 291.073791504, 394.165588379, 411.340332031, 636.458312988, 928.831665039, 605.366638184, 645.708251953, 531.943054199, 459.695861816, 937.888977051, 959.098937988, 641.964233398, 392.73348999, 390.385498047, 318.931030273, 485.708404541, 541.819519043, 393.502441406, 304.062774658, 321.175598145, 302.785003662, 339.430053711, 232.89440918, 232.103530884, 172.387985229, 76.0754013062, 45.3626861572, 20.2400798798, 12.7641515732, 3.87111759186, 0.762891232967, 0.146604254842, 0.00760231725872], "dvar2": [0.224620267749, 10.4396820068, 71.6344070435, 96.3853302002, 124.075241089, 4213.90917969, 2155.9699707, 720.98059082, 974.182617188, 2482.72509766, 4044.3840332, 4822.11035156, 2270.18579102, 1324.6541748, 1323.0559082, 1077.16870117, 2725.82641602, 2990.08520508, 2236.93945312, 1499.48742676, 1055.61169434, 1260.34594727, 1201.10754395, 1185.63256836, 895.694519043, 1161.56140137, 1399.26257324, 1434.22521973, 1085.33044434, 942.921813965, 1065.87121582, 571.053039551, 90.4331817627, 27.2517852783, 12.9908285141, 7.10886049271, 0.858016192913, 0.0445502027869, 0.00148820271716, 5.78943536311e-06], "median": [0.049326851964, 0.41708368063, 0.840711355209, 1.39991903305, 2.48383522034, 5.15116596222, 5.10720252991, 3.05763792992, 3.17822766304, 4.74156618118, 7.43264484406, 7.36563968658, 5.95200634003, 5.0508351326, 5.83243942261, 6.81996059418, 6.40899085999, 8.07883834839, 7.87073326111, 8.48777294159, 8.62005615234, 9.9952583313, 10.4561252594, 8.69497299194, 8.49851131439, 6.997215271, 6.1033706665, 6.82958030701, 5.84879684448, 4.58364868164, 3.66414952278, 2.64329361916, 1.46125638485, 0.717819690704, 0.278410553932, 0.184198349714, 0.0666038691998, 0.00602993741632, 0.000547086121514, 5.44537178939e-05], "dmean2": [0.199358910322, 1.55111503601, 3.91797280312, 5.71171379089, 7.44435930252, 23.1172180176, 21.3359031677, 13.7044839859, 13.2432079315, 23.6873512268, 31.5622291565, 29.0239181519, 19.3164653778, 14.9145622253, 15.9164123535, 17.7261962891, 20.481180191, 24.2390727997, 21.4857711792, 20.6842784882, 17.2193756104, 20.6006164551, 19.850484848, 19.6670913696, 17.8860092163, 18.3884506226, 18.2534351349, 19.4257583618, 16.4939880371, 14.9194250107, 15.7389345169, 10.1377410889, 4.85836791992, 3.29473543167, 2.1872253418, 1.6557611227, 0.581687808037, 0.126724407077, 0.0220411233604, 0.0013821705943], "dmean": [0.122734688222, 0.937588572502, 2.25028085709, 3.21536684036, 4.35624027252, 13.6034660339, 12.4875907898, 8.15224075317, 7.65518283844, 14.3408889771, 19.9177112579, 18.8148288727, 12.3013925552, 9.30140972137, 9.95101928711, 11.0599956512, 12.6195716858, 15.1010169983, 13.3555364609, 13.0416526794, 10.9534006119, 12.8374452591, 12.6764974594, 12.9709510803, 11.9015455246, 12.2608270645, 12.0783872604, 12.9851236343, 11.4573774338, 10.5881567001, 10.951259613, 7.14503622055, 3.33365631104, 2.13330411911, 1.36105489731, 1.01518070698, 0.365599364042, 0.0794471055269, 0.0137187270448, 0.000849307223689], "var": [0.220561176538, 4.65591001511, 22.8233242035, 30.9313316345, 51.8975296021, 1147.78637695, 664.594604492, 278.520385742, 323.808776855, 955.669372559, 2281.60546875, 3827.0246582, 1372.05175781, 746.600463867, 694.556396484, 617.084716797, 1158.58203125, 1408.46716309, 992.702941895, 932.24432373, 661.03704834, 745.597106934, 754.573364258, 996.57611084, 759.859375, 839.603942871, 952.96472168, 1188.40625, 1115.79821777, 958.926696777, 867.563781738, 406.808258057, 68.0177764893, 15.1678113937, 5.12677001953, 2.66176652908, 0.343911498785, 0.0176065806299, 0.000547736417502, 2.06353911381e-06], "dvar": [0.0883585214615, 4.08739280701, 25.8122444153, 34.9364585876, 46.4863128662, 1539.36450195, 797.126525879, 279.518310547, 355.812744141, 964.870727539, 1755.359375, 2305.32885742, 954.871887207, 574.492614746, 554.28314209, 430.381622314, 1055.18481445, 1218.39282227, 868.721374512, 624.425109863, 434.626647949, 516.409057617, 513.014770508, 542.576721191, 430.575378418, 533.661804199, 622.623352051, 702.948974609, 565.402648926, 498.085876465, 541.42578125, 279.492736816, 43.5263710022, 11.7782917023, 5.19833898544, 2.87393808365, 0.354587554932, 0.0185149032623, 0.000613228767179, 2.37103154177e-06], "mean": [0.21992328763, 1.12910223007, 2.40776276588, 3.50605535507, 5.17412567139, 13.6394529343, 12.9126214981, 8.67150402069, 8.2673740387, 15.8002376556, 23.7780475616, 24.46667099, 17.2989215851, 12.7248706818, 13.7687015533, 16.0884914398, 16.4476242065, 20.0397052765, 18.1549911499, 18.9276351929, 17.0888652802, 19.5410308838, 19.9631748199, 20.2236804962, 18.6458835602, 17.9574756622, 17.2975139618, 19.7266979218, 18.431558609, 15.9216222763, 13.8522987366, 9.02895069122, 4.41060590744, 2.41215729713, 1.32242250443, 0.90414839983, 0.329338997602, 0.0684168711305, 0.0110081825405, 0.000676784315147]}, "zerocrossingrate": {"min": 0.00439453125, "max": 0.35498046875, "dvar2": 0.000758342095651, "median": 0.0888671875, "dmean2": 0.0287725329399, "dmean": 0.0245327483863, "var": 0.00284864753485, "dvar": 0.000554218247999, "mean": 0.0964154303074}, "spectral_contrast_coeffs": {"min": [-0.90379011631, -0.947682917118, -0.940043449402, -0.92991232872, -0.915469288826, -0.885200619698], "max": [-0.292363524437, -0.380589544773, -0.435674488544, -0.473735660315, -0.580785870552, -0.474604338408], "dvar2": [0.00761043885723, 0.00584159092978, 0.00337635539472, 0.00245595537126, 0.00132435117848, 0.00135233800393], "median": [-0.668986082077, -0.762466549873, -0.791067004204, -0.796716690063, -0.794982194901, -0.752190470695], "dmean2": [0.10471637547, 0.0972354635596, 0.0734643340111, 0.0601058006287, 0.0434803813696, 0.0405133031309], "dmean": [0.0638322904706, 0.0592197887599, 0.0454233624041, 0.0375878997147, 0.0278574954718, 0.0265818908811], "var": [0.00766301667318, 0.00592036917806, 0.00498257298023, 0.00312642916106, 0.00201705028303, 0.00237073120661], "dvar": [0.00291693001054, 0.00229773041792, 0.00143321265932, 0.0010534307221, 0.000598879298195, 0.000646569358651], "mean": [-0.66138702631, -0.75077444315, -0.778532862663, -0.78780657053, -0.789520561695, -0.756064474583]}, "dissonance": {"min": 0.299054592848, "max": 0.500000059605, "dvar2": 0.000833730271552, "median": 0.479335188866, "dmean2": 0.0288248062134, "dmean": 0.0172376986593, "var": 0.000622118299361, "dvar": 0.000322289561154, "mean": 0.472062677145}, "spectral_energyband_high": {"min": 9.59545403134e-08, "max": 0.0280192997307, "dvar2": 1.56228470587e-05, "median": 0.00101167429239, "dmean2": 0.00235180393793, "dmean": 0.00165860378183, "var": 1.5690602595e-05, "dvar": 8.41804194351e-06, "mean": 0.00245781522244}, "spectral_skewness": {"min": -0.633924663067, "max": 3.93697023392, "dvar2": 0.105440884829, "median": 1.25417387486, "dmean2": 0.331984549761, "dmean": 0.220927014947, "var": 0.193606942892, "dvar": 0.0484334230423, "mean": 1.26196634769}, "spectral_flux": {"min": 0.00060197833227, "max": 0.358066439629, "dvar2": 0.00219320133328, "median": 0.0836676433682, "dmean2": 0.0436549037695, "dmean": 0.0291688516736, "var": 0.00228852778673, "dvar": 0.0010743457824, "mean": 0.0949570089579}, "silence_rate_30dB": {"min": 0, "max": 1, "dvar2": 0.0132331065834, "median": 1, "dmean2": 0.00887480191886, "dmean": 0.00443669781089, "var": 0.00221296958625, "dvar": 0.0044166687876, "mean": 0.997781991959}, "spectral_energyband_middle_high": {"min": 7.45259782775e-08, "max": 0.0345431044698, "dvar2": 1.04766440927e-05, "median": 0.0026342922356, "dmean2": 0.0024526938796, "dmean": 0.00174906221218, "var": 1.3923010556e-05, "dvar": 5.31480145582e-06, "mean": 0.00374299217947}, "barkbands_spread": {"min": 0.82597130537, "max": 129.062530518, "dvar2": 460.566650391, "median": 32.6772842407, "dmean2": 19.7308692932, "dmean": 12.5397233963, "var": 418.291107178, "dvar": 195.320632935, "mean": 35.9722709656}, "spectral_centroid": {"min": 191.04083252, "max": 4946.91064453, "dvar2": 434497.59375, "median": 1782.5925293, "dmean2": 691.804260254, "dmean": 446.728485107, "var": 635465.5, "dvar": 196315.796875, "mean": 1805.23291016}, "pitch_salience": {"min": 0.0834581181407, "max": 0.86441886425, "dvar2": 0.0153083270416, "median": 0.589109063148, "dmean2": 0.149121254683, "dmean": 0.0926256328821, "var": 0.0202756002545, "dvar": 0.00645571947098, "mean": 0.563547670841}, "erbbands_skewness": {"min": -5.24765110016, "max": 4.19864177704, "dvar2": 0.4758720994, "median": -0.0462814569473, "dmean2": 0.725262463093, "dmean": 0.483250051737, "var": 0.696287572384, "dvar": 0.217590868473, "mean": 0.00259683514014}, "erbbands_crest": {"min": 2.31953334808, "max": 29.0288677216, "dvar2": 17.0378608704, "median": 6.39699268341, "dmean2": 4.31231784821, "dmean": 2.62903904915, "var": 14.0021734238, "dvar": 6.92128181458, "mean": 7.4312877655}, "melbands": {"min": [1.52252930263e-08, 1.3956645839e-09, 2.0456751848e-09, 1.48650136644e-09, 1.33310329442e-09, 4.39758895965e-10, 8.75512107257e-10, 5.66514612999e-10, 7.0271677366e-10, 8.95982898985e-10, 4.66339689087e-10, 1.52379622809e-10, 1.34748698311e-10, 2.3259648374e-10, 3.40504929808e-10, 8.72632854865e-10, 4.32019264807e-09, 1.89586180088e-10, 1.54037643751e-10, 2.04865735487e-10, 2.05180150648e-10, 1.32938007824e-10, 2.99435420903e-10, 2.01343539064e-10, 2.60029608956e-10, 1.85308379752e-10, 2.16456352842e-10, 2.93471275059e-10, 3.40427436241e-10, 2.93305102428e-10, 2.08440764649e-10, 1.70936473309e-10, 1.41186590197e-10, 1.14446271904e-10, 1.88532120471e-10, 1.51122989123e-10, 1.52691748134e-10, 2.11109366099e-10, 1.68415628665e-10, 1.42729772445e-10], "max": [0.0376168712974, 0.0313166603446, 0.013407307677, 0.021178914234, 0.0191068351269, 0.00603296654299, 0.00593004887924, 0.004267339129, 0.00511144287884, 0.00571130309254, 0.00302193500102, 0.00292503833771, 0.00212015211582, 0.00119843019638, 0.00156404206064, 0.00302913435735, 0.00209649582393, 0.00133754429407, 0.000905959575903, 0.000700318603776, 0.000614170217887, 0.000361205078661, 0.000381095916964, 0.000473684689496, 0.000538409221917, 0.000283211644273, 0.00040087706293, 0.000225210824283, 0.000251461868174, 0.000242807276663, 0.000197173925699, 0.000240740206209, 0.000151703861775, 0.000136714210385, 0.00014157188707, 0.000145183381392, 0.000101152174466, 5.25929681316e-05, 6.07224064879e-05, 4.05641876569e-05], "dvar2": [1.58036400535e-05, 1.47843311424e-05, 2.64104073722e-06, 5.52304027224e-06, 4.63961896457e-06, 3.26179758758e-07, 2.47262363473e-07, 2.68632788902e-07, 2.92387312584e-07, 1.72868340087e-07, 5.78788572625e-08, 2.30779786392e-08, 1.79938712819e-08, 1.09425215555e-08, 9.37941369017e-09, 2.04680397076e-08, 1.18310437003e-08, 7.74880160037e-09, 3.67098729193e-09, 3.72346464772e-09, 1.59755852991e-09, 1.60505997382e-09, 1.40398770387e-09, 1.2600949173e-09, 1.02666353197e-09, 6.15431261508e-10, 6.73708033805e-10, 5.75485104015e-10, 6.37460140229e-10, 5.46386602629e-10, 6.5216454459e-10, 4.74763728331e-10, 3.65708574535e-10, 2.88309376373e-10, 3.89749760243e-10, 3.47831097258e-10, 1.77343570384e-10, 5.5570780616e-11, 2.86544000333e-11, 1.75254220858e-11], "median": [0.000520484871231, 0.000527827534825, 0.000280856940662, 0.000288256211206, 0.000213170453208, 6.96775896358e-05, 4.85718155687e-05, 5.38930835319e-05, 5.85926827625e-05, 4.07056868426e-05, 2.5332748919e-05, 1.73620064743e-05, 1.73880143848e-05, 1.57797330758e-05, 1.47202736116e-05, 1.25264195958e-05, 1.39451203722e-05, 1.11023200589e-05, 1.03325892269e-05, 9.51445872488e-06, 9.61549085332e-06, 9.35466778174e-06, 9.991137631e-06, 7.58838768888e-06, 6.31554939901e-06, 5.49398100702e-06, 5.49861715626e-06, 4.11727796745e-06, 3.36173343385e-06, 3.79556195185e-06, 3.66459107681e-06, 3.16299156111e-06, 3.02256466966e-06, 2.19573030336e-06, 2.0463060082e-06, 1.76783396455e-06, 1.43624401971e-06, 1.03693946585e-06, 7.72678845351e-07, 5.19326817994e-07], "dmean2": [0.00179371587001, 0.00191500526853, 0.000979648320936, 0.000966818013694, 0.000888137554284, 0.000302238535369, 0.000209755860851, 0.000261584558757, 0.000269503594609, 0.00017321886844, 9.68591339188e-05, 6.15993703832e-05, 5.66985581827e-05, 5.15154897585e-05, 4.46001213277e-05, 4.9351794587e-05, 4.73754807899e-05, 3.71452479158e-05, 3.02213120449e-05, 2.80343574559e-05, 2.12853774428e-05, 2.25477851927e-05, 2.14884930756e-05, 1.92207262444e-05, 1.72812469827e-05, 1.45373523992e-05, 1.337962658e-05, 1.27509438244e-05, 1.18918023873e-05, 1.21837447296e-05, 1.24304824567e-05, 1.00383940662e-05, 9.64099490375e-06, 8.22656602395e-06, 9.64281389315e-06, 8.03909188107e-06, 5.72626458961e-06, 3.6603182707e-06, 3.12313750328e-06, 2.61123659584e-06], "dmean": [0.0010981624946, 0.00114256201778, 0.000559965905268, 0.000575646350626, 0.000521945825312, 0.000180091330549, 0.000121250923257, 0.000160151888849, 0.000170916799107, 0.00011272275151, 6.12148651271e-05, 3.82743601222e-05, 3.52671377186e-05, 3.17715384881e-05, 2.7662177672e-05, 2.99982402794e-05, 2.92547101708e-05, 2.27667351282e-05, 1.87611531146e-05, 1.73991229531e-05, 1.3307358131e-05, 1.39281537486e-05, 1.3327877241e-05, 1.21822649817e-05, 1.11389736048e-05, 9.44852308749e-06, 8.660257663e-06, 8.39536551211e-06, 7.70636324887e-06, 7.7941103882e-06, 8.11814970803e-06, 6.74809643897e-06, 6.67972881274e-06, 5.71309556108e-06, 6.55508756608e-06, 5.58021929464e-06, 3.99497548642e-06, 2.48442211159e-06, 2.04886032407e-06, 1.6607065163e-06], "var": [1.172834709e-05, 6.15981434748e-06, 9.17613476759e-07, 1.65225878845e-06, 1.36125618155e-06, 1.28775184294e-07, 7.95342103288e-08, 1.13636950516e-07, 1.79866418648e-07, 1.48615484363e-07, 3.46357573733e-08, 1.31925803615e-08, 9.04913299848e-09, 5.43088241045e-09, 4.42753345098e-09, 7.8563680006e-09, 5.39346345363e-09, 3.05576364212e-09, 1.87537851914e-09, 1.9050443445e-09, 9.41566380419e-10, 8.90231222073e-10, 7.64731999947e-10, 7.52860329634e-10, 7.80672082534e-10, 4.85548712348e-10, 4.17015144638e-10, 3.90169868636e-10, 3.89422050162e-10, 3.53868156999e-10, 4.92255236573e-10, 3.80599968208e-10, 3.61647461977e-10, 2.84022472208e-10, 3.00556191046e-10, 2.45505255014e-10, 1.22736779073e-10, 4.112813215e-11, 1.69190425559e-11, 8.82957769399e-12], "dvar": [6.19049296802e-06, 5.61893148188e-06, 9.66379161582e-07, 2.02260753213e-06, 1.71585054431e-06, 1.26533493017e-07, 9.01612011717e-08, 1.06778628606e-07, 1.30785608121e-07, 8.46437231417e-08, 2.44936053662e-08, 1.01078532211e-08, 7.41056638276e-09, 4.31718838456e-09, 3.73661457331e-09, 7.85297427086e-09, 4.80794515312e-09, 2.95323410171e-09, 1.4764290901e-09, 1.48580181492e-09, 6.46301678842e-10, 6.50421716486e-10, 5.64728430685e-10, 5.29566390739e-10, 4.54881271539e-10, 2.89900325967e-10, 2.93344598612e-10, 2.59321425444e-10, 2.79103934409e-10, 2.31133875928e-10, 3.15343279267e-10, 2.21836812808e-10, 1.88496038223e-10, 1.51493970146e-10, 1.93698376783e-10, 1.69381259019e-10, 8.51417200631e-11, 2.63889500529e-11, 1.26850465895e-11, 7.33330670494e-12], "mean": [0.00178316410165, 0.00136583275162, 0.000642604194582, 0.000643342791591, 0.000539876346011, 0.000194137130165, 0.0001302571618, 0.000177475551027, 0.000204150113859, 0.000146221849718, 8.2915314124e-05, 5.00283531437e-05, 4.59785187559e-05, 4.32883171015e-05, 3.72591748601e-05, 3.64696024917e-05, 3.70999696315e-05, 2.89687377517e-05, 2.55281447608e-05, 2.36007908825e-05, 1.96808141482e-05, 1.98236120923e-05, 1.97207173187e-05, 1.74261494976e-05, 1.62916221598e-05, 1.39974208651e-05, 1.25609803945e-05, 1.16289920697e-05, 1.04035434561e-05, 1.09116217573e-05, 1.18971465781e-05, 1.05193985291e-05, 9.93638604996e-06, 8.35274386191e-06, 8.18618536869e-06, 6.78472815707e-06, 5.01098065797e-06, 3.27850534632e-06, 2.40426265918e-06, 1.81930840881e-06]}, "spectral_entropy": {"min": 6.14408111572, "max": 8.91020202637, "dvar2": 0.105858445168, "median": 7.95871734619, "dmean2": 0.313794910908, "dmean": 0.212731510401, "var": 0.147661924362, "dvar": 0.0491962879896, "mean": 7.91378831863}, "spectral_rolloff": {"min": 43.06640625, "max": 14427.2460938, "dvar2": 13141013, "median": 1873.38867188, "dmean2": 2600.29541016, "dmean": 1523.34570312, "var": 7329883.5, "dvar": 5262517, "mean": 2799.2277832}, "barkbands": {"min": [1.56929811368e-08, 3.493954992e-08, 4.48422188271e-10, 2.99954239225e-09, 8.69575345064e-09, 3.47625750408e-09, 4.30176783084e-09, 2.90334645214e-09, 5.6821556349e-09, 2.01131378219e-09, 7.08942293759e-10, 2.67879318727e-09, 5.06766895114e-09, 4.02229574092e-08, 2.15010120819e-09, 2.95929303284e-09, 2.79059841901e-09, 5.18305487418e-09, 5.43141354115e-09, 9.51032497198e-09, 1.13188995954e-08, 7.52864615094e-09, 1.12614886305e-08, 1.44288447856e-08, 1.68949281232e-08, 1.38038513953e-08, 4.63832000586e-10], "max": [0.0118230469525, 0.132769495249, 0.0655078887939, 0.0238437764347, 0.11594799161, 0.0288610588759, 0.0308106131852, 0.0277502406389, 0.0332288742065, 0.0203492939472, 0.0143956765532, 0.0102267451584, 0.022984970361, 0.0171754937619, 0.0130661148578, 0.00843434780836, 0.00561123900115, 0.0073897363618, 0.00984995812178, 0.00798328965902, 0.00823307596147, 0.00805563852191, 0.00781095866114, 0.0053855474107, 0.00337182637304, 0.00240474240854, 0.000714148161933], "dvar2": [2.20506720439e-07, 0.00019830353267, 6.21552535449e-05, 1.21197708722e-05, 0.000173161999555, 9.26570555748e-06, 7.80011760071e-06, 6.73386375638e-06, 8.52743687574e-06, 1.72877753357e-06, 1.05338949652e-06, 7.76907654654e-07, 1.63950437582e-06, 1.19768071727e-06, 6.23418600298e-07, 5.46271451185e-07, 4.32734083233e-07, 4.20813904611e-07, 3.95202448544e-07, 4.97556925438e-07, 8.23384709747e-07, 8.96181518328e-07, 1.04605908291e-06, 6.46131695703e-07, 2.2401957267e-07, 3.33853506618e-07, 4.51900241671e-08], "median": [4.88518126076e-05, 0.00204066373408, 0.000593699747697, 0.000462622032501, 0.00145396497101, 0.000406751089031, 0.000221895839786, 0.000282143068034, 0.000301178428344, 0.000147079350427, 0.000111473433208, 0.00014003450633, 0.000113531285024, 0.000154799519805, 0.000132528482936, 0.000145514757605, 0.000174404936843, 0.000170984072611, 0.000164054377819, 0.000146472331835, 0.000163854609127, 0.000164260432939, 0.000129221720272, 0.000103409009171, 5.05380667164e-05, 3.81406243832e-05, 2.96657162835e-06], "dmean2": [0.000210945523577, 0.00670761568472, 0.00359044782817, 0.00209748465568, 0.0051316623576, 0.00168264901731, 0.00116043991875, 0.00136863579974, 0.00127866188996, 0.000555830309168, 0.000427598395618, 0.000449803133961, 0.000484259420773, 0.00049744558055, 0.000399562472012, 0.000360921752872, 0.000396400369937, 0.000381667778129, 0.000375525007257, 0.000379848526791, 0.000466159603093, 0.000470890227007, 0.000508496945258, 0.000358766235877, 0.000298604980344, 0.000359988131095, 0.00012375258666], "dmean": [0.000166625177371, 0.00406646728516, 0.0020238594152, 0.00118117895909, 0.00304651726037, 0.000998818897642, 0.000676112074871, 0.000848818046506, 0.000828460266348, 0.000342687242664, 0.000264379865257, 0.000276672886685, 0.000292891752906, 0.000306492031086, 0.000248766562436, 0.000226782562095, 0.000244905735599, 0.000243518035859, 0.000249364267802, 0.000252842233749, 0.000313696276862, 0.000327244430082, 0.000360501318937, 0.000251347111771, 0.000189481055713, 0.000223015144002, 7.68094687373e-05], "var": [2.67127552434e-06, 0.000117839619634, 1.75712248165e-05, 3.90319246435e-06, 4.9871920055e-05, 3.72658109882e-06, 2.44132638727e-06, 3.50007280758e-06, 6.79810045767e-06, 9.3102636356e-07, 4.96958875829e-07, 3.87008753933e-07, 6.593735975e-07, 5.31240800683e-07, 3.21395049241e-07, 3.07996657511e-07, 2.60521431983e-07, 2.73895068403e-07, 3.49818634504e-07, 3.55702894694e-07, 6.4735917249e-07, 9.27660153138e-07, 1.032889827e-06, 4.61382370531e-07, 1.05729597522e-07, 1.28260779775e-07, 1.68110911858e-08], "dvar": [1.71145359218e-07, 7.7840857557e-05, 2.19558169192e-05, 4.34553794548e-06, 6.333093188e-05, 3.59503405889e-06, 2.85711416836e-06, 2.85160285785e-06, 4.0137324504e-06, 7.14259499546e-07, 4.23518400794e-07, 3.0500686421e-07, 6.31763043657e-07, 4.75679826195e-07, 2.51125896966e-07, 2.18730789925e-07, 1.76785135864e-07, 1.81315598979e-07, 1.88168641557e-07, 2.26007571769e-07, 3.90126729144e-07, 4.69204962883e-07, 5.70418933421e-07, 3.14073901109e-07, 9.3636145948e-08, 1.36229274972e-07, 1.8699855886e-08], "mean": [0.000673244067002, 0.00594248622656, 0.0019976994954, 0.00123746867757, 0.00332981045358, 0.00109331868589, 0.000710669788532, 0.000957668933552, 0.00106806564145, 0.000447528174846, 0.000327602843754, 0.000377635791665, 0.000348705856595, 0.000392057205318, 0.000331766786985, 0.000323983549606, 0.000357992626959, 0.000363805651432, 0.000382950849598, 0.00036963049206, 0.000460761453724, 0.000529821845703, 0.000488313206006, 0.000325460772729, 0.000199717687792, 0.000198012101464, 6.15235185251e-05]}, "melbands_flatness_db": {"min": 0.0241766404361, "max": 0.508273482323, "dvar2": 0.00272103352472, "median": 0.158194452524, "dmean2": 0.0562974214554, "dmean": 0.0374621897936, "var": 0.00549344206229, "dvar": 0.00130223867018, "mean": 0.168018504977}, "melbands_skewness": {"min": -1.41744744778, "max": 29.0680179596, "dvar2": 3.54986262321, "median": 2.61009550095, "dmean2": 1.75789487362, "dmean": 1.13855063915, "var": 5.07953310013, "dvar": 1.65472173691, "mean": 3.12827968597}, "barkbands_skewness": {"min": -3.02048802376, "max": 14.977766037, "dvar2": 1.51284170151, "median": 1.17808640003, "dmean2": 1.21541905403, "dmean": 0.78860616684, "var": 2.20604395866, "dvar": 0.70757997036, "mean": 1.4666352272}, "silence_rate_60dB": {"min": 0, "max": 1, "dvar2": 0.0477783828974, "median": 0, "dmean2": 0.040887478739, "dmean": 0.0204405002296, "var": 0.0216851923615, "dvar": 0.0200242232531, "mean": 0.022179974243}, "spectral_energyband_low": {"min": 1.48565973745e-07, "max": 0.13901257515, "dvar2": 0.000275515631074, "median": 0.00426428718492, "dmean2": 0.00912494771183, "dmean": 0.00560408364981, "var": 0.000199339236133, "dvar": 0.000109512766358, "mean": 0.00929439160973}, "spectral_energyband_middle_low": {"min": 4.29618438602e-08, "max": 0.125605612993, "dvar2": 0.000293456250802, "median": 0.00565364584327, "dmean2": 0.00915292371064, "dmean": 0.00568932155147, "var": 0.000113334957859, "dvar": 0.000111926907266, "mean": 0.00858648866415}, "melbands_kurtosis": {"min": -1.87343764305, "max": 1343.04492188, "dvar2": 2117.92626953, "median": 7.93271684647, "dmean2": 21.4198303223, "dmean": 13.5394287109, "var": 2091.87866211, "dvar": 1016.59997559, "mean": 19.7525081635}, "spectral_decrease": {"min": -4.01345303658e-08, "max": -1.178592136e-13, "dvar2": 3.63103900072e-17, "median": -4.04925781794e-09, "dmean2": 4.18519086054e-09, "dmean": 2.71867484081e-09, "var": 2.51777317567e-17, "dvar": 1.49072008452e-17, "mean": -5.47216183477e-09}, "erbbands_kurtosis": {"min": -1.84045302868, "max": 39.1309013367, "dvar2": 6.91880512238, "median": -0.364940285683, "dmean2": 1.69769001007, "dmean": 1.04348385334, "var": 3.84872245789, "dvar": 2.83018422127, "mean": 0.109094567597}, "melbands_crest": {"min": 3.29675340652, "max": 37.1180343628, "dvar2": 26.4584312439, "median": 13.0104885101, "dmean2": 6.35729169846, "dmean": 3.85325980186, "var": 43.3658103943, "dvar": 10.3366174698, "mean": 14.5757160187}, "gfcc": {"cov": [[3825.89501953, -1032.96142578, -92.5069732666, -232.324768066, -161.216751099, -223.569381714, -65.4534988403, -128.725067139, -10.7456150055, -5.71548891068, -36.3891601562, -3.42278671265, -19.4855690002], [-1032.96142578, 1406.60131836, -182.048721313, 78.424446106, 194.496063232, 123.593910217, 98.2646865845, 87.0012741089, 24.995885849, -55.0232391357, 29.7916069031, -65.568687439, 7.87339258194], [-92.5069732666, -182.048721313, 1039.46557617, 54.8471069336, 113.183746338, 28.1332321167, -34.9003639221, -1.59104704857, -16.6682376862, -14.0348711014, -44.963104248, -3.8820297718, -18.9389381409], [-232.324768066, 78.424446106, 54.8471069336, 473.79196167, 3.36164474487, 42.9797477722, -3.37647461891, -17.4079856873, 29.6757678986, -14.2398080826, 0.33718764782, -26.9851799011, 13.5765628815], [-161.216751099, 194.496063232, 113.183746338, 3.36164474487, 497.799346924, 116.729026794, 79.3163299561, 89.1733703613, 30.7955188751, 35.4467849731, 7.25368213654, -4.71072626114, 3.10427427292], [-223.569381714, 123.593910217, 28.1332321167, 42.9797477722, 116.729026794, 234.78062439, 107.24282074, 48.6033477783, 21.3867378235, 18.812046051, 23.2006607056, 16.3317623138, 4.35429000854], [-65.4534988403, 98.2646865845, -34.9003639221, -3.37647461891, 79.3163299561, 107.24282074, 220.209838867, 93.8696517944, 27.8056869507, 28.0244522095, 13.0564575195, 13.8388528824, -3.68066239357], [-128.725067139, 87.0012741089, -1.59104704857, -17.4079856873, 89.1733703613, 48.6033477783, 93.8696517944, 149.986816406, 53.4048347473, 30.370010376, 12.251247406, 13.3412294388, 0.990396618843], [-10.7456150055, 24.995885849, -16.6682376862, 29.6757678986, 30.7955188751, 21.3867378235, 27.8056869507, 53.4048347473, 103.484603882, 47.0281906128, 15.7432012558, 6.31065750122, 6.61599779129], [-5.71548891068, -55.0232391357, -14.0348711014, -14.2398080826, 35.4467849731, 18.812046051, 28.0244522095, 30.370010376, 47.0281906128, 108.562957764, 32.7073974609, 15.7191143036, -1.10197401047], [-36.3891601562, 29.7916069031, -44.963104248, 0.33718764782, 7.25368213654, 23.2006607056, 13.0564575195, 12.251247406, 15.7432012558, 32.7073974609, 92.3336029053, 28.0519943237, 17.3527107239], [-3.42278671265, -65.568687439, -3.8820297718, -26.9851799011, -4.71072626114, 16.3317623138, 13.8388528824, 13.3412294388, 6.31065750122, 15.7191143036, 28.0519943237, 92.4612197876, 27.8778762817], [-19.4855690002, 7.87339258194, -18.9389381409, 13.5765628815, 3.10427427292, 4.35429000854, -3.68066239357, 0.990396618843, 6.61599779129, -1.10197401047, 17.3527107239, 27.8778762817, 77.9876327515]], "icov": [[0.000365453655832, 0.000281967135379, 6.42765735392e-05, 0.000154226465384, -8.44318274176e-05, 0.000247510353802, -0.000240733366809, 0.000338076963089, -0.000327297282638, 0.000282524997601, -8.86477646418e-05, 0.000199971735128, 5.49065816813e-06], [0.000281967135379, 0.00113821146078, 0.000235669183894, 4.70039594802e-05, -0.000354978023097, -9.42926926655e-05, -0.000283019762719, -9.7200187156e-05, -0.00041944719851, 0.00108652771451, -0.000618035148364, 0.000971942034084, -0.000147122540511], [6.42765735392e-05, 0.000235669183894, 0.00109305838123, -0.00013225361181, -0.000329752190737, -0.000178841437446, 0.000288478244329, -0.00012309369049, 0.000130043044919, 0.000175424938789, 0.000420760014094, -7.3485847679e-05, 0.000243117872742], [0.000154226465384, 4.70039594802e-05, -0.00013225361181, 0.00243719504215, 6.36712065898e-05, -0.000432795379311, -9.72126363195e-05, 0.000828053511214, -0.00134682981297, 0.000687518448103, -0.000208421202842, 0.000932415307034, -0.000579043640755], [-8.44318274176e-05, -0.000354978023097, -0.000329752190737, 6.36712065898e-05, 0.00267245573923, -0.0010270352941, 0.000164785364177, -0.00122664496303, 0.000386458879802, -0.000934880459681, 0.000330355193, 0.000357448036084, -0.000349376292434], [0.000247510353802, -9.42926926655e-05, -0.000178841437446, -0.000432795379311, -0.0010270352941, 0.00649508647621, -0.00291771767661, 0.000812230340671, -0.000446083839051, 0.000237328640651, -0.000993981724605, -0.000838957552332, 0.000195757776964], [-0.000240733366809, -0.000283019762719, 0.000288478244329, -9.72126363195e-05, 0.000164785364177, -0.00291771767661, 0.00783934630454, -0.00432081101462, 0.00120800407603, -0.00110739155207, 0.000548666401301, -0.000484356743982, 0.000569534604438], [0.000338076963089, -9.7200187156e-05, -0.00012309369049, 0.000828053511214, -0.00122664496303, 0.000812230340671, -0.00432081101462, 0.0121503025293, -0.00528957555071, 0.000488071353175, -6.02692962275e-05, -0.000948661414441, 0.00037364626769], [-0.000327297282638, -0.00041944719851, 0.000130043044919, -0.00134682981297, 0.000386458879802, -0.000446083839051, 0.00120800407603, -0.00528957555071, 0.0152710452676, -0.00604339549318, 0.00038277724525, 0.000208616329473, -0.00118031585589], [0.000282524997601, 0.00108652771451, 0.000175424938789, 0.000687518448103, -0.000934880459681, 0.000237328640651, -0.00110739155207, 0.000488071353175, -0.00604339549318, 0.0142644522712, -0.00431491574273, -0.000188424412045, 0.001591004082], [-8.86477646418e-05, -0.000618035148364, 0.000420760014094, -0.000208421202842, 0.000330355193, -0.000993981724605, 0.000548666401301, -6.02692962275e-05, 0.00038277724525, -0.00431491574273, 0.0141936400905, -0.00342834019102, -0.0017783830408], [0.000199971735128, 0.000971942034084, -7.3485847679e-05, 0.000932415307034, 0.000357448036084, -0.000838957552332, -0.000484356743982, -0.000948661414441, 0.000208616329473, -0.000188424412045, -0.00342834019102, 0.0146299554035, -0.00469376146793], [5.49065816813e-06, -0.000147122540511, 0.000243117872742, -0.000579043640755, -0.000349376292434, 0.000195757776964, 0.000569534604438, 0.00037364626769, -0.00118031585589, 0.001591004082, -0.0017783830408, -0.00469376146793, 0.0152198951691]], "mean": [20.7387218475, 51.3594779968, -96.8985137939, 36.9623298645, -55.7535247803, 14.6607303619, -34.3765068054, 8.64377117157, -21.3058242798, 3.93416786194, -18.2320423126, 3.26307559013, -13.1681280136]}, "melbands_spread": {"min": 0.441932588816, "max": 234.157684326, "dvar2": 760.421264648, "median": 27.4450721741, "dmean2": 23.100856781, "dmean": 14.5475091934, "var": 741.912780762, "dvar": 320.964477539, "mean": 34.5509185791}, "spectral_energy": {"min": 5.48021091618e-07, "max": 0.155714765191, "dvar2": 0.000590141047724, "median": 0.017396485433, "dmean2": 0.0168673638254, "dmean": 0.0112642124295, "var": 0.000429437175626, "dvar": 0.000247831078013, "mean": 0.0232979077846}, "mfcc": {"cov": [[3963.234375, -850.436950684, -336.904174805, -137.793884277, -294.330749512, -130.79850769, -194.952575684, -153.127502441, -92.3617858887, -76.445930481, -35.4527664185, -24.7169475555, -53.9842948914], [-850.436950684, 1149.2388916, -127.039665222, -34.5096435547, 167.384887695, 20.808681488, 150.65473938, 94.5144271851, 83.4246826172, 33.226398468, 40.2164611816, 40.8298530579, 22.6610107422], [-336.904174805, -127.039665222, 792.840759277, 95.1470718384, 45.8773078918, 19.6136417389, -29.477689743, -8.6793346405, -15.636343956, -30.1544723511, -28.275976181, -25.9891815186, -16.4089565277], [-137.793884277, -34.5096435547, 95.1470718384, 319.314605713, 91.5243835449, 35.1916694641, -1.13871669769, 10.5148324966, 22.1209220886, 29.7771949768, -7.64174699783, -11.2462739944, -1.17094433308], [-294.330749512, 167.384887695, 45.8773078918, 91.5243835449, 346.066162109, 71.8605728149, 63.2850227356, 23.1046142578, 45.4682693481, 23.647064209, 19.3636016846, 1.81034386158, 15.7810811996], [-130.79850769, 20.808681488, 19.6136417389, 35.1916694641, 71.8605728149, 187.21875, 78.3044128418, 42.1385612488, 30.6410541534, 27.5175418854, 26.3932666779, 8.04691505432, 4.48170614243], [-194.952575684, 150.65473938, -29.477689743, -1.13871669769, 63.2850227356, 78.3044128418, 194.553436279, 81.1040878296, 53.6485710144, 29.5312347412, 40.3531227112, 19.6069431305, 20.9924755096], [-153.127502441, 94.5144271851, -8.6793346405, 10.5148324966, 23.1046142578, 42.1385612488, 81.1040878296, 146.163299561, 61.5978736877, 13.8750572205, 26.6169643402, 24.9681911469, 15.1422367096], [-92.3617858887, 83.4246826172, -15.636343956, 22.1209220886, 45.4682693481, 30.6410541534, 53.6485710144, 61.5978736877, 129.764312744, 39.8050765991, 31.3383922577, 18.8909320831, 16.9629173279], [-76.445930481, 33.226398468, -30.1544723511, 29.7771949768, 23.647064209, 27.5175418854, 29.5312347412, 13.8750572205, 39.8050765991, 107.481613159, 46.9907913208, 11.5006227493, 7.72060918808], [-35.4527664185, 40.2164611816, -28.275976181, -7.64174699783, 19.3636016846, 26.3932666779, 40.3531227112, 26.6169643402, 31.3383922577, 46.9907913208, 101.196914673, 39.8367538452, 14.4634571075], [-24.7169475555, 40.8298530579, -25.9891815186, -11.2462739944, 1.81034386158, 8.04691505432, 19.6069431305, 24.9681911469, 18.8909320831, 11.5006227493, 39.8367538452, 81.1773452759, 39.1271057129], [-53.9842948914, 22.6610107422, -16.4089565277, -1.17094433308, 15.7810811996, 4.48170614243, 20.9924755096, 15.1422367096, 16.9629173279, 7.72060918808, 14.4634571075, 39.1271057129, 79.0756072998]], "icov": [[0.000343583000358, 0.000244315422606, 0.000177056106622, 6.60738223814e-05, 9.20150487218e-05, 8.60133732203e-05, 4.86987810291e-05, 0.000179677794222, -0.000113656555186, 0.000192319828784, -7.66632874729e-05, -8.6862455646e-05, 0.000194299165742], [0.000244315422606, 0.00126394757535, 0.000259558320977, 0.000255988154095, -0.000465159449959, 0.000457637012005, -0.000610105635133, -0.000145092126331, -0.000299067032756, 3.05961475533e-05, 0.000136008893605, -0.00047544244444, 0.000390416505979], [0.000177056106622, 0.000259558320977, 0.00146263581701, -0.000322178879287, -0.000137921102578, -0.000101551253465, 0.000170836923644, -6.43656085231e-06, -1.70763996721e-05, 0.000530686927959, 3.40166536716e-07, 0.000146470352774, 0.000213705192436], [6.60738223814e-05, 0.000255988154095, -0.000322178879287, 0.0037702107802, -0.00095330667682, -0.000316599413054, 0.000498679757584, -0.000379267905373, -0.000269151729299, -0.00127512088511, 0.000896201119758, 0.000133204084705, 6.15600220044e-05], [9.20150487218e-05, -0.000465159449959, -0.000137921102578, -0.00095330667682, 0.00383768603206, -0.00100784713868, -0.000459145579953, 0.000720011070371, -0.000747952086385, 0.000339081365382, -0.000464815238956, 0.00067848933395, -0.000694726826623], [8.60133732203e-05, 0.000457637012005, -0.000101551253465, -0.000316599413054, -0.00100784713868, 0.00711791776121, -0.00242256023921, -0.000651520327665, 5.88980001339e-05, -0.000737731403206, -0.000419049785705, -0.000226341930102, 0.000715454050805], [4.86987810291e-05, -0.000610105635133, 0.000170836923644, 0.000498679757584, -0.000459145579953, -0.00242256023921, 0.00866012647748, -0.00314175407402, -0.00052694149781, -0.000283735484118, -0.00151969434228, 0.00113475939725, -0.00136034702882], [0.000179677794222, -0.000145092126331, -6.43656085231e-06, -0.000379267905373, 0.000720011070371, -0.000651520327665, -0.00314175407402, 0.0107426000759, -0.00378148537129, 0.00145636848174, -0.000304354063701, -0.00181853480171, 0.000451954314485], [-0.000113656555186, -0.000299067032756, -1.70763996721e-05, -0.000269151729299, -0.000747952086385, 5.88980001339e-05, -0.00052694149781, -0.00378148537129, 0.0113187562674, -0.00300983479246, -0.000543873407878, -9.55738287303e-05, -0.000976887065917], [0.000192319828784, 3.05961475533e-05, 0.000530686927959, -0.00127512088511, 0.000339081365382, -0.000737731403206, -0.000283735484118, 0.00145636848174, -0.00300983479246, 0.0135134449229, -0.00596156902611, 0.00162937724963, -0.000405203027185], [-7.66632874729e-05, 0.000136008893605, 3.40166536716e-07, 0.000896201119758, -0.000464815238956, -0.000419049785705, -0.00151969434228, -0.000304354063701, -0.000543873407878, -0.00596156902611, 0.0163362938911, -0.00740412063897, 0.00187457934953], [-8.6862455646e-05, -0.00047544244444, 0.000146470352774, 0.000133204084705, 0.00067848933395, -0.000226341930102, 0.00113475939725, -0.00181853480171, -9.55738287303e-05, 0.00162937724963, -0.00740412063897, 0.0206327792257, -0.00895982701331], [0.000194299165742, 0.000390416505979, 0.000213705192436, 6.15600220044e-05, -0.000694726826623, 0.000715454050805, -0.00136034702882, 0.000451954314485, -0.000976887065917, -0.000405203027185, 0.00187457934953, -0.00895982701331, 0.0174244586378]], "mean": [-629.901367188, 87.5752334595, 13.7103776932, 26.0764160156, 4.87366342545, 9.11877441406, -1.63685429096, 5.83614349365, -0.0197846926749, 2.94592237473, 1.03234422207, 0.312979161739, -3.72986960411]}, "spectral_contrast_valleys": {"min": [-12.71463871, -12.0731878281, -12.9293270111, -12.5294523239, -11.9635858536, -13.5975627899], "max": [-5.07379007339, -4.53768157959, -5.31732463837, -5.78168058395, -5.38991212845, -7.38544750214], "dvar2": [0.381467044353, 0.485429435968, 0.322055786848, 0.262126624584, 0.309122651815, 0.434093236923], "median": [-7.09374189377, -6.82293605804, -7.43808269501, -7.6640753746, -7.31380558014, -9.46415901184], "dmean2": [0.748655796051, 0.805160939693, 0.658672749996, 0.578200697899, 0.515847742558, 0.596727132797], "dmean": [0.464983195066, 0.511329889297, 0.433693915606, 0.39225846529, 0.368379294872, 0.472775310278], "var": [0.664866507053, 0.599413394928, 0.538634598255, 0.563479483128, 0.60486471653, 0.765495955944], "dvar": [0.159646898508, 0.207478761673, 0.142976030707, 0.132090121508, 0.159263849258, 0.221798405051], "mean": [-7.18432760239, -6.86854696274, -7.49541187286, -7.72061872482, -7.36385822296, -9.49518299103]}, "barkbands_flatness_db": {"min": 0.0149345155805, "max": 0.403189957142, "dvar2": 0.00156530097593, "median": 0.0924879312515, "dmean2": 0.0422564856708, "dmean": 0.0280053429306, "var": 0.00260288082063, "dvar": 0.000736124056857, "mean": 0.103741422296}, "dynamic_complexity": 2.38554215431, "erbbands_flatness_db": {"min": 0.0301357600838, "max": 0.344705492258, "dvar2": 0.000906856032088, "median": 0.114550679922, "dmean2": 0.0320870652795, "dmean": 0.0224671866745, "var": 0.00135643070098, "dvar": 0.0004341