{"lowlevel": {"spectral_complexity": {"min": 0, "max": 56, "dvar2": 29.9120044708, "median": 15, "dmean2": 5.01452636719, "dmean": 3.52685666084, "var": 106.19342804, "dvar": 18.4383563995, "mean": 16.5254135132}, "silence_rate_20dB": {"min": 1, "max": 1, "dvar2": 0, "median": 1, "dmean2": 0, "dmean": 0, "var": 0, "dvar": 0, "mean": 1}, "average_loudness": 0.923281490803, "erbbands_spread": {"min": 1.23059022427, "max": 176.441619873, "dvar2": 325.507873535, "median": 52.356010437, "dmean2": 16.598772049, "dmean": 11.1000623703, "var": 595.746948242, "dvar": 155.466918945, "mean": 53.2549743652}, "spectral_kurtosis": {"min": -1.41469717026, "max": 47.9715461731, "dvar2": 2.53745770454, "median": 2.84663438797, "dmean2": 1.19595324993, "dmean": 0.789975106716, "var": 4.45640039444, "dvar": 1.1708753109, "mean": 3.10008788109}, "barkbands_kurtosis": {"min": -1.94229531288, "max": 561.162841797, "dvar2": 502.593841553, "median": 2.31219816208, "dmean2": 6.64022636414, "dmean": 4.30966758728, "var": 532.622253418, "dvar": 215.51763916, "mean": 6.85670518875}, "spectral_strongpeak": {"min": 0.000387890497223, "max": 11.9529495239, "dvar2": 1.75874316692, "median": 0.424674838781, "dmean2": 0.867437958717, "dmean": 0.523214995861, "var": 1.26514732838, "dvar": 0.716376662254, "mean": 0.873527109623}, "spectral_spread": {"min": 1831668.75, "max": 29489274, "dvar2": 1924387569660.0, "median": 6247356.5, "dmean2": 1084215.375, "dmean": 766100.6875, "var": 4124235268100.0, "dvar": 1062840565760.0, "mean": 6565282}, "spectral_rms": {"min": 2.45493411057e-05, "max": 0.0127012990415, "dvar2": 1.95810571313e-06, "median": 0.00434989528731, "dmean2": 0.0011355712777, "dmean": 0.00077640300151, "var": 3.84673512599e-06, "dvar": 9.61076352723e-07, "mean": 0.00449620746076}, "erbbands": {"min": [1.35110695965e-07, 3.14714327487e-07, 9.00617521893e-07, 4.93974675919e-06, 1.1830911717e-05, 9.61017121881e-06, 5.91625539528e-05, 0.000353045179509, 0.000652732443996, 0.000896304030903, 9.86506784102e-05, 9.44760904531e-05, 0.000257904583123, 0.000201233226107, 0.000161176198162, 0.000144549194374, 7.77389068389e-05, 0.000169989449205, 0.000465296849143, 0.000364363950212, 9.5310198958e-05, 6.90764645697e-05, 0.000195572822122, 0.000138983639772, 4.49889739684e-05, 6.94887567079e-05, 8.51486620377e-05, 5.96465470153e-05, 5.01552640344e-05, 5.54131329409e-05, 5.13112354383e-05, 5.94397060922e-05, 5.69105250179e-05, 4.69337501272e-05, 1.96836317627e-05, 1.57083995873e-05, 3.68541077478e-06, 1.30714249735e-06, 7.72140197114e-07, 1.11695150906e-07], "max": [2.63375926018, 12.1191701889, 60.2126274109, 85.2611694336, 215.670166016, 202.762084961, 313.338287354, 521.142456055, 1295.35656738, 1682.05249023, 4092.5559082, 1483.54736328, 1339.04992676, 1594.87548828, 1437.30126953, 1002.38952637, 2028.95544434, 1298.27282715, 1160.20507812, 1021.71856689, 1147.96105957, 592.793579102, 651.61529541, 347.614807129, 234.292510986, 270.268920898, 163.328582764, 156.511581421, 284.223327637, 362.004821777, 291.18081665, 367.662475586, 302.233398438, 136.638381958, 60.5026893616, 21.2663516998, 7.41147089005, 1.95285093784, 0.225990146399, 0.0119625516236], "dvar2": [0.0539297796786, 1.70764362812, 52.7147789001, 137.923614502, 257.075775146, 424.929626465, 435.820922852, 947.081726074, 6720.52001953, 20062.2148438, 30648.0253906, 8147.45166016, 5450.15332031, 4510.13671875, 5721.43603516, 3443.91137695, 7485.65869141, 4039.29785156, 4170.51855469, 2244.515625, 1143.23181152, 535.151550293, 477.968383789, 421.881225586, 254.572387695, 189.213790894, 154.02406311, 101.50063324, 175.572311401, 169.340774536, 144.853469849, 145.31111145, 88.7445068359, 43.3233566284, 11.1985168457, 4.32143974304, 0.70500433445, 0.0344121567905, 0.000604256405495, 1.08149333755e-06], "median": [0.0393828302622, 0.440829753876, 1.29913556576, 2.36243748665, 3.98727965355, 5.39994812012, 4.78169679642, 5.55806207657, 7.74390459061, 9.15108394623, 7.43719100952, 4.83642196655, 5.90119981766, 5.90071582794, 4.98934078217, 4.65959024429, 3.87377667427, 4.91128396988, 5.61562585831, 5.91637706757, 7.38486909866, 8.66393661499, 7.74533128738, 9.08084869385, 7.70482492447, 8.11779785156, 5.75291728973, 4.96569442749, 4.19958496094, 3.1843380928, 2.53031873703, 2.21700644493, 1.95960748196, 1.33291149139, 0.756412386894, 0.3654294312, 0.124275863171, 0.0241684950888, 0.0027531106025, 0.00014018046204], "dmean2": [0.0899724587798, 0.644670307636, 2.81912016869, 4.97409534454, 7.96326732635, 10.4660806656, 10.3629989624, 14.0870018005, 32.218788147, 56.2333908081, 59.218460083, 25.8452167511, 23.5441970825, 24.0984859467, 19.8214206696, 18.2388324738, 22.5433273315, 20.415599823, 21.4635620117, 17.232339859, 13.5016565323, 11.6498937607, 10.3060665131, 11.6914863586, 8.81983566284, 8.60956001282, 6.8313202858, 5.67857456207, 6.13650941849, 4.71770334244, 4.15149354935, 3.86408567429, 3.12507772446, 2.47763133049, 1.53566098213, 0.954168558121, 0.365960508585, 0.0797593519092, 0.0104184886441, 0.000434842193499], "dmean": [0.0564435869455, 0.395929843187, 1.67163515091, 2.96979260445, 4.70026779175, 6.40051317215, 6.43859624863, 8.78630256653, 20.6597633362, 35.850151062, 37.2028541565, 15.9904289246, 14.9657402039, 15.122631073, 12.589176178, 11.563498497, 14.8435916901, 13.0390424728, 13.9507274628, 11.0850772858, 8.69326400757, 7.55532979965, 6.64007854462, 7.36825847626, 5.73871946335, 5.67257928848, 4.54055213928, 3.82887673378, 4.24183130264, 3.43486356735, 2.93131875992, 2.72300672531, 2.17229747772, 1.70677006245, 1.07537186146, 0.668715238571, 0.254155129194, 0.0575444735587, 0.00744985137135, 0.000319895101711], "var": [0.0436357967556, 1.32505333424, 20.7261447906, 59.0542564392, 110.24811554, 232.241012573, 321.479614258, 693.47479248, 4877.51416016, 14883.4765625, 19188.8320312, 4167.8203125, 3231.14453125, 4378.80810547, 2934.50878906, 2957.35327148, 5894.93457031, 3092.97167969, 3914.20678711, 1847.00939941, 1219.48339844, 707.313720703, 423.889862061, 461.982452393, 273.064056396, 274.691436768, 178.879837036, 140.938812256, 222.651916504, 204.666000366, 141.365142822, 152.661193848, 93.0466842651, 39.1569442749, 10.867770195, 3.84815835953, 0.564701914787, 0.0359022021294, 0.000576391816139, 1.16276464723e-06], "dvar": [0.0222092736512, 0.685839772224, 19.9764404297, 52.0193557739, 95.9964828491, 162.068634033, 184.003936768, 407.380340576, 3085.69042969, 8407.45703125, 13470.9277344, 3124.78686523, 2204.27490234, 1922.65222168, 2225.12817383, 1474.51391602, 3243.98901367, 1642.24572754, 1772.73156738, 1004.13317871, 501.90411377, 255.04750061, 208.324996948, 181.156417847, 111.700317383, 90.356338501, 66.611366272, 50.2351036072, 89.3890304565, 92.9761047363, 73.375793457, 76.0027770996, 44.0418434143, 20.1753692627, 5.31990289688, 1.99673295021, 0.322645872831, 0.0172680057585, 0.00030895951204, 5.91974298914e-07], "mean": [0.122843697667, 0.82049459219, 2.67501664162, 4.72831726074, 7.3256893158, 10.5230731964, 10.436413765, 13.754155159, 29.7144432068, 51.443862915, 48.3861198425, 22.3405361176, 22.3793010712, 23.7220668793, 19.6009521484, 18.5423412323, 22.0772190094, 20.5427341461, 22.6035079956, 17.9975471497, 16.0942115784, 15.2583885193, 13.2772865295, 15.5078859329, 12.756193161, 13.2074213028, 10.3497314453, 8.92015838623, 8.9485168457, 7.16415834427, 5.85999536514, 5.18244075775, 4.21575641632, 3.25785851479, 2.02130270004, 1.18698751926, 0.426795512438, 0.101210996509, 0.0119825499132, 0.000529928191099]}, "zerocrossingrate": {"min": 0.00244140625, "max": 0.53271484375, "dvar2": 0.000561970111448, "median": 0.083984375, "dmean2": 0.0206981189549, "dmean": 0.0184594802558, "var": 0.00422550598159, "dvar": 0.000533981772605, "mean": 0.0976073518395}, "spectral_contrast_coeffs": {"min": [-0.943027675152, -0.95121049881, -0.946432352066, -0.924156546593, -0.920947551727, -0.932798504829], "max": [-0.289351701736, -0.253577768803, -0.404506266117, -0.510937988758, -0.613914132118, -0.637866914272], "dvar2": [0.00454769888893, 0.00510343769565, 0.00276256818324, 0.00183091370855, 0.000803597795311, 0.000533745915163], "median": [-0.647364914417, -0.707014739513, -0.769485294819, -0.789906322956, -0.797259390354, -0.777327597141], "dmean2": [0.0803435221314, 0.0867270976305, 0.0644279420376, 0.0510548427701, 0.0349798053503, 0.0261490736157], "dmean": [0.0493947975338, 0.0545105189085, 0.0405601076782, 0.0328226238489, 0.0219703707844, 0.0169736538082], "var": [0.00930276978761, 0.00914300139993, 0.00523898331448, 0.00367754418403, 0.00160436308943, 0.00124546908773], "dvar": [0.00179586687591, 0.00215132860467, 0.00117933889851, 0.000783370749559, 0.000358576216968, 0.000245856004767], "mean": [-0.636043548584, -0.696368694305, -0.762722015381, -0.7803145051, -0.791847407818, -0.779103934765]}, "dissonance": {"min": 0.162446439266, "max": 0.5, "dvar2": 0.00112083181739, "median": 0.472717046738, "dmean2": 0.030559618026, "dmean": 0.0185283403844, "var": 0.00103077862877, "dvar": 0.000439928349806, "mean": 0.463949173689}, "spectral_energyband_high": {"min": 3.68217918378e-08, "max": 0.0359154976904, "dvar2": 3.1540243981e-06, "median": 0.000916076940484, "dmean2": 0.000871677300893, "dmean": 0.000678467971738, "var": 5.00231044498e-06, "dvar": 1.75638376732e-06, "mean": 0.00168442574795}, "spectral_skewness": {"min": -0.56909507513, "max": 5.75178718567, "dvar2": 0.0581209175289, "median": 1.41831481457, "dmean2": 0.220806121826, "dmean": 0.150866985321, "var": 0.165323674679, "dvar": 0.0304183922708, "mean": 1.40885996819}, "spectral_flux": {"min": 0.000799682806246, "max": 0.30263364315, "dvar2": 0.00207519205287, "median": 0.0678480863571, "dmean2": 0.0379834249616, "dmean": 0.0241518951952, "var": 0.00241359346546, "dvar": 0.0009347461164, "mean": 0.0798477903008}, "silence_rate_30dB": {"min": 0, "max": 1, "dvar2": 0.000547817384358, "median": 1, "dmean2": 0.00054817047203, "dmean": 0.000274047692074, "var": 0.000273972458672, "dvar": 0.000274009944405, "mean": 0.999725997448}, "spectral_energyband_middle_high": {"min": 4.68165772816e-08, "max": 0.0578504055738, "dvar2": 1.8116328647e-05, "median": 0.0020697012078, "dmean2": 0.00225022528321, "dmean": 0.00153957738075, "var": 3.53606046701e-05, "dvar": 8.6431591626e-06, "mean": 0.00408011302352}, "barkbands_spread": {"min": 0.247250929475, "max": 119.618080139, "dvar2": 242.264801025, "median": 26.9491481781, "dmean2": 12.5951185226, "dmean": 8.31969356537, "var": 405.494018555, "dvar": 113.948028564, "mean": 31.0309314728}, "spectral_centroid": {"min": 132.566848755, "max": 8943.45507812, "dvar2": 238445.375, "median": 1374.30078125, "dmean2": 433.929107666, "dmean": 285.533630371, "var": 553072.3125, "dvar": 123333.789062, "mean": 1488.62683105}, "pitch_salience": {"min": 0.0243350192904, "max": 0.889700651169, "dvar2": 0.0104976603761, "median": 0.557752430439, "dmean2": 0.110177375376, "dmean": 0.068451538682, "var": 0.0135243078694, "dvar": 0.00431074388325, "mean": 0.549742758274}, "erbbands_skewness": {"min": -6.50104570389, "max": 11.1812925339, "dvar2": 0.622587859631, "median": 0.372924566269, "dmean2": 0.645741522312, "dmean": 0.434956222773, "var": 1.30602347851, "dvar": 0.293357044458, "mean": 0.482501536608}, "erbbands_crest": {"min": 2.2340464592, "max": 32.5424118042, "dvar2": 22.6436958313, "median": 7.46530294418, "dmean2": 4.72887945175, "dmean": 2.93590641022, "var": 28.9699993134, "dvar": 9.44403743744, "mean": 9.06782627106}, "melbands": {"min": [1.41275879884e-09, 3.5204311688e-10, 9.81586034676e-10, 5.72889347072e-10, 1.30372912466e-09, 7.47615835905e-09, 9.51857881404e-09, 7.61849516806e-09, 5.43710354517e-10, 5.33903032895e-10, 1.08577635771e-09, 8.95187646233e-10, 2.17689630211e-10, 5.13804887525e-10, 2.98323893366e-10, 1.41264513975e-10, 3.06488529001e-10, 5.55245960321e-10, 5.87943027597e-10, 2.47782294682e-10, 1.0415968088e-10, 7.29393143106e-11, 7.22881754456e-11, 2.23912638431e-10, 1.05134803641e-10, 2.77523993369e-11, 3.47894907327e-11, 5.04081915098e-11, 5.84037609941e-11, 4.0133760898e-11, 3.4765398893e-11, 3.14453602046e-11, 2.34832344542e-11, 3.25570091719e-11, 2.67689377609e-11, 3.1632026859e-11, 3.43625163046e-11, 3.90687066032e-11, 3.9832710047e-11, 3.94466369291e-11], "max": [0.0203333329409, 0.0248828250915, 0.0137495016679, 0.0128168640658, 0.00864001829177, 0.0129800625145, 0.0204068608582, 0.0175512302667, 0.0293002799153, 0.00902335345745, 0.00670125568286, 0.00747562479228, 0.00573376379907, 0.00317184161395, 0.00308925379068, 0.00383625598624, 0.00248637190089, 0.00237100641243, 0.00126851466484, 0.001380630536, 0.00112319400068, 0.000761253526434, 0.000474231754197, 0.000401991361286, 0.000334692274919, 0.000252910424024, 0.000285565853119, 0.000231581725529, 0.000154167748406, 8.37669358589e-05, 9.71488989308e-05, 0.000174485772732, 0.000205585107324, 0.000231661251746, 0.000192561725271, 0.000241014640778, 0.00026506849099, 0.000227681157412, 0.000167918711668, 0.000112551162601], "dvar2": [3.04817103824e-06, 8.43655379867e-06, 3.59003138328e-06, 1.82999690423e-06, 4.67785071123e-07, 5.26412520685e-07, 1.54038286837e-06, 2.39341420638e-06, 1.7855832084e-06, 2.91891240067e-07, 1.42725596675e-07, 8.10967435427e-08, 7.94859573716e-08, 2.9928372669e-08, 3.60907677077e-08, 3.25812550273e-08, 1.67319029742e-08, 1.43270604269e-08, 5.87390092122e-09, 4.35392832898e-09, 1.80068504552e-09, 9.33887189802e-10, 5.67927316286e-10, 4.7971338013e-10, 3.71495861851e-10, 2.22269966321e-10, 1.48378295761e-10, 9.84107725865e-11, 1.16760850988e-10, 5.89833251685e-11, 4.69026484318e-11, 7.01817076676e-11, 6.44721151466e-11, 6.34889293916e-11, 5.58220969449e-11, 6.67311483848e-11, 5.3893941393e-11, 4.88622857453e-11, 4.31429163228e-11, 3.13179031319e-11], "median": [0.000446504942374, 0.00077352905646, 0.000515513296705, 0.000366999127436, 0.00019730583881, 0.000126527549583, 0.000122575991554, 8.88016729732e-05, 5.07932927576e-05, 2.6168734621e-05, 2.67269988399e-05, 2.11779479287e-05, 1.63866279763e-05, 1.04784903669e-05, 9.66273728409e-06, 7.3534074545e-06, 8.62157867232e-06, 8.19486467663e-06, 7.58592705097e-06, 6.83238795318e-06, 8.56865153764e-06, 8.5306701294e-06, 7.1933950494e-06, 6.58455337543e-06, 7.09387313691e-06, 5.53764994038e-06, 5.47654371985e-06, 5.07378399561e-06, 3.59784166903e-06, 2.8229385407e-06, 2.78001471088e-06, 2.31816079577e-06, 1.97367080546e-06, 1.58875639045e-06, 1.43158888477e-06, 1.37037602599e-06, 1.27737848743e-06, 1.30459966385e-06, 1.27963880914e-06, 1.04042499061e-06], "dmean2": [0.000754431297537, 0.00121790950652, 0.000896060781088, 0.000668615335599, 0.00036690273555, 0.000329675822286, 0.000515989435371, 0.000624507723842, 0.000442574790213, 0.000148468272528, 0.000118349089462, 9.95137233986e-05, 7.77528839535e-05, 4.97187029396e-05, 5.52146484551e-05, 4.77870380564e-05, 3.98738375225e-05, 3.85338971682e-05, 2.6436535336e-05, 2.1535286578e-05, 1.74352189788e-05, 1.37051920319e-05, 1.1521480701e-05, 1.09153816084e-05, 1.06214747575e-05, 7.84871735959e-06, 7.00592727298e-06, 6.14379314356e-06, 5.46596993445e-06, 4.09071117247e-06, 3.78472350349e-06, 3.8201519601e-06, 3.2172806641e-06, 2.80075869341e-06, 2.6184793569e-06, 2.57318538388e-06, 2.43265844801e-06, 2.286943527e-06, 2.34280923905e-06, 2.21132108891e-06], "dmean": [0.000473513326142, 0.000730065512471, 0.000537438259926, 0.000402872421546, 0.000228766657528, 0.00020620401483, 0.000331486342475, 0.000399053067667, 0.000277050567092, 9.12278628675e-05, 7.50462713768e-05, 6.26234686933e-05, 4.8698286264e-05, 3.14719763992e-05, 3.50398877345e-05, 3.10586656269e-05, 2.51422297879e-05, 2.46629151661e-05, 1.68874666997e-05, 1.3701059288e-05, 1.10665769171e-05, 8.77703860169e-06, 7.26378129912e-06, 6.89416401656e-06, 6.58561475575e-06, 4.95410176882e-06, 4.57239912066e-06, 3.93721029468e-06, 3.51098174178e-06, 2.64831419372e-06, 2.463752935e-06, 2.56333373727e-06, 2.26474685405e-06, 1.96169412447e-06, 1.79863388894e-06, 1.74311219325e-06, 1.69345889844e-06, 1.55836335125e-06, 1.58636805736e-06, 1.49475181388e-06], "var": [2.75363640867e-06, 3.85472503694e-06, 1.67868461176e-06, 8.39673873543e-07, 3.37570639886e-07, 3.88360263059e-07, 1.17864431104e-06, 1.86655017842e-06, 1.06525169485e-06, 1.4238717938e-07, 8.52376089711e-08, 8.19897394422e-08, 4.58738824705e-08, 2.32437340486e-08, 2.57439527473e-08, 2.28136709524e-08, 1.19193384052e-08, 1.31187221086e-08, 4.46631087669e-09, 3.18999004989e-09, 1.71789016346e-09, 1.00402353098e-09, 4.44248776654e-10, 3.96310706474e-10, 3.53380630314e-10, 1.90417473456e-10, 1.55450805006e-10, 1.26850488447e-10, 9.97838825456e-11, 5.99097577103e-11, 5.0991696976e-11, 7.58826543268e-11, 7.15175557664e-11, 6.62801827311e-11, 4.96813458428e-11, 5.07175100528e-11, 6.29769639215e-11, 4.94896554293e-11, 3.78656862809e-11, 2.66435276619e-11], "dvar": [1.27564862851e-06, 3.24476445712e-06, 1.38373593472e-06, 6.84946257934e-07, 1.91472949496e-07, 2.2690409196e-07, 7.1308573979e-07, 1.01328737401e-06, 7.72150144712e-07, 1.12311376199e-07, 5.76229659544e-08, 3.48517907867e-08, 3.13668273577e-08, 1.2326206722e-08, 1.5137912257e-08, 1.3636239693e-08, 6.79184708474e-09, 6.16463502467e-09, 2.52845278048e-09, 1.86191595475e-09, 7.87452048012e-10, 4.28813790032e-10, 2.33815633521e-10, 2.08381450983e-10, 1.55444268568e-10, 9.15578377003e-11, 6.83938461421e-11, 4.43651781978e-11, 4.82238138311e-11, 2.53038857229e-11, 2.20468955592e-11, 3.34177373273e-11, 3.28853819176e-11, 3.32687141724e-11, 2.72623694453e-11, 3.08866161813e-11, 2.97038678376e-11, 2.41475069107e-11, 1.97813258829e-11, 1.4322182329e-11], "mean": [0.00106841896195, 0.00130828283727, 0.000889686634764, 0.000670309353154, 0.000385603489121, 0.000320789637044, 0.000477887806483, 0.0005717574968, 0.000354818679625, 0.000124147205497, 0.000109811102448, 9.56279909587e-05, 7.25009376765e-05, 4.80179551232e-05, 5.0130616728e-05, 4.40732073912e-05, 3.71524693037e-05, 3.78011973226e-05, 2.5996389013e-05, 2.06531076401e-05, 1.9081569917e-05, 1.62994510902e-05, 1.28742840388e-05, 1.22329993246e-05, 1.27152461573e-05, 9.58856253419e-06, 9.25091990212e-06, 8.48962190503e-06, 6.94921936883e-06, 5.40880409972e-06, 5.07200275024e-06, 5.10460859005e-06, 4.40624580733e-06, 3.82041162084e-06, 3.40353699357e-06, 3.22923415297e-06, 3.07446111947e-06, 2.88806199933e-06, 2.91800552077e-06, 2.72923989542e-06]}, "spectral_entropy": {"min": 3.94896507263, "max": 9.01052093506, "dvar2": 0.0772671476007, "median": 7.8753824234, "dmean2": 0.239772588015, "dmean": 0.168117195368, "var": 0.242260918021, "dvar": 0.0414981171489, "mean": 7.79657936096}, "spectral_rolloff": {"min": 64.599609375, "max": 15999.1699219, "dvar2": 6493344.5, "median": 1184.32617188, "dmean2": 1521.57080078, "dmean": 919.46661377, "var": 7564143, "dvar": 3038220, "mean": 2230.51635742}, "barkbands": {"min": [2.01032945846e-09, 1.23767818216e-09, 3.35920041783e-10, 1.62332902676e-09, 1.45709511123e-09, 2.69853295265e-08, 5.19415337408e-08, 3.54993767715e-09, 3.65404506653e-09, 1.00186356988e-08, 2.11691930652e-09, 3.85749077125e-09, 1.89453253086e-09, 3.50096973634e-09, 8.82917206013e-09, 1.95422389382e-09, 1.25458254896e-09, 4.46620207484e-09, 1.06788056176e-09, 1.66447289285e-09, 1.60858226739e-09, 1.39415368139e-09, 1.99346672503e-09, 3.2273292927e-09, 4.64895544283e-09, 2.61901100806e-09, 1.43888756465e-09], "max": [0.00872450508177, 0.0645802095532, 0.0674425289035, 0.0336281917989, 0.0514138527215, 0.0547322705388, 0.111830867827, 0.151827782393, 0.0678301677108, 0.0528900176287, 0.036818832159, 0.0208012387156, 0.0365718863904, 0.0226328223944, 0.0171030182391, 0.0190122649074, 0.0161798913032, 0.00923098996282, 0.00552384136245, 0.00616104155779, 0.00398393534124, 0.00828586053103, 0.0109804393724, 0.0201696008444, 0.0100990151986, 0.00355575000867, 0.00137839780655], "dvar2": [2.98593050729e-07, 3.3999360312e-05, 7.15323112672e-05, 1.20582890304e-05, 3.0525476177e-05, 1.13818541649e-05, 4.50964362244e-05, 6.26929904683e-05, 1.43013658089e-05, 4.98577628605e-06, 4.13637781094e-06, 1.92694619727e-06, 3.80372716791e-06, 1.64790321833e-06, 1.33674632252e-06, 6.44188958177e-07, 2.51405765539e-07, 1.72748599425e-07, 1.24255493006e-07, 9.34747248493e-08, 6.08015469084e-08, 1.26089673813e-07, 1.74477861492e-07, 3.20058092029e-07, 2.63323073568e-07, 1.8839912741e-07, 1.8648492528e-08], "median": [3.10257892124e-05, 0.00187767914031, 0.00109859416261, 0.000684769067448, 0.00167965865694, 0.000670652138069, 0.000583335931879, 0.000273774989182, 0.000182461240911, 0.000160478331964, 0.000114450682304, 9.14729243959e-05, 7.23883713363e-05, 9.94968795567e-05, 0.000109572785732, 9.95267255348e-05, 0.000163251184858, 0.000130158776301, 0.000162442651344, 0.000170560335391, 0.000134432732011, 0.000111053042929, 9.07555731828e-05, 0.00011713537242, 0.000115180497232, 7.12171677151e-05, 1.60412328114e-05], "dmean2": [0.000180131857633, 0.00274525675923, 0.00307325529866, 0.00174735859036, 0.00282725971192, 0.00165508710779, 0.00291767064482, 0.00295697897673, 0.00110639410559, 0.000778284622356, 0.000612581847236, 0.000433424429502, 0.000519925088156, 0.000436464702943, 0.000405721366405, 0.00027092685923, 0.00024858978577, 0.000202290349989, 0.000207928620512, 0.000185718788998, 0.000146873062477, 0.000156399561092, 0.000144458826981, 0.000182289222721, 0.000219707828364, 0.000190630977158, 5.98037768214e-05], "dmean": [0.000114011039841, 0.00171192642301, 0.00181134347804, 0.00104028300848, 0.00172060052864, 0.0010297090048, 0.00186149473302, 0.00188124808483, 0.000679463671986, 0.000500538269989, 0.000375326810172, 0.000274200749118, 0.000336980330758, 0.000275382248219, 0.000258667656453, 0.000172034255229, 0.000158265480422, 0.000129411637317, 0.0001324248733, 0.000123891615658, 9.81202028925e-05, 0.000111927147373, 0.000102651734778, 0.000128763553221, 0.000154120541993, 0.000135823749588, 4.32500673924e-05], "var": [1.61642219609e-07, 3.01956715703e-05, 2.59393455053e-05, 6.3291281549e-06, 1.48434346556e-05, 8.47003229865e-06, 3.29386894009e-05, 4.67831814603e-05, 7.1606673373e-06, 4.72459123557e-06, 2.6272471132e-06, 1.64279867931e-06, 2.7944302019e-06, 1.36395601658e-06, 1.03549245978e-06, 4.71477932251e-07, 2.97799545024e-07, 1.47133661699e-07, 1.4359109457e-07, 1.35416271974e-07, 8.44196250682e-08, 1.66311792782e-07, 1.82434760632e-07, 3.57116050509e-07, 2.59623618604e-07, 1.58600826694e-07, 2.03104253416e-08], "dvar": [1.25364124415e-07, 1.40928095789e-05, 2.69543215836e-05, 4.58385466118e-06, 1.15053435366e-05, 4.82970608573e-06, 2.00699014385e-05, 2.75776510534e-05, 5.53248537472e-06, 2.15062345887e-06, 1.63711058576e-06, 8.18522039481e-07, 1.59002740929e-06, 6.93389495154e-07, 5.61099398055e-07, 2.61970257043e-07, 1.18658512349e-07, 7.37839513931e-08, 5.5373188701e-08, 4.47435262174e-08, 2.84758474578e-08, 6.66736994503e-08, 9.07501487291e-08, 1.66322863038e-07, 1.24734555129e-07, 8.76405295003e-08, 9.86369297351e-09], "mean": [0.000166320372955, 0.00378653826192, 0.00267860502936, 0.00158094952349, 0.0029210918583, 0.00162559270393, 0.00259756925516, 0.0024981549941, 0.000905677268747, 0.000755098706577, 0.000540037231985, 0.000412763620261, 0.000478453177493, 0.000409677246353, 0.000396563002141, 0.00027114074328, 0.00029834851739, 0.000238154636463, 0.000276285834843, 0.000286370690446, 0.000233410668443, 0.000238497799728, 0.000207407036214, 0.000255528546404, 0.000298895087326, 0.000233935730648, 7.318903954e-05]}, "melbands_flatness_db": {"min": 0.0122189288959, "max": 0.630632936954, "dvar2": 0.00145344005432, "median": 0.171944394708, "dmean2": 0.0366469733417, "dmean": 0.0244373083115, "var": 0.00457596965134, "dvar": 0.000709226645995, "mean": 0.180828765035}, "melbands_skewness": {"min": -7.74686670303, "max": 20.9175605774, "dvar2": 2.43529415131, "median": 2.97207331657, "dmean2": 1.30364871025, "dmean": 0.861731290817, "var": 4.39531087875, "dvar": 1.10864984989, "mean": 3.35432076454}, "barkbands_skewness": {"min": -7.69144248962, "max": 23.1725387573, "dvar2": 1.48252153397, "median": 1.63228452206, "dmean2": 0.89709854126, "dmean": 0.597239911556, "var": 2.77524137497, "dvar": 0.696824669838, "mean": 1.85141694546}, "silence_rate_60dB": {"min": 0, "max": 1, "dvar2": 0.0634431540966, "median": 0, "dmean2": 0.0608469247818, "dmean": 0.0304192937911, "var": 0.0689757466316, "dvar": 0.0294973608106, "mean": 0.0745307579637}, "spectral_energyband_low": {"min": 1.40074831734e-08, "max": 0.0889955237508, "dvar2": 0.000154007924721, "median": 0.00481124967337, "dmean2": 0.00555119896308, "dmean": 0.00341601599939, "var": 9.90913322312e-05, "dvar": 6.18396297796e-05, "mean": 0.007479025051}, "spectral_energyband_middle_low": {"min": 4.94924108807e-07, "max": 0.152855873108, "dvar2": 0.000192640975001, "median": 0.0084379427135, "dmean2": 0.0088433213532, "dmean": 0.00568358227611, "var": 0.000168730432051, "dvar": 8.3292616182e-05, "mean": 0.0123990755528}, "melbands_kurtosis": {"min": -1.86275935173, "max": 839.421203613, "dvar2": 1447.3671875, "median": 12.2182703018, "dmean2": 16.3608722687, "dmean": 10.5393295288, "var": 1522.65283203, "dvar": 612.265991211, "mean": 22.4556503296}, "spectral_decrease": {"min": -4.11067162531e-08, "max": 8.37172900447e-11, "dvar2": 2.26092284212e-17, "median": -4.61850557798e-09, "dmean2": 3.19634119172e-09, "dmean": 2.07535277852e-09, "var": 2.37133077438e-17, "dvar": 9.89876864721e-18, "mean": -5.89187587607e-09}, "erbbands_kurtosis": {"min": -1.85829985142, "max": 188.353637695, "dvar2": 58.9542007446, "median": -0.477051973343, "dmean2": 2.3276488781, "dmean": 1.48067545891, "var": 45.5119667053, "dvar": 23.6117515564, "mean": 1.02191460133}, "melbands_crest": {"min": 2.51597690582, "max": 35.3175621033, "dvar2": 22.2048206329, "median": 13.3901891708, "dmean2": 5.1559047699, "dmean": 3.16012787819, "var": 25.2928352356, "dvar": 8.84767818451, "mean": 14.1185798645}, "gfcc": {"cov": [[6812.4296875, -237.375793457, 47.1045761108, 59.9393615723, 252.794296265, 444.952392578, 220.399368286, 187.173980713, 14.4681472778, 35.2308082581, -184.162811279, -67.4133758545, -204.784713745], [-237.375793457, 1372.60949707, -49.8052597046, 304.259002686, 213.799743652, 9.8423538208, 97.696182251, 10.411690712, 34.2189865112, -18.2587604523, 56.5330276489, -50.7698287964, 16.9438896179], [47.1045761108, -49.8052597046, 862.875793457, 405.190216064, 274.26361084, 166.697998047, 34.3398933411, 26.9621944427, -34.3519668579, -12.9048948288, -39.5711135864, 25.6758594513, 5.92917346954], [59.9393615723, 304.259002686, 405.190216064, 770.586486816, 291.574737549, 179.8931427, 57.0005722046, 25.3484325409, -3.54368138313, -64.0710296631, -40.5688285828, 0.667901873589, 43.4468917847], [252.794296265, 213.799743652, 274.26361084, 291.574737549, 388.800048828, 169.572616577, 92.0949172974, 45.450466156, -16.6442565918, -9.91178226471, -42.1979980469, -10.1082248688, 4.28901815414], [444.952392578, 9.8423538208, 166.697998047, 179.8931427, 169.572616577, 341.291992188, 146.821166992, 33.7054443359, -32.6120300293, -13.8167152405, -19.8763046265, -21.2740459442, -22.4512252808], [220.399368286, 97.696182251, 34.3398933411, 57.0005722046, 92.0949172974, 146.821166992, 186.422286987, 60.0227546692, 13.5705928802, 8.02353572845, 3.84720349312, 4.59864091873, -13.5867319107], [187.173980713, 10.411690712, 26.9621944427, 25.3484325409, 45.450466156, 33.7054443359, 60.0227546692, 121.23273468, 64.5961151123, 22.5069694519, -8.14699649811, 4.6561164856, 5.2450633049], [14.4681472778, 34.2189865112, -34.3519668579, -3.54368138313, -16.6442565918, -32.6120300293, 13.5705928802, 64.5961151123, 133.790802002, 52.9426841736, 23.1658725739, 2.05844545364, 12.7162065506], [35.2308082581, -18.2587604523, -12.9048948288, -64.0710296631, -9.91178226471, -13.8167152405, 8.02353572845, 22.5069694519, 52.9426841736, 106.32585144, 54.5057792664, 14.222826004, -10.0404205322], [-184.162811279, 56.5330276489, -39.5711135864, -40.5688285828, -42.1979980469, -19.8763046265, 3.84720349312, -8.14699649811, 23.1658725739, 54.5057792664, 112.874549866, 43.5077857971, 10.823797226], [-67.4133758545, -50.7698287964, 25.6758594513, 0.667901873589, -10.1082248688, -21.2740459442, 4.59864091873, 4.6561164856, 2.05844545364, 14.222826004, 43.5077857971, 90.6794204712, 42.6487960815], [-204.784713745, 16.9438896179, 5.92917346954, 43.4468917847, 4.28901815414, -22.4512252808, -13.5867319107, 5.2450633049, 12.7162065506, -10.0404205322, 10.823797226, 42.6487960815, 85.5991363525]], "icov": [[0.000192793624592, -2.53597704614e-06, 7.97132379375e-05, -8.03298974006e-07, -3.58453326044e-05, -0.000269376672804, 0.000104232698504, -0.000205227406695, -3.82031685149e-05, -0.000167061079992, 0.000449200219009, -0.000383800739655, 0.000537388201337], [-2.53597704614e-06, 0.00115868030116, 0.000287064438453, -0.000451260508271, -0.000786166929174, 0.000816036539618, -0.000908935500775, 0.000249736156547, -0.000123036632431, 0.000641340564471, -0.00159739109222, 0.00157225946896, -0.000420281750849], [7.97132379375e-05, 0.000287064438453, 0.00194874312729, -0.000814661209006, -0.000892738229595, -0.000370033551008, 0.000547825242393, -0.000301263469737, 0.000356105068931, -0.000528626085725, 0.000444745295681, -0.00104671635199, 0.000815850682557], [-8.03298974006e-07, -0.000451260508271, -0.000814661209006, 0.00256929569878, -0.000895300821867, -0.000904065149371, 0.000616018427536, 0.000314766890369, -0.0011122666765, 0.00155979138799, 1.95651009562e-05, -0.000252057332546, -0.000802715949249], [-3.58453326044e-05, -0.000786166929174, -0.000892738229595, -0.000895300821867, 0.00537425838411, -0.00123585329857, -0.000549948250409, -0.0010212654015, 0.00133022433147, -0.00204557878897, 0.0023564058356, -0.000387807638617, -0.00057430868037], [-0.000269376672804, 0.000816036539618, -0.000370033551008, -0.000904065149371, -0.00123585329857, 0.00680973986164, -0.00488143088296, 0.00033895226079, 0.00180316821206, 0.000365974119632, -0.00215520942584, 0.00343181658536, -0.000931333866902], [0.000104232698504, -0.000908935500775, 0.000547825242393, 0.000616018427536, -0.000549948250409, -0.00488143088296, 0.0111543620005, -0.00406943773851, -0.000461161602288, 0.000372756301658, 0.000364400708349, -0.00366481626406, 0.0027378431987], [-0.000205227406695, 0.000249736156547, -0.000301263469737, 0.000314766890369, -0.0010212654015, 0.00033895226079, -0.00406943773851, 0.0150141399354, -0.00722252624109, -0.000323631073115, 0.00262374035083, -0.0011929909233, -0.000807533273473], [-3.82031685149e-05, -0.000123036632431, 0.000356105068931, -0.0011122666765, 0.00133022433147, 0.00180316821206, -0.000461161602288, -0.00722252624109, 0.01460722927, -0.00626516342163, -0.000938184093684, 0.00339586590417, -0.00322969350964], [-0.000167061079992, 0.000641340564471, -0.000528626085725, 0.00155979138799, -0.00204557878897, 0.000365974119632, 0.000372756301658, -0.000323631073115, -0.00626516342163, 0.0182732921094, -0.00892414990813, 0.000368644017726, 0.00301465159282], [0.000449200219009, -0.00159739109222, 0.000444745295681, 1.95651009562e-05, 0.0023564058356, -0.00215520942584, 0.000364400708349, 0.00262374035083, -0.000938184093684, -0.00892414990813, 0.0193744562566, -0.00998296868056, 0.0021804922726], [-0.000383800739655, 0.00157225946896, -0.00104671635199, -0.000252057332546, -0.000387807638617, 0.00343181658536, -0.00366481626406, -0.0011929909233, 0.00339586590417, 0.000368644017726, -0.00998296868056, 0.0228544343263, -0.0112039083615], [0.000537388201337, -0.000420281750849, 0.000815850682557, -0.000802715949249, -0.00057430868037, -0.000931333866902, 0.0027378431987, -0.000807533273473, -0.00322969350964, 0.00301465159282, 0.0021804922726, -0.0112039083615, 0.0198105461895]], "mean": [17.3602466583, 45.0194892883, -87.4288024902, 24.4121322632, -57.8171691895, 3.29825806618, -39.1057243347, 10.0467863083, -25.6542377472, 5.64495563507, -17.7885246277, 1.47863519192, -12.8566646576]}, "melbands_spread": {"min": 0.296732217073, "max": 240.116195679, "dvar2": 476.553375244, "median": 19.475561142, "dmean2": 12.867518425, "dmean": 8.40182876587, "var": 577.319641113, "dvar": 225.582092285, "mean": 25.4050731659}, "spectral_energy": {"min": 6.17736930053e-07, "max": 0.165356069803, "dvar2": 0.000344727945048, "median": 0.0193946287036, "dmean2": 0.0125958649442, "dmean": 0.00831165071577, "var": 0.000396728137275, "dvar": 0.000154689783813, "mean": 0.0246642008424}, "mfcc": {"cov": [[6941.39306641, -30.593547821, -188.394424438, -140.600830078, 40.4770965576, 230.126373291, 167.210968018, 220.156219482, 180.365036011, 131.657470703, 195.185821533, 31.1293411255, -57.1491584778], [-30.593547821, 963.969848633, -104.480911255, 131.366500854, 70.1110305786, 34.3747558594, 81.7779922485, 8.67104434967, 5.09654331207, 37.6058921814, 48.8450927734, 7.30915212631, -19.1055545807], [-188.394424438, -104.480911255, 593.67010498, 246.070251465, 212.182647705, 162.050613403, 98.479675293, 77.0382232666, 38.3687019348, -1.97829389572, -29.019033432, 3.82051134109, 8.9446105957], [-140.600830078, 131.366500854, 246.070251465, 550.799682617, 278.801940918, 136.241424561, 68.1218948364, 84.0689163208, 75.3087539673, 1.69084584713, -51.0639190674, 4.54660987854, 21.1323204041], [40.4770965576, 70.1110305786, 212.182647705, 278.801940918, 337.59753418, 159.432922363, 102.494186401, 69.7432098389, 74.5366516113, 24.4244861603, -17.5954837799, -12.2462234497, -14.1318788528], [230.126373291, 34.3747558594, 162.050613403, 136.241424561, 159.432922363, 271.988372803, 176.928695679, 96.8249435425, 45.4996871948, 28.8450946808, 20.6280555725, -7.6463432312, -25.7942905426], [167.210968018, 81.7779922485, 98.479675293, 68.1218948364, 102.494186401, 176.928695679, 221.246139526, 102.547599792, 38.9450836182, 13.3817968369, 29.4475345612, 2.95079112053, -17.1681022644], [220.156219482, 8.67104434967, 77.0382232666, 84.0689163208, 69.7432098389, 96.8249435425, 102.547599792, 150.273529053, 81.5682830811, 20.5739116669, 3.20609474182, 7.35260391235, 0.209348186851], [180.365036011, 5.09654331207, 38.3687019348, 75.3087539673, 74.5366516113, 45.4996871948, 38.9450836182, 81.5682830811, 137.348968506, 54.3372383118, 4.76010227203, -0.637557268143, 4.22653055191], [131.657470703, 37.6058921814, -1.97829389572, 1.69084584713, 24.4244861603, 28.8450946808, 13.3817968369, 20.5739116669, 54.3372383118, 105.569061279, 55.9257888794, 4.96916246414, -2.95375466347], [195.185821533, 48.8450927734, -29.019033432, -51.0639190674, -17.5954837799, 20.6280555725, 29.4475345612, 3.20609474182, 4.76010227203, 55.9257888794, 108.587928772, 37.0513191223, 6.23548984528], [31.1293411255, 7.30915212631, 3.82051134109, 4.54660987854, -12.2462234497, -7.6463432312, 2.95079112053, 7.35260391235, -0.637557268143, 4.96916246414, 37.0513191223, 88.0943984985, 47.5783996582], [-57.1491584778, -19.1055545807, 8.9446105957, 21.1323204041, -14.1318788528, -25.7942905426, -17.1681022644, 0.209348186851, 4.22653055191, -2.95375466347, 6.23548984528, 47.5783996582, 92.2668075562]], "icov": [[0.000168971120729, 2.08078690775e-05, 9.04808111954e-05, 6.13079100731e-05, -3.32231684297e-05, -0.000169109305716, 0.000126254148199, -0.000219509369344, -0.00014820965589, 0.00011041014659, -0.0003185676469, 6.30357999398e-06, 8.63820459927e-05], [2.08078690775e-05, 0.00127350795083, 0.000456358626252, -0.000571781594772, -0.000125176331494, 0.00043969633407, -0.000867395894602, 0.000257714622421, 0.000286810827674, -0.000391746812966, -0.000449402577942, -4.0339124098e-05, 0.000330570794176], [9.04808111954e-05, 0.000456358626252, 0.00262478529476, -0.000554101017769, -0.000922099337913, -0.000772800878622, -0.000113707057608, -0.000457505637314, 0.000525559065863, -7.97939137556e-05, 0.000235275074374, -0.000255871360423, -0.000264988542767], [6.13079100731e-05, -0.000571781594772, -0.000554101017769, 0.0038860028144, -0.00249499292113, -0.000787854834925, 0.00124638900161, -0.00100119924173, -0.000326624576701, 0.000332285824697, 0.00134961877484, -0.000531506491825, -0.0010764785111], [-3.32231684297e-05, -0.000125176331494, -0.000922099337913, -0.00249499292113, 0.00699386373162, -0.00178763840813, -0.000931967049837, 0.00166464026552, -0.00214201817289, -0.000407750572776, 0.000574466655962, 0.00013364161714, 0.000985922524706], [-0.000169109305716, 0.00043969633407, -0.000772800878622, -0.000787854834925, -0.00178763840813, 0.0103100696579, -0.00646080169827, -0.000952764879912, 0.00158182636369, -0.0020267565269, -0.000242977213929, 0.000612343894318, 0.00121348467655], [0.000126254148199, -0.000867395894602, -0.000113707057608, 0.00124638900161, -0.000931967049837, -0.00646080169827, 0.0127101447433, -0.00542963668704, 0.000381127232686, 0.00305927358568, -0.00323603558354, 0.000424600410042, 0.0001327310747], [-0.000219509369344, 0.000257714622421, -0.000457505637314, -0.00100119924173, 0.00166464026552, -0.000952764879912, -0.00542963668704, 0.0153989596292, -0.00769340386614, 0.000966589548625, 0.00158202066086, -0.0017801374197, 0.000328829715727], [-0.00014820965589, 0.000286810827674, 0.000525559065863, -0.000326624576701, -0.00214201817289, 0.00158182636369, 0.000381127232686, -0.00769340386614, 0.0157587025315, -0.00815783813596, 0.00302582164295, 0.000456980313174, -0.00122920202557], [0.00011041014659, -0.000391746812966, -7.97939137556e-05, 0.000332285824697, -0.000407750572776, -0.0020267565269, 0.00305927358568, 0.000966589548625, -0.00815783813596, 0.0195140037686, -0.0111770499498, 0.00309815257788, 1.30465559778e-05], [-0.0003185676469, -0.000449402577942, 0.000235275074374, 0.00134961877484, 0.000574466655962, -0.000242977213929, -0.00323603558354, 0.00158202066086, 0.00302582164295, -0.0111770499498, 0.0200527068228, -0.00834927055985, 0.00124583928846], [6.30357999398e-06, -4.0339124098e-05, -0.000255871360423, -0.000531506491825, 0.00013364161714, 0.000612343894318, 0.000424600410042, -0.0017801374197, 0.000456980313174, 0.00309815257788, -0.00834927055985, 0.0199102275074, -0.00920763611794], [8.63820459927e-05, 0.000330570794176, -0.000264988542767, -0.0010764785111, 0.000985922524706, 0.00121348467655, 0.0001327310747, 0.000328829715727, -0.00122920202557, 1.30465559778e-05, 0.00124583928846, -0.00920763611794, 0.0164670795202]], "mean": [-640.50994873, 90.1804428101, 17.5192604065, 23.5605220795, 3.41063094139, -3.35723686218, -1.63506269455, -2.26651000977, -1.12889933586, -0.47047868371, -1.32843995094, -0.934535801411, -0.372327595949]}, "spectral_contrast_valleys": {"min": [-13.5945768356, -11.9424247742, -12.2645778656, -12.5831365585, -12.7993383408, -14.3784999847], "max": [-5.32067775726, -4.51233243942, -5.10851716995, -5.43577003479, -5.75408315659, -7.05407619476], "dvar2": [0.32158151269, 0.308434426785, 0.269930541515, 0.212947010994, 0.145600557327, 0.216970145702], "median": [-7.09784030914, -6.84376907349, -7.61210441589, -7.87770080566, -7.29043340683, -9.38273620605], "dmean2": [0.640375196934, 0.621487796307, 0.553750693798, 0.475095868111, 0.345908522606, 0.359428673983], "dmean": [0.405019462109, 0.396379798651, 0.366564661264, 0.324955612421, 0.24923619628, 0.289183199406], "var": [1.75620818138, 0.90204834938, 0.972546219826, 0.889993786812, 0.781766593456, 0.953775584698], "dvar": [0.151447698474, 0.14565217495, 0.136060774326, 0.11999168992, 0.0901855155826, 0.138581722975], "mean": [-7.52663135529, -6.94426679611, -7.70629262924, -8.00990390778, -7.47605228424, -9.54179477692]}, "barkbands_flatness_db": {"min": 0.0193877443671, "max": 0.5759293437, "dvar2": 0.000974139489699, "median": 0.099243350327, "dmean2": 0.0300818514079, "dmean": 0.0199322309345, "var": 0.0032285049092, "dvar": 0.000468739919597, "mean": 0.110929146409}, "dynamic_complexity": 3.39170098305, "erbbands_flatness_db": {"min": 0.031030504033, "max": 0.493383914232, "dvar2": 0.000741152616683, "median": 0.106820657849, "dmean2": 0.0257209707052, "dmean": 0.0179064124823, "var": 0.00280423392542, "dvar": 0.000384220125852, "mean": 0.118265993893}, "