{"lowlevel": {"spectral_complexity": {"min": 0, "max": 63, "dvar2": 44.5344467163, "median": 18, "dmean2": 5.92898273468, "dmean": 4.14159297943, "var": 151.689041138, "dvar": 25.8728618622, "mean": 18.3784656525}, "silence_rate_20dB": {"min": 1, "max": 1, "dvar2": 0, "median": 1, "dmean2": 0, "dmean": 0, "var": 0, "dvar": 0, "mean": 1}, "average_loudness": 0.760993123055, "erbbands_spread": {"min": 2.23899698257, "max": 180.453598022, "dvar2": 178.375350952, "median": 30.3464241028, "dmean2": 11.3691196442, "dmean": 7.37101650238, "var": 239.667663574, "dvar": 75.0837020874, "mean": 32.467918396}, "spectral_kurtosis": {"min": -1.32743918896, "max": 53.3938484192, "dvar2": 11.8549766541, "median": 3.82672572136, "dmean2": 2.68104362488, "dmean": 1.60595154762, "var": 9.68893909454, "dvar": 4.5900888443, "mean": 4.43267822266}, "barkbands_kurtosis": {"min": -1.92077744007, "max": 120.852722168, "dvar2": 68.4432983398, "median": 0.00688982009888, "dmean2": 3.56055688858, "dmean": 2.18150258064, "var": 51.0929489136, "dvar": 28.1749858856, "mean": 1.8409075737}, "spectral_strongpeak": {"min": 0, "max": 16.5048675537, "dvar2": 2.45913720131, "median": 0.357189655304, "dmean2": 0.936603605747, "dmean": 0.546994507313, "var": 1.53012478352, "dvar": 0.921893000603, "mean": 0.809922754765}, "spectral_spread": {"min": 1271368.5, "max": 50698524, "dvar2": 1465387450370.0, "median": 3688851.5, "dmean2": 686669.75, "dmean": 464952.84375, "var": 11509172273200.0, "dvar": 728224628736, "mean": 4226791.5}, "spectral_rms": {"min": 3.13614455585e-12, "max": 0.0127761522308, "dvar2": 2.00956560548e-06, "median": 0.00300152832642, "dmean2": 0.00113348127343, "dmean": 0.000823056849185, "var": 5.46377759747e-06, "dvar": 1.36475875934e-06, "mean": 0.00351321417838}, "erbbands": {"min": [5.27832227492e-23, 3.06319031388e-22, 2.29774295178e-21, 5.3933609772e-21, 1.10579507614e-20, 2.10706457278e-20, 5.91438338502e-20, 9.68095418169e-20, 4.91821171203e-20, 1.64134308248e-19, 3.24776751087e-19, 4.35455740095e-19, 4.21978150332e-19, 7.43252954748e-19, 8.75109731991e-19, 1.50380360027e-18, 1.47264877308e-18, 1.94409653749e-18, 2.50350555087e-18, 2.67193255168e-18, 3.42483461998e-18, 4.30606280016e-18, 6.78206376849e-18, 7.04878898419e-18, 7.02764872927e-18, 8.60536174446e-18, 1.08307919209e-17, 1.09887238609e-17, 9.74411151526e-18, 9.87433373191e-18, 1.13334778509e-17, 1.04737261746e-17, 8.91826100913e-18, 7.45956687638e-18, 6.74874948291e-18, 4.28984220194e-18, 2.18469897586e-18, 1.01126790012e-18, 2.61811917956e-19, 2.74602249877e-20], "max": [0.893938958645, 10.0478620529, 85.951751709, 117.883361816, 114.716766357, 128.37286377, 151.533584595, 125.915046692, 265.335235596, 756.009521484, 979.309692383, 686.108398438, 880.015380859, 2119.25952148, 2743.64794922, 2157.5, 2925.89819336, 2723.20678711, 2755.93920898, 1767.71374512, 1376.10876465, 1398.62207031, 931.181091309, 370.625335693, 531.808166504, 210.119659424, 192.452484131, 157.972061157, 179.256973267, 188.472595215, 72.5631256104, 39.3735733032, 61.7949714661, 74.94140625, 98.328666687, 25.1156578064, 1.90716791153, 0.287992149591, 0.0176690258086, 0.000637047109194], "dvar2": [0.034426484257, 4.04366493225, 161.36680603, 223.582351685, 259.282531738, 257.007263184, 146.751235962, 107.456100464, 276.633850098, 1446.38171387, 3664.765625, 2189.88183594, 3870.28881836, 7114.57617188, 9268.30175781, 11425.6376953, 13272.6777344, 12259.5019531, 12556.7578125, 6697.07421875, 5181.58789062, 2137.83251953, 848.374267578, 600.261169434, 310.212341309, 143.170440674, 112.07749176, 82.1565856934, 79.8147964478, 53.8060874939, 15.8347730637, 7.70482635498, 7.07000589371, 4.86612510681, 3.14961647987, 0.0996708869934, 0.00204616598785, 6.03794615017e-05, 3.44972278299e-07, 1.23283305786e-09], "median": [0.00400222372264, 0.0823289006948, 0.379033088684, 0.512743651867, 0.785185098648, 1.28165507317, 2.17647600174, 3.18358230591, 4.45558214188, 7.28337335587, 7.16711425781, 6.69420719147, 7.60188817978, 8.84117126465, 9.21485519409, 11.6519441605, 10.5727081299, 11.6711845398, 12.1449565887, 9.79072952271, 9.46773529053, 7.31398487091, 7.52581357956, 6.98861932755, 5.42641448975, 4.22312736511, 3.30008625984, 2.23526597023, 1.64667749405, 1.15147328377, 0.612124621868, 0.336867213249, 0.180932343006, 0.0798677951097, 0.0393274389207, 0.00997218862176, 0.00271110166796, 0.000797664630227, 8.08502009022e-05, 1.88277954294e-05], "dmean2": [0.0703563913703, 0.924461960793, 5.1294965744, 5.32705450058, 5.49310684204, 6.87267589569, 6.41606044769, 5.82651281357, 8.85525512695, 18.0386791229, 21.5577201843, 18.5621509552, 25.5309143066, 30.2993469238, 27.9820632935, 36.4394340515, 34.54454422, 37.5135574341, 41.5002593994, 30.9430351257, 24.9817333221, 17.0322113037, 14.5579967499, 13.4663801193, 8.62222862244, 6.97893285751, 5.55815029144, 4.5411400795, 4.15172529221, 2.33843898773, 1.25788080692, 0.87378269434, 0.69700473547, 0.449666112661, 0.232185572386, 0.0511835329235, 0.0115494579077, 0.00248378049582, 0.000189831174794, 1.98644702323e-05], "dmean": [0.0401961095631, 0.557575166225, 3.36412978172, 3.48222064972, 3.12418889999, 4.06287622452, 3.84274220467, 3.62365674973, 5.62926673889, 11.6412305832, 14.0057573318, 11.8339796066, 16.216588974, 19.5891151428, 18.0799236298, 23.1692428589, 21.7805595398, 24.1665763855, 26.8403606415, 20.1945114136, 16.4812488556, 10.8764390945, 9.28526306152, 8.41889762878, 5.50643110275, 4.43777704239, 3.62544178963, 2.95415472984, 2.60908961296, 1.53906369209, 0.848851442337, 0.587071120739, 0.486464321613, 0.326767474413, 0.161235779524, 0.037176951766, 0.00779065489769, 0.00180114887189, 0.00014737645688, 1.44832474689e-05], "var": [0.0139477094635, 1.53577828407, 105.674850464, 141.902786255, 78.0951919556, 116.662658691, 70.6365661621, 78.6095428467, 200.796508789, 1430.23791504, 3429.54492188, 1476.1159668, 2837.76147461, 6359.49365234, 5572.37939453, 8461.68847656, 7753.67236328, 9620.79394531, 11890.8212891, 7173.82666016, 4635.85839844, 1895.41943359, 785.050720215, 519.442138672, 259.340576172, 189.460617065, 166.263336182, 135.382888794, 118.812355042, 73.6287765503, 23.6744232178, 10.0814094543, 10.9707126617, 8.39141368866, 5.42379808426, 0.283255010843, 0.00258830422536, 9.35300122364e-05, 4.62695851411e-07, 2.01345917716e-09], "dvar": [0.0119465813041, 1.54973006248, 82.7233963013, 110.619987488, 91.1781005859, 98.5015487671, 56.1304969788, 43.4727325439, 114.802101135, 642.572631836, 1592.63806152, 886.255859375, 1596.02062988, 3054.32104492, 3611.50732422, 4741.06982422, 5083.89257812, 5324.32373047, 5321.62792969, 2948.04077148, 2265.11303711, 978.759460449, 376.243041992, 249.503463745, 127.888114929, 61.3007125854, 49.7592926025, 34.8673095703, 33.362651825, 23.1420383453, 7.15023994446, 3.58868336678, 3.82348656654, 2.83994603157, 1.72780692577, 0.0764498487115, 0.00110581109766, 3.7850732042e-05, 2.03187980219e-07, 7.50343343014e-10], "mean": [0.0433869808912, 0.57560390234, 3.61345458031, 4.06021785736, 3.43616318703, 5.00470066071, 5.14086580276, 5.97264051437, 9.05185604095, 18.5143013, 22.0730495453, 18.0052471161, 24.3914031982, 29.9877529144, 28.5199222565, 34.2215499878, 34.2124900818, 38.1975440979, 42.987033844, 34.2355155945, 28.0867328644, 18.6101608276, 16.2968673706, 14.7377099991, 10.4848546982, 9.02802276611, 7.61161565781, 6.06269884109, 5.13331985474, 3.4650042057, 1.82913613319, 1.18050694466, 0.895023822784, 0.570564091206, 0.277797281742, 0.0662529319525, 0.0127715151757, 0.00330439512618, 0.000261029665126, 3.3533484384e-05]}, "zerocrossingrate": {"min": 0, "max": 0.52294921875, "dvar2": 0.000344264874002, "median": 0.06396484375, "dmean2": 0.0142472637817, "dmean": 0.01185062062, "var": 0.00314136268571, "dvar": 0.000288039213046, "mean": 0.0748511180282}, "spectral_contrast_coeffs": {"min": [-0.977818250656, -0.978363215923, -0.978250443935, -0.968739151955, -0.966016352177, -0.964357554913], "max": [-0.349558353424, -0.384803563356, -0.482833117247, -0.501562476158, -0.605654776096, -0.580842494965], "dvar2": [0.00477108545601, 0.0035743014887, 0.00247656274587, 0.00183635740541, 0.000969478278421, 0.000790891295765], "median": [-0.673153102398, -0.77899479866, -0.793236136436, -0.79077899456, -0.801767706871, -0.737188458443], "dmean2": [0.0868394225836, 0.0736641362309, 0.062194250524, 0.0527349561453, 0.0362702421844, 0.0301352776587], "dmean": [0.0531433708966, 0.0452836900949, 0.0385977998376, 0.0330443531275, 0.0231502987444, 0.0193731542677], "var": [0.00772086251527, 0.00547888223082, 0.00452013593167, 0.00397896068171, 0.00224071927369, 0.00236194883473], "dvar": [0.00193757889792, 0.00139088416472, 0.0010029010009, 0.00078472023597, 0.000424863945227, 0.000370233086869], "mean": [-0.668675482273, -0.770564079285, -0.786023676395, -0.78421318531, -0.799451828003, -0.745521843433]}, "dissonance": {"min": 0.224092125893, "max": 0.500000119209, "dvar2": 0.000692053872626, "median": 0.480978667736, "dmean2": 0.0253560375422, "dmean": 0.0150679750368, "var": 0.000508909462951, "dvar": 0.000261634180788, "mean": 0.47491940856}, "spectral_energyband_high": {"min": 7.11650299726e-21, "max": 0.0152377197519, "dvar2": 4.7734704367e-07, "median": 0.00023400990176, "dmean2": 0.000332165393047, "dmean": 0.000232049074839, "var": 1.26308157178e-06, "dvar": 2.55886504874e-07, "mean": 0.000589415896684}, "spectral_skewness": {"min": -0.482957422733, "max": 5.26730203629, "dvar2": 0.162872850895, "median": 1.37393760681, "dmean2": 0.361439973116, "dmean": 0.227766081691, "var": 0.233785390854, "dvar": 0.0687150284648, "mean": 1.42599868774}, "spectral_flux": {"min": 6.52747161878e-11, "max": 0.388862878084, "dvar2": 0.00262530730106, "median": 0.0589777454734, "dmean2": 0.0376981496811, "dmean": 0.0240353122354, "var": 0.00313402502798, "dvar": 0.00122754531913, "mean": 0.0744353756309}, "silence_rate_30dB": {"min": 0, "max": 1, "dvar2": 0.0537597872317, "median": 1, "dmean2": 0.0383877158165, "dmean": 0.0191918108612, "var": 0.010963912122, "dvar": 0.0188225843012, "mean": 0.988912582397}, "spectral_energyband_middle_high": {"min": 1.16315589149e-21, "max": 0.119347840548, "dvar2": 3.46626402461e-05, "median": 0.00286449724808, "dmean2": 0.00322497775778, "dmean": 0.00229669897817, "var": 8.5694999143e-05, "dvar": 1.83979936992e-05, "mean": 0.00603138143197}, "barkbands_spread": {"min": 0.738236784935, "max": 110.968955994, "dvar2": 121.65120697, "median": 23.2753696442, "dmean2": 9.64619636536, "dmean": 6.20814990997, "var": 166.987579346, "dvar": 54.0463066101, "mean": 24.9134979248}, "spectral_centroid": {"min": 151.644668579, "max": 11613.1455078, "dvar2": 311248.3125, "median": 1598.95788574, "dmean2": 461.378662109, "dmean": 299.552307129, "var": 1083335.375, "dvar": 141464.375, "mean": 1723.85717773}, "pitch_salience": {"min": 0.143419265747, "max": 0.894601285458, "dvar2": 0.0181455593556, "median": 0.606556534767, "dmean2": 0.146361604333, "dmean": 0.0891812294722, "var": 0.0138938529417, "dvar": 0.00690165814012, "mean": 0.592120110989}, "erbbands_skewness": {"min": -4.98471736908, "max": 4.02606153488, "dvar2": 0.290497392416, "median": 0.00873761810362, "dmean2": 0.557141065598, "dmean": 0.360560804605, "var": 0.412305265665, "dvar": 0.124546401203, "mean": 0.0163339581341}, "erbbands_crest": {"min": 2.12889671326, "max": 30.4730491638, "dvar2": 14.9003582001, "median": 6.5184803009, "dmean2": 3.96553468704, "dmean": 2.43730258942, "var": 16.1927146912, "dvar": 6.07829523087, "mean": 7.72070741653}, "melbands": {"min": [4.20039244177e-25, 1.63249331056e-24, 1.60538223201e-24, 1.38644197359e-24, 2.01835052146e-24, 1.93431099986e-24, 6.70103417966e-25, 1.8078067013e-24, 2.57072749337e-24, 2.11327119596e-24, 1.94230058311e-24, 3.06936371055e-24, 1.90421871734e-24, 2.43522840556e-24, 3.75233483039e-24, 2.08270244145e-24, 3.26454268965e-24, 4.02540613248e-24, 3.49553536219e-24, 2.50450636747e-24, 3.28860196118e-24, 3.43906909303e-24, 4.06092853904e-24, 5.19335296241e-24, 4.81711482557e-24, 4.23056361038e-24, 3.75581844015e-24, 4.52388536634e-24, 6.21461426246e-24, 5.98146287205e-24, 5.64209648835e-24, 4.63233678029e-24, 4.94362681552e-24, 4.32445067987e-24, 6.00034386339e-24, 6.13944607339e-24, 5.86031000866e-24, 5.30293126417e-24, 6.60130677846e-24, 5.44344198532e-24], "max": [0.009910505265, 0.0338731147349, 0.0185740478337, 0.00738351466134, 0.00511490693316, 0.00249489792623, 0.00356748071499, 0.00741655705497, 0.00673938915133, 0.00431847060099, 0.0044386042282, 0.00808233581483, 0.0115042990074, 0.00626560254022, 0.00724390521646, 0.00512968096882, 0.00529691902921, 0.00376841402613, 0.00358534161933, 0.00233971350826, 0.00193255650811, 0.00203462224454, 0.00152498297393, 0.000399766606279, 0.000362151011359, 0.000420623051468, 0.000288890820229, 0.000118267606013, 0.000124488055008, 0.000124747821246, 9.1524925665e-05, 0.000116386341688, 0.000133152730996, 0.000102151418105, 4.95692038385e-05, 2.85577170871e-05, 2.51270230365e-05, 4.05323044106e-05, 6.85449049342e-05, 7.06099599483e-05], "dvar2": [3.67505140275e-06, 2.35980987782e-05, 6.11638733972e-06, 1.30477872062e-06, 2.03961647571e-07, 4.73356003283e-08, 7.62559579925e-08, 1.93978010543e-07, 2.19743071739e-07, 9.46097955534e-08, 1.01974293898e-07, 1.15361771691e-07, 1.40579103913e-07, 7.17487935731e-08, 7.49152704316e-08, 6.86492853674e-08, 5.27304848674e-08, 3.86485545789e-08, 2.32957226842e-08, 1.27206121192e-08, 7.54069606757e-09, 3.35965832932e-09, 2.02332439692e-09, 4.21770396386e-10, 5.21840404222e-10, 2.67084382388e-10, 1.27632709956e-10, 7.29632604335e-11, 5.99869667828e-11, 4.08042974409e-11, 3.32693768368e-11, 3.3416547307e-11, 2.77574786073e-11, 1.68381888294e-11, 7.19787077164e-12, 3.26839401897e-12, 3.68025575292e-12, 4.1182304962e-12, 3.7893759311e-12, 4.20583836855e-12], "median": [5.64306392334e-05, 0.000193661864614, 0.000102526355477, 7.75243461248e-05, 7.75555745349e-05, 7.06779392203e-05, 7.02837642166e-05, 8.02561917226e-05, 5.23291746504e-05, 3.84022059734e-05, 3.58088000212e-05, 3.39018442901e-05, 2.70014752459e-05, 3.13408818329e-05, 2.46968229476e-05, 2.18973709707e-05, 2.00474714802e-05, 1.80313254532e-05, 1.47642185766e-05, 1.20046934171e-05, 9.9179596873e-06, 7.01771341483e-06, 7.01711724105e-06, 5.43765145267e-06, 5.55423639526e-06, 3.37877463608e-06, 3.17103058478e-06, 2.61038667304e-06, 2.18435707211e-06, 1.5722491753e-06, 1.03164097709e-06, 9.90913122223e-07, 6.8792564889e-07, 5.51025152618e-07, 3.32138455406e-07, 2.654601019e-07, 1.70081278839e-07, 1.37537512046e-07, 8.87153106532e-08, 5.77115741862e-08], "dmean2": [0.000783632975072, 0.00214408058673, 0.000880648556631, 0.000445760873845, 0.000229668410611, 0.000126091734273, 0.000151024709339, 0.000207053992199, 0.000168463477166, 0.000122618075693, 0.000131145250634, 0.000126355735119, 9.45136853261e-05, 9.29133311729e-05, 8.5401465185e-05, 8.63323584781e-05, 7.53107015043e-05, 7.06519567757e-05, 5.82352877245e-05, 4.2576015403e-05, 2.84376001218e-05, 2.0145349481e-05, 1.72300988197e-05, 1.10329647214e-05, 1.23668269225e-05, 7.59833301345e-06, 5.88628063269e-06, 4.98251665704e-06, 4.21467484557e-06, 3.14151134262e-06, 2.80328572444e-06, 2.72519241662e-06, 1.84241082479e-06, 1.25081749047e-06, 8.28873851333e-07, 6.21048457106e-07, 5.65576954159e-07, 5.35819026481e-07, 4.61311088884e-07, 3.92458645138e-07], "dmean": [0.000455621076981, 0.00139633356594, 0.000585191708524, 0.000255683640717, 0.000139154391945, 7.81381022534e-05, 9.63904822129e-05, 0.000134455229272, 0.000109290682303, 7.79877809691e-05, 8.31683646538e-05, 8.14053128124e-05, 6.00858147664e-05, 5.932782733e-05, 5.30442448508e-05, 5.43009882676e-05, 4.78289730381e-05, 4.51288069598e-05, 3.70409397874e-05, 2.76939299511e-05, 1.84098444151e-05, 1.2696585145e-05, 1.08359099613e-05, 6.93958691045e-06, 7.61369801694e-06, 4.74629132441e-06, 3.74187948182e-06, 3.07506797981e-06, 2.64737673206e-06, 2.05060860026e-06, 1.7613840555e-06, 1.67421057995e-06, 1.18207890409e-06, 8.16141096038e-07, 5.47586978428e-07, 4.02678693945e-07, 3.74081452037e-07, 3.67885519381e-07, 3.24751624703e-07, 2.78287927813e-07], "var": [1.38889629397e-06, 1.51261210704e-05, 4.00735189032e-06, 4.77751484596e-07, 1.04640186294e-07, 3.46053639078e-08, 5.64334499131e-08, 2.05618547966e-07, 2.06389231039e-07, 6.41527506673e-08, 7.30759737166e-08, 1.04854720462e-07, 7.00696318745e-08, 4.90485660976e-08, 6.67731043791e-08, 3.90360312963e-08, 3.62702117229e-08, 3.01342133469e-08, 2.50932288282e-08, 1.26125607736e-08, 5.59665025435e-09, 2.89834223288e-09, 1.27619093071e-09, 4.09030503912e-10, 4.02189698212e-10, 1.75524011992e-10, 1.25334714829e-10, 8.26671717191e-11, 7.36655320077e-11, 5.65965919963e-11, 4.38811868786e-11, 4.04703423551e-11, 3.33899782823e-11, 2.07949733821e-11, 9.10530158216e-12, 4.46435119775e-12, 3.8044688927e-12, 5.38603927083e-12, 6.09332679799e-12, 6.3227075485e-12], "dvar": [1.28651868181e-06, 1.19225005619e-05, 3.01075397147e-06, 4.7414329174e-07, 7.99806372243e-08, 1.90656752608e-08, 3.18795123633e-08, 8.71673648817e-08, 9.59565653602e-08, 3.85481904175e-08, 4.19556123177e-08, 5.00112555812e-08, 5.31700372619e-08, 2.97347462208e-08, 3.09933874121e-08, 2.73900280234e-08, 2.21976588222e-08, 1.59691939672e-08, 9.87811432651e-09, 5.71681724182e-09, 3.18146708977e-09, 1.59158564106e-09, 8.21926249284e-10, 1.85039095157e-10, 2.13526960002e-10, 1.080684639e-10, 5.27849951248e-11, 3.00177556423e-11, 2.5574377685e-11, 1.74678639608e-11, 1.3446392437e-11, 1.32781962509e-11, 1.14611280536e-11, 7.12340733275e-12, 3.14260336504e-12, 1.43888752909e-12, 1.6546736854e-12, 2.07686732395e-12, 2.13023414013e-12, 2.30477659527e-12], "mean": [0.000479267211631, 0.00152900989633, 0.000712883775122, 0.000302413012832, 0.000191338069271, 0.000129462234327, 0.000151308602653, 0.000215080624912, 0.000168810132891, 0.000113453221275, 0.000121309676615, 0.000120678319945, 9.10069065867e-05, 8.78978025867e-05, 8.03381044534e-05, 7.71103659645e-05, 7.0386682637e-05, 6.76560011925e-05, 5.68899886275e-05, 4.35276815551e-05, 2.94962956104e-05, 1.98178731807e-05, 1.70574057847e-05, 1.19300875667e-05, 1.23607796922e-05, 7.47993499317e-06, 7.14478255759e-06, 5.73066927245e-06, 5.10342351845e-06, 4.03907188229e-06, 3.30896295964e-06, 3.03559363601e-06, 2.40731628764e-06, 1.72046554781e-06, 1.08636572804e-06, 7.9882886439e-07, 6.86744328959e-07, 6.47929425668e-07, 5.4689485296e-07, 4.62741411411e-07]}, "spectral_entropy": {"min": 5.46238660812, "max": 9.82332038879, "dvar2": 0.0674856007099, "median": 7.73968935013, "dmean2": 0.225715219975, "dmean": 0.153292804956, "var": 0.159350275993, "dvar": 0.0331241600215, "mean": 7.72782039642}, "spectral_rolloff": {"min": 64.599609375, "max": 19724.4140625, "dvar2": 2011862.375, "median": 1765.72265625, "dmean2": 955.762084961, "dmean": 581.661682129, "var": 4575810, "dvar": 990680.5625, "mean": 2159.47729492}, "barkbands": {"min": [2.64407686503e-25, 1.05249979747e-24, 7.50329092913e-25, 1.16655912499e-24, 8.83191393432e-24, 7.90121189403e-24, 2.63016678208e-24, 8.82526935891e-24, 1.85298803912e-23, 2.14585186132e-23, 6.12032132403e-24, 2.50995802741e-23, 1.94592768666e-23, 3.15825859214e-23, 4.5641343119e-23, 5.76797802067e-23, 7.41141320669e-23, 1.07600072114e-22, 1.49754829892e-22, 1.75016352266e-22, 2.76634612043e-22, 3.14422614503e-22, 3.99845395812e-22, 5.77274274053e-22, 8.62163021737e-22, 1.36546112603e-21, 1.92559871589e-21], "max": [0.000987899140455, 0.0398120544851, 0.088297560811, 0.0417118221521, 0.031108379364, 0.01106420625, 0.0243620127439, 0.0384153388441, 0.0261850990355, 0.0291570387781, 0.0786285698414, 0.0502901934087, 0.0631617084146, 0.0630943775177, 0.0504771769047, 0.0292155444622, 0.0395482517779, 0.0162806585431, 0.00798795279115, 0.00504357740283, 0.00491360016167, 0.00526495883241, 0.00310816965066, 0.00254000234418, 0.0103215929121, 0.00224507600069, 0.000117502604553], "dvar2": [1.04561861392e-08, 5.90528034081e-05, 0.000196154825971, 4.25522594014e-05, 1.66879071912e-05, 1.23246741168e-06, 2.8804545309e-06, 7.24863457435e-06, 4.26058568337e-06, 5.11733651365e-06, 8.20536570245e-06, 6.74020748193e-06, 7.34798550184e-06, 6.73518752592e-06, 4.40561962023e-06, 2.14835745282e-06, 1.0515499298e-06, 2.55963044538e-07, 1.86296787774e-07, 7.06443756826e-08, 5.22134691039e-08, 5.70356668561e-08, 2.38968294042e-08, 1.98230569737e-08, 3.63347965049e-08, 1.44620815323e-09, 1.6093366223e-11], "median": [1.64723314811e-05, 0.000266365328571, 0.000320980092511, 0.000137902708957, 0.000421480624937, 0.000362591817975, 0.000348094647052, 0.000334982818458, 0.000246471725404, 0.000261033914285, 0.000181023788173, 0.000278630293906, 0.000210602302104, 0.000190988735994, 0.000209835037822, 0.000153442160808, 0.000135280162795, 0.000123120495118, 0.000128898493131, 9.28668741835e-05, 6.40898142592e-05, 4.71003477287e-05, 2.3722408514e-05, 1.26308332256e-05, 6.54486984786e-06, 1.89994068478e-06, 4.81831307297e-07], "dmean2": [4.17873161496e-05, 0.00333916419186, 0.00544468080625, 0.00192158191931, 0.00173601042479, 0.000676880823448, 0.00088472868083, 0.00106703012716, 0.000828993099276, 0.000938853190746, 0.000748080492485, 0.000887705537025, 0.000819634238724, 0.000800188339781, 0.000809906516224, 0.000536877312697, 0.00034798818524, 0.000249466742389, 0.000228296747082, 0.00015663416707, 0.000115098933748, 0.000104104263301, 4.88213081553e-05, 4.04242382501e-05, 3.44048385159e-05, 7.71097984398e-06, 1.35789878186e-06], "dmean": [2.9428387279e-05, 0.00197197147645, 0.00352867553011, 0.00107150711119, 0.0010250445921, 0.000415718735894, 0.000561900960747, 0.000695065769833, 0.000522964110132, 0.00059942266671, 0.000471776234917, 0.000564833462704, 0.00050976104103, 0.00050818460295, 0.000519002380315, 0.000349713867763, 0.000218119006604, 0.000159454080858, 0.00014451489551, 9.8380354757e-05, 7.74050276959e-05, 6.71104280627e-05, 3.30237344315e-05, 2.79156847682e-05, 2.53795715253e-05, 5.37707910553e-06, 9.69084453573e-07], "var": [1.06211714979e-08, 2.24504565267e-05, 0.000131133769173, 1.04668642962e-05, 7.72313524067e-06, 8.50920855555e-07, 2.18912032324e-06, 7.39154802432e-06, 2.71849989986e-06, 4.1663556658e-06, 4.26639326179e-06, 4.67966810902e-06, 3.88413445762e-06, 3.92802166971e-06, 4.50439529232e-06, 1.99830992642e-06, 7.67358471876e-07, 2.29210357361e-07, 1.47951880081e-07, 9.1587587292e-08, 8.92835529953e-08, 9.03286334619e-08, 3.69854689097e-08, 2.84042158682e-08, 8.00273767254e-08, 3.0687885566e-09, 2.10296068753e-11], "dvar": [6.36915853391e-09, 2.15304899029e-05, 0.00010278535774, 1.50325504364e-05, 6.44790270599e-06, 4.86266799271e-07, 1.23724964851e-06, 3.23430595017e-06, 1.72215948169e-06, 2.12430450119e-06, 3.11675898956e-06, 2.77081971944e-06, 2.81321354123e-06, 2.65783864961e-06, 1.86228533039e-06, 9.57771817411e-07, 4.60457385998e-07, 1.12913774331e-07, 7.63442713492e-08, 3.00827842636e-08, 2.32818084811e-08, 2.46414497695e-08, 1.06437205716e-08, 1.02485264719e-08, 2.32417107782e-08, 9.60719059862e-10, 9.35383281248e-12], "mean": [4.45291334472e-05, 0.00206488696858, 0.00375446490943, 0.000946434331127, 0.00134812679607, 0.000669177097734, 0.000837563420646, 0.00109060038812, 0.000754325301386, 0.000885079789441, 0.000672964612022, 0.000814437109511, 0.000737701775506, 0.000727023929358, 0.000793355226051, 0.000551796867512, 0.000348661968019, 0.000272260222118, 0.000252773810644, 0.000198851397727, 0.000163120639627, 0.000140995849506, 7.20420212019e-05, 5.42146299267e-05, 4.48817881988e-05, 9.60082525125e-06, 1.71026067619e-06]}, "melbands_flatness_db": {"min": 0.00254777120426, "max": 0.535030186176, "dvar2": 0.00254230340943, "median": 0.151295781136, "dmean2": 0.0477565266192, "dmean": 0.0306131560355, "var": 0.00432107876986, "dvar": 0.00111214746721, "mean": 0.158840745687}, "melbands_skewness": {"min": -2.51713228226, "max": 14.6733665466, "dvar2": 1.79635596275, "median": 1.47523570061, "dmean2": 1.15003573895, "dmean": 0.739926636219, "var": 2.4765162468, "dvar": 0.786119759083, "mean": 1.82352459431}, "barkbands_skewness": {"min": -8.43959999084, "max": 9.64655208588, "dvar2": 0.913669109344, "median": 0.67460167408, "dmean2": 0.869866669178, "dmean": 0.557741940022, "var": 1.40676808357, "dvar": 0.407446801662, "mean": 0.837991178036}, "silence_rate_60dB": {"min": 0, "max": 1, "dvar2": 0.135890737176, "median": 0, "dmean2": 0.139901891351, "dmean": 0.0699434876442, "var": 0.161793828011, "dvar": 0.065045915544, "mean": 0.202985078096}, "spectral_energyband_low": {"min": 1.2339682557e-23, "max": 0.117936812341, "dvar2": 0.000272150558885, "median": 0.000905984081328, "dmean2": 0.00822488591075, "dmean": 0.00531775178388, "var": 0.000207902514376, "dvar": 0.000146660022438, "mean": 0.00638142833486}, "spectral_energyband_middle_low": {"min": 1.41114543682e-22, "max": 0.0712403208017, "dvar2": 0.000131112174131, "median": 0.00334130483679, "dmean2": 0.00524742947891, "dmean": 0.00324220606126, "var": 6.53142415104e-05, "dvar": 5.00249807374e-05, "mean": 0.00592764560133}, "melbands_kurtosis": {"min": -1.8828663826, "max": 296.312286377, "dvar2": 413.84564209, "median": 2.35135030746, "dmean2": 8.82605934143, "dmean": 5.47846603394, "var": 298.499511719, "dvar": 170.891479492, "mean": 7.23394584656}, "spectral_decrease": {"min": -4.05991649188e-08, "max": 1.56374654054e-28, "dvar2": 2.49042095979e-17, "median": -2.18479345726e-09, "dmean2": 2.99215274779e-09, "dmean": 2.08359507425e-09, "var": 3.54965733246e-17, "dvar": 1.5324123035e-17, "mean": -4.44063763538e-09}, "erbbands_kurtosis": {"min": -1.84617245197, "max": 34.7187347412, "dvar2": 4.3116774559, "median": -0.137431502342, "dmean2": 1.33269321918, "dmean": 0.844740271568, "var": 3.47356534004, "dvar": 1.83633196354, "mean": 0.341229259968}, "melbands_crest": {"min": 1.45134496689, "max": 32.9145011902, "dvar2": 32.0395088196, "median": 11.1648006439, "dmean2": 6.42286682129, "dmean": 4.00267076492, "var": 35.9967079163, "dvar": 12.8025121689, "mean": 12.463850975}, "gfcc": {"cov": [[20008.5859375, 537.571960449, -1447.10595703, 383.516113281, -604.749206543, 204.700408936, -330.98336792, 60.726524353, -322.232574463, 18.0601882935, -359.701690674, -52.766960144, -187.390533447], [537.571960449, 1320.53417969, 7.92926120758, -18.3637008667, 249.066238403, -74.8016967773, 137.912109375, -56.0801925659, 86.8764419556, -90.2492523193, 45.6435813904, -95.4285736084, -4.16273117065], [-1447.10595703, 7.92926120758, 883.409851074, 214.992462158, 197.021072388, 105.796134949, 50.0513076782, 3.43876981735, -33.4912910461, -15.4185934067, -57.0842323303, -19.566116333, -24.1258640289], [383.516113281, -18.3637008667, 214.992462158, 425.016235352, 122.228927612, 54.9843406677, 41.7790908813, -17.2619667053, -1.15260660648, -33.7136077881, -69.6429519653, -26.3536071777, -23.4317760468], [-604.749206543, 249.066238403, 197.021072388, 122.228927612, 341.189880371, 56.4990119934, 122.061630249, -1.03254568577, 46.072845459, -20.1803073883, -22.2393836975, -18.9384937286, -14.6090135574], [204.700408936, -74.8016967773, 105.796134949, 54.9843406677, 56.4990119934, 234.32170105, 69.4146194458, 33.22108078, -23.0990657806, 20.3895149231, -5.48026561737, -16.8862133026, -4.08658742905], [-330.98336792, 137.912109375, 50.0513076782, 41.7790908813, 122.061630249, 69.4146194458, 195.662521362, 12.1313533783, 28.3828735352, -1.93169891834, 5.85893249512, -9.55565643311, -18.3922252655], [60.726524353, -56.0801925659, 3.43876981735, -17.2619667053, -1.03254568577, 33.22108078, 12.1313533783, 123.884635925, 50.7155342102, 30.7105903625, 18.3641605377, 19.6695652008, 15.938659668], [-322.232574463, 86.8764419556, -33.4912910461, -1.15260660648, 46.072845459, -23.0990657806, 28.3828735352, 50.7155342102, 127.551780701, 24.6743602753, 32.1322021484, -0.305080533028, 20.2366409302], [18.0601882935, -90.2492523193, -15.4185934067, -33.7136077881, -20.1803073883, 20.3895149231, -1.93169891834, 30.7105903625, 24.6743602753, 86.8343200684, 33.6345062256, 26.4730472565, -1.53662872314], [-359.701690674, 45.6435813904, -57.0842323303, -69.6429519653, -22.2393836975, -5.48026561737, 5.85893249512, 18.3641605377, 32.1322021484, 33.6345062256, 112.349357605, 33.0646514893, 28.0341415405], [-52.766960144, -95.4285736084, -19.566116333, -26.3536071777, -18.9384937286, -16.8862133026, -9.55565643311, 19.6695652008, -0.305080533028, 26.4730472565, 33.0646514893, 84.752281189, 24.0754566193], [-187.390533447, -4.16273117065, -24.1258640289, -23.4317760468, -14.6090135574, -4.08658742905, -18.3922252655, 15.938659668, 20.2366409302, -1.53662872314, 28.0341415405, 24.0754566193, 77.0707626343]], "icov": [[0.00010632321937, -0.000211778038647, 0.000240866836975, -0.000235894971411, 0.000215002801269, -0.000251487275818, 0.000235130937654, -0.000250133365626, 0.000294293306069, -0.00027417333331, 0.000486420962261, -0.000270463700872, 0.000210832615267], [-0.000211778038647, 0.00167109875474, -0.000447478261776, 0.00071574858157, -0.00124912464526, 0.00107230071444, -0.00096214277437, 0.000826216244604, -0.000954921182711, 0.00159410305787, -0.00207458878867, 0.00195350730792, -0.000500616326462], [0.000240866836975, -0.000447478261776, 0.00204100483097, -0.00103525945451, -0.000354788469849, -0.000844707072247, 0.000776026805397, -0.000897179881576, 0.00136762543116, -0.000800185196567, 0.00122212176211, -0.000516468309797, 0.00048606551718], [-0.000235894971411, 0.00071574858157, -0.00103525945451, 0.00372629496269, -0.00113416695967, 3.45904772985e-05, -0.000558340805583, 0.00119813927449, -0.00160820491146, 0.00158543745056, 0.000229291807045, 0.000424054305768, -8.2233644207e-05], [0.000215002801269, -0.00124912464526, -0.000354788469849, -0.00113416695967, 0.00587409315631, -0.00140549859498, -0.00146926008165, 0.000291361735435, -0.00157115864567, -0.000102940408397, 0.00230183964595, -0.00201525073498, 0.000830191653222], [-0.000251487275818, 0.00107230071444, -0.000844707072247, 3.45904772985e-05, -0.00140549859498, 0.00733084371313, -0.00297620147467, -0.00184212031309, 0.00288038235158, -0.0017627364723, -0.00203664368019, 0.00412959605455, -0.00235508964397], [0.000235130937654, -0.00096214277437, 0.000776026805397, -0.000558340805583, -0.00146926008165, -0.00297620147467, 0.00841645803303, -0.000567880575545, -0.000836387102026, 0.000336439086823, 0.000357131735655, -0.0018602689961, 0.00296007026918], [-0.000250133365626, 0.000826216244604, -0.000897179881576, 0.00119813927449, 0.000291361735435, -0.00184212031309, -0.000567880575545, 0.0124618569389, -0.00646706251428, -0.000212346873013, -0.000184495409485, -0.00195805239491, -0.000862673157826], [0.000294293306069, -0.000954921182711, 0.00136762543116, -0.00160820491146, -0.00157115864567, 0.00288038235158, -0.000836387102026, -0.00646706251428, 0.0152385113761, -0.00527792656794, -0.00106813223101, 0.00359506905079, -0.00324506149627], [-0.00027417333331, 0.00159410305787, -0.000800185196567, 0.00158543745056, -0.000102940408397, -0.0017627364723, 0.000336439086823, -0.000212346873013, -0.00527792656794, 0.0188451129943, -0.00525297690183, -0.00346533511765, 0.00441705016419], [0.000486420962261, -0.00207458878867, 0.00122212176211, 0.000229291807045, 0.00230183964595, -0.00203664368019, 0.000357131735655, -0.000184495409485, -0.00106813223101, -0.00525297690183, 0.0165050439537, -0.00570151722059, -0.00207223393954], [-0.000270463700872, 0.00195350730792, -0.000516468309797, 0.000424054305768, -0.00201525073498, 0.00412959605455, -0.0018602689961, -0.00195805239491, 0.00359506905079, -0.00346533511765, -0.00570151722059, 0.0194257609546, -0.00579427089542], [0.000210832615267, -0.000500616326462, 0.00048606551718, -8.2233644207e-05, 0.000830191653222, -0.00235508964397, 0.00296007026918, -0.000862673157826, -0.00324506149627, 0.00441705016419, -0.00207223393954, -0.00579427089542, 0.0180090293288]], "mean": [-47.9176521301, 84.910194397, -139.58757019, 26.2111988068, -56.7241020203, 11.0535955429, -32.3009910583, 2.60068106651, -19.4912967682, 1.83504104614, -14.5202589035, -3.37742996216, -12.2993602753]}, "melbands_spread": {"min": 0.540553927422, "max": 303.542053223, "dvar2": 397.248840332, "median": 29.3708190918, "dmean2": 15.8510656357, "dmean": 10.0184640884, "var": 596.726379395, "dvar": 182.635223389, "mean": 33.7753181458}, "spectral_energy": {"min": 1.00812879493e-20, "max": 0.16731081903, "dvar2": 0.000374031602405, "median": 0.00923440232873, "dmean2": 0.0117467613891, "dmean": 0.00824930332601, "var": 0.00056787696667, "dvar": 0.000232468766626, "mean": 0.0182516146451}, "mfcc": {"cov": [[11708.6240234, 436.613098145, -646.907409668, 183.097549438, -279.687744141, 146.84552002, -103.716041565, 28.7625770569, 24.5818653107, -0.391330868006, -34.578830719, -90.7177505493, -135.506744385], [436.613098145, 1319.88842773, -99.123664856, 74.5233230591, 73.9120407104, 21.9531764984, 49.813079834, 42.4779701233, 7.17407083511, 31.1641273499, 39.4937934875, 3.26758885384, -9.19787406921], [-646.907409668, -99.123664856, 599.395080566, 110.166603088, 139.136444092, 80.6481246948, 79.1951065063, 14.0038051605, 34.2124099731, -17.8658599854, 2.50412964821, -8.40761566162, -26.1098251343], [183.097549438, 74.5233230591, 110.166603088, 383.288818359, 114.410011292, 98.4349899292, 11.4672527313, 49.5837554932, 46.3641548157, 5.75596809387, -15.3290147781, -3.27848887444, -19.0762329102], [-279.687744141, 73.9120407104, 139.136444092, 114.410011292, 228.380508423, 66.8534393311, 37.7286491394, 35.1167182922, 51.991268158, 17.8342247009, 0.662567138672, -1.41544735432, 1.60584115982], [146.84552002, 21.9531764984, 80.6481246948, 98.4349899292, 66.8534393311, 216.960952759, 111.750091553, 49.2060585022, 31.8066520691, 26.8978481293, 18.0741157532, -17.1947250366, -27.8321495056], [-103.716041565, 49.813079834, 79.1951065063, 11.4672527313, 37.7286491394, 111.750091553, 161.600326538, 58.1411590576, 20.0239143372, 18.424369812, 24.5252017975, -5.42207193375, -14.3655252457], [28.7625770569, 42.4779701233, 14.0038051605, 49.5837554932, 35.1167182922, 49.2060585022, 58.1411590576, 101.889526367, 49.9910736084, 22.0132350922, 13.6866149902, 10.5895147324, 4.33582401276], [24.5818653107, 7.17407083511, 34.2124099731, 46.3641548157, 51.991268158, 31.8066520691, 20.0239143372, 49.9910736084, 98.9664306641, 39.3312644958, 8.48246002197, 2.0275490284, 1.05700027943], [-0.391330868006, 31.1641273499, -17.8658599854, 5.75596809387, 17.8342247009, 26.8978481293, 18.424369812, 22.0132350922, 39.3312644958, 82.172706604, 35.5220222473, 7.52044963837, 4.06580495834], [-34.578830719, 39.4937934875, 2.50412964821, -15.3290147781, 0.662567138672, 18.0741157532, 24.5252017975, 13.6866149902, 8.48246002197, 35.5220222473, 75.4152908325, 29.2941169739, 7.90811252594], [-90.7177505493, 3.26758885384, -8.40761566162, -3.27848887444, -1.41544735432, -17.1947250366, -5.42207193375, 10.5895147324, 2.0275490284, 7.52044963837, 29.2941169739, 72.5537872314, 33.8705062866], [-135.506744385, -9.19787406921, -26.1098251343, -19.0762329102, 1.60584115982, -27.8321495056, -14.3655252457, 4.33582401276, 1.05700027943, 4.06580495834, 7.90811252594, 33.8705062866, 67.6892623901]], "icov": [[0.000102223420981, -3.27469861077e-05, 0.000100773817394, -5.59979343961e-05, 0.000146759601193, -0.000155562200234, 0.000136554270284, -3.11324329232e-05, -0.000103325750388, 7.83685318311e-05, -1.24401421999e-05, 4.24394893344e-05, 0.000163934251759], [-3.27469861077e-05, 0.000853008357808, 0.00024396716617, -0.000193016123376, -0.000441470416263, 0.000353857700247, -0.000410132779507, -0.000156258916832, 0.000310606439598, -0.000103754668089, -0.000481092458358, 0.000128042665892, 0.000162519630976], [0.000100773817394, 0.00024396716617, 0.00240211375058, -0.00047304292093, -0.00106970709749, 4.89248159283e-05, -0.00116829841863, 0.000966550898738, -0.000835740123875, 0.00132325501181, -0.000627764267847, -0.00011192556849, 0.00082669738913], [-5.59979343961e-05, -0.000193016123376, -0.00047304292093, 0.00390296056867, -0.00119628780521, -0.00190104148351, 0.00202253460884, -0.00162915186957, -0.000136236063554, 0.000148089311551, 0.00120419182349, -0.000932663853746, 0.000878685212228], [0.000146759601193, -0.000441470416263, -0.00106970709749, -0.00119628780521, 0.00679880008101, -0.00110424333252, 7.65799195506e-05, 0.000151947679115, -0.00231620436534, -0.000291022093734, 0.000653032155242, 0.000321926228935, -0.00130849052221], [-0.000155562200234, 0.000353857700247, 4.89248159283e-05, -0.00190104148351, -0.00110424333252, 0.0093982219696, -0.00595998344943, 0.000231703626923, 0.000119819349493, -0.00135388318449, -0.00103740184568, 0.00136151444167, 0.00134995474946], [0.000136554270284, -0.000410132779507, -0.00116829841863, 0.00202253460884, 7.65799195506e-05, -0.00595998344943, 0.0133156124502, -0.00628082919866, 0.00187980174087, 0.000120461649203, -0.00173830019776, 0.000894641212653, 0.000831655575894], [-3.11324329232e-05, -0.000156258916832, 0.000966550898738, -0.00162915186957, 0.000151947679115, 0.000231703626923, -0.00628082919866, 0.0178820714355, -0.00776858255267, 0.000932536553591, -0.00012039464491, -0.00220440072007, -0.00137418380473], [-0.000103325750388, 0.000310606439598, -0.000835740123875, -0.000136236063554, -0.00231620436534, 0.000119819349493, 0.00187980174087, -0.00776858255267, 0.0180740356445, -0.00773710012436, 0.00201730546542, 0.000387076259358, 0.000228503689868], [7.83685318311e-05, -0.000103754668089, 0.00132325501181, 0.000148089311551, -0.000291022093734, -0.00135388318449, 0.000120461649203, 0.000932536553591, -0.00773710012436, 0.020243158564, -0.00917624589056, 0.00207580975257, -0.000950748217292], [-1.24401421999e-05, -0.000481092458358, -0.000627764267847, 0.00120419182349, 0.000653032155242, -0.00103740184568, -0.00173830019776, -0.00012039464491, 0.00201730546542, -0.00917624589056, 0.0220855716616, -0.00919411983341, 0.00174369348679], [4.24394893344e-05, 0.000128042665892, -0.00011192556849, -0.000932663853746, 0.000321926228935, 0.00136151444167, 0.000894641212653, -0.00220440072007, 0.000387076259358, 0.00207580975257, -0.00919411983341, 0.0224700309336, -0.00962059386075], [0.000163934251759, 0.000162519630976, 0.00082669738913, 0.000878685212228, -0.00130849052221, 0.00134995474946, 0.000831655575894, -0.00137418380473, 0.000228503689868, -0.000950748217292, 0.00174369348679, -0.00962059386075, 0.0212046019733]], "mean": [-676.155090332, 113.184967041, -21.4133396149, 15.9560651779, -3.87079977989, 8.07000732422, -2.82123732567, 0.769392967224, -1.10319745541, 2.28816866875, 0.301637768745, 0.194063693285, -0.664763629436]}, "spectral_contrast_valleys": {"min": [-27.901632309, -28.2048034668, -27.678565979, -27.6825809479, -27.5171394348, -27.4169273376], "max": [-5.57350873947, -4.7470240593, -4.87359905243, -5.07902193069, -5.47461175919, -7.67408943176], "dvar2": [0.554504275322, 0.344590336084, 0.300920516253, 0.271171450615, 0.389711290598, 0.344508945942], "median": [-7.90624046326, -6.73175811768, -7.21240329742, -7.44746494293, -7.56566333771, -10.4962501526], "dmean2": [0.837868571281, 0.643137276173, 0.595335841179, 0.50616723299, 0.491061508656, 0.448549538851], "dmean": [0.531810462475, 0.418083190918, 0.40249311924, 0.353464305401, 0.346092373133, 0.342591255903], "var": [4.19624614716, 4.1160197258, 3.99448037148, 3.89846324921, 3.90571069717, 3.31441760063], "dvar": [0.303946465254, 0.194004178047, 0.179478764534, 0.171602934599, 0.215221598744, 0.193550303578], "mean": [-8.16864395142, -7.1190290451, -7.52926015854, -7.74248886108, -7.84847974777, -10.7440633774]}, "barkbands_flatness_db": {"min": 0.0211702175438, "max": 0.391231954098, "dvar2": 0.00143258029129, "median": 0.0982763618231, "dmean2": 0.035730317235, "dmean": 0.0228030495346, "var": 0.00207807263359, "dvar": 0.000612460076809, "mean": 0.106551021338}, "dynamic_complexity": 5.12840652466, "erbbands_flatness_db": {"min": 0.0512960366905, "max": 0.369268000126, "dvar2": 0.000646095257252, "median": 0.157526344061, 