{"lowlevel": {"spectral_complexity": {"min": 0, "max": 57, "dvar2": 37.1602706909, "median": 12, "dmean2": 4.47658586502, "dmean": 2.94370532036, "var": 67.5742416382, "dvar": 20.0429115295, "mean": 13.2577142715}, "silence_rate_20dB": {"min": 1, "max": 1, "dvar2": 0, "median": 1, "dmean2": 0, "dmean": 0, "var": 0, "dvar": 0, "mean": 1}, "average_loudness": 0.949194312096, "erbbands_spread": {"min": 3.26728153229, "max": 183.963394165, "dvar2": 489.220458984, "median": 32.4190826416, "dmean2": 17.3205852509, "dmean": 11.6370620728, "var": 777.880981445, "dvar": 236.694793701, "mean": 41.8044204712}, "spectral_kurtosis": {"min": -1.30485534668, "max": 46.7900810242, "dvar2": 9.66180610657, "median": 4.80362796783, "dmean2": 2.55901265144, "dmean": 1.63017332554, "var": 14.5123710632, "dvar": 4.08778858185, "mean": 5.38668632507}, "barkbands_kurtosis": {"min": -1.9367069006, "max": 676.839599609, "dvar2": 1906.60559082, "median": 8.94155216217, "dmean2": 16.2068824768, "dmean": 9.66097927094, "var": 1077.44128418, "dvar": 688.196472168, "mean": 15.4507961273}, "spectral_strongpeak": {"min": 0, "max": 6.61964035034, "dvar2": 0.588437914848, "median": 0.489199459553, "dmean2": 0.580977261066, "dmean": 0.338851362467, "var": 0.33964946866, "dvar": 0.22668504715, "mean": 0.666082918644}, "spectral_spread": {"min": 1792097.75, "max": 44690012, "dvar2": 3504598417410.0, "median": 4787549, "dmean2": 1236383.125, "dmean": 878692.875, "var": 8021011857410.0, "dvar": 1790829789180.0, "mean": 5529286}, "spectral_rms": {"min": 3.16574262464e-12, "max": 0.0174687374383, "dvar2": 1.0854239008e-05, "median": 0.00639109965414, "dmean2": 0.00222400412895, "dmean": 0.00134265783709, "var": 9.44697967498e-06, "dvar": 4.14021633333e-06, "mean": 0.00628952821717}, "erbbands": {"min": [6.08167897259e-23, 8.76595566475e-22, 3.14126704573e-21, 5.57115634129e-21, 2.63269196938e-20, 3.13285221976e-20, 1.01894563547e-19, 5.68214402699e-20, 2.40821744624e-19, 1.48563150204e-19, 3.11251908632e-19, 5.73153239643e-19, 6.59988333903e-19, 1.2332756285e-18, 7.32893913443e-19, 1.70912254621e-18, 2.46786606059e-18, 2.50882804453e-18, 2.95550847044e-18, 2.94901923853e-18, 4.44108473232e-18, 5.50779492998e-18, 6.19886959019e-18, 5.53454057432e-18, 8.47798172039e-18, 1.180246527e-17, 1.11091861735e-17, 1.13683426866e-17, 1.20083199188e-17, 1.27843782879e-17, 1.37952790233e-17, 1.26688980842e-17, 1.00302845743e-17, 8.59886754947e-18, 7.16311527101e-18, 4.08886088774e-18, 2.65928723487e-18, 9.58302594918e-19, 2.67632451885e-19, 2.96491258342e-20], "max": [8.27359485626, 64.3591537476, 144.358520508, 302.657684326, 557.492919922, 321.49609375, 591.813232422, 759.696960449, 611.263916016, 1186.7755127, 422.397521973, 1289.39306641, 931.321533203, 778.975402832, 381.082275391, 409.303100586, 448.429534912, 179.376495361, 268.747558594, 815.463623047, 285.075500488, 104.163719177, 129.678649902, 298.296325684, 408.518920898, 386.067565918, 304.005065918, 522.68572998, 274.344146729, 298.579040527, 303.703033447, 371.015533447, 445.657592773, 191.066207886, 113.047264099, 21.2950611115, 38.9230079651, 2.23406195641, 0.212375879288, 0.00680661341175], "dvar2": [3.27808260918, 194.365615845, 644.52154541, 1748.29199219, 5947.36376953, 1238.08764648, 2482.90185547, 6869.23974609, 3353.72143555, 3482.66210938, 1478.46118164, 3762.49902344, 3683.51171875, 2218.27246094, 560.700561523, 217.97164917, 279.266204834, 137.844512939, 170.030715942, 474.830871582, 190.307220459, 86.8513946533, 116.437393188, 159.918395996, 360.197479248, 577.705383301, 527.354736328, 452.985839844, 244.893310547, 656.207580566, 425.381896973, 267.772735596, 185.495422363, 54.5020561218, 17.0039215088, 3.81897306442, 9.34985923767, 0.102070063353, 0.000953138223849, 1.11885162823e-06], "median": [0.272557675838, 2.54896068573, 2.98837661743, 4.48322105408, 5.91290140152, 9.21563053131, 16.4863491058, 29.5673027039, 17.4647903442, 15.7820701599, 11.3668308258, 14.0845012665, 10.4443244934, 5.69707012177, 4.14204311371, 2.70450162888, 2.52927446365, 2.51029014587, 2.79705619812, 4.03712558746, 3.28442573547, 2.20548772812, 2.02605772018, 2.27252483368, 1.83264899254, 1.9888522625, 1.40703928471, 1.13127613068, 0.787335157394, 0.65934419632, 0.554120659828, 0.501575231552, 0.362269580364, 0.209292054176, 0.0904603302479, 0.0310432445258, 0.0132883870974, 0.00293670431711, 0.000287022267003, 6.61462618154e-05], "dmean2": [0.771841466427, 5.60665130615, 8.65268230438, 15.8053789139, 22.0994663239, 16.6122875214, 28.0343570709, 46.4902763367, 28.1804924011, 28.2310085297, 18.7173919678, 26.7031040192, 21.455198288, 13.6109571457, 8.66703796387, 5.79879808426, 5.18673276901, 5.37533283234, 5.58419656754, 8.58869361877, 6.67280721664, 4.69494771957, 4.9644908905, 5.73883771896, 6.70762634277, 8.29256343842, 7.83196640015, 6.49595785141, 5.44897460938, 7.4422750473, 5.61151266098, 4.3189368248, 2.86602711678, 1.77564656734, 1.24002730846, 0.620791435242, 0.691105484962, 0.102352611721, 0.00983758736402, 0.000376835232601], "dmean": [0.45575773716, 3.16612434387, 4.78850889206, 9.03019428253, 12.7707328796, 9.95128631592, 17.4460868835, 28.8015956879, 17.6892795563, 17.2972259521, 12.0372419357, 17.2033157349, 13.8643054962, 8.56121349335, 5.60346031189, 3.66652536392, 3.29868292809, 3.36167192459, 3.55737280846, 5.54978752136, 4.28506565094, 2.97573447227, 3.20798826218, 3.72574615479, 4.31631231308, 5.49444627762, 5.18041801453, 4.4699511528, 3.76033496857, 5.05124425888, 3.86313700676, 3.05178809166, 2.05347013474, 1.27132558823, 0.826885163784, 0.389623612165, 0.398635417223, 0.0596366748214, 0.0057241874747, 0.000222866263357], "var": [1.51905286312, 55.2446670532, 160.230606079, 492.660980225, 1563.1817627, 595.853881836, 2105.61621094, 4650.77050781, 2380.77636719, 2468.94238281, 1174.2956543, 3120.4765625, 2472.57519531, 1321.00866699, 487.816986084, 188.423965454, 185.187179565, 114.053878784, 135.03918457, 502.965484619, 178.676208496, 68.6793060303, 93.429649353, 134.540115356, 342.046325684, 527.786621094, 403.223266602, 387.168670654, 227.342727661, 440.342132568, 350.958862305, 305.377929688, 172.244720459, 63.61926651, 13.0643939972, 1.55101728439, 2.33703780174, 0.0273609627038, 0.000258272921201, 3.33562695687e-07], "dvar": [1.1277769804, 66.5833740234, 220.641143799, 640.047058105, 2128.6796875, 451.897735596, 1006.44067383, 2625.93383789, 1304.46850586, 1403.30249023, 590.280822754, 1515.16821289, 1343.86437988, 766.109802246, 231.656677246, 87.8746871948, 115.365585327, 56.049697876, 67.5565567017, 246.443725586, 85.385848999, 37.9016456604, 51.6847229004, 71.6932830811, 173.490646362, 277.455322266, 238.615829468, 224.919174194, 120.696632385, 288.278503418, 197.512573242, 140.53729248, 87.8804168701, 28.3277511597, 7.91297483444, 1.48589634895, 3.32172346115, 0.0374192334712, 0.000354067829903, 4.21850387511e-07], "mean": [0.710306227207, 4.43458461761, 6.13305473328, 10.416226387, 15.2505521774, 17.0324878693, 31.0193881989, 51.0816841125, 32.3994636536, 30.5431976318, 22.931810379, 31.2855491638, 25.8167572021, 15.7518224716, 10.4161977768, 6.65063476562, 5.84797716141, 5.89351558685, 6.4655213356, 9.26145076752, 7.35621261597, 4.99380302429, 5.30697536469, 6.18634462357, 6.73025226593, 8.22404384613, 7.326192379, 6.58504295349, 5.53954362869, 6.83123970032, 5.45805263519, 4.63092422485, 3.13384985924, 1.85925590992, 1.00251889229, 0.410543680191, 0.340355247259, 0.0487376898527, 0.00459195440635, 0.000226285468671]}, "zerocrossingrate": {"min": 0.001953125, "max": 0.52099609375, "dvar2": 0.000443331024144, "median": 0.03076171875, "dmean2": 0.0141244027764, "dmean": 0.0120706846938, "var": 0.00292705185711, "dvar": 0.000357144454028, "mean": 0.0478657968342}, "spectral_contrast_coeffs": {"min": [-0.973823130131, -0.972963690758, -0.973235666752, -0.970637261868, -0.964893758297, -0.963235855103], "max": [-0.230771631002, -0.391347169876, -0.439722299576, -0.519892573357, -0.606934010983, -0.588858783245], "dvar2": [0.00615633046255, 0.00411216588691, 0.00220698490739, 0.00129021797329, 0.000672356400173, 0.000915902201086], "median": [-0.657811403275, -0.691670298576, -0.735946536064, -0.794328808784, -0.809535861015, -0.796135365963], "dmean2": [0.088845461607, 0.0765948370099, 0.0578181259334, 0.0454679615796, 0.0313293375075, 0.0274283029139], "dmean": [0.0542989633977, 0.0471143387258, 0.0366406589746, 0.028025733307, 0.0194509066641, 0.0174082405865], "var": [0.0106797190383, 0.00677283992991, 0.00552249467, 0.00209226156585, 0.00121379445773, 0.00127988995519], "dvar": [0.00242448784411, 0.00155687122606, 0.000912374234758, 0.000503883871716, 0.000274267891655, 0.000365361833246], "mean": [-0.640766978264, -0.689671278, -0.73572063446, -0.792526900768, -0.807062864304, -0.794363260269]}, "dissonance": {"min": 0.246710702777, "max": 0.499999970198, "dvar2": 0.00123414443806, "median": 0.449192762375, "dmean2": 0.039326928556, "dmean": 0.0238362271339, "var": 0.00120040704496, "dvar": 0.000460932496935, "mean": 0.444246351719}, "spectral_energyband_high": {"min": 7.13725844517e-21, "max": 0.0381516963243, "dvar2": 8.86360066943e-06, "median": 0.00016554981994, "dmean2": 0.00107539934106, "dmean": 0.000764635275118, "var": 9.01131625142e-06, "dvar": 4.36392110714e-06, "mean": 0.00115615630057}, "spectral_skewness": {"min": -0.19163377583, "max": 5.60023117065, "dvar2": 0.150019422174, "median": 1.86539983749, "dmean2": 0.366298109293, "dmean": 0.248548224568, "var": 0.411029934883, "dvar": 0.0731251388788, "mean": 1.84629440308}, "spectral_flux": {"min": 6.46632955514e-11, "max": 0.511862635612, "dvar2": 0.00722654629499, "median": 0.0802799016237, "dmean2": 0.0603385530412, "dmean": 0.038456402719, "var": 0.00710148084909, "dvar": 0.00361455627717, "mean": 0.100689172745}, "silence_rate_30dB": {"min": 0, "max": 1, "dvar2": 0.152320325375, "median": 1, "dmean2": 0.153256699443, "dmean": 0.0766201987863, "var": 0.0980055630207, "dvar": 0.0707427635789, "mean": 0.889870166779}, "spectral_energyband_middle_high": {"min": 1.23832350627e-21, "max": 0.0292043462396, "dvar2": 4.0616178012e-06, "median": 0.00112126278691, "dmean2": 0.00105656450614, "dmean": 0.000694253423717, "var": 5.24888037035e-06, "dvar": 1.63481570326e-06, "mean": 0.00185775675345}, "barkbands_spread": {"min": 0.297572165728, "max": 116.131668091, "dvar2": 232.291564941, "median": 8.8395242691, "dmean2": 9.31673431396, "dmean": 5.98799705505, "var": 259.603912354, "dvar": 103.301673889, "mean": 14.6802444458}, "spectral_centroid": {"min": 154.954650879, "max": 11446.6103516, "dvar2": 226375.75, "median": 625.531066895, "dmean2": 305.032104492, "dmean": 202.110107422, "var": 666578.125, "dvar": 115170.929688, "mean": 850.993469238}, "pitch_salience": {"min": 0.0738259032369, "max": 0.846604526043, "dvar2": 0.0167505834252, "median": 0.51346385479, "dmean2": 0.133296325803, "dmean": 0.0805061683059, "var": 0.0173957757652, "dvar": 0.00622193422168, "mean": 0.504023790359}, "erbbands_skewness": {"min": -3.66926288605, "max": 6.2619767189, "dvar2": 0.428762972355, "median": 1.12575650215, "dmean2": 0.682225465775, "dmean": 0.451448768377, "var": 0.913002371788, "dvar": 0.196769222617, "mean": 1.05854582787}, "erbbands_crest": {"min": 2.51678299904, "max": 29.9059009552, "dvar2": 17.3275489807, "median": 8.81548118591, "dmean2": 4.47444486618, "dmean": 2.74347448349, "var": 17.2425956726, "dvar": 6.745844841, "mean": 9.69671726227}, "melbands": {"min": [1.12537319017e-24, 1.48921220852e-24, 1.29620249831e-24, 2.14534075834e-24, 3.27746127304e-24, 1.14032713331e-24, 3.53094298949e-24, 1.7255454694e-24, 2.6103462574e-24, 3.64108572123e-24, 2.95739752683e-24, 4.35836814892e-24, 1.31632476228e-24, 3.41295030288e-24, 4.6462152102e-24, 4.32718684392e-24, 3.87886496414e-24, 5.12620591102e-24, 3.70043014941e-24, 2.90492683815e-24, 6.0465616461e-24, 5.18144116274e-24, 5.23000738437e-24, 4.56914981065e-24, 3.67669253591e-24, 5.46115309593e-24, 6.04504545544e-24, 6.84622087383e-24, 5.67152691657e-24, 4.82248539061e-24, 4.98139195364e-24, 5.65044184786e-24, 6.7326264812e-24, 6.4797062365e-24, 6.51172728393e-24, 6.02268755967e-24, 6.31103633648e-24, 5.91777537016e-24, 7.09681831759e-24, 6.23974776534e-24], "max": [0.0726863145828, 0.075968965888, 0.0643405169249, 0.0277348551899, 0.0165508240461, 0.0154316965491, 0.00857202801853, 0.0108440807089, 0.0045350920409, 0.00854227691889, 0.00450241193175, 0.00339674018323, 0.00189272477292, 0.0010849123355, 0.000896293960977, 0.000673873175401, 0.000331477756845, 0.000421410717536, 0.000595601275563, 0.000881378888153, 0.000388821121305, 0.000124758007587, 0.000105785264168, 0.00020514598873, 0.000251394725638, 0.000251910183579, 0.000341044273227, 0.000302084343275, 0.00021819662652, 0.000273675977951, 0.000313321477734, 0.000165652192663, 0.000179291848326, 0.000170796542079, 0.000178766509634, 0.000216671760427, 0.000251786987064, 0.000368155684555, 0.000274981139228, 0.00018588284729], "dvar2": [0.000256222934695, 0.000211448699702, 7.56950030336e-05, 1.39366884468e-05, 2.28111662182e-06, 3.12888073495e-06, 7.12060909791e-07, 3.21437795492e-07, 1.31899085432e-07, 1.63583550261e-07, 9.26715770788e-08, 4.24534825072e-08, 1.03476258673e-08, 3.40987638126e-09, 1.58348045787e-09, 1.04061870232e-09, 5.48028233904e-10, 4.82584638917e-10, 9.04446795236e-10, 5.56547197217e-10, 2.89054169489e-10, 1.04471195583e-10, 1.22001186931e-10, 1.26762378372e-10, 1.22099164113e-10, 1.70377004172e-10, 3.43415906823e-10, 2.73144812324e-10, 2.3979518371e-10, 1.84640955303e-10, 1.75654574219e-10, 9.17765585751e-11, 1.48760684326e-10, 2.4737090154e-10, 1.73300332418e-10, 1.25627619418e-10, 1.1296560215e-10, 1.19067505855e-10, 6.43738742867e-11, 3.99001665041e-11], "median": [0.00332758389413, 0.00259017432109, 0.000930269947276, 0.000549169781152, 0.000597453326918, 0.000673185801134, 0.000276382372249, 0.000154188252054, 9.13775293157e-05, 9.31520335143e-05, 4.77221110486e-05, 2.05079923035e-05, 1.51136318891e-05, 6.16920760876e-06, 6.28568432148e-06, 4.76949117001e-06, 4.26762289862e-06, 3.46793262906e-06, 5.63699268241e-06, 3.93180471292e-06, 3.36718812832e-06, 1.98127372641e-06, 1.71560759554e-06, 1.79409801149e-06, 1.78664004125e-06, 1.26721795368e-06, 1.34023821374e-06, 1.24825760395e-06, 9.21863829717e-07, 6.77457251186e-07, 5.91743173572e-07, 4.38836678995e-07, 3.70263762761e-07, 3.46619856373e-07, 3.40189131975e-07, 2.52094935149e-07, 3.18420347867e-07, 2.71326200618e-07, 1.87854936939e-07, 1.65739521663e-07], "dmean2": [0.00689471699297, 0.00536543363705, 0.00302497111261, 0.00127568433527, 0.000902079977095, 0.00102973752655, 0.000438236689661, 0.000274553662166, 0.0001695597457, 0.000173248467036, 0.000107927349745, 5.64854890399e-05, 3.53439863829e-05, 2.00949780265e-05, 1.5043350686e-05, 1.08422063931e-05, 1.04460013972e-05, 8.63062632561e-06, 1.36727576319e-05, 9.14970405574e-06, 7.98268229119e-06, 5.07800314153e-06, 5.15709052706e-06, 4.76410650663e-06, 4.96718075738e-06, 4.9272148317e-06, 6.21893514108e-06, 5.64356878385e-06, 5.3776511777e-06, 4.38663391833e-06, 3.85612747777e-06, 3.20322374137e-06, 3.7996676383e-06, 4.42259261035e-06, 3.54714870809e-06, 2.88836008622e-06, 2.73592331723e-06, 2.27029909183e-06, 1.676175998e-06, 1.50805522026e-06], "dmean": [0.00398158794269, 0.00301971053705, 0.00173585128505, 0.000745007069781, 0.000558289932087, 0.000639020756353, 0.000273941754131, 0.000169417602592, 0.000109711872938, 0.000111505185487, 6.96858915035e-05, 3.5554767237e-05, 2.29666384257e-05, 1.26137729239e-05, 9.53611197474e-06, 6.84634778736e-06, 6.5159465521e-06, 5.5086525208e-06, 8.7048374553e-06, 5.8442833506e-06, 5.09127994519e-06, 3.1615993521e-06, 3.22086020788e-06, 3.05766047859e-06, 3.16833234137e-06, 3.07543405142e-06, 3.92133188143e-06, 3.75036279365e-06, 3.51453877556e-06, 2.86933550342e-06, 2.61263835455e-06, 2.16361922867e-06, 2.54564929492e-06, 2.96355642604e-06, 2.3795105335e-06, 2.01781858777e-06, 1.90045921045e-06, 1.58271700457e-06, 1.19559501854e-06, 1.06179470549e-06], "var": [9.84171565506e-05, 5.80157939112e-05, 2.1060466679e-05, 4.04741876991e-06, 1.83962231404e-06, 2.21686377699e-06, 5.07951710915e-07, 2.30453636618e-07, 1.04622500885e-07, 1.3393147924e-07, 6.1776347593e-08, 2.47471430015e-08, 8.53007975365e-09, 2.50893306131e-09, 1.08934838927e-09, 6.57524368286e-10, 4.15939560572e-10, 3.74065722841e-10, 6.92389701129e-10, 6.00714811227e-10, 2.57919019475e-10, 7.47185993633e-11, 8.03580674225e-11, 9.57221663045e-11, 8.94094728809e-11, 1.46403000834e-10, 2.59958471416e-10, 2.41319131344e-10, 1.7081137893e-10, 1.38954972528e-10, 1.34331545887e-10, 7.30277574523e-11, 1.04108062449e-10, 1.52870799353e-10, 1.20949888993e-10, 1.21250454121e-10, 1.17521339882e-10, 9.23045945234e-11, 6.65374630393e-11, 4.54849526099e-11], "dvar": [8.66454429342e-05, 7.35286812414e-05, 2.77272956737e-05, 4.93818151881e-06, 9.05559716102e-07, 1.20311005958e-06, 2.76075439842e-07, 1.29516777747e-07, 5.29404147187e-08, 6.57040502006e-08, 3.38708758818e-08, 1.46600056539e-08, 4.18853174367e-09, 1.32071309444e-09, 6.51506737448e-10, 4.22867657557e-10, 2.2039814418e-10, 1.92821689171e-10, 3.88669457729e-10, 2.89084173266e-10, 1.28679483735e-10, 4.44467310179e-11, 5.16040613019e-11, 5.42709904794e-11, 5.27080046275e-11, 7.80305958736e-11, 1.52160090083e-10, 1.31444938267e-10, 1.06289380075e-10, 8.54152790164e-11, 8.37435260026e-11, 4.27686948357e-11, 6.68437388773e-11, 1.06152246715e-10, 7.57234136506e-11, 6.3441481235e-11, 5.70112325404e-11, 5.35963877446e-11, 3.1272966855e-11, 2.11629099661e-11], "mean": [0.00617669569328, 0.00423643831164, 0.00205068360083, 0.00108842388727, 0.00103067676537, 0.00115066068247, 0.000501940550748, 0.000301380699966, 0.000199761896511, 0.000201035465579, 0.000125962396851, 6.2859558966e-05, 4.11481414631e-05, 2.08418114198e-05, 1.55134075612e-05, 1.14071790449e-05, 1.0663611647e-05, 9.28260396904e-06, 1.39225921885e-05, 9.4767583505e-06, 8.17601721792e-06, 4.86364206154e-06, 4.81547522213e-06, 4.89678859594e-06, 4.99549150845e-06, 4.64630966235e-06, 5.50727600057e-06, 5.43488431504e-06, 4.8056272135e-06, 3.91391040466e-06, 3.75574677491e-06, 3.04471814161e-06, 3.43985220752e-06, 3.85228076993e-06, 3.20307867696e-06, 2.86962335849e-06, 2.80850986201e-06, 2.33601417676e-06, 1.72919385477e-06, 1.5202231225e-06]}, "spectral_entropy": {"min": 5.37952899933, "max": 9.81611824036, "dvar2": 0.0887370705605, "median": 7.28409099579, "dmean2": 0.302643090487, "dmean": 0.212322458625, "var": 0.307351529598, "dvar": 0.0487924776971, "mean": 7.30872249603}, "spectral_rolloff": {"min": 43.06640625, "max": 19487.5488281, "dvar2": 4711794, "median": 430.6640625, "dmean2": 800.985900879, "dmean": 456.874908447, "var": 4370060, "dvar": 1965297.625, "mean": 1003.30432129}, "barkbands": {"min": [7.18245774771e-25, 3.75809075398e-24, 2.90153887778e-24, 1.55485352166e-24, 9.92710451739e-24, 4.7403716757e-24, 1.39942378419e-23, 1.02338799017e-23, 2.08682423968e-23, 2.14679186797e-23, 5.5081084636e-24, 2.80898474655e-23, 2.74882021858e-23, 4.21410158212e-23, 4.37678710443e-23, 5.22090424507e-23, 9.77038562343e-23, 9.59970136709e-23, 1.52008485592e-22, 2.15577080901e-22, 3.18076214319e-22, 3.70133814409e-22, 4.42440502059e-22, 5.84175052547e-22, 9.28674118711e-22, 1.36746132388e-21, 2.09770438599e-21], "max": [0.0216983612627, 0.273016929626, 0.11256301403, 0.17853218317, 0.101577222347, 0.0891057029366, 0.0484742410481, 0.0299812071025, 0.0474458709359, 0.0221569016576, 0.0154220014811, 0.00882766023278, 0.00808747205883, 0.00314830616117, 0.00663080764934, 0.006780622527, 0.00239971163683, 0.00370420748368, 0.00555817689747, 0.00865271594375, 0.0108520137146, 0.00882520154119, 0.00915626250207, 0.0208831205964, 0.0164791122079, 0.0115919429809, 0.00121071387548], "dvar2": [6.05408604315e-06, 0.00354865449481, 0.000399747892516, 0.000520209898241, 0.000199325120775, 7.61389674153e-05, 1.30293983602e-05, 2.95240238302e-06, 7.90838930698e-06, 2.83957706415e-06, 6.69697726607e-07, 2.04895286515e-07, 1.26796351196e-07, 5.99307128368e-08, 1.23787870621e-07, 7.28930587002e-08, 2.83547603175e-08, 4.43693863872e-08, 9.73451079744e-08, 2.65969788416e-07, 2.83972070747e-07, 2.71018166131e-07, 5.28266923538e-07, 5.87698480103e-07, 3.30148623107e-07, 9.82572828434e-07, 3.38909913467e-08], "median": [0.000123345816974, 0.0127844102681, 0.00185149349272, 0.00142063363455, 0.00262852432206, 0.00358410272747, 0.00108469370753, 0.000401805154979, 0.000764380791225, 0.000130177053506, 0.000108464199002, 6.55482363072e-05, 4.68811813334e-05, 4.69208753202e-05, 7.09160449333e-05, 5.51386692678e-05, 3.49220936187e-05, 3.65297346434e-05, 3.63226499758e-05, 4.40606963821e-05, 3.16296645906e-05, 2.13344083022e-05, 1.92259831238e-05, 2.36790510826e-05, 1.58296315931e-05, 7.03780551703e-06, 1.60700233209e-06], "dmean2": [0.000974536524154, 0.0251637976617, 0.00678324978799, 0.00720189185813, 0.00537510029972, 0.00541489478201, 0.00196303147823, 0.000809156801552, 0.00130987586454, 0.000507115153596, 0.000285303220153, 0.000174627450178, 0.000112676760182, 0.000111402987386, 0.000162956566783, 0.000125206686789, 8.61207372509e-05, 9.54912247835e-05, 0.000121961711557, 0.000180287417606, 0.000176127941813, 0.00017529829347, 0.000204657713766, 0.000183139869478, 0.000163095115568, 0.000255635473877, 5.85792295169e-05], "dmean": [0.000615124881733, 0.014379883185, 0.0037268223241, 0.00417650258169, 0.00312652718276, 0.00337982107885, 0.00120830943342, 0.000510890269652, 0.000850989716128, 0.000319899903843, 0.000186759702046, 0.000109826338303, 7.0684691309e-05, 7.01471581124e-05, 0.000103212318209, 8.01877758931e-05, 5.40785658814e-05, 6.14115633653e-05, 7.71527193137e-05, 0.000118852054584, 0.000118516283692, 0.000119775373605, 0.000141301759868, 0.000132807574118, 0.000112788860861, 0.000150634790771, 3.40374499501e-05], "var": [5.03736464452e-06, 0.00118219677825, 9.52878544922e-05, 0.000149100349518, 5.90186828049e-05, 5.92079741182e-05, 9.17782381293e-06, 2.00067734113e-06, 6.31365719528e-06, 1.81626774065e-06, 5.15143085522e-07, 1.5977109058e-07, 7.71737802552e-08, 4.86230042895e-08, 8.91080915721e-08, 7.40743573147e-08, 2.11859525479e-08, 3.5939645926e-08, 7.99066413038e-08, 2.45318574343e-07, 2.38552587462e-07, 2.29705861443e-07, 4.3224670776e-07, 6.48919581181e-07, 3.50233875679e-07, 2.66549506023e-07, 9.0357028526e-09], "dvar": [2.50195989793e-06, 0.00119825045113, 0.000134428191814, 0.000192310501006, 6.92564935889e-05, 2.96293601423e-05, 5.09501023771e-06, 1.15746559004e-06, 3.12999463858e-06, 1.0158034911e-06, 2.62663576223e-07, 8.03313326969e-08, 5.12477278392e-08, 2.44075533118e-08, 5.15234539478e-08, 3.46633051151e-08, 1.22604477681e-08, 1.97647800348e-08, 4.32857873989e-08, 1.28112404241e-07, 1.36914493964e-07, 1.29090153678e-07, 2.45328379833e-07, 2.96817376011e-07, 1.68854683125e-07, 3.54033119265e-07, 1.25475319024e-08], "mean": [0.000970816588961, 0.0216355007142, 0.00458459975198, 0.00447973702103, 0.00480191269889, 0.00611219694838, 0.00208157417364, 0.000873769226018, 0.00156071037054, 0.000540790788364, 0.000323341984767, 0.000184392411029, 0.000115640024887, 0.00011692433327, 0.000169245613506, 0.000132711138576, 8.45955801196e-05, 9.99471885734e-05, 0.000121008553833, 0.000179755268618, 0.000171050734934, 0.000171674750163, 0.000197318469873, 0.000205743184779, 0.000152428910951, 0.000135759211844, 2.69630854746e-05]}, "melbands_flatness_db": {"min": 0.00443851947784, "max": 0.559035718441, "dvar2": 0.00251552159898, "median": 0.268497943878, "dmean2": 0.047285374254, "dmean": 0.0312231108546, "var": 0.00556477950886, "dvar": 0.00102799164597, "mean": 0.267125725746}, "melbands_skewness": {"min": -2.3014588356, "max": 26.2433891296, "dvar2": 5.89723062515, "median": 3.08384847641, "dmean2": 1.79873847961, "dmean": 1.14288532734, "var": 6.52910757065, "dvar": 2.3902990818, "mean": 3.65587806702}, "barkbands_skewness": {"min": -3.69152665138, "max": 22.6721305847, "dvar2": 3.87290000916, "median": 2.43648576736, "dmean2": 1.4356546402, "dmean": 0.897714793682, "var": 3.76577758789, "dvar": 1.47213017941, "mean": 2.7305290699}, "silence_rate_60dB": {"min": 0, "max": 1, "dvar2": 0.0232043787837, "median": 0, "dmean2": 0.0204342268407, "dmean": 0.0102160265669, "var": 0.0749458521605, "dvar": 0.0101138195023, "mean": 0.0816131085157}, "spectral_energyband_low": {"min": 9.83018348885e-24, "max": 0.29778689146, "dvar2": 0.00477890856564, "median": 0.0201800260693, "dmean2": 0.0310893841088, "dmean": 0.0178425759077, "var": 0.00176018709317, "dvar": 0.0016684740549, "mean": 0.0292027015239}, "spectral_energyband_middle_low": {"min": 1.3895753291e-22, "max": 0.242762356997, "dvar2": 0.00118663546164, "median": 0.0160554610193, "dmean2": 0.0154173728079, "dmean": 0.00923804286867, "var": 0.000464925222332, "dvar": 0.000440298696049, "mean": 0.0201269518584}, "melbands_kurtosis": {"min": -1.85254693031, "max": 1518.6875, "dvar2": 6952.94189453, "median": 17.3034973145, "dmean2": 33.4358253479, "dmean": 20.0649166107, "var": 5231.52978516, "dvar": 2604.37524414, "mean": 33.7296066284}, "spectral_decrease": {"min": -8.17007332898e-08, "max": 1.33609343591e-28, "dvar2": 3.74534384702e-16, "median": -1.05753850121e-08, "dmean2": 1.03821280462e-08, "dmean": 6.02614402823e-09, "var": 1.5039014392e-16, "dvar": 1.32773049757e-16, "mean": -1.28080239747e-08}, "erbbands_kurtosis": {"min": -1.87483596802, "max": 48.3600349426, "dvar2": 12.285697937, "median": 1.44447159767, "dmean2": 2.69851922989, "dmean": 1.70265519619, "var": 12.4265298843, "dvar": 5.13024997711, "mean": 2.19152545929}, "melbands_crest": {"min": 1.68122029305, "max": 35.9300765991, "dvar2": 29.0441875458, "median": 15.6425170898, "dmean2": 5.60620689392, "dmean": 3.41506958008, "var": 32.8805961609, "dvar": 11.3471050262, "mean": 16.4565544128}, "gfcc": {"cov": [[12331.3037109, 127.352775574, 197.135314941, 512.430358887, -328.872619629, 172.894897461, -76.043838501, 203.369888306, -70.7703094482, 276.819671631, -206.001403809, 80.0701522827, -52.2081871033], [127.352775574, 1918.73999023, -292.120849609, -58.6101531982, 246.288360596, -82.6261520386, 90.6393432617, -7.94709587097, 148.497665405, -101.965812683, 155.225967407, -92.2859039307, 179.412734985], [197.135314941, -292.120849609, 753.907531738, 204.734741211, 128.105224609, 201.26940918, 81.2463378906, 62.0170211792, 53.5981712341, 86.8558349609, 9.60307025909, 56.241771698, -48.9937019348], [512.430358887, -58.6101531982, 204.734741211, 498.7918396, 159.813644409, 119.916664124, 114.484779358, 99.815284729, 83.1528320312, 39.0265693665, 17.6449317932, -15.2820148468, -0.326310753822], [-328.872619629, 246.288360596, 128.105224609, 159.813644409, 344.150024414, 84.8165740967, 119.148414612, 82.3622894287, 78.1424713135, 19.0124149323, 32.1315727234, -2.69386577606, 16.7789802551], [172.894897461, -82.6261520386, 201.26940918, 119.916664124, 84.8165740967, 288.533447266, 137.503463745, 78.0268936157, 65.508895874, 49.1817741394, 32.806968689, 8.21432590485, 0.961498260498], [-76.043838501, 90.6393432617, 81.2463378906, 114.484779358, 119.148414612, 137.503463745, 205.679199219, 92.2109832764, 69.0907211304, 34.6084899902, 40.3607254028, -3.98306941986, 6.04887866974], [203.369888306, -7.94709587097, 62.0170211792, 99.815284729, 82.3622894287, 78.0268936157, 92.2109832764, 152.853012085, 83.0115509033, 40.6521644592, 25.5524864197, 9.4646396637, 21.7093334198], [-70.7703094482, 148.497665405, 53.5981712341, 83.1528320312, 78.1424713135, 65.508895874, 69.0907211304, 83.0115509033, 155.589797974, 48.4291114807, 53.9257392883, 4.81831598282, 45.3941993713], [276.819671631, -101.965812683, 86.8558349609, 39.0265693665, 19.0124149323, 49.1817741394, 34.6084899902, 40.6521644592, 48.4291114807, 119.58140564, 38.5104827881, 30.1573848724, -4.89126253128], [-206.001403809, 155.225967407, 9.60307025909, 17.6449317932, 32.1315727234, 32.806968689, 40.3607254028, 25.5524864197, 53.9257392883, 38.5104827881, 120.753059387, 27.8272590637, 43.7180633545], [80.0701522827, -92.2859039307, 56.241771698, -15.2820148468, -2.69386577606, 8.21432590485, -3.98306941986, 9.4646396637, 4.81831598282, 30.1573848724, 27.8272590637, 88.3158721924, 19.6429271698], [-52.2081871033, 179.412734985, -48.9937019348, -0.326310753822, 16.7789802551, 0.961498260498, 6.04887866974, 21.7093334198, 45.3941993713, -4.89126253128, 43.7180633545, 19.6429271698, 106.544807434]], "icov": [[0.00014413901954, -0.000221312962822, 1.88065187103e-05, -0.000272329314612, 0.000358380464604, -0.000208760306123, 0.000256295053987, -0.00042075876263, 0.000402848701924, -0.000612266769167, 0.000598850892857, -0.000355158525053, 8.77536658663e-05], [-0.000221312962822, 0.00140186143108, 9.77109084488e-05, 0.000732785556465, -0.00132400728762, 0.000799836823717, -0.000887138652615, 0.00139396113809, -0.00141750066541, 0.00178829871584, -0.00205910718068, 0.00182146090083, -0.00125913624652], [1.88065187103e-05, 9.77109084488e-05, 0.0020930157043, -0.000538220338058, -0.000509122561198, -0.00121861742809, 0.000501759466715, 0.000280844222289, -0.000326129520545, -0.000541247369256, 0.000314118777169, -0.00138067419175, 0.0010507061379], [-0.000272329314612, 0.000732785556465, -0.000538220338058, 0.0034211978782, -0.00156773149502, 0.00039911782369, -0.00101382250432, 0.00020377234614, -0.00135779147968, 0.00130165868904, -0.00133056845516, 0.00195986405015, -0.000522193266079], [0.000358380464604, -0.00132400728762, -0.000509122561198, -0.00156773149502, 0.00563032831997, -0.00046782696154, -0.000709807907697, -0.00208776979707, 0.000766698096413, -0.00139646825846, 0.00208107661456, -0.00164910510648, 0.000808801036328], [-0.000208760306123, 0.000799836823717, -0.00121861742809, 0.00039911782369, -0.00046782696154, 0.0066598765552, -0.00396429933608, 0.000561891472898, -0.00124391040299, 0.000786780554336, -0.00151094142348, 0.00148905639071, -0.000972605776042], [0.000256295053987, -0.000887138652615, 0.000501759466715, -0.00101382250432, -0.000709807907697, -0.00396429933608, 0.010613177903, -0.00424791872501, 0.000863696972374, -0.00135931838304, -0.000305565568851, -0.000306934118271, 0.00200922321528], [-0.00042075876263, 0.00139396113809, 0.000280844222289, 0.00020377234614, -0.00208776979707, 0.000561891472898, -0.00424791872501, 0.0135617451742, -0.00575264589861, 0.000970347085968, -0.000794153776951, 0.000591093150433, -0.00190976192243], [0.000402848701924, -0.00141750066541, -0.000326129520545, -0.00135779147968, 0.000766698096413, -0.00124391040299, 0.000863696972374, -0.00575264589861, 0.0141071584076, -0.00540920160711, 0.000164828015841, 0.000612572184764, -0.0029955287464], [-0.000612266769167, 0.00178829871584, -0.000541247369256, 0.00130165868904, -0.00139646825846, 0.000786780554336, -0.00135931838304, 0.000970347085968, -0.00540920160711, 0.015791580081, -0.00634062290192, -0.000905975932255, 0.00233434769325], [0.000598850892857, -0.00205910718068, 0.000314118777169, -0.00133056845516, 0.00208107661456, -0.00151094142348, -0.000305565568851, -0.000794153776951, 0.000164828015841, -0.00634062290192, 0.0162434112281, -0.00530387135223, -0.00228231516667], [-0.000355158525053, 0.00182146090083, -0.00138067419175, 0.00195986405015, -0.00164910510648, 0.00148905639071, -0.000306934118271, 0.000591093150433, 0.000612572184764, -0.000905975932255, -0.00530387135223, 0.0175809320062, -0.00509440014139], [8.77536658663e-05, -0.00125913624652, 0.0010507061379, -0.000522193266079, 0.000808801036328, -0.000972605776042, 0.00200922321528, -0.00190976192243, -0.0029955287464, 0.00233434769325, -0.00228231516667, -0.00509440014139, 0.0154461720958]], "mean": [-13.5164470673, 96.3403549194, -74.6950912476, 27.1333179474, -60.8736686707, 4.64324140549, -35.1684951782, 10.0083703995, -17.0522346497, 4.20297574997, -13.1418514252, 0.955991387367, -5.56721401215]}, "melbands_spread": {"min": 0.230729565024, "max": 230.036315918, "dvar2": 275.433441162, "median": 7.69154882431, "dmean2": 7.55104589462, "dmean": 4.81381559372, "var": 412.611724854, "dvar": 122.916152954, "mean": 12.7869472504}, "spectral_energy": {"min": 1.02724749151e-20, "max": 0.312785685062, "dvar2": 0.00544925080612, "median": 0.0418673083186, "dmean2": 0.0398565530777, "dmean": 0.0232213679701, "var": 0.00223342329264, "dvar": 0.00193950382527, "mean": 0.0502303503454}, "mfcc": {"cov": [[8335.86328125, 249.213470459, 330.057220459, 331.574981689, -45.1584777832, 90.5097808838, 15.5171861649, -40.9729270935, 108.819458008, 175.498626709, 35.4531478882, -38.5655975342, -32.9880599976], [249.213470459, 1701.42565918, -255.306060791, 9.53511428833, 79.4959182739, -69.3413314819, 16.4918479919, 3.22749352455, 20.0680179596, 32.866317749, -36.9190406799, -13.7726106644, 29.4295921326], [330.057220459, -255.306060791, 593.365783691, 57.9011116028, 93.1895980835, 151.063827515, 56.0764274597, 65.844581604, 41.8549766541, 42.0342445374, 64.4860153198, 63.6996192932, 39.4864883423], [331.574981689, 9.53511428833, 57.9011116028, 391.298583984, 141.309020996, 58.3112640381, 57.8562774658, 59.8212203979, 73.1910400391, 52.7497673035, 34.8687820435, 47.0992431641, 30.8835468292], [-45.1584777832, 79.4959182739, 93.1895980835, 141.309020996, 232.837905884, 81.0384063721, 60.7289428711, 68.3904495239, 71.9532012939, 47.9369812012, 30.0228729248, 41.6785926819, 40.1750335693], [90.5097808838, -69.3413314819, 151.063827515, 58.3112640381, 81.0384063721, 207.598815918, 99.9394607544, 70.1382141113, 51.2225990295, 50.5467987061, 56.9230613708, 39.7572517395, 26.5519046783], [15.5171861649, 16.4918479919, 56.0764274597, 57.8562774658, 60.7289428711, 99.9394607544, 173.613555908, 86.4703140259, 53.3057556152, 51.4819908142, 54.5050430298, 33.7669944763, 20.705499649], [-40.9729270935, 3.22749352455, 65.844581604, 59.8212203979, 68.3904495239, 70.1382141113, 86.4703140259, 145.181793213, 83.7311325073, 43.9513320923, 39.0900344849, 38.3050422668, 24.3322696686], [108.819458008, 20.0680179596, 41.8549766541, 73.1910400391, 71.9532012939, 51.2225990295, 53.3057556152, 83.7311325073, 139.914001465, 77.7906723022, 38.3253250122, 32.5518035889, 27.9540309906], [175.498626709, 32.866317749, 42.0342445374, 52.7497673035, 47.9369812012, 50.5467987061, 51.4819908142, 43.9513320923, 77.7906723022, 124.362159729, 61.6502609253, 22.8916301727, 21.9684886932], [35.4531478882, -36.9190406799, 64.4860153198, 34.8687820435, 30.0228729248, 56.9230613708, 54.5050430298, 39.0900344849, 38.3253250122, 61.6502609253, 107.646858215, 57.5871238708, 23.2494411469], [-38.5655975342, -13.7726106644, 63.6996192932, 47.0992431641, 41.6785926819, 39.7572517395, 33.7669944763, 38.3050422668, 32.5518035889, 22.8916301727, 57.5871238708, 99.6318435669, 49.1949958801], [-32.9880599976, 29.4295921326, 39.4864883423, 30.8835468292, 40.1750335693, 26.5519046783, 20.705499649, 24.3322696686, 27.9540309906, 21.9684886932, 23.2494411469, 49.1949958801, 91.2383956909]], "icov": [[0.000140350457514, -4.31991611549e-05, -0.000116416027595, -0.000164682089235, 0.000192284438526, -4.70256636618e-05, 1.17686677186e-05, 0.000155619214638, -0.000112146553874, -0.00017500348622, 4.79560694657e-05, 8.86666457518e-05, 7.21187170711e-05], [-4.31991611549e-05, 0.000694137706887, 0.000343071616953, 0.000148247665493, -0.00045932843932, 0.000242291614995, -0.00018509021902, -6.05586901656e-05, 0.000176530593308, -0.000346928689396, 0.000348922010744, -7.68691534176e-05, -0.000266292627202], [-0.000116416027595, 0.000343071616953, 0.00242063147016, 0.000231548008742, -0.000702189165168, -0.00132055755239, 0.00050295033725, -0.00053391372785, 0.000477558583952, -5.35143517482e-05, -0.000265765876975, -0.000656705407891, -0.000268607283942], [-0.000164682089235, 0.000148247665493, 0.000231548008742, 0.00362364505418, -0.00201985496096, 0.000182986434083, -0.00033380909008, -8.99358783499e-05, -0.000435731839389, -0.000253522361163, 0.000274269812508, -0.00103316619061, 0.00018347146397], [0.000192284438526, -0.00045932843932, -0.000702189165168, -0.00201985496096, 0.00730353640392, -0.001389770885, -0.000116827999591, -0.000512129045092, -0.00148913543671, -0.000377315504011, 0.000934577721637, -0.000349419540726, -0.000945792999119], [-4.70256636618e-05, 0.000242291614995, -0.00132055755239, 0.000182986434083, -0.001389770885, 0.00860012415797, -0.00333048845641, -0.000599864928517, 7.09103478584e-05, -0.0003969099198, -0.00128769525327, 0.000235343206441, -0.000285529182293], [1.17686677186e-05, -0.00018509021902, 0.00050295033725, -0.00033380909008, -0.000116827999591, -0.00333048845641, 0.0105067742988, -0.00453580636531, 0.00108008040115, -0.00100857054349, -0.00224158982746, 0.000556212500669, -1.15666462079e-05], [0.000155619214638, -6.05586901656e-05, -0.00053391372785, -8.99358783499e-05, -0.000512129045092, -0.000599864928517, -0.00453580636531, 0.0142216356471, -0.00701788254082, 0.0019268298056, -0.000114553804451, -0.00132381555159, 0.000403191312216], [-0.000112146553874, 0.000176530593308, 0.000477558583952, -0.000435731839389, -0.00148913543671, 7.09103478584e-05, 0.00108008040115, -0.00701788254082, 0.0162325073034, -0.00812469888479, 0.00218942575157, -0.00159172271378, -0.000611902738456], [-0.00017500348622, -0.000346928689396, -5.35143517482e-05, -0.000253522361163, -0.000377315504011, -0.0003969099198, -0.00100857054349, 0.0019268298056, -0.00812469888479, 0.0176275111735, -0.0091806082055, 0.00477220444009, -0.00183453864884], [4.79560694657e-05, 0.000348922010744, -0.000265765876975, 0.000274269812508, 0.000934577721637, -0.00128769525327, -0.00224158982746, -0.000114553804451, 0.00218942575157, -0.0091806082055, 0.0207894816995, -0.0108278663829, 0.00250985962339], [8.86666457518e-05, -7.68691534176e-05, -0.000656705407891, -0.00103316619061, -0.000349419540726, 0.000235343206441, 0.000556212500669, -0.00132381555159, -0.00159172271378, 0.00477220444009, -0.0108278663829, 0.0211139302701, -0.00828369520605], [7.21187170711e-05, -0.000266292627202, -0.000268607283942, 0.00018347146397, -0.000945792999119, -0.000285529182293, -1.15666462079e-05, 0.000403191312216, -0.000611902738456, -0.00183453864884, 0.00250985962339, -0.00828369520605, 0.0159772019833]], "mean": [-668.476501465, 132.805725098, 34.8566474915, 26.4281387329, 2.31098294258, -2.19660210609, -3.71693205833, -0.232265904546, 1.5666834116, 4.90689659119, -2.84450864792, -0.838633239269, 0.236143603921]}, "spectral_contrast_valleys": {"min": [-27.8223991394, -27.8726997375, -27.6261196136, -27.4963607788, -27.4395580292, -27.3504009247], "max": [-4.92948961258, -4.40097093582, -5.39778137207, -5.90371751785, -5.73058748245, -6.98678588867], "dvar2": [0.363933324814, 0.230107456446, 0.188321724534, 0.189586699009, 0.302042424679, 0.242536514997], "median": [-6.51524353027, -6.41627025604, -7.75412845612, -8.22126579285, -8.02890872955, -10.1647396088], "dmean2": [0.666291356087, 0.515142500401, 0.478909432888, 0.426288187504, 0.393266797066, 0.378574103117], "dmean": [0.409751951694, 0.32124966383, 0.304596245289, 0.275875657797, 0.279129683971, 0.324986279011], "var": [2.90558838844, 2.08487343788, 1.70914304256, 1.67883980274, 1.92952084541, 1.97759246826], "dvar": [0.184762254357, 0.113324247301, 0.100500665605, 0.102622240782, 0.163884535432, 0.16848115623], "mean": [-7.05300235748, -6.64206552505, -7.87831258774, -8.34999084473, -8.10923194885, -10.1777057648]}, "barkbands_flatness_db": {"min": 0.0215388871729, "max": 0.437858641148, "dvar2": 0.00182551064063, "median": 0.173940837383, "dmean2": 0.0414513871074, "dmean": 0.0269576907158, "var": 0.00320765073411, "dvar": 0.00071138900239, "mean": 0.176463484764}, "dynamic_complexity": 3.49423933029, "erbbands_flatness_db": {"min": 0.0360967367887, "max": 0.346298068762, "dvar2": 0.000711696222425, "median": 0.144468188286, "dmean2": 0.028714524582, "dmean": 0.020086556673, "var": 0.0019520635251, "dvar": 0.000385302933864, "mean": 0.144509941339}, "hfc": {"min": 1.0920130074e-16, "max": 346.949127197, "dvar2