{"lowlevel": {"spectral_complexity": {"min": 0, "max": 37, "dvar2": 19.1655101776, "median": 4, "dmean2": 2.98725366592, "dmean": 1.99420964718, "var": 22.9569454193, "dvar": 9.66174221039, "mean": 4.70717573166}, "silence_rate_20dB": {"min": 1, "max": 1, "dvar2": 0, "median": 1, "dmean2": 0, "dmean": 0, "var": 0, "dvar": 0, "mean": 1}, "average_loudness": 0.81947684288, "erbbands_spread": {"min": 0.346580535173, "max": 154.710601807, "dvar2": 938.516845703, "median": 13.3684577942, "dmean2": 20.0991744995, "dmean": 12.2246656418, "var": 481.730285645, "dvar": 371.701202393, "mean": 21.0390739441}, "spectral_kurtosis": {"min": -1.43792438507, "max": 296.986938477, "dvar2": 362.927978516, "median": 8.94361686707, "dmean2": 9.55549240112, "dmean": 6.02862453461, "var": 864.165588379, "dvar": 126.549667358, "mean": 16.0363540649}, "barkbands_kurtosis": {"min": -1.95248734951, "max": 292.291534424, "dvar2": 1301.45153809, "median": 16.6064662933, "dmean2": 23.7980136871, "dmean": 15.2555027008, "var": 971.279785156, "dvar": 541.585754395, "mean": 25.3405056}, "spectral_strongpeak": {"min": 0, "max": 10.7967748642, "dvar2": 1.93727469444, "median": 0.561839342117, "dmean2": 0.893483698368, "dmean": 0.575352430344, "var": 1.42514622211, "dvar": 0.818545818329, "mean": 0.981259763241}, "spectral_spread": {"min": 292691.4375, "max": 23392166, "dvar2": 4742915293180.0, "median": 4545377, "dmean2": 1839748.625, "dmean": 1252133.75, "var": 8029843488770.0, "dvar": 2446575009790.0, "mean": 5177191}, "spectral_rms": {"min": 6.67367112328e-06, "max": 0.0130674093962, "dvar2": 3.80203141503e-06, "median": 0.00206873263232, "dmean2": 0.00138350110501, "dmean": 0.000983253819868, "var": 6.11543327977e-06, "dvar": 1.99327951123e-06, "mean": 0.00277679297142}, "erbbands": {"min": [5.76974246158e-10, 3.80514869613e-10, 8.07439892725e-10, 6.12370110176e-09, 2.69033311184e-08, 4.09141364344e-07, 9.62897593126e-06, 2.1222525902e-05, 5.65976115467e-05, 1.49697016241e-05, 1.11357476271e-05, 3.80097262678e-05, 2.19665525947e-05, 9.06502737053e-06, 6.30426939097e-06, 2.16583725887e-06, 1.07900029889e-06, 1.46362970099e-06, 1.96291375687e-06, 2.54524320553e-06, 1.69267832462e-06, 1.35461652917e-06, 1.16678018003e-06, 9.66080961007e-07, 6.52932840239e-07, 8.91721811058e-07, 7.14433383564e-07, 7.59419037877e-07, 5.35554818271e-07, 5.17782268616e-07, 4.59621929849e-07, 4.63611712576e-07, 4.82799293877e-07, 3.26329626432e-07, 2.3098937163e-07, 1.48977875369e-07, 7.04280438413e-08, 2.28444250183e-08, 3.4195588583e-09, 1.35387789868e-09], "max": [0.0388474352658, 0.775399327278, 2.03470253944, 11.151348114, 87.8032073975, 203.309494019, 529.432434082, 648.09576416, 2365.8449707, 1476.35339355, 1277.86975098, 1474.68859863, 441.367431641, 715.041381836, 913.592224121, 780.597045898, 288.466247559, 219.47013855, 531.574157715, 395.227783203, 273.410491943, 153.162902832, 445.210449219, 419.696990967, 220.756347656, 136.80368042, 45.0073127747, 168.156539917, 572.41973877, 273.479278564, 107.584907532, 220.595916748, 352.390106201, 130.772796631, 91.2473526001, 50.3505096436, 11.8445663452, 3.42100787163, 0.512072265148, 0.0266754366457], "dvar2": [1.24617718029e-05, 0.00344205554575, 0.0326529704034, 0.835713148117, 62.3044204712, 312.356140137, 1170.99914551, 5486.61376953, 50824.9179688, 22474.1289062, 12146.2509766, 11968.34375, 1916.33178711, 1178.64575195, 1855.82446289, 3287.22827148, 329.990722656, 254.588806152, 1123.44897461, 1100.72875977, 390.538452148, 292.80178833, 1320.81225586, 895.330322266, 360.757049561, 108.775192261, 30.3002738953, 162.27583313, 879.034057617, 341.819091797, 67.2935943604, 105.176811218, 298.43649292, 92.8709411621, 15.5004816055, 4.15926599503, 0.244691044092, 0.018176022917, 0.000335509597789, 8.77727302395e-07], "median": [5.53307909286e-05, 0.000799532630481, 0.00999869406223, 0.0966909080744, 0.895216941833, 0.814860999584, 0.892102956772, 2.22326993942, 2.71467375755, 2.08555984497, 0.939197421074, 0.696653187275, 0.708702147007, 0.476221144199, 0.303444266319, 0.211240768433, 0.21924585104, 0.273516327143, 0.340222626925, 0.247778087854, 0.186157047749, 0.186352804303, 0.19370098412, 0.181971460581, 0.154370293021, 0.132190361619, 0.105494424701, 0.0679267644882, 0.0221672803164, 0.0156372822821, 0.0296660065651, 0.0392996147275, 0.085820697248, 0.0866256058216, 0.0534986183047, 0.0243599899113, 0.00562231522053, 0.00192249985412, 0.000374426017515, 3.63328254025e-05], "dmean2": [0.000751624058466, 0.0137960910797, 0.0548874847591, 0.456288069487, 4.42173528671, 7.54676008224, 7.38500738144, 29.8133716583, 86.3840866089, 49.7448272705, 30.3736667633, 26.1093826294, 14.6816520691, 9.08141422272, 7.2850112915, 9.01978874207, 4.36706209183, 4.60267162323, 7.53825998306, 8.29614639282, 4.27404546738, 4.35676765442, 6.52995014191, 5.24541187286, 4.32397556305, 2.69507026672, 1.86739122868, 3.62609243393, 6.62906217575, 4.22326660156, 2.12025475502, 2.41515851021, 3.54076504707, 2.37352848053, 1.11309111118, 0.534284949303, 0.143322780728, 0.0386194512248, 0.00559746986255, 0.000273297424428], "dmean": [0.000432553555584, 0.00780728785321, 0.0325884409249, 0.341273784637, 3.17890715599, 5.19860935211, 4.85010290146, 20.5697021484, 57.2640037537, 32.2181625366, 20.6189556122, 18.1901073456, 10.0438394547, 6.52730417252, 5.13239622116, 6.0892906189, 2.99317479134, 3.07594108582, 4.74767780304, 5.09288692474, 2.62609386444, 2.64279294014, 3.91390037537, 3.20273423195, 2.83456039429, 1.71364951134, 1.19613087177, 2.48845982552, 4.78459882736, 2.93801450729, 1.47848010063, 1.75849187374, 2.50616455078, 1.65518522263, 0.819034516811, 0.409618765116, 0.107536904514, 0.0278786551207, 0.00394174735993, 0.000195262313355], "var": [3.1544579997e-06, 0.000770853948779, 0.00984829291701, 1.88889300823, 134.734634399, 490.086517334, 1848.98413086, 4406.00292969, 31822.4726562, 15019.6425781, 9202.99511719, 6920.79101562, 1472.85656738, 1013.09014893, 1201.15563965, 1467.2310791, 240.456939697, 186.677154541, 439.083648682, 381.262939453, 101.826408386, 90.6342468262, 365.727783203, 318.116760254, 202.035415649, 54.252658844, 17.0550060272, 123.592773438, 937.244018555, 288.22076416, 70.857963562, 115.84526825, 268.558349609, 88.6817092896, 23.4769134521, 5.78327655792, 0.363950103521, 0.0239335298538, 0.000444731820608, 1.17284776024e-06], "dvar": [4.61393210571e-06, 0.00122179999016, 0.0118379639462, 0.49001327157, 39.1101493835, 170.71786499, 524.74597168, 2628.69995117, 23806.7089844, 10804.9726562, 5727.52587891, 5674.4296875, 971.09387207, 655.023010254, 908.655273438, 1404.87805176, 158.430648804, 125.844314575, 448.35357666, 418.822662354, 142.266479492, 109.600692749, 476.439117432, 353.878234863, 170.924804688, 49.6223526001, 13.5538158417, 78.9359893799, 515.94921875, 173.851165771, 34.3622665405, 58.8669929504, 157.847824097, 48.6104049683, 10.1531410217, 2.69808411598, 0.161110982299, 0.0114877512679, 0.000218974673771, 5.86703094996e-07], "mean": [0.00034849048825, 0.00596788153052, 0.0385509394109, 0.753972768784, 6.38877010345, 8.63801383972, 8.89943218231, 30.4365825653, 67.2142181396, 37.0993728638, 24.7948570251, 19.1211071014, 12.8257579803, 7.90638208389, 5.92678165436, 6.13079023361, 3.53631234169, 3.78268241882, 4.88384151459, 4.82970285416, 2.45436549187, 2.53205990791, 3.58823251724, 2.95675563812, 2.79783129692, 1.74245285988, 1.27947366238, 2.72093105316, 5.43918228149, 3.25096011162, 1.82448363304, 2.16324734688, 3.06034660339, 2.06540346146, 1.05775892735, 0.525657892227, 0.139083355665, 0.0365773551166, 0.00510806078091, 0.00026000890648]}, "zerocrossingrate": {"min": 0.00634765625, "max": 0.52978515625, "dvar2": 0.00170644163154, "median": 0.0390625, "dmean2": 0.029575528577, "dmean": 0.0287636388093, "var": 0.00960620585829, "dvar": 0.00176862219814, "mean": 0.0822273567319}, "spectral_contrast_coeffs": {"min": [-0.910708248615, -0.931588351727, -0.95945751667, -0.935659110546, -0.934157550335, -0.959813416004], "max": [-0.213506668806, -0.270232796669, -0.411823540926, -0.585183978081, -0.607409954071, -0.675104379654], "dvar2": [0.00824942067266, 0.00866959150881, 0.00362675078213, 0.0026298367884, 0.00147195206955, 0.000961406214628], "median": [-0.544916927814, -0.711845040321, -0.791298747063, -0.814333438873, -0.820446610451, -0.821593284607], "dmean2": [0.103991627693, 0.104818508029, 0.0686454623938, 0.0580902583897, 0.0446986332536, 0.0328986123204], "dmean": [0.06901063025, 0.0722114443779, 0.0453125573695, 0.0385629199445, 0.0293509941548, 0.0224926117808], "var": [0.0267610158771, 0.0222012251616, 0.009152315557, 0.00465833256021, 0.00277901533991, 0.00171146390494], "dvar": [0.00495359255001, 0.00496853888035, 0.00183661351912, 0.00124277954455, 0.000679277640302, 0.000451563915703], "mean": [-0.554840564728, -0.676219403744, -0.775573194027, -0.803577959538, -0.815606534481, -0.818888604641]}, "dissonance": {"min": 0.118091627955, "max": 0.5, "dvar2": 0.00468525011092, "median": 0.423159658909, "dmean2": 0.0737950131297, "dmean": 0.0465494841337, "var": 0.00621526595205, "dvar": 0.00225826539099, "mean": 0.405751734972}, "spectral_energyband_high": {"min": 2.2570982583e-10, "max": 0.0467371791601, "dvar2": 5.20333605891e-06, "median": 3.56476302841e-05, "dmean2": 0.000684622384142, "dmean": 0.000526770367287, "var": 8.94022650755e-06, "dvar": 3.63004255632e-06, "mean": 0.000709227228072}, "spectral_skewness": {"min": -0.26770195365, "max": 14.1109323502, "dvar2": 1.14754796028, "median": 2.61843657494, "dmean2": 0.93556445837, "dmean": 0.61750036478, "var": 3.20548796654, "dvar": 0.497295796871, "mean": 2.8452129364}, "spectral_flux": {"min": 4.17433693656e-05, "max": 0.341636776924, "dvar2": 0.00455588148907, "median": 0.0424790456891, "dmean2": 0.0496710278094, "dmean": 0.0304083768278, "var": 0.00331748719327, "dvar": 0.00179737841245, "mean": 0.0592802353203}, "silence_rate_30dB": {"min": 0, "max": 1, "dvar2": 0.0171875022352, "median": 1, "dmean2": 0.0139049822465, "dmean": 0.0069484654814, "var": 0.00518119847402, "dvar": 0.00690029421821, "mean": 0.994791686535}, "spectral_energyband_middle_high": {"min": 9.32812826981e-10, "max": 0.0656891614199, "dvar2": 1.72407235368e-05, "median": 0.000156008085469, "dmean2": 0.00121177488472, "dmean": 0.000840759603307, "var": 1.0952860066e-05, "dvar": 8.00993529992e-06, "mean": 0.00107414775994}, "barkbands_spread": {"min": 0.303458929062, "max": 133.486419678, "dvar2": 506.949707031, "median": 5.33009815216, "dmean2": 13.4242067337, "dmean": 8.2736825943, "var": 302.600921631, "dvar": 215.861282349, "mean": 12.2450809479}, "spectral_centroid": {"min": 208.712280273, "max": 6913.93261719, "dvar2": 1079329.25, "median": 577.049133301, "dmean2": 610.638061523, "dmean": 417.954559326, "var": 1736269.75, "dvar": 660394.5, "mean": 1122.65551758}, "pitch_salience": {"min": 0.0642727911472, "max": 0.90899771452, "dvar2": 0.0174138993025, "median": 0.608564019203, "dmean2": 0.137947514653, "dmean": 0.0884018614888, "var": 0.0255464985967, "dvar": 0.00787618849427, "mean": 0.58906263113}, "erbbands_skewness": {"min": -5.55401849747, "max": 8.79123783112, "dvar2": 2.46227741241, "median": 1.85217618942, "dmean2": 1.45805621147, "dmean": 0.997322440147, "var": 3.82407569885, "dvar": 1.3288731575, "mean": 1.73932051659}, "erbbands_crest": {"min": 2.96119332314, "max": 33.2210922241, "dvar2": 31.6402206421, "median": 13.7677783966, "dmean2": 6.30471372604, "dmean": 4.02819299698, "var": 44.8943367004, "dvar": 14.849480629, "mean": 14.9320926666}, "melbands": {"min": [9.77455009293e-12, 3.05940765343e-13, 8.56314097322e-13, 1.63374186141e-12, 2.39883252151e-10, 2.58420451704e-10, 8.03343225275e-10, 1.40269795779e-10, 2.03041351093e-11, 2.29556151865e-10, 1.11900558264e-10, 1.46610154572e-11, 2.47722866525e-11, 8.87916649928e-12, 3.0824893419e-12, 1.37693166331e-12, 2.04124456053e-12, 2.68939297915e-12, 3.54511125317e-12, 2.2667815975e-12, 1.66207856939e-12, 1.10719636584e-12, 1.23195572667e-12, 8.87357353395e-13, 6.01343790301e-13, 4.44032506076e-13, 5.07022538104e-13, 5.7357547531e-13, 4.63551885679e-13, 3.95674405783e-13, 3.8753302325e-13, 3.34862535921e-13, 2.27961394336e-13, 2.81762352165e-13, 2.52227356839e-13, 2.04585616026e-13, 3.21010552124e-13, 2.94228102169e-13, 3.21156024951e-13, 2.16539392211e-13], "max": [0.000580054416787, 0.00110295368358, 0.00391334434971, 0.0106072351336, 0.014810025692, 0.015250980854, 0.0301465131342, 0.0213221814483, 0.0105333356187, 0.00898813828826, 0.00212415517308, 0.00300579285249, 0.00176281423774, 0.00480477465317, 0.00181099260226, 0.000434213288827, 0.000431605702033, 0.000775474414695, 0.000660691701341, 0.000575603509787, 0.000237187501625, 0.000144842648297, 0.000322388135828, 0.00042077183025, 0.000357990211342, 0.000170975108631, 0.0001688827615, 7.50083563616e-05, 2.5440733225e-05, 5.14690946147e-05, 0.000114952315926, 0.000274961843388, 0.000366224936442, 0.000123646881548, 6.43636813038e-05, 8.41118380777e-05, 0.000159446077305, 0.000240793538978, 0.000208786979783, 9.14802221814e-05], "dvar2": [2.17598494778e-09, 7.93344323569e-09, 1.03211121427e-07, 8.93289097803e-07, 1.22602182273e-06, 2.98746635963e-06, 1.14318090709e-05, 2.34369827012e-06, 8.31185786865e-07, 4.48145840437e-07, 4.8078479864e-08, 2.14844710911e-08, 7.44336592362e-09, 6.98502446994e-08, 5.31011057348e-09, 9.54122003627e-10, 1.02518049605e-09, 2.71940980845e-09, 2.97182189968e-09, 2.04854733177e-09, 4.05690814276e-10, 2.73114031391e-10, 7.60816076806e-10, 1.19966558909e-09, 6.46616038491e-10, 2.2456562998e-10, 1.62478697163e-10, 3.81045958675e-11, 8.1759711848e-12, 2.89448621321e-11, 8.84373407839e-11, 2.78483347493e-10, 2.79563400207e-10, 1.05043647392e-10, 1.92627268303e-11, 4.43505961123e-11, 5.18607136402e-11, 1.66645752753e-10, 9.55546683445e-11, 6.94354226893e-11], "median": [2.50864957252e-07, 1.02088699805e-06, 3.23171443597e-05, 7.69148755353e-05, 2.2204763809e-05, 3.61591773981e-05, 3.70443849533e-05, 1.50971354742e-05, 5.05091611558e-06, 3.61123557013e-06, 3.26959320773e-06, 1.82467385912e-06, 9.26995824102e-07, 6.32575506643e-07, 3.80079285378e-07, 3.92953751316e-07, 4.77114497244e-07, 4.62790637812e-07, 3.86868805435e-07, 2.38275077891e-07, 1.71789523051e-07, 1.80022823315e-07, 1.60319459042e-07, 1.61464129178e-07, 1.24310332694e-07, 1.02919614164e-07, 1.09307976004e-07, 6.17670821157e-08, 5.11304243389e-08, 5.45518723527e-08, 2.85456245308e-08, 9.50964462731e-09, 6.26054363906e-09, 7.16713710602e-09, 1.33768711663e-08, 1.79032806358e-08, 1.93849594154e-08, 4.78930957115e-08, 6.78800375908e-08, 6.34624726104e-08], "dmean2": [1.03497377495e-05, 2.46591444011e-05, 0.000169159015059, 0.000471638020827, 0.000262805784587, 0.000696967937984, 0.00128120265435, 0.000482994742924, 0.000245754956268, 0.000157257032697, 7.33678243705e-05, 3.9829461457e-05, 2.03548315767e-05, 3.20359904435e-05, 1.47452174133e-05, 8.54364679981e-06, 8.9316681624e-06, 1.17717436297e-05, 1.39193452924e-05, 9.06298737391e-06, 4.3928953346e-06, 4.46391049991e-06, 5.03432829646e-06, 6.39128711555e-06, 4.17982118961e-06, 3.15144779961e-06, 3.01462932839e-06, 1.58169973474e-06, 9.66786956269e-07, 1.5854124058e-06, 2.46370723289e-06, 3.87750878872e-06, 3.39906591762e-06, 2.14087435779e-06, 1.15303646453e-06, 1.42984094964e-06, 1.62185619956e-06, 2.68878807219e-06, 2.2210131192e-06, 2.04985644814e-06], "dmean": [5.87780550632e-06, 1.41986038216e-05, 0.000129348147311, 0.000333521718858, 0.000173607186298, 0.000482450646814, 0.000844635360409, 0.000314183329465, 0.000164408163982, 0.000110185676022, 4.96344400744e-05, 2.80771619146e-05, 1.45088388308e-05, 2.09110476135e-05, 1.00233501144e-05, 5.79131801715e-06, 5.87878002989e-06, 7.30747888156e-06, 8.6257023213e-06, 5.44376598555e-06, 2.65288804258e-06, 2.6761731533e-06, 3.11137864628e-06, 3.75826834897e-06, 2.54932956523e-06, 2.06392951441e-06, 1.9027424969e-06, 9.87806288322e-07, 6.10456879713e-07, 1.00473846487e-06, 1.67824748587e-06, 2.72510396826e-06, 2.49360778071e-06, 1.35924267397e-06, 7.8526369407e-07, 9.56444864642e-07, 1.13917622002e-06, 1.85512374173e-06, 1.60141041761e-06, 1.4097120129e-06], "var": [5.158761196e-10, 2.03926275866e-09, 2.28914942113e-07, 1.61096113516e-06, 1.75450088591e-06, 2.38051620727e-06, 7.13182998879e-06, 1.51448762153e-06, 6.38143660581e-07, 2.58062982539e-07, 3.5603509474e-08, 1.82398913751e-08, 7.04911906624e-09, 2.81462764207e-08, 4.5639350077e-09, 6.71158018051e-10, 7.07613856399e-10, 1.01004471453e-09, 1.20217658051e-09, 5.22522747293e-10, 1.0515639054e-10, 8.24577767178e-11, 2.14224374351e-10, 3.47597173267e-10, 2.1813874318e-10, 1.19181983727e-10, 8.85079232127e-11, 1.64474631831e-11, 4.40635245305e-12, 1.45193032944e-11, 5.72731063964e-11, 3.058421294e-10, 2.5694693595e-10, 5.76806449826e-11, 1.92477509625e-11, 3.40605460503e-11, 4.88545454091e-11, 1.40281633532e-10, 1.06512874909e-10, 5.54886657456e-11], "dvar": [7.88226761639e-10, 2.85689139012e-09, 6.21439895099e-08, 5.04907916365e-07, 5.42867894637e-07, 1.43701902289e-06, 5.34716673428e-06, 1.10191376734e-06, 3.98485497044e-07, 2.13115569636e-07, 2.39128414847e-08, 1.18949330385e-08, 4.0783820765e-09, 2.97842301933e-08, 2.63986232873e-09, 4.52097248527e-10, 5.01196861791e-10, 1.06959985313e-09, 1.17152010315e-09, 7.45581318906e-10, 1.47987996857e-10, 1.01453796753e-10, 2.81436235428e-10, 4.26838869805e-10, 2.52962317759e-10, 1.03017136488e-10, 7.83258388704e-11, 1.63010716037e-11, 3.72205478244e-12, 1.20090664843e-11, 4.08559436282e-11, 1.66823457826e-10, 1.53699858396e-10, 4.41540727592e-11, 9.54007185749e-12, 2.08436479882e-11, 2.75147075263e-11, 8.55966270086e-11, 5.55535721591e-11, 3.32488550581e-11], "mean": [4.33924333265e-06, 1.22359742818e-05, 0.000275925005553, 0.000608913251199, 0.000309615919832, 0.000695406168234, 0.000998943927698, 0.000354264891939, 0.000192438892554, 0.000113473688543, 6.16654433543e-05, 3.32534800691e-05, 1.75234781636e-05, 2.06182230613e-05, 1.09494021672e-05, 6.69697374178e-06, 7.07154458723e-06, 7.3347991929e-06, 8.34753882373e-06, 4.65513949166e-06, 2.46219019573e-06, 2.4583287086e-06, 2.94415895041e-06, 3.30863008458e-06, 2.2804249511e-06, 2.03685431188e-06, 1.85363796845e-06, 9.82365122582e-07, 6.37571929474e-07, 1.05697563413e-06, 1.73459693542e-06, 3.13217742587e-06, 2.69310680778e-06, 1.47580283283e-06, 9.5172259762e-07, 1.16528042327e-06, 1.35315644911e-06, 2.17224442167e-06, 2.03506806429e-06, 1.66417225955e-06]}, "spectral_entropy": {"min": 4.09578609467, "max": 9.07618141174, "dvar2": 0.468731760979, "median": 6.65609836578, "dmean2": 0.633737266064, "dmean": 0.457997322083, "var": 1.21819031239, "dvar": 0.277007997036, "mean": 6.73848962784}, "spectral_rolloff": {"min": 86.1328125, "max": 19207.6171875, "dvar2": 12493313, "median": 602.9296875, "dmean2": 1788.77624512, "dmean": 1098.94335938, "var": 12905116, "dvar": 6479916.5, "mean": 2166.85693359}, "barkbands": {"min": [1.80528294679e-13, 1.60340859513e-12, 4.73790765735e-13, 9.46591546466e-13, 1.54339860337e-10, 2.11690287522e-09, 1.1724945459e-09, 4.33010294287e-11, 1.44270506652e-09, 4.09780875898e-10, 1.23846904954e-10, 5.42626707456e-11, 1.72236357121e-11, 2.68091156913e-11, 5.10984726754e-11, 2.38239115935e-11, 1.88254637573e-11, 2.24625873457e-11, 1.38703883448e-11, 1.67418873903e-11, 1.57588456173e-11, 1.32647165821e-11, 1.71321516002e-11, 2.96063035199e-11, 3.29866134408e-11, 3.74324078678e-11, 3.68297128905e-11], "max": [1.29028621814e-05, 0.00282704597339, 0.00144459703006, 0.00902353599668, 0.0465011671185, 0.0835582092404, 0.134407624602, 0.114012673497, 0.0549867376685, 0.0166310332716, 0.00945971161127, 0.0353107862175, 0.00535834394395, 0.00374179030769, 0.0107525866479, 0.00669099576771, 0.00278977258131, 0.00781107787043, 0.00705722440034, 0.00334983645007, 0.00244092056528, 0.0147116174921, 0.00359979830682, 0.0177901871502, 0.0109856510535, 0.00927203148603, 0.00310047157109], "dvar2": [1.40079451944e-12, 4.67212935007e-08, 2.52801068967e-08, 4.77842206692e-07, 2.02805022127e-05, 5.17077169206e-05, 0.000252663652645, 3.90696623072e-05, 1.99973310373e-05, 1.60879892519e-06, 2.11602753097e-07, 3.82136477128e-06, 1.20495428746e-07, 1.4438948881e-07, 5.25633481629e-07, 2.58321904312e-07, 8.00932085099e-08, 4.2987610982e-07, 2.01846361847e-07, 5.59960255941e-08, 4.96900938174e-08, 5.309085509e-07, 1.05627613323e-07, 6.37337279841e-07, 4.41259402351e-07, 1.29026290097e-07, 1.12456604029e-08], "median": [2.31959411678e-08, 1.05731896838e-06, 2.21798973143e-06, 2.89408653771e-05, 0.000306900881696, 0.000123425183119, 0.000114883841889, 3.47262539435e-05, 2.29483193834e-05, 1.87948025996e-05, 6.51023492537e-06, 4.90373804496e-06, 3.9404940253e-06, 5.3263411246e-06, 5.20669800608e-06, 2.9421094041e-06, 2.95311792797e-06, 3.50028403773e-06, 2.98510008179e-06, 2.69229326477e-06, 2.30247087529e-06, 4.88998466608e-07, 8.94379695637e-07, 3.6507533423e-06, 8.19817978481e-06, 4.41991596745e-06, 2.26046017815e-06], "dmean2": [2.74456311899e-07, 4.97067630931e-05, 5.0082031521e-05, 0.000323504529661, 0.00210384861566, 0.00286914547905, 0.00583307910711, 0.00149045907892, 0.00109045556746, 0.000416882714489, 0.000139966723509, 0.000258728628978, 8.84837063495e-05, 0.000105752289528, 0.000173137857928, 0.000103968144685, 7.34195637051e-05, 0.000124090598547, 8.89655930223e-05, 5.99709965172e-05, 6.67658387101e-05, 0.000170242565218, 8.25677198009e-05, 0.000168353901245, 0.000175250374014, 9.47867811192e-05, 3.19204409607e-05], "dmean": [1.66930959722e-07, 2.81376051134e-05, 2.95285190077e-05, 0.000239748391323, 0.00146958592813, 0.00197937223129, 0.00379849714227, 0.000977745396085, 0.000747868092731, 0.000283257482806, 9.74142167252e-05, 0.000170444400283, 5.92998621869e-05, 6.69258079142e-05, 0.000107955151179, 6.11529685557e-05, 4.46087833552e-05, 7.34934365028e-05, 5.79021507292e-05, 3.76191201212e-05, 4.38376664533e-05, 0.000122961821035, 5.64057045267e-05, 0.000122125959024, 0.000125948354253, 7.2876617196e-05, 2.30111145356e-05], "var": [5.23430907992e-13, 1.07531725746e-08, 1.00509236489e-08, 9.8649343272e-07, 3.14612152579e-05, 4.93437437399e-05, 0.000158977331012, 2.24757695833e-05, 1.15633847599e-05, 1.32441562073e-06, 2.51298274634e-07, 1.55677093971e-06, 9.64840936035e-08, 7.56722897677e-08, 2.11250593907e-07, 6.3073990475e-08, 2.54900740515e-08, 1.23099709981e-07, 9.77464438279e-08, 2.85379275766e-08, 3.01814644388e-08, 5.98034830546e-07, 1.0100360015e-07, 6.20605646873e-07, 5.35465574103e-07, 1.82700958362e-07, 1.51279344607e-08], "dvar": [5.84389145148e-13, 1.67399125672e-08, 9.63931601206e-09, 2.76987179859e-07, 1.07847690742e-05, 2.5492918212e-05, 0.000118696378195, 1.67384878296e-05, 9.39071196626e-06, 8.40978430006e-07, 1.16897979296e-07, 1.62040578289e-06, 5.94647922014e-08, 6.30031706805e-08, 2.09767520687e-07, 9.32143535692e-08, 3.02044647071e-08, 1.53450642415e-07, 9.05072283786e-08, 2.61347903319e-08, 2.20578044718e-08, 3.18978635505e-07, 5.24042640393e-08, 3.45372143329e-07, 2.57829185557e-07, 8.43458138888e-08, 7.38059879879e-09], "mean": [1.48732567595e-07, 2.03869221878e-05, 2.84615070996e-05, 0.000480887916638, 0.00265984982252, 0.00288694445044, 0.00434135366231, 0.00111504818778, 0.000787657860201, 0.000357200071448, 0.000123673758935, 0.000168725571712, 7.00062446413e-05, 7.56465669838e-05, 0.000106489431346, 5.22426853422e-05, 4.19171774411e-05, 6.64539766149e-05, 5.46952906006e-05, 3.76078533009e-05, 4.73909312859e-05, 0.000140788091812, 6.86799321556e-05, 0.000149383573444, 0.000164638477145, 9.44918065215e-05, 3.02033895423e-05]}, "melbands_flatness_db": {"min": 0.0185894649476, "max": 0.603337287903, "dvar2": 0.00645305775106, "median": 0.304643988609, "dmean2": 0.0756209641695, "dmean": 0.0545900762081, "var": 0.0164496824145, "dvar": 0.00385205144994, "mean": 0.292234838009}, "melbands_skewness": {"min": -6.00945854187, "max": 12.9467515945, "dvar2": 3.95989394188, "median": 1.83514547348, "dmean2": 1.82239627838, "dmean": 1.1848539114, "var": 5.2609705925, "dvar": 1.73760569096, "mean": 2.23381066322}, "barkbands_skewness": {"min": -5.61344671249, "max": 14.9317054749, "dvar2": 4.20549297333, "median": 2.70939683914, "dmean2": 1.97724485397, "dmean": 1.38588690758, "var": 7.5870475769, "dvar": 2.24366354942, "mean": 2.630600214}, "silence_rate_60dB": {"min": 0, "max": 1, "dvar2": 0.222407653928, "median": 0, "dmean2": 0.250289678574, "dmean": 0.12507237494, "var": 0.242562159896, "dvar": 0.109427809715, "mean": 0.413773149252}, "spectral_energyband_low": {"min": 5.61790371167e-11, "max": 0.00431162072346, "dvar2": 1.53874921693e-07, "median": 1.27174198497e-05, "dmean2": 0.000152555294335, "dmean": 0.000100473487691, "var": 1.18689918338e-07, "dvar": 6.25667695431e-08, "mean": 0.000142822857015}, "spectral_energyband_middle_low": {"min": 4.18636432187e-08, "max": 0.171583011746, "dvar2": 0.000481431925436, "median": 0.00186675018631, "dmean2": 0.0108844498172, "dmean": 0.0074769994244, "var": 0.000436283444287, "dvar": 0.000235529238125, "mean": 0.0124055976048}, "melbands_kurtosis": {"min": -1.86591959, "max": 278.346832275, "dvar2": 1193.85620117, "median": 12.0666904449, "dmean2": 22.9129219055, "dmean": 14.3907976151, "var": 1169.32727051, "dvar": 511.881835938, "mean": 24.2493972778}, "spectral_decrease": {"min": -4.46050734126e-08, "max": 7.06188649224e-11, "dvar2": 3.28550977699e-17, "median": -8.11208988871e-10, "dmean2": 2.95796298566e-09, "dmean": 2.03770067486e-09, "var": 3.08099466449e-17, "dvar": 1.61293783983e-17, "mean": -3.44414896603e-09}, "erbbands_kurtosis": {"min": -1.89712810516, "max": 118.197769165, "dvar2": 312.67767334, "median": 6.64988231659, "dmean2": 11.7944259644, "dmean": 7.42522478104, "var": 207.01260376, "dvar": 124.607833862, "mean": 11.3962287903}, "melbands_crest": {"min": 2.92748594284, "max": 35.3475189209, "dvar2": 29.7275180817, "median": 15.3693447113, "dmean2": 6.08301687241, "dmean": 3.87192487717, "var": 41.9878807068, "dvar": 12.8239650726, "mean": 15.9926319122}, "gfcc": {"cov": [[27317.375, -4502.26513672, 779.142272949, 327.639556885, -177.294464111, -243.072555542, -1655.26733398, 39.0485572815, -1172.13635254, 452.815155029, 48.4981193542, -243.493270874, -399.77532959], [-4502.26513672, 4566.49511719, -126.414215088, -1009.20874023, 107.989700317, -630.196899414, -57.5632095337, -258.723083496, -135.292449951, -330.909698486, 165.355178833, -349.046203613, 20.8489303589], [779.142272949, -126.414215088, 1442.32067871, 326.057250977, -201.187103271, -158.515197754, -395.958709717, -185.884643555, -186.153305054, 69.5198898315, 57.1114654541, 13.8539161682, -61.5614547729], [327.639556885, -1009.20874023, 326.057250977, 1194.31445312, 74.4088134766, 129.155349731, -63.142868042, -93.6763458252, 115.734634399, 54.0280380249, -64.3979415894, 92.7693634033, -8.50124549866], [-177.294464111, 107.989700317, -201.187103271, 74.4088134766, 436.742462158, 65.7311401367, 56.1359100342, 72.6418991089, 50.0800132751, -5.21331453323, -27.951128006, -8.06448936462, 0.146016955376], [-243.072555542, -630.196899414, -158.515197754, 129.155349731, 65.7311401367, 494.280212402, 288.974029541, 62.2813720703, 112.153198242, 62.9054527283, -49.9222946167, 48.2327766418, 2.45967555046], [-1655.26733398, -57.5632095337, -395.958709717, -63.142868042, 56.1359100342, 288.974029541, 528.645690918, 144.986373901, 164.576431274, -42.4278297424, -45.1354370117, 66.9673233032, 33.7435531616], [39.0485572815, -258.723083496, -185.884643555, -93.6763458252, 72.6418991089, 62.2813720703, 144.986373901, 360.828430176, 54.9763031006, -12.4034194946, -12.3801584244, 52.8241729736, 16.1119632721], [-1172.13635254, -135.292449951, -186.153305054, 115.734634399, 50.0800132751, 112.153198242, 164.576431274, 54.9763031006, 284.92401123, 26.1351490021, -37.6566238403, 52.3145751953, 53.5595626831], [452.815155029, -330.909698486, 69.5198898315, 54.0280380249, -5.21331453323, 62.9054527283, -42.4278297424, -12.4034194946, 26.1351490021, 182.293914795, 26.6956481934, 2.21172261238, -6.21135091782], [48.4981193542, 165.355178833, 57.1114654541, -64.3979415894, -27.951128006, -49.9222946167, -45.1354370117, -12.3801584244, -37.6566238403, 26.6956481934, 148.59324646, 9.92372608185, -19.7837409973], [-243.493270874, -349.046203613, 13.8539161682, 92.7693634033, -8.06448936462, 48.2327766418, 66.9673233032, 52.8241729736, 52.3145751953, 2.21172261238, 9.92372608185, 152.933761597, 26.3974647522], [-399.77532959, 20.8489303589, -61.5614547729, -8.50124549866, 0.146016955376, 2.45967555046, 33.7435531616, 16.1119632721, 53.5595626831, -6.21135091782, -19.7837409973, 26.3974647522, 111.302902222]], "icov": [[7.6916636317e-05, 0.000103401944216, 3.91315843444e-05, 2.72360648523e-05, -2.34522649407e-05, -5.82157781537e-06, 0.000200993745239, -4.78908223158e-05, 0.000230172838201, -9.15375676414e-06, -3.58899560524e-05, 0.000179771639523, 6.64927792968e-05], [0.000103401944216, 0.000715371686965, -0.000101656420156, 0.00039452832425, -0.000403411395382, 0.000637875462417, -0.000213594568777, 0.000417117611505, 1.72716718225e-05, 0.000796878302936, -0.000771069899201, 0.00136526592541, -0.000222582777496], [3.91315843444e-05, -0.000101656420156, 0.00112457585055, -0.000354321266059, 0.000468148413347, -0.000220742731472, 0.000820769753773, -9.74836166279e-06, 0.000616172503214, -0.000408492953284, 9.22265317058e-05, -0.000589344999753, 0.000348240457242], [2.72360648523e-05, 0.00039452832425, -0.000354321266059, 0.0013910868438, -0.00052419299027, 4.49980761914e-05, 0.000141767930472, 0.000615567085333, -0.00069825630635, 0.000513507111464, 5.49220603716e-05, 1.35454374686e-05, 0.000173016494955], [-2.34522649407e-05, -0.000403411395382, 0.000468148413347, -0.00052419299027, 0.00288504501805, -0.000663285900373, 0.000498684996273, -0.000801223504823, -4.21886688855e-05, -0.000387122418033, 0.000585219939239, -0.000344660191331, 0.000370356836356], [-5.82157781537e-06, 0.000637875462417, -0.000220742731472, 4.49980761914e-05, -0.000663285900373, 0.00446345889941, -0.0028311801143, 0.000691577850375, -0.000155394285684, -0.000919098267332, 5.12950573466e-05, 0.00102773646358, 0.000190253093024], [0.000200993745239, -0.000213594568777, 0.000820769753773, 0.000141767930472, 0.000498684996273, -0.0028311801143, 0.00535851949826, -0.00118517805822, -0.000526301562786, 0.000960419769399, 0.000440912641352, -0.00129946239758, 0.000529087497853], [-4.78908223158e-05, 0.000417117611505, -9.74836166279e-06, 0.000615567085333, -0.000801223504823, 0.000691577850375, -0.00118517805822, 0.00388708617538, -0.000446641963208, 0.000537385931239, -0.000336153403623, -0.000388254295103, -0.000148883802467], [0.000230172838201, 1.72716718225e-05, 0.000616172503214, -0.00069825630635, -4.21886688855e-05, -0.000155394285684, -0.000526301562786, -0.000446641963208, 0.00629203394055, -0.00173931976315, 0.00087026914116, -0.000726649479475, -0.00145913113374], [-9.15375676414e-06, 0.000796878302936, -0.000408492953284, 0.000513507111464, -0.000387122418033, -0.000919098267332, 0.000960419769399, 0.000537385931239, -0.00173931976315, 0.00812329910696, -0.00262211309746, 0.00189987767953, -0.000343368243193], [-3.58899560524e-05, -0.000771069899201, 9.22265317058e-05, 5.49220603716e-05, 0.000585219939239, 5.12950573466e-05, 0.000440912641352, -0.000336153403623, 0.00087026914116, -0.00262211309746, 0.00894819572568, -0.00306084635668, 0.00173516012728], [0.000179771639523, 0.00136526592541, -0.000589344999753, 1.35454374686e-05, -0.000344660191331, 0.00102773646358, -0.00129946239758, -0.000388254295103, -0.000726649479475, 0.00189987767953, -0.00306084635668, 0.0111534446478, -0.00224067131057], [6.64927792968e-05, -0.000222582777496, 0.000348240457242, 0.000173016494955, 0.000370356836356, 0.000190253093024, 0.000529087497853, -0.000148883802467, -0.00145913113374, -0.000343368243193, 0.00173516012728, -0.00224067131057, 0.0108501119539]], "mean": [-172.959854126, 68.1169509888, -86.1087036133, -19.4559783936, -72.685218811, -21.5134487152, -55.120891571, 2.51163363457, -31.0726852417, -0.879921317101, -18.5293121338, -9.51072311401, -9.67070770264]}, "melbands_spread": {"min": 0.454795181751, "max": 254.63508606, "dvar2": 2311.00268555, "median": 5.74870204926, "dmean2": 23.7048397064, "dmean": 14.7286195755, "var": 1632.28100586, "dvar": 1031.98828125, "mean": 21.8969268799}, "spectral_energy": {"min": 4.56513298275e-08, "max": 0.175026103854, "dvar2": 0.000514946645126, "median": 0.00438665458933, "dmean2": 0.0121241882443, "dmean": 0.00833989866078, "var": 0.000478760892292, "dvar": 0.000249444012297, "mean": 0.014171667397}, "mfcc": {"cov": [[15893.171875, -63.8508605957, -927.757507324, -339.140899658, 258.50692749, -896.983764648, 9.99318504333, -959.073913574, -419.158752441, -379.336669922, -351.544250488, -11.7727584839, -15.2440366745], [-63.8508605957, 4025.68359375, -145.054626465, -490.476196289, -71.0923995972, -746.119384766, -6.06983757019, -563.924621582, -475.67855835, -233.230529785, -246.751861572, -49.9246559143, -286.216247559], [-927.757507324, -145.054626465, 1220.24353027, 302.399353027, 23.2654533386, 94.8724060059, -116.458984375, -91.8293762207, -103.852760315, -167.904876709, 1.99788248539, -24.4888744354, 30.1022453308], [-339.140899658, -490.476196289, 302.399353027, 706.518005371, 262.114624023, 93.2417297363, -110.61341095, 4.88254165649, -0.924901008606, -76.459312439, -13.2302188873, 2.77930498123, 51.6938209534], [258.50692749, -71.0923995972, 23.2654533386, 262.114624023, 406.75970459, 9.52160167694, -50.1858024597, -78.0449752808, -23.5690326691, -26.7803421021, -46.1724128723, 20.105430603, 10.3873748779], [-896.983764648, -746.119384766, 94.8724060059, 93.2417297363, 9.52160167694, 616.440856934, 34.1158905029, 167.517822266, 161.266647339, 105.895744324, 110.404167175, -1.1803599596, 95.5526580811], [9.99318504333, -6.06983757019, -116.458984375, -110.61341095, -50.1858024597, 34.1158905029, 255.920455933, 120.194450378, 33.6447067261, 64.5584945679, 45.4960746765, 1.14729201794, 20.3546924591], [-959.073913574, -563.924621582, -91.8293762207, 4.88254165649, -78.0449752808, 167.517822266, 120.194450378, 460.852050781, 235.464385986, 141.984176636, 120.915840149, 15.3455991745, 77.8616943359], [-419.158752441, -475.67855835, -103.852760315, -0.924901008606, -23.5690326691, 161.266647339, 33.6447067261, 235.464385986, 345.886169434, 157.551605225, 79.6785964966, 27.3510150909, 32.6122894287], [-379.336669922, -233.230529785, -167.904876709, -76.459312439, -26.7803421021, 105.895744324, 64.5584945679, 141.984176636, 157.551605225, 233.759353638, 93.6862792969, -8.50318622589, 47.0690498352], [-351.544250488, -246.751861572, 1.99788248539, -13.2302188873, -46.1724128723, 110.404167175, 45.4960746765, 120.915840149, 79.6785964966, 93.6862792969, 182.985076904, 26.8145198822, 39.3846435547], [-11.7727584839, -49.9246559143, -24.4888744354, 2.77930498123, 20.105430603, -1.1803599596, 1.14729201794, 15.3455991745, 27.3510150909, -8.50318622589, 26.8145198822, 144.424041748, 38.0821723938], [-15.2440366745, -286.216247559, 30.1022453308, 51.6938209534, 10.3873748779, 95.5526580811, 20.3546924591, 77.8616943359, 32.6122894287, 47.0690498352, 39.3846435547, 38.0821723938, 193.794525146]], "icov": [[9.90765256574e-05, 7.07788931322e-05, 9.23746702028e-05, 7.1568058047e-05, -6.09779344813e-05, 0.000150737847434, -0.000123114630696, 0.000291611562716, -0.00010175085481, 0.000215763153392, -2.81803077087e-05, 0.000102258301922, -0.000146047023009], [7.07788931322e-05, 0.000465620454634, 5.14082457812e-05, 0.00027513250825, -7.18055161997e-05, 0.000398245319957, -0.000206395488931, 0.000435233087046, 0.000179310183739, 0.000111824338092, 0.000108342457679, 4.43407589046e-05, 0.000178104819497], [9.23746702028e-05, 5.14082457812e-05, 0.00118075276259, -0.000347460969351, 0.000199619185878, -6.6934939241e-05, 9.51594702201e-05, 0.000424568279414, -7.93690851424e-05, 0.00104690017179, -0.000484394346131, 0.000428066356108, -0.000392395653762], [7.1568058047e-05, 0.00027513250825, -0.000347460969351, 0.00258943811059, -0.00159468804486, 0.000112976355013, 0.000570479547605, -0.000207685152418, -0.000101572812127, 0.000979566248134, -0.000205894495593, 0.000464254961116, -0.000441691983724], [-6.09779344813e-05, -7.18055161997e-05, 0.000199619185878, -0.00159468804486, 0.0036868902389, -0.00023070446332, -7.02905381331e-05, 0.000544325739611, 9.44135390455e-05, -0.000795526895672, 0.000846730719786, -0.000799331231974, 0.000150668551214], [0.000150737847434, 0.000398245319957, -6.6934939241e-05, 0.000112976355013, -0.00023070446332, 0.0026125209406, -0.000370623805793, 0.000512341037393, -0.00071984087117, 0.000171666601091, -0.000748940336052, 0.000622457591817, -0.000753066560719], [-0.000123114630696, -0.000206395488931, 9.51594702201e-05, 0.000570479547605, -7.02905381331e-05, -0.000370623805793, 0.00527492118999, -0.00193826202303, 0.00103822536767, -0.000861594220623, -0.000304743938614, -0.000108743290184, 4.76010791317e-05], [0.000291611562716, 0.000435233087046, 0.000424568279414, -0.000207685152418, 0.000544325739611, 0.000512341037393, -0.00193826202303, 0.00542500382289, -0.00262732547708, 0.000751818530262, -0.00122694158927, 0.000712549255695, -0.00123379274737], [-0.00010175085481, 0.000179310183739, -7.93690851424e-05, -0.000101572812127, 9.44135390455e-05, -0.00071984087117, 0.00103822536767, -0.00262732547708, 0.00637710699812, -0.00344817969017, 0.000886229798198, -0.00167847599369, 0.00150672043674], [0.000215763153392, 0.000111824338092, 0.00104690017179, 0.000979566248134, -0.000795526895672, 0.000171666601091, -0.000861594220623, 0.000751818530262, -0.00344817969017, 0.0095909209922, -0.00330763892271, 0.00263706594706, -0.0020905348938], [-2.81803077087e-05, 0.000108342457679, -0.000484394346131, -0.000205894495593, 0.000846730719786, -0.000748940336052, -0.000304743938614, -0.00122694158927, 0.000886229798198, -0.00330763892271, 0.00861914549023, -0.00211716233753, 0.000455414643511], [0.000102258301922, 4.43407589046e-05, 0.000428066356108, 0.000464254961116, -0.000799331231974, 0.000622457591817, -0.000108743290184, 0.000712549255695, -0.00167847599369, 0.00263706594706, -0.00211716233753, 0.00851412210613, -0.00225658691488], [-0.000146047023009, 0.000178104819497, -0.000392395653762, -0.000441691983724, 0.000150668551214, -0.000753066560719, 4.76010791317e-05, -0.00123379274737, 0.00150672043674, -0.0020905348938, 0.000455414643511, -0.00225658691488, 0.00704945065081]], "mean": [-824.866149902, 114.741485596, 19.1870708466, -3.53133440018, -6.48578214645, -30.3039016724, -14.013253212, -22.3818397522, -9.31763648987, -8.95214939117, -8.87930870056, -8.17088127136, -10.5235919952]}, "spectral_contrast_valleys": {"min": [-17.0233383179, -13.9759292603, -14.0101900101, -15.1880979538, -14.8607540131, -16.8096923828], "max": [-7.04943418503, -4.65998792648, -5.37322044373, -5.75556230545, -5.89695167542, -7.09340190887], "dvar2": [0.639929354191, 0.991331577301, 0.678203701973, 0.664838850498, 0.713944256306, 0.692668557167], "median": [-10.1335992813, -7.97724056244, -8.86054515839, -9.36976051331, -9.32675266266, -11.4577846527], "dmean2": [0.982003867626, 1.05024683475, 0.853371083736, 0.774040997028, 0.72289532423, 0.73810428381], "dmean": [0.624759316444, 0.649265289307, 0.559827148914, 0.52613401413, 0.521408557892, 0.55040282011], "var": [1.84287083149, 2.07115864754, 2.14905810356, 2.57821512222, 3.07170200348, 3.99112558365], "dvar": [0.28019708395, 0.412737369537, 0.325452566147, 0.316971182823, 0.358575969934, 0.39049783349], "mean": [-10.2367010117, -8.13966560364, -9.04073143005, -9.69498252869, -9.69879722595, -11.7115526199]}, "barkbands_flatness_db": {"min": 0.0253568831831, "max": 0.508509755135, "dvar2": 0.00450088782236, "median": 0.227507293224, "dmean2": 0.0669859722257, "dmean": 0.0464887209237, "var": 0.00986474938691, "dvar": 0.00241058599204, "mean": 0.230940908194}, "dynamic_complexity": 8.89552116394, "erbbands_flatness_db": {"min"