{"lowlevel": {"spectral_complexity": {"min": 0, "max": 64, "dvar2": 100.245651245, "median": 11, "dmean2": 6.83686161041, "dmean": 4.90874528885, "var": 170.762924194, "dvar": 59.0622367859, "mean": 13.9035606384}, "silence_rate_20dB": {"min": 1, "max": 1, "dvar2": 0, "median": 1, "dmean2": 0, "dmean": 0, "var": 0, "dvar": 0, "mean": 1}, "average_loudness": 0.807270348072, "erbbands_spread": {"min": 1.15585064888, "max": 149.145172119, "dvar2": 201.469604492, "median": 26.922990799, "dmean2": 12.9202413559, "dmean": 8.37635135651, "var": 274.717803955, "dvar": 91.0206451416, "mean": 29.9340076447}, "spectral_kurtosis": {"min": -1.25233376026, "max": 117.913360596, "dvar2": 32.3087654114, "median": 4.39381885529, "dmean2": 3.07534480095, "dmean": 1.90973436832, "var": 31.7101955414, "dvar": 13.2947130203, "mean": 5.61403989792}, "barkbands_kurtosis": {"min": -1.92765903473, "max": 1243.54980469, "dvar2": 1128.75805664, "median": 0.846297740936, "dmean2": 5.90884685516, "dmean": 3.65268111229, "var": 461.942718506, "dvar": 389.269134521, "mean": 3.9968495369}, "spectral_strongpeak": {"min": 0, "max": 10.9087619781, "dvar2": 2.10294938087, "median": 0.445749372244, "dmean2": 0.903924942017, "dmean": 0.541579306126, "var": 1.84760344028, "dvar": 0.811636924744, "mean": 0.988531768322}, "spectral_spread": {"min": 734973.5, "max": 47890192, "dvar2": 1765020008450.0, "median": 4199060, "dmean2": 879392.0625, "dmean": 600382.5, "var": 7344404037630.0, "dvar": 891233697792, "mean": 4539032.5}, "spectral_rms": {"min": 3.11763158692e-12, "max": 0.014214400202, "dvar2": 3.27873499373e-06, "median": 0.00317463907413, "dmean2": 0.0012968837982, "dmean": 0.000944332510699, "var": 6.36188269709e-06, "dvar": 1.77151832759e-06, "mean": 0.00339141860604}, "erbbands": {"min": [6.33011146648e-23, 6.63296463433e-22, 2.17116270959e-21, 6.8283670709e-21, 1.43754151536e-20, 2.37743873419e-20, 7.35783487967e-20, 8.80522840694e-20, 1.50252976798e-19, 2.33202584001e-19, 2.54757256403e-19, 4.16472772217e-19, 3.52625776812e-19, 9.88614628465e-19, 1.01041476671e-18, 1.32204854845e-18, 1.37067735928e-18, 2.25282350316e-18, 3.08120683632e-18, 3.51597172551e-18, 3.36167875982e-18, 5.18207229787e-18, 6.9589728861e-18, 7.17092468317e-18, 7.14714241338e-18, 8.35065298152e-18, 1.12541346866e-17, 1.13764928971e-17, 7.55549335766e-18, 1.29306196843e-17, 1.29890773654e-17, 1.14817301234e-17, 1.05430149586e-17, 8.33619469159e-18, 6.39980044637e-18, 4.54310009009e-18, 2.35887364115e-18, 1.01987750613e-18, 2.70076589649e-19, 2.73829579174e-20], "max": [4.67942237854, 39.4511756897, 97.7133636475, 68.836265564, 254.884994507, 135.914428711, 130.329940796, 317.988800049, 890.456481934, 1078.03588867, 770.898376465, 630.930419922, 1053.53027344, 1498.88452148, 1578.80322266, 2981.77807617, 746.878112793, 1960.35424805, 1075.39916992, 805.10736084, 697.25177002, 803.411193848, 435.602905273, 706.342834473, 324.90512085, 454.10723877, 262.700531006, 188.657363892, 151.921127319, 102.346450806, 106.743080139, 121.570549011, 83.232170105, 36.5772171021, 21.4457302094, 10.9422264099, 2.98381328583, 0.959390699863, 0.141572237015, 0.00541749456897], "dvar2": [0.189791291952, 20.6614208221, 121.873046875, 97.1269989014, 383.936859131, 152.276168823, 133.37197876, 925.94708252, 2777.99536133, 4219.70703125, 3153.79345703, 1889.31359863, 6353.85205078, 8928.76660156, 11041.0351562, 8878.24511719, 2346.82324219, 4723.26611328, 3642.29492188, 4182.71484375, 3305.80932617, 5433.10302734, 2121.12524414, 2542.03588867, 1554.98535156, 1357.73498535, 599.83026123, 394.341552734, 227.48487854, 125.456420898, 57.7230377197, 21.9531612396, 7.17856550217, 2.22978711128, 0.985268771648, 0.31431928277, 0.118799902499, 0.0136529570445, 0.000316341407597, 4.13997270243e-07], "median": [0.00285482220352, 0.0509994290769, 0.121260844171, 0.150259912014, 0.291323065758, 0.35840895772, 0.652396261692, 1.96546208858, 4.55061197281, 5.00363445282, 3.95737862587, 3.22089552879, 5.12259531021, 7.14536619186, 6.05119132996, 4.2195482254, 4.02975749969, 4.79365253448, 4.57963752747, 4.10784864426, 3.46421432495, 3.95348906517, 3.32875776291, 4.33524703979, 3.34271764755, 2.6366994381, 1.64513170719, 1.67785692215, 1.4045124054, 1.0680218935, 0.535655260086, 0.26461777091, 0.167674198747, 0.0846150144935, 0.0473853200674, 0.0238472726196, 0.007966642268, 0.00154541735537, 0.00019199680537, 2.71228655038e-05], "dmean2": [0.147572815418, 1.4836217165, 3.40668320656, 3.43178105354, 6.35485219955, 4.70796203613, 4.68735551834, 10.9464197159, 19.471862793, 25.5088653564, 20.3048858643, 16.3180847168, 28.1227855682, 37.33335495, 38.0549583435, 23.6985969543, 21.3213481903, 27.7057952881, 26.8866176605, 28.98595047, 24.2786407471, 30.7822113037, 20.2873344421, 21.1145038605, 16.262845993, 13.6892595291, 9.29122638702, 8.34020137787, 6.38904809952, 4.82476139069, 2.90844845772, 1.5053858757, 0.835950374603, 0.558707773685, 0.370792448521, 0.225497961044, 0.134523689747, 0.0437488146126, 0.0065704844892, 0.000242293870542], "dmean": [0.100658208132, 0.92210739851, 1.98602628708, 1.96479594707, 3.88737034798, 2.88124704361, 2.93107485771, 6.53047609329, 12.1565036774, 15.9994783401, 12.7724647522, 10.2036342621, 17.6958847046, 24.14935112, 24.3002376556, 15.0968799591, 13.8840370178, 17.8909473419, 17.343214035, 18.6807975769, 15.3006505966, 18.7942962646, 12.4730653763, 13.4983243942, 10.3371696472, 8.55931758881, 5.84682130814, 5.3429889679, 4.21630573273, 3.18069863319, 1.89233160019, 1.00141334534, 0.570784509182, 0.37403729558, 0.246381059289, 0.149253338575, 0.0871364250779, 0.0282013360411, 0.00420177541673, 0.000155320711201], "var": [0.126769199967, 8.41870498657, 38.4600372314, 26.8905506134, 132.341964722, 58.5786476135, 61.4276771545, 317.185119629, 1529.20922852, 2984.45898438, 1783.89990234, 1818.18481445, 4878.82763672, 7310.65039062, 13084.4335938, 4978.88330078, 2066.43554688, 3831.87573242, 3250.75341797, 4360.33935547, 1943.86047363, 2966.20117188, 1028.30810547, 1408.51257324, 757.545227051, 530.207580566, 272.540466309, 243.22164917, 155.557739258, 74.6268615723, 30.3455848694, 15.6945199966, 5.91582965851, 1.58198308945, 0.709888517857, 0.215903371572, 0.0590767599642, 0.00650453194976, 0.000144169098348, 1.84384688851e-07], "dvar": [0.0844425484538, 8.32326698303, 45.1944198608, 35.7890472412, 154.139038086, 61.6157226562, 53.5813865662, 345.680389404, 1116.3894043, 1718.75915527, 1267.45080566, 738.681152344, 2535.2980957, 3945.66503906, 4493.10546875, 3327.74804688, 1017.18359375, 2104.98364258, 1485.86437988, 1846.75769043, 1363.25537109, 2148.00927734, 838.382507324, 1058.37536621, 641.594848633, 531.51361084, 237.707275391, 162.25642395, 98.3970031738, 54.3879814148, 23.9052886963, 9.76579856873, 3.32603812218, 1.0163974762, 0.454712003469, 0.141636177897, 0.0513845719397, 0.00587312690914, 0.000135442358442, 1.76996366008e-07], "mean": [0.134643465281, 1.04355192184, 2.22148060799, 1.80081748962, 3.43082690239, 2.92196154594, 3.48192572594, 7.50391387939, 16.4492263794, 22.0426197052, 17.2680091858, 16.1431217194, 26.5379772186, 36.5504264832, 40.9471702576, 22.1108264923, 20.6302833557, 25.9486904144, 25.7110118866, 27.0668468475, 19.4800052643, 22.4173564911, 14.9482364655, 17.2390003204, 13.0471115112, 10.650021553, 7.65160512924, 7.75512552261, 6.31001091003, 4.33098745346, 2.46878767014, 1.32019817829, 0.772492527962, 0.493232697248, 0.313221514225, 0.183250829577, 0.0952262952924, 0.0296179000288, 0.00422376114875, 0.0001653306972]}, "zerocrossingrate": {"min": 0, "max": 0.5146484375, "dvar2": 0.00057382916566, "median": 0.0673828125, "dmean2": 0.0166923608631, "dmean": 0.0149177042767, "var": 0.00339591153897, "dvar": 0.000464688491775, "mean": 0.0798568502069}, "spectral_contrast_coeffs": {"min": [-0.995602667332, -0.97828322649, -0.982970654964, -0.975523710251, -0.965650379658, -0.96318423748], "max": [-0.372416496277, -0.328773647547, -0.377785533667, -0.50064098835, -0.500189781189, -0.594905376434], "dvar2": [0.00483652995899, 0.00475144945085, 0.0037240057718, 0.00249910005368, 0.00110090489034, 0.000781346403528], "median": [-0.70304018259, -0.744401872158, -0.752329528332, -0.781548023224, -0.790807783604, -0.750301837921], "dmean2": [0.0770893767476, 0.0832497477531, 0.0728592947125, 0.0573287270963, 0.0385116152465, 0.0304942596704], "dmean": [0.049037117511, 0.0523269735277, 0.0470488630235, 0.0367335192859, 0.0246687550098, 0.0202121715993], "var": [0.0107689350843, 0.0100336736068, 0.00925720483065, 0.00566318631172, 0.00264952355064, 0.00266311876476], "dvar": [0.00217987690121, 0.00201979349367, 0.00164927414153, 0.00105902645737, 0.000494362262543, 0.000374183058739], "mean": [-0.699815928936, -0.731417119503, -0.744756817818, -0.773778855801, -0.788303971291, -0.751960277557]}, "dissonance": {"min": 0.0575997307897, "max": 0.500000178814, "dvar2": 0.00174574204721, "median": 0.472047001123, "dmean2": 0.0384734012187, "dmean": 0.0230422224849, "var": 0.00127977121156, "dvar": 0.000666876265313, "mean": 0.462025374174}, "spectral_energyband_high": {"min": 7.04494218075e-21, "max": 0.0192211121321, "dvar2": 3.32143667947e-06, "median": 0.000202053342946, "dmean2": 0.000746373087168, "dmean": 0.000501154107042, "var": 2.01738112082e-06, "dvar": 1.42973351558e-06, "mean": 0.000740320247132}, "spectral_skewness": {"min": -0.125380888581, "max": 9.3156452179, "dvar2": 0.216744169593, "median": 1.52579879761, "dmean2": 0.38458815217, "dmean": 0.248845338821, "var": 0.388574421406, "dvar": 0.0923651978374, "mean": 1.59354281425}, "spectral_flux": {"min": 6.44870545852e-11, "max": 0.406652778387, "dvar2": 0.00271798158064, "median": 0.0534323714674, "dmean2": 0.0413048788905, "dmean": 0.0281712282449, "var": 0.00393822649494, "dvar": 0.00148282770533, "mean": 0.070529140532}, "silence_rate_30dB": {"min": 0, "max": 1, "dvar2": 0.0403661839664, "median": 1, "dmean2": 0.0309291426092, "dmean": 0.0154626108706, "var": 0.010408045724, "dvar": 0.0152231063694, "mean": 0.989481687546}, "spectral_energyband_middle_high": {"min": 1.22399920587e-21, "max": 0.077071338892, "dvar2": 4.69124715892e-05, "median": 0.00208037253469, "dmean2": 0.00408250885084, "dmean": 0.00273879128508, "var": 6.4983847551e-05, "dvar": 2.12392133108e-05, "mean": 0.00564052863047}, "barkbands_spread": {"min": 0.077350564301, "max": 115.683006287, "dvar2": 171.184661865, "median": 21.2688484192, "dmean2": 10.9079933167, "dmean": 7.19592285156, "var": 237.230758667, "dvar": 76.2937240601, "mean": 24.3056850433}, "spectral_centroid": {"min": 76.6931686401, "max": 11581.2919922, "dvar2": 310284.46875, "median": 1604.97692871, "dmean2": 476.89666748, "dmean": 321.379394531, "var": 1046312.5625, "dvar": 163016.734375, "mean": 1767.04943848}, "pitch_salience": {"min": 0.0363455079496, "max": 0.877088904381, "dvar2": 0.0163373481482, "median": 0.517946243286, "dmean2": 0.131213709712, "dmean": 0.0840528905392, "var": 0.0193170793355, "dvar": 0.00707477750257, "mean": 0.517337739468}, "erbbands_skewness": {"min": -6.01962900162, "max": 7.50081682205, "dvar2": 0.59674757719, "median": 0.21882840991, "dmean2": 0.776860237122, "dmean": 0.515889167786, "var": 1.07345020771, "dvar": 0.281496018171, "mean": 0.313205689192}, "erbbands_crest": {"min": 2.30318975449, "max": 33.9590377808, "dvar2": 25.1245384216, "median": 9.11159896851, "dmean2": 5.54854869843, "dmean": 3.43442034721, "var": 33.4480171204, "dvar": 11.0282716751, "mean": 10.6595544815}, "melbands": {"min": [7.93511338865e-25, 8.95022946225e-25, 1.44730653673e-24, 1.17099735505e-24, 2.8756800173e-24, 2.34387614337e-24, 2.48516606187e-24, 2.18231447175e-24, 1.74746732231e-24, 2.11021731818e-24, 1.39093118378e-24, 3.50323858893e-24, 2.90689820155e-24, 4.07815923336e-24, 2.05820199945e-24, 5.1385271295e-24, 3.48294316999e-24, 4.38399035113e-24, 5.21848528199e-24, 3.60310009649e-24, 3.77106751587e-24, 4.02815531273e-24, 5.32789673967e-24, 5.57265424615e-24, 5.69262579034e-24, 4.16111426844e-24, 4.23949943228e-24, 5.55529141763e-24, 5.58257614419e-24, 6.60778372092e-24, 5.80581076416e-24, 3.63728972255e-24, 5.74957129251e-24, 4.85318430717e-24, 6.68549519755e-24, 4.75303683753e-24, 6.12259245458e-24, 7.34938554703e-24, 6.86757060536e-24, 5.96648871435e-24], "max": [0.041721008718, 0.0477636344731, 0.0131733203307, 0.0173620190471, 0.00359164061956, 0.00678480044007, 0.0125720808282, 0.0107551282272, 0.0079217851162, 0.00427055265754, 0.00598745560274, 0.00738629559055, 0.00552181852981, 0.00561590259895, 0.00531786959618, 0.0022811293602, 0.00407354719937, 0.00238252407871, 0.00213735504076, 0.00117411499377, 0.000781475333497, 0.00110662390944, 0.000400434626499, 0.000461281742901, 0.000691754044965, 0.000285533140413, 0.000265473092441, 0.000310366798658, 0.000223862152779, 0.000107872845547, 0.000111654335342, 0.000118946853036, 6.31220391369e-05, 6.64267427055e-05, 6.76115669194e-05, 6.5409236413e-05, 8.64356479724e-05, 6.34756142972e-05, 4.48976497864e-05, 2.63992060354e-05], "dvar2": [1.93639298232e-05, 3.0070747016e-05, 3.55205270353e-06, 1.47248670146e-06, 1.50904213569e-07, 3.99036025556e-07, 5.98014992192e-07, 4.67718194841e-07, 2.16576552248e-07, 7.74073569687e-08, 1.85679184028e-07, 1.73202977294e-07, 1.57351578878e-07, 4.46377619312e-08, 4.40358363107e-08, 2.10863557726e-08, 1.83297803602e-08, 1.33269661973e-08, 1.36309088461e-08, 7.97464760893e-09, 5.00720442886e-09, 8.60584581375e-09, 1.82281967298e-09, 1.81532566756e-09, 1.9691872577e-09, 1.15032683379e-09, 7.82990339232e-10, 6.31302732312e-10, 3.01534019975e-10, 1.80344267298e-10, 1.431124802e-10, 1.01083821868e-10, 4.75899111785e-11, 4.02819028134e-11, 2.50647055194e-11, 1.03744322161e-11, 8.48585177821e-12, 4.40376554667e-12, 2.34882252537e-12, 1.59624678926e-12], "median": [4.19612042606e-05, 7.62299678172e-05, 3.50759510184e-05, 2.27853033721e-05, 2.22908274736e-05, 4.54101755167e-05, 7.07429935574e-05, 4.75809101772e-05, 2.6077239454e-05, 1.69266422745e-05, 2.32375095948e-05, 2.68090079771e-05, 1.85445605894e-05, 1.01932419057e-05, 7.26730149836e-06, 6.314820439e-06, 7.67232086218e-06, 5.82780512559e-06, 4.24927247877e-06, 4.03490730605e-06, 2.717551979e-06, 3.72987915398e-06, 2.46509625867e-06, 2.8741760616e-06, 3.24275606545e-06, 2.4424887215e-06, 1.90844548342e-06, 1.54672966346e-06, 9.50512571762e-07, 9.04166199689e-07, 9.32673231091e-07, 7.93289473222e-07, 6.70841075134e-07, 5.30240299668e-07, 3.11407916342e-07, 1.8935531898e-07, 1.41289575595e-07, 1.23129211715e-07, 8.68704006507e-08, 6.18079241121e-08], "dmean2": [0.00149253685959, 0.00177365227137, 0.000680963741615, 0.000421375618316, 0.000160503186635, 0.000241032917984, 0.000298204802675, 0.000269267591648, 0.000164123310242, 0.000103159953142, 0.000151712578372, 0.000161237156135, 0.000142543751281, 7.14301131666e-05, 6.44790707156e-05, 5.41647568753e-05, 5.39640604984e-05, 4.73014733871e-05, 4.7772511607e-05, 3.71216265194e-05, 2.80130152532e-05, 3.70579873561e-05, 1.88602607523e-05, 1.81302712008e-05, 1.81721970876e-05, 1.41662339956e-05, 1.10557020889e-05, 9.20960792428e-06, 6.21816025159e-06, 5.6056151152e-06, 4.97065184391e-06, 4.09835047321e-06, 3.08448625219e-06, 2.65320318249e-06, 1.8684488623e-06, 1.22239111988e-06, 8.48265813147e-07, 6.30448255379e-07, 5.20371543189e-07, 4.78504148305e-07], "dmean": [0.000981692224741, 0.00108533306047, 0.000397846306441, 0.000263765075943, 0.000100062061392, 0.000144221441587, 0.000186507284525, 0.000168233382283, 0.0001027886683, 6.43016901449e-05, 9.55130672082e-05, 0.000103756057797, 9.13313415367e-05, 4.60411392851e-05, 4.11338733102e-05, 3.50621266989e-05, 3.47639215761e-05, 3.01743421005e-05, 3.05862813548e-05, 2.32514339586e-05, 1.73845310201e-05, 2.24651921599e-05, 1.144226826e-05, 1.12088700917e-05, 1.15459170047e-05, 8.93776086741e-06, 6.90723345542e-06, 5.69567600905e-06, 3.87118689105e-06, 3.48015078089e-06, 3.15630268233e-06, 2.65169410341e-06, 2.04289153771e-06, 1.720314458e-06, 1.19476590044e-06, 7.93888204953e-07, 5.6213946209e-07, 4.24027007284e-07, 3.43221302046e-07, 3.16615881957e-07], "var": [1.06989446067e-05, 1.126683037e-05, 1.01509431261e-06, 5.81421488732e-07, 6.72253790412e-08, 1.42801852121e-07, 3.33434854838e-07, 3.15704767218e-07, 1.16009296391e-07, 8.14576850416e-08, 1.46354153685e-07, 1.404338974e-07, 1.6063100361e-07, 5.70588483129e-08, 2.42926105898e-08, 1.62599089748e-08, 1.46495784392e-08, 1.12347944281e-08, 1.8333945917e-08, 5.47160183828e-09, 2.55926502213e-09, 4.71816807845e-09, 7.92157950347e-10, 8.91565876682e-10, 1.05231978687e-09, 5.8344867826e-10, 3.20936832665e-10, 2.32542998746e-10, 1.18145090933e-10, 9.85726986147e-11, 8.49238526723e-11, 6.1701005416e-11, 3.09714510982e-11, 2.1530100619e-11, 1.17581413356e-11, 6.33314971646e-12, 6.06528672772e-12, 3.41455791593e-12, 1.68522010582e-12, 1.01068871154e-12], "dvar": [8.26567338663e-06, 1.17634099297e-05, 1.32678962927e-06, 6.12838960024e-07, 6.05986087976e-08, 1.49547815909e-07, 2.39666491098e-07, 1.91026231278e-07, 8.54564206065e-08, 2.98298665768e-08, 7.49348245677e-08, 7.66904832972e-08, 6.49412967846e-08, 1.99489456065e-08, 1.68752318785e-08, 8.7308249519e-09, 8.21283574481e-09, 5.35780886324e-09, 6.26017770955e-09, 3.29846239211e-09, 2.04435113282e-09, 3.38831718238e-09, 7.18744508355e-10, 7.27016391533e-10, 8.11532174794e-10, 4.73934891332e-10, 3.11434933398e-10, 2.43033426717e-10, 1.16857579169e-10, 7.16311454596e-11, 5.82451378794e-11, 4.20583810834e-11, 2.09819418784e-11, 1.69046165954e-11, 1.00577766601e-11, 4.49535157362e-12, 3.7552998905e-12, 1.97029046724e-12, 1.07542371276e-12, 7.03722453574e-13], "mean": [0.00125064619351, 0.00126900232863, 0.000366602500435, 0.00025032274425, 0.000116609502584, 0.000168963961187, 0.00025429300149, 0.000230295554502, 0.000134883026476, 0.000101411591459, 0.000139952608151, 0.000151967135025, 0.000149778134073, 6.95404887665e-05, 5.36380575795e-05, 4.86000280944e-05, 4.78431647934e-05, 4.14869136875e-05, 4.31088010373e-05, 2.98927880067e-05, 2.00873873837e-05, 2.61400491581e-05, 1.26102631839e-05, 1.33044795803e-05, 1.43176685015e-05, 1.08910462586e-05, 8.18892385723e-06, 6.82977361066e-06, 4.6974032557e-06, 4.69083579446e-06, 4.47791717306e-06, 3.81087534151e-06, 2.85800842903e-06, 2.21704544856e-06, 1.50484493133e-06, 1.0055130133e-06, 7.2938280482e-07, 5.61632987228e-07, 4.48882559567e-07, 4.02845756753e-07]}, "spectral_entropy": {"min": 4.50353097916, "max": 9.82585144043, "dvar2": 0.0970061719418, "median": 7.67372131348, "dmean2": 0.287389576435, "dmean": 0.204051911831, "var": 0.297401189804, "dvar": 0.0532509163022, "mean": 7.5870642662}, "spectral_rolloff": {"min": 21.533203125, "max": 19422.9492188, "dvar2": 3087638, "median": 1593.45703125, "dmean2": 1111.45654297, "dmean": 691.281860352, "var": 4731220.5, "dvar": 1586434.375, "mean": 2132.74462891}, "barkbands": {"min": [1.15358058817e-24, 2.33914988047e-24, 2.39373057486e-24, 1.11934136247e-24, 8.0253849114e-24, 8.47511451347e-24, 1.25915587443e-23, 1.04930601521e-23, 1.46695895515e-23, 1.1677717817e-23, 2.16190502297e-23, 3.36028334561e-23, 2.25709434404e-23, 4.39043502918e-23, 7.10035399216e-23, 6.09615299248e-23, 8.23614014628e-23, 1.29441207199e-22, 1.5155666393e-22, 1.45130022395e-22, 3.14196129382e-22, 2.66393935316e-22, 4.66311761217e-22, 7.00873858964e-22, 8.98527666689e-22, 1.34526315666e-21, 1.92256666274e-21], "max": [0.00619570538402, 0.154487669468, 0.0813991427422, 0.0244622547179, 0.0707002803683, 0.0298111122102, 0.0587346181273, 0.0484842322767, 0.0272522158921, 0.0633963048458, 0.0448970161378, 0.0607362948358, 0.0179720446467, 0.0327620580792, 0.0193246044219, 0.0138839008287, 0.0118872728199, 0.00914739817381, 0.0110016977414, 0.00792215391994, 0.00418483186513, 0.00370946736075, 0.00367048196495, 0.00537985144183, 0.00284802168608, 0.0014818047639, 0.000823561858851], "dvar2": [9.98794007501e-08, 0.000314460223308, 9.46568834479e-05, 9.67911637417e-06, 2.38463271671e-05, 8.1163343566e-06, 1.51632257257e-05, 8.06792832009e-06, 3.90080185753e-06, 1.11695489977e-05, 1.01298937807e-05, 4.51771029475e-06, 1.42131545999e-06, 2.20715423893e-06, 1.6218654082e-06, 1.3483395378e-06, 1.55387920131e-06, 7.59203146572e-07, 8.24674145861e-07, 6.10803397194e-07, 2.67343921223e-07, 1.64608323416e-07, 7.8530426606e-08, 3.48662503313e-08, 1.77331500595e-08, 2.6259918684e-08, 9.35603772234e-09], "median": [2.10261605389e-05, 0.000202139868634, 7.34713103157e-05, 3.28651876771e-05, 0.00011563298176, 0.000167595702806, 0.000340019294526, 0.000163543983945, 0.000126655053464, 0.000156238180352, 0.000133635534439, 8.15041348687e-05, 6.78882206557e-05, 8.27228141134e-05, 5.77508435526e-05, 4.9361053243e-05, 5.7974790252e-05, 5.6313478126e-05, 7.12050386937e-05, 5.92066462559e-05, 3.79845223506e-05, 4.03355988965e-05, 2.11627011595e-05, 1.09877000796e-05, 6.93137644703e-06, 4.89719013785e-06, 9.92326135929e-07], "dmean2": [0.000116044815513, 0.00595249282196, 0.00295784440823, 0.00106611533556, 0.00175637973007, 0.00107383530121, 0.00158163055312, 0.00104219221976, 0.000761589210015, 0.00115304044448, 0.00113518326543, 0.00066600140417, 0.000506913871504, 0.000630407477729, 0.000558322644792, 0.000483243871713, 0.000525057432242, 0.000371645961422, 0.000385301827919, 0.000297181395581, 0.000212797240238, 0.000179168971954, 0.000111139925139, 5.79018087592e-05, 5.0329559599e-05, 6.49952198728e-05, 3.59624245903e-05], "dmean": [8.74501129147e-05, 0.00381774641573, 0.00167780544143, 0.00060292967828, 0.00111268565524, 0.000642868399154, 0.000994331436232, 0.000654692936223, 0.000475636566989, 0.000725875783246, 0.000719802221283, 0.000425234960858, 0.000329403206706, 0.000406164152082, 0.000354812567821, 0.000301861873595, 0.000319274229696, 0.000229348923313, 0.000244130351348, 0.000184762408026, 0.000134790854645, 0.000118113734061, 7.26283324184e-05, 3.88923326682e-05, 3.37542114721e-05, 4.26436454291e-05, 2.29945489991e-05], "var": [1.42513300716e-07, 0.000152203036123, 2.66973092948e-05, 2.4838709578e-06, 1.02232961581e-05, 2.85444252768e-06, 9.43570739764e-06, 4.37448761659e-06, 3.90452714782e-06, 9.04230182641e-06, 8.72925284057e-06, 3.81270024263e-06, 1.23405948216e-06, 1.81383916242e-06, 1.80406141226e-06, 8.5749917389e-07, 8.0001649394e-07, 3.63734613984e-07, 4.40546074287e-07, 2.3882955702e-07, 1.48192995653e-07, 1.15495815578e-07, 4.26548574239e-08, 2.87956734013e-08, 1.28384991527e-08, 1.42948568538e-08, 4.3513139758e-09], "dvar": [6.02792198379e-08, 0.00013055378804, 3.42252315022e-05, 3.5059313177e-06, 1.01810492197e-05, 3.03956585412e-06, 6.07725132795e-06, 3.2858688428e-06, 1.51576284679e-06, 4.7142953008e-06, 4.20141077484e-06, 1.87517605355e-06, 6.2832441472e-07, 9.48536296619e-07, 7.16901865871e-07, 5.55055009954e-07, 6.16749503024e-07, 3.02755580606e-07, 3.43754322785e-07, 2.39246418232e-07, 1.08659641285e-07, 7.19731048093e-08, 3.28909486313e-08, 1.61916524632e-08, 8.1771860394e-09, 1.14984279875e-08, 4.0360932374e-09], "mean": [0.000142853736179, 0.00468965806067, 0.00175818894058, 0.00051066809101, 0.0010910469573, 0.00072999112308, 0.00136927235872, 0.00083045050269, 0.00074840313755, 0.00101960392203, 0.00113318988588, 0.000595220248215, 0.000461360701593, 0.000562816101592, 0.000488712277729, 0.000374559022021, 0.000370344263501, 0.000268479197985, 0.000309948256472, 0.000229447425227, 0.000186865683645, 0.000175128865521, 9.54626520979e-05, 5.2293526096e-05, 4.40543008153e-05, 4.89285084768e-05, 2.32358779613e-05]}, "melbands_flatness_db": {"min": 0.00415490102023, "max": 0.718856990337, "dvar2": 0.00228844117373, "median": 0.173183247447, "dmean2": 0.0471887253225, "dmean": 0.033275295049, "var": 0.0076107904315, "dvar": 0.00121898797806, "mean": 0.185318022966}, "melbands_skewness": {"min": -4.36341619492, "max": 18.028181076, "dvar2": 1.92408549786, "median": 1.57734012604, "dmean2": 1.2507172823, "dmean": 0.833028137684, "var": 3.01982092857, "dvar": 0.877758145332, "mean": 1.87819671631}, "barkbands_skewness": {"min": -7.01671266556, "max": 32.3282165527, "dvar2": 1.63031220436, "median": 0.920956015587, "dmean2": 0.975874960423, "dmean": 0.658159017563, "var": 2.31126880646, "dvar": 0.729223966599, "mean": 1.01483118534}, "silence_rate_60dB": {"min": 0, "max": 1, "dvar2": 0.131691217422, "median": 0, "dmean2": 0.141969829798, "dmean": 0.0709759220481, "var": 0.207205280662, "dvar": 0.0659380108118, "mean": 0.293118745089}, "spectral_energyband_low": {"min": 1.35942364536e-23, "max": 0.179521232843, "dvar2": 0.000472205952974, "median": 0.000400535704102, "dmean2": 0.00771249085665, "dmean": 0.00509039638564, "var": 0.000259424181422, "dvar": 0.000201562375878, "mean": 0.00684089539573}, "spectral_energyband_middle_low": {"min": 1.88103011948e-22, "max": 0.10057990998, "dvar2": 0.000121201577713, "median": 0.0027444481384, "dmean2": 0.00574926333502, "dmean": 0.00360706495121, "var": 6.78058131598e-05, "dvar": 4.95623025927e-05, "mean": 0.00544105470181}, "melbands_kurtosis": {"min": -1.89245998859, "max": 679.616882324, "dvar2": 528.531494141, "median": 3.5493478775, "dmean2": 10.5274868011, "dmean": 6.71688318253, "var": 474.269866943, "dvar": 250.913574219, "mean": 9.1436662674}, "spectral_decrease": {"min": -5.35533466461e-08, "max": 1.26087828824e-28, "dvar2": 4.62592353415e-17, "median": -2.46189646447e-09, "dmean2": 3.58972562786e-09, "dmean": 2.43132625144e-09, "var": 3.75324137046e-17, "dvar": 2.14194052107e-17, "mean": -4.44750725137e-09}, "erbbands_kurtosis": {"min": -1.80931615829, "max": 70.8319396973, "dvar2": 20.4843959808, "median": 0.24919462204, "dmean2": 2.60331439972, "dmean": 1.63570845127, "var": 18.9425640106, "dvar": 9.70860958099, "mean": 1.51515305042}, "melbands_crest": {"min": 1.70747435093, "max": 36.485534668, "dvar2": 30.9618721008, "median": 13.9663381577, "dmean2": 6.13964605331, "dmean": 3.85806751251, "var": 43.9413146973, "dvar": 13.5362625122, "mean": 14.8584566116}, "gfcc": {"cov": [[27662.2324219, 263.511962891, 179.013427734, -40.7420654297, -589.762817383, 192.344238281, -700.545349121, -496.623809814, -583.840393066, -262.311065674, -640.730041504, -120.459472656, -353.038543701], [263.511962891, 2574.43041992, 391.550537109, -60.1314353943, 368.673797607, 39.7785491943, 265.072601318, 77.5727920532, 156.600128174, -133.055236816, 52.1762237549, -142.446121216, -11.3261346817], [179.013427734, 391.550537109, 1338.42163086, 324.930328369, 258.743682861, 111.429321289, 28.6934452057, 21.5149459839, -19.1780967712, -59.7463531494, -97.2178649902, -47.4307136536, -58.9998817444], [-40.7420654297, -60.1314353943, 324.930328369, 729.426025391, 165.2527771, 109.87979126, 50.9033432007, -0.385795027018, -16.5479545593, -29.3815593719, -74.7542953491, -37.4287185669, -5.18818473816], [-589.762817383, 368.673797607, 258.743682861, 165.2527771, 631.845703125, 167.969406128, 154.653656006, 65.6945037842, 65.9581756592, -41.8139686584, -58.2219696045, -35.9071922302, -3.40837597847], [192.344238281, 39.7785491943, 111.429321289, 109.87979126, 167.969406128, 337.725921631, 159.365966797, 68.7327041626, -0.975753545761, 13.2784576416, -21.4307842255, -22.6941204071, -13.3176574707], [-700.545349121, 265.072601318, 28.6934452057, 50.9033432007, 154.653656006, 159.365966797, 340.016815186, 129.42427063, 71.8999099731, 16.1931362152, 20.9346675873, -32.8727226257, -12.6367759705], [-496.623809814, 77.5727920532, 21.5149459839, -0.385795027018, 65.6945037842, 68.7327041626, 129.42427063, 214.88079834, 118.945526123, 36.0997657776, 17.1406841278, -6.85303783417, 2.05613517761], [-583.840393066, 156.600128174, -19.1780967712, -16.5479545593, 65.9581756592, -0.975753545761, 71.8999099731, 118.945526123, 208.507736206, 83.0956954956, 45.3992767334, -5.44618320465, 7.40471696854], [-262.311065674, -133.055236816, -59.7463531494, -29.3815593719, -41.8139686584, 13.2784576416, 16.1931362152, 36.0997657776, 83.0956954956, 170.561599731, 86.7237243652, 20.6747722626, -4.50907039642], [-640.730041504, 52.1762237549, -97.2178649902, -74.7542953491, -58.2219696045, -21.4307842255, 20.9346675873, 17.1406841278, 45.3992767334, 86.7237243652, 158.518936157, 50.1475563049, 13.2717399597], [-120.459472656, -142.446121216, -47.4307136536, -37.4287185669, -35.9071922302, -22.6941204071, -32.8727226257, -6.85303783417, -5.44618320465, 20.6747722626, 50.1475563049, 113.759819031, 53.539894104], [-353.038543701, -11.3261346817, -58.9998817444, -5.18818473816, -3.40837597847, -13.3176574707, -12.6367759705, 2.05613517761, 7.40471696854, -4.50907039642, 13.2717399597, 53.539894104, 105.393287659]], "icov": [[5.25284340256e-05, -5.86624155403e-05, 2.46392864938e-05, 1.74957264676e-07, 7.42269985494e-05, -0.000106480292743, 0.000117745665193, 2.21629761654e-05, 7.92563369032e-05, -0.000121026409033, 0.000328788912157, -0.000199940623133, 0.00023550511105], [-5.86624155403e-05, 0.000720102805644, -0.00024469368509, 0.000186063771253, -0.000289388000965, 0.000199342131964, -0.000485054857563, 0.000321360130329, -0.000758221664, 0.00120729068294, -0.00138418783899, 0.00129912770353, -0.000676266499795], [2.46392864938e-05, -0.00024469368509, 0.00101147370879, -0.000386114756111, -0.000179283713805, -0.000165340155945, 0.000349588633981, -0.000273830839433, 0.000324576656567, -0.000293533172226, 0.00070821942063, -0.000616443692707, 0.000812637561467], [1.74957264676e-07, 0.000186063771253, -0.000386114756111, 0.00171847757883, -0.000240137655055, -0.000269890850177, -0.000210525307921, 0.000321479164995, -0.000124269790831, 7.96960448497e-05, 0.000232524820603, 0.000576120975893, -0.000494166975841], [7.42269985494e-05, -0.000289388000965, -0.000179283713805, -0.000240137655055, 0.00245254300535, -0.000993575900793, -0.000321568397339, 0.000392276415369, -0.000934842217248, 0.000339303951478, 0.00122290547006, -0.000719852454495, 0.00030479740235], [-0.000106480292743, 0.000199342131964, -0.000165340155945, -0.000269890850177, -0.000993575900793, 0.00486348103732, -0.00201692269184, -0.00102553784382, 0.00164559541736, -0.00121266639326, 1.3607071196e-05, 0.000528089411091, -0.000517982058227], [0.000117745665193, -0.000485054857563, 0.000349588633981, -0.000210525307921, -0.000321568397339, -0.00201692269184, 0.00556511711329, -0.00231031794101, 0.000277393031865, -4.54996952612e-05, -0.000360278907465, 0.000353870651452, 0.000818869157229], [2.21629761654e-05, 0.000321360130329, -0.000273830839433, 0.000321479164995, 0.000392276415369, -0.00102553784382, -0.00231031794101, 0.00878411624581, -0.00504214363173, 0.00114607659634, 0.000257439678535, -0.000341559381923, -4.95971980854e-05], [7.92563369032e-05, -0.000758221664, 0.000324576656567, -0.000124269790831, -0.000934842217248, 0.00164559541736, 0.000277393031865, -0.00504214363173, 0.0106946248561, -0.00544850854203, 0.000932166876737, 0.000438454153482, -0.000655684212688], [-0.000121026409033, 0.00120729068294, -0.000293533172226, 7.96960448497e-05, 0.000339303951478, -0.00121266639326, -4.54996952612e-05, 0.00114607659634, -0.00544850854203, 0.0124996425584, -0.00699530122802, 0.00157502223738, 0.000392215442844], [0.000328788912157, -0.00138418783899, 0.00070821942063, 0.000232524820603, 0.00122290547006, 1.3607071196e-05, -0.000360278907465, 0.000257439678535, 0.000932166876737, -0.00699530122802, 0.0147104226053, -0.00719581963494, 0.00279184686951], [-0.000199940623133, 0.00129912770353, -0.000616443692707, 0.000576120975893, -0.000719852454495, 0.000528089411091, 0.000353870651452, -0.000341559381923, 0.000438454153482, 0.00157502223738, -0.00719581963494, 0.0169742349535, -0.00843452848494], [0.00023550511105, -0.000676266499795, 0.000812637561467, -0.000494166975841, 0.00030479740235, -0.000517982058227, 0.000818869157229, -4.95971980854e-05, -0.000655684212688, 0.000392215442844, 0.00279184686951, -0.00843452848494, 0.0146746514365]], "mean": [-82.3742904663, 57.4568939209, -127.83177948, 15.4984865189, -54.6316452026, 6.18129873276, -22.8225822449, 10.8140668869, -14.5099964142, 8.91080093384, -11.3281726837, 7.28730249405, -11.8314380646]}, "melbands_spread": {"min": 0.161916688085, "max": 252.130126953, "dvar2": 619.150878906, "median": 26.2201309204, "dmean2": 17.1793403625, "dmean": 11.120308876, "var": 775.020690918, "dvar": 280.287445068, "mean": 32.4540939331}, "spectral_energy": {"min": 9.96261661196e-21, "max": 0.207100391388, "dvar2": 0.00072700047167, "median": 0.0103302914649, "dmean2": 0.0145549550653, "dmean": 0.0098746009171, "var": 0.000606911140494, "dvar": 0.000338641693816, "mean": 0.0183101706207}, "mfcc": {"cov": [[20045.8867188, 1330.87524414, -361.974822998, 388.872833252, -166.776748657, 387.054412842, -315.951873779, -196.441726685, -305.159545898, -272.665802002, -331.604003906, -487.112121582, -350.083465576], [1330.87524414, 2315.73657227, 210.561935425, 43.9414596558, 193.3228302, 16.7030639648, 107.717300415, 141.219665527, 100.152748108, 31.3562469482, 38.75623703, 30.9101390839, 26.1405391693], [-361.974822998, 210.561935425, 934.202880859, 246.162841797, 146.926712036, 78.1353302002, 66.7601013184, 56.1311836243, 43.2467803955, 14.2108955383, -2.7748041153, 13.9663200378, -16.1578350067], [388.872833252, 43.9414596558, 246.162841797, 495.102050781, 175.724914551, 108.069419861, 30.5161533356, 39.7663955688, 55.7727279663, -1.93842053413, -17.3229923248, -18.5854091644, -41.1500015259], [-166.776748657, 193.3228302, 146.926712036, 175.724914551, 426.314208984, 131.208999634, 64.7710494995, 81.2404251099, 90.5891952515, 29.2799339294, -23.3514270782, -3.43302297592, -13.7353935242], [387.054412842, 16.7030639648, 78.1353302002, 108.069419861, 131.208999634, 282.708099365, 145.552444458, 60.2285308838, 47.8849105835, 31.5556659698, 9.12211704254, -24.912021637, -13.9899339676], [-315.951873779, 107.717300415, 66.7601013184, 30.5161533356, 64.7710494995, 145.552444458, 257.684631348, 128.509689331, 70.185546875, 58.3954963684, 37.2572441101, -1.91717100143, -0.106396898627], [-196.441726685, 141.219665527, 56.1311836243, 39.7663955688, 81.2404251099, 60.2285308838, 128.509689331, 198.080108643, 124.29322052, 50.0534896851, 23.6903247833, 9.18735408783, 6.25948524475], [-305.159545898, 100.152748108, 43.2467803955, 55.7727279663, 90.5891952515, 47.8849105835, 70.185546875, 124.29322052, 204.419418335, 101.864486694, 35.3407516479, 24.8461494446, 11.7719106674], [-272.665802002, 31.3562469482, 14.2108955383, -1.93842053413, 29.2799339294, 31.5556659698, 58.3954963684, 50.0534896851, 101.864486694, 167.456604004, 98.199432373, 32.9741592407, 11.4901227951], [-331.604003906, 38.75623703, -2.7748041153, -17.3229923248, -23.3514270782, 9.12211704254, 37.2572441101, 23.6903247833, 35.3407516479, 98.199432373, 161.790664673, 88.7675094604, 22.8789215088], [-487.112121582, 30.9101390839, 13.9663200378, -18.5854091644, -3.43302297592, -24.912021637, -1.91717100143, 9.18735408783, 24.8461494446, 32.9741592407, 88.7675094604, 162.670532227, 78.0751342773], [-350.083465576, 26.1405391693, -16.1578350067, -41.1500015259, -13.7353935242, -13.9899339676, -0.106396898627, 6.25948524475, 11.7719106674, 11.4901227951, 22.8789215088, 78.0751342773, 134.809829712]], "icov": [[7.08217776264e-05, -6.48527347948e-05, 4.74269763799e-05, -6.75403134665e-05, 0.000109550281195, -0.000233055237914, 0.000220912363147, -8.14911909401e-05, 0.000122946148622, -5.88824805163e-05, 9.65114086284e-05, 7.58182068239e-05, 0.00010648630996], [-6.48527347948e-05, 0.000537560437806, -0.000130683314637, 0.000121752265841, -0.000328619702486, 0.000403071840992, -0.000335211312631, -9.62936319411e-05, -0.000208503348404, 0.000267274066573, -0.000346384418663, 5.5744767451e-05, -0.000216668471694], [4.74269763799e-05, -0.000130683314637, 0.00131854368374, -0.000629041926004, -5.45757902728e-05, -0.000143469878822, -5.74482291995e-05, -0.000158220806043, 0.000292148877634, -0.000252710422501, 0.000360289996024, -0.00033308082493, 0.000229164230404], [-6.75403134665e-05, 0.000121752265841, -0.000629041926004, 0.0028868203517, -0.000841475906782, -0.000502392998897, 0.00020475043857, 0.000180086964974, -0.000859311665408, 0.000791235303041, -0.000394670933019, -2.03532890737e-05, 0.000547085131984], [0.000109550281195, -0.000328619702486, -5.45757902728e-05, -0.000841475906782, 0.00368359615095, -0.00173010723665, 0.000855963909999, -0.000820974295493, -0.000252213474596, -0.000872531149071, 0.00173309061211, -0.000859308871441, 0.000619308790192], [-0.000233055237914, 0.000403071840992, -0.000143469878822, -0.000502392998897, -0.00173010723665, 0.00695151602849, -0.00435342872515, 0.00156890240032, -0.000934623298235, 0.000720560434274, -0.00123740767594, 0.0011285841465, -0.00080850138329], [0.000220912363147, -0.000335211312631, -5.74482291995e-05, 0.00020475043857, 0.000855963909999, -0.00435342872515, 0.00903048366308, -0.00531526468694, 0.00205920124426, -0.00181889021769, 6.82041445543e-06, 0.000407607381931, 0.000321642466588], [-8.14911909401e-05, -9.62936319411e-05, -0.000158220806043, 0.000180086964974, -0.000820974295493, 0.00156890240032, -0.00531526468694, 0.0121040334925, -0.00691537186503, 0.00298168417066, -0.00157052197028, 0.000841073051561, -0.000514824525453], [0.000122946148622, -0.000208503348404, 0.000292148877634, -0.000859311665408, -0.000252213474596, -0.000934623298235, 0.00205920124426, -0.00691537186503, 0.0126097789034, -0.00774615444243, 0.0038058294449, -0.00210471078753, 0.000464604032459], [-5.88824805163e-05, 0.000267274066573, -0.000252710422501, 0.000791235303041, -0.000872531149071, 0.000720560434274, -0.00181889021769, 0.00298168417066, -0.00774615444243, 0.0154876401648, -0.00995446555316, 0.00392187386751, -0.00137309671845], [9.65114086284e-05, -0.000346384418663, 0.000360289996024, -0.000394670933019, 0.00173309061211, -0.00123740767594, 6.82041445543e-06, -0.00157052197028, 0.0038058294449, -0.00995446555316, 0.0166670754552, -0.00901277735829, 0.00326884631068], [7.58182068239e-05, 5.5744767451e-05, -0.00033308082493, -2.03532890737e-05, -0.000859308871441, 0.0011285841465, 0.000407607381931, 0.000841073051561, -0.00210471078753, 0.00392187386751, -0.00901277735829, 0.0141573967412, -0.00668937666342], [0.00010648630996, -0.000216668471694, 0.000229164230404, 0.000547085131984, 0.000619308790192, -0.00080850138329, 0.000321642466588, -0.000514824525453, 0.000464604032459, -0.00137309671845, 0.00326884631068, -0.00668937666342, 0.0113300690427]], "mean": [-721.140319824, 95.9599761963, -14.4538078308, 14.1584939957, -9.77694702148, 2.51217508316, -1.17620575428, 5.71309089661, 1.50751423836, 3.7472486496, 5.58139467239, 2.13732242584, 6.23450183868]}, "spectral_contrast_valleys": {"min": [-28.3205413818, -28.6417942047, -27.7227706909, -27.5856628418, -27.5680561066, -27.3788356781], "max": [-5.25014781952, -4.81246805191, -5.11668300629, -5.55866479874, -5.22971487045, -7.38893127441], "dvar2": [0.694969117641, 0.525066018105, 0.45489692688, 0.505311489105, 0.538370609283, 0.569529771805], "median": [-8.63966846466, -7.27509355545, -7.92360258102, -8.23670959473, -8.00839424133, -10.5394983292], "dmean2": [0.804520905018, 0.744393527508, 0.710067391396, 0.673373043537, 0.5681194067, 0.545218527317], "dmean": [0.576422452927, 0.503547549248, 0.498803526163, 0.487628161907, 0.43573358655, 0.44819444418], "var": [4.43197345734, 3.90428757668, 3.46281671524, 3.4153316021, 3.44338750839, 3.61006855965], "dvar": [0.447136759758, 0.301661074162, 0.269426584244, 0.311045825481, 0.309419065714, 0.338771164417], "mean": [-8.87263298035, -7.75507926941, -8.23515796661, -8.48743724823, -8.29182720184, -10.9433488846]}, "barkbands_flatness_db": {"min": 0.0155671238899, "max": 0.574155092239, "dvar2": 0.00159198325127, "median": 0.120199598372, "dmean2": 0.03954962641, "dmean": 0.0273828841746, "var": 0.00440507428721, "dvar": 0.000840137130581, "mean": 0.132193490863}, "dynamic_complexity": 6.91564321518, "erbbands_flatness_db": {"min": 0.0463863350451, "max": 0.508001029491, "dvar2": 0.00127913162578, "median": 0.166327312589, "dmean2": 0.0364992246032, "dmean": 0.0257763508707, "