{"lowlevel": {"spectral_complexity": {"min": 0, "max": 55, "dvar2": 42.8885955811, "median": 13, "dmean2": 5.28556776047, "dmean": 3.662586689, "var": 100.694229126, "dvar": 24.3310260773, "mean": 14.6181106567}, "silence_rate_20dB": {"min": 1, "max": 1, "dvar2": 0, "median": 1, "dmean2": 0, "dmean": 0, "var": 0, "dvar": 0, "mean": 1}, "average_loudness": 0.955969512463, "erbbands_spread": {"min": 0.910657823086, "max": 183.534378052, "dvar2": 549.148010254, "median": 34.6431541443, "dmean2": 19.0240001678, "dmean": 13.2791204453, "var": 816.387817383, "dvar": 267.232299805, "mean": 41.7282981873}, "spectral_kurtosis": {"min": -1.25040602684, "max": 166.243743896, "dvar2": 68.9250411987, "median": 4.56084060669, "dmean2": 4.30037212372, "dmean": 2.83854746819, "var": 94.8598861694, "dvar": 30.7364902496, "mean": 6.92995452881}, "barkbands_kurtosis": {"min": -1.94628298283, "max": 970.747314453, "dvar2": 2553.61108398, "median": 4.08396053314, "dmean2": 21.4010868073, "dmean": 13.1346416473, "var": 1742.375, "dvar": 1019.0480957, "mean": 17.4501857758}, "spectral_strongpeak": {"min": 0, "max": 15.5024490356, "dvar2": 3.38992547989, "median": 0.347485840321, "dmean2": 0.856841742992, "dmean": 0.489244937897, "var": 1.8184453249, "dvar": 1.30821573734, "mean": 0.733022987843}, "spectral_spread": {"min": 533808.875, "max": 42205908, "dvar2": 2330615087100.0, "median": 4533336, "dmean2": 1154421, "dmean": 951339.75, "var": 8114810126340.0, "dvar": 1485909393410.0, "mean": 5019631}, "spectral_rms": {"min": 3.14799206667e-12, "max": 0.0112113235518, "dvar2": 5.40655719306e-06, "median": 0.00539665902033, "dmean2": 0.00190608331468, "dmean": 0.00119069358334, "var": 4.2067999857e-06, "dvar": 2.13869316212e-06, "mean": 0.00526875723153}, "erbbands": {"min": [9.71662633046e-23, 2.61249527228e-22, 1.21588118344e-21, 4.31247219622e-21, 7.58445377162e-21, 2.2003172315e-20, 8.10334303897e-20, 5.94195564128e-20, 2.49388595734e-19, 2.88317162927e-19, 2.61025114097e-19, 5.20306014475e-19, 4.17716877708e-19, 8.48270564547e-19, 1.14263483134e-18, 1.12994236523e-18, 1.57226871919e-18, 1.21501220436e-18, 2.56333655856e-18, 3.19632349422e-18, 4.18958294862e-18, 6.36425111878e-18, 6.14578237924e-18, 9.0200414476e-18, 7.73480460776e-18, 9.67125179254e-18, 9.9169575217e-18, 1.06391953843e-17, 1.06612149322e-17, 1.5605660574e-17, 1.2866193068e-17, 9.8204346432e-18, 9.98355052409e-18, 8.53470728526e-18, 7.29578015201e-18, 4.88682878978e-18, 2.5040463202e-18, 1.02573921814e-18, 2.7350770898e-19, 2.82311508562e-20], "max": [3.26104044914, 23.9727210999, 74.9821853638, 83.023109436, 274.851043701, 211.72076416, 254.759429932, 420.167541504, 457.844177246, 610.651855469, 914.530334473, 1435.09802246, 940.279541016, 1538.3614502, 1731.546875, 1156.41052246, 1562.93200684, 1339.2208252, 1051.1932373, 807.863769531, 1053.44104004, 1699.27478027, 703.717468262, 576.652404785, 653.081848145, 485.410217285, 525.250305176, 407.7003479, 381.644683838, 344.058776855, 179.65965271, 151.580001831, 227.93182373, 137.267349243, 36.4297180176, 15.450214386, 4.70126676559, 1.48767483234, 0.335133641958, 0.0268851295114], "dvar2": [0.344144433737, 24.8529148102, 304.826721191, 317.558990479, 1694.18615723, 969.976867676, 583.034606934, 1146.97888184, 1480.26953125, 2549.77172852, 4123.55908203, 3569.91552734, 4330.91259766, 2664.68310547, 2924.95532227, 3746.42016602, 6128.47265625, 4796.92236328, 3539.5871582, 2303.90209961, 2247.50976562, 2700.23583984, 914.983032227, 1489.29943848, 865.13885498, 583.77520752, 334.356536865, 390.692718506, 145.417816162, 92.5906066895, 39.7647171021, 27.0219039917, 38.1957855225, 21.8880653381, 3.32037973404, 1.27189874649, 0.250059515238, 0.0306267831475, 0.000865105772391, 2.75496881841e-06], "median": [0.234340175986, 1.89584195614, 1.64814460278, 2.16392087936, 4.46927833557, 5.78460121155, 6.04761552811, 7.46620941162, 6.77913951874, 6.30973339081, 6.24532413483, 5.77524662018, 5.91034412384, 4.81540298462, 4.27443313599, 3.92232084274, 3.33750247955, 3.86752796173, 4.00896453857, 3.67498230934, 4.07768964767, 3.9279589653, 3.12666511536, 3.17105579376, 3.08196258545, 2.72766566277, 2.04348802567, 1.72593140602, 1.22372627258, 0.699722230434, 0.519968390465, 0.286304056644, 0.210101366043, 0.138645887375, 0.0632860064507, 0.0249287448823, 0.00705999229103, 0.00148087320849, 0.000181079783943, 4.97539294884e-05], "dmean2": [0.40461525321, 3.1316883564, 8.01240444183, 9.94276618958, 17.0413360596, 14.9856967926, 13.065243721, 17.6814022064, 18.5338363647, 22.975484848, 28.8410701752, 25.2446651459, 26.7906150818, 20.0213718414, 20.654094696, 23.0084190369, 25.6197032928, 25.7718067169, 24.2223129272, 18.4452381134, 19.0775794983, 18.0191898346, 11.2852945328, 14.1559486389, 9.98485183716, 8.29089927673, 5.78674316406, 5.6143989563, 3.85695147514, 3.10519146919, 2.37312078476, 1.66619336605, 1.62795746326, 1.36308479309, 0.637667298317, 0.40985918045, 0.182782232761, 0.0629370808601, 0.0106083136052, 0.000583918008488], "dmean": [0.242226183414, 1.84233319759, 4.48569345474, 5.65165615082, 10.2141456604, 8.85764408112, 7.91597175598, 11.1008119583, 11.4967336655, 14.1825237274, 18.4456520081, 16.1299953461, 17.1577568054, 12.7394275665, 13.0394802094, 15.1378898621, 16.9253940582, 17.0258102417, 15.9349384308, 12.2132892609, 13.4599294662, 12.5443067551, 7.50705623627, 9.21583747864, 6.7052192688, 5.50227594376, 3.87789773941, 3.68350720406, 2.58846616745, 2.14764499664, 1.6629383564, 1.19730210304, 1.18338537216, 0.988129854202, 0.460734844208, 0.291712075472, 0.131370157003, 0.0454234778881, 0.00784870702773, 0.00043467170326], "var": [0.161457970738, 9.38239192963, 72.8171463013, 88.6578216553, 609.15411377, 341.040924072, 283.120239258, 645.420043945, 840.56427002, 1580.58984375, 3262.57470703, 2772.87158203, 3778.98730469, 2542.1875, 2101.12670898, 4172.92285156, 7783.67480469, 6045.15771484, 3830.69335938, 2425.0612793, 4910.54736328, 5388.71240234, 954.010864258, 2039.81188965, 874.265686035, 509.564605713, 309.828552246, 250.200271606, 127.245727539, 96.4605255127, 38.659740448, 23.3167610168, 23.5083694458, 11.8276367188, 2.15815806389, 0.781384587288, 0.162970915437, 0.0208554714918, 0.00065691571217, 2.08372830457e-06], "dvar": [0.12128894031, 9.05789375305, 109.430381775, 117.404037476, 678.682983398, 353.270355225, 221.718261719, 447.885864258, 598.10144043, 1052.41796875, 1675.58898926, 1468.35961914, 1709.36523438, 1185.00744629, 1264.47216797, 1722.83996582, 2688.93530273, 2164.33105469, 1574.79846191, 1029.39892578, 1265.02368164, 1250.83105469, 424.854156494, 625.241271973, 382.280609131, 258.332763672, 169.709915161, 171.12336731, 71.7372436523, 48.1714820862, 20.3239402771, 13.6314620972, 17.6681213379, 9.85566616058, 1.60581469536, 0.597497403622, 0.121030658484, 0.0151332188398, 0.000444223580416, 1.41361135775e-06], "mean": [0.360896587372, 2.65122151375, 4.05700778961, 5.41824388504, 10.9921503067, 11.4936733246, 11.49447155, 16.3795585632, 16.2021179199, 20.4163951874, 29.6431179047, 26.8177852631, 28.6046619415, 20.674659729, 20.1574668884, 25.8764476776, 28.3888778687, 28.5254974365, 25.6427612305, 20.1787052155, 26.8609485626, 26.8566112518, 13.5859832764, 18.1025104523, 13.1976060867, 9.90841388702, 7.04922008514, 6.19152879715, 4.35106706619, 3.396068573, 2.55372190475, 1.74951851368, 1.61891376972, 1.23052883148, 0.56412768364, 0.330938458443, 0.144594267011, 0.0499204173684, 0.00895902793854, 0.000523665861692]}, "zerocrossingrate": {"min": 0.001953125, "max": 0.52294921875, "dvar2": 0.000327305257088, "median": 0.0439453125, "dmean2": 0.0139023894444, "dmean": 0.0120672713965, "var": 0.00162453262601, "dvar": 0.000242140871705, "mean": 0.0502113513649}, "spectral_contrast_coeffs": {"min": [-0.975077390671, -0.97918844223, -0.970801413059, -0.96636146307, -0.966648876667, -0.96371036768], "max": [-0.303054481745, -0.413518428802, -0.419545024633, -0.493684798479, -0.492136478424, -0.528840005398], "dvar2": [0.0066487332806, 0.00445379083976, 0.00325806043111, 0.00196548528038, 0.00120499113109, 0.000962890626397], "median": [-0.69505751133, -0.743045926094, -0.7910618186, -0.810725688934, -0.815188765526, -0.781755805016], "dmean2": [0.0994065701962, 0.0836530923843, 0.0686219409108, 0.0516781844199, 0.0384681113064, 0.0311344061047], "dmean": [0.0604998208582, 0.051650762558, 0.0435354188085, 0.0337879322469, 0.0252136941999, 0.021333951503], "var": [0.00696689402685, 0.00594611139968, 0.00740517349914, 0.00581542309374, 0.00439797574654, 0.00258362083696], "dvar": [0.0026078436058, 0.00178973097354, 0.0014263993362, 0.000902080617379, 0.000591154268477, 0.000516796309967], "mean": [-0.682491838932, -0.736505508423, -0.776548624039, -0.79228746891, -0.800146341324, -0.774143815041]}, "dissonance": {"min": 0.0757573023438, "max": 0.500000178814, "dvar2": 0.00174996070564, "median": 0.469168126583, "dmean2": 0.0393242500722, "dmean": 0.0239720027894, "var": 0.00174046086613, "dvar": 0.00069469580194, "mean": 0.456434607506}, "spectral_energyband_high": {"min": 7.23968182269e-21, "max": 0.0337203927338, "dvar2": 2.10584698834e-06, "median": 0.000246743991738, "dmean2": 0.000624767038971, "dmean": 0.000466658937512, "var": 2.37330186792e-06, "dvar": 1.14305908028e-06, "mean": 0.000793702783994}, "spectral_skewness": {"min": -0.114040851593, "max": 11.0223855972, "dvar2": 0.403382301331, "median": 1.6681125164, "dmean2": 0.484696000814, "dmean": 0.338011980057, "var": 0.914444565773, "dvar": 0.198938414454, "mean": 1.84392130375}, "spectral_flux": {"min": 6.46761186274e-11, "max": 0.370110720396, "dvar2": 0.00426565296948, "median": 0.0886730700731, "dmean2": 0.0569008477032, "dmean": 0.0361138656735, "var": 0.00363405351527, "dvar": 0.0019810302183, "mean": 0.101772017777}, "silence_rate_30dB": {"min": 1, "max": 1, "dvar2": 0, "median": 1, "dmean2": 0, "dmean": 0, "var": 0, "dvar": 0, "mean": 1}, "spectral_energyband_middle_high": {"min": 1.0637912243e-21, "max": 0.0527816750109, "dvar2": 1.75383065653e-05, "median": 0.00192433549091, "dmean2": 0.00260654906742, "dmean": 0.0018214720767, "var": 4.76983150293e-05, "dvar": 8.41385372041e-06, "mean": 0.00498379021883}, "barkbands_spread": {"min": 0.121714212, "max": 117.393264771, "dvar2": 227.461135864, "median": 15.379617691, "dmean2": 10.4952335358, "dmean": 6.73760557175, "var": 242.315841675, "dvar": 92.7741699219, "mean": 18.7948760986}, "spectral_centroid": {"min": 106.204811096, "max": 11347.5722656, "dvar2": 254721.703125, "median": 950.510498047, "dmean2": 391.514709473, "dmean": 262.823913574, "var": 715514.3125, "dvar": 126656.78125, "mean": 1116.63220215}, "pitch_salience": {"min": 0.0679172202945, "max": 0.899648427963, "dvar2": 0.0220545455813, "median": 0.510808348656, "dmean2": 0.162504196167, "dmean": 0.0980094596744, "var": 0.0200529489666, "dvar": 0.00814338307828, "mean": 0.504595398903}, "erbbands_skewness": {"min": -5.49961471558, "max": 6.99096918106, "dvar2": 0.605850636959, "median": 0.459837645292, "dmean2": 0.758329212666, "dmean": 0.516778945923, "var": 1.40018069744, "dvar": 0.286648392677, "mean": 0.546922624111}, "erbbands_crest": {"min": 2.27082133293, "max": 31.9471378326, "dvar2": 17.4325294495, "median": 8.80659484863, "dmean2": 4.67515230179, "dmean": 2.90221142769, "var": 18.8463020325, "dvar": 6.98846483231, "mean": 9.63016319275}, "melbands": {"min": [1.28069230962e-24, 3.98229458819e-25, 8.60268890184e-25, 5.14839715993e-25, 3.22851422881e-24, 6.89327514492e-25, 3.9009144153e-24, 2.71864364627e-24, 1.73273317553e-24, 3.26969612072e-24, 1.99219544372e-24, 3.41081406755e-24, 2.96925331737e-24, 3.36854137822e-24, 2.03198085461e-24, 4.70423198547e-24, 1.55046400376e-24, 2.36551795066e-24, 4.71582547977e-24, 4.523963858e-24, 4.22233342455e-24, 5.89596178841e-24, 4.24209439023e-24, 6.73298225746e-24, 6.41922111545e-24, 5.84701257481e-24, 5.1496958222e-24, 6.19303023924e-24, 4.55849939957e-24, 7.38354559081e-24, 4.66549536515e-24, 4.27453432281e-24, 6.875580699e-24, 6.13722858538e-24, 6.40053694491e-24, 6.52637406436e-24, 6.21071531744e-24, 6.29452863318e-24, 5.65657090267e-24, 7.31797547237e-24], "max": [0.0302500296384, 0.0324136912823, 0.0149259101599, 0.018660441041, 0.00737498467788, 0.00876770354807, 0.00731089850888, 0.0079936645925, 0.00695975823328, 0.00923457648605, 0.00502515863627, 0.00585451163352, 0.00541825452819, 0.00339374155737, 0.0032732533291, 0.00408536149189, 0.0029797735624, 0.00158612604719, 0.00219812197611, 0.00149827601854, 0.00184567994438, 0.00201749871485, 0.00160599243827, 0.000448634644272, 0.000550698896404, 0.000727716716938, 0.000488160992973, 0.000297714257613, 0.000316438323352, 0.000415520335082, 0.000207681514439, 0.000259249558439, 0.000182524629054, 0.000188367572264, 0.000113727161079, 8.65303663886e-05, 0.000102069876448, 0.000144775549415, 0.000174952947418, 9.98813920887e-05], "dvar2": [2.77857452602e-05, 6.42418162897e-05, 1.01895911939e-05, 6.94752725394e-06, 7.75483499638e-07, 4.96449388265e-07, 3.551772636e-07, 3.30054604092e-07, 2.39043998818e-07, 1.49499243207e-07, 1.12004727271e-07, 4.5372114954e-08, 3.38795054233e-08, 2.79594356556e-08, 2.96377944409e-08, 3.43851027651e-08, 2.23528253684e-08, 1.227779034e-08, 8.09777045419e-09, 3.98979471683e-09, 4.71055461304e-09, 4.67817784511e-09, 1.34914479588e-09, 5.14808362606e-10, 1.34508271188e-09, 7.60235652209e-10, 5.79982173399e-10, 2.80275913589e-10, 1.50537568522e-10, 2.23538243471e-10, 1.20012833005e-10, 5.48386440424e-11, 4.11344083795e-11, 2.83262094336e-11, 1.72327273978e-11, 9.31687105937e-12, 1.27411969864e-11, 1.73181885499e-11, 2.88337045212e-11, 1.32554427504e-11], "median": [0.00249237567186, 0.00160359707661, 0.000490564270876, 0.000385503808502, 0.000242353416979, 0.000170575163793, 9.90639673546e-05, 6.52498274576e-05, 4.66941710329e-05, 3.19383543683e-05, 2.66909009952e-05, 1.76814410224e-05, 1.19190635814e-05, 1.07621617644e-05, 7.02749912307e-06, 5.54212874704e-06, 6.27798453934e-06, 5.95035362494e-06, 3.79987318411e-06, 3.6574524529e-06, 4.21521417593e-06, 3.7675895328e-06, 2.65353855866e-06, 2.14132523979e-06, 2.23045390157e-06, 2.12282202483e-06, 1.84885016097e-06, 1.58561692842e-06, 1.16470107514e-06, 1.08633628315e-06, 8.70214250881e-07, 6.44542467398e-07, 4.28726764312e-07, 3.49428034951e-07, 3.18060045856e-07, 1.89630753766e-07, 1.61632215168e-07, 1.45329238421e-07, 1.4037937035e-07, 1.0642206405e-07], "dmean2": [0.00363283627667, 0.00408779084682, 0.00192022381816, 0.00115507165901, 0.000478406116599, 0.000378751603421, 0.000282636552583, 0.000264196161879, 0.000226060379646, 0.000160819414305, 0.000137110459036, 8.5681618657e-05, 6.99910597177e-05, 6.70657027513e-05, 5.84984336456e-05, 5.98153746978e-05, 5.32360863872e-05, 4.47715319751e-05, 3.07716545649e-05, 2.36238411162e-05, 2.53354464803e-05, 2.22006110562e-05, 1.36846465466e-05, 8.78248010849e-06, 1.29853706312e-05, 9.36118340178e-06, 7.08552079232e-06, 5.77287528358e-06, 4.02820705858e-06, 3.75672948394e-06, 3.28291184815e-06, 2.33909486269e-06, 1.99700798476e-06, 1.79709138592e-06, 1.58030616149e-06, 9.85171709544e-07, 1.15507100418e-06, 1.15524846933e-06, 1.30397904741e-06, 1.13490023068e-06], "dmean": [0.0021606895607, 0.00233413768001, 0.00111746054608, 0.000692630885169, 0.000288102542982, 0.000237640953856, 0.000175043925992, 0.000164220531587, 0.00014474427735, 0.000102470694401, 8.75324767549e-05, 5.44571703358e-05, 4.38849529019e-05, 4.38600691268e-05, 3.8182541175e-05, 3.89733031625e-05, 3.48525754816e-05, 2.90015159408e-05, 2.00876238523e-05, 1.55179659487e-05, 1.80518636625e-05, 1.55875513883e-05, 9.07336107048e-06, 5.7434676819e-06, 8.33746526041e-06, 6.22341212875e-06, 4.5684878387e-06, 3.80541746381e-06, 2.64118261839e-06, 2.47814250542e-06, 2.12049667425e-06, 1.53801761371e-06, 1.34608069402e-06, 1.21749894788e-06, 1.07789071535e-06, 6.90492640842e-07, 8.08098945981e-07, 8.18987814455e-07, 9.23608467929e-07, 8.10246945093e-07], "var": [1.27775774672e-05, 1.76064568223e-05, 3.52691699845e-06, 2.45173441726e-06, 3.44276799069e-07, 2.8677300179e-07, 1.96631916083e-07, 2.21568129177e-07, 2.10640507703e-07, 1.10008187448e-07, 9.7102422103e-08, 4.33430749069e-08, 2.43981332915e-08, 2.67366910833e-08, 3.39039054609e-08, 3.57069538381e-08, 2.43015811918e-08, 1.19462235659e-08, 8.51849168981e-09, 3.6957708005e-09, 1.23919310369e-08, 9.0077367787e-09, 1.72369796214e-09, 4.99583152624e-10, 1.75642933531e-09, 9.10588215941e-10, 3.68135188999e-10, 2.28241509026e-10, 1.32504784922e-10, 1.20502677281e-10, 7.58688459279e-11, 4.36710771712e-11, 3.52083293076e-11, 2.87465259929e-11, 1.48841789588e-11, 7.92355330653e-12, 9.95306007751e-12, 1.12291642998e-11, 1.34474271996e-11, 7.34395877444e-12], "dvar": [9.96775179374e-06, 2.32925613091e-05, 3.96351288146e-06, 2.69609972747e-06, 2.86417730422e-07, 1.9549511876e-07, 1.42065331943e-07, 1.36902684744e-07, 9.81491083962e-08, 6.12263377775e-08, 4.43411884987e-08, 2.03796997056e-08, 1.46555176883e-08, 1.27369315095e-08, 1.30339357085e-08, 1.4739400811e-08, 9.98003635289e-09, 5.36499200621e-09, 3.63072838461e-09, 1.81649251196e-09, 2.84738743694e-09, 2.22420215579e-09, 7.38999750283e-10, 2.24998061849e-10, 5.62065560761e-10, 3.28819582673e-10, 2.35144737015e-10, 1.22024390592e-10, 7.3199328543e-11, 9.37617483654e-11, 5.24977318561e-11, 2.60808995928e-11, 2.0114751878e-11, 1.43470018851e-11, 8.41459107254e-12, 4.58225428088e-12, 6.22091874541e-12, 8.13695204965e-12, 1.23412452133e-11, 6.02408791253e-12], "mean": [0.00337574747391, 0.00267421314493, 0.00114175397903, 0.000833849248011, 0.000426519371103, 0.000356604665285, 0.00024456976098, 0.000240042325458, 0.00023519268143, 0.000164015538758, 0.000142132746987, 8.5346538981e-05, 6.37132980046e-05, 7.05401907908e-05, 6.2463717768e-05, 5.94878329139e-05, 5.38164385944e-05, 4.3572341383e-05, 3.12120318995e-05, 2.31469803111e-05, 3.55817428499e-05, 3.26749068336e-05, 1.46435877468e-05, 9.778108506e-06, 1.55346024258e-05, 1.19113910841e-05, 7.66582707001e-06, 6.28789211987e-06, 4.51573896498e-06, 3.91109006159e-06, 3.40299584423e-06, 2.5112901767e-06, 2.02734554478e-06, 1.84536270353e-06, 1.59544185863e-06, 1.0280313063e-06, 1.10907865292e-06, 1.11478129838e-06, 1.17445154046e-06, 9.8269413229e-07]}, "spectral_entropy": {"min": 3.64184784889, "max": 9.82194328308, "dvar2": 0.124138131738, "median": 7.42984724045, "dmean2": 0.329163342714, "dmean": 0.249035388231, "var": 0.435782909393, "dvar": 0.0712708830833, "mean": 7.33240413666}, "spectral_rolloff": {"min": 64.599609375, "max": 19552.1484375, "dvar2": 2356640.25, "median": 581.396484375, "dmean2": 744.19934082, "dmean": 434.080322266, "var": 2023326.375, "dvar": 930172.3125, "mean": 1043.15234375}, "barkbands": {"min": [1.7879988477e-25, 2.97959725599e-24, 9.30577005831e-25, 7.42676797006e-25, 8.59914474701e-24, 3.90286960706e-24, 1.5642048366e-23, 7.42827715958e-24, 2.51376128361e-23, 2.25175170468e-23, 2.0380161533e-23, 3.02553306038e-23, 3.35675966172e-23, 1.75501609008e-23, 6.36714185955e-23, 6.9002035722e-23, 9.61088930799e-23, 1.36575109868e-22, 1.86741942896e-22, 1.80660708841e-22, 3.03562940712e-22, 3.38577207255e-22, 4.93278333862e-22, 6.64154037278e-22, 9.55841327083e-22, 1.36719687246e-21, 1.91508346508e-21], "max": [0.00830739643425, 0.109111063182, 0.0739731043577, 0.0320536307991, 0.0738275423646, 0.0374315306544, 0.0346407033503, 0.0436716005206, 0.0482537820935, 0.0324840731919, 0.0362365432084, 0.0263380091637, 0.0309305749834, 0.032098274678, 0.0220317598432, 0.0148322749883, 0.0281963404268, 0.0107847927138, 0.0127056660131, 0.0101329367608, 0.011133174412, 0.011238116771, 0.00696410471573, 0.0109470691532, 0.00888823159039, 0.00233488017693, 0.00188334006816], "dvar2": [8.72751797942e-07, 0.000401381170377, 0.000301647203742, 2.26767642744e-05, 0.000114361660962, 1.0973028111e-05, 8.99835322343e-06, 9.79167089099e-06, 6.28486259302e-06, 3.65756545762e-06, 2.1467312763e-06, 2.26866245612e-06, 2.86978797703e-06, 2.35850916397e-06, 1.26208954043e-06, 8.47233991408e-07, 1.11092140287e-06, 2.73171735898e-07, 5.32252670382e-07, 2.70617675824e-07, 2.38396197005e-07, 1.11152715476e-07, 4.92215335157e-08, 1.00490368027e-07, 1.02351791043e-07, 7.69088472907e-08, 3.0242063076e-08], "median": [0.00017028315051, 0.00894048437476, 0.000943418825045, 0.000807170115877, 0.001829280518, 0.000877417682204, 0.000417598494096, 0.000254341342952, 0.000219422625378, 0.000137820039527, 7.669194747e-05, 8.52489392855e-05, 5.56595259695e-05, 6.87924621161e-05, 5.35731451237e-05, 5.74261139263e-05, 6.53333700029e-05, 4.87358520331e-05, 5.93704244238e-05, 5.52286073798e-05, 4.63487158413e-05, 3.07737318508e-05, 1.88128979062e-05, 1.30619373522e-05, 1.06685893115e-05, 4.5649940148e-06, 9.72037241809e-07], "dmean2": [0.00059424887877, 0.0133904414251, 0.00778879597783, 0.00307129300199, 0.00477909110487, 0.00184820173308, 0.00138141331263, 0.00138540775515, 0.0011047605658, 0.000825091905426, 0.000533413316589, 0.000591952353716, 0.00057543424191, 0.00057669141097, 0.000415410264395, 0.000344449130353, 0.000379683391657, 0.000203945397516, 0.000260283675743, 0.000179647322511, 0.000141354510561, 0.00010317320266, 8.40598513605e-05, 9.094591951e-05, 9.95514710667e-05, 0.000101960125903, 6.26463806839e-05], "dmean": [0.000371973990696, 0.00791810825467, 0.00429198425263, 0.0018191220006, 0.00288755935617, 0.00115830055438, 0.000850087613799, 0.000870970834512, 0.000704771257006, 0.000526409130543, 0.000334466050845, 0.000384156621294, 0.000378279160941, 0.000372143142158, 0.000271660013823, 0.000226563061005, 0.000272975099506, 0.000133282301249, 0.000172307743924, 0.00011753855506, 9.47463122429e-05, 6.96083006915e-05, 5.92530377617e-05, 6.59672805341e-05, 7.31963737053e-05, 7.34425411792e-05, 4.63610376755e-05], "var": [5.53215613763e-07, 0.000170339902979, 6.77176431054e-05, 1.06371426227e-05, 4.20132564614e-05, 6.43855219096e-06, 4.88926889375e-06, 7.06580749466e-06, 4.98775671076e-06, 3.52046981789e-06, 1.68659300925e-06, 2.27309737966e-06, 3.47529726241e-06, 2.56336898019e-06, 1.39158623824e-06, 7.37163190934e-07, 3.14152839564e-06, 2.86394339355e-07, 7.29653152121e-07, 2.26437748552e-07, 1.79325070349e-07, 9.80072840662e-08, 5.51224168532e-08, 7.3159228009e-08, 6.0422358672e-08, 5.0566026033e-08, 2.30163976767e-08], "dvar": [3.83183248687e-07, 0.000145469413837, 0.000107440406282, 9.4260331025e-06, 4.47196216555e-05, 4.36669188275e-06, 3.61571073881e-06, 3.98583415517e-06, 2.58209911408e-06, 1.5423692048e-06, 9.40459244703e-07, 1.03730769752e-06, 1.26221959817e-06, 1.0506611261e-06, 5.66622020415e-07, 3.84172466283e-07, 6.45902616725e-07, 1.24556535752e-07, 2.26335203024e-07, 1.18805360216e-07, 1.11450752627e-07, 5.46633422971e-08, 2.63344759333e-08, 4.86231996888e-08, 4.76438444252e-08, 3.73179673829e-08, 1.55920290013e-08], "mean": [0.00045401827083, 0.01207977999, 0.00331315537915, 0.00198283651844, 0.00368457613513, 0.00174908002373, 0.00114154885523, 0.00131629465614, 0.00112645432819, 0.000832903082483, 0.000473650346976, 0.000622535124421, 0.000592682335991, 0.000582687323913, 0.000415946444264, 0.000334883574396, 0.00058854254894, 0.000226294941967, 0.000344467698596, 0.000209306555917, 0.000165549965459, 0.000115885399282, 9.30305177462e-05, 9.32257753448e-05, 9.14181073313e-05, 8.16486499389e-05, 5.25600626133e-05]}, "melbands_flatness_db": {"min": 0.00388883124106, "max": 0.728213846684, "dvar2": 0.00365583901294, "median": 0.251412212849, "dmean2": 0.0576779134572, "dmean": 0.0385230407119, "var": 0.0109343873337, "dvar": 0.00169315678068, "mean": 0.270298391581}, "melbands_skewness": {"min": -3.19344139099, "max": 24.8741092682, "dvar2": 7.76830291748, "median": 2.81891441345, "dmean2": 2.26956820488, "dmean": 1.4785618782, "var": 8.95045661926, "dvar": 3.32085824013, "mean": 3.64030432701}, "barkbands_skewness": {"min": -5.05127048492, "max": 23.8394031525, "dvar2": 4.81410503387, "median": 1.8505756855, "dmean2": 1.75303590298, "dmean": 1.13053667545, "var": 6.144718647, "dvar": 2.00043177605, "mean": 2.46606898308}, "silence_rate_60dB": {"min": 0, "max": 1, "dvar2": 0.0588581450284, "median": 0, "dmean2": 0.0527306981385, "dmean": 0.0263630915433, "var": 0.0473281778395, "dvar": 0.0256727151573, "mean": 0.0498117096722}, "spectral_energyband_low": {"min": 1.13378378848e-23, "max": 0.123147368431, "dvar2": 0.00110990554094, "median": 0.0116491317749, "dmean2": 0.0201721619815, "dmean": 0.0116424402222, "var": 0.000381167919841, "dvar": 0.000402523990488, "mean": 0.0166601520032}, "spectral_energyband_middle_low": {"min": 1.8633269448e-22, "max": 0.108430370688, "dvar2": 0.000263839407125, "median": 0.00860507600009, "dmean2": 0.00914160907269, "dmean": 0.00578261399642, "var": 0.000142631572089, "dvar": 0.000106348299596, "mean": 0.0113071966916}, "melbands_kurtosis": {"min": -1.82271671295, "max": 959.627929688, "dvar2": 6650.07226562, "median": 12.0749435425, "dmean2": 44.3325614929, "dmean": 27.3481769562, "var": 4520.48876953, "dvar": 2681.21508789, "mean": 38.1537017822}, "spectral_decrease": {"min": -3.32302647621e-08, "max": 1.56491233001e-28, "dvar2": 8.20450075519e-17, "median": -7.47973771809e-09, "dmean2": 6.40332986634e-09, "dmean": 3.80848996784e-09, "var": 3.47470815152e-17, "dvar": 3.02453396286e-17, "mean": -8.19931766927e-09}, "erbbands_kurtosis": {"min": -1.86760818958, "max": 76.0218582153, "dvar2": 24.6131305695, "median": 0.423184752464, "dmean2": 2.95314645767, "dmean": 1.92094314098, "var": 25.1700401306, "dvar": 10.9267148972, "mean": 2.03940272331}, "melbands_crest": {"min": 1.60331225395, "max": 34.6493415833, "dvar2": 30.9598445892, "median": 15.5982723236, "dmean2": 6.57569789886, "dmean": 3.97905683517, "var": 36.9017105103, "dvar": 11.8352489471, "mean": 16.0698490143}, "gfcc": {"cov": [[11993.59375, -1876.29003906, -1581.27368164, -307.335174561, -401.604644775, 374.98840332, -300.691680908, 297.709136963, -149.114212036, 148.998123169, -146.843933105, 37.435131073, -67.5929107666], [-1876.29003906, 2129.70605469, -519.678710938, -253.572113037, 17.2982387543, -301.310699463, 152.324935913, -203.7915802, 126.164627075, -83.2559738159, 83.5876312256, -106.295417786, 71.8275222778], [-1581.27368164, -519.678710938, 2230.26098633, 174.849746704, 108.029006958, 83.4482879639, -30.2900600433, 55.0266151428, -11.7681884766, 67.3580932617, 19.1470279694, 86.2278213501, -47.7071800232], [-307.335174561, -253.572113037, 174.849746704, 715.250305176, 96.7441253662, -28.2034549713, -39.9247932434, 14.5437774658, -24.4862861633, -35.9151535034, 27.8738021851, 69.3651504517, 38.890838623], [-401.604644775, 17.2982387543, 108.029006958, 96.7441253662, 423.144683838, 28.7122211456, 65.9301834106, 31.4621639252, 30.8807849884, -7.98569440842, 27.2380161285, 51.2682571411, 36.6747093201], [374.98840332, -301.310699463, 83.4482879639, -28.2034549713, 28.7122211456, 312.692382812, 53.0849113464, 5.34108304977, -23.0995140076, 43.0994949341, -7.72026729584, -7.80760908127, -14.8446140289], [-300.691680908, 152.324935913, -30.2900600433, -39.9247932434, 65.9301834106, 53.0849113464, 208.428085327, 45.6745681763, 14.0035572052, -17.8093700409, 18.7757911682, -2.83464193344, 17.0655517578], [297.709136963, -203.7915802, 55.0266151428, 14.5437774658, 31.4621639252, 5.34108304977, 45.6745681763, 158.190002441, 36.4417457581, -5.67730617523, -11.2789897919, 36.1549301147, 8.60937404633], [-149.114212036, 126.164627075, -11.7681884766, -24.4862861633, 30.8807849884, -23.0995140076, 14.0035572052, 36.4417457581, 131.088684082, 50.9483375549, 9.86706256866, -13.5513114929, 16.6273365021], [148.998123169, -83.2559738159, 67.3580932617, -35.9151535034, -7.98569440842, 43.0994949341, -17.8093700409, -5.67730617523, 50.9483375549, 126.654388428, 32.2079315186, -16.5200366974, -9.5878162384], [-146.843933105, 83.5876312256, 19.1470279694, 27.8738021851, 27.2380161285, -7.72026729584, 18.7757911682, -11.2789897919, 9.86706256866, 32.2079315186, 95.033203125, 39.3506546021, 10.3839597702], [37.435131073, -106.295417786, 86.2278213501, 69.3651504517, 51.2682571411, -7.80760908127, -2.83464193344, 36.1549301147, -13.5513114929, -16.5200366974, 39.3506546021, 107.55721283, 34.7569046021], [-67.5929107666, 71.8275222778, -47.7071800232, 38.890838623, 36.6747093201, -14.8446140289, 17.0655517578, 8.60937404633, 16.6273365021, -9.5878162384, 10.3839597702, 34.7569046021, 77.8350601196]], "icov": [[0.000140211108373, 6.4324682171e-05, 0.00013434428547, 5.6701934227e-05, 6.54023169773e-05, -0.000123649137095, 0.000223563009058, -0.000339455495123, 0.00023220066214, -0.000247673247941, 0.000102704179881, -9.58642849582e-05, -4.61504072291e-07], [6.4324682171e-05, 0.00124730111565, 0.000111108915007, 0.000407562183682, 3.99352302338e-06, 0.000881589308847, -0.000875967147294, 0.00171259301715, -0.00151696812827, 0.0015174705768, -0.00144001352601, 0.00117611221503, -0.000883921806235], [0.00013434428547, 0.000111108915007, 0.000644279993139, -4.64828008262e-05, -3.90588356822e-05, -0.000130099346279, 0.000151838583406, -0.000280561042018, 0.000210845086258, -0.000608431000728, 0.000339152727975, -0.000690030807164, 0.000566483708099], [5.6701934227e-05, 0.000407562183682, -4.64828008262e-05, 0.00175784819294, -0.000287780887447, 0.000254087033682, 0.000347396067809, 0.000232537160628, -0.000145993602928, 0.000937198637985, -0.00098193611484, 0.000164135140949, -0.000947169028223], [6.54023169773e-05, 3.99352302338e-06, -3.90588356822e-05, -0.000287780887447, 0.00287308404222, -0.000372268958017, -0.00071412732359, 6.97475188645e-05, -0.000839053303935, 0.000217541019083, 3.96770119551e-05, -0.00121065974236, -0.000361571408575], [-0.000123649137095, 0.000881589308847, -0.000130099346279, 0.000254087033682, -0.000372268958017, 0.00488176662475, -0.00246910215355, 0.0018474055687, 0.00026185772731, -0.00125247065444, 0.000430505402619, 0.00043006503256, -0.000143851226312], [0.000223563009058, -0.000875967147294, 0.000151838583406, 0.000347396067809, -0.00071412732359, -0.00246910215355, 0.00811834540218, -0.00473208725452, 0.00153260026127, 0.00115912442561, -0.00259067350999, 0.00244827778079, -0.00140124245081], [-0.000339455495123, 0.00171259301715, -0.000280561042018, 0.000232537160628, 6.97475188645e-05, 0.0018474055687, -0.00473208725452, 0.0131423082203, -0.00661936728284, 0.00278972298838, 0.00185673637316, -0.00397149985656, 0.00102340534795], [0.00023220066214, -0.00151696812827, 0.000210845086258, -0.000145993602928, -0.000839053303935, 0.00026185772731, 0.00153260026127, -0.00661936728284, 0.0147462841123, -0.0078924363479, 0.00147824606393, 0.00195803283714, -0.00254876003601], [-0.000247673247941, 0.0015174705768, -0.000608431000728, 0.000937198637985, 0.000217541019083, -0.00125247065444, 0.00115912442561, 0.00278972298838, -0.0078924363479, 0.0165846347809, -0.0088977785781, 0.00546110467985, -0.000883380067535], [0.000102704179881, -0.00144001352601, 0.000339152727975, -0.00098193611484, 3.96770119551e-05, 0.000430505402619, -0.00259067350999, 0.00185673637316, 0.00147824606393, -0.0088977785781, 0.0201505664736, -0.0114840567112, 0.0035706597846], [-9.58642849582e-05, 0.00117611221503, -0.000690030807164, 0.000164135140949, -0.00121065974236, 0.00043006503256, 0.00244827778079, -0.00397149985656, 0.00195803283714, 0.00546110467985, -0.0114840567112, 0.0210580769926, -0.00873545277864], [-4.61504072291e-07, -0.000883921806235, 0.000566483708099, -0.000947169028223, -0.000361571408575, -0.000143851226312, -0.00140124245081, 0.00102340534795, -0.00254876003601, -0.000883380067535, 0.0035706597846, -0.00873545277864, 0.0186804831028]], "mean": [-25.6132602692, 99.8741226196, -83.6467895508, 34.7945137024, -43.9189453125, 7.13710546494, -25.7758197784, 7.12030220032, -16.9969825745, 3.87388038635, -12.1475372314, 1.04904913902, -6.69730329514]}, "melbands_spread": {"min": 0.255348473787, "max": 250.823318481, "dvar2": 290.071533203, "median": 12.3934354782, "dmean2": 10.2736320496, "dmean": 6.66110897064, "var": 350.297302246, "dvar": 127.38318634, "mean": 17.660949707}, "spectral_energy": {"min": 1.01576010154e-20, "max": 0.128836110234, "dvar2": 0.00119484611787, "median": 0.0298520252109, "dmean2": 0.0245570708066, "dmean": 0.0146857686341, "var": 0.000538051652256, "dvar": 0.00044488007552, "mean": 0.0327658429742}, "mfcc": {"cov": [[10798.4150391, -1636.27392578, -1647.91503906, -797.421325684, -358.15335083, -171.106750488, -94.3084487915, -38.5228385925, 24.2137794495, 81.9023895264, -2.24191761017, -14.7277679443, -72.1665878296], [-1636.27392578, 1936.34619141, -251.862045288, -114.293785095, -191.032501221, -49.6533966064, -74.2657241821, -77.8607711792, -20.5831050873, 21.6114673615, 20.2185668945, 11.2569599152, 4.315721035], [-1647.91503906, -251.862045288, 1546.921875, 200.153640747, 232.922637939, 54.5665817261, 56.602809906, -0.701946377754, -8.01085186005, -8.25173282623, 28.8256549835, 4.59526109695, 33.4887504578], [-797.421325684, -114.293785095, 200.153640747, 628.373962402, 182.746688843, -19.6687164307, 10.2420578003, 59.447593689, 6.78588294983, -79.4244384766, -33.2590293884, 17.0293197632, 33.0447006226], [-358.15335083, -191.032501221, 232.922637939, 182.746688843, 332.378295898, 78.9027252197, 36.5103416443, 28.9575710297, 26.1533508301, -17.5636119843, 3.41650605202, 17.1703548431, 34.8195419312], [-171.106750488, -49.6533966064, 54.5665817261, -19.6687164307, 78.9027252197, 232.95135498, 83.7596664429, -9.33477401733, -7.89384889603, 33.2579956055, 18.0245742798, -0.830224573612, -6.78721237183], [-94.3084487915, -74.2657241821, 56.602809906, 10.2420578003, 36.5103416443, 83.7596664429, 188.735626221, 82.6522750854, 16.1460113525, -8.50750732422, 9.23258113861, -2.31211185455, 6.82771921158], [-38.5228385925, -77.8607711792, -0.701946377754, 59.447593689, 28.9575710297, -9.33477401733, 82.6522750854, 161.563858032, 59.7194519043, -35.2483482361, -14.0974006653, 5.99570274353, 22.7406272888], [24.2137794495, -20.5831050873, -8.01085186005, 6.78588294983, 26.1533508301, -7.89384889603, 16.1460113525, 59.7194519043, 122.643951416, 44.6706085205, 1.41561758518, 1.63300514221, 6.39227199554], [81.9023895264, 21.6114673615, -8.25173282623, -79.4244384766, -17.5636119843, 33.2579956055, -8.50750732422, -35.2483482361, 44.6706085205, 133.110137939, 49.4040260315, -7.03391361237, -19.7336044312], [-2.24191761017, 20.2185668945, 28.8256549835, -33.2590293884, 3.41650605202, 18.0245742798, 9.23258113861, -14.0974006653, 1.41561758518, 49.4040260315, 91.8519287109, 30.7950458527, -13.5780487061], [-14.7277679443, 11.2569599152, 4.59526109695, 17.0293197632, 17.1703548431, -0.830224573612, -2.31211185455, 5.99570274353, 1.63300514221, -7.03391361237, 30.7950458527, 97.3306732178, 51.048084259], [-72.1665878296, 4.315721035, 33.4887504578, 33.0447006226, 34.8195419312, -6.78721237183, 6.82771921158, 22.7406272888, 6.39227199554, -19.7336044312, -13.5780487061, 51.048084259, 112.578582764]], "icov": [[0.000161512463819, 0.000178379763383, 0.000170543207787, 0.000169847917277, 3.30796428898e-05, 0.000123999925563, 5.62527645798e-07, 7.53171407268e-05, -3.35412696586e-05, -3.05852881866e-06, -3.22969026456e-05, -2.62358753389e-05, -1.25235128507e-05], [0.000178379763383, 0.000763220479712, 0.000243246788159, 0.000170071201865, 0.000348913861671, 0.000107296917122, 8.11256759334e-05, 0.000357596552931, -0.000188768928638, 0.000139511801535, -0.000287551636575, 4.44655670435e-05, -0.00023546180455], [0.000170543207787, 0.000243246788159, 0.000936053693295, 4.32632077718e-05, -0.000392354209907, 0.000215894295252, -0.000235069164773, 0.000332428317051, 3.93549671571e-05, 2.55994164036e-05, -0.000430324551417, 0.000277900398942, -0.00028533427394], [0.000169847917277, 0.000170071201865, 4.32632077718e-05, 0.0023065644782, -0.0010916213505, 0.000501012953464, 0.000193711515749, -0.000443621654995, 5.59187319595e-05, 0.000714357243851, 0.000400305638323, -0.000343357271049, 0.000184166157851], [3.30796428898e-05, 0.000348913861671, -0.000392354209907, -0.0010916213505, 0.00480442494154, -0.00182651577052, 0.000346154876752, 0.00040530654951, -0.00169796717819, 0.00129967543762, -0.00115228304639, 0.000448460225016, -0.00127208605409], [0.000123999925563, 0.000107296917122, 0.000215894295252, 0.000501012953464, -0.00182651577052, 0.00665195565671, -0.00351119530387, 0.00140640255995, 0.0013741714647, -0.00230636098422, 0.00102255959064, -0.000794579857029, 0.000760239141528], [5.62527645798e-07, 8.11256759334e-05, -0.000235069164773, 0.000193711515749, 0.000346154876752, -0.00351119530387, 0.00932836439461, -0.00544930202886, 0.000970119843259, 0.000478436384583, -0.00175813306123, 0.00129370228387, -0.000543323694728], [7.53171407268e-05, 0.000357596552931, 0.000332428317051, -0.000443621654995, 0.00040530654951, 0.00140640255995, -0.00544930202886, 0.0133870542049, -0.00758651504293, 0.00538365636021, -0.00125002849381, 0.000682331738062, -0.00143404328264], [-3.35412696586e-05, -0.000188768928638, 3.93549671571e-05, 5.59187319595e-05, -0.00169796717819, 0.0013741714647, 0.000970119843259, -0.00758651504293, 0.0153559651226, -0.00899981241673, 0.0039186491631, -0.0018025356112, 0.000879753031768], [-3.05852881866e-06, 0.000139511801535, 2.55994164036e-05, 0.000714357243851, 0.00129967543762, -0.00230636098422, 0.000478436384583, 0.00538365636021, -0.00899981241673, 0.0164745375514, -0.00896460469812, 0.00424776226282, -0.00149068119936], [-3.22969026456e-05, -0.000287551636575, -0.000430324551417, 0.000400305638323, -0.00115228304639, 0.00102255959064, -0.00175813306123, -0.00125002849381, 0.0039186491631, -0.00896460469812, 0.0200108252466, -0.00990856532007, 0.00589059013873], [-2.62358753389e-05, 4.44655670435e-05, 0.000277900398942, -0.000343357271049, 0.000448460225016, -0.000794579857029, 0.00129370228387, 0.000682331738062, -0.0018025356112, 0.00424776226282, -0.00990856532007, 0.0184750650078, -0.00912885181606], [-1.25235128507e-05, -0.00023546180455, -0.00028533427394, 0.000184166157851, -0.00127208605409, 0.000760239141528, -0.000543323694728, -0.00143404328264, 0.000879753031768, -0.00149068119936, 0.00589059013873, -0.00912885181606, 0.014215040952]], "mean": [-680.832214355, 135.575744629, 20.0329151154, 35.3497314453, 7.55349111557, 8.43462181091, 4.21582078934, 3.93522357941, 3.75437855721, 2.75939846039, 1.56079483032, 1.02174270153, 1.36524176598]}, "spectral_contrast_valleys": {"min": [-28.2257518768, -27.6197128296, -27.7207355499, -27.7390193939, -27.4662017822, -27.3615169525], "max": [-5.18102169037, -4.32953643799, -5.08680057526, -5.50711345673, -5.5646276474, -7.12737035751], "dvar2": [0.356106549501, 0.469046086073, 0.483143091202, 0.381073743105, 0.359172493219, 0.48754632473], "median": [-6.59056949615, -6.68998336792, -7.56167697906, -8.02390193939, -7.80301570892, -10.3287353516], "dmean2": [0.702301859856, 0.722287595272, 0.69224858284, 0.600766956806, 0.500808417797, 0.488147586584], "dmean": [0.434408515692, 0.464093029499, 0.458466917276, 0.422514289618, 0.365722775459, 0.443380892277], "var": [1.52069818974, 1.71276855469, 1.86425697803, 1.95691454411, 1.88001072407, 2.22585272789], "dvar": [0.163816839457, 0.221577957273, 0.233271181583, 0.213018834591, 0.20769032836, 0.312441468239], "mean": [-6.8171544075, -6.88822984695, -7.71797990799, -8.22225284576, -8.03191757202, -10.5072212219]}, "barkbands_flatness_db": {"min": 0.0226104259491, "max": 0.567451119423, "dvar2": 0.00241381209344, "median": 0.162031769753, "dmean2": 0.047012064606, "dmean": 0.0316969454288, "var": 0.0068396339193, "dvar": 0.00112702895422, "mean": 0.178293555975}, "dynamic_complexity": 3.18258500099, "erbbands_flatness_db": {"min": 0.0260940734297, "max": 0.475167542696, "dvar2": 0.00130879762582, "median": 0.147096037865, "dmean2": 0.034183640033, "dmean": 0.0264268741012, "var": 0.00437852600589, "dvar": 0.000818182830699, "mean": 0.154616802931}, "hfc": {"min": 1.10547427999e-16, "max": 275.839355469, "dvar2": 238.962463379, "median": 13.70362854, "dmean2": 9.89206981659, 