{"lowlevel": {"spectral_complexity": {"min": 0, "max": 63, "dvar2": 81.0301513672, "median": 20, "dmean2": 7.68505191803, "dmean": 5.0958108902, "var": 193.699401855, "dvar": 41.1654281616, "mean": 21.6224975586}, "silence_rate_20dB": {"min": 1, "max": 1, "dvar2": 0, "median": 1, "dmean2": 0, "dmean": 0, "var": 0, "dvar": 0, "mean": 1}, "average_loudness": 0.921658158302, "erbbands_spread": {"min": 1.23175156116, "max": 201.788711548, "dvar2": 378.407440186, "median": 40.2276077271, "dmean2": 17.3787288666, "dmean": 11.4056816101, "var": 502.115814209, "dvar": 167.38130188, "mean": 44.4788856506}, "spectral_kurtosis": {"min": -1.28955578804, "max": 20.8991985321, "dvar2": 2.60040521622, "median": 2.80959963799, "dmean2": 1.34399211407, "dmean": 0.863236308098, "var": 3.39173531532, "dvar": 0.990245580673, "mean": 3.07979297638}, "barkbands_kurtosis": {"min": -1.89810407162, "max": 139.216384888, "dvar2": 92.2143554688, "median": -0.0245342254639, "dmean2": 4.74750614166, "dmean": 2.67901229858, "var": 35.4843940735, "dvar": 31.0788288116, "mean": 1.74995422363}, "spectral_strongpeak": {"min": 0, "max": 13.4773893356, "dvar2": 1.76210951805, "median": 0.352801591158, "dmean2": 0.873174846172, "dmean": 0.515263319016, "var": 1.19351458549, "dvar": 0.729478180408, "mean": 0.720505177975}, "spectral_spread": {"min": 1515156.75, "max": 50513892, "dvar2": 1756499542020.0, "median": 5311007.5, "dmean2": 1036180.5, "dmean": 790607.5625, "var": 7647660605440.0, "dvar": 901857673216, "mean": 5737692.5}, "spectral_rms": {"min": 3.15259146913e-12, "max": 0.0154902851209, "dvar2": 8.54642803461e-06, "median": 0.0034948925022, "dmean2": 0.00201749429107, "dmean": 0.00128873833455, "var": 7.75245644036e-06, "dvar": 3.82214511774e-06, "mean": 0.00414869654924}, "erbbands": {"min": [1.07121593265e-22, 4.24463005739e-22, 2.02687543045e-21, 6.90686521856e-21, 8.25141095355e-21, 3.38717148402e-20, 3.91819074113e-20, 7.10573737083e-20, 1.42822219485e-19, 1.95994591257e-19, 1.04469033956e-19, 1.12222430482e-19, 6.41665145962e-19, 9.80572261562e-19, 1.19557966382e-18, 1.15377695419e-18, 1.8445525886e-18, 2.30310801939e-18, 2.84247899602e-18, 3.45001317064e-18, 3.80599200162e-18, 4.05004130159e-18, 7.28916187993e-18, 5.12510023318e-18, 8.29883425205e-18, 1.10357416341e-17, 9.07959514298e-18, 1.0968765647e-17, 1.2154798716e-17, 1.2145139728e-17, 1.24070623331e-17, 1.15415112934e-17, 1.09941129425e-17, 8.67565886164e-18, 6.58279430456e-18, 4.65954189133e-18, 2.3091445767e-18, 1.08286120931e-18, 2.61208334603e-19, 2.80291992333e-20], "max": [3.51682472229, 36.7775878906, 108.639137268, 120.136512756, 74.8790664673, 117.782028198, 133.665908813, 147.16444397, 277.538787842, 350.300506592, 905.644104004, 771.456481934, 577.385681152, 1255.32592773, 1273.59191895, 1377.09423828, 1430.23022461, 758.633056641, 2557.20849609, 1011.35540771, 1644.27453613, 641.502563477, 667.862548828, 689.887451172, 658.404602051, 528.133300781, 461.521240234, 233.043960571, 335.805084229, 526.156616211, 309.269989014, 103.292015076, 74.3779296875, 51.9465751648, 18.6417312622, 5.85938215256, 2.17956519127, 0.385653406382, 0.0426733642817, 0.00232450175099], "dvar2": [0.510916650295, 83.7083435059, 625.709716797, 637.692382812, 128.85987854, 185.657852173, 186.329330444, 245.08934021, 209.675674438, 480.443054199, 1594.43371582, 1272.59655762, 1125.6282959, 1476.76074219, 4140.88476562, 2669.50439453, 3488.96020508, 3344.29589844, 6479.60595703, 3026.71362305, 3541.33837891, 1249.53186035, 1164.16687012, 1252.21704102, 1211.06530762, 548.243652344, 425.894042969, 194.280273438, 244.702941895, 564.663818359, 363.82723999, 35.7869796753, 22.3689403534, 7.761469841, 2.80469822884, 0.955420315266, 0.111456491053, 0.00251180725172, 5.02376751683e-05, 8.06615219062e-08], "median": [0.0100870318711, 0.119614869356, 0.476114273071, 0.695826113224, 1.16183710098, 1.92383229733, 1.95847094059, 2.38407754898, 3.32060527802, 4.30189800262, 5.75566482544, 5.47712564468, 6.5556769371, 7.33259248734, 8.45427894592, 9.54022026062, 11.1743555069, 12.004108429, 13.7850704193, 12.4512767792, 11.7358570099, 11.5700893402, 11.2263298035, 11.4532575607, 10.800907135, 8.87648010254, 8.6776971817, 6.3963303566, 5.89146709442, 4.70471477509, 3.4011516571, 1.95976948738, 1.11368393898, 0.805312812328, 0.328964829445, 0.127084493637, 0.0888257920742, 0.0120825767517, 0.000740316871088, 5.81024723942e-05], "dmean2": [0.349319249392, 4.40055751801, 9.82318210602, 11.2607564926, 5.67186927795, 6.62654924393, 7.05279445648, 8.20363044739, 7.37288331985, 9.76305580139, 16.6966152191, 13.6879310608, 14.6056270599, 15.9058275223, 23.7595653534, 22.0022220612, 25.6182041168, 28.0494194031, 34.6710128784, 27.0542163849, 25.4763031006, 18.8570556641, 17.3532924652, 17.3480186462, 18.2167720795, 14.5730066299, 13.430847168, 8.57312202454, 7.94551897049, 10.5979423523, 8.30488395691, 3.54552698135, 2.52787733078, 1.63975393772, 1.21287024021, 0.656586885452, 0.276149958372, 0.0398937128484, 0.00403435807675, 0.000185066877748], "dmean": [0.222603693604, 2.42791557312, 5.45276546478, 6.51059389114, 3.42762947083, 3.80252623558, 4.34132289886, 4.84956169128, 4.57663393021, 6.08794355392, 10.4305915833, 8.78911495209, 9.418633461, 10.2180213928, 15.4018535614, 14.1466627121, 16.2429771423, 17.7853794098, 21.463344574, 16.9789352417, 16.2308750153, 12.1331806183, 11.2934770584, 11.3204526901, 11.3785171509, 9.2047252655, 8.59097003937, 5.98143100739, 5.98233985901, 6.78042554855, 5.26639938354, 2.59838438034, 1.81942749023, 1.28404760361, 0.884707331657, 0.475625872612, 0.213487565517, 0.0341063141823, 0.00316545390524, 0.00016314338427], "var": [0.306394666433, 22.5972499847, 144.15007019, 188.552200317, 55.966999054, 60.0209884644, 96.8851394653, 113.482910156, 123.883354187, 333.761901855, 1356.6854248, 844.058654785, 937.258239746, 1220.01794434, 3696.83666992, 2657.83227539, 3548.72753906, 3150.96313477, 4548.50488281, 2697.26953125, 3723.75341797, 1555.49487305, 1250.61889648, 1283.74206543, 1233.40466309, 589.22454834, 471.643341064, 292.265045166, 323.732727051, 408.155822754, 233.993392944, 47.651550293, 24.8101406097, 9.61169815063, 2.48263239861, 0.623023569584, 0.153151586652, 0.00410782266408, 6.19792990619e-05, 1.84984500606e-07], "dvar": [0.233662560582, 28.4980430603, 224.701263428, 244.239379883, 54.4284095764, 65.4548492432, 76.5573272705, 94.1160125732, 82.4836349487, 195.961685181, 671.127197266, 540.340209961, 479.504211426, 657.023925781, 1778.85522461, 1234.53063965, 1471.39453125, 1436.01293945, 2605.06835938, 1278.10339355, 1564.55847168, 538.241210938, 496.492095947, 531.705688477, 518.476135254, 248.967941284, 195.719787598, 104.213859558, 121.136878967, 229.622940063, 144.646652222, 19.3798351288, 11.1301555634, 4.11783361435, 1.4139071703, 0.433747559786, 0.0697636008263, 0.00168836698867, 2.9187383916e-05, 7.23602369135e-08], "mean": [0.246270313859, 1.96866667271, 3.95715928078, 5.3590555191, 3.71614408493, 4.44271945953, 5.30283975601, 5.94473600388, 6.921022892, 9.37232112885, 15.8527069092, 13.6066513062, 15.6620368958, 16.4184951782, 25.4286975861, 23.80219841, 28.3694629669, 30.5283298492, 34.5506134033, 29.9015350342, 29.6353149414, 23.8499717712, 22.5704746246, 22.657169342, 21.9200992584, 17.4350852966, 15.9659137726, 12.2417116165, 11.947479248, 11.8076553345, 8.76919364929, 4.63069534302, 3.03042054176, 2.05841016769, 1.12552523613, 0.545124769211, 0.306675434113, 0.0478242486715, 0.00453072227538, 0.000247958902037]}, "zerocrossingrate": {"min": 0, "max": 0.51611328125, "dvar2": 0.000391353445593, "median": 0.091796875, "dmean2": 0.0202894024551, "dmean": 0.0175347290933, "var": 0.00264368555509, "dvar": 0.000360319885658, "mean": 0.1028496176}, "spectral_contrast_coeffs": {"min": [-0.97820609808, -0.981195628643, -0.978769123554, -0.969343245029, -0.963195919991, -0.962643504143], "max": [-0.376533210278, -0.428554594517, -0.421178638935, -0.571728050709, -0.610011994839, -0.589927613735], "dvar2": [0.00604552868754, 0.00379470712505, 0.00285053160042, 0.00178378319833, 0.000899763661437, 0.000966606894508], "median": [-0.688169121742, -0.775904297829, -0.796456456184, -0.797096729279, -0.804947137833, -0.762122631073], "dmean2": [0.0990022048354, 0.077345944941, 0.0652908906341, 0.0521785095334, 0.035028450191, 0.031939484179], "dmean": [0.0612316988409, 0.0470887236297, 0.04000980407, 0.0320267044008, 0.0218156725168, 0.021108828485], "var": [0.00714940996841, 0.00430710427463, 0.00394448731095, 0.00275757536292, 0.00148688105401, 0.00210603722371], "dvar": [0.00246264925227, 0.00145152467303, 0.00112513813656, 0.000706827035174, 0.000362737395335, 0.000446594232926], "mean": [-0.684379339218, -0.77138876915, -0.791494131088, -0.792371630669, -0.802251756191, -0.764046192169]}, "dissonance": {"min": 0.318441689014, "max": 0.500000059605, "dvar2": 0.000362444319762, "median": 0.48616194725, "dmean2": 0.0190025772899, "dmean": 0.0111492257565, "var": 0.000211352977203, "dvar": 0.000130762855406, "mean": 0.482428789139}, "spectral_energyband_high": {"min": 7.07026408569e-21, "max": 0.0328286848962, "dvar2": 2.78978723145e-06, "median": 0.000992587767541, "dmean2": 0.0010426879162, "dmean": 0.000804678944405, "var": 4.91149876325e-06, "dvar": 1.58727664257e-06, "mean": 0.00174183794297}, "spectral_skewness": {"min": -0.0436621196568, "max": 3.44665169716, "dvar2": 0.0561065487564, "median": 1.30029726028, "dmean2": 0.236761510372, "dmean": 0.157273486257, "var": 0.107880987227, "dvar": 0.0235463958234, "mean": 1.29501867294}, "spectral_flux": {"min": 6.43501363307e-11, "max": 0.4447080791, "dvar2": 0.00680910935625, "median": 0.0702852755785, "dmean2": 0.0595995560288, "dmean": 0.0376131534576, "var": 0.00630740309134, "dvar": 0.00329535943456, "mean": 0.0959908813238}, "silence_rate_30dB": {"min": 0, "max": 1, "dvar2": 0.123089537024, "median": 1, "dmean2": 0.110310904682, "dmean": 0.0551506094635, "var": 0.041258584708, "dvar": 0.0521136149764, "mean": 0.95688444376}, "spectral_energyband_middle_high": {"min": 1.32628283511e-21, "max": 0.0568583197892, "dvar2": 1.39479670906e-05, "median": 0.00335170421749, "dmean2": 0.00261697499081, "dmean": 0.00180020811968, "var": 3.59682926501e-05, "dvar": 6.65994548399e-06, "mean": 0.00537318456918}, "barkbands_spread": {"min": 3.255433321, "max": 132.689315796, "dvar2": 267.388397217, "median": 35.2722320557, "dmean2": 16.9859676361, "dmean": 10.5507678986, "var": 282.359069824, "dvar": 104.956115723, "mean": 37.4820632935}, "spectral_centroid": {"min": 442.189819336, "max": 11532.2646484, "dvar2": 301772.9375, "median": 2051.68212891, "dmean2": 554.901611328, "dmean": 351.644226074, "var": 611208.125, "dvar": 124544.460938, "mean": 2093.71118164}, "pitch_salience": {"min": 0.0744002908468, "max": 0.890937149525, "dvar2": 0.0236827600747, "median": 0.591891825199, "dmean2": 0.160983771086, "dmean": 0.0951917096972, "var": 0.015858290717, "dvar": 0.00854477658868, "mean": 0.568604767323}, "erbbands_skewness": {"min": -3.35157012939, "max": 6.67668581009, "dvar2": 0.188401520252, "median": -0.0669130980968, "dmean2": 0.48980230093, "dmean": 0.316457331181, "var": 0.351716011763, "dvar": 0.0807440578938, "mean": -0.0627302974463}, "erbbands_crest": {"min": 2.01957702637, "max": 33.4133987427, "dvar2": 13.8361654282, "median": 6.06520462036, "dmean2": 3.78404164314, "dmean": 2.31732964516, "var": 14.456902504, "dvar": 5.51834630966, "mean": 7.10385227203}, "melbands": {"min": [1.90069487567e-24, 1.18001324634e-24, 1.2769785497e-24, 1.94997580528e-24, 1.25440647818e-24, 1.75713323498e-24, 2.17054940021e-24, 1.81442761088e-24, 4.50454368023e-25, 6.51543887449e-25, 2.72508863987e-24, 3.83869537799e-24, 3.44589037327e-24, 4.08806929849e-24, 2.59364488875e-24, 3.72023213585e-24, 3.22603720557e-24, 4.06205503241e-24, 3.66108926163e-24, 4.44594038687e-24, 4.00924395025e-24, 3.41564899604e-24, 5.06086456224e-24, 5.77172566217e-24, 3.30755335835e-24, 5.1899734823e-24, 4.0235270658e-24, 6.25162998272e-24, 4.70344628001e-24, 6.48385525043e-24, 6.00359475918e-24, 6.01407674846e-24, 6.33709832864e-24, 6.48443309104e-24, 6.62068317444e-24, 7.27705094632e-24, 6.01741244679e-24, 7.62887028828e-24, 6.34892138145e-24, 7.12900936455e-24], "max": [0.0355614610016, 0.0524456128478, 0.0183722432703, 0.0060422657989, 0.00613420037553, 0.00322025478818, 0.00431669456884, 0.00343342241831, 0.00712247751653, 0.00430673081428, 0.00284687196836, 0.00465772487223, 0.00366893201135, 0.00387144391425, 0.00314058084041, 0.00216104998253, 0.00161663419567, 0.00480923196301, 0.00313584250398, 0.00134143733885, 0.00209569418803, 0.000708086416125, 0.000562678440474, 0.000865681678988, 0.000627846864518, 0.000584434368648, 0.0004945716355, 0.000415836984757, 0.000440667499788, 0.000146423946717, 0.000140070362249, 0.000180705959792, 0.000226155068958, 0.000324714783346, 0.000187366327737, 9.92315326585e-05, 6.0392289015e-05, 6.02057552896e-05, 5.2874092944e-05, 4.57964451925e-05], "dvar2": [5.91538555454e-05, 0.000160923271324, 1.38954455906e-05, 9.03116244899e-07, 2.31193297395e-07, 1.0969521469e-07, 4.66561900225e-08, 6.19878122166e-08, 1.03870760881e-07, 4.88661271447e-08, 2.94614661556e-08, 2.56776662155e-08, 4.78684896166e-08, 2.47685374433e-08, 1.95701268524e-08, 1.74262986263e-08, 1.45384282391e-08, 2.06644479306e-08, 1.0321888233e-08, 6.94719259897e-09, 5.38969979758e-09, 2.01514738229e-09, 1.20200172038e-09, 1.34227595705e-09, 1.06338193806e-09, 8.58145221549e-10, 4.88935336662e-10, 2.95287183594e-10, 2.53440990416e-10, 1.21319537749e-10, 7.51156636891e-11, 1.04538044887e-10, 1.16285626961e-10, 2.36768632478e-10, 1.80701661967e-10, 2.76125147053e-11, 1.44693076964e-11, 1.21044970922e-11, 1.29082048869e-11, 4.8106553463e-12], "median": [0.000121970428154, 0.000269562646281, 0.000132806482725, 0.000118509982713, 7.60844632168e-05, 5.43433561688e-05, 5.12818078278e-05, 4.87148899992e-05, 4.63866235805e-05, 3.19292084896e-05, 3.06544643536e-05, 2.66177303274e-05, 2.39418768615e-05, 2.51480887528e-05, 2.20958445425e-05, 2.21635073103e-05, 2.03151648748e-05, 2.06710610655e-05, 1.63128534041e-05, 1.44134164657e-05, 1.284910104e-05, 1.12469570013e-05, 1.03393467725e-05, 9.20111415326e-06, 8.54181962495e-06, 8.04030150903e-06, 6.41759561404e-06, 5.28670716449e-06, 5.2309660532e-06, 4.5048964239e-06, 3.19734363075e-06, 3.23712811223e-06, 2.98689747069e-06, 2.37122958424e-06, 1.99151872948e-06, 1.59113801601e-06, 9.59428234637e-07, 7.56552253733e-07, 7.17320119747e-07, 6.56714405523e-07], "dmean2": [0.00404202006757, 0.00543186813593, 0.00171346811112, 0.000438511022367, 0.000242952286499, 0.000178106216481, 0.000109405933472, 0.000115263166663, 0.000133978566737, 8.5046303866e-05, 7.4441639299e-05, 6.61414014758e-05, 8.04033043096e-05, 6.47502965876e-05, 5.8439647546e-05, 5.81834137847e-05, 5.62383538636e-05, 5.87648246437e-05, 4.20159885834e-05, 3.84486411349e-05, 3.14266253554e-05, 2.24285322474e-05, 1.844403414e-05, 1.78791160579e-05, 1.53369928739e-05, 1.55465459102e-05, 1.14109225251e-05, 1.02715712273e-05, 9.58845703281e-06, 7.57492080083e-06, 4.96240681969e-06, 5.12263386554e-06, 5.59816726309e-06, 6.59653960611e-06, 5.88598868489e-06, 2.81666325463e-06, 2.20761739911e-06, 1.82033875262e-06, 1.8679288587e-06, 1.36109724735e-06], "dmean": [0.00232802587561, 0.0029971273616, 0.00100485910662, 0.000252060912317, 0.000148257982801, 0.000107069019577, 6.84235346853e-05, 7.22252298146e-05, 8.39064305183e-05, 5.43413079868e-05, 4.79628542962e-05, 4.22659759352e-05, 5.20803696418e-05, 4.12720801251e-05, 3.73547445633e-05, 3.66807616956e-05, 3.54665789928e-05, 3.6132234527e-05, 2.63730798906e-05, 2.42362784775e-05, 1.9894212528e-05, 1.41881155287e-05, 1.18006582852e-05, 1.1494273167e-05, 9.82835445029e-06, 9.65429353528e-06, 7.24482561054e-06, 6.343230325e-06, 5.9622830122e-06, 4.89366584588e-06, 3.39843177244e-06, 3.69806230083e-06, 3.70577436115e-06, 4.1084208533e-06, 3.57558224096e-06, 1.96939390662e-06, 1.57166687131e-06, 1.27456462451e-06, 1.34481820169e-06, 1.0273308817e-06], "var": [2.56133535004e-05, 4.0071499825e-05, 4.52138237961e-06, 2.85127669031e-07, 1.0834016706e-07, 5.47315117672e-08, 2.867531812e-08, 4.49183588103e-08, 8.80290471628e-08, 3.18634576502e-08, 2.41806468182e-08, 2.06668460123e-08, 3.97801684926e-08, 2.25222240857e-08, 1.83787758345e-08, 1.74553456134e-08, 1.19121290609e-08, 1.25742936063e-08, 6.82305278943e-09, 5.95604099374e-09, 5.35150590508e-09, 2.03068806215e-09, 1.07757480716e-09, 1.29407884408e-09, 9.09959219086e-10, 8.49840864348e-10, 4.23191731658e-10, 2.73039341137e-10, 2.37177444351e-10, 1.34495442561e-10, 9.33746274745e-11, 1.05129703554e-10, 1.20999793518e-10, 1.39008041189e-10, 9.75710692797e-11, 3.21850462948e-11, 1.53896617672e-11, 1.22226352303e-11, 1.19058625805e-11, 5.84976511675e-12], "dvar": [2.23861843551e-05, 5.73975667066e-05, 5.49364540348e-06, 3.24925139239e-07, 9.11324349318e-08, 4.2764892072e-08, 1.8643460109e-08, 2.50968046345e-08, 4.41073666479e-08, 2.05592858293e-08, 1.25886376878e-08, 1.12399902719e-08, 2.06565609062e-08, 1.12053060164e-08, 8.94059049017e-09, 7.31336635695e-09, 6.21607032514e-09, 8.15728018466e-09, 4.08130773621e-09, 2.85936674338e-09, 2.39277442304e-09, 8.23662971161e-10, 5.11436060169e-10, 5.75488767751e-10, 4.40572855975e-10, 3.72126052195e-10, 2.10583703253e-10, 1.30721961034e-10, 1.13252268674e-10, 5.67083324743e-11, 3.74422472194e-11, 4.78199077558e-11, 5.19083734329e-11, 9.25707011046e-11, 6.82919831796e-11, 1.40434669102e-11, 7.14766917528e-12, 5.84848358978e-12, 6.01149468746e-12, 2.57294012485e-12], "mean": [0.00234902789816, 0.00235267984681, 0.000862930028234, 0.000292341108434, 0.000186144869076, 0.000135741967824, 0.000104836966784, 0.000110188448161, 0.000127074934426, 8.16761603346e-05, 7.74304353399e-05, 6.43091625534e-05, 8.17987456685e-05, 6.61377780489e-05, 5.92374926782e-05, 6.18726262474e-05, 5.53042664251e-05, 5.46345909243e-05, 4.16996081185e-05, 3.98300326196e-05, 3.377001849e-05, 2.52709214692e-05, 2.10307680391e-05, 2.05585038202e-05, 1.78357895493e-05, 1.71038191183e-05, 1.31655096993e-05, 1.11066883619e-05, 1.03032325569e-05, 8.5742894953e-06, 6.59635543343e-06, 6.64888557367e-06, 6.89919852448e-06, 6.45319323667e-06, 5.41808549315e-06, 3.62991363545e-06, 2.52360746344e-06, 2.08482128983e-06, 2.00925319405e-06, 1.64225662047e-06]}, "spectral_entropy": {"min": 6.36599254608, "max": 9.81561756134, "dvar2": 0.0290513839573, "median": 8.054479599, "dmean2": 0.186761021614, "dmean": 0.130846649408, "var": 0.0817020833492, "dvar": 0.0153270158917, "mean": 8.05181121826}, "spectral_rolloff": {"min": 21.533203125, "max": 19724.4140625, "dvar2": 4250664, "median": 2304.05273438, "dmean2": 1805.81384277, "dmean": 1096.32507324, "var": 5328825.5, "dvar": 2018524, "mean": 2684.37011719}, "barkbands": {"min": [1.06806293844e-25, 3.41486052957e-24, 9.36032669244e-25, 3.14141249709e-25, 9.90787445511e-24, 5.20987920395e-24, 9.00339020701e-24, 4.02906999695e-24, 3.92039178549e-24, 1.9624391765e-23, 2.04858215626e-23, 2.86112087932e-23, 3.60419471988e-23, 2.34252987335e-23, 5.70288121877e-23, 6.60038341677e-23, 5.92400776574e-23, 1.13596778145e-22, 1.12126972507e-22, 2.24520516891e-22, 3.01346834791e-22, 3.27604846261e-22, 4.33726428955e-22, 6.9680025698e-22, 8.87296811754e-22, 1.38380985398e-21, 1.91985510168e-21], "max": [0.0192889366299, 0.146031618118, 0.0937106460333, 0.0445646047592, 0.0288749225438, 0.0143413450569, 0.019417963922, 0.0324584059417, 0.0292379967868, 0.0183204431087, 0.0304975118488, 0.0293083097786, 0.0282680187374, 0.0165848173201, 0.0416004322469, 0.0239179171622, 0.0120428632945, 0.0122574716806, 0.0122968750075, 0.0128032704815, 0.0111020896584, 0.0103671457618, 0.0130565557629, 0.00448533520103, 0.00370460213162, 0.00100193731487, 0.000270381278824], "dvar2": [2.35466586673e-06, 0.00111539266072, 0.000418055307819, 6.77369971527e-05, 1.74462347786e-05, 2.55901295532e-06, 1.0881686876e-06, 2.62086564362e-06, 2.21178652282e-06, 1.34908827931e-06, 2.52266795542e-06, 1.51667757109e-06, 1.74295405486e-06, 1.65309950262e-06, 2.06005984182e-06, 1.27894998059e-06, 5.50117647435e-07, 4.34850505826e-07, 4.74952145169e-07, 2.7213744147e-07, 1.73784684421e-07, 1.84600054354e-07, 5.17458374816e-07, 7.09052727643e-08, 5.04233739207e-08, 2.54127581201e-08, 1.20314036511e-09], "median": [0.000307590322336, 0.00043646292761, 0.000337892503012, 0.000212135288166, 0.000564349407796, 0.000300980726024, 0.000230106088566, 0.000238277425524, 0.000215571490116, 0.000228991440963, 0.000149308369146, 0.00019975961186, 0.000225297757424, 0.000207491422771, 0.000253113888903, 0.000186026765732, 0.000214666026295, 0.000197350454982, 0.000223901879508, 0.000182343545021, 0.000192799474462, 0.000162445314345, 0.000123965466628, 7.48672318878e-05, 5.96378122282e-05, 3.95803508582e-05, 4.17256524088e-06], "dmean2": [0.00079333758913, 0.0170950647444, 0.00819082465023, 0.00350019312464, 0.00190001970623, 0.000907078036107, 0.000503662857227, 0.000737840135116, 0.000588525086641, 0.000532581820153, 0.000570415984839, 0.000523824128322, 0.000592679542024, 0.000572995049879, 0.000662600737996, 0.000506936339661, 0.000398638891056, 0.000338276819093, 0.000370295427274, 0.000311523588607, 0.000269761541858, 0.00022538943449, 0.000307421316393, 0.000149273153511, 0.000158538678079, 0.000126996863401, 2.1186480808e-05], "dmean": [0.000649171415716, 0.00957932509482, 0.00462354673073, 0.0019760299474, 0.00107713614125, 0.000563155859709, 0.000317883648677, 0.000460846000351, 0.00037524671643, 0.000342271872796, 0.000369716755813, 0.000332441879436, 0.000377089803806, 0.000360497302609, 0.000410617794842, 0.000318742240779, 0.000252176978393, 0.000220069094212, 0.000233232043684, 0.000196002147277, 0.000178674104973, 0.000167298247106, 0.000195933782379, 0.000111242188723, 0.000120660435641, 9.73107598838e-05, 1.77598012669e-05], "var": [3.20531944453e-06, 0.000383175909519, 9.97356546577e-05, 1.78532864084e-05, 5.06028800373e-06, 1.47495961755e-06, 7.23855123397e-07, 2.20552669816e-06, 1.44281875691e-06, 1.11120903057e-06, 2.0840441266e-06, 1.43574868616e-06, 1.89787544969e-06, 1.16296780561e-06, 1.53496546318e-06, 1.20844197227e-06, 5.6324694242e-07, 4.48800847153e-07, 5.12245605933e-07, 2.6949300036e-07, 2.24112483238e-07, 2.73044832966e-07, 3.25008414848e-07, 8.74781278526e-08, 5.94708957635e-08, 3.10300265483e-08, 1.94689109279e-09], "dvar": [1.65933613516e-06, 0.000393265654566, 0.000152280190377, 2.49286858889e-05, 6.0941438278e-06, 1.05302353859e-06, 4.5545186822e-07, 1.09110158064e-06, 9.26764698761e-07, 5.79851530347e-07, 1.11476697384e-06, 6.89847468038e-07, 7.49870423533e-07, 6.75472165312e-07, 8.37210848204e-07, 5.44280567283e-07, 2.25884434712e-07, 1.84407369375e-07, 2.04881828836e-07, 1.21919185858e-07, 8.59793729546e-08, 9.81888774731e-08, 2.04847722785e-07, 3.7003296427e-08, 2.73014606478e-08, 1.49831294038e-08, 8.31361202103e-10], "mean": [0.000957864162046, 0.00879400409758, 0.00333519582637, 0.00157025025692, 0.00126060901675, 0.000739687588066, 0.000481365859741, 0.000676807889249, 0.000557105056942, 0.000541613902897, 0.000558186031412, 0.000523397000507, 0.000630307476968, 0.000554663769435, 0.000644172192551, 0.00053457490867, 0.000454880238976, 0.000417099858169, 0.000444682547823, 0.000362283317372, 0.000349349807948, 0.000343850697391, 0.00032469118014, 0.000191706989426, 0.000174605782377, 0.00013955772738, 2.57139290625e-05]}, "melbands_flatness_db": {"min": 0.00329908356071, "max": 0.510971009731, "dvar2": 0.00328599382192, "median": 0.124482497573, "dmean2": 0.0568132288754, "dmean": 0.0345475412905, "var": 0.00329400482588, "dvar": 0.00128698104527, "mean": 0.134974166751}, "melbands_skewness": {"min": -3.49731016159, "max": 27.9090385437, "dvar2": 6.15910243988, "median": 1.8368639946, "dmean2": 1.92109024525, "dmean": 1.16869604588, "var": 5.28445911407, "dvar": 2.43278646469, "mean": 2.46567463875}, "barkbands_skewness": {"min": -3.80308508873, "max": 11.632519722, "dvar2": 1.71081721783, "median": 0.76754796505, "dmean2": 1.12928617001, "dmean": 0.691557943821, "var": 1.56482207775, "dvar": 0.655535638332, "mean": 0.976318895817}, "silence_rate_60dB": {"min": 0, "max": 1, "dvar2": 0.104660704732, "median": 0, "dmean2": 0.106095202267, "dmean": 0.0530429445207, "var": 0.121895201504, "dvar": 0.0502248108387, "mean": 0.142079383135}, "spectral_energyband_low": {"min": 1.38405298722e-23, "max": 0.20471867919, "dvar2": 0.00250981608406, "median": 0.00178110657725, "dmean2": 0.0250178258866, "dmean": 0.0141200628132, "var": 0.000849273463245, "dvar": 0.000908363785129, "mean": 0.0136326197535}, "spectral_energyband_middle_low": {"min": 1.15308517957e-22, "max": 0.0578386634588, "dvar2": 7.65794902691e-05, "median": 0.00342133804224, "dmean2": 0.00538619793952, "dmean": 0.00335563742556, "var": 4.73953587061e-05, "dvar": 3.52733441105e-05, "mean": 0.00548948999494}, "melbands_kurtosis": {"min": -1.73445284367, "max": 1378.63342285, "dvar2": 4064.05175781, "median": 3.75368952751, "dmean2": 21.9471168518, "dmean": 12.4804134369, "var": 1535.81506348, "dvar": 1466.40454102, "mean": 13.5765142441}, "spectral_decrease": {"min": -6.22788007831e-08, "max": 1.39171706123e-28, "dvar2": 1.91152731004e-16, "median": -2.83025469727e-09, "dmean2": 7.32478300236e-09, "dmean": 4.31811431056e-09, "var": 8.32515993678e-17, "dvar": 7.32707983921e-17, "mean": -6.16630968509e-09}, "erbbands_kurtosis": {"min": -1.79974615574, "max": 59.3968887329, "dvar2": 2.12011384964, "median": -0.258959889412, "dmean2": 1.10505330563, "dmean": 0.700938403606, "var": 2.21154260635, "dvar": 0.98757815361, "mean": 0.0408170968294}, "melbands_crest": {"min": 1.54248726368, "max": 35.6567993164, "dvar2": 45.0181655884, "median": 12.3982505798, "dmean2": 7.74337530136, "dmean": 4.61831855774, "var": 42.2797279358, "dvar": 18.4290218353, "mean": 13.7051668167}, "gfcc": {"cov": [[16830.0722656, 136.189346313, 338.531799316, 442.710327148, -402.02734375, 148.527450562, -388.405151367, -78.0308456421, -5.48819303513, 107.312217712, -379.906829834, 8.59715652466, -186.099365234], [136.189346313, 730.116882324, -211.664855957, 51.0554695129, -68.8094558716, -89.6222686768, -28.4548339844, -88.7899246216, -40.1588249207, -58.7805213928, -32.6602020264, -50.9967880249, -29.058095932], [338.531799316, -211.664855957, 1435.53613281, 198.316085815, 292.44644165, 74.9298477173, 29.8782348633, 23.2791061401, 5.42926883698, 77.0359268188, -65.9576263428, 67.0228805542, -13.7976312637], [442.710327148, 51.0554695129, 198.316085815, 365.07522583, 41.0199394226, 23.0106983185, -3.70298576355, -75.5537872314, 0.627234578133, -63.0438156128, -56.0673561096, -29.7584991455, -14.9254369736], [-402.02734375, -68.8094558716, 292.44644165, 41.0199394226, 307.872314453, 74.9101028442, 88.9510116577, 58.8944587708, 25.1831054688, 49.6799201965, 23.0004768372, 45.8839149475, 27.7238769531], [148.527450562, -89.6222686768, 74.9298477173, 23.0106983185, 74.9101028442, 155.048370361, 72.181640625, 41.3565139771, -0.930294692516, 8.4520816803, 7.43100357056, 14.2673101425, -2.12978005409], [-388.405151367, -28.4548339844, 29.8782348633, -3.70298576355, 88.9510116577, 72.181640625, 170.597885132, 54.2999076843, 20.6440849304, 7.31671142578, 40.8679122925, 18.3909416199, 10.7435522079], [-78.0308456421, -88.7899246216, 23.2791061401, -75.5537872314, 58.8944587708, 41.3565139771, 54.2999076843, 144.889801025, 48.2621307373, 54.9750480652, 20.2429504395, 29.9386463165, 19.9884147644], [-5.48819303513, -40.1588249207, 5.42926883698, 0.627234578133, 25.1831054688, -0.930294692516, 20.6440849304, 48.2621307373, 104.84903717, 41.6598930359, 15.963596344, 3.87763428688, 11.4387073517], [107.312217712, -58.7805213928, 77.0359268188, -63.0438156128, 49.6799201965, 8.4520816803, 7.31671142578, 54.9750480652, 41.6598930359, 112.833618164, 42.3204078674, 24.3035392761, 10.3083171844], [-379.906829834, -32.6602020264, -65.9576263428, -56.0673561096, 23.0004768372, 7.43100357056, 40.8679122925, 20.2429504395, 15.963596344, 42.3204078674, 99.8754730225, 40.4602470398, 22.0535831451], [8.59715652466, -50.9967880249, 67.0228805542, -29.7584991455, 45.8839149475, 14.2673101425, 18.3909416199, 29.9386463165, 3.87763428688, 24.3035392761, 40.4602470398, 81.8528442383, 37.328868866], [-186.099365234, -29.058095932, -13.7976312637, -14.9254369736, 27.7238769531, -2.12978005409, 10.7435522079, 19.9884147644, 11.4387073517, 10.3083171844, 22.0535831451, 37.328868866, 68.5498123169]], "icov": [[8.73071257956e-05, -2.76379232673e-05, 3.07711925416e-05, -0.00013431890693, 0.000179747992661, -0.000197072877199, 9.58818563959e-05, 4.65777302452e-05, -2.15254476643e-05, -0.000388317450415, 0.000485174037749, -0.00043802332948, 0.00023925009009], [-2.76379232673e-05, 0.00170391111169, 0.000289192103082, -0.000198009598535, -0.000261599721853, 0.00109029735904, -0.000527443946339, 0.000565108959563, 0.000441996380687, 1.53935725393e-05, 0.000347928667907, 0.000244862079853, 0.000398562609917], [3.07711925416e-05, 0.000289192103082, 0.00122979597654, -0.000652975984849, -0.00080632645404, 0.0001856230665, -0.000204272888368, 0.000400756165618, 0.000354857562343, -0.00147967413068, 0.00186973181553, -0.00173618947156, 0.00106573151425], [-0.00013431890693, -0.000198009598535, -0.000652975984849, 0.00447335466743, -0.000847726827487, -0.000812803336885, -5.55600854568e-05, 0.00224732211791, -0.00197768840007, 0.00278108054772, 4.88072437292e-05, 0.00149095989764, -0.00085082341684], [0.000179747992661, -0.000261599721853, -0.00080632645404, -0.000847726827487, 0.00588786415756, -0.0015271094162, -0.00167794711888, -0.000497077184264, 2.47461703111e-05, -0.00229251687415, 0.00100048049353, -0.00162459898274, -0.00108714273665], [-0.000197072877199, 0.00109029735904, 0.0001856230665, -0.000812803336885, -0.0015271094162, 0.0102313766256, -0.00359781971201, -0.0018748184666, 0.00215445435606, 0.000332960073138, -9.06588029466e-05, 5.78165384013e-07, 0.0014528685715], [9.58818563959e-05, -0.000527443946339, -0.000204272888368, -5.55600854568e-05, -0.00167794711888, -0.00359781971201, 0.010380929336, -0.00303432322107, -0.00118482671678, 0.00348814832978, -0.00489597022533, 0.00147975003347, 0.000250641460298], [4.65777302452e-05, 0.000565108959563, 0.000400756165618, 0.00224732211791, -0.000497077184264, -0.0018748184666, -0.00303432322107, 0.0133248744532, -0.00410195812583, -0.00413599843159, 0.00457048928365, -0.00325871584937, -0.000720499898307], [-2.15254476643e-05, 0.000441996380687, 0.000354857562343, -0.00197768840007, 2.47461703111e-05, 0.00215445435606, -0.00118482671678, -0.00410195812583, 0.0137485442683, -0.00440227333456, -0.000586835085414, 0.00225930218585, -0.00146523443982], [-0.000388317450415, 1.53935725393e-05, -0.00147967413068, 0.00278108054772, -0.00229251687415, 0.000332960073138, 0.00348814832978, -0.00413599843159, -0.00440227333456, 0.0191086996347, -0.00983057171106, 0.00367944431491, -0.000123039280879], [0.000485174037749, 0.000347928667907, 0.00186973181553, 4.88072437292e-05, 0.00100048049353, -9.06588029466e-05, -0.00489597022533, 0.00457048928365, -0.000586835085414, -0.00983057171106, 0.0226357262582, -0.0113148810342, 0.00133424426895], [-0.00043802332948, 0.000244862079853, -0.00173618947156, 0.00149095989764, -0.00162459898274, 5.78165384013e-07, 0.00147975003347, -0.00325871584937, 0.00225930218585, 0.00367944431491, -0.0113148810342, 0.0255249477923, -0.0109245907515], [0.00023925009009, 0.000398562609917, 0.00106573151425, -0.00085082341684, -0.00108714273665, 0.0014528685715, 0.000250641460298, -0.000720499898307, -0.00146523443982, -0.000123039280879, 0.00133424426895, -0.0109245907515, 0.0218740329146]], "mean": [1.41692233086, 41.8966140747, -114.197761536, 31.123046875, -50.7256584167, 17.9476852417, -32.4086990356, 9.5868473053, -23.3769454956, 6.84508991241, -17.5764808655, 2.96448421478, -15.0726795197]}, "melbands_spread": {"min": 0.451567351818, "max": 244.393768311, "dvar2": 489.601348877, "median": 36.1453323364, "dmean2": 22.0226039886, "dmean": 13.5002908707, "var": 625.233520508, "dvar": 221.061752319, "mean": 39.4259033203}, "spectral_energy": {"min": 1.01873035848e-20, "max": 0.245947659016, "dvar2": 0.00280317733996, "median": 0.0125196315348, "dmean2": 0.028389595449, "dmean": 0.0169413182884, "var": 0.0013046549866, "dvar": 0.00109041109681, "mean": 0.0255882088095}, "mfcc": {"cov": [[10187.4492188, 582.69934082, 340.443725586, 363.167510986, 29.166469574, 215.772903442, -259.811187744, -42.9230690002, -34.1662712097, -5.66244983673, -88.4136428833, -25.9068317413, -81.8635864258], [582.69934082, 636.971679688, -49.9757995605, 24.954668045, -23.8649234772, -33.4366989136, -13.7477226257, -52.2353744507, -18.7146015167, -24.2331199646, -20.1865234375, -3.93944716454, -15.4419250488], [340.443725586, -49.9757995605, 783.515136719, 231.847000122, 182.366165161, 119.848640442, 32.0263748169, 12.8059043884, 37.7895507812, -6.69460391998, -26.6855068207, -0.685612678528, -11.5136737823], [363.167510986, 24.954668045, 231.847000122, 302.656463623, 95.1595001221, 92.7075042725, -20.0477333069, 8.38632488251, 11.1015701294, -3.83949351311, -49.9314956665, -18.896194458, -16.9663734436], [29.166469574, -23.8649234772, 182.366165161, 95.1595001221, 215.094863892, 63.5086517334, 37.8061065674, 11.6553678513, 54.9741592407, 8.06698036194, 1.59866225719, 15.1669912338, 14.4065818787], [215.772903442, -33.4366989136, 119.848640442, 92.7075042725, 63.5086517334, 156.675842285, 53.5357475281, 37.1418800354, 3.97675251961, 5.78421163559, -7.59504938126, -7.78299951553, -11.4399833679], [-259.811187744, -13.7477226257, 32.0263748169, -20.0477333069, 37.8061065674, 53.5357475281, 159.601272583, 56.3189811707, 25.1198673248, 9.29627895355, 28.9842662811, 11.2281551361, 16.411485672], [-42.9230690002, -52.2353744507, 12.8059043884, 8.38632488251, 11.6553678513, 37.1418800354, 56.3189811707, 112.756874084, 39.0547103882, 6.57277917862, 6.39235401154, 0.592959284782, 5.9669380188], [-34.1662712097, -18.7146015167, 37.7895507812, 11.1015701294, 54.9741592407, 3.97675251961, 25.1198673248, 39.0547103882, 103.270492554, 39.2620620728, 16.7044944763, 10.1050539017, 13.0641355515], [-5.66244983673, -24.2331199646, -6.69460391998, -3.83949351311, 8.06698036194, 5.78421163559, 9.29627895355, 6.57277917862, 39.2620620728, 83.4138565063, 44.0610275269, 4.71149539948, 3.05644536018], [-88.4136428833, -20.1865234375, -26.6855068207, -49.9314956665, 1.59866225719, -7.59504938126, 28.9842662811, 6.39235401154, 16.7044944763, 44.0610275269, 92.4521026611, 33.6440505981, 5.45780706406], [-25.9068317413, -3.93944716454, -0.685612678528, -18.896194458, 15.1669912338, -7.78299951553, 11.2281551361, 0.592959284782, 10.1050539017, 4.71149539948, 33.6440505981, 71.0925979614, 36.4545783997], [-81.8635864258, -15.4419250488, -11.5136737823, -16.9663734436, 14.4065818787, -11.4399833679, 16.411485672, 5.9669380188, 13.0641355515, 3.05644536018, 5.45780706406, 36.4545783997, 74.8855133057]], "icov": [[0.000119572250696, -0.000123683319543, -3.46626802639e-05, -2.6165984309e-05, 4.33251989307e-05, -0.000250294717262, 0.000292489625281, -6.9527697633e-05, -7.85232623457e-06, -3.57000244549e-05, -7.41557778383e-06, -5.57475577807e-05, 1.93259820662e-05], [-0.000123683319543, 0.00185174623039, 0.000210874000913, -0.000435989990365, 0.000176899164217, 0.000646864529699, -0.000816971529275, 0.00103773293085, -0.000310467177769, 0.000497078057379, 0.000225350624532, -0.000242995709414, 0.000477160996525], [-3.46626802639e-05, 0.000210874000913, 0.0019198715454, -0.00106733920984, -0.00093919277424, -0.000327379762894, -0.000359029712854, 0.000391227164073, -0.000299508246826, 0.000446252321126, -3.90761415474e-05, -0.000209462843486, 0.000375983683625], [-2.6165984309e-05, -0.000435989990365, -0.00106733920984, 0.00595161132514, -0.0014202403836, -0.00241082068533, 0.00175212393515, -0.000710981257726, 0.000408693100326, -0.00144670845475, 0.00279026757926, -0.000261001172476, 0.000554856203962], [4.33251989307e-05, 0.000176899164217, -0.00093919277424, -0.0014202403836, 0.00795647967607, -0.0019928435795, -0.000973008049186, 0.00222796131857, -0.00461470289156, 0.00194153643679, -0.00090682314476, -0.000629555841442, -0.0010833669221], [-0.000250294717262, 0.000646864529699, -0.000327379762894, -0.00241082068533, -0.0019928435795, 0.0114637119696, -0.00395116722211, -0.00237904582173, 0.00331967254169, -0.00230283243582, 0.0014156436082, -0.000427517632488, 0.00207316409796], [0.000292489625281, -0.000816971529275, -0.000359029712854, 0.00175212393515, -0.000973008049186, -0.00395116722211, 0.0106309037656, -0.00392147619277, -0.000310732313665, 0.00124212121591, -0.00333533622324, 0.00141428690404, -0.00238259509206], [-6.9527697633e-05, 0.00103773293085, 0.000391227164073, -0.000710981257726, 0.00222796131857, -0.00237904582173, -0.00392147619277, 0.0139112472534, -0.00631502782926, 0.00280711683445, -0.000527743832208, 0.000752698280849, -0.000344896514434], [-7.85232623457e-06, -0.000310467177769, -0.000299508246826, 0.000408693100326, -0.00461470289156, 0.00331967254169, -0.000310732313665, -0.00631502782926, 0.0176278986037, -0.0088988635689, 0.00254710810259, -0.00145912356675, -0.000247252726695], [-3.57000244549e-05, 0.000497078057379, 0.000446252321126, -0.00144670845475, 0.00194153643679, -0.00230283243582, 0.00124212121591, 0.00280711683445, -0.0088988635689, 0.0221460349858, -0.0122494585812, 0.00570213515311, -0.00265138386749], [-7.41557778383e-06, 0.000225350624532, -3.90761415474e-05, 0.00279026757926, -0.00090682314476, 0.0014156436082, -0.00333533622324, -0.000527743832208, 0.00254710810259, -0.0122494585812, 0.0228923875839, -0.0118122817948, 0.00596568221226], [-5.57475577807e-05, -0.000242995709414, -0.000209462843486, -0.000261001172476, -0.000629555841442, -0.000427517632488, 0.00141428690404, 0.000752698280849, -0.00145912356675, 0.00570213515311, -0.0118122817948, 0.0253880433738, -0.0119927888736], [1.93259820662e-05, 0.000477160996525, 0.000375983683625, 0.000554856203962, -0.0010833669221, 0.00207316409796, -0.00238259509206, -0.000344896514434, -0.000247252726695, -0.00265138386749, 0.00596568221226, -0.0119927888736, 0.0202862229198]], "mean": [-639.197998047, 79.7628250122, -4.39474248886, 18.7009716034, 4.41273880005, 10.2320709229, 2.93715143204, 4.73316240311, 0.89010900259, 4.21733045578, 2.34896564484, -0.0268546883017, 1.03705143929]}, "spectral_contrast_valleys": {"min": [-27.8577136993, -27.8110370636, -27.7838726044, -27.6293773651, -27.4633693695, -27.3701343536], "max": [-4.85942697525, -4.9255361557, -5.4602971077, -5.3620891571, -5.45450019836, -7.38957738876], "dvar2": [0.647895872593, 0.379606992006, 0.29977786541, 0.282895326614, 0.277698010206, 0.234378769994], "median": [-7.60765314102, -6.85660934448, -7.21448612213, -7.34985494614, -7.07442903519, -9.46313667297], "dmean2": [0.889503717422, 0.669660449028, 0.564841151237, 0.492666393518, 0.412657171488, 0.421246230602], "dmean": [0.590550601482, 0.412754416466, 0.351281434298, 0.31149160862, 0.276038199663, 0.368568688631], "var": [3.19345259666, 2.72871732712, 2.41315221786, 2.43726563454, 2.50832653046, 2.44364023209], "dvar": [0.365590423346, 0.165734097362, 0.129782885313, 0.126381725073, 0.131724849343, 0.15033647418], "mean": [-7.77812719345, -7.15670347214, -7.45626831055, -7.56318283081, -7.29750728607, -9.66106510162]}, "barkbands_flatness_db": {"min": 0.0114096580073, "max": 0.379153132439, "dvar2": 0.00176132493652, "median": 0.0715843737125, "dmean2": 0.0414474792778, "dmean": 0.0246350634843, "var": 0.00160528812557, "dvar": 0.000615128374193, "mean": 0.0804553255439}, "dynamic_complexity": 4.29938745499, "erbbands_flatness_db": {"min": 0.0298917535692, "max": 0.460614562035, "dvar2": 0.000636638724245, "median": 0.114905253053, "dmean2": 0.0264011193067, "dmean": 0.0200368147343, "var": 0.00238216063008, "dvar": 0.000406688079238, "mean": 0.120677873492}