{"lowlevel": {"spectral_complexity": {"min": 0, "max": 56, "dvar2": 33.1833000183, "median": 16, "dmean2": 4.99726200104, "dmean": 3.29831671715, "var": 109.870414734, "dvar": 16.1460266113, "mean": 16.9275074005}, "silence_rate_20dB": {"min": 1, "max": 1, "dvar2": 0, "median": 1, "dmean2": 0, "dmean": 0, "var": 0, "dvar": 0, "mean": 1}, "average_loudness": 0.706345021725, "erbbands_spread": {"min": 1.75349116325, "max": 168.796417236, "dvar2": 279.540740967, "median": 30.320224762, "dmean2": 13.006321907, "dmean": 9.12174034119, "var": 536.831970215, "dvar": 155.897338867, "mean": 37.5650100708}, "spectral_kurtosis": {"min": -1.26364421844, "max": 27.6724414825, "dvar2": 6.87012290955, "median": 4.05298185349, "dmean2": 1.99335980415, "dmean": 1.26802313328, "var": 7.50889444351, "dvar": 2.65547680855, "mean": 4.30253124237}, "barkbands_kurtosis": {"min": -1.9288816452, "max": 243.354873657, "dvar2": 102.018096924, "median": 0.743096590042, "dmean2": 3.77094221115, "dmean": 2.39240813255, "var": 76.4153060913, "dvar": 44.7013549805, "mean": 2.69714403152}, "spectral_strongpeak": {"min": 0, "max": 12.1587667465, "dvar2": 2.10006713867, "median": 0.543924570084, "dmean2": 1.03273761272, "dmean": 0.62055516243, "var": 1.95786726475, "dvar": 0.876941919327, "mean": 1.16574549675}, "spectral_spread": {"min": 1655009.125, "max": 42939324, "dvar2": 2043881324540.0, "median": 5023135, "dmean2": 1035615.8125, "dmean": 811288, "var": 10350113062900.0, "dvar": 1351198572540.0, "mean": 5803167.5}, "spectral_rms": {"min": 3.18463116121e-12, "max": 0.0140019441023, "dvar2": 4.75515571452e-06, "median": 0.00346847274341, "dmean2": 0.00128409208264, "dmean": 0.000885267858393, "var": 4.9701725402e-06, "dvar": 2.16793205254e-06, "mean": 0.00378487072885}, "erbbands": {"min": [1.24033243838e-22, 9.02534322781e-22, 3.93986771994e-21, 1.21010263216e-20, 1.44204884191e-20, 4.76280547756e-20, 4.21611922578e-20, 7.13351512978e-20, 1.51925329201e-19, 2.47688145039e-19, 1.4900128451e-19, 5.40803963645e-19, 5.41068454646e-19, 9.07923883493e-19, 1.11747137672e-18, 1.80659182273e-18, 1.69147195951e-18, 2.15965504884e-18, 2.97474041968e-18, 3.50483415215e-18, 4.48169102859e-18, 4.72218800143e-18, 5.282681035e-18, 8.62066458579e-18, 8.51840520974e-18, 1.02959245291e-17, 9.32924983238e-18, 1.24681851901e-17, 1.21308452198e-17, 8.95868615285e-18, 1.21559038293e-17, 1.24431315437e-17, 1.08297935139e-17, 9.26678776997e-18, 7.27387971811e-18, 4.43048978945e-18, 2.7852565024e-18, 1.05055277536e-18, 2.79568513027e-19, 2.96105876187e-20], "max": [3.11102318764, 22.633808136, 49.4695549011, 290.697937012, 363.11026001, 100.444992065, 148.989868164, 310.499908447, 1803.82849121, 1980.38305664, 3037.8918457, 3881.57324219, 1711.45825195, 1880.13061523, 761.960754395, 582.75769043, 1173.82202148, 1250.17895508, 1719.00634766, 742.130065918, 864.13104248, 678.58996582, 539.124633789, 298.611236572, 469.122070312, 388.730438232, 276.936401367, 310.140441895, 212.812896729, 278.797271729, 151.821762085, 55.6953277588, 57.3241539001, 35.1404571533, 32.2488441467, 16.4112377167, 5.02538490295, 0.790058732033, 0.0822360515594, 0.00405622925609], "dvar2": [0.189124345779, 10.2119379044, 45.8422851562, 1005.16833496, 2652.48193359, 74.0711364746, 124.178039551, 503.439056396, 2411.5703125, 6685.46630859, 16344.734375, 10047.8242188, 7309.28320312, 4932.91992188, 1575.97265625, 2036.79077148, 2391.34350586, 8056.31787109, 3743.00952148, 1213.84313965, 3572.03564453, 810.640319824, 410.134887695, 351.316162109, 464.327514648, 296.810211182, 142.544891357, 137.46736145, 114.98664856, 73.2673721313, 29.125125885, 12.4500322342, 7.449010849, 9.10422325134, 8.81897163391, 2.47196006775, 0.260579675436, 0.00653679016978, 9.27825749386e-05, 1.85588973522e-07], "median": [0.00548650370911, 0.227249339223, 1.01418232918, 0.583724975586, 1.24181759357, 1.48142492771, 2.59634566307, 4.53859329224, 5.54533243179, 7.5568356514, 9.90185832977, 9.09806346893, 11.7602825165, 8.59750175476, 9.24349117279, 10.6289329529, 9.71682453156, 11.4863967896, 9.37802600861, 7.86159515381, 7.8595662117, 4.63109922409, 5.13122940063, 4.8254737854, 3.92577552795, 3.57578849792, 3.6178290844, 2.22123503685, 2.27979397774, 1.54063129425, 1.07513046265, 0.734624147415, 0.513120055199, 0.369613081217, 0.24524012208, 0.117779567838, 0.0345878116786, 0.00531249120831, 0.00055838766275, 4.93485495099e-05], "dmean2": [0.113602362573, 0.864609479904, 2.16336798668, 10.6046876907, 15.4560804367, 3.71080946922, 5.13561248779, 10.0746307373, 12.3174552917, 20.7759361267, 34.2339057922, 26.3132667542, 32.6154136658, 21.8429603577, 18.3803310394, 21.8257427216, 19.0014133453, 37.4995613098, 20.3678760529, 16.1651668549, 24.5862922668, 12.8017463684, 11.7763605118, 10.6035614014, 10.8989114761, 8.1103477478, 6.62879753113, 4.36463737488, 4.55321407318, 3.28215169907, 2.34595537186, 1.76449108124, 1.35960316658, 1.37953519821, 1.23661518097, 0.633217811584, 0.204237386584, 0.0328390486538, 0.00386579241604, 0.000175388850039], "dmean": [0.0691845417023, 0.52779096365, 1.22741472721, 6.31706476212, 8.78144168854, 2.14206695557, 3.0722887516, 6.0246553421, 7.98198032379, 13.4267101288, 22.4591159821, 17.43409729, 22.6083755493, 14.7926015854, 12.436378479, 14.8037033081, 12.4360742569, 24.3566093445, 13.3933610916, 10.3866119385, 15.6508550644, 8.18819713593, 7.32836437225, 6.65993356705, 7.01050138474, 5.15012645721, 4.13756418228, 2.8566827774, 2.98268604279, 2.22041320801, 1.63334095478, 1.25025904179, 0.988558828831, 1.0186457634, 0.903973281384, 0.454468488693, 0.145209774375, 0.0240833163261, 0.00278843124397, 0.000127153165522], "var": [0.0639211311936, 3.3618452549, 11.2372674942, 329.929901123, 679.471130371, 23.1365661621, 55.4844436646, 254.802337646, 2553.98486328, 5377.34667969, 14289.0595703, 6883.23974609, 11290.75, 8372.90332031, 1847.8560791, 2389.94506836, 1995.98828125, 7944.39990234, 3562.84912109, 1297.61218262, 2561.85009766, 864.611450195, 550.445251465, 388.208496094, 787.948791504, 403.393981934, 157.115570068, 127.949798584, 129.651473999, 90.2713012695, 34.2364196777, 16.4413146973, 10.5686159134, 11.1977577209, 8.68510437012, 2.26082038879, 0.242422401905, 0.00692106597126, 8.95229823072e-05, 1.71688682826e-07], "dvar": [0.0769677013159, 4.10998106003, 16.2612323761, 398.57409668, 986.109313965, 26.9317131042, 45.7089958191, 192.589996338, 1177.47241211, 2875.55078125, 7182.8125, 4288.05419922, 3804.07226562, 2196.1394043, 721.046813965, 961.335144043, 1025.60437012, 3533.56713867, 1705.26013184, 502.429870605, 1504.35144043, 351.858184814, 167.863891602, 144.154159546, 214.344192505, 130.822372437, 59.3751525879, 64.4101715088, 56.4128417969, 35.0177574158, 14.26014328, 6.42021417618, 4.14124965668, 5.04888916016, 4.63324594498, 1.27551782131, 0.131180301309, 0.00341877760366, 4.71961066069e-05, 9.34076425096e-08], "mean": [0.0660553202033, 0.591929376125, 1.63138246536, 5.23619031906, 6.94441986084, 2.79694390297, 4.8499584198, 9.108751297, 14.1729249954, 22.0785827637, 37.8845481873, 30.0349788666, 43.0297279358, 32.6230049133, 24.978143692, 28.8182373047, 23.747220993, 43.0290527344, 24.9087677002, 20.1376552582, 24.5817756653, 14.7108135223, 14.0040464401, 12.9628171921, 15.2275838852, 11.3390626907, 8.1072769165, 5.53170871735, 5.62122488022, 4.41206645966, 3.08497905731, 2.36546516418, 1.86301982403, 1.78492677212, 1.42551326752, 0.711641013622, 0.233977586031, 0.0399253852665, 0.00453093694523, 0.000217182867345]}, "zerocrossingrate": {"min": 0.00439453125, "max": 0.52197265625, "dvar2": 0.000436017377069, "median": 0.07470703125, "dmean2": 0.016278617084, "dmean": 0.0157774463296, "var": 0.00381658016704, "dvar": 0.000447479804279, "mean": 0.0881846398115}, "spectral_contrast_coeffs": {"min": [-0.973856627941, -0.981713652611, -0.984964370728, -0.984190881252, -0.981709182262, -0.978108942509], "max": [-0.225740492344, -0.322721838951, -0.417959302664, -0.515363037586, -0.586131393909, -0.618764162064], "dvar2": [0.00542926415801, 0.00378744886257, 0.00295442063361, 0.00163364433683, 0.00111089483835, 0.000718929572031], "median": [-0.668008089066, -0.766268908978, -0.762793242931, -0.794929981232, -0.795914232731, -0.778493642807], "dmean2": [0.0804801657796, 0.0748797357082, 0.0637161508203, 0.0482141859829, 0.0378556586802, 0.0271828491241], "dmean": [0.0513457991183, 0.0465626083314, 0.0407675281167, 0.0302748121321, 0.0242362990975, 0.0179580524564], "var": [0.00980966258794, 0.00731037184596, 0.00678809732199, 0.00374870444648, 0.00308461044915, 0.00245115906], "dvar": [0.00265806238167, 0.00158687552903, 0.0012981739128, 0.000701579556335, 0.000502176524606, 0.00037531479029], "mean": [-0.665952324867, -0.752448737621, -0.751710474491, -0.785811066628, -0.788080573082, -0.775522649288]}, "dissonance": {"min": 0.242315217853, "max": 0.500000119209, "dvar2": 0.000937319418881, "median": 0.471954107285, "dmean2": 0.0315660350025, "dmean": 0.0188717376441, "var": 0.000761911738664, "dvar": 0.000358733785106, "mean": 0.465243905783}, "spectral_energyband_high": {"min": 7.19591799062e-21, "max": 0.0162839312106, "dvar2": 1.15081274998e-06, "median": 0.000451861764304, "dmean2": 0.00056544324616, "dmean": 0.000431889056927, "var": 1.96323753698e-06, "dvar": 6.79640379531e-07, "mean": 0.00097712315619}, "spectral_skewness": {"min": -0.450922399759, "max": 4.17695808411, "dvar2": 0.100568383932, "median": 1.59844207764, "dmean2": 0.284895300865, "dmean": 0.187116354704, "var": 0.205065712333, "dvar": 0.0437300093472, "mean": 1.61187267303}, "spectral_flux": {"min": 6.42061889766e-11, "max": 0.403150975704, "dvar2": 0.00451292516664, "median": 0.0540153793991, "dmean2": 0.0452934540808, "dmean": 0.0294351391494, "var": 0.00370790972374, "dvar": 0.00202817283571, "mean": 0.0720292180777}, "silence_rate_30dB": {"min": 0, "max": 1, "dvar2": 0.0228574890643, "median": 1, "dmean2": 0.0162255354226, "dmean": 0.00811194442213, "var": 0.00494269700721, "dvar": 0.00804630853236, "mean": 0.995031952858}, "spectral_energyband_middle_high": {"min": 1.13362305965e-21, "max": 0.0571228154004, "dvar2": 1.54969275172e-05, "median": 0.00300189084373, "dmean2": 0.00248258886859, "dmean": 0.00171725742985, "var": 4.17825940531e-05, "dvar": 7.59529712013e-06, "mean": 0.00542888557538}, "barkbands_spread": {"min": 0.374942719936, "max": 111.055030823, "dvar2": 159.194458008, "median": 23.8690395355, "dmean2": 10.0068864822, "dmean": 6.8556303978, "var": 261.961730957, "dvar": 78.3994140625, "mean": 27.015209198}, "spectral_centroid": {"min": 154.601333618, "max": 11952.8115234, "dvar2": 222049.6875, "median": 1435.85974121, "dmean2": 378.292053223, "dmean": 247.040054321, "var": 687464.1875, "dvar": 106187.710938, "mean": 1486.84411621}, "pitch_salience": {"min": 0.103069834411, "max": 0.880596876144, "dvar2": 0.0156820360571, "median": 0.576865136623, "dmean2": 0.122916720808, "dmean": 0.0765337646008, "var": 0.0131288887933, "dvar": 0.00624394323677, "mean": 0.563991308212}, "erbbands_skewness": {"min": -4.42173576355, "max": 9.78359413147, "dvar2": 0.354734122753, "median": 0.476963192225, "dmean2": 0.518646776676, "dmean": 0.346699744463, "var": 0.608543515205, "dvar": 0.168697282672, "mean": 0.547904491425}, "erbbands_crest": {"min": 2.20161533356, "max": 33.2594337463, "dvar2": 17.9234580994, "median": 7.52036523819, "dmean2": 4.15956687927, "dmean": 2.61931085587, "var": 23.2429580688, "dvar": 7.62671518326, "mean": 8.89604568481}, "melbands": {"min": [1.67590028326e-24, 1.53055276008e-24, 1.9816935357e-24, 2.29947905162e-24, 1.99295787778e-24, 1.54296913491e-24, 2.09571194107e-24, 2.81914393395e-24, 8.92082467201e-25, 3.0093901658e-24, 2.75050218836e-24, 2.82820262094e-24, 3.35821558341e-24, 3.35471856301e-24, 3.84335281277e-24, 2.73057733683e-24, 3.49777927704e-24, 4.86054004068e-24, 4.07832331643e-24, 3.79404308974e-24, 5.31197239901e-24, 4.91816435765e-24, 3.7481073248e-24, 6.50217141736e-24, 6.44361663895e-24, 5.30746129792e-24, 5.41559795638e-24, 5.87772687415e-24, 4.93666787905e-24, 5.86828184254e-24, 6.68946632335e-24, 6.43396847564e-24, 7.15028336544e-24, 3.76180352783e-24, 6.9047985292e-24, 6.13785967411e-24, 7.75891558623e-24, 6.99449516957e-24, 7.84703292706e-24, 7.09975130243e-24], "max": [0.0288386195898, 0.0259831491858, 0.0427640415728, 0.0153706381097, 0.00412300182506, 0.00762995053083, 0.0235674344003, 0.0196885485202, 0.0201347637922, 0.0211984664202, 0.00868046097457, 0.00742792291567, 0.00192441546824, 0.00279005337507, 0.00308094965294, 0.00294577446766, 0.00220736209303, 0.00298851542175, 0.00118062051479, 0.000949340697844, 0.00113690295257, 0.000877425482031, 0.000430837419117, 0.000504845520481, 0.000264321337454, 0.000273781450232, 0.000413981470047, 0.000197119414224, 0.000158188064233, 9.12232208066e-05, 0.000256091618212, 0.000122899960843, 0.000119082418678, 0.000203862349736, 9.38070370466e-05, 4.92002836836e-05, 4.21072254539e-05, 5.10449754074e-05, 3.73157345166e-05, 3.49644978996e-05], "dvar2": [1.51492386067e-05, 1.26502418425e-05, 4.25620819442e-05, 3.80288793167e-06, 1.12978973732e-07, 2.56895134498e-07, 4.87595514187e-07, 8.12307632714e-07, 9.45731414959e-07, 4.02469481742e-07, 1.95071990561e-07, 8.90200340109e-08, 1.73407848081e-08, 4.51382540234e-08, 1.39911762176e-08, 2.11611919099e-08, 2.82009384733e-08, 1.54207953074e-08, 4.91544893677e-09, 2.28226526566e-09, 5.91420912244e-09, 1.20616239219e-09, 2.81538958813e-10, 9.18825182605e-10, 2.62491334224e-10, 2.43036896164e-10, 5.71589164888e-10, 1.40539302418e-10, 9.76451627888e-11, 2.53708790088e-11, 6.95803484274e-11, 5.13148031012e-11, 2.69965404198e-11, 3.00097689754e-11, 1.42323392655e-11, 5.66068936517e-12, 5.37942997439e-12, 4.28595830701e-12, 4.43342671602e-12, 8.74458665201e-12], "median": [0.000126611863379, 0.000484903983306, 0.000138650895678, 0.000101727331639, 8.68160204845e-05, 0.000104158505565, 8.38958003442e-05, 9.14889169508e-05, 7.43890195736e-05, 5.60415282962e-05, 5.42422458238e-05, 3.18926468026e-05, 2.37438143813e-05, 3.17529229505e-05, 1.69628456206e-05, 2.1563269911e-05, 1.99110054382e-05, 1.27830317069e-05, 1.0362275134e-05, 7.97876964498e-06, 7.755435945e-06, 3.73607485926e-06, 3.4162949305e-06, 4.62458774564e-06, 3.26235431203e-06, 2.74791773336e-06, 2.42545843321e-06, 1.83657027719e-06, 2.43583804149e-06, 1.26885117879e-06, 1.14675844998e-06, 1.2652614032e-06, 9.6782628134e-07, 7.41167923479e-07, 5.54422001642e-07, 5.69641827042e-07, 3.69720766003e-07, 3.65012709835e-07, 2.83472530782e-07, 3.12248431555e-07], "dmean2": [0.00102770992089, 0.00108451256528, 0.00213302508928, 0.000625318498351, 0.000159306800924, 0.000222386748646, 0.000189289828995, 0.000258642452536, 0.00026630848879, 0.000190630424186, 0.000168977770954, 9.50619069044e-05, 5.5193042499e-05, 9.66269362834e-05, 4.08214364143e-05, 6.30554786767e-05, 6.88383661327e-05, 3.97010371671e-05, 3.0794984923e-05, 1.92938168766e-05, 3.10788382194e-05, 1.46798456626e-05, 9.20440834307e-06, 1.48802037074e-05, 8.84421933733e-06, 8.28437350719e-06, 1.06548986878e-05, 5.2181603678e-06, 5.34714763489e-06, 2.47069033321e-06, 2.87219904749e-06, 3.06766492031e-06, 2.25391340791e-06, 1.89109596249e-06, 1.49838638208e-06, 1.22323024243e-06, 1.13081330255e-06, 1.01972443645e-06, 1.02103638255e-06, 1.31058334318e-06], "dmean": [0.000634622410871, 0.000639965524897, 0.00125260720961, 0.000354498100933, 9.53929993557e-05, 0.000133868074045, 0.000122433819342, 0.000167592981597, 0.000173908774741, 0.000128187355585, 0.000117173847684, 6.46031330689e-05, 3.68962828361e-05, 6.66313499096e-05, 2.66977640422e-05, 4.18560266553e-05, 4.4621345296e-05, 2.56464481936e-05, 1.99096975848e-05, 1.21488628793e-05, 1.98048110178e-05, 9.31856448005e-06, 5.77218725084e-06, 9.23420066101e-06, 5.55136102776e-06, 5.26783742316e-06, 6.77355455991e-06, 3.29677232003e-06, 3.29914655595e-06, 1.58795387506e-06, 1.85668500308e-06, 1.96668383978e-06, 1.46399111145e-06, 1.26054533212e-06, 1.01138198261e-06, 8.43306850129e-07, 7.80607933848e-07, 7.17615364465e-07, 7.2702317766e-07, 9.49729383137e-07], "var": [5.33703814654e-06, 3.59586874765e-06, 1.30027065097e-05, 9.65979666034e-07, 5.18567055963e-08, 1.35935280809e-07, 5.12504527705e-07, 7.02195734448e-07, 7.80222478625e-07, 3.64172507261e-07, 3.02010732867e-07, 1.36668575124e-07, 2.67749005189e-08, 5.49777361414e-08, 1.26250592203e-08, 2.19475158048e-08, 2.63709445392e-08, 1.23448460343e-08, 5.47457590372e-09, 1.42507217138e-09, 4.13355216722e-09, 1.17601017813e-09, 3.78551051616e-10, 7.09403646937e-10, 2.53995408039e-10, 2.77773831714e-10, 8.23826784568e-10, 1.36363781378e-10, 9.24647719502e-11, 2.18445539435e-11, 5.87563192544e-11, 4.94386857841e-11, 2.9952960251e-11, 2.897997467e-11, 1.34698944707e-11, 7.22521695251e-12, 6.02272572092e-12, 5.33410425205e-12, 5.26665516754e-12, 9.38504655934e-12], "dvar": [6.26442033536e-06, 4.75841170555e-06, 1.65947167261e-05, 1.40302222462e-06, 4.12867038335e-08, 1.00825147342e-07, 2.35552647609e-07, 3.56968627102e-07, 4.0361717879e-07, 1.86129540225e-07, 1.01296336652e-07, 4.05720932406e-08, 7.78291564529e-09, 2.24201741617e-08, 6.36623553874e-09, 9.89677850782e-09, 1.22943530911e-08, 6.81050638107e-09, 2.15113948876e-09, 8.98600860388e-10, 2.50929432788e-09, 5.37479338814e-10, 1.19123017006e-10, 3.6220695887e-10, 1.0769080766e-10, 1.06077119311e-10, 2.51164811171e-10, 5.92950410994e-11, 3.91704134406e-11, 1.08286053735e-11, 3.26376217719e-11, 2.38308522221e-11, 1.27290842797e-11, 1.34426402301e-11, 6.52100075327e-12, 2.84859657564e-12, 2.6435245052e-12, 2.24969890807e-12, 2.31898831735e-12, 4.60834669036e-12], "mean": [0.000648620305583, 0.000831813726109, 0.00101990776602, 0.000324277323671, 0.000155468020239, 0.000204274387215, 0.000220862479182, 0.000279064872302, 0.000291423784802, 0.000216452914174, 0.000219380526687, 0.000133714303956, 7.62988129281e-05, 0.000117508629046, 4.45245932497e-05, 7.22861223039e-05, 7.63420757721e-05, 4.09630665672e-05, 3.46037595591e-05, 2.0226550987e-05, 2.89826839435e-05, 1.46809916259e-05, 1.01481791717e-05, 1.52096799866e-05, 9.82288293017e-06, 9.6535341072e-06, 1.32707700686e-05, 5.94574066781e-06, 5.94049060965e-06, 2.84807333628e-06, 3.28729538523e-06, 3.39722760145e-06, 2.66560482487e-06, 2.34507274399e-06, 1.77257322775e-06, 1.56177429744e-06, 1.38550024076e-06, 1.27901444102e-06, 1.28104386476e-06, 1.57523413691e-06]}, "spectral_entropy": {"min": 4.91468763351, "max": 9.81844139099, "dvar2": 0.0762094855309, "median": 7.72969484329, "dmean2": 0.251258283854, "dmean": 0.174220323563, "var": 0.194473564625, "dvar": 0.0395270176232, "mean": 7.70762348175}, "spectral_rolloff": {"min": 86.1328125, "max": 19293.75, "dvar2": 4532729.5, "median": 1485.79101562, "dmean2": 1180.78942871, "dmean": 739.269104004, "var": 6127915.5, "dvar": 2311732.75, "mean": 2188.24780273}, "barkbands": {"min": [2.27806709868e-25, 5.25326694816e-24, 1.73897168479e-24, 1.36808833577e-24, 1.49167759607e-23, 5.10934755905e-24, 9.73205944744e-24, 1.32287445744e-23, 2.41982704023e-23, 2.21284429597e-23, 2.46801729076e-23, 4.41959511477e-23, 2.33743130754e-23, 5.34592923222e-23, 5.62750776808e-23, 7.44497324286e-23, 8.61322449422e-23, 1.09487279835e-22, 1.51635019906e-22, 2.16136831356e-22, 2.63856226582e-22, 3.91697838435e-22, 3.72074538453e-22, 6.3950113687e-22, 8.88216181807e-22, 1.41049299206e-21, 2.03181306863e-21], "max": [0.00245536025614, 0.0998824387789, 0.0652553588152, 0.106419399381, 0.0522868819535, 0.0318520441651, 0.10133317858, 0.126482918859, 0.150727167726, 0.0339721627533, 0.0272027738392, 0.0197438355535, 0.0235750693828, 0.0324459820986, 0.0249538440257, 0.012580559589, 0.00977874360979, 0.00807541329414, 0.00685541704297, 0.0076615200378, 0.00595177756622, 0.00522707542405, 0.00762573070824, 0.00338854384609, 0.00423503387719, 0.00265976996161, 0.000483922631247], "dvar2": [8.99377283758e-08, 0.000191951738088, 4.13997440774e-05, 0.000318463571602, 3.74548108084e-05, 5.72313001612e-06, 1.44041550811e-05, 2.93627290375e-05, 2.65138332907e-05, 4.83642043037e-06, 1.64047264661e-06, 2.37957488025e-06, 1.36208734602e-06, 3.43631222677e-06, 1.03421734821e-06, 9.25923529849e-07, 2.06594350516e-07, 2.15265401948e-07, 1.52819069399e-07, 1.97912655153e-07, 6.8155806332e-08, 7.52008233462e-08, 4.52522677108e-08, 2.52248746335e-08, 1.0472783174e-07, 8.36618596622e-08, 3.09154790656e-09], "median": [3.23476560879e-05, 0.000790278019849, 0.00073518382851, 0.00014286863734, 0.000538878375664, 0.000505887379404, 0.000358319055522, 0.000405925617088, 0.000449563580332, 0.00022369340877, 0.000125964768813, 0.000284051231574, 0.000191200349946, 0.000244722701609, 0.000131919368869, 0.000127210660139, 5.99938830419e-05, 9.5331139164e-05, 6.97050127201e-05, 7.49982937123e-05, 7.76875531301e-05, 6.0509883042e-05, 3.92699366785e-05, 3.04820350721e-05, 3.48542780557e-05, 2.14166830119e-05, 3.15883744406e-06], "dmean2": [8.97022619029e-05, 0.0037272432819, 0.00203637895174, 0.00558145996183, 0.0020283437334, 0.00107258313801, 0.00101200444624, 0.00151612958871, 0.0016063451767, 0.000772580329794, 0.000447168888059, 0.000734365661629, 0.000471707433462, 0.000774484477006, 0.000366207328625, 0.000407081301091, 0.000211057355045, 0.000253471545875, 0.000205398755497, 0.000213957115193, 0.000133968729642, 0.000118843636301, 8.43081361381e-05, 7.73788124206e-05, 0.000140418342198, 0.000117004972708, 2.25890216825e-05], "dmean": [5.6072123698e-05, 0.0023025511764, 0.00114235980436, 0.00329532870091, 0.00112915481441, 0.000638861034531, 0.000662897538859, 0.000989567255601, 0.00108358846046, 0.000527025258634, 0.000292316952255, 0.000504280207679, 0.000301102409139, 0.000500896712765, 0.000234513470787, 0.000258447980741, 0.000133248046041, 0.000158229304361, 0.000128908854094, 0.000135880109156, 8.54775498738e-05, 7.8489050793e-05, 5.83745168115e-05, 5.64692054468e-05, 0.00010689872579, 8.45201502671e-05, 1.64601915458e-05], "var": [3.51492666084e-08, 6.81173260091e-05, 1.11800827653e-05, 9.77466625045e-05, 8.69932409842e-06, 2.69510860562e-06, 1.41767077366e-05, 2.73460973403e-05, 2.59743337665e-05, 5.26529402123e-06, 3.82199732485e-06, 2.95377230941e-06, 1.16587023058e-06, 3.00840019918e-06, 8.99991221104e-07, 6.38204085135e-07, 2.07114311479e-07, 2.20140563556e-07, 1.48213061379e-07, 2.92642482691e-07, 7.15184356181e-08, 9.37154993608e-08, 5.0436497645e-08, 3.58177878468e-08, 1.26325673477e-07, 8.14600227272e-08, 3.14008063995e-09], "dvar": [3.77554130182e-08, 7.95300802565e-05, 1.48378785525e-05, 0.000124825543026, 1.33450930662e-05, 2.18517448047e-06, 6.69602923153e-06, 1.31532260639e-05, 1.24464886539e-05, 2.42223632085e-06, 7.34491493404e-07, 1.17060858429e-06, 6.00755640789e-07, 1.45755075209e-06, 4.51986750249e-07, 3.82764596907e-07, 8.94492870884e-08, 8.67865992404e-08, 6.37648298607e-08, 8.48369694495e-08, 3.09615337812e-08, 3.71988448933e-08, 2.1670246042e-08, 1.36631612691e-08, 5.89767559234e-08, 4.35339018168e-08, 1.61459046133e-09], "mean": [7.77751338319e-05, 0.0025224131532, 0.00140467123128, 0.00252982531674, 0.00120939011686, 0.000961046491284, 0.00112546165474, 0.00160259974655, 0.00184356083628, 0.000864109373651, 0.000614407123066, 0.000929434783757, 0.000519390800036, 0.000864567002282, 0.000407432962675, 0.000400044315029, 0.000217746579438, 0.000280761771137, 0.000230138350162, 0.000286513270112, 0.000165812612977, 0.000153831671923, 0.000112361762149, 0.000109441069071, 0.000181629016879, 0.000136754417326, 2.67356408585e-05]}, "melbands_flatness_db": {"min": 0.00367598002777, "max": 0.485654324293, "dvar2": 0.00175935239531, "median": 0.157701507211, "dmean2": 0.0374647043645, "dmean": 0.0250931791961, "var": 0.00367407337762, "dvar": 0.000783836178016, "mean": 0.167220875621}, "melbands_skewness": {"min": -2.16935992241, "max": 13.8420591354, "dvar2": 2.34638428688, "median": 1.58221769333, "dmean2": 1.11610758305, "dmean": 0.753754079342, "var": 2.83148050308, "dvar": 1.10703444481, "mean": 2.01716399193}, "barkbands_skewness": {"min": -5.56377649307, "max": 10.7781295776, "dvar2": 0.848067939281, "median": 0.939938604832, "dmean2": 0.744992673397, "dmean": 0.501442968845, "var": 1.14186370373, "dvar": 0.38416787982, "mean": 1.09634387493}, "silence_rate_60dB": {"min": 0, "max": 1, "dvar2": 0.0587391555309, "median": 0, "dmean2": 0.0576006472111, "dmean": 0.0287974048406, "var": 0.12020303309, "dvar": 0.0279653128237, "mean": 0.139714077115}, "spectral_energyband_low": {"min": 1.98805759217e-23, "max": 0.143277257681, "dvar2": 0.000404483260354, "median": 0.00209466810338, "dmean2": 0.0072415326722, "dmean": 0.00455986801535, "var": 0.000150233579916, "dvar": 0.000167287289514, "mean": 0.00517117977142}, "spectral_energyband_middle_low": {"min": 1.343202551e-22, "max": 0.15622125566, "dvar2": 0.000605937675573, "median": 0.00456921011209, "dmean2": 0.0104332482442, "dmean": 0.00642836466432, "var": 0.000249270582572, "dvar": 0.000240220164414, "mean": 0.00942243915051}, "melbands_kurtosis": {"min": -1.91998505592, "max": 414.279083252, "dvar2": 605.342590332, "median": 3.84973812103, "dmean2": 10.8933916092, "dmean": 6.96314430237, "var": 418.361083984, "dvar": 261.474060059, "mean": 9.84036064148}, "spectral_decrease": {"min": -5.18707494734e-08, "max": 1.92967046145e-28, "dvar2": 6.94096516416e-17, "median": -2.88575963125e-09, "dmean2": 3.97428268073e-09, "dmean": 2.54128584842e-09, "var": 3.40617888475e-17, "dvar": 2.831741654e-17, "mean": -4.73485073371e-09}, "erbbands_kurtosis": {"min": -1.79037833214, "max": 122.792434692, "dvar2": 21.6092700958, "median": 0.0816917419434, "dmean2": 1.70957541466, "dmean": 1.11487674713, "var": 18.5117206573, "dvar": 10.2068805695, "mean": 0.834016144276}, "melbands_crest": {"min": 1.74792850018, "max": 33.5750732422, "dvar2": 32.8952484131, "median": 11.7247753143, "dmean2": 5.5132484436, "dmean": 3.47560667992, "var": 33.7809486389, "dvar": 14.7939538956, "mean": 13.0135164261}, "gfcc": {"cov": [[15487.8359375, -713.959777832, -421.989471436, 240.672912598, -249.165985107, 135.974960327, -391.561645508, 98.6221389771, -197.297195435, 142.473526001, -239.348434448, -136.969528198, -299.573486328], [-713.959777832, 2176.97827148, -425.104187012, 288.480621338, 114.997833252, -65.8908996582, 135.449783325, -221.840377808, 188.008010864, -41.10779953, 133.571640015, -38.7100868225, 114.047897339], [-421.989471436, -425.104187012, 1356.35253906, -68.1101074219, 102.108863831, 103.474731445, -205.244125366, -51.528087616, -152.875, -35.5488395691, -85.6627731323, 72.5609130859, -52.4856109619], [240.672912598, 288.480621338, -68.1101074219, 346.442321777, 54.3794631958, 59.4554977417, 34.8770103455, -53.5681152344, 45.8837356567, -39.5980148315, -2.54721403122, -40.1417999268, 8.58404922485], [-249.165985107, 114.997833252, 102.108863831, 54.3794631958, 215.268661499, 36.9637031555, 37.9053230286, 1.59637820721, -16.6667041779, 2.31909799576, -21.4869022369, -8.1950712204, 1.48219120502], [135.974960327, -65.8908996582, 103.474731445, 59.4554977417, 36.9637031555, 184.638870239, 45.6434593201, 32.3106880188, 11.023314476, 12.8906755447, 3.11767578125, 4.67673063278, -1.41097199917], [-391.561645508, 135.449783325, -205.244125366, 34.8770103455, 37.9053230286, 45.6434593201, 172.584457397, 55.9793663025, 47.6127166748, -4.14145183563, 14.4256458282, -14.8926877975, 25.0984458923], [98.6221389771, -221.840377808, -51.528087616, -53.5681152344, 1.59637820721, 32.3106880188, 55.9793663025, 156.909179688, 34.7672805786, 36.6236801147, -7.38629484177, 5.62004947662, 5.36712312698], [-197.297195435, 188.008010864, -152.875, 45.8837356567, -16.6667041779, 11.023314476, 47.6127166748, 34.7672805786, 137.351837158, 52.3588981628, 39.8695335388, -11.756146431, 18.0186634064], [142.473526001, -41.10779953, -35.5488395691, -39.5980148315, 2.31909799576, 12.8906755447, -4.14145183563, 36.6236801147, 52.3588981628, 108.851333618, 44.6862106323, 19.0798988342, -4.6036863327], [-239.348434448, 133.571640015, -85.6627731323, -2.54721403122, -21.4869022369, 3.11767578125, 14.4256458282, -7.38629484177, 39.8695335388, 44.6862106323, 98.1849365234, 41.4771118164, 22.9185199738], [-136.969528198, -38.7100868225, 72.5609130859, -40.1417999268, -8.1950712204, 4.67673063278, -14.8926877975, 5.62004947662, -11.756146431, 19.0798988342, 41.4771118164, 105.665420532, 45.1638908386], [-299.573486328, 114.047897339, -52.4856109619, 8.58404922485, 1.48219120502, -1.41097199917, 25.0984458923, 5.36712312698, 18.0186634064, -4.6036863327, 22.9185199738, 45.1638908386, 91.3055267334]], "icov": [[0.000102378013253, -6.49216963211e-05, 0.000126746905153, -0.00017706505605, 0.000181062772754, -0.000191218961845, 0.00035322282929, -0.000240982466494, 0.000390014989534, -0.000398963748012, 0.000434581859736, -0.000134204688948, 0.000277892133454], [-6.49216963211e-05, 0.00101366313174, -3.76208517991e-05, -1.14481681521e-05, -0.000817586784251, 0.000502355047502, -0.000695241556969, 0.00168631796259, -0.00165925722104, 0.00102379231248, -0.00136182887945, 0.000615059921984, -0.00097002228722], [0.000126746905153, -3.76208517991e-05, 0.00149358960334, 9.80949116638e-05, -0.000582914275583, -0.00136762554757, 0.00207383953966, -0.000118372568977, 0.000500219408423, 0.000126806975459, 0.00139119278174, -0.00147578329779, 0.00102587998845], [-0.00017706505605, -1.14481681521e-05, 9.80949116638e-05, 0.00473628006876, -0.00150811811909, -0.00155943294521, 4.89126541652e-05, 0.0019533529412, -0.0030739440117, 0.00315495510586, -0.000826903095003, 0.00103129190393, -0.000620288134087], [0.000181062772754, -0.000817586784251, -0.000582914275583, -0.00150811811909, 0.00697753019631, -0.000356602977263, -0.00183791818563, -0.00102031382266, 0.00365772214718, -0.00414177868515, 0.00310727255419, -2.23321239901e-05, 0.000168844781001], [-0.000191218961845, 0.000502355047502, -0.00136762554757, -0.00155943294521, -0.000356602977263, 0.00816302746534, -0.00381131703034, -0.000279834668618, -0.000415785383666, -0.000748934806325, -0.00170770648401, 0.00028826034395, -0.000368011678802], [0.00035322282929, -0.000695241556969, 0.00207383953966, 4.89126541652e-05, -0.00183791818563, -0.00381131703034, 0.0127996867523, -0.00486763194203, -0.000315555371344, 0.00274844281375, -0.000219002133235, 0.000446117221145, -1.13576070362e-05], [-0.000240982466494, 0.00168631796259, -0.000118372568977, 0.0019533529412, -0.00102031382266, -0.000279834668618, -0.00486763194203, 0.0128748333082, -0.00501207727939, -0.00111158646178, 0.00173926213756, -0.000594105746131, -0.0017648715293], [0.000390014989534, -0.00165925722104, 0.000500219408423, -0.0030739440117, 0.00365772214718, -0.000415785383666, -0.000315555371344, -0.00501207727939, 0.0175425242633, -0.00959606282413, 0.000314805860398, 0.00301519944333, -0.00127195694949], [-0.000398963748012, 0.00102379231248, 0.000126806975459, 0.00315495510586, -0.00414177868515, -0.000748934806325, 0.00274844281375, -0.00111158646178, -0.00959606282413, 0.0205739382654, -0.00909554585814, -0.00106559775304, 0.00229522422887], [0.000434581859736, -0.00136182887945, 0.00139119278174, -0.000826903095003, 0.00310727255419, -0.00170770648401, -0.000219002133235, 0.00173926213756, 0.000314805860398, -0.00909554585814, 0.0225364658982, -0.00913169234991, 0.00222484068945], [-0.000134204688948, 0.000615059921984, -0.00147578329779, 0.00103129190393, -2.23321239901e-05, 0.00028826034395, 0.000446117221145, -0.000594105746131, 0.00301519944333, -0.00106559775304, -0.00913169234991, 0.0194862242788, -0.0102321654558], [0.000277892133454, -0.00097002228722, 0.00102587998845, -0.000620288134087, 0.000168844781001, -0.000368011678802, -1.13576070362e-05, -0.0017648715293, -0.00127195694949, 0.00229522422887, 0.00222484068945, -0.0102321654558, 0.0186916869134]], "mean": [-21.5480709076, 63.5769424438, -113.185287476, 11.4739122391, -56.2838592529, 13.4235982895, -31.8095569611, 10.3180532455, -22.8693256378, 7.38057327271, -18.070854187, -0.697047054768, -14.4152231216]}, "melbands_spread": {"min": 0.471546858549, "max": 302.842987061, "dvar2": 264.737030029, "median": 25.5836753845, "dmean2": 11.7367143631, "dmean": 7.77463674545, "var": 432.948699951, "dvar": 133.407409668, "mean": 28.8699111938}, "spectral_energy": {"min": 1.03954227116e-20, "max": 0.200955793262, "dvar2": 0.00105717487168, "median": 0.0123310601339, "dmean2": 0.0156693477184, "dmean": 0.0101179024205, "var": 0.000553441350348, "dvar": 0.00043385848403, "mean": 0.0197778698057}, "mfcc": {"cov": [[11368.4316406, -261.487121582, -526.133239746, 188.752624512, -46.0157165527, 30.7418498993, -84.5489349365, -114.66645813, -33.7407798767, 115.092498779, 131.697769165, 46.4220809937, -91.7794036865], [-261.487121582, 1540.61889648, -123.147621155, 201.968292236, 27.1413822174, 152.390487671, -37.5873336792, -30.2577629089, -13.22057724, -11.0014762878, -18.5574626923, 39.1814422607, 52.031829834], [-526.133239746, -123.147621155, 852.867248535, -48.0931167603, 219.39630127, 51.263584137, 5.1165304184, -9.30889987946, -30.4661140442, -123.304138184, -47.9409561157, -31.6888656616, -28.5383224487], [188.752624512, 201.968292236, -48.0931167603, 234.70916748, 40.1715126038, 65.9696121216, -12.997625351, 8.10151767731, 2.98125481606, -8.6144990921, -17.0289115906, 0.046647336334, -27.0253334045], [-46.0157165527, 27.1413822174, 219.39630127, 40.1715126038, 196.6118927, 55.7104492188, 26.1637649536, -10.7398643494, 4.63866376877, -34.5832138062, -17.3564071655, 0.801341593266, -13.3739824295], [30.7418498993, 152.390487671, 51.263584137, 65.9696121216, 55.7104492188, 169.225372314, 30.778470993, 19.6804504395, 4.45383405685, 2.61577677727, 5.24945688248, 8.17807769775, -7.23299360275], [-84.5489349365, -37.5873336792, 5.1165304184, -12.997625351, 26.1637649536, 30.778470993, 116.55721283, 47.2601852417, 24.91705513, 10.6374759674, -0.326235204935, -8.82302951813, -10.0606660843], [-114.66645813, -30.2577629089, -9.30889987946, 8.10151767731, -10.7398643494, 19.6804504395, 47.2601852417, 99.8182067871, 45.416343689, 16.7348480225, -0.57399982214, -6.29015779495, -8.58718776703], [-33.7407798767, -13.22057724, -30.4661140442, 2.98125481606, 4.63866376877, 4.45383405685, 24.91705513, 45.416343689, 99.6939239502, 50.8055801392, 9.35976600647, 4.06003141403, -9.95644569397], [115.092498779, -11.0014762878, -123.304138184, -8.6144990921, -34.5832138062, 2.61577677727, 10.6374759674, 16.7348480225, 50.8055801392, 120.806442261, 61.2727813721, 16.0354766846, -11.1432933807], [131.697769165, -18.5574626923, -47.9409561157, -17.0289115906, -17.3564071655, 5.24945688248, -0.326235204935, -0.57399982214, 9.35976600647, 61.2727813721, 97.8351593018, 36.9587669373, 2.08675336838], [46.4220809937, 39.1814422607, -31.6888656616, 0.046647336334, 0.801341593266, 8.17807769775, -8.82302951813, -6.29015779495, 4.06003141403, 16.0354766846, 36.9587669373, 83.584312439, 36.573589325], [-91.7794036865, 52.031829834, -28.5383224487, -27.0253334045, -13.3739824295, -7.23299360275, -10.0606660843, -8.58718776703, -9.95644569397, -11.1432933807, 2.08675336838, 36.573589325, 99.4809875488]], "icov": [[9.68576714513e-05, 3.69877561752e-05, 7.19016825315e-05, -7.45890574763e-05, -3.67872489733e-05, -4.57761743746e-05, 4.57868154626e-05, 0.000115072012704, 1.84881555469e-05, 5.3486219258e-06, -0.000103639329609, -2.04664411285e-05, 8.88143258635e-05], [3.69877561752e-05, 0.000844275637064, 0.000134444097057, -0.00058330752654, 3.58991383109e-05, -0.000695252732839, 0.00021415676747, 0.000385686318623, -7.93009166955e-05, 2.14458509618e-06, 0.000178295231308, -0.000106514111394, -0.000490405247547], [7.19016825315e-05, 0.000134444097057, 0.00219059619121, 0.00099248404149, -0.00232913345098, -0.000526487070601, 0.000920909398701, -0.000559285166673, -2.96612561215e-05, 0.00189835077617, -0.000589850882534, 0.000476432353025, 0.000634401396383], [-7.45890574763e-05, -0.00058330752654, 0.00099248404149, 0.00634640874341, -0.00181315664668, -0.00174104352482, 0.00194244668819, -0.00148415460717, 0.000145804602653, 0.000720993615687, 0.00107776676305, -0.000637964578345, 0.00225035496987], [-3.67872489733e-05, 3.58991383109e-05, -0.00232913345098, -0.00181315664668, 0.00929609872401, -0.00144264649134, -0.00285168155096, 0.00336787407286, -0.00230230623856, 0.000949698616751, 0.000427081191447, -0.00124649133068, 0.000258988700807], [-4.57761743746e-05, -0.000695252732839, -0.000526487070601, -0.00174104352482, -0.00144264649134, 0.00841427966952, -0.00193330610637, -0.00150513334665, 0.00125659944024, -0.00104049942456, -0.000604323286097, -0.000579035957344, 2.45582850766e-05], [4.57868154626e-05, 0.00021415676747, 0.000920909398701, 0.00194244668819, -0.00285168155096, -0.00193330610637, 0.0124325556681, -0.00563967227936, 4.16853908973e-05, -0.000172995773028, 5.4278443713e-05, 0.00109296094161, 0.000550509779714], [0.000115072012704, 0.000385686318623, -0.000559285166673, -0.00148415460717, 0.00336787407286, -0.00150513334665, -0.00563967227936, 0.0166530013084, -0.00707010598853, 0.0014766745735, -0.000334019976435, 0.000617011508439, -0.000210755024455], [1.84881555469e-05, -7.93009166955e-05, -2.96612561215e-05, 0.000145804602653, -0.00230230623856, 0.00125659944024, 4.16853908973e-05, -0.00707010598853, 0.0175526347011, -0.00886883307248, 0.00399399362504, -0.00179475476034, 0.000604758388363], [5.3486219258e-06, 2.14458509618e-06, 0.00189835077617, 0.000720993615687, 0.000949698616751, -0.00104049942456, -0.000172995773028, 0.0014766745735, -0.00886883307248, 0.0194882825017, -0.0106799677014, 0.00149432767648, 0.00187624408863], [-0.000103639329609, 0.000178295231308, -0.000589850882534, 0.00107776676305, 0.000427081191447, -0.000604323286097, 5.4278443713e-05, -0.000334019976435, 0.00399399362504, -0.0106799677014, 0.0195796824992, -0.00769385509193, 0.00154615542851], [-2.04664411285e-05, -0.000106514111394, 0.000476432353025, -0.000637964578345, -0.00124649133068, -0.000579035957344, 0.00109296094161, 0.000617011508439, -0.00179475476034, 0.00149432767648, -0.00769385509193, 0.0185833759606, -0.00672860722989], [8.88143258635e-05, -0.000490405247547, 0.000634401396383, 0.00225035496987, 0.000258988700807, 2.45582850766e-05, 0.000550509779714, -0.000210755024455, 0.000604758388363, 0.00187624408863, 0.00154615542851, -0.00672860722989, 0.0139700165018]], "mean": [-668.688476562, 108.855384827, -3.23945641518, 7.12210893631, -3.66435432434, 3.66344070435, 1.40588200092, 1.09848594666, 1.15628492832, 4.87173461914, 3.43055057526, -1.19923067093, 0.473833054304]}, "spectral_contrast_valleys": {"min": [-28.4022388458, -27.971736908, -27.7251243591, -27.6455059052, -27.5072364807, -27.3568553925], "max": [-5.05554199219, -4.77230978012, -5.53330516815, -5.51545476913, -5.6836514473, -7.88713884354], "dvar2": [0.573904693127, 0.39059945941, 0.279256343842, 0.271464020014, 0.335594981909, 0.472587019205], "median": [-7.80189228058, -6.60811805725, -7.24772787094, -7.58659315109, -7.77289295197, -10.0340185165], "dmean2": [0.732559502125, 0.606715500355, 0.529912471771, 0.476197957993, 0.447325080633, 0.438098549843], "dmean": [0.465920478106, 0.379044562578, 0.339752316475, 0.318715125322, 0.31610891223, 0.364547610283], "var": [2.64900660515, 2.41879701614, 2.14292764664, 2.2372174263, 2.32895469666, 2.54771876335], "dvar": [0.284633249044, 0.179876118898, 0.138078808784, 0.142861157656, 0.177738457918, 0.288438171148], "mean": [-8.10693359375, -6.9546585083, -7.52288913727, -7.8604388237, -7.98617172241, -10.3005886078]}, "barkbands_flatness_db": {"min": 0.0154044507071, "max": 0.391248762608, "dvar2": 0.00115495081991, "median": 0.0940973833203, "dmean2": 0.0308481566608, "dmean": 0.0204640682787, "var": 0.00211555487476, "dvar": 0.000500108639244, "mean": 0.102127365768}, "dynamic_complexity": 4.79509067535, "erbbands_flatness_db": {"min": 0.0345205888152, "max": 0.400509506464, "dvar2": 0.00098680506926, "median": 0.139621555805, "dmean2": 0.0280308704823, "dmean": 0.0199309233576, "var": 0.00249585020356, "dvar": 0.