{"lowlevel": {"spectral_complexity": {"min": 0, "max": 60, "dvar2": 73.3568572998, "median": 13, "dmean2": 6.36563825607, "dmean": 4.42501020432, "var": 137.953521729, "dvar": 38.4769744873, "mean": 15.5291309357}, "silence_rate_20dB": {"min": 1, "max": 1, "dvar2": 0, "median": 1, "dmean2": 0, "dmean": 0, "var": 0, "dvar": 0, "mean": 1}, "average_loudness": 0.58444160223, "erbbands_spread": {"min": 2.54275655746, "max": 175.173599243, "dvar2": 570.169189453, "median": 44.4834251404, "dmean2": 19.2739925385, "dmean": 12.5217084885, "var": 579.591674805, "dvar": 244.968292236, "mean": 49.7657546997}, "spectral_kurtosis": {"min": -1.25446069241, "max": 40.1344146729, "dvar2": 6.71267795563, "median": 2.13426446915, "dmean2": 1.72300720215, "dmean": 1.04088819027, "var": 6.6134057045, "dvar": 2.92272138596, "mean": 2.62427258492}, "barkbands_kurtosis": {"min": -1.95860445499, "max": 366.643188477, "dvar2": 330.57434082, "median": 0.769691467285, "dmean2": 7.31064224243, "dmean": 4.85129737854, "var": 379.570373535, "dvar": 164.725692749, "mean": 6.97710371017}, "spectral_strongpeak": {"min": 0, "max": 15.0775852203, "dvar2": 1.63887655735, "median": 0.205794870853, "dmean2": 0.564586699009, "dmean": 0.328875333071, "var": 1.12604749203, "dvar": 0.679408729076, "mean": 0.531462788582}, "spectral_spread": {"min": 1778702.75, "max": 42638324, "dvar2": 806470090752, "median": 4631003.5, "dmean2": 701723.375, "dmean": 490305.5, "var": 3368095318020.0, "dvar": 407503732736, "mean": 4858606}, "spectral_rms": {"min": 3.19680480004e-12, "max": 0.0177270639688, "dvar2": 7.08159859641e-06, "median": 0.00347809912637, "dmean2": 0.00148377614096, "dmean": 0.000963079219218, "var": 5.30033048562e-06, "dvar": 2.91675337394e-06, "mean": 0.00389193883166}, "erbbands": {"min": [2.32993160692e-22, 7.79763483583e-22, 2.40548363047e-21, 8.32237481061e-21, 5.00007835886e-20, 8.53248369452e-20, 1.10171293982e-19, 2.05609919643e-19, 1.36423589706e-19, 4.34095027987e-19, 4.24314289328e-19, 2.58554480704e-19, 7.60471959969e-19, 6.12442509282e-19, 1.21364890731e-18, 1.81658437132e-18, 2.05126915958e-18, 1.58250942197e-18, 3.48390979137e-18, 4.88767168682e-18, 6.45650160941e-18, 6.01447779676e-18, 7.55287781256e-18, 5.47986269506e-18, 8.43731090403e-18, 8.90544715426e-18, 1.28915188568e-17, 1.0227519174e-17, 1.15073106838e-17, 1.13640049514e-17, 1.08118470033e-17, 1.26755370358e-17, 1.15144914387e-17, 7.69355062907e-18, 7.23942929996e-18, 4.60143493484e-18, 2.57967006693e-18, 1.17553945572e-18, 2.73525519213e-19, 3.01389395415e-20], "max": [5.42072105408, 61.6828269958, 120.779350281, 210.292175293, 348.303863525, 248.010559082, 214.795135498, 768.430236816, 1474.91442871, 731.755065918, 884.460632324, 249.099807739, 623.610168457, 461.619812012, 426.780822754, 1227.3248291, 468.315551758, 842.746459961, 716.261169434, 1466.45703125, 535.091125488, 434.483154297, 272.800170898, 839.60345459, 1551.00842285, 536.797058105, 593.361694336, 957.403808594, 652.339538574, 395.233886719, 164.77116394, 181.547607422, 98.727355957, 54.9550018311, 23.1902732849, 11.886713028, 3.47022938728, 1.1019538641, 0.100533515215, 0.00350873661228], "dvar2": [0.355434447527, 36.9085121155, 213.576080322, 1689.85754395, 1633.73339844, 272.935455322, 68.383026123, 828.122436523, 3190.97607422, 1053.32556152, 93.1373443604, 227.309188843, 1138.29626465, 181.842636108, 295.331878662, 924.975708008, 457.747131348, 1258.6463623, 566.222290039, 1440.69360352, 353.692260742, 358.240234375, 387.776672363, 1234.5871582, 3612.39257812, 1158.22875977, 2116.44750977, 1950.98083496, 1319.89099121, 662.608703613, 64.3706130981, 49.6137657166, 10.8621120453, 3.44993901253, 1.29846477509, 0.314471006393, 0.0442747622728, 0.00325326551683, 3.65508567484e-05, 6.91071946335e-08], "median": [0.0958706587553, 0.592887163162, 1.26115679741, 1.54075837135, 1.76671040058, 1.89946103096, 1.04580378532, 2.04103732109, 1.05185604095, 0.811208665371, 0.715353608131, 2.13243627548, 2.61287164688, 2.11493420601, 3.04750800133, 3.17936944962, 4.43865442276, 5.24826431274, 3.63913297653, 4.34876871109, 4.9081659317, 5.10473108292, 7.51489114761, 9.60506153107, 9.68690490723, 8.69493961334, 13.0142831802, 6.66889810562, 7.13261079788, 4.30594015121, 2.23719072342, 1.28304207325, 0.682983994484, 0.213636681437, 0.0718052461743, 0.021577777341, 0.0048673893325, 0.00058729830198, 6.58319186186e-05, 2.37985095737e-05], "dmean2": [0.168414637446, 1.50803852081, 4.66946077347, 15.2007637024, 13.9642686844, 6.2870426178, 3.2632329464, 9.93365287781, 14.4419517517, 5.81901788712, 3.00728154182, 6.42772245407, 10.7888240814, 5.0917263031, 7.19644451141, 8.83527946472, 9.52614402771, 13.5874414444, 8.69947528839, 12.0517444611, 9.34976291656, 9.77908325195, 11.6812505722, 18.8766498566, 26.2782649994, 18.2368888855, 24.8978614807, 18.0984382629, 14.2087678909, 10.1894378662, 3.7076022625, 3.05368113518, 1.3997284174, 0.755919754505, 0.383792698383, 0.173195466399, 0.0570741668344, 0.0124353636056, 0.0016457795864, 9.6830088296e-05], "dmean": [0.0990752801299, 0.875902593136, 2.64676117897, 8.23049354553, 7.7630147934, 3.55848503113, 2.04764151573, 6.59245681763, 9.22700119019, 3.62391543388, 1.9087433815, 4.31119441986, 7.19583415985, 3.34275174141, 4.78172111511, 6.06503915787, 6.29522275925, 9.01286411285, 5.84481954575, 7.69216823578, 6.06412553787, 6.49673748016, 7.72721910477, 12.5682477951, 17.5598201752, 11.8249902725, 16.610490799, 12.1720275879, 9.55496788025, 6.93578863144, 2.51532483101, 2.07876706123, 0.937865138054, 0.526803970337, 0.278211802244, 0.126581415534, 0.0411213561893, 0.00847691576928, 0.00113109487575, 6.79723743815e-05], "var": [0.142664551735, 10.3111143112, 54.4738349915, 363.713317871, 384.94744873, 80.6426010132, 90.4684829712, 1294.65112305, 3967.57958984, 606.757324219, 281.087005615, 246.73223877, 1195.1751709, 180.046478271, 307.839355469, 1274.09558105, 501.79083252, 1912.33935547, 701.867004395, 1662.82214355, 482.340118408, 397.329101562, 433.848022461, 1426.51977539, 3262.51879883, 1166.53930664, 2091.41064453, 1129.28186035, 715.368469238, 358.802490234, 41.7262611389, 37.8404121399, 12.2199544907, 3.71483397484, 1.45603454113, 0.322740405798, 0.0289858132601, 0.00152463070117, 1.79401631613e-05, 4.34425970752e-08], "dvar": [0.126550495625, 13.176486969, 75.3341217041, 598.399414062, 593.439941406, 102.048110962, 34.7204856873, 456.570220947, 1549.83703613, 404.61416626, 59.7292480469, 103.593467712, 540.242431641, 86.7725601196, 138.622650146, 442.5105896, 211.425445557, 579.839660645, 262.839508057, 613.537780762, 167.355422974, 164.435394287, 172.351074219, 579.640930176, 1632.79772949, 521.700439453, 962.891662598, 832.653076172, 560.697570801, 285.128967285, 28.3655834198, 22.6356048584, 4.98252058029, 1.63554704189, 0.680491805077, 0.159759372473, 0.0198948848993, 0.00137451582123, 1.56732257892e-05, 3.24440669885e-08], "mean": [0.208357423544, 1.45353615284, 3.31895017624, 6.51016807556, 6.70923519135, 4.31234025955, 3.15106868744, 11.0145769119, 12.7114620209, 4.68784809113, 2.85592842102, 7.76253843307, 11.9542131424, 5.5554432869, 8.24566555023, 10.7601947784, 11.0533533096, 16.9771366119, 10.3444213867, 13.1526508331, 11.2402181625, 12.0445308685, 14.4363250732, 22.4001045227, 29.8348712921, 21.3947353363, 29.0233535767, 18.3069705963, 15.3349342346, 10.3241462708, 4.25755500793, 3.15019416809, 1.69203329086, 0.881561696529, 0.456350207329, 0.191165715456, 0.0517946705222, 0.00911159254611, 0.00117683946155, 8.6435546109e-05]}, "zerocrossingrate": {"min": 0, "max": 0.53173828125, "dvar2": 0.000281255081063, "median": 0.0703125, "dmean2": 0.0146092306823, "dmean": 0.0130785638466, "var": 0.00212993356399, "dvar": 0.000212280196138, "mean": 0.0754708647728}, "spectral_contrast_coeffs": {"min": [-0.991403877735, -0.974883556366, -0.976382017136, -0.981125771999, -0.968381583691, -0.96395868063], "max": [-0.319595724344, -0.269740343094, -0.424974322319, -0.509439587593, -0.554684400558, -0.571644723415], "dvar2": [0.00826221052557, 0.00503859575838, 0.00250478298403, 0.00169818126597, 0.00124299095478, 0.000794281542767], "median": [-0.709082245827, -0.743192195892, -0.766243219376, -0.766671597958, -0.765612661839, -0.715461671352], "dmean2": [0.0825645327568, 0.0757220312953, 0.0576638877392, 0.0494719408453, 0.0401485674083, 0.0309241116047], "dmean": [0.0494523271918, 0.0483161695302, 0.0381311997771, 0.0324107818305, 0.026231167838, 0.0204953867942], "var": [0.00662046344951, 0.010780592449, 0.00618986785412, 0.004225240089, 0.00311080925167, 0.002136309864], "dvar": [0.00335039128549, 0.00224169576541, 0.00118249934167, 0.000789838435594, 0.000569090421777, 0.000374559633201], "mean": [-0.696406781673, -0.725404143333, -0.759351193905, -0.769480645657, -0.765818536282, -0.718062520027]}, "dissonance": {"min": 0, "max": 0.500000178814, "dvar2": 0.000592507014517, "median": 0.48304477334, "dmean2": 0.0190019328147, "dmean": 0.0117656746879, "var": 0.000604178989306, "dvar": 0.000228623161092, "mean": 0.475565612316}, "spectral_energyband_high": {"min": 7.35966420899e-21, "max": 0.0460032261908, "dvar2": 7.03316709405e-06, "median": 0.000834412930999, "dmean2": 0.00126360973809, "dmean": 0.000903643551283, "var": 5.83408200328e-06, "dvar": 3.26168901665e-06, "mean": 0.00166845170315}, "spectral_skewness": {"min": -0.442298620939, "max": 5.01368427277, "dvar2": 0.123601876199, "median": 0.912633597851, "dmean2": 0.27880191803, "dmean": 0.18097807467, "var": 0.210898295045, "dvar": 0.0590546913445, "mean": 0.986786007881}, "spectral_flux": {"min": 6.37585262364e-11, "max": 0.48019438982, "dvar2": 0.00516962865368, "median": 0.045185867697, "dmean2": 0.0495580732822, "dmean": 0.0320926755667, "var": 0.00480443332344, "dvar": 0.00278287404217, "mean": 0.0692448094487}, "silence_rate_30dB": {"min": 0, "max": 1, "dvar2": 0.0464184954762, "median": 1, "dmean2": 0.036979328841, "dmean": 0.0184877440333, "var": 0.013016320765, "dvar": 0.0181451234967, "mean": 0.986810684204}, "spectral_energyband_middle_high": {"min": 1.15429318437e-21, "max": 0.0703436136246, "dvar2": 7.22031290934e-06, "median": 0.00159814197104, "dmean2": 0.00156100431923, "dmean": 0.0011208608048, "var": 1.70965686266e-05, "dvar": 3.81475092581e-06, "mean": 0.00290868873708}, "barkbands_spread": {"min": 0.331514596939, "max": 117.883453369, "dvar2": 257.213500977, "median": 35.854927063, "dmean2": 13.0576229095, "dmean": 8.58779239655, "var": 403.952728271, "dvar": 108.150566101, "mean": 35.6590461731}, "spectral_centroid": {"min": 132.552780151, "max": 11689.5576172, "dvar2": 460475.53125, "median": 2320.45825195, "dmean2": 568.299072266, "dmean": 375.901580811, "var": 1005310.125, "dvar": 200297.3125, "mean": 2183.23681641}, "pitch_salience": {"min": 0.037978425622, "max": 0.847281694412, "dvar2": 0.0174703299999, "median": 0.496298372746, "dmean2": 0.117020964622, "dmean": 0.0718845948577, "var": 0.0151383606717, "dvar": 0.00622250558808, "mean": 0.497194647789}, "erbbands_skewness": {"min": -5.81040906906, "max": 9.81553268433, "dvar2": 0.545406281948, "median": -0.547625243664, "dmean2": 0.609699070454, "dmean": 0.418220818043, "var": 1.34488463402, "dvar": 0.277790606022, "mean": -0.307021617889}, "erbbands_crest": {"min": 2.61017870903, "max": 31.0191745758, "dvar2": 11.7526798248, "median": 6.91250991821, "dmean2": 3.52930808067, "dmean": 2.21400332451, "var": 15.8458271027, "dvar": 5.27627754211, "mean": 8.03680896759}, "melbands": {"min": [3.10945736884e-24, 2.40793243773e-24, 3.64592341073e-24, 5.40271112463e-24, 4.50785807932e-24, 5.0038378074e-24, 2.14558629129e-24, 4.44967248782e-24, 3.64384752326e-24, 1.33304969815e-24, 3.65913840862e-24, 2.3445500278e-24, 3.81739376696e-24, 3.66568792628e-24, 2.49003037543e-24, 3.79945230897e-24, 2.28488374437e-24, 4.02900333821e-24, 3.94521250501e-24, 4.37765067046e-24, 5.95381211403e-24, 6.38381979904e-24, 3.95345965134e-24, 4.17426970732e-24, 3.92598835918e-24, 5.08336563627e-24, 6.9276463076e-24, 4.75867837629e-24, 7.66513422409e-24, 6.98356313515e-24, 5.23005905476e-24, 5.42725771499e-24, 5.2064579142e-24, 5.93331514113e-24, 5.17130982214e-24, 6.71146055425e-24, 7.64644374266e-24, 7.13448248151e-24, 7.36655904894e-24, 5.68183141214e-24], "max": [0.0587487891316, 0.0661875233054, 0.0398572273552, 0.0200737342238, 0.00682122446597, 0.0151776969433, 0.0203568097204, 0.00750510534272, 0.00584230571985, 0.00184979778714, 0.00312189431861, 0.00190359028056, 0.00169961305801, 0.00253372499719, 0.00260034180246, 0.00128312245943, 0.00162984873168, 0.00172970991116, 0.00126957928296, 0.00207599112764, 0.000479057402117, 0.00050300208386, 0.000514996354468, 0.000533356971573, 0.000776413886342, 0.00107249373104, 0.000861644337419, 0.000292592711048, 0.000451428320957, 0.000451733445516, 0.000561278720852, 0.000419285468524, 0.000395528768422, 0.00018130276294, 0.000100533106888, 5.6096141634e-05, 0.00013216813386, 8.18386324681e-05, 7.1632261097e-05, 3.86761967093e-05], "dvar2": [3.77585929527e-05, 5.79679726798e-05, 5.08511802764e-05, 3.56616965291e-06, 9.43640969808e-08, 4.09478758456e-07, 5.95384506141e-07, 9.66910320699e-08, 4.77600892168e-09, 1.15091802755e-08, 2.81426899562e-08, 3.95051413804e-09, 3.61948471195e-09, 6.33555741203e-09, 3.85867959807e-09, 3.85523879487e-09, 4.55087834084e-09, 2.29619012693e-09, 1.65847846567e-09, 2.67701238954e-09, 4.89165596917e-10, 4.32817531815e-10, 5.89299886666e-10, 7.76751440945e-10, 1.01187858093e-09, 2.87330026438e-09, 1.17603304872e-09, 5.29323473941e-10, 1.07566033858e-09, 6.79630018929e-10, 7.26151472286e-10, 4.07698069749e-10, 5.2174725651e-10, 1.32687708043e-10, 2.2538994976e-11, 1.85439146677e-11, 2.08681301406e-11, 6.3659190766e-12, 5.30865412393e-12, 2.37991592579e-12], "median": [0.000833080790471, 0.000792678154539, 0.000293498742394, 0.000139584284625, 4.79911832372e-05, 4.41803385911e-05, 1.55107227329e-05, 6.78857259118e-06, 5.19906870977e-06, 1.46663596752e-05, 1.17371628221e-05, 6.8456365625e-06, 9.27096425585e-06, 7.59362910685e-06, 8.01787155069e-06, 9.94750371319e-06, 9.10133439902e-06, 4.49107710665e-06, 5.19652530784e-06, 5.33720003659e-06, 5.08896891915e-06, 4.46018384537e-06, 4.35212496086e-06, 5.89735736867e-06, 6.87233159624e-06, 7.49844002712e-06, 5.72021690459e-06, 4.46346848548e-06, 8.22938636702e-06, 4.42553573521e-06, 3.33558296006e-06, 3.38327095051e-06, 3.54907456313e-06, 1.35323398354e-06, 1.11371343792e-06, 1.13864905416e-06, 4.93680545333e-07, 4.8910391115e-07, 2.40554470565e-07, 1.69828169305e-07], "dmean2": [0.00162346067373, 0.00224367226474, 0.00262602325529, 0.000672062218655, 0.000131139648147, 0.00022451300174, 0.00020214698452, 5.46289120393e-05, 2.45142928179e-05, 4.64890763396e-05, 5.39720022061e-05, 2.1448078769e-05, 2.44978218689e-05, 2.8185400879e-05, 2.30935402215e-05, 2.31019530474e-05, 2.54107053479e-05, 1.58973161888e-05, 1.39350386235e-05, 1.5547429939e-05, 1.14716394819e-05, 1.01612640719e-05, 1.22504043247e-05, 1.40568872666e-05, 1.63951572176e-05, 2.38325374085e-05, 1.56022579176e-05, 1.20571376101e-05, 1.76146004378e-05, 1.23513909784e-05, 1.07731784738e-05, 7.82515598985e-06, 9.15521013667e-06, 4.67429708806e-06, 2.11369888348e-06, 2.10989423977e-06, 1.86230465715e-06, 1.05607227852e-06, 8.19706087896e-07, 6.3449880372e-07], "dmean": [0.000956899952143, 0.00128700805362, 0.0014330042759, 0.000378489203285, 8.04458395578e-05, 0.000147913509863, 0.000129526306409, 3.336833106e-05, 1.5832911231e-05, 3.10714494844e-05, 3.61021120625e-05, 1.40410420499e-05, 1.58194397955e-05, 1.88380654436e-05, 1.56758233061e-05, 1.51426984303e-05, 1.68912283698e-05, 1.06747183963e-05, 8.86799716682e-06, 1.00955330709e-05, 7.3134365266e-06, 6.62698585074e-06, 8.01204441814e-06, 9.02783540369e-06, 1.07376845335e-05, 1.55719480972e-05, 1.02520962173e-05, 7.67215715314e-06, 1.15978200483e-05, 8.25538882054e-06, 7.06023593011e-06, 5.2048321777e-06, 6.05964760325e-06, 3.15120314553e-06, 1.41301541134e-06, 1.39404039601e-06, 1.25752262647e-06, 6.94337472851e-07, 5.46838464288e-07, 4.34806281646e-07], "var": [1.26498043755e-05, 1.54658027895e-05, 1.12667603389e-05, 9.12724260616e-07, 9.54640668738e-08, 6.15312387708e-07, 7.46190664813e-07, 5.8344429732e-08, 1.29820270089e-08, 1.30644570717e-08, 3.04297032017e-08, 3.96056298868e-09, 3.79627751457e-09, 6.44098463454e-09, 8.56035420327e-09, 3.59737239997e-09, 6.90108281631e-09, 2.88688295491e-09, 1.48296830371e-09, 3.93272703292e-09, 5.40829603324e-10, 4.19513423999e-10, 5.73033454021e-10, 7.56190943196e-10, 1.0469815015e-09, 2.576154845e-09, 9.56911883065e-10, 4.67041239016e-10, 1.08419173639e-09, 4.69309535678e-10, 3.75605851977e-10, 2.19670198698e-10, 2.7122237789e-10, 7.11817202403e-11, 1.33190229679e-11, 1.29926763792e-11, 1.58136784917e-11, 7.15623003564e-12, 3.86891386983e-12, 2.61338411849e-12], "dvar": [1.35146210596e-05, 2.06608383451e-05, 1.81407976925e-05, 1.31446017804e-06, 4.36943921045e-08, 2.18146112729e-07, 2.9091680176e-07, 3.6902157774e-08, 2.96460855864e-09, 5.3388578003e-09, 1.34377549088e-08, 1.9468080481e-09, 1.60963242735e-09, 2.93404744944e-09, 2.21064788697e-09, 1.65448121869e-09, 2.1177843923e-09, 1.11286380111e-09, 6.91039059308e-10, 1.30610700033e-09, 2.21721238591e-10, 1.88894594411e-10, 2.6436708378e-10, 3.27894128516e-10, 4.68012795185e-10, 1.27843979847e-09, 5.13075026909e-10, 2.31528018979e-10, 4.76577555197e-10, 3.04149594399e-10, 3.01140112846e-10, 1.73395034442e-10, 2.17778337031e-10, 5.69515927473e-11, 9.71788448323e-12, 8.0663982438e-12, 9.48354329094e-12, 2.84945396271e-12, 2.21780970325e-12, 1.10756466932e-12], "mean": [0.00187303754501, 0.00183473865036, 0.0011788723059, 0.000384944170946, 0.000122284356621, 0.00024547718931, 0.000178620015504, 4.17740811827e-05, 2.4816738005e-05, 5.47243434994e-05, 5.9552185121e-05, 2.16605276364e-05, 2.64412828983e-05, 3.03470751533e-05, 2.70861237368e-05, 2.56728744716e-05, 3.07653572236e-05, 1.7206881239e-05, 1.42809285535e-05, 1.68605020008e-05, 1.2450777831e-05, 1.14525255412e-05, 1.30489352159e-05, 1.52466300278e-05, 1.76440717041e-05, 2.49464283115e-05, 1.67608559423e-05, 1.25785045384e-05, 2.00097128982e-05, 1.23206837088e-05, 1.0046675925e-05, 8.09736775409e-06, 9.19584545045e-06, 4.41354904979e-06, 2.27820123655e-06, 2.31218359659e-06, 1.73217802057e-06, 1.24554469494e-06, 8.24876906336e-07, 7.3515582244e-07]}, "spectral_entropy": {"min": 4.64645338058, "max": 9.81787109375, "dvar2": 0.108215995133, "median": 7.74882602692, "dmean2": 0.259135514498, "dmean": 0.185444489121, "var": 0.233378052711, "dvar": 0.0563227087259, "mean": 7.67171669006}, "spectral_rolloff": {"min": 21.533203125, "max": 19272.2167969, "dvar2": 3197184.75, "median": 1765.72265625, "dmean2": 1265.43029785, "dmean": 762.075683594, "var": 3980679.5, "dvar": 1357579.375, "mean": 2220.41088867}, "barkbands": {"min": [2.00410369351e-24, 5.8740050284e-24, 3.96003564515e-25, 3.77036464081e-24, 2.46570056405e-23, 2.52371434165e-23, 1.27933651411e-23, 2.50955728607e-23, 8.55706296202e-24, 1.34177540696e-23, 2.07137708098e-23, 3.55265780586e-23, 4.09237592683e-23, 2.58759235345e-23, 4.53667374824e-23, 7.49076377851e-23, 8.8262636392e-23, 1.11741806437e-22, 1.25649070786e-22, 1.90024184863e-22, 3.04431091604e-22, 3.29795001813e-22, 4.68500780809e-22, 6.84676133821e-22, 8.98993965526e-22, 1.52849991918e-21, 2.12312443785e-21], "max": [0.022448958829, 0.247243762016, 0.0846722573042, 0.107105232775, 0.0735106170177, 0.065378062427, 0.0847184211016, 0.0376809462905, 0.0122624440119, 0.0181261599064, 0.0113950679079, 0.0242900382727, 0.00991828460246, 0.0205531772226, 0.0162736363709, 0.0238717421889, 0.00723381526768, 0.00730307633057, 0.0237597431988, 0.0109765855595, 0.0207022242248, 0.0158852189779, 0.00614484446123, 0.00706693530083, 0.0033046642784, 0.00225518504158, 0.000748379912693], "dvar2": [2.56346015703e-06, 0.000612400879618, 0.000170074024936, 0.00034293247154, 3.85694038414e-05, 7.15791429684e-06, 1.18488851513e-05, 5.50112815745e-07, 6.09922437889e-07, 8.77135676092e-07, 1.69058296251e-07, 4.29529990242e-07, 2.98291354284e-07, 5.34583193712e-07, 3.38805335787e-07, 3.51900183659e-07, 1.38550021234e-07, 2.08332807006e-07, 1.23597328638e-06, 5.67504230276e-07, 1.20256447644e-06, 9.99417011371e-07, 1.17490920104e-07, 6.3838356823e-08, 2.3066075272e-08, 1.29740733712e-08, 1.60030277918e-09], "median": [0.000169605118572, 0.00281712412834, 0.00114325783215, 0.000368802022422, 0.000538934429642, 0.000212890125113, 5.33807506145e-05, 1.7906912035e-05, 0.000109464286652, 4.79648952023e-05, 4.99785601278e-05, 7.22577169654e-05, 7.2285591159e-05, 0.000118786716484, 6.24068707111e-05, 9.09571826924e-05, 8.51977310958e-05, 0.000124547179439, 0.000181710958714, 0.00015890042414, 0.000274484860711, 0.00020798110927, 8.75042751431e-05, 4.34491994383e-05, 1.43181132444e-05, 3.13784835271e-06, 2.72771387699e-07], "dmean2": [0.00048409961164, 0.00627363985404, 0.00471329502761, 0.00640275236219, 0.00222459272482, 0.000979545293376, 0.00080730044283, 0.000158845097758, 0.000342997926055, 0.000273218523944, 0.000163673626957, 0.000223992305109, 0.000216977481614, 0.000288851733785, 0.00017934407515, 0.000207623786991, 0.00019463969511, 0.000246162584517, 0.000519460591022, 0.00038868226693, 0.000543394708075, 0.00040801911382, 0.000155558533152, 0.000109342756332, 5.95299461565e-05, 3.22025116475e-05, 1.01774876384e-05], "dmean": [0.000309317867504, 0.00367557653226, 0.0026551510673, 0.00344123225659, 0.00126363255549, 0.000646195199806, 0.000510772049893, 9.60272664088e-05, 0.000228253673413, 0.000182805772056, 0.000104398379335, 0.00015201162023, 0.000140390402521, 0.000193255458726, 0.00011277973681, 0.000134490823257, 0.000128302403027, 0.000158340786584, 0.0003481626336, 0.000249107542913, 0.000367016909877, 0.000276145467069, 0.00010457636381, 7.52699343138e-05, 4.27221420978e-05, 2.3631946533e-05, 6.95337575962e-06], "var": [9.63743445936e-07, 0.000187031342648, 4.26022270403e-05, 7.16369249858e-05, 1.03804040918e-05, 1.14047588795e-05, 1.25842134366e-05, 7.76172726091e-07, 7.1259643164e-07, 7.830838058e-07, 1.68368899267e-07, 7.4436104569e-07, 2.45884422156e-07, 7.65955917359e-07, 2.43892145591e-07, 4.35640572505e-07, 1.54639991479e-07, 1.95469539221e-07, 1.2250460486e-06, 4.93749780617e-07, 9.6090536772e-07, 5.62352340694e-07, 7.06773306547e-08, 6.09575394606e-08, 2.77951919259e-08, 1.03776303106e-08, 7.48336392853e-10], "dvar": [9.63058937486e-07, 0.000218789238716, 6.01469437242e-05, 0.000120821081509, 1.4270545762e-05, 3.86935835195e-06, 5.60544958716e-06, 2.51448199151e-07, 2.82736408508e-07, 4.34800597304e-07, 7.33563467747e-08, 2.13725257936e-07, 1.34946631647e-07, 2.51303504228e-07, 1.37273659107e-07, 1.69570625985e-07, 6.34901979879e-08, 8.71489262977e-08, 5.71485600176e-07, 2.45980459113e-07, 5.4027572105e-07, 4.27979585993e-07, 5.11348368093e-08, 2.99265927595e-08, 1.17660823307e-08, 6.19229112431e-09, 6.76891320772e-10], "mean": [0.00048145360779, 0.00672081764787, 0.00297757890075, 0.00255250791088, 0.00136140489485, 0.00107168534305, 0.000641821476165, 0.000118160685815, 0.00040384507156, 0.000254395330558, 0.00016504029918, 0.000274017598713, 0.000209460966289, 0.000353351002559, 0.000174219938344, 0.000232448306633, 0.000225450261496, 0.000275412137853, 0.000586246082094, 0.000424382829806, 0.000610797724221, 0.000441368785687, 0.000170393002918, 0.000120965290989, 7.27876176825e-05, 3.15997785947e-05, 7.1016847869e-06]}, "melbands_flatness_db": {"min": 0.00412268610671, "max": 0.668184876442, "dvar2": 0.00318310013972, "median": 0.178445741534, "dmean2": 0.0456444844604, "dmean": 0.0315756127238, "var": 0.00866892840713, "dvar": 0.00142600573599, "mean": 0.197385728359}, "melbands_skewness": {"min": -0.818186044693, "max": 18.0606708527, "dvar2": 4.92554092407, "median": 3.11121034622, "dmean2": 1.66469931602, "dmean": 1.07964861393, "var": 6.43885850906, "dvar": 2.07316350937, "mean": 3.70106983185}, "barkbands_skewness": {"min": -3.27176785469, "max": 14.5301456451, "dvar2": 1.80853164196, "median": 1.39049804211, "dmean2": 1.02482664585, "dmean": 0.687865376472, "var": 3.21649503708, "dvar": 0.802179455757, "mean": 1.73558878899}, "silence_rate_60dB": {"min": 0, "max": 1, "dvar2": 0.0821252167225, "median": 0, "dmean2": 0.0785291343927, "dmean": 0.0392604917288, "var": 0.113968163729, "dvar": 0.0377244129777, "mean": 0.131166264415}, "spectral_energyband_low": {"min": 1.82205412089e-23, "max": 0.304875433445, "dvar2": 0.00128463865258, "median": 0.00504640350118, "dmean2": 0.0130180967972, "dmean": 0.00747359823436, "var": 0.000405227154261, "dvar": 0.000471374543849, "mean": 0.0113413939252}, "spectral_energyband_middle_low": {"min": 2.18314819517e-22, "max": 0.143332123756, "dvar2": 0.000569982512388, "median": 0.002301171422, "dmean2": 0.00961864832789, "dmean": 0.00544247450307, "var": 0.000162740805536, "dvar": 0.000206184384297, "mean": 0.00626966590062}, "melbands_kurtosis": {"min": -1.81408905983, "max": 527.869934082, "dvar2": 2171.78833008, "median": 11.462225914, "dmean2": 23.5681991577, "dmean": 15.0825796127, "var": 2303.3215332, "dvar": 964.707336426, "mean": 27.1793727875}, "spectral_decrease": {"min": -8.20850516448e-08, "max": 1.71910119802e-28, "dvar2": 1.27044777693e-16, "median": -2.94450930305e-09, "dmean2": 4.90775020623e-09, "dmean": 2.93484792024e-09, "var": 4.64294029371e-17, "dvar": 4.76969348031e-17, "mean": -5.09779018998e-09}, "erbbands_kurtosis": {"min": -1.93243741989, "max": 131.481704712, "dvar2": 21.9173164368, "median": -0.0146925449371, "dmean2": 2.01369714737, "dmean": 1.32643175125, "var": 32.0911712646, "dvar": 11.9208641052, "mean": 1.03596508503}, "melbands_crest": {"min": 1.6648465395, "max": 38.2456817627, "dvar2": 28.6233959198, "median": 16.4856452942, "dmean2": 4.85924053192, "dmean": 2.97349238396, "var": 29.0403633118, "dvar": 10.6631479263, "mean": 16.5612449646}, "gfcc": {"cov": [[14431.3105469, -842.024658203, -931.045593262, 68.1600723267, -577.891967773, 132.439041138, -256.322143555, 239.937240601, -89.8903808594, 204.025299072, -189.734283447, -53.7033996582, -215.407714844], [-842.024658203, 1487.15698242, 161.843109131, -23.0242919922, 44.0284538269, -171.273086548, 60.7980880737, -163.136825562, 67.6732330322, -128.647720337, 177.393051147, 22.5681552887, 150.965591431], [-931.045593262, 161.843109131, 1214.30371094, 166.840118408, 157.645812988, -103.51966095, -19.6795310974, -74.130607605, -46.406414032, -47.9886512756, -66.5431671143, 4.12508583069, 4.88919019699], [68.1600723267, -23.0242919922, 166.840118408, 364.451141357, 92.5701370239, 61.9175987244, -11.1555185318, 0.424893110991, 28.3287944794, -22.7412471771, -8.43054580688, -20.442741394, 11.9733047485], [-577.891967773, 44.0284538269, 157.645812988, 92.5701370239, 327.048828125, 80.3693161011, 48.1420059204, -19.6529350281, 6.67983627319, -16.0671463013, -33.045085907, 3.06432819366, -25.4795074463], [132.439041138, -171.273086548, -103.51966095, 61.9175987244, 80.3693161011, 253.362533569, 55.7629966736, 54.0493888855, 0.684704780579, 7.7335934639, -16.5269050598, -25.4754085541, -18.5472164154], [-256.322143555, 60.7980880737, -19.6795310974, -11.1555185318, 48.1420059204, 55.7629966736, 142.374099731, 41.0513534546, 9.87615013123, 3.43683218956, 14.7087106705, -3.52197003365, 10.1091985703], [239.937240601, -163.136825562, -74.130607605, 0.424893110991, -19.6529350281, 54.0493888855, 41.0513534546, 149.597183228, 36.8307685852, 28.711774826, -24.6139392853, -16.4004631042, 1.63505864143], [-89.8903808594, 67.6732330322, -46.406414032, 28.3287944794, 6.67983627319, 0.684704780579, 9.87615013123, 36.8307685852, 103.053009033, 21.620470047, 27.7038803101, -1.24899458885, 24.3971595764], [204.025299072, -128.647720337, -47.9886512756, -22.7412471771, -16.0671463013, 7.7335934639, 3.43683218956, 28.711774826, 21.620470047, 102.765953064, 32.8468093872, 12.5830984116, -11.4020843506], [-189.734283447, 177.393051147, -66.5431671143, -8.43054580688, -33.045085907, -16.5269050598, 14.7087106705, -24.6139392853, 27.7038803101, 32.8468093872, 135.960250854, 47.4833831787, 37.9677314758], [-53.7033996582, 22.5681552887, 4.12508583069, -20.442741394, 3.06432819366, -25.4754085541, -3.52197003365, -16.4004631042, -1.24899458885, 12.5830984116, 47.4833831787, 92.0463485718, 27.5985050201], [-215.407714844, 150.965591431, 4.88919019699, 11.9733047485, -25.4795074463, -18.5472164154, 10.1091985703, 1.63505864143, 24.3971595764, -11.4020843506, 37.9677314758, 27.5985050201, 89.1620635986]], "icov": [[9.68689273577e-05, -9.10635935725e-05, 7.34256173018e-05, -0.000135531314299, 0.000213600040297, -9.03236286831e-05, 0.000159926770721, -0.000155603906023, 0.000150636638864, -0.00029841507785, 0.000313599593937, -0.000211744962144, 0.000281980115687], [-9.10635935725e-05, 0.00169834331609, -0.000221689173486, 0.000569322379306, -0.000738033035304, 0.000910508097149, -0.000894081953447, 0.00129790429492, -0.00114012998529, 0.00245663220994, -0.00257157464512, 0.00168684520759, -0.0019047553651], [7.34256173018e-05, -0.000221689173486, 0.00115221866872, -0.000668525870424, -0.000290799565846, 0.000570725824218, 5.42612833669e-05, 5.68426003156e-07, 0.000759131973609, -0.000560426327866, 0.00101465638727, -0.000373493996449, 1.29471154651e-05], [-0.000135531314299, 0.000569322379306, -0.000668525870424, 0.00388616649434, -0.00117771490477, -0.000726556871086, 0.000682801008224, 0.000378060212824, -0.00152242206968, 0.00175487424713, -0.00166977383196, 0.00165965256747, -0.00151031289715], [0.000213600040297, -0.000738033035304, -0.000290799565846, -0.00117771490477, 0.00525041483343, -0.00189053802751, -0.00127141014673, 0.00107815093361, -0.00102797674481, -0.00115246756468, 0.00309541029856, -0.0028070397675, 0.00285591231659], [-9.03236286831e-05, 0.000910508097149, 0.000570725824218, -0.000726556871086, -0.00189053802751, 0.00625555263832, -0.00184852408711, -0.00103662861511, 0.000837220693938, 0.00105212652124, -0.00170562323183, 0.00203375844285, -0.000701724027749], [0.000159926770721, -0.000894081953447, 5.42612833669e-05, 0.000682801008224, -0.00127141014673, -0.00184852408711, 0.0100725088269, -0.00387496920303, 0.00155576481484, -0.000607692461926, -0.00114061357453, 0.000429131934652, -0.000163822609466], [-0.000155603906023, 0.00129790429492, 5.68426003156e-07, 0.000378060212824, 0.00107815093361, -0.00103662861511, -0.00387496920303, 0.0118480212986, -0.00487144896761, -0.00104120699689, 0.00243036216125, 0.000860341999214, -0.00241115642712], [0.000150636638864, -0.00114012998529, 0.000759131973609, -0.00152242206968, -0.00102797674481, 0.000837220693938, 0.00155576481484, -0.00487144896761, 0.0146318115294, -0.0037338337861, -0.00119751004968, 0.00142795452848, -0.0021627121605], [-0.00029841507785, 0.00245663220994, -0.000560426327866, 0.00175487424713, -0.00115246756468, 0.00105212652124, -0.000607692461926, -0.00104120699689, -0.0037338337861, 0.0169468522072, -0.00815838389099, 0.00125023024157, 0.00116811087355], [0.000313599593937, -0.00257157464512, 0.00101465638727, -0.00166977383196, 0.00309541029856, -0.00170562323183, -0.00114061357453, 0.00243036216125, -0.00119751004968, -0.00815838389099, 0.0175485257059, -0.00777622032911, 0.000113528119982], [-0.000211744962144, 0.00168684520759, -0.000373493996449, 0.00165965256747, -0.0028070397675, 0.00203375844285, 0.000429131934652, 0.000860341999214, 0.00142795452848, 0.00125023024157, -0.00777622032911, 0.0172819457948, -0.00628240359947], [0.000281980115687, -0.0019047553651, 1.29471154651e-05, -0.00151031289715, 0.00285591231659, -0.000701724027749, -0.000163822609466, -0.00241115642712, -0.0021627121605, 0.00116811087355, 0.000113528119982, -0.00628240359947, 0.0186942908913]], "mean": [-38.3229141235, 64.6196746826, -107.063934326, 69.5807800293, -50.4425773621, 22.1676445007, -23.0173091888, 3.78961777687, -24.4562149048, 2.42400598526, -12.3920974731, 0.115550018847, -7.95604991913]}, "melbands_spread": {"min": 0.316567450762, "max": 235.991516113, "dvar2": 565.811767578, "median": 26.6980762482, "dmean2": 17.1442470551, "dmean": 11.3151197433, "var": 890.264953613, "dvar": 254.765792847, "mean": 34.932056427}, "spectral_energy": {"min": 1.04750493469e-20, "max": 0.322105020285, "dvar2": 0.00190031679813, "median": 0.0123996026814, "dmean2": 0.019329637289, "dmean": 0.0117145515978, "var": 0.000730850850232, "dvar": 0.00071903312346, "mean": 0.020958693698}, "mfcc": {"cov": [[11815.9472656, -698.531799316, -900.51953125, -116.6929245, -439.151550293, -67.4302597046, -186.901809692, -45.5040397644, -40.5610961914, 107.224136353, 87.5199356079, 18.4437122345, -19.226770401], [-698.531799316, 1301.23742676, 161.433105469, 98.1232147217, 8.21161174774, -5.04146718979, 7.02344179153, -2.2487039566, -71.9678497314, -108.379241943, -117.757324219, -13.2055006027, 54.305557251], [-900.51953125, 161.433105469, 794.062927246, 226.896575928, 122.895446777, 6.65388250351, 15.6805706024, -16.447889328, 10.1944437027, -28.6725978851, -61.1834869385, -38.4867134094, -45.0351448059], [-116.6929245, 98.1232147217, 226.896575928, 326.622283936, 107.834197998, 33.7960700989, -3.20745849609, 5.15543365479, 13.2345495224, -13.6599903107, -30.8523483276, -9.59268856049, 6.03849029541], [-439.151550293, 8.21161174774, 122.895446777, 107.834197998, 246.917251587, 97.8274917603, 21.3425235748, 36.5835762024, 36.1664237976, 0.411379635334, 4.88453865051, 8.60430049896, -15.1732702255], [-67.4302597046, -5.04146718979, 6.65388250351, 33.7960700989, 97.8274917603, 175.911392212, 69.9704666138, 34.0359191895, 5.76718521118, 2.18538594246, 16.0770683289, 5.87159156799, 1.57022917271], [-186.901809692, 7.02344179153, 15.6805706024, -3.20745849609, 21.3425235748, 69.9704666138, 139.638031006, 46.6096305847, 16.1541748047, 18.0512332916, 20.8367366791, -4.06321382523, -7.11436271667], [-45.5040397644, -2.2487039566, -16.447889328, 5.15543365479, 36.5835762024, 34.0359191895, 46.6096305847, 108.929733276, 49.2881965637, 12.9523334503, 8.03088665009, 1.06993865967, -8.59457778931], [-40.5610961914, -71.9678497314, 10.1944437027, 13.2345495224, 36.1664237976, 5.76718521118, 16.1541748047, 49.2881965637, 114.077507019, 54.7421379089, 17.2914066315, -7.41578769684, -28.2531223297], [107.224136353, -108.379241943, -28.6725978851, -13.6599903107, 0.411379635334, 2.18538594246, 18.0512332916, 12.9523334503, 54.7421379089, 124.07169342, 52.7168235779, -11.8556842804, -27.4143066406], [87.5199356079, -117.757324219, -61.1834869385, -30.8523483276, 4.88453865051, 16.0770683289, 20.8367366791, 8.03088665009, 17.2914066315, 52.7168235779, 97.6204376221, 18.8597583771, -19.4866104126], [18.4437122345, -13.2055006027, -38.4867134094, -9.59268856049, 8.60430049896, 5.87159156799, -4.06321382523, 1.06993865967, -7.41578769684, -11.8556842804, 18.8597583771, 97.1890029907, 42.5580101013], [-19.226770401, 54.305557251, -45.0351448059, 6.03849029541, -15.1732702255, 1.57022917271, -7.11436271667, -8.59457778931, -28.2531223297, -27.4143066406, -19.4866104126, 42.5580101013, 116.065223694]], "icov": [[0.000105336686829, 4.3443938921e-05, 0.000106893174234, -0.000114265341836, 0.00022446224466, -0.000127120816614, 0.000175411099917, -5.48612588318e-05, 5.74600417167e-05, -7.72421844886e-05, 2.39899200096e-05, -3.92169895349e-05, 9.64475329965e-05], [4.3443938921e-05, 0.000936021737289, -4.55110166513e-05, -0.000195609172806, 8.62369633978e-05, 5.32719059265e-05, -0.000152644570335, -0.00025091090356, 0.000467738136649, 0.000217363020056, 0.00079441658454, 5.23567214259e-05, -0.000176243091119], [0.000106893174234, -4.55110166513e-05, 0.00192771945149, -0.00112834817264, -0.000454719061963, 0.000439458468463, -0.000552157638595, 0.00066127080936, -4.12523950217e-05, 4.99987290823e-05, 0.000874284771271, 3.43283172697e-05, 0.00093138916418], [-0.000114265341836, -0.000195609172806, -0.00112834817264, 0.00449767243117, -0.00160412641708, -0.000161857358762, 0.000339760881616, 8.37147599668e-05, -0.000400837016059, -6.62865204504e-05, 0.00042547963676, 0.000471481471322, -0.000994389411062], [0.00022446224466, 8.62369633978e-05, -0.000454719061963, -0.00160412641708, 0.00731126638129, -0.00403479486704, 0.00178387505002, -0.00110439606942, -0.00151105108671, 0.000483258016175, -0.00045959072304, -0.00109687238, 0.00101315882057], [-0.000127120816614, 5.32719059265e-05, 0.000439458468463, -0.000161857358762, -0.00403479486704, 0.00976760964841, -0.00449586706236, -0.00041762489127, 0.0013687700266, 0.000326677574776, -0.000619423168246, 0.000319654558552, -0.000644019339234], [0.000175411099917, -0.000152644570335, -0.000552157638595, 0.000339760881616, 0.00178387505002, -0.00449586706236, 0.011119027622, -0.00399736082181, 0.000538590131328, -0.000977454823442, -0.0016856235452, 0.000667051004712, -7.9222896602e-05], [-5.48612588318e-05, -0.00025091090356, 0.00066127080936, 8.37147599668e-05, -0.00110439606942, -0.00041762489127, -0.00399736082181, 0.0140829859301, -0.006285531912, 0.00177413714118, 0.000225714102271, -0.000281464541331, 4.97211367474e-05], [5.74600417167e-05, 0.000467738136649, -4.12523950217e-05, -0.000400837016059, -0.00151105108671, 0.0013687700266, 0.000538590131328, -0.006285531912, 0.015381263569, -0.00633095437661, 0.00182378594764, -0.000665122875944, 0.00194593775086], [-7.72421844886e-05, 0.000217363020056, 4.99987290823e-05, -6.62865204504e-05, 0.000483258016175, 0.000326677574776, -0.000977454823442, 0.00177413714118, -0.00633095437661, 0.0141122406349, -0.00672129355371, 0.00258473516442, -0.000245481525781], [2.39899200096e-05, 0.00079441658454, 0.000874284771271, 0.00042547963676, -0.00045959072304, -0.000619423168246, -0.0016856235452, 0.000225714102271, 0.00182378594764, -0.00672129355371, 0.0172906517982, -0.00503547489643, 0.00341683090664], [-3.92169895349e-05, 5.23567214259e-05, 3.43283172697e-05, 0.000471481471322, -0.00109687238, 0.000319654558552, 0.000667051004712, -0.000281464541331, -0.000665122875944, 0.00258473516442, -0.00503547489643, 0.0142506659031, -0.00579203804955], [9.64475329965e-05, -0.000176243091119, 0.00093138916418, -0.000994389411062, 0.00101315882057, -0.000644019339234, -7.9222896602e-05, 4.97211367474e-05, 0.00194593775086, -0.000245481525781, 0.00341683090664, -0.00579203804955, 0.0123805589974]], "mean": [-677.270385742, 80.5609588623, 11.5118598938, 47.7488632202, 5.31810331345, 23.4890766144, 12.0985374451, 7.84132099152, 0.336227089167, 2.12247252464, 0.446568876505, -1.20821130276, -2.61965942383]}, "spectral_contrast_valleys": {"min": [-28.0434761047, -27.6584205627, -27.6173553467, -27.6170902252, -27.4207553864, -27.3227901459], "max": [-5.11441135406, -5.29351806641, -5.62932491302, -5.91490411758, -5.4852771759, -7.60759496689], "dvar2": [0.272136628628, 0.689599275589, 0.437364578247, 0.382030636072, 0.365086913109, 0.5021032691], "median": [-7.09358549118, -7.97605848312, -8.17942810059, -8.36140632629, -7.58062839508, -10.1698551178], "dmean2": [0.555644631386, 0.776921749115, 0.633710741997, 0.567736923695, 0.512332201004, 0.548761546612], "dmean": [0.354044318199, 0.519050657749, 0.452906727791, 0.417526930571, 0.389280885458, 0.447202384472], "var": [1.94993925095, 1.96186327934, 1.94380950928, 1.8966960907, 1.96609449387, 2.05737566948], "dvar": [0.141394644976, 0.327198505402, 0.245194807649, 0.220437049866, 0.213631674647, 0.282968610525], "mean": [-7.38808298111, -8.1111907959, -8.36722755432, -8.54343128204, -7.78634023666, -10.3493795395]}, "barkbands_flatness_db": {"min": 0.0267652440816, "max": 0.52251791954, "dvar2": 0.0020005654078, "median": 0.115009188652, "dmean2": 0.0357408821583, "dmean": 0.0246955920011, "var": 0.00504553178325, "dvar": 0.000921996543184, "mean": 0.134084552526}, "dynamic_complexity": 4.53395318985, "erbbands_flatness_db": {"min": 0.0528356581926, "max": 0.328066945076, "dvar2": 0.000657710072119, "median": 0.134501650929, "dmean2": 0.0231058932841, "dmean": 0.0168086457998, "var": 0.00155508157331, "dvar": 0.000359031750122, "mean": 0.14022207