{"lowlevel": {"spectral_complexity": {"min": 0, "max": 57, "dvar2": 47.4369697571, "median": 10, "dmean2": 5.74216556549, "dmean": 4.34728097916, "var": 159.489456177, "dvar": 37.2162017822, "mean": 14.1040201187}, "silence_rate_20dB": {"min": 1, "max": 1, "dvar2": 0, "median": 1, "dmean2": 0, "dmean": 0, "var": 0, "dvar": 0, "mean": 1}, "average_loudness": 0.484401762486, "erbbands_spread": {"min": 0.785472750664, "max": 160.846862793, "dvar2": 433.722930908, "median": 36.5218772888, "dmean2": 18.8190860748, "dmean": 12.5285148621, "var": 519.599182129, "dvar": 217.713272095, "mean": 41.2835121155}, "spectral_kurtosis": {"min": -1.26211965084, "max": 62.3061218262, "dvar2": 15.423913002, "median": 3.71277523041, "dmean2": 2.81056237221, "dmean": 1.7969096899, "var": 17.235408783, "dvar": 7.50331401825, "mean": 4.4936413765}, "barkbands_kurtosis": {"min": -1.87114965916, "max": 391.789093018, "dvar2": 685.278869629, "median": 0.967604398727, "dmean2": 9.54653263092, "dmean": 5.9367814064, "var": 342.050415039, "dvar": 294.671569824, "mean": 5.75369596481}, "spectral_strongpeak": {"min": 0, "max": 14.8646469116, "dvar2": 1.69171845913, "median": 0.314265102148, "dmean2": 0.779224514961, "dmean": 0.477378845215, "var": 1.65429031849, "dvar": 0.722128987312, "mean": 0.756090760231}, "spectral_spread": {"min": 1086701.75, "max": 50698168, "dvar2": 2327301849090.0, "median": 4310579, "dmean2": 1194009.625, "dmean": 820735.1875, "var": 17438372528100.0, "dvar": 1457965498370.0, "mean": 5207405}, "spectral_rms": {"min": 3.10632942979e-12, "max": 0.0120314508677, "dvar2": 3.64120251106e-06, "median": 0.00253834924661, "dmean2": 0.00157165306155, "dmean": 0.00115799461491, "var": 6.56466772853e-06, "dvar": 2.41359657593e-06, "mean": 0.00346238003112}, "erbbands": {"min": [6.80775601609e-23, 4.34852947571e-22, 1.60775204116e-21, 4.19962181933e-21, 6.21136424704e-21, 1.82282075738e-20, 3.10698473104e-20, 5.36123349224e-20, 8.50541356274e-20, 1.52502442775e-19, 1.47639124836e-19, 4.33000125199e-19, 4.20748675599e-19, 4.31768453267e-19, 1.10034997881e-18, 1.25866159471e-18, 1.67168921137e-18, 1.8508674922e-18, 2.86189313179e-18, 2.94837755317e-18, 4.20449411993e-18, 4.1104598143e-18, 5.13231655684e-18, 5.41644854776e-18, 6.32518296486e-18, 7.20327985283e-18, 8.7255709398e-18, 1.01912142169e-17, 9.77078478129e-18, 1.12979396903e-17, 9.58302057251e-18, 1.04791227009e-17, 9.97922106076e-18, 8.58174491079e-18, 6.0176587198e-18, 4.33495580537e-18, 2.29931353512e-18, 9.96156964688e-19, 2.31546206523e-19, 2.57740803169e-20], "max": [1.64569735527, 16.0501747131, 57.3990325928, 96.3545303345, 87.6826171875, 109.439430237, 223.611053467, 285.986968994, 262.985626221, 961.039428711, 2592.4362793, 1906.50537109, 1418.86083984, 1898.75061035, 3764.48413086, 2817.24243164, 2744.08911133, 2621.44018555, 3573.64282227, 1806.45471191, 2176.44335938, 998.402770996, 700.528869629, 418.286865234, 282.112640381, 200.890396118, 112.56060791, 72.0211181641, 131.53755188, 82.090713501, 88.9282836914, 114.906066895, 223.754898071, 59.8808860779, 22.7652835846, 10.9296722412, 2.32798027992, 0.394701838493, 0.0305845439434, 0.00257590552792], "dvar2": [0.0972907915711, 8.5055809021, 212.22958374, 403.296325684, 233.121871948, 242.94770813, 267.156829834, 151.787368774, 274.784118652, 2658.23242188, 13883.2470703, 2953.47167969, 3876.11328125, 3548.50024414, 9375.29003906, 7997.88232422, 9791.87597656, 17594.6464844, 15299.0751953, 5189.08789062, 3623.59472656, 891.625183105, 388.194458008, 181.88494873, 145.784988403, 141.024108887, 64.1303253174, 38.7526550293, 81.1174163818, 27.2122688293, 23.5339393616, 16.6061019897, 25.0797767639, 4.12506008148, 0.951691567898, 0.169059097767, 0.0121286828071, 0.000330029259203, 1.62784192526e-06, 4.98085173106e-09], "median": [0.00569328851998, 0.110048279166, 0.464254111052, 0.524547755718, 0.811554133892, 0.975741386414, 1.34430849552, 1.67226874828, 2.07266449928, 2.51921415329, 2.31652545929, 1.50223505497, 2.18639779091, 2.55327868462, 3.96681118011, 3.81724309921, 4.13227319717, 5.27206516266, 3.92403078079, 5.20545387268, 4.38889694214, 3.18331813812, 3.49026346207, 4.98569869995, 3.17669200897, 2.40935707092, 2.15540742874, 1.85257911682, 1.69910407066, 1.38613760471, 1.07769155502, 0.535717487335, 0.294960975647, 0.13944041729, 0.0660791024566, 0.0322780646384, 0.0162128098309, 0.00327942427248, 0.000341048405971, 3.40917395079e-05], "dmean2": [0.119751773775, 1.39315545559, 7.82212400436, 8.91380119324, 6.18866968155, 7.08447551727, 7.58877754211, 5.24583816528, 6.54269886017, 15.5472774506, 31.268491745, 12.237909317, 16.0544662476, 13.3117780685, 24.3799133301, 25.8007240295, 30.4514217377, 35.6734809875, 34.7041435242, 26.0239944458, 13.6893587112, 10.7090072632, 9.17141437531, 8.76306247711, 7.44338703156, 6.70175170898, 5.3508515358, 4.09826469421, 5.02964830399, 2.78209733963, 2.65438961983, 1.64029204845, 1.25182831287, 0.926476657391, 0.497964471579, 0.202555835247, 0.0632774159312, 0.0114025752991, 0.000813579012174, 4.27757986472e-05], "dmean": [0.0772933661938, 0.883907616138, 4.88556528091, 5.80072498322, 3.42020106316, 4.22571468353, 4.69352626801, 3.37864756584, 4.14649248123, 10.37778759, 20.2141094208, 8.24559783936, 10.4721670151, 8.63105869293, 16.1616706848, 18.2232055664, 21.3551826477, 24.4495010376, 22.6034469604, 17.5507183075, 9.49092388153, 7.59586000443, 6.30116128922, 6.48741722107, 5.8130865097, 4.63861751556, 3.71415758133, 3.01844358444, 3.22730135918, 1.92721450329, 1.81072843075, 1.12610781193, 0.848446130753, 0.616760909557, 0.330947935581, 0.137581288815, 0.0444224253297, 0.00816045235842, 0.000585203582887, 3.19440623571e-05], "var": [0.041583314538, 5.63965368271, 96.7238540649, 208.792327881, 59.6565971375, 96.7588043213, 178.355499268, 110.81816864, 177.192626953, 2596.66064453, 11895.7597656, 4452.23925781, 3550.56542969, 2732.67553711, 7776.41162109, 8218.49707031, 11012.5, 15165.2548828, 16044.6962891, 5664.93066406, 1764.68713379, 764.475830078, 392.112854004, 307.470794678, 225.277145386, 159.481460571, 80.8434066772, 53.3189697266, 50.4735565186, 22.5569438934, 18.8950099945, 14.808303833, 11.8168239594, 3.29259371758, 0.76730889082, 0.132089182734, 0.00976044218987, 0.000316511112032, 1.93287519323e-06, 5.40193756393e-09], "dvar": [0.0432064458728, 4.69475412369, 95.5892944336, 192.710922241, 82.9573516846, 96.6283416748, 112.128616333, 65.2777938843, 115.57233429, 1257.67407227, 5892.69287109, 1489.77478027, 1787.59753418, 1457.07519531, 3849.52368164, 3795.13183594, 4820.54052734, 7480.7421875, 6587.2109375, 2415.74658203, 1404.40136719, 407.927734375, 185.668807983, 108.187713623, 81.5381088257, 72.5330123901, 33.6311645508, 20.6448860168, 32.0194015503, 12.2019729614, 10.8707876205, 7.98982143402, 10.2809829712, 1.93986344337, 0.462476909161, 0.0826130881906, 0.00603693444282, 0.000174249202246, 8.18910621092e-07, 2.34835662027e-09], "mean": [0.0690783113241, 0.944016098976, 4.31195878983, 5.27276325226, 3.17339897156, 4.59246683121, 6.02288150787, 5.17873573303, 5.84609651566, 16.3911018372, 30.5043449402, 14.0301380157, 16.1502037048, 13.8199892044, 25.0631217957, 28.2816257477, 32.3544502258, 38.798122406, 35.7547607422, 29.594039917, 16.1997642517, 12.870967865, 10.8777179718, 11.5083694458, 9.60281467438, 7.77623414993, 6.11001348495, 4.97917461395, 4.62949991226, 3.08577823639, 2.47923493385, 1.56512284279, 1.06136310101, 0.697998642921, 0.364112764597, 0.160004705191, 0.0566024333239, 0.0113172400743, 0.000965186511166, 5.99341983616e-05]}, "zerocrossingrate": {"min": 0.00048828125, "max": 0.52880859375, "dvar2": 0.00075941788964, "median": 0.0615234375, "dmean2": 0.0224769450724, "dmean": 0.0194439217448, "var": 0.00416214531288, "dvar": 0.000579665007535, "mean": 0.0758114904165}, "spectral_contrast_coeffs": {"min": [-0.977001309395, -0.978132367134, -0.977184176445, -0.970981657505, -0.968290150166, -0.964569747448], "max": [-0.302859008312, -0.3677085042, -0.388056963682, -0.47104331851, -0.570037543774, -0.519137322903], "dvar2": [0.00574734900147, 0.00400308193639, 0.0025580197107, 0.0019215681823, 0.00101115717553, 0.00135128805414], "median": [-0.656223118305, -0.751274824142, -0.798614799976, -0.799936294556, -0.811656832695, -0.742427647114], "dmean2": [0.0895924195647, 0.0741760209203, 0.060692537576, 0.0523289553821, 0.0381005816162, 0.0402164719999], "dmean": [0.0560031868517, 0.0475663170218, 0.0390617586672, 0.0334969647229, 0.0247497241944, 0.0274129882455], "var": [0.008934144862, 0.00882913544774, 0.00606213835999, 0.00475121894851, 0.00253851665184, 0.00352412159555], "dvar": [0.00247286865488, 0.0017715189606, 0.0011383445235, 0.000842996989377, 0.000483843119582, 0.000703918223735], "mean": [-0.655312180519, -0.743303418159, -0.78716224432, -0.790403962135, -0.805127978325, -0.750868082047]}, "dissonance": {"min": 0.184174135327, "max": 0.5, "dvar2": 0.000861601321958, "median": 0.477496862411, "dmean2": 0.0266560968012, "dmean": 0.0167027078569, "var": 0.000848696683533, "dvar": 0.000352599861799, "mean": 0.468930244446}, "spectral_energyband_high": {"min": 6.99491229397e-21, "max": 0.0188707076013, "dvar2": 5.16460715971e-07, "median": 0.000261475011939, "dmean2": 0.000480277318275, "dmean": 0.000357421464287, "var": 6.55080725664e-07, "dvar": 2.70216901299e-07, "mean": 0.000587648130022}, "spectral_skewness": {"min": -0.107803158462, "max": 6.08519029617, "dvar2": 0.193107649684, "median": 1.39642417431, "dmean2": 0.408361077309, "dmean": 0.26626676321, "var": 0.322057247162, "dvar": 0.0993512049317, "mean": 1.46029341221}, "spectral_flux": {"min": 6.37381675217e-11, "max": 0.309322088957, "dvar2": 0.00542790768668, "median": 0.0568930357695, "dmean2": 0.0630213469267, "dmean": 0.0384479649365, "var": 0.00432465551421, "dvar": 0.00230518658645, "mean": 0.0799649953842}, "silence_rate_30dB": {"min": 0, "max": 1, "dvar2": 0.00863613560796, "median": 1, "dmean2": 0.00655674468726, "dmean": 0.00327805639245, "var": 0.00240423879586, "dvar": 0.00326764024794, "mean": 0.997589886189}, "spectral_energyband_middle_high": {"min": 1.11798569081e-21, "max": 0.112471088767, "dvar2": 2.99752391584e-05, "median": 0.00140246271621, "dmean2": 0.00255898130126, "dmean": 0.00202076509595, "var": 8.49207135616e-05, "dvar": 1.73140269908e-05, "mean": 0.00472008623183}, "barkbands_spread": {"min": 0.344591468573, "max": 107.872314453, "dvar2": 255.102813721, "median": 23.9672527313, "dmean2": 15.0765600204, "dmean": 9.85487937927, "var": 294.768066406, "dvar": 135.981811523, "mean": 26.3687057495}, "spectral_centroid": {"min": 150.426681519, "max": 11857.6279297, "dvar2": 418340.46875, "median": 1523.65478516, "dmean2": 619.39855957, "dmean": 413.214477539, "var": 1527953.625, "dvar": 205330.015625, "mean": 1691.01879883}, "pitch_salience": {"min": 0.0443317182362, "max": 0.87609153986, "dvar2": 0.0241164956242, "median": 0.555282235146, "dmean2": 0.170247554779, "dmean": 0.107194565237, "var": 0.0227889232337, "dvar": 0.0112145394087, "mean": 0.537307024002}, "erbbands_skewness": {"min": -4.52065992355, "max": 4.32720041275, "dvar2": 0.390560299158, "median": 0.0196616947651, "dmean2": 0.669350624084, "dmean": 0.436301618814, "var": 0.571365118027, "dvar": 0.17549367249, "mean": 0.0469298325479}, "erbbands_crest": {"min": 2.28285312653, "max": 32.4942245483, "dvar2": 18.8437976837, "median": 7.22911214828, "dmean2": 4.53765439987, "dmean": 2.84307265282, "var": 21.2352809906, "dvar": 7.94429779053, "mean": 8.42773628235}, "melbands": {"min": [5.73513809617e-25, 8.43452446445e-25, 6.69264020659e-25, 9.8443875211e-25, 1.10836830728e-24, 1.5808363319e-24, 1.20680897775e-24, 1.28039441602e-24, 9.25554328447e-25, 2.69512592775e-24, 1.81010228653e-24, 1.49324585155e-24, 2.99897759628e-24, 3.34238353947e-24, 2.70606131483e-24, 3.36464440535e-24, 2.65694841259e-24, 3.81920933034e-24, 3.21101630786e-24, 2.8513336004e-24, 3.44415527371e-24, 2.83565498991e-24, 3.57778909992e-24, 3.56337069472e-24, 3.38577601685e-24, 3.75120360385e-24, 3.24579659352e-24, 5.13090554986e-24, 5.46235177008e-24, 3.71619514017e-24, 4.83098655016e-24, 4.61236282217e-24, 5.65877300788e-24, 5.25143442428e-24, 4.505543167e-24, 5.84574842521e-24, 5.37552697784e-24, 5.84616612706e-24, 6.62239736919e-24, 5.98898978838e-24], "max": [0.0166522599757, 0.0214420184493, 0.0147620737553, 0.00572746898979, 0.00670755002648, 0.00572587968782, 0.00673234742135, 0.0097504016012, 0.0178441312164, 0.0112687479705, 0.00706837885082, 0.00819593481719, 0.0121882604435, 0.0107372142375, 0.00371720618568, 0.0062598856166, 0.00526773650199, 0.00581673579291, 0.00310781272128, 0.00304117286578, 0.00194475217722, 0.00117344979662, 0.000520395115018, 0.000671124143992, 0.000338795391144, 0.000216035652556, 0.000293601391604, 0.000159262053785, 7.09104569978e-05, 5.78735525778e-05, 5.41238732694e-05, 8.44930837047e-05, 6.49314533803e-05, 4.65951743536e-05, 6.30440554232e-05, 4.53544416814e-05, 7.89504483691e-05, 0.000154744353495, 0.000144208112033, 3.98661541112e-05], "dvar2": [1.01478281067e-05, 3.3078740671e-05, 9.53351081989e-06, 1.1475598285e-06, 3.00527091213e-07, 7.55905773531e-08, 7.99419623831e-08, 3.81297780905e-07, 7.68835946019e-07, 1.15650465204e-07, 1.02586703576e-07, 6.84140388785e-08, 9.1389466661e-08, 9.08952415557e-08, 4.47135839465e-08, 5.72541232202e-08, 7.4125672711e-08, 5.6848875829e-08, 2.01129211064e-08, 1.13539506685e-08, 3.93475430016e-09, 1.39720224279e-09, 6.37009112125e-10, 3.34320016115e-10, 1.50492424078e-10, 1.3142070765e-10, 1.13326827089e-10, 6.81832298954e-11, 4.01188943178e-11, 2.31058557704e-11, 1.90718447979e-11, 3.32758265387e-11, 1.64005874853e-11, 7.82210234085e-12, 9.98697478882e-12, 6.35151219813e-12, 6.92275793981e-12, 1.28469648114e-11, 9.92636615266e-12, 2.80869620096e-12], "median": [8.6949497927e-05, 0.0002242520859, 0.000113246154797, 6.94052141625e-05, 5.04030831507e-05, 3.96859613829e-05, 3.04878576571e-05, 2.67543327936e-05, 1.62399719557e-05, 8.2716005636e-06, 1.02225585579e-05, 7.79396214057e-06, 1.1919219105e-05, 9.63543334365e-06, 8.02026079327e-06, 8.50063952385e-06, 9.23288189369e-06, 5.67441020394e-06, 6.17530986347e-06, 5.29069029653e-06, 4.22687935497e-06, 3.16998284688e-06, 2.84180964627e-06, 2.99714747598e-06, 3.78174831894e-06, 2.5059514428e-06, 1.777541911e-06, 1.30704654566e-06, 1.23200322832e-06, 1.12943246222e-06, 9.11695792638e-07, 9.55196014729e-07, 8.9082800514e-07, 6.41802273549e-07, 6.26460803232e-07, 3.62007000376e-07, 2.74417317314e-07, 2.0497516573e-07, 1.51996104591e-07, 1.01634817895e-07], "dmean2": [0.00127851287834, 0.00323180784471, 0.00139753974508, 0.000440194911789, 0.000270360586001, 0.000123050485854, 0.000104923186882, 0.000198768422706, 0.000232264821534, 7.5215146353e-05, 8.17551917862e-05, 5.55583101232e-05, 7.41552212276e-05, 8.11203426565e-05, 6.86022176524e-05, 6.69861183269e-05, 7.22693221178e-05, 6.32086012047e-05, 4.64830809506e-05, 2.725295235e-05, 1.62570959219e-05, 1.28111178128e-05, 1.0186658983e-05, 8.92055322765e-06, 7.71847226133e-06, 6.96367351338e-06, 5.7096162891e-06, 4.46077547167e-06, 4.02349905926e-06, 2.83405211121e-06, 2.70271698355e-06, 3.15548186336e-06, 2.23143251787e-06, 1.44970567817e-06, 1.7425926444e-06, 1.13035605409e-06, 1.01133900898e-06, 9.42493500133e-07, 8.07221908872e-07, 8.19232127469e-07], "dmean": [0.000848097377457, 0.00206909049302, 0.000922079780139, 0.000257766456343, 0.000167579433764, 7.92962673586e-05, 6.75770497764e-05, 0.000131914683152, 0.000151307976921, 5.01695030835e-05, 5.32857084181e-05, 3.54573858203e-05, 4.88149817102e-05, 5.4946536693e-05, 4.91085047543e-05, 4.60099763586e-05, 4.85954333271e-05, 4.01383076678e-05, 3.0396555303e-05, 1.89941038116e-05, 1.0821374417e-05, 8.79944855114e-06, 6.81736946717e-06, 5.96936706643e-06, 5.60313310416e-06, 5.10571726409e-06, 3.89386241295e-06, 3.07899290419e-06, 2.57629994849e-06, 2.21075038098e-06, 1.84536509096e-06, 2.00955469154e-06, 1.43012937315e-06, 1.00222121091e-06, 1.17004310596e-06, 7.62613296956e-07, 6.89437058554e-07, 6.30268402801e-07, 5.4038378039e-07, 5.36915877092e-07], "var": [5.4067036217e-06, 1.68004517036e-05, 5.16732006872e-06, 3.44784297113e-07, 1.94775978457e-07, 5.67079041502e-08, 6.10668564605e-08, 3.68649011762e-07, 6.84413748786e-07, 1.64610241882e-07, 9.10788315878e-08, 4.99909269536e-08, 7.90456482491e-08, 8.81555592969e-08, 4.20609431728e-08, 5.2532456607e-08, 5.88715813876e-08, 6.06853589602e-08, 1.78271868378e-08, 7.54901918754e-09, 2.07016737086e-09, 1.0066186773e-09, 5.15422760028e-10, 3.1377705989e-10, 2.12928397136e-10, 1.50271239896e-10, 1.16834875108e-10, 6.64263088979e-11, 3.35643179916e-11, 3.04392518136e-11, 1.77970121279e-11, 1.95250517143e-11, 1.00835589878e-11, 6.64794911828e-12, 7.11491195821e-12, 5.3128283023e-12, 5.82140499e-12, 6.09103349355e-12, 4.65344559761e-12, 2.17101532064e-12], "dvar": [4.97390237797e-06, 1.55448997248e-05, 4.60675346403e-06, 4.21878354473e-07, 1.27746758949e-07, 3.22919113671e-08, 3.58037333115e-08, 1.74763343352e-07, 3.30349138267e-07, 5.79036125714e-08, 4.6835197054e-08, 2.79659193581e-08, 3.78740487861e-08, 4.31455511318e-08, 2.22162217511e-08, 2.48771829803e-08, 3.1197217254e-08, 2.35339534527e-08, 9.36455624156e-09, 4.76802863858e-09, 1.54878421199e-09, 6.24112483916e-10, 2.81737827512e-10, 1.59120938648e-10, 8.25082294154e-11, 6.65745583661e-11, 5.48125329847e-11, 3.280801672e-11, 1.81851061987e-11, 1.23093254339e-11, 8.49498422995e-12, 1.29779780672e-11, 6.60121870361e-12, 3.56865773911e-12, 4.47485061159e-12, 2.87191646332e-12, 3.32517824039e-12, 5.25722000655e-12, 4.10039623783e-12, 1.31240363629e-12], "mean": [0.000814974773675, 0.00197866954841, 0.000870931544341, 0.000262051820755, 0.00021662452491, 0.000121549273899, 9.65715444181e-05, 0.000208215613384, 0.00022785035253, 8.04843293736e-05, 7.9648954852e-05, 5.33861857548e-05, 7.55159489927e-05, 8.37647166918e-05, 6.61060548737e-05, 6.88704603817e-05, 7.34034983907e-05, 6.02514337515e-05, 4.5110235078e-05, 3.07855916617e-05, 1.70570547198e-05, 1.37243041536e-05, 1.06494735519e-05, 9.61528257903e-06, 9.34985291678e-06, 7.55509609007e-06, 6.26506653134e-06, 4.86667113364e-06, 3.76720981876e-06, 3.44262434737e-06, 2.76184277936e-06, 2.77745880339e-06, 2.05290598387e-06, 1.55171142069e-06, 1.53079679421e-06, 1.05419064766e-06, 9.15474402063e-07, 7.60127647936e-07, 6.496790661e-07, 5.78024582865e-07]}, "spectral_entropy": {"min": 5.30797863007, "max": 9.82081604004, "dvar2": 0.117268130183, "median": 7.79279613495, "dmean2": 0.341138035059, "dmean": 0.234255850315, "var": 0.265360325575, "dvar": 0.0689181387424, "mean": 7.7325592041}, "spectral_rolloff": {"min": 21.533203125, "max": 19444.4824219, "dvar2": 4718457, "median": 1550.390625, "dmean2": 1559.60119629, "dmean": 956.715759277, "var": 7164085, "dvar": 2548308.25, "mean": 2156.86621094}, "barkbands": {"min": [2.32243115687e-25, 2.12722180664e-24, 1.08198337519e-24, 6.99662824946e-25, 8.71314224757e-24, 6.18725932728e-24, 5.52474001806e-24, 3.94016773952e-24, 1.94777393673e-23, 7.78207733126e-24, 1.45251364979e-23, 2.84015421864e-23, 2.91837135511e-23, 2.46935961647e-23, 4.64752448264e-23, 4.69333079551e-23, 4.95421908755e-23, 8.62496148231e-23, 1.28708147159e-22, 1.83331501565e-22, 1.81345982843e-22, 3.19529359215e-22, 3.18226261974e-22, 5.95395204218e-22, 8.19302302869e-22, 1.24565090074e-21, 1.77877960977e-21], "max": [0.000825191556942, 0.0662301629782, 0.0712106525898, 0.0317399799824, 0.0233071558177, 0.0252483095974, 0.0560223087668, 0.102085977793, 0.0652449280024, 0.057888969779, 0.0819937884808, 0.0713063701987, 0.0526355616748, 0.0471522025764, 0.0572817325592, 0.0450977049768, 0.014358041808, 0.0133062563837, 0.00450360774994, 0.00472743948922, 0.00200715637766, 0.00337810488418, 0.00245984899811, 0.0112848542631, 0.00361266103573, 0.00154783180915, 0.000232997277635], "dvar2": [7.29123073029e-09, 0.00014063132403, 0.000291062518954, 4.5713801228e-05, 1.44335572259e-05, 2.56474845628e-06, 4.20039123128e-06, 2.33566988754e-05, 5.38777476322e-06, 4.85427972308e-06, 4.54967948826e-06, 5.25188715983e-06, 5.31020350536e-06, 8.24289691082e-06, 3.65232722288e-06, 1.86418094472e-06, 3.34836386173e-07, 1.31338680376e-07, 6.14189730186e-08, 7.60208820338e-08, 2.05819645771e-08, 5.369157563e-08, 2.3265524618e-08, 6.63134471779e-08, 2.35738166765e-08, 4.70509631256e-09, 7.17773687708e-11], "median": [3.89599654227e-06, 0.000421418662881, 0.000409206026234, 0.000127345905639, 0.000362945254892, 0.000213227627682, 0.000125237595057, 9.78625466814e-05, 5.48291500309e-05, 6.14721211605e-05, 7.91426064097e-05, 7.36726942705e-05, 7.95240339357e-05, 8.83980173967e-05, 7.45325232856e-05, 7.14959023753e-05, 5.78020117246e-05, 6.46998232696e-05, 7.90194608271e-05, 4.89968224429e-05, 5.26060830452e-05, 4.98434601468e-05, 3.6920162529e-05, 2.08159181057e-05, 1.0564654076e-05, 8.45151680551e-06, 1.89686841168e-06], "dmean2": [3.79251941922e-05, 0.00516911502928, 0.00854363385588, 0.00255062407814, 0.00174987292849, 0.000739276933018, 0.000616646721028, 0.00139781599864, 0.0005511213094, 0.000506653974298, 0.000527064083144, 0.000636258220766, 0.000717031478416, 0.00082753773313, 0.000599895953201, 0.000324396416545, 0.000220495800022, 0.000180431568879, 0.000169657127117, 0.000150956388097, 0.000102173340565, 0.000130560641992, 8.38973501232e-05, 7.44779899833e-05, 7.86465607234e-05, 3.7392390368e-05, 5.03101227878e-06], "dmean": [2.43573467742e-05, 0.00333391036838, 0.00532281585038, 0.00147915631533, 0.00109057326335, 0.000468839745736, 0.000400031945901, 0.000906112720259, 0.000360931211617, 0.000328691588948, 0.000345665379427, 0.000432283821283, 0.000493533792906, 0.000527766707819, 0.000398282281822, 0.000221552254516, 0.000151211264892, 0.00012010512728, 0.000132033790578, 0.000102623314888, 7.90212361608e-05, 8.40051288833e-05, 5.79541374464e-05, 5.13169252372e-05, 5.20191024407e-05, 2.59852949966e-05, 3.65400956071e-06], "var": [3.9577963129e-09, 8.86274356162e-05, 0.000135287889862, 1.2215766219e-05, 6.27235795037e-06, 1.89611614587e-06, 3.72579893337e-06, 2.05122887564e-05, 6.78207243254e-06, 3.88157650377e-06, 3.70911811842e-06, 4.93786319566e-06, 5.13132908964e-06, 8.07026481198e-06, 3.19722244058e-06, 1.03207298707e-06, 2.85185137727e-07, 1.24701230675e-07, 1.0058659683e-07, 7.92218628476e-08, 3.75691762144e-08, 3.48079751689e-08, 2.10109600829e-08, 3.96613728526e-08, 1.9291265474e-08, 3.89982135474e-09, 7.6490418166e-11], "dvar": [3.10730707831e-09, 7.52154664951e-05, 0.000133457258926, 1.70314215211e-05, 5.821211289e-06, 1.09173583951e-06, 2.02639193958e-06, 1.0021187336e-05, 2.60133583652e-06, 2.05300966627e-06, 1.85552505627e-06, 2.3957063604e-06, 2.48652509072e-06, 3.37201095135e-06, 1.71784733993e-06, 7.63108289448e-07, 1.53845249429e-07, 6.12570474345e-08, 3.61788288217e-08, 3.7627859939e-08, 1.26034302994e-08, 2.15844160323e-08, 1.10552935695e-08, 2.88238233281e-08, 1.13736025042e-08, 2.37094344158e-09, 3.41224166978e-11], "mean": [2.92827371595e-05, 0.00347369653173, 0.00451478781179, 0.00111535214819, 0.00128459616099, 0.00069767475361, 0.000553826394025, 0.00136958865914, 0.000561607885174, 0.000478333589854, 0.000511415710207, 0.000652679533232, 0.000701120006852, 0.000810720433947, 0.000589131785091, 0.000348574569216, 0.000242423862801, 0.000198102643481, 0.00020964552823, 0.000167492587934, 0.000134747140692, 0.000123791964143, 8.41498549562e-05, 6.81718229316e-05, 5.73696815991e-05, 3.24092579831e-05, 5.81583981329e-06]}, "melbands_flatness_db": {"min": 0.00291123916395, "max": 0.585676133633, "dvar2": 0.00357526401058, "median": 0.171936050057, "dmean2": 0.0627601221204, "dmean": 0.0429599806666, "var": 0.00730524770916, "dvar": 0.00189198809676, "mean": 0.185563400388}, "melbands_skewness": {"min": -4.44071769714, "max": 33.4083023071, "dvar2": 5.84202861786, "median": 2.19173049927, "dmean2": 1.8862247467, "dmean": 1.27782690525, "var": 7.15113449097, "dvar": 3.05445671082, "mean": 2.8473675251}, "barkbands_skewness": {"min": -5.56432104111, "max": 18.2998809814, "dvar2": 2.69484996796, "median": 1.12590789795, "dmean2": 1.35214936733, "dmean": 0.906365036964, "var": 3.20625209808, "dvar": 1.32919728756, "mean": 1.44979548454}, "silence_rate_60dB": {"min": 0, "max": 1, "dvar2": 0.204333797097, "median": 0, "dmean2": 0.239514023066, "dmean": 0.119745470583, "var": 0.205815300345, "dvar": 0.105405643582, "mean": 0.289790809155}, "spectral_energyband_low": {"min": 8.23317797358e-24, "max": 0.0911286398768, "dvar2": 0.000462880037958, "median": 0.00113241700456, "dmean2": 0.0127995526418, "dmean": 0.0083177452907, "var": 0.000298117316561, "dvar": 0.000245568255195, "mean": 0.00877012033015}, "spectral_energyband_middle_low": {"min": 1.85600328638e-22, "max": 0.106127344072, "dvar2": 0.000150633481098, "median": 0.00179513765033, "dmean2": 0.00617660861462, "dmean": 0.00388487963937, "var": 8.52077791933e-05, "dvar": 5.96125973971e-05, "mean": 0.00578391179442}, "melbands_kurtosis": {"min": -1.86035048962, "max": 1443.73071289, "dvar2": 4554.16210938, "median": 5.77687168121, "dmean2": 26.2537574768, "dmean": 16.5405960083, "var": 2375.48266602, "dvar": 1885.11218262, "mean": 19.9910125732}, "spectral_decrease": {"min": -3.56624063613e-08, "max": 1.64856341196e-28, "dvar2": 3.87799112562e-17, "median": -1.53583579188e-09, "dmean2": 4.17498879912e-09, "dmean": 2.91339508074e-09, "var": 3.99924025243e-17, "dvar": 2.20235862019e-17, "mean": -4.68077798743e-09}, "erbbands_kurtosis": {"min": -1.85275673866, "max": 46.6426277161, "dvar2": 6.00528860092, "median": -0.159132480621, "dmean2": 1.64642500877, "dmean": 1.03862202168, "var": 5.56636333466, "dvar": 2.69318652153, "mean": 0.457507193089}, "melbands_crest": {"min": 1.56684231758, "max": 38.5619544983, "dvar2": 28.9731369019, "median": 14.4302806854, "dmean2": 6.49816656113, "dmean": 4.18222618103, "var": 37.5027580261, "dvar": 13.216837883, "mean": 14.9373598099}, "gfcc": {"cov": [[23333.8710938, -410.307312012, -1896.68603516, 164.826324463, -1073.59802246, 319.548461914, -749.795288086, 185.138626099, -476.635498047, 151.552444458, -438.289978027, -101.892562866, -278.678100586], [-410.307312012, 2006.32836914, -236.448532104, -114.039588928, 149.514068604, -169.32270813, 71.7124252319, -172.691604614, 116.766799927, -39.2292060852, 63.5798072815, -132.522842407, 39.0280075073], [-1896.68603516, -236.448532104, 1110.30981445, 320.768280029, 186.566375732, 123.090354919, 75.8569259644, 135.61882019, 3.20185613632, 24.8966903687, 60.4390983582, 74.112449646, 24.5687637329], [164.826324463, -114.039588928, 320.768280029, 589.925537109, 210.533981323, 0.698876798153, 48.0933456421, -22.4814319611, -17.49609375, -30.7863540649, -44.4367027283, 29.7692127228, -10.642364502], [-1073.59802246, 149.514068604, 186.566375732, 210.533981323, 377.859222412, 43.7209205627, 158.896316528, -17.9271011353, 21.7807025909, -10.6649494171, 8.34265899658, 6.26904153824, 9.27479743958], [319.548461914, -169.32270813, 123.090354919, 0.698876798153, 43.7209205627, 235.456161499, 72.0285720825, 95.7410125732, -14.9837675095, 41.4623146057, 26.7937450409, 17.7913703918, 1.25961840153], [-749.795288086, 71.7124252319, 75.8569259644, 48.0933456421, 158.896316528, 72.0285720825, 256.345825195, 33.3601570129, 34.8632240295, -12.4359607697, 42.8074226379, 20.6446647644, -6.00788402557], [185.138626099, -172.691604614, 135.61882019, -22.4814319611, -17.9271011353, 95.7410125732, 33.3601570129, 168.768737793, 41.4667510986, 47.0215530396, 23.4415683746, 20.057592392, 11.6250076294], [-476.635498047, 116.766799927, 3.20185613632, -17.49609375, 21.7807025909, -14.9837675095, 34.8632240295, 41.4667510986, 142.809448242, 41.7684745789, 33.9758720398, -11.9799337387, 12.8736276627], [151.552444458, -39.2292060852, 24.8966903687, -30.7863540649, -10.6649494171, 41.4623146057, -12.4359607697, 47.0215530396, 41.7684745789, 93.1376113892, 45.3314743042, 7.51361989975, -9.90936946869], [-438.289978027, 63.5798072815, 60.4390983582, -44.4367027283, 8.34265899658, 26.7937450409, 42.8074226379, 23.4415683746, 33.9758720398, 45.3314743042, 103.137557983, 40.2545700073, 15.1365003586], [-101.892562866, -132.522842407, 74.112449646, 29.7692127228, 6.26904153824, 17.7913703918, 20.6446647644, 20.057592392, -11.9799337387, 7.51361989975, 40.2545700073, 98.9655151367, 38.6109657288], [-278.678100586, 39.0280075073, 24.5687637329, -10.642364502, 9.27479743958, 1.25961840153, -6.00788402557, 11.6250076294, 12.8736276627, -9.90936946869, 15.1365003586, 38.6109657288, 105.897346497]], "icov": [[0.000104753373307, -0.000101616373286, 0.000242255962803, -0.000264305970632, 0.00027577925357, -0.000241510613705, 0.000144099496538, -0.000343165855156, 0.000357965938747, -0.000353261246346, 0.000412417837651, -0.000243518705247, 0.000208183235372], [-0.000101616373286, 0.000893749063835, -0.000168245431269, 0.00034989984124, -0.000588048365898, 0.000554327096324, -0.000233757556998, 0.000909476017114, -0.000700057309587, 0.000761351082474, -0.00160442432389, 0.00175463967025, -0.00084487098502], [0.000242255962803, -0.000168245431269, 0.00197223899886, -0.00132460705936, 0.000104812563222, -0.000708668667357, 0.00079926539911, -0.0020900554955, 0.00111325725447, -0.000125875783851, -0.000445973622845, -0.000545475399122, 0.000498382956721], [-0.000264305970632, 0.00034989984124, -0.00132460705936, 0.00348402652889, -0.00204151961952, 0.000792888924479, -0.000149609579239, 0.00156339106616, -0.00132228492294, 0.00092089799, 0.000936931755859, -0.000867732043844, 0.000251592282439], [0.00027577925357, -0.000588048365898, 0.000104812563222, -0.00204151961952, 0.00594141986221, -0.00121485616546, -0.00276248878799, 0.000860495842062, 0.000758615147788, -0.00255261780694, 0.00241146702319, -0.000161324700457, -0.000661075522657], [-0.000241510613705, 0.000554327096324, -0.000708668667357, 0.000792888924479, -0.00121485616546, 0.00792913511395, -0.002385673346, -0.00254969205707, 0.00254682917148, -0.00243384460919, -0.00136657489929, 0.00210487260483, -0.00154859665781], [0.000144099496538, -0.000233757556998, 0.00079926539911, -0.000149609579239, -0.00276248878799, -0.002385673346, 0.00807643774897, -0.0021469052881, -0.001700378838, 0.00511008594185, -0.00321225309744, -0.00183860538527, 0.00304349767976], [-0.000343165855156, 0.000909476017114, -0.0020900554955, 0.00156339106616, 0.000860495842062, -0.00254969205707, -0.0021469052881, 0.0128110246733, -0.00469853403047, -0.00221915869042, 0.00123148725834, 0.000101153564174, -0.0020187930204], [0.000357965938747, -0.000700057309587, 0.00111325725447, -0.00132228492294, 0.000758615147788, 0.00254682917148, -0.001700378838, -0.00469853403047, 0.0129484711215, -0.00656984047964, -0.00039784546243, 0.00281511759385, -0.00202699028887], [-0.000353261246346, 0.000761351082474, -0.000125875783851, 0.00092089799, -0.00255261780694, -0.00243384460919, 0.00511008594185, -0.00221915869042, -0.00656984047964, 0.0233739446849, -0.0113405371085, 0.000955573981628, 0.00395601382479], [0.000412417837651, -0.00160442432389, -0.000445973622845, 0.000936931755859, 0.00241146702319, -0.00136657489929, -0.00321225309744, 0.00123148725834, -0.00039784546243, -0.0113405371085, 0.0232631117105, -0.0100806616247, 0.000699396186974], [-0.000243518705247, 0.00175463967025, -0.000545475399122, -0.000867732043844, -0.000161324700457, 0.00210487260483, -0.00183860538527, 0.000101153564174, 0.00281511759385, 0.000955573981628, -0.0100806616247, 0.0201796274632, -0.0075440434739], [0.000208183235372, -0.00084487098502, 0.000498382956721, 0.000251592282439, -0.000661075522657, -0.00154859665781, 0.00304349767976, -0.0020187930204, -0.00202699028887, 0.00395601382479, 0.000699396186974, -0.0075440434739, 0.0139498375356]], "mean": [-57.149559021, 67.8624420166, -111.758979797, 30.3511638641, -46.7403297424, 12.0300884247, -31.4255886078, 1.35348320007, -21.2161598206, 3.64174461365, -16.8614597321, 0.809223949909, -17.7452774048]}, "melbands_spread": {"min": 0.316146075726, "max": 250.008560181, "dvar2": 617.206237793, "median": 23.78515625, "dmean2": 19.9317302704, "dmean": 13.0061302185, "var": 759.295898438, "dvar": 305.896636963, "mean": 30.7938117981}, "spectral_energy": {"min": 9.89051457377e-21, "max": 0.148374706507, "dvar2": 0.000573884579353, "median": 0.00660429801792, "dmean2": 0.0162911880761, "dmean": 0.0114539628848, "var": 0.000634178228211, "dvar": 0.000330286449753, "mean": 0.0190165266395}, "mfcc": {"cov": [[12156.296875, -235.940582275, -672.440551758, -265.832427979, -271.294525146, -112.346183777, -201.52381897, -203.975296021, 0.525067865849, -37.4418258667, -30.2574481964, -98.9527130127, -85.7962875366], [-235.940582275, 1646.91223145, -180.110809326, -26.4781570435, -11.1779069901, 20.2284507751, -27.961894989, -66.5304031372, -10.461558342, -6.59976434708, 55.9256248474, 57.0725975037, -34.9067878723], [-672.440551758, -180.110809326, 826.691955566, 149.809295654, 181.929641724, 5.47820568085, 104.139076233, 82.871711731, 34.4356956482, 8.46213340759, 25.8592605591, 35.3589744568, 65.0751419067], [-265.832427979, -26.4781570435, 149.809295654, 581.736938477, 177.520263672, 135.148529053, 36.6265029907, 50.916305542, 26.9327907562, 0.538072049618, -58.9261245728, -21.7888946533, 11.7461709976], [-271.294525146, -11.1779069901, 181.929641724, 177.520263672, 236.8800354, 77.318939209, 52.1307411194, 18.302362442, 42.0957336426, 14.9816932678, 1.65134990215, 1.84691464901, 17.0457324982], [-112.346183777, 20.2284507751, 5.47820568085, 135.148529053, 77.318939209, 185.888381958, 102.875289917, 49.9957008362, 12.782875061, 15.7858867645, 2.94679832458, 3.03272652626, 0.972409188747], [-201.52381897, -27.961894989, 104.139076233, 36.6265029907, 52.1307411194, 102.875289917, 215.78213501, 94.7406082153, 30.2453956604, 11.6812601089, 17.238948822, 19.4768161774, 40.4687995911], [-203.975296021, -66.5304031372, 82.871711731, 50.916305542, 18.302362442, 49.9957008362, 94.7406082153, 131.17855835, 48.6445236206, 26.3995704651, 7.089427948, 11.5382003784, 32.3372497559], [0.525067865849, -10.461558342, 34.4356956482, 26.9327907562, 42.0957336426, 12.782875061, 30.2453956604, 48.6445236206, 103.88722229, 39.8458137512, 4.3380651474, 0.409124642611, 10.7381677628], [-37.4418258667, -6.59976434708, 8.46213340759, 0.538072049618, 14.9816932678, 15.7858867645, 11.6812601089, 26.3995704651, 39.8458137512, 103.919281006, 61.5120162964, 13.3325510025, -11.607626915], [-30.2574481964, 55.9256248474, 25.8592605591, -58.9261245728, 1.65134990215, 2.94679832458, 17.238948822, 7.089427948, 4.3380651474, 61.5120162964, 118.149635315, 52.6379013062, -10.3084592819], [-98.9527130127, 57.0725975037, 35.3589744568, -21.7888946533, 1.84691464901, 3.03272652626, 19.4768161774, 11.5382003784, 0.409124642611, 13.3325510025, 52.6379013062, 93.7295150757, 45.8565292358], [-85.7962875366, -34.9067878723, 65.0751419067, 11.7461709976, 17.0457324982, 0.972409188747, 40.4687995911, 32.3372497559, 10.7381677628, -11.607626915, -10.3084592819, 45.8565292358, 111.185127258]], "icov": [[9.04942062334e-05, 2.40223253059e-05, 5.08017292304e-05, -3.88711760024e-06, 8.71121592354e-05, -2.65631533694e-05, 7.92027276475e-06, 0.000159939867444, -0.000142857927131, 7.31011677999e-05, -9.60923571256e-05, 0.000104978615127, -4.52508065791e-05], [2.40223253059e-05, 0.000677842996083, 0.000158709983225, -4.96582797496e-05, 2.77196704701e-06, -0.000109717402665, -4.44101569883e-05, 0.000397883326514, -0.000280398176983, 0.000344784901245, -0.000302716362057, -0.000515972496942, 0.000292494572932], [5.08017292304e-05, 0.000158709983225, 0.00182774278801, -0.000278095569229, -0.00140732096042, 0.00126937695313, -0.00062625692226, -0.000823485373985, 0.00036366583663, 0.000411227345467, -0.000667615735438, -0.000126617276692, -0.000281111540971], [-3.88711760024e-06, -4.96582797496e-05, -0.000278095569229, 0.00286826072261, -0.00162120582536, -0.00174026936293, 0.00113255577162, -0.00109730276745, 0.000547945150174, -0.00065622391412, 0.00196761637926, -0.00033058327972, 0.000209182297112], [8.71121592354e-05, 2.77196704701e-06, -0.00140732096042, -0.00162120582536, 0.00792160816491, -0.00242773606442, -0.000471859268146, 0.00323825119995, -0.00341265741736, 0.000462788768345, -0.0013728387421, 0.00113258976489, -0.00111674214713], [-2.65631533694e-05, -0.000109717402665, 0.00126937695313, -0.00174026936293, -0.00242773606442, 0.0105928517878, -0.004748146981, -0.00141269573942, 0.00201405445114, -0.00133794278372, 0.000813931867015, -0.00126641581301, 0.00206817593426], [7.92027276475e-06, -4.44101569883e-05, -0.00062625692226, 0.00113255577162, -0.000471859268146, -0.004748146981, 0.00966850668192, -0.00490152090788, -0.000232460399275, 0.00182781438343, -0.0019343533786, 0.00119575369172, -0.00219985796139], [0.000159939867444, 0.000397883326514, -0.000823485373985, -0.00109730276745, 0.00323825119995, -0.00141269573942, -0.00490152090788, 0.0155332768336, -0.00553712807596, -0.0016208140878, -8.64784742589e-05, 0.000449801242212, -0.00219951895997], [-0.000142857927131, -0.000280398176983, 0.00036366583663, 0.000547945150174, -0.00341265741736, 0.00201405445114, -0.000232460399275, -0.00553712807596, 0.0154771562666, -0.00655884388834, 0.00376960169524, -0.000577938742936, 0.000139959680382], [7.31011677999e-05, 0.000344784901245, 0.000411227345467, -0.00065622391412, 0.000462788768345, -0.00133794278372, 0.00182781438343, -0.0016208140878, -0.00655884388834, 0.0191478673369, -0.0120578985661, 0.00360321882181, -0.000231397265452], [-9.60923571256e-05, -0.000302716362057, -0.000667615735438, 0.00196761637926, -0.0013728387421, 0.000813931867015, -0.0019343533786, -8.64784742589e-05, 0.00376960169524, -0.0120578985661, 0.0225716717541, -0.0131100993603, 0.00682312157005], [0.000104978615127, -0.000515972496942, -0.000126617276692, -0.00033058327972, 0.00113258976489, -0.00126641581301, 0.00119575369172, 0.000449801242212, -0.000577938742936, 0.00360321882181, -0.0131100993603, 0.0229991078377, -0.0109696798027], [-4.52508065791e-05, 0.000292494572932, -0.000281111540971, 0.000209182297112, -0.00111674214713, 0.00206817593426, -0.00219985796139, -0.00219951895997, 0.000139959680382, -0.000231397265452, 0.00682312157005, -0.0109696798027, 0.0159060750157]], "mean": [-696.105102539, 103.477836609, -4.1309132576, 23.2883338928, 4.71264886856, 13.4344978333, -0.398535072803, 3.05871343613, -3.4348282814, 2.43112850189, 1.26978182793, -0.730647981167, 0.120496354997]}, "spectral_contrast_valleys": {"min": [-28.4197864532, -28.2193374634, -27.7698879242, -27.8114929199, -27.6931419373, -27.4469604492], "max": [-5.57793807983, -5.08878183365, -5.00429582596, -5.38276433945, -5.45099830627, -7.49333667755], "dvar2": [0.71109521389, 0.453074425459, 0.405222207308, 0.413464903831, 0.507526874542, 0.556010425091], "median": [-7.91910076141, -7.4353351593, -7.83079433441, -7.91186523438, -7.79348230362, -10.4241847992], "dmean2": [0.887777686119, 0.717046618462, 0.649022042751, 0.596822559834, 0.644929587841, 0.754993379116], "dmean": [0.60109859705, 0.492551267147, 0.441996783018, 0.422757536173, 0.486946374178, 0.631784975529], "var": [5.16126203537, 5.44510412216, 5.23217535019, 5.29776096344, 5.42550802231, 4.85136079788], "dvar": [0.371304869652, 0.276106238365, 0.23812840879, 0.247917696834, 0.32877612114, 0.455337285995], "mean": [-8.20571327209, -7.72146654129, -8.10529708862, -8.17875576019, -8.12518119812, -10.8013572693]}, "barkbands_flatness_db": {"min": 0.0175501313061, "max": 0.448295712471, "dvar2": 0.00222171074711, "median": 0.107310183346, "dmean2": 0.0480070412159, "dmean": 0.0322701074183, "var": 0.00400363793597, "dvar": 0.00114965694956, "mean": 0.121695935726}, "dynamic_complexity": 5.37633180618, "erbbands_flatness_db": {"min": 0.0383055657148, "max": 0.463193267584, "dvar2": 0.000847644347232, "median": 0.134523183107, "dmean2": 0.0321407467127, "dmean": 0.0233406256884, "var": 0.00251785549335, "dvar": 0.000548442010768, "mean": 0.143372759223