{"lowlevel": {"spectral_complexity": {"min": 0, "max": 61, "dvar2": 40.6447029114, "median": 17, "dmean2": 5.80325269699, "dmean": 4.19899940491, "var": 176.468658447, "dvar": 25.0926246643, "mean": 19.1840820312}, "silence_rate_20dB": {"min": 1, "max": 1, "dvar2": 0, "median": 1, "dmean2": 0, "dmean": 0, "var": 0, "dvar": 0, "mean": 1}, "average_loudness": 0.793283522129, "erbbands_spread": {"min": 3.45939517021, "max": 160.797149658, "dvar2": 237.804077148, "median": 40.2833137512, "dmean2": 14.9114351273, "dmean": 9.93977546692, "var": 403.252624512, "dvar": 108.482879639, "mean": 44.1608848572}, "spectral_kurtosis": {"min": -1.2393143177, "max": 45.1187515259, "dvar2": 9.71995353699, "median": 3.06259822845, "dmean2": 1.85614740849, "dmean": 1.17864334583, "var": 12.3338546753, "dvar": 3.78446412086, "mean": 3.67351722717}, "barkbands_kurtosis": {"min": -1.94616341591, "max": 165.837310791, "dvar2": 44.3186264038, "median": 0.380367517471, "dmean2": 3.06205153465, "dmean": 1.94448029995, "var": 40.8934402466, "dvar": 21.2851963043, "mean": 1.6709843874}, "spectral_strongpeak": {"min": 0, "max": 17.3527641296, "dvar2": 3.01729249954, "median": 0.401686131954, "dmean2": 0.959245383739, "dmean": 0.559942722321, "var": 1.69413220882, "dvar": 1.15928065777, "mean": 0.823526382446}, "spectral_spread": {"min": 1236088.625, "max": 42468140, "dvar2": 2872548524030.0, "median": 5476164.5, "dmean2": 1291318.625, "dmean": 959138.25, "var": 7372482281470.0, "dvar": 1578881515520.0, "mean": 5953120}, "spectral_rms": {"min": 3.15281806738e-12, "max": 0.0127486241981, "dvar2": 2.99092243949e-06, "median": 0.00292206951417, "dmean2": 0.00123811978847, "dmean": 0.000942010083236, "var": 6.31700322629e-06, "dvar": 2.01414127332e-06, "mean": 0.0036230108235}, "erbbands": {"min": [1.27481058243e-22, 8.30510892994e-22, 3.59996676622e-21, 7.61910569226e-21, 1.49719610093e-20, 3.50932602722e-20, 4.11340988933e-20, 1.29592719283e-19, 3.29723885686e-19, 2.74698021882e-19, 3.45709202723e-19, 4.28199504966e-19, 8.86304691004e-19, 1.26795517569e-18, 1.05706465133e-18, 2.34466453939e-18, 1.33945129116e-18, 2.34265717884e-18, 3.4071145501e-18, 3.94920426261e-18, 3.99993194085e-18, 5.30170949781e-18, 4.67930737206e-18, 5.83566988606e-18, 9.27640870767e-18, 7.80116517241e-18, 1.17418809076e-17, 1.21063234506e-17, 1.33156888031e-17, 1.115749683e-17, 1.2741359933e-17, 1.20954079752e-17, 1.23876823185e-17, 8.73293615597e-18, 6.97307631554e-18, 4.83061607689e-18, 2.2133727782e-18, 9.51420452222e-19, 2.81776206383e-19, 3.10610132799e-20], "max": [3.7781662941, 26.9550800323, 49.7868728638, 44.0703849792, 47.8134307861, 103.920181274, 152.271255493, 220.705673218, 182.799987793, 276.934539795, 301.928436279, 496.035552979, 1088.11279297, 775.946716309, 804.136108398, 880.804870605, 988.63079834, 1476.00085449, 3350.15893555, 1844.09606934, 1634.31054688, 657.383056641, 492.424835205, 559.246948242, 324.332336426, 293.199676514, 627.106018066, 439.06427002, 366.052307129, 452.879638672, 229.066894531, 151.391891479, 114.458190918, 112.948509216, 65.4359741211, 41.0636291504, 10.312502861, 3.78677344322, 0.630869865417, 0.0279982890934], "dvar2": [0.942264437675, 38.2121162415, 57.2210731506, 31.7927112579, 34.4306182861, 95.4463653564, 132.16027832, 268.216827393, 418.945770264, 709.987915039, 863.461791992, 1777.85839844, 3625.28173828, 2302.82617188, 3105.22875977, 3422.8347168, 2845.39941406, 6506.7734375, 21166.3632812, 7047.70019531, 4796.74609375, 1297.87866211, 700.478088379, 980.161743164, 416.868347168, 391.290863037, 808.856384277, 775.029663086, 416.816894531, 295.907501221, 167.176055908, 73.084526062, 45.4549674988, 41.8957214355, 16.6309165955, 4.41776847839, 1.19045090675, 0.113278605044, 0.00425587967038, 1.04042255771e-05], "median": [0.00272944802418, 0.059529915452, 0.341883093119, 0.400747954845, 1.13958454132, 3.30135297775, 3.44046759605, 4.91197872162, 5.74810171127, 4.66511774063, 6.27187108994, 7.30227899551, 8.3260269165, 8.29417133331, 8.56642150879, 10.1717586517, 8.6018781662, 9.34680461884, 10.3472156525, 9.98261547089, 6.59663963318, 5.42484521866, 5.13893175125, 5.20413208008, 4.53521490097, 4.53647375107, 4.31822109222, 3.74737215042, 3.0708091259, 2.72925281525, 1.98907697201, 1.46167182922, 1.11538159847, 0.739787459373, 0.403550982475, 0.211049720645, 0.0694364607334, 0.0107819726691, 0.000797632266767, 4.15163813159e-05], "dmean2": [0.392768144608, 2.44167947769, 2.9151558876, 2.24089860916, 3.35958790779, 6.35633659363, 6.69462013245, 9.16466522217, 12.6106920242, 13.5590457916, 16.3068904877, 19.7713813782, 25.5920181274, 21.8072242737, 23.4492874146, 26.9549694061, 24.2438697815, 29.7132778168, 40.2432746887, 29.8429965973, 20.5646400452, 13.7135629654, 11.6371107101, 13.4608325958, 9.91352272034, 10.1247501373, 11.265253067, 11.5012388229, 8.08839607239, 6.73573303223, 5.84992074966, 3.95106720924, 3.14470815659, 3.09998178482, 2.12223148346, 1.11106085777, 0.549270153046, 0.163797602057, 0.0312136802822, 0.0015770487953], "dmean": [0.251912534237, 1.52622842789, 1.67251050472, 1.26668190956, 1.95923984051, 3.62406992912, 4.00830411911, 5.40570163727, 7.52154588699, 8.10746002197, 9.8687582016, 12.1536331177, 15.8816556931, 13.533657074, 14.7678384781, 16.8908958435, 15.4992980957, 19.4894523621, 26.351764679, 19.4791183472, 13.6401147842, 9.00586509705, 7.77597570419, 8.74774360657, 6.6723408699, 6.88645076752, 7.63481330872, 7.81199550629, 5.39202165604, 4.64128541946, 3.97413635254, 2.70202279091, 2.17761921883, 2.17772245407, 1.46550452709, 0.770721554756, 0.375133216381, 0.111039184034, 0.0207376107574, 0.00104531657416], "var": [0.423505157232, 14.7847356796, 14.4047584534, 8.23463535309, 19.6836128235, 45.4925689697, 68.5511856079, 114.395606995, 236.514434814, 352.539520264, 583.856811523, 1110.24462891, 2684.90966797, 1849.85192871, 2545.98168945, 3090.38208008, 2660.43579102, 6287.84082031, 14950.6542969, 6700.69042969, 5044.72314453, 1339.42053223, 840.716430664, 1009.36224365, 477.217346191, 516.527404785, 1038.11450195, 860.733825684, 468.106994629, 383.960784912, 237.182235718, 107.297035217, 73.6207046509, 58.2157363892, 21.3386859894, 4.55713605881, 0.890776634216, 0.0831417962909, 0.00271187955514, 6.48988725516e-06], "dvar": [0.431388914585, 16.5169086456, 21.1048793793, 11.3717794418, 12.7029523849, 32.1018867493, 48.0042266846, 96.893447876, 157.317962646, 272.198974609, 335.579498291, 674.203979492, 1462.0847168, 941.030334473, 1235.51049805, 1416.34436035, 1212.47033691, 2788.70898438, 8346.03027344, 3103.71826172, 2022.62609863, 520.770202637, 312.980407715, 399.362335205, 188.946670532, 181.048187256, 376.351043701, 357.818908691, 189.49420166, 146.004058838, 74.8973693848, 34.6480255127, 22.3007926941, 21.3625831604, 8.60792827606, 2.29834461212, 0.577218532562, 0.0565807297826, 0.00204934622161, 5.00066471432e-06], "mean": [0.207388654351, 1.22663164139, 1.36618733406, 1.23829233646, 2.84229540825, 5.52267980576, 6.28860807419, 8.07335281372, 11.0970411301, 11.1029243469, 14.9782352448, 18.4309577942, 24.9877281189, 21.9076957703, 25.3244514465, 28.2690944672, 25.8926067352, 33.5707893372, 44.4601211548, 33.8813400269, 25.4752140045, 16.5766658783, 14.9634027481, 16.8375988007, 13.157160759, 13.6459178925, 15.0918264389, 13.5723590851, 10.4496088028, 8.8060874939, 7.41804456711, 4.99112701416, 3.91422271729, 3.39197731018, 2.12697172165, 1.04219591618, 0.445829510689, 0.124870881438, 0.020780345425, 0.00103755597956]}, "zerocrossingrate": {"min": 0.00830078125, "max": 0.5234375, "dvar2": 0.000785597891081, "median": 0.09619140625, "dmean2": 0.0237658526748, "dmean": 0.0201106462628, "var": 0.0041721011512, "dvar": 0.000598536978941, "mean": 0.110800206661}, "spectral_contrast_coeffs": {"min": [-0.972241699696, -0.970878779888, -0.97195661068, -0.972148895264, -0.966877520084, -0.964165151119], "max": [-0.298750400543, -0.492467880249, -0.402713686228, -0.535697758198, -0.546257138252, -0.594368100166], "dvar2": [0.00449397787452, 0.00420211721212, 0.00261999783106, 0.0017873038305, 0.000968554697465, 0.000952292990405], "median": [-0.650014340878, -0.769905149937, -0.79859238863, -0.787780642509, -0.799094796181, -0.768442392349], "dmean2": [0.0844093859196, 0.0812982842326, 0.0636850446463, 0.0510377027094, 0.0358570665121, 0.0321153029799], "dmean": [0.0530836880207, 0.0486376024783, 0.0386291109025, 0.0314258113503, 0.0228392947465, 0.0214973650873], "var": [0.00775595754385, 0.00415956135839, 0.00405379896984, 0.00349012296647, 0.0022136925254, 0.00227139773779], "dvar": [0.0018797935918, 0.00156383879948, 0.00100989162456, 0.000749294529669, 0.000421321165049, 0.000475801702123], "mean": [-0.645103096962, -0.767386257648, -0.793002188206, -0.783659100533, -0.795978188515, -0.764829933643]}, "dissonance": {"min": 0.241210490465, "max": 0.500000119209, "dvar2": 0.000565630325582, "median": 0.48086181283, "dmean2": 0.0250857919455, "dmean": 0.0147657375783, "var": 0.000440106028691, "dvar": 0.00021102980827, "mean": 0.47553396225}, "spectral_energyband_high": {"min": 7.61231134057e-21, "max": 0.0328690707684, "dvar2": 5.57355178898e-06, "median": 0.000595610938035, "dmean2": 0.00136861740611, "dmean": 0.00101986562368, "var": 1.15051416287e-05, "dvar": 3.1208380733e-06, "mean": 0.0019827100914}, "spectral_skewness": {"min": -0.0442128330469, "max": 5.08855962753, "dvar2": 0.10543064028, "median": 1.45745813847, "dmean2": 0.286296516657, "dmean": 0.186455130577, "var": 0.191227480769, "dvar": 0.0450421348214, "mean": 1.46399366856}, "spectral_flux": {"min": 6.18047765744e-11, "max": 0.342435240746, "dvar2": 0.00344082061201, "median": 0.0581920258701, "dmean2": 0.0413186885417, "dmean": 0.0278351679444, "var": 0.00454550841823, "dvar": 0.00170397723559, "mean": 0.0809811726213}, "silence_rate_30dB": {"min": 0, "max": 1, "dvar2": 0.07281075418, "median": 1, "dmean2": 0.0541339702904, "dmean": 0.0270639080554, "var": 0.0162159651518, "dvar": 0.026331461966, "mean": 0.983513355255}, "spectral_energyband_middle_high": {"min": 1.20376266435e-21, "max": 0.0920375064015, "dvar2": 2.52653790085e-05, "median": 0.00250909314491, "dmean2": 0.00279292813502, "dmean": 0.00199233065359, "var": 6.71671223245e-05, "dvar": 1.26184386318e-05, "mean": 0.00553985359147}, "barkbands_spread": {"min": 0.641973495483, "max": 115.472946167, "dvar2": 230.418945312, "median": 29.7829875946, "dmean2": 13.61485672, "dmean": 8.88173389435, "var": 297.263671875, "dvar": 104.678909302, "mean": 33.3691101074}, "spectral_centroid": {"min": 281.099700928, "max": 11699.8789062, "dvar2": 247250.78125, "median": 1671.28527832, "dmean2": 454.776123047, "dmean": 302.354064941, "var": 714427.125, "dvar": 120025.828125, "mean": 1768.35644531}, "pitch_salience": {"min": 0.0688814595342, "max": 0.871310651302, "dvar2": 0.020451258868, "median": 0.625205874443, "dmean2": 0.13932941854, "dmean": 0.088286228478, "var": 0.0155721884221, "dvar": 0.00910243112594, "mean": 0.600535809994}, "erbbands_skewness": {"min": -3.39572882652, "max": 6.92971372604, "dvar2": 0.22620600462, "median": 0.251583188772, "dmean2": 0.479080319405, "dmean": 0.314753293991, "var": 0.43660479784, "dvar": 0.106053844094, "mean": 0.210963755846}, "erbbands_crest": {"min": 1.86201620102, "max": 29.8618373871, "dvar2": 12.0230646133, "median": 6.25248908997, "dmean2": 3.65090441704, "dmean": 2.24523639679, "var": 12.1662864685, "dvar": 4.84686136246, "mean": 7.12156295776}, "melbands": {"min": [2.28582051669e-24, 1.58678897769e-24, 2.0719968101e-24, 1.05624146335e-24, 1.4388807134e-24, 2.57088605442e-24, 4.67754442662e-24, 2.30766368073e-24, 2.23370225162e-24, 2.98503743801e-24, 4.13606044052e-24, 4.99289591222e-24, 3.13691919468e-24, 2.56202044113e-24, 4.18369620071e-24, 2.8044995201e-24, 4.12484047186e-24, 3.06589291978e-24, 5.42492071456e-24, 4.02700120923e-24, 3.68973595655e-24, 4.70476801646e-24, 4.7111333351e-24, 4.18042163909e-24, 3.56178429544e-24, 5.0655799783e-24, 5.70460306546e-24, 4.22838122668e-24, 5.62122638424e-24, 5.62795142346e-24, 7.80364952158e-24, 6.41290155074e-24, 6.38079017873e-24, 6.00855906086e-24, 6.72385986996e-24, 6.22860155517e-24, 6.34812463194e-24, 8.0063851965e-24, 8.50459266777e-24, 6.61331876346e-24], "max": [0.0336587838829, 0.024232769385, 0.00775682320818, 0.00513569405302, 0.00420001288876, 0.00430555082858, 0.00263049849309, 0.0034922955092, 0.0020905486308, 0.00396331772208, 0.00558174680918, 0.00342299067415, 0.00239301566035, 0.00292201037519, 0.00392120564356, 0.00434811646119, 0.00315593811683, 0.00755382282659, 0.00191692798398, 0.00278031872585, 0.00164376012981, 0.000880565785337, 0.000685961393174, 0.000464496522909, 0.000524083094206, 0.000225946685532, 0.000281453336356, 0.000198363006348, 0.000273066951195, 0.000453314045444, 0.000312765216222, 0.00021640920022, 0.000260345987044, 0.000254040875006, 0.000142416945891, 0.000148495048052, 9.22711624298e-05, 9.03219988686e-05, 0.000106876461359, 0.000120575969049], "dvar2": [6.70906083542e-05, 2.2039273972e-05, 9.6046926501e-07, 3.69163501546e-07, 1.32769827133e-07, 1.25163282405e-07, 1.00798693836e-07, 8.74160051012e-08, 5.3377611664e-08, 9.11673367909e-08, 9.89095880755e-08, 4.15898817607e-08, 2.75370855007e-08, 4.21648103099e-08, 2.09478088209e-08, 2.37159429872e-08, 3.34797221058e-08, 1.00563731564e-07, 1.53536809933e-08, 1.72897216544e-08, 5.39350919482e-09, 2.33114350046e-09, 8.25850499098e-10, 7.17661652327e-10, 8.52041437405e-10, 3.6398908887e-10, 2.32308408621e-10, 2.28188135054e-10, 3.30037996932e-10, 4.36787023217e-10, 2.93062130119e-10, 1.61107918673e-10, 1.50681064848e-10, 1.20532750447e-10, 6.96002214196e-11, 5.80981304732e-11, 2.96653257514e-11, 2.7823162177e-11, 2.86341991784e-11, 3.80549966539e-11], "median": [4.01225224778e-05, 0.000162156909937, 8.79310828168e-05, 0.000172355605173, 0.000132632369059, 0.000116816023365, 8.7074971816e-05, 4.73982545373e-05, 5.01793037984e-05, 4.44893703389e-05, 4.01769211749e-05, 3.22747655446e-05, 2.72586203209e-05, 2.65712988039e-05, 2.14893861994e-05, 1.64216307894e-05, 1.57520298671e-05, 1.51963213284e-05, 1.69456561707e-05, 9.11344704946e-06, 6.74820148561e-06, 5.39520033271e-06, 4.36392110714e-06, 4.11801511291e-06, 3.98058409701e-06, 3.04090781356e-06, 3.06004835693e-06, 2.85958435597e-06, 2.65822723122e-06, 2.38817733589e-06, 1.90367461528e-06, 1.61034449775e-06, 1.83414363164e-06, 1.26314068893e-06, 1.17569572922e-06, 9.39772178299e-07, 8.44170415348e-07, 7.98934422619e-07, 6.67643519137e-07, 5.59988507121e-07], "dmean2": [0.00333716371097, 0.00191678467672, 0.000399097712943, 0.000389579596231, 0.000220419940888, 0.000204119816772, 0.000190922743059, 0.000151233325596, 0.000133279492729, 0.000134121262818, 0.000133224457386, 9.29142188397e-05, 7.52815176384e-05, 8.28999181977e-05, 6.2545419496e-05, 6.14278906141e-05, 6.21276703896e-05, 7.82934803283e-05, 5.00235946674e-05, 3.82025791623e-05, 2.30046334764e-05, 1.67517227965e-05, 1.17063282232e-05, 1.10674072857e-05, 1.22871415442e-05, 8.8882907221e-06, 7.35669391361e-06, 7.65943332226e-06, 7.82028564572e-06, 7.43719010643e-06, 6.9543243626e-06, 4.91008313475e-06, 4.92361323268e-06, 3.81830022889e-06, 3.8107139062e-06, 2.88225442091e-06, 2.59427474703e-06, 2.4317939733e-06, 2.37774906964e-06, 2.86231079372e-06], "dmean": [0.00212670001201, 0.0011898316443, 0.000224540854106, 0.000223383685807, 0.000131322565721, 0.000120527096442, 0.000114456517622, 9.08716610866e-05, 8.08300683275e-05, 8.24699818622e-05, 8.23073787615e-05, 5.7358374761e-05, 4.70990853501e-05, 5.2294053603e-05, 3.86041938327e-05, 3.90452332795e-05, 4.02106670663e-05, 5.04112358612e-05, 3.19736573147e-05, 2.47175612458e-05, 1.52167422129e-05, 1.06903435153e-05, 7.70331644162e-06, 7.14184989192e-06, 7.83352788858e-06, 5.87874865232e-06, 4.7513563004e-06, 5.11425560035e-06, 5.21598667547e-06, 4.95310405313e-06, 4.62016760139e-06, 3.17963599628e-06, 3.292334668e-06, 2.58490854321e-06, 2.53368170888e-06, 1.89973729903e-06, 1.74469994363e-06, 1.62680930771e-06, 1.62665890002e-06, 1.96891164705e-06], "var": [3.03651195281e-05, 8.40862503537e-06, 2.5376357371e-07, 2.02510435088e-07, 7.26576558918e-08, 5.38622195734e-08, 5.35583133399e-08, 4.87799773907e-08, 3.67600456741e-08, 5.509808787e-08, 7.24266655538e-08, 3.26134035333e-08, 2.29110774796e-08, 3.59752050372e-08, 1.48624605956e-08, 1.93046947317e-08, 2.83513958976e-08, 6.23604776706e-08, 1.40934046655e-08, 1.23830519172e-08, 6.29813756703e-09, 1.84646098411e-09, 8.34027458207e-10, 6.50136056102e-10, 7.76939679259e-10, 3.77041592392e-10, 1.96813884634e-10, 2.69420874499e-10, 3.92178234332e-10, 4.965972078e-10, 2.71933087159e-10, 1.44266820712e-10, 1.80218132084e-10, 1.21502752304e-10, 8.68913899166e-11, 6.2371767473e-11, 3.78666854817e-11, 4.08310538158e-11, 3.23330841268e-11, 4.70469670166e-11], "dvar": [3.08516100631e-05, 9.41670896282e-06, 3.41550162375e-07, 1.27074159195e-07, 4.80617394771e-08, 4.50441000055e-08, 3.80163669433e-08, 3.38632837327e-08, 2.08024157899e-08, 3.45964075166e-08, 3.97956938514e-08, 1.68959992664e-08, 1.12873728142e-08, 1.71027281226e-08, 8.11152123248e-09, 1.0150206009e-08, 1.40266163129e-08, 3.89845951076e-08, 6.65444188641e-09, 6.95842405918e-09, 2.38833997024e-09, 8.92248663842e-10, 3.71767228113e-10, 3.04372221871e-10, 3.40754396921e-10, 1.6171280981e-10, 9.59752902152e-11, 1.03375405458e-10, 1.46311365801e-10, 2.06469966124e-10, 1.28423244261e-10, 6.8661611119e-11, 7.16804463008e-11, 5.47326871325e-11, 3.0208384405e-11, 2.47075207516e-11, 1.36455039976e-11, 1.30662806963e-11, 1.30070320833e-11, 1.90386335169e-11], "mean": [0.00178048165981, 0.00104025169276, 0.000240201392444, 0.000331313349307, 0.000221104390221, 0.000183572235983, 0.000166915837326, 0.000125030215713, 0.000121099234093, 0.000120298209367, 0.000126281825942, 8.91978779691e-05, 7.72857383708e-05, 8.6095315055e-05, 5.91215466557e-05, 5.9890524426e-05, 6.39410718577e-05, 7.84818694228e-05, 5.2031929954e-05, 3.92884830944e-05, 2.68907260761e-05, 1.77943784365e-05, 1.31994702315e-05, 1.29253503474e-05, 1.39766452776e-05, 1.05706048998e-05, 8.41817382025e-06, 9.32093826123e-06, 9.75800867309e-06, 8.59688680066e-06, 7.40085761208e-06, 5.67223059988e-06, 5.96695872446e-06, 4.49271374237e-06, 4.48342871096e-06, 3.43821147908e-06, 2.94794358524e-06, 2.81463735519e-06, 2.62405706053e-06, 2.88667524728e-06]}, "spectral_entropy": {"min": 5.62891244888, "max": 9.81908512115, "dvar2": 0.069633230567, "median": 7.94984340668, "dmean2": 0.237303048372, "dmean": 0.174369141459, "var": 0.194240286946, "dvar": 0.0384947285056, "mean": 7.90167093277}, "spectral_rolloff": {"min": 64.599609375, "max": 19422.9492188, "dvar2": 8928180, "median": 1916.45507812, "dmean2": 1949.70544434, "dmean": 1204.85021973, "var": 8645675, "dvar": 3971157.25, "mean": 2985.79394531}, "barkbands": {"min": [1.0545000529e-24, 3.57424277572e-24, 2.82694379615e-24, 3.09408325866e-24, 1.30419068133e-23, 7.8865651136e-24, 1.96477215374e-23, 1.01371710767e-23, 2.00699214716e-23, 1.92436401605e-23, 2.10595585212e-23, 4.23112456937e-23, 2.48952195458e-23, 5.89687347496e-23, 6.95624993071e-23, 6.1203861684e-23, 7.72363425556e-23, 8.93901268848e-23, 1.49505928499e-22, 1.7085716203e-22, 2.89113962423e-22, 3.74452076869e-22, 4.74564735655e-22, 6.6235725195e-22, 1.06513206065e-21, 1.25268738855e-21, 2.12845749098e-21], "max": [0.0046236156486, 0.115658007562, 0.0421084389091, 0.016657654196, 0.0231120269746, 0.0181093513966, 0.0168572794646, 0.0179441105574, 0.0265949312598, 0.0310072023422, 0.0228611007333, 0.0224183052778, 0.0390593260527, 0.0726736336946, 0.0233944598585, 0.0291466601193, 0.0100728934631, 0.0089960154146, 0.00753704085946, 0.00693452451378, 0.0141735589132, 0.0108915613964, 0.00831379927695, 0.00696037430316, 0.00775280268863, 0.0070468345657, 0.00337978708558], "dvar2": [8.25852509934e-07, 0.000766785640735, 3.48445792042e-05, 2.89389390673e-06, 5.52101710127e-06, 3.09705978907e-06, 2.66934080173e-06, 2.0882591798e-06, 3.62886112271e-06, 3.65279129255e-06, 1.62293258654e-06, 2.87313628178e-06, 1.97596045837e-06, 1.04954178823e-05, 2.69591009783e-06, 2.8206393381e-06, 4.96939890127e-07, 2.74411576129e-07, 2.97020307016e-07, 2.04731534836e-07, 4.69849595675e-07, 2.84202144485e-07, 2.25198576231e-07, 1.44519702872e-07, 2.90063439934e-07, 2.89152069399e-07, 1.24238894728e-07], "median": [1.10706441774e-05, 0.000190190650756, 0.000280818028841, 8.95673510968e-05, 0.000875913305208, 0.000592790951487, 0.000378144322895, 0.000219877256313, 0.000315460958518, 0.000237655476667, 0.000203726813197, 0.000236827792833, 0.000163332719239, 0.000174548709765, 0.000195296670427, 0.000116045121104, 9.12418399821e-05, 8.68374263518e-05, 9.35798234423e-05, 9.88283427432e-05, 0.000102582947875, 9.06720451894e-05, 7.03529003658e-05, 6.77681309753e-05, 6.45180552965e-05, 4.13977177232e-05, 4.64727372673e-06], "dmean2": [0.000369823188521, 0.0112917087972, 0.00223428057507, 0.000680808559991, 0.00155911513139, 0.0010295122629, 0.000943403982092, 0.0007356449496, 0.000897669815458, 0.000799804693088, 0.00059444620274, 0.000731095613446, 0.00058992987033, 0.000864570669364, 0.000662938924506, 0.00048443194828, 0.000261827342911, 0.000225305891945, 0.000246794661507, 0.00022872077534, 0.000289106712444, 0.00021761287644, 0.000200683964067, 0.000178783942829, 0.000283737026621, 0.000278083083685, 0.000170163359144], "dmean": [0.000248347088927, 0.00720452424139, 0.00120611197781, 0.000392760790419, 0.000898976693861, 0.000611966708675, 0.000563417153899, 0.000442616525106, 0.000553848338313, 0.000493258296046, 0.00036742319935, 0.000457976770122, 0.000371926318621, 0.000547946896404, 0.000421885197284, 0.000312049727654, 0.000168252910953, 0.000148410690599, 0.00016217007942, 0.000153968197992, 0.000196368710021, 0.000146996055264, 0.000137288428959, 0.000124867714476, 0.000201263697818, 0.000192870371393, 0.000113382731797], "var": [4.33565105595e-07, 0.000346122484189, 7.16645899956e-06, 8.9385218871e-07, 3.29430235979e-06, 1.34527567752e-06, 1.33274238578e-06, 1.37313065807e-06, 2.31218314184e-06, 2.84230668512e-06, 1.31384342694e-06, 2.47823004429e-06, 1.57255271915e-06, 6.52619064567e-06, 2.42952341978e-06, 2.15419686356e-06, 4.20288529313e-07, 2.89024114863e-07, 3.05764643826e-07, 2.54511718367e-07, 6.30735314644e-07, 3.54348372866e-07, 3.10698084149e-07, 2.30982507787e-07, 4.45743467026e-07, 2.4368546292e-07, 8.23116010906e-08], "dvar": [3.97692531351e-07, 0.000352356088115, 1.21696157294e-05, 1.06562231394e-06, 1.91455183085e-06, 1.12528744012e-06, 1.01440832623e-06, 8.13377596387e-07, 1.38772225e-06, 1.46112881794e-06, 6.7360048206e-07, 1.16201704259e-06, 8.31655995626e-07, 4.02965042667e-06, 1.16379942483e-06, 1.11916745027e-06, 1.97471152319e-07, 1.19553533295e-07, 1.24103962662e-07, 9.11826631977e-08, 2.25283002919e-07, 1.36267189532e-07, 1.03298653187e-07, 7.08352558831e-08, 1.55647995825e-07, 1.44570506677e-07, 6.09342123425e-08], "mean": [0.000223663591896, 0.00607011001557, 0.000958797929343, 0.00037965705269, 0.00150021142326, 0.000925449887291, 0.000783873314504, 0.000630923022982, 0.000824629387353, 0.000753306318074, 0.000572726945393, 0.000738630827982, 0.000566981150769, 0.0008346963441, 0.000688235333655, 0.000510336307343, 0.000281393091427, 0.000274086254649, 0.000306363945128, 0.000299643987091, 0.000363073369954, 0.000288042880129, 0.000257692823652, 0.000229775701882, 0.000307342677843, 0.000241435482167, 0.000114897462481]}, "melbands_flatness_db": {"min": 0.00424206117168, "max": 0.452575773001, "dvar2": 0.00183108611964, "median": 0.126119911671, "dmean2": 0.042512588203, "dmean": 0.0284395422786, "var": 0.00348658021539, "dvar": 0.000905141816474, "mean": 0.137836262584}, "melbands_skewness": {"min": -1.68742668629, "max": 20.1629505157, "dvar2": 2.63741135597, "median": 1.88995802402, "dmean2": 1.27645516396, "dmean": 0.854489207268, "var": 2.89291787148, "dvar": 1.321636796, "mean": 2.21842956543}, "barkbands_skewness": {"min": -3.5772049427, "max": 10.8299074173, "dvar2": 0.695483267307, "median": 0.928971588612, "dmean2": 0.806196331978, "dmean": 0.541496098042, "var": 1.12426936626, "dvar": 0.358205854893, "mean": 1.00145065784}, "silence_rate_60dB": {"min": 0, "max": 1, "dvar2": 0.118124343455, "median": 0, "dmean2": 0.116456270218, "dmean": 0.0582215152681, "var": 0.15424439311, "dvar": 0.0548294372857, "mean": 0.190562814474}, "spectral_energyband_low": {"min": 1.64133728933e-23, "max": 0.125869095325, "dvar2": 0.000730078143533, "median": 0.000741960131563, "dmean2": 0.0117857996374, "dmean": 0.00784387346357, "var": 0.000416075024987, "dvar": 0.000367899774574, "mean": 0.00745275709778}, "spectral_energyband_middle_low": {"min": 1.94795569028e-22, "max": 0.0458730123937, "dvar2": 4.17504561483e-05, "median": 0.00376330944709, "dmean2": 0.00398547621444, "dmean": 0.00237592775375, "var": 2.74687863566e-05, "dvar": 1.56911246449e-05, "mean": 0.00530346622691}, "melbands_kurtosis": {"min": -1.77565586567, "max": 569.819519043, "dvar2": 924.523193359, "median": 4.4821305275, "dmean2": 12.1341810226, "dmean": 7.68646526337, "var": 510.790435791, "dvar": 416.945281982, "mean": 9.97424125671}, "spectral_decrease": {"min": -4.16356265021e-08, "max": 7.14990774919e-11, "dvar2": 4.66377333375e-17, "median": -1.97726390816e-09, "dmean2": 3.66474872671e-09, "dmean": 2.61008348268e-09, "var": 4.53221488953e-17, "dvar": 2.6211783623e-17, "mean": -4.59321425339e-09}, "erbbands_kurtosis": {"min": -1.74827241898, "max": 62.8858108521, "dvar2": 4.24461698532, "median": -0.211355447769, "dmean2": 1.15278196335, "dmean": 0.727163255215, "var": 4.16113853455, "dvar": 1.79368519783, "mean": 0.177165657282}, "melbands_crest": {"min": 1.7741587162, "max": 34.5418395996, "dvar2": 34.2601661682, "median": 10.446516037, "dmean2": 6.47602462769, "dmean": 4.11297082901, "var": 37.3279418945, "dvar": 16.6479644775, "mean": 12.1760787964}, "gfcc": {"cov": [[18442.6679688, -1006.91485596, -309.189056396, -140.661010742, -119.273155212, 313.483428955, 78.5227737427, 252.591339111, -74.9935531616, 272.855285645, -82.311050415, 75.09425354, -75.6864089966], [-1006.91485596, 1897.94665527, -436.491027832, 70.4468994141, 163.341812134, -122.448814392, -42.2955436707, -94.9097747803, 34.6813774109, -170.014968872, 31.9214019775, -46.3487281799, 49.4500694275], [-309.189056396, -436.491027832, 1124.73449707, 53.0549659729, 191.212600708, 84.8973007202, 147.791381836, 70.1825714111, 52.3503036499, 115.896438599, 33.2261962891, 85.1104431152, 0.592686057091], [-140.661010742, 70.4468994141, 53.0549659729, 387.623931885, 12.6155977249, 66.7995529175, 30.2577285767, 24.7183742523, 26.7796993256, -15.8715333939, 22.8667182922, -30.1764202118, 24.4724998474], [-119.273155212, 163.341812134, 191.212600708, 12.6155977249, 392.400756836, 34.4144973755, 136.049240112, 41.2060852051, 103.906707764, 17.4006462097, 34.5005760193, 38.8366127014, 43.923034668], [313.483428955, -122.448814392, 84.8973007202, 66.7995529175, 34.4144973755, 185.726959229, 82.8103942871, 52.4661827087, 12.5325660706, 37.9239349365, 25.4659004211, -1.89239561558, -2.29467201233], [78.5227737427, -42.2955436707, 147.791381836, 30.2577285767, 136.049240112, 82.8103942871, 215.45640564, 66.7294158936, 65.2388458252, 42.3584060669, 41.5049476624, 21.6692447662, 2.57931804657], [252.591339111, -94.9097747803, 70.1825714111, 24.7183742523, 41.2060852051, 52.4661827087, 66.7294158936, 129.158187866, 60.7113304138, 48.3261451721, 17.697971344, 15.0929059982, 8.85552215576], [-74.9935531616, 34.6813774109, 52.3503036499, 26.7796993256, 103.906707764, 12.5325660706, 65.2388458252, 60.7113304138, 129.114181519, 36.1170196533, 24.1609859467, 7.70156478882, 22.0881843567], [272.855285645, -170.014968872, 115.896438599, -15.8715333939, 17.4006462097, 37.9239349365, 42.3584060669, 48.3261451721, 36.1170196533, 108.058265686, 25.9850215912, 28.0861167908, -4.19217920303], [-82.311050415, 31.9214019775, 33.2261962891, 22.8667182922, 34.5005760193, 25.4659004211, 41.5049476624, 17.697971344, 24.1609859467, 25.9850215912, 74.8934249878, 17.3016853333, 10.8698482513], [75.09425354, -46.3487281799, 85.1104431152, -30.1764202118, 38.8366127014, -1.89239561558, 21.6692447662, 15.0929059982, 7.70156478882, 28.0861167908, 17.3016853333, 81.5076065063, 16.5616550446], [-75.6864089966, 49.4500694275, 0.592686057091, 24.4724998474, 43.923034668, -2.29467201233, 2.57931804657, 8.85552215576, 22.0881843567, -4.19217920303, 10.8698482513, 16.5616550446, 68.839302063]], "icov": [[6.23254454695e-05, 1.62127362273e-05, 5.18513843417e-05, 5.49489323021e-06, -2.59804910456e-05, -8.10393394204e-05, 4.22423499913e-06, -0.000101881189039, 0.000102237681858, -0.000158178678248, 0.000129440333694, -6.14500168012e-05, 3.32095260092e-05], [1.62127362273e-05, 0.000773845880758, 0.000268199131824, -0.000130792759592, -0.000453555752756, 0.000307832757244, 8.0784484453e-05, 0.000245744857239, -0.000233943428611, 0.000898196711205, -0.000647351087537, 0.000107540421595, -2.27497912419e-05], [5.18513843417e-05, 0.000268199131824, 0.00130521738902, -0.000328427413478, -0.000650624278933, -2.58766085608e-05, -0.000304979213979, 2.87172806566e-05, 0.0003424572933, -0.000876659469213, 0.000270424323389, -0.000862197659444, 0.000393332826206], [5.49489323021e-06, -0.000130792759592, -0.000328427413478, 0.00317063787952, 0.000423918681918, -0.00115900719538, 2.98975701298e-05, -0.000285727757728, -0.000604834407568, 0.00104539713357, -0.000815977400634, 0.00137598544825, -0.00124228780624], [-2.59804910456e-05, -0.000453555752756, -0.000650624278933, 0.000423918681918, 0.00463079102337, -0.00038911838783, -0.00201475759968, 0.000841756816953, -0.0027546628844, 0.000969574728515, 0.000275760161458, -0.00101957144216, -0.00170363544021], [-8.10393394204e-05, 0.000307832757244, -2.58766085608e-05, -0.00115900719538, -0.00038911838783, 0.00814542174339, -0.00235814740881, -0.00192379613873, 0.00227905344218, -0.00136341829784, -0.00134247669484, 0.00175851176027, -6.77376883687e-05], [4.22423499913e-06, 8.0784484453e-05, -0.000304979213979, 2.98975701298e-05, -0.00201475759968, -0.00235814740881, 0.00842187460512, -0.0017357050674, -0.00147969077807, 0.000329727277858, -0.00223521399312, -0.000553452176973, 0.00203420803882], [-0.000101881189039, 0.000245744857239, 2.87172806566e-05, -0.000285727757728, 0.000841756816953, -0.00192379613873, -0.0017357050674, 0.0128456391394, -0.00507134292275, -0.00221122405492, 0.000804416020401, -0.00104029790964, -0.000760038092267], [0.000102237681858, -0.000233943428611, 0.0003424572933, -0.000604834407568, -0.0027546628844, 0.00227905344218, -0.00147969077807, -0.00507134292275, 0.0144967418164, -0.00400042068213, -0.000777295033913, 0.00254027056508, -0.00234960275702], [-0.000158178678248, 0.000898196711205, -0.000876659469213, 0.00104539713357, 0.000969574728515, -0.00136341829784, 0.000329727277858, -0.00221122405492, -0.00400042068213, 0.0165706500411, -0.00418347213417, -0.00308780767955, 0.00212097051553], [0.000129440333694, -0.000647351087537, 0.000270424323389, -0.000815977400634, 0.000275760161458, -0.00134247669484, -0.00223521399312, 0.000804416020401, -0.000777295033913, -0.00418347213417, 0.0178345795721, -0.00275424146093, -0.00150418456178], [-6.14500168012e-05, 0.000107540421595, -0.000862197659444, 0.00137598544825, -0.00101957144216, 0.00175851176027, -0.000553452176973, -0.00104029790964, 0.00254027056508, -0.00308780767955, -0.00275424146093, 0.0169680733234, -0.00441331649199], [3.32095260092e-05, -2.27497912419e-05, 0.000393332826206, -0.00124228780624, -0.00170363544021, -6.77376883687e-05, 0.00203420803882, -0.000760038092267, -0.00234960275702, 0.00212097051553, -0.00150418456178, -0.00441331649199, 0.0183063503355]], "mean": [-13.6094112396, 46.1645240784, -110.033920288, 13.5819311142, -60.3660621643, 11.004863739, -39.6734886169, 2.58944916725, -26.1619415283, 5.26521539688, -18.7634220123, 1.64060235023, -11.0597038269]}, "melbands_spread": {"min": 0.501832485199, "max": 245.876724243, "dvar2": 448.629547119, "median": 30.7022209167, "dmean2": 17.5144557953, "dmean": 11.39158535, "var": 717.938964844, "dvar": 222.314956665, "mean": 36.2499732971}, "spectral_energy": {"min": 1.01887673068e-20, "max": 0.166590601206, "dvar2": 0.000730617088266, "median": 0.00875195302069, "dmean2": 0.0149203417823, "dmean": 0.0107656223699, "var": 0.000782306713518, "dvar": 0.000417686620494, "mean": 0.0199293475598}, "mfcc": {"cov": [[12319.0927734, -266.079986572, -221.531082153, -158.715835571, -114.29447937, 127.872001648, 119.871131897, 45.4429092407, 111.858131409, 169.891891479, 97.6266021729, -2.48330283165, 67.0655288696], [-266.079986572, 1502.70947266, -235.852310181, 59.4315299988, 123.080108643, -23.0701026917, -35.6867828369, 27.4860591888, -20.8000411987, -54.449382782, -23.5253715515, -57.2513847351, -22.4844875336], [-221.531082153, -235.852310181, 683.727600098, 90.3598632812, 44.0919456482, 61.2742156982, 81.5033950806, 12.9403352737, 29.7250404358, 9.97704792023, 44.0591239929, 57.7303504944, 31.3974628448], [-158.715835571, 59.4315299988, 90.3598632812, 267.184692383, 80.8591308594, 45.4388999939, 23.421661377, 40.1665687561, 36.6418495178, 17.1782951355, 7.69808530807, 12.3061790466, 16.2044143677], [-114.29447937, 123.080108643, 44.0919456482, 80.8591308594, 216.061569214, 45.5081825256, 24.5449924469, 34.2397460938, 53.9824676514, 19.6983356476, 0.194351896644, 17.9071273804, 25.8944778442], [127.872001648, -23.0701026917, 61.2742156982, 45.4388999939, 45.5081825256, 146.127548218, 75.672996521, 38.7573814392, 28.22016716, 20.9831752777, 34.1454544067, 15.943523407, 10.6330890656], [119.871131897, -35.6867828369, 81.5033950806, 23.421661377, 24.5449924469, 75.672996521, 147.315841675, 55.7440414429, 30.2797756195, 31.9655761719, 42.9047927856, 25.7752933502, 23.851436615], [45.4429092407, 27.4860591888, 12.9403352737, 40.1665687561, 34.2397460938, 38.7573814392, 55.7440414429, 104.857948303, 49.6198577881, 26.6951503754, 28.5745449066, 21.0961380005, 23.9948978424], [111.858131409, -20.8000411987, 29.7250404358, 36.6418495178, 53.9824676514, 28.22016716, 30.2797756195, 49.6198577881, 116.017494202, 46.5289115906, 28.1508922577, 30.4097156525, 25.6666736603], [169.891891479, -54.449382782, 9.97704792023, 17.1782951355, 19.6983356476, 20.9831752777, 31.9655761719, 26.6951503754, 46.5289115906, 101.263389587, 40.1517066956, 26.6628284454, 16.631357193], [97.6266021729, -23.5253715515, 44.0591239929, 7.69808530807, 0.194351896644, 34.1454544067, 42.9047927856, 28.5745449066, 28.1508922577, 40.1517066956, 89.3606033325, 35.9112434387, 17.5560112], [-2.48330283165, -57.2513847351, 57.7303504944, 12.3061790466, 17.9071273804, 15.943523407, 25.7752933502, 21.0961380005, 30.4097156525, 26.6628284454, 35.9112434387, 79.0215759277, 33.559513092], [67.0655288696, -22.4844875336, 31.3974628448, 16.2044143677, 25.8944778442, 10.6330890656, 23.851436615, 23.9948978424, 25.6666736603, 16.631357193, 17.5560112, 33.559513092, 75.1648025513]], "icov": [[8.72858290677e-05, 7.24181563783e-06, 3.32090894517e-05, 5.09865967615e-05, 6.54233226669e-05, -8.65801193868e-05, -3.03042452288e-05, 3.87246109312e-05, -7.77388195274e-05, -0.000114639202366, -2.35214138229e-05, 0.000100118937553, -0.000100910408946], [7.24181563783e-06, 0.000813557824586, 0.000290905794827, -0.000162237221957, -0.000616124889348, 0.000239668152062, 3.04195236822e-05, -0.00033756258199, 0.000238025881117, 0.000491384183988, -0.00042390965973, 0.000452226639027, 0.0001339190203], [3.32090894517e-05, 0.000290905794827, 0.00186689815018, -0.000580415013246, -0.000260028609773, -8.75498590176e-05, -0.000890459516086, 0.000693653884809, -0.000112596440886, 0.000659871497191, -0.000518876418937, -0.000795590050984, -6.5371634264e-05], [5.09865967615e-05, -0.000162237221957, -0.000580415013246, 0.00467523001134, -0.00107909925282, -0.0009545693174, 0.000636859738734, -0.00122135446873, -0.000262290181126, -0.000483454554342, 0.000466490339022, 0.000271929195151, -0.00019872309349], [6.54233226669e-05, -0.000616124889348, -0.000260028609773, -0.00107909925282, 0.00662729376927, -0.00165338604711, 0.000177632609848, 5.39917091373e-05, -0.00231567886658, -0.000608840084169, 0.00199611647986, -0.000583435001317, -0.00130453286693], [-8.65801193868e-05, 0.000239668152062, -8.75498590176e-05, -0.0009545693174, -0.00165338604711, 0.0104959672317, -0.00434400700033, -0.000597328704316, -9.30447931751e-05, 0.000693372567184, -0.00216333265416, 0.000487517827423, 0.00121120724361], [-3.03042452288e-05, 3.04195236822e-05, -0.000890459516086, 0.000636859738734, 0.000177632609848, -0.00434400700033, 0.0117878755555, -0.00423531560227, 0.00095147365937, -0.00125356821809, -0.00174141512252, 6.71087691444e-05, -0.0012351416517], [3.87246109312e-05, -0.00033756258199, 0.000693653884809, -0.00122135446873, 5.39917091373e-05, -0.000597328704316, -0.00423531560227, 0.0153320198879, -0.00457752496004, 0.00023662231979, -0.00126282172278, -0.000155334011652, -0.0017715159338], [-7.77388195274e-05, 0.000238025881117, -0.000112596440886, -0.000262290181126, -0.00231567886658, -9.30447931751e-05, 0.00095147365937, -0.00457752496004, 0.0139978351071, -0.00395295349881, -0.000506000884343, -0.00173599796835, -0.000797519984189], [-0.000114639202366, 0.000491384183988, 0.000659871497191, -0.000483454554342, -0.000608840084169, 0.000693372567184, -0.00125356821809, 0.00023662231979, -0.00395295349881, 0.0145770404488, -0.00468255486339, -0.00106758938637, 0.000206548997085], [-2.35214138229e-05, -0.00042390965973, -0.000518876418937, 0.000466490339022, 0.00199611647986, -0.00216333265416, -0.00174141512252, -0.00126282172278, -0.000506000884343, -0.00468255486339, 0.0178304705769, -0.00547079276294, 7.12982728146e-05], [0.000100118937553, 0.000452226639027, -0.000795590050984, 0.000271929195151, -0.000583435001317, 0.000487517827423, 6.71087691444e-05, -0.000155334011652, -0.00173599796835, -0.00106758938637, -0.00547079276294, 0.0197359900922, -0.00622492237017], [-0.000100910408946, 0.0001339190203, -6.5371634264e-05, -0.00019872309349, -0.00130453286693, 0.00121120724361, -0.0012351416517, -0.0017715159338, -0.000797519984189, 0.000206548997085, 7.12982728146e-05, -0.00622492237017, 0.0177291501313]], "mean": [-658.584533691, 91.5528793335, 0.107857368886, 6.4821267128, -1.8159031868, 4.27092885971, -2.990493536, -3.92176389694, -2.27428722382, -0.833184421062, -3.19565272331, -3.77591848373, -2.0532283783]}, "spectral_contrast_valleys": {"min": [-28.1396312714, -28.2916545868, -27.6110267639, -27.5103473663, -27.4102363586, -27.3649921417], "max": [-5.15723323822, -4.47020292282, -5.15811681747, -5.35671472549, -5.27314662933, -7.22486782074], "dvar2": [0.626416265965, 0.497317135334, 0.380486398935, 0.312995433807, 0.314095586538, 0.571933448315], "median": [-7.94494342804, -6.69054317474, -7.14774799347, -7.53926467896, -7.55809402466, -9.7424249649], "dmean2": [0.846019089222, 0.71095854044, 0.599413394928, 0.514266490936, 0.45778080821, 0.582011580467], "dmean": [0.565244436264, 0.438962429762, 0.38260191679, 0.344230443239, 0.338909566402, 0.477494478226], "var": [2.72489333153, 2.49182415009, 2.48866939545, 2.50723671913, 2.60056614876, 2.93650984764], "dvar": [0.329133987427, 0.220031782985, 0.182122930884, 0.165784746408, 0.182033345103, 0.342266827822], "mean": [-8.17394447327, -6.9846944809, -7.40518903732, -7.78162574768, -7.8230805397, -10.0534353256]}, "barkbands_flatness_db": {"min": 0.00797796808183, "max": 0.337669163942, "dvar2": 0.00113081699237, "median": 0.0736008584499, "dmean2": 0.032867308706, "dmean": 0.0213436558843, "var": 0.00169816846028, "dvar": 0.000490263686515, "mean": 0.0825314149261}, "dynamic_complexity": 5.01459169388, "erbbands_flatness_db": {"min": 0.0265477132052, "max": 0.369015872478, "dvar2": 0.0007274581003, "median": 0.117515467107, "dmean2": 0.0268584061414, "dmean": 0.0203784964979, "var": 0.00224150903523, "dvar": 0.000435112509876, "mean": 0.123003542423}, 