{"lowlevel": {"spectral_complexity": {"min": 0, "max": 60, "dvar2": 76.8065643311, "median": 13, "dmean2": 8.0615568161, "dmean": 6.11626291275, "var": 171.625106812, "dvar": 47.7051467896, "mean": 16.3695697784}, "silence_rate_20dB": {"min": 1, "max": 1, "dvar2": 0, "median": 1, "dmean2": 0, "dmean": 0, "var": 0, "dvar": 0, "mean": 1}, "average_loudness": 0.940949618816, "erbbands_spread": {"min": 2.91277933121, "max": 182.071838379, "dvar2": 506.146240234, "median": 60.2426223755, "dmean2": 23.7282314301, "dmean": 15.3898658752, "var": 638.581848145, "dvar": 226.31300354, "mean": 62.4335021973}, "spectral_kurtosis": {"min": -1.16079866886, "max": 73.4064788818, "dvar2": 4.66077136993, "median": 1.88338780403, "dmean2": 1.19570875168, "dmean": 0.781927525997, "var": 3.73007249832, "dvar": 2.00467777252, "mean": 2.06610512733}, "barkbands_kurtosis": {"min": -1.94654321671, "max": 947.122802734, "dvar2": 861.530090332, "median": 3.29221796989, "dmean2": 10.4872865677, "dmean": 6.81190109253, "var": 676.459655762, "dvar": 373.126434326, "mean": 8.94148540497}, "spectral_strongpeak": {"min": 0, "max": 17.4505825043, "dvar2": 0.950269460678, "median": 0.298522830009, "dmean2": 0.462529927492, "dmean": 0.268880844116, "var": 0.319593667984, "dvar": 0.347101658583, "mean": 0.416287750006}, "spectral_spread": {"min": 1457539, "max": 38678796, "dvar2": 2145286750210.0, "median": 6931265, "dmean2": 1402853.375, "dmean": 942035.4375, "var": 3465728753660.0, "dvar": 1026294939650.0, "mean": 7082666}, "spectral_rms": {"min": 2.34449339587e-06, "max": 0.0136258099228, "dvar2": 3.97835356125e-06, "median": 0.00506813824177, "dmean2": 0.0016691298224, "dmean": 0.00117867114022, "var": 6.95004519002e-06, "dvar": 1.88157991943e-06, "mean": 0.00505631696433}, "erbbands": {"min": [7.57812586016e-08, 8.79361223838e-08, 1.01640736716e-07, 2.13605744648e-07, 1.73459184794e-07, 3.62432814427e-07, 3.52761816202e-07, 3.39864385523e-07, 4.06153191079e-07, 3.95798053887e-07, 5.74465445879e-07, 6.13720999354e-07, 3.2009086226e-07, 3.16321660421e-07, 6.86296232288e-07, 2.96563513302e-07, 4.49019466942e-07, 9.11257359348e-07, 7.54590246288e-07, 6.469496725e-07, 1.98837437893e-06, 5.36071183888e-07, 4.89413423566e-07, 8.46782938879e-07, 3.97743320946e-07, 3.87683599001e-07, 5.50164656943e-07, 4.20530597012e-07, 6.62303136778e-07, 6.27142924259e-07, 3.9354239334e-07, 2.55849869291e-07, 5.2180809007e-07, 3.14142823754e-07, 2.75021477592e-07, 9.85491723782e-08, 5.72115368414e-08, 1.52535363895e-07, 1.27659287585e-08, 5.68965707881e-10], "max": [4.03952360153, 29.4643955231, 115.828475952, 194.605194092, 316.347625732, 254.036880493, 203.205612183, 413.705047607, 455.792572021, 763.603820801, 600.25390625, 1025.16845703, 832.019714355, 1225.3182373, 835.237548828, 762.495422363, 467.976257324, 558.587219238, 686.283813477, 791.92376709, 509.519683838, 398.749298096, 471.163360596, 661.880737305, 1284.96130371, 1043.34997559, 1256.67700195, 2837.48803711, 1126.12792969, 1096.91748047, 620.859375, 312.577453613, 133.227401733, 145.256469727, 149.156860352, 65.0452346802, 12.1573505402, 1.6728618145, 0.122675314546, 0.00666104489937], "dvar2": [0.183543100953, 15.0441951752, 401.811157227, 1281.57849121, 3656.47827148, 1701.93359375, 392.33581543, 859.012756348, 1642.17199707, 2635.36474609, 2343.87719727, 2442.80957031, 2969.79833984, 2287.22338867, 1656.9050293, 1334.01953125, 749.353027344, 878.791564941, 1390.50219727, 2015.45324707, 1150.66430664, 634.961303711, 442.619293213, 646.636047363, 1784.9453125, 1966.49987793, 3667.69506836, 10010.8115234, 2432.20410156, 1775.2635498, 801.606567383, 286.969665527, 54.651348114, 46.6998291016, 32.4648780823, 6.66208076477, 0.279960751534, 0.00690869288519, 4.9838967243e-05, 1.54137026698e-07], "median": [0.210167557001, 1.39351582527, 5.34052467346, 3.60080528259, 1.73378586769, 2.07913541794, 2.25708794594, 2.6675567627, 3.00617218018, 2.73911046982, 2.91374731064, 2.51708555222, 2.9915971756, 3.26548528671, 3.51837730408, 3.66956710815, 4.56091737747, 6.49836397171, 7.03455781937, 7.24932098389, 7.61309909821, 6.83396291733, 5.46382427216, 4.29699230194, 4.21840000153, 5.1794552803, 8.43454360962, 9.09597015381, 5.94693899155, 5.67244052887, 4.24849939346, 3.16418743134, 2.0984454155, 2.03858709335, 1.49343180656, 0.620005488396, 0.12238162756, 0.0174766778946, 0.00148888817057, 0.00011012408504], "dmean2": [0.272172927856, 2.28400015831, 10.9155292511, 15.8356781006, 21.9097099304, 16.3757209778, 9.99934482574, 13.4428701401, 18.5447826385, 21.0414009094, 19.6052436829, 17.6218833923, 19.216217041, 14.6478414536, 15.1308336258, 12.4974956512, 12.4818725586, 13.9183187485, 15.8510961533, 17.9373111725, 17.6165313721, 14.0078420639, 10.8044090271, 10.0266542435, 11.880279541, 13.2619552612, 20.9679489136, 23.060005188, 13.2337055206, 12.9842023849, 9.37541770935, 7.87459516525, 4.26641559601, 4.27727985382, 3.11063909531, 1.39142596722, 0.279964864254, 0.0373921319842, 0.00374199007638, 0.000229856494116], "dmean": [0.207599461079, 1.50724816322, 6.3262834549, 9.03070831299, 11.9727478027, 9.12612915039, 5.95281600952, 7.99001789093, 11.410618782, 13.1577739716, 12.1972341537, 10.8731679916, 11.9947013855, 9.29698085785, 9.32413864136, 7.85020971298, 7.7685880661, 8.9207983017, 10.0239953995, 11.9050674438, 11.2682685852, 9.27094364166, 7.01047039032, 6.55019426346, 7.68349647522, 8.91279411316, 14.1490421295, 15.0787696838, 8.91549682617, 8.71437931061, 6.45352745056, 5.33193731308, 2.89268565178, 2.8455581665, 2.09040284157, 0.913580358028, 0.18642129004, 0.0257260259241, 0.00259013893083, 0.000162003037985], "var": [0.260497778654, 8.59432029724, 131.908248901, 343.946411133, 773.577087402, 407.925811768, 176.616989136, 384.239593506, 882.989624023, 1638.5456543, 1451.12097168, 1610.58435059, 1712.85717773, 1303.84533691, 842.358093262, 626.462036133, 352.379547119, 462.224945068, 727.058837891, 848.164428711, 686.698669434, 402.604766846, 268.730804443, 375.142120361, 796.282714844, 814.92791748, 1690.77209473, 3301.0793457, 1317.33642578, 862.470825195, 593.243835449, 236.802490234, 54.2572479248, 37.8349838257, 25.3210220337, 4.61352443695, 0.226489588618, 0.00617571547627, 4.5627628424e-05, 1.388129931e-07], "dvar": [0.0995998233557, 6.22329521179, 148.210205078, 476.131286621, 1288.85302734, 602.241516113, 149.408676147, 320.604858398, 652.472717285, 1114.40576172, 980.428771973, 998.401367188, 1224.41357422, 966.239562988, 672.982177734, 555.964172363, 289.55557251, 361.704376221, 549.856811523, 769.67956543, 456.963897705, 273.95425415, 186.387161255, 269.604614258, 712.737609863, 771.192443848, 1503.3001709, 3808.07446289, 1013.0425415, 720.430847168, 378.92590332, 134.417373657, 26.2307834625, 21.151599884, 14.8121271133, 2.92877626419, 0.128662005067, 0.00329359760508, 2.26566080528e-05, 7.05416525193e-08], "mean": [0.387477070093, 2.28864169121, 8.49220752716, 8.76295471191, 9.08726882935, 8.31827735901, 7.44873714447, 10.2144451141, 14.7786903381, 17.642244339, 16.0452270508, 14.5992116928, 15.1446237564, 11.9109048843, 11.0653610229, 9.61070632935, 10.3387622833, 13.0358886719, 14.6510753632, 16.5505123138, 16.1169776917, 13.8012399673, 10.7254943848, 9.73326206207, 10.410697937, 12.5525989532, 19.917673111, 20.304983139, 13.4634685516, 12.3617591858, 9.36641216278, 7.49563169479, 4.25151491165, 3.93641352654, 2.99722146988, 1.28016781807, 0.271400779486, 0.03964657709, 0.00401594722643, 0.000261619890807]}, "zerocrossingrate": {"min": 0.001953125, "max": 0.40771484375, "dvar2": 0.00060115440283, "median": 0.0751953125, "dmean2": 0.0255798567086, "dmean": 0.0225132871419, "var": 0.004219410941, "dvar": 0.000514179293532, "mean": 0.0944330766797}, "spectral_contrast_coeffs": {"min": [-0.950853347778, -0.971082448959, -0.964462399483, -0.949655234814, -0.967137336731, -0.961724996567], "max": [-0.334377199411, -0.423689752817, -0.507311403751, -0.623923122883, -0.607508063316, -0.527175307274], "dvar2": [0.00692355260253, 0.00451704440638, 0.00251490902156, 0.0014000965748, 0.000826224393677, 0.000887482601684], "median": [-0.679765105247, -0.782453656197, -0.822150826454, -0.826432108879, -0.827494740486, -0.767679810524], "dmean2": [0.0949255898595, 0.0811729729176, 0.0614835396409, 0.046729657799, 0.0339975133538, 0.0328330807388], "dmean": [0.0600889921188, 0.0504209212959, 0.0381222516298, 0.0283254869282, 0.0209194123745, 0.0210894495249], "var": [0.00747548462823, 0.00751395709813, 0.00405894732103, 0.00160700525157, 0.00100099458359, 0.00159326847643], "dvar": [0.0030287890695, 0.00183899176773, 0.00101751030888, 0.000537841115147, 0.000341289589414, 0.000384241284337], "mean": [-0.674050927162, -0.768061578274, -0.810568213463, -0.823109090328, -0.825953364372, -0.768060326576]}, "dissonance": {"min": 0.24112264812, "max": 0.500000119209, "dvar2": 0.00051986874314, "median": 0.484633207321, "dmean2": 0.0216630417854, "dmean": 0.0132181951776, "var": 0.000488091784064, "dvar": 0.000209615609492, "mean": 0.47757422924}, "spectral_energyband_high": {"min": 3.45304895788e-10, "max": 0.0879388079047, "dvar2": 2.33832815866e-05, "median": 0.00130586745217, "dmean2": 0.00206422386691, "dmean": 0.00146655226126, "var": 1.54923036462e-05, "dvar": 1.01947598523e-05, "mean": 0.00234106695279}, "spectral_skewness": {"min": -0.187290266156, "max": 7.23117351532, "dvar2": 0.0908347591758, "median": 1.17842698097, "dmean2": 0.260248064995, "dmean": 0.174884200096, "var": 0.12057249248, "dvar": 0.041417516768, "mean": 1.18592441082}, "spectral_flux": {"min": 5.72311219003e-05, "max": 0.457604199648, "dvar2": 0.00321459257975, "median": 0.0823581591249, "dmean2": 0.0520608872175, "dmean": 0.036699924618, "var": 0.00522509869188, "dvar": 0.00199575675651, "mean": 0.0987330004573}, "silence_rate_30dB": {"min": 0, "max": 1, "dvar2": 0.103558845818, "median": 1, "dmean2": 0.080466710031, "dmean": 0.040229305625, "var": 0.0247923340648, "dvar": 0.0386102385819, "mean": 0.974557518959}, "spectral_energyband_middle_high": {"min": 1.77157316594e-10, "max": 0.054872892797, "dvar2": 1.38714594868e-05, "median": 0.00157666835003, "dmean2": 0.00203992077149, "dmean": 0.00143846380524, "var": 1.24041844174e-05, "dvar": 6.16509896645e-06, "mean": 0.00271022040397}, "barkbands_spread": {"min": 0.0862475633621, "max": 125.805183411, "dvar2": 356.334075928, "median": 29.39361763, "dmean2": 18.6027050018, "dmean": 12.116601944, "var": 570.202392578, "dvar": 170.180786133, "mean": 35.4597625732}, "spectral_centroid": {"min": 78.9499664307, "max": 10846.7822266, "dvar2": 459389.90625, "median": 1592.09436035, "dmean2": 683.950927734, "dmean": 456.118713379, "var": 847871.375, "dvar": 237688.671875, "mean": 1761.08203125}, "pitch_salience": {"min": 0.0607085376978, "max": 0.888140320778, "dvar2": 0.0178876407444, "median": 0.511479973793, "dmean2": 0.14563305676, "dmean": 0.0940449908376, "var": 0.0213968344033, "dvar": 0.00780463265255, "mean": 0.510922551155}, "erbbands_skewness": {"min": -5.18914890289, "max": 7.31558418274, "dvar2": 0.539203882217, "median": -0.0883427709341, "dmean2": 0.715369641781, "dmean": 0.484145611525, "var": 0.893841326237, "dvar": 0.25923666358, "mean": -0.0633944198489}, "erbbands_crest": {"min": 2.18670463562, "max": 31.7965927124, "dvar2": 13.455075264, "median": 5.81643295288, "dmean2": 3.77903604507, "dmean": 2.31342506409, "var": 11.8716678619, "dvar": 5.49900770187, "mean": 6.79640817642}, "melbands": {"min": [7.45709383132e-10, 7.14842837701e-11, 3.40237837904e-11, 2.01678968664e-11, 1.39037028418e-11, 8.6175407088e-12, 5.52296142847e-12, 4.99529844572e-12, 3.89044352289e-12, 3.72669863719e-12, 1.49969847738e-12, 1.10167615048e-12, 2.7072560773e-12, 8.99942013272e-13, 7.4655982351e-13, 1.28762137671e-12, 1.78165208281e-12, 1.06054054427e-12, 1.11162641592e-12, 5.7648005293e-13, 2.11028373595e-12, 5.73660802021e-13, 3.15381103394e-13, 3.97918921121e-13, 7.68425579244e-13, 2.63965715605e-13, 3.50476456667e-13, 2.2311396708e-13, 3.21645623547e-13, 3.53111853993e-13, 2.05023200023e-13, 2.91682259942e-13, 5.74930131714e-13, 2.48711262089e-13, 2.12770420857e-13, 1.69239757842e-13, 1.19605104358e-13, 3.31192999458e-13, 3.27053569773e-13, 2.50110967093e-13], "max": [0.030343119055, 0.0511351898313, 0.0330117233098, 0.0214698258787, 0.00833806861192, 0.00877423863858, 0.00734338629991, 0.007475879509, 0.00408800737932, 0.00625049415976, 0.00432229647413, 0.00521286437288, 0.00255688186735, 0.00296456925571, 0.00141464266926, 0.00100072484929, 0.00118427700363, 0.00115128920879, 0.00185127346776, 0.000768782454543, 0.00062573532341, 0.000423281016992, 0.000570969597902, 0.000278865423752, 0.000650344940368, 0.000917082710657, 0.000747503596358, 0.00081839755876, 0.000700798642356, 0.00105672015343, 0.00207599718124, 0.000688901520334, 0.000865757116117, 0.000507881690282, 0.000354288087692, 0.000391388311982, 0.000186484190635, 0.000103800666693, 8.2734040916e-05, 0.000144662102684], "dvar2": [1.40763031595e-05, 6.22651132289e-05, 4.11374385294e-05, 1.51579743033e-05, 6.16126555997e-07, 3.97728030066e-07, 3.74393522407e-07, 3.37010050089e-07, 1.29064289922e-07, 9.94966029566e-08, 7.75530395458e-08, 4.25802433313e-08, 1.8530050383e-08, 1.50747236916e-08, 5.13852338457e-09, 4.08126776819e-09, 3.45702289017e-09, 3.47888318153e-09, 8.04300714918e-09, 2.31274066564e-09, 1.88751081431e-09, 8.62139415414e-10, 6.55305754105e-10, 3.03650854461e-10, 5.4533355609e-10, 8.087589487e-10, 1.17909149111e-09, 9.45418965337e-10, 1.09711661977e-09, 2.88523227532e-09, 4.15010825705e-09, 8.40092440058e-10, 8.56289150697e-10, 5.31090393885e-10, 3.58060248118e-10, 2.18704929167e-10, 8.59597462655e-11, 3.14170425786e-11, 2.69588257967e-11, 4.14562065232e-11], "median": [0.00180439697579, 0.00274342531338, 0.000667360378429, 0.000145660014823, 8.90270748641e-05, 6.00035709795e-05, 4.36359987361e-05, 2.88254796033e-05, 2.27697655646e-05, 1.45470694406e-05, 1.38872073876e-05, 1.22064029711e-05, 1.07588530227e-05, 9.98489122139e-06, 8.73511271493e-06, 9.68493259279e-06, 1.17036433949e-05, 1.06688257802e-05, 9.15482087294e-06, 9.52560549194e-06, 8.21282264951e-06, 6.76875288264e-06, 5.76270849706e-06, 3.92292076867e-06, 3.28157193508e-06, 2.89753847937e-06, 2.90567322736e-06, 3.33511229655e-06, 4.77022376799e-06, 5.8328500927e-06, 4.76665081806e-06, 3.18191314364e-06, 3.01732825392e-06, 3.17160584018e-06, 2.21923482968e-06, 2.4231894713e-06, 1.59367937158e-06, 1.30897467443e-06, 1.59414048539e-06, 1.6455860532e-06], "dmean2": [0.00239716772921, 0.00448031211272, 0.00281292945147, 0.00143404863775, 0.000389750552131, 0.000295528792776, 0.000280705484329, 0.00023919060186, 0.000150209118146, 0.00011091415945, 9.72900379566e-05, 6.09340095252e-05, 5.14556268172e-05, 3.89617416658e-05, 2.95531099255e-05, 2.89030103886e-05, 2.7522115488e-05, 2.65541511908e-05, 2.83992067125e-05, 2.30896312132e-05, 2.21090176638e-05, 1.65309611475e-05, 1.22835490401e-05, 9.03847194422e-06, 8.50548713061e-06, 8.70798066899e-06, 9.20579986996e-06, 9.26286884351e-06, 1.23194604384e-05, 1.63569948199e-05, 1.30335820359e-05, 8.06907519291e-06, 7.35354524295e-06, 7.4189820225e-06, 5.38563926966e-06, 6.60855130263e-06, 3.98755173592e-06, 2.9174464089e-06, 3.39664370586e-06, 3.85913244827e-06], "dmean": [0.00175965658855, 0.00269066588953, 0.00161824456882, 0.000787804252468, 0.000229080527788, 0.000176327201189, 0.000172999949427, 0.000149581188452, 9.34535855777e-05, 6.83840844431e-05, 6.06387548032e-05, 3.84202212445e-05, 3.16889527312e-05, 2.46083145612e-05, 1.8108268705e-05, 1.78203135874e-05, 1.74455053639e-05, 1.65401652339e-05, 1.79325797944e-05, 1.48452481881e-05, 1.37915831147e-05, 1.07709502117e-05, 7.70742644818e-06, 5.88456850892e-06, 5.43517717233e-06, 5.60918124393e-06, 5.8238042584e-06, 6.14222062723e-06, 8.20240165922e-06, 1.07031910375e-05, 8.33639842313e-06, 5.33791353519e-06, 4.81597498947e-06, 4.93349489261e-06, 3.65481514564e-06, 4.37708195022e-06, 2.69468523584e-06, 1.93480741473e-06, 2.2497183636e-06, 2.53423513641e-06], "var": [1.5741590687e-05, 2.42910355155e-05, 1.13411106213e-05, 3.2667026062e-06, 2.48216480259e-07, 1.80351392487e-07, 2.09970366427e-07, 2.16077211235e-07, 8.10703255638e-08, 6.49068638836e-08, 4.39246541362e-08, 2.31118519878e-08, 9.4802388162e-09, 8.28167312505e-09, 2.21682805446e-09, 1.70156910784e-09, 1.76221714998e-09, 1.75498082733e-09, 2.67591060421e-09, 1.19683274402e-09, 9.9511932028e-10, 5.18573128883e-10, 3.21380422275e-10, 2.00167354913e-10, 2.68029765049e-10, 3.97639282612e-10, 4.71807315439e-10, 3.66605634738e-10, 5.23201981739e-10, 1.11903530886e-09, 1.22240828571e-09, 4.60281562864e-10, 3.48319484367e-10, 2.60023030885e-10, 2.26638111056e-10, 1.60426061324e-10, 6.89490825545e-11, 2.76635346574e-11, 2.49377012096e-11, 2.9625850384e-11], "dvar": [6.8752920015e-06, 2.37398107856e-05, 1.54695771926e-05, 5.32707463208e-06, 2.30254002531e-07, 1.4894563094e-07, 1.50031425505e-07, 1.41772730444e-07, 5.40427294027e-08, 4.07310416506e-08, 3.19722488484e-08, 1.78266486017e-08, 7.79300535214e-09, 6.45305275881e-09, 2.02389571768e-09, 1.55486368225e-09, 1.42071532316e-09, 1.34790723028e-09, 2.92284640935e-09, 9.2486773795e-10, 7.32317706476e-10, 3.74550696014e-10, 2.56243581909e-10, 1.32358624061e-10, 2.16509796203e-10, 3.39077016465e-10, 4.50399884055e-10, 3.66250224593e-10, 4.51467058182e-10, 1.13998710471e-09, 1.53777668377e-09, 3.50116824421e-10, 3.31028288114e-10, 2.17174861428e-10, 1.62156260641e-10, 9.91131551831e-11, 3.97162823462e-11, 1.46184037098e-11, 1.26144181906e-11, 1.83200832976e-11], "mean": [0.0031486118678, 0.00394308380783, 0.00159553228877, 0.000643522187602, 0.00028002075851, 0.000228656237596, 0.000226225689403, 0.000202177761821, 0.000120782780868, 8.93703690963e-05, 7.4018338637e-05, 4.81659262732e-05, 3.5927270801e-05, 2.97060159937e-05, 2.1803241907e-05, 2.28004500968e-05, 2.45280425588e-05, 2.30577606999e-05, 2.32698348555e-05, 2.10653834074e-05, 1.8306020138e-05, 1.49191182572e-05, 1.11117042252e-05, 8.48800937092e-06, 7.73838655732e-06, 7.42105612517e-06, 7.44064936953e-06, 8.39080348669e-06, 1.14626654977e-05, 1.3824137568e-05, 1.09213997348e-05, 7.77278182795e-06, 6.76087574902e-06, 6.81294750393e-06, 5.1897850426e-06, 5.93991262576e-06, 3.78170921067e-06, 2.77681647276e-06, 3.17768467539e-06, 3.36738662554e-06]}, "spectral_entropy": {"min": 4.84254837036, "max": 9.81244468689, "dvar2": 0.0847048014402, "median": 8.11886882782, "dmean2": 0.267677366734, "dmean": 0.183012664318, "var": 0.135432645679, "dvar": 0.0411902330816, "mean": 8.08926200867}, "spectral_rolloff": {"min": 64.599609375, "max": 12553.8574219, "dvar2": 7060539, "median": 753.662109375, "dmean2": 1901.96179199, "dmean": 1144.85949707, "var": 9213488, "dvar": 3342465.5, "mean": 2250.14135742}, "barkbands": {"min": [2.51567522369e-09, 9.33575661222e-10, 5.87766779692e-11, 2.4864244344e-11, 8.16896966738e-11, 4.37449070023e-11, 2.13141952005e-11, 3.29962515644e-11, 3.11603624847e-11, 5.77334577714e-12, 1.67965242409e-11, 7.88171784782e-12, 1.29899164342e-11, 1.43436044292e-11, 1.50247505409e-11, 2.32777876835e-11, 1.0492615457e-11, 7.74335717074e-12, 1.24423778572e-11, 9.56956389131e-12, 1.24756160264e-11, 2.11330883348e-11, 1.33048971146e-11, 2.17408382963e-11, 4.13802429822e-11, 2.46624387579e-11, 1.29514662883e-10], "max": [0.0043856841512, 0.106790363789, 0.115376621485, 0.0769172087312, 0.079405836761, 0.0381215140224, 0.0427015274763, 0.0326529070735, 0.034482371062, 0.028900180012, 0.0217047855258, 0.0232081767172, 0.0104749463499, 0.0139019694179, 0.0224140882492, 0.00834922213107, 0.00631156982854, 0.00716460449621, 0.01922625117, 0.0218441039324, 0.0544886738062, 0.0288327801973, 0.0209083650261, 0.00912929419428, 0.0174332782626, 0.00900223478675, 0.000788574805483], "dvar2": [1.44382880762e-07, 0.000225629701163, 0.000479082111269, 0.000232145554037, 0.000209968784475, 9.28085682972e-06, 9.15225973586e-06, 7.50952222006e-06, 3.61041566066e-06, 3.26417193719e-06, 1.07501000457e-06, 1.02988883555e-06, 4.00583786586e-07, 3.65456031659e-07, 1.0261026091e-06, 3.76292035753e-07, 2.26856812446e-07, 1.46735658291e-07, 4.42789314548e-07, 8.92876414582e-07, 4.92625486004e-06, 1.6600267827e-06, 1.14471595225e-06, 3.29236655716e-07, 4.65317299359e-07, 1.4405230786e-07, 1.68856817417e-09], "median": [0.000246350187808, 0.0065726111643, 0.00452964287251, 0.000468825164717, 0.000658257398754, 0.0003177987237, 0.000186158722499, 0.000115027993161, 0.000103036807559, 9.77407762548e-05, 7.18424053048e-05, 8.86576672201e-05, 8.96627316251e-05, 0.000128901054268, 0.000122180441394, 0.000139351584949, 0.00011495083163, 9.24130363273e-05, 8.16240062704e-05, 0.000106412968307, 0.000237312953686, 0.000176740766619, 0.000161702293553, 0.000138488554512, 0.000204206298804, 9.33941191761e-05, 8.48902891448e-06], "dmean2": [0.000295729434583, 0.0093232030049, 0.0113803343847, 0.00584350898862, 0.00550004187971, 0.00146013987251, 0.00133748957887, 0.00108713307418, 0.000731804291718, 0.000599204038735, 0.000390724948375, 0.000334326352458, 0.000274388497928, 0.000294434285024, 0.000359002267942, 0.000324860506225, 0.000264825212071, 0.000200396985747, 0.000216308966628, 0.000279085536022, 0.000603799417149, 0.000368872628314, 0.000354420335498, 0.000302904605633, 0.000403138721595, 0.000210440848605, 2.19248377107e-05], "dmean": [0.000229427663726, 0.00651603145525, 0.00641934713349, 0.00323651800863, 0.00303572625853, 0.000872539472766, 0.000830540317111, 0.000672973925248, 0.000452809559647, 0.000374278635718, 0.000239946632064, 0.000208059936995, 0.000169243940036, 0.000186170771485, 0.00022616465867, 0.000208265570109, 0.000173876862391, 0.000129079126054, 0.000140761127113, 0.000185379918548, 0.000401994853746, 0.000249254750088, 0.000241828107391, 0.000207369739655, 0.000272122764727, 0.00013882778876, 1.52686479851e-05], "var": [2.73712799981e-07, 0.000184312651982, 0.000137555383844, 5.25737596035e-05, 4.65707744297e-05, 4.17088813265e-06, 5.31466139364e-06, 4.55508507002e-06, 2.416783218e-06, 1.77143681412e-06, 5.79935772294e-07, 5.04419460867e-07, 1.68318919691e-07, 1.96419122744e-07, 4.0415952185e-07, 2.28983850548e-07, 1.36418506713e-07, 9.35479675945e-08, 2.26360484135e-07, 3.61900902135e-07, 1.79981043402e-06, 9.13549456527e-07, 7.31573948087e-07, 3.02027871157e-07, 3.98075030716e-07, 1.10350953264e-07, 1.67533753537e-09], "dvar": [8.70111378504e-08, 9.95279624476e-05, 0.00017242031754, 8.31716752145e-05, 7.38051021472e-05, 3.47352693097e-06, 3.72284034711e-06, 3.07540472022e-06, 1.4978014633e-06, 1.35575260174e-06, 4.73214583963e-07, 4.29455013773e-07, 1.50455662151e-07, 1.501389022e-07, 3.8750749809e-07, 1.52588626179e-07, 9.65083586379e-08, 6.30551895142e-08, 1.83186841696e-07, 3.4761490042e-07, 1.91909475689e-06, 6.90765659783e-07, 5.06990147642e-07, 1.57090724429e-07, 2.16417220145e-07, 6.51045866107e-08, 7.8267392567e-10], "mean": [0.000440209405497, 0.0110395476222, 0.00797277595848, 0.00243712076917, 0.00265505933203, 0.00112952501513, 0.00107405090239, 0.000866400834639, 0.000589272123761, 0.00045904237777, 0.00026087227161, 0.000248759402893, 0.000215669409954, 0.000268209347269, 0.000298990518786, 0.00030024474836, 0.000243752496317, 0.000190426595509, 0.000196955748834, 0.000258954765741, 0.000546423427295, 0.000377428077627, 0.000348606234184, 0.000297416670946, 0.000390987901483, 0.00019859407621, 2.3976976081e-05]}, "melbands_flatness_db": {"min": 0.0124060213566, "max": 0.80616658926, "dvar2": 0.00290009030141, "median": 0.196432903409, "dmean2": 0.0561202652752, "dmean": 0.038663059473, "var": 0.00589627586305, "dvar": 0.00147304066923, "mean": 0.198890686035}, "melbands_skewness": {"min": -3.00934481621, "max": 30.94972229, "dvar2": 5.66214418411, "median": 4.08342266083, "dmean2": 2.20699095726, "dmean": 1.46009945869, "var": 8.39881324768, "dvar": 2.71787452698, "mean": 4.67170524597}, "barkbands_skewness": {"min": -6.35074043274, "max": 25.5018959045, "dvar2": 2.42135930061, "median": 1.98535847664, "dmean2": 1.34916639328, "dmean": 0.907267332077, "var": 3.568557024, "dvar": 1.1733058691, "mean": 2.20135116577}, "silence_rate_60dB": {"min": 0, "max": 1, "dvar2": 0.0587327443063, "median": 0, "dmean2": 0.0531080253422, "dmean": 0.0265513435006, "var": 0.106950081885, "dvar": 0.0258443579078, "mean": 0.121781982481}, "spectral_energyband_low": {"min": 3.23762749943e-09, "max": 0.188753649592, "dvar2": 0.000782453396823, "median": 0.0152228623629, "dmean2": 0.0176669042557, "dmean": 0.0113283609971, "var": 0.00048819751828, "dvar": 0.000312090007355, "mean": 0.0207810923457}, "spectral_energyband_middle_low": {"min": 4.54188020527e-10, "max": 0.123861543834, "dvar2": 0.000803145463578, "median": 0.00365943601355, "dmean2": 0.0127361658961, "dmean": 0.00750438217074, "var": 0.000240779700107, "dvar": 0.000298216968076, "mean": 0.0089307455346}, "melbands_kurtosis": {"min": -1.92869544029, "max": 1423.13366699, "dvar2": 5283.02148438, "median": 21.1613235474, "dmean2": 36.3355140686, "dmean": 23.4092254639, "var": 3926.66259766, "dvar": 2377.79589844, "mean": 39.5706939697}, "spectral_decrease": {"min": -4.99160890399e-08, "max": -1.378452101e-15, "dvar2": 6.90027118675e-17, "median": -6.39550012949e-09, "dmean2": 5.68565194925e-09, "dmean": 3.81123888005e-09, "var": 5.78888322712e-17, "dvar": 3.02859211094e-17, "mean": -8.17951928411e-09}, "erbbands_kurtosis": {"min": -1.92425441742, "max": 61.4949417114, "dvar2": 13.2943496704, "median": -0.418820500374, "dmean2": 1.91606390476, "dmean": 1.2346984148, "var": 9.40524578094, "dvar": 6.18021821976, "mean": 0.342424213886}, "melbands_crest": {"min": 2.32600808144, "max": 36.1032104492, "dvar2": 28.0167102814, "median": 17.8828353882, "dmean2": 6.16812610626, "dmean": 3.88561081886, "var": 35.2008361816, "dvar": 11.4985179901, "mean": 17.7960395813}, "gfcc": {"cov": [[13557.5351562, 306.742889404, 69.6860122681, 74.8180999756, -332.065612793, -1.47425603867, -318.937957764, 121.023284912, -67.6810836792, 168.071487427, -126.712219238, -16.4786949158, -92.8090286255], [306.742889404, 1377.85620117, -170.686141968, -32.7190666199, -33.4292411804, -219.450973511, 42.4224128723, -20.0579433441, 71.2923812866, 13.4076738358, 28.7765541077, -52.8459472656, 30.5512695312], [69.6860122681, -170.686141968, 595.880004883, 103.020736694, 6.13709020615, 56.4714431763, -49.8450202942, -6.74291801453, -10.707242012, -12.192700386, -1.1647387743, 36.1108932495, -14.6720371246], [74.8180999756, -32.7190666199, 103.020736694, 413.562744141, 197.620742798, 98.0413284302, 9.22605133057, -15.9958639145, 28.676776886, 16.0571784973, 0.410084158182, 12.1923408508, 4.63410186768], [-332.065612793, -33.4292411804, 6.13709020615, 197.620742798, 405.150146484, 165.005218506, 72.2312927246, 30.7097053528, 40.0948944092, 6.63930559158, 5.01234531403, 2.4962644577, 13.7102565765], [-1.47425603867, -219.450973511, 56.4714431763, 98.0413284302, 165.005218506, 292.423126221, 92.9450302124, 44.1439285278, 22.3513298035, 10.5459938049, 3.55899572372, 17.5363903046, -6.19559192657], [-318.937957764, 42.4224128723, -49.8450202942, 9.22605133057, 72.2312927246, 92.9450302124, 175.567321777, 60.5238227844, 30.309633255, 4.55501890182, 9.0517244339, -8.97237110138, 8.85972976685], [121.023284912, -20.0579433441, -6.74291801453, -15.9958639145, 30.7097053528, 44.1439285278, 60.5238227844, 129.455352783, 57.2059364319, 28.8693199158, 2.3376326561, 0.883246600628, -3.55949115753], [-67.6810836792, 71.2923812866, -10.707242012, 28.676776886, 40.0948944092, 22.3513298035, 30.309633255, 57.2059364319, 113.657661438, 49.3965454102, 18.6624679565, -1.30946552753, 1.80246293545], [168.071487427, 13.4076738358, -12.192700386, 16.0571784973, 6.63930559158, 10.5459938049, 4.55501890182, 28.8693199158, 49.3965454102, 94.592048645, 38.9445533752, 15.9646673203, 1.82817411423], [-126.712219238, 28.7765541077, -1.1647387743, 0.410084158182, 5.01234531403, 3.55899572372, 9.0517244339, 2.3376326561, 18.6624679565, 38.9445533752, 73.2126846313, 38.0451660156, 13.6341238022], [-16.4786949158, -52.8459472656, 36.1108932495, 12.1923408508, 2.4962644577, 17.5363903046, -8.97237110138, 0.883246600628, -1.30946552753, 15.9646673203, 38.0451660156, 78.7800369263, 33.4765396118], [-92.8090286255, 30.5512695312, -14.6720371246, 4.63410186768, 13.7102565765, -6.19559192657, 8.85972976685, -3.55949115753, 1.80246293545, 1.82817411423, 13.6341238022, 33.4765396118, 62.3977241516]], "icov": [[9.51458423515e-05, -7.41856638342e-05, 1.52939410327e-05, -6.40401412966e-05, 0.000111006862426, -0.000150418782141, 0.000260090717347, -0.000248723488767, 0.000254718150245, -0.000318433565553, 0.000297266873531, -6.90439919708e-05, 6.98087242199e-05], [-7.41856638342e-05, 0.00105795962736, 7.94758016127e-05, -7.7648437582e-06, -0.000189801459783, 0.00104474881664, -0.00077582616359, 0.000609647773672, -0.000979030621238, 0.000465848948807, -0.000855543417856, 0.000893058895599, -0.000596260069869], [1.52939410327e-05, 7.94758016127e-05, 0.00198479904793, -0.000557995284908, 0.000303755135974, -0.000414540205384, 0.000686606217641, -0.000287373753963, -6.08262744208e-05, 0.00055497745052, 0.000100079312688, -0.00111915369052, 0.000834248203319], [-6.40401412966e-05, -7.7648437582e-06, -0.000557995284908, 0.00361563032493, -0.00172727368772, -0.000224977717153, -6.38413475826e-05, 0.00155962654389, -0.000985008082353, -0.000619637838099, 0.000808239215985, -0.000586713140365, 0.000148818289745], [0.000111006862426, -0.000189801459783, 0.000303755135974, -0.00172727368772, 0.00430612359196, -0.0020677333232, 0.00016555559705, -0.000755565997679, -0.000228457327466, 0.000442514749011, -0.000366763124475, 0.000972169858869, -0.0012081292225], [-0.000150418782141, 0.00104474881664, -0.000414540205384, -0.000224977717153, -0.0020677333232, 0.00682217581198, -0.00365947792307, 0.000515319174156, -0.000758576556109, 2.23212282435e-05, 0.00044661317952, -0.00200678734109, 0.0018650079146], [0.000260090717347, -0.00077582616359, 0.000686606217641, -6.38413475826e-05, 0.00016555559705, -0.00365947792307, 0.0102035719901, -0.0045926370658, 0.000996237620711, 0.000914091535378, -0.00209633517079, 0.00314130005427, -0.00246042222716], [-0.000248723488767, 0.000609647773672, -0.000287373753963, 0.00155962654389, -0.000755565997679, 0.000515319174156, -0.0045926370658, 0.0134517084807, -0.00626019248739, -0.00130574568175, 0.00269116228446, -0.00237450818531, 0.00168978783768], [0.000254718150245, -0.000979030621238, -6.08262744208e-05, -0.000985008082353, -0.000228457327466, -0.000758576556109, 0.000996237620711, -0.00626019248739, 0.0159399416298, -0.00664711697027, -0.000540879555047, 0.00220891344361, -0.000939226418268], [-0.000318433565553, 0.000465848948807, 0.00055497745052, -0.000619637838099, 0.000442514749011, 2.23212282435e-05, 0.000914091535378, -0.00130574568175, -0.00664711697027, 0.0188787262887, -0.0096186529845, 0.000656403484754, 0.000563940673601], [0.000297266873531, -0.000855543417856, 0.000100079312688, 0.000808239215985, -0.000366763124475, 0.00044661317952, -0.00209633517079, 0.00269116228446, -0.000540879555047, -0.0096186529845, 0.0261286981404, -0.0129698906094, 0.00294725690037], [-6.90439919708e-05, 0.000893058895599, -0.00111915369052, -0.000586713140365, 0.000972169858869, -0.00200678734109, 0.00314130005427, -0.00237450818531, 0.00220891344361, 0.000656403484754, -0.0129698906094, 0.026457644999, -0.0131975524127], [6.98087242199e-05, -0.000596260069869, 0.000834248203319, 0.000148818289745, -0.0012081292225, 0.0018650079146, -0.00246042222716, 0.00168978783768, -0.000939226418268, 0.000563940673601, 0.00294725690037, -0.0131975524127, 0.0239506326616]], "mean": [3.16977953911, 43.3889007568, -78.1272201538, 45.9219589233, -46.7443962097, 26.82954216, -32.4896736145, 12.5720453262, -19.9119377136, 12.4401502609, -21.8809490204, 2.63571476936, -11.1353120804]}, "melbands_spread": {"min": 0.140224143863, "max": 269.404907227, "dvar2": 933.155700684, "median": 16.6093273163, "dmean2": 19.5465564728, "dmean": 12.5559749603, "var": 1019.84008789, "dvar": 420.804901123, "mean": 27.6145381927}, "spectral_energy": {"min": 5.63406521437e-09, "max": 0.190304279327, "dvar2": 0.00104946119245, "median": 0.02632817626, "dmean2": 0.0224817898124, "dmean": 0.0152001939714, "var": 0.000900812156033, "dvar": 0.000463278731331, "mean": 0.0333293788135}, "mfcc": {"cov": [[12055.5253906, 572.145019531, 20.0538959503, 102.292266846, -63.5730476379, -72.2119598389, -196.480682373, -169.792541504, 24.4750404358, 22.9669704437, -7.46645545959, -0.94024926424, -26.5221138], [572.145019531, 1085.82226562, -63.6161231995, 61.9565849304, -120.285400391, -131.226287842, -72.1756668091, -68.0330734253, 7.72368812561, 1.31628191471, 18.8550167084, 9.64119243622, -24.0358257294], [20.0538959503, -63.6161231995, 529.934875488, 25.3553161621, 7.79565095901, -3.489538908, -43.5301399231, -2.84573888779, -42.5853652954, -37.9582977295, -13.4496412277, 1.41899311543, -7.64086532593], [102.292266846, 61.9565849304, 25.3553161621, 323.700378418, 126.309051514, 66.700012207, -1.43373680115, -6.80349493027, 16.1145095825, -2.73397731781, 3.59535288811, 9.48113822937, -0.159819349647], [-63.5730476379, -120.285400391, 7.79565095901, 126.309051514, 311.713684082, 157.364273071, 55.1178092957, 53.2897262573, 42.0667915344, 8.55327415466, 17.9891242981, 22.1160335541, 19.1464729309], [-72.2119598389, -131.226287842, -3.489538908, 66.700012207, 157.364273071, 242.953811646, 101.825401306, 66.0672683716, 37.1991386414, 19.399980545, 15.4090642929, 15.9476251602, 18.0532512665], [-196.480682373, -72.1756668091, -43.5301399231, -1.43373680115, 55.1178092957, 101.825401306, 154.462860107, 79.1422958374, 39.9142036438, 21.1147327423, 14.1333646774, -0.838343918324, 11.3648071289], [-169.792541504, -68.0330734253, -2.84573888779, -6.80349493027, 53.2897262573, 66.0672683716, 79.1422958374, 124.914901733, 59.3641700745, 28.7681903839, 15.5982809067, 6.85705709457, 12.025094986], [24.4750404358, 7.72368812561, -42.5853652954, 16.1145095825, 42.0667915344, 37.1991386414, 39.9142036438, 59.3641700745, 105.658248901, 54.7457771301, 25.8734970093, 10.1980514526, 5.32695484161], [22.9669704437, 1.31628191471, -37.9582977295, -2.73397731781, 8.55327415466, 19.399980545, 21.1147327423, 28.7681903839, 54.7457771301, 100.631912231, 50.9773368835, 17.9011497498, 3.18406367302], [-7.46645545959, 18.8550167084, -13.4496412277, 3.59535288811, 17.9891242981, 15.4090642929, 14.1333646774, 15.5982809067, 25.8734970093, 50.9773368835, 79.3917617798, 33.9037361145, 12.255068779], [-0.94024926424, 9.64119243622, 1.41899311543, 9.48113822937, 22.1160335541, 15.9476251602, -0.838343918324, 6.85705709457, 10.1980514526, 17.9011497498, 33.9037361145, 65.6022567749, 32.0742988586], [-26.5221138, -24.0358257294, -7.64086532593, -0.159819349647, 19.1464729309, 18.0532512665, 11.3648071289, 12.025094986, 5.32695484161, 3.18406367302, 12.255068779, 32.0742988586, 70.1706695557]], "icov": [[8.79434737726e-05, -3.92170586565e-05, -9.41949019762e-06, -5.17768739883e-06, 7.6757169154e-06, -5.36476691195e-05, 9.27647124627e-05, 0.000112741319754, -9.53383059823e-05, -3.23572785419e-05, 3.0923903978e-05, 2.03143681574e-05, -9.84809503279e-06], [-3.92170586565e-05, 0.00111141370144, 0.000132911110995, -0.000400257384172, 0.000396199902752, 0.000424240686698, 4.37286234956e-06, 0.000341668404872, -0.000534147664439, 0.000388451240724, -0.000448994047474, -0.000350373535184, 0.00036441339762], [-9.41949019762e-06, 0.000132911110995, 0.00209184852429, -0.000212895218283, 4.59960865555e-05, -0.000170619401615, 0.000907439156435, -0.000944824016187, 0.000863242545165, 0.000565031834412, -0.000212361599552, -0.000263080029981, 0.000381721765734], [-5.17768739883e-06, -0.000400257384172, -0.000212895218283, 0.0040089529939, -0.00162833253853, -0.000638684316073, 0.000375264935428, 0.00100276886951, -0.000652635120787, 0.000198265261133, 0.000190579521586, -9.72447014647e-05, 0.000274600053672], [7.6757169154e-06, 0.000396199902752, 4.59960865555e-05, -0.00162833253853, 0.00576229579747, -0.00296835042536, 0.000714362424333, -0.000740492134355, -0.00129619671497, 0.00138847704511, -0.000921857135836, -0.000558628875297, -0.000205737742363], [-5.36476691195e-05, 0.000424240686698, -0.000170619401615, -0.000638684316073, -0.00296835042536, 0.00833820551634, -0.00423375703394, -0.000377555377781, 0.000433061213698, -0.00078879884677, 0.000649197085295, -0.00116802938282, -5.64550027775e-05], [9.27647124627e-05, 4.37286234956e-06, 0.000907439156435, 0.000375264935428, 0.000714362424333, -0.00423375703394, 0.0125226797536, -0.00576338358223, -8.56610640767e-05, 0.00051003752742, -0.00156737817451, 0.00262837787159, -0.000954255636316], [0.000112741319754, 0.000341668404872, -0.000944824016187, 0.00100276886951, -0.000740492134355, -0.000377555377781, -0.00576338358223, 0.0158918388188, -0.00700593926013, 0.0001897476468, 0.000270121905487, -0.000259439926594, -0.000837054103613], [-9.53383059823e-05, -0.000534147664439, 0.000863242545165, -0.000652635120787, -0.00129619671497, 0.000433061213698, -8.56610640767e-05, -0.00700593926013, 0.0182227864861, -0.00811794959009, 0.00118243251927, -8.52139783092e-05, 0.000147681334056], [-3.23572785419e-05, 0.000388451240724, 0.000565031834412, 0.000198265261133, 0.00138847704511, -0.00078879884677, 0.00051003752742, 0.0001897476468, -0.00811794959009, 0.0197608992457, -0.010702053085, 0.000371820613509, 0.00131048785988], [3.0923903978e-05, -0.000448994047474, -0.000212361599552, 0.000190579521586, -0.000921857135836, 0.000649197085295, -0.00156737817451, 0.000270121905487, 0.00118243251927, -0.010702053085, 0.0234434660524, -0.00963923241943, 0.000834801176097], [2.03143681574e-05, -0.000350373535184, -0.000263080029981, -9.72447014647e-05, -0.000558628875297, -0.00116802938282, 0.00262837787159, -0.000259439926594, -8.52139783092e-05, 0.000371820613509, -0.00963923241943, 0.0257009528577, -0.0101440912113], [-9.84809503279e-06, 0.00036441339762, 0.000381721765734, 0.000274600053672, -0.000205737742363, -5.64550027775e-05, -0.000954255636316, -0.000837054103613, 0.000147681334056, 0.00131048785988, 0.000834801176097, -0.0101440912113, 0.0192032083869]], "mean": [-651.52355957, 80.3213043213, 26.3182125092, 29.176115036, 14.2306041718, 19.5875415802, 3.71622729301, 4.07077932358, 10.4938783646, 3.81438994408, 2.46889448166, 4.69254255295, 0.657498896122]}, "spectral_contrast_valleys": {"min": [-27.408996582, -27.0018119812, -27.1056995392, -27.7505207062, -27.0836753845, -27.1896934509], "max": [-5.27943754196, -4.34768772125, -4.8272190094, -5.41789484024, -5.48260354996, -7.11391687393], "dvar2": [0.372552394867, 0.574350893497, 0.426766812801, 0.255685210228, 0.233959153295, 0.369676589966], "median": [-6.80532407761, -7.03325366974, -7.57230472565, -7.487616539, -7.27689266205, -9.11103534698], "dmean2": [0.692320644855, 0.833990395069, 0.719945430756, 0.530495226383, 0.471200048923, 0.552197515965], "dmean": [0.440758466721, 0.552462339401, 0.48701363802, 0.380751162767, 0.363389045, 0.437919586897], "var": [1.62988340855, 1.59186124802, 1.30657875538, 1.32756114006, 1.26223397255, 1.47218978405], "dvar": [0.17177644372, 0.2910631001, 0.218412533402, 0.151201397181, 0.14704850316, 0.207290828228], "mean": [-7.16079092026, -7.20066261292, -7.73850107193, -7.72679805756, -7.48140144348, -9.40676498413]}, "barkbands_flatness_db": {"min": 0.0111347176135, "max": 0.646837830544, "dvar2": 0.00162542820908, "median": 0.108653023839, "dmean2": 0.0421428643167, "dmean": 0.0291273165494, "var": 0.00323407002725, "dvar": 0.000835099141113, "mean": 0.11646925658}, "dynamic_complexity": 4.62061691284, "erbbands_flatness_db": {"min": 0.0296734068543, "max": 0.342810690403, "dvar2": 0.000581537897233, "median": 0.0918649882078, "dmean2": 0.0244571398944, "dmean": 0.0165058933198, "var": 0.000990104395896, "dvar": 0.000275297876215, "mean": 0.098789870739}, "hfc": {"min": 4.7569869821e-06,