{"lowlevel": {"spectral_complexity": {"min": 0, "max": 59, "dvar2": 32.7101478577, "median": 8, "dmean2": 4.03488016129, "dmean": 2.74946093559, "var": 77.079536438, "dvar": 21.2904338837, "mean": 10.252825737}, "silence_rate_20dB": {"min": 1, "max": 1, "dvar2": 0, "median": 1, "dmean2": 0, "dmean": 0, "var": 0, "dvar": 0, "mean": 1}, "average_loudness": 0.930998146534, "erbbands_spread": {"min": 1.44401860237, "max": 191.05682373, "dvar2": 541.302490234, "median": 35.9829711914, "dmean2": 18.2201976776, "dmean": 12.2099914551, "var": 923.867919922, "dvar": 248.192398071, "mean": 44.1397743225}, "spectral_kurtosis": {"min": -1.30249249935, "max": 391.821777344, "dvar2": 157.640884399, "median": 3.44152283669, "dmean2": 4.2098608017, "dmean": 2.60264825821, "var": 433.105560303, "dvar": 54.461265564, "mean": 7.72015523911}, "barkbands_kurtosis": {"min": -1.95411813259, "max": 2887.44458008, "dvar2": 12893.5585938, "median": 8.90104675293, "dmean2": 30.3210506439, "dmean": 19.2133388519, "var": 14499.7373047, "dvar": 5100.39257812, "mean": 36.7176055908}, "spectral_strongpeak": {"min": 0, "max": 13.1857347488, "dvar2": 1.2129021883, "median": 0.412592828274, "dmean2": 0.552249550819, "dmean": 0.33538800478, "var": 1.2253049612, "dvar": 0.516654133797, "mean": 0.795220553875}, "spectral_spread": {"min": 285541.1875, "max": 50500484, "dvar2": 2433476198400.0, "median": 5183051, "dmean2": 1045118.625, "dmean": 738512.4375, "var": 6577576214530.0, "dvar": 1211274625020.0, "mean": 5631776}, "spectral_rms": {"min": 3.16150968252e-12, "max": 0.0136718554422, "dvar2": 2.54098563346e-06, "median": 0.00555357988924, "dmean2": 0.00126973050646, "dmean": 0.000856775499415, "var": 5.13847999173e-06, "dvar": 1.16414742024e-06, "mean": 0.00561005854979}, "erbbands": {"min": [2.29213115939e-22, 2.01467492031e-21, 1.60621339637e-21, 8.42714159728e-21, 2.49768526898e-20, 8.70387228627e-20, 5.89753281121e-20, 1.52906029366e-19, 1.53209475404e-19, 3.60055797418e-19, 5.53545388511e-19, 8.16310838919e-19, 5.23896960611e-19, 1.07158311865e-18, 1.16345465717e-18, 1.42046536035e-18, 3.22158745128e-18, 3.54560381659e-18, 3.24595536495e-18, 2.78589715378e-18, 5.42516372269e-18, 5.20670242779e-18, 8.05617916499e-18, 7.55086693649e-18, 9.76292077521e-18, 1.04008788596e-17, 1.08281292265e-17, 1.32132102242e-17, 1.4855937154e-17, 1.38795513569e-17, 1.37274030637e-17, 1.08508733846e-17, 1.29642702188e-17, 1.03993444395e-17, 6.75960498768e-18, 4.92064930989e-18, 2.49453787906e-18, 1.11797409574e-18, 2.60588776324e-19, 2.68771822093e-20], "max": [5.90059423447, 43.7548179626, 111.060340881, 191.03086853, 194.967330933, 283.699462891, 544.66217041, 673.947692871, 2488.36743164, 2327.46826172, 1682.44592285, 3392.36425781, 1872.65478516, 2582.30273438, 1220.53881836, 2418.78222656, 3105.99291992, 1553.38232422, 1382.82019043, 1205.92407227, 735.097229004, 591.273193359, 449.242034912, 210.280273438, 524.712463379, 228.686340332, 193.871200562, 267.258575439, 404.790130615, 361.242889404, 270.952423096, 123.327590942, 79.2844009399, 84.0045928955, 61.5320091248, 19.9869556427, 9.07684612274, 1.77264356613, 0.147638529539, 0.00616326276213], "dvar2": [0.492593079805, 30.5950393677, 188.71270752, 662.716125488, 895.014709473, 576.135314941, 1103.84277344, 1780.1730957, 11478.28125, 16621.7226562, 8358.96191406, 6782.09130859, 4485.24072266, 3208.8659668, 1831.25976562, 2608.95629883, 1677.34936523, 1335.49438477, 1867.89929199, 2565.76074219, 959.220275879, 2469.69116211, 804.46081543, 201.746612549, 219.077072144, 131.156158447, 236.052322388, 239.377609253, 368.506774902, 339.985534668, 326.989318848, 120.388114929, 61.7282676697, 36.6213226318, 15.8759822845, 1.19379222393, 0.0779791995883, 0.00538805825636, 4.70553568448e-05, 2.28115709433e-07], "median": [0.462353885174, 2.70492601395, 0.960335850716, 1.07113718987, 2.00634837151, 1.96060919762, 2.3961853981, 5.58692264557, 8.14629268646, 5.69921016693, 3.04006958008, 2.26680612564, 2.82156562805, 2.49090909958, 2.07221961021, 1.61436533928, 1.4636516571, 1.99916052818, 2.0670208931, 1.94523787498, 2.21524381638, 1.90817546844, 1.95578980446, 1.67710638046, 1.25906300545, 1.16954696178, 1.29673492908, 1.25123131275, 1.15471601486, 1.09214532375, 0.821585536003, 0.45496493578, 0.364806056023, 0.146400660276, 0.0674400478601, 0.0242451429367, 0.0068345470354, 0.00110889459029, 0.000142450502608, 5.15432511747e-05], "dmean2": [0.395725011826, 2.49560141563, 3.9658703804, 8.32759380341, 12.1503381729, 10.4228944778, 13.1415615082, 17.9499034882, 36.9787979126, 39.0474090576, 23.2846107483, 14.8942871094, 19.0377788544, 17.383852005, 11.869890213, 12.1079339981, 9.36923789978, 10.1120433807, 12.2343206406, 12.3150062561, 11.3527231216, 11.7488336563, 8.1012430191, 5.87759542465, 5.1137342453, 4.65739488602, 5.76440429688, 5.60899162292, 6.13576412201, 6.36346769333, 6.27097415924, 3.94609951973, 3.03589653969, 1.80111169815, 1.11802375317, 0.340404868126, 0.0835415571928, 0.0169161166996, 0.00175552675501, 0.000121051809401], "dmean": [0.265136152506, 1.56011581421, 2.28045463562, 4.65442323685, 7.14440441132, 6.12335443497, 7.95519447327, 11.7261505127, 24.7090320587, 26.4462890625, 15.8017654419, 10.2551460266, 13.9842357635, 12.2918729782, 8.23196411133, 8.68776702881, 6.75736665726, 6.91090583801, 8.13010501862, 7.65406084061, 7.40086984634, 7.8584394455, 5.50136518478, 3.94651913643, 3.40379333496, 3.20192217827, 3.84870386124, 3.88444471359, 4.25492858887, 4.45247554779, 4.49026441574, 2.8521053791, 2.09710288048, 1.2350717783, 0.74586135149, 0.237046837807, 0.0601781308651, 0.0121660297737, 0.00129528995603, 8.58065541252e-05], "var": [0.660230994225, 17.1861801147, 51.5616722107, 143.168518066, 289.776245117, 260.821411133, 657.975952148, 2040.00280762, 15431.5380859, 16596.7871094, 7242.20751953, 6751.80371094, 7847.91455078, 10149.203125, 2327.75244141, 4281.80615234, 4496.83837891, 2506.88842773, 1768.80163574, 2162.80273438, 1027.90393066, 1266.33459473, 493.369537354, 231.797271729, 304.634338379, 168.381225586, 204.199569702, 250.699234009, 335.503356934, 345.500396729, 301.830413818, 107.560211182, 46.2380828857, 21.3304328918, 8.63495635986, 0.870913028717, 0.0729087814689, 0.00437150429934, 4.57464775536e-05, 1.67562774323e-07], "dvar": [0.22285977006, 12.2922344208, 68.9067611694, 232.714248657, 335.292022705, 218.226089478, 441.64932251, 805.078063965, 5529.09960938, 7784.16992188, 3876.82763672, 3145.82543945, 2677.62109375, 1745.21740723, 975.952697754, 1499.34667969, 1158.02575684, 784.82598877, 844.550292969, 998.994140625, 455.52822876, 1066.86413574, 358.891448975, 104.703445435, 109.444374084, 73.6979904175, 122.176246643, 128.324676514, 186.243438721, 183.830764771, 173.396606445, 60.6876487732, 29.2856235504, 16.4367275238, 6.71946620941, 0.578453123569, 0.0419815629721, 0.0026442555245, 2.55365739577e-05, 1.13013996383e-07], "mean": [0.711316585541, 3.51287174225, 2.69973659515, 4.15872573853, 7.57003068924, 7.84165668488, 10.729016304, 22.0566711426, 47.9351425171, 44.2966842651, 26.9897842407, 17.8885345459, 24.1609077454, 25.7499332428, 13.4551877975, 13.3906412125, 11.4302892685, 11.0444841385, 12.8231058121, 11.1170864105, 11.7313108444, 10.5465545654, 7.98782396317, 6.48620271683, 5.94397592545, 5.29269170761, 5.77755022049, 6.02271747589, 6.27194976807, 6.4539642334, 6.24523925781, 3.98728442192, 2.80586266518, 1.5552520752, 0.910416126251, 0.299322932959, 0.0787723809481, 0.0164372157305, 0.00177570304368, 0.000142337506986]}, "zerocrossingrate": {"min": 0.001953125, "max": 0.52587890625, "dvar2": 0.000258183339611, "median": 0.02880859375, "dmean2": 0.0123213119805, "dmean": 0.0110657596961, "var": 0.00214189640246, "dvar": 0.000241981106228, "mean": 0.0417745150626}, "spectral_contrast_coeffs": {"min": [-0.996496915817, -0.997776985168, -0.996118426323, -0.988149821758, -0.995975971222, -0.963029026985], "max": [-0.272839128971, -0.240982308984, -0.348658502102, -0.450139164925, -0.529668688774, -0.558306574821], "dvar2": [0.00626413570717, 0.00551925133914, 0.00307097751647, 0.00235665496439, 0.00107967096847, 0.00071899080649], "median": [-0.681000590324, -0.683228731155, -0.759154975414, -0.785267949104, -0.807735800743, -0.788947701454], "dmean2": [0.0864361152053, 0.0829627662897, 0.06374912709, 0.0546345748007, 0.0374243073165, 0.0288305543363], "dmean": [0.0525411441922, 0.0529628656805, 0.0408709235489, 0.0345310010016, 0.0239353235811, 0.0191901922226], "var": [0.00828249566257, 0.0144323073328, 0.00837728008628, 0.00509446347132, 0.00286729959771, 0.00226928736083], "dvar": [0.00240610376932, 0.00252565811388, 0.00137237249874, 0.00101255835034, 0.000476223154692, 0.000340059603332], "mean": [-0.666410326958, -0.672067642212, -0.748105287552, -0.775966048241, -0.800403177738, -0.786977767944]}, "dissonance": {"min": 0, "max": 0.499994546175, "dvar2": 0.00194639142137, "median": 0.448724150658, "dmean2": 0.0430332161486, "dmean": 0.0264746136963, "var": 0.00250184605829, "dvar": 0.000755287939683, "mean": 0.437271505594}, "spectral_energyband_high": {"min": 7.28278730301e-21, "max": 0.0252796616405, "dvar2": 5.23461267221e-06, "median": 0.000215181702515, "dmean2": 0.000829330470879, "dmean": 0.00061383494176, "var": 5.5921573221e-06, "dvar": 2.99597923004e-06, "mean": 0.000971526023932}, "spectral_skewness": {"min": -0.41790241003, "max": 15.9868869781, "dvar2": 0.413691669703, "median": 1.57023596764, "dmean2": 0.461873859167, "dmean": 0.309398919344, "var": 1.84006440639, "dvar": 0.176804110408, "mean": 1.82459819317}, "spectral_flux": {"min": 6.49292633548e-11, "max": 0.446150720119, "dvar2": 0.0033595697023, "median": 0.0627994090319, "dmean2": 0.0488524362445, "dmean": 0.0327028147876, "var": 0.0044858623296, "dvar": 0.00178714236245, "mean": 0.0833648219705}, "silence_rate_30dB": {"min": 0, "max": 1, "dvar2": 0.0567057281733, "median": 1, "dmean2": 0.0499776899815, "dmean": 0.0249869860709, "var": 0.0223753526807, "dvar": 0.024359177798, "mean": 0.97709697485}, "spectral_energyband_middle_high": {"min": 1.23129903439e-21, "max": 0.082563214004, "dvar2": 1.12141797217e-05, "median": 0.000771895749494, "dmean2": 0.00155224988703, "dmean": 0.00116156111471, "var": 3.57949575118e-05, "dvar": 6.55134408589e-06, "mean": 0.00288813468069}, "barkbands_spread": {"min": 0.0450060553849, "max": 117.975257874, "dvar2": 173.692718506, "median": 9.73073768616, "dmean2": 8.43842411041, "dmean": 5.97080373764, "var": 301.623474121, "dvar": 98.0710678101, "mean": 15.613202095}, "spectral_centroid": {"min": 63.9886817932, "max": 11394.1054688, "dvar2": 296530.96875, "median": 767.032165527, "dmean2": 362.937164307, "dmean": 254.002227783, "var": 745248.875, "dvar": 173080.578125, "mean": 1021.7635498}, "pitch_salience": {"min": 0.0345790162683, "max": 0.996047258377, "dvar2": 0.021065313369, "median": 0.411214113235, "dmean2": 0.127444803715, "dmean": 0.0799482837319, "var": 0.0254932809621, "dvar": 0.00857200659811, "mean": 0.399802684784}, "erbbands_skewness": {"min": -5.3245549202, "max": 13.1189374924, "dvar2": 0.779110014439, "median": 0.897836923599, "dmean2": 0.789678812027, "dmean": 0.542073369026, "var": 2.21255540848, "dvar": 0.395186215639, "mean": 0.949935674667}, "erbbands_crest": {"min": 2.30240440369, "max": 32.9775314331, "dvar2": 22.4479694366, "median": 10.7300796509, "dmean2": 4.8917760849, "dmean": 3.13581395149, "var": 37.907989502, "dvar": 9.79098129272, "mean": 12.2052001953}, "melbands": {"min": [2.27188075285e-24, 1.55611629075e-24, 2.19815716531e-24, 5.1009110861e-24, 2.87413799145e-24, 3.18020557027e-24, 2.73517126831e-24, 3.66498899552e-24, 4.41835116001e-24, 4.32365826909e-24, 2.58403735178e-24, 4.14169803497e-24, 3.5618860585e-24, 3.6136925263e-24, 4.38600825732e-24, 6.16695996404e-24, 6.11924097902e-24, 4.72145005802e-24, 3.66455709417e-24, 4.75752585051e-24, 5.40307557837e-24, 3.67966023063e-24, 6.98596363888e-24, 4.76330267892e-24, 5.7461945734e-24, 6.01315180905e-24, 6.91954155066e-24, 6.30598407681e-24, 5.09012222993e-24, 6.82596371464e-24, 6.7102307201e-24, 7.25593313989e-24, 7.86283538871e-24, 6.49200655016e-24, 7.47082910567e-24, 7.62370956024e-24, 5.76716801829e-24, 7.54411665034e-24, 8.91643406942e-24, 7.38800344378e-24], "max": [0.0488965399563, 0.0504041723907, 0.0305929146707, 0.0126647660509, 0.0147143332288, 0.013857270591, 0.0345925353467, 0.0215239245445, 0.0151197463274, 0.0226964112371, 0.00971109140664, 0.0104532111436, 0.00478061940521, 0.00647418107837, 0.00634891260415, 0.00445854663849, 0.00345993950032, 0.0026728590019, 0.00176109198947, 0.00123869790696, 0.00114831479732, 0.000640151323751, 0.000446971826022, 0.000732529093511, 0.000201867791475, 0.000343676540069, 0.000389796769014, 0.000152266773512, 0.000129532301798, 0.000190799953998, 0.00019905330555, 0.000206821816391, 0.000298422528431, 0.000185686993063, 0.000155194255058, 0.000124885336845, 9.27805594984e-05, 6.21280705673e-05, 8.63904933794e-05, 7.41132389521e-05], "dvar2": [3.93700247514e-05, 3.73636248696e-05, 1.950333899e-05, 3.30796319759e-06, 1.09863924536e-06, 8.34251295601e-07, 2.59587477558e-06, 1.84900682143e-06, 4.72784677186e-07, 2.5031840778e-07, 1.19190829651e-07, 6.13068067423e-08, 2.69606541536e-08, 2.11074890899e-08, 1.5857914093e-08, 1.10994022862e-08, 5.48624390362e-09, 5.96784044404e-09, 4.80232920097e-09, 4.60412508119e-09, 1.57402069156e-09, 2.62222465963e-09, 1.6318949525e-09, 6.29368446248e-10, 1.53738299868e-10, 1.72118597153e-10, 1.09596304254e-10, 5.89569087994e-11, 1.01150962606e-10, 8.89066389953e-11, 9.6987723408e-11, 1.39366962415e-10, 1.46718692751e-10, 1.10202055814e-10, 1.23968876831e-10, 9.36444671806e-11, 3.76995518137e-11, 2.94560070779e-11, 3.77870443269e-11, 2.3405961197e-11], "median": [0.00436097104102, 0.0015585643705, 0.000233629252762, 0.000169543403899, 7.95689265942e-05, 0.000116818322567, 0.000123754391097, 4.90558959427e-05, 1.54465324158e-05, 1.09336069727e-05, 1.20109452837e-05, 8.74551278685e-06, 5.57918428967e-06, 4.21811819251e-06, 2.17152569348e-06, 3.0168334888e-06, 2.98083728012e-06, 2.81908774014e-06, 2.45924206865e-06, 2.02771616387e-06, 2.27184841606e-06, 1.67995267475e-06, 1.5247896954e-06, 1.53846735884e-06, 1.15804800771e-06, 9.17860688787e-07, 7.48354239022e-07, 6.84008853113e-07, 7.91002833012e-07, 6.62656020722e-07, 6.73341389756e-07, 6.0232650867e-07, 6.08300695149e-07, 5.36880406798e-07, 4.85168925479e-07, 2.96302459901e-07, 2.36526176423e-07, 2.61174079697e-07, 1.65215510606e-07, 9.75591802899e-08], "dmean2": [0.00337057840079, 0.00222047977149, 0.00155679765157, 0.000786263612099, 0.00044482955127, 0.000400531222112, 0.000569936993998, 0.000406530161854, 0.000168347716681, 9.75667135208e-05, 9.88609317574e-05, 7.47582162148e-05, 4.33243767475e-05, 3.77258184017e-05, 2.69453666988e-05, 2.24585564865e-05, 1.97198151e-05, 2.12157519854e-05, 1.8991107936e-05, 1.69470531546e-05, 1.36530916279e-05, 1.28112942548e-05, 1.0003933312e-05, 7.19686931916e-06, 5.02500779476e-06, 4.62272510049e-06, 3.67613711205e-06, 3.17660078508e-06, 3.80740948458e-06, 3.38420841217e-06, 3.48452385879e-06, 3.64740185432e-06, 3.85329803976e-06, 3.67290681424e-06, 3.8914417928e-06, 3.20560729961e-06, 2.30170712712e-06, 2.28492763199e-06, 1.90642413145e-06, 1.43181352996e-06], "dmean": [0.00219631940126, 0.00135636515915, 0.00089009408839, 0.000464242650196, 0.000269402633421, 0.000260321918176, 0.000382257829187, 0.000275804224657, 0.000112672008981, 6.73970789649e-05, 7.27640217519e-05, 5.25664509041e-05, 3.00207211694e-05, 2.63580514002e-05, 1.94455315068e-05, 1.53039272845e-05, 1.34608162625e-05, 1.40284346344e-05, 1.19415881272e-05, 1.03662969195e-05, 8.99206679605e-06, 8.52700941323e-06, 6.60033174427e-06, 4.79860500491e-06, 3.28159512719e-06, 3.02724379253e-06, 2.4422865863e-06, 2.16748458115e-06, 2.51269489127e-06, 2.29732745538e-06, 2.42243686444e-06, 2.49219283432e-06, 2.63382730736e-06, 2.5429019388e-06, 2.74824969893e-06, 2.2550959784e-06, 1.62978824392e-06, 1.55503471433e-06, 1.29164629925e-06, 9.72121824816e-07], "var": [3.79696211894e-05, 1.53402561409e-05, 4.67094514534e-06, 1.20872812204e-06, 6.6578957103e-07, 9.38878997658e-07, 3.60207241101e-06, 1.7154499119e-06, 4.02995226523e-07, 3.07051180926e-07, 2.20150070618e-07, 2.03041096825e-07, 3.14782404587e-08, 3.50510163116e-08, 4.04899189732e-08, 1.66859610573e-08, 9.16187836708e-09, 5.46059419904e-09, 4.32919922133e-09, 2.9125426515e-09, 1.73436975892e-09, 1.45767042881e-09, 8.08352329518e-10, 3.74737796349e-10, 1.58207724699e-10, 2.06467634656e-10, 1.38659597693e-10, 6.95754981406e-11, 7.65993310448e-11, 7.4252493043e-11, 1.0305840209e-10, 1.09167445916e-10, 1.32662866803e-10, 1.01710063982e-10, 1.09338281484e-10, 7.28397619998e-11, 3.34184659112e-11, 2.31207795964e-11, 2.16798558272e-11, 1.31236714204e-11], "dvar": [1.67874823092e-05, 1.44935684148e-05, 6.97980840414e-06, 1.23072811675e-06, 4.37240743167e-07, 3.74873366127e-07, 1.2451546354e-06, 8.52654807204e-07, 2.16250768403e-07, 1.25547160224e-07, 7.19414146033e-08, 3.30260263581e-08, 1.36404505469e-08, 1.25603412116e-08, 1.01334833857e-08, 6.01656946486e-09, 3.28140692396e-09, 2.72588462913e-09, 2.03702299473e-09, 1.71464731302e-09, 7.91586407534e-10, 1.16259579741e-09, 6.91351531579e-10, 2.72152828051e-10, 7.55644366524e-11, 7.71663011268e-11, 5.95156424144e-11, 3.25264329359e-11, 4.93980342742e-11, 4.48180589863e-11, 5.14895868997e-11, 6.66980914943e-11, 7.40892763806e-11, 5.62178463503e-11, 6.39920824663e-11, 4.57305790458e-11, 1.90125883787e-11, 1.41430096801e-11, 1.6517887752e-11, 1.0483707652e-11], "mean": [0.00575099047273, 0.00252073584124, 0.000844541587867, 0.000557953026146, 0.000368254201021, 0.000486039323732, 0.000747846846934, 0.000457467307569, 0.000190146034583, 0.000115537019155, 0.000124858197523, 0.000111162255052, 4.67752324766e-05, 3.87286600017e-05, 3.09315400955e-05, 2.37683198065e-05, 1.95300435735e-05, 2.08977089642e-05, 1.6744415916e-05, 1.36809630931e-05, 1.33581634145e-05, 1.0881970411e-05, 8.4986568254e-06, 6.60385785523e-06, 5.01810336573e-06, 4.81609322378e-06, 3.87685122405e-06, 3.32575018547e-06, 3.5753123484e-06, 3.33200955538e-06, 3.59032173947e-06, 3.48940147887e-06, 3.66027802556e-06, 3.54462781615e-06, 3.74744513465e-06, 2.99734006148e-06, 2.23254119192e-06, 2.04699404094e-06, 1.63066442838e-06, 1.18221737466e-06]}, "spectral_entropy": {"min": 4.06311845779, "max": 9.81962966919, "dvar2": 0.141848266125, "median": 7.33199071884, "dmean2": 0.341697186232, "dmean": 0.242380768061, "var": 0.673536837101, "dvar": 0.0766006857157, "mean": 7.24673223495}, "spectral_rolloff": {"min": 64.599609375, "max": 19530.6152344, "dvar2": 2803683, "median": 387.59765625, "dmean2": 702.684875488, "dmean": 430.531280518, "var": 3071368, "dvar": 1359591.5, "mean": 899.214599609}, "barkbands": {"min": [9.71730301534e-25, 9.33508807385e-24, 7.06540360837e-25, 3.05364861524e-24, 2.42511540597e-23, 1.52301903983e-23, 1.61655396182e-23, 1.74534670642e-23, 2.87165059469e-23, 1.78374482653e-23, 2.26731656143e-23, 2.99098821025e-23, 5.88967464588e-23, 6.67377209341e-23, 6.78538328973e-23, 8.68823254453e-23, 5.82117627576e-23, 1.38140437096e-22, 1.50943965132e-22, 2.16803967868e-22, 2.87103869106e-22, 3.53942551614e-22, 4.34147642813e-22, 6.15556873368e-22, 1.03479284888e-21, 1.45802932107e-21, 1.95093051631e-21], "max": [0.0114334747195, 0.177664041519, 0.106368467212, 0.0603035241365, 0.0640757381916, 0.0840939134359, 0.144085749984, 0.118133932352, 0.127218052745, 0.0744019821286, 0.0470259152353, 0.0471555665135, 0.0575714670122, 0.0301440134645, 0.0205298699439, 0.0123465536162, 0.0100708268583, 0.00970145128667, 0.00731815816835, 0.00531073193997, 0.00494499132037, 0.0110957734287, 0.00921335071325, 0.00438446504995, 0.00817386806011, 0.00471257790923, 0.00105437205639], "dvar2": [5.14702662713e-07, 0.000530641584191, 0.000199354268261, 9.21744649531e-05, 5.46032024431e-05, 2.09201007237e-05, 6.83202670189e-05, 3.16988844133e-05, 1.24551706904e-05, 4.25596863352e-06, 1.7968834527e-06, 1.8872480041e-06, 1.46623096953e-06, 7.26431665043e-07, 8.28828831345e-07, 5.40817438832e-07, 6.90754859534e-07, 2.24916931302e-07, 8.24518124887e-08, 6.26639504731e-08, 1.42465196973e-07, 3.14318384653e-07, 3.53642519713e-07, 2.12185142345e-07, 2.9613300967e-07, 3.03528331358e-08, 2.10228967568e-09], "median": [0.000179660652066, 0.0150580266491, 0.000334920041496, 0.000378064985853, 0.000773243256845, 0.000479904207168, 0.000357037497452, 0.000101696146885, 8.29994096421e-05, 5.13790510013e-05, 3.42976927641e-05, 3.61934871762e-05, 2.72555826086e-05, 3.3932079532e-05, 3.30941766151e-05, 3.38502504746e-05, 2.92521799565e-05, 3.29936447088e-05, 2.58604995906e-05, 2.51447054325e-05, 3.23288550135e-05, 3.32463532686e-05, 2.94059645967e-05, 2.20397778321e-05, 1.11765602924e-05, 4.42518785349e-06, 6.07873744229e-07], "dmean2": [0.000420527911047, 0.011640297249, 0.00393632194027, 0.00339651876129, 0.00331965251826, 0.00198305398226, 0.00288088293746, 0.00139249977656, 0.000744125281926, 0.0006167407264, 0.000359132740414, 0.000340048631188, 0.000238457054365, 0.000242210138822, 0.000257231557043, 0.000231785976212, 0.000210190715734, 0.000144762962009, 0.000110037486593, 0.000102210404293, 0.000140104399179, 0.000182522591786, 0.000210893485928, 0.000176799774636, 0.000156559835887, 5.3760017181e-05, 1.13485875772e-05], "dmean": [0.000278870051261, 0.00744032580405, 0.00216342881322, 0.00192277843598, 0.00195671338588, 0.00126126024406, 0.00191423564684, 0.000916861521546, 0.000506619398948, 0.000436623609858, 0.000243380229222, 0.000236355117522, 0.000159988194355, 0.000160527721164, 0.00016210215108, 0.000144839490531, 0.000139802970807, 9.79220349109e-05, 7.43764903746e-05, 6.9559966505e-05, 9.54840870691e-05, 0.000126458384329, 0.000151271364302, 0.000125257851323, 0.000107031904918, 3.85257262678e-05, 8.2466767708e-06], "var": [1.50066694005e-06, 0.00040480052121, 4.46978738182e-05, 2.15392628888e-05, 2.18939858314e-05, 2.06117274502e-05, 9.25396743696e-05, 2.34646904573e-05, 1.52013153638e-05, 1.19821152111e-05, 2.22217022383e-06, 2.88420164907e-06, 2.3015345505e-06, 8.61076898673e-07, 7.16378849575e-07, 3.87298541682e-07, 3.94719535279e-07, 1.39001230082e-07, 1.0229804559e-07, 7.4770909464e-08, 1.36642825055e-07, 2.99005137094e-07, 3.4951131056e-07, 1.78370086701e-07, 1.68878131035e-07, 2.68686726201e-08, 1.94782945329e-09], "dvar": [2.45041661628e-07, 0.000218706642045, 7.06960854586e-05, 3.26029366988e-05, 2.03479376069e-05, 9.19835656532e-06, 3.23340245814e-05, 1.40934935189e-05, 6.27167173661e-06, 2.33645459957e-06, 9.17569423109e-07, 1.06476682049e-06, 8.18307228201e-07, 3.99128168738e-07, 3.54909843736e-07, 2.13993146758e-07, 3.07488392082e-07, 9.98947697894e-08, 4.01156938779e-08, 3.5082280192e-08, 7.4743127243e-08, 1.64876681197e-07, 1.90671656242e-07, 1.03448549282e-07, 1.30203517301e-07, 1.57264725686e-08, 1.12615550218e-09], "mean": [0.000696592556778, 0.0187375918031, 0.0018309840234, 0.00171497801784, 0.00248713535257, 0.00219917367212, 0.00364103890024, 0.00142334518023, 0.000855041434988, 0.000844824826345, 0.000370616500732, 0.000347331020748, 0.000243544956902, 0.000227585158427, 0.00023032471654, 0.000205593605642, 0.000183263226063, 0.00013636930089, 0.000121878918435, 0.000112683810585, 0.000147899787407, 0.000184695250937, 0.000214395011426, 0.000174165194039, 0.000133121822728, 5.08257035108e-05, 1.11507342808e-05]}, "melbands_flatness_db": {"min": 5.60862858379e-08, "max": 0.814887404442, "dvar2": 0.00315117416903, "median": 0.300587117672, "dmean2": 0.0495054349303, "dmean": 0.0349178947508, "var": 0.0143082262948, "dvar": 0.00165611039847, "mean": 0.314209342003}, "melbands_skewness": {"min": -1.9601354599, "max": 33.6784095764, "dvar2": 7.14876937866, "median": 3.60669660568, "dmean2": 2.02747416496, "dmean": 1.35856080055, "var": 15.8216047287, "dvar": 3.46964859962, "mean": 4.69353866577}, "barkbands_skewness": {"min": -4.70147180557, "max": 37.7606506348, "dvar2": 6.00023365021, "median": 2.5438041687, "dmean2": 1.64309620857, "dmean": 1.10313534737, "var": 11.5581979752, "dvar": 2.87526583672, "mean": 3.43302035332}, "silence_rate_60dB": {"min": 0, "max": 1, "dvar2": 0.0265556871891, "median": 0, "dmean2": 0.0243194997311, "dmean": 0.0121960286051, "var": 0.0387485362589, "dvar": 0.0120455082506, "mean": 0.0403777509928}, "spectral_energyband_low": {"min": 2.18859250293e-23, "max": 0.189542368054, "dvar2": 0.000617074896581, "median": 0.0175097696483, "dmean2": 0.0131182046607, "dmean": 0.00834467820823, "var": 0.000524329196196, "dvar": 0.000259373977315, "mean": 0.0220295768231}, "spectral_energyband_middle_low": {"min": 1.44186153477e-22, "max": 0.147279724479, "dvar2": 0.00037110625999, "median": 0.00733879581094, "dmean2": 0.00996571686119, "dmean": 0.00623652385548, "var": 0.000238347332925, "dvar": 0.00014435594494, "mean": 0.0124688316137}, "melbands_kurtosis": {"min": -1.84583044052, "max": 1955.0098877, "dvar2": 10278.1445312, "median": 21.9105854034, "dmean2": 45.1070594788, "dmean": 29.9373188019, "var": 15273.3916016, "dvar": 5220.22509766, "mean": 60.7732887268}, "spectral_decrease": {"min": -5.04211534746e-08, "max": 1.93366953461e-28, "dvar2": 4.34623060799e-17, "median": -8.02801558564e-09, "dmean2": 4.39901848281e-09, "dmean": 2.91211121883e-09, "var": 5.08653641127e-17, "dvar": 1.89634761935e-17, "mean": -9.51459888654e-09}, "erbbands_kurtosis": {"min": -1.93874561787, "max": 245.788299561, "dvar2": 58.1658210754, "median": 0.934208035469, "dmean2": 3.69952058792, "dmean": 2.39630007744, "var": 125.337539673, "dvar": 25.7073230743, "mean": 3.44655680656}, "melbands_crest": {"min": 1.00228524208, "max": 36.6980323792, "dvar2": 28.3932819366, "median": 20.6317863464, "dmean2": 5.17336511612, "dmean": 3.22349262238, "var": 48.7923851013, "dvar": 11.5276412964, "mean": 21.0549812317}, "gfcc": {"cov": [[14483.890625, -2170.24804688, -1826.02539062, 283.510253906, -1373.41821289, 51.0751609802, -642.818115234, 450.754577637, -70.3010635376, 329.927703857, -127.057067871, 214.856323242, -189.126296997], [-2170.24804688, 2785.37646484, -68.304107666, -597.972839355, 442.468292236, -324.745788574, 229.53427124, -233.959197998, 150.5209198, -110.945114136, 246.840713501, -168.482284546, 147.448486328], [-1826.02539062, -68.304107666, 1381.20751953, 387.236816406, 206.213989258, 216.136642456, 86.2915267944, -10.0087480545, -5.70331716537, -13.6257190704, -46.4584388733, 58.1982383728, 2.49322319031], [283.510253906, -597.972839355, 387.236816406, 832.635375977, 114.240455627, 121.070747375, 37.2133979797, 98.9209136963, 18.9149513245, 42.7633857727, -29.3720645905, 33.6502151489, 16.1375255585], [-1373.41821289, 442.468292236, 206.213989258, 114.240455627, 657.928771973, 149.752883911, 185.755584717, 12.6129655838, 81.8201522827, -11.4870653152, 52.9687004089, -19.2844333649, 78.2616119385], [51.0751609802, -324.745788574, 216.136642456, 121.070747375, 149.752883911, 508.346679688, 147.130142212, 64.2203521729, -4.18147945404, 22.9930763245, -23.2495975494, -1.03561556339, 5.29626226425], [-642.818115234, 229.53427124, 86.2915267944, 37.2133979797, 185.755584717, 147.130142212, 353.64541626, 82.6906585693, 63.6676673889, 3.62259578705, 55.6008033752, -12.3995685577, 34.0286445618], [450.754577637, -233.959197998, -10.0087480545, 98.9209136963, 12.6129655838, 64.2203521729, 82.6906585693, 275.204498291, 114.317848206, 66.2437744141, 4.73563241959, 47.7111167908, 14.6859006882], [-70.3010635376, 150.5209198, -5.70331716537, 18.9149513245, 81.8201522827, -4.18147945404, 63.6676673889, 114.317848206, 253.358947754, 100.806228638, 59.7627220154, 14.4828577042, 22.9265766144], [329.927703857, -110.945114136, -13.6257190704, 42.7633857727, -11.4870653152, 22.9930763245, 3.62259578705, 66.2437744141, 100.806228638, 207.027099609, 78.0932235718, 32.5812721252, -3.67801785469], [-127.057067871, 246.840713501, -46.4584388733, -29.3720645905, 52.9687004089, -23.2495975494, 55.6008033752, 4.73563241959, 59.7627220154, 78.0932235718, 171.380905151, 48.7326698303, 39.1977119446], [214.856323242, -168.482284546, 58.1982383728, 33.6502151489, -19.2844333649, -1.03561556339, -12.3995685577, 47.7111167908, 14.4828577042, 32.5812721252, 48.7326698303, 162.441513062, 60.6692199707], [-189.126296997, 147.448486328, 2.49322319031, 16.1375255585, 78.2616119385, 5.29626226425, 34.0286445618, 14.6859006882, 22.9265766144, -3.67801785469, 39.1977119446, 60.6692199707, 138.590438843]], "icov": [[0.000143028795719, -7.34553395887e-05, 0.000235012164921, -0.00017616803234, 0.000236600579228, -0.000209578050999, 0.000207866964047, -0.000204807889531, 8.99143124116e-05, -0.000173124775756, 0.000171547784703, -0.000310774863465, 0.0002027409937], [-7.34553395887e-05, 0.00112730194815, -0.000396522198571, 0.000789858342614, -0.000557905121241, 0.000842370674945, -0.000509727629833, 0.000618536199909, -0.000662096077576, 0.000835938379169, -0.00159126555081, 0.00179795816075, -0.00124726409558], [0.000235012164921, -0.000396522198571, 0.00141611229628, -0.000856264610775, 0.000286929920549, -0.000776824832428, 0.000264101516223, -2.81185966742e-05, 0.000153317319928, -0.000418104522396, 0.0010737151606, -0.00161622010637, 0.000989969354123], [-0.00017616803234, 0.000789858342614, -0.000856264610775, 0.00217666313984, -0.000767245946918, 0.000668557302561, -0.000390322587918, -5.5255445659e-06, -0.000224120376515, 0.000277548882877, -0.000868373201229, 0.00145114050247, -0.00115986610763], [0.000236600579228, -0.000557905121241, 0.000286929920549, -0.000767245946918, 0.00275368848816, -0.00105005200021, -0.000137987779453, -0.000182338044397, -0.000321949133649, -7.30195170036e-05, 0.000315435550874, -0.000403053098125, -0.000322507752571], [-0.000209578050999, 0.000842370674945, -0.000776824832428, 0.000668557302561, -0.00105005200021, 0.0034284198191, -0.00156600482296, 0.000259354856098, 0.000179464259418, -9.03513209778e-05, -0.000389089254895, 0.00148410210386, -0.000998832751065], [0.000207866964047, -0.000509727629833, 0.000264101516223, -0.000390322587918, -0.000137987779453, -0.00156600482296, 0.00483513157815, -0.00190872419626, 8.13579390524e-05, 0.000569929485209, -0.00120567041449, 0.00022810822702, 0.000262318673776], [-0.000204807889531, 0.000618536199909, -2.81185966742e-05, -5.5255445659e-06, -0.000182338044397, 0.000259354856098, -0.00190872419626, 0.00641331775114, -0.00280337408185, -0.000252388301305, 0.000945721694734, -0.000939516117796, -0.000453437009128], [8.99143124116e-05, -0.000662096077576, 0.000153317319928, -0.000224120376515, -0.000321949133649, 0.000179464259418, 8.13579390524e-05, -0.00280337408185, 0.0068800994195, -0.00297712604515, 0.000169873150298, -0.000122885161545, 9.10720991669e-05], [-0.000173124775756, 0.000835938379169, -0.000418104522396, 0.000277548882877, -7.30195170036e-05, -9.03513209778e-05, 0.000569929485209, -0.000252388301305, -0.00297712604515, 0.00866695027798, -0.00489111477509, 0.00114747183397, 0.000384627841413], [0.000171547784703, -0.00159126555081, 0.0010737151606, -0.000868373201229, 0.000315435550874, -0.000389089254895, -0.00120567041449, 0.000945721694734, 0.000169873150298, -0.00489111477509, 0.0121279535815, -0.00539370207116, 0.000814504455775], [-0.000310774863465, 0.00179795816075, -0.00161622010637, 0.00145114050247, -0.000403053098125, 0.00148410210386, 0.00022810822702, -0.000939516117796, -0.000122885161545, 0.00114747183397, -0.00539370207116, 0.012696325779, -0.00624407408759], [0.0002027409937, -0.00124726409558, 0.000989969354123, -0.00115986610763, -0.000322507752571, -0.000998832751065, 0.000262318673776, -0.000453437009128, 9.10720991669e-05, 0.000384627841413, 0.000814504455775, -0.00624407408759, 0.0116385081783]], "mean": [-49.9204711914, 91.4306869507, -75.6814880371, 39.8069038391, -51.2658882141, 18.7501564026, -29.0417137146, 12.181189537, -8.21067142487, 7.69120502472, -7.38763332367, 4.42791604996, -5.1444773674]}, "melbands_spread": {"min": 0.148112177849, "max": 241.54296875, "dvar2": 210.188735962, "median": 7.85505199432, "dmean2": 7.15494203568, "dmean": 4.95981550217, "var": 345.54196167, "dvar": 104.97215271, "mean": 12.9186439514}, "spectral_energy": {"min": 1.02450220508e-20, "max": 0.191592618823, "dvar2": 0.000642892613541, "median": 0.0316133052111, "dmean2": 0.0171299725771, "dmean": 0.0114256162196, "var": 0.000768300727941, "dvar": 0.000282446155325, "mean": 0.0375264920294}, "mfcc": {"cov": [[10785.5273438, -1463.49487305, -1034.0447998, -455.634796143, -615.456481934, -571.446289062, -516.661804199, -161.096755981, -167.826721191, -36.9026222229, -31.1940670013, 86.7015914917, 10.2390098572], [-1463.49487305, 2484.17871094, -178.057556152, -143.510772705, -16.1603431702, -62.9049339294, 61.0166893005, -105.944900513, -74.2627258301, 29.3357467651, 27.1295623779, -29.0970344543, 0.0643784105778], [-1034.0447998, -178.057556152, 1058.98291016, 201.825302124, 124.716125488, 199.049118042, 59.7616577148, 94.9064254761, 21.6518115997, 32.6402015686, 9.16372680664, -31.6935367584, -22.0840129852], [-455.634796143, -143.510772705, 201.825302124, 663.981933594, 176.636199951, 31.2386760712, 39.3996505737, 54.4309082031, 60.1095924377, 17.8241462708, 1.620621562, 51.427570343, 35.4994010925], [-615.456481934, -16.1603431702, 124.716125488, 176.636199951, 425.337585449, 178.487045288, 78.6527404785, 72.9592666626, 90.6981124878, 33.9026489258, 1.22679507732, 34.8818817139, 29.475812912], [-571.446289062, -62.9049339294, 199.049118042, 31.2386760712, 178.487045288, 379.257629395, 192.407287598, 71.9226074219, 58.8504486084, 52.260559082, 40.8057823181, -5.24464511871, -8.2363243103], [-516.661804199, 61.0166893005, 59.7616577148, 39.3996505737, 78.6527404785, 192.407287598, 324.3855896, 117.325126648, 68.8206558228, 43.939365387, 31.2880306244, -1.77847707272, -0.0792456939816], [-161.096755981, -105.944900513, 94.9064254761, 54.4309082031, 72.9592666626, 71.9226074219, 117.325126648, 243.146499634, 125.11277771, 39.3890838623, 11.1812429428, 15.4915046692, 21.3469963074], [-167.826721191, -74.2627258301, 21.6518115997, 60.1095924377, 90.6981124878, 58.8504486084, 68.8206558228, 125.11277771, 210.754104614, 93.2025909424, 34.7887802124, 36.2343711853, 36.0565757751], [-36.9026222229, 29.3357467651, 32.6402015686, 17.8241462708, 33.9026489258, 52.260559082, 43.939365387, 39.3890838623, 93.2025909424, 178.753585815, 94.3851776123, 25.6360244751, 13.9178152084], [-31.1940670013, 27.1295623779, 9.16372680664, 1.620621562, 1.22679507732, 40.8057823181, 31.2880306244, 11.1812429428, 34.7887802124, 94.3851776123, 157.900039673, 64.9830169678, 19.0666980743], [86.7015914917, -29.0970344543, -31.6935367584, 51.427570343, 34.8818817139, -5.24464511871, -1.77847707272, 15.4915046692, 36.2343711853, 25.6360244751, 64.9830169678, 169.943557739, 97.9944534302], [10.2390098572, 0.0643784105778, -22.0840129852, 35.4994010925, 29.475812912, -8.2363243103, -0.0792456939816, 21.3469963074, 36.0565757751, 13.9178152084, 19.0666980743, 97.9944534302, 165.072250366]], "icov": [[0.000133540510433, 8.80629668245e-05, 0.000114850910904, 4.25483340223e-05, 0.000108647400339, 4.0355604142e-05, 0.000132927423692, -7.49949176679e-05, 0.00012483993487, -0.000153119603056, 7.6619668107e-05, -0.000108200089016, 3.12966767524e-05], [8.80629668245e-05, 0.000498366192915, 0.000107720064989, 0.000122104203911, -6.31739603705e-05, 0.000244299619226, -0.000190818973351, 0.000165232588188, 0.000244917959208, -0.000259061547695, -3.26698936988e-05, 7.80756236054e-05, -8.9724380814e-05], [0.000114850910904, 0.000107720064989, 0.00128459802363, -0.000325518281898, 0.000124969796161, -0.000686882063746, 0.000495158135891, -0.000616803299636, 0.000533403886948, -0.000343788502505, 5.3198702517e-05, 0.000205952834222, 4.21788899985e-05], [4.25483340223e-05, 0.000122104203911, -0.000325518281898, 0.00189875194337, -0.000764344178606, 0.000606000423431, -0.000313233991619, 8.88443828444e-05, -0.000138951058034, -5.87701215409e-05, 0.000163841934409, -0.000506015203428, 1.72862910404e-05], [0.000108647400339, -6.31739603705e-05, 0.000124969796161, -0.000764344178606, 0.00374006363563, -0.00184870057274, 0.000637408753391, -0.000253133272054, -0.000845125236083, -0.000138205330586, 0.000958177784923, -0.000764238240663, -1.33934554469e-05], [4.0355604142e-05, 0.000244299619226, -0.000686882063746, 0.000606000423431, -0.00184870057274, 0.00533582270145, -0.00273837824352, 0.000595086312387, 8.43120506033e-06, -0.000213830702705, -0.000957302399911, 0.00049460423179, 0.000126397353597], [0.000132927423692, -0.000190818973351, 0.000495158135891, -0.000313233991619, 0.000637408753391, -0.00273837824352, 0.00557284895331, -0.00224798195995, 0.000164931276231, -0.000205825650482, -0.00019809686637, 0.00016217767552, 7.63013740652e-05], [-7.49949176679e-05, 0.000165232588188, -0.000616803299636, 8.88443828444e-05, -0.000253133272054, 0.000595086312387, -0.00224798195995, 0.00725850928575, -0.00400334876031, 0.000943181337789, 5.96317331656e-05, 0.000149777872139, -0.000262766232481], [0.00012483993487, 0.000244917959208, 0.000533403886948, -0.000138951058034, -0.000845125236083, 8.43120506033e-06, 0.000164931276231, -0.00400334876031, 0.00969962123781, -0.00466262781993, 0.00127811846323, -0.000840627064463, -0.000611630035564], [-0.000153119603056, -0.000259061547695, -0.000343788502505, -5.87701215409e-05, -0.000138205330586, -0.000213830702705, -0.000205825650482, 0.000943181337789, -0.00466262781993, 0.0111144939438, -0.00627893861383, 0.00190124684013, -0.000453882588772], [7.6619668107e-05, -3.26698936988e-05, 5.3198702517e-05, 0.000163841934409, 0.000958177784923, -0.000957302399911, -0.00019809686637, 5.96317331656e-05, 0.00127811846323, -0.00627893861383, 0.0120429284871, -0.00523183681071, 0.00170553440694], [-0.000108200089016, 7.80756236054e-05, 0.000205952834222, -0.000506015203428, -0.000764238240663, 0.00049460423179, 0.00016217767552, 0.000149777872139, -0.000840627064463, 0.00190124684013, -0.00523183681071, 0.0116641847417, -0.0060118669644], [3.12966767524e-05, -8.9724380814e-05, 4.21788899985e-05, 1.72862910404e-05, -1.33934554469e-05, 0.000126397353597, 7.63013740652e-05, -0.000262766232481, -0.000611630035564, -0.000453882588772, 0.00170553440694, -0.0060118669644, 0.00964447576553]], "mean": [-702.8828125, 119.194984436, 35.5434608459, 30.739730835, 11.580704689, 12.2360124588, -0.22334651649, 8.27138233185, 4.74012041092, 7.10005569458, 4.23129749298, 5.58424758911, 4.64484167099]}, "spectral_contrast_valleys": {"min": [-27.9198722839, -27.7233829498, -27.6203517914, -27.5620384216, -27.4117774963, -27.4176712036], "max": [-5.25602579117, -4.47748565674, -5.16976356506, -5.64395236969, -5.55595731735, -7.32419776917], "dvar2": [0.327222496271, 0.700733661652, 0.455233842134, 0.485217005014, 0.370452195406, 0.356663197279], "median": [-7.1259560585, -7.42325353622, -8.29376792908, -8.66208076477, -8.25135040283, -10.2383403778], "dmean2": [0.63795363903, 0.756971240044, 0.645910918713, 0.587592720985, 0.485034972429, 0.459815472364], "dmean": [0.39518943429, 0.476343154907, 0.413687080145, 0.387308180332, 0.340875178576, 0.36851015687], "var": [1.58626770973, 1.94533979893, 1.83964896202, 1.95287668705, 2.27524733543, 2.61816310883], "dvar": [0.141377225518, 0.299486428499, 0.211762785912, 0.231580615044, 0.204233810306, 0.221787363291], "mean": [-7.3462677002, -7.53650522232, -8.38188552856, -8.77372360229, -8.49585723877, -10.4244756699]}, "barkbands_flatness_db": {"min": 0.0199665240943, "max": 0.648075997829, "dvar2": 0.00237148394808, "median": 0.209862828255, "dmean2": 0.0433450080454, "dmean": 0.0298498794436, "var": 0.00936627388, "dvar": 0.00120710046031, "mean": 0.22425070405}, "dynamic_complexity": 4.03428030014, "erbbands_flatness_db": {"min": 0.0220581162721, "max": 0.475444108248, "dvar2": 0.000960648583714, "median": 0.157028913498, "dmean2": 0.0296540353447, "dmean": 0.0204262845218, "var": 0.00409596133977, "dvar": 0