{"lowlevel": {"spectral_complexity": {"min": 0, "max": 67, "dvar2": 87.4697952271, "median": 10, "dmean2": 7.08244228363, "dmean": 5.05124521255, "var": 208.796401978, "dvar": 50.3540687561, "mean": 14.7141599655}, "silence_rate_20dB": {"min": 1, "max": 1, "dvar2": 0, "median": 1, "dmean2": 0, "dmean": 0, "var": 0, "dvar": 0, "mean": 1}, "average_loudness": 0.563491165638, "erbbands_spread": {"min": 1.05277001858, "max": 174.751800537, "dvar2": 347.192626953, "median": 36.543548584, "dmean2": 16.4536933899, "dmean": 10.5243272781, "var": 365.968719482, "dvar": 146.882949829, "mean": 39.4378547668}, "spectral_kurtosis": {"min": -1.24625265598, "max": 75.5198440552, "dvar2": 13.914850235, "median": 3.06375360489, "dmean2": 2.50489974022, "dmean": 1.55626523495, "var": 15.3235998154, "dvar": 6.14290428162, "mean": 3.90419411659}, "barkbands_kurtosis": {"min": -1.95313978195, "max": 506.598632812, "dvar2": 370.772857666, "median": 0.323411464691, "dmean2": 6.52161598206, "dmean": 4.23823738098, "var": 363.238586426, "dvar": 176.224990845, "mean": 5.32713031769}, "spectral_strongpeak": {"min": 0, "max": 11.2464838028, "dvar2": 1.02473545074, "median": 0.218337401748, "dmean2": 0.565144658089, "dmean": 0.336326509714, "var": 0.758830547333, "dvar": 0.394326269627, "mean": 0.524005830288}, "spectral_spread": {"min": 819512.1875, "max": 42379264, "dvar2": 1582862303230.0, "median": 4160113.25, "dmean2": 976475.375, "dmean": 654824.1875, "var": 3780704468990.0, "dvar": 749141557248, "mean": 4465343}, "spectral_rms": {"min": 3.11883548501e-12, "max": 0.0108297802508, "dvar2": 1.19468381854e-06, "median": 0.00274985912256, "dmean2": 0.000924570893403, "dmean": 0.000648824730888, "var": 3.0027097182e-06, "dvar": 6.3268635131e-07, "mean": 0.00296657904983}, "erbbands": {"min": [1.07376679327e-22, 8.49870928003e-22, 8.7220629896e-21, 1.91108286744e-20, 5.93604194614e-20, 7.96867868148e-20, 1.62010483251e-19, 2.32557925961e-19, 1.11884578901e-19, 4.95524924094e-19, 6.4549659486e-19, 5.91698835771e-19, 9.23164893075e-19, 1.05598125153e-18, 1.01690317144e-18, 2.41488142004e-18, 1.96656359011e-18, 3.33954423381e-18, 4.02018545815e-18, 3.46843985956e-18, 4.52906862536e-18, 6.85381134687e-18, 9.21985354201e-18, 8.27823580043e-18, 7.870300928e-18, 1.10210269181e-17, 9.92244090198e-18, 1.31087745359e-17, 1.58910560833e-17, 1.44233928311e-17, 1.30905070793e-17, 1.18274122101e-17, 9.30632865761e-18, 8.59609980314e-18, 5.90547152205e-18, 5.51440906616e-18, 2.28888899145e-18, 1.04501325019e-18, 2.41296210253e-19, 2.4884381329e-20], "max": [0.907931804657, 7.1440243721, 18.675453186, 29.849647522, 129.829025269, 80.8664169312, 131.939971924, 459.342010498, 460.163269043, 233.167953491, 519.763793945, 1018.08007812, 1510.19714355, 1267.49975586, 854.66809082, 731.087219238, 1070.50805664, 778.480895996, 1091.05310059, 1172.59667969, 1217.57592773, 625.212463379, 316.74609375, 439.48425293, 686.696411133, 508.266052246, 325.977355957, 281.107269287, 260.737701416, 107.052635193, 72.5661697388, 103.437507629, 74.7534561157, 35.3790092468, 15.2958755493, 6.28874397278, 1.43772494793, 0.16875526309, 0.0369194559753, 0.00179897784255], "dvar2": [0.0117192994803, 0.587026596069, 3.46981811523, 13.4823532104, 318.116729736, 149.864364624, 109.802261353, 319.118469238, 358.017364502, 264.237121582, 1044.81274414, 3473.61743164, 4683.37402344, 3233.48754883, 1676.11901855, 2165.66699219, 1669.66699219, 1401.91125488, 2470.64819336, 3089.72363281, 1797.98852539, 1581.55578613, 953.113952637, 1371.89208984, 1822.8939209, 1995.02941895, 1603.41455078, 916.61340332, 316.465057373, 119.401809692, 45.5439567566, 57.8382225037, 11.1239309311, 1.98775410652, 0.418530195951, 0.301826387644, 0.00425388617441, 0.000114160102385, 3.00228452943e-06, 3.34719949535e-08], "median": [0.0121211595833, 0.142423763871, 0.304367482662, 0.56491202116, 0.516343772411, 0.630697965622, 1.24756789207, 1.3374478817, 1.33808267117, 1.86544251442, 2.95864605904, 3.85615873337, 3.91225576401, 3.69897651672, 3.26817798615, 2.98711299896, 2.67682361603, 3.9659678936, 4.3299779892, 4.60896635056, 4.42450904846, 3.97894644737, 3.8491127491, 3.65109968185, 4.12760210037, 3.60898017883, 2.53310084343, 1.84423685074, 1.28917694092, 0.923721373081, 0.602460086346, 0.387919843197, 0.219754233956, 0.0709978044033, 0.0287525318563, 0.0108268931508, 0.0027583304327, 0.000628025270998, 9.31255490286e-05, 1.8549946617e-05], "dmean2": [0.0612229444087, 0.46548897028, 1.04923951626, 2.06138658524, 5.71929740906, 4.05368471146, 4.81020450592, 5.82044315338, 6.01166152954, 6.77885913849, 11.9096050262, 20.3293132782, 22.2530193329, 18.0213603973, 14.163567543, 15.2964372635, 14.1456222534, 15.7727527618, 17.7312221527, 21.3899593353, 18.8873634338, 17.697013855, 15.5099868774, 17.8200111389, 21.0840244293, 19.2771968842, 14.552942276, 11.6382808685, 7.71130514145, 5.6152639389, 3.80389451981, 3.92334008217, 1.26800656319, 0.455898195505, 0.226581826806, 0.242753282189, 0.0265387892723, 0.00484923366457, 0.000730664120056, 8.0704841821e-05], "dmean": [0.037190888077, 0.289162874222, 0.631779789925, 1.31691110134, 3.90276551247, 2.42588210106, 2.93496704102, 3.53364896774, 3.69705629349, 4.1541223526, 7.3753247261, 12.2837343216, 13.7820034027, 11.2880039215, 8.87847614288, 9.69457817078, 9.14289665222, 10.1103820801, 11.356754303, 13.4295797348, 12.1981620789, 11.4938755035, 10.1494598389, 11.4948329926, 13.6729040146, 13.0076436996, 10.1876115799, 8.61784362793, 5.45753383636, 3.70520591736, 2.50346636772, 2.36214852333, 0.852900624275, 0.299332648516, 0.142647132277, 0.138526797295, 0.017648793757, 0.00333102839068, 0.000507639255375, 5.58169194846e-05], "var": [0.00880496669561, 0.451371759176, 2.14448213577, 9.1906042099, 226.854324341, 49.7672958374, 54.4546699524, 143.055557251, 196.552703857, 132.755905151, 624.079833984, 2043.63330078, 3361.59692383, 2532.83984375, 1229.01184082, 2150.42236328, 1823.66333008, 1452.72216797, 2081.48999023, 2270.49951172, 2949.33959961, 1265.58898926, 773.20098877, 953.321105957, 1399.73217773, 1253.13415527, 957.692138672, 750.246276855, 327.880371094, 81.3075485229, 34.0805282593, 31.2404022217, 11.2148895264, 1.49532723427, 0.249358028173, 0.0886149555445, 0.00282999896444, 0.000103165039036, 2.25700955525e-06, 2.19715055039e-08], "dvar": [0.00470162089914, 0.23148649931, 1.36603605747, 5.65930223465, 163.813415527, 55.4903144836, 43.2421379089, 115.117164612, 136.953063965, 104.803184509, 418.334381104, 1326.78051758, 1849.58679199, 1333.25415039, 684.252624512, 872.84362793, 748.255249023, 593.070861816, 1035.22973633, 1277.65246582, 836.091491699, 692.413330078, 428.306671143, 586.829772949, 827.060668945, 885.401733398, 716.299316406, 461.731781006, 172.26272583, 52.7208061218, 20.0657787323, 23.1650161743, 5.21141958237, 0.843322515488, 0.170658275485, 0.109709464014, 0.0018374765059, 5.45640032215e-05, 1.33713319883e-06, 1.46176617477e-08], "mean": [0.0527069531381, 0.476431041956, 0.936377704144, 1.90732979774, 4.84678506851, 2.78064823151, 3.89422774315, 4.70675897598, 5.06724214554, 5.65686988831, 10.7985773087, 17.1813640594, 20.7331905365, 17.6506023407, 13.7354001999, 16.2759113312, 15.1772022247, 17.0960941315, 18.6863536835, 20.0526695251, 20.2856616974, 16.7795314789, 14.8931818008, 15.9677648544, 18.5818786621, 16.4454555511, 12.9396524429, 11.2249517441, 7.77598667145, 4.79109096527, 3.30642151833, 2.67947411537, 1.27700090408, 0.443605303764, 0.182014912367, 0.115942910314, 0.0209590550512, 0.00456713885069, 0.000701021112036, 7.89754267316e-05]}, "zerocrossingrate": {"min": 0, "max": 0.53125, "dvar2": 0.000428689207183, "median": 0.06787109375, "dmean2": 0.0186672732234, "dmean": 0.0164895821363, "var": 0.00260423426516, "dvar": 0.000371987058315, "mean": 0.075217910111}, "spectral_contrast_coeffs": {"min": [-0.96743530035, -0.985353708267, -0.969986021519, -0.970539331436, -0.96288216114, -0.962613999844], "max": [-0.329002439976, -0.35508787632, -0.470036745071, -0.529899716377, -0.545756578445, -0.596931874752], "dvar2": [0.00523372041062, 0.00405519781634, 0.0028116737958, 0.00181573908776, 0.00104645919055, 0.000885916466359], "median": [-0.677560389042, -0.778142809868, -0.797267198563, -0.80918109417, -0.813370287418, -0.746341347694], "dmean2": [0.0868823751807, 0.0785874575377, 0.0642284750938, 0.0504670627415, 0.03701524809, 0.0327151268721], "dmean": [0.0544473156333, 0.0480974540114, 0.0398897714913, 0.0314544439316, 0.0234367679805, 0.0238165538758], "var": [0.00965075660497, 0.00664553139359, 0.00546926539391, 0.00387292145751, 0.00203155935742, 0.00323533895425], "dvar": [0.00231788749807, 0.0016189601738, 0.00117920397315, 0.000763553660363, 0.000460042560007, 0.000529649551027], "mean": [-0.668626070023, -0.765341818333, -0.786512434483, -0.799260377884, -0.808735847473, -0.746255517006]}, "dissonance": {"min": 0.29966160655, "max": 0.500000119209, "dvar2": 0.000774270680267, "median": 0.481980621815, "dmean2": 0.025893419981, "dmean": 0.0154722286388, "var": 0.00058729830198, "dvar": 0.000295423524221, "mean": 0.474658727646}, "spectral_energyband_high": {"min": 7.32648974278e-21, "max": 0.0151569377631, "dvar2": 3.10757945954e-06, "median": 0.000237742860918, "dmean2": 0.000882519059815, "dmean": 0.000665797677357, "var": 3.37621054314e-06, "dvar": 1.660629664e-06, "mean": 0.000955572410021}, "spectral_skewness": {"min": -0.436068207026, "max": 6.42876052856, "dvar2": 0.163034334779, "median": 1.19492936134, "dmean2": 0.365060955286, "dmean": 0.243699163198, "var": 0.288122177124, "dvar": 0.0771022886038, "mean": 1.25961244106}, "spectral_flux": {"min": 6.3626444391e-11, "max": 0.27764198184, "dvar2": 0.00108451279812, "median": 0.0501950904727, "dmean2": 0.0272069182247, "dmean": 0.018332509324, "var": 0.0016876073787, "dvar": 0.00053126324201, "mean": 0.059047870338}, "silence_rate_30dB": {"min": 1, "max": 1, "dvar2": 0, "median": 1, "dmean2": 0, "dmean": 0, "var": 0, "dvar": 0, "mean": 1}, "spectral_energyband_middle_high": {"min": 1.29100113841e-21, "max": 0.0705480650067, "dvar2": 2.41557227127e-05, "median": 0.00137936801184, "dmean2": 0.00254050898366, "dmean": 0.00176501378883, "var": 3.92032961827e-05, "dvar": 1.15217571874e-05, "mean": 0.00378526304848}, "barkbands_spread": {"min": 0.511886954308, "max": 128.062133789, "dvar2": 419.815979004, "median": 27.1716270447, "dmean2": 15.7241678238, "dmean": 10.2884788513, "var": 391.928131104, "dvar": 183.255462646, "mean": 30.5852680206}, "spectral_centroid": {"min": 138.648666382, "max": 11639.4072266, "dvar2": 482548.96875, "median": 1885.64416504, "dmean2": 608.466918945, "dmean": 409.108062744, "var": 896303.6875, "dvar": 241505.953125, "mean": 1898.5760498}, "pitch_salience": {"min": 0.0296736620367, "max": 0.907392024994, "dvar2": 0.0134909786284, "median": 0.574670851231, "dmean2": 0.124777950346, "dmean": 0.0793254598975, "var": 0.0177084933966, "dvar": 0.00583847099915, "mean": 0.558751523495}, "erbbands_skewness": {"min": -6.31586933136, "max": 4.7696056366, "dvar2": 0.598561584949, "median": -0.0418929718435, "dmean2": 0.718101203442, "dmean": 0.47467815876, "var": 0.907653450966, "dvar": 0.273526221514, "mean": -0.0293051786721}, "erbbands_crest": {"min": 2.25323843956, "max": 29.204000473, "dvar2": 16.175951004, "median": 6.77556419373, "dmean2": 4.11322593689, "dmean": 2.52869796753, "var": 16.0451850891, "dvar": 6.56029224396, "mean": 7.9014840126}, "melbands": {"min": [8.73502623515e-25, 3.7139910628e-24, 5.6694873167e-24, 6.3299922696e-24, 4.76337209868e-24, 6.11432874217e-24, 2.51248352616e-24, 5.52680841135e-24, 5.88376284337e-24, 3.52474924809e-24, 4.588215001e-24, 4.47580271644e-24, 2.10117519727e-24, 6.68387014409e-24, 4.33512317906e-24, 3.94963249266e-24, 5.75049386533e-24, 6.34152304945e-24, 6.41754202501e-24, 7.24391642172e-24, 4.53881613669e-24, 6.86196890408e-24, 5.80666983369e-24, 6.88991430164e-24, 5.67134942287e-24, 5.72950622095e-24, 5.64806579882e-24, 6.3423150658e-24, 5.07929748058e-24, 7.6654892115e-24, 8.0232439429e-24, 8.89724423904e-24, 7.46282926723e-24, 8.84920655422e-24, 7.94640100213e-24, 5.98009695939e-24, 6.45648966563e-24, 5.33299396441e-24, 8.03280099277e-24, 7.44776754596e-24], "max": [0.00727735133842, 0.00706871040165, 0.00808159355074, 0.0082693817094, 0.0037298691459, 0.00957841612399, 0.00659658992663, 0.00305867381394, 0.00499020889401, 0.00705557223409, 0.0074803433381, 0.00520659796894, 0.00265493104234, 0.00233797961846, 0.00330566777848, 0.00223783147521, 0.00151203607675, 0.00158622046001, 0.0025575205218, 0.00128717371263, 0.0014416477643, 0.000961728626862, 0.000498848268762, 0.000284972280497, 0.000434943824075, 0.000497267115861, 0.000498063978739, 0.000317460275255, 0.00025252319756, 0.00016685614537, 0.000196903318283, 0.000153516608407, 8.46563052619e-05, 6.54561517877e-05, 5.18153101439e-05, 6.57887503621e-05, 7.51345287426e-05, 5.5961736507e-05, 4.5653192501e-05, 2.45246174018e-05], "dvar2": [9.16465353384e-07, 7.30924341497e-07, 1.25240808302e-06, 1.06073900952e-06, 1.13864359719e-07, 1.46104056853e-07, 7.30878397803e-08, 3.41135724113e-08, 9.6971938035e-08, 1.38210737077e-07, 1.20078894383e-07, 6.18714892653e-08, 2.22065974498e-08, 1.88426785286e-08, 1.56980757282e-08, 7.84550380217e-09, 6.38088737404e-09, 7.74201147635e-09, 1.06340189987e-08, 3.250344216e-09, 2.98010038868e-09, 2.24795604353e-09, 1.33753141895e-09, 7.64431573597e-10, 1.11153997118e-09, 9.34738508818e-10, 1.63749780402e-09, 7.03487768039e-10, 1.02319142048e-09, 3.37588040855e-10, 3.0808020024e-10, 1.3896769846e-10, 5.18733979382e-11, 4.46152073619e-11, 1.03229742462e-11, 8.82278833325e-11, 1.33760415938e-11, 7.39127769406e-12, 3.45678368742e-12, 1.29226458093e-12], "median": [0.00015775745851, 0.000204325973755, 0.000109787462861, 4.17740520788e-05, 4.35012589151e-05, 3.17754384014e-05, 2.0305855287e-05, 1.95345583052e-05, 2.46515046456e-05, 2.39933542616e-05, 1.76483936229e-05, 1.36563521664e-05, 1.05470808194e-05, 7.9052788351e-06, 6.17035402684e-06, 5.32301373823e-06, 6.90914657753e-06, 6.02690670348e-06, 5.9823155425e-06, 4.95730273542e-06, 4.59340481029e-06, 3.81070321964e-06, 3.51841731572e-06, 2.98216696137e-06, 2.73469549938e-06, 2.57003966908e-06, 2.66538836513e-06, 2.1821408609e-06, 1.54274096076e-06, 1.23895881643e-06, 9.11106951662e-07, 6.81408494074e-07, 5.87274143982e-07, 4.66012863853e-07, 3.25511194887e-07, 2.78770102113e-07, 2.09475373936e-07, 1.66115057709e-07, 8.85976447762e-08, 4.5889311906e-08], "dmean2": [0.000556458311621, 0.000524177856278, 0.000492163992021, 0.00032967099105, 0.000159818257089, 0.000132253218908, 9.1614871053e-05, 7.63031712268e-05, 0.000111356057459, 0.000132128145196, 0.00011290841212, 7.62437193771e-05, 5.1534279919e-05, 4.76101595268e-05, 3.82810430892e-05, 3.1037190638e-05, 3.22666746797e-05, 3.02829539578e-05, 3.401480717e-05, 2.42932255787e-05, 2.33902555919e-05, 1.99324331334e-05, 1.71352767211e-05, 1.34363053803e-05, 1.5604769942e-05, 1.5042499399e-05, 1.77437941602e-05, 1.19646228995e-05, 1.10004630187e-05, 7.36526408218e-06, 6.75507453707e-06, 4.96331813338e-06, 3.27845214088e-06, 3.32987019647e-06, 1.620408284e-06, 4.52030644738e-06, 1.65490018844e-06, 9.89152795228e-07, 6.15379235569e-07, 3.40887083894e-07], "dmean": [0.000343201943906, 0.000322520761983, 0.000324568158248, 0.000219146473682, 9.68057211139e-05, 8.05943491287e-05, 5.61799970455e-05, 4.70482409582e-05, 6.8985085818e-05, 7.96401800471e-05, 7.00847012922e-05, 4.76768400404e-05, 3.17774502037e-05, 3.00321426039e-05, 2.42135174631e-05, 1.99235291802e-05, 2.04237676371e-05, 1.91920025827e-05, 2.0939281967e-05, 1.55145662575e-05, 1.49446696014e-05, 1.28721403598e-05, 1.0668941286e-05, 8.81664163899e-06, 9.85784754448e-06, 9.4316801551e-06, 1.13151045298e-05, 8.13307360659e-06, 7.27695169189e-06, 5.42790439795e-06, 4.8844531193e-06, 3.48575781572e-06, 2.14619581129e-06, 2.16042121792e-06, 1.16395244731e-06, 2.58600084635e-06, 1.03621880498e-06, 6.60492332827e-07, 4.00447135007e-07, 2.20716117383e-07], "var": [6.81110236656e-07, 5.64479933018e-07, 8.04144690392e-07, 6.64800040795e-07, 5.39932081267e-08, 7.04929874473e-08, 3.91805450306e-08, 1.8311096639e-08, 5.82499630752e-08, 8.42415417424e-08, 8.74850982768e-08, 4.743779769e-08, 1.4949035787e-08, 1.56247601524e-08, 2.02028260787e-08, 5.97365623634e-09, 5.89614401747e-09, 6.31698782172e-09, 6.89382995134e-09, 2.82963874554e-09, 4.66190330783e-09, 1.78519443672e-09, 8.3712420329e-10, 5.84620074573e-10, 6.84949263974e-10, 6.27269514109e-10, 9.47947609298e-10, 4.83992013134e-10, 4.92323015688e-10, 2.84200801781e-10, 2.41934472456e-10, 1.38595981913e-10, 3.51255170783e-11, 2.56359395517e-11, 9.79412124319e-12, 2.62024429931e-11, 1.0206765988e-11, 6.92919159551e-12, 2.73017762911e-12, 7.98329121993e-13], "dvar": [3.65806727132e-07, 2.82486638525e-07, 5.848849014e-07, 5.04466925122e-07, 4.44814496348e-08, 5.32193631386e-08, 2.79107794654e-08, 1.36697329012e-08, 3.89198753226e-08, 5.32171569034e-08, 4.76787036519e-08, 2.55502818902e-08, 8.7636102819e-09, 7.80285080992e-09, 6.81155620796e-09, 3.30477556432e-09, 2.66432764739e-09, 3.2187665866e-09, 4.22731272209e-09, 1.42196321384e-09, 1.362287394e-09, 1.01619024306e-09, 5.45776646099e-10, 3.4505306945e-10, 4.58144217008e-10, 4.05832478734e-10, 6.92498669519e-10, 3.26597499045e-10, 4.32167385211e-10, 1.6975890138e-10, 1.54085660897e-10, 7.49252812571e-11, 2.23913561304e-11, 1.88812975671e-11, 4.87491210593e-12, 3.22090548677e-11, 5.77799657078e-12, 3.41576940344e-12, 1.51556013833e-12, 5.21213660339e-13], "mean": [0.000537828891538, 0.000557259307243, 0.00043957028538, 0.000280549080344, 0.000127900711959, 0.00011045584688, 7.66568846302e-05, 6.44601605018e-05, 9.8580334452e-05, 0.000109992681246, 0.000103415644844, 7.26688740542e-05, 4.5937304094e-05, 4.54956061731e-05, 4.0401435399e-05, 3.00813771901e-05, 3.22282867273e-05, 2.96936814266e-05, 2.99212188111e-05, 2.32244547078e-05, 2.35907264141e-05, 1.77460169652e-05, 1.42678200064e-05, 1.23558747873e-05, 1.29819218273e-05, 1.2403314031e-05, 1.40353440656e-05, 1.01858295238e-05, 8.57026407175e-06, 7.25586369299e-06, 6.14349301031e-06, 4.7977646318e-06, 2.82386599793e-06, 2.66616530098e-06, 1.65868254953e-06, 2.34562162404e-06, 1.33592345719e-06, 9.66593574958e-07, 5.74836633405e-07, 3.06094449343e-07]}, "spectral_entropy": {"min": 5.52843475342, "max": 9.81374740601, "dvar2": 0.0843494310975, "median": 7.83005332947, "dmean2": 0.260093331337, "dmean": 0.182461798191, "var": 0.19211126864, "dvar": 0.0471696518362, "mean": 7.76484775543}, "spectral_rolloff": {"min": 21.533203125, "max": 20628.8085938, "dvar2": 5449218.5, "median": 1744.18945312, "dmean2": 1634.75170898, "dmean": 988.535705566, "var": 4863637, "dvar": 2419478.75, "mean": 2267.9284668}, "barkbands": {"min": [1.32743997267e-26, 2.54468561717e-24, 7.17902866796e-24, 8.62816615085e-24, 3.06843762729e-23, 2.86872171192e-23, 2.51976277961e-23, 1.46172549413e-23, 2.94059577563e-23, 3.69367079474e-23, 1.4083363347e-23, 5.48727606704e-23, 4.0117884211e-23, 6.05365232235e-23, 7.5768102017e-23, 8.96577779236e-23, 9.91122758727e-23, 1.6204964993e-22, 1.53189454543e-22, 2.24534804739e-22, 3.29429954851e-22, 3.63183306123e-22, 4.79243627456e-22, 5.66398494878e-22, 8.18799047477e-22, 1.42394204813e-21, 1.88256169608e-21], "max": [0.00446618441492, 0.0295733213425, 0.0205640792847, 0.0188687294722, 0.0309295728803, 0.0405751317739, 0.0278000365943, 0.0171950217336, 0.0424709804356, 0.0424101725221, 0.0275132916868, 0.0162063911557, 0.0271496642381, 0.0136463241652, 0.0280647873878, 0.0189343430102, 0.0147454496473, 0.00570880854502, 0.0109644485638, 0.0116241425276, 0.00662133330479, 0.00518282456324, 0.00273385387845, 0.0038466276601, 0.0023844637908, 0.000960033561569, 0.000173382635694], "dvar2": [5.06446014015e-08, 1.14516542453e-05, 3.56814780389e-06, 5.39926622878e-06, 1.59052633535e-05, 3.23260792356e-06, 1.28808619593e-06, 1.31661693104e-06, 5.93929007664e-06, 4.85990130983e-06, 1.48495439589e-06, 1.34783840622e-06, 8.0417709114e-07, 8.2646181454e-07, 1.38644281833e-06, 6.06015987614e-07, 5.49664832761e-07, 3.52777675516e-07, 5.94988534885e-07, 1.01716011613e-06, 8.12368966763e-07, 2.1772814307e-07, 9.83342971494e-08, 5.10998638958e-08, 1.00892103561e-08, 5.19591125681e-09, 1.44948858471e-10], "median": [0.000175596462213, 0.000607007998042, 0.000179547365406, 0.000143767712871, 0.000192178733414, 0.000178451780812, 9.22377148527e-05, 9.46814834606e-05, 0.000174157044967, 0.000103163372842, 7.53153508413e-05, 6.9827416155e-05, 5.20735957252e-05, 7.45328143239e-05, 7.84457079135e-05, 7.2344475484e-05, 6.56676638755e-05, 6.55144249322e-05, 7.39202805562e-05, 7.78205139795e-05, 5.17952212249e-05, 3.29276990669e-05, 2.24642826652e-05, 1.57617760124e-05, 5.27218480784e-06, 1.89444051557e-06, 6.42247982796e-07], "dmean2": [0.000146782695083, 0.00202128640376, 0.00101380783599, 0.000977305113338, 0.0013890650589, 0.000716306967661, 0.000428255822044, 0.000442037504399, 0.000930241367314, 0.000680361466948, 0.000425960839493, 0.000407772866311, 0.000321271829307, 0.000363935192581, 0.000427882507211, 0.000345584820025, 0.000322619249346, 0.000302675849525, 0.000383175065508, 0.000432054075645, 0.000328576628817, 0.000201993476367, 0.000174106433406, 0.000103477956145, 3.25739165419e-05, 3.24052234646e-05, 5.42131874681e-06], "dmean": [0.000120085009257, 0.00125838199165, 0.00060285924701, 0.000639254169073, 0.000927175336983, 0.000438799121184, 0.000260850676568, 0.000270141899819, 0.000562323955819, 0.000425235542934, 0.000262600922724, 0.000257745588897, 0.000206815951969, 0.000228182296269, 0.000264720758423, 0.000216533095227, 0.000206281532883, 0.000194270862266, 0.000243734277319, 0.000289975170745, 0.000236169740674, 0.000140913180076, 0.000111785178888, 6.68902066536e-05, 2.12616323552e-05, 1.92406623682e-05, 3.80890401175e-06], "var": [1.12759678927e-07, 8.71283464221e-06, 1.89219008462e-06, 3.00412170873e-06, 1.07514624688e-05, 1.64216419307e-06, 6.39908250832e-07, 7.38273286061e-07, 3.97237545258e-06, 3.79683933716e-06, 9.77255695034e-07, 1.22282528991e-06, 9.36946321417e-07, 7.41815938454e-07, 9.84555185823e-07, 7.89281443758e-07, 4.77019966638e-07, 2.68801954917e-07, 4.2881418949e-07, 6.11664177086e-07, 5.3569181091e-07, 1.97584242301e-07, 5.98631402227e-08, 4.73793591027e-08, 6.95171120668e-09, 1.89683269092e-09, 1.21030754863e-10], "dvar": [3.45833797155e-08, 4.55091139884e-06, 1.39894655149e-06, 2.33498144553e-06, 7.72858038545e-06, 1.20765275824e-06, 4.95937285905e-07, 5.32655974439e-07, 2.33566538554e-06, 2.01579064196e-06, 5.84604549658e-07, 5.50833533453e-07, 3.67307478655e-07, 3.34485889653e-07, 5.65553932574e-07, 2.75296883956e-07, 2.51856533851e-07, 1.59567321134e-07, 2.60559772869e-07, 4.42075190676e-07, 3.74826782945e-07, 1.10329203551e-07, 4.15174561397e-08, 2.31111343396e-08, 4.18300016847e-09, 1.95925231594e-09, 6.83763948239e-11], "mean": [0.000275665544905, 0.00203912332654, 0.000769993930589, 0.00083631958114, 0.00121656933334, 0.000604840228334, 0.00034014735138, 0.000367300817743, 0.000797537446488, 0.000623222033028, 0.000366154155927, 0.000403509417083, 0.000321919651469, 0.000362109509297, 0.00038682774175, 0.000343971536495, 0.000290760042844, 0.00027056390536, 0.000336688972311, 0.00036241786438, 0.000301554828184, 0.000194304375327, 0.000138898190926, 9.36652577366e-05, 3.0490806239e-05, 1.78026439244e-05, 5.11757434651e-06]}, "melbands_flatness_db": {"min": 0.00334044406191, "max": 0.571766555309, "dvar2": 0.00265312497504, "median": 0.157870665193, "dmean2": 0.0504684895277, "dmean": 0.0353029370308, "var": 0.00764383096248, "dvar": 0.00145166448783, "mean": 0.177605718374}, "melbands_skewness": {"min": -4.95503950119, "max": 19.3317813873, "dvar2": 2.98565244675, "median": 1.97506511211, "dmean2": 1.39895915985, "dmean": 0.91626060009, "var": 4.60067749023, "dvar": 1.34232783318, "mean": 2.55167150497}, "barkbands_skewness": {"min": -7.4053645134, "max": 21.7471790314, "dvar2": 1.96195590496, "median": 0.87462157011, "dmean2": 1.04935491085, "dmean": 0.702429533005, "var": 3.12977075577, "dvar": 0.935993075371, "mean": 1.31249177456}, "silence_rate_60dB": {"min": 0, "max": 1, "dvar2": 0.149064108729, "median": 0, "dmean2": 0.157610490918, "dmean": 0.0787965580821, "var": 0.180951625109, "dvar": 0.0725868791342, "mean": 0.237245172262}, "spectral_energyband_low": {"min": 3.52113618626e-23, "max": 0.0339874103665, "dvar2": 1.65074961842e-05, "median": 0.00148111255839, "dmean2": 0.00274013564922, "dmean": 0.00168775767088, "var": 1.62189207913e-05, "dvar": 6.44662532068e-06, "mean": 0.00325474864803}, "spectral_energyband_middle_low": {"min": 2.40441143597e-22, "max": 0.0691786184907, "dvar2": 5.29345852556e-05, "median": 0.00215636077337, "dmean2": 0.00355622498319, "dmean": 0.00238967174664, "var": 4.67708960059e-05, "dvar": 2.57274350588e-05, "mean": 0.00438455399126}, "melbands_kurtosis": {"min": -1.90061295033, "max": 600.568908691, "dvar2": 1080.98657227, "median": 4.4932308197, "dmean2": 14.8761415482, "dmean": 9.41907405853, "var": 870.399353027, "dvar": 459.730010986, "mean": 14.9412927628}, "spectral_decrease": {"min": -2.71105360383e-08, "max": 1.36569630324e-28, "dvar2": 8.12898263943e-18, "median": -1.86358639631e-09, "dmean2": 1.77389014588e-09, "dmean": 1.20189103114e-09, "var": 1.05382288915e-17, "dvar": 4.02255408984e-18, "mean": -2.85302026448e-09}, "erbbands_kurtosis": {"min": -1.80929243565, "max": 57.7459182739, "dvar2": 16.2682266235, "median": -0.135564565659, "dmean2": 1.99571073055, "dmean": 1.2219748497, "var": 8.25889968872, "dvar": 5.97060203552, "mean": 0.60180914402}, "melbands_crest": {"min": 1.81341314316, "max": 38.9207000732, "dvar2": 28.847120285, "median": 12.975935936, "dmean2": 5.98808813095, "dmean": 3.65021276474, "var": 35.108795166, "dvar": 11.5701122284, "mean": 13.7561435699}, "gfcc": {"cov": [[15440.5693359, -566.54864502, -1285.02453613, 144.404968262, -699.444091797, 121.39906311, -328.309967041, -187.403366089, -304.382629395, -164.012405396, -366.949401855, -155.774536133, -217.049133301], [-566.54864502, 2445.81762695, 21.3507385254, 116.160820007, 634.897766113, -12.641295433, 342.975402832, -102.222007751, 122.273475647, -129.604553223, 8.93820571899, -189.075088501, 27.5422973633], [-1285.02453613, 21.3507385254, 1325.60253906, 397.836395264, 124.632759094, 155.344696045, 23.7445812225, 57.9412345886, 8.57900428772, 5.68194055557, -2.9416642189, 4.1872844696, -77.0610351562], [144.404968262, 116.160820007, 397.836395264, 740.56640625, 311.582397461, 110.794746399, 130.989059448, -37.7714347839, 75.5531082153, -22.9573612213, -19.9024543762, -58.0805397034, -53.2260742188], [-699.444091797, 634.897766113, 124.632759094, 311.582397461, 600.634094238, 113.913948059, 233.139633179, -28.6063594818, 93.2432632446, -18.433795929, -14.1400156021, -55.9965820312, -28.243680954], [121.39906311, -12.641295433, 155.344696045, 110.794746399, 113.913948059, 272.60333252, 105.703605652, 39.1469306946, 11.3914794922, 14.3830928802, 8.9024887085, -13.3365516663, -21.3650035858], [-328.309967041, 342.975402832, 23.7445812225, 130.989059448, 233.139633179, 105.703605652, 284.46484375, 8.2911529541, 59.9035720825, -26.4510822296, 13.814371109, -23.4081516266, -9.29625701904], [-187.403366089, -102.222007751, 57.9412345886, -37.7714347839, -28.6063594818, 39.1469306946, 8.2911529541, 180.675247192, 63.1944770813, 37.7365875244, 23.6367588043, 18.7148799896, 2.44425153732], [-304.382629395, 122.273475647, 8.57900428772, 75.5531082153, 93.2432632446, 11.3914794922, 59.9035720825, 63.1944770813, 168.998016357, 41.2465171814, 25.3327827454, -6.86596441269, 19.6787891388], [-164.012405396, -129.604553223, 5.68194055557, -22.9573612213, -18.433795929, 14.3830928802, -26.4510822296, 37.7365875244, 41.2465171814, 124.470413208, 44.4356269836, 37.6701965332, 3.54423832893], [-366.949401855, 8.93820571899, -2.9416642189, -19.9024543762, -14.1400156021, 8.9024887085, 13.814371109, 23.6367588043, 25.3327827454, 44.4356269836, 114.079956055, 39.0354804993, 31.2053146362], [-155.774536133, -189.075088501, 4.1872844696, -58.0805397034, -55.9965820312, -13.3365516663, -23.4081516266, 18.7148799896, -6.86596441269, 37.6701965332, 39.0354804993, 113.529098511, 31.8844642639], [-217.049133301, 27.5422973633, -77.0610351562, -53.2260742188, -28.243680954, -21.3650035858, -9.29625701904, 2.44425153732, 19.6787891388, 3.54423832893, 31.2053146362, 31.8844642639, 101.371162415]], "icov": [[0.000104735539935, -6.55435287626e-05, 0.000173530439497, -0.000183677693713, 0.000242146532401, -0.00022508049733, 0.000126981962239, 3.21465995512e-06, 6.23815212748e-05, 1.74868237082e-05, 0.000300381332636, -0.000120394870464, 0.000241809349973], [-6.55435287626e-05, 0.000868073722813, -0.000264953152509, 0.000529619865119, -0.000960727280471, 0.000603379972745, -0.000562734960113, 0.000329625065206, -0.000275817321381, 0.000474268716061, -0.000762128853239, 0.00133293948602, -0.000647264183499], [0.000173530439497, -0.000264953152509, 0.00133310863748, -0.000945702020545, 0.000525932584424, -0.000853544042911, 0.000626539636869, -0.000485264055897, 0.000327637273585, 0.000117661591503, 0.000491108861752, -0.000849231495522, 0.00104441156145], [-0.000183677693713, 0.000529619865119, -0.000945702020545, 0.00274829147384, -0.00154109206051, 0.0003103678755, -0.000480184156913, 0.00100051984191, -0.00121398956981, 0.000547902309336, -0.000844751135446, 0.00115564477164, -0.000132118701003], [0.000242146532401, -0.000960727280471, 0.000525932584424, -0.00154109206051, 0.00442360341549, -0.00125406566076, -0.00114411208779, 0.000466900790343, -0.000601946027018, -0.00070291524753, 0.00174636498559, -0.00108537625056, 0.00116736500058], [-0.00022508049733, 0.000603379972745, -0.000853544042911, 0.0003103678755, -0.00125406566076, 0.00581253971905, -0.00235817325301, -0.00112456234638, 0.00121054728515, -0.00111679744441, -0.00100280076731, 0.00168011127971, -0.000860954227392], [0.000126981962239, -0.000562734960113, 0.000626539636869, -0.000480184156913, -0.00114411208779, -0.00235817325301, 0.00678233476356, -0.000235372019233, -0.00132231041789, 0.00216780067421, -0.000799101602752, -0.00132687320001, 0.00130504823755], [3.21465995512e-06, 0.000329625065206, -0.000485264055897, 0.00100051984191, 0.000466900790343, -0.00112456234638, -0.000235372019233, 0.00782983098179, -0.00365966232494, -0.000196329056052, -0.00049370265333, -0.000351114169462, 0.000736178364605], [6.23815212748e-05, -0.000275817321381, 0.000327637273585, -0.00121398956981, -0.000601946027018, 0.00121054728515, -0.00132231041789, -0.00365966232494, 0.0100809400901, -0.00363994250074, 6.02527470619e-05, 0.0016673586797, -0.00249814125709], [1.74868237082e-05, 0.000474268716061, 0.000117661591503, 0.000547902309336, -0.00070291524753, -0.00111679744441, 0.00216780067421, -0.000196329056052, -0.00363994250074, 0.0125177325681, -0.0039278161712, -0.00259226560593, 0.00235143257305], [0.000300381332636, -0.000762128853239, 0.000491108861752, -0.000844751135446, 0.00174636498559, -0.00100280076731, -0.000799101602752, -0.00049370265333, 6.02527470619e-05, -0.0039278161712, 0.0133542558178, -0.00339141488075, -0.0019246796146], [-0.000120394870464, 0.00133293948602, -0.000849231495522, 0.00115564477164, -0.00108537625056, 0.00168011127971, -0.00132687320001, -0.000351114169462, 0.0016673586797, -0.00259226560593, -0.00339141488075, 0.0142963817343, -0.00440597208217], [0.000241809349973, -0.000647264183499, 0.00104441156145, -0.000132118701003, 0.00116736500058, -0.000860954227392, 0.00130504823755, 0.000736178364605, -0.00249814125709, 0.00235143257305, -0.0019246796146, -0.00440597208217, 0.0139096817002]], "mean": [-67.7256622314, 68.5494384766, -125.111763, 35.8398170471, -55.5138282776, 9.29698562622, -25.951335907, 6.50919771194, -16.7756633759, -0.0841646268964, -12.750087738, -1.8854483366, -7.33473730087]}, "melbands_spread": {"min": 0.576345145702, "max": 294.215118408, "dvar2": 1210.40625, "median": 29.3810558319, "dmean2": 23.0721855164, "dmean": 14.8063735962, "var": 1092.88842773, "dvar": 527.775817871, "mean": 36.214302063}, "spectral_energy": {"min": 9.97031407686e-21, "max": 0.120216242969, "dvar2": 0.000150102365296, "median": 0.00775076821446, "dmean2": 0.00744711980224, "dmean": 0.00511598354205, "var": 0.000197697270778, "dvar": 7.52723499318e-05, "mean": 0.0120984185487}, "mfcc": {"cov": [[13076.0917969, -508.871948242, -1025.28222656, -131.066802979, -574.018310547, 73.8525543213, -294.06048584, -85.1977081299, -156.817840576, -104.641571045, -212.920501709, -259.418243408, -308.321899414], [-508.871948242, 2064.76074219, -204.684631348, 152.187408447, 167.971725464, 120.256362915, 162.838790894, 56.0228118896, 129.375320435, -2.0645840168, 55.0113182068, -37.8113899231, 5.25109434128], [-1025.28222656, -204.684631348, 1091.90991211, 171.796524048, 171.947799683, 43.0185127258, 54.7566986084, 44.4157981873, -18.73969841, 21.5569820404, -8.1047706604, 49.8382759094, -4.80463123322], [-131.066802979, 152.187408447, 171.796524048, 616.371520996, 237.008514404, 221.282958984, 65.2420806885, 72.5365829468, 67.1115646362, 11.7761068344, 32.2340011597, 36.6334152222, 25.3397598267], [-574.018310547, 167.971725464, 171.947799683, 237.008514404, 333.350006104, 146.138900757, 75.0409393311, 47.6011009216, 77.7337036133, 30.1420135498, 40.0403747559, 38.4846153259, 30.6719989777], [73.8525543213, 120.256362915, 43.0185127258, 221.282958984, 146.138900757, 340.578674316, 137.032363892, 73.4009628296, 54.2000846863, 11.1543960571, 36.2769813538, 11.4815273285, 9.67557811737], [-294.06048584, 162.838790894, 54.7566986084, 65.2420806885, 75.0409393311, 137.032363892, 211.540863037, 80.2130584717, 33.1858062744, 4.6147236824, 29.3508377075, 19.8493804932, 8.02812576294], [-85.1977081299, 56.0228118896, 44.4157981873, 72.5365829468, 47.6011009216, 73.4009628296, 80.2130584717, 154.762634277, 59.4415931702, 31.8062705994, 20.6666526794, 19.9889984131, 10.0703363419], [-156.817840576, 129.375320435, -18.73969841, 67.1115646362, 77.7337036133, 54.2000846863, 33.1858062744, 59.4415931702, 141.529556274, 41.2359237671, 36.0043640137, 11.0769081116, 13.7826080322], [-104.641571045, -2.0645840168, 21.5569820404, 11.7761068344, 30.1420135498, 11.1543960571, 4.6147236824, 31.8062705994, 41.2359237671, 118.308876038, 38.0151023865, 24.4621925354, 3.63430833817], [-212.920501709, 55.0113182068, -8.1047706604, 32.2340011597, 40.0403747559, 36.2769813538, 29.3508377075, 20.6666526794, 36.0043640137, 38.0151023865, 111.988197327, 37.01978302, 10.1600542068], [-259.418243408, -37.8113899231, 49.8382759094, 36.6334152222, 38.4846153259, 11.4815273285, 19.8493804932, 19.9889984131, 11.0769081116, 24.4621925354, 37.01978302, 114.111778259, 43.3433151245], [-308.321899414, 5.25109434128, -4.80463123322, 25.3397598267, 30.6719989777, 9.67557811737, 8.02812576294, 10.0703363419, 13.7826080322, 3.63430833817, 10.1600542068, 43.3433151245, 94.0759124756]], "icov": [[0.000103419632069, 1.75542463694e-05, 8.75558107509e-05, -3.83340411645e-05, 0.000139539217344, -0.000152885477291, 0.000155533547513, -5.94690536673e-05, 3.47647001036e-05, 2.60515389527e-06, 0.000133919340442, 8.13086171547e-06, 0.000292681535939], [1.75542463694e-05, 0.00058654230088, 0.000162133612321, -9.92735949694e-05, -0.000206038486795, 0.00013579694496, -0.000459676986793, 0.000118242824101, -0.000364324310794, 0.00012829307525, -0.00013017069432, 0.000343913707184, 4.36189475295e-05], [8.75558107509e-05, 0.000162133612321, 0.00120058562607, -0.00023109135509, -0.000555369304493, 0.000160474693985, -0.000172620231751, -0.000283426837996, 0.000525578798261, -0.00017590081552, 0.000430850748671, -0.000348399305949, 0.000654881063383], [-3.83340411645e-05, -9.92735949694e-05, -0.00023109135509, 0.00267997011542, -0.00129860744346, -0.00130275369156, 0.000829559226986, -0.000590810494032, -6.4824562287e-05, 0.000432298489613, -2.26383126574e-05, -0.00037941816845, -0.00013387920626], [0.000139539217344, -0.000206038486795, -0.000555369304493, -0.00129860744346, 0.00556752830744, -0.00116136681754, -0.000250290962867, 0.00075014407048, -0.0017654763069, -0.000394194939872, -8.45474642119e-05, -0.000482588075101, -0.000459104863694], [-0.000152885477291, 0.00013579694496, 0.000160474693985, -0.00130275369156, -0.00116136681754, 0.00560066476464, -0.00301956897601, -0.000214154351852, -0.000230080258916, 6.74467228237e-05, -0.000723725126591, 0.000803433475085, -0.000327215297148], [0.000155533547513, -0.000459676986793, -0.000172620231751, 0.000829559226986, -0.000250290962867, -0.00301956897601, 0.00837509706616, -0.00327155250125, 0.000731668784283, 0.00108090229332, -0.000642060127575, -0.000818202388473, 0.000628159032203], [-5.94690536673e-05, 0.000118242824101, -0.000283426837996, -0.000590810494032, 0.00075014407048, -0.000214154351852, -0.00327155250125, 0.00990843120962, -0.00328018073924, -0.00156889518257, 0.000625957909506, -0.000613159965724, -0.000304780638544], [3.47647001036e-05, -0.000364324310794, 0.000525578798261, -6.4824562287e-05, -0.0017654763069, -0.000230080258916, 0.000731668784283, -0.00328018073924, 0.0108376210555, -0.00219674268737, -0.00159143318888, 0.00103165092878, -0.000739807379432], [2.60515389527e-06, 0.00012829307525, -0.00017590081552, 0.000432298489613, -0.000394194939872, 6.74467228237e-05, 0.00108090229332, -0.00156889518257, -0.00219674268737, 0.0107961948961, -0.00265291682445, -0.00138366536703, 0.000901999999769], [0.000133919340442, -0.00013017069432, 0.000430850748671, -2.26383126574e-05, -8.45474642119e-05, -0.000723725126591, -0.000642060127575, 0.000625957909506, -0.00159143318888, -0.00265291682445, 0.0120492102578, -0.0034538875334, 0.00118969962932], [8.13086171547e-06, 0.000343913707184, -0.000348399305949, -0.00037941816845, -0.000482588075101, 0.000803433475085, -0.000818202388473, -0.000613159965724, 0.00103165092878, -0.00138366536703, -0.0034538875334, 0.0128473425284, -0.00534176966175], [0.000292681535939, 4.36189475295e-05, 0.000654881063383, -0.00013387920626, -0.000459104863694, -0.000327215297148, 0.000628159032203, -0.000304780638544, -0.000739807379432, 0.000901999999769, 0.00118969962932, -0.00534176966175, 0.0142245218158]], "mean": [-703.693969727, 97.8607254028, -8.53964996338, 26.8683795929, -3.0574491024, 6.89676380157, 0.987250208855, 6.64569568634, 1.58893036842, 7.34839344025, -2.33031320572, 1.2073392868, -1.51878428459]}, "spectral_contrast_valleys": {"min": [-28.2365455627, -27.9771289825, -27.4722213745, -27.6009578705, -27.4398593903, -27.301864624], "max": [-5.69366121292, -4.83754014969, -5.07174015045, -5.51057243347, -5.0799703598, -7.82661676407], "dvar2": [0.414168536663, 0.370723515749, 0.424642056227, 0.465465664864, 0.448992192745, 0.52832877636], "median": [-7.90293741226, -7.33447265625, -7.74978160858, -8.01837539673, -7.6632809639, -10.5154390335], "dmean2": [0.760573446751, 0.692222714424, 0.661905527115, 0.623984336853, 0.582206010818, 0.582355558872], "dmean": [0.497167378664, 0.451461553574, 0.443270981312, 0.432235658169, 0.443615585566, 0.467076957226], "var": [2.603536129, 1.9034332037, 2.02709937096, 2.04035544395, 1.98302280903, 2.1665365696], "dvar": [0.232069164515, 0.186761751771, 0.220131441951, 0.245181754231, 0.253151029348, 0.29888638854], "mean": [-8.41495990753, -7.5586605072, -7.93397808075, -8.19158744812, -7.82793140411, -10.6819524765]}, "barkbands_flatness_db": {"min": 0.0162759628147, "max": 0.424765229225, "dvar2": 0.00161182018928, "median": 0.109800428152, "dmean2": 0.0388227887452, "dmean": 0.0275018960238, "var": 0.00430727656931, "dvar": 0.000898889673408, "mean": 0.124232068658}, "dynamic_complexity": 4.8795747757, "erbbands_flatness_db": {"min": 0.0309314094484, "max": 0.441047549248, "dvar2": 0.000880166131537, "median": 0.148046672344, "dmean2": 0.0293545406312, "dmean": 0.0203188508749, "var": 0.00208529783413, "dvar": 0.000457041634945, "mean": 0.15544269979}, "