{"lowlevel": {"spectral_complexity": {"min": 0, "max": 61, "dvar2": 46.8472633362, "median": 12, "dmean2": 5.21271562576, "dmean": 3.44593882561, "var": 143.027328491, "dvar": 23.4246387482, "mean": 15.4512891769}, "silence_rate_20dB": {"min": 1, "max": 1, "dvar2": 0, "median": 1, "dmean2": 0, "dmean": 0, "var": 0, "dvar": 0, "mean": 1}, "average_loudness": 0.766976296902, "erbbands_spread": {"min": 3.33091497421, "max": 197.399856567, "dvar2": 375.968139648, "median": 47.0725364685, "dmean2": 16.526638031, "dmean": 10.9109125137, "var": 542.952026367, "dvar": 165.682495117, "mean": 49.9515914917}, "spectral_kurtosis": {"min": -1.19352042675, "max": 73.8438415527, "dvar2": 7.64635229111, "median": 2.1834025383, "dmean2": 1.62153339386, "dmean": 1.02506005764, "var": 15.0761232376, "dvar": 3.4529736042, "mean": 3.09641337395}, "barkbands_kurtosis": {"min": -1.97180128098, "max": 796.790222168, "dvar2": 1248.2833252, "median": 1.48853111267, "dmean2": 10.3569173813, "dmean": 6.51822566986, "var": 822.385375977, "dvar": 507.723022461, "mean": 9.38552188873}, "spectral_strongpeak": {"min": 0, "max": 16.4715480804, "dvar2": 2.79368519783, "median": 0.277464270592, "dmean2": 0.806016921997, "dmean": 0.474934905767, "var": 1.98444747925, "dvar": 1.13144898415, "mean": 0.793937027454}, "spectral_spread": {"min": 1165039.875, "max": 40301640, "dvar2": 1490302140420.0, "median": 5466282.5, "dmean2": 910915.0625, "dmean": 646585.875, "var": 3124683603970.0, "dvar": 864264650752, "mean": 5691289}, "spectral_rms": {"min": 8.53481924423e-06, "max": 0.01223669108, "dvar2": 3.31282831212e-06, "median": 0.0040006483905, "dmean2": 0.00124432158191, "dmean": 0.00081000541104, "var": 4.20829428549e-06, "dvar": 1.40354256928e-06, "mean": 0.00408659456298}, "erbbands": {"min": [5.56243037408e-07, 5.69416101825e-07, 8.03020512308e-08, 1.51179690988e-07, 3.09940446641e-07, 2.39938856339e-07, 9.49215319679e-08, 1.3521453468e-07, 2.62654936023e-07, 2.89766887818e-07, 3.60079667416e-07, 2.93559111242e-07, 5.12192116275e-07, 2.12571990232e-06, 1.16559942853e-06, 2.95344790402e-07, 5.37816049473e-07, 9.91766455627e-07, 6.62789034322e-07, 4.78159847717e-07, 4.82655309497e-07, 9.52833943302e-07, 2.84704219666e-06, 2.32997513194e-06, 1.20219283417e-05, 6.99762449585e-06, 1.75023251359e-06, 1.51769461354e-06, 2.18244167627e-06, 1.96882933778e-06, 1.81601717486e-06, 1.44202840602e-06, 1.51428025674e-06, 1.65766903137e-06, 1.19501078188e-06, 5.40381563496e-07, 2.84081465907e-07, 3.22642364381e-07, 7.38417114121e-08, 1.88770616916e-08], "max": [3.27229356766, 31.3452796936, 86.1717376709, 195.34602356, 164.33215332, 100.620491028, 268.483917236, 443.599700928, 540.284851074, 758.904602051, 875.287719727, 942.158630371, 880.079772949, 1596.71911621, 1163.20666504, 1116.43908691, 1497.07189941, 2755.37524414, 2278.24658203, 1700.73535156, 1377.78112793, 1852.0760498, 1149.52404785, 747.60369873, 723.415588379, 776.754150391, 659.695800781, 925.286621094, 817.932189941, 794.467163086, 633.088623047, 311.773834229, 152.243453979, 120.26411438, 51.8878097534, 22.5713233948, 10.5923042297, 3.32835173607, 0.366265207529, 0.0157557595521], "dvar2": [0.254388123751, 26.9651050568, 118.789154053, 132.530807495, 117.728050232, 61.0566673279, 139.285568237, 1126.61230469, 969.07421875, 2530.83666992, 1705.82434082, 1861.85620117, 1525.62426758, 2869.41577148, 2605.30615234, 2257.44628906, 2752.98339844, 4185.20996094, 5133.25634766, 3855.14648438, 3103.48803711, 2806.31323242, 2671.66650391, 1659.65185547, 1184.64733887, 1234.66503906, 789.864685059, 1027.06066895, 1354.16137695, 1230.85314941, 659.034362793, 239.087020874, 49.8172149658, 28.18516922, 7.96082401276, 1.65055811405, 0.24266345799, 0.020572444424, 0.00039254501462, 6.25400275567e-07], "median": [0.0800675153732, 0.690126001835, 1.2429779768, 1.53679156303, 1.44905364513, 1.84111750126, 2.5990281105, 3.58258509636, 2.90616822243, 3.17142033577, 2.28755712509, 2.72090959549, 3.42991185188, 3.78166174889, 3.45827889442, 3.1554274559, 4.02217388153, 3.88430428505, 3.71187329292, 3.62708687782, 2.75648236275, 3.66472434998, 5.28265428543, 5.45540046692, 6.24543428421, 5.59351205826, 4.87897062302, 4.53539991379, 4.47455501556, 3.87161421776, 2.7289147377, 1.56082260609, 0.747449636459, 0.377868443727, 0.178490951657, 0.0667918398976, 0.017635434866, 0.00300346198492, 0.000279029569356, 3.74166556867e-05], "dmean2": [0.232676967978, 2.02644062042, 4.00320529938, 4.13091802597, 4.14727735519, 3.95828318596, 5.49091529846, 10.8828220367, 11.7700157166, 17.9570217133, 13.2607526779, 13.3498849869, 12.6575241089, 15.5084762573, 14.7755527496, 12.2138690948, 15.8011989594, 17.4415893555, 18.0757255554, 19.4744052887, 17.3692531586, 17.64220047, 17.7747211456, 14.6184368134, 14.5272169113, 14.7150497437, 12.1873731613, 11.4901514053, 12.8403844833, 12.1526689529, 8.94921970367, 5.66917037964, 2.58897352219, 1.69230103493, 0.934662282467, 0.454434961081, 0.152832195163, 0.0434506684542, 0.00562121998519, 0.000236596257309], "dmean": [0.14116166532, 1.15775883198, 2.27258777618, 2.38118577003, 2.46455860138, 2.46495008469, 3.36966276169, 6.5877494812, 7.49325990677, 11.4640026093, 8.82686328888, 8.77375984192, 8.60310268402, 10.3744497299, 9.73045825958, 8.00262069702, 10.2626752853, 11.3126478195, 11.9857931137, 12.6850891113, 11.4631280899, 11.3430938721, 11.2721014023, 9.32780838013, 9.34438514709, 9.42985343933, 7.95147609711, 7.67513418198, 8.62122058868, 8.10391139984, 6.11580848694, 3.86085510254, 1.75756645203, 1.17074358463, 0.63551145792, 0.30208453536, 0.100821785629, 0.027006233111, 0.00341098057106, 0.000144744160934], "var": [0.120129883289, 7.77442550659, 31.2994842529, 42.1966590881, 42.855140686, 40.5459785461, 88.4935836792, 452.793640137, 903.807556152, 2695.63671875, 2612.53735352, 2037.51672363, 2106.60229492, 4104.12646484, 3392.65234375, 2577.12304688, 2844.91088867, 3935.37133789, 5670.54833984, 5823.59130859, 3976.2487793, 4331.13769531, 2696.94628906, 1525.56225586, 1313.3659668, 1076.34472656, 770.350891113, 1086.70800781, 1532.17199707, 1310.43371582, 750.414916992, 262.115753174, 64.0460510254, 33.9950141907, 8.77949810028, 1.76599144936, 0.188088908792, 0.0119769033045, 0.000202315335628, 3.4236578017e-07], "dvar": [0.098796069622, 9.57712078094, 41.548576355, 47.6372375488, 45.2518692017, 26.0095462799, 56.5692481995, 425.317871094, 407.928039551, 1036.6159668, 802.850830078, 815.97052002, 718.742919922, 1358.51940918, 1158.77526855, 1012.5723877, 1235.02160645, 1819.65905762, 2331.10620117, 1804.09265137, 1389.77172852, 1260.46374512, 1107.0255127, 680.520385742, 495.426025391, 508.203521729, 353.740905762, 487.385437012, 657.047607422, 605.650085449, 327.957183838, 108.486297607, 23.0273170471, 13.6076755524, 3.80983233452, 0.760041773319, 0.107745662332, 0.00858790613711, 0.000160783238243, 2.61122579559e-07], "mean": [0.201768025756, 1.45952284336, 2.905397892, 3.2145781517, 3.22000193596, 3.84333539009, 5.48299312592, 9.7508354187, 12.6514205933, 19.9093608856, 15.9190454483, 15.2901182175, 16.3121013641, 19.4249687195, 17.5121593475, 13.4182949066, 17.0900859833, 18.6700572968, 20.1746444702, 23.2390918732, 21.5594348907, 22.0669593811, 21.5497055054, 18.499622345, 19.4759349823, 18.1436023712, 14.9601373672, 14.7363023758, 17.1385192871, 15.8118438721, 12.1036043167, 7.52176713943, 3.44509887695, 2.0696208477, 1.0767788887, 0.497506737709, 0.14656162262, 0.0322485975921, 0.00377755053341, 0.000180699076736]}, "zerocrossingrate": {"min": 0.00244140625, "max": 0.421875, "dvar2": 0.000439785682829, "median": 0.072265625, "dmean2": 0.0173519738019, "dmean": 0.015376502648, "var": 0.00350541225635, "dvar": 0.000386121217161, "mean": 0.0829545408487}, "spectral_contrast_coeffs": {"min": [-0.937633216381, -0.958138287067, -0.958698630333, -0.966371834278, -0.952001988888, -0.964796543121], "max": [-0.325127065182, -0.363502562046, -0.455617666245, -0.505307972431, -0.545602977276, -0.563761353493], "dvar2": [0.00451645860448, 0.00370689877309, 0.0022791326046, 0.00167546339799, 0.00100159132853, 0.000677712727338], "median": [-0.706943333149, -0.722725212574, -0.769781529903, -0.780118942261, -0.789566397667, -0.754509747028], "dmean2": [0.0789279490709, 0.0749076232314, 0.0578824169934, 0.0510073974729, 0.0372554883361, 0.0285914894193], "dmean": [0.0477812327445, 0.0461280606687, 0.0369476266205, 0.0321901999414, 0.02355742082, 0.0189507808536], "var": [0.00657592201605, 0.00627821171656, 0.00535818375647, 0.00390950078145, 0.00254984968342, 0.00224878988229], "dvar": [0.00172200403176, 0.00147406186443, 0.000981730408967, 0.000735176086891, 0.000436012225691, 0.000326986424625], "mean": [-0.692115902901, -0.714349925518, -0.760864973068, -0.772491872311, -0.785379946232, -0.756588757038]}, "dissonance": {"min": 0.22241923213, "max": 0.500000059605, "dvar2": 0.000810225435998, "median": 0.473633676767, "dmean2": 0.0279668644071, "dmean": 0.0168439019471, "var": 0.000854698941112, "dvar": 0.000301708671032, "mean": 0.465531051159}, "spectral_energyband_high": {"min": 1.75307179884e-09, "max": 0.05750644207, "dvar2": 7.8861030488e-06, "median": 0.000645637861453, "dmean2": 0.00117526226677, "dmean": 0.000840647495352, "var": 1.28190595206e-05, "dvar": 4.23312576459e-06, "mean": 0.00201605283655}, "spectral_skewness": {"min": -0.399539738894, "max": 7.43888235092, "dvar2": 0.100625418127, "median": 1.14358234406, "dmean2": 0.267642736435, "dmean": 0.178100332618, "var": 0.378308922052, "dvar": 0.0523681342602, "mean": 1.27773880959}, "spectral_flux": {"min": 0.000183637108421, "max": 0.360636621714, "dvar2": 0.00259041436948, "median": 0.0607770271599, "dmean2": 0.0389443263412, "dmean": 0.0252045243979, "var": 0.00305432640016, "dvar": 0.00129016384017, "mean": 0.0747551620007}, "silence_rate_30dB": {"min": 0, "max": 1, "dvar2": 0.00327466521412, "median": 1, "dmean2": 0.0023620496504, "dmean": 0.00118094740901, "var": 0.000721211836208, "dvar": 0.00117931759451, "mean": 0.999278366566}, "spectral_energyband_middle_high": {"min": 5.03788288864e-10, "max": 0.0656084790826, "dvar2": 1.62650485436e-05, "median": 0.00152256560978, "dmean2": 0.00209313398227, "dmean": 0.00140411360189, "var": 4.04215825256e-05, "dvar": 7.465715953e-06, "mean": 0.00414655171335}, "barkbands_spread": {"min": 0.197491660714, "max": 120.880027771, "dvar2": 262.498779297, "median": 28.0036315918, "dmean2": 12.6202020645, "dmean": 8.14387702942, "var": 465.24887085, "dvar": 116.001602173, "mean": 30.9650917053}, "spectral_centroid": {"min": 103.634590149, "max": 11264.4765625, "dvar2": 334770.65625, "median": 1697.14013672, "dmean2": 477.505859375, "dmean": 312.688781738, "var": 932595.0625, "dvar": 168135.265625, "mean": 1714.80725098}, "pitch_salience": {"min": 0.0534016191959, "max": 0.892964661121, "dvar2": 0.0144052412361, "median": 0.522676050663, "dmean2": 0.123027294874, "dmean": 0.0766947194934, "var": 0.0168460626155, "dvar": 0.00559066282585, "mean": 0.522502243519}, "erbbands_skewness": {"min": -5.90129423141, "max": 5.80781078339, "dvar2": 0.387629419565, "median": 0.134473532438, "dmean2": 0.589797735214, "dmean": 0.395502001047, "var": 1.05304217339, "dvar": 0.193000182509, "mean": 0.16422188282}, "erbbands_crest": {"min": 2.24129605293, "max": 30.330953598, "dvar2": 14.3537969589, "median": 7.45950460434, "dmean2": 3.98405838013, "dmean": 2.48669028282, "var": 20.7595844269, "dvar": 5.95184373856, "mean": 8.70676231384}, "melbands": {"min": [5.28373522712e-09, 2.14672321586e-10, 3.18922145637e-11, 1.93360379791e-11, 4.83944134766e-12, 2.67990187333e-12, 3.85588349444e-12, 3.93525273132e-12, 2.88358204502e-12, 1.69516928706e-12, 2.18491565986e-12, 8.47098693274e-12, 4.12953915854e-12, 1.24534865927e-12, 4.17961699322e-13, 1.74037520506e-12, 1.80404801341e-12, 1.13746338737e-12, 6.5951882627e-13, 7.55324568082e-13, 4.4130695734e-13, 6.1771762835e-13, 2.41945482746e-12, 2.31391099857e-12, 1.60540992392e-12, 3.12451865596e-12, 1.05300716063e-11, 1.48664706847e-12, 9.51463083668e-13, 8.95578045317e-13, 8.67236133167e-13, 1.19021177462e-12, 1.09103589878e-12, 1.08933218348e-12, 1.0268877762e-12, 1.03812130333e-12, 7.76487760808e-13, 1.02491778085e-12, 1.19725789612e-12, 1.50464775188e-12], "max": [0.0302648171782, 0.0369144007564, 0.0293532311916, 0.00726142153144, 0.00722888857126, 0.00905709248036, 0.00722869765013, 0.00737374182791, 0.00612324569374, 0.00663870852441, 0.00434547103941, 0.00691274274141, 0.00455843517557, 0.00365190533921, 0.00584917189553, 0.0037834579125, 0.0046840342693, 0.00393830658868, 0.00325179006904, 0.00186445203144, 0.00147294532508, 0.00200311141089, 0.00134639022872, 0.00101767946035, 0.000665596628096, 0.000615214172285, 0.00058933859691, 0.00056987995049, 0.000578430073801, 0.000367982080206, 0.000582179112826, 0.000535851402674, 0.000463344127638, 0.00045310697169, 0.000404497171985, 0.000224241171964, 0.000251698918873, 0.000106582541775, 0.000143376179039, 0.000103358273918], "dvar2": [2.49120330409e-05, 3.6791065213e-05, 3.43212309417e-06, 4.51384977396e-07, 1.24042159655e-07, 4.76385935144e-07, 2.11032073594e-07, 2.79209302789e-07, 9.1178094408e-08, 7.95331942527e-08, 4.01752124901e-08, 5.18223473023e-08, 4.4117243192e-08, 1.8698248283e-08, 2.32497132657e-08, 1.35751063723e-08, 1.52012109567e-08, 1.70658935872e-08, 9.29666565952e-09, 5.48891287977e-09, 5.14501952154e-09, 3.74218700472e-09, 4.21160351038e-09, 2.44036835184e-09, 1.35737054929e-09, 8.44972924963e-10, 9.26621723796e-10, 5.96946769793e-10, 4.38241276601e-10, 3.18463255766e-10, 4.10860623301e-10, 5.17709430881e-10, 4.88214468852e-10, 4.49622755694e-10, 2.84970574915e-10, 1.65848654254e-10, 1.00141672732e-10, 2.70749915543e-11, 3.00748453919e-11, 2.16123646757e-11], "median": [0.000823746435344, 0.000875602709129, 0.000285544199869, 0.000125409758766, 9.16564604267e-05, 8.04525334388e-05, 4.40318290202e-05, 3.03807373712e-05, 1.62835385709e-05, 1.55798152264e-05, 1.61824718816e-05, 1.38325340231e-05, 1.00478309832e-05, 7.08740526534e-06, 8.00218549557e-06, 7.85302927397e-06, 6.1442506194e-06, 4.99809993926e-06, 4.49074423159e-06, 3.67743132301e-06, 2.64631603386e-06, 2.84955149255e-06, 4.91158061777e-06, 3.87658928958e-06, 3.82049393011e-06, 4.6455284064e-06, 3.88192620449e-06, 3.16538694278e-06, 2.93988250633e-06, 2.35980132857e-06, 2.50265566137e-06, 2.39809583036e-06, 2.26192696573e-06, 1.97926487999e-06, 1.65550056863e-06, 1.09215363864e-06, 8.45956321882e-07, 5.20816399785e-07, 3.44206966929e-07, 2.86594485033e-07], "dmean2": [0.00218107877299, 0.00228821765631, 0.000704824633431, 0.000292378623271, 0.000178367379704, 0.000235780811636, 0.000181280527613, 0.000192829800653, 9.95708323899e-05, 8.7443702796e-05, 6.5369924414e-05, 6.5771433583e-05, 5.51717967028e-05, 3.76200441679e-05, 3.64044790331e-05, 3.65469459211e-05, 3.30321272486e-05, 3.12276097247e-05, 2.83927911369e-05, 2.41441939579e-05, 2.21009213419e-05, 1.91106064449e-05, 2.03841445909e-05, 1.66340560099e-05, 1.27320035972e-05, 1.19275791803e-05, 1.2472824892e-05, 9.927366591e-06, 8.83990924194e-06, 7.17813827578e-06, 7.19289482731e-06, 7.95926280261e-06, 7.66967241361e-06, 7.59199838285e-06, 5.92184414927e-06, 4.47094635092e-06, 3.62344053428e-06, 1.97570852833e-06, 1.69148370333e-06, 1.48478920892e-06], "dmean": [0.00129625014961, 0.00130021036603, 0.000408333231462, 0.000179566573934, 0.000109630447696, 0.000143660508911, 0.000116558585432, 0.000123366538901, 6.61556550767e-05, 5.73461511522e-05, 4.42070049758e-05, 4.40265030193e-05, 3.63656072295e-05, 2.43860649789e-05, 2.37479180214e-05, 2.38091870415e-05, 2.12778213609e-05, 2.04325606319e-05, 1.84151103895e-05, 1.57013637363e-05, 1.44015211845e-05, 1.22298697534e-05, 1.27566727315e-05, 1.0512470908e-05, 8.02722661319e-06, 7.56082590669e-06, 7.98920882517e-06, 6.29481337455e-06, 5.63100957152e-06, 4.65834091301e-06, 4.7434350563e-06, 5.27288329977e-06, 5.03976070831e-06, 4.96012808071e-06, 3.96711811845e-06, 2.99500061374e-06, 2.38731217905e-06, 1.30865737447e-06, 1.142848987e-06, 1.00651470802e-06], "var": [1.00369061329e-05, 9.97603910946e-06, 1.12168720534e-06, 2.2767572716e-07, 8.75023502545e-08, 2.07109081884e-07, 2.00863141231e-07, 3.19287380535e-07, 1.38604690392e-07, 8.9148159077e-08, 5.4566076102e-08, 7.48001198758e-08, 5.85400030673e-08, 2.10421227109e-08, 1.70563421165e-08, 1.41933105269e-08, 1.30367814322e-08, 1.58305670794e-08, 1.08548592337e-08, 6.75170230835e-09, 6.50328146889e-09, 5.5676077082e-09, 4.03264310833e-09, 2.62027799458e-09, 1.08527886677e-09, 7.96599120001e-10, 9.19726184101e-10, 4.38814234949e-10, 3.52375378876e-10, 3.12770559452e-10, 4.08607703228e-10, 5.31290622607e-10, 4.84234541354e-10, 4.40888048292e-10, 3.07542352695e-10, 1.51535617388e-10, 9.47531289541e-11, 3.26756226243e-11, 3.05828209979e-11, 2.44229532431e-11], "dvar": [9.35562547966e-06, 1.29872805701e-05, 1.24587120354e-06, 1.86382933975e-07, 5.08625142004e-08, 1.81817569e-07, 8.98958703033e-08, 1.13769857535e-07, 4.30345075131e-08, 3.41663195513e-08, 1.88420461456e-08, 2.46984281915e-08, 1.92443252445e-08, 8.16982570484e-09, 9.7000372179e-09, 6.21066487128e-09, 6.57613874466e-09, 7.6789898884e-09, 4.35717995018e-09, 2.48909404199e-09, 2.35608643706e-09, 1.69707914388e-09, 1.78367065562e-09, 1.03626773829e-09, 5.51811540905e-10, 3.47475132001e-10, 3.95099758466e-10, 2.39561009918e-10, 1.88031284987e-10, 1.4630904821e-10, 1.91288762608e-10, 2.40109571115e-10, 2.35756886235e-10, 2.12420012136e-10, 1.39080441608e-10, 7.58572510362e-11, 4.28789122264e-11, 1.22387169843e-11, 1.34782436947e-11, 1.03225830661e-11], "mean": [0.00183868629392, 0.00171859317925, 0.000555274134967, 0.00026144500589, 0.000186951714568, 0.000216779721086, 0.000197117493371, 0.000218542932998, 0.000116933588288, 9.93052162812e-05, 8.16581596155e-05, 7.96416643425e-05, 6.42583981971e-05, 3.82003527193e-05, 3.57052413165e-05, 3.84441082133e-05, 3.2517244108e-05, 3.13499185722e-05, 3.07244736177e-05, 2.68173080258e-05, 2.46772342507e-05, 2.15826967178e-05, 2.19724606723e-05, 1.85426597454e-05, 1.42644130392e-05, 1.43364459291e-05, 1.47260561789e-05, 1.09637503556e-05, 9.68573294813e-06, 8.18991975393e-06, 8.57148188516e-06, 9.66182415141e-06, 9.39716574067e-06, 8.85058580025e-06, 7.48127195038e-06, 5.32108697371e-06, 4.35381343777e-06, 2.42752048507e-06, 1.96064934244e-06, 1.67863709066e-06]}, "spectral_entropy": {"min": 4.90591812134, "max": 9.80802631378, "dvar2": 0.0727817118168, "median": 7.84070968628, "dmean2": 0.234942615032, "dmean": 0.162112772465, "var": 0.317313671112, "dvar": 0.0395293086767, "mean": 7.7202796936}, "spectral_rolloff": {"min": 21.533203125, "max": 16343.7011719, "dvar2": 4447261, "median": 1399.65820312, "dmean2": 1323.45385742, "dmean": 810.84362793, "var": 5999635.5, "dvar": 2012499, "mean": 2299.42822266}, "barkbands": {"min": [1.39145246436e-08, 6.63584520666e-09, 4.14811518468e-11, 6.86874654376e-11, 7.7234496576e-11, 1.31444976431e-11, 1.52684427601e-11, 2.30570111615e-11, 1.14830419479e-11, 2.57170257312e-11, 2.44273611755e-11, 7.00777326793e-12, 1.08841980567e-11, 2.17151279597e-11, 8.03354431589e-12, 1.05805208345e-11, 1.33144103381e-11, 4.86471904426e-11, 5.74794413455e-11, 2.7356991672e-10, 4.07422255655e-11, 5.13785645972e-11, 6.53259460415e-11, 7.81057371557e-11, 1.64045305118e-10, 1.4056256159e-10, 1.08866082815e-09], "max": [0.0149870682508, 0.12249186635, 0.0795724987984, 0.0807581469417, 0.0270183999091, 0.0405258834362, 0.0330447182059, 0.0453908927739, 0.0360570438206, 0.0399090796709, 0.0293100792915, 0.0240881536156, 0.0377272106707, 0.0438368208706, 0.0363681688905, 0.021618200466, 0.0282169599086, 0.0181329995394, 0.0172098260373, 0.0144416317344, 0.016908288002, 0.022956635803, 0.0200006812811, 0.0107710063457, 0.00940182898194, 0.00518008833751, 0.00225204788148], "dvar2": [1.52969471401e-06, 0.000409033702454, 7.93651561253e-05, 1.68397418747e-05, 5.99749364483e-06, 9.3660210041e-06, 5.80487358093e-06, 4.98971940033e-06, 3.25884320773e-06, 2.32312936532e-06, 1.99336204787e-06, 1.31702859107e-06, 1.55600389462e-06, 2.05472292691e-06, 2.11239512282e-06, 1.15538409773e-06, 1.07879839106e-06, 9.27284645513e-07, 5.25573341292e-07, 5.42939005754e-07, 4.9571508498e-07, 1.0159036492e-06, 9.03590375856e-07, 2.75155287e-07, 1.75942730607e-07, 6.64519603788e-08, 1.28739348071e-08], "median": [9.19352823985e-05, 0.0031746882014, 0.000931058486458, 0.000368263223208, 0.00058140559122, 0.000424412079155, 0.000195113025256, 8.45097456477e-05, 0.000112167355837, 0.000101136043668, 5.33253987669e-05, 6.94820191711e-05, 7.91152197053e-05, 7.2246977652e-05, 6.42153172521e-05, 4.72287465527e-05, 6.11849973211e-05, 8.46650873427e-05, 0.000113740425149, 0.000110800036055, 0.000119988602819, 0.000125842823763, 0.000100168195786, 5.76669153816e-05, 3.05657194986e-05, 1.14923695946e-05, 1.54362896865e-06], "dmean2": [0.000523469294421, 0.00834817439318, 0.003283649683, 0.00134585553315, 0.00116727885325, 0.00114865205251, 0.00096667255275, 0.0007678065449, 0.000598188024014, 0.000476908433484, 0.000381954858312, 0.000323637592373, 0.000373246002709, 0.000377086253138, 0.000414643989643, 0.000344675325323, 0.000342593470123, 0.000341360631865, 0.000288824987365, 0.000316239253152, 0.000290259544272, 0.000349129928509, 0.000340744707501, 0.00019762852753, 0.000138840041473, 8.82814201759e-05, 3.25796099787e-05], "dmean": [0.000304989051074, 0.00489143887535, 0.0018659166526, 0.000779391732067, 0.000719961535651, 0.000701505108736, 0.000622036925051, 0.000495775835589, 0.000393650465412, 0.000320888764691, 0.000249818491284, 0.000209503312362, 0.000239356115344, 0.000243251284701, 0.000268196628895, 0.000225125506404, 0.000214761428651, 0.000214634419535, 0.000184590215213, 0.000203529954888, 0.000191680213902, 0.00023544083524, 0.000231996760704, 0.000134505302412, 9.58939926932e-05, 5.86823298363e-05, 1.98475790967e-05], "var": [5.67255256101e-07, 0.000142971402965, 2.17489250645e-05, 5.22279924553e-06, 3.39139546668e-06, 4.44778879682e-06, 5.78049457545e-06, 6.81655910739e-06, 4.26030692324e-06, 3.07167238134e-06, 2.66597066911e-06, 1.48275660194e-06, 1.47482626289e-06, 1.48629669638e-06, 2.35733182308e-06, 1.26523332256e-06, 1.28270687583e-06, 9.19993397019e-07, 5.20705611962e-07, 5.11612370246e-07, 5.32586739155e-07, 1.17860349746e-06, 1.05071160306e-06, 3.3916634834e-07, 2.17750113052e-07, 6.29078442671e-08, 6.92161306048e-09], "dvar": [5.64204412967e-07, 0.000149966101162, 2.76268874586e-05, 6.21191657046e-06, 2.46830040851e-06, 3.65247865375e-06, 2.52557310887e-06, 2.22165726882e-06, 1.40923111758e-06, 1.10527457764e-06, 8.69218297339e-07, 5.8156808791e-07, 6.87428268975e-07, 8.85615691004e-07, 9.38494508773e-07, 5.09432311446e-07, 4.69380637469e-07, 3.9034645738e-07, 2.16486768068e-07, 2.30987836858e-07, 2.3227458712e-07, 5.05087939473e-07, 4.49063094266e-07, 1.26097148723e-07, 8.66413074618e-08, 3.03819334135e-08, 5.31861799047e-09], "mean": [0.000361569720553, 0.00673496769741, 0.00237221829593, 0.000944430299569, 0.00115597096737, 0.00105913623702, 0.00104018673301, 0.000839356915094, 0.000714349036571, 0.000548029202037, 0.000426711747423, 0.000325882196194, 0.000371310306946, 0.000358604622306, 0.00043861096492, 0.000383656937629, 0.000372291251551, 0.000385737570468, 0.000361743906979, 0.000387904496165, 0.000363033002941, 0.000479291717056, 0.000454763445305, 0.000268798146863, 0.000169692619238, 9.0983674454e-05, 2.19248449866e-05]}, "melbands_flatness_db": {"min": 0.0140919648111, "max": 0.647500753403, "dvar2": 0.0025048670359, "median": 0.175057098269, "dmean2": 0.0456454753876, "dmean": 0.0298995114863, "var": 0.0102815981954, "dvar": 0.00116409175098, "mean": 0.198631107807}, "melbands_skewness": {"min": -2.93148803711, "max": 26.5786781311, "dvar2": 4.74949455261, "median": 2.7903983593, "dmean2": 1.61898803711, "dmean": 1.05525016785, "var": 6.83042144775, "dvar": 2.10482358932, "mean": 3.41446328163}, "barkbands_skewness": {"min": -5.458340168, "max": 23.7813053131, "dvar2": 2.66864609718, "median": 1.42089545727, "dmean2": 1.15537583828, "dmean": 0.755545735359, "var": 4.36908435822, "dvar": 1.19134950638, "mean": 1.83753108978}, "silence_rate_60dB": {"min": 0, "max": 1, "dvar2": 0.0784428939223, "median": 0, "dmean2": 0.0762417167425, "dmean": 0.0381183587015, "var": 0.107616387308, "dvar": 0.03667043522, "mean": 0.122679263353}, "spectral_energyband_low": {"min": 2.22187868104e-08, "max": 0.150836437941, "dvar2": 0.000668293214403, "median": 0.00562296388671, "dmean2": 0.0110356025398, "dmean": 0.00652780290693, "var": 0.000248664233368, "dvar": 0.000248170399573, "mean": 0.0100112510845}, "spectral_energyband_middle_low": {"min": 2.15723119923e-10, "max": 0.0952067226171, "dvar2": 6.16669276496e-05, "median": 0.00361651997082, "dmean2": 0.00414023455232, "dmean": 0.00262627447955, "var": 5.08491575602e-05, "dvar": 2.60675860773e-05, "mean": 0.00585318449885}, "melbands_kurtosis": {"min": -1.90325307846, "max": 1190.01257324, "dvar2": 5106.36376953, "median": 10.3052072525, "dmean2": 26.9706039429, "dmean": 16.9219875336, "var": 3805.99584961, "dvar": 2195.19384766, "mean": 28.1665229797}, "spectral_decrease": {"min": -4.01118960269e-08, "max": -1.81380636828e-14, "dvar2": 4.77711494477e-17, "median": -3.87694454318e-09, "dmean2": 3.58293239522e-09, "dmean": 2.20138374196e-09, "var": 2.57369670621e-17, "dvar": 1.8315166771e-17, "mean": -5.07473618683e-09}, "erbbands_kurtosis": {"min": -1.84232831001, "max": 54.0899581909, "dvar2": 11.3485536575, "median": -0.349197864532, "dmean2": 1.76171195507, "dmean": 1.12998175621, "var": 11.5274515152, "dvar": 5.1758556366, "mean": 0.643521904945}, "melbands_crest": {"min": 2.71216988564, "max": 37.5148429871, "dvar2": 25.5218715668, "median": 14.7552747726, "dmean2": 5.60268640518, "dmean": 3.48239684105, "var": 34.6092758179, "dvar": 10.2640628815, "mean": 15.406211853}, "gfcc": {"cov": [[8282.72851562, -2162.22412109, -1020.65032959, 139.124465942, -214.431564331, 261.723724365, 19.8951396942, 322.318847656, 147.848129272, 203.621810913, -233.877029419, -102.661827087, -349.184814453], [-2162.22412109, 2023.10925293, 340.055908203, 26.2456264496, 325.423431396, -52.719959259, 160.135955811, -64.76978302, 59.2341117859, -117.304870605, 136.775970459, -55.5741386414, 115.691665649], [-1020.65032959, 340.055908203, 1250.78234863, 189.38243103, 251.917007446, 110.534225464, 55.8463020325, -19.8161907196, -41.9065895081, -26.9971618652, 30.3067588806, 17.6476020813, 22.7771759033], [139.124465942, 26.2456264496, 189.38243103, 467.457977295, 152.404541016, 66.0814285278, 43.9972953796, 25.1778774261, 45.5577545166, -19.7794494629, -21.3192768097, -11.5094308853, -6.09893083572], [-214.431564331, 325.423431396, 251.917007446, 152.404541016, 414.016265869, 88.7111740112, 96.5728378296, 29.5863876343, 45.4037666321, -24.8351783752, 0.69915574789, -28.5343704224, 29.4952335358], [261.723724365, -52.719959259, 110.534225464, 66.0814285278, 88.7111740112, 261.796356201, 102.078620911, 15.8076639175, 10.6000108719, 25.2893314362, 15.6738233566, -18.6454620361, -24.9595184326], [19.8951396942, 160.135955811, 55.8463020325, 43.9972953796, 96.5728378296, 102.078620911, 203.184967041, 50.4213371277, 33.3416976929, -4.84859657288, 32.6733131409, 0.204762011766, -1.15935361385], [322.318847656, -64.76978302, -19.8161907196, 25.1778774261, 29.5863876343, 15.8076639175, 50.4213371277, 138.588500977, 64.6132278442, 6.11618566513, -14.2055311203, -4.21236801147, -7.50930309296], [147.848129272, 59.2341117859, -41.9065895081, 45.5577545166, 45.4037666321, 10.6000108719, 33.3416976929, 64.6132278442, 154.40296936, 40.0054855347, 0.0478494167328, -12.2533874512, 0.459568917751], [203.621810913, -117.304870605, -26.9971618652, -19.7794494629, -24.8351783752, 25.2893314362, -4.84859657288, 6.11618566513, 40.0054855347, 120.402801514, 32.0303382874, -10.9242534637, -23.9078083038], [-233.877029419, 136.775970459, 30.3067588806, -21.3192768097, 0.69915574789, 15.6738233566, 32.6733131409, -14.2055311203, 0.0478494167328, 32.0303382874, 112.933403015, 29.0236797333, 0.564853072166], [-102.661827087, -55.5741386414, 17.6476020813, -11.5094308853, -28.5343704224, -18.6454620361, 0.204762011766, -4.21236801147, -12.2533874512, -10.9242534637, 29.0236797333, 100.481285095, 38.8629989624], [-349.184814453, 115.691665649, 22.7771759033, -6.09893083572, 29.4952335358, -24.9595184326, -1.15935361385, -7.50930309296, 0.459568917751, -23.9078083038, 0.564853072166, 38.8629989624, 103.430953979]], "icov": [[0.000232110935031, 0.000165197678143, 0.000158788650879, -6.59209399601e-05, -6.50875954307e-05, -0.000150601365021, -3.86846950278e-05, -0.000311726849759, -2.39265027631e-05, -0.000143582743476, 0.000272358360235, -5.96154095547e-05, 0.000506958400365], [0.000165197678143, 0.00112007651478, -7.36276051612e-05, 0.000126575556351, -0.000465779216029, 0.000494232052006, -0.000673130329233, 0.000587565591559, -0.000842974812258, 0.00124915712513, -0.00151019589975, 0.00152417516802, -0.000656216405332], [0.000158788650879, -7.36276051612e-05, 0.0011365194805, -0.000342116429238, -0.000519462570082, -0.000455811969005, 0.000214288156712, -0.000322272768244, 0.000600173894782, -0.00035169092007, 0.000263499649009, -0.000599841587245, 0.000505104835611], [-6.59209399601e-05, 0.000126575556351, -0.000342116429238, 0.00269189081155, -0.00075058528455, -0.000218262459384, -4.70870581921e-05, 0.000328187568812, -0.000975021568593, 0.000793474260718, 0.000188864461961, -5.76140919293e-05, 0.000262970599579], [-6.50875954307e-05, -0.000465779216029, -0.000519462570082, -0.00075058528455, 0.00391303002834, -0.000721721386071, -0.000726769212633, -0.000276453560218, -0.000494080421049, 0.000271825585514, 0.000349767680746, 0.00100435817149, -0.00126112089492], [-0.000150601365021, 0.000494232052006, -0.000455811969005, -0.000218262459384, -0.000721721386071, 0.00586416944861, -0.00298573425971, 0.00102746556513, 0.00019794619584, -0.000688864616677, -0.000773546344135, 0.00125621794723, 6.04195593041e-05], [-3.86846950278e-05, -0.000673130329233, 0.000214288156712, -4.70870581921e-05, -0.000726769212633, -0.00298573425971, 0.0082756401971, -0.00285682710819, -0.000120238350064, 0.000906327972189, -0.00167045660783, -0.000993122346699, 0.000536760024261], [-0.000311726849759, 0.000587565591559, -0.000322272768244, 0.000328187568812, -0.000276453560218, 0.00102746556513, -0.00285682710819, 0.0111671574414, -0.00452231010422, 0.00150129909161, 0.000385378749343, 0.000286369235255, -0.00025636254577], [-2.39265027631e-05, -0.000842974812258, 0.000600173894782, -0.000975021568593, -0.000494080421049, 0.00019794619584, -0.000120238350064, -0.00452231010422, 0.010517780669, -0.00476440507919, 0.00154966849368, -0.000517074484378, -0.000430741551099], [-0.000143582743476, 0.00124915712513, -0.00035169092007, 0.000793474260718, 0.000271825585514, -0.000688864616677, 0.000906327972189, 0.00150129909161, -0.00476440507919, 0.0135383773595, -0.00625584973022, 0.00339478184469, 2.68178573606e-05], [0.000272358360235, -0.00151019589975, 0.000263499649009, 0.000188864461961, 0.000349767680746, -0.000773546344135, -0.00167045660783, 0.000385378749343, 0.00154966849368, -0.00625584973022, 0.0153577029705, -0.00681277783588, 0.00330769759603], [-5.96154095547e-05, 0.00152417516802, -0.000599841587245, -5.76140919293e-05, 0.00100435817149, 0.00125621794723, -0.000993122346699, 0.000286369235255, -0.000517074484378, 0.00339478184469, -0.00681277783588, 0.0163776893169, -0.00708055403084], [0.000506958400365, -0.000656216405332, 0.000505104835611, 0.000262970599579, -0.00126112089492, 6.04195593041e-05, 0.000536760024261, -0.00025636254577, -0.000430741551099, 2.68178573606e-05, 0.00330769759603, -0.00708055403084, 0.0150301670656]], "mean": [-16.9989356995, 62.5323181152, -94.3527603149, 44.3300971985, -59.348285675, 16.9587097168, -30.7483062744, 8.23308467865, -19.4834461212, 5.17785167694, -11.7292423248, 5.43706035614, -10.6194801331]}, "melbands_spread": {"min": 0.234637007117, "max": 252.489715576, "dvar2": 705.905761719, "median": 23.2983264923, "dmean2": 17.090877533, "dmean": 11.0874586105, "var": 1062.80285645, "dvar": 329.088134766, "mean": 32.4861907959}, "spectral_energy": {"min": 7.46642214722e-08, "max": 0.153480038047, "dvar2": 0.000703899073415, "median": 0.0164053160697, "dmean2": 0.0141421323642, "dmean": 0.0087756505236, "var": 0.000426310114563, "dvar": 0.000272614357527, "mean": 0.021431228146}, "mfcc": {"cov": [[9105.23535156, -2314.4206543, -1111.6451416, -287.930267334, -326.379455566, -28.0293064117, -202.974319458, 74.8466033936, 106.50440979, 310.00958252, 219.698165894, 163.394882202, -18.2689800262], [-2314.4206543, 1792.0645752, 248.651824951, 127.138526917, 184.323974609, 28.7759838104, 152.129211426, 41.935131073, 23.0930366516, -27.876121521, -21.6320667267, -23.2403793335, 20.5233917236], [-1111.6451416, 248.651824951, 853.724060059, 155.094970703, 166.04107666, 112.105438232, 118.239578247, 39.1862411499, 1.01587104797, -34.1077651978, -14.790184021, 6.01627349854, 16.4511375427], [-287.930267334, 127.138526917, 155.094970703, 405.79699707, 170.448074341, 54.2201271057, 27.9779472351, 62.8241958618, 63.5448684692, -2.63990044594, -24.1401844025, 10.5970163345, 25.2250823975], [-326.379455566, 184.323974609, 166.04107666, 170.448074341, 309.452209473, 97.4078445435, 65.0555267334, 40.5395889282, 73.7145233154, 20.0252742767, -13.5871639252, 17.8769550323, 4.73909807205], [-28.0293064117, 28.7759838104, 112.105438232, 54.2201271057, 97.4078445435, 237.861953735, 108.792640686, 40.0586891174, 20.0148391724, 37.6596031189, 38.390422821, 1.08950448036, 1.70694684982], [-202.974319458, 152.129211426, 118.239578247, 27.9779472351, 65.0555267334, 108.792640686, 209.595977783, 61.8501281738, 7.97225952148, 9.60662555695, 29.6713428497, 4.70805740356, -14.1980457306], [74.8466033936, 41.935131073, 39.1862411499, 62.8241958618, 40.5395889282, 40.0586891174, 61.8501281738, 162.800415039, 60.1809654236, 15.8288383484, 2.48494911194, 14.7813749313, 14.1261396408], [106.50440979, 23.0930366516, 1.01587104797, 63.5448684692, 73.7145233154, 20.0148391724, 7.97225952148, 60.1809654236, 155.099853516, 44.8005027771, -6.89812850952, 9.51617431641, 10.1744880676], [310.00958252, -27.876121521, -34.1077651978, -2.63990044594, 20.0252742767, 37.6596031189, 9.60662555695, 15.8288383484, 44.8005027771, 149.782714844, 63.6345062256, 12.3881340027, 0.3906211555], [219.698165894, -21.6320667267, -14.790184021, -24.1401844025, -13.5871639252, 38.390422821, 29.6713428497, 2.48494911194, -6.89812850952, 63.6345062256, 122.523422241, 33.7113723755, -6.45519733429], [163.394882202, -23.2403793335, 6.01627349854, 10.5970163345, 17.8769550323, 1.08950448036, 4.70805740356, 14.7813749313, 9.51617431641, 12.3881340027, 33.7113723755, 112.785423279, 23.3154277802], [-18.2689800262, 20.5233917236, 16.4511375427, 25.2250823975, 4.73909807205, 1.70694684982, -14.1980457306, 14.1261396408, 10.1744880676, 0.3906211555, -6.45519733429, 23.3154277802, 102.863761902]], "icov": [[0.000213614868699, 0.000240604014834, 0.000197575893253, 2.07055127248e-05, 2.9053493563e-05, -2.43904360104e-05, 2.82230553239e-06, -0.000151145810378, -6.81892925058e-05, -0.00024596779258, -0.000121942954138, -0.000191320606973, 1.68613332789e-05], [0.000240604014834, 0.000923746847548, 0.000138794188388, -1.73694061232e-05, -0.000315845594741, 0.000308499176754, -0.00051935511874, -0.000118523814308, -5.48090029042e-05, -0.000191903309315, -0.000186746256077, 4.76872774016e-05, -0.000221866634092], [0.000197575893253, 0.000138794188388, 0.00164861872327, -0.000276153121376, -0.000444174016593, -0.000319008599035, -0.000487238925416, -0.000114043657959, 0.000258313782979, 0.000116723116662, -1.54393819685e-05, -0.000200355250854, -0.000195930188056], [2.07055127248e-05, -1.73694061232e-05, -0.000276153121376, 0.00348576204851, -0.00160692026839, -0.000110007771582, 0.000486724078655, -0.000890257884748, -0.000394395290641, 0.000311973824864, 0.000140148331411, 6.76781273796e-05, -0.00050691945944], [2.9053493563e-05, -0.000315845594741, -0.000444174016593, -0.00160692026839, 0.00565060507506, -0.00158464116976, -0.000427915336331, 0.000686209998094, -0.00178582011722, -0.000569351483136, 0.00129554758314, -0.00119905045722, 0.000677824020386], [-2.43904360104e-05, 0.000308499176754, -0.000319008599035, -0.000110007771582, -0.00158464116976, 0.00663264002651, -0.00280123599805, -0.00015554469428, 0.000258986634435, -0.000771664897911, -0.00146350602154, 0.00110725010745, -0.00075573270442], [2.82230553239e-06, -0.00051935511874, -0.000487238925416, 0.000486724078655, -0.000427915336331, -0.00280123599805, 0.00793622341007, -0.00257775024511, 0.000692850619089, 0.000673548609484, -0.00131579313893, -6.61730082356e-05, 0.00143964332528], [-0.000151145810378, -0.000118523814308, -0.000114043657959, -0.000890257884748, 0.000686209998094, -0.00015554469428, -0.00257775024511, 0.00866920407861, -0.00298850936815, 0.000184552074643, 0.000483361363877, -0.000581184285693, -0.00088503950974], [-6.81892925058e-05, -5.48090029042e-05, 0.000258313782979, -0.000394395290641, -0.00178582011722, 0.000258986634435, 0.000692850619089, -0.00298850936815, 0.00957140047103, -0.00299374130554, 0.00183476612438, -0.000247044867137, -0.000125976439449], [-0.00024596779258, -0.000191903309315, 0.000116723116662, 0.000311973824864, -0.000569351483136, -0.000771664897911, 0.000673548609484, 0.000184552074643, -0.00299374130554, 0.010512704961, -0.00546159222722, 0.00112642510794, -0.000335772667313], [-0.000121942954138, -0.000186746256077, -1.54393819685e-05, 0.000140148331411, 0.00129554758314, -0.00146350602154, -0.00131579313893, 0.000483361363877, 0.00183476612438, -0.00546159222722, 0.0133582921699, -0.00388147099875, 0.00125764880795], [-0.000191320606973, 4.76872774016e-05, -0.000200355250854, 6.76781273796e-05, -0.00119905045722, 0.00110725010745, -6.61730082356e-05, -0.000581184285693, -0.000247044867137, 0.00112642510794, -0.00388147099875, 0.0110193770379, -0.00264160963707], [1.68613332789e-05, -0.000221866634092, -0.000195930188056, -0.00050691945944, 0.000677824020386, -0.00075573270442, 0.00143964332528, -0.00088503950974, -0.000125976439449, -0.000335772667313, 0.00125764880795, -0.00264160963707, 0.010917483829]], "mean": [-666.635803223, 92.5557250977, 21.5022373199, 30.3590602875, 1.54148054123, 11.5166578293, 1.01880598068, 7.37825155258, -2.64171338081, 3.99566292763, 0.9859816432, 0.0131407612935, 1.63338184357]}, "spectral_contrast_valleys": {"min": [-28.0906124115, -27.1911354065, -27.4040870667, -27.1796188354, -27.4475002289, -27.1483592987], "max": [-5.27820825577, -4.68991851807, -5.57745599747, -5.56904125214, -5.24363660812, -7.24345827103], "dvar2": [0.364417821169, 0.293815553188, 0.26298224926, 0.324054151773, 0.323159039021, 0.300737142563], "median": [-7.04477500916, -7.2807469368, -7.8876247406, -8.19931507111, -7.64353132248, -9.77466487885], "dmean2": [0.643948674202, 0.586708009243, 0.52573287487, 0.516921877861, 0.431145489216, 0.403953373432], "dmean": [0.39986166358, 0.365410536528, 0.33486944437, 0.333042085171, 0.28960031271, 0.30979514122], "var": [1.20021045208, 0.751734912395, 0.891668856144, 1.17391526699, 1.37526035309, 1.47703659534], "dvar": [0.176193371415, 0.133137628436, 0.125251114368, 0.154506638646, 0.160915568471, 0.183403149247], "mean": [-7.36991357803, -7.33943510056, -7.9872546196, -8.35064315796, -7.83116531372, -9.91801261902]}, "barkbands_flatness_db": {"min": 0.0155404936522, "max": 0.497483819723, "dvar2": 0.00153704255354, "median": 0.112153306603, "dmean2": 0.0359324291348, "dmean": 0.0232061259449, "var": 0.00534018594772, "dvar": 0.000692028843332, "mean": 0.130086675286}, "dynamic_complexity": 4.28144454956, "erbbands_flatness_db": {"min": 0.0283689126372, "max": 0.314511090517, "dvar2": 0.000593414821196, "median": 0.12628851831, "dmean2": 0.0244785640389, "dmean": 0.0169499572366, "var": 0.