{"lowlevel": {"spectral_complexity": {"min": 0, "max": 64, "dvar2": 51.5054473877, "median": 19, "dmean2": 6.52836799622, "dmean": 4.49647092819, "var": 152.769592285, "dvar": 27.2788448334, "mean": 19.8499126434}, "silence_rate_20dB": {"min": 1, "max": 1, "dvar2": 0, "median": 1, "dmean2": 0, "dmean": 0, "var": 0, "dvar": 0, "mean": 1}, "average_loudness": 0.916068553925, "erbbands_spread": {"min": 3.29113554955, "max": 197.293106079, "dvar2": 373.69128418, "median": 37.7023544312, "dmean2": 17.5559997559, "dmean": 11.1360521317, "var": 566.697875977, "dvar": 155.458023071, "mean": 43.6950569153}, "spectral_kurtosis": {"min": -1.24421417713, "max": 35.8642196655, "dvar2": 5.54839134216, "median": 2.48161172867, "dmean2": 1.80156481266, "dmean": 1.08289158344, "var": 4.8113899231, "dvar": 1.9533649683, "mean": 2.89669132233}, "barkbands_kurtosis": {"min": -1.95073056221, "max": 1559.36914062, "dvar2": 842.13848877, "median": -0.200132131577, "dmean2": 7.04815769196, "dmean": 4.30564212799, "var": 507.233398438, "dvar": 352.23348999, "mean": 3.88357210159}, "spectral_strongpeak": {"min": 0, "max": 21.8758869171, "dvar2": 4.16806411743, "median": 0.288675069809, "dmean2": 1.06346285343, "dmean": 0.616605818272, "var": 2.32441329956, "dvar": 1.58413219452, "mean": 0.851342439651}, "spectral_spread": {"min": 1114124.375, "max": 41564272, "dvar2": 1589666250750.0, "median": 4674111.5, "dmean2": 1076109.125, "dmean": 727386.3125, "var": 3442629410820.0, "dvar": 735736365056, "mean": 4938439.5}, "spectral_rms": {"min": 3.13080746224e-12, "max": 0.0138528104872, "dvar2": 3.66893414139e-06, "median": 0.00396543927491, "dmean2": 0.00147460657172, "dmean": 0.000922384206206, "var": 3.86039073419e-06, "dvar": 1.42723104091e-06, "mean": 0.00412405794486}, "erbbands": {"min": [1.3628932765e-22, 1.19826037847e-21, 1.98737917179e-21, 4.65182990876e-21, 2.74141516738e-20, 1.1608568706e-19, 8.16455505053e-20, 1.76175705671e-19, 1.60984482023e-19, 2.38231945523e-19, 1.80303556648e-19, 2.68837292146e-19, 1.07005242093e-18, 1.15118281239e-18, 9.18712696825e-19, 2.19657501471e-18, 2.88945665096e-18, 3.17962354483e-18, 3.08952827328e-18, 3.39520273569e-18, 3.72229331774e-18, 4.92556110837e-18, 6.40941311227e-18, 8.10076420001e-18, 8.42472452383e-18, 1.27927377752e-17, 1.53109807895e-17, 1.01543624934e-17, 1.64588775235e-17, 1.45757098691e-17, 1.05156931829e-17, 1.18386114084e-17, 1.0871974762e-17, 9.93224051069e-18, 5.82337053753e-18, 5.24683557675e-18, 2.41171083676e-18, 1.14126894936e-18, 2.58912339716e-19, 2.93913136706e-20], "max": [4.33287620544, 42.8330307007, 117.499557495, 170.318115234, 198.399459839, 203.867584229, 101.675559998, 149.592102051, 309.711334229, 748.846191406, 553.493164062, 1114.07055664, 510.121795654, 826.922424316, 760.184326172, 845.620178223, 623.302734375, 881.591796875, 841.251586914, 1062.86791992, 1538.61547852, 1234.06213379, 1568.76208496, 1377.09265137, 958.84552002, 830.464477539, 586.649597168, 407.711975098, 431.969940186, 238.785751343, 145.491134644, 103.287345886, 55.5429649353, 59.9962043762, 21.187078476, 7.14476060867, 1.23467051983, 0.301420360804, 0.0166047215462, 0.000923387997318], "dvar2": [0.260036021471, 18.109910965, 265.846191406, 541.707824707, 338.01159668, 885.663818359, 215.062210083, 193.587661743, 284.034912109, 1511.32788086, 1060.83837891, 2330.25830078, 1052.23303223, 1196.40734863, 616.343078613, 2022.38146973, 1188.08764648, 3273.46508789, 2745.74316406, 3667.34179688, 4511.75292969, 5427.82617188, 4492.38525391, 2573.32910156, 2218.37231445, 2522.65844727, 1768.86364746, 1335.68029785, 421.564849854, 144.393386841, 83.4015808105, 45.8599128723, 15.9195842743, 6.03352403641, 1.14498925209, 0.109526477754, 0.00627150805667, 0.000149098676047, 1.54230065164e-06, 1.5729471059e-08], "median": [0.0846451967955, 0.432792067528, 0.373112440109, 0.75718152523, 1.16371536255, 1.49229502678, 1.70243859291, 1.78403353691, 2.60695838928, 4.21231746674, 4.3105764389, 5.89843463898, 4.87925338745, 4.45326805115, 4.24571609497, 4.93826580048, 5.36963605881, 7.52758026123, 6.53037023544, 8.68336391449, 11.5308971405, 15.3520956039, 14.6889152527, 18.2412986755, 17.1968727112, 11.8546733856, 7.79487609863, 7.96607637405, 5.88916635513, 3.58647751808, 2.39394259453, 1.56278896332, 1.20422792435, 0.62516450882, 0.287282556295, 0.0834798142314, 0.0161805450916, 0.00169146666303, 0.000125781021779, 3.03264387185e-05], "dmean2": [0.274404227734, 1.84861111641, 4.34659290314, 6.2822675705, 7.6774892807, 11.0296573639, 6.43644857407, 6.82038021088, 8.11116981506, 14.9118967056, 13.9184026718, 18.9702224731, 15.3552103043, 13.2271385193, 11.1942129135, 18.219745636, 14.9798164368, 24.3589897156, 19.5897579193, 23.7360076904, 28.6240196228, 35.1833877563, 30.2875080109, 26.006477356, 24.7259426117, 21.3955039978, 16.9322891235, 14.5814580917, 10.5725469589, 6.58231735229, 4.98317337036, 4.21622800827, 2.59085321426, 1.44400906563, 0.701520323753, 0.208819881082, 0.0412281379104, 0.00471599493176, 0.000480271264678, 5.0141086831e-05], "dmean": [0.16561563313, 1.12355411053, 2.47279334068, 3.5665974617, 4.47653341293, 6.30116653442, 3.65491580963, 3.92332243919, 4.91812801361, 9.26259613037, 8.61085510254, 11.7688140869, 9.50699424744, 8.4808511734, 7.20003890991, 11.3543014526, 9.52546310425, 15.4378976822, 12.5247783661, 15.0489797592, 17.8148593903, 21.2401561737, 19.0479049683, 16.5235118866, 15.9909267426, 13.4365196228, 10.5691843033, 8.9452791214, 6.89524412155, 4.54256868362, 3.40918874741, 2.74354553223, 1.70284903049, 0.920839548111, 0.447429001331, 0.132675290108, 0.0255243964493, 0.0029608157929, 0.000299800012726, 3.11273761326e-05], "var": [0.162350431085, 10.6752576828, 74.9623794556, 137.426818848, 98.6510467529, 236.498336792, 58.7423477173, 70.2960891724, 169.044784546, 978.177062988, 950.061096191, 1714.69372559, 827.983886719, 1208.56030273, 736.674255371, 1503.0682373, 1342.79492188, 2856.58203125, 2403.01147461, 2885.31787109, 4029.54467773, 4654.41552734, 5412.14355469, 2656.06152344, 2163.453125, 1378.18249512, 852.39666748, 493.290557861, 347.483795166, 155.514755249, 102.194366455, 52.7183532715, 19.5801410675, 4.36257839203, 0.694870948792, 0.0668139755726, 0.00382860167883, 8.9523717179e-05, 9.02043609585e-07, 6.47922293595e-09], "dvar": [0.103133320808, 7.13022232056, 95.5433502197, 198.442825317, 127.276885986, 325.049713135, 76.8531265259, 70.4212493896, 113.585174561, 629.043029785, 436.32901001, 923.538146973, 412.149169922, 514.636535645, 269.497711182, 770.562805176, 496.945983887, 1378.17126465, 1082.56481934, 1461.50256348, 1774.57458496, 2147.88452148, 1913.71630859, 1057.15783691, 916.437438965, 937.669067383, 682.410766602, 487.84475708, 182.863586426, 69.9061813354, 39.1968612671, 21.0513725281, 7.6820731163, 2.48390626907, 0.461840182543, 0.0453071035445, 0.00246540643275, 5.98786064074e-05, 6.34065088434e-07, 6.38166941513e-09], "mean": [0.23409704864, 1.44479382038, 2.38525891304, 3.2593729496, 4.23873662949, 5.99271011353, 3.95668554306, 4.5619020462, 6.71858930588, 13.5845050812, 13.3164224625, 18.653842926, 15.3922719955, 14.5622415543, 13.0218114853, 18.5946121216, 16.8766307831, 25.3343963623, 21.6381282806, 25.8078804016, 33.0272216797, 39.4146156311, 40.1182098389, 35.1423301697, 32.4494476318, 23.9306049347, 17.075378418, 14.0099163055, 12.2903881073, 8.20374774933, 6.36432313919, 4.54891824722, 2.89836072922, 1.38470339775, 0.59183037281, 0.176709190011, 0.0368896834552, 0.00457930052653, 0.000430388055975, 5.22062800883e-05]}, "zerocrossingrate": {"min": 0.00244140625, "max": 0.5126953125, "dvar2": 0.000340472208336, "median": 0.0869140625, "dmean2": 0.0190803222358, "dmean": 0.0159137286246, "var": 0.00209755683318, "dvar": 0.000263450579951, "mean": 0.0916986465454}, "spectral_contrast_coeffs": {"min": [-0.971096456051, -0.979646682739, -0.969169199467, -0.968786776066, -0.964033305645, -0.961070775986], "max": [-0.316645979881, -0.389363735914, -0.45401647687, -0.485073119402, -0.504387021065, -0.551157474518], "dvar2": [0.00732440594584, 0.00405849190429, 0.0027155331336, 0.00193228817079, 0.00121695036069, 0.00139690248761], "median": [-0.696402072906, -0.773391485214, -0.781339764595, -0.783995807171, -0.772029280663, -0.742628455162], "dmean2": [0.10199841857, 0.0803405717015, 0.0654259771109, 0.0541054755449, 0.041921004653, 0.0400844812393], "dmean": [0.0621741786599, 0.0487672016025, 0.0405877754092, 0.0340555794537, 0.0266824997962, 0.0274495594203], "var": [0.00847176183015, 0.00529459491372, 0.00482304906473, 0.00423180684447, 0.00305422302336, 0.00204188958742], "dvar": [0.00290500349365, 0.00159860949498, 0.00113332213368, 0.000812449899968, 0.00054371956503, 0.000647883804049], "mean": [-0.684658586979, -0.763976514339, -0.773035645485, -0.776493728161, -0.768665790558, -0.741439640522]}, "dissonance": {"min": 0.281325042248, "max": 0.500000059605, "dvar2": 0.000471551436931, "median": 0.484633684158, "dmean2": 0.0204471386969, "dmean": 0.0122037697583, "var": 0.000369178043911, "dvar": 0.000174703833181, "mean": 0.479037106037}, "spectral_energyband_high": {"min": 7.36201488827e-21, "max": 0.0293842852116, "dvar2": 4.65653420179e-06, "median": 0.000818395870738, "dmean2": 0.00109334290028, "dmean": 0.000729082385078, "var": 3.40938049703e-06, "dvar": 1.94538347387e-06, "mean": 0.00146149517968}, "spectral_skewness": {"min": -0.1501288414, "max": 3.81850004196, "dvar2": 0.0879627242684, "median": 1.10408294201, "dmean2": 0.291891843081, "dmean": 0.181427463889, "var": 0.105124898255, "dvar": 0.0322884730995, "mean": 1.10412287712}, "spectral_flux": {"min": 6.49936632291e-11, "max": 0.391938090324, "dvar2": 0.00241794646718, "median": 0.0756633356214, "dmean2": 0.0382180176675, "dmean": 0.0243782997131, "var": 0.00251893070526, "dvar": 0.0011139306007, "mean": 0.08420586586}, "silence_rate_30dB": {"min": 0, "max": 1, "dvar2": 0.0414755418897, "median": 1, "dmean2": 0.0295778438449, "dmean": 0.0147879272699, "var": 0.00932250265032, "dvar": 0.0145686184987, "mean": 0.990590155125}, "spectral_energyband_middle_high": {"min": 1.16316073825e-21, "max": 0.0425175614655, "dvar2": 1.24590096675e-05, "median": 0.00364224752411, "dmean2": 0.00255634821951, "dmean": 0.00170064484701, "var": 2.98726045003e-05, "dvar": 5.65019945498e-06, "mean": 0.00532868597656}, "barkbands_spread": {"min": 0.183686584234, "max": 115.31803894, "dvar2": 281.010345459, "median": 35.1951026917, "dmean2": 16.2978343964, "dmean": 10.0155935287, "var": 302.588378906, "dvar": 109.762695312, "mean": 36.0150489807}, "spectral_centroid": {"min": 194.499694824, "max": 11276.6757812, "dvar2": 399949.8125, "median": 2318.66992188, "dmean2": 556.824523926, "dmean": 359.176391602, "var": 582471.5, "dvar": 169027.703125, "mean": 2249.27416992}, "pitch_salience": {"min": 0.0571057386696, "max": 0.877364695072, "dvar2": 0.0189840700477, "median": 0.546975851059, "dmean2": 0.152630642056, "dmean": 0.0920075401664, "var": 0.022668607533, "dvar": 0.00723740691319, "mean": 0.524966299534}, "erbbands_skewness": {"min": -6.33513593674, "max": 4.12559175491, "dvar2": 0.453970044851, "median": -0.449459075928, "dmean2": 0.662132680416, "dmean": 0.429870992899, "var": 0.824367940426, "dvar": 0.189270690084, "mean": -0.414166688919}, "erbbands_crest": {"min": 2.31374287605, "max": 31.7844028473, "dvar2": 14.5202064514, "median": 7.55173969269, "dmean2": 4.15726470947, "dmean": 2.55678868294, "var": 14.1821594238, "dvar": 5.74236726761, "mean": 8.3862657547}, "melbands": {"min": [1.7559755816e-24, 1.20610422913e-24, 1.49269049347e-24, 5.19337031735e-24, 3.21271728919e-24, 4.50126793532e-24, 2.36130681393e-24, 3.65927093725e-24, 1.43442286043e-24, 1.64658838139e-24, 5.01262690118e-24, 4.48880906062e-24, 2.93554154381e-24, 4.51925514725e-24, 7.53247700769e-24, 4.51302709041e-24, 5.55769783782e-24, 4.24018850228e-24, 3.90917221126e-24, 3.74915808752e-24, 3.4460240852e-24, 4.35970408487e-24, 4.31863243627e-24, 5.86770281863e-24, 5.92086612719e-24, 5.34853412981e-24, 6.9473725634e-24, 8.33550901021e-24, 7.5977229043e-24, 5.30690317883e-24, 5.93644336905e-24, 9.19213780035e-24, 9.91093050225e-24, 6.86524346569e-24, 4.63931267728e-24, 7.48135408786e-24, 6.21186389892e-24, 7.18289093096e-24, 8.3699735543e-24, 8.1168564888e-24], "max": [0.0472725965083, 0.044492200017, 0.0267494618893, 0.0141964163631, 0.00442557921633, 0.00301118590869, 0.00548997987062, 0.00810515414923, 0.0052376925014, 0.00632154941559, 0.00256769824773, 0.00357465306297, 0.00228698714636, 0.0018606724916, 0.00166829430964, 0.00219390052371, 0.00167908985168, 0.0016460781917, 0.00133219733834, 0.00225697201677, 0.002015999984, 0.00168805452995, 0.00243259337731, 0.00288232089952, 0.00121007184498, 0.000822234258521, 0.000546635186765, 0.00065799447475, 0.000486135861138, 0.000410475389799, 0.000265916925855, 0.000255115272012, 0.0002125887695, 0.000105881248601, 0.000129472100525, 7.97543325461e-05, 4.76715322293e-05, 4.1997016524e-05, 4.02365840273e-05, 4.54291439382e-05], "dvar2": [2.34659746638e-05, 4.54675428045e-05, 1.25986152852e-05, 3.65421533388e-06, 4.31348638585e-07, 8.93127136692e-08, 8.00950274993e-08, 1.5575032819e-07, 7.8502893075e-08, 9.3234234555e-08, 2.71629847504e-08, 2.16367279648e-08, 9.9688453048e-09, 1.20677956517e-08, 8.14976885977e-09, 1.17318830206e-08, 1.13886509112e-08, 8.72445227174e-09, 5.81173331682e-09, 7.73959740741e-09, 9.02701824401e-09, 8.69621352706e-09, 6.29440455313e-09, 8.03435629138e-09, 1.87509785476e-09, 1.70935166022e-09, 1.1236516162e-09, 1.33328026397e-09, 6.71093902671e-10, 9.99739957486e-10, 3.62020774469e-10, 1.60917376646e-10, 1.11912680512e-10, 4.66968963497e-11, 4.34322265652e-11, 2.59138925596e-11, 1.49695412316e-11, 1.01925100304e-11, 7.18027200197e-12, 4.43603704117e-12], "median": [0.000727095408365, 0.000375970790628, 0.000168061480508, 0.000100428136648, 6.64902981953e-05, 3.92895381083e-05, 4.42317359557e-05, 4.63423457404e-05, 3.28830719809e-05, 3.7376263208e-05, 2.19341036427e-05, 1.59324990818e-05, 1.33370540425e-05, 1.18331081467e-05, 1.02646627056e-05, 1.24395155581e-05, 1.24475818666e-05, 8.35535502119e-06, 9.575549484e-06, 9.62639933277e-06, 1.31475790113e-05, 1.48664403241e-05, 1.20813656395e-05, 1.28175015561e-05, 1.31372071337e-05, 1.25056303659e-05, 9.9164144558e-06, 6.69518794894e-06, 4.46391641162e-06, 4.20719152316e-06, 4.53077700513e-06, 3.47923378285e-06, 2.33684613704e-06, 1.58340776579e-06, 1.33675303005e-06, 1.03548211428e-06, 8.45296369789e-07, 8.4434202563e-07, 6.36767822471e-07, 4.62361413156e-07], "dmean2": [0.00239275116473, 0.00225157593377, 0.00103852292523, 0.000737248512451, 0.000268473348115, 0.000147053186083, 0.000135378970299, 0.00015393110516, 0.000115266440844, 0.000124515630887, 7.71738123149e-05, 5.50476652279e-05, 4.3551914132e-05, 4.61367380922e-05, 3.72812974092e-05, 4.47576858278e-05, 4.5333908929e-05, 3.29052600136e-05, 3.14884164254e-05, 3.27696070599e-05, 3.83845290344e-05, 4.2388746806e-05, 3.02347471006e-05, 3.50744558091e-05, 2.1616659069e-05, 2.05381493288e-05, 1.77373422048e-05, 1.44637870108e-05, 1.07949026642e-05, 1.13241812869e-05, 8.4446865003e-06, 6.44737565381e-06, 5.24972620042e-06, 3.68909741155e-06, 3.17796570926e-06, 3.05135063172e-06, 2.41518159783e-06, 1.94429890144e-06, 1.58313241627e-06, 1.18529408155e-06], "dmean": [0.00145545706619, 0.00128436472733, 0.000597566075157, 0.000427113729529, 0.000151817090227, 8.47323826747e-05, 8.29805940157e-05, 9.57521697273e-05, 7.12074761395e-05, 7.73916108301e-05, 4.77523935842e-05, 3.5101762478e-05, 2.78711977444e-05, 2.87679176836e-05, 2.34764775087e-05, 2.81700249616e-05, 2.8705706427e-05, 2.08106557693e-05, 1.97961471713e-05, 2.07752927963e-05, 2.35701827478e-05, 2.53989674093e-05, 1.88334634004e-05, 2.21013997361e-05, 1.3597124962e-05, 1.30853532028e-05, 1.1250177522e-05, 8.91607942322e-06, 6.79243112245e-06, 6.78228116158e-06, 5.18103161085e-06, 4.14983696828e-06, 3.46404681295e-06, 2.46208355748e-06, 2.14068631976e-06, 1.96144492293e-06, 1.56731687184e-06, 1.273793373e-06, 1.01191164958e-06, 7.44890769511e-07], "var": [1.50360719999e-05, 1.52714856085e-05, 3.35480967806e-06, 1.03902527826e-06, 1.09624210154e-07, 3.27440083936e-08, 5.13504367916e-08, 9.99531408752e-08, 7.08473493205e-08, 6.87996433157e-08, 2.07772110628e-08, 2.09649666516e-08, 9.49590894805e-09, 9.90014026314e-09, 6.44634345903e-09, 1.21146515042e-08, 9.21629617068e-09, 7.21117832114e-09, 4.61884042124e-09, 5.9455764756e-09, 7.01456892571e-09, 6.42102460091e-09, 6.29077456793e-09, 9.71590186083e-09, 1.60888979917e-09, 1.50090750939e-09, 1.09326936393e-09, 5.69379821069e-10, 3.63580082707e-10, 3.41164735351e-10, 1.50038023672e-10, 1.17361190211e-10, 9.62847787611e-11, 4.38612757225e-11, 4.46726926284e-11, 2.78662006664e-11, 1.65949615161e-11, 1.15916538521e-11, 6.04688564845e-12, 2.54069486803e-12], "dvar": [9.64171340456e-06, 1.52752727445e-05, 4.68509870188e-06, 1.37432436986e-06, 1.53139239956e-07, 3.25347428998e-08, 3.24748619107e-08, 6.52125180522e-08, 3.23264863766e-08, 3.67141623769e-08, 1.06394022481e-08, 9.19453047032e-09, 4.22728163585e-09, 4.69942840198e-09, 3.34845084993e-09, 4.79932094066e-09, 4.75500838704e-09, 3.38537975431e-09, 2.31820340701e-09, 3.20795412456e-09, 3.46844619692e-09, 3.38612804462e-09, 2.65810529143e-09, 3.5493326056e-09, 7.53003159826e-10, 7.0075378833e-10, 4.64322691407e-10, 4.8978870959e-10, 2.69032823796e-10, 3.61906060675e-10, 1.34602412549e-10, 6.83619758024e-11, 4.84543100088e-11, 2.12064133615e-11, 1.92179917813e-11, 1.14975850021e-11, 6.98523530684e-12, 4.78841142085e-12, 3.02117554064e-12, 1.76440535359e-12], "mean": [0.00202802033164, 0.00150595209561, 0.000574859790504, 0.000400542950956, 0.000160590585438, 9.92896893877e-05, 0.000116711271403, 0.000141343174619, 0.000108868764073, 0.000121241202578, 7.48071324779e-05, 5.75391641178e-05, 4.59492584923e-05, 4.66471319669e-05, 3.73075454263e-05, 4.57390815427e-05, 4.47426209575e-05, 3.33250354743e-05, 3.23985368595e-05, 3.39786856784e-05, 4.0216043999e-05, 4.21666227339e-05, 3.49215406459e-05, 4.0647075366e-05, 2.63088932115e-05, 2.46767740464e-05, 2.10798916669e-05, 1.4178966012e-05, 1.05027438622e-05, 9.49309287535e-06, 7.78375579102e-06, 7.05030788595e-06, 5.88239390709e-06, 4.09715494243e-06, 3.89178649129e-06, 3.12063798447e-06, 2.52931567957e-06, 2.12578333958e-06, 1.56085161507e-06, 1.03822469555e-06]}, "spectral_entropy": {"min": 5.57673835754, "max": 9.80835914612, "dvar2": 0.0723222121596, "median": 7.86155653, "dmean2": 0.255718410015, "dmean": 0.174187600613, "var": 0.124253228307, "dvar": 0.0338611826301, "mean": 7.8495721817}, "spectral_rolloff": {"min": 64.599609375, "max": 19056.8847656, "dvar2": 3815297.25, "median": 2627.05078125, "dmean2": 1501.37268066, "dmean": 897.448059082, "var": 3875807, "dvar": 1617929, "mean": 2625.98950195}, "barkbands": {"min": [4.08477067661e-24, 5.53841097755e-24, 6.96574779629e-25, 3.76095155806e-24, 2.33669214488e-23, 2.01824067258e-23, 8.42706026257e-24, 8.56601889988e-24, 1.1213746909e-23, 3.20040490595e-23, 2.29872710941e-23, 6.06936138287e-23, 4.42613350949e-23, 4.95978907663e-23, 6.42252809925e-23, 5.91303376392e-23, 9.01523810894e-23, 1.22388285835e-22, 1.70802560233e-22, 2.70697707979e-22, 3.24083951781e-22, 4.90909226792e-22, 4.21289815903e-22, 5.83264719684e-22, 7.65997822922e-22, 1.29325518538e-21, 2.00523241936e-21], "max": [0.00465298490599, 0.179955363274, 0.139855504036, 0.052160192281, 0.0530716665089, 0.0146204670891, 0.0353773981333, 0.0243361126631, 0.041533946991, 0.0271620992571, 0.0166794247925, 0.016602659598, 0.0172302331775, 0.0163858346641, 0.0153458490968, 0.0226748231798, 0.0355519354343, 0.0371048375964, 0.0150409769267, 0.0189322978258, 0.0113850366324, 0.0122213969007, 0.00448136590421, 0.00314586027525, 0.00288958312012, 0.00064916361589, 0.000187867728528], "dvar2": [2.29284808029e-07, 0.000326855457388, 0.000358314660843, 3.42525854649e-05, 5.6776432757e-05, 2.26079464483e-06, 3.01315003526e-06, 2.17056185647e-06, 3.81569589081e-06, 1.01200100744e-06, 6.19548302438e-07, 9.9892884009e-07, 8.66204516115e-07, 1.03203717572e-06, 1.16442197395e-06, 1.25667520479e-06, 2.46091758527e-06, 2.04352772926e-06, 7.0432196253e-07, 9.50659398313e-07, 1.06375091491e-06, 2.7748382081e-07, 9.91486430735e-08, 7.25750481934e-08, 2.93298167975e-08, 1.89278970275e-09, 6.78282152666e-11], "median": [6.65994593874e-05, 0.00245638936758, 0.000226007861784, 0.000256280007306, 0.000490101054311, 0.000214337531361, 0.00023356397287, 0.000165038043633, 0.000264786969637, 0.000103785889223, 9.22370672924e-05, 0.000105894738226, 0.000105886509118, 0.000126735481899, 0.00012896451517, 0.000144553749124, 0.000269162992481, 0.000269945303444, 0.000341271632351, 0.000241318106418, 0.000194775479031, 0.000161954405485, 8.32379009807e-05, 7.74424261181e-05, 4.76624445582e-05, 1.1822061424e-05, 5.80642790737e-07], "dmean2": [0.000240444016526, 0.00835569575429, 0.00454208487645, 0.00177999888547, 0.00292456243187, 0.000749906466808, 0.000778309127782, 0.000642917468213, 0.000859860505443, 0.000410196720622, 0.000335415330483, 0.000416079623392, 0.000395622861106, 0.00044267528574, 0.000457191054011, 0.000466064579086, 0.000708185369149, 0.000629674759693, 0.000469844526378, 0.000453141576145, 0.000412518187659, 0.00027813136694, 0.000172824918991, 0.000178554138984, 0.000110544664494, 2.9254848414e-05, 2.9670652566e-06], "dmean": [0.000141100972542, 0.00507647637278, 0.00258172582835, 0.000993689754978, 0.00171245646197, 0.000432320113759, 0.000482159608509, 0.000394529022742, 0.000532815116458, 0.0002543531009, 0.000214560539462, 0.000259710941464, 0.000247623102041, 0.00028062495403, 0.000285588321276, 0.000293109565973, 0.000426997314207, 0.000395314011257, 0.000300278828945, 0.000284428271698, 0.000252841942711, 0.000182875126484, 0.000119288095448, 0.000116485753097, 7.04329722794e-05, 1.84003674804e-05, 1.86076272257e-06], "var": [1.22134494518e-07, 0.000199547735974, 9.27712317207e-05, 7.7565509855e-06, 1.67351299751e-05, 8.19251397388e-07, 2.03338413485e-06, 1.59430203439e-06, 2.88991805064e-06, 8.69013831561e-07, 5.54495784399e-07, 8.0057031937e-07, 8.46066257054e-07, 9.11078871013e-07, 8.98897155821e-07, 1.13998976303e-06, 1.97089343601e-06, 2.42940564021e-06, 7.08049526565e-07, 6.03815976774e-07, 4.29553239201e-07, 2.31282214713e-07, 1.20177247709e-07, 8.72467253998e-08, 2.02137755423e-08, 1.294859997e-09, 3.8000311231e-11], "dvar": [7.69869643591e-08, 0.000132194778416, 0.000131529581267, 1.20830445667e-05, 2.1521718736e-05, 8.22145693746e-07, 1.23881477521e-06, 9.12612051707e-07, 1.51197400555e-06, 4.09697406667e-07, 2.66275236527e-07, 3.86617841741e-07, 3.51605564219e-07, 4.31817369417e-07, 4.58769022771e-07, 5.18501849456e-07, 9.77813897407e-07, 8.86259840627e-07, 2.88590825903e-07, 3.66416855968e-07, 3.94182222863e-07, 1.21923633856e-07, 4.76872905608e-08, 3.45978676819e-08, 1.20208518695e-08, 8.0370365918e-10, 2.90747096537e-11], "mean": [0.000216787113459, 0.00698248995468, 0.0021693513263, 0.000887162692379, 0.00168339349329, 0.000514278013725, 0.000692455854733, 0.000553682853933, 0.000841107743327, 0.000395101931645, 0.000337602687068, 0.000421390723204, 0.000389738328522, 0.000443003809778, 0.000458821101347, 0.00050154881319, 0.000741660944186, 0.000777763081715, 0.000612167990766, 0.000502316222992, 0.000395964772906, 0.000327029993059, 0.000219046545681, 0.000197104105609, 0.000101048215583, 2.5477120289e-05, 2.44495618063e-06]}, "melbands_flatness_db": {"min": 0.00403400929645, "max": 0.626734137535, "dvar2": 0.00282077840529, "median": 0.146206080914, "dmean2": 0.0562238879502, "dmean": 0.0360583625734, "var": 0.00577490776777, "dvar": 0.00119292363524, "mean": 0.163288578391}, "melbands_skewness": {"min": -3.28096413612, "max": 26.0598163605, "dvar2": 5.00490617752, "median": 2.14099359512, "dmean2": 1.81675970554, "dmean": 1.12494158745, "var": 7.03088140488, "dvar": 1.96923816204, "mean": 2.86130309105}, "barkbands_skewness": {"min": -5.99900436401, "max": 36.6096611023, "dvar2": 2.22661972046, "median": 0.779143452644, "dmean2": 1.20708560944, "dmean": 0.760193407536, "var": 3.1345603466, "dvar": 0.898317873478, "mean": 1.13961827755}, "silence_rate_60dB": {"min": 0, "max": 1, "dvar2": 0.0653716027737, "median": 0, "dmean2": 0.0578112378716, "dmean": 0.0289036761969, "var": 0.0696681290865, "dvar": 0.0280622113496, "mean": 0.0753461495042}, "spectral_energyband_low": {"min": 1.84968902281e-23, "max": 0.193471461535, "dvar2": 0.000864377885591, "median": 0.00370202772319, "dmean2": 0.0122579550371, "dmean": 0.00711097521707, "var": 0.000367814558558, "dvar": 0.00028995264438, "mean": 0.00993249472231}, "spectral_energyband_middle_low": {"min": 1.64874188489e-22, "max": 0.0842514783144, "dvar2": 0.00013452078565, "median": 0.00318528292701, "dmean2": 0.00585135491565, "dmean": 0.00351997092366, "var": 4.99135494465e-05, "dvar": 5.1760191127e-05, "mean": 0.00529725383967}, "melbands_kurtosis": {"min": -1.88870108128, "max": 913.926147461, "dvar2": 2971.38842773, "median": 4.66422605515, "dmean2": 22.508266449, "dmean": 13.5710906982, "var": 2311.80102539, "dvar": 1173.44250488, "mean": 18.8112926483}, "spectral_decrease": {"min": -5.16178140231e-08, "max": 9.90362589544e-29, "dvar2": 6.49731709966e-17, "median": -3.74532005409e-09, "dmean2": 4.20425960712e-09, "dmean": 2.51491605319e-09, "var": 3.14343985242e-17, "dvar": 2.25959257026e-17, "mean": -5.10085840233e-09}, "erbbands_kurtosis": {"min": -1.87480866909, "max": 57.3172454834, "dvar2": 8.77980899811, "median": 0.0297223329544, "dmean2": 1.94934225082, "dmean": 1.21362864971, "var": 6.68741607666, "dvar": 3.64619898796, "mean": 0.740146875381}, "melbands_crest": {"min": 1.57445979118, "max": 36.4804077148, "dvar2": 38.6366157532, "median": 14.7126111984, "dmean2": 7.6281414032, "dmean": 4.53909826279, "var": 49.7398414612, "dvar": 14.5707883835, "mean": 15.6910734177}, "gfcc": {"cov": [[7942.50439453, -436.581390381, -590.174560547, -14.1135187149, -135.298965454, 274.541503906, -202.166870117, 112.980163574, -175.099914551, -9.25804805756, -38.0156364441, 8.1304807663, -143.856552124], [-436.581390381, 1184.4798584, -136.689331055, 4.57561540604, 198.579177856, -194.548965454, 174.09602356, -49.583152771, 68.4717636108, -67.2535476685, 74.2242965698, -42.0003204346, 30.8436717987], [-590.174560547, -136.689331055, 1210.81079102, 327.878173828, -47.0378227234, 157.180786133, -30.439081192, 25.5784759521, -55.5127563477, 91.2616043091, -49.4229698181, 44.3514022827, 8.77892112732], [-14.1135187149, 4.57561540604, 327.878173828, 480.944122314, 178.990737915, 7.25600481033, -12.0788164139, 40.1913414001, 14.8271999359, -20.6711540222, -28.77917099, 13.4657869339, 45.8919563293], [-135.298965454, 198.579177856, -47.0378227234, 178.990737915, 435.246307373, 51.8700790405, 87.8855285645, 97.2743225098, 59.7031211853, -3.58774375916, -1.6586920023, 15.3883838654, 38.3564033508], [274.541503906, -194.548965454, 157.180786133, 7.25600481033, 51.8700790405, 318.212158203, 100.110244751, 83.8865814209, -6.22552251816, 81.8900680542, 8.498919487, 20.3274269104, -9.4158706665], [-202.166870117, 174.09602356, -30.439081192, -12.0788164139, 87.8855285645, 100.110244751, 303.614044189, 98.5864257812, 34.5680618286, 37.699886322, 56.0885009766, 4.72302865982, 8.57377719879], [112.980163574, -49.583152771, 25.5784759521, 40.1913414001, 97.2743225098, 83.8865814209, 98.5864257812, 222.009338379, 50.1326065063, 43.767665863, 11.9996061325, 38.2171554565, 26.7264862061], [-175.099914551, 68.4717636108, -55.5127563477, 14.8271999359, 59.7031211853, -6.22552251816, 34.5680618286, 50.1326065063, 153.667892456, 48.0322418213, 17.2107028961, 7.22348451614, 29.6675395966], [-9.25804805756, -67.2535476685, 91.2616043091, -20.6711540222, -3.58774375916, 81.8900680542, 37.699886322, 43.767665863, 48.0322418213, 148.381851196, 47.1841011047, 20.3614234924, 4.79174375534], [-38.0156364441, 74.2242965698, -49.4229698181, -28.77917099, -1.6586920023, 8.498919487, 56.0885009766, 11.9996061325, 17.2107028961, 47.1841011047, 119.192382812, 34.0162353516, 0.534021496773], [8.1304807663, -42.0003204346, 44.3514022827, 13.4657869339, 15.3883838654, 20.3274269104, 4.72302865982, 38.2171554565, 7.22348451614, 20.3614234924, 34.0162353516, 92.7498474121, 36.3495254517], [-143.856552124, 30.8436717987, 8.77892112732, 45.8919563293, 38.3564033508, -9.4158706665, 8.57377719879, 26.7264862061, 29.6675395966, 4.79174375534, 0.534021496773, 36.3495254517, 85.2202835083]], "icov": [[0.00017188534548, -7.84281728556e-05, 0.000218754954403, -0.00021318643121, 0.000177508336492, -0.000293277407764, 0.000242164009251, -0.000208812212804, 0.000228405886446, -0.000127353778225, 0.000145114318002, -0.000195892411284, 0.00034992347355], [-7.84281728556e-05, 0.00154920294881, -0.000436348374933, 0.000562580535188, -0.00098067370709, 0.00124802591745, -0.00113117415458, 0.000726554892026, -0.000568574876525, 0.000859616324306, -0.00125008274335, 0.00111132743768, -0.000802458263934], [0.000218754954403, -0.000436348374933, 0.00176993524656, -0.00159506022464, 0.00102506543044, -0.00103639543522, 0.000447103928309, -0.000259141175775, 0.000982092693448, -0.00156154530123, 0.00144721625838, -0.00133531773463, 0.00097063719295], [-0.00021318643121, 0.000562580535188, -0.00159506022464, 0.00407152157277, -0.0020653186366, 0.00101069163065, -0.000138984047226, 0.00016839633463, -0.000701098178979, 0.00161049258895, -0.00107327895239, 0.00139120349195, -0.00202246964909], [0.000177508336492, -0.00098067370709, 0.00102506543044, -0.0020653186366, 0.00420121150091, -0.00151527451817, 0.000229175522691, -0.00125924265012, -0.000223619834287, -0.000288233452011, 0.00123259087559, -0.00108424026985, 0.00052351236809], [-0.000293277407764, 0.00124802591745, -0.00103639543522, 0.00101069163065, -0.00151527451817, 0.0060935979709, -0.00241250125691, -4.28123021265e-05, 0.000528648030013, -0.00170447328128, 0.000150517415022, 0.000263950991211, 2.54230853898e-05], [0.000242164009251, -0.00113117415458, 0.000447103928309, -0.000138984047226, 0.000229175522691, -0.00241250125691, 0.0059204781428, -0.00240107998252, 0.000335797725711, 7.01707758708e-05, -0.00180958444253, 0.00104198430199, 8.06992757134e-05], [-0.000208812212804, 0.000726554892026, -0.000259141175775, 0.00016839633463, -0.00125924265012, -4.28123021265e-05, -0.00240107998252, 0.00726896245033, -0.00174479838461, -0.000433337001596, 0.00079644843936, -0.00200489559211, -0.000673551869113], [0.000228405886446, -0.000568574876525, 0.000982092693448, -0.000701098178979, -0.000223619834287, 0.000528648030013, 0.000335797725711, -0.00174479838461, 0.00959079433233, -0.00417828978971, 0.000752177555114, 0.000584604626056, -0.0018177581951], [-0.000127353778225, 0.000859616324306, -0.00156154530123, 0.00161049258895, -0.000288233452011, -0.00170447328128, 7.01707758708e-05, -0.000433337001596, -0.00417828978971, 0.0122358184308, -0.00537478923798, 0.00151534739416, -0.00100834167097], [0.000145114318002, -0.00125008274335, 0.00144721625838, -0.00107327895239, 0.00123259087559, 0.000150517415022, -0.00180958444253, 0.00079644843936, 0.000752177555114, -0.00537478923798, 0.0143653294072, -0.00710847275332, 0.00350278639235], [-0.000195892411284, 0.00111132743768, -0.00133531773463, 0.00139120349195, -0.00108424026985, 0.000263950991211, 0.00104198430199, -0.00200489559211, 0.000584604626056, 0.00151534739416, -0.00710847275332, 0.0181034374982, -0.00826936401427], [0.00034992347355, -0.000802458263934, 0.00097063719295, -0.00202246964909, 0.00052351236809, 2.54230853898e-05, 8.06992757134e-05, -0.000673551869113, -0.0018177581951, -0.00100834167097, 0.00350278639235, -0.00826936401427, 0.0177695918828]], "mean": [-6.07209062576, 57.4922866821, -120.286102295, 53.4262504578, -58.2713050842, 16.989200592, -30.9324836731, 18.3830566406, -19.0967884064, 5.73077869415, -13.7230978012, 0.714916944504, -9.13064193726]}, "melbands_spread": {"min": 0.292975783348, "max": 285.84475708, "dvar2": 681.042724609, "median": 37.5677680969, "dmean2": 23.4361400604, "dmean": 14.7078952789, "var": 931.142578125, "dvar": 295.735168457, "mean": 42.6506347656}, "spectral_energy": {"min": 1.00470035747e-20, "max": 0.196697860956, "dvar2": 0.000949028995819, "median": 0.0161178261042, "dmean2": 0.0164770632982, "dmean": 0.00994938984513, "var": 0.000484197749756, "dvar": 0.000333172240062, "mean": 0.0213899612427}, "mfcc": {"cov": [[6766.39355469, -194.376296997, -704.456787109, -281.99899292, -58.4783477783, -24.9469966888, -12.5205574036, 79.028465271, -158.618728638, 28.4996814728, 16.7361431122, -31.7421855927, -51.0849494934], [-194.376296997, 1052.0390625, -240.684616089, 119.862976074, -46.6147651672, -27.1803455353, 58.7381248474, 29.4041690826, 21.916765213, -25.9264087677, 54.1712532043, 33.2122573853, 25.8259124756], [-704.456787109, -240.684616089, 1111.84777832, 134.397415161, 53.5072975159, 126.305915833, 32.2145996094, -50.4388542175, 9.44690799713, -13.0966348648, -24.0620632172, 24.7610816956, 9.68138980865], [-281.99899292, 119.862976074, 134.397415161, 517.804870605, 199.267791748, 13.7596311569, 14.6225910187, 49.0346298218, 74.2779464722, -20.7952594757, -48.1384124756, 13.5288295746, 36.001335144], [-58.4783477783, -46.6147651672, 53.5072975159, 199.267791748, 352.46194458, 60.8621444702, -6.51003694534, 40.4588737488, 73.925163269, 0.919051766396, -21.0340976715, 14.6385183334, 5.88020610809], [-24.9469966888, -27.1803455353, 126.305915833, 13.7596311569, 60.8621444702, 207.14881897, 90.6811218262, 10.9985685349, 35.9743118286, 27.1508750916, 31.7655754089, 19.8861064911, 2.49496912956], [-12.5205574036, 58.7381248474, 32.2145996094, 14.6225910187, -6.51003694534, 90.6811218262, 247.026824951, 102.219169617, 42.6876602173, 46.3051147461, 59.6805343628, 23.3592243195, 28.210603714], [79.028465271, 29.4041690826, -50.4388542175, 49.0346298218, 40.4588737488, 10.9985685349, 102.219169617, 162.809051514, 77.8992538452, 17.7850093842, 25.4123973846, 21.0133247375, 18.1207427979], [-158.618728638, 21.916765213, 9.44690799713, 74.2779464722, 73.925163269, 35.9743118286, 42.6876602173, 77.8992538452, 179.089736938, 55.5188102722, 19.1162929535, 24.728012085, 22.9332714081], [28.4996814728, -25.9264087677, -13.0966348648, -20.7952594757, 0.919051766396, 27.1508750916, 46.3051147461, 17.7850093842, 55.5188102722, 125.929328918, 53.9334869385, 3.14207386971, 23.7841701508], [16.7361431122, 54.1712532043, -24.0620632172, -48.1384124756, -21.0340976715, 31.7655754089, 59.6805343628, 25.4123973846, 19.1162929535, 53.9334869385, 122.22151947, 47.6867790222, 13.1601657867], [-31.7421855927, 33.2122573853, 24.7610816956, 13.5288295746, 14.6385183334, 19.8861064911, 23.3592243195, 21.0133247375, 24.728012085, 3.14207386971, 47.6867790222, 104.543273926, 42.0736961365], [-51.0849494934, 25.8259124756, 9.68138980865, 36.001335144, 5.88020610809, 2.49496912956, 28.210603714, 18.1207427979, 22.9332714081, 23.7841701508, 13.1601657867, 42.0736961365, 118.160972595]], "icov": [[0.000171169129317, 3.85859348171e-05, 0.000108547050331, 4.36249320046e-05, -1.42519120345e-05, -9.31811300688e-05, 7.43654600228e-05, -0.000227796757827, 0.00026653156965, -0.000141730371979, 6.66826308588e-05, -5.26152034581e-05, 5.13461163791e-05], [3.85859348171e-05, 0.00118422950618, 0.000331850867951, -0.000491969694849, 0.000338824436767, 9.65045037447e-05, -0.000340148806572, 0.000328062626068, -0.000273441226454, 0.000730144616682, -0.000802531081717, 2.18154254981e-05, -0.000119729244034], [0.000108547050331, 0.000331850867951, 0.00119496555999, -0.000391542183934, 0.000171992622199, -0.000644580461085, -0.000221623384277, 0.000499847345054, 2.37784588535e-05, 0.000161457661306, 0.000185617012903, -0.000373430724721, 5.22733498656e-05], [4.36249320046e-05, -0.000491969694849, -0.000391542183934, 0.00304075353779, -0.00157238042448, 0.000441048759967, -0.000230780875427, -0.000370655325241, -0.000471345760161, 0.000221964335651, 0.00120245025028, -4.81007737108e-05, -0.00065710558556], [-1.42519120345e-05, 0.000338824436767, 0.000171992622199, -0.00157238042448, 0.00431713508442, -0.00151764112525, 0.00105759280268, -0.000803895236459, -0.000817737833131, 3.15503057209e-05, 0.000295335630653, -0.000419480085839, 0.00034158694325], [-9.31811300688e-05, 9.65045037447e-05, -0.000644580461085, 0.000441048759967, -0.00151764112525, 0.00734291225672, -0.00334839965217, 0.00240123877302, -0.00132450193632, 0.000153830027557, -0.000753580767196, -0.000511799473315, 0.000700979784597], [7.43654600228e-05, -0.000340148806572, -0.000221623384277, -0.000230780875427, 0.00105759280268, -0.00334839965217, 0.00810087285936, -0.00540886772797, 0.00152001646347, -0.00148917059414, -0.00154621526599, 0.000766979588661, -0.000987689592876], [-0.000227796757827, 0.000328062626068, 0.000499847345054, -0.000370655325241, -0.000803895236459, 0.00240123877302, -0.00540886772797, 0.0121568115428, -0.00488197244704, 0.00247735041194, -0.00103625352494, -0.000259920896497, -2.50559696724e-05], [0.00026653156965, -0.000273441226454, 2.37784588535e-05, -0.000471345760161, -0.000817737833131, -0.00132450193632, 0.00152001646347, -0.00488197244704, 0.00996936578304, -0.0048920805566, 0.0016745890025, -0.00186357053462, 0.000297960272292], [-0.000141730371979, 0.000730144616682, 0.000161457661306, 0.000221964335651, 3.15503057209e-05, 0.000153830027557, -0.00148917059414, 0.00247735041194, -0.0048920805566, 0.0138684269041, -0.00679931091145, 0.00451814662665, -0.00302446819842], [6.66826308588e-05, -0.000802531081717, 0.000185617012903, 0.00120245025028, 0.000295335630653, -0.000753580767196, -0.00154621526599, -0.00103625352494, 0.0016745890025, -0.00679931091145, 0.0156917981803, -0.00755965895951, 0.00233964645304], [-5.26152034581e-05, 2.18154254981e-05, -0.000373430724721, -4.81007737108e-05, -0.000419480085839, -0.000511799473315, 0.000766979588661, -0.000259920896497, -0.00186357053462, 0.00451814662665, -0.00755965895951, 0.0155793456361, -0.00534698134288], [5.13461163791e-05, -0.000119729244034, 5.22733498656e-05, -0.00065710558556, 0.00034158694325, 0.000700979784597, -0.000987689592876, -2.50559696724e-05, 0.000297960272292, -0.00302446819842, 0.00233964645304, -0.00534698134288, 0.0111094545573]], "mean": [-642.994262695, 79.8199234009, 0.284978896379, 34.6500930786, 2.85077238083, 4.8014831543, 3.45757818222, 8.31123638153, 4.92635011673, 5.16747093201, 4.70909547806, 3.27792239189, -0.627320826054]}, "spectral_contrast_valleys": {"min": [-28.0121841431, -27.7870807648, -27.5866966248, -27.4370765686, -27.2952079773, -27.3632888794], "max": [-5.39904308319, -4.72045135498, -4.85519552231, -5.54204893112, -5.24954223633, -7.65769147873], "dvar2": [0.34352132678, 0.500841677189, 0.342529267073, 0.299839913845, 0.237696006894, 0.438836574554], "median": [-7.3514585495, -7.01188325882, -7.53653383255, -7.75317955017, -7.13302946091, -9.61623287201], "dmean2": [0.700174868107, 0.722338140011, 0.611137211323, 0.546270370483, 0.439382076263, 0.566421031952], "dmean": [0.424570888281, 0.462211370468, 0.401325672865, 0.364273369312, 0.311309069395, 0.434170156717], "var": [1.25708270073, 1.18207383156, 1.23431241512, 1.1703710556, 1.08325111866, 1.37012624741], "dvar": [0.14335885644, 0.229892596602, 0.165430113673, 0.15155261755, 0.123845569789, 0.229164198041], "mean": [-7.57420444489, -7.17819833755, -7.70589160919, -7.93923139572, -7.29850769043, -9.7684841156]}, "barkbands_flatness_db": {"min": 0.0133541123942, "max": 0.514234662056, "dvar2": 0.00179369340185, "median": 0.102357059717, "dmean2": 0.0429785177112, "dmean": 0.0273632723838, "var": 0.00274275522679, "dvar": 0.000733174849302, "mean": 0.115001641214}, "dynamic_complexity": 3.33425021172, "erbbands_flatness_db": {"min": 0.027507616207, "max": 0.375006645918, "dvar2": 0.00065524171805, "median": 0.142190098763, "dmean2": 0.0276891905814, "dmean": 0.0186270065606, "var": 0.00167583173607, "dvar": 0.00032213708