{"lowlevel": {"spectral_complexity": {"min": 0, "max": 59, "dvar2": 36.8592224121, "median": 15, "dmean2": 5.29153490067, "dmean": 3.57372951508, "var": 127.246139526, "dvar": 19.3199214935, "mean": 16.3390388489}, "silence_rate_20dB": {"min": 1, "max": 1, "dvar2": 0, "median": 1, "dmean2": 0, "dmean": 0, "var": 0, "dvar": 0, "mean": 1}, "average_loudness": 0.729736983776, "erbbands_spread": {"min": 1.76545166969, "max": 168.505523682, "dvar2": 254.05657959, "median": 45.1335945129, "dmean2": 13.3966197968, "dmean": 8.84805011749, "var": 624.030822754, "dvar": 116.662651062, "mean": 50.1179847717}, "spectral_kurtosis": {"min": -1.26742386818, "max": 309.741241455, "dvar2": 116.155143738, "median": 2.86267614365, "dmean2": 2.10041427612, "dmean": 1.2608705759, "var": 710.352966309, "dvar": 38.0434303284, "mean": 6.53185033798}, "barkbands_kurtosis": {"min": -1.88808655739, "max": 121.689743042, "dvar2": 47.7070770264, "median": 1.37357950211, "dmean2": 3.62048196793, "dmean": 2.20471024513, "var": 41.6780433655, "dvar": 19.0252017975, "mean": 3.28734517097}, "spectral_strongpeak": {"min": 0, "max": 13.0833768845, "dvar2": 1.48823857307, "median": 0.427897542715, "dmean2": 0.746230006218, "dmean": 0.439013391733, "var": 1.07225608826, "dvar": 0.584915339947, "mean": 0.803991794586}, "spectral_spread": {"min": 353174.6875, "max": 43273548, "dvar2": 903720665088, "median": 6566881.5, "dmean2": 856683.3125, "dmean": 582905.5, "var": 5640396734460.0, "dvar": 524232163328, "mean": 6657706}, "spectral_rms": {"min": 3.08678495091e-12, "max": 0.0125301387161, "dvar2": 3.36027824233e-06, "median": 0.00368079473265, "dmean2": 0.00125585868955, "dmean": 0.000840377935674, "var": 4.76746299682e-06, "dvar": 1.57928502631e-06, "mean": 0.00402267277241}, "erbbands": {"min": [2.25452407744e-22, 4.89606407229e-22, 2.03751790875e-21, 3.70467781513e-21, 2.09377491457e-20, 2.88410963916e-20, 5.7250527288e-20, 8.23187979757e-20, 1.24323940672e-19, 3.88356231112e-19, 4.38789536457e-19, 4.52031095402e-19, 4.42141220601e-19, 8.63958613551e-19, 9.58911296451e-19, 1.58142664255e-18, 1.84041647875e-18, 2.38099120996e-18, 2.43948239185e-18, 4.99855772948e-18, 5.18904501684e-18, 4.44364278837e-18, 5.61207841699e-18, 6.93050257018e-18, 5.98972193539e-18, 8.64042923935e-18, 1.00327752152e-17, 1.40473681052e-17, 1.14072888313e-17, 1.33230548464e-17, 1.24621591793e-17, 1.09492880251e-17, 1.12040555179e-17, 7.78872933908e-18, 6.7206629788e-18, 4.31014535008e-18, 2.33334209116e-18, 9.69475737042e-19, 2.36907422567e-19, 2.66951071548e-20], "max": [1.64907157421, 24.5230903625, 64.7113800049, 46.4277534485, 67.1734924316, 334.08303833, 413.140289307, 527.549987793, 1452.46728516, 1541.5670166, 1928.92712402, 2588.61083984, 1838.90161133, 1954.82556152, 1128.78552246, 855.67590332, 1454.34423828, 1606.42773438, 1002.78363037, 1661.21557617, 762.272521973, 896.898742676, 605.371032715, 729.694396973, 297.605010986, 548.60925293, 342.147613525, 165.689147949, 133.44418335, 117.12663269, 57.3020019531, 39.4876289368, 37.4594764709, 37.1184844971, 27.5184726715, 12.4387969971, 3.86658644676, 0.683954954147, 0.118927791715, 0.00649780221283], "dvar2": [0.0594223402441, 17.8418750763, 100.516700745, 25.929889679, 37.6221542358, 2476.48706055, 3107.32299805, 608.281555176, 806.479064941, 4849.76074219, 8420.00683594, 7413.5625, 6402.04541016, 2355.62329102, 1429.52282715, 3357.57666016, 3462.80615234, 3393.32397461, 2413.52050781, 1535.92480469, 1138.63708496, 1462.88964844, 525.836303711, 471.167785645, 330.765563965, 130.784667969, 156.862747192, 70.1923370361, 96.8046798706, 84.601272583, 37.0428466797, 27.7988262177, 35.856300354, 38.4210166931, 20.5740699768, 3.83340096474, 0.366119384766, 0.00935722049326, 0.000273300014669, 9.45865735957e-07], "median": [0.0218017026782, 0.325294226408, 0.743185639381, 1.03714454174, 1.77517485619, 4.36964178085, 6.27157115936, 6.05295228958, 6.41942977905, 7.84121131897, 7.9094543457, 7.93856048584, 8.30423641205, 6.7574133873, 6.12523317337, 6.76990365982, 7.81745243073, 7.05001926422, 6.51251602173, 6.18624830246, 7.24051761627, 7.12617826462, 4.25721883774, 4.35251092911, 4.21977329254, 2.84688901901, 4.97408056259, 4.31576681137, 4.94213294983, 2.63917279243, 1.52608764172, 1.77111971378, 1.08386874199, 0.707305729389, 0.546655833721, 0.294308274984, 0.0784527510405, 0.0157690998167, 0.00218026526272, 0.000199786722078], "dmean2": [0.101683288813, 1.61999928951, 3.99737238884, 2.29920816422, 3.17657613754, 16.8119010925, 19.9962158203, 12.3500204086, 11.1223468781, 26.4151039124, 33.3147888184, 27.6353435516, 29.1095046997, 15.6720676422, 15.073009491, 21.507390976, 23.3768730164, 21.7568531036, 18.833404541, 15.066778183, 15.8794927597, 17.2698535919, 9.8535118103, 9.83827114105, 9.11204528809, 5.45616149902, 7.11143255234, 4.83770751953, 5.47900438309, 4.43979501724, 2.90755653381, 2.42542147636, 2.23991465569, 2.02216792107, 1.51232469082, 0.796722352505, 0.194685310125, 0.0354990102351, 0.00571050541475, 0.000338159210514], "dmean": [0.0668944120407, 0.941587984562, 2.30472683907, 1.35087323189, 1.92670536041, 9.66342163086, 11.306098938, 7.51062059402, 7.19677400589, 17.4148101807, 21.5300579071, 17.0974769592, 18.1478500366, 10.1928186417, 9.71308994293, 13.3490629196, 14.4904069901, 13.8207492828, 11.96941185, 9.55572891235, 9.84497356415, 10.7352733612, 6.27230787277, 6.17205524445, 5.8102889061, 3.52382230759, 4.49460744858, 3.06431007385, 3.58560657501, 2.92577600479, 1.96402513981, 1.70252776146, 1.49582791328, 1.34261906147, 1.01435256004, 0.527611672878, 0.131623074412, 0.0248951110989, 0.00392716890201, 0.00022475462174], "var": [0.046153370291, 6.23399496078, 29.7111549377, 10.2343959808, 23.5480632782, 700.819519043, 815.142272949, 375.024169922, 733.223571777, 4262.59326172, 7213.58496094, 6478.34423828, 5807.45361328, 3065.22192383, 1877.92956543, 3263.7578125, 3640.60693359, 3350.86987305, 2603.56640625, 1913.66101074, 1158.37414551, 1432.98864746, 488.177001953, 543.812133789, 389.872009277, 165.790359497, 127.974723816, 60.6347999573, 88.5832214355, 53.5018043518, 26.1655654907, 19.8072681427, 16.8817672729, 17.3619022369, 9.15311431885, 1.9865115881, 0.153302937746, 0.00535754300654, 0.00014462400577, 4.28678589515e-07], "dvar": [0.0339654833078, 6.76362419128, 36.293674469, 9.05214691162, 14.4299325943, 878.911315918, 1056.87158203, 230.229675293, 341.862609863, 2235.16992188, 3588.76782227, 3145.06811523, 2704.02197266, 1016.30767822, 660.00592041, 1286.67382812, 1398.43786621, 1474.55297852, 1049.18823242, 739.016113281, 459.143951416, 580.93560791, 219.220321655, 198.579925537, 145.517456055, 65.6047286987, 76.0429077148, 33.4574241638, 46.6509437561, 37.8167495728, 18.0566654205, 13.3517208099, 15.6549987793, 16.9158859253, 8.7585067749, 1.74247789383, 0.151785045862, 0.00450094882399, 0.000128862026031, 4.1555261987e-07], "mean": [0.086740501225, 1.08141946793, 2.55338263512, 1.95389819145, 3.36109089851, 12.1237831116, 14.3038692474, 12.6016807556, 14.583024025, 28.3989448547, 34.9776878357, 28.0813903809, 30.4140796661, 20.8980693817, 19.0232772827, 24.4205703735, 26.0862369537, 23.603313446, 21.6606349945, 17.9330482483, 18.9075889587, 19.1587181091, 11.638502121, 11.8214836121, 11.2744836807, 6.93018198013, 8.00062465668, 6.54347658157, 7.84713888168, 5.06335401535, 3.32684421539, 3.28020334244, 2.25144577026, 1.81908559799, 1.51085567474, 0.739517152309, 0.199593812227, 0.0372356548905, 0.00555953150615, 0.000360033212928]}, "zerocrossingrate": {"min": 0, "max": 0.5341796875, "dvar2": 0.000284550100332, "median": 0.07958984375, "dmean2": 0.0162520203739, "dmean": 0.0137252351269, "var": 0.00299352663569, "dvar": 0.000244782742811, "mean": 0.0936742722988}, "spectral_contrast_coeffs": {"min": [-0.973526895046, -0.973830401897, -0.983013868332, -0.983339309692, -0.981544911861, -0.980470716953], "max": [-0.280958771706, -0.367318093777, -0.3909932971, -0.537211596966, -0.605524897575, -0.588586390018], "dvar2": [0.0059638437815, 0.00394452502951, 0.00304237008095, 0.0015504648909, 0.000758473936003, 0.000416415074142], "median": [-0.658099293709, -0.726233184338, -0.768489778042, -0.793998599052, -0.797653853893, -0.767865896225], "dmean2": [0.0846459120512, 0.0756579339504, 0.0648350790143, 0.0487484931946, 0.0327610187232, 0.0263795945793], "dmean": [0.0517155863345, 0.0465454272926, 0.0399910919368, 0.0301967300475, 0.020214734599, 0.0155410151929], "var": [0.00867006182671, 0.00627276394516, 0.00572046637535, 0.00336479884572, 0.00130594032817, 0.000855047779623], "dvar": [0.00231238175184, 0.00159212958533, 0.00119820865802, 0.000653217779472, 0.000306074769469, 0.000154012086568], "mean": [-0.644827902317, -0.720127999783, -0.759139835835, -0.786471188068, -0.795733094215, -0.769747793674]}, "dissonance": {"min": 0.0895807445049, "max": 0.500000119209, "dvar2": 0.00102959945798, "median": 0.47120308876, "dmean2": 0.0304780937731, "dmean": 0.0180997103453, "var": 0.00119352957699, "dvar": 0.000386260129744, "mean": 0.462954074144}, "spectral_energyband_high": {"min": 6.85819646394e-21, "max": 0.0195418242365, "dvar2": 4.15383965446e-06, "median": 0.000622429070063, "dmean2": 0.00076641573105, "dmean": 0.000552152458113, "var": 2.62684397967e-06, "dvar": 1.94247900254e-06, "mean": 0.00109105475713}, "spectral_skewness": {"min": -0.06602755934, "max": 15.2596073151, "dvar2": 0.113133370876, "median": 1.45136034489, "dmean2": 0.204400777817, "dmean": 0.128093943, "var": 2.24886202812, "dvar": 0.0399932935834, "mean": 1.6064106226}, "spectral_flux": {"min": 6.60540788733e-11, "max": 0.315145343542, "dvar2": 0.0033061678987, "median": 0.0552882626653, "dmean2": 0.0430725887418, "dmean": 0.0275923069566, "var": 0.00325302244164, "dvar": 0.00154359906446, "mean": 0.0726092979312}, "silence_rate_30dB": {"min": 0, "max": 1, "dvar2": 0.0136243300512, "median": 1, "dmean2": 0.0100220721215, "dmean": 0.0050107371062, "var": 0.00321129895747, "dvar": 0.00498438486829, "mean": 0.996779024601}, "spectral_energyband_middle_high": {"min": 1.21804122344e-21, "max": 0.0868578925729, "dvar2": 1.42425833474e-05, "median": 0.00219028652646, "dmean2": 0.00209610024467, "dmean": 0.00141606049147, "var": 3.43399478879e-05, "dvar": 6.76255513099e-06, "mean": 0.00429659150541}, "barkbands_spread": {"min": 0.316379129887, "max": 120.805610657, "dvar2": 175.288650513, "median": 27.8600406647, "dmean2": 11.0409927368, "dmean": 7.05541944504, "var": 338.333496094, "dvar": 80.7609100342, "mean": 32.0913848877}, "spectral_centroid": {"min": 158.00592041, "max": 11537.0234375, "dvar2": 197467.765625, "median": 1386.1439209, "dmean2": 385.796356201, "dmean": 245.220474243, "var": 686591.6875, "dvar": 93150.2265625, "mean": 1521.93493652}, "pitch_salience": {"min": 0.122576192021, "max": 0.87651693821, "dvar2": 0.0130379162729, "median": 0.576176762581, "dmean2": 0.112493172288, "dmean": 0.0695021748543, "var": 0.013799207285, "dvar": 0.00525905704126, "mean": 0.562596380711}, "erbbands_skewness": {"min": -3.25685095787, "max": 4.68616437912, "dvar2": 0.216842323542, "median": 0.434128135443, "dmean2": 0.474347174168, "dmean": 0.305430710316, "var": 0.626181364059, "dvar": 0.0974314063787, "mean": 0.420070171356}, "erbbands_crest": {"min": 1.98840844631, "max": 32.7911949158, "dvar2": 11.7498283386, "median": 7.20262336731, "dmean2": 3.50707292557, "dmean": 2.21181321144, "var": 22.442522049, "dvar": 4.97579145432, "mean": 8.5510635376}, "melbands": {"min": [1.52762066271e-24, 8.4015836052e-25, 1.42413729751e-24, 1.5799452149e-24, 2.149763507e-24, 2.12711353548e-24, 1.90075581518e-24, 3.37118997871e-24, 3.61581219555e-24, 2.73043080592e-24, 1.83640428962e-24, 2.67214463464e-24, 2.47623438149e-24, 2.30712883303e-24, 4.27845732809e-24, 3.23884929275e-24, 3.58445339684e-24, 3.33014672911e-24, 5.69963639721e-24, 5.22667405262e-24, 5.50171316824e-24, 3.50451496587e-24, 4.0575163212e-24, 4.3206183936e-24, 4.81362608821e-24, 3.7372312995e-24, 5.67429226847e-24, 5.03298345684e-24, 5.48067345903e-24, 5.51032397945e-24, 7.24804453084e-24, 5.22704284509e-24, 6.1548943365e-24, 5.74998031689e-24, 6.86292973666e-24, 5.53928542986e-24, 5.17618853241e-24, 6.17470145053e-24, 6.23793456854e-24, 6.78150824719e-24], "max": [0.0193921849132, 0.0328807719052, 0.00743124214932, 0.0133523438126, 0.0155345089734, 0.011713527143, 0.0213855914772, 0.0204524379224, 0.0131200114265, 0.015028540045, 0.00890801474452, 0.00798956956714, 0.00252608279698, 0.0042517716065, 0.00404777098447, 0.00253504654393, 0.00367146078497, 0.00210874574259, 0.00268607772887, 0.00133396533784, 0.000924635969568, 0.00136535428464, 0.000611089868471, 0.000554259167984, 0.000697255250998, 0.000292169657769, 0.000247184449108, 0.000441371113993, 0.000262118293904, 0.000189810220036, 0.000104564242065, 7.55162764108e-05, 0.000100140903669, 5.05755815539e-05, 3.97361727664e-05, 2.87748698611e-05, 2.63217916654e-05, 2.72296401818e-05, 3.70914349332e-05, 3.03592823911e-05], "dvar2": [9.0859048214e-06, 2.97324768326e-05, 6.62362310777e-07, 3.15407851303e-06, 4.80488370158e-06, 3.07112998144e-07, 1.7690047116e-07, 8.1247600292e-07, 5.99520546984e-07, 2.75288243756e-07, 1.64519420309e-07, 4.27680610926e-08, 1.39707365676e-08, 2.00381826687e-08, 2.58739838443e-08, 1.22401999647e-08, 1.64403282099e-08, 8.44919068044e-09, 6.36894625927e-09, 3.04001135376e-09, 2.02854644193e-09, 2.30325758466e-09, 1.39569955593e-09, 3.94197785525e-10, 4.18850371053e-10, 2.46409004312e-10, 1.25617280466e-10, 7.32020624672e-11, 6.49896872429e-11, 6.81708092753e-11, 2.91654651818e-11, 5.49080052259e-11, 1.78161287806e-11, 3.12316041085e-11, 9.66500837696e-12, 1.38249732842e-11, 1.11530342253e-11, 1.47348817175e-11, 2.83935999712e-11, 2.72476780722e-11], "median": [0.000300734362099, 0.000457515678136, 0.000212619779631, 0.000225256371778, 0.000248330325121, 0.000142766031786, 9.20771053643e-05, 8.52723169373e-05, 6.12393778283e-05, 4.25810612796e-05, 3.76659772883e-05, 2.38829870796e-05, 1.91663129954e-05, 1.65547280631e-05, 1.74612650881e-05, 1.36305388878e-05, 1.16193996291e-05, 9.83764311968e-06, 7.94231164036e-06, 7.45104534872e-06, 7.95878622739e-06, 7.32372518542e-06, 4.58887689092e-06, 2.96522171084e-06, 3.20488925354e-06, 3.53742643711e-06, 1.87836542409e-06, 1.69820179963e-06, 2.53390930993e-06, 3.4691579458e-06, 1.8535952222e-06, 3.03842284666e-06, 2.15319141716e-06, 1.14545093766e-06, 8.72297334809e-07, 8.64283492774e-07, 1.11795441171e-06, 7.5218542861e-07, 6.0636557464e-07, 5.40507244295e-07], "dmean2": [0.00121430121362, 0.00216787704267, 0.000390860368498, 0.000650939124171, 0.000761512492318, 0.000280217209365, 0.000166905374499, 0.000332528259605, 0.000267728697509, 0.000171218154719, 0.000145725934999, 6.69437577017e-05, 4.69136721222e-05, 5.42680245417e-05, 5.85586676607e-05, 4.43011558673e-05, 4.53683860542e-05, 3.30473158101e-05, 2.66613096755e-05, 2.21270820475e-05, 2.06111708394e-05, 2.07174271054e-05, 1.50960877363e-05, 7.81636026659e-06, 8.93711967365e-06, 7.68744575907e-06, 5.24247343492e-06, 3.7614483972e-06, 4.03556805395e-06, 5.74437262912e-06, 2.61935588242e-06, 3.99759028369e-06, 2.50964717452e-06, 2.58415934695e-06, 1.5615837583e-06, 1.90079742879e-06, 1.52113921104e-06, 1.48949163759e-06, 1.8369588588e-06, 1.72649345132e-06], "dmean": [0.000767151301261, 0.00124802929349, 0.000231284066103, 0.000377566582756, 0.000434423302067, 0.000170434432221, 0.000108074505988, 0.000217763139517, 0.000172420855961, 0.000105014027213, 9.08387810341e-05, 4.33804307249e-05, 3.01972504531e-05, 3.41724262398e-05, 3.59889163519e-05, 2.76871160168e-05, 2.86269932985e-05, 2.08752371691e-05, 1.70616640389e-05, 1.36228218253e-05, 1.27077992147e-05, 1.28522033265e-05, 9.17656416277e-06, 4.95117865285e-06, 5.52545407118e-06, 4.84396650791e-06, 3.31625915351e-06, 2.36615142057e-06, 2.60299066213e-06, 3.42213070326e-06, 1.70873738625e-06, 2.53791245086e-06, 1.69572672348e-06, 1.65178948919e-06, 1.06817083179e-06, 1.27324415189e-06, 1.0443826568e-06, 9.85727524494e-07, 1.20598167541e-06, 1.13679016067e-06], "var": [5.43280384591e-06, 9.24505457078e-06, 3.08398114157e-07, 1.03176068933e-06, 1.28279714318e-06, 1.85407330378e-07, 1.70113594322e-07, 7.02588977219e-07, 5.108950063e-07, 2.31397905281e-07, 1.4820260219e-07, 5.42005906823e-08, 1.6428645111e-08, 2.02338679145e-08, 2.8187665535e-08, 1.10842819367e-08, 1.51985126706e-08, 8.20912138266e-09, 6.56611520711e-09, 2.34189889703e-09, 1.83325599146e-09, 2.1930666172e-09, 9.55592494023e-10, 3.23258531054e-10, 4.23202112243e-10, 2.71504152494e-10, 1.21824245136e-10, 7.69075081397e-11, 5.54077478343e-11, 3.92613719313e-11, 2.34328268595e-11, 3.95901991745e-11, 1.95255374369e-11, 1.53756053028e-11, 7.02561229679e-12, 9.50940541589e-12, 7.31195399367e-12, 7.17000200531e-12, 1.08582474609e-11, 1.29312628314e-11], "dvar": [4.32325896327e-06, 1.08276299216e-05, 2.38818842035e-07, 1.13676242108e-06, 1.65048243161e-06, 1.15700188985e-07, 7.51730340198e-08, 3.71230726159e-07, 2.5074820087e-07, 1.15475991436e-07, 6.95109250159e-08, 1.83616073457e-08, 6.24593265997e-09, 8.91235618639e-09, 9.99835414461e-09, 4.94700724829e-09, 7.08970748775e-09, 3.76349396092e-09, 2.90475954401e-09, 1.20200127629e-09, 8.10659428474e-10, 9.04644303912e-10, 5.50454570813e-10, 1.62965571593e-10, 1.71331018817e-10, 1.04920405697e-10, 5.53392609515e-11, 3.53385064267e-11, 3.17390003168e-11, 2.87738652349e-11, 1.36396935413e-11, 2.450552955e-11, 9.49534374739e-12, 1.29470826421e-11, 4.63149050361e-12, 6.68253213182e-12, 5.17468142988e-12, 6.52048857616e-12, 1.15274959717e-11, 1.23243706907e-11], "mean": [0.00101637246553, 0.00143535004463, 0.000364898238331, 0.000536114559509, 0.000555803475436, 0.000289275048999, 0.00021680368809, 0.000345615233527, 0.000282415363472, 0.000164834462339, 0.000148644830915, 8.39962012833e-05, 5.66325070395e-05, 6.05022723903e-05, 6.65202460368e-05, 4.68108664791e-05, 4.51513224107e-05, 3.47922941728e-05, 2.85437890852e-05, 2.30823879974e-05, 2.25301737373e-05, 2.17472424993e-05, 1.41619502756e-05, 8.53816527524e-06, 9.64814898907e-06, 9.1992005764e-06, 5.75890089749e-06, 4.28764496974e-06, 4.48481296189e-06, 5.44466183783e-06, 3.36541643264e-06, 4.95243875775e-06, 3.51350672645e-06, 2.44510829361e-06, 1.81422421974e-06, 1.94018616639e-06, 2.01313878279e-06, 1.49269635585e-06, 1.57065414896e-06, 1.49582581344e-06]}, "spectral_entropy": {"min": 4.17412614822, "max": 9.82855224609, "dvar2": 0.0392125099897, "median": 7.90587711334, "dmean2": 0.190019831061, "dmean": 0.125399172306, "var": 0.323989570141, "dvar": 0.0184639226645, "mean": 7.83134794235}, "spectral_rolloff": {"min": 21.533203125, "max": 19379.8828125, "dvar2": 3200582.5, "median": 1335.05859375, "dmean2": 1160.22021484, "dmean": 704.072570801, "var": 6205792, "dvar": 1493154.375, "mean": 2170.30029297}, "barkbands": {"min": [9.76484963425e-25, 4.06117269149e-24, 1.83080061618e-24, 8.7222752847e-25, 1.23162888869e-23, 1.21333015558e-23, 1.05836198063e-23, 1.13269019061e-23, 1.89461764903e-23, 1.58537612781e-23, 1.48223209113e-23, 2.76699147176e-23, 3.89392281999e-23, 4.03714588158e-23, 5.92736200231e-23, 5.65871258114e-23, 5.02776332757e-23, 9.60743599049e-23, 1.14398576369e-22, 1.73864804671e-22, 2.95428181813e-22, 3.47535587425e-22, 4.62874094718e-22, 6.40240116523e-22, 9.61434186818e-22, 1.27139336321e-21, 1.89415817858e-21], "max": [0.0132537363097, 0.0895977094769, 0.0538350716233, 0.0157041046768, 0.0722827613354, 0.0635044649243, 0.0984695926309, 0.103707186878, 0.0976324677467, 0.0406037606299, 0.0204713717103, 0.0359694734216, 0.033796325326, 0.0327250957489, 0.031138824299, 0.0134422816336, 0.0200781282037, 0.00822134688497, 0.0109767466784, 0.0114277573302, 0.0055363685824, 0.00423025572672, 0.00196728250012, 0.00190484733321, 0.00345454202034, 0.00234875339083, 0.000653426512145], "dvar2": [3.7376975115e-07, 0.000220664107474, 5.45985494682e-05, 1.65507219663e-06, 0.000107909421786, 1.27844450617e-05, 4.6486698011e-06, 2.42134829023e-05, 1.47500377352e-05, 5.02235025124e-06, 8.48003423926e-07, 1.90811556422e-06, 1.69361067037e-06, 1.7368756744e-06, 8.85323515831e-07, 4.26504499274e-07, 7.17191539934e-07, 1.47283230945e-07, 1.46625851016e-07, 6.75710296605e-08, 6.12546600109e-08, 9.25709642274e-08, 5.91137379047e-08, 8.08100466543e-08, 3.47219952346e-07, 1.46567259662e-07, 8.68090932471e-09], "median": [0.000160689247423, 0.00124647351913, 0.000624561740551, 0.000278759427601, 0.00124971056357, 0.000787184864748, 0.000405455735745, 0.000376469135517, 0.000269604264759, 0.000239923610934, 0.000131676235469, 0.000137903058203, 0.000144065721543, 0.000114333648526, 0.000108450665721, 0.000107766725705, 0.00013335145195, 6.3882143877e-05, 9.49648383539e-05, 5.22988411831e-05, 0.000121521246911, 0.000124286321807, 5.78301405767e-05, 7.56270383135e-05, 7.14093257557e-05, 5.27978845639e-05, 1.55982852448e-05], "dmean2": [0.000317182828439, 0.00580149888992, 0.00305532175116, 0.000573756231461, 0.00366170494817, 0.0016430929536, 0.00082946405746, 0.00183954858221, 0.0012092969846, 0.000834067235701, 0.00034261358087, 0.000516671570949, 0.000498922017869, 0.000464469077997, 0.000353367009666, 0.000283644971205, 0.000385226565413, 0.000162522788742, 0.000194523512619, 0.000122101366287, 0.000159153336426, 0.000149565690663, 0.000115002803796, 0.000115818322229, 0.000192945051822, 0.000135848924401, 3.21981096931e-05], "dmean": [0.000296500162221, 0.00348130916245, 0.00177141139284, 0.000345741369529, 0.00212330464274, 0.000974361144472, 0.000535707571544, 0.00120037945453, 0.000742095522583, 0.000526477466337, 0.000218936038436, 0.000321729952702, 0.000309106544591, 0.000296046491712, 0.000226729127462, 0.000175137276528, 0.000237012645812, 0.000103744016087, 0.000123138772324, 7.92038117652e-05, 9.85112637863e-05, 0.000100795208709, 7.54101783969e-05, 8.08448967291e-05, 0.000129938780447, 9.14203483262e-05, 2.22070029849e-05], "var": [9.88160081761e-07, 9.64244245552e-05, 1.65993278642e-05, 8.24076494155e-07, 3.27557827404e-05, 5.58593956157e-06, 4.3241466301e-06, 2.09751906368e-05, 1.14504809972e-05, 5.31341947863e-06, 8.71374481903e-07, 1.98961765818e-06, 1.62049832397e-06, 1.71459964804e-06, 9.80751110546e-07, 3.60111414466e-07, 6.54203802242e-07, 1.34745093305e-07, 2.04266854098e-07, 7.95307073531e-08, 4.68636720541e-08, 8.0034752159e-08, 3.68077834878e-08, 4.68746321758e-08, 1.55325267315e-07, 6.95798192396e-08, 4.58110083201e-09], "dvar": [2.94470311246e-07, 9.07091452973e-05, 1.95443244593e-05, 6.1260845996e-07, 3.83269034501e-05, 4.58939439341e-06, 1.92792253983e-06, 1.07690812001e-05, 6.07334823144e-06, 2.15705540541e-06, 3.7183343693e-07, 8.05092156497e-07, 6.87095507601e-07, 7.60237071518e-07, 3.96822031234e-07, 1.70812782585e-07, 2.82324180034e-07, 6.22068299094e-08, 6.60168879563e-08, 3.34880780883e-08, 2.86640879921e-08, 4.54328876742e-08, 2.73562346109e-08, 3.68213441959e-08, 1.49454479015e-07, 6.49147722243e-08, 4.07181799389e-09], "mean": [0.000562621396966, 0.00428410572931, 0.00197884440422, 0.000525127048604, 0.00292988982983, 0.00156816665549, 0.00101571285632, 0.00189586146735, 0.00114691106137, 0.000948667293414, 0.000388089480111, 0.000558471539989, 0.000518016284332, 0.000469178106869, 0.000384952669265, 0.000306533824187, 0.000401239696657, 0.000181235765922, 0.000249774137046, 0.000142996999784, 0.000182054573088, 0.000210493075429, 0.00012646416144, 0.000142590055475, 0.000190227496205, 0.000130920365336, 3.37918754667e-05]}, "melbands_flatness_db": {"min": 0.00450435234234, "max": 0.669587552547, "dvar2": 0.00188105786219, "median": 0.153857707977, "dmean2": 0.0371717214584, "dmean": 0.0234558042139, "var": 0.00688432529569, "dvar": 0.000824861403089, "mean": 0.168981865048}, "melbands_skewness": {"min": -1.23900175095, "max": 19.2006568909, "dvar2": 2.821362257, "median": 2.38177680969, "dmean2": 1.16841256618, "dmean": 0.737801790237, "var": 3.79128718376, "dvar": 1.26220703125, "mean": 2.81374979019}, "barkbands_skewness": {"min": -3.05274415016, "max": 10.2664117813, "dvar2": 0.815007269382, "median": 1.28379535675, "dmean2": 0.742163836956, "dmean": 0.468621134758, "var": 1.32415509224, "dvar": 0.350840508938, "mean": 1.40846979618}, "silence_rate_60dB": {"min": 0, "max": 1, "dvar2": 0.0628463700414, "median": 0, "dmean2": 0.0610869191587, "dmean": 0.0305416360497, "var": 0.116803206503, "dvar": 0.0296109151095, "mean": 0.135043248534}, "spectral_energyband_low": {"min": 1.742000674e-23, "max": 0.122885681689, "dvar2": 0.000378355936846, "median": 0.00253856368363, "dmean2": 0.00821296684444, "dmean": 0.0049381875433, "var": 0.000169962775544, "dvar": 0.000152436128701, "mean": 0.00671398127452}, "spectral_energyband_middle_low": {"min": 1.97295765848e-22, "max": 0.122781686485, "dvar2": 0.00027658167528, "median": 0.00592908961698, "dmean2": 0.00734386406839, "dmean": 0.00452920887619, "var": 0.000147300044773, "dvar": 0.000103853803012, "mean": 0.0095437662676}, "melbands_kurtosis": {"min": -1.79946780205, "max": 505.65838623, "dvar2": 1123.39453125, "median": 7.92429828644, "dmean2": 13.280046463, "dmean": 8.05062484741, "var": 704.558349609, "dvar": 456.810516357, "mean": 15.889166832}, "spectral_decrease": {"min": -4.04141502486e-08, "max": 1.30937043571e-28, "dvar2": 4.32169444579e-17, "median": -3.35548322461e-09, "dmean2": 3.7487479787e-09, "dmean": 2.35847141816e-09, "var": 3.06804862616e-17, "dvar": 1.79861656085e-17, "mean": -5.20220222455e-09}, "erbbands_kurtosis": {"min": -1.82357728481, "max": 35.7861099243, "dvar2": 2.29751777649, "median": -0.214258909225, "dmean2": 1.10205125809, "dmean": 0.707777798176, "var": 4.89341545105, "dvar": 1.03208851814, "mean": 0.35368847847}, "melbands_crest": {"min": 1.68952155113, "max": 34.6847343445, "dvar2": 23.7936935425, "median": 12.4470930099, "dmean2": 5.14866733551, "dmean": 3.14841008186, "var": 29.4079647064, "dvar": 9.70577144623, "mean": 13.4270296097}, "gfcc": {"cov": [[11789.6669922, -92.6691360474, -1528.70507812, 176.104888916, 330.473510742, 631.607116699, -96.6483154297, 429.9793396, 63.4729118347, 264.184020996, -121.093254089, -43.1816444397, -185.33039856], [-92.6691360474, 1745.91882324, 56.4268379211, -184.172668457, 260.383666992, -78.9399032593, 14.1054401398, -91.9513931274, 26.8222141266, -155.571487427, -36.4700050354, -136.088119507, -40.2661933899], [-1528.70507812, 56.4268379211, 914.525085449, 195.445114136, -42.3135452271, -30.3665103912, 3.75525999069, -69.0434570312, -42.7304725647, -29.5246238708, 5.73475646973, 5.17917346954, -1.77312195301], [176.104888916, -184.172668457, 195.445114136, 321.387756348, 115.506713867, 103.748428345, 56.8649711609, 52.6248588562, 14.1797075272, 36.9661026001, -1.98814678192, 3.742218256, -23.7119617462], [330.473510742, 260.383666992, -42.3135452271, 115.506713867, 272.824920654, 137.617858887, 63.5739250183, 55.1507225037, 42.4990119934, 5.61730337143, -8.1074256897, -20.1203269958, -24.2585411072], [631.607116699, -78.9399032593, -30.3665103912, 103.748428345, 137.617858887, 227.765182495, 104.76448822, 85.1252059937, 27.0777263641, 50.9999465942, 8.09143066406, 11.4948406219, -19.4321746826], [-96.6483154297, 14.1054401398, 3.75525999069, 56.8649711609, 63.5739250183, 104.76448822, 151.940490723, 88.4167251587, 36.9694480896, 12.4089756012, 12.3252840042, 1.97030210495, -7.97842550278], [429.9793396, -91.9513931274, -69.0434570312, 52.6248588562, 55.1507225037, 85.1252059937, 88.4167251587, 160.110534668, 88.6414871216, 40.8564147949, -6.20400953293, -2.21683120728, -16.0920333862], [63.4729118347, 26.8222141266, -42.7304725647, 14.1797075272, 42.4990119934, 27.0777263641, 36.9694480896, 88.6414871216, 112.681060791, 53.9238700867, 0.124948486686, -18.4228916168, -11.1980524063], [264.184020996, -155.571487427, -29.5246238708, 36.9661026001, 5.61730337143, 50.9999465942, 12.4089756012, 40.8564147949, 53.9238700867, 100.926856995, 34.3773498535, 6.95726251602, -15.3937005997], [-121.093254089, -36.4700050354, 5.73475646973, -1.98814678192, -8.1074256897, 8.09143066406, 12.3252840042, -6.20400953293, 0.124948486686, 34.3773498535, 65.9484405518, 30.4622631073, -1.21989071369], [-43.1816444397, -136.088119507, 5.17917346954, 3.742218256, -20.1203269958, 11.4948406219, 1.97030210495, -2.21683120728, -18.4228916168, 6.95726251602, 30.4622631073, 83.2151184082, 45.6285667419], [-185.33039856, -40.2661933899, -1.77312195301, -23.7119617462, -24.2585411072, -19.4321746826, -7.97842550278, -16.0920333862, -11.1980524063, -15.3937005997, -1.21989071369, 45.6285667419, 73.8004608154]], "icov": [[0.000298772240058, -0.00044302380411, 0.000549936259631, -0.000569811556488, 0.000732306798454, -0.00109127408359, 0.00150594091974, -0.00160894182045, 0.00146443385165, -0.0010856037261, 0.000782653223723, -0.000396596762585, 0.000357957818778], [-0.00044302380411, 0.00213152822107, -0.00117720745038, 0.00219217548147, -0.00327165424824, 0.00227883132175, -0.00291115464643, 0.00372261181474, -0.00371452164836, 0.00369311287068, -0.0022040468175, 0.0022164483089, -0.000451969273854], [0.000549936259631, -0.00117720745038, 0.0026429600548, -0.00283871195279, 0.00275385915302, -0.00229793181643, 0.00256875343621, -0.00188386777882, 0.00196705712005, -0.00123896694276, 0.00120190239977, -0.00116418208927, 0.000836909573991], [-0.000569811556488, 0.00219217548147, -0.00283871195279, 0.00802113022655, -0.00608349731192, 0.00324703054503, -0.00429205875844, 0.0022793111857, -0.000886511639692, -0.000190970531548, 0.00026822448126, 0.000795075728092, 0.000500912603457], [0.000732306798454, -0.00327165424824, 0.00275385915302, -0.00608349731192, 0.0129506392404, -0.00938923750073, 0.00603632442653, -0.00336361210793, -0.000431047170423, 0.000988920335658, 0.000698531512171, -0.00169170752633, 0.00106767355464], [-0.00109127408359, 0.00227883132175, -0.00229793181643, 0.00324703054503, -0.00938923750073, 0.017489284277, -0.0122923180461, 0.00331661920063, 0.0018801074475, -0.00523502472788, 0.00223598442972, -0.0013816729188, 0.000488540914375], [0.00150594091974, -0.00291115464643, 0.00256875343621, -0.00429205875844, 0.00603632442653, -0.0122923180461, 0.0228433012962, -0.0153602976352, 0.00642269523814, 0.000763012852985, -0.00389721244574, 0.00173739064485, -0.00126101286151], [-0.00160894182045, 0.00372261181474, -0.00188386777882, 0.0022793111857, -0.00336361210793, 0.00331661920063, -0.0153602976352, 0.0302811395377, -0.0244744196534, 0.0104602333158, 0.000545849557966, -0.00355309783481, 0.00406159553677], [0.00146443385165, -0.00371452164836, 0.00196705712005, -0.000886511639692, -0.000431047170423, 0.0018801074475, 0.00642269523814, -0.0244744196534, 0.0385510474443, -0.0245625413954, 0.00768294464797, 0.00350922066718, -0.00419212738052], [-0.0010856037261, 0.00369311287068, -0.00123896694276, -0.000190970531548, 0.000988920335658, -0.00523502472788, 0.000763012852985, 0.0104602333158, -0.0245625413954, 0.0358546823263, -0.0190874543041, 0.00480197044089, 0.000974993803538], [0.000782653223723, -0.0022040468175, 0.00120190239977, 0.00026822448126, 0.000698531512171, 0.00223598442972, -0.00389721244574, 0.000545849557966, 0.00768294464797, -0.0190874543041, 0.0345289818943, -0.0184495355934, 0.0105559322983], [-0.000396596762585, 0.0022164483089, -0.00116418208927, 0.000795075728092, -0.00169170752633, -0.0013816729188, 0.00173739064485, -0.00355309783481, 0.00350922066718, 0.00480197044089, -0.0184495355934, 0.0335230715573, -0.0205631069839], [0.000357957818778, -0.000451969273854, 0.000836909573991, 0.000500912603457, 0.00106767355464, 0.000488540914375, -0.00126101286151, 0.00406159553677, -0.00419212738052, 0.000974993803538, 0.0105559322983, -0.0205631069839, 0.0280676074326]], "mean": [3.77272868156, 45.7470207214, -86.5498733521, 17.4706306458, -60.0108642578, 6.99216556549, -35.0452461243, 5.5646853447, -22.0461006165, 7.38927078247, -17.7678833008, 5.39976263046, -10.6054315567]}, "melbands_spread": {"min": 0.564161598682, "max": 241.638671875, "dvar2": 295.207275391, "median": 23.6366977692, "dmean2": 12.2949352264, "dmean": 7.80769872665, "var": 745.508789062, "dvar": 152.662094116, "mean": 29.6661720276}, "spectral_energy": {"min": 9.76644636761e-21, "max": 0.160929486156, "dvar2": 0.000673257163726, "median": 0.013886956498, "dmean2": 0.0147998733446, "dmean": 0.0094606699422, "var": 0.000509553530719, "dvar": 0.000285261281533, "mean": 0.0214730389416}, "mfcc": {"cov": [[8260.83691406, 759.46875, -1372.88024902, -340.16104126, 336.701721191, 128.675994873, 104.038352966, 159.03855896, 178.026550293, 305.99307251, 131.291397095, 53.6824913025, 140.612808228], [759.46875, 1184.92932129, -104.935844421, -25.2886810303, 95.7541732788, 17.5845775604, -1.49735176563, -5.19153738022, 9.1651506424, 15.0906686783, -50.5890960693, -66.0600891113, 19.7682094574], [-1372.88024902, -104.935844421, 800.651000977, 205.238555908, -9.2255191803, 13.8697166443, 5.59939289093, -30.9628067017, -50.4779891968, -71.5900497437, -16.610206604, 10.7597846985, -67.0466766357], [-340.16104126, -25.2886810303, 205.238555908, 221.413543701, 83.2271347046, 34.1819190979, 26.9309654236, 21.822101593, 12.2825717926, 3.31061458588, 4.50019216537, 10.0910997391, -4.6023273468], [336.701721191, 95.7541732788, -9.2255191803, 83.2271347046, 183.039367676, 89.6146087646, 35.9262619019, 34.692440033, 39.0384597778, 30.9081516266, 7.75990629196, 19.5071201324, 23.7210979462], [128.675994873, 17.5845775604, 13.8697166443, 34.1819190979, 89.6146087646, 149.067581177, 87.3595428467, 36.098033905, 22.0040359497, 12.9384660721, 18.5787410736, 20.3909187317, 19.0069274902], [104.038352966, -1.49735176563, 5.59939289093, 26.9309654236, 35.9262619019, 87.3595428467, 129.725830078, 76.259552002, 22.340927124, 19.3701343536, 20.4773731232, 15.163731575, 17.1767349243], [159.03855896, -5.19153738022, -30.9628067017, 21.822101593, 34.692440033, 36.098033905, 76.259552002, 123.666778564, 74.3160171509, 35.3735198975, 17.6151733398, 17.4844303131, 25.4125099182], [178.026550293, 9.1651506424, -50.4779891968, 12.2825717926, 39.0384597778, 22.0040359497, 22.340927124, 74.3160171509, 113.965019226, 66.6598358154, 24.0104427338, 15.2688903809, 15.7014245987], [305.99307251, 15.0906686783, -71.5900497437, 3.31061458588, 30.9081516266, 12.9384660721, 19.3701343536, 35.3735198975, 66.6598358154, 122.41595459, 66.3362426758, 17.1106739044, 12.8365020752], [131.291397095, -50.5890960693, -16.610206604, 4.50019216537, 7.75990629196, 18.5787410736, 20.4773731232, 17.6151733398, 24.0104427338, 66.3362426758, 96.4675674438, 54.1762275696, 9.22640419006], [53.6824913025, -66.0600891113, 10.7597846985, 10.0910997391, 19.5071201324, 20.3909187317, 15.163731575, 17.4844303131, 15.2688903809, 17.1106739044, 54.1762275696, 95.2654953003, 43.0508537292], [140.612808228, 19.7682094574, -67.0466766357, -4.6023273468, 23.7210979462, 19.0069274902, 17.1767349243, 25.4125099182, 15.7014245987, 12.8365020752, 9.22640419006, 43.0508537292, 81.5574035645]], "icov": [[0.000209707082831, -8.26768373372e-05, 0.000281882152194, 0.000225932875765, -0.000418976735091, 7.79158217483e-05, -7.17430593795e-05, -0.000145901925862, 0.000202198934858, -0.000327593472321, 4.17487572122e-05, -0.000203856921871, 0.000182754840353], [-8.26768373372e-05, 0.00101819552947, -0.000159550225362, 0.000284105393803, -0.000700411619619, 0.000326953595504, -0.000241031782934, 0.000376297306502, -0.000150270730956, 2.69999582088e-05, 5.29202043253e-05, 0.00109731080011, -0.000718882190995], [0.000281882152194, -0.000159550225362, 0.00250236457214, -0.00196131202392, 0.000648182001896, -0.000643705367111, 9.41353791859e-05, -0.000155833346071, 0.000660159275867, -3.87913132727e-05, 0.000883289903868, -0.00196998170577, 0.00230832723901], [0.000225932875765, 0.000284105393803, -0.00196131202392, 0.00851923692971, -0.00524034304544, 0.00225716060959, -0.00166123127565, -0.000197251079953, -0.000222329166718, 7.2771217674e-05, -0.00116316636559, 0.00127563253045, -0.000690957880579], [-0.000418976735091, -0.000700411619619, 0.000648182001896, -0.00524034304544, 0.0132298041135, -0.00866116024554, 0.00490865856409, -0.00230601243675, 0.000496417109389, -0.00308675621636, 0.00428635580465, -0.00320707540959, 0.000582802284043], [7.79158217483e-05, 0.000326953595504, -0.000643705367111, 0.00225716060959, -0.00866116024554, 0.0188933331519, -0.0145586114377, 0.00803428608924, -0.00566768227145, 0.00493003567681, -0.0044465768151, 0.00216131121852, -0.00225923582911], [-7.17430593795e-05, -0.000241031782934, 9.41353791859e-05, -0.00166123127565, 0.00490865856409, -0.0145586114377, 0.0256667658687, -0.0178562421352, 0.0105157950893, -0.00469926744699, 0.00120486924425, -0.000758286449127, 0.00126821815502], [-0.000145901925862, 0.000376297306502, -0.000155833346071, -0.000197251079953, -0.00230601243675, 0.00803428608924, -0.0178562421352, 0.0275096073747, -0.0178174749017, 0.00634128507227, -0.00307211885229, 0.00242007686757, -0.00448939064518], [0.000202198934858, -0.000150270730956, 0.000660159275867, -0.000222329166718, 0.000496417109389, -0.00566768227145, 0.0105157950893, -0.0178174749017, 0.0261466763914, -0.0142480125651, 0.00778174819425, -0.00538096856326, 0.00390030583367], [-0.000327593472321, 2.69999582088e-05, -3.87913132727e-05, 7.2771217674e-05, -0.00308675621636, 0.00493003567681, -0.00469926744699, 0.00634128507227, -0.0142480125651, 0.0260254554451, -0.0204993747175, 0.0111770294607, -0.00564088765532], [4.17487572122e-05, 5.29202043253e-05, 0.000883289903868, -0.00116316636559, 0.00428635580465, -0.0044465768151, 0.00120486924425, -0.00307211885229, 0.00778174819425, -0.0204993747175, 0.0345020182431, -0.0212797038257, 0.0101266186684], [-0.000203856921871, 0.00109731080011, -0.00196998170577, 0.00127563253045, -0.00320707540959, 0.00216131121852, -0.000758286449127, 0.00242007686757, -0.00538096856326, 0.0111770294607, -0.0212797038257, 0.0292353667319, -0.0153753561899], [0.000182754840353, -0.000718882190995, 0.00230832723901, -0.000690957880579, 0.000582802284043, -0.00225923582911, 0.00126821815502, -0.00448939064518, 0.00390030583367, -0.00564088765532, 0.0101266186684, -0.0153753561899, 0.0225752294064]], "mean": [-650.873840332, 92.8508987427, 18.8539619446, 16.9571933746, -1.76094174385, 4.55921363831, -4.90118741989, -0.973575532436, 0.962429821491, -2.88240766525, 2.16309285164, 1.74225866795, -2.62758302689]}, "spectral_contrast_valleys": {"min": [-27.6087608337, -27.653219223, -27.739484787, -27.6537685394, -27.4828262329, -27.4142913818], "max": [-5.17836236954, -4.35571908951, -5.12804603577, -5.09835863113, -5.38855934143, -7.6634554863], "dvar2": [0.375703543425, 0.349009305239, 0.267710357904, 0.302081495523, 0.241435155272, 0.20430457592], "median": [-7.24927568436, -6.77779436111, -7.47447395325, -7.75960826874, -7.64244365692, -9.60806465149], "dmean2": [0.656004846096, 0.618565022945, 0.547370374203, 0.508822321892, 0.385553359985, 0.342295140028], "dmean": [0.427707284689, 0.386088460684, 0.349417865276, 0.33417698741, 0.268465876579, 0.24686345458], "var": [2.45170760155, 1.90679013729, 2.06329798698, 2.25875735283, 1.98355650902, 1.64654898643], "dvar": [0.206110715866, 0.162266150117, 0.128366783261, 0.14966788888, 0.126206293702, 0.132075563073], "mean": [-7.71231460571, -6.98934984207, -7.74367427826, -8.05833339691, -7.82682657242, -9.71401023865]}, "barkbands_flatness_db": {"min": 0.0136981867254, "max": 0.531308412552, "dvar2": 0.00116143701598, "median": 0.0820906981826, "dmean2": 0.0291078630835, "dmean": 0.0181553382427, "var": 0.00440761912614, "dvar": 0.000453100161394, "mean": 0.0971836522222}, "dynamic_complexity": 4.0189332962, "erbbands_flatness_db": {"min": 0.0410681404173, "max": 0.477980941534, "dvar2": 0.000351118273102, "median": 0.1076265499, "dmean2": 0.019033934921, "dmean": 0.0131055507809, "var": 0.00319532630965, "dvar": 0.000183439056855, "mean": 0.117216110229}, "hfc": {"min": 1.01597843314e-16, "max": 185.266723633, "dvar2": 575.743652344, "median": 12.5456085205, "dmean2": 10.878870010