{"lowlevel": {"spectral_complexity": {"min": 0, "max": 63, "dvar2": 38.6775741577, "median": 16, "dmean2": 6.23837375641, "dmean": 4.58655643463, "var": 230.922790527, "dvar": 25.7445774078, "mean": 20.4814777374}, "silence_rate_20dB": {"min": 1, "max": 1, "dvar2": 0, "median": 1, "dmean2": 0, "dmean": 0, "var": 0, "dvar": 0, "mean": 1}, "average_loudness": 0.908459484577, "erbbands_spread": {"min": 1.52319312096, "max": 205.207229614, "dvar2": 542.357543945, "median": 40.3473167419, "dmean2": 19.5163707733, "dmean": 12.597905159, "var": 571.104492188, "dvar": 228.034210205, "mean": 45.0550346375}, "spectral_kurtosis": {"min": -1.31297373772, "max": 65.6009140015, "dvar2": 9.12399196625, "median": 2.34640645981, "dmean2": 1.62347328663, "dmean": 1.04028189182, "var": 7.70006847382, "dvar": 3.64028644562, "mean": 2.77175712585}, "barkbands_kurtosis": {"min": -1.95247673988, "max": 10250.9980469, "dvar2": 12368.4707031, "median": 0.170741319656, "dmean2": 12.9281435013, "dmean": 8.61217689514, "var": 34430.7265625, "dvar": 8724.80761719, "mean": 11.8377790451}, "spectral_strongpeak": {"min": 0, "max": 23.9376926422, "dvar2": 3.17921328545, "median": 0.248894885182, "dmean2": 0.779822647572, "dmean": 0.444696307182, "var": 1.02835249901, "dvar": 1.14208602905, "mean": 0.554745733738}, "spectral_spread": {"min": 784291.875, "max": 20830204, "dvar2": 2030591934460.0, "median": 5359532, "dmean2": 1158683.375, "dmean": 819505, "var": 3453946691580.0, "dvar": 1003569217540.0, "mean": 5742271.5}, "spectral_rms": {"min": 2.09955742321e-05, "max": 0.010313837789, "dvar2": 2.06181357498e-06, "median": 0.00403537135571, "dmean2": 0.00134040089324, "dmean": 0.000895856122952, "var": 3.48314506482e-06, "dvar": 9.56177586886e-07, "mean": 0.00416177744046}, "erbbands": {"min": [2.67316721647e-07, 7.66720518186e-07, 2.22510863068e-07, 1.06574205461e-07, 1.92826846046e-07, 6.34335748373e-08, 2.25781406016e-07, 1.93242598812e-07, 4.19274755359e-07, 4.16975581174e-07, 2.88226715384e-07, 2.50407822477e-07, 5.08730920501e-07, 5.46539695279e-07, 5.54376356376e-07, 5.62015657124e-07, 3.46625711245e-07, 5.63694072753e-07, 7.29749785933e-07, 3.66924808759e-07, 5.97838948124e-07, 6.10029303516e-07, 7.76374690759e-07, 4.8628140803e-07, 6.16632291894e-07, 9.40216466461e-07, 8.90590797553e-07, 1.0573714917e-06, 1.18051923437e-06, 1.19928233744e-06, 1.39223459428e-06, 1.43944225783e-06, 1.31863441766e-06, 8.2144811131e-07, 7.16497140729e-07, 3.97624546622e-07, 1.73996085095e-07, 8.81738131397e-08, 3.91269097122e-08, 5.71181280051e-09], "max": [2.05526566505, 17.163433075, 51.223285675, 110.260749817, 186.320648193, 274.255645752, 76.2458648682, 143.925582886, 144.226165771, 360.778686523, 594.192749023, 665.39074707, 564.703796387, 883.588134766, 875.676574707, 650.277893066, 881.025390625, 760.796203613, 1077.99023438, 969.659545898, 567.797607422, 311.21697998, 412.158691406, 794.894287109, 1657.76184082, 1054.80163574, 586.355041504, 426.179382324, 424.903839111, 322.497283936, 262.534332275, 279.062011719, 179.051712036, 87.7561035156, 150.174453735, 14.8378677368, 3.98504495621, 0.926812112331, 0.150880888104, 0.0087872678414], "dvar2": [0.103332176805, 8.93937206268, 50.6579399109, 177.842880249, 605.79473877, 1490.89538574, 181.081619263, 251.636642456, 287.305419922, 1031.48156738, 1766.39074707, 3195.09301758, 1566.49206543, 2795.36279297, 3049.14819336, 2899.70947266, 5757.31396484, 2970.2902832, 4747.35498047, 2294.28320312, 2015.17150879, 985.235778809, 717.260131836, 642.980957031, 1568.53027344, 1913.76086426, 623.08984375, 1124.83837891, 611.346008301, 558.532043457, 467.403381348, 306.441802979, 118.701332092, 36.5498085022, 84.582572937, 1.11565959454, 0.179129451513, 0.0226681437343, 0.000731077743694, 2.22788025894e-06], "median": [0.0631160363555, 0.616179347038, 1.2944188118, 1.29174923897, 1.55381774902, 1.7264598608, 1.42236280441, 1.65829229355, 2.09503245354, 3.22976255417, 4.3637213707, 4.24601793289, 5.69424676895, 5.46811771393, 6.95048379898, 8.03106403351, 9.19877433777, 9.62836456299, 10.4764633179, 8.29209423065, 7.49660396576, 8.44033622742, 7.51960229874, 6.98555278778, 8.40769767761, 10.0401411057, 7.67498874664, 8.78196525574, 7.67797040939, 5.69833183289, 4.57722377777, 2.92783546448, 1.84549677372, 0.806104958057, 0.443808376789, 0.129045143723, 0.0248661190271, 0.003136692103, 0.000286225404125, 4.12941735703e-05], "dmean2": [0.194389373064, 1.74633705616, 4.13344192505, 5.70973062515, 8.45335292816, 12.6655902863, 5.86843729019, 7.31163358688, 8.06567955017, 13.3901853561, 19.6285171509, 23.6492862701, 18.8374099731, 22.3928337097, 24.5888080597, 27.7724895477, 34.120010376, 28.6174945831, 32.0236549377, 24.126657486, 21.5600032806, 17.8244228363, 15.5335941315, 11.9346885681, 14.7782697678, 20.3353424072, 13.7419500351, 15.5323848724, 12.9707899094, 10.2243070602, 10.1031608582, 7.21344709396, 4.47045898438, 2.33573007584, 2.5733602047, 0.536610245705, 0.212416410446, 0.0699180439115, 0.0113676814362, 0.000617240555584], "dmean": [0.119242809713, 1.02300417423, 2.38010835648, 3.23394584656, 4.69753265381, 7.04588603973, 3.38035130501, 4.27287197113, 4.95348167419, 8.03598690033, 11.9904632568, 14.4323787689, 11.694861412, 13.4755582809, 15.1995105743, 17.545627594, 21.8376655579, 18.060213089, 20.0463371277, 15.5059309006, 14.0081186295, 11.5851449966, 10.1987991333, 7.77468252182, 9.71757030487, 13.0960569382, 8.93895149231, 10.3120069504, 8.70272827148, 6.98128604889, 6.64713001251, 4.79524087906, 2.98381972313, 1.56133639812, 1.71220672131, 0.35725954175, 0.136912897229, 0.0438456088305, 0.00705373473465, 0.000379686622182], "var": [0.060393255204, 3.1843085289, 18.5467700958, 48.0933876038, 126.174873352, 333.706665039, 52.2691993713, 92.7049560547, 133.267105103, 400.396575928, 932.494873047, 1543.92602539, 962.278137207, 1805.13378906, 2479.4465332, 2624.42089844, 4910.71972656, 2796.64501953, 4025.21899414, 2275.32836914, 1341.57751465, 812.227050781, 736.534606934, 618.572631836, 1066.33361816, 1433.38635254, 744.089538574, 823.615966797, 508.942230225, 430.241027832, 373.562316895, 281.196166992, 84.7482223511, 25.2183799744, 36.8819465637, 0.811944186687, 0.0958326756954, 0.00921124313027, 0.000265755021246, 7.6289285289e-07], "dvar": [0.0402721948922, 3.14073824883, 17.9472637177, 63.2267494202, 210.209381104, 530.266235352, 66.7253875732, 92.5460510254, 117.965507507, 391.58706665, 714.52947998, 1190.33740234, 636.716796875, 1021.7333374, 1156.78625488, 1150.44238281, 2373.35839844, 1186.34411621, 1875.15246582, 932.558349609, 888.390686035, 427.971374512, 311.947113037, 282.542358398, 669.516479492, 762.050598145, 266.388763428, 451.266845703, 264.465606689, 248.528640747, 208.853302002, 138.718643188, 50.9073181152, 15.6097278595, 35.8431549072, 0.49382007122, 0.0756966024637, 0.00939340610057, 0.000300519925077, 8.98050245723e-07], "mean": [0.163827866316, 1.25184941292, 2.90123724937, 3.58359098434, 4.26236438751, 5.85479688644, 3.49705791473, 4.87661743164, 5.87796401978, 9.75635051727, 15.6258001328, 19.1571788788, 17.0308113098, 20.5180549622, 25.5401325226, 29.5880260468, 36.0550117493, 30.8599033356, 33.437915802, 28.0086021423, 21.6553649902, 19.4361991882, 18.2230606079, 15.6045341492, 18.9859485626, 24.2853870392, 18.807302475, 19.6897888184, 16.0777378082, 12.1694068909, 10.9485044479, 8.10976696014, 4.95193052292, 2.45064091682, 2.15811944008, 0.493597924709, 0.152372807264, 0.0402198545635, 0.00591259170324, 0.000330597598804]}, "zerocrossingrate": {"min": 0, "max": 0.455078125, "dvar2": 0.000644308514893, "median": 0.09130859375, "dmean2": 0.0239814799279, "dmean": 0.0208617057651, "var": 0.00361489038914, "dvar": 0.000545472605154, "mean": 0.0992297455668}, "spectral_contrast_coeffs": {"min": [-0.911382675171, -0.947519898415, -0.950669944286, -0.948001384735, -0.930966556072, -0.922085106373], "max": [-0.301887124777, -0.319002896547, -0.492930650711, -0.468805879354, -0.543478190899, -0.583556354046], "dvar2": [0.00957252085209, 0.00454490818083, 0.00277897506021, 0.00201190356165, 0.00117489462718, 0.000832429272123], "median": [-0.691019415855, -0.777779757977, -0.809673190117, -0.800290167332, -0.802188813686, -0.756659388542], "dmean2": [0.105062223971, 0.0860926285386, 0.0658990964293, 0.0547972507775, 0.0403471402824, 0.0324173718691], "dmean": [0.0631843060255, 0.0531458780169, 0.0407406687737, 0.0344512537122, 0.0259654782712, 0.0216850414872], "var": [0.00668470282108, 0.0059184837155, 0.00375135894865, 0.00283047324046, 0.00223819445819, 0.00227863714099], "dvar": [0.0036067282781, 0.00188398489263, 0.00113629014231, 0.000888757873327, 0.000562984147109, 0.0004041698121], "mean": [-0.680743098259, -0.767282605171, -0.800726771355, -0.793683469296, -0.795731842518, -0.758040130138]}, "dissonance": {"min": 0.161947831511, "max": 0.500000119209, "dvar2": 0.000759795366321, "median": 0.48627614975, "dmean2": 0.0230946466327, "dmean": 0.013846593909, "var": 0.000662562029902, "dvar": 0.000302595668472, "mean": 0.478074640036}, "spectral_energyband_high": {"min": 1.5151133681e-09, "max": 0.0258314311504, "dvar2": 6.22016978014e-06, "median": 0.00128415576182, "dmean2": 0.00153955270071, "dmean": 0.00108072918374, "var": 7.76598881203e-06, "dvar": 3.04321179101e-06, "mean": 0.00228035938926}, "spectral_skewness": {"min": -0.442337810993, "max": 5.96129417419, "dvar2": 0.125625476241, "median": 1.21496617794, "dmean2": 0.310008227825, "dmean": 0.210885748267, "var": 0.238921135664, "dvar": 0.0610633119941, "mean": 1.23109829426}, "spectral_flux": {"min": 0.000275717815384, "max": 0.355000436306, "dvar2": 0.00171227566898, "median": 0.0824354067445, "dmean2": 0.0392316170037, "dmean": 0.0253741722554, "var": 0.00229014130309, "dvar": 0.000865890353452, "mean": 0.0897659137845}, "silence_rate_30dB": {"min": 1, "max": 1, "dvar2": 0, "median": 1, "dmean2": 0, "dmean": 0, "var": 0, "dvar": 0, "mean": 1}, "spectral_energyband_middle_high": {"min": 1.29022389994e-10, "max": 0.0482724122703, "dvar2": 1.66662430274e-05, "median": 0.00271390285343, "dmean2": 0.00274986261502, "dmean": 0.00192514888477, "var": 4.65108532808e-05, "dvar": 8.28127303976e-06, "mean": 0.00542913889512}, "barkbands_spread": {"min": 0.0539029799402, "max": 127.073722839, "dvar2": 415.861907959, "median": 33.1653289795, "dmean2": 17.9226589203, "dmean": 11.3361120224, "var": 430.520507812, "dvar": 175.850662231, "mean": 35.0619659424}, "spectral_centroid": {"min": 82.3124847412, "max": 7793.046875, "dvar2": 550039.3125, "median": 2020.7364502, "dmean2": 638.257019043, "dmean": 424.8699646, "var": 960429.4375, "dvar": 270447.25, "mean": 2016.27172852}, "pitch_salience": {"min": 0.00213971687481, "max": 0.94283002615, "dvar2": 0.0168411694467, "median": 0.592719554901, "dmean2": 0.147752255201, "dmean": 0.0897111222148, "var": 0.018858877942, "dvar": 0.00642770016566, "mean": 0.576121628284}, "erbbands_skewness": {"min": -8.17042922974, "max": 10.8033227921, "dvar2": 0.724630892277, "median": 0.0319870188832, "dmean2": 0.726852536201, "dmean": 0.481065392494, "var": 1.128444314, "dvar": 0.352912187576, "mean": -0.0569589100778}, "erbbands_crest": {"min": 2.00875759125, "max": 27.4688415527, "dvar2": 14.6662015915, "median": 6.80395698547, "dmean2": 4.10566186905, "dmean": 2.50380778313, "var": 13.4052095413, "dvar": 5.81356716156, "mean": 7.68772411346}, "melbands": {"min": [3.1510409837e-09, 2.21735893535e-11, 9.72740898247e-12, 5.5857766329e-12, 5.37216842192e-12, 4.77427255716e-12, 5.21091373176e-12, 4.19907381435e-12, 1.97116650259e-12, 1.60384596229e-12, 2.41224314829e-12, 2.09703413488e-12, 1.77576952708e-12, 1.71032242188e-12, 1.11533818205e-12, 4.98763085954e-13, 1.15352204785e-12, 1.30340649298e-12, 5.99432938182e-13, 3.58991211324e-13, 8.84858755278e-13, 6.86641553078e-13, 7.16553281554e-13, 5.44396721713e-13, 3.7603462553e-13, 3.06895676407e-13, 4.41283131997e-13, 5.58997618159e-13, 4.16259420596e-13, 5.19763052043e-13, 5.90501931207e-13, 5.25173817194e-13, 6.35916774967e-13, 6.40316033702e-13, 7.41640093522e-13, 9.58905806321e-13, 8.52970146771e-13, 9.12406760388e-13, 7.70971340155e-13, 6.64915930475e-13], "max": [0.0198138728738, 0.0233167931437, 0.0212276615202, 0.0136249866337, 0.00494470773265, 0.00299178692512, 0.00257332832552, 0.00411232002079, 0.00390350166708, 0.00397895881906, 0.00285131763667, 0.00339582725428, 0.00333131221123, 0.00192247971427, 0.00172664632555, 0.00194784102496, 0.00165799073875, 0.00180693063885, 0.00133420701604, 0.00199767248705, 0.000522430113051, 0.000457828515209, 0.00031046429649, 0.000380636367481, 0.000775821623392, 0.00183902401477, 0.000658738368656, 0.000626096443739, 0.000615053751972, 0.000199329457246, 0.000346969667589, 0.000223722323426, 0.000217017077375, 0.000219080393435, 0.000175846173079, 0.000250621058512, 0.000146958976984, 0.00011467350123, 0.000139317140565, 8.0793928646e-05], "dvar2": [9.34994113777e-06, 1.27416724354e-05, 6.25965458312e-06, 4.96286520502e-06, 5.80240964609e-07, 1.11056472463e-07, 6.74119604582e-08, 1.3253303166e-07, 1.17194844051e-07, 1.20623781186e-07, 4.14708800633e-08, 4.84557070024e-08, 3.72858615094e-08, 2.49441693967e-08, 2.99800966275e-08, 2.78983449675e-08, 1.2346900391e-08, 1.5609540327e-08, 5.79436099102e-09, 6.11070838374e-09, 2.74551492652e-09, 1.69910185921e-09, 7.73874853088e-10, 5.5589782777e-10, 5.27949073348e-10, 1.67750480173e-09, 5.59714496973e-10, 1.0031205866e-09, 4.37670177877e-10, 2.0380037935e-10, 6.47719544666e-10, 2.64768956759e-10, 1.65630356652e-10, 2.26202293008e-10, 1.88177820548e-10, 1.91286264606e-10, 1.22712978667e-10, 6.89346218996e-11, 5.22492327182e-11, 2.2421463991e-11], "median": [0.000708980136551, 0.000821177964099, 0.00024486304028, 0.000125394624774, 5.70596457692e-05, 3.86315041396e-05, 3.20990511682e-05, 3.75946692657e-05, 3.3539832657e-05, 2.48092928814e-05, 2.63670426648e-05, 2.10895432247e-05, 2.15491272684e-05, 1.990022065e-05, 2.13453931792e-05, 1.76247103809e-05, 1.60606650752e-05, 1.63440854521e-05, 1.14588001452e-05, 8.79509843799e-06, 8.13479891804e-06, 8.48349554872e-06, 6.89604439685e-06, 6.03634725849e-06, 5.12745418746e-06, 5.267607321e-06, 6.5677704697e-06, 6.3623965616e-06, 4.43612952949e-06, 4.48373475592e-06, 5.06355900143e-06, 4.27059558206e-06, 3.37299024977e-06, 2.93964376397e-06, 2.64460686594e-06, 1.84428904504e-06, 1.71231249624e-06, 1.388644705e-06, 8.39530628127e-07, 5.09182086716e-07], "dmean2": [0.00185158639215, 0.00213050772436, 0.00102147867437, 0.000781295530032, 0.000279631203739, 0.000157005168148, 0.000122770215967, 0.000154482826474, 0.000166101192008, 0.000146503938595, 9.78103489615e-05, 9.46060026763e-05, 8.4125851572e-05, 7.87314638728e-05, 8.74220568221e-05, 7.36627771403e-05, 5.64004330954e-05, 5.8122433984e-05, 3.89944361814e-05, 3.21488987538e-05, 2.57822939602e-05, 2.16504577111e-05, 1.54297704285e-05, 1.32348568513e-05, 1.04724886114e-05, 1.14764316095e-05, 1.19708129205e-05, 1.47028522406e-05, 9.72766247287e-06, 8.37291099742e-06, 1.05718763734e-05, 8.23387563287e-06, 6.4208556978e-06, 6.1611503952e-06, 6.53169126963e-06, 5.65365735383e-06, 4.48901801064e-06, 3.53689938493e-06, 2.62105345428e-06, 1.77101833287e-06], "dmean": [0.00111016014125, 0.00124228140339, 0.000575092621148, 0.000439527939307, 0.000157925926032, 9.23410771065e-05, 7.5140822446e-05, 9.36618671403e-05, 0.000101257064671, 8.9636152552e-05, 6.05390087003e-05, 5.6715663959e-05, 5.15281608386e-05, 4.90518214065e-05, 5.40936744073e-05, 4.70187369501e-05, 3.48955109075e-05, 3.57646713383e-05, 2.49681925197e-05, 2.04642292374e-05, 1.65331402968e-05, 1.380140111e-05, 9.94735273707e-06, 8.57300892676e-06, 6.64414983476e-06, 7.39660390536e-06, 7.71495160734e-06, 9.34506442718e-06, 6.29073065284e-06, 5.39441953151e-06, 6.87339752403e-06, 5.39055326954e-06, 4.24766949436e-06, 4.13205998484e-06, 4.24607196692e-06, 3.63102617484e-06, 2.93188759315e-06, 2.31524700212e-06, 1.70818782408e-06, 1.16789249205e-06], "var": [4.46078092864e-06, 5.01133490616e-06, 1.61772152296e-06, 1.10448763735e-06, 1.41197929793e-07, 4.25921626857e-08, 3.04875023005e-08, 5.45115987904e-08, 6.50220499665e-08, 5.89860391642e-08, 2.50942182589e-08, 3.00899181127e-08, 2.84513372861e-08, 2.03491037354e-08, 2.27416574461e-08, 2.18393712004e-08, 9.77956560178e-09, 1.13673808144e-08, 6.40693231801e-09, 3.51299878076e-09, 1.71936065385e-09, 1.20508392154e-09, 6.425077137e-10, 5.44396694391e-10, 4.27359453381e-10, 7.58678897483e-10, 4.51079146258e-10, 7.37414851404e-10, 3.89677179413e-10, 2.19694332171e-10, 3.5078506766e-10, 1.86145029946e-10, 1.37283101553e-10, 1.51921072944e-10, 1.30320823577e-10, 1.53810131298e-10, 9.82216391554e-11, 4.60100846311e-11, 3.18172259373e-11, 1.49622068207e-11], "dvar": [3.42444036505e-06, 4.55372946817e-06, 2.2206857011e-06, 1.75607999608e-06, 2.0828549907e-07, 4.12907112946e-08, 2.7259009272e-08, 5.11157871586e-08, 4.68037235635e-08, 4.5461764131e-08, 1.68559353142e-08, 1.77771806165e-08, 1.4107888191e-08, 9.73123182035e-09, 1.1576605452e-08, 1.12802762686e-08, 4.82592366069e-09, 6.00469451939e-09, 2.4048887326e-09, 2.42424058605e-09, 1.18262810656e-09, 7.19290405016e-10, 3.24552329456e-10, 2.34568670043e-10, 2.2458909732e-10, 6.59215515508e-10, 2.30538380053e-10, 4.00064287254e-10, 1.87426407727e-10, 8.40383457268e-11, 2.49898601812e-10, 1.092294033e-10, 7.31261579068e-11, 9.81319678295e-11, 8.13640266273e-11, 8.17848011536e-11, 5.42600235576e-11, 2.91805087038e-11, 2.16310580559e-11, 9.48412442331e-12], "mean": [0.00151520140935, 0.00162592099514, 0.000634795113001, 0.000385568855563, 0.00014971580822, 0.000107826577732, 9.02006649994e-05, 0.000113981877803, 0.000132670509629, 0.000117189134471, 8.43321031425e-05, 8.25599272503e-05, 8.27543990454e-05, 7.81959533924e-05, 8.24431190267e-05, 7.38882372389e-05, 5.47659765289e-05, 5.4481002735e-05, 4.31243570347e-05, 3.14809658448e-05, 2.38255270233e-05, 2.10927282751e-05, 1.67911839526e-05, 1.48810458995e-05, 1.21370012494e-05, 1.33769817694e-05, 1.41509917739e-05, 1.65532819665e-05, 1.17843092085e-05, 1.05772815004e-05, 1.18380621643e-05, 9.36452943279e-06, 7.42892507333e-06, 6.66554342388e-06, 6.53709594189e-06, 5.72264889342e-06, 4.69972837891e-06, 3.65219193554e-06, 2.6854306725e-06, 1.75377817868e-06]}, "spectral_entropy": {"min": 4.5113902092, "max": 9.00665378571, "dvar2": 0.0913678631186, "median": 8.04746246338, "dmean2": 0.256979137659, "dmean": 0.179739922285, "var": 0.177243277431, "dvar": 0.0467397682369, "mean": 7.95202064514}, "spectral_rolloff": {"min": 21.533203125, "max": 14922.5097656, "dvar2": 7087085.5, "median": 2067.1875, "dmean2": 1924.53833008, "dmean": 1161.50683594, "var": 6392104, "dvar": 3085210.5, "mean": 2797.44506836}, "barkbands": {"min": [3.03749070341e-09, 7.03792968348e-10, 8.72371879596e-12, 2.10972506826e-11, 1.76687015713e-11, 2.65621292322e-11, 2.14858998648e-11, 1.09610029386e-11, 1.12066094252e-11, 1.82474972632e-11, 1.04272103105e-11, 1.41343403995e-11, 6.09519162573e-12, 1.3844051773e-11, 8.99245955477e-12, 5.13668968471e-12, 9.44352061827e-12, 1.46074315838e-11, 9.58449031946e-12, 2.12013254175e-11, 2.46952180927e-11, 3.55027743315e-11, 5.04850015959e-11, 8.35363861418e-11, 9.3747842822e-11, 1.02331483565e-10, 3.10635600576e-10], "max": [0.00602264516056, 0.0756341964006, 0.0480019189417, 0.0526385046542, 0.0556213185191, 0.0137084713206, 0.0132990498096, 0.0266479607671, 0.0280527528375, 0.01897810027, 0.0250033717602, 0.0162858776748, 0.0185023024678, 0.0167821180075, 0.0177506580949, 0.018646704033, 0.00730901584029, 0.0082492036745, 0.0311756171286, 0.0213484670967, 0.00668527232483, 0.0100932698697, 0.00970244966447, 0.00830085761845, 0.0100374501199, 0.00231504160911, 0.000808923156001], "dvar2": [4.88713681079e-07, 0.000150397550897, 4.71818711958e-05, 3.30013790517e-05, 8.16075698822e-05, 2.12444683712e-06, 1.92145876099e-06, 3.56279042535e-06, 5.0412136261e-06, 1.99121063815e-06, 2.07812695407e-06, 1.84967768746e-06, 2.86462591248e-06, 1.38623022394e-06, 1.24277528357e-06, 8.84120765932e-07, 4.04093469797e-07, 2.35162673334e-07, 5.84735744269e-07, 6.49099035854e-07, 4.15053222014e-07, 4.31912638987e-07, 6.23532628197e-07, 4.90524485031e-07, 5.06893968577e-07, 4.76717723075e-08, 2.33974883912e-08], "median": [0.000109185872134, 0.00277506140992, 0.000928590307012, 0.000355684256647, 0.000556013721507, 0.000196204171516, 0.000148847844684, 0.00017130037304, 0.000173336360604, 0.000160674157087, 0.000138342002174, 0.000189599057194, 0.000184116361197, 0.0001879898482, 0.000160779891303, 0.000119445110613, 0.000143812649185, 0.00013131693413, 0.000146819336805, 0.000208559256862, 0.000204536365345, 0.000207340955967, 0.000164190278156, 0.000125631311676, 7.53861968406e-05, 1.58761158673e-05, 1.58547823048e-06], "dmean2": [0.000410310400184, 0.00728543940932, 0.00374777847901, 0.00206849118695, 0.00318793207407, 0.000734276603907, 0.000641019840259, 0.000835451064631, 0.000998621224426, 0.000691396184266, 0.000617383630015, 0.000717956398148, 0.000781404960435, 0.000624599924777, 0.000561257824302, 0.00042692781426, 0.000334829586791, 0.000282028922811, 0.000272172415862, 0.000391264213249, 0.000346491695382, 0.000348049681634, 0.000360261037713, 0.000290371273877, 0.000266169052338, 0.000113333015179, 6.60440491629e-05], "dmean": [0.000268071016762, 0.00430453941226, 0.00212214631028, 0.00115180865396, 0.00178960873745, 0.000432141852798, 0.000388996733818, 0.000514295243192, 0.000612513103988, 0.000417247560108, 0.000375908100978, 0.000448822305771, 0.000495244632475, 0.000381952064345, 0.000353982439265, 0.000273205165286, 0.00021399531397, 0.000184064003406, 0.000177398935193, 0.000253878766671, 0.000228539531236, 0.00023382868676, 0.000238894223003, 0.000193972227862, 0.00017935190408, 7.33805281925e-05, 4.10203138017e-05], "var": [3.55716025524e-07, 6.1483704485e-05, 1.54125355039e-05, 7.48064667278e-06, 1.84149594133e-05, 8.42952601943e-07, 8.53914798427e-07, 1.7308140059e-06, 2.69741826742e-06, 1.3004032553e-06, 1.48916490161e-06, 1.57364638653e-06, 2.34570893554e-06, 1.13452722417e-06, 1.30747002913e-06, 5.28468717675e-07, 2.76832338386e-07, 2.475318297e-07, 3.63238854106e-07, 5.64751019283e-07, 4.03367977242e-07, 3.6689223748e-07, 4.94812070428e-07, 4.12534205907e-07, 2.86081956347e-07, 2.8804443275e-08, 8.70854055535e-09], "dvar": [2.32237397313e-07, 5.37402338523e-05, 1.63962686202e-05, 1.15658103823e-05, 2.90094885713e-05, 7.95616074356e-07, 7.65078993936e-07, 1.43671149999e-06, 1.91415097106e-06, 7.88846705291e-07, 7.84021835898e-07, 7.27183874005e-07, 1.16785690807e-06, 5.39454163118e-07, 5.18100421232e-07, 3.72616113964e-07, 1.66299798821e-07, 1.03422657105e-07, 2.42661371885e-07, 2.64967866315e-07, 1.69707945474e-07, 1.90222181118e-07, 2.78099122397e-07, 2.18896190063e-07, 2.22354046286e-07, 2.02432453023e-08, 9.68470725837e-09], "mean": [0.000340543338098, 0.00568088376895, 0.00243745115586, 0.00111610395834, 0.00157646508887, 0.000509907549713, 0.000466337194666, 0.000629922724329, 0.000823692709673, 0.00058081781026, 0.000571374141145, 0.00071250210749, 0.00077720003901, 0.000599700026214, 0.000609948707279, 0.000399973505409, 0.000337403471349, 0.000326696695993, 0.00034184040851, 0.000489048834424, 0.000462874915684, 0.000428885628935, 0.000398140866309, 0.000329861592036, 0.000253982580034, 8.77848942764e-05, 3.43084320775e-05]}, "melbands_flatness_db": {"min": 0.0198664627969, "max": 0.765892803669, "dvar2": 0.0025859719608, "median": 0.149185791612, "dmean2": 0.0533789880574, "dmean": 0.0359140411019, "var": 0.00834776088595, "dvar": 0.00129775120877, "mean": 0.167912319303}, "melbands_skewness": {"min": -5.12792301178, "max": 123.433532715, "dvar2": 5.61510133743, "median": 2.19155025482, "dmean2": 1.79433977604, "dmean": 1.17372190952, "var": 14.2909231186, "dvar": 3.04045557976, "mean": 3.03189516068}, "barkbands_skewness": {"min": -9.30882358551, "max": 96.725479126, "dvar2": 3.3725965023, "median": 0.896716594696, "dmean2": 1.29005467892, "dmean": 0.856326639652, "var": 8.48155593872, "dvar": 1.97485923767, "mean": 1.40977656841}, "silence_rate_60dB": {"min": 0, "max": 1, "dvar2": 0.0981159880757, "median": 0, "dmean2": 0.0911200866103, "dmean": 0.0455561280251, "var": 0.0754226595163, "dvar": 0.0434803441167, "mean": 0.0821658819914}, "spectral_energyband_low": {"min": 3.8612110842e-08, "max": 0.0990526974201, "dvar2": 0.000223420953262, "median": 0.00524710305035, "dmean2": 0.0095353545621, "dmean": 0.00576037634164, "var": 0.000127446910483, "dvar": 8.38403284433e-05, "mean": 0.00908723473549}, "spectral_energyband_middle_low": {"min": 1.74042447121e-10, "max": 0.0801011025906, "dvar2": 0.000209159421502, "median": 0.00308270798996, "dmean2": 0.00656663998961, "dmean": 0.00385798350908, "var": 6.30201320746e-05, "dvar": 7.61585542932e-05, "mean": 0.00525945750996}, "melbands_kurtosis": {"min": -1.97175419331, "max": 17803.7109375, "dvar2": 62617.1601562, "median": 5.43712806702, "dmean2": 30.3013839722, "dmean": 19.0411815643, "var": 138977.953125, "dvar": 33646.1875, "mean": 31.6717739105}, "spectral_decrease": {"min": -2.77083653799e-08, "max": -1.18568647739e-13, "dvar2": 2.11246791041e-17, "median": -3.85725495988e-09, "dmean2": 3.44572703703e-09, "dmean": 2.1788220117e-09, "var": 1.83920449371e-17, "dvar": 8.92709529807e-18, "mean": -4.97353935813e-09}, "erbbands_kurtosis": {"min": -1.89454627037, "max": 187.306365967, "dvar2": 32.2411575317, "median": -0.112483978271, "dmean2": 2.47472667694, "dmean": 1.53954029083, "var": 23.3715763092, "dvar": 14.0926971436, "mean": 1.06007707119}, "melbands_crest": {"min": 2.81280612946, "max": 39.9907951355, "dvar2": 28.3322677612, "median": 13.9548778534, "dmean2": 6.3083114624, "dmean": 3.83862400055, "var": 34.9618835449, "dvar": 10.6643266678, "mean": 14.159702301}, "gfcc": {"cov": [[7580.99658203, -1139.42724609, -582.73425293, -164.968673706, -153.103805542, 83.0310592651, 151.299972534, 106.343215942, -58.7326698303, 105.326164246, -140.973129272, 1.47462248802, -140.786331177], [-1139.42724609, 1704.30981445, -21.2988071442, 0.475454896688, 176.455932617, -80.042388916, 98.2968139648, -40.3911399841, 36.2784233093, -85.26927948, 89.9087982178, -90.8033599854, 30.5227680206], [-582.73425293, -21.2988071442, 1536.26245117, 414.573394775, 337.798492432, 145.620727539, 10.3303394318, -0.0341543629766, 19.0785217285, 8.24305438995, -47.6415786743, 7.64594221115, -56.8531951904], [-164.968673706, 0.475454896688, 414.573394775, 677.124023438, 176.728164673, 123.785423279, 109.616729736, 2.10117745399, 6.26267433167, -0.250368028879, 9.26801395416, -38.9497146606, -5.91968297958], [-153.103805542, 176.455932617, 337.798492432, 176.728164673, 560.759460449, 92.0652160645, 97.4312896729, 48.7355422974, 39.1592330933, 17.8835086823, -17.9582653046, 7.6283993721, -6.65499687195], [83.0310592651, -80.042388916, 145.620727539, 123.785423279, 92.0652160645, 292.67880249, 121.520812988, 63.3906593323, 0.227306604385, 30.4079914093, 12.8590602875, 1.34422111511, -37.5156822205], [151.299972534, 98.2968139648, 10.3303394318, 109.616729736, 97.4312896729, 121.520812988, 288.378173828, 52.8354454041, -4.713514328, 2.33165001869, 44.7426681519, -15.6489534378, -24.5565414429], [106.343215942, -40.3911399841, -0.0341543629766, 2.10117745399, 48.7355422974, 63.3906593323, 52.8354454041, 151.084442139, 42.523109436, 36.7490234375, 8.88257598877, 4.70454645157, -12.0495405197], [-58.7326698303, 36.2784233093, 19.0785217285, 6.26267433167, 39.1592330933, 0.227306604385, -4.713514328, 42.523109436, 123.006477356, 33.0469207764, 0.649252712727, 3.8666703701, 8.80808639526], [105.326164246, -85.26927948, 8.24305438995, -0.250368028879, 17.8835086823, 30.4079914093, 2.33165001869, 36.7490234375, 33.0469207764, 102.04813385, 20.6259078979, 8.76479721069, -3.51320409775], [-140.973129272, 89.9087982178, -47.6415786743, 9.26801395416, -17.9582653046, 12.8590602875, 44.7426681519, 8.88257598877, 0.649252712727, 20.6259078979, 101.703895569, 12.8629989624, -0.355094254017], [1.47462248802, -90.8033599854, 7.64594221115, -38.9497146606, 7.6283993721, 1.34422111511, -15.6489534378, 4.70454645157, 3.8666703701, 8.76479721069, 12.8629989624, 102.517097473, 21.5441265106], [-140.786331177, 30.5227680206, -56.8531951904, -5.91968297958, -6.65499687195, -37.5156822205, -24.5565414429, -12.0495405197, 8.80808639526, -3.51320409775, -0.355094254017, 21.5441265106, 74.1179733276]], "icov": [[0.000169450664544, 9.07666326384e-05, 8.11433637864e-05, 2.32892648455e-06, 5.00330088471e-06, 5.2994069847e-05, -0.000162225187523, -2.99873063341e-05, 6.87093343004e-05, -0.000176702000317, 0.000302517553791, -4.28692037531e-05, 0.000312938034767], [9.07666326384e-05, 0.000868394272402, 1.48461567733e-05, 0.000177036738023, -0.000364478706615, 0.000223713679588, -0.000266725866823, 0.000203486692044, -0.000401261233492, 0.000785219483078, -0.000920897698961, 0.000940494181123, -0.000327342597302], [8.11433637864e-05, 1.48461567733e-05, 0.00097965344321, -0.000507249729708, -0.000403391837608, -0.000203410178074, 0.000282220542431, 0.000169707534951, -4.10765169363e-05, -0.00010444073996, 0.000500777270645, -0.000442407705123, 0.000971802219283], [2.32892648455e-06, 0.000177036738023, -0.000507249729708, 0.0021188352257, -0.00032126888982, -0.000498934532516, -0.000539737869985, 0.00041479661013, -0.000185628421605, 0.000302486208966, -0.000590899784584, 0.0011928814929, -0.000994297210127], [5.00330088471e-06, -0.000364478706615, -0.000403391837608, -0.00032126888982, 0.00251399655826, -0.000188728692592, -0.000667080632411, -0.000422262208303, -0.000312676740577, -0.000571395386942, 0.00117968651466, -0.000747897545807, -0.000101826597529], [5.2994069847e-05, 0.000223713679588, -0.000203410178074, -0.000498934532516, -0.000188728692592, 0.0051111811772, -0.00167790614069, -0.00126097036991, 0.000602500105742, -0.000994844827801, 0.000267781811999, -0.000549208198208, 0.00166404363699], [-0.000162225187523, -0.000266725866823, 0.000282220542431, -0.000539737869985, -0.000667080632411, -0.00167790614069, 0.00541206169873, -0.00117061159108, 0.000472494459245, 0.00111370475497, -0.00229034665972, 0.000562659930438, 0.00049079535529], [-2.99873063341e-05, 0.000203486692044, 0.000169707534951, 0.00041479661013, -0.000422262208303, -0.00126097036991, -0.00117061159108, 0.00899694114923, -0.00274253613316, -0.00165332714096, 5.00678061144e-06, -0.000121820528875, 0.000704173813574], [6.87093343004e-05, -0.000401261233492, -4.10765169363e-05, -0.000185628421605, -0.000312676740577, 0.000602500105742, 0.000472494459245, -0.00274253613316, 0.0102671375498, -0.00308136921376, 0.000932543014642, -0.000228950797464, -0.0010581780225], [-0.000176702000317, 0.000785219483078, -0.00010444073996, 0.000302486208966, -0.000571395386942, -0.000994844827801, 0.00111370475497, -0.00165332714096, -0.00308136921376, 0.0133704459295, -0.00411729002371, 0.000694099755492, -0.000391149485949], [0.000302517553791, -0.000920897698961, 0.000500777270645, -0.000590899784584, 0.00117968651466, 0.000267781811999, -0.00229034665972, 5.00678061144e-06, 0.000932543014642, -0.00411729002371, 0.0137806357816, -0.00324581074528, 0.00147775874939], [-4.28692037531e-05, 0.000940494181123, -0.000442407705123, 0.0011928814929, -0.000747897545807, -0.000549208198208, 0.000562659930438, -0.000121820528875, -0.000228950797464, 0.000694099755492, -0.00324581074528, 0.0125284744427, -0.00448848307133], [0.000312938034767, -0.000327342597302, 0.000971802219283, -0.000994297210127, -0.000101826597529, 0.00166404363699, 0.00049079535529, 0.000704173813574, -0.0010581780225, -0.000391149485949, 0.00147775874939, -0.00448848307133, 0.017416447401]], "mean": [1.90709924698, 49.9544334412, -107.359359741, 40.384223938, -54.2445640564, 28.38215065, -30.5167255402, 8.85490894318, -21.4076862335, 6.02978134155, -15.8125190735, -1.32757234573, -11.3179254532]}, "melbands_spread": {"min": 0.0399728231132, "max": 300.401855469, "dvar2": 1172.18933105, "median": 33.3735237122, "dmean2": 24.292760849, "dmean": 15.5221424103, "var": 1306.28198242, "dvar": 528.699401855, "mean": 40.2012710571}, "spectral_energy": {"min": 4.51834495152e-07, "max": 0.109034620225, "dvar2": 0.000318678765325, "median": 0.016691327095, "dmean2": 0.0135924462229, "dmean": 0.00877608824521, "var": 0.000314174714731, "dvar": 0.000137891707709, "mean": 0.021323679015}, "mfcc": {"cov": [[7765.70654297, -992.33782959, -850.235351562, -338.741638184, -529.341674805, -77.3996734619, 16.6651058197, -5.88971376419, 43.0501976013, 57.048866272, 62.756816864, 7.04681777954, -77.44871521], [-992.33782959, 1486.3503418, -63.8095359802, 21.2003669739, 113.241447449, -41.8222045898, 40.5214004517, 3.00435996056, 0.398849517107, -18.6403713226, 28.0325145721, -8.81746959686, -12.937869072], [-850.235351562, -63.8095359802, 1081.08227539, 293.023101807, 227.694259644, 159.100067139, 61.7739295959, 42.5153694153, 8.04304790497, 27.1967411041, -12.9017953873, 17.9363803864, 24.1785583496], [-338.741638184, 21.2003669739, 293.023101807, 547.173217773, 214.259963989, 153.569061279, 99.4304122925, 44.3678703308, 55.0404586792, 22.9045677185, -21.2801017761, 27.0648994446, 42.6729125977], [-529.341674805, 113.241447449, 227.694259644, 214.259963989, 434.851654053, 121.00453186, 32.6301498413, 34.6954116821, 76.2504806519, 25.6239891052, 1.534116745, 21.3436393738, 36.8436584473], [-77.3996734619, -41.8222045898, 159.100067139, 153.569061279, 121.00453186, 263.797668457, 132.650848389, 73.3019256592, 44.459438324, 14.6619873047, 38.6392860413, 24.2102584839, 7.30071496964], [16.6651058197, 40.5214004517, 61.7739295959, 99.4304122925, 32.6301498413, 132.650848389, 277.911773682, 100.726150513, 27.7884750366, 37.4702072144, 49.396030426, 46.3632507324, 5.0137963295], [-5.88971376419, 3.00435996056, 42.5153694153, 44.3678703308, 34.6954116821, 73.3019256592, 100.726150513, 155.917709351, 45.6809616089, 10.8190221786, 39.7093811035, 22.3011074066, 14.1601018906], [43.0501976013, 0.398849517107, 8.04304790497, 55.0404586792, 76.2504806519, 44.459438324, 27.7884750366, 45.6809616089, 126.489784241, 40.7063522339, 15.6500825882, 15.7931060791, 8.8918466568], [57.048866272, -18.6403713226, 27.1967411041, 22.9045677185, 25.6239891052, 14.6619873047, 37.4702072144, 10.8190221786, 40.7063522339, 120.36252594, 37.6453971863, 18.1610889435, 8.13866710663], [62.756816864, 28.0325145721, -12.9017953873, -21.2801017761, 1.534116745, 38.6392860413, 49.396030426, 39.7093811035, 15.6500825882, 37.6453971863, 105.658676147, 35.2847671509, 5.39617729187], [7.04681777954, -8.81746959686, 17.9363803864, 27.0648994446, 21.3436393738, 24.2102584839, 46.3632507324, 22.3011074066, 15.7931060791, 18.1610889435, 35.2847671509, 88.6170196533, 27.4256534576], [-77.44871521, -12.937869072, 24.1785583496, 42.6729125977, 36.8436584473, 7.30071496964, 5.0137963295, 14.1601018906, 8.8918466568, 8.13866710663, 5.39617729187, 27.4256534576, 80.1587677002]], "icov": [[0.000166763231391, 0.000107066611235, 0.000111811357783, -8.22738002171e-07, 0.000140580508742, -2.43528666033e-05, -3.21263178193e-05, 2.34138151427e-05, -0.000123002275359, -4.95562017022e-05, -6.48296481813e-05, -1.72913023562e-05, 0.000109550157504], [0.000107066611235, 0.000805428891908, 0.000134810223244, -5.25368886883e-05, -0.000254166778177, 0.000391563778976, -0.000319794082316, 0.000109776512545, -4.97195869684e-05, 0.000265740032773, -0.000477428227896, 0.000225791300181, 0.000235943094594], [0.000111811357783, 0.000134810223244, 0.00127245113254, -0.000417281378759, -0.000316668883897, -0.000431902386481, 0.000143340192153, -0.000246166891884, 0.00056371797109, -0.00040591499419, 0.000248517666478, -0.000119503907626, 0.000190365026356], [-8.22738002171e-07, -5.25368886883e-05, -0.000417281378759, 0.00287655205466, -0.000730270287022, -0.000925971253309, -0.000577554223128, 0.000170437415363, -0.000394858827349, -0.000221288923058, 0.00136704801116, -0.000252458296018, -0.000928128021769], [0.000140580508742, -0.000254166778177, -0.000316668883897, -0.000730270287022, 0.00369354360737, -0.00113565498032, 0.000605150766205, 0.000154690365889, -0.00161086290609, -0.000187910831301, 0.000231400321354, -0.000193256171769, -0.000832023157272], [-2.43528666033e-05, 0.000391563778976, -0.000431902386481, -0.000925971253309, -0.00113565498032, 0.00681840768084, -0.00243249395862, -0.000466213095933, -0.000885795219801, 0.00136647373438, -0.00212781620212, 0.00073591794353, 0.000649346096907], [-3.21263178193e-05, -0.000319794082316, 0.000143340192153, -0.000577554223128, 0.000605150766205, -0.00243249395862, 0.00646433606744, -0.00307528930716, 0.00116709596477, -0.0017005315749, 0.000137321112561, -0.00221175723709, 0.00105457450263], [2.34138151427e-05, 0.000109776512545, -0.000246166891884, 0.000170437415363, 0.000154690365889, -0.000466213095933, -0.00307528930716, 0.0101287188008, -0.00329925073311, 0.0020290708635, -0.002688908251, 0.000883436237928, -0.00156295357738], [-0.000123002275359, -4.97195869684e-05, 0.00056371797109, -0.000394858827349, -0.00161086290609, -0.000885795219801, 0.00116709596477, -0.00329925073311, 0.0114481272176, -0.00370596908033, 0.00105562608223, -0.0010363298934, 0.000634063559119], [-4.95562017022e-05, 0.000265740032773, -0.00040591499419, -0.000221288923058, -0.000187910831301, 0.00136647373438, -0.0017005315749, 0.0020290708635, -0.00370596908033, 0.0112649537623, -0.00418185116723, 0.000452598847914, -0.000660897407215], [-6.48296481813e-05, -0.000477428227896, 0.000248517666478, 0.00136704801116, 0.000231400321354, -0.00212781620212, 0.000137321112561, -0.002688908251, 0.00105562608223, -0.00418185116723, 0.0145179359242, -0.00465703755617, 0.000534966180567], [-1.72913023562e-05, 0.000225791300181, -0.000119503907626, -0.000252458296018, -0.000193256171769, 0.00073591794353, -0.00221175723709, 0.000883436237928, -0.0010363298934, 0.000452598847914, -0.00465703755617, 0.0156106948853, -0.00476429518312], [0.000109550157504, 0.000235943094594, 0.000190365026356, -0.000928128021769, -0.000832023157272, 0.000649346096907, 0.00105457450263, -0.00156295357738, 0.000634063559119, -0.000660897407215, 0.000534966180567, -0.00476429518312, 0.0151800801978]], "mean": [-642.670349121, 82.0141372681, 7.34463882446, 18.9191322327, 5.23682451248, 18.253276825, 5.84001255035, 6.42029762268, 2.54845738411, 6.18778085709, 1.06900441647, 2.96845245361, -0.889884233475]}, "spectral_contrast_valleys": {"min": [-17.3859024048, -16.1606502533, -16.3128376007, -16.5522289276, -16.340555191, -17.396780014], "max": [-5.47620820999, -4.89890670776, -4.93227815628, -5.44931077957, -5.35762739182, -7.30477142334], "dvar2": [0.311210900545, 0.50763219595, 0.348149895668, 0.300781995058, 0.239149987698, 0.350198954344], "median": [-7.17864274979, -7.08393096924, -7.35868883133, -7.47819805145, -7.28738021851, -9.36834430695], "dmean2": [0.700067520142, 0.774506211281, 0.608909189701, 0.556082367897, 0.458982497454, 0.50309240818], "dmean": [0.440170437098, 0.490745067596, 0.402263879776, 0.382678419352, 0.344350814819, 0.400903850794], "var": [1.37498450279, 1.02308964729, 1.21220207214, 1.09309375286, 1.06503129005, 1.16465902328], "dvar": [0.136911377311, 0.240037709475, 0.17986010015, 0.161191552877, 0.139595508575, 0.20527420938], "mean": [-7.4675989151, -7.22285270691, -7.40867853165, -7.56603717804, -7.44355249405, -9.55364513397]}, "barkbands_flatness_db": {"min": 0.0115374373272, "max": 0.644276976585, "dvar2": 0.00172458274756, "median": 0.0933934375644, "dmean2": 0.0409631580114, "dmean": 0.0271544232965, "var": 0.00446715718135, "dvar": 0.000855953083374, "mean": 0.109597861767}, "dynamic_complexity": 3.19427013397, "erbbands_flatness_db": {"min": 0.0287231206894, "max": 0.482352644205, "dvar2": 0.000845363363624, "median": 0.128032952547, "dmean2": 0.0294080395252, "dmean": 0.0204643085599, "var": 0.00207498320378, "dvar": 0.000416503840825, "mean": 0.132602989674}, "hfc": {"min": 4.77306493849e-05, "max": 201.257492