{"lowlevel": {"spectral_complexity": {"min": 0, "max": 64, "dvar2": 43.8025436401, "median": 7, "dmean2": 4.34283781052, "dmean": 3.06869959831, "var": 106.525527954, "dvar": 28.7950325012, "mean": 10.731338501}, "silence_rate_20dB": {"min": 1, "max": 1, "dvar2": 0, "median": 1, "dmean2": 0, "dmean": 0, "var": 0, "dvar": 0, "mean": 1}, "average_loudness": 0.596595048904, "erbbands_spread": {"min": 0.577223062515, "max": 174.239959717, "dvar2": 345.547180176, "median": 29.6973762512, "dmean2": 14.8552360535, "dmean": 10.2695465088, "var": 601.981445312, "dvar": 170.594787598, "mean": 35.0179023743}, "spectral_kurtosis": {"min": -1.4477533102, "max": 258.04977417, "dvar2": 248.402069092, "median": 5.52706050873, "dmean2": 8.25883197784, "dmean": 5.31776666641, "var": 340.297271729, "dvar": 112.031105042, "mean": 11.3643627167}, "barkbands_kurtosis": {"min": -1.9336514473, "max": 528.894104004, "dvar2": 638.34564209, "median": 3.99760723114, "dmean2": 11.5275020599, "dmean": 7.40349817276, "var": 578.082397461, "dvar": 274.169067383, "mean": 11.7499818802}, "spectral_strongpeak": {"min": 0, "max": 16.4196395874, "dvar2": 1.58369290829, "median": 0.276866585016, "dmean2": 0.654175639153, "dmean": 0.400460004807, "var": 1.58428478241, "dvar": 0.66436958313, "mean": 0.750513851643}, "spectral_spread": {"min": 388801.78125, "max": 42055880, "dvar2": 1334609182720.0, "median": 4064822, "dmean2": 906675.3125, "dmean": 678877.5, "var": 4609088159740.0, "dvar": 747960336384, "mean": 4160130}, "spectral_rms": {"min": 3.183988663e-12, "max": 0.013020850718, "dvar2": 2.7626613246e-06, "median": 0.00306928670034, "dmean2": 0.00120090204291, "dmean": 0.000826457457151, "var": 6.85371651343e-06, "dvar": 1.49129061811e-06, "mean": 0.00370769645087}, "erbbands": {"min": [2.40434353082e-22, 9.98016128239e-22, 6.79464168948e-21, 1.34537566211e-20, 2.16339541093e-20, 6.86245709033e-20, 7.05564835357e-20, 1.41650117482e-19, 1.82128472176e-19, 3.05487752233e-19, 3.5367844169e-19, 6.41120085637e-19, 6.53023111254e-19, 1.09080007524e-18, 1.05805530352e-18, 2.18366562048e-18, 2.00109610594e-18, 2.75560104346e-18, 3.53700858285e-18, 3.3885292493e-18, 3.01902787647e-18, 4.61257540333e-18, 7.70918351547e-18, 9.57072701424e-18, 1.18234988186e-17, 1.08964080229e-17, 1.11514319417e-17, 1.0004919908e-17, 1.20827843719e-17, 1.44259736346e-17, 1.30181775793e-17, 1.25205771557e-17, 1.31229466214e-17, 9.39525057346e-18, 8.20008377616e-18, 4.91592114551e-18, 2.74495212705e-18, 1.01002681901e-18, 2.27803576143e-19, 2.84485991909e-20], "max": [7.22863340378, 40.2075691223, 95.1773605347, 186.292694092, 273.925537109, 276.970825195, 515.419006348, 447.289978027, 1031.23046875, 1242.61376953, 1927.10131836, 3166.71923828, 3399.30126953, 3132.77563477, 3706.78417969, 1526.44042969, 2383.41967773, 2354.25805664, 2678.2421875, 2790.68676758, 2017.55065918, 718.985717773, 1187.30517578, 428.77041626, 252.450469971, 136.976547241, 386.173583984, 307.218231201, 375.555053711, 248.046798706, 137.154968262, 216.427078247, 115.459442139, 37.6702880859, 29.3342704773, 20.6969833374, 13.0613260269, 2.50880098343, 0.372321903706, 0.0122574316338], "dvar2": [0.228225156665, 13.3620538712, 126.7397995, 617.341186523, 1051.74145508, 437.739135742, 235.003585815, 306.687255859, 1946.13134766, 5222.73046875, 5321.16064453, 5332.19140625, 9664.91015625, 7696.05810547, 7817.94677734, 6938.54248047, 6555.38867188, 6325.81201172, 5907.06054688, 3509.62768555, 2586.7902832, 1385.54724121, 828.822692871, 593.946533203, 273.638214111, 151.067962646, 195.331970215, 304.504425049, 199.873916626, 228.960723877, 58.9982070923, 32.3899154663, 11.3393955231, 2.43726611137, 1.13878583908, 0.28848901391, 0.0585130676627, 0.00223811087199, 4.59558577859e-05, 6.53066223322e-08], "median": [0.0121581265703, 0.0876790136099, 0.342600613832, 0.678081095219, 0.889831960201, 1.29956889153, 1.79673230648, 2.80305767059, 3.12765097618, 4.42081022263, 2.53545045853, 2.40064334869, 2.34718060493, 1.79931735992, 2.41810131073, 1.28454852104, 1.46648240089, 1.58953356743, 1.05321383476, 0.957886219025, 0.963270127773, 0.910946130753, 0.800548672676, 0.794229269028, 0.583720564842, 0.500389516354, 0.41414642334, 0.389090150595, 0.171707987785, 0.104940183461, 0.123471915722, 0.0748706236482, 0.039527323097, 0.0202508568764, 0.0102658523247, 0.00339199090376, 0.00072875135811, 0.000108389751404, 2.53795369645e-05, 1.72717209352e-05], "dmean2": [0.186007410288, 1.32972085476, 4.12688016891, 8.08942317963, 10.4647760391, 7.06385040283, 5.03423023224, 7.16804981232, 14.7919301987, 20.0142536163, 17.5714569092, 19.4718418121, 24.6397228241, 21.2922267914, 20.187461853, 21.4914588928, 18.6333904266, 20.1801586151, 18.5453510284, 15.2778186798, 11.9445371628, 12.0894002914, 9.23798274994, 7.68668699265, 5.76357889175, 4.84031867981, 4.43431472778, 7.25667095184, 4.24555778503, 4.06896591187, 2.45402741432, 1.72888195515, 0.980927526951, 0.491496264935, 0.267920672894, 0.0989438518882, 0.0274510718882, 0.00556931877509, 0.000593861332163, 4.41857882834e-05], "dmean": [0.122107647359, 0.846065938473, 2.50445103645, 4.62601232529, 6.27873086929, 4.36194181442, 3.12873864174, 4.57467031479, 9.54157733917, 12.8791036606, 12.0542631149, 13.2440567017, 16.7964000702, 14.5253171921, 14.0268096924, 14.9947357178, 12.8493089676, 13.7814912796, 12.6526794434, 10.523982048, 8.28340911865, 7.7477107048, 6.12949705124, 5.46720600128, 4.14184427261, 3.54345750809, 3.12083482742, 4.83042144775, 2.94035172462, 2.73769927025, 1.77081561089, 1.19285821915, 0.682658791542, 0.351181328297, 0.189724981785, 0.0691334456205, 0.0189943443984, 0.00374193559401, 0.000389744003769, 2.93558205158e-05], "var": [0.292312711477, 7.50370264053, 52.0360221863, 173.810089111, 434.273071289, 326.643615723, 246.602111816, 311.666931152, 1625.71105957, 3166.77026367, 6016.09130859, 8279.96191406, 9778.02832031, 10639.1611328, 11200.4130859, 9001.01660156, 6782.76660156, 9913.12402344, 7436.66943359, 4104.29443359, 1679.58764648, 981.202148438, 785.372924805, 514.015075684, 248.229553223, 161.396789551, 163.656997681, 201.766174316, 134.341522217, 133.20930481, 63.8972167969, 31.6402683258, 11.4763021469, 2.91985273361, 1.08766019344, 0.213644877076, 0.0252466537058, 0.000880140578374, 1.11303334052e-05, 1.95294820315e-08], "dvar": [0.119644768536, 5.88208580017, 50.6466369629, 226.779449463, 418.525512695, 188.710189819, 113.133338928, 131.673873901, 862.796630859, 2215.95507812, 2496.38623047, 2843.16821289, 4874.08886719, 3776.91992188, 3969.17041016, 3208.47167969, 2845.63549805, 3125.66601562, 2636.1262207, 1676.91235352, 1143.87561035, 609.460266113, 412.97076416, 296.578308105, 146.871536255, 84.9819869995, 92.6803512573, 133.879684448, 88.1577377319, 98.920791626, 30.8613471985, 15.7860412598, 5.76356697083, 1.2917277813, 0.544093549252, 0.129722222686, 0.023119604215, 0.000894780678209, 1.65323417605e-05, 2.44499513968e-08], "mean": [0.205304324627, 1.10619497299, 2.80719089508, 4.48420143127, 6.85482358932, 6.04404306412, 5.18311309814, 8.32808876038, 15.3172082901, 18.2211685181, 19.8861846924, 21.1687202454, 26.6702957153, 24.1303482056, 24.5784797668, 27.4796333313, 23.3320903778, 25.2898387909, 23.637430191, 17.9477062225, 12.3107738495, 10.6374759674, 8.93088054657, 7.86812782288, 5.54823350906, 4.89044809341, 4.70265626907, 5.82205247879, 3.6733853817, 3.39875555038, 2.41847157478, 1.56600427628, 0.885076403618, 0.505040884018, 0.280884712934, 0.0984801799059, 0.0260782185942, 0.00466882111505, 0.000468488695333, 4.84468764625e-05]}, "zerocrossingrate": {"min": 0.0009765625, "max": 0.52099609375, "dvar2": 0.00029792895657, "median": 0.03515625, "dmean2": 0.0121176838875, "dmean": 0.010879936628, "var": 0.00186833890621, "dvar": 0.000255852530245, "mean": 0.0459115281701}, "spectral_contrast_coeffs": {"min": [-0.974615752697, -0.977550208569, -0.972622513771, -0.9715487957, -0.969167411327, -0.966442584991], "max": [-0.214132368565, -0.331202685833, -0.372742533684, -0.430004566908, -0.539553523064, -0.553866326809], "dvar2": [0.0059756571427, 0.00370578607544, 0.00280992942862, 0.00196143519133, 0.00108559092041, 0.000747288228013], "median": [-0.671386420727, -0.725751698017, -0.772763311863, -0.802008330822, -0.814959466457, -0.781517624855], "dmean2": [0.0910548567772, 0.0724093914032, 0.0636476650834, 0.0516897328198, 0.0372155569494, 0.0299224816263], "dmean": [0.0557249598205, 0.0459342636168, 0.0410388819873, 0.0335287936032, 0.0241385698318, 0.0193782746792], "var": [0.0110507793725, 0.00793739687651, 0.00752926245332, 0.00563067570329, 0.0027190989349, 0.00205717864446], "dvar": [0.00251086778007, 0.00157855974976, 0.00125799770467, 0.000933606526814, 0.000499334419146, 0.000348926667357], "mean": [-0.660580933094, -0.715309560299, -0.75822776556, -0.785701334476, -0.809783399105, -0.780025482178]}, "dissonance": {"min": 0.0937198847532, "max": 0.5, "dvar2": 0.00250753713772, "median": 0.454883486032, "dmean2": 0.0484524443746, "dmean": 0.0299879964441, "var": 0.00305883702822, "dvar": 0.00100676494185, "mean": 0.437687963247}, "spectral_energyband_high": {"min": 7.41106088248e-21, "max": 0.0196630656719, "dvar2": 1.79848950665e-06, "median": 4.32084270869e-05, "dmean2": 0.000475208857097, "dmean": 0.000349663052475, "var": 1.82183077868e-06, "dvar": 9.16404530926e-07, "mean": 0.000507618358824}, "spectral_skewness": {"min": -0.487322449684, "max": 12.9130334854, "dvar2": 0.981956422329, "median": 1.90633559227, "dmean2": 0.7261480093, "dmean": 0.497358113527, "var": 2.02746701241, "dvar": 0.47523149848, "mean": 2.20301103592}, "spectral_flux": {"min": 6.4284126633e-11, "max": 0.412857800722, "dvar2": 0.00312460190617, "median": 0.0501201376319, "dmean2": 0.043169438839, "dmean": 0.0272322483361, "var": 0.0040584616363, "dvar": 0.00152229599189, "mean": 0.0712841749191}, "silence_rate_30dB": {"min": 0, "max": 1, "dvar2": 0.0253810100257, "median": 1, "dmean2": 0.021540729329, "dmean": 0.0107697537169, "var": 0.0100995795801, "dvar": 0.0106550622731, "mean": 0.989797651768}, "spectral_energyband_middle_high": {"min": 1.23786245809e-21, "max": 0.109690763056, "dvar2": 2.95181180263e-05, "median": 0.000470420782221, "dmean2": 0.00223025702871, "dmean": 0.00163044582587, "var": 7.96773820184e-05, "dvar": 1.55048328452e-05, "mean": 0.00410981150344}, "barkbands_spread": {"min": 0.0739229544997, "max": 150.878051758, "dvar2": 147.540115356, "median": 10.6315908432, "dmean2": 8.4799489975, "dmean": 5.64370775223, "var": 227.672515869, "dvar": 72.8625106812, "mean": 15.6104478836}, "spectral_centroid": {"min": 82.1587753296, "max": 11606.4423828, "dvar2": 309652.71875, "median": 803.57635498, "dmean2": 399.869567871, "dmean": 269.355560303, "var": 585125.3125, "dvar": 155769.796875, "mean": 1026.24536133}, "pitch_salience": {"min": 0.0441229231656, "max": 0.906488895416, "dvar2": 0.0157071687281, "median": 0.517352163792, "dmean2": 0.139484792948, "dmean": 0.085458599031, "var": 0.0200872235, "dvar": 0.00624298118055, "mean": 0.50862377882}, "erbbands_skewness": {"min": -3.986140728, "max": 8.3225402832, "dvar2": 0.538240134716, "median": 0.517724633217, "dmean2": 0.732854604721, "dmean": 0.498043835163, "var": 1.04385244846, "dvar": 0.252432584763, "mean": 0.560938358307}, "erbbands_crest": {"min": 2.32529807091, "max": 33.6800689697, "dvar2": 17.0375118256, "median": 9.49163722992, "dmean2": 4.54478359222, "dmean": 2.9044919014, "var": 26.3199596405, "dvar": 7.40885686874, "mean": 10.5360469818}, "melbands": {"min": [2.00506294837e-24, 2.73993184666e-24, 2.40711951657e-24, 3.89937613654e-24, 2.95168952654e-24, 2.98659109957e-24, 2.37256760614e-24, 3.14702608059e-24, 2.29583609196e-24, 4.07612594438e-24, 3.06350424896e-24, 4.25652462834e-24, 2.47630419568e-24, 5.25550534098e-24, 5.45947439993e-24, 2.77334621967e-24, 4.31483998747e-24, 5.95050008152e-24, 4.31267732529e-24, 4.3605205559e-24, 3.29631485146e-24, 4.17342562615e-24, 6.00758442321e-24, 5.04405985281e-24, 7.31448318514e-24, 8.35502306242e-24, 6.15056901215e-24, 7.21274063875e-24, 6.13330991884e-24, 6.45331923365e-24, 5.38033350733e-24, 5.51204842939e-24, 5.98083691092e-24, 8.1581975334e-24, 7.92929139795e-24, 6.17535699395e-24, 7.55968718689e-24, 8.91382136211e-24, 9.29002833894e-24, 6.43525116348e-24], "max": [0.0456189960241, 0.0364696346223, 0.0283695030957, 0.0223454870284, 0.0151735208929, 0.0102185141295, 0.0157106891274, 0.014039167203, 0.0149069838226, 0.0170011054724, 0.0172862950712, 0.0134831080213, 0.00963190477341, 0.0080928709358, 0.00420972332358, 0.00681631732732, 0.00493173208088, 0.00526251876727, 0.00400429917499, 0.00219426304102, 0.00320763071068, 0.00099296180997, 0.00123253813945, 0.000694747781381, 0.000406444218243, 0.000207999430131, 0.000152612541569, 8.92897514859e-05, 0.000329613569193, 0.000210015947232, 0.000157422720804, 0.000249184813583, 0.000211648308323, 0.000141762342537, 8.72445234563e-05, 0.0001159613239, 0.000140660544275, 0.000104605889646, 4.78360416309e-05, 2.86208469333e-05], "dvar2": [1.61045172717e-05, 1.77089332283e-05, 1.60627205332e-05, 4.46981130153e-06, 2.82080264924e-07, 1.55179336048e-07, 4.71473697417e-07, 6.37368373191e-07, 3.5285853528e-07, 2.26157965244e-07, 2.47454067903e-07, 1.41245536156e-07, 8.11986708982e-08, 5.75635716871e-08, 4.31563478287e-08, 3.88075562796e-08, 2.70046811579e-08, 1.82466806109e-08, 9.09246455905e-09, 5.74262948305e-09, 4.64005367462e-09, 1.80726977828e-09, 1.38941180783e-09, 4.67233640666e-10, 4.74817796192e-10, 1.88895524222e-10, 1.35170930005e-10, 6.71465383295e-11, 9.13567277383e-11, 7.2916464533e-11, 1.84849260898e-10, 7.89597415229e-11, 5.686230653e-11, 8.08966990617e-11, 1.94276400522e-11, 1.99860007016e-11, 1.25235473034e-11, 7.70967231029e-12, 2.65614635321e-12, 1.69098133933e-12], "median": [0.000117852687254, 0.000157110844157, 0.000131505541503, 8.15254970803e-05, 6.63060345687e-05, 6.12353323959e-05, 4.48497630714e-05, 4.61889903818e-05, 1.63562854141e-05, 1.40949268825e-05, 1.05262897705e-05, 6.31000557405e-06, 6.91426657795e-06, 4.54723522125e-06, 2.506131068e-06, 2.88098726742e-06, 2.70721034212e-06, 1.49530910676e-06, 1.15683133117e-06, 1.22815697523e-06, 9.30152850742e-07, 8.27594703878e-07, 7.93566698576e-07, 6.33154115803e-07, 5.91338789491e-07, 4.45428781859e-07, 2.8576661748e-07, 3.06548770368e-07, 2.38522915197e-07, 2.16992120272e-07, 2.21826851998e-07, 8.739304036e-08, 6.03387348974e-08, 4.98771299817e-08, 6.82323602064e-08, 5.94494729e-08, 3.7305831313e-08, 2.92551032288e-08, 1.89578894805e-08, 1.53961448035e-08], "dmean2": [0.00162271200679, 0.00173122587148, 0.00141573126893, 0.000659981858917, 0.000186145538464, 0.000163327393238, 0.000226267322432, 0.000223258073675, 0.000138204268296, 0.00012621418864, 0.000125973703689, 9.28231675061e-05, 6.7633765866e-05, 6.17468904238e-05, 5.05594616698e-05, 4.12426707044e-05, 4.19295138272e-05, 3.24389839079e-05, 2.46484542004e-05, 1.95484699361e-05, 1.44183641169e-05, 1.33035700856e-05, 1.1734869986e-05, 7.38983544579e-06, 6.59993111185e-06, 4.7495200306e-06, 3.76712773686e-06, 3.42909902429e-06, 2.95781410387e-06, 2.74050717053e-06, 5.50338108951e-06, 2.39137352764e-06, 2.48580363404e-06, 2.27281702792e-06, 1.464508955e-06, 1.31002639137e-06, 9.86384520729e-07, 7.72297482854e-07, 4.80180744944e-07, 4.1559135866e-07], "dmean": [0.0010530439904, 0.00108664121944, 0.000824036018457, 0.000403116893722, 0.000116116250865, 0.000104102255136, 0.000145334779518, 0.000144768884638, 9.48313827394e-05, 8.47700721351e-05, 8.5730542196e-05, 6.26303153695e-05, 4.62250827695e-05, 4.23302808485e-05, 3.42120256391e-05, 2.80453004962e-05, 2.83729423245e-05, 2.19085595745e-05, 1.67725411302e-05, 1.31969300128e-05, 9.82791061688e-06, 8.31498618936e-06, 7.61328146837e-06, 4.94373989568e-06, 4.63273772766e-06, 3.34916967404e-06, 2.68046960628e-06, 2.39772862187e-06, 1.9604103727e-06, 1.93761434275e-06, 3.50087452716e-06, 1.62024832662e-06, 1.69058125721e-06, 1.48333890593e-06, 1.05473725398e-06, 9.05035562937e-07, 6.76120407661e-07, 5.26814176283e-07, 3.37278805773e-07, 2.94172991744e-07], "var": [1.58612165251e-05, 1.21363218568e-05, 4.95765925734e-06, 2.19348271457e-06, 3.161670179e-07, 1.55752786668e-07, 3.71681494471e-07, 4.04964481504e-07, 4.30348478631e-07, 3.049119357e-07, 2.5800946446e-07, 1.95007217485e-07, 1.04878623119e-07, 6.9524077162e-08, 4.66554084255e-08, 3.3404191413e-08, 4.20520258615e-08, 2.26604548459e-08, 1.14884013414e-08, 5.33822852589e-09, 2.42630182612e-09, 1.10632569772e-09, 1.12775433436e-09, 4.06124245345e-10, 3.77417874731e-10, 1.60738880539e-10, 1.1202297423e-10, 6.3232592773e-11, 6.21638157616e-11, 6.45898542984e-11, 8.95130983225e-11, 4.42883368867e-11, 4.30858057565e-11, 4.15073947435e-11, 2.13903582347e-11, 1.75489102416e-11, 1.10242917226e-11, 6.83188922102e-12, 2.92374804922e-12, 1.92549036611e-12], "dvar": [7.7504919318e-06, 8.24848302727e-06, 5.99244094701e-06, 1.82277597105e-06, 1.3283845135e-07, 6.76429010582e-08, 2.05116094776e-07, 2.72527017842e-07, 1.67464193623e-07, 1.1793652277e-07, 1.25438006648e-07, 6.91815102982e-08, 3.94733774556e-08, 2.69671982522e-08, 1.8147035874e-08, 1.69884923906e-08, 1.35596653905e-08, 8.43921288407e-09, 4.40825020931e-09, 2.75590106291e-09, 1.97420146897e-09, 7.54061202368e-10, 6.67376209851e-10, 2.27225904759e-10, 2.2978446923e-10, 9.71012298345e-11, 7.04786576322e-11, 3.5212128352e-11, 4.01089543522e-11, 3.55839108179e-11, 7.5511680242e-11, 3.28356578039e-11, 2.64528780825e-11, 3.38766306673e-11, 1.03610514265e-11, 9.45116467727e-12, 5.87864045637e-12, 3.75695091356e-12, 1.37092984534e-12, 8.79832394007e-13], "mean": [0.001694751787, 0.0015111892717, 0.000847981951665, 0.000494769483339, 0.000192187886569, 0.000188767749933, 0.000228314573178, 0.000203929026611, 0.000159301402164, 0.000128222935018, 0.000133971174364, 0.000100102850411, 7.56361187086e-05, 7.27307779016e-05, 6.18745907559e-05, 4.54400505987e-05, 4.81951065012e-05, 3.87014843e-05, 2.77860490314e-05, 2.0096598746e-05, 1.33257863126e-05, 1.07371124614e-05, 1.0027015378e-05, 7.06177161192e-06, 6.36730692349e-06, 4.41657766714e-06, 3.41281588589e-06, 3.16912041853e-06, 2.80675817521e-06, 2.79500773104e-06, 3.77467927137e-06, 1.96438941202e-06, 2.04389880309e-06, 1.78088532721e-06, 1.39206099448e-06, 1.18804007343e-06, 8.67503842983e-07, 6.54730513361e-07, 4.63662928496e-07, 4.14737229448e-07]}, "spectral_entropy": {"min": 3.94349312782, "max": 9.82410621643, "dvar2": 0.192674443126, "median": 7.20352220535, "dmean2": 0.372228503227, "dmean": 0.269743174314, "var": 0.61059242487, "dvar": 0.106862135231, "mean": 7.12692117691}, "spectral_rolloff": {"min": 43.06640625, "max": 20219.6777344, "dvar2": 2083971.75, "median": 581.396484375, "dmean2": 739.744689941, "dmean": 445.29776001, "var": 2684361.75, "dvar": 1020824.3125, "mean": 1133.20056152}, "barkbands": {"min": [1.35310481034e-24, 6.10096031084e-24, 6.0653385078e-24, 3.17899486599e-24, 2.46377195691e-23, 7.20590752559e-24, 2.74357815898e-24, 1.25107115456e-23, 2.49195227725e-23, 2.96191332164e-23, 1.74740910437e-23, 6.06555465569e-23, 4.05285336439e-23, 4.32522494685e-23, 5.3622283607e-23, 6.18401127139e-23, 7.590405115e-23, 1.28570456221e-22, 2.27350975062e-22, 2.0468995475e-22, 3.0863139096e-22, 3.93510047572e-22, 5.14373257018e-22, 7.90537884666e-22, 1.03214611326e-21, 1.44118743104e-21, 1.80916516869e-21], "max": [0.0213551726192, 0.155054420233, 0.0972909480333, 0.0709018707275, 0.0851663798094, 0.0467385873199, 0.0754645764828, 0.070501640439, 0.116315484047, 0.108605653048, 0.0722459107637, 0.0557235144079, 0.0583145059645, 0.0417652539909, 0.0457150191069, 0.0325059778988, 0.011841038242, 0.0185978896916, 0.00640118261799, 0.0033440196421, 0.00776141742244, 0.00916618108749, 0.00526345567778, 0.00926542840898, 0.00321746966802, 0.00578532693908, 0.00203519221395], "dvar2": [1.17770878205e-06, 0.000226946591283, 0.000181952971616, 7.49586470192e-05, 6.44373576506e-05, 3.41560621564e-06, 1.39180001497e-05, 1.35380269057e-05, 1.0838284652e-05, 9.36905325943e-06, 5.26887515662e-06, 4.38036067862e-06, 4.35566880697e-06, 2.50387120104e-06, 2.07466109714e-06, 9.89515342553e-07, 4.58190015706e-07, 2.39585716599e-07, 1.6338734099e-07, 6.76741009897e-08, 1.46553276181e-07, 1.84610840392e-07, 1.01735807334e-07, 5.41830011969e-08, 1.86858102325e-08, 1.40374751822e-08, 1.52229240324e-09], "median": [2.78648440144e-05, 0.000449833227322, 0.000307085283566, 0.000210073194467, 0.000407029147027, 0.00031615246553, 0.00017989295884, 0.000163545220857, 8.29561395221e-05, 6.49231515126e-05, 4.8185538617e-05, 2.48993383138e-05, 2.89956515189e-05, 2.43776685238e-05, 1.71022020368e-05, 1.85019180208e-05, 1.48214467117e-05, 1.39057074193e-05, 1.38627947308e-05, 9.6301546364e-06, 1.11105437099e-05, 3.93440450353e-06, 4.22869743488e-06, 2.77961407846e-06, 1.6685302171e-06, 5.10550194122e-07, 7.59609264378e-08], "dmean2": [0.000342185172485, 0.00590190291405, 0.00460538035259, 0.00278332433663, 0.00255940272473, 0.000768451660406, 0.00116865616292, 0.000984628917649, 0.000836861785501, 0.000848289462738, 0.00051862251712, 0.000530897290446, 0.000457169982838, 0.000425186532084, 0.00036437207018, 0.000254032784142, 0.000224145667744, 0.000163789169164, 0.000132698944071, 9.83924692264e-05, 0.000157924863743, 0.000114980197395, 9.46243017097e-05, 6.88329528202e-05, 3.91423709516e-05, 1.71174142451e-05, 3.95925735575e-06], "dmean": [0.000265280366875, 0.00379680353217, 0.00264414469711, 0.00157426181249, 0.00159087765496, 0.000488834746648, 0.000747388461605, 0.000654415460303, 0.000559159438126, 0.000572020479012, 0.00035184196895, 0.000355331227183, 0.000301063992083, 0.000284012290649, 0.000245307717705, 0.00017199080321, 0.000142197750392, 0.000109518943646, 9.48376400629e-05, 7.20503885532e-05, 0.000109944550786, 7.97867105575e-05, 6.55213734717e-05, 4.78663205286e-05, 2.8155014661e-05, 1.19377182273e-05, 2.55569875662e-06], "var": [4.52820950159e-06, 0.000171239225892, 5.523200889e-05, 2.08275669138e-05, 3.52050228685e-05, 3.38157792612e-06, 9.51895890466e-06, 1.1789369637e-05, 1.37988708957e-05, 1.27333260025e-05, 6.4162468334e-06, 4.57392889075e-06, 3.61878414878e-06, 3.87355657949e-06, 2.37195149566e-06, 7.52102153001e-07, 3.39471654343e-07, 2.35728307985e-07, 1.36373571991e-07, 7.24083264458e-08, 1.20093361033e-07, 1.12215239767e-07, 8.94784903949e-08, 5.25656034256e-08, 2.10287414149e-08, 7.97692223387e-09, 3.88299614684e-10], "dvar": [7.80568029768e-07, 0.000104018639831, 6.81073506712e-05, 2.70307391474e-05, 2.692610542e-05, 1.5202481336e-06, 5.93983759245e-06, 6.09675544183e-06, 5.47251556782e-06, 4.6112313612e-06, 2.49948175224e-06, 1.93301161744e-06, 1.82632743417e-06, 1.24481402963e-06, 9.13641713396e-07, 4.57478307681e-07, 2.0450214322e-07, 1.22807762182e-07, 8.17328427161e-08, 3.7874247738e-08, 6.91152024501e-08, 7.95316097424e-08, 4.96628942415e-08, 2.67675908106e-08, 9.56704404587e-09, 5.9077325254e-09, 5.55166412841e-10], "mean": [0.000753150321543, 0.00568847171962, 0.00255045574158, 0.0014924070565, 0.00208058464341, 0.000879088009242, 0.00106834631879, 0.000993766007014, 0.000839444634039, 0.000952131638769, 0.000551008270122, 0.000593218195718, 0.000494289270137, 0.000490141159389, 0.00041044128011, 0.00024663694785, 0.000190314371139, 0.000158043869305, 0.000128867060994, 9.95589216473e-05, 0.00014283118071, 0.00010073507292, 8.86177222128e-05, 6.16642792011e-05, 4.20755459345e-05, 1.6566242266e-05, 2.88518208436e-06]}, "melbands_flatness_db": {"min": 0.00362572236918, "max": 0.884815633297, "dvar2": 0.00355620193295, "median": 0.265547841787, "dmean2": 0.0560659877956, "dmean": 0.0389393679798, "var": 0.012564342469, "dvar": 0.00191915442701, "mean": 0.27392166853}, "melbands_skewness": {"min": -2.94915533066, "max": 27.7058067322, "dvar2": 3.67176413536, "median": 2.50134062767, "dmean2": 1.61474466324, "dmean": 1.07589542866, "var": 7.47886180878, "dvar": 1.77028477192, "mean": 3.1248421669}, "barkbands_skewness": {"min": -3.78933238983, "max": 18.219335556, "dvar2": 2.02675318718, "median": 1.70016264915, "dmean2": 1.24095022678, "dmean": 0.832080125809, "var": 4.1046333313, "dvar": 0.930009305477, "mean": 2.09200572968}, "silence_rate_60dB": {"min": 0, "max": 1, "dvar2": 0.139089614153, "median": 0, "dmean2": 0.144889742136, "dmean": 0.0724407657981, "var": 0.204157948494, "dvar": 0.0671935304999, "mean": 0.28583574295}, "spectral_energyband_low": {"min": 1.81261050923e-23, "max": 0.163527727127, "dvar2": 0.000321576546412, "median": 0.00125688174739, "dmean2": 0.00817066524178, "dmean": 0.00520294811577, "var": 0.000355165975634, "dvar": 0.000153080109158, "mean": 0.00978622306138}, "spectral_energyband_middle_low": {"min": 1.80958633206e-22, "max": 0.125530079007, "dvar2": 0.000216933316551, "median": 0.00287495506927, "dmean2": 0.00679494906217, "dmean": 0.00430915271863, "var": 0.000147353901411, "dvar": 9.09891168703e-05, "mean": 0.00768845761195}, "melbands_kurtosis": {"min": -1.82926142216, "max": 1474.16149902, "dvar2": 3186.17651367, "median": 9.37954902649, "dmean2": 24.8207740784, "dmean": 16.2333755493, "var": 3414.58349609, "dvar": 1508.2097168, "mean": 27.3363513947}, "spectral_decrease": {"min": -4.54112374371e-08, "max": 1.25923932185e-28, "dvar2": 3.21121241437e-17, "median": -2.36782815577e-09, "dmean2": 3.30468075127e-09, "dmean": 2.17633044919e-09, "var": 4.34704554633e-17, "dvar": 1.5366473028e-17, "mean": -5.28318677695e-09}, "erbbands_kurtosis": {"min": -1.86110985279, "max": 137.594909668, "dvar2": 23.3710422516, "median": 0.488523721695, "dmean2": 2.62114429474, "dmean": 1.69958889484, "var": 31.066740036, "dvar": 10.4157743454, "mean": 1.87592303753}, "melbands_crest": {"min": 1.67050123215, "max": 38.7679672241, "dvar2": 27.4307460785, "median": 15.698633194, "dmean2": 6.07272195816, "dmean": 3.71710968018, "var": 43.3979148865, "dvar": 10.4217710495, "mean": 16.5175743103}, "gfcc": {"cov": [[19602.2578125, -3487.53466797, -1498.48950195, 1016.63323975, -691.294799805, 789.112548828, -458.418518066, 541.189880371, -454.617462158, 360.28137207, -348.071166992, 63.2516708374, -226.318359375], [-3487.53466797, 2877.10864258, 45.4322090149, -598.49206543, 605.501342773, -323.717315674, 351.95489502, -263.693756104, 281.413146973, -213.832839966, 255.266662598, -166.546783447, 105.117080688], [-1498.48950195, 45.4322090149, 1400.92541504, 439.450927734, 2.27331423759, 172.928115845, 111.829978943, 63.5249824524, 40.8143196106, 75.3094482422, 17.146572113, 65.4736251831, 23.9714374542], [1016.63323975, -598.49206543, 439.450927734, 1101.37683105, -38.8788452148, 213.655105591, 69.5287628174, 45.9851341248, 48.8690834045, 18.1348171234, -43.7492790222, 20.8265590668, 8.73550033569], [-691.294799805, 605.501342773, 2.27331423759, -38.8788452148, 544.83996582, 60.6608390808, 168.911560059, 6.41383838654, 100.900253296, -10.2056646347, 69.7685470581, -34.5935058594, 15.6368713379], [789.112548828, -323.717315674, 172.928115845, 213.655105591, 60.6608390808, 419.680328369, 120.399459839, 86.9777755737, -6.31406831741, 99.8601379395, -6.16337442398, 11.6320552826, -1.66990506649], [-458.418518066, 351.95489502, 111.829978943, 69.5287628174, 168.911560059, 120.399459839, 321.877685547, 45.7465438843, 103.304214478, 28.3288345337, 91.2877044678, -7.02987241745, 14.9505977631], [541.189880371, -263.693756104, 63.5249824524, 45.9851341248, 6.41383838654, 86.9777755737, 45.7465438843, 217.276794434, 46.6887931824, 82.2398147583, 5.37835979462, 40.7223968506, -0.907189071178], [-454.617462158, 281.413146973, 40.8143196106, 48.8690834045, 100.900253296, -6.31406831741, 103.304214478, 46.6887931824, 218.077209473, 43.9570541382, 62.8120536804, -3.33141970634, 18.2731590271], [360.28137207, -213.832839966, 75.3094482422, 18.1348171234, -10.2056646347, 99.8601379395, 28.3288345337, 82.2398147583, 43.9570541382, 172.044952393, 53.7687416077, 29.5618286133, -2.56907558441], [-348.071166992, 255.266662598, 17.146572113, -43.7492790222, 69.7685470581, -6.16337442398, 91.2877044678, 5.37835979462, 62.8120536804, 53.7687416077, 149.973510742, 35.4742851257, 22.8187885284], [63.2516708374, -166.546783447, 65.4736251831, 20.8265590668, -34.5935058594, 11.6320552826, -7.02987241745, 40.7223968506, -3.33141970634, 29.5618286133, 35.4742851257, 111.276908875, 32.7414360046], [-226.318359375, 105.117080688, 23.9714374542, 8.73550033569, 15.6368713379, -1.66990506649, 14.9505977631, -0.907189071178, 18.2731590271, -2.56907558441, 22.8187885284, 32.7414360046, 97.8795623779]], "icov": [[9.3790331448e-05, -3.51601629518e-05, 0.000169075487065, -0.000141632510349, 7.03976547811e-05, -0.000144617690239, 0.000109298191092, -0.000220904315938, 0.000195031854673, -0.000189393191249, 0.000100178127468, -7.52028427087e-05, 0.000153819404659], [-3.51601629518e-05, 0.00157242582645, -0.000548380892724, 0.00087502488168, -0.000840969849378, 0.000582148437388, -0.000737910449971, 0.00106697622687, -0.00130640924908, 0.00197315006517, -0.00210065348074, 0.00230034580454, -0.00143097236287], [0.000169075487065, -0.000548380892724, 0.00132407748606, -0.000811473582871, 0.000384625716833, -0.00048688982497, 0.000149128041812, -0.000626860361081, 0.000747685844544, -0.00121986225713, 0.00100221554749, -0.00130198465195, 0.000659944082145], [-0.000141632510349, 0.00087502488168, -0.000811473582871, 0.00183412001934, -0.000336280907504, -0.000106021063402, -0.000560223008506, 0.000925403321162, -0.00146276433952, 0.00166633166373, -0.000834752747323, 0.00111532933079, -0.000947761931457], [7.03976547811e-05, -0.000840969849378, 0.000384625716833, -0.000336280907504, 0.0029215880204, -0.000874241348356, -0.000261313689407, -0.000752710329834, 4.82262839796e-05, -0.000278024788713, 0.000329039379722, -0.000408621795941, 0.000596700177994], [-0.000144617690239, 0.000582148437388, -0.00048688982497, -0.000106021063402, -0.000874241348356, 0.0044835624285, -0.00218833843246, 0.000264606060227, 0.000771581893787, -0.00179221713915, 0.000890187628102, 0.000775084714405, -0.00093589728931], [0.000109298191092, -0.000737910449971, 0.000149128041812, -0.000560223008506, -0.000261313689407, -0.00218833843246, 0.00618092669174, -0.00165628257673, -0.000730682048015, 0.000800895795692, -0.00251660100184, 0.000347027060343, 0.000731674197596], [-0.000220904315938, 0.00106697622687, -0.000626860361081, 0.000925403321162, -0.000752710329834, 0.000264606060227, -0.00165628257673, 0.00788927823305, -0.00248361728154, -0.00118208292406, 0.000934290350415, -0.00124532554764, -0.00050344329793], [0.000195031854673, -0.00130640924908, 0.000747685844544, -0.00146276433952, 4.82262839796e-05, 0.000771581893787, -0.000730682048015, -0.00248361728154, 0.00825203303248, -0.00354404584505, 0.000600731698796, -0.000525765470229, 0.000297673861496], [-0.000189393191249, 0.00197315006517, -0.00121986225713, 0.00166633166373, -0.000278024788713, -0.00179221713915, 0.000800895795692, -0.00118208292406, -0.00354404584505, 0.0131565798074, -0.00739083159715, 0.00304552563466, -0.000815133040305], [0.000100178127468, -0.00210065348074, 0.00100221554749, -0.000834752747323, 0.000329039379722, 0.000890187628102, -0.00251660100184, 0.000934290350415, 0.000600731698796, -0.00739083159715, 0.0154682425782, -0.00744360592216, 0.00125001301058], [-7.52028427087e-05, 0.00230034580454, -0.00130198465195, 0.00111532933079, -0.000408621795941, 0.000775084714405, 0.000347027060343, -0.00124532554764, -0.000525765470229, 0.00304552563466, -0.00744360592216, 0.0166305694729, -0.0060606636107], [0.000153819404659, -0.00143097236287, 0.000659944082145, -0.000947761931457, 0.000596700177994, -0.00093589728931, 0.000731674197596, -0.00050344329793, 0.000297673861496, -0.000815133040305, 0.00125001301058, -0.0060606636107, 0.0134632755071]], "mean": [-103.286804199, 116.13520813, -103.51033783, 22.8487739563, -55.9572525024, 8.11236476898, -30.4406166077, 2.86025714874, -17.1279125214, 0.0471419468522, -12.0336551666, -4.01523733139, -7.93914747238]}, "melbands_spread": {"min": 0.141380503774, "max": 260.211914062, "dvar2": 344.205322266, "median": 10.9845809937, "dmean2": 10.6896085739, "dmean": 6.94025421143, "var": 420.33026123, "dvar": 162.852661133, "mean": 17.0803031921}, "spectral_energy": {"min": 1.03912286474e-20, "max": 0.173781126738, "dvar2": 0.000482241535792, "median": 0.00965603347868, "dmean2": 0.0129571780562, "dmean": 0.00860293302685, "var": 0.00067851995118, "dvar": 0.000233744969591, "mean": 0.0211157444865}, "mfcc": {"cov": [[15476.6074219, -2135.66357422, -1625.3939209, 137.973266602, -273.657867432, 132.294128418, 8.94438171387, 92.6060791016, -5.37210512161, 198.033615112, 32.673664093, -42.1342163086, -118.883132935], [-2135.66357422, 2694.21313477, -293.899719238, -318.522521973, 119.548362732, -58.3364639282, 94.3510055542, -27.6602535248, -14.4970541, 30.8785495758, 65.0460662842, 25.4433097839, 22.1175956726], [-1625.3939209, -293.899719238, 1342.48498535, 362.762786865, 54.3939247131, 147.256484985, 52.0369377136, 59.6570396423, 73.7088775635, -24.3595180511, 10.3324813843, 76.3496780396, 53.1868057251], [137.973266602, -318.522521973, 362.762786865, 652.024047852, 131.420654297, 147.775588989, 29.761631012, 93.9477081299, 61.2573204041, 17.4122924805, 32.6504478455, 33.4908294678, 15.8832139969], [-273.657867432, 119.548362732, 54.3939247131, 131.420654297, 287.114257812, 99.9643249512, 53.5155029297, 40.2892837524, 57.8547325134, 30.8249378204, 20.241973877, 12.0242013931, -6.68883943558], [132.294128418, -58.3364639282, 147.256484985, 147.775588989, 99.9643249512, 336.365539551, 140.499481201, 81.3997268677, 49.1658744812, 72.3209228516, 61.8937416077, 23.3130588531, -6.25262975693], [8.94438171387, 94.3510055542, 52.0369377136, 29.761631012, 53.5155029297, 140.499481201, 247.744506836, 80.4901199341, 40.2450942993, 58.6049766541, 59.0171890259, 26.8034591675, 6.25790262222], [92.6060791016, -27.6602535248, 59.6570396423, 93.9477081299, 40.2892837524, 81.3997268677, 80.4901199341, 171.062255859, 72.1838684082, 35.1518287659, 35.4852600098, 29.5739650726, 15.6063108444], [-5.37210512161, -14.4970541, 73.7088775635, 61.2573204041, 57.8547325134, 49.1658744812, 40.2450942993, 72.1838684082, 141.937927246, 75.0389099121, 29.6786384583, 24.1325378418, 24.7158336639], [198.033615112, 30.8785495758, -24.3595180511, 17.4122924805, 30.8249378204, 72.3209228516, 58.6049766541, 35.1518287659, 75.0389099121, 151.481262207, 82.6088256836, 29.1083526611, 21.6182994843], [32.673664093, 65.0460662842, 10.3324813843, 32.6504478455, 20.241973877, 61.8937416077, 59.0171890259, 35.4852600098, 29.6786384583, 82.6088256836, 147.733581543, 65.9873275757, 22.4893932343], [-42.1342163086, 25.4433097839, 76.3496780396, 33.4908294678, 12.0242013931, 23.3130588531, 26.8034591675, 29.5739650726, 24.1325378418, 29.1083526611, 65.9873275757, 116.333435059, 54.6273612976], [-118.883132935, 22.1175956726, 53.1868057251, 15.8832139969, -6.68883943558, -6.25262975693, 6.25790262222, 15.6063108444, 24.7158336639, 21.6182994843, 22.4893932343, 54.6273612976, 120.214248657]], "icov": [[9.71736371866e-05, 8.07713804534e-05, 0.000157185990247, -6.92635367159e-05, 0.000100109726191, -5.67018687434e-05, -1.97531207959e-05, -2.85679452645e-05, 1.55956913659e-05, -0.000130020926008, 7.61570117902e-05, -0.00010524760728, 8.19563865662e-05], [8.07713804534e-05, 0.00050034065498, 0.000169434715644, 0.000173495936906, -0.000237000494963, 9.03783948161e-05, -0.000210330326809, 1.8897377231e-05, 9.14132397156e-05, -5.44040194654e-05, -0.000157185495482, -8.31027136883e-05, -5.18967826793e-05], [0.000157185990247, 0.000169434715644, 0.00123836519197, -0.00056961044902, 0.000333594216499, -0.000426756712841, -0.000173758060555, 0.000271745986538, -0.000628459267318, 0.000485532567836, 0.000248531840043, -0.000710910651833, -5.97799553361e-05], [-6.92635367159e-05, 0.000173495936906, -0.00056961044902, 0.00234910217114, -0.000949046050664, -0.000471362989629, 0.000527022755705, -0.000831124547403, 5.25835275766e-05, 0.000325399101712, -0.000470136234071, 0.000197841014597, -0.000226914286031], [0.000100109726191, -0.000237000494963, 0.000333594216499, -0.000949046050664, 0.00473584327847, -0.0010259731207, -0.000288009556243, 0.000453023327282, -0.00178898370359, 0.000297767983284, 0.000325894652633, -0.000422265351517, 0.000731909589376], [-5.67018687434e-05, 9.03783948161e-05, -0.000426756712841, -0.000471362989629, -0.0010259731207, 0.00499992351979, -0.001956977183, -0.000819574575871, 0.000818937376607, -0.00151963997632, -0.00040500308387, 0.000276056118309, 0.000644859625027], [-1.97531207959e-05, -0.000210330326809, -0.000173758060555, 0.000527022755705, -0.000288009556243, -0.001956977183, 0.00622825557366, -0.00207040691748, 0.000478901201859, -0.000742710893974, -0.000858217419591, 8.2392434706e-05, 1.13715123007e-05], [-2.85679452645e-05, 1.8897377231e-05, 0.000271745986538, -0.000831124547403, 0.000453023327282, -0.000819574575871, -0.00207040691748, 0.00930807832628, -0.00455240393057, 0.00195428542793, -0.000776259461418, -0.000797825632617, -6.78820870235e-05], [1.55956913659e-05, 9.14132397156e-05, -0.000628459267318, 5.25835275766e-05, -0.00178898370359, 0.000818937376607, 0.000478901201859, -0.00455240393057, 0.0134545452893, -0.00704111531377, 0.00238999864087, -0.000490187143441, -0.000945553358179], [-0.000130020926008, -5.44040194654e-05, 0.000485532567836, 0.000325399101712, 0.000297767983284, -0.00151963997632, -0.000742710893974, 0.00195428542793, -0.00704111531377, 0.0144139807671, -0.00692865625024, 0.00193294184282, -0.00138050748501], [7.61570117902e-05, -0.000157185495482, 0.000248531840043, -0.000470136234071, 0.000325894652633, -0.00040500308387, -0.000858217419591, -0.000776259461418, 0.00238999864087, -0.00692865625024, 0.0137607743964, -0.00677554821596, 0.00145810935646], [-0.00010524760728, -8.31027136883e-05, -0.000710910651833, 0.000197841014597, -0.000422265351517, 0.000276056118309, 8.2392434706e-05, -0.000797825632617, -0.000490187143441, 0.00193294184282, -0.00677554821596, 0.0152599643916, -0.00562390452251], [8.19563865662e-05, -5.18967826793e-05, -5.97799553361e-05, -0.000226914286031, 0.000731909589376, 0.000644859625027, 1.13715123007e-05, -6.78820870235e-05, -0.000945553358179, -0.00138050748501, 0.00145810935646, -0.00562390452251, 0.0112734725699]], "mean": [-745.107116699, 141.581115723, 13.0349645615, 18.8993415833, 0.871613502502, 5.05616188049, -1.67704463005, 1.42547559738, 0.428646922112, 0.698488950729, -0.624278068542, 2.7610449791, -2.83399152756]}, "spectral_contrast_valleys": {"min": [-28.0954551697, -27.6255378723, -27.6006259918, -27.4456424713, -27.4170646667, -27.3835105896], "max": [-5.30943202972, -4.6931180954, -5.032725811, -5.32476425171, -5.5232925415, -7.41525650024], "dvar2": [0.327644139528, 0.347139894962, 0.406995892525, 0.447409808636, 0.545518100262, 0.698861062527], "median": [-7.75979232788, -7.38131809235, -8.13541889191, -8.66192245483, -8.6494102478, -11.2451486588], "dmean2": [0.680346190929, 0.640608847141, 0.638425588608, 0.610749304295, 0.592793643475, 0.616648256779], "dmean": [0.422919660807, 0.416636049747, 0.426824837923, 0.43876940012, 0.467734366655, 0.539171397686], "var": [2.04666566849, 1.69365143776, 1.96260845661, 2.38754606247, 2.78333568573, 3.32249045372], "dvar": [0.155113905668, 0.17033739388, 0.213189899921, 0.260011851788, 0.342752754688, 0.451885163784], "mean": [-7.92017745972, -7.54535722733, -8.26021194458, -8.8236913681, -8.8614397049, -11.3809680939]}, "barkbands_flatness_db": {"min": 0.0160711482167, "max": 0.706302762032, "dvar2": 0.00229636207223, "median": 0.182230770588, "dmean2": 0.0460425838828, "dmean": 0.031649004668, "var": 0.0080052157864, "dvar": 0.0012327026343, "mean": 0.191221699119}, "dynamic_complexity": 6.41237258911, "erbbands_flatness_db": {"min": 0.0342855677009, "max": 0.507924616337, "dvar2": 0.00139096460771, "median": 0.173266142607, "dmean2": 0.033548142761, "dmean": 0.0249769929796, "var": 0.00562090566382, "dvar":