{"lowlevel": {"spectral_complexity": {"min": 0, "max": 60, "dvar2": 43.0903778076, "median": 24, "dmean2": 6.03991317749, "dmean": 3.89673113823, "var": 193.634796143, "dvar": 20.4133396149, "mean": 23.5004653931}, "silence_rate_20dB": {"min": 1, "max": 1, "dvar2": 0, "median": 1, "dmean2": 0, "dmean": 0, "var": 0, "dvar": 0, "mean": 1}, "average_loudness": 0.899635374546, "erbbands_spread": {"min": 1.78680956364, "max": 167.92767334, "dvar2": 212.704437256, "median": 49.1554794312, "dmean2": 13.8930892944, "dmean": 8.92026519775, "var": 400.765380859, "dvar": 90.1644363403, "mean": 50.2454490662}, "spectral_kurtosis": {"min": -1.08150541782, "max": 394.317260742, "dvar2": 132.927047729, "median": 2.38841533661, "dmean2": 2.63612008095, "dmean": 1.68380606174, "var": 280.523132324, "dvar": 58.442615509, "mean": 4.99397230148}, "barkbands_kurtosis": {"min": -1.91792213917, "max": 409.428833008, "dvar2": 246.041946411, "median": 1.03804993629, "dmean2": 6.09023666382, "dmean": 3.74252104759, "var": 187.594909668, "dvar": 94.1547317505, "mean": 5.73423528671}, "spectral_strongpeak": {"min": 0, "max": 14.7790126801, "dvar2": 1.53179049492, "median": 0.366108059883, "dmean2": 0.667350053787, "dmean": 0.386080831289, "var": 0.848585784435, "dvar": 0.590874254704, "mean": 0.611500322819}, "spectral_spread": {"min": 273824.5625, "max": 14873851, "dvar2": 665213468672, "median": 4997804, "dmean2": 653888.625, "dmean": 435549.71875, "var": 1537896742910.0, "dvar": 311290363904, "mean": 5018305.5}, "spectral_rms": {"min": 2.3393383799e-06, "max": 0.0121994502842, "dvar2": 2.30773889598e-06, "median": 0.00487165246159, "dmean2": 0.00135185488034, "dmean": 0.000869816460181, "var": 3.74348951482e-06, "dvar": 9.81140829026e-07, "mean": 0.00474729947746}, "erbbands": {"min": [9.12513939966e-08, 3.99194490797e-08, 1.74524821261e-08, 7.38591765526e-08, 2.69905285677e-07, 6.29998737622e-08, 2.57115431168e-07, 7.91406122858e-08, 1.14832481302e-07, 8.95983092164e-08, 2.07924912843e-07, 7.12822441074e-08, 1.09762126499e-07, 1.30983139002e-07, 2.53639626635e-07, 3.88629246117e-07, 1.80745274747e-07, 4.561654805e-07, 6.01138935963e-07, 4.64251854737e-07, 3.38676727552e-07, 4.39867733348e-07, 4.57764542716e-07, 4.7246851409e-07, 4.15476847593e-07, 4.40231275434e-07, 2.56567773249e-07, 2.8724070944e-07, 1.5128146913e-07, 2.68674170911e-07, 2.70910447853e-07, 3.37692625862e-07, 1.10590626434e-07, 7.76210598019e-08, 9.2728875245e-08, 4.89769611534e-08, 3.07591498938e-08, 1.55912154298e-08, 5.58243096194e-09, 1.40421230199e-09], "max": [2.69071555138, 35.10779953, 55.5566253662, 148.106765747, 185.027984619, 232.670303345, 175.968719482, 304.900787354, 490.569122314, 684.272033691, 1029.83959961, 881.128234863, 1006.15985107, 1129.56445312, 531.953125, 621.012573242, 858.15612793, 800.799377441, 941.266540527, 1075.9317627, 1107.92053223, 929.95526123, 746.999450684, 624.65625, 479.871368408, 476.29006958, 715.256286621, 318.574401855, 297.905914307, 233.55166626, 191.929901123, 199.307723999, 178.970092773, 108.935798645, 30.0790348053, 8.73012065887, 2.19367957115, 0.471590548754, 0.055037997663, 0.0054670823738], "dvar2": [0.230967327952, 21.4516716003, 49.2998771667, 205.980682373, 452.753234863, 563.144104004, 147.835693359, 328.52822876, 567.6328125, 1377.96118164, 3980.40185547, 2531.46508789, 2256.54638672, 1569.23254395, 480.097869873, 1481.6496582, 1075.91638184, 1262.12841797, 2603.66381836, 2220.12426758, 1972.3112793, 1873.42028809, 1042.57141113, 1020.18121338, 969.313842773, 932.982788086, 470.005859375, 293.509521484, 359.061340332, 165.462142944, 130.824752808, 85.0289154053, 39.7198371887, 14.6086807251, 1.9011015892, 0.228945359588, 0.0164807699621, 0.0008729758556, 2.23902479775e-05, 1.20047943142e-07], "median": [0.0305165164173, 0.569162487984, 2.78352594376, 6.85729980469, 7.30531692505, 4.34566116333, 4.56723594666, 5.41519117355, 5.17591285706, 6.35354995728, 8.0326166153, 6.69455528259, 4.76305437088, 3.74880361557, 4.85238265991, 6.28655767441, 6.39792537689, 8.11058425903, 14.1970920563, 14.9786491394, 17.3782653809, 19.5639305115, 18.4835681915, 19.4692382812, 19.3671016693, 16.9253902435, 11.9126729965, 9.83993625641, 10.573928833, 6.81619548798, 3.9222881794, 3.04635071754, 1.95964765549, 0.860173821449, 0.327009022236, 0.121368266642, 0.0256047192961, 0.0038772309199, 0.000403521000408, 5.97048565396e-05], "dmean2": [0.19010476768, 2.14922833443, 4.55616760254, 9.84487628937, 13.0987625122, 10.6271343231, 7.86794281006, 10.0609989166, 10.491768837, 16.4802970886, 24.0025348663, 20.3685836792, 15.7255525589, 11.4938049316, 10.194475174, 16.733335495, 13.9740276337, 16.0291900635, 26.1452865601, 23.7725563049, 24.2053012848, 23.5328464508, 19.7967185974, 19.7466316223, 19.5048599243, 17.5245437622, 11.4199752808, 9.51243209839, 10.4279174805, 6.99729251862, 5.06930923462, 3.93828415871, 2.63896179199, 1.36915838718, 0.549790799618, 0.196214735508, 0.0533901676536, 0.0122868819162, 0.00193538691383, 0.000141599026392], "dmean": [0.108952693641, 1.27501630783, 2.68326735497, 5.89470100403, 7.67743110657, 6.10267496109, 4.86603498459, 6.36274909973, 6.51689100266, 10.3901138306, 15.4544229507, 12.8397293091, 10.1263027191, 7.15987253189, 6.36458492279, 10.4806890488, 8.5051908493, 9.9711894989, 15.9415359497, 14.8162298203, 14.6162986755, 14.3198070526, 12.0751008987, 12.0473079681, 11.8151264191, 10.5087833405, 7.06477975845, 5.86218309402, 6.36287879944, 4.45393037796, 3.29196310043, 2.54973459244, 1.72312164307, 0.91635197401, 0.375681877136, 0.129487752914, 0.0353797599673, 0.00787773076445, 0.00120718346443, 8.86844063643e-05], "var": [0.0640267431736, 7.40684318542, 23.8645381927, 126.38633728, 187.142745972, 160.050109863, 112.752319336, 292.764587402, 342.266357422, 1204.54772949, 3775.63842773, 2868.84838867, 2081.78173828, 1411.33276367, 499.922241211, 1742.95080566, 854.141174316, 1128.68652344, 2473.85498047, 2141.20751953, 2531.10083008, 2160.04003906, 1201.5267334, 1176.60375977, 1157.19921875, 866.531066895, 441.552978516, 253.032821655, 306.045257568, 174.511032104, 96.3259124756, 69.2696228027, 37.9979896545, 11.44551754, 1.64480376244, 0.178613200784, 0.0120162013918, 0.000564334273804, 1.20806271298e-05, 6.06067587228e-08], "dvar": [0.0853583216667, 8.20174694061, 18.1749324799, 74.8467254639, 162.999557495, 199.054153442, 58.4127540588, 135.446838379, 223.575332642, 560.209838867, 1638.99975586, 1027.6114502, 946.509887695, 640.063659668, 198.069274902, 618.852722168, 417.529693604, 516.467102051, 1042.99755859, 888.54296875, 786.347717285, 784.91619873, 416.857055664, 403.849182129, 373.804168701, 348.771453857, 196.953491211, 113.979133606, 136.081939697, 69.6758041382, 55.5484962463, 35.8890037537, 18.023223877, 6.43035173416, 0.866371512413, 0.0992191657424, 0.00709321489558, 0.000368648354197, 9.40347945289e-06, 5.05931332384e-08], "mean": [0.100839726627, 1.44421315193, 4.15991353989, 9.95404624939, 11.3546142578, 7.66447019577, 7.9970831871, 10.8850946426, 11.0390462875, 18.4973869324, 28.2505016327, 23.2535171509, 17.8048973083, 12.1759195328, 11.7821521759, 19.511882782, 14.3345012665, 17.9371089935, 29.3238449097, 29.4017810822, 32.0651283264, 31.3826084137, 27.4038600922, 28.68400383, 28.8992996216, 24.6843852997, 17.1180553436, 14.4134607315, 15.7320203781, 10.9949359894, 6.96058607101, 5.48608446121, 3.72251677513, 1.91125333309, 0.752187430859, 0.262829184532, 0.0657425001264, 0.0129431039095, 0.00168049894273, 0.000136941933306]}, "zerocrossingrate": {"min": 0, "max": 0.271484375, "dvar2": 0.00017765321536, "median": 0.07421875, "dmean2": 0.0133673343807, "dmean": 0.0106671955436, "var": 0.00139026902616, "dvar": 0.000124022786622, "mean": 0.0738029181957}, "spectral_contrast_coeffs": {"min": [-0.890515387058, -0.941524744034, -0.969899296761, -0.938084840775, -0.930174529552, -0.935971736908], "max": [-0.323819190264, -0.437058001757, -0.512387990952, -0.574726164341, -0.616303026676, -0.550733149052], "dvar2": [0.0057739415206, 0.00347773940302, 0.00214364402927, 0.00140506762546, 0.000680456345435, 0.000648197135888], "median": [-0.626211047173, -0.734276652336, -0.780700683594, -0.785059213638, -0.794488549232, -0.742267608643], "dmean2": [0.091467499733, 0.0738628208637, 0.0584237314761, 0.0476144850254, 0.0329370163381, 0.0267359409481], "dmean": [0.0552103668451, 0.0459030307829, 0.0361799150705, 0.0293725021183, 0.0200792755932, 0.0167562644929], "var": [0.00522586377338, 0.0054415022023, 0.003727148287, 0.00239941151813, 0.0013430233812, 0.00194641016424], "dvar": [0.00209817755967, 0.00135766447056, 0.000844045018312, 0.000550437020138, 0.000272352190223, 0.000263134978013], "mean": [-0.621446669102, -0.726763904095, -0.774933636189, -0.782321691513, -0.793492615223, -0.748544335365]}, "dissonance": {"min": 0.141769945621, "max": 0.5, "dvar2": 0.000515434250701, "median": 0.480725765228, "dmean2": 0.0205795224756, "dmean": 0.0123899541795, "var": 0.000871491560247, "dvar": 0.000205501928576, "mean": 0.472128987312}, "spectral_energyband_high": {"min": 1.2028600338e-10, "max": 0.026665052399, "dvar2": 2.75625143331e-06, "median": 0.00120195234194, "dmean2": 0.000841141561978, "dmean": 0.000568993622437, "var": 3.54233816324e-06, "dvar": 1.22502945032e-06, "mean": 0.00173511914909}, "spectral_skewness": {"min": -0.0588324181736, "max": 17.3757553101, "dvar2": 0.264511913061, "median": 1.13720822334, "dmean2": 0.271024107933, "dmean": 0.176099568605, "var": 1.22771048546, "dvar": 0.129928484559, "mean": 1.37288069725}, "spectral_flux": {"min": 3.44023028447e-05, "max": 0.310100138187, "dvar2": 0.0018947267672, "median": 0.0784651041031, "dmean2": 0.0393088273704, "dmean": 0.0249124448746, "var": 0.00232824566774, "dvar": 0.000912038027309, "mean": 0.0846015810966}, "silence_rate_30dB": {"min": 0, "max": 1, "dvar2": 0.000931313086767, "median": 1, "dmean2": 0.000621214450803, "dmean": 0.00031058312743, "var": 0.000155247253133, "dvar": 0.000310456001898, "mean": 0.9998447299}, "spectral_energyband_middle_high": {"min": 1.11225618993e-10, "max": 0.0382761433721, "dvar2": 1.11763465611e-05, "median": 0.00345484213904, "dmean2": 0.0021037068218, "dmean": 0.00134189042728, "var": 2.38665306824e-05, "dvar": 4.58500608147e-06, "mean": 0.00481286179274}, "barkbands_spread": {"min": 0.424312233925, "max": 104.879600525, "dvar2": 131.213394165, "median": 31.4631996155, "dmean2": 10.4498596191, "dmean": 6.49809598923, "var": 290.293823242, "dvar": 54.3625221252, "mean": 30.5480270386}, "spectral_centroid": {"min": 139.645721436, "max": 4591.24609375, "dvar2": 185957.765625, "median": 1756.30029297, "dmean2": 419.149169922, "dmean": 261.505096436, "var": 584711.1875, "dvar": 76378.6953125, "mean": 1657.94055176}, "pitch_salience": {"min": 0.0172938425094, "max": 0.842908918858, "dvar2": 0.0140423262492, "median": 0.563360512257, "dmean2": 0.128635168076, "dmean": 0.0774535387754, "var": 0.0109492968768, "dvar": 0.00522565934807, "mean": 0.554489731789}, "erbbands_skewness": {"min": -4.02035522461, "max": 6.49095010757, "dvar2": 0.263651013374, "median": -0.167451173067, "dmean2": 0.478717327118, "dmean": 0.314284294844, "var": 1.00744962692, "dvar": 0.124878592789, "mean": 0.078877069056}, "erbbands_crest": {"min": 2.10298585892, "max": 27.9762248993, "dvar2": 10.1183195114, "median": 6.24182605743, "dmean2": 3.30140066147, "dmean": 2.03339004517, "var": 13.9856271744, "dvar": 4.15797472, "mean": 7.33711719513}, "melbands": {"min": [7.75312869461e-10, 6.4824716775e-12, 2.40703568188e-11, 1.20823056421e-11, 6.63509785309e-12, 2.59984546912e-12, 1.49727669499e-12, 1.05204245923e-12, 2.01876254428e-12, 3.90293158035e-13, 4.6407658532e-13, 4.49046914019e-13, 7.11029488325e-13, 9.21136973121e-13, 4.64093444664e-13, 3.54055055673e-13, 8.28827187004e-13, 1.04065616801e-12, 6.11182816596e-13, 4.51849576635e-13, 3.67929916135e-13, 4.37482054706e-13, 4.32343424299e-13, 5.03327360259e-13, 3.5517403363e-13, 3.09111379071e-13, 2.73573427367e-13, 3.05060637125e-13, 1.61886563183e-13, 1.28548444133e-13, 1.83725105442e-13, 6.62472667327e-14, 1.14017451622e-13, 1.55017139533e-13, 1.56574582401e-13, 1.62522759465e-13, 2.23285189708e-13, 8.44290254571e-14, 5.12789002883e-14, 6.24917530375e-14], "max": [0.0327839665115, 0.0281655341387, 0.0250180382282, 0.0131325861439, 0.00500693544745, 0.00668747350574, 0.00787829980254, 0.00673667900264, 0.00836177263409, 0.00489344215021, 0.00495027471334, 0.00497181434184, 0.00204958114773, 0.00128684099764, 0.00164756015874, 0.00107621750794, 0.0018340407405, 0.00134610768873, 0.00111242232379, 0.00109704129864, 0.0019993763417, 0.00143684342038, 0.00057785701938, 0.000580773456022, 0.000588172522839, 0.000372830312699, 0.000237654108787, 0.000336495606462, 0.00050593004562, 0.000201216753339, 0.000196649198188, 0.000199444039026, 0.000128077736008, 0.000158866096172, 0.000101904057374, 0.000113382156997, 0.000139856580063, 0.000124001366203, 0.00012585845252, 8.75911064213e-05], "dvar2": [2.52572881436e-05, 1.57880240295e-05, 5.20206367582e-06, 3.3490084661e-06, 2.02957039619e-07, 1.52771477246e-07, 1.38788578852e-07, 1.53354349663e-07, 2.46159203243e-07, 8.73993215578e-08, 5.60308031083e-08, 2.97197892962e-08, 7.13266334884e-09, 7.30512406122e-09, 7.46933004336e-09, 3.31664828934e-09, 5.82126880033e-09, 6.41504938059e-09, 4.37953007193e-09, 3.76780207034e-09, 4.02910860231e-09, 3.68029828834e-09, 1.41852851687e-09, 9.2449353728e-10, 8.77887262885e-10, 6.47728926051e-10, 5.61296065182e-10, 4.35761537965e-10, 2.42510067583e-10, 1.58891289015e-10, 1.19332058124e-10, 1.91159241214e-10, 7.7766022788e-11, 5.25173550481e-11, 5.01367489192e-11, 4.31516627986e-11, 3.57738526302e-11, 2.5582508334e-11, 1.55879354563e-11, 1.09913415175e-11], "median": [0.000436824164353, 0.00140813575126, 0.00134167657234, 0.000428415834904, 0.000168293641764, 0.000128716579638, 7.8476339695e-05, 7.10288368282e-05, 6.23797968728e-05, 3.67395623471e-05, 2.08895580727e-05, 1.31234573928e-05, 1.43009692692e-05, 1.41034925036e-05, 1.64500161191e-05, 1.04930441012e-05, 1.35950267577e-05, 2.0201665393e-05, 2.08039637073e-05, 1.67756479641e-05, 2.01321181521e-05, 2.08014607779e-05, 1.46733082147e-05, 1.53534747369e-05, 1.45230824273e-05, 1.35944665089e-05, 1.28448846226e-05, 1.02337426142e-05, 7.13172084943e-06, 6.01803731115e-06, 5.48953539692e-06, 6.09543531027e-06, 5.10840391144e-06, 2.94551296065e-06, 2.34695789914e-06, 1.63113963936e-06, 1.88887713648e-06, 1.4264787751e-06, 9.7835447832e-07, 6.23953155809e-07], "dmean2": [0.00212872377597, 0.00242314534262, 0.00166069169063, 0.000885510060471, 0.000288071692921, 0.000225131181651, 0.000162455646205, 0.000184901829925, 0.000193346932065, 0.000121872864838, 7.78068861109e-05, 4.75350498164e-05, 3.74941373593e-05, 3.95560600737e-05, 4.00514945795e-05, 2.6292509574e-05, 3.28210589942e-05, 4.14904134232e-05, 3.35172153427e-05, 3.12426054734e-05, 3.36419798259e-05, 3.04688801407e-05, 2.14537212742e-05, 1.88705962501e-05, 1.77490401256e-05, 1.59150222316e-05, 1.47194059537e-05, 1.20477579912e-05, 7.8446655607e-06, 7.26439702703e-06, 6.20939954388e-06, 7.19483796274e-06, 5.26999929207e-06, 3.71412397726e-06, 3.35527943207e-06, 2.65457833848e-06, 2.58485601989e-06, 2.14471583604e-06, 1.59897524554e-06, 1.16877902201e-06], "dmean": [0.00124345545191, 0.00146351859439, 0.000991803244688, 0.000510415644385, 0.000176189641934, 0.000142313801916, 0.000100855999335, 0.000117005001812, 0.000123868157971, 7.64449941926e-05, 5.01526264998e-05, 2.97176775348e-05, 2.31174526562e-05, 2.46435047302e-05, 2.44300208578e-05, 1.62189953699e-05, 2.03335766855e-05, 2.53540056292e-05, 2.07022985705e-05, 1.93251325982e-05, 2.02723731491e-05, 1.85082481039e-05, 1.29944073706e-05, 1.13568012239e-05, 1.07711557575e-05, 9.65094568528e-06, 8.7616745077e-06, 7.22014783605e-06, 4.79741038362e-06, 4.44892884843e-06, 3.76733692065e-06, 4.27905069955e-06, 3.28356304635e-06, 2.34993035519e-06, 2.13520161196e-06, 1.71085264355e-06, 1.63779225204e-06, 1.36716573707e-06, 1.05094750324e-06, 7.64126923514e-07], "var": [7.71674058342e-06, 7.71733266447e-06, 3.21134280057e-06, 9.94698552859e-07, 1.275524113e-07, 1.37319631222e-07, 8.2589700412e-08, 1.40262741866e-07, 2.39793706669e-07, 9.51704990371e-08, 5.17920462073e-08, 2.70614926023e-08, 6.94830726289e-09, 8.04447797265e-09, 6.94781521204e-09, 2.77875744636e-09, 4.93274621149e-09, 6.39447028661e-09, 3.61578966768e-09, 3.76016640047e-09, 5.28337595895e-09, 4.12808276451e-09, 1.30321564651e-09, 9.83078396466e-10, 8.65611526901e-10, 7.6559575346e-10, 4.76976846908e-10, 3.9154646192e-10, 2.10328865435e-10, 1.20671972414e-10, 9.30396662491e-11, 1.1994354121e-10, 8.098033355e-11, 4.77586095671e-11, 3.49108138231e-11, 2.93321408829e-11, 2.70479957876e-11, 2.13966882406e-11, 1.42775131995e-11, 7.48468648171e-12], "dvar": [9.49092736846e-06, 6.20372065896e-06, 1.89704360309e-06, 1.18402510907e-06, 7.6948289518e-08, 6.31566621223e-08, 5.36495576853e-08, 6.32678833767e-08, 1.01052513912e-07, 3.55005767005e-08, 2.35705073237e-08, 1.20983409957e-08, 2.89429613609e-09, 3.03583957972e-09, 2.91923374363e-09, 1.33847954942e-09, 2.37203701126e-09, 2.59388710511e-09, 1.71299507912e-09, 1.52887480454e-09, 1.61707791602e-09, 1.56744062174e-09, 5.63193935932e-10, 3.5947436694e-10, 3.44339140534e-10, 2.54427146018e-10, 2.08129860568e-10, 1.6242840406e-10, 1.01558969567e-10, 6.22820683915e-11, 4.54309784237e-11, 6.94508339727e-11, 3.11141355736e-11, 2.19712963101e-11, 2.10188828148e-11, 1.82306982011e-11, 1.43775217426e-11, 1.09825551431e-11, 7.22944143786e-12, 4.64983433701e-12], "mean": [0.00126231031027, 0.00221019447781, 0.00177783379331, 0.000685253355186, 0.000284856039798, 0.000246725947363, 0.000172367101186, 0.000209130317671, 0.000227623488172, 0.000133190857014, 8.51322765811e-05, 4.82676041429e-05, 3.90472305298e-05, 4.42281561845e-05, 4.29667634307e-05, 2.60012402578e-05, 3.41465965903e-05, 4.53439897683e-05, 3.90698514821e-05, 3.68686742149e-05, 4.04445054301e-05, 3.65868872905e-05, 2.49928107223e-05, 2.39494911511e-05, 2.28257358685e-05, 2.17204051296e-05, 1.90269238374e-05, 1.5648707631e-05, 1.07180230771e-05, 9.22645813262e-06, 8.34040747577e-06, 9.33587216423e-06, 7.86821874499e-06, 5.21998617842e-06, 4.17669843955e-06, 3.29442286784e-06, 3.3753808566e-06, 2.76152968581e-06, 2.06778395295e-06, 1.49058973875e-06]}, "spectral_entropy": {"min": 3.78079247475, "max": 8.79758739471, "dvar2": 0.0574287138879, "median": 7.90568161011, "dmean2": 0.195233806968, "dmean": 0.130588635802, "var": 0.42249417305, "dvar": 0.0289999209344, "mean": 7.71029233932}, "spectral_rolloff": {"min": 21.533203125, "max": 10529.7363281, "dvar2": 1963691.5, "median": 1744.18945312, "dmean2": 1070.39160156, "dmean": 643.807312012, "var": 2463438.25, "dvar": 822911.625, "mean": 1874.82666016}, "barkbands": {"min": [4.57685889188e-10, 5.67316305045e-10, 1.18785805844e-11, 4.47088338573e-11, 4.74622702251e-11, 2.21681614038e-11, 6.95092507857e-12, 4.69719879312e-12, 2.55597821554e-12, 2.27728816707e-12, 5.35702428597e-12, 8.27421898358e-12, 2.64847280392e-12, 9.99883856267e-12, 8.84249097555e-12, 6.67887923786e-12, 8.33664647731e-12, 1.0318659989e-11, 6.71161650562e-12, 8.97066188693e-12, 6.70865489896e-12, 4.76775736946e-12, 9.45929966301e-12, 1.11296831126e-11, 1.06248091922e-11, 1.83016674732e-11, 6.68359603773e-11], "max": [0.00238056457601, 0.138519465923, 0.0659391134977, 0.0717723220587, 0.0495528876781, 0.0338807031512, 0.0402973815799, 0.0377878025174, 0.0303454566747, 0.0323720313609, 0.0132009787485, 0.0121479900554, 0.0174004584551, 0.0151866739616, 0.0162097625434, 0.0144148692489, 0.0323785804212, 0.0134862288833, 0.00719533115625, 0.0103976158425, 0.0105218105018, 0.0076806107536, 0.0085471123457, 0.0074790394865, 0.00617238366976, 0.00134406215511, 0.000393643567804], "dvar2": [8.73798242651e-08, 0.000374272000045, 4.99674388266e-05, 3.16830883094e-05, 4.98390727444e-05, 3.59257455784e-06, 3.89394654121e-06, 6.27976896794e-06, 3.90463492295e-06, 2.18966624743e-06, 3.94964473571e-07, 6.40337418645e-07, 5.45116506601e-07, 5.29033798102e-07, 1.07568371277e-06, 6.14768339346e-07, 1.08335507321e-06, 3.43767368349e-07, 3.43186087548e-07, 3.69578486925e-07, 2.03440336577e-07, 2.48821748983e-07, 1.56304423626e-07, 1.54821421461e-07, 6.51856737477e-08, 6.24539930882e-09, 8.53834725145e-10], "median": [2.06978293136e-05, 0.00199013180099, 0.00250440067612, 0.00226018065587, 0.00177013897337, 0.00071445829235, 0.000327643356286, 0.00033995200647, 0.000241447196458, 0.000118721065519, 9.93845169432e-05, 0.000124503072584, 0.000108348744106, 0.000146497040987, 0.000314236385748, 0.0002264547511, 0.00036553706741, 0.000321454514051, 0.000392435584217, 0.000346940068994, 0.000254181155469, 0.000306666566757, 0.000133255613036, 0.000138300645631, 5.8120705944e-05, 1.84607470146e-05, 2.34532353716e-06], "dmean2": [0.000128793923068, 0.00867614988238, 0.00466168578714, 0.00371447158977, 0.00346553069539, 0.00117136770859, 0.000836223072838, 0.00107038835995, 0.000825920142233, 0.000470764032798, 0.000281678745523, 0.000362264574505, 0.0003134762228, 0.000326044682879, 0.000550918630324, 0.000403116689995, 0.000531784258783, 0.000370423338609, 0.00038813430001, 0.000357228738721, 0.000251895253314, 0.000284785201075, 0.00017044346896, 0.000169285936863, 9.58082528086e-05, 3.32021445502e-05, 1.17780891742e-05], "dmean": [8.10498604551e-05, 0.00512228626758, 0.00272330641747, 0.00221997220069, 0.00200321641751, 0.000739473616704, 0.000516568950843, 0.000689501175657, 0.000516455504112, 0.000302300322801, 0.000171893261722, 0.000225477735512, 0.000190134291188, 0.000202151044505, 0.000338136858772, 0.00024336714705, 0.000321730214637, 0.00022481715132, 0.000237699307036, 0.000214158120798, 0.000156219597557, 0.000174557659193, 0.000111431989353, 0.000110620509076, 6.51902082609e-05, 2.19782396016e-05, 7.35016601539e-06], "var": [4.49400729963e-08, 0.000124156926177, 2.56138137047e-05, 1.83689462574e-05, 1.5158363567e-05, 3.27977227244e-06, 2.49362324212e-06, 5.98171891397e-06, 4.29764395449e-06, 2.17290448745e-06, 3.5345277638e-07, 7.25767449694e-07, 4.01649742798e-07, 5.25630525772e-07, 9.5001672662e-07, 5.83318069403e-07, 1.391671276e-06, 4.15100998907e-07, 4.64883612494e-07, 3.42553107657e-07, 1.84090481525e-07, 2.39179513528e-07, 1.17716297154e-07, 1.48066391148e-07, 5.41366844686e-08, 4.87268358995e-09, 4.59790094887e-10], "dvar": [3.99990121025e-08, 0.000142637683894, 1.79414255399e-05, 1.16860428534e-05, 1.76057801582e-05, 1.47675768858e-06, 1.48732260641e-06, 2.61453192252e-06, 1.55522957357e-06, 9.15389989586e-07, 1.56694511588e-07, 2.6876725201e-07, 2.11257017213e-07, 2.12418740375e-07, 4.2292177227e-07, 2.44403651095e-07, 4.46802772558e-07, 1.41502553674e-07, 1.35337529628e-07, 1.38880068334e-07, 8.2522845446e-08, 9.70395603872e-08, 6.61501928789e-08, 6.856902246e-08, 2.91004198516e-08, 2.71166777921e-09, 3.59139995521e-10], "mean": [8.88247959665e-05, 0.00551624968648, 0.00408137496561, 0.00354545447044, 0.00277488562278, 0.00129331939388, 0.000863861234393, 0.00120097200852, 0.000901604013052, 0.000506403273903, 0.000277786253719, 0.000401245313697, 0.000285460526356, 0.000367040047422, 0.000620024628006, 0.000471902545542, 0.000654016446788, 0.000491008453537, 0.000590285344515, 0.000504128518514, 0.000374551484128, 0.000447376572993, 0.000241971065407, 0.000249116274063, 0.000134795584017, 4.32731430919e-05, 1.02822505141e-05]}, "melbands_flatness_db": {"min": 0.024698106572, "max": 0.741234958172, "dvar2": 0.00199803034775, "median": 0.159790366888, "dmean2": 0.045449487865, "dmean": 0.0290199108422, "var": 0.00985952746123, "dvar": 0.000847708259244, "mean": 0.186010614038}, "melbands_skewness": {"min": -0.503395140171, "max": 26.1985397339, "dvar2": 2.9762263298, "median": 2.92081785202, "dmean2": 1.47562754154, "dmean": 0.928644835949, "var": 3.75198507309, "dvar": 1.22197985649, "mean": 3.34332108498}, "barkbands_skewness": {"min": -2.13463258743, "max": 20.0662021637, "dvar2": 1.33390629292, "median": 1.41525626183, "dmean2": 0.965298116207, "dmean": 0.604220747948, "var": 2.07465195656, "dvar": 0.539895355701, "mean": 1.72603237629}, "silence_rate_60dB": {"min": 0, "max": 1, "dvar2": 0.0428462736309, "median": 0, "dmean2": 0.0416213683784, "dmean": 0.0208090692759, "var": 0.0758493542671, "dvar": 0.0203770585358, "mean": 0.0826863348484}, "spectral_energyband_low": {"min": 3.36446492888e-09, "max": 0.147831335664, "dvar2": 0.000404863210861, "median": 0.00784722249955, "dmean2": 0.0122817615047, "dmean": 0.00750044174492, "var": 0.000200446404051, "dvar": 0.000161432559253, "mean": 0.0117528205737}, "spectral_energyband_middle_low": {"min": 1.72412084609e-10, "max": 0.0815540924668, "dvar2": 0.000113268994028, "median": 0.00870656594634, "dmean2": 0.00749797001481, "dmean": 0.00451633706689, "var": 7.81326380093e-05, "dvar": 4.18710624217e-05, "mean": 0.0108280787244}, "melbands_kurtosis": {"min": -1.79931473732, "max": 736.432006836, "dvar2": 1406.00793457, "median": 10.6587104797, "dmean2": 18.2971363068, "dmean": 11.2109651566, "var": 980.767944336, "dvar": 552.293457031, "mean": 20.6615715027}, "spectral_decrease": {"min": -4.0012530178e-08, "max": -1.42354104121e-15, "dvar2": 3.06786796992e-17, "median": -5.77125724988e-09, "dmean2": 4.08834432974e-09, "dmean": 2.54002774369e-09, "var": 2.30228336168e-17, "dvar": 1.24264133963e-17, "mean": -6.51422515929e-09}, "erbbands_kurtosis": {"min": -1.90011179447, "max": 60.7983436584, "dvar2": 11.2084121704, "median": -0.455082893372, "dmean2": 1.43775701523, "dmean": 0.94315713644, "var": 15.3978147507, "dvar": 5.13980722427, "mean": 0.580270469189}, "melbands_crest": {"min": 3.26984882355, "max": 39.7721405029, "dvar2": 21.985408783, "median": 13.9371070862, "dmean2": 5.62003612518, "dmean": 3.37500429153, "var": 21.5908794403, "dvar": 8.22867107391, "mean": 14.2781143188}, "gfcc": {"cov": [[11701.9921875, -2785.97509766, -1534.29150391, 400.689117432, -237.762359619, 702.429870605, 166.067123413, 769.345031738, 192.401779175, 225.816482544, -328.58215332, 114.209671021, -214.619049072], [-2785.97509766, 1413.14074707, 404.000427246, -161.043273926, 89.9789199829, -231.072494507, 23.031627655, -217.397567749, -2.12908053398, -87.006942749, 124.543716431, -78.1246643066, 72.0220108032], [-1534.29150391, 404.000427246, 763.968383789, 21.2236976624, 65.4792175293, -64.8033599854, -44.7762069702, -109.988197327, -30.2469329834, -32.5838127136, 82.3706588745, 2.50553822517, 28.3080940247], [400.689117432, -161.043273926, 21.2236976624, 365.271759033, 67.8524169922, 43.6157341003, -23.4401302338, 41.42603302, 38.5782546997, 5.49226474762, 7.98508787155, 38.6519317627, 13.6619615555], [-237.762359619, 89.9789199829, 65.4792175293, 67.8524169922, 278.098815918, 35.2160606384, 40.2493133545, -32.2464179993, 4.85520362854, -2.92280745506, 14.2584867477, 7.71365499496, 44.1294746399], [702.429870605, -231.072494507, -64.8033599854, 43.6157341003, 35.2160606384, 205.049026489, 79.3640213013, 75.4032440186, 11.2426710129, 24.745141983, -8.60859394073, 12.4293785095, -14.1183309555], [166.067123413, 23.031627655, -44.7762069702, -23.4401302338, 40.2493133545, 79.3640213013, 141.919555664, 52.5089492798, 20.0627841949, 7.21443080902, 6.21491765976, -6.1746339798, -7.46394014359], [769.345031738, -217.397567749, -109.988197327, 41.42603302, -32.2464179993, 75.4032440186, 52.5089492798, 157.994415283, 70.5396499634, 31.7577819824, -27.4532928467, 11.9031934738, -19.9032974243], [192.401779175, -2.12908053398, -30.2469329834, 38.5782546997, 4.85520362854, 11.2426710129, 20.0627841949, 70.5396499634, 104.438369751, 36.034450531, 0.034453637898, -1.74012196064, -1.3077429533], [225.816482544, -87.006942749, -32.5838127136, 5.49226474762, -2.92280745506, 24.745141983, 7.21443080902, 31.7577819824, 36.034450531, 75.4640579224, 15.8633947372, 4.76816368103, -9.60519218445], [-328.58215332, 124.543716431, 82.3706588745, 7.98508787155, 14.2584867477, -8.60859394073, 6.21491765976, -27.4532928467, 0.034453637898, 15.8633947372, 78.3684310913, 19.7206821442, 7.16215229034], [114.209671021, -78.1246643066, 2.50553822517, 38.6519317627, 7.71365499496, 12.4293785095, -6.1746339798, 11.9031934738, -1.74012196064, 4.76816368103, 19.7206821442, 67.4256057739, 19.1991233826], [-214.619049072, 72.0220108032, 28.3080940247, 13.6619615555, 44.1294746399, -14.1183309555, -7.46394014359, -19.9032974243, -1.3077429533, -9.60519218445, 7.16215229034, 19.1991233826, 68.9891815186]], "icov": [[0.000225777097512, 0.000225819108891, 0.000224486691877, -8.77033016877e-05, 2.47155876423e-05, -0.000266103481408, 5.77973551117e-05, -0.000432379980339, 1.89761340152e-05, -6.67320928187e-05, 0.000180347371497, -5.2676332416e-05, 0.00019013156998], [0.000225819108891, 0.00223612016998, -0.000192639810848, 0.000422062061261, -5.25184914295e-05, 0.00117783714086, -0.00141697493382, 0.00131371011958, -0.00206461944617, 0.00222323252819, -0.00265558809042, 0.00231881067157, -0.00123533711303], [0.000224486691877, -0.000192639810848, 0.00197718502022, -0.000260925415205, -0.000234624836594, -0.000558599014767, 0.00084628345212, -0.000286426366074, 0.000232768914429, 0.000360453996109, -0.00107733975165, -8.01453861641e-05, 0.000373282178771], [-8.77033016877e-05, 0.000422062061261, -0.000260925415205, 0.0037098263856, -0.00108659034595, -0.000459155649878, 0.00144600053318, -0.000345369742718, -0.00180992577225, 0.00166658195667, -0.0013518818887, -0.000812314334325, -0.000119029049529], [2.47155876423e-05, -5.25184914295e-05, -0.000234624836594, -0.00108659034595, 0.00506402133033, -0.000990174245089, -0.00209369300865, 0.00248816050589, -0.000960873730946, -0.000560237036552, 0.000907764770091, 2.0216597477e-05, -0.00270347599871], [-0.000266103481408, 0.00117783714086, -0.000558599014767, -0.000459155649878, -0.000990174245089, 0.00942724850029, -0.00472463015467, -0.00140047981404, 0.00168016401585, -0.000760178023484, -0.00128754321486, 0.00083817896666, -0.000263461988652], [5.77973551117e-05, -0.00141697493382, 0.00084628345212, 0.00144600053318, -0.00209369300865, -0.00472463015467, 0.0129705537111, -0.0054471809417, 0.00103603408206, 0.00105855322909, -0.00217347661965, 0.000853062083479, 0.00138487480581], [-0.000432379980339, 0.00131371011958, -0.000286426366074, -0.000345369742718, 0.00248816050589, -0.00140047981404, -0.0054471809417, 0.018813803792, -0.0110457604751, 0.000718511641026, 0.00337683968246, -0.00293063186109, 0.000785279436968], [1.89761340152e-05, -0.00206461944617, 0.000232768914429, -0.00180992577225, -0.000960873730946, 0.00168016401585, 0.00103603408206, -0.0110457604751, 0.0202585309744, -0.00836554076523, 0.00109881360549, 0.00151459127665, -0.000955077062827], [-6.67320928187e-05, 0.00222323252819, 0.000360453996109, 0.00166658195667, -0.000560237036552, -0.000760178023484, 0.00105855322909, 0.000718511641026, -0.00836554076523, 0.0217292420566, -0.0093025220558, 0.00269158976153, 0.000601536827162], [0.000180347371497, -0.00265558809042, -0.00107733975165, -0.0013518818887, 0.000907764770091, -0.00128754321486, -0.00217347661965, 0.00337683968246, 0.00109881360549, -0.0093025220558, 0.0243062991649, -0.0105261309072, 0.00306969136], [-5.2676332416e-05, 0.00231881067157, -8.01453861641e-05, -0.000812314334325, 2.0216597477e-05, 0.00083817896666, 0.000853062083479, -0.00293063186109, 0.00151459127665, 0.00269158976153, -0.0105261309072, 0.0237477645278, -0.00809804163873], [0.00019013156998, -0.00123533711303, 0.000373282178771, -0.000119029049529, -0.00270347599871, -0.000263461988652, 0.00138487480581, 0.000785279436968, -0.000955077062827, 0.000601536827162, 0.00306969136, -0.00809804163873, 0.020298903808]], "mean": [10.0628604889, 71.3227615356, -101.274040222, 51.6187057495, -55.4317626953, 10.2024116516, -39.4789772034, 6.06192493439, -22.1118869781, -0.742094993591, -19.5833415985, -6.90275907516, -16.1307964325]}, "melbands_spread": {"min": 0.485942691565, "max": 218.259353638, "dvar2": 303.885742188, "median": 24.292137146, "dmean2": 14.1095132828, "dmean": 8.72025871277, "var": 455.520812988, "dvar": 122.834121704, "mean": 28.3880901337}, "spectral_energy": {"min": 5.6093161227e-09, "max": 0.152547255158, "dvar2": 0.000454902648926, "median": 0.0243263244629, "dmean2": 0.015868794173, "dmean": 0.00992195960134, "var": 0.000370883499272, "dvar": 0.000185269964277, "mean": 0.026937302202}, "mfcc": {"cov": [[11337.2041016, -2188.49682617, -1519.97668457, -360.566223145, -221.007843018, -27.4183959961, 59.892868042, 381.768188477, 576.210327148, 232.115646362, 352.294616699, 236.538742065, 156.083267212], [-2188.49682617, 1037.3215332, 338.362335205, 55.2395858765, -1.57716429234, -5.45671606064, -1.19441199303, -63.9563903809, -128.282272339, -14.1705303192, -40.3081626892, -56.8690948486, -35.0309944153], [-1519.97668457, 338.362335205, 622.695617676, 71.3987350464, 61.5266418457, -2.50862789154, -3.20132660866, -46.034778595, -109.866714478, -31.0517978668, -41.9006309509, -2.96184134483, -32.7360687256], [-360.566223145, 55.2395858765, 71.3987350464, 285.704803467, 126.962791443, 21.7704982758, -17.9081783295, 0.649903357029, -3.41152834892, -23.788230896, -24.0445423126, 12.7446861267, 17.3235912323], [-221.007843018, -1.57716429234, 61.5266418457, 126.962791443, 206.940597534, 66.6077575684, 20.1861457825, -3.89568066597, 16.9516353607, -24.5209636688, -24.9391136169, 13.26907444, 13.5769119263], [-27.4183959961, -5.45671606064, -2.50862789154, 21.7704982758, 66.6077575684, 129.602981567, 74.4527359009, 14.8904647827, 12.3702468872, -5.72264480591, 5.52581119537, 7.1359167099, 4.27329826355], [59.892868042, -1.19441199303, -3.20132660866, -17.9081783295, 20.1861457825, 74.4527359009, 133.36529541, 40.984577179, 14.6109008789, -0.918747127056, 12.2078580856, 9.01193237305, 4.33689546585], [381.768188477, -63.9563903809, -46.034778595, 0.649903357029, -3.89568066597, 14.8904647827, 40.984577179, 111.709999084, 57.5313835144, 21.5177440643, 25.429693222, 22.5415897369, 15.0971441269], [576.210327148, -128.282272339, -109.866714478, -3.41152834892, 16.9516353607, 12.3702468872, 14.6109008789, 57.5313835144, 131.043899536, 46.7635231018, 30.6035957336, 17.4645462036, 17.8633499146], [232.115646362, -14.1705303192, -31.0517978668, -23.788230896, -24.5209636688, -5.72264480591, -0.918747127056, 21.5177440643, 46.7635231018, 98.3028182983, 47.4855155945, 6.81970214844, -1.27697598934], [352.294616699, -40.3081626892, -41.9006309509, -24.0445423126, -24.9391136169, 5.52581119537, 12.2078580856, 25.429693222, 30.6035957336, 47.4855155945, 94.5762557983, 41.224357605, 13.3872013092], [236.538742065, -56.8690948486, -2.96184134483, 12.7446861267, 13.26907444, 7.1359167099, 9.01193237305, 22.5415897369, 17.4645462036, 6.81970214844, 41.224357605, 82.9234008789, 34.2514228821], [156.083267212, -35.0309944153, -32.7360687256, 17.3235912323, 13.5769119263, 4.27329826355, 4.33689546585, 15.0971441269, 17.8633499146, -1.27697598934, 13.3872013092, 34.2514228821, 67.6376647949]], "icov": [[0.000224797593546, 0.000310142087983, 0.000277670595096, 0.000100349279819, 5.51853918296e-05, 9.18130608625e-05, 7.43689770388e-06, -0.000249334523687, -0.000255506805843, -1.34885058287e-05, -0.00031700078398, -0.000174200627953, 7.04674994267e-06], [0.000310142087983, 0.00173882488161, -0.000203639428946, -0.000139095936902, 0.000292911718134, 8.71588199516e-05, -0.000220894653467, -0.000193135754671, 0.0004679938138, -0.000461947580334, -0.000561147928238, 0.000662289559841, -0.000241720757913], [0.000277670595096, -0.000203639428946, 0.00271585676819, 1.24109033095e-06, -0.000798732507974, 0.000584855442867, -0.000239991044509, -0.000455757952295, 0.00129261554684, -0.000551536562853, 0.000328253634507, -0.00146588648204, 0.00113394856453], [0.000100349279819, -0.000139095936902, 1.24109033095e-06, 0.00528457388282, -0.00322938105091, 0.000100845194538, 0.00146109331399, -0.00121317792218, 0.000359016295988, 0.000229067634791, 0.000250192824751, -0.00041699319263, -0.000766395125538], [5.51853918296e-05, 0.000292911718134, -0.000798732507974, -0.00322938105091, 0.0091649228707, -0.00413447571918, 0.000194437583559, 0.00160242815036, -0.00283021805808, 0.00104939215817, 0.0019885560032, -0.00136126892176, -0.000420665513957], [9.18130608625e-05, 8.71588199516e-05, 0.000584855442867, 0.000100845194538, -0.00413447571918, 0.0140444962308, -0.00737816048786, 0.000833545636851, -5.24168717675e-06, 0.000286308524664, -0.00158948276658, 0.000422700570198, 0.000427465362009], [7.43689770388e-06, -0.000220894653467, -0.000239991044509, 0.00146109331399, 0.000194437583559, -0.00737816048786, 0.0131268976256, -0.00441941991448, 0.000530100427568, 0.000945531821344, -0.00055764260469, 0.000108869891847, -0.000116982904729], [-0.000249334523687, -0.000193135754671, -0.000455757952295, -0.00121317792218, 0.00160242815036, 0.000833545636851, -0.00441941991448, 0.0141791049391, -0.00525083346292, 8.16045503598e-05, -0.000106875137135, -0.00160834542476, -0.000466408848297], [-0.000255506805843, 0.0004679938138, 0.00129261554684, 0.000359016295988, -0.00283021805808, -5.24168717675e-06, 0.000530100427568, -0.00525083346292, 0.0149949295446, -0.00577704049647, 0.000421637523687, 0.000528065022081, -0.0013480122434], [-1.34885058287e-05, -0.000461947580334, -0.000551536562853, 0.000229067634791, 0.00104939215817, 0.000286308524664, 0.000945531821344, 8.16045503598e-05, -0.00577704049647, 0.0167971216142, -0.00814247503877, 0.0027226107195, 0.00123443431221], [-0.00031700078398, -0.000561147928238, 0.000328253634507, 0.000250192824751, 0.0019885560032, -0.00158948276658, -0.00055764260469, -0.000106875137135, 0.000421637523687, -0.00814247503877, 0.0204222146422, -0.00950177013874, 0.000801055692136], [-0.000174200627953, 0.000662289559841, -0.00146588648204, -0.00041699319263, -0.00136126892176, 0.000422700570198, 0.000108869891847, -0.00160834542476, 0.000528065022081, 0.0027226107195, -0.00950177013874, 0.0214597582817, -0.00833366718143], [7.04674994267e-06, -0.000241720757913, 0.00113394856453, -0.000766395125538, -0.000420665513957, 0.000427465362009, -0.000116982904729, -0.000466408848297, -0.0013480122434, 0.00123443431221, 0.000801055692136, -0.00833366718143, 0.0199982654303]], "mean": [-632.436218262, 94.2352371216, 14.6691360474, 38.6088867188, 9.93060874939, 7.34674596786, -3.0351934433, 2.31382107735, -0.724005997181, 3.5672492981, -0.423996090889, -2.32460713387, -2.76142191887]}, "spectral_contrast_valleys": {"min": [-16.7910614014, -15.9440565109, -16.3058300018, -16.9123268127, -16.1761455536, -17.5032234192], "max": [-5.20671319962, -4.59475278854, -5.48689126968, -5.7539024353, -5.43069553375, -7.28676748276], "dvar2": [0.323646664619, 0.240783929825, 0.203630194068, 0.18452052772, 0.166624173522, 0.172733068466], "median": [-6.94412517548, -6.73356437683, -7.54474925995, -7.46528816223, -6.81178474426, -9.40385627747], "dmean2": [0.695833981037, 0.574439167976, 0.519088923931, 0.441135108471, 0.341656863689, 0.317847162485], "dmean": [0.430097937584, 0.359620004892, 0.327313482761, 0.28150343895, 0.219323679805, 0.228095263243], "var": [0.935928225517, 0.92185151577, 1.14997553825, 1.42951691151, 1.76675331593, 1.84030485153], "dvar": [0.133945629001, 0.100568979979, 0.0902667939663, 0.0831654816866, 0.0746098384261, 0.0929686203599], "mean": [-7.14270496368, -6.9337143898, -7.75462341309, -7.81906986237, -7.27735185623, -9.76961708069]}, "barkbands_flatness_db": {"min": 0.0212460737675, "max": 0.585891187191, "dvar2": 0.00124088581651, "median": 0.0939478650689, "dmean2": 0.0339854881167, "dmean": 0.021614888683, "var": 0.00604359759018, "dvar": 0.000529660843313, "mean": 0.118098773062}, "dynamic_complexity": 3.19004893303, "erbbands_flatness_db": {"min": 0.0330011993647, "max": 0.503834187984, "dvar2": 0.000389798573451, "median": 0.117532551289, "dmean2": 0.0193959102035, "dmean": 0.0132185388356, "var": 0.00240213982761, "dvar": 0.000204805226531, "m