{"lowlevel": {"spectral_complexity": {"min": 0, "max": 62, "dvar2": 70.1452026367, "median": 19, "dmean2": 7.66986036301, "dmean": 4.99876832962, "var": 139.213058472, "dvar": 35.8356742859, "mean": 20.6090583801}, "silence_rate_20dB": {"min": 1, "max": 1, "dvar2": 0, "median": 1, "dmean2": 0, "dmean": 0, "var": 0, "dvar": 0, "mean": 1}, "average_loudness": 0.934717655182, "erbbands_spread": {"min": 6.35428667068, "max": 134.145401001, "dvar2": 333.081817627, "median": 49.6393585205, "dmean2": 17.5479431152, "dmean": 11.25066185, "var": 373.314880371, "dvar": 130.989944458, "mean": 50.7327804565}, "spectral_kurtosis": {"min": -1.24487912655, "max": 16.5037193298, "dvar2": 1.44233572483, "median": 1.81764268875, "dmean2": 1.05045413971, "dmean": 0.633202910423, "var": 1.19689536095, "dvar": 0.525826096535, "mean": 2.00957131386}, "barkbands_kurtosis": {"min": -1.91082382202, "max": 179.904571533, "dvar2": 137.387130737, "median": 0.316069841385, "dmean2": 4.47359037399, "dmean": 2.58740377426, "var": 41.5659866333, "dvar": 46.377620697, "mean": 1.84467601776}, "spectral_strongpeak": {"min": 0, "max": 10.0136299133, "dvar2": 1.21505975723, "median": 0.319389641285, "dmean2": 0.721827745438, "dmean": 0.42163130641, "var": 0.611179709435, "dvar": 0.461449831724, "mean": 0.587226569653}, "spectral_spread": {"min": 2100694.75, "max": 42211168, "dvar2": 755800473600, "median": 5629703, "dmean2": 817689.75, "dmean": 542181.625, "var": 3946159800320.0, "dvar": 404433403904, "mean": 5734301.5}, "spectral_rms": {"min": 3.17490955401e-12, "max": 0.0170394293964, "dvar2": 7.34221248422e-06, "median": 0.00369862094522, "dmean2": 0.00173704046756, "dmean": 0.00111927895341, "var": 5.4961992646e-06, "dvar": 3.07618302031e-06, "mean": 0.00428202468902}, "erbbands": {"min": [4.79383546137e-23, 1.18057060812e-21, 5.01251498706e-21, 6.14294413192e-21, 2.38340509747e-20, 3.70147135934e-20, 1.215462811e-19, 1.59581273511e-19, 1.06552307716e-19, 2.97500470388e-19, 5.43093341086e-19, 7.29773271185e-19, 4.67043596339e-19, 7.6210217786e-19, 1.41690000512e-18, 1.97594836775e-18, 2.17667780546e-18, 2.83750309104e-18, 3.21471358039e-18, 2.67487462633e-18, 5.86002828714e-18, 6.08503423506e-18, 6.44353720767e-18, 7.98229291114e-18, 8.86628594252e-18, 1.2360090882e-17, 1.30378636507e-17, 1.17232908505e-17, 1.13870998341e-17, 1.20030664947e-17, 1.08496003536e-17, 1.09760448364e-17, 1.15283690479e-17, 1.00498010737e-17, 6.57984540568e-18, 4.36936486449e-18, 2.55375553232e-18, 1.0320811085e-18, 2.67579150434e-19, 2.76753662639e-20], "max": [3.07292723656, 45.0130729675, 149.286682129, 160.272262573, 95.9756698608, 103.730606079, 328.63873291, 286.637908936, 547.419189453, 460.484527588, 704.20111084, 1041.16821289, 687.050231934, 1674.75500488, 921.884460449, 1035.05895996, 627.589355469, 869.751647949, 1513.65527344, 734.463684082, 560.940979004, 786.851257324, 415.527832031, 518.347045898, 626.404907227, 484.737609863, 415.958129883, 278.795043945, 527.844726562, 566.863525391, 382.520172119, 163.483718872, 239.663345337, 147.764312744, 63.5152320862, 16.5393447876, 3.41816949844, 0.669749200344, 0.0777061209083, 0.00480083748698], "dvar2": [0.157819598913, 59.0271530151, 642.977416992, 697.454467773, 67.2072677612, 179.237197876, 536.041809082, 325.224578857, 434.160858154, 658.578308105, 4420.31347656, 3242.71142578, 1453.79614258, 8401.99902344, 3137.16064453, 5712.67285156, 2579.71044922, 3483.54370117, 5444.89208984, 2037.74719238, 778.639526367, 734.796081543, 590.121704102, 1165.20898438, 1582.90820312, 1111.95031738, 699.472595215, 421.592559814, 671.425964355, 2454.89379883, 1643.00610352, 150.440368652, 169.9815979, 53.4443855286, 9.11487770081, 0.664013922215, 0.0422007702291, 0.00314227072522, 0.000114912829304, 1.79904901643e-07], "median": [0.0425026640296, 0.340234398842, 1.30888533592, 0.982559680939, 1.43743681908, 3.04632091522, 4.42551898956, 4.14544391632, 3.59900426865, 4.00389003754, 8.95664596558, 9.90197849274, 5.59810638428, 10.3304948807, 7.26538515091, 10.004693985, 8.2127828598, 9.20337963104, 10.2763757706, 8.18807029724, 6.39901065826, 6.68261623383, 7.50162124634, 9.32316398621, 12.2798519135, 11.1119251251, 8.98858451843, 7.49218082428, 6.95549726486, 5.9213385582, 4.61777496338, 3.11337399483, 1.63975310326, 0.765395998955, 0.244194805622, 0.0575278177857, 0.0204098597169, 0.00769891543314, 0.00076290674042, 6.05001114309e-05], "dmean2": [0.200465738773, 3.18126893044, 9.37876701355, 9.27254676819, 3.69950151443, 6.77780103683, 11.9855880737, 8.98866558075, 8.92508888245, 9.369099617, 28.1760520935, 23.9746112823, 13.8741912842, 32.453578949, 19.6914997101, 30.3494338989, 20.4961910248, 24.0310249329, 27.552980423, 19.9242095947, 12.7544412613, 11.9262580872, 12.0473222733, 15.4418401718, 20.0921020508, 18.1718883514, 15.2009525299, 11.2104797363, 11.4788818359, 16.127658844, 12.9942855835, 5.0881729126, 3.85058784485, 1.96743023396, 0.814745008945, 0.219001069665, 0.0707045644522, 0.0231809690595, 0.00374154839665, 0.000166147234268], "dmean": [0.121210865676, 1.74816858768, 5.24907207489, 5.39184188843, 2.26935243607, 3.99927568436, 7.44953250885, 5.61214876175, 5.795378685, 5.96839761734, 17.5434780121, 16.2309017181, 9.2473487854, 20.9106826782, 12.8661842346, 19.6350822449, 13.1363725662, 15.0450973511, 16.9670333862, 12.4029903412, 8.09777736664, 7.61039018631, 7.86451768875, 9.86218547821, 12.7662496567, 11.9556560516, 9.98031425476, 7.91842794418, 8.4227142334, 9.76674556732, 7.81086969376, 3.53428673744, 2.41736388206, 1.35574471951, 0.552621722221, 0.151806548238, 0.0515569411218, 0.015167160891, 0.00247620465234, 0.0001320354786], "var": [0.0935057029128, 14.3145666122, 149.434951782, 209.318344116, 30.0075645447, 74.8247451782, 391.977935791, 240.035354614, 355.665618896, 328.02355957, 2872.85083008, 2794.64990234, 1260.7253418, 6261.24267578, 2009.00219727, 4016.4543457, 1846.15075684, 2313.27636719, 3025.68969727, 1411.04553223, 689.513549805, 673.944885254, 499.07598877, 809.85168457, 1028.99084473, 784.257202148, 572.893005371, 466.042175293, 671.157958984, 1081.62023926, 619.805236816, 112.337387085, 81.3822555542, 37.6116409302, 7.171251297, 0.4255861938, 0.0307029951364, 0.0024359410163, 0.000102397818409, 2.82282627495e-07], "dvar": [0.067313760519, 20.1594810486, 228.480636597, 263.320465088, 27.8814582825, 61.851348877, 220.072616577, 135.573562622, 183.900054932, 268.947052002, 1745.18054199, 1578.31542969, 661.78338623, 3477.91699219, 1351.53430176, 2398.60693359, 1086.59570312, 1422.74194336, 2139.98461914, 830.379272461, 325.027435303, 337.580841064, 255.863098145, 506.413208008, 667.65045166, 498.545776367, 324.63104248, 231.621444702, 373.246643066, 959.000671387, 614.724121094, 72.888961792, 67.5760803223, 24.1150760651, 4.21923303604, 0.293622642756, 0.0200346466154, 0.00148595497012, 5.94641460339e-05, 1.36371255621e-07], "mean": [0.154828950763, 1.49676072598, 4.58545064926, 5.03963756561, 3.07309246063, 5.94178724289, 11.3328876495, 8.88569545746, 9.59160423279, 9.13709926605, 26.0587711334, 25.5902404785, 15.2762737274, 32.7432746887, 20.3032188416, 29.4530200958, 21.33735466, 23.8447933197, 27.1350879669, 20.0591106415, 14.0877914429, 13.6288452148, 14.4942989349, 17.7063903809, 21.8223114014, 19.5798530579, 16.6413040161, 13.8899021149, 14.3879938126, 14.2322883606, 10.7080469131, 5.80879735947, 3.82824873924, 2.20047855377, 0.932893395424, 0.270867913961, 0.0811806470156, 0.0215833801776, 0.00328520545736, 0.000185463068192]}, "zerocrossingrate": {"min": 0.0068359375, "max": 0.52685546875, "dvar2": 0.000330124312313, "median": 0.0849609375, "dmean2": 0.0177725423127, "dmean": 0.0144071364775, "var": 0.00168401945848, "dvar": 0.00022685721342, "mean": 0.0904136151075}, "spectral_contrast_coeffs": {"min": [-0.976102054119, -0.974446892738, -0.983451843262, -0.988617241383, -0.97552382946, -0.963308691978], "max": [-0.288518279791, -0.458494216204, -0.492325872183, -0.594684720039, -0.605622112751, -0.583125591278], "dvar2": [0.00507507845759, 0.00377957522869, 0.00255011161789, 0.00161540054251, 0.000782757182606, 0.000743211305235], "median": [-0.696734964848, -0.754984557629, -0.78582072258, -0.806130886078, -0.811481535435, -0.767853975296], "dmean2": [0.083972170949, 0.0764666050673, 0.0632333979011, 0.0498492158949, 0.034599557519, 0.0310744158924], "dmean": [0.0518294461071, 0.0472652390599, 0.0392388887703, 0.031067693606, 0.0214477553964, 0.0200373176485], "var": [0.0048921382986, 0.00537024624646, 0.00386718357913, 0.00226881261915, 0.00100549322087, 0.00129240390379], "dvar": [0.00196768366732, 0.00147551158443, 0.00101392436773, 0.000645352294669, 0.000321340921801, 0.000325810542563], "mean": [-0.690039873123, -0.745921254158, -0.779940783978, -0.799297273159, -0.807865858078, -0.763480842113]}, "dissonance": {"min": 0.273845970631, "max": 0.5, "dvar2": 0.000423022022005, "median": 0.482967048883, "dmean2": 0.0210913736373, "dmean": 0.0126474313438, "var": 0.000309123337502, "dvar": 0.000163804885233, "mean": 0.47849881649}, "spectral_energyband_high": {"min": 7.33568324136e-21, "max": 0.0421000756323, "dvar2": 1.16993924166e-05, "median": 0.000992148765363, "dmean2": 0.00147250539158, "dmean": 0.00100114801899, "var": 9.68144013314e-06, "dvar": 5.66438029637e-06, "mean": 0.0018691731384}, "spectral_skewness": {"min": -0.0364549271762, "max": 3.55628061295, "dvar2": 0.0467806905508, "median": 1.08493232727, "dmean2": 0.221122354269, "dmean": 0.140999719501, "var": 0.0722215995193, "dvar": 0.0187364816666, "mean": 1.08515894413}, "spectral_flux": {"min": 6.61254384582e-11, "max": 0.492452055216, "dvar2": 0.00532476650551, "median": 0.0671606212854, "dmean2": 0.0470130592585, "dmean": 0.029727242887, "var": 0.00468480400741, "dvar": 0.00265645631589, "mean": 0.0887762457132}, "silence_rate_30dB": {"min": 0, "max": 1, "dvar2": 0.0774067938328, "median": 1, "dmean2": 0.0706268846989, "dmean": 0.0353086069226, "var": 0.0285547059029, "dvar": 0.0340630598366, "mean": 0.970580160618}, "spectral_energyband_middle_high": {"min": 1.31904651936e-21, "max": 0.0861865580082, "dvar2": 2.90128773486e-05, "median": 0.00274650286883, "dmean2": 0.00273065362126, "dmean": 0.00189915846568, "var": 3.99192686018e-05, "dvar": 1.42692915688e-05, "mean": 0.00477475486696}, "barkbands_spread": {"min": 1.77965521812, "max": 118.564041138, "dvar2": 235.504882812, "median": 35.1530723572, "dmean2": 15.5220918655, "dmean": 9.83602428436, "var": 244.713256836, "dvar": 89.877784729, "mean": 37.0080757141}, "spectral_centroid": {"min": 315.64730835, "max": 11457.2607422, "dvar2": 347940.65625, "median": 1893.38769531, "dmean2": 624.374694824, "dmean": 397.198974609, "var": 518053.875, "dvar": 140586.796875, "mean": 1954.4855957}, "pitch_salience": {"min": 0.155481696129, "max": 0.99773979187, "dvar2": 0.0182817615569, "median": 0.595599532127, "dmean2": 0.137925505638, "dmean": 0.0806578323245, "var": 0.0115274870768, "dvar": 0.00611710362136, "mean": 0.581796824932}, "erbbands_skewness": {"min": -3.57404208183, "max": 3.53214335442, "dvar2": 0.262403160334, "median": 0.0909528881311, "dmean2": 0.55658531189, "dmean": 0.36483129859, "var": 0.452731996775, "dvar": 0.115082897246, "mean": 0.0493044890463}, "erbbands_crest": {"min": 2.19058728218, "max": 27.5507125854, "dvar2": 12.8007278442, "median": 5.84350299835, "dmean2": 3.60415005684, "dmean": 2.23104763031, "var": 12.5031919479, "dvar": 5.25858354568, "mean": 6.86223745346}, "melbands": {"min": [8.40657709473e-25, 2.11266890066e-24, 1.23364750486e-24, 1.4914345283e-24, 4.61820433718e-24, 3.86973587132e-24, 2.20888587084e-24, 2.97425370944e-24, 5.42293554609e-24, 5.19862807529e-24, 2.22364407787e-24, 2.79496376948e-24, 3.73321086989e-24, 3.99062762175e-24, 4.23745746583e-24, 4.32474019183e-24, 5.25488766289e-24, 4.13688519459e-24, 3.05241720337e-24, 3.9593031385e-24, 7.49235002002e-24, 5.36065971079e-24, 6.67196938847e-24, 5.24907060258e-24, 5.23195744853e-24, 7.36621116128e-24, 5.7907439153e-24, 8.51993680124e-24, 7.34935083715e-24, 5.056470607e-24, 6.71803886534e-24, 5.80873625483e-24, 5.66323993276e-24, 5.39762573281e-24, 5.96832676026e-24, 6.3544643126e-24, 6.72909948409e-24, 6.88596920826e-24, 8.38128503082e-24, 7.23714878402e-24], "max": [0.0404076389968, 0.0675707161427, 0.0240705590695, 0.00584328453988, 0.00882486905903, 0.00555102294311, 0.007957149297, 0.00426800735295, 0.00606737006456, 0.00575666921213, 0.00380508578382, 0.00779759837314, 0.00296113616787, 0.00345524027944, 0.00163772830274, 0.0012749505695, 0.00164727773517, 0.00286423973739, 0.00127941963729, 0.00125270173885, 0.000497069093399, 0.000845774833579, 0.000557016348466, 0.000686330429744, 0.000476234010421, 0.000505142612383, 0.000406535516959, 0.000348640256561, 0.000310738309054, 0.000212192477193, 0.000180505317985, 0.000383627571864, 0.000392570247641, 0.000366400461644, 0.0002912421769, 0.000135897091241, 0.000106324005174, 0.000203311108635, 0.000144725418068, 0.000138872885145], "dvar2": [2.97211299767e-05, 0.000152398934006, 1.51373860717e-05, 5.27227086877e-07, 4.94080097724e-07, 1.68662623423e-07, 1.13526766654e-07, 7.31631573103e-08, 3.26139598883e-07, 1.12517028583e-07, 4.49265904479e-08, 1.64706435157e-07, 3.27466693761e-08, 6.53738752021e-08, 2.24572787033e-08, 9.32138721765e-09, 1.42502107892e-08, 1.79231047781e-08, 7.93517695996e-09, 3.61394403292e-09, 9.6603414157e-10, 8.85490014646e-10, 6.73283928609e-10, 9.09430586393e-10, 8.89244955449e-10, 1.12851294976e-09, 7.15316861299e-10, 5.4754439871e-10, 3.24912541316e-10, 2.33743441269e-10, 1.63020624777e-10, 2.9080649e-10, 4.49717901807e-10, 1.00059682762e-09, 8.45037761987e-10, 9.60313079057e-11, 5.65623659021e-11, 1.00096042566e-10, 7.03278615899e-11, 3.54681943537e-11], "median": [0.000407509185607, 0.000642632367089, 0.000182018717169, 0.000158118258696, 0.000160757103004, 9.39373858273e-05, 5.40852634003e-05, 4.66893616249e-05, 8.05730815046e-05, 5.45460388821e-05, 2.48750002356e-05, 4.25235703005e-05, 2.0319075702e-05, 2.73170735454e-05, 2.02017345146e-05, 1.67379475897e-05, 1.58773473231e-05, 1.49077341121e-05, 1.27254143081e-05, 8.50718424772e-06, 7.05079855834e-06, 6.37141874904e-06, 6.84782389726e-06, 6.66289270157e-06, 6.96519282428e-06, 8.74490706337e-06, 7.80604932515e-06, 7.0102673817e-06, 5.69276835449e-06, 4.47475440524e-06, 4.08519099437e-06, 3.88192711398e-06, 3.55272868546e-06, 3.12598376695e-06, 2.72362785836e-06, 2.22217090595e-06, 1.70794896803e-06, 1.19008177535e-06, 8.71746919984e-07, 5.6668295656e-07], "dmean2": [0.00259136408567, 0.00468608131632, 0.00139857444447, 0.000357565731974, 0.000376215175493, 0.000208090059459, 0.00013956836483, 0.000111994428153, 0.000241708214162, 0.000137168870424, 7.43854689063e-05, 0.000140713877045, 6.32149240118e-05, 9.39069650485e-05, 6.02944091952e-05, 4.11482942582e-05, 4.78350739286e-05, 4.54080545751e-05, 3.80610981665e-05, 2.25851108553e-05, 1.53610599227e-05, 1.35617656269e-05, 1.25150854728e-05, 1.31102769956e-05, 1.32395416585e-05, 1.61826119438e-05, 1.42477992995e-05, 1.27901530504e-05, 1.05736580736e-05, 8.54864629218e-06, 6.8908607318e-06, 7.20190428183e-06, 8.35432001622e-06, 9.81352695817e-06, 9.21687569644e-06, 4.03050989917e-06, 3.17585613629e-06, 2.9806603834e-06, 2.28490284826e-06, 1.58823866059e-06], "dmean": [0.00146514805965, 0.00262255128473, 0.000818587141111, 0.000213531995541, 0.000231053069001, 0.000129897918669, 9.06376662897e-05, 7.1280359407e-05, 0.000152368011186, 9.29161396925e-05, 4.90056881972e-05, 9.05280030565e-05, 4.07597799494e-05, 6.04267224844e-05, 3.87266336475e-05, 2.5979397833e-05, 2.95272529911e-05, 2.81125612673e-05, 2.32804741245e-05, 1.40843958434e-05, 9.5824152595e-06, 8.48955096444e-06, 7.92731134425e-06, 8.35257833387e-06, 8.35917217046e-06, 1.00426659628e-05, 9.09005484573e-06, 8.27759504318e-06, 6.7598921305e-06, 5.56194709134e-06, 4.62086245534e-06, 5.13394252266e-06, 5.24427287019e-06, 5.83964629186e-06, 5.36413926966e-06, 2.72240004051e-06, 2.11403676076e-06, 1.83339523119e-06, 1.48902881847e-06, 1.08503706997e-06], "var": [1.04569153336e-05, 3.66157801182e-05, 4.72799456475e-06, 2.33155816431e-07, 3.3572484881e-07, 1.17463471838e-07, 8.69051675068e-08, 3.75006798947e-08, 2.16877623416e-07, 9.21187108816e-08, 3.6908833323e-08, 1.21643850548e-07, 1.90602076344e-08, 4.2175901882e-08, 1.3626970663e-08, 7.29651938869e-09, 8.64596838568e-09, 9.21585385782e-09, 4.47244197233e-09, 2.30692331904e-09, 8.15161327328e-10, 7.81044673381e-10, 4.87463791554e-10, 5.67101365867e-10, 5.85926418495e-10, 6.23445406411e-10, 5.47088041536e-10, 3.39574035557e-10, 2.46501818957e-10, 1.88344215224e-10, 1.51277004812e-10, 2.27244917328e-10, 2.78916750807e-10, 3.77589043365e-10, 2.71956068776e-10, 7.03146915693e-11, 3.70179650822e-11, 4.20732650108e-11, 3.92907928415e-11, 2.51696944537e-11], "dvar": [1.04110004031e-05, 5.40174623893e-05, 5.79094466957e-06, 1.88327405226e-07, 1.95848144813e-07, 6.86452636955e-08, 4.75586539039e-08, 3.00712308388e-08, 1.29199676735e-07, 5.45065184099e-08, 2.0474697493e-08, 6.79568330497e-08, 1.37680089551e-08, 2.7749608833e-08, 8.98731489229e-09, 4.07927647217e-09, 5.7507105744e-09, 6.9814092285e-09, 3.187098363e-09, 1.46694056902e-09, 4.03502758983e-10, 4.05007083426e-10, 2.86138224226e-10, 3.69731439909e-10, 3.84718396029e-10, 4.54645432413e-10, 3.28630983537e-10, 2.3637453106e-10, 1.48012324619e-10, 1.08576453384e-10, 8.30574012345e-11, 1.47585887955e-10, 1.94320004532e-10, 3.77171016641e-10, 3.01074637443e-10, 4.67270597215e-11, 2.59137936803e-11, 3.87492885001e-11, 2.89432991463e-11, 1.60870535643e-11], "mean": [0.00156291853637, 0.00233842944726, 0.000792884093244, 0.000322341133142, 0.000362673978088, 0.000205312302569, 0.000148076869664, 0.000104926722997, 0.000231441110373, 0.000142438220792, 7.5412732258e-05, 0.000139273426612, 6.04521155765e-05, 8.64945031935e-05, 5.71042983211e-05, 4.16231014242e-05, 4.38384267909e-05, 4.27568847954e-05, 3.36814991897e-05, 2.15368309e-05, 1.55454581545e-05, 1.41244836414e-05, 1.31074348246e-05, 1.40246493174e-05, 1.39904659591e-05, 1.60808322107e-05, 1.49665047502e-05, 1.25067826957e-05, 1.08096273834e-05, 8.71928386914e-06, 7.77803688834e-06, 8.06013031251e-06, 8.25277493277e-06, 7.79890433478e-06, 6.65816560286e-06, 4.40505982624e-06, 3.25383234667e-06, 2.78243828689e-06, 2.24585119213e-06, 1.72250292962e-06]}, "spectral_entropy": {"min": 5.90956830978, "max": 9.8279094696, "dvar2": 0.0400913059711, "median": 8.09949111938, "dmean2": 0.205397933722, "dmean": 0.134294241667, "var": 0.0636554732919, "dvar": 0.0170608386397, "mean": 8.07806110382}, "spectral_rolloff": {"min": 64.599609375, "max": 19121.484375, "dvar2": 3420310, "median": 1808.7890625, "dmean2": 1677.2779541, "dmean": 1005.89337158, "var": 3398986, "dvar": 1406645.75, "mean": 2311.05273438}, "barkbands": {"min": [1.26021456521e-24, 4.93754351465e-24, 2.21514844035e-24, 1.13812177404e-24, 8.43561151478e-24, 2.10314230082e-23, 1.13383261897e-23, 1.91180471935e-23, 3.40753990037e-23, 1.13563232624e-23, 2.28360338368e-23, 3.93985692832e-23, 4.47122132785e-23, 6.17550419539e-23, 6.2621312202e-23, 6.40164600446e-23, 9.12519837715e-23, 1.1552676106e-22, 1.83888752909e-22, 2.26231196474e-22, 2.85594683531e-22, 3.07284369944e-22, 3.71639390156e-22, 6.7768362027e-22, 9.14057296065e-22, 1.47898277937e-21, 1.97528751183e-21], "max": [0.0119691854343, 0.176542207599, 0.13260756433, 0.0449264124036, 0.0268638264388, 0.0324525758624, 0.0337424315512, 0.0245195347816, 0.038276463747, 0.0532480739057, 0.0179410334677, 0.0250689424574, 0.0130696408451, 0.0185967609286, 0.0165090374649, 0.0144528290257, 0.0140238441527, 0.00991675164551, 0.0128863137215, 0.0111326752231, 0.00783598888665, 0.0144251259044, 0.0137370377779, 0.0115660298616, 0.0110245179385, 0.00220185774378, 0.000438936374849], "dvar2": [8.39409835862e-07, 0.000720393902157, 0.000464001961518, 6.06689281994e-05, 1.27451530716e-05, 6.85086752128e-06, 3.12046267936e-06, 5.446434443e-06, 5.36269408258e-06, 7.0441456046e-06, 1.50722917169e-06, 4.14251826442e-06, 1.14781789762e-06, 1.75116076662e-06, 1.4677116269e-06, 4.74255415384e-07, 2.43233074571e-07, 2.77897555634e-07, 6.56912277464e-07, 4.74409517892e-07, 2.87628779461e-07, 6.46211333333e-07, 2.28010480896e-06, 4.22266566602e-07, 2.73261889561e-07, 1.64007207815e-08, 2.77598499743e-09], "median": [0.000316856720019, 0.00151222478598, 0.00110059627332, 0.000215958512854, 0.000880177831277, 0.000582590757404, 0.000230585050303, 0.000292137730867, 0.000403480022214, 0.000262673653197, 0.000111743960588, 0.000242896494456, 0.000156330614118, 0.000171766499989, 0.000186036137166, 0.000109199245344, 0.000123144433019, 0.000141467520734, 0.000210288417293, 0.000233610509895, 0.000202795534278, 0.000191849045223, 0.000166588288266, 0.000122929370264, 5.03278133692e-05, 1.19640062621e-05, 5.04907075083e-06], "dmean2": [0.00047736018314, 0.0118253082037, 0.00806775130332, 0.00245834351517, 0.00174662692007, 0.00131836230867, 0.000676405150443, 0.00102226820309, 0.000994259025902, 0.000905779015739, 0.000443083787104, 0.000799394561909, 0.000438002811279, 0.000508483091835, 0.000541348534171, 0.000270930526312, 0.000240566747379, 0.000246012263233, 0.000374971044948, 0.000386816100217, 0.000312861491693, 0.000338716461556, 0.000468857440865, 0.000225630312343, 0.000139435549499, 4.0103775973e-05, 2.00005633815e-05], "dmean": [0.000381514750188, 0.00656537106261, 0.00457789143547, 0.00139456184115, 0.00102668534964, 0.000830926350318, 0.000436190661276, 0.000633719726466, 0.000672270660289, 0.000585793168284, 0.000278209539829, 0.000513552164193, 0.000276381208096, 0.000317054422339, 0.000330013717758, 0.000167080914252, 0.000151680404088, 0.000159035917022, 0.000234722305322, 0.000253763661021, 0.000211150356336, 0.000238701104536, 0.000283174536889, 0.000149601561134, 9.60202523856e-05, 2.83142453554e-05, 1.40913980431e-05], "var": [1.15128898415e-06, 0.000202504190383, 0.000114879978355, 1.58228849614e-05, 4.88420891998e-06, 4.56769475932e-06, 1.985936251e-06, 3.35060667567e-06, 4.32383194493e-06, 5.36910602023e-06, 8.56405449667e-07, 2.84332691081e-06, 8.23567233965e-07, 1.04516277588e-06, 8.64356991315e-07, 3.23126243984e-07, 2.17550763182e-07, 2.02390666004e-07, 3.90253092064e-07, 3.57921464911e-07, 2.94925001754e-07, 6.25771974683e-07, 8.55052405768e-07, 2.46592776421e-07, 2.09853595834e-07, 1.12358220505e-08, 3.11856829249e-09], "dvar": [5.47943329821e-07, 0.000246512121521, 0.00016712587967, 2.20203492063e-05, 4.37376502305e-06, 2.73623845715e-06, 1.27889109081e-06, 2.18642981054e-06, 2.53798680205e-06, 2.98936220133e-06, 6.25066036264e-07, 1.75693810434e-06, 4.89832302719e-07, 7.01477972598e-07, 5.90329477745e-07, 1.88595024042e-07, 1.10673951781e-07, 1.16556968521e-07, 2.73271666629e-07, 2.17718906015e-07, 1.46312572724e-07, 3.53996227886e-07, 8.5451091536e-07, 1.82793783665e-07, 1.26373549847e-07, 7.49156203739e-09, 1.6543298953e-09], "mean": [0.000705975282472, 0.00626484071836, 0.00407169014215, 0.0012424653396, 0.00158662640024, 0.00130535440985, 0.000677480769809, 0.000871872645803, 0.00102687091567, 0.000887202564627, 0.000382519443519, 0.000745745317545, 0.000422391778557, 0.000476332352264, 0.00048874161439, 0.000265844690148, 0.000256991217611, 0.000281526736217, 0.000393224996515, 0.000417572184233, 0.000371918169549, 0.00041685756878, 0.000391781562939, 0.00024597265292, 0.000162392854691, 4.85100354126e-05, 1.9009301468e-05]}, "melbands_flatness_db": {"min": 0.00387880275957, "max": 0.425299495459, "dvar2": 0.00273834355175, "median": 0.132509201765, "dmean2": 0.0493079312146, "dmean": 0.0300320927054, "var": 0.00241165119223, "dvar": 0.000974225171376, "mean": 0.139987289906}, "melbands_skewness": {"min": -0.961430430412, "max": 17.8694839478, "dvar2": 5.20014333725, "median": 2.38166427612, "dmean2": 1.60256421566, "dmean": 0.973422646523, "var": 3.44532561302, "dvar": 1.86232769489, "mean": 2.74044561386}, "barkbands_skewness": {"min": -3.50424814224, "max": 12.5612020493, "dvar2": 1.66405892372, "median": 1.0582253933, "dmean2": 0.950919628143, "dmean": 0.579320132732, "var": 1.08072042465, "dvar": 0.587742865086, "mean": 1.21592628956}, "silence_rate_60dB": {"min": 0, "max": 1, "dvar2": 0.0833020284772, "median": 0, "dmean2": 0.0695318952203, "dmean": 0.0347611866891, "var": 0.0341811291873, "dvar": 0.0335503742099, "mean": 0.0354406125844}, "spectral_energyband_low": {"min": 2.34371710901e-23, "max": 0.24618627131, "dvar2": 0.00224147224799, "median": 0.00329592870548, "dmean2": 0.0196021199226, "dmean": 0.0111174006015, "var": 0.000644977437332, "dvar": 0.000799357076176, "mean": 0.0115555860102}, "spectral_energyband_middle_low": {"min": 2.10147811985e-22, "max": 0.0710785016418, "dvar2": 8.84923356352e-05, "median": 0.00443258695304, "dmean2": 0.00531282089651, "dmean": 0.0034072662238, "var": 5.8312107285e-05, "dvar": 3.74074734282e-05, "mean": 0.00679580261931}, "melbands_kurtosis": {"min": -1.88649427891, "max": 553.259521484, "dvar2": 2190.41674805, "median": 6.7772693634, "dmean2": 17.9994106293, "dmean": 10.3108377457, "var": 695.903137207, "dvar": 744.069152832, "mean": 13.3543014526}, "spectral_decrease": {"min": -7.54937090619e-08, "max": 1.59686098001e-28, "dvar2": 1.74115814705e-16, "median": -3.28955884754e-09, "dmean2": 5.96706595246e-09, "dmean": 3.59161034247e-09, "var": 6.63643299682e-17, "dvar": 6.52640077e-17, "mean": -5.8855653684e-09}, "erbbands_kurtosis": {"min": -1.75699901581, "max": 20.2704944611, "dvar2": 2.00936770439, "median": -0.506975531578, "dmean2": 1.12060701847, "dmean": 0.707481324673, "var": 1.68578982353, "dvar": 0.906707167625, "mean": -0.182949692011}, "melbands_crest": {"min": 1.6409778595, "max": 33.3340606689, "dvar2": 33.2849731445, "median": 12.6337280273, "dmean2": 6.70326185226, "dmean": 3.96689367294, "var": 27.7844657898, "dvar": 11.7921142578, "mean": 13.4652614594}, "gfcc": {"cov": [[5939.85595703, -152.342422485, -251.54888916, 46.6941337585, -123.285758972, 46.25440979, -83.8402786255, 44.9770584106, -74.001121521, 16.1551322937, -86.3080368042, 16.0854721069, -104.302467346], [-152.342422485, 608.358764648, -217.798049927, -34.9093437195, -42.0398025513, -20.5822887421, 38.8176612854, -3.05249381065, 25.8944606781, -25.301197052, 38.6437263489, -24.288526535, 27.1469993591], [-251.54888916, -217.798049927, 491.066589355, 200.598297119, 68.2246780396, 8.6215877533, -12.4254322052, -3.99894738197, 7.08801317215, -7.59270906448, -31.865322113, 0.319706618786, -12.4423904419], [46.6941337585, -34.9093437195, 200.598297119, 337.745605469, 71.2647094727, -10.2776679993, 4.12685203552, -28.4069347382, 33.3300361633, -37.9285697937, -28.6561660767, -16.2729301453, -3.6444606781], [-123.285758972, -42.0398025513, 68.2246780396, 71.2647094727, 154.78729248, 50.2626304626, 27.6722564697, 4.11185455322, 16.8015270233, -4.21809673309, -13.9921865463, -7.45611858368, -0.948768377304], [46.25440979, -20.5822887421, 8.6215877533, -10.2776679993, 50.2626304626, 144.556732178, 48.8014907837, 44.9248962402, -14.4811210632, 13.5749921799, -8.39657592773, -2.43520402908, -6.41842842102], [-83.8402786255, 38.8176612854, -12.4254322052, 4.12685203552, 27.6722564697, 48.8014907837, 116.525550842, 27.456829071, 17.2136096954, -17.0111160278, 1.99574506283, -22.1628055573, -14.044962883], [44.9770584106, -3.05249381065, -3.99894738197, -28.4069347382, 4.11185455322, 44.9248962402, 27.456829071, 106.791358948, 23.5203266144, 25.3335990906, -4.70787239075, -2.01707744598, 0.351164370775], [-74.001121521, 25.8944606781, 7.08801317215, 33.3300361633, 16.8015270233, -14.4811210632, 17.2136096954, 23.5203266144, 77.9745101929, 15.255109787, -0.918716907501, -16.0991764069, -4.24478244781], [16.1551322937, -25.301197052, -7.59270906448, -37.9285697937, -4.21809673309, 13.5749921799, -17.0111160278, 25.3335990906, 15.255109787, 69.6975860596, 24.9793796539, 1.92360448837, -4.90963983536], [-86.3080368042, 38.6437263489, -31.865322113, -28.6561660767, -13.9921865463, -8.39657592773, 1.99574506283, -4.70787239075, -0.918716907501, 24.9793796539, 58.6488227844, 22.7286624908, 9.71391868591], [16.0854721069, -24.288526535, 0.319706618786, -16.2729301453, -7.45611858368, -2.43520402908, -22.1628055573, -2.01707744598, -16.0991764069, 1.92360448837, 22.7286624908, 61.0477905273, 30.0266952515], [-104.302467346, 27.1469993591, -12.4423904419, -3.6444606781, -0.948768377304, -6.41842842102, -14.044962883, 0.351164370775, -4.24478244781, -4.90963983536, 9.71391868591, 30.0266952515, 58.9198150635]], "icov": [[0.000209374644328, 3.44269283232e-05, 0.00023729854729, -0.000239981789491, 0.000184197182534, -5.66025591979e-05, 9.03586042114e-05, -0.000132886358188, 0.00022546701075, -0.00022608411382, 0.000501970062032, -0.000450546300272, 0.000553434481844], [3.44269283232e-05, 0.00247111613862, 0.000996400020085, -0.000289178744424, 0.0005046397564, -0.000369470362784, 0.000180620627361, -0.000256331142737, -0.000906253641006, 0.00208010501228, -0.00273951306008, 0.00248900381848, -0.00158137152903], [0.00023729854729, 0.000996400020085, 0.00356881227344, -0.0021431199275, -0.000219458524953, 0.000114499540359, 0.000158459602972, -0.000557971419767, 0.000710112333763, -0.000684507365804, 0.000975855044089, -0.000830823322758, 0.00088874809444], [-0.000239981789491, -0.000289178744424, -0.0021431199275, 0.00523980008438, -0.00144790601917, -0.000197031738935, 0.00064911035588, 0.00127690890804, -0.00280376826413, 0.00300406408496, -0.000750172475819, 0.00128937605768, -0.000802799244411], [0.000184197182534, 0.0005046397564, -0.000219458524953, -0.00144790601917, 0.00913411192596, -0.00363986729644, -0.000826823350508, 0.00151996419299, -0.00231313472614, -0.000109216111014, 0.00111816928256, -0.000150741601828, -0.000781192036811], [-5.66025591979e-05, -0.000369470362784, 0.000114499540359, -0.000197031738935, -0.00363986729644, 0.0125919217244, -0.00570997735485, -0.00359060405754, 0.006347540766, -0.005834502168, 0.00437302747741, -0.00233249017037, 0.000494241074193], [9.03586042114e-05, 0.000180620627361, 0.000158459602972, 0.00064911035588, -0.000826823350508, -0.00570997735485, 0.0157176274806, -0.00327306427062, -0.00440702494234, 0.0105714667588, -0.00871959514916, 0.00619544787332, 0.00212485040538], [-0.000132886358188, -0.000256331142737, -0.000557971419767, 0.00127690890804, 0.00151996419299, -0.00359060405754, -0.00327306427062, 0.0145370364189, -0.00464605540037, -0.00552704371512, 0.00492698419839, -0.00240278919227, -0.00177256658208], [0.00022546701075, -0.000906253641006, 0.000710112333763, -0.00280376826413, -0.00231313472614, 0.006347540766, -0.00440702494234, -0.00464605540037, 0.020504117012, -0.008345332928, 0.00338721694425, 0.00151677487884, -0.000125021018903], [-0.00022608411382, 0.00208010501228, -0.000684507365804, 0.00300406408496, -0.000109216111014, -0.005834502168, 0.0105714667588, -0.00552704371512, -0.008345332928, 0.0309646334499, -0.0190477222204, 0.00827882252634, 0.00149847299326], [0.000501970062032, -0.00273951306008, 0.000975855044089, -0.000750172475819, 0.00111816928256, 0.00437302747741, -0.00871959514916, 0.00492698419839, 0.00338721694425, -0.0190477222204, 0.0357351265848, -0.0169675946236, 0.00210930360481], [-0.000450546300272, 0.00248900381848, -0.000830823322758, 0.00128937605768, -0.000150741601828, -0.00233249017037, 0.00619544787332, -0.00240278919227, 0.00151677487884, 0.00827882252634, -0.0169675946236, 0.0333353206515, -0.0141972433776], [0.000553434481844, -0.00158137152903, 0.00088874809444, -0.000802799244411, -0.000781192036811, 0.000494241074193, 0.00212485040538, -0.00177256658208, -0.000125021018903, 0.00149847299326, 0.00210930360481, -0.0141972433776, 0.0263801980764]], "mean": [23.8630485535, 56.4761428833, -107.046531677, 41.4886283875, -60.975353241, 22.1019096375, -28.4376735687, 7.8511390686, -20.5379657745, 4.31900787354, -12.5876350403, -0.821294009686, -10.2963018417]}, "melbands_spread": {"min": 0.815681874752, "max": 287.6769104, "dvar2": 518.253356934, "median": 31.8836231232, "dmean2": 18.8241672516, "dmean": 11.6904783249, "var": 456.892547607, "dvar": 217.802810669, "mean": 34.8527145386}, "spectral_energy": {"min": 1.03320513063e-20, "max": 0.29760068655, "dvar2": 0.00258229370229, "median": 0.0140217915177, "dmean2": 0.0233313981444, "dmean": 0.0142711671069, "var": 0.00106274860445, "dvar": 0.000984177342616, "mean": 0.0244277175516}, "mfcc": {"cov": [[3354.16674805, -22.730512619, -118.771949768, -16.9168682098, -32.1315422058, -11.3186416626, -18.4287853241, 34.7791175842, -12.4514846802, 2.92319869995, 25.2425556183, -22.895816803, 13.9100351334], [-22.730512619, 470.199645996, -148.168731689, -97.9485778809, -75.9623031616, -41.7575302124, 8.23596954346, 0.685065448284, -12.446762085, 9.52010250092, 15.6138648987, 1.34311771393, 1.40830683708], [-118.771949768, -148.168731689, 364.405548096, 163.275009155, 74.1243057251, 34.2987365723, -3.24637103081, 10.6652841568, 21.0724868774, -10.9292392731, -19.6968193054, 24.4055786133, 0.716271519661], [-16.9168682098, -97.9485778809, 163.275009155, 296.97277832, 88.1276779175, 49.7632827759, -38.1824188232, 19.3170013428, 13.4601182938, 5.17061328888, -32.2383842468, 0.862358033657, 2.20642614365], [-32.1315422058, -75.9623031616, 74.1243057251, 88.1276779175, 146.639144897, 50.2431640625, 2.78481173515, 6.81794691086, 31.2021770477, 0.478253483772, -10.6151762009, 7.56270313263, 4.82141685486], [-11.3186416626, -41.7575302124, 34.2987365723, 49.7632827759, 50.2431640625, 113.563369751, 39.4396400452, 22.7538146973, 10.7026834488, 7.8764629364, -3.06156897545, -0.664867401123, -9.39551448822], [-18.4287853241, 8.23596954346, -3.24637103081, -38.1824188232, 2.78481173515, 39.4396400452, 105.000015259, 36.8587417603, 15.11723423, 10.1476707458, 14.0997819901, 0.0759139806032, -3.60351586342], [34.7791175842, 0.685065448284, 10.6652841568, 19.3170013428, 6.81794691086, 22.7538146973, 36.8587417603, 83.5801773071, 39.5405578613, 5.3070898056, -0.43085694313, 1.45891368389, -4.02517032623], [-12.4514846802, -12.446762085, 21.0724868774, 13.4601182938, 31.2021770477, 10.7026834488, 15.11723423, 39.5405578613, 77.8819046021, 31.7135295868, 4.75356149673, 3.91541361809, -1.67422902584], [2.92319869995, 9.52010250092, -10.9292392731, 5.17061328888, 0.478253483772, 7.8764629364, 10.1476707458, 5.3070898056, 31.7135295868, 78.9992828369, 36.7119445801, -5.72607707977, -5.23187685013], [25.2425556183, 15.6138648987, -19.6968193054, -32.2383842468, -10.6151762009, -3.06156897545, 14.0997819901, -0.43085694313, 4.75356149673, 36.7119445801, 68.8567886353, 19.0405044556, -2.07833480835], [-22.895816803, 1.34311771393, 24.4055786133, 0.862358033657, 7.56270313263, -0.664867401123, 0.0759139806032, 1.45891368389, 3.91541361809, -5.72607707977, 19.0405044556, 57.8477897644, 19.8205051422], [13.9100351334, 1.40830683708, 0.716271519661, 2.20642614365, 4.82141685486, -9.39551448822, -3.60351586342, -4.02517032623, -1.67422902584, -5.23187685013, -2.07833480835, 19.8205051422, 46.2150154114]], "icov": [[0.000310762581648, 5.33969396201e-05, 0.000106439154479, -2.46340568992e-05, 2.83141653199e-05, -2.06560234801e-05, 0.000151235290105, -0.000268059084192, 9.64204737102e-05, 8.50425785757e-05, -0.000261844717897, 0.000242232097662, -0.000216886182898], [5.33969396201e-05, 0.00259965122677, 0.000878726074006, 0.000106037157821, 0.000692124012858, 0.000524702540133, -0.000251994410064, -0.00033954140963, 0.000261164299445, -0.000496399356052, 0.000317947909934, -0.00070726982085, 0.000142166347359], [0.000106439154479, 0.000878726074006, 0.0043509490788, -0.00222217501141, -0.000233441940509, 0.000452369742561, -0.00112992781214, 0.000828504678793, -0.00103078363463, 0.000804564042483, 0.000449647108326, -0.00212870235555, 0.00106713210698], [-2.46340568992e-05, 0.000106037157821, -0.00222217501141, 0.00656380411237, -0.00248297769576, -0.00169801840093, 0.00370516744442, -0.00333497021347, 0.00282925087959, -0.00324727408588, 0.00271236267872, -2.42158330366e-05, -0.000495236832649], [2.83141653199e-05, 0.000692124012858, -0.000233441940509, -0.00248297769576, 0.011319892481, -0.0039796656929, -0.000337500299793, 0.00365222012624, -0.00643185433, 0.00315589318052, -0.00106754957233, 0.000159984076163, -0.00159805221483], [-2.06560234801e-05, 0.000524702540133, 0.000452369742561, -0.00169801840093, -0.0039796656929, 0.0138224670663, -0.00547234434634, -0.00169755367097, 0.00288868905045, -0.00241139391437, 0.00199180026539, -0.00169958325569, 0.00336517347023], [0.000151235290105, -0.000251994410064, -0.00112992781214, 0.00370516744442, -0.000337500299793, -0.00547234434634, 0.0154601903632, -0.00676079420373, 0.00131471070927, -0.000805075862445, -0.0022763828747, 0.00172864226624, -0.00154516426846], [-0.000268059084192, -0.00033954140963, 0.000828504678793, -0.00333497021347, 0.00365222012624, -0.00169755367097, -0.00676079420373, 0.0216854717582, -0.0129646267742, 0.00586749147624, -0.00139165739529, 0.000162971278769, 0.00093494245084], [9.64204737102e-05, 0.000261164299445, -0.00103078363463, 0.00282925087959, -0.00643185433, 0.00288868905045, 0.00131471070927, -0.0129646267742, 0.0266739316285, -0.013823017478, 0.00646401243284, -0.00421732291579, 0.00157638581004], [8.50425785757e-05, -0.000496399356052, 0.000804564042483, -0.00324727408588, 0.00315589318052, -0.00241139391437, -0.000805075862445, 0.00586749147624, -0.013823017478, 0.0266430862248, -0.0164168663323, 0.0089284228161, -0.00229116086848], [-0.000261844717897, 0.000317947909934, 0.000449647108326, 0.00271236267872, -0.00106754957233, 0.00199180026539, -0.0022763828747, -0.00139165739529, 0.00646401243284, -0.0164168663323, 0.0285407993942, -0.0135185178369, 0.00560719612986], [0.000242232097662, -0.00070726982085, -0.00212870235555, -2.42158330366e-05, 0.000159984076163, -0.00169958325569, 0.00172864226624, 0.000162971278769, -0.00421732291579, 0.0089284228161, -0.0135185178369, 0.0279733613133, -0.0119775012136], [-0.000216886182898, 0.000142166347359, 0.00106713210698, -0.000495236832649, -0.00159805221483, 0.00336517347023, -0.00154516426846, 0.00093494245084, 0.00157638581004, -0.00229116086848, 0.00560719612986, -0.0119775012136, 0.0277046021074]], "mean": [-616.997253418, 84.216835022, 11.3534269333, 22.0694332123, -0.842579066753, 12.6034927368, 4.64391994476, 5.43281412125, -0.367112755775, 7.22318935394, 1.05627310276, -0.497103482485, 0.0376671180129]}, "spectral_contrast_valleys": {"min": [-27.6954956055, -27.9646339417, -27.5366630554, -27.5388145447, -27.4672031403, -27.3430995941], "max": [-4.76487922668, -4.80076551437, -4.67706489563, -5.18451833725, -5.34058856964, -7.07860851288], "dvar2": [0.428828120232, 0.293921887875, 0.237527832389, 0.248481363058, 0.280725359917, 0.262776494026], "median": [-7.14272546768, -6.75859642029, -7.23715114594, -7.48776245117, -7.08226394653, -9.2624874115], "dmean2": [0.741853177547, 0.608858764172, 0.540448367596, 0.494841843843, 0.471963822842, 0.490492284298], "dmean": [0.455026835203, 0.379108190536, 0.341386765242, 0.314384460449, 0.315038472414, 0.347509384155], "var": [1.3440734148, 1.32583594322, 1.29719269276, 1.22642767429, 1.22479593754, 1.12521588802], "dvar": [0.190696805716, 0.134587362409, 0.114090174437, 0.117877349257, 0.130117401481, 0.126381605864], "mean": [-7.16546726227, -6.85186719894, -7.27151012421, -7.51041030884, -7.12303066254, -9.2916097641]}, "barkbands_flatness_db": {"min": 0.0174265392125, "max": 0.338229775429, "dvar2": 0.00157985556871, "median": 0.0722053796053, "dmean2": 0.0369742624462, "dmean": 0.022503817454, "var": 0.00127227057237, "dvar": 0.000553105201107, "mean": 0.0785824209452}, "dynamic_complexity": 3.128262043, "erbbands_flatness_db": {"min": 0.0577735751867, "max": 0.301692217588, "dvar2": 0.000514799088705, "median": 0.107222750783, "dmean2": 0.0241717491299, "dmean": 0.0158810205758, "var": 0.000908811576664, "dvar": 0.000233463011682, "mean": 0.112848386168}, "hfc": {"min": 1.1050884