{"lowlevel": {"spectral_complexity": {"min": 0, "max": 60, "dvar2": 74.3036880493, "median": 16, "dmean2": 6.9342455864, "dmean": 4.70904397964, "var": 161.787734985, "dvar": 38.0830345154, "mean": 18.5515117645}, "silence_rate_20dB": {"min": 1, "max": 1, "dvar2": 0, "median": 1, "dmean2": 0, "dmean": 0, "var": 0, "dvar": 0, "mean": 1}, "average_loudness": 0.862581372261, "erbbands_spread": {"min": 6.93827915192, "max": 137.064758301, "dvar2": 189.056671143, "median": 44.2158279419, "dmean2": 13.592458725, "dmean": 9.04463863373, "var": 304.674163818, "dvar": 81.3187484741, "mean": 46.2350349426}, "spectral_kurtosis": {"min": -1.08643805981, "max": 17.6205272675, "dvar2": 2.48563909531, "median": 2.81236457825, "dmean2": 1.30678832531, "dmean": 0.812834978104, "var": 2.08596205711, "dvar": 0.929877579212, "mean": 3.03709959984}, "barkbands_kurtosis": {"min": -1.92983496189, "max": 248.780075073, "dvar2": 33.8713912964, "median": 0.155811548233, "dmean2": 2.75308728218, "dmean": 1.69860208035, "var": 35.0407600403, "dvar": 15.0735931396, "mean": 1.39782381058}, "spectral_strongpeak": {"min": 0, "max": 20.0447788239, "dvar2": 2.78199458122, "median": 0.266615658998, "dmean2": 0.797775506973, "dmean": 0.470384895802, "var": 1.34410369396, "dvar": 1.05330967903, "mean": 0.682073771954}, "spectral_spread": {"min": 2393832.5, "max": 26414220, "dvar2": 1139704725500.0, "median": 5107599.5, "dmean2": 880952, "dmean": 641317.5, "var": 2331682013180.0, "dvar": 602315423744, "mean": 5330105.5}, "spectral_rms": {"min": 5.47552076569e-07, "max": 0.0109168468043, "dvar2": 1.8743083956e-06, "median": 0.00329591357149, "dmean2": 0.00105665263254, "dmean": 0.000724083918612, "var": 3.52387633029e-06, "dvar": 9.72802467913e-07, "mean": 0.00362537708133}, "erbbands": {"min": [4.15352063854e-09, 1.8912004407e-08, 4.28664677088e-08, 4.95500813713e-08, 3.30379563707e-08, 5.11429618655e-08, 1.1835425795e-07, 1.44933238744e-07, 1.50381566755e-07, 1.27037111497e-07, 2.16908389916e-07, 2.24548571737e-07, 9.27081629243e-08, 3.76169566607e-08, 4.2274695744e-08, 6.24315106279e-08, 3.91693006918e-08, 1.51755390476e-08, 1.1940120892e-08, 3.03211038499e-08, 1.38589308918e-08, 4.01383566384e-08, 2.31764634151e-08, 7.09545266986e-09, 4.87955542638e-09, 8.3669071671e-09, 1.27149002438e-08, 1.06111226472e-08, 8.6107085906e-09, 5.30554666867e-09, 4.21956114494e-09, 7.11200565107e-09, 1.40910154656e-08, 4.99532371023e-09, 3.9389136397e-09, 3.3971692126e-09, 3.73014774624e-09, 5.81932613208e-10, 1.42226272426e-10, 7.52488089201e-12], "max": [1.78531110287, 12.2313499451, 38.8120346069, 57.6228370667, 148.043121338, 89.993057251, 505.818908691, 225.585571289, 690.331726074, 339.64239502, 802.835021973, 1359.31994629, 723.619873047, 709.993835449, 906.87689209, 598.76184082, 1014.85272217, 863.006896973, 853.804138184, 913.922180176, 1633.23632812, 711.917419434, 552.16217041, 1143.53845215, 309.465515137, 582.357971191, 458.777954102, 377.823272705, 575.568054199, 607.390930176, 246.483337402, 170.032196045, 153.89881897, 160.477508545, 104.755874634, 30.9569072723, 25.7907333374, 2.79867506027, 0.487923383713, 0.0721683502197], "dvar2": [0.0370369330049, 5.02221536636, 36.5705566406, 22.2047939301, 359.433929443, 154.743942261, 2376.41015625, 240.927032471, 1332.67553711, 701.297424316, 1965.10046387, 3753.60986328, 1365.26745605, 2477.17480469, 1213.09558105, 1259.7376709, 2301.73510742, 2400.49194336, 3112.26025391, 3246.76123047, 3789.12695312, 927.677856445, 1109.33361816, 1811.60803223, 572.084960938, 990.351379395, 630.612548828, 1007.58166504, 984.1015625, 701.809997559, 212.31288147, 62.0069847107, 88.5113525391, 32.9699478149, 15.3581724167, 4.25886297226, 1.5212315321, 0.0198236536235, 0.000714008347131, 3.28243877448e-05], "median": [0.0279716942459, 0.24812912941, 0.993015229702, 0.989662706852, 1.19018638134, 1.48255288601, 2.13640284538, 3.13867783546, 4.16352653503, 5.34177780151, 4.43133068085, 3.66228985786, 3.35651135445, 6.20274734497, 5.9500579834, 4.73507785797, 7.13101053238, 6.75592851639, 6.93316411972, 8.42810916901, 8.0518913269, 8.33374118805, 7.28846025467, 6.03396081924, 6.3431353569, 6.05769443512, 5.63314723969, 6.83266067505, 4.5159869194, 4.32555150986, 2.25456619263, 0.799281358719, 0.61971783638, 0.43134611845, 0.329052895308, 0.0774361267686, 0.0252163764089, 0.00496649509296, 0.00126159377396, 7.92663850007e-05], "dmean2": [0.0746270790696, 0.939616680145, 2.59007310867, 2.40660071373, 6.51129627228, 5.0497546196, 15.0186080933, 7.9440946579, 14.5019731522, 13.0276660919, 16.959066391, 19.7483921051, 13.2673749924, 18.7897014618, 14.1485652924, 14.7469272614, 19.8841342926, 19.142911911, 23.6092891693, 22.2765693665, 21.7845726013, 15.5774898529, 16.0114383698, 17.1929588318, 13.2272548676, 15.6347532272, 12.8924369812, 17.2892932892, 12.9356956482, 11.4358596802, 5.89872407913, 2.88705396652, 3.18398928642, 1.5575889349, 1.62018716335, 0.75901901722, 0.416284441948, 0.0497772395611, 0.0108430786058, 0.00158634397667], "dmean": [0.0515475198627, 0.547788321972, 1.47728359699, 1.45823025703, 3.8545832634, 3.10317444801, 9.4822845459, 5.11356544495, 9.15903282166, 8.29123592377, 10.615655899, 12.5860671997, 8.34643363953, 11.4126796722, 8.87301826477, 9.19326686859, 12.565946579, 12.0794534683, 14.8626661301, 14.1448755264, 14.1880455017, 9.93330574036, 10.3226242065, 10.844871521, 8.29172325134, 9.99572372437, 8.38692378998, 11.1997241974, 8.5908613205, 7.8358669281, 4.0535902977, 1.9459489584, 2.16364645958, 1.10910582542, 1.13194286823, 0.530740976334, 0.292558223009, 0.0334234833717, 0.00730151450261, 0.00108103500679], "var": [0.0257596652955, 2.04271888733, 10.6383981705, 11.7820577621, 117.257675171, 64.7766647339, 1021.08569336, 178.845153809, 965.132751465, 677.933105469, 1597.24401855, 3716.84008789, 1122.90002441, 1711.31762695, 1290.89624023, 1040.44616699, 1833.60668945, 2346.67626953, 2756.3112793, 2923.71655273, 5014.88574219, 1207.47790527, 1185.08447266, 1607.7890625, 561.085693359, 876.300048828, 653.560058594, 771.163085938, 714.226867676, 674.804138184, 221.104766846, 61.3615837097, 68.2784042358, 37.3764152527, 15.3948469162, 3.50818943977, 1.29065728188, 0.0143248802051, 0.000412543013226, 1.77719030034e-05], "dvar": [0.0191878005862, 1.94982612133, 12.6508979797, 8.90291500092, 137.116043091, 63.3605041504, 1022.19702148, 108.84487915, 513.628417969, 300.033782959, 798.971191406, 1603.09570312, 561.124938965, 938.743469238, 511.546661377, 520.816955566, 973.474121094, 1040.98486328, 1300.53381348, 1350.86584473, 1754.14477539, 417.16204834, 478.474822998, 749.639160156, 234.787261963, 420.487609863, 281.797271729, 434.476257324, 428.112915039, 304.236053467, 100.127845764, 29.8968811035, 39.2950668335, 17.4764270782, 7.7789607048, 2.10641384125, 0.785265266895, 0.00898539554328, 0.000313397380523, 1.5489582438e-05], "mean": [0.08087965101, 0.698343932629, 2.02577710152, 2.07628464699, 4.03326940536, 3.85368442535, 9.94672107697, 7.65102624893, 15.1785755157, 13.8799009323, 16.9345245361, 20.1148796082, 13.5345668793, 18.3023014069, 15.4719619751, 14.5118894577, 19.8032073975, 20.462305069, 24.6577415466, 24.9610118866, 25.9095439911, 19.3024940491, 19.0382919312, 19.1460533142, 15.5120983124, 17.5143985748, 14.9430112839, 17.615562439, 13.4772167206, 12.6697702408, 6.92635393143, 3.24748635292, 3.26507997513, 1.72814822197, 1.46697974205, 0.633284568787, 0.354446351528, 0.0406994707882, 0.00862163119018, 0.00111950002611]}, "zerocrossingrate": {"min": 0, "max": 0.49072265625, "dvar2": 0.000547953241039, "median": 0.08203125, "dmean2": 0.0205700881779, "dmean": 0.0184876229614, "var": 0.00294630089775, "dvar": 0.000491390412208, "mean": 0.0951581969857}, "spectral_contrast_coeffs": {"min": [-0.977984726429, -0.94669765234, -0.957264661789, -0.925561606884, -0.9560572505, -0.93514251709], "max": [-0.312279909849, -0.478764623404, -0.524790287018, -0.570620417595, -0.631015598774, -0.597749769688], "dvar2": [0.00467927474529, 0.00354424188845, 0.0021485297475, 0.00143935089, 0.00078605854651, 0.00106594222598], "median": [-0.703681349754, -0.759502589703, -0.806192934513, -0.801477253437, -0.801734864712, -0.725019991398], "dmean2": [0.0786825940013, 0.0733202472329, 0.0576382353902, 0.0471474118531, 0.0340309031308, 0.0339499227703], "dmean": [0.0485922507942, 0.0455239489675, 0.035092767328, 0.028959589079, 0.0209968052804, 0.0214094202965], "var": [0.00647523254156, 0.00489065935835, 0.00338496197946, 0.00272093433887, 0.00159529864322, 0.00160312454682], "dvar": [0.00202988227829, 0.0013723464217, 0.000822998117656, 0.000574180507101, 0.000324302585796, 0.00043865974294], "mean": [-0.697542071342, -0.754694700241, -0.797318100929, -0.793935418129, -0.797881305218, -0.727891981602]}, "dissonance": {"min": 0.257870137691, "max": 0.500000119209, "dvar2": 0.000379685428925, "median": 0.482141464949, "dmean2": 0.0206162817776, "dmean": 0.012307992205, "var": 0.000280971318716, "dvar": 0.000142992837937, "mean": 0.47830119729}, "spectral_energyband_high": {"min": 3.94216733909e-12, "max": 0.0391186028719, "dvar2": 6.69354812999e-06, "median": 0.000736399379093, "dmean2": 0.00135072809644, "dmean": 0.000994465081021, "var": 9.26057782635e-06, "dvar": 3.55237898475e-06, "mean": 0.00183886615559}, "spectral_skewness": {"min": -0.0555656664073, "max": 2.95037770271, "dvar2": 0.0675378888845, "median": 1.25914311409, "dmean2": 0.247364714742, "dmean": 0.157174929976, "var": 0.0836053490639, "dvar": 0.0275879502296, "mean": 1.26505696774}, "spectral_flux": {"min": 5.97680846113e-05, "max": 0.259912520647, "dvar2": 0.00183721294161, "median": 0.0586427822709, "dmean2": 0.035156480968, "dmean": 0.0224946122617, "var": 0.00229561934248, "dvar": 0.000858914398123, "mean": 0.0701984018087}, "silence_rate_30dB": {"min": 0, "max": 1, "dvar2": 0.00118950777687, "median": 1, "dmean2": 0.000793414656073, "dmean": 0.000396667979658, "var": 0.000198273875867, "dvar": 0.000396514486056, "mean": 0.999801695347}, "spectral_energyband_middle_high": {"min": 6.60118010601e-12, "max": 0.0567275099456, "dvar2": 1.29530653794e-05, "median": 0.00205698795617, "dmean2": 0.0022427465301, "dmean": 0.00150953477714, "var": 3.06754227495e-05, "dvar": 6.08433811067e-06, "mean": 0.00422420538962}, "barkbands_spread": {"min": 1.59109592438, "max": 126.248443604, "dvar2": 262.517120361, "median": 33.3237686157, "dmean2": 14.3452281952, "dmean": 9.45200824738, "var": 314.4012146, "dvar": 113.908752441, "mean": 36.7925224304}, "spectral_centroid": {"min": 336.184234619, "max": 6207.00341797, "dvar2": 330340.875, "median": 1861.87573242, "dmean2": 554.568908691, "dmean": 359.053009033, "var": 492777.84375, "dvar": 144313.828125, "mean": 1936.69750977}, "pitch_salience": {"min": 0.0442908369005, "max": 0.883546888828, "dvar2": 0.0135000785813, "median": 0.567855834961, "dmean2": 0.121136948466, "dmean": 0.0737868100405, "var": 0.0123643483967, "dvar": 0.0054420963861, "mean": 0.561206042767}, "erbbands_skewness": {"min": -3.52124762535, "max": 2.74512434006, "dvar2": 0.205292403698, "median": -0.108448497951, "dmean2": 0.503799855709, "dmean": 0.331235170364, "var": 0.436068624258, "dvar": 0.0959617123008, "mean": -0.12064986676}, "erbbands_crest": {"min": 2.24806833267, "max": 30.2050571442, "dvar2": 13.0507974625, "median": 6.6628985405, "dmean2": 3.89687538147, "dmean": 2.42742943764, "var": 13.368897438, "dvar": 5.33465003967, "mean": 7.5653014183}, "melbands": {"min": [3.66015863451e-11, 2.38153802234e-11, 8.21663830725e-12, 2.62857335724e-12, 3.89455958802e-12, 3.29270269904e-12, 2.24084487944e-12, 1.37179319553e-12, 1.908030808e-12, 1.31552722275e-12, 4.21640370188e-13, 1.44428672039e-13, 1.3417476223e-13, 1.6256005602e-13, 1.38134851322e-13, 6.50098938982e-14, 2.34574475323e-14, 1.88197557988e-14, 3.34132915292e-14, 3.2033342721e-14, 1.34097673761e-14, 4.43208126178e-14, 2.79371794795e-14, 1.70539682365e-14, 4.17122348963e-15, 2.74605921566e-15, 6.3450035292e-15, 4.23514144287e-15, 9.18984160959e-15, 4.54952365047e-15, 7.26634244176e-15, 5.01180839858e-15, 4.26108140336e-15, 2.53474249477e-15, 2.61848292479e-15, 1.96260138505e-15, 5.49325472602e-15, 1.21301835018e-14, 5.02245517921e-15, 4.32869030266e-15], "max": [0.0140160499141, 0.0181418135762, 0.00934433564544, 0.00959876272827, 0.0140503076836, 0.00531760370359, 0.00972926802933, 0.0038320091553, 0.00680062035099, 0.00782109051943, 0.00354080018587, 0.00328004127368, 0.00448679691181, 0.00185496266931, 0.00196219165809, 0.00171492027584, 0.0019526432734, 0.00181944388896, 0.00192837661598, 0.00123129086569, 0.00223096460104, 0.000900744809769, 0.000771793362219, 0.00110610679258, 0.00103924761061, 0.000263400172116, 0.000312722229864, 0.000456948706415, 0.000443970639026, 0.000270514370641, 0.000288425275357, 0.000288129900582, 0.00028581978404, 0.000330576818669, 0.00017112144269, 0.000135483554914, 0.000106822175439, 0.000112887253636, 0.000146251433762, 0.000168861064594], "dvar2": [3.32748663823e-06, 9.67869254964e-06, 1.34753292969e-06, 1.65115386608e-06, 1.70686291767e-06, 1.80188067134e-07, 2.76733942428e-07, 8.30619057979e-08, 1.3314803482e-07, 1.32406384523e-07, 3.65709134087e-08, 4.92502110205e-08, 1.81569550506e-08, 1.02389483558e-08, 1.46704000059e-08, 7.66350183312e-09, 1.09471587351e-08, 1.0742899903e-08, 8.46370884489e-09, 5.32742916448e-09, 6.15780093582e-09, 1.33332533903e-09, 1.27996580002e-09, 1.75678760428e-09, 1.48148615597e-09, 3.74641484502e-10, 4.80380790702e-10, 5.2942999984e-10, 3.64037466838e-10, 4.8839710054e-10, 3.26644072901e-10, 3.23604948393e-10, 2.72509986798e-10, 2.81432460669e-10, 9.55110851519e-11, 4.12113364268e-11, 2.45964203865e-11, 4.70716521317e-11, 3.55406398755e-11, 2.93965303488e-11], "median": [0.000281584245386, 0.000472308718599, 0.000198756781174, 0.000103817576019, 7.62932104408e-05, 7.10823514964e-05, 6.67095446261e-05, 5.05578573211e-05, 3.26086192217e-05, 2.06101358344e-05, 1.51075510075e-05, 2.38577322307e-05, 2.05395390367e-05, 1.12802445074e-05, 1.37521919896e-05, 1.48402177729e-05, 1.15359598567e-05, 1.05109684228e-05, 9.66782135947e-06, 1.06660909296e-05, 8.56494261825e-06, 7.86487817095e-06, 7.69753114582e-06, 5.14537896379e-06, 4.36233494838e-06, 4.44329452876e-06, 4.26620727012e-06, 3.68899645764e-06, 2.79096047962e-06, 3.95652887164e-06, 3.44834825228e-06, 2.37224162447e-06, 1.93232153833e-06, 2.58687441601e-06, 1.43093018323e-06, 5.42766827039e-07, 3.94080700516e-07, 4.42168300196e-07, 3.19233492974e-07, 2.87261798348e-07], "dmean2": [0.000769411155488, 0.00132162042428, 0.000550062919501, 0.000442313787062, 0.000421344768256, 0.00020344654331, 0.000215107240365, 0.000143134966493, 0.000142595075886, 0.000117429815873, 6.93548063282e-05, 8.1428908743e-05, 5.19716086274e-05, 4.26075966971e-05, 4.85888449475e-05, 3.87005384255e-05, 3.91002904507e-05, 4.23982819484e-05, 3.24507818732e-05, 2.98972627206e-05, 2.67741124844e-05, 1.74440865521e-05, 1.64905104612e-05, 1.7876347556e-05, 1.49875058923e-05, 9.68941731117e-06, 1.18250254673e-05, 1.09226066343e-05, 7.99547615316e-06, 1.22668798213e-05, 9.39298024605e-06, 7.73628198658e-06, 6.38928759145e-06, 7.64117339713e-06, 4.05688160754e-06, 2.16114563045e-06, 1.78454968136e-06, 2.33200375988e-06, 1.81283644451e-06, 1.30431499201e-06], "dmean": [0.000489094643854, 0.000757874106057, 0.000330013834173, 0.000265433889581, 0.00026631046785, 0.000133119552629, 0.000135258786031, 9.13569165277e-05, 8.93906981219e-05, 7.48131787986e-05, 4.34412650065e-05, 4.93934203405e-05, 3.25506844092e-05, 2.63086149062e-05, 3.03247416014e-05, 2.43115173362e-05, 2.45411720243e-05, 2.64677837549e-05, 2.04553907679e-05, 1.90708760783e-05, 1.73538865056e-05, 1.09276625153e-05, 1.04211185317e-05, 1.1242362234e-05, 9.37408458412e-06, 6.07401307207e-06, 7.24178789824e-06, 6.93355968906e-06, 5.15760029884e-06, 7.74511590862e-06, 6.02788122706e-06, 5.02898456034e-06, 4.23686014983e-06, 5.09649453306e-06, 2.73518662652e-06, 1.4279160041e-06, 1.1745609072e-06, 1.56512476224e-06, 1.22359290344e-06, 9.10043922886e-07], "var": [2.31017293117e-06, 3.01648583445e-06, 6.28529846836e-07, 5.21268816556e-07, 7.56312033445e-07, 1.26709778669e-07, 1.99875557882e-07, 8.78464518905e-08, 1.1584924664e-07, 1.29389235326e-07, 2.94122877165e-08, 3.2552719631e-08, 1.94753493332e-08, 8.47711234542e-09, 1.06551265588e-08, 6.27186258484e-09, 9.77920500134e-09, 9.0595451141e-09, 6.1640412774e-09, 5.48569234482e-09, 7.83782638791e-09, 1.3904007945e-09, 1.14179177224e-09, 1.4731714737e-09, 1.20379750612e-09, 2.99253705149e-10, 4.16990469931e-10, 4.07795380797e-10, 3.00001162801e-10, 3.82439135915e-10, 2.2695319235e-10, 2.30091404263e-10, 2.05709074774e-10, 2.46160952733e-10, 9.25632417936e-11, 3.37666422601e-11, 2.03357747308e-11, 3.24703978982e-11, 2.94759112951e-11, 3.05079989049e-11], "dvar": [1.66942731994e-06, 3.40753058481e-06, 5.41753422567e-07, 6.29022508747e-07, 7.36774438792e-07, 8.30367810067e-08, 1.06740266403e-07, 3.58512757259e-08, 5.43887566096e-08, 5.58910144832e-08, 1.49997525511e-08, 1.85729049917e-08, 7.81560949292e-09, 4.22559853774e-09, 5.89741544488e-09, 3.30529204007e-09, 4.69965621974e-09, 4.43457004451e-09, 3.54427776017e-09, 2.29560326304e-09, 2.87837620405e-09, 5.67755176206e-10, 5.4386578574e-10, 7.15918213601e-10, 6.06239169976e-10, 1.50067638871e-10, 1.93080176847e-10, 2.21859836058e-10, 1.53491677701e-10, 2.05700095846e-10, 1.39947983757e-10, 1.38995787102e-10, 1.16901280323e-10, 1.19466964099e-10, 4.4132600352e-11, 1.82395678422e-11, 1.12942216343e-11, 2.04324942382e-11, 1.60267268207e-11, 1.52437749923e-11], "mean": [0.000783481285907, 0.00102393364068, 0.000440403004177, 0.000290716619929, 0.000296540179988, 0.000188615202205, 0.000225187992328, 0.000151422718773, 0.000143132856465, 0.00011821998487, 6.66381965857e-05, 7.62257623137e-05, 5.45780239918e-05, 3.8653077354e-05, 4.49336439488e-05, 3.78440781788e-05, 3.8420297642e-05, 4.13021807617e-05, 3.21765437548e-05, 3.25619766954e-05, 2.93662251352e-05, 1.91676135728e-05, 1.82596886589e-05, 1.84648706636e-05, 1.52386000991e-05, 1.06031984615e-05, 1.23435929709e-05, 1.12904099296e-05, 8.50699416333e-06, 1.19508204079e-05, 9.00658051251e-06, 7.6031478784e-06, 6.54979930914e-06, 7.74149248173e-06, 4.44905026598e-06, 2.30642831411e-06, 1.78744880941e-06, 2.28649219025e-06, 1.83145357369e-06, 1.33373998779e-06]}, "spectral_entropy": {"min": 6.76394891739, "max": 9.07161808014, "dvar2": 0.0434265732765, "median": 7.95105361938, "dmean2": 0.197444006801, "dmean": 0.136940672994, "var": 0.0828097015619, "dvar": 0.021178137511, "mean": 7.93953418732}, "spectral_rolloff": {"min": 21.533203125, "max": 15956.1035156, "dvar2": 5784129, "median": 1981.0546875, "dmean2": 1741.69555664, "dmean": 1071.46252441, "var": 5392830, "dvar": 2661660.5, "mean": 2619.61962891}, "barkbands": {"min": [8.3685162966e-11, 1.01872815739e-10, 3.70682165518e-11, 1.40720681635e-11, 1.45387295952e-11, 1.76407499719e-11, 9.90569952453e-12, 7.77088809967e-12, 9.64925535307e-12, 1.67819349996e-12, 9.49478885272e-13, 1.52329104192e-12, 7.89535375013e-13, 2.57283723406e-13, 3.67754112753e-13, 2.69372252368e-13, 7.23407770319e-13, 3.29474024018e-13, 6.87369337339e-14, 1.68601189867e-13, 2.93471844048e-13, 2.64169599824e-13, 1.46447795297e-13, 6.6835187558e-13, 4.66848402384e-13, 1.28917558052e-12, 7.81954904473e-13], "max": [0.0080080460757, 0.0520850904286, 0.029912352562, 0.0282546617091, 0.0371848493814, 0.040708873421, 0.0404870174825, 0.0279539115727, 0.0445167385042, 0.0224944204092, 0.0314823575318, 0.0137711074203, 0.0195276830345, 0.0169995576143, 0.0220467187464, 0.023986812681, 0.0132677545771, 0.0201360974461, 0.0134414723143, 0.0146180139855, 0.00811783131212, 0.0110959066078, 0.00966636184603, 0.00907542463392, 0.0135992150754, 0.00612658075988, 0.00268353731371], "dvar2": [2.60446682887e-07, 6.53828537907e-05, 2.07341799978e-05, 5.94322955294e-06, 2.6908086511e-05, 1.58867660502e-05, 5.55787210033e-06, 3.30985994879e-06, 5.36593643119e-06, 2.54046562986e-06, 9.46381021549e-07, 7.66687207943e-07, 1.20466836506e-06, 1.31139120185e-06, 1.33685819037e-06, 1.21146445053e-06, 3.76465493446e-07, 6.0870706875e-07, 3.54425623073e-07, 4.62422065084e-07, 4.84759937081e-07, 5.89805267737e-07, 3.74128944713e-07, 2.02168990882e-07, 2.39777108391e-07, 2.30492219089e-07, 6.06282952731e-08], "median": [0.000153054919792, 0.00105550745502, 0.000853180536069, 0.000248266675044, 0.000487514422275, 0.000356011092663, 0.000326686276821, 0.000172635278432, 0.00014447463036, 0.00014075828949, 0.000133093257318, 9.48169981712e-05, 0.00015539980086, 0.000127899867948, 0.000142831064295, 0.000131193679408, 0.000153285523993, 0.000107310443127, 0.000117548916023, 0.000129383159219, 0.000159407485626, 0.000112851914309, 0.000104075348645, 3.80513811251e-05, 4.29113279097e-05, 1.42800317917e-05, 6.26479459243e-06], "dmean2": [0.000258173939073, 0.00346006895415, 0.00206159474328, 0.00109206489287, 0.00188626640011, 0.00150342180859, 0.00102966534905, 0.000755816465244, 0.000788227014709, 0.000595455465373, 0.000373655144358, 0.000371350062778, 0.000464247103082, 0.000460169860162, 0.000466396100819, 0.000416012160713, 0.000310461007757, 0.000345529348124, 0.000267853320111, 0.000339296151651, 0.000397137715481, 0.000326127046719, 0.000276232836768, 0.000162072421517, 0.000174718617927, 0.000180512870429, 8.62477609189e-05], "dmean": [0.000200384485652, 0.00207529054023, 0.00118349236436, 0.000665995234158, 0.00116445252206, 0.00098300143145, 0.000647069828119, 0.000476110115414, 0.000501924776472, 0.000364258332411, 0.000232801030506, 0.000229922559811, 0.000290330703137, 0.000288671377348, 0.000294014520478, 0.000267490075203, 0.000196285400307, 0.000217385968426, 0.000168694517924, 0.000214395826333, 0.000256295112194, 0.000219370762352, 0.000188345919014, 0.000110276254418, 0.000124224374304, 0.000128467596369, 5.89464507357e-05], "var": [3.39561836427e-07, 3.51497765223e-05, 6.55799749438e-06, 3.31607384396e-06, 1.01767573142e-05, 8.90224964678e-06, 3.98170868721e-06, 2.9516925224e-06, 5.57114481126e-06, 1.7297412569e-06, 1.0005059039e-06, 6.30461045148e-07, 9.19924502796e-07, 1.190677267e-06, 1.04369291876e-06, 1.49582308495e-06, 4.143962542e-07, 5.45651403172e-07, 2.75879386891e-07, 3.93498368112e-07, 4.33534665945e-07, 5.14334431045e-07, 3.81357580181e-07, 1.75043936679e-07, 2.86895499357e-07, 2.13896299783e-07, 3.66875561042e-08], "dvar": [1.38074966571e-07, 2.8441516406e-05, 7.20427397027e-06, 2.54327824223e-06, 1.08521899165e-05, 7.32854505259e-06, 2.1538112378e-06, 1.376136197e-06, 2.24308860197e-06, 9.70079213403e-07, 4.09153642522e-07, 3.17876271083e-07, 5.07815855144e-07, 5.58479939627e-07, 5.62380307656e-07, 5.51744506083e-07, 1.67308456867e-07, 2.50521878797e-07, 1.41890581062e-07, 1.92403831534e-07, 2.13133219518e-07, 2.64935266614e-07, 1.71465259768e-07, 9.29756325263e-08, 1.30580986024e-07, 1.20932725167e-07, 2.89217094718e-08], "mean": [0.000360580190318, 0.00298841367476, 0.00168794486672, 0.000782164745033, 0.00136694789398, 0.00119332270697, 0.00104768609162, 0.000729190942366, 0.000813991355244, 0.00054053607164, 0.000371985632228, 0.000335218181135, 0.000436840608018, 0.000448111008154, 0.000463892763946, 0.000462230207631, 0.000354807591066, 0.000365691492334, 0.000299725943478, 0.000376722309738, 0.000420095602749, 0.000355329160811, 0.000308571092319, 0.000175224718987, 0.000175243956619, 0.00015781687398, 6.56508054817e-05]}, "melbands_flatness_db": {"min": 0.0242224410176, "max": 0.349699616432, "dvar2": 0.00203047459945, "median": 0.143223077059, "dmean2": 0.0413106754422, "dmean": 0.0263845492154, "var": 0.00268734851852, "dvar": 0.000816305517219, "mean": 0.149066448212}, "melbands_skewness": {"min": -1.09579694271, "max": 13.9157972336, "dvar2": 2.07506370544, "median": 2.22516918182, "dmean2": 1.13719880581, "dmean": 0.716803789139, "var": 2.461124897, "dvar": 0.847479999065, "mean": 2.52383685112}, "barkbands_skewness": {"min": -2.92164468765, "max": 15.2475194931, "dvar2": 0.760257542133, "median": 0.972568690777, "dmean2": 0.772482514381, "dmean": 0.49551743269, "var": 1.02257370949, "dvar": 0.313934594393, "mean": 1.08176290989}, "silence_rate_60dB": {"min": 0, "max": 1, "dvar2": 0.065521620214, "median": 0, "dmean2": 0.0591093935072, "dmean": 0.0295517649502, "var": 0.100800216198, "dvar": 0.0286772623658, "mean": 0.113733269274}, "spectral_energyband_low": {"min": 1.89541563e-10, "max": 0.0629479885101, "dvar2": 0.000121442710224, "median": 0.00266541121528, "dmean2": 0.00520743336529, "dmean": 0.00309719634242, "var": 5.97496800765e-05, "dvar": 4.87154247821e-05, "mean": 0.00512497499585}, "spectral_energyband_middle_low": {"min": 7.44463657387e-11, "max": 0.0837467163801, "dvar2": 0.000102885751403, "median": 0.00328077818267, "dmean2": 0.00504872715101, "dmean": 0.00327766709961, "var": 7.13726694812e-05, "dvar": 4.73337822768e-05, "mean": 0.00604788213968}, "melbands_kurtosis": {"min": -1.89277398586, "max": 242.081634521, "dvar2": 421.064849854, "median": 5.54905223846, "dmean2": 10.0842037201, "dmean": 6.1027674675, "var": 254.914718628, "dvar": 162.664291382, "mean": 10.3017425537}, "spectral_decrease": {"min": -2.90674577741e-08, "max": -7.91007144098e-17, "dvar2": 1.61622273948e-17, "median": -2.57453169894e-09, "dmean2": 2.5823594374e-09, "dmean": 1.67144142971e-09, "var": 1.47802038058e-17, "dvar": 7.46110460514e-18, "mean": -3.93873600402e-09}, "erbbands_kurtosis": {"min": -1.69491541386, "max": 18.7341251373, "dvar2": 2.05126023293, "median": -0.472550630569, "dmean2": 1.04924929142, "dmean": 0.666806995869, "var": 2.31100392342, "dvar": 0.988250434399, "mean": -0.0855719149113}, "melbands_crest": {"min": 3.39973711967, "max": 38.1110420227, "dvar2": 22.97032547, "median": 13.0039901733, "dmean2": 5.23031949997, "dmean": 3.20482778549, "var": 28.570230484, "dvar": 9.26165103912, "mean": 13.8243675232}, "gfcc": {"cov": [[14677.5117188, -1300.16687012, -106.500740051, -37.1229438782, -441.039703369, -192.7996521, -114.564064026, -181.587936401, -321.756286621, -13.2747716904, -12.7138719559, 10.651055336, 3.67674922943], [-1300.16687012, 1320.87329102, -474.156890869, 72.9922866821, 43.1829490662, 35.8481292725, -19.8157329559, 6.29042625427, 56.0676307678, -46.4453849792, 43.1407203674, -62.9387016296, 1.30516576767], [-106.500740051, -474.156890869, 650.168334961, 47.8361167908, 80.2126159668, 47.9013633728, 46.9922027588, -13.7218780518, -31.3777294159, 47.5934524536, -20.7374019623, 67.4745101929, 19.0170078278], [-37.1229438782, 72.9922866821, 47.8361167908, 240.057540894, 36.1516914368, 40.3049468994, 0.776686012745, -12.851937294, 17.0250988007, -16.7273349762, 8.74760723114, 9.73735904694, 6.26070451736], [-441.039703369, 43.1829490662, 80.2126159668, 36.1516914368, 183.818252563, 40.4560394287, 30.2208518982, 22.0410404205, 19.8254070282, 5.90076541901, -11.747013092, 14.8616571426, 6.09379148483], [-192.7996521, 35.8481292725, 47.9013633728, 40.3049468994, 40.4560394287, 141.463302612, 69.4561843872, 19.2164344788, 6.59256219864, 8.55099582672, 9.45565509796, 6.93318414688, 0.0761260688305], [-114.564064026, -19.8157329559, 46.9922027588, 0.776686012745, 30.2208518982, 69.4561843872, 132.975402832, 34.9129180908, 11.5901613235, 13.3365468979, 9.14299106598, -7.08974695206, -7.615234375], [-181.587936401, 6.29042625427, -13.7218780518, -12.851937294, 22.0410404205, 19.2164344788, 34.9129180908, 99.6819076538, 48.3977546692, 21.1095504761, 1.37708687782, -3.18117308617, 0.10865098238], [-321.756286621, 56.0676307678, -31.3777294159, 17.0250988007, 19.8254070282, 6.59256219864, 11.5901613235, 48.3977546692, 97.7360534668, 24.2727489471, 4.42675065994, -8.63243675232, 1.40330970287], [-13.2747716904, -46.4453849792, 47.5934524536, -16.7273349762, 5.90076541901, 8.55099582672, 13.3365468979, 21.1095504761, 24.2727489471, 77.7163467407, 23.8023223877, 11.7207708359, 2.51294398308], [-12.7138719559, 43.1407203674, -20.7374019623, 8.74760723114, -11.747013092, 9.45565509796, 9.14299106598, 1.37708687782, 4.42675065994, 23.8023223877, 70.8389968872, 18.6833286285, 2.83170557022], [10.651055336, -62.9387016296, 67.4745101929, 9.73735904694, 14.8616571426, 6.93318414688, -7.08974695206, -3.18117308617, -8.63243675232, 11.7207708359, 18.6833286285, 69.5630340576, 22.3805942535], [3.67674922943, 1.30516576767, 19.0170078278, 6.26070451736, 6.09379148483, 0.0761260688305, -7.615234375, 0.10865098238, 1.40330970287, 2.51294398308, 2.83170557022, 22.3805942535, 65.8509902954]], "icov": [[8.87730930117e-05, 0.000109590117063, 0.000105380408058, -9.44361381698e-05, 0.000125470382045, 4.53049688076e-05, -1.63423210324e-05, 1.80820115929e-05, 0.000275460304692, -0.000117100353236, 2.48317846854e-05, 2.92023050861e-05, -5.4560125136e-05], [0.000109590117063, 0.00135076662991, 0.00100258737803, -0.000403986225137, -0.000499691988807, -0.000441179960035, 0.000258163083345, 0.000301168562146, -1.37554643516e-05, 0.00022596976487, -0.000790285062976, 0.000798674998805, -0.000453699205536], [0.000105380408058, 0.00100258737803, 0.0029296099674, -0.000828706426546, -0.000837310566567, -0.000328353664372, -0.000716873386409, 0.000744549033698, 0.0010326463962, -0.00182311888784, 0.00130139803514, -0.00147804676089, -0.000305327674141], [-9.44361381698e-05, -0.000403986225137, -0.000828706426546, 0.00522015569732, -0.000629107933491, -0.00155109446496, 0.00080901873298, 0.00118221133016, -0.00221510441042, 0.00223189475946, -0.00125116691925, -0.000160325042089, -2.17573306145e-05], [0.000125470382045, -0.000499691988807, -0.000837310566567, -0.000629107933491, 0.00709302444011, -0.000766852404922, -0.000822596775834, -0.00085489731282, -0.000528116186615, -0.000203036368475, 0.00212311046198, -0.00176071142778, 8.14158775029e-05], [4.53049688076e-05, -0.000441179960035, -0.000328353664372, -0.00155109446496, -0.000766852404922, 0.01072268188, -0.00525586539879, -0.000566680799238, 0.000943620456383, -0.000558683124837, -7.2245420597e-05, -0.00113539421, 9.04055850697e-05], [-1.63423210324e-05, 0.000258163083345, -0.000716873386409, 0.00080901873298, -0.000822596775834, -0.00525586539879, 0.0118317212909, -0.00311064673588, 0.000358502526069, 0.000348801579094, -0.00232361839153, 0.00298315566033, 0.000646587752271], [1.80820115929e-05, 0.000301168562146, 0.000744549033698, 0.00118221133016, -0.00085489731282, -0.000566680799238, -0.00311064673588, 0.0152825638652, -0.00678771408275, -0.00160150835291, 0.00111191661563, -0.0008007097058, -0.000209483376238], [0.000275460304692, -1.37554643516e-05, 0.0010326463962, -0.00221510441042, -0.000528116186615, 0.000943620456383, 0.000358502526069, -0.00678771408275, 0.0166345238686, -0.00502435350791, 0.00065808033105, 0.00201536458917, -0.000878295453731], [-0.000117100353236, 0.00022596976487, -0.00182311888784, 0.00223189475946, -0.000203036368475, -0.000558683124837, 0.000348801579094, -0.00160150835291, -0.00502435350791, 0.0187346246094, -0.0068632112816, -0.000245125673246, 0.000149351879372], [2.48317846854e-05, -0.000790285062976, 0.00130139803514, -0.00125116691925, 0.00212311046198, -7.2245420597e-05, -0.00232361839153, 0.00111191661563, 0.00065808033105, -0.0068632112816, 0.0198078658432, -0.00684639904648, 0.00101344648283], [2.92023050861e-05, 0.000798674998805, -0.00147804676089, -0.000160325042089, -0.00176071142778, -0.00113539421, 0.00298315566033, -0.0008007097058, 0.00201536458917, -0.000245125673246, -0.00684639904648, 0.0213908907026, -0.00607407372445], [-5.4560125136e-05, -0.000453699205536, -0.000305327674141, -2.17573306145e-05, 8.14158775029e-05, 9.04055850697e-05, 0.000646587752271, -0.000209483376238, -0.000878295453731, 0.000149351879372, 0.00101344648283, -0.00607407372445, 0.0173893794417]], "mean": [-8.23940372467, 56.4083213806, -106.045028687, 34.3471183777, -50.6612091064, 12.434384346, -28.9665718079, 5.46612071991, -16.6024665833, 6.93910884857, -16.3563747406, 2.85718727112, -11.3216695786]}, "melbands_spread": {"min": 1.90027034283, "max": 285.713287354, "dvar2": 570.368347168, "median": 31.0098114014, "dmean2": 18.7342414856, "dmean": 11.9803514481, "var": 742.611816406, "dvar": 267.937652588, "mean": 36.9523658752}, "spectral_energy": {"min": 3.07308595238e-10, "max": 0.122156977654, "dvar2": 0.000264831178356, "median": 0.0111346216872, "dmean2": 0.0105339782313, "dmean": 0.00697986781597, "var": 0.00027440462145, "dvar": 0.000126286962768, "mean": 0.0170839950442}, "mfcc": {"cov": [[11775.5253906, -14.4782762527, -279.595397949, 120.439865112, -385.971343994, -116.768829346, -156.808822632, -157.049285889, -195.161117554, -89.0835113525, -113.562202454, -220.395629883, -56.7150611877], [-14.4782762527, 964.965576172, -272.129089355, 17.0282859802, 9.87421798706, 25.5318641663, -21.058303833, 4.69972467422, -11.9166412354, 5.57894325256, 0.52612644434, 16.6289272308, 13.267080307], [-279.595397949, -272.129089355, 395.699859619, 45.3240661621, 32.7526397705, 64.3805084229, 41.6622390747, 5.51122903824, 13.5518751144, -34.8800125122, -6.46925973892, 19.0755405426, 6.07568788528], [120.439865112, 17.0282859802, 45.3240661621, 171.064407349, 55.6165351868, 37.7648925781, -9.17384147644, 12.0868148804, 6.42929792404, -20.4195957184, -17.3334884644, 13.7163696289, 15.4347715378], [-385.971343994, 9.87421798706, 32.7526397705, 55.6165351868, 143.815795898, 26.9372367859, -1.95630788803, 11.7091140747, 30.327753067, -10.8311948776, -16.460477829, 25.5406703949, 9.02438545227], [-116.768829346, 25.5318641663, 64.3805084229, 37.7648925781, 26.9372367859, 139.883621216, 49.4949684143, 36.2475662231, 6.43421268463, -8.41849040985, 12.1210212708, -0.682108581066, 12.7411823273], [-156.808822632, -21.058303833, 41.6622390747, -9.17384147644, -1.95630788803, 49.4949684143, 116.253295898, 32.4229774475, 7.79334068298, 10.0757808685, 12.198720932, 4.71215200424, -3.34901833534], [-157.049285889, 4.69972467422, 5.51122903824, 12.0868148804, 11.7091140747, 36.2475662231, 32.4229774475, 90.6947174072, 25.0706691742, 13.8797960281, 14.5441570282, 2.03422117233, 14.4434223175], [-195.161117554, -11.9166412354, 13.5518751144, 6.42929792404, 30.327753067, 6.43421268463, 7.79334068298, 25.0706691742, 98.627494812, 26.753200531, 12.4503917694, 10.5577993393, -0.753145933151], [-89.0835113525, 5.57894325256, -34.8800125122, -20.4195957184, -10.8311948776, -8.41849040985, 10.0757808685, 13.8797960281, 26.753200531, 85.2365951538, 36.9420394897, 1.54982042313, 6.36109685898], [-113.562202454, 0.52612644434, -6.46925973892, -17.3334884644, -16.460477829, 12.1210212708, 12.198720932, 14.5441570282, 12.4503917694, 36.9420394897, 76.5758590698, 20.5833683014, 7.69859981537], [-220.395629883, 16.6289272308, 19.0755405426, 13.7163696289, 25.5406703949, -0.682108581066, 4.71215200424, 2.03422117233, 10.5577993393, 1.54982042313, 20.5833683014, 77.9628677368, 19.5389041901], [-56.7150611877, 13.267080307, 6.07568788528, 15.4347715378, 9.02438545227, 12.7411823273, -3.34901833534, 14.4434223175, -0.753145933151, 6.36109685898, 7.69859981537, 19.5389041901, 62.8400878906]], "icov": [[0.000106421124656, 2.21007521759e-05, 7.79710899224e-05, -0.000202731680474, 0.000310099159833, -9.76233150141e-06, 5.89417177252e-05, 0.000111680441478, 4.39805698988e-05, 5.77625796723e-05, 7.31030231691e-05, 0.000178469592356, -1.21045457036e-06], [2.21007521759e-05, 0.0014016807545, 0.00115894840565, -0.000208926081541, 6.32794035482e-05, -0.000829613651149, 0.000146433216287, 0.000142390548717, 4.8879730457e-05, 0.000127323000925, 0.000263025052845, -0.000586212845519, -6.47757551633e-05], [7.79710899224e-05, 0.00115894840565, 0.00397809175774, -0.000708101491909, 0.000157045040396, -0.00164798111655, -0.000762733456213, 0.000809112447314, -0.000610381772276, 0.00140663958155, 0.000220698551857, -0.000868143513799, -0.000206854107091], [-0.000202731680474, -0.000208926081541, -0.000708101491909, 0.00789424870163, -0.00259010936134, -0.00168414216023, 0.00134781561792, -0.00093868561089, 2.98809736705e-05, 0.000424159719842, 0.00127429852728, -0.0010994207114, -0.000865219684783], [0.000310099159833, 6.32794035482e-05, 0.000157045040396, -0.00259010936134, 0.0105072204024, -0.00168383249547, 0.000982614001259, 2.73247624136e-05, -0.00261792354286, 0.000244334951276, 0.00329257897101, -0.00280069722794, 0.000177413588972], [-9.76233150141e-06, -0.000829613651149, -0.00164798111655, -0.00168414216023, -0.00168383249547, 0.0114013897255, -0.00399545533583, -0.00223893788643, 0.000383691221941, 0.00212892657146, -0.00336189428344, 0.00303766573779, -0.00177241663914], [5.89417177252e-05, 0.000146433216287, -0.000762733456213, 0.00134781561792, 0.000982614001259, -0.00399545533583, 0.0118592726067, -0.00318121677265, 0.000569090538193, -0.00181054440327, 0.000904565677047, -0.00179586838931, 0.00243484741077], [0.000111680441478, 0.000142390548717, 0.000809112447314, -0.00093868561089, 2.73247624136e-05, -0.00223893788643, -0.00318121677265, 0.0149486530572, -0.0031837890856, -0.000221626221901, -0.00144461053424, 0.00166758941486, -0.00328955077566], [4.39805698988e-05, 4.8879730457e-05, -0.000610381772276, 2.98809736705e-05, -0.00261792354286, 0.000383691221941, 0.000569090538193, -0.0031837890856, 0.0131520312279, -0.00426076259464, -0.000105940343929, -0.00101685442496, 0.00205939658917], [5.77625796723e-05, 0.000127323000925, 0.00140663958155, 0.000424159719842, 0.000244334951276, 0.00212892657146, -0.00181054440327, -0.000221626221901, -0.00426076259464, 0.0179365947843, -0.00810617022216, 0.0027469843626, -0.0024549793452], [7.31030231691e-05, 0.000263025052845, 0.000220698551857, 0.00127429852728, 0.00329257897101, -0.00336189428344, 0.000904565677047, -0.00144461053424, -0.000105940343929, -0.00810617022216, 0.0204932857305, -0.00664836773649, 0.000640978920273], [0.000178469592356, -0.000586212845519, -0.000868143513799, -0.0010994207114, -0.00280069722794, 0.00303766573779, -0.00179586838931, 0.00166758941486, -0.00101685442496, 0.0027469843626, -0.00664836773649, 0.017993779853, -0.00512445392087], [-1.21045457036e-06, -6.47757551633e-05, -0.000206854107091, -0.000865219684783, 0.000177413588972, -0.00177241663914, 0.00243484741077, -0.00328955077566, 0.00205939658917, -0.0024549793452, 0.000640978920273, -0.00512445392087, 0.0191662572324]], "mean": [-654.230773926, 92.8949127197, 1.40459537506, 26.7717685699, 1.0243653059, 13.2290716171, -2.48239302635, 4.0861620903, 2.76491570473, 1.48133838177, 3.05504512787, 1.74750554562, 3.08820366859]}, "spectral_contrast_valleys": {"min": [-14.7348213196, -15.7998256683, -16.1280155182, -16.9027442932, -16.9391651154, -18.3503170013], "max": [-5.6468091011, -4.9542889595, -5.19915056229, -5.47764396667, -5.322453022, -7.03064775467], "dvar2": [0.220416739583, 0.248392403126, 0.198046773672, 0.205851271749, 0.291885614395, 0.33815702796], "median": [-7.30150175095, -6.85569477081, -7.39796876907, -7.61532592773, -7.41731500626, -9.88747882843], "dmean2": [0.561276376247, 0.57674497366, 0.500196814537, 0.461395889521, 0.439212650061, 0.456465482712], "dmean": [0.345628619194, 0.352435201406, 0.309438973665, 0.293145984411, 0.302715867758, 0.374349445105], "var": [1.12333512306, 1.21801400185, 1.29249715805, 1.35271763802, 1.53898584843, 1.85784459114], "dvar": [0.0887161195278, 0.102675922215, 0.0868123695254, 0.0944935679436, 0.142033040524, 0.190387710929], "mean": [-7.49568891525, -7.03118038177, -7.54866075516, -7.75990867615, -7.57762622833, -10.1266002655]}, "barkbands_flatness_db": {"min": 0.0110886609182, "max": 0.334271997213, "dvar2": 0.00102125061676, "median": 0.0758372172713, "dmean2": 0.0300359744579, "dmean": 0.0193128548563, "var": 0.00118531868793, "dvar": 0.000407381798141, "mean": 0.0808601528406}, "dynamic_complexity": 5.17077589035, "erbbands_flatness_db": {"min": 0.032451082021, "max": 0.248663708568, "dvar2": 0.0003845958272, "median": 0.112687960267, "dmean2": 0.0214771609753, "dmean": 0.0152519270778, "var": 0.00107300491072, "dvar": 0.000203493997105, "mean": 0.11623227596