{"lowlevel": {"spectral_complexity": {"min": 0, "max": 57, "dvar2": 33.644203186, "median": 10, "dmean2": 3.961622715, "dmean": 2.52784156799, "var": 71.5135116577, "dvar": 14.67278862, "mean": 11.5064125061}, "silence_rate_20dB": {"min": 1, "max": 1, "dvar2": 0, "median": 1, "dmean2": 0, "dmean": 0, "var": 0, "dvar": 0, "mean": 1}, "average_loudness": 0.923517584801, "erbbands_spread": {"min": 0.402731239796, "max": 211.872116089, "dvar2": 409.434265137, "median": 33.5898590088, "dmean2": 14.0360536575, "dmean": 9.53363323212, "var": 843.739624023, "dvar": 188.985702515, "mean": 40.5074081421}, "spectral_kurtosis": {"min": -1.43208420277, "max": 149.329742432, "dvar2": 119.607574463, "median": 4.56607818604, "dmean2": 5.3118724823, "dmean": 3.2915790081, "var": 193.794418335, "dvar": 47.2599411011, "mean": 9.4525384903}, "barkbands_kurtosis": {"min": -1.94278478622, "max": 1092.86315918, "dvar2": 4365.81445312, "median": 9.17904376984, "dmean2": 21.7121753693, "dmean": 13.2099113464, "var": 3927.9765625, "dvar": 1626.42578125, "mean": 26.5006408691}, "spectral_strongpeak": {"min": 0, "max": 6.71778964996, "dvar2": 0.771007180214, "median": 0.497407913208, "dmean2": 0.584454953671, "dmean": 0.345397859812, "var": 0.534360826015, "dvar": 0.301320016384, "mean": 0.732721149921}, "spectral_spread": {"min": 720971.3125, "max": 41460688, "dvar2": 1842656837630.0, "median": 4419049.5, "dmean2": 891996.6875, "dmean": 629637.375, "var": 5768515420160.0, "dvar": 1053944446980.0, "mean": 4690533.5}, "spectral_rms": {"min": 3.27597584476e-12, "max": 0.0163746457547, "dvar2": 4.52617496194e-06, "median": 0.00573858106509, "dmean2": 0.00166854925919, "dmean": 0.00104244949762, "var": 6.98315625414e-06, "dvar": 2.18922377826e-06, "mean": 0.00558207416907}, "erbbands": {"min": [1.02637069218e-21, 5.86086181055e-21, 1.14562745771e-20, 4.36740926735e-20, 2.92325318284e-19, 2.2865231515e-19, 3.70424196203e-19, 2.9577882319e-19, 5.02428211595e-19, 4.51637977816e-19, 2.05404538451e-18, 5.57393742914e-19, 1.48893058267e-18, 9.60458020799e-19, 2.83485011602e-18, 2.519807006e-18, 3.35217921087e-18, 4.57366482731e-18, 7.20317149217e-18, 5.67225208424e-18, 6.75796096621e-18, 6.40628512878e-18, 9.90377391709e-18, 1.54385949056e-17, 1.66446689065e-17, 1.56958646198e-17, 1.96511296347e-17, 2.10181117714e-17, 2.17665299004e-17, 2.49492810151e-17, 1.77959372287e-17, 1.90738733724e-17, 1.96751046376e-17, 1.46693781473e-17, 8.4303278453e-18, 6.67414564987e-18, 3.49576701186e-18, 1.23075924168e-18, 3.18415008394e-19, 3.58664511939e-20], "max": [9.49209308624, 54.4579467773, 132.642486572, 151.912643433, 472.344451904, 524.089111328, 344.932769775, 554.629638672, 609.50213623, 998.817077637, 1594.22485352, 796.467407227, 1435.66552734, 894.076660156, 697.950500488, 944.421813965, 639.042114258, 390.212738037, 968.696411133, 492.444854736, 506.002105713, 329.095611572, 427.38458252, 222.886779785, 275.399871826, 406.755340576, 192.122680664, 329.047393799, 272.975738525, 304.414459229, 275.293884277, 275.094055176, 244.02116394, 136.679244995, 88.7034759521, 32.7370376587, 11.3465776443, 2.2392334938, 0.162512034178, 0.00544113712385], "dvar2": [2.42046356201, 49.7745056152, 378.94519043, 502.811553955, 3058.02563477, 2634.14819336, 1120.74902344, 903.767211914, 833.819641113, 3829.66235352, 7178.08886719, 1353.07617188, 3617.01904297, 1491.46984863, 858.802612305, 1013.49420166, 653.035400391, 460.605010986, 633.341064453, 326.567901611, 618.973083496, 312.362030029, 274.866455078, 237.232086182, 304.021392822, 387.213928223, 177.366226196, 243.383255005, 153.361984253, 167.217681885, 131.150253296, 98.2929458618, 57.704662323, 28.8624668121, 13.8682327271, 3.15594124794, 0.339339494705, 0.00849818717688, 6.52240341878e-05, 7.39635055425e-08], "median": [0.124095618725, 1.28659033775, 2.58640027046, 4.56910800934, 7.05351877213, 9.62875556946, 11.6958093643, 6.39698314667, 4.08823204041, 5.93197250366, 6.14229393005, 6.89157772064, 3.99520325661, 2.46339249611, 1.59192383289, 1.88147413731, 1.5425465107, 1.3049082756, 1.56065797806, 1.62164974213, 1.85590136051, 1.51919996738, 1.76830089092, 2.08279061317, 2.42935347557, 2.73966026306, 1.97034394741, 1.00973248482, 0.467467188835, 0.366132736206, 0.380139559507, 0.449948370457, 0.202629253268, 0.0959635600448, 0.0350313559175, 0.0182512998581, 0.00787467043847, 0.00131643016357, 0.000117938972835, 4.66511264676e-05], "dmean2": [0.505295395851, 2.71688175201, 7.10608768463, 11.2927112579, 20.4021205902, 22.0577812195, 19.0881996155, 13.2077560425, 10.8498353958, 20.5656890869, 27.5018386841, 14.4720363617, 17.9611797333, 11.6813011169, 8.13997936249, 7.97382736206, 7.63032817841, 6.11649894714, 7.00968980789, 6.93461751938, 8.33813095093, 6.41015768051, 6.07821989059, 7.08862304688, 7.48792171478, 8.11962604523, 5.61652183533, 4.70035266876, 3.60460186005, 3.42028737068, 2.76724171638, 2.60449075699, 1.67764031887, 1.19807124138, 0.76976698637, 0.396072417498, 0.135583609343, 0.023060515523, 0.00206537381746, 8.71934680617e-05], "dmean": [0.29352581501, 1.77475953102, 4.23720645905, 6.6293592453, 11.7257080078, 12.8795137405, 11.9353570938, 8.31421852112, 6.9241437912, 13.4747781754, 18.9644508362, 10.019071579, 11.7754125595, 8.08402347565, 5.24179840088, 5.02598428726, 4.81423568726, 3.87465572357, 4.59467697144, 4.48694372177, 5.38251018524, 4.11033248901, 3.8826417923, 4.44032907486, 4.66309976578, 5.11892557144, 3.53378915787, 2.92965888977, 2.28164362907, 2.31012678146, 1.92107403278, 1.85495471954, 1.20739877224, 0.885984241962, 0.536765575409, 0.263840198517, 0.0884086489677, 0.0151953604072, 0.00136553915218, 5.88510665693e-05], "var": [0.771278262138, 30.4901828766, 138.423049927, 213.004058838, 1334.47424316, 1052.91955566, 911.282897949, 1016.48742676, 995.914001465, 4344.00927734, 9106.04394531, 2329.02734375, 3387.64990234, 2522.90454102, 783.85333252, 717.949707031, 518.196166992, 284.452758789, 775.264404297, 340.4453125, 646.310302734, 317.156036377, 356.102325439, 271.999420166, 372.299224854, 468.456512451, 177.860900879, 212.269454956, 111.054489136, 158.405776978, 154.035125732, 149.806594849, 89.370513916, 44.4953384399, 14.5071516037, 2.52657580376, 0.213779136539, 0.00580833107233, 4.39581272076e-05, 4.79854662672e-08], "dvar": [0.847061514854, 21.7971420288, 140.867156982, 178.325134277, 1085.14099121, 923.734619141, 444.570495605, 404.35736084, 358.420135498, 1638.74584961, 3096.92871094, 629.345825195, 1487.03881836, 757.972106934, 348.793182373, 391.871612549, 281.544708252, 180.807418823, 288.066009521, 150.973907471, 260.522491455, 131.770568848, 117.603126526, 97.7441177368, 119.506362915, 155.625534058, 70.6982879639, 91.894317627, 65.5296173096, 77.9573440552, 66.9365386963, 53.7391281128, 31.6468582153, 17.0393810272, 7.19523334503, 1.46194493771, 0.145138189197, 0.00376833579503, 2.95277277473e-05, 3.33238396877e-08], "mean": [0.380736708641, 3.01607489586, 6.34634542465, 10.0125989914, 18.7644634247, 19.9383735657, 22.3834819794, 16.6750183105, 14.6996650696, 27.8477802277, 42.5280570984, 22.8214511871, 22.3734588623, 16.5294208527, 8.79297351837, 8.47207069397, 7.67408514023, 5.93137836456, 7.99812221527, 7.5039768219, 10.1864023209, 7.54819154739, 7.90775060654, 8.66403770447, 9.69843006134, 11.0573148727, 7.12640857697, 5.31679868698, 3.74704551697, 3.70086503029, 3.30999183655, 3.39706540108, 2.08588790894, 1.37117290497, 0.753961205482, 0.34211987257, 0.111669532955, 0.0191460270435, 0.00165486405604, 9.92543500615e-05]}, "zerocrossingrate": {"min": 0.001953125, "max": 0.50244140625, "dvar2": 0.000261655455688, "median": 0.02783203125, "dmean2": 0.00981354154646, "dmean": 0.00842552445829, "var": 0.00316823017783, "dvar": 0.000249530974543, "mean": 0.0446109138429}, "spectral_contrast_coeffs": {"min": [-0.960505962372, -0.974340677261, -0.975539624691, -0.959881603718, -0.961515724659, -0.958950579166], "max": [-0.228924199939, -0.363167077303, -0.442488193512, -0.521302938461, -0.549714684486, -0.605856180191], "dvar2": [0.00548177352175, 0.00365902273916, 0.00250604283065, 0.00159756920766, 0.000860964704771, 0.000796467298642], "median": [-0.63747048378, -0.697788655758, -0.749491930008, -0.790469408035, -0.796931624413, -0.783337891102], "dmean2": [0.0814478471875, 0.0704943165183, 0.0574677474797, 0.0460532605648, 0.0335860475898, 0.028471602127], "dmean": [0.0499376021326, 0.0437610112131, 0.0372267886996, 0.0294198710471, 0.0216276478022, 0.0179249737412], "var": [0.0132630793378, 0.00881919730455, 0.00865240395069, 0.0049375705421, 0.00383461033925, 0.00254961056635], "dvar": [0.00216059410013, 0.00153450632934, 0.00115706236102, 0.000728350132704, 0.000396588613512, 0.000344730535289], "mean": [-0.621780157089, -0.696084976196, -0.747029602528, -0.785325527191, -0.79310387373, -0.782028138638]}, "dissonance": {"min": 0.253048837185, "max": 0.500000178814, "dvar2": 0.00120212731417, "median": 0.453779906034, "dmean2": 0.034994147718, "dmean": 0.0213977117091, "var": 0.00164604152087, "dvar": 0.000473166117445, "mean": 0.444764494896}, "spectral_energyband_high": {"min": 8.4539231852e-21, "max": 0.0330455079675, "dvar2": 2.39135260927e-06, "median": 0.000166029203683, "dmean2": 0.000548198062461, "dmean": 0.000393036491005, "var": 4.38862480223e-06, "dvar": 1.38190853249e-06, "mean": 0.000819460605271}, "spectral_skewness": {"min": -0.263232320547, "max": 10.5587368011, "dvar2": 0.602837502956, "median": 1.68837833405, "dmean2": 0.526749014854, "dmean": 0.34105348587, "var": 1.81830823421, "dvar": 0.259884804487, "mean": 2.08380174637}, "spectral_flux": {"min": 1.04882401375e-10, "max": 0.445411175489, "dvar2": 0.00402938714251, "median": 0.0674925595522, "dmean2": 0.0501780323684, "dmean": 0.0321675464511, "var": 0.00489399163052, "dvar": 0.00197614566423, "mean": 0.083964549005}, "silence_rate_30dB": {"min": 0, "max": 1, "dvar2": 0.0820912644267, "median": 1, "dmean2": 0.0809260606766, "dmean": 0.0404588095844, "var": 0.0431122370064, "dvar": 0.038824506104, "mean": 0.954853534698}, "spectral_energyband_middle_high": {"min": 1.37562448177e-21, "max": 0.0290320627391, "dvar2": 5.56388886253e-06, "median": 0.000826478237286, "dmean2": 0.00119569955859, "dmean": 0.0007942058146, "var": 1.02274316305e-05, "dvar": 2.55587610809e-06, "mean": 0.00214450410567}, "barkbands_spread": {"min": 0.0460451692343, "max": 133.587249756, "dvar2": 136.741271973, "median": 8.68660449982, "dmean2": 6.71335792542, "dmean": 4.35602712631, "var": 319.233673096, "dvar": 67.1625213623, "mean": 13.8600139618}, "spectral_centroid": {"min": 80.2227783203, "max": 11198.5917969, "dvar2": 162998.703125, "median": 659.834106445, "dmean2": 279.858520508, "dmean": 182.802902222, "var": 767087.75, "dvar": 84145.5546875, "mean": 922.397583008}, "pitch_salience": {"min": 0.0667285621166, "max": 0.840331017971, "dvar2": 0.0146822240204, "median": 0.486464470625, "dmean2": 0.121020525694, "dmean": 0.0741921067238, "var": 0.0212761126459, "dvar": 0.00575019931421, "mean": 0.468411505222}, "erbbands_skewness": {"min": -3.8323135376, "max": 13.258108139, "dvar2": 0.659988284111, "median": 0.939529001713, "dmean2": 0.673662304878, "dmean": 0.446619451046, "var": 3.64124202728, "dvar": 0.294245570898, "mean": 1.23853969574}, "erbbands_crest": {"min": 2.30641031265, "max": 29.7683563232, "dvar2": 17.8193416595, "median": 10.3896694183, "dmean2": 4.16420888901, "dmean": 2.63089489937, "var": 29.4852848053, "dvar": 7.29329538345, "mean": 11.6634092331}, "melbands": {"min": [8.54439227816e-24, 6.76324848381e-24, 1.44857171185e-23, 2.16348921344e-23, 1.10243043292e-23, 7.24077281102e-24, 7.10683132906e-24, 5.58801376241e-24, 1.56643620856e-23, 2.75645631325e-24, 7.4760687198e-24, 3.46972107236e-24, 7.94104542544e-24, 9.25607813217e-24, 5.23772520504e-24, 8.55123327993e-24, 8.80602667485e-24, 1.3695666611e-23, 5.06504868048e-24, 1.04144848727e-23, 7.33689314573e-24, 7.22630115771e-24, 6.72481518051e-24, 9.61605429588e-24, 1.28431509416e-23, 1.3561708563e-23, 1.12701157538e-23, 1.07865534853e-23, 1.22131137691e-23, 1.42223369726e-23, 1.22329204887e-23, 1.28449519111e-23, 1.28328286967e-23, 1.28246655641e-23, 1.08066899487e-23, 7.45342367865e-24, 1.36737615214e-23, 1.27649330163e-23, 1.50473829276e-23, 1.1855164189e-23], "max": [0.0734187737107, 0.0601968243718, 0.0257900785655, 0.0348905660212, 0.0133266719058, 0.0107318433002, 0.00833081454039, 0.0110556185246, 0.0111934226006, 0.00461291195825, 0.00710726901889, 0.0038993221242, 0.00219782511704, 0.00214966596104, 0.0021528552752, 0.000928445020691, 0.00085226027295, 0.00140329962596, 0.000657183176372, 0.000462864263682, 0.000608643051237, 0.000403836951591, 0.000529990007635, 0.000293534394586, 0.000220570072997, 0.000210918748053, 0.000338094716426, 0.00029673424433, 0.000156090638484, 0.000169398219441, 0.000174670334673, 0.000158914830536, 0.000156963666086, 0.000164867509739, 0.000164451033925, 0.000178473739652, 0.000195665517822, 0.000219928959268, 0.000103166821646, 0.000138756688102], "dvar2": [0.000132544446387, 5.7869234297e-05, 1.66495829035e-05, 1.72560794454e-05, 1.60794161275e-06, 3.99044125743e-07, 1.9590478928e-07, 4.9263070423e-07, 4.45117649406e-07, 5.23066212565e-08, 8.95470222417e-08, 2.81250294165e-08, 1.01834896071e-08, 7.13251768758e-09, 7.5889223794e-09, 2.0429691272e-09, 1.89412419083e-09, 1.67639691018e-09, 7.64990293334e-10, 9.17948883572e-10, 9.70672653366e-10, 4.24148327571e-10, 4.12637229941e-10, 2.22598189881e-10, 2.11981973641e-10, 1.47838657982e-10, 3.1395666622e-10, 2.18137757857e-10, 1.00749610044e-10, 7.57476928404e-11, 8.56946666405e-11, 5.60473785438e-11, 5.57138606083e-11, 5.50383419395e-11, 4.58173325668e-11, 5.11493902788e-11, 4.93777622956e-11, 4.23086288226e-11, 2.06012377296e-11, 2.87686385131e-11], "median": [0.00142396986485, 0.00174481363501, 0.000937174714636, 0.000652884307783, 0.000446239981102, 0.000146543345181, 6.0854566982e-05, 6.40742728137e-05, 4.77969224448e-05, 3.32209783664e-05, 1.55036432261e-05, 8.57839131641e-06, 4.34845151176e-06, 3.93069285565e-06, 4.28228031524e-06, 2.56737848758e-06, 1.91665344573e-06, 2.34557319345e-06, 1.83059194114e-06, 1.89514810245e-06, 1.99579017135e-06, 1.43675151776e-06, 1.32951004161e-06, 1.62115964031e-06, 1.4624091591e-06, 1.37536005695e-06, 1.86675754321e-06, 1.62067760812e-06, 1.30182445446e-06, 6.62804268359e-07, 4.85676252993e-07, 2.46379045166e-07, 1.90761511476e-07, 1.9133469209e-07, 1.97632957111e-07, 2.39221520815e-07, 2.66961251327e-07, 1.27518134718e-07, 9.46825977621e-08, 6.84911398707e-08], "dmean2": [0.00398302264512, 0.00316704716533, 0.00217570341192, 0.00154408067465, 0.000724410812836, 0.000295936246403, 0.000171619089087, 0.00023672041425, 0.000213074745261, 8.81122468854e-05, 9.06660425244e-05, 4.94820087624e-05, 2.79521627817e-05, 2.36413216044e-05, 2.03053823498e-05, 1.45978510773e-05, 1.16597475426e-05, 1.14508584375e-05, 9.93553931039e-06, 1.02288777271e-05, 1.04016316982e-05, 7.2170751082e-06, 6.52249946143e-06, 6.1875693973e-06, 6.35108790448e-06, 5.26236453879e-06, 6.77737398291e-06, 5.70235124542e-06, 4.22439779868e-06, 2.93401490126e-06, 2.84876773549e-06, 2.16757439375e-06, 2.07790071727e-06, 1.980164825e-06, 1.65075130099e-06, 1.76840376298e-06, 1.6841577235e-06, 1.33018511406e-06, 1.03296918041e-06, 1.11937333713e-06], "dmean": [0.00242159632035, 0.00200646277517, 0.00127825210802, 0.000887676491402, 0.000449106126325, 0.000187044468476, 0.000109543892904, 0.000156109934323, 0.000146908030729, 6.00998537266e-05, 5.95473975409e-05, 3.44094369211e-05, 1.81756968232e-05, 1.47895452756e-05, 1.26308659674e-05, 9.12737687031e-06, 7.42839210943e-06, 7.44047065382e-06, 6.39503150524e-06, 6.52375229038e-06, 6.66124105919e-06, 4.57325631942e-06, 4.16069451603e-06, 3.90780269299e-06, 3.9426481635e-06, 3.25788664668e-06, 4.2023707465e-06, 3.57617818736e-06, 2.64871164291e-06, 1.79081973783e-06, 1.74907665951e-06, 1.34295351017e-06, 1.35360642162e-06, 1.32522052354e-06, 1.12738507596e-06, 1.20201457321e-06, 1.17666616006e-06, 9.22400602121e-07, 7.23756613752e-07, 8.08978597888e-07], "var": [5.60106236662e-05, 3.61201600754e-05, 8.66912705533e-06, 5.9419326135e-06, 1.24768155274e-06, 4.66405793986e-07, 2.34910487507e-07, 5.37380287824e-07, 5.30870067905e-07, 7.5503137964e-08, 8.55038848613e-08, 4.96569896313e-08, 1.05849506937e-08, 5.13273734626e-09, 4.39903580229e-09, 1.29651189784e-09, 1.17367127128e-09, 1.87996729295e-09, 6.90735468822e-10, 8.06402777886e-10, 9.99459848217e-10, 3.71531860832e-10, 4.96817642581e-10, 2.56700938284e-10, 2.10155032265e-10, 1.40890132894e-10, 3.64181684809e-10, 2.27959526256e-10, 9.83527703724e-11, 6.17640799616e-11, 6.8798758357e-11, 3.33555544296e-11, 4.66712918312e-11, 5.13612902209e-11, 4.87067400301e-11, 5.85111889495e-11, 6.08951847281e-11, 5.40734956811e-11, 2.63894461838e-11, 3.72650764413e-11], "dvar": [5.06619981024e-05, 2.55723643932e-05, 6.11374071013e-06, 5.97703728999e-06, 6.22964876129e-07, 1.76231125693e-07, 8.30218453984e-08, 2.0702222514e-07, 1.91454304854e-07, 2.3407274341e-08, 3.71105279839e-08, 1.45617340408e-08, 4.34740954347e-09, 2.81912204692e-09, 2.87327917015e-09, 8.5186763199e-10, 7.56037010774e-10, 7.38182959203e-10, 3.38836986247e-10, 3.8504002764e-10, 4.13062667404e-10, 1.76634637472e-10, 1.83803625098e-10, 9.35366645249e-11, 8.59365772987e-11, 5.9274002373e-11, 1.20449469843e-10, 8.66985164216e-11, 4.01729725874e-11, 2.84449564597e-11, 3.23967797033e-11, 2.28812507136e-11, 2.54671526922e-11, 2.51873071011e-11, 2.28650657436e-11, 2.54755695706e-11, 2.45679691868e-11, 2.10964058722e-11, 1.10387306934e-11, 1.59566387881e-11], "mean": [0.00360460579395, 0.00364334648475, 0.00208522635512, 0.00138605898246, 0.00083617848577, 0.000373563409084, 0.000231829384575, 0.000327252782881, 0.000327385001583, 0.00012532978144, 0.000110099863377, 6.95669368724e-05, 2.88398332486e-05, 2.25502226385e-05, 2.06969270948e-05, 1.30312573674e-05, 1.07852638394e-05, 1.25156784634e-05, 9.72490761342e-06, 1.0679321349e-05, 1.20952900033e-05, 7.70001952333e-06, 7.23815628589e-06, 7.4006225077e-06, 6.99315887687e-06, 5.93013464822e-06, 8.49289699545e-06, 7.07657864041e-06, 5.04817489855e-06, 3.16727437166e-06, 2.95674954032e-06, 2.04426032724e-06, 2.07460379897e-06, 2.04474599741e-06, 1.82890153155e-06, 2.05048422686e-06, 2.07832067645e-06, 1.53615997078e-06, 1.12658244689e-06, 1.18552679851e-06]}, "spectral_entropy": {"min": 2.972468853, "max": 9.79829025269, "dvar2": 0.200410485268, "median": 7.10184001923, "dmean2": 0.351612389088, "dmean": 0.234416261315, "var": 0.923273205757, "dvar": 0.0946750938892, "mean": 6.91238927841}, "spectral_rolloff": {"min": 64.599609375, "max": 18497.0214844, "dvar2": 2407414.75, "median": 366.064453125, "dmean2": 541.807983398, "dmean": 320.824310303, "var": 4511994, "dvar": 1142553.25, "mean": 1044.45727539}, "barkbands": {"min": [1.23016641945e-23, 2.90084475907e-23, 1.29972138987e-23, 2.01763829839e-23, 9.60912099738e-23, 3.98156211111e-23, 3.78607827672e-23, 7.49995306143e-23, 1.5001532754e-23, 4.82046267236e-23, 4.72062948491e-23, 6.98647466298e-23, 7.83969715173e-23, 1.36854290897e-22, 7.23278859202e-23, 1.29902255377e-22, 1.25181825316e-22, 1.90181060898e-22, 3.35703708832e-22, 4.17061849618e-22, 4.38583792648e-22, 7.50200813875e-22, 6.0012574432e-22, 1.07733549904e-21, 1.25561392367e-21, 1.87329670776e-21, 2.30641522157e-21], "max": [0.0187594350427, 0.253949791193, 0.118993937969, 0.0685482695699, 0.130931302905, 0.0438596196473, 0.0391550213099, 0.0596232488751, 0.0250770635903, 0.0351607576013, 0.0159919857979, 0.0212480258197, 0.0142732597888, 0.00821630842984, 0.0161119289696, 0.00738906674087, 0.00797907356173, 0.00780734000728, 0.00462320633233, 0.00761855067685, 0.00643617426977, 0.0079381801188, 0.0095632057637, 0.0151017699391, 0.00987689197063, 0.00621355557814, 0.000916533637792], "dvar2": [2.10165330827e-06, 0.00135727750603, 0.000385579478461, 6.88103973516e-05, 0.000274360849289, 1.04246255432e-05, 6.07119500273e-06, 1.4895635104e-05, 3.19670061799e-06, 2.88071146315e-06, 5.38479639545e-07, 5.6757596667e-07, 3.40903653751e-07, 1.63527289487e-07, 2.07215990145e-07, 1.95411743675e-07, 1.53076030074e-07, 7.79382887117e-08, 9.06480295271e-08, 1.86703772442e-07, 1.17702946056e-07, 1.1836274183e-07, 1.48677145262e-07, 2.00880649004e-07, 2.04495847811e-07, 1.13513763722e-07, 2.20762186309e-09], "median": [6.68450738885e-05, 0.00549323530868, 0.00187714374624, 0.00134620105382, 0.0031817459967, 0.000961298472248, 0.000268553354545, 0.000208943325561, 0.000216657557758, 7.43245109334e-05, 2.42586429522e-05, 3.85147468478e-05, 2.50798675552e-05, 2.17892265937e-05, 2.94003730232e-05, 2.83360768663e-05, 2.63010060735e-05, 3.34911383106e-05, 3.98666670662e-05, 5.90525560256e-05, 3.32587187586e-05, 1.22761448438e-05, 1.32283312269e-05, 1.76324647327e-05, 6.8943709266e-06, 4.45055866294e-06, 5.25216194092e-07], "dmean2": [0.000549977412447, 0.0133957350627, 0.00699930172414, 0.00431246729568, 0.00670900335535, 0.00171924417373, 0.000906340894289, 0.00133444671519, 0.000668261665851, 0.000546496070456, 0.000203797404538, 0.000198398076463, 0.000168607846717, 0.000116895593237, 0.000146774807945, 0.000150521373143, 0.000137831899337, 0.000118543102872, 0.000141775090015, 0.000181406547199, 0.000123924968648, 0.000101968325907, 0.000100131859654, 0.000107883301098, 0.000102728197817, 7.68964819144e-05, 1.191021056e-05], "dmean": [0.000381007790565, 0.00840808916837, 0.00398808857426, 0.00258843787014, 0.00390772009268, 0.00109251751564, 0.000586021807976, 0.000899708771612, 0.000445885700174, 0.000369493296603, 0.000130347514641, 0.000124644604512, 0.000105142702523, 7.50242325012e-05, 9.6071169537e-05, 9.60858524195e-05, 8.67157723405e-05, 7.50499530113e-05, 8.84123437572e-05, 0.000114582726383, 7.72818311816e-05, 6.62695820211e-05, 6.8567940616e-05, 7.8622593719e-05, 7.50900653657e-05, 5.09918463649e-05, 7.84072562965e-06], "var": [2.08470032703e-06, 0.000676535652019, 0.000108910782728, 4.5893692004e-05, 0.000101818666735, 1.15232060125e-05, 7.32903708922e-06, 1.79847229447e-05, 3.77752121494e-06, 3.6447158891e-06, 5.09472670274e-07, 3.94363667056e-07, 2.37767039835e-07, 1.10397834874e-07, 2.36064153114e-07, 1.83880800364e-07, 1.45051075151e-07, 1.00323212848e-07, 9.96713822587e-08, 2.22147406248e-07, 1.14229891324e-07, 9.63000985621e-08, 1.8069111718e-07, 3.24367022131e-07, 2.95258672622e-07, 8.19336776203e-08, 1.38477429523e-09], "dvar": [1.11401186587e-06, 0.000548936252017, 0.000136615723022, 2.57070205407e-05, 9.44878775044e-05, 4.41685006081e-06, 2.56918292507e-06, 6.3088391471e-06, 1.34688468734e-06, 1.3098593854e-06, 2.30120193123e-07, 2.21880895879e-07, 1.41761276495e-07, 6.5849704356e-08, 9.51321155185e-08, 8.11239004861e-08, 6.42789146355e-08, 3.48418041085e-08, 3.67850354621e-08, 7.35775387284e-08, 4.51977619775e-08, 5.29616386302e-08, 7.61604326271e-08, 1.11246677648e-07, 1.18800734583e-07, 5.06099695485e-08, 9.76571379319e-10], "mean": [0.000613371026702, 0.0134648084641, 0.00509736035019, 0.00426555005834, 0.00635813549161, 0.00217606010847, 0.0011969069019, 0.00192579743452, 0.00088114477694, 0.000736393849365, 0.000195006010472, 0.000193001047592, 0.000152914479258, 0.00011223522597, 0.000155141664436, 0.000168294165633, 0.000145670332131, 0.000145404250361, 0.000166153782629, 0.000241772373556, 0.00014798308257, 0.000107020568976, 0.00011756283493, 0.000143981771544, 0.000113321526442, 6.62129823468e-05, 9.23601783143e-06]}, "melbands_flatness_db": {"min": 0.00557758426294, "max": 0.835937082767, "dvar2": 0.0036417520605, "median": 0.290323585272, "dmean2": 0.0495247766376, "dmean": 0.0326525904238, "var": 0.0225788913667, "dvar": 0.00160952447914, "mean": 0.31724730134}, "melbands_skewness": {"min": -2.00575256348, "max": 33.4438743591, "dvar2": 3.72700858116, "median": 3.17998242378, "dmean2": 1.54776859283, "dmean": 1.02360785007, "var": 8.81024074554, "dvar": 1.72219884396, "mean": 3.81509923935}, "barkbands_skewness": {"min": -3.809674263, "max": 25.7778606415, "dvar2": 3.81485795975, "median": 2.45666956902, "dmean2": 1.35888767242, "dmean": 0.882277786732, "var": 6.60257196426, "dvar": 1.62463986874, "mean": 2.93625593185}, "silence_rate_60dB": {"min": 0, "max": 1, "dvar2": 0.0181319247931, "median": 0, "dmean2": 0.0150172067806, "dmean": 0.00750782061368, "var": 0.0725210905075, "dvar": 0.00745021505281, "mean": 0.0787196308374}, "spectral_energyband_low": {"min": 4.66680582089e-23, "max": 0.26729246974, "dvar2": 0.0013196344953, "median": 0.0129815889522, "dmean2": 0.0173024013638, "dmean": 0.0109066478908, "var": 0.00104356161319, "dvar": 0.000648390559945, "mean": 0.0209853872657}, "spectral_energyband_middle_low": {"min": 3.11857112621e-22, "max": 0.162206053734, "dvar2": 0.000469061371405, "median": 0.0137514173985, "dmean2": 0.011824852787, "dmean": 0.00704360660166, "var": 0.000289192394121, "dvar": 0.000170447237906, "mean": 0.0171009749174}, "melbands_kurtosis": {"min": -1.87296497822, "max": 1659.9901123, "dvar2": 4517.41357422, "median": 18.4991188049, "dmean2": 30.6666717529, "dmean": 19.3813533783, "var": 7146.78759766, "dvar": 1793.22546387, "mean": 42.7452468872}, "spectral_decrease": {"min": -7.23499908872e-08, "max": -2.49229869556e-29, "dvar2": 1.10446869306e-16, "median": -8.57364224061e-09, "dmean2": 6.41354080955e-09, "dmean": 3.93698140755e-09, "var": 8.66605761083e-17, "dvar": 5.17580210339e-17, "mean": -9.95893145728e-09}, "erbbands_kurtosis": {"min": -1.92129707336, "max": 270.140930176, "dvar2": 148.383590698, "median": 0.860022068024, "dmean2": 4.17304992676, "dmean": 2.64642906189, "var": 822.46270752, "dvar": 63.4079971313, "mean": 8.317070961}, "melbands_crest": {"min": 2.11660718918, "max": 36.6544876099, "dvar2": 28.3717346191, "median": 16.4269866943, "dmean2": 5.27338647842, "dmean": 3.1708920002, "var": 33.308013916, "dvar": 10.4754419327, "mean": 16.8423576355}, "gfcc": {"cov": [[22337.0820312, -905.349853516, -2674.1652832, -550.276367188, -2449.24853516, -521.324157715, -1210.89770508, 450.367370605, -580.144042969, 49.3373298645, -376.982025146, 129.118988037, -93.7556991577], [-905.349853516, 3157.14086914, 419.806671143, -186.59664917, 753.817260742, -175.761138916, 217.094146729, -261.204833984, 180.257202148, -312.685852051, 72.13722229, -290.568603516, 188.507904053], [-2674.1652832, 419.806671143, 1913.34033203, 361.551696777, 693.600036621, 281.470367432, 122.517868042, -52.697063446, 41.5788459778, -84.2033462524, -19.6226119995, 61.1251831055, 20.0786056519], [-550.276367188, -186.59664917, 361.551696777, 675.125183105, 181.551620483, 88.745513916, 140.525497437, 21.0846004486, 68.6626815796, 9.57793331146, 43.8116836548, 21.2321109772, 5.52825260162], [-2449.24853516, 753.817260742, 693.600036621, 181.551620483, 750.302124023, 120.414634705, 216.228912354, -59.3121490479, 131.165161133, -50.539691925, 33.9610939026, -33.8727760315, 48.5470657349], [-521.324157715, -175.761138916, 281.470367432, 88.745513916, 120.414634705, 271.693817139, 129.883514404, 5.60368204117, 5.70365428925, 51.5669326782, 20.2492523193, 25.2715530396, -6.39951467514], [-1210.89770508, 217.094146729, 122.517868042, 140.525497437, 216.228912354, 129.883514404, 332.962768555, 13.5672168732, 67.0085601807, 35.8466911316, 74.2571563721, -27.2999324799, 9.16234970093], [450.367370605, -261.204833984, -52.697063446, 21.0846004486, -59.3121490479, 5.60368204117, 13.5672168732, 205.120697021, 36.0303878784, 46.0405921936, 9.44213676453, 38.9673423767, -3.22210764885], [-580.144042969, 180.257202148, 41.5788459778, 68.6626815796, 131.165161133, 5.70365428925, 67.0085601807, 36.0303878784, 185.852661133, 27.9983348846, 22.3119182587, -17.4765796661, 18.8837566376], [49.3373298645, -312.685852051, -84.2033462524, 9.57793331146, -50.539691925, 51.5669326782, 35.8466911316, 46.0405921936, 27.9983348846, 156.707992554, 41.8469810486, 54.1807861328, -13.2649126053], [-376.982025146, 72.13722229, -19.6226119995, 43.8116836548, 33.9610939026, 20.2492523193, 74.2571563721, 9.44213676453, 22.3119182587, 41.8469810486, 119.622589111, 24.9095993042, 15.0576725006], [129.118988037, -290.568603516, 61.1251831055, 21.2321109772, -33.8727760315, 25.2715530396, -27.2999324799, 38.9673423767, -17.4765796661, 54.1807861328, 24.9095993042, 131.190139771, 11.8796844482], [-93.7556991577, 188.507904053, 20.0786056519, 5.52825260162, 48.5470657349, -6.39951467514, 9.16234970093, -3.22210764885, 18.8837566376, -13.2649126053, 15.0576725006, 11.8796844482, 91.2378616333]], "icov": [[0.000135644571856, -0.00028703676071, 0.000153509157826, -0.000245264847763, 0.000410684908275, -0.000326543260599, 0.000418159383116, -0.000440977863036, 0.000332920986693, -0.000289265241008, 0.000512350874487, -0.000371823436581, 0.000267419411102], [-0.00028703676071, 0.00163251894992, -0.000500549329445, 0.00108516705222, -0.00146753014997, 0.00151722377632, -0.00131663342472, 0.00155125220772, -0.00119281851221, 0.0017085338477, -0.00210935040377, 0.0022671748884, -0.00200103595853], [0.000153509157826, -0.000500549329445, 0.00129054347053, -0.000701950804796, -0.000411738787079, -0.00139547628351, 0.00102385599166, -0.000628417299595, 0.000655555748381, 0.000135844602482, 0.00104290642776, -0.00142848293763, 0.000844599911943], [-0.000245264847763, 0.00108516705222, -0.000701950804796, 0.0025863526389, -0.000957032549195, 0.00106240576133, -0.00161261309404, 0.00106024101842, -0.00136401713826, 0.00133784662466, -0.00179777573794, 0.00115696759894, -0.00109033379704], [0.000410684908275, -0.00146753014997, -0.000411738787079, -0.000957032549195, 0.00464641628787, -0.00129977217875, 7.68295285525e-05, -0.000913237105124, -0.000292936165351, -0.000863792782184, 0.00199555559084, -0.00170663162135, 0.000827157520689], [-0.000326543260599, 0.00151722377632, -0.00139547628351, 0.00106240576133, -0.00129977217875, 0.0074316537939, -0.00365723250434, 0.00174342072569, -0.000352321192622, -0.000554662954528, -0.00120354548562, 0.00167068780866, -0.00161250622477], [0.000418159383116, -0.00131663342472, 0.00102385599166, -0.00161261309404, 7.68295285525e-05, -0.00365723250434, 0.00727027049288, -0.0022930286359, 0.00106147641782, -0.00185116298962, -0.000659791869111, 0.000270041025942, 0.00149882084224], [-0.000440977863036, 0.00155125220772, -0.000628417299595, 0.00106024101842, -0.000913237105124, 0.00174342072569, -0.0022930286359, 0.00768444174901, -0.00296739349142, 0.000981281977147, -0.00170535803773, 0.000316736462992, -0.00147725106217], [0.000332920986693, -0.00119281851221, 0.000655555748381, -0.00136401713826, -0.000292936165351, -0.000352321192622, 0.00106147641782, -0.00296739349142, 0.0087034041062, -0.0034973914735, 0.00161896867212, 0.000332651252393, 4.44039324066e-05], [-0.000289265241008, 0.0017085338477, 0.000135844602482, 0.00133784662466, -0.000863792782184, -0.000554662954528, -0.00185116298962, 0.000981281977147, -0.0034973914735, 0.0123037379235, -0.00430614361539, -0.00174740352668, 0.000153915330884], [0.000512350874487, -0.00210935040377, 0.00104290642776, -0.00179777573794, 0.00199555559084, -0.00120354548562, -0.000659791869111, -0.00170535803773, 0.00161896867212, -0.00430614361539, 0.0144003042951, -0.00508079817519, 0.000947674445342], [-0.000371823436581, 0.0022671748884, -0.00142848293763, 0.00115696759894, -0.00170663162135, 0.00167068780866, 0.000270041025942, 0.000316736462992, 0.000332651252393, -0.00174740352668, -0.00508079817519, 0.014892780222, -0.00523623125628], [0.000267419411102, -0.00200103595853, 0.000844599911943, -0.00109033379704, 0.000827157520689, -0.00161250622477, 0.00149882084224, -0.00147725106217, 4.44039324066e-05, 0.000153915330884, 0.000947674445342, -0.00523623125628, 0.0150323854759]], "mean": [-64.2734603882, 105.244674683, -73.5703430176, 40.5309715271, -50.1276931763, 2.9493253231, -28.6287593842, 7.89970588684, -21.1667079926, -0.390887320042, -14.1278057098, -6.09869241714, -8.75799560547]}, "melbands_spread": {"min": 0.22102227807, "max": 279.115997314, "dvar2": 203.247543335, "median": 7.45789289474, "dmean2": 6.62764835358, "dmean": 4.32206535339, "var": 429.94418335, "dvar": 99.8697662354, "mean": 13.4276685715}, "spectral_energy": {"min": 1.10003187294e-20, "max": 0.27483227849, "dvar2": 0.00161633186508, "median": 0.0337545983493, "dmean2": 0.0246750991791, "dmean": 0.0151563230902, "var": 0.00128133094404, "dvar": 0.000756193476263, "mean": 0.0390964671969}, "mfcc": {"cov": [[17350.3710938, -217.140090942, -1209.62670898, -504.778869629, -1309.85302734, -1212.73461914, -777.83984375, -441.849578857, -460.125030518, -52.2961502075, -502.445983887, -39.3036346436, -165.45085144], [-217.140090942, 2908.0456543, 123.779808044, 48.7600898743, 369.98538208, 21.6474151611, 31.9349422455, -11.4847316742, 41.3919143677, 22.3987369537, -104.109298706, -96.1288604736, -102.255409241], [-1209.62670898, 123.779808044, 1024.15820312, 271.297180176, 391.737579346, 256.582977295, 146.064712524, 142.57170105, 63.6311531067, -45.704120636, 42.327419281, -7.35299301147, -15.3568706512], [-504.778869629, 48.7600898743, 271.297180176, 566.298583984, 228.013549805, 160.155609131, 99.532333374, 107.275794983, 83.3125915527, 3.73794198036, 43.3805122375, 52.9063644409, 18.9057502747], [-1309.85302734, 369.98538208, 391.737579346, 228.013549805, 510.836181641, 179.52947998, 78.566734314, 115.875106812, 100.713020325, 1.70983207226, 22.0972518921, 2.90616464615, -4.86362886429], [-1212.73461914, 21.6474151611, 256.582977295, 160.155609131, 179.52947998, 414.644592285, 171.156845093, 82.7356872559, 74.1673126221, 11.3988656998, 111.038871765, -27.3602161407, 47.4217948914], [-777.83984375, 31.9349422455, 146.064712524, 99.532333374, 78.566734314, 171.156845093, 279.358947754, 91.677696228, 45.8696365356, 26.2035903931, 58.4737701416, 24.4420623779, 23.0821895599], [-441.849578857, -11.4847316742, 142.57170105, 107.275794983, 115.875106812, 82.7356872559, 91.677696228, 157.817382812, 65.6818313599, 33.9251670837, 24.6507263184, 34.7731323242, 14.4998178482], [-460.125030518, 41.3919143677, 63.6311531067, 83.3125915527, 100.713020325, 74.1673126221, 45.8696365356, 65.6818313599, 145.566040039, 50.6273612976, 44.1080818176, 3.58255910873, 27.1652946472], [-52.2961502075, 22.3987369537, -45.704120636, 3.73794198036, 1.70983207226, 11.3988656998, 26.2035903931, 33.9251670837, 50.6273612976, 152.696578979, 24.3080787659, 29.5028781891, 10.3981313705], [-502.445983887, -104.109298706, 42.327419281, 43.3805122375, 22.0972518921, 111.038871765, 58.4737701416, 24.6507263184, 44.1080818176, 24.3080787659, 159.612533569, 29.6624603271, 39.6931686401], [-39.3036346436, -96.1288604736, -7.35299301147, 52.9063644409, 2.90616464615, -27.3602161407, 24.4420623779, 34.7731323242, 3.58255910873, 29.5028781891, 29.6624603271, 130.092147827, 26.3018093109], [-165.45085144, -102.255409241, -15.3568706512, 18.9057502747, -4.86362886429, 47.4217948914, 23.0821895599, 14.4998178482, 27.1652946472, 10.3981313705, 39.6931686401, 26.3018093109, 101.672813416]], "icov": [[8.84120672708e-05, -1.51298036144e-05, -5.41009330846e-06, -6.96086644894e-05, 0.000198546928004, 0.00011538110266, 0.000121190598293, -2.78282132058e-05, 8.26627801871e-05, -4.48571845482e-05, 0.000119273448945, 2.84311772702e-05, 1.50136509092e-06], [-1.51298036144e-05, 0.000426169193815, 6.91597088007e-05, 3.47463137587e-05, -0.000463145814138, 4.57737296529e-05, -0.000187015539268, 0.000277256651316, -4.83099756821e-05, -0.000150298321387, 0.000190142687643, 0.000219680106966, 0.000264605419943], [-5.41009330846e-06, 6.91597088007e-05, 0.00161401438527, -0.000207678007428, -0.000954270479269, -0.000415892340243, -0.000214175975998, -0.000602182291914, 0.000333698495524, 0.00052731228061, -6.82927930029e-05, 0.000151925647515, 0.000470258004498], [-6.96086644894e-05, 3.47463137587e-05, -0.000207678007428, 0.0025675795041, -0.000704396574292, -0.000638214114588, -0.000151087690028, -0.000352767703589, -0.000798889028374, 0.000467996083898, 0.000139072028105, -0.0011999735143, 0.000183173426194], [0.000198546928004, -0.000463145814138, -0.000954270479269, -0.000704396574292, 0.00443953927606, -0.0006535082357, 0.00092480686726, -0.00116420956329, -0.00134693726432, 0.000351961120032, 0.00073406327283, -0.000454484776128, 0.000472268584417], [0.00011538110266, 4.57737296529e-05, -0.000415892340243, -0.000638214114588, -0.0006535082357, 0.00529889250174, -0.00186147843488, -0.00028852824471, 0.000416235212469, -0.000266570481472, -0.00237995246425, 0.00278049334884, -0.00162344938144], [0.000121190598293, -0.000187015539268, -0.000214175975998, -0.000151087690028, 0.00092480686726, -0.00186147843488, 0.00582174863666, -0.00231216382235, 0.000258670741459, -0.000248088879744, -0.000163452888955, -0.000889240880497, 0.000175507113454], [-2.78282132058e-05, 0.000277256651316, -0.000602182291914, -0.000352767703589, -0.00116420956329, -0.00028852824471, -0.00231216382235, 0.0112080592662, -0.00307687418535, -0.00102442584466, 0.00119345984422, -0.00229977886193, 0.000269454234513], [8.26627801871e-05, -4.83099756821e-05, 0.000333698495524, -0.000798889028374, -0.00134693726432, 0.000416235212469, 0.000258670741459, -0.00307687418535, 0.0115004526451, -0.00305022019893, -0.00199082680047, 0.00250326120295, -0.00222474453039], [-4.48571845482e-05, -0.000150298321387, 0.00052731228061, 0.000467996083898, 0.000351961120032, -0.000266570481472, -0.000248088879744, -0.00102442584466, -0.00305022019893, 0.00837862212211, -0.000376392592443, -0.00190232845489, 0.000709197134711], [0.000119273448945, 0.000190142687643, -6.82927930029e-05, 0.000139072028105, 0.00073406327283, -0.00237995246425, -0.000163452888955, 0.00119345984422, -0.00199082680047, -0.000376392592443, 0.00952948257327, -0.00249037402682, -0.00114445679355], [2.84311772702e-05, 0.000219680106966, 0.000151925647515, -0.0011999735143, -0.000454484776128, 0.00278049334884, -0.000889240880497, -0.00229977886193, 0.00250326120295, -0.00190232845489, -0.00249037402682, 0.0112023288384, -0.00267543829978], [1.50136509092e-06, 0.000264605419943, 0.000470258004498, 0.000183173426194, 0.000472268584417, -0.00162344938144, 0.000175507113454, 0.000269454234513, -0.00222474453039, 0.000709197134711, -0.00114445679355, -0.00267543829978, 0.0125033184886]], "mean": [-714.582580566, 132.315002441, 32.5879058838, 40.5286407471, 7.90671920776, 2.26913237572, 4.59904766083, 1.98866510391, 0.773937046528, 7.45256614685, -4.24357271194, 1.297047019, -3.46397781372]}, "spectral_contrast_valleys": {"min": [-27.3326129913, -27.3671646118, -27.0201931, -27.4137687683, -27.1978702545, -27.2948589325], "max": [-4.77583694458, -4.51787042618, -5.26549434662, -5.91923427582, -5.77543973923, -7.06911468506], "dvar2": [0.334757626057, 0.340752154589, 0.445644646883, 0.430713802576, 0.409889012575, 0.43885576725], "median": [-6.76541519165, -7.07358312607, -8.27306270599, -8.76229000092, -8.17751312256, -10.5963487625], "dmean2": [0.617390930653, 0.60262298584, 0.615347921848, 0.555791020393, 0.45945584774, 0.471608102322], "dmean": [0.386061310768, 0.373734980822, 0.396386802197, 0.367956161499, 0.317916333675, 0.348327219486], "var": [2.30318713188, 2.50777769089, 2.19691157341, 2.0466105938, 2.45098876953, 2.74743318558], "dvar": [0.158773213625, 0.156291991472, 0.207680806518, 0.207579255104, 0.209595635533, 0.235849037766], "mean": [-7.183344841, -7.42935752869, -8.51336574554, -8.98662853241, -8.49693012238, -10.8815946579]}, "barkbands_flatness_db": {"min": 0.0357175320387, "max": 0.670430719852, "dvar2": 0.00276048504747, "median": 0.195594027638, "dmean2": 0.0439913645387, "dmean": 0.0283621456474, "var": 0.0144949080423, "dvar": 0.001180479303, "mean": 0.225143551826}, "dynamic_complexity": 4.56441879272, "erbbands_flatness_db": {"min": 0.0278355367482, "max": 0.494942784309, "dvar2": 0.00108345376793, "median": 0.166662216187, "dmean2": 0.0286900307983, "dmean": 0.0199176054448, "var": 0.00496434699744, "dvar": 0.000534241844434, "mean": 0.178440988064}, "