{"lowlevel": {"spectral_complexity": {"min": 0, "max": 63, "dvar2": 96.5319671631, "median": 18, "dmean2": 8.89803123474, "dmean": 5.89415597916, "var": 175.941070557, "dvar": 48.4302024841, "mean": 19.8892784119}, "silence_rate_20dB": {"min": 1, "max": 1, "dvar2": 0, "median": 1, "dmean2": 0, "dmean": 0, "var": 0, "dvar": 0, "mean": 1}, "average_loudness": 0.949371099472, "erbbands_spread": {"min": 1.4674050808, "max": 169.892059326, "dvar2": 592.648010254, "median": 50.1575813293, "dmean2": 21.8651485443, "dmean": 13.6609811783, "var": 575.526367188, "dvar": 242.947235107, "mean": 51.4082450867}, "spectral_kurtosis": {"min": -0.980460166931, "max": 83.9326553345, "dvar2": 15.8510541916, "median": 2.06207084656, "dmean2": 2.30059194565, "dmean": 1.41471099854, "var": 14.4071969986, "dvar": 6.2705245018, "mean": 2.76329898834}, "barkbands_kurtosis": {"min": -1.93850076199, "max": 1292.1661377, "dvar2": 3145.63867188, "median": 1.24610137939, "dmean2": 16.9250621796, "dmean": 10.3533182144, "var": 2245.33935547, "dvar": 1405.62438965, "mean": 11.8627223969}, "spectral_strongpeak": {"min": 0, "max": 15.1165952682, "dvar2": 2.91528654099, "median": 0.34998768568, "dmean2": 0.891006588936, "dmean": 0.52138698101, "var": 1.74744677544, "dvar": 1.0869140625, "mean": 0.868761003017}, "spectral_spread": {"min": 872161.5, "max": 18448360, "dvar2": 3323751038980.0, "median": 4868664, "dmean2": 1525902, "dmean": 1019711.8125, "var": 3725965393920.0, "dvar": 1766678069250.0, "mean": 5487576}, "spectral_rms": {"min": 7.87573100069e-08, "max": 0.0119458930567, "dvar2": 3.22948676512e-06, "median": 0.0048865978606, "dmean2": 0.00173007103149, "dmean": 0.00109914503992, "var": 3.92516494685e-06, "dvar": 1.45579838318e-06, "mean": 0.00487030809745}, "erbbands": {"min": [1.82596368581e-11, 1.00787010682e-10, 3.36951189173e-10, 8.07005573478e-10, 1.59622748352e-09, 2.75976819175e-09, 4.31249524979e-09, 6.21244788945e-09, 8.33848545767e-09, 1.04744311002e-08, 1.2306961672e-08, 1.34434721133e-08, 1.34774857941e-08, 1.21129319908e-08, 9.35460686691e-09, 5.71182923181e-09, 2.27999952251e-09, 4.82593631723e-10, 1.29269894789e-09, 4.14973211349e-09, 6.56578924563e-09, 5.82715031783e-09, 2.42300757236e-09, 6.82173484368e-10, 2.49614262593e-09, 2.94280644297e-09, 7.97111598949e-10, 2.13397455262e-09, 2.41241759902e-09, 8.32596602773e-10, 1.82890513845e-09, 6.38384567431e-10, 8.76757388912e-10, 2.56252491448e-10, 1.59731519678e-10, 9.04667868395e-11, 3.57356574887e-11, 1.08110201347e-10, 1.17629725405e-11, 1.75932781798e-12], "max": [3.73867034912, 29.5345134735, 54.4504928589, 53.9060249329, 96.0361633301, 236.832595825, 218.023712158, 279.563842773, 525.637817383, 961.143432617, 943.922546387, 773.651123047, 1037.36877441, 1248.26513672, 1301.58312988, 1012.9430542, 1707.52185059, 1054.1427002, 756.424743652, 620.60559082, 608.984436035, 513.293518066, 413.195404053, 414.602966309, 940.510681152, 469.162475586, 538.267211914, 542.710083008, 707.089538574, 641.395935059, 343.342987061, 466.100524902, 234.760543823, 141.905899048, 103.544876099, 42.8557243347, 8.37227916718, 1.15449392796, 0.160358935595, 0.0123152816668], "dvar2": [0.327413797379, 11.5347604752, 67.0994949341, 56.5451927185, 160.004959106, 1349.32495117, 241.076568604, 1409.71520996, 2394.30175781, 8742.20019531, 3923.84692383, 1150.86853027, 2051.47875977, 3312.60986328, 4863.75488281, 1582.87890625, 3377.45605469, 2438.62329102, 2650.50610352, 1587.25195312, 1823.11303711, 1615.27966309, 1299.24499512, 1564.26733398, 2038.32678223, 1270.26782227, 1573.03479004, 2120.34790039, 1509.6842041, 2308.93164062, 1650.20385742, 4975.98828125, 1001.94610596, 638.596618652, 68.1962890625, 6.27892971039, 0.315570622683, 0.0164630580693, 0.000326573906932, 2.4602643407e-06], "median": [0.077803991735, 0.380159258842, 0.920645713806, 1.37682759762, 2.43563938141, 3.33848619461, 2.56887626648, 4.17444849014, 5.29367542267, 6.74500370026, 6.94861507416, 10.1674566269, 8.41395950317, 5.532081604, 6.28639316559, 6.05593252182, 5.25382041931, 5.86471986771, 7.57377338409, 9.48219108582, 10.3367567062, 11.0313186646, 11.6115961075, 12.2566871643, 12.2693738937, 9.83756828308, 7.36174345016, 7.23854255676, 8.29001808167, 6.01253032684, 2.9260892868, 1.70816671848, 0.983265578747, 0.458174586296, 0.180346101522, 0.0607651695609, 0.0140997525305, 0.00255047623068, 0.000241392626776, 4.77694811707e-05], "dmean2": [0.372396498919, 2.13666915894, 4.40170288086, 4.30060100555, 7.72837543488, 14.7282381058, 8.96703529358, 19.0927467346, 22.8965969086, 40.2549972534, 23.4777450562, 18.2645969391, 19.0734596252, 22.7489757538, 25.49634552, 15.8185606003, 18.9085083008, 20.5377483368, 22.4047145844, 18.6867675781, 19.4257049561, 18.9252586365, 17.4266338348, 21.0422554016, 19.4476966858, 17.7625751495, 17.0611839294, 21.0583953857, 18.9098110199, 24.7469997406, 22.6030960083, 35.400100708, 16.6875419617, 13.4621572495, 4.36913824081, 1.22052168846, 0.236113891006, 0.0498834066093, 0.0069638476707, 0.000549443182535], "dmean": [0.222016215324, 1.2703807354, 2.46558761597, 2.43447208405, 4.47695589066, 8.41009902954, 5.61698007584, 11.6853904724, 14.1019659042, 26.0669994354, 15.4541158676, 11.4877128601, 12.4904432297, 14.4148712158, 15.9614105225, 10.7044582367, 12.9193820953, 13.4987735748, 13.7299566269, 11.8842582703, 12.0753154755, 11.5031929016, 10.6278676987, 12.8301353455, 12.1059865952, 11.0110502243, 10.4097967148, 12.7561178207, 11.777012825, 16.0044002533, 13.8951625824, 20.4464416504, 10.0459136963, 8.03486728668, 2.70956254005, 0.776082932949, 0.160592272878, 0.033557523042, 0.00473153311759, 0.000370798952645], "var": [0.203845739365, 8.43472385406, 19.0899715424, 17.3267536163, 60.3673362732, 366.070617676, 192.474502563, 1035.25366211, 2646.58325195, 8427.51367188, 3244.79150391, 1498.68823242, 2229.44750977, 3161.10229492, 4359.00683594, 2318.96484375, 12513.9033203, 2320.47680664, 1638.57189941, 1050.05505371, 1068.9564209, 886.935791016, 739.084411621, 988.065002441, 1277.3939209, 873.147888184, 825.505432129, 1158.74499512, 1192.6920166, 1543.80236816, 1006.16595459, 1570.61108398, 446.124298096, 233.172821045, 33.9592666626, 4.31047105789, 0.258718132973, 0.011213558726, 0.000232221718761, 1.38738755595e-06], "dvar": [0.119033560157, 5.0855679512, 22.5561580658, 20.4355449677, 59.2480239868, 484.217956543, 103.495765686, 578.428710938, 1040.36767578, 3907.94287109, 1752.03149414, 557.003967285, 995.128417969, 1548.69677734, 2012.34802246, 774.135131836, 1798.97705078, 1098.77258301, 1012.74511719, 668.206298828, 704.494750977, 617.989929199, 494.552337646, 613.301330566, 847.197265625, 543.285400391, 622.229614258, 863.070373535, 670.100646973, 1027.93371582, 714.809204102, 1881.6887207, 404.308135986, 253.916091919, 28.3079624176, 2.8677740097, 0.154393389821, 0.00782766472548, 0.000160118564963, 1.10964151645e-06], "mean": [0.307979732752, 1.72119295597, 2.48637938499, 2.67523622513, 5.05374002457, 8.84699726105, 8.32470417023, 16.3423595428, 23.9645519257, 41.8523330688, 23.9687919617, 19.2943725586, 20.7234802246, 21.3212509155, 23.690580368, 18.9032173157, 29.9725055695, 21.4693756104, 20.4446601868, 19.0942153931, 19.5629882812, 19.2600002289, 18.5166816711, 21.7353782654, 21.0115318298, 18.2745342255, 16.1948604584, 18.175907135, 18.4933681488, 20.9451885223, 17.1307640076, 17.6897010803, 10.0105762482, 7.12919473648, 2.64373707771, 0.819981992245, 0.191079303622, 0.0369275845587, 0.00519155757502, 0.000399023003411]}, "zerocrossingrate": {"min": 0, "max": 0.443359375, "dvar2": 0.00105322035961, "median": 0.0654296875, "dmean2": 0.0265512801707, "dmean": 0.0217335373163, "var": 0.00357845122926, "dvar": 0.000778331537731, "mean": 0.081247061491}, "spectral_contrast_coeffs": {"min": [-0.998255252838, -0.992739140987, -0.98544883728, -0.974585175514, -0.968308627605, -0.938497185707], "max": [-0.28704765439, -0.323853850365, -0.426491826773, -0.482039511204, -0.568214297295, -0.578566074371], "dvar2": [0.00693434244022, 0.00468852976337, 0.0027260389179, 0.00162278919015, 0.000996370916255, 0.00137789500877], "median": [-0.69345086813, -0.768913388252, -0.80044400692, -0.812893867493, -0.815749228001, -0.753953814507], "dmean2": [0.102600224316, 0.0848426818848, 0.0651702880859, 0.0504488237202, 0.0365665741265, 0.0384740680456], "dmean": [0.061160877347, 0.0530142374337, 0.0409709811211, 0.0310877114534, 0.0227299891412, 0.025367628783], "var": [0.00968953035772, 0.00946391932666, 0.00453541101888, 0.0032100295648, 0.0017270736862, 0.00249771564268], "dvar": [0.0027238894254, 0.00195381324738, 0.00116762670223, 0.000683495367412, 0.000432574335719, 0.000732533051632], "mean": [-0.675405144691, -0.748062431812, -0.79063475132, -0.801059186459, -0.808692991734, -0.748646974564]}, "dissonance": {"min": 0, "max": 0.500000059605, "dvar2": 0.00097037613159, "median": 0.481297969818, "dmean2": 0.0262517221272, "dmean": 0.016011307016, "var": 0.00106647564098, "dvar": 0.00042139654397, "mean": 0.471570968628}, "spectral_energyband_high": {"min": 3.91464801113e-13, "max": 0.0393188670278, "dvar2": 5.37445339432e-05, "median": 0.000814510683995, "dmean2": 0.00403663562611, "dmean": 0.00255752867088, "var": 3.09909883072e-05, "dvar": 2.29008819588e-05, "mean": 0.00318243703805}, "spectral_skewness": {"min": -0.32010692358, "max": 6.8083820343, "dvar2": 0.215546563268, "median": 1.05982363224, "dmean2": 0.378867179155, "dmean": 0.236607179046, "var": 0.273052573204, "dvar": 0.0942503660917, "mean": 1.16054689884}, "spectral_flux": {"min": 0.00050810322864, "max": 0.339538991451, "dvar2": 0.00262836297043, "median": 0.0950695797801, "dmean2": 0.0497216247022, "dmean": 0.0322496630251, "var": 0.00267928023823, "dvar": 0.00125316751655, "mean": 0.101882070303}, "silence_rate_30dB": {"min": 0, "max": 1, "dvar2": 0.00350507395342, "median": 1, "dmean2": 0.00250846613199, "dmean": 0.00125407578889, "var": 0.000751708867028, "dvar": 0.00125278660562, "mean": 0.999247670174}, "spectral_energyband_middle_high": {"min": 1.16148366966e-12, "max": 0.0432113930583, "dvar2": 1.83222364285e-05, "median": 0.00256701628678, "dmean2": 0.00263839121908, "dmean": 0.00175878044683, "var": 3.19503160426e-05, "dvar": 8.04895353212e-06, "mean": 0.00465368013829}, "barkbands_spread": {"min": 0.167477354407, "max": 118.722831726, "dvar2": 566.446716309, "median": 27.6133136749, "dmean2": 19.8160800934, "dmean": 12.3680076599, "var": 464.31350708, "dvar": 257.439788818, "mean": 31.0774097443}, "spectral_centroid": {"min": 78.5538253784, "max": 7519.15087891, "dvar2": 602924.125, "median": 1763.71618652, "dmean2": 690.840393066, "dmean": 430.789215088, "var": 710074.875, "dvar": 285506.28125, "mean": 1778.47180176}, "pitch_salience": {"min": 0.0304017215967, "max": 0.943539738655, "dvar2": 0.0197411607951, "median": 0.54697984457, "dmean2": 0.155541747808, "dmean": 0.0963251367211, "var": 0.0267600975931, "dvar": 0.00817036349326, "mean": 0.542943298817}, "erbbands_skewness": {"min": -4.73545217514, "max": 8.43642425537, "dvar2": 0.830707609653, "median": 0.00553546007723, "dmean2": 0.776034772396, "dmean": 0.49246314168, "var": 0.935210943222, "dvar": 0.368513137102, "mean": 0.100032158196}, "erbbands_crest": {"min": 1.96034789085, "max": 32.0391273499, "dvar2": 18.4122219086, "median": 6.30953073502, "dmean2": 4.21004009247, "dmean": 2.58903884888, "var": 27.2497291565, "dvar": 7.80525779724, "mean": 8.06446266174}, "melbands": {"min": [1.65773726126e-13, 1.64103350049e-13, 1.60800463656e-13, 1.55882319314e-13, 1.48750396766e-13, 1.39927674482e-13, 1.28775177913e-13, 1.1550115519e-13, 1.00617580131e-13, 8.40006232974e-14, 6.66632141199e-14, 4.95629402862e-14, 3.34908289252e-14, 1.97314597116e-14, 9.38001321174e-15, 2.94735172513e-15, 5.58566400886e-16, 1.48513791241e-15, 4.23784474852e-15, 6.90715134421e-15, 7.87505928117e-15, 6.52745696714e-15, 3.65750605394e-15, 1.0961288199e-15, 3.65078373577e-16, 1.37649481962e-15, 2.38583389088e-15, 1.87111907389e-15, 5.32466668803e-16, 4.1751593341e-16, 1.57766228585e-15, 1.68985582312e-15, 4.83533363682e-16, 4.93076248624e-16, 1.24169534941e-15, 5.4405063845e-16, 3.7349213713e-16, 7.99846012312e-16, 2.14017988368e-16, 2.36373781884e-16], "max": [0.0371853783727, 0.0328761190176, 0.00860362779349, 0.0111019155011, 0.010366727598, 0.00617139600217, 0.00843798834831, 0.00950583070517, 0.0066186953336, 0.00415870686993, 0.00509971752763, 0.00505470857024, 0.00545593909919, 0.00296178716235, 0.00308055710047, 0.00321752741002, 0.00208544335328, 0.00107051152736, 0.0012799463002, 0.000957466196269, 0.000743252341636, 0.000613945070654, 0.000572609947994, 0.000681534875184, 0.00036530214129, 0.000603116583079, 0.00102082872763, 0.00030695355963, 0.000327582034515, 0.000285753369099, 0.000372744019842, 0.000415070622694, 0.000436545611592, 0.000379887060262, 0.000186219214811, 0.000416786613641, 0.000312495831167, 0.000168092170497, 0.000167407895788, 0.000114176138595], "dvar2": [2.13303555938e-05, 1.36695198307e-05, 1.70144198819e-06, 3.45144894709e-06, 4.1278681806e-07, 5.80028540753e-07, 6.0326391349e-07, 9.67961909737e-07, 2.0283684421e-07, 4.26132800158e-08, 5.49507248593e-08, 5.92242273001e-08, 5.85784540874e-08, 1.94104572415e-08, 1.51727821418e-08, 2.06875707676e-08, 9.10570641111e-09, 7.59502238878e-09, 5.26796828382e-09, 2.80060197255e-09, 2.94319568717e-09, 2.30782659649e-09, 1.3246863606e-09, 2.13759676626e-09, 1.2524775661e-09, 1.20199550313e-09, 1.1609962991e-09, 6.08908479194e-10, 4.86785778353e-10, 8.66250571274e-10, 9.12947162313e-10, 5.5853249803e-10, 5.79301273618e-10, 8.28314195012e-10, 4.70928573915e-10, 1.80283987739e-09, 1.45699552423e-09, 3.81558923346e-10, 1.11474907083e-09, 2.3926985393e-10], "median": [0.000639442412648, 0.000603191670962, 0.000303551059915, 0.000224868155783, 0.000106613835669, 8.93206743058e-05, 7.83250652603e-05, 6.88994841767e-05, 5.49049254914e-05, 6.01456486038e-05, 3.85383355024e-05, 1.95311076823e-05, 1.81376690307e-05, 1.72607942659e-05, 1.07783398562e-05, 1.0402688531e-05, 9.31257000047e-06, 1.04027130874e-05, 1.12574080049e-05, 1.26995864775e-05, 1.08716303657e-05, 1.03866586869e-05, 1.07772993942e-05, 9.14266274776e-06, 9.41885537031e-06, 8.31711804494e-06, 8.18327316665e-06, 5.74100158701e-06, 4.52256517747e-06, 3.73379657503e-06, 4.11705605075e-06, 4.639889994e-06, 4.1784746827e-06, 2.92334971164e-06, 1.76755827397e-06, 1.18951322747e-06, 9.54954316512e-07, 7.20468733562e-07, 5.27703775788e-07, 3.21379218349e-07], "dmean2": [0.00305630406365, 0.00221091927961, 0.000769786362071, 0.000845043279696, 0.000347686669556, 0.000405451923143, 0.00036939966958, 0.000424233759986, 0.000179031791049, 0.000112430469017, 9.76814262685e-05, 9.47938679019e-05, 9.02922984096e-05, 5.27985139342e-05, 4.31436492363e-05, 4.49377621408e-05, 3.98860865971e-05, 3.75587078452e-05, 3.07996633637e-05, 2.57430383499e-05, 2.47046809818e-05, 2.12777686102e-05, 1.81871200766e-05, 1.81435952982e-05, 1.85302724276e-05, 1.56946680363e-05, 1.4614200154e-05, 1.21507937365e-05, 1.08412768896e-05, 1.05865328806e-05, 1.47492510223e-05, 1.17345816761e-05, 1.10873907033e-05, 1.55654706759e-05, 1.20624463307e-05, 2.1957566787e-05, 1.93116939045e-05, 1.00553415905e-05, 1.73275730049e-05, 8.43828183861e-06], "dmean": [0.00180827348959, 0.00128129939549, 0.000445253128419, 0.000482618779643, 0.000215138104977, 0.000250660668826, 0.000228272634558, 0.000274925783742, 0.000116343529953, 7.00165328453e-05, 6.39479694655e-05, 6.00317725912e-05, 5.61319830013e-05, 3.43102983607e-05, 2.92270015052e-05, 3.1406256312e-05, 2.57819156104e-05, 2.30005516642e-05, 1.91109593288e-05, 1.61270181707e-05, 1.50599098561e-05, 1.27335661091e-05, 1.10923438115e-05, 1.08670337795e-05, 1.12167517727e-05, 9.57866723184e-06, 8.97018344403e-06, 7.45980378269e-06, 6.60575778966e-06, 6.26318887953e-06, 8.80463176145e-06, 7.08688594386e-06, 7.08117477188e-06, 9.90746320895e-06, 7.30619694878e-06, 1.27543689814e-05, 1.11357412607e-05, 6.09001699559e-06, 1.00701518022e-05, 5.11932876179e-06], "var": [1.4751875824e-05, 6.88919453751e-06, 5.65188145174e-07, 9.74735485215e-07, 2.71270977237e-07, 4.64276979528e-07, 6.64736433009e-07, 9.99183839667e-07, 1.77569560833e-07, 5.17481311135e-08, 5.88408148872e-08, 5.63802302622e-08, 4.59297488931e-08, 2.11559676444e-08, 6.06769035016e-08, 3.48940751849e-08, 9.02211194642e-09, 4.61903493232e-09, 2.91294677268e-09, 1.97927119139e-09, 1.57240842569e-09, 1.08092335083e-09, 8.38992098018e-10, 1.01010944054e-09, 7.45118911016e-10, 6.88186230224e-10, 7.41846251096e-10, 3.84231507722e-10, 2.93541663199e-10, 3.53484880256e-10, 4.75375072639e-10, 3.80468850869e-10, 4.65564142793e-10, 4.99246644026e-10, 3.02810027053e-10, 6.25101970186e-10, 4.79280171106e-10, 1.97108454558e-10, 3.52700618711e-10, 1.01629170357e-10], "dvar": [8.2876849774e-06, 5.24330607732e-06, 6.25370546459e-07, 1.2387664583e-06, 1.68459251881e-07, 2.42842645548e-07, 2.61211397401e-07, 4.39600313484e-07, 9.13509907718e-08, 2.06180867934e-08, 2.66449227126e-08, 2.73502127612e-08, 2.38137793929e-08, 9.14931774787e-09, 7.71735475524e-09, 1.11905773537e-08, 4.16670165038e-09, 2.93998136947e-09, 2.11356487867e-09, 1.17231380159e-09, 1.13099618559e-09, 8.77636685548e-10, 5.27668297945e-10, 7.62531260357e-10, 4.86866769123e-10, 5.0100396054e-10, 4.97171359637e-10, 2.57384918934e-10, 2.01676911282e-10, 3.23460230822e-10, 3.7152741994e-10, 2.36752006888e-10, 2.58812166143e-10, 3.66381008865e-10, 2.00184910315e-10, 6.98880675554e-10, 5.53764312183e-10, 1.57124119271e-10, 4.30185359557e-10, 9.78783581962e-11], "mean": [0.00258024642244, 0.00164758495521, 0.000522096757777, 0.00053090066649, 0.000315189390676, 0.000355945376214, 0.000387233303627, 0.000449766259408, 0.000177028152393, 0.000115468625154, 0.000102243007859, 8.55403777678e-05, 7.81893759267e-05, 5.13007180416e-05, 6.60756486468e-05, 5.39643551747e-05, 3.85578277928e-05, 3.19341597788e-05, 2.74896337942e-05, 2.50102366408e-05, 2.21840909944e-05, 1.92939587578e-05, 1.82920430234e-05, 1.69774139067e-05, 1.76234370883e-05, 1.5196125787e-05, 1.46527245306e-05, 1.1429215192e-05, 1.00553079392e-05, 9.05007073015e-06, 1.15236380225e-05, 1.03893471533e-05, 1.06092229544e-05, 1.20473359857e-05, 9.33914725465e-06, 1.15728553283e-05, 9.7322927104e-06, 6.53616962154e-06, 8.28944939713e-06, 4.85557757202e-06]}, "spectral_entropy": {"min": 4.8257651329, "max": 9.02936840057, "dvar2": 0.154249921441, "median": 7.98105669022, "dmean2": 0.33280429244, "dmean": 0.222111493349, "var": 0.258977323771, "dvar": 0.0813402757049, "mean": 7.90281963348}, "spectral_rolloff": {"min": 21.533203125, "max": 13458.2519531, "dvar2": 8352022, "median": 1442.72460938, "dmean2": 2118.04492188, "dmean": 1258.53552246, "var": 6912332, "dvar": 3858428.25, "mean": 2452.20996094}, "barkbands": {"min": [3.32786722441e-13, 4.96369438607e-13, 3.26683396046e-13, 3.21466648873e-13, 7.71167689168e-13, 7.08332318581e-13, 6.28912883143e-13, 5.38374954426e-13, 5.92933200368e-13, 4.11242790039e-13, 2.5345033689e-13, 1.53578850483e-13, 4.21187742886e-14, 6.28238323045e-15, 4.78544646672e-14, 1.13106213577e-13, 1.06024611562e-13, 3.13714203541e-14, 2.85580376892e-14, 6.21233411393e-14, 2.93334489186e-14, 5.4846650496e-14, 5.55060114353e-14, 4.15793870959e-14, 2.1884759765e-14, 3.01413353911e-14, 1.36706943508e-13], "max": [0.00414237286896, 0.131290256977, 0.0531404092908, 0.0196569953114, 0.0536339990795, 0.0265206247568, 0.0433463528752, 0.0392788462341, 0.0319809950888, 0.0266411565244, 0.0341141037643, 0.0219962224364, 0.0309333410114, 0.0180806368589, 0.014048432, 0.0109222093597, 0.0089751817286, 0.00929767079651, 0.0138825839385, 0.0156276207417, 0.013239543885, 0.0193438548595, 0.0116998935118, 0.0162385590374, 0.0121972560883, 0.00526167592034, 0.00106015487108], "dvar2": [6.53695451547e-07, 0.000237331463723, 5.66561539017e-05, 5.06811011292e-06, 5.52169767616e-05, 1.09506609078e-05, 2.06344302569e-05, 1.60631607287e-05, 2.36220762417e-06, 2.86083604806e-06, 3.23860513163e-06, 1.29133104565e-06, 1.75587183548e-06, 8.88928241238e-07, 9.47989917677e-07, 5.73126953896e-07, 6.46227704237e-07, 5.61326942261e-07, 6.34220043594e-07, 5.34330808932e-07, 1.19164440093e-06, 1.30247440211e-06, 1.89625677649e-06, 6.7950054472e-06, 3.81980134989e-06, 1.42929494018e-07, 1.47411967077e-08], "median": [0.000237826810917, 0.00205015391111, 0.000714575522579, 0.000436850357801, 0.000978438998573, 0.000433995039202, 0.000367980217561, 0.000252018362517, 0.000388863700209, 0.000217402703129, 0.000115490154712, 0.000132859131554, 0.000100482822745, 0.000103681399196, 0.000146504666191, 0.000185492186574, 0.000182841991773, 0.000203666801099, 0.000237969492446, 0.000209353282116, 0.000182432631846, 0.000224855888519, 0.000118267467769, 6.82476456859e-05, 3.44359395967e-05, 9.47337139223e-06, 1.418031502e-06], "dmean2": [0.000512978003826, 0.010179140605, 0.00392960757017, 0.00141146802343, 0.00335188419558, 0.00186525564641, 0.00213770219125, 0.00151736789849, 0.000797238608357, 0.000712573993951, 0.00066917843651, 0.000426039216109, 0.000428751984145, 0.000414584908867, 0.000436256406829, 0.000363826402463, 0.000367243628716, 0.000346590677509, 0.0004077993799, 0.000382299185731, 0.00047247656039, 0.000550901517272, 0.000759247050155, 0.00132699566893, 0.00103300460614, 0.000164143624716, 4.43425560661e-05], "dmean": [0.000307131413138, 0.00605858676136, 0.00216166512109, 0.000818729633465, 0.00194416055456, 0.00116650131531, 0.00131908617914, 0.000990738277324, 0.000490409496706, 0.000456727022538, 0.000412121415138, 0.000278004736174, 0.000282434426481, 0.000264661735855, 0.000267559546046, 0.000228291450185, 0.000220566333155, 0.000210956699448, 0.000248911295785, 0.000238397580688, 0.000287510541966, 0.000352270872099, 0.000476313260151, 0.000776038097683, 0.000619560771156, 0.00010916760948, 3.01732907246e-05], "var": [3.39076336786e-07, 0.000177730558789, 1.39035610118e-05, 1.76395838025e-06, 1.67623347807e-05, 9.80395725492e-06, 1.93506202777e-05, 1.50490213855e-05, 2.70568034466e-06, 3.20429649037e-06, 2.2273122795e-06, 1.53650648826e-06, 5.61101933272e-06, 8.48312765811e-07, 5.7434141354e-07, 3.76316478423e-07, 3.26528123651e-07, 3.05465334804e-07, 4.01601511157e-07, 4.04474718607e-07, 6.03911189501e-07, 1.11725159968e-06, 1.21540199416e-06, 2.38898746829e-06, 1.42154351579e-06, 1.12831209265e-07, 9.64607860254e-09], "dvar": [2.30498741871e-07, 9.84332800726e-05, 1.90017963178e-05, 1.88683429769e-06, 1.99080277525e-05, 4.69305086881e-06, 8.80555126059e-06, 7.45602392271e-06, 1.10358178063e-06, 1.32359298277e-06, 1.32323486923e-06, 6.26357291367e-07, 8.04216142569e-07, 3.97095419657e-07, 3.74846621298e-07, 2.28252687862e-07, 2.41094028297e-07, 2.11102801018e-07, 2.69446900347e-07, 2.40970763343e-07, 4.73437722803e-07, 6.00759449298e-07, 8.32687987895e-07, 2.60923957285e-06, 1.5162404452e-06, 6.86925503146e-08, 7.04089275771e-09], "mean": [0.000459407572635, 0.00868014059961, 0.0019713435322, 0.000869049748871, 0.0023158325348, 0.00169466948137, 0.00206531607546, 0.00151888979599, 0.000807677046396, 0.000721685937606, 0.000536953273695, 0.000415435322793, 0.000647593813483, 0.000391592067899, 0.000384243030567, 0.000360046018614, 0.000346545013599, 0.000345946347807, 0.000416652997956, 0.000392568588722, 0.000422080920544, 0.000548322859686, 0.000611155934166, 0.000707228376996, 0.000547311734408, 0.000125875842059, 3.23539170495e-05]}, "melbands_flatness_db": {"min": 0.0174683593214, "max": 0.745991647243, "dvar2": 0.00412605889142, "median": 0.173511087894, "dmean2": 0.0640808492899, "dmean": 0.0423903018236, "var": 0.0101275369525, "dvar": 0.00218713772483, "mean": 0.190965548158}, "melbands_skewness": {"min": -4.78269863129, "max": 56.7719268799, "dvar2": 10.6440649033, "median": 2.83920955658, "dmean2": 2.24554729462, "dmean": 1.41110098362, "var": 10.0761880875, "dvar": 4.48154258728, "mean": 3.61727523804}, "barkbands_skewness": {"min": -6.55973958969, "max": 33.1142654419, "dvar2": 4.01010274887, "median": 1.32879114151, "dmean2": 1.57510077953, "dmean": 1.00957643986, "var": 5.44923305511, "dvar": 1.96141815186, "mean": 1.87026011944}, "silence_rate_60dB": {"min": 0, "max": 1, "dvar2": 0.0636454075575, "median": 0, "dmean2": 0.0576947182417, "dmean": 0.028843741864, "var": 0.0511246807873, "dvar": 0.0280161723495, "mean": 0.0540438853204}, "spectral_energyband_low": {"min": 1.15087605244e-12, "max": 0.138565719128, "dvar2": 0.000288235052722, "median": 0.00420024851337, "dmean2": 0.0121465278789, "dmean": 0.00718452595174, "var": 0.000238540116698, "dvar": 0.000119124168123, "mean": 0.0114994924515}, "spectral_energyband_middle_low": {"min": 3.69649016257e-12, "max": 0.0773659870028, "dvar2": 0.000119247401017, "median": 0.00604525906965, "dmean2": 0.00721452152357, "dmean": 0.00446831760928, "var": 9.99725598376e-05, "dvar": 4.948105925e-05, "mean": 0.00952502712607}, "melbands_kurtosis": {"min": -1.95404732227, "max": 6541.04296875, "dvar2": 67668.6484375, "median": 9.85100650787, "dmean2": 47.6116714478, "dmean": 28.2908687592, "var": 21194.640625, "dvar": 24415.9414062, "mean": 35.3403205872}, "spectral_decrease": {"min": -3.83617013711e-08, "max": -1.4919969412e-18, "dvar2": 2.73673268146e-17, "median": -5.48710188397e-09, "dmean2": 4.53978721282e-09, "dmean": 2.7714115447e-09, "var": 2.39725014801e-17, "dvar": 1.18069502433e-17, "mean": -6.61476118324e-09}, "erbbands_kurtosis": {"min": -1.88673305511, "max": 91.0851593018, "dvar2": 25.8657417297, "median": -0.565609931946, "dmean2": 2.17408418655, "dmean": 1.33063852787, "var": 13.3459396362, "dvar": 10.1040649414, "mean": 0.47130638361}, "melbands_crest": {"min": 3.09443163872, "max": 38.9417800903, "dvar2": 38.7553787231, "median": 16.0017719269, "dmean2": 7.60729789734, "dmean": 4.5768828392, "var": 50.3851852417, "dvar": 15.1109514236, "mean": 16.6769618988}, "gfcc": {"cov": [[9700.82226562, -2537.76928711, -418.124969482, -480.763122559, -1192.10058594, 199.000808716, -1089.52746582, -72.9783782959, -366.013671875, 56.1493988037, 30.2513599396, -11.285815239, -75.2133331299], [-2537.76928711, 2212.96875, -159.192886353, 184.934616089, 512.020263672, -227.690689087, 525.591369629, -18.6046485901, 216.417617798, -110.077232361, 9.08713626862, 8.89026069641, 59.6601867676], [-418.124969482, -159.192886353, 973.656066895, 213.805374146, 101.246208191, 137.328018188, -9.40721893311, 55.8564033508, 28.2957057953, 39.3032836914, 42.5153961182, 17.4175491333, 66.730758667], [-480.763122559, 184.934616089, 213.805374146, 572.987609863, 266.535949707, 98.3495941162, 149.393722534, 47.164150238, 104.809394836, -23.6568527222, -26.7562961578, 24.8981781006, 48.9209365845], [-1192.10058594, 512.020263672, 101.246208191, 266.535949707, 558.875366211, 144.554962158, 316.86026001, 69.1987533569, 137.154403687, 17.548122406, 15.7659378052, 4.81005001068, 23.8354797363], [199.000808716, -227.690689087, 137.328018188, 98.3495941162, 144.554962158, 365.298583984, 77.4750900269, 80.6501312256, 7.14263916016, 36.7019844055, 20.110168457, -30.4148826599, -2.9537191391], [-1089.52746582, 525.591369629, -9.40721893311, 149.393722534, 316.86026001, 77.4750900269, 400.441833496, 77.2802047729, 123.821151733, 8.60217475891, 19.4324626923, 12.6240491867, 8.1369342804], [-72.9783782959, -18.6046485901, 55.8564033508, 47.164150238, 69.1987533569, 80.6501312256, 77.2802047729, 158.998184204, 71.6826095581, 41.9672813416, 19.7075805664, -2.58974575996, 0.497947216034], [-366.013671875, 216.417617798, 28.2957057953, 104.809394836, 137.154403687, 7.14263916016, 123.821151733, 71.6826095581, 145.650253296, 43.538772583, 25.4424686432, 10.7281131744, 11.7504997253], [56.1493988037, -110.077232361, 39.3032836914, -23.6568527222, 17.548122406, 36.7019844055, 8.60217475891, 41.9672813416, 43.538772583, 106.385368347, 58.3429222107, 6.26671028137, -13.3235187531], [30.2513599396, 9.08713626862, 42.5153961182, -26.7562961578, 15.7659378052, 20.110168457, 19.4324626923, 19.7075805664, 25.4424686432, 58.3429222107, 92.3330307007, 22.3626804352, 0.404517531395], [-11.285815239, 8.89026069641, 17.4175491333, 24.8981781006, 4.81005001068, -30.4148826599, 12.6240491867, -2.58974575996, 10.7281131744, 6.26671028137, 22.3626804352, 73.1665496826, 29.8945217133], [-75.2133331299, 59.6601867676, 66.730758667, 48.9209365845, 23.8354797363, -2.9537191391, 8.1369342804, 0.497947216034, 11.7504997253, -13.3235187531, 0.404517531395, 29.8945217133, 75.0463867188]], "icov": [[0.000203279661946, 0.000102471953142, 0.000142277989653, -4.94387895742e-05, 0.000241065325099, -0.000260830332991, 0.000360545876902, -3.06977526634e-05, -0.00013755778491, 0.000170080704265, -0.000255516439211, -0.000100065117294, -4.76311379316e-06], [0.000102471953142, 0.00119988224469, 0.000147590559209, 0.000138647315907, -0.000502615002915, 0.000869757845066, -0.000875187222846, 0.000467602862045, -0.0010472422, 0.0018348605372, -0.00131737068295, 0.00103614002001, -0.000703052268364], [0.000142277989653, 0.000147590559209, 0.0014039700618, -0.000506041978952, 1.17554118333e-05, -0.000362225779099, 0.000532962090801, -0.000271286582574, 0.00017364055384, -0.000118477379146, -0.000873010139912, 0.000302875705529, -0.00113140407484], [-4.94387895742e-05, 0.000138647315907, -0.000506041978952, 0.00292723136954, -0.00101435696706, -0.000408393796533, -2.98009108519e-05, 0.000355143885827, -0.0020266820211, 0.00134655530564, 0.00123747135513, -0.00104012317024, -0.000346967804944], [0.000241065325099, -0.000502615002915, 1.17554118333e-05, -0.00101435696706, 0.00479499902576, -0.00181653141044, -0.00150208978448, 0.000619122351054, -0.00115472264588, -0.000879228347912, 0.000352948205546, -0.0001940659713, -4.36177033407e-05], [-0.000260830332991, 0.000869757845066, -0.000362225779099, -0.000408393796533, -0.00181653141044, 0.00542506296188, -0.00171462760773, -0.00164381111972, 0.00227516097948, -0.000191859158804, -0.00139426044188, 0.00322781363502, -0.00104582426138], [0.000360545876902, -0.000875187222846, 0.000532962090801, -2.98009108519e-05, -0.00150208978448, -0.00171462760773, 0.00703354971483, -0.00139678141568, -0.00180390651803, 0.000739972630981, -0.000289712828817, -0.00217094086111, 0.00153903989121], [-3.06977526634e-05, 0.000467602862045, -0.000271286582574, 0.000355143885827, 0.000619122351054, -0.00164381111972, -0.00139678141568, 0.0100412806496, -0.00505793932825, -0.000932545342948, 0.000458912807517, 0.000493861094583, -0.000142108969158], [-0.00013755778491, -0.0010472422, 0.00017364055384, -0.0020266820211, -0.00115472264588, 0.00227516097948, -0.00180390651803, -0.00505793932825, 0.016685474664, -0.00734561216086, 0.000552911486011, 0.000576647988055, -0.00160249462351], [0.000170080704265, 0.0018348605372, -0.000118477379146, 0.00134655530564, -0.000879228347912, -0.000191859158804, 0.000739972630981, -0.000932545342948, -0.00734561216086, 0.0216499920934, -0.0113963996992, 0.000707406667061, 0.00291046779603], [-0.000255516439211, -0.00131737068295, -0.000873010139912, 0.00123747135513, 0.000352948205546, -0.00139426044188, -0.000289712828817, 0.000458912807517, 0.000552911486011, -0.0113963996992, 0.0206117909402, -0.00642672367394, 0.000961292011198], [-0.000100065117294, 0.00103614002001, 0.000302875705529, -0.00104012317024, -0.0001940659713, 0.00322781363502, -0.00217094086111, 0.000493861094583, 0.000576647988055, 0.000707406667061, -0.00642672367394, 0.0207630526274, -0.00829545408487], [-4.76311379316e-06, -0.000703052268364, -0.00113140407484, -0.000346967804944, -4.36177033407e-05, -0.00104582426138, 0.00153903989121, -0.000142108969158, -0.00160249462351, 0.00291046779603, 0.000961292011198, -0.00829545408487, 0.0189851280302]], "mean": [5.16014909744, 64.8307037354, -106.28515625, 43.9220542908, -59.6814804077, 14.3567752838, -29.2985229492, 11.2090797424, -15.7501573563, 2.68888115883, -14.339425087, 1.51998007298, -10.8957271576]}, "melbands_spread": {"min": 0.0756996721029, "max": 317.129943848, "dvar2": 1600.12683105, "median": 23.9240627289, "dmean2": 25.3720417023, "dmean": 15.3954916, "var": 1076.62915039, "dvar": 686.639526367, "mean": 32.051940918}, "spectral_energy": {"min": 6.35778105509e-12, "max": 0.146271973848, "dvar2": 0.00049207941629, "median": 0.0244758091867, "dmean2": 0.019175324589, "dmean": 0.0119999591261, "var": 0.000425693840953, "dvar": 0.000215932974243, "mean": 0.0283361822367}, "mfcc": {"cov": [[9703.390625, -2154.49707031, -41.8460426331, -1093.32263184, -265.601287842, -464.177642822, -514.244567871, -472.537902832, -500.418212891, -238.792617798, -221.644454956, -33.8359603882, -237.154464722], [-2154.49707031, 1793.19616699, -321.262329102, 413.357879639, -67.2298965454, 94.9230728149, 95.6028213501, 184.594787598, 139.041748047, 40.2960548401, 72.2388763428, -47.4847984314, 91.1505203247], [-41.8460426331, -321.262329102, 802.892883301, -7.80175542831, 158.149642944, 0.792236626148, 22.4517097473, -46.3648452759, -13.7151985168, -5.24126625061, -45.3755683899, 27.9722862244, 9.56737995148], [-1093.32263184, 413.357879639, -7.80175542831, 617.792175293, 106.261238098, 152.432220459, 37.2483215332, 162.944610596, 137.260162354, 40.7343330383, 38.0350646973, -4.32848262787, 83.7153091431], [-265.601287842, -67.2298965454, 158.149642944, 106.261238098, 302.410614014, 130.75743103, 91.716796875, 58.1289215088, 70.488494873, 69.0954437256, 25.8008956909, 20.1246356964, 5.66188001633], [-464.177642822, 94.9230728149, 0.792236626148, 152.432220459, 130.75743103, 275.32611084, 148.324417114, 118.437805176, 84.4588775635, 66.7343139648, 63.3983879089, -5.85120582581, 1.3869985342], [-514.244567871, 95.6028213501, 22.4517097473, 37.2483215332, 91.716796875, 148.324417114, 209.421081543, 108.487167358, 75.507194519, 76.4174346924, 65.4310531616, 19.0693702698, 7.38174057007], [-472.537902832, 184.594787598, -46.3648452759, 162.944610596, 58.1289215088, 118.437805176, 108.487167358, 183.991821289, 117.112312317, 58.1763191223, 51.2178230286, 1.32794225216, 25.9639320374], [-500.418212891, 139.041748047, -13.7151985168, 137.260162354, 70.488494873, 84.4588775635, 75.507194519, 117.112312317, 153.487472534, 75.6301879883, 43.8157310486, 8.65467357635, 28.7637195587], [-238.792617798, 40.2960548401, -5.24126625061, 40.7343330383, 69.0954437256, 66.7343139648, 76.4174346924, 58.1763191223, 75.6301879883, 124.129829407, 66.3521652222, 26.4970245361, 15.7016830444], [-221.644454956, 72.2388763428, -45.3755683899, 38.0350646973, 25.8008956909, 63.3983879089, 65.4310531616, 51.2178230286, 43.8157310486, 66.3521652222, 108.494087219, 49.5408706665, 27.0066776276], [-33.8359603882, -47.4847984314, 27.9722862244, -4.32848262787, 20.1246356964, -5.85120582581, 19.0693702698, 1.32794225216, 8.65467357635, 26.4970245361, 49.5408706665, 100.936546326, 47.953830719], [-237.154464722, 91.1505203247, 9.56737995148, 83.7153091431, 5.66188001633, 1.3869985342, 7.38174057007, 25.9639320374, 28.7637195587, 15.7016830444, 27.0066776276, 47.953830719, 95.4375915527]], "icov": [[0.000187052413821, 0.000168448896147, 6.18859776296e-05, 0.000197299508727, -2.0516832592e-05, -4.04518214054e-05, 0.000412536464864, -0.000262467510765, 0.000336464756401, -8.32678779261e-05, 2.42247042479e-05, 1.01400109997e-05, 6.63024256937e-05], [0.000168448896147, 0.000969788699877, 0.000290847878205, -0.000294563942589, 0.000240672525251, 0.00025814093533, -0.000168548256624, -0.000266116985586, 0.000116224982776, 0.000121286662761, -0.000429914332926, 0.000866380461957, -0.000579663959797], [6.18859776296e-05, 0.000290847878205, 0.00164608948398, -0.000120825607155, -0.000843480811454, 0.000261982175289, -0.000538037740625, 0.00051439460367, 6.30939539406e-05, 0.000134958521812, 0.00093655200908, -0.000353160139639, -0.000363919622032], [0.000197299508727, -0.000294563942589, -0.000120825607155, 0.00341463810764, -0.000715478439815, -0.00151340384036, 0.00252808816731, -0.00207526120357, -0.00052549893735, 0.000390534725739, 7.19021336408e-05, 0.000563524314202, -0.00198740162887], [-2.0516832592e-05, 0.000240672525251, -0.000843480811454, -0.000715478439815, 0.00555159058422, -0.00188773567788, -0.000749972008634, 0.000727115722839, -0.00100196071435, -0.00192315632012, 0.00157963496167, -0.00136056914926, 0.000844606372993], [-4.04518214054e-05, 0.00025814093533, 0.000261982175289, -0.00151340384036, -0.00188773567788, 0.00840605515987, -0.00430759694427, -0.000973472371697, 0.000266135233687, 0.000753187574446, -0.00293360068463, 0.00243004201911, 0.000947036489379], [0.000412536464864, -0.000168548256624, -0.000538037740625, 0.00252808816731, -0.000749972008634, -0.00430759694427, 0.0124620422721, -0.00532405776903, 0.0013291122159, -0.00251014786772, -0.00101468886714, -0.00129249703605, 0.000563045789022], [-0.000262467510765, -0.000266116985586, 0.00051439460367, -0.00207526120357, 0.000727115722839, -0.000973472371697, -0.00532405776903, 0.0157851576805, -0.00847262423486, 0.00207668612711, -0.00160277157556, 0.00139346101787, -0.000575549551286], [0.000336464756401, 0.000116224982776, 6.30939539406e-05, -0.00052549893735, -0.00100196071435, 0.000266135233687, 0.0013291122159, -0.00847262423486, 0.0173037033528, -0.00689871655777, 0.00145733403042, 0.000415460322984, -0.00126379891299], [-8.32678779261e-05, 0.000121286662761, 0.000134958521812, 0.000390534725739, -0.00192315632012, 0.000753187574446, -0.00251014786772, 0.00207668612711, -0.00689871655777, 0.0172232910991, -0.00791533570737, 0.000763994758017, 0.000155025409185], [2.42247042479e-05, -0.000429914332926, 0.00093655200908, 7.19021336408e-05, 0.00157963496167, -0.00293360068463, -0.00101468886714, -0.00160277157556, 0.00145733403042, -0.00791533570737, 0.0210163127631, -0.00924598053098, 0.000338933605235], [1.01400109997e-05, 0.000866380461957, -0.000353160139639, 0.000563524314202, -0.00136056914926, 0.00243004201911, -0.00129249703605, 0.00139346101787, 0.000415460322984, 0.000763994758017, -0.00924598053098, 0.0196594614536, -0.00900754611939], [6.63024256937e-05, -0.000579663959797, -0.000363919622032, -0.00198740162887, 0.000844606372993, 0.000947036489379, 0.000563045789022, -0.000575549551286, -0.00126379891299, 0.000155025409185, 0.000338933605235, -0.00900754611939, 0.0178108029068]], "mean": [-638.325927734, 91.9242019653, 10.9045600891, 30.5134429932, 0.53801882267, 7.54807424545, -1.76129567623, 8.98658180237, 2.39699792862, 5.15042972565, 2.88761043549, -0.604792773724, 2.84178686142]}, "spectral_contrast_valleys": {"min": [-18.2798366547, -18.4555835724, -18.8676242828, -18.8652839661, -18.8666362762, -20.8443622589], "max": [-5.28674793243, -4.5806517601, -5.17265033722, -5.6056432724, -5.43251371384, -7.01127338409], "dvar2": [0.401959061623, 0.480006724596, 0.519138634205, 0.45140811801, 0.442620277405, 0.947452783585], "median": [-7.16669845581, -6.73578262329, -7.17862892151, -7.51102352142, -6.97726726532, -9.63305568695], "dmean2": [0.758165061474, 0.72678822279, 0.694298863411, 0.61286598444, 0.52855437994, 0.800037324429], "dmean": [0.475534707308, 0.466287821531, 0.448703497648, 0.410131663084, 0.361401289701, 0.597581863403], "var": [0.954329431057, 1.09223341942, 0.989253997803, 1.03152668476, 1.03326869011, 2.39262986183], "dvar": [0.188645407557, 0.248392596841, 0.252399593592, 0.241898268461, 0.240128621459, 0.618192195892], "mean": [-7.29438066483, -6.8627705574, -7.37154245377, -7.71177005768, -7.24848175049, -9.72209072113]}, "barkbands_flatness_db": {"min": 0.0143603179604, "max": 0.598523199558, "dvar2": 0.00265982351266, "median": 0.107675790787, "dmean2": 0.0490863509476, "dmean": 0.0324673950672, "var": 0.00571831129491, "dvar": 0.0013721967116, "mean": 0.126928046346}, "dynamic_complexity": 3.29942679405, "erbbands_flatness_db": {"min": 0.0254427529871, "max": 0.352823376656, "dvar2": 0.00108241080306, "median": 0.12432783097, "dmean2": 0.0312643498182, "dmean": 0.0207859855145, "var": 0.00217562611215, "dvar": 0.000552889541723, "mean": 0.134330406785}, "hfc": {"min": 8.01117838733e-09, "max": 33