{"lowlevel": {"spectral_complexity": {"min": 0, "max": 62, "dvar2": 77.2133331299, "median": 17, "dmean2": 7.64693880081, "dmean": 5.2856502533, "var": 187.555953979, "dvar": 43.0461730957, "mean": 19.3617782593}, "silence_rate_20dB": {"min": 1, "max": 1, "dvar2": 0, "median": 1, "dmean2": 0, "dmean": 0, "var": 0, "dvar": 0, "mean": 1}, "average_loudness": 0.694799363613, "erbbands_spread": {"min": 2.39465308189, "max": 159.896682739, "dvar2": 244.78364563, "median": 34.0523872375, "dmean2": 14.3921842575, "dmean": 9.01541137695, "var": 301.167877197, "dvar": 100.689552307, "mean": 36.1474876404}, "spectral_kurtosis": {"min": -1.24730741978, "max": 91.8357009888, "dvar2": 15.5176868439, "median": 3.2329788208, "dmean2": 2.54569649696, "dmean": 1.53219485283, "var": 17.3152580261, "dvar": 6.75631093979, "mean": 4.02573394775}, "barkbands_kurtosis": {"min": -1.95205259323, "max": 802.686767578, "dvar2": 1486.38635254, "median": 0.292097687721, "dmean2": 9.24598407745, "dmean": 5.46472024918, "var": 788.230041504, "dvar": 598.991943359, "mean": 5.05018520355}, "spectral_strongpeak": {"min": 0, "max": 17.0188179016, "dvar2": 3.43107438087, "median": 0.449023574591, "dmean2": 1.0616158247, "dmean": 0.616956651211, "var": 1.92181003094, "dvar": 1.27214086056, "mean": 0.932913482189}, "spectral_spread": {"min": 1175401.875, "max": 41885324, "dvar2": 700961456128, "median": 3911584.5, "dmean2": 649229.375, "dmean": 418673.3125, "var": 3197730816000.0, "dvar": 327097679872, "mean": 4296503.5}, "spectral_rms": {"min": 3.17479376122e-12, "max": 0.0155769716948, "dvar2": 3.37211827173e-06, "median": 0.00329067464918, "dmean2": 0.00150902569294, "dmean": 0.00107724859845, "var": 6.63435275783e-06, "dvar": 1.96034261535e-06, "mean": 0.00386466248892}, "erbbands": {"min": [1.33746860507e-22, 2.36909172248e-21, 7.17184089556e-21, 1.41983985025e-20, 2.91244929931e-20, 4.50570546472e-20, 9.02589434497e-20, 2.33385442615e-19, 7.76484716138e-20, 3.89127396088e-19, 7.83809620182e-19, 6.14160046426e-19, 9.57138545001e-19, 2.02919708571e-18, 2.19698757104e-18, 2.24961590354e-18, 2.33434380688e-18, 3.73314758174e-18, 3.22135480673e-18, 5.00014095317e-18, 5.66379498966e-18, 4.61686185326e-18, 8.01542480339e-18, 9.84610784787e-18, 9.51070099873e-18, 1.35286993913e-17, 1.32552293449e-17, 1.41819867868e-17, 1.32024163444e-17, 1.56126899548e-17, 1.37633920378e-17, 1.28741588173e-17, 1.22888085927e-17, 1.16568980258e-17, 7.80138933835e-18, 4.57410943689e-18, 2.45032114621e-18, 1.0512935156e-18, 3.01647126799e-19, 3.36504860317e-20], "max": [3.45340704918, 37.9413642883, 118.405654907, 116.209106445, 125.658828735, 164.742401123, 135.227676392, 305.224945068, 706.706054688, 478.720153809, 1627.5032959, 2705.97363281, 1521.84692383, 4875.29394531, 713.221374512, 3215.90112305, 1931.05786133, 2280.60229492, 3268.82397461, 2278.49682617, 2289.57348633, 1157.70690918, 596.368713379, 834.927062988, 1009.92034912, 854.339050293, 443.431121826, 1933.40246582, 591.557006836, 511.270111084, 240.628662109, 120.549468994, 152.517333984, 160.522125244, 89.4710464478, 12.7241163254, 4.39796209335, 0.820991694927, 0.044121760875, 0.00157422095072], "dvar2": [0.403423249722, 34.3118782043, 206.468063354, 164.566711426, 106.353027344, 116.714706421, 130.787948608, 252.800170898, 1132.47497559, 1009.7925415, 2685.99584961, 3707.08154297, 4359.98339844, 18839.2480469, 2056.96582031, 4127.46191406, 3107.31396484, 9589.86425781, 22002.6347656, 12239.9189453, 4207.92480469, 2088.3449707, 790.264587402, 790.625549316, 1207.27734375, 704.360900879, 919.020019531, 2893.56030273, 1560.13635254, 277.674041748, 153.6822052, 31.8831615448, 30.775188446, 18.587348938, 4.94686222076, 0.145654395223, 0.00604562507942, 0.000161197283887, 4.4414906597e-07, 1.80282544449e-09], "median": [0.00371494842693, 0.0803287029266, 0.351464599371, 0.641680955887, 0.705369114876, 0.827023267746, 1.29722619057, 2.01930904388, 3.47959756851, 3.6881518364, 7.03098011017, 6.28489112854, 6.64145469666, 7.91306304932, 5.84885454178, 9.33248710632, 8.73554801941, 13.7755670547, 15.2972049713, 12.2812690735, 9.83837127686, 7.42344903946, 6.86943721771, 7.31331348419, 7.58485126495, 5.7577457428, 4.85403060913, 4.10703611374, 2.59358215332, 1.65849018097, 0.955430030823, 0.399187684059, 0.184986129403, 0.184305906296, 0.0483101382852, 0.00905586965382, 0.00305613712408, 0.000685712439008, 4.98777480971e-05, 1.91337239812e-05], "dmean2": [0.2576828897, 2.38827872276, 6.17617607117, 5.17578363419, 3.91170406342, 4.61983823776, 5.34509849548, 6.51176357269, 12.2898330688, 13.5113201141, 20.7158946991, 22.6231307983, 25.4285030365, 37.7031326294, 20.2378406525, 27.2603988647, 25.6474971771, 40.7508773804, 45.501991272, 39.6977500916, 23.4256343842, 21.0958213806, 15.2155303955, 15.3528862, 15.7527980804, 13.6329174042, 12.9111614227, 12.8793239594, 13.4879684448, 4.99227952957, 3.9319729805, 1.8366266489, 1.35730886459, 0.736492812634, 0.340427517891, 0.0814976766706, 0.0226092413068, 0.00397088844329, 0.000231181300478, 2.61186523858e-05], "dmean": [0.153487190604, 1.38395273685, 3.884288311, 3.30103373528, 2.27274155617, 2.81328892708, 3.25471615791, 4.10299730301, 7.56103563309, 8.44195556641, 12.9999628067, 14.1625070572, 15.7843999863, 23.6497993469, 12.4111328125, 17.0932121277, 16.1208248138, 24.6242847443, 27.6437301636, 24.0819759369, 14.3407468796, 12.7566757202, 9.48972415924, 9.83065891266, 9.88512802124, 8.55027389526, 8.04332065582, 7.88465929031, 8.40525436401, 3.33336734772, 2.60216569901, 1.22063910961, 0.914521813393, 0.503012835979, 0.227810129523, 0.0579819306731, 0.0157350972295, 0.0028516757302, 0.000191620216356, 1.87480673048e-05], "var": [0.240314692259, 11.5920114517, 102.529808044, 102.053070068, 41.0069007874, 59.808013916, 70.7158432007, 218.219833374, 925.515991211, 749.871337891, 2190.06762695, 2944.9987793, 3945.17602539, 12769.4853516, 1608.68395996, 8180.16162109, 3913.45629883, 6662.28076172, 14571.6328125, 6434.55957031, 2719.68164062, 1241.89416504, 630.804626465, 773.487548828, 827.637023926, 487.158691406, 662.426452637, 1053.1640625, 1969.28295898, 318.984313965, 247.682540894, 56.9109077454, 49.579990387, 21.7512893677, 4.54312372208, 0.26168513298, 0.0322281047702, 0.00102143036202, 3.78586787519e-06, 6.16942674725e-09], "dvar": [0.165319129825, 12.6556015015, 94.8631820679, 82.9622268677, 38.3903160095, 47.2065696716, 50.994758606, 102.840354919, 446.612701416, 409.554473877, 1146.2911377, 1547.13562012, 1840.18249512, 7582.72021484, 819.566345215, 1906.81469727, 1388.02319336, 3734.57568359, 7854.97460938, 4251.09521484, 1559.22473145, 743.448547363, 317.812774658, 337.152160645, 485.698730469, 285.428161621, 348.5050354, 1011.53570557, 611.634338379, 119.363670349, 64.4156036377, 14.0329437256, 13.8245706558, 8.69529724121, 2.18418884277, 0.0659739375114, 0.00249486183748, 6.77004427416e-05, 2.3151044104e-07, 9.764528075e-10], "mean": [0.175669252872, 1.29051947594, 3.76215839386, 3.76053094864, 2.74894547462, 3.54979586601, 4.30232810974, 6.26797771454, 11.3238220215, 12.3341341019, 20.3033847809, 22.4970188141, 25.1403446198, 34.750125885, 20.1404342651, 29.2888031006, 26.549654007, 38.0284233093, 44.4737815857, 35.6826324463, 22.7450466156, 18.4820861816, 15.5784330368, 15.7694139481, 17.0368156433, 13.5714645386, 14.5032234192, 13.51425457, 15.8626403809, 7.08564376831, 5.98559236526, 2.90968871117, 2.25223112106, 1.14696240425, 0.473800748587, 0.14346717298, 0.0425244830549, 0.00751400366426, 0.000500100140925, 4.54842192994e-05]}, "zerocrossingrate": {"min": 0, "max": 0.54931640625, "dvar2": 0.000303754786728, "median": 0.0693359375, "dmean2": 0.0157438870519, "dmean": 0.0136113464832, "var": 0.00367636233568, "dvar": 0.000252112164162, "mean": 0.0818060860038}, "spectral_contrast_coeffs": {"min": [-0.97196161747, -0.963995933533, -0.962737560272, -0.965069591999, -0.965652227402, -0.962749183178], "max": [-0.237115591764, -0.335361212492, -0.431347757578, -0.443627923727, -0.474565684795, -0.507333338261], "dvar2": [0.00464303279296, 0.00400995882228, 0.00281604635529, 0.00227283942513, 0.00124939007219, 0.000919623766094], "median": [-0.661770224571, -0.761997699738, -0.790173470974, -0.790867447853, -0.800579547882, -0.72057300806], "dmean2": [0.0835621654987, 0.0790703445673, 0.0653476342559, 0.0569572523236, 0.0399105213583, 0.0321884378791], "dmean": [0.0516421832144, 0.0484725162387, 0.0400064513087, 0.0349081903696, 0.024778874591, 0.0209265239537], "var": [0.00725517002866, 0.0069935657084, 0.00502604292706, 0.00467459857464, 0.0026029960718, 0.00270818290301], "dvar": [0.00191175017972, 0.00158367946278, 0.00110359792598, 0.000934751937166, 0.00055475224508, 0.000443944794824], "mean": [-0.6589012146, -0.751186311245, -0.781765758991, -0.780763804913, -0.794050514698, -0.726813614368]}, "dissonance": {"min": 0.245956853032, "max": 0.500000178814, "dvar2": 0.00077293033246, "median": 0.481613099575, "dmean2": 0.0261471383274, "dmean": 0.0157039947808, "var": 0.000636550132185, "dvar": 0.000297420338029, "mean": 0.473852932453}, "spectral_energyband_high": {"min": 7.35260893997e-21, "max": 0.0378967374563, "dvar2": 4.09815902458e-06, "median": 0.000342981889844, "dmean2": 0.000780660600867, "dmean": 0.000526826188434, "var": 7.0671821959e-06, "dvar": 1.75821389803e-06, "mean": 0.00131160195451}, "spectral_skewness": {"min": -0.224124565721, "max": 8.0182352066, "dvar2": 0.180074095726, "median": 1.23844361305, "dmean2": 0.360302746296, "dmean": 0.227147445083, "var": 0.31472158432, "dvar": 0.083213172853, "mean": 1.31353151798}, "spectral_flux": {"min": 6.5759328538e-11, "max": 0.415162146091, "dvar2": 0.00392152508721, "median": 0.0654733628035, "dmean2": 0.0499982051551, "dmean": 0.0320844501257, "var": 0.00397371547297, "dvar": 0.00175340881106, "mean": 0.0830468386412}, "silence_rate_30dB": {"min": 0, "max": 1, "dvar2": 0.0389303155243, "median": 1, "dmean2": 0.0297555793077, "dmean": 0.0148771815002, "var": 0.0102330502123, "dvar": 0.01465559192, "mean": 0.989659965038}, "spectral_energyband_middle_high": {"min": 1.37155764505e-21, "max": 0.135396853089, "dvar2": 4.54596956843e-05, "median": 0.00303476140834, "dmean2": 0.00368911027908, "dmean": 0.00242919218726, "var": 7.26566649973e-05, "dvar": 1.93614268937e-05, "mean": 0.0058997371234}, "barkbands_spread": {"min": 0.0808280557394, "max": 143.253295898, "dvar2": 215.845581055, "median": 23.7862167358, "dmean2": 12.7536296844, "dmean": 7.8850235939, "var": 265.191131592, "dvar": 80.7655334473, "mean": 26.4816188812}, "spectral_centroid": {"min": 78.3654785156, "max": 11225.1943359, "dvar2": 330416.3125, "median": 1792.47680664, "dmean2": 564.842346191, "dmean": 365.535003662, "var": 668290.3125, "dvar": 148445.953125, "mean": 1866.83190918}, "pitch_salience": {"min": 0.0117942672223, "max": 0.908438801765, "dvar2": 0.0239902641624, "median": 0.566684603691, "dmean2": 0.16579438746, "dmean": 0.100322492421, "var": 0.0223170612007, "dvar": 0.0100281732157, "mean": 0.543911993504}, "erbbands_skewness": {"min": -5.07660293579, "max": 6.39434862137, "dvar2": 0.347445815802, "median": -0.0643117129803, "dmean2": 0.616134524345, "dmean": 0.393392920494, "var": 0.643956959248, "dvar": 0.149358958006, "mean": -0.0195988938212}, "erbbands_crest": {"min": 1.77689898014, "max": 31.6657581329, "dvar2": 15.5868835449, "median": 6.86389255524, "dmean2": 4.15389442444, "dmean": 2.51427745819, "var": 16.1555595398, "dvar": 6.2852973938, "mean": 7.899933815}, "melbands": {"min": [2.75801589126e-24, 3.46641377301e-24, 3.57683102835e-24, 3.64120128935e-24, 4.29305046597e-24, 5.58987468528e-24, 1.33812227099e-24, 4.03783581933e-24, 7.49939928107e-24, 3.29098491276e-24, 4.80896983672e-24, 8.38989229215e-24, 8.07515177933e-24, 4.97844398043e-24, 5.4198491278e-24, 3.71303851326e-24, 6.92831131734e-24, 4.13795449555e-24, 5.31872228734e-24, 6.55703787661e-24, 6.4185158738e-24, 3.88443826644e-24, 6.93696512147e-24, 6.22442532554e-24, 7.60348237777e-24, 7.69853143938e-24, 5.78004893358e-24, 8.57750155922e-24, 7.35978431148e-24, 7.56303747916e-24, 8.60138905629e-24, 7.07703289722e-24, 7.26070259292e-24, 8.50533735247e-24, 5.87839661706e-24, 8.53959994816e-24, 7.85812431139e-24, 7.49063266983e-24, 8.95219155654e-24, 1.05527785003e-23], "max": [0.0340414717793, 0.0488410592079, 0.0173975601792, 0.00821283087134, 0.00374435796402, 0.00788771547377, 0.00947263091803, 0.00573490280658, 0.0172946508974, 0.0185426212847, 0.00765660777688, 0.0185667090118, 0.005080353003, 0.00637043826282, 0.0121430950239, 0.00406558765098, 0.00489332573488, 0.00725452182814, 0.00684951804578, 0.00310149835423, 0.00316370674409, 0.00130520493258, 0.0004505867837, 0.000901573628653, 0.000775828666519, 0.00104533997364, 0.000737741298508, 0.000495214771945, 0.00038089643931, 0.00107623054646, 0.000903175619897, 0.000472564686788, 0.000259181426372, 0.000295515899779, 0.000172966625541, 7.95376181486e-05, 7.65744262026e-05, 0.000109582702862, 0.000127068284201, 0.000147924976773], "dvar2": [4.06385042879e-05, 4.03042395192e-05, 4.04063439419e-06, 5.68827033476e-07, 1.35685525038e-07, 1.3909215113e-07, 2.25686306976e-07, 1.14646397265e-07, 2.48037054007e-07, 1.50775690599e-07, 1.14008159358e-07, 2.81603433905e-07, 5.45201146451e-08, 2.73348934599e-08, 4.92096212668e-08, 1.5508755169e-08, 4.52243646976e-08, 7.46727053524e-08, 8.91119356083e-08, 8.59072546433e-09, 7.64544072496e-09, 3.08720671249e-09, 8.06049671453e-10, 7.30029980911e-10, 6.53359200076e-10, 7.53691276056e-10, 7.08043346176e-10, 3.51144252564e-10, 3.26907140247e-10, 9.13808639869e-10, 8.56992421472e-10, 9.58750523417e-10, 1.35687364122e-10, 8.78310896235e-11, 7.61570112529e-11, 2.16981172613e-11, 1.32004841086e-11, 1.95441822448e-11, 1.71784288183e-11, 1.45804913282e-11], "median": [4.93242660013e-05, 0.000198115361854, 0.000121102384583, 5.65286754863e-05, 4.62979041913e-05, 4.79096488561e-05, 5.61446286156e-05, 3.83574297302e-05, 5.84489680477e-05, 3.61656530004e-05, 3.11966286972e-05, 3.13588388963e-05, 1.96673954633e-05, 1.92217885342e-05, 2.33900973399e-05, 1.43812330862e-05, 2.50433240581e-05, 2.09553272725e-05, 1.98209818336e-05, 1.01845125755e-05, 1.01153464129e-05, 7.15994792699e-06, 5.88787224842e-06, 5.43091164218e-06, 5.68934910916e-06, 4.95104359288e-06, 5.51524408365e-06, 2.59541275227e-06, 3.24639313476e-06, 2.54842939285e-06, 2.03372883334e-06, 1.53306871198e-06, 9.85998894976e-07, 8.45936710903e-07, 5.08444998104e-07, 4.40747896846e-07, 1.55979165584e-07, 1.13411118718e-07, 1.53692212734e-07, 1.38589740573e-07], "dmean2": [0.00257932767272, 0.00311234896071, 0.000837313884404, 0.000309947237838, 0.000176592118805, 0.000153883142048, 0.000187527912203, 0.000148335122503, 0.000189735510503, 0.000143330529681, 0.000129507854581, 0.000150665960973, 8.45820977702e-05, 6.96611677995e-05, 8.47691262607e-05, 5.73558172619e-05, 8.59680731082e-05, 7.6475480455e-05, 8.65566762513e-05, 3.46573542629e-05, 2.84013403871e-05, 2.45898518187e-05, 1.50291734826e-05, 1.38377699841e-05, 1.36022208608e-05, 1.08978820208e-05, 1.34180481837e-05, 9.14125121199e-06, 8.30781482364e-06, 8.44217174745e-06, 7.70695351093e-06, 1.00398992799e-05, 3.72837121176e-06, 2.71704629995e-06, 2.68416738436e-06, 1.56599446655e-06, 1.16681792406e-06, 1.13337034691e-06, 9.19845831504e-07, 5.98390101914e-07], "dmean": [0.00150094437413, 0.00194248056505, 0.000539257656783, 0.00018393456412, 0.000109372987936, 9.64631908573e-05, 0.000116025265015, 9.24387131818e-05, 0.000119540716696, 8.95306366147e-05, 8.0075362348e-05, 9.46014042711e-05, 5.19065943081e-05, 4.31664120697e-05, 5.28919990757e-05, 3.51467569999e-05, 5.1626459026e-05, 4.61406707473e-05, 5.11139296577e-05, 2.1515896151e-05, 1.7049469534e-05, 1.47055925481e-05, 9.17437409953e-06, 8.56365113577e-06, 8.54369591252e-06, 6.90070373821e-06, 8.21670982987e-06, 5.64436140849e-06, 5.08371431351e-06, 5.18032175023e-06, 4.64962613478e-06, 6.19764250587e-06, 2.37398671743e-06, 1.8085196416e-06, 1.76299874965e-06, 1.02435126337e-06, 7.43335647257e-07, 7.46493412862e-07, 6.22093239144e-07, 3.96913577561e-07], "var": [1.83124102477e-05, 1.9432443878e-05, 2.72330817097e-06, 2.46560603046e-07, 8.07638969036e-08, 1.23341621361e-07, 1.83856144531e-07, 9.39049655813e-08, 2.09055215805e-07, 1.19860629866e-07, 9.92518423004e-08, 1.96854898604e-07, 3.72867674514e-08, 2.98515452357e-08, 9.94060087578e-08, 1.10884403881e-08, 2.96176274617e-08, 4.92055818313e-08, 4.27582627083e-08, 4.64440974568e-09, 4.65740246369e-09, 1.64924218726e-09, 5.36973965293e-10, 6.00994420896e-10, 5.8219934429e-10, 4.64995902894e-10, 5.05738617651e-10, 2.17256934665e-10, 2.24936028137e-10, 3.77716746769e-10, 3.46398937312e-10, 1.12460707413e-09, 1.2079376388e-10, 9.33757932087e-11, 1.15205532614e-10, 2.92577038985e-11, 2.05832694639e-11, 2.60863153995e-11, 2.52139524537e-11, 1.41027502176e-11], "dvar": [1.51160020323e-05, 1.79458475031e-05, 2.08577807825e-06, 2.14777500673e-07, 5.53901635669e-08, 5.67579832023e-08, 8.86344793116e-08, 4.66738185878e-08, 1.08172002911e-07, 6.28105212286e-08, 4.77110688735e-08, 1.13975680449e-07, 2.19386500078e-08, 1.22171259775e-08, 2.09250607952e-08, 6.27194340908e-09, 1.75240781886e-08, 2.62086139458e-08, 3.06478824541e-08, 3.16192272365e-09, 2.80590994883e-09, 1.07260567095e-09, 3.04411051921e-10, 2.99046315488e-10, 2.73481431945e-10, 3.03339964258e-10, 2.73160022379e-10, 1.412212014e-10, 1.25446084076e-10, 3.21608073506e-10, 3.05001524037e-10, 3.72689601402e-10, 5.48154993618e-11, 3.81193410171e-11, 3.12627493337e-11, 9.42647782748e-12, 5.50290498932e-12, 8.38240327844e-12, 7.95891824668e-12, 6.67625416756e-12], "mean": [0.00158451637253, 0.00192071241327, 0.000639552017674, 0.000226260453928, 0.000150165651576, 0.000148533188622, 0.000175119901542, 0.000134121117298, 0.000184332486242, 0.00013959754142, 0.000122774406918, 0.000138155941386, 7.67658275436e-05, 6.81626843289e-05, 8.3245235146e-05, 5.08721059305e-05, 7.4634939665e-05, 7.06249920768e-05, 7.0267044066e-05, 3.08470735035e-05, 2.49962067755e-05, 1.97124427359e-05, 1.40209849633e-05, 1.35160216814e-05, 1.27624607558e-05, 1.08799513328e-05, 1.35713216878e-05, 7.80342998041e-06, 8.66482514539e-06, 8.68771894602e-06, 7.30912552172e-06, 1.11213357741e-05, 4.41635802417e-06, 3.61000024895e-06, 3.90982540921e-06, 2.11432598007e-06, 1.68804388068e-06, 1.66049244399e-06, 1.36637584092e-06, 8.1660749629e-07]}, "spectral_entropy": {"min": 4.76117229462, "max": 9.80888748169, "dvar2": 0.0816781595349, "median": 7.80049180984, "dmean2": 0.249964177608, "dmean": 0.16707020998, "var": 0.206924811006, "dvar": 0.0418450497091, "mean": 7.72507286072}, "spectral_rolloff": {"min": 21.533203125, "max": 19013.8183594, "dvar2": 2859074.25, "median": 1830.32226562, "dmean2": 1253.93286133, "dmean": 758.151855469, "var": 4900516, "dvar": 1234252.375, "mean": 2332.28320312}, "barkbands": {"min": [5.79031743737e-25, 1.46327008378e-23, 6.16098670927e-24, 2.7618580383e-24, 1.75071695592e-23, 2.30896068639e-23, 1.25210369459e-23, 2.28168834494e-23, 2.83921989178e-23, 3.48709431385e-23, 6.63583987456e-23, 3.71053821862e-23, 4.25930993842e-23, 6.54785159137e-23, 6.38032782736e-23, 8.67142097201e-23, 7.34158323936e-23, 1.43869245963e-22, 1.98413689036e-22, 2.69990610929e-22, 3.64375735646e-22, 3.53777509291e-22, 5.47086776021e-22, 6.54670035931e-22, 1.0177324507e-21, 1.38047568603e-21, 2.23434953408e-21], "max": [0.00620000669733, 0.145802587271, 0.127282008529, 0.0352451056242, 0.029205493629, 0.0313346832991, 0.0399332605302, 0.0428494475782, 0.0963158905506, 0.0521032288671, 0.0823817700148, 0.0882950276136, 0.0545850731432, 0.0655521005392, 0.0675175562501, 0.0368405580521, 0.0243772938848, 0.0115818437189, 0.0160833094269, 0.0181467495859, 0.0360523425043, 0.0145193943754, 0.010284518823, 0.0075924647972, 0.013900892809, 0.00199017766863, 0.00030831847107], "dvar2": [4.44646843789e-07, 0.000565322174225, 0.00023572750797, 1.79351682164e-05, 7.94276274974e-06, 2.98848362945e-06, 5.08139328304e-06, 3.4994698126e-06, 8.15775456431e-06, 5.78205799684e-06, 9.17172201298e-06, 3.0754385989e-06, 1.91065782928e-06, 7.69344478613e-06, 1.00047382148e-05, 1.56764508574e-06, 7.98247924649e-07, 2.65119950882e-07, 3.73039029e-07, 3.43829213989e-07, 1.17958666124e-06, 7.57124723805e-07, 1.72225412598e-07, 8.19126384499e-08, 1.1067460548e-07, 2.14198392356e-09, 2.91518614803e-11], "median": [2.6902926038e-06, 0.000235063664149, 0.000210338155739, 0.000137265829835, 0.000258788932115, 0.000235251703998, 0.000260285276454, 0.000215260370169, 0.000284730980638, 0.000210524856811, 0.00015292588796, 0.000226900359849, 0.000154893379658, 0.000269050651696, 0.000244760420173, 0.000164584082086, 0.000113669950224, 0.000122276454931, 0.000141331285704, 0.000136492075399, 0.000116087110655, 6.64128456265e-05, 3.87293221138e-05, 1.20135955513e-05, 1.23910922412e-05, 1.76455660039e-06, 2.16318440494e-07], "dmean2": [0.000246207404416, 0.00971359480172, 0.0060507808812, 0.00142801506445, 0.00121967936866, 0.000778956629802, 0.000948247790802, 0.000776856904849, 0.00112061877735, 0.000892556621693, 0.000882008520421, 0.000730553176254, 0.000591525807977, 0.000976062146947, 0.000965892046224, 0.000458289810922, 0.000380002544262, 0.000284078880213, 0.000296577083645, 0.00032299265149, 0.000316877732985, 0.000308110407786, 0.000130975982756, 8.00116249593e-05, 5.4561842262e-05, 1.26919185277e-05, 1.7695186898e-06], "dmean": [0.00019194012566, 0.00565288588405, 0.00378183973953, 0.000820911431219, 0.000747413374484, 0.000484835763928, 0.000587774033193, 0.000480129820062, 0.000705246580765, 0.000554679369088, 0.000541394227184, 0.000451823725598, 0.000370567082427, 0.000586309353821, 0.000579187937547, 0.000282889348455, 0.000227866301429, 0.000176972142071, 0.000188923731912, 0.000197243323782, 0.000196307330043, 0.000194543754333, 8.69107607286e-05, 5.38695130672e-05, 3.7314974179e-05, 8.831402738e-06, 1.28964097712e-06], "var": [4.20884163077e-07, 0.000233796585235, 0.000119368974993, 5.02037164551e-06, 4.24848576586e-06, 2.47189473157e-06, 3.76864522877e-06, 2.69125098384e-06, 6.85825762048e-06, 4.7054713832e-06, 5.39090979146e-06, 4.49755816589e-06, 2.14182045966e-06, 5.06296828462e-06, 5.25282757735e-06, 9.3409477131e-07, 4.15695495803e-07, 2.31359820191e-07, 2.71292378784e-07, 2.42761501568e-07, 5.03297655996e-07, 1.06779305042e-06, 2.53163591424e-07, 1.51145030713e-07, 1.28163151203e-07, 8.74585470712e-09, 1.48273129885e-10], "dvar": [2.71746472436e-07, 0.000210139798583, 0.000110670967842, 6.40121334072e-06, 3.21044740303e-06, 1.21020116239e-06, 1.98603538593e-06, 1.43127886076e-06, 3.52492065758e-06, 2.40802501139e-06, 3.61337106369e-06, 1.3808953554e-06, 9.18647970138e-07, 2.79847608908e-06, 3.52579854734e-06, 5.82014251904e-07, 2.7232513844e-07, 1.10107194473e-07, 1.55258391032e-07, 1.36568388598e-07, 4.18892312837e-07, 3.07118199316e-07, 7.33597502744e-08, 3.72372674917e-08, 5.19821945488e-08, 9.18826681406e-10, 1.3078280646e-11], "mean": [0.000202514565899, 0.00581050477922, 0.00353057775646, 0.000855782069266, 0.000987449660897, 0.000733493594453, 0.000850310956594, 0.000683923659381, 0.00109483243432, 0.000837844447233, 0.000718692608643, 0.000738295144401, 0.00054350780556, 0.00087622605497, 0.000831636600196, 0.000422751181759, 0.00031241713441, 0.000284916110104, 0.000297983235214, 0.000312526855851, 0.000348939123796, 0.00038663711166, 0.000199120986508, 0.000135959169711, 8.47691990202e-05, 2.44871698669e-05, 3.04163995679e-06]}, "melbands_flatness_db": {"min": 0.00468826247379, "max": 0.736328005791, "dvar2": 0.00377116841264, "median": 0.15525662899, "dmean2": 0.059272620827, "dmean": 0.0379996411502, "var": 0.00680650444701, "dvar": 0.00182614999358, "mean": 0.169741749763}, "melbands_skewness": {"min": -3.1267592907, "max": 23.1521034241, "dvar2": 5.47580432892, "median": 1.74366390705, "dmean2": 1.70770049095, "dmean": 1.07499957085, "var": 5.47702169418, "dvar": 2.36080288887, "mean": 2.36320137978}, "barkbands_skewness": {"min": -5.38923406601, "max": 23.7983055115, "dvar2": 3.45699763298, "median": 0.834041595459, "dmean2": 1.29211640358, "dmean": 0.812246978283, "var": 3.34197759628, "dvar": 1.48944699764, "mean": 1.16080927849}, "silence_rate_60dB": {"min": 0, "max": 1, "dvar2": 0.126086249948, "median": 0, "dmean2": 0.131774708629, "dmean": 0.0658846646547, "var": 0.16299700737, "dvar": 0.061562333256, "mean": 0.205084189773}, "spectral_energyband_low": {"min": 3.42098114356e-23, "max": 0.182937949896, "dvar2": 0.000738480943255, "median": 0.00116820726544, "dmean2": 0.0146218715236, "dmean": 0.00902822986245, "var": 0.000416992756072, "dvar": 0.000323019834468, "mean": 0.0100755449384}, "spectral_energyband_middle_low": {"min": 2.56884740907e-22, "max": 0.106688037515, "dvar2": 7.86917808e-05, "median": 0.00318351667374, "dmean2": 0.00462207430974, "dmean": 0.0029137514066, "var": 5.30019860889e-05, "dvar": 3.11326621159e-05, "mean": 0.00548372324556}, "melbands_kurtosis": {"min": -1.88173270226, "max": 866.602294922, "dvar2": 3670.92260742, "median": 3.62084245682, "dmean2": 20.1755809784, "dmean": 12.1412363052, "var": 2035.23901367, "dvar": 1459.04650879, "mean": 14.5317611694}, "spectral_decrease": {"min": -6.38004351572e-08, "max": 3.66268508578e-11, "dvar2": 5.20322314069e-17, "median": -2.54293519575e-09, "dmean2": 4.61062388268e-09, "dmean": 3.0773985582e-09, "var": 4.74571053651e-17, "dvar": 2.50686464862e-17, "mean": -5.34526067852e-09}, "erbbands_kurtosis": {"min": -1.87693548203, "max": 58.9287948608, "dvar2": 6.02367258072, "median": -0.0675275325775, "dmean2": 1.62233924866, "dmean": 0.991183280945, "var": 4.52455377579, "dvar": 2.40625119209, "mean": 0.439777255058}, "melbands_crest": {"min": 1.90793371201, "max": 38.8262825012, "dvar2": 32.7912254333, "median": 12.7099227905, "dmean2": 6.58095216751, "dmean": 4.21011543274, "var": 49.3885688782, "dvar": 15.7658596039, "mean": 14.30905056}, "gfcc": {"cov": [[12371.7021484, -528.870422363, -848.200500488, 319.367950439, -598.033569336, 292.606170654, -124.323944092, 159.190444946, 12.1621351242, 113.025688171, -117.684066772, -44.0297203064, -98.6779022217], [-528.870422363, 2016.93615723, 209.742431641, 232.152938843, 382.392944336, -185.570068359, 184.477172852, -157.962158203, 180.837188721, -66.2398834229, 127.615898132, -69.9476699829, 45.5306472778], [-848.200500488, 209.742431641, 1152.55908203, 448.321533203, 334.174316406, 124.518821716, 41.1283416748, 4.93560171127, -28.1044158936, 2.75863146782, -52.8147773743, 14.9054775238, -58.3971710205], [319.367950439, 232.152938843, 448.321533203, 779.745727539, 237.233154297, 98.1040344238, 48.3686561584, -53.1841316223, 52.18800354, -17.3869972229, -0.626189947128, -6.35436630249, -12.5814990997], [-598.033569336, 382.392944336, 334.174316406, 237.233154297, 636.381286621, 65.3712539673, 137.644302368, -22.8940792084, 33.3226470947, 14.4437103271, -6.5185751915, -1.70421147346, -39.9569702148], [292.606170654, -185.570068359, 124.518821716, 98.1040344238, 65.3712539673, 249.908370972, 84.7559890747, 87.0505981445, 24.8510818481, 15.6991176605, 10.0887212753, 0.10634560883, 16.754907608], [-124.323944092, 184.477172852, 41.1283416748, 48.3686561584, 137.644302368, 84.7559890747, 212.833572388, 65.566116333, 75.632232666, 5.95616912842, 22.5345878601, 9.94233989716, 21.0484294891], [159.190444946, -157.962158203, 4.93560171127, -53.1841316223, -22.8940792084, 87.0505981445, 65.566116333, 152.139160156, 57.3378791809, 34.3947601318, 20.9714546204, 14.3602619171, 21.9792499542], [12.1621351242, 180.837188721, -28.1044158936, 52.18800354, 33.3226470947, 24.8510818481, 75.632232666, 57.3378791809, 152.04006958, 47.1190185547, 56.1452255249, 13.3506774902, 44.5143966675], [113.025688171, -66.2398834229, 2.75863146782, -17.3869972229, 14.4437103271, 15.6991176605, 5.95616912842, 34.3947601318, 47.1190185547, 107.496322632, 45.356842041, 25.4525527954, 4.47927331924], [-117.684066772, 127.615898132, -52.8147773743, -0.626189947128, -6.5185751915, 10.0887212753, 22.5345878601, 20.9714546204, 56.1452255249, 45.356842041, 131.805160522, 38.6731987, 41.6557769775], [-44.0297203064, -69.9476699829, 14.9054775238, -6.35436630249, -1.70421147346, 0.10634560883, 9.94233989716, 14.3602619171, 13.3506774902, 25.4525527954, 38.6731987, 90.3883361816, 34.0477676392], [-98.6779022217, 45.5306472778, -58.3971710205, -12.5814990997, -39.9569702148, 16.754907608, 21.0484294891, 21.9792499542, 44.5143966675, 4.47927331924, 41.6557769775, 34.0477676392, 109.421646118]], "icov": [[0.000122354642372, -0.000132482149638, 0.000210661790334, -0.000188259713468, 0.000151943939272, -0.000307886482915, 0.000186032993952, -0.000279700034298, 0.000191579470993, -0.00034444272751, 0.000400568649638, -0.000258003914496, 0.00024322567333], [-0.000132482149638, 0.00147719646338, -0.00068598811049, 0.000371590198483, -0.00060830404982, 0.00160192220937, -0.00131342618261, 0.00191808282398, -0.00187499367166, 0.00173368072137, -0.00221847114153, 0.00207051937468, -0.00076547684148], [0.000210661790334, -0.00068598811049, 0.00188580609392, -0.00107623380609, -8.92238676897e-05, -0.00121548038442, 0.000935239775572, -0.00158547784667, 0.00147486710921, -0.00126899941824, 0.00177763239481, -0.0016396199353, 0.000935617426876], [-0.000188259713468, 0.000371590198483, -0.00107623380609, 0.00240374263376, -0.000522910209838, -0.000311953452183, -0.00018118157459, 0.00220704777166, -0.00211856188253, 0.0014781865757, -0.000993064139038, 0.000590913754422, -0.000178502989002], [0.000151943939272, -0.00060830404982, -8.92238676897e-05, -0.000522910209838, 0.00276517146267, -0.000923380779568, -0.00114755018149, 0.000319323764415, 0.000616166274995, -0.00148640258703, 0.00116789131425, -0.000931364425924, 0.00124551611952], [-0.000307886482915, 0.00160192220937, -0.00121548038442, -0.000311953452183, -0.000923380779568, 0.00832366943359, -0.00319206994027, -0.00152768928092, 8.83889297256e-05, 0.00133864663076, -0.00301755778491, 0.00363745680079, -0.00239344965667], [0.000186032993952, -0.00131342618261, 0.000935239775572, -0.00018118157459, -0.00114755018149, -0.00319206994027, 0.00937494728714, -0.00372084369883, -0.00170445127878, 0.000763168907724, 0.00193945260253, -0.00271035544574, 0.00097352109151], [-0.000279700034298, 0.00191808282398, -0.00158547784667, 0.00220704777166, 0.000319323764415, -0.00152768928092, -0.00372084369883, 0.0145809361711, -0.00615386292338, 0.000849070958793, -0.00224099028856, 0.00177057215478, -0.000734383123927], [0.000191579470993, -0.00187499367166, 0.00147486710921, -0.00211856188253, 0.000616166274995, 8.83889297256e-05, -0.00170445127878, -0.00615386292338, 0.0155641147867, -0.0066474834457, 0.000476568384329, -9.69935354078e-05, -0.00293891085312], [-0.00034444272751, 0.00173368072137, -0.00126899941824, 0.0014781865757, -0.00148640258703, 0.00133864663076, 0.000763168907724, 0.000849070958793, -0.0066474834457, 0.0162317790091, -0.00616089534014, -0.000436248054029, 0.00191655999515], [0.000400568649638, -0.00221847114153, 0.00177763239481, -0.000993064139038, 0.00116789131425, -0.00301755778491, 0.00193945260253, -0.00224099028856, 0.000476568384329, -0.00616089534014, 0.0150713929906, -0.00625614402816, -0.000648074143101], [-0.000258003914496, 0.00207051937468, -0.0016396199353, 0.000590913754422, -0.000931364425924, 0.00363745680079, -0.00271035544574, 0.00177057215478, -9.69935354078e-05, -0.000436248054029, -0.00625614402816, 0.0178227573633, -0.00573946489021], [0.00024322567333, -0.00076547684148, 0.000935617426876, -0.000178502989002, 0.00124551611952, -0.00239344965667, 0.00097352109151, -0.000734383123927, -0.00293891085312, 0.00191655999515, -0.000648074143101, -0.00573946489021, 0.0140869338065]], "mean": [-38.3005142212, 72.8738098145, -138.895355225, 31.4972000122, -58.2664642334, 14.0953989029, -29.3985176086, 3.82695770264, -19.0141468048, 4.88341808319, -17.8207931519, -4.2217297554, -11.6793251038]}, "melbands_spread": {"min": 0.149940803647, "max": 302.132476807, "dvar2": 565.24609375, "median": 28.3433895111, "dmean2": 20.6782112122, "dmean": 12.7994279861, "var": 888.377380371, "dvar": 253.64755249, "mean": 35.3565406799}, "spectral_energy": {"min": 1.03312984427e-20, "max": 0.248708099127, "dvar2": 0.000753984728362, "median": 0.0110992519185, "dmean2": 0.0178994070739, "dmean": 0.0120731852949, "var": 0.000748061051127, "dvar": 0.000368404609617, "mean": 0.0221093334258}, "mfcc": {"cov": [[12078.8837891, -709.566101074, -502.197937012, -100.101249695, -467.609954834, 25.2214202881, -205.810333252, 5.22385978699, 48.3757858276, 69.6817016602, 72.5789718628, 67.6568374634, -93.706489563], [-709.566101074, 1673.4753418, -24.674697876, 274.546051025, 147.17350769, 65.2444992065, 30.8584976196, -11.8592615128, -9.85043144226, 40.95104599, 37.9893112183, 11.1349153519, 47.1627388], [-502.197937012, -24.674697876, 875.831176758, 291.406616211, 198.302810669, 129.393157959, 56.4192123413, 63.1936264038, 28.8900794983, 2.09587574005, -0.409327536821, 11.6076793671, -5.90920352936], [-100.101249695, 274.546051025, 291.406616211, 674.762634277, 296.138916016, 243.013793945, 40.3342323303, 53.4769859314, 7.3636879921, 19.132396698, 8.46679019928, 17.1188087463, 4.54151391983], [-467.609954834, 147.17350769, 198.302810669, 296.138916016, 394.709564209, 189.774765015, 110.542251587, 50.7817993164, 25.6547641754, 39.2849311829, 14.4100637436, 2.18600940704, 2.48292064667], [25.2214202881, 65.2444992065, 129.393157959, 243.013793945, 189.774765015, 244.920303345, 98.6023025513, 68.8394012451, 40.6402359009, 42.671497345, 16.4975662231, 12.486041069, -3.12474036217], [-205.810333252, 30.8584976196, 56.4192123413, 40.3342323303, 110.542251587, 98.6023025513, 172.893386841, 84.2510452271, 48.100692749, 33.0831298828, 23.2874565125, 10.8802471161, 4.97202777863], [5.22385978699, -11.8592615128, 63.1936264038, 53.4769859314, 50.7817993164, 68.8394012451, 84.2510452271, 144.571411133, 78.0333557129, 31.0397148132, 20.6192436218, 28.1233272552, 2.05079770088], [48.3757858276, -9.85043144226, 28.8900794983, 7.3636879921, 25.6547641754, 40.6402359009, 48.100692749, 78.0333557129, 141.624023438, 47.1727256775, 16.5567855835, 33.9410438538, 5.17303133011], [69.6817016602, 40.95104599, 2.09587574005, 19.132396698, 39.2849311829, 42.671497345, 33.0831298828, 31.0397148132, 47.1727256775, 118.197181702, 40.4018974304, 5.31739616394, 19.7613449097], [72.5789718628, 37.9893112183, -0.409327536821, 8.46679019928, 14.4100637436, 16.4975662231, 23.2874565125, 20.6192436218, 16.5567855835, 40.4018974304, 106.878417969, 40.5511207581, 14.4133901596], [67.6568374634, 11.1349153519, 11.6076793671, 17.1188087463, 2.18600940704, 12.486041069, 10.8802471161, 28.1233272552, 33.9410438538, 5.31739616394, 40.5511207581, 106.032012939, 33.8691635132], [-93.706489563, 47.1627388, -5.90920352936, 4.54151391983, 2.48292064667, -3.12474036217, 4.97202777863, 2.05079770088, 5.17303133011, 19.7613449097, 14.4133901596, 33.8691635132, 91.2007369995]], "icov": [[9.75536822807e-05, 3.88224871131e-05, 5.30888755748e-05, -4.09189669881e-05, 0.000154035602463, -0.000145032987348, 0.000123949634144, -2.347694317e-05, -6.07531637797e-06, -9.00615559658e-05, -5.21488072991e-05, -7.16226786608e-05, 0.000124942074763], [3.88224871131e-05, 0.000695817405358, 0.000146698745084, -0.00039226282388, -4.73398977192e-05, 0.000201032380573, -0.000157928836416, 0.000213966326555, -1.33524408739e-05, -0.00016308791237, -0.000196818218683, 4.71309576824e-05, -0.000229228564422], [5.30888755748e-05, 0.000146698745084, 0.00144434615504, -0.000529923127033, -0.000310240022372, 2.95824193017e-05, 1.98812158487e-05, -0.000311481911922, -0.000114678929094, 0.000175577486516, 7.44007684261e-06, -4.45573423349e-05, 9.78697717073e-05], [-4.09189669881e-05, -0.00039226282388, -0.000529923127033, 0.00335757574067, -0.00145916978363, -0.0025430736132, 0.00196020770818, -0.000857872713823, 0.000614958174992, 0.000487935933052, 6.72716341796e-05, -0.000230812845984, -0.000241226691287], [0.000154035602463, -4.73398977192e-05, -0.000310240022372, -0.00145916978363, 0.00544046144933, -0.00192926218733, -0.00213076081127, 0.00102703436278, -3.8472491724e-05, -0.000639410049189, -5.34772334504e-06, 0.00022944509692, 0.000170527739101], [-0.000145032987348, 0.000201032380573, 2.95824193017e-05, -0.0025430736132, -0.00192926218733, 0.00992695987225, -0.00344788329676, -0.000606145418715, -0.000253058649832, -0.00160243629944, 0.000523179245647, -0.000469418475404, 0.000923032872379], [0.000123949634144, -0.000157928836416, 1.98812158487e-05, 0.00196020770818, -0.00213076081127, -0.00344788329676, 0.0113496575505, -0.00501683261245, -3.60020385415e-06, 0.000240883528022, -0.00121121073607, 0.000893342541531, -0.000645694264676], [-2.347694317e-05, 0.000213966326555, -0.000311481911922, -0.000857872713823, 0.00102703436278, -0.000606145418715, -0.00501683261245, 0.0133280446753, -0.00522297248244, 2.03294457606e-05, -0.000342683750205, -0.00119559187442, 0.000602853251621], [-6.07531637797e-06, -1.33524408739e-05, -0.000114678929094, 0.000614958174992, -3.8472491724e-05, -0.000253058649832, -3.60020385415e-06, -0.00522297248244, 0.011904665269, -0.00403428962454, 0.00180021848064, -0.00335600576364, 0.00123334000818], [-9.00615559658e-05, -0.00016308791237, 0.000175577486516, 0.000487935933052, -0.000639410049189, -0.00160243629944, 0.000240883528022, 2.03294457606e-05, -0.00403428962454, 0.0128413857892, -0.00482964096591, 0.00367354508489, -0.00322680547833], [-5.21488072991e-05, -0.000196818218683, 7.44007684261e-06, 6.72716341796e-05, -5.34772334504e-06, 0.000523179245647, -0.00121121073607, -0.000342683750205, 0.00180021848064, -0.00482964096591, 0.0132079264149, -0.00552326766774, 0.00104530237149], [-7.16226786608e-05, 4.71309576824e-05, -4.45573423349e-05, -0.000230812845984, 0.00022944509692, -0.000469418475404, 0.000893342541531, -0.00119559187442, -0.00335600576364, 0.00367354508489, -0.00552326766774, 0.0144656123593, -0.00523831695318], [0.000124942074763, -0.000229228564422, 9.78697717073e-05, -0.000241226691287, 0.000170527739101, 0.000923032872379, -0.000645694264676, 0.000602853251621, 0.00123334000818, -0.00322680547833, 0.00104530237149, -0.00523831695318, 0.0136880986392]], "mean": [-672.513793945, 101.345504761, -18.8495349884, 18.1215381622, -6.16737747192, 10.698846817, -1.12696218491, 0.573548018932, 2.39183616638, 5.154753685, 1.34323787689, -2.43774080276, -0.732176959515]}, "spectral_contrast_valleys": {"min": [-28.1981124878, -27.7418022156, -27.5624809265, -27.594587326, -27.2535400391, -27.3459510803], "max": [-5.24484395981, -4.76122379303, -4.90999174118, -4.98805046082, -5.33314990997, -7.07359361649], "dvar2": [0.492596745491, 0.378082931042, 0.40772792697, 0.52314478159, 0.562853991985, 0.406976103783], "median": [-8.06332874298, -6.98363780975, -7.34723091125, -7.51760196686, -7.42932891846, -10.4530353546], "dmean2": [0.798059821129, 0.655523955822, 0.624919712543, 0.621274411678, 0.582785129547, 0.481493264437], "dmean": [0.523740947247, 0.422630786896, 0.404225498438, 0.426513940096, 0.424408972263, 0.363578081131], "var": [1.84312725067, 1.58806478977, 1.56297004223, 1.60955238342, 1.67806982994, 1.88102984428], "dvar": [0.272687673569, 0.196651399136, 0.212796032429, 0.27640375495, 0.311415672302, 0.243244364858], "mean": [-8.23069763184, -7.23117160797, -7.58249950409, -7.6924905777, -7.67955589294, -10.5669336319]}, "barkbands_flatness_db": {"min": 0.0243109185249, "max": 0.604866981506, "dvar2": 0.0022855787538, "median": 0.110511183739, "dmean2": 0.0452639684081, "dmean": 0.0283586326987, "var": 0.00340831372887, "dvar": 0.0010320978472, "mean": 0.123868919909}, "dynamic_complexity": 4.89487409592, "erbbands_flatness_db": {"min": 0.0277202501893, "max": 0.413168311119, "dvar2": 0.000682612066157, "median": 0.1580286026, "dmean2": 0.0268931314349, "dmean": 0.0179226286709, "var": 0.00221364130266, "dvar": 0.00035059810034, "mean": 0.164547204971}, "hf