{"lowlevel": {"spectral_complexity": {"min": 0, "max": 58, "dvar2": 45.4367408752, "median": 9, "dmean2": 5.55950641632, "dmean": 3.98377776146, "var": 105.783103943, "dvar": 26.7171440125, "mean": 11.6874790192}, "silence_rate_20dB": {"min": 1, "max": 1, "dvar2": 0, "median": 1, "dmean2": 0, "dmean": 0, "var": 0, "dvar": 0, "mean": 1}, "average_loudness": 0.968542516232, "erbbands_spread": {"min": 2.35579037666, "max": 207.565048218, "dvar2": 755.094482422, "median": 49.1663208008, "dmean2": 26.17619133, "dmean": 17.023979187, "var": 861.380432129, "dvar": 334.957763672, "mean": 54.0777397156}, "spectral_kurtosis": {"min": -1.36390244961, "max": 45.0485496521, "dvar2": 6.10501813889, "median": 3.02056026459, "dmean2": 1.86632049084, "dmean": 1.23817253113, "var": 8.50776863098, "dvar": 2.76326489449, "mean": 3.52334976196}, "barkbands_kurtosis": {"min": -1.95806097984, "max": 1233.34716797, "dvar2": 10807.8408203, "median": 4.63753795624, "dmean2": 39.6322288513, "dmean": 26.6139564514, "var": 7279.328125, "dvar": 5042.45117188, "mean": 31.3320636749}, "spectral_strongpeak": {"min": 0, "max": 7.69112491608, "dvar2": 0.574099898338, "median": 0.274473905563, "dmean2": 0.523880124092, "dmean": 0.317228555679, "var": 0.348416775465, "dvar": 0.225922003388, "mean": 0.511302947998}, "spectral_spread": {"min": 1132506.625, "max": 42872508, "dvar2": 3154372722690.0, "median": 5960649, "dmean2": 1428613, "dmean": 1005352.375, "var": 9006226604030.0, "dvar": 1663180472320.0, "mean": 6504034}, "spectral_rms": {"min": 3.13110670204e-12, "max": 0.016058743, "dvar2": 4.36901154899e-06, "median": 0.00378708075732, "dmean2": 0.00197845650837, "dmean": 0.00132253952324, "var": 1.17642239275e-05, "dvar": 2.43638396569e-06, "mean": 0.00467811571434}, "erbbands": {"min": [1.55477529821e-22, 9.25294108478e-22, 2.54229013533e-21, 8.48356920911e-21, 1.01293993264e-20, 2.77138689365e-20, 7.7102170518e-20, 1.93032483333e-19, 1.98076940901e-19, 3.22142930469e-19, 4.21308728572e-19, 5.61814402902e-19, 4.92450035263e-19, 6.27699131897e-19, 1.18095593777e-18, 2.31693827244e-18, 2.89935779609e-18, 2.08880620219e-18, 3.07670407866e-18, 3.65834398459e-18, 3.87103569472e-18, 4.551611365e-18, 6.53771337477e-18, 5.95105661842e-18, 8.01636613493e-18, 7.49247212115e-18, 1.05149966969e-17, 1.25679655058e-17, 1.13350561115e-17, 1.1670826093e-17, 1.30310807697e-17, 1.05658865025e-17, 1.11901655011e-17, 9.74658561247e-18, 6.4022695805e-18, 4.4561294933e-18, 2.48905946186e-18, 1.00930262238e-18, 2.45515787805e-19, 2.88436102451e-20], "max": [4.64332008362, 62.0254592896, 160.674728394, 290.522247314, 547.541809082, 542.695983887, 411.416595459, 281.832458496, 432.824493408, 668.861755371, 701.905822754, 649.440246582, 612.116333008, 626.671081543, 669.978820801, 636.842895508, 448.063781738, 620.501586914, 401.980102539, 557.977905273, 545.151916504, 1304.08081055, 1210.90930176, 1192.42822266, 369.635223389, 271.796203613, 239.615112305, 291.731048584, 408.781677246, 237.879348755, 297.205291748, 229.585235596, 85.4144363403, 86.0130767822, 30.8667297363, 24.7241191864, 7.95030879974, 2.41245245934, 0.22548006475, 0.00523621076718], "dvar2": [0.360369682312, 91.8741607666, 360.158203125, 2695.16235352, 5697.64648438, 8008.32958984, 6962.34960938, 713.274658203, 1235.88928223, 1330.70324707, 1706.62719727, 892.124206543, 1396.97375488, 2218.09545898, 1331.98962402, 876.80255127, 704.559020996, 818.382568359, 789.097900391, 671.500671387, 1015.0111084, 3892.99707031, 2881.41137695, 2392.37109375, 446.640594482, 531.5078125, 910.36151123, 338.119445801, 223.210678101, 123.275405884, 187.92741394, 90.5074996948, 15.5644931793, 10.0637712479, 3.49510121346, 1.24646949768, 0.578435361385, 0.0777412131429, 0.000679260061588, 4.06414557119e-07], "median": [0.0990731418133, 0.764016866684, 1.11981070042, 1.495880723, 1.34044122696, 0.920747518539, 1.48375964165, 2.03960442543, 2.99823260307, 2.53217506409, 2.57139015198, 1.88389480114, 2.16890931129, 2.11429166794, 1.88737773895, 1.80950522423, 1.84586286545, 2.02216434479, 2.55009675026, 2.4417321682, 2.30023121834, 2.57627058029, 2.99206209183, 3.00546765327, 3.42436957359, 3.37949728966, 2.3425257206, 1.90396261215, 1.66666603088, 1.19320440292, 0.944549441338, 0.684558928013, 0.453304648399, 0.386084079742, 0.216318696737, 0.099522292614, 0.0307455267757, 0.00770305935293, 0.00083311740309, 6.40263751848e-05], "dmean2": [0.326723307371, 4.90018558502, 8.97750091553, 18.6323776245, 23.7635746002, 28.1234149933, 28.480260849, 12.9842128754, 14.8212575912, 13.6816291809, 16.0598735809, 11.3602457047, 12.995464325, 15.5673475266, 12.4204435349, 10.4211015701, 10.7466068268, 10.3373365402, 12.9540596008, 11.7084369659, 11.5884017944, 14.9821958542, 16.016664505, 13.2562952042, 9.92336177826, 10.7820415497, 11.2775688171, 7.64020824432, 5.37962293625, 4.52653884888, 4.31667423248, 3.23390197754, 1.76367139816, 1.25683629513, 0.897075533867, 0.496885448694, 0.30959290266, 0.0927688404918, 0.00878723151982, 0.000241936970269], "dmean": [0.216644957662, 3.16922307014, 6.52718400955, 11.673625946, 13.7554759979, 15.2945518494, 15.3083667755, 7.84656524658, 9.37346172333, 8.53641796112, 10.3381986618, 7.46950244904, 8.41033172607, 10.0958585739, 7.84821081161, 6.55804729462, 6.59083271027, 6.5525841713, 8.04264354706, 7.39238739014, 7.18273544312, 9.00666713715, 9.93904304504, 8.25859260559, 6.55713653564, 6.85784482956, 7.05740737915, 4.74861526489, 3.54951548576, 3.07746148109, 2.96202516556, 2.24846386909, 1.22319257259, 0.878310263157, 0.621091663837, 0.340186089277, 0.202730342746, 0.0589337572455, 0.00551936170086, 0.000156074660481], "var": [0.252715170383, 87.2354354858, 515.089050293, 1004.17730713, 1431.74475098, 1659.79553223, 1380.27990723, 287.121124268, 561.830322266, 486.912078857, 799.862609863, 647.980651855, 784.61932373, 1346.86779785, 778.841064453, 480.453887939, 347.78024292, 349.117462158, 433.383209229, 365.400299072, 365.152526855, 1006.85101318, 869.572631836, 660.712036133, 272.978363037, 268.061096191, 358.627502441, 136.661254883, 99.7627868652, 73.9320755005, 119.780204773, 80.538192749, 18.5465316772, 11.4072637558, 2.82964468002, 0.854881167412, 0.262380927801, 0.0270997490734, 0.000224488350796, 1.51516232449e-07], "dvar": [0.155587762594, 54.7220077515, 239.428756714, 1091.98059082, 2110.84228516, 2813.0078125, 2418.94702148, 275.758300781, 505.311431885, 516.369995117, 688.78112793, 406.19732666, 610.473510742, 934.74810791, 543.426086426, 368.696533203, 272.015777588, 313.22644043, 323.797973633, 273.010681152, 384.635070801, 1413.05114746, 1077.45874023, 863.571472168, 188.271270752, 211.737548828, 364.89730835, 132.350997925, 93.6212844849, 57.5676307678, 87.6854400635, 43.5855827332, 8.10140895844, 5.1584353447, 1.65399765968, 0.569552779198, 0.247941672802, 0.031519588083, 0.000270218704827, 1.66968519011e-07], "mean": [0.290292650461, 3.7488090992, 8.72597503662, 10.6173686981, 10.5819215775, 10.2484130859, 10.4344148636, 8.60838413239, 11.3056001663, 9.68739795685, 12.1713962555, 9.41915607452, 10.5213432312, 12.7614202499, 9.68558883667, 8.48288726807, 8.48191356659, 8.76484203339, 10.5511512756, 9.76427936554, 8.92212772369, 10.1142091751, 11.4288311005, 10.3489990234, 9.69790554047, 9.45862102509, 8.32727622986, 5.91178941727, 4.76519966125, 4.07686519623, 3.85595965385, 2.98975300789, 1.71767389774, 1.29425990582, 0.822364926338, 0.411017686129, 0.199946001172, 0.0528244376183, 0.00491695199162, 0.000177878464456]}, "zerocrossingrate": {"min": 0.00244140625, "max": 0.521484375, "dvar2": 0.000793354585767, "median": 0.05712890625, "dmean2": 0.0227231737226, "dmean": 0.0203804261982, "var": 0.00368110486306, "dvar": 0.000652913935483, "mean": 0.0703563317657}, "spectral_contrast_coeffs": {"min": [-0.972303271294, -0.985392332077, -0.981949269772, -0.969897031784, -0.962873458862, -0.963087320328], "max": [-0.272926986217, -0.427647143602, -0.457822710276, -0.548955082893, -0.561327934265, -0.555703878403], "dvar2": [0.00717424741015, 0.00548302382231, 0.00329999555834, 0.00247095595114, 0.00142941495869, 0.00101289351005], "median": [-0.682728052139, -0.744942307472, -0.806773781776, -0.818081557751, -0.811240077019, -0.793019533157], "dmean2": [0.101384028792, 0.0894993618131, 0.0699983611703, 0.0585590861738, 0.0431838333607, 0.0332683511078], "dmean": [0.0631486847997, 0.0555234439671, 0.0452333390713, 0.0373193286359, 0.0274170916528, 0.021667111665], "var": [0.0117750838399, 0.00750765297562, 0.00604768889025, 0.00360225490294, 0.00222841696814, 0.00226890388876], "dvar": [0.00306671881117, 0.00219999952242, 0.00148167274892, 0.00108754169196, 0.000636495591607, 0.000466420053272], "mean": [-0.665984749794, -0.737623691559, -0.792551100254, -0.80919867754, -0.808273434639, -0.792594134808]}, "dissonance": {"min": 0, "max": 0.500000059605, "dvar2": 0.00134363165125, "median": 0.47296667099, "dmean2": 0.0330757275224, "dmean": 0.0204438604414, "var": 0.00120111834258, "dvar": 0.000553487800062, "mean": 0.462937325239}, "spectral_energyband_high": {"min": 7.14017377215e-21, "max": 0.0282374322414, "dvar2": 3.44288946508e-06, "median": 0.000337313540513, "dmean2": 0.000926090229768, "dmean": 0.00064697425114, "var": 2.41707630266e-06, "dvar": 1.57860665695e-06, "mean": 0.000901326886378}, "spectral_skewness": {"min": -0.348369419575, "max": 5.13974618912, "dvar2": 0.136587679386, "median": 1.36272513866, "dmean2": 0.352689266205, "dmean": 0.243855446577, "var": 0.272122293711, "dvar": 0.069946013391, "mean": 1.43779826164}, "spectral_flux": {"min": 6.51797713025e-11, "max": 0.462458878756, "dvar2": 0.00460818130523, "median": 0.0805828273296, "dmean2": 0.0615791492164, "dmean": 0.0389094017446, "var": 0.00785182323307, "dvar": 0.00221417378634, "mean": 0.107490643859}, "silence_rate_30dB": {"min": 0, "max": 1, "dvar2": 0.0715821832418, "median": 1, "dmean2": 0.0773419290781, "dmean": 0.038666665554, "var": 0.0958874747157, "dvar": 0.0371718369424, "mean": 0.892567515373}, "spectral_energyband_middle_high": {"min": 1.32948462589e-21, "max": 0.0413929857314, "dvar2": 1.22630654005e-05, "median": 0.000988273066469, "dmean2": 0.00181288563181, "dmean": 0.00123486551456, "var": 9.56862004386e-06, "dvar": 5.31657133251e-06, "mean": 0.00219648191705}, "barkbands_spread": {"min": 0.162473410368, "max": 135.425949097, "dvar2": 395.043518066, "median": 19.8365459442, "dmean2": 16.7349967957, "dmean": 10.8413276672, "var": 461.140014648, "dvar": 182.397994995, "mean": 25.0143413544}, "spectral_centroid": {"min": 91.2009658813, "max": 11543.3164062, "dvar2": 541478.3125, "median": 1389.11254883, "dmean2": 645.154052734, "dmean": 421.803192139, "var": 1080084.75, "dvar": 261087.140625, "mean": 1450.14685059}, "pitch_salience": {"min": 0.0365637391806, "max": 0.937407195568, "dvar2": 0.023412913084, "median": 0.485449463129, "dmean2": 0.177937209606, "dmean": 0.11864515394, "var": 0.033698592335, "dvar": 0.0104021541774, "mean": 0.469311177731}, "erbbands_skewness": {"min": -5.89583826065, "max": 11.3113584518, "dvar2": 1.3791437149, "median": 0.299472898245, "dmean2": 1.01641511917, "dmean": 0.687772870064, "var": 1.93214988708, "dvar": 0.663366317749, "mean": 0.509122490883}, "erbbands_crest": {"min": 2.27029776573, "max": 33.5304794312, "dvar2": 21.4873199463, "median": 8.09942817688, "dmean2": 5.12809276581, "dmean": 3.14643192291, "var": 20.656785965, "dvar": 8.60182952881, "mean": 9.19686794281}, "melbands": {"min": [1.93180025281e-24, 1.34713993721e-24, 1.82442109804e-24, 9.42484762587e-25, 2.76271572732e-24, 4.19748627819e-24, 3.09953428752e-24, 3.20684323367e-24, 3.17744672647e-24, 3.90818534627e-24, 2.03652804608e-24, 2.69307410053e-24, 2.36690713471e-24, 3.88262940838e-24, 3.43205020312e-24, 4.10322410534e-24, 3.14100036657e-24, 4.88350062619e-24, 3.84692635267e-24, 5.83537017114e-24, 3.90096569126e-24, 3.8369275407e-24, 4.94091747274e-24, 4.28785423919e-24, 4.36404518643e-24, 4.73592762779e-24, 6.10757175408e-24, 3.9943403956e-24, 6.72209992128e-24, 5.83450715731e-24, 6.9053373212e-24, 5.91784597321e-24, 5.77583602191e-24, 5.24746684836e-24, 6.63470123273e-24, 7.37247866117e-24, 6.49289322982e-24, 7.26330031189e-24, 6.5431464305e-24, 6.73638224797e-24], "max": [0.0520418658853, 0.0733829438686, 0.0563791953027, 0.0328968018293, 0.0160957481712, 0.00582317635417, 0.00587408896536, 0.00748233264312, 0.00653744023293, 0.00368747673929, 0.00310435192659, 0.00254073413089, 0.00309824384749, 0.00138596235774, 0.00116746954154, 0.000893235788681, 0.00123223650735, 0.000799454923254, 0.000765437318478, 0.000528068747371, 0.000718221999705, 0.00164289807435, 0.00221515074372, 0.00107652542647, 0.00117913982831, 0.000578186358325, 0.000242195485043, 0.000216451953747, 0.000191400904441, 0.000124025289551, 0.000190730803297, 0.000290952419164, 0.000162303607794, 0.00011370160064, 0.000201492104679, 0.000229578086874, 0.000106403633254, 5.69831354369e-05, 6.85256309225e-05, 6.99683150742e-05], "dvar2": [5.88869370404e-05, 7.28352752049e-05, 7.9410870967e-05, 2.61913646682e-05, 1.0915708117e-05, 3.95811639464e-07, 2.5328839115e-07, 1.53788477064e-07, 1.1275173506e-07, 3.26939399997e-08, 3.61495366974e-08, 3.82281690747e-08, 2.39238353572e-08, 7.01696922789e-09, 4.23387502835e-09, 3.49690654211e-09, 3.40458949921e-09, 2.51746290481e-09, 2.20494600356e-09, 1.13911924338e-09, 1.6752321752e-09, 5.00597741038e-09, 6.10562933545e-09, 1.68303637693e-09, 2.12858841664e-09, 6.33965324681e-10, 2.45588244185e-10, 2.34158886725e-10, 5.88110338207e-10, 1.17643381148e-10, 1.09257179692e-10, 1.06497609342e-10, 4.20633111675e-11, 4.23476496925e-11, 7.22208751136e-11, 7.32030408512e-11, 2.83788669647e-11, 8.2932220119e-12, 1.09269815418e-11, 7.05216787744e-12], "median": [0.000994899077341, 0.000861176813487, 0.000291053002002, 7.74266227381e-05, 4.92683138873e-05, 4.5712600695e-05, 4.58299145976e-05, 2.45387363975e-05, 1.87605546671e-05, 1.03245547507e-05, 9.54857750912e-06, 7.81785820436e-06, 5.48252501176e-06, 4.28462726632e-06, 3.82809321309e-06, 3.50038430952e-06, 3.17439184983e-06, 3.54098960997e-06, 3.28508008351e-06, 2.48212040788e-06, 2.35615357269e-06, 2.32970933212e-06, 2.62249386651e-06, 2.35786114899e-06, 2.194246008e-06, 2.24536529458e-06, 2.32319575844e-06, 1.92700667867e-06, 1.448844273e-06, 1.06046343262e-06, 1.01670309505e-06, 9.39939809541e-07, 7.50544302264e-07, 6.27623649052e-07, 5.37667062872e-07, 4.6219221872e-07, 3.85977557471e-07, 3.09298826551e-07, 3.06406860773e-07, 3.15496890835e-07], "dmean2": [0.00420423829928, 0.00459789438173, 0.00311667262577, 0.00168659968767, 0.00110159278847, 0.000306085858028, 0.000220482688746, 0.000148902414367, 0.000128847023007, 6.92394824e-05, 6.57362179481e-05, 6.39780482743e-05, 4.7643767175e-05, 2.99594485114e-05, 2.50833163591e-05, 2.39564142248e-05, 2.03185245482e-05, 2.18365803448e-05, 1.96332584892e-05, 1.50823898366e-05, 1.41552618516e-05, 1.58677812578e-05, 1.83273205039e-05, 1.18763946375e-05, 1.15534176075e-05, 9.37395543588e-06, 7.8917519204e-06, 6.91385048412e-06, 8.58806924953e-06, 4.61749959868e-06, 4.33600007455e-06, 3.43919191437e-06, 2.48971787187e-06, 2.74040849035e-06, 2.55581767306e-06, 2.4772884899e-06, 1.89114302884e-06, 1.2907864857e-06, 1.18405876037e-06, 1.08071674276e-06], "dmean": [0.00273891794495, 0.00353580643423, 0.00199554185383, 0.000969738757703, 0.000589133007452, 0.000184332122444, 0.000139639218105, 9.2706810392e-05, 8.29760392662e-05, 4.51948035334e-05, 4.22828998126e-05, 4.12858862546e-05, 3.02430617012e-05, 1.88517642528e-05, 1.5178448848e-05, 1.47314158312e-05, 1.27324847199e-05, 1.34005385917e-05, 1.2125477042e-05, 9.34924719331e-06, 8.65757374413e-06, 9.48717934079e-06, 1.09547308966e-05, 7.32131957193e-06, 7.05693082637e-06, 6.11954737906e-06, 4.99562884215e-06, 4.32859542343e-06, 5.22912296219e-06, 2.91554920295e-06, 2.68162170869e-06, 2.26720226237e-06, 1.63529011843e-06, 1.85070143743e-06, 1.72526176812e-06, 1.67530629369e-06, 1.29772558921e-06, 8.78427783846e-07, 7.98061876139e-07, 7.48214176838e-07], "var": [4.86353819724e-05, 0.000142491859151, 3.07927257381e-05, 6.59863235342e-06, 2.13595376408e-06, 1.50412716948e-07, 1.19282205446e-07, 5.55110837297e-08, 5.38294315788e-08, 2.37518662516e-08, 2.00020817687e-08, 2.25489014127e-08, 1.42190401675e-08, 3.73194009029e-09, 1.86121940082e-09, 1.67252089955e-09, 1.3527708953e-09, 1.22127996605e-09, 1.15933029843e-09, 5.24754628639e-10, 5.69678582085e-10, 1.31020982952e-09, 1.51974932638e-09, 4.70407546249e-10, 5.40453959363e-10, 2.7647753531e-10, 1.45761194781e-10, 1.04769484754e-10, 2.06514139123e-10, 5.1399218215e-11, 4.38717534523e-11, 4.0948407859e-11, 2.34357359907e-11, 2.38065869101e-11, 4.01006519657e-11, 5.01422306454e-11, 2.51470060053e-11, 8.13580799952e-12, 1.04491259395e-11, 7.98435536437e-12], "dvar": [3.1155803299e-05, 5.48317875655e-05, 3.23831336573e-05, 9.71584904619e-06, 3.78365734832e-06, 1.51231787981e-07, 1.04398004908e-07, 5.94708069457e-08, 4.56507720514e-08, 1.49161287766e-08, 1.5767732009e-08, 1.60266306892e-08, 9.68917124311e-09, 2.91355695126e-09, 1.62707880502e-09, 1.35253597211e-09, 1.28924948495e-09, 1.01756070237e-09, 8.83510764549e-10, 4.55300769309e-10, 6.24159057772e-10, 1.82664228188e-09, 2.20850537858e-09, 6.07575600942e-10, 7.58391127675e-10, 2.49749027015e-10, 1.00730146446e-10, 9.12850281476e-11, 2.30345922891e-10, 4.68888504412e-11, 4.31152578917e-11, 4.27063662212e-11, 1.93279402899e-11, 1.91468594452e-11, 3.25762784803e-11, 3.38194784677e-11, 1.32328176194e-11, 4.01900518074e-12, 5.13597844809e-12, 3.67484558408e-12], "mean": [0.00340089038946, 0.00494592403993, 0.00188172608614, 0.000719138595741, 0.000390993547626, 0.000199416856049, 0.000170028186403, 0.000103186415799, 9.70271721599e-05, 5.62155364605e-05, 5.13361992489e-05, 5.10678619321e-05, 3.62366517948e-05, 2.3051565222e-05, 1.8698952772e-05, 1.82813582796e-05, 1.59897572303e-05, 1.6512502043e-05, 1.5553965568e-05, 1.11254203148e-05, 1.02062303995e-05, 1.02533258541e-05, 1.14051463243e-05, 8.6584723249e-06, 8.34132788441e-06, 7.96381027612e-06, 7.0574478741e-06, 5.68207724427e-06, 5.76591901336e-06, 3.5960574678e-06, 3.26623467117e-06, 2.85737337435e-06, 2.1729913442e-06, 2.3348538889e-06, 2.20333572543e-06, 2.13253520087e-06, 1.70162775248e-06, 1.18052344078e-06, 1.11826818738e-06, 1.09602842713e-06]}, "spectral_entropy": {"min": 4.42368173599, "max": 9.81294059753, "dvar2": 0.168348625302, "median": 7.80291938782, "dmean2": 0.370666474104, "dmean": 0.262551665306, "var": 0.374075055122, "dvar": 0.0903698429465, "mean": 7.66880083084}, "spectral_rolloff": {"min": 64.599609375, "max": 19702.8808594, "dvar2": 8203846, "median": 581.396484375, "dmean2": 1633.85961914, "dmean": 996.166137695, "var": 6818052.5, "dvar": 3709451, "mean": 1676.91259766}, "barkbands": {"min": [9.93840100555e-25, 3.94777551409e-24, 4.13900841372e-24, 1.14255675005e-24, 9.81005018083e-24, 1.99470390307e-23, 1.79051167537e-23, 9.74724265328e-24, 2.39917623946e-23, 1.64757670578e-23, 1.7214396456e-23, 4.32095973371e-23, 4.42062442048e-23, 4.05082157424e-23, 4.77127877265e-23, 5.84128465578e-23, 6.00107505856e-23, 1.01509213956e-22, 1.13716748112e-22, 1.79657681666e-22, 3.06978039477e-22, 3.24617448945e-22, 4.29735373376e-22, 5.60510891465e-22, 8.47591334557e-22, 1.36687557257e-21, 2.03223816999e-21], "max": [0.00265804911032, 0.226815149188, 0.153107345104, 0.151032656431, 0.140430510044, 0.0321729145944, 0.0247764848173, 0.0243053101003, 0.0213084220886, 0.0187538992614, 0.0200828909874, 0.012495928444, 0.00992666184902, 0.0120707741007, 0.00878187641501, 0.00833745114505, 0.019853470847, 0.0206841025501, 0.0152732105926, 0.00540448399261, 0.00724308472127, 0.00962912198156, 0.00934452190995, 0.00648415740579, 0.00527761830017, 0.00503217149526, 0.00156075658742], "dvar2": [4.37592042601e-08, 0.0013313726522, 0.000497739179991, 0.000794415478595, 0.000521973881405, 2.0361992938e-05, 5.39586153536e-06, 3.49653464582e-06, 1.61620414474e-06, 1.8788300622e-06, 1.37058486871e-06, 5.20696460171e-07, 3.37227646696e-07, 3.91792923438e-07, 3.3827600987e-07, 2.73586238109e-07, 1.12384293516e-06, 9.43223199101e-07, 5.54732707769e-07, 2.13076702948e-07, 3.68230104186e-07, 1.42626674915e-07, 2.01235934583e-07, 9.42913729318e-08, 7.11852123914e-08, 1.24922010514e-07, 2.97425302165e-08], "median": [3.69550289179e-05, 0.00363793084398, 0.000836767954752, 0.000446125341114, 0.000342824088875, 0.000243849310209, 0.000178362068255, 9.39800229389e-05, 7.10516178515e-05, 6.07502443017e-05, 3.75209601771e-05, 3.65666091966e-05, 3.46935194102e-05, 3.47135683114e-05, 4.36994669144e-05, 3.70171910618e-05, 4.13086781919e-05, 5.32605663466e-05, 5.85255475016e-05, 6.64863327984e-05, 5.26535404788e-05, 4.44818724645e-05, 3.49189904227e-05, 2.97085243801e-05, 3.40744591085e-05, 1.95084685402e-05, 4.70148142995e-06], "dmean2": [0.000116031544167, 0.0191171076149, 0.00887644756585, 0.00907696317881, 0.00759353162721, 0.00198285351507, 0.00100494595245, 0.000741580734029, 0.000498437380884, 0.000485986733111, 0.000370185705833, 0.000255994469626, 0.000236636071349, 0.000227462689509, 0.000261375011178, 0.000213549981709, 0.000262281566393, 0.000284058973193, 0.000247055984801, 0.000226605698117, 0.000233383761952, 0.000140944030136, 0.000154721041326, 0.000123050689581, 0.000119342104881, 0.000145951315062, 5.70909833186e-05], "dmean": [7.83964860602e-05, 0.0122406063601, 0.00628012232482, 0.00511593325064, 0.00428953394294, 0.00115021679085, 0.000632372044493, 0.000463792734081, 0.000323658779962, 0.000312850606861, 0.000232491976931, 0.000160113020684, 0.000144719684613, 0.000140511925565, 0.000160248077009, 0.000131313994643, 0.000156240916112, 0.000175337016117, 0.000159275325132, 0.000142928111018, 0.000148441904457, 9.41987964325e-05, 0.000106986226456, 8.6260100943e-05, 8.32094956422e-05, 9.69756874838e-05, 3.52386086888e-05], "var": [6.30021119719e-08, 0.00117914669681, 0.000366909807781, 0.000188173522474, 0.000124552709167, 5.66749349673e-06, 2.51273377216e-06, 1.46940669765e-06, 1.03648403638e-06, 1.06896197849e-06, 8.12336850231e-07, 2.64412875595e-07, 1.65224150805e-07, 1.57134834922e-07, 1.86821381476e-07, 1.07958662454e-07, 2.89082322524e-07, 2.75896894664e-07, 1.99291449121e-07, 1.08697676637e-07, 1.51483263267e-07, 7.14458892048e-08, 1.27094807567e-07, 1.02944120783e-07, 7.02927565044e-08, 6.29766248039e-08, 9.14056830226e-09], "dvar": [2.06631725064e-08, 0.000766341341659, 0.000252105965046, 0.000288502953481, 0.000190666629351, 7.40773157304e-06, 2.22884705181e-06, 1.38839152442e-06, 7.02421516507e-07, 8.05753245459e-07, 5.58403655759e-07, 2.14462573922e-07, 1.31020456706e-07, 1.50345954353e-07, 1.38161951213e-07, 1.05846197584e-07, 4.03705428198e-07, 3.4979595398e-07, 2.1028215258e-07, 8.48478194371e-08, 1.47004882933e-07, 6.22979285936e-08, 9.30831092205e-08, 4.76204284894e-08, 3.52593829689e-08, 5.45285878673e-08, 1.15891483077e-08], "mean": [0.000142162796692, 0.0148509703577, 0.00675255665556, 0.00372642697766, 0.00310032931156, 0.00110990181565, 0.000744049204513, 0.000511404999997, 0.00039602900506, 0.000377341202693, 0.000273043755442, 0.000196643828531, 0.00018010927306, 0.000174723463715, 0.000208043595194, 0.000156700611115, 0.000172460859176, 0.000200948750717, 0.000204971147468, 0.000194964217371, 0.000179044276592, 0.000128104467876, 0.000139710798976, 0.000118795906019, 0.000118348325486, 0.000102029560367, 3.02287335217e-05]}, "melbands_flatness_db": {"min": 0.00316734588705, "max": 0.725943207741, "dvar2": 0.00440325960517, "median": 0.225221678615, "dmean2": 0.0737958848476, "dmean": 0.0518417693675, "var": 0.0125877000391, "dvar": 0.0025004982017, "mean": 0.245113790035}, "melbands_skewness": {"min": -4.53863573074, "max": 23.2500400543, "dvar2": 11.1304721832, "median": 3.90306472778, "dmean2": 3.10068178177, "dmean": 1.98914194107, "var": 14.1468715668, "dvar": 4.88728618622, "mean": 4.94661712646}, "barkbands_skewness": {"min": -6.99813222885, "max": 28.860376358, "dvar2": 8.6912279129, "median": 2.16696381569, "dmean2": 2.35625982285, "dmean": 1.61686205864, "var": 12.9865093231, "dvar": 4.32829284668, "mean": 3.28291106224}, "silence_rate_60dB": {"min": 0, "max": 1, "dvar2": 0.0900592878461, "median": 0, "dmean2": 0.0800088867545, "dmean": 0.0399999991059, "var": 0.115461155772, "dvar": 0.0383982695639, "mean": 0.133207425475}, "spectral_energyband_low": {"min": 1.56695496349e-23, "max": 0.262818872929, "dvar2": 0.00110417348333, "median": 0.0069056279026, "dmean2": 0.0207065865397, "dmean": 0.0142940217629, "var": 0.00214810110629, "dvar": 0.000694738002494, "mean": 0.0238949675113}, "spectral_energyband_middle_low": {"min": 1.97392473884e-22, "max": 0.221784308553, "dvar2": 0.00107100605965, "median": 0.00305498554371, "dmean2": 0.0143840834498, "dmean": 0.00910437107086, "var": 0.000501018250361, "dvar": 0.000490622769576, "mean": 0.00971841905266}, "melbands_kurtosis": {"min": -1.93018293381, "max": 1129.24890137, "dvar2": 13997.7050781, "median": 22.3840179443, "dmean2": 70.8504257202, "dmean": 44.692817688, "var": 11728.1435547, "dvar": 6154.00097656, "mean": 66.616973877}, "spectral_decrease": {"min": -6.94596025141e-08, "max": 8.81102656114e-12, "dvar2": 9.28441482338e-17, "median": -3.5750804539e-09, "dmean2": 6.62068755375e-09, "dmean": 4.32616920065e-09, "var": 1.78935498349e-16, "dvar": 5.23367397515e-17, "mean": -8.76078587453e-09}, "erbbands_kurtosis": {"min": -1.95504689217, "max": 166.848144531, "dvar2": 139.748748779, "median": -0.121821641922, "dmean2": 4.35242986679, "dmean": 2.71274614334, "var": 68.4438705444, "dvar": 56.0564651489, "mean": 1.8513559103}, "melbands_crest": {"min": 1.73688077927, "max": 33.6245346069, "dvar2": 32.496383667, "median": 18.0477275848, "dmean2": 7.187271595, "dmean": 4.58592700958, "var": 42.8842544556, "dvar": 13.1164598465, "mean": 18.0403823853}, "gfcc": {"cov": [[21884.7753906, 137.604034424, -1183.13818359, 49.8642807007, -680.596984863, 3.34301400185, -303.684051514, 310.914245605, -72.8053817749, 203.344421387, -119.66835022, 119.835639954, -91.8015441895], [137.604034424, 1282.7376709, -203.987350464, 11.8506002426, 138.098327637, -17.4181098938, 121.948875427, -28.60587883, -1.62019455433, -96.5123977661, 43.9669723511, -81.7670288086, 30.1347637177], [-1183.13818359, -203.987350464, 2430.43798828, 447.261199951, 206.522979736, 244.968688965, -33.9635505676, 73.5837554932, -97.7235183716, 5.18015480042, -116.250953674, 25.8834648132, -110.332962036], [49.8642807007, 11.8506002426, 447.261199951, 641.794311523, 237.013778687, 132.785202026, 45.9182739258, 36.8979530334, 62.088432312, 15.2413072586, -17.8978404999, 12.2193336487, 12.7866077423], [-680.596984863, 138.098327637, 206.522979736, 237.013778687, 519.690856934, 185.893676758, 121.404891968, 43.872215271, 53.0971908569, 18.8997039795, -22.9308815002, -3.57171821594, 20.4297103882], [3.34301400185, -17.4181098938, 244.968688965, 132.785202026, 185.893676758, 393.183685303, 172.671356201, 71.498664856, 41.0581474304, 67.6746139526, 21.7363967896, -3.82631468773, -2.29083514214], [-303.684051514, 121.948875427, -33.9635505676, 45.9182739258, 121.404891968, 172.671356201, 288.722320557, 93.9591217041, 48.8802490234, 40.8267288208, 38.3239707947, -3.23655366898, 7.50776386261], [310.914245605, -28.60587883, 73.5837554932, 36.8979530334, 43.872215271, 71.498664856, 93.9591217041, 181.946914673, 81.7296295166, 57.8474502563, 11.3906316757, 15.0345716476, 12.5751581192], [-72.8053817749, -1.62019455433, -97.7235183716, 62.088432312, 53.0971908569, 41.0581474304, 48.8802490234, 81.7296295166, 169.051315308, 82.7483062744, 21.8119125366, 2.58115172386, 30.490032196], [203.344421387, -96.5123977661, 5.18015480042, 15.2413072586, 18.8997039795, 67.6746139526, 40.8267288208, 57.8474502563, 82.7483062744, 176.076156616, 60.74584198, 18.3117351532, 19.973941803], [-119.66835022, 43.9669723511, -116.250953674, -17.8978404999, -22.9308815002, 21.7363967896, 38.3239707947, 11.3906316757, 21.8119125366, 60.74584198, 129.775848389, 47.3008651733, 26.9585552216], [119.835639954, -81.7670288086, 25.8834648132, 12.2193336487, -3.57171821594, -3.82631468773, -3.23655366898, 15.0345716476, 2.58115172386, 18.3117351532, 47.3008651733, 101.773017883, 43.219619751], [-91.8015441895, 30.1347637177, -110.332962036, 12.7866077423, 20.4297103882, -2.29083514214, 7.50776386261, 12.5751581192, 30.490032196, 19.973941803, 26.9585552216, 43.219619751, 103.596183777]], "icov": [[7.01671669958e-05, -8.93680480658e-05, 9.67887244769e-05, -9.77442396106e-05, 0.000136728558573, -0.000130904270918, 0.000187220910448, -0.000260793050984, 0.000231545229326, -0.000264001893811, 0.000342216313584, -0.000336119992426, 0.000225478375796], [-8.93680480658e-05, 0.00121573440265, -0.000175438661245, 0.000163768461789, -0.000520687142853, 0.000515393505339, -0.000734311994165, 0.000467851641588, -0.000438705726992, 0.00133799551986, -0.00170266523492, 0.00202796771191, -0.00106121960562], [9.67887244769e-05, -0.000175438661245, 0.00077696191147, -0.000533998361789, 0.000154261651915, -0.000559363281354, 0.000625502492767, -0.000815600797068, 0.00102903903462, -0.00074517109897, 0.00115026813, -0.00113956141286, 0.00105797685683], [-9.77442396106e-05, 0.000163768461789, -0.000533998361789, 0.00235971040092, -0.000925422005821, -1.49168909047e-05, -0.000209579215152, 0.000682873011101, -0.00142335810233, 0.000861910753883, -0.000638122088276, 0.000403404264944, -0.00062927021645], [0.000136728558573, -0.000520687142853, 0.000154261651915, -0.000925422005821, 0.00318811601028, -0.00118643825408, -0.000210981888813, -0.000200354435947, 2.54967671935e-05, -0.000688512693159, 0.00189793470781, -0.00120599253569, 7.02822799212e-05], [-0.000130904270918, 0.000515393505339, -0.000559363281354, -1.49168909047e-05, -0.00118643825408, 0.00469565810636, -0.00259657902643, 0.000505739997607, -0.000214030311326, -0.00032351189293, -0.00135757960379, 0.00163952552248, -0.000600575469434], [0.000187220910448, -0.000734311994165, 0.000625502492767, -0.000209579215152, -0.000210981888813, -0.00259657902643, 0.00670743780211, -0.00332318176515, 0.000952222966589, -0.000474313332234, -0.000279855768895, -0.000629328540526, 0.00111960619688], [-0.000260793050984, 0.000467851641588, -0.000815600797068, 0.000682873011101, -0.000200354435947, 0.000505739997607, -0.00332318176515, 0.00988017953932, -0.00465809041634, 0.000211079328437, -9.0836743766e-05, -0.000305435096379, -0.000746587815229], [0.000231545229326, -0.000438705726992, 0.00102903903462, -0.00142335810233, 2.54967671935e-05, -0.000214030311326, 0.000952222966589, -0.00465809041634, 0.0114999096841, -0.00495881354436, 0.00177223794162, 0.000135339476401, -0.000855075311847], [-0.000264001893811, 0.00133799551986, -0.00074517109897, 0.000861910753883, -0.000688512693159, -0.00032351189293, -0.000474313332234, 0.000211079328437, -0.00495881354436, 0.0113325361162, -0.00647397292778, 0.00324011291377, -0.00177835370414], [0.000342216313584, -0.00170266523492, 0.00115026813, -0.000638122088276, 0.00189793470781, -0.00135757960379, -0.000279855768895, -9.0836743766e-05, 0.00177223794162, -0.00647397292778, 0.0157976672053, -0.00909820664674, 0.00214071921073], [-0.000336119992426, 0.00202796771191, -0.00113956141286, 0.000403404264944, -0.00120599253569, 0.00163952552248, -0.000629328540526, -0.000305435096379, 0.000135339476401, 0.00324011291377, -0.00909820664674, 0.0192234199494, -0.00811127386987], [0.000225478375796, -0.00106121960562, 0.00105797685683, -0.00062927021645, 7.02822799212e-05, -0.000600575469434, 0.00111960619688, -0.000746587815229, -0.000855075311847, -0.00177835370414, 0.00214071921073, -0.00811127386987, 0.0147695923224]], "mean": [-48.173614502, 58.0647506714, -75.4234237671, 38.6650276184, -46.3344688416, 13.2025871277, -28.0393123627, 12.6620349884, -20.4656028748, 8.06410598755, -14.4973297119, 2.25673604012, -13.2612133026]}, "melbands_spread": {"min": 0.276223778725, "max": 282.650695801, "dvar2": 702.456298828, "median": 13.8088569641, "dmean2": 16.7557411194, "dmean": 10.6855611801, "var": 630.67364502, "dvar": 304.974365234, "mean": 21.105348587}, "spectral_energy": {"min": 1.00489253156e-20, "max": 0.264330327511, "dvar2": 0.00135790195782, "median": 0.0147005300969, "dmean2": 0.0257126111537, "dmean": 0.0168354772031, "var": 0.00261060753837, "dvar": 0.000762759009376, "mean": 0.034490134567}, "mfcc": {"cov": [[13716.8183594, 613.070129395, -847.131896973, 104.233543396, -347.85269165, -155.990280151, -196.808059692, -52.5004463196, 19.5505809784, 117.614364624, -1.2935012579, 23.8493156433, 33.7437171936], [613.070129395, 1216.23522949, -25.7235527039, 25.2517433167, 9.14517688751, -14.3716697693, 98.8236083984, 29.6993465424, -3.50279808044, 1.73721122742, -0.889817178249, -41.0175819397, -10.5614442825], [-847.131896973, -25.7235527039, 1739.15124512, 321.013458252, 312.939147949, 152.270690918, 126.089553833, 74.3295669556, 34.4956092834, -25.1187820435, 18.4189147949, 32.0784606934, 6.01171112061], [104.233543396, 25.2517433167, 321.013458252, 522.100524902, 242.946243286, 109.226844788, 38.0989341736, 66.3941650391, 68.0917739868, 4.82974481583, 0.401654154062, 20.5189228058, 11.8670578003], [-347.85269165, 9.14517688751, 312.939147949, 242.946243286, 427.135192871, 188.388793945, 75.709815979, 68.7302093506, 93.2121582031, 17.4601554871, 18.338924408, 15.5986404419, 8.95060443878], [-155.990280151, -14.3716697693, 152.270690918, 109.226844788, 188.388793945, 335.222900391, 169.121871948, 83.2645187378, 82.3476409912, 66.0863571167, 63.6306648254, 32.4359092712, 6.59442329407], [-196.808059692, 98.8236083984, 126.089553833, 38.0989341736, 75.709815979, 169.121871948, 257.307159424, 109.667427063, 59.8803138733, 39.3563499451, 56.951965332, 38.7858924866, 22.2887268066], [-52.5004463196, 29.6993465424, 74.3295669556, 66.3941650391, 68.7302093506, 83.2645187378, 109.667427063, 176.925369263, 86.5955581665, 18.451921463, 32.905708313, 22.3005847931, 12.5631284714], [19.5505809784, -3.50279808044, 34.4956092834, 68.0917739868, 93.2121582031, 82.3476409912, 59.8803138733, 86.5955581665, 189.920455933, 90.0182952881, 50.3882293701, 29.2786884308, 18.0424289703], [117.614364624, 1.73721122742, -25.1187820435, 4.82974481583, 17.4601554871, 66.0863571167, 39.3563499451, 18.451921463, 90.0182952881, 149.781326294, 77.3575363159, 26.1528263092, 20.3416309357], [-1.2935012579, -0.889817178249, 18.4189147949, 0.401654154062, 18.338924408, 63.6306648254, 56.951965332, 32.905708313, 50.3882293701, 77.3575363159, 126.016975403, 59.4965896606, 19.0411052704], [23.8493156433, -41.0175819397, 32.0784606934, 20.5189228058, 15.5986404419, 32.4359092712, 38.7858924866, 22.3005847931, 29.2786884308, 26.1528263092, 59.4965896606, 112.219566345, 58.0829772949], [33.7437171936, -10.5614442825, 6.01171112061, 11.8670578003, 8.95060443878, 6.59442329407, 22.2887268066, 12.5631284714, 18.0424289703, 20.3416309357, 19.0411052704, 58.0829772949, 100.975364685]], "icov": [[8.16240935819e-05, -4.93551488034e-05, 3.22811829392e-05, -6.83489197399e-05, 8.87211790541e-05, -3.4060642065e-05, 9.50592148001e-05, -2.42922324105e-05, 2.99560326766e-07, -8.63188906806e-05, 4.84343618155e-05, -6.64633262204e-05, -3.49571155311e-06], [-4.93551488034e-05, 0.00093152327463, 2.96782000078e-05, -6.27393237664e-05, -0.000141021766467, 0.00040507686208, -0.000719888135791, 6.86957791913e-05, 9.26157881622e-05, -2.91954506793e-06, -0.00018364933203, 0.000602884450927, -7.21854667063e-05], [3.22811829392e-05, 2.96782000078e-05, 0.000725895399228, -0.000308296555886, -0.00035574901267, 8.55967300595e-05, -0.000289876043098, 2.27497566812e-05, 0.000159321920364, 0.000135788242915, -8.30436838442e-05, -0.00010345337796, 9.1776237241e-05], [-6.83489197399e-05, -6.27393237664e-05, -0.000308296555886, 0.00286284484901, -0.00133164494764, -0.000172349915374, 0.000444094097475, -0.000586859998293, -0.000182353367563, -1.01544110294e-05, 0.000589778937865, -0.00052195135504, 2.61128625425e-05], [8.87211790541e-05, -0.000141021766467, -0.00035574901267, -0.00133164494764, 0.00453482288867, -0.00216196291149, 0.000692676985636, 0.000176368281245, -0.00158870604355, 0.00110305345152, -3.89752858609e-05, 0.000418265233748, -0.000473924388643], [-3.4060642065e-05, 0.00040507686208, 8.55967300595e-05, -0.000172349915374, -0.00216196291149, 0.00631241966039, -0.00351498625241, 7.63940624893e-05, 0.000264972564764, -0.00156944233458, -0.000561989494599, -0.000113269285066, 0.00105462700594], [9.50592148001e-05, -0.000719888135791, -0.000289876043098, 0.000444094097475, 0.000692676985636, -0.00351498625241, 0.00815911497921, -0.00351222907193, 0.000497007975355, -3.74585506506e-05, -0.000739906157833, -0.000783708470408, -0.000828785647172], [-2.42922324105e-05, 6.86957791913e-05, 2.27497566812e-05, -0.000586859998293, 0.000176368281245, 7.63940624893e-05, -0.00351222907193, 0.0100087067112, -0.00450809160247, 0.00306171644479, -0.00146086665336, 0.000736689195037, -0.000367249216652], [2.99560326766e-07, 9.26157881622e-05, 0.000159321920364, -0.000182353367563, -0.00158870604355, 0.000264972564764, 0.000497007975355, -0.00450809160247, 0.0107289375737, -0.00638194894418, 0.00120177387726, -0.00131523946766, 0.000494753476232], [-8.63188906806e-05, -2.91954506793e-06, 0.000135788242915, -1.01544110294e-05, 0.00110305345152, -0.00156944233458, -3.74585506506e-05, 0.00306171644479, -0.00638194894418, 0.0145906144753, -0.00781302340329, 0.00347437313758, -0.00267046876252], [4.84343618155e-05, -0.00018364933203, -8.30436838442e-05, 0.000589778937865, -3.89752858609e-05, -0.000561989494599, -0.000739906157833, -0.00146086665336, 0.00120177387726, -0.00781302340329, 0.0168265029788, -0.00864388421178, 0.00344380876049], [-6.64633262204e-05, 0.000602884450927, -0.00010345337796, -0.00052195135504, 0.000418265233748, -0.000113269285066, -0.000783708470408, 0.000736689195037, -0.00131523946766, 0.00347437313758, -0.00864388421178, 0.0181938409805, -0.00909593794495], [-3.49571155311e-06, -7.21854667063e-05, 9.1776237241e-05, 2.61128625425e-05, -0.000473924388643, 0.00105462700594, -0.000828785647172, -0.000367249216652, 0.000494753476232, -0.00267046876252, 0.00344380876049, -0.00909593794495, 0.0151225794107]], "mean": [-700.184082031, 96.5397491455, 25.6811466217, 32.9028701782, 9.61198043823, 8.31040096283, 6.12159490585, 5.39542675018, 2.41470551491, 6.05269861221, 3.03020620346, 1.71777749062, 2.47605800629]}, "spectral_contrast_valleys": {"min": [-27.9542446136, -27.8097953796, -28.3988075256, -27.4532604218, -27.4716854095, -27.3573169708], "max": [-5.04410505295, -4.81715202332, -5.15797662735, -5.5960521698, -5.67378950119, -7.25906610489], "dvar2": [0.364131182432, 0.612155199051, 0.551391005516, 0.484278947115, 0.390504807234, 0.333145678043], "median": [-7.17966747284, -7.30871677399, -7.94422531128, -8.23145866394, -7.78838014603, -9.90827465057], "dmean2": [0.724755048752, 0.841619610786, 0.769797742367, 0.704574525356, 0.571772456169, 0.503632843494], "dmean": [0.461068421602, 0.552903115749, 0.517781019211, 0.497453123331, 0.436865389347, 0.416768848896], "var": [3.36517620087, 3.07295656204, 3.03040909767, 3.07703375816, 2.95251536369, 2.74792957306], "dvar": [0.165871843696, 0.300644040108, 0.28462138772, 0.273481398821, 0.230928957462, 0.206352680922], "mean": [-7.65733146667, -7.61026477814, -8.27634525299, -8.52260971069, -8.08979797363, -10.1596107483]}, "barkbands_flatness_db": {"min": 0.0152374142781, "max": 0.578640639782, "dvar2": 0.00320790940896, "median": 0.143664330244, "dmean2": 0.0606762841344, "dmean": 0.0419627316296, "var": 0.00780771952122, "dvar": 0.00178541673813, "mean": 0.16098985076}, "dynamic_complexity": 5.08683395386, "erbbands_flatness_db": {"min": 0.028569875285, "max": 0.355621963739, "dvar2": 0.00110980914906, "median": 0.116886325181, "dmean2": 0.0339425206184, "dmean": 0.0226967390627, "var": 0.00255411257967, "dvar": 0.000523725699168, "mean": 0.126852780581}, "hfc": {"