{"lowlevel": {"spectral_complexity": {"min": 0, "max": 64, "dvar2": 22.8827953339, "median": 9, "dmean2": 3.63024687767, "dmean": 2.4519546032, "var": 91.4583740234, "dvar": 12.6257219315, "mean": 12.1387529373}, "silence_rate_20dB": {"min": 1, "max": 1, "dvar2": 0, "median": 1, "dmean2": 0, "dmean": 0, "var": 0, "dvar": 0, "mean": 1}, "average_loudness": 0.116687715054, "erbbands_spread": {"min": 1.17594099045, "max": 132.048233032, "dvar2": 190.734954834, "median": 35.1350364685, "dmean2": 11.7217988968, "dmean": 7.95214414597, "var": 436.976135254, "dvar": 90.803855896, "mean": 38.9652938843}, "spectral_kurtosis": {"min": -1.22561955452, "max": 43.8275299072, "dvar2": 14.2476978302, "median": 3.93496465683, "dmean2": 3.0428044796, "dmean": 1.81734478474, "var": 18.6071395874, "dvar": 5.48715353012, "mean": 5.08868646622}, "barkbands_kurtosis": {"min": -1.91502487659, "max": 507.364807129, "dvar2": 170.543441772, "median": 3.44815015793, "dmean2": 6.38175821304, "dmean": 4.05604696274, "var": 280.583282471, "dvar": 76.1134185791, "mean": 8.35074996948}, "spectral_strongpeak": {"min": 2.56346083249e-10, "max": 23.060503006, "dvar2": 2.96265006065, "median": 0.353634029627, "dmean2": 0.829422473907, "dmean": 0.517022073269, "var": 3.04792618752, "dvar": 1.23554325104, "mean": 0.997752308846}, "spectral_spread": {"min": 1260674.375, "max": 42307168, "dvar2": 1313100005380.0, "median": 3885528.5, "dmean2": 740925.1875, "dmean": 517740.65625, "var": 3360830259200.0, "dvar": 669080944640, "mean": 4297795.5}, "spectral_rms": {"min": 3.13952943504e-12, "max": 0.0139056416228, "dvar2": 1.09390430225e-06, "median": 0.00303655606695, "dmean2": 0.000825569673907, "dmean": 0.000581628584769, "var": 3.81661357096e-06, "dvar": 5.77997298024e-07, "mean": 0.00340669346042}, "erbbands": {"min": [6.74280057806e-23, 6.42200782971e-22, 6.65891257929e-21, 7.59669426754e-21, 1.44348493731e-20, 3.9728874129e-20, 1.01429319689e-19, 1.02304819281e-19, 1.91116733034e-19, 3.5795057106e-19, 3.67897366227e-19, 6.21796060853e-19, 9.03215468049e-19, 1.06341998338e-18, 1.7905207374e-18, 2.36919416686e-18, 2.04403112243e-18, 2.39728708162e-18, 3.97884917499e-18, 4.42890739293e-18, 2.25768153489e-18, 5.48719399683e-18, 6.57224899253e-18, 9.57571822206e-18, 9.7606898691e-18, 1.10285352366e-17, 1.25682103513e-17, 1.31907001582e-17, 1.24095885426e-17, 1.39694609264e-17, 1.44581493061e-17, 1.19920616838e-17, 1.17629483706e-17, 1.00086728265e-17, 7.40718979999e-18, 4.76344198012e-18, 2.76812559191e-18, 9.84559478909e-19, 2.93806902158e-19, 3.01497898247e-20], "max": [4.46841096878, 33.7948722839, 106.815444946, 147.975814819, 137.103485107, 302.687347412, 240.884643555, 389.837921143, 354.258026123, 638.557495117, 1583.84765625, 3007.11401367, 1831.36938477, 3056.62475586, 3028.98071289, 2158.54272461, 3961.94189453, 5648.02734375, 1939.84008789, 2116.02905273, 1606.00097656, 868.192016602, 853.808410645, 1026.96850586, 992.527160645, 948.540710449, 468.015380859, 1128.97644043, 373.809020996, 242.149414062, 229.600509644, 155.360031128, 99.4249343872, 46.3111724854, 31.6953849792, 17.3158149719, 5.56186246872, 1.30052137375, 0.159541293979, 0.00678066816181], "dvar2": [0.0860140249133, 3.32094120979, 20.0531463623, 93.0191192627, 63.7175483704, 251.725982666, 222.184249878, 227.169326782, 212.275054932, 1139.74816895, 4521.26953125, 4696.61132812, 4357.64111328, 4626.85888672, 2105.06665039, 4840.25195312, 19741.8613281, 19561.7929688, 7065.37939453, 7404.63623047, 3369.9128418, 902.38659668, 1247.9284668, 1945.24707031, 1485.84765625, 973.94329834, 520.548461914, 698.596313477, 180.386825562, 85.5847549438, 52.9190483093, 25.2652931213, 7.00048732758, 3.16517138481, 1.50136399269, 0.275505930185, 0.0367734134197, 0.00266339862719, 3.42636012647e-05, 6.2926631017e-08], "median": [0.00633628154173, 0.107800401747, 0.893706917763, 1.86426925659, 2.57549881935, 3.33284544945, 3.45420193672, 2.71755242348, 2.15104603767, 2.5431201458, 3.01803660393, 2.77435064316, 2.17195463181, 1.58891439438, 2.33515739441, 2.08876419067, 2.61934185028, 3.21100997925, 2.78613829613, 2.89267086983, 2.15688729286, 1.88664400578, 2.25270438194, 2.15169882774, 2.32085061073, 1.99433112144, 1.50766932964, 1.04854857922, 0.701654911041, 0.471413761377, 0.309778600931, 0.179315626621, 0.079200848937, 0.0460488833487, 0.0166089963168, 0.00416493788362, 0.000944938568864, 0.000159191389685, 2.53861253441e-05, 1.53989676619e-05], "dmean2": [0.0797944068909, 0.608798623085, 1.71692419052, 3.32907509804, 3.56737685204, 5.71909332275, 6.45573663712, 6.33726215363, 4.91481542587, 11.1084089279, 18.1400051117, 15.2338867188, 13.5532932281, 12.3606004715, 10.3364772797, 13.9832735062, 24.9840278625, 28.2339305878, 21.2530269623, 21.1079063416, 14.735543251, 8.9619178772, 10.449262619, 13.0116176605, 13.3588666916, 9.9027557373, 7.45888948441, 6.15238618851, 4.27045726776, 3.13273572922, 2.18131518364, 1.49315667152, 0.747404932976, 0.531925916672, 0.288112908602, 0.105751797557, 0.0366440862417, 0.00928875803947, 0.00103483791463, 4.7857145546e-05], "dmean": [0.0499501936138, 0.380155354738, 1.04607284069, 2.06115317345, 2.23477172852, 3.54600286484, 4.16587209702, 4.22267723083, 3.23770475388, 7.3284034729, 12.289601326, 10.9465150833, 9.47943496704, 9.3921585083, 7.30372953415, 9.91365718842, 17.9365329742, 19.2645454407, 13.9119853973, 14.1712694168, 10.0479679108, 5.91063690186, 6.84187746048, 8.52707767487, 8.78441238403, 6.4993224144, 5.02215719223, 4.21898460388, 2.88498711586, 2.08455038071, 1.53037548065, 1.05292081833, 0.532430052757, 0.369398146868, 0.191300675273, 0.0695880800486, 0.0234381016344, 0.00577562162653, 0.000626270018984, 2.98209615721e-05], "var": [0.0356342606246, 2.03495550156, 17.1496562958, 54.228553772, 46.9140434265, 125.864028931, 215.395568848, 271.86428833, 191.495269775, 1124.98352051, 5618.15527344, 7122.15332031, 5592.91894531, 10975.9736328, 2775.02539062, 5394.08056641, 32744.0957031, 23964.7285156, 6178.62353516, 7009.98144531, 3990.13964844, 948.836791992, 1234.17236328, 2117.59204102, 1669.15209961, 892.686279297, 593.690307617, 819.290283203, 228.685424805, 107.990882874, 76.1520690918, 38.7000541687, 10.2468643188, 3.89170026779, 1.21642994881, 0.209455445409, 0.0215287599713, 0.00111039436888, 1.11132630991e-05, 2.17637499134e-08], "dvar": [0.0367566011846, 1.33730888367, 7.82449197769, 33.7278213501, 24.3359775543, 96.186958313, 94.0907287598, 103.684089661, 96.2118606567, 529.231445312, 2323.48632812, 2524.46826172, 2190.16870117, 3078.54907227, 1275.49658203, 2431.14477539, 10166.5166016, 10678.8027344, 3014.33886719, 3287.97485352, 1680.06787109, 395.840362549, 530.234008789, 841.901794434, 663.75189209, 404.870239258, 235.175582886, 314.926269531, 82.5349731445, 39.1995849609, 27.3529415131, 13.4174728394, 3.72050499916, 1.59232604504, 0.669112563133, 0.12407040596, 0.0164416637272, 0.00109900592361, 1.3211049918e-05, 2.3952209105e-08], "mean": [0.0532006248832, 0.580739676952, 1.97578907013, 3.95868253708, 4.763027668, 6.89214229584, 8.48579216003, 8.5401468277, 6.21253347397, 12.8722867966, 20.8802871704, 20.8541221619, 17.3500766754, 17.079662323, 12.0428590775, 16.0865135193, 31.1641731262, 30.4005851746, 22.1795635223, 23.3457241058, 17.8254795074, 11.0703687668, 12.241443634, 15.1860675812, 16.8002490997, 12.6631727219, 9.81732082367, 7.9788608551, 5.61971330643, 4.0073132515, 2.94015431404, 2.03854370117, 0.989433467388, 0.631636857986, 0.285355478525, 0.0991708338261, 0.0279004555196, 0.00571767566726, 0.000575487560127, 4.42185373686e-05]}, "zerocrossingrate": {"min": 0.0048828125, "max": 0.52099609375, "dvar2": 0.000198363777599, "median": 0.04638671875, "dmean2": 0.0107912020758, "dmean": 0.00936973746866, "var": 0.00163360056467, "dvar": 0.000160012205015, "mean": 0.0560535304248}, "spectral_contrast_coeffs": {"min": [-0.974442541599, -0.967986524105, -0.973860442638, -0.962848484516, -0.962882816792, -0.964361250401], "max": [-0.337715059519, -0.360460370779, -0.342612981796, -0.427654117346, -0.493946015835, -0.532246887684], "dvar2": [0.00379674020223, 0.00308610498905, 0.00208803638816, 0.00163322302978, 0.000959467259236, 0.000713575864211], "median": [-0.631691098213, -0.726972818375, -0.77157497406, -0.780028522015, -0.800731599331, -0.752732038498], "dmean2": [0.0737921819091, 0.0667584016919, 0.0553569123149, 0.0489326119423, 0.0353856645525, 0.0287047270685], "dmean": [0.0452566742897, 0.0422646030784, 0.0359781011939, 0.0316955931485, 0.0228541474789, 0.0186512861401], "var": [0.00622260430828, 0.00602128077298, 0.00641050189734, 0.00569365965202, 0.00390614429489, 0.00219288468361], "dvar": [0.00147451867815, 0.00134461722337, 0.000962042540777, 0.000781561713666, 0.000484670687001, 0.000332603463903], "mean": [-0.630860030651, -0.720064640045, -0.756373941898, -0.762330710888, -0.785187363625, -0.751247942448]}, "dissonance": {"min": 0.210621938109, "max": 0.5, "dvar2": 0.000985952792689, "median": 0.465512037277, "dmean2": 0.0314623489976, "dmean": 0.0190958939493, "var": 0.00106809835415, "dvar": 0.000382661033655, "mean": 0.457560449839}, "spectral_energyband_high": {"min": 7.34539857459e-21, "max": 0.0454930402339, "dvar2": 1.59706178238e-06, "median": 0.000115374466986, "dmean2": 0.000438452319941, "dmean": 0.000326449051499, "var": 3.04490595227e-06, "dvar": 8.60035015648e-07, "mean": 0.000753517262638}, "spectral_skewness": {"min": -0.137286499143, "max": 5.51081228256, "dvar2": 0.155059203506, "median": 1.44272530079, "dmean2": 0.371502131224, "dmean": 0.233164563775, "var": 0.40096527338, "dvar": 0.0661928653717, "mean": 1.55517935753}, "spectral_flux": {"min": 6.53166062903e-11, "max": 0.338187277317, "dvar2": 0.00140739278868, "median": 0.0432185903192, "dmean2": 0.030104348436, "dmean": 0.0188554804772, "var": 0.00198180810548, "dvar": 0.000581230793614, "mean": 0.0565288104117}, "silence_rate_30dB": {"min": 0, "max": 1, "dvar2": 0.00450293347239, "median": 1, "dmean2": 0.00373802660033, "dmean": 0.00186886778101, "var": 0.00240788119845, "dvar": 0.00186546973418, "mean": 0.997586250305}, "spectral_energyband_middle_high": {"min": 1.32176666323e-21, "max": 0.107182011008, "dvar2": 2.66992283287e-05, "median": 0.000843026733492, "dmean2": 0.00205487059429, "dmean": 0.00154038378969, "var": 7.75770386099e-05, "dvar": 1.55834241014e-05, "mean": 0.00400411710143}, "barkbands_spread": {"min": 0.172507435083, "max": 102.945625305, "dvar2": 113.967849731, "median": 15.0745420456, "dmean2": 7.71158504486, "dmean": 5.12457370758, "var": 223.916885376, "dvar": 52.1721534729, "mean": 18.9950656891}, "spectral_centroid": {"min": 151.75994873, "max": 11344.1669922, "dvar2": 191066.328125, "median": 1049.26257324, "dmean2": 324.672851562, "dmean": 220.105285645, "var": 780000, "dvar": 91741.0625, "mean": 1273.57458496}, "pitch_salience": {"min": 0.0747827664018, "max": 0.9146925807, "dvar2": 0.0096621690318, "median": 0.557521104813, "dmean2": 0.109287902713, "dmean": 0.0682755634189, "var": 0.0131438961253, "dvar": 0.0038344564382, "mean": 0.550107836723}, "erbbands_skewness": {"min": -5.31847906113, "max": 10.1462116241, "dvar2": 0.334754347801, "median": 0.443216592073, "dmean2": 0.567548692226, "dmean": 0.383132696152, "var": 1.0662894249, "dvar": 0.159437015653, "mean": 0.486177831888}, "erbbands_crest": {"min": 2.37576341629, "max": 32.8606109619, "dvar2": 15.0668745041, "median": 8.59062480927, "dmean2": 4.12318849564, "dmean": 2.62737846375, "var": 26.6997871399, "dvar": 6.70388126373, "mean": 9.92481708527}, "melbands": {"min": [1.23255394643e-24, 2.21462029797e-24, 2.00203135591e-24, 1.09893806681e-24, 4.00048680534e-24, 2.24266923353e-24, 3.19322710002e-24, 3.52903749597e-24, 3.83528868217e-24, 3.39493429753e-24, 4.01550237824e-24, 3.54809479772e-24, 5.29663891516e-24, 6.94763762066e-24, 3.14251754331e-24, 3.86977334221e-24, 3.4755850699e-24, 5.84375773472e-24, 5.71789497729e-24, 3.69530768112e-24, 2.23872414014e-24, 4.37799934698e-24, 4.55914547665e-24, 5.68749109471e-24, 7.40611805675e-24, 4.56566343988e-24, 7.37126223765e-24, 7.25443588189e-24, 6.37499678424e-24, 7.86680020362e-24, 6.39296664123e-24, 6.99158269511e-24, 7.28502317463e-24, 7.15205909134e-24, 8.0203969439e-24, 7.2485517684e-24, 6.83430986302e-24, 7.9173046565e-24, 5.94672577652e-24, 7.78555463013e-24], "max": [0.0372390411794, 0.0525009334087, 0.0211132839322, 0.0112436776981, 0.011124712415, 0.00765579007566, 0.00522341718897, 0.0114895422012, 0.0130863385275, 0.0190516076982, 0.00903110019863, 0.0128305824474, 0.00868927501142, 0.00555416103452, 0.00849050749093, 0.0122279664502, 0.0125095322728, 0.00383423967287, 0.00317390193231, 0.00299911713228, 0.00217930530198, 0.00102999340743, 0.00114372104872, 0.00108263082802, 0.000968341424596, 0.00104755151551, 0.000524570466951, 0.000697829411365, 0.000373407820007, 0.000483049050672, 0.00065819057636, 0.000216343483771, 0.000148976818309, 0.00014494235802, 0.000139544921694, 0.000119267009723, 9.27848523133e-05, 8.52021548781e-05, 4.1591883928e-05, 4.01932447858e-05], "dvar2": [6.14237342234e-06, 4.03441663366e-06, 2.17261390389e-06, 5.08456651005e-07, 3.2967466268e-07, 9.92318263116e-08, 4.59872353531e-08, 2.44064523258e-07, 2.82122528006e-07, 1.81068642746e-07, 1.13993465334e-07, 8.38553759763e-08, 1.96595042468e-08, 3.05866016959e-08, 7.57627134362e-08, 8.23455152954e-08, 1.00714984796e-07, 2.36948061172e-08, 1.90484801266e-08, 1.74050338586e-08, 4.42662395628e-09, 1.3303045332e-09, 1.48138745715e-09, 1.61373814311e-09, 1.74130920794e-09, 1.3259418008e-09, 6.37963515349e-10, 5.33973809613e-10, 2.85436424496e-10, 2.23209326022e-10, 2.72532080237e-10, 7.41590469588e-11, 4.52462997624e-11, 2.78618326327e-11, 2.05154313676e-11, 2.13659194503e-11, 8.10399403833e-12, 4.26875418694e-12, 3.14114272787e-12, 2.47888840531e-12], "median": [7.46338118915e-05, 0.000405193510232, 0.000381147605367, 0.000225485491683, 0.000139948984724, 6.40357320663e-05, 2.92278036795e-05, 2.74831945717e-05, 2.27167911362e-05, 1.44730192915e-05, 8.7123726189e-06, 4.9867630878e-06, 6.23346613793e-06, 5.22207938047e-06, 5.18800243299e-06, 4.09316180594e-06, 5.37454661753e-06, 3.97874555347e-06, 3.25876362695e-06, 3.35360186909e-06, 2.08318328987e-06, 1.67246696492e-06, 1.95332972908e-06, 1.66968493431e-06, 1.49496258928e-06, 1.4883306676e-06, 1.48296896896e-06, 1.16317187349e-06, 8.51321715345e-07, 7.51507457153e-07, 4.74729574762e-07, 3.62226643347e-07, 3.20854752545e-07, 2.13369929725e-07, 1.71704840568e-07, 1.46926396383e-07, 8.64808740175e-08, 5.27141601481e-08, 4.19714929478e-08, 3.41410597571e-08], "dmean2": [0.000738647591788, 0.000801134505309, 0.000551207631361, 0.000304903427605, 0.0002408290311, 0.000137902141432, 7.34216882847e-05, 0.000144387769978, 0.000147881262819, 9.33549090405e-05, 6.86003113515e-05, 5.21303227288e-05, 3.28962851199e-05, 3.52905808541e-05, 5.26502990397e-05, 5.16777363373e-05, 5.99856903136e-05, 3.65709929611e-05, 3.21970837831e-05, 3.08025773847e-05, 1.61611460499e-05, 1.01376926978e-05, 1.13632131615e-05, 1.04812115751e-05, 1.15847342386e-05, 1.08392387119e-05, 9.19259036891e-06, 6.91865170666e-06, 5.2655991567e-06, 4.52046015198e-06, 3.63862409358e-06, 2.71177646027e-06, 2.25370126827e-06, 1.69414374795e-06, 1.34165281906e-06, 1.30944147259e-06, 8.48600279824e-07, 5.52618928396e-07, 5.26261885625e-07, 4.65748428269e-07], "dmean": [0.000461382529465, 0.000502409122419, 0.000344731059158, 0.000188421632629, 0.000154640554683, 9.20634047361e-05, 4.8495381634e-05, 9.62698177318e-05, 0.000100974313682, 6.69282017043e-05, 4.77686262457e-05, 3.89385641029e-05, 2.29709530686e-05, 2.40242425207e-05, 3.66145031876e-05, 3.63340986951e-05, 4.02971272706e-05, 2.37126114371e-05, 2.0788054826e-05, 2.0675952328e-05, 1.09691427497e-05, 6.57524651615e-06, 7.4241065704e-06, 6.68095663059e-06, 7.46864134271e-06, 7.05601678419e-06, 5.96132304054e-06, 4.48305218015e-06, 3.46656020156e-06, 2.98308168567e-06, 2.44329862653e-06, 1.80083986834e-06, 1.47276000462e-06, 1.12095312943e-06, 9.12309644718e-07, 9.02288604721e-07, 5.88360194342e-07, 3.81371904723e-07, 3.65408453717e-07, 3.1493317465e-07], "var": [2.80723384094e-06, 3.92102447222e-06, 1.43810916597e-06, 2.90450259399e-07, 2.77697040474e-07, 1.21305063772e-07, 4.41209806468e-08, 2.18758017922e-07, 3.77760585479e-07, 2.66231694468e-07, 1.41941512766e-07, 1.93996328335e-07, 2.48110474388e-08, 2.79262906133e-08, 9.5571195402e-08, 1.6200951336e-07, 1.08032729429e-07, 1.94072899973e-08, 1.35861828454e-08, 1.88472881746e-08, 4.79203920989e-09, 1.11917519696e-09, 1.50327028603e-09, 1.32479094361e-09, 1.65706248723e-09, 1.17597309668e-09, 6.85550616275e-10, 4.30704527599e-10, 2.8215382808e-10, 2.17858772689e-10, 2.80224260463e-10, 8.27345067456e-11, 5.26756104013e-11, 2.90538166442e-11, 2.46006947452e-11, 2.70061716046e-11, 1.14932473261e-11, 5.34636094077e-12, 3.93701651141e-12, 2.6195621193e-12], "dvar": [2.57698889072e-06, 1.64973153005e-06, 8.0129871094e-07, 1.95885760945e-07, 1.33420755333e-07, 4.52395667594e-08, 2.13496882395e-08, 1.14843082599e-07, 1.45780091998e-07, 9.54045233925e-08, 5.76056820023e-08, 5.33209778553e-08, 1.13414015956e-08, 1.49470835709e-08, 4.03368431989e-08, 4.4916724562e-08, 5.36995088396e-08, 1.02902220078e-08, 7.73052910574e-09, 8.22751466956e-09, 2.2138155753e-09, 5.78196879264e-10, 6.40188846379e-10, 6.64813204487e-10, 7.36144645241e-10, 5.7236942963e-10, 2.78590733815e-10, 2.20230153558e-10, 1.25576771204e-10, 9.97794971647e-11, 1.18245260805e-10, 3.34005358094e-11, 1.96195195507e-11, 1.25425546685e-11, 1.00681928072e-11, 1.04579895091e-11, 4.25402898671e-12, 2.16472217755e-12, 1.59731136738e-12, 1.17808985223e-12], "mean": [0.000568255083635, 0.000984318321571, 0.000725115882233, 0.000394270813558, 0.00032407452818, 0.000189493424841, 9.07674620976e-05, 0.000160641124239, 0.000172117215698, 0.000123733640066, 8.2752398157e-05, 6.91563618602e-05, 3.70301240764e-05, 3.47604182025e-05, 5.9532434534e-05, 6.07219481026e-05, 5.81790009164e-05, 3.49023212038e-05, 3.03165525111e-05, 3.35857075697e-05, 1.77627807716e-05, 1.07947726065e-05, 1.2232762856e-05, 1.09017573777e-05, 1.22746087072e-05, 1.20319691632e-05, 1.0866860066e-05, 7.90303147369e-06, 6.21725121164e-06, 5.35999970452e-06, 4.27715531259e-06, 3.24269876728e-06, 2.70114333034e-06, 1.99605005946e-06, 1.64635832789e-06, 1.64021889759e-06, 1.07559810658e-06, 6.68886798394e-07, 6.23999540039e-07, 5.09560834416e-07]}, "spectral_entropy": {"min": 4.34143781662, "max": 9.81226634979, "dvar2": 0.0754753500223, "median": 7.36955976486, "dmean2": 0.253387033939, "dmean": 0.178288400173, "var": 0.323699563742, "dvar": 0.0415183268487, "mean": 7.30495166779}, "spectral_rolloff": {"min": 64.599609375, "max": 19358.3496094, "dvar2": 1552160.5, "median": 710.595703125, "dmean2": 689.733520508, "dmean": 420.910491943, "var": 2375730.75, "dvar": 704163.125, "mean": 1406.38305664}, "barkbands": {"min": [1.19646592659e-24, 2.38054042609e-24, 4.34035411572e-24, 1.73145167099e-24, 1.0401473401e-23, 1.1092197643e-23, 1.44062662036e-23, 1.05924455821e-23, 2.12568605223e-23, 1.92784447036e-23, 3.67866855359e-23, 5.42507406912e-23, 3.82532063577e-23, 5.46293118842e-23, 6.25217831994e-23, 4.10406211228e-23, 7.27659498472e-23, 1.15450639138e-22, 1.70941412374e-22, 1.98057729752e-22, 3.45403492036e-22, 4.09882760996e-22, 4.70753818041e-22, 6.24406201407e-22, 9.79560569589e-22, 1.44943217608e-21, 2.27504314476e-21], "max": [0.00315155903809, 0.119485624135, 0.11124458909, 0.0499968118966, 0.0664970129728, 0.0325651392341, 0.0278951246291, 0.079342097044, 0.104129895568, 0.0683821737766, 0.0591089352965, 0.0521050691605, 0.0888326391578, 0.100616693497, 0.0345890112221, 0.0343795754015, 0.0175931416452, 0.0168132781982, 0.0195460226387, 0.0139894420281, 0.0182611867785, 0.00943083595484, 0.00710398005322, 0.00557208014652, 0.00398149900138, 0.00310301943682, 0.000973750837147], "dvar2": [5.38692574992e-08, 7.24047422409e-05, 2.67094510491e-05, 1.13397127279e-05, 1.19264686873e-05, 2.5135686883e-06, 1.11663018743e-06, 1.1186060874e-05, 7.53719496061e-06, 5.3013482102e-06, 1.5141571339e-06, 3.20595472658e-06, 9.52013851929e-06, 7.57243287808e-06, 3.04976219923e-06, 2.48217384069e-06, 4.1121495542e-07, 5.78898152526e-07, 7.49200466998e-07, 3.71224842866e-07, 3.52315254304e-07, 1.25809719975e-07, 6.86581103082e-08, 3.28049978293e-08, 2.31618919599e-08, 1.13745208807e-08, 1.30269606213e-09], "median": [9.28282474888e-07, 0.000329617934767, 0.000888560782187, 0.000565559254028, 0.00110663229134, 0.000371434114641, 0.00011590806389, 0.000137865397846, 9.4581504527e-05, 5.33569036634e-05, 4.31627122452e-05, 3.41075647157e-05, 4.29675164924e-05, 5.49629949091e-05, 4.56218003819e-05, 3.88956796087e-05, 3.28774694935e-05, 3.70166962966e-05, 4.18836607423e-05, 4.13005436712e-05, 3.07707341562e-05, 1.94895419554e-05, 1.10992541522e-05, 6.34043817627e-06, 3.21596917274e-06, 6.21992342076e-07, 1.50877170313e-07], "dmean2": [5.8544541389e-05, 0.00271353544667, 0.00183092046063, 0.00120039610192, 0.00146760430653, 0.000730500963982, 0.000362281745765, 0.00091850257013, 0.000669768021908, 0.000484247138957, 0.000266815390205, 0.000328659196384, 0.000570231350139, 0.000561809109058, 0.000435986265074, 0.000373567483621, 0.00018921046285, 0.000223282520892, 0.000279621890513, 0.000213515639189, 0.000169185892446, 0.000116056224215, 7.89646073827e-05, 5.38442909601e-05, 4.26648766734e-05, 2.0984081857e-05, 6.24470976618e-06], "dmean": [3.9596176066e-05, 0.00170198921114, 0.00110980635509, 0.000741615367588, 0.00091479771072, 0.000484569434775, 0.00023789635452, 0.000619134982117, 0.000465889956104, 0.000342802406522, 0.000186472418136, 0.000222382586799, 0.000392170535633, 0.000378936616471, 0.000279374711681, 0.000249560223892, 0.000124438738567, 0.000144779274706, 0.000180570161319, 0.000138714996865, 0.000114517271868, 7.87829703768e-05, 5.47247072973e-05, 3.82186117349e-05, 2.92691893264e-05, 1.35996415338e-05, 3.78455933969e-06], "var": [2.73902358572e-08, 3.8044530811e-05, 1.82701969607e-05, 7.13982990419e-06, 7.2840739449e-06, 3.05088451569e-06, 1.04928062683e-06, 1.12699544843e-05, 1.09219481601e-05, 8.43164161779e-06, 1.76054743406e-06, 2.62789126282e-06, 1.50408350237e-05, 8.04977480584e-06, 2.1870666842e-06, 2.55393456428e-06, 3.72529342485e-07, 5.42217833299e-07, 7.40696805224e-07, 3.70418746343e-07, 3.96612165332e-07, 1.67530771478e-07, 9.12803201913e-08, 5.30533696974e-08, 2.61316053241e-08, 7.35813365793e-09, 4.26538276921e-10], "dvar": [2.49026399501e-08, 2.99015973724e-05, 9.90445823845e-06, 4.17299452238e-06, 4.58329759567e-06, 1.12229486149e-06, 5.13535724167e-07, 5.53516792934e-06, 3.83605902243e-06, 2.73582850241e-06, 8.56619067235e-07, 1.49843560848e-06, 4.81725601276e-06, 3.98133806812e-06, 1.21086259242e-06, 1.15503621601e-06, 1.79909221742e-07, 2.50777162591e-07, 3.1745523188e-07, 1.56899389481e-07, 1.57343478691e-07, 5.8043742257e-08, 3.44372566019e-08, 1.7940681829e-08, 1.13266160895e-08, 5.0766058024e-09, 5.0473225599e-10], "mean": [3.73082075384e-05, 0.00232789549045, 0.00200839689933, 0.00136153225321, 0.00194567907602, 0.00101594440639, 0.000413852627389, 0.000995756825432, 0.000825361174066, 0.000608668662608, 0.000289717252599, 0.000308352784486, 0.000650079688057, 0.000552292156499, 0.000411464163335, 0.000404430757044, 0.000206673765206, 0.000238119653659, 0.000320574996294, 0.000261952576693, 0.000220265996177, 0.000155186236952, 0.000104846643808, 7.41235271562e-05, 4.832509876e-05, 1.7420426957e-05, 3.45270223079e-06]}, "melbands_flatness_db": {"min": 0.00414670445025, "max": 0.532391607761, "dvar2": 0.00135813222732, "median": 0.212456360459, "dmean2": 0.035984531045, "dmean": 0.0245431978256, "var": 0.00729183945805, "dvar": 0.000676265161019, "mean": 0.223172664642}, "melbands_skewness": {"min": -2.28239631653, "max": 16.3406448364, "dvar2": 1.6082701683, "median": 2.74339437485, "dmean2": 1.10244238377, "dmean": 0.740984022617, "var": 4.01823568344, "dvar": 0.744866609573, "mean": 2.91355586052}, "barkbands_skewness": {"min": -5.32194137573, "max": 17.8883285522, "dvar2": 0.922763824463, "median": 1.73063385487, "dmean2": 0.853259921074, "dmean": 0.563588798046, "var": 2.72163486481, "dvar": 0.419392466545, "mean": 1.85242509842}, "silence_rate_60dB": {"min": 0, "max": 1, "dvar2": 0.106392353773, "median": 0, "dmean2": 0.102172724903, "dmean": 0.0510823875666, "var": 0.155112266541, "dvar": 0.0484833568335, "mean": 0.191933348775}, "spectral_energyband_low": {"min": 1.71873148611e-23, "max": 0.185073167086, "dvar2": 0.000115451926831, "median": 0.00200211023912, "dmean2": 0.00431792763993, "dmean": 0.00273812306114, "var": 9.37134536798e-05, "dvar": 4.9298236263e-05, "mean": 0.00510411057621}, "spectral_energyband_middle_low": {"min": 1.9226601396e-22, "max": 0.106299005449, "dvar2": 5.12873302796e-05, "median": 0.00415035849437, "dmean2": 0.00370594090782, "dmean": 0.00245894840918, "var": 6.53983443044e-05, "dvar": 2.21990467253e-05, "mean": 0.00679186126217}, "melbands_kurtosis": {"min": -1.85490834713, "max": 417.260314941, "dvar2": 661.686767578, "median": 11.0580749512, "dmean2": 13.31179142, "dmean": 8.5225982666, "var": 764.781799316, "dvar": 280.729064941, "mean": 19.616563797}, "spectral_decrease": {"min": -5.1795598921e-08, "max": 1.5480788597e-28, "dvar2": 1.12469332521e-17, "median": -2.30565855297e-09, "dmean2": 1.90991156224e-09, "dmean": 1.29412824901e-09, "var": 1.87678579048e-17, "dvar": 5.20191511999e-18, "mean": -3.83418052863e-09}, "erbbands_kurtosis": {"min": -1.76708304882, "max": 156.888839722, "dvar2": 11.3727464676, "median": -0.0371494293213, "dmean2": 1.78189277649, "dmean": 1.17286002636, "var": 18.8281936646, "dvar": 5.33369398117, "mean": 1.07559287548}, "melbands_crest": {"min": 1.65082156658, "max": 34.4825019836, "dvar2": 20.093832016, "median": 13.1852817535, "dmean2": 4.896484375, "dmean": 3.04579997063, "var": 24.6463737488, "dvar": 8.17800331116, "mean": 13.929848671}, "gfcc": {"cov": [[9545.95605469, -2083.2121582, -789.416320801, 515.450317383, -873.544921875, 557.179748535, -192.431915283, 414.907348633, -66.8995513916, 361.642272949, -82.8161010742, -1.13303244114, -29.3100814819], [-2083.2121582, 1903.39453125, 386.760742188, -137.071060181, 286.746948242, -232.88923645, 155.314407349, -241.485015869, 94.2863616943, -206.583343506, 78.9643783569, -93.6982574463, 29.8303909302], [-789.416320801, 386.760742188, 1199.65930176, 101.470581055, 67.0715713501, 28.6781215668, -53.8225631714, -92.5512008667, -34.7470474243, -22.3007411957, -19.1820068359, 95.8451309204, -20.5290813446], [515.450317383, -137.071060181, 101.470581055, 400.303619385, 21.1960334778, 52.7034034729, -17.687084198, -1.40484404564, 16.3577022552, 13.6912813187, 5.05930566788, 14.9654178619, 21.2220821381], [-873.544921875, 286.746948242, 67.0715713501, 21.1960334778, 385.768218994, -11.676361084, 52.726978302, -20.6590747833, 10.2980041504, -19.0923633575, 6.98495531082, 0.122002363205, 4.46012687683], [557.179748535, -232.88923645, 28.6781215668, 52.7034034729, -11.676361084, 244.222747803, 56.4682044983, 41.4882888794, -40.4922485352, 37.7944335938, 18.9595222473, 13.305685997, -4.981112957], [-192.431915283, 155.314407349, -53.8225631714, -17.687084198, 52.726978302, 56.4682044983, 188.309066772, 21.0341014862, 4.35874271393, -13.8343715668, 25.7224807739, -17.4125919342, -13.3181581497], [414.907348633, -241.485015869, -92.5512008667, -1.40484404564, -20.6590747833, 41.4882888794, 21.0341014862, 176.3697052, 42.0850753784, 36.8590240479, -17.8342094421, 1.76665329933, 4.8500752449], [-66.8995513916, 94.2863616943, -34.7470474243, 16.3577022552, 10.2980041504, -40.4922485352, 4.35874271393, 42.0850753784, 143.204605103, 20.1395454407, -11.2212457657, -18.2874069214, 1.45956778526], [361.642272949, -206.583343506, -22.3007411957, 13.6912813187, -19.0923633575, 37.7944335938, -13.8343715668, 36.8590240479, 20.1395454407, 119.916267395, 23.5978622437, 15.3527441025, -12.3371477127], [-82.8161010742, 78.9643783569, -19.1820068359, 5.05930566788, 6.98495531082, 18.9595222473, 25.7224807739, -17.8342094421, -11.2212457657, 23.5978622437, 110.682594299, 25.8902931213, -1.63699769974], [-1.13303244114, -93.6982574463, 95.8451309204, 14.9654178619, 0.122002363205, 13.305685997, -17.4125919342, 1.76665329933, -18.2874069214, 15.3527441025, 25.8902931213, 116.986656189, 31.407793045], [-29.3100814819, 29.8303909302, -20.5290813446, 21.2220821381, 4.46012687683, -4.981112957, -13.3181581497, 4.8500752449, 1.45956778526, -12.3371477127, -1.63699769974, 31.407793045, 92.7848052979]], "icov": [[0.000240271256189, -0.000123922000057, 0.000217823166167, -0.000364410720067, 0.000490962644108, -0.00047448562691, 0.00032439341885, -0.000416221591877, 0.000319434097037, -0.000553638266865, 0.000421561504481, -0.000158273600391, 0.000248905504122], [-0.000123922000057, 0.00192977779079, -0.000927633082028, 0.000901739753317, -0.00100192334503, 0.00137226702645, -0.00162612902932, 0.00195999233983, -0.00195702817291, 0.0023909334559, -0.0023799717892, 0.00212521152571, -0.00169777765404], [0.000217823166167, -0.000927633082028, 0.00158509146422, -0.000854175421409, 0.000593027856667, -0.00117834785488, 0.00117343710735, -0.000579005863983, 0.000968655804172, -0.00116249837447, 0.00180755357724, -0.00214086147025, 0.00160682201385], [-0.000364410720067, 0.000901739753317, -0.000854175421409, 0.00357897835784, -0.00119845627341, 0.000331764720613, -0.000587090558838, 0.00149600987788, -0.0018087112112, 0.00157036003657, -0.00164065451827, 0.00113865709864, -0.00167678983416], [0.000490962644108, -0.00100192334503, 0.000593027856667, -0.00119845627341, 0.00411173794419, -0.00111906277016, 0.000273586221738, -0.00124745501671, 0.00115097349044, -0.00182681181468, 0.00169328122865, -0.00114014581777, 0.000884095497895], [-0.00047448562691, 0.00137226702645, -0.00117834785488, 0.000331764720613, -0.00111906277016, 0.00731045100838, -0.00348177202977, 0.000486056524096, 0.000636973476503, 0.0004821564944, -0.00228694896214, 0.00161755445879, -0.00154039543122], [0.00032439341885, -0.00162612902932, 0.00117343710735, -0.000587090558838, 0.000273586221738, -0.00348177202977, 0.00853904429823, -0.00275165797211, 0.00103794084862, -0.00036433947389, 0.00023264871561, -0.000978995114565, 0.00245935493149], [-0.000416221591877, 0.00195999233983, -0.000579005863983, 0.00149600987788, -0.00124745501671, 0.000486056524096, -0.00275165797211, 0.00991762802005, -0.0044414754957, 0.00113170698751, -0.000635107746348, 0.00113286147825, -0.00223356345668], [0.000319434097037, -0.00195702817291, 0.000968655804172, -0.0018087112112, 0.00115097349044, 0.000636973476503, 0.00103794084862, -0.0044414754957, 0.0110460231081, -0.00473322812468, 0.00303851743229, -0.000619586673565, 0.00117835053243], [-0.000553638266865, 0.0023909334559, -0.00116249837447, 0.00157036003657, -0.00182681181468, 0.0004821564944, -0.00036433947389, 0.00113170698751, -0.00473322812468, 0.0147157525644, -0.00599274085835, 0.00120259029791, -3.93882510252e-05], [0.000421561504481, -0.0023799717892, 0.00180755357724, -0.00164065451827, 0.00169328122865, -0.00228694896214, 0.00023264871561, -0.000635107746348, 0.00303851743229, -0.00599274085835, 0.0144975902513, -0.00557885318995, 0.00283554731868], [-0.000158273600391, 0.00212521152571, -0.00214086147025, 0.00113865709864, -0.00114014581777, 0.00161755445879, -0.000978995114565, 0.00113286147825, -0.000619586673565, 0.00120259029791, -0.00557885318995, 0.0141693968326, -0.00625060452148], [0.000248905504122, -0.00169777765404, 0.00160682201385, -0.00167678983416, 0.000884095497895, -0.00154039543122, 0.00245935493149, -0.00223356345668, 0.00117835053243, -3.93882510252e-05, 0.00283554731868, -0.00625060452148, 0.0146277938038]], "mean": [-63.1506614685, 99.1616897583, -113.697380066, 39.4726753235, -54.3987350464, 5.77277755737, -35.3884391785, -2.83786916733, -23.6522407532, -1.89974689484, -16.1338996887, -8.53942394257, -12.3182992935]}, "melbands_spread": {"min": 0.306794404984, "max": 254.037765503, "dvar2": 213.770507812, "median": 14.7093420029, "dmean2": 9.40556144714, "dmean": 6.26923418045, "var": 472.203948975, "dvar": 102.448005676, "mean": 21.9167938232}, "spectral_energy": {"min": 1.01030612171e-20, "max": 0.198201045394, "dvar2": 0.000175271212356, "median": 0.00945119000971, "dmean2": 0.0076222778298, "dmean": 0.00521655799821, "var": 0.000321328290738, "dvar": 8.29588025226e-05, "mean": 0.0158077459782}, "mfcc": {"cov": [[9480.95800781, -2489.9128418, -278.686920166, -196.905410767, -485.7081604, -1.44196367264, -54.9680290222, -22.8501167297, 112.419952393, 308.198791504, 108.709663391, 110.634132385, -30.8034152985], [-2489.9128418, 1860.59082031, 194.274688721, 84.4714584351, 132.306335449, 36.1415786743, 22.6420726776, 10.7684364319, -40.3664131165, -92.8672332764, -3.24862122536, -36.2206115723, -32.0112686157], [-278.686920166, 194.274688721, 926.802368164, 81.4892883301, 91.1451568604, 105.236068726, -1.80402183533, 3.02911925316, -25.0067501068, -110.32093811, -8.53636360168, 44.7212524414, -26.0102977753], [-196.905410767, 84.4714584351, 81.4892883301, 312.891723633, 105.790542603, 43.9963188171, -16.2969875336, 7.75498056412, 20.3025417328, -18.8213672638, -16.0339889526, 14.633055687, 18.9895153046], [-485.7081604, 132.306335449, 91.1451568604, 105.790542603, 264.139556885, 40.9950637817, 15.3317327499, 2.97848582268, 28.1245746613, -22.6458454132, -28.2028179169, 15.7534484863, 31.6517333984], [-1.44196367264, 36.1415786743, 105.236068726, 43.9963188171, 40.9950637817, 191.257904053, 73.3532333374, 16.4620323181, -19.4264736176, -9.13306808472, 19.1032676697, -3.71325659752, -1.88028597832], [-54.9680290222, 22.6420726776, -1.80402183533, -16.2969875336, 15.3317327499, 73.3532333374, 199.846206665, 46.0081863403, -22.6041069031, 13.8932580948, 16.0284080505, -12.1657438278, 14.1673345566], [-22.8501167297, 10.7684364319, 3.02911925316, 7.75498056412, 2.97848582268, 16.4620323181, 46.0081863403, 119.85308075, 33.5614967346, 12.4673948288, 5.58768224716, 0.139235660434, 9.71002292633], [112.419952393, -40.3664131165, -25.0067501068, 20.3025417328, 28.1245746613, -19.4264736176, -22.6041069031, 33.5614967346, 144.38394165, 35.4588623047, -6.59645605087, 12.7442159653, -2.56874799728], [308.198791504, -92.8672332764, -110.32093811, -18.8213672638, -22.6458454132, -9.13306808472, 13.8932580948, 12.4673948288, 35.4588623047, 140.18800354, 45.208316803, -2.66559529305, -1.49611485004], [108.709663391, -3.24862122536, -8.53636360168, -16.0339889526, -28.2028179169, 19.1032676697, 16.0284080505, 5.58768224716, -6.59645605087, 45.208316803, 112.665222168, 23.65184021, -4.27085542679], [110.634132385, -36.2206115723, 44.7212524414, 14.633055687, 15.7534484863, -3.71325659752, -12.1657438278, 0.139235660434, 12.7442159653, -2.66559529305, 23.65184021, 108.780937195, 34.7594604492], [-30.8034152985, -32.0112686157, -26.0102977753, 18.9895153046, 31.6517333984, -1.88028597832, 14.1673345566, 9.71002292633, -2.56874799728, -1.49611485004, -4.27085542679, 34.7594604492, 110.657043457]], "icov": [[0.000186636912986, 0.000219907175051, -2.13685852941e-05, -9.38047196541e-06, 0.000252669036854, -0.000122049925267, 2.65806993411e-05, 5.806817353e-05, -8.09485864011e-05, -0.00025138395722, 3.64275656466e-05, -0.000174663597136, 8.0305049778e-05], [0.000219907175051, 0.000857253966387, -8.66791669978e-05, -9.03071413632e-05, -1.10572600533e-05, -4.5390221203e-05, -1.50429632413e-05, -4.68336475024e-05, 4.24571117037e-05, 7.13480330887e-05, -0.000225876603508, 6.23692249064e-05, 0.000286395923467], [-2.13685852941e-05, -8.66791669978e-05, 0.0013689113548, -9.76569135673e-05, -0.000309897295665, -0.000642610830255, 0.000178015397978, -0.000172969623236, 0.000118178490084, 0.000951243797317, -8.70329458849e-05, -0.000677927047946, 0.000602806278039], [-9.38047196541e-06, -9.03071413632e-05, -9.76569135673e-05, 0.00391507614404, -0.00129467085935, -0.000882287975401, 0.000782992283348, -0.000308467744617, -0.000253495963989, 6.41473670839e-05, 0.000265194510575, -0.000165302291862, -0.000384251296055], [0.000252669036854, -1.10572600533e-05, -0.000309897295665, -0.00129467085935, 0.00546229211614, -0.000862849294208, -0.000500015739817, 0.000763379270211, -0.00136783113703, -0.000230885270867, 0.00118123192806, -0.00056294479873, -0.00117601826787], [-0.000122049925267, -4.5390221203e-05, -0.000642610830255, -0.000882287975401, -0.000862849294208, 0.00719247665256, -0.00247835577466, -0.000157410438987, 0.000628509267699, 0.000526668096427, -0.00144185940735, 0.000711652159225, 0.000395905488404], [2.65806993411e-05, -1.50429632413e-05, 0.000178015397978, 0.000782992283348, -0.000500015739817, -0.00247835577466, 0.00697497325018, -0.00262228003703, 0.00147544848733, -0.000818105181679, -0.000231131154578, 0.000690990302246, -0.000854249403346], [5.806817353e-05, -4.68336475024e-05, -0.000172969623236, -0.000308467744617, 0.000763379270211, -0.000157410438987, -0.00262228003703, 0.0103537682444, -0.00309747690335, 3.27027305502e-06, -0.000333045521984, 0.000363320141332, -0.000977774616331], [-8.09485864011e-05, 4.24571117037e-05, 0.000118178490084, -0.000253495963989, -0.00136783113703, 0.000628509267699, 0.00147544848733, -0.00309747690335, 0.00920777954161, -0.00260035530664, 0.00146486388985, -0.00137836148497, 0.00121394894086], [-0.00025138395722, 7.13480330887e-05, 0.000951243797317, 6.41473670839e-05, -0.000230885270867, 0.000526668096427, -0.000818105181679, 3.27027305502e-06, -0.00260035530664, 0.0106879044324, -0.00445523764938, 0.00143773586024, -0.000196739769308], [3.64275656466e-05, -0.000225876603508, -8.70329458849e-05, 0.000265194510575, 0.00118123192806, -0.00144185940735, -0.000231131154578, -0.000333045521984, 0.00146486388985, -0.00445523764938, 0.0121387392282, -0.00364987784997, 0.00116403773427], [-0.000174663597136, 6.23692249064e-05, -0.000677927047946, -0.000165302291862, -0.00056294479873, 0.000711652159225, 0.000690990302246, 0.000363320141332, -0.00137836148497, 0.00143773586024, -0.00364987784997, 0.0121704190969, -0.004085178487], [8.0305049778e-05, 0.000286395923467, 0.000602806278039, -0.000384251296055, -0.00117601826787, 0.000395905488404, -0.000854249403346, -0.000977774616331, 0.00121394894086, -0.000196739769308, 0.00116403773427, -0.004085178487, 0.0112417209893]], "mean": [-706.335571289, 124.143295288, 2.20156502724, 33.3776054382, 3.44495987892, 9.14930438995, -1.81078481674, -2.40705657005, -4.80584144592, 2.11016941071, -2.86304116249, -3.86082863808, -4.34039402008]}, "spectral_contrast_valleys": {"min": [-28.2180557251, -27.76994133, -27.5852794647, -27.5463485718, -27.4844245911, -27.3138484955], "max": [-5.16092681885, -4.41885995865, -5.54287815094, -5.51614093781, -5.1204457283, -7.33804941177], "dvar2": [0.323474675417, 0.253894805908, 0.20188356936, 0.177758440375, 0.236814618111, 0.326263517141], "median": [-7.60468482971, -7.38999176025, -8.23092556, -8.40334415436, -8.19077205658, -10.9584102631], "dmean2": [0.633915364742, 0.528903365135, 0.471209138632, 0.415117710829, 0.369733601809, 0.420709937811], "dmean": [0.388095676899, 0.328644752502, 0.301901757717, 0.27273774147, 0.255803734064, 0.327464938164], "var": [1.27065896988, 1.15362024307, 1.01609790325, 1.15118801594, 1.38724172115, 1.94702005386], "dvar": [0.143194556236, 0.117860846221, 0.0969149246812, 0.0939713045955, 0.128446981311, 0.20213341713], "mean": [-7.73473548889, -7.45884084702, -8.27872753143, -8.46649074554, -8.26044178009, -10.9598970413]}, "barkbands_flatness_db": {"min": 0.0228270944208, "max": 0.43914476037, "dvar2": 0.000915655225981, "median": 0.150152683258, "dmean2": 0.0309838615358, "dmean": 0.0209442414343, "var": 0.00376709573902, "dvar": 0.000448289560154, "mean": 0.158611342311}, "dynamic_complexity": 4.67447423935, "erbbands_flatness_db": {"min": 0.0450996086001, "max": 0.39789044857, "dvar2": 0.00061867228942, "median": 0.168154224753, "dmean2": 0.025