{"lowlevel": {"spectral_complexity": {"min": 0, "max": 59, "dvar2": 31.6635951996, "median": 17, "dmean2": 5.00771856308, "dmean": 3.36811256409, "var": 144.564727783, "dvar": 17.525177002, "mean": 19.4121322632}, "silence_rate_20dB": {"min": 1, "max": 1, "dvar2": 0, "median": 1, "dmean2": 0, "dmean": 0, "var": 0, "dvar": 0, "mean": 1}, "average_loudness": 0.753329277039, "erbbands_spread": {"min": 4.03241682053, "max": 158.851119995, "dvar2": 191.750411987, "median": 35.967918396, "dmean2": 11.4169006348, "dmean": 7.51091051102, "var": 342.962463379, "dvar": 85.9794158936, "mean": 38.650062561}, "spectral_kurtosis": {"min": -1.2128174305, "max": 54.7605323792, "dvar2": 16.1671524048, "median": 3.391269207, "dmean2": 2.99441671371, "dmean": 1.76966917515, "var": 17.8441982269, "dvar": 6.15889883041, "mean": 4.57945346832}, "barkbands_kurtosis": {"min": -1.91973316669, "max": 532.52746582, "dvar2": 146.808883667, "median": 0.455714941025, "dmean2": 3.44919586182, "dmean": 2.22115015984, "var": 156.955657959, "dvar": 65.6231994629, "mean": 3.32251501083}, "spectral_strongpeak": {"min": 0, "max": 17.4797439575, "dvar2": 2.98823785782, "median": 0.466826885939, "dmean2": 0.983748793602, "dmean": 0.571740925312, "var": 2.06332087517, "dvar": 1.17129838467, "mean": 1.00758981705}, "spectral_spread": {"min": 1217850, "max": 42731868, "dvar2": 1642679631870.0, "median": 3906898.75, "dmean2": 775383.6875, "dmean": 558043.5625, "var": 3219998900220.0, "dvar": 923030650880, "mean": 4353344}, "spectral_rms": {"min": 3.55525844498e-06, "max": 0.0124948956072, "dvar2": 1.62474464105e-06, "median": 0.00398916937411, "dmean2": 0.000884680775926, "dmean": 0.000588536786381, "var": 2.99843827634e-06, "dvar": 7.27997758077e-07, "mean": 0.00408358033746}, "erbbands": {"min": [4.43638725756e-08, 1.28191018689e-07, 6.73247555483e-08, 8.13537837985e-07, 1.23459471979e-06, 1.07855521492e-06, 1.96459768631e-06, 2.45379965236e-06, 1.97937606572e-06, 3.59371188097e-06, 1.79140806722e-05, 3.396103466e-06, 2.324901061e-06, 4.22515813625e-06, 2.48915671364e-06, 3.28167561747e-06, 8.73799763212e-06, 5.07945833306e-06, 4.40277335656e-06, 1.14134363685e-05, 7.92144328443e-06, 2.11824703911e-06, 5.84026429351e-06, 1.40600968734e-06, 8.8711266244e-07, 7.65913910072e-07, 6.17559123839e-07, 7.38932897093e-07, 9.93207095235e-07, 1.1185435369e-06, 5.28749296791e-07, 4.33958774693e-07, 1.26645329601e-06, 1.15453985927e-06, 5.69857149912e-07, 2.57627988276e-07, 5.22914795908e-08, 6.57124488157e-08, 1.00169881279e-08, 8.89499085499e-10], "max": [1.44490599632, 19.4666290283, 63.3698425293, 133.979370117, 147.083374023, 457.160888672, 214.197601318, 246.029266357, 246.766525269, 578.187316895, 820.766052246, 868.10369873, 1003.89379883, 1176.93566895, 562.139099121, 710.684509277, 504.925231934, 564.814147949, 1169.56079102, 880.599731445, 860.098632812, 425.021240234, 401.635314941, 1379.01330566, 862.586486816, 391.277893066, 333.533630371, 390.145721436, 183.531845093, 178.100921631, 226.583023071, 134.191955566, 97.6071624756, 60.3346633911, 52.4079818726, 18.3331184387, 7.05343532562, 1.3794426918, 0.215883508325, 0.0231632962823], "dvar2": [0.028101047501, 3.69091582298, 36.405090332, 87.3477325439, 220.042800903, 2320.36962891, 407.969909668, 381.595458984, 218.401245117, 1314.96643066, 2723.66870117, 1232.22912598, 2043.69689941, 2703.61767578, 1166.37609863, 1912.21020508, 702.569519043, 942.725769043, 3123.20898438, 3201.16601562, 1168.29846191, 525.831848145, 550.677856445, 3723.42749023, 1295.9453125, 523.269104004, 598.286254883, 487.541381836, 132.503265381, 83.6271133423, 86.5284957886, 30.3015365601, 22.2384395599, 15.7002305984, 7.80818510056, 0.959967017174, 0.126016408205, 0.0104198446497, 0.000602624029852, 5.57845032745e-06], "median": [0.0352472476661, 0.260563313961, 0.962572097778, 2.49285292625, 3.90043282509, 5.54168224335, 4.4612736702, 4.07634830475, 4.00562000275, 6.49960565567, 8.88013839722, 9.06060218811, 5.60275125504, 8.05400943756, 8.36036586761, 10.7406425476, 8.4586353302, 8.45905303955, 9.92133808136, 9.00227642059, 9.39357280731, 7.52745485306, 10.1797266006, 12.9639396667, 11.3124170303, 7.55507230759, 5.74328565598, 4.50090742111, 2.3855278492, 1.09871459007, 0.649498522282, 0.372381687164, 0.253791838884, 0.126095667481, 0.045802231878, 0.014247264713, 0.00322534982115, 0.000492695427965, 4.78402289446e-05, 2.62471967289e-05], "dmean2": [0.0626135617495, 0.621514737606, 2.21367454529, 3.77179098129, 6.90736198425, 16.2494602203, 9.2602481842, 7.75091838837, 7.00862312317, 16.3802547455, 21.9075012207, 15.961353302, 14.6121778488, 20.5314159393, 16.4648170471, 22.7640609741, 14.526309967, 16.5576152802, 23.5933456421, 24.2049865723, 17.4259681702, 12.0345916748, 13.982219696, 25.7289485931, 16.6062393188, 11.3952960968, 11.1619920731, 9.31639289856, 5.08954048157, 3.65605831146, 3.17309951782, 1.93576705456, 1.67709851265, 1.24038767815, 0.830224215984, 0.29347333312, 0.0997276827693, 0.0275670066476, 0.00633782986552, 0.000587920483667], "dmean": [0.0381947010756, 0.366206914186, 1.29306125641, 2.2349281311, 4.10903215408, 9.40742111206, 5.60579633713, 4.76230049133, 4.40569877625, 11.010723114, 15.0433444977, 10.9442710876, 9.78428268433, 13.888833046, 10.9272537231, 14.6452455521, 9.28990840912, 10.4254655838, 15.2649431229, 15.6044111252, 11.1466016769, 7.65793895721, 8.75792980194, 16.161605835, 10.6649246216, 7.35977745056, 6.9570016861, 6.00838041306, 3.37684702873, 2.4699151516, 2.1255967617, 1.31419098377, 1.12852811813, 0.809765815735, 0.537276566029, 0.194218888879, 0.0648668184876, 0.0175116788596, 0.0039368905127, 0.000360811507562], "var": [0.0142158698291, 1.19678771496, 13.5977134705, 45.0895690918, 86.4703979492, 631.149230957, 216.029251099, 209.498565674, 191.251968384, 1876.83056641, 5559.92529297, 1765.1796875, 1738.7064209, 4126.16699219, 2080.25708008, 1872.6986084, 745.868164062, 1113.32141113, 6180.69580078, 4004.64355469, 2035.80517578, 800.213317871, 649.52545166, 3565.1784668, 1308.05200195, 606.417480469, 568.114868164, 484.904083252, 203.379852295, 138.593902588, 156.143783569, 47.1649398804, 40.1367607117, 16.2142524719, 7.95129585266, 1.09620904922, 0.10094410181, 0.00598100339994, 0.000271852331934, 2.27223949878e-06], "dvar": [0.0112365055829, 1.36540770531, 13.1687383652, 32.4401321411, 80.880027771, 829.568481445, 151.18321228, 143.654708862, 89.5225906372, 654.128417969, 1377.20031738, 633.865478516, 905.359802246, 1309.4666748, 532.553955078, 804.005493164, 305.974365234, 394.858917236, 1360.14782715, 1367.03283691, 522.440490723, 220.343933105, 222.042007446, 1555.94152832, 524.649414062, 225.503952026, 241.778045654, 200.133605957, 60.6476898193, 39.004108429, 38.0512771606, 13.5718040466, 9.99118041992, 6.6620054245, 3.39534568787, 0.462864279747, 0.0605569332838, 0.00473206024617, 0.000260467553744, 2.37988729168e-06], "mean": [0.0729112103581, 0.576795101166, 2.12457442284, 4.56194543839, 6.48296022415, 11.7097663879, 9.32763290405, 8.54523086548, 8.19850826263, 20.6765556335, 32.3613777161, 21.8366756439, 18.6550731659, 28.6272716522, 23.5910110474, 27.1512889862, 17.6306705475, 20.6352882385, 33.2807197571, 31.6816825867, 23.538526535, 16.6345405579, 19.1128101349, 33.1478996277, 24.1154098511, 16.128156662, 14.540268898, 12.6398935318, 7.59757137299, 5.34995222092, 4.61633872986, 2.71692585945, 2.30690431595, 1.46522057056, 0.878435254097, 0.300834715366, 0.0814725235105, 0.0186472740024, 0.00373409036547, 0.000333206175128]}, "zerocrossingrate": {"min": 0.00537109375, "max": 0.41259765625, "dvar2": 0.000306296395138, "median": 0.0625, "dmean2": 0.0132603542879, "dmean": 0.0114748477936, "var": 0.00202306965366, "dvar": 0.000255480321357, "mean": 0.0714852884412}, "spectral_contrast_coeffs": {"min": [-0.975459098816, -0.956330120564, -0.950286626816, -0.9588342309, -0.961299836636, -0.958223104477], "max": [-0.24713589251, -0.347921401262, -0.367524415255, -0.46265360713, -0.501016974449, -0.505416095257], "dvar2": [0.00484197493643, 0.00340808113106, 0.00230857077986, 0.00172544864472, 0.00113911856897, 0.000851344375405], "median": [-0.643649101257, -0.724156618118, -0.734118521214, -0.744847595692, -0.763420522213, -0.732550024986], "dmean2": [0.0781639590859, 0.0709138214588, 0.0577984191477, 0.0508972145617, 0.039770681411, 0.0314026996493], "dmean": [0.0473774448037, 0.0441225990653, 0.0369587950408, 0.032615788281, 0.0258289016783, 0.0209046266973], "var": [0.00923022907227, 0.00706625543535, 0.00570434145629, 0.00403968151659, 0.00338120944798, 0.00317145395093], "dvar": [0.00187936332077, 0.00144057488069, 0.00100655423012, 0.000768287165556, 0.000556222279556, 0.000427153630881], "mean": [-0.62827193737, -0.713423550129, -0.729423046112, -0.741370379925, -0.755647480488, -0.731051325798]}, "dissonance": {"min": 0.10879984498, "max": 0.499999940395, "dvar2": 0.000950791582, "median": 0.468790113926, "dmean2": 0.0294593684375, "dmean": 0.0179488752037, "var": 0.00144401553553, "dvar": 0.000374109105906, "mean": 0.4569889009}, "spectral_energyband_high": {"min": 3.43486600274e-10, "max": 0.029201650992, "dvar2": 1.75336197117e-06, "median": 0.000442631746409, "dmean2": 0.000651393900625, "dmean": 0.000465281831566, "var": 4.71780685984e-06, "dvar": 9.40404902394e-07, "mean": 0.00120682071429}, "spectral_skewness": {"min": -0.165086627007, "max": 5.40867614746, "dvar2": 0.163860812783, "median": 1.27907454967, "dmean2": 0.369150489569, "dmean": 0.230017289519, "var": 0.347381770611, "dvar": 0.068604119122, "mean": 1.41028833389}, "spectral_flux": {"min": 7.51630141167e-05, "max": 0.30372145772, "dvar2": 0.00139088218566, "median": 0.0622371099889, "dmean2": 0.0311523322016, "dmean": 0.0202458463609, "var": 0.00190980976913, "dvar": 0.000663485203404, "mean": 0.0694758594036}, "silence_rate_30dB": {"min": 0, "max": 1, "dvar2": 0.00175737810787, "median": 1, "dmean2": 0.0011724474607, "dmean": 0.000586166454013, "var": 0.000292955490295, "dvar": 0.000585842935834, "mean": 0.999706923962}, "spectral_energyband_middle_high": {"min": 1.59129753818e-09, "max": 0.0608178973198, "dvar2": 9.8315294963e-06, "median": 0.00323718134314, "dmean2": 0.00204510404728, "dmean": 0.00140571012162, "var": 3.94299895561e-05, "dvar": 4.8160645747e-06, "mean": 0.00543328281492}, "barkbands_spread": {"min": 0.291684031487, "max": 101.760574341, "dvar2": 121.621177673, "median": 25.8132400513, "dmean2": 8.64752101898, "dmean": 5.70144224167, "var": 263.395202637, "dvar": 55.2818717957, "mean": 27.0795497894}, "spectral_centroid": {"min": 192.776641846, "max": 11477.8837891, "dvar2": 182863.40625, "median": 1592.23193359, "dmean2": 371.572540283, "dmean": 244.631469727, "var": 594709.5, "dvar": 92440.171875, "mean": 1594.64282227}, "pitch_salience": {"min": 0.0732939615846, "max": 0.886402547359, "dvar2": 0.00982096698135, "median": 0.561588704586, "dmean2": 0.103595115244, "dmean": 0.0633707717061, "var": 0.0115647353232, "dvar": 0.00370380375534, "mean": 0.55335599184}, "erbbands_skewness": {"min": -5.60001802444, "max": 7.76296377182, "dvar2": 0.255320996046, "median": 0.0626398324966, "dmean2": 0.492670059204, "dmean": 0.330102562904, "var": 0.808601379395, "dvar": 0.124562248588, "mean": 0.152821287513}, "erbbands_crest": {"min": 2.41175508499, "max": 30.3617210388, "dvar2": 13.4141712189, "median": 7.98019123077, "dmean2": 3.86358380318, "dmean": 2.45027661324, "var": 23.5741825104, "dvar": 5.74226284027, "mean": 9.29969406128}, "melbands": {"min": [4.07321620877e-10, 1.14591655609e-10, 2.29207375302e-10, 8.66788169018e-11, 6.72658109768e-11, 5.22862447783e-11, 2.92023349946e-11, 6.1703100962e-11, 1.41910275198e-10, 1.19739513443e-11, 1.11991301649e-11, 1.79794026889e-11, 7.3112687779e-12, 9.07892250962e-12, 1.28228868496e-11, 1.49921446785e-11, 7.6594919643e-12, 7.5387907722e-12, 7.74407794835e-12, 1.78867146788e-11, 7.28589324289e-12, 1.58741975727e-12, 3.39525000996e-12, 5.59356597499e-12, 5.48669887735e-13, 6.10475157838e-13, 6.60847732873e-13, 4.48980777687e-13, 4.31293591336e-13, 3.0811014547e-13, 4.94980792465e-13, 4.60370240193e-13, 9.0375395969e-13, 4.65510063222e-13, 3.29314131303e-13, 1.7495956127e-13, 3.04448523683e-13, 5.58752642679e-13, 1.84939997344e-12, 6.04400644116e-13], "max": [0.0168941915035, 0.0299867410213, 0.0196837261319, 0.0209908317775, 0.00836466811597, 0.00524556310847, 0.00339215015993, 0.00615340797231, 0.00746518513188, 0.00480795418844, 0.00515311444178, 0.0049993111752, 0.00279223709367, 0.00145861483179, 0.00184467586223, 0.000922695791814, 0.00138670450542, 0.00249846186489, 0.00143232697155, 0.00166210928001, 0.000767914403696, 0.000548616284505, 0.000304661341943, 0.000398343632696, 0.00136093108449, 0.000866953691002, 0.000748000107706, 0.000233244005358, 0.000273392914096, 0.000303651730064, 0.000200939088245, 0.000118811578432, 0.000133294888656, 7.96574531705e-05, 0.00013388915977, 0.00019889890973, 6.76754134474e-05, 7.05166457919e-05, 8.72567979968e-05, 5.52520250494e-05], "dvar2": [2.94912319987e-06, 7.87051340012e-06, 2.24123505177e-06, 6.26903374723e-06, 8.34756292534e-07, 1.66051705719e-07, 6.09266308516e-08, 1.70998859517e-07, 1.80776382308e-07, 5.15629103859e-08, 5.78726258027e-08, 5.10992279601e-08, 1.59617741247e-08, 1.11427231886e-08, 1.31341266751e-08, 3.89084142682e-09, 5.01266006481e-09, 1.27008110695e-08, 1.19036025481e-08, 3.7785663487e-09, 1.60016611073e-09, 9.71846714215e-10, 3.9836173249e-10, 5.76505121419e-10, 3.66454866452e-09, 1.3575995883e-09, 6.49849674073e-10, 2.59971183469e-10, 2.85010043344e-10, 2.66871968968e-10, 1.9621060332e-10, 5.76726340296e-11, 4.99100170914e-11, 2.7671084174e-11, 3.80674276823e-11, 3.99706899523e-11, 1.02538888838e-11, 1.18595229123e-11, 1.98644885263e-11, 1.1646445093e-11], "median": [0.000339606893249, 0.000506483193021, 0.000486962788273, 0.000360697566066, 0.000187325887964, 9.31498361751e-05, 6.12670919509e-05, 7.0724352554e-05, 6.57904747641e-05, 4.73453765153e-05, 2.45971477852e-05, 2.99340517813e-05, 2.66193274001e-05, 2.69004740403e-05, 2.23130482482e-05, 1.61135922099e-05, 1.38354034789e-05, 1.44937212099e-05, 1.22652900245e-05, 1.03381462395e-05, 9.87427119981e-06, 6.86651492288e-06, 6.86837665853e-06, 8.10854908195e-06, 9.69135726336e-06, 7.246248515e-06, 6.53441929899e-06, 4.00168391934e-06, 3.00775377582e-06, 3.25142218571e-06, 1.91548269868e-06, 1.30936155074e-06, 8.6543946054e-07, 4.6661784836e-07, 3.74636584866e-07, 2.57482469124e-07, 2.01420249368e-07, 1.75797495672e-07, 1.42148465443e-07, 8.63525144723e-08], "dmean2": [0.000608202477451, 0.00100208597723, 0.0006465211045, 0.000899525824934, 0.000382439349778, 0.000168200494954, 0.000118332289276, 0.000190932696569, 0.000175295703229, 0.000101747595181, 7.64088254073e-05, 8.4867431724e-05, 6.05884051765e-05, 5.47418385395e-05, 5.43334172107e-05, 3.47614259226e-05, 3.49485271727e-05, 4.33359928138e-05, 4.52372478321e-05, 2.78656407318e-05, 2.06980075745e-05, 1.52079128384e-05, 1.16390665426e-05, 1.38258883453e-05, 2.46821400651e-05, 1.53054843395e-05, 1.2171646631e-05, 7.55279097575e-06, 7.34178229322e-06, 7.56974850447e-06, 5.54515600015e-06, 3.22978530676e-06, 2.71559247267e-06, 2.05478318094e-06, 2.06614436138e-06, 1.75225204657e-06, 1.13673968372e-06, 1.21720188417e-06, 1.29978150198e-06, 1.07032894903e-06], "dmean": [0.00036804843694, 0.000589493778534, 0.000384004786611, 0.000525110517628, 0.000228203120059, 0.000103416583443, 7.45763318264e-05, 0.000129023334011, 0.000120763397717, 6.91102104611e-05, 5.11823891429e-05, 5.74463520024e-05, 4.04550555686e-05, 3.53369141521e-05, 3.49944348272e-05, 2.19262601604e-05, 2.18656496145e-05, 2.80650365312e-05, 2.86415488517e-05, 1.78327954927e-05, 1.31741435325e-05, 9.57324573392e-06, 7.35450839784e-06, 8.66029222379e-06, 1.5428990082e-05, 9.673394743e-06, 7.74660838943e-06, 4.78314041175e-06, 4.55057715953e-06, 4.73746194984e-06, 3.5063778796e-06, 2.09118297789e-06, 1.80100914804e-06, 1.36044570809e-06, 1.36093069614e-06, 1.1502201005e-06, 7.5669851185e-07, 8.04882915872e-07, 8.66774371389e-07, 6.81260360125e-07], "var": [1.25246879179e-06, 2.91407332043e-06, 1.20470588172e-06, 1.79600715455e-06, 3.22479365877e-07, 9.04305892391e-08, 6.42464783596e-08, 2.91621631732e-07, 3.47951612412e-07, 6.67378756702e-08, 4.82486406383e-08, 6.86365027036e-08, 2.8837815691e-08, 1.47505501147e-08, 1.16179768028e-08, 3.21048698737e-09, 5.21401188891e-09, 2.28947207859e-08, 1.27779475889e-08, 6.24562801477e-09, 2.26555108007e-09, 1.40673017679e-09, 4.50946113784e-10, 6.15706985396e-10, 3.30944027738e-09, 1.10447295754e-09, 7.63394958359e-10, 2.28727189966e-10, 2.33233210523e-10, 2.39283648451e-10, 1.7622035775e-10, 6.7465144582e-11, 6.75963174324e-11, 3.56468084217e-11, 5.24063223373e-11, 5.18762637014e-11, 1.22636874614e-11, 1.91267956334e-11, 2.17527940105e-11, 9.78597237966e-12], "dvar": [1.15209616069e-06, 2.90892444355e-06, 8.31759962239e-07, 2.26086558541e-06, 3.01621554399e-07, 6.23055882443e-08, 2.54537706468e-08, 8.85792204031e-08, 8.94562788289e-08, 2.56845886781e-08, 2.56685144251e-08, 2.40875852597e-08, 7.81034348307e-09, 4.65650717985e-09, 5.7824758315e-09, 1.62148561245e-09, 2.11365192015e-09, 5.63288127253e-09, 4.89680074267e-09, 1.64777214096e-09, 6.99533486692e-10, 4.01574967723e-10, 1.69230449099e-10, 2.31604249668e-10, 1.53828860761e-09, 5.38334210543e-10, 2.87768753271e-10, 1.06820587098e-10, 1.13582566963e-10, 1.07020010909e-10, 7.95515459062e-11, 2.53372062914e-11, 2.19378109428e-11, 1.24609437352e-11, 1.61085467881e-11, 1.68539279755e-11, 4.58206996651e-12, 5.18434210492e-12, 8.50077560427e-12, 4.80979448977e-12], "mean": [0.000668252178002, 0.00100891164038, 0.000810849189293, 0.000689390464686, 0.000362064718502, 0.000187914381968, 0.000139947107527, 0.000250446260907, 0.000255001476035, 0.000131468696054, 9.21832906897e-05, 0.000114146409032, 8.33982048789e-05, 6.91711320542e-05, 5.80694795644e-05, 3.59967234544e-05, 3.91263893107e-05, 5.56590748602e-05, 5.16586987942e-05, 3.43823448929e-05, 2.59641492448e-05, 1.85319513548e-05, 1.45096419146e-05, 1.73887765413e-05, 2.91285596177e-05, 1.91604995052e-05, 1.52419843289e-05, 9.32942566578e-06, 8.50785090734e-06, 9.28952704271e-06, 6.59802890368e-06, 4.22499897468e-06, 3.71152714251e-06, 2.61306422544e-06, 2.71374960903e-06, 2.24064842769e-06, 1.42543740367e-06, 1.56614487423e-06, 1.56331680046e-06, 1.13024179882e-06]}, "spectral_entropy": {"min": 4.77058362961, "max": 9.80860805511, "dvar2": 0.070454351604, "median": 7.531270504, "dmean2": 0.23643527925, "dmean": 0.166393384337, "var": 0.31983718276, "dvar": 0.0395649895072, "mean": 7.44721651077}, "spectral_rolloff": {"min": 64.599609375, "max": 15116.3085938, "dvar2": 2687650.75, "median": 1593.45703125, "dmean2": 978.053833008, "dmean": 594.909057617, "var": 3187309.25, "dvar": 1195834.625, "mean": 2009.11633301}, "barkbands": {"min": [1.45942272156e-10, 1.28541099986e-09, 3.74133432568e-11, 2.68389838132e-10, 4.02928246324e-10, 2.65515609499e-10, 3.15660900196e-11, 9.00899244094e-10, 9.51023496065e-11, 1.32368130346e-10, 5.12013105525e-11, 8.59485468907e-11, 1.25495711045e-10, 8.34284100137e-11, 9.48668504863e-11, 1.78146802865e-10, 3.2979109027e-11, 9.279186447e-11, 1.56206471369e-11, 1.71245465724e-11, 1.39680541439e-11, 3.7608780673e-11, 1.73700984152e-11, 4.18082270193e-11, 1.03246924898e-10, 4.62845109461e-11, 7.81600478783e-11], "max": [0.00188231060747, 0.0754106938839, 0.0613367110491, 0.0468713417649, 0.0857604444027, 0.0273387711495, 0.0235665887594, 0.0410638563335, 0.0358201935887, 0.0362017713487, 0.022382196039, 0.0138360224664, 0.00906403549016, 0.0182523969561, 0.0146446740255, 0.0212223622948, 0.00888171419501, 0.00602945871651, 0.0209209620953, 0.0123848002404, 0.00879073422402, 0.00450019584969, 0.00724861444905, 0.00491944188252, 0.00555445905775, 0.00383252929896, 0.00157579674851], "dvar2": [3.04382972161e-08, 5.27781121491e-05, 3.26668632624e-05, 1.22827350424e-05, 9.43627164816e-05, 4.45236992164e-06, 2.36474556914e-06, 5.53930340175e-06, 2.89891136163e-06, 3.23374933942e-06, 1.4739624703e-06, 1.00427723737e-06, 4.35858822811e-07, 1.23473387248e-06, 1.46775641952e-06, 5.81358506224e-07, 2.44184235498e-07, 2.05823965871e-07, 1.18238187952e-06, 2.63705857151e-07, 3.03068361518e-07, 9.82251719961e-08, 8.4727709293e-08, 4.88390945463e-08, 1.30027615342e-07, 3.88017618036e-08, 2.70697668725e-08], "median": [1.59240935318e-05, 0.00121666956693, 0.000872579810675, 0.000793965707999, 0.00164430425502, 0.000533688580617, 0.000277371087577, 0.000317166151945, 0.000325455650454, 0.000129010921228, 0.000205419069971, 0.000248484779149, 0.000166339741554, 0.000139991112519, 0.000161914693308, 0.00013792757818, 0.000127050836454, 0.000164581375429, 0.000244955619564, 0.000160067764227, 0.000129869004013, 5.80455925956e-05, 2.39258406509e-05, 1.64772955031e-05, 9.19100966712e-06, 2.19578555516e-06, 2.03669117127e-07], "dmean2": [6.9816094765e-05, 0.00245391065255, 0.00222670310177, 0.00133621995337, 0.00360972410999, 0.000942771788687, 0.000707417435478, 0.00103553337976, 0.000737988972105, 0.000547566043679, 0.000546022492927, 0.000535011407919, 0.000366937922081, 0.000484649965074, 0.000538145075552, 0.000357367534889, 0.000257026113104, 0.000267703871941, 0.000472372455988, 0.000266744813416, 0.000256387400441, 0.000134033427457, 0.000107281521196, 8.4906045231e-05, 0.000113095149572, 5.70298398088e-05, 4.20508768002e-05], "dmean": [4.4630443881e-05, 0.00147637852933, 0.00129999662749, 0.000794468214735, 0.00211147638038, 0.000577506842092, 0.000453471729998, 0.000690423243213, 0.00049806345487, 0.000365544081433, 0.000359955884051, 0.000344604457496, 0.000232954451349, 0.000308261049213, 0.000345268606907, 0.000225170399062, 0.000162349446327, 0.000167601465364, 0.000297676044283, 0.000171112755197, 0.000162728712894, 8.99500155356e-05, 7.28231461835e-05, 5.83534310863e-05, 7.39369788789e-05, 3.75301569875e-05, 2.60738524958e-05], "var": [2.18864251167e-08, 1.97486988327e-05, 1.28832116388e-05, 6.29826263321e-06, 2.81408392766e-05, 2.49218896897e-06, 3.08002313432e-06, 1.19395590445e-05, 3.7380204958e-06, 2.75459524346e-06, 2.42753617385e-06, 1.2038699424e-06, 4.08857573575e-07, 1.51757558342e-06, 1.75347474851e-06, 9.49910372583e-07, 3.69143322132e-07, 2.1305145026e-07, 1.11326471597e-06, 3.28708438246e-07, 3.38839356573e-07, 1.54074626835e-07, 1.84700184036e-07, 9.35949273639e-08, 1.42369870559e-07, 3.5938889198e-08, 1.19107861352e-08], "dvar": [1.28238486496e-08, 2.01301081688e-05, 1.16221863209e-05, 4.6062268666e-06, 3.42701459886e-05, 1.66857626027e-06, 1.07757284695e-06, 2.93546713692e-06, 1.4550812466e-06, 1.42796602631e-06, 6.87102556185e-07, 4.26947480037e-07, 1.85747239811e-07, 5.75958154059e-07, 6.30518627531e-07, 2.51890071468e-07, 1.00761830879e-07, 8.18179088924e-08, 4.86133387767e-07, 1.15347134511e-07, 1.26496573216e-07, 4.51665052026e-08, 3.93643269092e-08, 2.27699299415e-08, 5.635966005e-08, 1.89263360539e-08, 1.17104672626e-08], "mean": [8.15375169623e-05, 0.00251693278551, 0.00212195049971, 0.00158702710178, 0.0029343275819, 0.00105332955718, 0.000816763669718, 0.00144460657611, 0.000931070942897, 0.000647532870062, 0.000702906865627, 0.000645992520731, 0.000393249763874, 0.000536065781489, 0.000638520519715, 0.000420513126301, 0.000322596286424, 0.000339564314345, 0.000624508713372, 0.000358308898285, 0.000355710537406, 0.000202782699489, 0.000162489755894, 0.000122701996588, 0.000129520514747, 5.13693739776e-05, 2.38844368141e-05]}, "melbands_flatness_db": {"min": 0.0168385542929, "max": 0.50705832243, "dvar2": 0.00128637137823, "median": 0.176388189197, "dmean2": 0.0328008159995, "dmean": 0.0219346024096, "var": 0.00532797304913, "dvar": 0.000603214022703, "mean": 0.187152668834}, "melbands_skewness": {"min": -2.34866428375, "max": 14.5881328583, "dvar2": 1.12343919277, "median": 2.05739307404, "dmean2": 0.916809678078, "dmean": 0.593958973885, "var": 2.19805812836, "dvar": 0.487034440041, "mean": 2.32018995285}, "barkbands_skewness": {"min": -5.66966247559, "max": 20.1901130676, "dvar2": 0.661827981472, "median": 1.05572366714, "dmean2": 0.676942706108, "dmean": 0.445460855961, "var": 1.61432695389, "dvar": 0.308144271374, "mean": 1.25909304619}, "silence_rate_60dB": {"min": 0, "max": 1, "dvar2": 0.040406383574, "median": 0, "dmean2": 0.0375183187425, "dmean": 0.0187573265284, "var": 0.0649705678225, "dvar": 0.0184045974165, "mean": 0.0698446780443}, "spectral_energyband_low": {"min": 1.98858529643e-09, "max": 0.121531911194, "dvar2": 0.000122040299175, "median": 0.00342992064543, "dmean2": 0.00439518736675, "dmean": 0.00268570519984, "var": 6.2877930759e-05, "dvar": 4.82846189698e-05, "mean": 0.00567725626752}, "spectral_energyband_middle_low": {"min": 3.27316640458e-09, "max": 0.102626465261, "dvar2": 0.000148030158016, "median": 0.0068727415055, "dmean2": 0.00577909965068, "dmean": 0.00359042664059, "var": 7.54790453357e-05, "dvar": 5.68236137042e-05, "mean": 0.00894469860941}, "melbands_kurtosis": {"min": -1.91880440712, "max": 355.122955322, "dvar2": 220.18119812, "median": 5.15026760101, "dmean2": 7.84288978577, "dmean": 4.99336194992, "var": 303.873779297, "dvar": 98.2177734375, "mean": 10.2346906662}, "spectral_decrease": {"min": -4.02083486506e-08, "max": -2.6735961823e-15, "dvar2": 1.93572985375e-17, "median": -3.90848908793e-09, "dmean2": 2.35601316234e-09, "dmean": 1.50047874126e-09, "var": 1.59426225226e-17, "dvar": 7.93021031105e-18, "mean": -4.81700679344e-09}, "erbbands_kurtosis": {"min": -1.89341855049, "max": 74.2973098755, "dvar2": 5.81964588165, "median": -0.271924972534, "dmean2": 1.30847775936, "dmean": 0.851511359215, "var": 7.7893075943, "dvar": 2.7314209938, "mean": 0.457252293825}, "melbands_crest": {"min": 3.29345726967, "max": 33.7859649658, "dvar2": 25.3483352661, "median": 11.7826032639, "dmean2": 4.84983348846, "dmean": 2.96726751328, "var": 24.8444099426, "dvar": 9.52820587158, "mean": 12.7635450363}, "gfcc": {"cov": [[8481.21484375, -1967.44177246, 235.027862549, 773.223022461, -20.3267383575, 707.871704102, 126.239265442, 435.966491699, -145.001144409, 201.082229614, -237.386230469, -55.3995780945, -11.0221204758], [-1967.44177246, 1956.2923584, -464.162902832, -26.3710403442, 324.079071045, -246.825912476, 220.168334961, -152.866210938, 119.522140503, -82.1317062378, 129.174835205, -55.288230896, 68.1449203491], [235.027862549, -464.162902832, 986.912353516, 19.0843296051, 5.75061321259, 192.856567383, -98.9451675415, 17.1295776367, -57.4216423035, 32.2519645691, -30.8557720184, 45.4991340637, -74.3743896484], [773.223022461, -26.3710403442, 19.0843296051, 580.840942383, 157.703262329, 57.7055854797, 76.4454650879, 19.8539676666, -3.5503256321, 31.522485733, -34.2922782898, -20.0729675293, 39.5411109924], [-20.3267383575, 324.079071045, 5.75061321259, 157.703262329, 426.372131348, 42.0500640869, 146.805755615, 23.7332553864, 31.1350631714, 27.9009647369, -2.15249037743, -3.71510314941, 47.1790618896], [707.871704102, -246.825912476, 192.856567383, 57.7055854797, 42.0500640869, 325.522277832, 60.5671081543, 77.8143615723, -28.6296463013, 36.6399497986, -23.9312725067, 3.84075188637, -24.8958263397], [126.239265442, 220.168334961, -98.9451675415, 76.4454650879, 146.805755615, 60.5671081543, 251.218597412, 49.3652648926, 20.5894184113, 8.89478969574, 6.47721576691, -4.32410621643, 27.7596473694], [435.966491699, -152.866210938, 17.1295776367, 19.8539676666, 23.7332553864, 77.8143615723, 49.3652648926, 165.85899353, 34.3815422058, 30.7263851166, -12.3343067169, -2.67425608635, -1.52288150787], [-145.001144409, 119.522140503, -57.4216423035, -3.5503256321, 31.1350631714, -28.6296463013, 20.5894184113, 34.3815422058, 137.958328247, 26.6342658997, 10.3344564438, -8.40738582611, -5.09311628342], [201.082229614, -82.1317062378, 32.2519645691, 31.522485733, 27.9009647369, 36.6399497986, 8.89478969574, 30.7263851166, 26.6342658997, 100.20677948, 18.8616943359, -2.85381507874, -9.40710067749], [-237.386230469, 129.174835205, -30.8557720184, -34.2922782898, -2.15249037743, -23.9312725067, 6.47721576691, -12.3343067169, 10.3344564438, 18.8616943359, 98.5699920654, 20.4008655548, -1.37206399441], [-55.3995780945, -55.288230896, 45.4991340637, -20.0729675293, -3.71510314941, 3.84075188637, -4.32410621643, -2.67425608635, -8.40738582611, -2.85381507874, 20.4008655548, 90.9828491211, 23.634967804], [-11.0221204758, 68.1449203491, -74.3743896484, 39.5411109924, 47.1790618896, -24.8958263397, 27.7596473694, -1.52288150787, -5.09311628342, -9.40710067749, -1.37206399441, 23.634967804, 84.616607666]], "icov": [[0.000224558869377, 0.000168921047589, 9.04275366338e-05, -0.000233520258917, 3.58905053872e-05, -0.000260237371549, -6.45728650852e-05, -0.000268392817816, 0.000162362121046, -0.000168609578395, 0.000162989104865, 0.000127807434183, -4.04348538723e-05], [0.000168921047589, 0.00123172765598, 0.000240571418544, -9.63911861618e-06, -0.000710855354555, 0.00015894327953, -0.000739342707675, 0.000799312139861, -0.000729696417693, 0.000994939240627, -0.00129072135314, 0.00101015449036, -0.000290342723019], [9.04275366338e-05, 0.000240571418544, 0.001493597636, -0.0001342005271, -0.000455036381027, -0.000773797684815, 0.000626668974292, 6.18575286353e-05, 0.000335241405992, -0.000136678208946, 0.000286882539513, -0.000898643571418, 0.00127577187959], [-0.000233520258917, -9.63911861618e-06, -0.0001342005271, 0.00233860942535, -0.000687318737619, 0.000142588440212, -0.000256306608208, 0.000550373981241, -0.000102749821963, -0.000332023337251, 0.000272886652965, 0.000560062297154, -0.00090937956702], [3.58905053872e-05, -0.000710855354555, -0.000455036381027, -0.000687318737619, 0.00391159486026, -0.000302124768496, -0.00132778659463, -0.000315819837851, -9.48323722696e-05, -0.00135296443477, 0.000971311703324, -0.000127383347717, -0.00144634826574], [-0.000260237371549, 0.00015894327953, -0.000773797684815, 0.000142588440212, -0.000302124768496, 0.0050175874494, -0.00138599425554, -0.00106647238135, 0.000988283893093, -0.000641798484139, 0.000233397775446, -0.000267617870122, 0.0012382264249], [-6.45728650852e-05, -0.000739342707675, 0.000626668974292, -0.000256306608208, -0.00132778659463, -0.00138599425554, 0.00644534314051, -0.00171094574034, 0.000239705434069, 0.000125233913423, -4.24114841735e-05, -0.000458892289316, -0.000399302545702], [-0.000268392817816, 0.000799312139861, 6.18575286353e-05, 0.000550373981241, -0.000315819837851, -0.00106647238135, -0.00171094574034, 0.00913175847381, -0.00300559564494, -0.00037409120705, -0.000234817678574, 0.000571715994738, -0.000679530145135], [0.000162362121046, -0.000729696417693, 0.000335241405992, -0.000102749821963, -9.48323722696e-05, 0.000988283893093, 0.000239705434069, -0.00300559564494, 0.0096743395552, -0.00305244699121, 0.000952527683694, -0.000476430839626, 0.00155386817642], [-0.000168609578395, 0.000994939240627, -0.000136678208946, -0.000332023337251, -0.00135296443477, -0.000641798484139, 0.000125233913423, -0.00037409120705, -0.00305244699121, 0.0137970810756, -0.00473670661449, 0.00152691977564, 0.000576345133595], [0.000162989104865, -0.00129072135314, 0.000286882539513, 0.000272886652965, 0.000971311703324, 0.000233397775446, -4.24114841735e-05, -0.000234817678574, 0.000952527683694, -0.00473670661449, 0.0142152756453, -0.0044434601441, 0.0017245055642], [0.000127807434183, 0.00101015449036, -0.000898643571418, 0.000560062297154, -0.000127383347717, -0.000267617870122, -0.000458892289316, 0.000571715994738, -0.000476430839626, 0.00152691977564, -0.0044434601441, 0.0147497253492, -0.00574617413804], [-4.04348538723e-05, -0.000290342723019, 0.00127577187959, -0.00090937956702, -0.00144634826574, 0.0012382264249, -0.000399302545702, -0.000679530145135, 0.00155386817642, 0.000576345133595, 0.0017245055642, -0.00574617413804, 0.016672950238]], "mean": [-14.9469175339, 91.7861785889, -124.753089905, 34.625869751, -55.3075065613, 5.06257104874, -32.1713600159, 2.82902312279, -25.9104804993, -0.51326084137, -15.4720497131, -5.17023992538, -10.4532575607]}, "melbands_spread": {"min": 0.3964202106, "max": 247.047714233, "dvar2": 286.878234863, "median": 25.5729560852, "dmean2": 11.5883579254, "dmean": 7.54480838776, "var": 488.720855713, "dvar": 129.100845337, "mean": 30.4421100616}, "spectral_energy": {"min": 1.29558586082e-08, "max": 0.160025477409, "dvar2": 0.000300899351714, "median": 0.016311308369, "dmean2": 0.00936746783555, "dmean": 0.00602244678885, "var": 0.000276304373983, "dvar": 0.000124804399093, "mean": 0.0201658979058}, "mfcc": {"cov": [[8266.87792969, -1773.8190918, -21.8998737335, 295.763031006, 49.3047409058, 295.248779297, 390.683837891, 193.803726196, 385.18359375, 224.927932739, 116.527503967, -29.4217567444, -2.57347559929], [-1773.8190918, 1624.11608887, -376.100982666, 85.1476669312, 23.4624977112, 7.44032764435, 30.9474925995, -8.74536800385, -6.25585460663, -50.8566246033, 31.0961608887, 35.1703681946, 21.1116352081], [-21.8998737335, -376.100982666, 811.094238281, -99.448890686, 97.1055221558, 55.228679657, -3.19141554832, 19.2294254303, -63.7549171448, -6.12565946579, -1.99435055256, 15.4647979736, 3.70889472961], [295.763031006, 85.1476669312, -99.448890686, 524.329772949, 91.9859695435, 97.9763565063, 59.2092971802, 0.358863770962, 85.0811767578, 13.287065506, -11.9076318741, 17.9768543243, -2.36821460724], [49.3047409058, 23.4624977112, 97.1055221558, 91.9859695435, 256.049957275, 77.3735961914, 54.8892822266, 12.8657445908, 57.042301178, 15.8900527954, 5.32633543015, 32.0417747498, 14.989815712], [295.248779297, 7.44032764435, 55.228679657, 97.9763565063, 77.3735961914, 224.736999512, 110.028625488, 42.1488685608, 59.3809967041, 17.0479507446, 24.9796504974, 8.00550460815, -4.21480941772], [390.683837891, 30.9474925995, -3.19141554832, 59.2092971802, 54.8892822266, 110.028625488, 245.286102295, 58.2814407349, 81.7982406616, 18.3402290344, 31.1898880005, 5.24778032303, -2.61936616898], [193.803726196, -8.74536800385, 19.2294254303, 0.358863770962, 12.8657445908, 42.1488685608, 58.2814407349, 132.765258789, 61.6709289551, 17.2758369446, 9.81009864807, 15.4088659286, 13.1122360229], [385.18359375, -6.25585460663, -63.7549171448, 85.0811767578, 57.042301178, 59.3809967041, 81.7982406616, 61.6709289551, 177.297302246, 46.6104850769, 22.1738700867, 14.1195430756, 5.88498210907], [224.927932739, -50.8566246033, -6.12565946579, 13.287065506, 15.8900527954, 17.0479507446, 18.3402290344, 17.2758369446, 46.6104850769, 116.437866211, 44.374961853, 4.95537281036, 0.0242587011307], [116.527503967, 31.0961608887, -1.99435055256, -11.9076318741, 5.32633543015, 24.9796504974, 31.1898880005, 9.81009864807, 22.1738700867, 44.374961853, 105.522529602, 31.6275405884, 7.87128019333], [-29.4217567444, 35.1703681946, 15.4647979736, 17.9768543243, 32.0417747498, 8.00550460815, 5.24778032303, 15.4088659286, 14.1195430756, 4.95537281036, 31.6275405884, 104.3203125, 37.1918029785], [-2.57347559929, 21.1116352081, 3.70889472961, -2.36821460724, 14.989815712, -4.21480941772, -2.61936616898, 13.1122360229, 5.88498210907, 0.0242587011307, 7.87128019333, 37.1918029785, 86.0698318481]], "icov": [[0.000207658202271, 0.00025585613912, 9.8724689451e-05, -8.08817858342e-05, 5.10102545377e-05, -0.000104999096948, -0.000199850124773, -7.40961550036e-05, -0.000191951025045, -8.67074049893e-05, -0.000169616381754, 9.68354797806e-05, -8.50309443194e-05], [0.00025585613912, 0.00105570210144, 0.000518108310644, -0.000151294487296, -0.00016981686349, -0.000164478755323, -0.00031257304363, -0.000175834444235, 4.61887248093e-05, 0.000336764904205, -0.000579654704779, -8.34688944451e-06, -0.000185626922757], [9.8724689451e-05, 0.000518108310644, 0.00173600798007, 0.000285724323476, -0.000824811460916, -0.000539349915925, -1.45973663166e-05, -0.000520818401128, 0.000942757411394, 4.98909976159e-05, -0.000142392571433, -0.00017883797409, 3.08831549773e-05], [-8.08817858342e-05, -0.000151294487296, 0.000285724323476, 0.00244849617593, -0.000528249889612, -0.000875866855495, 6.41761434963e-05, 0.000703200348653, -0.000761639908887, -0.000111974106403, 0.000926144130062, -0.000575091980863, 0.000249597564107], [5.10102545377e-05, -0.00016981686349, -0.000824811460916, -0.000528249889612, 0.00530801899731, -0.00104539142922, -0.000433573004557, 0.00093657936668, -0.00151282944717, -0.000468020589324, 0.000861835957039, -0.00123450008687, -0.000509125064127], [-0.000104999096948, -0.000164478755323, -0.000539349915925, -0.000875866855495, -0.00104539142922, 0.00677343085408, -0.00200908514671, -0.000896263809409, -0.000240054141614, 0.000283805245999, -0.00105849793181, 0.0004350906529, 0.000550629047211], [-0.000199850124773, -0.00031257304363, -1.45973663166e-05, 6.41761434963e-05, -0.000433573004557, -0.00200908514671, 0.00625356193632, -0.00128081301227, -0.00135249563027, 0.000751834828407, -0.00113966839854, 0.000555081001949, 0.000392286805436], [-7.40961550036e-05, -0.000175834444235, -0.000520818401128, 0.000703200348653, 0.00093657936668, -0.000896263809409, -0.00128081301227, 0.0101669738069, -0.00321361026727, -0.000420036958531, 0.00107760133687, -0.00114240543917, -0.00109721033368], [-0.000191951025045, 4.61887248093e-05, 0.000942757411394, -0.000761639908887, -0.00151282944717, -0.000240054141614, -0.00135249563027, -0.00321361026727, 0.00972926523536, -0.00243125180714, 2.03797990252e-05, -0.000288353650831, 7.9669895058e-05], [-8.67074049893e-05, 0.000336764904205, 4.98909976159e-05, -0.000111974106403, -0.000468020589324, 0.000283805245999, 0.000751834828407, -0.000420036958531, -0.00243125180714, 0.0117305954918, -0.00505556631833, 0.00126369146165, 0.000171067891642], [-0.000169616381754, -0.000579654704779, -0.000142392571433, 0.000926144130062, 0.000861835957039, -0.00105849793181, -0.00113966839854, 0.00107760133687, 2.03797990252e-05, -0.00505556631833, 0.01377828978, -0.00435506692156, 0.000389799883123], [9.68354797806e-05, -8.34688944451e-06, -0.00017883797409, -0.000575091980863, -0.00123450008687, 0.0004350906529, 0.000555081001949, -0.00114240543917, -0.000288353650831, 0.00126369146165, -0.00435506692156, 0.0132721103728, -0.00489333458245], [-8.50309443194e-05, -0.000185626922757, 3.08831549773e-05, 0.000249597564107, -0.000509125064127, 0.000550629047211, 0.000392286805436, -0.00109721033368, 7.9669895058e-05, 0.000171067891642, 0.000389799883123, -0.00489333458245, 0.0140350479633]], "mean": [-655.893737793, 119.476531982, -9.46456241608, 28.169128418, -1.90901529789, 4.92074537277, 1.85966026783, -0.874999880791, -2.65295386314, -0.156377136707, -1.5732190609, -4.23367881775, -3.36549377441]}, "spectral_contrast_valleys": {"min": [-26.6361656189, -27.1776332855, -27.4616718292, -27.2761096954, -27.2448444366, -27.3044204712], "max": [-5.25196456909, -4.78168582916, -5.46875715256, -5.83771085739, -5.35154247284, -7.53673887253], "dvar2": [0.282185047865, 0.26217636466, 0.206799015403, 0.193186491728, 0.23083640635, 0.362885296345], "median": [-7.15539073944, -6.93086099625, -7.67845249176, -7.89732503891, -7.62712144852, -10.5008602142], "dmean2": [0.571775555611, 0.553125560284, 0.497301697731, 0.449404984713, 0.418312430382, 0.426351815462], "dmean": [0.351470828056, 0.34624376893, 0.321962654591, 0.295844018459, 0.284765839577, 0.332879960537], "var": [1.59702181816, 0.798385560513, 1.04778015614, 1.11636674404, 1.44683909416, 1.97130846977], "dvar": [0.12985651195, 0.120276659727, 0.105957761407, 0.106227613986, 0.13001665473, 0.219669371843], "mean": [-7.53825807571, -7.05586910248, -7.80777454376, -8.04779720306, -7.83527040482, -10.577542305]}, "barkbands_flatness_db": {"min": 0.0171304680407, "max": 0.405407756567, "dvar2": 0.000801124086138, "median": 0.117738284171, "dmean2": 0.0265437811613, "dmean": 0.0177938379347, "var": 0.00369661487639, "dvar": 0.00039334705798, "mean": 0.128082841635}, "dynamic_complexity": 3.29232287407, "erbbands_flatness_db": {"min": 0.0318490080535, "max": 0.347783207893, "dvar2": 0.000595284742303, "median": 0.16247844696,