{"lowlevel": {"spectral_complexity": {"min": 0, "max": 61, "dvar2": 126.598747253, "median": 12, "dmean2": 9.09895420074, "dmean": 6.09033107758, "var": 212.121139526, "dvar": 62.3926391602, "mean": 15.8107385635}, "silence_rate_20dB": {"min": 1, "max": 1, "dvar2": 0, "median": 1, "dmean2": 0, "dmean": 0, "var": 0, "dvar": 0, "mean": 1}, "average_loudness": 0.864550173283, "erbbands_spread": {"min": 1.78078985214, "max": 123.473358154, "dvar2": 320.415802002, "median": 30.8947544098, "dmean2": 16.2699661255, "dmean": 9.96309661865, "var": 322.272399902, "dvar": 122.013442993, "mean": 33.7042884827}, "spectral_kurtosis": {"min": -1.23988711834, "max": 65.8200073242, "dvar2": 30.3516407013, "median": 3.81672906876, "dmean2": 4.36496782303, "dmean": 2.51200079918, "var": 16.320640564, "dvar": 10.5192890167, "mean": 4.88455295563}, "barkbands_kurtosis": {"min": -1.92177522182, "max": 1329.84118652, "dvar2": 2334.20654297, "median": 0.383214235306, "dmean2": 14.4511785507, "dmean": 8.24564647675, "var": 1529.76733398, "dvar": 932.74432373, "mean": 8.25237083435}, "spectral_strongpeak": {"min": 0, "max": 13.8993721008, "dvar2": 2.26844930649, "median": 0.217982053757, "dmean2": 0.868871033192, "dmean": 0.515608310699, "var": 1.5146869421, "dvar": 0.931058228016, "mean": 0.677223205566}, "spectral_spread": {"min": 1132210.625, "max": 41997612, "dvar2": 966196985856, "median": 3277105.75, "dmean2": 669509.1875, "dmean": 432927.53125, "var": 1208137940990.0, "dvar": 444921905152, "mean": 3420019.5}, "spectral_rms": {"min": 4.31799129785e-08, "max": 0.0123762991279, "dvar2": 4.67063728138e-06, "median": 0.00264584226534, "dmean2": 0.00169257842936, "dmean": 0.00114750140347, "var": 4.83859912492e-06, "dvar": 2.25835356105e-06, "mean": 0.00315222819336}, "erbbands": {"min": [1.76080643122e-11, 8.67361876766e-11, 2.3735385879e-10, 4.14345890931e-10, 5.27853982746e-10, 5.62957180872e-10, 6.52055964778e-10, 8.43147995866e-10, 9.18320808285e-10, 8.03902555635e-10, 6.55891119195e-10, 3.76633502164e-10, 3.68671565498e-10, 6.06209527021e-10, 2.28185637052e-10, 1.14478718172e-10, 4.90814999754e-10, 1.47228529368e-09, 5.66905189459e-10, 2.46891729283e-10, 1.05707642639e-09, 4.66048810654e-10, 6.92728097107e-10, 4.79939699094e-10, 3.6913866408e-10, 2.69190919555e-10, 4.02996053195e-10, 6.77795375381e-10, 5.71637626123e-10, 5.37592415029e-10, 4.99218055783e-10, 2.36353658867e-10, 3.42415540366e-10, 6.73013367258e-10, 2.65212685147e-10, 1.29361396595e-10, 1.32638136585e-10, 3.55647872263e-11, 8.83209998193e-12, 1.42914477995e-12], "max": [2.82947254181, 17.6439647675, 60.6071968079, 47.3617286682, 144.568054199, 156.598815918, 206.768035889, 255.570388794, 948.125610352, 1217.8684082, 1620.61096191, 1954.76635742, 1075.27661133, 1300.60339355, 1496.12182617, 1362.67199707, 1972.10656738, 3453.32519531, 2867.32543945, 1439.96191406, 1852.6829834, 1767.64807129, 1758.15527344, 596.767028809, 434.202270508, 380.101806641, 283.954956055, 351.824279785, 299.33215332, 204.957000732, 69.606880188, 50.5991592407, 43.891242981, 37.2474708557, 12.8332977295, 6.0390329361, 1.80125975609, 0.25313180685, 0.0255800895393, 0.00121246941853], "dvar2": [0.312611579895, 22.2627639771, 95.2878952026, 71.6437454224, 596.780212402, 384.254241943, 249.988449097, 339.735137939, 1719.18432617, 2378.953125, 2586.35913086, 3211.57006836, 3296.70996094, 3897.69506836, 3382.12695312, 6564.76904297, 6860.703125, 11932.0527344, 9755.37597656, 4424.54394531, 3941.06811523, 2559.22729492, 2713.67333984, 2465.09985352, 1768.53051758, 889.365356445, 355.455993652, 183.053863525, 160.044265747, 74.8455810547, 19.0070304871, 10.4539709091, 3.72038865089, 1.46108555794, 0.209151834249, 0.0282705891877, 0.00190674199257, 4.09235763073e-05, 5.03397359353e-07, 2.26395990843e-09], "median": [0.00839558243752, 0.0770033597946, 0.23982167244, 0.396984755993, 0.572961330414, 0.783332705498, 1.09807944298, 1.28760325909, 1.33104860783, 1.31336140633, 2.21739268303, 2.14636492729, 2.48915314674, 2.53149390221, 2.64705681801, 3.96706986427, 5.38743495941, 6.95456933975, 6.64386129379, 5.49033784866, 5.58585262299, 5.18406629562, 5.58357429504, 5.70516109467, 4.79715538025, 3.07707118988, 1.922960639, 0.979517877102, 0.735647499561, 0.390217840672, 0.151821523905, 0.0701400712132, 0.0423910580575, 0.0159409306943, 0.0051047434099, 0.00143285037484, 0.000312226562528, 4.69088117825e-05, 1.14695949378e-05, 9.92713376036e-06], "dmean2": [0.242926865816, 2.05192875862, 3.90315890312, 3.69356822968, 8.31810474396, 7.14055204391, 6.18777036667, 7.21296787262, 12.0709447861, 13.8104152679, 16.9760093689, 18.5660419464, 20.6511077881, 23.3253536224, 19.8253746033, 29.9213829041, 28.7265377045, 37.405002594, 30.9844646454, 26.8983345032, 27.8120002747, 22.6607704163, 25.6763515472, 25.6616401672, 21.8117523193, 16.4698352814, 10.563293457, 6.72517061234, 5.07049226761, 3.78993678093, 2.03188586235, 1.1098562479, 0.650838732719, 0.316036075354, 0.120930776, 0.0379538759589, 0.00887727737427, 0.00144915201236, 0.000179467024282, 2.55850663962e-05], "dmean": [0.138643220067, 1.14348220825, 2.11449503899, 2.00899267197, 4.83756065369, 4.19186925888, 3.66278100014, 4.25926351547, 7.055747509, 8.25691509247, 10.3207406998, 11.4593362808, 12.9856834412, 14.557267189, 12.9721469879, 18.5934085846, 18.4389667511, 23.9208850861, 19.7442302704, 17.2425041199, 17.3414459229, 14.2177772522, 16.1326160431, 15.8619327545, 13.710269928, 10.2557811737, 6.78697299957, 4.34136295319, 3.47048020363, 2.42428946495, 1.37435114384, 0.796126663685, 0.490257978439, 0.245611250401, 0.0888084098697, 0.0280543845147, 0.00656427582726, 0.00105960119981, 0.000128939966089, 1.74616070581e-05], "var": [0.0944538637996, 5.74025201797, 20.4218502045, 15.4118509293, 184.128356934, 115.439949036, 90.7263183594, 147.111526489, 682.919067383, 953.402526855, 1265.06262207, 2023.21582031, 2358.34057617, 2566.20239258, 2678.90283203, 4008.07519531, 4962.85400391, 7494.10058594, 5522.03564453, 3384.9296875, 3044.52758789, 2078.70776367, 2048.734375, 1433.24560547, 1162.36962891, 594.568969727, 324.515716553, 153.855636597, 149.069046021, 60.9133834839, 17.7660522461, 7.8223824501, 3.55541205406, 1.11198842525, 0.120666354895, 0.0136754158884, 0.000834133650642, 2.03479266929e-05, 3.23896387044e-07, 1.66039670901e-09], "dvar": [0.118124581873, 8.22463417053, 33.757598877, 25.1842765808, 236.406433105, 147.163970947, 96.1014556885, 131.837661743, 630.747924805, 889.265136719, 1055.85375977, 1403.63806152, 1418.69458008, 1634.88623047, 1540.62524414, 2743.71362305, 3121.85571289, 5178.06152344, 4107.54443359, 1990.0447998, 1701.1619873, 1118.38684082, 1204.44970703, 1009.57318115, 743.754943848, 380.33996582, 161.716506958, 78.8290710449, 71.8876037598, 34.6342010498, 9.38558864594, 4.78613185883, 1.94425880909, 0.694738268852, 0.0905269086361, 0.0118538830429, 0.000786987890024, 1.78322898137e-05, 2.427467507e-07, 1.11575360062e-09], "mean": [0.113021478057, 0.831380426884, 1.53532731533, 1.6142976284, 3.92367839813, 3.66551494598, 3.96769571304, 5.05852460861, 7.85531568527, 9.29161071777, 12.3328485489, 14.6105642319, 16.7286472321, 17.8353862762, 17.4087276459, 22.8858165741, 24.9026546478, 31.6466522217, 26.3608951569, 23.9599056244, 24.8362541199, 20.8455696106, 22.8308753967, 20.8275642395, 18.4105377197, 13.210600853, 9.59725189209, 5.69500303268, 4.71730089188, 3.18188214302, 1.7880705595, 1.0340077877, 0.642818272114, 0.314456611872, 0.107822701335, 0.0337325446308, 0.00780213437974, 0.0012396069942, 0.000163787408383, 2.47898424277e-05]}, "zerocrossingrate": {"min": 0, "max": 0.4814453125, "dvar2": 0.000188473728485, "median": 0.056640625, "dmean2": 0.013370860368, "dmean": 0.0119194369763, "var": 0.00132297014352, "dvar": 0.000163826960488, "mean": 0.0608596429229}, "spectral_contrast_coeffs": {"min": [-0.965437889099, -0.974897861481, -0.963399231434, -0.984638869762, -0.962669014931, -0.963428914547], "max": [-0.331352740526, -0.364416331053, -0.428289264441, -0.500568985939, -0.552624166012, -0.551346004009], "dvar2": [0.0068212528713, 0.00473373243585, 0.00296676391736, 0.00217492715456, 0.00125994917471, 0.00124844803941], "median": [-0.69659692049, -0.786576867104, -0.827534973621, -0.814886748791, -0.813913345337, -0.738785684109], "dmean2": [0.100655853748, 0.0832786336541, 0.0637654289603, 0.0542281344533, 0.0405139327049, 0.0360226817429], "dmean": [0.061875231564, 0.0508294962347, 0.0396369807422, 0.0343583710492, 0.0259765442461, 0.0235549453646], "var": [0.00935486983508, 0.0064015313983, 0.00503433123231, 0.00396840134636, 0.00286444043741, 0.00231542252004], "dvar": [0.00283643649891, 0.00185522250831, 0.0012392437784, 0.000946295796894, 0.000587782007642, 0.000564284622669], "mean": [-0.68418610096, -0.773901104927, -0.811663746834, -0.80314207077, -0.804091930389, -0.73678869009]}, "dissonance": {"min": 0.220268085599, "max": 0.500000059605, "dvar2": 0.00101628876291, "median": 0.485262691975, "dmean2": 0.0261727459729, "dmean": 0.0155587811023, "var": 0.000699842872564, "dvar": 0.000396731949877, "mean": 0.476533919573}, "spectral_energyband_high": {"min": 2.43390783873e-13, "max": 0.0193089377135, "dvar2": 1.20175764096e-06, "median": 0.000112965586595, "dmean2": 0.000582259497605, "dmean": 0.000406384264352, "var": 1.31956483074e-06, "dvar": 5.90316801663e-07, "mean": 0.000581310188863}, "spectral_skewness": {"min": -0.30444675684, "max": 6.48103570938, "dvar2": 0.341452270746, "median": 1.22652077675, "dmean2": 0.525991082191, "dmean": 0.314852327108, "var": 0.275214076042, "dvar": 0.122672222555, "mean": 1.29013490677}, "spectral_flux": {"min": 1.78037662408e-05, "max": 0.346631079912, "dvar2": 0.00332025322132, "median": 0.0601787120104, "dmean2": 0.0490549392998, "dmean": 0.0326614566147, "var": 0.00422142166644, "dvar": 0.00180636858568, "mean": 0.0795254185796}, "silence_rate_30dB": {"min": 0, "max": 1, "dvar2": 0.00484045036137, "median": 1, "dmean2": 0.0033458804246, "dmean": 0.00167280028109, "var": 0.00100255978759, "dvar": 0.00166990270372, "mean": 0.998996376991}, "spectral_energyband_middle_high": {"min": 1.20447149975e-13, "max": 0.0910164490342, "dvar2": 4.28942148574e-05, "median": 0.00196538423188, "dmean2": 0.00391040323302, "dmean": 0.00268470589072, "var": 5.50330296392e-05, "dvar": 2.16390290007e-05, "mean": 0.00482471426949}, "barkbands_spread": {"min": 0.180353447795, "max": 123.349632263, "dvar2": 269.765045166, "median": 23.4030628204, "dmean2": 14.5398302078, "dmean": 8.81279945374, "var": 238.666641235, "dvar": 104.625427246, "mean": 24.9679756165}, "spectral_centroid": {"min": 145.409469604, "max": 11027.4121094, "dvar2": 514563.34375, "median": 1728.28942871, "dmean2": 677.048217773, "dmean": 423.821136475, "var": 612315.875, "dvar": 213523.09375, "mean": 1759.82775879}, "pitch_salience": {"min": 0.036514043808, "max": 0.904572784901, "dvar2": 0.0262306146324, "median": 0.584704875946, "dmean2": 0.176103264093, "dmean": 0.106276325881, "var": 0.0246259644628, "dvar": 0.0104702422395, "mean": 0.559727609158}, "erbbands_skewness": {"min": -7.06142520905, "max": 3.9658396244, "dvar2": 0.586211383343, "median": -0.203958779573, "dmean2": 0.781877934933, "dmean": 0.496200680733, "var": 0.86627882719, "dvar": 0.241734415293, "mean": -0.233948707581}, "erbbands_crest": {"min": 2.35871624947, "max": 31.4691753387, "dvar2": 18.5058269501, "median": 7.31426477432, "dmean2": 4.53562450409, "dmean": 2.7578163147, "var": 17.3254909515, "dvar": 7.35675907135, "mean": 8.33611297607}, "melbands": {"min": [1.57015080191e-13, 1.23285157582e-13, 7.59883353615e-14, 3.95225437664e-14, 2.33516480349e-14, 1.89745612343e-14, 1.37547706718e-14, 8.38444880202e-15, 5.0275428826e-15, 2.0964397905e-15, 1.85554552612e-15, 2.55660102701e-15, 1.02174344526e-15, 1.84414160392e-16, 4.58583849402e-16, 1.65825196507e-15, 2.93277217053e-15, 1.16631068766e-15, 8.73715742407e-17, 6.90534875222e-16, 1.37369738743e-15, 5.63349013604e-16, 2.69520457512e-16, 8.54474555212e-16, 3.31009649647e-16, 2.10096146413e-16, 3.21996107358e-16, 1.34563161247e-16, 2.06720812762e-16, 4.23330708714e-16, 3.27251629158e-16, 2.76150660846e-16, 3.00713689874e-16, 3.05782732077e-16, 2.52119780267e-16, 2.25855300276e-16, 1.47109069154e-16, 2.63442678478e-16, 2.81017659221e-16, 6.88285896868e-16], "max": [0.0221814364195, 0.0301597863436, 0.00744571303949, 0.0134953046218, 0.00573116447777, 0.00548113137484, 0.0125415949151, 0.0123085947707, 0.0150003768504, 0.0139679387212, 0.00552731147036, 0.00506751704961, 0.00711282482371, 0.00360450311564, 0.00685636326671, 0.00390153680928, 0.00609394116327, 0.00446816254407, 0.00312618981116, 0.00132951093838, 0.00196563755162, 0.00272845639847, 0.00120353372768, 0.00105271767825, 0.000537437095772, 0.000450245686807, 0.000401088356739, 0.000260570435785, 0.000210753292777, 0.000217386390432, 0.00020204471366, 0.000172766347532, 0.000120609613077, 0.000105552200694, 3.95451570512e-05, 3.44426589436e-05, 2.69585125352e-05, 3.24507273035e-05, 2.81482534774e-05, 3.48146277247e-05], "dvar2": [2.77417766483e-05, 2.68368203251e-05, 2.23222355089e-06, 3.46889146385e-06, 2.36801028564e-07, 1.94340941562e-07, 3.66574454347e-07, 2.83330990669e-07, 1.77511452648e-07, 1.49085934709e-07, 8.72451551004e-08, 7.04592721945e-08, 4.04466433679e-08, 6.19384934453e-08, 4.29994670981e-08, 4.45935839366e-08, 4.60078553033e-08, 3.03294527271e-08, 2.01020924351e-08, 6.61224586196e-09, 6.39274766456e-09, 4.48179227064e-09, 2.48396636593e-09, 1.9720167721e-09, 1.89124893524e-09, 1.47115242211e-09, 7.59154350494e-10, 4.17860052115e-10, 1.72187625269e-10, 1.11787711032e-10, 5.21171508727e-11, 6.37843805551e-11, 3.69795236099e-11, 2.17220009341e-11, 8.13944831674e-12, 4.68635633771e-12, 3.31133905018e-12, 2.35663723779e-12, 1.30069707175e-12, 1.11529730763e-12], "median": [9.74277136265e-05, 0.00013328253408, 8.46990878927e-05, 5.11128819198e-05, 4.00253884436e-05, 3.10297800752e-05, 1.96697201318e-05, 1.38172345032e-05, 1.74994165718e-05, 1.26156774058e-05, 1.14249069156e-05, 9.48545493884e-06, 7.62426998335e-06, 9.63419734035e-06, 1.00917513919e-05, 1.1069599168e-05, 1.1950375665e-05, 9.44658495428e-06, 6.92663434165e-06, 6.3155243879e-06, 5.83146947974e-06, 4.42170494352e-06, 4.98458757647e-06, 4.23223582402e-06, 4.24986319558e-06, 3.65176447303e-06, 2.392534725e-06, 1.6852753788e-06, 1.25920087157e-06, 7.16328713679e-07, 4.36904826984e-07, 4.16350246724e-07, 2.9292112913e-07, 1.60853232956e-07, 8.66861071813e-08, 5.2117677285e-08, 3.53531852681e-08, 3.18229140817e-08, 1.83566548628e-08, 1.07291260321e-08], "dmean2": [0.00230739731342, 0.00220050779171, 0.000741390336771, 0.000639230129309, 0.000199837711989, 0.000171856634552, 0.000179892667802, 0.000153779590619, 0.000142885037349, 0.000121744400531, 0.000106159350253, 9.9392447737e-05, 6.43646126264e-05, 8.71030351846e-05, 6.66037594783e-05, 7.26125435904e-05, 7.28343002265e-05, 5.33897073183e-05, 4.56110683444e-05, 3.45241933246e-05, 3.47749810317e-05, 2.62294906861e-05, 2.32674919971e-05, 2.34350700339e-05, 2.17620345211e-05, 1.86175257113e-05, 1.39336043503e-05, 1.10095825221e-05, 7.18347882867e-06, 5.53741710974e-06, 3.51002813659e-06, 3.18361185236e-06, 2.42078021984e-06, 2.08028882298e-06, 1.3208072005e-06, 8.30124179174e-07, 6.16519912455e-07, 5.32940930498e-07, 3.23575790162e-07, 2.56834880474e-07], "dmean": [0.00131331861485, 0.00123441289179, 0.000410757929785, 0.000376123760361, 0.000117978139315, 0.000101492070826, 0.000105754981632, 9.17594734346e-05, 8.73652825248e-05, 7.50633553253e-05, 6.64669132675e-05, 6.14230739302e-05, 4.25930666097e-05, 5.36878578714e-05, 4.20790202043e-05, 4.60819828731e-05, 4.61689160147e-05, 3.38646495948e-05, 2.87214825221e-05, 2.1819731046e-05, 2.13361836359e-05, 1.59982282639e-05, 1.49176275954e-05, 1.42617336678e-05, 1.33177745738e-05, 1.16003857329e-05, 8.61584430822e-06, 6.75604587741e-06, 4.63804917672e-06, 3.43068768416e-06, 2.22515245696e-06, 2.17120555135e-06, 1.51059441578e-06, 1.33353557885e-06, 8.78809885307e-07, 5.6548486782e-07, 4.45177221309e-07, 3.90409439888e-07, 2.43814298528e-07, 1.95969846573e-07], "var": [8.14461964183e-06, 6.7311566454e-06, 5.66173582683e-07, 1.10113569463e-06, 8.58479509702e-08, 7.99607420277e-08, 1.49736166577e-07, 1.14733069267e-07, 9.43734335124e-08, 9.24345755493e-08, 6.25287128742e-08, 4.54495996394e-08, 3.42402373121e-08, 3.14091117559e-08, 3.59019765028e-08, 2.56498680073e-08, 2.82329111201e-08, 1.72607688143e-08, 1.04828350445e-08, 5.15047249294e-09, 4.39871605806e-09, 2.94915181165e-09, 2.21537477252e-09, 1.24811594393e-09, 1.02803177082e-09, 9.38274680173e-10, 4.5802087123e-10, 2.54948478995e-10, 1.50519721687e-10, 8.0877457509e-11, 4.25080699806e-11, 5.33218226517e-11, 3.147976671e-11, 1.59378118342e-11, 6.72620466269e-12, 3.76605994654e-12, 2.47573749695e-12, 2.10167690542e-12, 1.04120943638e-12, 7.70430702741e-13], "dvar": [1.04785758595e-05, 9.907196727e-06, 8.22827303182e-07, 1.37810991419e-06, 9.07832315988e-08, 7.44000629993e-08, 1.35523990252e-07, 1.05528989991e-07, 7.43805017578e-08, 6.47953370958e-08, 3.75942192932e-08, 2.9485855535e-08, 1.95007157089e-08, 2.51084539826e-08, 2.00334788758e-08, 1.89697910713e-08, 1.98376302052e-08, 1.28889174889e-08, 8.24585022485e-09, 2.98508306962e-09, 2.66575028718e-09, 1.90606352923e-09, 1.12255693629e-09, 8.21259560357e-10, 7.66324004253e-10, 6.05996197667e-10, 3.14370723897e-10, 1.75019401749e-10, 7.79500075598e-11, 4.69049001028e-11, 2.22728589044e-11, 2.7478625278e-11, 1.66379809236e-11, 9.91937001288e-12, 3.85843397163e-12, 2.15898718174e-12, 1.53893477822e-12, 1.21634657641e-12, 6.15388816294e-13, 5.15189562018e-13], "mean": [0.00105232605711, 0.000935640069656, 0.000337306410074, 0.0003139328619, 0.000129407664645, 0.000119951262604, 0.000119151744002, 0.000102709323983, 0.000103649530502, 9.3738141004e-05, 8.36364197312e-05, 7.27288934286e-05, 5.53015161131e-05, 6.28226989647e-05, 5.4875305068e-05, 5.70655320189e-05, 5.91571442783e-05, 4.29080646427e-05, 3.57944736606e-05, 2.98126069538e-05, 2.85691257886e-05, 2.13045877899e-05, 2.18267305172e-05, 1.83192678378e-05, 1.66043082572e-05, 1.53361706907e-05, 1.07471096271e-05, 8.23737718747e-06, 6.43160456093e-06, 4.44227816843e-06, 2.81990560325e-06, 2.81069378616e-06, 2.08921824196e-06, 1.64300024608e-06, 1.09029201667e-06, 7.58415069413e-07, 5.63776836771e-07, 4.93142351843e-07, 3.23215431308e-07, 2.4609065008e-07]}, "spectral_entropy": {"min": 4.76711082458, "max": 9.82060718536, "dvar2": 0.0948941335082, "median": 7.6554017067, "dmean2": 0.301343858242, "dmean": 0.196367695928, "var": 0.176469042897, "dvar": 0.0451589971781, "mean": 7.61229753494}, "spectral_rolloff": {"min": 21.533203125, "max": 10637.4023438, "dvar2": 1848814.5, "median": 1614.99023438, "dmean2": 1112.53479004, "dmean": 664.15435791, "var": 1903550.125, "dvar": 811267, "mean": 1739.80541992}, "barkbands": {"min": [3.42651905114e-13, 4.49873807911e-13, 2.18662883481e-13, 1.47052427743e-13, 1.71477347838e-13, 9.80269603554e-14, 6.14546797782e-14, 3.21534113354e-14, 1.57269945629e-14, 1.70699246432e-14, 9.22988763327e-15, 2.04971342972e-15, 1.24044603934e-14, 2.91526480419e-14, 1.88505149532e-15, 1.63864893334e-14, 8.8790897852e-15, 1.46340289875e-14, 5.68832175509e-15, 6.72291024324e-15, 1.57214431089e-14, 1.27443247402e-14, 1.84567970987e-14, 1.47858105154e-14, 4.7191044746e-14, 6.15976318346e-14, 7.56640572679e-14], "max": [0.00987834297121, 0.0719787999988, 0.0521737746894, 0.0120551753789, 0.0514013394713, 0.0258309673518, 0.0561804175377, 0.0480307415128, 0.0767331123352, 0.040504835546, 0.0477513670921, 0.0284816343337, 0.0387067310512, 0.0580016598105, 0.0452522747219, 0.0291608162224, 0.0401541590691, 0.0255526360124, 0.009855565615, 0.00706723704934, 0.00888349208981, 0.00668398104608, 0.00319517613389, 0.00230567250401, 0.00253254943527, 0.00112990743946, 0.000148703416926], "dvar2": [5.77004414026e-07, 0.000385733699659, 7.32106345822e-05, 3.83646920454e-06, 5.30192373844e-05, 5.46251567357e-06, 8.89537750481e-06, 5.87555086895e-06, 6.6259799496e-06, 3.53079553861e-06, 2.19550133806e-06, 4.41498150394e-06, 4.17176624978e-06, 5.0231201385e-06, 3.5496707369e-06, 1.22428457416e-06, 1.02670696833e-06, 8.59911608586e-07, 8.81845949152e-07, 4.00566705139e-07, 1.45908117588e-07, 9.54222656446e-08, 2.64435620068e-08, 1.82168928831e-08, 6.78343781146e-09, 7.92335586031e-10, 1.60325312054e-11], "median": [0.000242251568125, 0.000317519181408, 0.000205661854125, 0.000105776576675, 0.000249315286055, 0.000163685646839, 8.14033555798e-05, 7.57649540901e-05, 9.27078071982e-05, 7.73477804614e-05, 4.91461869387e-05, 8.78305872902e-05, 0.000107890286017, 0.000127816092572, 9.67765809037e-05, 9.16860735742e-05, 7.52617052058e-05, 9.74230497377e-05, 0.000105331739178, 6.28320049145e-05, 3.31807823386e-05, 1.93802370632e-05, 5.84424242334e-06, 2.92947947855e-06, 1.03348361336e-06, 2.157860024e-07, 2.53832688202e-08], "dmean2": [0.00045531115029, 0.0086671570316, 0.0033350600861, 0.000957931973971, 0.00253751943819, 0.000933353498112, 0.000879063736647, 0.000750995008275, 0.000878914317582, 0.000724759476725, 0.000477662310004, 0.000770466343965, 0.00069159839768, 0.000747941143345, 0.000607434718404, 0.000496775377542, 0.000434877991211, 0.000491698447149, 0.000481853290694, 0.000349382666172, 0.000208411147469, 0.000129889958771, 7.84719450166e-05, 4.50869738415e-05, 2.19934590859e-05, 5.87486647419e-06, 9.50965898028e-07], "dmean": [0.000295667647151, 0.00489852298051, 0.00176710938103, 0.000535692030098, 0.00150124146603, 0.000549593532924, 0.00052154721925, 0.000450990046374, 0.000545226503164, 0.000447340164101, 0.000313297525281, 0.00047218016698, 0.000436948699644, 0.000472349202028, 0.00037928528036, 0.000309337483486, 0.000268243456958, 0.000305385095999, 0.000301034655422, 0.000217808017624, 0.000133350709802, 8.91260715434e-05, 5.23661292391e-05, 3.39761463692e-05, 1.68861170096e-05, 4.33072182204e-06, 6.96732172401e-07], "var": [3.86744829939e-07, 0.000110322827823, 1.46135016621e-05, 9.82276105788e-07, 1.73155021912e-05, 2.20361039283e-06, 3.66011522601e-06, 2.50507764576e-06, 4.19818479713e-06, 2.64826121565e-06, 1.85256192253e-06, 2.38941470343e-06, 2.59169428318e-06, 3.03039678329e-06, 1.84332486697e-06, 9.98936229735e-07, 8.06105163065e-07, 6.44903707325e-07, 5.13912880251e-07, 2.63560423264e-07, 1.30610402493e-07, 9.57416830261e-08, 2.53813521311e-08, 1.56269610585e-08, 4.84930762212e-09, 3.59193313981e-10, 9.4875635126e-12], "dvar": [2.77379257341e-07, 0.000145729572978, 2.54382630374e-05, 1.39570101965e-06, 2.11701953958e-05, 2.12465806726e-06, 3.33239813699e-06, 2.27084478865e-06, 2.8452427614e-06, 1.52575501033e-06, 1.06283346213e-06, 1.79550454504e-06, 1.82659437087e-06, 2.15617228605e-06, 1.45510773564e-06, 5.45734906154e-07, 4.53236424391e-07, 3.77898317083e-07, 3.59563955499e-07, 1.71789096726e-07, 6.44204902756e-08, 4.44055849869e-08, 1.31493509414e-08, 8.97670116018e-09, 3.18881254735e-09, 3.28874788513e-10, 7.4912107767e-12], "mean": [0.000443732889835, 0.00379664544016, 0.00125360384118, 0.000458882888779, 0.00130790122785, 0.000638619123492, 0.000579816463869, 0.00051041279221, 0.000680548255332, 0.00054273288697, 0.000396710063796, 0.000557740626391, 0.000551347446162, 0.000613109557889, 0.000470308004878, 0.00043878343422, 0.000369324872736, 0.000411554327002, 0.000395675509935, 0.000278425955912, 0.000185432174476, 0.000123077523313, 6.87846331857e-05, 4.41278061771e-05, 2.11223796214e-05, 5.23878770764e-06, 8.36142476146e-07]}, "melbands_flatness_db": {"min": 0.0236111599952, "max": 0.571608006954, "dvar2": 0.00621211668476, "median": 0.180138409138, "dmean2": 0.0763199478388, "dmean": 0.0465376116335, "var": 0.0083522349596, "dvar": 0.00252730771899, "mean": 0.196432873607}, "melbands_skewness": {"min": -3.23625588417, "max": 25.5359420776, "dvar2": 7.61566114426, "median": 1.71296536922, "dmean2": 2.18056058884, "dmean": 1.3317861557, "var": 7.72379159927, "dvar": 2.99231719971, "mean": 2.60019230843}, "barkbands_skewness": {"min": -5.26528453827, "max": 31.3172893524, "dvar2": 5.86847162247, "median": 0.780705273151, "dmean2": 1.71729636192, "dmean": 1.04910063744, "var": 5.29295969009, "dvar": 2.22118449211, "mean": 1.39867854118}, "silence_rate_60dB": {"min": 0, "max": 1, "dvar2": 0.162667348981, "median": 0, "dmean2": 0.175324127078, "dmean": 0.0876547321677, "var": 0.194412305951, "dvar": 0.0799779593945, "mean": 0.264196693897}, "spectral_energyband_low": {"min": 9.2048764444e-13, "max": 0.119059458375, "dvar2": 0.000544843205716, "median": 0.000915098295081, "dmean2": 0.0106220366433, "dmean": 0.00625239685178, "var": 0.000182804345968, "dvar": 0.000217195731238, "mean": 0.00551273254678}, "spectral_energyband_middle_low": {"min": 5.29108224248e-13, "max": 0.0843749046326, "dvar2": 0.000151017753524, "median": 0.00164179434069, "dmean2": 0.00554625783116, "dmean": 0.00339063792489, "var": 6.77875359543e-05, "dvar": 6.23730156804e-05, "mean": 0.00432246318087}, "melbands_kurtosis": {"min": -1.92156302929, "max": 785.394592285, "dvar2": 5084.70458984, "median": 3.15037679672, "dmean2": 29.8241291046, "dmean": 17.092622757, "var": 2198.26733398, "dvar": 1775.75598145, "mean": 19.1371994019}, "spectral_decrease": {"min": -3.83163794027e-08, "max": -4.17279867851e-19, "dvar2": 4.97893245585e-17, "median": -1.71328096155e-09, "dmean2": 4.35407798705e-09, "dmean": 2.75182032716e-09, "var": 2.61334562364e-17, "dvar": 2.14810450556e-17, "mean": -3.66805297247e-09}, "erbbands_kurtosis": {"min": -1.82298672199, "max": 64.5919952393, "dvar2": 10.8918027878, "median": 0.0482294559479, "dmean2": 2.26627039909, "dmean": 1.39245808125, "var": 9.69866466522, "dvar": 4.72125291824, "mean": 0.969931781292}, "melbands_crest": {"min": 2.23107933998, "max": 38.9880218506, "dvar2": 37.6952781677, "median": 13.0439043045, "dmean2": 7.28049850464, "dmean": 4.5806927681, "var": 46.9152832031, "dvar": 15.1285228729, "mean": 14.3685979843}, "gfcc": {"cov": [[18481.4433594, -1569.64868164, -1688.15856934, 96.6888198853, -1420.82189941, 427.09777832, -616.668457031, 205.340118408, -338.212158203, -2.46033120155, -266.214294434, -13.111784935, -99.4183883667], [-1569.64868164, 1671.17651367, 199.941375732, 119.804649353, 470.317108154, -135.852859497, 361.186279297, -74.644203186, 208.828353882, -100.811676025, 153.599365234, -116.734977722, 84.7649688721], [-1688.15856934, 199.941375732, 965.04510498, 216.303543091, 234.555618286, 152.600799561, 65.8992156982, 8.91517448425, 35.2260475159, 20.9136619568, 8.78132629395, 17.0488147736, -13.1769237518], [96.6888198853, 119.804649353, 216.303543091, 773.225402832, 374.046844482, 24.5599327087, 98.7824630737, -0.81687772274, 120.508628845, 2.0289773941, 24.560503006, -47.0058670044, 19.7227249146], [-1420.82189941, 470.317108154, 234.555618286, 374.046844482, 631.611999512, 47.4384307861, 225.179550171, -21.4802398682, 129.913726807, 0.982048332691, 41.7321128845, -40.2667579651, 22.7063312531], [427.09777832, -135.852859497, 152.600799561, 24.5599327087, 47.4384307861, 305.775665283, 79.8616790771, 32.8314323425, -21.0755081177, 14.6156702042, -9.09362030029, 10.5614681244, -23.8141384125], [-616.668457031, 361.186279297, 65.8992156982, 98.7824630737, 225.179550171, 79.8616790771, 321.68258667, 62.7207374573, 75.7969207764, -15.5578107834, 65.0663452148, -18.7414627075, 8.69563484192], [205.340118408, -74.644203186, 8.91517448425, -0.81687772274, -21.4802398682, 32.8314323425, 62.7207374573, 153.720123291, 51.6800994873, 20.0521316528, 5.31310796738, 9.47732448578, -3.40905737877], [-338.212158203, 208.828353882, 35.2260475159, 120.508628845, 129.913726807, -21.0755081177, 75.7969207764, 51.6800994873, 182.126525879, 40.5526924133, 37.5792198181, -18.8672389984, 26.984960556], [-2.46033120155, -100.811676025, 20.9136619568, 2.0289773941, 0.982048332691, 14.6156702042, -15.5578107834, 20.0521316528, 40.5526924133, 101.557777405, 28.2544727325, 15.4001731873, -5.92401456833], [-266.214294434, 153.599365234, 8.78132629395, 24.560503006, 41.7321128845, -9.09362030029, 65.0663452148, 5.31310796738, 37.5792198181, 28.2544727325, 105.414924622, 16.9634132385, 14.6454916], [-13.111784935, -116.734977722, 17.0488147736, -47.0058670044, -40.2667579651, 10.5614681244, -18.7414627075, 9.47732448578, -18.8672389984, 15.4001731873, 16.9634132385, 81.4008331299, 18.2640037537], [-99.4183883667, 84.7649688721, -13.1769237518, 19.7227249146, 22.7063312531, -23.8141384125, 8.69563484192, -3.40905737877, 26.984960556, -5.92401456833, 14.6454916, 18.2640037537, 75.5569610596]], "icov": [[0.000121690180094, -0.000172606567503, 0.000283307977952, -0.000300525920466, 0.000328121212078, -0.000405640807003, 0.000257316190982, -0.000281677988824, 0.000218125758693, -0.000208725075936, 0.000283531146124, -0.000145003577927, 9.86624727375e-05], [-0.000172606567503, 0.00220219558105, -0.000927023938857, 0.00119275006, -0.00107979541644, 0.00146759022027, -0.00164792255964, 0.00176599877886, -0.00188210373744, 0.00254373671487, -0.0026074917987, 0.00263805361465, -0.00137494935188], [0.000283307977952, -0.000927023938857, 0.00207665469497, -0.00109473173507, 0.00049370265333, -0.00175141356885, 0.00117142684758, -0.00106525665615, 0.000861262611579, -0.00108202954289, 0.0012363785645, -0.00154518918134, 0.000918865203857], [-0.000300525920466, 0.00119275006, -0.00109473173507, 0.00299366516992, -0.00213472498581, 0.00123796844855, -0.000611636321992, 0.00101667968556, -0.00171519280411, 0.00173607794568, -0.00187393242959, 0.00201834924519, -0.000933888193686], [0.000328121212078, -0.00107979541644, 0.00049370265333, -0.00213472498581, 0.00455304048955, -0.00128475285601, -0.00116218742914, 0.00066588568734, -0.000212039230973, -0.00164700008463, 0.00225547887385, -0.00106511334889, 0.000443926051958], [-0.000405640807003, 0.00146759022027, -0.00175141356885, 0.00123796844855, -0.00128475285601, 0.00604169862345, -0.00301656709053, 0.00110435415991, -0.000192236228031, 0.000348380708601, -0.000625479326118, 0.00092715449864, -0.000128365572891], [0.000257316190982, -0.00164792255964, 0.00117142684758, -0.000611636321992, -0.00116218742914, -0.00301656709053, 0.00799997895956, -0.00429783714935, 0.00088489690097, 0.00104211107828, -0.00208665127866, -0.00057556288084, 0.001144425245], [-0.000281677988824, 0.00176599877886, -0.00106525665615, 0.00101667968556, 0.00066588568734, 0.00110435415991, -0.00429783714935, 0.0109700988978, -0.00495135271922, 0.000970169960056, -1.66991185324e-07, -0.000163394535775, 0.000218487883103], [0.000218125758693, -0.00188210373744, 0.000861262611579, -0.00171519280411, -0.000212039230973, -0.000192236228031, 0.00088489690097, -0.00495135271922, 0.0118522066623, -0.00619125086814, 0.000991534092464, 0.00114093278535, -0.00251209316775], [-0.000208725075936, 0.00254373671487, -0.00108202954289, 0.00173607794568, -0.00164700008463, 0.000348380708601, 0.00104211107828, 0.000970169960056, -0.00619125086814, 0.0169633794576, -0.00721264956519, 0.000622090243269, 0.00154722086154], [0.000283531146124, -0.0026074917987, 0.0012363785645, -0.00187393242959, 0.00225547887385, -0.000625479326118, -0.00208665127866, -1.66991185324e-07, 0.000991534092464, -0.00721264956519, 0.017201853916, -0.00646032532677, 0.000675988267176], [-0.000145003577927, 0.00263805361465, -0.00154518918134, 0.00201834924519, -0.00106511334889, 0.00092715449864, -0.00057556288084, -0.000163394535775, 0.00114093278535, 0.000622090243269, -0.00646032532677, 0.0198788195848, -0.00718718161806], [9.86624727375e-05, -0.00137494935188, 0.000918865203857, -0.000933888193686, 0.000443926051958, -0.000128365572891, 0.001144425245, 0.000218487883103, -0.00251209316775, 0.00154722086154, 0.000675988267176, -0.00718718161806, 0.0176404733211]], "mean": [-92.4605560303, 100.681640625, -145.740905762, 44.8296089172, -46.2851638794, 7.21520471573, -26.7432823181, 1.25850486755, -17.4673480988, -0.327043354511, -9.02693080902, -5.55896854401, -7.87880086899]}, "melbands_spread": {"min": 0.432740420103, "max": 241.190216064, "dvar2": 670.347106934, "median": 27.9027786255, "dmean2": 22.6613368988, "dmean": 13.9199199677, "var": 708.975524902, "dvar": 286.085479736, "mean": 33.0998382568}, "spectral_energy": {"min": 1.91111753159e-12, "max": 0.157002106309, "dvar2": 0.000757028348744, "median": 0.00717549258843, "dmean2": 0.0172076877207, "dmean": 0.0109984679148, "var": 0.000427591323387, "dvar": 0.000331198680215, "mean": 0.0151444431394}, "mfcc": {"cov": [[15524.8193359, -826.706604004, -1220.58520508, -300.933349609, -830.318847656, -116.948196411, -450.592803955, -51.3878173828, -214.962005615, -80.9691772461, -150.943862915, -74.4808502197, -200.480575562], [-826.706604004, 1526.77600098, -56.2392539978, 134.756820679, 55.352432251, 23.8896770477, 142.290298462, 57.8132095337, 57.2733421326, 40.5693016052, 55.4875526428, 6.39691162109, 47.1351928711], [-1220.58520508, -56.2392539978, 782.550537109, 11.2045850754, 147.890090942, 81.7858886719, 51.9844169617, 29.8444919586, 11.9106712341, 14.8167419434, -9.33561515808, 9.42087078094, 17.8473167419], [-300.933349609, 134.756820679, 11.2045850754, 710.500976562, 288.613128662, 139.395172119, 60.9274940491, 51.6845664978, 78.7237701416, 89.400642395, 9.9321603775, 41.9650611877, 53.3543357849], [-830.318847656, 55.352432251, 147.890090942, 288.613128662, 379.30065918, 166.968597412, 58.1251373291, 18.9432315826, 66.7282562256, 50.2116508484, 0.035814229399, 25.2176189423, 23.9351215363], [-116.948196411, 23.8896770477, 81.7858886719, 139.395172119, 166.968597412, 278.164001465, 122.973609924, 57.8041343689, 40.3425369263, 36.1259117126, 25.3893699646, 19.4551181793, 2.54151296616], [-450.592803955, 142.290298462, 51.9844169617, 60.9274940491, 58.1251373291, 122.973609924, 229.166778564, 98.7264785767, 33.9110946655, 20.0782165527, 42.2739677429, 13.7670707703, 2.15642905235], [-51.3878173828, 57.8132095337, 29.8444919586, 51.6845664978, 18.9432315826, 57.8041343689, 98.7264785767, 153.204360962, 66.1796340942, 28.2971363068, 29.1215724945, 17.6139316559, 17.2923183441], [-214.962005615, 57.2733421326, 11.9106712341, 78.7237701416, 66.7282562256, 40.3425369263, 33.9110946655, 66.1796340942, 127.887191772, 55.5992698669, 19.9994316101, 15.5096330643, 19.6405086517], [-80.9691772461, 40.5693016052, 14.8167419434, 89.400642395, 50.2116508484, 36.1259117126, 20.0782165527, 28.2971363068, 55.5992698669, 117.758720398, 45.9804496765, 13.0964212418, 20.2285404205], [-150.943862915, 55.4875526428, -9.33561515808, 9.9321603775, 0.035814229399, 25.3893699646, 42.2739677429, 29.1215724945, 19.9994316101, 45.9804496765, 107.443954468, 34.5336647034, 13.0711708069], [-74.4808502197, 6.39691162109, 9.42087078094, 41.9650611877, 25.2176189423, 19.4551181793, 13.7670707703, 17.6139316559, 15.5096330643, 13.0964212418, 34.5336647034, 84.0617218018, 28.2758426666], [-200.480575562, 47.1351928711, 17.8473167419, 53.3543357849, 23.9351215363, 2.54151296616, 2.15642905235, 17.2923183441, 19.6405086517, 20.2285404205, 13.0711708069, 28.2758426666, 82.1957321167]], "icov": [[9.73933347268e-05, 2.53810630966e-05, 0.000119016469398, -4.47390739282e-05, 0.000243976668571, -0.000210845348192, 0.000251868186751, -0.000180358430953, 0.000139077237691, -0.000114435213618, 0.000160996351042, -7.13194312993e-05, 0.000186864694115], [2.53810630966e-05, 0.000746473495383, 0.000106965278974, -0.000107599087642, 7.47292097003e-06, 0.000194822816411, -0.000516852538567, 0.000128708707052, -0.000184991542483, 3.14643475576e-05, -0.00022749172058, 0.000261001172476, -0.000358408491593], [0.000119016469398, 0.000106965278974, 0.00161450658925, 0.000291844597086, -0.00050219456898, -0.000275174330454, 0.000100908167951, -0.000549286953174, 0.000553175632376, -0.000397363677621, 0.000523433322087, -0.000132806162583, -0.000115335395094], [-4.47390739282e-05, -0.000107599087642, 0.000291844597086, 0.00234947307035, -0.00176440586802, 1.79479993676e-05, -0.000114284994197, -0.000406438572099, 0.000214952422539, -0.00111867685337, 0.000637504679617, -0.00048477211385, -0.000744790828321], [0.000243976668571, 7.47292097003e-06, -0.00050219456898, -0.00176440586802, 0.00616553332657, -0.00288240076043, 0.000569838623051, 0.00130284961779, -0.0016402619658, -0.0002423087426, 0.00113187136594, -0.000635031668935, 0.000339858816005], [-0.000210845348192, 0.000194822816411, -0.000275174330454, 1.79479993676e-05, -0.00288240076043, 0.00684369448572, -0.00323533150367, -9.60894685704e-05, 1.57923550432e-05, -0.000306242523948, -0.00059793156106, -0.000188535617781, 0.000386481086025], [0.000251868186751, -0.000516852538567, 0.000100908167951, -0.000114284994197, 0.000569838623051, -0.00323533150367, 0.00886981654912, -0.00485471636057, 0.00137206329964, 0.000496820546687, -0.00149189762305, 0.000268675299594, 0.00138042191975], [-0.000180358430953, 0.000128708707052, -0.000549286953174, -0.000406438572099, 0.00130284961779, -9.60894685704e-05, -0.00485471636057, 0.0123690413311, -0.0058082100004, 0.000883573840838, -0.000760767667089, -0.000288693321636, -0.00159116229042], [0.000139077237691, -0.000184991542483, 0.000553175632376, 0.000214952422539, -0.0016402619658, 1.57923550432e-05, 0.00137206329964, -0.0058082100004, 0.0135231474414, -0.00497636385262, 0.00121114833746, -0.000735846871976, -9.73580536083e-05], [-0.000114435213618, 3.14643475576e-05, -0.000397363677621, -0.00111867685337, -0.0002423087426, -0.000306242523948, 0.000496820546687, 0.000883573840838, -0.00497636385262, 0.0139342816547, -0.00599543470889, 0.00213281693868, -0.00162406323943], [0.000160996351042, -0.00022749172058, 0.000523433322087, 0.000637504679617, 0.00113187136594, -0.00059793156106, -0.00149189762305, -0.000760767667089, 0.00121114833746, -0.00599543470889, 0.0146081112325, -0.0055224634707, 0.000646545609925], [-7.13194312993e-05, 0.000261001172476, -0.000132806162583, -0.00048477211385, -0.000635031668935, -0.000188535617781, 0.000268675299594, -0.000288693321636, -0.000735846871976, 0.00213281693868, -0.0055224634707, 0.0159741993994, -0.00470175640658], [0.000186864694115, -0.000358408491593, -0.000115335395094, -0.000744790828321, 0.000339858816005, 0.000386481086025, 0.00138042191975, -0.00159116229042, -9.73580536083e-05, -0.00162406323943, 0.000646545609925, -0.00470175640658, 0.0154610648751]], "mean": [-717.261413574, 116.782066345, -26.0612926483, 34.0094833374, 2.68877601624, 10.5338382721, 3.25588726997, 3.05921554565, -1.75273084641, 4.42412233353, 2.52487945557, -0.554737210274, -1.06743228436]}, "spectral_contrast_valleys": {"min": [-27.1829738617, -26.7199325562, -27.4696598053, -27.3657112122, -27.1920032501, -27.2039546967], "max": [-5.17253112793, -4.44035100937, -4.95501708984, -5.30452013016, -5.2893075943, -7.53485059738], "dvar2": [0.554313361645, 0.553591430187, 0.588929951191, 0.592200100422, 0.798864305019, 0.927527308464], "median": [-7.8846783638, -7.35819959641, -7.70239591599, -7.78654003143, -7.69551420212, -11.2323875427], "dmean2": [0.856182277203, 0.786847233772, 0.780772566795, 0.728594839573, 0.747635245323, 0.755537092686], "dmean": [0.548776209354, 0.505844831467, 0.512178003788, 0.498960912228, 0.519733548164, 0.55907702446], "var": [1.96155786514, 1.77431309223, 1.9460978508, 1.92137348652, 2.10760903358, 2.68238472939], "dvar": [0.282832026482, 0.265748798847, 0.294684767723, 0.30905225873, 0.401696443558, 0.477486997843], "mean": [-8.16651248932, -7.57515907288, -7.90050697327, -7.95482254028, -7.86721420288, -11.3437900543]}, "barkbands_flatness_db": {"min": 0.0216723699123, "max": 0.46142244339, "dvar2": 0.0039770277217, "median": 0.134383589029, "dmean2": 0.0577549450099, "dmean": 0.0351351685822, "var": 0.00484732585028, "dvar": 0.00159242283553, "mean": 0.145428314805}, "dynamic_complexity": 6.04771757126, "erbbands_flatness_db": {"min": 0.0258657690138, "max": 0.432788521051, "dvar2": 0.00101905781776, "median": 0.175395414233, "dmean2": 0.0329134911299, "dmean": 0.0220404881984, "var":