{"lowlevel": {"spectral_complexity": {"min": 0, "max": 55, "dvar2": 90.5366439819, "median": 6, "dmean2": 6.36526060104, "dmean": 4.02243709564, "var": 85.0383224487, "dvar": 39.291015625, "mean": 9.20606517792}, "silence_rate_20dB": {"min": 1, "max": 1, "dvar2": 0, "median": 1, "dmean2": 0, "dmean": 0, "var": 0, "dvar": 0, "mean": 1}, "average_loudness": 0.650065541267, "erbbands_spread": {"min": 0.400769621134, "max": 187.911911011, "dvar2": 879.503845215, "median": 43.3836402893, "dmean2": 25.0159683228, "dmean": 16.1523609161, "var": 885.88067627, "dvar": 366.541503906, "mean": 47.8470344543}, "spectral_kurtosis": {"min": -1.33122932911, "max": 180.23500061, "dvar2": 162.82383728, "median": 2.74128890038, "dmean2": 6.33100652695, "dmean": 4.08753299713, "var": 220.622299194, "dvar": 81.515007019, "mean": 6.64858865738}, "barkbands_kurtosis": {"min": -1.94976747036, "max": 1361.28967285, "dvar2": 4837.24169922, "median": 4.61668968201, "dmean2": 20.9514350891, "dmean": 12.6978492737, "var": 2295.50561523, "dvar": 1769.14526367, "mean": 14.744146347}, "spectral_strongpeak": {"min": 0, "max": 17.209192276, "dvar2": 1.19795203209, "median": 0.398307561874, "dmean2": 0.656475663185, "dmean": 0.401885807514, "var": 1.07185292244, "dvar": 0.50151515007, "mean": 0.736279010773}, "spectral_spread": {"min": 470202.8125, "max": 46298260, "dvar2": 3981653311490.0, "median": 4637757, "dmean2": 1530068.25, "dmean": 1060979.125, "var": 10172055420900.0, "dvar": 1968005971970.0, "mean": 5150487.5}, "spectral_rms": {"min": 3.15170741068e-12, "max": 0.0119398003444, "dvar2": 3.63887488675e-06, "median": 0.00329826259986, "dmean2": 0.00153320503887, "dmean": 0.00108473550063, "var": 5.32484455107e-06, "dvar": 1.89068953205e-06, "mean": 0.00336727825925}, "erbbands": {"min": [9.59121385484e-23, 8.03830632681e-22, 3.39127652937e-21, 7.93508626288e-21, 1.6879794931e-20, 3.35709151341e-20, 5.38194790423e-20, 7.56932105162e-20, 1.19525362541e-19, 1.79920429853e-19, 1.85577854104e-19, 2.15857239866e-19, 5.29843613733e-19, 6.57852708658e-19, 7.11975601426e-19, 1.37643887905e-18, 2.06648452657e-18, 2.23641513494e-18, 2.28404646935e-18, 4.21942224844e-18, 3.65862605318e-18, 4.88482080884e-18, 4.77527521237e-18, 9.17694851082e-18, 7.83100736737e-18, 8.50799431455e-18, 9.36549936836e-18, 1.13583313196e-17, 1.10619359625e-17, 1.26545489821e-17, 1.4112263733e-17, 1.16847574688e-17, 1.06422758049e-17, 1.00368358448e-17, 5.74326471265e-18, 4.69793217074e-18, 2.39961166594e-18, 8.78767628057e-19, 2.34853145365e-19, 2.71373175872e-20], "max": [1.1019333601, 12.6593503952, 39.6395263672, 27.1452617645, 58.6487045288, 554.802612305, 496.191375732, 344.080383301, 378.973114014, 894.110168457, 1629, 1460.25866699, 1136.25927734, 1128.78674316, 589.58190918, 635.991943359, 468.139282227, 1145.54345703, 407.043273926, 669.046081543, 664.95111084, 2120.66357422, 816.349304199, 523.739318848, 236.260620117, 258.472167969, 378.636932373, 201.990005493, 249.25428772, 384.927368164, 299.052764893, 207.037322998, 94.372428894, 53.1722793579, 34.5912818909, 19.8585739136, 5.03452825546, 1.06893742085, 0.169819355011, 0.0082356184721], "dvar2": [0.0215419046581, 7.06368398666, 45.1064758301, 11.4449615479, 69.8509063721, 7052.83544922, 5242.49853516, 469.354248047, 652.842895508, 6762.29443359, 6215.01464844, 4303.05419922, 1811.52758789, 1049.40795898, 317.335266113, 410.202331543, 330.395843506, 650.88861084, 578.155151367, 641.881774902, 653.260803223, 8183.77490234, 1703.98059082, 1217.08740234, 249.879592896, 294.024169922, 192.799026489, 150.553741455, 410.76473999, 618.74407959, 267.859466553, 79.7054977417, 94.1534423828, 61.2081794739, 28.5984802246, 8.09659004211, 0.483052700758, 0.0228346884251, 0.000499286106788, 1.1326872027e-06], "median": [0.00141075253487, 0.016698544845, 0.0978978425264, 0.266877293587, 1.47874760628, 6.88673782349, 5.45619392395, 1.85617613792, 3.46739315987, 4.53990364075, 2.62935781479, 1.76993906498, 1.19035077095, 0.758105099201, 0.430456280708, 0.444439291954, 0.598992407322, 0.813171029091, 0.765854358673, 0.826386928558, 0.897642314434, 1.70186007023, 2.1165626049, 1.75451350212, 1.23375725746, 0.990203738213, 0.724994778633, 0.556056141853, 0.737607002258, 1.10808300972, 0.51893478632, 0.233781144023, 0.0958352684975, 0.0237785950303, 0.0056651327759, 0.00193282752298, 0.000525791954715, 0.000112084686407, 2.52837453445e-05, 1.71562460309e-05], "dmean2": [0.0769617259502, 1.25710296631, 2.90903496742, 1.70088088512, 3.74938392639, 29.9959259033, 26.6725978851, 7.96427297592, 10.7119264603, 33.398891449, 28.1712226868, 17.4543190002, 11.9783773422, 8.07296657562, 4.25645780563, 5.37992286682, 6.53681230545, 8.80816841125, 9.57905578613, 10.373667717, 10.5770721436, 25.6352043152, 16.6838436127, 17.6236686707, 8.14847278595, 8.64745521545, 6.49043560028, 5.51752233505, 6.79073619843, 8.88908576965, 5.91253948212, 2.95334839821, 3.23699212074, 2.32163190842, 1.36799883842, 0.690996110439, 0.173411682248, 0.0412114821374, 0.00551817845553, 0.000257508945651], "dmean": [0.0509941503406, 0.731867432594, 1.7026283741, 1.02070343494, 2.28819870949, 18.1970787048, 16.4617710114, 4.83049058914, 6.81053924561, 21.6944618225, 17.9277191162, 11.0283956528, 7.7994556427, 5.89916706085, 3.00622415543, 3.72310137749, 4.2607049942, 5.82531785965, 6.07036924362, 6.3732919693, 6.59076786041, 15.8776435852, 10.2942647934, 10.1406412125, 5.05945110321, 5.16649913788, 4.05622434616, 3.3959569931, 4.35931301117, 6.07152271271, 4.08679580688, 1.98601591587, 2.11573696136, 1.52994513512, 0.878116965294, 0.431666135788, 0.110980480909, 0.0267230197787, 0.00361947691999, 0.000169564518728], "var": [0.0173663198948, 2.55469679832, 12.5918302536, 5.12119913101, 33.520980835, 2512.67724609, 2209.32348633, 244.865112305, 474.727508545, 3872.86254883, 5074.30566406, 2968.82250977, 4498.0078125, 2832.31274414, 619.268127441, 1468.91113281, 430.504730225, 889.979980469, 742.808105469, 680.102172852, 705.307556152, 6147.96533203, 1430.21582031, 638.86505127, 227.109466553, 240.300003052, 152.475067139, 91.5116653442, 218.886276245, 426.51574707, 197.572463989, 45.0675354004, 43.3921852112, 29.4905261993, 11.6340246201, 2.9902112484, 0.179782688618, 0.00948328431696, 0.000208548153751, 4.53951855661e-07], "dvar": [0.0126880351454, 2.74263501167, 16.7116451263, 4.31977462769, 27.2740478516, 2690.52954102, 2019.15551758, 183.683670044, 273.696258545, 2927.67602539, 2615.26977539, 1795.78771973, 939.780334473, 663.429443359, 159.080841064, 234.225250244, 159.447387695, 359.642303467, 256.723571777, 282.842559814, 295.894165039, 3517.75634766, 719.250549316, 460.750183105, 113.5181427, 122.640762329, 92.749206543, 68.0102233887, 176.601608276, 291.112121582, 134.956237793, 36.6939086914, 39.9650802612, 27.7950000763, 12.4696779251, 3.43883943558, 0.202750086784, 0.00991962477565, 0.000219693218241, 4.87454315135e-07], "mean": [0.0598641522229, 0.70821171999, 1.44708299637, 1.34027981758, 3.47202372551, 22.3952121735, 22.2743301392, 7.05470705032, 10.9626550674, 27.7380943298, 25.6165752411, 17.1990413666, 16.2576980591, 12.4245109558, 6.42571115494, 8.22207927704, 6.76198387146, 8.63848495483, 9.93580341339, 9.88586616516, 9.1007642746, 20.0707454681, 13.6119098663, 11.758389473, 6.99009418488, 6.54229879379, 4.72947692871, 3.80474233627, 5.30187892914, 7.64787769318, 4.94188642502, 2.27370715141, 2.17601966858, 1.49805080891, 0.757451713085, 0.346293777227, 0.0923699662089, 0.0232258271426, 0.00310481153429, 0.000156199472258]}, "zerocrossingrate": {"min": 0.0029296875, "max": 0.5205078125, "dvar2": 0.000897956779227, "median": 0.04443359375, "dmean2": 0.0215695425868, "dmean": 0.019166521728, "var": 0.0037370629143, "dvar": 0.000781549082603, "mean": 0.0612561702728}, "spectral_contrast_coeffs": {"min": [-0.980011224747, -0.977832973003, -0.980987429619, -0.969890117645, -0.966257691383, -0.962787151337], "max": [-0.25211751461, -0.321197092533, -0.391223430634, -0.49765843153, -0.546977758408, -0.558695077896], "dvar2": [0.00736992387101, 0.00645960588008, 0.0032744333148, 0.00202958518639, 0.0018776000943, 0.00418185861781], "median": [-0.588879346848, -0.728181362152, -0.80584192276, -0.829472839832, -0.817569375038, -0.764343500137], "dmean2": [0.0979811325669, 0.0898637324572, 0.0671456605196, 0.050638794899, 0.045087389648, 0.0526623986661], "dmean": [0.0627576485276, 0.0579915195704, 0.0423355661333, 0.0318710468709, 0.0295916367322, 0.0329431071877], "var": [0.0160829629749, 0.0120725193992, 0.00871800817549, 0.00533469347283, 0.00476710358635, 0.00433681113645], "dvar": [0.00332312565297, 0.00285177398473, 0.0014918257948, 0.000929497240577, 0.000893034797627, 0.0017084494466], "mean": [-0.577961623669, -0.716990828514, -0.785677313805, -0.812327742577, -0.801075220108, -0.763000011444]}, "dissonance": {"min": 0.0895677804947, "max": 0.500000119209, "dvar2": 0.00211649318226, "median": 0.461923748255, "dmean2": 0.0431881994009, "dmean": 0.0271961539984, "var": 0.0025460976176, "dvar": 0.000938645040151, "mean": 0.44622951746}, "spectral_energyband_high": {"min": 7.27077702826e-21, "max": 0.0218765437603, "dvar2": 8.76873127709e-06, "median": 0.00013040882186, "dmean2": 0.00107669911813, "dmean": 0.000725594873074, "var": 5.00589158037e-06, "dvar": 4.0363656808e-06, "mean": 0.000851848279126}, "spectral_skewness": {"min": -0.373764038086, "max": 11.2634391785, "dvar2": 0.944892168045, "median": 1.29546070099, "dmean2": 0.765114605427, "dmean": 0.503398060799, "var": 1.55401599407, "dvar": 0.476193666458, "mean": 1.58707356453}, "spectral_flux": {"min": 6.30581212246e-11, "max": 0.359938323498, "dvar2": 0.00382244843058, "median": 0.0557505637407, "dmean2": 0.0572228506207, "dmean": 0.036527197808, "var": 0.00337340845726, "dvar": 0.00178603199311, "mean": 0.0701802372932}, "silence_rate_30dB": {"min": 0, "max": 1, "dvar2": 0.00848443061113, "median": 1, "dmean2": 0.00581757724285, "dmean": 0.00290848664008, "var": 0.00155570067, "dvar": 0.00289963767864, "mean": 0.998442053795}, "spectral_energyband_middle_high": {"min": 1.26495746991e-21, "max": 0.0476166382432, "dvar2": 1.03723859866e-05, "median": 0.000368918525055, "dmean2": 0.00172519427724, "dmean": 0.00112068024464, "var": 2.00107042474e-05, "dvar": 4.90056208946e-06, "mean": 0.00229248497635}, "barkbands_spread": {"min": 0.0593467690051, "max": 116.799552917, "dvar2": 422.925140381, "median": 15.095998764, "dmean2": 16.7007160187, "dmean": 10.429564476, "var": 366.103118896, "dvar": 186.660491943, "mean": 20.7582817078}, "spectral_centroid": {"min": 140.524917603, "max": 11420.1113281, "dvar2": 801328.9375, "median": 957.85333252, "dmean2": 704.81854248, "dmean": 442.84475708, "var": 1087454, "dvar": 366018.46875, "mean": 1200.36425781}, "pitch_salience": {"min": 0.0397156253457, "max": 0.932010054588, "dvar2": 0.0344349965453, "median": 0.54372382164, "dmean2": 0.183955729008, "dmean": 0.110435031354, "var": 0.0267703607678, "dvar": 0.0137389460579, "mean": 0.526266217232}, "erbbands_skewness": {"min": -5.94456911087, "max": 13.5107145309, "dvar2": 2.20613741875, "median": 0.689126074314, "dmean2": 1.23257780075, "dmean": 0.820308566093, "var": 2.5776822567, "dvar": 0.995430827141, "mean": 0.799409985542}, "erbbands_crest": {"min": 2.28729915619, "max": 30.7012634277, "dvar2": 20.2236270905, "median": 9.637134552, "dmean2": 4.99963855743, "dmean": 3.14125990868, "var": 24.0497951508, "dvar": 9.04815006256, "mean": 10.7262153625}, "melbands": {"min": [1.22957668676e-24, 2.0732000202e-24, 2.04490890434e-24, 1.64822398587e-24, 2.54407661655e-24, 1.76116076433e-24, 1.78556240149e-24, 3.22228715804e-24, 1.29513832495e-24, 1.0765227814e-24, 2.47133101932e-24, 2.44919459624e-24, 2.35166417265e-24, 3.15771751244e-24, 4.26073990659e-24, 3.62184422046e-24, 3.46108777861e-24, 3.42008673306e-24, 3.47015218484e-24, 4.16219895218e-24, 3.94649361512e-24, 4.3691842208e-24, 4.05079601514e-24, 4.60012956169e-24, 6.20106439313e-24, 5.48471479345e-24, 5.55976307567e-24, 4.63603929895e-24, 5.36469552318e-24, 6.12305354378e-24, 6.32530840798e-24, 5.3633785199e-24, 6.17313516721e-24, 5.95306979592e-24, 7.41631881712e-24, 7.379092471e-24, 6.33456687399e-24, 6.91891677282e-24, 7.48257445568e-24, 7.93159250521e-24], "max": [0.0109461890534, 0.0183735415339, 0.00435784226283, 0.0220804810524, 0.0193636901677, 0.00661802757531, 0.00587657513097, 0.00840432103723, 0.0171188991517, 0.00791998114437, 0.00614693947136, 0.0047084079124, 0.00387611519545, 0.00189837685321, 0.00129135046154, 0.00155199028086, 0.00207187794149, 0.000705579994246, 0.00131631118711, 0.000944969244301, 0.000894761818927, 0.00188913394231, 0.00231883325614, 0.0005958895199, 0.000429081585025, 0.00032283476321, 0.000285947869997, 0.000176161134732, 0.00033471788629, 5.85546986258e-05, 0.000169190519955, 0.000135314199724, 0.000213314488064, 0.000235197279835, 0.000140207717777, 0.000221700785914, 0.000108091175207, 7.5644304161e-05, 5.83065484534e-05, 4.23742349085e-05], "dvar2": [3.33649677486e-06, 1.28565925479e-05, 3.18285771073e-07, 9.85477709037e-06, 8.61322678247e-06, 2.79945055581e-07, 2.06256501656e-07, 1.02037586203e-06, 4.3069363187e-07, 1.56595760359e-07, 4.62511735577e-08, 1.98604084289e-08, 4.77800377041e-09, 3.91506604913e-09, 1.91803040117e-09, 2.32807173539e-09, 2.76193268256e-09, 1.70826597312e-09, 2.6421131949e-09, 1.10203712822e-09, 1.24899379728e-09, 8.25655277481e-09, 7.08409952921e-09, 7.46456341183e-10, 9.91574489184e-10, 1.65773034189e-10, 2.01226882379e-10, 1.37878111706e-10, 9.21588985681e-11, 5.26321590477e-11, 6.03991717751e-11, 2.3029436691e-10, 1.02612376929e-10, 2.12646900088e-10, 1.22897914068e-10, 5.04249593469e-11, 2.67009053756e-11, 4.15128348363e-11, 7.23570647843e-11, 3.87970211513e-11], "median": [1.39392868732e-05, 4.4356478611e-05, 6.28299749224e-05, 0.000325664470438, 0.000264547183178, 3.14861972583e-05, 5.23178168805e-05, 4.90492748213e-05, 1.59904520842e-05, 9.68397671386e-06, 5.09144592797e-06, 2.95224162983e-06, 1.52376435381e-06, 1.00483953247e-06, 1.1693465467e-06, 1.35843731641e-06, 1.43188708535e-06, 1.04563741843e-06, 1.16026990327e-06, 8.16964586647e-07, 9.41333382798e-07, 1.51629626544e-06, 1.85954854715e-06, 1.46351112562e-06, 1.23551501474e-06, 8.42807821755e-07, 6.95020332842e-07, 6.25035113444e-07, 4.56036843843e-07, 3.26571580445e-07, 2.58575312273e-07, 3.32308047746e-07, 6.15070348431e-07, 5.00501414535e-07, 3.07731909288e-07, 1.84094275824e-07, 1.02629996945e-07, 6.22122868776e-08, 3.4857457365e-08, 1.15238734111e-08], "dmean2": [0.000929298170377, 0.00162667618133, 0.00029617396649, 0.00111953238957, 0.00110293470789, 0.000194753534743, 0.000188729638467, 0.000395411829231, 0.000214165076613, 0.00010647768795, 5.88320872339e-05, 3.36348821293e-05, 1.63868844538e-05, 1.44262803587e-05, 1.29911004478e-05, 1.59407936735e-05, 1.79121670953e-05, 1.55544057634e-05, 1.87148034456e-05, 1.20677377708e-05, 1.31866390802e-05, 2.56541297858e-05, 2.58660838881e-05, 1.25647884488e-05, 1.5822606656e-05, 5.74908153794e-06, 7.03061596141e-06, 5.82742768529e-06, 4.40063513452e-06, 3.48472030964e-06, 3.2911816561e-06, 4.65724542664e-06, 3.65531082025e-06, 5.18644492331e-06, 3.89998285755e-06, 2.20193692257e-06, 1.66863958384e-06, 2.09154859476e-06, 2.70848681794e-06, 1.76182413725e-06], "dmean": [0.000577577622607, 0.000941586215049, 0.000178463873453, 0.000673821079545, 0.000685386126861, 0.00011737857858, 0.000120292934298, 0.000258018466411, 0.000136296381243, 6.71878879075e-05, 3.84368759114e-05, 2.46260424319e-05, 1.1736486158e-05, 1.00396082416e-05, 8.92378739081e-06, 1.03951015262e-05, 1.176654132e-05, 9.77475519903e-06, 1.18417137855e-05, 7.51448305891e-06, 8.12098096503e-06, 1.58352795552e-05, 1.59277024068e-05, 7.51583638703e-06, 9.00630220713e-06, 3.63101526091e-06, 4.24902555096e-06, 3.43885471921e-06, 2.7560122362e-06, 2.092130444e-06, 2.04506613954e-06, 2.91146534437e-06, 2.48214314524e-06, 3.50564710061e-06, 2.70779037237e-06, 1.44446153172e-06, 1.11989322704e-06, 1.35334278184e-06, 1.73759929112e-06, 1.15944192203e-06], "var": [2.08581991501e-06, 3.9306146391e-06, 1.46448442706e-07, 3.42667112818e-06, 3.74393994207e-06, 1.4479151389e-07, 1.58774113856e-07, 5.75542799197e-07, 3.91909281916e-07, 1.05749357715e-07, 1.16774870662e-07, 4.84801603307e-08, 9.07848285436e-09, 8.49062953279e-09, 5.48750911378e-09, 2.58079801974e-09, 3.54310381034e-09, 1.78614667501e-09, 3.46501272119e-09, 1.3984786662e-09, 1.00950015014e-09, 5.76524916696e-09, 5.1730077999e-09, 5.26199583906e-10, 5.05380348681e-10, 1.47644965698e-10, 1.42789724489e-10, 1.15123487132e-10, 8.75802624867e-11, 2.80590602836e-11, 3.879288904e-11, 1.01958198828e-10, 7.70672969885e-11, 1.47998224787e-10, 9.49025857899e-11, 2.67518542041e-11, 1.47868453593e-11, 1.82712855262e-11, 3.09591900727e-11, 1.96956131959e-11], "dvar": [1.64941548064e-06, 4.80432436234e-06, 1.19607548754e-07, 3.73920192942e-06, 3.40760084327e-06, 1.07756157774e-07, 8.84747706209e-08, 4.46767529638e-07, 1.81791548926e-07, 6.55917844483e-08, 2.43523903265e-08, 1.194374466e-08, 2.71683453512e-09, 2.09645367732e-09, 1.13026621396e-09, 1.17792442467e-09, 1.48393386468e-09, 7.695246107e-10, 1.25190968703e-09, 5.36451272293e-10, 5.43734779423e-10, 3.50948381467e-09, 3.04857983302e-09, 2.97608215849e-10, 3.73730574266e-10, 7.65510640988e-11, 8.44500303021e-11, 5.81971970615e-11, 4.54041630682e-11, 2.32395248878e-11, 2.80526470109e-11, 9.60772711389e-11, 4.67581078023e-11, 1.02383448941e-10, 6.34759259044e-11, 2.30044889388e-11, 1.21230412861e-11, 1.73581461704e-11, 3.00018378196e-11, 1.83152226024e-11], "mean": [0.00067976641003, 0.000862161396071, 0.000246855837759, 0.000859261723235, 0.000938066572417, 0.000167072343174, 0.000192314255401, 0.000317867059493, 0.000203065676033, 0.000100331104477, 7.8619690612e-05, 4.98521367263e-05, 2.21061800403e-05, 2.09011486731e-05, 1.73614007508e-05, 1.44728410305e-05, 1.66385634657e-05, 1.41906502904e-05, 1.92220159079e-05, 1.01713358163e-05, 1.02978310679e-05, 1.95251250261e-05, 1.95570901269e-05, 9.17775560083e-06, 9.91637261905e-06, 5.04418494529e-06, 4.95539916301e-06, 4.26800215791e-06, 3.18718934977e-06, 2.22238008973e-06, 2.25999269787e-06, 3.18157071888e-06, 3.42720431945e-06, 4.28314069723e-06, 3.23558356286e-06, 1.67481277913e-06, 1.23674749375e-06, 1.37288088808e-06, 1.72057593772e-06, 1.1134820852e-06]}, "spectral_entropy": {"min": 3.16146159172, "max": 9.8165063858, "dvar2": 0.313404172659, "median": 7.36454153061, "dmean2": 0.528462767601, "dmean": 0.368445545435, "var": 0.676156103611, "dvar": 0.174225375056, "mean": 7.26956129074}, "spectral_rolloff": {"min": 21.533203125, "max": 19573.6816406, "dvar2": 6615292, "median": 559.86328125, "dmean2": 1702.90625, "dmean": 984.094970703, "var": 6175261.5, "dvar": 3231491.5, "mean": 1646.40710449}, "barkbands": {"min": [2.50989162505e-25, 3.12449502985e-24, 1.70570680092e-24, 1.80337192251e-24, 9.33628319812e-24, 9.44607212575e-24, 7.07404863642e-24, 7.26088797524e-24, 6.54161604034e-24, 1.18405331858e-23, 1.72642287994e-23, 3.20894700738e-23, 3.88098991876e-23, 2.90328644134e-23, 3.92574862435e-23, 5.2829825496e-23, 8.2721942451e-23, 9.22381293228e-23, 1.2928465933e-22, 1.73519788466e-22, 2.7241442077e-22, 3.13924231116e-22, 4.53697559798e-22, 6.42304685418e-22, 9.27453340683e-22, 1.36897765338e-21, 1.90073058899e-21], "max": [0.000378705968615, 0.0468985587358, 0.0339713729918, 0.00596772506833, 0.0971703827381, 0.0373746082187, 0.0382234156132, 0.0554393194616, 0.0608893446624, 0.0414953306317, 0.0413240343332, 0.0128685869277, 0.0113104172051, 0.0202743988484, 0.0128058390692, 0.0106443958357, 0.0426261983812, 0.011700425297, 0.00530517101288, 0.00624623941258, 0.00571096595377, 0.00837361626327, 0.0107546439394, 0.0065528517589, 0.00466605834663, 0.00342123908922, 0.000874897232279], "dvar2": [7.63704122164e-09, 8.52476732689e-05, 2.48772139457e-05, 7.23669813851e-07, 0.000250564946327, 1.72140444192e-05, 8.72451710165e-06, 2.35476200032e-05, 9.78642856353e-06, 1.7615118395e-06, 4.13883924466e-07, 2.48925914548e-07, 2.13035349361e-07, 3.316029904e-07, 3.35851979116e-07, 1.76215905867e-07, 2.67100222118e-06, 4.64673661327e-07, 1.98350562641e-07, 1.73433946316e-07, 8.06401487807e-08, 4.23501234081e-07, 3.54697164084e-07, 2.22799627636e-07, 5.12779251949e-07, 2.5126928449e-07, 1.38178011255e-08], "median": [1.99445785256e-05, 5.52886267542e-05, 0.000102486097603, 5.27723786945e-05, 0.00183888501488, 0.000187226920389, 0.00024693121668, 9.19192389119e-05, 6.50010842946e-05, 2.53337075264e-05, 1.1670828826e-05, 9.07871799427e-06, 1.2392586541e-05, 1.43407669384e-05, 1.41940936373e-05, 1.20523054647e-05, 2.81934535451e-05, 3.39075959346e-05, 2.76176106127e-05, 2.04386360565e-05, 1.55716152221e-05, 2.85857749986e-05, 1.94497442862e-05, 7.91964885138e-06, 1.3072517504e-06, 3.16028149427e-07, 8.89664448778e-08], "dmean2": [4.81913266412e-05, 0.00451529957354, 0.00218580150977, 0.00043098416063, 0.00595856877044, 0.00146564282477, 0.00118848285638, 0.00175868719816, 0.00079954933608, 0.000336058059474, 0.000154791225214, 0.000130708300276, 0.000150541774929, 0.0001875901944, 0.00022816011915, 0.000166954851011, 0.000482687493786, 0.000299943436403, 0.000232601218158, 0.000205982418265, 0.00013227823365, 0.000226749762078, 0.000216276908759, 0.000166992860613, 0.000193451152882, 0.000124612473883, 2.88233750325e-05], "dmean": [3.16399018629e-05, 0.00269554695114, 0.00128872005735, 0.000251464225585, 0.00371672655456, 0.000875652243849, 0.000752085761633, 0.00114039180335, 0.000500184833072, 0.000229302313528, 0.000111162124085, 9.00840896065e-05, 9.7198979347e-05, 0.000123113626614, 0.000143387776916, 0.000103982150904, 0.000297765363939, 0.000179469818249, 0.000138564675581, 0.000122164943605, 8.20355635369e-05, 0.000150373874931, 0.000147584301885, 0.000110503046017, 0.000125876860693, 7.8935889178e-05, 1.88384456123e-05], "var": [3.94391097558e-09, 3.87314321415e-05, 7.0003975452e-06, 4.29221074683e-07, 0.000105369661469, 8.17253112473e-06, 6.21993285677e-06, 1.44472624015e-05, 7.26152848074e-06, 4.36995969721e-06, 9.35831451443e-07, 7.1658178058e-07, 2.22137217065e-07, 3.55741150315e-07, 4.37715357293e-07, 2.26922580282e-07, 2.04179536922e-06, 2.62683926167e-07, 1.47786494153e-07, 1.13547827141e-07, 5.3048125892e-08, 2.49234005878e-07, 2.6735716574e-07, 1.13784693667e-07, 2.23384503784e-07, 9.56780112915e-08, 5.85080295323e-09], "dvar": [3.52997697739e-09, 3.60477715731e-05, 9.25424592424e-06, 2.59933443658e-07, 9.9249642517e-05, 6.44127885607e-06, 3.71193550563e-06, 1.04081209429e-05, 4.14728174292e-06, 9.40032805374e-07, 2.71731295243e-07, 1.34660524509e-07, 1.04209320284e-07, 1.69141685546e-07, 1.53854159635e-07, 8.35354327933e-08, 1.17013473755e-06, 1.8243190425e-07, 8.09521694123e-08, 6.80797000996e-08, 3.75111355311e-08, 1.88164435144e-07, 1.79587885896e-07, 9.74170504264e-08, 2.27333401881e-07, 1.07455974785e-07, 6.13602324506e-09], "mean": [4.07935403928e-05, 0.00285043381155, 0.00111087074038, 0.000364913750673, 0.0050512207672, 0.00117541919462, 0.00113898899872, 0.0013768163044, 0.000733685679734, 0.00049985764781, 0.00019281177083, 0.000188757505384, 0.000136682661832, 0.000171316409251, 0.000229913857765, 0.000139780982863, 0.000367798958905, 0.000211281498196, 0.000177583453478, 0.000144384917803, 9.21152895899e-05, 0.000186906167073, 0.00018160509353, 0.000118562289572, 0.000116122748295, 6.52591552353e-05, 1.60465242516e-05]}, "melbands_flatness_db": {"min": 0.00435161730275, "max": 0.703995466232, "dvar2": 0.00734019791707, "median": 0.230595946312, "dmean2": 0.0803898572922, "dmean": 0.0534474477172, "var": 0.0121607715264, "dvar": 0.00352670322172, "mean": 0.253820806742}, "melbands_skewness": {"min": -3.82735466957, "max": 25.1452102661, "dvar2": 8.71095275879, "median": 3.18529415131, "dmean2": 2.37096524239, "dmean": 1.507340312, "var": 7.48207378387, "dvar": 3.70148038864, "mean": 3.67496085167}, "barkbands_skewness": {"min": -7.89659261703, "max": 29.1955165863, "dvar2": 6.55939340591, "median": 1.97471642494, "dmean2": 1.8973004818, "dmean": 1.21071052551, "var": 4.98854589462, "dvar": 2.79002428055, "mean": 2.27601480484}, "silence_rate_60dB": {"min": 0, "max": 1, "dvar2": 0.187716543674, "median": 0, "dmean2": 0.220236852765, "dmean": 0.110106989741, "var": 0.190328747034, "dvar": 0.0979946255684, "mean": 0.255712509155}, "spectral_energyband_low": {"min": 1.86709476537e-23, "max": 0.0663161054254, "dvar2": 0.00015641094069, "median": 0.000244947732426, "dmean2": 0.00625940598547, "dmean": 0.00378364953212, "var": 6.95334892953e-05, "dvar": 6.43808016321e-05, "mean": 0.00421289494261}, "spectral_energyband_middle_low": {"min": 1.75977449906e-22, "max": 0.12468355149, "dvar2": 0.000419228192186, "median": 0.0054376097396, "dmean2": 0.00886513944715, "dmean": 0.00573110347614, "var": 0.000227556214668, "dvar": 0.000171492894879, "mean": 0.0100861610845}, "melbands_kurtosis": {"min": -1.95500040054, "max": 1007.23400879, "dvar2": 9236.84570312, "median": 16.4616737366, "dmean2": 40.1417388916, "dmean": 24.533624649, "var": 3941.07226562, "dvar": 3579.94799805, "mean": 32.856426239}, "spectral_decrease": {"min": -3.56613405472e-08, "max": 8.46600224768e-29, "dvar2": 3.72445085294e-17, "median": -2.75372968872e-09, "dmean2": 3.6619545174e-09, "dmean": 2.3927781978e-09, "var": 2.39955318427e-17, "dvar": 1.58355985863e-17, "mean": -4.17132595132e-09}, "erbbands_kurtosis": {"min": -1.8851647377, "max": 328.360534668, "dvar2": 325.610565186, "median": 0.00951969623566, "dmean2": 6.57960557938, "dmean": 4.15453100204, "var": 293.123809814, "dvar": 145.374420166, "mean": 4.16852045059}, "melbands_crest": {"min": 1.62601673603, "max": 34.1786613464, "dvar2": 33.3379631042, "median": 15.5301370621, "dmean2": 6.59240102768, "dmean": 3.98920869827, "var": 32.0030021667, "dvar": 13.5827989578, "mean": 15.9482936859}, "gfcc": {"cov": [[27134.65625, -1754.65405273, -2834.71313477, -196.99446106, -1297.03747559, 255.898925781, -868.806518555, 314.321350098, -504.365844727, -103.537239075, -319.581359863, -62.3110580444, -117.497673035], [-1754.65405273, 3562.66259766, -221.807601929, 101.00112915, 731.695983887, -332.263244629, 335.108886719, -212.913803101, 447.503570557, -272.772735596, 244.295257568, -36.5482025146, 194.701950073], [-2834.71313477, -221.807601929, 1931.52441406, 206.925476074, 296.402557373, 167.894439697, 93.900680542, 122.955154419, 61.3855171204, 155.891540527, 15.0920066833, 78.633392334, -66.5282592773], [-196.99446106, 101.00112915, 206.925476074, 981.629882812, 296.932983398, 114.37903595, 174.238189697, -37.8911247253, 229.571777344, -16.4585456848, 84.4324035645, 19.9445648193, 42.1433753967], [-1297.03747559, 731.695983887, 296.402557373, 296.932983398, 818.650268555, 40.2510681152, 176.514541626, 83.1260910034, 212.273132324, 37.0215492249, 53.3648605347, 102.960617065, 57.6904716492], [255.898925781, -332.263244629, 167.894439697, 114.37903595, 40.2510681152, 368.501312256, 143.794937134, 64.8623504639, 14.7064247131, 74.6784286499, 27.2777576447, 12.1065855026, -12.5333957672], [-868.806518555, 335.108886719, 93.900680542, 174.238189697, 176.514541626, 143.794937134, 339.930145264, 58.1526222229, 113.521881104, 46.6533508301, 74.69115448, -16.5281352997, 4.98812818527], [314.321350098, -212.913803101, 122.955154419, -37.8911247253, 83.1260910034, 64.8623504639, 58.1526222229, 272.03527832, 52.6291007996, 114.066543579, -18.6101455688, 0.345041751862, -54.0886192322], [-504.365844727, 447.503570557, 61.3855171204, 229.571777344, 212.273132324, 14.7064247131, 113.521881104, 52.6291007996, 279.5362854, -2.23472285271, 55.1646881104, 11.7841444016, 6.68432855606], [-103.537239075, -272.772735596, 155.891540527, -16.4585456848, 37.0215492249, 74.6784286499, 46.6533508301, 114.066543579, -2.23472285271, 176.209716797, -1.37329506874, -15.1731357574, -35.4932785034], [-319.581359863, 244.295257568, 15.0920066833, 84.4324035645, 53.3648605347, 27.2777576447, 74.69115448, -18.6101455688, 55.1646881104, -1.37329506874, 114.889945984, 12.9668617249, 24.7905654907], [-62.3110580444, -36.5482025146, 78.633392334, 19.9445648193, 102.960617065, 12.1065855026, -16.5281352997, 0.345041751862, 11.7841444016, -15.1731357574, 12.9668617249, 116.836151123, 25.3279685974], [-117.497673035, 194.701950073, -66.5282592773, 42.1433753967, 57.6904716492, -12.5333957672, 4.98812818527, -54.0886192322, 6.68432855606, -35.4932785034, 24.7905654907, 25.3279685974, 121.632102966]], "icov": [[6.40241123619e-05, -7.05023630871e-05, 0.000104030019429, -0.000111048182589, 0.000115074457426, -0.000190438673599, 0.000242304929998, -0.000225258350838, 0.000142473101732, -3.00164592772e-05, 0.000124535537907, -0.000133300767629, 7.15569331078e-05], [-7.05023630871e-05, 0.00102962891106, -0.000136149639729, 0.000692832807545, -0.000946831074543, 0.00100104010198, -0.000982765690424, 0.000789318408351, -0.00116602389608, 0.00121988763567, -0.00134517950937, 0.00142185448203, -0.000689118052833], [0.000104030019429, -0.000136149639729, 0.000796725915279, -0.000294427823974, 3.48994799424e-05, -0.000468203477794, 0.000444426812464, -0.000336486613378, 0.000315769953886, -0.000531936821062, 0.000240525987465, -0.000634860771243, 0.000534171645995], [-0.000111048182589, 0.000692832807545, -0.000294427823974, 0.00199353462085, -0.000946312327869, 0.000404496095143, -0.000997929018922, 0.001271047513, -0.00182659935672, 0.000866405316629, -0.00112194835674, 0.00122338079382, -0.000644293730147], [0.000115074457426, -0.000946831074543, 3.48994799424e-05, -0.000946312327869, 0.0029768163804, -0.000615758704953, 0.000244937691605, -0.00117089145351, 0.000164428725839, -0.00146989570931, 0.00172145757824, -0.0029728510417, -0.000202100214665], [-0.000190438673599, 0.00100104010198, -0.000468203477794, 0.000404496095143, -0.000615758704953, 0.00498888269067, -0.0029362924397, 0.000771106570028, -0.000659441342577, 6.58946955809e-05, -0.00134498847183, 0.000436200789409, -0.000674400245771], [0.000242304929998, -0.000982765690424, 0.000444426812464, -0.000997929018922, 0.000244937691605, -0.0029362924397, 0.00653336755931, -0.0017270721728, 0.000518909364473, -0.00110555521678, -0.000969604414422, 0.000473045220133, 0.000689378881361], [-0.000225258350838, 0.000789318408351, -0.000336486613378, 0.001271047513, -0.00117089145351, 0.000771106570028, -0.0017270721728, 0.00724650966004, -0.00259960908443, -0.0025900490582, 0.000403884594562, 0.000480817339849, 0.00102717790287], [0.000142473101732, -0.00116602389608, 0.000315769953886, -0.00182659935672, 0.000164428725839, -0.000659441342577, 0.000518909364473, -0.00259960908443, 0.00737746432424, -0.000123893914861, -0.000197199129616, -0.00121325929649, 0.00133774452843], [-3.00164592772e-05, 0.00121988763567, -0.000531936821062, 0.000866405316629, -0.00146989570931, 6.58946955809e-05, -0.00110555521678, -0.0025900490582, -0.000123893914861, 0.0106029547751, -0.00245751254261, 0.00339513411745, -8.0596000771e-05], [0.000124535537907, -0.00134517950937, 0.000240525987465, -0.00112194835674, 0.00172145757824, -0.00134498847183, -0.000969604414422, 0.000403884594562, -0.000197199129616, -0.00245751254261, 0.0135249225423, -0.00349425780587, -0.00067708932329], [-0.000133300767629, 0.00142185448203, -0.000634860771243, 0.00122338079382, -0.0029728510417, 0.000436200789409, 0.000473045220133, 0.000480817339849, -0.00121325929649, 0.00339513411745, -0.00349425780587, 0.013289517723, -0.00252426904626], [7.15569331078e-05, -0.000689118052833, 0.000534171645995, -0.000644293730147, -0.000202100214665, -0.000674400245771, 0.000689378881361, 0.00102717790287, 0.00133774452843, -8.0596000771e-05, -0.00067708932329, -0.00252426904626, 0.0109306238592]], "mean": [-117.352851868, 88.8731613159, -99.9471817017, 39.8871231079, -69.7166366577, -8.8922252655, -42.6376113892, -2.94946026802, -12.7803239822, -8.31144237518, -11.3923273087, -3.50150966644, -12.2886285782]}, "melbands_spread": {"min": 0.285637050867, "max": 303.933074951, "dvar2": 1283.07885742, "median": 12.3162698746, "dmean2": 21.0844898224, "dmean": 13.0803155899, "var": 911.089111328, "dvar": 586.527282715, "mean": 21.5677242279}, "spectral_energy": {"min": 1.01815916765e-20, "max": 0.146122798324, "dvar2": 0.000607264053542, "median": 0.0111504998058, "dmean2": 0.0146067477763, "dmean": 0.00967722572386, "var": 0.000414338137489, "dvar": 0.000264398055151, "mean": 0.017079975456}, "mfcc": {"cov": [[20124.2988281, -504.498168945, -2043.48461914, -484.942657471, -856.239135742, -387.401153564, -567.65411377, 14.39412117, -296.551391602, -93.3373641968, -70.3895721436, -316.963684082, -183.440048218], [-504.498168945, 2733.58862305, -260.006835938, 207.670059204, 272.529205322, -30.8335990906, -66.0492858887, 109.350769043, 59.1189231873, -74.2645645142, 9.48885631561, 82.9152832031, 30.4867172241], [-2043.48461914, -260.006835938, 1382.2824707, 145.928268433, 186.945251465, 131.553573608, 122.469009399, 13.3496637344, 11.9528188705, 83.2288208008, 37.6394920349, 31.4125213623, 57.6434516907], [-484.942657471, 207.670059204, 145.928268433, 816.997497559, 320.692779541, 223.654251099, -10.4990930557, 140.01184082, 95.6312255859, 58.9806671143, -4.4830698967, 158.946380615, 34.0201339722], [-856.239135742, 272.529205322, 186.945251465, 320.692779541, 542.636474609, 122.868011475, 31.6811676025, 98.4066009521, 139.925674438, -13.7330656052, 39.5312080383, 107.18939209, 69.6935958862], [-387.401153564, -30.8335990906, 131.553573608, 223.654251099, 122.868011475, 362.597045898, 110.301651001, 110.694831848, 50.2905960083, 60.8501472473, 29.411447525, 45.3384246826, 0.902599573135], [-567.65411377, -66.0492858887, 122.469009399, -10.4990930557, 31.6811676025, 110.301651001, 285.590393066, 36.0999565125, 67.122718811, 67.9934844971, 63.0566635132, 29.5907440186, 41.2842292786], [14.39412117, 109.350769043, 13.3496637344, 140.01184082, 98.4066009521, 110.694831848, 36.0999565125, 200.525695801, 67.9999542236, 31.4981117249, 38.1369247437, 59.6331863403, 46.6623382568], [-296.551391602, 59.1189231873, 11.9528188705, 95.6312255859, 139.925674438, 50.2905960083, 67.122718811, 67.9999542236, 186.162567139, 62.3757591248, 59.8631134033, 71.0584716797, 47.4761657715], [-93.3373641968, -74.2645645142, 83.2288208008, 58.9806671143, -13.7330656052, 60.8501472473, 67.9934844971, 31.4981117249, 62.3757591248, 160.804168701, 70.1841049194, 38.6409721375, 35.2249107361], [-70.3895721436, 9.48885631561, 37.6394920349, -4.4830698967, 39.5312080383, 29.411447525, 63.0566635132, 38.1369247437, 59.8631134033, 70.1841049194, 137.03175354, 64.486114502, 46.8891448975], [-316.963684082, 82.9152832031, 31.4125213623, 158.946380615, 107.18939209, 45.3384246826, 29.5907440186, 59.6331863403, 71.0584716797, 38.6409721375, 64.486114502, 169.434188843, 47.2117919922], [-183.440048218, 30.4867172241, 57.6434516907, 34.0201339722, 69.6935958862, 0.902599573135, 41.2842292786, 46.6623382568, 47.4761657715, 35.2249107361, 46.8891448975, 47.2117919922, 125.975585938]], "icov": [[6.61385784042e-05, 1.81081122719e-05, 8.67841954459e-05, -1.59909541253e-05, 5.02173352288e-05, 2.5135515898e-05, 9.6397845482e-05, -9.63782367762e-05, 5.25943760294e-05, -2.82325217995e-05, -9.36424839892e-05, 0.000108191998152, 1.50606683746e-05], [1.81081122719e-05, 0.000417513743741, 0.000114881404443, -5.73115903535e-05, -0.000192762832739, 0.000147331651533, 4.23800738645e-05, -0.00022170264856, 7.35490684747e-05, 0.000123559861095, -8.53628662298e-05, -2.25047988351e-05, 3.99956552428e-05], [8.67841954459e-05, 0.000114881404443, 0.000984155223705, -5.21544388903e-05, -0.000386850326322, -7.0580485044e-05, -0.000146730599226, 4.28274724982e-05, 0.000589955539908, -0.000546943861991, -5.25642972207e-05, 0.000204688563826, -0.000217473381781], [-1.59909541253e-05, -5.73115903535e-05, -5.21544388903e-05, 0.00240032910369, -0.00102753681131, -0.000914332282264, 0.000606630055699, -0.000460237963125, 0.000233945756918, -0.00126428273506, 0.00176733674016, -0.00183346192352, 0.000207577948458], [5.02173352288e-05, -0.000192762832739, -0.000386850326322, -0.00102753681131, 0.00372942909598, -0.000591979769524, 0.000305261521135, 0.000125906051835, -0.00236497377045, 0.00243620970286, -0.000845284899697, -9.28959889279e-06, -0.00110321189277], [2.5135515898e-05, 0.000147331651533, -7.0580485044e-05, -0.000914332282264, -0.000591979769524, 0.00473329890519, -0.0016211096663, -0.00207913690247, 0.000742170261219, -0.0010117032798, -0.0001519570651, 0.000454144348623, 0.00176469050348], [9.6397845482e-05, 4.23800738645e-05, -0.000146730599226, 0.000606630055699, 0.000305261521135, -0.0016211096663, 0.00510600814596, 0.000241192581598, -0.00118648307398, -0.000575074576773, -0.000976557959802, 0.000153153305291, -0.000972460082266], [-9.63782367762e-05, -0.00022170264856, 4.28274724982e-05, -0.000460237963125, 0.000125906051835, -0.00207913690247, 0.000241192581598, 0.00767790945247, -0.00153267639689, 0.000619336497039, -0.000526508374605, -0.000621224811766, -0.00212652888149], [5.25943760294e-05, 7.35490684747e-05, 0.000589955539908, 0.000233945756918, -0.00236497377045, 0.000742170261219, -0.00118648307398, -0.00153267639689, 0.00958669371903, -0.00314919091761, -0.000591019692365, -0.00128716940526, -4.47137826995e-05], [-2.82325217995e-05, 0.000123559861095, -0.000546943861991, -0.00126428273506, 0.00243620970286, -0.0010117032798, -0.000575074576773, 0.000619336497039, -0.00314919091761, 0.0110062500462, -0.0044133332558, 0.000653684604913, -0.00135381147265], [-9.36424839892e-05, -8.53628662298e-05, -5.25642972207e-05, 0.00176733674016, -0.000845284899697, -0.0001519570651, -0.000976557959802, -0.000526508374605, -0.000591019692365, -0.0044133332558, 0.0132018337026, -0.00421277806163, -0.00146337109618], [0.000108191998152, -2.25047988351e-05, 0.000204688563826, -0.00183346192352, -9.28959889279e-06, 0.000454144348623, 0.000153153305291, -0.000621224811766, -0.00128716940526, 0.000653684604913, -0.00421277806163, 0.0102042974904, -0.00120765250176], [1.50606683746e-05, 3.99956552428e-05, -0.000217473381781, 0.000207577948458, -0.00110321189277, 0.00176469050348, -0.000972460082266, -0.00212652888149, -4.47137826995e-05, -0.00135381147265, -0.00146337109618, -0.00120765250176, 0.0110904816538]], "mean": [-753.260559082, 108.248985291, 21.0585403442, 34.4560813904, 0.325507968664, -3.87663340569, -17.0924053192, 1.13798904419, -10.3474302292, 0.725637555122, -0.117846384645, -4.38988161087, -5.87966585159]}, "spectral_contrast_valleys": {"min": [-27.9064006805, -27.8638153076, -27.6912670135, -27.647600174, -27.497428894, -27.3652667999], "max": [-5.48957252502, -4.23774147034, -5.6390786171, -6.07165670395, -5.79108142853, -7.45116758347], "dvar2": [0.894260883331, 1.13819551468, 1.00514125824, 1.11582815647, 1.30543887615, 0.829619407654], "median": [-8.47262763977, -7.52832698822, -8.60592651367, -8.84112358093, -8.33240509033, -11.0006580353], "dmean2": [0.980860352516, 0.969627320766, 0.897726416588, 0.881759762764, 0.925198614597, 0.841167807579], "dmean": [0.694835305214, 0.661169052124, 0.606504678726, 0.628625512123, 0.69592666626, 0.68190652132], "var": [3.90407538414, 3.96420955658, 3.49636793137, 3.5627925396, 3.79519462585, 4.10799503326], "dvar": [0.494105309248, 0.568741202354, 0.503535211086, 0.563638865948, 0.693721115589, 0.629632651806], "mean": [-8.62975788116, -7.85167694092, -8.90507030487, -9.11393070221, -8.68457603455, -11.2497797012]}, "barkbands_flatness_db": {"min": 0.0177143141627, "max": 0.578267812729, "dvar2": 0.00469045620412, "median": 0.171654209495, "dmean2": 0.0659019500017, "dmean": 0.0432423166931, "var": 0.00708583416417, "dvar": 0.00216925400309, "mean": 0.188658952713}, "dynamic_complexity": 6.03918027878, "erbbands_flatness_db": {"min": 0.0373433642089, "max": 0.517252743244, "dvar2": 0.0018021359574, "median": 0.179023295641, "dmean2": 0.0420347824693, "dmean": 0.0301501303911, "var": 0.00412905262783, "dvar": 0.0009791