{"lowlevel": {"spectral_complexity": {"min": 0, "max": 63, "dvar2": 78.4428405762, "median": 13, "dmean2": 7.04100942612, "dmean": 4.84542655945, "var": 201.124954224, "dvar": 40.9043006897, "mean": 16.9859237671}, "silence_rate_20dB": {"min": 1, "max": 1, "dvar2": 0, "median": 1, "dmean2": 0, "dmean": 0, "var": 0, "dvar": 0, "mean": 1}, "average_loudness": 0.822320342064, "erbbands_spread": {"min": 1.08146226406, "max": 222.812545776, "dvar2": 634.10559082, "median": 42.8406677246, "dmean2": 20.5340194702, "dmean": 13.382557869, "var": 796.370849609, "dvar": 264.825439453, "mean": 48.6223335266}, "spectral_kurtosis": {"min": -1.11258661747, "max": 138.819229126, "dvar2": 12.8136968613, "median": 2.54225206375, "dmean2": 1.73344826698, "dmean": 1.08416140079, "var": 109.247108459, "dvar": 5.07549953461, "mean": 4.49784898758}, "barkbands_kurtosis": {"min": -1.9526720047, "max": 1643.7800293, "dvar2": 3982.87426758, "median": 0.656086564064, "dmean2": 14.1586694717, "dmean": 8.86677837372, "var": 3823.51879883, "dvar": 1581.3885498, "mean": 14.1706171036}, "spectral_strongpeak": {"min": 0, "max": 10.6418533325, "dvar2": 1.2662280798, "median": 0.241492301226, "dmean2": 0.645652711391, "dmean": 0.375986963511, "var": 0.806272268295, "dvar": 0.489450126886, "mean": 0.59612840414}, "spectral_spread": {"min": 799122.125, "max": 35579164, "dvar2": 1954792472580.0, "median": 5500212, "dmean2": 1165096.375, "dmean": 787781.625, "var": 4056239833090.0, "dvar": 969262628864, "mean": 5860009.5}, "spectral_rms": {"min": 3.19896756654e-12, "max": 0.010833661072, "dvar2": 1.81881932804e-06, "median": 0.00406394060701, "dmean2": 0.00128251337446, "dmean": 0.000868694740348, "var": 3.4737624901e-06, "dvar": 8.38118126012e-07, "mean": 0.00411843229085}, "erbbands": {"min": [3.19522013343e-22, 4.57845882687e-21, 2.55458220886e-20, 3.02157736344e-20, 6.64053810292e-20, 1.42849852487e-19, 2.15823390085e-19, 2.21519510879e-19, 3.67755737396e-19, 3.56879966703e-19, 5.07896702625e-19, 5.9191690126e-19, 1.31473068836e-18, 2.93470260328e-18, 4.32664429457e-18, 3.84974861525e-18, 1.85730088941e-18, 1.84134043949e-18, 1.76111343265e-18, 3.33375128119e-18, 9.21406327772e-18, 6.28328709401e-18, 9.24423220902e-18, 8.4697339025e-18, 1.20432037796e-17, 1.1756854531e-17, 2.3937149435e-17, 2.06004153406e-17, 2.10884138517e-17, 1.99193115155e-17, 1.51037637742e-17, 2.59589823386e-17, 1.56714396306e-17, 1.4433545646e-17, 1.00515646228e-17, 5.67044510819e-18, 2.96645848059e-18, 1.28961324566e-18, 3.18167138553e-19, 3.78187137618e-20], "max": [2.48792862892, 22.4614448547, 68.4022293091, 104.141227722, 61.977596283, 46.4311904907, 86.0824737549, 242.583267212, 577.080322266, 695.571655273, 1208.68273926, 1094.83618164, 778.655029297, 1002.10754395, 788.510681152, 915.675170898, 1124.57531738, 1678.4197998, 1458.60742188, 895.180175781, 736.888366699, 749.255004883, 578.199645996, 529.887573242, 310.482788086, 436.677886963, 443.967651367, 478.900787354, 392.57913208, 514.514465332, 302.779388428, 176.23008728, 78.6350860596, 74.700592041, 58.2106170654, 30.4548110962, 3.80398774147, 0.413895487785, 0.0298876855522, 0.00270030205138], "dvar2": [0.1496630162, 9.38983631134, 57.1790962219, 69.5569152832, 56.5220680237, 33.003528595, 77.4379730225, 187.416244507, 841.220336914, 1737.70849609, 3227.38964844, 2446.05053711, 1802.3380127, 2239.72363281, 2097.59472656, 3069.58032227, 1911.63024902, 4044.43261719, 2661.73120117, 2135.01416016, 1128.56799316, 1124.25195312, 1481.16577148, 1203.82885742, 1019.92596436, 937.048278809, 1968.07861328, 2235.34448242, 554.887145996, 353.754821777, 194.885147095, 65.8693618774, 24.1286354065, 12.4035835266, 46.5321960449, 3.07474255562, 0.104583255947, 0.00180322572123, 2.79407395283e-05, 3.19425936368e-07], "median": [0.10879522562, 0.757422447205, 1.62979948521, 1.47090673447, 0.544217228889, 0.570277035236, 0.970852196217, 1.5831297636, 2.06697940826, 2.79701852798, 4.04337692261, 4.91739559174, 3.77049088478, 3.5272321701, 5.12860679626, 5.61452054977, 5.22377586365, 6.35867118835, 7.03984069824, 6.94337129593, 5.13877391815, 4.41863441467, 6.20469427109, 5.96046447754, 6.11052417755, 6.91716194153, 9.49711894989, 8.78342437744, 4.15879964828, 2.63038921356, 2.05461668968, 1.36249399185, 0.987028837204, 0.647309064865, 0.906577944756, 0.22316852212, 0.0297632589936, 0.0037420517765, 0.0002935299417, 4.98249610246e-05], "dmean2": [0.233498156071, 1.8043191433, 3.95720648766, 4.41056442261, 3.96653342247, 3.11545276642, 4.62229156494, 6.74864768982, 10.9671230316, 15.2134962082, 19.9217224121, 21.4189033508, 16.98478508, 19.4055995941, 18.4193515778, 25.8531475067, 17.5681381226, 24.9853916168, 22.9240951538, 20.0775375366, 15.7222537994, 15.442612648, 20.0552616119, 18.4296665192, 16.839963913, 17.2410430908, 24.3490161896, 25.8867607117, 12.1473121643, 8.55584907532, 5.74974870682, 3.52604818344, 2.39100503922, 1.75620317459, 3.33962893486, 0.878076851368, 0.169631794095, 0.0212796870619, 0.00262066023424, 0.000266158342129], "dmean": [0.140971377492, 1.06151163578, 2.36766409874, 2.54967546463, 2.2807123661, 1.83228683472, 2.76523709297, 4.20314073563, 6.74850797653, 9.67498683929, 13.1493520737, 13.6438713074, 10.9582901001, 12.8341665268, 12.1030521393, 16.6386814117, 11.8242559433, 16.0001659393, 14.6366014481, 12.7408494949, 9.88829708099, 9.78579330444, 12.5045967102, 11.69880867, 10.6788187027, 11.0387983322, 15.7728633881, 16.7971038818, 7.71518850327, 5.45664787292, 3.74102187157, 2.30377912521, 1.56857144833, 1.15009081364, 2.31573987007, 0.599266588688, 0.110637895763, 0.0136358486488, 0.00164209585637, 0.000168812548509], "var": [0.082494713366, 4.86119556427, 23.2068996429, 21.9528064728, 16.2068119049, 11.6214990616, 37.7248802185, 179.468154907, 551.780517578, 1154.26464844, 2166.859375, 1917.77099609, 1467.92224121, 2311.12133789, 2009.11755371, 3050.19799805, 3115.53540039, 4000.10766602, 2704.73022461, 1824.30493164, 1101.35571289, 883.091125488, 999.10949707, 1144.98400879, 839.308837891, 806.325439453, 1685.02404785, 1650.84472656, 355.598266602, 219.135314941, 137.307250977, 76.3809432983, 26.7900409698, 10.9768009186, 25.9396743774, 2.07374477386, 0.0654037892818, 0.00100934074726, 1.12623220048e-05, 1.25268982742e-07], "dvar": [0.054919578135, 3.6695690155, 21.8680210114, 25.5892448425, 21.3365497589, 12.7656421661, 29.4478340149, 80.837272644, 354.485107422, 725.291320801, 1432.64001465, 1042.59399414, 761.504516602, 992.999450684, 897.93347168, 1325.72143555, 963.250305176, 1640.08129883, 1185.88842773, 874.101379395, 473.047821045, 468.608276367, 604.313476562, 511.910705566, 429.791748047, 413.273010254, 904.606323242, 1023.11975098, 231.068145752, 138.68762207, 74.5159988403, 31.065158844, 11.1908578873, 5.39974880219, 19.8775615692, 1.30580341816, 0.0447171106935, 0.000757510890253, 1.13022933874e-05, 1.29987910213e-07], "mean": [0.210658282042, 1.50778257847, 3.09037256241, 2.92727899551, 1.9914150238, 1.8164857626, 3.30068898201, 5.77554035187, 8.32593250275, 13.3455905914, 19.048500061, 21.85663414, 17.255241394, 20.8817272186, 20.9582252502, 27.0992050171, 21.609128952, 26.3374786377, 23.8419132233, 21.6317081451, 17.3054542542, 15.8344678879, 18.878326416, 19.6450328827, 18.2568721771, 18.6259269714, 25.8662776947, 24.7628993988, 11.7889633179, 8.52902603149, 6.23186016083, 3.98749542236, 2.69679784775, 1.95308279991, 3.04305028915, 0.795720160007, 0.135750666261, 0.0161947272718, 0.00167948845774, 0.000183970143553]}, "zerocrossingrate": {"min": 0, "max": 0.5087890625, "dvar2": 0.000558729982004, "median": 0.08447265625, "dmean2": 0.0221312548965, "dmean": 0.0186447072774, "var": 0.00317867984995, "dvar": 0.00044068027637, "mean": 0.090916633606}, "spectral_contrast_coeffs": {"min": [-0.999227881432, -0.996916353703, -0.99155151844, -0.970978319645, -0.982091486454, -0.978760838509], "max": [-0.386068850756, -0.319704204798, -0.401022881269, -0.44026055932, -0.528652310371, -0.571539819241], "dvar2": [0.00602642539889, 0.00469870306551, 0.00316091789864, 0.00202249526046, 0.00102288741618, 0.00110875850078], "median": [-0.69426959753, -0.756474971771, -0.779344677925, -0.788326442242, -0.802453696728, -0.738939881325], "dmean2": [0.094209574163, 0.0836072191596, 0.06856533885, 0.0539964623749, 0.0376331135631, 0.0358853973448], "dmean": [0.0569420158863, 0.0525629036129, 0.0427900403738, 0.0343856848776, 0.0239237714559, 0.0226869229227], "var": [0.00526702823117, 0.00830427091569, 0.00591330649331, 0.00456734793261, 0.00249993405305, 0.00242386874743], "dvar": [0.00221972540021, 0.00201509497128, 0.00131536542904, 0.000886546855327, 0.000453761604149, 0.000498106179293], "mean": [-0.693864941597, -0.743807375431, -0.773747503757, -0.784446775913, -0.797158896923, -0.745726943016]}, "dissonance": {"min": 0.124975025654, "max": 0.5, "dvar2": 0.0010313775856, "median": 0.480224281549, "dmean2": 0.0284358374774, "dmean": 0.0170945338905, "var": 0.00125227065291, "dvar": 0.000413393165218, "mean": 0.468473732471}, "spectral_energyband_high": {"min": 8.22715048936e-21, "max": 0.0305784195662, "dvar2": 8.4747607616e-06, "median": 0.000929164583795, "dmean2": 0.00163194246124, "dmean": 0.00111934903543, "var": 7.80935988587e-06, "dvar": 3.87312002204e-06, "mean": 0.00204287911765}, "spectral_skewness": {"min": -0.59229683876, "max": 10.4917469025, "dvar2": 0.0919427648187, "median": 1.21931481361, "dmean2": 0.272423058748, "dmean": 0.177313253284, "var": 1.07891571522, "dvar": 0.0395630300045, "mean": 1.40044689178}, "spectral_flux": {"min": 3.87665431845e-06, "max": 0.310635834932, "dvar2": 0.00147202471271, "median": 0.078316450119, "dmean2": 0.0374193750322, "dmean": 0.0245445799083, "var": 0.0021312974859, "dvar": 0.000663446029648, "mean": 0.0834795385599}, "silence_rate_30dB": {"min": 0, "max": 1, "dvar2": 0.000815682113171, "median": 1, "dmean2": 0.000544069625903, "dmean": 0.000272016332019, "var": 0.000135962662171, "dvar": 0.000271910743322, "mean": 0.999863982201}, "spectral_energyband_middle_high": {"min": 1.12498330356e-21, "max": 0.0537858270109, "dvar2": 1.45315434565e-05, "median": 0.00190861080773, "dmean2": 0.00242653721943, "dmean": 0.00170441018417, "var": 4.18273048126e-05, "dvar": 7.59218164603e-06, "mean": 0.00459880428389}, "barkbands_spread": {"min": 0.0605962574482, "max": 136.078643799, "dvar2": 428.609100342, "median": 31.6562004089, "dmean2": 17.3075294495, "dmean": 10.7422237396, "var": 434.007019043, "dvar": 174.052841187, "mean": 33.1774024963}, "spectral_centroid": {"min": 72.4915924072, "max": 7840.23925781, "dvar2": 574152, "median": 2044.17895508, "dmean2": 665.175598145, "dmean": 428.353759766, "var": 880692.625, "dvar": 256654.71875, "mean": 1990.59130859}, "pitch_salience": {"min": 0.00918175466359, "max": 0.9127202034, "dvar2": 0.0196860693395, "median": 0.495467990637, "dmean2": 0.149708896875, "dmean": 0.0925857201219, "var": 0.0263820253313, "dvar": 0.00761749409139, "mean": 0.483066797256}, "erbbands_skewness": {"min": -6.07257843018, "max": 10.6791725159, "dvar2": 0.672116935253, "median": 0.00370892183855, "dmean2": 0.721079587936, "dmean": 0.47343441844, "var": 1.38991713524, "dvar": 0.298270970583, "mean": 0.0981453731656}, "erbbands_crest": {"min": 2.03527069092, "max": 31.4702644348, "dvar2": 15.9332923889, "median": 7.16200637817, "dmean2": 4.18565225601, "dmean": 2.58008408546, "var": 21.663105011, "dvar": 6.63102436066, "mean": 8.60047149658}, "melbands": {"min": [4.19577011129e-24, 1.15510693541e-23, 5.66658588629e-24, 8.66676827039e-24, 6.70265528882e-24, 5.96510110802e-24, 4.62047467886e-24, 4.52253246988e-24, 3.84629053078e-24, 3.45136546239e-24, 7.47134028753e-24, 1.25398465454e-23, 1.2123415551e-23, 1.30270746506e-23, 6.51142238919e-24, 4.34733829575e-24, 3.10649697108e-24, 2.71309716524e-24, 2.82247746292e-24, 7.09102334538e-24, 1.15844200266e-23, 6.17746561915e-24, 7.33013734094e-24, 7.85682426862e-24, 6.5939155462e-24, 8.97376216913e-24, 8.55849395571e-24, 7.83527574413e-24, 1.27745484419e-23, 1.8337581346e-23, 9.54805054155e-24, 1.16415280341e-23, 1.23443991563e-23, 1.05848977609e-23, 8.53399193599e-24, 9.239030848e-24, 1.93203379508e-23, 1.0499191179e-23, 1.08397566313e-23, 1.28478714853e-23], "max": [0.0249894820154, 0.0328830555081, 0.0150186857209, 0.0036737958435, 0.00277428003028, 0.00480677606538, 0.00761195458472, 0.00854380615056, 0.0104079488665, 0.0064207399264, 0.00392610672861, 0.00384804978967, 0.00273565016687, 0.00263443286531, 0.00303023820743, 0.00263864779845, 0.00382901844569, 0.00266792997718, 0.00192659418099, 0.000818509433884, 0.00100791268051, 0.000949608744122, 0.000540362962056, 0.00059642927954, 0.000482641800772, 0.000382840662496, 0.000250437675277, 0.000279661500826, 0.00025960963103, 0.000362688617315, 0.000281405984424, 0.000253124453593, 0.000200091511942, 0.00032489572186, 0.000240079680225, 0.000156494555995, 9.89234904409e-05, 6.16471661488e-05, 5.87901995459e-05, 6.90330271027e-05], "dvar2": [1.14098620543e-05, 1.37036577144e-05, 1.81129803423e-06, 1.83375831853e-07, 7.00568634215e-08, 8.98120546822e-08, 1.89393432493e-07, 2.17128103941e-07, 2.06356361332e-07, 8.41194776058e-08, 4.70866936553e-08, 3.70730397492e-08, 2.67976645318e-08, 2.4721966696e-08, 1.84065438447e-08, 1.1534650568e-08, 1.93898763712e-08, 9.34300636857e-09, 8.42080449814e-09, 2.7684421422e-09, 1.86047333095e-09, 1.40625866507e-09, 1.40981848418e-09, 1.16865983557e-09, 1.03105401994e-09, 6.2047700311e-10, 6.03875172089e-10, 4.90165630307e-10, 6.0230326282e-10, 1.22073373632e-09, 7.57034712695e-10, 2.20495857683e-10, 1.24001767188e-10, 1.5997259073e-10, 1.06914199716e-10, 3.14999762385e-11, 2.68593428748e-11, 1.57624416991e-11, 1.01930122329e-11, 9.38594601346e-12], "median": [0.00108601897955, 0.00106774363667, 0.000260368222371, 3.48783942172e-05, 3.389671474e-05, 3.6948309571e-05, 3.17421690852e-05, 2.81883640127e-05, 3.3426527807e-05, 2.81546235783e-05, 1.55875095516e-05, 1.22457404359e-05, 1.44245077536e-05, 1.45415779116e-05, 1.11448225653e-05, 8.97802237887e-06, 1.13659334602e-05, 9.97275856207e-06, 9.87572821032e-06, 7.26068810764e-06, 4.99630004924e-06, 3.85388830182e-06, 4.8933461585e-06, 4.78764741274e-06, 4.34364301327e-06, 4.07424340665e-06, 4.01345732826e-06, 4.33001787314e-06, 5.23874496139e-06, 5.7750603446e-06, 4.6042350732e-06, 2.35100901591e-06, 1.4658174905e-06, 1.36246376314e-06, 1.20474510368e-06, 9.09117488845e-07, 7.4050819876e-07, 7.03209138919e-07, 4.47237368917e-07, 5.06637661601e-07], "dmean2": [0.002081427956, 0.00205258629285, 0.000730290310457, 0.000245056202402, 0.000147676779306, 0.000151851651026, 0.000169060644112, 0.000171462947037, 0.000175904890057, 0.0001271047513, 8.65492984303e-05, 7.9548713984e-05, 6.42954473733e-05, 7.46011282899e-05, 5.14009225299e-05, 4.10367028962e-05, 5.32068879693e-05, 3.96996110794e-05, 3.87816980947e-05, 2.37126914726e-05, 1.91180297406e-05, 1.67454745679e-05, 1.92299339687e-05, 1.73810512933e-05, 1.64285956998e-05, 1.25967135318e-05, 1.33943967739e-05, 1.22703313536e-05, 1.37007773446e-05, 1.89886686712e-05, 1.5052627532e-05, 7.6819997048e-06, 5.35330764251e-06, 5.02889042764e-06, 3.95685492549e-06, 2.42446026277e-06, 2.2608164727e-06, 1.91314575204e-06, 1.5567347873e-06, 1.51620565703e-06], "dmean": [0.00124223623425, 0.00123484001961, 0.00042677714373, 0.000142782751936, 8.87777932803e-05, 9.43135237321e-05, 0.000103906480945, 0.000109734610305, 0.000115685121273, 8.08310433058e-05, 5.55222468392e-05, 5.21096335433e-05, 4.20313590439e-05, 4.80115450046e-05, 3.33828029397e-05, 2.73664918495e-05, 3.37527781085e-05, 2.5192683097e-05, 2.43631693593e-05, 1.49425277414e-05, 1.1942148376e-05, 1.0474359442e-05, 1.20286877063e-05, 1.07856740215e-05, 1.03546890386e-05, 7.85288375482e-06, 8.44467922434e-06, 7.68250356487e-06, 8.79582876223e-06, 1.21824923554e-05, 9.62040303421e-06, 4.73464342576e-06, 3.39753091794e-06, 3.15663965011e-06, 2.5219503641e-06, 1.56373653226e-06, 1.44051159623e-06, 1.23562995213e-06, 9.86531404124e-07, 9.71813392425e-07], "var": [6.73120939609e-06, 6.47231718176e-06, 5.85831685385e-07, 5.99862488571e-08, 3.58251170951e-08, 8.82045441131e-08, 1.21077604831e-07, 1.62325221709e-07, 1.50974514668e-07, 6.65537953637e-08, 3.75563828925e-08, 3.66249039985e-08, 2.64325432653e-08, 2.24438352348e-08, 2.04410053328e-08, 1.87439539445e-08, 1.66615379271e-08, 8.64426485947e-09, 6.56201359917e-09, 2.02688976714e-09, 1.59376112308e-09, 1.01736985503e-09, 1.0328160549e-09, 7.57665596929e-10, 9.12092346095e-10, 4.5060091769e-10, 4.88221851835e-10, 3.76028375104e-10, 4.89157270245e-10, 1.04544839452e-09, 4.75563532998e-10, 1.25319490896e-10, 7.92712354092e-11, 8.02203997674e-11, 6.19142306868e-11, 3.4816413641e-11, 2.78185495473e-11, 1.56358086201e-11, 9.06913519977e-12, 7.7520108388e-12], "dvar": [4.4072289711e-06, 5.28815689904e-06, 6.76499439578e-07, 7.12555063842e-08, 2.70962718929e-08, 3.81946314576e-08, 7.86939864383e-08, 9.22188903019e-08, 9.17842086778e-08, 3.59957397222e-08, 1.99238279208e-08, 1.64155586901e-08, 1.15105578402e-08, 1.07329158894e-08, 8.09667355384e-09, 5.88994319983e-09, 7.73534125642e-09, 4.24018775647e-09, 3.3638651864e-09, 1.09974995777e-09, 7.81499032154e-10, 5.89801596451e-10, 5.96365234973e-10, 4.74434935782e-10, 4.32609670309e-10, 2.57343063526e-10, 2.55133830729e-10, 2.11724873744e-10, 2.65215183148e-10, 5.79420622593e-10, 3.28785526582e-10, 8.86804032985e-11, 5.17287289392e-11, 5.83501441609e-11, 3.90364268688e-11, 1.41604792128e-11, 1.24492057288e-11, 7.04232679116e-12, 4.52512636737e-12, 3.97181853379e-12], "mean": [0.00190620718058, 0.00180046900641, 0.000487994606374, 0.000129056395963, 0.00010767805361, 0.000132491753902, 0.000129059422761, 0.000155896181241, 0.000172529355041, 0.000128445855808, 8.28695774544e-05, 8.15885941847e-05, 6.98330259183e-05, 7.52931955503e-05, 5.65386180824e-05, 4.49793114967e-05, 5.11382240802e-05, 3.77882024623e-05, 3.66884341929e-05, 2.40599365497e-05, 1.89344900718e-05, 1.55205834744e-05, 1.78783266165e-05, 1.5460755094e-05, 1.62639953487e-05, 1.2609391888e-05, 1.32525847221e-05, 1.20398453873e-05, 1.41497430377e-05, 1.84437376447e-05, 1.31864171635e-05, 6.82376412442e-06, 4.93691504744e-06, 4.70214126835e-06, 3.93041955249e-06, 2.62519324679e-06, 2.32569414038e-06, 1.98954194275e-06, 1.55402074142e-06, 1.61124205533e-06]}, "spectral_entropy": {"min": 3.76555657387, "max": 9.19403362274, "dvar2": 0.0965195670724, "median": 7.9646282196, "dmean2": 0.26451510191, "dmean": 0.177696868777, "var": 0.607258081436, "dvar": 0.0463501140475, "mean": 7.77199888229}, "spectral_rolloff": {"min": 21.533203125, "max": 18949.21875, "dvar2": 7312596.5, "median": 1765.72265625, "dmean2": 1953.44689941, "dmean": 1146.96643066, "var": 5866975.5, "dvar": 3030292, "mean": 2447.91235352}, "barkbands": {"min": [3.61861304619e-24, 1.62101670573e-23, 2.99201152062e-23, 3.08837190571e-24, 3.45351471392e-23, 3.17200622891e-23, 2.24600422189e-23, 2.79867622779e-23, 2.13479487133e-23, 8.12092164682e-23, 8.39754802947e-23, 1.01713680392e-22, 4.68427372569e-23, 2.78463639694e-23, 3.78691541592e-23, 1.50542087832e-22, 1.01214792133e-22, 1.69262287228e-22, 2.05638077206e-22, 3.05827388028e-22, 5.75829181849e-22, 6.11516138485e-22, 5.37779630978e-22, 1.14751064665e-21, 1.32632887934e-21, 1.54299981371e-21, 2.41978904869e-21], "max": [0.00277744862251, 0.0908727198839, 0.0572022013366, 0.0276669599116, 0.0151003887877, 0.0202314592898, 0.0392821580172, 0.0499537438154, 0.0348091609776, 0.0195252727717, 0.0230718497187, 0.0239340402186, 0.0206747744232, 0.0327147804201, 0.0255838762969, 0.0106765842065, 0.0129178604111, 0.0106739886105, 0.00883340183645, 0.00730707263574, 0.0118819531053, 0.011661416851, 0.0117797739804, 0.00591521291062, 0.00727655086666, 0.0047803632915, 0.000216416316107], "dvar2": [1.01430501331e-07, 0.000160507057444, 4.36328591604e-05, 8.24453491077e-06, 2.68655389846e-06, 2.24892255574e-06, 5.37779169463e-06, 6.82112931827e-06, 4.49035405836e-06, 1.88228079878e-06, 1.69918632764e-06, 1.83447855306e-06, 1.1659616348e-06, 1.9236620119e-06, 1.19418939448e-06, 4.24568725066e-07, 3.96829591409e-07, 4.29306481919e-07, 4.22142136358e-07, 3.78720670824e-07, 1.51689198447e-06, 3.89718223914e-07, 2.88598528186e-07, 1.11223059207e-07, 3.79976768272e-07, 4.96434289232e-08, 1.3468186566e-09], "median": [0.000212386716157, 0.00403918325901, 0.00127159361728, 0.000233846716583, 0.000175953144208, 0.00019268412143, 0.000140709642437, 0.000120265991427, 0.00019926391542, 9.51709662331e-05, 8.65136098582e-05, 0.00012444909953, 9.51674155658e-05, 0.00011784225353, 0.000127650069771, 8.89597649802e-05, 7.23859993741e-05, 0.000108172534965, 0.000116692914162, 0.000142495337059, 0.000246943964157, 0.000101298508525, 7.55612709327e-05, 6.4093452238e-05, 0.000104762933915, 2.11240912904e-05, 1.83665667919e-06], "dmean2": [0.000218917106395, 0.0077411965467, 0.00351666868664, 0.00149002484977, 0.000984958955087, 0.000787167693488, 0.000888121896423, 0.000876713020261, 0.000950707937591, 0.00055211095605, 0.00051397801144, 0.000635324977338, 0.000429315579822, 0.000539760512765, 0.000481119117467, 0.000309280760121, 0.000294374360237, 0.000351909606252, 0.000349205976818, 0.00036302107037, 0.000683436577674, 0.000316180405207, 0.000214282583329, 0.000157433489221, 0.000312252377626, 0.000110302091343, 1.79696180567e-05], "dmean": [0.000145950791193, 0.00457819039002, 0.0020697300788, 0.000843065208755, 0.000582166132517, 0.000479158654343, 0.000546248047613, 0.000565408961847, 0.000610697723459, 0.000356370059308, 0.000335529417498, 0.000408888183301, 0.000283053901512, 0.000342991086654, 0.000302861823002, 0.000193820145796, 0.000184713135241, 0.000219088367885, 0.000221351365326, 0.000231646627071, 0.000445744721219, 0.000200285110623, 0.000138945877552, 0.00010291927174, 0.000219293608097, 7.14588095434e-05, 1.12363268272e-05], "var": [1.41071254234e-07, 9.11414099392e-05, 1.62485684996e-05, 2.2578287826e-06, 1.01673037989e-06, 1.83436611678e-06, 3.12035240313e-06, 4.80922608403e-06, 3.923164968e-06, 1.6355745629e-06, 1.77766389697e-06, 1.76899970938e-06, 1.77220294972e-06, 1.75138256964e-06, 1.00897818811e-06, 3.68024757336e-07, 2.89637171136e-07, 3.08077687805e-07, 3.81736072086e-07, 3.56492876108e-07, 1.27698206143e-06, 2.56961470768e-07, 1.85830046462e-07, 1.31088100375e-07, 2.46310605689e-07, 3.53273570397e-08, 5.26470478324e-10], "dvar": [4.50115571482e-08, 6.24776876066e-05, 1.66010631801e-05, 3.00347892335e-06, 1.06806874101e-06, 9.17545378343e-07, 2.2062276912e-06, 2.97361725643e-06, 1.95182974494e-06, 8.11863515082e-07, 7.29511270947e-07, 8.09063067209e-07, 5.67613142266e-07, 7.77572097377e-07, 4.91289824822e-07, 1.71853670849e-07, 1.6487572907e-07, 1.7545761466e-07, 1.803328189e-07, 1.68640781339e-07, 7.18760588825e-07, 1.62239672363e-07, 1.07473404398e-07, 5.26283621127e-08, 1.64258182167e-07, 2.12464481564e-08, 5.44898570709e-10], "mean": [0.000326985289576, 0.00697669014335, 0.00249780085869, 0.000786842603702, 0.00056991080055, 0.000657118915115, 0.000648457789794, 0.000777583976742, 0.00099055597093, 0.000543441390619, 0.000542424153537, 0.000644287792966, 0.000477065099403, 0.000515898980666, 0.000461254181573, 0.000320069113513, 0.000278343417449, 0.000332540483214, 0.000375610950869, 0.000394680420868, 0.000692368485034, 0.000307929643895, 0.000231392754358, 0.000176475456101, 0.00031792910886, 9.13168842089e-05, 1.11452318379e-05]}, "melbands_flatness_db": {"min": 0.00805537682027, "max": 0.917532861233, "dvar2": 0.00406438019127, "median": 0.173533812165, "dmean2": 0.0612649731338, "dmean": 0.0395499579608, "var": 0.0226619020104, "dvar": 0.00180486403406, "mean": 0.210710644722}, "melbands_skewness": {"min": -5.04641008377, "max": 36.95495224, "dvar2": 7.87754249573, "median": 2.53700375557, "dmean2": 2.12660050392, "dmean": 1.3611189127, "var": 11.3406057358, "dvar": 3.41810107231, "mean": 3.60519361496}, "barkbands_skewness": {"min": -7.67853784561, "max": 34.0541763306, "dvar2": 3.93629765511, "median": 1.2086482048, "dmean2": 1.40907537937, "dmean": 0.903328001499, "var": 6.47030687332, "dvar": 1.70320439339, "mean": 1.88740825653}, "silence_rate_60dB": {"min": 0, "max": 1, "dvar2": 0.0766890123487, "median": 0, "dmean2": 0.0690968409181, "dmean": 0.0345460735261, "var": 0.0818022638559, "dvar": 0.0333495773375, "mean": 0.0898952782154}, "spectral_energyband_low": {"min": 5.11198969088e-23, "max": 0.114840090275, "dvar2": 0.000222687493078, "median": 0.00710580870509, "dmean2": 0.00964549835771, "dmean": 0.00588734168559, "var": 0.000153445886099, "dvar": 9.04676999198e-05, "mean": 0.01031640172}, "spectral_energyband_middle_low": {"min": 1.45882974352e-22, "max": 0.0554665178061, "dvar2": 3.33622338076e-05, "median": 0.00277939788066, "dmean2": 0.00410905713215, "dmean": 0.00263070873916, "var": 2.87145194307e-05, "dvar": 1.45495296238e-05, "mean": 0.0046244552359}, "melbands_kurtosis": {"min": -1.92083740234, "max": 2384.43286133, "dvar2": 8176.99072266, "median": 8.11761474609, "dmean2": 35.7478713989, "dmean": 22.2027053833, "var": 7511.15917969, "dvar": 3612.07421875, "mean": 33.6958274841}, "spectral_decrease": {"min": -3.10630916545e-08, "max": 1.89227175595e-11, "dvar2": 1.59184324528e-17, "median": -4.00535515865e-09, "dmean2": 3.14112402755e-09, "dmean": 2.05115013863e-09, "var": 1.68251415182e-17, "dvar": 6.96634885562e-18, "mean": -4.94823160224e-09}, "erbbands_kurtosis": {"min": -1.92362177372, "max": 150.242675781, "dvar2": 51.2030448914, "median": -0.265754580498, "dmean2": 2.63360404968, "dmean": 1.65913832188, "var": 73.504447937, "dvar": 20.8828773499, "mean": 1.70095121861}, "melbands_crest": {"min": 2.25728869438, "max": 39.7080001831, "dvar2": 30.4698677063, "median": 16.3383865356, "dmean2": 6.37109851837, "dmean": 3.87792372704, "var": 44.9038162231, "dvar": 12.0627603531, "mean": 16.4713516235}, "gfcc": {"cov": [[21210.5605469, -1504.30944824, -3824.79858398, -605.61126709, -1258.11206055, 305.808197021, -637.238037109, 387.64263916, -508.854766846, 204.373260498, -566.853515625, -8.1486530304, -288.404205322], [-1504.30944824, 1997.37414551, 678.018432617, 207.088119507, 466.453216553, -106.189239502, 128.415588379, -117.465919495, 49.1329193115, -131.523086548, 171.761734009, -98.716468811, 74.5435714722], [-3824.79858398, 678.018432617, 2563.94702148, 786.281738281, 632.201904297, 114.546516418, 181.230163574, -159.790023804, 98.0410766602, -46.4089889526, 27.8681354523, 27.4672298431, 27.0017795563], [-605.61126709, 207.088119507, 786.281738281, 750.54510498, 386.300262451, 136.608810425, 58.4582481384, -50.9265098572, 45.7954483032, -62.765007019, -30.4840068817, 12.0797386169, 21.7075881958], [-1258.11206055, 466.453216553, 632.201904297, 386.300262451, 586.651550293, 144.350997925, 136.991760254, -21.7374076843, 59.355052948, -40.0901679993, 13.2101707458, -11.1979351044, 35.8846092224], [305.808197021, -106.189239502, 114.546516418, 136.608810425, 144.350997925, 322.379699707, 133.711791992, 53.3727149963, 3.41166830063, 22.0912799835, -31.3761940002, -10.0190706253, -24.8504123688], [-637.238037109, 128.415588379, 181.230163574, 58.4582481384, 136.991760254, 133.711791992, 258.2293396, 68.8919372559, 44.6140060425, 8.34428787231, 37.8936576843, -21.6140117645, -9.29040431976], [387.64263916, -117.465919495, -159.790023804, -50.9265098572, -21.7374076843, 53.3727149963, 68.8919372559, 177.808990479, 64.3841323853, 48.6764945984, -2.50223636627, -13.3613624573, -28.6222286224], [-508.854766846, 49.1329193115, 98.0410766602, 45.7954483032, 59.355052948, 3.41166830063, 44.6140060425, 64.3841323853, 150.350234985, 51.1362113953, 30.3491859436, 0.359873205423, 0.995830655098], [204.373260498, -131.523086548, -46.4089889526, -62.765007019, -40.0901679993, 22.0912799835, 8.34428787231, 48.6764945984, 51.1362113953, 134.44519043, 37.7750854492, 13.0985136032, -20.7514877319], [-566.853515625, 171.761734009, 27.8681354523, -30.4840068817, 13.2101707458, -31.3761940002, 37.8936576843, -2.50223636627, 30.3491859436, 37.7750854492, 139.656311035, 15.381934166, 10.3495721817], [-8.1486530304, -98.716468811, 27.4672298431, 12.0797386169, -11.1979351044, -10.0190706253, -21.6140117645, -13.3613624573, 0.359873205423, 13.0985136032, 15.381934166, 109.453041077, 54.3309288025], [-288.404205322, 74.5435714722, 27.0017795563, 21.7075881958, 35.8846092224, -24.8504123688, -9.29040431976, -28.6222286224, 0.995830655098, -20.7514877319, 10.3495721817, 54.3309288025, 116.308151245]], "icov": [[0.000115953829663, -0.000126202910906, 0.000169181381352, -0.000180874892976, 0.000178071597475, -0.000177958238055, 0.000198345995159, -0.000251169316471, 0.000397681898903, -0.000387804378988, 0.000466715631774, -0.000250295939622, 0.000226756528718], [-0.000126202910906, 0.00110217719339, -0.000298074563034, 0.000367872911738, -0.000861912558321, 0.000598017068114, -0.000308934249915, 0.000491102458909, -0.000570472911932, 0.00125308521092, -0.00173702277243, 0.00150082830805, -0.00084697897546], [0.000169181381352, -0.000298074563034, 0.000977259594947, -0.000805765332188, -2.11635306187e-05, -5.13216145919e-05, -0.000204419062356, 0.00038427306572, 0.000294967874652, -0.000898320111446, 0.000948201690335, -0.000805385527201, 0.000736904330552], [-0.000180874892976, 0.000367872911738, -0.000805765332188, 0.00297529087402, -0.00143052404746, -0.000486176228151, 0.000406042527175, 0.000543409900274, -0.0013850935502, 0.00184042344335, -0.000645955326036, 0.000127515493659, -0.000210739672184], [0.000178071597475, -0.000861912558321, -2.11635306187e-05, -0.00143052404746, 0.00412974320352, -0.00139859237242, -0.000368571316358, -0.000213221734157, -9.69278189586e-05, -0.000544016424101, 0.0010976792546, -0.000266534596449, -0.00045841690735], [-0.000177958238055, 0.000598017068114, -5.13216145919e-05, -0.000486176228151, -0.00139859237242, 0.00574176898226, -0.00299465982243, -0.000117400602903, 0.000961383746471, -0.0010659013642, 0.000709384563379, 0.000250270648394, 0.000289859162876], [0.000198345995159, -0.000308934249915, -0.000204419062356, 0.000406042527175, -0.000368571316358, -0.00299465982243, 0.00736019806936, -0.00296369893476, 0.000124388650875, 0.000882068532519, -0.00171154469717, 0.00065980409272, -5.64225683775e-06], [-0.000251169316471, 0.000491102458909, 0.00038427306572, 0.000543409900274, -0.000213221734157, -0.000117400602903, -0.00296369893476, 0.0102031780407, -0.00474427128211, -0.000544492679182, 0.000460296723759, 0.000482960545924, 0.000863572699018], [0.000397681898903, -0.000570472911932, 0.000294967874652, -0.0013850935502, -9.69278189586e-05, 0.000961383746471, 0.000124388650875, -0.00474427128211, 0.0119500607252, -0.00499465689063, 0.000870379095431, -0.000289516639896, -0.000316156132612], [-0.000387804378988, 0.00125308521092, -0.000898320111446, 0.00184042344335, -0.000544016424101, -0.0010659013642, 0.000882068532519, -0.000544492679182, -0.00499465689063, 0.0136326001957, -0.00562235666439, -0.000285727583105, 0.00108572386671], [0.000466715631774, -0.00173702277243, 0.000948201690335, -0.000645955326036, 0.0010976792546, 0.000709384563379, -0.00171154469717, 0.000460296723759, 0.000870379095431, -0.00562235666439, 0.0130173033103, -0.00372210028581, 0.00153025158215], [-0.000250295939622, 0.00150082830805, -0.000805385527201, 0.000127515493659, -0.000266534596449, 0.000250270648394, 0.00065980409272, 0.000482960545924, -0.000289516639896, -0.000285727583105, -0.00372210028581, 0.0153805613518, -0.00801411271095], [0.000226756528718, -0.00084697897546, 0.000736904330552, -0.000210739672184, -0.00045841690735, 0.000289859162876, -5.64225683775e-06, 0.000863572699018, -0.000316156132612, 0.00108572386671, 0.00153025158215, -0.00801411271095, 0.0137905338779]], "mean": [-27.6142234802, 46.8640060425, -97.4117584229, 41.5301208496, -51.957118988, 24.5212039948, -23.3323554993, 17.2743778229, -21.4371604919, 15.3674860001, -17.1935195923, 0.298733890057, -10.0701990128]}, "melbands_spread": {"min": 0.117525070906, "max": 303.824432373, "dvar2": 865.279541016, "median": 26.8988990784, "dmean2": 21.2477149963, "dmean": 13.120598793, "var": 767.393249512, "dvar": 355.34866333, "mean": 31.986032486}, "spectral_energy": {"min": 1.04892285474e-20, "max": 0.120302416384, "dvar2": 0.000245494942646, "median": 0.0169285051525, "dmean2": 0.0125478096306, "dmean": 0.00834814365953, "var": 0.000292402721243, "dvar": 0.000110483946628, "mean": 0.0209462214261}, "mfcc": {"cov": [[15427.9003906, -494.648345947, -2325.16162109, -1027.15661621, -976.715637207, -559.176879883, -378.37991333, -291.92489624, -35.0804824829, -79.5443954468, -104.119400024, -83.1454315186, -281.879180908], [-494.648345947, 1409.64819336, 225.810623169, 224.070220947, 207.235519409, 56.0941925049, 117.551864624, 20.1655426025, -47.1723022461, 14.5267772675, -10.5899553299, 4.06245851517, -6.11645364761], [-2325.16162109, 225.810623169, 1439.10900879, 613.197631836, 448.490966797, 357.093017578, 120.243629456, 128.079330444, 37.6872062683, -19.6504096985, 25.2213001251, 16.2830181122, 42.1727333069], [-1027.15661621, 224.070220947, 613.197631836, 675.772094727, 416.395874023, 250.982727051, 69.8001403809, 103.348632812, 47.2646522522, -13.6434268951, -26.413520813, -7.13009166718, 46.7099723816], [-976.715637207, 207.235519409, 448.490966797, 416.395874023, 502.316009521, 256.019989014, 92.0539474487, 93.9469909668, 63.6264839172, 14.1969795227, -16.2304611206, -2.00331664085, 24.0874786377], [-559.176879883, 56.0941925049, 357.093017578, 250.982727051, 256.019989014, 369.082275391, 146.618682861, 111.56930542, 62.8720359802, 22.7903499603, 12.5415372849, -16.3795890808, 28.6223907471], [-378.37991333, 117.551864624, 120.243629456, 69.8001403809, 92.0539474487, 146.618682861, 241.196136475, 98.5523910522, 32.4936218262, 62.5344963074, 34.0873832703, 10.0274085999, 9.98713684082], [-291.92489624, 20.1655426025, 128.079330444, 103.348632812, 93.9469909668, 111.56930542, 98.5523910522, 168.672134399, 81.0956115723, 36.7446365356, 22.5594406128, -2.8484723568, 19.2856559753], [-35.0804824829, -47.1723022461, 37.6872062683, 47.2646522522, 63.6264839172, 62.8720359802, 32.4936218262, 81.0956115723, 144.592727661, 52.9250259399, 20.1657409668, 8.53213119507, 9.27228450775], [-79.5443954468, 14.5267772675, -19.6504096985, -13.6434268951, 14.1969795227, 22.7903499603, 62.5344963074, 36.7446365356, 52.9250259399, 147.688919067, 84.1923446655, 33.8337287903, 10.8420848846], [-104.119400024, -10.5899553299, 25.2213001251, -26.413520813, -16.2304611206, 12.5415372849, 34.0873832703, 22.5594406128, 20.1657409668, 84.1923446655, 152.540786743, 67.7510223389, 18.548915863], [-83.1454315186, 4.06245851517, 16.2830181122, -7.13009166718, -2.00331664085, -16.3795890808, 10.0274085999, -2.8484723568, 8.53213119507, 33.8337287903, 67.7510223389, 114.776039124, 43.9577178955], [-281.879180908, -6.11645364761, 42.1727333069, 46.7099723816, 24.0874786377, 28.6223907471, 9.98713684082, 19.2856559753, 9.27228450775, 10.8420848846, 18.548915863, 43.9577178955, 126.202194214]], "icov": [[9.36753422138e-05, -6.64911885906e-06, 0.00014722335618, -4.66443525511e-05, 0.000124077268993, -0.000105376857391, 8.48908530315e-05, 3.19098217005e-05, -7.50680992496e-05, 4.23419951403e-05, 2.29504894378e-05, -6.74855109537e-05, 0.000187606841791], [-6.64911885906e-06, 0.000833231490105, -2.81591746898e-05, -0.000178402275196, -0.000333082454745, 0.000341986509738, -0.000495113141369, 6.14880991634e-05, 0.000445851590484, -0.000140975462273, 8.70008952916e-05, -3.28668975271e-05, 9.47831649682e-05], [0.00014722335618, -2.81591746898e-05, 0.00150848424528, -0.000922039500438, 7.18726005289e-06, -0.000727065547835, 0.000146660706378, -0.00010844708595, 0.000132600223878, 0.000551993551198, -0.000493310450111, -0.000343427876942, 0.000468097248813], [-4.66443525511e-05, -0.000178402275196, -0.000922039500438, 0.00389404292218, -0.00224350299686, -0.00021430067136, 0.00054992607329, -0.000766352633946, 0.000225163370487, 9.67710147961e-05, 0.000480181333842, 0.000210788290133, -0.000864430388901], [0.000124077268993, -0.000333082454745, 7.18726005289e-06, -0.00224350299686, 0.00530028855428, -0.00203169160523, 0.000282595341559, 0.000146062215208, -0.000863424967974, -0.00061594590079, 0.00110503064934, -0.000963622005656, 0.000782997522037], [-0.000105376857391, 0.000341986509738, -0.000727065547835, -0.00021430067136, -0.00203169160523, 0.00629726331681, -0.00277925934643, -0.000404971040552, -0.000849606934935, 0.000874206947628, -0.00114928372204, 0.00204511568882, -0.00121121492703], [8.48908530315e-05, -0.000495113141369, 0.000146660706378, 0.00054992607329, 0.000282595341559, -0.00277925934643, 0.00769810890779, -0.00362006388605, 0.00193557678722, -0.00277085532434, 0.000887052505277, -0.00122916221153, 0.000827051524539], [3.19098217005e-05, 6.14880991634e-05, -0.00010844708595, -0.000766352633946, 0.000146062215208, -0.000404971040552, -0.00362006388605, 0.0116204526275, -0.00551856076345, 0.00112691463437, -0.00159017962869, 0.00201022136025, -0.00118902418762], [-7.50680992496e-05, 0.000445851590484, 0.000132600223878, 0.000225163370487, -0.000863424967974, -0.000849606934935, 0.00193557678722, -0.00551856076345, 0.011671859771, -0.00411344273016, 0.00160749198403, -0.00130875245668, 0.000489350815769], [4.23419951403e-05, -0.000140975462273, 0.000551993551198, 9.67710147961e-05, -0.00061594590079, 0.000874206947628, -0.00277085532434, 0.00112691463437, -0.00411344273016, 0.0127616813406, -0.00660616438836, 0.000907882465981, -0.000305583816953], [2.29504894378e-05, 8.70008952916e-05, -0.000493310450111, 0.000480181333842, 0.00110503064934, -0.00114928372204, 0.000887052505277, -0.00159017962869, 0.00160749198403, -0.00660616438836, 0.0131864445284, -0.00650318991393, 0.00104160944466], [-6.74855109537e-05, -3.28668975271e-05, -0.000343427876942, 0.000210788290133, -0.000963622005656, 0.00204511568882, -0.00122916221153, 0.00201022136025, -0.00130875245668, 0.000907882465981, -0.00650318991393, 0.0146391317248, -0.00473040761426], [0.000187606841791, 9.47831649682e-05, 0.000468097248813, -0.000864430388901, 0.000782997522037, -0.00121121492703, 0.000827051524539, -0.00118902418762, 0.000489350815769, -0.000305583816953, 0.00104160944466, -0.00473040761426, 0.0102373054251]], "mean": [-671.933776855, 80.2845687866, 10.5277643204, 27.696811676, 0.991859197617, 15.7844657898, 9.38017845154, 4.91183567047, 9.93872356415, 7.97342967987, 5.71642112732, 6.59356021881, 0.916536867619]}, "spectral_contrast_valleys": {"min": [-20.6180801392, -20.7012443542, -20.9457874298, -21.8071079254, -22.4602375031, -23.1983547211], "max": [-5.45966100693, -4.44835519791, -5.1804857254, -5.5328335762, -5.36733961105, -7.31358146667], "dvar2": [0.353701472282, 0.525151073933, 0.44341725111, 0.421616286039, 0.393930435181, 0.418221354485], "median": [-7.38870048523, -7.19197750092, -7.62728738785, -7.81736040115, -7.44685935974, -9.64768791199], "dmean2": [0.72429138422, 0.790301859379, 0.682618498802, 0.624082684517, 0.52199780941, 0.511680424213], "dmean": [0.464438527822, 0.520503878593, 0.447438269854, 0.422259837389, 0.36563912034, 0.372124493122], "var": [1.97038376331, 2.38071417809, 2.84613013268, 2.90137577057, 2.7447412014, 2.38341379166], "dvar": [0.156796887517, 0.25014641881, 0.210531875491, 0.208406209946, 0.195692881942, 0.202943861485], "mean": [-7.73025512695, -7.55517435074, -7.97804260254, -8.21758174896, -7.79883718491, -9.95580863953]}, "barkbands_flatness_db": {"min": 0.0141173796728, "max": 0.743409454823, "dvar2": 0.00245989835821, "median": 0.104626357555, "dmean2": 0.0467915199697, "dmean": 0.0301292315125, "var": 0.0148264123127, "dvar": 0.00109536712989, "mean": 0.142593175173}, "dynamic_complexity": 4.00519418716, "erbbands_flatness_db": {"min": 0.021005064249, "max": 0.459546536207, "dvar2": 0.000761459756177, "median": 0.12523573637, "dmean2": 0.0279132351279, "dmean": 0.0191107951105, "var": 0.00402855174616, "dvar": 0.000366636726