{"lowlevel": {"spectral_complexity": {"min": 0, "max": 62, "dvar2": 84.6102600098, "median": 14, "dmean2": 8.08025360107, "dmean": 5.66920757294, "var": 138.393096924, "dvar": 44.9833564758, "mean": 16.4159812927}, "silence_rate_20dB": {"min": 1, "max": 1, "dvar2": 0, "median": 1, "dmean2": 0, "dmean": 0, "var": 0, "dvar": 0, "mean": 1}, "average_loudness": 0.949966549873, "erbbands_spread": {"min": 1.51025760174, "max": 194.000152588, "dvar2": 582.403442383, "median": 35.9641113281, "dmean2": 20.7826824188, "dmean": 13.8364515305, "var": 756.527709961, "dvar": 260.694610596, "mean": 43.8507652283}, "spectral_kurtosis": {"min": -1.21265494823, "max": 75.6140441895, "dvar2": 10.2693166733, "median": 3.10329866409, "dmean2": 2.16500592232, "dmean": 1.39478039742, "var": 22.4090385437, "dvar": 4.20597171783, "mean": 3.97632265091}, "barkbands_kurtosis": {"min": -1.94758665562, "max": 1319.66687012, "dvar2": 2281.46264648, "median": 0.911678552628, "dmean2": 13.1406040192, "dmean": 8.21691608429, "var": 1325.10253906, "dvar": 872.225830078, "mean": 10.0369205475}, "spectral_strongpeak": {"min": 0, "max": 15.4305353165, "dvar2": 3.29301023483, "median": 0.372307062149, "dmean2": 1.03360807896, "dmean": 0.610256314278, "var": 1.78332293034, "dvar": 1.32810854912, "mean": 0.850562870502}, "spectral_spread": {"min": 1194090.75, "max": 39938996, "dvar2": 2533089345540.0, "median": 5294343.5, "dmean2": 1314707.875, "dmean": 914859.75, "var": 4654703837180.0, "dvar": 1277508321280.0, "mean": 5720745.5}, "spectral_rms": {"min": 3.2473405475e-12, "max": 0.0115533675998, "dvar2": 3.75953800358e-06, "median": 0.00473562488332, "dmean2": 0.00158408726566, "dmean": 0.00112433882896, "var": 4.79148502563e-06, "dvar": 1.84004284165e-06, "mean": 0.00464484840631}, "erbbands": {"min": [6.98755117412e-22, 1.18815803134e-20, 5.36957186055e-20, 2.13410594711e-20, 8.25816733895e-20, 1.28369138211e-19, 2.27325569147e-19, 2.62850520763e-19, 1.64535400372e-19, 6.20776612447e-19, 1.1673740457e-18, 4.84278928038e-18, 2.99028459095e-18, 1.70511940564e-18, 1.44764310316e-18, 4.01961842584e-18, 2.41115538498e-18, 5.71542801708e-18, 5.77807909027e-18, 6.60063245447e-18, 9.01621325573e-18, 1.48560463418e-17, 1.20867887532e-17, 1.23828441391e-17, 1.73590005768e-17, 2.15905306815e-17, 1.78892299669e-17, 1.51039259016e-17, 2.64851767416e-17, 1.65478093655e-17, 1.49773374894e-17, 1.33912046027e-17, 1.23842271851e-17, 9.17272988969e-18, 1.16304505801e-17, 7.57568814513e-18, 3.68118161412e-18, 1.36750388086e-18, 2.97116064048e-19, 3.82971731227e-20], "max": [2.00008797646, 23.0903015137, 87.1804351807, 94.2665863037, 294.127105713, 166.615631104, 126.27721405, 201.240310669, 537.282775879, 377.740570068, 462.975097656, 604.512573242, 1019.97143555, 1464.02124023, 1511.74987793, 1185.96264648, 1375.15148926, 991.784790039, 1466.49291992, 783.990783691, 943.729064941, 1252.35620117, 993.789306641, 1776.09033203, 800.839172363, 341.827087402, 352.609741211, 622.0390625, 1012.23083496, 1553.45666504, 1141.59289551, 602.308166504, 207.130462646, 148.989349365, 93.3235931396, 22.5474052429, 4.75631475449, 1.69889092445, 0.515308380127, 0.0364492125809], "dvar2": [0.0587294250727, 8.67444801331, 191.944152832, 276.112579346, 1862.05102539, 522.142333984, 196.733795166, 487.261169434, 950.187072754, 1183.81835938, 922.194274902, 1921.24755859, 4853.11962891, 5384.93847656, 5678.66601562, 6153.13720703, 5142.87451172, 5088.96875, 4278.60986328, 5069.52099609, 8418.30273438, 7052.80371094, 2851.51977539, 1984.82214355, 1523.87585449, 690.202209473, 794.209838867, 1112.95361328, 1685.53674316, 2866.77001953, 2250.84277344, 634.197753906, 123.370887756, 51.5508460999, 11.6363916397, 1.46162199974, 0.104753933847, 0.00770655320957, 0.000215576845221, 1.769998903e-06], "median": [0.0679931789637, 0.722713530064, 2.04714894295, 2.11116099358, 1.39446890354, 2.06902503967, 1.92185652256, 2.65793323517, 4.73841953278, 4.01991605759, 3.35515356064, 4.03825139999, 6.74703168869, 8.17961025238, 7.20816135406, 7.28536558151, 7.81294107437, 8.85619354248, 7.35926055908, 8.28458786011, 8.09132194519, 9.189909935, 9.65582561493, 7.93902254105, 7.58463716507, 5.88678741455, 4.25879478455, 3.82903695107, 3.72442626953, 3.30360674858, 2.00610256195, 1.63295304775, 1.22880840302, 0.93300974369, 0.367910116911, 0.130216598511, 0.0311476383358, 0.00556296529248, 0.000650625908747, 6.50666916044e-05], "dmean2": [0.17965041101, 1.90281832218, 6.33027553558, 7.67932748795, 15.1715087891, 10.6407661438, 7.43657255173, 10.6103649139, 15.0451984406, 17.1496276855, 13.3364257812, 18.3435325623, 31.3865680695, 34.3725967407, 30.4849624634, 33.9928359985, 33.6054191589, 35.2527008057, 32.2028236389, 38.3257598877, 44.8203468323, 42.7401580811, 28.4125576019, 22.0589580536, 19.5219097137, 15.6031141281, 13.627243042, 14.1331739426, 10.2734489441, 9.90883731842, 7.78282928467, 5.43729639053, 3.63599610329, 2.49298667908, 1.30477297306, 0.584527671337, 0.163355991244, 0.0403766743839, 0.00545939570293, 0.000320462218951], "dmean": [0.119129367173, 1.23596823215, 3.76198267937, 4.46943044662, 8.81401824951, 6.36886882782, 4.43784332275, 6.62770605087, 9.16537666321, 10.4583797455, 8.29542922974, 11.7312688828, 20.594335556, 22.6606330872, 20.3786678314, 22.4970474243, 21.9610996246, 22.3738002777, 20.5991210938, 24.7975025177, 28.3187236786, 27.5894908905, 18.1500854492, 14.1875162125, 12.631983757, 9.90327072144, 8.88184356689, 9.11498069763, 6.86643123627, 6.62554550171, 5.24043607712, 3.8190677166, 2.53659677505, 1.72424769402, 0.90037471056, 0.39435210824, 0.109388038516, 0.0262053571641, 0.00350813171826, 0.000205270989682], "var": [0.070433601737, 6.290371418, 67.5318450928, 73.1586456299, 529.958679199, 169.86328125, 72.8271408081, 218.832702637, 395.366455078, 522.146789551, 431.393554688, 1069.88293457, 3824.97973633, 5162.80615234, 6925.11865234, 5939.17236328, 4451.04589844, 3346.81079102, 2672.81347656, 3869.23193359, 4457.62207031, 4967.55859375, 1944.99572754, 1348.36022949, 1034.17810059, 555.879699707, 681.598632812, 757.79309082, 817.518493652, 1173.75109863, 848.599853516, 335.977844238, 126.952598572, 64.321434021, 11.9163579941, 1.33696067333, 0.0737942531705, 0.00355475675315, 9.64850187302e-05, 5.70525742205e-07], "dvar": [0.0291801225394, 3.75730013847, 70.4770736694, 99.7784347534, 713.679321289, 198.994186401, 73.7981948853, 205.962554932, 375.141448975, 463.65826416, 373.602752686, 826.559570312, 2151.73681641, 2516.5168457, 2663.99462891, 2848.55249023, 2354.2355957, 2090.55297852, 1814.70703125, 2216.39379883, 3489.36010742, 3121.3371582, 1261.95324707, 850.809082031, 661.562011719, 294.989318848, 348.14352417, 482.112548828, 733.069030762, 1196.8470459, 907.172668457, 269.034545898, 58.7168807983, 25.7938957214, 5.64113759995, 0.694388091564, 0.046503584832, 0.00322721363045, 9.21537066461e-05, 6.93868230428e-07], "mean": [0.187167450786, 1.87928593159, 5.09333467484, 4.76603269577, 7.38465547562, 6.54079961777, 5.24171733856, 7.41773223877, 10.8543186188, 12.4807834625, 10.5067358017, 14.9540691376, 29.9811840057, 33.6118583679, 32.5463790894, 33.1386070251, 30.5371055603, 29.9656295776, 27.1580600739, 34.4203872681, 34.5847473145, 37.1465415955, 25.3854732513, 20.6241283417, 18.3577728271, 15.1435670853, 13.8794937134, 13.4315958023, 9.88299560547, 9.01933193207, 7.06348228455, 5.48847818375, 3.86826300621, 2.69864273071, 1.2830170393, 0.508682131767, 0.1324942559, 0.0278552807868, 0.00353264412843, 0.000222237635171]}, "zerocrossingrate": {"min": 0.001953125, "max": 0.50830078125, "dvar2": 0.000830594683066, "median": 0.068359375, "dmean2": 0.0234338771552, "dmean": 0.0204032566398, "var": 0.00369177130051, "dvar": 0.000703207624611, "mean": 0.0812273919582}, "spectral_contrast_coeffs": {"min": [-0.946527957916, -0.958328485489, -0.961246728897, -0.960518717766, -0.961662709713, -0.961371541023], "max": [-0.283717364073, -0.2996340096, -0.368279844522, -0.433878719807, -0.500784337521, -0.544408559799], "dvar2": [0.00713309645653, 0.00491679646075, 0.0040544536896, 0.00313994917087, 0.00173107336741, 0.00134059449192], "median": [-0.687483966351, -0.757589280605, -0.774663209915, -0.764812767506, -0.786658525467, -0.78164857626], "dmean2": [0.096881121397, 0.0866081565619, 0.0746652409434, 0.0654704421759, 0.0474622324109, 0.0367340706289], "dmean": [0.060826048255, 0.0530203729868, 0.0483675561845, 0.0431834198534, 0.0314985401928, 0.0237471349537], "var": [0.00709384772927, 0.00547742564231, 0.00826807320118, 0.00643499847502, 0.00386801268905, 0.00254675536416], "dvar": [0.00294005009346, 0.00192500464618, 0.00182113912888, 0.00148361176252, 0.000834505364764, 0.000601159059443], "mean": [-0.680589616299, -0.751503109932, -0.758721292019, -0.759329617023, -0.779871284962, -0.775457501411]}, "dissonance": {"min": 0.22608242929, "max": 0.500000059605, "dvar2": 0.00130852870643, "median": 0.474906146526, "dmean2": 0.033940795809, "dmean": 0.020299224183, "var": 0.000942562881391, "dvar": 0.000486086501041, "mean": 0.466009169817}, "spectral_energyband_high": {"min": 7.85320184458e-21, "max": 0.0892124697566, "dvar2": 1.6524871171e-05, "median": 0.000653403345495, "dmean2": 0.0013840115862, "dmean": 0.000970346096437, "var": 1.12098878162e-05, "dvar": 7.5162452049e-06, "mean": 0.00161911873147}, "spectral_skewness": {"min": -0.431136608124, "max": 7.06873655319, "dvar2": 0.181534945965, "median": 1.3951779604, "dmean2": 0.370610564947, "dmean": 0.246942788363, "var": 0.401834398508, "dvar": 0.0801214799285, "mean": 1.46570205688}, "spectral_flux": {"min": 1.03965627773e-10, "max": 0.348101645708, "dvar2": 0.00341196381487, "median": 0.0865962281823, "dmean2": 0.053791474551, "dmean": 0.0355813056231, "var": 0.00349339726381, "dvar": 0.00174525356852, "mean": 0.0979250371456}, "silence_rate_30dB": {"min": 0, "max": 1, "dvar2": 0.000408278458053, "median": 1, "dmean2": 0.000272275530733, "dmean": 0.000136128510348, "var": 6.80511875544e-05, "dvar": 0.000136094779009, "mean": 0.999931931496}, "spectral_energyband_middle_high": {"min": 1.60637596482e-21, "max": 0.0471083261073, "dvar2": 3.79460252589e-05, "median": 0.00409967498854, "dmean2": 0.00454469304532, "dmean": 0.00315116136335, "var": 5.38717577001e-05, "dvar": 1.80502884177e-05, "mean": 0.00668215425685}, "barkbands_spread": {"min": 0.170830667019, "max": 122.776641846, "dvar2": 373.568939209, "median": 26.5453948975, "dmean2": 16.0718669891, "dmean": 10.2297668457, "var": 356.205322266, "dvar": 159.06262207, "mean": 28.9779453278}, "spectral_centroid": {"min": 110.25541687, "max": 10825.3720703, "dvar2": 488291, "median": 1643.65307617, "dmean2": 609.725402832, "dmean": 408.172210693, "var": 816822.0625, "dvar": 245373.984375, "mean": 1690.93591309}, "pitch_salience": {"min": 0.0432909466326, "max": 0.925835967064, "dvar2": 0.0182490553707, "median": 0.515705704689, "dmean2": 0.151365891099, "dmean": 0.0958543717861, "var": 0.0197829566896, "dvar": 0.00752129266039, "mean": 0.513859152794}, "erbbands_skewness": {"min": -6.63310432434, "max": 6.81370544434, "dvar2": 0.671781539917, "median": 0.0648595094681, "dmean2": 0.780970990658, "dmean": 0.52022922039, "var": 1.11356675625, "dvar": 0.31272700429, "mean": 0.104619175196}, "erbbands_crest": {"min": 1.98425900936, "max": 33.2246704102, "dvar2": 19.7792167664, "median": 7.81981086731, "dmean2": 4.82700634003, "dmean": 2.97514033318, "var": 22.5643119812, "dvar": 8.17429637909, "mean": 9.03742218018}, "melbands": {"min": [9.86185309876e-24, 2.40131152815e-23, 5.45302861747e-24, 7.84798113787e-24, 8.51868961215e-24, 5.65994209975e-24, 3.04671117523e-24, 7.74656281331e-24, 9.52216722638e-24, 3.33322825646e-23, 1.45933918989e-23, 7.17074168415e-24, 4.7591615536e-24, 8.53188015535e-24, 6.98666888053e-24, 5.47788878004e-24, 1.22760964237e-23, 1.11704778883e-23, 6.00429092893e-24, 1.18863218282e-23, 9.89130522065e-24, 1.52269245142e-23, 1.47477435791e-23, 9.79697717791e-24, 9.7586085612e-24, 1.05606118891e-23, 1.48299728621e-23, 1.47406974734e-23, 1.05082133812e-23, 1.26774357201e-23, 5.72470600234e-24, 1.72919951255e-23, 9.21259454135e-24, 8.82365456064e-24, 8.3997625198e-24, 7.28790093922e-24, 9.3940033617e-24, 9.26660942525e-24, 7.32045328447e-24, 7.62444872291e-24], "max": [0.0208380520344, 0.0368037745357, 0.0199369024485, 0.0158155541867, 0.00428153108805, 0.00441711582243, 0.00782458484173, 0.00381193263456, 0.00381394592114, 0.0043802652508, 0.00507619045675, 0.00614002672955, 0.00550720002502, 0.00580031611025, 0.00381674058735, 0.00294368993491, 0.00201314152218, 0.00279605551623, 0.00182061211672, 0.00171412271447, 0.00146800000221, 0.00161463301629, 0.000856863043737, 0.00162455404643, 0.00149394571781, 0.000969760410953, 0.000390546949347, 0.00028204312548, 0.00034883437911, 0.000329304573825, 0.000426573882578, 0.00060807185946, 0.000663987535518, 0.000903884298168, 0.000641111168079, 0.000526819436345, 0.000344732427038, 0.000167646910995, 0.000151675165398, 0.000135563852382], "dvar2": [5.94821949562e-06, 3.31570590788e-05, 1.27665980472e-05, 5.80742016609e-06, 2.83438424731e-07, 2.48709170592e-07, 2.2576119818e-07, 1.25848984567e-07, 6.48869828979e-08, 8.39167739741e-08, 1.35188898298e-07, 1.03490798153e-07, 7.8828755079e-08, 4.99470331761e-08, 5.31180148755e-08, 2.86947337003e-08, 2.23610356898e-08, 1.54749812964e-08, 1.46316176952e-08, 2.10838351222e-08, 1.24910428667e-08, 1.01738208969e-08, 4.79879824766e-09, 2.61678634317e-09, 1.55302970484e-09, 1.62283730898e-09, 6.6023830847e-10, 4.0921294131e-10, 3.45629441734e-10, 4.23429902252e-10, 4.73503847243e-10, 6.53937626272e-10, 5.87716708633e-10, 1.00747854503e-09, 7.3556355451e-10, 4.93606988616e-10, 1.97484709141e-10, 7.07543121314e-11, 5.13999363905e-11, 3.98345349761e-11], "median": [0.000696072704159, 0.00127067649737, 0.000375703297323, 0.000126749859191, 7.93356593931e-05, 6.30589347566e-05, 7.0502384915e-05, 4.13164962083e-05, 2.33918999584e-05, 2.28970329772e-05, 2.95423869829e-05, 2.82354048977e-05, 2.05970591196e-05, 1.58267084771e-05, 1.60151721502e-05, 1.11707240649e-05, 1.33737394208e-05, 9.17915531318e-06, 6.84393035044e-06, 9.50609137362e-06, 6.69045084578e-06, 8.22569563752e-06, 7.82362167229e-06, 6.90788692737e-06, 5.41622011951e-06, 4.89304693474e-06, 4.51924370282e-06, 3.18110232911e-06, 2.55906843449e-06, 2.24204950428e-06, 2.02285968953e-06, 1.9920826162e-06, 1.86009265235e-06, 1.73013359017e-06, 1.15874377116e-06, 9.06886782559e-07, 9.91067622635e-07, 7.82093820817e-07, 8.69613870691e-07, 7.25558265913e-07], "dmean2": [0.00181936635636, 0.00287968944758, 0.0015907571651, 0.000946176529396, 0.000288580602501, 0.000241043133428, 0.000230998164625, 0.000181153343874, 0.000110206579848, 0.000120999175124, 0.000165785153513, 0.000148633916979, 0.000111745008326, 8.69547147886e-05, 9.95208465611e-05, 7.41602198104e-05, 7.2002017987e-05, 5.67342467548e-05, 5.2841991419e-05, 6.97476862115e-05, 5.16389336553e-05, 5.01108079334e-05, 3.41248014593e-05, 2.19648936763e-05, 1.91271010408e-05, 1.65790970641e-05, 1.37531624205e-05, 1.09103484647e-05, 8.89541206561e-06, 9.63888032857e-06, 8.03788407211e-06, 6.33455056231e-06, 5.39549228051e-06, 5.83475684834e-06, 4.708209417e-06, 4.04988941227e-06, 3.38283780366e-06, 2.71254589279e-06, 2.40108511207e-06, 2.12651957554e-06], "dmean": [0.00122129137162, 0.00177553179674, 0.00092831812799, 0.00056370603852, 0.00017139587726, 0.000150563006173, 0.000140621181345, 0.000111097026092, 6.84479091433e-05, 7.70647166064e-05, 0.000108121159428, 9.75344300969e-05, 7.34641871531e-05, 5.73182078369e-05, 6.47747438052e-05, 4.74710250273e-05, 4.52891435998e-05, 3.59073455911e-05, 3.38484205713e-05, 4.44394208898e-05, 3.17163612635e-05, 3.21230545524e-05, 2.12921950151e-05, 1.39190497066e-05, 1.20877493828e-05, 1.06184224933e-05, 8.56421684148e-06, 6.85352597429e-06, 5.74212572246e-06, 6.16265288045e-06, 5.119164598e-06, 4.15764634454e-06, 3.56235705112e-06, 3.87106365451e-06, 3.12382621814e-06, 2.74059016192e-06, 2.32859929383e-06, 1.86092893273e-06, 1.64229891197e-06, 1.45563251408e-06], "var": [6.92572302796e-06, 1.35549053084e-05, 3.45512103195e-06, 1.83600570836e-06, 9.99688367642e-08, 1.11982252804e-07, 9.23424039456e-08, 5.92009499201e-08, 3.18785886577e-08, 4.84604534279e-08, 1.0694156316e-07, 9.47602600831e-08, 8.35594633486e-08, 4.97143268774e-08, 4.95041554416e-08, 2.03804049193e-08, 1.38559821394e-08, 9.0563716526e-09, 1.06499120633e-08, 1.32010846698e-08, 5.84479753485e-09, 7.07163838598e-09, 2.55289678286e-09, 1.48111378717e-09, 1.0328070621e-09, 9.60862167609e-10, 4.2582751214e-10, 3.10504788548e-10, 2.81257850343e-10, 3.09708231283e-10, 2.71001721064e-10, 2.80149209386e-10, 2.96269286881e-10, 3.87609694341e-10, 2.86955847972e-10, 1.95552171678e-10, 1.16214864121e-10, 6.29732099799e-11, 5.81722864323e-11, 4.49850469375e-11], "dvar": [2.96242069453e-06, 1.25098367789e-05, 4.70079248771e-06, 2.27837676903e-06, 1.04807021728e-07, 1.05142106577e-07, 8.89348825694e-08, 4.96803096439e-08, 2.65622013274e-08, 3.643609503e-08, 6.02602909794e-08, 4.81265054475e-08, 3.58050407101e-08, 2.2861980753e-08, 2.36742039306e-08, 1.26998305205e-08, 9.16620379598e-09, 6.50943698943e-09, 6.61337296037e-09, 8.95524188138e-09, 5.11019226934e-09, 4.49719594897e-09, 2.03835104351e-09, 1.11224640609e-09, 6.71254496432e-10, 6.93000323793e-10, 2.76827893941e-10, 1.72223763029e-10, 1.4890488842e-10, 1.85343324022e-10, 1.97033611649e-10, 2.71413280739e-10, 2.64565924724e-10, 4.11006867429e-10, 3.00347746673e-10, 1.98532371098e-10, 8.53150744495e-11, 3.25657105449e-11, 2.44761988455e-11, 1.9652947672e-11], "mean": [0.00194996222854, 0.00265866122209, 0.000940650876146, 0.000527542433701, 0.000199844638701, 0.000170247672941, 0.000165341261891, 0.000133421272039, 8.4919105575e-05, 9.63340280578e-05, 0.000154159846716, 0.000138822491863, 0.000112249508675, 8.02265058155e-05, 9.1322886874e-05, 5.87629074289e-05, 5.68017712794e-05, 4.38259048678e-05, 4.2959170969e-05, 5.50725526409e-05, 3.46672532032e-05, 4.14187270508e-05, 2.61905970547e-05, 1.89461989066e-05, 1.63597524079e-05, 1.41212458402e-05, 1.18442467283e-05, 9.85855876934e-06, 8.71473730513e-06, 8.5611918621e-06, 7.28337727196e-06, 5.73510214963e-06, 4.83091616843e-06, 5.04108220412e-06, 4.10860502598e-06, 3.60669196198e-06, 3.31005594489e-06, 2.70126361102e-06, 2.51309370469e-06, 2.20367269321e-06]}, "spectral_entropy": {"min": 5.10825490952, "max": 9.79337310791, "dvar2": 0.118004858494, "median": 7.80430459976, "dmean2": 0.323861867189, "dmean": 0.226292565465, "var": 0.293078660965, "dvar": 0.0577820651233, "mean": 7.7078294754}, "spectral_rolloff": {"min": 64.599609375, "max": 18798.4863281, "dvar2": 6413684, "median": 1421.19140625, "dmean2": 1627.24536133, "dmean": 982.278930664, "var": 5686721, "dvar": 2981169.25, "mean": 2124.60620117}, "barkbands": {"min": [1.62726890172e-23, 4.19616951157e-23, 4.37473007073e-23, 2.84700807884e-24, 4.87687190689e-23, 2.85374218996e-23, 1.96301851595e-23, 3.92888040214e-23, 2.04290715402e-22, 6.12186480928e-23, 3.5345300978e-23, 8.17706834843e-23, 4.95584508765e-23, 1.4785260226e-22, 7.33754742697e-23, 1.62885451214e-22, 2.81372119365e-22, 2.10340117341e-22, 2.73205503108e-22, 4.75161998023e-22, 4.04162875723e-22, 6.12472818504e-22, 5.06420226429e-22, 7.15547126185e-22, 1.1938490178e-21, 2.01379079025e-21, 2.37542260261e-21], "max": [0.00192302884534, 0.0909454748034, 0.0844331681728, 0.0420918017626, 0.0615354068577, 0.0198406968266, 0.033996578306, 0.0161368828267, 0.024438675493, 0.043847642839, 0.0353857465088, 0.03869638592, 0.0251300726086, 0.0204185824841, 0.0181503240019, 0.0190072022378, 0.0195706263185, 0.0328998230398, 0.0237380545586, 0.00793935824186, 0.00909715332091, 0.0352184846997, 0.0348487906158, 0.0200717784464, 0.010741555132, 0.0031266908627, 0.00304697500542], "dvar2": [3.62708227897e-08, 0.0001157140141, 0.000169802311575, 4.63656760985e-05, 8.94257900654e-05, 5.97773305344e-06, 4.95404992762e-06, 2.07873313229e-06, 3.43411693393e-06, 7.15333726475e-06, 5.02530156155e-06, 4.42721557192e-06, 3.16600949191e-06, 2.48039259532e-06, 1.80122390248e-06, 3.47508353116e-06, 2.33844343711e-06, 1.11369365641e-06, 6.95239350534e-07, 3.45627569232e-07, 5.48879597773e-07, 1.62523849667e-06, 2.55832242146e-06, 7.45244676637e-07, 2.82023961518e-07, 4.34707843056e-08, 9.6876160427e-09], "median": [5.24182796653e-05, 0.00288580311462, 0.00155940232798, 0.000337359175319, 0.000605869456194, 0.000279125495581, 0.000318491103826, 0.000148254679516, 0.000160327836056, 0.000188038160559, 0.000149970597704, 0.000139863579534, 0.000122075274703, 0.000129471882246, 7.94535517343e-05, 0.000123515055748, 0.000138943549246, 0.000149423794937, 0.00013574345212, 0.000128867584863, 9.98071554932e-05, 0.000107091400423, 7.56086810725e-05, 7.62088529882e-05, 6.83623366058e-05, 2.12231898331e-05, 3.72735121346e-06], "dmean2": [0.000136018992634, 0.00750006921589, 0.0058725415729, 0.00281443842687, 0.00385393551551, 0.00118970766198, 0.00109832594171, 0.000686190905981, 0.00081258645514, 0.00120511522982, 0.000918129750062, 0.000898033322301, 0.000803951232228, 0.000772375846282, 0.000634229101706, 0.000932152674068, 0.000768909812905, 0.000486955716042, 0.000419462798163, 0.000357503886335, 0.000349253241438, 0.000285704561975, 0.000286434718873, 0.000226867123274, 0.000200462673092, 0.00010370642849, 3.419951463e-05], "dmean": [8.31019278849e-05, 0.00492306658998, 0.0034493515268, 0.00159180455375, 0.00230377214029, 0.000739581184462, 0.000661977333948, 0.000425164005719, 0.00051686889492, 0.000779927009717, 0.000597952282988, 0.000577278668061, 0.000508262019139, 0.000486125907628, 0.000403339246986, 0.000590530922636, 0.000493059167638, 0.00030776928179, 0.000269399548415, 0.000226621283218, 0.000225887371926, 0.00019119476201, 0.000194447129616, 0.000159976872965, 0.000138817747938, 6.96544957464e-05, 2.18111545109e-05], "var": [2.00770120529e-08, 0.000102370366221, 5.49539654457e-05, 1.11005483632e-05, 2.91782034765e-05, 2.6527557111e-06, 2.01464877136e-06, 1.01807643205e-06, 2.04928278436e-06, 6.00726161792e-06, 4.76185505249e-06, 3.83206679544e-06, 2.28932231039e-06, 1.54134318109e-06, 1.24411519664e-06, 2.05072819881e-06, 1.50792766362e-06, 5.94114510477e-07, 4.62121164446e-07, 2.92902228693e-07, 4.48169373612e-07, 7.44894407489e-07, 1.05072217593e-06, 5.44176202766e-07, 3.55096148041e-07, 3.3435906488e-08, 3.87001675151e-09], "dvar": [1.33987461126e-08, 5.27303964191e-05, 6.17477853666e-05, 1.65958736034e-05, 3.51254639099e-05, 2.50627067544e-06, 1.93268465409e-06, 8.3899647052e-07, 1.49220670664e-06, 3.24985353473e-06, 2.24609038924e-06, 2.00699219022e-06, 1.40097324675e-06, 1.00855368146e-06, 7.99726308287e-07, 1.46636432419e-06, 1.0277385627e-06, 4.5484517841e-07, 2.9765217846e-07, 1.49402183069e-07, 2.4216680572e-07, 7.00123280239e-07, 1.06048901216e-06, 3.34053311235e-07, 1.42366616274e-07, 1.96388452167e-08, 4.01842781272e-09], "mean": [0.000109993074147, 0.00768309971318, 0.00442953035235, 0.00135055673309, 0.0022444948554, 0.000830403703731, 0.000771484628785, 0.000517041655257, 0.000651350128464, 0.00110658025369, 0.000872311764397, 0.000788663630374, 0.000633471063338, 0.000617057317868, 0.000498652283568, 0.000711214262992, 0.000630080932751, 0.000422030861955, 0.000374762486899, 0.000346051005181, 0.000341981038218, 0.00027217369643, 0.000259630614892, 0.000242968468228, 0.00021154913702, 8.62808083184e-05, 2.13307775994e-05]}, "melbands_flatness_db": {"min": 0.00733881630003, "max": 0.68442928791, "dvar2": 0.00322099169716, "median": 0.181446358562, "dmean2": 0.0576902218163, "dmean": 0.039310965687, "var": 0.00937557779253, "dvar": 0.00158968940377, "mean": 0.200976148248}, "melbands_skewness": {"min": -4.18282461166, "max": 29.6770019531, "dvar2": 5.050532341, "median": 2.5230910778, "dmean2": 1.95450639725, "dmean": 1.31037974358, "var": 7.75298118591, "dvar": 2.3504679203, "mean": 3.16571187973}, "barkbands_skewness": {"min": -7.10963249207, "max": 33.2783470154, "dvar2": 3.42670917511, "median": 1.165574193, "dmean2": 1.44217967987, "dmean": 0.973527848721, "var": 5.05139541626, "dvar": 1.53544962406, "mean": 1.67830860615}, "silence_rate_60dB": {"min": 0, "max": 1, "dvar2": 0.109126709402, "median": 0, "dmean2": 0.100401610136, "dmean": 0.0502314195037, "var": 0.0797498449683, "dvar": 0.0477071069181, "mean": 0.0873885527253}, "spectral_energyband_low": {"min": 9.37239709259e-23, "max": 0.126962736249, "dvar2": 0.000371784612071, "median": 0.00694810133427, "dmean2": 0.0115912817419, "dmean": 0.00744813773781, "var": 0.000232225153013, "dvar": 0.000152787935804, "mean": 0.0128864692524}, "spectral_energyband_middle_low": {"min": 3.53280287107e-22, "max": 0.12141700089, "dvar2": 0.000353097217157, "median": 0.0035786642693, "dmean2": 0.00862785428762, "dmean": 0.00534039456397, "var": 0.000121843615489, "dvar": 0.000136761838803, "mean": 0.00668405368924}, "melbands_kurtosis": {"min": -1.9515144825, "max": 1535.73376465, "dvar2": 4070.92553711, "median": 7.24050426483, "dmean2": 28.2093143463, "dmean": 18.0056667328, "var": 3012.74121094, "dvar": 1655.45935059, "mean": 26.2781505585}, "spectral_decrease": {"min": -3.57058205225e-08, "max": -1.30663934668e-29, "dvar2": 4.80946068457e-17, "median": -5.41892219985e-09, "dmean2": 4.59167415201e-09, "dmean": 3.06520564486e-09, "var": 3.19694818102e-17, "dvar": 2.04292915242e-17, "mean": -6.52445564242e-09}, "erbbands_kurtosis": {"min": -1.89790308475, "max": 64.5484161377, "dvar2": 21.6291046143, "median": 0.138164520264, "dmean2": 2.60165476799, "dmean": 1.66970455647, "var": 17.8939819336, "dvar": 9.56899547577, "mean": 1.32806789875}, "melbands_crest": {"min": 2.73725485802, "max": 36.4978408813, "dvar2": 30.8793907166, "median": 15.4590768814, "dmean2": 6.59478902817, "dmean": 4.05653095245, "var": 36.4447975159, "dvar": 12.500369072, "mean": 15.6829509735}, "gfcc": {"cov": [[11433.6611328, -1312.76977539, -1708.55505371, 148.362167358, -441.156829834, 78.4763870239, -387.556182861, 88.3735427856, -73.0126800537, 71.2117233276, -202.003967285, 32.4236717224, -63.7601623535], [-1312.76977539, 1838.37658691, 32.0424232483, -59.5976753235, 303.739044189, -45.4553642273, 252.319610596, 2.8268430233, 34.1799850464, -71.0610733032, 85.4453353882, -59.3189353943, 48.1821060181], [-1708.55505371, 32.0424232483, 1656.5760498, 190.886505127, 36.9642791748, 22.9305171967, -110.21157074, -67.5376434326, -54.6690063477, -18.4468460083, -29.1016712189, -4.13536739349, -66.123916626], [148.362167358, -59.5976753235, 190.886505127, 550.459472656, 94.2637405396, 46.8695220947, 28.7316207886, 21.3889408112, 51.5055885315, -0.265885770321, -20.061126709, -15.7486619949, 15.2687902451], [-441.156829834, 303.739044189, 36.9642791748, 94.2637405396, 387.676513672, 46.8830070496, 55.9134140015, 16.0467758179, 39.6585388184, -8.97144794464, -3.80589962006, -9.44157981873, 17.0352191925], [78.4763870239, -45.4553642273, 22.9305171967, 46.8695220947, 46.8830070496, 285.64831543, 128.331802368, 35.2921104431, -9.99545097351, 6.15961074829, 34.1144714355, -0.578047692776, -9.62797355652], [-387.556182861, 252.319610596, -110.21157074, 28.7316207886, 55.9134140015, 128.331802368, 287.022338867, 72.5973434448, 7.39327383041, -14.9508943558, 35.1153526306, -10.1414985657, 13.3335018158], [88.3735427856, 2.8268430233, -67.5376434326, 21.3889408112, 16.0467758179, 35.2921104431, 72.5973434448, 173.609970093, 83.1723251343, 6.27059412003, -3.30440115929, 5.84773206711, 15.0631427765], [-73.0126800537, 34.1799850464, -54.6690063477, 51.5055885315, 39.6585388184, -9.99545097351, 7.39327383041, 83.1723251343, 153.6224823, 50.9368858337, -14.7261362076, -13.3039007187, 16.3781585693], [71.2117233276, -71.0610733032, -18.4468460083, -0.265885770321, -8.97144794464, 6.15961074829, -14.9508943558, 6.27059412003, 50.9368858337, 108.235816956, 28.5383739471, -9.49798679352, -10.2137012482], [-202.003967285, 85.4453353882, -29.1016712189, -20.061126709, -3.80589962006, 34.1144714355, 35.1153526306, -3.30440115929, -14.7261362076, 28.5383739471, 107.445831299, 26.0236034393, -11.5192661285], [32.4236717224, -59.3189353943, -4.13536739349, -15.7486619949, -9.44157981873, -0.578047692776, -10.1414985657, 5.84773206711, -13.3039007187, -9.49798679352, 26.0236034393, 78.3324356079, 29.0872612], [-63.7601623535, 48.1821060181, -66.123916626, 15.2687902451, 17.0352191925, -9.62797355652, 13.3335018158, 15.0631427765, 16.3781585693, -10.2137012482, -11.5192661285, 29.0872612, 79.9687194824]], "icov": [[0.00016222053091, -5.34343307663e-05, 0.000240135559579, -0.000188015197637, 0.000162063457537, -0.000245889445068, 0.000394236732973, -0.000295382196782, 0.000420464959461, -0.000354109710315, 0.000608450151049, -0.000368636625353, 0.000412163586589], [-5.34343307663e-05, 0.00104131305125, -0.000249765726039, 0.000397269497626, -0.000725296384189, 0.00077872176189, -0.00104931008536, 0.00057918112725, -0.000844354159199, 0.00131038343534, -0.00182900158688, 0.00167433079332, -0.00117044243962], [0.000240135559579, -0.000249765726039, 0.0010820167372, -0.0006063147448, 0.000268549192697, -0.000611509894952, 0.00100963527802, -0.00044173875358, 0.000960047822446, -0.000705407350324, 0.00143172219396, -0.00110066356137, 0.00145630491897], [-0.000188015197637, 0.000397269497626, -0.0006063147448, 0.00242475024424, -0.000722197699361, 0.000199078232981, -0.000857378763612, 0.000691735534929, -0.00154388905503, 0.00107177894097, -0.00113344588317, 0.00133478851058, -0.00135879777372], [0.000162063457537, -0.000725296384189, 0.000268549192697, -0.000722197699361, 0.00350990821607, -0.00104866281617, 0.000579306972213, -7.83808864071e-05, -0.00025722841383, -0.000408777326811, 0.0014707002556, -0.00104154937435, 0.00056155747734], [-0.000245889445068, 0.00077872176189, -0.000611509894952, 0.000199078232981, -0.00104866281617, 0.00556350732222, -0.00319052673876, 0.000131235792651, -8.31824872876e-05, 0.000464881741209, -0.00246340967715, 0.0012531633256, -0.000542676774785], [0.000394236732973, -0.00104931008536, 0.00100963527802, -0.000857378763612, 0.000579306972213, -0.00319052673876, 0.00738083571196, -0.00332588097081, 0.00240595149808, -0.000607988040429, 0.000691407185514, 0.000166302517755, 0.000302093219943], [-0.000295382196782, 0.00057918112725, -0.00044173875358, 0.000691735534929, -7.83808864071e-05, 0.000131235792651, -0.00332588097081, 0.0104384366423, -0.007288813591, 0.00308737671003, -0.00132200412918, -0.000788826378994, -0.000477378169307], [0.000420464959461, -0.000844354159199, 0.000960047822446, -0.00154388905503, -0.00025722841383, -8.31824872876e-05, 0.00240595149808, -0.007288813591, 0.0148445665836, -0.0081885792315, 0.00462665548548, -9.62008489296e-05, -0.000435515568824], [-0.000354109710315, 0.00131038343534, -0.000705407350324, 0.00107177894097, -0.000408777326811, 0.000464881741209, -0.000607988040429, 0.00308737671003, -0.0081885792315, 0.0162295997143, -0.00831815134734, 0.00482224533334, -0.00139917794149], [0.000608450151049, -0.00182900158688, 0.00143172219396, -0.00113344588317, 0.0014707002556, -0.00246340967715, 0.000691407185514, -0.00132200412918, 0.00462665548548, -0.00831815134734, 0.0187952853739, -0.0105214435607, 0.00703566893935], [-0.000368636625353, 0.00167433079332, -0.00110066356137, 0.00133478851058, -0.00104154937435, 0.0012531633256, 0.000166302517755, -0.000788826378994, -9.62008489296e-05, 0.00482224533334, -0.0105214435607, 0.0225272458047, -0.0110479611903], [0.000412163586589, -0.00117044243962, 0.00145630491897, -0.00135879777372, 0.00056155747734, -0.000542676774785, 0.000302093219943, -0.000477378169307, -0.000435515568824, -0.00139917794149, 0.00703566893935, -0.0110479611903, 0.0197993963957]], "mean": [-4.69380760193, 61.2317657471, -97.5736236572, 36.5940628052, -46.1539878845, 21.3568572998, -29.3803844452, 12.6292095184, -22.0428733826, 3.47937011719, -14.429561615, 2.4170396328, -10.7288789749]}, "melbands_spread": {"min": 0.258328676224, "max": 309.795837402, "dvar2": 994.241760254, "median": 25.6768264771, "dmean2": 21.4615745544, "dmean": 13.9639520645, "var": 1044.75732422, "dvar": 467.182922363, "mean": 32.3754959106}, "spectral_energy": {"min": 1.08088514592e-20, "max": 0.13681730628, "dvar2": 0.000716073496733, "median": 0.0229867976159, "dmean2": 0.0181402284652, "dmean": 0.01225152798, "var": 0.000507293676492, "dvar": 0.000309300521621, "mean": 0.02702530846}, "mfcc": {"cov": [[10624.1044922, -858.253967285, -1361.06713867, -443.909820557, -274.484375, -194.52305603, -297.11920166, -122.765167236, 6.53933620453, -36.9721336365, -134.953414917, -45.140460968, 6.64288330078], [-858.253967285, 1623.94348145, -57.0422668457, 69.9043502808, 43.6984329224, 18.2301959991, 146.613174438, 63.4512557983, 18.0528583527, 11.1963968277, 39.7141532898, 21.9797000885, -23.4418811798], [-1361.06713867, -57.0422668457, 1231.43994141, 167.096176147, 146.384597778, 71.6637268066, 23.9042720795, -16.1971168518, -58.0485992432, -18.4939785004, 22.2020320892, -18.0278148651, -40.1563110352], [-443.909820557, 69.9043502808, 167.096176147, 452.565582275, 151.815414429, 50.6833305359, -0.729371368885, 26.7947673798, 63.3831863403, 7.34169864655, -15.0646419525, 23.8780632019, -3.92128586769], [-274.484375, 43.6984329224, 146.384597778, 151.815414429, 319.567932129, 64.0338745117, -17.8402881622, 7.87243700027, 31.1405315399, 5.29930019379, -2.2716012001, 7.33020401001, 6.81100845337], [-194.52305603, 18.2301959991, 71.6637268066, 50.6833305359, 64.0338745117, 224.246948242, 119.737586975, 31.8017539978, 4.3366727829, 16.6072368622, 19.5459957123, 14.1915636063, -9.11362457275], [-297.11920166, 146.613174438, 23.9042720795, -0.729371368885, -17.8402881622, 119.737586975, 230.102203369, 99.1206207275, -10.2821140289, 12.8945674896, 31.6664447784, 4.00115585327, -1.88718020916], [-122.765167236, 63.4512557983, -16.1971168518, 26.7947673798, 7.87243700027, 31.8017539978, 99.1206207275, 178.575637817, 64.1640167236, 27.3748970032, 7.45038366318, 0.128555998206, 17.7767772675], [6.53933620453, 18.0528583527, -58.0485992432, 63.3831863403, 31.1405315399, 4.3366727829, -10.2821140289, 64.1640167236, 177.595870972, 63.3435745239, 1.58968305588, 16.2316017151, 1.5643196106], [-36.9721336365, 11.1963968277, -18.4939785004, 7.34169864655, 5.29930019379, 16.6072368622, 12.8945674896, 27.3748970032, 63.3435745239, 139.588684082, 49.6054573059, 10.3565664291, 11.4704036713], [-134.953414917, 39.7141532898, 22.2020320892, -15.0646419525, -2.2716012001, 19.5459957123, 31.6664447784, 7.45038366318, 1.58968305588, 49.6054573059, 107.7603302, 36.822479248, 3.48627066612], [-45.140460968, 21.9797000885, -18.0278148651, 23.8780632019, 7.33020401001, 14.1915636063, 4.00115585327, 0.128555998206, 16.2316017151, 10.3565664291, 36.822479248, 91.93334198, 27.1755638123], [6.64288330078, -23.4418811798, -40.1563110352, -3.92128586769, 6.81100845337, -9.11362457275, -1.88718020916, 17.7767772675, 1.5643196106, 11.4704036713, 3.48627066612, 27.1755638123, 91.8027954102]], "icov": [[0.000121540353575, 5.40636465303e-05, 0.000126218452351, 6.27287081443e-05, 1.90083574125e-05, -2.53638991126e-05, 0.000118908479635, -1.15072234621e-05, 2.03015897569e-05, -1.12721163532e-05, 9.0324167104e-05, -4.55329336546e-06, 6.2624902057e-05], [5.40636465303e-05, 0.000715219357517, 0.000123621008242, -7.47198137105e-05, -0.000183323441888, 0.000371805450413, -0.000628240348306, 8.27181065688e-05, -4.47827478638e-05, 2.019238309e-05, -8.60758009367e-05, -0.00016541450168, 0.000301656575175], [0.000126218452351, 0.000123621008242, 0.00107958551962, -0.000257094070548, -0.000313608383294, -0.000122653320432, 8.10339697637e-05, -3.39941216225e-05, 0.000464219425339, 3.94910202886e-05, -0.000275668047834, 0.00024917369592, 0.000426886137575], [6.27287081443e-05, -7.47198137105e-05, -0.000257094070548, 0.00297146826051, -0.00106212659739, -0.000275276834145, 0.00016403059999, -0.000181109237019, -0.00079852133058, 1.44293990161e-05, 0.000893128919415, -0.000974192691501, 0.000347030931152], [1.90083574125e-05, -0.000183323441888, -0.000313608383294, -0.00106212659739, 0.00427549285814, -0.00165821728297, 0.00151369534433, -0.000358896388207, -0.000332556286594, 0.000280097156065, -0.00028753571678, 0.000488652265631, -0.000775005843025], [-2.53638991126e-05, 0.000371805450413, -0.000122653320432, -0.000275276834145, -0.00165821728297, 0.00755933485925, -0.00497512891889, 0.00148910714779, -0.000347731605871, -0.000709929096047, 0.000484671036247, -0.00120706949383, 0.000947753083892], [0.000118908479635, -0.000628240348306, 8.10339697637e-05, 0.00016403059999, 0.00151369534433, -0.00497512891889, 0.0102412914857, -0.00541496835649, 0.00233477330767, 0.00017990609922, -0.00161173916422, 0.000491869752295, 0.000379650766263], [-1.15072234621e-05, 8.27181065688e-05, -3.39941216225e-05, -0.000181109237019, -0.000358896388207, 0.00148910714779, -0.00541496835649, 0.00997044146061, -0.00403506169096, 0.00024809219758, 0.000124369675177, 0.00132883677725, -0.00222852197476], [2.03015897569e-05, -4.47827478638e-05, 0.000464219425339, -0.00079852133058, -0.000332556286594, -0.000347731605871, 0.00233477330767, -0.00403506169096, 0.00941145792603, -0.00423134723678, 0.0020005395636, -0.00225507025607, 0.00193544267677], [-1.12721163532e-05, 2.019238309e-05, 3.94910202886e-05, 1.44293990161e-05, 0.000280097156065, -0.000709929096047, 0.00017990609922, 0.00024809219758, -0.00423134723678, 0.0111315762624, -0.00580395711586, 0.00246376194991, -0.00193940021563], [9.0324167104e-05, -8.60758009367e-05, -0.000275668047834, 0.000893128919415, -0.00028753571678, 0.000484671036247, -0.00161173916422, 0.000124369675177, 0.0020005395636, -0.00580395711586, 0.0147346975282, -0.00637137703598, 0.00191887910478], [-4.55329336546e-06, -0.00016541450168, 0.00024917369592, -0.000974192691501, 0.000488652265631, -0.00120706949383, 0.000491869752295, 0.00132883677725, -0.00225507025607, 0.00246376194991, -0.00637137703598, 0.0154884103686, -0.00499016838148], [6.2624902057e-05, 0.000301656575175, 0.000426886137575, 0.000347030931152, -0.000775005843025, 0.000947753083892, 0.000379650766263, -0.00222852197476, 0.00193544267677, -0.00193940021563, 0.00191887910478, -0.00499016838148, 0.0133715514094]], "mean": [-655.208312988, 95.8640289307, 11.2470979691, 25.0995883942, 10.3096761703, 10.9874725342, 7.97846508026, 8.91343402863, 3.91098189354, 1.50299966335, 1.86199700832, 1.59233856201, 1.11897563934]}, "spectral_contrast_valleys": {"min": [-27.4992713928, -27.2384757996, -27.1828193665, -27.2708148956, -27.2678890228, -27.1775112152], "max": [-5.3303771019, -4.71246242523, -4.89911603928, -5.48683691025, -5.29486894608, -6.79451179504], "dvar2": [0.486943393946, 0.586614906788, 0.520401239395, 0.552521109581, 0.500979661942, 0.387856453657], "median": [-7.13346529007, -7.0697183609, -7.58894968033, -7.89472341537, -7.52442216873, -9.57241725922], "dmean2": [0.766542375088, 0.811005294323, 0.760380923748, 0.74116641283, 0.62492698431, 0.484645843506], "dmean": [0.503445029259, 0.536999225616, 0.524292707443, 0.528102576733, 0.449846357107, 0.386950522661], "var": [1.05999279022, 1.24563145638, 1.33861911297, 1.47325217724, 1.49057972431, 1.62600624561], "dvar": [0.259827554226, 0.303432554007, 0.278237372637, 0.297064632177, 0.260152935982, 0.21850284934], "mean": [-7.28510189056, -7.248046875, -7.72233104706, -8.03264331818, -7.73450040817, -9.81278419495]}, "barkbands_flatness_db": {"min": 0.0150671387091, "max": 0.526807010174, "dvar2": 0.00194767012727, "median": 0.113362558186, "dmean2": 0.0444209128618, "dmean": 0.0298609342426, "var": 0.00501883495599, "dvar": 0.000940441037528, "mean": 0.131059810519}, "dynamic_complexity": 3.49844264984, "erbbands_flatness_db": {"min": 0.0307205077261, "max": 0.399651587009, "dvar2": 0.00110828806646, "median": 0.12865114212, "dmean2": 0.0332766696811, "dmean": 0.023480668664, "var": 0.00272142631002, "dvar": 0.000583387562074, "mean": 0.136522009969}, "hfc": {"min