{"lowlevel": {"spectral_complexity": {"min": 0, "max": 60, "dvar2": 71.6477203369, "median": 9, "dmean2": 5.54048776627, "dmean": 3.75123858452, "var": 94.3967056274, "dvar": 35.3966636658, "mean": 11.2566814423}, "silence_rate_20dB": {"min": 1, "max": 1, "dvar2": 0, "median": 1, "dmean2": 0, "dmean": 0, "var": 0, "dvar": 0, "mean": 1}, "average_loudness": 0.795613884926, "erbbands_spread": {"min": 0.757384896278, "max": 179.855331421, "dvar2": 344.596557617, "median": 34.4555740356, "dmean2": 15.9246196747, "dmean": 10.8982038498, "var": 580.869995117, "dvar": 175.757598877, "mean": 38.8016929626}, "spectral_kurtosis": {"min": -1.26212728024, "max": 75.0441970825, "dvar2": 48.3202056885, "median": 5.31206226349, "dmean2": 4.73385620117, "dmean": 2.97444367409, "var": 50.7133331299, "dvar": 19.718706131, "mean": 7.4130563736}, "barkbands_kurtosis": {"min": -1.9210164547, "max": 383.113250732, "dvar2": 482.674804688, "median": 4.24627304077, "dmean2": 8.75207138062, "dmean": 5.6049079895, "var": 256.117340088, "dvar": 191.523071289, "mean": 8.54133987427}, "spectral_strongpeak": {"min": 0, "max": 16.5241928101, "dvar2": 1.44968855381, "median": 0.346251279116, "dmean2": 0.635063827038, "dmean": 0.393822878599, "var": 1.49371337891, "dvar": 0.608501374722, "mean": 0.81725525856}, "spectral_spread": {"min": 1105707.125, "max": 42698296, "dvar2": 2614493446140.0, "median": 4197581.5, "dmean2": 1201593, "dmean": 916096.8125, "var": 15150108114900.0, "dvar": 1518322057220.0, "mean": 5154863.5}, "spectral_rms": {"min": 3.12901332448e-12, "max": 0.0150061612949, "dvar2": 7.01403951098e-06, "median": 0.00303578423336, "dmean2": 0.0015150787076, "dmean": 0.00102576205973, "var": 6.01233386988e-06, "dvar": 3.1348806715e-06, "mean": 0.00346981245093}, "erbbands": {"min": [4.64606288116e-23, 6.88148838365e-22, 2.1596142908e-21, 9.37256864775e-21, 1.47287521377e-20, 3.34542729742e-20, 3.00894961128e-20, 5.54685023676e-20, 9.72638061448e-20, 1.28511490825e-19, 3.89232732369e-19, 1.89022337572e-19, 5.45560045372e-19, 7.06231917747e-19, 1.16945740347e-18, 1.38103924402e-18, 1.78310320205e-18, 2.64132376709e-18, 1.83638810916e-18, 2.293174821e-18, 3.78868448807e-18, 4.27873730222e-18, 5.11746701048e-18, 3.96091341777e-18, 7.44036801436e-18, 9.40888002841e-18, 8.94650591833e-18, 9.97920368997e-18, 1.24319621239e-17, 9.9185531531e-18, 1.16938093063e-17, 1.22889062e-17, 9.49920153385e-18, 8.30129594155e-18, 6.49991783822e-18, 4.48660117271e-18, 2.39500364954e-18, 1.00138071365e-18, 2.65229414657e-19, 2.82354547803e-20], "max": [2.6391108036, 30.2687549591, 68.5522842407, 135.225570679, 605.499206543, 290.11428833, 182.083892822, 250.186477661, 669.905700684, 1142.59155273, 1510.76953125, 1191.96728516, 1421.23803711, 954.830383301, 1544.75732422, 1760.0579834, 3210.44702148, 3302.77563477, 3461.41308594, 949.770874023, 734.333190918, 658.573730469, 362.484008789, 264.448730469, 458.265716553, 283.431121826, 137.825942993, 233.946456909, 139.975601196, 173.57371521, 165.488876343, 158.554779053, 101.336250305, 77.9720153809, 32.1873512268, 30.5202713013, 10.892537117, 2.25442361832, 0.168803334236, 0.00616762693971], "dvar2": [0.185558974743, 22.0976257324, 152.322418213, 565.028320312, 6203.10498047, 1734.5489502, 124.798408508, 288.052246094, 1371.61193848, 7961.82226562, 10180.5820312, 4959.67578125, 3743.00512695, 2758.20361328, 4383.73291016, 4677.03173828, 9421.5859375, 12732.6669922, 7202.34179688, 1474.82043457, 1584.58447266, 1308.74133301, 695.480529785, 532.208312988, 605.437194824, 263.49520874, 128.172027588, 152.244949341, 144.012695312, 118.040596008, 45.6859550476, 39.7894859314, 20.9490795135, 13.2715568542, 9.82746982574, 6.70165777206, 1.16160917282, 0.0401416681707, 0.000342843995895, 4.59537375264e-07], "median": [0.0100559145212, 0.167730793357, 0.52898055315, 0.996206760406, 2.27009654045, 2.56317830086, 2.12738347054, 3.66274857521, 4.0165514946, 3.60041189194, 2.47340130806, 2.43534231186, 2.56569838524, 2.01589417458, 2.53484034538, 2.04877877235, 1.95962309837, 3.02931189537, 1.87552845478, 1.91219651699, 2.05940175056, 2.20933389664, 1.68306314945, 1.45685100555, 1.07250440121, 0.869957983494, 0.624638736248, 0.386027634144, 0.321574956179, 0.278193801641, 0.164808064699, 0.109685741365, 0.0700776800513, 0.045455314219, 0.0235632341355, 0.0113141564652, 0.00386104779318, 0.000683042395394, 6.62650127197e-05, 1.69085160451e-05], "dmean2": [0.11938803643, 1.30363273621, 3.24577617645, 8.89255523682, 24.7890605927, 13.798500061, 5.31060886383, 8.08460330963, 15.1776952744, 28.3665523529, 25.3265914917, 16.7771015167, 16.6762332916, 14.6485767365, 19.4548912048, 15.8421955109, 15.8908081055, 24.0078029633, 14.8135414124, 12.8094558716, 15.7217102051, 14.7869901657, 10.495100975, 9.30283546448, 8.96305561066, 6.4301867485, 4.70111179352, 4.28392887115, 4.09557104111, 3.69952607155, 2.18694829941, 1.69096744061, 1.4203453064, 1.1567568779, 1.1322375536, 0.918250143528, 0.367933571339, 0.0659644305706, 0.00617218483239, 0.00024206386297], "dmean": [0.0705019310117, 0.770785212517, 1.76701974869, 4.9615945816, 13.8119039536, 7.66990423203, 3.15169167519, 5.10479354858, 9.92855072021, 18.2938785553, 16.4036808014, 11.163105011, 11.4111375809, 10.0516958237, 13.0952787399, 10.448091507, 10.351477623, 16.1440086365, 10.0051937103, 8.54498386383, 10.2204856873, 9.13569641113, 6.6800031662, 5.95586490631, 5.7355389595, 4.0978717804, 3.1189520359, 2.82684540749, 2.77473211288, 2.54013848305, 1.4978672266, 1.16169333458, 0.980784714222, 0.801400482655, 0.78663611412, 0.63222014904, 0.249847263098, 0.0451072193682, 0.00421353708953, 0.000167038408108], "var": [0.0579765290022, 6.63039588928, 31.7932090759, 144.628417969, 1522.55200195, 403.067321777, 62.129283905, 273.164337158, 1300.9251709, 7438.73144531, 9484.63867188, 4560.42138672, 3898.27172852, 2272.80786133, 4221.28466797, 4357.77148438, 5084.86425781, 15658.4980469, 7595.47314453, 1746.43884277, 1118.52502441, 878.450256348, 395.454803467, 317.681762695, 354.870178223, 164.680160522, 83.4094772339, 87.8118133545, 87.8692855835, 85.8986663818, 35.5660362244, 22.9597587585, 13.911149025, 8.46705055237, 7.22033882141, 4.22765731812, 0.643045842648, 0.0220565982163, 0.000193880157894, 2.6969601663e-07], "dvar": [0.0743159279227, 8.68652820587, 53.4379386902, 199.462860107, 2232.27319336, 607.392150879, 45.8070259094, 120.202194214, 630.778808594, 3567.70751953, 4192.99414062, 2112.70751953, 1742.74584961, 1299.45080566, 2173.29077148, 2112.26538086, 3995.49926758, 6517.80566406, 3136.97680664, 786.72479248, 703.368041992, 550.791564941, 284.237609863, 223.908416748, 246.95765686, 108.479110718, 56.1801452637, 65.7980194092, 62.2484512329, 52.7582511902, 20.1845321655, 16.2519378662, 9.1706867218, 5.79810762405, 4.61316108704, 3.21520400047, 0.538710057735, 0.0184930060059, 0.000160034091095, 2.17555950144e-07], "mean": [0.0680670589209, 0.808610916138, 1.63304615021, 4.960916996, 12.1400499344, 8.2601518631, 4.99903297424, 9.43728923798, 15.1653261185, 29.5092658997, 26.8978881836, 18.3010158539, 18.8297710419, 14.9103116989, 20.0824508667, 15.5805215836, 13.9003143311, 23.1499462128, 15.9079656601, 12.2328958511, 13.552945137, 12.1135282516, 8.9153175354, 8.02941226959, 7.59044265747, 5.46099996567, 4.21737337112, 3.57998728752, 3.60615754128, 3.4509267807, 2.12500905991, 1.5979847908, 1.30679500103, 1.02595806122, 0.925992906094, 0.675808489323, 0.253349453211, 0.0450863391161, 0.00423731142655, 0.00017796397151]}, "zerocrossingrate": {"min": 0.00244140625, "max": 0.52099609375, "dvar2": 0.000543365254998, "median": 0.04248046875, "dmean2": 0.0162378828973, "dmean": 0.0147376265377, "var": 0.00434093223885, "dvar": 0.000455678993603, "mean": 0.0621784254909}, "spectral_contrast_coeffs": {"min": [-0.977995097637, -0.978107869625, -0.984815955162, -0.983979582787, -0.982140243053, -0.979066073895], "max": [-0.257506608963, -0.288863837719, -0.395782440901, -0.476505368948, -0.580873906612, -0.655284404755], "dvar2": [0.00548826949671, 0.00466003408656, 0.00326253706589, 0.00229378580116, 0.00133866583928, 0.000817948428448], "median": [-0.645555496216, -0.735722661018, -0.765198647976, -0.773573577404, -0.787290036678, -0.787683129311], "dmean2": [0.0794907212257, 0.0751440897584, 0.0649417117238, 0.0555076040328, 0.0408938713372, 0.0303086228669], "dmean": [0.0499420054257, 0.0481638126075, 0.0423646047711, 0.036142475903, 0.0266312398016, 0.0200992431492], "var": [0.00993094500154, 0.0108592631295, 0.00822309963405, 0.00505916960537, 0.00333406869322, 0.00186550151557], "dvar": [0.00228378199972, 0.00207881163806, 0.00154385808855, 0.00106519390829, 0.000631418370176, 0.000366840249626], "mean": [-0.638877391815, -0.721403479576, -0.754224002361, -0.772177636623, -0.786166787148, -0.789594709873]}, "dissonance": {"min": 0.197079315782, "max": 0.500000178814, "dvar2": 0.00163299287669, "median": 0.457118481398, "dmean2": 0.040135782212, "dmean": 0.0248692966998, "var": 0.00184773397632, "dvar": 0.000657440512441, "mean": 0.445564776659}, "spectral_energyband_high": {"min": 7.09067056678e-21, "max": 0.0184264648706, "dvar2": 2.96829512081e-06, "median": 6.18552221567e-05, "dmean2": 0.000699573662132, "dmean": 0.000506398500875, "var": 2.55476675193e-06, "dvar": 1.48101162267e-06, "mean": 0.000690388551448}, "spectral_skewness": {"min": -0.372496634722, "max": 7.07918405533, "dvar2": 0.4027300179, "median": 1.81765818596, "dmean2": 0.530201911926, "dmean": 0.345118522644, "var": 0.67073237896, "dvar": 0.172865331173, "mean": 1.9707403183}, "spectral_flux": {"min": 6.33738478362e-11, "max": 0.399370282888, "dvar2": 0.00536486273631, "median": 0.0431418120861, "dmean2": 0.0503459013999, "dmean": 0.0335811451077, "var": 0.00551070133224, "dvar": 0.00281057902612, "mean": 0.0693591088057}, "silence_rate_30dB": {"min": 0, "max": 1, "dvar2": 0.0448189489543, "median": 1, "dmean2": 0.0328595638275, "dmean": 0.0164276398718, "var": 0.0103202676401, "dvar": 0.0161569621414, "mean": 0.989571094513}, "spectral_energyband_middle_high": {"min": 1.20618180414e-21, "max": 0.0929276943207, "dvar2": 2.20500460273e-05, "median": 0.000757071655244, "dmean2": 0.00218987697735, "dmean": 0.00152921513654, "var": 4.189469837e-05, "dvar": 1.18466878121e-05, "mean": 0.00311625399627}, "barkbands_spread": {"min": 0.371002286673, "max": 122.430015564, "dvar2": 191.139587402, "median": 13.344587326, "dmean2": 9.88961601257, "dmean": 6.74849033356, "var": 300.66998291, "dvar": 92.5088119507, "mean": 18.8101119995}, "spectral_centroid": {"min": 171.588867188, "max": 11628.7099609, "dvar2": 339992.84375, "median": 884.970397949, "dmean2": 403.125061035, "dmean": 263.803253174, "var": 1221423.125, "dvar": 157615.4375, "mean": 1122.02905273}, "pitch_salience": {"min": 0.0920355543494, "max": 0.885373175144, "dvar2": 0.0174699928612, "median": 0.54783898592, "dmean2": 0.127640634775, "dmean": 0.0780301913619, "var": 0.0157183278352, "dvar": 0.00658897077665, "mean": 0.537448227406}, "erbbands_skewness": {"min": -4.82354402542, "max": 10.0937595367, "dvar2": 0.564914882183, "median": 0.590911626816, "dmean2": 0.713103532791, "dmean": 0.480221748352, "var": 1.15817070007, "dvar": 0.279456317425, "mean": 0.70353525877}, "erbbands_crest": {"min": 2.16222000122, "max": 31.9918231964, "dvar2": 21.9481258392, "median": 8.57927131653, "dmean2": 4.70542860031, "dmean": 2.96266078949, "var": 32.4394836426, "dvar": 9.51707649231, "mean": 10.1585159302}, "melbands": {"min": [9.36551739719e-25, 1.33400658643e-24, 2.59287219949e-24, 1.86681349701e-24, 1.1131985026e-24, 1.27291325363e-24, 1.35247825757e-24, 1.05761289803e-24, 2.57370248506e-24, 1.22338028296e-24, 2.54186149513e-24, 2.62535768878e-24, 3.4558820855e-24, 4.19371000104e-24, 3.90388960421e-24, 2.88763835977e-24, 4.04849490788e-24, 2.25284948351e-24, 3.83410302423e-24, 2.53415688789e-24, 3.97490996264e-24, 3.50560043848e-24, 4.92454545352e-24, 4.36105224815e-24, 2.57666978536e-24, 4.73853796852e-24, 4.92133360634e-24, 4.71967906529e-24, 4.75757515432e-24, 5.7790648296e-24, 5.05478520568e-24, 5.93732255453e-24, 4.46102222409e-24, 5.76653022425e-24, 5.85081330665e-24, 4.48856490817e-24, 7.20433217036e-24, 5.79952906477e-24, 6.0807102514e-24, 6.44033418872e-24], "max": [0.0286423005164, 0.0348958410323, 0.0387518703938, 0.0366952344775, 0.00588827952743, 0.00558052863926, 0.00912006292492, 0.0145727274939, 0.0121629368514, 0.00716763408855, 0.00730081042275, 0.00410749390721, 0.00650681555271, 0.0030951241497, 0.00566422985867, 0.00648579979315, 0.00715892761946, 0.00777426175773, 0.00143776775803, 0.00134636659641, 0.000894299650099, 0.000718629686162, 0.000725874910131, 0.000394824310206, 0.000220887450268, 0.000442606775323, 0.000223466035095, 0.000164673154359, 9.40887330216e-05, 8.94654658623e-05, 0.000155867266585, 9.04019470909e-05, 8.96428537089e-05, 0.000100115074019, 0.000127024322865, 9.20334496186e-05, 9.88734391285e-05, 5.99185586907e-05, 9.77758172667e-05, 5.31624136784e-05], "dvar2": [2.14608953684e-05, 3.7456942664e-05, 3.16673867928e-05, 2.2714413717e-05, 2.50396851698e-07, 1.35902297416e-07, 3.20993905234e-07, 9.7015515621e-07, 6.93264496476e-07, 1.85476594083e-07, 9.62826405271e-08, 5.08774782304e-08, 6.78048976965e-08, 2.41227890996e-08, 4.40108109956e-08, 4.62026115144e-08, 5.75476235554e-08, 3.29426583789e-08, 3.29776317365e-09, 3.84877685278e-09, 2.65928279397e-09, 1.6168593131e-09, 1.14284459674e-09, 5.72372649277e-10, 4.07388678347e-10, 5.451474272e-10, 2.23156798596e-10, 1.28253782594e-10, 6.21289061864e-11, 4.14785567004e-11, 6.28453331042e-11, 5.32353536253e-11, 4.95683216695e-11, 3.62054587699e-11, 1.92698201146e-11, 1.61496822859e-11, 1.50788739134e-11, 9.58024024694e-12, 1.44623653331e-11, 8.96943023326e-12], "median": [0.00015300961968, 0.000259606313193, 0.000229799697991, 0.00021506480698, 8.02098511485e-05, 8.67401322466e-05, 6.5520114731e-05, 3.23101266986e-05, 1.74880660779e-05, 1.37869874379e-05, 1.14354370453e-05, 6.40863936496e-06, 7.03723799234e-06, 4.76650666315e-06, 3.97544863517e-06, 4.28554221799e-06, 4.9522845984e-06, 2.32040838455e-06, 2.19649746214e-06, 1.99738360607e-06, 1.97309577743e-06, 2.00846147891e-06, 1.23821428133e-06, 1.70734836047e-06, 1.00072520581e-06, 7.78767002885e-07, 6.86431860686e-07, 4.44886296691e-07, 4.16645178802e-07, 2.2541851763e-07, 2.00319632881e-07, 1.57851118843e-07, 1.98540789142e-07, 1.27579895093e-07, 9.41257241038e-08, 7.7667564824e-08, 6.03987260206e-08, 4.86650471032e-08, 4.00740169937e-08, 3.53913733875e-08], "dmean2": [0.00129848171491, 0.00164441857487, 0.00213492987677, 0.0014651059173, 0.000226922740694, 0.000178491187398, 0.000241872636252, 0.000307316950057, 0.000204040217795, 0.000104291284515, 8.41152723297e-05, 6.25426473562e-05, 7.32284461264e-05, 4.40758558398e-05, 4.35668152932e-05, 3.98001284339e-05, 4.67858953925e-05, 2.81245393126e-05, 1.81067371159e-05, 1.83392912732e-05, 1.98592479137e-05, 1.64581197168e-05, 1.20060649351e-05, 1.02295171018e-05, 7.68537120166e-06, 7.58518353905e-06, 5.88584725847e-06, 4.2562624003e-06, 3.23116546497e-06, 2.49433719546e-06, 2.63070523943e-06, 2.44600778387e-06, 2.42826308749e-06, 2.05456649383e-06, 1.36006565299e-06, 1.12179884582e-06, 1.03349748315e-06, 1.00899001154e-06, 1.014168447e-06, 1.01504087979e-06], "dmean": [0.000768854049966, 0.000947622873355, 0.00119449524209, 0.000813138845842, 0.000133382418426, 0.000112560795969, 0.00015761902614, 0.000200911599677, 0.000132333938382, 6.96361603332e-05, 5.78555664106e-05, 4.24909922003e-05, 4.84774354845e-05, 2.89107920253e-05, 2.94312521874e-05, 2.55307295447e-05, 3.13217824441e-05, 1.85674834938e-05, 1.2011585568e-05, 1.17809822768e-05, 1.27927660287e-05, 9.96299240796e-06, 7.52594178266e-06, 6.43166231384e-06, 4.87453462483e-06, 4.81627148474e-06, 3.68773612536e-06, 2.67004634225e-06, 2.09056292988e-06, 1.63903712291e-06, 1.71797228177e-06, 1.60860213327e-06, 1.62632909451e-06, 1.39537110044e-06, 9.12746315862e-07, 7.65378274536e-07, 7.01666692748e-07, 6.86602049882e-07, 6.8335288006e-07, 6.95604910561e-07], "var": [6.78707738189e-06, 9.56357689574e-06, 8.43112320581e-06, 5.27839029019e-06, 1.00850854778e-07, 1.32934601993e-07, 3.05217213281e-07, 8.47241153679e-07, 6.84702911258e-07, 1.59370827646e-07, 1.04216695718e-07, 4.42750902607e-08, 6.65316903792e-08, 2.06469827901e-08, 4.85393734095e-08, 3.29875291527e-08, 6.29512157957e-08, 2.89602279935e-08, 4.94709029297e-09, 2.52317633453e-09, 1.82831727535e-09, 1.01970820676e-09, 5.84134018933e-10, 3.55901891291e-10, 2.1814451634e-10, 3.09080538941e-10, 1.32535718511e-10, 6.88622076028e-11, 3.60538092437e-11, 2.54774968483e-11, 3.38057012939e-11, 2.84065011097e-11, 3.084402872e-11, 2.66717047753e-11, 1.33899800969e-11, 9.67357097204e-12, 8.15457423808e-12, 6.71937375532e-12, 6.95298246062e-12, 5.98709146496e-12], "dvar": [8.63068089529e-06, 1.39329376907e-05, 1.14468466563e-05, 8.05702165962e-06, 9.06531951728e-08, 5.68383704547e-08, 1.45496585446e-07, 4.41094044845e-07, 2.85065908656e-07, 7.86660621088e-08, 4.52743869062e-08, 2.45454003789e-08, 3.2613655776e-08, 1.12285336584e-08, 2.20827285347e-08, 2.20018883113e-08, 2.88053403352e-08, 1.39420066603e-08, 1.80583037412e-09, 1.83251480657e-09, 1.15485832008e-09, 6.74914901744e-10, 4.71183203565e-10, 2.36981712032e-10, 1.68736760675e-10, 2.23778606756e-10, 9.0833597588e-11, 5.1636035725e-11, 2.62894827435e-11, 1.84841170148e-11, 2.6636526318e-11, 2.21713827853e-11, 2.14204851773e-11, 1.62232380307e-11, 8.1942673133e-12, 6.73711347127e-12, 6.05259245501e-12, 4.27262869182e-12, 5.83757694961e-12, 3.98854170178e-12], "mean": [0.00078009290155, 0.000955499650445, 0.00113677431364, 0.000766157230828, 0.000200133537874, 0.000211589576793, 0.00024398311507, 0.000310710922349, 0.000216860251385, 0.000112211891974, 9.478424181e-05, 5.93730474066e-05, 7.6048563642e-05, 3.93643094867e-05, 4.06085018767e-05, 3.21942898154e-05, 4.26212609455e-05, 2.67214145424e-05, 1.72249401658e-05, 1.41239006552e-05, 1.62334272318e-05, 1.24028993014e-05, 8.91325544217e-06, 8.53305846249e-06, 6.09460948908e-06, 6.1160385485e-06, 4.69101496492e-06, 3.26154986396e-06, 2.71620660897e-06, 2.04447201213e-06, 2.09729273593e-06, 1.96437395061e-06, 2.14269562093e-06, 1.84089856248e-06, 1.24172584037e-06, 1.03421848507e-06, 9.37054096539e-07, 9.01873022485e-07, 8.5704095909e-07, 8.6809802724e-07]}, "spectral_entropy": {"min": 4.80931425095, "max": 9.81984138489, "dvar2": 0.163264900446, "median": 7.25247097015, "dmean2": 0.362294971943, "dmean": 0.264106601477, "var": 0.509506225586, "dvar": 0.0886247232556, "mean": 7.24961519241}, "spectral_rolloff": {"min": 21.533203125, "max": 19767.4804688, "dvar2": 4709587, "median": 710.595703125, "dmean2": 1082.60620117, "dmean": 651.618041992, "var": 6530571, "dvar": 2163925.75, "mean": 1546.46862793}, "barkbands": {"min": [3.04314803843e-25, 1.11859539588e-24, 8.71976867917e-25, 4.26139259038e-25, 1.17818166909e-23, 6.32878334026e-24, 6.91101869744e-24, 1.88577262502e-23, 7.37939144928e-24, 1.15372690214e-23, 2.51978139672e-23, 2.75945469467e-23, 3.82940062437e-23, 4.73474630858e-23, 4.62210265111e-23, 6.1510962079e-23, 5.57787137775e-23, 9.23691307202e-23, 1.21983290957e-22, 1.81718577626e-22, 2.9033928429e-22, 3.33666554431e-22, 4.15921346075e-22, 6.22964340377e-22, 9.25578754736e-22, 1.40651592141e-21, 1.94545630125e-21], "max": [0.00119103584439, 0.113548479974, 0.0625881254673, 0.0914736241102, 0.13601540029, 0.0239170454443, 0.0488199517131, 0.0640390366316, 0.0529839582741, 0.0401154607534, 0.0404368825257, 0.0418653711677, 0.0696155130863, 0.0752923712134, 0.0279678087682, 0.0130718266591, 0.0120628131554, 0.00595093145967, 0.00754610169679, 0.0058673415333, 0.00468972651288, 0.00397318927571, 0.00514221703634, 0.00675823166966, 0.00582239683717, 0.00631138775498, 0.0010825941572], "dvar2": [2.75751652623e-08, 0.000343420688296, 0.000126781902509, 0.0001408389071, 0.000327360234223, 2.79793971458e-06, 1.14261738418e-05, 2.35803126998e-05, 1.22811516121e-05, 3.98746533392e-06, 3.22262872032e-06, 2.61731111095e-06, 4.97216024087e-06, 6.32852652416e-06, 6.53296240216e-07, 6.59322154206e-07, 4.15001011334e-07, 2.411203468e-07, 2.21312106419e-07, 1.177898028e-07, 7.91657441823e-08, 1.13989671036e-07, 6.00809499929e-08, 7.62177165825e-08, 1.36257952477e-07, 3.37701806075e-07, 1.24395089784e-08], "median": [1.14070771815e-05, 0.000700462434907, 0.000294484751066, 0.000385860796086, 0.000844551308546, 0.000439376366558, 0.000255193124758, 9.25748463487e-05, 0.000123975070892, 4.04388883908e-05, 4.39309078502e-05, 4.55420849903e-05, 3.14292992698e-05, 6.00336170464e-05, 2.73478071904e-05, 3.34487194777e-05, 3.15870383929e-05, 3.1000465242e-05, 1.94042368094e-05, 1.842788879e-05, 1.27264329421e-05, 9.02203828446e-06, 6.55321764498e-06, 4.66887786388e-06, 3.68459132005e-06, 2.27647842621e-06, 3.37881658652e-07], "dmean2": [5.20601424796e-05, 0.00518859131262, 0.00292240199633, 0.00456832069904, 0.0055730259046, 0.00084266072372, 0.00140163325705, 0.00136403669603, 0.000900057319086, 0.000511088524945, 0.000490126723889, 0.000400093209464, 0.000403818819905, 0.000508342694957, 0.000241434114287, 0.000295851175906, 0.000258455082076, 0.000204827869311, 0.000177288529812, 0.000137693641591, 0.000109977052489, 0.000116599272587, 8.40539214551e-05, 7.92156643001e-05, 0.000129533029394, 0.000201816961635, 3.69844783563e-05], "dmean": [3.27432680933e-05, 0.00308437435888, 0.00154018751346, 0.00259509659372, 0.00308495829813, 0.000525630603079, 0.000899321341421, 0.000886681198608, 0.000603096734267, 0.000344801403116, 0.000328754395014, 0.00025712052593, 0.000255068356637, 0.000335040036589, 0.000160171359312, 0.000190087841474, 0.000159520364832, 0.000129161649966, 0.000112768750114, 8.74338802532e-05, 7.30229075998e-05, 7.91153652244e-05, 5.84962654102e-05, 5.51460980205e-05, 9.06270870473e-05, 0.000139005773235, 2.51653582382e-05], "var": [1.10498072914e-08, 0.000107987987576, 2.4187444069e-05, 4.0992290451e-05, 7.50836697989e-05, 2.66026131612e-06, 1.09728543976e-05, 1.71859137481e-05, 1.18266780191e-05, 4.02616706197e-06, 3.19153218697e-06, 2.41823113356e-06, 3.21861125485e-06, 6.26077371635e-06, 1.14902252335e-06, 4.34271953509e-07, 2.76994114756e-07, 1.33883958142e-07, 1.35590724426e-07, 7.08897616164e-08, 5.12894970939e-08, 7.29390734477e-08, 5.02682127035e-08, 4.87056759368e-08, 9.98566349608e-08, 1.99698135361e-07, 6.90244661428e-09], "dvar": [1.16811067485e-08, 0.000137483220897, 4.34947869508e-05, 5.10889221914e-05, 0.000115825670946, 1.1400453559e-06, 5.01713111589e-06, 1.03768043118e-05, 5.29819180883e-06, 1.96340738512e-06, 1.51634276335e-06, 1.18882951483e-06, 2.39276778302e-06, 2.87026978185e-06, 3.89923400235e-07, 3.05580215354e-07, 1.76021956122e-07, 9.84653780733e-08, 9.29260082216e-08, 4.81369362149e-08, 3.52642146595e-08, 4.98055143794e-08, 2.76864984272e-08, 3.22789972529e-08, 6.31313952226e-08, 1.59625102469e-07, 5.77397507584e-09], "mean": [4.06829421991e-05, 0.00324262981303, 0.00122635264415, 0.00259190215729, 0.0029447840061, 0.000995188253, 0.00138369365595, 0.00121351785492, 0.000974096707068, 0.000484771357151, 0.000531050318386, 0.000367605563952, 0.00029425273533, 0.000464100507088, 0.00023791375861, 0.000240150475292, 0.000201196191483, 0.000166518992046, 0.000146126258187, 0.000115329843538, 9.79898832156e-05, 0.00010400552128, 8.19998676889e-05, 7.62298150221e-05, 0.000111618173833, 0.000144217003253, 2.49882559729e-05]}, "melbands_flatness_db": {"min": 0.00287276715972, "max": 0.520574986935, "dvar2": 0.00288470368832, "median": 0.231102064252, "dmean2": 0.0494597069919, "dmean": 0.0346278101206, "var": 0.00870931800455, "dvar": 0.0014154301025, "mean": 0.240218520164}, "melbands_skewness": {"min": -3.27176427841, "max": 15.2076883316, "dvar2": 3.23866128922, "median": 2.64870429039, "dmean2": 1.49935531616, "dmean": 0.997948825359, "var": 4.12678050995, "dvar": 1.50213599205, "mean": 3.00965356827}, "barkbands_skewness": {"min": -7.2565612793, "max": 16.5547790527, "dvar2": 1.9294615984, "median": 1.75819146633, "dmean2": 1.1062977314, "dmean": 0.740736484528, "var": 2.44416928291, "dvar": 0.878503262997, "mean": 1.94787991047}, "silence_rate_60dB": {"min": 0, "max": 1, "dvar2": 0.128939986229, "median": 0, "dmean2": 0.127787202597, "dmean": 0.0638852640986, "var": 0.168449610472, "dvar": 0.0598054304719, "mean": 0.21444401145}, "spectral_energyband_low": {"min": 1.53027987337e-23, "max": 0.155300661922, "dvar2": 0.000739538460039, "median": 0.00196381285787, "dmean2": 0.00810721796006, "dmean": 0.00491824001074, "var": 0.00023977458477, "dvar": 0.000297630787827, "mean": 0.00550878141075}, "spectral_energyband_middle_low": {"min": 1.68938059085e-22, "max": 0.214037939906, "dvar2": 0.000886982074007, "median": 0.00497929146513, "dmean2": 0.0122668873519, "dmean": 0.00724113872275, "var": 0.000306377594825, "dvar": 0.00033036241075, "mean": 0.0102485911921}, "melbands_kurtosis": {"min": -1.75082111359, "max": 387.636901855, "dvar2": 1313.28674316, "median": 10.9593677521, "dmean2": 19.5259037018, "dmean": 12.4409208298, "var": 912.641662598, "dvar": 562.914306641, "mean": 20.5428600311}, "spectral_decrease": {"min": -5.86089647925e-08, "max": 1.49039773935e-28, "dvar2": 1.20155051404e-16, "median": -2.32446861759e-09, "dmean2": 4.8791721774e-09, "dmean": 3.0136075857e-09, "var": 4.76282391076e-17, "dvar": 4.74927369971e-17, "mean": -4.5416070904e-09}, "erbbands_kurtosis": {"min": -1.85170960426, "max": 168.13899231, "dvar2": 37.9757766724, "median": 0.0922148227692, "dmean2": 2.66633677483, "dmean": 1.71936202049, "var": 27.1689281464, "dvar": 15.9029083252, "mean": 1.66389262676}, "melbands_crest": {"min": 1.51682376862, "max": 34.4110374451, "dvar2": 25.3775730133, "median": 14.5964860916, "dmean2": 5.40535831451, "dmean": 3.39238834381, "var": 33.5515785217, "dvar": 10.449347496, "mean": 15.3310604095}, "gfcc": {"cov": [[25860.3398438, -1883.27270508, -1340.06335449, 119.893600464, -678.287963867, 248.095779419, -623.744018555, 403.851348877, -618.0546875, 278.591522217, -522.609191895, 82.4782409668, -453.936462402], [-1883.27270508, 3496.71411133, 73.0263442993, 391.850158691, 577.895202637, -99.1123275757, 216.980987549, -230.39163208, 222.446624756, -293.624298096, 204.051055908, -221.898132324, 144.826370239], [-1340.06335449, 73.0263442993, 1614.90209961, 359.071990967, 404.512634277, 155.349227905, 8.39971160889, 30.8048210144, -25.607208252, -16.7290935516, -129.165542603, 53.5178565979, -18.4218997955], [119.893600464, 391.850158691, 359.071990967, 654.797119141, 286.274993896, 80.5674514771, -11.4093017578, -22.0308666229, 21.8097438812, -94.0353317261, -58.5489501953, -54.0592575073, 18.8347091675], [-678.287963867, 577.895202637, 404.512634277, 286.274993896, 535.584716797, 71.3603820801, 53.0500411987, -8.90512561798, 27.6165275574, -58.2336082458, -44.1732254028, -37.3925361633, 17.0858268738], [248.095779419, -99.1123275757, 155.349227905, 80.5674514771, 71.3603820801, 236.948532104, 42.8087654114, 26.4875736237, -9.53415775299, 11.4099960327, -9.11893749237, -6.10342645645, -25.3418006897], [-623.744018555, 216.980987549, 8.39971160889, -11.4093017578, 53.0500411987, 42.8087654114, 167.49899292, 29.6005649567, 52.5542144775, 4.31213474274, 45.679523468, -10.6025791168, 13.1812267303], [403.851348877, -230.39163208, 30.8048210144, -22.0308666229, -8.90512561798, 26.4875736237, 29.6005649567, 155.521224976, 43.2936477661, 62.7084007263, -5.36931180954, 27.7227230072, -9.53280639648], [-618.0546875, 222.446624756, -25.607208252, 21.8097438812, 27.6165275574, -9.53415775299, 52.5542144775, 43.2936477661, 147.521408081, 28.1407909393, 50.4451065063, -15.7600450516, 23.8989162445], [278.591522217, -293.624298096, -16.7290935516, -94.0353317261, -58.2336082458, 11.4099960327, 4.31213474274, 62.7084007263, 28.1407909393, 151.119949341, 37.0146217346, 31.6416950226, -16.678155899], [-522.609191895, 204.051055908, -129.165542603, -58.5489501953, -44.1732254028, -9.11893749237, 45.679523468, -5.36931180954, 50.4451065063, 37.0146217346, 142.224365234, 13.2001972198, 27.7084350586], [82.4782409668, -221.898132324, 53.5178565979, -54.0592575073, -37.3925361633, -6.10342645645, -10.6025791168, 27.7227230072, -15.7600450516, 31.6416950226, 13.2001972198, 121.310417175, 37.4248275757], [-453.936462402, 144.826370239, -18.4218997955, 18.8347091675, 17.0858268738, -25.3418006897, 13.1812267303, -9.53280639648, 23.8989162445, -16.678155899, 27.7084350586, 37.4248275757, 105.430221558]], "icov": [[7.70567276049e-05, -9.82598212431e-05, 0.000122384022688, -0.000110175853479, 0.000118025775009, -0.000140667834785, 0.000219539550017, -0.000316724937875, 0.000364170176908, -0.000289392744889, 0.000351443042746, -0.000207453078474, 0.000251738762017], [-9.82598212431e-05, 0.00087551982142, -0.00020666862838, 0.000123473480926, -0.000786051037721, 0.000576699851081, -0.000650902977213, 0.000989896128885, -0.00112441193778, 0.00148298591375, -0.00166803365573, 0.00119617383461, -0.00074377207784], [0.000122384022688, -0.00020666862838, 0.00112618284766, -0.000466091674753, -0.000307068781694, -0.000545092509128, 0.000288667390123, -0.000416779395891, 0.000567059789319, -0.000773679290432, 0.00130207464099, -0.00127942697145, 0.000796866603196], [-0.000110175853479, 0.000123473480926, -0.000466091674753, 0.0025731951464, -0.000989641179331, -0.00044395236182, 0.000561003107578, 0.000285953254206, -0.0011116854148, 0.001453085104, -0.000344359199516, 0.00113370153122, -0.00100579601713], [0.000118025775009, -0.000786051037721, -0.000307068781694, -0.000989641179331, 0.00370682775974, -0.000725557620171, -0.000268018746283, -0.000770262384322, 0.000791404105257, -0.00112631847151, 0.00205962779, -0.000441045762273, 0.000157518617925], [-0.000140667834785, 0.000576699851081, -0.000545092509128, -0.00044395236182, -0.000725557620171, 0.00570049369708, -0.00216395989992, 0.000219468172872, 0.000177439913386, 0.000511358084623, -0.00155511172488, 0.000926320906729, 0.000484946212964], [0.000219539550017, -0.000650902977213, 0.000288667390123, 0.000561003107578, -0.000268018746283, -0.00216395989992, 0.00914757046849, -0.00282195326872, -0.000364697858458, 6.9374582381e-06, -0.000954104121774, 1.52909342432e-05, 0.00024315417977], [-0.000316724937875, 0.000989896128885, -0.000416779395891, 0.000285953254206, -0.000770262384322, 0.000219468172872, -0.00282195326872, 0.0114910425618, -0.00520536582917, -0.00129700347316, 0.000569374940824, -0.00114758242853, -4.54919900221e-05], [0.000364170176908, -0.00112441193778, 0.000567059789319, -0.0011116854148, 0.000791404105257, 0.000177439913386, -0.000364697858458, -0.00520536582917, 0.0129295028746, -0.00374260754324, -0.000354458781658, 0.00136859994382, -0.00101602287032], [-0.000289392744889, 0.00148298591375, -0.000773679290432, 0.001453085104, -0.00112631847151, 0.000511358084623, 6.9374582381e-06, -0.00129700347316, -0.00374260754324, 0.0130907185376, -0.00594460312277, 0.000352900911821, 0.000865658163093], [0.000351443042746, -0.00166803365573, 0.00130207464099, -0.000344359199516, 0.00205962779, -0.00155511172488, -0.000954104121774, 0.000569374940824, -0.000354458781658, -0.00594460312277, 0.0146104292944, -0.00382654787973, 0.00021518325957], [-0.000207453078474, 0.00119617383461, -0.00127942697145, 0.00113370153122, -0.000441045762273, 0.000926320906729, 1.52909342432e-05, -0.00114758242853, 0.00136859994382, 0.000352900911821, -0.00382654787973, 0.0145340552554, -0.00718191219494], [0.000251738762017, -0.00074377207784, 0.000796866603196, -0.00100579601713, 0.000157518617925, 0.000484946212964, 0.00024315417977, -4.54919900221e-05, -0.00101602287032, 0.000865658163093, 0.00021518325957, -0.00718191219494, 0.0148260435089]], "mean": [-87.7580413818, 89.221824646, -100.444259644, 19.4072723389, -53.0787582397, 1.85004925728, -38.1139678955, 4.68908500671, -22.0277748108, 1.36868643761, -16.0585422516, 1.16526055336, -13.4671449661]}, "melbands_spread": {"min": 0.344314545393, "max": 291.504974365, "dvar2": 366.499725342, "median": 12.2615146637, "dmean2": 10.8463602066, "dmean": 7.02334594727, "var": 472.606506348, "dvar": 159.694381714, "mean": 18.5405006409}, "spectral_energy": {"min": 1.00354925164e-20, "max": 0.230814501643, "dvar2": 0.00183792714961, "median": 0.00944638531655, "dmean2": 0.0192808695138, "dmean": 0.0120380055159, "var": 0.00076771172462, "dvar": 0.000731895095669, "mean": 0.0185032300651}, "mfcc": {"cov": [[15318.6806641, -910.081848145, -872.963684082, -11.2402257919, -288.826904297, -86.7339401245, -75.7595977783, -33.2130355835, -68.0720291138, -1.74272441864, -14.8538656235, -118.989585876, -32.5260810852], [-910.081848145, 2693.70996094, 101.585487366, 346.663757324, 343.782409668, 147.00680542, 125.491973877, 80.6309967041, 26.6665763855, -2.90444779396, -9.60121917725, 67.0697784424, -9.06794548035], [-872.963684082, 101.585487366, 971.115478516, 235.233535767, 269.037384033, 154.813491821, 69.9840698242, 73.899017334, 79.0139160156, -27.8098125458, 4.77465629578, -5.24570035934, -47.9234733582], [-11.2402257919, 346.663757324, 235.233535767, 497.816833496, 300.678161621, 117.265686035, 38.50415802, 60.813419342, 80.130859375, -19.0492305756, -39.7019271851, 7.38357686996, -32.908782959], [-288.826904297, 343.782409668, 269.037384033, 300.678161621, 440.15914917, 166.986099243, 72.7841415405, 70.9501953125, 85.944519043, -12.1132030487, -30.443977356, 7.5595035553, -31.5096054077], [-86.7339401245, 147.00680542, 154.813491821, 117.265686035, 166.986099243, 210.044891357, 83.6177749634, 47.2723388672, 27.4742660522, 3.17925071716, 0.0241929851472, -9.54923439026, -28.8727798462], [-75.7595977783, 125.491973877, 69.9840698242, 38.50415802, 72.7841415405, 83.6177749634, 138.779541016, 47.1252326965, 14.8714532852, 18.5089225769, 13.8526792526, -0.677519977093, 1.60475075245], [-33.2130355835, 80.6309967041, 73.899017334, 60.813419342, 70.9501953125, 47.2723388672, 47.1252326965, 123.477058411, 54.2901077271, -0.33457031846, 3.52672529221, 2.93424892426, -3.39323973656], [-68.0720291138, 26.6665763855, 79.0139160156, 80.130859375, 85.944519043, 27.4742660522, 14.8714532852, 54.2901077271, 123.05065918, 33.302986145, -1.344419837, 10.296620369, 0.568889796734], [-1.74272441864, -2.90444779396, -27.8098125458, -19.0492305756, -12.1132030487, 3.17925071716, 18.5089225769, -0.33457031846, 33.302986145, 116.70136261, 58.6281013489, 20.3613529205, 20.2192306519], [-14.8538656235, -9.60121917725, 4.77465629578, -39.7019271851, -30.443977356, 0.0241929851472, 13.8526792526, 3.52672529221, -1.344419837, 58.6281013489, 126.164970398, 44.3350296021, 14.970749855], [-118.989585876, 67.0697784424, -5.24570035934, 7.38357686996, 7.5595035553, -9.54923439026, -0.677519977093, 2.93424892426, 10.296620369, 20.3613529205, 44.3350296021, 95.4460220337, 47.8067588806], [-32.5260810852, -9.06794548035, -47.9234733582, -32.908782959, -31.5096054077, -28.8727798462, 1.60475075245, -3.39323973656, 0.568889796734, 20.2192306519, 14.970749855, 47.8067588806, 119.277099609]], "icov": [[7.22920158296e-05, 2.54022597801e-05, 7.54604261601e-05, -7.12626424502e-05, 3.72521062673e-05, -2.71175631497e-05, 5.69054782318e-06, -2.60457327386e-05, 1.08433059722e-05, 1.51077792907e-05, -4.56290290458e-05, 9.37670483836e-05, 2.9323086892e-07], [2.54022597801e-05, 0.000455712899566, 9.48037632043e-05, -0.000223538212595, -0.000227641532547, 2.54714013863e-05, -0.000268335832516, -0.000134702320793, 0.00029414249002, -6.96329516359e-05, 8.95722623682e-05, -0.000354298186721, 0.000104958242446], [7.54604261601e-05, 9.48037632043e-05, 0.00143286201637, -0.000312170450343, -0.000414578418713, -0.000421005417593, -0.000167418605997, -5.21739930264e-05, -0.000478777365061, 0.000674129230902, -0.000639128149487, 0.000235846688156, 0.000180392264156], [-7.12626424502e-05, -0.000223538212595, -0.000312170450343, 0.00376239954494, -0.00198659487069, -0.000183474781807, 0.000466500496259, -0.00015536826686, -0.000784981355537, 0.000147772399941, 0.000723153876606, -0.000585450441577, 0.000418871350121], [3.72521062673e-05, -0.000227641532547, -0.000414578418713, -0.00198659487069, 0.00548163661733, -0.00239065941423, -0.000432687083958, 6.98448275216e-05, -0.00170150573831, 0.000469557417091, 0.000737701309845, -0.000745930999983, 0.000290282274364], [-2.71175631497e-05, 2.54714013863e-05, -0.000421005417593, -0.000183474781807, -0.00239065941423, 0.00867705885321, -0.00354686449282, -0.000630975526292, 0.000868113478646, -0.000428911356721, -0.000343098916346, 0.000568696705159, 0.00115709670354], [5.69054782318e-06, -0.000268335832516, -0.000167418605997, 0.000466500496259, -0.000432687083958, -0.00354686449282, 0.011027880013, -0.0032544459682, 0.00147294439375, -0.00184535305016, -0.000446199264843, 0.00107046356425, -0.00123848591466], [-2.60457327386e-05, -0.000134702320793, -5.21739930264e-05, -0.00015536826686, 6.98448275216e-05, -0.000630975526292, -0.0032544459682, 0.0122222146019, -0.00558904698119, 0.00287577440031, -0.00154887302779, 0.00044795309077, -0.000269938842393], [1.08433059722e-05, 0.00029414249002, -0.000478777365061, -0.000784981355537, -0.00170150573831, 0.000868113478646, 0.00147294439375, -0.00558904698119, 0.0138913616538, -0.00581121211872, 0.00269169174135, -0.00144319492392, 0.000357640354196], [1.51077792907e-05, -6.96329516359e-05, 0.000674129230902, 0.000147772399941, 0.000469557417091, -0.000428911356721, -0.00184535305016, 0.00287577440031, -0.00581121211872, 0.0141814630479, -0.00671859597787, 0.00148012547288, -0.00168891670182], [-4.56290290458e-05, 8.95722623682e-05, -0.000639128149487, 0.000723153876606, 0.000737701309845, -0.000343098916346, -0.000446199264843, -0.00154887302779, 0.00269169174135, -0.00671859597787, 0.0136302858591, -0.00645633693784, 0.00201388425194], [9.37670483836e-05, -0.000354298186721, 0.000235846688156, -0.000585450441577, -0.000745930999983, 0.000568696705159, 0.00107046356425, 0.00044795309077, -0.00144319492392, 0.00148012547288, -0.00645633693784, 0.0170548390597, -0.00639850459993], [2.9323086892e-07, 0.000104958242446, 0.000180392264156, 0.000418871350121, 0.000290282274364, 0.00115709670354, -0.00123848591466, -0.000269938842393, 0.000357640354196, -0.00168891670182, 0.00201388425194, -0.00639850459993, 0.0115420743823]], "mean": [-732.719360352, 126.785095215, 7.52756547928, 21.0174446106, 4.17664527893, -0.48112270236, -4.45219182968, 0.491864830256, -4.03059673309, -2.12121558189, 0.58782607317, -0.992526531219, -0.295255303383]}, "spectral_contrast_valleys": {"min": [-28.092830658, -28.0096092224, -27.7262973785, -27.8986988068, -27.4761562347, -27.3512363434], "max": [-4.92098665237, -4.78488922119, -5.29194879532, -5.13237953186, -5.097864151, -7.30325937271], "dvar2": [0.610003829002, 0.526321589947, 0.560629367828, 0.542359113693, 0.675453782082, 0.714849114418], "median": [-7.61640071869, -7.25724840164, -8.3553352356, -8.77702617645, -8.56385421753, -11.0057897568], "dmean2": [0.721720814705, 0.697261095047, 0.724927961826, 0.678017318249, 0.645222008228, 0.624188899994], "dmean": [0.49158513546, 0.45543000102, 0.487522542477, 0.4804225564, 0.486825972795, 0.529718160629], "var": [4.9655380249, 4.3025636673, 4.07305908203, 4.12770795822, 4.63503074646, 4.69256687164], "dvar": [0.354158848524, 0.265051215887, 0.301299542189, 0.311743170023, 0.383899748325, 0.44214245677], "mean": [-8.28050231934, -7.55691432953, -8.53220748901, -8.94646644592, -8.81509304047, -11.2186012268]}, "barkbands_flatness_db": {"min": 0.0180368777364, "max": 0.399082750082, "dvar2": 0.0019255776424, "median": 0.152622655034, "dmean2": 0.0410870015621, "dmean": 0.029084937647, "var": 0.00502045685425, "dvar": 0.000947016349528, "mean": 0.160724624991}, "dynamic_complexity": 5.92978715897, "erbbands_flatness_db": {"min": 0.0325887426734, "max": 0.438470393419, "dvar2": 0.00126649183221, "median": 0.161479845643, "dmean2": 0.0330945514143, "dmean": 0.0252366922796, "var": 0.00387661252171,