{"lowlevel": {"spectral_complexity": {"min": 0, "max": 61, "dvar2": 38.3995475769, "median": 19, "dmean2": 5.83191013336, "dmean": 4.07981586456, "var": 134.580078125, "dvar": 22.6879940033, "mean": 20.6406707764}, "silence_rate_20dB": {"min": 1, "max": 1, "dvar2": 0, "median": 1, "dmean2": 0, "dmean": 0, "var": 0, "dvar": 0, "mean": 1}, "average_loudness": 0.936214566231, "erbbands_spread": {"min": 2.26289224625, "max": 165.810501099, "dvar2": 256.283050537, "median": 39.2177085876, "dmean2": 13.8207855225, "dmean": 9.10747337341, "var": 401.121337891, "dvar": 119.409416199, "mean": 42.9878692627}, "spectral_kurtosis": {"min": -1.32269620895, "max": 52.5444335938, "dvar2": 7.45772218704, "median": 3.55332899094, "dmean2": 1.68272161484, "dmean": 1.04063022137, "var": 6.77178812027, "dvar": 2.88838791847, "mean": 3.96772551537}, "barkbands_kurtosis": {"min": -1.92890536785, "max": 352.392822266, "dvar2": 312.738647461, "median": 1.10653686523, "dmean2": 6.46225738525, "dmean": 3.87658023834, "var": 144.26651001, "dvar": 120.303924561, "mean": 4.24399375916}, "spectral_strongpeak": {"min": 0, "max": 10.7698564529, "dvar2": 2.44852948189, "median": 0.321030139923, "dmean2": 0.95665204525, "dmean": 0.55266469717, "var": 1.46710157394, "dvar": 0.961075127125, "mean": 0.789847195148}, "spectral_spread": {"min": 1568410.75, "max": 41961712, "dvar2": 1360248045570.0, "median": 5289589.5, "dmean2": 872963.8125, "dmean": 627746.625, "var": 5261680443390.0, "dvar": 718708408320, "mean": 5650681}, "spectral_rms": {"min": 3.18764047276e-12, "max": 0.0121524780989, "dvar2": 4.59571310785e-06, "median": 0.00468215672299, "dmean2": 0.00162528757937, "dmean": 0.00104634009767, "var": 4.06075650972e-06, "dvar": 2.00275121642e-06, "mean": 0.00482772476971}, "erbbands": {"min": [2.68687311739e-22, 2.01057233874e-21, 6.44866774372e-21, 1.87189793242e-20, 1.50904643255e-20, 4.07434176126e-20, 5.98276084864e-20, 1.93584148178e-19, 4.34981196917e-19, 2.51366694771e-19, 3.83853447599e-19, 6.50481909015e-19, 4.95210905654e-19, 1.26231214955e-18, 9.62709399631e-19, 2.10536780562e-18, 2.39987264142e-18, 2.08730011309e-18, 3.5288827741e-18, 3.42063564439e-18, 3.55581122535e-18, 6.55186478069e-18, 6.56291343213e-18, 9.40249419408e-18, 7.35918602751e-18, 1.02489696216e-17, 8.6110304132e-18, 1.15961846232e-17, 1.44940340554e-17, 1.28334987542e-17, 1.30341967591e-17, 1.4312921206e-17, 1.12603526032e-17, 1.03937278832e-17, 7.2403491248e-18, 4.85745932854e-18, 2.58869171228e-18, 1.11314853084e-18, 2.92660455679e-19, 2.88744001047e-20], "max": [3.778424263, 26.5021934509, 40.0606002808, 67.9996490479, 280.967773438, 164.782028198, 223.700027466, 302.653320312, 371.600463867, 1208.7467041, 1312.11181641, 1335.1484375, 1200.46813965, 1605.94995117, 2083.04370117, 1660.75170898, 1471.01245117, 976.593261719, 934.420043945, 719.706176758, 852.28918457, 415.423065186, 544.928283691, 626.373901367, 394.74432373, 489.699798584, 331.904724121, 244.229537964, 259.103363037, 451.559936523, 650.087097168, 258.64666748, 143.444580078, 72.3624572754, 31.1460189819, 15.4992103577, 3.19595694542, 0.787476122379, 0.15035700798, 0.00668413331732], "dvar2": [0.584390640259, 33.4935569763, 58.7401313782, 87.5520401001, 1078.57177734, 235.7527771, 624.576599121, 437.130432129, 1199.27270508, 2822.36401367, 6137.61621094, 6364.13867188, 4868.02148438, 4677.06298828, 3590.47998047, 3890.15991211, 4677.18652344, 2454.09643555, 4332.09960938, 2367.63745117, 1965.4152832, 957.258728027, 995.64239502, 1760.7767334, 457.174224854, 388.943023682, 247.725204468, 301.634552002, 248.728851318, 260.423065186, 226.00680542, 67.3842544556, 19.9545917511, 13.2937030792, 11.081404686, 3.03496432304, 0.101982876658, 0.00633766455576, 0.000122379817185, 5.11717701102e-07], "median": [0.117385849357, 0.705109059811, 1.47404766083, 2.01433587074, 3.03393626213, 4.68312883377, 7.14390850067, 7.72021722794, 8.57259464264, 9.9509935379, 12.6840133667, 12.4491891861, 11.3540277481, 11.7914857864, 9.38510227203, 9.89250087738, 9.58716964722, 10.6765813828, 14.1581573486, 11.6813354492, 12.358417511, 9.60789108276, 11.3522634506, 13.0738363266, 9.03930282593, 7.22890472412, 6.0739941597, 4.31147432327, 3.3833334446, 2.62160730362, 1.90578699112, 1.5267418623, 1.06691086292, 0.672222018242, 0.402530819178, 0.176787704229, 0.0548917278647, 0.013472661376, 0.00196234509349, 0.000163403223269], "dmean2": [0.417611539364, 2.79111361504, 4.01359462738, 5.22568559647, 12.6056718826, 9.38930511475, 15.7406415939, 12.8108282089, 16.8141441345, 21.2291603088, 31.548034668, 29.391160965, 27.0355014801, 26.7819366455, 20.7404937744, 26.7637233734, 26.3550376892, 23.6442432404, 31.8708686829, 22.2391376495, 22.5818862915, 15.8900661469, 17.3946247101, 22.8429336548, 12.1061115265, 10.4570131302, 8.41025733948, 7.89531135559, 6.39772701263, 4.77470016479, 3.65894246101, 2.77720499039, 1.78566145897, 1.51146578789, 1.47960460186, 0.743299245834, 0.139451771975, 0.0330741815269, 0.00463110068813, 0.000307230657199], "dmean": [0.243884474039, 1.62301695347, 2.303596735, 2.98326778412, 7.16998195648, 5.48540401459, 9.47200679779, 7.93962240219, 10.4575910568, 13.4077634811, 19.7396640778, 18.5354404449, 17.4324741364, 17.5723018646, 13.8046216965, 17.1253318787, 16.9174118042, 15.0524072647, 20.2009067535, 14.4669094086, 14.5530157089, 10.2053174973, 11.1884212494, 14.6435165405, 7.92639493942, 6.7975025177, 5.44187688828, 5.12086343765, 4.20779895782, 3.10125923157, 2.40934514999, 1.88526344299, 1.23302674294, 1.0448551178, 0.990824580193, 0.497809112072, 0.0979229211807, 0.0235658548772, 0.00336495041847, 0.000224370407523], "var": [0.194210872054, 10.9734363556, 19.8646144867, 28.9995269775, 291.561462402, 102.876159668, 398.660949707, 293.018951416, 586.292602539, 1414.04541016, 3099.40844727, 3834.3984375, 4116.55761719, 3834.32861328, 3086.71972656, 3236.10888672, 3142.49926758, 2005.96276855, 4061.82788086, 2344.05322266, 2294.17871094, 845.483276367, 1218.21325684, 1863.46826172, 613.20489502, 438.553771973, 274.33883667, 263.458190918, 209.915283203, 149.725204468, 116.778968811, 48.5498008728, 16.5932769775, 10.9590911865, 8.55056476593, 2.22489404678, 0.0892693400383, 0.00525356596336, 0.000140299249324, 5.51990979147e-07], "dvar": [0.217274904251, 12.9927005768, 21.9342746735, 31.8984012604, 391.855010986, 86.4875259399, 246.071044922, 176.251556396, 463.688079834, 1107.30444336, 2460.54711914, 2534.64770508, 2069.13305664, 1990.74926758, 1621.08288574, 1591.18286133, 1959.13525391, 1059.6829834, 1902.44396973, 1033.40722656, 886.857666016, 411.511260986, 438.46762085, 745.43371582, 219.352508545, 178.509719849, 112.215965271, 130.530197144, 111.624031067, 111.049247742, 95.8375320435, 30.912279129, 9.10712623596, 6.1263833046, 5.01516246796, 1.3664150238, 0.0493305511773, 0.00308025209233, 6.80335288052e-05, 2.72390337841e-07], "mean": [0.26882109046, 1.7159832716, 2.93537998199, 3.63252210617, 7.49632263184, 7.8124871254, 14.1438207626, 13.3829679489, 16.4705142975, 21.2285900116, 29.7196788788, 30.4279193878, 29.5729351044, 30.3235607147, 23.8652172089, 27.9779491425, 26.3909301758, 25.5017147064, 34.9385604858, 27.4633159637, 27.6904067993, 19.1513442993, 23.1346092224, 28.6241874695, 16.9264621735, 14.0853834152, 11.4673709869, 10.2447328568, 8.18718719482, 5.81632471085, 4.53183555603, 3.64763188362, 2.5022854805, 1.9339902401, 1.61315643787, 0.793681919575, 0.171769201756, 0.0403005667031, 0.00597095675766, 0.000429628911661]}, "zerocrossingrate": {"min": 0.00244140625, "max": 0.5166015625, "dvar2": 0.000313596363412, "median": 0.06982421875, "dmean2": 0.0154933612794, "dmean": 0.0136071396992, "var": 0.00252750958316, "dvar": 0.000282758177491, "mean": 0.0796245485544}, "spectral_contrast_coeffs": {"min": [-0.970904886723, -0.976324021816, -0.969683647156, -0.964390873909, -0.965321958065, -0.965714514256], "max": [-0.285698622465, -0.36168846488, -0.428319960833, -0.506813764572, -0.537899374962, -0.525227487087], "dvar2": [0.00571371801198, 0.00402096891776, 0.00267267716117, 0.00175930047408, 0.000932976137847, 0.000652383023407], "median": [-0.701961100101, -0.746062159538, -0.769972085953, -0.785483837128, -0.787258684635, -0.772610247135], "dmean2": [0.0874748826027, 0.0798362642527, 0.065473601222, 0.0521506667137, 0.0365671701729, 0.0279486235231], "dmean": [0.053096704185, 0.0489541143179, 0.0414538346231, 0.0328016243875, 0.0234279260039, 0.0177552625537], "var": [0.00611193524674, 0.00456997845322, 0.00506712915376, 0.00374016165733, 0.00225156545639, 0.00136362586636], "dvar": [0.00218677846715, 0.00156404892914, 0.00114899803884, 0.000776303524617, 0.000421702221502, 0.000288556184387], "mean": [-0.691658496857, -0.739591360092, -0.760899662971, -0.776738345623, -0.784333884716, -0.769716978073]}, "dissonance": {"min": 0.206195443869, "max": 0.500000119209, "dvar2": 0.00073703750968, "median": 0.473764419556, "dmean2": 0.0287820138037, "dmean": 0.0173370037228, "var": 0.00062868790701, "dvar": 0.000284004228888, "mean": 0.467916280031}, "spectral_energyband_high": {"min": 7.26894576024e-21, "max": 0.043991625309, "dvar2": 2.98502800433e-06, "median": 0.000681984936818, "dmean2": 0.00076334172627, "dmean": 0.000556831015274, "var": 3.29920044351e-06, "dvar": 1.47737921452e-06, "mean": 0.00132218271028}, "spectral_skewness": {"min": -0.169723108411, "max": 5.45578193665, "dvar2": 0.10283587873, "median": 1.50406861305, "dmean2": 0.264540910721, "dmean": 0.169483885169, "var": 0.16782464087, "dvar": 0.0447725728154, "mean": 1.52141284943}, "spectral_flux": {"min": 6.4611982431e-11, "max": 0.369146943092, "dvar2": 0.00457278545946, "median": 0.0826865583658, "dmean2": 0.052183162421, "dmean": 0.0330759324133, "var": 0.0032811043784, "dvar": 0.00197057006881, "mean": 0.0958779379725}, "silence_rate_30dB": {"min": 0, "max": 1, "dvar2": 0.00574218062684, "median": 1, "dmean2": 0.00383766670711, "dmean": 0.00191864930093, "var": 0.000958342454396, "dvar": 0.00191507046111, "mean": 0.999040782452}, "spectral_energyband_middle_high": {"min": 1.23586872259e-21, "max": 0.0667645856738, "dvar2": 1.78926147782e-05, "median": 0.00376069010235, "dmean2": 0.00268612895161, "dmean": 0.00186682620551, "var": 3.67568245565e-05, "dvar": 8.60735326569e-06, "mean": 0.00568664912134}, "barkbands_spread": {"min": 0.341702014208, "max": 112.716392517, "dvar2": 153.432022095, "median": 27.3282318115, "dmean2": 11.022810936, "dmean": 7.17052507401, "var": 277.033935547, "dvar": 71.1986618042, "mean": 29.1547718048}, "spectral_centroid": {"min": 139.778717041, "max": 11814.1474609, "dvar2": 226495.65625, "median": 1504.73461914, "dmean2": 430.796569824, "dmean": 280.287139893, "var": 596273.875, "dvar": 108702.179688, "mean": 1552.98498535}, "pitch_salience": {"min": 0.102656967938, "max": 0.856334447861, "dvar2": 0.0198617167771, "median": 0.565302908421, "dmean2": 0.143962949514, "dmean": 0.0865308642387, "var": 0.0135992122814, "dvar": 0.00722062028944, "mean": 0.556086838245}, "erbbands_skewness": {"min": -4.3768901825, "max": 5.03946304321, "dvar2": 0.275355070829, "median": 0.272666215897, "dmean2": 0.523640096188, "dmean": 0.342377185822, "var": 0.59303188324, "dvar": 0.124535888433, "mean": 0.303511232138}, "erbbands_crest": {"min": 2.20474338531, "max": 32.5467605591, "dvar2": 15.4234972, "median": 7.37409830093, "dmean2": 4.12436103821, "dmean": 2.55733680725, "var": 18.006603241, "dvar": 6.46826457977, "mean": 8.4310798645}, "melbands": {"min": [2.87288646362e-24, 3.35698219938e-24, 3.21424728491e-24, 2.13580264113e-24, 2.3246411507e-24, 5.14382038617e-24, 6.79416394269e-24, 3.45966349025e-24, 3.03878805351e-24, 3.82638125926e-24, 1.58677566566e-24, 4.48727314843e-24, 2.66004567772e-24, 4.70042730933e-24, 6.26533999082e-24, 5.37825367556e-24, 3.68987440164e-24, 5.35765533403e-24, 2.72010658882e-24, 5.81417545077e-24, 3.05483407597e-24, 5.7597815192e-24, 5.51093258564e-24, 5.43602274851e-24, 6.90148846885e-24, 6.04177483813e-24, 4.17760619452e-24, 5.04362519045e-24, 5.09651949744e-24, 5.6539380794e-24, 7.42025128873e-24, 7.31737830466e-24, 6.93120722573e-24, 6.49894379296e-24, 7.24604713503e-24, 7.64865728636e-24, 7.70926546971e-24, 6.00928086858e-24, 7.37960207514e-24, 7.60702357437e-24], "max": [0.0332588031888, 0.026269223541, 0.0164379905909, 0.0162721350789, 0.00658873515204, 0.00637211464345, 0.00720667466521, 0.01671397686, 0.011656540446, 0.00910075381398, 0.00610769633204, 0.00728556839749, 0.00766171049327, 0.00528837507591, 0.00296624493785, 0.00360336666927, 0.0017281883629, 0.00189959758427, 0.00168337381911, 0.00132153579034, 0.00106997950934, 0.000620366539806, 0.000402145989938, 0.000538540247362, 0.000572947785258, 0.000351716415025, 0.000339004269335, 0.000392800400732, 0.000321654399158, 0.000169595441548, 0.000156584210345, 0.000176039917278, 0.000264207686996, 0.000267441326287, 0.000430083397077, 0.000254125799984, 0.000159688628628, 0.000116635259474, 6.18791818852e-05, 5.90810559515e-05], "dvar2": [4.96331886097e-05, 2.57307783613e-05, 5.65467553315e-06, 2.85081614493e-06, 5.79509332965e-07, 2.23841567504e-07, 2.868962099e-07, 4.34304809005e-07, 3.70210187839e-07, 2.55893894519e-07, 1.28016324652e-07, 9.20481468825e-08, 4.62363693998e-08, 4.14668157589e-08, 1.93041547192e-08, 2.19459224127e-08, 1.05877093759e-08, 1.50039802804e-08, 8.81397799191e-09, 5.97577676231e-09, 3.1859623828e-09, 1.57478952101e-09, 7.73414721156e-10, 1.1295998581e-09, 1.57258217559e-09, 3.10125147784e-10, 3.43433448347e-10, 2.02357491874e-10, 1.29322358378e-10, 1.106053929e-10, 1.30344263161e-10, 9.0894680671e-11, 8.83098941196e-11, 9.68288574321e-11, 9.72732450144e-11, 4.58836128814e-11, 2.50198386315e-11, 1.26602079514e-11, 7.63390739511e-12, 1.11976591194e-11], "median": [0.00105712958612, 0.000916236254852, 0.000418428855482, 0.000282010762021, 0.000259363441728, 0.00018119730521, 0.000132426561322, 0.000110360677354, 9.53287308221e-05, 7.06754944986e-05, 5.1569644711e-05, 4.28026214649e-05, 2.87386174023e-05, 2.63955698756e-05, 1.98162069864e-05, 1.95740249183e-05, 1.67798825714e-05, 2.03061626962e-05, 1.59495903063e-05, 1.27394605443e-05, 1.38377699841e-05, 9.89789896266e-06, 7.52182359065e-06, 1.05204808278e-05, 9.96133348963e-06, 5.56980830879e-06, 5.56240092919e-06, 4.03127796744e-06, 3.52561801265e-06, 3.24943835039e-06, 2.22342964662e-06, 1.96804830921e-06, 1.55534303303e-06, 1.30611704208e-06, 1.11682800252e-06, 9.25833944621e-07, 9.05384581529e-07, 7.49374635234e-07, 6.30296938198e-07, 5.31953787686e-07], "dmean2": [0.00362803949974, 0.00256502605043, 0.00116416066885, 0.000760588911362, 0.000500218942761, 0.000293890130706, 0.000262690591626, 0.000247596763074, 0.000243367379881, 0.000188632329809, 0.000136829228722, 0.000112805326353, 7.05524726072e-05, 7.86131931818e-05, 5.51109587832e-05, 6.26091787126e-05, 4.77471367049e-05, 5.6184042478e-05, 4.10853608628e-05, 3.35922450176e-05, 2.88863502647e-05, 2.02921801247e-05, 1.45959111251e-05, 1.82419698831e-05, 2.1013956939e-05, 9.44044859352e-06, 1.00413199107e-05, 7.12417477189e-06, 5.78048957323e-06, 5.4009365158e-06, 5.18468141308e-06, 4.06467961511e-06, 3.13716759592e-06, 2.7443277304e-06, 2.37407061832e-06, 1.9261867692e-06, 1.85213150417e-06, 1.42101077927e-06, 1.12591158086e-06, 1.44415378145e-06], "dmean": [0.00212679267861, 0.00148866022937, 0.00066492712358, 0.000438076764112, 0.000299458391964, 0.00018230167916, 0.000163316071848, 0.000156135356519, 0.000153214466991, 0.000118919451779, 8.81666492205e-05, 7.41209369153e-05, 4.64725744678e-05, 5.09747333126e-05, 3.53853793058e-05, 3.97746262024e-05, 2.99969487969e-05, 3.52950228262e-05, 2.62696066784e-05, 2.1660946004e-05, 1.8309101506e-05, 1.28141591631e-05, 9.30441728997e-06, 1.15974780783e-05, 1.3373440197e-05, 6.12527628618e-06, 6.49997900837e-06, 4.54282917417e-06, 3.71438864022e-06, 3.41643954016e-06, 3.31098863171e-06, 2.65840594693e-06, 2.01752072826e-06, 1.7670207626e-06, 1.51903770984e-06, 1.28551846501e-06, 1.23351696857e-06, 9.56530016083e-07, 7.61620412959e-07, 9.83957875178e-07], "var": [1.65285546245e-05, 8.94456297829e-06, 1.70580256054e-06, 8.64007802193e-07, 3.64635894812e-07, 1.4818380123e-07, 1.43880185988e-07, 1.93615434796e-07, 1.90181410176e-07, 1.57575385629e-07, 1.07712054387e-07, 7.09975225277e-08, 3.49581803505e-08, 3.13393542228e-08, 1.31887780697e-08, 1.50987826686e-08, 8.15272827026e-09, 1.2967207752e-08, 8.04684940903e-09, 6.78985223601e-09, 3.05314840077e-09, 1.26090993202e-09, 7.71604113936e-10, 1.19076737359e-09, 1.54516610618e-09, 3.62947893962e-10, 3.94380444968e-10, 1.93158003481e-10, 1.30760527406e-10, 9.25576282285e-11, 1.06192735161e-10, 8.16448020302e-11, 5.11876825648e-11, 5.13930981105e-11, 4.54706723663e-11, 2.80781248946e-11, 1.75089855808e-11, 9.32954841854e-12, 5.81081103374e-12, 9.15295617077e-12], "dvar": [1.88379417523e-05, 1.00166025732e-05, 2.07524090001e-06, 1.04217440366e-06, 2.24692399797e-07, 8.93333194085e-08, 1.10701911638e-07, 1.68177990645e-07, 1.49140063854e-07, 1.03063563017e-07, 5.47007950047e-08, 3.9624019621e-08, 1.99855794136e-08, 1.75369851974e-08, 7.92767540503e-09, 9.29143162409e-09, 4.59769067263e-09, 6.4558189905e-09, 3.82696851986e-09, 2.63313926219e-09, 1.38288414053e-09, 6.61724952611e-10, 3.3558719692e-10, 4.75538608491e-10, 6.61060206575e-10, 1.43856607182e-10, 1.60093882595e-10, 9.06540467693e-11, 5.79376234489e-11, 4.66812109801e-11, 5.53984635943e-11, 4.1064790457e-11, 3.75426634225e-11, 4.06246182527e-11, 4.01787075832e-11, 2.06704861561e-11, 1.11407801387e-11, 5.55640602973e-12, 3.39887406414e-12, 5.13906408747e-12], "mean": [0.00237763975747, 0.00182464485988, 0.000779386260547, 0.000538175343536, 0.000464924552944, 0.000310402305331, 0.000259249209194, 0.00024300190853, 0.000229885641602, 0.000189824262634, 0.000143955374369, 0.000121616598335, 7.73929568822e-05, 7.97730899649e-05, 5.50272670807e-05, 5.85042726016e-05, 4.62633215648e-05, 5.63168759982e-05, 4.38086462964e-05, 3.67748725694e-05, 3.20346589433e-05, 2.15705367737e-05, 1.69417398865e-05, 2.28469234571e-05, 2.41906691372e-05, 1.15993780128e-05, 1.21971015687e-05, 8.54880363477e-06, 7.22923141439e-06, 6.42824670649e-06, 6.03615035288e-06, 4.98800227433e-06, 3.48896219293e-06, 3.1118181596e-06, 2.67473546955e-06, 2.30249020206e-06, 2.23086408369e-06, 1.82564269835e-06, 1.44148862091e-06, 1.71374733782e-06]}, "spectral_entropy": {"min": 5.5742149353, "max": 9.81141376495, "dvar2": 0.0568370819092, "median": 7.80826044083, "dmean2": 0.215737253428, "dmean": 0.148759275675, "var": 0.165766105056, "dvar": 0.0292823649943, "mean": 7.7742228508}, "spectral_rolloff": {"min": 43.06640625, "max": 19530.6152344, "dvar2": 2730884, "median": 1399.65820312, "dmean2": 1088.00976562, "dmean": 672.520446777, "var": 4043985.25, "dvar": 1312672.5, "mean": 1887.4140625}, "barkbands": {"min": [3.85292011783e-24, 8.1274177586e-24, 5.43549302841e-24, 2.74390119752e-24, 1.71544730039e-23, 1.27231730866e-23, 2.890964434e-23, 1.00953874811e-23, 3.05954874261e-23, 2.20545756023e-23, 1.77918978589e-23, 3.99018278309e-23, 4.65288652799e-23, 4.35718706638e-23, 2.93965229798e-23, 6.40629081747e-23, 1.02689646482e-22, 1.31456500687e-22, 2.00933323389e-22, 2.17637105958e-22, 2.79791721738e-22, 3.84233346249e-22, 4.06316099963e-22, 6.80676041052e-22, 1.0483109713e-21, 1.54396462215e-21, 2.2703730882e-21], "max": [0.0184258855879, 0.117905423045, 0.0436504259706, 0.0335846021771, 0.0641060099006, 0.0312044508755, 0.0428421981633, 0.0834075808525, 0.0489290840924, 0.0504998266697, 0.0484066940844, 0.0377415195107, 0.0314305201173, 0.0209983233362, 0.0169247034937, 0.0157323870808, 0.010685460642, 0.00869675911963, 0.00905652251095, 0.012502880767, 0.00480805104598, 0.00973095744848, 0.0218156743795, 0.00996670871973, 0.0052518825978, 0.00230986950919, 0.00071791926166], "dvar2": [1.98159364118e-06, 0.000657036202028, 3.12277879857e-05, 2.75452966889e-05, 4.29492538387e-05, 7.34055902285e-06, 7.25095969756e-06, 1.48363769767e-05, 8.94730419532e-06, 6.19446245764e-06, 2.36243749896e-06, 2.50845755545e-06, 2.22775861403e-06, 1.60894921919e-06, 1.44706802985e-06, 8.9242314516e-07, 4.55147954881e-07, 4.67887815603e-07, 3.18549524536e-07, 1.94937058495e-07, 1.58346011858e-07, 1.82232625434e-07, 2.85032427882e-07, 9.11696744765e-08, 1.48239351461e-07, 6.09895067782e-08, 4.61082771963e-09], "median": [0.000282390799839, 0.00367204518989, 0.00116104329936, 0.000632837065496, 0.00154292781372, 0.00105419161264, 0.000606092857197, 0.000513734878041, 0.000454474473372, 0.000328841677401, 0.000222264265176, 0.000197970497538, 0.000193090556422, 0.000174952700036, 0.000238202264882, 0.000172837040736, 0.000179183742148, 0.00021923748136, 0.000189718892216, 0.00016007135855, 0.000131690627313, 9.60611941991e-05, 6.73870381434e-05, 6.99127122061e-05, 5.8098914451e-05, 3.38608151651e-05, 1.25868300529e-05], "dmean2": [0.000891356205102, 0.012774636969, 0.0030651895795, 0.00249304063618, 0.003333077766, 0.00172833981924, 0.0013112758752, 0.0014473820338, 0.00118205044419, 0.000925251108129, 0.000587182410527, 0.000643499777652, 0.000602674030233, 0.000564787187614, 0.000575538375415, 0.000441943178885, 0.000362133083399, 0.000388486281736, 0.000318395497743, 0.000245840521529, 0.000201706352527, 0.000169598381035, 0.000131545064505, 0.00011566082685, 0.000170010811416, 0.000104768987512, 2.86800986942e-05], "dmean": [0.000508491531946, 0.0074730287306, 0.00175912166014, 0.00141075113788, 0.00193787796889, 0.00106565805618, 0.000810747325886, 0.000904065847863, 0.000747156096622, 0.000605252978858, 0.000381724006729, 0.000412725465139, 0.000382047815947, 0.000353499897756, 0.000367685395759, 0.000284447829472, 0.000228806282394, 0.000247248128289, 0.000203381918254, 0.000159846560564, 0.000130567612359, 0.000112239722512, 8.69587820489e-05, 7.99484405434e-05, 0.000117006879009, 7.23508928786e-05, 2.07752837014e-05], "var": [1.91877870748e-06, 0.000216326865484, 1.08189542516e-05, 7.96467793407e-06, 1.49368643179e-05, 4.75384331367e-06, 3.90151762986e-06, 6.5566559897e-06, 5.60811986361e-06, 4.911069027e-06, 2.0370234779e-06, 2.00685644813e-06, 1.46164359194e-06, 1.20035554119e-06, 1.3354613202e-06, 1.06161462554e-06, 3.88864350498e-07, 4.92325568757e-07, 3.65798086932e-07, 2.33765788948e-07, 1.49104536717e-07, 1.47178155885e-07, 1.54074783154e-07, 7.58454703487e-08, 1.3008444455e-07, 4.83613860069e-08, 4.72596672907e-09], "dvar": [6.75408216466e-07, 0.000251658377238, 1.13779187814e-05, 1.00341649159e-05, 1.57795384439e-05, 2.91139235742e-06, 2.80793824459e-06, 5.7915067373e-06, 3.64265770258e-06, 2.6850575523e-06, 1.0167112805e-06, 1.05783908566e-06, 9.15264649848e-07, 6.91052377988e-07, 6.41001008717e-07, 3.99030568587e-07, 1.92718133007e-07, 2.03161420131e-07, 1.39000349009e-07, 9.22883813814e-08, 6.84604160028e-08, 8.11486913221e-08, 1.2238425029e-07, 4.24283754796e-08, 6.97684114925e-08, 2.84989010169e-08, 2.43806819178e-09], "mean": [0.000736194138881, 0.00824812520295, 0.00224599218927, 0.00145687465556, 0.00264418520965, 0.00178515166044, 0.00124974700157, 0.00129977869801, 0.00118997320533, 0.000959463708568, 0.000630180642474, 0.000638878205791, 0.000570492935367, 0.000524196191691, 0.000619308149908, 0.000492026738357, 0.000387089909054, 0.000471873703646, 0.000397794792661, 0.000322029722156, 0.000267923576757, 0.000220124726184, 0.000163249787875, 0.000163361590239, 0.000207495351788, 0.00012152436102, 3.72319809685e-05]}, "melbands_flatness_db": {"min": 0.00357578089461, "max": 0.562981903553, "dvar2": 0.00269760005176, "median": 0.167273953557, "dmean2": 0.046929422766, "dmean": 0.0300294645131, "var": 0.00461585121229, "dvar": 0.00119290349539, "mean": 0.177944853902}, "melbands_skewness": {"min": -3.27882361412, "max": 21.7373142242, "dvar2": 3.84510850906, "median": 2.26238298416, "dmean2": 1.44594466686, "dmean": 0.921596467495, "var": 3.26337575912, "dvar": 1.65850889683, "mean": 2.61882448196}, "barkbands_skewness": {"min": -5.45688438416, "max": 17.4645786285, "dvar2": 1.86379444599, "median": 1.26253676414, "dmean2": 1.01746964455, "dmean": 0.648584604263, "var": 1.79235720634, "dvar": 0.798857152462, "mean": 1.46625220776}, "silence_rate_60dB": {"min": 0, "max": 1, "dvar2": 0.0457678511739, "median": 0, "dmean2": 0.0436534583569, "dmean": 0.0218726024032, "var": 0.0460973121226, "dvar": 0.0213905349374, "mean": 0.0484412461519}, "spectral_energyband_low": {"min": 4.25580992036e-23, "max": 0.136212393641, "dvar2": 0.000813505146652, "median": 0.0067482739687, "dmean2": 0.0150447096676, "dmean": 0.0088884755969, "var": 0.00030210101977, "dvar": 0.00032024650136, "mean": 0.0117345498875}, "spectral_energyband_middle_low": {"min": 2.22083605648e-22, "max": 0.113696143031, "dvar2": 0.000222412345465, "median": 0.00766357174143, "dmean2": 0.00824096985161, "dmean": 0.00497766863555, "var": 9.71730332822e-05, "dvar": 8.45141767059e-05, "mean": 0.00999859813601}, "melbands_kurtosis": {"min": -1.91937053204, "max": 922.455200195, "dvar2": 2052.35913086, "median": 6.72072792053, "dmean2": 17.5863685608, "dmean": 10.6251916885, "var": 927.988037109, "dvar": 817.489746094, "mean": 14.4491729736}, "spectral_decrease": {"min": -3.88391825368e-08, "max": 1.43173692251e-28, "dvar2": 6.47433868399e-17, "median": -5.44347633635e-09, "dmean2": 5.23592458279e-09, "dmean": 3.21014637095e-09, "var": 3.29127919633e-17, "dvar": 2.61751130521e-17, "mean": -6.83357326281e-09}, "erbbands_kurtosis": {"min": -1.84610998631, "max": 38.6591110229, "dvar2": 4.93288612366, "median": -0.251976728439, "dmean2": 1.32781481743, "dmean": 0.843885540962, "var": 4.94207191467, "dvar": 2.16761922836, "mean": 0.33493539691}, "melbands_crest": {"min": 1.73580515385, "max": 37.2824783325, "dvar2": 32.1224441528, "median": 12.8553438187, "dmean2": 6.36729240417, "dmean": 3.8663020134, "var": 28.662689209, "dvar": 12.1318836212, "mean": 13.7164974213}, "gfcc": {"cov": [[7574.68701172, -894.879821777, -341.102325439, 17.1638469696, 117.055847168, 219.441146851, 25.3124275208, 175.91078186, -98.6094207764, 44.1946716309, -162.904373169, 48.308013916, -119.946723938], [-894.879821777, 1489.8203125, -212.722366333, 62.4036903381, 104.642684937, -115.123512268, 42.9923820496, -74.2275085449, 76.296875, -72.2476730347, 90.2366867065, -58.665184021, 38.8781852722], [-341.102325439, -212.722366333, 917.648681641, 52.6403236389, 1.81883347034, 123.852561951, 3.58522391319, -1.81418597698, 1.28874945641, 56.6947555542, -23.5061340332, 60.5303382874, 1.15554904938], [17.1638469696, 62.4036903381, 52.6403236389, 291.521362305, 70.3211669922, 31.6359596252, 19.056224823, 2.56917309761, 23.5904693604, -4.99298381805, 0.578515410423, -5.6316409111, 10.4883041382], [117.055847168, 104.642684937, 1.81883347034, 70.3211669922, 248.202392578, 40.366771698, 42.0389022827, 36.5319595337, 23.9894008636, -0.508261263371, 2.35173869133, -8.37933921814, 17.8007678986], [219.441146851, -115.123512268, 123.852561951, 31.6359596252, 40.366771698, 161.088272095, 66.9179000854, 28.8473739624, 0.839984834194, 23.7864017487, -3.95477199554, 12.115942955, -5.73226261139], [25.3124275208, 42.9923820496, 3.58522391319, 19.056224823, 42.0389022827, 66.9179000854, 152.214630127, 54.473815918, 17.128080368, -7.72572994232, 13.6226949692, 5.69803190231, -0.399924457073], [175.91078186, -74.2275085449, -1.81418597698, 2.56917309761, 36.5319595337, 28.8473739624, 54.473815918, 127.870056152, 38.3699150085, 8.617228508, -7.71289587021, 7.50733757019, 4.44574832916], [-98.6094207764, 76.296875, 1.28874945641, 23.5904693604, 23.9894008636, 0.839984834194, 17.128080368, 38.3699150085, 99.6531066895, 29.5098304749, 3.81160402298, -12.1795196533, 7.43918561935], [44.1946716309, -72.2476730347, 56.6947555542, -4.99298381805, -0.508261263371, 23.7864017487, -7.72572994232, 8.617228508, 29.5098304749, 93.6108169556, 26.8055305481, 6.10531044006, -9.21790313721], [-162.904373169, 90.2366867065, -23.5061340332, 0.578515410423, 2.35173869133, -3.95477199554, 13.6226949692, -7.71289587021, 3.81160402298, 26.8055305481, 80.1963653564, 21.8166542053, 1.55359745026], [48.308013916, -58.665184021, 60.5303382874, -5.6316409111, -8.37933921814, 12.115942955, 5.69803190231, 7.50733757019, -12.1795196533, 6.10531044006, 21.8166542053, 71.5990600586, 25.5627613068], [-119.946723938, 38.8781852722, 1.15554904938, 10.4883041382, 17.8007678986, -5.73226261139, -0.399924457073, 4.44574832916, 7.43918561935, -9.21790313721, 1.55359745026, 25.5627613068, 69.1276168823]], "icov": [[0.000180094066309, 2.89943709504e-05, 0.000162683994859, -4.61785239168e-05, -0.000108682463178, -0.00022579319193, 9.883508028e-05, -0.000191938786884, 0.000208192286664, -0.000223266761168, 0.000518970773555, -0.000457677262602, 0.000428053870564], [2.89943709504e-05, 0.00109021959361, 8.99067526916e-06, -2.17827800952e-05, -0.0004118286015, 0.000562961562537, -0.000475199660286, 0.000896612647921, -0.00110820028931, 0.00123903353233, -0.00159420713317, 0.00104709214065, -0.000534266408067], [0.000162683994859, 8.99067526916e-06, 0.00154631200712, -0.000262045825366, -4.72249666927e-05, -0.00114965240937, 0.000304337678244, 0.000186534656677, 3.01828222291e-05, -0.000965693499893, 0.00151710840873, -0.00192529859487, 0.000743569340557], [-4.61785239168e-05, -2.17827800952e-05, -0.000262045825366, 0.003890625434, -0.000898396014236, -0.000597737031057, 3.12652919092e-05, 0.00056977866916, -0.00109110667836, 0.000876934907865, -0.000504942785483, 0.000532198930159, -0.000459580856841], [-0.000108682463178, -0.0004118286015, -4.72249666927e-05, -0.000898396014236, 0.00506248138845, -0.0010111433221, -0.000306717236526, -0.00120924413204, 4.85810487589e-05, -8.27409166959e-05, -0.000328450609231, 0.00131618767045, -0.00162693019956], [-0.00022579319193, 0.000562961562537, -0.00114965240937, -0.000597737031057, -0.0010111433221, 0.0104406867176, -0.00482209213078, 0.000519308610819, 0.00100162369199, -0.00243268231861, 0.000712156179361, 0.00015790022735, -4.02142868552e-05], [9.883508028e-05, -0.000475199660286, 0.000304337678244, 3.12652919092e-05, -0.000306717236526, -0.00482209213078, 0.010769574903, -0.00399127835408, -0.000644903921057, 0.00292905466631, -0.00249071768485, -0.000353181938408, 0.001073593623], [-0.000191938786884, 0.000896612647921, 0.000186534656677, 0.00056977866916, -0.00120924413204, 0.000519308610819, -0.00399127835408, 0.0121897421777, -0.0051049022004, 0.000495440443046, 0.00108197529335, -0.00161003391258, -0.00019297520339], [0.000208192286664, -0.00110820028931, 3.01828222291e-05, -0.00109110667836, 4.85810487589e-05, 0.00100162369199, -0.000644903921057, -0.0051049022004, 0.0158276893198, -0.00687109539285, 0.0022284402512, 0.00260823522694, -0.00208944315091], [-0.000223266761168, 0.00123903353233, -0.000965693499893, 0.000876934907865, -8.27409166959e-05, -0.00243268231861, 0.00292905466631, 0.000495440443046, -0.00687109539285, 0.0179073140025, -0.00885271281004, 0.00170610006899, 0.00129887158982], [0.000518970773555, -0.00159420713317, 0.00151710840873, -0.000504942785483, -0.000328450609231, 0.000712156179361, -0.00249071768485, 0.00108197529335, 0.0022284402512, -0.00885271281004, 0.0218034870923, -0.0098640108481, 0.00364529504441], [-0.000457677262602, 0.00104709214065, -0.00192529859487, 0.000532198930159, 0.00131618767045, 0.00015790022735, -0.000353181938408, -0.00161003391258, 0.00260823522694, 0.00170610006899, -0.0098640108481, 0.0241505075246, -0.010418063961], [0.000428053870564, -0.000534266408067, 0.000743569340557, -0.000459580856841, -0.00162693019956, -4.02142868552e-05, 0.001073593623, -0.00019297520339, -0.00208944315091, 0.00129887158982, 0.00364529504441, -0.010418063961, 0.0201693791896]], "mean": [24.4811115265, 67.5723495483, -97.6129760742, 25.7075004578, -50.2481689453, 10.4723720551, -31.4833507538, 11.595952034, -20.0779094696, 6.78661727905, -13.8587150574, 1.72503936291, -9.17020797729]}, "melbands_spread": {"min": 0.410067200661, "max": 278.180541992, "dvar2": 327.502075195, "median": 24.3898067474, "dmean2": 13.5015068054, "dmean": 8.72515678406, "var": 470.040008545, "dvar": 154.234085083, "mean": 28.3598537445}, "spectral_energy": {"min": 1.04150779447e-20, "max": 0.151374801993, "dvar2": 0.000958234886639, "median": 0.0224706549197, "dmean2": 0.0203443486243, "dmean": 0.012585984543, "var": 0.000519991153851, "dvar": 0.000390570057789, "mean": 0.02805178985}, "mfcc": {"cov": [[5973.52978516, -634.726318359, -525.477905273, -75.9435043335, 32.2068023682, 52.6569328308, 106.813568115, 122.367134094, 105.843940735, -9.42776966095, 67.763343811, 20.4207382202, -51.8420219421], [-634.726318359, 1152.23449707, -104.63735199, 79.0598220825, 38.3121871948, -15.4995098114, -10.9957704544, -2.66274690628, -37.5660705566, 12.1838445663, 4.66124629974, -5.0987071991, 17.9687709808], [-525.477905273, -104.63735199, 712.193054199, 20.817440033, 35.5214271545, 97.0812301636, 7.89892673492, 5.69239759445, 18.4051990509, -16.4031600952, -11.2118616104, 32.6264419556, 29.5954818726], [-75.9435043335, 79.0598220825, 20.817440033, 229.862411499, 77.5516815186, 29.7889785767, 3.11212873459, 21.14686203, 16.5731716156, 14.2085256577, -7.46327877045, -1.11249172688, 21.7012863159], [32.2068023682, 38.3121871948, 35.5214271545, 77.5516815186, 178.362533569, 41.8208618164, 9.97364902496, 6.21853494644, 32.5494346619, 17.9543495178, -4.32342386246, -3.74037861824, 16.0358009338], [52.6569328308, -15.4995098114, 97.0812301636, 29.7889785767, 41.8208618164, 139.538726807, 50.193561554, 9.60616016388, 8.67309856415, 8.43891239166, 12.7847261429, 5.65550947189, 2.86592411995], [106.813568115, -10.9957704544, 7.89892673492, 3.11212873459, 9.97364902496, 50.193561554, 129.200775146, 58.381072998, 14.0020494461, 4.92442989349, 18.9849834442, 6.57284641266, 3.96986436844], [122.367134094, -2.66274690628, 5.69239759445, 21.14686203, 6.21853494644, 9.60616016388, 58.381072998, 119.262962341, 53.7985420227, 9.6354637146, 1.90591013432, 2.46985292435, 4.8932890892], [105.843940735, -37.5660705566, 18.4051990509, 16.5731716156, 32.5494346619, 8.67309856415, 14.0020494461, 53.7985420227, 111.149459839, 40.384349823, 0.507639765739, 1.13077700138, 5.95078420639], [-9.42776966095, 12.1838445663, -16.4031600952, 14.2085256577, 17.9543495178, 8.43891239166, 4.92442989349, 9.6354637146, 40.384349823, 89.8519668579, 34.4646339417, -3.30150032043, -2.01925396919], [67.763343811, 4.66124629974, -11.2118616104, -7.46327877045, -4.32342386246, 12.7847261429, 18.9849834442, 1.90591013432, 0.507639765739, 34.4646339417, 84.8935165405, 30.2054576874, -1.72169828415], [20.4207382202, -5.0987071991, 32.6264419556, -1.11249172688, -3.74037861824, 5.65550947189, 6.57284641266, 2.46985292435, 1.13077700138, -3.30150032043, 30.2054576874, 80.1470184326, 31.5355434418], [-51.8420219421, 17.9687709808, 29.5954818726, 21.7012863159, 16.0358009338, 2.86592411995, 3.96986436844, 4.8932890892, 5.95078420639, -2.01925396919, -1.72169828415, 31.5355434418, 77.4725646973]], "icov": [[0.000211268619751, 0.000122280835058, 0.000207719538594, 5.93301629124e-05, -9.24282503547e-05, -0.000171758409124, 4.53896245745e-06, -0.000157075279276, -0.00017617699632, 0.000234932158492, -0.000184976117453, -7.41769108572e-05, 9.79543401627e-05], [0.000122280835058, 0.00100226595532, 0.000247702730121, -0.000230844409089, -0.000240970446612, -1.35618329296e-05, 0.000117235758808, -0.000316888996167, 0.000484852062073, -0.000136336428113, -0.000127710911329, 2.02377486858e-05, -0.000168083468452], [0.000207719538594, 0.000247702730121, 0.00186293327715, 9.3551032478e-05, -0.000145298603456, -0.00146839930676, 0.00046721030958, -0.000262676883722, -0.000391279259929, 0.000549849704839, 0.000204524534638, -0.000676151015796, -0.00025511457352], [5.93301629124e-05, -0.000230844409089, 9.3551032478e-05, 0.00550822354853, -0.00209078658372, -0.000908244168386, 0.000887895817868, -0.00149734201841, 0.000639752135612, -0.000718770956155, 0.00054816599004, 0.000127128208987, -0.00107743463013], [-9.24282503547e-05, -0.000240970446612, -0.000145298603456, -0.00209078658372, 0.00750634819269, -0.00157311919611, -0.000290802767267, 0.0013884450309, -0.00221015885472, -0.000302802800434, 0.00037184508983, 0.000785278738476, -0.00108262209687], [-0.000171758409124, -1.35618329296e-05, -0.00146839930676, -0.000908244168386, -0.00157311919611, 0.0104556735605, -0.00442761648446, 0.00183697813191, -6.05591776548e-06, -0.000489741505589, -0.000656202202663, 7.70987389842e-05, 0.000694989983458], [4.53896245745e-06, 0.000117235758808, 0.00046721030958, 0.000887895817868, -0.000290802767267, -0.00442761648446, 0.0126297939569, -0.00679429760203, 0.00182167452294, 0.000499524350744, -0.00229203444906, 0.000482021801872, -0.000819457171019], [-0.000157075279276, -0.000316888996167, -0.000262676883722, -0.00149734201841, 0.0013884450309, 0.00183697813191, -0.00679429760203, 0.0150727098808, -0.00731648365036, 0.00173392891884, 0.0002205765486, 0.000202323353733, 5.86864880461e-05], [-0.00017617699632, 0.000484852062073, -0.000391279259929, 0.000639752135612, -0.00221015885472, -6.05591776548e-06, 0.00182167452294, -0.00731648365036, 0.0160570908338, -0.00767824426293, 0.00331649766304, -0.00150423799641, -0.000181091934792], [0.000234932158492, -0.000136336428113, 0.000549849704839, -0.000718770956155, -0.000302802800434, -0.000489741505589, 0.000499524350744, 0.00173392891884, -0.00767824426293, 0.0184068232775, -0.0092193884775, 0.00425690133125, -0.000742342032026], [-0.000184976117453, -0.000127710911329, 0.000204524534638, 0.00054816599004, 0.00037184508983, -0.000656202202663, -0.00229203444906, 0.0002205765486, 0.00331649766304, -0.0092193884775, 0.0195887405425, -0.00889363512397, 0.0032854641322], [-7.41769108572e-05, 2.02377486858e-05, -0.000676151015796, 0.000127128208987, 0.000785278738476, 7.70987389842e-05, 0.000482021801872, 0.000202323353733, -0.00150423799641, 0.00425690133125, -0.00889363512397, 0.0194208379835, -0.00791100412607], [9.79543401627e-05, -0.000168083468452, -0.00025511457352, -0.00107743463013, -0.00108262209687, 0.000694989983458, -0.000819457171019, 5.86864880461e-05, -0.000181091934792, -0.000742342032026, 0.0032854641322, -0.00791100412607, 0.0169360376894]], "mean": [-627.992370605, 109.064498901, 7.69655895233, 22.3422985077, 4.4121465683, 3.88364768028, 1.47841525078, 2.65576577187, 2.17803883553, 4.17353057861, 1.87547659874, 0.498994857073, -0.0706002190709]}, "spectral_contrast_valleys": {"min": [-27.8947467804, -27.6103496552, -27.6223468781, -27.5413036346, -27.4496517181, -27.3638896942], "max": [-5.03402614594, -4.66195344925, -5.21517038345, -5.60895442963, -5.39709949493, -7.05298566818], "dvar2": [0.561742544174, 0.284665077925, 0.227374017239, 0.209334418178, 0.201481103897, 0.202183783054], "median": [-6.73977518082, -6.45550251007, -7.16637182236, -7.53113460541, -7.33947229385, -9.5677652359], "dmean2": [0.718945920467, 0.612309038639, 0.534712970257, 0.476225852966, 0.381458759308, 0.344846010208], "dmean": [0.448011249304, 0.388128608465, 0.352437496185, 0.322579175234, 0.269848585129, 0.274406522512], "var": [1.39588093758, 1.18343138695, 1.18016147614, 1.23208224773, 1.21214902401, 1.31656372547], "dvar": [0.265135794878, 0.138997346163, 0.121977217495, 0.119301974773, 0.1165817976, 0.135599762201], "mean": [-6.98217391968, -6.61024713516, -7.29112768173, -7.65261173248, -7.47683906555, -9.72969150543]}, "barkbands_flatness_db": {"min": 0.00970672443509, "max": 0.426060825586, "dvar2": 0.0015456447145, "median": 0.0896650329232, "dmean2": 0.0351507179439, "dmean": 0.022293061018, "var": 0.00267163384706, "dvar": 0.000652566261124, "mean": 0.100649997592}, "dynamic_complexity": 2.70141458511, "erbbands_flatness_db": {"min": 0.0336047187448, "max": 0.363046526909, "dvar2": 0.00059723976301, "median": 0.116084821522, "dmean2": 0.024061543867, "dmean": 0.017149457708, "var": 0.00197159918025, "dvar": 0.000343899358995, "mean": 0.122099786997}, "hfc": {"min": 1.14083148662e-16, "max": 331.137634