{"lowlevel": {"spectral_complexity": {"min": 0, "max": 63, "dvar2": 50.0040016174, "median": 16, "dmean2": 6.10125923157, "dmean": 4.19162464142, "var": 234.37512207, "dvar": 29.5375385284, "mean": 18.986618042}, "silence_rate_20dB": {"min": 1, "max": 1, "dvar2": 0, "median": 1, "dmean2": 0, "dmean": 0, "var": 0, "dvar": 0, "mean": 1}, "average_loudness": 0.827697634697, "erbbands_spread": {"min": 2.41657757759, "max": 183.206481934, "dvar2": 475.424285889, "median": 30.4257106781, "dmean2": 18.2498264313, "dmean": 11.9229097366, "var": 749.584289551, "dvar": 199.62387085, "mean": 40.0291366577}, "spectral_kurtosis": {"min": -1.25790154934, "max": 24.6320667267, "dvar2": 10.0901422501, "median": 3.59147787094, "dmean2": 2.81014847755, "dmean": 1.65825486183, "var": 6.4131860733, "dvar": 3.67425370216, "mean": 3.97021007538}, "barkbands_kurtosis": {"min": -1.95796251297, "max": 2655.02490234, "dvar2": 4191.21826172, "median": 0.868596553802, "dmean2": 18.4715461731, "dmean": 11.4381942749, "var": 6322.03808594, "dvar": 1961.98266602, "mean": 15.7513065338}, "spectral_strongpeak": {"min": 0, "max": 19.0475769043, "dvar2": 2.93887233734, "median": 0.397883206606, "dmean2": 1.115634799, "dmean": 0.668500781059, "var": 2.59719252586, "dvar": 1.22516381741, "mean": 1.08624923229}, "spectral_spread": {"min": 1239242.125, "max": 41586788, "dvar2": 1202766610430.0, "median": 3850007, "dmean2": 848741.75, "dmean": 578524.5625, "var": 6143709020160.0, "dvar": 667449098240, "mean": 4242374}, "spectral_rms": {"min": 3.12033168401e-12, "max": 0.0104835266247, "dvar2": 3.99972896048e-06, "median": 0.00357318646275, "dmean2": 0.00142075109761, "dmean": 0.00098777085077, "var": 4.84455404148e-06, "dvar": 1.91001367966e-06, "mean": 0.00372711615637}, "erbbands": {"min": [5.67526414511e-23, 3.58251398231e-22, 5.77619292783e-21, 1.33061024583e-20, 1.56179389845e-20, 4.56293182282e-20, 9.19456228798e-20, 1.3763641743e-19, 9.07111979873e-20, 1.2013190565e-19, 2.84781146754e-19, 5.28609356862e-19, 8.67423466342e-19, 7.7366631792e-19, 1.07675775377e-18, 2.09524270133e-18, 1.78624752236e-18, 3.19153432527e-18, 2.85256418884e-18, 3.84708013059e-18, 4.07397701339e-18, 5.03040376947e-18, 6.71774799432e-18, 7.70585990377e-18, 8.1453632971e-18, 1.02615708911e-17, 1.01773556329e-17, 1.3350884511e-17, 1.09744128091e-17, 1.21703174515e-17, 1.21887015406e-17, 1.22684731845e-17, 9.88267832993e-18, 9.45391918558e-18, 6.70173584561e-18, 4.29179352101e-18, 2.41275349792e-18, 1.02240599046e-18, 2.6190562201e-19, 2.92428379818e-20], "max": [1.20617330074, 20.5145244598, 57.5938644409, 88.97290802, 158.900543213, 84.0973205566, 133.51222229, 161.711105347, 362.895507812, 693.060852051, 960.919067383, 1306.04394531, 1279.72558594, 1569.39868164, 1521.28918457, 1027.30981445, 1472.08129883, 3421.15356445, 2575.91870117, 3678.53710938, 1191.61230469, 809.563720703, 587.115844727, 610.687561035, 751.31237793, 388.878356934, 447.741577148, 467.207397461, 132.757614136, 390.636016846, 87.7304077148, 75.1209106445, 52.4591217041, 43.9228591919, 21.3607730865, 10.8787260056, 1.3571293354, 0.16622364521, 0.0222920253873, 0.00084381911438], "dvar2": [0.0598642230034, 21.1309642792, 152.103393555, 292.54107666, 382.733795166, 61.791847229, 101.984794617, 119.385749817, 330.117858887, 3763.57836914, 5796.81103516, 2237.35302734, 3074.54663086, 10561, 8794.53125, 3592.62182617, 4778.55371094, 10424.0507812, 13762.78125, 8304.54980469, 2557.47119141, 3720.93896484, 2138.09985352, 1362.38024902, 1731.37268066, 318.15612793, 232.148773193, 151.009490967, 71.6962051392, 348.527740479, 28.0560932159, 18.5124549866, 9.80664730072, 3.80859875679, 0.83622777462, 0.0900416821241, 0.00275280186906, 4.3855921831e-05, 5.56467341539e-07, 1.31403543602e-09], "median": [0.0107047650963, 0.22152517736, 0.655494272709, 0.813178181648, 1.01427304745, 0.974369943142, 0.999343693256, 1.16765487194, 1.79165458679, 2.44942760468, 1.82782101631, 2.98540401459, 3.56852459908, 5.70178842545, 6.45695114136, 6.6312417984, 9.73659515381, 11.8336610794, 13.725856781, 14.0798568726, 13.2591943741, 13.2009029388, 10.2620000839, 10.9285039902, 13.0049266815, 8.42592525482, 5.32589817047, 3.7293920517, 2.45218658447, 1.19698357582, 0.743906319141, 0.451068997383, 0.23344360292, 0.0963607355952, 0.0362895131111, 0.0134994750842, 0.00338047067635, 0.000424891069997, 4.69335718662e-05, 2.15890522668e-05], "dmean2": [0.0912564843893, 1.73726713657, 4.9278678894, 8.37671661377, 7.85663127899, 3.55059099197, 4.59154367447, 5.24448823929, 8.05693435669, 23.7776317596, 23.7346439362, 13.8798437119, 17.2339992523, 36.4917488098, 32.2700576782, 22.3748703003, 26.9218177795, 33.2802963257, 42.0730743408, 34.3672370911, 25.0956268311, 30.3882160187, 21.9841423035, 19.1727619171, 23.1157283783, 11.5171222687, 7.9969534874, 5.65377283096, 4.26339054108, 3.85965204239, 1.91903150082, 1.49449050426, 1.04436123371, 0.560953557491, 0.238701224327, 0.0911600366235, 0.0177539400756, 0.00211157393642, 0.000189544414752, 2.28250246437e-05], "dmean": [0.0546074695885, 1.02627038956, 2.77333259583, 5.06756639481, 4.66861057281, 2.09741950035, 2.70054793358, 3.10921430588, 5.0692858696, 14.8365573883, 15.0464296341, 9.18084049225, 11.4315948486, 24.8024616241, 21.3963108063, 14.6783838272, 17.8710155487, 21.9969100952, 27.5064601898, 22.3918857574, 16.4848747253, 19.7227668762, 13.9044685364, 12.4163684845, 14.8355636597, 7.49551439285, 5.22352457047, 3.77555060387, 2.89440560341, 2.43764042854, 1.28707754612, 1.0163371563, 0.719670832157, 0.393475562334, 0.168260678649, 0.063524954021, 0.0123611399904, 0.00143493548967, 0.000128783285618, 1.55189754878e-05], "var": [0.0181670803577, 6.17161512375, 36.5498275757, 110.77759552, 120.657035828, 23.1147251129, 38.8813972473, 53.5084648132, 283.63369751, 2681.59912109, 4813.32128906, 4062.66845703, 3685.30712891, 11513.5742188, 7812.74755859, 2569.49487305, 5377.16650391, 10349.3085938, 14776.2568359, 14120.7890625, 3389.26806641, 4528.79589844, 2007.86218262, 1834.54064941, 2687.9074707, 551.143676758, 264.141998291, 147.894302368, 84.9045181274, 169.954498291, 24.3144683838, 18.0113201141, 13.4821453094, 5.5852689743, 1.14740407467, 0.192744910717, 0.00514298072085, 8.17041582195e-05, 8.94324841738e-07, 2.44505637959e-09], "dvar": [0.0233716089278, 8.10473251343, 54.6961936951, 120.83216095, 147.28477478, 22.9209823608, 38.5938873291, 46.3108558655, 140.191650391, 1563.54577637, 2552.5456543, 1027.71850586, 1463.50744629, 5293.0703125, 3942.54931641, 1475.45874023, 2367.01220703, 5158.40380859, 6832.62890625, 3797.78686523, 1209.47631836, 1640.58312988, 814.266967773, 615.509643555, 779.059082031, 146.751815796, 103.967033386, 67.0129165649, 32.2565727234, 102.746742249, 12.0463647842, 8.66767597198, 5.38424634933, 2.21337962151, 0.475107520819, 0.0520644709468, 0.00154301908333, 2.28660210269e-05, 2.41479455099e-07, 6.10467620898e-10], "mean": [0.0488071665168, 0.958387672901, 2.46465301514, 4.62174367905, 4.4887919426, 2.54382371902, 3.10788106918, 3.8085899353, 7.4593706131, 19.798740387, 20.5836868286, 16.4408817291, 18.183221817, 37.8092460632, 32.3553161621, 24.437795639, 32.0048599243, 36.1689987183, 45.6245536804, 41.1614532471, 31.5729160309, 37.9896430969, 27.0362930298, 25.1503734589, 31.9122524261, 17.1381282806, 10.6385412216, 7.49112558365, 5.45055961609, 4.07752323151, 2.25043082237, 1.71049058437, 1.2100725174, 0.65486985445, 0.275520473719, 0.10731421411, 0.0211405884475, 0.00267729116604, 0.000250716111623, 3.4898344893e-05]}, "zerocrossingrate": {"min": 0, "max": 0.51220703125, "dvar2": 0.000316460529575, "median": 0.0625, "dmean2": 0.0138173559681, "dmean": 0.0122118843719, "var": 0.00252538034692, "dvar": 0.000261034321738, "mean": 0.0690598040819}, "spectral_contrast_coeffs": {"min": [-0.995745897293, -0.984062612057, -0.978551805019, -0.968273818493, -0.967568159103, -0.963083386421], "max": [-0.345479995012, -0.260686099529, -0.285972207785, -0.406849592924, -0.537368476391, -0.552841961384], "dvar2": [0.0069079650566, 0.00504789408296, 0.00319675495848, 0.00223945477046, 0.00132162007503, 0.00125014409423], "median": [-0.683361649513, -0.764099240303, -0.783430814743, -0.789435207844, -0.799127399921, -0.735383272171], "dmean2": [0.091753937304, 0.0854572281241, 0.067361779511, 0.0558351837099, 0.0400296375155, 0.0377311147749], "dmean": [0.056424677372, 0.0529107600451, 0.043155580759, 0.0351691916585, 0.0252507198602, 0.0243768710643], "var": [0.00669858697802, 0.0102994730696, 0.00746230734512, 0.00507721211761, 0.00319003942423, 0.00358095485717], "dvar": [0.00283006276004, 0.00209561665542, 0.00141277338844, 0.000965627841651, 0.000561684195418, 0.000574823759962], "mean": [-0.67653375864, -0.748413562775, -0.776519834995, -0.785069406033, -0.795507252216, -0.741319775581]}, "dissonance": {"min": 0, "max": 0.500000059605, "dvar2": 0.00126667204313, "median": 0.484375864267, "dmean2": 0.0258478987962, "dmean": 0.0154572986066, "var": 0.000787392549682, "dvar": 0.000470971688628, "mean": 0.475179314613}, "spectral_energyband_high": {"min": 7.31748203671e-21, "max": 0.018607230857, "dvar2": 6.51608615954e-07, "median": 0.000382298341719, "dmean2": 0.000443611323135, "dmean": 0.00031290698098, "var": 1.29047191422e-06, "dvar": 3.17625278967e-07, "mean": 0.000751043495256}, "spectral_skewness": {"min": -0.645510315895, "max": 3.88870811462, "dvar2": 0.201739966869, "median": 1.21686160564, "dmean2": 0.416904628277, "dmean": 0.258516788483, "var": 0.197781190276, "dvar": 0.0776875168085, "mean": 1.25996947289}, "spectral_flux": {"min": 6.39237343614e-11, "max": 0.306126773357, "dvar2": 0.00347129465081, "median": 0.0743502825499, "dmean2": 0.0496860221028, "dmean": 0.0321601293981, "var": 0.0037733160425, "dvar": 0.00171404308639, "mean": 0.0842254683375}, "silence_rate_30dB": {"min": 1, "max": 1, "dvar2": 0, "median": 1, "dmean2": 0, "dmean": 0, "var": 0, "dvar": 0, "mean": 1}, "spectral_energyband_middle_high": {"min": 1.30373509522e-21, "max": 0.0863799601793, "dvar2": 2.43321592279e-05, "median": 0.00398070691153, "dmean2": 0.00317002995871, "dmean": 0.00232197833247, "var": 8.98710641195e-05, "dvar": 1.41147256727e-05, "mean": 0.00713576702401}, "barkbands_spread": {"min": 0.159523412585, "max": 124.231712341, "dvar2": 180.038024902, "median": 21.9244499207, "dmean2": 11.9486141205, "dmean": 7.57148170471, "var": 252.733795166, "dvar": 77.7126922607, "mean": 24.0236282349}, "spectral_centroid": {"min": 105.811149597, "max": 11507.3613281, "dvar2": 403134.15625, "median": 1769.15808105, "dmean2": 550.302124023, "dmean": 352.694122314, "var": 944740.75, "dvar": 180572.6875, "mean": 1791.87194824}, "pitch_salience": {"min": 0.0145269958302, "max": 0.93189316988, "dvar2": 0.0285012573004, "median": 0.5524263978, "dmean2": 0.157956078649, "dmean": 0.0954742208123, "var": 0.0217314269394, "dvar": 0.0106332544237, "mean": 0.535402715206}, "erbbands_skewness": {"min": -6.15197324753, "max": 6.47254657745, "dvar2": 0.756600797176, "median": -0.104408606887, "dmean2": 0.77864575386, "dmean": 0.508399248123, "var": 1.00864589214, "dvar": 0.320549100637, "mean": -0.0149102788419}, "erbbands_crest": {"min": 2.35246038437, "max": 31.2636032104, "dvar2": 20.8255672455, "median": 7.77408599854, "dmean2": 4.86425495148, "dmean": 2.96930813789, "var": 22.2802829742, "dvar": 8.41556453705, "mean": 9.18204689026}, "melbands": {"min": [4.66044133055e-25, 2.60212474905e-24, 2.49048416767e-24, 2.17268445225e-24, 4.40362036589e-24, 2.89685324122e-24, 1.05018666008e-24, 1.2868935452e-24, 2.08398217105e-24, 3.22719702832e-24, 4.08344302371e-24, 2.08771368035e-24, 3.67249145716e-24, 2.58108977301e-24, 4.85338349455e-24, 2.35703690706e-24, 5.64694758848e-24, 3.82948700464e-24, 4.28256965999e-24, 6.33825045999e-24, 4.5095596523e-24, 4.8803585932e-24, 4.49587764876e-24, 5.66431712233e-24, 5.6592952338e-24, 6.23611190542e-24, 5.63328885634e-24, 4.65268465848e-24, 5.75699881236e-24, 5.79234648623e-24, 6.29968581134e-24, 4.30544978168e-24, 6.74780258729e-24, 5.4197856245e-24, 6.19357652541e-24, 6.29359856617e-24, 7.80780839627e-24, 6.0514640222e-24, 6.31434758013e-24, 7.54308955345e-24], "max": [0.017133384943, 0.0305179916322, 0.0154900690541, 0.00738203292713, 0.00526159908623, 0.00326747028157, 0.00477258721367, 0.0073359082453, 0.00770651875064, 0.0093155587092, 0.00650885980576, 0.00627234391868, 0.00497634476051, 0.00350490491837, 0.00281666987576, 0.00624188361689, 0.00622087717056, 0.00571530638263, 0.00584555743262, 0.00479756807908, 0.00111673446372, 0.00108173489571, 0.000780283648055, 0.000542050343938, 0.000589295639656, 0.000618590682279, 0.000258406624198, 0.000292941898806, 0.000362255203072, 0.000262187095359, 0.000308343471261, 0.000114520698844, 8.21080902824e-05, 0.000269496667897, 5.25194955117e-05, 4.72353713121e-05, 4.91067221446e-05, 4.52864369436e-05, 3.90103232348e-05, 4.22037919634e-05], "dvar2": [1.22854789879e-05, 3.927619764e-05, 8.49846855999e-06, 8.55577923176e-07, 1.08798765552e-07, 5.8666209668e-08, 9.96159812416e-08, 4.75834809777e-07, 3.52236270373e-07, 8.42961469516e-08, 8.96462069022e-08, 1.83221956718e-07, 1.22582903828e-07, 4.55713262681e-08, 2.44395099713e-08, 5.5642878749e-08, 4.97631340579e-08, 5.53946186699e-08, 4.6172427659e-08, 1.15407789991e-08, 3.55072282687e-09, 5.87387560813e-09, 2.47492271122e-09, 1.4276877458e-09, 1.37471023454e-09, 1.13617859565e-09, 6.20535456353e-10, 1.50485207628e-10, 1.87313886624e-10, 7.19004300542e-11, 6.36840788437e-11, 3.21204417231e-11, 2.7703084618e-11, 1.75024689186e-10, 1.025786487e-11, 7.89729479728e-12, 7.85463621228e-12, 5.96505440528e-12, 4.62190442169e-12, 3.02149863289e-12], "median": [0.000165839650435, 0.000377875956474, 0.000169848135556, 7.30390311219e-05, 4.05989922001e-05, 2.33400169236e-05, 2.76578084595e-05, 2.46534527832e-05, 1.1352484762e-05, 1.73401804204e-05, 1.50631967699e-05, 2.00398390007e-05, 1.87596760952e-05, 1.5447707483e-05, 1.6779438738e-05, 2.00459126063e-05, 1.91556555365e-05, 1.79336584551e-05, 1.95080829144e-05, 1.39218764161e-05, 1.29738064061e-05, 1.18345051305e-05, 9.26768916543e-06, 7.05973616277e-06, 7.70058795752e-06, 9.66045445239e-06, 7.3605497164e-06, 4.57626038042e-06, 3.15969418807e-06, 2.3987372515e-06, 1.89836987374e-06, 1.45102501392e-06, 8.57122188336e-07, 5.23120093021e-07, 4.033253731e-07, 3.02280938058e-07, 2.50155608228e-07, 1.76796007167e-07, 9.59793453603e-08, 7.11767427219e-08], "dmean2": [0.00131769839209, 0.00247240625322, 0.00142556650098, 0.00038375708391, 0.000152006701683, 0.000116815157526, 0.000141964555951, 0.000268148811301, 0.000183512893273, 8.68738788995e-05, 9.2191134172e-05, 0.000150780222612, 0.000122166296933, 6.94334958098e-05, 6.03549888183e-05, 7.19389572623e-05, 6.87196079525e-05, 7.07893777872e-05, 7.49711107346e-05, 4.0386839828e-05, 2.89364925266e-05, 3.67409629689e-05, 2.47573098022e-05, 1.74957895069e-05, 1.77306483238e-05, 1.87203277164e-05, 1.51765143528e-05, 7.4527815741e-06, 6.18994590695e-06, 4.3789823394e-06, 3.35275581165e-06, 2.82830183096e-06, 2.10104667531e-06, 2.31766807701e-06, 1.14219392344e-06, 1.00270358416e-06, 9.61999489846e-07, 8.13834162727e-07, 6.28024281468e-07, 4.69745288001e-07], "dmean": [0.000784746836871, 0.00144065974746, 0.000863464549184, 0.000225132345804, 8.98205325939e-05, 6.92698158673e-05, 8.87668138603e-05, 0.00016695530212, 0.000117130388389, 5.64476649743e-05, 6.04890738032e-05, 0.000101894496765, 7.98856272013e-05, 4.49884646514e-05, 3.86762621929e-05, 4.67892568849e-05, 4.44970828539e-05, 4.55702393083e-05, 4.76259301649e-05, 2.59259377344e-05, 1.88533340406e-05, 2.36474043049e-05, 1.57008744281e-05, 1.10824885269e-05, 1.12623602035e-05, 1.19762789836e-05, 9.58831242315e-06, 4.78081165056e-06, 3.97371786676e-06, 2.82112546302e-06, 2.21637560571e-06, 1.87813873254e-06, 1.37723088756e-06, 1.4229918861e-06, 7.60102977893e-07, 6.63311993776e-07, 6.46009823413e-07, 5.52778828933e-07, 4.3020648377e-07, 3.23392612245e-07], "var": [3.72406566385e-06, 1.07873947854e-05, 3.29364229401e-06, 2.62362135572e-07, 4.44769732155e-08, 2.58431374078e-08, 8.61727542656e-08, 3.60465548965e-07, 3.31599125047e-07, 1.80935884941e-07, 1.02803667801e-07, 1.97292905568e-07, 1.01641909112e-07, 3.18276782707e-08, 2.1491818103e-08, 4.20380388277e-08, 3.86426535215e-08, 4.04766211659e-08, 4.3007148065e-08, 1.6311592077e-08, 3.68254737815e-09, 6.76372824415e-09, 2.33750307999e-09, 1.22284937731e-09, 1.49789203263e-09, 1.57724133754e-09, 8.42660885514e-10, 1.98254537787e-10, 1.66621480502e-10, 6.77889272493e-11, 5.06788569443e-11, 3.21262218217e-11, 2.10293397279e-11, 7.65689525672e-11, 8.33457088067e-12, 6.63857640734e-12, 7.33100039008e-12, 7.05712484977e-12, 5.93307044119e-12, 3.62404919442e-12], "dvar": [4.78600168208e-06, 1.46777929331e-05, 3.52610481968e-06, 3.19328336218e-07, 4.12351255363e-08, 2.27072032288e-08, 4.22666417421e-08, 1.96539573949e-07, 1.58467031497e-07, 3.84131162434e-08, 4.26236326234e-08, 9.14550852826e-08, 5.4485063572e-08, 2.00650198678e-08, 1.1277411005e-08, 2.39192328166e-08, 2.325905335e-08, 2.53707295172e-08, 1.92330915638e-08, 5.91530513461e-09, 1.59449820014e-09, 2.60629162696e-09, 9.87024684207e-10, 5.72207781158e-10, 5.92288940116e-10, 5.10140429899e-10, 2.61184462946e-10, 6.65694721569e-11, 7.66907232164e-11, 3.14176740179e-11, 2.76036572072e-11, 1.38718403084e-11, 1.1048275142e-11, 5.01846793288e-11, 4.44087605231e-12, 3.48966276882e-12, 3.66725963832e-12, 3.05863299098e-12, 2.49429101505e-12, 1.60746101759e-12], "mean": [0.000725876365323, 0.00136009720154, 0.000820640590973, 0.000232494392549, 0.000111472785647, 8.24398812256e-05, 0.00013043882791, 0.000225006806431, 0.000160167299327, 0.000102707635961, 9.08740694285e-05, 0.000151995787746, 0.00011517272651, 6.78914511809e-05, 6.37005941826e-05, 7.51012630644e-05, 6.5995103796e-05, 6.79520671838e-05, 7.56864756113e-05, 4.40641524619e-05, 3.30013208441e-05, 4.21228905907e-05, 2.87562088488e-05, 1.89796592167e-05, 2.02632563742e-05, 2.37166459556e-05, 1.92415282072e-05, 9.64486298471e-06, 7.28252507542e-06, 5.140621397e-06, 4.04053298553e-06, 3.30151078742e-06, 2.29808165386e-06, 2.21084314944e-06, 1.24635676002e-06, 1.0895429341e-06, 1.03148943253e-06, 9.01049361346e-07, 6.81530195834e-07, 5.09566120854e-07]}, "spectral_entropy": {"min": 4.77644062042, "max": 9.82489395142, "dvar2": 0.131657674909, "median": 7.7193365097, "dmean2": 0.297789633274, "dmean": 0.200128480792, "var": 0.20701238513, "dvar": 0.059596631676, "mean": 7.63918781281}, "spectral_rolloff": {"min": 21.533203125, "max": 19638.28125, "dvar2": 2269859.5, "median": 1701.12304688, "dmean2": 983.698852539, "dmean": 589.270263672, "var": 3843985, "dvar": 1073796.625, "mean": 1945.64758301}, "barkbands": {"min": [6.85168196066e-25, 1.39395676118e-24, 5.32730154412e-24, 8.95441042505e-25, 1.5986341975e-23, 9.36267217312e-24, 3.1375191234e-24, 9.88796597244e-24, 1.90738078739e-23, 2.68327061052e-23, 3.39674544328e-23, 2.88864896947e-23, 2.41428355688e-23, 5.79416504728e-23, 6.05407073417e-23, 4.97541325572e-23, 9.40195034646e-23, 1.37006484254e-22, 1.6677747635e-22, 2.36337299841e-22, 3.10739530222e-22, 3.93462488725e-22, 4.08896924678e-22, 6.11858340035e-22, 8.62985961434e-22, 1.43747965857e-21, 2.13584658068e-21], "max": [0.00113912916277, 0.077428907156, 0.0453846976161, 0.0458860136569, 0.027151145041, 0.0149486251175, 0.0230203270912, 0.0432737097144, 0.0549736097455, 0.0384195894003, 0.0358817949891, 0.0293790474534, 0.04971691221, 0.0597470030189, 0.0618817955256, 0.0527432449162, 0.0119948526844, 0.0101376269013, 0.0156941432506, 0.00785835366696, 0.00811513140798, 0.00389312556945, 0.00738238869235, 0.0028706130106, 0.00343642756343, 0.00160265248269, 8.0119127233e-05], "dvar2": [6.76091005403e-09, 0.000283181201667, 9.67926753219e-05, 6.15508906776e-05, 1.20553067973e-05, 1.80052995802e-06, 5.08164612256e-06, 1.31546403281e-05, 4.78270703752e-06, 7.71628401708e-06, 8.86305861059e-06, 3.57504404747e-06, 4.18839999838e-06, 6.79719687469e-06, 6.48645755064e-06, 1.9613285076e-06, 1.08972812995e-06, 5.87245665429e-07, 6.41525105038e-07, 2.18433314103e-07, 8.30117343753e-08, 5.0286210751e-08, 1.42588419294e-07, 3.5479253313e-08, 1.96212361914e-08, 1.74644310125e-09, 1.37557361335e-11], "median": [2.28548087762e-05, 0.000819418928586, 0.000458028865978, 0.000301247782772, 0.000316562014632, 0.000117542462249, 0.000131605818751, 7.29449529899e-05, 0.000114370726806, 0.000113884023449, 0.000125268561533, 0.000140238014865, 0.000192292136489, 0.000181013747351, 0.000253878184594, 0.000196786248125, 0.000199655507458, 0.000159191564308, 0.000264834117843, 0.000184895165148, 0.000100263001514, 6.18395279162e-05, 2.69044976449e-05, 1.74443266587e-05, 6.80456059854e-06, 2.21942286771e-06, 1.97855129613e-07], "dmean2": [3.86936917494e-05, 0.0063438732177, 0.00416086660698, 0.00335020525381, 0.00143448112067, 0.000635355012491, 0.000937582517508, 0.00123276736122, 0.000652961840387, 0.000901504245121, 0.00101884745527, 0.000639200268779, 0.000695347145665, 0.000741467287298, 0.000941135047469, 0.000525307143107, 0.000544591573998, 0.000374414521502, 0.00044648165931, 0.000290169205982, 0.000159119226737, 0.000108859509055, 8.78502833075e-05, 6.65711486363e-05, 4.00691642426e-05, 1.33714538606e-05, 1.07200037291e-06], "dmean": [2.44325292442e-05, 0.00377228809521, 0.00229023490101, 0.00204659043811, 0.000821930181701, 0.000374183640815, 0.000582328822929, 0.000772074854467, 0.000416445283918, 0.000584981869906, 0.000655924493913, 0.000407734536566, 0.000451494735898, 0.000468972575618, 0.000599705963396, 0.000333683827193, 0.000349539855961, 0.000236097897869, 0.0002900356194, 0.000184909295058, 0.000104340688267, 7.45758370613e-05, 5.6709832279e-05, 4.56665220554e-05, 2.83936860797e-05, 9.38259472605e-06, 7.16297449799e-07], "var": [3.41211880972e-09, 8.4257168055e-05, 2.16988155444e-05, 2.3389036869e-05, 3.49549281964e-06, 6.96560562119e-07, 3.91948242395e-06, 1.03445363493e-05, 9.21555147215e-06, 7.44071121517e-06, 6.6679253905e-06, 2.07305151889e-06, 3.36890002473e-06, 4.36672371507e-06, 6.60480827719e-06, 2.10420603253e-06, 1.27109478854e-06, 5.20230798884e-07, 1.13171176963e-06, 2.99679982163e-07, 1.00134435854e-07, 5.9399294372e-08, 7.55356168725e-08, 4.49316033269e-08, 3.15318864352e-08, 3.98634503185e-09, 2.13397372689e-11], "dvar": [3.06938896522e-09, 0.000109277571028, 3.40214573953e-05, 2.5675724828e-05, 4.3529244067e-06, 6.87408373778e-07, 2.11173778553e-06, 5.51065568288e-06, 2.19669391299e-06, 3.5072882838e-06, 3.84820714316e-06, 1.4932910517e-06, 1.87157354503e-06, 2.92111963063e-06, 2.89598028758e-06, 9.42127257986e-07, 4.7631354505e-07, 2.25277318577e-07, 3.08547896566e-07, 9.12208122372e-08, 3.86522174267e-08, 2.27704806122e-08, 4.44176180281e-08, 1.85422308618e-08, 1.19729355319e-08, 1.01099106864e-09, 5.97149673459e-12], "mean": [3.93834052375e-05, 0.00353461992927, 0.00193407118786, 0.00187407096382, 0.000903839827515, 0.000418493058532, 0.000813994382042, 0.00100524839945, 0.000742472475395, 0.000836112129036, 0.000889370276127, 0.000598819635343, 0.00071978115011, 0.000686113722622, 0.000966028426774, 0.000568903400563, 0.000649507099297, 0.000418852985604, 0.000622926570941, 0.000397446070565, 0.000205180811463, 0.000140210337122, 9.60330871749e-05, 7.74057261879e-05, 4.80166963825e-05, 1.61528914759e-05, 1.30075693505e-06]}, "melbands_flatness_db": {"min": 0.00427847588435, "max": 0.611428320408, "dvar2": 0.00431396532804, "median": 0.174218714237, "dmean2": 0.0589852742851, "dmean": 0.0384093821049, "var": 0.0100871622562, "dvar": 0.00183420046233, "mean": 0.198648110032}, "melbands_skewness": {"min": -1.91148805618, "max": 32.9586105347, "dvar2": 8.4842300415, "median": 1.76911342144, "dmean2": 2.14090037346, "dmean": 1.37332391739, "var": 14.7026634216, "dvar": 3.55500054359, "mean": 3.26209521294}, "barkbands_skewness": {"min": -6.24892377853, "max": 48.1600189209, "dvar2": 5.34190797806, "median": 0.819256544113, "dmean2": 1.56335222721, "dmean": 1.01232743263, "var": 9.79098796844, "dvar": 2.24593710899, "mean": 1.74539375305}, "silence_rate_60dB": {"min": 0, "max": 1, "dvar2": 0.13339664042, "median": 0, "dmean2": 0.142610996962, "dmean": 0.0712960511446, "var": 0.157253593206, "dvar": 0.0662192851305, "mean": 0.195441901684}, "spectral_energyband_low": {"min": 1.78027794062e-23, "max": 0.107918441296, "dvar2": 0.000545894843526, "median": 0.00181515456643, "dmean2": 0.0109089137986, "dmean": 0.00658030482009, "var": 0.000179429713171, "dvar": 0.00021486672631, "mean": 0.00654709339142}, "spectral_energyband_middle_low": {"min": 1.93323504092e-22, "max": 0.0628079250455, "dvar2": 0.000112288609671, "median": 0.0023765519727, "dmean2": 0.00601246068254, "dmean": 0.00390159431845, "var": 7.61605333537e-05, "dvar": 4.90267011628e-05, "mean": 0.0058964905329}, "melbands_kurtosis": {"min": -1.97174215317, "max": 1420.07556152, "dvar2": 8109.77685547, "median": 3.76470327377, "dmean2": 39.5714378357, "dmean": 24.2242660522, "var": 7372.65332031, "dvar": 3321.7746582, "mean": 37.521270752}, "spectral_decrease": {"min": -2.943346189e-08, "max": 2.02745847104e-28, "dvar2": 3.97772826254e-17, "median": -2.96931634836e-09, "dmean2": 3.83923381975e-09, "dmean": 2.47130738096e-09, "var": 2.36361053229e-17, "dvar": 1.66921474193e-17, "mean": -4.59961091437e-09}, "erbbands_kurtosis": {"min": -1.9005972147, "max": 80.7836074829, "dvar2": 24.8568820953, "median": 0.125177383423, "dmean2": 2.43652391434, "dmean": 1.50512290001, "var": 13.0767879486, "dvar": 9.7972650528, "mean": 0.996940612793}, "melbands_crest": {"min": 1.48499155045, "max": 39.7567138672, "dvar2": 40.4774131775, "median": 14.4367351532, "dmean2": 6.59630203247, "dmean": 4.03850889206, "var": 43.9575309753, "dvar": 15.7373142242, "mean": 15.0441331863}, "gfcc": {"cov": [[20844.2265625, -252.476119995, -3357.80493164, -923.86730957, -1514.56384277, -387.819793701, -830.128356934, 6.5114159584, -426.209350586, 18.9426345825, -222.963989258, -65.2666702271, -249.884536743], [-252.476119995, 1361.96777344, -6.14657974243, 25.6637649536, 40.3931465149, -225.329269409, 124.62991333, -192.357711792, -21.6855754852, -139.51965332, 76.6853027344, -52.5701255798, 61.0291213989], [-3357.80493164, -6.14657974243, 1560.69677734, 403.822296143, 213.069030762, 184.613830566, 18.1168441772, -15.6631689072, -9.79840946198, -48.7185211182, -80.2013473511, 2.60859274864, 13.4867343903], [-923.86730957, 25.6637649536, 403.822296143, 735.331970215, 306.427276611, 15.2600107193, 65.3079910278, -115.800949097, -26.3104934692, -105.072257996, -78.7361221313, -11.6113147736, 11.5830183029], [-1514.56384277, 40.3931465149, 213.069030762, 306.427276611, 459.517425537, 76.3157119751, 160.848449707, 8.72565746307, 37.2749061584, -21.881280899, -17.4832572937, -3.25932192802, 19.3064785004], [-387.819793701, -225.329269409, 184.613830566, 15.2600107193, 76.3157119751, 280.319335938, 76.6633300781, 65.2163543701, 13.5601634979, 27.0435466766, 5.32180547714, -5.96244192123, -11.8899755478], [-830.128356934, 124.62991333, 18.1168441772, 65.3079910278, 160.848449707, 76.6633300781, 228.65852356, 47.635345459, 50.1974830627, -2.80778741837, 18.4242801666, -9.8935508728, 1.72242128849], [6.5114159584, -192.357711792, -15.6631689072, -115.800949097, 8.72565746307, 65.2163543701, 47.635345459, 217.644241333, 98.7333831787, 75.2381286621, 10.3906755447, -2.11152267456, -23.4072570801], [-426.209350586, -21.6855754852, -9.79840946198, -26.3104934692, 37.2749061584, 13.5601634979, 50.1974830627, 98.7333831787, 163.581222534, 65.5295028687, 18.8263874054, -18.8765506744, -13.3601531982], [18.9426345825, -139.51965332, -48.7185211182, -105.072257996, -21.881280899, 27.0435466766, -2.80778741837, 75.2381286621, 65.5295028687, 128.219345093, 44.770866394, 8.74813938141, -20.9850845337], [-222.963989258, 76.6853027344, -80.2013473511, -78.7361221313, -17.4832572937, 5.32180547714, 18.4242801666, 10.3906755447, 18.8263874054, 44.770866394, 116.63356781, 30.7458744049, 8.54587364197], [-65.2666702271, -52.5701255798, 2.60859274864, -11.6113147736, -3.25932192802, -5.96244192123, -9.8935508728, -2.11152267456, -18.8765506744, 8.74813938141, 30.7458744049, 82.9139099121, 27.9287281036], [-249.884536743, 61.0291213989, 13.4867343903, 11.5830183029, 19.3064785004, -11.8899755478, 1.72242128849, -23.4072570801, -13.3601531982, -20.9850845337, 8.54587364197, 27.9287281036, 74.2715911865]], "icov": [[0.000170410901774, -0.000254306796705, 0.000442735472461, -0.000249997450737, 0.000372223294107, -0.000392035552068, 0.000567774288356, -0.000449526036391, 0.000488148216391, -0.000332218274707, 0.000752237043343, -0.000318930746289, 0.000453861575807], [-0.000254306796705, 0.00201697647572, -0.00096460559871, 0.000808936951216, -0.000548162090126, 0.00209107180126, -0.00224315654486, 0.00183505762834, -0.00114940805361, 0.00212063221261, -0.00303400494158, 0.00226363562979, -0.00146604981273], [0.000442735472461, -0.00096460559871, 0.00205355277285, -0.00113509839866, 0.000858926738147, -0.00190073030535, 0.00206064619124, -0.00143041391857, 0.00123556156177, -0.00110008532647, 0.00263828644529, -0.0013581214007, 0.00117872958072], [-0.000249997450737, 0.000808936951216, -0.00113509839866, 0.00311461905949, -0.00209823762998, 0.00111974508036, -0.00109584955499, 0.00226369989105, -0.00143926835153, 0.00204103719443, -0.000752973021008, 0.000482430215925, -9.89025647868e-05], [0.000372223294107, -0.000548162090126, 0.000858926738147, -0.00209823762998, 0.00497946841642, -0.00112444336992, -0.00108122359961, -0.00121117965318, 0.000853797537275, -0.00134075584356, 0.00190618331544, -0.000751288316678, -0.000119071773952], [-0.000392035552068, 0.00209107180126, -0.00190073030535, 0.00111974508036, -0.00112444336992, 0.00707392254844, -0.004006058909, 0.000797168817371, -8.53797610034e-05, 0.0011907464359, -0.00372374849394, 0.00296984589659, -0.00146505446173], [0.000567774288356, -0.00224315654486, 0.00206064619124, -0.00109584955499, -0.00108122359961, -0.004006058909, 0.0102359056473, -0.00341560854577, 0.000442391552497, -0.000272770499578, 0.00230928719975, -0.00190063531045, 0.00232758722268], [-0.000449526036391, 0.00183505762834, -0.00143041391857, 0.00226369989105, -0.00121117965318, 0.000797168817371, -0.00341560854577, 0.0104216216132, -0.00551886903122, 2.09937206819e-05, -0.00132097338792, 0.000364468171028, -0.000279332016362], [0.000488148216391, -0.00114940805361, 0.00123556156177, -0.00143926835153, 0.000853797537275, -8.53797610034e-05, 0.000442391552497, -0.00551886903122, 0.0124106919393, -0.00566519517452, 0.00173316989094, 0.00204606796615, 0.000264724338194], [-0.000332218274707, 0.00212063221261, -0.00110008532647, 0.00204103719443, -0.00134075584356, 0.0011907464359, -0.000272770499578, 2.09937206819e-05, -0.00566519517452, 0.0166676305234, -0.00736164767295, 0.000429306499427, 0.00194917875342], [0.000752237043343, -0.00303400494158, 0.00263828644529, -0.000752973021008, 0.00190618331544, -0.00372374849394, 0.00230928719975, -0.00132097338792, 0.00173316989094, -0.00736164767295, 0.0179325621575, -0.00767532829195, 0.00215537846088], [-0.000318930746289, 0.00226363562979, -0.0013581214007, 0.000482430215925, -0.000751288316678, 0.00296984589659, -0.00190063531045, 0.000364468171028, 0.00204606796615, 0.000429306499427, -0.00767532829195, 0.0192100293934, -0.00778316985816], [0.000453861575807, -0.00146604981273, 0.00117872958072, -9.89025647868e-05, -0.000119071773952, -0.00146505446173, 0.00232758722268, -0.000279332016362, 0.000264724338194, 0.00194917875342, 0.00215537846088, -0.00778316985816, 0.0189286358654]], "mean": [-59.7647705078, 77.6614990234, -130.859436035, 50.5417366028, -42.037147522, 20.0562038422, -27.0556163788, 7.82592058182, -21.1963748932, 1.89179289341, -14.3169546127, -4.71909475327, -11.7872438431]}, "melbands_spread": {"min": 0.267936110497, "max": 303.751373291, "dvar2": 528.973083496, "median": 26.5342464447, "dmean2": 17.1676845551, "dmean": 11.0433235168, "var": 849.394836426, "dvar": 235.735671997, "mean": 33.789806366}, "spectral_energy": {"min": 9.97988158387e-21, "max": 0.11265194416, "dvar2": 0.000576105550863, "median": 0.0130868535489, "dmean2": 0.014937305823, "dmean": 0.00968795921654, "var": 0.000384172657505, "dvar": 0.000244915514486, "mean": 0.019204325974}, "mfcc": {"cov": [[17731.3242188, 141.915588379, -2575.39404297, -982.712646484, -1275.5078125, -817.051025391, -706.069213867, -477.322540283, -452.73336792, -256.857269287, -128.806671143, -78.761680603, -172.902862549], [141.915588379, 1135.22375488, -30.0788879395, 65.8810348511, -120.341705322, -44.5018920898, 10.8340616226, -40.5650444031, -72.7655792236, -64.4744873047, -18.9157180786, -49.3533592224, -40.7873382568], [-2575.39404297, -30.0788879395, 1223.69348145, 197.416397095, 277.811309814, 157.462631226, 62.7988586426, 66.1654968262, 48.7080459595, 6.02739238739, -49.3408203125, -32.4702835083, -25.470954895], [-982.712646484, 65.8810348511, 197.416397095, 660.300292969, 217.26373291, 187.829452515, 46.3400382996, 70.2463378906, 42.2551078796, -50.1741867065, -43.6398620605, -32.7595863342, -46.6049575806], [-1275.5078125, -120.341705322, 277.811309814, 217.26373291, 322.70401001, 137.766189575, 85.7655334473, 68.2338790894, 75.7652435303, 33.5047111511, -10.0400524139, 8.8850736618, 16.3097686768], [-817.051025391, -44.5018920898, 157.462631226, 187.829452515, 137.766189575, 267.365020752, 120.230789185, 71.3198242188, 25.5110721588, 5.14227819443, -10.3129558563, -26.3609733582, -16.3151092529], [-706.069213867, 10.8340616226, 62.7988586426, 46.3400382996, 85.7655334473, 120.230789185, 190.612045288, 84.7566146851, 33.8918380737, 25.1660385132, 15.889383316, -6.17463064194, -2.40242290497], [-477.322540283, -40.5650444031, 66.1654968262, 70.2463378906, 68.2338790894, 71.3198242188, 84.7566146851, 141.2996521, 70.8387298584, 32.8587875366, 19.258392334, 5.67031908035, 5.31212997437], [-452.73336792, -72.7655792236, 48.7080459595, 42.2551078796, 75.7652435303, 25.5110721588, 33.8918380737, 70.8387298584, 147.773193359, 81.1614685059, 31.8387584686, 20.3985099792, 28.6891307831], [-256.857269287, -64.4744873047, 6.02739238739, -50.1741867065, 33.5047111511, 5.14227819443, 25.1660385132, 32.8587875366, 81.1614685059, 138.193832397, 68.6126937866, 34.766746521, 23.9922790527], [-128.806671143, -18.9157180786, -49.3408203125, -43.6398620605, -10.0400524139, -10.3129558563, 15.889383316, 19.258392334, 31.8387584686, 68.6126937866, 122.122642517, 59.851436615, 23.236907959], [-78.761680603, -49.3533592224, -32.4702835083, -32.7595863342, 8.8850736618, -26.3609733582, -6.17463064194, 5.67031908035, 20.3985099792, 34.766746521, 59.851436615, 105.928871155, 53.599395752], [-172.902862549, -40.7873382568, -25.470954895, -46.6049575806, 16.3097686768, -16.3151092529, -2.40242290497, 5.31212997437, 28.6891307831, 23.9922790527, 23.236907959, 53.599395752, 112.853118896]], "icov": [[0.000112709225505, 1.60947620316e-05, 0.00018382993585, 5.30850848008e-05, 0.000168509490322, 2.17541237362e-05, 0.000241843503318, -3.30972470692e-05, 8.25107563287e-05, -4.62070329377e-06, 0.000164782250067, -3.1650532037e-05, 0.000188520076335], [1.60947620316e-05, 0.00102300499566, -5.82257925998e-05, -0.000349615962477, 0.000572609074879, 0.00038134449278, -0.000542746449355, 0.000270989723504, 0.000232117294217, 0.000128347965074, -0.000190021281014, 0.000413575704442, -5.86586575082e-05], [0.00018382993585, -5.82257925998e-05, 0.0013625404099, 0.000213434934267, -0.000686921994202, -0.00024765933631, 0.000713246292435, -0.000289400486508, 0.000179007591214, -3.14188691846e-05, 0.00053546851268, 2.13782277569e-05, 0.000589312287048], [5.30850848008e-05, -0.000349615962477, 0.000213434934267, 0.00271984143183, -0.00154151604511, -0.00147277826909, 0.00134845275898, -0.000651750480756, -0.000917626777664, 0.00168034643866, -5.14734019816e-05, -0.000307895359583, 0.00122847978491], [0.000168509490322, 0.000572609074879, -0.000686921994202, -0.00154151604511, 0.00675231730565, -0.000870988878887, -0.00135382940061, 0.000540583860129, -0.00123907777015, -0.00111933320295, 0.00166647043079, -0.0011554795783, -0.00072393391747], [2.17541237362e-05, 0.00038134449278, -0.00024765933631, -0.00147277826909, -0.000870988878887, 0.0072632660158, -0.00349185359664, -0.000640666345134, 0.00124237127602, -0.000571807904635, -0.000155638059368, 0.00153880915605, -0.000254284299444], [0.000241843503318, -0.000542746449355, 0.000713246292435, 0.00134845275898, -0.00135382940061, -0.00349185359664, 0.0103837829083, -0.00457262480631, 0.00101505010389, -0.000231043901294, -0.000628125329968, 0.000548896554392, 0.000679065997247], [-3.30972470692e-05, 0.000270989723504, -0.000289400486508, -0.000651750480756, 0.000540583860129, -0.000640666345134, -0.00457262480631, 0.0128951817751, -0.00545912608504, 0.00120186444838, -0.000947209540755, -0.000318189675454, 0.000316125457175], [8.25107563287e-05, 0.000232117294217, 0.000179007591214, -0.000917626777664, -0.00123907777015, 0.00124237127602, 0.00101505010389, -0.00545912608504, 0.0143358521163, -0.00749889574945, 0.00103622069582, 0.000931895279791, -0.00219711381942], [-4.62070329377e-06, 0.000128347965074, -3.14188691846e-05, 0.00168034643866, -0.00111933320295, -0.000571807904635, -0.000231043901294, 0.00120186444838, -0.00749889574945, 0.0155065422878, -0.0067052943632, 0.000279060972389, 0.000601560634095], [0.000164782250067, -0.000190021281014, 0.00053546851268, -5.14734019816e-05, 0.00166647043079, -0.000155638059368, -0.000628125329968, -0.000947209540755, 0.00103622069582, -0.0067052943632, 0.0158874969929, -0.0077880253084, 0.0016409708187], [-3.1650532037e-05, 0.000413575704442, 2.13782277569e-05, -0.000307895359583, -0.0011554795783, 0.00153880915605, 0.000548896554392, -0.000318189675454, 0.000931895279791, 0.000279060972389, -0.0077880253084, 0.0175307169557, -0.00662405416369], [0.000188520076335, -5.86586575082e-05, 0.000589312287048, 0.00122847978491, -0.00072393391747, -0.000254284299444, 0.000679065997247, 0.000316125457175, -0.00219711381942, 0.000601560634095, 0.0016409708187, -0.00662405416369, 0.0130753321573]], "mean": [-692.535095215, 98.0749893188, -15.9031543732, 34.1351356506, 10.0781736374, 17.0946559906, 8.92121696472, 7.03729820251, 2.5687494278, 6.72687673569, 0.233254015446, 0.335037320852, 0.540338218212]}, "spectral_contrast_valleys": {"min": [-27.942035675, -27.9281539917, -27.7138328552, -27.4279842377, -27.4899406433, -27.3877563477], "max": [-5.49964809418, -4.74325704575, -5.29557704926, -5.00493621826, -5.41884469986, -7.88686561584], "dvar2": [0.487138658762, 0.763973474503, 0.676484107971, 0.549807846546, 0.627165794373, 0.474766463041], "median": [-7.68035268784, -7.52950048447, -7.61133384705, -7.45542812347, -7.20119190216, -10.4169149399], "dmean2": [0.741913497448, 0.873499453068, 0.776222229004, 0.682746827602, 0.630229830742, 0.562684953213], "dmean": [0.497556000948, 0.595317542553, 0.535915851593, 0.478795230389, 0.450565576553, 0.449758797884], "var": [2.28855133057, 3.15513968468, 3.18708586693, 3.21613812447, 3.14520382881, 2.61255383492], "dvar": [0.264301687479, 0.420937359333, 0.367138236761, 0.317905128002, 0.353747904301, 0.293432086706], "mean": [-7.90588665009, -7.91215658188, -8.04853057861, -7.93653106689, -7.70874118805, -10.7008132935]}, "barkbands_flatness_db": {"min": 0.0163257885724, "max": 0.499470919371, "dvar2": 0.00287137250416, "median": 0.123042225838, "dmean2": 0.0478640832007, "dmean": 0.0305579844862, "var": 0.00533682480454, "dvar": 0.00119660131168, "mean": 0.143599644303}, "dynamic_complexity": 4.97254705429, "erbbands_flatness_db": {"min": 0.0365821532905, "max": 0.417929947376, "dvar2": 0.000903744716197, "median": 0.16584251821, "dmean2": 0.0315478779376, "dmean": 0.022148039192, "var": 0.00229085655883, "dvar": 0.000456410867628, "mean": 0.168983533978}, "hfc": {"min": 1.10723591e-16, "max": 228.388275146, "dvar2": 94.2800674438, "median": 14.9