{"lowlevel": {"spectral_complexity": {"min": 0, "max": 51, "dvar2": 18.4645309448, "median": 10, "dmean2": 3.32813644409, "dmean": 2.29149198532, "var": 74.3296585083, "dvar": 9.66713809967, "mean": 11.438750267}, "silence_rate_20dB": {"min": 1, "max": 1, "dvar2": 0, "median": 1, "dmean2": 0, "dmean": 0, "var": 0, "dvar": 0, "mean": 1}, "average_loudness": 0.862346351147, "erbbands_spread": {"min": 0.407660037279, "max": 186.152191162, "dvar2": 307.556152344, "median": 24.1931095123, "dmean2": 12.3523902893, "dmean": 8.35933876038, "var": 559.593994141, "dvar": 145.132247925, "mean": 31.0491161346}, "spectral_kurtosis": {"min": -1.44382143021, "max": 294.937896729, "dvar2": 145.509078979, "median": 6.04791879654, "dmean2": 5.96508979797, "dmean": 3.76397252083, "var": 336.186187744, "dvar": 62.6405944824, "mean": 10.4854784012}, "barkbands_kurtosis": {"min": -1.9737278223, "max": 907.625183105, "dvar2": 1193.72753906, "median": 4.16702079773, "dmean2": 11.7990207672, "dmean": 7.44844293594, "var": 1486.35583496, "dvar": 468.169311523, "mean": 13.4953231812}, "spectral_strongpeak": {"min": 0, "max": 12.0449151993, "dvar2": 1.74500381947, "median": 0.421041220427, "dmean2": 0.771403074265, "dmean": 0.467508107424, "var": 1.66392791271, "dvar": 0.734575986862, "mean": 0.912992417812}, "spectral_spread": {"min": 402796.25, "max": 30229380, "dvar2": 2143463931900.0, "median": 3624435.5, "dmean2": 963822.5, "dmean": 685164.5625, "var": 5083577188350.0, "dvar": 1101182402560.0, "mean": 4243219}, "spectral_rms": {"min": 5.74743125981e-06, "max": 0.0126274963841, "dvar2": 3.38817017109e-06, "median": 0.00405049696565, "dmean2": 0.00112722744234, "dmean": 0.000757178931963, "var": 5.63189405511e-06, "dvar": 1.49703646457e-06, "mean": 0.00405546277761}, "erbbands": {"min": [2.98692441447e-07, 1.4590233377e-06, 5.23664368757e-07, 1.18704247143e-06, 6.591451438e-06, 1.58332641149e-05, 4.34881530964e-06, 4.70588247481e-06, 7.51192101234e-06, 3.08662333737e-06, 3.3470994822e-05, 1.50126461449e-05, 3.21509492096e-06, 2.85131432065e-06, 5.7983129409e-06, 9.58430973697e-06, 6.07407901043e-06, 5.52912842977e-06, 7.80062600825e-06, 5.20945559401e-06, 3.87673026125e-06, 2.18147374653e-06, 1.54429585564e-06, 1.35238315124e-06, 3.8780954128e-06, 3.08902372126e-06, 1.99038959181e-06, 4.02454270443e-06, 1.76673927399e-06, 1.19898004414e-06, 5.39108157227e-07, 3.2697852248e-07, 7.26483165181e-07, 2.58353480831e-07, 1.4688528438e-07, 8.9588709784e-08, 9.86652111123e-08, 1.08409992094e-07, 1.14178222432e-08, 1.38776756753e-09], "max": [3.35897874832, 29.5968132019, 67.0815505981, 109.043205261, 361.988128662, 374.37802124, 514.38293457, 709.581420898, 1352.98596191, 1643.33862305, 1743.65576172, 1700.38818359, 1131.23071289, 1423.55505371, 1244.31518555, 2483.0078125, 2013.73779297, 2464.53857422, 1668.68395996, 1761.32995605, 1073.6394043, 915.086975098, 759.892944336, 577.782653809, 590.768005371, 307.169586182, 125.569061279, 206.282684326, 240.02696228, 40.8856620789, 44.2449188232, 76.8160095215, 105.004341125, 29.6049633026, 14.7794542313, 7.87395715714, 2.2480328083, 0.479400366545, 0.100521974266, 0.00398758193478], "dvar2": [0.191972017288, 12.2253217697, 90.8945541382, 198.093063354, 523.730957031, 1712.43859863, 702.047302246, 743.992248535, 2592.7644043, 5499.79443359, 10195.3310547, 6016.38964844, 5632.56298828, 4769.72998047, 3691.25390625, 8612.01855469, 7342.86621094, 6330.26220703, 5706.72119141, 3089.32983398, 1256.46936035, 593.295898438, 728.971313477, 554.472290039, 317.76574707, 86.1877593994, 32.6821289062, 40.2019920349, 34.6130027771, 8.936003685, 4.94160318375, 9.68606853485, 14.0352191925, 2.35974621773, 0.380617201328, 0.103933095932, 0.0113868247718, 0.000429845735198, 1.0612630831e-05, 2.62511576921e-08], "median": [0.0247671864927, 0.164608776569, 0.530599713326, 1.34461307526, 2.01068878174, 3.66444540024, 4.78692483902, 4.80557441711, 7.02260112762, 8.08189582825, 6.7866563797, 5.38236999512, 4.06652784348, 4.15476894379, 3.23403525352, 2.76637363434, 2.66985630989, 2.04459500313, 1.80202698708, 1.47143507004, 1.10566234589, 0.98255944252, 1.19274544716, 1.27794361115, 1.40815520287, 0.885656654835, 0.515983819962, 0.481606721878, 0.416830003262, 0.170064717531, 0.124990582466, 0.127354353666, 0.119573295116, 0.046859882772, 0.0161574874073, 0.00615648273379, 0.00206439802423, 0.00039503822336, 5.67807692278e-05, 2.57388146565e-05], "dmean2": [0.128731071949, 1.04035139084, 2.76166987419, 5.35488176346, 7.77463102341, 13.7038097382, 12.1879758835, 11.5386915207, 18.4803314209, 28.9373893738, 37.7982635498, 27.2134399414, 23.3361186981, 24.0001583099, 19.9393177032, 26.239812851, 25.7073726654, 21.4534626007, 17.5324821472, 12.5916700363, 8.99852657318, 7.20019435883, 8.25425624847, 7.72974777222, 6.05352210999, 3.60486197472, 1.99770212173, 2.00998973846, 1.85491478443, 1.06142699718, 0.740226745605, 0.718935132027, 0.750179111958, 0.354131817818, 0.163633704185, 0.0862930640578, 0.0276839584112, 0.0054841991514, 0.000759831513278, 4.73289255751e-05], "dmean": [0.0752849057317, 0.599585175514, 1.56458342075, 3.12390875816, 4.53062534332, 8.2546672821, 7.34729385376, 7.22029590607, 11.7180242538, 19.2959346771, 24.7500743866, 17.7426490784, 15.1189651489, 15.9270210266, 13.3936548233, 17.859128952, 17.1149406433, 15.0622692108, 12.0821828842, 8.4905424118, 6.35308837891, 5.07183837891, 5.62361812592, 5.26410388947, 4.09246635437, 2.47316074371, 1.34538590908, 1.37219333649, 1.32633340359, 0.792215883732, 0.538736999035, 0.497567683458, 0.509854137897, 0.243103817105, 0.111740484834, 0.0594965368509, 0.0187773257494, 0.00371340010315, 0.000505499891005, 3.17628218909e-05], "var": [0.0633592307568, 4.20970249176, 27.268951416, 90.9495697021, 201.690673828, 628.856994629, 511.549194336, 539.433044434, 1681.55163574, 5347.98925781, 10343.3085938, 5461.70898438, 3917.13769531, 4763.09082031, 4931.82568359, 9334.19140625, 9622.31738281, 8073.359375, 5518.23486328, 2538.16577148, 1909.64001465, 1011.35021973, 959.795288086, 825.894897461, 374.556915283, 131.898620605, 27.9933223724, 39.0518188477, 35.4634590149, 12.7924594879, 5.98623657227, 7.38680553436, 10.6265916824, 1.88783681393, 0.255801290274, 0.0722432136536, 0.00706939585507, 0.000283211789792, 6.14533018961e-06, 1.62644138157e-08], "dvar": [0.0699425190687, 4.40005254745, 32.2101211548, 73.992515564, 197.027740479, 648.776550293, 284.808776855, 314.048278809, 1077.89038086, 2603.59204102, 4468.64013672, 2551.13964844, 2269.7265625, 2038.57592773, 1607.28088379, 3928.98535156, 3156.26586914, 3192.36523438, 2573.47192383, 1295.56286621, 633.292358398, 320.22164917, 334.335693359, 265.501922607, 140.832092285, 45.9901313782, 14.1265296936, 18.5494384766, 16.9420528412, 5.07289218903, 2.63136053085, 4.45579862595, 6.44685792923, 1.03508710861, 0.163301229477, 0.0501112826169, 0.00525254895911, 0.000203714138479, 4.89509648105e-06, 1.23472974067e-08], "mean": [0.109242983162, 1.0284665823, 2.30150198936, 5.39310646057, 6.58961725235, 11.2669458389, 11.7554254532, 12.1286067963, 19.6416702271, 32.1684761047, 41.9840812683, 30.2457466125, 24.1594333649, 27.8673667908, 25.6139793396, 31.8382015228, 31.3452224731, 25.8828048706, 20.1455459595, 14.3456802368, 11.9384441376, 9.98286724091, 10.9066877365, 10.6174678802, 8.16760730743, 4.82421064377, 2.52487874031, 2.59015679359, 2.43619394302, 1.40016281605, 0.929956257343, 0.841126859188, 0.811861991882, 0.379012703896, 0.154963538051, 0.0737048089504, 0.0228253062814, 0.00441485131159, 0.000573216471821, 5.27049924131e-05]}, "zerocrossingrate": {"min": 0.0029296875, "max": 0.548828125, "dvar2": 0.00024202199711, "median": 0.03515625, "dmean2": 0.0099303368479, "dmean": 0.00892862770706, "var": 0.00180856813677, "dvar": 0.000228140357649, "mean": 0.0443350747228}, "spectral_contrast_coeffs": {"min": [-0.943424642086, -0.936378240585, -0.946181833744, -0.957632482052, -0.951825916767, -0.953664124012], "max": [-0.228439599276, -0.332928270102, -0.341113477945, -0.463535279036, -0.523274838924, -0.595260262489], "dvar2": [0.0046453261748, 0.00401641568169, 0.00277899275534, 0.00188888737466, 0.00105583341792, 0.000701466051396], "median": [-0.638872623444, -0.71745467186, -0.750355482101, -0.771562576294, -0.793823242188, -0.781105220318], "dmean2": [0.0787983611226, 0.0745359361172, 0.0604474134743, 0.05113068223, 0.0373825617135, 0.0280058365315], "dmean": [0.0489415600896, 0.0467010363936, 0.0389640182257, 0.0335161052644, 0.0247406847775, 0.0185345597565], "var": [0.0113032674417, 0.0072254864499, 0.00686396937817, 0.00598001014441, 0.00365505437367, 0.00201832293533], "dvar": [0.00197438336909, 0.00168950634543, 0.00123968138359, 0.000911246810574, 0.000525912095327, 0.000341135571944], "mean": [-0.625783145428, -0.709539890289, -0.746004760265, -0.764404892921, -0.789334833622, -0.783291816711]}, "dissonance": {"min": 0.0778175890446, "max": 0.500000059605, "dvar2": 0.00206193956546, "median": 0.447302222252, "dmean2": 0.047722838819, "dmean": 0.0290180202574, "var": 0.00229981355369, "dvar": 0.000792114937212, "mean": 0.435296297073}, "spectral_energyband_high": {"min": 8.55526816057e-10, "max": 0.00984027702361, "dvar2": 2.58871352798e-07, "median": 6.4636064053e-05, "dmean2": 0.000187961471966, "dmean": 0.000139910684084, "var": 3.68756047919e-07, "dvar": 1.41042306723e-07, "mean": 0.00029027464916}, "spectral_skewness": {"min": -0.552314162254, "max": 14.5007629395, "dvar2": 0.536630153656, "median": 1.93353748322, "dmean2": 0.553754806519, "dmean": 0.367299169302, "var": 1.72916865349, "dvar": 0.24638684094, "mean": 2.22764205933}, "spectral_flux": {"min": 0.000227325581363, "max": 0.371653556824, "dvar2": 0.00317944353446, "median": 0.0541209205985, "dmean2": 0.0396308302879, "dmean": 0.0255457889289, "var": 0.00353281246498, "dvar": 0.00147331145126, "mean": 0.0699395686388}, "silence_rate_30dB": {"min": 0, "max": 1, "dvar2": 0.00630535185337, "median": 1, "dmean2": 0.00441241357476, "dmean": 0.00220604450442, "var": 0.001321932883, "dvar": 0.00220148731023, "mean": 0.998676478863}, "spectral_energyband_middle_high": {"min": 1.20201637532e-09, "max": 0.0752009227872, "dvar2": 1.90925275092e-05, "median": 0.000992637360469, "dmean2": 0.00216463347897, "dmean": 0.00157260580454, "var": 5.66537382838e-05, "dvar": 1.0000407201e-05, "mean": 0.00432232907042}, "barkbands_spread": {"min": 0.0816125944257, "max": 127.501014709, "dvar2": 113.938346863, "median": 10.2459468842, "dmean2": 6.30364894867, "dmean": 4.23011541367, "var": 173.930221558, "dvar": 54.0427360535, "mean": 13.5609922409}, "spectral_centroid": {"min": 122.551170349, "max": 7754.93652344, "dvar2": 151492.5625, "median": 739.278320312, "dmean2": 267.629760742, "dmean": 183.66293335, "var": 381246.40625, "dvar": 79382.8125, "mean": 889.245361328}, "pitch_salience": {"min": 0.0403814986348, "max": 0.898290336132, "dvar2": 0.0119946552441, "median": 0.556443214417, "dmean2": 0.113545283675, "dmean": 0.0700867399573, "var": 0.0174632146955, "dvar": 0.00471532903612, "mean": 0.539994060993}, "erbbands_skewness": {"min": -6.5386800766, "max": 12.2332735062, "dvar2": 0.594691753387, "median": 0.830265104771, "dmean2": 0.68857228756, "dmean": 0.458238571882, "var": 1.29914832115, "dvar": 0.269312232733, "mean": 0.917237043381}, "erbbands_crest": {"min": 2.34123730659, "max": 33.219833374, "dvar2": 19.1842556, "median": 10.0820350647, "dmean2": 4.68262815475, "dmean": 2.94473028183, "var": 25.1099491119, "dvar": 8.07607650757, "mean": 11.1944999695}, "melbands": {"min": [2.52970888681e-09, 8.62098004095e-10, 6.16821316246e-10, 1.09939146675e-09, 2.42123432415e-10, 1.24735097251e-10, 9.81955003421e-11, 4.3916051351e-11, 2.10562484115e-10, 9.01136387732e-11, 1.22418915283e-11, 9.90255707295e-12, 1.94438753293e-11, 2.16754704463e-11, 2.16536545639e-11, 1.09622970423e-11, 9.19180183356e-12, 1.36634340994e-11, 5.90548270007e-12, 4.6275305636e-12, 4.40376858243e-12, 1.9445779622e-12, 2.09732231582e-12, 1.29053755529e-12, 9.53458340926e-13, 1.31728232922e-12, 2.44784682975e-12, 1.9156126338e-12, 8.98809455682e-13, 2.05046548317e-12, 2.32368681588e-12, 8.2705354067e-13, 9.9253678193e-13, 5.68401012022e-13, 3.82766653659e-13, 1.30545802033e-13, 2.10878772669e-13, 4.95068883891e-13, 4.02190487945e-13, 1.79098990955e-13], "max": [0.0322728902102, 0.0334179252386, 0.0234169028699, 0.0236021094024, 0.0158213637769, 0.0141926528886, 0.021713912487, 0.0177252478898, 0.0139542194083, 0.00955329835415, 0.00559854647145, 0.00544438604265, 0.00627050315961, 0.00708357151598, 0.00555125856772, 0.00489160837606, 0.00472632655874, 0.00306456373073, 0.00218073045835, 0.00170296768192, 0.00138067500666, 0.00106407236308, 0.000975001836196, 0.000531128258444, 0.000563237816095, 0.000548890733626, 0.000394552655052, 0.000243785703788, 0.00011487439042, 0.000134421745315, 0.000117946336104, 0.000188733451068, 3.42009952874e-05, 2.70848395303e-05, 2.53850648733e-05, 4.4093489123e-05, 5.68094255868e-05, 8.8930799393e-05, 4.54334076494e-05, 1.99831083592e-05], "dvar2": [1.53041219164e-05, 2.26905140153e-05, 5.58826741326e-06, 6.11324730926e-06, 8.7334848331e-07, 3.55168509714e-07, 6.62598040435e-07, 7.06430625996e-07, 6.04088143064e-07, 2.56355775718e-07, 1.40175799856e-07, 7.40045535963e-08, 5.65339561831e-08, 5.79345922347e-08, 4.24127044596e-08, 4.40701626303e-08, 2.67422652911e-08, 2.08616306452e-08, 8.84358630771e-09, 4.02822175616e-09, 1.77517689437e-09, 9.91601689648e-10, 7.67477081887e-10, 6.14349349171e-10, 5.00263830361e-10, 2.41195591277e-10, 1.4103908319e-10, 3.84362541794e-11, 1.79445520943e-11, 1.58264026884e-11, 1.65721412287e-11, 1.92204602928e-11, 4.45140061964e-12, 3.11696133314e-12, 1.89318461082e-12, 2.25409751628e-12, 5.47588970695e-12, 8.94046035121e-12, 4.83557161327e-12, 1.23551602976e-12], "median": [0.00024032118381, 0.000299122184515, 0.000260219821939, 0.000208994082641, 0.000180768794962, 0.000112397516205, 0.000107631145511, 8.53289020597e-05, 4.63174801553e-05, 2.66966926574e-05, 1.59395840456e-05, 1.410789082e-05, 1.05531235022e-05, 7.09349478711e-06, 5.0425178415e-06, 4.84299016534e-06, 2.73801060757e-06, 2.34784283748e-06, 2.27353166338e-06, 1.2010757473e-06, 1.10504072381e-06, 9.71326699073e-07, 8.7282091954e-07, 9.65887920756e-07, 8.95268328804e-07, 8.84895086983e-07, 8.92486923476e-07, 4.44181949888e-07, 2.82528930029e-07, 2.62890694103e-07, 2.64338893885e-07, 2.4955892286e-07, 1.27978836417e-07, 6.85606877937e-08, 6.54048761817e-08, 6.37832755501e-08, 7.72537305238e-08, 8.59877644643e-08, 5.84904782386e-08, 2.93262836237e-08], "dmean2": [0.0011598803103, 0.00140185118653, 0.00092487008078, 0.0008014375926, 0.000439212599304, 0.00026309635723, 0.000298113882309, 0.000338217243552, 0.000289244198939, 0.000174623972271, 0.000115502109111, 9.46091022342e-05, 7.62725612731e-05, 7.16616996215e-05, 5.97541875322e-05, 6.11770446994e-05, 4.24199570261e-05, 3.30432449118e-05, 2.28177395911e-05, 1.57418835443e-05, 1.08225312943e-05, 8.6652526079e-06, 8.16562169348e-06, 7.99150620878e-06, 7.00781401974e-06, 5.25436234966e-06, 4.23539086114e-06, 2.27484679272e-06, 1.40455404107e-06, 1.20151526062e-06, 1.31282297389e-06, 1.24882683394e-06, 7.97095822236e-07, 5.95132235048e-07, 4.52963263342e-07, 4.38518867441e-07, 4.90874015213e-07, 5.71702628349e-07, 4.73056644523e-07, 2.65786866294e-07], "dmean": [0.000681847566739, 0.00080618832726, 0.000540429318789, 0.000478799483972, 0.000266005052254, 0.000165008634212, 0.000189796672203, 0.000225341849728, 0.000189697690075, 0.000113320849778, 7.45729994378e-05, 6.2619408709e-05, 5.03000628669e-05, 4.86906465085e-05, 3.9777267375e-05, 4.08007435908e-05, 2.91754895443e-05, 2.24201139645e-05, 1.49168063217e-05, 1.0713566553e-05, 7.48151478547e-06, 5.93449340158e-06, 5.43256237506e-06, 5.41649205843e-06, 4.6712339099e-06, 3.48792491423e-06, 2.81230654764e-06, 1.53200642217e-06, 9.24530354496e-07, 7.82620020345e-07, 8.86476925643e-07, 8.68675215315e-07, 5.64305992157e-07, 4.31446125049e-07, 3.23386018408e-07, 3.02321495838e-07, 3.30714613028e-07, 3.84813006349e-07, 3.1669009104e-07, 1.78026311914e-07], "var": [5.43027954336e-06, 7.29470957594e-06, 2.58962222688e-06, 2.11424685403e-06, 6.1917739913e-07, 2.67848463409e-07, 4.5398425641e-07, 7.66835796639e-07, 5.75972705974e-07, 2.18924768092e-07, 9.59486854413e-08, 7.23536643932e-08, 6.33604031464e-08, 8.44295797719e-08, 4.67319836162e-08, 5.40245217451e-08, 3.03679783542e-08, 1.98371061799e-08, 6.99801105952e-09, 4.2985672799e-09, 2.40045672228e-09, 1.28666055588e-09, 9.11973330187e-10, 8.07583000473e-10, 6.0920146705e-10, 3.14038267613e-10, 1.39048828007e-10, 5.08456679538e-11, 1.28489979073e-11, 8.99380049602e-12, 1.83044690516e-11, 1.58096712805e-11, 5.4928925991e-12, 3.72923740499e-12, 2.02348164266e-12, 2.0484824774e-12, 3.5283705211e-12, 6.06627725483e-12, 3.77583945013e-12, 8.96501948199e-13], "dvar": [5.65402797292e-06, 8.12960479379e-06, 2.1210767045e-06, 2.30636032938e-06, 3.48424322283e-07, 1.50208606442e-07, 2.77680612726e-07, 3.33535922437e-07, 2.6112974183e-07, 1.08218856099e-07, 5.64137287995e-08, 3.16114991961e-08, 2.48388047908e-08, 2.74856475357e-08, 1.86013302539e-08, 2.0026291736e-08, 1.31795081515e-08, 9.53151335636e-09, 3.92862808951e-09, 1.86336768238e-09, 8.81616057935e-10, 4.99747687677e-10, 3.438152818e-10, 2.87599999371e-10, 2.28269889102e-10, 1.11465302266e-10, 6.23949988898e-11, 2.00778612486e-11, 7.41777125834e-12, 6.39637865243e-12, 7.95203052711e-12, 8.68052157932e-12, 2.356246925e-12, 1.63808040483e-12, 9.52080753645e-13, 1.10499998908e-12, 2.39469078248e-12, 4.02714146752e-12, 2.16120676043e-12, 5.17864668249e-13], "mean": [0.00112666434143, 0.00132294709329, 0.000931092305109, 0.000650303205475, 0.000436877016909, 0.000280578591628, 0.000320145656588, 0.000382121303119, 0.000316343619488, 0.000183178010047, 0.00011395553156, 0.000106182007585, 8.83388202055e-05, 8.83819593582e-05, 6.7420231062e-05, 6.84700426064e-05, 4.57204005215e-05, 3.42913881468e-05, 2.22552589548e-05, 1.70425792021e-05, 1.31201941258e-05, 1.04805840238e-05, 9.66925199464e-06, 9.71184454102e-06, 8.54195059219e-06, 6.41811084279e-06, 5.01021531818e-06, 2.72588363259e-06, 1.59608907779e-06, 1.33166224714e-06, 1.60323679665e-06, 1.53234020672e-06, 9.48901742959e-07, 7.1491149356e-07, 5.29468479726e-07, 4.83603685097e-07, 5.32747378656e-07, 5.9385502027e-07, 4.79697860101e-07, 2.66389747594e-07]}, "spectral_entropy": {"min": 3.69806742668, "max": 8.86456298828, "dvar2": 0.142700642347, "median": 7.09611415863, "dmean2": 0.314780622721, "dmean": 0.218211978674, "var": 0.505308032036, "dvar": 0.0704545527697, "mean": 6.99184179306}, "spectral_rolloff": {"min": 43.06640625, "max": 18841.5527344, "dvar2": 2104197.5, "median": 624.462890625, "dmean2": 555.736755371, "dmean": 328.766601562, "var": 2383917, "dvar": 987857.3125, "mean": 1050.42163086}, "barkbands": {"min": [1.05756049751e-10, 7.83065967624e-09, 2.97960059403e-11, 6.63560151271e-10, 5.6224327416e-09, 6.25353879791e-10, 3.26246002436e-10, 5.96394433838e-10, 7.50467576971e-10, 8.46452838377e-11, 1.23815582787e-10, 2.00011368579e-10, 1.38184810816e-10, 9.0284023313e-11, 1.17152385015e-10, 7.80587192106e-11, 3.66532151852e-11, 2.91670021468e-11, 2.90548331922e-11, 6.00846872256e-11, 8.35221614093e-11, 4.82268391888e-11, 2.35734556875e-11, 3.2063154215e-11, 2.01069456224e-11, 4.68662955666e-11, 9.48562201009e-11], "max": [0.00838530343026, 0.126121371984, 0.0757597982883, 0.0618980005383, 0.0887091979384, 0.0590626001358, 0.100165873766, 0.0698308572173, 0.0564271099865, 0.0289583206177, 0.0444322712719, 0.0512030608952, 0.0405782349408, 0.0421513095498, 0.0267019085586, 0.0212225839496, 0.0127272326499, 0.0133670615032, 0.00869265664369, 0.00554444547743, 0.00444493908435, 0.00586346862838, 0.00154679804109, 0.00517375115305, 0.0017930844333, 0.00153029174544, 0.000505969976075], "dvar2": [6.41835640636e-07, 0.000210676647839, 8.53291712701e-05, 2.12486484088e-05, 9.37154181884e-05, 9.58745386015e-06, 1.83462270797e-05, 2.24485593208e-05, 1.07573432615e-05, 3.66398899132e-06, 4.18026274929e-06, 4.40374742539e-06, 3.82316056857e-06, 2.64674145001e-06, 1.9193416847e-06, 5.74330044856e-07, 2.41956939817e-07, 2.79877156117e-07, 1.42884928778e-07, 4.2751366891e-08, 2.24165521701e-08, 2.26493614974e-08, 6.6633076834e-09, 3.64426782085e-08, 1.03322843614e-08, 3.88805565521e-09, 3.00182101398e-10], "median": [8.90196861292e-06, 0.000804789247923, 0.00043547374662, 0.000423674064223, 0.00107135204598, 0.000650896225125, 0.000480363087263, 0.0002665744978, 0.00015934529074, 9.47655935306e-05, 8.83542161318e-05, 5.54401121917e-05, 4.72695246572e-05, 2.51098699664e-05, 2.94087949442e-05, 1.5169101971e-05, 1.75232598849e-05, 2.14893880184e-05, 2.55527593254e-05, 1.97891022253e-05, 1.1625164916e-05, 1.03676047729e-05, 4.32476008427e-06, 7.12911423761e-06, 3.17193689625e-06, 1.21906487038e-06, 2.54426709034e-07], "dmean2": [0.000250485725701, 0.00433466676623, 0.00273703527637, 0.00188629503828, 0.00338820717297, 0.00144287734292, 0.00158640532754, 0.0018422761932, 0.0011637507705, 0.00064582657069, 0.000684601836838, 0.000632039271295, 0.000582505599596, 0.000443923694547, 0.000326202134602, 0.00019643730775, 0.000150686289999, 0.000171254825545, 0.000137582435855, 8.33624217194e-05, 4.84699085064e-05, 4.85529271828e-05, 2.74122867268e-05, 4.0108239773e-05, 2.62029370788e-05, 1.66677364177e-05, 4.14813757743e-06], "dmean": [0.000151867439854, 0.0025375818368, 0.00155745912343, 0.00110581645276, 0.0020304187201, 0.000893665361218, 0.001010986045, 0.00119579874445, 0.000746410281863, 0.000420069380198, 0.000450805964647, 0.000426924350904, 0.000384210667107, 0.000302566972096, 0.000211987644434, 0.000135205395054, 0.00010145700071, 0.000114991620649, 9.18863079278e-05, 5.65481750527e-05, 3.24320681102e-05, 3.49632973666e-05, 2.01220318559e-05, 2.74962294498e-05, 1.80026218004e-05, 1.14589302029e-05, 2.77924868897e-06], "var": [2.70843457884e-07, 7.63976422604e-05, 2.7057258194e-05, 1.18427069538e-05, 3.60061567335e-05, 7.08030211172e-06, 1.34570964292e-05, 2.49961121881e-05, 8.57410577737e-06, 3.05865114569e-06, 4.30220597991e-06, 5.58092415304e-06, 4.8925980991e-06, 3.11630537908e-06, 1.37024437663e-06, 7.75453031565e-07, 3.00136264286e-07, 3.8642878053e-07, 1.85736809044e-07, 5.70304585779e-08, 1.7116608575e-08, 2.44594868803e-08, 8.33731661487e-09, 2.84963324049e-08, 7.98450106032e-09, 2.69457456348e-09, 1.84039200546e-10], "dvar": [2.3825096207e-07, 7.75527587393e-05, 3.06394940708e-05, 8.04829051049e-06, 3.53240284312e-05, 3.95009737986e-06, 7.93359686213e-06, 1.01375744634e-05, 4.44087163487e-06, 1.49852985487e-06, 1.82658652648e-06, 2.02308478947e-06, 1.69104237102e-06, 1.30236105633e-06, 8.15503597096e-07, 2.8532002716e-07, 1.16959910201e-07, 1.34004309871e-07, 6.63497914388e-08, 2.08256363265e-08, 9.51478629219e-09, 1.13109193123e-08, 3.57315999011e-09, 1.69426286334e-08, 4.46620518346e-09, 1.8851551431e-09, 1.41719164182e-10], "mean": [0.000176925925189, 0.00435315258801, 0.00218641501851, 0.00185250677168, 0.00296872342005, 0.00150688004214, 0.00163310533389, 0.00198915158398, 0.0011896538781, 0.000680653087329, 0.00075484928675, 0.000752929947339, 0.000661421334371, 0.00047027313849, 0.000308242277242, 0.000225593612413, 0.000178156755283, 0.000213505889405, 0.000173764827196, 0.000106098916149, 5.94496232225e-05, 6.41218211967e-05, 3.49585352524e-05, 4.58866452391e-05, 2.70410146186e-05, 1.41132359204e-05, 3.11449298351e-06]}, "melbands_flatness_db": {"min": 0.0403299555182, "max": 0.753028452396, "dvar2": 0.00228008441627, "median": 0.253767520189, "dmean2": 0.0410923957825, "dmean": 0.0288060829043, "var": 0.0121048092842, "dvar": 0.00114100938663, "mean": 0.275299489498}, "melbands_skewness": {"min": -5.5437836647, "max": 19.4983463287, "dvar2": 2.43168854713, "median": 2.19494819641, "dmean2": 1.23575460911, "dmean": 0.825473845005, "var": 5.18251848221, "dvar": 1.10496127605, "mean": 2.70691490173}, "barkbands_skewness": {"min": -6.64630699158, "max": 26.3224639893, "dvar2": 2.01083564758, "median": 1.65973234177, "dmean2": 1.08282518387, "dmean": 0.724862217903, "var": 4.80399131775, "dvar": 0.868578076363, "mean": 2.08808970451}, "silence_rate_60dB": {"min": 0, "max": 1, "dvar2": 0.0909827798605, "median": 0, "dmean2": 0.0885424315929, "dmean": 0.0442679598927, "var": 0.160916179419, "dvar": 0.0423031747341, "mean": 0.201470583677}, "spectral_energyband_low": {"min": 9.03718788692e-09, "max": 0.145899429917, "dvar2": 0.000478315225337, "median": 0.00250135594979, "dmean2": 0.00703408522531, "dmean": 0.00421237526461, "var": 0.0001996132778, "dvar": 0.000183471100172, "mean": 0.00787620618939}, "spectral_energyband_middle_low": {"min": 1.1991369675e-08, "max": 0.150538668036, "dvar2": 0.000221425812924, "median": 0.0071141985245, "dmean2": 0.00778858782724, "dmean": 0.00490610674024, "var": 0.000174478351255, "dvar": 8.88026697794e-05, "mean": 0.0114523367956}, "melbands_kurtosis": {"min": -1.93257331848, "max": 690.24432373, "dvar2": 1548.5390625, "median": 8.46756744385, "dmean2": 17.7064609528, "dmean": 11.4295377731, "var": 2145.50244141, "dvar": 653.948181152, "mean": 22.8027667999}, "spectral_decrease": {"min": -4.19321182221e-08, "max": 1.41259642872e-11, "dvar2": 4.74255434616e-17, "median": -4.24125934373e-09, "dmean2": 3.37063821298e-09, "dmean": 2.13056838838e-09, "var": 3.35536286361e-17, "dvar": 1.88489993598e-17, "mean": -5.67155566955e-09}, "erbbands_kurtosis": {"min": -1.90387821198, "max": 258.248016357, "dvar2": 79.7495803833, "median": 1.10766005516, "dmean2": 3.33094930649, "dmean": 2.12708115578, "var": 72.9550704956, "dvar": 31.6485671997, "mean": 3.02895617485}, "melbands_crest": {"min": 3.13457727432, "max": 36.9617080688, "dvar2": 22.8295841217, "median": 13.3205852509, "dmean2": 4.83109521866, "dmean": 2.98867797852, "var": 31.2188186646, "dvar": 9.12940120697, "mean": 14.2906236649}, "gfcc": {"cov": [[14524.1220703, -1487.84118652, -2596.7512207, 235.875335693, -741.78503418, 378.121551514, -178.749725342, 362.504974365, 0.596250593662, 45.3648300171, -166.624755859, -69.1880569458, -206.103439331], [-1487.84118652, 2287.93164062, 374.380249023, -19.2688999176, 472.196411133, -127.966331482, 340.22467041, -151.205368042, 145.996063232, -178.808990479, 134.370407104, -120.717590332, 71.9437637329], [-2596.7512207, 374.380249023, 2192.75634766, 379.83013916, 365.999816895, 244.409759521, 158.17779541, 10.5100440979, -13.6519298553, 11.4105625153, -43.9326515198, 104.970252991, 26.2721004486], [235.875335693, -19.2688999176, 379.83013916, 631.896240234, 194.922592163, 95.8609695435, 32.823261261, 41.6642417908, 60.4691162109, 11.0179347992, -18.1151294708, 15.5333786011, 39.5631027222], [-741.78503418, 472.196411133, 365.999816895, 194.922592163, 546.482910156, 119.082733154, 142.012939453, 26.16979599, 77.6965026855, 23.6377849579, 12.4646377563, -11.0055093765, 34.3489112854], [378.121551514, -127.966331482, 244.409759521, 95.8609695435, 119.082733154, 394.59942627, 160.125427246, 67.8411331177, -10.0884103775, 45.9570960999, 10.9292039871, 11.677324295, -25.6787242889], [-178.749725342, 340.22467041, 158.17779541, 32.823261261, 142.012939453, 160.125427246, 308.778076172, 55.9483184814, 11.7298231125, -6.34184503555, 51.2274436951, 8.07472038269, -7.64996099472], [362.504974365, -151.205368042, 10.5100440979, 41.6642417908, 26.16979599, 67.8411331177, 55.9483184814, 191.195541382, 57.3987350464, 31.0563716888, -1.67801702023, 14.5673923492, 2.33875250816], [0.596250593662, 145.996063232, -13.6519298553, 60.4691162109, 77.6965026855, -10.0884103775, 11.7298231125, 57.3987350464, 168.722732544, 40.780506134, -6.29440927505, -18.6165294647, 19.950717926], [45.3648300171, -178.808990479, 11.4105625153, 11.0179347992, 23.6377849579, 45.9570960999, -6.34184503555, 31.0563716888, 40.780506134, 142.488983154, 31.1515750885, 13.5974292755, -10.302233696], [-166.624755859, 134.370407104, -43.9326515198, -18.1151294708, 12.4646377563, 10.9292039871, 51.2274436951, -1.67801702023, -6.29440927505, 31.1515750885, 140.678344727, 20.8424949646, 4.90393638611], [-69.1880569458, -120.717590332, 104.970252991, 15.5333786011, -11.0055093765, 11.677324295, 8.07472038269, 14.5673923492, -18.6165294647, 13.5974292755, 20.8424949646, 124.443702698, 35.1318626404], [-206.103439331, 71.9437637329, 26.2721004486, 39.5631027222, 34.3489112854, -25.6787242889, -7.64996099472, 2.33875250816, 19.950717926, -10.302233696, 4.90393638611, 35.1318626404, 113.954399109]], "icov": [[0.000131492968649, -0.000100901190308, 0.000210636178963, -0.000195776461624, 0.000185929020518, -0.000290498195682, 0.000172647560248, -0.000282375520328, 0.000143108612974, -0.000106093313661, 0.000282831315417, -0.000191482729861, 0.000229031502386], [-0.000100901190308, 0.00155572872609, -0.000450471503427, 0.000565769441891, -0.000978551805019, 0.00110376661178, -0.00167340761982, 0.00164724618662, -0.00182556698564, 0.00206469767727, -0.00177806720603, 0.00149548507761, -0.000737975817174], [0.000210636178963, -0.000450471503427, 0.00100656878203, -0.000644232670311, 0.000155971254571, -0.00081902142847, 0.000449657905847, -0.000568187853787, 0.000727637379896, -0.000578043924179, 0.00109921523836, -0.00113964884076, 0.000591639662161], [-0.000195776461624, 0.000565769441891, -0.000644232670311, 0.00240897014737, -0.000974056660198, 0.000309099414153, -0.000328648835421, 0.000612403906416, -0.00119944801554, 0.00094090285711, -0.000797131040599, 0.000632760638837, -0.000936197757255], [0.000185929020518, -0.000978551805019, 0.000155971254571, -0.000974056660198, 0.00343647808768, -0.00115923758131, 0.000139274634421, -0.000800714304205, 0.00022026921215, -0.00154740794096, 0.00120812142268, -0.000317091034958, -0.000147685568663], [-0.000290498195682, 0.00110376661178, -0.00081902142847, 0.000309099414153, -0.00115923758131, 0.00508329551667, -0.00309106265195, 0.000607670110185, -0.000124711164972, -9.76915107458e-05, -0.000946119311266, 0.00132407492492, -0.000220314439503], [0.000172647560248, -0.00167340761982, 0.000449657905847, -0.000328648835421, 0.000139274634421, -0.00309106265195, 0.00708134053275, -0.0028866098728, 0.00156919739675, -0.000398880190914, -0.000110223882075, -0.00178910698742, 0.00142080686055], [-0.000282375520328, 0.00164724618662, -0.000568187853787, 0.000612403906416, -0.000800714304205, 0.000607670110185, -0.0028866098728, 0.00870920717716, -0.00429717451334, 0.00148735882249, -0.00140159309376, 0.000553056073841, -0.000849934469443], [0.000143108612974, -0.00182556698564, 0.000727637379896, -0.00119944801554, 0.00022026921215, -0.000124711164972, 0.00156919739675, -0.00429717451334, 0.0106746470556, -0.00506001384929, 0.00295658782125, 0.00013983019744, -0.000737586058676], [-0.000106093313661, 0.00206469767727, -0.000578043924179, 0.00094090285711, -0.00154740794096, -9.76915107458e-05, -0.000398880190914, 0.00148735882249, -0.00506001384929, 0.0120690846816, -0.0048584761098, 0.000576655147597, 0.00070661958307], [0.000282831315417, -0.00177806720603, 0.00109921523836, -0.000797131040599, 0.00120812142268, -0.000946119311266, -0.000110223882075, -0.00140159309376, 0.00295658782125, -0.0048584761098, 0.0110143655911, -0.00307462154888, 0.000618474092335], [-0.000191482729861, 0.00149548507761, -0.00113964884076, 0.000632760638837, -0.000317091034958, 0.00132407492492, -0.00178910698742, 0.000553056073841, 0.00013983019744, 0.000576655147597, -0.00307462154888, 0.011903158389, -0.00449467636645], [0.000229031502386, -0.000737975817174, 0.000591639662161, -0.000936197757255, -0.000147685568663, -0.000220314439503, 0.00142080686055, -0.000849934469443, -0.000737586058676, 0.00070661958307, 0.000618474092335, -0.00449467636645, 0.011504014954]], "mean": [-80.7914428711, 112.697616577, -97.812461853, 17.8224601746, -60.0563011169, 1.7701100111, -32.5782966614, 3.48235058784, -23.6015167236, 0.975145339966, -9.32202243805, -4.00828170776, -10.2111711502]}, "melbands_spread": {"min": 0.223743006587, "max": 292.214416504, "dvar2": 200.547531128, "median": 10.9007921219, "dmean2": 7.19426012039, "dmean": 4.85533618927, "var": 327.129119873, "dvar": 103.060005188, "mean": 15.1721906662}, "spectral_energy": {"min": 3.38587895499e-08, "max": 0.163440018892, "dvar2": 0.000700892822351, "median": 0.0168166905642, "dmean2": 0.0131379328668, "dmean": 0.00835241191089, "var": 0.000523537746631, "dvar": 0.000279770261841, "mean": 0.022630661726}, "mfcc": {"cov": [[15011.8496094, -1110.36340332, -2528.38916016, -428.976135254, -743.166870117, -252.324798584, -238.178283691, 35.4643287659, 5.13225221634, 123.400283813, 188.81362915, 74.7094192505, -143.102600098], [-1110.36340332, 1893.34448242, 184.907974243, 127.284461975, 117.956176758, 103.455284119, 141.3228302, 98.9667739868, 31.4898452759, 9.16968154907, -1.14550220966, 13.5447998047, 38.8803482056], [-2528.38916016, 184.907974243, 1604.14990234, 306.511077881, 286.514251709, 268.33883667, 164.986190796, 148.871307373, 75.9993438721, 7.30686187744, -51.0616073608, -11.9814052582, 84.0549240112], [-428.976135254, 127.284461975, 306.511077881, 543.265991211, 249.745025635, 102.733779907, 17.3032112122, 61.1681556702, 73.4915161133, 42.6414985657, -48.9982185364, 6.07810640335, 74.4628677368], [-743.166870117, 117.956176758, 286.514251709, 249.745025635, 413.908752441, 154.738357544, 51.7381706238, 40.2197303772, 97.158531189, 59.9860496521, -7.05149269104, 14.3867034912, 43.6099052429], [-252.324798584, 103.455284119, 268.33883667, 102.733779907, 154.738357544, 331.736938477, 165.070663452, 87.0472335815, 54.1302986145, 51.5631904602, 38.8006782532, 4.6401424408, 27.0314292908], [-238.178283691, 141.3228302, 164.986190796, 17.3032112122, 51.7381706238, 165.070663452, 310.450042725, 124.867233276, 18.3782711029, 21.1080989838, 61.6866607666, 21.2978801727, 10.7721776962], [35.4643287659, 98.9667739868, 148.871307373, 61.1681556702, 40.2197303772, 87.0472335815, 124.867233276, 207.589935303, 80.1027679443, 27.0743350983, 20.9491691589, 14.443655014, 24.8490924835], [5.13225221634, 31.4898452759, 75.9993438721, 73.4915161133, 97.158531189, 54.1302986145, 18.3782711029, 80.1027679443, 172.16065979, 73.2841644287, 3.15545582771, 2.19767832756, 22.7558078766], [123.400283813, 9.16968154907, 7.30686187744, 42.6414985657, 59.9860496521, 51.5631904602, 21.1080989838, 27.0743350983, 73.2841644287, 154.110733032, 54.9505233765, 0.395313620567, 7.22033691406], [188.81362915, -1.14550220966, -51.0616073608, -48.9982185364, -7.05149269104, 38.8006782532, 61.6866607666, 20.9491691589, 3.15545582771, 54.9505233765, 149.829177856, 51.1546936035, -18.5758724213], [74.7094192505, 13.5447998047, -11.9814052582, 6.07810640335, 14.3867034912, 4.6401424408, 21.2978801727, 14.443655014, 2.19767832756, 0.395313620567, 51.1546936035, 123.644981384, 38.3766441345], [-143.102600098, 38.8803482056, 84.0549240112, 74.4628677368, 43.6099052429, 27.0314292908, 10.7721776962, 24.8490924835, 22.7558078766, 7.22033691406, -18.5758724213, 38.3766441345, 134.79800415]], "icov": [[0.000105645311123, 4.82291543449e-05, 0.000166730955243, -5.3884476074e-05, 0.000152286171215, -0.000109085951408, 8.22021029308e-05, -0.000158794253366, -2.30182449741e-05, -7.23405973986e-05, -1.45943567986e-05, -6.65391780785e-05, 4.40460353275e-05], [4.82291543449e-05, 0.000582238368224, 7.41449839552e-05, -8.69047507877e-05, -2.64077862084e-05, -3.88330408896e-05, -0.000162767784786, -0.000209846824873, 4.76858840557e-05, -1.17153194878e-05, 5.75128215132e-05, -3.79282610083e-05, -3.564146391e-05], [0.000166730955243, 7.41449839552e-05, 0.00110066239722, -0.000287431845209, -5.75643789489e-05, -0.000568891584408, 1.6682964997e-05, -0.000577227969188, 6.81683668518e-05, 9.79279575404e-05, 0.000216594082303, 5.59031832381e-05, -0.000136977454531], [-5.3884476074e-05, -8.69047507877e-05, -0.000287431845209, 0.00291962223127, -0.00150799751282, -1.35358750413e-05, 0.000333580363076, -0.000539851316717, 0.00028057966847, -0.000530524936039, 0.00092009344371, -9.33519477258e-05, -0.000767850666307], [0.000152286171215, -2.64077862084e-05, -5.75643789489e-05, -0.00150799751282, 0.00455823214725, -0.00141324556898, 1.89765296454e-06, 0.000901141553186, -0.00172027852386, -0.000431319640484, 0.000224066650844, -0.000737157592084, 0.000234908002312], [-0.000109085951408, -3.88330408896e-05, -0.000568891584408, -1.35358750413e-05, -0.00141324556898, 0.00539567228407, -0.00224254606292, -4.6093932724e-06, -0.000120687014714, -0.000473926018458, -0.000771060702391, 0.000838047475554, -0.000486212724354], [8.22021029308e-05, -0.000162767784786, 1.6682964997e-05, 0.000333580363076, 1.89765296454e-06, -0.00224254606292, 0.00597506668419, -0.00307911052369, 0.00128921400756, 0.000258930405835, -0.00154531933367, -2.98965005641e-05, 4.28067687608e-05], [-0.000158794253366, -0.000209846824873, -0.000577227969188, -0.000539851316717, 0.000901141553186, -4.6093932724e-06, -0.00307911052369, 0.00873629376292, -0.00403458438814, 0.000919490761589, -0.000347680092091, -0.000143674245919, -0.00048008954036], [-2.30182449741e-05, 4.76858840557e-05, 6.81683668518e-05, 0.00028057966847, -0.00172027852386, -0.000120687014714, 0.00128921400756, -0.00403458438814, 0.0101919518784, -0.00419998029247, 0.00151864008512, -0.000271293101832, -0.000223285809625], [-7.23405973986e-05, -1.17153194878e-05, 9.79279575404e-05, -0.000530524936039, -0.000431319640484, -0.000473926018458, 0.000258930405835, 0.000919490761589, -0.00419998029247, 0.0106154773384, -0.00492949038744, 0.00239233695902, -0.00101702858228], [-1.45943567986e-05, 5.75128215132e-05, 0.000216594082303, 0.00092009344371, 0.000224066650844, -0.000771060702391, -0.00154531933367, -0.000347680092091, 0.00151864008512, -0.00492949038744, 0.0119908619672, -0.00556528707966, 0.00283881509677], [-6.65391780785e-05, -3.79282610083e-05, 5.59031832381e-05, -9.33519477258e-05, -0.000737157592084, 0.000838047475554, -2.98965005641e-05, -0.000143674245919, -0.000271293101832, 0.00239233695902, -0.00556528707966, 0.0118074119091, -0.00415449682623], [4.40460353275e-05, -3.564146391e-05, -0.000136977454531, -0.000767850666307, 0.000234908002312, -0.000486212724354, 4.28067687608e-05, -0.00048008954036, -0.000223285809625, -0.00101702858228, 0.00283881509677, -0.00415449682623, 0.00975785683841]], "mean": [-730.610412598, 145.112930298, 16.2703342438, 19.5096282959, -2.82243824005, -2.39796280861, 1.44332444668, -2.952429533, -5.484603405, -0.921580135822, 0.84090423584, -0.907221078873, -2.2379963398]}, "spectral_contrast_valleys": {"min": [-13.6870326996, -13.5643053055, -14.1749753952, -14.2841520309, -14.2764406204, -16.0391731262], "max": [-4.96738433838, -4.49735069275, -5.03014850616, -5.62800121307, -5.94900846481, -7.78122472763], "dvar2": [0.483152359724, 0.342105478048, 0.344072788954, 0.319807380438, 0.298387736082, 0.417352646589], "median": [-7.60911893845, -6.95830631256, -8.02520561218, -8.70839118958, -8.60083198547, -10.98021698], "dmean2": [0.687716722488, 0.58815330267, 0.556777119637, 0.512827754021, 0.447768270969, 0.460139065981], "dmean": [0.437414288521, 0.375515133142, 0.364286869764, 0.349161237478, 0.32597309351, 0.364456117153], "var": [2.09693002701, 1.54162728786, 1.69958436489, 1.80374765396, 2.00883293152, 2.0966424942], "dvar": [0.235537663102, 0.154085174203, 0.165117889643, 0.165313109756, 0.164491966367, 0.23620864749], "mean": [-7.88770437241, -7.16815710068, -8.14527893066, -8.8672876358, -8.78978824615, -11.2033348083]}, "barkbands_flatness_db": {"min": 0.0236572511494, "max": 0.593403041363, "dvar2": 0.0016080706846, "median": 0.174844205379, "dmean2": 0.0357513651252, "dmean": 0.0244421157986, "var": 0.00722546642646, "dvar": 0.000785053416621, "mean": 0.193740382791}, "dynamic_complexity": 5.53746318817, "erbbands_flatness_db": {"min": 0.0304894205183, "max": 0.559735715389, "dvar2": 0.00113709934521, "median": 0.189963489771, "dmean2": 0.0307789593935, "dmean": 0.0219678580761, "var":