{"lowlevel": {"spectral_complexity": {"min": 0, "max": 62, "dvar2": 50.0488243103, "median": 6, "dmean2": 4.67984199524, "dmean": 3.39472389221, "var": 110.517868042, "dvar": 37.7888374329, "mean": 8.58624744415}, "silence_rate_20dB": {"min": 1, "max": 1, "dvar2": 0, "median": 1, "dmean2": 0, "dmean": 0, "var": 0, "dvar": 0, "mean": 1}, "average_loudness": 0.877344787121, "erbbands_spread": {"min": 0.291878849268, "max": 223.297607422, "dvar2": 733.280090332, "median": 20.8965435028, "dmean2": 19.5203666687, "dmean": 12.6576309204, "var": 721.219848633, "dvar": 324.976318359, "mean": 30.547662735}, "spectral_kurtosis": {"min": -1.3126142025, "max": 524.078674316, "dvar2": 911.365783691, "median": 6.33663415909, "dmean2": 12.2354106903, "dmean": 7.83970975876, "var": 1093.44018555, "dvar": 399.622619629, "mean": 15.2462053299}, "barkbands_kurtosis": {"min": -1.97756409645, "max": 10662.8564453, "dvar2": 182048.78125, "median": 10.9976205826, "dmean2": 46.1644668579, "dmean": 28.6133937836, "var": 48031.9375, "dvar": 57554.484375, "mean": 35.4510650635}, "spectral_strongpeak": {"min": 0, "max": 18.3548717499, "dvar2": 0.740134418011, "median": 0.328937858343, "dmean2": 0.545935034752, "dmean": 0.344144940376, "var": 1.07487690449, "dvar": 0.352159172297, "mean": 0.645612418652}, "spectral_spread": {"min": 145164.34375, "max": 42392252, "dvar2": 3630218084350.0, "median": 4058153, "dmean2": 1354874.625, "dmean": 915602.1875, "var": 6740306821120.0, "dvar": 1851180187650.0, "mean": 4396847}, "spectral_rms": {"min": 3.13401236386e-12, "max": 0.0135424723849, "dvar2": 2.49586378231e-06, "median": 0.0040339641273, "dmean2": 0.00136998097878, "dmean": 0.00106661347672, "var": 9.09758546186e-06, "dvar": 1.64696382399e-06, "mean": 0.00453912559897}, "erbbands": {"min": [1.53774764091e-22, 5.45932691449e-22, 4.19695892783e-21, 7.06737783928e-21, 4.20171238908e-20, 3.79977014292e-20, 1.0044571793e-19, 2.91896476835e-19, 2.80606340353e-19, 4.75318866283e-19, 5.02440309111e-19, 5.58529823786e-19, 1.29102234784e-18, 1.05944393297e-18, 1.55801205454e-18, 1.3715003006e-18, 2.15375787145e-18, 2.45324729763e-18, 2.81486543243e-18, 4.86634862499e-18, 6.77697950285e-18, 5.04509863305e-18, 5.932634479e-18, 8.97021705059e-18, 1.02621896222e-17, 1.14685680255e-17, 1.51633919158e-17, 1.3884598813e-17, 1.52135488395e-17, 1.35262641716e-17, 1.36108227097e-17, 1.36840290211e-17, 1.14085734428e-17, 9.61576038115e-18, 7.25706065472e-18, 5.02145822474e-18, 2.77193041594e-18, 1.1385149549e-18, 3.08403150302e-19, 3.1210199827e-20], "max": [5.04393672943, 16.8555412292, 123.061851501, 118.817604065, 98.7197494507, 173.500045776, 391.68359375, 866.086486816, 1009.5135498, 1369.2956543, 758.200378418, 566.165649414, 1751.69335938, 3061.01953125, 3206.37353516, 3758.97363281, 5172.71142578, 1959.19482422, 1916.52062988, 362.712860107, 905.270324707, 387.379119873, 1110.57617188, 156.819717407, 213.427108765, 369.568572998, 184.445297241, 212.63923645, 271.511993408, 414.88180542, 235.883483887, 146.015426636, 120.088272095, 71.6957778931, 23.0855178833, 8.25668525696, 6.19357681274, 3.77972745895, 0.893722712994, 0.0422468334436], "dvar2": [0.248741224408, 5.37858819962, 249.897460938, 278.355895996, 145.753845215, 354.573455811, 775.349609375, 4132.47802734, 3491.70483398, 4571.73535156, 2961.02758789, 1512.44592285, 5693.63134766, 7298.23242188, 7174.54003906, 4062.63037109, 1482.36486816, 861.733398438, 1519.30310059, 738.532470703, 682.752929688, 198.489959717, 647.988647461, 254.479095459, 187.098709106, 225.745880127, 225.317718506, 168.225723267, 115.21005249, 139.972381592, 98.0614776611, 44.0212516785, 25.2089557648, 6.27613592148, 0.931865572929, 0.144773378968, 0.0239159651101, 0.00446806615219, 0.000178185146069, 8.51380605127e-07], "median": [0.00861773826182, 0.167987629771, 0.468374848366, 1.27869796753, 2.19673109055, 2.70492005348, 4.96609640121, 6.43669605255, 3.58488345146, 2.55209970474, 2.08189034462, 1.86222934723, 1.77139830589, 1.05414640903, 0.642991900444, 0.461380630732, 0.493108540773, 0.449360370636, 0.391689062119, 0.313806980848, 0.226321548223, 0.227049052715, 0.281077444553, 0.320423841476, 0.313909202814, 0.275329649448, 0.235925093293, 0.19330778718, 0.136432528496, 0.0891414508224, 0.0580830909312, 0.0433980301023, 0.0321680754423, 0.0149957705289, 0.007225333713, 0.00278269778937, 0.000913558062166, 0.000166154757608, 2.82544824586e-05, 3.36685952789e-05], "dmean2": [0.253625780344, 1.20273184776, 5.88004684448, 7.01036167145, 6.96684837341, 8.91395950317, 13.5136423111, 29.119638443, 23.077507019, 26.3590011597, 20.2322158813, 16.5243721008, 25.4200077057, 18.2413806915, 19.6960506439, 15.3363046646, 8.85173130035, 6.62970161438, 7.8511633873, 9.84922885895, 8.834441185, 5.27167034149, 5.94775485992, 5.68074607849, 5.30435419083, 4.92690134048, 4.8410449028, 4.93923521042, 3.98782396317, 2.8727748394, 2.59635186195, 1.78817725182, 1.41457247734, 0.66184002161, 0.275390297174, 0.129409953952, 0.0426630750299, 0.0133225470781, 0.00305381603539, 0.000232288046391], "dmean": [0.209984630346, 0.760949134827, 3.68333911896, 4.42056560516, 4.23814296722, 5.61314487457, 8.78732967377, 19.4491024017, 14.421046257, 16.5146064758, 12.9417333603, 11.1003742218, 18.6485233307, 12.8741168976, 13.9197301865, 11.3284034729, 6.92850637436, 4.97377729416, 5.44790744781, 6.05089759827, 5.4302611351, 3.94128322601, 4.36402368546, 4.15309858322, 3.7342338562, 3.44568252563, 3.72999286652, 3.67774105072, 2.98147177696, 2.16692686081, 2.04459929466, 1.43290042877, 1.07121276855, 0.51136559248, 0.203605562449, 0.0905805304646, 0.0303474590182, 0.00909476168454, 0.00206615380011, 0.000160879368195], "var": [1.2583425045, 4.81113100052, 103.443367004, 135.172241211, 80.9820632935, 188.709014893, 565.867370605, 3041.76220703, 2277.35180664, 3414.32788086, 1599.96899414, 1376.90185547, 4810.26367188, 6448.48095703, 14916.8828125, 11957.125, 10584.5976562, 1851.63305664, 1760.36218262, 394.668731689, 477.161193848, 266.289611816, 401.132476807, 254.732513428, 212.716156006, 235.240310669, 213.176773071, 142.880355835, 131.010665894, 106.577949524, 108.396484375, 63.0365486145, 34.6812324524, 7.59896993637, 1.02285528183, 0.141889497638, 0.0288094319403, 0.00605305563658, 0.000319894868881, 1.1369349977e-06], "dvar": [0.173889413476, 2.12758374214, 99.2066268921, 119.486183167, 56.2377662659, 142.750396729, 330.943115234, 1858.21594238, 1439.02050781, 1954.95385742, 1231.95361328, 731.935852051, 2814.17626953, 3727.98608398, 4682.74414062, 2902.21899414, 1761.68823242, 590.713806152, 872.069091797, 301.660125732, 295.273529053, 125.172576904, 307.798126221, 151.190551758, 107.456451416, 120.254951477, 129.454971313, 90.5967941284, 69.5216293335, 66.2934112549, 53.4054489136, 26.5433712006, 14.678314209, 3.5023431778, 0.496047288179, 0.0754395276308, 0.0137864705175, 0.00262067886069, 0.000124829195556, 5.13919474088e-07], "mean": [0.635394096375, 1.44304585457, 3.98264575005, 5.48345184326, 5.78521966934, 7.61976623535, 13.7341051102, 27.1064357758, 18.8292694092, 19.4218864441, 15.5097341537, 15.5086889267, 24.5105838776, 17.7317714691, 19.4431266785, 16.7487678528, 11.149646759, 7.44063806534, 7.02601146698, 6.6064043045, 6.43586206436, 5.07069540024, 4.88034296036, 4.99967765808, 5.0933098793, 4.66933584213, 4.40641260147, 4.13203239441, 3.78361153603, 2.91580510139, 2.81579828262, 1.93731188774, 1.38204991817, 0.649582922459, 0.256554841995, 0.101655468345, 0.0351530313492, 0.0104142781347, 0.00216748053208, 0.000190987600945]}, "zerocrossingrate": {"min": 0, "max": 0.57470703125, "dvar2": 0.000629319285508, "median": 0.021484375, "dmean2": 0.0143696535379, "dmean": 0.0135324969888, "var": 0.00325463106856, "dvar": 0.000620098609943, "mean": 0.0398474559188}, "spectral_contrast_coeffs": {"min": [-0.99002879858, -0.998214364052, -0.991992294788, -0.983423709869, -0.984340071678, -0.963492155075], "max": [-0.221371173859, -0.261484712362, -0.316935002804, -0.393218249083, -0.50636279583, -0.609128773212], "dvar2": [0.00574482837692, 0.00637348182499, 0.00403462722898, 0.00272480444983, 0.00110421539284, 0.00120862573385], "median": [-0.638110637665, -0.717368423939, -0.790968954563, -0.826264262199, -0.835104286671, -0.786902189255], "dmean2": [0.0915533006191, 0.0924378409982, 0.0726113766432, 0.0593829080462, 0.0394954420626, 0.0383158288896], "dmean": [0.0601045899093, 0.0598807409406, 0.0483040809631, 0.0379462875426, 0.0258417315781, 0.0265859421343], "var": [0.0140115739778, 0.013122911565, 0.00985652394593, 0.00508158700541, 0.00267585925758, 0.00260249781422], "dvar": [0.00280080805533, 0.00295739201829, 0.0019833620172, 0.0012241138611, 0.000530714052729, 0.00061249663122], "mean": [-0.631657660007, -0.706529080868, -0.777670919895, -0.813350200653, -0.829452872276, -0.791362583637]}, "dissonance": {"min": 0.103444807231, "max": 0.500000059605, "dvar2": 0.00382323400117, "median": 0.437704265118, "dmean2": 0.062964476645, "dmean": 0.0396202020347, "var": 0.00435759685934, "dvar": 0.00158884003758, "mean": 0.420260190964}, "spectral_energyband_high": {"min": 7.23040754475e-21, "max": 0.0275436732918, "dvar2": 1.51870744958e-06, "median": 2.38366337726e-05, "dmean2": 0.000463760690764, "dmean": 0.000384911894798, "var": 2.37134440795e-06, "dvar": 1.00906277112e-06, "mean": 0.000517792475875}, "spectral_skewness": {"min": -0.602408051491, "max": 19.7902889252, "dvar2": 1.85991871357, "median": 2.05692195892, "dmean2": 0.983558833599, "dmean": 0.660139322281, "var": 3.69101309776, "dvar": 0.898004293442, "mean": 2.54078936577}, "spectral_flux": {"min": 6.30123869749e-11, "max": 0.367373675108, "dvar2": 0.00299127888866, "median": 0.064819291234, "dmean2": 0.0494892261922, "dmean": 0.0328429602087, "var": 0.00369857274927, "dvar": 0.00141949532554, "mean": 0.0791608095169}, "silence_rate_30dB": {"min": 0, "max": 1, "dvar2": 0.0286131929606, "median": 1, "dmean2": 0.0209486167878, "dmean": 0.0104732736945, "var": 0.00774396490306, "dvar": 0.0103627424687, "mean": 0.992195188999}, "spectral_energyband_middle_high": {"min": 1.37159510648e-21, "max": 0.124357648194, "dvar2": 2.22323051275e-05, "median": 0.000228780583711, "dmean2": 0.00194943428505, "dmean": 0.00148853135761, "var": 5.35117687832e-05, "dvar": 1.47534155985e-05, "mean": 0.00250030658208}, "barkbands_spread": {"min": 0.0378992632031, "max": 128.357955933, "dvar2": 321.923339844, "median": 5.36863040924, "dmean2": 9.07722473145, "dmean": 5.98168563843, "var": 262.285705566, "dvar": 139.224639893, "mean": 11.6387577057}, "spectral_centroid": {"min": 44.6753807068, "max": 11377.0585938, "dvar2": 452499.625, "median": 502.639984131, "dmean2": 393.94708252, "dmean": 275.097198486, "var": 867153.5, "dvar": 255732.8125, "mean": 840.439147949}, "pitch_salience": {"min": 0.00813053920865, "max": 0.979336261749, "dvar2": 0.0250388700515, "median": 0.495998740196, "dmean2": 0.154976353049, "dmean": 0.1004107669, "var": 0.0386992394924, "dvar": 0.010775372386, "mean": 0.47529360652}, "erbbands_skewness": {"min": -8.61223888397, "max": 15.3985939026, "dvar2": 2.0299577713, "median": 1.18949532509, "dmean2": 1.19351089001, "dmean": 0.809231340885, "var": 3.33894109726, "dvar": 1.01729130745, "mean": 1.40290510654}, "erbbands_crest": {"min": 2.53038668633, "max": 34.4816131592, "dvar2": 25.9597644806, "median": 10.559720993, "dmean2": 5.45031690598, "dmean": 3.44366788864, "var": 34.7480888367, "dvar": 11.5288505554, "mean": 12.0061244965}, "melbands": {"min": [1.06083539483e-24, 1.56764075972e-24, 3.09819953487e-24, 2.32327937956e-24, 3.25967739001e-24, 6.72201235772e-24, 4.14640990116e-24, 5.22205172215e-24, 3.77727387905e-24, 3.55562250291e-24, 6.71453316747e-24, 4.65725768515e-24, 2.10097029065e-24, 3.91113726378e-24, 3.09742881776e-24, 5.58609564712e-24, 3.35586477791e-24, 3.70920859356e-24, 4.50922596413e-24, 6.01317271386e-24, 7.16672795987e-24, 4.88406663389e-24, 3.8500533973e-24, 4.48830616179e-24, 6.87196534947e-24, 7.45121013495e-24, 7.06290045411e-24, 6.8868259112e-24, 9.57242239921e-24, 5.46003725218e-24, 7.04264408378e-24, 7.75979437727e-24, 8.01354253149e-24, 7.36939421503e-24, 7.23454159873e-24, 7.46302253815e-24, 6.99999747438e-24, 7.37338742893e-24, 6.76022083566e-24, 7.49109652004e-24], "max": [0.0347386822104, 0.0497459359467, 0.0175117906183, 0.00754870474339, 0.0145471133292, 0.0174911506474, 0.0159944947809, 0.0120273893699, 0.00497693289071, 0.00378009513952, 0.00852696504444, 0.0114306584001, 0.013016118668, 0.0108288936317, 0.0144581086934, 0.00540304509923, 0.00416239025071, 0.00391184724867, 0.000578328967094, 0.000881844898686, 0.000925662287045, 0.000509751203936, 0.00179566070437, 0.000512418278959, 0.000135692418553, 0.000155649613589, 0.00019137369236, 0.000349780078977, 0.000138384639286, 7.89558471297e-05, 0.000133684836328, 0.000131133201648, 0.000209674966754, 0.000240457142354, 0.000162449316122, 0.000115889270091, 9.52626651269e-05, 9.76621086011e-05, 7.75886583142e-05, 6.53936294839e-05], "dvar2": [1.14709937407e-05, 3.6707471736e-05, 6.71024372423e-06, 7.65476329434e-07, 7.97564496224e-07, 1.73727755737e-06, 7.062068903e-07, 6.65224376917e-07, 1.52586054014e-07, 6.33550669704e-08, 1.53618614718e-07, 1.23992109025e-07, 1.04186526073e-07, 5.20563894213e-08, 2.50898306575e-08, 4.66167104918e-09, 4.1499705894e-09, 6.97132485072e-09, 1.29258093118e-09, 2.38926212148e-09, 7.2935874007e-10, 2.51665632778e-10, 9.16853815092e-10, 4.13875544947e-10, 2.03475444827e-10, 1.177308806e-10, 1.84835605155e-10, 8.98127752724e-11, 1.16245103821e-10, 4.31527244493e-11, 9.45635653116e-11, 5.086432317e-11, 4.09865023865e-11, 5.03647401562e-11, 4.46086188821e-11, 2.79071019765e-11, 1.67695458214e-11, 1.69956982515e-11, 7.7899769968e-12, 5.16280768137e-12], "median": [0.000142420132761, 0.000373206217773, 0.000277676328551, 0.000190408230992, 0.000176072324393, 0.000155810121214, 4.91066748509e-05, 2.25364565267e-05, 1.45947315104e-05, 1.05496601464e-05, 7.33916294848e-06, 3.52558345185e-06, 2.08270944313e-06, 1.17591844173e-06, 9.31779823077e-07, 9.28506153741e-07, 7.12261794433e-07, 5.40543169336e-07, 4.62271430024e-07, 2.91073888548e-07, 2.18793900331e-07, 2.1592799726e-07, 2.23260187227e-07, 2.28920356449e-07, 2.37211622789e-07, 2.20162490905e-07, 1.94814248289e-07, 1.57892557695e-07, 1.40297530038e-07, 1.22028836813e-07, 9.7666273291e-08, 7.46290425013e-08, 5.93006568295e-08, 4.14117025116e-08, 3.32335439168e-08, 2.4832125689e-08, 2.48347564735e-08, 2.14569446655e-08, 1.69981131393e-08, 9.81030634506e-09], "dmean2": [0.00176609039772, 0.00235021067783, 0.00116879318375, 0.000505669449922, 0.000452698703157, 0.000618822523393, 0.000343834515661, 0.000307284237351, 0.000150983163621, 0.000104774691863, 0.000131428721943, 8.0387442722e-05, 6.72133683111e-05, 5.09564451932e-05, 3.01602740365e-05, 1.70780404005e-05, 1.33045705297e-05, 1.36631615533e-05, 1.29536720124e-05, 1.56992609845e-05, 9.3295429906e-06, 5.93348431721e-06, 5.24175220562e-06, 5.57977864446e-06, 4.86256567456e-06, 4.09128688261e-06, 4.59343073089e-06, 2.95938616546e-06, 3.33022808263e-06, 2.38090024141e-06, 3.55497763849e-06, 2.69842348644e-06, 1.79455594207e-06, 1.68199244399e-06, 1.66949769209e-06, 1.36757068958e-06, 1.03514923921e-06, 1.06119841803e-06, 9.05442220756e-07, 4.88375462737e-07], "dmean": [0.00142365857027, 0.00151574215852, 0.000744498684071, 0.000318659178447, 0.000295001722407, 0.00041526806308, 0.000213194434764, 0.00019050820265, 9.78719617706e-05, 7.03704208718e-05, 9.64286518865e-05, 5.6421795307e-05, 4.73971485917e-05, 3.67677421309e-05, 2.25238491112e-05, 1.29037634906e-05, 9.68881522567e-06, 9.55611085374e-06, 8.10982965049e-06, 9.25229960558e-06, 5.80836695008e-06, 4.33260674981e-06, 3.83135648008e-06, 3.98164365834e-06, 3.51063249582e-06, 2.89854824587e-06, 3.06526362692e-06, 2.05109631679e-06, 2.51369056059e-06, 1.82510166269e-06, 2.50740026786e-06, 1.93569144358e-06, 1.38028644869e-06, 1.17633874197e-06, 1.26774261844e-06, 1.08541905774e-06, 8.06239143003e-07, 7.6638889368e-07, 6.85072848228e-07, 3.68734418998e-07], "var": [4.94976884511e-05, 1.74264951056e-05, 3.63508752343e-06, 4.85179839416e-07, 6.17358864474e-07, 1.32618004045e-06, 5.8248753021e-07, 3.9682811348e-07, 9.13711843964e-08, 5.82452912568e-08, 1.33476717679e-07, 1.09929096936e-07, 1.59581432513e-07, 7.61122223025e-08, 2.08477118235e-07, 1.12479403569e-08, 8.69519389823e-09, 8.10168643284e-09, 7.3919781407e-10, 1.10777098605e-09, 5.1875959084e-10, 3.00192093405e-10, 6.19501894228e-10, 2.62843219412e-10, 1.71886282985e-10, 1.22219276366e-10, 1.39538339217e-10, 1.05684405671e-10, 9.92313453629e-11, 4.44151382339e-11, 6.13293721363e-11, 4.96830736274e-11, 3.6168238543e-11, 3.38288529134e-11, 3.96287239135e-11, 3.29991693693e-11, 2.04416414351e-11, 1.93457038583e-11, 1.09852786589e-11, 4.45872332111e-12], "dvar": [7.02181387169e-06, 1.4838473362e-05, 2.93356902148e-06, 3.18574592484e-07, 3.49244658082e-07, 7.86333544056e-07, 2.97197260579e-07, 2.72918725841e-07, 6.47790088237e-08, 3.05916145749e-08, 7.69835892811e-08, 6.39720738604e-08, 6.24263236659e-08, 3.17445021381e-08, 2.67068926973e-08, 3.78055542427e-09, 2.81650991418e-09, 4.06605593639e-09, 5.33284361115e-10, 9.27872112477e-10, 3.22949555986e-10, 1.54479554149e-10, 4.6532966369e-10, 1.97878199937e-10, 1.11965360594e-10, 6.62275789765e-11, 8.7618433342e-11, 4.9536111324e-11, 6.41074554553e-11, 2.5199170875e-11, 4.58060776809e-11, 2.84562564484e-11, 2.16817380022e-11, 2.24467250343e-11, 2.20298276149e-11, 1.58036604636e-11, 9.1727771212e-12, 9.01151809424e-12, 4.66251082881e-12, 2.51726178964e-12], "mean": [0.00418216083199, 0.00195803819224, 0.000991712789983, 0.000459580944153, 0.000468896556413, 0.000591920339502, 0.000277680985164, 0.000215416934225, 0.000119370393804, 9.69688553596e-05, 0.000124282814795, 7.48008678784e-05, 6.21998842689e-05, 4.87233883177e-05, 4.03927697334e-05, 1.75594886969e-05, 1.36581757033e-05, 1.19594806165e-05, 8.74277975527e-06, 9.43233408179e-06, 6.79130653225e-06, 5.32330477654e-06, 4.54582050224e-06, 4.22624498242e-06, 4.00601402362e-06, 3.73867919734e-06, 3.83282394978e-06, 2.77788967651e-06, 2.88492992695e-06, 2.16649141294e-06, 2.63800689027e-06, 2.33353080148e-06, 1.75315176421e-06, 1.56179260102e-06, 1.69859561083e-06, 1.40935867421e-06, 1.07709718122e-06, 9.87578346212e-07, 8.2591446926e-07, 4.62691133407e-07]}, "spectral_entropy": {"min": 2.70257043839, "max": 9.80966377258, "dvar2": 0.351487517357, "median": 6.85848140717, "dmean2": 0.549492955208, "dmean": 0.398138642311, "var": 1.03104281425, "dvar": 0.198373585939, "mean": 6.80739068985}, "spectral_rolloff": {"min": 21.533203125, "max": 21490.1367188, "dvar2": 4286691, "median": 366.064453125, "dmean2": 819.228027344, "dmean": 500.055480957, "var": 4005953.5, "dvar": 2049627.5, "mean": 1019.51483154}, "barkbands": {"min": [1.0523098792e-24, 3.23234296522e-24, 3.25481327367e-24, 3.70505445203e-24, 1.10059333364e-23, 3.42082305583e-23, 2.09965380013e-23, 1.1658423857e-23, 1.78591009194e-23, 4.87589561263e-23, 1.2801021825e-23, 2.57566099003e-23, 4.6993283472e-23, 4.64775293676e-23, 4.95677657461e-23, 8.61203299871e-23, 7.32360162834e-23, 1.30717584144e-22, 1.90715832862e-22, 2.27583392417e-22, 3.00499131173e-22, 4.70487801522e-22, 4.59774641289e-22, 7.04948521177e-22, 9.20177846948e-22, 1.46048945637e-21, 2.19521496499e-21], "max": [0.0257459860295, 0.0989890471101, 0.108234345913, 0.0348627120256, 0.057460617274, 0.0770209133625, 0.0981316417456, 0.0532764419913, 0.0215510707349, 0.0617992766201, 0.0901603624225, 0.0858871489763, 0.123177826405, 0.0364376120269, 0.0157697759569, 0.0147972814739, 0.00738461874425, 0.0221834741533, 0.00297216582112, 0.00609688926488, 0.00509456824511, 0.00939090643078, 0.00927069224417, 0.00705721788108, 0.00467487424612, 0.00267280684784, 0.0050086597912], "dvar2": [2.38397242356e-05, 0.000112670881208, 0.000207121847779, 3.05673238472e-05, 1.57167341968e-05, 3.61818674719e-05, 1.6103958842e-05, 1.45213962242e-05, 2.60479123426e-06, 7.69894359109e-06, 6.49863568469e-06, 4.20227115683e-06, 1.5639296862e-06, 7.10914378033e-07, 2.53147533158e-07, 3.38199612315e-07, 6.5105922431e-08, 3.01778413814e-07, 7.03217253317e-08, 9.22125735769e-08, 9.50496499286e-08, 1.27055002963e-07, 1.22492039623e-07, 8.29256947554e-08, 2.84539574125e-08, 6.56385479303e-09, 7.0317729417e-09], "median": [1.10825812953e-05, 0.000636688550003, 0.000334832991939, 0.000399583776016, 0.000892359646969, 0.000901179853827, 0.000160581243108, 8.32783262013e-05, 7.26073049009e-05, 3.77462238248e-05, 1.63087606779e-05, 9.38008815865e-06, 9.00837676454e-06, 6.73607883073e-06, 6.39963354843e-06, 3.7617792259e-06, 3.66238373317e-06, 5.23552262166e-06, 5.95636356593e-06, 5.83377459407e-06, 5.52216260985e-06, 3.65523101209e-06, 2.11927635974e-06, 2.10606185647e-06, 1.1947593066e-06, 5.44772092326e-07, 4.13696241708e-08], "dmean2": [0.00201275385916, 0.00576699571684, 0.00538940774277, 0.00254947319627, 0.00224297656678, 0.00294982339256, 0.00157594110351, 0.00129013264086, 0.000705474696588, 0.00085141742602, 0.000521163456142, 0.000427470047725, 0.000218477085582, 0.000151964064571, 0.000165917837876, 0.000198457550141, 9.18361183722e-05, 0.000118410549476, 0.000103052989289, 0.000105402803456, 0.00011012860341, 0.000124214609968, 9.04646731215e-05, 8.3669074229e-05, 4.53872016806e-05, 2.53940488619e-05, 1.90719365492e-05], "dmean": [0.00128232932184, 0.00428988039494, 0.00346013740636, 0.00153757852968, 0.00142230931669, 0.00197993614711, 0.000966069055721, 0.000795666943304, 0.00047356277355, 0.000620286678895, 0.000359785364708, 0.000304815301206, 0.000159784365678, 0.000108099884528, 0.0001040514544, 0.000117932097055, 6.84487968101e-05, 8.50148280733e-05, 7.53241256461e-05, 7.46742807678e-05, 8.58768398757e-05, 9.21086830203e-05, 6.98824442225e-05, 6.55481417198e-05, 3.4987260733e-05, 1.80498409463e-05, 1.29576410473e-05], "var": [2.00693739316e-05, 0.000338669749908, 9.69666725723e-05, 1.28597348521e-05, 1.07197347461e-05, 2.8118462069e-05, 1.57993254106e-05, 6.5005401666e-06, 2.42152600549e-06, 6.58920180285e-06, 8.31146462588e-06, 8.19744764158e-06, 6.36999993731e-06, 1.28620672513e-06, 1.69379148929e-07, 1.90976464864e-07, 7.73259500875e-08, 1.47517127402e-07, 8.30749584679e-08, 1.04512892563e-07, 9.51757428425e-08, 1.1670176292e-07, 1.27574921294e-07, 1.31897294864e-07, 3.4339404209e-08, 7.98230992416e-09, 1.12241824723e-08], "dvar": [8.28134307085e-06, 5.64040492463e-05, 8.68177739903e-05, 1.19868973343e-05, 6.60704972688e-06, 1.62540072779e-05, 6.89962098477e-06, 5.79763309361e-06, 1.25282349472e-06, 3.87448608308e-06, 3.79936204808e-06, 2.76496325569e-06, 1.4288903003e-06, 4.47214034693e-07, 1.14304846477e-07, 1.35658368094e-07, 3.95722992153e-08, 1.3189124104e-07, 4.31164650649e-08, 5.25596313139e-08, 5.52514407559e-08, 6.92350212717e-08, 6.47111804142e-08, 5.20612992716e-08, 1.58289132912e-08, 3.75341624448e-09, 4.61045956968e-09], "mean": [0.00237108953297, 0.0116305779666, 0.00373578513972, 0.0018455660902, 0.00211574905552, 0.00290565053001, 0.00117620488163, 0.000872422882821, 0.000658438191749, 0.000779105990659, 0.000460200331872, 0.000415435817558, 0.000230526246014, 0.000152418302605, 0.000114396643767, 0.000127032762975, 8.71726733749e-05, 9.06280183699e-05, 9.79696051218e-05, 0.000101611702121, 0.000101102254121, 0.000110474094981, 9.66199586401e-05, 8.7653992523e-05, 4.50720945082e-05, 2.07267494261e-05, 1.36557719088e-05]}, "melbands_flatness_db": {"min": 0.00452295457944, "max": 1, "dvar2": 0.00596048170701, "median": 0.333108365536, "dmean2": 0.0719432160258, "dmean": 0.0556151308119, "var": 0.0260389316827, "dvar": 0.00351568846963, "mean": 0.348529666662}, "melbands_skewness": {"min": -6.76951360703, "max": 93.7393798828, "dvar2": 25.1122894287, "median": 2.96345973015, "dmean2": 2.63257169724, "dmean": 1.72312533855, "var": 19.1079158783, "dvar": 9.97777462006, "mean": 3.97240352631}, "barkbands_skewness": {"min": -7.25474214554, "max": 93.3737564087, "dvar2": 17.7284297943, "median": 2.37072849274, "dmean2": 2.09893727303, "dmean": 1.40715265274, "var": 13.1890850067, "dvar": 6.85746622086, "mean": 2.93671011925}, "silence_rate_60dB": {"min": 0, "max": 1, "dvar2": 0.155299782753, "median": 0, "dmean2": 0.168774709105, "dmean": 0.0843790173531, "var": 0.161156713963, "dvar": 0.0772639736533, "mean": 0.201936379075}, "spectral_energyband_low": {"min": 7.96867922295e-24, "max": 0.168070226908, "dvar2": 0.000380588200642, "median": 0.00265728728846, "dmean2": 0.0102042322978, "dmean": 0.00708872219548, "var": 0.000712681910954, "dvar": 0.000178942078492, "mean": 0.0185654759407}, "spectral_energyband_middle_low": {"min": 1.98615119935e-22, "max": 0.10436784476, "dvar2": 0.000148589955643, "median": 0.00540223438293, "dmean2": 0.00789544545114, "dmean": 0.00535147311166, "var": 0.000152384367539, "dvar": 6.9385052484e-05, "mean": 0.00982055719942}, "melbands_kurtosis": {"min": -1.9519982338, "max": 11468.3857422, "dvar2": 216723.78125, "median": 17.6069412231, "dmean2": 83.0920791626, "dmean": 51.5678138733, "var": 79794.6796875, "dvar": 76938.0234375, "mean": 65.3709793091}, "spectral_decrease": {"min": -4.92507119532e-08, "max": 2.27352900395e-10, "dvar2": 3.15113627171e-17, "median": -4.20047197025e-09, "dmean2": 4.00242816667e-09, "dmean": 2.89921531227e-09, "var": 6.58709729811e-17, "dvar": 1.66738981606e-17, "mean": -7.78390063516e-09}, "erbbands_kurtosis": {"min": -1.90220987797, "max": 407.948669434, "dvar2": 506.689971924, "median": 2.7011756897, "dmean2": 8.96690750122, "dmean": 5.91565465927, "var": 485.623931885, "dvar": 255.924087524, "mean": 7.99723052979}, "melbands_crest": {"min": 1.28591096401, "max": 39.9043045044, "dvar2": 36.0749053955, "median": 18.5179328918, "dmean2": 6.35275220871, "dmean": 4.14785051346, "var": 75.3889694214, "dvar": 16.3584117889, "mean": 19.8087310791}, "gfcc": {"cov": [[25875.7792969, -1839.12976074, -2833.52392578, -330.447906494, -1864.04089355, 31.0274772644, -381.523101807, -12.6642036438, -266.945220947, 40.5070533752, -81.6094970703, 260.941864014, -67.3747329712], [-1839.12976074, 4197.35351562, 628.012573242, -365.148498535, 637.006896973, -356.859008789, 449.513153076, -241.780090332, 157.63772583, -209.9503479, 311.81854248, -235.947952271, 116.678253174], [-2833.52392578, 628.012573242, 1947.27807617, 466.802337646, 554.774597168, 133.394165039, 238.362442017, 58.8063011169, 158.243530273, 15.7511024475, 90.1863327026, 2.70148944855, 101.510871887], [-330.447906494, -365.148498535, 466.802337646, 978.457580566, 318.974914551, 121.762390137, 49.4825782776, 72.641166687, 56.1748847961, 2.48934173584, -40.2826347351, -8.35518932343, 23.2310581207], [-1864.04089355, 637.006896973, 554.774597168, 318.974914551, 952.159851074, 178.628067017, 308.161773682, 64.3995895386, 185.109634399, 8.79393768311, 63.5769500732, -32.332824707, 87.6984939575], [31.0274772644, -356.859008789, 133.394165039, 121.762390137, 178.628067017, 455.209869385, 177.168167114, 96.2959899902, 64.5380554199, 71.8108901978, 9.958776474, 13.7579612732, -15.8984184265], [-381.523101807, 449.513153076, 238.362442017, 49.4825782776, 308.161773682, 177.168167114, 477.088623047, 110.5546875, 140.263137817, 33.8489112854, 132.210952759, -0.823480904102, 61.5257835388], [-12.6642036438, -241.780090332, 58.8063011169, 72.641166687, 64.3995895386, 96.2959899902, 110.5546875, 254.61555481, 126.920043945, 66.0755462646, -0.24773555994, 45.5067100525, 21.9575099945], [-266.945220947, 157.63772583, 158.243530273, 56.1748847961, 185.109634399, 64.5380554199, 140.263137817, 126.920043945, 253.894851685, 72.1185150146, 51.3266716003, 21.1794548035, 55.1678886414], [40.5070533752, -209.9503479, 15.7511024475, 2.48934173584, 8.79393768311, 71.8108901978, 33.8489112854, 66.0755462646, 72.1185150146, 180.486633301, 58.9362640381, 41.8017349243, 28.9728107452], [-81.6094970703, 311.81854248, 90.1863327026, -40.2826347351, 63.5769500732, 9.958776474, 132.210952759, -0.24773555994, 51.3266716003, 58.9362640381, 196.752059937, 47.4954910278, 43.5753860474], [260.941864014, -235.947952271, 2.70148944855, -8.35518932343, -32.332824707, 13.7579612732, -0.823480904102, 45.5067100525, 21.1794548035, 41.8017349243, 47.4954910278, 139.924713135, 48.5874176025], [-67.3747329712, 116.678253174, 101.510871887, 23.2310581207, 87.6984939575, -15.8984184265, 61.5257835388, 21.9575099945, 55.1678886414, 28.9728107452, 43.5753860474, 48.5874176025, 141.734619141]], "icov": [[5.30347206222e-05, -1.30427033582e-05, 7.13751869625e-05, -4.69259466627e-05, 0.000106944062281, -5.75155281695e-05, -2.2496236852e-05, 1.89300662896e-05, -2.117909753e-05, 1.34285528475e-05, 1.69478571479e-05, -9.33231494855e-05, -4.09910499002e-05], [-1.30427033582e-05, 0.000590460491367, -0.000134512811201, 0.000298835919239, -0.000293952558422, 0.000499395013321, -0.000281351443846, 0.000346872082446, -0.000340644328389, 0.000653984607197, -0.000866108282935, 0.00103881850373, -0.000229551194934], [7.13751869625e-05, -0.000134512811201, 0.000794138817582, -0.000358197838068, -3.96772993554e-05, -0.000212957267649, -1.25745018522e-05, 1.05004237412e-05, -9.58037999226e-05, -5.41751342098e-06, -1.75362220034e-05, -0.000290797615889, -0.000217422188143], [-4.69259466627e-05, 0.000298835919239, -0.000358197838068, 0.00147613417357, -0.00058403267758, 9.40531172091e-05, 0.000125216480228, -0.000179665963515, -1.8181925725e-06, 0.000332466617692, -0.000140019983519, 0.000597637961619, -0.000137396564241], [0.000106944062281, -0.000293952558422, -3.96772993554e-05, -0.00058403267758, 0.00213578622788, -0.000669198518153, -0.000610659655649, 0.000305242836475, -0.000732874090318, 6.91483728588e-05, 0.000500692636706, -0.000145981903188, -0.000594591663685], [-5.75155281695e-05, 0.000499395013321, -0.000212957267649, 9.40531172091e-05, -0.000669198518153, 0.0036488971673, -0.00154298904818, 2.15414784179e-05, 5.71424861846e-05, -0.000881773710717, 0.000315533718094, 0.000162776515936, 0.00119367823936], [-2.2496236852e-05, -0.000281351443846, -1.25745018522e-05, 0.000125216480228, -0.000610659655649, -0.00154298904818, 0.00459642848, -0.0017879413208, -0.000309072143864, 0.000978843308985, -0.00262803421356, 0.00118140212726, -0.000980921089649], [1.89300662896e-05, 0.000346872082446, 1.05004237412e-05, -0.000179665963515, 0.000305242836475, 2.15414784179e-05, -0.0017879413208, 0.00701660150662, -0.00301238615066, -0.000955284747761, 0.00189163628966, -0.00181394908577, 0.000656099582557], [-2.117909753e-05, -0.000340644328389, -9.58037999226e-05, -1.8181925725e-06, -0.000732874090318, 5.71424861846e-05, -0.000309072143864, -0.00301238615066, 0.00715341232717, -0.00190744630527, -9.14695410756e-05, 0.000140082935104, -0.00101434602402], [1.34285528475e-05, 0.000653984607197, -5.41751342098e-06, 0.000332466617692, 6.91483728588e-05, -0.000881773710717, 0.000978843308985, -0.000955284747761, -0.00190744630527, 0.00876321550459, -0.00366070820019, 0.000852724420838, -0.00121696596034], [1.69478571479e-05, -0.000866108282935, -1.75362220034e-05, -0.000140019983519, 0.000500692636706, 0.000315533718094, -0.00262803421356, 0.00189163628966, -9.14695410756e-05, -0.00366070820019, 0.0101312110201, -0.00457449164242, 0.000567201059312], [-9.33231494855e-05, 0.00103881850373, -0.000290797615889, 0.000597637961619, -0.000145981903188, 0.000162776515936, 0.00118140212726, -0.00181394908577, 0.000140082935104, 0.000852724420838, -0.00457449164242, 0.0123110981658, -0.0039552054368], [-4.09910499002e-05, -0.000229551194934, -0.000217422188143, -0.000137396564241, -0.000594591663685, 0.00119367823936, -0.000980921089649, 0.000656099582557, -0.00101434602402, -0.00121696596034, 0.000567201059312, -0.0039552054368, 0.0100541980937]], "mean": [-132.760498047, 112.618888855, -73.1129074097, 26.2913551331, -56.2882347107, 1.02273225784, -28.054599762, 2.12216639519, -19.0054016113, 0.489903450012, -11.1112728119, -2.47756528854, -5.18270397186]}, "melbands_spread": {"min": 0.0430357828736, "max": 296.176879883, "dvar2": 781.712280273, "median": 5.07086181641, "dmean2": 11.1569499969, "dmean": 7.34000492096, "var": 731.90020752, "dvar": 366.725921631, "mean": 13.4485063553}, "spectral_energy": {"min": 1.00675845392e-20, "max": 0.18798352778, "dvar2": 0.000472767074825, "median": 0.0166796892881, "dmean2": 0.0156804360449, "dmean": 0.0113990437239, "var": 0.00098171737045, "dvar": 0.000253752397839, "mean": 0.0304436422884}, "mfcc": {"cov": [[19403.4433594, -141.959289551, -2036.58239746, -788.656005859, -1352.42773438, -454.516143799, -596.26776123, -211.260726929, -343.905517578, -287.8230896, -232.422164917, -132.379486084, 20.9361362457], [-141.959289551, 3674.66577148, 337.579040527, 164.283218384, 53.1038360596, 17.3916854858, 220.390380859, -0.13549888134, -69.7650527954, -2.00583434105, 111.12008667, 15.6577568054, -69.8553695679], [-2036.58239746, 337.579040527, 1306.1895752, 372.62487793, 274.833374023, 167.510284424, 128.449020386, 94.8979110718, 72.5179214478, 56.8833618164, 55.9655227661, 34.0206985474, 5.81841230392], [-788.656005859, 164.283218384, 372.62487793, 746.048339844, 351.779998779, 126.901481628, 102.116577148, 76.3009872437, 107.673355103, 44.6413230896, 4.12624645233, 40.1818695068, 6.63953590393], [-1352.42773438, 53.1038360596, 274.833374023, 351.779998779, 605.515563965, 253.416488647, 126.908813477, 118.358139038, 169.560546875, 67.3335189819, 50.9094429016, 44.6098670959, 23.8774089813], [-454.516143799, 17.3916854858, 167.510284424, 126.901481628, 253.416488647, 377.323852539, 215.644332886, 113.006263733, 106.861602783, 74.4690628052, 85.185874939, 39.9558486938, 35.1951675415], [-596.26776123, 220.390380859, 128.449020386, 102.116577148, 126.908813477, 215.644332886, 341.59967041, 137.239944458, 85.2082214355, 67.9832305908, 98.6709899902, 56.0373840332, 21.2402915955], [-211.260726929, -0.13549888134, 94.8979110718, 76.3009872437, 118.358139038, 113.006263733, 137.239944458, 253.532104492, 135.344512939, 76.2350463867, 75.8268585205, 58.1608161926, 44.4345016479], [-343.905517578, -69.7650527954, 72.5179214478, 107.673355103, 169.560546875, 106.861602783, 85.2082214355, 135.344512939, 274.696746826, 116.259521484, 69.8798980713, 61.4594573975, 40.4153938293], [-287.8230896, -2.00583434105, 56.8833618164, 44.6413230896, 67.3335189819, 74.4690628052, 67.9832305908, 76.2350463867, 116.259521484, 196.327880859, 89.7136383057, 41.250579834, 37.4981460571], [-232.422164917, 111.12008667, 55.9655227661, 4.12624645233, 50.9094429016, 85.185874939, 98.6709899902, 75.8268585205, 69.8798980713, 89.7136383057, 181.343154907, 71.6750183105, 30.4527072906], [-132.379486084, 15.6577568054, 34.0206985474, 40.1818695068, 44.6098670959, 39.9558486938, 56.0373840332, 58.1608161926, 61.4594573975, 41.250579834, 71.6750183105, 139.41859436, 69.5947036743], [20.9361362457, -69.8553695679, 5.81841230392, 6.63953590393, 23.8774089813, 35.1951675415, 21.2402915955, 44.4345016479, 40.4153938293, 37.4981460571, 30.4527072906, 69.5947036743, 140.583282471]], "icov": [[7.48127640691e-05, -1.71309475263e-05, 0.000100678807939, -4.7754841944e-05, 0.000188764330233, -0.000137430644827, 0.000155555258971, -8.27329058666e-05, -1.77197125595e-05, 6.57826021779e-05, 1.31468132167e-05, 1.41215568874e-05, -3.88635817217e-05], [-1.71309475263e-05, 0.000311733107083, -8.49390999065e-05, -3.14629796776e-05, -7.70584520069e-05, 0.000211088714423, -0.000319762999425, 0.000106513194623, 0.00012954675185, 2.1854410079e-05, -0.000221190362936, 7.88449415268e-06, 0.000138278133818], [0.000100678807939, -8.49390999065e-05, 0.00108193233609, -0.000433253764641, 0.000115530456242, -0.000361376209185, 0.000229157289141, -0.000258779327851, 0.00012488203356, 9.70657583821e-06, -8.9508954261e-05, 3.69859844795e-05, -9.08256765797e-07], [-4.7754841944e-05, -3.14629796776e-05, -0.000433253764641, 0.0021159502212, -0.00120974262245, 0.000410388893215, -0.000444556644652, 9.96152011794e-05, -0.000102101337689, -0.000258641288383, 0.000718056922778, -0.000507775926962, 0.000242053050897], [0.000188764330233, -7.70584520069e-05, 0.000115530456242, -0.00120974262245, 0.00378223112784, -0.00219918903895, 0.00101614091545, -0.000415128393797, -0.00117260904517, 0.000520959903952, 5.86432615819e-05, -3.69347321794e-06, 5.90856398048e-05], [-0.000137430644827, 0.000211088714423, -0.000361376209185, 0.000410388893215, -0.00219918903895, 0.00595955736935, -0.00321969320066, 0.000300783576677, -2.69351912721e-05, -0.000356575037586, -0.000795334985014, 0.000891982461326, -0.000772577535827], [0.000155555258971, -0.000319762999425, 0.000229157289141, -0.000444556644652, 0.00101614091545, -0.00321969320066, 0.00619399361312, -0.00201466516592, 0.000182808798854, 0.000106449551822, -0.000892040028702, -0.000779747730121, 0.000662163132802], [-8.27329058666e-05, 0.000106513194623, -0.000258779327851, 9.96152011794e-05, -0.000415128393797, 0.000300783576677, -0.00201466516592, 0.00669894600287, -0.00218024221249, -0.000132047018269, -0.000689124863129, -0.000229735815083, -0.000821493857075], [-1.77197125595e-05, 0.00012954675185, 0.00012488203356, -0.000102101337689, -0.00117260904517, -2.69351912721e-05, 0.000182808798854, -0.00218024221249, 0.00674420176074, -0.00272460374981, 0.000201588656637, -0.00122645497322, 0.000285436486593], [6.57826021779e-05, 2.1854410079e-05, 9.70657583821e-06, -0.000258641288383, 0.000520959903952, -0.000356575037586, 0.000106449551822, -0.000132047018269, -0.00272460374981, 0.00829252041876, -0.00317896413617, 0.00107794196811, -0.001234300551], [1.31468132167e-05, -0.000221190362936, -8.9508954261e-05, 0.000718056922778, 5.86432615819e-05, -0.000795334985014, -0.000892040028702, -0.000689124863129, 0.000201588656637, -0.00317896413617, 0.00968635268509, -0.00394094875082, 0.00104235694744], [1.41215568874e-05, 7.88449415268e-06, 3.69859844795e-05, -0.000507775926962, -3.69347321794e-06, 0.000891982461326, -0.000779747730121, -0.000229735815083, -0.00122645497322, 0.00107794196811, -0.00394094875082, 0.0123131815344, -0.00518480222672], [-3.88635817217e-05, 0.000138278133818, -9.08256765797e-07, 0.000242053050897, 5.90856398048e-05, -0.000772577535827, 0.000662163132802, -0.000821493857075, 0.000285436486593, -0.001234300551, 0.00104235694744, -0.00518480222672, 0.0101073877886]], "mean": [-780.903259277, 139.819046021, 36.1334190369, 29.885181427, 0.272001355886, 3.12548232079, 0.641068398952, -0.151476711035, -0.482789546251, 1.34957623482, -1.82492995262, -2.19544410706, -2.05532574654]}, "spectral_contrast_valleys": {"min": [-28.1323432922, -27.6418609619, -27.8377494812, -27.5488491058, -27.3754806519, -27.3012886047], "max": [-5.08214759827, -4.37747240067, -5.10681533813, -5.72436380386, -5.4906129837, -7.24380207062], "dvar2": [0.661392569542, 1.1372538805, 1.14209377766, 0.920310497284, 0.833313643932, 0.681680262089], "median": [-7.91220140457, -7.47804260254, -8.54663085938, -9.21783447266, -8.998711586, -11.40558815], "dmean2": [0.868298888206, 1.00465154648, 0.984060406685, 0.921011030674, 0.81595659256, 0.7184715271], "dmean": [0.604794323444, 0.691990494728, 0.705397367477, 0.678762733936, 0.631381452084, 0.590000152588], "var": [3.41463685036, 3.23837900162, 3.15601277351, 2.96804451942, 3.23505711555, 3.52804255486], "dvar": [0.389205008745, 0.601890861988, 0.599072873592, 0.512921988964, 0.493470281363, 0.430454283953], "mean": [-8.13715839386, -7.77314949036, -8.70912647247, -9.34967041016, -9.18296337128, -11.5691680908]}, "barkbands_flatness_db": {"min": 0.0215389002115, "max": 0.885118663311, "dvar2": 0.0045170923695, "median": 0.241910457611, "dmean2": 0.063570253551, "dmean": 0.0480421259999, "var": 0.0178104396909, "dvar": 0.00259705563076, "mean": 0.258048385382}, "dynamic_complexity": 5.25200223923, "erbbands_flatness_db": {"min": 0.0360466837883, "max": 0.591294169426, "dvar2": 0.0023074215278, "median": 0.198549747467, "dmean2": 0.0463179685175, "dmean": 0.0333660878241, "var": 0.00642982358113, "dvar": 0