{"lowlevel": {"spectral_complexity": {"min": 0, "max": 63, "dvar2": 70.7688217163, "median": 6, "dmean2": 5.8078827858, "dmean": 4.04953145981, "var": 148.832901001, "dvar": 39.4929656982, "mean": 10.6342592239}, "silence_rate_20dB": {"min": 1, "max": 1, "dvar2": 0, "median": 1, "dmean2": 0, "dmean": 0, "var": 0, "dvar": 0, "mean": 1}, "average_loudness": 0.860386610031, "erbbands_spread": {"min": 1.02989673615, "max": 172.878158569, "dvar2": 790.902587891, "median": 46.2008590698, "dmean2": 25.2664260864, "dmean": 16.6735897064, "var": 864.965332031, "dvar": 372.088012695, "mean": 52.7558135986}, "spectral_kurtosis": {"min": -1.24283134937, "max": 78.1892547607, "dvar2": 30.1791477203, "median": 2.8725168705, "dmean2": 3.69555735588, "dmean": 2.2950963974, "var": 31.6601791382, "dvar": 13.3124456406, "mean": 4.32819414139}, "barkbands_kurtosis": {"min": -1.97521150112, "max": 515.805786133, "dvar2": 1426.01464844, "median": 3.42650985718, "dmean2": 18.6318740845, "dmean": 11.7016820908, "var": 960.697570801, "dvar": 612.985290527, "mean": 14.6131715775}, "spectral_strongpeak": {"min": 0, "max": 16.4684486389, "dvar2": 1.63536703587, "median": 0.179689198732, "dmean2": 0.53133058548, "dmean": 0.318399369717, "var": 1.03259575367, "dvar": 0.628631472588, "mean": 0.466269224882}, "spectral_spread": {"min": 1061592.125, "max": 42493468, "dvar2": 1815057924100.0, "median": 4401989, "dmean2": 1054766.25, "dmean": 749661.5625, "var": 5630682202110.0, "dvar": 973134495744, "mean": 4770960.5}, "spectral_rms": {"min": 3.18337695614e-12, "max": 0.0177440550178, "dvar2": 1.51926724357e-05, "median": 0.00231484277174, "dmean2": 0.0020001148805, "dmean": 0.00138769799378, "var": 1.05495837488e-05, "dvar": 7.0664004852e-06, "mean": 0.00316519173793}, "erbbands": {"min": [1.94535030359e-22, 7.44130093758e-22, 3.36177368688e-21, 7.77451628881e-21, 1.85758560756e-20, 4.0451823522e-20, 2.58160532706e-20, 1.06619044389e-19, 1.51986863684e-19, 2.02335589811e-19, 3.17152394737e-19, 3.97103562693e-19, 7.51371990954e-19, 7.4275881773e-19, 1.24004093194e-18, 1.32013993258e-18, 2.25475683104e-18, 2.79065302872e-18, 3.42930863311e-18, 4.19063512236e-18, 4.7704312427e-18, 6.07652130578e-18, 6.58585280488e-18, 7.27039480619e-18, 8.89641847788e-18, 9.93255814805e-18, 1.07919152592e-17, 7.67520293591e-18, 1.32903051116e-17, 1.26969907921e-17, 1.39627905419e-17, 1.15399032543e-17, 1.10751873959e-17, 8.32240559078e-18, 6.1642711067e-18, 4.42907200188e-18, 2.44626775441e-18, 1.02956916777e-18, 2.42778750555e-19, 3.09335693045e-20], "max": [2.92237854004, 51.0200080872, 183.865203857, 314.155181885, 136.854385376, 64.678565979, 160.273986816, 284.11138916, 734.602294922, 703.823364258, 638.20489502, 221.702941895, 415.885681152, 824.867492676, 482.124145508, 787.63885498, 1100.69604492, 2368.78881836, 1902.3807373, 2354.6159668, 903.292785645, 1069.9519043, 884.480529785, 562.181274414, 304.259429932, 260.175201416, 796.005065918, 166.232131958, 233.332260132, 323.853973389, 141.778198242, 65.9345016479, 122.992126465, 61.7206382751, 14.124329567, 2.78022670746, 0.459833979607, 0.0436029359698, 0.00431637931615, 0.000766693963669], "dvar2": [0.341549754143, 153.330657959, 1706.21618652, 2626.64672852, 410.627868652, 88.2363052368, 273.419586182, 324.936523438, 1360.47900391, 688.417663574, 444.042755127, 165.831558228, 568.387512207, 739.36340332, 176.731735229, 1148.16186523, 1163.11523438, 8237.63476562, 8021.74902344, 8661.26660156, 3337.14404297, 1539.58642578, 886.92980957, 629.363952637, 478.414428711, 308.578491211, 521.800842285, 351.885803223, 396.305389404, 320.828735352, 141.484329224, 49.3906097412, 11.4975757599, 2.93246269226, 0.19157846272, 0.0151917086914, 0.000911327952053, 1.64101256814e-05, 1.10710956847e-07, 8.86763906749e-09], "median": [0.0135251432657, 0.121352598071, 0.553589105606, 1.50153374672, 1.11608242989, 0.717637360096, 0.919347882271, 1.21671247482, 1.03220808506, 0.792417526245, 0.872260212898, 1.16373944283, 1.36415791512, 1.00396180153, 1.02906453609, 1.15244674683, 1.23737585545, 1.57031095028, 1.70579051971, 1.83157467842, 1.85251903534, 1.86040437222, 1.90871906281, 1.65752530098, 1.19238853455, 0.91929268837, 0.806410610676, 0.506770789623, 0.330597579479, 0.187649637461, 0.111400559545, 0.081774353981, 0.0383094772696, 0.0180458687246, 0.00589330494404, 0.0016687924508, 0.000445746642072, 7.3482922744e-05, 8.83531083673e-06, 6.94969003234e-06], "dmean2": [0.22312630713, 4.4623708725, 14.7929878235, 18.6752758026, 8.03081989288, 4.10909509659, 6.93084907532, 7.47044420242, 10.6669225693, 6.62778949738, 5.51269340515, 5.02077770233, 7.78684806824, 6.44144058228, 4.16935539246, 8.10839557648, 8.43454265594, 16.3442783356, 19.3525714874, 14.6583213806, 15.9275875092, 12.3595714569, 10.6493806839, 10.2613306046, 9.47494411469, 8.07684135437, 8.15646457672, 8.44348907471, 8.43857479095, 7.07191610336, 4.78678846359, 2.9758503437, 1.2821521759, 0.565299034119, 0.170657262206, 0.0474059954286, 0.0109143210575, 0.00146043777931, 0.000119877069665, 3.92773472413e-05], "dmean": [0.13007363677, 2.50794529915, 8.41505527496, 10.9660015106, 4.75654363632, 2.40561556816, 3.96681642532, 4.61746263504, 6.80292415619, 4.18959093094, 3.5772395134, 3.27933239937, 4.8607416153, 4.01270151138, 2.64819669724, 5.2905254364, 5.57081747055, 10.8030290604, 11.9536647797, 9.14984893799, 9.94452571869, 7.98847866058, 7.0607509613, 6.89854192734, 6.256752491, 5.37506723404, 5.61622047424, 5.81173706055, 5.86410665512, 4.94676971436, 3.2346508503, 2.10095047951, 0.960743308067, 0.422124832869, 0.129775732756, 0.0344420932233, 0.00780236814171, 0.001052861684, 8.39824933792e-05, 2.54235110333e-05], "var": [0.0974684283137, 37.5722732544, 418.978637695, 807.652770996, 133.080749512, 33.8812484741, 90.8286895752, 198.387023926, 1129.42895508, 434.628448486, 307.17880249, 155.709564209, 394.773651123, 506.467651367, 180.393951416, 1540.89855957, 1547.23364258, 7730.37304688, 5421.04003906, 3122.46875, 2389.15356445, 1359.75842285, 801.684936523, 555.292663574, 371.219390869, 265.999938965, 449.288848877, 312.011077881, 339.631439209, 276.129302979, 108.019462585, 42.5909042358, 13.8139438629, 2.94145798683, 0.236299440265, 0.0150773786008, 0.000790181627963, 1.38928844535e-05, 7.15838837095e-08, 3.84904286221e-09], "dvar": [0.128125473857, 56.5016288757, 628.443786621, 1032.03991699, 158.567062378, 32.3748664856, 100.054130554, 136.296478271, 625.816650391, 292.191192627, 199.707885742, 78.2475204468, 227.532119751, 290.664642334, 74.9630355835, 579.516113281, 559.173828125, 4497.88525391, 3126.70336914, 2689.74267578, 1263.31628418, 683.063476562, 358.330963135, 264.829498291, 207.394165039, 136.28742981, 223.109359741, 169.677658081, 190.6068573, 153.111923218, 63.5510787964, 23.8726673126, 6.61330938339, 1.53004288673, 0.112342044711, 0.00785315968096, 0.000441638549091, 8.0246163634e-06, 5.16054647903e-08, 3.73773412221e-09], "mean": [0.110699675977, 1.79275214672, 6.14121675491, 9.54252624512, 4.89574575424, 2.95066070557, 4.1134147644, 5.98841047287, 9.16997718811, 5.50148868561, 5.0343503952, 4.75128650665, 6.61221313477, 5.65467596054, 3.92823314667, 8.13407707214, 8.97453975677, 14.9730587006, 17.0701522827, 13.4996023178, 14.5752162933, 12.7592344284, 11.7224082947, 10.8199720383, 9.38353729248, 8.15618133545, 8.29352760315, 7.87669849396, 7.62385845184, 6.29799318314, 4.07304286957, 2.66956019402, 1.27283740044, 0.568343997002, 0.17632342875, 0.0464145280421, 0.0104220211506, 0.00139992823824, 0.00010435358854, 2.90180760203e-05]}, "zerocrossingrate": {"min": 0.0029296875, "max": 0.515625, "dvar2": 0.000330414419295, "median": 0.0458984375, "dmean2": 0.015947015956, "dmean": 0.0138989016414, "var": 0.00216650171205, "dvar": 0.000265584152658, "mean": 0.0565356947482}, "spectral_contrast_coeffs": {"min": [-0.975473880768, -0.972468614578, -0.972628712654, -0.967742025852, -0.966846227646, -0.963082909584], "max": [-0.284874260426, -0.361109912395, -0.498011380434, -0.397532522678, -0.599313914776, -0.584071278572], "dvar2": [0.00571527099237, 0.00484208622947, 0.00272062909789, 0.00165755068883, 0.00106877333019, 0.00112042028923], "median": [-0.651712834835, -0.767781794071, -0.819472074509, -0.832607746124, -0.827675104141, -0.765174388885], "dmean2": [0.0859025716782, 0.0836270079017, 0.063012175262, 0.0481711253524, 0.036983627826, 0.0339780710638], "dmean": [0.0559351965785, 0.0525542907417, 0.0401786975563, 0.0304506570101, 0.0243133734912, 0.0232079233974], "var": [0.0107114072889, 0.00718583725393, 0.00472221476957, 0.00370832695626, 0.00227015465498, 0.00309714232571], "dvar": [0.00253757974133, 0.00202320702374, 0.00121129199397, 0.000707909348421, 0.000499894260429, 0.000552376266569], "mean": [-0.655663251877, -0.759359300137, -0.811537623405, -0.823524236679, -0.825080692768, -0.770144939423]}, "dissonance": {"min": 0.181137606502, "max": 0.500000119209, "dvar2": 0.000772802741267, "median": 0.479846268892, "dmean2": 0.0256391502917, "dmean": 0.0155878281221, "var": 0.000530732155312, "dvar": 0.000302126834868, "mean": 0.473604381084}, "spectral_energyband_high": {"min": 7.32261879601e-21, "max": 0.0196221936494, "dvar2": 2.77209119304e-06, "median": 5.42225898243e-05, "dmean2": 0.000752030638978, "dmean": 0.000555843871552, "var": 3.07790696752e-06, "dvar": 1.44365401411e-06, "mean": 0.000800031935796}, "spectral_skewness": {"min": -0.341368496418, "max": 7.19273424149, "dvar2": 0.377581864595, "median": 1.17753970623, "dmean2": 0.499442875385, "dmean": 0.328190624714, "var": 0.581257760525, "dvar": 0.17756357789, "mean": 1.31639206409}, "spectral_flux": {"min": 6.30035051907e-11, "max": 0.520932197571, "dvar2": 0.0120265996084, "median": 0.0348469130695, "dmean2": 0.061824195087, "dmean": 0.0411322899163, "var": 0.0102214058861, "dvar": 0.00593175413087, "mean": 0.0749212950468}, "silence_rate_30dB": {"min": 0, "max": 1, "dvar2": 0.164558619261, "median": 1, "dmean2": 0.174886927009, "dmean": 0.0874340459704, "var": 0.07178311795, "dvar": 0.0797881782055, "mean": 0.922157645226}, "spectral_energyband_middle_high": {"min": 1.26128554328e-21, "max": 0.0665773078799, "dvar2": 1.55521047418e-05, "median": 0.00042757333722, "dmean2": 0.00150443124585, "dmean": 0.00105900515337, "var": 2.96997568512e-05, "dvar": 7.66467019275e-06, "mean": 0.00225864723325}, "barkbands_spread": {"min": 0.225806608796, "max": 119.475379944, "dvar2": 284.985931396, "median": 18.6772155762, "dmean2": 14.4755458832, "dmean": 9.3615398407, "var": 351.705810547, "dvar": 124.936790466, "mean": 23.2117156982}, "spectral_centroid": {"min": 100.703430176, "max": 11410.4365234, "dvar2": 470395.5, "median": 1288.41210938, "dmean2": 632.493713379, "dmean": 423.461517334, "var": 920643.5, "dvar": 222797.3125, "mean": 1436.21374512}, "pitch_salience": {"min": 0.0978879407048, "max": 0.925699293613, "dvar2": 0.0259921532124, "median": 0.527360320091, "dmean2": 0.159897491336, "dmean": 0.0986596941948, "var": 0.0187721513212, "dvar": 0.00984346307814, "mean": 0.516657829285}, "erbbands_skewness": {"min": -6.83116102219, "max": 11.9124155045, "dvar2": 1.50186491013, "median": -0.0360714197159, "dmean2": 0.948598265648, "dmean": 0.652953028679, "var": 2.8524620533, "dvar": 0.824769675732, "mean": 0.235836580396}, "erbbands_crest": {"min": 2.05519127846, "max": 33.3444099426, "dvar2": 21.2492198944, "median": 6.81737565994, "dmean2": 4.57857275009, "dmean": 2.81959152222, "var": 24.0633621216, "dvar": 9.25171661377, "mean": 8.33229064941}, "melbands": {"min": [1.99310263376e-24, 1.63122077931e-24, 1.05154724792e-24, 2.40843612542e-24, 8.64163792296e-25, 2.46813869645e-24, 2.15425291441e-24, 2.75809852444e-24, 2.15855496736e-24, 2.92744980307e-24, 3.64312689882e-24, 2.64834588442e-24, 3.77557112278e-24, 3.96219076384e-24, 3.56272816751e-24, 6.14065381943e-24, 5.10947535451e-24, 4.44332649626e-24, 3.83509620011e-24, 4.50013591992e-24, 5.19278379927e-24, 5.42251942196e-24, 3.58529195599e-24, 4.9346661445e-24, 5.57550913377e-24, 6.74384723871e-24, 6.35216320534e-24, 5.03329860677e-24, 6.76889515017e-24, 5.44627084053e-24, 3.96183893188e-24, 6.70640474471e-24, 5.59652004955e-24, 6.56426226478e-24, 7.5336169117e-24, 7.07410227896e-24, 6.70909554925e-24, 6.73834020073e-24, 6.7793388797e-24, 7.08742219535e-24], "max": [0.0373759046197, 0.0827256888151, 0.0447680316865, 0.00614223023877, 0.00458248890936, 0.00605695694685, 0.0103348381817, 0.00612938590348, 0.00432812701911, 0.00171204609796, 0.00203769630753, 0.00374404620379, 0.00120438798331, 0.0025003568735, 0.00459515256807, 0.00267867022194, 0.00431082164869, 0.00413103029132, 0.00218148576096, 0.00337082589976, 0.00129092321731, 0.00112203019671, 0.000672548951115, 0.00143354013562, 0.000328232010361, 0.000290878437227, 0.000267915282166, 0.00019140074437, 0.000497151457239, 0.000223717972403, 0.000115834940516, 0.000107043764729, 0.00025228926097, 0.000219811452553, 9.18867444852e-05, 5.89513365412e-05, 4.89849844598e-05, 8.32972073113e-05, 7.99851113698e-05, 4.43196840934e-05], "dvar2": [8.14700106275e-05, 0.00038918494829, 5.88369730394e-05, 7.6760943557e-07, 2.76969160495e-07, 1.60644603397e-07, 2.98223909567e-07, 6.03861991522e-08, 2.62971155962e-08, 8.1020461451e-09, 1.49888137457e-08, 1.47891521252e-08, 1.68983038673e-09, 6.29816288011e-09, 2.18787068462e-08, 1.07009316963e-08, 2.76705343083e-08, 3.70108388381e-08, 1.08185105319e-08, 2.05096153394e-08, 4.47326042874e-09, 1.74518943741e-09, 9.56421941645e-10, 1.5762590122e-09, 4.25939949977e-10, 4.03944822036e-10, 2.20630749781e-10, 1.46713877158e-10, 2.18653747885e-10, 1.30033858681e-10, 1.53067503117e-10, 1.29544777683e-10, 1.73875316922e-10, 9.6589819476e-11, 5.59650763232e-11, 3.06073812129e-11, 1.73222755584e-11, 7.57858966555e-12, 3.48311830767e-12, 1.9530028636e-12], "median": [0.000143810437294, 0.000274344231002, 0.000271493860055, 5.9079771745e-05, 3.26407607645e-05, 2.78681436612e-05, 1.51887288666e-05, 8.55748658068e-06, 7.22509321349e-06, 7.37674145057e-06, 6.56544034427e-06, 3.50910795532e-06, 3.03381057165e-06, 3.11408825837e-06, 2.40482722802e-06, 2.57799592873e-06, 2.73911450677e-06, 2.5491285669e-06, 2.32032334679e-06, 2.18009131459e-06, 2.09931158679e-06, 1.77869878826e-06, 1.76955700226e-06, 1.53965493155e-06, 1.30309706492e-06, 9.45307760958e-07, 6.97224663782e-07, 5.33880836429e-07, 5.18919023307e-07, 3.71434509816e-07, 2.53784719462e-07, 1.92456212744e-07, 1.3422692291e-07, 8.46375414199e-08, 6.18137221409e-08, 5.09062196841e-08, 4.86793112486e-08, 2.86225798618e-08, 1.76668528695e-08, 1.38206139866e-08], "dmean2": [0.00330724800006, 0.00721146864817, 0.00287352246232, 0.000361928367056, 0.000224978997721, 0.000170246392372, 0.000158146533067, 6.71663292451e-05, 4.34722787759e-05, 3.44544459949e-05, 3.98075535486e-05, 2.79297255474e-05, 1.39145213325e-05, 1.97972440219e-05, 2.72536854027e-05, 2.06661297852e-05, 3.15296238114e-05, 3.74465598725e-05, 2.19631983782e-05, 2.31219109992e-05, 1.83755091712e-05, 1.32684517666e-05, 1.11621711767e-05, 1.0946164366e-05, 8.58890416566e-06, 8.31523266243e-06, 6.58541330267e-06, 5.46226283404e-06, 5.40068140253e-06, 4.86697945234e-06, 5.41268173038e-06, 4.94320238431e-06, 4.8766855798e-06, 3.72239014723e-06, 2.95853010357e-06, 2.26792280955e-06, 1.75422758275e-06, 1.03699744614e-06, 6.13606687239e-07, 4.47223186484e-07], "dmean": [0.00188501109369, 0.00413868622854, 0.00168636720628, 0.000214007741306, 0.00012928454089, 0.000105261606222, 0.000100677301816, 4.24909449066e-05, 2.81599350274e-05, 2.23418282985e-05, 2.49297736445e-05, 1.73482458194e-05, 8.7071366579e-06, 1.25272736113e-05, 1.8103793991e-05, 1.342485848e-05, 2.0726087314e-05, 2.30676032515e-05, 1.36691751322e-05, 1.42494745887e-05, 1.13786954898e-05, 8.39807671582e-06, 7.21455535313e-06, 7.13517010809e-06, 5.67655933992e-06, 5.41292865819e-06, 4.26320366387e-06, 3.56564873982e-06, 3.62044784197e-06, 3.28248620463e-06, 3.65857454199e-06, 3.33882667292e-06, 3.43367355526e-06, 2.52452605309e-06, 1.95350867216e-06, 1.52598340719e-06, 1.23978156807e-06, 7.64635046835e-07, 4.50816742159e-07, 3.28368514602e-07], "var": [2.06434178835e-05, 0.00010098326311, 1.8372615159e-05, 2.66323951337e-07, 9.27073955381e-08, 9.94819657762e-08, 2.4495290063e-07, 3.83353047084e-08, 1.88417761393e-08, 6.75469946643e-09, 1.07626121348e-08, 1.00303880757e-08, 1.52745860404e-09, 5.6273594673e-09, 3.1193643224e-08, 1.02835633342e-08, 2.54142502598e-08, 2.15743316545e-08, 7.17742176803e-09, 6.59834409333e-09, 3.38415029333e-09, 1.44403689006e-09, 7.81958497953e-10, 8.85548689933e-10, 3.49988121817e-10, 2.77222800271e-10, 1.64066205066e-10, 1.1365447472e-10, 1.72872008375e-10, 1.17223009077e-10, 1.21437818135e-10, 1.0365524411e-10, 1.32816938003e-10, 7.04865887879e-11, 3.90963962593e-11, 2.17043553269e-11, 1.5047114596e-11, 8.1477255498e-12, 3.96012129339e-12, 1.67203989369e-12], "dvar": [2.99738549074e-05, 0.000145884623635, 2.32084221352e-05, 2.88086567934e-07, 1.00998924779e-07, 6.71581474876e-08, 1.35328548367e-07, 2.58015084853e-08, 1.19193570569e-08, 3.66878505353e-09, 6.02684657736e-09, 5.82761039425e-09, 7.10720649e-10, 2.81345902131e-09, 1.12140750019e-08, 5.56823565034e-09, 1.47682257534e-08, 1.44698590887e-08, 4.01739086442e-09, 6.46386366654e-09, 1.69677960571e-09, 7.71104069486e-10, 3.93260146669e-10, 5.97107141509e-10, 1.77813555546e-10, 1.70369843233e-10, 9.2601017132e-11, 6.38373867656e-11, 9.38292082919e-11, 5.85453144297e-11, 7.22803553121e-11, 6.06869970943e-11, 8.0709633421e-11, 4.32662898564e-11, 2.44160976159e-11, 1.36087469418e-11, 8.50887242609e-12, 4.12233658667e-12, 1.98596759697e-12, 9.48780333812e-13], "mean": [0.00143898231909, 0.00308965332806, 0.00150210887659, 0.000250774755841, 0.000139010284329, 0.000136073897011, 0.00013690002379, 5.52845922357e-05, 3.90613968193e-05, 3.12510383083e-05, 3.34053911502e-05, 2.3771683118e-05, 1.21252578538e-05, 1.69820286828e-05, 2.82563614746e-05, 1.85826629604e-05, 2.78772040474e-05, 2.951920942e-05, 2.04377902264e-05, 1.75011100509e-05, 1.64525336004e-05, 1.2506553503e-05, 1.13730193334e-05, 1.07386913442e-05, 8.48684067023e-06, 7.6143305705e-06, 6.03791886533e-06, 5.17213220519e-06, 5.17470880368e-06, 4.61130912299e-06, 4.67973677587e-06, 4.26237465945e-06, 4.25819553129e-06, 3.11947451337e-06, 2.39778773903e-06, 1.87589944289e-06, 1.55661973622e-06, 9.82155711426e-07, 5.92783123921e-07, 4.34077492173e-07]}, "spectral_entropy": {"min": 3.93374681473, "max": 9.81406593323, "dvar2": 0.208327710629, "median": 7.69225788116, "dmean2": 0.388013422489, "dmean": 0.272571861744, "var": 0.512929797173, "dvar": 0.117543369532, "mean": 7.5722117424}, "spectral_rolloff": {"min": 21.533203125, "max": 19293.75, "dvar2": 3221595.75, "median": 689.0625, "dmean2": 1249.0534668, "dmean": 743.525390625, "var": 3482689.75, "dvar": 1462381.75, "mean": 1441.36083984}, "barkbands": {"min": [1.74744597376e-25, 3.7828842578e-24, 2.4298667152e-24, 2.14339523013e-24, 9.71992755558e-24, 1.00416415988e-23, 1.53886062898e-23, 1.46723773859e-23, 2.66830118598e-23, 1.79402399967e-23, 2.43370925667e-23, 3.20188070693e-23, 5.75460209516e-23, 5.48375396087e-23, 5.52656512665e-23, 8.02347586801e-23, 1.09523415975e-22, 1.05447857616e-22, 1.42421541052e-22, 1.99989467093e-22, 1.96837822626e-22, 3.27550774579e-22, 4.61947605984e-22, 5.99393984323e-22, 8.18986909968e-22, 1.18026738261e-21, 1.95396499284e-21], "max": [0.0134415542707, 0.183852493763, 0.182482540607, 0.108710318804, 0.0231310408562, 0.032530952245, 0.053604632616, 0.0260884799063, 0.0161078497767, 0.0251124370843, 0.00823028665036, 0.0173955596983, 0.0215729605407, 0.0429404973984, 0.0226925946772, 0.0385848134756, 0.0155594078824, 0.0217711292207, 0.00515453191474, 0.00517467642203, 0.0117972176522, 0.00833319500089, 0.00771718798205, 0.00556215737015, 0.00332137942314, 0.000335076882038, 3.01344643958e-05], "dvar2": [2.03437991786e-07, 0.00199102191254, 0.00148276204709, 0.000213273640838, 1.2532738765e-05, 4.05851778851e-06, 6.60057594359e-06, 7.59314161769e-07, 5.44641750366e-07, 8.21169180654e-07, 1.45077208913e-07, 7.03508362676e-07, 5.67400093132e-07, 5.02659258927e-06, 1.06015897927e-06, 3.24293409903e-06, 4.47783719437e-07, 3.83123790471e-07, 2.02829241402e-07, 1.42769621903e-07, 2.31417033092e-07, 3.29052426196e-07, 1.9148349395e-07, 6.13406285765e-08, 1.00385850743e-08, 3.69888564222e-10, 3.95209646259e-12], "median": [2.29286306421e-05, 0.000551132543478, 0.00054909940809, 0.000478741014376, 0.000266247428954, 0.00015274497855, 5.17374573974e-05, 3.10303585138e-05, 5.62178393011e-05, 3.38920071954e-05, 2.00031317945e-05, 2.67821524176e-05, 2.5421497412e-05, 3.18171369145e-05, 2.9731723771e-05, 3.23939602822e-05, 3.18482489092e-05, 3.59386394848e-05, 2.61614677584e-05, 1.93670784938e-05, 1.6771549781e-05, 8.89402235771e-06, 4.0609656935e-06, 3.15498346026e-06, 1.20865388453e-06, 2.80035692413e-07, 3.03508045363e-08], "dmean2": [0.000160963085364, 0.0161463730037, 0.0136118577793, 0.0051312665455, 0.0015046717599, 0.000920171034522, 0.000695744995028, 0.000244527152972, 0.000262498535449, 0.00023478170624, 0.000114571026643, 0.000201878865482, 0.000190689184819, 0.000459174247226, 0.000254758371739, 0.000346349959727, 0.000216656073462, 0.000211878243135, 0.000197241199203, 0.000174910237547, 0.000203627059818, 0.000236725391005, 0.000173631560756, 0.000103950362245, 3.58918878192e-05, 7.16799831935e-06, 6.69585688229e-07], "dmean": [0.000104408398329, 0.00911970157176, 0.00773714017123, 0.00303564989008, 0.000875231693499, 0.00055922800675, 0.000440800125943, 0.000155257017468, 0.000171539388248, 0.000146892794874, 7.11851243977e-05, 0.000131660621264, 0.000120749617054, 0.000298689905321, 0.000157460046466, 0.000213255785638, 0.000137930968776, 0.000141375465319, 0.000129955078592, 0.000116066345072, 0.00014163175365, 0.00016750812938, 0.000117689916806, 7.58880196372e-05, 2.71722055913e-05, 5.17499483976e-06, 4.56340501387e-07], "var": [1.53863695118e-07, 0.000492596474942, 0.000361535465345, 6.61551093799e-05, 4.05290165872e-06, 2.37085760091e-06, 5.2617624533e-06, 5.11911935064e-07, 4.43385061999e-07, 6.1084074332e-07, 1.00795091384e-07, 8.71040811035e-07, 5.98473718583e-07, 4.11138216805e-06, 8.7672930249e-07, 1.28366025365e-06, 3.56870287987e-07, 3.15090886716e-07, 1.60143244443e-07, 1.22121662116e-07, 2.18644700567e-07, 2.88705393814e-07, 1.42561404459e-07, 6.50077396358e-08, 1.12325659885e-08, 3.39944572492e-10, 2.26793692333e-12], "dvar": [1.01684321407e-07, 0.000732624554075, 0.000544064387213, 8.34841557662e-05, 4.57190799352e-06, 1.67280393271e-06, 2.95649942927e-06, 3.38208110406e-07, 2.46717405616e-07, 3.2431213981e-07, 5.94148410471e-08, 3.40355171602e-07, 2.46662239078e-07, 2.47988077717e-06, 4.08665641771e-07, 1.04421019387e-06, 1.92970617263e-07, 1.58154151109e-07, 8.82216895093e-08, 6.3154395491e-08, 1.06837688918e-07, 1.59754577567e-07, 8.54313668697e-08, 3.27606386463e-08, 5.5301589974e-09, 1.83489778927e-10, 1.76410448749e-12], "mean": [0.000124273079564, 0.00670870905742, 0.00571247655898, 0.00271421391517, 0.00101934804115, 0.000684274360538, 0.000586753594689, 0.0002044053399, 0.00023790349951, 0.000198244437343, 9.21150058275e-05, 0.000193532803678, 0.000182175150258, 0.000390957808122, 0.000244102629949, 0.000277651153738, 0.000209090459975, 0.000224270435865, 0.000192441482795, 0.000174124070327, 0.000202294977498, 0.000217903900193, 0.0001475433819, 9.89065520116e-05, 3.69328081433e-05, 6.99087377143e-06, 5.38999017863e-07]}, "melbands_flatness_db": {"min": 0.0037640966475, "max": 0.735944151878, "dvar2": 0.00523848505691, "median": 0.215052962303, "dmean2": 0.0702919140458, "dmean": 0.0489134043455, "var": 0.0133948950097, "dvar": 0.00254387268797, "mean": 0.238206699491}, "melbands_skewness": {"min": -2.86214017868, "max": 27.7045249939, "dvar2": 12.036898613, "median": 3.39725399017, "dmean2": 2.80709791183, "dmean": 1.85030019283, "var": 11.7069568634, "dvar": 5.36355161667, "mean": 4.37149477005}, "barkbands_skewness": {"min": -7.06066989899, "max": 16.8745422363, "dvar2": 4.51376962662, "median": 1.89135968685, "dmean2": 1.78964948654, "dmean": 1.17576158047, "var": 4.91194009781, "dvar": 1.96337974072, "mean": 2.43008804321}, "silence_rate_60dB": {"min": 0, "max": 1, "dvar2": 0.164576023817, "median": 0, "dmean2": 0.184363558888, "dmean": 0.0921718552709, "var": 0.221084475517, "dvar": 0.0836694464087, "mean": 0.329995691776}, "spectral_energyband_low": {"min": 1.50287547662e-23, "max": 0.294723391533, "dvar2": 0.00616511562839, "median": 0.00206214492209, "dmean2": 0.0301750190556, "dmean": 0.0177575312555, "var": 0.00180767325219, "dvar": 0.00238856044598, "mean": 0.0145328938961}, "spectral_energyband_middle_low": {"min": 2.53706275169e-22, "max": 0.11547498405, "dvar2": 0.00028777634725, "median": 0.00182545348071, "dmean2": 0.00718841282651, "dmean": 0.00441022729501, "var": 0.000116405666631, "dvar": 0.000116420036647, "mean": 0.00550435110927}, "melbands_kurtosis": {"min": -1.97069144249, "max": 1224.67883301, "dvar2": 12137.1220703, "median": 15.7005977631, "dmean2": 57.8433609009, "dmean": 35.9383239746, "var": 7198.91015625, "dvar": 4995.46923828, "mean": 46.8918075562}, "spectral_decrease": {"min": -8.33751059304e-08, "max": 1.14572970538e-28, "dvar2": 4.48533168208e-16, "median": -1.36199007628e-09, "dmean2": 8.62668514401e-09, "dmean": 5.24861798468e-09, "var": 1.51452190887e-16, "dvar": 1.78365074599e-16, "mean": -5.29418953121e-09}, "erbbands_kurtosis": {"min": -1.93963694572, "max": 244.77973938, "dvar2": 218.916473389, "median": -0.596917748451, "dmean2": 4.71447038651, "dmean": 3.12012267113, "var": 374.935302734, "dvar": 122.388435364, "mean": 3.2554962635}, "melbands_crest": {"min": 1.8702352047, "max": 36.7161712646, "dvar2": 35.4283447266, "median": 16.60181427, "dmean2": 6.29661989212, "dmean": 3.92211651802, "var": 34.3411941528, "dvar": 13.8592815399, "mean": 16.7434635162}, "gfcc": {"cov": [[27221.9726562, 540.742492676, -3321.78540039, 956.196838379, -1456.73950195, 383.419067383, -829.926208496, -171.246536255, 30.4076862335, -104.303779602, -266.027832031, -455.428894043, -249.675247192], [540.742492676, 1761.11730957, -466.152893066, -436.228912354, 310.203308105, -375.571746826, 126.623542786, -123.423698425, 9.46536064148, -155.31262207, 26.3659038544, -163.398483276, 32.2589759827], [-3321.78540039, -466.152893066, 2136.68774414, 642.209777832, 431.587890625, 504.17590332, 230.309188843, 139.423171997, 20.0032272339, 45.2848892212, -8.36320972443, 47.1169433594, -35.4598884583], [956.196838379, -436.228912354, 642.209777832, 707.47076416, 107.745918274, 325.547576904, 44.709526062, 41.7076034546, 42.4083404541, 13.5144824982, -46.618057251, -24.5306072235, -47.7937583923], [-1456.73950195, 310.203308105, 431.587890625, 107.745918274, 482.441223145, 93.5331954956, 162.45211792, 16.7907180786, 38.7006874084, -12.1407060623, -0.99220263958, -37.3156356812, -0.750958144665], [383.419067383, -375.571746826, 504.17590332, 325.547576904, 93.5331954956, 447.084869385, 81.3847808838, 51.961517334, 20.7194232941, 37.3423271179, -39.9781761169, -9.50919818878, -45.7650260925], [-829.926208496, 126.623542786, 230.309188843, 44.709526062, 162.45211792, 81.3847808838, 216.136627197, 72.4157943726, 11.1437273026, -11.7755050659, 23.9957237244, 9.61465167999, 10.1051836014], [-171.246536255, -123.423698425, 139.423171997, 41.7076034546, 16.7907180786, 51.961517334, 72.4157943726, 155.845718384, 40.4161453247, 35.9316940308, 31.8764743805, 51.7243843079, 23.0284137726], [30.4076862335, 9.46536064148, 20.0032272339, 42.4083404541, 38.7006874084, 20.7194232941, 11.1437273026, 40.4161453247, 104.348731995, 46.2190170288, 10.1592159271, 1.9368108511, 10.1873855591], [-104.303779602, -155.31262207, 45.2848892212, 13.5144824982, -12.1407060623, 37.3423271179, -11.7755050659, 35.9316940308, 46.2190170288, 109.530609131, 40.1985321045, 28.0606822968, 5.16535329819], [-266.027832031, 26.3659038544, -8.36320972443, -46.618057251, -0.99220263958, -39.9781761169, 23.9957237244, 31.8764743805, 10.1592159271, 40.1985321045, 94.178024292, 51.8801460266, 23.0316562653], [-455.428894043, -163.398483276, 47.1169433594, -24.5306072235, -37.3156356812, -9.50919818878, 9.61465167999, 51.7243843079, 1.9368108511, 28.0606822968, 51.8801460266, 118.782745361, 47.0654220581], [-249.675247192, 32.2589759827, -35.4598884583, -47.7937583923, -0.750958144665, -45.7650260925, 10.1051836014, 23.0284137726, 10.1873855591, 5.16535329819, 23.0316562653, 47.0654220581, 74.7903900146]], "icov": [[0.000152358144987, -0.000390220724512, 0.000338222365826, -0.000581405707635, 0.000438284361735, -0.000523099908605, 0.000562707253266, -0.000497363565955, 0.000294487079373, -0.000192987819901, 0.000105098035419, -1.56004334713e-05, 0.000177844820428], [-0.000390220724512, 0.00264114001766, -0.00079157226719, 0.0021833172068, -0.00195995694958, 0.00201454292983, -0.00217912951484, 0.00200164527632, -0.00193504046183, 0.0026226118207, -0.0021492682863, 0.00268877693452, -0.00147853803355], [0.000338222365826, -0.00079157226719, 0.00167811871506, -0.00180147995707, 0.000260180531768, -0.00154696928803, 0.00107280234806, -0.00141468923539, 0.0012362645939, -0.000647521694191, 0.000300733634504, -0.0005840806989, 0.000612871954218], [-0.000581405707635, 0.0021833172068, -0.00180147995707, 0.00508069945499, -0.00189874565694, 0.000940812926274, -0.00190383987501, 0.00211447989568, -0.00279389182106, 0.00248612533323, -0.00116074469406, 0.00149294885341, -0.000700416450854], [0.000438284361735, -0.00195995694958, 0.000260180531768, -0.00189874565694, 0.00532797072083, -0.00168779073283, -0.000421316857683, -0.000532614591066, -0.000182975796633, -0.00124207278714, 0.00094312580768, 8.93210526556e-05, 0.000224211937166], [-0.000523099908605, 0.00201454292983, -0.00154696928803, 0.000940812926274, -0.00168779073283, 0.00659536849707, -0.00375896971673, 0.00178210542072, -0.000948648375925, -0.000819464446977, 0.00149517680984, 0.000368703913409, 0.000723898992874], [0.000562707253266, -0.00217912951484, 0.00107280234806, -0.00190383987501, -0.000421316857683, -0.00375896971673, 0.0112366918474, -0.00600561639294, 0.00213194685057, 0.00148242362775, -0.00200959551148, -5.00876776641e-05, 0.000394584174501], [-0.000497363565955, 0.00200164527632, -0.00141468923539, 0.00211447989568, -0.000532614591066, 0.00178210542072, -0.00600561639294, 0.0127895213664, -0.00492564495653, 0.000296702841297, -0.00112591125071, -0.00215458963066, -0.00153157964814], [0.000294487079373, -0.00193504046183, 0.0012362645939, -0.00279389182106, -0.000182975796633, -0.000948648375925, 0.00213194685057, -0.00492564495653, 0.0160293374211, -0.00828030239791, 0.00282682967372, 0.000241372399614, -0.00136920902878], [-0.000192987819901, 0.0026226118207, -0.000647521694191, 0.00248612533323, -0.00124207278714, -0.000819464446977, 0.00148242362775, 0.000296702841297, -0.00828030239791, 0.019173135981, -0.00977355986834, 0.0029407213442, -0.000336427619914], [0.000105098035419, -0.0021492682863, 0.000300733634504, -0.00116074469406, 0.00094312580768, 0.00149517680984, -0.00200959551148, -0.00112591125071, 0.00282682967372, -0.00977355986834, 0.0211857408285, -0.00965035054833, 0.0020600578282], [-1.56004334713e-05, 0.00268877693452, -0.0005840806989, 0.00149294885341, 8.93210526556e-05, 0.000368703913409, -5.00876776641e-05, -0.00215458963066, 0.000241372399614, 0.0029407213442, -0.00965035054833, 0.0211633387953, -0.0102202035487], [0.000177844820428, -0.00147853803355, 0.000612871954218, -0.000700416450854, 0.000224211937166, 0.000723898992874, 0.000394584174501, -0.00153157964814, -0.00136920902878, -0.000336427619914, 0.0020600578282, -0.0102202035487, 0.0213155001402]], "mean": [-126.825248718, 87.9686737061, -104.43712616, 55.8553352356, -47.9112243652, 10.1823654175, -32.7183914185, 4.47685337067, -21.4995765686, -1.86176788807, -15.8102579117, -3.50012946129, -10.4227952957]}, "melbands_spread": {"min": 0.2366091609, "max": 317.336761475, "dvar2": 519.249267578, "median": 15.2319374084, "dmean2": 16.3710803986, "dmean": 10.6552190781, "var": 563.517089844, "dvar": 234.240310669, "mean": 22.2695865631}, "spectral_energy": {"min": 1.03872357238e-20, "max": 0.322722762823, "dvar2": 0.00651734089479, "median": 0.00549245905131, "dmean2": 0.0330981127918, "dmean": 0.0203111283481, "var": 0.00228175381199, "dvar": 0.00260897423141, "mean": 0.0210821852088}, "mfcc": {"cov": [[23898.6582031, -34.3836669922, -1853.46484375, 8.98390769958, -804.914855957, -4.32362127304, -882.584594727, -252.475662231, -275.586456299, 46.152759552, -26.262462616, -91.3305587769, -312.154998779], [-34.3836669922, 2028.1583252, -672.557128906, 3.03722596169, -61.0349006653, -215.717132568, 26.52759552, -80.6894760132, -28.6268672943, -54.3331069946, -37.6781997681, -59.5458221436, -55.3838348389], [-1853.46484375, -672.557128906, 1520.19470215, 319.702575684, 424.162139893, 385.667541504, 266.729492188, 219.113891602, 125.970405579, 101.523223877, 61.1387748718, 55.5318260193, 47.6417388916], [8.98390769958, 3.03722596169, 319.702575684, 394.350738525, 192.179046631, 121.836166382, 81.8031845093, 79.5901794434, 50.9596138, 35.8375892639, 14.5837059021, 11.062625885, 8.78489971161], [-804.914855957, -61.0349006653, 424.162139893, 192.179046631, 355.383300781, 212.651596069, 124.309791565, 84.8366851807, 90.743309021, 56.7740859985, 41.6582069397, 22.0231590271, 12.5157337189], [-4.32362127304, -215.717132568, 385.667541504, 121.836166382, 212.651596069, 350.74786377, 126.980079651, 90.1093063354, 74.0712356567, 68.3077087402, 42.4990501404, 9.11457252502, -6.90824556351], [-882.584594727, 26.52759552, 266.729492188, 81.8031845093, 124.309791565, 126.980079651, 231.779373169, 117.80532074, 56.2402992249, 40.7068557739, 37.423122406, 10.8212442398, 12.457736969], [-252.475662231, -80.6894760132, 219.113891602, 79.5901794434, 84.8366851807, 90.1093063354, 117.80532074, 164.664596558, 68.6688613892, 29.1447696686, 19.4110069275, 16.5425605774, 16.2534809113], [-275.586456299, -28.6268672943, 125.970405579, 50.9596138, 90.743309021, 74.0712356567, 56.2402992249, 68.6688613892, 116.529182434, 50.5289497375, 19.8642635345, 16.9772586823, 6.77557992935], [46.152759552, -54.3331069946, 101.523223877, 35.8375892639, 56.7740859985, 68.3077087402, 40.7068557739, 29.1447696686, 50.5289497375, 97.6187210083, 50.5651626587, 7.97061347961, 5.2826294899], [-26.262462616, -37.6781997681, 61.1387748718, 14.5837059021, 41.6582069397, 42.4990501404, 37.423122406, 19.4110069275, 19.8642635345, 50.5651626587, 80.888671875, 27.2146930695, 11.1469726562], [-91.3305587769, -59.5458221436, 55.5318260193, 11.062625885, 22.0231590271, 9.11457252502, 10.8212442398, 16.5425605774, 16.9772586823, 7.97061347961, 27.2146930695, 69.2536315918, 29.3653488159], [-312.154998779, -55.3838348389, 47.6417388916, 8.78489971161, 12.5157337189, -6.90824556351, 12.457736969, 16.2534809113, 6.77557992935, 5.2826294899, 11.1469726562, 29.3653488159, 64.9111938477]], "icov": [[6.89125517965e-05, 1.47726927935e-06, 8.22245056042e-05, -0.000119718548376, 0.000163916149177, -0.000199452682864, 0.000317756988807, -0.000201740214834, 0.000176606932655, -0.000186838311492, -2.26804804697e-05, -0.00011216756684, 0.000276619481156], [1.47726927935e-06, 0.000709962157998, 0.0004041986831, -0.000231919475482, -0.00035563664278, 0.000461410731077, -0.000727976090275, 0.00034409807995, -0.000158519484103, 0.000145152793266, 7.7740951383e-05, 0.000228311517276, 0.00040691299364], [8.22245056042e-05, 0.0004041986831, 0.00155458471272, -0.00052740809042, -0.000791467318777, -0.000548162381165, -0.000377213029424, -0.000696963106748, 0.000639223260805, -0.000609697774053, 0.000552210316528, -0.000517428677995, 0.0001339972805], [-0.000119718548376, -0.000231919475482, -0.00052740809042, 0.00393195264041, -0.00189970829524, 0.000361558544682, -0.000125032747746, -0.000737297872547, 0.000309220195049, -0.000385651219403, 0.000778590154368, 4.80652815895e-05, -0.000461607822217], [0.000163916149177, -0.00035563664278, -0.000791467318777, -0.00189970829524, 0.00718120671809, -0.0027665917296, 0.000227988595725, 0.000796639826149, -0.00246665836312, 0.000749206810724, -0.00151440710761, -0.000151956628542, -7.416029257e-05], [-0.000199452682864, 0.000461410731077, -0.000548162381165, 0.000361558544682, -0.0027665917296, 0.00635483674705, -0.00219531077892, 0.000251512305113, -0.000630159745924, -0.000956147967372, -8.43568705022e-05, 0.000615619239397, 0.00123559846543], [0.000317756988807, -0.000727976090275, -0.000377213029424, -0.000125032747746, 0.000227988595725, -0.00219531077892, 0.0102602737024, -0.00582187436521, 0.00137786194682, -0.000839565589558, -0.00231902394444, 0.000591648218688, 0.000466837722342], [-0.000201740214834, 0.00034409807995, -0.000696963106748, -0.000737297872547, 0.000796639826149, 0.000251512305113, -0.00582187436521, 0.0130645986646, -0.00591702247038, 0.0023507066071, -5.79179322813e-05, 0.00027411498013, -0.00203380174935], [0.000176606932655, -0.000158519484103, 0.000639223260805, 0.000309220195049, -0.00246665836312, -0.000630159745924, 0.00137786194682, -0.00591702247038, 0.0166878048331, -0.00838972255588, 0.00402984395623, -0.0038874829188, 0.00183623237535], [-0.000186838311492, 0.000145152793266, -0.000609697774053, -0.000385651219403, 0.000749206810724, -0.000956147967372, -0.000839565589558, 0.0023507066071, -0.00838972255588, 0.021508961916, -0.012373989448, 0.00519949011505, -0.0020506423898], [-2.26804804697e-05, 7.7740951383e-05, 0.000552210316528, 0.000778590154368, -0.00151440710761, -8.43568705022e-05, -0.00231902394444, -5.79179322813e-05, 0.00402984395623, -0.012373989448, 0.0233157593757, -0.00868451688439, 0.000700440024957], [-0.00011216756684, 0.000228311517276, -0.000517428677995, 4.80652815895e-05, -0.000151956628542, 0.000615619239397, 0.000591648218688, 0.00027411498013, -0.0038874829188, 0.00519949011505, -0.00868451688439, 0.0221139173955, -0.00858888868243], [0.000276619481156, 0.00040691299364, 0.0001339972805, -0.000461607822217, -7.416029257e-05, 0.00123559846543, 0.000466837722342, -0.00203380174935, 0.00183623237535, -0.0020506423898, 0.000700440024957, -0.00858888868243, 0.021353168413]], "mean": [-762.083251953, 105.642532349, 8.63394165039, 43.1602172852, 11.0083217621, 10.8746385574, 2.26580500603, 5.15791511536, 0.538009762764, 1.58183217049, -1.73360729218, -0.642796337605, -4.04496097565]}, "spectral_contrast_valleys": {"min": [-27.9578895569, -28.1299304962, -27.6639537811, -27.599313736, -27.4373970032, -27.3950176239], "max": [-5.07485723495, -5.14371538162, -5.48053121567, -5.67054414749, -5.5141043663, -7.63572025299], "dvar2": [1.02086007595, 0.916565716267, 0.908887565136, 0.841057062149, 0.7730692029, 0.838016927242], "median": [-7.88234519958, -7.73269367218, -8.30452919006, -8.33378982544, -8.10823726654, -11.1513834], "dmean2": [0.86989325285, 0.930409252644, 0.897060453892, 0.765121638775, 0.678357899189, 0.665971636772], "dmean": [0.609022438526, 0.65146279335, 0.644179224968, 0.561305999756, 0.527284681797, 0.565279304981], "var": [3.1749162674, 3.49325489998, 3.30557465553, 3.61781668663, 3.45141339302, 3.294465065], "dvar": [0.602306127548, 0.510032653809, 0.50450271368, 0.479639083147, 0.461421787739, 0.504242658615], "mean": [-8.24766540527, -8.2135925293, -8.76836395264, -8.87314987183, -8.42242527008, -11.1540908813]}, "barkbands_flatness_db": {"min": 0.0271082203835, "max": 0.563808858395, "dvar2": 0.0035948571749, "median": 0.141499772668, "dmean2": 0.0575375854969, "dmean": 0.0391110256314, "var": 0.00791405886412, "dvar": 0.00169648684096, "mean": 0.163592457771}, "dynamic_complexity": 7.64209413528, "erbbands_flatness_db": {"min": 0.0325867496431, "max": 0.392114132643, "dvar2": 0.00132937240414, "median": 0.145658284426, "dmean2": 0.0340792760253, "dmean": 0.0239411070943, "var": 0.00305538484827, "dvar": 0.000741516298149, "mean": 0.152924150229}, "hfc": {"min": 1.13102840374e-16, "ma