{"lowlevel": {"spectral_complexity": {"min": 0, "max": 63, "dvar2": 49.8596305847, "median": 13, "dmean2": 5.15466356277, "dmean": 3.48070478439, "var": 105.762565613, "dvar": 30.026714325, "mean": 15.7292041779}, "silence_rate_20dB": {"min": 1, "max": 1, "dvar2": 0, "median": 1, "dmean2": 0, "dmean": 0, "var": 0, "dvar": 0, "mean": 1}, "average_loudness": 0.873414099216, "erbbands_spread": {"min": 3.58091545105, "max": 146.237258911, "dvar2": 296.610321045, "median": 42.1188278198, "dmean2": 13.674202919, "dmean": 8.94627094269, "var": 404.092712402, "dvar": 127.987785339, "mean": 45.6543884277}, "spectral_kurtosis": {"min": -1.26118564606, "max": 36.6631889343, "dvar2": 11.0703220367, "median": 3.47039365768, "dmean2": 2.56256866455, "dmean": 1.54330646992, "var": 13.3661022186, "dvar": 4.06373310089, "mean": 4.40862560272}, "barkbands_kurtosis": {"min": -1.92378151417, "max": 123.500144958, "dvar2": 116.956329346, "median": 3.53495168686, "dmean2": 5.71734333038, "dmean": 3.62333035469, "var": 89.4916915894, "dvar": 50.2287559509, "mean": 6.23340749741}, "spectral_strongpeak": {"min": 6.1162012571e-05, "max": 10.2896175385, "dvar2": 1.23463976383, "median": 0.400215476751, "dmean2": 0.61730915308, "dmean": 0.362426668406, "var": 0.754380941391, "dvar": 0.502222180367, "mean": 0.668620467186}, "spectral_spread": {"min": 1648498.125, "max": 15993806, "dvar2": 1069414023170.0, "median": 4577319, "dmean2": 744362.4375, "dmean": 525979.75, "var": 2780206465020.0, "dvar": 597366013952, "mean": 4749723}, "spectral_rms": {"min": 2.86985346065e-06, "max": 0.0151267461479, "dvar2": 5.6553444665e-06, "median": 0.00399361271411, "dmean2": 0.00151456927415, "dmean": 0.00100162613671, "var": 5.81135645916e-06, "dvar": 2.61523018708e-06, "mean": 0.00432369019836}, "erbbands": {"min": [1.30263870801e-07, 3.46432670995e-07, 3.61260390491e-07, 6.39935080926e-07, 4.53276186363e-07, 4.83283770336e-07, 2.56206817539e-06, 2.28241260629e-05, 9.9226117527e-06, 1.24187511119e-06, 6.29232658866e-07, 5.99895940923e-07, 6.48305331197e-07, 7.80185700933e-07, 9.91352976598e-07, 4.77772573504e-07, 5.7202419157e-07, 6.92306230121e-07, 4.55781531628e-07, 7.66994162404e-07, 7.18689250334e-07, 9.2338120794e-07, 6.91723187174e-07, 9.98202040137e-07, 1.16918306503e-06, 7.85316160545e-07, 9.06351942831e-07, 6.79531808601e-07, 3.98787420863e-07, 3.48727809296e-07, 4.84689792302e-07, 9.44381781665e-07, 5.81564620461e-07, 2.39263727053e-07, 1.89921877336e-07, 1.44173583294e-07, 6.96613398077e-08, 2.73094329373e-08, 2.03309955538e-08, 8.83765238768e-09], "max": [5.02631139755, 25.4470729828, 84.5886611938, 112.197875977, 581.202941895, 437.717498779, 494.092651367, 975.043212891, 574.877075195, 636.901062012, 913.008178711, 954.337585449, 1111.10266113, 1293.09350586, 922.992736816, 584.613830566, 484.612426758, 271.307678223, 259.067565918, 662.808837891, 1058.69226074, 455.082702637, 388.887878418, 533.25390625, 1100.26477051, 896.027099609, 671.726013184, 637.093017578, 721.735595703, 634.274780273, 327.294219971, 279.308258057, 153.945373535, 77.3369903564, 33.3545265198, 7.17119550705, 5.18235206604, 1.92600691319, 0.123300872743, 0.00710206106305], "dvar2": [1.02673578262, 16.4794940948, 196.364700317, 312.155792236, 5049.27929688, 2174.93139648, 603.22064209, 1093.66772461, 1361.27416992, 1837.80603027, 1783.37475586, 2182.64453125, 1301.7454834, 740.684387207, 797.454833984, 596.251647949, 392.887634277, 153.951919556, 247.744796753, 1040.34338379, 2152.65307617, 922.049316406, 574.930908203, 653.923217773, 1586.91699219, 1868.61010742, 1239.19555664, 1370.51806641, 1508.13769531, 1055.99304199, 516.533325195, 276.677001953, 80.346534729, 12.3620920181, 3.62640500069, 0.443354278803, 0.0993653982878, 0.00812032353133, 0.000100346209365, 5.52424182843e-07], "median": [0.0147840026766, 0.291444540024, 1.58605968952, 3.31268954277, 5.00328159332, 5.31822156906, 3.89377117157, 4.77439641953, 7.38031291962, 8.1396188736, 6.35374164581, 9.17652606964, 5.62699460983, 4.7274889946, 5.20218610764, 2.61887073517, 3.56400704384, 2.18152761459, 2.69948768616, 3.74428915977, 6.98518848419, 7.84443616867, 4.67640399933, 3.022752285, 3.1804292202, 3.28883004189, 2.59464669228, 1.69091677666, 1.65108191967, 1.20094347, 0.701346158981, 0.464883685112, 0.263505548239, 0.123426377773, 0.0549831986427, 0.0199187565595, 0.00610719295219, 0.00115212250967, 0.000125810678583, 3.06382280542e-05], "dmean2": [0.309524863958, 1.53414487839, 5.93016862869, 8.76943016052, 21.877407074, 16.8833007812, 10.2162647247, 11.8124790192, 16.0850772858, 15.7425489426, 14.112909317, 17.376033783, 11.5850572586, 9.19820404053, 9.54217433929, 7.54073524475, 7.76269435883, 5.05178833008, 6.91528511047, 11.3750419617, 16.2402820587, 13.7340888977, 10.7613077164, 10.205201149, 12.3980855942, 11.8101205826, 11.0994358063, 10.9688863754, 10.4534244537, 8.32996082306, 6.59909009933, 5.06170701981, 2.63238668442, 1.12724530697, 0.607827544212, 0.227038249373, 0.092826962471, 0.0230873692781, 0.00286466046236, 0.000213887658902], "dmean": [0.175594270229, 0.94650554657, 3.37886714935, 4.9737610817, 12.7281990051, 9.97742938995, 6.06149482727, 7.14617490768, 10.1343421936, 10.537979126, 9.74055767059, 11.6825828552, 7.78460502625, 6.22843742371, 6.51034545898, 4.99318027496, 5.03714704514, 3.28044128418, 4.42258739471, 7.33057022095, 10.8421144485, 9.01363277435, 6.86304950714, 6.59411764145, 8.13132381439, 7.85254621506, 7.55679178238, 7.4139084816, 7.06046199799, 5.71508169174, 4.58189344406, 3.44306588173, 1.77943646908, 0.771189451218, 0.407951325178, 0.150977268815, 0.0592382028699, 0.0146497786045, 0.00176855293103, 0.000130400774651], "var": [0.276504158974, 7.9146528244, 66.8002929688, 106.724258423, 1355.3170166, 681.63848877, 292.384765625, 612.29486084, 1055.16235352, 1554.71130371, 2088.07104492, 2562.55810547, 1931.60620117, 1578.20043945, 1129.49487305, 752.881286621, 323.797729492, 139.802383423, 243.680145264, 913.492797852, 2803.80761719, 1383.82519531, 483.807800293, 670.056762695, 1144.328125, 1059.90246582, 836.611938477, 903.682373047, 903.119750977, 712.327819824, 359.569854736, 225.491073608, 72.3222045898, 10.2140226364, 2.35501194, 0.302470892668, 0.0500033646822, 0.00347373913974, 3.96237774112e-05, 1.96820622023e-07], "dvar": [0.379454374313, 7.00948429108, 70.3779525757, 109.315971375, 1885.89624023, 805.383666992, 220.092025757, 418.070037842, 560.376098633, 793.381408691, 833.818786621, 963.705444336, 614.053833008, 427.80355835, 381.255950928, 256.522094727, 158.943527222, 68.3630065918, 109.05355072, 437.189483643, 985.72442627, 401.773284912, 239.866958618, 314.661499023, 705.819702148, 774.086914062, 559.597717285, 626.296569824, 677.577758789, 495.486968994, 243.890533447, 130.53855896, 38.8954963684, 6.07874202728, 1.62654817104, 0.203678190708, 0.0420161373913, 0.00320921675302, 4.172475019e-05, 2.26906209377e-07], "mean": [0.141751646996, 1.14328384399, 4.34425735474, 6.97961235046, 13.6316165924, 13.1068811417, 9.69900512695, 12.8451633453, 18.4525566101, 20.6416416168, 20.612859726, 24.3805885315, 17.7157287598, 14.5456514359, 13.9872980118, 9.74913311005, 9.05796051025, 5.95574903488, 7.9077372551, 13.0367546082, 23.2661037445, 20.4445800781, 13.1285581589, 11.6263027191, 14.0780277252, 12.5164318085, 11.1981830597, 9.99297428131, 9.72661209106, 8.07803249359, 6.10493040085, 4.80112028122, 2.53290462494, 1.07349288464, 0.51774764061, 0.192051455379, 0.0675188750029, 0.0151443025097, 0.00169178890064, 0.000131851789774]}, "zerocrossingrate": {"min": 0.00390625, "max": 0.39013671875, "dvar2": 0.000426514074206, "median": 0.04638671875, "dmean2": 0.0148801850155, "dmean": 0.0129313291982, "var": 0.00218211580068, "dvar": 0.000392141344491, "mean": 0.0590438060462}, "spectral_contrast_coeffs": {"min": [-0.914448976517, -0.911651849747, -0.937230110168, -0.939849793911, -0.938284993172, -0.911277472973], "max": [-0.253043442965, -0.316401213408, -0.417341291904, -0.491519719362, -0.505066454411, -0.578162491322], "dvar2": [0.00578752811998, 0.00341834384017, 0.00232153898105, 0.00142102944665, 0.000987468054518, 0.000560627318919], "median": [-0.625159263611, -0.711257636547, -0.733719050884, -0.779957234859, -0.780613481998, -0.757556438446], "dmean2": [0.0849730819464, 0.0668367296457, 0.0557987578213, 0.0457795709372, 0.0350605808198, 0.0260360240936], "dmean": [0.0521257221699, 0.0416900664568, 0.0358049720526, 0.0289530847222, 0.0221460312605, 0.0172118246555], "var": [0.0086658410728, 0.00628525856882, 0.00507529638708, 0.00303586525843, 0.00249257544056, 0.00170129514299], "dvar": [0.00239208969288, 0.00145848549437, 0.00106224638876, 0.000605243840255, 0.000425098813139, 0.00027334591141], "mean": [-0.617743492126, -0.703445911407, -0.731850028038, -0.774066925049, -0.7735658288, -0.758071959019]}, "dissonance": {"min": 0.287085831165, "max": 0.500000059605, "dvar2": 0.000609366339631, "median": 0.465896934271, "dmean2": 0.0265038907528, "dmean": 0.0161257013679, "var": 0.000749169790652, "dvar": 0.000244474911597, "mean": 0.459619373083}, "spectral_energyband_high": {"min": 4.16982864904e-10, "max": 0.0516876354814, "dvar2": 1.12227453428e-05, "median": 0.000245917588472, "dmean2": 0.00109707505908, "dmean": 0.000780330679845, "var": 9.1728852567e-06, "dvar": 5.54089501748e-06, "mean": 0.00121084065177}, "spectral_skewness": {"min": -0.459882736206, "max": 4.31048440933, "dvar2": 0.109345838428, "median": 1.40679430962, "dmean2": 0.326886743307, "dmean": 0.20977306366, "var": 0.336946070194, "dvar": 0.0501648075879, "mean": 1.47818422318}, "spectral_flux": {"min": 4.20662508986e-05, "max": 0.410998523235, "dvar2": 0.00507205910981, "median": 0.0563563108444, "dmean2": 0.0472160689533, "dmean": 0.0305684041232, "var": 0.00470708217472, "dvar": 0.00242783478461, "mean": 0.0766873583198}, "silence_rate_30dB": {"min": 0, "max": 1, "dvar2": 0.112461514771, "median": 1, "dmean2": 0.0867011621594, "dmean": 0.0433445200324, "var": 0.0261199474335, "dvar": 0.0414668954909, "mean": 0.973158121109}, "spectral_energyband_middle_high": {"min": 2.32756230956e-10, "max": 0.053133841604, "dvar2": 5.94666244069e-06, "median": 0.00124198314734, "dmean2": 0.00126874307171, "dmean": 0.000896422134247, "var": 1.61949901667e-05, "dvar": 3.07746995531e-06, "mean": 0.00280691473745}, "barkbands_spread": {"min": 1.52018880844, "max": 113.33770752, "dvar2": 173.781890869, "median": 16.6564083099, "dmean2": 9.16566944122, "dmean": 6.12294435501, "var": 258.040283203, "dvar": 85.6566696167, "mean": 21.3220005035}, "spectral_centroid": {"min": 249.05947876, "max": 7161.82861328, "dvar2": 307116.1875, "median": 1035.15966797, "dmean2": 397.007049561, "dmean": 263.662231445, "var": 605724.0625, "dvar": 159108.3125, "mean": 1239.45507812}, "pitch_salience": {"min": 0.12553755939, "max": 0.83556252718, "dvar2": 0.0128439227119, "median": 0.561098873615, "dmean2": 0.116516239941, "dmean": 0.0706776082516, "var": 0.0107526229694, "dvar": 0.00468964455649, "mean": 0.555646002293}, "erbbands_skewness": {"min": -7.09774780273, "max": 3.9768435955, "dvar2": 0.299165427685, "median": 0.409219145775, "dmean2": 0.485685586929, "dmean": 0.337609261274, "var": 0.833504915237, "dvar": 0.160917535424, "mean": 0.368585318327}, "erbbands_crest": {"min": 2.1908800602, "max": 28.7097167969, "dvar2": 10.6428966522, "median": 7.44518613815, "dmean2": 3.23755884171, "dmean": 2.06116676331, "var": 14.0313329697, "dvar": 4.42333459854, "mean": 8.29042816162}, "melbands": {"min": [9.46168254856e-10, 2.70674649361e-10, 1.31161262407e-10, 3.39733588484e-11, 4.48298342892e-11, 4.93435348137e-10, 1.34799504892e-10, 9.86816878212e-12, 4.33254864277e-12, 4.12070204348e-12, 3.04867481087e-12, 2.31016594743e-12, 3.31242845653e-12, 1.2995052083e-12, 1.34535882868e-12, 9.73921681149e-13, 1.20420568048e-12, 6.33967596302e-13, 4.86862774488e-13, 1.02369198188e-12, 8.34776312745e-13, 9.01642042278e-13, 6.81922725752e-13, 5.61369689882e-13, 7.68272164636e-13, 7.86116018201e-13, 7.85389169065e-13, 4.14181926603e-13, 5.12756612343e-13, 6.31787970464e-13, 3.04308336342e-13, 2.28106921372e-13, 1.70256685269e-13, 1.96821251246e-13, 2.6693735113e-13, 3.14394127052e-13, 7.12170773742e-13, 4.22710613257e-13, 2.81946232854e-13, 1.71236221275e-13], "max": [0.0387132577598, 0.0377673208714, 0.0263450741768, 0.046176020056, 0.0143772102892, 0.0213629957289, 0.00829099491239, 0.00636121397838, 0.0070427772589, 0.00552257755771, 0.00549103505909, 0.00504221348092, 0.0027433000505, 0.00237296242267, 0.000824836199172, 0.000922327570152, 0.000520525267348, 0.000388092594221, 0.00162690633442, 0.000610690971371, 0.00125189940445, 0.000592642289121, 0.00043478430598, 0.000371369154891, 0.000536336563528, 0.000573011289816, 0.00081727426732, 0.000602391781285, 0.000327924703015, 0.000435424677562, 0.000367613014532, 0.000413542467868, 0.000442850781837, 0.000287001719698, 0.000187682468095, 0.000170229875948, 0.000208023368032, 0.000129981286591, 8.88197755557e-05, 5.54087819182e-05], "dvar2": [5.44512367924e-05, 3.85774692404e-05, 1.45104577314e-05, 2.47552798101e-05, 7.88689646924e-07, 5.14418275088e-07, 3.13369923788e-07, 1.93909144741e-07, 9.81659766808e-08, 8.6006529898e-08, 3.30127782888e-08, 1.41821514532e-08, 1.35048807692e-08, 5.13710673999e-09, 2.22614460199e-09, 1.23447385647e-09, 6.11730333056e-10, 5.77332570639e-10, 1.90651605614e-09, 1.89255922045e-09, 3.64707775091e-09, 1.23296350907e-09, 8.67992122622e-10, 5.00581243124e-10, 4.9637061128e-10, 8.4226287056e-10, 1.07738018507e-09, 1.00267438796e-09, 5.19872478399e-10, 5.3710064174e-10, 5.42143330229e-10, 5.87009219011e-10, 4.47376746759e-10, 3.17678217066e-10, 1.93054003339e-10, 1.43180869938e-10, 1.12573131372e-10, 5.13327574891e-11, 1.99061010731e-11, 7.35854779887e-12], "median": [0.000206093362067, 0.000729664985556, 0.000712085166015, 0.000439224590082, 0.000154900772031, 0.000107725296402, 0.000116209397675, 7.90612320998e-05, 5.45782058907e-05, 5.47101335542e-05, 2.44800176006e-05, 1.66565150721e-05, 1.90562186617e-05, 5.28344116901e-06, 7.71486520534e-06, 6.07033734923e-06, 3.51662220055e-06, 3.73988177671e-06, 4.42566397396e-06, 3.8473681343e-06, 9.19910235098e-06, 8.11560494185e-06, 6.20134687779e-06, 2.6628483738e-06, 2.21130699174e-06, 2.18619061343e-06, 2.23375013775e-06, 2.07819221032e-06, 1.71361295997e-06, 1.13375892852e-06, 8.50998958413e-07, 8.81940593445e-07, 8.51676418279e-07, 5.57531734557e-07, 4.00421896529e-07, 2.93355554959e-07, 2.66149413619e-07, 1.85406761943e-07, 1.30106315055e-07, 8.90964741984e-08], "dmean2": [0.00237989705056, 0.00258164713159, 0.00184060516767, 0.00154643470887, 0.000383509002859, 0.000261406297795, 0.000245717179496, 0.000166110912687, 0.000114891605335, 0.000108159911179, 5.80425257795e-05, 3.90635905205e-05, 3.80192250304e-05, 2.47811658483e-05, 1.88942194654e-05, 1.30776415972e-05, 9.93286357698e-06, 1.06691340989e-05, 1.52592892846e-05, 1.47912032844e-05, 2.14776409848e-05, 1.54179469973e-05, 1.38094492286e-05, 9.47591888689e-06, 8.66867412697e-06, 1.00431207102e-05, 9.28374083742e-06, 8.33733793115e-06, 7.42576912671e-06, 7.00019154465e-06, 6.70332474328e-06, 6.42971008347e-06, 5.45708871869e-06, 4.6559821385e-06, 3.98836255044e-06, 3.58760894414e-06, 3.12053498419e-06, 2.00614681489e-06, 1.37790368626e-06, 8.74025943176e-07], "dmean": [0.00140853819903, 0.00151846103836, 0.0010523411911, 0.000907352252398, 0.000226310163271, 0.000158485447173, 0.000156288675498, 0.000111587221909, 7.99661283963e-05, 7.24667115719e-05, 3.88309817936e-05, 2.63179881586e-05, 2.56233306573e-05, 1.68865481101e-05, 1.19798323794e-05, 8.5043729996e-06, 6.37229186395e-06, 6.79916729496e-06, 9.83351492323e-06, 9.61435216595e-06, 1.4296124391e-05, 1.00315319287e-05, 8.81547748577e-06, 5.9236845118e-06, 5.55223959964e-06, 6.53978622722e-06, 6.06188177699e-06, 5.45566899746e-06, 4.95443146065e-06, 4.69550559501e-06, 4.43905901193e-06, 4.26951055488e-06, 3.66208041669e-06, 3.19061950904e-06, 2.73522664429e-06, 2.44370471592e-06, 2.08522533285e-06, 1.35004233925e-06, 9.28576241677e-07, 5.8640455336e-07], "var": [1.77908350452e-05, 1.5643916413e-05, 4.62290336145e-06, 6.81087749399e-06, 3.62102298368e-07, 2.90913703793e-07, 2.48556716542e-07, 1.80481990242e-07, 1.24378999544e-07, 9.80765832992e-08, 4.90711649093e-08, 2.76744849259e-08, 1.4954849803e-08, 1.07978799235e-08, 1.96157112775e-09, 9.08389252707e-10, 5.26644783339e-10, 5.19055853854e-10, 2.14837925228e-09, 1.55907686761e-09, 4.43939285333e-09, 1.66498248522e-09, 9.34391342078e-10, 3.09449910141e-10, 5.14051468059e-10, 6.77685463302e-10, 6.86888712575e-10, 4.90222973326e-10, 3.28639615521e-10, 3.35208055757e-10, 3.23068072294e-10, 3.21460025265e-10, 2.54765181174e-10, 2.20463203249e-10, 1.25687737995e-10, 9.91274076712e-11, 8.96944185591e-11, 4.24272145194e-11, 1.70482239437e-11, 5.35036728463e-12], "dvar": [2.1095840566e-05, 1.47440405271e-05, 5.27313159182e-06, 9.24191408558e-06, 2.8498084248e-07, 1.9579655941e-07, 1.30303902779e-07, 8.46648475772e-08, 4.6716785107e-08, 3.70479149581e-08, 1.55615360597e-08, 7.65768071176e-09, 6.02536687211e-09, 2.78710232671e-09, 9.16360876069e-10, 4.98419361339e-10, 2.69512162587e-10, 2.50194975848e-10, 9.57139367763e-10, 7.44656392104e-10, 1.61922275588e-09, 5.27022203656e-10, 3.62383095753e-10, 2.02594552245e-10, 2.45728909443e-10, 3.74963171623e-10, 4.80955109072e-10, 3.93424487433e-10, 2.32391716981e-10, 2.34871511129e-10, 2.40327729939e-10, 2.56220794581e-10, 1.96783089823e-10, 1.50764026263e-10, 8.90066770287e-11, 6.67050581438e-11, 5.1555298225e-11, 2.41137717433e-11, 9.76707863892e-12, 3.46262688661e-12], "mean": [0.001315924339, 0.00205086288042, 0.00139917817432, 0.00106009142473, 0.000366771826521, 0.000284718407784, 0.000287408271106, 0.000222739530727, 0.000168232989381, 0.000150615218445, 8.58265921124e-05, 5.82210923312e-05, 5.15570172865e-05, 3.17538942909e-05, 2.10031066672e-05, 1.52286347657e-05, 1.0589627891e-05, 1.13140031317e-05, 1.64570992638e-05, 1.66897534655e-05, 2.98174145428e-05, 2.14637493627e-05, 1.69068880496e-05, 9.33554474614e-06, 9.03879754333e-06, 1.0744901374e-05, 9.54704137257e-06, 7.99960889708e-06, 7.2237785389e-06, 6.21844901616e-06, 5.64617266718e-06, 5.6115627558e-06, 4.9871318879e-06, 4.3541699597e-06, 3.55513748218e-06, 3.12599740937e-06, 2.87048123937e-06, 1.85203452929e-06, 1.26576742332e-06, 7.85734641795e-07]}, "spectral_entropy": {"min": 5.65398168564, "max": 8.91097831726, "dvar2": 0.0657349228859, "median": 7.47948598862, "dmean2": 0.235138863325, "dmean": 0.168360978365, "var": 0.25101813674, "dvar": 0.0381860695779, "mean": 7.45884799957}, "spectral_rolloff": {"min": 86.1328125, "max": 15008.6425781, "dvar2": 3246713.5, "median": 689.0625, "dmean2": 939.932678223, "dmean": 569.790222168, "var": 3191985.25, "dvar": 1567520.375, "mean": 1399.30639648}, "barkbands": {"min": [4.94822072206e-10, 2.50359999399e-09, 3.57646912086e-10, 7.8089305855e-11, 1.5745968418e-10, 2.37299824235e-09, 6.70334551756e-11, 3.78244796595e-11, 2.93165908216e-11, 8.05548683314e-12, 2.08863169815e-11, 7.08223757417e-12, 9.03740797475e-12, 1.1009239527e-11, 7.61118685438e-12, 1.45143532609e-11, 1.57865040484e-11, 1.08934241835e-11, 2.22864140337e-11, 1.60344289929e-11, 2.26299846917e-11, 9.70291295227e-12, 1.6191863822e-11, 4.13133416366e-11, 2.28289089022e-11, 3.7488508825e-11, 3.05593716998e-10], "max": [0.0193179789931, 0.119227997959, 0.0846998468041, 0.0437250137329, 0.176015749574, 0.11410138011, 0.0349234603345, 0.0337732546031, 0.0422984212637, 0.0257433056831, 0.03100560233, 0.0201169289649, 0.00942830275744, 0.00476761581376, 0.0146747995168, 0.0172609258443, 0.00792434997857, 0.00785599835217, 0.0122126452625, 0.0212822314352, 0.0137616051361, 0.0232472065836, 0.0121569866315, 0.0100996177644, 0.00621770415455, 0.00209640129469, 0.000768840778619], "dvar2": [8.86257657839e-06, 0.000462720403448, 0.000194721797016, 3.56080490747e-05, 0.000372466078261, 1.43337838381e-05, 7.30629017198e-06, 3.85538578485e-06, 4.05091213906e-06, 9.31676595428e-07, 8.131317486e-07, 3.79006877438e-07, 1.64091659371e-07, 6.58078747051e-08, 2.55464044585e-07, 5.55916813028e-07, 3.85609808973e-07, 2.32035048953e-07, 3.47157026681e-07, 8.24865253435e-07, 7.21286085081e-07, 1.1246017948e-06, 6.8738046366e-07, 4.07455274853e-07, 7.83544678029e-08, 2.42606468248e-08, 4.23159773888e-09], "median": [7.62635409046e-06, 0.00094660744071, 0.00153733452316, 0.00104652997106, 0.00186608824879, 0.000560385349672, 0.000538221094757, 0.000200982336537, 0.000388295826269, 0.000113680194772, 0.000115873837785, 4.90937381983e-05, 6.65367915644e-05, 3.69983645214e-05, 6.8688634201e-05, 8.45154063427e-05, 0.000153968954692, 6.48977802484e-05, 5.77378705202e-05, 7.16319846106e-05, 5.06276337546e-05, 4.55242043245e-05, 2.57172578131e-05, 1.93372034119e-05, 9.27558266994e-06, 3.82399502996e-06, 6.67045981118e-07], "dmean2": [0.000815490377136, 0.00755764450878, 0.00594526343048, 0.00310521642677, 0.00615211715922, 0.00139084272087, 0.00116090779193, 0.00066664093174, 0.000757195230108, 0.000320023595123, 0.000270056072623, 0.000203771865927, 0.000161130883498, 0.000107507650682, 0.000197461689822, 0.000256619299762, 0.000271550612524, 0.00020758723258, 0.000224603136303, 0.00025872734841, 0.000270263641141, 0.000283797155134, 0.000238246706431, 0.000191903003724, 8.91411473276e-05, 4.93109000672e-05, 1.86298238987e-05], "dmean": [0.000444547680672, 0.00463946070522, 0.00336481560953, 0.00177412200719, 0.0036240327172, 0.000839433865622, 0.000749852042645, 0.000452039472293, 0.000507737218868, 0.000214499159483, 0.000181545503438, 0.000137679438922, 0.000104029415525, 6.95715643815e-05, 0.000126494604046, 0.000169102626387, 0.000177060908754, 0.000131189037347, 0.000146825579577, 0.000173224005266, 0.000184851538506, 0.000194098625798, 0.000165694815223, 0.000130925851408, 6.09059425187e-05, 3.22512023558e-05, 1.14927488539e-05], "var": [1.96756604964e-06, 0.000192260122276, 6.456792471e-05, 1.25741971715e-05, 0.00010604817362, 7.85023075878e-06, 5.89445653532e-06, 4.51816731584e-06, 4.64339973405e-06, 1.53508699441e-06, 7.54511461309e-07, 6.44784165615e-07, 1.33729542995e-07, 6.10680572777e-08, 2.59469885577e-07, 6.30876627383e-07, 5.134089065e-07, 1.59193149329e-07, 3.3854601611e-07, 4.9273728564e-07, 5.12461497237e-07, 7.02200679825e-07, 4.98797533055e-07, 3.76930188395e-07, 5.70984362014e-08, 1.42460709895e-08, 1.63283309096e-09], "dvar": [3.10653604174e-06, 0.000191073690075, 6.86104394845e-05, 1.27140801851e-05, 0.000140253599966, 5.37525829714e-06, 3.11680491905e-06, 1.79965195457e-06, 1.68563224179e-06, 4.36192095776e-07, 3.68061137124e-07, 1.95646364887e-07, 6.76110190057e-08, 2.93883868352e-08, 1.18361803914e-07, 2.46496256295e-07, 1.60659539006e-07, 9.58198995704e-08, 1.6325965646e-07, 3.53120498175e-07, 3.35531268547e-07, 5.11298765105e-07, 3.29363274432e-07, 1.98927736506e-07, 3.68347272683e-08, 1.07049782372e-08, 1.74629366523e-09], "mean": [0.000320103688864, 0.00494458479807, 0.00425546849146, 0.00228370423429, 0.00437187589705, 0.00148232548963, 0.00137527647894, 0.00090679404093, 0.00108691584319, 0.000452655280242, 0.000332549388986, 0.000254886690527, 0.000177001362317, 0.000116605275252, 0.000217867433093, 0.000326164910803, 0.000393014022848, 0.000216465356061, 0.000257500039879, 0.000274049001746, 0.000257166422671, 0.000270514865406, 0.000224384581088, 0.000189274258446, 8.1321959442e-05, 3.85187886423e-05, 1.06525567389e-05]}, "melbands_flatness_db": {"min": 0.0229970235378, "max": 0.426477968693, "dvar2": 0.00176935724448, "median": 0.206344440579, "dmean2": 0.0404155962169, "dmean": 0.0270168706775, "var": 0.00469641992822, "dvar": 0.000843084126245, "mean": 0.212832421064}, "melbands_skewness": {"min": -1.99564182758, "max": 13.1260004044, "dvar2": 2.18927288055, "median": 2.86212277412, "dmean2": 1.23415291309, "dmean": 0.796949267387, "var": 2.87979149818, "dvar": 0.998856782913, "mean": 3.12850832939}, "barkbands_skewness": {"min": -6.45714235306, "max": 10.0159368515, "dvar2": 1.17634820938, "median": 1.79451942444, "dmean2": 0.882709622383, "dmean": 0.585870325565, "var": 1.7460026741, "dvar": 0.562850356102, "mean": 1.90817892551}, "silence_rate_60dB": {"min": 0, "max": 1, "dvar2": 0.0572084784508, "median": 0, "dmean2": 0.0514613352716, "dmean": 0.0257270690054, "var": 0.0912023186684, "dvar": 0.0250636581331, "mean": 0.101495876908}, "spectral_energyband_low": {"min": 3.66132391072e-09, "max": 0.16252374649, "dvar2": 0.000921081809793, "median": 0.00384217244573, "dmean2": 0.0124339340255, "dmean": 0.0077624283731, "var": 0.000464292272227, "dvar": 0.00039648450911, "mean": 0.010654293932}, "spectral_energyband_middle_low": {"min": 3.68312913501e-09, "max": 0.202065318823, "dvar2": 0.000630935654044, "median": 0.00798890925944, "dmean2": 0.0102894660085, "dmean": 0.00615092180669, "var": 0.000229773359024, "dvar": 0.00024035757815, "mean": 0.0116426115856}, "melbands_kurtosis": {"min": -1.96341085434, "max": 264.268768311, "dvar2": 661.640258789, "median": 11.5023317337, "dmean2": 14.3323545456, "dmean": 9.03908443451, "var": 479.25680542, "dvar": 285.776306152, "mean": 18.1168079376}, "spectral_decrease": {"min": -5.8986152851e-08, "max": -1.80075647048e-15, "dvar2": 1.0950095188e-16, "median": -3.96392119129e-09, "dmean2": 5.23884269299e-09, "dmean": 3.29453730963e-09, "var": 5.76516431936e-17, "dvar": 4.59697783754e-17, "mean": -6.21700158021e-09}, "erbbands_kurtosis": {"min": -1.83639454842, "max": 76.739982605, "dvar2": 8.77088832855, "median": -0.47969865799, "dmean2": 1.30504214764, "dmean": 0.838103592396, "var": 10.0388278961, "dvar": 3.80961346626, "mean": 0.336626768112}, "melbands_crest": {"min": 2.93805599213, "max": 33.710193634, "dvar2": 22.3878593445, "median": 13.4853448868, "dmean2": 5.29126405716, "dmean": 3.24993610382, "var": 25.0644397736, "dvar": 8.76333236694, "mean": 14.1731319427}, "gfcc": {"cov": [[10238.9443359, -1791.98486328, -192.220092773, 626.216552734, -465.000213623, 305.464996338, -173.069976807, 79.8543243408, -545.20513916, -233.71585083, -297.222106934, -136.731750488, -289.421203613], [-1791.98486328, 1847.01818848, -428.683929443, -219.275695801, 389.456176758, -192.795516968, 181.149993896, 13.1433143616, 183.160934448, -78.0775604248, 102.874717712, -32.0196533203, 109.984329224], [-192.220092773, -428.683929443, 983.171936035, 98.8193588257, 29.7061500549, 125.617805481, -58.3493804932, 20.244134903, -15.6861190796, 90.8519973755, 4.38475465775, 34.3594322205, -61.940410614], [626.216552734, -219.275695801, 98.8193588257, 398.871734619, -10.6914758682, 85.4961090088, 10.9229841232, 7.22836685181, -33.3142852783, -11.9966173172, 6.97948169708, -26.3092556, -12.6236686707], [-465.000213623, 389.456176758, 29.7061500549, -10.6914758682, 324.742828369, 16.7995853424, 88.7261276245, 31.4464092255, 58.0019721985, -15.9831161499, 29.6970996857, 25.9279289246, 44.7332038879], [305.464996338, -192.795516968, 125.617805481, 85.4961090088, 16.7995853424, 199.980422974, 37.7094573975, 28.5331268311, -1.98953378201, 8.9094991684, -2.70268893242, 3.57543087006, -13.8643331528], [-173.069976807, 181.149993896, -58.3493804932, 10.9229841232, 88.7261276245, 37.7094573975, 146.701568604, 46.5782203674, 32.6802177429, -11.1927051544, 19.2486515045, -8.02931404114, 12.1129550934], [79.8543243408, 13.1433143616, 20.244134903, 7.22836685181, 31.4464092255, 28.5331268311, 46.5782203674, 108.078102112, 48.5322723389, 12.8307638168, 3.64518499374, -4.3274307251, -3.00896978378], [-545.20513916, 183.160934448, -15.6861190796, -33.3142852783, 58.0019721985, -1.98953378201, 32.6802177429, 48.5322723389, 151.628738403, 54.5993309021, 27.4776000977, 5.02769708633, 20.0252075195], [-233.71585083, -78.0775604248, 90.8519973755, -11.9966173172, -15.9831161499, 8.9094991684, -11.1927051544, 12.8307638168, 54.5993309021, 110.973960876, 38.2269744873, 10.1522464752, -5.25988960266], [-297.222106934, 102.874717712, 4.38475465775, 6.97948169708, 29.6970996857, -2.70268893242, 19.2486515045, 3.64518499374, 27.4776000977, 38.2269744873, 84.3233032227, 25.7834796906, 18.1405754089], [-136.731750488, -32.0196533203, 34.3594322205, -26.3092556, 25.9279289246, 3.57543087006, -8.02931404114, -4.3274307251, 5.02769708633, 10.1522464752, 25.7834796906, 85.7811965942, 32.9536399841], [-289.421203613, 109.984329224, -61.940410614, -12.6236686707, 44.7332038879, -13.8643331528, 12.1129550934, -3.00896978378, 20.0252075195, -5.25988960266, 18.1405754089, 32.9536399841, 79.7152175903]], "icov": [[0.000186442863196, 6.17193727521e-05, 0.000167927428265, -0.00021287065465, -1.65047604241e-05, -0.000172508429387, 0.000221469585085, -0.00045928847976, 0.000552122481167, 1.57176564244e-05, 0.000307564041577, -0.000102754100226, 0.000451628206065], [6.17193727521e-05, 0.00148197449744, 0.000215750958887, 0.000505326723214, -0.00120743864682, 0.000943137565628, -0.000600696890615, 0.000555341423023, -0.00131963437889, 0.00180193979759, -0.00186304852832, 0.00159721251111, -0.000405013503041], [0.000167927428265, 0.000215750958887, 0.00161225395277, -0.000395655195462, -0.00074081029743, -0.000721238378901, 0.000933518109377, -0.000678733107634, 0.000876916747075, -0.00119162804913, 0.000488619727548, -0.000755745335482, 0.00152722932398], [-0.00021287065465, 0.000505326723214, -0.000395655195462, 0.00348268193193, -0.000301484978991, -0.000646118074656, -0.000361469428753, 0.000611775205471, -0.000643008272164, 0.00136032979935, -0.00231877434999, 0.00224040611647, -0.00123836495914], [-1.65047604241e-05, -0.00120743864682, -0.00074081029743, -0.000301484978991, 0.00546746887267, -0.000686155515723, -0.00179646967445, -0.000309077993734, -0.000436981936218, 0.000471201492473, 0.000710226304363, -0.0018658041954, -0.00119298580103], [-0.000172508429387, 0.000943137565628, -0.000721238378901, -0.000646118074656, -0.000686155515723, 0.00742583908141, -0.00277480226941, 9.44990606513e-05, -0.0011650727829, 0.000549161457457, -0.000403467536671, -4.59652474092e-05, -4.88148289151e-05], [0.000221469585085, -0.000600696890615, 0.000933518109377, -0.000361469428753, -0.00179646967445, -0.00277480226941, 0.0114793311805, -0.00435184827074, 0.00097621785244, 0.00085011892952, -0.00160641828552, 0.00126276060473, 0.000572335964534], [-0.00045928847976, 0.000555341423023, -0.000678733107634, 0.000611775205471, -0.000309077993734, 9.44990606513e-05, -0.00435184827074, 0.0141783412546, -0.00600771000609, 0.000973090878688, -0.000514029641636, 0.000763128860854, -0.000103013793705], [0.000552122481167, -0.00131963437889, 0.000876916747075, -0.000643008272164, -0.000436981936218, -0.0011650727829, 0.00097621785244, -0.00600771000609, 0.014311209321, -0.00769893731922, 0.00287725077942, -0.000857255596202, -0.000331160554197], [1.57176564244e-05, 0.00180193979759, -0.00119162804913, 0.00136032979935, 0.000471201492473, 0.000549161457457, 0.00085011892952, 0.000973090878688, -0.00769893731922, 0.0182302761823, -0.00922248139977, 0.00227821082808, 0.000892929849215], [0.000307564041577, -0.00186304852832, 0.000488619727548, -0.00231877434999, 0.000710226304363, -0.000403467536671, -0.00160641828552, -0.000514029641636, 0.00287725077942, -0.00922248139977, 0.0208129100502, -0.0069136521779, 0.000245974195423], [-0.000102754100226, 0.00159721251111, -0.000755745335482, 0.00224040611647, -0.0018658041954, -4.59652474092e-05, 0.00126276060473, 0.000763128860854, -0.000857255596202, 0.00227821082808, -0.0069136521779, 0.018615083769, -0.00768958916888], [0.000451628206065, -0.000405013503041, 0.00152722932398, -0.00123836495914, -0.00119298580103, -4.88148289151e-05, 0.000572335964534, -0.000103013793705, -0.000331160554197, 0.000892929849215, 0.000245974195423, -0.00768958916888, 0.0195688251406]], "mean": [-24.6063575745, 94.2708511353, -104.081497192, 37.5828895569, -59.7277374268, 2.66601800919, -34.898979187, 7.29438924789, -18.654750824, -5.26990795135, -20.468503952, -1.9269298315, -11.9357824326]}, "melbands_spread": {"min": 1.02648997307, "max": 298.083740234, "dvar2": 632.304382324, "median": 14.5713148117, "dmean2": 12.3083305359, "dmean": 8.13778781891, "var": 768.520019531, "dvar": 318.784576416, "mean": 22.3356533051}, "spectral_energy": {"min": 8.44196001992e-09, "max": 0.234538927674, "dvar2": 0.00163763819728, "median": 0.0163476653397, "dmean2": 0.0204361081123, "dmean": 0.0129601536319, "var": 0.00089159864001, "dvar": 0.000691108347382, "mean": 0.0251182038337}, "mfcc": {"cov": [[8350.08398438, -1312.60290527, 70.1092681885, 202.325637817, -198.655578613, 32.6086463928, 119.86958313, 96.6804733276, -135.190414429, 15.7421188354, -99.9189682007, -222.149627686, -279.609924316], [-1312.60290527, 1786.49890137, -489.795379639, 21.1819896698, 83.16456604, -92.3730545044, 13.000500679, 75.9195785522, 108.770553589, -22.7212181091, -5.65360450745, 63.5973052979, 111.763320923], [70.1092681885, -489.795379639, 765.01385498, 33.7620773315, 89.5705032349, 85.5638198853, 21.7074985504, -25.6340198517, -61.2616767883, 52.7870674133, 43.4705123901, -6.13163948059, -54.1632499695], [202.325637817, 21.1819896698, 33.7620773315, 262.239471436, 57.3929023743, 28.2251205444, 45.1728172302, 21.8905334473, 1.30188477039, 3.91359233856, -0.238210350275, -1.81221818924, 0.501089930534], [-198.655578613, 83.16456604, 89.5705032349, 57.3929023743, 191.497802734, 57.7943916321, 30.9970684052, 31.4604759216, 32.8013114929, 5.30580806732, 5.74934720993, 25.4980583191, 31.5363426208], [32.6086463928, -92.3730545044, 85.5638198853, 28.2251205444, 57.7943916321, 145.496627808, 57.0376548767, 25.8693904877, 10.7037382126, 1.82794201374, 11.3169441223, 12.4119825363, -1.34816384315], [119.86958313, 13.000500679, 21.7074985504, 45.1728172302, 30.9970684052, 57.0376548767, 146.245620728, 56.6565437317, 8.53399562836, 8.45879650116, 5.29790019989, -2.22164750099, -5.02613830566], [96.6804733276, 75.9195785522, -25.6340198517, 21.8905334473, 31.4604759216, 25.8693904877, 56.6565437317, 125.189849854, 49.8736114502, 1.30259990692, 1.60239386559, 8.1135263443, 13.0285921097], [-135.190414429, 108.770553589, -61.2616767883, 1.30188477039, 32.8013114929, 10.7037382126, 8.53399562836, 49.8736114502, 110.94519043, 31.8020381927, 7.06963634491, 18.125951767, 26.4988918304], [15.7421188354, -22.7212181091, 52.7870674133, 3.91359233856, 5.30580806732, 1.82794201374, 8.45879650116, 1.30259990692, 31.8020381927, 106.310676575, 47.9662208557, 3.93318223953, -4.62371921539], [-99.9189682007, -5.65360450745, 43.4705123901, -0.238210350275, 5.74934720993, 11.3169441223, 5.29790019989, 1.60239386559, 7.06963634491, 47.9662208557, 98.707321167, 31.3472309113, 3.4930870533], [-222.149627686, 63.5973052979, -6.13163948059, -1.81221818924, 25.4980583191, 12.4119825363, -2.22164750099, 8.1135263443, 18.125951767, 3.93318223953, 31.3472309113, 92.2515792847, 45.7203712463], [-279.609924316, 111.763320923, -54.1632499695, 0.501089930534, 31.5363426208, -1.34816384315, -5.02613830566, 13.0285921097, 26.4988918304, -4.62371921539, 3.4930870533, 45.7203712463, 95.4849014282]], "icov": [[0.000163977703778, 0.000121834462334, 8.82489985088e-05, -0.000135376525577, 6.81894816807e-05, 1.95249267563e-05, -2.70434902632e-05, -0.000277899613138, 0.000183824275155, -0.000150735882926, 0.000155603294843, 8.65771362442e-05, 0.000297130522085], [0.000121834462334, 0.000884848064743, 0.000533497019205, -0.000122394601931, -0.00051645829808, 0.000616628967691, -0.000217263659579, -0.000334261334501, -0.000124350961414, 9.68769541032e-07, -3.17473422911e-05, -0.000133399793413, -6.26179462415e-05], [8.82489985088e-05, 0.000533497019205, 0.00210354337469, -4.90988277306e-05, -0.00128805881832, -0.00046269694576, 0.000149479950778, -0.000238381006056, 0.00142525951378, -0.00117441173643, -0.000181274561328, -0.000208136683796, 0.000940615136642], [-0.000135376525577, -0.000122394601931, -4.90988277306e-05, 0.00438242033124, -0.00127720879391, -2.61564200628e-05, -0.000970739230979, 3.02433400066e-05, 0.000353779818397, -0.000119892327348, 1.26077645746e-06, 0.000167296340805, -0.000121914294141], [6.81894816807e-05, -0.00051645829808, -0.00128805881832, -0.00127720879391, 0.00788203347474, -0.00227899407037, -7.52705091145e-05, -0.000373785675038, -0.00169574364554, 0.000432383705629, 0.000510142708663, -0.000368754641386, -0.00185869308189], [1.95249267563e-05, 0.000616628967691, -0.00046269694576, -2.61564200628e-05, -0.00227899407037, 0.0100084012374, -0.00340098771267, 4.40355324827e-05, -0.00122857210226, 0.00138828007039, -0.00083091086708, -0.00112312915735, 0.00075842870865], [-2.70434902632e-05, -0.000217263659579, 0.000149479950778, -0.000970739230979, -7.52705091145e-05, -0.00340098771267, 0.0101968320087, -0.00442236755043, 0.00203305808827, -0.0014677363215, 0.000186072647921, 0.000552792684175, 0.000475213950267], [-0.000277899613138, -0.000334261334501, -0.000238381006056, 3.02433400066e-05, -0.000373785675038, 4.40355324827e-05, -0.00442236755043, 0.01287415158, -0.00599846616387, 0.00248666782863, -0.000946273852605, 0.00012826686725, -0.000664952327497], [0.000183824275155, -0.000124350961414, 0.00142525951378, 0.000353779818397, -0.00169574364554, -0.00122857210226, 0.00203305808827, -0.00599846616387, 0.0154494075105, -0.00635773362592, 0.0021393885836, -0.00105011928827, -0.00121215148829], [-0.000150735882926, 9.68769541032e-07, -0.00117441173643, -0.000119892327348, 0.000432383705629, 0.00138828007039, -0.0014677363215, 0.00248666782863, -0.00635773362592, 0.0152154481038, -0.00736809894443, 0.00202342495322, 0.000154015127919], [0.000155603294843, -3.17473422911e-05, -0.000181274561328, 1.26077645746e-06, 0.000510142708663, -0.00083091086708, 0.000186072647921, -0.000946273852605, 0.0021393885836, -0.00736809894443, 0.0156387686729, -0.00576301664114, 0.00158551963978], [8.65771362442e-05, -0.000133399793413, -0.000208136683796, 0.000167296340805, -0.000368754641386, -0.00112312915735, 0.000552792684175, 0.00012826686725, -0.00105011928827, 0.00202342495322, -0.00576301664114, 0.0169969107956, -0.00713002262637], [0.000297130522085, -6.26179462415e-05, 0.000940615136642, -0.000121914294141, -0.00185869308189, 0.00075842870865, 0.000475213950267, -0.000664952327497, -0.00121215148829, 0.000154015127919, 0.00158551963978, -0.00713002262637, 0.0163906477392]], "mean": [-668.604003906, 120.842658997, 11.2815303802, 33.3209495544, 0.392761141062, -0.0478910990059, -7.20974588394, 6.59559869766, 2.738697052, -0.622718751431, -5.37982702255, 1.76104009151, -0.352950423956]}, "spectral_contrast_valleys": {"min": [-13.9348869324, -14.5985355377, -15.3186388016, -15.8534345627, -15.0623540878, -16.7120418549], "max": [-4.89726209641, -4.74661827087, -5.19723796844, -6.00770425797, -5.48297357559, -7.36155939102], "dvar2": [0.360377877951, 0.299657404423, 0.236902102828, 0.228529319167, 0.244901806116, 0.338121205568], "median": [-7.27053356171, -6.96498012543, -7.886906147, -8.40181922913, -7.82514047623, -10.2924251556], "dmean2": [0.644548296928, 0.551789402962, 0.513110220432, 0.483930766582, 0.418951809406, 0.428747683764], "dmean": [0.403837054968, 0.352309405804, 0.337201476097, 0.330685257912, 0.30396437645, 0.352251112461], "var": [1.16430687904, 0.972645998001, 1.09391522408, 1.2346111536, 1.4733402729, 1.98746466637], "dvar": [0.171979978681, 0.129356577992, 0.112474456429, 0.126037880778, 0.144117131829, 0.229538664222], "mean": [-7.42443227768, -7.08433151245, -7.96752500534, -8.46943950653, -7.94591903687, -10.4337644577]}, "barkbands_flatness_db": {"min": 0.021731512621, "max": 0.325193285942, "dvar2": 0.00102527462877, "median": 0.136019781232, "dmean2": 0.0319583192468, "dmean": 0.0211594160646, "var": 0.00247769756243, "dvar": 0.00047092922614, "mean": 0.141429811716}, "dynamic_complexity": 3.97715163231, "erbbands_flatness_db": {"min": 0.0375627055764, "max": 0.357058137655, "dvar2": 0.000537144951522, "median": 0.142359569669, "dmean2": 0.0215245839208, "dmean": 0.0154794994742, "var": 0.00174219708424