{"lowlevel": {"spectral_complexity": {"min": 0, "max": 57, "dvar2": 20.0697288513, "median": 13, "dmean2": 4.19915771484, "dmean": 2.75058484077, "var": 158.19960022, "dvar": 9.97634887695, "mean": 14.9761400223}, "silence_rate_20dB": {"min": 1, "max": 1, "dvar2": 0, "median": 1, "dmean2": 0, "dmean": 0, "var": 0, "dvar": 0, "mean": 1}, "average_loudness": 0.772484838963, "erbbands_spread": {"min": 0.454540044069, "max": 147.760772705, "dvar2": 127.274589539, "median": 25.2645683289, "dmean2": 8.19491767883, "dmean": 5.25195217133, "var": 261.540985107, "dvar": 54.3262481689, "mean": 26.8839759827}, "spectral_kurtosis": {"min": -1.24036896229, "max": 55.1033210754, "dvar2": 24.1949501038, "median": 4.89105319977, "dmean2": 3.22183704376, "dmean": 1.88723015785, "var": 21.1625461578, "dvar": 7.98491954803, "mean": 6.2670340538}, "barkbands_kurtosis": {"min": -1.90874803066, "max": 587.491271973, "dvar2": 197.16343689, "median": 1.63144493103, "dmean2": 4.25967979431, "dmean": 2.85476016998, "var": 291.135772705, "dvar": 116.388122559, "mean": 4.8739991188}, "spectral_strongpeak": {"min": 0, "max": 16.3329811096, "dvar2": 2.0541574955, "median": 0.430503368378, "dmean2": 0.827426373959, "dmean": 0.526117801666, "var": 5.31804227829, "dvar": 0.906364381313, "mean": 1.66439890862}, "spectral_spread": {"min": 1353673.625, "max": 41324172, "dvar2": 1143356260350.0, "median": 3754930.5, "dmean2": 524574.625, "dmean": 342133.5625, "var": 4733239558140.0, "dvar": 557144342528, "mean": 3992172.25}, "spectral_rms": {"min": 3.16445654402e-12, "max": 0.0126445218921, "dvar2": 8.70046221735e-07, "median": 0.00351175223477, "dmean2": 0.000623341009486, "dmean": 0.000428596977144, "var": 5.93246295466e-06, "dvar": 4.39683390141e-07, "mean": 0.00348963821307}, "erbbands": {"min": [1.93518056124e-22, 3.02380638901e-21, 4.29970542279e-21, 2.0107747718e-20, 3.69046630291e-20, 3.05056713585e-20, 1.03545060287e-19, 2.666120729e-19, 2.81841837995e-19, 5.91593163448e-19, 7.48076710189e-19, 5.53466341064e-19, 5.04313304512e-19, 1.78868067413e-18, 1.44890145167e-18, 2.77448537005e-18, 4.12091620443e-18, 2.79422148588e-18, 1.98495533065e-18, 5.24606671237e-18, 5.10649321889e-18, 5.46189385061e-18, 8.15277648975e-18, 7.29953224327e-18, 8.96190967569e-18, 1.23872207517e-17, 9.21101677153e-18, 1.12344585413e-17, 1.36987313293e-17, 1.31707733772e-17, 1.74032663201e-17, 1.14415440349e-17, 1.29119088589e-17, 1.03224381492e-17, 6.53357416299e-18, 5.08158474269e-18, 2.64007658552e-18, 1.03745871306e-18, 2.50696109788e-19, 2.97242538671e-20], "max": [1.10658574104, 17.9745845795, 29.3962993622, 56.514995575, 132.368484497, 198.806716919, 253.965789795, 279.794342041, 265.590515137, 1104.10839844, 1262.43408203, 2468.96240234, 4771.07324219, 3280.8190918, 3763.44506836, 3246.71264648, 3545.86157227, 1079.35021973, 3337.62890625, 3450.61254883, 577.425109863, 479.731689453, 1413.2442627, 2324.4140625, 1075.765625, 1132.89343262, 845.472412109, 694.034606934, 540.630126953, 313.882781982, 235.022583008, 183.577178955, 300.495330811, 232.978240967, 68.9201507568, 25.9056968689, 3.81725430489, 1.09962928295, 0.070112913847, 0.00179079978261], "dvar2": [0.00353505369276, 1.01890134811, 6.53277826309, 8.29206943512, 30.7666091919, 77.8067932129, 78.3509063721, 155.433074951, 167.927429199, 1352.99328613, 2428.12646484, 8590.86035156, 34465.0898438, 40609.4375, 25476.3378906, 36437.6757812, 30339.6171875, 4715.90576172, 9807.77441406, 7160.54638672, 1067.76025391, 1364.83654785, 656.546386719, 2156.10546875, 3372.953125, 2462.14135742, 1102.64758301, 827.568908691, 383.00390625, 146.581314087, 64.5667190552, 53.4243545532, 58.4149436951, 27.4457740784, 5.56579732895, 0.975168943405, 0.0528041273355, 0.00234482064843, 1.16021583381e-05, 1.25095418468e-08], "median": [0.00195671501569, 0.0230241119862, 0.0660516023636, 0.14364631474, 0.366703808308, 0.526602745056, 0.826051354408, 1.25371420383, 1.90606975555, 2.60285878181, 3.84730505943, 4.52707433701, 6.0715265274, 7.67051935196, 6.83553743362, 6.46083116531, 6.39976644516, 7.06608438492, 5.85212087631, 4.40388011932, 3.35072112083, 3.98724746704, 2.90772795677, 3.11423707008, 3.32128143311, 2.30262827873, 1.03483867645, 0.710965335369, 0.566627442837, 0.355127573013, 0.17967030406, 0.111176773906, 0.0714955925941, 0.0297931302339, 0.0142380977049, 0.00676087290049, 0.00197318964638, 0.000426809798228, 6.30512004136e-05, 2.51857109106e-05], "dmean2": [0.022096561268, 0.336823195219, 0.825167119503, 1.12899911404, 2.25709438324, 3.45503139496, 4.00435590744, 5.42072534561, 6.02696990967, 10.1021671295, 16.4085540771, 25.9438343048, 28.8933391571, 47.648979187, 45.7098350525, 38.3117218018, 39.3480453491, 23.0921516418, 23.0935935974, 15.6882619858, 10.5100917816, 14.2264919281, 9.37685775757, 12.7992315292, 14.5392866135, 12.1597328186, 4.33960199356, 4.13114356995, 3.0844976902, 1.71679270267, 1.01725792885, 0.80060249567, 0.839091539383, 0.529151439667, 0.250509589911, 0.115071624517, 0.0302083101124, 0.00467844679952, 0.000344200176187, 1.93097857846e-05], "dmean": [0.0142211867496, 0.211458697915, 0.516928553581, 0.700487971306, 1.39749705791, 2.1186413765, 2.4934630394, 3.38632392883, 3.75633215904, 6.63820934296, 11.2620401382, 18.403717041, 20.1611289978, 31.7794952393, 30.3327655792, 23.6354122162, 25.5602378845, 14.6636896133, 14.8008079529, 10.1812334061, 6.73888635635, 8.71068000793, 6.12675476074, 8.70759391785, 9.72649860382, 8.07829284668, 2.85164999962, 2.79777312279, 2.15325307846, 1.16387879848, 0.701781570911, 0.551840245724, 0.602480351925, 0.377985775471, 0.171597510576, 0.073691546917, 0.0185802951455, 0.00282528530806, 0.000215807158384, 1.22578503579e-05], "var": [0.0113531779498, 1.63085281849, 8.40768814087, 16.0166492462, 76.2063522339, 222.371566772, 176.896942139, 296.20501709, 253.414703369, 2173.2878418, 13407.65625, 27859.8613281, 43027.65625, 51631.2382812, 59714.7421875, 21501.6933594, 36294.703125, 6435.51757812, 7722.21142578, 6671.73046875, 1190.68945312, 1336.0513916, 2022.44494629, 5383.27978516, 3555.47192383, 2325.63354492, 519.022277832, 515.888366699, 429.688079834, 106.984466553, 44.6130180359, 40.2336463928, 69.6344680786, 39.44348526, 5.35130786896, 0.539965450764, 0.0244950670749, 0.000745317724068, 4.51436517324e-06, 6.02526073479e-09], "dvar": [0.00151940668002, 0.42146474123, 2.60079598427, 3.47800064087, 12.5635023117, 32.6475143433, 38.4961967468, 74.6478042603, 78.2852249146, 779.022338867, 1310.88903809, 5126.98681641, 15383.21875, 17613.4160156, 12470.0683594, 13569.4238281, 13739.421875, 2037.6427002, 4342.51025391, 3826.76733398, 448.881652832, 508.858795166, 421.535736084, 1226.2019043, 1526.27648926, 1015.92700195, 469.611083984, 372.31741333, 183.273452759, 68.9014816284, 32.1414070129, 26.8386650085, 35.2675361633, 17.8214054108, 3.17318820953, 0.42657327652, 0.0214235428721, 0.000884630659129, 4.67195877718e-06, 5.08542052913e-09], "mean": [0.0387657172978, 0.473276942968, 1.0618776083, 1.43014156818, 3.01748394966, 4.71184396744, 4.91205263138, 6.31723546982, 6.75070858002, 13.083776474, 33.3396034241, 47.4058952332, 48.4960708618, 73.6731262207, 86.1310043335, 49.7509994507, 55.1222229004, 30.3032665253, 27.4510936737, 19.1558074951, 14.6688709259, 18.6249675751, 14.857588768, 19.8494777679, 20.4151115417, 15.900932312, 5.13825893402, 4.71145534515, 4.05954742432, 2.18015837669, 1.14057230949, 0.847462952137, 0.875021755695, 0.516485452652, 0.225073412061, 0.0964345932007, 0.0249779168516, 0.00351540232077, 0.000292604265269, 3.53099712811e-05]}, "zerocrossingrate": {"min": 0.001953125, "max": 0.5126953125, "dvar2": 0.000264222995611, "median": 0.06103515625, "dmean2": 0.00955548044294, "dmean": 0.00812987145036, "var": 0.00185069057625, "dvar": 0.000195933243958, "mean": 0.0675422623754}, "spectral_contrast_coeffs": {"min": [-0.966625154018, -0.97880512476, -0.985084831715, -0.983899712563, -0.981113314629, -0.976492226124], "max": [-0.339555054903, -0.376169770956, -0.314744770527, -0.456358075142, -0.576667428017, -0.590829670429], "dvar2": [0.00430707540363, 0.00326583581045, 0.00225545279682, 0.00168093841057, 0.000766845128965, 0.000419342512032], "median": [-0.710758984089, -0.808201014996, -0.815257787704, -0.820608854294, -0.807750105858, -0.77217566967], "dmean2": [0.0829149410129, 0.0706539601088, 0.0573146566749, 0.0466013066471, 0.031852748245, 0.0230346526951], "dmean": [0.0491129942238, 0.0427122712135, 0.0356574468315, 0.0284938756377, 0.019948342815, 0.0150183811784], "var": [0.00769213028252, 0.00821233913302, 0.0107995849103, 0.00434208568186, 0.00321238487959, 0.00277824234217], "dvar": [0.00151594378985, 0.00131137482822, 0.00103462638799, 0.00071737304097, 0.00033712660661, 0.000193559855688], "mean": [-0.699084281921, -0.783320307732, -0.78022134304, -0.806999802589, -0.803485691547, -0.767551422119]}, "dissonance": {"min": 0.115165218711, "max": 0.500000059605, "dvar2": 0.00164819951169, "median": 0.481009989977, "dmean2": 0.033821515739, "dmean": 0.0197630114853, "var": 0.00129693502095, "dvar": 0.00062422681367, "mean": 0.468511760235}, "spectral_energyband_high": {"min": 7.50433357448e-21, "max": 0.0598284937441, "dvar2": 5.81284984946e-06, "median": 9.5984658401e-05, "dmean2": 0.000349170266418, "dmean": 0.000253851234447, "var": 5.14598104928e-06, "dvar": 2.95509175885e-06, "mean": 0.000495779269841}, "spectral_skewness": {"min": 0.00292596733198, "max": 5.77470064163, "dvar2": 0.186586007476, "median": 1.5792607069, "dmean2": 0.358067154884, "dmean": 0.219355612993, "var": 0.299440830946, "dvar": 0.068187713623, "mean": 1.69746899605}, "spectral_flux": {"min": 6.71066049951e-11, "max": 0.414410918951, "dvar2": 0.00111575250048, "median": 0.0467051081359, "dmean2": 0.0213140677661, "dmean": 0.0137068703771, "var": 0.00207611266524, "dvar": 0.000510760699399, "mean": 0.0556510649621}, "silence_rate_30dB": {"min": 0, "max": 1, "dvar2": 0.00930508412421, "median": 1, "dmean2": 0.00748888356611, "dmean": 0.00374356564134, "var": 0.00303173414432, "dvar": 0.00372959859669, "mean": 0.996959090233}, "spectral_energyband_middle_high": {"min": 1.34347035981e-21, "max": 0.160858348012, "dvar2": 0.000101613361039, "median": 0.00216653873213, "dmean2": 0.00350491353311, "dmean": 0.00238800118677, "var": 0.000194896900211, "dvar": 4.57060341432e-05, "mean": 0.0086074816063}, "barkbands_spread": {"min": 0.0970087870955, "max": 122.051872253, "dvar2": 87.6542358398, "median": 15.6647720337, "dmean2": 6.69383573532, "dmean": 4.27312850952, "var": 154.626464844, "dvar": 38.6714324951, "mean": 17.9471874237}, "spectral_centroid": {"min": 141.817443848, "max": 11267.2929688, "dvar2": 199468.484375, "median": 1407.04040527, "dmean2": 310.169799805, "dmean": 203.65083313, "var": 662256.375, "dvar": 96774.1640625, "mean": 1520.86804199}, "pitch_salience": {"min": 0.0520377829671, "max": 0.914222717285, "dvar2": 0.0104720434174, "median": 0.643748879433, "dmean2": 0.107811786234, "dmean": 0.0675032436848, "var": 0.0296909250319, "dvar": 0.00435850536451, "mean": 0.598623931408}, "erbbands_skewness": {"min": -3.40201449394, "max": 8.5441570282, "dvar2": 0.357063442469, "median": 0.520603120327, "dmean2": 0.540934085846, "dmean": 0.345619082451, "var": 0.942583084106, "dvar": 0.164960980415, "mean": 0.686360359192}, "erbbands_crest": {"min": 2.4238717556, "max": 34.3363075256, "dvar2": 15.9083786011, "median": 8.49484443665, "dmean2": 3.88340997696, "dmean": 2.43606686592, "var": 47.8634567261, "dvar": 6.97677516937, "mean": 10.9555616379}, "melbands": {"min": [3.7338806128e-24, 3.23704615393e-24, 4.32073553944e-24, 2.68721601945e-24, 4.17966117718e-24, 5.86529837059e-24, 4.38607097176e-24, 6.8719424725e-24, 5.87095253113e-24, 3.3370165243e-24, 2.34059290428e-24, 7.0495284729e-24, 3.96783545805e-24, 7.04749952265e-24, 7.76434531584e-24, 7.83652608866e-24, 4.63556440469e-24, 2.5947995839e-24, 4.58378436373e-24, 8.69489668369e-24, 5.05264463161e-24, 5.76604428593e-24, 4.9185548438e-24, 8.62311428562e-24, 5.2165762386e-24, 5.64884795441e-24, 6.76663427482e-24, 8.60529470663e-24, 6.22737290432e-24, 4.9350223152e-24, 6.25317260022e-24, 7.04891473912e-24, 7.54678536679e-24, 7.43312470984e-24, 9.15585887618e-24, 8.73609494446e-24, 5.18416115515e-24, 8.77486035821e-24, 8.73434603984e-24, 8.86470767101e-24], "max": [0.0150227006525, 0.0195038374513, 0.00829250179231, 0.0104972375557, 0.00822923053056, 0.00539009692147, 0.00381385162473, 0.00994011573493, 0.0104708718136, 0.0154889356345, 0.0246276762336, 0.0133322812617, 0.017522668466, 0.0113286739215, 0.0106780193746, 0.00736531568691, 0.0020650185179, 0.00536829093471, 0.00466272607446, 0.0024617225863, 0.000947906286456, 0.000625561748166, 0.000728311773855, 0.00211781263351, 0.00190498388838, 0.000884051783942, 0.000928891589865, 0.00091607181821, 0.000601970881689, 0.000561536231544, 0.000354828691343, 0.000391720910557, 0.000220013651415, 0.00014699769963, 0.000154100649524, 8.36282779346e-05, 0.000139550538734, 0.000181380295544, 0.000243703165324, 0.000195960514247], "dvar2": [6.42446366328e-07, 1.5749111526e-06, 2.74534642131e-07, 1.95125494429e-07, 9.39305095926e-08, 7.18988744097e-08, 4.37916085616e-08, 1.47993404198e-07, 2.55781884562e-07, 3.68339925672e-07, 8.73442957072e-07, 6.61698663862e-07, 4.65408788841e-07, 2.59440781747e-07, 2.42429649688e-07, 1.21994759184e-07, 1.69111125103e-08, 2.63032546854e-08, 2.6367150241e-08, 4.78875650245e-09, 1.85580040224e-09, 1.99317917726e-09, 1.25646137938e-09, 9.7191543702e-10, 1.88149185121e-09, 1.65775060346e-09, 2.76624700923e-09, 1.34254618533e-09, 5.20197718235e-10, 4.69592253971e-10, 2.51129339546e-10, 1.72705683088e-10, 9.37062996642e-11, 3.71111648356e-11, 2.43728908583e-11, 1.65497494181e-11, 2.76219793566e-11, 3.51712617364e-11, 2.63561898001e-11, 1.98642682164e-11], "median": [2.16268217628e-05, 3.61543134204e-05, 3.22833584505e-05, 3.43359497492e-05, 2.99629537039e-05, 2.79990763374e-05, 2.75565853372e-05, 2.68716103164e-05, 2.75209677056e-05, 2.61838904407e-05, 2.2767804694e-05, 2.46947893174e-05, 2.09380486922e-05, 1.47558730532e-05, 1.31798660732e-05, 1.23451618492e-05, 1.12869583972e-05, 8.93662036106e-06, 6.18168633082e-06, 4.33012155554e-06, 3.35319145961e-06, 4.05381524615e-06, 2.9171683309e-06, 2.05505534723e-06, 2.26738052334e-06, 2.39666587731e-06, 1.96526252694e-06, 1.35396226142e-06, 6.0440498828e-07, 4.20541169888e-07, 3.56297562121e-07, 3.27301506786e-07, 2.28605216535e-07, 1.7723780843e-07, 1.09005760862e-07, 6.55045582221e-08, 6.46616129529e-08, 5.15621749742e-08, 3.4905749402e-08, 2.09853876498e-08], "dmean2": [0.000281276385067, 0.000425579841249, 0.000216350512346, 0.000191823899513, 0.000139439027407, 0.000118650554214, 9.37813747441e-05, 0.000114394817501, 0.00015198525216, 0.000165634861332, 0.000145691461512, 0.000189132930245, 0.000186749617569, 0.000102517245978, 0.000113077228889, 7.4983065133e-05, 4.47227284894e-05, 4.05357350246e-05, 2.91078686132e-05, 1.65476340044e-05, 1.39384537761e-05, 1.6946460164e-05, 1.19918931887e-05, 8.95539778867e-06, 1.17467770906e-05, 1.13058104034e-05, 1.19233081932e-05, 8.10684286989e-06, 3.05155072056e-06, 2.51729579759e-06, 2.56461862591e-06, 1.99619444174e-06, 1.36135258799e-06, 9.2139600838e-07, 6.53904635328e-07, 4.73818971614e-07, 5.41430097201e-07, 6.41123733658e-07, 5.419967124e-07, 4.44553791112e-07], "dmean": [0.000179613343789, 0.000265216920525, 0.000132427943754, 0.000116883566079, 8.75299156178e-05, 7.33768247301e-05, 5.91054886172e-05, 7.61329720262e-05, 0.00010370718519, 0.000117808835057, 0.00010113883036, 0.000126149723656, 0.000125410617329, 6.53058013995e-05, 7.16442154953e-05, 4.71365310659e-05, 2.80763288174e-05, 2.58787622442e-05, 1.89741313079e-05, 1.0487320651e-05, 8.7572107077e-06, 1.03446373032e-05, 7.42486508898e-06, 6.12918574916e-06, 7.74745149101e-06, 7.39714960218e-06, 7.76286105975e-06, 5.18581782671e-06, 1.95385132429e-06, 1.63020638411e-06, 1.71118745129e-06, 1.35638447318e-06, 9.05578531274e-07, 6.17065609276e-07, 4.47665740921e-07, 3.12493341426e-07, 3.70525526705e-07, 4.46726573955e-07, 3.86927467844e-07, 3.12675695113e-07], "var": [1.32994489377e-06, 2.50333528129e-06, 6.39288145976e-07, 5.97825646764e-07, 2.64725969146e-07, 1.37001350708e-07, 6.23506721809e-08, 3.50964199924e-07, 9.32942953114e-07, 1.17994841276e-06, 1.11850579287e-06, 8.26846473956e-07, 1.11662188829e-06, 2.28497782473e-07, 2.09702321285e-07, 9.5200825001e-08, 2.31283632246e-08, 1.93723792563e-08, 1.71990972575e-08, 5.00390839875e-09, 1.89102555836e-09, 1.80577486297e-09, 1.14809362017e-09, 3.41149997141e-09, 3.97258537177e-09, 1.93187976727e-09, 2.06979655637e-09, 1.00193242591e-09, 2.19728846229e-10, 2.11609521572e-10, 1.88363533105e-10, 1.88377022314e-10, 6.03895752849e-11, 2.83270559787e-11, 1.61454946634e-11, 1.10091259026e-11, 1.76540136676e-11, 3.28157917506e-11, 3.99819309604e-11, 2.70336513591e-11], "dvar": [2.631759628e-07, 6.50151491755e-07, 1.1000605582e-07, 7.81766260616e-08, 4.58368418776e-08, 3.24458753198e-08, 2.13620694467e-08, 8.75836931868e-08, 1.34041741262e-07, 2.1471127809e-07, 3.94027097173e-07, 2.90540469905e-07, 2.35761703493e-07, 9.61555812751e-08, 1.03267723262e-07, 5.12891595861e-08, 7.33821625687e-09, 1.14293641218e-08, 1.1544437406e-08, 2.51139709029e-09, 7.44171779754e-10, 7.38166638925e-10, 4.83901363424e-10, 7.82492237672e-10, 9.78683689645e-10, 7.29702298585e-10, 1.17548626388e-09, 5.27605903411e-10, 2.11175368858e-10, 2.06365799449e-10, 1.13405944357e-10, 7.99912081018e-11, 3.97387053819e-11, 1.8442686614e-11, 1.19991447334e-11, 7.89916569655e-12, 1.31411903928e-11, 1.91346140321e-11, 1.77386837857e-11, 1.25217232416e-11], "mean": [0.000442972755991, 0.000604675442446, 0.000304383051116, 0.000275888334727, 0.00018910644576, 0.000140126910992, 0.00010486105748, 0.00016400203458, 0.000290515716188, 0.00030126638012, 0.000233251106692, 0.000278046092717, 0.000347262597643, 0.000144213074236, 0.000138097937452, 9.09372320166e-05, 5.2943436458e-05, 4.50260558864e-05, 3.15451034112e-05, 1.96628316189e-05, 1.72287873283e-05, 2.03716790566e-05, 1.4924145944e-05, 1.32998220579e-05, 1.63647309819e-05, 1.54726094479e-05, 1.39398634929e-05, 9.74986414803e-06, 3.23045810546e-06, 2.38638199335e-06, 2.83851227323e-06, 2.50494099419e-06, 1.58710111009e-06, 1.07005428163e-06, 6.90664649028e-07, 4.80806022551e-07, 5.25564018972e-07, 6.26931864645e-07, 5.50747813577e-07, 4.05368581369e-07]}, "spectral_entropy": {"min": 4.12348079681, "max": 9.81701278687, "dvar2": 0.0419527105987, "median": 7.69223403931, "dmean2": 0.181029319763, "dmean": 0.119434349239, "var": 0.263739943504, "dvar": 0.0233497582376, "mean": 7.57765340805}, "spectral_rolloff": {"min": 64.599609375, "max": 19186.0839844, "dvar2": 1463953.875, "median": 1313.52539062, "dmean2": 637.07208252, "dmean": 392.712097168, "var": 2879815.25, "dvar": 734454.8125, "mean": 1713.63574219}, "barkbands": {"min": [4.29149207125e-24, 1.8110981051e-23, 3.10731245604e-24, 6.02291672376e-24, 1.56010985964e-23, 2.85586454134e-23, 2.03373831838e-23, 2.46800892883e-23, 2.44837670525e-23, 3.95573796052e-23, 2.5104038916e-23, 6.3620628575e-23, 8.18775331162e-23, 5.96133792595e-23, 4.16273348433e-23, 9.02110470972e-23, 9.16160904109e-23, 1.47901486392e-22, 1.899937159e-22, 2.60832099902e-22, 2.34704850017e-22, 3.62118684689e-22, 5.38882875042e-22, 7.37048218044e-22, 9.81692841684e-22, 1.53452393873e-21, 1.92065865433e-21], "max": [0.00140934158117, 0.068801485002, 0.0232025571167, 0.0243009664118, 0.0366730168462, 0.0276557486504, 0.0454991050065, 0.0505101047456, 0.0920684561133, 0.137981012464, 0.123542688787, 0.0834961086512, 0.0701874196529, 0.0187788549811, 0.0544096007943, 0.0149590484798, 0.0171483997256, 0.034284953028, 0.0306034609675, 0.0199483651668, 0.0176677275449, 0.0118801062927, 0.00745115894824, 0.0132912192494, 0.014760623686, 0.00332410167903, 0.000625359709375], "dvar2": [7.45067563201e-10, 1.40049078254e-05, 5.22453638041e-06, 1.41934845033e-06, 3.57596604772e-06, 2.00073964152e-06, 2.27234068007e-06, 3.22970709021e-06, 1.98653069674e-05, 2.68827589025e-05, 3.26229710481e-05, 2.14913670789e-05, 1.48722547237e-05, 1.70947248535e-06, 4.96186839882e-06, 4.29923204592e-07, 6.2488390995e-07, 4.04756065109e-07, 9.09231573587e-07, 1.19516585073e-06, 6.35301603324e-07, 2.31511748439e-07, 8.00470374429e-08, 1.65970050148e-07, 1.52426608224e-07, 2.45122233622e-08, 7.14569348137e-10], "median": [9.44816008541e-07, 9.00495651877e-05, 4.77303583466e-05, 5.35956423846e-05, 0.000167334306752, 0.000141578231705, 0.000122343786643, 0.000136297225254, 0.000181367548066, 0.000150928855874, 0.00014380729408, 0.00012556470756, 0.000126949234982, 0.000117997566122, 8.66922346177e-05, 5.61389097129e-05, 6.67164786137e-05, 4.70105806016e-05, 6.75838746247e-05, 4.70451195724e-05, 1.85037442861e-05, 1.45760723171e-05, 7.39947063266e-06, 4.92850040246e-06, 2.33821106121e-06, 1.23445170175e-06, 4.13056397974e-07], "dmean2": [8.31289798953e-06, 0.00126735761296, 0.000722687807865, 0.000499681162182, 0.000847327348311, 0.000618873629719, 0.00051319913473, 0.000666098669171, 0.00119879783597, 0.00105385133065, 0.0015048381174, 0.000976290903054, 0.000899580889381, 0.000463772827061, 0.000429864187026, 0.000193520798348, 0.000275266036624, 0.000191808285308, 0.000277469109278, 0.000264042697381, 0.000102846599475, 7.67113597249e-05, 3.86354768125e-05, 4.50637708127e-05, 4.08842861361e-05, 1.91690742213e-05, 2.3201030217e-06], "dmean": [5.66314474781e-06, 0.000800636422355, 0.000447287835414, 0.000305821857182, 0.000518694985658, 0.000382877216907, 0.000327253103023, 0.000450615363661, 0.000849262229167, 0.000685299164616, 0.000996496062726, 0.000606720219366, 0.000566734292079, 0.000293721474009, 0.000276062288322, 0.000122292520246, 0.000170033148606, 0.000124534140923, 0.000187520228792, 0.000173036271008, 6.7824825237e-05, 5.32930353074e-05, 2.64170594164e-05, 3.16711193591e-05, 2.86934337055e-05, 1.17652907647e-05, 1.41133011766e-06], "var": [6.18852258327e-09, 2.45440933213e-05, 5.21245101481e-06, 3.71661099052e-06, 1.20152990348e-05, 3.39988173437e-06, 2.56897806139e-06, 2.15211275645e-05, 5.27402771695e-05, 3.90214154322e-05, 6.63172249915e-05, 1.65756646311e-05, 1.57952235895e-05, 2.15291743189e-06, 3.53425912181e-06, 3.96712209749e-07, 5.98835924848e-07, 1.16794797123e-06, 1.39678058986e-06, 1.00346926502e-06, 3.05536445921e-07, 2.62301142584e-07, 6.10927273215e-08, 1.70492796769e-07, 1.85546056741e-07, 1.20637455581e-08, 2.11008918671e-10], "dvar": [4.12315875886e-10, 5.7713359638e-06, 2.06081858778e-06, 6.33463628219e-07, 1.52663812969e-06, 8.56283691064e-07, 1.24087557651e-06, 1.99813894142e-06, 1.10407108878e-05, 1.29959416881e-05, 1.53323671839e-05, 8.1149955804e-06, 6.63817309032e-06, 7.41003077565e-07, 2.24806285587e-06, 1.85493647109e-07, 2.34194644122e-07, 2.65615767603e-07, 4.2226835717e-07, 4.93602499319e-07, 2.76423151035e-07, 1.10097680306e-07, 4.10686737951e-08, 9.32300849854e-08, 9.28786150212e-08, 1.01190851254e-08, 2.69495620264e-10], "mean": [1.82544372365e-05, 0.0018924275646, 0.000798143562861, 0.000617002311628, 0.00128217134625, 0.0007137953653, 0.00052192149451, 0.00123519927729, 0.00211263704114, 0.00140593806282, 0.00262756529264, 0.00121807062533, 0.00113342748955, 0.000547159113921, 0.000466792815132, 0.000243950285949, 0.000349225621903, 0.00027959770523, 0.000414502545027, 0.000324361695675, 0.000107963300252, 0.000104024809843, 4.44604083896e-05, 4.78817783005e-05, 3.84468294214e-05, 1.61112966452e-05, 1.78101674919e-06]}, "melbands_flatness_db": {"min": 0.00409780815244, "max": 0.547276139259, "dvar2": 0.00112651858944, "median": 0.17065435648, "dmean2": 0.031366892159, "dmean": 0.02087906003, "var": 0.00654440978542, "dvar": 0.000578767561819, "mean": 0.186983942986}, "melbands_skewness": {"min": -2.9932320118, "max": 14.3289966583, "dvar2": 1.09001207352, "median": 1.44074892998, "dmean2": 0.914924860001, "dmean": 0.591013610363, "var": 2.94256019592, "dvar": 0.511688947678, "mean": 1.65498578548}, "barkbands_skewness": {"min": -4.01773929596, "max": 16.8817996979, "dvar2": 0.743836760521, "median": 0.92238676548, "dmean2": 0.75461602211, "dmean": 0.492525905371, "var": 2.14829683304, "dvar": 0.374330669641, "mean": 1.09662342072}, "silence_rate_60dB": {"min": 0, "max": 1, "dvar2": 0.0558196119964, "median": 0, "dmean2": 0.0540603809059, "dmean": 0.0271408520639, "var": 0.232754841447, "dvar": 0.0264049004763, "mean": 0.368654966354}, "spectral_energyband_low": {"min": 4.01426544435e-23, "max": 0.0855205357075, "dvar2": 2.45364353759e-05, "median": 0.000211251463043, "dmean2": 0.00181946798693, "dmean": 0.00114946137182, "var": 4.7977991926e-05, "dvar": 1.00492379715e-05, "mean": 0.00296855345368}, "spectral_energyband_middle_low": {"min": 2.02947203239e-22, "max": 0.105746544898, "dvar2": 4.61213421659e-05, "median": 0.00199933955446, "dmean2": 0.00301203294657, "dmean": 0.00203531468287, "var": 0.000121890552691, "dvar": 2.25492258323e-05, "mean": 0.0069886604324}, "melbands_kurtosis": {"min": -1.71520829201, "max": 359.728668213, "dvar2": 277.41494751, "median": 4.02562570572, "dmean2": 7.27007436752, "dmean": 4.64110612869, "var": 281.0262146, "dvar": 122.237281799, "mean": 9.16474056244}, "spectral_decrease": {"min": -3.8971673888e-08, "max": 8.47751329022e-29, "dvar2": 9.38900370547e-18, "median": -3.025312445e-09, "dmean2": 1.48648993115e-09, "dmean": 9.80705627818e-10, "var": 2.19481092797e-17, "dvar": 4.20344111901e-18, "mean": -4.4601042859e-09}, "erbbands_kurtosis": {"min": -1.59657394886, "max": 99.5844955444, "dvar2": 24.2742233276, "median": 0.278516054153, "dmean2": 2.11608934402, "dmean": 1.36831569672, "var": 34.7964630127, "dvar": 11.7796993256, "mean": 1.98499727249}, "melbands_crest": {"min": 1.86705040932, "max": 35.3708496094, "dvar2": 18.7099304199, "median": 12.1697463989, "dmean2": 4.6060667038, "dmean": 2.87963962555, "var": 46.5666046143, "dvar": 7.84164857864, "mean": 13.7247343063}, "gfcc": {"cov": [[12013.3505859, 834.552978516, -2495.37866211, 367.875457764, -500.318969727, 214.722824097, -42.4818840027, 14.5899209976, -379.212738037, -249.934631348, 9.48172855377, 70.8013305664, -44.5876922607], [834.552978516, 1973.19628906, 190.726425171, -131.518936157, 227.450561523, -179.026611328, 183.537139893, -59.4305343628, 88.8685684204, -323.210723877, 63.8498268127, 82.7594604492, 123.557525635], [-2495.37866211, 190.726425171, 1733.59777832, 101.726829529, 159.454864502, 6.06794166565, -228.752349854, 19.232049942, 26.9245014191, 148.166488647, -117.618293762, 20.6078891754, -46.6914138794], [367.875457764, -131.518936157, 101.726829529, 330.230438232, 56.2141685486, 66.1375656128, -34.8903961182, -16.2873935699, -32.3932800293, 14.0796337128, -16.5581436157, 1.42880725861, -26.4686183929], [-500.318969727, 227.450561523, 159.454864502, 56.2141685486, 252.5703125, 65.4191436768, 92.1059341431, 5.85772514343, 21.9986248016, -44.1207275391, 14.2346687317, 17.1307888031, 37.695766449], [214.722824097, -179.026611328, 6.06794166565, 66.1375656128, 65.4191436768, 252.758483887, 61.10313797, 14.802274704, -65.5956497192, 31.10115242, 31.8290538788, -6.15598392487, -11.7075853348], [-42.4818840027, 183.537139893, -228.752349854, -34.8903961182, 92.1059341431, 61.10313797, 264.160827637, 58.3511352539, 36.1059761047, -94.7964324951, 63.0663108826, 9.17410373688, 38.7742881775], [14.5899209976, -59.4305343628, 19.232049942, -16.2873935699, 5.85772514343, 14.802274704, 58.3511352539, 158.343490601, 74.3326568604, 12.6467485428, -26.2513980865, -23.4888954163, 7.96247768402], [-379.212738037, 88.8685684204, 26.9245014191, -32.3932800293, 21.9986248016, -65.5956497192, 36.1059761047, 74.3326568604, 165.597640991, 15.6497154236, -11.6611042023, -20.9645385742, 11.198507309], [-249.934631348, -323.210723877, 148.166488647, 14.0796337128, -44.1207275391, 31.10115242, -94.7964324951, 12.6467485428, 15.6497154236, 200.544784546, 8.43869304657, -29.6876850128, -49.9871444702], [9.48172855377, 63.8498268127, -117.618293762, -16.5581436157, 14.2346687317, 31.8290538788, 63.0663108826, -26.2513980865, -11.6611042023, 8.43869304657, 132.356185913, 39.6566162109, 19.301404953], [70.8013305664, 82.7594604492, 20.6078891754, 1.42880725861, 17.1307888031, -6.15598392487, 9.17410373688, -23.4888954163, -20.9645385742, -29.6876850128, 39.6566162109, 123.739730835, 43.5635185242], [-44.5876922607, 123.557525635, -46.6914138794, -26.4686183929, 37.695766449, -11.7075853348, 38.7742881775, 7.96247768402, 11.198507309, -49.9871444702, 19.301404953, 43.5635185242, 107.446746826]], "icov": [[0.000449985411251, -0.000835040525999, 0.000973413756583, -0.000852822791785, 0.000859437684994, -0.000884076987859, 0.000925442960579, -0.00128531246446, 0.00107038603164, -0.000723584147636, 0.000854233512655, -0.000741517054848, 0.000422332377639], [-0.000835040525999, 0.00254801986739, -0.00209301267751, 0.0018986085197, -0.00213050097227, 0.00218096608296, -0.00180713890586, 0.00282924808562, -0.00249456171878, 0.00295096309856, -0.0024077987764, 0.00152948847972, -0.000845579372253], [0.000973413756583, -0.00209301267751, 0.00306494953111, -0.00188899959903, 0.00101387279574, -0.00205230526626, 0.00288883177564, -0.00324495881796, 0.00241453316994, -0.00247932854109, 0.00263323448598, -0.00221070530824, 0.00131417554803], [-0.000852822791785, 0.0018986085197, -0.00188899959903, 0.00529115274549, -0.0028552596923, 0.00097262946656, -0.000858773593791, 0.00256499601528, -0.00201848475263, 0.00210506259464, -0.00153717969079, 0.0010460402118, 0.00021462024597], [0.000859437684994, -0.00213050097227, 0.00101387279574, -0.0028552596923, 0.008629379794, -0.00353816221468, -0.000801831716672, -0.000923379324377, 0.000642770843115, -0.00140252755955, 0.00232119532302, -0.00126052892301, -0.00113677815534], [-0.000884076987859, 0.00218096608296, -0.00205230526626, 0.00097262946656, -0.00353816221468, 0.00865062046796, -0.00389262824319, 0.0011073857313, 0.00170050258748, -1.36771259349e-05, -0.00272765615955, 0.00216399389319, -0.000591520976741], [0.000925442960579, -0.00180713890586, 0.00288883177564, -0.000858773593791, -0.000801831716672, -0.00389262824319, 0.0113449599594, -0.00613104086369, 0.000631632981822, 0.00268434826285, -0.00241313013248, -0.000964657578152, 0.00173099909443], [-0.00128531246446, 0.00282924808562, -0.00324495881796, 0.00256499601528, -0.000923379324377, 0.0011073857313, -0.00613104086369, 0.0144221922383, -0.00757625605911, 0.00123986322433, 0.000687186606228, 0.00248835165985, -0.00274262577295], [0.00107038603164, -0.00249456171878, 0.00241453316994, -0.00201848475263, 0.000642770843115, 0.00170050258748, 0.000631632981822, -0.00757625605911, 0.0134210009128, -0.00482396176085, 0.00234971358441, -0.000561712484341, 0.000320709776133], [-0.000723584147636, 0.00295096309856, -0.00247932854109, 0.00210506259464, -0.00140252755955, -1.36771259349e-05, 0.00268434826285, 0.00123986322433, -0.00482396176085, 0.0129057215527, -0.00653599062935, 0.00283017684706, 0.00171093048993], [0.000854233512655, -0.0024077987764, 0.00263323448598, -0.00153717969079, 0.00232119532302, -0.00272765615955, -0.00241313013248, 0.000687186606228, 0.00234971358441, -0.00653599062935, 0.014726546593, -0.0052666598931, -0.000198452209588], [-0.000741517054848, 0.00152948847972, -0.00221070530824, 0.0010460402118, -0.00126052892301, 0.00216399389319, -0.000964657578152, 0.00248835165985, -0.000561712484341, 0.00283017684706, -0.0052666598931, 0.0125960884616, -0.00471347011626], [0.000422332377639, -0.000845579372253, 0.00131417554803, 0.00021462024597, -0.00113677815534, -0.000591520976741, 0.00173099909443, -0.00274262577295, 0.000320709776133, 0.00171093048993, -0.000198452209588, -0.00471347011626, 0.0137006947771]], "mean": [-71.9494781494, 80.1767959595, -134.895477295, 12.5057535172, -51.9338226318, 7.12488555908, -24.29155159, 7.08515167236, -22.2390155792, 1.50250577927, -12.5995845795, -0.800036132336, -11.0412025452]}, "melbands_spread": {"min": 0.384897023439, "max": 211.457092285, "dvar2": 220.026916504, "median": 21.5029582977, "dmean2": 10.2657184601, "dmean": 6.53405714035, "var": 373.257202148, "dvar": 100.244132996, "mean": 24.9558830261}, "spectral_energy": {"min": 1.02641295998e-20, "max": 0.163881033659, "dvar2": 0.000165535820997, "median": 0.0126407137141, "dmean2": 0.00615907134488, "dmean": 0.00408711470664, "var": 0.000381088408176, "dvar": 7.44288408896e-05, "mean": 0.0185628607869}, "mfcc": {"cov": [[11610.6757812, -39.3075294495, -1831.30175781, -62.6919517517, -539.987915039, 31.949432373, 127.896087646, 274.932952881, -300.228515625, -180.266769409, -121.645782471, -117.114952087, 28.934967041], [-39.3075294495, 1920.00866699, 228.207443237, 136.867294312, 87.3781051636, -62.5351409912, -20.472114563, 207.068984985, 48.5645904541, -125.466995239, -110.106719971, 39.9941711426, 26.5893287659], [-1831.30175781, 228.207443237, 1109.44445801, 128.344009399, 294.365478516, 22.5687026978, -65.0426330566, -132.531997681, 70.3625335693, -16.4506149292, 30.6980323792, 59.2396621704, -29.0213012695], [-62.6919517517, 136.867294312, 128.344009399, 264.536895752, 84.0943908691, 10.6606063843, -36.5171813965, 45.4456138611, 29.303686142, -18.7397251129, -16.3320121765, 7.26036691666, 3.77582859993], [-539.987915039, 87.3781051636, 294.365478516, 84.0943908691, 234.786331177, 62.1475410461, 10.0936851501, -21.8947429657, 49.2583847046, 9.26106929779, 7.15738248825, -0.724911868572, -12.8639297485], [31.949432373, -62.5351409912, 22.5687026978, 10.6606063843, 62.1475410461, 182.099975586, 98.822807312, 13.6381702423, -28.0496635437, -6.0623922348, 11.3374757767, -3.58907651901, 6.01816701889], [127.896087646, -20.472114563, -65.0426330566, -36.5171813965, 10.0936851501, 98.822807312, 222.529342651, 75.1649703979, -14.7538719177, 15.5065698624, 6.50842857361, -14.6522836685, 14.1820058823], [274.932952881, 207.068984985, -132.531997681, 45.4456138611, -21.8947429657, 13.6381702423, 75.1649703979, 230.451904297, 51.4459609985, -26.8393669128, -28.2444629669, 3.28166913986, 17.3024482727], [-300.228515625, 48.5645904541, 70.3625335693, 29.303686142, 49.2583847046, -28.0496635437, -14.7538719177, 51.4459609985, 141.52456665, 47.9634895325, 10.4545307159, 0.664759278297, -17.7642707825], [-180.266769409, -125.466995239, -16.4506149292, -18.7397251129, 9.26106929779, -6.0623922348, 15.5065698624, -26.8393669128, 47.9634895325, 153.618484497, 61.2109870911, -2.94021940231, -15.6041526794], [-121.645782471, -110.106719971, 30.6980323792, -16.3320121765, 7.15738248825, 11.3374757767, 6.50842857361, -28.2444629669, 10.4545307159, 61.2109870911, 110.80506134, 30.1347122192, -3.55064868927], [-117.114952087, 39.9941711426, 59.2396621704, 7.26036691666, -0.724911868572, -3.58907651901, -14.6522836685, 3.28166913986, 0.664759278297, -2.94021940231, 30.1347122192, 102.109039307, 41.5036888123], [28.934967041, 26.5893287659, -29.0213012695, 3.77582859993, -12.8639297485, 6.01816701889, 14.1820058823, 17.3024482727, -17.7642707825, -15.6041526794, -3.55064868927, 41.5036888123, 84.1870651245]], "icov": [[0.00012518998119, -1.51757622007e-05, 0.000196922730538, -8.25072420412e-05, 5.25973846379e-05, -3.10359719151e-05, -1.13576779768e-05, -2.69931151706e-05, 0.000150631851284, 0.000110930464871, -2.58617328655e-05, 9.91449724097e-06, 9.74338472588e-05], [-1.51757622007e-05, 0.000688650237862, -0.000189610640518, -3.14207536576e-05, -0.000273607089184, 0.000371118803741, 7.7809272625e-05, -0.000740713032428, 0.000191534170881, 0.000165352335898, 0.0004666588502, -0.000270641699899, 1.87203640962e-05], [0.000196922730538, -0.000189610640518, 0.00202182820067, -0.000443725613877, -0.00167815992609, 0.000231619138503, -0.000266206916422, 0.00121948379092, -0.0004460287455, 0.000917210883927, -0.00031047113589, -0.00115138338879, 0.000860726402607], [-8.25072420412e-05, -3.14207536576e-05, -0.000443725613877, 0.00506013166159, -0.00167526234873, -0.000408578576753, 0.00170358759351, -0.00184554397129, 0.000357148179319, -0.000273844198091, 0.000376659969334, 0.000185728480574, -0.000527158961631], [5.25973846379e-05, -0.000273607089184, -0.00167815992609, -0.00167526234873, 0.00870738364756, -0.00306565104984, -0.00037450552918, 0.0013034993317, -0.00278085214086, -9.68843742157e-05, 8.0753416114e-05, 0.00123151682783, -0.00029865448596], [-3.10359719151e-05, 0.000371118803741, 0.000231619138503, -0.000408578576753, -0.00306565104984, 0.0090927798301, -0.00370083330199, -0.000219811438001, 0.00216182880104, 0.000835600541905, -0.000923169078305, -0.000345535663655, 0.0002842535323], [-1.13576779768e-05, 7.7809272625e-05, -0.000266206916422, 0.00170358759351, -0.00037450552918, -0.00370083330199, 0.00801089592278, -0.00351438554935, 0.00170120375697, -0.00188040453941, -0.000204964409932, 0.0017027129652, -0.00144636200275], [-2.69931151706e-05, -0.000740713032428, 0.00121948379092, -0.00184554397129, 0.0013034993317, -0.000219811438001, -0.00351438554935, 0.00888258218765, -0.00501863798127, 0.00243247393519, 0.000414036447182, -0.000968064065091, -0.000385691702832], [0.000150631851284, 0.000191534170881, -0.0004460287455, 0.000357148179319, -0.00278085214086, 0.00216182880104, 0.00170120375697, -0.00501863798127, 0.0125621538609, -0.00440666358918, 0.000514812825713, -0.000343521300238, 0.00190838961862], [0.000110930464871, 0.000165352335898, 0.000917210883927, -0.000273844198091, -9.68843742157e-05, 0.000835600541905, -0.00188040453941, 0.00243247393519, -0.00440666358918, 0.0110362097621, -0.00529213761911, 0.000980434007943, 0.000389593245927], [-2.58617328655e-05, 0.0004666588502, -0.00031047113589, 0.000376659969334, 8.0753416114e-05, -0.000923169078305, -0.000204964409932, 0.000414036447182, 0.000514812825713, -0.00529213761911, 0.0142058068886, -0.00534693943337, 0.00212822156027], [9.91449724097e-06, -0.000270641699899, -0.00115138338879, 0.000185728480574, 0.00123151682783, -0.000345535663655, 0.0017027129652, -0.000968064065091, -0.000343521300238, 0.000980434007943, -0.00534693943337, 0.0157249718904, -0.00806675013155], [9.74338472588e-05, 1.87203640962e-05, 0.000860726402607, -0.000527158961631, -0.00029865448596, 0.0002842535323, -0.00144636200275, -0.000385691702832, 0.00190838961862, 0.000389593245927, 0.00212822156027, -0.00806675013155, 0.0169577468187]], "mean": [-712.573059082, 120.33946228, -25.3016586304, 12.5984830856, -7.82469844818, 2.4687526226, 3.92287421227, 4.24371004105, -1.90023803711, 3.72350406647, 0.397812247276, -2.62554979324, 0.616212964058]}, "spectral_contrast_valleys": {"min": [-27.9826450348, -27.4519748688, -27.7887630463, -27.3607940674, -27.3304252625, -27.3162593842], "max": [-5.47575187683, -5.10874223709, -5.31993103027, -5.28024053574, -5.14943408966, -6.88011550903], "dvar2": [0.328816354275, 0.254112511873, 0.221122145653, 0.17597310245, 0.147573545575, 0.145718559623], "median": [-8.3700761795, -7.04121494293, -7.25032091141, -7.66240692139, -7.78659009933, -10.9460372925], "dmean2": [0.700627267361, 0.593811035156, 0.494234770536, 0.413495779037, 0.306026011705, 0.25805041194], "dmean": [0.414793372154, 0.353655338287, 0.309663951397, 0.263392239809, 0.208617120981, 0.189142853022], "var": [1.91939330101, 1.8357937336, 1.97132146358, 1.8795735836, 1.96239817142, 1.44651675224], "dvar": [0.143629044294, 0.115716718137, 0.108525790274, 0.0925428122282, 0.0878884196281, 0.0853337422013], "mean": [-8.35369205475, -7.25293064117, -7.48598194122, -7.87499713898, -7.96432638168, -10.9764175415]}, "barkbands_flatness_db": {"min": 0.0252472367138, "max": 0.519551694393, "dvar2": 0.0007560410304, "median": 0.123772904277, "dmean2": 0.0267575159669, "dmean": 0.0177957117558, "var": 0.00482901511714, "dvar": 0.000400785414968, "mean": 0.136084705591}, "dynamic_complexity": 7.87766981125, "erbbands_flatness_db": {"min": 0.0289076305926, "max": 0.535948395729, "dvar2": 0.000652029062621, "median": 0.172959759831, "dmean2": 0.0231751892716, "dmean": 0.0157358497381, "var": 0.00