{"lowlevel": {"spectral_complexity": {"min": 0, "max": 56, "dvar2": 130.81401062, "median": 7, "dmean2": 7.92729520798, "dmean": 5.13325977325, "var": 131.17741394, "dvar": 58.505065918, "mean": 10.9217185974}, "silence_rate_20dB": {"min": 1, "max": 1, "dvar2": 0, "median": 1, "dmean2": 0, "dmean": 0, "var": 0, "dvar": 0, "mean": 1}, "average_loudness": 0.840535223484, "erbbands_spread": {"min": 1.71098649502, "max": 132.310302734, "dvar2": 294.848175049, "median": 39.7913856506, "dmean2": 17.0214920044, "dmean": 10.5930643082, "var": 339.088653564, "dvar": 119.799255371, "mean": 39.049079895}, "spectral_kurtosis": {"min": -1.15488827229, "max": 84.7774353027, "dvar2": 25.3180446625, "median": 3.70978593826, "dmean2": 3.9214618206, "dmean": 2.31459999084, "var": 19.3874797821, "dvar": 9.06248664856, "mean": 4.79720067978}, "barkbands_kurtosis": {"min": -1.97536087036, "max": 8495.27148438, "dvar2": 81000.28125, "median": 3.80588340759, "dmean2": 46.1553764343, "dmean": 30.0526943207, "var": 77929.4296875, "dvar": 40521.1367188, "mean": 40.5944061279}, "spectral_strongpeak": {"min": 0, "max": 13.2358036041, "dvar2": 1.07995927334, "median": 0.251195013523, "dmean2": 0.587691605091, "dmean": 0.362302005291, "var": 0.643524467945, "dvar": 0.436474174261, "mean": 0.515749812126}, "spectral_spread": {"min": 949389.3125, "max": 39638068, "dvar2": 1499471413250.0, "median": 3463427, "dmean2": 819895, "dmean": 537114.375, "var": 2026346119170.0, "dvar": 665006047232, "mean": 3876489.25}, "spectral_rms": {"min": 3.25836536572e-12, "max": 0.0143015617505, "dvar2": 3.88209900848e-06, "median": 0.00255869794637, "dmean2": 0.00145501596853, "dmean": 0.00101770053152, "var": 5.44602016816e-06, "dvar": 2.05226979233e-06, "mean": 0.00309316301718}, "erbbands": {"min": [1.70174197812e-22, 3.3792064779e-21, 1.27649849738e-20, 8.56875427191e-20, 8.9100405916e-20, 2.04571368534e-19, 3.09727621559e-19, 9.14127531292e-19, 8.78460847448e-19, 2.77081889199e-18, 1.3581416439e-18, 2.1728359651e-18, 9.32444101789e-19, 2.50212726118e-18, 3.30359103528e-18, 4.57442087039e-18, 7.72215949774e-18, 4.71718107718e-18, 5.80128150645e-18, 7.39964343127e-18, 7.31467378438e-18, 1.05200714499e-17, 1.25196192805e-17, 1.27126559386e-17, 1.7046549644e-17, 1.85518777382e-17, 1.22014351589e-17, 1.96793166413e-17, 1.47868923882e-17, 2.9501691023e-17, 2.04699027835e-17, 1.65898433755e-17, 1.33436789407e-17, 1.17673001678e-17, 1.00860026332e-17, 5.34277529291e-18, 3.20888112989e-18, 1.32970183027e-18, 2.79649525029e-19, 3.78328178375e-20], "max": [1.90085232258, 18.3715648651, 63.671913147, 85.1040115356, 61.430557251, 135.105926514, 1059.36682129, 788.377807617, 1359.4107666, 2403.66845703, 1412.93334961, 1510.38427734, 1622.10473633, 1571.63415527, 1713.75732422, 1070.06933594, 1544.11315918, 3416.26904297, 1287.67333984, 573.196044922, 1383.22216797, 3341.27783203, 2860.17504883, 1876.33691406, 684.497009277, 521.275268555, 564.291748047, 397.48449707, 273.253417969, 588.155334473, 146.69102478, 237.434860229, 57.8777313232, 23.3496627808, 9.72921180725, 4.68698740005, 1.80595934391, 0.240707248449, 0.0338956713676, 0.00175357842818], "dvar2": [0.173799574375, 8.85988330841, 28.0466690063, 48.823764801, 12.154882431, 277.080841064, 23451.0957031, 6699.25878906, 3435.29614258, 4555.5703125, 2695.44458008, 3825.10888672, 4333.11181641, 4611.47753906, 3908.30786133, 2293.33154297, 4162.10449219, 7025.09082031, 4526.45068359, 1254.50744629, 1588.95007324, 4399.99902344, 3973.1418457, 2888.07836914, 1039.6932373, 417.461151123, 384.074493408, 243.929504395, 182.125106812, 346.049346924, 112.124214172, 45.0033798218, 5.92468547821, 1.64226484299, 0.329342931509, 0.0671877190471, 0.00802927371114, 0.000237516796915, 5.02400644109e-06, 3.90751466739e-08], "median": [0.00343590672128, 0.0260559786111, 0.167251810431, 0.365881353617, 0.390527039766, 1.18533873558, 1.78526353836, 2.35366487503, 1.76580512524, 1.90368926525, 1.62994682789, 1.46959340572, 1.37889695168, 1.18361485004, 1.33665704727, 1.58056056499, 1.98216724396, 2.29827880859, 2.25178360939, 1.51998877525, 1.46420431137, 2.46636676788, 1.82658290863, 1.35548579693, 1.20214831829, 1.21212744713, 1.25553297997, 0.710642695427, 0.480977088213, 0.313133835793, 0.140956625342, 0.0357271842659, 0.0154910236597, 0.00721450895071, 0.00299586588517, 0.000875977275427, 0.000178052316187, 2.96959769912e-05, 1.04256432678e-05, 9.72864654614e-06], "dmean2": [0.196706935763, 1.26225709915, 2.2880358696, 3.11779403687, 1.59080588818, 6.52911806107, 41.4936714172, 24.705160141, 17.4480876923, 15.549861908, 15.7565383911, 15.5161819458, 15.0721931458, 16.0374584198, 18.2388267517, 15.2229375839, 21.2827129364, 25.4195423126, 25.4898834229, 17.5305843353, 16.4578132629, 22.4874782562, 18.677728653, 17.5228004456, 12.6928958893, 8.66232681274, 7.69066286087, 4.97709798813, 4.18459415436, 3.95180726051, 3.03935027122, 1.40576243401, 0.629567444324, 0.298222333193, 0.134431555867, 0.0619897432625, 0.0185608137399, 0.00420812144876, 0.00063676352147, 7.04351259628e-05], "dmean": [0.119926191866, 0.757367014885, 1.33949351311, 1.7864086628, 1.0318530798, 4.0116648674, 24.0685176849, 14.8862524033, 10.5076541901, 9.73485374451, 9.69908046722, 9.90764045715, 9.77828407288, 10.4295558929, 11.6042823792, 9.84259223938, 13.8049554825, 16.1431427002, 16.3448524475, 11.5108633041, 10.735118866, 13.6194162369, 11.2962064743, 9.85491466522, 7.28674554825, 5.20733213425, 4.7996134758, 3.19765758514, 2.75994372368, 2.51745939255, 1.92937266827, 0.882021784782, 0.390041351318, 0.181161642075, 0.0841149687767, 0.0383014455438, 0.0116129331291, 0.00277241761796, 0.00044945962145, 5.21123292856e-05], "var": [0.0805221945047, 3.4489467144, 9.53482532501, 16.4973182678, 18.4269752502, 188.505401611, 8715.15527344, 2202.24365234, 1258.85266113, 2032.09973145, 1622.69152832, 2823.42211914, 2971.03735352, 2435.50073242, 2756.8425293, 2079.54199219, 2478.87597656, 3568.71069336, 2585.42895508, 859.938537598, 1018.06756592, 2207.41601562, 1360.984375, 826.164794922, 379.029144287, 248.00920105, 219.736572266, 132.73765564, 101.950950623, 117.003761292, 53.2856674194, 14.2046756744, 2.44115209579, 0.546125411987, 0.1420571208, 0.0268598590046, 0.00300239748321, 0.000133900059154, 3.31988439939e-06, 3.87313257022e-08], "dvar": [0.0728506147861, 3.59423017502, 10.7839365005, 17.6303329468, 5.72202205658, 124.782791138, 8855.1015625, 2536.03662109, 1323.27111816, 1916.66931152, 1184.20458984, 1710.13171387, 1993.32446289, 1874.6862793, 1704.83251953, 1041.2286377, 1771.11682129, 3045.93408203, 2043.20397949, 575.548156738, 737.798461914, 1951.82824707, 1536.83569336, 1077.14294434, 390.024658203, 176.831741333, 162.395065308, 102.578804016, 76.576751709, 129.51675415, 45.7059211731, 16.69490242, 2.33909630775, 0.636136889458, 0.134648561478, 0.0273659341037, 0.00320800021291, 0.000113353416964, 2.51943470175e-06, 2.37707471484e-08], "mean": [0.114046707749, 0.706721067429, 1.27374625206, 1.937322855, 1.75689935684, 5.56349182129, 25.821182251, 15.3876209259, 11.1143016815, 11.1260671616, 12.394449234, 12.7084951401, 12.5054979324, 12.7671384811, 14.7192249298, 13.9699487686, 16.8195991516, 16.8411712646, 17.6860771179, 12.8912439346, 11.8134059906, 15.244058609, 11.6850709915, 8.67429542542, 7.32374858856, 6.13858127594, 6.07824611664, 4.13426542282, 3.44949483871, 2.85127258301, 2.19109725952, 0.965074658394, 0.417282223701, 0.176789596677, 0.0878505334258, 0.0355975888669, 0.0105973761529, 0.00268330052495, 0.000470342230983, 6.72672467772e-05]}, "zerocrossingrate": {"min": 0, "max": 0.48876953125, "dvar2": 0.000230331919738, "median": 0.03857421875, "dmean2": 0.0125662786886, "dmean": 0.0107106296346, "var": 0.00127636862453, "dvar": 0.000190619175555, "mean": 0.0458485968411}, "spectral_contrast_coeffs": {"min": [-0.968210041523, -0.983652889729, -0.990224659443, -0.965853631496, -0.961570680141, -0.958536982536], "max": [-0.290362656116, -0.387713462114, -0.464896351099, -0.534841060638, -0.573506355286, -0.54763263464], "dvar2": [0.005567508284, 0.00595559319481, 0.00318616861477, 0.00199758308008, 0.00109015125781, 0.00149773526937], "median": [-0.664686024189, -0.773594677448, -0.836752593517, -0.832437157631, -0.826404631138, -0.73914039135], "dmean2": [0.0930884927511, 0.0921471640468, 0.0642557218671, 0.0516931526363, 0.037265278399, 0.0388018526137], "dmean": [0.0579011999071, 0.0557340867817, 0.0395760945976, 0.0317945182323, 0.0239536836743, 0.0253985114396], "var": [0.013378883712, 0.00774415116757, 0.00512043992057, 0.00286127231084, 0.00189618114382, 0.00398822734132], "dvar": [0.00239424197935, 0.00239864038303, 0.00131883181166, 0.000839350279421, 0.000463872245746, 0.000717955583241], "mean": [-0.649679839611, -0.766770839691, -0.821919560432, -0.823908984661, -0.82232272625, -0.737830996513]}, "dissonance": {"min": 0.0307583864778, "max": 0.500000119209, "dvar2": 0.00160661956761, "median": 0.475280344486, "dmean2": 0.0340884849429, "dmean": 0.0200764741749, "var": 0.000981373246759, "dvar": 0.000605417299084, "mean": 0.467254042625}, "spectral_energyband_high": {"min": 7.83769786265e-21, "max": 0.0366668514907, "dvar2": 2.10078064811e-06, "median": 8.01964488346e-05, "dmean2": 0.000497091328725, "dmean": 0.000326005974784, "var": 1.15669558909e-06, "dvar": 8.84379744548e-07, "mean": 0.000425346690463}, "spectral_skewness": {"min": -0.340621799231, "max": 7.29298114777, "dvar2": 0.353834360838, "median": 1.33413720131, "dmean2": 0.529034972191, "dmean": 0.322888553143, "var": 0.353161245584, "dvar": 0.129755273461, "mean": 1.40631139278}, "spectral_flux": {"min": 1.0431858849e-10, "max": 0.38540583849, "dvar2": 0.0041908477433, "median": 0.0544093772769, "dmean2": 0.047448117286, "dmean": 0.030558841303, "var": 0.00369019038044, "dvar": 0.00187716155779, "mean": 0.0709331035614}, "silence_rate_30dB": {"min": 0, "max": 1, "dvar2": 0.0289717558771, "median": 1, "dmean2": 0.0204180181026, "dmean": 0.0102083049715, "var": 0.00575944129378, "dvar": 0.010105160065, "mean": 0.994206488132}, "spectral_energyband_middle_high": {"min": 1.62624354663e-21, "max": 0.173049435019, "dvar2": 4.09684034821e-05, "median": 0.000648685498163, "dmean2": 0.00319205946289, "dmean": 0.00208742520772, "var": 3.40488659276e-05, "dvar": 1.93798714463e-05, "mean": 0.00290421280079}, "barkbands_spread": {"min": 0.0377051308751, "max": 123.951454163, "dvar2": 275.217712402, "median": 14.9625415802, "dmean2": 13.8048477173, "dmean": 8.50312900543, "var": 240.976699829, "dvar": 113.588417053, "mean": 18.8791313171}, "spectral_centroid": {"min": 128.883666992, "max": 11307.2509766, "dvar2": 614207.8125, "median": 1116.09912109, "dmean2": 667.203430176, "dmean": 410.696868896, "var": 679821.1875, "dvar": 259570.75, "mean": 1329.54589844}, "pitch_salience": {"min": 0.00425296602771, "max": 0.966202318668, "dvar2": 0.032541975379, "median": 0.530529201031, "dmean2": 0.180765911937, "dmean": 0.11146761477, "var": 0.0306455716491, "dvar": 0.0131063833833, "mean": 0.522842824459}, "erbbands_skewness": {"min": -5.95154762268, "max": 5.07362222672, "dvar2": 0.808960556984, "median": 0.277212888002, "dmean2": 0.891742169857, "dmean": 0.559290707111, "var": 0.928683578968, "dvar": 0.333505749702, "mean": 0.330856502056}, "erbbands_crest": {"min": 2.42648363113, "max": 31.4921073914, "dvar2": 24.1334133148, "median": 8.13642883301, "dmean2": 5.34103775024, "dmean": 3.19677186012, "var": 21.2007846832, "dvar": 9.17176532745, "mean": 9.34207725525}, "melbands": {"min": [2.55091998491e-24, 5.95480174004e-24, 1.40017130878e-23, 1.04172301087e-23, 1.00737900473e-23, 1.9117851556e-23, 1.81120002593e-23, 2.83117477273e-23, 1.0638072508e-23, 1.33005545826e-23, 4.25901427336e-24, 1.02131336487e-23, 9.19983156076e-24, 1.06031283365e-23, 1.96103658181e-23, 1.25108440742e-23, 8.13852886445e-24, 8.09976897274e-24, 1.03067501389e-23, 9.81187639383e-24, 8.10277137734e-24, 1.22609644938e-23, 6.59368914312e-24, 1.65494719099e-23, 9.40538425798e-24, 8.03411286846e-24, 1.57037152007e-23, 1.2380204764e-23, 5.93660114123e-24, 1.26747796255e-23, 1.00141805618e-23, 7.13346248436e-24, 1.2309573314e-23, 1.77105757659e-23, 1.02901335728e-23, 1.18322154364e-23, 9.43326181351e-24, 6.97911948167e-24, 1.41058979476e-23, 8.40599452095e-24], "max": [0.0202487967908, 0.0290246661752, 0.0141315497458, 0.00450844364241, 0.0303680635989, 0.0157674066722, 0.0182279553264, 0.0310922712088, 0.00934188254178, 0.00933900475502, 0.00799263454974, 0.00666469521821, 0.00597795844078, 0.00306131853722, 0.00497522298247, 0.00260381260887, 0.00636156043038, 0.00201722816564, 0.000941117468756, 0.000861404812895, 0.00175225920975, 0.00264443596825, 0.00509054213762, 0.00143348262645, 0.00158272718545, 0.000582743436098, 0.000492473714985, 0.000368799373973, 0.000366942374967, 0.000327065907186, 0.000260766973952, 0.000193834683159, 0.000211999577004, 0.00036854686914, 0.00010447888053, 0.000142617893289, 0.000130535787321, 4.70463528472e-05, 1.3513943486e-05, 2.66947845375e-05], "dvar2": [1.28769588628e-05, 7.94778406998e-06, 1.07880111955e-06, 8.87561384388e-08, 1.86646848306e-05, 4.53766824648e-06, 6.75015257912e-07, 5.70894314933e-07, 1.70613930095e-07, 1.43385477713e-07, 1.18570390839e-07, 8.13014011669e-08, 6.06402963399e-08, 2.27530971841e-08, 1.92429574497e-08, 2.08334860474e-08, 2.68392259528e-08, 1.19475096483e-08, 4.89222129474e-09, 2.1481578738e-09, 2.75092859603e-09, 3.49110651499e-09, 1.14818821118e-08, 1.53903023659e-09, 2.08757167108e-09, 8.55635062802e-10, 3.45639961097e-10, 1.84310400275e-10, 1.92640112195e-10, 1.27918606263e-10, 8.61456392331e-11, 6.76695990909e-11, 7.72498176538e-11, 1.29989463638e-10, 3.77600832546e-11, 2.28628869309e-11, 1.59049839271e-11, 3.64557602855e-12, 1.08135809335e-12, 1.58319407931e-12], "median": [4.81257266074e-05, 7.39525639801e-05, 6.84747283231e-05, 4.87795914523e-05, 6.87137799105e-05, 5.31857876922e-05, 2.67270115728e-05, 2.00599461095e-05, 1.22519959405e-05, 8.70592793945e-06, 6.50223410048e-06, 4.38868073616e-06, 3.90081777368e-06, 3.88925445804e-06, 3.90145441997e-06, 3.92820766137e-06, 3.88026410292e-06, 3.5477999063e-06, 2.27758778237e-06, 1.56546548169e-06, 1.58279317475e-06, 2.46255444836e-06, 2.11293013308e-06, 1.1657914456e-06, 9.55454083851e-07, 8.61154774157e-07, 7.57197483381e-07, 7.24117398931e-07, 7.8807988757e-07, 4.61413549147e-07, 3.4628544654e-07, 2.56027107071e-07, 1.78444182097e-07, 1.38240338288e-07, 8.03405768579e-08, 3.21542650283e-08, 1.54021879695e-08, 1.03193000811e-08, 7.55186313484e-09, 5.34540189889e-09], "dmean2": [0.00161077233497, 0.00128445844166, 0.000476892309962, 0.000174598433659, 0.00119877944235, 0.000624574138783, 0.000253631122177, 0.000166535086464, 0.00012760530808, 9.60258767009e-05, 7.70326296333e-05, 6.63116879878e-05, 6.40061625745e-05, 4.52284875792e-05, 4.87521174364e-05, 4.93969673698e-05, 4.86271019327e-05, 4.19590287493e-05, 3.02917960653e-05, 2.05961932807e-05, 2.01145448955e-05, 2.31568683375e-05, 2.49896547757e-05, 1.36509097501e-05, 1.49037032315e-05, 1.10667124318e-05, 7.16003523848e-06, 5.70173506276e-06, 5.60196485822e-06, 3.5319426388e-06, 3.02120520246e-06, 2.68586654784e-06, 2.04968614526e-06, 2.21147001866e-06, 1.82358360235e-06, 1.17362128549e-06, 8.45320869303e-07, 4.67608487043e-07, 2.87523732823e-07, 2.50922767009e-07], "dmean": [0.000995246227831, 0.000772394414525, 0.000277562008705, 0.000111011599074, 0.000704417412635, 0.00036827250733, 0.000153141663759, 0.000104107813968, 7.924863894e-05, 6.13629672443e-05, 4.95320055052e-05, 4.26089354733e-05, 4.07267143601e-05, 2.88556439045e-05, 2.99903640553e-05, 3.20304607158e-05, 3.01772124658e-05, 2.68764633802e-05, 2.00949725695e-05, 1.29180880322e-05, 1.30977332446e-05, 1.42353392221e-05, 1.50851428771e-05, 8.06611933513e-06, 8.31486704556e-06, 6.21776280241e-06, 4.24917834607e-06, 3.39361872648e-06, 3.43948568116e-06, 2.21863979277e-06, 1.91203639588e-06, 1.73274861481e-06, 1.34109654937e-06, 1.38858001719e-06, 1.15250691124e-06, 7.66420782838e-07, 5.10394329467e-07, 2.91207868486e-07, 1.74204146219e-07, 1.50871784399e-07], "var": [6.13648444414e-06, 3.27915449816e-06, 4.60417879822e-07, 8.74155290376e-08, 7.7291897469e-06, 1.36455446409e-06, 2.63311306981e-07, 2.63811330115e-07, 1.157163112e-07, 1.04715056182e-07, 7.6082052658e-08, 4.28901216765e-08, 3.36111511956e-08, 1.92274978161e-08, 1.40042448749e-08, 1.31209256793e-08, 1.27463684052e-08, 7.13399828101e-09, 3.27402793765e-09, 1.08594544468e-09, 1.66982638827e-09, 2.10774664389e-09, 3.35541838759e-09, 5.1541709789e-10, 5.9595284263e-10, 2.56432097778e-10, 1.8269154245e-10, 1.01515108819e-10, 1.04892677877e-10, 6.66625227241e-11, 4.52530062034e-11, 3.79654294114e-11, 3.02662547802e-11, 4.03640072755e-11, 1.90203946343e-11, 9.54144142168e-12, 4.56488883152e-12, 1.71707613406e-12, 3.90427815945e-13, 4.59954936551e-13], "dvar": [5.52975143364e-06, 3.26852386934e-06, 3.97338510538e-07, 4.10063272227e-08, 7.26246798877e-06, 1.67310940924e-06, 2.63647933707e-07, 2.47469785108e-07, 7.53815072585e-08, 6.3972265707e-08, 5.34311972444e-08, 3.34553220682e-08, 2.47207676551e-08, 1.00825170435e-08, 8.28216428772e-09, 9.61074686501e-09, 1.13272768942e-08, 5.42726308339e-09, 2.34828445578e-09, 8.80742978548e-10, 1.27051769105e-09, 1.65191882395e-09, 4.2845988979e-09, 5.86166615246e-10, 7.80007503032e-10, 3.1089522623e-10, 1.39777592278e-10, 7.67941196744e-11, 8.02276509115e-11, 5.37804072109e-11, 3.56769995491e-11, 2.85245473075e-11, 2.97096791613e-11, 4.7888467497e-11, 1.5512299778e-11, 9.03705669325e-12, 5.81300459157e-12, 1.43579896236e-12, 4.28536519421e-13, 5.91770501959e-13], "mean": [0.00100376235787, 0.000776641420089, 0.000337303470587, 0.000174457090907, 0.000799221917987, 0.000372783368221, 0.00016543167294, 0.000119898279081, 0.000101859186543, 7.80595801189e-05, 6.1379672843e-05, 5.07519871462e-05, 4.87160941702e-05, 3.80634810426e-05, 3.64654624718e-05, 3.69962981495e-05, 3.0416304071e-05, 2.87313778244e-05, 2.2076354071e-05, 1.3505532479e-05, 1.40628590088e-05, 1.56673686433e-05, 1.51023568833e-05, 7.76421893534e-06, 6.943354947e-06, 5.67514143768e-06, 4.67401241622e-06, 3.9093720261e-06, 4.16286320615e-06, 2.79359505839e-06, 2.34244453168e-06, 2.07919470085e-06, 1.60718866482e-06, 1.50746393501e-06, 1.31394767777e-06, 8.70058840974e-07, 5.06268577283e-07, 3.21053221342e-07, 1.67432361309e-07, 1.4287415695e-07]}, "spectral_entropy": {"min": 4.73700332642, "max": 9.79318904877, "dvar2": 0.142508387566, "median": 7.56697463989, "dmean2": 0.357552528381, "dmean": 0.22493237257, "var": 0.181575119495, "dvar": 0.058237221092, "mean": 7.52007865906}, "spectral_rolloff": {"min": 21.533203125, "max": 18927.6855469, "dvar2": 2112002, "median": 689.0625, "dmean2": 1030.58251953, "dmean": 597.431640625, "var": 1881485, "dvar": 928390.25, "mean": 1207.03417969}, "barkbands": {"min": [4.61437629103e-25, 1.22650342273e-23, 1.21591525277e-23, 3.73873147628e-23, 4.23742441256e-23, 9.28636833989e-23, 1.21445401416e-22, 6.75811899466e-23, 8.46731930555e-23, 6.33014112765e-23, 6.22130609064e-23, 1.00331495112e-22, 1.66217927844e-22, 7.50402295261e-23, 1.35551130547e-22, 1.23405209584e-22, 1.79537408777e-22, 2.8585486879e-22, 2.17986981547e-22, 4.10459399385e-22, 4.34127902358e-22, 4.72410754109e-22, 8.13741300493e-22, 7.70603205508e-22, 1.36715315063e-21, 1.60081571975e-21, 2.31380552297e-21], "max": [0.00941148400307, 0.077967017889, 0.0644022375345, 0.0394678488374, 0.0509910956025, 0.102796591818, 0.0763333961368, 0.139202028513, 0.0570400282741, 0.0537057071924, 0.0590094178915, 0.0306457486004, 0.0298640560359, 0.05882557109, 0.0198138654232, 0.0233905483037, 0.0694307237864, 0.0387654975057, 0.0200676508248, 0.013746317476, 0.0101680057123, 0.00871005095541, 0.0096656549722, 0.00774231459945, 0.00158096617088, 0.000855199701618, 0.000194424908841], "dvar2": [3.96973746319e-07, 0.000160750365467, 2.81067787e-05, 3.26417102769e-06, 4.59004841105e-05, 0.000257403182331, 1.26962167997e-05, 1.01939285742e-05, 5.88342390984e-06, 5.53580593987e-06, 4.05142645832e-06, 1.50202470195e-06, 2.16565126721e-06, 2.23853930947e-06, 1.06517904896e-06, 5.72553517486e-07, 1.76127718987e-06, 9.80290906227e-07, 6.96467509442e-07, 2.10023557656e-07, 1.82812300409e-07, 1.5970542222e-07, 1.67448916955e-07, 5.02045871542e-08, 8.65189164756e-09, 2.56302712387e-09, 2.11877071443e-10], "median": [0.000271524739219, 0.000103198341094, 0.000158779264893, 8.77831043908e-05, 0.000359476456651, 0.000279704952845, 0.000107884974568, 7.51362676965e-05, 6.28241250524e-05, 3.63720828318e-05, 2.50116936513e-05, 3.45060434483e-05, 3.89600754716e-05, 4.26454862463e-05, 3.37927485816e-05, 2.08726669371e-05, 4.17843330069e-05, 2.9966369766e-05, 2.37091026065e-05, 2.51150431723e-05, 2.30626683333e-05, 1.35639420478e-05, 5.66941889701e-06, 1.12064481073e-06, 5.11164159889e-07, 1.22018064985e-07, 2.40439579358e-08], "dmean2": [0.000407145096688, 0.0055362530984, 0.00224964460358, 0.000806025695056, 0.00235036946833, 0.00443858793005, 0.0011083065765, 0.000746147416066, 0.000663476297632, 0.000521684531122, 0.00047410800471, 0.000375153817004, 0.00051021843683, 0.000496916531119, 0.000421929551521, 0.000308404269163, 0.000423275487265, 0.000320436112816, 0.000310451054247, 0.000194401378394, 0.000148311126395, 0.000115630813525, 0.000106131999928, 4.84214688186e-05, 2.17112974497e-05, 1.16085548143e-05, 4.25272492066e-06], "dmean": [0.000292024429655, 0.00340224290267, 0.00129062181804, 0.00047051513684, 0.00147153460421, 0.00253196316771, 0.000674392271321, 0.00045698788017, 0.000424005527748, 0.000331908551743, 0.000298734405078, 0.000239453613176, 0.000322437146679, 0.000312659336487, 0.000275637576124, 0.000192552164663, 0.000258046551608, 0.000190235310583, 0.000174449873157, 0.000117767696793, 9.44067942328e-05, 7.55948785809e-05, 6.84575861669e-05, 2.9956598155e-05, 1.34212668854e-05, 7.26211328583e-06, 3.14167755278e-06], "var": [4.91516345846e-07, 7.39257739042e-05, 8.81895539351e-06, 1.87873388313e-06, 3.21743245877e-05, 7.04692065483e-05, 5.71636155655e-06, 5.15862529937e-06, 5.14102657689e-06, 3.15609509016e-06, 1.77526806056e-06, 1.43969919009e-06, 1.34776882987e-06, 1.23556526432e-06, 6.42666748263e-07, 2.78009650856e-07, 9.14708664368e-07, 3.07839968627e-07, 2.04252032177e-07, 1.29719367692e-07, 9.97253764012e-08, 8.01851456345e-08, 7.43307637663e-08, 1.5803982123e-08, 3.194510656e-09, 1.06458175608e-09, 1.67618738334e-10], "dvar": [2.25377561947e-07, 6.88387081027e-05, 1.04421515061e-05, 1.19111052754e-06, 2.20129495574e-05, 9.16301796678e-05, 5.14490511705e-06, 4.58721933683e-06, 2.71787189376e-06, 2.38511438511e-06, 1.55423356318e-06, 6.87598685545e-07, 9.72880684458e-07, 9.75242755885e-07, 4.96391578508e-07, 2.37739953945e-07, 7.97333200353e-07, 3.68565508779e-07, 2.5627051059e-07, 9.02780357137e-08, 7.64638414807e-08, 6.49846469969e-08, 6.66538610972e-08, 1.86525621615e-08, 3.42821970811e-09, 1.05360764557e-09, 1.15219195296e-10], "mean": [0.000501697068103, 0.00339545099996, 0.00120297539979, 0.000580713094678, 0.00200023897924, 0.0024811073672, 0.000735643494409, 0.000542664376553, 0.000558344472665, 0.000399640848627, 0.000341075676261, 0.000326814391883, 0.000378899421776, 0.000328756519593, 0.00029953714693, 0.000196099310415, 0.000288269162411, 0.000184976292076, 0.000156630805577, 0.000138639923534, 0.000122384561109, 9.40519166761e-05, 7.88332181401e-05, 3.18435086228e-05, 1.35304862852e-05, 6.7418936851e-06, 3.43263059221e-06]}, "melbands_flatness_db": {"min": 0.00627950811759, "max": 0.594377815723, "dvar2": 0.00756708811969, "median": 0.219815000892, "dmean2": 0.0787731185555, "dmean": 0.0497732684016, "var": 0.00938376504928, "dvar": 0.00322262453847, "mean": 0.234953910112}, "melbands_skewness": {"min": -4.04163503647, "max": 54.3577346802, "dvar2": 10.6781053543, "median": 2.94046711922, "dmean2": 2.38513374329, "dmean": 1.53535401821, "var": 13.6120510101, "dvar": 4.94265127182, "mean": 3.57559967041}, "barkbands_skewness": {"min": -6.15957593918, "max": 82.9612808228, "dvar2": 18.7978668213, "median": 1.77188301086, "dmean2": 2.23305082321, "dmean": 1.45066964626, "var": 26.1510047913, "dvar": 9.49731254578, "mean": 2.70606851578}, "silence_rate_60dB": {"min": 0, "max": 1, "dvar2": 0.187144309282, "median": 0, "dmean2": 0.210250392556, "dmean": 0.105117946863, "var": 0.217079609632, "dvar": 0.0940797254443, "mean": 0.318504720926}, "spectral_energyband_low": {"min": 4.87594199765e-23, "max": 0.122502192855, "dvar2": 0.000205919874134, "median": 0.000619783531874, "dmean2": 0.00678107794374, "dmean": 0.00431567523628, "var": 0.000119630560221, "dvar": 9.39051897149e-05, "mean": 0.00515523878857}, "spectral_energyband_middle_low": {"min": 4.48635622385e-22, "max": 0.172470197082, "dvar2": 0.000575520622078, "median": 0.00213355082087, "dmean2": 0.00806308723986, "dmean": 0.00494792126119, "var": 0.00025077391183, "dvar": 0.000223310475121, "mean": 0.0070253489539}, "melbands_kurtosis": {"min": -1.89830970764, "max": 3737.83813477, "dvar2": 23165.6113281, "median": 11.7569818497, "dmean2": 42.7980499268, "dmean": 26.8416309357, "var": 17712.2558594, "dvar": 10233.9257812, "mean": 36.8437919617}, "spectral_decrease": {"min": -5.23144727538e-08, "max": -5.00202525156e-29, "dvar2": 4.93109229969e-17, "median": -1.65267610708e-09, "dmean2": 3.67126307133e-09, "dmean": 2.43490294594e-09, "var": 3.17442107509e-17, "dvar": 2.15669825038e-17, "mean": -3.82581211156e-09}, "erbbands_kurtosis": {"min": -1.86034834385, "max": 53.678276062, "dvar2": 14.5199298859, "median": -0.205335140228, "dmean2": 2.34011125565, "dmean": 1.43567085266, "var": 9.33535289764, "dvar": 5.83154201508, "mean": 0.753063559532}, "melbands_crest": {"min": 2.51052999496, "max": 39.9609222412, "dvar2": 52.6139068604, "median": 16.3041324615, "dmean2": 8.3752155304, "dmean": 5.15956878662, "var": 57.1480140686, "dvar": 20.7779979706, "mean": 16.9866161346}, "gfcc": {"cov": [[22603.2226562, 169.242202759, -2249.06323242, 9.23881530762, -2024.45397949, -651.799377441, -864.335205078, -551.569030762, -192.774307251, -195.745803833, -172.562545776, 4.75040531158, 75.200378418], [169.242202759, 2754.27319336, 450.691589355, 420.123016357, 603.120361328, -179.909713745, 418.794464111, -71.4143447876, 39.4871444702, -138.128356934, 60.0422821045, -263.247436523, -64.3098297119], [-2249.06323242, 450.691589355, 1226.37243652, 229.57572937, 216.332687378, 138.132095337, -26.4620895386, 80.615196228, -36.3158187866, -2.76347446442, 20.039276123, -34.9010276794, -0.503183305264], [9.23881530762, 420.123016357, 229.57572937, 751.619873047, 205.050476074, 67.154586792, 65.0984649658, -15.1057386398, 10.2259273529, 3.36286950111, 14.7972335815, -108.266143799, -34.9795684814], [-2024.45397949, 603.120361328, 216.332687378, 205.050476074, 1075.67529297, 169.020629883, 322.762878418, 139.303771973, 79.9314422607, 31.6493663788, 21.1230449677, -108.171943665, -83.7884597778], [-651.799377441, -179.909713745, 138.132095337, 67.154586792, 169.020629883, 267.267059326, 75.0933380127, 96.1742477417, 10.7562055588, 9.23525047302, 0.20777310431, 0.560539782047, -17.75299263], [-864.335205078, 418.794464111, -26.4620895386, 65.0984649658, 322.762878418, 75.0933380127, 389.401855469, 112.255111694, 55.268196106, -20.9638023376, 13.2913179398, -46.6212120056, -40.1671600342], [-551.569030762, -71.4143447876, 80.615196228, -15.1057386398, 139.303771973, 96.1742477417, 112.255111694, 220.711288452, 24.5180072784, -0.107962027192, -17.0402183533, -12.1226825714, -11.0461473465], [-192.774307251, 39.4871444702, -36.3158187866, 10.2259273529, 79.9314422607, 10.7562055588, 55.268196106, 24.5180072784, 142.651885986, 47.64686203, 16.8846702576, -15.6321763992, 5.93487453461], [-195.745803833, -138.128356934, -2.76347446442, 3.36286950111, 31.6493663788, 9.23525047302, -20.9638023376, -0.107962027192, 47.64686203, 120.719116211, 37.9221191406, 10.1439476013, -2.02940750122], [-172.562545776, 60.0422821045, 20.039276123, 14.7972335815, 21.1230449677, 0.20777310431, 13.2913179398, -17.0402183533, 16.8846702576, 37.9221191406, 111.108703613, 36.7925491333, 9.54609775543], [4.75040531158, -263.247436523, -34.9010276794, -108.266143799, -108.171943665, 0.560539782047, -46.6212120056, -12.1226825714, -15.6321763992, 10.1439476013, 36.7925491333, 132.35496521, 54.0344047546], [75.200378418, -64.3098297119, -0.503183305264, -34.9795684814, -83.7884597778, -17.75299263, -40.1671600342, -11.0461473465, 5.93487453461, -2.02940750122, 9.54609775543, 54.0344047546, 96.2417144775]], "icov": [[8.22342262836e-05, -0.000111129316792, 0.000194945198018, -6.29186979495e-05, 0.000131535722176, -7.98015971668e-05, 0.000240183930146, -7.11834436515e-05, 2.33731861954e-05, -1.29146264953e-05, 0.000123695848742, -9.84821672319e-05, 7.28147861082e-05], [-0.000111129316792, 0.00110196671449, -0.000656565709505, -2.23991501116e-05, -0.000461642019218, 0.00111085432582, -0.00126176036429, 0.000749835046008, -0.000108099258796, 0.00114271847997, -0.0011901257094, 0.00174522353336, -0.00065696996171], [0.000194945198018, -0.000656565709505, 0.00161737401504, -0.000337111618137, 0.000235564104514, -0.000955930852797, 0.00137314922176, -0.000823509471957, 0.000446726975497, -0.000367137545254, 0.000325754517689, -0.000594999699388, 6.86654675519e-05], [-6.29186979495e-05, -2.23991501116e-05, -0.000337111618137, 0.00177285785321, -0.000178925358341, -0.000481061579194, -0.00021260009089, 0.000515672552865, 0.000131999622681, -0.000148337261635, -0.000549399468582, 0.00148520176299, -0.000387899548514], [0.000131535722176, -0.000461642019218, 0.000235564104514, -0.000178925358341, 0.00179426628165, -0.000875465048011, -0.000315589160891, -0.000432060216554, -0.000175206063432, -0.000775451248046, 0.000306092522806, -3.02046264551e-05, 0.000725300051272], [-7.98015971668e-05, 0.00111085432582, -0.000955930852797, -0.000481061579194, -0.000875465048011, 0.00619926815853, -0.00140387611464, -0.000976715353318, -8.28053525765e-05, 0.000882443622686, -0.00071015272988, 0.000255269231275, 0.000258960586507], [0.000240183930146, -0.00126176036429, 0.00137314922176, -0.00021260009089, -0.000315589160891, -0.00140387611464, 0.00598665326834, -0.00243984349072, -0.00107277929783, 0.000760611903388, 8.56271726661e-05, -0.0015231044963, 0.00151277496479], [-7.11834436515e-05, 0.000749835046008, -0.000823509471957, 0.000515672552865, -0.000432060216554, -0.000976715353318, -0.00243984349072, 0.0070096119307, -0.000545106478967, 0.000383773265639, 0.000648445799015, 0.00114139844663, -0.000693734444212], [2.33731861954e-05, -0.000108099258796, 0.000446726975497, 0.000131999622681, -0.000175206063432, -8.28053525765e-05, -0.00107277929783, -0.000545106478967, 0.00951387640089, -0.00403938861564, -0.000443940109108, 0.0020050893072, -0.00247186678462], [-1.29146264953e-05, 0.00114271847997, -0.000367137545254, -0.000148337261635, -0.000775451248046, 0.000882443622686, 0.000760611903388, 0.000383773265639, -0.00403938861564, 0.0128089338541, -0.0046693822369, 0.00120317761321, 0.000873819575645], [0.000123695848742, -0.0011901257094, 0.000325754517689, -0.000549399468582, 0.000306092522806, -0.00071015272988, 8.56271726661e-05, 0.000648445799015, -0.000443940109108, -0.0046693822369, 0.0135470833629, -0.00639669178054, 0.001332349726], [-9.84821672319e-05, 0.00174522353336, -0.000594999699388, 0.00148520176299, -3.02046264551e-05, 0.000255269231275, -0.0015231044963, 0.00114139844663, 0.0020050893072, 0.00120317761321, -0.00639669178054, 0.0166131332517, -0.00749521190301], [7.28147861082e-05, -0.00065696996171, 6.86654675519e-05, -0.000387899548514, 0.000725300051272, 0.000258960586507, 0.00151277496479, -0.000693734444212, -0.00247186678462, 0.000873819575645, 0.001332349726, -0.00749521190301, 0.0152318011969]], "mean": [-123.672271729, 101.09828186, -130.391220093, 37.1791992188, -52.8142662048, 2.009963274, -28.2355422974, -4.23017549515, -14.6107692719, 1.61948025227, -7.09583091736, 0.035208709538, -5.60060977936]}, "melbands_spread": {"min": 0.110768608749, "max": 284.337249756, "dvar2": 758.43572998, "median": 14.4542922974, "dmean2": 19.0771350861, "dmean": 11.6541700363, "var": 618.961608887, "dvar": 323.52645874, "mean": 21.9090194702}, "spectral_energy": {"min": 1.08823679439e-20, "max": 0.209648042917, "dvar2": 0.000763560470659, "median": 0.00671060802415, "dmean2": 0.0143944146112, "dmean": 0.00964434724301, "var": 0.000512414961122, "dvar": 0.000338773126714, "mean": 0.0153890177608}, "mfcc": {"cov": [[18155.3535156, 1114.05004883, -1522.81896973, -65.745513916, -1275.5065918, -344.199920654, -1118.50024414, -496.902893066, -611.816955566, -393.981018066, -464.961334229, -155.237411499, -231.89704895], [1114.05004883, 2419.62011719, -42.5680809021, 480.423950195, 150.093017578, 42.8126335144, 211.41053772, 25.0443210602, 23.5955028534, -6.69424057007, 52.2651405334, -37.7716674805, -38.2903060913], [-1522.81896973, -42.5680809021, 1156.29345703, 97.4514389038, 80.9153213501, -7.53958082199, -10.155875206, -8.14572238922, -58.1287841797, -11.9288034439, -71.4554977417, -6.08470487595, -11.4838628769], [-65.745513916, 480.423950195, 97.4514389038, 672.732727051, 203.867965698, 165.768280029, 132.430847168, 15.8746423721, 22.0112056732, 58.7032318115, 77.8134689331, -37.2896461487, -14.1121435165], [-1275.5065918, 150.093017578, 80.9153213501, 203.867965698, 565.252990723, 158.260284424, 206.315734863, 60.031703949, 74.9034194946, 94.8316040039, 79.5261611938, 0.372622489929, -17.5536556244], [-344.199920654, 42.8126335144, -7.53958082199, 165.768280029, 158.260284424, 239.129760742, 99.7350616455, 36.7015113831, 27.134759903, 41.7315330505, 64.3255004883, 1.20528841019, 10.3382902145], [-1118.50024414, 211.41053772, -10.155875206, 132.430847168, 206.315734863, 99.7350616455, 340.917449951, 153.591339111, 107.763656616, 57.9765357971, 93.4279327393, 17.3786182404, 10.3942317963], [-496.902893066, 25.0443210602, -8.14572238922, 15.8746423721, 60.031703949, 36.7015113831, 153.591339111, 199.791854858, 105.376106262, 22.7357444763, 36.0806312561, 14.5752944946, 16.4860420227], [-611.816955566, 23.5955028534, -58.1287841797, 22.0112056732, 74.9034194946, 27.134759903, 107.763656616, 105.376106262, 181.884780884, 71.2873535156, 43.7606735229, 12.2243480682, 9.31934833527], [-393.981018066, -6.69424057007, -11.9288034439, 58.7032318115, 94.8316040039, 41.7315330505, 57.9765357971, 22.7357444763, 71.2873535156, 132.038909912, 66.1389312744, 2.54856181145, -2.72725772858], [-464.961334229, 52.2651405334, -71.4554977417, 77.8134689331, 79.5261611938, 64.3255004883, 93.4279327393, 36.0806312561, 43.7606735229, 66.1389312744, 153.190933228, 35.646774292, 10.2297916412], [-155.237411499, -37.7716674805, -6.08470487595, -37.2896461487, 0.372622489929, 1.20528841019, 17.3786182404, 14.5752944946, 12.2243480682, 2.54856181145, 35.646774292, 90.5471343994, 28.6213531494], [-231.89704895, -38.2903060913, -11.4838628769, -14.1121435165, -17.5536556244, 10.3382902145, 10.3942317963, 16.4860420227, 9.31934833527, -2.72725772858, 10.2297916412, 28.6213531494, 84.4660263062]], "icov": [[0.000116382048873, -7.37199297873e-05, 0.000179913055035, -8.42276785988e-05, 0.000156596113811, -6.53152746963e-05, 0.000315287354169, -0.00017047431902, 0.000287412462058, -8.01793503342e-05, 0.000259600783465, -0.000122542958707, 0.000307286099996], [-7.37199297873e-05, 0.000569027033634, -6.10004353803e-05, -0.000339277321473, -9.65610524872e-05, 0.000296336162137, -0.00056240678532, 0.000288607930997, -0.000235929808696, 0.000342132407241, -0.000181501905899, 0.000130832340801, -3.81522368116e-05], [0.000179913055035, -6.10004353803e-05, 0.00124253251124, -0.00036960298894, 4.78580514027e-05, 6.12352960161e-05, 0.000467990874313, -0.000508039316628, 0.000941875972785, -0.000403393030865, 0.00110727874562, -0.000517773383763, 0.000541889457963], [-8.42276785988e-05, -0.000339277321473, -0.00036960298894, 0.00240307278, -0.000330776761984, -0.00112405966502, -0.000418600160629, 0.000441130367108, -0.000131307548145, -0.000191935629118, -0.000868191127665, 0.00115742674097, -0.000278307910776], [0.000156596113811, -9.65610524872e-05, 4.78580514027e-05, -0.000330776761984, 0.00304870284162, -0.00121331866831, -0.000985834747553, 0.000351952359779, 0.000187087949598, -0.00119866989553, 0.00061634083977, -0.000370652938727, 0.00116370571777], [-6.53152746963e-05, 0.000296336162137, 6.12352960161e-05, -0.00112405966502, -0.00121331866831, 0.00632420973852, -0.000681330217049, -0.000265897368081, 0.000368570705177, 1.1287261259e-05, -0.00139986607246, 0.000514966668561, -0.00116018531844], [0.000315287354169, -0.00056240678532, 0.000467990874313, -0.000418600160629, -0.000985834747553, -0.000681330217049, 0.00752193201333, -0.00436091888696, 0.000173757653101, 5.14960738656e-05, -0.00122556451242, -0.000309648632538, 0.00064423319418], [-0.00017047431902, 0.000288607930997, -0.000508039316628, 0.000441130367108, 0.000351952359779, -0.000265897368081, -0.00436091888696, 0.010344080627, -0.00503699993715, 0.00211398350075, -0.000388258282328, 0.000281312415609, -0.00113348464947], [0.000287412462058, -0.000235929808696, 0.000941875972785, -0.000131307548145, 0.000187087949598, 0.000368570705177, 0.000173757653101, -0.00503699993715, 0.0112335402519, -0.00528385583311, 0.00154957105406, -0.000950555491727, 0.000468142068712], [-8.01793503342e-05, 0.000342132407241, -0.000403393030865, -0.000191935629118, -0.00119866989553, 1.1287261259e-05, 5.14960738656e-05, 0.00211398350075, -0.00528385583311, 0.0131856994703, -0.00497639784589, 0.00179789948743, 0.000180827017175], [0.000259600783465, -0.000181501905899, 0.00110727874562, -0.000868191127665, 0.00061634083977, -0.00139986607246, -0.00122556451242, -0.000388258282328, 0.00154957105406, -0.00497639784589, 0.0121944453567, -0.00477711996064, 0.00097215041751], [-0.000122542958707, 0.000130832340801, -0.000517773383763, 0.00115742674097, -0.000370652938727, 0.000514966668561, -0.000309648632538, 0.000281312415609, -0.000950555491727, 0.00179789948743, -0.00477711996064, 0.0147402631119, -0.00456425873563], [0.000307286099996, -3.81522368116e-05, 0.000541889457963, -0.000278307910776, 0.00116370571777, -0.00116018531844, 0.00064423319418, -0.00113348464947, 0.000468142068712, 0.000180827017175, 0.00097215041751, -0.00456425873563, 0.0146014457569]], "mean": [-751.591064453, 121.134094238, -11.4732398987, 32.3075637817, -2.45920300484, 10.9334220886, -3.95457553864, 0.408247083426, -3.34882926941, 0.568730294704, 0.794167459011, 4.2013669014, 0.595517158508]}, "spectral_contrast_valleys": {"min": [-27.4370651245, -27.1606292725, -27.0452346802, -27.108833313, -27.325466156, -27.2676200867], "max": [-5.36962366104, -4.39214897156, -4.68953514099, -5.05132293701, -4.69404029846, -7.55136537552], "dvar2": [0.645524561405, 1.05332708359, 1.07317686081, 1.11620473862, 1.48368644714, 1.0218681097], "median": [-8.42992305756, -7.32751893997, -8.00705432892, -8.17197418213, -8.11652565002, -11.5988712311], "dmean2": [0.895877122879, 0.919239938259, 0.897991597652, 0.825042545795, 0.831893026829, 0.708747446537], "dmean": [0.601053476334, 0.590223491192, 0.592543423176, 0.584500789642, 0.579088628292, 0.51919901371], "var": [3.02131390572, 2.7218439579, 2.37591671944, 2.40975213051, 2.45792078972, 2.51562952995], "dvar": [0.37446564436, 0.523611068726, 0.536528110504, 0.563355863094, 0.677847027779, 0.522366225719], "mean": [-8.68058300018, -7.62272453308, -8.19405651093, -8.37894916534, -8.31474208832, -11.6513624191]}, "barkbands_flatness_db": {"min": 0.0245307404548, "max": 0.579187810421, "dvar2": 0.00565574131906, "median": 0.161484956741, "dmean2": 0.0651381537318, "dmean": 0.0411483049393, "var": 0.00646457495168, "dvar": 0.00238222954795, "mean": 0.177609756589}, "dynamic_complexity": 6.60224819183, "erbbands_flatness_db": {"min": 0.0280853845179, "max": 0.451340973377, "dvar2": 0.00109788507689, "median": 0.175400406122, "dmean2": 0.03274