{"lowlevel": {"spectral_complexity": {"min": 0, "max": 64, "dvar2": 45.3789901733, "median": 12, "dmean2": 5.30340147018, "dmean": 3.81896591187, "var": 181.480834961, "dvar": 29.3157272339, "mean": 16.0059680939}, "silence_rate_20dB": {"min": 1, "max": 1, "dvar2": 0, "median": 1, "dmean2": 0, "dmean": 0, "var": 0, "dvar": 0, "mean": 1}, "average_loudness": 0.931436300278, "erbbands_spread": {"min": 2.01949453354, "max": 195.131225586, "dvar2": 496.956604004, "median": 39.3908920288, "dmean2": 18.6981582642, "dmean": 12.2398319244, "var": 899.772033691, "dvar": 222.180892944, "mean": 48.2498893738}, "spectral_kurtosis": {"min": -1.27000749111, "max": 40.5462265015, "dvar2": 4.28772687912, "median": 3.32814502716, "dmean2": 1.62997913361, "dmean": 1.01122748852, "var": 5.65653848648, "dvar": 1.61548936367, "mean": 3.60071635246}, "barkbands_kurtosis": {"min": -1.97096097469, "max": 675.676879883, "dvar2": 678.601074219, "median": 0.522349476814, "dmean2": 10.278837204, "dmean": 6.76928186417, "var": 780.325439453, "dvar": 330.621612549, "mean": 9.39644813538}, "spectral_strongpeak": {"min": 0, "max": 16.1809959412, "dvar2": 2.63991737366, "median": 0.338049381971, "dmean2": 0.785745084286, "dmean": 0.455581307411, "var": 1.7046084404, "dvar": 1.0415006876, "mean": 0.76300150156}, "spectral_spread": {"min": 1445757.125, "max": 42838196, "dvar2": 1188391419900.0, "median": 5101960, "dmean2": 944793, "dmean": 644338.375, "var": 3410053300220.0, "dvar": 606272290816, "mean": 5423521.5}, "spectral_rms": {"min": 3.17135445509e-12, "max": 0.0117739476264, "dvar2": 3.44413865605e-06, "median": 0.00378443324007, "dmean2": 0.00130590191111, "dmean": 0.000878946913872, "var": 3.43798910762e-06, "dvar": 1.49658114879e-06, "mean": 0.00391960237175}, "erbbands": {"min": [2.61454050462e-22, 1.00291994006e-21, 7.08866077639e-21, 1.79259716107e-20, 3.33648890005e-20, 8.25550420511e-20, 1.17277654323e-19, 2.84066126662e-19, 3.13096392151e-19, 3.37166598344e-19, 7.67329545741e-19, 6.32779520123e-19, 7.109015591e-19, 9.51587956296e-19, 1.36192320346e-18, 1.68241526238e-18, 2.21523393458e-18, 2.36046823858e-18, 4.4471272867e-18, 6.3491761657e-18, 6.53522686985e-18, 6.76366809885e-18, 6.08590153393e-18, 9.66333732844e-18, 9.98980979979e-18, 1.32758236606e-17, 1.09446268624e-17, 1.43159917004e-17, 1.52147135098e-17, 1.28837814093e-17, 1.67015739696e-17, 1.33743185377e-17, 1.25184223502e-17, 1.01207657256e-17, 7.66335688235e-18, 5.19641271456e-18, 2.59857031675e-18, 1.04272092592e-18, 2.96098580196e-19, 2.80811500532e-20], "max": [3.53465747833, 22.2846088409, 62.6899909973, 203.785568237, 173.629867554, 107.378204346, 209.54838562, 334.201416016, 449.879730225, 623.331970215, 1113.12927246, 1051.17749023, 1108.11828613, 893.359802246, 1374.4095459, 1354.0333252, 1078.11450195, 1575.56066895, 1520.14038086, 1284.33813477, 1129.26281738, 1270.44580078, 985.476745605, 1414.99133301, 2978.48339844, 632.544006348, 414.103424072, 493.742279053, 501.642211914, 856.142333984, 476.305297852, 297.987945557, 179.164230347, 76.6288986206, 48.2465286255, 16.9370517731, 5.54739665985, 1.43219184875, 0.113022811711, 0.00537689775229], "dvar2": [0.0297747720033, 3.24894952774, 111.424690247, 1513.98193359, 693.689880371, 125.061523438, 68.456489563, 338.478393555, 234.534561157, 467.719421387, 1766.77636719, 982.832580566, 841.094848633, 763.627746582, 859.95690918, 1208.06286621, 1803.29821777, 3210.90771484, 3574.72167969, 5128.41455078, 9822.52050781, 3127.81445312, 2817.38696289, 2696.04101562, 2972.92456055, 931.406982422, 499.523010254, 451.66607666, 337.8409729, 434.518493652, 170.904586792, 92.7785644531, 36.0074119568, 9.25647640228, 2.45854902267, 0.809396088123, 0.0636627450585, 0.00258336192928, 2.26821193792e-05, 4.24245385489e-08], "median": [0.0331470146775, 0.389363735914, 1.32798397541, 1.83385109901, 1.1924943924, 1.06616342068, 1.36248338223, 1.45539402962, 1.37101817131, 1.46503043175, 2.46178197861, 2.51454114914, 2.41256570816, 2.90706706047, 2.84472751617, 3.60755395889, 5.05265140533, 6.27925395966, 7.58272314072, 6.90780258179, 6.15960121155, 5.95069503784, 7.8915014267, 9.28632164001, 7.30469560623, 5.91794776917, 4.36392879486, 2.97439479828, 2.21605396271, 2.43794345856, 1.49049973488, 2.4649477005, 0.601966321468, 0.388944089413, 0.260536700487, 0.140033721924, 0.0266922023147, 0.00326866307296, 0.000325545319356, 4.47658567282e-05], "dmean2": [0.0880739837885, 0.989906132221, 4.9884057045, 14.3223400116, 9.45341777802, 5.12078666687, 4.12797689438, 6.40700531006, 5.37533855438, 6.14000940323, 13.7688436508, 10.5412073135, 8.30147457123, 9.45090198517, 9.87680721283, 12.4159488678, 16.7548713684, 21.8418388367, 24.3810119629, 28.2858657837, 35.4224586487, 22.5293655396, 24.0969467163, 21.5164852142, 17.7913074493, 13.6687068939, 9.85682964325, 8.61009120941, 6.1314907074, 5.97943162918, 4.13242101669, 4.14343500137, 1.74868559837, 1.02478826046, 0.639647722244, 0.520038604736, 0.111484840512, 0.0161912683398, 0.00138654885814, 8.10681958683e-05], "dmean": [0.0615165494382, 0.635459542274, 2.98087787628, 7.89493465424, 5.07504749298, 2.8385052681, 2.46808552742, 3.78670692444, 3.38777565956, 3.88000154495, 8.63628482819, 6.83661842346, 5.2998509407, 6.17956542969, 6.59349060059, 8.3456993103, 11.1737775803, 14.3359355927, 16.5549373627, 18.9314002991, 22.6246299744, 14.9204769135, 16.1230564117, 14.7218952179, 11.8487043381, 9.30881500244, 6.78070783615, 5.96020078659, 4.37135791779, 4.05916023254, 2.81100153923, 2.71420788765, 1.20422565937, 0.704269826412, 0.453802675009, 0.421798288822, 0.0799556225538, 0.0114293713123, 0.000968904409092, 5.75248377572e-05], "var": [0.0303313862532, 2.11818289757, 40.7312049866, 352.281646729, 142.843933105, 32.7798347473, 45.6155929565, 135.013092041, 208.02003479, 307.442749023, 1059.81176758, 828.675720215, 531.763671875, 776.780822754, 842.314575195, 1278.4173584, 2061.78027344, 3427.57226562, 4084.8815918, 4035.05371094, 6606.84716797, 2814.21557617, 2928.88769531, 2284.75952148, 1928.9050293, 959.388183594, 501.696166992, 472.508789062, 322.536254883, 310.768371582, 112.333816528, 65.6829071045, 26.1295146942, 7.8557062149, 2.28668189049, 1.19717299938, 0.0779149308801, 0.00281777349301, 2.42039768636e-05, 4.56786182212e-08], "dvar": [0.0138229420409, 1.34229004383, 42.9614715576, 542.594238281, 241.554656982, 44.5403785706, 28.1785144806, 127.654426575, 100.68208313, 194.416168213, 716.005859375, 424.388885498, 343.81829834, 339.724243164, 403.245117188, 563.411804199, 851.825805664, 1481.10375977, 1665.27746582, 2354.64501953, 4084.12548828, 1415.60559082, 1342.85534668, 1232.4329834, 1283.18603516, 435.475067139, 237.845809937, 207.914016724, 160.878768921, 187.499221802, 73.5913009644, 40.4347114563, 15.2667865753, 4.0784945488, 1.07574462891, 0.456815481186, 0.0312543474138, 0.00126243103296, 1.10260480142e-05, 1.99765004538e-08], "mean": [0.107100874186, 0.958250045776, 3.76892113686, 7.50741910934, 4.31712007523, 2.90215754509, 3.49955701828, 4.73381137848, 5.30621671677, 6.00098323822, 12.2309103012, 11.324631691, 8.75754928589, 10.8541564941, 11.9595222473, 15.0760660172, 20.3573207855, 26.0882129669, 31.3393726349, 30.3053092957, 34.4913635254, 26.6864128113, 28.8030509949, 25.9916992188, 21.6178207397, 17.3063659668, 12.8169174194, 10.7377758026, 7.92796611786, 7.67788505554, 4.8673248291, 4.67594480515, 2.12081217766, 1.26092374325, 0.799155533314, 0.677078664303, 0.133755132556, 0.0193180497736, 0.00167705002241, 0.000110696841148]}, "zerocrossingrate": {"min": 0.001953125, "max": 0.50927734375, "dvar2": 0.000345192936948, "median": 0.076171875, "dmean2": 0.0172599870712, "dmean": 0.0160569231957, "var": 0.0025271025952, "dvar": 0.000296912563499, "mean": 0.0834157541394}, "spectral_contrast_coeffs": {"min": [-0.96917027235, -0.980572760105, -0.963617384434, -0.966533005238, -0.967480778694, -0.964883446693], "max": [-0.314625263214, -0.30698800087, -0.431078195572, -0.393170982599, -0.516035020351, -0.568451941013], "dvar2": [0.00717183528468, 0.00356512865983, 0.00236258772202, 0.00193436676636, 0.00123189098667, 0.000854382175021], "median": [-0.663381755352, -0.765976190567, -0.79519200325, -0.785501658916, -0.789371728897, -0.756731271744], "dmean2": [0.0927999764681, 0.0721906125546, 0.0581057481468, 0.0512342788279, 0.0405101031065, 0.0327368080616], "dmean": [0.0583620518446, 0.0445279702544, 0.0369422994554, 0.0327552743256, 0.026113178581, 0.021818023175], "var": [0.00972242001444, 0.006330430042, 0.00596360256895, 0.00560983363539, 0.00336798536591, 0.00200900644995], "dvar": [0.00296000693925, 0.0014837103663, 0.00104725162964, 0.00089099991601, 0.000576209858991, 0.000404143851483], "mean": [-0.65242511034, -0.755196988583, -0.783465325832, -0.774391949177, -0.77932715416, -0.75719076395]}, "dissonance": {"min": 0.0925214514136, "max": 0.500000119209, "dvar2": 0.000577461731154, "median": 0.483947902918, "dmean2": 0.0210239961743, "dmean": 0.012701112777, "var": 0.000557439518161, "dvar": 0.0002264877985, "mean": 0.476490288973}, "spectral_energyband_high": {"min": 7.23369445678e-21, "max": 0.0596529915929, "dvar2": 3.38469158123e-06, "median": 0.000580066698603, "dmean2": 0.000768089375924, "dmean": 0.000588426541071, "var": 4.20850619776e-06, "dvar": 1.66991094375e-06, "mean": 0.00131028599571}, "spectral_skewness": {"min": -0.157212495804, "max": 5.45106172562, "dvar2": 0.0821601748466, "median": 1.3744790554, "dmean2": 0.275054007769, "dmean": 0.178178235888, "var": 0.149933665991, "dvar": 0.0351803600788, "mean": 1.37448275089}, "spectral_flux": {"min": 6.70376670842e-11, "max": 0.339624047279, "dvar2": 0.00277955969796, "median": 0.059231299907, "dmean2": 0.0415428392589, "dmean": 0.0277780089527, "var": 0.00329126999713, "dvar": 0.00151412410196, "mean": 0.0765634998679}, "silence_rate_30dB": {"min": 1, "max": 1, "dvar2": 0, "median": 1, "dmean2": 0, "dmean": 0, "var": 0, "dvar": 0, "mean": 1}, "spectral_energyband_middle_high": {"min": 1.13658170456e-21, "max": 0.0590498894453, "dvar2": 2.47940988629e-05, "median": 0.00215755449608, "dmean2": 0.00255444878712, "dmean": 0.00188306765631, "var": 4.20897486038e-05, "dvar": 1.40610191011e-05, "mean": 0.00477064028382}, "barkbands_spread": {"min": 0.276219338179, "max": 126.021408081, "dvar2": 244.096710205, "median": 31.0133018494, "dmean2": 13.4075641632, "dmean": 8.99607372284, "var": 383.010681152, "dvar": 112.795173645, "mean": 32.2847862244}, "spectral_centroid": {"min": 156.767547607, "max": 11370.0253906, "dvar2": 374713.8125, "median": 1969.96411133, "dmean2": 524.5390625, "dmean": 360.050537109, "var": 830301.5625, "dvar": 191239.4375, "mean": 1879.40368652}, "pitch_salience": {"min": 0.0335994288325, "max": 0.925001502037, "dvar2": 0.0172484740615, "median": 0.486334860325, "dmean2": 0.132235914469, "dmean": 0.0836632847786, "var": 0.0242625921965, "dvar": 0.00695879384875, "mean": 0.481843620539}, "erbbands_skewness": {"min": -4.79200983047, "max": 5.42143583298, "dvar2": 0.518019735813, "median": -0.230635002255, "dmean2": 0.63791924715, "dmean": 0.426487743855, "var": 0.888242900372, "dvar": 0.237773358822, "mean": -0.188707262278}, "erbbands_crest": {"min": 2.19464230537, "max": 32.0062904358, "dvar2": 14.7363815308, "median": 7.24871349335, "dmean2": 3.90096664429, "dmean": 2.39745879173, "var": 18.7375125885, "dvar": 5.93054246902, "mean": 8.52050209045}, "melbands": {"min": [4.47319158685e-24, 2.9320094191e-24, 3.68794721444e-24, 3.88268068434e-24, 4.96246875824e-24, 6.18931667653e-24, 4.81476520336e-24, 3.7295454277e-24, 6.0555440108e-24, 3.61812671344e-24, 3.56222605755e-24, 3.52465458479e-24, 4.42305198214e-24, 4.17369107785e-24, 4.65659070326e-24, 3.58672373853e-24, 3.82326841413e-24, 6.65667337552e-24, 5.1373951141e-24, 4.65585548489e-24, 6.41641789822e-24, 6.60331245731e-24, 4.96534810055e-24, 3.78764266678e-24, 7.97957023661e-24, 6.91159377704e-24, 6.57187358922e-24, 8.83269175117e-24, 6.29064743752e-24, 7.28364503463e-24, 7.41011600382e-24, 8.40481122959e-24, 7.90326766555e-24, 4.76524564333e-24, 8.10571540624e-24, 7.21729315503e-24, 7.84191321979e-24, 9.07332824828e-24, 7.55380070682e-24, 8.17760824484e-24], "max": [0.0224171318114, 0.0252994913608, 0.0304886121303, 0.00831286609173, 0.00624476233497, 0.00663213524967, 0.00667466130108, 0.00670078489929, 0.0083799706772, 0.00611196737736, 0.0057612718083, 0.00363127770834, 0.0051199849695, 0.00679807038978, 0.00401587178931, 0.0036542781163, 0.00312522682361, 0.0026148725301, 0.00294808018953, 0.00278457812965, 0.00163239310496, 0.00173373217694, 0.000784919364378, 0.000699016265571, 0.00138057291042, 0.00197956501506, 0.00110625184607, 0.000471599109005, 0.000299503561109, 0.000327172281686, 0.000400145887397, 0.000277693325188, 0.0003541308688, 0.000529301294591, 0.000285434303805, 0.000184544478543, 0.00024623592617, 0.000158744194778, 9.13080293685e-05, 7.02408142388e-05], "dvar2": [2.78652441921e-06, 1.54004592332e-05, 3.74396986444e-05, 1.42791532198e-06, 9.25562275711e-08, 1.46777892951e-07, 4.80892907717e-08, 7.10529590719e-08, 1.16330618027e-07, 3.24556310716e-08, 2.31409327256e-08, 1.32094744032e-08, 1.07032427366e-08, 1.06260396038e-08, 1.05945279216e-08, 1.21121388474e-08, 1.34860984602e-08, 9.54784784568e-09, 1.48323682225e-08, 1.13256612977e-08, 1.73931891112e-08, 4.44038938952e-09, 2.5997048958e-09, 2.41665265577e-09, 2.31539432072e-09, 2.25073981674e-09, 8.54283366269e-10, 4.97880181527e-10, 2.70750893927e-10, 1.97577829097e-10, 1.90791313304e-10, 1.34879968305e-10, 1.18368523316e-10, 1.76081399461e-10, 7.01725622054e-11, 4.18608724073e-11, 4.14896728085e-11, 2.3512155764e-11, 1.15570279041e-11, 6.29207536768e-12], "median": [0.000397744006477, 0.000786345975939, 0.000342171551893, 8.06813113741e-05, 4.98064291605e-05, 3.310329339e-05, 1.91214894585e-05, 1.56374553626e-05, 1.9510547645e-05, 1.36582330015e-05, 9.78486605163e-06, 1.08763279059e-05, 7.87222597864e-06, 8.87936766958e-06, 8.41477594804e-06, 9.21001446841e-06, 8.9908062364e-06, 1.02100448203e-05, 8.76595913724e-06, 6.50388528811e-06, 5.6692074395e-06, 4.65249013359e-06, 5.52550682187e-06, 7.12697965355e-06, 6.68270695314e-06, 5.01963404531e-06, 4.16602460973e-06, 3.33594789481e-06, 2.48190303864e-06, 2.09059749068e-06, 1.37624863328e-06, 1.1425656794e-06, 1.35392929224e-06, 1.16807154882e-06, 5.91161096963e-07, 1.26718191495e-06, 1.4412037217e-06, 3.86069046954e-07, 2.40982586774e-07, 3.65771313682e-07], "dmean2": [0.000906357134227, 0.0020059037488, 0.00227128458209, 0.000470723374747, 0.000156064299517, 0.000137373441248, 7.70903716329e-05, 8.01593632787e-05, 0.00011432505562, 6.15741009824e-05, 4.24611425842e-05, 3.97799121856e-05, 3.15556244459e-05, 3.43857209373e-05, 3.82345897378e-05, 4.1229857743e-05, 4.39355935669e-05, 3.86880055885e-05, 4.82218601974e-05, 3.85069470212e-05, 4.47805468866e-05, 2.50941338891e-05, 2.37073254539e-05, 2.18788172788e-05, 1.87461628229e-05, 1.56696187332e-05, 1.15007478598e-05, 9.86254872259e-06, 7.00726832292e-06, 6.19009460934e-06, 5.079253242e-06, 3.88302942156e-06, 3.48225239577e-06, 3.53437440026e-06, 2.40477424995e-06, 2.95550194096e-06, 2.47431967182e-06, 1.27990404053e-06, 1.11220538201e-06, 8.81099538219e-07], "dmean": [0.000600365980063, 0.0012499721488, 0.00125635415316, 0.000254431419307, 9.19748999877e-05, 8.21841022116e-05, 4.87103352498e-05, 5.00859277963e-05, 7.21331452951e-05, 3.99514974561e-05, 2.70224827545e-05, 2.58948002738e-05, 2.10974121728e-05, 2.26679130719e-05, 2.58732670773e-05, 2.66831029876e-05, 2.87251514237e-05, 2.61205223069e-05, 3.21361803799e-05, 2.50836292253e-05, 2.80143121927e-05, 1.62702654052e-05, 1.54805056809e-05, 1.44731184264e-05, 1.26265367726e-05, 1.02859885374e-05, 7.6309815995e-06, 6.55354961054e-06, 4.69632095701e-06, 4.13347015638e-06, 3.44455588674e-06, 2.71426665677e-06, 2.35238303503e-06, 2.35867582887e-06, 1.63278889431e-06, 1.91109006664e-06, 1.61103355367e-06, 8.65901199631e-07, 7.49510491005e-07, 5.93686991124e-07], "var": [2.33252080761e-06, 7.20752041161e-06, 8.76406193129e-06, 3.02582009226e-07, 5.20910923285e-08, 6.31632559589e-08, 4.21559533947e-08, 5.36963717934e-08, 7.27732327732e-08, 2.91134476527e-08, 1.44867229324e-08, 1.33621451681e-08, 9.26864718309e-09, 1.16789715676e-08, 1.20783516522e-08, 1.16822631568e-08, 1.48044447812e-08, 1.12804183772e-08, 1.19088001682e-08, 7.781495448e-09, 1.09110933622e-08, 3.43020767346e-09, 2.66463762166e-09, 2.08741224306e-09, 1.73965375438e-09, 1.40788125602e-09, 6.72466138329e-10, 4.62955285219e-10, 2.38173564204e-10, 1.91347243605e-10, 1.71063996302e-10, 1.2684500672e-10, 8.43699415887e-11, 1.26871693706e-10, 4.36978786489e-11, 2.79560975064e-11, 2.55677059385e-11, 1.38968116528e-11, 1.06845704159e-11, 4.78682284782e-12], "dvar": [1.18199181998e-06, 6.17151363258e-06, 1.34655947477e-05, 4.97018106671e-07, 3.63844208096e-08, 5.60730377686e-08, 2.07386552376e-08, 2.9036847593e-08, 4.76138737326e-08, 1.42254714675e-08, 9.46632017218e-09, 5.87841064714e-09, 4.83836837262e-09, 5.07916819714e-09, 5.13257214507e-09, 5.45912959282e-09, 6.25216811656e-09, 4.43563896724e-09, 6.54041354409e-09, 4.94834484499e-09, 7.03923452861e-09, 1.90605464745e-09, 1.17531029353e-09, 1.10563691536e-09, 1.02515806955e-09, 9.19106790676e-10, 3.85776272038e-10, 2.22737883693e-10, 1.25190746658e-10, 8.93525531342e-11, 8.47285921979e-11, 6.2813296231e-11, 5.39465069838e-11, 7.28615848211e-11, 2.99674660087e-11, 1.81205970368e-11, 1.73136140841e-11, 9.54080477816e-12, 5.19434712257e-12, 2.69964888118e-12], "mean": [0.00102655217052, 0.00179049826693, 0.00120389438234, 0.000230185120017, 0.000126223225379, 0.00010695765377, 7.64005380915e-05, 7.67029996496e-05, 0.000102956444607, 6.6263761255e-05, 4.24726458732e-05, 4.39272116637e-05, 3.71845890186e-05, 3.94055932702e-05, 4.38782990386e-05, 4.47969978268e-05, 4.98956687807e-05, 4.90315833304e-05, 4.90203019581e-05, 3.70080415451e-05, 4.05210339522e-05, 2.69941392617e-05, 2.66693896265e-05, 2.38310203713e-05, 2.08232086152e-05, 1.72282834683e-05, 1.32312952701e-05, 1.13107962534e-05, 8.1806720118e-06, 7.24304163668e-06, 5.78408844376e-06, 4.63154810859e-06, 4.05976061302e-06, 4.33868035543e-06, 2.64601862909e-06, 3.0246226288e-06, 2.6887300919e-06, 1.42377348311e-06, 1.26425231883e-06, 1.01680416265e-06]}, "spectral_entropy": {"min": 5.01215839386, "max": 9.81436729431, "dvar2": 0.0927483662963, "median": 7.81103897095, "dmean2": 0.263465553522, "dmean": 0.18009519577, "var": 0.194526314735, "dvar": 0.0451195426285, "mean": 7.72548437119}, "spectral_rolloff": {"min": 43.06640625, "max": 19186.0839844, "dvar2": 3375905.75, "median": 1851.85546875, "dmean2": 1203.29272461, "dmean": 754.834838867, "var": 4369142, "dvar": 1588248, "mean": 2203.35351562}, "barkbands": {"min": [1.04028318195e-23, 1.0562931929e-23, 8.63854519378e-24, 5.48385651279e-24, 2.51607122611e-23, 3.13751186588e-23, 2.00821740592e-23, 2.68623735861e-23, 2.48042197072e-23, 3.35018876592e-23, 2.91173356391e-23, 3.91304985704e-23, 5.46284157382e-23, 4.24710026488e-23, 6.58027945437e-23, 9.52187298127e-23, 1.15748727586e-22, 8.57777497841e-23, 1.92919455847e-22, 2.94494473424e-22, 3.47758740398e-22, 4.24568372313e-22, 5.49194309437e-22, 7.53637824041e-22, 1.03085828837e-21, 1.52472661446e-21, 2.01857656324e-21], "max": [0.0119072459638, 0.087662294507, 0.0819624215364, 0.0733308047056, 0.0277008190751, 0.037443395704, 0.0291309077293, 0.0409701243043, 0.0351385138929, 0.0339886955917, 0.0381899438798, 0.0491067394614, 0.0274089667946, 0.0319138802588, 0.0290988795459, 0.0321888588369, 0.019207527861, 0.0174012370408, 0.0414646603167, 0.0119515666738, 0.0112139163539, 0.0174405425787, 0.0203517396003, 0.0134753221646, 0.00695784715936, 0.00254406849854, 0.000920148158912], "dvar2": [9.7241667163e-08, 4.74952648801e-05, 0.000181109571713, 0.000203687915928, 1.49577126649e-05, 2.9673183235e-06, 1.13268640689e-06, 3.07055438498e-06, 1.74175761458e-06, 9.89071281765e-07, 7.14145357961e-07, 9.71631379798e-07, 1.10031805889e-06, 1.36505661885e-06, 2.07167522603e-06, 3.37467531608e-06, 9.39953793022e-07, 9.39270364597e-07, 1.14265606044e-06, 4.05680168569e-07, 2.58201737324e-07, 2.7797662483e-07, 2.69375874495e-07, 1.60064331567e-07, 5.93815769889e-08, 2.07654107243e-08, 9.223227182e-10], "median": [1.92793486349e-05, 0.00160150660668, 0.00111345795449, 0.000374371884391, 0.000341876613675, 0.000176878020284, 7.88679171819e-05, 8.70721560204e-05, 9.68781387201e-05, 7.28857630747e-05, 4.86314820591e-05, 7.9703022493e-05, 8.07128526503e-05, 9.89651016425e-05, 0.000111977940833, 9.92927598418e-05, 7.20039606676e-05, 0.000159572286066, 0.00014957023086, 0.000121196972032, 9.0493587777e-05, 7.1316229878e-05, 5.69828443986e-05, 7.49729078962e-05, 3.76567004423e-05, 2.22845992539e-05, 2.02494356927e-06], "dmean2": [0.00011801184155, 0.00379522773437, 0.00587655091658, 0.00505246594548, 0.00165683100931, 0.000668606313411, 0.000343097344739, 0.000557276769541, 0.000460145587567, 0.000300866173347, 0.000228507604334, 0.000349201174686, 0.000392549089156, 0.000464728305815, 0.000589215313084, 0.000662493344862, 0.000396626535803, 0.000462849595351, 0.000406530016335, 0.000288969866233, 0.000227460332098, 0.000175766341272, 0.000159325034474, 0.000145274549141, 0.000100930461485, 7.46091609471e-05, 9.10892777028e-06], "dmean": [0.000107457119157, 0.00246847886592, 0.00340924109332, 0.0027184181381, 0.000909495109227, 0.000399201351684, 0.000218546454562, 0.000347415625583, 0.00029493207694, 0.000193685045815, 0.000149713800056, 0.00022979217465, 0.000257373671047, 0.000301465363009, 0.000391842593672, 0.000424108933657, 0.000259180524154, 0.000306969770463, 0.000274900579825, 0.0001970109588, 0.000155850153533, 0.000124902973766, 0.000107886502519, 9.79452306638e-05, 6.99598240317e-05, 6.03662956564e-05, 6.35973447061e-06], "var": [1.50153326217e-07, 3.55931297236e-05, 5.43885216757e-05, 4.4026888645e-05, 3.50147047357e-06, 1.36295750508e-06, 9.52575646807e-07, 2.22245330406e-06, 1.45209548919e-06, 7.48178592858e-07, 4.97199607707e-07, 9.66932361735e-07, 1.10135829345e-06, 1.55424140758e-06, 1.85767828498e-06, 2.15854174712e-06, 8.32900127534e-07, 9.35141088121e-07, 8.63202558321e-07, 4.18268854219e-07, 2.67669776122e-07, 2.47342711646e-07, 1.94028785927e-07, 1.17062796789e-07, 5.36517390515e-08, 3.1464960415e-08, 9.62858237585e-10], "dvar": [5.86361963428e-08, 1.95987013285e-05, 6.78002252243e-05, 7.15352216503e-05, 5.24262031831e-06, 1.14710394428e-06, 4.91925050028e-07, 1.23826384879e-06, 7.56226427256e-07, 4.14474271793e-07, 2.99671228277e-07, 4.45503246738e-07, 4.97482574247e-07, 6.15768499301e-07, 9.1629618737e-07, 1.41382133734e-06, 4.16007907234e-07, 4.37018513821e-07, 5.03769967963e-07, 1.89824163499e-07, 1.20156357752e-07, 1.31178580887e-07, 1.14798226036e-07, 6.89453258929e-08, 2.61473136476e-08, 1.1131733757e-08, 4.46431197565e-10], "mean": [0.000189790822333, 0.0040634283796, 0.0037833515089, 0.00237986678258, 0.000908558489755, 0.000524205213878, 0.000339390157023, 0.000506181211676, 0.000475252658362, 0.000312176445732, 0.000249798584264, 0.000399230775656, 0.000438049813965, 0.000535078987014, 0.000630106544122, 0.000612149189692, 0.00043460278539, 0.000539351254702, 0.000475353299407, 0.000362671620678, 0.000286590016913, 0.000228653443628, 0.000192612249521, 0.00017223804025, 0.000117884854262, 0.00010372747056, 1.07132509584e-05]}, "melbands_flatness_db": {"min": 0.00507488800213, "max": 0.587818980217, "dvar2": 0.00233187223785, "median": 0.180445045233, "dmean2": 0.0467683933675, "dmean": 0.0322721228004, "var": 0.00872866436839, "dvar": 0.00117419264279, "mean": 0.194549337029}, "melbands_skewness": {"min": -4.8137140274, "max": 35.9642562866, "dvar2": 6.30584049225, "median": 2.66461801529, "dmean2": 1.94806694984, "dmean": 1.30338203907, "var": 14.2297086716, "dvar": 2.92239332199, "mean": 3.84389472008}, "barkbands_skewness": {"min": -7.44364261627, "max": 23.1207847595, "dvar2": 2.43409800529, "median": 1.13288903236, "dmean2": 1.23666608334, "dmean": 0.845746457577, "var": 5.53074121475, "dvar": 1.17068743706, "mean": 1.77636599541}, "silence_rate_60dB": {"min": 0, "max": 1, "dvar2": 0.0804175809026, "median": 0, "dmean2": 0.0771353691816, "dmean": 0.0385663509369, "var": 0.0863250121474, "dvar": 0.0370691977441, "mean": 0.0954467058182}, "spectral_energyband_low": {"min": 3.39038627775e-23, "max": 0.125918209553, "dvar2": 0.000386369036278, "median": 0.00560418143868, "dmean2": 0.00974237266928, "dmean": 0.00599617371336, "var": 0.000170094586792, "dvar": 0.000148656312376, "mean": 0.00965690053999}, "spectral_energyband_middle_low": {"min": 2.63055526452e-22, "max": 0.0924713537097, "dvar2": 0.000315366545692, "median": 0.00257041328587, "dmean2": 0.00761200673878, "dmean": 0.00425622565672, "var": 7.89510959294e-05, "dvar": 0.000112518762762, "mean": 0.00520680239424}, "melbands_kurtosis": {"min": -1.92549979687, "max": 1740.54943848, "dvar2": 6324.96386719, "median": 7.64352607727, "dmean2": 35.0380096436, "dmean": 22.8886623383, "var": 8462.95996094, "dvar": 3016.38769531, "mean": 39.2501525879}, "spectral_decrease": {"min": -3.70489239288e-08, "max": 1.17019888607e-28, "dvar2": 4.22168235403e-17, "median": -3.44672068664e-09, "dmean2": 3.51741680227e-09, "dmean": 2.23478346939e-09, "var": 2.0303197766e-17, "dvar": 1.66157837595e-17, "mean": -4.59680604692e-09}, "erbbands_kurtosis": {"min": -1.87315165997, "max": 48.8661422729, "dvar2": 8.7895450592, "median": 0.206278204918, "dmean2": 1.88280069828, "dmean": 1.19867932796, "var": 9.62841701508, "dvar": 3.92120862007, "mean": 1.00026845932}, "melbands_crest": {"min": 1.85217475891, "max": 38.70262146, "dvar2": 26.3881111145, "median": 17.3505840302, "dmean2": 5.68440675735, "dmean": 3.55826878548, "var": 44.9336090088, "dvar": 10.9697809219, "mean": 17.0701293945}, "gfcc": {"cov": [[7071.32373047, -665.641906738, -984.789123535, -489.75579834, -219.091003418, 83.5596466064, -123.537849426, 63.0068092346, -110.633895874, 100.510925293, -258.227996826, -23.7856578827, -134.754638672], [-665.641906738, 1343.00793457, 42.5349235535, -151.422241211, 61.828994751, -52.3108558655, 74.5235748291, -45.6793746948, 22.7449626923, -79.1859588623, 57.5996208191, -104.213142395, 31.0164451599], [-984.789123535, 42.5349235535, 1380.25085449, 297.654968262, 15.2042722702, 111.645339966, 9.09639358521, 55.0683631897, 11.1626367569, -29.5541038513, 45.052532196, 26.7395992279, -51.2557220459], [-489.75579834, -151.422241211, 297.654968262, 551.234191895, 193.868118286, 69.1668701172, 18.2540721893, 21.5393924713, 32.9320678711, -22.1198101044, 5.18335008621, 0.121370606124, 21.1967658997], [-219.091003418, 61.828994751, 15.2042722702, 193.868118286, 368.860626221, 108.169219971, 42.0736160278, 36.2436065674, 30.3591461182, 15.7177600861, -2.95427513123, 11.5803508759, 13.1714897156], [83.5596466064, -52.3108558655, 111.645339966, 69.1668701172, 108.169219971, 249.809524536, 90.3397445679, 48.48695755, 19.8496742249, 19.3034896851, 21.6839923859, -1.14389693737, -14.9969244003], [-123.537849426, 74.5235748291, 9.09639358521, 18.2540721893, 42.0736160278, 90.3397445679, 238.527252197, 57.9800453186, 52.5399513245, 45.3207092285, 48.6200256348, 14.3859672546, 22.9272613525], [63.0068092346, -45.6793746948, 55.0683631897, 21.5393924713, 36.2436065674, 48.48695755, 57.9800453186, 151.861816406, 58.385307312, 39.8919715881, 31.3338279724, 27.9534912109, 4.7783241272], [-110.633895874, 22.7449626923, 11.1626367569, 32.9320678711, 30.3591461182, 19.8496742249, 52.5399513245, 58.385307312, 136.238067627, 53.2615852356, 35.1294517517, 9.52322864532, 21.9849433899], [100.510925293, -79.1859588623, -29.5541038513, -22.1198101044, 15.7177600861, 19.3034896851, 45.3207092285, 39.8919715881, 53.2615852356, 125.081245422, 50.6064720154, 37.0836601257, 11.394826889], [-258.227996826, 57.5996208191, 45.052532196, 5.18335008621, -2.95427513123, 21.6839923859, 48.6200256348, 31.3338279724, 35.1294517517, 50.6064720154, 124.930854797, 40.9931297302, 27.8817672729], [-23.7856578827, -104.213142395, 26.7395992279, 0.121370606124, 11.5803508759, -1.14389693737, 14.3859672546, 27.9534912109, 9.52322864532, 37.0836601257, 40.9931297302, 107.164207458, 36.6371955872], [-134.754638672, 31.0164451599, -51.2557220459, 21.1967658997, 13.1714897156, -14.9969244003, 22.9272613525, 4.7783241272, 21.9849433899, 11.394826889, 27.8817672729, 36.6371955872, 96.8492736816]], "icov": [[0.000207345554372, 1.74799170054e-05, 0.000144874313264, 5.28793461854e-05, 0.000166346871993, -0.000240588778979, 0.000120786455227, -0.000216609798372, 0.000164136712556, -0.00032816285966, 0.000502803362906, -0.000103555292299, 0.000165987104992], [1.74799170054e-05, 0.00122916977853, -0.00023986629094, 0.000803328701295, -0.00082532374654, 0.000632865703665, -0.000524922041222, 0.000331695715431, -0.000350481917849, 0.00116123619955, -0.00125652365386, 0.00168242084328, -0.000685719656758], [0.000144874313264, -0.00023986629094, 0.00109882676043, -0.000719135685358, 0.000646594387945, -0.000661516271066, 0.000297111604596, -0.000429253908806, 0.000122892117361, -5.1196446293e-05, 0.000219371766434, -0.000911114446353, 0.00103743094951], [5.28793461854e-05, 0.000803328701295, -0.000719135685358, 0.00323524861597, -0.0018923219759, 0.000374559662305, -0.000232406615396, 0.000294989760732, -0.000708407897037, 0.00133431819268, -0.000769991253037, 0.00145114853512, -0.00124000699725], [0.000166346871993, -0.00082532374654, 0.000646594387945, -0.0018923219759, 0.00465544033796, -0.00211781961843, 0.000505742500536, -0.000695375551004, 0.00014887888392, -0.00146899651736, 0.00206703785807, -0.00177683110815, 0.000421750883106], [-0.000240588778979, 0.000632865703665, -0.000661516271066, 0.000374559662305, -0.00211781961843, 0.00633791880682, -0.00224181078374, -0.000419059739215, 0.000168730912264, 0.000864349072799, -0.00179881160147, 0.00159326009452, 0.000626460998319], [0.000120786455227, -0.000524922041222, 0.000297111604596, -0.000232406615396, 0.000505742500536, -0.00224181078374, 0.00603337306529, -0.00127945491113, -0.000589446572121, -0.00141012528911, -0.000251555029536, -0.000206866854569, -0.000786419259384], [-0.000216609798372, 0.000331695715431, -0.000429253908806, 0.000294989760732, -0.000695375551004, -0.000419059739215, -0.00127945491113, 0.0094003258273, -0.00341031444259, 0.00020073192718, -0.00108305481263, -0.0014468182344, 0.000779071182478], [0.000164136712556, -0.000350481917849, 0.000122892117361, -0.000708407897037, 0.00014887888392, 0.000168730912264, -0.000589446572121, -0.00341031444259, 0.0111803989857, -0.00429503899068, -2.67971663561e-05, 0.00174172734842, -0.00180941820145], [-0.00032816285966, 0.00116123619955, -5.1196446293e-05, 0.00133431819268, -0.00146899651736, 0.000864349072799, -0.00141012528911, 0.00020073192718, -0.00429503899068, 0.0139515614137, -0.00510713458061, -0.00140953087248, 0.000846925540827], [0.000502803362906, -0.00125652365386, 0.000219371766434, -0.000769991253037, 0.00206703785807, -0.00179881160147, -0.000251555029536, -0.00108305481263, -2.67971663561e-05, -0.00510713458061, 0.0140096740797, -0.00439873430878, -0.000822306086775], [-0.000103555292299, 0.00168242084328, -0.000911114446353, 0.00145114853512, -0.00177683110815, 0.00159326009452, -0.000206866854569, -0.0014468182344, 0.00174172734842, -0.00140953087248, -0.00439873430878, 0.0157860014588, -0.00580885820091], [0.000165987104992, -0.000685719656758, 0.00103743094951, -0.00124000699725, 0.000421750883106, 0.000626460998319, -0.000786419259384, 0.000779071182478, -0.00180941820145, 0.000846925540827, -0.000822306086775, -0.00580885820091, 0.0145289599895]], "mean": [-16.8367404938, 50.5892066956, -101.914985657, 47.7138023376, -42.7758712769, 20.2249336243, -35.112121582, 12.7057352066, -24.8221511841, 4.50144863129, -18.0870437622, -1.15283358097, -17.2801952362]}, "melbands_spread": {"min": 0.172370016575, "max": 287.867370605, "dvar2": 627.661193848, "median": 28.8777809143, "dmean2": 17.7171783447, "dmean": 11.7527503967, "var": 936.622497559, "dvar": 288.752807617, "mean": 35.390712738}, "spectral_energy": {"min": 1.03089265998e-20, "max": 0.142091497779, "dvar2": 0.000630402064417, "median": 0.0146799832582, "dmean2": 0.0139236468822, "dmean": 0.00895799417049, "var": 0.000329423550284, "dvar": 0.000250978802796, "mean": 0.019271209836}, "mfcc": {"cov": [[7524.68017578, -573.924621582, -1115.79052734, -668.887634277, -355.127471924, -130.307830811, -151.313598633, -158.726623535, 73.2115249634, 10.8827342987, -111.211235046, 30.8402614594, -86.575668335], [-573.924621582, 1264.02734375, 30.2115192413, -104.812255859, -19.3353176117, -44.9573326111, 42.2924995422, -2.8842279911, -21.6197185516, -0.457481741905, 20.0388259888, -21.3106880188, 19.7829608917], [-1115.79052734, 30.2115192413, 1109.66394043, 204.130966187, 139.928726196, 45.7894821167, 61.1039199829, 78.9053039551, -33.4113731384, 30.0844287872, 35.0726013184, 14.1545991898, -17.7937068939], [-668.887634277, -104.812255859, 204.130966187, 441.518890381, 177.721237183, 75.4181442261, 28.5626983643, 56.1676368713, 34.3410720825, 7.01624107361, 4.94438505173, 7.06941366196, 14.0183830261], [-355.127471924, -19.3353176117, 139.928726196, 177.721237183, 315.235076904, 89.1149215698, 30.7364082336, 58.0314712524, 21.1981124878, 26.5186100006, -1.35399782658, 5.46700954437, -6.06615495682], [-130.307830811, -44.9573326111, 45.7894821167, 75.4181442261, 89.1149215698, 213.095535278, 88.8222427368, 56.3897438049, 36.9893798828, 30.6707134247, 36.9458656311, -5.70782613754, 8.32295894623], [-151.313598633, 42.2924995422, 61.1039199829, 28.5626983643, 30.7364082336, 88.8222427368, 174.223297119, 70.7086715698, 20.0175075531, 47.5653953552, 26.6936359406, 17.2829761505, 19.2557125092], [-158.726623535, -2.8842279911, 78.9053039551, 56.1676368713, 58.0314712524, 56.3897438049, 70.7086715698, 142.569015503, 41.397190094, 37.5665626526, 27.0015945435, 9.97399425507, 15.2218084335], [73.2115249634, -21.6197185516, -33.4113731384, 34.3410720825, 21.1981124878, 36.9893798828, 20.0175075531, 41.397190094, 120.682403564, 43.0436515808, 22.9193019867, 15.8992938995, 17.7205181122], [10.8827342987, -0.457481741905, 30.0844287872, 7.01624107361, 26.5186100006, 30.6707134247, 47.5653953552, 37.5665626526, 43.0436515808, 128.096817017, 46.2652702332, 22.9496841431, 1.49821352959], [-111.211235046, 20.0388259888, 35.0726013184, 4.94438505173, -1.35399782658, 36.9458656311, 26.6936359406, 27.0015945435, 22.9193019867, 46.2652702332, 127.935493469, 37.0610084534, 21.5115814209], [30.8402614594, -21.3106880188, 14.1545991898, 7.06941366196, 5.46700954437, -5.70782613754, 17.2829761505, 9.97399425507, 15.8992938995, 22.9496841431, 37.0610084534, 116.408905029, 44.7880249023], [-86.575668335, 19.7829608917, -17.7937068939, 14.0183830261, -6.06615495682, 8.32295894623, 19.2557125092, 15.2218084335, 17.7205181122, 1.49821352959, 21.5115814209, 44.7880249023, 109.18409729]], "icov": [[0.0001909849816, 8.94384065759e-05, 0.000132026572828, 0.000235156345298, 5.07000295329e-05, -3.57223761966e-05, 6.31483853795e-05, 3.80302080885e-05, -0.000161097777891, -7.62175186537e-05, 0.000171364386915, -0.000167215825059, 0.000177680776687], [8.94384065759e-05, 0.000896647805348, 1.29108229885e-05, 0.000357589771738, -0.000150314779603, 0.00036450882908, -0.000402220262913, 0.000121072327602, -4.94167579745e-05, 6.42931554466e-05, -0.000203845876968, 0.000329382368363, -0.000205247444683], [0.000132026572828, 1.29108229885e-05, 0.001173951081, -0.000277496641502, -0.000160758951097, 8.68987117428e-05, -0.000114276386739, -0.000418431998696, 0.000553847406991, -0.000187515994185, -0.000144131699926, -0.000255183404079, 0.000437988055637], [0.000235156345298, 0.000357589771738, -0.000277496641502, 0.00356941251084, -0.00147859100252, -0.000292729004286, 8.76113626873e-05, -0.000171555540874, -0.000944190367591, 0.000490354839712, 0.000230555437156, -4.32428860222e-05, -0.000314377626637], [5.07000295329e-05, -0.000150314779603, -0.000160758951097, -0.00147859100252, 0.0048024430871, -0.0016978958156, 0.000865184760187, -0.0010847595986, 0.000318934238749, -0.000858883548062, 0.00112008617725, -0.000768605677877, 0.000680600642227], [-3.57223761966e-05, 0.00036450882908, 8.68987117428e-05, -0.000292729004286, -0.0016978958156, 0.00756604038179, -0.00353057868779, -3.86656756746e-05, -0.00129904865753, 0.000722796597984, -0.00208409689367, 0.00184965622611, -0.000232876423979], [6.31483853795e-05, -0.000402220262913, -0.000114276386739, 8.76113626873e-05, 0.000865184760187, -0.00353057868779, 0.00947028398514, -0.0033233712893, 0.00126314209774, -0.00243151490577, 0.00100642908365, -0.00116552994587, -0.000688398606144], [3.80302080885e-05, 0.000121072327602, -0.000418431998696, -0.000171555540874, -0.0010847595986, -3.86656756746e-05, -0.0033233712893, 0.0105184558779, -0.00259460462257, -0.000447086669737, -0.000851567019708, 0.000682365673129, -0.000660475692712], [-0.000161097777891, -4.94167579745e-05, 0.000553847406991, -0.000944190367591, 0.000318934238749, -0.00129904865753, 0.00126314209774, -0.00259460462257, 0.0112058632076, -0.00316058029421, -0.000122256431496, -0.000414430833189, -0.00123284454457], [-7.62175186537e-05, 6.42931554466e-05, -0.000187515994185, 0.000490354839712, -0.000858883548062, 0.000722796597984, -0.00243151490577, -0.000447086669737, -0.00316058029421, 0.011209868826, -0.00315706362016, -0.000874315854162, 0.00156253227033], [0.000171364386915, -0.000203845876968, -0.000144131699926, 0.000230555437156, 0.00112008617725, -0.00208409689367, 0.00100642908365, -0.000851567019708, -0.000122256431496, -0.00315706362016, 0.0107002984732, -0.00284939515404, -0.000594132347032], [-0.000167215825059, 0.000329382368363, -0.000255183404079, -4.32428860222e-05, -0.000768605677877, 0.00184965622611, -0.00116552994587, 0.000682365673129, -0.000414430833189, -0.000874315854162, -0.00284939515404, 0.0118451854214, -0.00451990636066], [0.000177680776687, -0.000205247444683, 0.000437988055637, -0.000314377626637, 0.000680600642227, -0.000232876423979, -0.000688398606144, -0.000660475692712, -0.00123284454457, 0.00156253227033, -0.000594132347032, -0.00451990636066, 0.0118675148115]], "mean": [-667.516052246, 85.1862182617, 4.14275836945, 34.3437232971, 14.8960237503, 13.26334095, 5.95873737335, 8.18736362457, -1.08699905872, 7.37121009827, 1.72417998314, -0.41166049242, -2.76567220688]}, "spectral_contrast_valleys": {"min": [-28.0256347656, -27.4996681213, -27.81092453, -27.4458808899, -27.4971561432, -27.3126792908], "max": [-5.49071836472, -4.74007797241, -5.40871810913, -5.34059143066, -5.10183048248, -7.30315732956], "dvar2": [0.372438669205, 0.499824851751, 0.363432466984, 0.284797340631, 0.238403633237, 0.2744564116], "median": [-7.47480010986, -7.45670223236, -7.99986457825, -8.00540542603, -7.62959480286, -9.94780921936], "dmean2": [0.708674192429, 0.702104568481, 0.609621584415, 0.517752587795, 0.439268857241, 0.45199367404], "dmean": [0.446849673986, 0.442682504654, 0.406680583954, 0.36702594161, 0.334445953369, 0.350008159876], "var": [0.956458866596, 1.01821529865, 1.04343879223, 1.10196423531, 0.940273702145, 1.13771116734], "dvar": [0.167389214039, 0.226260021329, 0.178973674774, 0.165618896484, 0.142420455813, 0.174206912518], "mean": [-7.651242733, -7.56780290604, -8.06057739258, -8.00838565826, -7.63356637955, -10.0581464767]}, "barkbands_flatness_db": {"min": 0.0168581716716, "max": 0.463207572699, "dvar2": 0.00150068104267, "median": 0.110656045377, "dmean2": 0.036296710372, "dmean": 0.0245796274394, "var": 0.00447127595544, "dvar": 0.000715996720828, "mean": 0.126388818026}, "dynamic_complexity": 3.6594183445, "erbbands_flatness_db": {"min": 0.0463109798729, "max": 0.410156100988, "dvar2": 0.000635128526483, "median": 0.127376630902, "dmean2": 0.0245399866253, "dmean": 0.0164871085435, "var": 0.00174790876918, "dvar": 0.000305836671032, "mean": 0.1333886832}, "hfc": {"min": 1.09908771