{"lowlevel": {"spectral_complexity": {"min": 0, "max": 61, "dvar2": 57.4456062317, "median": 20, "dmean2": 6.61477804184, "dmean": 4.51635408401, "var": 166.803588867, "dvar": 30.5993251801, "mean": 21.8728313446}, "silence_rate_20dB": {"min": 1, "max": 1, "dvar2": 0, "median": 1, "dmean2": 0, "dmean": 0, "var": 0, "dvar": 0, "mean": 1}, "average_loudness": 0.907267272472, "erbbands_spread": {"min": 1.95031011105, "max": 171.8800354, "dvar2": 249.352386475, "median": 49.9389152527, "dmean2": 14.7251501083, "dmean": 9.46818256378, "var": 448.080047607, "dvar": 106.955825806, "mean": 51.5774002075}, "spectral_kurtosis": {"min": -1.03120207787, "max": 85.1902770996, "dvar2": 11.0350341797, "median": 1.77504920959, "dmean2": 1.68019783497, "dmean": 1.01854801178, "var": 13.5584144592, "dvar": 4.26323318481, "mean": 2.63029074669}, "barkbands_kurtosis": {"min": -1.95719325542, "max": 456.917663574, "dvar2": 288.965820312, "median": 0.579727888107, "dmean2": 5.94423961639, "dmean": 3.67289805412, "var": 257.435760498, "dvar": 119.1198349, "mean": 5.11576938629}, "spectral_strongpeak": {"min": 0, "max": 18.0176868439, "dvar2": 1.89858388901, "median": 0.254251390696, "dmean2": 0.595994770527, "dmean": 0.344799607992, "var": 1.21183717251, "dvar": 0.745223939419, "mean": 0.537023127079}, "spectral_spread": {"min": 890274.6875, "max": 14638658, "dvar2": 710911721472, "median": 5390876, "dmean2": 731153.3125, "dmean": 480868.09375, "var": 2221517307900.0, "dvar": 340545634304, "mean": 5300588.5}, "spectral_rms": {"min": 4.57451969851e-05, "max": 0.0118075888604, "dvar2": 2.58312638834e-06, "median": 0.00485659670085, "dmean2": 0.00133028137498, "dmean": 0.000846204173286, "var": 3.16920909427e-06, "dvar": 1.09700863504e-06, "mean": 0.00478373188525}, "erbbands": {"min": [7.77524391538e-08, 8.31999045658e-07, 7.15741907698e-06, 8.87232818059e-06, 4.09857238992e-05, 1.91492908925e-05, 2.64041100309e-05, 0.000202307928703, 0.000369701563613, 0.00113980367314, 0.00117612746544, 0.000739443523344, 0.000982475001365, 0.000817820138764, 0.00063384778332, 0.000796234467998, 0.00195542024449, 0.00181366002653, 0.000974509457592, 0.00125505111646, 0.00189424853306, 0.00197393144481, 0.00264491979033, 0.00166271068156, 0.00122940458823, 0.000954749528319, 0.000878467748407, 0.000420568307163, 0.000276256731013, 0.000129451989778, 8.36837789393e-05, 3.7026242353e-05, 3.71642927348e-05, 2.29198813031e-05, 1.58006660058e-05, 6.71605357638e-06, 2.61298782789e-06, 8.67915559866e-07, 2.03898991913e-07, 3.72103983182e-08], "max": [2.58263158798, 22.3401279449, 63.1963577271, 128.956695557, 189.883117676, 210.18737793, 120.273887634, 144.80027771, 295.654022217, 404.28326416, 1129.5111084, 3016.88476562, 1831.40820312, 1016.71722412, 2021.08569336, 1692.44055176, 1546.80895996, 2144.71118164, 3027.13012695, 3720.1887207, 2094.00439453, 712.709960938, 1236.46337891, 800.604248047, 481.90814209, 587.827209473, 692.499389648, 614.956420898, 758.55090332, 515.797912598, 366.608001709, 228.438156128, 156.046768188, 73.8983688354, 36.3804473877, 22.0354442596, 5.62724637985, 0.584011316299, 0.0368303358555, 0.00145544682164], "dvar2": [0.0733748972416, 10.4582986832, 87.1533432007, 108.566604614, 560.540588379, 498.584350586, 126.347320557, 156.521743774, 262.418487549, 837.081665039, 1706.77807617, 3357.34521484, 3129.72729492, 1016.98010254, 1458.8269043, 2593.46679688, 1964.63562012, 3188.03027344, 2787.92041016, 12364.3017578, 4239.36425781, 1612.72460938, 1864.32324219, 1930.65588379, 991.148498535, 1027.83874512, 1296.29211426, 872.846069336, 784.297790527, 786.958984375, 544.09942627, 67.6621932983, 14.1677694321, 5.51452970505, 4.53228998184, 0.442573815584, 0.0203888453543, 0.000595921068452, 6.34934713162e-06, 1.2104544922e-08], "median": [0.165040448308, 1.38080227375, 2.42657470703, 2.50414228439, 2.24719214439, 2.33132815361, 3.19981956482, 3.99804091454, 5.24916744232, 9.9590587616, 9.22325515747, 8.51086807251, 6.42941522598, 5.27022886276, 4.84391736984, 5.81895160675, 7.76923942566, 9.31492424011, 10.1715478897, 12.9886741638, 7.53357124329, 9.36988258362, 11.8211631775, 12.5109243393, 14.2109279633, 13.3229207993, 13.22032547, 12.8659534454, 11.8935909271, 11.2048377991, 8.04348278046, 4.29697465897, 2.04526090622, 1.21019804478, 0.529882013798, 0.131840676069, 0.0259555075318, 0.00378431752324, 0.000322553445585, 4.89608355565e-05], "dmean2": [0.180495083332, 1.89183175564, 4.94698810577, 5.40601205826, 9.02182674408, 8.06387615204, 6.27375745773, 6.81166982651, 9.26694583893, 16.061006546, 18.5547790527, 21.1827125549, 17.0517311096, 10.8960475922, 11.4588937759, 15.9647417068, 18.7042598724, 20.5027236938, 21.4939289093, 29.7048225403, 19.5378303528, 20.1730251312, 21.6773223877, 22.1962242126, 18.6042232513, 18.1905593872, 19.0288257599, 16.3035030365, 15.1857099533, 14.9128732681, 11.6916294098, 4.46305942535, 1.79313349724, 1.24784576893, 1.00430560112, 0.258698135614, 0.0540372543037, 0.00939076021314, 0.000922661100049, 5.11552389071e-05], "dmean": [0.112141303718, 1.09534561634, 2.84851622581, 3.12915086746, 5.3207449913, 4.83127593994, 3.75329661369, 4.15238237381, 5.79688358307, 10.1952161789, 11.8181371689, 13.2801151276, 10.8753843307, 7.13178110123, 7.28973913193, 10.4267177582, 11.9362869263, 13.1166000366, 13.9276208878, 18.5132789612, 12.3954916, 12.4530448914, 13.5681056976, 13.6531896591, 11.5592842102, 11.444106102, 11.9156980515, 10.5651865005, 10.0051603317, 9.92498207092, 7.77906513214, 2.9895131588, 1.22499573231, 0.845293700695, 0.702616214752, 0.1823412925, 0.0371347591281, 0.0062314607203, 0.00059822446201, 3.39297075698e-05], "var": [0.0884108841419, 4.27323246002, 30.1648540497, 39.8950767517, 179.199691772, 162.143569946, 56.7963447571, 75.9491653442, 220.3177948, 634.213378906, 2330.28881836, 3881.05517578, 2636.20507812, 1376.63354492, 1280.52404785, 3060.20678711, 2139.56347656, 2386.69262695, 5279.57910156, 5182.38623047, 2293.53833008, 1511.97094727, 2061.78442383, 1206.96350098, 1022.07727051, 986.501342773, 959.848999023, 1004.22436523, 1062.84033203, 1104.84289551, 835.92590332, 119.587493896, 24.6041622162, 9.7994594574, 4.52335977554, 0.555831670761, 0.0359781831503, 0.000674661772791, 4.6750715228e-06, 9.34043331569e-09], "dvar": [0.0278478339314, 3.72509503365, 31.4000892639, 39.6122245789, 220.19519043, 194.965530396, 46.4161453247, 58.7810287476, 112.099128723, 341.541748047, 760.537658691, 1542.95837402, 1400.54602051, 507.67288208, 652.95324707, 1284.38647461, 899.773376465, 1311.19091797, 1449.91149902, 4705.05322266, 1660.13110352, 660.715087891, 784.172668457, 754.989440918, 405.756469727, 424.430114746, 512.910888672, 395.764160156, 374.193145752, 368.792663574, 258.495056152, 31.6622123718, 7.04533576965, 2.78810691833, 2.06238484383, 0.224922925234, 0.0113027784973, 0.000294311990729, 2.88011756311e-06, 5.45264633445e-09], "mean": [0.269589990377, 1.88277292252, 4.16434812546, 4.43780994415, 5.72167682648, 5.54735565186, 5.57966041565, 6.64952850342, 9.69209194183, 18.0096130371, 21.5184249878, 22.8664989471, 17.6174106598, 12.8092432022, 12.3603515625, 18.5011043549, 21.2504005432, 23.6437988281, 25.1434955597, 29.8497714996, 20.457118988, 22.1113109589, 25.4542655945, 24.1875362396, 24.4377822876, 23.8463306427, 23.9484901428, 22.8635444641, 22.7037277222, 23.3543834686, 19.4589443207, 8.00793933868, 3.26734018326, 2.07056164742, 1.29856491089, 0.336749792099, 0.06974042207, 0.0105634015054, 0.000938332115766, 7.41554686101e-05]}, "zerocrossingrate": {"min": 0.0029296875, "max": 0.3759765625, "dvar2": 0.000189737635083, "median": 0.08154296875, "dmean2": 0.0141798574477, "dmean": 0.0121403513476, "var": 0.00223629991524, "dvar": 0.000156631387654, "mean": 0.0841130614281}, "spectral_contrast_coeffs": {"min": [-0.908766627312, -0.934018671513, -0.940374016762, -0.94988411665, -0.922004103661, -0.869520425797], "max": [-0.308568239212, -0.472763329744, -0.389570504427, -0.439196646214, -0.55251455307, -0.561139523983], "dvar2": [0.00508399913087, 0.00327205983922, 0.00223807408474, 0.0017338602338, 0.000887869275175, 0.000731420994271], "median": [-0.698972523212, -0.766599535942, -0.786877393723, -0.783185839653, -0.785786926746, -0.730138123035], "dmean2": [0.0842439383268, 0.0714186504483, 0.0585666261613, 0.052005790174, 0.0367544703186, 0.0293225627393], "dmean": [0.0512909069657, 0.0434141457081, 0.0364506617188, 0.0324933640659, 0.0229028351605, 0.0184308588505], "var": [0.00568294525146, 0.00382127799094, 0.00370400305837, 0.0030441286508, 0.00179930089507, 0.00153175473679], "dvar": [0.00199357303791, 0.00122231058776, 0.000915316224564, 0.000724230194464, 0.000384166894946, 0.000312525546178], "mean": [-0.689846932888, -0.759824216366, -0.780313670635, -0.778525233269, -0.783822119236, -0.73375171423]}, "dissonance": {"min": 0.243785694242, "max": 0.500000178814, "dvar2": 0.000451642728876, "median": 0.482682436705, "dmean2": 0.0202391315252, "dmean": 0.0121688423678, "var": 0.000502867915202, "dvar": 0.000176721805474, "mean": 0.47639387846}, "spectral_energyband_high": {"min": 5.35153503733e-08, "max": 0.0402077622712, "dvar2": 4.63510104964e-06, "median": 0.00166625226848, "dmean2": 0.00121107848827, "dmean": 0.000878491962794, "var": 1.02448266261e-05, "dvar": 2.49370395977e-06, "mean": 0.00266442308202}, "spectral_skewness": {"min": -0.113694131374, "max": 7.2911272049, "dvar2": 0.113929010928, "median": 1.01309525967, "dmean2": 0.26537334919, "dmean": 0.169753849506, "var": 0.255535751581, "dvar": 0.0477941818535, "mean": 1.10691332817}, "spectral_flux": {"min": 0.000993613968603, "max": 0.316002100706, "dvar2": 0.00201536645181, "median": 0.0726630613208, "dmean2": 0.0371011644602, "dmean": 0.0240965690464, "var": 0.00207993690856, "dvar": 0.000950895657297, "mean": 0.082126930356}, "silence_rate_30dB": {"min": 0, "max": 1, "dvar2": 0.00116128183436, "median": 1, "dmean2": 0.000996264046989, "dmean": 0.000498090637848, "var": 0.000746669888031, "dvar": 0.000497946282849, "mean": 0.999252915382}, "spectral_energyband_middle_high": {"min": 4.67892732559e-07, "max": 0.0945572629571, "dvar2": 1.76743578777e-05, "median": 0.00291684316471, "dmean2": 0.00235577579588, "dmean": 0.0016160889063, "var": 3.33104653691e-05, "dvar": 8.49207572173e-06, "mean": 0.00459740310907}, "barkbands_spread": {"min": 0.249473437667, "max": 114.819023132, "dvar2": 152.303192139, "median": 35.916847229, "dmean2": 11.6874275208, "dmean": 7.42074775696, "var": 439.196533203, "dvar": 66.5691070557, "mean": 36.5321311951}, "spectral_centroid": {"min": 110.510421753, "max": 5244.18408203, "dvar2": 216534.421875, "median": 2071.34912109, "dmean2": 465.14541626, "dmean": 295.084747314, "var": 711079.3125, "dvar": 95609.859375, "mean": 1981.37231445}, "pitch_salience": {"min": 0.0900897979736, "max": 0.931509554386, "dvar2": 0.0143324695528, "median": 0.526502370834, "dmean2": 0.127955973148, "dmean": 0.0777180492878, "var": 0.0165294017643, "dvar": 0.00546670937911, "mean": 0.522577643394}, "erbbands_skewness": {"min": -6.10786104202, "max": 6.41584682465, "dvar2": 0.258350729942, "median": -0.244439139962, "dmean2": 0.494272947311, "dmean": 0.322675764561, "var": 0.617622852325, "dvar": 0.119800753891, "mean": -0.191054522991}, "erbbands_crest": {"min": 2.26211285591, "max": 30.9009552002, "dvar2": 11.2253284454, "median": 5.87253570557, "dmean2": 3.28931641579, "dmean": 2.02627706528, "var": 11.8237752914, "dvar": 4.55081796646, "mean": 6.88350248337}, "melbands": {"min": [9.24845144912e-10, 3.62426622047e-09, 1.62542024285e-09, 1.63685576204e-09, 9.17545039947e-10, 3.3979945524e-09, 5.32034016842e-09, 1.25641044235e-08, 8.41852187961e-09, 3.47606787798e-09, 4.8207744463e-09, 2.67936006715e-09, 1.66222613451e-09, 2.72349542918e-09, 2.68347744026e-09, 4.18136192337e-09, 2.39915376454e-09, 1.26147825519e-09, 1.16919829374e-09, 1.863430521e-09, 2.02655026094e-09, 1.36307276577e-09, 1.35796973666e-09, 2.01227523533e-09, 1.09275066773e-09, 7.69667551914e-10, 7.4951422846e-10, 5.78114556227e-10, 4.56553683748e-10, 2.6434324174e-10, 1.51946205618e-10, 1.68848074411e-10, 8.26911109031e-11, 6.9636095501e-11, 5.21495555073e-11, 3.37171957021e-11, 1.80548562212e-11, 2.62737765572e-11, 1.99126010819e-11, 1.84738717379e-11], "max": [0.0218177866191, 0.0283945277333, 0.0192045439035, 0.0183877721429, 0.0034686580766, 0.00324307614937, 0.00475034676492, 0.00482225837186, 0.00780292553827, 0.0169613678008, 0.00889011472464, 0.00431175203994, 0.0102181965485, 0.00450783967972, 0.00968835130334, 0.00315965083428, 0.00361848622561, 0.0041631758213, 0.00471966853365, 0.00493506668136, 0.00281357602216, 0.000856575963553, 0.00168710469734, 0.00103886518627, 0.000741952855606, 0.000388443819247, 0.000690430402756, 0.000380293757189, 0.000512921367772, 0.000302737083985, 0.000403281766921, 0.000418303767219, 0.00045698764734, 0.000287645263597, 0.000302023778204, 0.000139159208629, 0.00015862226428, 0.000126070997794, 0.000111339380965, 5.45854054508e-05], "dvar2": [8.27173153084e-06, 2.01696275326e-05, 3.12484394271e-06, 4.04383399655e-06, 1.8427428472e-07, 7.73237900376e-08, 6.29385112916e-08, 9.19559042245e-08, 1.19804980159e-07, 1.39029452839e-07, 7.79668383188e-08, 1.98205505342e-08, 2.18200781887e-08, 1.68700218239e-08, 2.70007287639e-08, 1.03965378528e-08, 1.12357829707e-08, 7.99080535074e-09, 1.66721569883e-08, 1.63209143977e-08, 7.56865947693e-09, 2.34370500785e-09, 1.94038052292e-09, 2.58647125939e-09, 1.51095314038e-09, 9.07185659926e-10, 6.81292688931e-10, 4.52447829202e-10, 6.80867529024e-10, 4.06753714044e-10, 2.98628705098e-10, 2.85349910367e-10, 3.10285352967e-10, 4.16167822426e-10, 3.32057131791e-10, 6.4292689228e-11, 2.95514931969e-11, 7.95374530127e-12, 7.47071154938e-12, 4.24955643591e-12], "median": [0.00168758956715, 0.0016843045596, 0.000471294741146, 0.000173064501723, 0.000117285286251, 9.26921638893e-05, 9.04948392417e-05, 0.000106826752017, 7.54164357204e-05, 4.75861525047e-05, 2.97659316857e-05, 2.08510591619e-05, 1.53029668581e-05, 1.21782368296e-05, 1.57342619787e-05, 1.54761528393e-05, 1.64147459145e-05, 1.5208230252e-05, 1.54975678015e-05, 1.34579340738e-05, 7.07725939719e-06, 8.17156615085e-06, 1.1149166312e-05, 8.56943006511e-06, 8.92011757969e-06, 9.97680308501e-06, 9.9958078863e-06, 7.39098095437e-06, 7.5510924944e-06, 7.69069720263e-06, 6.68168559059e-06, 6.38387700747e-06, 6.09018206887e-06, 6.18923286311e-06, 5.11830558025e-06, 2.91681521958e-06, 2.27033751798e-06, 1.35251718802e-06, 1.07888172352e-06, 9.16719443467e-07], "dmean2": [0.00184464338236, 0.00248589017428, 0.000976657494903, 0.000688170781359, 0.000221224327106, 0.000155301182531, 0.000147980783368, 0.000168749786098, 0.000156270485604, 0.000132211251184, 8.59384599607e-05, 4.73111576866e-05, 4.15461581724e-05, 4.29174324381e-05, 4.80534508824e-05, 4.08803316532e-05, 4.02177392971e-05, 3.82936741516e-05, 3.58295728802e-05, 3.27856141666e-05, 2.4924034733e-05, 2.23346196435e-05, 2.18638233491e-05, 2.19611847569e-05, 1.90754199139e-05, 1.71926749317e-05, 1.48695498865e-05, 1.19024380183e-05, 1.34526017064e-05, 1.16077162602e-05, 9.56963140197e-06, 9.24710093386e-06, 9.08346191864e-06, 1.06456682261e-05, 8.87295664143e-06, 4.11510427512e-06, 2.7702733405e-06, 1.38636255542e-06, 1.28265628518e-06, 1.08655103759e-06], "dmean": [0.00110810354818, 0.0014370091958, 0.00057054735953, 0.000414023030316, 0.000130936852656, 9.47739608819e-05, 9.32598850341e-05, 0.000107453546661, 9.91992128547e-05, 8.25848837849e-05, 5.47954950889e-05, 3.07626905851e-05, 2.65230937657e-05, 2.70710352197e-05, 3.055380148e-05, 2.60685537796e-05, 2.55295508396e-05, 2.44912553171e-05, 2.26059401029e-05, 2.05578835448e-05, 1.56065761985e-05, 1.36939233926e-05, 1.35298323585e-05, 1.35701293402e-05, 1.16514511319e-05, 1.04597538666e-05, 9.28847384785e-06, 7.38471044315e-06, 8.24065227789e-06, 7.35791900297e-06, 6.13944530414e-06, 5.93084450884e-06, 5.83975634072e-06, 6.85693339619e-06, 5.77991750106e-06, 2.6903228445e-06, 1.8113258875e-06, 9.22508775147e-07, 8.41879966629e-07, 7.16033923709e-07], "var": [6.13587462794e-06, 7.35956700737e-06, 1.17889533158e-06, 1.31036301809e-06, 6.95924669003e-08, 3.88794880735e-08, 5.29439141417e-08, 7.31032727685e-08, 1.45295373954e-07, 1.47116367089e-07, 6.60361010318e-08, 2.46520670544e-08, 2.39666917423e-08, 1.99812948409e-08, 2.62452353184e-08, 9.70115099364e-09, 8.47973247176e-09, 1.20707275286e-08, 1.07537951877e-08, 6.68760158362e-09, 3.91517529508e-09, 1.65110725092e-09, 3.70220809565e-09, 1.87937732044e-09, 8.71419714166e-10, 6.95800583816e-10, 6.53200882272e-10, 3.79365788783e-10, 4.20282170177e-10, 3.92973431573e-10, 3.28132160332e-10, 3.41089961831e-10, 3.45390410716e-10, 4.66394423082e-10, 4.21636947578e-10, 8.78127362491e-11, 3.71817576728e-11, 1.23438984728e-11, 1.02386640832e-11, 6.41686443564e-12], "dvar": [3.00521787722e-06, 7.27627684682e-06, 1.1615945823e-06, 1.60217268785e-06, 6.67134330001e-08, 2.90753643384e-08, 2.69781708084e-08, 3.77807296559e-08, 5.25902947857e-08, 6.08818027104e-08, 3.49742386163e-08, 9.5438217329e-09, 1.1086533469e-08, 7.98214028208e-09, 1.30798509801e-08, 4.56209736655e-09, 4.60909133082e-09, 3.91615229134e-09, 6.55891208012e-09, 6.43854303206e-09, 2.93252311323e-09, 9.43855993363e-10, 8.35946145639e-10, 1.0359800795e-09, 5.8737031905e-10, 3.57090301772e-10, 2.74652967036e-10, 1.85606516268e-10, 2.60536203722e-10, 1.72611425153e-10, 1.35607525209e-10, 1.3128582943e-10, 1.41907013917e-10, 1.80850598386e-10, 1.50135376353e-10, 2.93372930116e-11, 1.24798817114e-11, 3.83449999183e-12, 3.53005927441e-12, 2.02299830533e-12], "mean": [0.00240670028143, 0.00235319812782, 0.000816216866951, 0.000443487340817, 0.000194165681023, 0.000153302404215, 0.000159683608217, 0.000191263708984, 0.000177466718014, 0.000137504815939, 8.59069332364e-05, 5.27438533027e-05, 4.13975940319e-05, 4.5868800953e-05, 5.03731498611e-05, 4.3536623707e-05, 4.41797565145e-05, 4.0727234591e-05, 3.78032018489e-05, 3.18556267302e-05, 2.3574957595e-05, 2.19854282477e-05, 2.49772201641e-05, 2.20045840251e-05, 1.88174144569e-05, 1.88156027434e-05, 1.85982898984e-05, 1.41376558531e-05, 1.479968887e-05, 1.45131198224e-05, 1.24404068629e-05, 1.25318420032e-05, 1.21603670777e-05, 1.45546919157e-05, 1.33330386234e-05, 6.23487721896e-06, 4.3397240006e-06, 2.21533468903e-06, 1.92199900084e-06, 1.62934043146e-06]}, "spectral_entropy": {"min": 5.28568172455, "max": 8.85887241364, "dvar2": 0.0526675209403, "median": 8.03208351135, "dmean2": 0.186202332377, "dmean": 0.123966060579, "var": 0.181346893311, "dvar": 0.025301028043, "mean": 7.88761854172}, "spectral_rolloff": {"min": 64.599609375, "max": 11692.5292969, "dvar2": 2611485.25, "median": 1873.38867188, "dmean2": 1263.13903809, "dmean": 766.886352539, "var": 4363620.5, "dvar": 1103640.125, "mean": 2412.37695312}, "barkbands": {"min": [4.65502532354e-11, 2.24595586573e-09, 3.03023295345e-09, 1.52032775258e-09, 4.10088807357e-09, 1.28042962899e-08, 3.07453262849e-08, 5.29547641293e-08, 2.14672066789e-08, 9.42740996379e-09, 1.45088439041e-08, 1.95137399572e-08, 4.29213642406e-08, 2.60880810288e-08, 1.74737664338e-08, 2.91641342187e-08, 2.74991105442e-08, 4.40131131541e-08, 3.123983916e-08, 2.33917472059e-08, 1.58596744626e-08, 6.38038955003e-09, 3.37656702598e-09, 2.07511252626e-09, 2.06590566876e-09, 1.5527656938e-09, 1.87670701202e-09], "max": [0.00379453436472, 0.0800073593855, 0.0622598454356, 0.0453030765057, 0.0687870755792, 0.0160304568708, 0.0219822227955, 0.04301578179, 0.0984935238957, 0.0284262225032, 0.0727239400148, 0.0347981154919, 0.0387219488621, 0.0321381688118, 0.0582993030548, 0.0558395944536, 0.0163548998535, 0.0186328869313, 0.00987310800701, 0.0130638591945, 0.0116507271305, 0.022353220731, 0.0142308231443, 0.00914782471955, 0.00544572435319, 0.00377054349519, 0.000208019569982], "dvar2": [1.16053769261e-07, 0.00014958778047, 7.02434263076e-05, 1.13527539725e-05, 5.74864352529e-05, 2.25540497922e-06, 2.00158001462e-06, 2.71555131803e-06, 5.91453363086e-06, 1.94689323507e-06, 1.01518014617e-06, 1.37844290293e-06, 1.32665741148e-06, 1.19212586469e-06, 2.52465702033e-06, 2.48197761721e-06, 7.63731122788e-07, 7.29361829599e-07, 5.78637127546e-07, 4.15156165445e-07, 6.22020706942e-07, 5.75555702653e-07, 8.22495223929e-07, 6.7393052916e-08, 4.80696051852e-08, 1.0243454085e-08, 1.97074537245e-10], "median": [0.000140070449561, 0.00655410019681, 0.00185493938625, 0.000588111928664, 0.000735418521799, 0.000499301240779, 0.000548081006855, 0.000344013329595, 0.000354242045432, 0.00017488222511, 9.40030367929e-05, 0.000115623872261, 0.000154081644723, 0.000187340308912, 0.000227958065807, 0.000118475225463, 0.00017168703198, 0.000187773330254, 0.000251918914728, 0.000286346563371, 0.000338820333127, 0.000333053525537, 0.000309706985718, 0.000158199094585, 9.55344294198e-05, 1.80845236173e-05, 1.6738922568e-06], "dmean2": [0.000200014008442, 0.00748046906665, 0.00438090227544, 0.00176493625622, 0.00264301430434, 0.000852059922181, 0.000863269262481, 0.000794058199972, 0.000933128292672, 0.00047537041246, 0.000289029645501, 0.000395373470383, 0.00044569853344, 0.000449055456556, 0.000517585431226, 0.000374121911591, 0.000415118091041, 0.000406784005463, 0.000427766761277, 0.000387548701838, 0.00043934409041, 0.000400317803724, 0.000457062647911, 0.000143322133226, 0.000117698036775, 3.9176458813e-05, 5.22453638041e-06], "dmean": [0.000129986481625, 0.00440642144531, 0.00253818184137, 0.00101286883, 0.00160157738719, 0.000518694345374, 0.000548138923477, 0.000501737056766, 0.000582393025979, 0.000302681844914, 0.00018588945386, 0.000250104087172, 0.000280846783426, 0.000281560700387, 0.000327512447257, 0.000231982499827, 0.000256613275269, 0.000253294216236, 0.000262390647549, 0.000244674738497, 0.000280461419607, 0.000266284012469, 0.000304270273773, 9.71240515355e-05, 8.17721447675e-05, 2.74320427707e-05, 3.36114453603e-06], "var": [2.74735413086e-07, 8.06985699455e-05, 2.54254027823e-05, 4.11492419516e-06, 1.94092190213e-05, 1.10886639959e-06, 1.64921266332e-06, 3.55141651198e-06, 6.12805843048e-06, 1.66078416441e-06, 1.35794869038e-06, 1.55205668761e-06, 1.31707781748e-06, 8.32958221508e-07, 2.30267710322e-06, 9.63266643339e-07, 6.6790693154e-07, 6.94858101724e-07, 4.24908904506e-07, 4.30136566365e-07, 6.020895853e-07, 8.06812522569e-07, 1.19722722047e-06, 1.29197957222e-07, 7.39912451309e-08, 1.51757610922e-08, 1.45160800047e-10], "dvar": [4.77717669867e-08, 5.38136664545e-05, 2.54338938248e-05, 4.09262065659e-06, 2.30078039749e-05, 8.41796008899e-07, 8.53965445913e-07, 1.19576225188e-06, 2.52442964666e-06, 8.30468820823e-07, 5.67250936001e-07, 6.31134980722e-07, 6.28203963515e-07, 4.77873413729e-07, 1.05886022084e-06, 9.57911538535e-07, 3.18344575589e-07, 3.04985519506e-07, 2.28292648785e-07, 1.73233956957e-07, 2.62762085868e-07, 2.80507720163e-07, 3.83223891731e-07, 3.32202390041e-08, 2.36012400734e-08, 5.46033440685e-09, 8.92712362366e-11], "mean": [0.00036881736014, 0.00875471439213, 0.00357848871499, 0.00126725807786, 0.00179047172423, 0.000825998780783, 0.000960258825216, 0.000851071497891, 0.000969966524281, 0.000475752778584, 0.000276625505649, 0.000424735568231, 0.000467955920612, 0.000471799954539, 0.000556400627829, 0.000342627346981, 0.000430767569924, 0.000440624251496, 0.000477168796351, 0.000512731086928, 0.000600225117523, 0.000617881596554, 0.000741022522561, 0.000263284950051, 0.000182702686288, 5.01536414959e-05, 5.12310862177e-06]}, "melbands_flatness_db": {"min": 0.0268195979297, "max": 0.600677251816, "dvar2": 0.00196037604474, "median": 0.164890274405, "dmean2": 0.0440009869635, "dmean": 0.0281773079187, "var": 0.00643738498911, "dvar": 0.00084527436411, "mean": 0.179858446121}, "melbands_skewness": {"min": -4.23961591721, "max": 18.89884758, "dvar2": 2.80919861794, "median": 2.98073840141, "dmean2": 1.44637429714, "dmean": 0.909682869911, "var": 4.9053902626, "dvar": 1.15134966373, "mean": 3.44710874557}, "barkbands_skewness": {"min": -6.0860042572, "max": 18.5747528076, "dvar2": 1.27097737789, "median": 1.28768885136, "dmean2": 0.935916006565, "dmean": 0.592702031136, "var": 2.49853420258, "dvar": 0.529257178307, "mean": 1.60803341866}, "silence_rate_60dB": {"min": 0, "max": 1, "dvar2": 0.0397728644311, "median": 0, "dmean2": 0.0364466570318, "dmean": 0.0182633232325, "var": 0.0437197759748, "dvar": 0.01793159917, "mean": 0.0458205379546}, "spectral_energyband_low": {"min": 1.89255793259e-08, "max": 0.105387203395, "dvar2": 0.000318326987326, "median": 0.0107684871182, "dmean2": 0.0109353261068, "dmean": 0.00641466211528, "var": 0.000159671559231, "dvar": 0.000116160794278, "mean": 0.0133923906833}, "spectral_energyband_middle_low": {"min": 7.196832712e-07, "max": 0.102023251355, "dvar2": 0.0001097100685, "median": 0.0049508200027, "dmean2": 0.00562774855644, "dmean": 0.00350992567837, "var": 5.57975508855e-05, "dvar": 4.47173624707e-05, "mean": 0.00682183122262}, "melbands_kurtosis": {"min": -1.83903646469, "max": 655.639770508, "dvar2": 1730.88879395, "median": 10.1419372559, "dmean2": 18.5631752014, "dmean": 11.3632030487, "var": 1520.00427246, "dvar": 675.516418457, "mean": 21.8854827881}, "spectral_decrease": {"min": -3.52524551772e-08, "max": -5.09012374351e-13, "dvar2": 3.11884876543e-17, "median": -5.68650282418e-09, "dmean2": 3.89381060728e-09, "dmean": 2.37751929255e-09, "var": 1.99434436827e-17, "dvar": 1.22451541359e-17, "mean": -6.3468230671e-09}, "erbbands_kurtosis": {"min": -1.887129426, "max": 52.2329368591, "dvar2": 4.36629056931, "median": -0.506922960281, "dmean2": 1.13591563702, "dmean": 0.734077811241, "var": 5.01828432083, "dvar": 2.16343569756, "mean": 0.0332259833813}, "melbands_crest": {"min": 3.04697012901, "max": 35.9324150085, "dvar2": 25.5750751495, "median": 15.6216011047, "dmean2": 5.50680303574, "dmean": 3.34223914146, "var": 29.0756664276, "dvar": 9.62856388092, "mean": 15.6600112915}, "gfcc": {"cov": [[6701.72607422, -1843.36975098, -80.8578338623, 314.993255615, -430.635864258, 639.690185547, -27.8768177032, 287.817779541, -90.5824356079, 132.407394409, -138.715698242, 154.332138062, -159.070556641], [-1843.36975098, 1784.23059082, -92.4881210327, -202.103149414, 308.327880859, -306.384124756, 144.314483643, -82.3352584839, 115.723312378, -103.815315247, 127.894943237, -150.145614624, 88.2755661011], [-80.8578338623, -92.4881210327, 898.054443359, 298.354003906, 78.8428115845, 147.506027222, 10.299861908, 76.7813034058, 14.030957222, 50.4904670715, -14.2972364426, 35.6655769348, -30.8923130035], [314.993255615, -202.103149414, 298.354003906, 479.00088501, 66.9429931641, 109.397628784, 26.2625198364, 34.7051963806, 28.7195625305, 11.1954679489, 10.0442504883, 8.88978862762, -4.8918466568], [-430.635864258, 308.327880859, 78.8428115845, 66.9429931641, 336.820098877, 4.25720262527, 46.8472671509, 11.7019805908, 21.1359500885, 9.62002372742, 19.9171905518, -23.1774845123, 14.1502027512], [639.690185547, -306.384124756, 147.506027222, 109.397628784, 4.25720262527, 289.223144531, 68.4245758057, 68.9954986572, 9.79092216492, 41.8257293701, 10.7064666748, 37.7757530212, -28.7987613678], [-27.8768177032, 144.314483643, 10.299861908, 26.2625198364, 46.8472671509, 68.4245758057, 169.69581604, 45.2045478821, 22.336145401, -1.48532497883, 26.2214889526, -2.77397155762, -6.03756284714], [287.817779541, -82.3352584839, 76.7813034058, 34.7051963806, 11.7019805908, 68.9954986572, 45.2045478821, 139.877716064, 42.1195373535, 33.8555679321, 2.91062355042, 14.3898353577, -9.15936088562], [-90.5824356079, 115.723312378, 14.030957222, 28.7195625305, 21.1359500885, 9.79092216492, 22.336145401, 42.1195373535, 111.673439026, 25.4728431702, 24.0584926605, -12.8593397141, 13.000451088], [132.407394409, -103.815315247, 50.4904670715, 11.1954679489, 9.62002372742, 41.8257293701, -1.48532497883, 33.8555679321, 25.4728431702, 92.8548660278, 16.5581893921, 14.1912374496, -11.4586257935], [-138.715698242, 127.894943237, -14.2972364426, 10.0442504883, 19.9171905518, 10.7064666748, 26.2214889526, 2.91062355042, 24.0584926605, 16.5581893921, 99.0922622681, 10.2570362091, 9.41448116302], [154.332138062, -150.145614624, 35.6655769348, 8.88978862762, -23.1774845123, 37.7757530212, -2.77397155762, 14.3898353577, -12.8593397141, 14.1912374496, 10.2570362091, 78.8132476807, 7.4174451828], [-159.070556641, 88.2755661011, -30.8923130035, -4.8918466568, 14.1502027512, -28.7987613678, -6.03756284714, -9.15936088562, 13.000451088, -11.4586257935, 9.41448116302, 7.4174451828, 61.45860672]], "icov": [[0.00028347724583, 1.5416462702e-05, 0.000236357998801, -0.0002353770833, 0.000271044147667, -0.000527897267602, 0.000246074807364, -0.000502582232002, 0.000287502421997, -0.000161141419085, 0.000330558308633, -0.000171170075191, 0.000330302544171], [1.5416462702e-05, 0.00199136510491, -0.000619841390289, 0.00109768600669, -0.00127656979021, 0.00166172953323, -0.00179966434371, 0.000855135032907, -0.00162280083168, 0.00177898048423, -0.00224615610205, 0.00235716253519, -0.00128679699264], [0.000236357998801, -0.000619841390289, 0.00196115090512, -0.00139153795317, 0.000344259839039, -0.00126068748068, 0.00106409599539, -0.00113576755393, 0.000857063627336, -0.00108436075971, 0.00137440266553, -0.00138202891685, 0.00121512904298], [-0.0002353770833, 0.00109768600669, -0.00139153795317, 0.00366205442697, -0.00126839010045, 0.000575699028559, -0.00111418101005, 0.00107005785685, -0.00177526834887, 0.00174903892912, -0.00177712657023, 0.00162524881307, -0.00120432476979], [0.000271044147667, -0.00127656979021, 0.000344259839039, -0.00126839010045, 0.00449963612482, -0.00135079573374, 0.000447998609161, -0.00100780115463, 0.0014826732222, -0.0019200820243, 0.00135957531165, -0.000394237518776, -2.45774543828e-07], [-0.000527897267602, 0.00166172953323, -0.00126068748068, 0.000575699028559, -0.00135079573374, 0.00760960299522, -0.00376320467331, 0.000545081624296, -0.00153669423889, 0.000472219719086, -0.0024418567773, 0.000411937246099, -1.52488137246e-05], [0.000246074807364, -0.00179966434371, 0.00106409599539, -0.00111418101005, 0.000447998609161, -0.00376320467331, 0.00969170127064, -0.00333496415988, 0.00120089261327, 0.000311871961458, 0.000387572334148, -0.0014967439929, 0.00218194886111], [-0.000502582232002, 0.000855135032907, -0.00113576755393, 0.00107005785685, -0.00100780115463, 0.000545081624296, -0.00333496415988, 0.0116347391158, -0.004810069222, -0.000922274193726, -1.14371214295e-05, -0.000388691958506, -0.000226813688641], [0.000287502421997, -0.00162280083168, 0.000857063627336, -0.00177526834887, 0.0014826732222, -0.00153669423889, 0.00120089261327, -0.004810069222, 0.0141728064045, -0.00456283101812, -0.000133841487695, 0.00162069429643, -0.00231961905956], [-0.000161141419085, 0.00177898048423, -0.00108436075971, 0.00174903892912, -0.0019200820243, 0.000472219719086, 0.000311871961458, -0.000922274193726, -0.00456283101812, 0.015903705731, -0.00430973945186, 0.000174702799995, 0.00174784683622], [0.000330558308633, -0.00224615610205, 0.00137440266553, -0.00177712657023, 0.00135957531165, -0.0024418567773, 0.000387572334148, -1.14371214295e-05, -0.000133841487695, -0.00430973945186, 0.0149207217619, -0.00502071762457, 0.000755446846597], [-0.000171170075191, 0.00235716253519, -0.00138202891685, 0.00162524881307, -0.000394237518776, 0.000411937246099, -0.0014967439929, -0.000388691958506, 0.00162069429643, 0.000174702799995, -0.00502071762457, 0.0191275868565, -0.00616487907246], [0.000330302544171, -0.00128679699264, 0.00121512904298, -0.00120432476979, -2.45774543828e-07, -1.52488137246e-05, 0.00218194886111, -0.000226813688641, -0.00231961905956, 0.00174784683622, 0.000755446846597, -0.00616487907246, 0.0211075562984]], "mean": [15.2878608704, 68.3695449829, -107.110183716, 53.4859046936, -59.1457633972, 20.1882858276, -31.3582019806, 12.1339235306, -14.2069835663, 8.17630958557, -14.7533578873, -2.3051803112, -14.1617975235]}, "melbands_spread": {"min": 0.345693558455, "max": 255.048126221, "dvar2": 362.65222168, "median": 26.930267334, "dmean2": 15.7697343826, "dmean": 9.97648048401, "var": 661.032775879, "dvar": 156.459274292, "mean": 32.777557373}, "spectral_energy": {"min": 2.14493866224e-06, "max": 0.142904639244, "dvar2": 0.000480973976664, "median": 0.0241761952639, "dmean2": 0.0153788896278, "dmean": 0.00949349347502, "var": 0.000338837417075, "dvar": 0.000192610212252, "mean": 0.0267046187073}, "mfcc": {"cov": [[7010.01318359, -1903.05664062, 15.0766372681, -316.649780273, -255.490585327, 187.427780151, 27.3962669373, 249.324279785, 16.0427589417, 124.117050171, 28.3164710999, 58.2973098755, 29.8956108093], [-1903.05664062, 1723.51208496, -283.695465088, 60.4609794617, 70.4868850708, -147.804016113, 35.8008842468, -77.2599487305, 23.7986698151, 3.15490746498, 1.45573604107, -0.55819773674, -23.4908638], [15.0766372681, -283.695465088, 776.310668945, 158.522171021, 104.447547913, 110.378944397, 46.3621749878, 82.5857467651, 30.2516555786, 30.4475364685, 38.331363678, 24.1089992523, 36.6728210449], [-316.649780273, 60.4609794617, 158.522171021, 373.012664795, 138.969528198, 46.3465843201, 32.1362838745, 18.1515369415, 26.9339256287, 20.573923111, -3.4029443264, 8.26545619965, 2.77837181091], [-255.490585327, 70.4868850708, 104.447547913, 138.969528198, 262.032592773, 63.3472480774, 37.0567092896, 4.49078655243, 33.5733985901, 22.1516666412, 14.8978118896, 16.7201061249, 9.93912410736], [187.427780151, -147.804016113, 110.378944397, 46.3465843201, 63.3472480774, 185.316055298, 71.4609222412, 50.1856956482, 12.6404924393, 18.2370128632, 29.6890945435, 12.6772251129, 6.27406930923], [27.3962669373, 35.8008842468, 46.3621749878, 32.1362838745, 37.0567092896, 71.4609222412, 152.816253662, 60.9782981873, 12.231379509, 22.3623371124, 27.7379112244, 21.8050746918, 5.48129844666], [249.324279785, -77.2599487305, 82.5857467651, 18.1515369415, 4.49078655243, 50.1856956482, 60.9782981873, 135.437240601, 37.1480484009, 22.7376613617, 20.2052822113, 20.3348731995, 14.1144361496], [16.0427589417, 23.7986698151, 30.2516555786, 26.9339256287, 33.5733985901, 12.6404924393, 12.231379509, 37.1480484009, 99.6134643555, 40.4630889893, 10.716178894, 3.58612632751, 9.83072757721], [124.117050171, 3.15490746498, 30.4475364685, 20.573923111, 22.1516666412, 18.2370128632, 22.3623371124, 22.7376613617, 40.4630889893, 102.002502441, 33.5484390259, 14.4321184158, 9.67286682129], [28.3164710999, 1.45573604107, 38.331363678, -3.4029443264, 14.8978118896, 29.6890945435, 27.7379112244, 20.2052822113, 10.716178894, 33.5484390259, 88.8230133057, 30.7412929535, 8.64496994019], [58.2973098755, -0.55819773674, 24.1089992523, 8.26545619965, 16.7201061249, 12.6772251129, 21.8050746918, 20.3348731995, 3.58612632751, 14.4321184158, 30.7412929535, 77.9293060303, 29.7770214081], [29.8956108093, -23.4908638, 36.6728210449, 2.77837181091, 9.93912410736, 6.27406930923, 5.48129844666, 14.1144361496, 9.83072757721, 9.67286682129, 8.64496994019, 29.7770214081, 70.3519210815]], "icov": [[0.000240167733864, 0.00025278123212, 9.75695438683e-05, 0.000124912112369, 0.000103328246041, -6.88663785695e-05, 2.11739152292e-05, -0.000319539249176, 5.235808203e-05, -0.000344254483934, 0.000130324347992, -0.00017488906451, 7.8580036643e-05], [0.00025278123212, 0.00100319611374, 0.000344654836226, -3.75722665922e-05, -0.000159104747581, 0.000677590665873, -0.000578816339839, 5.19213499501e-05, -0.000250883516856, -0.000265061360551, -0.000101706085843, -0.000192299397895, 0.000211499194847], [9.75695438683e-05, 0.000344654836226, 0.0017354398733, -0.000535367813427, -0.000282254768535, -0.000380355864763, 0.000136569215101, -0.000778310466558, 8.63588793436e-05, -0.000115012386232, -0.000463376025436, 0.000166140482179, -0.000600209285039], [0.000124912112369, -3.75722665922e-05, -0.000535367813427, 0.00369612127542, -0.00153565057553, -0.000219118272071, -0.000114653848868, -0.000268051691819, -9.9360353488e-05, -0.000587112212088, 0.0010669012554, -0.000341999897501, 0.000474943808513], [0.000103328246041, -0.000159104747581, -0.000282254768535, -0.00153565057553, 0.00556604890153, -0.00158380297944, -0.000424494937761, 0.00125609803945, -0.00147131388076, -0.000122528348584, -1.99074065677e-06, -0.000811042671558, -0.000187330268091], [-6.88663785695e-05, 0.000677590665873, -0.000380355864763, -0.000219118272071, -0.00158380297944, 0.00841354206204, -0.00304677523673, -0.000916622229852, 0.000236566411331, 0.000248604104854, -0.00162978610024, 0.000785890733823, 0.000157543632668], [2.11739152292e-05, -0.000578816339839, 0.000136569215101, -0.000114653848868, -0.000424494937761, -0.00304677523673, 0.00998810958117, -0.00377180473879, 0.00126296328381, -0.000898453581613, -0.000721503340174, -0.00108605413698, 0.000536669802386], [-0.000319539249176, 5.19213499501e-05, -0.000778310466558, -0.000268051691819, 0.00125609803945, -0.000916622229852, -0.00377180473879, 0.0117877759039, -0.00404081074521, 0.000684401253238, -0.00026346577215, -0.00125373702031, -0.00056377571309], [5.235808203e-05, -0.000250883516856, 8.63588793436e-05, -9.9360353488e-05, -0.00147131388076, 0.000236566411331, 0.00126296328381, -0.00404081074521, 0.013926519081, -0.00491952011362, 0.000420011201641, 0.00148296868429, -0.00119699083734], [-0.000344254483934, -0.000265061360551, -0.000115012386232, -0.000587112212088, -0.000122528348584, 0.000248604104854, -0.000898453581613, 0.000684401253238, -0.00491952011362, 0.013859369792, -0.00439180061221, 4.44539691671e-05, -0.000628512410913], [0.000130324347992, -0.000101706085843, -0.000463376025436, 0.0010669012554, -1.99074065677e-06, -0.00162978610024, -0.000721503340174, -0.00026346577215, 0.000420011201641, -0.00439180061221, 0.0156406573951, -0.00539324479178, 0.00127070350572], [-0.00017488906451, -0.000192299397895, 0.000166140482179, -0.000341999897501, -0.000811042671558, 0.000785890733823, -0.00108605413698, -0.00125373702031, 0.00148296868429, 4.44539691671e-05, -0.00539324479178, 0.0183491986245, -0.00699939765036], [7.8580036643e-05, 0.000211499194847, -0.000600209285039, 0.000474943808513, -0.000187330268091, 0.000157543632668, 0.000536669802386, -0.00056377571309, -0.00119699083734, -0.000628512410913, 0.00127070350572, -0.00699939765036, 0.0176893956959]], "mean": [-626.016052246, 90.9349594116, 12.6293201447, 33.9685935974, 3.32013702393, 13.1610965729, -1.8676892519, 6.27841663361, 1.92540752888, 10.6315345764, 6.67084646225, 2.38392949104, 0.989532053471]}, "spectral_contrast_valleys": {"min": [-13.0281505585, -11.1006669998, -11.6565933228, -11.6260795593, -11.4057693481, -14.5364751816], "max": [-5.22935247421, -4.79864215851, -5.22695398331, -5.5657916069, -5.38063955307, -7.11348724365], "dvar2": [0.259886175394, 0.260314077139, 0.245568096638, 0.22736518085, 0.271305769682, 0.277733504772], "median": [-6.76866292953, -6.59870052338, -7.45657253265, -7.62338161469, -7.15283298492, -9.22156906128], "dmean2": [0.611319065094, 0.575317144394, 0.532455027103, 0.493832409382, 0.442673027515, 0.389121770859], "dmean": [0.375205427408, 0.364140540361, 0.350391805172, 0.334471493959, 0.30376932025, 0.282538712025], "var": [0.956486940384, 0.557845592499, 0.709293365479, 0.689503550529, 0.804421722889, 1.63209855556], "dvar": [0.109089866281, 0.116574726999, 0.118258535862, 0.118671789765, 0.136477604508, 0.149807751179], "mean": [-7.02191829681, -6.72760009766, -7.565305233, -7.71842384338, -7.30755710602, -9.68772220612]}, "barkbands_flatness_db": {"min": 0.0195692069829, "max": 0.468716531992, "dvar2": 0.00117838114966, "median": 0.099906668067, "dmean2": 0.0327770933509, "dmean": 0.0208602007478, "var": 0.00349305337295, "dvar": 0.000509673263878, "mean": 0.115583255887}, "dynamic_complexity": 2.89431548119, "erbbands_flatness_db": {"min": 0.0422358363867, "max": 0.42535212636, "dvar2": 0.000403068639571, "median": 0.11653291434, "dmean2": 0.0194627027959, "dmean": 0.0130436234176, "var": 0.00173677608836, "dvar": 0.00020419563225, "mean": 0.127305611968}