{"lowlevel": {"spectral_complexity": {"min": 0, "max": 59, "dvar2": 35.0130004883, "median": 6, "dmean2": 3.61320328712, "dmean": 2.63183808327, "var": 77.7608718872, "dvar": 21.8008499146, "mean": 9.07448291779}, "silence_rate_20dB": {"min": 1, "max": 1, "dvar2": 0, "median": 1, "dmean2": 0, "dmean": 0, "var": 0, "dvar": 0, "mean": 1}, "average_loudness": 0.899280428886, "erbbands_spread": {"min": 1.22122836113, "max": 209.685974121, "dvar2": 1191.34326172, "median": 29.6715526581, "dmean2": 23.6834011078, "dmean": 15.5865840912, "var": 1083.02648926, "dvar": 525.744689941, "mean": 40.7074890137}, "spectral_kurtosis": {"min": -1.54405760765, "max": 228.352981567, "dvar2": 94.7596588135, "median": 5.26007652283, "dmean2": 5.46414041519, "dmean": 3.6965482235, "var": 380.341247559, "dvar": 39.6456985474, "mean": 10.1408023834}, "barkbands_kurtosis": {"min": -1.97518849373, "max": 476.859222412, "dvar2": 1846.47119141, "median": 9.90192508698, "dmean2": 25.8022098541, "dmean": 16.1167449951, "var": 1282.05822754, "dvar": 739.768371582, "mean": 23.8741226196}, "spectral_strongpeak": {"min": 0, "max": 10.1718053818, "dvar2": 0.904406666756, "median": 0.312451511621, "dmean2": 0.485592961311, "dmean": 0.291440010071, "var": 0.650909721851, "dvar": 0.370163232088, "mean": 0.52572453022}, "spectral_spread": {"min": 511788.28125, "max": 27470196, "dvar2": 6651208269820.0, "median": 5470857, "dmean2": 1951093.25, "dmean": 1414433.625, "var": 8447511756800.0, "dvar": 3312251043840.0, "mean": 5973222}, "spectral_rms": {"min": 3.80971421077e-10, "max": 0.0155078778043, "dvar2": 1.0771243069e-05, "median": 0.00320273963735, "dmean2": 0.00189259334002, "dmean": 0.00126517866738, "var": 8.52469383972e-06, "dvar": 4.50973038824e-06, "mean": 0.00378808751702}, "erbbands": {"min": [3.54819042975e-21, 3.00008811585e-20, 2.28957441399e-19, 8.6428121399e-19, 3.43855237646e-18, 8.57016355503e-18, 2.05840652886e-17, 4.54679940722e-17, 9.29675040242e-17, 1.7588550476e-16, 3.26207264004e-16, 5.73893197369e-16, 9.77866185683e-16, 1.61610275858e-15, 2.60562072949e-15, 4.12544093532e-15, 6.38273164722e-15, 9.71640641751e-15, 1.45480822484e-14, 2.14225067807e-14, 3.1054531776e-14, 4.42530093245e-14, 6.1985945619e-14, 8.50884846523e-14, 1.14180325893e-13, 1.49207659032e-13, 1.88900991746e-13, 2.30054744785e-13, 2.67038263247e-13, 2.91660033798e-13, 2.94889655229e-13, 2.69726732269e-13, 2.16488136554e-13, 1.4661909924e-13, 8.08683496686e-14, 3.79714638096e-14, 2.03429497368e-14, 1.36110334158e-14, 6.21152003056e-15, 9.88072085664e-16], "max": [5.61923265457, 38.2344970703, 122.040908813, 218.82069397, 358.761657715, 280.609954834, 380.798156738, 418.210083008, 1201.9699707, 1154.55993652, 3626.91479492, 1129.68151855, 3471.83789062, 1239.31835938, 2177.14160156, 2071.19189453, 1080.49108887, 1505.8894043, 1031.15527344, 576.721008301, 1024.72399902, 328.191497803, 522.19140625, 410.282958984, 322.728393555, 235.335678101, 237.272521973, 246.42288208, 278.384338379, 349.14050293, 179.609863281, 228.390365601, 239.345535278, 68.4461212158, 22.7614421844, 11.2038230896, 4.18243980408, 2.41747426987, 0.279162675142, 0.0102290483192], "dvar2": [0.902428984642, 55.4009475708, 543.587463379, 787.658691406, 2568.70092773, 1694.41467285, 625.629638672, 1024.30236816, 5792.59912109, 11263.9082031, 12856.6894531, 2596.36694336, 4934.00244141, 5371.77148438, 4965.26318359, 3798.64794922, 3743.55834961, 2301.52709961, 1039.66210938, 574.271850586, 869.773071289, 270.02154541, 337.401824951, 655.414306641, 532.40814209, 489.6121521, 366.303588867, 317.61138916, 211.287750244, 215.372711182, 99.3532409668, 70.4157104492, 44.112285614, 10.1583738327, 5.34142923355, 1.74326956272, 0.26401245594, 0.0655844584107, 0.00145314785186, 2.26728116104e-06], "median": [0.0191571097821, 0.48526597023, 1.32545566559, 0.863535821438, 2.30224084854, 4.49302434921, 4.3376083374, 2.57920312881, 2.38032388687, 1.70254528522, 1.42426133156, 1.03037261963, 1.07527899742, 0.992768228054, 0.661369025707, 0.518146395683, 0.502887010574, 0.476850241423, 0.352905601263, 0.270884037018, 0.217890769243, 0.255507349968, 0.297088176012, 0.306827902794, 0.3024559021, 0.257339417934, 0.180989474058, 0.201248884201, 0.222394004464, 0.178265333176, 0.13791538775, 0.138074576855, 0.0995974913239, 0.0629157945514, 0.0407834351063, 0.0144275473431, 0.00323752779514, 0.00105202267878, 0.000163604941918, 2.04484513233e-05], "dmean2": [0.308921456337, 2.75292515755, 8.1324300766, 10.0863466263, 16.5649776459, 16.0780696869, 11.5703163147, 13.1218967438, 23.2942371368, 29.5781860352, 28.5681438446, 14.9979724884, 19.6970539093, 21.8500499725, 18.1065769196, 16.6018829346, 15.7319049835, 12.7531957626, 8.74920845032, 7.64827632904, 7.40762329102, 5.48385286331, 5.4326543808, 6.78378248215, 6.05548334122, 5.57267379761, 4.6152639389, 4.610891819, 4.49719285965, 4.45814657211, 3.21213388443, 2.51843857765, 1.85288202763, 1.27143287659, 0.96145170927, 0.518770575523, 0.192308843136, 0.0896031707525, 0.0148084452376, 0.000620022357907], "dmean": [0.17621704936, 1.58688044548, 4.56978702545, 5.75990438461, 9.46424865723, 9.37432098389, 6.81327295303, 7.55925893784, 13.8309898376, 17.6580791473, 19.4436988831, 9.91360569, 13.1513109207, 13.8275413513, 11.3884401321, 11.1487941742, 10.0378141403, 8.6906452179, 6.06406497955, 5.26821565628, 5.10040521622, 3.69513559341, 3.6212041378, 4.26920986176, 3.83065748215, 3.46588158607, 2.97740125656, 3.15439510345, 3.36534833908, 3.43728923798, 2.44954824448, 1.8281365633, 1.29917788506, 0.865023612976, 0.618957102299, 0.332676291466, 0.124622926116, 0.0583167262375, 0.00957568828017, 0.000397289957618], "var": [0.25575825572, 15.9746484756, 128.559051514, 214.935119629, 713.22833252, 547.615844727, 342.347961426, 361.563293457, 2099.21411133, 4318.04492188, 12375.3388672, 1767.90612793, 4771.10546875, 3611.37426758, 3410.52563477, 3089.21508789, 1986.55041504, 2205.69799805, 1075.13659668, 633.209350586, 1245.93896484, 291.221862793, 348.937591553, 456.782470703, 279.647491455, 177.150680542, 163.923233032, 212.496643066, 259.084503174, 280.015899658, 117.682891846, 82.9627075195, 42.7577934265, 9.1380109787, 2.9783539772, 0.847494900227, 0.13346453011, 0.032853204757, 0.000716560985893, 1.07896676127e-06], "dvar": [0.326692312956, 20.3479328156, 189.593811035, 286.204956055, 968.91003418, 644.041137695, 249.243896484, 376.17980957, 2113.25439453, 4100.52685547, 5968.453125, 1113.47155762, 2501.43652344, 2370.43237305, 2187.67773438, 1730.01025391, 1487.38342285, 1119.84545898, 497.464202881, 294.134185791, 455.546447754, 126.183547974, 155.647659302, 255.802993774, 204.70463562, 180.302352905, 143.201339722, 138.131546021, 116.977745056, 125.571708679, 55.3427810669, 38.3554420471, 21.940328598, 4.91865634918, 2.32723069191, 0.766512453556, 0.119770407677, 0.0299019291997, 0.000661532860249, 1.01685520804e-06], "mean": [0.15964370966, 1.76127719879, 4.62788009644, 5.09040689468, 8.46374320984, 10.3840694427, 9.50675868988, 8.94493293762, 15.9062643051, 20.4956684113, 26.8979511261, 13.7707948685, 16.6857872009, 16.4993343353, 14.4808063507, 14.7105207443, 12.6674394608, 12.4862127304, 8.6337594986, 7.79971837997, 7.79572057724, 5.56101608276, 5.44086170197, 6.04418182373, 5.30943059921, 4.40684986115, 3.85775852203, 4.47631692886, 5.10251140594, 5.11261749268, 3.54937958717, 2.59421944618, 1.71778917313, 0.999249279499, 0.608662247658, 0.301318079233, 0.112811356783, 0.051630333066, 0.0082915648818, 0.000352775328793]}, "zerocrossingrate": {"min": 0.00244140625, "max": 0.697265625, "dvar2": 0.000633705582004, "median": 0.03564453125, "dmean2": 0.0186984520406, "dmean": 0.0156764630228, "var": 0.00243068183772, "dvar": 0.00047543013352, "mean": 0.0493253096938}, "spectral_contrast_coeffs": {"min": [-0.998343765736, -0.998364388943, -0.998364388943, -0.998413205147, -0.996330916882, -0.978062987328], "max": [-0.300293415785, -0.365037918091, -0.411348193884, -0.424685448408, -0.453223347664, -0.592851638794], "dvar2": [0.00573573261499, 0.00428267009556, 0.00344342365861, 0.00241392455064, 0.00138744863216, 0.00132848892827], "median": [-0.628431558609, -0.730354011059, -0.779999911785, -0.800464093685, -0.82823818922, -0.831023097038], "dmean2": [0.088563516736, 0.0727991089225, 0.0712164193392, 0.0555795431137, 0.0401594676077, 0.0326508805156], "dmean": [0.0540985576808, 0.0449828915298, 0.0448895134032, 0.0377995334566, 0.0270070694387, 0.0222358629107], "var": [0.00936065427959, 0.00586515152827, 0.0075238593854, 0.0079978806898, 0.0048580034636, 0.00316856778227], "dvar": [0.00220867851749, 0.00173963676207, 0.00153940671589, 0.00126733270008, 0.000729051826056, 0.000636285461951], "mean": [-0.619987666607, -0.72107309103, -0.765948176384, -0.782569050789, -0.813831627369, -0.82272952795]}, "dissonance": {"min": 0.101303033531, "max": 0.500000238419, "dvar2": 0.00353442039341, "median": 0.437288850546, "dmean2": 0.0621386356652, "dmean": 0.0372998975217, "var": 0.00381449516863, "dvar": 0.00129054009449, "mean": 0.42018699646}, "spectral_energyband_high": {"min": 1.06821680789e-16, "max": 0.0209876019508, "dvar2": 2.83301756099e-06, "median": 5.02660004713e-05, "dmean2": 0.000693149282597, "dmean": 0.000523812079336, "var": 3.90941295336e-06, "dvar": 1.7239420913e-06, "mean": 0.000747480022255}, "spectral_skewness": {"min": -0.653798699379, "max": 12.9962720871, "dvar2": 0.63153976202, "median": 1.97918343544, "dmean2": 0.655318081379, "dmean": 0.46599522233, "var": 2.37509322166, "dvar": 0.305467039347, "mean": 2.31730818748}, "spectral_flux": {"min": 1.03771089925e-05, "max": 0.459380269051, "dvar2": 0.00840885005891, "median": 0.0484324358404, "dmean2": 0.059519905597, "dmean": 0.0390230081975, "var": 0.0073015615344, "dvar": 0.00396937597543, "mean": 0.0790911093354}, "silence_rate_30dB": {"min": 0, "max": 1, "dvar2": 0.167644485831, "median": 1, "dmean2": 0.143339112401, "dmean": 0.0716630220413, "var": 0.0481151379645, "dvar": 0.0665236711502, "mean": 0.949311673641}, "spectral_energyband_middle_high": {"min": 6.71272245851e-18, "max": 0.0718843713403, "dvar2": 2.9796254239e-05, "median": 0.000207327728276, "dmean2": 0.00201157690026, "dmean": 0.00140691711567, "var": 3.32929630531e-05, "dvar": 1.40031688716e-05, "mean": 0.00235979817808}, "barkbands_spread": {"min": 0.310072869062, "max": 132.871261597, "dvar2": 394.97555542, "median": 8.91524028778, "dmean2": 11.2924785614, "dmean": 7.36186218262, "var": 306.727508545, "dvar": 164.759292603, "mean": 15.2921638489}, "spectral_centroid": {"min": 123.147232056, "max": 5952.47070312, "dvar2": 264723.53125, "median": 538.061096191, "dmean2": 336.869750977, "dmean": 223.780838013, "var": 390404, "dvar": 125364.25, "mean": 763.396972656}, "pitch_salience": {"min": 0.101666674018, "max": 0.994683027267, "dvar2": 0.0162042956799, "median": 0.523857057095, "dmean2": 0.145704507828, "dmean": 0.0889960750937, "var": 0.0165074300021, "dvar": 0.00609108107165, "mean": 0.51862603426}, "erbbands_skewness": {"min": -6.19987869263, "max": 10.9831085205, "dvar2": 1.42384374142, "median": 1.0751452446, "dmean2": 1.05695617199, "dmean": 0.702006936073, "var": 2.41385698318, "dvar": 0.653227508068, "mean": 1.34664726257}, "erbbands_crest": {"min": 2.34134316444, "max": 32.2952575684, "dvar2": 19.6400642395, "median": 9.61733531952, "dmean2": 4.77453422546, "dmean": 2.89586281776, "var": 20.283367157, "dvar": 7.64930868149, "mean": 10.4490728378}, "melbands": {"min": [3.12877507358e-23, 8.97653596184e-23, 2.1442577312e-22, 3.98096623714e-22, 6.65217547996e-22, 1.00956050805e-21, 1.4959064585e-21, 2.0798852677e-21, 2.83836202764e-21, 3.76234862125e-21, 4.91542425877e-21, 6.29102561744e-21, 7.92669732669e-21, 9.94491058477e-21, 1.22722906747e-20, 1.50188598882e-20, 1.82570199547e-20, 2.20448512319e-20, 2.6430588689e-20, 3.14541922584e-20, 3.72285236259e-20, 4.37331359209e-20, 5.11551658322e-20, 5.93929573862e-20, 6.84887258748e-20, 7.8487420163e-20, 8.92541645747e-20, 1.00690078715e-19, 1.12592399936e-19, 1.24640905943e-19, 1.36421185712e-19, 1.47443703417e-19, 1.5694373058e-19, 1.64207798075e-19, 1.68344592942e-19, 1.68433553632e-19, 1.63727632654e-19, 1.53744131347e-19, 1.38530690145e-19, 1.18997737633e-19], "max": [0.0521403327584, 0.0577526390553, 0.0318427346647, 0.0276799090207, 0.0112399468198, 0.00913806539029, 0.0163112226874, 0.0139375384897, 0.0339766591787, 0.00607448862866, 0.0172580610961, 0.00526327779517, 0.00675364723429, 0.00484864693135, 0.00487865693867, 0.00307777454145, 0.00283212959766, 0.00173098128289, 0.000825956114568, 0.0010639578104, 0.00126663222909, 0.000550469965674, 0.000290253083222, 0.000498138833791, 0.000399919314077, 0.000315689481795, 0.000253434845945, 0.000155079571414, 0.000156219612109, 0.000212909610127, 0.000148648003233, 0.000127188890474, 0.000239951303229, 0.000178928909008, 0.000111009008833, 7.76232263888e-05, 0.000179473063326, 0.000197306537302, 9.42774786381e-05, 5.05761308887e-05], "dvar2": [7.05678321538e-05, 0.000127513922052, 2.10853013414e-05, 1.69339655258e-05, 5.96016434429e-07, 5.01184899804e-07, 1.64938762737e-06, 1.09428810902e-06, 8.48073455018e-07, 1.00831783811e-07, 1.3049562142e-07, 1.03530631179e-07, 5.7748565041e-08, 2.75919624926e-08, 4.19635419746e-08, 1.77642522914e-08, 8.29513524536e-09, 3.77827236164e-09, 1.66401759039e-09, 1.59119173393e-09, 1.63890034877e-09, 4.1655812133e-10, 2.07454567414e-10, 4.54385556958e-10, 5.08650288555e-10, 3.38963634938e-10, 2.86119350434e-10, 2.19585877259e-10, 1.70253339205e-10, 1.36103975312e-10, 1.1259165128e-10, 7.36564628734e-11, 8.26599760861e-11, 7.63915250501e-11, 4.03220547229e-11, 2.65174705111e-11, 3.33255922857e-11, 2.93188875955e-11, 1.27962068025e-11, 8.11046976107e-12], "median": [0.00036339048529, 0.000801461050287, 0.00020537727687, 0.000255264516454, 0.000170396117028, 6.11428768025e-05, 3.58063480235e-05, 1.53001928993e-05, 9.51029505813e-06, 5.87065323998e-06, 4.69779251944e-06, 3.63266281056e-06, 2.25756230066e-06, 1.1323443232e-06, 9.91638103187e-07, 8.61767546212e-07, 6.95605820056e-07, 4.28145227716e-07, 3.25850663785e-07, 2.45042031111e-07, 2.06503585787e-07, 2.28224706689e-07, 2.09365921933e-07, 2.65380776909e-07, 2.21702393333e-07, 2.19822041458e-07, 1.92611182115e-07, 1.40525941106e-07, 1.05763653835e-07, 9.37415691737e-08, 1.13636708932e-07, 1.20402134485e-07, 1.0222230884e-07, 9.02420680404e-08, 7.61484955092e-08, 7.18885360129e-08, 8.33922726429e-08, 7.24438322663e-08, 5.43802052277e-08, 4.92881433445e-08], "dmean2": [0.00293540861458, 0.00402474123985, 0.001840375131, 0.00133323960472, 0.000397080031689, 0.000294518424198, 0.000382134428946, 0.000302275526337, 0.000229450102779, 9.54187999014e-05, 0.000103434162156, 9.45227293414e-05, 6.30682407063e-05, 4.47257007181e-05, 4.98062145198e-05, 3.27073175868e-05, 2.34099316003e-05, 1.58740222105e-05, 1.19186979646e-05, 1.07441446744e-05, 8.95174707694e-06, 6.37296398054e-06, 4.59725606561e-06, 5.61879778616e-06, 5.87074828218e-06, 5.03261617268e-06, 4.28716020906e-06, 3.7219317619e-06, 3.13292457577e-06, 2.71707131105e-06, 2.89858621727e-06, 2.67868131232e-06, 2.67921745944e-06, 2.62313960775e-06, 2.01833495339e-06, 1.61024252066e-06, 1.62792025549e-06, 1.42196597608e-06, 1.13976136618e-06, 1.11497524813e-06], "dmean": [0.00170609948691, 0.00230981665663, 0.00105531117879, 0.000767635297962, 0.000235381696257, 0.000170300918398, 0.000225100564421, 0.000185688593774, 0.000156088906806, 6.21327853878e-05, 6.84813858243e-05, 5.9336402046e-05, 4.07258958148e-05, 2.88525425276e-05, 3.21753650496e-05, 2.1043480956e-05, 1.58285583893e-05, 1.08739732241e-05, 7.90420745034e-06, 7.17000511941e-06, 6.03982516623e-06, 4.20613332608e-06, 3.06172842102e-06, 3.64642005479e-06, 3.6352787447e-06, 3.13944792651e-06, 2.68641838375e-06, 2.28120711654e-06, 1.96810697162e-06, 1.75199045316e-06, 1.95917800738e-06, 1.93338564713e-06, 2.00965109798e-06, 1.94831545741e-06, 1.49870948007e-06, 1.17842728287e-06, 1.14420913633e-06, 9.80487925517e-07, 7.77916454808e-07, 7.49163689306e-07], "var": [2.16515963984e-05, 3.28156347678e-05, 5.875885563e-06, 4.76540071759e-06, 3.6189217667e-07, 1.83722690394e-07, 5.38594406407e-07, 5.28612531525e-07, 7.23790151369e-07, 7.13785368589e-08, 1.26073643969e-07, 6.37759214328e-08, 4.72114969341e-08, 1.99981204929e-08, 2.37805206638e-08, 1.14404166141e-08, 7.62869145632e-09, 3.61363916568e-09, 1.39577149838e-09, 1.25265942064e-09, 2.28217889031e-09, 4.25042334662e-10, 2.03512831587e-10, 4.17763740268e-10, 3.30731719789e-10, 1.87434595622e-10, 1.319210019e-10, 7.58468843287e-11, 6.82483167203e-11, 6.29525598317e-11, 8.07386310586e-11, 7.96075705356e-11, 9.77677661052e-11, 8.54766743497e-11, 4.40645679667e-11, 2.55816895445e-11, 3.82277404176e-11, 2.60149748965e-11, 1.15066896983e-11, 6.4029194273e-12], "dvar": [2.6151752536e-05, 4.54922519566e-05, 7.69829512137e-06, 6.38252276985e-06, 2.44448727926e-07, 1.8515531508e-07, 5.8770041278e-07, 4.13475845562e-07, 3.92344901456e-07, 4.34620979206e-08, 6.59385150925e-08, 4.5094061818e-08, 2.60435477628e-08, 1.23760761639e-08, 1.75317591555e-08, 7.39553174256e-09, 4.04037292512e-09, 1.83314796676e-09, 7.82410913835e-10, 7.40551397982e-10, 8.56007098538e-10, 1.93699487006e-10, 9.66940555402e-11, 2.08253927991e-10, 1.96086633042e-10, 1.3121914666e-10, 1.08871328619e-10, 8.03955652051e-11, 6.48908496381e-11, 5.37902777875e-11, 5.03392223739e-11, 3.86029819222e-11, 4.57372473228e-11, 4.16172166173e-11, 2.16023587907e-11, 1.33953178411e-11, 1.80341193368e-11, 1.44041766362e-11, 5.96332575334e-12, 3.81580704534e-12], "mean": [0.00173782987986, 0.00249791704118, 0.00096259417478, 0.000737865106203, 0.000345911306795, 0.000205164396903, 0.000252851372352, 0.000225961586693, 0.00021004716109, 8.34338061395e-05, 8.48806084832e-05, 6.78596625221e-05, 5.22170339536e-05, 3.64217848983e-05, 3.83756014344e-05, 2.71807020908e-05, 2.2131296646e-05, 1.44511050166e-05, 1.07581672637e-05, 9.82426172413e-06, 8.94136246643e-06, 5.90032368564e-06, 4.46129615739e-06, 5.09837445861e-06, 4.89348121846e-06, 4.25685539085e-06, 3.51790276909e-06, 2.72813781521e-06, 2.41284351432e-06, 2.2771246222e-06, 2.74189119409e-06, 2.83036024484e-06, 2.9434663702e-06, 2.79845471596e-06, 2.13176076613e-06, 1.61874481819e-06, 1.58714215104e-06, 1.26867394101e-06, 9.50389676291e-07, 8.24922210541e-07]}, "spectral_entropy": {"min": 4.43242454529, "max": 9.55922317505, "dvar2": 0.309773653746, "median": 7.00537204742, "dmean2": 0.495560228825, "dmean": 0.346454799175, "var": 0.740434587002, "dvar": 0.151309549809, "mean": 6.93577289581}, "spectral_rolloff": {"min": 64.599609375, "max": 21447.0703125, "dvar2": 7499043.5, "median": 409.130859375, "dmean2": 1030.42370605, "dmean": 581.610656738, "var": 3776616.5, "dvar": 2865688.75, "mean": 1028.25610352}, "barkbands": {"min": [6.83501116036e-24, 1.19420818302e-22, 2.39856124349e-22, 3.8226563685e-22, 2.38250210544e-21, 4.79504363024e-21, 7.84817979198e-21, 1.23337637652e-20, 2.60046520658e-20, 3.87698292946e-20, 5.33989998725e-20, 9.42150252021e-20, 1.42716585936e-19, 2.11487425636e-19, 3.32692249164e-19, 5.08244015084e-19, 7.55455368048e-19, 1.22077775663e-18, 1.97938716435e-18, 3.15154738048e-18, 5.27228544265e-18, 7.75280157635e-18, 1.02219489397e-17, 1.30294363347e-17, 1.22160878363e-17, 1.09752284092e-17, 5.31876736825e-17], "max": [0.0084627494216, 0.179855972528, 0.133125334978, 0.0647832378745, 0.104210041463, 0.0480893626809, 0.0655414760113, 0.129386991262, 0.057506006211, 0.0895498991013, 0.0465743653476, 0.0416234433651, 0.0262280851603, 0.0205787438899, 0.0159725211561, 0.014859167859, 0.0123189752921, 0.0105268070474, 0.00705859763548, 0.00541030755267, 0.0063484236598, 0.00865112151951, 0.00769124086946, 0.0144797125831, 0.00389580964111, 0.00225091958418, 0.00166528031696], "dvar2": [2.48385867962e-06, 0.000960173783824, 0.00050165731227, 5.2880775911e-05, 0.000240288354689, 1.36225571623e-05, 5.11752114107e-05, 2.06310924113e-05, 7.00485543348e-06, 6.35126161797e-06, 3.41983786711e-06, 2.40832537202e-06, 2.09489985536e-06, 7.61782303016e-07, 3.23362712606e-07, 2.91460793278e-07, 1.11381716295e-07, 1.61067816862e-07, 2.40386242467e-07, 2.20265278017e-07, 2.20439389409e-07, 1.60435263297e-07, 1.42250300428e-07, 1.61790779885e-07, 9.10399151621e-08, 8.97701752933e-08, 5.13334867946e-08], "median": [3.27075713358e-06, 0.00182494963519, 0.000631147937384, 0.000217426306335, 0.00126581615768, 0.000361790735042, 0.00013865857909, 4.95846616104e-05, 4.78810397908e-05, 2.03231466003e-05, 1.54518093041e-05, 1.13664355013e-05, 8.78556420503e-06, 6.75091905578e-06, 4.16451030105e-06, 3.3094668197e-06, 3.81009363082e-06, 5.36655124961e-06, 5.59587670068e-06, 5.48145499124e-06, 4.5295464588e-06, 6.15863154962e-06, 4.94152936881e-06, 6.48525065117e-06, 5.79185052629e-06, 2.36852633861e-06, 8.78954324435e-07], "dmean2": [0.0005242783227, 0.0113410558552, 0.00765160564333, 0.00291764293797, 0.00519495503977, 0.00158333592117, 0.00204260717146, 0.00124962849077, 0.000793900107965, 0.000722849159501, 0.000494669133332, 0.000425127189374, 0.000359165365808, 0.000244613882387, 0.000162371070473, 0.000147966522491, 0.000101591977, 0.000110529741505, 0.000132428816869, 0.000119511016237, 0.000113131645776, 0.000127046077978, 0.000119642951177, 0.000113943548058, 0.000127254708786, 0.000115438873763, 8.58721396071e-05], "dmean": [0.000307681737468, 0.00657730037346, 0.0042861844413, 0.00166234211065, 0.00302822142839, 0.000915575597901, 0.0011937111849, 0.000840236549266, 0.000513172708452, 0.000456233479781, 0.0003178412735, 0.000279548781691, 0.000225803698413, 0.000165161429322, 0.00010746744374, 9.99178155325e-05, 6.73913236824e-05, 7.29706371203e-05, 8.26052564662e-05, 7.41528201615e-05, 7.53382846597e-05, 9.70842374954e-05, 9.18204677873e-05, 8.16858519102e-05, 8.4596198576e-05, 7.45805373299e-05, 5.54811849725e-05], "var": [9.04366856957e-07, 0.000294551253319, 0.000119225842354, 1.44390442074e-05, 7.3028539191e-05, 5.09019537276e-06, 1.59236551553e-05, 2.11419701373e-05, 4.36896243627e-06, 4.9822820074e-06, 2.94319488603e-06, 1.81516304565e-06, 1.04786124666e-06, 6.77401374105e-07, 2.76948611599e-07, 3.53064962155e-07, 1.41835045042e-07, 1.56978927635e-07, 1.40528328529e-07, 8.10641864746e-08, 1.18708342711e-07, 2.19606434371e-07, 1.70371549757e-07, 1.80623729307e-07, 6.53683613905e-08, 4.55560673629e-08, 2.5559510064e-08], "dvar": [9.02025135474e-07, 0.000357224082109, 0.000175956069143, 1.88793273992e-05, 9.16873468668e-05, 5.02785951539e-06, 1.81167033588e-05, 9.5147133834e-06, 2.98231498164e-06, 2.96991356663e-06, 1.56604596668e-06, 1.07389996629e-06, 8.17571390144e-07, 3.5600709225e-07, 1.49155113149e-07, 1.47886325408e-07, 5.50309486869e-08, 7.51748032712e-08, 9.29364674107e-08, 8.14726490717e-08, 9.01311949519e-08, 9.49401410821e-08, 7.96050869667e-08, 8.53818207247e-08, 4.21275281326e-08, 4.06300912914e-08, 2.34722108416e-08], "mean": [0.000289935152978, 0.00716598937288, 0.00388893485069, 0.00148274435196, 0.00322992866859, 0.00110269454308, 0.00130099675152, 0.00115057243966, 0.000665433588438, 0.000508776342031, 0.000405659433454, 0.000362941384083, 0.00027245041565, 0.000224530333071, 0.00014430997544, 0.000141841213917, 9.59297685768e-05, 0.000103719678009, 0.000112649184302, 9.40409154282e-05, 0.00010335976549, 0.000147714279592, 0.000133057532366, 0.000113082409371, 8.92177122296e-05, 6.74486946082e-05, 4.81534989376e-05]}, "melbands_flatness_db": {"min": 0.037938926369, "max": 0.673469007015, "dvar2": 0.00421838182956, "median": 0.29855260253, "dmean2": 0.0611143447459, "dmean": 0.0426180548966, "var": 0.0131442751735, "dvar": 0.00197805301286, "mean": 0.306387424469}, "melbands_skewness": {"min": -1.38644206524, "max": 22.0439910889, "dvar2": 6.84105873108, "median": 3.23903632164, "dmean2": 2.18746733665, "dmean": 1.44883584976, "var": 7.26969814301, "dvar": 3.05468082428, "mean": 3.88670277596}, "barkbands_skewness": {"min": -3.44617152214, "max": 20.2438182831, "dvar2": 4.84824323654, "median": 2.5694527626, "dmean2": 1.92487668991, "dmean": 1.25864219666, "var": 5.50283575058, "dvar": 2.01676416397, "mean": 3.11136460304}, "silence_rate_60dB": {"min": 0, "max": 1, "dvar2": 0.139429748058, "median": 0, "dmean2": 0.136044502258, "dmean": 0.0680160447955, "var": 0.179945737123, "dvar": 0.0633975639939, "mean": 0.235299482942}, "spectral_energyband_low": {"min": 5.32320713514e-22, "max": 0.224401026964, "dvar2": 0.00259600300342, "median": 0.00410496862605, "dmean2": 0.0187215451151, "dmean": 0.0111414762214, "var": 0.000836801773403, "dvar": 0.0009805127047, "mean": 0.0121896862984}, "spectral_energyband_middle_low": {"min": 6.34372825079e-20, "max": 0.168297529221, "dvar2": 0.000707061262801, "median": 0.00345999002457, "dmean2": 0.0108441794291, "dmean": 0.00668421853334, "var": 0.000303966400679, "dvar": 0.000279155181488, "mean": 0.00906360335648}, "melbands_kurtosis": {"min": -1.96503031254, "max": 817.681518555, "dvar2": 6024.39746094, "median": 19.8733177185, "dmean2": 46.0979156494, "dmean": 29.4334907532, "var": 3999.49902344, "dvar": 2544.96118164, "mean": 44.206035614}, "spectral_decrease": {"min": -6.44725730581e-08, "max": 3.94464798636e-17, "dvar2": 2.41917030189e-16, "median": -2.6528035324e-09, "dmean2": 6.89389390018e-09, "dmean": 4.27697832706e-09, "var": 9.49136217775e-17, "dvar": 9.32240358932e-17, "mean": -5.88077675445e-09}, "erbbands_kurtosis": {"min": -1.91705310345, "max": 184.370178223, "dvar2": 144.498382568, "median": 1.60690498352, "dmean2": 6.43836975098, "dmean": 4.09481287003, "var": 120.601539612, "dvar": 61.5577087402, "mean": 5.67256355286}, "melbands_crest": {"min": 2.75038576126, "max": 33.8296432495, "dvar2": 26.9174690247, "median": 16.1211605072, "dmean2": 5.89053964615, "dmean": 3.60673236847, "var": 29.4854698181, "dvar": 10.402797699, "mean": 16.5554733276}, "gfcc": {"cov": [[23202.3652344, -2227.99462891, -2862.33422852, 1181.62060547, 213.490112305, 432.422149658, 454.779663086, 536.731506348, 472.302154541, 307.088104248, -134.136489868, -16.387008667, -324.725341797], [-2227.99462891, 2117.17480469, 7.65872383118, -485.054931641, 320.156066895, 4.35472154617, 114.51133728, -41.9696006775, -4.55410194397, -38.7991752625, 125.491744995, -76.9247817993, 97.1355514526], [-2862.33422852, 7.65872383118, 2503.34960938, 340.666748047, 50.9521636963, 138.272979736, 67.4853591919, -15.8243522644, -79.5053100586, 28.1229877472, -39.3207473755, 80.8301086426, 53.8246994019], [1181.62060547, -485.054931641, 340.666748047, 1074.4954834, 167.330825806, 98.9911804199, 115.562400818, 161.122451782, 153.666152954, 52.3205337524, 13.6731996536, 32.1489334106, -5.55337142944], [213.490112305, 320.156066895, 50.9521636963, 167.330825806, 619.685913086, 136.998382568, 157.402435303, 98.6700210571, 75.461807251, 94.9781036377, 32.221912384, -4.55428314209, 45.8874473572], [432.422149658, 4.35472154617, 138.272979736, 98.9911804199, 136.998382568, 322.457885742, 137.217834473, 42.2352752686, 52.4407348633, 50.9496192932, 28.247335434, -4.35680484772, -8.75987434387], [454.779663086, 114.51133728, 67.4853591919, 115.562400818, 157.402435303, 137.217834473, 259.046325684, 69.8981399536, 33.1181716919, 50.0090255737, 25.7820644379, 7.09011316299, -2.65145969391], [536.731506348, -41.9696006775, -15.8243522644, 161.122451782, 98.6700210571, 42.2352752686, 69.8981399536, 170.509063721, 84.3490600586, 20.5745487213, 10.9833831787, -1.18782842159, 3.01585507393], [472.302154541, -4.55410194397, -79.5053100586, 153.666152954, 75.461807251, 52.4407348633, 33.1181716919, 84.3490600586, 179.464447021, 49.1437187195, 1.51832532883, -11.2960042953, -7.63253545761], [307.088104248, -38.7991752625, 28.1229877472, 52.3205337524, 94.9781036377, 50.9496192932, 50.0090255737, 20.5745487213, 49.1437187195, 113.129081726, 19.2215061188, -5.46649932861, -7.74936199188], [-134.136489868, 125.491744995, -39.3207473755, 13.6731996536, 32.221912384, 28.247335434, 25.7820644379, 10.9833831787, 1.51832532883, 19.2215061188, 93.3330917358, 12.9367733002, -11.789847374], [-16.387008667, -76.9247817993, 80.8301086426, 32.1489334106, -4.55428314209, -4.35680484772, 7.09011316299, -1.18782842159, -11.2960042953, -5.46649932861, 12.9367733002, 74.8740463257, 18.7818393707], [-324.725341797, 97.1355514526, 53.8246994019, -5.55337142944, 45.8874473572, -8.75987434387, -2.65145969391, 3.01585507393, -7.63253545761, -7.74936199188, -11.789847374, 18.7818393707, 82.8134231567]], "icov": [[7.3877054092e-05, 2.47410971497e-05, 0.000106482373667, -6.71399247949e-05, 1.5039572645e-05, -8.94609183888e-05, -5.50004697288e-05, -0.000145659665577, 5.35422514076e-05, -0.000169028382516, 0.000266976538114, -0.000155281653861, 0.000235044382862], [2.47410971497e-05, 0.0010027429089, -0.000131694177981, 0.000536417763215, -0.000539441069122, 0.00040859283763, -0.00074025982758, 0.00059941917425, -0.000869525887538, 0.00123648322187, -0.00187383848242, 0.00161667063367, -0.00125884637237], [0.000106482373667, -0.000131694177981, 0.000659329991322, -0.00037715601502, 0.00014494410425, -0.000455125700682, 6.91118329996e-05, -0.000272986595519, 0.000662106322125, -0.000710882304702, 0.00107170722913, -0.000917096273042, 0.00035694995313], [-6.71399247949e-05, 0.000536417763215, -0.00037715601502, 0.00163216446526, -0.000446762220236, 0.00034995333408, -0.000513867766131, -0.000202553681447, -0.00134891620837, 0.000983184785582, -0.00133227056358, 0.000531611265615, -0.000604935165029], [1.5039572645e-05, -0.000539441069122, 0.00014494410425, -0.000446762220236, 0.00268143764697, -0.000624797074124, -0.000383693026379, -0.00101114530116, 0.000500157650094, -0.00208996655419, 0.000712808454409, -0.000335081829689, -0.000931810296606], [-8.94609183888e-05, 0.00040859283763, -0.000455125700682, 0.00034995333408, -0.000624797074124, 0.00471268035471, -0.00218786066398, 0.00089691003086, -0.00144705281127, 0.000545911316294, -0.0019863191992, 0.00148150033783, -0.000469848426292], [-5.50004697288e-05, -0.00074025982758, 6.91118329996e-05, -0.000513867766131, -0.000383693026379, -0.00218786066398, 0.00660008424893, -0.00214953674003, 0.00167132960632, -0.00200519314967, 0.0010636842344, -0.00186148693319, 0.00138402776793], [-0.000145659665577, 0.00059941917425, -0.000272986595519, -0.000202553681447, -0.00101114530116, 0.00089691003086, -0.00214953674003, 0.00990172941238, -0.00430511357263, 0.00261884089559, -0.00253221369348, 0.0017458954826, -0.00179284648038], [5.35422514076e-05, -0.000869525887538, 0.000662106322125, -0.00134891620837, 0.000500157650094, -0.00144705281127, 0.00167132960632, -0.00430511357263, 0.0100013175979, -0.00452818535268, 0.00316651584581, -0.00108907034155, 0.0016849944368], [-0.000169028382516, 0.00123648322187, -0.000710882304702, 0.000983184785582, -0.00208996655419, 0.000545911316294, -0.00200519314967, 0.00261884089559, -0.00452818535268, 0.0142601504922, -0.00498535856605, 0.00319656915963, -0.00104655954055], [0.000266976538114, -0.00187383848242, 0.00107170722913, -0.00133227056358, 0.000712808454409, -0.0019863191992, 0.0010636842344, -0.00253221369348, 0.00316651584581, -0.00498535856605, 0.0173107851297, -0.00701198680326, 0.00586016615853], [-0.000155281653861, 0.00161667063367, -0.000917096273042, 0.000531611265615, -0.000335081829689, 0.00148150033783, -0.00186148693319, 0.0017458954826, -0.00108907034155, 0.00319656915963, -0.00701198680326, 0.0189908426255, -0.00676082260907], [0.000235044382862, -0.00125884637237, 0.00035694995313, -0.000604935165029, -0.000931810296606, -0.000469848426292, 0.00138402776793, -0.00179284648038, 0.0016849944368, -0.00104655954055, 0.00586016615853, -0.00676082260907, 0.0172021929175]], "mean": [-105.451499939, 92.3908538818, -53.8439025879, 18.8404006958, -60.9744606018, 6.0083899498, -38.1666412354, 0.753871321678, -26.3605709076, -1.24091219902, -13.5143346786, -0.770182609558, -11.1771907806]}, "melbands_spread": {"min": 0.374279409647, "max": 283.018371582, "dvar2": 416.437896729, "median": 6.63618946075, "dmean2": 8.8504114151, "dmean": 5.79538965225, "var": 377.269195557, "dvar": 189.806259155, "mean": 12.5754337311}, "spectral_energy": {"min": 1.48767705249e-16, "max": 0.246506616473, "dvar2": 0.00357786263339, "median": 0.0105139799416, "dmean2": 0.026679392904, "dmean": 0.0167221575975, "var": 0.00146515690722, "dvar": 0.00138893036637, "mean": 0.0234461072832}, "mfcc": {"cov": [[18522.1992188, -1358.03063965, -2612.02270508, 82.3283462524, -250.867141724, 351.916625977, -26.3886756897, 387.839111328, 241.721160889, 531.274658203, 372.403137207, 260.571594238, 208.17956543], [-1358.03063965, 2154.85986328, 64.772605896, -242.542007446, 74.2998352051, -12.7892465591, 202.49659729, -41.1140174866, 5.31110286713, -35.5547180176, -11.3252725601, -2.1661529541, -11.1680955887], [-2612.02270508, 64.772605896, 1879.67321777, 319.321807861, 145.877365112, 122.543304443, 68.0063552856, 50.7991867065, 19.7008991241, -75.2202453613, -11.227976799, -7.06034612656, -28.0182209015], [82.3283462524, -242.542007446, 319.321807861, 715.266784668, 247.831665039, 99.9204864502, 70.0246200562, 103.004806519, 107.671112061, 78.4699859619, 27.2057743073, 48.9135437012, 69.582824707], [-250.867141724, 74.2998352051, 145.877365112, 247.831665039, 393.08291626, 131.876800537, 90.3422088623, 64.390045166, 107.139984131, 82.9709396362, 37.5527915955, 40.857624054, 43.4658737183], [351.916625977, -12.7892465591, 122.543304443, 99.9204864502, 131.876800537, 300.786956787, 144.906784058, 63.5521354675, 85.1344299316, 70.2044372559, 66.9106826782, 52.6858863831, 32.1102104187], [-26.3886756897, 202.49659729, 68.0063552856, 70.0246200562, 90.3422088623, 144.906784058, 266.346954346, 74.8115386963, 53.2713851929, 36.935092926, 39.8582229614, 37.6033668518, 21.8652172089], [387.839111328, -41.1140174866, 50.7991867065, 103.004806519, 64.390045166, 63.5521354675, 74.8115386963, 166.005737305, 68.0109329224, 41.9381256104, 43.5082588196, 35.742023468, 23.0182056427], [241.721160889, 5.31110286713, 19.7008991241, 107.671112061, 107.139984131, 85.1344299316, 53.2713851929, 68.0109329224, 171.26940918, 80.3555603027, 28.5169563293, 25.1332492828, 26.4689617157], [531.274658203, -35.5547180176, -75.2202453613, 78.4699859619, 82.9709396362, 70.2044372559, 36.935092926, 41.9381256104, 80.3555603027, 154.654006958, 76.960319519, 25.6451759338, 19.9686603546], [372.403137207, -11.3252725601, -11.227976799, 27.2057743073, 37.5527915955, 66.9106826782, 39.8582229614, 43.5082588196, 28.5169563293, 76.960319519, 123.327758789, 47.4246368408, 7.11631345749], [260.571594238, -2.1661529541, -7.06034612656, 48.9135437012, 40.857624054, 52.6858863831, 37.6033668518, 35.742023468, 25.1332492828, 25.6451759338, 47.4246368408, 98.1103439331, 45.580871582], [208.17956543, -11.1680955887, -28.0182209015, 69.582824707, 43.4658737183, 32.1102104187, 21.8652172089, 23.0182056427, 26.4689617157, 19.9686603546, 7.11631345749, 45.580871582, 101.539611816]], "icov": [[8.87897695065e-05, 2.71703975159e-05, 0.000120939788758, -3.7087007513e-05, 0.000134635833092, -0.00014193271636, 9.07351422939e-05, -0.000185459401109, 2.08362253034e-05, -0.000173080450622, -3.9721318899e-05, -7.48295497033e-05, -4.55297922599e-05], [2.71703975159e-05, 0.000590080104303, -1.49170964505e-05, 0.000293004530249, -0.000227335724048, 0.000314012839226, -0.000638661906123, 0.000242860071012, -0.000164557233802, 8.96718629519e-05, -7.35666835681e-05, -3.82279322366e-05, -6.76451236359e-05], [0.000120939788758, -1.49170964505e-05, 0.00081746088108, -0.000390471483115, 8.33347367006e-05, -0.000509565637913, 0.000193963292986, -0.000338944199029, 2.16259650188e-05, 0.000467373087304, -0.000239591143327, 7.31949257897e-05, 0.00029047272983], [-3.7087007513e-05, 0.000293004530249, -0.000390471483115, 0.00226947874762, -0.00111543934327, 0.000385681370972, -0.000284837704385, -0.000458229245851, -0.000254046055488, -0.000497376720887, 0.00046826704056, -0.000167964186403, -0.00082735408796], [0.000134635833092, -0.000227335724048, 8.33347367006e-05, -0.00111543934327, 0.00430217804387, -0.00112044718117, 6.20180362603e-05, -0.00024608860258, -0.000912656250875, -0.00124818657059, 0.000345323205693, -0.000378309254302, -0.000329534057528], [-0.00014193271636, 0.000314012839226, -0.000509565637913, 0.000385681370972, -0.00112044718117, 0.00611333036795, -0.00278067565523, 0.000815162435174, -0.00138509343378, -3.32298841386e-05, -0.00141405733302, -0.000685412727762, -0.000344614207279], [9.07351422939e-05, -0.000638661906123, 0.000193963292986, -0.000284837704385, 6.20180362603e-05, -0.00278067565523, 0.00635142670944, -0.00212981295772, 0.000338292331435, -7.69640755607e-05, 6.37689663563e-05, -0.000420861702878, 7.17562725185e-05], [-0.000185459401109, 0.000242860071012, -0.000338944199029, -0.000458229245851, -0.00024608860258, 0.000815162435174, -0.00212981295772, 0.00919062457979, -0.00270293373615, 0.0011123950826, -0.00207194127142, -0.000658227712847, -0.000223302515224], [2.08362253034e-05, -0.000164557233802, 2.16259650188e-05, -0.000254046055488, -0.000912656250875, -0.00138509343378, 0.000338292331435, -0.00270293373615, 0.0100234672427, -0.00459885783494, 0.00260550365783, -0.00049225933617, -0.00018228488625], [-0.000173080450622, 8.96718629519e-05, 0.000467373087304, -0.000497376720887, -0.00124818657059, -3.32298841386e-05, -7.69640755607e-05, 0.0011123950826, -0.00459885783494, 0.0139955803752, -0.00796482246369, 0.00278734671883, -0.00110282457899], [-3.9721318899e-05, -7.35666835681e-05, -0.000239591143327, 0.00046826704056, 0.000345323205693, -0.00141405733302, 6.37689663563e-05, -0.00207194127142, 0.00260550365783, -0.00796482246369, 0.0162384696305, -0.00672743329778, 0.0032106814906], [-7.48295497033e-05, -3.82279322366e-05, 7.31949257897e-05, -0.000167964186403, -0.000378309254302, -0.000685412727762, -0.000420861702878, -0.000658227712847, -0.00049225933617, 0.00278734671883, -0.00672743329778, 0.017199004069, -0.00676589179784], [-4.55297922599e-05, -6.76451236359e-05, 0.00029047272983, -0.00082735408796, -0.000329534057528, -0.000344614207279, 7.17562725185e-05, -0.000223302515224, -0.00018228488625, -0.00110282457899, 0.0032106814906, -0.00676589179784, 0.0139431804419]], "mean": [-765.14251709, 131.795791626, 51.4411239624, 21.7810344696, 3.87234020233, 1.78159618378, 0.0279535986483, -0.493848651648, -6.56562757492, -2.78415751457, -1.97170233727, -4.04102039337, -3.4304869175]}, "spectral_contrast_valleys": {"min": [-22.7352809906, -22.73802948, -22.7441616058, -22.7568759918, -22.8521213531, -23.502035141], "max": [-4.76858377457, -4.14766073227, -4.99866294861, -5.4758849144, -5.39690542221, -7.41317796707], "dvar2": [0.629149317741, 0.504470825195, 0.64478212595, 0.688702046871, 0.669994056225, 0.563555657864], "median": [-7.48801231384, -7.53111743927, -8.86849403381, -9.60794734955, -9.23513793945, -10.8214330673], "dmean2": [0.842211008072, 0.671940565109, 0.816963136196, 0.728512346745, 0.643448770046, 0.586478829384], "dmean": [0.553653180599, 0.429142713547, 0.539227306843, 0.524174630642, 0.492416679859, 0.496460407972], "var": [2.5819170475, 1.87146699429, 2.34444403648, 2.84803009033, 2.91050696373, 2.56729960442], "dvar": [0.302978336811, 0.233700603247, 0.321556299925, 0.366427689791, 0.348426878452, 0.304956048727], "mean": [-7.84153223038, -7.57173109055, -8.83522796631, -9.61440944672, -9.3332901001, -10.8819179535]}, "barkbands_flatness_db": {"min": 0.0296558905393, "max": 0.525199711323, "dvar2": 0.00282077165321, "median": 0.199858933687, "dmean2": 0.0517687983811, "dmean": 0.0358072556555, "var": 0.00815805792809, "dvar": 0.00132632337045, "mean": 0.209505602717}, "dynamic_complexity": 6.42799949646, "erbbands_flatness_db": {"min": 0.0207967124879, "max": 0.421174317598, "dvar2": 0.00157790153753, "median": 0.162130653858, "dmean2": 0.0386030711234, "dmean": 0.0279019810259, "var": 0.00448185531422, "dvar": 0.000815681414679, "mean": 0.168369501829}, "hfc": {"min": 2.13396704821e-