{"lowlevel": {"spectral_complexity": {"min": 0, "max": 60, "dvar2": 20.9832172394, "median": 20, "dmean2": 4.7152094841, "dmean": 3.03896903992, "var": 159.390090942, "dvar": 10.2655410767, "mean": 21.8922386169}, "silence_rate_20dB": {"min": 1, "max": 1, "dvar2": 0, "median": 1, "dmean2": 0, "dmean": 0, "var": 0, "dvar": 0, "mean": 1}, "average_loudness": 0.593521535397, "erbbands_spread": {"min": 2.06510400772, "max": 144.596878052, "dvar2": 142.187316895, "median": 35.4795761108, "dmean2": 10.41959095, "dmean": 6.74478769302, "var": 328.249725342, "dvar": 65.8302536011, "mean": 38.3500289917}, "spectral_kurtosis": {"min": -1.25063550472, "max": 312.452728271, "dvar2": 49.7020454407, "median": 3.59479475021, "dmean2": 3.16243386269, "dmean": 1.87676680088, "var": 145.523071289, "dvar": 19.6583118439, "mean": 5.9646935463}, "barkbands_kurtosis": {"min": -1.88550055027, "max": 361.610626221, "dvar2": 101.699188232, "median": 0.339648723602, "dmean2": 3.06234192848, "dmean": 1.86340713501, "var": 56.4138298035, "dvar": 34.6075515747, "mean": 2.28717398643}, "spectral_strongpeak": {"min": 0, "max": 16.1082687378, "dvar2": 2.19540309906, "median": 0.407433003187, "dmean2": 0.809171140194, "dmean": 0.477768361568, "var": 1.48703169823, "dvar": 0.861666977406, "mean": 0.839383065701}, "spectral_spread": {"min": 326350.625, "max": 42470516, "dvar2": 961077379072, "median": 3828146, "dmean2": 627152.625, "dmean": 427828.90625, "var": 3499965808640.0, "dvar": 528061071360, "mean": 4096438.75}, "spectral_rms": {"min": 3.13360513753e-12, "max": 0.0135019766167, "dvar2": 1.85015016996e-06, "median": 0.0040788743645, "dmean2": 0.000965384417213, "dmean": 0.000611842260696, "var": 4.17447881773e-06, "dvar": 7.53786707719e-07, "mean": 0.00417930167168}, "erbbands": {"min": [2.34306759249e-22, 1.36290415647e-21, 6.57551556754e-21, 5.37944754081e-21, 2.62271345701e-20, 4.25007272811e-20, 1.01894867277e-19, 1.80637905636e-19, 1.76751423378e-19, 3.30791569062e-19, 4.10868287525e-19, 3.80797196181e-19, 2.03064956317e-19, 3.42200742004e-19, 6.74496564859e-19, 1.41256837044e-18, 2.21898002878e-18, 3.13195664165e-18, 3.68565748841e-18, 3.12304335696e-18, 4.22931987806e-18, 5.54789002864e-18, 7.08209789309e-18, 8.6631336928e-18, 8.39226678378e-18, 6.45215973838e-18, 1.04170866365e-17, 9.65608957192e-18, 1.20206639351e-17, 1.27561656388e-17, 1.32132300765e-17, 1.12960851513e-17, 1.03994503186e-17, 1.00252015495e-17, 6.53336612706e-18, 4.45895514228e-18, 2.75920010631e-18, 9.69178675805e-19, 2.67833741117e-19, 2.66223604974e-20], "max": [1.18677818775, 25.3206005096, 91.9833908081, 219.098052979, 134.15486145, 163.329437256, 140.248886108, 261.232177734, 386.151489258, 1135.91784668, 1768.04187012, 1638.46398926, 1458.9609375, 1269.23425293, 2649.07568359, 3248.39941406, 1570.71252441, 1072.68359375, 1018.27038574, 810.605651855, 597.95904541, 528.08770752, 830.557739258, 765.762451172, 966.93170166, 471.664520264, 543.299682617, 525.66192627, 624.331298828, 383.388671875, 234.239746094, 66.2586898804, 58.5743522644, 43.3701286316, 32.6976242065, 24.2935390472, 13.7992486954, 2.13892912865, 0.120968729258, 0.00563612533733], "dvar2": [0.00848665554076, 5.46896314621, 114.453575134, 477.316314697, 107.738761902, 135.521987915, 166.409332275, 146.176925659, 288.431365967, 1589.86010742, 5650.56152344, 7377.40673828, 4171.40722656, 2039.9041748, 4911.7890625, 4888.76855469, 5484.55224609, 2922.28125, 1428.72888184, 1608.09179688, 1148.03222656, 590.703186035, 1213.24768066, 994.37689209, 1433.78405762, 457.486907959, 341.197296143, 233.219085693, 312.937744141, 356.666931152, 228.478759766, 17.575296402, 9.53009223938, 3.59313869476, 1.6782823801, 0.998188316822, 0.302033483982, 0.015911437571, 6.34365715086e-05, 9.7064031479e-08], "median": [0.020004240796, 0.381718218327, 1.76562786102, 2.06629037857, 2.09349298477, 3.49320888519, 3.09298086166, 4.28269577026, 5.42781257629, 7.65917205811, 5.29092788696, 8.63976955414, 7.6361618042, 8.29324436188, 8.68984603882, 9.05970478058, 12.5795946121, 11.5505952835, 12.113781929, 12.6420021057, 11.9158029556, 11.4037218094, 13.6490077972, 11.2864046097, 9.85932922363, 8.03089523315, 5.442715168, 3.5862736702, 4.35973024368, 2.57847118378, 1.48631083965, 0.568146288395, 0.230140730739, 0.113010890782, 0.0538103953004, 0.0157117210329, 0.00337806879543, 0.000551165430807, 5.53948739253e-05, 2.638073056e-05], "dmean2": [0.0351404510438, 0.929190635681, 4.76118707657, 7.15717220306, 4.68008518219, 6.15270519257, 5.82799339294, 5.57716083527, 7.73183917999, 13.8342857361, 21.2069416046, 26.4606800079, 18.2559757233, 16.8158302307, 21.7972164154, 19.0095748901, 27.753742218, 21.3493289948, 18.1320915222, 19.8019542694, 16.9673538208, 13.2985153198, 19.8021297455, 16.0483398438, 16.3301315308, 11.6431055069, 8.50792789459, 6.29668426514, 7.32532072067, 6.38167381287, 4.57914161682, 1.44581544399, 0.990883767605, 0.56688529253, 0.369116544724, 0.260897934437, 0.136136680841, 0.0337020754814, 0.00232305191457, 9.2953137937e-05], "dmean": [0.0213240701705, 0.549234747887, 2.78820824623, 4.12720060349, 2.68129229546, 3.74826622009, 3.67497944832, 3.64437317848, 4.90031194687, 9.08793926239, 13.6858186722, 17.3397274017, 12.0841817856, 11.0115232468, 14.285036087, 12.4215736389, 17.8851261139, 13.6297426224, 11.5512733459, 12.7201709747, 10.7720127106, 8.340924263, 12.3551225662, 10.3024301529, 10.3141546249, 7.45643758774, 5.70466899872, 4.33148384094, 5.06171417236, 4.01989078522, 2.80483412743, 1.05969643593, 0.645200490952, 0.411238431931, 0.263763070107, 0.177868977189, 0.0878755748272, 0.0215908866376, 0.00165078067221, 7.55433502491e-05], "var": [0.00556597020477, 3.40860009193, 61.9408226013, 155.386672974, 53.0214614868, 101.525215149, 132.632781982, 151.286605835, 216.651016235, 1203.31396484, 5779.18212891, 7414.796875, 4595.19580078, 2405.12402344, 8615.55175781, 8088.95849609, 5205.74121094, 2337.33984375, 1452.50500488, 1723.05981445, 1083.19128418, 585.879821777, 1242.85253906, 1248.31213379, 1602.13098145, 592.81817627, 597.268249512, 531.152954102, 668.265808105, 434.010070801, 178.638809204, 30.7551212311, 10.7319383621, 4.37428045273, 1.87861692905, 0.814313650131, 0.173772126436, 0.00874086935073, 6.62240199745e-05, 1.54441451627e-07], "dvar": [0.00342419696972, 1.96865177155, 40.3528137207, 170.883789062, 38.3728790283, 50.6783447266, 65.809967041, 56.559753418, 111.165336609, 668.946655273, 2474.81298828, 3182.52685547, 1757.02966309, 942.911376953, 2298.94580078, 2140.95727539, 2231.06884766, 1161.16430664, 596.370300293, 709.123840332, 495.608978271, 241.50352478, 489.526184082, 435.908874512, 627.693359375, 189.867019653, 165.657455444, 123.236312866, 158.008560181, 148.237228394, 89.0105819702, 10.417011261, 4.45169830322, 1.85054636002, 0.815934062004, 0.459380567074, 0.131303861737, 0.00685904733837, 3.47376480931e-05, 6.88070684873e-08], "mean": [0.0444012470543, 1.02896142006, 4.71828079224, 5.8156876564, 4.53421401978, 6.86438751221, 6.93351745605, 8.15306472778, 9.88683414459, 17.7219676971, 23.8129119873, 30.5023155212, 23.8420352936, 20.785533905, 27.9855461121, 24.6238651276, 33.0972480774, 25.7696228027, 22.7609424591, 25.4236526489, 21.8257026672, 18.7983112335, 26.53565979, 23.0809249878, 23.1789836884, 17.5896472931, 13.6437540054, 10.7370052338, 12.4627285004, 9.29691028595, 5.66691732407, 2.30677437782, 1.27569901943, 0.750438511372, 0.464362889528, 0.258301794529, 0.101814359426, 0.0240617822856, 0.00212321942672, 0.000117898292956]}, "zerocrossingrate": {"min": 0.00390625, "max": 0.51513671875, "dvar2": 0.000176053901669, "median": 0.06201171875, "dmean2": 0.0110446009785, "dmean": 0.00909805949777, "var": 0.00149503105786, "dvar": 0.00013273593504, "mean": 0.0673682019114}, "spectral_contrast_coeffs": {"min": [-0.975332856178, -0.989169597626, -0.994442999363, -0.986509561539, -0.987355411053, -0.963449299335], "max": [-0.321956366301, -0.277981996536, -0.446590155363, -0.526373565197, -0.597757041454, -0.547337889671], "dvar2": [0.00406496366486, 0.00308585888706, 0.00201341882348, 0.00130096776411, 0.000662521109916, 0.000614478834905], "median": [-0.638643503189, -0.737414598465, -0.770946383476, -0.773754537106, -0.779466986656, -0.724247455597], "dmean2": [0.0769914910197, 0.0681858733296, 0.0561974272132, 0.0465116016567, 0.0326267592609, 0.0270618125796], "dmean": [0.0457625873387, 0.0417821072042, 0.0351288765669, 0.0288757029921, 0.0200811605901, 0.017655653879], "var": [0.00584587967023, 0.00488583836704, 0.00364601542242, 0.00263157929294, 0.00172485830262, 0.00295132072642], "dvar": [0.0014655624982, 0.00117029820103, 0.000795335276052, 0.000519623339642, 0.000261379725998, 0.00030361773679], "mean": [-0.635131597519, -0.731924295425, -0.763791441917, -0.771024823189, -0.778376102448, -0.73029333353]}, "dissonance": {"min": 0.104811616242, "max": 0.5, "dvar2": 0.000720575510059, "median": 0.479303479195, "dmean2": 0.0239691287279, "dmean": 0.0142801068723, "var": 0.00106533896178, "dvar": 0.000272624078207, "mean": 0.47020637989}, "spectral_energyband_high": {"min": 6.99105992645e-21, "max": 0.0399039871991, "dvar2": 1.76979142452e-06, "median": 0.000483162992168, "dmean2": 0.000577989267185, "dmean": 0.000419718417106, "var": 5.53540257897e-06, "dvar": 1.10121595753e-06, "mean": 0.00126395549159}, "spectral_skewness": {"min": -0.0348613075912, "max": 14.2951698303, "dvar2": 0.200360998511, "median": 1.29242753983, "dmean2": 0.339898735285, "dmean": 0.208986401558, "var": 0.871147572994, "dvar": 0.0814441740513, "mean": 1.49852097034}, "spectral_flux": {"min": 6.51494483361e-11, "max": 0.388526320457, "dvar2": 0.00140519242268, "median": 0.0600560717285, "dmean2": 0.0265313331038, "dmean": 0.0163831450045, "var": 0.00196980079636, "dvar": 0.000633091083728, "mean": 0.0670690983534}, "silence_rate_30dB": {"min": 0, "max": 1, "dvar2": 0.00914291571826, "median": 1, "dmean2": 0.00659918831661, "dmean": 0.00329944700934, "var": 0.00235656602308, "dvar": 0.00328772771172, "mean": 0.997636973858}, "spectral_energyband_middle_high": {"min": 1.28308678094e-21, "max": 0.0957846492529, "dvar2": 1.33676776386e-05, "median": 0.00346399634145, "dmean2": 0.00209877057932, "dmean": 0.00142553099431, "var": 3.81256977562e-05, "dvar": 6.03891430728e-06, "mean": 0.00530669}, "barkbands_spread": {"min": 0.644192695618, "max": 106.103622437, "dvar2": 98.4813079834, "median": 25.1048488617, "dmean2": 8.2738571167, "dmean": 5.27858161926, "var": 226.579589844, "dvar": 40.8970603943, "mean": 27.1169071198}, "spectral_centroid": {"min": 145.310302734, "max": 11414.9121094, "dvar2": 131963.46875, "median": 1573.25878906, "dmean2": 344.938568115, "dmean": 220.420837402, "var": 566421, "dvar": 57031.2929688, "mean": 1612.30029297}, "pitch_salience": {"min": 0.085406281054, "max": 0.996089100838, "dvar2": 0.0110701834783, "median": 0.545611619949, "dmean2": 0.107980884612, "dmean": 0.0657275766134, "var": 0.0118388012052, "dvar": 0.00399327045307, "mean": 0.53731161356}, "erbbands_skewness": {"min": -2.62595176697, "max": 4.29423379898, "dvar2": 0.175346389413, "median": -0.0705003067851, "dmean2": 0.448355704546, "dmean": 0.293172061443, "var": 0.492919713259, "dvar": 0.0751678049564, "mean": 0.0361555628479}, "erbbands_crest": {"min": 2.28413057327, "max": 31.5144767761, "dvar2": 11.7731685638, "median": 6.87041759491, "dmean2": 3.50903964043, "dmean": 2.21052265167, "var": 18.393529892, "dvar": 4.9705581665, "mean": 8.12996959686}, "melbands": {"min": [2.83282771243e-24, 3.77268152529e-24, 1.52758220574e-24, 3.0431709647e-24, 3.56969972576e-24, 3.88772623869e-24, 3.0595335176e-24, 3.93097711554e-24, 3.25111331881e-24, 2.59289468203e-24, 9.20939196329e-25, 1.24983907215e-24, 2.18245646671e-24, 3.33778211381e-24, 3.58640148885e-24, 3.30767997053e-24, 5.08125701107e-24, 5.92147788882e-24, 3.86993821414e-24, 3.72274820771e-24, 5.18987724126e-24, 4.77249054188e-24, 6.58568062721e-24, 5.2529786195e-24, 5.57867601587e-24, 4.55370351969e-24, 4.33427515359e-24, 3.98217497715e-24, 5.63662416025e-24, 5.62742367551e-24, 4.90953737479e-24, 5.93771659055e-24, 6.67742515049e-24, 6.29863110431e-24, 6.34957376942e-24, 5.91669857503e-24, 6.94841149321e-24, 5.77652627521e-24, 6.7998579407e-24, 8.0436825401e-24], "max": [0.015739697963, 0.0456094481051, 0.0352364294231, 0.00760515592992, 0.00670103915036, 0.00512400781736, 0.00524972192943, 0.010523205623, 0.0121578564867, 0.0117858769372, 0.00732869515195, 0.00491657666862, 0.00755759282038, 0.0124264163896, 0.00801024399698, 0.00457465555519, 0.00183208740782, 0.00181090726983, 0.002144922968, 0.00136297300924, 0.000965887855273, 0.000562920351513, 0.00176240154542, 0.000562290719245, 0.000731204170734, 0.00112587492913, 0.000826627598144, 0.000314437987981, 0.000393442140194, 0.000505710137077, 0.000389489228837, 0.000410594715504, 0.000418443669332, 0.000161576055689, 0.000146861551912, 7.273619849e-05, 4.14144196839e-05, 5.00890200783e-05, 4.12682857132e-05, 3.88479129469e-05], "dvar2": [2.13373778024e-06, 2.15588734136e-05, 1.03457177829e-05, 4.34495859736e-07, 1.95032427541e-07, 6.68336781473e-08, 9.46429636883e-08, 2.13708943875e-07, 4.07430235327e-07, 3.14236416443e-07, 1.07816489958e-07, 3.26717568555e-08, 4.84207447471e-08, 7.64207612747e-08, 2.19078089003e-08, 4.33132285593e-08, 1.17592113824e-08, 4.59615101533e-09, 8.5894837909e-09, 3.19778736824e-09, 1.63099012074e-09, 9.14630315929e-10, 1.20134913129e-09, 8.20498058385e-10, 8.90033935441e-10, 1.4263984438e-09, 5.47685952146e-10, 2.39028602467e-10, 1.72239320029e-10, 2.66201893862e-10, 1.11770141753e-10, 1.52541909659e-10, 2.08449799088e-10, 1.38249522941e-10, 1.14951416441e-10, 1.54383849454e-11, 7.67446002581e-12, 6.72279809946e-12, 3.72486937128e-12, 2.67962345021e-12], "median": [0.000280194159131, 0.000871994416229, 0.000392749410821, 0.000217949025682, 0.000128626139485, 9.4824070402e-05, 9.00949598872e-05, 7.88105244283e-05, 3.68218716176e-05, 5.44412978343e-05, 3.41647028108e-05, 2.96707476082e-05, 2.7980102459e-05, 2.38907232415e-05, 1.85760873137e-05, 2.76836035482e-05, 1.7266274881e-05, 1.51180711327e-05, 1.84249092854e-05, 1.43737815961e-05, 1.2396177226e-05, 1.06797006083e-05, 1.17659910757e-05, 1.02389740277e-05, 8.04216779215e-06, 7.18321689419e-06, 5.47506078874e-06, 4.86285443912e-06, 3.51832773049e-06, 2.11812607631e-06, 1.74826845978e-06, 2.44921443482e-06, 1.82276278338e-06, 1.10972109724e-06, 9.39545259371e-07, 3.82024751389e-07, 2.98050792935e-07, 1.64601871688e-07, 1.13527867995e-07, 8.01309880671e-08], "dmean2": [0.000583708460908, 0.00204594177194, 0.00111541186925, 0.00034910562681, 0.00021247989207, 0.000120634889754, 0.000137792769237, 0.000157182512339, 0.000181158044143, 0.000169421342434, 9.14758711588e-05, 6.63067185087e-05, 7.108895079e-05, 6.38153942418e-05, 4.24312420364e-05, 7.93123690528e-05, 3.99816999561e-05, 2.80580461549e-05, 4.23577657784e-05, 2.58459931501e-05, 2.00307586056e-05, 1.59755272762e-05, 1.83234715223e-05, 1.64428456628e-05, 1.46263173519e-05, 1.49628212966e-05, 1.00571214716e-05, 8.65867332323e-06, 6.39130121272e-06, 5.69818712393e-06, 3.96513087253e-06, 5.06232436237e-06, 4.96601160194e-06, 3.59509090231e-06, 3.39757343681e-06, 1.37483721119e-06, 9.72496081886e-07, 8.02695467428e-07, 6.06045432505e-07, 4.84149552449e-07], "dmean": [0.00034716448863, 0.0012054820545, 0.000644130224828, 0.000207852732274, 0.000132977744215, 7.86274249549e-05, 8.74619145179e-05, 0.000103119658888, 0.000116586321383, 0.000111014196591, 6.03862245043e-05, 4.34948269685e-05, 4.65244193038e-05, 4.14737041865e-05, 2.71684293693e-05, 5.12749393238e-05, 2.51366491284e-05, 1.7630181901e-05, 2.69567590294e-05, 1.63516251632e-05, 1.26305994854e-05, 9.93599132926e-06, 1.13469395728e-05, 1.02809744931e-05, 9.29899761104e-06, 9.35747721087e-06, 6.37532184555e-06, 5.44122121937e-06, 4.11696646552e-06, 3.73169405066e-06, 2.63127662947e-06, 3.32173249262e-06, 3.19999821841e-06, 2.20891547542e-06, 2.02532669391e-06, 8.97250174603e-07, 6.68355085054e-07, 5.04999945861e-07, 4.04655622788e-07, 3.47386816202e-07], "var": [1.41336590787e-06, 1.20883451018e-05, 3.62502419193e-06, 2.95430083952e-07, 1.63478318882e-07, 6.95529891459e-08, 7.25104101207e-08, 1.75589406126e-07, 4.0063272877e-07, 3.02332779256e-07, 1.15556666458e-07, 3.79468438894e-08, 8.33192999039e-08, 9.4129518402e-08, 1.93760349987e-08, 4.22756656349e-08, 8.22416001967e-09, 4.26169677326e-09, 8.05344502197e-09, 2.81825074389e-09, 1.33934052737e-09, 7.24061643975e-10, 1.12738307578e-09, 8.67292515583e-10, 9.51806633509e-10, 1.51257850689e-09, 4.9571097227e-10, 2.55302806673e-10, 2.30480537433e-10, 3.13845144317e-10, 1.77338060903e-10, 2.13416159744e-10, 2.84668039141e-10, 1.07176829911e-10, 7.49328932237e-11, 2.17739229424e-11, 9.61965489904e-12, 5.97208350481e-12, 3.83154575775e-12, 3.02450620972e-12], "dvar": [7.98820281034e-07, 7.64056949265e-06, 3.7320305637e-06, 1.56431212872e-07, 7.64671455045e-08, 2.59507597633e-08, 3.71811488264e-08, 9.10344155614e-08, 1.7403439756e-07, 1.33662638291e-07, 4.53392630106e-08, 1.51579460095e-08, 2.25790053321e-08, 3.14001589174e-08, 8.37464853021e-09, 1.78062382616e-08, 4.69195482466e-09, 1.90779458897e-09, 3.74911790502e-09, 1.48041590098e-09, 6.63441246385e-10, 3.63215124644e-10, 5.20813447924e-10, 3.3578273495e-10, 3.8858777307e-10, 6.20483442404e-10, 2.24834914575e-10, 9.66180399575e-11, 7.7295059242e-11, 1.19704926527e-10, 5.26835380876e-11, 6.95433780007e-11, 8.70074637338e-11, 5.396585262e-11, 4.23272181194e-11, 7.9925085647e-12, 3.93510527982e-12, 2.926031379e-12, 1.69699150565e-12, 1.36896266892e-12], "mean": [0.000685644219629, 0.00216724909842, 0.000982431811281, 0.000396366725909, 0.000262137647951, 0.000176777961315, 0.00017123001453, 0.00019923291984, 0.000197169269086, 0.000191322760656, 0.000113902096928, 7.78380563133e-05, 8.91981326276e-05, 7.70680344431e-05, 4.9591602874e-05, 8.72434902703e-05, 4.23527380917e-05, 3.16623918479e-05, 4.64095537609e-05, 2.85106143565e-05, 2.40081608354e-05, 1.91155359062e-05, 2.26742668019e-05, 2.13771054405e-05, 1.82015937753e-05, 1.88548747246e-05, 1.34146339406e-05, 1.13159694592e-05, 8.87776150194e-06, 7.48146430851e-06, 5.72633916818e-06, 7.08776678948e-06, 7.03004616298e-06, 4.37655080532e-06, 3.67588245354e-06, 1.86761144505e-06, 1.25973895138e-06, 9.31113390834e-07, 7.26717303223e-07, 5.95070389409e-07]}, "spectral_entropy": {"min": 4.00001239777, "max": 9.81820487976, "dvar2": 0.0416203513741, "median": 7.69277572632, "dmean2": 0.171686530113, "dmean": 0.114637739956, "var": 0.284374952316, "dvar": 0.0202617030591, "mean": 7.58713197708}, "spectral_rolloff": {"min": 86.1328125, "max": 19853.6132812, "dvar2": 1786543.125, "median": 1571.92382812, "dmean2": 863.208007812, "dmean": 517.843566895, "var": 2315631.5, "dvar": 714775.625, "mean": 1868.11694336}, "barkbands": {"min": [2.66662241109e-24, 8.11186536586e-24, 5.75311761671e-24, 7.48689248306e-25, 1.19001008616e-23, 1.92199585561e-23, 1.64931109536e-23, 1.2074811464e-23, 1.65564485957e-23, 6.05415364346e-24, 1.48875944181e-23, 3.77757088518e-23, 2.89017210211e-23, 5.30490278535e-23, 4.65765282558e-23, 6.31727827728e-23, 8.42580124056e-23, 1.44938259775e-22, 1.34318955057e-22, 1.43862493314e-22, 3.0961823702e-22, 3.69450067641e-22, 4.21371049644e-22, 6.60572230115e-22, 9.28169853577e-22, 1.42528157181e-21, 1.93992735818e-21], "max": [0.000651676557027, 0.0853031352162, 0.0913792848587, 0.0831135064363, 0.0363518483937, 0.0275053605437, 0.0471686907113, 0.0778416991234, 0.0750461965799, 0.0404549017549, 0.0577880181372, 0.082735337317, 0.0399390570819, 0.020239809528, 0.0192100349814, 0.0155388182029, 0.00953340809792, 0.0192550662905, 0.0172162409872, 0.0139172989875, 0.014535555616, 0.0191776268184, 0.00710731837898, 0.00332506513223, 0.00419077975675, 0.00610410515219, 0.00087916071061], "dvar2": [2.46735720744e-09, 6.34690150036e-05, 0.000105149738374, 5.77432474529e-05, 8.53186702443e-06, 1.93804567061e-06, 3.97908161176e-06, 9.25892072701e-06, 1.47954106069e-05, 2.46238914769e-06, 2.91209835268e-06, 4.07542938774e-06, 3.25493533637e-06, 1.08685594569e-06, 9.23035486267e-07, 5.2309263765e-07, 2.41556648461e-07, 3.8066954744e-07, 5.40410610483e-07, 2.33760133028e-07, 1.96428047161e-07, 2.68707310624e-07, 3.12688456461e-07, 3.0221936953e-08, 2.78181016e-08, 7.31803808662e-08, 2.51169862686e-09], "median": [2.8223854315e-05, 0.00131195492577, 0.00153518025763, 0.000460782728624, 0.000948765664361, 0.000494383857585, 0.000442900171038, 0.000222809059778, 0.000324574561091, 0.000195492524654, 0.000222971983021, 0.000188598351087, 0.000259821506916, 0.000156375928782, 0.000246828043601, 0.000190609018318, 0.000188634294318, 0.000225462630624, 0.000215443680645, 0.000165777906659, 9.65538056334e-05, 0.000116392009659, 5.32403682882e-05, 1.92986262846e-05, 8.91291347216e-06, 2.34348794947e-06, 2.38653228735e-07], "dmean2": [2.70141317742e-05, 0.00315565429628, 0.00461364956573, 0.00234777689911, 0.00150566734374, 0.000662726233713, 0.000794587656856, 0.000868236646056, 0.00114962109365, 0.000484353920911, 0.000588808616158, 0.00050337438006, 0.000674580456689, 0.000383994891308, 0.000475260516396, 0.000340355501976, 0.000272139237495, 0.000344614498317, 0.00034763009171, 0.000255083839875, 0.000181798590347, 0.000197612782358, 0.000161543779541, 5.95991950831e-05, 4.95191197842e-05, 6.98805888533e-05, 1.47590953929e-05], "dmean": [1.61506759468e-05, 0.0018704792019, 0.00270261103287, 0.00133509456646, 0.000896223413292, 0.000428966333857, 0.00050649914192, 0.000564532121643, 0.00074301159475, 0.000323039217619, 0.000386705127312, 0.000324881082634, 0.000435434427345, 0.000240983077674, 0.000302154046949, 0.000214701329242, 0.000170061772224, 0.00021607731469, 0.000220804198761, 0.000163025339134, 0.000124340251205, 0.00013881410996, 9.87071980489e-05, 4.1811621486e-05, 3.61484962923e-05, 4.58364775113e-05, 1.05953213279e-05], "var": [1.41670930542e-09, 4.18853560404e-05, 5.7301542256e-05, 1.79664875759e-05, 5.82052825848e-06, 1.98539328267e-06, 2.90933485303e-06, 9.25203130464e-06, 1.32448585646e-05, 3.01766908706e-06, 4.57780015495e-06, 5.04648369315e-06, 3.01542968373e-06, 7.99982274202e-07, 8.77206787209e-07, 4.5540630822e-07, 2.17139984215e-07, 3.9836206156e-07, 6.60656212403e-07, 2.81270274627e-07, 3.80893879992e-07, 5.90867273331e-07, 2.39231127352e-07, 4.56777549118e-08, 3.65014791726e-08, 4.71653542888e-08, 2.5178685803e-09], "dvar": [9.63457758019e-10, 2.31479643844e-05, 3.72787799279e-05, 2.04261395993e-05, 3.0546805192e-06, 7.59902832215e-07, 1.60539775607e-06, 4.07838751926e-06, 6.10364122622e-06, 1.05909794001e-06, 1.36660275984e-06, 1.68682936419e-06, 1.31794547542e-06, 4.34733635757e-07, 3.9607161284e-07, 2.35135487969e-07, 9.93909239355e-08, 1.57330561024e-07, 2.35388540659e-07, 9.68310374105e-08, 9.81422800805e-08, 1.36685756047e-07, 1.21142335274e-07, 1.66241900246e-08, 1.44690766035e-08, 3.24481028713e-08, 1.36310951415e-09], "mean": [4.12513909396e-05, 0.00356695125811, 0.00434507708997, 0.0016922368668, 0.00172733550426, 0.000936919706874, 0.00093729281798, 0.000973523710854, 0.00125456112437, 0.000605151872151, 0.000706183782313, 0.000585068308283, 0.00076295848703, 0.000396190356696, 0.000543332193047, 0.000381615769584, 0.00033662057831, 0.000458668801002, 0.000482098810608, 0.000372572394554, 0.000295233330689, 0.000352787901647, 0.000204268944799, 8.66807458806e-05, 6.69333676342e-05, 5.69953590457e-05, 1.32729637699e-05]}, "melbands_flatness_db": {"min": -1.03543797536e-07, "max": 0.691313385963, "dvar2": 0.00135262834374, "median": 0.170876100659, "dmean2": 0.0349312648177, "dmean": 0.0221810955554, "var": 0.00649472558871, "dvar": 0.0005361175281, "mean": 0.186407446861}, "melbands_skewness": {"min": -1.57406914234, "max": 15.5444221497, "dvar2": 1.36007106304, "median": 2.00676345825, "dmean2": 0.985127270222, "dmean": 0.623599529266, "var": 2.45774698257, "dvar": 0.549616396427, "mean": 2.33570075035}, "barkbands_skewness": {"min": -2.15912771225, "max": 16.8245658875, "dvar2": 0.655314683914, "median": 0.991560041904, "dmean2": 0.682299613953, "dmean": 0.430604279041, "var": 1.14492237568, "dvar": 0.253117054701, "mean": 1.16683387756}, "silence_rate_60dB": {"min": 0, "max": 1, "dvar2": 0.0463202856481, "median": 0, "dmean2": 0.0419137664139, "dmean": 0.0209559481591, "var": 0.0906794294715, "dvar": 0.0205170568079, "mean": 0.100896164775}, "spectral_energyband_low": {"min": 2.15383765803e-23, "max": 0.161175116897, "dvar2": 0.000331222836394, "median": 0.00421405676752, "dmean2": 0.00824785046279, "dmean": 0.00485837738961, "var": 0.000176912377356, "dvar": 0.000118820251373, "mean": 0.00900258310139}, "spectral_energyband_middle_low": {"min": 1.71274501003e-22, "max": 0.10841858387, "dvar2": 0.000101670178992, "median": 0.00487414235249, "dmean2": 0.00491244671866, "dmean": 0.00302450452, "var": 8.16094689071e-05, "dvar": 3.94843445974e-05, "mean": 0.0078393034637}, "melbands_kurtosis": {"min": -1.56101310253, "max": 423.10534668, "dvar2": 414.042449951, "median": 4.69390916824, "dmean2": 8.58327674866, "dmean": 5.28727817535, "var": 330.27947998, "dvar": 164.456665039, "mean": 9.9681596756}, "spectral_decrease": {"min": -4.8215714088e-08, "max": 1.93327122822e-28, "dvar2": 2.80108137742e-17, "median": -4.06507361106e-09, "dmean2": 2.82202594626e-09, "dmean": 1.7240915362e-09, "var": 2.54077243629e-17, "dvar": 1.05801173178e-17, "mean": -5.35758015729e-09}, "erbbands_kurtosis": {"min": -1.78614830971, "max": 22.5271720886, "dvar2": 1.992816329, "median": -0.360353469849, "dmean2": 0.996834635735, "dmean": 0.636637687683, "var": 2.75163841248, "dvar": 0.844195067883, "mean": 0.102235794067}, "melbands_crest": {"min": 1.00047528744, "max": 33.0805664062, "dvar2": 25.0614109039, "median": 13.3544588089, "dmean2": 5.24861526489, "dmean": 3.19248437881, "var": 31.2797164917, "dvar": 9.07178211212, "mean": 14.3105173111}, "gfcc": {"cov": [[12050.0957031, -2287.27783203, -420.448455811, 1286.50341797, -477.175323486, 670.473144531, -133.765899658, 90.0699462891, -225.188964844, 191.946609497, -228.708282471, 91.1619796753, -258.904968262], [-2287.27783203, 1930.78039551, -77.6343002319, -241.320663452, 268.755126953, -324.908630371, 86.7853469849, -92.5856704712, 144.783004761, -122.246101379, 154.457763672, -134.68737793, 107.936820984], [-420.448455811, -77.6343002319, 965.324035645, 53.2650756836, 90.1257858276, 57.6733398438, 3.03816103935, 2.3290746212, -15.3223495483, 29.8987045288, -30.8773441315, 39.9221878052, -35.2188034058], [1286.50341797, -241.320663452, 53.2650756836, 611.667724609, -17.7776832581, 180.849960327, 66.4750061035, -3.56567406654, 11.3239679337, -2.66266870499, 13.686750412, 4.50165319443, -21.6981887817], [-477.175323486, 268.755126953, 90.1257858276, -17.7776832581, 277.422637939, -7.973279953, 33.2125663757, 15.3479661942, 5.87786769867, -1.64172554016, 19.7601680756, -8.23601818085, 18.516166687], [670.473144531, -324.908630371, 57.6733398438, 180.849960327, -7.973279953, 243.854675293, 54.3997573853, 46.420085907, -21.5930080414, 23.0024242401, -7.40029668808, 18.6773014069, -23.4296131134], [-133.765899658, 86.7853469849, 3.03816103935, 66.4750061035, 33.2125663757, 54.3997573853, 173.052536011, 28.216840744, 22.1429138184, -18.5500736237, 29.6850757599, -6.03327941895, -10.4680233002], [90.0699462891, -92.5856704712, 2.3290746212, -3.56567406654, 15.3479661942, 46.420085907, 28.216840744, 124.661048889, 20.7321338654, 30.7850952148, -12.1277570724, 7.01820039749, -0.346804410219], [-225.188964844, 144.783004761, -15.3223495483, 11.3239679337, 5.87786769867, -21.5930080414, 22.1429138184, 20.7321338654, 106.08581543, 14.2083454132, 12.0822715759, -23.0089187622, 5.78362178802], [191.946609497, -122.246101379, 29.8987045288, -2.66266870499, -1.64172554016, 23.0024242401, -18.5500736237, 30.7850952148, 14.2083454132, 98.7649841309, 10.5715942383, 19.4671344757, -12.3937625885], [-228.708282471, 154.457763672, -30.8773441315, 13.686750412, 19.7601680756, -7.40029668808, 29.6850757599, -12.1277570724, 12.0822715759, 10.5715942383, 97.3279190063, 11.1251792908, 8.42174434662], [91.1619796753, -134.68737793, 39.9221878052, 4.50165319443, -8.23601818085, 18.6773014069, -6.03327941895, 7.01820039749, -23.0089187622, 19.4671344757, 11.1251792908, 80.3954391479, 17.6732807159], [-258.904968262, 107.936820984, -35.2188034058, -21.6981887817, 18.516166687, -23.4296131134, -10.4680233002, -0.346804410219, 5.78362178802, -12.3937625885, 8.42174434662, 17.6732807159, 78.0543441772]], "icov": [[0.000164874669281, 1.31198394229e-05, 0.000129779786221, -0.000325819797581, 0.000126251252368, -0.00014090797049, 0.000170723797055, -6.11734722042e-05, 0.000274343648925, -0.00026774831349, 0.000335118034855, -0.000133550449391, 0.000378344731871], [1.31198394229e-05, 0.00147831300274, -0.000124978541862, 0.00024009156914, -0.000953461276367, 0.00121876772027, -0.000521280162502, 0.000485308002681, -0.00111098086927, 0.00107961986214, -0.00197126273997, 0.00206397240981, -0.00146703002974], [0.000129779786221, -0.000124978541862, 0.00129393546376, -0.000331858551363, -0.000332194205839, -0.000380814715754, 0.000197522283997, 0.000182691132068, 0.000172309853951, -0.000509513425641, 0.00102781550959, -0.00114775937982, 0.00114199286327], [-0.000325819797581, 0.00024009156914, -0.000331858551363, 0.00293856556527, -0.00030462545692, -0.00134349055588, -0.000675369694363, 0.00101252319291, -0.00152295245789, 0.00111080962233, -0.00129621918313, 0.000578358478379, -0.000864558911417], [0.000126251252368, -0.000953461276367, -0.000332194205839, -0.00030462545692, 0.00482630031183, -0.00065043522045, -0.000303355511278, -0.00097243161872, 0.00144290027674, -0.00111546402331, 0.000672768743243, -0.000219229434151, -0.000189442638657], [-0.00014090797049, 0.00121876772027, -0.000380814715754, -0.00134349055588, -0.00065043522045, 0.00791398435831, -0.00225035892799, -0.00167685979977, 0.00104243378155, -0.000252640078543, -0.00116312585305, 0.00122273643501, -0.000746178149711], [0.000170723797055, -0.000521280162502, 0.000197522283997, -0.000675369694363, -0.000303355511278, -0.00225035892799, 0.00839146319777, -0.00211665150709, -0.00113441736903, 0.00260516721755, -0.00179059780203, -0.0011096711969, 0.00264314608648], [-6.11734722042e-05, 0.000485308002681, 0.000182691132068, 0.00101252319291, -0.00097243161872, -0.00167685979977, -0.00211665150709, 0.0109729841352, -0.00266355602071, -0.0027172237169, 0.00184911233373, -0.000139915558975, -0.00141981069464], [0.000274343648925, -0.00111098086927, 0.000172309853951, -0.00152295245789, 0.00144290027674, 0.00104243378155, -0.00113441736903, -0.00266355602071, 0.0137119870633, -0.00430465629324, 0.000965217477642, 0.00283167068847, -0.000537492975127], [-0.00026774831349, 0.00107961986214, -0.000509513425641, 0.00111080962233, -0.00111546402331, -0.000252640078543, 0.00260516721755, -0.0027172237169, -0.00430465629324, 0.015304390341, -0.00464860210195, -0.0020399838686, 0.00193643919192], [0.000335118034855, -0.00197126273997, 0.00102781550959, -0.00129621918313, 0.000672768743243, -0.00116312585305, -0.00179059780203, 0.00184911233373, 0.000965217477642, -0.00464860210195, 0.0160814579576, -0.00530878454447, 0.00185755873099], [-0.000133550449391, 0.00206397240981, -0.00114775937982, 0.000578358478379, -0.000219229434151, 0.00122273643501, -0.0011096711969, -0.000139915558975, 0.00283167068847, -0.0020399838686, -0.00530878454447, 0.0199765171856, -0.00786871835589], [0.000378344731871, -0.00146703002974, 0.00114199286327, -0.000864558911417, -0.000189442638657, -0.000746178149711, 0.00264314608648, -0.00141981069464, -0.000537492975127, 0.00193643919192, 0.00185755873099, -0.00786871835589, 0.0184678249061]], "mean": [-16.9558410645, 93.9609222412, -126.544296265, 34.8005218506, -52.5251617432, 7.91034269333, -30.3219852448, 4.12837314606, -21.3802089691, 0.106862865388, -17.8691139221, -1.68724536896, -16.1008625031]}, "melbands_spread": {"min": 0.429474025965, "max": 165.085540771, "dvar2": 173.909713745, "median": 25.7975902557, "dmean2": 11.3612117767, "dmean": 7.12966680527, "var": 330.560821533, "dvar": 68.3321990967, "mean": 28.8459606171}, "spectral_energy": {"min": 1.00649689037e-20, "max": 0.186860963702, "dvar2": 0.000417096191086, "median": 0.0170531477779, "dmean2": 0.0110188769177, "dmean": 0.00679406570271, "var": 0.000422088487539, "dvar": 0.000160443742061, "mean": 0.0221819318831}, "mfcc": {"cov": [[9940.62597656, -2190.63769531, -279.572235107, 478.53704834, -147.257583618, 498.279296875, 92.6757202148, 211.7159729, -49.8517494202, 131.509277344, 56.4874191284, 22.6962413788, -46.0466041565], [-2190.63769531, 1717.55004883, -178.783950806, -33.8631095886, 115.430870056, -198.639038086, -42.96692276, -86.6873779297, 9.37381362915, -22.4524879456, -2.33072948456, 0.272102802992, 19.875749588], [-279.572235107, -178.783950806, 783.853820801, 89.0193252563, 81.1754150391, 90.0351333618, 34.4860038757, 25.8905410767, 1.94348585606, 1.28863453865, -3.5721848011, 42.0717506409, -8.5197057724], [478.53704834, -33.8631095886, 89.0193252563, 327.529083252, 59.6497917175, 108.823692322, 27.9988994598, 48.411113739, 0.221037656069, 22.4242305756, 5.89203739166, 22.5826148987, 10.3423271179], [-147.257583618, 115.430870056, 81.1754150391, 59.6497917175, 209.977081299, 27.2582569122, 33.9940567017, -7.54932308197, 23.0172195435, 2.78202295303, -5.44126939774, -0.63341575861, 12.6973190308], [498.279296875, -198.639038086, 90.0351333618, 108.823692322, 27.2582569122, 189.828857422, 62.4112319946, 55.7130661011, -5.29669380188, 20.8595619202, 12.7484712601, 12.9633979797, 3.64628505707], [92.6757202148, -42.96692276, 34.4860038757, 27.9988994598, 33.9940567017, 62.4112319946, 152.18057251, 58.0002059937, 7.9355173111, 6.65321397781, 18.6638832092, 8.30111026764, 15.5250024796], [211.7159729, -86.6873779297, 25.8905410767, 48.411113739, -7.54932308197, 55.7130661011, 58.0002059937, 117.048797607, 25.9702720642, 21.891046524, 10.9779806137, 6.12797212601, 4.03312158585], [-49.8517494202, 9.37381362915, 1.94348585606, 0.221037656069, 23.0172195435, -5.29669380188, 7.9355173111, 25.9702720642, 96.560546875, 30.8687057495, 2.9154446125, -3.78051161766, 0.653393507004], [131.509277344, -22.4524879456, 1.28863453865, 22.4242305756, 2.78202295303, 20.8595619202, 6.65321397781, 21.891046524, 30.8687057495, 92.4205093384, 38.5677566528, 8.25102519989, -5.01856279373], [56.4874191284, -2.33072948456, -3.5721848011, 5.89203739166, -5.44126939774, 12.7484712601, 18.6638832092, 10.9779806137, 2.9154446125, 38.5677566528, 88.5303955078, 30.1728305817, -1.35932302475], [22.6962413788, 0.272102802992, 42.0717506409, 22.5826148987, -0.63341575861, 12.9633979797, 8.30111026764, 6.12797212601, -3.78051161766, 8.25102519989, 30.1728305817, 78.4027633667, 21.8499622345], [-46.0466041565, 19.875749588, -8.5197057724, 10.3423271179, 12.6973190308, 3.64628505707, 15.5250024796, 4.03312158585, 0.653393507004, -5.01856279373, -1.35932302475, 21.8499622345, 77.4884567261]], "icov": [[0.000172590487637, 0.000207084493013, 0.000155971734785, -0.000202840004931, 4.60398860014e-06, -0.000174655055162, 3.32992603944e-05, -4.25501712016e-05, 0.000102408594103, -0.000130614134832, 1.58084239956e-05, -6.40938669676e-05, 0.000105699211417], [0.000207084493013, 0.000983560807072, 0.000331120449118, -0.00040794457891, -0.000502570299432, 0.000644485233352, -3.9432587073e-05, 0.000132486602524, 0.000160274255904, -0.000118665688206, -7.96379827079e-05, -0.000206916767638, 6.25701723038e-05], [0.000155971734785, 0.000331120449118, 0.0016327976482, -0.000295004982036, -0.000599473132752, -0.000516676227562, -1.72998727521e-06, -9.35217976803e-05, 0.000100432545878, -1.50680198203e-05, 0.000431075313827, -0.00109533930663, 0.000669005967211], [-0.000202840004931, -0.00040794457891, -0.000295004982036, 0.00441148690879, -0.000983380246907, -0.00194743601605, 0.000753259693738, -0.00120708055329, 0.00042646023212, -0.000459617120214, 0.000462534691906, -0.000753126631025, -0.000285331305349], [4.60398860014e-06, -0.000502570299432, -0.000599473132752, -0.000983380246907, 0.00625884113833, -0.000803163158707, -0.00160745216999, 0.00209830282256, -0.00191484100651, 0.00011641067249, 0.000341447477695, 0.000772405473981, -0.000766080862377], [-0.000174655055162, 0.000644485233352, -0.000516676227562, -0.00194743601605, -0.000803163158707, 0.0093144197017, -0.00222913082689, -0.00180890376214, 0.00158793630544, -0.00112746912055, 2.59884145635e-05, -0.000130597385578, 0.000118960015243], [3.32992603944e-05, -3.9432587073e-05, -1.72998727521e-06, 0.000753259693738, -0.00160745216999, -0.00222913082689, 0.00962874293327, -0.0043059149757, 0.000333826028509, 0.00128428905737, -0.00213645631447, 0.000575842452236, -0.00152705109213], [-4.25501712016e-05, 0.000132486602524, -9.35217976803e-05, -0.00120708055329, 0.00209830282256, -0.00180890376214, -0.0043059149757, 0.0133227473125, -0.0035257586278, -0.00108111673035, 0.000355347350705, -4.74600747111e-05, -1.85471762961e-05], [0.000102408594103, 0.000160274255904, 0.000100432545878, 0.00042646023212, -0.00191484100651, 0.00158793630544, 0.000333826028509, -0.0035257586278, 0.0133683867753, -0.00481939362362, 0.00145609129686, 0.000397377822082, -0.000181822382729], [-0.000130614134832, -0.000118665688206, -1.50680198203e-05, -0.000459617120214, 0.00011641067249, -0.00112746912055, 0.00128428905737, -0.00108111673035, -0.00481939362362, 0.0159645508975, -0.00696277292445, 0.000932601338718, 0.000534920021892], [1.58084239956e-05, -7.96379827079e-05, 0.000431075313827, 0.000462534691906, 0.000341447477695, 2.59884145635e-05, -0.00213645631447, 0.000355347350705, 0.00145609129686, -0.00696277292445, 0.0169033613056, -0.00643596751615, 0.00201595318504], [-6.40938669676e-05, -0.000206916767638, -0.00109533930663, -0.000753126631025, 0.000772405473981, -0.000130597385578, 0.000575842452236, -4.74600747111e-05, 0.000397377822082, 0.000932601338718, -0.00643596751615, 0.0173960644752, -0.00519938906655], [0.000105699211417, 6.25701723038e-05, 0.000669005967211, -0.000285331305349, -0.000766080862377, 0.000118960015243, -0.00152705109213, -1.85471762961e-05, -0.000181822382729, 0.000534920021892, 0.00201595318504, -0.00519938906655, 0.0150280445814]], "mean": [-654.236816406, 121.134773254, -11.8430185318, 29.4243717194, -1.3304015398, 9.06643199921, -2.32565140724, 5.79636764526, -1.9619935751, 1.77493333817, 1.50750350952, -2.58630681038, -0.462472349405]}, "spectral_contrast_valleys": {"min": [-27.9278469086, -27.6856861115, -27.4663467407, -27.6195640564, -27.4649581909, -27.3610744476], "max": [-5.20109367371, -4.88657331467, -5.0775642395, -5.3464217186, -5.47356510162, -7.59081888199], "dvar2": [0.297298043966, 0.180380091071, 0.137450635433, 0.109039641917, 0.0909539237618, 0.179055124521], "median": [-7.27555799484, -6.85120248795, -7.23264551163, -7.51904058456, -7.26982021332, -10.4112014771], "dmean2": [0.627851724625, 0.491321235895, 0.434936910868, 0.362750202417, 0.273450106382, 0.325026005507], "dmean": [0.371022850275, 0.299114882946, 0.266853988171, 0.224789053202, 0.179462403059, 0.243719384074], "var": [1.74320602417, 1.24273955822, 1.31760287285, 1.54226636887, 2.00655627251, 2.27247047424], "dvar": [0.113289065659, 0.0763653442264, 0.0618982277811, 0.0530920661986, 0.053843665868, 0.126717746258], "mean": [-7.58324861526, -7.00418949127, -7.41953659058, -7.75977993011, -7.64598894119, -10.6499137878]}, "barkbands_flatness_db": {"min": 0.0134775107726, "max": 0.531602144241, "dvar2": 0.000852870114613, "median": 0.108734495938, "dmean2": 0.0274771042168, "dmean": 0.0177064035088, "var": 0.00364277139306, "dvar": 0.000344711297657, "mean": 0.120431341231}, "dynamic_complexity": 4.03098154068, "erbbands_flatness_db": {"min": 0.0414268225431, "max": 0.477382481098, "dvar2": 0.000465498364065, "median": 0.153360813856, "dmean2": 0.0216960515827, "dmean": 0.0150636751205, "var": 0.