{"lowlevel": {"spectral_complexity": {"min": 0, "max": 63, "dvar2": 84.774772644, "median": 13, "dmean2": 6.60169506073, "dmean": 4.56196451187, "var": 183.050338745, "dvar": 44.9202575684, "mean": 16.1980552673}, "silence_rate_20dB": {"min": 1, "max": 1, "dvar2": 0, "median": 1, "dmean2": 0, "dmean": 0, "var": 0, "dvar": 0, "mean": 1}, "average_loudness": 0.866457045078, "erbbands_spread": {"min": 2.38247561455, "max": 160.930557251, "dvar2": 311.215057373, "median": 34.799041748, "dmean2": 15.4192428589, "dmean": 10.3172864914, "var": 430.807189941, "dvar": 140.09538269, "mean": 38.9644508362}, "spectral_kurtosis": {"min": -1.22934818268, "max": 34.1142845154, "dvar2": 7.95175361633, "median": 3.7981979847, "dmean2": 2.12361764908, "dmean": 1.33534157276, "var": 6.4084815979, "dvar": 3.19961905479, "mean": 4.12741613388}, "barkbands_kurtosis": {"min": -1.90764713287, "max": 713.585205078, "dvar2": 564.057373047, "median": 1.20436477661, "dmean2": 6.76993894577, "dmean": 4.28393697739, "var": 255.702865601, "dvar": 229.530044556, "mean": 4.43187189102}, "spectral_strongpeak": {"min": 0, "max": 15.818154335, "dvar2": 1.27581894398, "median": 0.399557620287, "dmean2": 0.73557639122, "dmean": 0.445020794868, "var": 0.860369324684, "dvar": 0.499297320843, "mean": 0.72134822607}, "spectral_spread": {"min": 1515146.625, "max": 41228176, "dvar2": 1568122339330.0, "median": 4487309, "dmean2": 976685.6875, "dmean": 704385.3125, "var": 3948285001730.0, "dvar": 801781448704, "mean": 4944853}, "spectral_rms": {"min": 3.21514299559e-12, "max": 0.0150280687958, "dvar2": 4.45337354904e-06, "median": 0.00309203704819, "dmean2": 0.00143548834603, "dmean": 0.000990573200397, "var": 8.86913130671e-06, "dvar": 2.60048250311e-06, "mean": 0.0038195734378}, "erbbands": {"min": [5.07376351089e-22, 9.56435055355e-22, 5.64053651906e-21, 1.16227059013e-20, 4.43109345035e-20, 7.25921297867e-20, 9.99744382381e-20, 7.11932316616e-20, 1.53936761032e-19, 3.66500103076e-19, 8.38944620128e-19, 6.2985662573e-19, 1.06310627513e-18, 1.25652777892e-18, 1.65563952935e-18, 2.90408120419e-18, 3.09848022867e-18, 3.59115417138e-18, 3.7756017995e-18, 3.77295192641e-18, 7.23545386994e-18, 5.02988471364e-18, 5.31787963802e-18, 8.42088971451e-18, 1.06233093806e-17, 1.17519104725e-17, 1.92544138129e-17, 1.24825830958e-17, 1.61026885886e-17, 1.53290943905e-17, 1.33996616973e-17, 1.5843964691e-17, 1.11213051966e-17, 1.00737678048e-17, 7.17417550298e-18, 5.358933439e-18, 2.30822061596e-18, 1.13836316726e-18, 3.00878288269e-19, 3.07110835691e-20], "max": [5.11664390564, 42.4303321838, 83.8994903564, 134.606918335, 102.055435181, 47.2030944824, 74.9181213379, 330.359100342, 452.098480225, 421.097564697, 664.454956055, 676.159118652, 1006.07958984, 947.501098633, 1627.06896973, 859.775268555, 1190.29992676, 1932.09118652, 2011.72546387, 657.680969238, 625.959716797, 411.146636963, 276.622589111, 550.288757324, 218.102462769, 319.573699951, 199.653335571, 193.989044189, 214.625991821, 142.287857056, 76.0755081177, 91.6265029907, 398.522735596, 164.315567017, 15.7445325851, 5.80226373672, 1.20233559608, 0.21568621695, 0.170189127326, 0.0109813809395], "dvar2": [0.773711383343, 60.7990493774, 303.172790527, 356.375030518, 259.079681396, 29.6703796387, 50.3693771362, 698.083129883, 829.360656738, 1383.96032715, 4148.66308594, 3431.09790039, 3298.84814453, 3131.32080078, 2950.48950195, 1965.80969238, 2251.62670898, 2432.5390625, 2873.57885742, 1532.47485352, 1663.16638184, 3657.24047852, 2442.87768555, 14887.1171875, 1579.19604492, 3354.79321289, 1723.96704102, 899.696655273, 177.374160767, 65.8170166016, 25.1517391205, 13.105966568, 111.927375793, 18.58228302, 3.3253288269, 0.0805693715811, 0.00893337931484, 0.00040407499182, 0.000318133621477, 7.84281610322e-07], "median": [0.00619867257774, 0.0666872262955, 0.245595812798, 0.519312679768, 1.04203677177, 1.21981310844, 1.53015899658, 3.50747585297, 5.87865829468, 5.58513736725, 6.74151420593, 6.24201488495, 5.59046983719, 7.45340251923, 5.45215892792, 4.59332370758, 6.57609367371, 5.4356584549, 6.22079086304, 5.42489004135, 5.14153766632, 4.07853031158, 4.10856056213, 4.54766702652, 4.05600070953, 2.94977760315, 2.69462347031, 2.26762890816, 1.67345547676, 1.49823880196, 1.00566363335, 0.50169479847, 0.294372558594, 0.193375229836, 0.115919530392, 0.0375908985734, 0.0135670443997, 0.00208697607741, 0.000329252274241, 3.44859581674e-05], "dmean2": [0.324985980988, 3.2301158905, 6.75632143021, 6.09382247925, 5.37292861938, 3.1393904686, 3.87303185463, 12.3983831406, 15.0023574829, 18.6132926941, 30.3267307281, 26.9031772614, 22.7883262634, 25.6187801361, 19.9860534668, 16.6987476349, 21.9523258209, 18.0302257538, 22.3005828857, 19.7395553589, 20.3568382263, 24.6127815247, 21.1790218353, 41.6343688965, 17.4933738708, 21.236743927, 15.45723629, 12.1885643005, 6.10463285446, 3.87321734428, 2.4531879425, 1.47129356861, 1.29168593884, 0.71718531847, 0.677148282528, 0.146873667836, 0.0437241457403, 0.00832917820662, 0.00471562612802, 0.000240947600105], "dmean": [0.2223072052, 1.99614286423, 3.75803375244, 3.30982136726, 2.97507953644, 1.91096949577, 2.35266590118, 7.56040048599, 9.48867797852, 11.4967670441, 18.8659267426, 17.141494751, 14.8023166656, 16.7468185425, 12.8979148865, 10.8368844986, 14.0252170563, 11.8906316757, 14.3321342468, 12.1902761459, 12.3632526398, 14.3528661728, 12.4393186569, 22.5414142609, 10.1258544922, 11.8898658752, 8.85471153259, 7.18486452103, 3.83949136734, 2.63932347298, 1.68729627132, 1.04806685448, 0.877530157566, 0.49267193675, 0.468632400036, 0.108893103898, 0.0322701148689, 0.00594901712611, 0.00298507045954, 0.000156797628733], "var": [0.431246757507, 34.3690681458, 84.3810043335, 75.2929153442, 54.1448516846, 16.6912250519, 26.3513202667, 308.184997559, 604.369812012, 890.350769043, 2811.76953125, 2897.88574219, 2828.3503418, 2927.5925293, 2277.74487305, 1797.63818359, 2127.04516602, 2503.87109375, 2827.57470703, 1460.57580566, 1236.4083252, 1340.56591797, 839.032348633, 3158.00390625, 538.390197754, 845.540466309, 449.43371582, 323.823547363, 119.340545654, 72.203163147, 27.1760578156, 19.3518161774, 28.9242134094, 5.47364425659, 2.16797614098, 0.123669870198, 0.00870526861399, 0.000254079437582, 0.000107040024886, 2.88044049057e-07], "dvar": [0.378649145365, 27.5603904724, 107.250579834, 123.443054199, 88.2739257812, 11.6269893646, 19.347661972, 272.219177246, 344.644134521, 555.341796875, 1608.80053711, 1411.45202637, 1375.43432617, 1293.37438965, 1166.44506836, 850.77947998, 969.860839844, 1056.52612305, 1301.1619873, 641.567626953, 655.085388184, 1325.38366699, 904.49621582, 5140.97167969, 565.486877441, 1180.75524902, 612.191101074, 329.333953857, 74.7385559082, 32.9052886963, 12.3725099564, 7.025370121, 40.1516876221, 6.83211898804, 1.49893271923, 0.0459807552397, 0.00434110686183, 0.000167620935827, 0.000123341087601, 3.09837560053e-07], "mean": [0.214180618525, 2.16718673706, 3.30480194092, 2.71388888359, 2.86922812462, 2.58977627754, 3.32513523102, 9.33676242828, 14.4954223633, 17.3024597168, 28.5729866028, 28.013628006, 24.1303539276, 28.2204265594, 21.0903587341, 17.9781036377, 22.9642868042, 20.5545406342, 23.2086029053, 19.632730484, 19.4242706299, 18.3440170288, 15.2191076279, 20.5816192627, 13.2148008347, 12.5383653641, 9.37103462219, 8.66979217529, 5.60965299606, 4.55794477463, 2.87097501755, 1.86849808693, 1.25162041187, 0.706699192524, 0.628630578518, 0.165402814746, 0.0508749783039, 0.00927857775241, 0.00308381975628, 0.000184682270628]}, "zerocrossingrate": {"min": 0, "max": 0.509765625, "dvar2": 0.000477594061522, "median": 0.05908203125, "dmean2": 0.018027048558, "dmean": 0.0165576469153, "var": 0.00277063855901, "dvar": 0.000428069150075, "mean": 0.0738824158907}, "spectral_contrast_coeffs": {"min": [-0.986656308174, -0.973849177361, -0.965628802776, -0.961504638195, -0.963813304901, -0.96465587616], "max": [-0.33685785532, -0.38072758913, -0.465756744146, -0.399711817503, -0.526463806629, -0.574615359306], "dvar2": [0.00594552326947, 0.00409001065418, 0.0026476404164, 0.00170605757739, 0.00105051754508, 0.00148188753519], "median": [-0.676191568375, -0.746731519699, -0.783882558346, -0.801469564438, -0.80387532711, -0.756760597229], "dmean2": [0.0918959751725, 0.0797000005841, 0.0634018853307, 0.0501124486327, 0.0371848456562, 0.0369390696287], "dmean": [0.0568057447672, 0.0496086813509, 0.0404662191868, 0.0318201594055, 0.0231004655361, 0.0234719626606], "var": [0.00846466980875, 0.006534953136, 0.00675926823169, 0.0038654145319, 0.00183859944809, 0.00203888863325], "dvar": [0.0023224579636, 0.00163669080939, 0.00120479532052, 0.000762555340771, 0.000440286996309, 0.000597622070927], "mean": [-0.664301872253, -0.74030059576, -0.771616339684, -0.792433619499, -0.800893604755, -0.75385338068]}, "dissonance": {"min": 0.00276179378852, "max": 0.500000059605, "dvar2": 0.00105388520751, "median": 0.474982827902, "dmean2": 0.0308088324964, "dmean": 0.0187478661537, "var": 0.000941159960348, "dvar": 0.000415414746385, "mean": 0.466045737267}, "spectral_energyband_high": {"min": 7.4223845327e-21, "max": 0.0285727772862, "dvar2": 4.59706961919e-06, "median": 0.00028782262234, "dmean2": 0.000879897794221, "dmean": 0.000568712479435, "var": 2.07166613109e-06, "dvar": 1.75373543243e-06, "mean": 0.000832471065223}, "spectral_skewness": {"min": -0.0624773278832, "max": 4.16743183136, "dvar2": 0.164589896798, "median": 1.48317420483, "dmean2": 0.351021885872, "dmean": 0.227816283703, "var": 0.189722165465, "dvar": 0.0688288658857, "mean": 1.46471321583}, "spectral_flux": {"min": 6.46148065608e-11, "max": 0.378339141607, "dvar2": 0.00595555314794, "median": 0.0596397779882, "dmean2": 0.054109506309, "dmean": 0.0334466211498, "var": 0.00602023117244, "dvar": 0.00275579513982, "mean": 0.0828915163875}, "silence_rate_30dB": {"min": 0, "max": 1, "dvar2": 0.118760026991, "median": 1, "dmean2": 0.122881352901, "dmean": 0.0614347606897, "var": 0.0635179579258, "dvar": 0.057664886117, "mean": 0.931831300259}, "spectral_energyband_middle_high": {"min": 1.36752271619e-21, "max": 0.0758261159062, "dvar2": 4.23320198024e-05, "median": 0.00207780022174, "dmean2": 0.00332809565589, "dmean": 0.00210913131014, "var": 3.67666143575e-05, "dvar": 1.62002088473e-05, "mean": 0.00449791224673}, "barkbands_spread": {"min": 0.419713377953, "max": 129.150741577, "dvar2": 250.307006836, "median": 22.6987285614, "dmean2": 14.0254688263, "dmean": 9.14544010162, "var": 312.463775635, "dvar": 114.310195923, "mean": 26.8815746307}, "spectral_centroid": {"min": 148.908172607, "max": 11497.1162109, "dvar2": 540360.8125, "median": 1461.99560547, "dmean2": 596.338256836, "dmean": 380.942779541, "var": 660058.6875, "dvar": 235396.890625, "mean": 1603.01062012}, "pitch_salience": {"min": 0.0596440285444, "max": 0.940849363804, "dvar2": 0.0179363749921, "median": 0.571272373199, "dmean2": 0.145045235753, "dmean": 0.0930646359921, "var": 0.017769286409, "dvar": 0.00793260335922, "mean": 0.551056325436}, "erbbands_skewness": {"min": -4.11696434021, "max": 5.66517591476, "dvar2": 0.589757859707, "median": 0.276033490896, "dmean2": 0.72146320343, "dmean": 0.472987532616, "var": 0.77942943573, "dvar": 0.259082794189, "mean": 0.274605929852}, "erbbands_crest": {"min": 1.85985195637, "max": 30.6460361481, "dvar2": 15.8695135117, "median": 7.65899467468, "dmean2": 4.41076135635, "dmean": 2.81183242798, "var": 21.4851760864, "dvar": 7.02973413467, "mean": 8.92262840271}, "melbands": {"min": [3.91305104033e-24, 2.46299492892e-24, 3.09744775042e-24, 3.5672483405e-24, 3.17774550754e-24, 1.51102253622e-24, 3.46276647462e-24, 4.24969664277e-24, 7.25221602731e-24, 3.64099303007e-24, 5.16523519874e-24, 4.65954222633e-24, 5.02060465151e-24, 4.36229509851e-24, 1.12667023527e-23, 5.25631076797e-24, 5.13197603411e-24, 4.58320178995e-24, 4.99618782878e-24, 5.7874125557e-24, 7.90265156518e-24, 4.28591640238e-24, 3.4130216948e-24, 6.38392905627e-24, 6.82966583887e-24, 7.22290195607e-24, 6.86999240834e-24, 5.41290557411e-24, 1.23366470202e-23, 8.57306579435e-24, 5.83803533771e-24, 8.99830126531e-24, 9.63027509142e-24, 7.29541483934e-24, 7.61254402298e-24, 6.05684523686e-24, 9.12983987695e-24, 7.48804599492e-24, 6.96314110403e-24, 7.53797457934e-24], "max": [0.0512886233628, 0.0428754538298, 0.0215342137963, 0.00509001780301, 0.00200620666146, 0.00694665778428, 0.00607033353299, 0.00680351024494, 0.00575012899935, 0.00452583050355, 0.00531487585977, 0.0040512685664, 0.00526353064924, 0.00252154842019, 0.00298028253019, 0.0021051117219, 0.00380876776762, 0.00443901726976, 0.00146805460099, 0.00114712840877, 0.000633136427496, 0.000542691268492, 0.00032010889845, 0.000306755508063, 0.000508165743668, 0.000236347987084, 0.000236963489442, 0.000246235460509, 0.000151740401634, 0.000133536261274, 0.000111688728794, 0.000115238544822, 0.000126815852127, 7.81259441283e-05, 6.52207017993e-05, 5.41751178389e-05, 5.0819831813e-05, 0.000124006153783, 0.000589333532844, 1.43576662595e-05], "dvar2": [6.7119821324e-05, 7.75731023168e-05, 1.07898849819e-05, 4.90310299028e-07, 4.56673774352e-08, 3.18687966683e-07, 1.70645208186e-07, 2.7654658652e-07, 2.40194225398e-07, 1.46494926412e-07, 8.96796876759e-08, 6.16593993641e-08, 3.12410790571e-08, 1.44335983165e-08, 1.00556025728e-08, 1.63700732969e-08, 1.06598196936e-08, 1.05956754481e-08, 5.03828134768e-09, 3.71945807487e-09, 2.36354491534e-09, 3.95368582318e-09, 3.52008355797e-09, 2.71140465635e-09, 1.25008225993e-08, 1.30758726069e-09, 9.08241148956e-10, 1.63101654405e-09, 9.8930319492e-10, 4.73381500665e-10, 2.21148835355e-10, 8.55206946926e-11, 2.68770179723e-11, 2.64631320329e-11, 1.42494184854e-11, 5.13483396428e-12, 6.48990800337e-12, 1.72034036322e-11, 2.19901832854e-10, 1.35045739782e-12], "median": [8.05211457191e-05, 0.000134542526212, 0.000115736620501, 9.18300938793e-05, 5.55517253815e-05, 7.88043689681e-05, 8.92277967068e-05, 5.7459466916e-05, 4.97326691402e-05, 3.35218428518e-05, 2.45459341386e-05, 2.86329432129e-05, 1.59734227054e-05, 1.10786877485e-05, 1.11927874968e-05, 1.26814138639e-05, 8.10303936305e-06, 8.63166678755e-06, 7.70830411057e-06, 6.0099264374e-06, 5.30333682036e-06, 3.78978393201e-06, 3.77138712793e-06, 3.22244636664e-06, 3.50040727426e-06, 2.97399765259e-06, 2.15729414776e-06, 1.73263663328e-06, 1.4955169263e-06, 1.64209609466e-06, 1.05365666059e-06, 9.58753844316e-07, 7.38780613574e-07, 8.4186103777e-07, 6.62564502818e-07, 2.67623619266e-07, 3.06452619725e-07, 2.02570220154e-07, 1.55534991109e-07, 1.43671769592e-07], "dmean2": [0.00313730933703, 0.00377682386898, 0.00105824146885, 0.000294557277812, 0.000124535523355, 0.000268488802249, 0.000222411908908, 0.00024925058824, 0.000235369807342, 0.000170508195879, 0.000118333475257, 0.000112061024993, 6.66643391014e-05, 4.96144020872e-05, 4.29551728303e-05, 5.45538459846e-05, 3.517901132e-05, 3.71306596207e-05, 3.21123843605e-05, 2.89284580504e-05, 2.42458372668e-05, 2.65053076873e-05, 2.4057491828e-05, 2.11601964111e-05, 3.79549055651e-05, 1.52371003423e-05, 1.29938598548e-05, 1.48455856106e-05, 1.12370680654e-05, 9.10593462322e-06, 6.21268281975e-06, 4.20768992626e-06, 2.15651175495e-06, 2.4564319574e-06, 1.77830486336e-06, 9.37563982006e-07, 9.6324322385e-07, 8.47678506943e-07, 1.12979148525e-06, 4.7085657684e-07], "dmean": [0.00214447220787, 0.00215536938049, 0.00057672301773, 0.000170588886249, 7.62545751058e-05, 0.000164525263244, 0.000141415861435, 0.000151344022015, 0.000147636892507, 0.000108488224214, 7.6487667684e-05, 7.28982340661e-05, 4.28681087214e-05, 3.23097192449e-05, 2.72999423032e-05, 3.46592350979e-05, 2.29800207308e-05, 2.37221083808e-05, 2.00030990527e-05, 1.78311911441e-05, 1.45886842802e-05, 1.54612735059e-05, 1.40461534102e-05, 1.20774020615e-05, 2.04199077416e-05, 8.71391603141e-06, 7.41011808714e-06, 8.27856183605e-06, 6.25944494459e-06, 5.37202868145e-06, 3.6443418594e-06, 2.5543290576e-06, 1.46259162648e-06, 1.62866967912e-06, 1.18860964449e-06, 6.48096545319e-07, 6.70184988394e-07, 5.75214357923e-07, 7.24356482351e-07, 3.24381716155e-07], "var": [4.41514639533e-05, 3.12782285619e-05, 2.25040275836e-06, 1.33480412501e-07, 2.68352877697e-08, 1.48638690689e-07, 1.29300900653e-07, 1.57662910283e-07, 1.78572605591e-07, 1.22983763617e-07, 7.49479198703e-08, 5.43430260791e-08, 2.21421352364e-08, 1.43872860292e-08, 9.09357655843e-09, 1.47601735279e-08, 9.4382954785e-09, 7.9590094515e-09, 4.18502033028e-09, 3.07768388552e-09, 1.53149770643e-09, 1.51865409137e-09, 1.13162468285e-09, 7.63370699985e-10, 2.59457855201e-09, 3.85078274823e-10, 3.1188998606e-10, 4.01378374981e-10, 2.32595012695e-10, 1.4807166604e-10, 8.99852761749e-11, 4.54718276921e-11, 2.75905322894e-11, 2.40866111778e-11, 1.20353293304e-11, 7.09620296552e-12, 7.519027935e-12, 7.10690924513e-12, 4.68289712563e-11, 9.76478338292e-13], "dvar": [3.43805186276e-05, 2.91080668831e-05, 3.72900740331e-06, 1.71538388827e-07, 1.7997082935e-08, 1.25593544453e-07, 7.14726127171e-08, 1.06580543502e-07, 9.53813668048e-08, 6.03003655897e-08, 3.72183457387e-08, 2.50568614746e-08, 1.23856089829e-08, 6.52272280632e-09, 4.28267155073e-09, 7.00294089384e-09, 4.50179094003e-09, 4.57753390748e-09, 2.07474992742e-09, 1.5032696199e-09, 9.2549312658e-10, 1.44276690595e-09, 1.28034471913e-09, 9.74355818251e-10, 4.30700675125e-09, 4.65295524332e-10, 3.23137322455e-10, 5.74241709739e-10, 3.46570411258e-10, 1.73229625089e-10, 8.19761272752e-11, 3.40796280085e-11, 1.30539511492e-11, 1.24208369284e-11, 6.51792855799e-12, 2.67488136675e-12, 3.18302654199e-12, 6.61541784894e-12, 7.72643476976e-11, 5.94355673619e-13], "mean": [0.00233272952028, 0.00221732049249, 0.000485505035613, 0.000199094618438, 0.00011177653505, 0.000207393983146, 0.000218414556002, 0.000214300845983, 0.000228367483942, 0.000172576430487, 0.000119949909276, 0.000117630668683, 6.73959730193e-05, 5.1227179938e-05, 4.33077511843e-05, 5.32050289621e-05, 3.61448364856e-05, 3.63119361282e-05, 2.99845105474e-05, 2.66973656835e-05, 2.11822007259e-05, 1.91421568161e-05, 1.62888463819e-05, 1.31417527882e-05, 1.76922894752e-05, 1.01415871541e-05, 9.11070037546e-06, 8.18720491225e-06, 6.01550073043e-06, 5.94719813307e-06, 4.46181320513e-06, 3.34335868502e-06, 2.4778983061e-06, 2.64097047875e-06, 1.86728243534e-06, 1.12363522931e-06, 1.12880218239e-06, 8.62602860252e-07, 8.3035621401e-07, 4.85194505018e-07]}, "spectral_entropy": {"min": 5.52467393875, "max": 9.80438423157, "dvar2": 0.0946004837751, "median": 7.80172586441, "dmean2": 0.268093883991, "dmean": 0.188176035881, "var": 0.19236163795, "dvar": 0.0516920872033, "mean": 7.71691608429}, "spectral_rolloff": {"min": 21.533203125, "max": 19143.0175781, "dvar2": 3941759.5, "median": 1313.52539062, "dmean2": 1378.19067383, "dmean": 848.121398926, "var": 4389892.5, "dvar": 1894858.875, "mean": 1922.96569824}, "barkbands": {"min": [7.42923404786e-24, 7.7489562173e-24, 7.41366508903e-24, 2.30909013846e-24, 3.33993546742e-23, 1.10913567173e-23, 1.74153082845e-23, 2.50712017919e-23, 2.11767958735e-23, 4.02833146537e-23, 3.42111241001e-23, 3.58586159245e-23, 6.03464456107e-23, 7.22257315884e-23, 6.10355566321e-23, 1.17126369027e-22, 6.9934134835e-23, 1.10452176629e-22, 1.77343226879e-22, 2.26950688106e-22, 3.72374810468e-22, 5.07464552049e-22, 4.25279937471e-22, 7.83651293046e-22, 9.70034361029e-22, 1.2492605263e-21, 2.12398938281e-21], "max": [0.0247052647173, 0.181855231524, 0.0719998031855, 0.0433237068355, 0.0180743504316, 0.0306924786419, 0.026755169034, 0.040864944458, 0.027797896415, 0.0340560898185, 0.0319051481783, 0.018543580547, 0.023425899446, 0.0512891933322, 0.0242518279701, 0.0115546677262, 0.0076052704826, 0.00649564806372, 0.00808335840702, 0.00601336639374, 0.00450048269704, 0.00570358289406, 0.00277769891545, 0.0229747649282, 0.00153743487317, 0.000844879483338, 0.000661934143864], "dvar2": [3.33477601089e-06, 0.000989129883237, 0.000222319009481, 3.77582582587e-05, 5.66437938687e-06, 6.66434425511e-06, 3.45705711879e-06, 1.16656510727e-05, 5.9542830968e-06, 4.49641265732e-06, 1.63753577453e-06, 1.09512916424e-06, 1.21045115975e-06, 1.59122396326e-06, 9.89190652945e-07, 5.62460115816e-07, 1.35894140385e-06, 1.53387679802e-06, 2.25317057811e-06, 1.62609626386e-06, 6.38813446585e-07, 1.13981037941e-07, 4.18087289233e-08, 3.72155511741e-07, 2.74145897095e-08, 2.67410338317e-09, 5.25204857382e-09], "median": [0.00021494977409, 0.000274750927929, 0.000182366013178, 0.000164733151905, 0.000425980280852, 0.000383273989428, 0.000357625423931, 0.000251757941442, 0.000219968002057, 0.000186550169019, 0.000106567145849, 9.31547765504e-05, 0.000126523082145, 7.67149613239e-05, 0.000108073290903, 8.00495035946e-05, 7.4801791925e-05, 7.0193578722e-05, 8.83874672581e-05, 5.97770231252e-05, 6.32736555417e-05, 4.45370496891e-05, 3.90591740143e-05, 2.05868145713e-05, 1.82464827958e-05, 8.03241255198e-06, 1.74535171027e-06], "dmean2": [0.000808968907222, 0.0126306563616, 0.00524255260825, 0.00193711463362, 0.00111211580224, 0.00121603021398, 0.000963377940934, 0.00154330895748, 0.00111253315117, 0.00089818664128, 0.000522293441463, 0.000425380567322, 0.000498749373946, 0.000377461925382, 0.000451307714684, 0.000375289906515, 0.000481462659081, 0.000486899749376, 0.000556207436603, 0.000472479179734, 0.00032266494236, 0.000155901710968, 0.000100140314316, 8.32003061078e-05, 6.7943627073e-05, 2.57690899161e-05, 2.00291142392e-05], "dmean": [0.000795556756202, 0.00818751007318, 0.0029084389098, 0.00104551145341, 0.000656029733364, 0.000744080229197, 0.00060947361635, 0.000938246725127, 0.000711005763151, 0.000573936617002, 0.000336069788318, 0.000276096223388, 0.000315954413963, 0.00024111593666, 0.000281609536614, 0.000231032885495, 0.000277861516224, 0.00027759000659, 0.000308575603412, 0.000263347843429, 0.000189556798432, 9.92581626633e-05, 6.84657425154e-05, 5.73412653466e-05, 4.76885434182e-05, 1.91762537725e-05, 1.294257072e-05], "var": [8.15065050119e-06, 0.00061796157388, 5.26449402969e-05, 7.671495041e-06, 1.84147279469e-06, 3.00347369375e-06, 2.63490460384e-06, 6.67818130751e-06, 5.04361878484e-06, 3.74232172362e-06, 1.2107029761e-06, 1.07985238174e-06, 1.11157316951e-06, 1.05673632333e-06, 8.63189029587e-07, 5.01548242937e-07, 4.62727342665e-07, 4.18885093723e-07, 5.37695484581e-07, 4.09179477856e-07, 2.05385362051e-07, 8.62151381398e-08, 4.35927596243e-08, 1.06420351642e-07, 2.15374580392e-08, 3.37094507863e-09, 1.8786503464e-09], "dvar": [2.77444314634e-06, 0.000479733309476, 7.88671022747e-05, 1.28798337755e-05, 2.0401303118e-06, 2.61257696366e-06, 1.46266631873e-06, 4.38468669017e-06, 2.45294563683e-06, 1.77844981408e-06, 6.77773357438e-07, 4.93334823659e-07, 5.13985128237e-07, 6.20043920208e-07, 4.13161870938e-07, 2.26386404734e-07, 4.88088517159e-07, 5.50364177343e-07, 7.84740223025e-07, 5.69828785046e-07, 2.32392650901e-07, 4.96826970675e-08, 2.03127150655e-08, 1.34933614504e-07, 1.28456836279e-08, 1.41224554273e-09, 2.059047155e-09], "mean": [0.00130579597317, 0.00901862513274, 0.00228452938609, 0.000853233214002, 0.000835211365484, 0.000944128842093, 0.000933903327677, 0.00130938144866, 0.0011443690164, 0.000907514418941, 0.000503855699208, 0.00042860530084, 0.00049552397104, 0.000371871661628, 0.000424550817115, 0.000362802238669, 0.000335357501172, 0.000296509446343, 0.000323230022332, 0.000278147374047, 0.00022078458278, 0.000149539220729, 0.000115423048555, 8.67291892064e-05, 7.035114686e-05, 3.04426157527e-05, 1.43539327837e-05]}, "melbands_flatness_db": {"min": 0.0040327408351, "max": 0.560534834862, "dvar2": 0.00341478548944, "median": 0.170141637325, "dmean2": 0.0566677376628, "dmean": 0.0377202816308, "var": 0.00463369768113, "dvar": 0.00152322591748, "mean": 0.179100483656}, "melbands_skewness": {"min": -3.32077121735, "max": 20.4367866516, "dvar2": 3.50162887573, "median": 2.01499271393, "dmean2": 1.53412342072, "dmean": 0.995079934597, "var": 3.90142416954, "dvar": 1.60764873028, "mean": 2.47244048119}, "barkbands_skewness": {"min": -4.99655675888, "max": 24.0141201019, "dvar2": 2.04759955406, "median": 1.11641681194, "dmean2": 1.1431992054, "dmean": 0.757019817829, "var": 2.22361731529, "dvar": 0.930340766907, "mean": 1.34868752956}, "silence_rate_60dB": {"min": 0, "max": 1, "dvar2": 0.134501233697, "median": 0, "dmean2": 0.137904465199, "dmean": 0.0689455941319, "var": 0.17166814208, "dvar": 0.064197845757, "mean": 0.220103979111}, "spectral_energyband_low": {"min": 3.55062601571e-23, "max": 0.193820521235, "dvar2": 0.0012626509415, "median": 0.00096259691054, "dmean2": 0.0155622335151, "dmean": 0.00957001093775, "var": 0.000864475034177, "dvar": 0.00058160116896, "mean": 0.0121707394719}, "spectral_energyband_middle_low": {"min": 2.41515685746e-22, "max": 0.0788803845644, "dvar2": 0.000149903673446, "median": 0.00378181040287, "dmean2": 0.00546769192442, "dmean": 0.00336001464166, "var": 6.73653921694e-05, "dvar": 5.55398473807e-05, "mean": 0.00624723685905}, "melbands_kurtosis": {"min": -1.90199708939, "max": 721.560424805, "dvar2": 1418.61621094, "median": 5.39231204987, "dmean2": 16.1765518188, "dmean": 10.1266155243, "var": 1036.36901855, "dvar": 660.500366211, "mean": 13.8837795258}, "spectral_decrease": {"min": -6.0279106151e-08, "max": 8.26282476357e-30, "dvar2": 9.98048267663e-17, "median": -2.32080976659e-09, "dmean2": 5.03704278287e-09, "dmean": 3.20330606485e-09, "var": 9.48162659282e-17, "dvar": 4.81259338299e-17, "mean": -5.9653726403e-09}, "erbbands_kurtosis": {"min": -1.84700465202, "max": 40.51902771, "dvar2": 7.75143098831, "median": -0.0411050319672, "dmean2": 1.87547171116, "dmean": 1.18562972546, "var": 6.85922527313, "dvar": 3.57683110237, "mean": 0.682751953602}, "melbands_crest": {"min": 1.67953968048, "max": 37.6293525696, "dvar2": 29.6876831055, "median": 13.0256309509, "dmean2": 6.50758552551, "dmean": 4.08727693558, "var": 32.8694992065, "dvar": 12.4511909485, "mean": 14.0538043976}, "gfcc": {"cov": [[18044.3105469, -375.985229492, -995.052124023, -127.508338928, -226.700439453, 217.293136597, -2.69657754898, 559.45904541, 188.584777832, 189.122161865, -95.3419036865, -81.3041915894, -175.384429932], [-375.985229492, 1709.14257812, -269.419677734, -18.8223075867, 283.385162354, -36.8498725891, 172.067962646, 15.8037204742, 120.370849609, -62.075088501, 98.7117462158, -69.178604126, 9.73995494843], [-995.052124023, -269.419677734, 1177.37011719, 295.102996826, 150.868911743, 144.875595093, -4.04871416092, 11.7081851959, -34.2114982605, 67.5584335327, -21.835893631, 39.0348739624, -50.5220336914], [-127.508338928, -18.8223075867, 295.102996826, 497.931671143, 177.045639038, 16.3920402527, 34.9115447998, 24.4967689514, 15.7914524078, 1.16548919678, -0.752631008625, 6.31014966965, -14.2708806992], [-226.700439453, 283.385162354, 150.868911743, 177.045639038, 438.911895752, 151.510498047, 136.49281311, 80.7750091553, 85.9419326782, 15.3435707092, 32.6500663757, 11.1549730301, 2.8605799675], [217.293136597, -36.8498725891, 144.875595093, 16.3920402527, 151.510498047, 253.843017578, 106.26865387, 58.7717437744, 19.7078304291, 40.7920150757, 17.5887489319, 22.5662307739, -8.59868144989], [-2.69657754898, 172.067962646, -4.04871416092, 34.9115447998, 136.49281311, 106.26865387, 218.971298218, 65.1418991089, 57.1199913025, 7.20842266083, 41.3315010071, -0.00934191886336, 6.90831375122], [559.45904541, 15.8037204742, 11.7081851959, 24.4967689514, 80.7750091553, 58.7717437744, 65.1418991089, 174.35017395, 93.652381897, 32.8038215637, 4.0000500679, 2.84035181999, -6.29875230789], [188.584777832, 120.370849609, -34.2114982605, 15.7914524078, 85.9419326782, 19.7078304291, 57.1199913025, 93.652381897, 165.396377563, 52.1255760193, 26.6952037811, -8.24801158905, 18.5760555267], [189.122161865, -62.075088501, 67.5584335327, 1.16548919678, 15.3435707092, 40.7920150757, 7.20842266083, 32.8038215637, 52.1255760193, 104.14365387, 35.5189094543, 9.38610076904, -6.04517889023], [-95.3419036865, 98.7117462158, -21.835893631, -0.752631008625, 32.6500663757, 17.5887489319, 41.3315010071, 4.0000500679, 26.6952037811, 35.5189094543, 106.716758728, 34.9675292969, 13.2455673218], [-81.3041915894, -69.178604126, 39.0348739624, 6.31014966965, 11.1549730301, 22.5662307739, -0.00934191886336, 2.84035181999, -8.24801158905, 9.38610076904, 34.9675292969, 104.758163452, 36.0927505493], [-175.384429932, 9.73995494843, -50.5220336914, -14.2708806992, 2.8605799675, -8.59868144989, 6.90831375122, -6.29875230789, 18.5760555267, -6.04517889023, 13.2455673218, 36.0927505493, 83.7184371948]], "icov": [[7.34018613002e-05, -4.69664382763e-06, 9.83532372629e-05, -5.47037307115e-05, 8.40032516862e-05, -0.00011658269068, 6.60552032059e-05, -0.000256597471889, 5.02129114466e-05, -0.000135493901325, 8.82879758137e-05, -1.6994188627e-05, 0.00013717879483], [-4.69664382763e-06, 0.000908035610337, 6.85415579937e-05, 0.000243586910074, -0.000701002019923, 0.00048888346646, -0.00036248518154, 0.000317100377288, -0.00051381776575, 0.000873148208484, -0.000965513521805, 0.000673655944411, 0.000134729707497], [9.83532372629e-05, 6.85415579937e-05, 0.00135886971839, -0.000720054085832, -8.25926981634e-05, -0.000677759293467, 0.000295693869703, -0.000160211420734, 0.000411673594499, -0.00103963096626, 0.000650161528029, -0.000532970763743, 0.000752620806452], [-5.47037307115e-05, 0.000243586910074, -0.000720054085832, 0.00293110613711, -0.0014551805798, 0.00124783848878, -0.000384025042877, 0.000105468468973, 5.12191627422e-06, 0.000474686297821, -0.000218526489334, 6.19729835307e-05, 0.000180677336175], [8.40032516862e-05, -0.000701002019923, -8.25926981634e-05, -0.0014551805798, 0.00476916134357, -0.00252149510197, -0.000483777519548, -0.00051173788961, -0.00146991747897, 0.000719308853149, 0.000135671391035, -0.000492895313073, 0.000108247717435], [-0.00011658269068, 0.00048888346646, -0.000677759293467, 0.00124783848878, -0.00252149510197, 0.00763260619715, -0.00308673479594, -0.000621658808086, 0.00190165825188, -0.00234248978086, 0.000606442627031, -0.000887288537342, 0.000276105973171], [6.60552032059e-05, -0.00036248518154, 0.000295693869703, -0.000384025042877, -0.000483777519548, -0.00308673479594, 0.00792547967285, -0.0016974612372, -0.000922588340472, 0.00196529785171, -0.00268587400205, 0.00134087540209, -0.000595192133915], [-0.000256597471889, 0.000317100377288, -0.000160211420734, 0.000105468468973, -0.00051173788961, -0.000621658808086, -0.0016974612372, 0.0107405316085, -0.00587791437283, 0.000494844280183, 0.00159465684555, -0.00180768442806, 0.00211564148776], [5.02129114466e-05, -0.00051381776575, 0.000411673594499, 5.12191627422e-06, -0.00146991747897, 0.00190165825188, -0.000922588340472, -0.00587791437283, 0.0132534727454, -0.00630993908271, -0.000221870126552, 0.0025743029546, -0.00417742459103], [-0.000135493901325, 0.000873148208484, -0.00103963096626, 0.000474686297821, 0.000719308853149, -0.00234248978086, 0.00196529785171, 0.000494844280183, -0.00630993908271, 0.0169105548412, -0.00625751307234, 0.00062604167033, 0.00201929081231], [8.82879758137e-05, -0.000965513521805, 0.000650161528029, -0.000218526489334, 0.000135671391035, 0.000606442627031, -0.00268587400205, 0.00159465684555, -0.000221870126552, -0.00625751307234, 0.0152571229264, -0.00578790763393, 0.000730412197299], [-1.6994188627e-05, 0.000673655944411, -0.000532970763743, 6.19729835307e-05, -0.000492895313073, -0.000887288537342, 0.00134087540209, -0.00180768442806, 0.0025743029546, 0.00062604167033, -0.00578790763393, 0.0148759894073, -0.00676959892735], [0.00013717879483, 0.000134729707497, 0.000752620806452, 0.000180677336175, 0.000108247717435, 0.000276105973171, -0.000595192133915, 0.00211564148776, -0.00417742459103, 0.00201929081231, 0.000730412197299, -0.00676959892735, 0.0168101210147]], "mean": [-44.9243049622, 67.797706604, -114.789039612, 23.3455753326, -58.7043914795, 7.79200839996, -30.1748561859, 6.97606468201, -18.7660484314, 5.08067083359, -14.9975566864, 0.871751725674, -12.107260704]}, "melbands_spread": {"min": 0.332611203194, "max": 248.170654297, "dvar2": 852.390136719, "median": 22.9675636292, "dmean2": 20.4036426544, "dmean": 12.8586797714, "var": 772.929016113, "dvar": 379.079345703, "mean": 29.8490123749}, "spectral_energy": {"min": 1.05955729549e-20, "max": 0.231488913298, "dvar2": 0.0014664886985, "median": 0.00979971140623, "dmean2": 0.0195738393813, "dmean": 0.012505649589, "var": 0.00144715060014, "dvar": 0.00071204820415, "mean": 0.0240447763354}, "mfcc": {"cov": [[14314.7167969, 408.735015869, -918.037536621, -153.925979614, -196.466827393, -246.112518311, -100.710670471, 148.656661987, 239.19744873, 349.592407227, 203.130859375, 132.445022583, 11.6784486771], [408.735015869, 1521.33435059, -251.398849487, -4.21482467651, 42.0674552917, 1.94838273525, 64.0775527954, 51.7773971558, 30.6061382294, 25.1526622772, 78.7372207642, 28.7303962708, 26.8012180328], [-918.037536621, -251.398849487, 796.850158691, 157.328781128, 123.296424866, 92.820930481, 33.7610702515, -21.1689987183, -25.3319511414, -32.0726509094, 11.6181516647, 16.7797279358, -23.9684276581], [-153.925979614, -4.21482467651, 157.328781128, 427.954986572, 146.098861694, 43.5014266968, 25.954246521, 32.2455024719, 25.889585495, -5.7451672554, 0.889678359032, 30.8373699188, -11.964717865], [-196.466827393, 42.0674552917, 123.296424866, 146.098861694, 308.3331604, 96.8574371338, 71.7852630615, 58.2344589233, 71.2072219849, 21.2182350159, 45.8254470825, 38.1553726196, 6.04845762253], [-246.112518311, 1.94838273525, 92.820930481, 43.5014266968, 96.8574371338, 205.884811401, 108.874015808, 43.4336585999, 22.5194911957, -5.06026220322, 36.4027023315, 14.3897428513, 8.37630558014], [-100.710670471, 64.0775527954, 33.7610702515, 25.954246521, 71.7852630615, 108.874015808, 193.437698364, 79.0993652344, 29.6778678894, 3.05515146255, 39.8528213501, 34.6988067627, 15.6890859604], [148.656661987, 51.7773971558, -21.1689987183, 32.2455024719, 58.2344589233, 43.4336585999, 79.0993652344, 141.382949829, 73.6176452637, 13.247341156, 31.3054714203, 29.1563739777, 21.3651275635], [239.19744873, 30.6061382294, -25.3319511414, 25.889585495, 71.2072219849, 22.5194911957, 29.6778678894, 73.6176452637, 141.804244995, 69.8093185425, 41.2807693481, 15.648680687, 8.15209960938], [349.592407227, 25.1526622772, -32.0726509094, -5.7451672554, 21.2182350159, -5.06026220322, 3.05515146255, 13.247341156, 69.8093185425, 142.112091064, 64.1429519653, 4.73975467682, -10.7299480438], [203.130859375, 78.7372207642, 11.6181516647, 0.889678359032, 45.8254470825, 36.4027023315, 39.8528213501, 31.3054714203, 41.2807693481, 64.1429519653, 124.307281494, 52.9563560486, 7.41695451736], [132.445022583, 28.7303962708, 16.7797279358, 30.8373699188, 38.1553726196, 14.3897428513, 34.6988067627, 29.1563739777, 15.648680687, 4.73975467682, 52.9563560486, 107.521392822, 38.8975257874], [11.6784486771, 26.8012180328, -23.9684276581, -11.964717865, 6.04845762253, 8.37630558014, 15.6890859604, 21.3651275635, 8.15209960938, -10.7299480438, 7.41695451736, 38.8975257874, 98.1592102051]], "icov": [[8.31749930512e-05, -4.64780578113e-06, 7.55595465307e-05, -7.36554193281e-06, 5.31221958227e-05, 4.28900966654e-05, 5.42737689102e-05, -8.17510954221e-05, -3.39838406944e-05, -0.000147787635797, -3.29082467942e-05, -0.000120537428302, 4.80306443933e-05], [-4.64780578113e-06, 0.000741651223507, 0.000262519548414, -6.686955021e-05, -0.00013705616584, 0.000175254011992, -0.000240759050939, -2.26029605983e-05, 7.73198844399e-05, 0.000194427979295, -0.000620089063887, 0.000230556353927, -0.000138780524139], [7.55595465307e-05, 0.000262519548414, 0.00166647741571, -0.000424465950346, -0.000391791545553, -0.000414069334511, -1.4825774997e-05, 0.000382186990464, 0.000268445292022, 0.000225363401114, -0.000419287680415, -0.000177846959559, 0.000357669836376], [-7.36554193281e-06, -6.686955021e-05, -0.000424465950346, 0.00303786643781, -0.00126456050202, -7.18003720976e-05, 0.000307671522023, -0.00050470395945, 7.68047830206e-05, -0.00013208189921, 0.00104357977398, -0.00107533892151, 0.000756955647375], [5.31221958227e-05, -0.00013705616584, -0.000391791545553, -0.00126456050202, 0.00519188120961, -0.00141540064942, -0.000280004722299, -1.22028504848e-05, -0.002120800782, 0.000236620559008, -0.000502632523421, -0.000666931504384, 0.000133830850245], [4.28900966654e-05, 0.000175254011992, -0.000414069334511, -7.18003720976e-05, -0.00141540064942, 0.00814351625741, -0.00397675996646, 0.000382558617275, -0.000320672639646, 0.00134593469556, -0.00216802209616, 0.00185552495532, -0.000615877914242], [5.42737689102e-05, -0.000240759050939, -1.4825774997e-05, 0.000307671522023, -0.000280004722299, -0.00397675996646, 0.00944318808615, -0.00437968596816, 0.00142871239223, -0.000530732795596, -0.000154918772751, -0.00154884625226, 0.000342504179571], [-8.17510954221e-05, -2.26029605983e-05, 0.000382186990464, -0.00050470395945, -1.22028504848e-05, 0.000382558617275, -0.00437968596816, 0.0134088099003, -0.00681176688522, 0.00283438991755, -0.000955404830165, -0.000334644457325, -0.00112235918641], [-3.39838406944e-05, 7.73198844399e-05, 0.000268445292022, 7.68047830206e-05, -0.002120800782, -0.000320672639646, 0.00142871239223, -0.00681176688522, 0.0144557356834, -0.00633579213172, 0.000500095658936, 0.000273899437161, -0.000569279654883], [-0.000147787635797, 0.000194427979295, 0.000225363401114, -0.00013208189921, 0.000236620559008, 0.00134593469556, -0.000530732795596, 0.00283438991755, -0.00633579213172, 0.0133844763041, -0.0069449711591, 0.00274631008506, 0.00076764455298], [-3.29082467942e-05, -0.000620089063887, -0.000419287680415, 0.00104357977398, -0.000502632523421, -0.00216802209616, -0.000154918772751, -0.000955404830165, 0.000500095658936, -0.0069449711591, 0.0161803457886, -0.00757354917005, 0.00162460969295], [-0.000120537428302, 0.000230556353927, -0.000177846959559, -0.00107533892151, -0.000666931504384, 0.00185552495532, -0.00154884625226, -0.000334644457325, 0.000273899437161, 0.00274631008506, -0.00757354917005, 0.015842590481, -0.00544818118215], [4.80306443933e-05, -0.000138780524139, 0.000357669836376, 0.000756955647375, 0.000133830850245, -0.000615877914242, 0.000342504179571, -0.00112235918641, -0.000569279654883, 0.00076764455298, 0.00162460969295, -0.00544818118215, 0.0128005500883]], "mean": [-687.369628906, 105.219787598, -2.77422618866, 19.6375160217, -5.15738868713, 4.74443864822, -2.84817361832, 3.0808134079, -0.0448105596006, 3.52575016022, 2.1032435894, 0.756312251091, 1.27070069313]}, "spectral_contrast_valleys": {"min": [-27.5220184326, -27.6674804688, -27.4322776794, -27.5548973083, -27.3360538483, -27.3547668457], "max": [-5.23235988617, -4.71588754654, -5.20590829849, -5.41266679764, -5.04992580414, -7.83581876755], "dvar2": [0.486706525087, 0.362871587276, 0.358339458704, 0.441785246134, 0.739839613438, 0.490525692701], "median": [-7.9562420845, -6.93771457672, -7.58780097961, -7.87604284286, -7.70850419998, -10.21596241], "dmean2": [0.807427585125, 0.656401515007, 0.594806671143, 0.595089316368, 0.592364370823, 0.535506486893], "dmean": [0.550368726254, 0.441944181919, 0.406927704811, 0.419807046652, 0.440289378166, 0.454214721918], "var": [2.41139101982, 2.09877133369, 2.08922195435, 2.21426463127, 2.21550273895, 2.23579120636], "dvar": [0.308158129454, 0.211981296539, 0.20681206882, 0.251044690609, 0.372573256493, 0.305876463652], "mean": [-8.19061946869, -7.2270731926, -7.7828207016, -8.08248996735, -7.94851255417, -10.5151529312]}, "barkbands_flatness_db": {"min": 0.0172349084169, "max": 0.423074573278, "dvar2": 0.0018488985952, "median": 0.106940925121, "dmean2": 0.0427823290229, "dmean": 0.0288445893675, "var": 0.00263560097665, "dvar": 0.000838844047394, "mean": 0.115353353322}, "dynamic_complexity": 5.97285175323, "erbbands_flatness_db": {"min": 0.0263887327164, "max": 0.384830117226, "dvar2": 0.000796482083388, "median": 0.140300869942, "dmean2": 0.0294368024915, "dmean": 0.022201674059, "var": 0.00255559710786, "dvar": 0.000473376596346