{"lowlevel": {"spectral_complexity": {"min": 0, "max": 62, "dvar2": 24.1997375488, "median": 14, "dmean2": 4.4860830307, "dmean": 3.07589673996, "var": 164.09815979, "dvar": 13.6096658707, "mean": 16.7023582458}, "silence_rate_20dB": {"min": 1, "max": 1, "dvar2": 0, "median": 1, "dmean2": 0, "dmean": 0, "var": 0, "dvar": 0, "mean": 1}, "average_loudness": 0.89547765255, "erbbands_spread": {"min": 0.775195002556, "max": 220.719192505, "dvar2": 379.499298096, "median": 31.5777511597, "dmean2": 15.6224250793, "dmean": 10.2600831985, "var": 379.268310547, "dvar": 159.087188721, "mean": 36.1918907166}, "spectral_kurtosis": {"min": -1.27851521969, "max": 83.9139251709, "dvar2": 21.433298111, "median": 4.28641080856, "dmean2": 3.13541722298, "dmean": 1.93168449402, "var": 22.809469223, "dvar": 9.39657115936, "mean": 5.31618642807}, "barkbands_kurtosis": {"min": -1.91395580769, "max": 6360.03515625, "dvar2": 82834.59375, "median": 0.834636211395, "dmean2": 36.1860466003, "dmean": 24.8180332184, "var": 62607.921875, "dvar": 38158.7421875, "mean": 29.7380142212}, "spectral_strongpeak": {"min": 0, "max": 18.0973834991, "dvar2": 3.33556890488, "median": 0.35036072135, "dmean2": 0.930374205112, "dmean": 0.559881985188, "var": 1.90424489975, "dvar": 1.33391022682, "mean": 0.809214532375}, "spectral_spread": {"min": 1003596.6875, "max": 19032850, "dvar2": 4286058594300.0, "median": 4023020, "dmean2": 1525187.375, "dmean": 1020319.125, "var": 3914775920640.0, "dvar": 1975265656830.0, "mean": 4511977}, "spectral_rms": {"min": 1.55380512297e-05, "max": 0.0141142718494, "dvar2": 3.33390858032e-06, "median": 0.0035832086578, "dmean2": 0.00156018871348, "dmean": 0.00122847722378, "var": 9.20609181776e-06, "dvar": 2.3712661914e-06, "mean": 0.00435006245971}, "erbbands": {"min": [8.54394897942e-07, 5.313248721e-07, 9.46549391756e-07, 1.32210391257e-06, 8.05641718671e-07, 1.37984557114e-06, 6.2963408709e-07, 8.39671656649e-07, 8.02812564871e-07, 1.2520912378e-06, 1.31928970859e-06, 2.94855431093e-06, 3.11461690217e-06, 2.92727031592e-06, 3.6838187043e-06, 5.86537817071e-06, 4.24422569267e-06, 7.36710217097e-06, 6.03563239565e-06, 8.26429732115e-06, 9.38354514801e-06, 1.23992649605e-05, 1.20016256915e-05, 6.11538234807e-06, 1.04456667032e-05, 5.67754477743e-06, 8.23764366942e-06, 8.55061443872e-06, 6.23852292847e-06, 8.85998906597e-06, 7.89038676885e-06, 8.08912773209e-06, 4.54780865766e-06, 1.92469610738e-06, 1.78333277745e-06, 1.42109593071e-06, 3.63131590575e-07, 1.45824373021e-07, 3.61348284628e-08, 3.29389915343e-09], "max": [7.57830715179, 40.7750282288, 35.9378890991, 92.0960693359, 80.092956543, 169.578414917, 261.914428711, 146.539138794, 208.885848999, 515.673400879, 498.844207764, 774.769775391, 980.924926758, 904.260925293, 1298.87194824, 2083.22387695, 1673.11047363, 3525.22045898, 2201.16088867, 2399.92871094, 1960.15820312, 2196.84790039, 941.99822998, 650.438049316, 380.258422852, 383.954803467, 294.268127441, 444.820648193, 253.097122192, 132.35118103, 97.3916168213, 78.3154067993, 66.0788574219, 53.6881256104, 10.1765422821, 7.13531303406, 2.8497133255, 0.536649107933, 0.0366963855922, 0.00133215042297], "dvar2": [1.22497856617, 54.4180717468, 69.611831665, 51.2229881287, 98.1935806274, 200.243225098, 606.912109375, 325.501525879, 88.2288284302, 500.515106201, 971.123413086, 1511.93798828, 1949.26293945, 1192.74206543, 2623.59082031, 3923.76733398, 7370.83203125, 32394.8554688, 8485.91699219, 14233.140625, 5268.86621094, 4880.73828125, 1999.70556641, 865.797485352, 490.083770752, 309.527954102, 198.417907715, 371.704650879, 188.455688477, 45.6242599487, 26.4411773682, 19.3130550385, 12.6906661987, 5.53835678101, 1.1496963501, 0.262840986252, 0.0345568023622, 0.00161002913956, 1.57629892783e-05, 2.62321968592e-08], "median": [0.0441490672529, 0.436858505011, 0.460837334394, 0.540041565895, 0.744931399822, 1.07704234123, 1.15934717655, 1.221565485, 1.33726322651, 2.58144855499, 2.29053997993, 3.98451781273, 4.22984218597, 4.87340593338, 4.62633514404, 3.8345925808, 5.58609485626, 7.02125930786, 9.01196861267, 8.10710525513, 6.92570066452, 12.5554628372, 7.3013253212, 7.45515298843, 6.20571327209, 2.97122693062, 1.94696187973, 1.3692163229, 1.0841588974, 0.666867136955, 0.451501816511, 0.386405974627, 0.308007955551, 0.157747745514, 0.0642891526222, 0.0241606235504, 0.00738959340379, 0.00127235532273, 0.000107300074887, 2.95947829727e-05], "dmean2": [0.590980529785, 3.91520953178, 3.74445271492, 3.28058934212, 5.22162389755, 6.93765544891, 8.55473995209, 6.34027481079, 3.77917647362, 7.79377126694, 10.0357732773, 13.147313118, 14.384057045, 13.0886564255, 14.9645738602, 14.8599510193, 27.044008255, 43.7448043823, 34.4933586121, 38.4151992798, 22.5785236359, 28.0451507568, 17.4744186401, 13.4231863022, 10.9135503769, 7.41751337051, 5.93247795105, 6.42180538177, 4.6213684082, 2.31671714783, 1.74884450436, 1.73999512196, 1.55885362625, 1.1236872673, 0.621118843555, 0.288657307625, 0.0997648313642, 0.02091264911, 0.00208234088495, 9.06886270968e-05], "dmean": [0.471436321735, 2.89174985886, 2.1649992466, 1.7633010149, 2.8053650856, 3.81264972687, 4.64354991913, 3.4981470108, 2.32741880417, 5.00368785858, 6.278901577, 8.20209980011, 9.35409927368, 8.49841594696, 9.56326293945, 9.76056671143, 17.4382514954, 28.9536132812, 23.0235443115, 24.7000484467, 14.9535074234, 18.9665489197, 11.5918016434, 8.88938617706, 7.14186191559, 4.92919540405, 4.03886699677, 4.4451508522, 3.22927212715, 1.57722759247, 1.16636002064, 1.15139257908, 0.991137444973, 0.674952685833, 0.36962428689, 0.170978397131, 0.0591169223189, 0.012248730287, 0.00120686704759, 5.83155087952e-05], "var": [1.27878284454, 47.6458778381, 19.4918746948, 13.776465416, 26.0692577362, 74.1410293579, 137.633041382, 92.981803894, 86.8672561646, 532.096313477, 722.411560059, 1128.71044922, 1667.79516602, 1177.24169922, 1837.6439209, 2778.41503906, 5977.16748047, 24897.5410156, 9549.46972656, 12145.1533203, 5007.53515625, 5522.00097656, 2368.3828125, 1177.70288086, 568.267456055, 350.016662598, 287.722930908, 539.379760742, 249.649597168, 47.6211776733, 22.3763885498, 20.1187610626, 11.4688138962, 3.34003400803, 0.624713242054, 0.136072978377, 0.016607593745, 0.000658965262119, 5.14306020705e-06, 1.03779091987e-08], "dvar": [0.722626209259, 28.5127067566, 25.4992523193, 17.7132644653, 34.5418205261, 71.378364563, 209.059173584, 112.815193176, 37.2198944092, 211.265808105, 373.703125, 585.268615723, 846.995483398, 530.052368164, 1075.42712402, 1618.40393066, 3239.20019531, 14062.9921875, 3816.78808594, 5871.78613281, 2134.69555664, 2453.98999023, 858.529418945, 375.929992676, 206.123123169, 134.389099121, 93.9052810669, 171.16015625, 88.6486968994, 21.8430576324, 11.8592338562, 9.3720703125, 5.69447088242, 2.29821276665, 0.475900828838, 0.108485452831, 0.0141349360347, 0.000635660020635, 6.05530840403e-06, 1.01236485861e-08], "mean": [0.565403401852, 3.67642617226, 1.99301314354, 1.78779649734, 2.67412376404, 4.0811662674, 4.63010835648, 4.25722360611, 4.13953399658, 9.14863014221, 10.5295200348, 14.1787290573, 16.4986057281, 15.3174180984, 16.0684127808, 17.1296367645, 28.0302085876, 45.9562911987, 41.6608772278, 43.1315078735, 29.661190033, 34.4886932373, 23.8376617432, 18.728105545, 14.549943924, 10.0235681534, 8.30436134338, 9.08387851715, 6.37114858627, 2.8155977726, 1.91469728947, 1.85325312614, 1.40738916397, 0.752720355988, 0.360067844391, 0.160363480449, 0.0542987287045, 0.0107416789979, 0.000967730011325, 7.00770033291e-05]}, "zerocrossingrate": {"min": 0, "max": 0.4853515625, "dvar2": 0.0002243447816, "median": 0.0595703125, "dmean2": 0.0148936351761, "dmean": 0.014172882773, "var": 0.00180360965896, "dvar": 0.000212478029425, "mean": 0.0637766346335}, "spectral_contrast_coeffs": {"min": [-0.941980779171, -0.953350663185, -0.946443200111, -0.983520269394, -0.96827340126, -0.918519496918], "max": [-0.352411240339, -0.32601621747, -0.44114023447, -0.492531239986, -0.542279481888, -0.524726271629], "dvar2": [0.00515541248024, 0.00481122452766, 0.00253478181548, 0.00191271724179, 0.00110190932173, 0.00141717609949], "median": [-0.687630176544, -0.741546571255, -0.778287529945, -0.774758696556, -0.777058005333, -0.769338428974], "dmean2": [0.0816469937563, 0.0778323337436, 0.060905508697, 0.0523832961917, 0.0384306609631, 0.0400826074183], "dmean": [0.0493618994951, 0.0474158227444, 0.0383307412267, 0.033595867455, 0.0248866528273, 0.0271015595645], "var": [0.00667695421726, 0.00720056192949, 0.00541952531785, 0.00476662255824, 0.00338882021606, 0.00383599195629], "dvar": [0.00191667792387, 0.00180661899503, 0.00107419269625, 0.000853647128679, 0.000504435680341, 0.000740897317883], "mean": [-0.685477256775, -0.735247075558, -0.770246505737, -0.768910944462, -0.774734318256, -0.772108256817]}, "dissonance": {"min": 0.265737563372, "max": 0.500000119209, "dvar2": 0.000545277784113, "median": 0.48229059577, "dmean2": 0.0218341667205, "dmean": 0.01310014911, "var": 0.000480474292999, "dvar": 0.000207086239243, "mean": 0.476017922163}, "spectral_energyband_high": {"min": 1.78386105887e-09, "max": 0.0139071522281, "dvar2": 7.94943446181e-07, "median": 0.000217574284761, "dmean2": 0.00047704190365, "dmean": 0.00033166439971, "var": 1.68395342826e-06, "dvar": 4.28228020155e-07, "mean": 0.000728071841877}, "spectral_skewness": {"min": -0.426144242287, "max": 7.80662202835, "dvar2": 0.191189318895, "median": 1.5051265955, "dmean2": 0.389462947845, "dmean": 0.250702261925, "var": 0.335430055857, "dvar": 0.0895614475012, "mean": 1.58786869049}, "spectral_flux": {"min": 9.22265680856e-05, "max": 0.373508691788, "dvar2": 0.00561573728919, "median": 0.0700096040964, "dmean2": 0.0584207773209, "dmean": 0.0363012067974, "var": 0.00443532597274, "dvar": 0.00252562644891, "mean": 0.0845254585147}, "silence_rate_30dB": {"min": 0, "max": 1, "dvar2": 0.197819784284, "median": 1, "dmean2": 0.175664931536, "dmean": 0.0878247022629, "var": 0.0583247989416, "dvar": 0.0801031887531, "mean": 0.937803685665}, "spectral_energyband_middle_high": {"min": 3.59422958063e-09, "max": 0.0945847257972, "dvar2": 2.71496810456e-05, "median": 0.00226970226504, "dmean2": 0.00254764314741, "dmean": 0.00185600982513, "var": 7.39348542993e-05, "dvar": 1.37165334309e-05, "mean": 0.00556325959042}, "barkbands_spread": {"min": 0.0167910289019, "max": 123.27130127, "dvar2": 149.106491089, "median": 23.2147407532, "dmean2": 11.1653966904, "dmean": 7.54674339294, "var": 225.557617188, "dvar": 69.5186233521, "mean": 24.1325683594}, "spectral_centroid": {"min": 58.9823036194, "max": 7488.24414062, "dvar2": 267767.71875, "median": 1799.40161133, "dmean2": 474.986907959, "dmean": 308.182373047, "var": 529644.25, "dvar": 116606.476562, "mean": 1712.98071289}, "pitch_salience": {"min": 0.00624249363318, "max": 0.848754525185, "dvar2": 0.0237228926271, "median": 0.488107889891, "dmean2": 0.155815094709, "dmean": 0.102375596762, "var": 0.0357598736882, "dvar": 0.0114962896332, "mean": 0.459279388189}, "erbbands_skewness": {"min": -6.21298551559, "max": 17.8380508423, "dvar2": 0.632490992546, "median": -0.131923526525, "dmean2": 0.654246330261, "dmean": 0.43221873045, "var": 0.963499546051, "dvar": 0.298833072186, "mean": -0.0920242443681}, "erbbands_crest": {"min": 2.24439501762, "max": 32.5262947083, "dvar2": 16.3826370239, "median": 7.96570205688, "dmean2": 4.32201433182, "dmean": 2.72015976906, "var": 18.7563037872, "dvar": 7.18929862976, "mean": 9.06789398193}, "melbands": {"min": [1.71707679186e-08, 5.42664746472e-10, 1.77070275109e-10, 5.55660656376e-11, 2.16178915047e-11, 2.27171371991e-11, 9.75259109581e-12, 1.28144638997e-11, 1.06034053066e-11, 1.55771645582e-11, 1.5124583877e-11, 7.8681306262e-12, 1.22947138581e-11, 1.04245344995e-11, 1.05934159014e-11, 6.82115561951e-12, 1.06446336121e-11, 8.60757385507e-12, 8.57611637956e-12, 1.01059664109e-11, 9.03591264312e-12, 1.23020283196e-11, 6.60824259896e-12, 7.63983060842e-12, 4.07448944376e-12, 7.69229298314e-12, 6.93261333756e-12, 2.38965943387e-12, 4.87109875005e-12, 5.21729274366e-12, 5.27053791236e-12, 3.01592778529e-12, 4.76498354662e-12, 4.82737677956e-12, 4.85740831238e-12, 3.0486127945e-12, 5.08812913677e-12, 3.40032038984e-12, 1.86523279461e-12, 1.5741052125e-12], "max": [0.062742896378, 0.0296843331307, 0.0162021107972, 0.00667268736288, 0.00783202517778, 0.00365956733003, 0.00305181764998, 0.00487276306376, 0.00369236292318, 0.00461211847141, 0.00477953767404, 0.00341386999935, 0.00391602283344, 0.00634231884032, 0.00376380328089, 0.0073949880898, 0.00784306321293, 0.00359185691923, 0.00460171513259, 0.00213598133996, 0.00314813572913, 0.00320312357508, 0.00116941914894, 0.00113788351882, 0.000567859737203, 0.000349126232322, 0.000248348864261, 0.000227591241128, 0.000147037018905, 0.000254869577475, 0.00039700299385, 0.000191544459085, 0.000199997230084, 6.24638705631e-05, 6.57645941828e-05, 5.5439031712e-05, 5.56521226827e-05, 5.35021172254e-05, 5.93470213062e-05, 4.06508806918e-05], "dvar2": [8.75737750903e-05, 3.21418483509e-05, 1.78946970664e-06, 6.28033035355e-07, 6.81744893427e-07, 1.73628279754e-07, 2.15468158871e-08, 6.9836637806e-08, 6.67789663567e-08, 6.09922494732e-08, 5.12210291959e-08, 2.16797459984e-08, 2.76469975802e-08, 3.72184949526e-08, 2.11305568598e-08, 7.41805195048e-08, 1.37282455626e-07, 2.45045068681e-08, 4.4030944224e-08, 1.83278618948e-08, 9.80880709989e-09, 7.77739028734e-09, 2.91769985949e-09, 1.7492818305e-09, 7.33005933728e-10, 4.47985731844e-10, 2.11489256663e-10, 1.56423693443e-10, 9.49293768593e-11, 1.24951243796e-10, 2.11325359989e-10, 1.06740324912e-10, 3.52669178583e-11, 1.1269020439e-11, 1.27406488137e-11, 8.58323741942e-12, 7.99294051085e-12, 7.17746652043e-12, 7.23320448676e-12, 3.92189752896e-12], "median": [0.000480075133964, 0.000397671043174, 0.000100393728644, 7.21858014003e-05, 4.65816883661e-05, 2.75813199551e-05, 2.26238644245e-05, 2.61285513261e-05, 1.90368082258e-05, 2.43886570388e-05, 1.94066014956e-05, 1.77903675649e-05, 1.56290388986e-05, 8.53423807712e-06, 1.06759816845e-05, 1.15015318443e-05, 1.18736643344e-05, 1.22946194097e-05, 1.26757340695e-05, 6.42809936835e-06, 7.61446062825e-06, 1.28233150463e-05, 8.21416051622e-06, 5.07183540321e-06, 5.41110193808e-06, 4.98634426549e-06, 2.53847451859e-06, 1.57885699537e-06, 1.19241406082e-06, 8.21170772269e-07, 7.22429547295e-07, 6.53307836274e-07, 4.27235107736e-07, 3.08823928208e-07, 2.4053892389e-07, 2.33607934774e-07, 2.27769120897e-07, 2.15472667264e-07, 1.6924199997e-07, 1.13955792358e-07], "dmean2": [0.00514085637406, 0.00281314691529, 0.000632410054095, 0.000434500863776, 0.00030221088673, 0.000146915423102, 5.99846207479e-05, 8.99303122424e-05, 8.55063262861e-05, 8.41259825393e-05, 7.327349158e-05, 5.49926044187e-05, 5.45959519513e-05, 4.01711877203e-05, 4.44606048404e-05, 7.20786119928e-05, 8.75496698427e-05, 5.55329061172e-05, 6.55712065054e-05, 4.28653147537e-05, 2.79364267044e-05, 3.34352480422e-05, 2.22879771172e-05, 1.57605154527e-05, 1.19205787996e-05, 1.03367383417e-05, 6.23994310445e-06, 5.1401411838e-06, 4.00564522351e-06, 4.1977004912e-06, 4.43904946223e-06, 3.28304463437e-06, 1.79374410436e-06, 1.181161565e-06, 1.12684335818e-06, 1.01393106888e-06, 1.14129727535e-06, 1.11473298148e-06, 1.15794853173e-06, 9.32522823405e-07], "dmean": [0.00405369419605, 0.00194756139535, 0.000338655197993, 0.000235630723182, 0.000164428463904, 8.12270518509e-05, 3.7575722672e-05, 5.74343248445e-05, 5.34504906682e-05, 5.26103249285e-05, 4.75855049444e-05, 3.55277588824e-05, 3.48997346009e-05, 2.60545421042e-05, 2.90062544082e-05, 4.63468568341e-05, 5.7584107708e-05, 3.69589397451e-05, 4.21972254117e-05, 2.7489671993e-05, 1.80589249794e-05, 2.24197538046e-05, 1.45759586303e-05, 1.02443109427e-05, 7.72466046328e-06, 6.6434722612e-06, 4.08591949963e-06, 3.35897721015e-06, 2.63506626652e-06, 2.80861286228e-06, 2.98456689052e-06, 2.24215978051e-06, 1.19197648019e-06, 7.86496570981e-07, 7.322980764e-07, 6.62422394271e-07, 7.49722516957e-07, 7.09623066086e-07, 7.0147302722e-07, 5.55687279302e-07], "var": [9.72155103227e-05, 1.95957345568e-05, 4.70590407531e-07, 1.92572414903e-07, 1.64235657962e-07, 4.95950729373e-08, 2.32629986385e-08, 6.53672529438e-08, 4.83493316494e-08, 4.47275922966e-08, 4.22359498486e-08, 2.04830197248e-08, 1.92171221158e-08, 2.75408709172e-08, 1.58371431525e-08, 5.60391733018e-08, 9.95993829633e-08, 2.54509302522e-08, 3.32346417053e-08, 1.70364504726e-08, 6.42930775285e-09, 8.4427140834e-09, 2.92727930784e-09, 1.82615578215e-09, 7.99790234041e-10, 4.24105084385e-10, 2.23883203643e-10, 1.50736104154e-10, 1.05022102126e-10, 1.5505148554e-10, 2.34431446478e-10, 1.22872281794e-10, 2.9250768474e-11, 1.12015171444e-11, 8.9720860949e-12, 6.58406402315e-12, 8.51065138502e-12, 6.2414639429e-12, 4.68864877479e-12, 2.05758890828e-12], "dvar": [5.27223164681e-05, 1.43164043038e-05, 6.2133716483e-07, 2.22638448122e-07, 2.35589496356e-07, 6.02588556831e-08, 9.25589205281e-09, 2.85582899551e-08, 2.51964671349e-08, 2.38725235135e-08, 2.20761808833e-08, 9.490552344e-09, 1.13278266767e-08, 1.50278918198e-08, 8.90308271551e-09, 3.38005676781e-08, 5.88936437396e-08, 1.11001403624e-08, 1.83150312694e-08, 7.60502238961e-09, 3.73502384576e-09, 3.96690813531e-09, 1.26354604557e-09, 7.5563660884e-10, 3.10643094581e-10, 1.8491166931e-10, 8.96261120875e-11, 6.52544546176e-11, 4.18896618781e-11, 5.68695403269e-11, 9.30459737036e-11, 4.78097665624e-11, 1.57188029953e-11, 5.5126827582e-12, 5.40005757124e-12, 3.82211233149e-12, 3.95681013995e-12, 3.23059764704e-12, 2.90410642582e-12, 1.6061552045e-12], "mean": [0.00510741397738, 0.00238506495953, 0.000336499069817, 0.000238147069467, 0.000172190717421, 9.81572302408e-05, 6.88507207087e-05, 0.000101154269942, 8.90541705303e-05, 8.95862904144e-05, 8.12855869299e-05, 6.03924891038e-05, 5.64425718039e-05, 4.31892258348e-05, 4.83401308884e-05, 6.85828053975e-05, 8.71696393006e-05, 6.26093824394e-05, 6.74853508826e-05, 4.63163996756e-05, 3.19296850648e-05, 3.76362077077e-05, 2.61591976596e-05, 1.90575738088e-05, 1.45901631186e-05, 1.21196189866e-05, 7.87950011727e-06, 6.1757837102e-06, 4.94999767398e-06, 5.17780290465e-06, 5.50737604499e-06, 4.19142588726e-06, 2.03376134777e-06, 1.30244393404e-06, 1.11764586563e-06, 1.02805188362e-06, 1.1540282685e-06, 1.01166335753e-06, 8.38475500586e-07, 5.73147190153e-07]}, "spectral_entropy": {"min": 3.35088348389, "max": 9.00148963928, "dvar2": 0.0908778384328, "median": 7.68280029297, "dmean2": 0.258507817984, "dmean": 0.183414369822, "var": 0.236852020025, "dvar": 0.0491921752691, "mean": 7.60361194611}, "spectral_rolloff": {"min": 21.533203125, "max": 13264.453125, "dvar2": 1998460.75, "median": 1507.32421875, "dmean2": 950.72088623, "dmean": 591.806213379, "var": 2482895.25, "dvar": 950268.3125, "mean": 1650.26879883}, "barkbands": {"min": [4.65148879414e-08, 1.86338433572e-09, 2.24013210759e-10, 9.76605879499e-11, 2.8515573236e-10, 1.15938710021e-10, 4.80104914158e-11, 6.16546189103e-11, 9.41530464704e-11, 7.93849985747e-11, 8.16318540542e-11, 7.88806242547e-11, 8.54070980605e-11, 8.21168966159e-11, 1.01730540658e-10, 1.31468641529e-10, 2.25536297971e-10, 2.13239689795e-10, 1.73917755197e-10, 1.31031921424e-10, 2.23915927466e-10, 2.21264118139e-10, 2.63097349462e-10, 3.49836964952e-10, 1.99017968772e-10, 2.59811783199e-10, 2.43817188661e-10], "max": [0.0232705064118, 0.200235262513, 0.0254864171147, 0.0413961112499, 0.0292579587549, 0.0269249733537, 0.0205631144345, 0.0270598549396, 0.0266183279455, 0.0237128213048, 0.0250783693045, 0.0422846637666, 0.0461540929973, 0.0683117359877, 0.0443347766995, 0.0291640348732, 0.03480226174, 0.0178003143519, 0.00954595953226, 0.006285214331, 0.00915208272636, 0.00654382817447, 0.00325647229329, 0.00357938813977, 0.00323986588046, 0.00141528493259, 0.000225205687457], "dvar2": [4.20013435587e-07, 0.00101189839188, 3.5988898162e-05, 6.65303787173e-06, 1.46340898937e-05, 7.00040163792e-06, 7.80544837653e-07, 2.13525095205e-06, 2.6947045626e-06, 1.94599783754e-06, 1.29952502448e-06, 2.52457880379e-06, 4.99101679452e-06, 1.05325880213e-05, 5.69317262489e-06, 2.62530261352e-06, 1.40321355957e-06, 6.38329652247e-07, 2.52893698871e-07, 1.26816487978e-07, 1.7206251357e-07, 1.16283310092e-07, 2.68087507749e-08, 4.01763955438e-08, 2.94447541904e-08, 1.0822110319e-08, 5.7027188527e-10], "median": [1.04701257442e-05, 0.00185556849465, 0.000142747958307, 0.000190808583284, 0.000304186920403, 0.00015897580306, 0.000125480335555, 7.11049797246e-05, 0.000173716456629, 0.00011299084872, 0.000108408028609, 7.38197995815e-05, 0.00011018490477, 0.000132745524752, 0.000189254191355, 7.40050672903e-05, 0.000230340607231, 0.000109648142825, 0.000143895551446, 5.52719684492e-05, 3.97564363084e-05, 2.96731996059e-05, 1.66220052051e-05, 1.93433188542e-05, 1.14388276415e-05, 4.4115899982e-06, 4.96700238273e-07], "dmean2": [0.000295887555694, 0.0176198929548, 0.00245168665424, 0.00120989710558, 0.00197550002486, 0.000910613918677, 0.000339861726388, 0.000455428409623, 0.000591967487708, 0.000467549427412, 0.000385715800803, 0.0003654838074, 0.000648232700769, 0.000839870248456, 0.000830495031551, 0.000492768012919, 0.000520278641488, 0.000312875548843, 0.000251412478974, 0.000152937529492, 0.000156073670951, 0.000123746256577, 5.73465622438e-05, 8.86919006007e-05, 9.25948188524e-05, 5.76322345296e-05, 1.24683811009e-05], "dmean": [0.000206308366614, 0.0135541418567, 0.00127436686307, 0.000656498828903, 0.00107223249506, 0.000500955618918, 0.000218779678107, 0.000283708970528, 0.000371627014829, 0.00030282442458, 0.000247695774306, 0.000237564963754, 0.000413606700022, 0.000551602104679, 0.000535429921001, 0.000319736514939, 0.000348308094544, 0.000206274606171, 0.000163415592397, 0.000101511577668, 0.000107896026748, 8.54026147863e-05, 3.8513855543e-05, 5.77085120312e-05, 5.53517602384e-05, 3.41186569131e-05, 7.21375454305e-06], "var": [2.60274845232e-07, 0.00109712127596, 7.04225612935e-06, 2.19944422497e-06, 4.27847544415e-06, 1.80083316081e-06, 9.71232566371e-07, 1.68340943674e-06, 2.05348919735e-06, 1.61758498507e-06, 9.0325841029e-07, 1.83800375453e-06, 3.49288870893e-06, 8.38720552565e-06, 4.69019823868e-06, 2.50323046203e-06, 1.53678956849e-06, 7.74449006258e-07, 2.88685100713e-07, 1.47272700701e-07, 2.61509086386e-07, 1.50186579617e-07, 2.61012971237e-08, 4.49965433802e-08, 1.69013443241e-08, 5.26639531984e-09, 1.89869370226e-10], "dvar": [2.20364057668e-07, 0.000598142854869, 1.25029919218e-05, 2.29795568885e-06, 5.16920863447e-06, 2.41924863076e-06, 3.4737249166e-07, 8.46013961109e-07, 1.04774176179e-06, 8.21261949113e-07, 5.37421385616e-07, 1.04646971977e-06, 2.16510306927e-06, 4.58652539237e-06, 2.39931068791e-06, 1.08606195681e-06, 6.8125712005e-07, 2.79499261069e-07, 1.03281529107e-07, 5.45109024586e-08, 8.07628950383e-08, 5.44480407427e-08, 1.28889503515e-08, 1.94857729952e-08, 1.22235688238e-08, 4.4038097613e-09, 2.20082868596e-10], "mean": [0.000200480950298, 0.0175137538463, 0.000888148730155, 0.000719303207006, 0.00107021140866, 0.000568211777136, 0.00040715187788, 0.000442300573923, 0.000637246819679, 0.000499740883242, 0.000395178707549, 0.000384099257644, 0.00060960452538, 0.000867569295224, 0.000887374102604, 0.000561660621315, 0.000613494194113, 0.000404212012654, 0.000325853965478, 0.000202485156478, 0.000219694993575, 0.00016464755754, 6.54702016618e-05, 8.98623402463e-05, 5.71259479329e-05, 3.17475969496e-05, 5.71369901081e-06]}, "melbands_flatness_db": {"min": 0.0116073787212, "max": 0.914160311222, "dvar2": 0.00257272669114, "median": 0.192255154252, "dmean2": 0.0541839711368, "dmean": 0.0419404506683, "var": 0.0127313453704, "dvar": 0.00173094193451, "mean": 0.215476453304}, "melbands_skewness": {"min": -2.39787387848, "max": 29.5930671692, "dvar2": 5.88204431534, "median": 2.25357937813, "dmean2": 1.9230825901, "dmean": 1.41679978371, "var": 10.6607837677, "dvar": 3.18554139137, "mean": 3.31650328636}, "barkbands_skewness": {"min": -5.96377038956, "max": 59.7927017212, "dvar2": 10.6921882629, "median": 1.13883709908, "dmean2": 1.65247607231, "dmean": 1.25418055058, "var": 15.914891243, "dvar": 5.69143438339, "mean": 2.19211101532}, "silence_rate_60dB": {"min": 0, "max": 1, "dvar2": 0.0882948413491, "median": 0, "dmean2": 0.0789962038398, "dmean": 0.0394946113229, "var": 0.137423783541, "dvar": 0.037931740284, "mean": 0.164502158761}, "spectral_energyband_low": {"min": 9.13445958872e-08, "max": 0.204048275948, "dvar2": 0.000941619277, "median": 0.00264172069728, "dmean2": 0.0177314803004, "dmean": 0.0138673335314, "var": 0.00118362810463, "dvar": 0.000596569501795, "mean": 0.0189596414566}, "spectral_energyband_middle_low": {"min": 3.29248295294e-09, "max": 0.0541088245809, "dvar2": 5.81424537813e-05, "median": 0.00248595280573, "dmean2": 0.00448324345052, "dmean": 0.00249630352482, "var": 2.30948771787e-05, "dvar": 2.05088435905e-05, "mean": 0.00404468458146}, "melbands_kurtosis": {"min": -1.89534449577, "max": 1321.078125, "dvar2": 8536.35742188, "median": 5.51997661591, "dmean2": 35.0079917908, "dmean": 24.2317295074, "var": 5475.66015625, "dvar": 3712.36547852, "mean": 31.7204704285}, "spectral_decrease": {"min": -5.38086908364e-08, "max": -6.46185172428e-14, "dvar2": 5.94688531203e-17, "median": -3.12478132258e-09, "dmean2": 5.25032683996e-09, "dmean": 4.03842204122e-09, "var": 8.98023999807e-17, "dvar": 3.89306996644e-17, "mean": -7.20874204774e-09}, "erbbands_kurtosis": {"min": -1.81207072735, "max": 578.256408691, "dvar2": 159.672744751, "median": 0.0572037696838, "dmean2": 2.25249695778, "dmean": 1.51449382305, "var": 136.354034424, "dvar": 93.736328125, "mean": 1.11251747608}, "melbands_crest": {"min": 3.10380005836, "max": 38.9693603516, "dvar2": 23.3016262054, "median": 14.9500904083, "dmean2": 5.79049062729, "dmean": 4.18403816223, "var": 63.0799369812, "dvar": 13.1628141403, "mean": 16.5255756378}, "gfcc": {"cov": [[19310.5761719, -744.606933594, -1227.4901123, 330.244140625, -709.201843262, -19.7314605713, -523.013122559, 3.89873600006, -132.375411987, 241.943481445, -229.834197998, -157.886260986, -38.7904396057], [-744.606933594, 1941.67663574, 88.5322418213, 88.4786987305, 275.907104492, -225.412658691, 207.629501343, -31.8692512512, 180.765518188, -157.476776123, 193.076553345, -96.2949371338, 92.2515258789], [-1227.4901123, 88.5322418213, 1770.88195801, -54.7765884399, 324.775421143, 136.699996948, -127.468521118, 22.3263492584, -133.529022217, -9.6645526886, -32.1104545593, 73.3412857056, -45.8597831726], [330.244140625, 88.4786987305, -54.7765884399, 411.028015137, 109.28527832, 29.3226490021, 71.0981826782, 28.31158638, 79.8402404785, -36.874294281, 35.1082763672, -13.8872356415, 41.5198898315], [-709.201843262, 275.907104492, 324.775421143, 109.28527832, 378.744262695, 94.2078323364, 111.760246277, 63.9871063232, 38.5380325317, -27.8248233795, 46.7082633972, 7.04764270782, 26.7469768524], [-19.7314605713, -225.412658691, 136.699996948, 29.3226490021, 94.2078323364, 299.404144287, 119.168434143, 34.3920097351, -11.6114082336, 42.973072052, 4.01441907883, 3.82561278343, -17.7600383759], [-523.013122559, 207.629501343, -127.468521118, 71.0981826782, 111.760246277, 119.168434143, 330.631439209, 127.096717834, 113.316055298, 3.6165368557, 80.0648574829, -7.83389997482, 22.0016746521], [3.89873600006, -31.8692512512, 22.3263492584, 28.31158638, 63.9871063232, 34.3920097351, 127.096717834, 236.494613647, 131.906005859, 29.4529037476, 30.877035141, 3.74951481819, 10.4945211411], [-132.375411987, 180.765518188, -133.529022217, 79.8402404785, 38.5380325317, -11.6114082336, 113.316055298, 131.906005859, 241.253356934, 73.4176330566, 68.5111923218, -23.5213737488, 35.8153610229], [241.943481445, -157.476776123, -9.6645526886, -36.874294281, -27.8248233795, 42.973072052, 3.6165368557, 29.4529037476, 73.4176330566, 157.604263306, 39.3180198669, 12.9715175629, -6.87624883652], [-229.834197998, 193.076553345, -32.1104545593, 35.1082763672, 46.7082633972, 4.01441907883, 80.0648574829, 30.877035141, 68.5111923218, 39.3180198669, 154.872833252, 47.3731231689, 31.3216362], [-157.886260986, -96.2949371338, 73.3412857056, -13.8872356415, 7.04764270782, 3.82561278343, -7.83389997482, 3.74951481819, -23.5213737488, 12.9715175629, 47.3731231689, 115.659103394, 35.776676178], [-38.7904396057, 92.2515258789, -45.8597831726, 41.5198898315, 26.7469768524, -17.7600383759, 22.0016746521, 10.4945211411, 35.8153610229, -6.87624883652, 31.3216362, 35.776676178, 93.7515563965]], "icov": [[7.45557117625e-05, -9.22509134398e-05, 7.63042480685e-05, -0.000166415498825, 0.000137878931127, -0.000134033514769, 0.000226798976655, -0.000280679465504, 0.000291896547424, -0.000304838642478, 0.000126897808514, 3.17436533805e-05, -4.22639968747e-05], [-9.22509134398e-05, 0.00159749761224, -0.000444009056082, 0.000726979400497, -0.00086321978597, 0.0014796477044, -0.00125383329578, 0.00180415180512, -0.00165553437546, 0.00212138006464, -0.00212551350705, 0.00197192607448, -0.000784735428169], [7.63042480685e-05, -0.000444009056082, 0.00104087707587, -0.000139122174005, -0.000633425777778, -0.000755852728616, 0.00116964697372, -0.00100218201987, 0.000903426960576, -0.000755230488721, 0.000678203592543, -0.000980982906185, 0.000661714293528], [-0.000166415498825, 0.000726979400497, -0.000139122174005, 0.00366953620687, -0.00125442573335, 0.000142817705637, -0.000552717072424, 0.00157738337293, -0.00255974777974, 0.00270073581487, -0.00131426600274, 0.000869734154548, -0.00085615424905], [0.000137878931127, -0.00086321978597, -0.000633425777778, -0.00125442573335, 0.00501622632146, -0.00158266955987, -7.68264435465e-05, -0.00143081054557, 0.000873665732797, -0.000292538141366, 0.000163959019119, -0.000110550790851, -0.000768383499235], [-0.000134033514769, 0.0014796477044, -0.000755852728616, 0.000142817705637, -0.00158266955987, 0.00679479213431, -0.00400188053027, 0.00175499951001, 0.000481470458908, -0.00089007569477, -0.000666263862513, 0.00158952618949, -9.61937912507e-05], [0.000226798976655, -0.00125383329578, 0.00116964697372, -0.000552717072424, -7.68264435465e-05, -0.00400188053027, 0.00778920250013, -0.00387558923103, 0.000320889259456, 0.000110849170596, -0.000980335636996, -0.000417285744334, 0.00038651865907], [-0.000280679465504, 0.00180415180512, -0.00100218201987, 0.00157738337293, -0.00143081054557, 0.00175499951001, -0.00387558923103, 0.0101327616721, -0.00701150670648, 0.00350648420863, -0.000682445650455, -0.000389031338273, 0.000747915939428], [0.000291896547424, -0.00165553437546, 0.000903426960576, -0.00255974777974, 0.000873665732797, 0.000481470458908, 0.000320889259456, -0.00701150670648, 0.013673693873, -0.00804772879928, -7.9843106505e-05, 0.00297834025696, -0.00304694334045], [-0.000304838642478, 0.00212138006464, -0.000755230488721, 0.00270073581487, -0.000292538141366, -0.00089007569477, 0.000110849170596, 0.00350648420863, -0.00804772879928, 0.0140439448878, -0.00492928968742, 0.000507241638843, 0.00127499352675], [0.000126897808514, -0.00212551350705, 0.000678203592543, -0.00131426600274, 0.000163959019119, -0.000666263862513, -0.000980335636996, -0.000682445650455, -7.9843106505e-05, -0.00492928968742, 0.0137366866693, -0.00767783029005, 0.00120087340474], [3.17436533805e-05, 0.00197192607448, -0.000980982906185, 0.000869734154548, -0.000110550790851, 0.00158952618949, -0.000417285744334, -0.000389031338273, 0.00297834025696, 0.000507241638843, -0.00767783029005, 0.0169553160667, -0.00732398731634], [-4.22639968747e-05, -0.000784735428169, 0.000661714293528, -0.00085615424905, -0.000768383499235, -9.61937912507e-05, 0.00038651865907, 0.000747915939428, -0.00304694334045, 0.00127499352675, 0.00120087340474, -0.00732398731634, 0.0158018358052]], "mean": [-56.1307830811, 77.4720306396, -119.729049683, 35.6836090088, -35.3420753479, 20.4591770172, -26.9857788086, 16.6885871887, -15.2299890518, 4.98373746872, -11.8951330185, 1.97826874256, -6.7047419548]}, "melbands_spread": {"min": 0.156793281436, "max": 280.068511963, "dvar2": 350.177307129, "median": 25.6017189026, "dmean2": 15.798078537, "dmean": 10.5824270248, "var": 576.313293457, "dvar": 165.053436279, "mean": 29.8280105591}, "spectral_energy": {"min": 2.47466829251e-07, "max": 0.204192996025, "dvar2": 0.000860225292854, "median": 0.0131603684276, "dmean2": 0.0202724374831, "dmean": 0.0155833447352, "var": 0.00133456371259, "dvar": 0.000562119064853, "mean": 0.0288322586566}, "mfcc": {"cov": [[16545.8027344, -225.535583496, -1343.26025391, 189.550338745, -383.610534668, -87.1484375, -366.2265625, -340.970367432, 35.9376564026, -2.76918292046, -68.8255004883, -73.5168609619, -307.788146973], [-225.535583496, 1865.52270508, 177.170059204, 249.925430298, 162.193161011, -73.5036849976, 47.7684173584, 76.4397354126, -42.9504013062, 21.3709468842, 25.5619335175, -21.9647026062, 20.1231479645], [-1343.26025391, 177.170059204, 1065.63256836, 28.6498889923, 322.657623291, 68.2592849731, 89.153717041, -0.586986303329, -34.3125648499, -62.660369873, -31.0291881561, -24.5804214478, 45.321056366], [189.550338745, 249.925430298, 28.6498889923, 396.111724854, 117.327186584, -10.3634853363, -6.60595560074, 82.6003952026, 21.1098442078, 40.3411445618, -7.14327001572, -13.522810936, 21.5333881378], [-383.610534668, 162.193161011, 322.657623291, 117.327186584, 343.389678955, 58.1138877869, 58.5551490784, 31.0277957916, 10.4201107025, 2.72831368446, -16.5123615265, -25.1963043213, 24.5669460297], [-87.1484375, -73.5036849976, 68.2592849731, -10.3634853363, 58.1138877869, 243.894699097, 117.11870575, 15.9184522629, 8.58531665802, -2.78178238869, 20.1975326538, 16.2730007172, -5.43384647369], [-366.2265625, 47.7684173584, 89.153717041, -6.60595560074, 58.5551490784, 117.11870575, 229.955337524, 118.702468872, 27.4119358063, 15.1851491928, 39.6155738831, 15.4655895233, 10.3506336212], [-340.970367432, 76.4397354126, -0.586986303329, 82.6003952026, 31.0277957916, 15.9184522629, 118.702468872, 219.415206909, 80.0857696533, 61.4275436401, 34.1513557434, 24.5492553711, 34.5777854919], [35.9376564026, -42.9504013062, -34.3125648499, 21.1098442078, 10.4201107025, 8.58531665802, 27.4119358063, 80.0857696533, 174.685119629, 104.935379028, 48.3079833984, 39.2104454041, 14.9228839874], [-2.76918292046, 21.3709468842, -62.660369873, 40.3411445618, 2.72831368446, -2.78178238869, 15.1851491928, 61.4275436401, 104.935379028, 171.554977417, 88.8696060181, 50.2587738037, 31.0262050629], [-68.8255004883, 25.5619335175, -31.0291881561, -7.14327001572, -16.5123615265, 20.1975326538, 39.6155738831, 34.1513557434, 48.3079833984, 88.8696060181, 136.49055481, 76.0672302246, 28.1404323578], [-73.5168609619, -21.9647026062, -24.5804214478, -13.522810936, -25.1963043213, 16.2730007172, 15.4655895233, 24.5492553711, 39.2104454041, 50.2587738037, 76.0672302246, 119.99822998, 63.4086227417], [-307.788146973, 20.1231479645, 45.321056366, 21.5333881378, 24.5669460297, -5.43384647369, 10.3506336212, 34.5777854919, 14.9228839874, 31.0262050629, 28.1404323578, 63.4086227417, 122.864486694]], "icov": [[7.44309872971e-05, -2.12298285618e-08, 8.5601110186e-05, -7.94535953901e-05, 4.81534380015e-06, -1.10889777716e-05, 1.65901583387e-05, 0.000135824098834, -7.35235589673e-05, 1.90617884073e-05, 3.04717996187e-05, -5.84253211855e-05, 0.000155024070409], [-2.12298285618e-08, 0.000636517477687, -4.89884405397e-05, -0.000348577770637, -0.000171158069861, 0.000351130991476, -0.000230982521316, -4.36997470388e-05, 0.000327950372593, -6.17336627329e-05, -0.000281506334431, 9.40910176723e-05, 4.80415656057e-05], [8.5601110186e-05, -4.89884405397e-05, 0.00152086815797, 0.000150514373672, -0.0013257911196, 5.29182361788e-05, -0.000334993179422, 0.000398379721446, -0.000123396821436, 0.000591111311223, -7.17748480383e-05, 6.11153009231e-05, -0.000330763607053], [-7.94535953901e-05, -0.000348577770637, 0.000150514373672, 0.00366520090029, -0.00125852692872, -0.000380869721994, 0.0014493908966, -0.00201480300166, 0.000611953437328, -0.000785481301136, 0.000371607369743, 0.00041478665662, -0.000335263815941], [4.81534380015e-06, -0.000171158069861, -0.0013257911196, -0.00125852692872, 0.00508838146925, -0.000797133892775, -0.000651339360047, 0.000520520436112, -0.000623218540568, -0.000439979427028, 0.000408524414524, 0.00137549918145, -0.00101123331115], [-1.10889777716e-05, 0.000351130991476, 5.29182361788e-05, -0.000380869721994, -0.000797133892775, 0.00629953853786, -0.00406065350398, 0.00189115444664, -0.000262945861323, 0.000185387965757, 0.000191355924471, -0.00144738715608, 0.00089806644246], [1.65901583387e-05, -0.000230982521316, -0.000334993179422, 0.0014493908966, -0.000651339360047, -0.00406065350398, 0.0100606940687, -0.00588910281658, 0.000763632997405, 0.00124385638628, -0.00264228018932, 0.00111297890544, 0.000333334872266], [0.000135824098834, -4.36997470388e-05, 0.000398379721446, -0.00201480300166, 0.000520520436112, 0.00189115444664, -0.00588910281658, 0.00995919294655, -0.00323397130705, -0.000631388393231, 0.000910493370611, 5.10184236191e-06, -0.00143249426037], [-7.35235589673e-05, 0.000327950372593, -0.000123396821436, 0.000611953437328, -0.000623218540568, -0.000262945861323, 0.000763632997405, -0.00323397130705, 0.0107940239832, -0.00620993878692, 0.00163587287534, -0.00236859195866, 0.00176401715726], [1.90617884073e-05, -6.17336627329e-05, 0.000591111311223, -0.000785481301136, -0.000439979427028, 0.000185387965757, 0.00124385638628, -0.000631388393231, -0.00620993878692, 0.0139439711347, -0.00777257699519, 0.0019858609885, -0.00186504807789], [3.04717996187e-05, -0.000281506334431, -7.17748480383e-05, 0.000371607369743, 0.000408524414524, 0.000191355924471, -0.00264228018932, 0.000910493370611, 0.00163587287534, -0.00777257699519, 0.0170682426542, -0.00927357375622, 0.00261770561337], [-5.84253211855e-05, 9.40910176723e-05, 6.11153009231e-05, 0.00041478665662, 0.00137549918145, -0.00144738715608, 0.00111297890544, 5.10184236191e-06, -0.00236859195866, 0.0019858609885, -0.00927357375622, 0.019100157544, -0.00863838382065], [0.000155024070409, 4.80415656057e-05, -0.000330763607053, -0.000335263815941, -0.00101123331115, 0.00089806644246, 0.000333334872266, -0.00143249426037, 0.00176401715726, -0.00186504807789, 0.00261770561337, -0.00863838382065, 0.0134325930849]], "mean": [-696.316955566, 108.327583313, -12.4139871597, 24.2420406342, 15.0912876129, 9.92870903015, 7.47774362564, 10.5907354355, 7.77092838287, 7.44452381134, 5.22131586075, 2.68907737732, -1.22603642941]}, "spectral_contrast_valleys": {"min": [-14.0303058624, -14.3025608063, -14.8528652191, -14.1790113449, -13.8129167557, -15.621752739], "max": [-5.15576457977, -5.21016120911, -5.38612604141, -5.26231527328, -5.40274715424, -7.6735496521], "dvar2": [0.729147732258, 0.357198476791, 0.228705272079, 0.232441231608, 0.198262855411, 0.574744105339], "median": [-7.6384510994, -7.49332141876, -7.69506645203, -7.8919878006, -7.74395084381, -10.3200187683], "dmean2": [0.866535663605, 0.648633241653, 0.528145253658, 0.485565036535, 0.40696772933, 0.668760895729], "dmean": [0.535264730453, 0.399132907391, 0.342593699694, 0.328785657883, 0.296349585056, 0.507586717606], "var": [1.97686707973, 1.98832988739, 1.89261293411, 2.1117682457, 2.20964646339, 2.23368835449], "dvar": [0.309769541025, 0.146041959524, 0.105482697487, 0.121438980103, 0.11597186327, 0.312175542116], "mean": [-7.92512226105, -7.84079265594, -7.95898675919, -8.11025333405, -8.05978870392, -10.6799583435]}, "barkbands_flatness_db": {"min": 0.0182296279818, "max": 0.763644456863, "dvar2": 0.00174191663973, "median": 0.134526416659, "dmean2": 0.0438817255199, "dmean": 0.0333830751479, "var": 0.00695256516337, "dvar": 0.00111374922562, "mean": 0.153576925397}, "dynamic_complexity": 5.98326301575, "erbbands_flatness_db": {"min": 0.0323706269264, "max": 0.435470968485, "dvar2": 0.00116472819354, "median": 0.156413644552, "dmean2": 0.0351059809327, "dmean": 0.0251269973814, "var": 0.00238340790384, "dvar": 0.000608133268543, "mean": 0.