{"lowlevel": {"spectral_complexity": {"min": 0, "max": 62, "dvar2": 56.3856010437, "median": 14, "dmean2": 6.29233264923, "dmean": 4.35897445679, "var": 207.126419067, "dvar": 32.4692878723, "mean": 17.9950428009}, "silence_rate_20dB": {"min": 1, "max": 1, "dvar2": 0, "median": 1, "dmean2": 0, "dmean": 0, "var": 0, "dvar": 0, "mean": 1}, "average_loudness": 0.913994789124, "erbbands_spread": {"min": 1.54371571541, "max": 207.745727539, "dvar2": 599.266296387, "median": 56.9553565979, "dmean2": 23.0517463684, "dmean": 15.5308904648, "var": 1165.03820801, "dvar": 286.044006348, "mean": 63.6193161011}, "spectral_kurtosis": {"min": -1.3129940033, "max": 83.9615097046, "dvar2": 4.38246631622, "median": 1.79794645309, "dmean2": 1.21645534039, "dmean": 0.775310099125, "var": 3.04600334167, "dvar": 1.66731989384, "mean": 2.05551123619}, "barkbands_kurtosis": {"min": -1.97170472145, "max": 1392.47180176, "dvar2": 2926.12792969, "median": 3.18978214264, "dmean2": 20.5617828369, "dmean": 12.8980073929, "var": 1771.44567871, "dvar": 1211.93322754, "mean": 16.322971344}, "spectral_strongpeak": {"min": 0, "max": 13.4175682068, "dvar2": 1.84727740288, "median": 0.401808440685, "dmean2": 0.752158463001, "dmean": 0.439882904291, "var": 1.11719882488, "dvar": 0.749835968018, "mean": 0.706606090069}, "spectral_spread": {"min": 1085816.5, "max": 38753732, "dvar2": 1147426177020.0, "median": 6091584, "dmean2": 1045425.0625, "dmean": 741696.5, "var": 3128998756350.0, "dvar": 622316683264, "mean": 6334164}, "spectral_rms": {"min": 3.31237880007e-12, "max": 0.0170838665217, "dvar2": 5.18925116921e-06, "median": 0.00541113503277, "dmean2": 0.00207830220461, "dmean": 0.00134809617884, "var": 8.98070902622e-06, "dvar": 2.16317880586e-06, "mean": 0.00576289510354}, "erbbands": {"min": [1.48572189818e-21, 3.26600895172e-21, 1.29710119153e-20, 5.65685104106e-20, 2.2628820711e-19, 1.64974336009e-19, 1.15898149706e-19, 2.53551925004e-19, 3.61635945032e-19, 2.87903546771e-19, 5.1300185457e-19, 2.06416552572e-18, 5.21107604188e-19, 2.36623348065e-18, 1.35033533366e-18, 3.60903078519e-18, 3.68435591972e-18, 5.11963174215e-18, 7.88565174581e-18, 6.8745628269e-18, 4.06391932432e-18, 5.6380998647e-18, 9.80635933789e-18, 1.57320041407e-17, 1.50893989557e-17, 1.59005107577e-17, 1.45441694724e-17, 2.10391436657e-17, 1.30695818913e-17, 2.31853547548e-17, 2.06595786067e-17, 1.6631531624e-17, 1.51135526296e-17, 1.58073172811e-17, 1.06717424599e-17, 6.08425337656e-18, 3.15491131724e-18, 1.4353450988e-18, 4.34604364449e-19, 3.9697373411e-20], "max": [11.1085195541, 62.4597740173, 200.018875122, 352.312194824, 184.831588745, 154.643127441, 279.762329102, 216.475997925, 375.510406494, 564.692749023, 418.277099609, 513.908203125, 763.044799805, 1227.52380371, 925.271118164, 580.475585938, 1306.70593262, 1254.37243652, 774.827392578, 408.507019043, 610.61340332, 686.141357422, 534.979858398, 536.618530273, 217.123504639, 238.681900024, 272.97644043, 405.841918945, 685.678161621, 859.641906738, 499.8175354, 179.625061035, 149.1171875, 81.3572158813, 34.4673347473, 13.8328762054, 7.48957920074, 1.59269249439, 0.0717742741108, 0.00246309651993], "dvar2": [2.15721702576, 77.6635818481, 369.856445312, 1660.09643555, 385.069793701, 299.801239014, 593.963012695, 242.560577393, 508.955383301, 2818.77807617, 736.660583496, 589.248779297, 1940.64465332, 663.138000488, 3167.09326172, 1116.74133301, 2454.24194336, 2172.62084961, 1007.45123291, 650.579345703, 1111.73071289, 1167.08581543, 1089.32287598, 1146.65515137, 419.532318115, 459.328582764, 459.293701172, 641.260253906, 929.397155762, 1532.10388184, 487.476928711, 124.27141571, 102.929275513, 27.6454792023, 4.39511299133, 1.46317148209, 0.399181574583, 0.0180901382118, 4.50627012469e-05, 3.98739139484e-08], "median": [0.208182603121, 1.64211440086, 3.08188414574, 4.70962905884, 3.1244225502, 2.78200888634, 2.68339371681, 3.0543243885, 4.54461431503, 4.6194524765, 3.00808787346, 3.32307386398, 4.07093858719, 2.41384577751, 2.74330377579, 3.20169687271, 4.88358306885, 7.02928733826, 6.0546875, 5.86458110809, 6.6211309433, 7.43848562241, 9.81244182587, 9.5814666748, 9.18493938446, 7.8427066803, 7.59995889664, 7.06314325333, 6.22300958633, 5.73982381821, 3.84642696381, 2.79539728165, 2.41904973984, 1.19427871704, 0.586632370949, 0.148516863585, 0.0279093757272, 0.00405333982781, 0.000330272130668, 6.23098167125e-05], "dmean2": [0.818557977676, 5.49086236954, 10.2477750778, 19.0401420593, 9.542096138, 8.79908370972, 9.77351379395, 8.03323459625, 10.96854496, 24.2398033142, 10.7832050323, 11.017329216, 18.2954845428, 9.01406955719, 16.0979709625, 14.7931890488, 17.4997997284, 19.2570953369, 15.8952379227, 11.7002735138, 15.8223457336, 17.0824966431, 17.2774124146, 17.9076919556, 12.3454399109, 13.192688942, 12.7508077621, 13.6849107742, 12.7014665604, 12.9474363327, 8.40527534485, 5.41304731369, 5.1292552948, 2.67997002602, 1.19815433025, 0.528707683086, 0.221975892782, 0.045997004956, 0.00247484678403, 9.73080022959e-05], "dmean": [0.487070977688, 3.24253129959, 6.10193443298, 11.6057014465, 5.79690361023, 5.36964797974, 5.83724308014, 4.90746688843, 6.82837295532, 14.4755859375, 6.95643568039, 7.04987001419, 11.5746831894, 6.02785921097, 10.4393596649, 9.76364421844, 12.1209831238, 12.5208778381, 10.044005394, 7.6678571701, 10.2997512817, 11.0281200409, 11.1424236298, 11.2972316742, 8.10601139069, 8.7790851593, 8.48108196259, 8.94677066803, 8.47135829926, 8.74872684479, 5.83094549179, 3.5981631279, 3.52960348129, 1.83288598061, 0.84922349453, 0.375612437725, 0.14656431973, 0.0302674844861, 0.00168584531639, 6.77095667925e-05], "var": [1.08776772022, 44.1824111938, 153.474304199, 675.73034668, 178.660522461, 148.167190552, 232.456054688, 139.952148438, 348.814880371, 1392.33764648, 452.494903564, 444.006591797, 1264.13659668, 970.24029541, 4854.25683594, 1782.68261719, 4939.109375, 3303.97290039, 939.496459961, 509.86151123, 1334.42590332, 1799.71948242, 1492.35327148, 1319.76940918, 488.275665283, 612.596130371, 733.130187988, 789.641113281, 978.588745117, 1433.62866211, 566.169921875, 125.288696289, 110.451522827, 25.1721591949, 4.40628528595, 1.01248478889, 0.166200324893, 0.00714680412784, 2.14215688175e-05, 2.62306940613e-08], "dvar": [0.787940144539, 28.0718288422, 143.38835144, 677.423217773, 162.176940918, 121.696098328, 225.78326416, 99.7678985596, 197.608673096, 1028.55603027, 306.958129883, 246.017684937, 813.411621094, 339.874450684, 1534.56140137, 577.281982422, 1385.5456543, 1025.96887207, 458.564575195, 281.605224609, 478.075469971, 500.98336792, 444.492492676, 487.613342285, 194.874252319, 224.348312378, 231.228713989, 302.007385254, 441.916290283, 726.478637695, 248.606811523, 57.4690589905, 47.191192627, 12.9519729614, 2.23083853722, 0.688398420811, 0.166466057301, 0.00745381135494, 1.95939137484e-05, 1.82610797594e-08], "mean": [0.632946550846, 4.37977170944, 7.46367120743, 13.2665395737, 7.19562959671, 6.76048183441, 7.4305729866, 7.03419733047, 11.2048168182, 20.5129203796, 10.4069681168, 11.5615816116, 17.7630004883, 10.1989040375, 19.8622932434, 17.954996109, 24.1879081726, 22.8226718903, 15.3262891769, 13.3405532837, 20.0873794556, 24.0915088654, 24.0803699493, 23.1882190704, 17.0431404114, 17.3172607422, 18.2727603912, 17.7409934998, 16.1728458405, 15.8017253876, 11.3977193832, 6.77002954483, 6.31649875641, 3.06999063492, 1.34070670605, 0.485390365124, 0.144140616059, 0.0279995538294, 0.00169448147062, 0.000108284919406]}, "zerocrossingrate": {"min": 0.0029296875, "max": 0.5, "dvar2": 0.000450764317065, "median": 0.0654296875, "dmean2": 0.0217892229557, "dmean": 0.0182381402701, "var": 0.00252227135934, "dvar": 0.000373693444999, "mean": 0.0768867507577}, "spectral_contrast_coeffs": {"min": [-0.949482679367, -0.977912724018, -0.971123218536, -0.95518797636, -0.960428535938, -0.958870172501], "max": [-0.296479165554, -0.366401284933, -0.352380871773, -0.524523973465, -0.596931993961, -0.599840760231], "dvar2": [0.0063553918153, 0.00498154060915, 0.00280852103606, 0.00170356570743, 0.000796958687715, 0.00065296178218], "median": [-0.679922103882, -0.7457010746, -0.801485776901, -0.805087924004, -0.806389391422, -0.772122621536], "dmean2": [0.099432900548, 0.0856992155313, 0.0646100491285, 0.050914272666, 0.0344232581556, 0.0302336942405], "dmean": [0.0612306930125, 0.0526985041797, 0.0404947809875, 0.032189682126, 0.0216946545988, 0.0197384376079], "var": [0.00868666823953, 0.00787041522563, 0.00572388339788, 0.00379041186534, 0.00173021515366, 0.00182536803186], "dvar": [0.00255256635137, 0.00202121469192, 0.00125074095558, 0.000758626963943, 0.000348787987605, 0.00029779644683], "mean": [-0.671279788017, -0.739717006683, -0.788394391537, -0.794383466244, -0.802996337414, -0.771856367588]}, "dissonance": {"min": 0.222464129329, "max": 0.500000119209, "dvar2": 0.000721316260751, "median": 0.479721099138, "dmean2": 0.025093626231, "dmean": 0.0152838947251, "var": 0.000782939256169, "dvar": 0.000286377267912, "mean": 0.470960736275}, "spectral_energyband_high": {"min": 8.51328227988e-21, "max": 0.0484866760671, "dvar2": 6.42629856884e-06, "median": 0.00110377790406, "dmean2": 0.00132488843519, "dmean": 0.000989902182482, "var": 1.07551040855e-05, "dvar": 3.53956897925e-06, "mean": 0.00222780392505}, "spectral_skewness": {"min": -0.655030965805, "max": 6.12910318375, "dvar2": 0.0786150693893, "median": 1.12442874908, "dmean2": 0.261026382446, "dmean": 0.177024766803, "var": 0.133399650455, "dvar": 0.0362287349999, "mean": 1.13645148277}, "spectral_flux": {"min": 1.06047857995e-10, "max": 0.497733741999, "dvar2": 0.00477147335187, "median": 0.0980885699391, "dmean2": 0.061205483973, "dmean": 0.0379744693637, "var": 0.00462784478441, "dvar": 0.00185587210581, "mean": 0.110762953758}, "silence_rate_30dB": {"min": 0, "max": 1, "dvar2": 0.157003462315, "median": 1, "dmean2": 0.145995378494, "dmean": 0.0729914531112, "var": 0.0828641355038, "dvar": 0.0676623657346, "mean": 0.908811211586}, "spectral_energyband_middle_high": {"min": 1.33461280237e-21, "max": 0.0523136518896, "dvar2": 9.03585805645e-06, "median": 0.00225323997438, "dmean2": 0.00195633037947, "dmean": 0.00139435892925, "var": 2.56387647823e-05, "dvar": 4.93855031891e-06, "mean": 0.00411878386512}, "barkbands_spread": {"min": 0.188294023275, "max": 118.926986694, "dvar2": 286.281188965, "median": 25.6282310486, "dmean2": 16.002532959, "dmean": 10.2639856339, "var": 428.501495361, "dvar": 132.557128906, "mean": 29.1969623566}, "spectral_centroid": {"min": 116.738761902, "max": 11432.3457031, "dvar2": 394597.65625, "median": 1639.18188477, "dmean2": 595.07220459, "dmean": 405.831359863, "var": 814932.75, "dvar": 206029.046875, "mean": 1681.90344238}, "pitch_salience": {"min": 0.0319303572178, "max": 0.886626183987, "dvar2": 0.021421957761, "median": 0.501429319382, "dmean2": 0.168763905764, "dmean": 0.102443255484, "var": 0.0221559815109, "dvar": 0.00837743747979, "mean": 0.490956246853}, "erbbands_skewness": {"min": -8.15608787537, "max": 7.01321649551, "dvar2": 0.59692543745, "median": -0.0348147712648, "dmean2": 0.701130986214, "dmean": 0.472944051027, "var": 1.050822258, "dvar": 0.290841400623, "mean": 0.0324313230813}, "erbbands_crest": {"min": 2.26722669601, "max": 32.7485275269, "dvar2": 17.4309310913, "median": 7.017973423, "dmean2": 4.28931665421, "dmean": 2.67093276978, "var": 21.1726703644, "dvar": 7.5263428688, "mean": 8.31576728821}, "melbands": {"min": [9.92216624813e-24, 5.57285658897e-24, 1.56847762281e-23, 1.522641491e-23, 4.4560228181e-24, 6.09645709836e-24, 5.44329052403e-24, 2.88161304017e-24, 5.97154531275e-24, 1.22338931542e-23, 1.72978382182e-24, 8.97606722069e-24, 5.71933583173e-24, 5.88101681856e-24, 1.15349710696e-23, 5.77617325995e-24, 1.04327312255e-23, 1.27908447305e-23, 1.2872334062e-23, 5.78461209949e-24, 4.86816911449e-24, 5.854959954e-24, 7.27448004863e-24, 9.30778323134e-24, 1.36620027608e-23, 9.99448349389e-24, 1.13188160818e-23, 1.10965608327e-23, 9.90116440425e-24, 7.86667871904e-24, 1.40219962794e-23, 6.76425507033e-24, 7.92510333541e-24, 1.53816264486e-23, 1.26794339048e-23, 1.19297636094e-23, 8.50330366905e-24, 9.89771471551e-24, 1.33557953563e-23, 1.28980982591e-23], "max": [0.0819993987679, 0.078193180263, 0.0512032173574, 0.0106840366498, 0.00780863966793, 0.00421247584745, 0.00485550425947, 0.00547964964062, 0.00300020189025, 0.00291262450628, 0.00393206067383, 0.00479525141418, 0.00341205159202, 0.00419488828629, 0.00331075093709, 0.00500883581117, 0.00234898482449, 0.0020445601549, 0.000748579041101, 0.000794504885562, 0.000767803168856, 0.000892348762136, 0.00118814129382, 0.000584803929087, 0.000543947331607, 0.000219183319132, 0.000186640623724, 0.000175916225999, 0.00022759361309, 0.000224556599278, 0.000262515619397, 0.000418166979216, 0.000476560206152, 0.000583278597333, 0.000358435616363, 0.000178321177373, 0.000108731212094, 0.000112514244393, 7.99482295406e-05, 7.23464254406e-05], "dvar2": [0.000147151149577, 7.85376614658e-05, 3.52836432285e-05, 1.32042487166e-06, 5.85617385696e-07, 1.2821713824e-07, 1.27997381583e-07, 2.65844562364e-07, 4.11989020677e-08, 2.82587890865e-08, 4.89128311187e-08, 1.18551461981e-08, 2.11373496484e-08, 2.51061091916e-08, 3.04776399673e-08, 1.80691586138e-08, 7.43559436245e-09, 3.82620823913e-09, 1.95520266644e-09, 1.27389199189e-09, 1.9494996728e-09, 1.61929025744e-09, 2.37219222043e-09, 8.20857715134e-10, 1.044569653e-09, 4.41881031765e-10, 2.08840625349e-10, 2.78281037103e-10, 1.62283686489e-10, 4.05077665855e-10, 2.5931423675e-10, 3.01634661692e-10, 4.92759999471e-10, 5.8915444745e-10, 2.31952498875e-10, 8.51393122669e-11, 4.67668716253e-11, 6.81655148993e-11, 4.04826901168e-11, 1.68533867417e-11], "median": [0.00208321050741, 0.00209810258821, 0.000810262397863, 0.000210304002394, 0.00010647354793, 7.21442338545e-05, 7.42940392229e-05, 4.39592695329e-05, 1.9337354388e-05, 2.07635857805e-05, 1.88158792298e-05, 7.9410701801e-06, 8.22342917672e-06, 7.04902322468e-06, 7.40190444048e-06, 1.00391316664e-05, 1.19251262731e-05, 8.41540895635e-06, 7.0217861321e-06, 6.89260696163e-06, 7.04216381564e-06, 6.73473368806e-06, 7.77372861194e-06, 8.69602536113e-06, 7.12090786692e-06, 6.307053809e-06, 5.40543715033e-06, 4.76062632515e-06, 4.42561713498e-06, 4.34881712863e-06, 3.74551814275e-06, 3.42387056662e-06, 3.01340082842e-06, 2.97559427054e-06, 2.16732928493e-06, 1.58680984441e-06, 1.59339538186e-06, 1.85427995802e-06, 1.16590206289e-06, 9.041760336e-07], "dmean2": [0.00716650811955, 0.00536390440539, 0.00283642020077, 0.000595950114075, 0.000337674719049, 0.000185901648365, 0.000188995079952, 0.000237278145505, 8.41761720949e-05, 7.80404734542e-05, 9.09691807465e-05, 3.68610744772e-05, 4.97407854709e-05, 4.62070602225e-05, 5.03319824929e-05, 4.13868438045e-05, 3.75356830773e-05, 3.01134605252e-05, 1.83504525921e-05, 1.59587198141e-05, 2.06728764169e-05, 1.90885039046e-05, 2.12663726415e-05, 1.59455375979e-05, 1.64125649462e-05, 1.14203357953e-05, 8.86743146111e-06, 9.95142909233e-06, 7.7076465459e-06, 1.05104109025e-05, 8.23926802695e-06, 7.71369377617e-06, 7.8352059063e-06, 7.57618136049e-06, 5.65231766814e-06, 3.77060678147e-06, 3.54055487151e-06, 4.27468648923e-06, 2.89108106699e-06, 2.1789078346e-06], "dmean": [0.00425295112655, 0.00323509029113, 0.00174637406599, 0.000368240231182, 0.000202905095648, 0.000114322188892, 0.000116925883049, 0.000142655873788, 5.45284237887e-05, 4.94684609293e-05, 5.74378645979e-05, 2.4391707484e-05, 3.21245715895e-05, 3.08873168251e-05, 3.40652404702e-05, 2.7053310987e-05, 2.43653266807e-05, 1.87324458238e-05, 1.18941097753e-05, 1.03864949779e-05, 1.32870536618e-05, 1.22346782518e-05, 1.33938365252e-05, 1.0154129086e-05, 1.01827627077e-05, 7.23599123376e-06, 5.9257704379e-06, 6.38440451439e-06, 5.12737096869e-06, 6.57212649458e-06, 5.41072313354e-06, 5.08083485329e-06, 5.09966548634e-06, 5.08543780597e-06, 3.91520507037e-06, 2.46485069511e-06, 2.31932244787e-06, 2.93556854558e-06, 1.94710037249e-06, 1.47353523516e-06], "var": [8.06422976893e-05, 4.34949724877e-05, 1.52152797455e-05, 6.7577389018e-07, 2.55450402165e-07, 7.58272733492e-08, 8.96793039828e-08, 1.39718750347e-07, 2.76677472044e-08, 2.14831761269e-08, 3.15722559208e-08, 1.53297872174e-08, 2.86713230935e-08, 4.20736085971e-08, 6.13810158256e-08, 2.90081842991e-08, 1.0499120684e-08, 3.85747833676e-09, 1.28346444583e-09, 1.08843178914e-09, 2.26750107579e-09, 2.0048702698e-09, 3.18850235104e-09, 8.59523119345e-10, 1.04052810812e-09, 3.98865884765e-10, 2.47898757078e-10, 2.91983354161e-10, 2.41700270909e-10, 4.02539779287e-10, 2.6600316394e-10, 3.09243214369e-10, 4.14078521471e-10, 5.02222763377e-10, 2.61777904909e-10, 7.5656675369e-11, 4.10907800841e-11, 6.94408350266e-11, 3.42259068309e-11, 1.44361918253e-11], "dvar": [5.33175043529e-05, 3.01639338431e-05, 1.46319416672e-05, 5.55662950319e-07, 2.26534780268e-07, 5.23586010104e-08, 5.01244343809e-08, 9.87093642379e-08, 1.75413870096e-08, 1.18063967491e-08, 2.05911607765e-08, 5.93664806203e-09, 9.89459980616e-09, 1.39688900447e-08, 1.66859930317e-08, 8.26952106792e-09, 3.56863871787e-09, 1.79412695811e-09, 8.15389811226e-10, 5.60628932167e-10, 8.31053281747e-10, 6.88392343129e-10, 9.81052683535e-10, 3.48139211903e-10, 4.32646835025e-10, 1.93117188907e-10, 9.94271262544e-11, 1.25317561883e-10, 8.08170821931e-11, 1.73587963448e-10, 1.1745579509e-10, 1.39801253907e-10, 2.24790588921e-10, 2.72268069201e-10, 1.17137258226e-10, 3.97032198785e-11, 2.04455723185e-11, 3.06676246897e-11, 1.80984376791e-11, 7.87105450262e-12], "mean": [0.00574983423576, 0.00468144705519, 0.00207230215892, 0.000473307067296, 0.000268289848464, 0.000167382633663, 0.000188666264876, 0.000204284850042, 7.91825805209e-05, 8.05180461612e-05, 8.69257783052e-05, 3.78889235435e-05, 5.72139288124e-05, 5.36128536623e-05, 6.71557718306e-05, 5.04177660332e-05, 4.09610620409e-05, 2.57939318544e-05, 1.84530090337e-05, 1.78795489774e-05, 2.46427207458e-05, 2.39469754888e-05, 2.63788988377e-05, 1.90819882846e-05, 1.90506980289e-05, 1.34972669912e-05, 1.12471607281e-05, 1.14062931971e-05, 1.03987276816e-05, 1.21750572362e-05, 9.75277725956e-06, 9.14422889764e-06, 8.8054994194e-06, 8.85461395228e-06, 7.32198759579e-06, 4.38137067249e-06, 3.9949877646e-06, 4.92770641358e-06, 3.3187545796e-06, 2.3312400117e-06]}, "spectral_entropy": {"min": 4.37596178055, "max": 9.78907871246, "dvar2": 0.106779053807, "median": 7.92329645157, "dmean2": 0.289790064096, "dmean": 0.198128774762, "var": 0.189277172089, "dvar": 0.0507944487035, "mean": 7.86622619629}, "spectral_rolloff": {"min": 21.533203125, "max": 18949.21875, "dvar2": 5419940.5, "median": 796.728515625, "dmean2": 1549.91540527, "dmean": 907.57434082, "var": 4630482.5, "dvar": 2325594.75, "mean": 1833.15661621}, "barkbands": {"min": [7.67901580944e-24, 2.66573202379e-23, 1.16527771906e-23, 3.19531265103e-23, 6.0664268203e-23, 3.03172183195e-23, 2.25538851122e-23, 1.050323488e-23, 7.68447393804e-23, 2.36331620043e-23, 5.94368763652e-23, 7.84759270276e-23, 5.81483446517e-23, 1.40524930109e-22, 1.61108456828e-22, 7.22395650533e-23, 9.46206470288e-23, 1.96710506787e-22, 2.85268536878e-22, 3.97520035812e-22, 4.04110545846e-22, 4.39703041122e-22, 7.54388415726e-22, 8.50069746195e-22, 1.49472405066e-21, 1.75616017821e-21, 2.83555555084e-21], "max": [0.0124245444313, 0.277229011059, 0.195262178779, 0.129354029894, 0.04335603863, 0.0324495211244, 0.0219203867018, 0.0201446227729, 0.0178043562919, 0.0208660308272, 0.027019193396, 0.0337687209249, 0.0465468540788, 0.032340593636, 0.00798792950809, 0.0106057794765, 0.013002240099, 0.00898884795606, 0.00887348689139, 0.00537976017222, 0.0079521201551, 0.0208780840039, 0.0212668962777, 0.00749685708433, 0.00607674522325, 0.00394286075607, 0.000468955753604], "dvar2": [1.80026700036e-06, 0.00170403299853, 0.000440382049419, 0.000193872576347, 2.30666937568e-05, 5.01347722093e-06, 5.85484576732e-06, 2.34662024923e-06, 1.54005635977e-06, 1.14909482818e-06, 7.19546846994e-07, 1.76009325514e-06, 2.66785673375e-06, 5.87305748923e-07, 3.23525682688e-07, 3.2080944834e-07, 4.94293260545e-07, 4.00182528892e-07, 3.28589578658e-07, 1.76092981974e-07, 3.80425916546e-07, 8.51780669109e-07, 8.02346391993e-07, 2.90934707436e-07, 1.31145029059e-07, 1.02685049796e-07, 2.02923167159e-09], "median": [0.000132231303724, 0.00760148093104, 0.0024179238826, 0.00121042877436, 0.000850517128129, 0.000378506840207, 0.000352690636646, 0.000117907417007, 0.000152400738443, 7.70104816183e-05, 5.52563142264e-05, 6.411542563e-05, 9.82682395261e-05, 0.000118744472275, 9.41989128478e-05, 0.000104643120721, 0.000121838347695, 0.000184599964996, 0.000180356000783, 0.000165849094628, 0.000186644989299, 0.000170054277987, 0.000146789971041, 0.000137083145091, 9.48033193708e-05, 2.07350531127e-05, 1.77863205408e-06], "dmean2": [0.000610505405348, 0.0252160280943, 0.0108787957579, 0.0058274762705, 0.00243507651612, 0.0010791431414, 0.00124529853929, 0.000616034900304, 0.000596713915002, 0.00040593315498, 0.000328108930262, 0.000435094232671, 0.000535370025318, 0.000387150939787, 0.000254798767855, 0.000266774237389, 0.00034120856435, 0.000337788689649, 0.000307348760543, 0.000264278933173, 0.000347874447471, 0.000357566808816, 0.000316981342621, 0.000276333681541, 0.000196322420379, 0.000119894270028, 1.68773149198e-05], "dmean": [0.000386842672015, 0.0148914083838, 0.00644668191671, 0.00352158793248, 0.00148674554657, 0.000663535029162, 0.00075838342309, 0.000388292886782, 0.000380372890504, 0.000258176296484, 0.000212503699004, 0.000291337200906, 0.000364092353266, 0.00024531307281, 0.000164803568623, 0.000171651510755, 0.000217953769607, 0.000216585656744, 0.000195314380107, 0.000178922928171, 0.000224753035582, 0.000246800918831, 0.000218859160668, 0.000188512072782, 0.000137040668051, 8.27361291158e-05, 1.13080468509e-05], "var": [1.08340270799e-06, 0.000953832932282, 0.000167688485817, 7.02831384842e-05, 1.12760435513e-05, 2.57641909229e-06, 3.57104363502e-06, 1.52092104599e-06, 1.23938821162e-06, 7.99345230007e-07, 7.46233467908e-07, 2.8147460398e-06, 5.18667138749e-06, 7.65849790696e-07, 2.31031393128e-07, 3.21335647868e-07, 7.39981260267e-07, 4.41790149353e-07, 3.51140357679e-07, 2.54566487001e-07, 5.01603778957e-07, 8.78588650721e-07, 8.78420564732e-07, 3.19501936019e-07, 1.27369759184e-07, 5.14282660902e-08, 9.22513121449e-10], "dvar": [7.4819126894e-07, 0.000613627838902, 0.000172186424606, 7.7090713603e-05, 9.39387064136e-06, 1.99125724976e-06, 2.21889763452e-06, 9.77228410193e-07, 6.54322718674e-07, 5.19397190146e-07, 3.33179741574e-07, 1.00749332432e-06, 1.44934506352e-06, 2.9602063023e-07, 1.37727411698e-07, 1.39375657682e-07, 2.18650484385e-07, 1.67492714809e-07, 1.4270972315e-07, 8.82592630091e-08, 1.75790631829e-07, 4.09112999478e-07, 4.03942664207e-07, 1.34648303174e-07, 6.39452224505e-08, 4.46311183566e-08, 8.70717165036e-10], "mean": [0.000511667632964, 0.0202782824636, 0.00701365340501, 0.0038252202794, 0.00193934969138, 0.000923471990973, 0.00114475353621, 0.000529783777893, 0.000623649626505, 0.000367289758287, 0.000330287904944, 0.000482814473798, 0.000699734198861, 0.000359928642865, 0.000257764244452, 0.000306642672513, 0.000444763281848, 0.000424900121288, 0.000392923073377, 0.000355703290552, 0.000468282931251, 0.000459561182652, 0.000427184801083, 0.000350780552253, 0.000226837015362, 9.0626454039e-05, 1.07799733087e-05]}, "melbands_flatness_db": {"min": 0.00689015118405, "max": 0.630154073238, "dvar2": 0.0041295546107, "median": 0.219903722405, "dmean2": 0.0695621371269, "dmean": 0.0465494729578, "var": 0.0110207889229, "dvar": 0.00211125193164, "mean": 0.221408590674}, "melbands_skewness": {"min": -5.41777467728, "max": 43.2033958435, "dvar2": 10.2592344284, "median": 4.00521945953, "dmean2": 2.79273104668, "dmean": 1.81307864189, "var": 17.448179245, "dvar": 4.78360271454, "mean": 5.2164273262}, "barkbands_skewness": {"min": -8.84824848175, "max": 32.9820098877, "dvar2": 4.80027961731, "median": 1.96998107433, "dmean2": 1.83425116539, "dmean": 1.19968390465, "var": 7.25503110886, "dvar": 2.1477894783, "mean": 2.67703795433}, "silence_rate_60dB": {"min": 0, "max": 1, "dvar2": 0.0438116639853, "median": 0, "dmean2": 0.0386357791722, "dmean": 0.0193162392825, "var": 0.0668525025249, "dvar": 0.0189399700612, "mean": 0.0720451250672}, "spectral_energyband_low": {"min": 5.56651556725e-23, "max": 0.296518415213, "dvar2": 0.00213506491855, "median": 0.0147076072171, "dmean2": 0.031276460737, "dmean": 0.0188386347145, "var": 0.00152269145474, "dvar": 0.00081268051872, "mean": 0.030600020662}, "spectral_energyband_middle_low": {"min": 2.3518563865e-22, "max": 0.132134437561, "dvar2": 0.000215741267311, "median": 0.00606833212078, "dmean2": 0.00822392292321, "dmean": 0.00519343744963, "var": 0.000124005964608, "dvar": 9.31911272346e-05, "mean": 0.0091817677021}, "melbands_kurtosis": {"min": -1.94650924206, "max": 3773.45043945, "dvar2": 18128.7734375, "median": 19.9428329468, "dmean2": 64.572883606, "dmean": 40.2032546997, "var": 13043.4121094, "dvar": 7530.5703125, "mean": 63.6338844299}, "spectral_decrease": {"min": -7.86738851843e-08, "max": 1.61094470384e-28, "dvar2": 1.40151858163e-16, "median": -7.21003834414e-09, "dmean2": 8.38056557484e-09, "dmean": 5.1822515168e-09, "var": 1.15035425453e-16, "dvar": 5.34710492167e-17, "mean": -1.07758628687e-08}, "erbbands_kurtosis": {"min": -1.94759404659, "max": 102.513565063, "dvar2": 24.9012794495, "median": -0.555013895035, "dmean2": 2.06618785858, "dmean": 1.32757019997, "var": 19.489358902, "dvar": 11.5882501602, "mean": 0.517195880413}, "melbands_crest": {"min": 1.6979957819, "max": 39.1523323059, "dvar2": 35.3982849121, "median": 16.647567749, "dmean2": 7.22562551498, "dmean": 4.33565568924, "var": 38.2691650391, "dvar": 13.1903390884, "mean": 17.1001682281}, "gfcc": {"cov": [[15093.4345703, 146.117706299, -1156.06799316, -256.116546631, -438.310211182, -255.551391602, -273.60043335, 350.228118896, 31.6800231934, 159.504364014, -156.961746216, 122.560928345, -136.749023438], [146.117706299, 1194.3807373, 130.095947266, 14.3296051025, 36.686504364, -137.963760376, 58.8984565735, 12.32533741, 30.7302875519, -105.305435181, 73.7427902222, -82.4012527466, 45.717086792], [-1156.06799316, 130.095947266, 1532.92578125, 474.911621094, 147.287506104, 47.4279060364, -3.38116025925, -40.6524124146, 1.87991464138, -38.483707428, -41.1732406616, -22.417098999, -45.9131507874], [-256.116546631, 14.3296051025, 474.911621094, 600.506958008, 184.862731934, 52.9899673462, -19.4481868744, -8.00208091736, 70.3895111084, -44.5411262512, 25.1570968628, -19.1040458679, 20.3872356415], [-438.310211182, 36.686504364, 147.287506104, 184.862731934, 441.236572266, 105.290161133, 46.4207649231, 22.5110626221, -17.8766098022, -1.21679508686, 2.91293025017, 1.92273557186, -13.0597515106], [-255.551391602, -137.963760376, 47.4279060364, 52.9899673462, 105.290161133, 322.712463379, 140.984130859, 9.00981426239, -5.31512403488, 2.60496854782, 44.5638504028, 9.50489711761, -16.3654785156], [-273.60043335, 58.8984565735, -3.38116025925, -19.4481868744, 46.4207649231, 140.984130859, 223.338562012, 69.4535751343, 5.90172195435, -10.0982427597, 29.9684677124, 16.0081577301, 7.51597356796], [350.228118896, 12.32533741, -40.6524124146, -8.00208091736, 22.5110626221, 9.00981426239, 69.4535751343, 169.69758606, 65.9300537109, 11.7469844818, -8.96866703033, 14.2890462875, 26.1522006989], [31.6800231934, 30.7302875519, 1.87991464138, 70.3895111084, -17.8766098022, -5.31512403488, 5.90172195435, 65.9300537109, 145.734008789, 41.8497543335, 16.6260890961, -3.459441185, 25.7525081635], [159.504364014, -105.305435181, -38.483707428, -44.5411262512, -1.21679508686, 2.60496854782, -10.0982427597, 11.7469844818, 41.8497543335, 127.2498703, 39.337474823, 11.1681365967, -10.4797410965], [-156.961746216, 73.7427902222, -41.1732406616, 25.1570968628, 2.91293025017, 44.5638504028, 29.9684677124, -8.96866703033, 16.6260890961, 39.337474823, 133.5362854, 30.4464645386, 9.55603313446], [122.560928345, -82.4012527466, -22.417098999, -19.1040458679, 1.92273557186, 9.50489711761, 16.0081577301, 14.2890462875, -3.459441185, 11.1681365967, 30.4464645386, 101.222770691, 29.4401493073], [-136.749023438, 45.717086792, -45.9131507874, 20.3872356415, -13.0597515106, -16.3654785156, 7.51597356796, 26.1522006989, 25.7525081635, -10.4797410965, 9.55603313446, 29.4401493073, 93.0411148071]], "icov": [[0.000112480469397, -0.000196247929125, 0.000157075133757, -0.000244635768468, 0.000239327884628, -0.000196962224436, 0.000311201030854, -0.000439593626652, 0.000320945488056, -0.000437852024334, 0.000465207151137, -0.000495282234624, 0.000461024174001], [-0.000196247929125, 0.00195434060879, -0.000621398270596, 0.00117210543249, -0.00105110183358, 0.00172030529939, -0.00142028240953, 0.00104185612872, -0.00151865137741, 0.00289200874977, -0.00308729754761, 0.00289692915976, -0.00168874242809], [0.000157075133757, -0.000621398270596, 0.00123565015383, -0.00138594466262, 0.000558631436434, -0.000521198147908, 0.000369585293811, -0.000526512914803, 0.000927438610233, -0.00132252892945, 0.00169970013667, -0.00137312419247, 0.00140876567457], [-0.000244635768468, 0.00117210543249, -0.00138594466262, 0.00420385831967, -0.00205492973328, 0.000709302432369, -0.000179970767931, 0.00160338135902, -0.00342379347421, 0.00387977808714, -0.00335306371562, 0.00262712338008, -0.00224261870608], [0.000239327884628, -0.00105110183358, 0.000558631436434, -0.00205492973328, 0.00381542020477, -0.00168661959469, 0.00084447779227, -0.00190804013982, 0.00253510405309, -0.00266223703511, 0.00239090295509, -0.00201901281253, 0.0016929092817], [-0.000196962224436, 0.00172030529939, -0.000521198147908, 0.000709302432369, -0.00168661959469, 0.00644808355719, -0.00454346928746, 0.00205439445563, -0.00149633956607, 0.00236151763238, -0.00344992172904, 0.00240955664776, -0.000588331837207], [0.000311201030854, -0.00142028240953, 0.000369585293811, -0.000179970767931, 0.00084447779227, -0.00454346928746, 0.0093347588554, -0.00479155406356, 0.00188064808026, -0.000786283169873, 0.000818558910396, -0.00236013019457, 0.00134281499777], [-0.000439593626652, 0.00104185612872, -0.000526512914803, 0.00160338135902, -0.00190804013982, 0.00205439445563, -0.00479155406356, 0.0113093489781, -0.00599880190566, 0.00205310736783, -0.000257806415902, 0.00105564249679, -0.00288334884681], [0.000320945488056, -0.00151865137741, 0.000927438610233, -0.00342379347421, 0.00253510405309, -0.00149633956607, 0.00188064808026, -0.00599880190566, 0.0134294535965, -0.00692818965763, 0.00234359479509, -0.000777664303314, -0.000439392606495], [-0.000437852024334, 0.00289200874977, -0.00132252892945, 0.00387977808714, -0.00266223703511, 0.00236151763238, -0.000786283169873, 0.00205310736783, -0.00692818965763, 0.0158949680626, -0.00827736128122, 0.00367347314022, -0.000643471372314], [0.000465207151137, -0.00308729754761, 0.00169970013667, -0.00335306371562, 0.00239090295509, -0.00344992172904, 0.000818558910396, -0.000257806415902, 0.00234359479509, -0.00827736128122, 0.0154790636152, -0.00760867027566, 0.00274605443701], [-0.000495282234624, 0.00289692915976, -0.00137312419247, 0.00262712338008, -0.00201901281253, 0.00240955664776, -0.00236013019457, 0.00105564249679, -0.000777664303314, 0.00367347314022, -0.00760867027566, 0.0170621369034, -0.00735862879083], [0.000461024174001, -0.00168874242809, 0.00140876567457, -0.00224261870608, 0.0016929092817, -0.000588331837207, 0.00134281499777, -0.00288334884681, -0.000439392606495, -0.000643471372314, 0.00274605443701, -0.00735862879083, 0.0163735616952]], "mean": [-2.74401283264, 55.5697364807, -85.6768264771, 59.8348693848, -53.3262863159, 25.7636470795, -33.6627807617, 14.5248937607, -20.3671016693, 6.54903697968, -13.2293395996, -1.48828291893, -13.2903261185]}, "melbands_spread": {"min": 0.0573055893183, "max": 294.046844482, "dvar2": 683.717468262, "median": 16.764919281, "dmean2": 18.3303642273, "dmean": 11.6238393784, "var": 756.142822266, "dvar": 305.947753906, "mean": 26.2652549744}, "spectral_energy": {"min": 1.12461488911e-20, "max": 0.29915496707, "dvar2": 0.00200548348948, "median": 0.0300123915076, "dmean2": 0.0319829843938, "dmean": 0.019913399592, "var": 0.00169729953632, "dvar": 0.000765854609199, "mean": 0.0432466380298}, "mfcc": {"cov": [[12109.2832031, 277.864501953, -910.369567871, -208.347503662, -397.584472656, -405.099700928, -336.933807373, -28.3398342133, 61.6980171204, -29.7249164581, 88.0164108276, 133.82434082, -54.2549362183], [277.864501953, 1107.4864502, 98.9601364136, 73.8240661621, -20.7409248352, -120.101325989, 43.3550949097, 8.46167087555, -18.4346561432, 1.04464387894, -21.1979541779, -0.976206600666, 1.10154998302], [-910.369567871, 98.9601364136, 1166.75463867, 347.764648438, 180.637481689, 134.065719604, 35.4329986572, 50.3035430908, -25.1219577789, 44.2280273438, -7.33290910721, -60.5320472717, 42.9984970093], [-208.347503662, 73.8240661621, 347.764648438, 519.939086914, 275.870819092, 49.8863945007, 1.32242310047, 39.8439483643, 22.3135604858, 13.8605966568, -21.843706131, 9.61569404602, -2.44512081146], [-397.584472656, -20.7409248352, 180.637481689, 275.870819092, 382.260375977, 125.326210022, 52.4731369019, 37.6028671265, 29.0073318481, 15.4637794495, 7.26610374451, 26.221578598, -19.3391494751], [-405.099700928, -120.101325989, 134.065719604, 49.8863945007, 125.326210022, 262.584411621, 129.048721313, 58.0339050293, -9.83818912506, 17.3769874573, 51.3801612854, 4.87047386169, -7.49405431747], [-336.933807373, 43.3550949097, 35.4329986572, 1.32242310047, 52.4731369019, 129.048721313, 229.647262573, 100.700706482, 8.88198757172, 16.0740909576, 30.5908279419, 24.0452194214, -8.09286499023], [-28.3398342133, 8.46167087555, 50.3035430908, 39.8439483643, 37.6028671265, 58.0339050293, 100.700706482, 184.88760376, 71.3223648071, 10.6341295242, 12.3558225632, 23.756526947, 18.6366729736], [61.6980171204, -18.4346561432, -25.1219577789, 22.3135604858, 29.0073318481, -9.83818912506, 8.88198757172, 71.3223648071, 153.451751709, 44.6149482727, -4.19168663025, 10.5953521729, 0.272101730108], [-29.7249164581, 1.04464387894, 44.2280273438, 13.8605966568, 15.4637794495, 17.3769874573, 16.0740909576, 10.6341295242, 44.6149482727, 121.125328064, 53.3912353516, 4.85804748535, 0.275363326073], [88.0164108276, -21.1979541779, -7.33290910721, -21.843706131, 7.26610374451, 51.3801612854, 30.5908279419, 12.3558225632, -4.19168663025, 53.3912353516, 113.094520569, 41.3123092651, -7.29812717438], [133.82434082, -0.976206600666, -60.5320472717, 9.61569404602, 26.221578598, 4.87047386169, 24.0452194214, 23.756526947, 10.5953521729, 4.85804748535, 41.3123092651, 103.821517944, 26.3934116364], [-54.2549362183, 1.10154998302, 42.9984970093, -2.44512081146, -19.3391494751, -7.49405431747, -8.09286499023, 18.6366729736, 0.272101730108, 0.275363326073, -7.29812717438, 26.3934116364, 104.767791748]], "icov": [[9.85428559943e-05, -3.07823902403e-05, 6.29970454611e-05, -4.72498868476e-05, 9.4884315331e-05, 3.05845787807e-05, 0.000173449487193, -9.90426633507e-05, -1.23719046314e-05, 3.56083182851e-05, -0.000115533999633, -0.000107458050479, 9.40776953939e-05], [-3.07823902403e-05, 0.00107001478318, -0.0001351054525, -0.000170968894963, -1.82826297532e-05, 0.000947206397541, -0.000792510865722, 6.23323721811e-05, 0.000228674776736, -4.71880812256e-05, -5.35367798875e-05, 0.000121111879707, -1.83690845006e-05], [6.29970454611e-05, -0.0001351054525, 0.0013334575342, -0.00086163834203, 0.00011039772653, -0.000550792668946, 0.000252301222645, -0.000343941093888, 0.000454663328128, -0.000463331729406, -0.000119564094348, 0.00100206525531, -0.000732422748115], [-4.72498868476e-05, -0.000170968894963, -0.00086163834203, 0.00398859241977, -0.00266862520948, 0.000480123417219, 0.000700143806171, -0.000737556081731, 0.000332348397933, -0.000481975032017, 0.00108545692638, -0.000700260396115, 0.000403499696404], [9.4884315331e-05, -1.82826297532e-05, 0.00011039772653, -0.00266862520948, 0.00552370678633, -0.0023345539812, 0.000136709786602, 0.000503873336129, -0.000910721078981, -6.97472278262e-05, 0.000745375175029, -0.00175174872857, 0.0012110772077], [3.05845787807e-05, 0.000947206397541, -0.000550792668946, 0.000480123417219, -0.0023345539812, 0.00815179757774, -0.00385161512531, -0.000291625387035, 0.000704945996404, 0.00105218938552, -0.00360703654587, 0.00225542718545, -0.000674399430864], [0.000173449487193, -0.000792510865722, 0.000252301222645, 0.000700143806171, 0.000136709786602, -0.00385161512531, 0.00892719626427, -0.00438675517216, 0.00164950801991, -0.00151520909276, 0.00136967014987, -0.0021858450491, 0.00187637761701], [-9.90426633507e-05, 6.23323721811e-05, -0.000343941093888, -0.000737556081731, 0.000503873336129, -0.000291625387035, -0.00438675517216, 0.0102015947923, -0.00523988576606, 0.00239589996636, -0.00139548617881, 8.08861223049e-05, -0.0021196983289], [-1.23719046314e-05, 0.000228674776736, 0.000454663328128, 0.000332348397933, -0.000910721078981, 0.000704945996404, 0.00164950801991, -0.00523988576606, 0.0109258247539, -0.00551364570856, 0.00360289402306, -0.00136369536631, 0.00133481423836], [3.56083182851e-05, -4.71880812256e-05, -0.000463331729406, -0.000481975032017, -6.97472278262e-05, 0.00105218938552, -0.00151520909276, 0.00239589996636, -0.00551364570856, 0.0140453651547, -0.00862985663116, 0.00327905733138, -0.001732825418], [-0.000115533999633, -5.35367798875e-05, -0.000119564094348, 0.00108545692638, 0.000745375175029, -0.00360703654587, 0.00136967014987, -0.00139548617881, 0.00360289402306, -0.00862985663116, 0.0178550053388, -0.0080027943477, 0.0035219443962], [-0.000107458050479, 0.000121111879707, 0.00100206525531, -0.000700260396115, -0.00175174872857, 0.00225542718545, -0.0021858450491, 8.08861223049e-05, -0.00136369536631, 0.00327905733138, -0.0080027943477, 0.0157797560096, -0.00536762457341], [9.40776953939e-05, -1.83690845006e-05, -0.000732422748115, 0.000403499696404, 0.0012110772077, -0.000674399430864, 0.00187637761701, -0.0021196983289, 0.00133481423836, -0.001732825418, 0.0035219443962, -0.00536762457341, 0.0121998200193]], "mean": [-648.924865723, 79.1107254028, 29.1624298096, 37.3185539246, 14.6287708282, 13.3891201019, 6.524933815, 7.1323633194, 2.84376573563, 5.7568230629, 6.16105127335, 3.79333400726, -1.41374838352]}, "spectral_contrast_valleys": {"min": [-27.3496437073, -27.1057033539, -27.2639598846, -27.6216545105, -27.4504737854, -27.2315311432], "max": [-4.92822408676, -4.75197696686, -5.322701931, -5.81621026993, -5.36524438858, -7.2071723938], "dvar2": [0.333825528622, 0.491438895464, 0.429505109787, 0.313998490572, 0.235391050577, 0.24975900352], "median": [-6.77638959885, -7.10063123703, -7.76551580429, -7.80923986435, -7.1987323761, -9.23146915436], "dmean2": [0.713375270367, 0.75929993391, 0.681301891804, 0.567797064781, 0.438963830471, 0.438551604748], "dmean": [0.447299718857, 0.485840559006, 0.436120510101, 0.382933527231, 0.314083784819, 0.336902886629], "var": [1.78174459934, 1.80630111694, 1.84687662125, 1.77098047733, 1.69171953201, 1.47420072556], "dvar": [0.157673090696, 0.2320766747, 0.215376034379, 0.16911560297, 0.134743481874, 0.137529984117], "mean": [-7.08026170731, -7.36259841919, -7.99873161316, -8.06325721741, -7.44932508469, -9.41392803192]}, "barkbands_flatness_db": {"min": 0.0158743578941, "max": 0.50379961729, "dvar2": 0.00277606397867, "median": 0.1418389678, "dmean2": 0.0554029978812, "dmean": 0.0368625335395, "var": 0.00668893894181, "dvar": 0.00139716209378, "mean": 0.148743584752}, "dynamic_complexity": 3.47526288033, "erbbands_flatness_db": {"min": 0.0280066449195, "max": 0.465700626373, "dvar2": 0.000733398308512, "median": 0.116303563118, "dmean2": 0.0270664002746, "dmean": 0.018762761727, "var": 0.00194599549286, "dvar": 0.000366738066077, "mean": 0.124372892082}, "hfc": {"min": 1.3069198245e-16, "max": 318.240783691, "dvar2": 407.515777588, "median": 20.01