{"lowlevel": {"spectral_complexity": {"min": 0, "max": 56, "dvar2": 34.944519043, "median": 17, "dmean2": 5.1348528862, "dmean": 3.31535458565, "var": 143.248748779, "dvar": 15.8256168365, "mean": 17.5443077087}, "silence_rate_20dB": {"min": 1, "max": 1, "dvar2": 0, "median": 1, "dmean2": 0, "dmean": 0, "var": 0, "dvar": 0, "mean": 1}, "average_loudness": 0.89163428545, "erbbands_spread": {"min": 0.76289910078, "max": 179.034378052, "dvar2": 363.207000732, "median": 42.1011962891, "dmean2": 16.6087284088, "dmean": 11.1689338684, "var": 594.593017578, "dvar": 169.363098145, "mean": 46.3397483826}, "spectral_kurtosis": {"min": -1.3438103199, "max": 110.218559265, "dvar2": 13.2875347137, "median": 3.02059650421, "dmean2": 2.07913565636, "dmean": 1.31389224529, "var": 26.2414741516, "dvar": 6.22761678696, "mean": 3.98750734329}, "barkbands_kurtosis": {"min": -1.91227507591, "max": 776.820617676, "dvar2": 1946.21337891, "median": 3.80310487747, "dmean2": 15.3441047668, "dmean": 9.423579216, "var": 1233.59838867, "dvar": 788.417663574, "mean": 13.3508520126}, "spectral_strongpeak": {"min": 0, "max": 16.9871559143, "dvar2": 2.53029251099, "median": 0.391839921474, "dmean2": 0.689838111401, "dmean": 0.402018725872, "var": 1.1512774229, "dvar": 0.965392291546, "mean": 0.64896094799}, "spectral_spread": {"min": 938693.125, "max": 40451916, "dvar2": 1202629115900.0, "median": 4756054.5, "dmean2": 843703.4375, "dmean": 603414.8125, "var": 2552511594500.0, "dvar": 685561806848, "mean": 5010446}, "spectral_rms": {"min": 1.34738531443e-08, "max": 0.0143965352327, "dvar2": 7.23272296455e-06, "median": 0.00573405530304, "dmean2": 0.00205356720835, "dmean": 0.00126012670808, "var": 7.96613494458e-06, "dvar": 2.8324275263e-06, "mean": 0.00553016923368}, "erbbands": {"min": [2.61917467966e-13, 1.16032487438e-12, 1.33275009952e-12, 6.75631729383e-12, 9.90859738009e-12, 8.43128258182e-12, 1.68466369327e-11, 1.48856725557e-11, 1.74812230663e-11, 3.26759452829e-11, 4.04483009586e-11, 4.32554062013e-11, 5.73101843759e-11, 7.53036868972e-11, 8.61890836479e-11, 9.18454895471e-11, 1.00741671949e-10, 1.39080025274e-10, 1.53427714977e-10, 1.73476830123e-10, 1.83217163663e-10, 2.13994821863e-10, 1.77493117426e-10, 2.89794049868e-10, 2.68349398258e-10, 3.69456132354e-10, 1.20239790347e-10, 7.14239431487e-11, 4.9437613725e-11, 6.06105859946e-11, 7.91655421772e-11, 4.28516042095e-11, 4.87843619668e-11, 2.837080397e-11, 1.8731384499e-11, 7.52050071523e-12, 2.49003920781e-12, 9.781091952e-13, 2.61073633415e-13, 3.15419585795e-14], "max": [6.71011972427, 39.1219482422, 103.702972412, 138.536605835, 392.763458252, 195.553375244, 220.960876465, 265.524078369, 308.050170898, 564.469665527, 1208.46899414, 726.615661621, 649.31652832, 604.007202148, 537.626403809, 1223.97399902, 821.867858887, 891.714111328, 1178.97497559, 1021.9387207, 1970.2845459, 2306.76171875, 383.229064941, 694.161376953, 1196.99926758, 842.614624023, 1043.24755859, 515.307983398, 685.735229492, 236.693725586, 243.061904907, 153.531860352, 328.669128418, 152.687301636, 86.9748916626, 17.6279315948, 6.20771169662, 4.33008384705, 0.992431759834, 0.0576956868172], "dvar2": [1.65587806702, 86.7727508545, 413.397735596, 276.625671387, 1652.81225586, 479.585357666, 221.880722046, 853.272583008, 795.4453125, 3147.43164062, 2509.27124023, 1281.97497559, 1370.36608887, 686.757873535, 1288.70593262, 4160.76123047, 1689.54589844, 2181.08569336, 2943.06958008, 2649.94775391, 5538.24462891, 4916.05371094, 521.799926758, 1304.56689453, 1571.84277344, 2053.34008789, 1181.8494873, 461.760498047, 620.201660156, 198.355834961, 146.736618042, 62.0035057068, 55.8457298279, 23.8041954041, 5.9037103653, 0.652810335159, 0.255579024553, 0.105668947101, 0.00475183222443, 1.5270035874e-05], "median": [0.250243932009, 1.56394898891, 2.69126844406, 4.31472110748, 3.83149647713, 3.20949220657, 2.85152935982, 2.96900773048, 3.92996478081, 4.80315446854, 5.93342447281, 6.9276304245, 6.10234165192, 4.68205595016, 4.790350914, 6.94674301147, 5.45065307617, 5.40295219421, 6.48354101181, 7.01404476166, 10.1509962082, 8.76872634888, 8.14723205566, 11.4482851028, 10.619011879, 9.99492263794, 7.72682476044, 4.76145219803, 3.0617184639, 1.96070122719, 1.48279714584, 1.18587303162, 0.728512465954, 0.350473880768, 0.116541206837, 0.035714507103, 0.0122568383813, 0.00395101029426, 0.000781362061389, 9.57771844696e-05], "dmean2": [0.755745530128, 4.66497135162, 8.41192150116, 9.22413444519, 15.0076436996, 9.15235805511, 6.88190031052, 11.039150238, 11.8274030685, 20.7904777527, 18.896938324, 16.1508998871, 16.7760944366, 11.8202896118, 14.403670311, 21.088766098, 14.7331514359, 16.9557590485, 20.4265842438, 18.8384475708, 25.7026367188, 21.2981929779, 10.4807167053, 17.3400325775, 14.5683546066, 16.7218494415, 12.1414651871, 8.31764030457, 7.65177965164, 5.14938640594, 3.88947558403, 2.7831389904, 2.03430652618, 1.22767102718, 0.538577198982, 0.206851840019, 0.120352596045, 0.0668903440237, 0.0148293441162, 0.000857892562635], "dmean": [0.436753064394, 2.70246267319, 4.72050952911, 5.44229459763, 9.08017253876, 5.38203859329, 4.14149332047, 6.57972812653, 7.12962865829, 12.7088356018, 12.0150957108, 10.1957120895, 10.5897274017, 7.51194667816, 9.25708293915, 13.3689889908, 9.40980434418, 10.9157495499, 13.0904741287, 12.138926506, 17.1297492981, 13.5250530243, 6.6113615036, 11.0336399078, 9.29379940033, 10.6087551117, 7.61782312393, 5.38756513596, 4.98768615723, 3.35242891312, 2.6098151207, 1.90689146519, 1.41468441486, 0.829945087433, 0.367749035358, 0.139230847359, 0.0752230361104, 0.0375136472285, 0.00823226384819, 0.000476690067444], "var": [0.731696724892, 30.7521705627, 104.120697021, 126.306144714, 625.771362305, 164.783096313, 114.276519775, 430.148223877, 361.577972412, 1652.34558105, 2099.73852539, 1002.83575439, 1493.45483398, 786.198364258, 1384.4987793, 3182.6862793, 1351.1854248, 2497.91894531, 3126.99829102, 3029.10522461, 10986.2324219, 6092.84667969, 605.302978516, 1498.00366211, 1739.03771973, 2174.75585938, 950.255554199, 540.764404297, 577.23449707, 154.881210327, 121.151901245, 68.0394744873, 71.5238647461, 26.1570949554, 3.56153130531, 0.380952596664, 0.0769982486963, 0.021487692371, 0.000981607474387, 3.31317551172e-06], "dvar": [0.584108352661, 30.8071689606, 145.659942627, 100.928016663, 665.745178223, 176.508895874, 83.7548522949, 324.680664062, 310.530792236, 1221.07409668, 1052.4387207, 535.043762207, 572.269287109, 301.412475586, 568.275695801, 1739.87109375, 718.022033691, 982.286499023, 1268.15979004, 1130.01525879, 3085.01416016, 2301.27856445, 224.287841797, 586.939086914, 716.210998535, 860.199951172, 493.449279785, 217.97668457, 266.132141113, 81.2420120239, 61.3478775024, 29.6202354431, 29.6682224274, 11.9289731979, 2.49861550331, 0.279200255871, 0.0957234427333, 0.0365846306086, 0.00165402004495, 5.34701848665e-06], "mean": [0.613903045654, 3.76806688309, 5.61936712265, 8.40227985382, 10.8557100296, 7.10857152939, 6.40928173065, 9.07802772522, 9.61486816406, 17.1842346191, 20.0127811432, 17.6099205017, 20.3320159912, 14.5535564423, 17.0617198944, 23.1607589722, 16.5747585297, 20.987537384, 24.1957187653, 23.4622612, 33.8469009399, 26.7190475464, 14.7075119019, 22.7317810059, 20.8492832184, 22.8767604828, 16.7230491638, 11.5381765366, 9.66879558563, 6.40191173553, 5.0515255928, 3.72027230263, 2.59206175804, 1.42761147022, 0.537074744701, 0.189490050077, 0.0801916569471, 0.0313677079976, 0.00666819605976, 0.000433303095633]}, "zerocrossingrate": {"min": 0.001953125, "max": 0.4931640625, "dvar2": 0.000337329372996, "median": 0.05029296875, "dmean2": 0.014397601597, "dmean": 0.012346027419, "var": 0.00265933107585, "dvar": 0.000328080175677, "mean": 0.0606129318476}, "spectral_contrast_coeffs": {"min": [-0.949034631252, -0.970319867134, -0.963459968567, -0.959432959557, -0.956573307514, -0.957690596581], "max": [-0.21774366498, -0.385162293911, -0.467999368906, -0.499609857798, -0.583085417747, -0.551447629929], "dvar2": [0.00543970894068, 0.00391808245331, 0.00231702672318, 0.00160630885512, 0.000906195491552, 0.000763914955314], "median": [-0.679560184479, -0.753547787666, -0.78175008297, -0.788797736168, -0.79565256834, -0.761491298676], "dmean2": [0.0860550776124, 0.0768436416984, 0.06010568887, 0.0492501221597, 0.0357219800353, 0.0300417430699], "dmean": [0.0532060675323, 0.0478395633399, 0.0380205735564, 0.0312720611691, 0.022625407204, 0.019341642037], "var": [0.00996805075556, 0.00718130217865, 0.00546787446365, 0.00419027684256, 0.00228697946295, 0.00216016266495], "dvar": [0.00228987075388, 0.00162430747878, 0.000998191069812, 0.00071646325523, 0.000403168058256, 0.000360430014553], "mean": [-0.664273500443, -0.742097079754, -0.773414552212, -0.781259059906, -0.790852487087, -0.761651515961]}, "dissonance": {"min": 0.0829933434725, "max": 0.500000059605, "dvar2": 0.000951635185629, "median": 0.477999210358, "dmean2": 0.0270362962037, "dmean": 0.0164437759668, "var": 0.0014170804061, "dvar": 0.000389649707358, "mean": 0.466384321451}, "spectral_energyband_high": {"min": 1.9594880731e-14, "max": 0.0289780013263, "dvar2": 4.30770160165e-06, "median": 0.000620764680207, "dmean2": 0.000852110621054, "dmean": 0.000570467789657, "var": 4.93822926728e-06, "dvar": 1.83500571893e-06, "mean": 0.00135895621497}, "spectral_skewness": {"min": -0.345712393522, "max": 8.85030460358, "dvar2": 0.129798382521, "median": 1.26228141785, "dmean2": 0.300225317478, "dmean": 0.196382701397, "var": 0.395481079817, "dvar": 0.0611086934805, "mean": 1.35971856117}, "spectral_flux": {"min": 2.67426526079e-06, "max": 0.426500380039, "dvar2": 0.00481295352802, "median": 0.0830578655005, "dmean2": 0.0583010166883, "dmean": 0.0369105637074, "var": 0.00521946093068, "dvar": 0.00244397320785, "mean": 0.0989584177732}, "silence_rate_30dB": {"min": 0, "max": 1, "dvar2": 0.145232528448, "median": 1, "dmean2": 0.116236835718, "dmean": 0.0581131391227, "var": 0.0357527583838, "dvar": 0.0547350794077, "mean": 0.96286547184}, "spectral_energyband_middle_high": {"min": 3.49095040798e-14, "max": 0.0405858978629, "dvar2": 1.00490115074e-05, "median": 0.00296193826944, "dmean2": 0.00204033171758, "dmean": 0.0013486915268, "var": 2.74999019894e-05, "dvar": 4.64955701318e-06, "mean": 0.00467445841059}, "barkbands_spread": {"min": 0.167207270861, "max": 115.363304138, "dvar2": 207.626266479, "median": 21.168132782, "dmean2": 11.7543840408, "dmean": 7.32428216934, "var": 289.030212402, "dvar": 85.095741272, "mean": 23.7134857178}, "spectral_centroid": {"min": 83.4226303101, "max": 10395.7841797, "dvar2": 262425.1875, "median": 1510.75585938, "dmean2": 439.640258789, "dmean": 289.05758667, "var": 813485, "dvar": 140769.015625, "mean": 1585.77233887}, "pitch_salience": {"min": 0.0371049493551, "max": 0.949480056763, "dvar2": 0.0195679552853, "median": 0.476258814335, "dmean2": 0.149421721697, "dmean": 0.0910378396511, "var": 0.0195391029119, "dvar": 0.00734313251451, "mean": 0.476789176464}, "erbbands_skewness": {"min": -9.00481796265, "max": 8.27316665649, "dvar2": 0.435421198606, "median": 0.0352611541748, "dmean2": 0.586715519428, "dmean": 0.396762132645, "var": 1.28686571121, "dvar": 0.210439860821, "mean": 0.131281852722}, "erbbands_crest": {"min": 2.3649892807, "max": 34.059513092, "dvar2": 16.9010639191, "median": 7.98378181458, "dmean2": 4.35519647598, "dmean": 2.7258810997, "var": 26.2276668549, "dvar": 7.32765388489, "mean": 9.40726470947}, "melbands": {"min": [2.14330633523e-15, 9.89534488048e-16, 1.34100805665e-15, 5.43304667121e-16, 5.95278449946e-16, 3.42913903627e-16, 2.93009157595e-16, 3.2416837629e-16, 3.38050558082e-16, 2.98393666631e-16, 3.05696652354e-16, 3.1803850473e-16, 2.87959041284e-16, 2.5529236864e-16, 2.24030791307e-16, 2.2667030479e-16, 2.71207800082e-16, 2.34211439119e-16, 2.37974171229e-16, 2.26166214307e-16, 2.128312158e-16, 2.28920738982e-16, 1.75212140036e-16, 1.54176645892e-16, 2.41460850007e-16, 7.20466438774e-17, 2.80239765338e-16, 2.01987460304e-16, 5.65120728597e-17, 2.90744522366e-17, 5.24581797916e-17, 3.17441644287e-17, 1.58354281871e-17, 3.95551449263e-17, 4.8072954566e-17, 3.84760944347e-17, 1.93787340959e-17, 3.1901163309e-17, 3.06156617714e-17, 2.26305994595e-17], "max": [0.0559110529721, 0.0507081970572, 0.0247493684292, 0.0179607067257, 0.00658732606098, 0.00556115992367, 0.00571309169754, 0.00539710186422, 0.00842543318868, 0.0040063909255, 0.00316190812737, 0.00244117924012, 0.00251947110519, 0.00294814212248, 0.00353137822822, 0.00196753861383, 0.00195578462444, 0.00211578165181, 0.00165858352557, 0.00184509996325, 0.00304545392282, 0.00297767203301, 0.00107696012128, 0.000366558349924, 0.000645629654173, 0.000844795198645, 0.000556771410629, 0.000749753497075, 0.000970111635979, 0.000300777959637, 0.000339187827194, 0.000561742635909, 0.000182798685273, 0.000147438811837, 0.00019297246763, 0.000162702723173, 0.000109446227725, 0.000219450055738, 0.000215473148273, 0.000132366971229], "dvar2": [0.000118745207146, 0.00011722400086, 1.10630962809e-05, 5.34937316843e-06, 2.60556021203e-07, 3.91659995103e-07, 2.42241583237e-07, 2.91164298005e-07, 1.61998087833e-07, 5.00081682731e-08, 3.60807526079e-08, 1.32190800528e-08, 1.79266823608e-08, 2.79344209986e-08, 2.45899158813e-08, 9.37268573864e-09, 9.63216084671e-09, 1.28191830484e-08, 4.47480585919e-09, 6.36266195286e-09, 1.05572999232e-08, 7.41488648259e-09, 1.5187403557e-09, 3.96490174026e-10, 1.26504884346e-09, 1.18382170733e-09, 8.33324853566e-10, 1.26628718622e-09, 9.53562451222e-10, 2.05456762714e-10, 2.15378645474e-10, 2.82149636988e-10, 1.15456769145e-10, 6.90106444212e-11, 6.88912676905e-11, 3.62402295673e-11, 2.39795787393e-11, 3.02552705111e-11, 2.988088596e-11, 1.74119885177e-11], "median": [0.00233601592481, 0.0019320420688, 0.000802943075541, 0.000266985385679, 0.000110125896754, 6.84185215505e-05, 6.15398166701e-05, 5.18923188793e-05, 4.48066093668e-05, 4.01688957936e-05, 2.8358095733e-05, 1.78890877578e-05, 1.33381581691e-05, 1.5170648112e-05, 1.50942159962e-05, 7.36826768843e-06, 9.20360616874e-06, 9.12249288376e-06, 6.96802635503e-06, 9.28074223339e-06, 1.03385700641e-05, 7.75833359512e-06, 7.27212727725e-06, 5.6181893342e-06, 8.98462712939e-06, 7.46249952499e-06, 6.46275930194e-06, 6.04256183578e-06, 4.64101594844e-06, 3.61555657946e-06, 2.10206962947e-06, 1.77482809249e-06, 1.15309273951e-06, 1.00776787804e-06, 8.77691149981e-07, 7.00162786416e-07, 6.92283720127e-07, 5.20514959135e-07, 3.68374372783e-07, 2.4725949288e-07], "dmean2": [0.00631979061291, 0.00483958655968, 0.00179309933446, 0.000879384460859, 0.000248117663432, 0.000240849229158, 0.000197468456463, 0.000213827152038, 0.000154762048624, 0.00010248561739, 8.66126210894e-05, 5.15664723935e-05, 5.15598694619e-05, 5.5985081417e-05, 5.19388158864e-05, 3.09142014885e-05, 3.47233872162e-05, 4.08372143283e-05, 2.34548260778e-05, 2.87771326839e-05, 3.27090529026e-05, 2.43531521846e-05, 1.60243271239e-05, 8.9007698989e-06, 1.63365257322e-05, 1.35218160722e-05, 1.1899911442e-05, 1.20552776934e-05, 9.11402639758e-06, 6.39930794932e-06, 5.06524474986e-06, 4.84197380501e-06, 3.89822662328e-06, 2.8465676678e-06, 2.58652607954e-06, 2.00478370971e-06, 1.75463151209e-06, 1.54722351908e-06, 1.3238276324e-06, 1.02529634205e-06], "dmean": [0.00365218520164, 0.00276382616721, 0.00106389203575, 0.000527456169948, 0.000149162151502, 0.000143359968206, 0.000118994510558, 0.000131895736558, 9.81301272986e-05, 6.47008782835e-05, 5.468166637e-05, 3.27610177919e-05, 3.30871880578e-05, 3.56795499101e-05, 3.24152460962e-05, 1.97168192244e-05, 2.22571488848e-05, 2.61796885752e-05, 1.49764518937e-05, 1.8749935407e-05, 2.19306621148e-05, 1.52095681187e-05, 1.01063606053e-05, 5.49411470274e-06, 1.0347240277e-05, 8.49610569276e-06, 7.54298253014e-06, 7.56219787945e-06, 5.67357938053e-06, 4.06837989431e-06, 3.24817165165e-06, 3.14071439789e-06, 2.45924525188e-06, 1.84785255897e-06, 1.69312249909e-06, 1.33655544232e-06, 1.17536558264e-06, 1.05508627257e-06, 9.08997890292e-07, 6.73562396969e-07], "var": [5.13464583491e-05, 3.3493473893e-05, 4.8397705541e-06, 1.91106005332e-06, 1.34754671421e-07, 2.00358670099e-07, 1.01731210123e-07, 1.645304053e-07, 1.30596433223e-07, 3.97130257568e-08, 3.95889898641e-08, 1.56132973217e-08, 1.92838971458e-08, 2.96571052161e-08, 1.49652805703e-08, 7.98260835211e-09, 1.02222132981e-08, 1.27653789761e-08, 3.77469611124e-09, 8.86921114329e-09, 1.97890628328e-08, 8.3532185613e-09, 2.25482432725e-09, 2.96436819536e-10, 1.30070187954e-09, 1.16571452491e-09, 1.00210617582e-09, 1.07337549959e-09, 5.52381307362e-10, 2.60237192906e-10, 2.08346728758e-10, 2.53435328279e-10, 8.6978542424e-11, 4.59139774811e-11, 4.92331869717e-11, 3.12324402452e-11, 2.49955316861e-11, 3.40178926694e-11, 3.92075191757e-11, 1.4740706919e-11], "dvar": [4.19672833232e-05, 4.181195618e-05, 4.21821641794e-06, 2.09811400964e-06, 9.79186580707e-08, 1.48747517414e-07, 9.39578512771e-08, 1.13940537005e-07, 6.75515892112e-08, 2.09117203553e-08, 1.50628576279e-08, 5.86198067865e-09, 7.90962051411e-09, 1.20711289853e-08, 9.61296642288e-09, 3.99583388599e-09, 4.30598534606e-09, 5.40568168006e-09, 1.97204275132e-09, 3.06369374314e-09, 5.93162718943e-09, 3.38680661294e-09, 7.43100359024e-10, 1.59802809874e-10, 5.6023802264e-10, 5.29610078015e-10, 3.86720322432e-10, 5.07793362914e-10, 3.8294492577e-10, 8.93170051808e-11, 1.00665767389e-10, 1.19448895219e-10, 4.80416852133e-11, 2.77622751177e-11, 2.7829127891e-11, 1.6219183982e-11, 1.13304704161e-11, 1.51475845755e-11, 1.63754114435e-11, 7.91650425769e-12], "mean": [0.00537829985842, 0.00372206210159, 0.0015706064878, 0.000657391792629, 0.000235382976825, 0.000201041111723, 0.000157278846018, 0.000185714787222, 0.000161089235917, 0.000109487984446, 0.000103041274997, 6.14871678408e-05, 5.6949305872e-05, 6.28864363534e-05, 5.19573113706e-05, 3.28592104779e-05, 4.017363608e-05, 4.47293605248e-05, 2.49797576544e-05, 3.47021741618e-05, 3.96021459892e-05, 2.71783264907e-05, 1.91553081095e-05, 1.04234659375e-05, 1.96171149582e-05, 1.6581170712e-05, 1.51233598444e-05, 1.49536144818e-05, 1.07920350274e-05, 8.48955551191e-06, 6.12230587649e-06, 5.83562632528e-06, 4.20456581196e-06, 3.31272372023e-06, 3.07061964122e-06, 2.43874933403e-06, 2.18040918298e-06, 1.84259408798e-06, 1.56986993716e-06, 1.08338588234e-06]}, "spectral_entropy": {"min": 3.96779346466, "max": 9.79907417297, "dvar2": 0.0884977653623, "median": 7.74170398712, "dmean2": 0.244054198265, "dmean": 0.168622627854, "var": 0.317997187376, "dvar": 0.0431583113968, "mean": 7.6153254509}, "spectral_rolloff": {"min": 43.06640625, "max": 19121.484375, "dvar2": 3192880.75, "median": 689.0625, "dmean2": 1011.89141846, "dmean": 602.179443359, "var": 4166520.5, "dvar": 1519186.875, "mean": 1432.20397949}, "barkbands": {"min": [1.71949149424e-15, 6.49184981962e-15, 1.04718598566e-15, 3.36056764285e-15, 3.15190467618e-15, 1.8217262534e-15, 1.57807214392e-15, 1.49368839237e-15, 2.31314829961e-15, 1.8476575318e-15, 2.16988305274e-15, 2.14706970261e-15, 2.45520250113e-15, 2.76770493087e-15, 3.16505147456e-15, 3.26249308602e-15, 3.55611028092e-15, 3.4211491333e-15, 2.36262264703e-15, 7.96629997618e-15, 2.19784445736e-15, 1.36543182817e-15, 3.17469409763e-15, 2.32388846563e-15, 2.51644425377e-15, 1.36445488155e-15, 1.78947081525e-15], "max": [0.0226222500205, 0.181430414319, 0.0979127585888, 0.0508416481316, 0.068472892046, 0.0248856768012, 0.0345933847129, 0.0476474314928, 0.025719769299, 0.0174403432757, 0.0168202109635, 0.0275639183819, 0.0174212269485, 0.0188733693212, 0.0196704026312, 0.0302160084248, 0.0332806743681, 0.00686903204769, 0.0193248372525, 0.0167337004095, 0.0153632713482, 0.0134265515953, 0.00846541766077, 0.0131243327633, 0.0135709866881, 0.00262848706916, 0.00469596730545], "dvar2": [1.40755219036e-05, 0.00156009604689, 0.000278021732811, 4.33950299339e-05, 8.0649042502e-05, 8.96308847587e-06, 9.14416796149e-06, 4.19309935751e-06, 2.94364940601e-06, 1.16323064958e-06, 7.99263887075e-07, 2.32000093092e-06, 8.69033215167e-07, 1.48717310822e-06, 7.42418762911e-07, 1.7892083406e-06, 1.19775961593e-06, 1.78701867526e-07, 6.3847534193e-07, 8.40467293983e-07, 3.65667972346e-07, 3.38316084481e-07, 1.79584716875e-07, 1.42668596936e-07, 1.35463650963e-07, 5.32938280173e-08, 1.64405747682e-07], "median": [0.000284316629404, 0.00803066417575, 0.00198813155293, 0.00119689619169, 0.00115827517584, 0.000350661168341, 0.000283525150735, 0.000214902684093, 0.000280128093436, 0.00013674973161, 7.58989481255e-05, 0.000160711206263, 8.2241203927e-05, 0.000110780936666, 9.4166432973e-05, 0.000154431210831, 0.000134444242576, 0.000132236222271, 0.000221911483095, 0.000206901779165, 0.000154137815116, 8.10434503364e-05, 5.44473368791e-05, 5.03261253471e-05, 2.26780794037e-05, 7.00318196323e-06, 4.41214842795e-06], "dmean2": [0.0019707903266, 0.0218391064554, 0.00707660522312, 0.00346378074028, 0.00344193773344, 0.00119400629774, 0.00113617978059, 0.000828736461699, 0.000792651087977, 0.000495152082294, 0.000341748644132, 0.000552544894163, 0.000324283435475, 0.000477516296087, 0.000323695421685, 0.000485942873638, 0.000364377890946, 0.000202962080948, 0.000361283426173, 0.000349156180164, 0.000247520103585, 0.0002007332223, 0.000137431547046, 0.000122762168758, 8.86905982043e-05, 5.83246946917e-05, 8.69827199494e-05], "dmean": [0.00113576219883, 0.0126438578591, 0.0039864522405, 0.00205933954567, 0.00207248190418, 0.0007124262047, 0.000684410333633, 0.000522247108165, 0.00049884757027, 0.000315832992783, 0.000217217748286, 0.000348321627825, 0.000205238102353, 0.000305333407596, 0.000204490599572, 0.000318553298712, 0.00022916389571, 0.000126341474243, 0.0002308308176, 0.000219366032979, 0.000156695372425, 0.000130475309561, 9.28188892431e-05, 8.58237981447e-05, 6.08296504652e-05, 3.70558918803e-05, 4.8111036449e-05], "var": [5.58763804293e-06, 0.000625341432169, 7.35318317311e-05, 2.13236799027e-05, 2.9027905839e-05, 4.64757249574e-06, 3.91387493437e-06, 3.50087043444e-06, 2.37858080254e-06, 1.40290524087e-06, 8.39087306304e-07, 2.05799688047e-06, 7.26109533389e-07, 1.53122323354e-06, 6.55951737372e-07, 3.18392380905e-06, 1.51765652845e-06, 1.7859021284e-07, 7.36573156246e-07, 8.80154289007e-07, 3.64660650121e-07, 3.27616703544e-07, 1.44249696632e-07, 1.90355237351e-07, 1.25277040297e-07, 1.95137648262e-08, 3.37120162897e-08], "dvar": [4.99544466948e-06, 0.000553530349862, 9.75241418928e-05, 1.66224563145e-05, 3.15759316436e-05, 3.40464089277e-06, 3.5265520637e-06, 1.76440767063e-06, 1.23677421016e-06, 4.98221254475e-07, 3.47252466781e-07, 9.60464262789e-07, 3.75535762487e-07, 6.3576391085e-07, 3.37211361057e-07, 9.32099396778e-07, 5.6003221971e-07, 7.64583347745e-08, 2.94889332508e-07, 3.53349975057e-07, 1.5384260621e-07, 1.45233414628e-07, 7.46497264004e-08, 7.48174571186e-08, 6.56812844113e-08, 2.06695105476e-08, 5.70917251252e-08], "mean": [0.00128016748931, 0.0183087922633, 0.0047145979479, 0.00290606962517, 0.00266307382844, 0.00100808555726, 0.000878461927641, 0.000819142325781, 0.000832038931549, 0.000577406084631, 0.000359327881597, 0.000605349778198, 0.000335541757522, 0.000538703810889, 0.000334949523676, 0.000612754258327, 0.00042666279478, 0.000247480493272, 0.000469504186185, 0.000470859289635, 0.000341173377819, 0.000255616439972, 0.000179833092261, 0.000165550009115, 9.97105307761e-05, 4.27989871241e-05, 3.89116758015e-05]}, "melbands_flatness_db": {"min": 0.0207512751222, "max": 0.712479650974, "dvar2": 0.00338013516739, "median": 0.219227999449, "dmean2": 0.0564603619277, "dmean": 0.0360127203166, "var": 0.00927201379091, "dvar": 0.0013958044583, "mean": 0.231238782406}, "melbands_skewness": {"min": -5.95990371704, "max": 30.8744659424, "dvar2": 6.32647705078, "median": 3.45601034164, "dmean2": 2.12201929092, "dmean": 1.35927522182, "var": 8.75497055054, "dvar": 2.67286419868, "mean": 4.04744195938}, "barkbands_skewness": {"min": -8.39168834686, "max": 20.348236084, "dvar2": 3.44583106041, "median": 1.97506594658, "dmean2": 1.46100509167, "dmean": 0.939941465855, "var": 4.88433694839, "dvar": 1.47243738174, "mean": 2.33247208595}, "silence_rate_60dB": {"min": 0, "max": 1, "dvar2": 0.0455689579248, "median": 0, "dmean2": 0.0438612438738, "dmean": 0.0219740308821, "var": 0.103880517185, "dvar": 0.0214947219938, "mean": 0.117759212852}, "spectral_energyband_low": {"min": 1.03510678761e-14, "max": 0.201444491744, "dvar2": 0.00235683983192, "median": 0.0154892848805, "dmean2": 0.0272931680083, "dmean": 0.0159430298954, "var": 0.000965441635344, "dvar": 0.000852050725371, "mean": 0.0256921052933}, "spectral_energyband_middle_low": {"min": 1.38794395221e-14, "max": 0.126172870398, "dvar2": 0.00023031749879, "median": 0.00626724585891, "dmean2": 0.0078262006864, "dmean": 0.00484470371157, "var": 0.000128151106765, "dvar": 9.70230903476e-05, "mean": 0.00926861539483}, "melbands_kurtosis": {"min": -1.88844633102, "max": 1636.43041992, "dvar2": 6204.21044922, "median": 15.6570835114, "dmean2": 36.7561836243, "dmean": 22.8316268921, "var": 4908.37109375, "dvar": 2540.73242188, "mean": 37.1773605347}, "spectral_decrease": {"min": -5.56443673361e-08, "max": -6.0068293003e-21, "dvar2": 1.63479754335e-16, "median": -8.24820922674e-09, "dmean2": 8.05975997054e-09, "dmean": 4.74463046629e-09, "var": 7.78929446887e-17, "dvar": 6.01741337803e-17, "mean": -9.92264048705e-09}, "erbbands_kurtosis": {"min": -1.86316418648, "max": 113.609092712, "dvar2": 25.3433609009, "median": -0.134864330292, "dmean2": 2.05077433586, "dmean": 1.35019505024, "var": 23.9831771851, "dvar": 10.9735336304, "mean": 1.19971644878}, "melbands_crest": {"min": 2.66761803627, "max": 37.4517669678, "dvar2": 38.6695556641, "median": 17.7317676544, "dmean2": 6.88706016541, "dmean": 4.20261049271, "var": 42.5495948792, "dvar": 14.7774562836, "mean": 17.9168376923}, "gfcc": {"cov": [[17327.6894531, -404.899078369, -581.024658203, 567.589477539, 167.22807312, 511.547943115, 130.708679199, 172.207748413, -114.01625061, 71.3629837036, 25.2593746185, 40.001247406, 27.6899452209], [-404.899078369, 1879.2545166, 17.0668144226, 31.0215492249, 228.361862183, -116.686462402, 100.630752563, -1.68652880192, 49.1781654358, -63.5435295105, 58.2983131409, -61.8354377747, 79.4535064697], [-581.024658203, 17.0668144226, 1167.03320312, 195.412033081, 28.6273059845, 13.9533557892, -65.4085159302, -17.3572731018, 6.26974534988, -34.8556861877, -22.3806343079, 24.8162250519, -35.5872268677], [567.589477539, 31.0215492249, 195.412033081, 501.076904297, 150.178512573, 70.0227890015, 13.3182592392, 28.8399085999, 48.5478591919, 5.45436620712, 5.91047525406, 25.7217216492, 36.4219436646], [167.22807312, 228.361862183, 28.6273059845, 150.178512573, 513.335693359, 120.870422363, 154.999053955, 91.588432312, 66.6756134033, 54.8647155762, 40.2994117737, 69.8030700684, 80.5565719604], [511.547943115, -116.686462402, 13.9533557892, 70.0227890015, 120.870422363, 353.0027771, 159.436477661, 74.2548599243, 30.2943916321, 56.3585548401, 56.9469985962, 15.2646331787, 29.2079582214], [130.708679199, 100.630752563, -65.4085159302, 13.3182592392, 154.999053955, 159.436477661, 268.840179443, 101.425735474, 43.3164710999, 50.9621963501, 58.7675514221, 9.32723331451, 30.4064350128], [172.207748413, -1.68652880192, -17.3572731018, 28.8399085999, 91.588432312, 74.2548599243, 101.425735474, 178.319869995, 83.3696136475, 38.8143730164, 24.4567584991, 18.4065570831, 28.2283210754], [-114.01625061, 49.1781654358, 6.26974534988, 48.5478591919, 66.6756134033, 30.2943916321, 43.3164710999, 83.3696136475, 151.805145264, 67.7250900269, 11.0821313858, -3.11630821228, 21.7624759674], [71.3629837036, -63.5435295105, -34.8556861877, 5.45436620712, 54.8647155762, 56.3585548401, 50.9621963501, 38.8143730164, 67.7250900269, 124.357444763, 50.3632125854, 0.726906836033, 5.3778219223], [25.2593746185, 58.2983131409, -22.3806343079, 5.91047525406, 40.2994117737, 56.9469985962, 58.7675514221, 24.4567584991, 11.0821313858, 50.3632125854, 113.928916931, 36.993347168, 13.8910646439], [40.001247406, -61.8354377747, 24.8162250519, 25.7217216492, 69.8030700684, 15.2646331787, 9.32723331451, 18.4065570831, -3.11630821228, 0.726906836033, 36.993347168, 109.284957886, 44.6700286865], [27.6899452209, 79.4535064697, -35.5872268677, 36.4219436646, 80.5565719604, 29.2079582214, 30.4064350128, 28.2283210754, 21.7624759674, 5.3778219223, 13.8910646439, 44.6700286865, 95.8378067017]], "icov": [[6.76953786751e-05, -1.05852250272e-05, 5.30987526872e-05, -0.000100991841464, 1.76785415533e-05, -0.000103888836748, 5.1106839237e-05, -0.000114952876174, 0.000177131019882, -0.000104995553556, 8.7939290097e-05, -4.82185787405e-05, 5.71581222175e-05], [-1.05852250272e-05, 0.000840809196234, -8.80924999365e-05, 0.000106367238914, -0.000510429264978, 0.000600334897172, -0.00033589542727, 0.000396013056161, -0.000644572312012, 0.00131332559977, -0.00137272721622, 0.00151004339568, -0.000963326601777], [5.30987526872e-05, -8.80924999365e-05, 0.00103086268064, -0.000451040599728, -2.03124204745e-06, -0.000299668987282, 0.000320379302138, -5.54420475964e-05, -4.57762616861e-05, 0.000122750643641, 0.000306208414258, -0.000635455304291, 0.000874919700436], [-0.000100991841464, 0.000106367238914, -0.000451040599728, 0.002638484817, -0.000742797157727, -0.000249262491707, 0.000391522102291, 0.000351781753125, -0.00111082859803, 0.000860137224663, -0.000464348762762, 0.00038712460082, -0.000665875326376], [1.76785415533e-05, -0.000510429264978, -2.03124204745e-06, -0.000742797157727, 0.00335732800886, -0.000414728448959, -0.00124960381072, -0.000382905680453, 0.000241056477535, -0.00162203982472, 0.00155503617134, -0.00229657860473, -0.000605447799899], [-0.000103888836748, 0.000600334897172, -0.000299668987282, -0.000249262491707, -0.000414728448959, 0.00476953433827, -0.00235419231467, -8.24138769531e-05, 0.000118785384984, -5.87348222325e-05, -0.00161663244944, 0.00138015532866, -0.00125067634508], [5.1106839237e-05, -0.00033589542727, 0.000320379302138, 0.000391522102291, -0.00124960381072, -0.00235419231467, 0.00731679936871, -0.00281524797902, 0.0008104511071, -0.000423138408223, -0.00162171327975, 0.00116007891484, 4.35729089077e-05], [-0.000114952876174, 0.000396013056161, -5.54420475964e-05, 0.000351781753125, -0.000382905680453, -8.24138769531e-05, -0.00281524797902, 0.00990882422775, -0.00545269111171, 0.00177253433503, -0.000665676954668, -0.000684035883751, -0.000573758268729], [0.000177131019882, -0.000644572312012, -4.57762616861e-05, -0.00111082859803, 0.000241056477535, 0.000118785384984, 0.0008104511071, -0.00545269111171, 0.0132673280314, -0.00758296996355, 0.00301877572201, 0.000429082370829, -0.00122627685778], [-0.000104995553556, 0.00131332559977, 0.000122750643641, 0.000860137224663, -0.00162203982472, -5.87348222325e-05, -0.000423138408223, 0.00177253433503, -0.00758296996355, 0.0164780151099, -0.0079808877781, 0.00376980355941, -0.000149360654177], [8.7939290097e-05, -0.00137272721622, 0.000306208414258, -0.000464348762762, 0.00155503617134, -0.00161663244944, -0.00162171327975, -0.000665676954668, 0.00301877572201, -0.0079808877781, 0.0161926448345, -0.00753894168884, 0.00222823931836], [-4.82185787405e-05, 0.00151004339568, -0.000635455304291, 0.00038712460082, -0.00229657860473, 0.00138015532866, 0.00116007891484, -0.000684035883751, 0.000429082370829, 0.00376980355941, -0.00753894168884, 0.0169222634286, -0.00738157564774], [5.71581222175e-05, -0.000963326601777, 0.000874919700436, -0.000665875326376, -0.000605447799899, -0.00125067634508, 4.35729089077e-05, -0.000573758268729, -0.00122627685778, -0.000149360654177, 0.00222823931836, -0.00738157564774, 0.016244025901]], "mean": [-17.7879524231, 75.5289535522, -95.563873291, 45.3717765808, -46.2501182556, 11.4943885803, -23.1661968231, 9.2022600174, -16.620092392, 0.815822005272, -13.5098142624, -5.70288610458, -9.86714458466]}, "melbands_spread": {"min": 0.0894999802113, "max": 244.83706665, "dvar2": 536.357055664, "median": 15.3335990906, "dmean2": 14.4120788574, "dmean": 9.09901714325, "var": 678.215637207, "dvar": 240.298187256, "mean": 23.2454128265}, "spectral_energy": {"min": 1.86083340035e-13, "max": 0.21244174242, "dvar2": 0.00236339098774, "median": 0.0337013788521, "dmean2": 0.0308957714587, "dmean": 0.0182509701699, "var": 0.00117211206816, "dvar": 0.000872456817888, "mean": 0.0395127423108}, "mfcc": {"cov": [[14805.2607422, -343.654907227, -1019.01635742, 170.698547363, 52.1766281128, 369.61706543, 425.772003174, 283.487823486, 220.903549194, 232.014022827, 110.973999023, 127.711372375, 51.835483551], [-343.654907227, 1635.2512207, -48.916934967, 168.462005615, 92.5574569702, -35.4522132874, 77.41822052, 19.3942165375, 54.7543296814, -13.0928153992, 19.1958580017, 45.2843933105, 18.4949302673], [-1019.01635742, -48.916934967, 928.674743652, 113.305297852, 90.1984481812, 24.004283905, -74.7180404663, 7.06911373138, -59.7701568604, -15.0633878708, -2.91177678108, -40.084854126, -20.9302597046], [170.698547363, 168.462005615, 113.305297852, 469.066467285, 188.931259155, 42.6386642456, -2.43700933456, 42.1909942627, 59.8299064636, -15.8188362122, -10.6896324158, 34.4846725464, 55.4533462524], [52.1766281128, 92.5574569702, 90.1984481812, 188.931259155, 315.691467285, 103.992553711, 54.6964225769, 64.4557647705, 86.5294952393, 1.02226758003, 5.49860811234, 47.5175285339, 59.1148529053], [369.61706543, -35.4522132874, 24.004283905, 42.6386642456, 103.992553711, 244.982254028, 140.898193359, 61.3758010864, 56.7458000183, 46.1260070801, 47.5489044189, 26.3594055176, 14.1917209625], [425.772003174, 77.41822052, -74.7180404663, -2.43700933456, 54.6964225769, 140.898193359, 263.217529297, 110.979095459, 55.9430541992, 50.2624130249, 53.0182685852, 35.5960388184, 18.6317710876], [283.487823486, 19.3942165375, 7.06911373138, 42.1909942627, 64.4557647705, 61.3758010864, 110.979095459, 161.413864136, 82.4255142212, 29.9202384949, 19.8287258148, 27.9944477081, 32.5458564758], [220.903549194, 54.7543296814, -59.7701568604, 59.8299064636, 86.5294952393, 56.7458000183, 55.9430541992, 82.4255142212, 170.540756226, 75.49659729, 31.6014900208, 37.5030288696, 29.1338558197], [232.014022827, -13.0928153992, -15.0633878708, -15.8188362122, 1.02226758003, 46.1260070801, 50.2624130249, 29.9202384949, 75.49659729, 150.579940796, 75.8177261353, 27.149646759, -3.02586007118], [110.973999023, 19.1958580017, -2.91177678108, -10.6896324158, 5.49860811234, 47.5489044189, 53.0182685852, 19.8287258148, 31.6014900208, 75.8177261353, 128.76361084, 55.9654312134, 4.48679924011], [127.711372375, 45.2843933105, -40.084854126, 34.4846725464, 47.5175285339, 26.3594055176, 35.5960388184, 27.9944477081, 37.5030288696, 27.149646759, 55.9654312134, 106.961273193, 53.7037353516], [51.835483551, 18.4949302673, -20.9302597046, 55.4533462524, 59.1148529053, 14.1917209625, 18.6317710876, 32.5458564758, 29.1338558197, -3.02586007118, 4.48679924011, 53.7037353516, 103.40272522]], "icov": [[8.12662692624e-05, 2.26869906328e-05, 9.95360751403e-05, -6.79375516484e-05, 2.82393611997e-05, -9.13483454497e-05, -1.77677593456e-05, -0.000117774347018, 6.76905547152e-05, -0.000112789712148, 4.90102720505e-05, -4.53179054603e-05, 4.74863190902e-05], [2.26869906328e-05, 0.000695410766639, 3.08812450385e-05, -0.000260698667262, -0.000102460609924, 0.000429652311141, -0.000509098928887, 0.000278548657661, -0.000278691848507, 0.000222984774155, -0.000120573720778, -0.000186495541129, 0.00020110917103], [9.95360751403e-05, 3.08812450385e-05, 0.00145975418855, -0.000316771183861, -0.000516553991474, -0.000426263635745, 0.000801267509814, -0.000983291422017, 0.00121309806127, -0.000510856800247, -0.000343363150023, 0.000584039429668, 0.000283690489596], [-6.79375516484e-05, -0.000260698667262, -0.000316771183861, 0.00309999566525, -0.00146510719787, -6.96497081663e-05, 0.000574549660087, -0.000140412332257, -0.000444792531198, 0.000384765444323, 0.000173881926457, -0.000107858300908, -0.000673038943205], [2.82393611997e-05, -0.000102460609924, -0.000516553991474, -0.00146510719787, 0.00581129593775, -0.00184105418157, -8.81873056642e-05, 7.06779464963e-05, -0.00224378984421, 0.00125670165289, 0.000649807683658, -0.00111243908759, -0.00117210869212], [-9.13483454497e-05, 0.000429652311141, -0.000426263635745, -6.96497081663e-05, -0.00184105418157, 0.00740652903914, -0.00380419450812, 0.00114389613736, -0.000872929405887, -0.000120109718409, -0.00125752133317, 0.000613118638285, 0.000260003842413], [-1.77677593456e-05, -0.000509098928887, 0.000801267509814, 0.000574549660087, -8.81873056642e-05, -0.00380419450812, 0.00836967118084, -0.00503109674901, 0.00184839742724, -0.000916671706364, -0.000968290201854, -0.000131629130919, 0.000164758093888], [-0.000117774347018, 0.000278548657661, -0.000983291422017, -0.000140412332257, 7.06779464963e-05, 0.00114389613736, -0.00503109674901, 0.0121914548799, -0.00531768798828, 0.00149104965385, 0.000227791359066, 0.000129039006424, -0.00177762797102], [6.76905547152e-05, -0.000278691848507, 0.00121309806127, -0.000444792531198, -0.00224378984421, -0.000872929405887, 0.00184839742724, -0.00531768798828, 0.0125079816207, -0.00614101300016, 0.00139122456312, -0.000905576569494, -5.063804565e-05], [-0.000112789712148, 0.000222984774155, -0.000510856800247, 0.000384765444323, 0.00125670165289, -0.000120109718409, -0.000916671706364, 0.00149104965385, -0.00614101300016, 0.0129771418869, -0.00637791724876, 0.00102972285822, 0.00055274128681], [4.90102720505e-05, -0.000120573720778, -0.000343363150023, 0.000173881926457, 0.000649807683658, -0.00125752133317, -0.000968290201854, 0.000227791359066, 0.00139122456312, -0.00637791724876, 0.0154556892812, -0.00825914088637, 0.00277836620808], [-4.53179054603e-05, -0.000186495541129, 0.000584039429668, -0.000107858300908, -0.00111243908759, 0.000613118638285, -0.000131629130919, 0.000129039006424, -0.000905576569494, 0.00102972285822, -0.00825914088637, 0.0186115652323, -0.00825546868145], [4.74863190902e-05, 0.00020110917103, 0.000283690489596, -0.000673038943205, -0.00117210869212, 0.000260003842413, 0.000164758093888, -0.00177762797102, -5.063804565e-05, 0.00055274128681, 0.00277836620808, -0.00825546868145, 0.0153912203386]], "mean": [-664.94152832, 104.630104065, 14.1344041824, 37.1589508057, 6.2009935379, 8.97992324829, 6.80301475525, 6.22471523285, 5.1176776886, 7.78198194504, -0.141050025821, 2.07169437408, -0.0593208298087]}, "spectral_contrast_valleys": {"min": [-27.2859077454, -27.1057167053, -26.9888439178, -27.3815460205, -27.3286743164, -27.2324199677], "max": [-4.95750570297, -4.70629358292, -5.11549425125, -5.59853839874, -5.5234541893, -7.11559391022], "dvar2": [0.401978552341, 0.395555704832, 0.301598221064, 0.257212549448, 0.250675410032, 0.363273322582], "median": [-6.6703877449, -6.90005397797, -7.42479467392, -7.70071220398, -7.16286039352, -9.80127906799], "dmean2": [0.68062710762, 0.661053538322, 0.560945630074, 0.495471864939, 0.397668421268, 0.429091066122], "dmean": [0.423601597548, 0.419167339802, 0.361484408379, 0.325162619352, 0.26934954524, 0.331293851137], "var": [2.67303943634, 1.6377146244, 1.71596026421, 1.74761295319, 1.88312029839, 1.9664645195], "dvar": [0.203422635794, 0.198587656021, 0.161376401782, 0.146760299802, 0.152554661036, 0.215022578835], "mean": [-7.23280096054, -7.22819948196, -7.84118700027, -8.15873241425, -7.66085338593, -10.115653038]}, "barkbands_flatness_db": {"min": 0.0155961625278, "max": 0.596306502819, "dvar2": 0.00240524439141, "median": 0.136636659503, "dmean2": 0.0466600954533, "dmean": 0.0292786024511, "var": 0.00565389823169, "dvar": 0.000951276859269, "mean": 0.152208328247}, "dynamic_complexity": 4.11294269562, "erbbands_flatness_db": {"min": 0.0310162249953, "max": 0.489059627056, "dvar2": 0.000839371525217, "median": 0.128501728177, "dmean2": 0.0267899911851, "dmean": 0.0187629517168, "var": 0.00252100708894, "dvar": 0.000436909554992, "mean": 0.138022691011}, "hfc": {"min": 1.80161829899e-09, "max": 228.0