{"lowlevel": {"spectral_complexity": {"min": 0, "max": 60, "dvar2": 12.1576738358, "median": 2, "dmean2": 1.91425514221, "dmean": 1.25910067558, "var": 21.5957202911, "dvar": 6.69734287262, "mean": 3.69518709183}, "silence_rate_20dB": {"min": 1, "max": 1, "dvar2": 0, "median": 1, "dmean2": 0, "dmean": 0, "var": 0, "dvar": 0, "mean": 1}, "average_loudness": 0.571010708809, "erbbands_spread": {"min": 0.502584278584, "max": 151.94593811, "dvar2": 556.643676758, "median": 15.5183095932, "dmean2": 13.0428152084, "dmean": 8.37207794189, "var": 513.867004395, "dvar": 219.956985474, "mean": 22.5620956421}, "spectral_kurtosis": {"min": -1.22395336628, "max": 94.4440002441, "dvar2": 138.06022644, "median": 6.69312667847, "dmean2": 7.59701251984, "dmean": 4.78044700623, "var": 592.018371582, "dvar": 60.4072914124, "mean": 18.7203788757}, "barkbands_kurtosis": {"min": -1.95686614513, "max": 474.826324463, "dvar2": 2385.38183594, "median": 9.16979217529, "dmean2": 22.0824604034, "dmean": 14.533531189, "var": 4799.73144531, "dvar": 1122.65405273, "mean": 43.9845085144}, "spectral_strongpeak": {"min": 0, "max": 64.2229385376, "dvar2": 27.4735794067, "median": 0.607375562191, "dmean2": 1.64964747429, "dmean": 0.998043000698, "var": 65.4741821289, "dvar": 9.72487831116, "mean": 2.82227110863}, "spectral_spread": {"min": 1184220.75, "max": 19036458, "dvar2": 1902822293500.0, "median": 3927715.75, "dmean2": 1170486.375, "dmean": 775853.0625, "var": 6951850737660.0, "dvar": 930493956096, "mean": 4679096.5}, "spectral_rms": {"min": 1.40922566061e-07, "max": 0.0124336192384, "dvar2": 2.28519934353e-06, "median": 0.00132609903812, "dmean2": 0.000795393774752, "dmean": 0.000606655376032, "var": 7.27087081032e-06, "dvar": 1.27339114897e-06, "mean": 0.0027168772649}, "erbbands": {"min": [7.73706793078e-11, 4.06304351275e-10, 1.2504022262e-09, 2.65705835112e-09, 4.53838211456e-09, 6.84060585954e-09, 1.01601065339e-08, 1.62075952659e-08, 2.68973341377e-08, 4.10124094685e-08, 5.06441288906e-08, 4.48747243809e-08, 2.43010696011e-08, 7.24943394204e-09, 4.48687575982e-09, 3.07066727601e-09, 8.60326698771e-10, 2.12042627901e-09, 2.97162294771e-09, 7.09734804261e-09, 6.80033007683e-09, 2.67880162497e-09, 3.98783450706e-09, 5.97059512941e-09, 7.86257725593e-09, 1.88773707777e-08, 6.74361810837e-09, 6.02123062521e-09, 4.8553259191e-09, 5.63483260052e-09, 5.23883025849e-09, 8.32974844656e-09, 3.13438586197e-09, 2.9753275399e-09, 5.2365334291e-09, 1.76619141534e-09, 8.24935453281e-10, 9.08484454332e-10, 1.05303613052e-10, 1.88262426482e-11], "max": [0.0259431377053, 0.32928019762, 9.01698684692, 88.401550293, 162.612106323, 657.281311035, 315.930725098, 329.481781006, 552.607971191, 1418.78381348, 1594.50720215, 1184.96057129, 1029.79162598, 848.862243652, 687.618835449, 465.091918945, 287.870635986, 254.802093506, 144.022003174, 110.672554016, 133.070297241, 48.7620697021, 332.994415283, 343.941711426, 207.449417114, 310.742736816, 540.053405762, 361.890533447, 512.08416748, 358.669158936, 355.130157471, 432.572418213, 363.241271973, 295.859863281, 46.9907341003, 26.4598999023, 19.3273277283, 0.34944370389, 0.0686795637012, 0.00255916640162], "dvar2": [8.92728712643e-06, 0.000972518988419, 0.728612244129, 69.7020263672, 502.187866211, 1051.86633301, 780.383483887, 755.378662109, 1159.39404297, 11812.8398438, 19944.5546875, 15421.7617188, 4898.63378906, 2299.19238281, 2685.16992188, 1424.18444824, 528.295227051, 376.509857178, 129.352020264, 59.3889808655, 79.9947280884, 28.0871906281, 268.84866333, 292.832611084, 197.924423218, 700.498596191, 1582.20092773, 929.961120605, 1140.41723633, 655.835876465, 980.668701172, 1255.82592773, 1089.94042969, 373.472717285, 7.30235767365, 5.72381067276, 4.29440116882, 0.00110551516991, 3.0057179174e-05, 2.78235106066e-08], "median": [5.07675722474e-05, 0.000516234431416, 0.0010696570389, 0.00471556046978, 0.0114983581007, 0.0192251559347, 0.528593480587, 1.86209654808, 2.03958845139, 2.08197760582, 0.20743085444, 0.0589866116643, 0.0481470450759, 0.0658804550767, 0.0522926487029, 0.0616522431374, 0.0602923892438, 0.0696110725403, 0.0540589131415, 0.0342381261289, 0.0430057346821, 0.065682567656, 0.0502337813377, 0.0514981485903, 0.0576573051512, 0.0451846532524, 0.0192689765245, 0.0246952865273, 0.0126327462494, 0.0109811360016, 0.0163800306618, 0.0140535635874, 0.024770790711, 0.0141411144286, 0.00354649545625, 0.000659170735162, 0.000209342048038, 8.91343006515e-05, 1.27919138322e-05, 3.78024628844e-06], "dmean2": [0.000738302711397, 0.00995123945177, 0.27457255125, 3.29037857056, 8.28592014313, 6.67649555206, 6.55342102051, 10.5475578308, 9.05623531342, 23.8311290741, 39.7867851257, 33.1336898804, 16.1377429962, 11.5150632858, 8.25303459167, 6.86874723434, 5.80169725418, 5.15345287323, 3.00679421425, 2.3775331974, 1.86202478409, 1.7058095932, 2.59197211266, 2.12142062187, 2.86595249176, 4.70001411438, 4.5133357048, 4.8827009201, 6.71472406387, 6.55015850067, 5.36682605743, 5.85737514496, 8.10787677765, 4.78299474716, 0.423918873072, 0.464354008436, 0.365342050791, 0.00787907652557, 0.00109882850666, 4.22785160481e-05], "dmean": [0.000439532799646, 0.00627706712112, 0.19700191915, 2.5186355114, 6.13358640671, 4.86123418808, 4.55227184296, 7.31563091278, 6.37679672241, 16.2211399078, 27.5159072876, 24.5443496704, 12.8085794449, 8.47477054596, 5.67174291611, 4.56376647949, 3.91725230217, 3.42361664772, 2.12914514542, 1.65536165237, 1.23436844349, 1.10105717182, 1.64273118973, 1.37174773216, 1.75458788872, 2.77836179733, 2.72022175789, 3.30730342865, 4.56904459, 4.60598087311, 3.41238236427, 3.89294672012, 5.40609312057, 3.30924940109, 0.3070512712, 0.282593518496, 0.216506779194, 0.00498992064968, 0.000720759911928, 2.92528293357e-05], "var": [3.64801462638e-06, 0.000529380864464, 1.0520093441, 142.795455933, 807.926574707, 1383.01062012, 557.607666016, 1313, 1142.31591797, 8070.92871094, 14487.6308594, 14007.5214844, 5610.49853516, 2086.72485352, 1102.16943359, 590.461181641, 397.030853271, 239.18977356, 81.4601516724, 58.157371521, 41.1887664795, 19.738986969, 233.645019531, 195.60017395, 120.35433197, 361.174560547, 544.030151367, 522.808898926, 1214.47717285, 1067.37731934, 704.25994873, 840.16784668, 1834.69665527, 991.986083984, 5.13712930679, 4.82154846191, 3.52640557289, 0.00143762072548, 3.89513152186e-05, 5.73158303041e-08], "dvar": [2.96750272355e-06, 0.000397554365918, 0.384304583073, 38.2562980652, 259.510009766, 634.890686035, 332.450897217, 372.947479248, 612.755554199, 5869.07324219, 9383.18554688, 8457.86914062, 2690.74194336, 1167.28662109, 1106.59375, 579.273620605, 256.620269775, 176.139511108, 62.1032295227, 34.2647895813, 34.2223777771, 11.8628664017, 159.482116699, 158.768447876, 96.4482879639, 327.401062012, 643.902160645, 423.871887207, 609.685546875, 331.310760498, 460.703765869, 598.543884277, 504.569915771, 197.464797974, 3.79852771759, 2.09675121307, 1.55383300781, 0.00045349917491, 1.23854060803e-05, 1.27022117269e-08], "mean": [0.000595288875047, 0.00911594741046, 0.369165629148, 5.9393825531, 14.1317958832, 8.28727149963, 8.17800331116, 14.6326179504, 13.755988121, 21.8336696625, 35.4525032043, 30.4785614014, 18.7733402252, 11.6282520294, 6.67859125137, 5.02264261246, 4.69107341766, 3.78190803528, 2.35290884972, 1.97514784336, 1.47487926483, 1.40022027493, 1.84717607498, 1.49108612537, 1.74041569233, 2.64360666275, 2.45863366127, 3.63451623917, 6.71338796616, 7.63560009003, 4.01341962814, 4.20793247223, 10.0423221588, 7.04354000092, 0.421728730202, 0.45786216855, 0.353174984455, 0.00902745034546, 0.00136599631514, 7.53584245103e-05]}, "zerocrossingrate": {"min": 0.00537109375, "max": 0.53515625, "dvar2": 0.000742313743103, "median": 0.03662109375, "dmean2": 0.0164932291955, "dmean": 0.0153541974723, "var": 0.015154518187, "dvar": 0.000747295387555, "mean": 0.10670799017}, "spectral_contrast_coeffs": {"min": [-0.940856218338, -0.990701079369, -0.956994116306, -0.930301845074, -0.964756011963, -0.931989073753], "max": [-0.201047301292, -0.323792487383, -0.455193132162, -0.536848723888, -0.615076601505, -0.584805488586], "dvar2": [0.00577997276559, 0.00617942074314, 0.00322362803854, 0.00206334190443, 0.00120415678248, 0.000899651378859], "median": [-0.736278533936, -0.724419057369, -0.861556529999, -0.837591707706, -0.836747765541, -0.828665196896], "dmean2": [0.0818487405777, 0.0744788125157, 0.0577140934765, 0.0491695515811, 0.0351754911244, 0.0290855299681], "dmean": [0.0527844615281, 0.0489992536604, 0.0394194684923, 0.0320502147079, 0.0228080675006, 0.0190112404525], "var": [0.0521986111999, 0.0338277518749, 0.0113717606291, 0.00527443643659, 0.00371668743901, 0.00369549402967], "dvar": [0.0032763115596, 0.00324486172758, 0.00171001721174, 0.000962321471889, 0.00058735976927, 0.000383899343433], "mean": [-0.633001327515, -0.689409077168, -0.816587567329, -0.817922353745, -0.836123764515, -0.816473305225]}, "dissonance": {"min": 0.0525826178491, "max": 0.499995738268, "dvar2": 0.00412062788382, "median": 0.433759987354, "dmean2": 0.0513902194798, "dmean": 0.0326293818653, "var": 0.0150017403066, "dvar": 0.00203123828396, "mean": 0.377005666494}, "spectral_energyband_high": {"min": 3.18020653214e-12, "max": 0.0372975990176, "dvar2": 2.03686504392e-05, "median": 9.59138560575e-06, "dmean2": 0.00118519598618, "dmean": 0.000779049179982, "var": 2.51343426498e-05, "dvar": 9.66817151493e-06, "mean": 0.00147390924394}, "spectral_skewness": {"min": -0.914503395557, "max": 8.27098369598, "dvar2": 0.819101572037, "median": 2.05802702904, "dmean2": 0.71212130785, "dmean": 0.477250605822, "var": 5.37129545212, "dvar": 0.412966817617, "mean": 2.93234586716}, "spectral_flux": {"min": 0.000278079678537, "max": 0.341819822788, "dvar2": 0.00322019960731, "median": 0.0230037104338, "dmean2": 0.0340981557965, "dmean": 0.020711582154, "var": 0.00314498064108, "dvar": 0.00129093090072, "mean": 0.0460101477802}, "silence_rate_30dB": {"min": 0, "max": 1, "dvar2": 0.0232856534421, "median": 1, "dmean2": 0.0171489808708, "dmean": 0.0085653103888, "var": 0.0053190025501, "dvar": 0.00849197618663, "mean": 0.99465239048}, "spectral_energyband_middle_high": {"min": 1.20949745445e-12, "max": 0.0701687633991, "dvar2": 1.65221772477e-05, "median": 4.09460481023e-05, "dmean2": 0.000969527056441, "dmean": 0.000773816893343, "var": 1.49453035192e-05, "dvar": 8.33306239656e-06, "mean": 0.00113079475705}, "barkbands_spread": {"min": 0.199566870928, "max": 103.067070007, "dvar2": 316.333190918, "median": 5.61377620697, "dmean2": 10.1926088333, "dmean": 6.3537979126, "var": 614.924377441, "dvar": 134.555618286, "mean": 18.48878479}, "spectral_centroid": {"min": 135.336914062, "max": 9262.75976562, "dvar2": 710017.3125, "median": 583.939758301, "dmean2": 464.703552246, "dmean": 317.93057251, "var": 3759487.5, "dvar": 376813.59375, "mean": 1778.04052734}, "pitch_salience": {"min": 0.096167370677, "max": 0.91338789463, "dvar2": 0.0177901759744, "median": 0.498397260904, "dmean2": 0.110017821193, "dmean": 0.0698823332787, "var": 0.0291520897299, "dvar": 0.00775325344875, "mean": 0.52548956871}, "erbbands_skewness": {"min": -8.92770862579, "max": 11.1503562927, "dvar2": 2.20078611374, "median": 0.684114515781, "dmean2": 0.96408867836, "dmean": 0.652082800865, "var": 4.68073749542, "dvar": 1.00908303261, "mean": 0.694727599621}, "erbbands_crest": {"min": 2.01088905334, "max": 29.9372577667, "dvar2": 19.5640926361, "median": 12.1812877655, "dmean2": 4.12223577499, "dmean": 2.56877613068, "var": 49.1135559082, "dvar": 8.25176239014, "mean": 13.8626966476}, "melbands": {"min": [6.96797708508e-13, 6.2487889212e-13, 5.13672871599e-13, 4.09202131815e-13, 3.5133869555e-13, 3.64762202647e-13, 4.24512584373e-13, 4.61971335752e-13, 4.11399430147e-13, 2.69177367028e-13, 1.1457184485e-13, 2.95722817165e-14, 1.40034553099e-14, 1.20526427177e-14, 2.90821223847e-15, 2.44671332518e-15, 3.98103155869e-15, 3.59690296414e-15, 8.90101269194e-15, 9.44316629422e-15, 7.80510960632e-15, 3.1071051036e-15, 1.92744274148e-15, 4.56729482522e-15, 4.89286167938e-15, 4.11771048912e-15, 8.71424870333e-15, 1.40992318664e-14, 5.39808760978e-15, 2.22266527557e-15, 4.17655810313e-15, 3.3139628313e-15, 1.94265968837e-15, 3.53291830706e-15, 3.01176603967e-15, 2.92056324939e-15, 6.41782930443e-15, 2.07482329793e-15, 1.27311931884e-15, 2.71822041906e-15], "max": [0.000218239583774, 0.00352370762266, 0.0171025171876, 0.0281551312655, 0.0162045899779, 0.00640412187204, 0.00757796876132, 0.0144493207335, 0.0110469125211, 0.00800936296582, 0.00586354918778, 0.0044395797886, 0.0019603362307, 0.00110571354162, 0.00081992970081, 0.000654347997624, 0.000544246286154, 0.000292184966384, 0.00015277552302, 0.000191783939954, 0.000134773988975, 5.72680437472e-05, 9.24560881685e-05, 0.000557479681447, 0.000246287381742, 9.78240786935e-05, 0.00024903533631, 0.000202658702619, 0.000265781622147, 0.000344146159478, 0.000214117520954, 0.000314467353746, 0.000317518541124, 0.000109305539809, 0.000179927388672, 0.000281957007246, 0.000282549270196, 0.000237617801758, 0.000876662554219, 0.000207123244763], "dvar2": [5.75352931964e-10, 1.07151691964e-07, 2.95150130114e-06, 3.05137450596e-06, 1.21070866044e-06, 3.1954235169e-07, 2.54670737831e-07, 1.62824221661e-06, 1.21027255773e-06, 5.18515093972e-07, 1.49845604369e-07, 6.19732105633e-08, 1.88460518302e-08, 1.27174111242e-08, 5.80398351602e-09, 3.06312086806e-09, 1.64897595578e-09, 6.20815121533e-10, 2.07453582091e-10, 2.24660762216e-10, 7.90766965797e-11, 3.63251650981e-11, 5.1201896889e-11, 7.88947851493e-10, 1.57394500211e-10, 3.38836181335e-11, 3.83701792561e-10, 3.04292008257e-10, 3.76636694055e-10, 8.10164824117e-10, 2.16963474964e-10, 3.75928926877e-10, 5.42132949644e-10, 1.36725408773e-10, 3.24588023126e-10, 4.46559650369e-10, 5.04500219378e-10, 3.74326847297e-10, 2.54435561509e-09, 1.08799129428e-10], "median": [1.40343829003e-07, 3.71796431864e-07, 1.11644601475e-06, 9.50692083279e-07, 1.63664044521e-05, 3.83528968086e-05, 2.75137117569e-05, 1.77595356945e-05, 5.84386214086e-07, 3.15988188504e-07, 2.3443951136e-07, 2.51966639553e-07, 1.54328645863e-07, 1.10983137347e-07, 1.21333229686e-07, 1.29508165969e-07, 1.05276875217e-07, 8.00947930202e-08, 4.51423218806e-08, 3.55236942085e-08, 5.18586027454e-08, 6.87911452246e-08, 4.379748475e-08, 3.12795300772e-08, 3.33265930408e-08, 3.31136362774e-08, 2.74434679426e-08, 2.43845903469e-08, 7.68046426458e-09, 9.23920584484e-09, 8.35393798582e-09, 4.9844639527e-09, 3.33378746831e-09, 4.21645696136e-09, 6.18479001346e-09, 5.76402792163e-09, 4.5913739477e-09, 1.40201210641e-08, 1.65260978235e-08, 7.80702791303e-09], "dmean2": [6.54359519103e-06, 9.93328649201e-05, 0.000709064595867, 0.000549796095584, 0.000228986406, 0.000219561130507, 0.000142556556966, 0.000301873194985, 0.000333604839398, 0.000192013147171, 8.20727291284e-05, 5.34199498361e-05, 2.6896923373e-05, 2.1825057047e-05, 1.542211794e-05, 1.3680291886e-05, 9.52835034695e-06, 5.53348672838e-06, 4.33146033174e-06, 3.19117430081e-06, 2.12677969103e-06, 1.91570939023e-06, 1.7969749706e-06, 3.22768823935e-06, 1.60949821293e-06, 1.43301735989e-06, 3.32490571964e-06, 3.02496687254e-06, 2.41498128162e-06, 3.12577367367e-06, 2.58014119936e-06, 3.48864136868e-06, 5.74281511945e-06, 2.66788674708e-06, 2.99420275951e-06, 3.57751787305e-06, 3.82494545192e-06, 3.37517917615e-06, 1.17355139082e-05, 1.63477761816e-06], "dmean": [3.70486168322e-06, 6.83795951772e-05, 0.00053507409757, 0.000412201450672, 0.000163883596542, 0.000152737527969, 0.000100145574834, 0.000206146185519, 0.00023302983027, 0.000142205230077, 6.40303260298e-05, 3.87343025068e-05, 1.90378195839e-05, 1.34584597618e-05, 9.72234556684e-06, 9.33419141802e-06, 6.26720657237e-06, 3.7404026898e-06, 2.81679490399e-06, 2.11770225178e-06, 1.33830519644e-06, 1.19022786293e-06, 1.07643586489e-06, 1.9780097773e-06, 1.02988349227e-06, 8.95206198948e-07, 1.96511882677e-06, 1.79530559308e-06, 1.48893911955e-06, 1.93955656869e-06, 1.81759548923e-06, 2.28559542848e-06, 4.03602643928e-06, 1.80787651516e-06, 1.8729230078e-06, 2.28562021221e-06, 2.47412617682e-06, 2.11436099562e-06, 8.01151054475e-06, 1.15969794479e-06], "var": [2.27178303946e-10, 1.38901199875e-07, 5.67700044485e-06, 5.51296989215e-06, 8.27035194106e-07, 5.49699507246e-07, 2.72661736744e-07, 9.96936364572e-07, 1.05890489976e-06, 4.69789029012e-07, 1.46817328073e-07, 4.65184122334e-08, 1.1019877455e-08, 4.82711559613e-09, 2.24332641352e-09, 2.34669861321e-09, 7.82323095194e-10, 2.68298300243e-10, 1.23879781433e-10, 1.46419029678e-10, 4.03660438408e-11, 2.01742095252e-11, 3.14064954599e-11, 5.66738267427e-10, 9.77984984663e-11, 2.33003893957e-11, 1.85792228824e-10, 1.55898252641e-10, 1.53585685836e-10, 2.41530767608e-10, 1.69396538463e-10, 3.77287756592e-10, 8.998623513e-10, 1.31847158191e-10, 2.03288580414e-10, 3.21730808661e-10, 3.39796801807e-10, 1.93990004616e-10, 8.56115711656e-09, 8.25586959907e-11], "dvar": [1.96853713885e-10, 5.58746791057e-08, 1.6285817992e-06, 1.75292336735e-06, 5.42257851066e-07, 1.54627059601e-07, 1.41275208421e-07, 7.68574182075e-07, 6.11918778759e-07, 2.88117547598e-07, 7.80724320748e-08, 2.96456548199e-08, 8.76437322717e-09, 4.98388930126e-09, 2.31780994397e-09, 1.50369106056e-09, 7.14511227962e-10, 2.60773042049e-10, 9.74971214873e-11, 1.11961030724e-10, 3.29173563407e-11, 1.46415084917e-11, 2.1059268912e-11, 4.47279879801e-10, 8.23225584923e-11, 1.74139296732e-11, 1.70772507246e-10, 1.43263317876e-10, 1.62578880913e-10, 3.13349957093e-10, 1.1074421935e-10, 1.92828752965e-10, 2.78339074011e-10, 6.34736707639e-11, 1.4744157284e-10, 2.05936032116e-10, 2.48019105253e-10, 1.66278726899e-10, 1.27177557374e-09, 6.01016528212e-11], "mean": [3.90487139157e-06, 0.000108799300506, 0.00132650660817, 0.000860035594087, 0.000278509076452, 0.000312557152938, 0.000213493563933, 0.000255241320701, 0.000304668268654, 0.000173226551851, 9.13437324925e-05, 5.04010677105e-05, 2.37410058617e-05, 1.47168339026e-05, 1.05411036202e-05, 1.07060650407e-05, 6.44820192974e-06, 3.80437131753e-06, 2.98826307699e-06, 2.37080917032e-06, 1.56826729381e-06, 1.44191960771e-06, 1.31739648168e-06, 2.03358649742e-06, 1.08739072857e-06, 9.35551099701e-07, 1.8083287614e-06, 1.7032893993e-06, 1.36930964345e-06, 1.68796452726e-06, 2.11194037547e-06, 2.98386135e-06, 6.78407832311e-06, 2.70978853223e-06, 2.05388118957e-06, 2.55913619185e-06, 2.51027313425e-06, 2.1278690383e-06, 1.89326037798e-05, 1.40360589285e-06]}, "spectral_entropy": {"min": 3.58110165596, "max": 8.74241256714, "dvar2": 0.331035971642, "median": 6.55148506165, "dmean2": 0.409217000008, "dmean": 0.296676933765, "var": 2.56375527382, "dvar": 0.190896779299, "mean": 6.53782367706}, "spectral_rolloff": {"min": 43.06640625, "max": 13479.7851562, "dvar2": 3521072.75, "median": 689.0625, "dmean2": 940.285217285, "dmean": 554.744567871, "var": 11813771, "dvar": 1846272.25, "mean": 2644.00854492}, "barkbands": {"min": [1.45262209379e-12, 2.0463470328e-12, 1.18864401828e-12, 1.01764516952e-12, 1.95223611582e-12, 1.79078063142e-12, 2.19501066628e-12, 2.24763263557e-12, 1.93012901668e-12, 4.53858359315e-13, 9.68603452653e-14, 8.9534858748e-14, 1.7790124571e-14, 3.87632397155e-14, 1.01679854315e-13, 1.32283073384e-13, 4.89491666601e-14, 8.64021311095e-14, 1.15747377503e-13, 3.93044185523e-13, 1.04461632486e-13, 1.52202469378e-13, 2.01570937676e-13, 2.92566589444e-13, 4.77618595715e-13, 4.71605176786e-13, 1.24104405138e-12], "max": [5.58179308427e-05, 0.000718895695172, 0.0148383704945, 0.0519176870584, 0.109155125916, 0.0266985800117, 0.0430739410222, 0.0772181674838, 0.065377086401, 0.050140734762, 0.0136822676286, 0.00940798129886, 0.00539207877591, 0.0042688222602, 0.00164596678223, 0.00269044050947, 0.000815414998215, 0.00923252105713, 0.00257412809879, 0.00656070001423, 0.0116535099223, 0.0102166077122, 0.0107621401548, 0.0179054718465, 0.0292055811733, 0.00878556538373, 0.000228867502301], "dvar2": [3.42791905972e-11, 9.27562826547e-09, 1.7808093844e-06, 2.19459452637e-05, 5.61549459235e-05, 7.53092899686e-06, 1.08646472654e-05, 4.59581751784e-05, 3.15277102345e-05, 9.12843461265e-06, 8.22810875434e-07, 9.01607961623e-07, 3.38943834777e-07, 9.73281970573e-08, 2.66352895295e-08, 3.95288459742e-08, 9.24553056336e-09, 2.08077210573e-07, 1.99057623718e-08, 2.92831089155e-07, 9.25785798245e-07, 7.04707872501e-07, 8.68746383276e-07, 3.62248465535e-06, 2.61387413047e-06, 7.74870500209e-07, 2.48664533409e-10], "median": [3.59731188837e-07, 4.68241950102e-07, 4.88736020543e-07, 2.41745010499e-06, 5.80490177526e-06, 0.000191465369426, 7.89487385191e-05, 3.44131876773e-06, 2.0528063942e-06, 1.66970778537e-06, 1.17291017432e-06, 9.08671722755e-07, 1.18525917969e-06, 1.04751734398e-06, 6.06890409927e-07, 6.02500165314e-07, 1.08371887109e-06, 7.57389386763e-07, 9.05893898562e-07, 9.03261877738e-07, 4.49674274705e-07, 3.02990969203e-07, 4.05828131989e-07, 9.62247213465e-07, 7.83194479936e-07, 1.03933366802e-07, 7.49762207874e-08], "dmean2": [2.06750564757e-06, 2.74889243883e-05, 0.000397131545469, 0.00191773567349, 0.00220615719445, 0.00105713203084, 0.000835797283798, 0.00181668822188, 0.00146517669782, 0.000549451215193, 0.000212414044654, 0.000171151623363, 0.000147162107169, 8.15893508843e-05, 5.36243678653e-05, 3.94361595681e-05, 3.16029108944e-05, 5.79586776439e-05, 3.4541459172e-05, 9.7040712717e-05, 0.000120161057566, 0.000209353893297, 0.000158924201969, 0.000390073633753, 0.000379284698283, 0.000158367547556, 3.38302947966e-06], "dmean": [1.35878110541e-06, 1.54623085109e-05, 0.000277212355286, 0.00143641466275, 0.00159832986537, 0.000734997563995, 0.000571933866013, 0.00123759952839, 0.0010942047229, 0.000427448452683, 0.00014489122259, 0.000108898115286, 9.7841853858e-05, 5.40808287042e-05, 3.50831614924e-05, 2.60232427536e-05, 1.98135476239e-05, 3.60664780601e-05, 2.19988869503e-05, 5.56777413294e-05, 7.90258927736e-05, 0.000151000422193, 0.000103901664261, 0.00025493913563, 0.000284624664346, 9.3975024356e-05, 2.3460625016e-06], "var": [3.36792156663e-11, 3.12294479166e-09, 2.44408397521e-06, 4.25917096436e-05, 8.42036679387e-05, 1.19340111269e-05, 1.17588588182e-05, 2.70863729384e-05, 2.71384033113e-05, 6.35048627373e-06, 6.09005951446e-07, 3.25107464505e-07, 2.32584199011e-07, 6.22018632157e-08, 1.86537896241e-08, 2.18434603738e-08, 5.45901857052e-09, 1.6074073983e-07, 1.57743738072e-08, 1.58572973419e-07, 3.3676948874e-07, 1.14936085538e-06, 6.52006121982e-07, 2.35026163864e-06, 7.42282236388e-06, 6.22339143774e-07, 3.72076452981e-10], "dvar": [1.60223761342e-11, 3.26550742002e-09, 9.26586551486e-07, 1.24663756651e-05, 2.99656767311e-05, 3.47055902239e-06, 6.3700431383e-06, 2.0557332391e-05, 1.70579951373e-05, 4.3077961891e-06, 4.17104160988e-07, 3.48856815435e-07, 1.53203245645e-07, 4.90423097688e-08, 1.32199744485e-08, 1.84070962916e-08, 3.72926756143e-09, 1.20751778354e-07, 1.08506235108e-08, 1.3877807703e-07, 3.77205907398e-07, 3.95570282308e-07, 4.18541077352e-07, 1.75848208528e-06, 1.59226385676e-06, 2.78255981812e-07, 1.16787524096e-10], "mean": [1.95254938262e-06, 1.49642064571e-05, 0.000449381332146, 0.00324285798706, 0.00326062343083, 0.00155795388855, 0.00107301527169, 0.00138638401404, 0.00134540838189, 0.000558318686672, 0.000185479642823, 0.000118509007734, 0.000110044733447, 5.63016110391e-05, 3.90467175748e-05, 3.00214087474e-05, 2.35714887822e-05, 3.82174621336e-05, 2.41865891439e-05, 5.44283648196e-05, 7.61726405472e-05, 0.00025361138978, 0.000118741460028, 0.000272509962087, 0.000570579140913, 0.00015180799528, 4.50823426945e-06]}, "melbands_flatness_db": {"min": 0.0201026313007, "max": 0.641741991043, "dvar2": 0.00434506498277, "median": 0.310616016388, "dmean2": 0.0516057685018, "dmean": 0.0368074625731, "var": 0.0353827737272, "dvar": 0.00252669304609, "mean": 0.305727362633}, "melbands_skewness": {"min": -9.99831104279, "max": 15.6189546585, "dvar2": 4.92460918427, "median": 1.03547632694, "dmean2": 1.47805392742, "dmean": 0.984387218952, "var": 7.34644031525, "dvar": 2.08434867859, "mean": 1.50913226604}, "barkbands_skewness": {"min": -18.9623889923, "max": 17.8034706116, "dvar2": 5.59932041168, "median": 1.57053947449, "dmean2": 1.56173169613, "dmean": 1.05110633373, "var": 11.3520212173, "dvar": 2.51825618744, "mean": 1.35011923313}, "silence_rate_60dB": {"min": 0, "max": 1, "dvar2": 0.109762310982, "median": 1, "dmean2": 0.11146838218, "dmean": 0.0556745193899, "var": 0.248215198517, "dvar": 0.0525754354894, "mean": 0.542245984077}, "spectral_energyband_low": {"min": 4.48893353044e-12, "max": 0.0323493666947, "dvar2": 9.39940218814e-06, "median": 4.81327060697e-06, "dmean2": 0.00112543290015, "dmean": 0.000854877871461, "var": 1.87878486031e-05, "dvar": 5.03997489432e-06, "mean": 0.00180321722291}, "spectral_energyband_middle_low": {"min": 1.136513713e-11, "max": 0.130071952939, "dvar2": 0.00026223709574, "median": 0.00164222158492, "dmean2": 0.00634738849476, "dmean": 0.00471279211342, "var": 0.000439694442321, "dvar": 0.000136584800202, "mean": 0.0120619768277}, "melbands_kurtosis": {"min": -1.90690636635, "max": 405.170471191, "dvar2": 3274.68579102, "median": 8.63495159149, "dmean2": 21.8947181702, "dmean": 13.6144599915, "var": 1722.57873535, "dvar": 1257.54333496, "mean": 20.248840332}, "spectral_decrease": {"min": -3.94406107773e-08, "max": 1.93960250638e-10, "dvar2": 1.97987913002e-17, "median": -4.50706888477e-10, "dmean2": 1.83246484653e-09, "dmean": 1.36079203461e-09, "var": 3.43143138536e-17, "dvar": 1.04258712946e-17, "mean": -3.5382305974e-09}, "erbbands_kurtosis": {"min": -1.80382764339, "max": 169.678710938, "dvar2": 325.792724609, "median": 4.02162027359, "dmean2": 8.20351600647, "dmean": 5.40789556503, "var": 797.611877441, "dvar": 146.163833618, "mean": 17.5896110535}, "melbands_crest": {"min": 2.95147800446, "max": 38.0982627869, "dvar2": 31.6881504059, "median": 18.4525947571, "dmean2": 5.10106277466, "dmean": 3.28892970085, "var": 58.7964477539, "dvar": 13.7850294113, "mean": 18.1577415466}, "gfcc": {"cov": [[29767.8496094, 2357.43017578, -1806.61376953, 428.210998535, -955.350463867, 1338.83898926, -1570.75048828, 286.878967285, -1636.22399902, -2174.70996094, -1610.76672363, -1956.34765625, -95.9075698853], [2357.43017578, 5979.13964844, 653.467102051, -1877.88317871, -777.169006348, -1794.43041992, -690.393371582, -285.942108154, -238.51008606, -731.342529297, 27.5995693207, -420.80078125, 136.250137329], [-1806.61376953, 653.467102051, 1833.57055664, -88.1730957031, -195.754547119, -392.83682251, -172.57371521, -196.589172363, 86.1515731812, 122.406707764, 183.208053589, 254.778152466, 6.97008466721], [428.210998535, -1877.88317871, -88.1730957031, 1455.9239502, 546.223510742, 761.540588379, 233.032318115, 109.167869568, -127.054290771, -104.327438354, -343.156585693, -42.0322113037, -14.8631038666], [-955.350463867, -777.169006348, -195.754547119, 546.223510742, 793.548095703, 538.012939453, 350.931335449, 157.753845215, -125.838142395, -125.012664795, -268.911010742, -66.1482162476, -22.6628742218], [1338.83898926, -1794.43041992, -392.83682251, 761.540588379, 538.012939453, 1356.22277832, 378.763183594, 133.258880615, -241.774765015, -182.068084717, -268.223144531, -205.672073364, -160.618713379], [-1570.75048828, -690.393371582, -172.57371521, 233.032318115, 350.931335449, 378.763183594, 440.706604004, 74.3111953735, -13.9747409821, 62.7281417847, -29.7398586273, 55.4760856628, -60.1407546997], [286.878967285, -285.942108154, -196.589172363, 109.167869568, 157.753845215, 133.258880615, 74.3111953735, 203.116333008, -17.7532215118, -60.1841316223, -99.5229034424, -59.3847084045, 16.2440719604], [-1636.22399902, -238.51008606, 86.1515731812, -127.054290771, -125.838142395, -241.774765015, -13.9747409821, -17.7532215118, 300.109985352, 294.414123535, 170.923233032, 207.938537598, 22.7840080261], [-2174.70996094, -731.342529297, 122.406707764, -104.327438354, -125.012664795, -182.068084717, 62.7281417847, -60.1841316223, 294.414123535, 587.233764648, 367.410736084, 321.898468018, -3.83333659172], [-1610.76672363, 27.5995693207, 183.208053589, -343.156585693, -268.911010742, -268.223144531, -29.7398586273, -99.5229034424, 170.923233032, 367.410736084, 456.463470459, 229.808807373, -17.8001384735], [-1956.34765625, -420.80078125, 254.778152466, -42.0322113037, -66.1482162476, -205.672073364, 55.4760856628, -59.3847084045, 207.938537598, 321.898468018, 229.808807373, 345.34777832, 26.8373012543], [-95.9075698853, 136.250137329, 6.97008466721, -14.8631038666, -22.6628742218, -160.618713379, -60.1407546997, 16.2440719604, 22.7840080261, -3.83333659172, -17.8001384735, 26.8373012543, 112.374069214]], "icov": [[0.000153771616169, -0.000186978359125, 0.000154126566486, -0.000127725754282, 0.00043417015695, -0.000431244960055, 0.000668238906655, -0.000438171118731, 0.000698420917615, -0.000456320442026, 0.000582454318646, -0.000241951202042, 0.000216505883145], [-0.000186978359125, 0.00163209007587, -0.000550223165192, 0.0011822800152, -0.000971138710156, 0.00230443570763, -0.00127542787232, 0.00175024801865, -0.000794690102339, 0.0025814822875, -0.00150311540347, 0.00226864381693, -0.000316312740324], [0.000154126566486, -0.000550223165192, 0.000974355731159, -0.000470364611829, 0.000445966928964, -0.00075455463957, 0.00112851220183, -0.000354000629159, 0.000863153545652, -0.000720561132766, 0.000708429899532, -0.00154757034034, 0.00062481733039], [-0.000127725754282, 0.0011822800152, -0.000470364611829, 0.00220085750334, -0.00104723102413, 0.000979529228061, -0.000588790338952, 0.00131907337345, -0.000228833348956, 0.00132588483393, 3.40365877491e-05, 0.000967686937656, -0.000673229398672], [0.00043417015695, -0.000971138710156, 0.000445966928964, -0.00104723102413, 0.00443957280368, -0.00198535760865, 0.000211278689676, -0.00257714930922, 0.00266837445088, -0.00229112547822, 0.00317805982195, -0.00159000023268, 0.000189051628695], [-0.000431244960055, 0.00230443570763, -0.00075455463957, 0.000979529228061, -0.00198535760865, 0.00536593236029, -0.00322901061736, 0.00248687830754, -0.00115933374036, 0.00359703763388, -0.00263653951697, 0.00380698335357, 0.00122683879454], [0.000668238906655, -0.00127542787232, 0.00112851220183, -0.000588790338952, 0.000211278689676, -0.00322901061736, 0.00801483448595, -0.00283503253013, 0.00343785178848, -0.0029517726507, 0.00269520818256, -0.00364417093806, 0.00259490683675], [-0.000438171118731, 0.00175024801865, -0.000354000629159, 0.00131907337345, -0.00257714930922, 0.00248687830754, -0.00283503253013, 0.00930200330913, -0.00343105755746, 0.0033564819023, -0.00207208376378, 0.00362583599053, -0.00251075346023], [0.000698420917615, -0.000794690102339, 0.000863153545652, -0.000228833348956, 0.00266837445088, -0.00115933374036, 0.00343785178848, -0.00343105755746, 0.0120901120827, -0.00591038260609, 0.00468287011608, -0.00402015913278, 0.0017417097697], [-0.000456320442026, 0.0025814822875, -0.000720561132766, 0.00132588483393, -0.00229112547822, 0.00359703763388, -0.0029517726507, 0.0033564819023, -0.00591038260609, 0.0112149221823, -0.00689575681463, 0.00174993777182, -0.000614338438027], [0.000582454318646, -0.00150311540347, 0.000708429899532, 3.40365877491e-05, 0.00317805982195, -0.00263653951697, 0.00269520818256, -0.00207208376378, 0.00468287011608, -0.00689575681463, 0.0100551750511, -0.00406104000285, 0.00227249390446], [-0.000241951202042, 0.00226864381693, -0.00154757034034, 0.000967686937656, -0.00159000023268, 0.00380698335357, -0.00364417093806, 0.00362583599053, -0.00402015913278, 0.00174993777182, -0.00406104000285, 0.0124317258596, -0.00282430625521], [0.000216505883145, -0.000316312740324, 0.00062481733039, -0.000673229398672, 0.000189051628695, 0.00122683879454, 0.00259490683675, -0.00251075346023, 0.0017417097697, -0.000614338438027, 0.00227249390446, -0.00282430625521, 0.013543093577]], "mean": [-235.156707764, 59.2006797791, -81.5147171021, -0.513679206371, -75.3033981323, -8.42525100708, -44.9106330872, -1.8193385601, -21.0761470795, 1.22394359112, -8.1287317276, -5.56509828568, -13.4737691879]}, "melbands_spread": {"min": 0.391641408205, "max": 288.677947998, "dvar2": 1473.59643555, "median": 9.70283222198, "dmean2": 19.7134780884, "dmean": 12.8553342819, "var": 2984.52832031, "dvar": 659.484863281, "mean": 35.7858009338}, "spectral_energy": {"min": 2.03556494577e-11, "max": 0.158459752798, "dvar2": 0.000317565718433, "median": 0.00180250220001, "dmean2": 0.00789952557534, "dmean": 0.0057668206282, "var": 0.000527527357917, "dvar": 0.000163338772836, "mean": 0.0150185795501}, "mfcc": {"cov": [[24896.8457031, 3208.3137207, -1024.70458984, -1571.55102539, -231.885894775, -1025.82165527, 5.82647514343, 147.586273193, 257.478210449, -156.524139404, -1439.88903809, -1663.07275391, -1987.24182129], [3208.3137207, 5350.14794922, 395.587036133, -679.335449219, -539.61126709, -1437.50390625, -554.920288086, -525.371948242, -579.584899902, -474.787902832, -989.274719238, -151.586990356, -494.593292236], [-1024.70458984, 395.587036133, 1475.65100098, 293.955596924, 8.90119075775, -130.73677063, -366.299957275, -256.434326172, -286.510650635, -345.441162109, 9.27528476715, 121.926765442, 274.383880615], [-1571.55102539, -679.335449219, 293.955596924, 826.709228516, 191.43347168, 137.53817749, -63.5418205261, -8.88881492615, 122.240974426, -43.6480827332, 22.3942394257, 114.9168396, 140.679534912], [-231.885894775, -539.61126709, 8.90119075775, 191.43347168, 421.028198242, 295.62387085, 236.147750854, 194.658355713, 206.230697632, 75.2114334106, 99.5366516113, -172.300460815, -70.7939834595], [-1025.82165527, -1437.50390625, -130.73677063, 137.53817749, 295.62387085, 809.450500488, 469.510742188, 349.055877686, 260.760223389, 167.578720093, 383.466125488, -108.041107178, 8.38964176178], [5.82647514343, -554.920288086, -366.299957275, -63.5418205261, 236.147750854, 469.510742188, 681.057617188, 385.888580322, 242.380187988, 187.801803589, 173.707946777, -219.467666626, -173.29637146], [147.586273193, -525.371948242, -256.434326172, -8.88881492615, 194.658355713, 349.055877686, 385.888580322, 471.077209473, 295.985168457, 138.591064453, 26.9523353577, -210.35736084, -230.728134155], [257.478210449, -579.584899902, -286.510650635, 122.240974426, 206.230697632, 260.760223389, 242.380187988, 295.985168457, 441.11340332, 133.042419434, -39.3506126404, -132.731903076, -201.145629883], [-156.524139404, -474.787902832, -345.441162109, -43.6480827332, 75.2114334106, 167.578720093, 187.801803589, 138.591064453, 133.042419434, 302.204071045, 67.2436676025, -50.2671699524, -55.7542190552], [-1439.88903809, -989.274719238, 9.27528476715, 22.3942394257, 99.5366516113, 383.466125488, 173.707946777, 26.9523353577, -39.3506126404, 67.2436676025, 540.12298584, 114.636802673, 296.5184021], [-1663.07275391, -151.586990356, 121.926765442, 114.9168396, -172.300460815, -108.041107178, -219.467666626, -210.35736084, -132.731903076, -50.2671699524, 114.636802673, 428.539215088, 304.520477295], [-1987.24182129, -494.593292236, 274.383880615, 140.679534912, -70.7939834595, 8.38964176178, -173.29637146, -230.728134155, -201.145629883, -55.7542190552, 296.5184021, 304.520477295, 511.686798096]], "icov": [[8.43989837449e-05, 4.98092085763e-05, 8.16111423774e-06, 9.51374531724e-05, 7.08631050657e-05, 0.000111515219032, -3.08154926643e-06, 0.000180968956556, -5.14677121828e-05, 0.000104363192804, -1.1322111277e-05, 0.000266495335381, 0.00027302862145], [4.98092085763e-05, 0.000655789161101, -0.000136817325256, 0.000328832480591, -7.94729021436e-06, 0.0008316009189, -0.000474599859444, 0.000399862707127, 0.000413107161876, 0.000476325658383, 0.000412794819567, 8.24581584311e-05, 0.000741130032111], [8.16111423774e-06, -0.000136817325256, 0.00126812362578, -0.000293610239169, -0.000444974633865, -0.000514249666594, 0.000563204579521, -0.000241790621658, 0.000611287425272, 0.000954071525484, 0.000250919198152, 0.000229092300287, -0.000608744332567], [9.51374531724e-05, 0.000328832480591, -0.000293610239169, 0.00217486149631, -0.000999261857942, -7.02696779626e-05, 1.07772711999e-05, 0.000529295182787, -0.000518951448612, 0.000476362416521, 0.00104964023922, -0.000457113783341, -0.000136257411214], [7.08631050657e-05, -7.94729021436e-06, -0.000444974633865, -0.000999261857942, 0.00516964588314, -0.00016874090943, -0.000528744480107, 0.000345825654222, -0.00160531094298, -0.000320147402817, -0.00104475114495, 0.00232327659614, 3.25795226672e-05], [0.000111515219032, 0.0008316009189, -0.000514249666594, -7.02696779626e-05, -0.00016874090943, 0.0053276931867, -0.00162902008742, -0.000591957767028, -0.000518130953424, 0.000251371995546, -0.00236989697441, 0.000462106894702, 0.00152468995657], [-3.08154926643e-06, -0.000474599859444, 0.000563204579521, 1.07772711999e-05, -0.000528744480107, -0.00162902008742, 0.00433619786054, -0.00198359461501, 0.000151211468619, -0.000627622066531, -0.000937449280173, 0.000522075453773, -2.44008388108e-05], [0.000180968956556, 0.000399862707127, -0.000241790621658, 0.000529295182787, 0.000345825654222, -0.000591957767028, -0.00198359461501, 0.0069959028624, -0.00210571940988, 0.00017266139912, 0.000363542872947, 0.00105009111576, 0.00196923268959], [-5.14677121828e-05, 0.000413107161876, 0.000611287425272, -0.000518951448612, -0.00160531094298, -0.000518130953424, 0.000151211468619, -0.00210571940988, 0.00612847972661, -0.000194272448425, 0.00144179351628, -0.00113350804895, 0.00112943979912], [0.000104363192804, 0.000476325658383, 0.000954071525484, 0.000476362416521, -0.000320147402817, 0.000251371995546, -0.000627622066531, 0.00017266139912, -0.000194272448425, 0.00563965272158, 0.000255723891314, 0.000172753425431, 0.000327171728713], [-1.1322111277e-05, 0.000412794819567, 0.000250919198152, 0.00104964023922, -0.00104475114495, -0.00236989697441, -0.000937449280173, 0.000363542872947, 0.00144179351628, 0.000255723891314, 0.00667403265834, -0.000555186008569, -0.00326985516585], [0.000266495335381, 8.24581584311e-05, 0.000229092300287, -0.000457113783341, 0.00232327659614, 0.000462106894702, 0.000522075453773, 0.00105009111576, -0.00113350804895, 0.000172753425431, -0.000555186008569, 0.00641277246177, -0.00183977477718], [0.00027302862145, 0.000741130032111, -0.000608744332567, -0.000136257411214, 3.25795226672e-05, 0.00152468995657, -2.44008388108e-05, 0.00196923268959, 0.00112943979912, 0.000327171728713, -0.00326985516585, -0.00183977477718, 0.00842354726046]], "mean": [-885.727783203, 96.664932251, 26.8263950348, 2.68442964554, -5.3785738945, -16.6395397186, -12.1530475616, -16.1791648865, -13.3798656464, -8.06033039093, -2.29087090492, -0.171853974462, 1.22234296799]}, "spectral_contrast_valleys": {"min": [-16.5242118835, -15.407078743, -16.4848880768, -18.0376663208, -17.2186031342, -18.7667350769], "max": [-6.86030721664, -5.08817100525, -5.28299474716, -5.68250226974, -5.35279512405, -7.10610628128], "dvar2": [0.5148832798, 0.670771718025, 0.569052159786, 0.476293236017, 0.501103579998, 0.466701686382], "median": [-10.6870002747, -8.83986949921, -9.60599708557, -10.1823883057, -9.99883174896, -12.0741138458], "dmean2": [0.889576375484, 0.855131566525, 0.73730558157, 0.648852229118, 0.591866850853, 0.508283495903], "dmean": [0.5383720994, 0.544228076935, 0.49692133069, 0.45886516571, 0.417614340782, 0.37759962678], "var": [1.55053925514, 2.85587787628, 3.00010347366, 2.76457905769, 2.55366897583, 2.70674228668], "dvar": [0.228893011808, 0.355964303017, 0.292593359947, 0.281865149736, 0.278634190559, 0.29440587759], "mean": [-10.6066846848, -8.9993057251, -9.7491312027, -10.2770233154, -10.1097126007, -12.0363941193]}, "barkbands_flatness_db": {"min": 0.0203321240842, "max": 0.556396126747, "dvar2": 0.00327334017493, "median": 0.250254124403, "dmean2": 0.0466746799648, "dmean": 0.0328440144658, "var": 0.0250758118927, "dvar": 0.00169707986061, "mean": 0.255374133587}, "dynamic_complexity": 12.2136859894, "erbbands_flatness_db": {"min": 0.0297216884792, "max": 0.530419647694, "dvar2": 0