{"lowlevel": {"spectral_complexity": {"min": 0, "max": 39, "dvar2": 68.708190918, "median": 4, "dmean2": 4.51778650284, "dmean": 2.83234715462, "var": 47.420425415, "dvar": 26.5300807953, "mean": 6.22834634781}, "silence_rate_20dB": {"min": 1, "max": 1, "dvar2": 0, "median": 1, "dmean2": 0, "dmean": 0, "var": 0, "dvar": 0, "mean": 1}, "average_loudness": 0.89965569973, "erbbands_spread": {"min": 1.54950010777, "max": 139.930892944, "dvar2": 957.595275879, "median": 22.3719177246, "dmean2": 20.5633106232, "dmean": 12.3936166763, "var": 724.507263184, "dvar": 364.943267822, "mean": 32.6097755432}, "spectral_kurtosis": {"min": -1.35052084923, "max": 73.3530654907, "dvar2": 149.578430176, "median": 6.3027305603, "dmean2": 7.75796937943, "dmean": 4.97405958176, "var": 117.745635986, "dvar": 64.5156707764, "mean": 9.88602924347}, "barkbands_kurtosis": {"min": -1.82603442669, "max": 27833.828125, "dvar2": 9093507, "median": 6.2677359581, "dmean2": 256.241607666, "dmean": 131.100967407, "var": 1521876.75, "dvar": 3032461.75, "mean": 76.9999237061}, "spectral_strongpeak": {"min": 0, "max": 9.71382904053, "dvar2": 1.5102660656, "median": 0.360879600048, "dmean2": 0.665293812752, "dmean": 0.413508415222, "var": 2.44267082214, "dvar": 0.779919326305, "mean": 0.783994317055}, "spectral_spread": {"min": 1273512.625, "max": 18084926, "dvar2": 2578959564800.0, "median": 4303190, "dmean2": 1359901.375, "dmean": 909123.5, "var": 3988423442430.0, "dvar": 1449236889600.0, "mean": 4583155}, "spectral_rms": {"min": 7.60304874348e-06, "max": 0.0131443496794, "dvar2": 5.29778390046e-06, "median": 0.00235601421446, "dmean2": 0.00143791816663, "dmean": 0.000986633473076, "var": 5.77218315811e-06, "dvar": 2.30875070883e-06, "mean": 0.00285369274206}, "erbbands": {"min": [3.11835435696e-07, 3.97486360271e-07, 2.94038954962e-06, 2.64342315859e-06, 2.49294339483e-06, 1.70303223967e-06, 6.4442360781e-06, 1.92965171664e-06, 5.13421400683e-06, 1.53202483943e-06, 1.95726715901e-06, 2.6051666282e-06, 2.18911486627e-06, 3.09351730721e-06, 2.88550063487e-06, 2.98220447803e-06, 2.71215390057e-06, 1.48238291331e-06, 2.26206316256e-06, 4.04964248446e-06, 3.90574905396e-06, 2.1418520646e-06, 2.57318220065e-06, 2.08885489883e-06, 2.27105647355e-06, 2.65918515652e-06, 1.91667390936e-06, 9.44015539517e-07, 9.84822008832e-07, 1.23164750221e-06, 7.61490014156e-07, 6.04422950801e-07, 4.95542678891e-07, 4.5257732495e-07, 2.23696304147e-07, 1.56057211598e-07, 6.71525626217e-08, 1.93760971712e-08, 5.26713073157e-09, 1.58791979565e-09], "max": [1.53946793079, 6.72614622116, 11.8923063278, 25.1620903015, 89.0281677246, 209.813644409, 171.27583313, 145.664886475, 515.692138672, 426.704772949, 563.710021973, 489.09185791, 484.110229492, 1066.72277832, 1780.07397461, 765.407775879, 574.779174805, 1015.05169678, 890.911254883, 1042.76831055, 1385.76098633, 1199.0970459, 1345.63598633, 654.25213623, 561.230407715, 301.742370605, 218.774002075, 226.088302612, 191.499313354, 234.599746704, 189.751998901, 276.135864258, 520.838989258, 94.6161956787, 46.2220535278, 11.3053770065, 1.89573979378, 0.570659637451, 0.0631399974227, 0.00389741919935], "dvar2": [0.0486968159676, 1.08041512966, 2.66098856926, 7.79767990112, 145.648529053, 803.368408203, 340.746582031, 311.246307373, 4227.81982422, 2392.67749023, 2483.36376953, 2168.07397461, 2286.47387695, 12347.2167969, 25086.7988281, 8648.68066406, 5513.38818359, 13504.5136719, 11632.6064453, 25077.0976562, 34117.7890625, 28139.7792969, 32847.2890625, 10204.3632812, 5061.41308594, 2802.9453125, 1495.30761719, 1316.05639648, 711.363220215, 823.325012207, 551.623046875, 964.651855469, 3035.8034668, 133.088104248, 28.3620109558, 1.64221513271, 0.0469786077738, 0.00388971576467, 5.00306741742e-05, 1.91849011344e-07], "median": [0.000680604134686, 0.00479142135009, 0.0343453213573, 0.49342867732, 0.838895559311, 0.624998867512, 0.972116827965, 0.830930233002, 1.29017925262, 1.05667722225, 0.790518343449, 0.790208935738, 0.870028376579, 0.585691928864, 0.511342227459, 0.371726095676, 0.413266003132, 0.426293730736, 0.32039296627, 0.391306340694, 0.425957679749, 0.524692893028, 0.684033274651, 0.515769183636, 0.320646822453, 0.260158956051, 0.179979473352, 0.0999426022172, 0.0417654961348, 0.0410597771406, 0.124026790261, 0.113572485745, 0.103352829814, 0.0618465431035, 0.0356426313519, 0.00759078003466, 0.00111879420001, 0.000138939736644, 2.21979280468e-05, 1.18681618915e-05], "dmean2": [0.0428799316287, 0.183043390512, 0.47227075696, 1.47251403332, 5.93365526199, 11.6805038452, 5.98724842072, 7.52240562439, 23.2096138, 14.3189105988, 15.609623909, 16.8655815125, 17.0584125519, 27.9631977081, 30.7758388519, 15.7548809052, 12.537607193, 18.5434551239, 17.4198207855, 24.0498180389, 28.6704463959, 26.6431751251, 35.4774971008, 22.0716972351, 17.8158740997, 14.5634937286, 11.5381965637, 8.70631122589, 6.67380189896, 7.03793621063, 5.48454093933, 6.843978405, 8.77562618256, 2.12422895432, 0.87586337328, 0.208977848291, 0.0358506068587, 0.00736005511135, 0.000858359155245, 6.58727440168e-05], "dmean": [0.0258827339858, 0.0973841100931, 0.285990685225, 1.12343847752, 4.53552150726, 7.73557376862, 4.14017868042, 4.92917442322, 15.2870178223, 9.16144371033, 10.6409015656, 11.2122812271, 12.6951818466, 16.5498447418, 17.5043563843, 8.94895172119, 7.16581344604, 10.449098587, 9.5149230957, 12.6577987671, 14.8910236359, 13.8974170685, 18.9728679657, 12.0799684525, 10.4658021927, 8.57082843781, 6.37562656403, 4.93673944473, 3.95342445374, 4.17190742493, 3.2256398201, 4.15509700775, 4.97027206421, 1.28114306927, 0.491083443165, 0.120594605803, 0.0197329912335, 0.00401497539133, 0.000457782472949, 3.61320380762e-05], "var": [0.0180588290095, 0.206140235066, 0.950079381466, 21.8468952179, 335.891967773, 764.658203125, 274.765991211, 281.284088135, 3223.14648438, 1546.22180176, 4072.90698242, 1664.09033203, 3176.81860352, 12871.2919922, 62339.2773438, 1733.81311035, 1049.63964844, 2593.67626953, 2068.30737305, 4333.18359375, 5856.52001953, 4849.81494141, 43394.9765625, 10712.8193359, 1755.57556152, 842.875183105, 345.013641357, 279.692779541, 196.648269653, 240.582214355, 149.691436768, 325.620269775, 704.027954102, 36.6071815491, 6.25852680206, 0.325097113848, 0.00890986900777, 0.000680498313159, 8.72642249305e-06, 3.36852288285e-08], "dvar": [0.0195704009384, 0.369861036539, 0.968060255051, 4.23245000839, 85.6895446777, 393.207519531, 140.081420898, 139.926849365, 2040.17260742, 1129.83508301, 1136.97741699, 1100.97692871, 1389.25317383, 5179.21777344, 12041.1269531, 2940.2253418, 1862.93237305, 4592.91162109, 3906.77197266, 8406.6953125, 11433.4726562, 9419.27246094, 13276.7783203, 3991.83251953, 2001.37438965, 1055.02990723, 530.620239258, 460.134246826, 269.258453369, 312.678527832, 210.113952637, 398.936096191, 1104.81408691, 50.9619560242, 10.1711454391, 0.568652331829, 0.0161112416536, 0.00130974396598, 1.6845195205e-05, 6.45368771757e-08], "mean": [0.0234307963401, 0.0735620558262, 0.363716363907, 2.65711855888, 9.75736713409, 11.8455686569, 6.09351873398, 8.01025390625, 20.656463623, 11.1180915833, 17.620847702, 13.6110343933, 17.0973987579, 29.2265605927, 49.2406539917, 8.75250339508, 6.35716819763, 8.53167629242, 6.86116838455, 8.14753627777, 9.32830142975, 9.72376346588, 40.7273788452, 22.4634895325, 9.13701438904, 7.36397409439, 5.77662181854, 4.41793203354, 3.44477200508, 4.1036658287, 2.83173537254, 3.37376761436, 3.69616389275, 1.00242030621, 0.404211878777, 0.097202450037, 0.0166082363576, 0.00315859098919, 0.000348515401129, 3.72731556126e-05]}, "zerocrossingrate": {"min": 0, "max": 0.49609375, "dvar2": 0.0013132187305, "median": 0.04638671875, "dmean2": 0.0275840312243, "dmean": 0.0233479328454, "var": 0.00531895272434, "dvar": 0.00130722264294, "mean": 0.0711967870593}, "spectral_contrast_coeffs": {"min": [-0.970082461834, -0.959946215153, -0.960494279861, -0.939149737358, -0.949101984501, -0.913560330868], "max": [-0.225412622094, -0.30285474658, -0.351227402687, -0.571922361851, -0.433271616697, -0.590505003929], "dvar2": [0.0102498754859, 0.00913117080927, 0.00397395575419, 0.00243191584013, 0.00211557466537, 0.00131843786221], "median": [-0.612224459648, -0.759685397148, -0.809873282909, -0.82082927227, -0.810032188892, -0.820735692978], "dmean2": [0.106593027711, 0.107005096972, 0.0724577754736, 0.0566409192979, 0.0506811290979, 0.0363867506385], "dmean": [0.0767759680748, 0.0730605497956, 0.0510705187917, 0.0371133312583, 0.0335303507745, 0.0242286287248], "var": [0.0409617871046, 0.0243370682001, 0.01479386352, 0.00423100823537, 0.00616463273764, 0.003896439448], "dvar": [0.00667810114101, 0.00502729322761, 0.00281741726212, 0.00117738102563, 0.00106428842992, 0.000623338215519], "mean": [-0.597609043121, -0.72008728981, -0.781798243523, -0.815842747688, -0.803323149681, -0.805165112019]}, "dissonance": {"min": 0.137999355793, "max": 0.500000059605, "dvar2": 0.00488038687035, "median": 0.459685623646, "dmean2": 0.0610556006432, "dmean": 0.0401543788612, "var": 0.00759851932526, "dvar": 0.00253272359259, "mean": 0.418025016785}, "spectral_energyband_high": {"min": 2.65965499624e-10, "max": 0.0353226289153, "dvar2": 2.54996266449e-05, "median": 4.11446599173e-05, "dmean2": 0.00125302537344, "dmean": 0.000764819211327, "var": 7.22811864762e-06, "dvar": 9.77348099696e-06, "mean": 0.000689426320605}, "spectral_skewness": {"min": -0.54726344347, "max": 7.30294275284, "dvar2": 1.19293057919, "median": 1.85613417625, "dmean2": 0.881233990192, "dmean": 0.5989331007, "var": 1.7420476675, "dvar": 0.572380959988, "mean": 2.21635890007}, "spectral_flux": {"min": 0.000361760758096, "max": 0.40937307477, "dvar2": 0.00466114887968, "median": 0.0462166517973, "dmean2": 0.0469879843295, "dmean": 0.0286024846137, "var": 0.00308055011556, "dvar": 0.00192968570627, "mean": 0.0580961219966}, "silence_rate_30dB": {"min": 1, "max": 1, "dvar2": 0, "median": 1, "dmean2": 0, "dmean": 0, "var": 0, "dvar": 0, "mean": 1}, "spectral_energyband_middle_high": {"min": 6.05172412182e-10, "max": 0.143505752087, "dvar2": 0.000478985952213, "median": 0.00026214911486, "dmean2": 0.00463469838724, "dmean": 0.00261043920182, "var": 0.000245210918365, "dvar": 0.000171556937858, "mean": 0.00412132591009}, "barkbands_spread": {"min": 0.0167639218271, "max": 109.109100342, "dvar2": 574.092163086, "median": 8.87144851685, "dmean2": 17.0804805756, "dmean": 9.94694709778, "var": 421.934051514, "dvar": 237.077819824, "mean": 18.6371154785}, "spectral_centroid": {"min": 151.459854126, "max": 8035.39501953, "dvar2": 1273733.125, "median": 1104.52539062, "dmean2": 770.882751465, "dmean": 514.29083252, "var": 1969524.875, "dvar": 719864.625, "mean": 1507.50878906}, "pitch_salience": {"min": 0.00150647282135, "max": 0.936713457108, "dvar2": 0.0285723824054, "median": 0.574185609818, "dmean2": 0.169566303492, "dmean": 0.107384882867, "var": 0.0317183360457, "dvar": 0.0119027551264, "mean": 0.555368423462}, "erbbands_skewness": {"min": -5.74233913422, "max": 6.01643562317, "dvar2": 2.68270516396, "median": 0.379913955927, "dmean2": 1.25582277775, "dmean": 0.788198232651, "var": 2.0670311451, "dvar": 1.13712024689, "mean": 0.551989555359}, "erbbands_crest": {"min": 2.33871722221, "max": 30.8905525208, "dvar2": 24.9435310364, "median": 9.41014671326, "dmean2": 5.01532030106, "dmean": 3.16824579239, "var": 26.2678031921, "dvar": 10.0872983932, "mean": 10.3542118073}, "melbands": {"min": [3.33384031492e-09, 2.43235681596e-10, 1.44254233558e-10, 7.31394528275e-11, 1.61523155962e-10, 4.93533061641e-11, 6.58361837269e-11, 1.02296322455e-11, 2.31799544836e-11, 1.39337473851e-11, 8.88190302556e-12, 1.17823320545e-11, 1.00255593757e-11, 5.98283618827e-12, 6.86943644329e-12, 4.64518354337e-12, 2.28823188696e-12, 3.20466700052e-12, 5.14636640594e-12, 5.15220635253e-12, 4.07552594103e-12, 2.05844239223e-12, 2.30969236792e-12, 2.19476064926e-12, 1.45392508796e-12, 1.14622504196e-12, 2.0685783815e-12, 1.5142289549e-12, 1.49820661519e-12, 6.74173173884e-13, 4.53269014119e-13, 4.23153808e-13, 8.44304281437e-13, 5.76651790554e-13, 3.87532399834e-13, 4.56281659591e-13, 3.16165089985e-13, 3.39355252883e-13, 4.13012316404e-13, 3.71781950928e-13], "max": [0.012149265036, 0.00675779441372, 0.00564035400748, 0.00909341592342, 0.00864646676928, 0.00350463297218, 0.00725008035079, 0.00393205136061, 0.00441642897204, 0.00410733511671, 0.00238951505162, 0.00475576240569, 0.00867750775069, 0.00176928401925, 0.00181657634676, 0.00115893094335, 0.00196003052406, 0.00139117531944, 0.00108740420546, 0.00172835087869, 0.00168336473871, 0.00150809984189, 0.000918126141187, 0.00249477103353, 0.000412419234635, 0.000356679927791, 0.000468619953608, 0.000199391302885, 0.000120124270325, 0.000149672719999, 0.000160712967045, 8.83826505742e-05, 0.00017451014719, 9.37736258493e-05, 9.31471367949e-05, 0.000154699213454, 0.000163443561178, 0.000562445493415, 9.9579214293e-05, 7.87883254816e-05], "dvar2": [2.84600378109e-06, 9.38347227475e-07, 3.08943612026e-07, 1.82865653642e-06, 8.04749731742e-07, 1.80671534622e-07, 8.91479487564e-07, 2.07819056186e-07, 1.6979133477e-07, 1.04036260495e-07, 6.2709638371e-08, 2.07468119129e-07, 5.2213329127e-07, 6.3730517752e-08, 5.50613385997e-08, 2.00464267408e-08, 5.06211286222e-08, 2.94712396709e-08, 2.42665105787e-08, 6.03310681413e-08, 4.86690758805e-08, 3.83579248364e-08, 1.27385861859e-08, 5.96398379571e-08, 4.05427513783e-09, 3.03330915941e-09, 2.9453324224e-09, 1.07291886486e-09, 5.93056603826e-10, 4.64641353171e-10, 5.81521775178e-10, 1.57109547594e-10, 4.75491590546e-10, 1.47179546328e-10, 1.35219502262e-10, 2.92990159911e-10, 4.10252803951e-10, 3.36772720821e-09, 1.38803704641e-10, 9.24409854219e-11], "median": [6.58819180899e-06, 5.7915481193e-06, 0.000120515629533, 5.94716984779e-05, 1.77395049832e-05, 1.45029698615e-05, 1.88569811144e-05, 8.13749647932e-06, 5.13078248332e-06, 4.72770079796e-06, 2.93338257507e-06, 2.2086919671e-06, 1.69825966623e-06, 1.08594690573e-06, 6.19667446244e-07, 6.85498207531e-07, 6.9016289217e-07, 4.65191305921e-07, 4.68273412935e-07, 4.31015564573e-07, 3.74880301024e-07, 3.99279940666e-07, 4.34694555906e-07, 5.58234489745e-07, 3.58453803528e-07, 1.66141248314e-07, 1.54875152703e-07, 1.16317885102e-07, 8.86018938218e-08, 8.88236471042e-08, 4.66457841242e-08, 2.61359467402e-08, 1.34507729399e-08, 1.97278318126e-08, 6.2497619524e-08, 7.48487138935e-08, 6.61145520553e-08, 7.24527424723e-08, 4.00580049131e-08, 4.2141767409e-08], "dmean2": [0.000322236126522, 0.000239542016061, 0.000347136694472, 0.000670268782414, 0.000288386509055, 0.000177148904186, 0.000346801913111, 0.00014815274335, 0.000130819098558, 0.000104982646008, 8.78821447259e-05, 0.000113169982797, 0.00012468775094, 5.08055672981e-05, 3.72448776034e-05, 2.47032621701e-05, 3.65708656318e-05, 2.91967226076e-05, 2.41160141741e-05, 3.76037351089e-05, 3.43476749549e-05, 2.9499111406e-05, 2.05710184673e-05, 4.37715170847e-05, 1.44463065226e-05, 1.24057269204e-05, 1.39023477459e-05, 8.77146976563e-06, 7.27161068426e-06, 6.28908492217e-06, 4.92205526825e-06, 3.38052723237e-06, 4.92334993396e-06, 3.33857883561e-06, 2.87849593406e-06, 3.57733983947e-06, 4.5342071644e-06, 7.93748858996e-06, 2.73604405265e-06, 1.52312543378e-06], "dmean": [0.00019289458578, 0.000138089075335, 0.000258057756582, 0.00046548107639, 0.000193735584617, 0.000116387600428, 0.000224964969675, 9.43151680985e-05, 8.81237574504e-05, 7.12735563866e-05, 6.5133717726e-05, 6.8113215093e-05, 6.96353963576e-05, 2.9809480111e-05, 2.06868990063e-05, 1.41512500704e-05, 2.04298121389e-05, 1.58865695994e-05, 1.28638030219e-05, 1.9583680114e-05, 1.78093723662e-05, 1.53956498252e-05, 1.08875856313e-05, 2.34541312238e-05, 7.95331015979e-06, 6.98593930792e-06, 8.32305977383e-06, 5.09998335474e-06, 4.04501315643e-06, 3.51283870259e-06, 2.76921377917e-06, 1.99037367565e-06, 2.95775362247e-06, 1.99417377189e-06, 1.6851778355e-06, 2.15813952309e-06, 2.70333748631e-06, 4.46604690296e-06, 1.63994275226e-06, 8.87282055828e-07], "var": [9.55112454903e-07, 2.39370734789e-07, 1.08113090391e-06, 2.60775459537e-06, 6.27630583949e-07, 1.6043033213e-07, 6.78008007071e-07, 1.36663331318e-07, 2.41631994413e-07, 7.96328833985e-08, 8.13966707369e-08, 1.73585007701e-07, 1.46973650317e-06, 1.67838862808e-08, 1.00404644598e-08, 3.79915121584e-09, 9.786421451e-09, 5.26433385772e-09, 4.24402157861e-09, 1.03918305072e-08, 8.34013214046e-09, 6.57307852592e-09, 2.22851515019e-09, 1.40740809229e-07, 2.02668570815e-09, 7.68294372566e-10, 1.16699960806e-09, 2.79199080522e-10, 1.33740740704e-10, 1.0963114444e-10, 1.14841525178e-10, 4.67200653165e-11, 1.27564486752e-10, 4.91502220867e-11, 3.70620513446e-11, 8.70745281434e-11, 1.36851835419e-10, 7.1259492751e-10, 5.32605903825e-11, 2.22955438833e-11], "dvar": [1.11203962661e-06, 3.28341798195e-07, 1.97109230271e-07, 1.00238548839e-06, 3.33727427915e-07, 8.05405235837e-08, 4.37192312575e-07, 9.70623972307e-08, 7.57960805231e-08, 5.47536984641e-08, 3.72945869742e-08, 8.58987050378e-08, 2.59967521288e-07, 2.28162519988e-08, 1.85664479346e-08, 6.77784361969e-09, 1.72330008041e-08, 9.89736204104e-09, 8.15423550904e-09, 2.02227603552e-08, 1.63070374981e-08, 1.28364057161e-08, 4.24581525493e-09, 2.79109322321e-08, 1.45470713253e-09, 1.09341447008e-09, 1.2146669226e-09, 3.89820203894e-10, 2.08751210762e-10, 1.65038704925e-10, 2.00788177751e-10, 6.06911743084e-11, 1.78888043267e-10, 5.67794179729e-11, 5.14094947168e-11, 1.15874053408e-10, 1.6887681531e-10, 1.19354037764e-09, 5.99953073332e-11, 3.40556957634e-11], "mean": [0.000173750537215, 0.000148888895637, 0.000643025327008, 0.000861929322127, 0.000271851604339, 0.000188080011867, 0.000303632492432, 0.000113060945296, 0.000139531926834, 8.11353384051e-05, 8.43136222102e-05, 0.000108253945655, 0.000223446055315, 2.69566244242e-05, 1.63070599228e-05, 1.23899053506e-05, 1.64817465702e-05, 1.12255238491e-05, 8.79071558302e-06, 1.20677759696e-05, 1.09663951662e-05, 9.87286875898e-06, 7.59167369324e-06, 6.71840025461e-05, 1.11018789539e-05, 5.63626599615e-06, 7.2119255492e-06, 4.17445426137e-06, 3.45981948158e-06, 3.3460216855e-06, 2.27413124776e-06, 1.6997290686e-06, 2.56112275565e-06, 2.06860363505e-06, 1.51075857957e-06, 1.70111411535e-06, 2.16600619751e-06, 3.15808460982e-06, 1.332040938e-06, 6.73746853863e-07]}, "spectral_entropy": {"min": 3.72592711449, "max": 8.94165039062, "dvar2": 0.552117228508, "median": 7.52373313904, "dmean2": 0.582439780235, "dmean": 0.426399469376, "var": 1.34511232376, "dvar": 0.326226443052, "mean": 7.04383182526}, "spectral_rolloff": {"min": 21.533203125, "max": 13242.9199219, "dvar2": 6532423.5, "median": 710.595703125, "dmean2": 1580.69030762, "dmean": 962.495727539, "var": 6383335.5, "dvar": 3308845, "mean": 1928.02697754}, "barkbands": {"min": [5.67476243774e-09, 1.63339775039e-09, 1.0125043165e-10, 3.78686276781e-10, 4.07140876568e-10, 1.96386309992e-10, 1.50407339361e-10, 4.84584386506e-11, 9.9107930196e-11, 6.93467991364e-11, 7.12364958688e-11, 6.5301646035e-11, 5.10872628923e-11, 2.67282931898e-11, 6.63960969538e-11, 6.38795544239e-11, 3.15429661557e-11, 4.77319919701e-11, 2.99820272776e-11, 4.63879733237e-11, 3.2826560914e-11, 3.21384377444e-11, 2.61269686441e-11, 2.76747253586e-11, 3.89544750623e-11, 3.60326907201e-11, 7.15044967681e-11], "max": [0.0126254847273, 0.0381240434945, 0.012906908989, 0.0159214623272, 0.0472230799496, 0.0183538738638, 0.030321823433, 0.0203095525503, 0.0288059040904, 0.0292768627405, 0.0589973181486, 0.0180309358984, 0.0103282155469, 0.0197289418429, 0.0159903280437, 0.0246080420911, 0.0230676326901, 0.0321221426129, 0.00786009244621, 0.00641129165888, 0.00510348239914, 0.00722734816372, 0.00521767139435, 0.0217139720917, 0.00622227508575, 0.00164246943314, 0.000384342856705], "dvar2": [1.16070987133e-06, 3.04442110064e-05, 2.25331768888e-06, 1.66874895058e-06, 4.00172284571e-05, 3.93470600102e-06, 2.09102545341e-05, 4.03951253247e-06, 5.093845175e-06, 7.07294339009e-06, 2.44533293881e-05, 5.71471264266e-06, 2.08781239053e-06, 5.54150710741e-06, 4.24200106863e-06, 1.23387462736e-05, 9.40606332733e-06, 1.29174231915e-05, 1.68684505297e-06, 1.40610040944e-06, 8.78012258454e-07, 8.3009035734e-07, 4.43670643335e-07, 5.46145747649e-06, 6.82398479057e-07, 3.4025429585e-08, 1.80563919372e-09], "median": [1.96551591216e-05, 1.03662841866e-05, 9.02318606677e-06, 0.000116409151815, 0.000185809127288, 5.66508788324e-05, 7.46640798752e-05, 1.42775170389e-05, 3.05621178995e-05, 1.5278274077e-05, 9.94324364001e-06, 8.50831020216e-06, 6.49807907394e-06, 6.97050745657e-06, 6.04165143159e-06, 6.08103619015e-06, 6.90210163157e-06, 1.30714061015e-05, 5.4274487411e-06, 4.36084155808e-06, 3.42143221133e-06, 1.17334320748e-06, 3.69445115211e-06, 5.98741644353e-06, 4.63585683974e-06, 9.29570319386e-07, 6.75613875956e-08], "dmean2": [0.000264600850642, 0.00102831749246, 0.000489626254421, 0.000712642911822, 0.00302400509827, 0.000788197794463, 0.00158144661691, 0.000667984364554, 0.000699573021848, 0.000711660773959, 0.000897040881682, 0.000453122076578, 0.000253710750258, 0.000403627724154, 0.000315821089316, 0.000557044753805, 0.00047379595344, 0.000702190911397, 0.000301829073578, 0.000330684910296, 0.000255620514508, 0.000216857384657, 0.0001783639309, 0.000446677469881, 0.000139828349347, 2.81950524368e-05, 5.06034257342e-06], "dmean": [0.000183953117812, 0.000576674879994, 0.000302369269775, 0.000548521697056, 0.00206381664611, 0.000509712379426, 0.00101916235872, 0.000438459333964, 0.000483847048599, 0.000477841647808, 0.000501662725583, 0.000262685905909, 0.000145539816003, 0.000223021197598, 0.000169141523656, 0.000290515774395, 0.000246566225542, 0.000376144103939, 0.00017271170509, 0.000192125371541, 0.000142460950883, 0.000128605315695, 0.000106494531792, 0.000262183137238, 8.29665805213e-05, 1.58459170052e-05, 2.70333794106e-06], "var": [8.69410939686e-07, 7.71114264353e-06, 1.04620175989e-06, 6.83107600707e-06, 4.63607466372e-05, 3.26136864714e-06, 1.42817925735e-05, 5.81978747505e-06, 3.68570022147e-06, 4.66323308501e-06, 6.81094243191e-05, 1.35176753702e-06, 3.99569557885e-07, 1.0347486068e-06, 7.46964360587e-07, 2.13166754293e-06, 1.61293769452e-06, 2.37520071096e-05, 4.16295222294e-07, 4.43664987415e-07, 1.92675670974e-07, 2.21801698785e-07, 1.33246174983e-07, 1.54848021339e-06, 1.6912861156e-07, 6.44869579958e-09, 3.14128167922e-10], "dvar": [5.97919267875e-07, 1.10827877506e-05, 8.51658342071e-07, 1.15952957458e-06, 1.95438169612e-05, 1.68546227997e-06, 1.0025471056e-05, 1.81312873337e-06, 2.61193804363e-06, 3.08909829982e-06, 1.21734619825e-05, 2.00646741177e-06, 7.0568682986e-07, 1.87380510397e-06, 1.42788530866e-06, 4.138211807e-06, 3.14811154567e-06, 5.63098274142e-06, 6.02505622282e-07, 5.37597941275e-07, 3.08774360747e-07, 3.11648904017e-07, 1.72646522856e-07, 2.11822452911e-06, 2.52949632795e-07, 1.16665423988e-08, 6.07329575519e-10], "mean": [0.000204642637982, 0.000471257488243, 0.000391494861105, 0.00130993546918, 0.00362128135748, 0.00084815104492, 0.00128155702259, 0.000674192444421, 0.000531658530235, 0.000573989760596, 0.00152589031495, 0.000223186667426, 0.000124673446408, 0.000172488435055, 0.000115955626825, 0.000180123839527, 0.000158261536853, 0.000922128092498, 0.000140044416185, 0.000165929857758, 0.000130646614707, 0.000112094887299, 9.95042282739e-05, 0.000202538532903, 6.68849243084e-05, 1.31196638904e-05, 2.00930389838e-06]}, "melbands_flatness_db": {"min": 0.0235550757498, "max": 0.749051809311, "dvar2": 0.0120750973001, "median": 0.262410908937, "dmean2": 0.0948508530855, "dmean": 0.0636207088828, "var": 0.0176359675825, "dvar": 0.00519014988095, "mean": 0.26932477951}, "melbands_skewness": {"min": -6.0949640274, "max": 279.303344727, "dvar2": 895.322509766, "median": 2.64789915085, "dmean2": 4.69390296936, "dmean": 2.68570137024, "var": 159.147750854, "dvar": 300.193908691, "mean": 3.42604875565}, "barkbands_skewness": {"min": -11.6415596008, "max": 144.549362183, "dvar2": 233.547561646, "median": 1.76828360558, "dmean2": 3.57290863991, "dmean": 2.18593096733, "var": 50.3923721313, "dvar": 79.7203521729, "mean": 2.39091086388}, "silence_rate_60dB": {"min": 0, "max": 1, "dvar2": 0.243966385722, "median": 0, "dmean2": 0.268774718046, "dmean": 0.134122282267, "var": 0.222003057599, "dvar": 0.116133920848, "mean": 0.332677155733}, "spectral_energyband_low": {"min": 2.49240024175e-08, "max": 0.0442871637642, "dvar2": 4.36047885159e-05, "median": 0.000152631517267, "dmean2": 0.00176167848986, "dmean": 0.0011199193541, "var": 1.66520549101e-05, "dvar": 1.68565602507e-05, "mean": 0.00157482596114}, "spectral_energyband_middle_low": {"min": 1.85304005473e-09, "max": 0.0674672499299, "dvar2": 9.95720765786e-05, "median": 0.00194880901836, "dmean2": 0.00558899762109, "dmean": 0.00402723439038, "var": 0.000187073354027, "dvar": 5.86957030464e-05, "mean": 0.00850355438888}, "melbands_kurtosis": {"min": -1.76581645012, "max": 99720.09375, "dvar2": 117176392, "median": 11.5557193756, "dmean2": 832.296447754, "dmean": 418.132446289, "var": 19529694, "dvar": 39040832, "mean": 223.219741821}, "spectral_decrease": {"min": -3.45791164591e-08, "max": -1.54616547159e-14, "dvar2": 3.33437034316e-17, "median": -1.243197989e-09, "dmean2": 2.65321986603e-09, "dmean": 1.73415670712e-09, "var": 2.50706035956e-17, "dvar": 1.34380776193e-17, "mean": -3.42132566722e-09}, "erbbands_kurtosis": {"min": -1.86372518539, "max": 68.4353408813, "dvar2": 125.805374146, "median": 1.26250052452, "dmean2": 6.28696298599, "dmean": 3.77027988434, "var": 65.8224639893, "dvar": 47.4295463562, "mean": 4.07740831375}, "melbands_crest": {"min": 2.76686143875, "max": 39.9962501526, "dvar2": 65.9477615356, "median": 17.9075050354, "dmean2": 8.0993013382, "dmean": 4.96823883057, "var": 65.7279663086, "dvar": 25.8014888763, "mean": 18.2433605194}, "gfcc": {"cov": [[30335.8183594, -609.241943359, -2722.10766602, -258.240631104, -2821.10229492, -98.6301727295, -1536.27868652, 238.402145386, -1288.1895752, -163.348007202, -427.943908691, -82.4284667969, -308.632751465], [-609.241943359, 4862.03173828, 1211.69189453, -1666.16760254, -336.808929443, -861.479431152, -838.468139648, -410.858154297, -256.310058594, -689.963745117, 16.8506717682, -681.573608398, -179.216644287], [-2722.10766602, 1211.69189453, 1863.76660156, 170.4402771, -74.7600479126, -199.672058105, -429.07925415, -252.438323975, 165.940216064, -124.939796448, -83.4201583862, -276.780029297, -87.5051116943], [-258.240631104, -1666.16760254, 170.4402771, 1829.01147461, 176.96635437, 217.044815063, 341.919372559, 59.2336807251, 275.406494141, 354.082611084, -56.9932250977, 233.273544312, 89.5699310303], [-2821.10229492, -336.808929443, -74.7600479126, 176.96635437, 793.552978516, 150.205047607, 269.384521484, 125.027420044, 180.579666138, 100.44694519, 53.441734314, 104.51247406, 33.855178833], [-98.6301727295, -861.479431152, -199.672058105, 217.044815063, 150.205047607, 537.398010254, 294.621551514, 0.663371741772, 87.7804031372, 194.259246826, 5.79822063446, 68.7884292603, -17.6104679108], [-1536.27868652, -838.468139648, -429.07925415, 341.919372559, 269.384521484, 294.621551514, 715.685302734, 48.803352356, 62.3801803589, 169.06439209, 90.3675079346, 263.471008301, 71.9028549194], [238.402145386, -410.858154297, -252.438323975, 59.2336807251, 125.027420044, 0.663371741772, 48.803352356, 298.528778076, 9.21654987335, 9.01410865784, -7.60352706909, 81.0992279053, 43.5148506165], [-1288.1895752, -256.310058594, 165.940216064, 275.406494141, 180.579666138, 87.7804031372, 62.3801803589, 9.21654987335, 236.415267944, 117.285903931, -3.83743548393, 20.6690711975, 19.8964710236], [-163.348007202, -689.963745117, -124.939796448, 354.082611084, 100.44694519, 194.259246826, 169.06439209, 9.01410865784, 117.285903931, 283.523376465, -3.90847945213, 79.4529876709, 32.7293510437], [-427.943908691, 16.8506717682, -83.4201583862, -56.9932250977, 53.441734314, 5.79822063446, 90.3675079346, -7.60352706909, -3.83743548393, -3.90847945213, 137.757095337, 42.0285491943, 16.070608139], [-82.4284667969, -681.573608398, -276.780029297, 233.273544312, 104.51247406, 68.7884292603, 263.471008301, 81.0992279053, 20.6690711975, 79.4529876709, 42.0285491943, 282.911010742, 75.3109588623], [-308.632751465, -179.216644287, -87.5051116943, 89.5699310303, 33.855178833, -17.6104679108, 71.9028549194, 43.5148506165, 19.8964710236, 32.7293510437, 16.070608139, 75.3109588623, 115.520179749]], "icov": [[0.00014284295321, -0.00013693535584, 0.000302200263832, -0.000220384681597, 0.000384655373637, -0.000347424676875, 0.000546353345271, -0.000196086330106, 0.00046908663353, -0.000175425768248, 0.000143644749187, -0.000423948571552, 0.000362396938726], [-0.00013693535584, 0.000942740996834, -0.00056266511092, 0.000661480939016, -0.000515665858984, 0.00119639234617, -0.000832129386254, 0.000767391116824, -0.000448548234999, 0.000767262536101, -0.000289069022983, 0.00155500904657, -0.000393674650695], [0.000302200263832, -0.00056266511092, 0.00166343979072, -0.000844661670271, 0.000802891503554, -0.000887970614713, 0.00158575549722, 7.50335602788e-05, 0.000124321668409, 6.23902160442e-05, 0.000518978398759, -0.000871299591381, 0.000920213700738], [-0.000220384681597, 0.000661480939016, -0.000844661670271, 0.00151320768055, -0.000539042812306, 0.00111205072608, -0.00128947175108, 0.000445918441983, -0.00123056268785, -0.000219733425183, 0.00018742129032, 0.000756136549171, -0.000658375560306], [0.000384655373637, -0.000515665858984, 0.000802891503554, -0.000539042812306, 0.00295773940161, -0.00116704055108, 0.000918416830245, -0.00140931690112, -0.000173314692802, -0.000448672188213, -5.98534506935e-06, -0.00134034070652, 0.00119991682004], [-0.000347424676875, 0.00119639234617, -0.000887970614713, 0.00111205072608, -0.00116704055108, 0.00495050242171, -0.00285347132012, 0.00115286302753, -0.00150008394849, -0.000576517370064, -6.30063659628e-05, 0.00269641680643, 0.000504101102706], [0.000546353345271, -0.000832129386254, 0.00158575549722, -0.00128947175108, 0.000918416830245, -0.00285347132012, 0.00546084810048, -0.000373605289496, 0.00209745950997, -0.000895871547982, -0.000489338242915, -0.00393172074109, 0.000931164307985], [-0.000196086330106, 0.000767391116824, 7.50335602788e-05, 0.000445918441983, -0.00140931690112, 0.00115286302753, -0.000373605289496, 0.00524630350992, -0.000863633758854, 0.00137221300974, 0.00057340611238, 0.000564149871934, -0.00146475003567], [0.00046908663353, -0.000448548234999, 0.000124321668409, -0.00123056268785, -0.000173314692802, -0.00150008394849, 0.00209745950997, -0.000863633758854, 0.00935915019363, -0.00297391298227, 0.000245386036113, -0.00105866114609, 0.000334243261022], [-0.000175425768248, 0.000767262536101, 6.23902160442e-05, -0.000219733425183, -0.000448672188213, -0.000576517370064, -0.000895871547982, 0.00137221300974, -0.00297391298227, 0.00769903371111, 0.000104818223917, 0.00121196953114, -0.00145019532647], [0.000143644749187, -0.000289069022983, 0.000518978398759, 0.00018742129032, -5.98534506935e-06, -6.30063659628e-05, -0.000489338242915, 0.00057340611238, 0.000245386036113, 0.000104818223917, 0.00892342813313, -0.00131419091485, -0.000192739025806], [-0.000423948571552, 0.00155500904657, -0.000871299591381, 0.000756136549171, -0.00134034070652, 0.00269641680643, -0.00393172074109, 0.000564149871934, -0.00105866114609, 0.00121196953114, -0.00131419091485, 0.0098365759477, -0.00331890932284], [0.000362396938726, -0.000393674650695, 0.000920213700738, -0.000658375560306, 0.00119991682004, 0.000504101102706, 0.000931164307985, -0.00146475003567, 0.000334243261022, -0.00145019532647, -0.000192739025806, -0.00331890932284, 0.0124626625329]], "mean": [-169.776916504, 73.8891983032, -96.2163848877, 21.7411060333, -61.390499115, 6.32982635498, -43.1472206116, 9.39876747131, -27.5606708527, -7.63054656982, -10.895242691, -7.75318193436, -7.98790693283]}, "melbands_spread": {"min": 0.00572331110016, "max": 248.228790283, "dvar2": 3679.0612793, "median": 12.1165714264, "dmean2": 30.9960327148, "dmean": 18.0224113464, "var": 1436.15209961, "dvar": 1281.93920898, "mean": 26.7414855957}, "spectral_energy": {"min": 5.92515085884e-08, "max": 0.177093282342, "dvar2": 0.000738649978302, "median": 0.00568958185613, "dmean2": 0.0116152390838, "dmean": 0.00746818771586, "var": 0.000454400083981, "dvar": 0.00028481031768, "mean": 0.0142636345699}, "mfcc": {"cov": [[21826.8515625, 1155.13513184, -1326.79431152, -570.67980957, -1022.10498047, -943.223815918, -423.53314209, -428.544067383, -636.360229492, -273.21307373, -515.608398438, -109.197349548, -418.234466553], [1155.13513184, 5550.265625, 689.148132324, -1182.49829102, -114.732528687, -1330.98095703, -516.08996582, -560.060852051, -723.733825684, -352.601135254, -474.697845459, -370.695922852, -611.385864258], [-1326.79431152, 689.148132324, 1594.57958984, 344.441497803, 102.784126282, 1.93375337124, -317.231201172, -227.438018799, -154.801254272, -22.944311142, -169.730285645, -65.5937271118, -41.5759658813], [-570.67980957, -1182.49829102, 344.441497803, 1276.63476562, 205.0365448, 354.853729248, -14.8375701904, 113.269737244, 237.930648804, 38.3913803101, 34.8340988159, 114.575714111, 234.672866821], [-1022.10498047, -114.732528687, 102.784126282, 205.0365448, 517.354492188, 9.90237140656, -74.7590942383, -19.8951950073, 88.3924636841, 107.550971985, -1.38310420513, 25.7226448059, 56.3834877014], [-943.223815918, -1330.98095703, 1.93375337124, 354.853729248, 9.90237140656, 833.973266602, 239.767791748, 145.449890137, 204.326980591, 165.73324585, 188.887405396, 83.5179748535, 210.410903931], [-423.53314209, -516.08996582, -317.231201172, -14.8375701904, -74.7590942383, 239.767791748, 324.653747559, 162.378860474, 76.2657089233, 43.0482254028, 120.101600647, 46.8982963562, 44.8617630005], [-428.544067383, -560.060852051, -227.438018799, 113.269737244, -19.8951950073, 145.449890137, 162.378860474, 275.468719482, 139.766174316, -27.4058589935, 116.086265564, 24.7377548218, 68.7653045654], [-636.360229492, -723.733825684, -154.801254272, 237.930648804, 88.3924636841, 204.326980591, 76.2657089233, 139.766174316, 257.669250488, 74.3959579468, 85.8721847534, 61.861656189, 118.078186035], [-273.21307373, -352.601135254, -22.944311142, 38.3913803101, 107.550971985, 165.73324585, 43.0482254028, -27.4058589935, 74.3959579468, 280.052459717, 33.9989318848, 28.1097240448, 67.7873077393], [-515.608398438, -474.697845459, -169.730285645, 34.8340988159, -1.38310420513, 188.887405396, 120.101600647, 116.086265564, 85.8721847534, 33.9989318848, 176.21925354, 46.8206291199, 76.0696105957], [-109.197349548, -370.695922852, -65.5937271118, 114.575714111, 25.7226448059, 83.5179748535, 46.8982963562, 24.7377548218, 61.861656189, 28.1097240448, 46.8206291199, 133.339096069, 67.7349777222], [-418.234466553, -611.385864258, -41.5759658813, 234.672866821, 56.3834877014, 210.410903931, 44.8617630005, 68.7653045654, 118.078186035, 67.7873077393, 76.0696105957, 67.7349777222, 170.859970093]], "icov": [[7.08103179932e-05, 1.59118990268e-05, 0.000126021637698, -5.31653276994e-05, 0.000136506379931, -2.12666036532e-05, 0.000185143726412, -1.95342272491e-05, 0.000191455765162, -5.63098474231e-05, 0.000179151567863, -5.94131633989e-05, 0.00010816858412], [1.59118990268e-05, 0.000492024642881, -0.000117047355161, 0.000182539472007, -7.42764459574e-05, 0.000381534686312, -3.09940114676e-05, 0.000303158245515, 0.000362182297977, 0.000183148920769, 0.000131655106088, 0.000437256327132, 0.000406224397011], [0.000126021637698, -0.000117047355161, 0.00129517132882, -0.0005012890324, 0.000185519849765, -0.00065314443782, 0.00127749075182, -5.5021206208e-05, 0.000971674220636, -0.000177385183633, 0.000650951871648, -0.000102244463051, 0.000472742365673], [-5.31653276994e-05, 0.000182539472007, -0.0005012890324, 0.0015414924128, -0.000435726135038, -0.000119519645523, -5.12693877681e-05, -0.000240406006924, -0.0007167046424, 0.00058431783691, 0.000723670353182, -0.000291321979603, -0.00125818070956], [0.000136506379931, -7.42764459574e-05, 0.000185519849765, -0.000435726135038, 0.00276566087268, 0.000243265836616, 0.000932531431317, 1.89216498256e-05, -0.000457365764305, -0.00111206795555, 4.59955845145e-05, -0.000260271161096, 8.72436430654e-05], [-2.12666036532e-05, 0.000381534686312, -0.00065314443782, -0.000119519645523, 0.000243265836616, 0.00311730033718, -0.0019895718433, 0.00101572228596, -0.000679326010868, -0.000471764593385, -0.00146394839976, 0.0010818943847, -0.00160765799228], [0.000185143726412, -3.09940114676e-05, 0.00127749075182, -5.12693877681e-05, 0.000932531431317, -0.0019895718433, 0.00777896400541, -0.00358129385859, 0.0019628838636, -0.00132987345569, -0.000291175645543, -0.0019918656908, 0.00235520931892], [-1.95342272491e-05, 0.000303158245515, -5.5021206208e-05, -0.000240406006924, 1.89216498256e-05, 0.00101572228596, -0.00358129385859, 0.00921885389835, -0.00376258580945, 0.00252415705472, -0.00296941399574, 0.00256214104593, -0.000768143450841], [0.000191455765162, 0.000362182297977, 0.000971674220636, -0.0007167046424, -0.000457365764305, -0.000679326010868, 0.0019628838636, -0.00376258580945, 0.00970030855387, -0.00158751104027, 0.000796626496594, -0.00116018520202, -0.00099670724012], [-5.63098474231e-05, 0.000183148920769, -0.000177385183633, 0.00058431783691, -0.00111206795555, -0.000471764593385, -0.00132987345569, 0.00252415705472, -0.00158751104027, 0.00550390826538, -0.000100403398392, 0.00068585947156, -0.0013606789289], [0.000179151567863, 0.000131655106088, 0.000650951871648, 0.000723670353182, 4.59955845145e-05, -0.00146394839976, -0.000291175645543, -0.00296941399574, 0.000796626496594, -0.000100403398392, 0.0116641847417, -0.00171029835474, -0.00189249089453], [-5.94131633989e-05, 0.000437256327132, -0.000102244463051, -0.000291321979603, -0.000260271161096, 0.0010818943847, -0.0019918656908, 0.00256214104593, -0.00116018520202, 0.00068585947156, -0.00171029835474, 0.0109972730279, -0.00302876881324], [0.00010816858412, 0.000406224397011, 0.000472742365673, -0.00125818070956, 8.72436430654e-05, -0.00160765799228, 0.00235520931892, -0.000768143450841, -0.00099670724012, -0.0013606789289, -0.00189249089453, -0.00302876881324, 0.0143279228359]], "mean": [-808.599975586, 100.600578308, 18.0193901062, 12.4198389053, 4.98305082321, -8.35062789917, 0.80440056324, -0.019585384056, -5.65456390381, -1.27811706066, -6.62930822372, -1.09927606583, -8.11194515228]}, "spectral_contrast_valleys": {"min": [-13.5806760788, -14.1295862198, -14.2500190735, -14.8838443756, -14.9690208435, -17.2216300964], "max": [-5.96491765976, -5.31743621826, -5.02040433884, -4.52110910416, -4.94912004471, -6.88801050186], "dvar2": [0.85089635849, 1.61642074585, 1.39030504227, 1.44836711884, 1.60678577423, 1.5207682848], "median": [-9.62682914734, -8.50733947754, -8.85496044159, -9.17801380157, -8.97012519836, -11.1685285568], "dmean2": [1.02233815193, 1.25979578495, 0.970757305622, 0.889893472195, 0.912878394127, 0.904969751835], "dmean": [0.675469458103, 0.779616177082, 0.655476272106, 0.621546924114, 0.670076608658, 0.66362041235], "var": [2.01819968224, 2.8397295475, 2.7552793026, 2.76400470734, 3.31118559837, 3.45296573639], "dvar": [0.376378536224, 0.698445320129, 0.604204833508, 0.629645049572, 0.724046766758, 0.738741397858], "mean": [-9.57290744781, -8.70423793793, -9.08959770203, -9.46240139008, -9.29837608337, -11.4760942459]}, "barkbands_flatness_db": {"min": 0.00898297224194, "max": 0.744192242622, "dvar2": 0.0104793887585, "median": 0.207524418831, "dmean2": 0.0814218372107, "dmean": 0.0547467060387, "var": 0.0119632445276, "dvar": 0.00405329186469, "mean": 0.208451613784}, "dynamic_complexity": 7.7631893158, "erbbands_flatness_db": {"min": 0.0340485908091, "max": 0.467060089111, "dvar2": 0.00342246075161, "median": 0.205170571804, "dmean2": 0.0518765114248, "dmean": 0.0371985137463, "var": 0.00831343792379, "dvar": 0.00178754306398, "mean": 0.202723279595},