{"lowlevel": {"spectral_complexity": {"min": 0, "max": 68, "dvar2": 117.494125366, "median": 10, "dmean2": 7.69399642944, "dmean": 5.29816055298, "var": 207.27116394, "dvar": 64.8756866455, "mean": 15.0699100494}, "silence_rate_20dB": {"min": 1, "max": 1, "dvar2": 0, "median": 1, "dmean2": 0, "dmean": 0, "var": 0, "dvar": 0, "mean": 1}, "average_loudness": 0.955303668976, "erbbands_spread": {"min": 1.74947690964, "max": 180.176269531, "dvar2": 699.42565918, "median": 40.4949417114, "dmean2": 21.2450942993, "dmean": 13.9503145218, "var": 616.600219727, "dvar": 296.207946777, "mean": 45.2212677002}, "spectral_kurtosis": {"min": -1.15074789524, "max": 66.7369995117, "dvar2": 24.3867816925, "median": 2.96789932251, "dmean2": 2.77986741066, "dmean": 1.80687105656, "var": 28.7738685608, "dvar": 11.866147995, "mean": 4.36174631119}, "barkbands_kurtosis": {"min": -1.95849215984, "max": 979.799560547, "dvar2": 6520.57421875, "median": 0.603292226791, "dmean2": 25.6478023529, "dmean": 15.5228490829, "var": 2796.59741211, "dvar": 2624.70141602, "mean": 16.0404644012}, "spectral_strongpeak": {"min": 0, "max": 15.0186443329, "dvar2": 1.3494874239, "median": 0.225002944469, "dmean2": 0.67741727829, "dmean": 0.402302771807, "var": 0.892786026001, "dvar": 0.574702620506, "mean": 0.584913015366}, "spectral_spread": {"min": 1319305.25, "max": 24429542, "dvar2": 2062741143550.0, "median": 4885838, "dmean2": 1036583.625, "dmean": 724844.9375, "var": 3274383032320.0, "dvar": 1007782592510.0, "mean": 5030682}, "spectral_rms": {"min": 1.97892495635e-05, "max": 0.018476607278, "dvar2": 1.22720930449e-05, "median": 0.00281557161361, "dmean2": 0.00208107405342, "dmean": 0.00144150806591, "var": 9.04235275812e-06, "dvar": 6.11259156358e-06, "mean": 0.00359355797991}, "erbbands": {"min": [1.073176918e-06, 6.79601498632e-07, 1.47822288454e-06, 2.14407509702e-06, 6.96337974659e-06, 2.79652181234e-06, 1.51754761646e-06, 4.80673315906e-06, 8.18787611934e-06, 3.44827712979e-05, 2.80152726191e-05, 4.74399621453e-06, 3.87199588658e-06, 4.91893842991e-06, 6.77433672536e-06, 1.59894061653e-05, 1.07308251245e-05, 1.37538663694e-05, 2.17878678086e-05, 1.80745446414e-05, 1.57717531692e-05, 1.50613368533e-05, 1.48581466419e-05, 1.77640940819e-05, 2.18088898691e-05, 1.41744094435e-05, 2.35863171838e-05, 2.38714455918e-05, 1.82024141395e-05, 2.10625039472e-05, 1.59379724209e-05, 1.19591531984e-05, 8.49419393489e-06, 7.63873686083e-06, 4.83322128275e-06, 2.60023170995e-06, 1.21828213651e-06, 4.54835600294e-07, 8.64011298063e-08, 7.98288279924e-09], "max": [5.7428021431, 65.5370101929, 195.313949585, 177.321624756, 155.456848145, 81.3821792603, 121.31350708, 257.671478271, 362.974517822, 762.356323242, 912.348388672, 545.373046875, 696.295532227, 996.742797852, 1773.83642578, 596.511901855, 794.867797852, 811.928222656, 776.700805664, 2039.10095215, 543.34588623, 357.246917725, 705.432312012, 393.058135986, 319.090332031, 249.690536499, 313.820892334, 350.434112549, 406.60559082, 239.357269287, 204.431686401, 118.326126099, 98.3889465332, 51.7884864807, 43.1853981018, 33.0673217773, 6.88509607315, 0.91013032198, 0.0978035256267, 0.00310685485601], "dvar2": [0.831410765648, 207.554672241, 1260.21704102, 1137.29626465, 475.933898926, 87.4799499512, 310.036102295, 1317.12634277, 571.691589355, 1481.125, 2877.41259766, 1040.13208008, 1863.90625, 1104.87316895, 2732.43798828, 1178.04577637, 1280.2467041, 2416.12988281, 1741.47521973, 3019.39672852, 998.562072754, 1325.42700195, 2112.07543945, 1565.1583252, 1387.92871094, 1063.94445801, 1497.33666992, 1811.8651123, 1942.72058105, 948.339599609, 516.208068848, 120.87587738, 42.5983428955, 8.05088043213, 2.995626688, 1.10448634624, 0.149421349168, 0.00441013881937, 4.48330538347e-05, 6.87651038334e-08], "median": [0.0145198516548, 0.241280451417, 0.985519528389, 1.28173434734, 0.892131447792, 1.01581561565, 0.780752122402, 1.26179659367, 1.74687290192, 2.23428964615, 1.57497060299, 1.16322791576, 1.60115361214, 2.42200875282, 3.30597305298, 2.89480853081, 2.7388458252, 4.14094686508, 3.79656243324, 6.26576089859, 4.72445249557, 5.60361909866, 5.44330406189, 4.2882437706, 3.93456101418, 3.66840839386, 2.34645986557, 1.96262609959, 1.43406867981, 1.3166680336, 0.757607340813, 0.534467577934, 0.265457719564, 0.129426836967, 0.056155718863, 0.0235122423619, 0.00688246591017, 0.00106009736191, 7.38800154068e-05, 1.52275206347e-05], "dmean2": [0.310382634401, 4.78504657745, 11.984164238, 14.2405424118, 8.031208992, 3.78220415115, 5.87331151962, 11.546880722, 9.20770168304, 15.427362442, 16.970407486, 10.5552568436, 11.7439317703, 11.397313118, 14.8773431778, 13.9131746292, 13.5206489563, 20.2378520966, 18.0941886902, 21.6913833618, 17.5424365997, 21.6092300415, 23.3438186646, 19.5407352448, 18.6401863098, 16.8352069855, 16.1708087921, 18.3639163971, 16.2652206421, 12.8545923233, 9.48176574707, 4.95529031754, 2.64924764633, 1.18249666691, 0.63167065382, 0.335037171841, 0.1334836483, 0.0248631890863, 0.00237129000016, 0.000110350993054], "dmean": [0.189153373241, 2.76701641083, 6.71475791931, 8.00668525696, 4.51388311386, 2.19918513298, 3.24793028831, 6.48701667786, 5.58730745316, 9.67329025269, 10.7691345215, 6.45841598511, 7.22795152664, 7.18639421463, 9.35210609436, 8.81065559387, 8.60077857971, 13.1268901825, 11.6677160263, 14.0963764191, 11.2317972183, 13.2963399887, 14.4437646866, 11.6795320511, 11.502825737, 10.4093704224, 10.174372673, 11.2872800827, 9.46791744232, 7.89094781876, 5.98080539703, 3.27845549583, 1.8654294014, 0.845662534237, 0.451760351658, 0.238819211721, 0.0911181643605, 0.016613079235, 0.00155829882715, 7.35054563847e-05], "var": [0.28614833951, 57.7311210632, 298.300964355, 294.179260254, 124.735771179, 25.7115135193, 67.4406738281, 361.010192871, 304.837982178, 1102.16223145, 2350.65234375, 562.927001953, 1252.50268555, 821.146850586, 1918.29724121, 826.311828613, 805.391296387, 2163.56225586, 1627.43371582, 3680.5012207, 929.907531738, 992.588867188, 1357.93078613, 687.807556152, 769.165405273, 563.320800781, 714.643127441, 800.501464844, 570.639404297, 418.988983154, 259.588470459, 94.7840652466, 37.118473053, 8.6063747406, 3.66140151024, 1.38046312332, 0.151982933283, 0.00435879034922, 3.66000458598e-05, 5.25462588996e-08], "dvar": [0.340916216373, 79.8394165039, 461.8828125, 423.391357422, 177.3387146, 32.4366874695, 108.458511353, 460.025970459, 225.950012207, 643.274597168, 1180.89709473, 410.476623535, 773.162658691, 490.500305176, 1044.43774414, 489.904754639, 508.578979492, 1023.69360352, 729.767028809, 1729.73913574, 456.390167236, 536.730651855, 868.871154785, 593.06842041, 550.663452148, 430.422973633, 612.02746582, 722.774353027, 696.717224121, 364.667510986, 207.076095581, 55.7461013794, 20.5946273804, 4.09965276718, 1.5967104435, 0.59133374691, 0.0746335759759, 0.00217741122469, 2.09093304875e-05, 3.18062767235e-08], "mean": [0.158403292298, 2.14152336121, 5.11452436447, 6.14760446548, 3.67746853828, 2.44478654861, 2.78952479362, 6.53497123718, 7.2503490448, 13.8405809402, 15.8105220795, 8.27713489532, 10.1399698257, 10.2746181488, 13.8007726669, 13.1100330353, 12.6646327972, 20.0113601685, 18.3296928406, 21.97356987, 16.9853153229, 20.0004692078, 21.1762905121, 15.1323347092, 15.7454652786, 13.7262992859, 12.3159008026, 13.0946540833, 9.96472358704, 9.68151092529, 7.36202335358, 4.52237558365, 2.70961785316, 1.30676615238, 0.695187330246, 0.3519115448, 0.120934307575, 0.0212605521083, 0.00190753780771, 9.2602946097e-05]}, "zerocrossingrate": {"min": 0, "max": 0.46630859375, "dvar2": 0.000397182331653, "median": 0.0673828125, "dmean2": 0.0171833857894, "dmean": 0.016098940745, "var": 0.00291906180792, "dvar": 0.000376972719096, "mean": 0.0754210799932}, "spectral_contrast_coeffs": {"min": [-0.930841863155, -0.976600527763, -0.98078507185, -0.967493891716, -0.964240849018, -0.933822453022], "max": [-0.347954362631, -0.308468818665, -0.471378207207, -0.509116768837, -0.52595102787, -0.574989318848], "dvar2": [0.00691325915977, 0.00481188669801, 0.00283183692954, 0.00199071783572, 0.00129306339659, 0.00225675082766], "median": [-0.680124640465, -0.755719721317, -0.80852919817, -0.804633438587, -0.803043723106, -0.763807833195], "dmean2": [0.0896269604564, 0.0813651904464, 0.0631373003125, 0.0524107404053, 0.0405199676752, 0.0396257042885], "dmean": [0.0563860610127, 0.0513390339911, 0.0402277782559, 0.0339964367449, 0.0264997184277, 0.0257042124867], "var": [0.00735658081248, 0.0093708364293, 0.00532720517367, 0.00469784718007, 0.00320185883902, 0.00283518619835], "dvar": [0.00310297007672, 0.00202518748119, 0.00121588632464, 0.000927960732952, 0.000628905603662, 0.000969476997852], "mean": [-0.669584453106, -0.74291241169, -0.797102332115, -0.794063985348, -0.797488212585, -0.764918446541]}, "dissonance": {"min": 0.121658757329, "max": 0.500000178814, "dvar2": 0.000864265777636, "median": 0.481447458267, "dmean2": 0.0244001727551, "dmean": 0.0150239858776, "var": 0.000888159440365, "dvar": 0.000349723733962, "mean": 0.471794515848}, "spectral_energyband_high": {"min": 5.16494180758e-09, "max": 0.029335450381, "dvar2": 1.24078660519e-05, "median": 0.000252906233072, "dmean2": 0.00156290852465, "dmean": 0.00102829874959, "var": 7.3309374784e-06, "dvar": 5.16949239682e-06, "mean": 0.001411282341}, "spectral_skewness": {"min": -0.303066879511, "max": 6.97274303436, "dvar2": 0.351658672094, "median": 1.26580297947, "dmean2": 0.427083045244, "dmean": 0.284552633762, "var": 0.524751842022, "dvar": 0.172787129879, "mean": 1.41995978355}, "spectral_flux": {"min": 0.000139821830089, "max": 0.567748069763, "dvar2": 0.00954547524452, "median": 0.0504973083735, "dmean2": 0.0644866004586, "dmean": 0.0434133857489, "var": 0.00942875631154, "dvar": 0.00517719006166, "mean": 0.0855875313282}, "silence_rate_30dB": {"min": 0, "max": 1, "dvar2": 0.134242355824, "median": 1, "dmean2": 0.132924541831, "dmean": 0.0664556995034, "var": 0.0545054264367, "dvar": 0.0620374120772, "mean": 0.942153692245}, "spectral_energyband_middle_high": {"min": 3.71672093102e-09, "max": 0.0468496195972, "dvar2": 1.72126019606e-05, "median": 0.00138073123526, "dmean2": 0.0024864692241, "dmean": 0.00165437383112, "var": 2.21532336582e-05, "dvar": 7.9037681644e-06, "mean": 0.00339551921934}, "barkbands_spread": {"min": 0.142489418387, "max": 120.829170227, "dvar2": 386.618225098, "median": 27.8793621063, "dmean2": 15.7512130737, "dmean": 9.97530555725, "var": 412.640228271, "dvar": 160.682723999, "mean": 29.1277313232}, "spectral_centroid": {"min": 94.6797027588, "max": 5955.05029297, "dvar2": 668472.0625, "median": 1806.61987305, "dmean2": 642.483703613, "dmean": 408.007476807, "var": 833780.1875, "dvar": 269715.03125, "mean": 1717.2779541}, "pitch_salience": {"min": 0.0345945283771, "max": 0.926574528217, "dvar2": 0.0292315725237, "median": 0.515775442123, "dmean2": 0.162126094103, "dmean": 0.100336112082, "var": 0.0240381527692, "dvar": 0.0119788087904, "mean": 0.504245460033}, "erbbands_skewness": {"min": -5.47811841965, "max": 11.1156358719, "dvar2": 1.08517944813, "median": -0.108094461262, "dmean2": 0.840305805206, "dmean": 0.550737142563, "var": 1.42743217945, "dvar": 0.483690321445, "mean": 0.0847630426288}, "erbbands_crest": {"min": 2.2639746666, "max": 32.7294197083, "dvar2": 20.9647693634, "median": 7.36044359207, "dmean2": 4.5219707489, "dmean": 2.81080150604, "var": 22.4714260101, "dvar": 8.92039585114, "mean": 8.67011737823}, "melbands": {"min": [1.88345588015e-08, 7.16569859005e-10, 5.35662958434e-10, 4.24974944124e-10, 4.21721997601e-11, 1.09623955746e-10, 1.28076202421e-10, 3.55349166759e-10, 2.17483836495e-10, 1.89431526021e-11, 1.64988526313e-11, 2.01777570347e-11, 1.44474718647e-11, 5.56775944793e-11, 2.88032184909e-11, 1.94377413471e-11, 2.40083352504e-11, 3.09354243611e-11, 3.56940726975e-11, 1.73757466748e-11, 1.89244921817e-11, 1.70486506856e-11, 1.14396166151e-11, 1.45596035228e-11, 1.40021015615e-11, 1.62431526562e-11, 1.24078585947e-11, 8.45532845128e-12, 1.57882752011e-11, 1.52598610831e-11, 1.19303690191e-11, 8.5737849112e-12, 1.02825057496e-11, 1.15622320745e-11, 7.9577342979e-12, 7.39163851654e-12, 6.15817423097e-12, 4.49737989905e-12, 5.10758145847e-12, 6.49749308176e-12], "max": [0.0538199208677, 0.0832490921021, 0.0279316715896, 0.00670824898407, 0.00387069792487, 0.00540261995047, 0.00588211324066, 0.00728849414736, 0.00747782504186, 0.00377718708478, 0.0034990857821, 0.00444038072601, 0.00550921307877, 0.00207264535129, 0.00317452661693, 0.00141267257277, 0.00155633606482, 0.00160329451319, 0.000842150708195, 0.00383637775667, 0.000446053803898, 0.000486691133119, 0.000931295799091, 0.00079071597429, 0.000335311226081, 0.000242450158112, 0.000238310705754, 0.000186780962395, 0.000224747040193, 0.000273084937362, 0.000204648211366, 0.000257700623479, 0.000139065159601, 0.000151091051521, 0.000125213628053, 8.0316545791e-05, 7.40992763895e-05, 7.67498277128e-05, 5.54284306418e-05, 4.3150561396e-05], "dvar2": [0.000136938208016, 0.000327708810801, 2.92412296403e-05, 9.53666926762e-07, 3.2795449556e-07, 6.07677861808e-07, 1.325529837e-07, 1.74039001877e-07, 1.83705282097e-07, 4.75010430989e-08, 4.67597374154e-08, 2.09828421305e-08, 3.7885961035e-08, 1.01227026761e-08, 9.55342560616e-09, 6.97069690858e-09, 9.19142717493e-09, 5.08524378162e-09, 3.34081406983e-09, 8.82301076643e-09, 1.41543776699e-09, 1.46009815349e-09, 2.09225348158e-09, 2.38922370777e-09, 1.00280228565e-09, 9.88253145984e-10, 7.20899562268e-10, 4.73725281225e-10, 6.14419459755e-10, 6.7995409303e-10, 6.97670643479e-10, 7.92938714689e-10, 4.33413305245e-10, 2.64042676612e-10, 1.99883706808e-10, 1.0762581798e-10, 4.09577406713e-11, 2.86533331784e-11, 1.13433516052e-11, 5.24939900576e-12], "median": [0.000176877161721, 0.00055887614144, 0.000217169261305, 7.47261656215e-05, 2.91195410682e-05, 2.89416802843e-05, 2.80356998701e-05, 2.22074340854e-05, 9.9016006061e-06, 6.67392214382e-06, 6.89524586051e-06, 7.74972704676e-06, 9.96838480205e-06, 7.29145040168e-06, 6.30453996564e-06, 5.64832316741e-06, 6.7191240305e-06, 4.87212719236e-06, 6.61354488329e-06, 7.48686989027e-06, 3.79024368158e-06, 4.88588875669e-06, 5.08811535838e-06, 4.6396316975e-06, 2.9967275168e-06, 2.81612096842e-06, 2.33637183555e-06, 2.19718344852e-06, 1.28325098103e-06, 1.27348721435e-06, 1.01658838503e-06, 6.62926197492e-07, 8.36781055114e-07, 5.48852483462e-07, 4.36142727267e-07, 3.34913011102e-07, 2.88166773998e-07, 1.82517212011e-07, 1.37393399768e-07, 9.63062447568e-08], "dmean2": [0.00395476492122, 0.00624227896333, 0.00229521514848, 0.00036681862548, 0.000195689164684, 0.000250273937127, 0.000144281992107, 0.000167766571394, 0.000133821216878, 6.66136911605e-05, 5.90721283515e-05, 4.64188160549e-05, 5.44727990928e-05, 4.00418175559e-05, 3.28649512085e-05, 3.27511697833e-05, 3.93494228774e-05, 2.98907307297e-05, 2.79930372926e-05, 3.23133717757e-05, 2.03338695428e-05, 2.23869519687e-05, 2.39875353145e-05, 2.30045425269e-05, 1.56563291966e-05, 1.54485042003e-05, 1.28220935949e-05, 1.15044113045e-05, 1.02581898318e-05, 1.05534654722e-05, 1.11587460196e-05, 9.90711760096e-06, 8.49065054354e-06, 6.9147481554e-06, 5.88450939176e-06, 4.40567237092e-06, 2.75177671938e-06, 2.12607892536e-06, 1.36822836794e-06, 9.4217671176e-07], "dmean": [0.00236463081092, 0.00359507859685, 0.00129226059653, 0.000209466074011, 0.000109366803372, 0.000140915071825, 8.76013800735e-05, 0.000105176724901, 8.46901966725e-05, 4.05036662414e-05, 3.62997961929e-05, 2.92346539936e-05, 3.36713092111e-05, 2.48478918365e-05, 2.08260844374e-05, 2.08562832995e-05, 2.53902398981e-05, 1.91159233509e-05, 1.7793605366e-05, 2.10568814509e-05, 1.27023722598e-05, 1.36231165015e-05, 1.51100575749e-05, 1.36869757625e-05, 9.28340523387e-06, 9.28827103053e-06, 7.8717876022e-06, 7.05282536728e-06, 6.35878041066e-06, 6.59747456666e-06, 6.7492587732e-06, 5.67759298065e-06, 4.98014424011e-06, 4.29678038927e-06, 3.68040969079e-06, 2.74331182482e-06, 1.84303041806e-06, 1.4557143686e-06, 9.62563490248e-07, 6.54247514831e-07], "var": [4.2974614189e-05, 9.00510131032e-05, 7.65033018979e-06, 2.53500445524e-07, 7.41731156495e-08, 1.69928839e-07, 7.10493637257e-08, 1.3291160883e-07, 1.54473482894e-07, 2.45943709842e-08, 3.16405674994e-08, 1.47986902732e-08, 2.37357902222e-08, 6.54122844779e-09, 4.90841056688e-09, 5.01342078962e-09, 7.85435094741e-09, 4.46190906445e-09, 3.04588154698e-09, 1.10589404301e-08, 1.05853015242e-09, 1.10183062674e-09, 1.57081381236e-09, 1.0345304613e-09, 4.25262325354e-10, 4.64967953029e-10, 3.62527757813e-10, 2.49378462325e-10, 2.73624733982e-10, 3.18721715686e-10, 2.71324657186e-10, 2.12117629017e-10, 1.52940854425e-10, 1.29504448831e-10, 9.75992758834e-11, 5.53226423006e-11, 3.22868017044e-11, 2.16516127943e-11, 1.05014807614e-11, 5.19567678811e-12], "dvar": [5.45049297216e-05, 0.00012573209824, 1.09234051706e-05, 3.51538034238e-07, 1.15650493626e-07, 2.1257527294e-07, 5.23945615782e-08, 7.68271561924e-08, 7.57663300988e-08, 1.85551485288e-08, 1.94251352781e-08, 9.43641520479e-09, 1.38629312474e-08, 4.11522416144e-09, 3.77148579034e-09, 2.87010348821e-09, 3.89010335056e-09, 2.13117612446e-09, 1.50093726337e-09, 5.29503729751e-09, 5.86749038245e-10, 5.89282400654e-10, 8.99019025891e-10, 8.9007484716e-10, 3.80570075453e-10, 3.79533293682e-10, 2.88202406384e-10, 1.90534282796e-10, 2.47754067262e-10, 2.75659189919e-10, 2.7009525172e-10, 2.81935114144e-10, 1.57843904613e-10, 1.04799439959e-10, 7.98883459385e-11, 4.34804865723e-11, 1.89773283893e-11, 1.31921236088e-11, 5.61611477809e-12, 2.57439946097e-12], "mean": [0.00192058633547, 0.00286705535837, 0.00100263603963, 0.000203892719583, 9.72159614321e-05, 0.000143878860399, 0.000115133603686, 0.000149823827087, 0.000123324003653, 4.9908147048e-05, 5.00871610711e-05, 3.96432151319e-05, 4.747537605e-05, 3.45730913978e-05, 2.97641236102e-05, 2.94118690363e-05, 3.68587789126e-05, 2.79794658127e-05, 2.67283212452e-05, 3.08295202558e-05, 1.76852699951e-05, 1.94154872588e-05, 2.17873475776e-05, 1.79165399459e-05, 1.12757361421e-05, 1.18597981782e-05, 1.00530305644e-05, 8.97101654118e-06, 7.32443413654e-06, 7.86968848843e-06, 7.41212261346e-06, 5.54605503567e-06, 5.66683138459e-06, 5.25097630089e-06, 4.43227509095e-06, 3.35093091053e-06, 2.54529004451e-06, 2.01021907742e-06, 1.4185911823e-06, 9.89092427517e-07]}, "spectral_entropy": {"min": 4.19654560089, "max": 9.02652072906, "dvar2": 0.245826929808, "median": 7.80007266998, "dmean2": 0.359750241041, "dmean": 0.245099872351, "var": 0.482516616583, "dvar": 0.122385472059, "mean": 7.63658380508}, "spectral_rolloff": {"min": 21.533203125, "max": 14577.9785156, "dvar2": 4569264, "median": 1765.72265625, "dmean2": 1496.23059082, "dmean": 908.73248291, "var": 4843848.5, "dvar": 2063384.75, "mean": 2178.89208984}, "barkbands": {"min": [1.12737339464e-08, 4.69845540252e-09, 1.49585477338e-09, 8.25560952933e-10, 1.82587045483e-09, 5.22919041401e-10, 7.55015161502e-10, 1.18325227394e-09, 1.46832768166e-10, 1.07165956664e-10, 8.15300535417e-11, 5.18042830855e-10, 1.77275930047e-10, 2.80971829136e-10, 5.10384345898e-10, 3.01791591717e-10, 2.68605554465e-10, 2.59639615363e-10, 4.15653872432e-10, 3.40344225025e-10, 5.74040481816e-10, 6.04798156001e-10, 6.29774676852e-10, 5.52058510017e-10, 7.84759368599e-10, 7.01975810813e-10, 6.56502130436e-10], "max": [0.0176963638514, 0.247185438871, 0.185014814138, 0.0800844877958, 0.0244470778853, 0.0260862614959, 0.0258834809065, 0.033040151, 0.0229197964072, 0.0286163520068, 0.03752136603, 0.0137085998431, 0.0174063965678, 0.0143548585474, 0.0115227159113, 0.040199931711, 0.0067218686454, 0.0120288813487, 0.00533426878974, 0.00534673407674, 0.00760137429461, 0.00896804966033, 0.00798171479255, 0.00592225790024, 0.00488802511245, 0.00488709798083, 0.000477743218653], "dvar2": [1.84634117772e-07, 0.00286424602382, 0.000882061664015, 0.000130733795231, 1.4217406715e-05, 1.4530518456e-05, 2.9173056646e-06, 5.31227897227e-06, 2.46702893492e-06, 1.40252814163e-06, 1.64626169408e-06, 6.86953399054e-07, 7.60872694627e-07, 8.62524359491e-07, 6.01543774792e-07, 1.07427979401e-06, 4.16286638938e-07, 8.07347532827e-07, 4.97080975492e-07, 5.13476550168e-07, 1.06667846467e-06, 1.32631737415e-06, 6.67736571813e-07, 1.79972261094e-07, 5.23894669868e-08, 4.5646707747e-08, 1.38003330985e-09], "median": [4.84443307869e-06, 0.000836381339468, 0.000913049269002, 0.000226810923778, 0.000297924590996, 0.000151732267113, 0.000130096901557, 8.28030679259e-05, 4.97688633914e-05, 5.46078372281e-05, 6.70146400807e-05, 5.78769031563e-05, 4.03415033361e-05, 7.58640817367e-05, 6.75401170156e-05, 0.000109155218524, 8.58172352309e-05, 0.000106575942482, 7.16976792319e-05, 6.99888842064e-05, 5.29869139427e-05, 4.26808110205e-05, 2.70795553661e-05, 2.00822851184e-05, 9.54742517933e-06, 4.3863042265e-06, 3.82310702207e-07], "dmean2": [0.000129447784275, 0.0179030895233, 0.0100885881111, 0.00447727786377, 0.00139331922401, 0.00123197748326, 0.000708114588633, 0.00082392594777, 0.000502406735905, 0.000364082137821, 0.000374889350496, 0.00033781863749, 0.000318233069265, 0.000402596808271, 0.0003629810235, 0.000422810146119, 0.000377759628464, 0.000467361212941, 0.000355871714419, 0.000357621844159, 0.000439302704763, 0.0004488749546, 0.00034669667366, 0.000178490881808, 9.269615839e-05, 7.19557938282e-05, 1.33323537739e-05], "dmean": [8.37451298139e-05, 0.0105106327683, 0.00551351020113, 0.00253278412856, 0.00078639149433, 0.000691906083375, 0.00043450971134, 0.000522937625647, 0.00030948931817, 0.000228048738791, 0.000230914811254, 0.000210919752135, 0.000199109694222, 0.000258970569121, 0.000228818054893, 0.000273174868198, 0.000230106248637, 0.000284440320684, 0.000216281841858, 0.000220303219976, 0.000275810045423, 0.000263027410256, 0.000218691347982, 0.000124519850942, 6.67286949465e-05, 5.07126496814e-05, 8.70022813615e-06], "var": [1.00158182192e-07, 0.000844025635161, 0.000189150567167, 3.74415503757e-05, 3.46164756593e-06, 3.88186435885e-06, 1.65111509887e-06, 4.23258279625e-06, 1.41781924867e-06, 1.01250304851e-06, 1.05092760805e-06, 4.42106738774e-07, 4.47253967195e-07, 7.22434435829e-07, 5.36445782018e-07, 1.3543942714e-06, 3.02929748841e-07, 4.72383646866e-07, 2.46140047011e-07, 2.53353846347e-07, 5.15658314271e-07, 4.21175286647e-07, 3.45441947047e-07, 1.60112875847e-07, 6.24725160492e-08, 5.51535634941e-08, 1.15059017869e-09], "dvar": [1.00273929604e-07, 0.00111952004954, 0.000314229779178, 5.02353759657e-05, 5.09511937707e-06, 5.06836204295e-06, 1.18436867069e-06, 2.23883421313e-06, 1.00383692825e-06, 6.01209762863e-07, 5.96584754931e-07, 2.79048691709e-07, 3.02479691072e-07, 3.6160503214e-07, 2.51229636206e-07, 6.31510602034e-07, 1.67412835594e-07, 3.22490933513e-07, 1.93125671899e-07, 2.0663266298e-07, 4.38235531419e-07, 4.80180574414e-07, 2.68873151299e-07, 8.75055476968e-08, 2.75677134454e-08, 2.4037781543e-08, 6.45107578467e-10], "mean": [7.54381180741e-05, 0.0083317020908, 0.00416629994288, 0.00188800727483, 0.00076485023601, 0.00069590221392, 0.00056920258794, 0.000761467206758, 0.000387881445931, 0.000311658834107, 0.000320861756336, 0.000292493321467, 0.000265462585958, 0.000378462282242, 0.00033628224628, 0.000409005471738, 0.000332450552378, 0.000398681266233, 0.000286178576062, 0.000278658088064, 0.000326322653564, 0.000287844246486, 0.000272386387223, 0.000181220792001, 0.000104334452772, 7.12447872502e-05, 1.06215557025e-05]}, "melbands_flatness_db": {"min": 0.0191805586219, "max": 0.730999350548, "dvar2": 0.00780301913619, "median": 0.174113720655, "dmean2": 0.070178732276, "dmean": 0.047662820667, "var": 0.0151530355215, "dvar": 0.00357441860251, "mean": 0.208573177457}, "melbands_skewness": {"min": -3.7726995945, "max": 26.0746669769, "dvar2": 12.1398639679, "median": 2.48375749588, "dmean2": 2.43382620811, "dmean": 1.60507845879, "var": 11.6684713364, "dvar": 5.38895940781, "mean": 3.62319350243}, "barkbands_skewness": {"min": -4.79902744293, "max": 28.1537380219, "dvar2": 10.3607149124, "median": 1.16416871548, "dmean2": 1.90861940384, "dmean": 1.24654138088, "var": 8.25556278229, "dvar": 4.45153713226, "mean": 2.04831957817}, "silence_rate_60dB": {"min": 0, "max": 1, "dvar2": 0.159924283624, "median": 0, "dmean2": 0.173078820109, "dmean": 0.0865308567882, "var": 0.160741150379, "dvar": 0.0790473371744, "mean": 0.201226145029}, "spectral_energyband_low": {"min": 1.00148341176e-07, "max": 0.309204250574, "dvar2": 0.00464861001819, "median": 0.00268617412075, "dmean2": 0.0261456873268, "dmean": 0.0157931037247, "var": 0.00161839276552, "dvar": 0.00192108319607, "mean": 0.0138281639665}, "spectral_energyband_middle_low": {"min": 9.56851664569e-09, "max": 0.103965945542, "dvar2": 0.000265741226031, "median": 0.00188851333223, "dmean2": 0.00739832501858, "dmean": 0.00442265952006, "var": 9.92631466943e-05, "dvar": 0.00010601044778, "mean": 0.00517080537975}, "melbands_kurtosis": {"min": -1.95375669003, "max": 1250.27612305, "dvar2": 13247.2587891, "median": 7.65289115906, "dmean2": 50.3973579407, "dmean": 31.2947177887, "var": 7609.20556641, "dvar": 5711.20019531, "mean": 38.5743408203}, "spectral_decrease": {"min": -8.93591831641e-08, "max": -1.04077201501e-13, "dvar2": 3.25010803496e-16, "median": -1.93456450859e-09, "dmean2": 7.98653854162e-09, "dmean": 4.97901808671e-09, "var": 1.26218880865e-16, "dvar": 1.37352255453e-16, "mean": -5.50250733866e-09}, "erbbands_kurtosis": {"min": -1.89328896999, "max": 157.388031006, "dvar2": 37.5140762329, "median": -0.10099864006, "dmean2": 2.65930438042, "dmean": 1.7013810873, "var": 34.4932250977, "dvar": 18.0007534027, "mean": 1.30228018761}, "melbands_crest": {"min": 2.53472733498, "max": 36.4129486084, "dvar2": 41.2484893799, "median": 15.4607210159, "dmean2": 6.53167438507, "dmean": 4.00176477432, "var": 38.2723770142, "dvar": 16.4815998077, "mean": 15.9894561768}, "gfcc": {"cov": [[16956.7578125, -2159.6706543, -2108.86791992, -448.973205566, -1192.50354004, -124.026763916, -500.077728271, 183.232971191, -33.6689910889, 374.11138916, -161.338973999, 90.4256286621, -398.300323486], [-2159.6706543, 2128.89331055, 235.746963501, -10.7834787369, 379.611999512, -162.389297485, 146.494689941, -142.715927124, 37.2907943726, -209.631729126, 142.759796143, -65.4375, 151.878112793], [-2108.86791992, 235.746963501, 1737.93554688, 264.005187988, 401.30682373, 165.463119507, 118.508514404, -50.3293647766, -67.3504867554, -115.754203796, -100.795204163, 21.1260967255, 57.0121841431], [-448.973205566, -10.7834787369, 264.005187988, 505.882080078, 201.589599609, 62.4171104431, 34.5049209595, -34.428276062, -9.21457290649, -66.9353561401, -23.4063243866, 2.88564586639, 29.8569087982], [-1192.50354004, 379.611999512, 401.30682373, 201.589599609, 544.948181152, 86.4227142334, 94.1393890381, -35.9106826782, -19.436050415, -106.703620911, -2.2062432766, 39.9771537781, 44.9387550354], [-124.026763916, -162.389297485, 165.463119507, 62.4171104431, 86.4227142334, 226.981674194, 70.2540817261, 26.1670417786, -20.1671714783, -4.09693002701, -29.5449810028, -5.84028100967, 1.76189005375], [-500.077728271, 146.494689941, 118.508514404, 34.5049209595, 94.1393890381, 70.2540817261, 189.316543579, 53.6754417419, 39.4832839966, -5.24785995483, 14.0360555649, -10.0767602921, 7.42307806015], [183.232971191, -142.715927124, -50.3293647766, -34.428276062, -35.9106826782, 26.1670417786, 53.6754417419, 145.10395813, 77.7850646973, 58.3335266113, -3.20778512955, -6.34910154343, -19.820274353], [-33.6689910889, 37.2907943726, -67.3504867554, -9.21457290649, -19.436050415, -20.1671714783, 39.4832839966, 77.7850646973, 143.180908203, 71.9683227539, 17.0117092133, -19.7320175171, -3.05629920959], [374.11138916, -209.631729126, -115.754203796, -66.9353561401, -106.703620911, -4.09693002701, -5.24785995483, 58.3335266113, 71.9683227539, 157.865768433, 39.8396987915, -2.21988964081, -25.5489501953], [-161.338973999, 142.759796143, -100.795204163, -23.4063243866, -2.2062432766, -29.5449810028, 14.0360555649, -3.20778512955, 17.0117092133, 39.8396987915, 109.686500549, 43.9404335022, 20.2773075104], [90.4256286621, -65.4375, 21.1260967255, 2.88564586639, 39.9771537781, -5.84028100967, -10.0767602921, -6.34910154343, -19.7320175171, -2.21988964081, 43.9404335022, 120.130722046, 42.4226303101], [-398.300323486, 151.878112793, 57.0121841431, 29.8569087982, 44.9387550354, 1.76189005375, 7.42307806015, -19.820274353, -3.05629920959, -25.5489501953, 20.2773075104, 42.4226303101, 107.212593079]], "icov": [[9.80191398412e-05, -4.6939447202e-05, 0.000105899824121, -5.46421324543e-05, 0.000140772230225, -7.87006429164e-05, 0.000122546363855, -7.06624705344e-05, 0.000103263380879, -0.000220801739488, 0.000425436301157, -0.000426770013291, 0.00034901368781], [-4.6939447202e-05, 0.00146414665505, -0.00023618445266, 0.00065858848393, -0.000828166783322, 0.00105071288999, -0.000716015929356, 0.000969832704868, -0.00122034584638, 0.00234960345551, -0.00311939720996, 0.00277097662911, -0.00172891898546], [0.000105899824121, -0.00023618445266, 0.000941668637097, -0.000298311933875, -0.000171613675775, -0.000367696076864, -0.000195389366127, 6.99651645846e-05, 0.000508821511175, -0.000796204956714, 0.00175146316178, -0.00102252257057, 0.000312877295073], [-5.46421324543e-05, 0.00065858848393, -0.000298311933875, 0.00277549098246, -0.00103265116923, 3.19707542076e-05, -0.00022137373162, 0.000977876596153, -0.00123885588255, 0.00165227346588, -0.00137339963112, 0.00147772033233, -0.00108836975414], [0.000140772230225, -0.000828166783322, -0.000171613675775, -0.00103265116923, 0.00364783545956, -0.00133082910907, -0.000287739298074, 6.9621259172e-05, -0.000277377082966, 0.000371018075384, 0.00145068392158, -0.00292252586223, 0.00156319269445], [-7.87006429164e-05, 0.00105071288999, -0.000367696076864, 3.19707542076e-05, -0.00133082910907, 0.00698754517362, -0.00271954480559, -0.000658585922793, 0.00193303846754, -0.000302454835037, -0.00040629695286, 0.00236851349473, -0.00196198071353], [0.000122546363855, -0.000716015929356, -0.000195389366127, -0.00022137373162, -0.000287739298074, -0.00271954480559, 0.00877728965133, -0.00346918078139, -0.00106155895628, 0.000830467150081, -0.0014313806314, 0.000103313017462, 0.000948852393776], [-7.06624705344e-05, 0.000969832704868, 6.99651645846e-05, 0.000977876596153, 6.9621259172e-05, -0.000658585922793, -0.00346918078139, 0.013304120861, -0.00662089744583, -0.000177776892087, 0.000823974376544, -0.000712116539944, 0.000630270456895], [0.000103263380879, -0.00122034584638, 0.000508821511175, -0.00123885588255, -0.000277377082966, 0.00193303846754, -0.00106155895628, -0.00662089744583, 0.0151111604646, -0.00746269803494, 0.00268825539388, 0.000657514377963, -0.000995402573608], [-0.000220801739488, 0.00234960345551, -0.000796204956714, 0.00165227346588, 0.000371018075384, -0.000302454835037, 0.000830467150081, -0.000177776892087, -0.00746269803494, 0.0164601188153, -0.0105030694976, 0.00458019645885, -0.000542520429008], [0.000425436301157, -0.00311939720996, 0.00175146316178, -0.00137339963112, 0.00145068392158, -0.00040629695286, -0.0014313806314, 0.000823974376544, 0.00268825539388, -0.0105030694976, 0.0229181293398, -0.0121154561639, 0.00313373771496], [-0.000426770013291, 0.00277097662911, -0.00102252257057, 0.00147772033233, -0.00292252586223, 0.00236851349473, 0.000103313017462, -0.000712116539944, 0.000657514377963, 0.00458019645885, -0.0121154561639, 0.018959697336, -0.00843184068799], [0.00034901368781, -0.00172891898546, 0.000312877295073, -0.00108836975414, 0.00156319269445, -0.00196198071353, 0.000948852393776, 0.000630270456895, -0.000995402573608, -0.000542520429008, 0.00313373771496, -0.00843184068799, 0.0152236437425]], "mean": [-61.1629219055, 66.1963119507, -104.880775452, 47.6935005188, -45.731628418, 19.2495479584, -31.5878257751, 8.75038909912, -20.0456733704, 2.44968390465, -16.3683643341, -0.129051223397, -15.6616296768]}, "melbands_spread": {"min": 0.256461679935, "max": 278.194732666, "dvar2": 949.598083496, "median": 26.4583187103, "dmean2": 20.7970542908, "dmean": 13.1976213455, "var": 882.38079834, "dvar": 386.065032959, "mean": 32.3643455505}, "spectral_energy": {"min": 4.01404747663e-07, "max": 0.349919676781, "dvar2": 0.00472232978791, "median": 0.00812563020736, "dmean2": 0.0311055406928, "dmean": 0.019605781883, "var": 0.00191090966109, "dvar": 0.00201277295128, "mean": 0.0225048549473}, "mfcc": {"cov": [[17975.8691406, -1923.12780762, -1932.58740234, -747.049438477, -1039.11462402, -562.878601074, -745.8671875, -326.722991943, -302.199798584, 15.1319332123, 98.6254425049, 112.720779419, 150.748382568], [-1923.12780762, 1799.54504395, 173.789031982, 154.512969971, 201.800064087, 25.3571071625, 127.841163635, 56.2137374878, 1.194404006, -91.8330154419, -33.8142356873, -37.2390975952, -21.5332794189], [-1932.58740234, 173.789031982, 1136.96899414, 205.806884766, 229.153305054, 182.202041626, 146.200164795, 77.6427764893, 88.5469665527, 26.7954940796, -71.5319519043, -68.1489715576, -47.602180481], [-747.049438477, 154.512969971, 205.806884766, 440.289520264, 214.659484863, 117.165153503, 66.4138946533, 75.0022506714, 28.6851387024, -28.3292198181, -34.0291748047, 3.75049901009, -23.1347541809], [-1039.11462402, 201.800064087, 229.153305054, 214.659484863, 387.721801758, 167.828323364, 110.861709595, 89.9604721069, 43.6543426514, -47.5390625, -54.0151786804, -14.1193666458, -56.2159080505], [-562.878601074, 25.3571071625, 182.202041626, 117.165153503, 167.828323364, 221.707519531, 126.748344421, 70.725440979, 28.3946018219, -4.70353507996, -22.8435096741, -27.178445816, -38.3772506714], [-745.8671875, 127.841163635, 146.200164795, 66.4138946533, 110.861709595, 126.748344421, 187.054290771, 88.1174316406, 27.7571907043, -8.67791461945, -6.23378229141, -17.9774532318, -27.0916538239], [-326.722991943, 56.2137374878, 77.6427764893, 75.0022506714, 89.9604721069, 70.725440979, 88.1174316406, 158.557632446, 59.1528511047, -9.61250782013, -10.3692350388, 2.60701847076, -23.7373409271], [-302.199798584, 1.194404006, 88.5469665527, 28.6851387024, 43.6543426514, 28.3946018219, 27.7571907043, 59.1528511047, 126.895721436, 71.2012557983, 15.0719814301, -2.50336503983, 9.48352050781], [15.1319332123, -91.8330154419, 26.7954940796, -28.3292198181, -47.5390625, -4.70353507996, -8.67791461945, -9.61250782013, 71.2012557983, 148.879135132, 68.704208374, 5.5867023468, 39.2085456848], [98.6254425049, -33.8142356873, -71.5319519043, -34.0291748047, -54.0151786804, -22.8435096741, -6.23378229141, -10.3692350388, 15.0719814301, 68.704208374, 126.69254303, 55.8984680176, 24.9650001526], [112.720779419, -37.2390975952, -68.1489715576, 3.75049901009, -14.1193666458, -27.178445816, -17.9774532318, 2.60701847076, -2.50336503983, 5.5867023468, 55.8984680176, 110.520011902, 36.0705451965], [150.748382568, -21.5332794189, -47.602180481, -23.1347541809, -56.2159080505, -38.3772506714, -27.0916538239, -23.7373409271, 9.48352050781, 39.2085456848, 24.9650001526, 36.0705451965, 120.07460022]], "icov": [[8.68076531333e-05, 5.5936670833e-05, 9.42040642258e-05, 2.48649193964e-05, 0.000111794870463, -7.99726039986e-05, 0.000247255840804, -0.000107778017991, 0.000115531271149, -1.40301208376e-05, 3.32363160851e-05, 1.52297761815e-05, -1.15841057777e-05], [5.5936670833e-05, 0.000704502745066, 1.47634400491e-05, -0.000117136522022, -0.000284159585135, 0.000548546842765, -0.000426716171205, 5.18341221323e-05, -4.90259662911e-05, 0.000544515845831, -0.000359685189323, 0.000452824489912, -0.000239523549681], [9.42040642258e-05, 1.47634400491e-05, 0.00127816817258, -0.000246276875259, -7.9980440205e-05, -0.000397686613724, -0.000231086669373, 0.000187514830031, -0.000322139443597, -0.000542779453099, 0.000713126268238, 0.000159139410243, 0.000170629660715], [2.48649193964e-05, -0.000117136522022, -0.000246276875259, 0.00333809200674, -0.00132416572887, -0.000784644682426, 0.000752788095269, -0.00081715604756, 0.000322275533108, -3.73435432266e-05, 0.000264585803961, -0.000590098265093, -0.000260129250819], [0.000111794870463, -0.000284159585135, -7.9980440205e-05, -0.00132416572887, 0.00562973413616, -0.00287738558836, 0.000210322017665, -7.34141285648e-05, -0.00166458648164, 0.00133189104963, 0.00110652251169, -0.00118842406664, 0.0010943521047], [-7.99726039986e-05, 0.000548546842765, -0.000397686613724, -0.000784644682426, -0.00287738558836, 0.0103986766189, -0.00535870809108, -0.000144471123349, 0.000861087697558, -0.0013054193696, 0.000100037425, 0.00120702676941, 0.000603612221312], [0.000247255840804, -0.000426716171205, -0.000231086669373, 0.000752788095269, 0.000210322017665, -0.00535870809108, 0.0120767531916, -0.00464773969725, 0.00122358417138, 0.000498494424392, -0.00178856158163, 0.00125931832008, -0.00040760889533], [-0.000107778017991, 5.18341221323e-05, 0.000187514830031, -0.00081715604756, -7.34141285648e-05, -0.000144471123349, -0.00464773969725, 0.0119182011113, -0.00656686536968, 0.00307128205895, 0.00027705723187, -0.00166204408742, 0.00124585488811], [0.000115531271149, -4.90259662911e-05, -0.000322139443597, 0.000322275533108, -0.00166458648164, 0.000861087697558, 0.00122358417138, -0.00656686536968, 0.0166580993682, -0.00963320955634, 0.00211667851545, -8.98641446838e-05, -0.000328848895151], [-1.40301208376e-05, 0.000544515845831, -0.000542779453099, -3.73435432266e-05, 0.00133189104963, -0.0013054193696, 0.000498494424392, 0.00307128205895, -0.00963320955634, 0.017265804112, -0.00898513756692, 0.00431329850107, -0.00348580279388], [3.32363160851e-05, -0.000359685189323, 0.000713126268238, 0.000264585803961, 0.00110652251169, 0.000100037425, -0.00178856158163, 0.00027705723187, 0.00211667851545, -0.00898513756692, 0.0165838748217, -0.0084915747866, 0.00229837698862], [1.52297761815e-05, 0.000452824489912, 0.000159139410243, -0.000590098265093, -0.00118842406664, 0.00120702676941, 0.00125931832008, -0.00166204408742, -8.98641446838e-05, 0.00431329850107, -0.0084915747866, 0.0152055239305, -0.00440716231242], [-1.15841057777e-05, -0.000239523549681, 0.000170629660715, -0.000260129250819, 0.0010943521047, 0.000603612221312, -0.00040760889533, 0.00124585488811, -0.000328848895151, -0.00348580279388, 0.00229837698862, -0.00440716231242, 0.0111871287227]], "mean": [-706.929992676, 93.771697998, 6.75277280807, 32.9460334778, 12.2642288208, 14.6297893524, 3.98869657516, 8.71265602112, 1.27306711674, 3.70531249046, 1.00083243847, 2.98244285583, 1.08495891094]}, "spectral_contrast_valleys": {"min": [-13.4864177704, -13.0707597733, -13.8181819916, -14.0283594131, -13.3746681213, -15.1654920578], "max": [-5.00653028488, -4.56871461868, -5.21299791336, -5.73346281052, -5.35478019714, -7.32317113876], "dvar2": [0.635700702667, 0.854466021061, 0.707971334457, 0.746902227402, 0.912676811218, 0.787273108959], "median": [-7.67213821411, -7.53922271729, -7.96637058258, -8.07000160217, -7.70990133286, -10.327835083], "dmean2": [0.800575435162, 0.864551246166, 0.755817294121, 0.721153736115, 0.702585756779, 0.615964114666], "dmean": [0.539112269878, 0.575794994831, 0.521882474422, 0.526094675064, 0.52770370245, 0.514299750328], "var": [1.29925847054, 1.88428378105, 1.84457564354, 2.03422045708, 2.17169737816, 2.23716759682], "dvar": [0.334362059832, 0.435145765543, 0.367579013109, 0.402810096741, 0.487994372845, 0.447635263205], "mean": [-7.88877868652, -7.83579778671, -8.22531890869, -8.324467659, -8.02865505219, -10.4543819427]}, "barkbands_flatness_db": {"min": 0.0176136232913, "max": 0.569890141487, "dvar2": 0.00468644453213, "median": 0.114973150194, "dmean2": 0.0542346946895, "dmean": 0.0363832861185, "var": 0.00858697202057, "dvar": 0.00216342858039, "mean": 0.143392995}, "dynamic_complexity": 5.12642765045, "erbbands_flatness_db": {"min": 0.0424643680453, "max": 0.414463937283, "dvar2": 0.00116835266817, "median": 0.134615331888, "dmean2": 0.0313824154437, "dmean": 0.0226469114423, "var": 0.00252890912816, "dvar": 0.000634276424535, "mean": 0.14456102252}, "hfc": {"min": 6.789