{"lowlevel": {"spectral_complexity": {"min": 0, "max": 47, "dvar2": 26.6009540558, "median": 7, "dmean2": 4.04606962204, "dmean": 2.76775431633, "var": 43.1731071472, "dvar": 14.6468229294, "mean": 8.53756809235}, "silence_rate_20dB": {"min": 1, "max": 1, "dvar2": 0, "median": 1, "dmean2": 0, "dmean": 0, "var": 0, "dvar": 0, "mean": 1}, "average_loudness": 0.741175472736, "erbbands_spread": {"min": 0.707464456558, "max": 237.42288208, "dvar2": 847.399108887, "median": 31.5002498627, "dmean2": 24.7288818359, "dmean": 16.2391433716, "var": 1031.03344727, "dvar": 406.584320068, "mean": 40.9841461182}, "spectral_kurtosis": {"min": -1.46955657005, "max": 184.123275757, "dvar2": 317.590179443, "median": 4.85187005997, "dmean2": 9.63327312469, "dmean": 6.49917507172, "var": 342.317596436, "dvar": 162.535522461, "mean": 11.3359642029}, "barkbands_kurtosis": {"min": -1.92332684994, "max": 2077.42578125, "dvar2": 2810.51928711, "median": 6.58393764496, "dmean2": 17.8290958405, "dmean": 11.156411171, "var": 2914.21826172, "dvar": 1351.25305176, "mean": 14.9270792007}, "spectral_strongpeak": {"min": 0, "max": 9.03597640991, "dvar2": 0.705909609795, "median": 0.243362173438, "dmean2": 0.546413421631, "dmean": 0.332818627357, "var": 0.849680662155, "dvar": 0.305323064327, "mean": 0.575338721275}, "spectral_spread": {"min": 476410.3125, "max": 42146008, "dvar2": 4796237479940.0, "median": 5133659.5, "dmean2": 1865691, "dmean": 1306393.25, "var": 10514487836700.0, "dvar": 2717467017220.0, "mean": 5462413}, "spectral_rms": {"min": 3.15625477143e-12, "max": 0.0150129944086, "dvar2": 6.59223906041e-06, "median": 0.00294128339738, "dmean2": 0.00169414503034, "dmean": 0.00113505905028, "var": 5.85414591114e-06, "dvar": 3.11371559292e-06, "mean": 0.00345110334456}, "erbbands": {"min": [2.83455166538e-22, 8.35067151634e-22, 6.99672417494e-22, 7.3403369401e-21, 8.57776763253e-21, 2.37067443242e-20, 2.0382345832e-20, 7.88821468739e-20, 1.49209346284e-19, 3.23836556924e-19, 3.5992600761e-19, 7.57586495499e-19, 5.26766450156e-19, 9.08728213242e-19, 1.34736358391e-18, 1.47894268696e-18, 1.53708665979e-18, 1.53858809599e-18, 3.02018841087e-18, 2.98393349821e-18, 5.4013388531e-18, 6.15756887579e-18, 6.27881659639e-18, 6.75854412854e-18, 6.86562100448e-18, 8.38927404432e-18, 1.10051285068e-17, 1.23752258056e-17, 1.44941581325e-17, 1.19940982025e-17, 1.18425463066e-17, 1.08565031758e-17, 1.17078614505e-17, 8.98191752035e-18, 6.70776309715e-18, 4.42062524705e-18, 2.42369875178e-18, 1.0748620626e-18, 2.59985037875e-19, 2.86258743359e-20], "max": [3.0065703392, 13.9851131439, 35.216342926, 75.7181243896, 465.762084961, 777.796630859, 396.852294922, 357.997467041, 1382.69812012, 1016.81115723, 1531.39318848, 684.836547852, 1591.99414062, 669.587768555, 1577.05236816, 1109.81286621, 656.456665039, 1169.61376953, 870.15447998, 963.678833008, 372.479034424, 165.285980225, 320.466674805, 252.278793335, 234.249908447, 132.959197998, 169.07333374, 216.703399658, 425.315368652, 461.332855225, 187.928741455, 172.53024292, 109.031547546, 49.8492050171, 14.7735414505, 4.41146707535, 3.58033418655, 0.712903797626, 0.0445977300406, 0.00869760848582], "dvar2": [0.148597225547, 3.53616857529, 17.3849105835, 59.9457969666, 6852.04199219, 18972.2675781, 3168.97314453, 1227.26318359, 2361.26489258, 2762.40698242, 4274.40039062, 1355.62023926, 4036.33789062, 1384.15942383, 1137.17285156, 1219.59692383, 756.23236084, 1396.0369873, 819.135803223, 481.896148682, 151.626159668, 26.5438594818, 94.5852432251, 89.0273666382, 71.4017562866, 56.6062355042, 55.8971099854, 45.6495628357, 94.452835083, 109.154258728, 40.5684661865, 17.5568885803, 14.3517990112, 4.82905721664, 0.564728140831, 0.114112988114, 0.343852162361, 0.0130278114229, 4.84750307805e-05, 2.81911411548e-06], "median": [0.0245362203568, 0.168104320765, 0.412479430437, 0.940455555916, 2.56685709953, 4.11126375198, 4.65065288544, 4.35842180252, 3.65378022194, 3.00034809113, 2.20865368843, 1.97200930119, 1.53743171692, 1.05539131165, 0.707619965076, 0.773878931999, 0.72976154089, 0.766438364983, 0.597050130367, 0.518432080746, 0.570342957973, 0.527480900288, 0.623970329762, 0.607492148876, 0.525608956814, 0.456274062395, 0.326856553555, 0.276327639818, 0.349306195974, 0.335858404636, 0.1965072155, 0.121042788029, 0.100493691862, 0.0591058284044, 0.0244798213243, 0.0138662578538, 0.00601272284985, 0.000815276522189, 5.65885929973e-05, 2.12809063669e-05], "dmean2": [0.172404721379, 0.99805700779, 2.17594075203, 4.37829017639, 25.5734062195, 41.2113456726, 20.5478363037, 15.835149765, 19.2908630371, 19.3473510742, 16.3498630524, 12.7467432022, 12.8473129272, 12.8857784271, 8.60564422607, 8.55177593231, 8.81826591492, 8.34896087646, 7.87679672241, 5.54065036774, 4.48989868164, 2.36293387413, 3.58218979836, 4.29532527924, 3.51004958153, 3.24969100952, 3.12441945076, 3.11325287819, 3.54702281952, 3.67480945587, 2.39084887505, 1.71854925156, 1.42076611519, 0.916364133358, 0.34976914525, 0.182218313217, 0.278860062361, 0.0565159991384, 0.00297705596313, 0.000686830782797], "dmean": [0.100850179791, 0.619357943535, 1.32127249241, 2.53454470634, 14.5694160461, 23.2923622131, 11.8346920013, 9.85849761963, 11.9660654068, 12.3447141647, 10.7997941971, 8.44672012329, 8.34026241302, 8.13343811035, 5.59849214554, 5.77846956253, 5.65906524658, 5.82814598083, 5.20431089401, 3.63725304604, 2.86261248589, 1.59393918514, 2.31174731255, 2.858928442, 2.29989385605, 2.18906998634, 2.09701943398, 2.03698754311, 2.40090942383, 2.53712439537, 1.6452575922, 1.15434873104, 0.962509810925, 0.60106253624, 0.234289988875, 0.126102864742, 0.187885463238, 0.0360991023481, 0.00197865208611, 0.000405704689911], "var": [0.0438924841583, 1.80753183365, 7.69767332077, 20.1226062775, 1748.00061035, 4713.54833984, 825.317443848, 646.549438477, 1602.70019531, 2224.17578125, 6313.23535156, 2625.17895508, 6918.28662109, 1456.47229004, 1763.15014648, 2144.89501953, 783.646789551, 2184.75854492, 1030.56201172, 429.57699585, 147.27947998, 28.3011436462, 46.5549812317, 81.8909988403, 76.8426513672, 54.5219268799, 48.6758003235, 58.4694595337, 107.926383972, 139.318984985, 43.5476112366, 21.6259803772, 13.6610012054, 4.87834262848, 0.61826634407, 0.0972684472799, 0.218578726053, 0.00895722582936, 2.11356782529e-05, 8.4536787881e-07], "dvar": [0.0565734319389, 1.60519599915, 7.36148262024, 22.1988697052, 2548.85302734, 6999.58691406, 1134.94775391, 495.241973877, 1012.51208496, 1184.5168457, 1969.76525879, 652.647705078, 1708.76123047, 604.707946777, 577.471374512, 639.976989746, 362.167785645, 769.940368652, 400.381530762, 245.575439453, 69.7124557495, 12.534362793, 38.2409286499, 42.9329872131, 34.8565788269, 27.1674880981, 27.2823028564, 25.6149921417, 49.8602333069, 60.2224693298, 20.5885715485, 9.62866973877, 7.19136142731, 2.49824976921, 0.293528318405, 0.0603458583355, 0.179247289896, 0.00723767420277, 2.07975572266e-05, 1.10504936401e-06], "mean": [0.0927806049585, 0.67206799984, 1.46400690079, 2.64413261414, 12.047088623, 19.3090381622, 12.6990299225, 12.8909416199, 16.1349143982, 17.3653888702, 20.8626060486, 15.954369545, 16.3869972229, 12.3189029694, 8.95498275757, 9.58497142792, 7.89825105667, 9.74465465546, 7.7728099823, 4.92083311081, 3.83031344414, 2.37194848061, 3.3273127079, 3.95766425133, 3.52318406105, 3.33639478683, 2.89882016182, 2.93161129951, 3.39797496796, 3.4835562706, 2.24895167351, 1.58454585075, 1.23597168922, 0.779774308205, 0.321774929762, 0.153167009354, 0.18034645915, 0.0366903394461, 0.00175596191548, 0.000300561077893]}, "zerocrossingrate": {"min": 0, "max": 0.5380859375, "dvar2": 0.000548890151549, "median": 0.0390625, "dmean2": 0.0195828005672, "dmean": 0.0169942025095, "var": 0.00256848032586, "dvar": 0.000439448631369, "mean": 0.0529172979295}, "spectral_contrast_coeffs": {"min": [-0.975844144821, -0.978428184986, -0.990644216537, -0.983630776405, -0.966088175774, -0.962354540825], "max": [-0.268183588982, -0.361784100533, -0.328174710274, -0.437491595745, -0.556860625744, -0.587620556355], "dvar2": [0.00780716631562, 0.00523653859273, 0.00303108990192, 0.00231530889869, 0.00112098210957, 0.000889965216629], "median": [-0.655119299889, -0.730522990227, -0.799135446548, -0.831710517406, -0.832041919231, -0.809222877026], "dmean2": [0.10069719702, 0.0842251181602, 0.0645266026258, 0.0539691187441, 0.0376296453178, 0.0315199643373], "dmean": [0.0649278089404, 0.0528883635998, 0.0415798388422, 0.034386523068, 0.0247345212847, 0.0209823679179], "var": [0.0136102456599, 0.00840875785798, 0.0080303195864, 0.00568648613989, 0.00295277801342, 0.00205941172317], "dvar": [0.00376027496532, 0.00222056685016, 0.00141488946974, 0.00104547163937, 0.000537032203283, 0.000411828688812], "mean": [-0.632604897022, -0.721186637878, -0.777794480324, -0.817510843277, -0.827678024769, -0.807103812695]}, "dissonance": {"min": 0.0753708928823, "max": 0.500000119209, "dvar2": 0.00319017795846, "median": 0.447215914726, "dmean2": 0.0558311678469, "dmean": 0.0352044403553, "var": 0.00358126685023, "dvar": 0.00132627447601, "mean": 0.429491400719}, "spectral_energyband_high": {"min": 6.97873380442e-21, "max": 0.0270944461226, "dvar2": 8.95455286809e-07, "median": 7.7258766396e-05, "dmean2": 0.000517423148267, "dmean": 0.000359632424079, "var": 1.27690066165e-06, "dvar": 5.48101979803e-07, "mean": 0.000517485023011}, "spectral_skewness": {"min": -0.573624312878, "max": 11.3602209091, "dvar2": 1.54916656017, "median": 1.8945581913, "dmean2": 0.926103770733, "dmean": 0.653501689434, "var": 2.52873539925, "dvar": 0.831049561501, "mean": 2.34017419815}, "spectral_flux": {"min": 6.38394059838e-11, "max": 0.426637649536, "dvar2": 0.00569396605715, "median": 0.0518812164664, "dmean2": 0.0556217730045, "dmean": 0.0349481105804, "var": 0.00492316344753, "dvar": 0.00272489478812, "mean": 0.0739061385393}, "silence_rate_30dB": {"min": 0, "max": 1, "dvar2": 0.0908091440797, "median": 1, "dmean2": 0.0691045224667, "dmean": 0.034548945725, "var": 0.0209409911186, "dvar": 0.0333527587354, "mean": 0.978600919247}, "spectral_energyband_middle_high": {"min": 1.17063545407e-21, "max": 0.0619838424027, "dvar2": 5.9460094235e-06, "median": 0.000297253864119, "dmean2": 0.00110174564179, "dmean": 0.000768427271396, "var": 1.51506328621e-05, "dvar": 3.17981334774e-06, "mean": 0.00158070900943}, "barkbands_spread": {"min": 0.104551844299, "max": 136.195419312, "dvar2": 339.680206299, "median": 10.6747932434, "dmean2": 13.5840415955, "dmean": 8.6927614212, "var": 334.085174561, "dvar": 158.19190979, "mean": 17.2074947357}, "spectral_centroid": {"min": 93.4475402832, "max": 12302.6113281, "dvar2": 416988.4375, "median": 601.834899902, "dmean2": 452.597564697, "dmean": 288.955444336, "var": 772022.5, "dvar": 197669.03125, "mean": 854.247680664}, "pitch_salience": {"min": 0.0237014815211, "max": 0.890007734299, "dvar2": 0.0253906864673, "median": 0.594738960266, "dmean2": 0.163032770157, "dmean": 0.097165748477, "var": 0.0164100080729, "dvar": 0.008937779814, "mean": 0.579726278782}, "erbbands_skewness": {"min": -7.15284204483, "max": 9.57528591156, "dvar2": 1.3521143198, "median": 1.10005640984, "dmean2": 1.09565091133, "dmean": 0.731271207333, "var": 1.82559406757, "dvar": 0.631116449833, "mean": 1.19644188881}, "erbbands_crest": {"min": 2.07221460342, "max": 33.9688453674, "dvar2": 20.416343689, "median": 9.17991924286, "dmean2": 5.00078582764, "dmean": 3.12551569939, "var": 25.8045654297, "dvar": 8.94222545624, "mean": 10.1353693008}, "melbands": {"min": [2.930042e-24, 3.74278039362e-25, 1.64753925461e-24, 1.31571832546e-24, 7.32103151951e-25, 1.59017812135e-24, 2.54315384651e-24, 4.283859842e-24, 2.59161416356e-24, 4.31947691187e-24, 2.19385373186e-24, 3.29583877391e-24, 4.21624696824e-24, 2.84087113543e-24, 1.96685131498e-24, 3.65288155835e-24, 2.60342183359e-24, 4.26264934441e-24, 3.65781627774e-24, 2.72383336495e-24, 5.33809000586e-24, 5.70516197342e-24, 4.73109901018e-24, 5.42180274183e-24, 4.01168429146e-24, 4.7652724646e-24, 4.20069496992e-24, 5.31711932199e-24, 5.84131936566e-24, 6.93600034459e-24, 7.10341240589e-24, 6.87089644294e-24, 4.39276997857e-24, 5.98775364334e-24, 6.07319398469e-24, 6.0924346966e-24, 6.03884816417e-24, 6.94627762446e-24, 6.98407037271e-24, 6.99349489394e-24], "max": [0.0220942292362, 0.0177021902055, 0.012974916026, 0.0537065528333, 0.0143369371071, 0.00752850808203, 0.0178839210421, 0.0100156450644, 0.011774671264, 0.00474002584815, 0.00810968782753, 0.00383221684024, 0.00351176247932, 0.00446313433349, 0.00263598002493, 0.00220087612979, 0.00243087508716, 0.0015877452679, 0.000893927703146, 0.000935439951718, 0.000420718395617, 0.000248574098805, 0.000223509749048, 0.0001993640617, 0.000234939012444, 0.000321865139995, 0.000105303282908, 0.000108756612462, 0.00012098946172, 0.00010676230886, 0.000159997827723, 0.000222397080506, 0.000259901222307, 0.000278351799352, 0.000116992145195, 8.3188759163e-05, 0.000118089657917, 8.67362032295e-05, 7.71857303334e-05, 4.57513269794e-05], "dvar2": [8.5591145762e-06, 4.64546201329e-06, 3.96390669266e-06, 9.95433947537e-05, 5.35332810614e-06, 7.0106284511e-07, 4.89908586587e-07, 2.98971997381e-07, 2.62423412778e-07, 5.37188498129e-08, 1.01948046449e-07, 2.86576185005e-08, 1.02484243314e-08, 1.20658949498e-08, 5.62338797749e-09, 5.68373748067e-09, 5.71572034147e-09, 3.28663407601e-09, 8.64157634339e-10, 8.7756735212e-10, 1.89057158817e-10, 4.32641734938e-11, 5.09965923656e-11, 7.05985339633e-11, 7.57905405102e-11, 5.24936899504e-11, 4.57208403082e-11, 2.91302051925e-11, 2.89997002106e-11, 2.15280657884e-11, 2.00928301775e-11, 3.0280784824e-11, 5.02915036005e-11, 3.59701123054e-11, 1.88624393882e-11, 9.12110838247e-12, 6.96523698093e-12, 7.54324120528e-12, 8.11424278463e-12, 2.74182824882e-12], "median": [0.000258158746874, 0.000230949255638, 0.000225993921049, 0.000265110138571, 0.000180580740562, 0.000102474135929, 5.43182759429e-05, 2.85270434688e-05, 1.56779806275e-05, 1.06374709503e-05, 6.8704680416e-06, 3.83075530408e-06, 2.22674748329e-06, 1.64996265539e-06, 1.89201125522e-06, 1.29024351736e-06, 1.23187453482e-06, 8.69397069891e-07, 6.97870177646e-07, 5.81500842145e-07, 5.98126973728e-07, 5.04705724325e-07, 4.4112289288e-07, 5.38882375167e-07, 4.39277073383e-07, 3.50495980683e-07, 3.05442370063e-07, 2.7760253829e-07, 2.01834026825e-07, 1.45019171782e-07, 1.47587797983e-07, 1.74417209564e-07, 2.24443070351e-07, 1.51640563217e-07, 1.04551865832e-07, 8.42087430897e-08, 6.4256362009e-08, 6.84423113739e-08, 5.98839164923e-08, 4.44529320021e-08], "dmean2": [0.00140289228875, 0.00115692336112, 0.00107331585605, 0.00289136916399, 0.000815244799014, 0.000372828595573, 0.000286243652226, 0.000197542118258, 0.000132764645969, 7.61220071581e-05, 6.55933035887e-05, 5.55754304514e-05, 3.00369574688e-05, 2.48552860285e-05, 2.24041305046e-05, 1.88043031812e-05, 1.64491357282e-05, 1.3962500816e-05, 8.95285393199e-06, 7.02871193425e-06, 5.2216369113e-06, 2.49587014878e-06, 2.72367356047e-06, 3.73926422981e-06, 3.75309900846e-06, 2.64407572104e-06, 2.71066778623e-06, 2.1966800432e-06, 2.29353508985e-06, 1.6182549416e-06, 2.02248838832e-06, 2.0384511572e-06, 2.54328233495e-06, 2.00722547561e-06, 1.47999742239e-06, 1.30873331727e-06, 9.71508598013e-07, 9.65186927715e-07, 1.08362007722e-06, 7.05191155248e-07], "dmean": [0.000857764855027, 0.00071308988845, 0.000628213456366, 0.0016272139037, 0.000470218219562, 0.000229622150073, 0.000178442482138, 0.000126274651848, 8.75086261658e-05, 5.07252043462e-05, 4.25628386438e-05, 3.4918954043e-05, 1.89882703125e-05, 1.72529544216e-05, 1.43342767842e-05, 1.23383206301e-05, 1.13616106319e-05, 9.17176294024e-06, 5.77312403038e-06, 4.43517092208e-06, 3.3146889109e-06, 1.67152757058e-06, 1.76310254574e-06, 2.41245061261e-06, 2.46631020673e-06, 1.73912553691e-06, 1.80800532235e-06, 1.46631828102e-06, 1.51546896632e-06, 1.09108441393e-06, 1.30155842726e-06, 1.33604328312e-06, 1.6762494397e-06, 1.37145968893e-06, 9.94248921415e-07, 8.56948361161e-07, 6.6973700541e-07, 6.68167956519e-07, 6.93806043728e-07, 4.62075149699e-07], "var": [3.22732262248e-06, 2.43972817771e-06, 1.38784105275e-06, 2.44542625296e-05, 1.39676751587e-06, 3.3265527577e-07, 3.59386774562e-07, 2.55993541032e-07, 4.06033706213e-07, 9.84546559835e-08, 1.69827529817e-07, 2.66331241505e-08, 1.4388076508e-08, 2.94337034745e-08, 5.14384179695e-09, 5.64354296628e-09, 8.62297433457e-09, 3.9105896299e-09, 8.5509155312e-10, 5.88836257531e-10, 1.95015795179e-10, 4.07325700946e-11, 2.6042197912e-11, 4.70367148009e-11, 6.15390099989e-11, 7.02539276753e-11, 3.42661454766e-11, 2.49995649182e-11, 2.27912723416e-11, 1.68422515517e-11, 2.25183881958e-11, 3.17176389319e-11, 4.86441546765e-11, 4.41055005018e-11, 1.61513614982e-11, 9.41516222625e-12, 8.11447090077e-12, 6.79512912952e-12, 6.22000411246e-12, 2.97487728895e-12], "dvar": [3.49464471583e-06, 2.12343434214e-06, 1.53997245889e-06, 3.67209904653e-05, 1.94384074348e-06, 2.75412475048e-07, 2.10691851521e-07, 1.27514255155e-07, 1.20514698665e-07, 2.62870827328e-08, 4.32737721212e-08, 1.22507461953e-08, 4.98095031887e-09, 7.12518533064e-09, 2.71131495033e-09, 2.79153855587e-09, 3.16113379917e-09, 1.53861223762e-09, 4.55479431949e-10, 3.80311449e-10, 9.05359884285e-11, 1.9894709144e-11, 2.0935577924e-11, 3.08567581209e-11, 3.59349321133e-11, 2.59668068298e-11, 2.09110263827e-11, 1.31427490419e-11, 1.38751813858e-11, 9.62905970237e-12, 1.06312094544e-11, 1.55304727412e-11, 2.43333807964e-11, 1.99405873758e-11, 8.76337197253e-12, 4.70140376282e-12, 3.69926051597e-12, 3.71666412924e-12, 3.78569875101e-12, 1.47581361194e-12], "mean": [0.000877068494447, 0.000828401534818, 0.000645609747153, 0.00130855478346, 0.00049732561456, 0.000297055899864, 0.000248075724812, 0.000183732860023, 0.000169340710272, 9.37898512348e-05, 8.07645556051e-05, 5.07479853695e-05, 2.85140995402e-05, 2.92161257676e-05, 1.93178348127e-05, 1.6844496713e-05, 1.83540196304e-05, 1.34348329084e-05, 7.30330202714e-06, 5.67595998291e-06, 4.25219468525e-06, 2.39985456574e-06, 2.37600829678e-06, 3.39955818163e-06, 3.20858134728e-06, 2.53665098171e-06, 2.50145217251e-06, 2.15626073441e-06, 1.97882536668e-06, 1.44474006447e-06, 1.81568316293e-06, 1.86549982573e-06, 2.19962589654e-06, 1.80424626706e-06, 1.29043462493e-06, 1.15129125788e-06, 8.90915714535e-07, 8.4121626287e-07, 8.31169984394e-07, 6.04823526373e-07]}, "spectral_entropy": {"min": 3.73551726341, "max": 9.81297302246, "dvar2": 0.459782093763, "median": 7.24195575714, "dmean2": 0.620848059654, "dmean": 0.440246134996, "var": 0.920954465866, "dvar": 0.250892758369, "mean": 7.07003307343}, "spectral_rolloff": {"min": 21.533203125, "max": 19207.6171875, "dvar2": 4868583, "median": 409.130859375, "dmean2": 985.527526855, "dmean": 556.388244629, "var": 3661852.75, "dvar": 2140094.5, "mean": 1003.03704834}, "barkbands": {"min": [6.52288572144e-25, 8.44797848719e-24, 3.16114955042e-25, 2.68445342856e-24, 7.47626830161e-24, 6.6547548658e-24, 1.37922989165e-23, 1.70876833065e-23, 3.36914162249e-23, 2.29332846092e-23, 1.79020212635e-23, 2.72233374037e-23, 2.80991339361e-23, 2.94214288963e-23, 5.97786235311e-23, 6.74856494247e-23, 8.11148434604e-23, 1.15306410121e-22, 1.52409555098e-22, 1.99163523415e-22, 3.01231446529e-22, 3.67826124893e-22, 3.73434357949e-22, 7.14219921355e-22, 9.6299534886e-22, 1.34426745011e-21, 1.91101501278e-21], "max": [0.0164289921522, 0.0676634609699, 0.0369630604982, 0.0250927694142, 0.197479054332, 0.0376163348556, 0.0737642943859, 0.0636637285352, 0.0370593890548, 0.0572759658098, 0.0159166716039, 0.0366810262203, 0.0189624708146, 0.0192983970046, 0.0126198446378, 0.00652457866818, 0.00392386130989, 0.00472538964823, 0.00656691100448, 0.00291500962339, 0.00412094499916, 0.013840874657, 0.00973271206021, 0.00685017416254, 0.00312614697032, 0.00127165275626, 0.000561752123758], "dvar2": [2.75422098639e-06, 8.66166883497e-05, 1.82362673513e-05, 7.52839423512e-06, 0.00135458819568, 2.49882741628e-05, 1.13432552098e-05, 8.2025771917e-06, 3.28684882334e-06, 3.04829245579e-06, 5.41941233223e-07, 7.59761121572e-07, 5.47807132989e-07, 5.57913836019e-07, 2.40423588593e-07, 1.04219324726e-07, 1.55767931886e-08, 2.8981755662e-08, 3.03919840405e-08, 2.84099623826e-08, 2.97903088864e-08, 9.49323677446e-08, 5.7341740245e-08, 4.40092868814e-08, 2.06326618013e-08, 4.25048405361e-08, 1.0723933741e-08], "median": [0.000333124597091, 0.000811455771327, 0.000322510808473, 0.00033669261029, 0.00127158174291, 0.00058089842787, 0.000219901499804, 8.30210774438e-05, 7.36945221433e-05, 3.6597099097e-05, 1.3911080714e-05, 1.57437807502e-05, 1.46787397171e-05, 1.21221100926e-05, 1.00932466012e-05, 8.82328549778e-06, 8.77013189893e-06, 1.10932214739e-05, 1.04926175482e-05, 9.44249313761e-06, 6.96006145517e-06, 1.06831112134e-05, 7.24031906429e-06, 6.02522959525e-06, 4.40475832875e-06, 3.547700544e-06, 3.08714277253e-07], "dmean2": [0.000935139658395, 0.00469966698438, 0.00209988839924, 0.00161830557045, 0.0110615724698, 0.00215117656626, 0.00136961915996, 0.000774296291638, 0.000591478834394, 0.000481151335407, 0.000224294897635, 0.000207549674087, 0.000204978132388, 0.000164693512488, 0.000140461459523, 9.65503350017e-05, 4.49996296084e-05, 7.1435541031e-05, 7.37942318665e-05, 7.52186097088e-05, 7.70760307205e-05, 0.000106497245724, 8.86289781192e-05, 8.23113514343e-05, 6.36908807792e-05, 0.000104940249003, 4.53351058241e-05], "dmean": [0.000637290242594, 0.00291925552301, 0.00123656529468, 0.000957773649134, 0.00632329471409, 0.00129744026344, 0.000856662576552, 0.000498926150613, 0.000384386978112, 0.000305181893054, 0.000139843745274, 0.000142550532473, 0.000131147622596, 0.000112288151286, 9.15327182156e-05, 5.94408447796e-05, 2.95293502859e-05, 4.59038710687e-05, 4.97739456478e-05, 5.02468683408e-05, 5.11069665663e-05, 7.24506680854e-05, 6.13565498497e-05, 5.56158011022e-05, 4.24369536631e-05, 7.08652514732e-05, 2.82288747258e-05], "var": [1.88594310657e-06, 3.84610139008e-05, 6.28595989838e-06, 3.14216094921e-06, 0.000356197211659, 9.73358692136e-06, 8.90941828402e-06, 1.01228315543e-05, 5.86582245887e-06, 4.5023812163e-06, 6.99715428709e-07, 1.73528928826e-06, 4.58383368596e-07, 8.65686558882e-07, 2.178330476e-07, 7.0853708678e-08, 1.18907035329e-08, 1.72283449729e-08, 3.7604259262e-08, 2.64325024091e-08, 3.08052570119e-08, 1.00472206555e-07, 7.05895075725e-08, 4.77752415406e-08, 2.24448193364e-08, 3.08042977792e-08, 4.09579881122e-09], "dvar": [1.16556066132e-06, 3.72898866772e-05, 7.05838965587e-06, 2.89568697553e-06, 0.000509048462845, 9.43345094129e-06, 4.90316278956e-06, 3.625762929e-06, 1.58308228038e-06, 1.34209233238e-06, 2.62281218966e-07, 4.5629067813e-07, 2.50039164484e-07, 2.97479232358e-07, 1.2284979789e-07, 4.39904077609e-08, 6.75004052653e-09, 1.22765415611e-08, 1.57492845432e-08, 1.36715971877e-08, 1.55290393877e-08, 4.79509054685e-08, 3.13305932309e-08, 2.27680825304e-08, 1.09559161743e-08, 2.35869794807e-08, 4.52137660645e-09], "mean": [0.000881001411472, 0.00306222494692, 0.00124046124984, 0.00101789482869, 0.00541861634701, 0.00162221549544, 0.00118143181317, 0.000853533507325, 0.000695323338732, 0.000509343459271, 0.00020164749003, 0.000237267668126, 0.000172279265826, 0.000190451857634, 0.00011349383567, 7.39900715416e-05, 4.20075775764e-05, 6.47116976324e-05, 7.19816234778e-05, 7.43136115489e-05, 7.05387428752e-05, 0.000103144804598, 8.45579852466e-05, 7.44174976717e-05, 5.66313065065e-05, 7.22436234355e-05, 2.21849313675e-05]}, "melbands_flatness_db": {"min": 0.0041208867915, "max": 0.738588213921, "dvar2": 0.00648617744446, "median": 0.261638373137, "dmean2": 0.0781298950315, "dmean": 0.0543658956885, "var": 0.0135169541463, "dvar": 0.00326081411913, "mean": 0.285947114229}, "melbands_skewness": {"min": -2.88482880592, "max": 25.3747653961, "dvar2": 5.34337615967, "median": 2.89174342155, "dmean2": 2.07682871819, "dmean": 1.355027318, "var": 5.23561048508, "dvar": 2.28205370903, "mean": 3.27771067619}, "barkbands_skewness": {"min": -5.14971256256, "max": 39.6178245544, "dvar2": 3.90280938148, "median": 1.99914264679, "dmean2": 1.66580045223, "dmean": 1.09246683121, "var": 4.45848894119, "dvar": 1.78991985321, "mean": 2.24692153931}, "silence_rate_60dB": {"min": 0, "max": 1, "dvar2": 0.147962287068, "median": 0, "dmean2": 0.156252995133, "dmean": 0.0781190022826, "var": 0.172205045819, "dvar": 0.0720167458057, "mean": 0.221092030406}, "spectral_energyband_low": {"min": 1.02436996422e-23, "max": 0.0979592055082, "dvar2": 0.000174710090505, "median": 0.00187945086509, "dmean2": 0.00680362898856, "dmean": 0.00429149670526, "var": 8.45778558869e-05, "dvar": 7.74061554694e-05, "mean": 0.00510933855549}, "spectral_energyband_middle_low": {"min": 1.97332305885e-22, "max": 0.21979765594, "dvar2": 0.00165474216919, "median": 0.00438535073772, "dmean2": 0.0148343779147, "dmean": 0.00886755436659, "var": 0.000548727577552, "dvar": 0.000648709305096, "mean": 0.0110075734556}, "melbands_kurtosis": {"min": -1.94016563892, "max": 1195.37133789, "dvar2": 3728.61816406, "median": 16.0996837616, "dmean2": 32.2926673889, "dmean": 19.8345813751, "var": 1762.34521484, "dvar": 1430.14404297, "mean": 28.3140602112}, "spectral_decrease": {"min": -5.88593067619e-08, "max": 1.04343778825e-28, "dvar2": 1.2274014302e-16, "median": -2.21878582174e-09, "dmean2": 5.14799225471e-09, "dmean": 3.20646731389e-09, "var": 4.95835650355e-17, "dvar": 4.97618423099e-17, "mean": -4.56980053798e-09}, "erbbands_kurtosis": {"min": -1.90568816662, "max": 141.985137939, "dvar2": 130.944107056, "median": 1.36124229431, "dmean2": 6.13115358353, "dmean": 3.93678402901, "var": 100.176071167, "dvar": 58.5275268555, "mean": 4.62934970856}, "melbands_crest": {"min": 1.74355649948, "max": 39.6019515991, "dvar2": 40.3862609863, "median": 14.1739597321, "dmean2": 6.84145927429, "dmean": 4.14003372192, "var": 29.8205490112, "dvar": 14.9855928421, "mean": 15.1232099533}, "gfcc": {"cov": [[23688.8515625, -2442.23095703, -2759.7109375, 494.402069092, -657.271789551, 842.792419434, -394.514923096, 413.440979004, -307.229858398, 310.976470947, -105.762954712, 142.212158203, -183.109054565], [-2442.23095703, 2969.82983398, 177.456588745, -576.798034668, 234.509307861, -284.429077148, 276.043823242, -149.608764648, 184.263916016, -145.003555298, 126.684883118, -149.568405151, 98.1665115356], [-2759.7109375, 177.456588745, 1845.43115234, 141.819488525, 223.236755371, -177.511154175, 12.0896196365, -42.1911277771, 12.2510118484, -16.2999267578, -55.0775299072, 65.7299499512, -25.8322162628], [494.402069092, -576.798034668, 141.819488525, 880.718322754, 37.6037025452, 124.010856628, -103.917930603, 102.064285278, 19.017660141, 36.4087486267, -7.56038045883, 27.1237545013, -13.6515417099], [-657.271789551, 234.509307861, 223.236755371, 37.6037025452, 574.980895996, 113.197013855, 72.7211380005, 39.676410675, 87.3481292725, 51.0031356812, 2.77039980888, 17.1648693085, 0.423381686211], [842.792419434, -284.429077148, -177.511154175, 124.010856628, 113.197013855, 356.727844238, 55.7007369995, 80.7094268799, -4.69957542419, 75.8712234497, 22.4418792725, 17.7091178894, -13.1414012909], [-394.514923096, 276.043823242, 12.0896196365, -103.917930603, 72.7211380005, 55.7007369995, 213.907913208, 37.2256317139, 41.2284202576, -4.58056116104, 34.9565544128, -10.7767190933, 1.69707334042], [413.440979004, -149.608764648, -42.1911277771, 102.064285278, 39.676410675, 80.7094268799, 37.2256317139, 155.955551147, 50.6819152832, 37.8642082214, -3.05162811279, 18.0453701019, -6.08077907562], [-307.229858398, 184.263916016, 12.2510118484, 19.017660141, 87.3481292725, -4.69957542419, 41.2284202576, 50.6819152832, 145.180480957, 30.858745575, 15.011341095, -20.7800140381, 12.976811409], [310.976470947, -145.003555298, -16.2999267578, 36.4087486267, 51.0031356812, 75.8712234497, -4.58056116104, 37.8642082214, 30.858745575, 112.026992798, 26.9995689392, 18.3227157593, -16.0688648224], [-105.762954712, 126.684883118, -55.0775299072, -7.56038045883, 2.77039980888, 22.4418792725, 34.9565544128, -3.05162811279, 15.011341095, 26.9995689392, 95.0775756836, 16.1760368347, 8.54767131805], [142.212158203, -149.568405151, 65.7299499512, 27.1237545013, 17.1648693085, 17.7091178894, -10.7767190933, 18.0453701019, -20.7800140381, 18.3227157593, 16.1760368347, 98.1410446167, 13.5066537857], [-183.109054565, 98.1665115356, -25.8322162628, -13.6515417099, 0.423381686211, -13.1414012909, 1.69707334042, -6.08077907562, 12.976811409, -16.0688648224, 8.54767131805, 13.5066537857, 80.3185806274]], "icov": [[6.59176148474e-05, -1.24644184325e-05, 9.04472180991e-05, -1.34118354254e-05, 5.81408385187e-05, -9.06493296498e-05, 9.58675955189e-05, -0.000126600294607, 0.000110595210572, -0.000127749997773, 0.000150534673594, -0.000126467799419, 0.000127394276205], [-1.24644184325e-05, 0.000691784720402, -8.23822629172e-05, 0.000274132122286, -0.000321031635394, 0.00036755570909, -0.000465414574137, 0.000352333241608, -0.000596542027779, 0.000790546298958, -0.00109266897198, 0.000905796303414, -0.000536985578947], [9.04472180991e-05, -8.23822629172e-05, 0.000835145416204, -0.000272707751719, -0.00020536260854, 0.000398786272854, -0.000211160964682, 0.00015739632363, 0.000222821807256, -0.000424400059273, 0.000859102467075, -0.000920220161788, 0.000554258935153], [-1.34118354254e-05, 0.000274132122286, -0.000272707751719, 0.00162747513968, -9.882717859e-05, -0.000537807005458, 0.00105284783058, -0.000901369960047, -0.000524020404555, 0.000862854183652, -0.000928222085349, 0.000457078509498, -7.54654101911e-05], [5.81408385187e-05, -0.000321031635394, -0.00020536260854, -9.882717859e-05, 0.00252768490463, -0.00116198963951, -0.000157507151016, 0.000277972343611, -0.00119230675045, -0.000772827363107, 0.00118976971135, -0.00106233556289, 0.000353050534613], [-9.06493296498e-05, 0.00036755570909, 0.000398786272854, -0.000537807005458, -0.00116198963951, 0.0050795651041, -0.00193932233378, -0.00100644654594, 0.0018747523427, -0.00229032151401, -0.000617774145212, 0.000848344585393, -0.00065506529063], [9.58675955189e-05, -0.000465414574137, -0.000211160964682, 0.00105284783058, -0.000157507151016, -0.00193932233378, 0.00757275521755, -0.00251957611181, -0.000826955074444, 0.00218650279567, -0.00235257972963, 0.0003420508001, 0.000995091395453], [-0.000126600294607, 0.000352333241608, 0.00015739632363, -0.000901369960047, 0.000277972343611, -0.00100644654594, -0.00251957611181, 0.0107273543254, -0.00426562363282, -0.000932838011067, 0.00221004034393, -0.00242128386162, 0.000551950535737], [0.000110595210572, -0.000596542027779, 0.000222821807256, -0.000524020404555, -0.00119230675045, 0.0018747523427, -0.000826955074444, -0.00426562363282, 0.0120433829725, -0.00431580282748, -0.000245959294261, 0.00320989079773, -0.00235147052445], [-0.000127749997773, 0.000790546298958, -0.000424400059273, 0.000862854183652, -0.000772827363107, -0.00229032151401, 0.00218650279567, -0.000932838011067, -0.00431580282748, 0.0152955269441, -0.00540576828644, -0.000860134139657, 0.00274253170937], [0.000150534673594, -0.00109266897198, 0.000859102467075, -0.000928222085349, 0.00118976971135, -0.000617774145212, -0.00235257972963, 0.00221004034393, -0.000245959294261, -0.00540576828644, 0.0159791242331, -0.00463235424832, -5.64220645174e-05], [-0.000126467799419, 0.000905796303414, -0.000920220161788, 0.000457078509498, -0.00106233556289, 0.000848344585393, 0.0003420508001, -0.00242128386162, 0.00320989079773, -0.000860134139657, -0.00463235424832, 0.0149643309414, -0.00437396997586], [0.000127394276205, -0.000536985578947, 0.000554258935153, -7.54654101911e-05, 0.000353050534613, -0.00065506529063, 0.000995091395453, 0.000551950535737, -0.00235147052445, 0.00274253170937, -5.64220645174e-05, -0.00437396997586, 0.0151444673538]], "mean": [-106.877304077, 95.8057479858, -63.5387611389, 23.2895908356, -61.6588363647, 0.204259470105, -36.7007904053, 0.431134104729, -22.6432609558, 1.83111190796, -14.2828636169, 2.08808898926, -11.85542202]}, "melbands_spread": {"min": 0.293600946665, "max": 291.206451416, "dvar2": 413.914581299, "median": 7.90291929245, "dmean2": 10.7990903854, "dmean": 6.80963087082, "var": 437.28112793, "dvar": 196.571807861, "mean": 13.5559196472}, "spectral_energy": {"min": 1.02109921312e-20, "max": 0.231024757028, "dvar2": 0.00186333060265, "median": 0.0088674267754, "dmean2": 0.020133651793, "dmean": 0.0126034701243, "var": 0.000775429536588, "dvar": 0.000761047413107, "mean": 0.0182083547115}, "mfcc": {"cov": [[18658.9902344, -1951.56408691, -2170.37573242, -477.792419434, -441.537078857, 227.300552368, 12.2586097717, 142.736846924, -73.6392593384, 79.2911224365, 131.702941895, -25.3913173676, 105.464698792], [-1951.56408691, 2895.47753906, 158.753997803, -222.206497192, -40.3370666504, -116.845848083, 37.5908851624, -43.6127052307, 17.975944519, 34.9118690491, 4.34598255157, -31.3852024078, 15.2709274292], [-2170.37573242, 158.753997803, 1272.89477539, 352.426574707, 122.159965515, -56.2764205933, -31.4596748352, -27.453962326, -1.43586373329, -73.7560653687, -42.552318573, 27.6495418549, -49.8209228516], [-477.792419434, -222.206497192, 352.426574707, 552.122253418, 200.582061768, 16.732301712, -45.3075256348, 31.4705467224, 28.2563343048, -6.2060713768, -4.84639930725, 34.2548561096, -2.37355589867], [-441.537078857, -40.3370666504, 122.159965515, 200.582061768, 427.086669922, 135.145797729, 45.0533065796, 23.7034606934, 87.6390075684, 12.3551054001, 6.85040712357, 67.5922775269, 17.5177345276], [227.300552368, -116.845848083, -56.2764205933, 16.732301712, 135.145797729, 225.922698975, 106.698295593, 40.55311203, 26.6923732758, 27.0305328369, 40.9191513062, 27.8328552246, 20.3875141144], [12.2586097717, 37.5908851624, -31.4596748352, -45.3075256348, 45.0533065796, 106.698295593, 174.470367432, 63.9193916321, 17.6919498444, 18.2031097412, 32.2487792969, 21.4172458649, 13.9366979599], [142.736846924, -43.6127052307, -27.453962326, 31.4705467224, 23.7034606934, 40.55311203, 63.9193916321, 126.73664856, 51.1340522766, 15.7952880859, 23.9602508545, 26.3150920868, 16.981552124], [-73.6392593384, 17.975944519, -1.43586373329, 28.2563343048, 87.6390075684, 26.6923732758, 17.6919498444, 51.1340522766, 132.450637817, 46.5523910522, 6.86312961578, 22.213180542, 11.6405038834], [79.2911224365, 34.9118690491, -73.7560653687, -6.2060713768, 12.3551054001, 27.0305328369, 18.2031097412, 15.7952880859, 46.5523910522, 124.844062805, 55.2006607056, -11.5514879227, 2.79741382599], [131.702941895, 4.34598255157, -42.552318573, -4.84639930725, 6.85040712357, 40.9191513062, 32.2487792969, 23.9602508545, 6.86312961578, 55.2006607056, 102.432785034, 32.3214569092, 8.78696727753], [-25.3913173676, -31.3852024078, 27.6495418549, 34.2548561096, 67.5922775269, 27.8328552246, 21.4172458649, 26.3150920868, 22.213180542, -11.5514879227, 32.3214569092, 109.714958191, 37.5512924194], [105.464698792, 15.2709274292, -49.8209228516, -2.37355589867, 17.5177345276, 20.3875141144, 13.9366979599, 16.981552124, 11.6405038834, 2.79741382599, 8.78696727753, 37.5512924194, 82.7496490479]], "icov": [[7.41108160582e-05, 3.87262771255e-05, 0.000112642163003, -8.0861900642e-06, 7.19717136235e-05, -8.43455636641e-05, 6.55394615023e-05, -6.25256579951e-05, 1.60592444445e-05, 3.29543108819e-05, -4.55996741948e-05, 4.6250147534e-06, -2.73069435934e-05], [3.87262771255e-05, 0.0004133406037, -4.95593594678e-05, 0.000220243207878, -0.000101365949376, 0.000337562436471, -0.00022753594385, 0.000120536176837, -7.31509935576e-05, -8.35015016492e-05, -0.000154197070515, 0.000203773073736, -0.000260263885139], [0.000112642163003, -4.95593594678e-05, 0.00126781279687, -0.000788774515968, 0.000126968167024, 0.000163037751918, -0.0003053045657, 0.000385083840229, -0.000194852749701, 0.000623633211944, 5.74508703721e-06, -0.000340169353876, 0.000671699235681], [-8.0861900642e-06, 0.000220243207878, -0.000788774515968, 0.00309666758403, -0.00151225551963, 0.000162849464687, 0.00148546602577, -0.0016689299373, 0.000918810022995, -0.000597535516135, 2.25518142543e-05, 0.000108201107651, -0.00020463236433], [7.19717136235e-05, -0.000101365949376, 0.000126968167024, -0.00151225551963, 0.00465728668496, -0.00262277014554, -0.000264006026555, 0.00157079612836, -0.0026042049285, 0.000281908665784, 0.000954729970545, -0.00199832813814, 0.000504672236275], [-8.43455636641e-05, 0.000337562436471, 0.000163037751918, 0.000162849464687, -0.00262277014554, 0.00859372317791, -0.00439625326544, 0.000318418547977, 0.00038164970465, -6.27660847385e-05, -0.00201898324303, 0.00107820599806, -0.00106540799607], [6.55394615023e-05, -0.00022753594385, -0.0003053045657, 0.00148546602577, -0.000264006026555, -0.00439625326544, 0.0106616327539, -0.00496063474566, 0.001556601841, -0.000546851137187, -0.000248475582339, -0.000415992282797, 0.000193320331164], [-6.25256579951e-05, 0.000120536176837, 0.000385083840229, -0.0016689299373, 0.00157079612836, 0.000318418547977, -0.00496063474566, 0.0132651012391, -0.00565973762423, 0.00194485357497, -0.00203060661443, -0.000578776584007, -0.000847615476232], [1.60592444445e-05, -7.31509935576e-05, -0.000194852749701, 0.000918810022995, -0.0026042049285, 0.00038164970465, 0.001556601841, -0.00565973762423, 0.0134226391092, -0.00643832329661, 0.00410077814013, -0.00237638968974, 0.000231059646467], [3.29543108819e-05, -8.35015016492e-05, 0.000623633211944, -0.000597535516135, 0.000281908665784, -6.27660847385e-05, -0.000546851137187, 0.00194485357497, -0.00643832329661, 0.0153758255765, -0.00962283834815, 0.00565625540912, -0.00117854413111], [-4.55996741948e-05, -0.000154197070515, 5.74508703721e-06, 2.25518142543e-05, 0.000954729970545, -0.00201898324303, -0.000248475582339, -0.00203060661443, 0.00410077814013, -0.00962283834815, 0.0182357300073, -0.00752870226279, 0.0020730777178], [4.6250147534e-06, 0.000203773073736, -0.000340169353876, 0.000108201107651, -0.00199832813814, 0.00107820599806, -0.000415992282797, -0.000578776584007, -0.00237638968974, 0.00565625540912, -0.00752870226279, 0.0157939083874, -0.00612362334505], [-2.73069435934e-05, -0.000260263885139, 0.000671699235681, -0.00020463236433, 0.000504672236275, -0.00106540799607, 0.000193320331164, -0.000847615476232, 0.000231059646467, -0.00117854413111, 0.0020730777178, -0.00612362334505, 0.0154291214421]], "mean": [-761.872802734, 132.279327393, 43.9939804077, 26.5440101624, 2.03824448586, 1.28126466274, -4.53388977051, -2.31637597084, -5.91831827164, -1.51683175564, 0.325123310089, -4.19034194946, -1.57411658764]}, "spectral_contrast_valleys": {"min": [-28.099155426, -27.6967868805, -27.626750946, -27.6021137238, -27.4753646851, -27.3085727692], "max": [-5.25631046295, -4.51623249054, -5.30950784683, -5.96815013885, -6.09307193756, -7.4937286377], "dvar2": [0.748626470566, 0.895217180252, 0.788168609142, 1.02418792248, 0.9301019907, 1.1426949501], "median": [-7.38135576248, -7.26036596298, -8.49361991882, -8.92617988586, -8.70709133148, -10.8326683044], "dmean2": [0.907332479954, 0.909890174866, 0.87357634306, 0.900888681412, 0.837235748768, 0.919077754021], "dmean": [0.623091042042, 0.604973435402, 0.626474380493, 0.649887084961, 0.623995482922, 0.719864547253], "var": [3.41585230827, 2.94529175758, 3.27026867867, 3.40214276314, 3.46459078789, 3.63164591789], "dvar": [0.455848067999, 0.44058328867, 0.433215022087, 0.554705142975, 0.537028849125, 0.678054392338], "mean": [-7.92037630081, -7.4969997406, -8.73241996765, -9.25176715851, -9.0638589859, -11.0459022522]}, "barkbands_flatness_db": {"min": 0.0217249710113, "max": 0.575448989868, "dvar2": 0.00484794285148, "median": 0.170847937465, "dmean2": 0.0665261298418, "dmean": 0.0464311093092, "var": 0.00892128609121, "dvar": 0.00245105521753, "mean": 0.193234369159}, "dynamic_complexity": 5.81259679794, "erbbands_flatness_db": {"min": 0.0282705686986, "max": 0.455378443003, "dvar2": 0.00320664350875, "median": 0.155508309603, "dmean2": 0.052316647023, "dmean": 0.0383270010352, "var": 0.00621699541807, "dvar": 0.0