{"lowlevel": {"spectral_complexity": {"min": 0, "max": 63, "dvar2": 92.7216720581, "median": 16, "dmean2": 8.32025432587, "dmean": 5.50460290909, "var": 167.766921997, "dvar": 45.8401222229, "mean": 18.3210601807}, "silence_rate_20dB": {"min": 1, "max": 1, "dvar2": 0, "median": 1, "dmean2": 0, "dmean": 0, "var": 0, "dvar": 0, "mean": 1}, "average_loudness": 0.821796894073, "erbbands_spread": {"min": 1.71565282345, "max": 193.705764771, "dvar2": 635.777770996, "median": 41.2978668213, "dmean2": 21.9028263092, "dmean": 14.3582010269, "var": 715.059082031, "dvar": 283.449127197, "mean": 47.1763114929}, "spectral_kurtosis": {"min": -1.50285673141, "max": 78.6162185669, "dvar2": 15.6791734695, "median": 2.52010464668, "dmean2": 2.35974645615, "dmean": 1.45406234264, "var": 20.5556735992, "dvar": 6.63816404343, "mean": 3.45112085342}, "barkbands_kurtosis": {"min": -1.95762658119, "max": 956.619018555, "dvar2": 2416.93847656, "median": 1.65031719208, "dmean2": 16.386177063, "dmean": 9.26386928558, "var": 668.695129395, "dvar": 810.789978027, "mean": 8.37234687805}, "spectral_strongpeak": {"min": 0, "max": 10.4204158783, "dvar2": 1.54607188702, "median": 0.440301120281, "dmean2": 0.844691336155, "dmean": 0.499477088451, "var": 1.05164361, "dvar": 0.615582823753, "mean": 0.789344131947}, "spectral_spread": {"min": 1018078.625, "max": 41029364, "dvar2": 2825771286530.0, "median": 5141318.5, "dmean2": 1443760.875, "dmean": 1026383.3125, "var": 4234680729600.0, "dvar": 1595223179260.0, "mean": 5488507.5}, "spectral_rms": {"min": 3.19424629976e-12, "max": 0.0193780548871, "dvar2": 9.13269377634e-06, "median": 0.00394861167297, "dmean2": 0.00234161852859, "dmean": 0.00158940593246, "var": 1.15095817819e-05, "dvar": 4.60376759293e-06, "mean": 0.00489066913724}, "erbbands": {"min": [9.7992710592e-22, 4.27310195335e-21, 4.19018719436e-21, 2.52378685627e-20, 3.10383595171e-20, 1.12428635946e-20, 2.60997859142e-20, 1.56635554103e-19, 4.19209395876e-19, 5.76681371751e-19, 5.17894369399e-19, 8.65269539725e-19, 1.04309646592e-18, 1.7402604162e-18, 2.65390435703e-18, 2.96622707681e-18, 4.46420815276e-18, 5.96209203497e-18, 6.67232543893e-18, 5.40629986882e-18, 7.3116479577e-18, 6.94239453226e-18, 7.31524702055e-18, 1.16305184089e-17, 1.75486366953e-17, 1.18275478677e-17, 9.63825721227e-18, 1.77526707196e-17, 1.35762540048e-17, 1.83129052592e-17, 1.8058396674e-17, 1.69462655753e-17, 1.50035839302e-17, 9.75056765994e-18, 1.01440177727e-17, 5.15680772042e-18, 2.61204757047e-18, 1.06897967107e-18, 2.99099565609e-19, 2.97378344926e-20], "max": [6.30474901199, 69.9377441406, 160.812484741, 194.312759399, 99.1086654663, 151.270721436, 167.990585327, 232.004882812, 251.854293823, 386.04699707, 793.193359375, 905.168945312, 577.239318848, 1765.2520752, 1103.15917969, 909.742614746, 983.365661621, 746.073669434, 948.444885254, 607.69354248, 627.082702637, 879.214294434, 751.097412109, 792.363891602, 781.178649902, 367.372467041, 541.863220215, 650.034179688, 505.294891357, 558.066040039, 254.682601929, 259.009277344, 236.911941528, 196.473312378, 190.995742798, 30.8831176758, 7.73346614838, 1.21471333504, 0.0854073837399, 0.00358661194332], "dvar2": [1.04643166065, 194.768478394, 849.466552734, 465.562255859, 247.373153687, 138.669387817, 107.244018555, 187.635009766, 206.100585938, 298.468048096, 1521.75256348, 1695.30957031, 1564.21972656, 7951.21582031, 2910.10498047, 2390.25244141, 2217.2890625, 3461.27416992, 4454.52587891, 1333.35131836, 901.323364258, 966.021362305, 882.368469238, 986.729675293, 1362.02856445, 799.00402832, 1604.33898926, 941.846679688, 1191.86022949, 1700.87597656, 390.382415771, 165.259963989, 120.919471741, 71.0058746338, 27.4528274536, 4.65505933762, 0.939012229443, 0.0164653658867, 4.3002946768e-05, 5.2675186879e-08], "median": [0.0260929055512, 0.356848180294, 1.63246583939, 1.50949335098, 1.71596121788, 2.11586213112, 2.42888259888, 2.35086870193, 2.32121920586, 3.2042350769, 5.61311912537, 4.98874378204, 5.71990776062, 6.48969841003, 7.18001747131, 8.9108581543, 7.59481334686, 7.49247646332, 8.11932277679, 6.88710021973, 6.94317340851, 6.46853017807, 6.93735361099, 7.1753616333, 7.69021701813, 6.92516851425, 5.46442222595, 4.21345996857, 4.10930490494, 2.87380027771, 1.8850300312, 1.18901157379, 0.89991414547, 0.454686701298, 0.180637300014, 0.0563685335219, 0.0164972972125, 0.00297808693722, 0.000206750730285, 3.13200653181e-05], "dmean2": [0.539544165134, 7.49906682968, 13.7677125931, 9.98722743988, 6.7885260582, 6.57187080383, 5.73500871658, 6.30714225769, 6.60889911652, 7.79241085052, 15.9491519928, 16.702665329, 17.9666290283, 30.6490840912, 19.9676265717, 21.795665741, 22.0483283997, 26.7729492188, 30.0379047394, 18.9574451447, 15.6302499771, 15.6534938812, 17.2948608398, 14.7775154114, 21.5241737366, 17.7356529236, 22.4834156036, 14.1225576401, 14.7892589569, 16.2173919678, 8.51320743561, 6.10750770569, 5.13617420197, 3.78303098679, 2.29177284241, 1.04944908619, 0.465085297823, 0.0625135153532, 0.00293029122986, 0.000104345584987], "dmean": [0.331192374229, 4.22334909439, 8.35939025879, 6.29341077805, 3.97799777985, 4.08658838272, 3.72112369537, 4.06860208511, 4.36825847626, 5.10837078094, 10.777299881, 11.13859272, 11.9831056595, 19.9186840057, 13.1694889069, 14.2162981033, 14.4410896301, 16.9313488007, 18.8455276489, 12.0854310989, 9.80676746368, 9.91349029541, 11.1107625961, 9.31217193604, 12.8270988464, 10.9336385727, 13.4784765244, 9.29864788055, 9.72605705261, 9.83738422394, 5.89658355713, 4.27366256714, 3.52916121483, 2.56514215469, 1.50402033329, 0.681273281574, 0.294809788465, 0.0402352884412, 0.00197925721295, 7.91065976955e-05], "var": [0.63205075264, 66.2316741943, 333.279327393, 226.298431396, 76.3153457642, 120.324684143, 87.4789352417, 155.005706787, 244.634490967, 253.119552612, 1395.4552002, 1795.35974121, 2101.36572266, 6722.96679688, 3095.70166016, 3036.65893555, 2973.32543945, 2494.59521484, 3217.65307617, 955.890686035, 731.741760254, 989.38470459, 1218.34851074, 822.179443359, 964.864257812, 571.258850098, 772.860351562, 680.495422363, 776.054199219, 741.910705566, 301.412994385, 129.652618408, 98.9954223633, 52.796497345, 16.7476539612, 2.37228703499, 0.397233277559, 0.00763259222731, 2.75857109955e-05, 4.49212826936e-08], "dvar": [0.465033769608, 69.0474853516, 332.006744385, 206.050094604, 90.4551544189, 57.5387763977, 45.2746162415, 79.849357605, 90.7318649292, 130.752655029, 710.544128418, 707.683349609, 708.479797363, 3436.74951172, 1193.27563477, 1091.53515625, 1069.18664551, 1351.55090332, 1774.66625977, 548.774047852, 367.09564209, 400.253723145, 398.70614624, 391.533813477, 548.924133301, 325.588775635, 605.014831543, 432.691772461, 516.075805664, 645.957092285, 182.0652771, 78.0035400391, 58.4577255249, 34.1657104492, 12.850892067, 2.07703781128, 0.406087934971, 0.00720160733908, 2.05458018172e-05, 2.73958722374e-08], "mean": [0.381301939487, 3.99538660049, 8.50142383575, 6.60320091248, 4.5644068718, 6.55663442612, 5.92905855179, 6.64522504807, 7.51866292953, 8.35825538635, 17.3894119263, 19.1783828735, 21.0443191528, 30.4071102142, 22.385679245, 23.6706790924, 24.4260253906, 25.8831138611, 27.8074302673, 18.1332950592, 15.4879436493, 16.6153907776, 18.5386543274, 16.0307235718, 18.695350647, 16.0125694275, 16.4990825653, 13.1202297211, 13.8425750732, 12.1052684784, 8.23237705231, 5.4323592186, 4.30213069916, 2.87553024292, 1.54575109482, 0.649102389812, 0.256352424622, 0.0368237160146, 0.00208138232119, 0.000108999818622]}, "zerocrossingrate": {"min": 0, "max": 0.4931640625, "dvar2": 0.000567639421206, "median": 0.06591796875, "dmean2": 0.0219551362097, "dmean": 0.0177330989391, "var": 0.00201913272031, "dvar": 0.000415081507526, "mean": 0.0721513703465}, "spectral_contrast_coeffs": {"min": [-0.961796998978, -0.971605718136, -0.982602059841, -0.965076982975, -0.960059940815, -0.963784456253], "max": [-0.327296674252, -0.382296293974, -0.441526800394, -0.535004675388, -0.555128395557, -0.500198304653], "dvar2": [0.00597470020875, 0.00442345486954, 0.00340307923034, 0.00270950561389, 0.00147227058187, 0.0043684230186], "median": [-0.668673574924, -0.748221278191, -0.773674786091, -0.787066698074, -0.79122197628, -0.760445952415], "dmean2": [0.0929738730192, 0.0822928026319, 0.0722965151072, 0.0605659112334, 0.044695738703, 0.0519991330802], "dmean": [0.0584301054478, 0.0519684702158, 0.0460887365043, 0.0378907471895, 0.0282791182399, 0.0330466888845], "var": [0.00768881291151, 0.00632665911689, 0.00632330030203, 0.00406850175932, 0.00242574885488, 0.00319191836752], "dvar": [0.00238675391302, 0.00181945844088, 0.00146652280819, 0.00109928508755, 0.000636651879176, 0.00178433512338], "mean": [-0.657518267632, -0.74277472496, -0.766247451305, -0.780654013157, -0.787098348141, -0.758807718754]}, "dissonance": {"min": 0.0260885469615, "max": 0.500000059605, "dvar2": 0.000760353344958, "median": 0.477469176054, "dmean2": 0.0270188022405, "dmean": 0.0165611803532, "var": 0.000721368414816, "dvar": 0.000313893280691, "mean": 0.47047406435}, "spectral_energyband_high": {"min": 7.44449949718e-21, "max": 0.038705945015, "dvar2": 1.16818937386e-05, "median": 0.000588233931921, "dmean2": 0.00197008345276, "dmean": 0.00133378175087, "var": 1.03042557384e-05, "dvar": 5.51901439394e-06, "mean": 0.00188610609621}, "spectral_skewness": {"min": -0.795219480991, "max": 7.09288835526, "dvar2": 0.328011274338, "median": 1.25613737106, "dmean2": 0.44764867425, "dmean": 0.277059435844, "var": 0.376593053341, "dvar": 0.134321257472, "mean": 1.32435071468}, "spectral_flux": {"min": 6.65441174386e-11, "max": 0.48500213027, "dvar2": 0.00833930261433, "median": 0.0745429992676, "dmean2": 0.073927693069, "dmean": 0.0463760793209, "var": 0.0076389615424, "dvar": 0.00380520406179, "mean": 0.106201305985}, "silence_rate_30dB": {"min": 0, "max": 1, "dvar2": 0.189829990268, "median": 1, "dmean2": 0.208569958806, "dmean": 0.104276001453, "var": 0.099799439311, "dvar": 0.0933958739042, "mean": 0.887560248375}, "spectral_energyband_middle_high": {"min": 1.58886259639e-21, "max": 0.0587127506733, "dvar2": 1.60293202498e-05, "median": 0.00249328184873, "dmean2": 0.00275792740285, "dmean": 0.00189933867659, "var": 3.45434418705e-05, "dvar": 7.24460733181e-06, "mean": 0.00475088506937}, "barkbands_spread": {"min": 0.233069092035, "max": 118.477233887, "dvar2": 443.247283936, "median": 24.3950805664, "dmean2": 19.0021152496, "dmean": 11.4141168594, "var": 285.528656006, "dvar": 162.26222229, "mean": 26.7325019836}, "spectral_centroid": {"min": 106.927017212, "max": 11003.7148438, "dvar2": 816770.5, "median": 1634.36035156, "dmean2": 770.629150391, "dmean": 474.158782959, "var": 644353.9375, "dvar": 303686.84375, "mean": 1666.42736816}, "pitch_salience": {"min": 0.0435550957918, "max": 0.948800623417, "dvar2": 0.0329413712025, "median": 0.518701076508, "dmean2": 0.186660975218, "dmean": 0.109991870821, "var": 0.0243652388453, "dvar": 0.0121331959963, "mean": 0.502737402916}, "erbbands_skewness": {"min": -6.14437818527, "max": 8.61792373657, "dvar2": 0.886067807674, "median": 0.139133185148, "dmean2": 0.821002006531, "dmean": 0.51998770237, "var": 0.856001496315, "dvar": 0.346253812313, "mean": 0.177416935563}, "erbbands_crest": {"min": 2.19153666496, "max": 32.0587539673, "dvar2": 19.7377586365, "median": 7.04644346237, "dmean2": 4.6963801384, "dmean": 2.9083545208, "var": 21.2562580109, "dvar": 8.13560771942, "mean": 8.45183086395}, "melbands": {"min": [1.06126222774e-23, 3.23218617911e-24, 4.66280219402e-24, 1.45779138563e-24, 7.43303990729e-25, 4.05751592677e-24, 7.03005623032e-24, 6.10166870793e-24, 4.11124050985e-24, 5.26167423326e-24, 5.33765889337e-24, 6.63419715061e-24, 1.06871499115e-23, 5.20544580566e-24, 1.1326902695e-23, 8.96408284582e-24, 9.60289215168e-24, 1.14522164052e-23, 6.08371068385e-24, 9.82811351784e-24, 8.09583965657e-24, 6.40531191997e-24, 6.08627803167e-24, 8.00898291546e-24, 9.19773476848e-24, 1.04458105393e-23, 1.22237626024e-23, 7.10553996376e-24, 4.72680760686e-24, 6.65486925063e-24, 1.03600108718e-23, 7.44058417856e-24, 9.53705934255e-24, 1.05644757298e-23, 1.04322910411e-23, 1.01203154857e-23, 1.04652236173e-23, 1.07049308363e-23, 9.38390357553e-24, 7.54606198134e-24], "max": [0.0525430068374, 0.0845263451338, 0.0288208127022, 0.00792890321463, 0.00501453783363, 0.00455040065572, 0.00381194567308, 0.00455925520509, 0.00658811861649, 0.00502968067303, 0.00290653575212, 0.00817552581429, 0.00395395793021, 0.00586757576093, 0.00260412716307, 0.00161421881057, 0.00138305756263, 0.00170148548204, 0.000949621433392, 0.000967297237366, 0.000729982100893, 0.000703604484443, 0.00104574544821, 0.000683658523485, 0.000755628396291, 0.000857178180013, 0.000542520487215, 0.000319246551953, 0.000326417590259, 0.000372085225536, 0.000633924966678, 0.000293664052151, 0.000336351135047, 0.000349146430381, 0.000157436166774, 0.000129489868414, 0.000172156404005, 0.000190289472812, 0.000171156207216, 0.000188690493815], "dvar2": [0.000141587850521, 0.00025471803383, 9.93111643766e-06, 7.8829668837e-07, 1.33407766612e-07, 8.20865295736e-08, 4.76562860285e-08, 3.83409002325e-08, 9.52428678147e-08, 6.76068268035e-08, 4.39867307023e-08, 1.56409541319e-07, 3.23847473283e-08, 3.5841335233e-08, 1.06689430623e-08, 1.22786900647e-08, 1.33121416113e-08, 1.35087052655e-08, 4.33364766295e-09, 1.74944003728e-09, 1.60719293429e-09, 1.27647692416e-09, 1.39594935611e-09, 1.0875375045e-09, 8.38440539219e-10, 1.07276743044e-09, 6.24328810872e-10, 3.88493154313e-10, 7.63973273532e-10, 5.537877934e-10, 4.04422995093e-10, 3.86302601019e-10, 6.08639472155e-10, 5.5528498466e-10, 1.61399851817e-10, 9.13414968662e-11, 6.34530344934e-11, 6.4929707444e-11, 6.89278079058e-11, 5.07432533492e-11], "median": [0.000319736893289, 0.000799159286544, 0.000278848689049, 0.000150887179188, 9.35772550292e-05, 5.43516798643e-05, 3.59243204002e-05, 3.69614135707e-05, 4.39237737737e-05, 2.62082103291e-05, 2.57215251622e-05, 2.3688240617e-05, 1.97351619136e-05, 2.36334326473e-05, 1.75875284185e-05, 1.56397254614e-05, 1.26120830828e-05, 1.2320902897e-05, 9.62302510743e-06, 6.89500257067e-06, 8.04663795861e-06, 6.27120061836e-06, 5.87188060308e-06, 6.11547739027e-06, 4.95252970723e-06, 5.96586596657e-06, 4.48489163318e-06, 4.15487193095e-06, 3.36397670253e-06, 2.46985700869e-06, 2.25987446356e-06, 2.25831922762e-06, 1.8832877231e-06, 1.38105815495e-06, 1.11511383238e-06, 7.84930705322e-07, 6.31676812191e-07, 6.34258071841e-07, 4.72090107451e-07, 3.34092760568e-07], "dmean2": [0.00668921135366, 0.00803670566529, 0.00156392052304, 0.000466429279186, 0.000212788188946, 0.000138151910505, 0.000101936391729, 9.01093881112e-05, 0.000130180385895, 0.000108164058474, 9.41353064263e-05, 0.00013146798301, 7.30099345674e-05, 6.76029085298e-05, 4.65632911073e-05, 5.53440731892e-05, 5.12258884555e-05, 5.03957926412e-05, 3.38463796652e-05, 1.96384789888e-05, 2.10238504224e-05, 1.7611826479e-05, 1.88296344277e-05, 1.63691274793e-05, 1.21886560009e-05, 1.77946076292e-05, 1.39947260323e-05, 1.21086886793e-05, 1.56761670951e-05, 1.16055516628e-05, 7.93794060883e-06, 8.1081288954e-06, 1.01894374893e-05, 9.12375799089e-06, 5.35707977178e-06, 4.36104801338e-06, 3.66433255294e-06, 3.70922180082e-06, 3.74578235096e-06, 3.03875708596e-06], "dmean": [0.00384499924257, 0.00475634168833, 0.000988186104223, 0.000275169470115, 0.000138539733598, 8.90034425538e-05, 6.728014705e-05, 5.95564160903e-05, 8.76449848874e-05, 7.17691364116e-05, 6.24436797807e-05, 8.52937228046e-05, 4.85512464365e-05, 4.38256429334e-05, 3.06991132675e-05, 3.5541906982e-05, 3.20741091855e-05, 3.14449789585e-05, 2.13106122828e-05, 1.24271200548e-05, 1.3007628695e-05, 1.10690161819e-05, 1.18548432511e-05, 1.03178181234e-05, 7.60274133427e-06, 1.05505332613e-05, 8.37817333377e-06, 7.35440698918e-06, 9.25654330786e-06, 7.02293527866e-06, 5.324985068e-06, 5.43621854376e-06, 6.26098380963e-06, 5.45911780137e-06, 3.6351198105e-06, 3.02323610413e-06, 2.50644188782e-06, 2.51817573371e-06, 2.53404914474e-06, 2.0370096081e-06], "var": [6.39978970867e-05, 9.96865855996e-05, 5.46993123862e-06, 3.79130739248e-07, 1.18673504801e-07, 6.91051766921e-08, 5.66694957627e-08, 3.26766809167e-08, 8.78390977732e-08, 7.68235040027e-08, 5.58655273153e-08, 1.29726331011e-07, 3.78190847528e-08, 4.61220537318e-08, 1.33631186117e-08, 1.20406618009e-08, 8.61090487803e-09, 9.76264047381e-09, 2.81341638875e-09, 1.20297172224e-09, 1.20035081874e-09, 1.10147269083e-09, 1.55974400062e-09, 9.72888547501e-10, 5.8825083693e-10, 7.37888528057e-10, 3.95481036808e-10, 2.56342919114e-10, 3.40077938032e-10, 2.7031876737e-10, 2.73234018744e-10, 2.4182955638e-10, 2.93965629616e-10, 2.27811811082e-10, 1.20461071673e-10, 6.18634171667e-11, 4.80814277282e-11, 4.96366073244e-11, 5.07477879164e-11, 3.57098135784e-11], "dvar": [5.29912467755e-05, 9.81987614068e-05, 4.57380383523e-06, 2.91603242886e-07, 5.68765017306e-08, 3.4748488531e-08, 2.11462207744e-08, 1.68222324959e-08, 4.44798011756e-08, 2.83096035503e-08, 1.99184686522e-08, 6.77327918197e-08, 1.48304373226e-08, 1.5450870805e-08, 4.8733936886e-09, 5.30370192209e-09, 5.1355177888e-09, 5.40410471928e-09, 1.76197534341e-09, 7.02106428552e-10, 6.5732735921e-10, 5.26114041222e-10, 5.92785709408e-10, 4.56294863005e-10, 3.26016241781e-10, 4.32220315094e-10, 2.4942523047e-10, 1.57630214437e-10, 2.82324941203e-10, 2.21020854396e-10, 1.81248099862e-10, 1.65103916649e-10, 2.40097747239e-10, 2.07588821133e-10, 7.46648437522e-11, 4.14234896384e-11, 2.97564993479e-11, 3.07463707272e-11, 3.22942748932e-11, 2.42916537579e-11], "mean": [0.00404562754557, 0.00497742928565, 0.00110662623774, 0.000396291463403, 0.000228380813496, 0.000146936232341, 0.000115811650176, 9.65151702985e-05, 0.000140282223583, 0.000122171695693, 0.000105856219307, 0.000126299579279, 7.58502719691e-05, 6.95812996128e-05, 5.05162097397e-05, 5.58101746719e-05, 4.5029380999e-05, 4.48027676612e-05, 2.91631022264e-05, 1.87725599972e-05, 1.87334280781e-05, 1.70215862454e-05, 1.79270737135e-05, 1.60651288752e-05, 1.20478271128e-05, 1.4942767848e-05, 1.14531385407e-05, 1.02132662505e-05, 1.06346706161e-05, 8.6504378487e-06, 7.32558646632e-06, 7.5222187661e-06, 7.86370856076e-06, 6.40576672595e-06, 5.04077388541e-06, 3.72358476852e-06, 3.10406858262e-06, 3.04772970594e-06, 2.8677472983e-06, 2.25065650739e-06]}, "spectral_entropy": {"min": 4.74570274353, "max": 9.80158996582, "dvar2": 0.146005928516, "median": 7.83786964417, "dmean2": 0.350499123335, "dmean": 0.238769590855, "var": 0.24645832181, "dvar": 0.0696335285902, "mean": 7.77578163147}, "spectral_rolloff": {"min": 21.533203125, "max": 18927.6855469, "dvar2": 4486116, "median": 1270.45898438, "dmean2": 1620.04858398, "dmean": 947.702514648, "var": 3552712, "dvar": 1993264.875, "mean": 1756.9473877}, "barkbands": {"min": [2.96967949948e-23, 2.2170052217e-23, 1.81583474152e-24, 9.27834215349e-24, 5.69067690947e-24, 8.52921617207e-24, 3.40217533067e-23, 2.030250291e-23, 3.40072035561e-23, 4.02546506039e-23, 7.27116888387e-23, 7.15427989256e-23, 9.51777216674e-23, 1.2028730312e-22, 9.4549889361e-23, 1.31148037141e-22, 1.2359794408e-22, 1.6027775474e-22, 2.7832711627e-22, 2.5194220548e-22, 3.73910981397e-22, 4.58951146235e-22, 6.16751347618e-22, 8.89919515517e-22, 1.29002845398e-21, 1.33180258953e-21, 2.1824061863e-21], "max": [0.00626526540145, 0.254300892353, 0.13704881072, 0.0420529395342, 0.0287980381399, 0.0190405268222, 0.016769003123, 0.0283607300371, 0.0309571474791, 0.0545686930418, 0.0323638953269, 0.0446671172976, 0.0189313068986, 0.0152935953811, 0.0149875581264, 0.0104141430929, 0.0161611083895, 0.0145348729566, 0.0163798350841, 0.00896471366286, 0.0109036406502, 0.0151448454708, 0.0104061486199, 0.0113496277481, 0.0220079682767, 0.00368146388792, 0.000511056743562], "dvar2": [6.78799949583e-07, 0.00266130734235, 0.000493963656481, 2.70505443041e-05, 1.05857088784e-05, 1.93610344468e-06, 1.12700115551e-06, 2.33091327573e-06, 2.84347629531e-06, 6.35842570773e-06, 1.51576136886e-06, 2.45104092755e-06, 1.25228496017e-06, 1.54817064413e-06, 1.24139239688e-06, 2.98801580811e-07, 4.28391274454e-07, 3.47221771335e-07, 5.04291392645e-07, 4.16904924805e-07, 7.45138095226e-07, 1.07579080577e-06, 6.28823897841e-07, 3.59740340627e-07, 5.35968865734e-07, 2.17338694597e-07, 1.52574242129e-09], "median": [1.78462414624e-05, 0.00137693574652, 0.00133936584461, 0.000285249960143, 0.000702080142219, 0.000313806347549, 0.000159872026416, 0.000201094226213, 0.000177700072527, 0.000174344371771, 0.000113822170533, 0.000200218491955, 0.000155013607582, 0.000124574871734, 0.000158904440468, 9.2321250122e-05, 0.000129353677039, 0.000117960342322, 0.000149024053826, 0.000131033870275, 0.000122580458992, 0.000107499043224, 7.30924148229e-05, 5.68749310332e-05, 3.24682987412e-05, 9.86465238384e-06, 1.10451560431e-06], "dmean2": [0.000382142257877, 0.0286912210286, 0.0108195077628, 0.00248456536792, 0.0018192359712, 0.000734039174858, 0.000491818005685, 0.000637649791315, 0.000745912897401, 0.000879547907971, 0.000510164129082, 0.000572999008, 0.000547526637092, 0.000538632273674, 0.000551197910681, 0.00025392047246, 0.000333638919983, 0.00032611633651, 0.000386308995076, 0.000386789935874, 0.000469940627227, 0.000433884182712, 0.000349798036041, 0.000288906594506, 0.000337313889759, 0.000228416523896, 1.79471317097e-05], "dmean": [0.00025883121998, 0.0162758827209, 0.00657580606639, 0.00151741073932, 0.00110469770152, 0.000474806729471, 0.000321689993143, 0.000428552448284, 0.000491137325298, 0.000571931828745, 0.000339256395819, 0.000370687135728, 0.000349808164174, 0.000337294011842, 0.000347373192199, 0.000159151037224, 0.000208302284591, 0.00020930878236, 0.000232121601584, 0.000235214582062, 0.000293438351946, 0.000277071958408, 0.000229886834859, 0.00020159194537, 0.00022561570222, 0.00014691335673, 1.18611051221e-05], "var": [3.75876112457e-07, 0.001068233978, 0.000218401284656, 1.33566400109e-05, 6.34445450487e-06, 1.69561405983e-06, 1.22562039451e-06, 2.097558081e-06, 3.24038114741e-06, 5.65967866351e-06, 1.86704414773e-06, 2.97497604151e-06, 1.36786468374e-06, 1.00910551737e-06, 8.31265651868e-07, 2.10906790699e-07, 3.73454270175e-07, 4.25192354214e-07, 3.70479625644e-07, 2.63050282001e-07, 4.47279631999e-07, 6.21851995675e-07, 4.241572924e-07, 3.16187879434e-07, 3.68926038163e-07, 1.01149424836e-07, 9.4280805385e-10], "dvar": [3.30108747448e-07, 0.000967488682363, 0.000203175251954, 1.2082473404e-05, 4.06901517636e-06, 8.15775024421e-07, 4.94004950724e-07, 1.06808079181e-06, 1.17225101803e-06, 2.80663789454e-06, 7.31402508336e-07, 1.04023604308e-06, 5.6851104091e-07, 6.11531390859e-07, 5.00187354646e-07, 1.19228914741e-07, 1.77940123081e-07, 1.5672014797e-07, 1.98956598751e-07, 1.64529978974e-07, 3.09910575425e-07, 4.42450499349e-07, 2.7424849236e-07, 1.77991026362e-07, 2.57219454625e-07, 9.61576205327e-08, 7.17644388359e-10], "mean": [0.000243076356128, 0.0165895689279, 0.0066362535581, 0.00157879153267, 0.00170020363294, 0.000792488106526, 0.000538047985174, 0.000663711340167, 0.000835585175082, 0.000864530797116, 0.000503174436744, 0.000580324907787, 0.000547635369003, 0.000456917186966, 0.000486304285005, 0.000243811955443, 0.000320729246596, 0.000334533775458, 0.000353238574462, 0.000327674759319, 0.00038233154919, 0.000380452751415, 0.000311318377499, 0.00025610710145, 0.000241328685661, 0.000133536566864, 1.22629226098e-05]}, "melbands_flatness_db": {"min": 0.00550534017384, "max": 0.627641797066, "dvar2": 0.00597517937422, "median": 0.17622089386, "dmean2": 0.0711396858096, "dmean": 0.0447987392545, "var": 0.00805900897831, "dvar": 0.00224291114137, "mean": 0.19364644587}, "melbands_skewness": {"min": -3.97444105148, "max": 26.68334198, "dvar2": 11.2672576904, "median": 2.58740377426, "dmean2": 2.55259180069, "dmean": 1.58705401421, "var": 9.97205734253, "dvar": 4.46745061874, "mean": 3.54453802109}, "barkbands_skewness": {"min": -9.32096672058, "max": 28.1518974304, "dvar2": 7.10603189468, "median": 1.3890273571, "dmean2": 1.81007897854, "dmean": 1.09708487988, "var": 3.9811360836, "dvar": 2.45079612732, "mean": 1.83239507675}, "silence_rate_60dB": {"min": 0, "max": 1, "dvar2": 0.132466807961, "median": 0, "dmean2": 0.135260716081, "dmean": 0.0676245391369, "var": 0.101199805737, "dvar": 0.0630550533533, "mean": 0.114246383309}, "spectral_energyband_low": {"min": 5.33766575646e-23, "max": 0.330249547958, "dvar2": 0.00416703755036, "median": 0.00359949842095, "dmean2": 0.0358839221299, "dmean": 0.021188121289, "var": 0.00202666129917, "dvar": 0.00163802481256, "mean": 0.0245036352426}, "spectral_energyband_middle_low": {"min": 2.1948036466e-22, "max": 0.0565916411579, "dvar2": 5.42028501513e-05, "median": 0.00402820855379, "dmean2": 0.00488055730239, "dmean": 0.0031694995705, "var": 4.83558615088e-05, "dvar": 2.50504217547e-05, "mean": 0.00629668636248}, "melbands_kurtosis": {"min": -1.90816378593, "max": 1459.03112793, "dvar2": 13455.5742188, "median": 8.83607578278, "dmean2": 47.4783859253, "dmean": 27.2717933655, "var": 4654.72070312, "dvar": 4463.42089844, "mean": 31.1433753967}, "spectral_decrease": {"min": -9.72097424778e-08, "max": -2.9762804143e-30, "dvar2": 2.74418478469e-16, "median": -3.72278430305e-09, "dmean2": 9.8367562984e-09, "dmean": 6.04441829921e-09, "var": 1.61629066755e-16, "dvar": 1.12856539075e-16, "mean": -8.99431018553e-09}, "erbbands_kurtosis": {"min": -1.84085226059, "max": 86.7710266113, "dvar2": 15.3759078979, "median": -0.165577411652, "dmean2": 2.09207391739, "dmean": 1.30984163284, "var": 11.6003046036, "dvar": 6.94351196289, "mean": 0.625071585178}, "melbands_crest": {"min": 2.03302693367, "max": 35.2389450073, "dvar2": 36.9700813293, "median": 14.8573589325, "dmean2": 6.93720817566, "dmean": 4.19698762894, "var": 40.811668396, "dvar": 15.0923156738, "mean": 15.5715141296}, "gfcc": {"cov": [[9604.12109375, -1625.69445801, 73.4026260376, 428.936676025, -110.649993896, 353.683959961, -51.3380584717, 177.740478516, -84.2526855469, 213.409515381, -192.349624634, 110.437591553, -148.265625], [-1625.69445801, 1754.03320312, -262.882202148, -77.8544769287, 185.614349365, -185.481796265, 150.535614014, -179.397827148, 92.4920730591, -215.265762329, 104.64012146, -114.801094055, 75.9742431641], [73.4026260376, -262.882202148, 1582.51721191, 342.16003418, 285.245452881, 202.996536255, -34.1752281189, 100.143638611, -51.5119438171, 138.983474731, -82.033782959, 65.6068115234, -29.0916175842], [428.936676025, -77.8544769287, 342.16003418, 573.958007812, 196.133590698, 42.7505989075, 54.488609314, -20.7285022736, 47.0677680969, -2.17516303062, -30.9078235626, -16.2134304047, -8.65112018585], [-110.649993896, 185.614349365, 285.245452881, 196.133590698, 374.74319458, 112.677528381, 103.108558655, 18.5840568542, 35.4870300293, -6.58722257614, -16.2373600006, 10.1138792038, 1.87909948826], [353.683959961, -185.481796265, 202.996536255, 42.7505989075, 112.677528381, 253.617202759, 84.7546310425, 73.2791213989, 14.7218942642, 50.4611816406, -1.46170699596, 10.3204116821, -22.9325504303], [-51.3380584717, 150.535614014, -34.1752281189, 54.488609314, 103.108558655, 84.7546310425, 235.362731934, 63.1950721741, 60.5016288757, -3.55502390862, 19.4455280304, -19.4328956604, -1.39794492722], [177.740478516, -179.397827148, 100.143638611, -20.7285022736, 18.5840568542, 73.2791213989, 63.1950721741, 188.062545776, 60.7165679932, 66.1419525146, -12.7705192566, 9.9271030426, -1.06104171276], [-84.2526855469, 92.4920730591, -51.5119438171, 47.0677680969, 35.4870300293, 14.7218942642, 60.5016288757, 60.7165679932, 144.024749756, 29.6594657898, 10.6963996887, -21.9700737, 2.47670722008], [213.409515381, -215.265762329, 138.983474731, -2.17516303062, -6.58722257614, 50.4611816406, -3.55502390862, 66.1419525146, 29.6594657898, 153.870620728, 23.8933010101, 18.4321556091, -10.0205287933], [-192.349624634, 104.64012146, -82.033782959, -30.9078235626, -16.2373600006, -1.46170699596, 19.4455280304, -12.7705192566, 10.6963996887, 23.8933010101, 97.5924377441, 24.0105628967, 16.2773361206], [110.437591553, -114.801094055, 65.6068115234, -16.2134304047, 10.1138792038, 10.3204116821, -19.4328956604, 9.9271030426, -21.9700737, 18.4321556091, 24.0105628967, 95.5552597046, 27.5696201324], [-148.265625, 75.9742431641, -29.0916175842, -8.65112018585, 1.87909948826, -22.9325504303, -1.39794492722, -1.06104171276, 2.47670722008, -10.0205287933, 16.2773361206, 27.5696201324, 72.4375076294]], "icov": [[0.000147534490679, -6.07743550063e-06, 0.000119086711493, -0.000219171066419, 0.000141869546496, -0.000242999376496, 4.38521710748e-05, -9.17479555937e-05, 0.000173382766661, -0.000235381783568, 0.000411641289247, -0.000358654448064, 0.000254407146713], [-6.07743550063e-06, 0.00177489744965, -0.000493077270221, 0.00105978001375, -0.00129477656446, 0.00141650566366, -0.00093546253629, 0.00139901181683, -0.00149427622091, 0.00207430752926, -0.00255577685311, 0.00265453429893, -0.00155895249918], [0.000119086711493, -0.000493077270221, 0.00134388788138, -0.000997646362521, -0.000148907842231, -0.000973867136054, 0.000799785426352, -0.000941370031796, 0.00136416021269, -0.00165448209736, 0.00174346670974, -0.00146810011938, 0.000770140846726], [-0.000219171066419, 0.00105978001375, -0.000997646362521, 0.00346556073055, -0.00178077281453, 0.00143537623808, -0.00102012103889, 0.00200180150568, -0.00225304346532, 0.00162950565573, -0.00164123554714, 0.00236246571876, -0.00126455724239], [0.000141869546496, -0.00129477656446, -0.000148907842231, -0.00178077281453, 0.00553223304451, -0.00249137775972, -0.000764142954722, -0.0002376340708, 0.000227396056289, -0.00080701650586, 0.00277559016831, -0.00310545810498, 0.000864247384015], [-0.000242999376496, 0.00141650566366, -0.000973867136054, 0.00143537623808, -0.00249137775972, 0.00755939912051, -0.00245304568671, -5.56941449759e-05, -0.000611267052591, 0.000915462092962, -0.00291141169146, 0.00221571535803, 0.00016538836644], [4.38521710748e-05, -0.00093546253629, 0.000799785426352, -0.00102012103889, -0.000764142954722, -0.00245304568671, 0.00736974040046, -0.00305660092272, -0.000119539974548, 0.00033470854396, -0.000832207268104, 0.000154652807396, 0.000789476733189], [-9.17479555937e-05, 0.00139901181683, -0.000941370031796, 0.00200180150568, -0.0002376340708, -5.56941449759e-05, -0.00305660092272, 0.0104757184163, -0.00475310580805, -0.00106429355219, 0.00110675708856, 0.000549831311218, -0.00215378706343], [0.000173382766661, -0.00149427622091, 0.00136416021269, -0.00225304346532, 0.000227396056289, -0.000611267052591, -0.000119539974548, -0.00475310580805, 0.0120036033913, -0.00383946998045, 0.0012794805225, 0.000195223314222, 0.000626198016107], [-0.000235381783568, 0.00207430752926, -0.00165448209736, 0.00162950565573, -0.00080701650586, 0.000915462092962, 0.00033470854396, -0.00106429355219, -0.00383946998045, 0.0128698255867, -0.00727169308811, 0.00291611324064, -0.000389841501601], [0.000411641289247, -0.00255577685311, 0.00174346670974, -0.00164123554714, 0.00277559016831, -0.00291141169146, -0.000832207268104, 0.00110675708856, 0.0012794805225, -0.00727169308811, 0.0190799441189, -0.00867033284158, 0.000996561604552], [-0.000358654448064, 0.00265453429893, -0.00146810011938, 0.00236246571876, -0.00310545810498, 0.00221571535803, 0.000154652807396, 0.000549831311218, 0.000195223314222, 0.00291611324064, -0.00867033284158, 0.0195472892374, -0.00812729075551], [0.000254407146713, -0.00155895249918, 0.000770140846726, -0.00126455724239, 0.000864247384015, 0.00016538836644, 0.000789476733189, -0.00215378706343, 0.000626198016107, -0.000389841501601, 0.000996561604552, -0.00812729075551, 0.018926654011]], "mean": [-8.57478904724, 67.2912216187, -108.834289551, 40.2584915161, -53.7051696777, 23.1103076935, -28.6413135529, 9.84610939026, -23.3653964996, 4.16639280319, -16.5120811462, -0.706416726112, -13.3846645355]}, "melbands_spread": {"min": 0.302836716175, "max": 319.194549561, "dvar2": 822.358215332, "median": 21.4925613403, "dmean2": 20.3213005066, "dmean": 12.6448717117, "var": 664.940368652, "dvar": 347.519775391, "mean": 27.2746963501}, "spectral_energy": {"min": 1.04582900538e-20, "max": 0.384896755219, "dvar2": 0.00387447560206, "median": 0.0159813221544, "dmean2": 0.037585619837, "dmean": 0.023412277922, "var": 0.00247682491317, "dvar": 0.00163336424157, "mean": 0.0363139845431}, "mfcc": {"cov": [[9418.65234375, -1521.92871094, -231.706039429, 12.7677640915, -88.1332626343, 158.717819214, -10.5454082489, 62.614402771, 68.7253875732, 70.8350067139, 83.4289550781, -32.6430091858, -13.3597316742], [-1521.92871094, 1473.0690918, -170.816864014, 9.22229194641, -6.33069849014, -11.1947116852, 23.2202911377, 37.1276397705, -37.4729537964, -44.7342300415, -45.4497337341, -2.81098556519, -7.16125011444], [-231.706039429, -170.816864014, 1034.40991211, 216.903427124, 294.885620117, 121.181373596, 105.916687012, -12.6371231079, 68.4005508423, 37.8167114258, 22.2432937622, 15.6505260468, -1.11644101143], [12.7677640915, 9.22229194641, 216.903427124, 517.452392578, 174.42980957, 131.864593506, 28.9186019897, 41.3463439941, 58.910282135, 10.6667156219, -24.8640270233, 34.5368843079, 8.28451538086], [-88.1332626343, -6.33069849014, 294.885620117, 174.42980957, 326.874786377, 132.030303955, 60.3907623291, 38.2540130615, 64.9634170532, 2.74735069275, -2.15146350861, 31.595659256, 6.57259464264], [158.717819214, -11.1947116852, 121.181373596, 131.864593506, 132.030303955, 231.657043457, 97.7545623779, 56.9648933411, 36.9239730835, 23.8301944733, 18.4007415771, 23.4603004456, 8.37813472748], [-10.5454082489, 23.2202911377, 105.916687012, 28.9186019897, 60.3907623291, 97.7545623779, 181.036270142, 65.8302536011, 42.4341697693, 27.4255256653, 29.5257835388, 14.4321708679, 15.1106386185], [62.614402771, 37.1276397705, -12.6371231079, 41.3463439941, 38.2540130615, 56.9648933411, 65.8302536011, 154.733261108, 68.2586669922, 21.1753578186, 14.9371747971, 19.6286449432, 10.0192785263], [68.7253875732, -37.4729537964, 68.4005508423, 58.910282135, 64.9634170532, 36.9239730835, 42.4341697693, 68.2586669922, 151.276290894, 73.9554290771, 36.439655304, 25.372379303, 12.753865242], [70.8350067139, -44.7342300415, 37.8167114258, 10.6667156219, 2.74735069275, 23.8301944733, 27.4255256653, 21.1753578186, 73.9554290771, 128.414916992, 67.4395446777, 14.2654476166, 10.8305397034], [83.4289550781, -45.4497337341, 22.2432937622, -24.8640270233, -2.15146350861, 18.4007415771, 29.5257835388, 14.9371747971, 36.439655304, 67.4395446777, 106.438201904, 34.5819969177, 11.0967197418], [-32.6430091858, -2.81098556519, 15.6505260468, 34.5368843079, 31.595659256, 23.4603004456, 14.4321708679, 19.6286449432, 25.372379303, 14.2654476166, 34.5819969177, 92.5391769409, 45.3268089294], [-13.3597316742, -7.16125011444, -1.11644101143, 8.28451538086, 6.57259464264, 8.37813472748, 15.1106386185, 10.0192785263, 12.753865242, 10.8305397034, 11.0967197418, 45.3268089294, 87.2463912964]], "icov": [[0.00013519989443, 0.000143770739669, 5.5859094573e-05, -1.57623271662e-05, 4.78510701214e-05, -0.000142578253872, 4.87217148475e-05, -5.55049409741e-05, -3.56027776434e-05, 3.95355127694e-05, -8.85847184691e-05, 0.000110862332804, -3.2947773434e-06], [0.000143770739669, 0.000874247169122, 0.000209963589441, -6.83248217683e-05, -7.84447183833e-05, 8.34072761791e-06, -0.000195460917894, -0.000258752465015, 0.000225894953473, 1.18773195936e-05, 0.000197205212316, -2.01820148504e-05, 0.000122531520901], [5.5859094573e-05, 0.000209963589441, 0.00150232960004, -0.000318755948683, -0.00121948914602, 0.000230582343647, -0.000775829132181, 0.000715708418284, -5.85835296079e-05, -0.000225895637413, -0.000239862405579, 0.000307342794258, 0.000104625200038], [-1.57623271662e-05, -6.83248217683e-05, -0.000318755948683, 0.00274858693592, -0.000606968067586, -0.00117884448264, 0.000663142942358, -0.000194689549971, -0.000481090828544, -0.000428795930929, 0.00146467064042, -0.00100996380206, 0.000255309249042], [4.78510701214e-05, -7.84447183833e-05, -0.00121948914602, -0.000606968067586, 0.00586800882593, -0.00233058258891, 0.000310953793814, 0.000108175561763, -0.00210459716618, 0.00164316582959, 0.000446798891062, -0.00105251034256, 0.000352038769051], [-0.000142578253872, 8.34072761791e-06, 0.000230582343647, -0.00117884448264, -0.00233058258891, 0.00780562171713, -0.00315633392893, -0.00102981447708, 0.00155171356164, -0.00118171435315, -0.000259845372057, -0.000449459213996, 0.000371091475245], [4.87217148475e-05, -0.000195460917894, -0.000775829132181, 0.000663142942358, 0.000310953793814, -0.00315633392893, 0.00879449769855, -0.00260319584049, -0.000471217063023, 0.000298075261526, -0.00157293910161, 0.00111275538802, -0.00137218739837], [-5.55049409741e-05, -0.000258752465015, 0.000715708418284, -0.000194689549971, 0.000108175561763, -0.00102981447708, -0.00260319584049, 0.00995918456465, -0.00447296351194, 0.00145518255886, 5.07120930706e-05, -0.000681023171637, 0.000216392916627], [-3.56027776434e-05, 0.000225894953473, -5.85835296079e-05, -0.000481090828544, -0.00210459716618, 0.00155171356164, -0.000471217063023, -0.00447296351194, 0.0130439950153, -0.007129506208, 0.000962198129855, -0.00143518205732, 0.000264317292022], [3.95355127694e-05, 1.18773195936e-05, -0.000225895637413, -0.000428795930929, 0.00164316582959, -0.00118171435315, 0.000298075261526, 0.00145518255886, -0.007129506208, 0.0163106042892, -0.00887976028025, 0.00318298931234, -0.00169098435435], [-8.85847184691e-05, 0.000197205212316, -0.000239862405579, 0.00146467064042, 0.000446798891062, -0.000259845372057, -0.00157293910161, 5.07120930706e-05, 0.000962198129855, -0.00887976028025, 0.0177856367081, -0.00717060873285, 0.00254321959801], [0.000110862332804, -2.01820148504e-05, 0.000307342794258, -0.00100996380206, -0.00105251034256, -0.000449459213996, 0.00111275538802, -0.000681023171637, -0.00143518205732, 0.00318298931234, -0.00717060873285, 0.0184837076813, -0.00875299889594], [-3.2947773434e-06, 0.000122531520901, 0.000104625200038, 0.000255309249042, 0.000352038769051, 0.000371091475245, -0.00137218739837, 0.000216392916627, 0.000264317292022, -0.00169098435435, 0.00254321959801, -0.00875299889594, 0.0159943141043]], "mean": [-652.801086426, 96.9816131592, 5.99253368378, 23.7927703857, 3.63379001617, 14.0945110321, 6.89940404892, 7.12555980682, 1.72266924381, 4.80260896683, 2.18930029869, 0.15179798007, -0.90474909544]}, "spectral_contrast_valleys": {"min": [-27.3360900879, -27.4767189026, -27.1717205048, -27.288564682, -27.2784385681, -27.3095645905], "max": [-4.80277729034, -5.04286003113, -5.29657793045, -5.54399251938, -5.49441099167, -7.19054603577], "dvar2": [0.591379463673, 0.479850322008, 0.428971290588, 0.561259746552, 0.815097630024, 0.470734208822], "median": [-7.3900680542, -7.11371421814, -7.427734375, -7.79429244995, -7.49442529678, -9.71994113922], "dmean2": [0.835017800331, 0.748173952103, 0.664700448513, 0.682386755943, 0.702086210251, 0.654168784618], "dmean": [0.563942193985, 0.490945726633, 0.447972565889, 0.463253051043, 0.486599415541, 0.558768451214], "var": [1.44937503338, 0.924162685871, 1.05448532104, 1.17354822159, 1.33466160297, 1.72593772411], "dvar": [0.34003931284, 0.242984578013, 0.216296836734, 0.267670035362, 0.366791844368, 0.336518198252], "mean": [-7.49413537979, -7.25493383408, -7.5755906105, -7.90966749191, -7.63879442215, -9.91139411926]}, "barkbands_flatness_db": {"min": 0.0181387830526, "max": 0.491651952267, "dvar2": 0.00391331827268, "median": 0.115619555116, "dmean2": 0.0587599389255, "dmean": 0.0364668853581, "var": 0.0042873583734, "dvar": 0.00141555385198, "mean": 0.129820778966}, "dynamic_complexity": 3.6306951046, "erbbands_flatness_db": {"min": 0.0390166640282, "max": 0.426310896873, "dvar2": 0.000925681670196, "median": 0.131694033742, "dmean2": 0.0327933430672, "dmean": 0.0243375431746, "var": 0.00255333655514, "dvar": 0.000552814977709, "mean": 0.137567713857}, "hfc": {"min": 1.11533950067e-16, "max": 360.8