{"lowlevel": {"spectral_complexity": {"min": 0, "max": 61, "dvar2": 77.2386932373, "median": 15, "dmean2": 6.60100364685, "dmean": 4.607213974, "var": 161.958267212, "dvar": 41.233291626, "mean": 17.3093242645}, "silence_rate_20dB": {"min": 1, "max": 1, "dvar2": 0, "median": 1, "dmean2": 0, "dmean": 0, "var": 0, "dvar": 0, "mean": 1}, "average_loudness": 0.704599559307, "erbbands_spread": {"min": 2.5116622448, "max": 132.684997559, "dvar2": 247.99458313, "median": 34.1545982361, "dmean2": 14.0543203354, "dmean": 9.89556026459, "var": 393.168395996, "dvar": 121.931877136, "mean": 38.5107536316}, "spectral_kurtosis": {"min": -1.25330603123, "max": 50.3877868652, "dvar2": 16.2374172211, "median": 3.73850774765, "dmean2": 2.74049091339, "dmean": 1.70885169506, "var": 18.6693210602, "dvar": 5.3567700386, "mean": 4.58944702148}, "barkbands_kurtosis": {"min": -1.85930192471, "max": 76.6645507812, "dvar2": 13.0422315598, "median": -0.0632245540619, "dmean2": 2.15427088737, "dmean": 1.35614275932, "var": 13.265296936, "dvar": 5.58602666855, "mean": 0.723512411118}, "spectral_strongpeak": {"min": 0, "max": 18.4911346436, "dvar2": 1.98003053665, "median": 0.408521473408, "dmean2": 0.896661639214, "dmean": 0.52882450819, "var": 1.13095402718, "dvar": 0.788810133934, "mean": 0.751558482647}, "spectral_spread": {"min": 1342791.75, "max": 41868332, "dvar2": 2970844921860.0, "median": 4472637, "dmean2": 1305655.125, "dmean": 1092186.875, "var": 12136340258800.0, "dvar": 2074787577860.0, "mean": 5468978.5}, "spectral_rms": {"min": 3.12859915926e-12, "max": 0.0128356479108, "dvar2": 2.42909504777e-06, "median": 0.0026849869173, "dmean2": 0.00106773956213, "dmean": 0.000797754328232, "var": 5.39017764822e-06, "dvar": 1.51431493123e-06, "mean": 0.00327262887731}, "erbbands": {"min": [1.19129432016e-22, 6.80431683498e-22, 2.19360947528e-21, 9.28719052228e-21, 1.01499075894e-20, 2.5672875092e-20, 2.59191665038e-20, 1.31503855465e-19, 8.79101188639e-20, 2.2822737696e-19, 2.55028002957e-19, 5.19382053731e-19, 8.77901983546e-19, 8.03382833125e-19, 7.69405562284e-19, 1.72009406306e-18, 2.15878154611e-18, 2.60548451269e-18, 2.37579010507e-18, 3.79905733295e-18, 4.55500073756e-18, 5.34091496371e-18, 5.45295120101e-18, 6.95121641349e-18, 8.03332664621e-18, 9.47025352114e-18, 9.39033381189e-18, 9.89106511416e-18, 1.33306872419e-17, 1.00962911057e-17, 1.24951471421e-17, 1.2058978941e-17, 9.87900895673e-18, 7.92542837993e-18, 6.56331378755e-18, 4.11114471985e-18, 2.23317734322e-18, 9.84311841714e-19, 2.46495531541e-19, 3.01826993346e-20], "max": [1.84893715382, 22.5964698792, 60.6475296021, 156.778915405, 243.109680176, 123.818237305, 283.928924561, 161.745651245, 373.135223389, 598.558166504, 1022.16967773, 1013.84936523, 502.897735596, 1046.18457031, 778.428833008, 864.959838867, 914.442199707, 780.264343262, 1139.07226562, 520.197143555, 715.151245117, 2343.9909668, 592.011413574, 697.166442871, 755.764587402, 549.791503906, 328.663543701, 318.702606201, 589.523376465, 537.520019531, 290.039825439, 156.341873169, 154.953262329, 109.946083069, 137.896865845, 116.451278687, 45.9778251648, 12.6643028259, 1.33152389526, 0.0525102056563], "dvar2": [0.0611454695463, 8.86062335968, 49.5013542175, 60.2355499268, 835.180297852, 263.534576416, 844.609313965, 206.297088623, 1019.64447021, 1349.80053711, 2593.48706055, 4659.37744141, 1680.28540039, 5391.08007812, 1291.71533203, 1527.21887207, 2473.20092773, 2616.39282227, 3279.38305664, 1955.50061035, 1448.58203125, 1476.5559082, 894.031188965, 1273.96984863, 2281.31567383, 1273.85168457, 588.722839355, 335.861236572, 832.318664551, 617.277832031, 186.792877197, 140.021636963, 148.231887817, 117.798957825, 151.33480835, 134.831253052, 31.2890796661, 2.18174433708, 0.0316480062902, 3.92209767597e-05], "median": [0.00321855768561, 0.0396227091551, 0.151285916567, 0.284980237484, 0.619004666805, 1.25190067291, 1.92035317421, 2.35468316078, 2.9733338356, 4.59871578217, 6.7036781311, 4.54577541351, 5.42609214783, 7.41266155243, 5.9311132431, 7.98310232162, 8.05289840698, 7.02153968811, 7.34205675125, 7.09487533569, 6.17259788513, 5.25776815414, 6.3437461853, 6.40049266815, 5.44839954376, 4.40584468842, 3.04596710205, 1.88409852982, 2.1794629097, 1.359552145, 0.773953676224, 0.437306582928, 0.35306841135, 0.220061689615, 0.0864368528128, 0.030427409336, 0.0114330295473, 0.00244963727891, 0.000231730256928, 2.2329726562e-05], "dmean2": [0.069702655077, 0.779345929623, 1.84566986561, 2.298214674, 7.35150957108, 5.87653875351, 9.69717025757, 7.31301403046, 11.8368864059, 15.7721252441, 25.2901439667, 24.6532802582, 19.572807312, 31.6745185852, 17.3656196594, 20.3573188782, 21.6895313263, 23.8911056519, 23.3292770386, 21.3693675995, 17.3790359497, 15.1068820953, 15.4968767166, 16.3361358643, 17.7461299896, 14.4575424194, 11.068063736, 8.24101924896, 12.8343458176, 9.29492855072, 5.9490814209, 4.69208288193, 4.97138404846, 4.55135774612, 4.95653438568, 4.46139907837, 2.24096894264, 0.578483343124, 0.0635448917747, 0.00221978733316], "dmean": [0.0469950437546, 0.470134228468, 1.08543765545, 1.39556312561, 4.10131692886, 3.41201353073, 5.79527616501, 4.62148761749, 7.17888116837, 10.0292005539, 16.3503437042, 15.6576013565, 12.687497139, 20.2020702362, 10.6615724564, 12.6078233719, 13.3965511322, 14.5146036148, 14.2516202927, 13.0574579239, 10.8090772629, 9.46491146088, 9.99046134949, 10.3946113586, 11.5575580597, 9.54754829407, 7.48664093018, 5.49951505661, 8.95011138916, 6.69263696671, 4.39042901993, 3.41543793678, 3.57448506355, 3.30513906479, 3.54487514496, 3.17174220085, 1.58610451221, 0.412061870098, 0.0435550622642, 0.00150435266551], "var": [0.0457806512713, 3.87064218521, 15.1581859589, 25.7887191772, 187.506713867, 83.1991195679, 301.415557861, 158.864761353, 405.304962158, 1074.72644043, 2056.29882812, 2441.57421875, 1628.31115723, 5142.25195312, 1284.57470703, 1251.96850586, 1617.90234375, 1777.69116211, 2205.97583008, 1263.4909668, 993.469665527, 2070.3137207, 752.249755859, 774.258972168, 1199.75341797, 770.887939453, 444.734619141, 234.220916748, 664.77142334, 511.317993164, 181.550170898, 110.044075012, 120.407226562, 95.9051818848, 109.709083557, 90.2404708862, 22.4361228943, 1.57185184956, 0.0174222346395, 2.0962974304e-05], "dvar": [0.0348790548742, 3.64924120903, 18.4998645782, 24.1519203186, 295.535461426, 99.0893325806, 320.538330078, 83.7367782593, 395.684570312, 557.471618652, 1114.39831543, 1903.10461426, 712.313842773, 2196.91210938, 488.091003418, 624.845275879, 978.794250488, 1041.94567871, 1345.97619629, 780.216064453, 581.846496582, 842.330200195, 391.134124756, 520.928405762, 952.680725098, 521.475891113, 266.106384277, 149.521774292, 395.722167969, 300.556060791, 98.4894866943, 69.9672470093, 76.7370071411, 62.5619430542, 79.78565979, 68.7014846802, 16.49792099, 1.15056681633, 0.0149611402303, 1.84462769539e-05], "mean": [0.0518440827727, 0.501748859882, 1.07018828392, 1.44127118587, 3.29435682297, 3.85052704811, 6.58981370926, 7.19203519821, 9.6534910202, 16.3818473816, 24.2321376801, 20.5700035095, 20.8572120667, 32.6642456055, 18.5305843353, 20.2928237915, 21.3271999359, 21.5797119141, 21.1621990204, 19.4039936066, 16.7514915466, 15.2055387497, 16.6935462952, 16.7946147919, 16.4932022095, 14.1060686111, 10.8236427307, 7.64750051498, 12.1560783386, 8.95524501801, 5.79153823853, 4.12157964706, 4.2619304657, 3.69810032845, 3.61805033684, 3.10152578354, 1.55320203304, 0.408991903067, 0.0399454683065, 0.00135822710581]}, "zerocrossingrate": {"min": 0.0048828125, "max": 0.51416015625, "dvar2": 0.00172747310717, "median": 0.0810546875, "dmean2": 0.0322005748749, "dmean": 0.0306608472019, "var": 0.00635513849556, "dvar": 0.00155468017329, "mean": 0.111350789666}, "spectral_contrast_coeffs": {"min": [-0.975272119045, -0.974042475224, -0.975199639797, -0.971467077732, -0.964648246765, -0.962890207767], "max": [-0.273830652237, -0.427916705608, -0.497288823128, -0.541652739048, -0.587581276894, -0.578662335873], "dvar2": [0.00555261783302, 0.00377476937138, 0.00275571621023, 0.00189323397353, 0.00116265099496, 0.000955454248469], "median": [-0.660900831223, -0.746428191662, -0.778329253197, -0.784899830818, -0.785679578781, -0.770397603512], "dmean2": [0.0862960368395, 0.0749197229743, 0.0643584802747, 0.0518885999918, 0.0390687920153, 0.0323428884149], "dmean": [0.0524723082781, 0.0461522862315, 0.0405294448137, 0.0325656048954, 0.0252148881555, 0.0212781708688], "var": [0.00838878843933, 0.00581019045785, 0.00428693555295, 0.00340923992917, 0.00238608196378, 0.00224122637883], "dvar": [0.00217736884952, 0.00146754819434, 0.00111661676783, 0.000775871856604, 0.000516955566127, 0.000455826113466], "mean": [-0.653312683105, -0.742259085178, -0.772762238979, -0.77897644043, -0.781912207603, -0.766291320324]}, "dissonance": {"min": 0.222408920527, "max": 0.500000119209, "dvar2": 0.000659484940115, "median": 0.477296471596, "dmean2": 0.0260311532766, "dmean": 0.0155207281932, "var": 0.000620494363829, "dvar": 0.000242644251557, "mean": 0.471095353365}, "spectral_energyband_high": {"min": 6.8606634655e-21, "max": 0.0577087663114, "dvar2": 4.24353602284e-05, "median": 0.000316007382935, "dmean2": 0.00293946708553, "dmean": 0.00219289725646, "var": 3.87892796425e-05, "dvar": 2.39832170337e-05, "mean": 0.00261190044694}, "spectral_skewness": {"min": -0.28746560216, "max": 5.25166559219, "dvar2": 0.139933750033, "median": 1.453083992, "dmean2": 0.361091136932, "dmean": 0.231853827834, "var": 0.259647548199, "dvar": 0.0538320839405, "mean": 1.48736405373}, "spectral_flux": {"min": 6.32450480875e-11, "max": 0.324409425259, "dvar2": 0.00258049857803, "median": 0.053414478898, "dmean2": 0.0358797647059, "dmean": 0.0238385461271, "var": 0.00367219094187, "dvar": 0.00134296086617, "mean": 0.0707706511021}, "silence_rate_30dB": {"min": 0, "max": 1, "dvar2": 0.0324925780296, "median": 1, "dmean2": 0.0234211627394, "dmean": 0.0117093566805, "var": 0.00685106450692, "dvar": 0.0115724215284, "mean": 0.993100583553}, "spectral_energyband_middle_high": {"min": 1.2917873235e-21, "max": 0.0580785162747, "dvar2": 2.4076893169e-05, "median": 0.00222764071077, "dmean2": 0.00282993004657, "dmean": 0.00187074823771, "var": 3.50212685589e-05, "dvar": 1.04998180177e-05, "mean": 0.00451757526025}, "barkbands_spread": {"min": 1.42888855934, "max": 121.62461853, "dvar2": 290.065216064, "median": 28.601398468, "dmean2": 14.7795228958, "dmean": 10.5489730835, "var": 470.692230225, "dvar": 162.128936768, "mean": 34.7134017944}, "spectral_centroid": {"min": 318.958831787, "max": 11511.4492188, "dvar2": 269427.90625, "median": 1744.57177734, "dmean2": 480.487548828, "dmean": 323.836212158, "var": 774846, "dvar": 137453.671875, "mean": 1855.63476562}, "pitch_salience": {"min": 0.144285753369, "max": 0.901664078236, "dvar2": 0.0107745360583, "median": 0.606586694717, "dmean2": 0.115851387382, "dmean": 0.0728029534221, "var": 0.0126917213202, "dvar": 0.00461778882891, "mean": 0.597208678722}, "erbbands_skewness": {"min": -4.2287735939, "max": 3.89748048782, "dvar2": 0.252777099609, "median": 0.187068238854, "dmean2": 0.563608050346, "dmean": 0.371441662312, "var": 0.482974112034, "dvar": 0.115499079227, "mean": 0.171667560935}, "erbbands_crest": {"min": 2.08773517609, "max": 28.246055603, "dvar2": 15.4397010803, "median": 6.99334859848, "dmean2": 4.32611274719, "dmean": 2.66097736359, "var": 14.4253005981, "dvar": 6.42258071899, "mean": 7.95335626602}, "melbands": {"min": [1.4977681939e-24, 1.0343229631e-24, 2.48874334886e-24, 9.98550882059e-25, 9.81562565249e-25, 3.35252750185e-24, 1.50049449719e-24, 2.97719280796e-24, 2.17091010686e-24, 3.22717710958e-24, 3.50869119551e-24, 2.71399311402e-24, 2.30331824043e-24, 3.58693357553e-24, 3.47633172674e-24, 3.97068206262e-24, 3.89488436255e-24, 2.89970438174e-24, 2.38820953459e-24, 4.37523912267e-24, 4.15708358364e-24, 4.99514377137e-24, 4.34925365003e-24, 4.57183509317e-24, 5.46317021327e-24, 4.704223308e-24, 5.36754331105e-24, 6.23206938771e-24, 5.04388827556e-24, 5.39224017941e-24, 5.5129086822e-24, 7.41168031499e-24, 4.92458213555e-24, 5.88184867238e-24, 6.23852148106e-24, 6.61567154111e-24, 6.54909049742e-24, 5.57404658565e-24, 5.69474112086e-24, 6.10034618262e-24], "max": [0.0173255652189, 0.0275950226933, 0.0228170976043, 0.0150131359696, 0.00810643751174, 0.00333633134142, 0.00659621413797, 0.00543174054474, 0.00804665498435, 0.00620426563546, 0.00276181590743, 0.00466502644122, 0.00252883625217, 0.00228699878789, 0.0013464926742, 0.00239026756026, 0.0015294913901, 0.00235858443193, 0.000657527300064, 0.00124595197849, 0.000627494766377, 0.00345506728627, 0.000422177457949, 0.000755871180445, 0.000664601277094, 0.000419760704972, 0.000613215263002, 0.000342756131431, 0.000322617124766, 0.000251837598626, 0.000194302250748, 0.000323089043377, 0.000332817842718, 0.000324318942148, 0.000190695805941, 7.72666680859e-05, 0.000145886529936, 0.000119013755466, 0.000109960914415, 0.00010561489762], "dvar2": [5.90170839132e-06, 1.34305000756e-05, 3.06503352476e-06, 3.49889819518e-06, 6.8387112151e-07, 1.03122573591e-07, 2.91913210049e-07, 1.91490940438e-07, 1.49097687085e-07, 1.79611632234e-07, 4.77754760198e-08, 1.04152007907e-07, 1.75472187891e-08, 1.5583445645e-08, 9.86005854742e-09, 1.74349530369e-08, 9.39221322938e-09, 1.14858984546e-08, 4.0191490136e-09, 4.06074596171e-09, 2.21145657342e-09, 2.45716669234e-09, 7.64587670954e-10, 1.16545006978e-09, 1.02160657711e-09, 9.63493396178e-10, 1.83640713747e-09, 4.73270866941e-10, 2.94754609609e-10, 2.19327320194e-10, 1.17681975276e-10, 2.51808518481e-10, 2.67105421115e-10, 2.23993906756e-10, 7.16874545836e-11, 3.61701779639e-11, 9.28391738486e-11, 1.07997916166e-10, 5.4379056813e-11, 1.00344087206e-10], "median": [4.63787000626e-05, 7.91283018771e-05, 6.34682946838e-05, 6.66636842652e-05, 7.00836681062e-05, 5.5607088143e-05, 4.77425419376e-05, 5.51379162061e-05, 5.22201808053e-05, 2.42776186496e-05, 2.66162915068e-05, 3.06323490804e-05, 1.78884656634e-05, 2.0384137315e-05, 1.6230296751e-05, 1.6723312001e-05, 1.11232948257e-05, 1.02325948319e-05, 1.03209858935e-05, 7.25230620446e-06, 6.33308536635e-06, 5.07691402163e-06, 4.53940538137e-06, 5.92226842855e-06, 4.72496594739e-06, 3.93115988118e-06, 3.38046174875e-06, 2.50386437983e-06, 1.9446179067e-06, 1.18628065593e-06, 9.254877682e-07, 1.22892208765e-06, 1.00526483493e-06, 6.21054198291e-07, 4.50736081348e-07, 2.94734604722e-07, 2.31707318221e-07, 2.54164007174e-07, 1.87174833854e-07, 1.62049190067e-07], "dmean2": [0.000712225970346, 0.000990097410977, 0.000542633119039, 0.000519956287462, 0.000293835008051, 0.000165703386301, 0.000189741374925, 0.000199891757802, 0.000189046171727, 0.000154751774971, 0.000103693571873, 0.000137153096148, 6.37055709376e-05, 6.06220928603e-05, 4.90298225486e-05, 5.82120810577e-05, 4.44266079285e-05, 4.03410376748e-05, 3.21182560583e-05, 2.6391891879e-05, 2.11164879147e-05, 1.73374246515e-05, 1.36320277306e-05, 1.72691670741e-05, 1.39077828862e-05, 1.26757449834e-05, 1.4022229152e-05, 9.54675851972e-06, 7.72967086959e-06, 6.33222907709e-06, 4.76100649394e-06, 7.30057354303e-06, 6.69134442433e-06, 5.31887917532e-06, 3.59559840035e-06, 2.58121553998e-06, 3.38919085152e-06, 4.07990773965e-06, 2.93484208669e-06, 4.13334510085e-06], "dmean": [0.000464518117951, 0.00058342871489, 0.000323237938574, 0.000290825148113, 0.000177642083145, 0.000104938197182, 0.000114642120025, 0.000131035470986, 0.000122920726426, 9.81913763098e-05, 6.6658569267e-05, 8.79124054336e-05, 3.92217953049e-05, 3.73353104806e-05, 3.04137483909e-05, 3.58003926522e-05, 2.68272397079e-05, 2.46339568548e-05, 1.94142212422e-05, 1.62329015438e-05, 1.30988619276e-05, 1.08369849841e-05, 8.5615347416e-06, 1.09854609036e-05, 8.67958260642e-06, 8.19301112642e-06, 8.90712726687e-06, 6.27227973382e-06, 5.13500390298e-06, 4.16098509959e-06, 3.05321964333e-06, 4.96426810059e-06, 4.73982481708e-06, 3.69768304154e-06, 2.61971626969e-06, 1.86873398889e-06, 2.37229733102e-06, 2.86215004053e-06, 2.11361566471e-06, 2.95727818411e-06], "var": [4.52958374808e-06, 4.86943918077e-06, 1.04603020645e-06, 8.21829473807e-07, 2.63532029976e-07, 7.54292344141e-08, 1.07343637978e-07, 1.76367706217e-07, 1.15440286663e-07, 9.58189261269e-08, 4.46178809455e-08, 9.38526696359e-08, 2.00202734391e-08, 1.12304654465e-08, 7.1167618465e-09, 1.13040092842e-08, 6.01719030158e-09, 7.83290676765e-09, 2.29938001972e-09, 2.93087842884e-09, 1.36079691959e-09, 3.91750099027e-09, 5.44030487326e-10, 9.2157342868e-10, 5.28663945953e-10, 5.37590638672e-10, 7.67639507515e-10, 3.43464034991e-10, 2.28658439405e-10, 1.25689889052e-10, 7.38627908836e-11, 1.98018476616e-10, 2.13243700475e-10, 1.61548080468e-10, 6.42733366529e-11, 3.41983732999e-11, 5.44136402603e-11, 7.59983950771e-11, 4.58887268462e-11, 7.5992712123e-11], "dvar": [3.26830945596e-06, 5.16151931151e-06, 1.18018920148e-06, 1.25376288906e-06, 2.63206516138e-07, 4.17357171045e-08, 1.10983918944e-07, 8.48977919077e-08, 6.34383141573e-08, 7.32815408355e-08, 2.00946637108e-08, 4.24007104982e-08, 6.73324818123e-09, 6.25944940325e-09, 3.89539733803e-09, 6.76866029892e-09, 3.75520814444e-09, 4.87072515654e-09, 1.56439328158e-09, 1.65818825337e-09, 8.89308460206e-10, 1.53743529019e-09, 3.20847709512e-10, 5.16131470896e-10, 4.05011912896e-10, 3.99831473485e-10, 7.24147131148e-10, 2.03262101595e-10, 1.33862365637e-10, 9.4175965637e-11, 5.08599551363e-11, 1.16498588554e-10, 1.29673577431e-10, 1.04369582421e-10, 3.65182779849e-11, 1.86136817765e-11, 4.23336331268e-11, 5.32009783449e-11, 2.81535645491e-11, 5.19950540956e-11], "mean": [0.000567504786886, 0.000619200756773, 0.000311719952151, 0.000262772751739, 0.000215220701648, 0.000162417054526, 0.00015129307576, 0.000208637778996, 0.000182466159458, 0.000126396203996, 0.000106660860183, 0.000139133859193, 6.51484078844e-05, 5.63498251722e-05, 4.70477571071e-05, 5.07193763042e-05, 3.76360949303e-05, 3.46719825757e-05, 2.71641783911e-05, 2.3231455998e-05, 1.88780541066e-05, 1.62441901921e-05, 1.3122042219e-05, 1.69996583281e-05, 1.30746111608e-05, 1.16849314509e-05, 1.14914782898e-05, 9.03366708371e-06, 7.26346479496e-06, 5.25727000422e-06, 4.07606603403e-06, 6.72572605254e-06, 6.26178507446e-06, 4.67920290248e-06, 3.40155838785e-06, 2.40999656853e-06, 2.6588277251e-06, 3.31617343363e-06, 2.46913032242e-06, 3.24508027916e-06]}, "spectral_entropy": {"min": 5.73602581024, "max": 9.81760883331, "dvar2": 0.0623664110899, "median": 7.80182647705, "dmean2": 0.241184949875, "dmean": 0.187388449907, "var": 0.247531846166, "dvar": 0.0401346795261, "mean": 7.7962641716}, "spectral_rolloff": {"min": 21.533203125, "max": 19444.4824219, "dvar2": 13548549, "median": 2002.58789062, "dmean2": 2594.03833008, "dmean": 1669.63122559, "var": 13938378, "dvar": 7777181, "mean": 3567.51123047}, "barkbands": {"min": [5.86687688126e-25, 3.21553924186e-24, 1.71138659944e-24, 2.22883517705e-24, 7.97220622006e-24, 1.38683072424e-23, 4.5028906222e-24, 4.38734577099e-24, 2.29611014224e-23, 1.79433985957e-23, 1.73836276305e-23, 3.9548266684e-23, 3.33331313789e-23, 6.04201315301e-23, 2.42162138325e-23, 6.62400885424e-23, 9.59114064854e-23, 9.34677173495e-23, 1.40030143928e-22, 1.75095894689e-22, 2.81500457568e-22, 3.36318868877e-22, 4.30339148581e-22, 6.15942695771e-22, 9.0034075935e-22, 1.43213923432e-21, 2.02129660613e-21], "max": [0.0414507649839, 0.081803098321, 0.0571741461754, 0.0568158626556, 0.0580330900848, 0.0202107205987, 0.0351184681058, 0.0364985987544, 0.0323715880513, 0.0297171138227, 0.0212521366775, 0.0180840231478, 0.0247285068035, 0.0198063887656, 0.0112286601216, 0.0167809035629, 0.0409653186798, 0.0100149409845, 0.00931870285422, 0.0119957737625, 0.0070384806022, 0.0164269432425, 0.0122113823891, 0.00774896843359, 0.0173628777266, 0.0230103190988, 0.00775115983561], "dvar2": [2.91766009468e-05, 0.000115034010378, 3.35280928994e-05, 1.23480713228e-05, 5.65565205761e-05, 5.03844557898e-06, 8.14823124529e-06, 6.75940509609e-06, 5.75568537897e-06, 4.80629523736e-06, 1.29490172185e-06, 1.053521828e-06, 1.61201990068e-06, 1.05159949726e-06, 9.0508416406e-07, 6.11509051396e-07, 5.30854379122e-07, 3.73218114191e-07, 5.04859144712e-07, 6.83976168148e-07, 2.55703497487e-07, 4.91449270612e-07, 3.5577630797e-07, 4.07147808801e-07, 1.93035498341e-06, 8.56811857375e-06, 9.38958066854e-07], "median": [7.5115247455e-05, 0.000146867881995, 0.000105233382783, 7.95876840129e-05, 0.000366099789971, 0.000288678798825, 0.000212758342968, 0.00026646751212, 0.00018006528262, 0.000188831472769, 0.00011742785864, 0.000201459130039, 0.000165721095982, 0.000115939867101, 0.000142772478284, 0.00010398151062, 8.43967136461e-05, 0.00012005577446, 0.000109963526484, 9.58587406785e-05, 5.8273657487e-05, 5.7755933085e-05, 2.90600910375e-05, 2.0871655579e-05, 1.6537578631e-05, 6.74425018587e-06, 1.18899288282e-06], "dmean2": [0.00153000839055, 0.0028846138157, 0.00151895638555, 0.000993608031422, 0.00225613941438, 0.00101550517138, 0.000963304715697, 0.0012381245615, 0.000958217948209, 0.000918029283639, 0.000520480098203, 0.000537424872164, 0.000558524217922, 0.000449184386525, 0.000453537213616, 0.000343711610185, 0.000290134048555, 0.000324025400914, 0.000318028236507, 0.000336319732014, 0.000226063042646, 0.000311698240694, 0.000238286957028, 0.000256727216765, 0.000566272763535, 0.00117384071928, 0.000351520720869], "dmean": [0.000958001997788, 0.00180138775613, 0.000877666927408, 0.000604810076766, 0.00127320981119, 0.000632245850284, 0.000578194158152, 0.000820074463263, 0.000608778034803, 0.000596341560595, 0.000320331862895, 0.000331250950694, 0.000342795450706, 0.000275578378933, 0.000274236197583, 0.000211372869671, 0.00018018388073, 0.000207844685065, 0.000205992022529, 0.000219741617911, 0.000150864900206, 0.000220575253479, 0.000173622334842, 0.000185464712558, 0.000407470972277, 0.000839116051793, 0.000242895490373], "var": [1.0508012565e-05, 6.69501896482e-05, 1.02572830656e-05, 4.36430946138e-06, 1.45883132063e-05, 2.69557881438e-06, 2.90186676466e-06, 5.8591135712e-06, 3.50954633177e-06, 4.00000590162e-06, 1.48567153246e-06, 7.86570524269e-07, 1.04246976207e-06, 7.50452613829e-07, 4.96237873904e-07, 4.29921016121e-07, 6.5834558427e-07, 3.0405351481e-07, 3.0711643717e-07, 3.78188474315e-07, 1.65647406902e-07, 4.44203237748e-07, 3.0063046097e-07, 3.27787461174e-07, 1.44729312979e-06, 6.22275274509e-06, 5.44215140508e-07], "dvar": [1.20471650007e-05, 5.39019674761e-05, 1.24379102999e-05, 4.87570514451e-06, 2.04302032216e-05, 2.00252520699e-06, 3.04484296976e-06, 3.0985270314e-06, 2.3465902359e-06, 1.95138591152e-06, 5.07501340508e-07, 4.2371087261e-07, 6.20993318989e-07, 4.5776627644e-07, 3.45560636106e-07, 2.45288788392e-07, 2.88880357857e-07, 1.63139404208e-07, 2.14945643506e-07, 2.7778111189e-07, 1.11129445202e-07, 2.4155013989e-07, 1.78424542696e-07, 2.07957342013e-07, 1.0226908671e-06, 4.53092479802e-06, 4.52085146208e-07], "mean": [0.000887277128641, 0.00209227087907, 0.000849820906296, 0.000575672427658, 0.00127019383945, 0.000892786832992, 0.000735086505301, 0.00118870276492, 0.000826724397484, 0.000922690494917, 0.00050417764578, 0.000509908131789, 0.000497900764458, 0.000383521604817, 0.000382574158721, 0.000308572198264, 0.000271580414847, 0.000331605144311, 0.00030759719084, 0.00031358373235, 0.000208688230487, 0.000311577838147, 0.000223593786359, 0.000223563605687, 0.000430423358921, 0.00082572986139, 0.000226911477512]}, "melbands_flatness_db": {"min": 0.00340265780687, "max": 0.383547753096, "dvar2": 0.00143293687142, "median": 0.132206231356, "dmean2": 0.0369352847338, "dmean": 0.0251825358719, "var": 0.00369469216093, "dvar": 0.000702032411937, "mean": 0.144403204322}, "melbands_skewness": {"min": -2.65387010574, "max": 14.9875602722, "dvar2": 1.338113904, "median": 1.50094020367, "dmean2": 0.946341335773, "dmean": 0.617833971977, "var": 1.69687926769, "dvar": 0.619728565216, "mean": 1.73942089081}, "barkbands_skewness": {"min": -5.40157461166, "max": 7.98697900772, "dvar2": 0.563892006874, "median": 0.64525949955, "dmean2": 0.742267251015, "dmean": 0.495871841908, "var": 0.799530506134, "dvar": 0.264330238104, "mean": 0.669736325741}, "silence_rate_60dB": {"min": 0, "max": 1, "dvar2": 0.152912601829, "median": 0, "dmean2": 0.160184025764, "dmean": 0.0800836384296, "var": 0.182247117162, "dvar": 0.0736670419574, "mean": 0.239703118801}, "spectral_energyband_low": {"min": 1.51785326308e-23, "max": 0.10774705559, "dvar2": 0.00017397069314, "median": 0.000523203751072, "dmean2": 0.00413851300254, "dmean": 0.00266424147412, "var": 0.000114088310511, "dvar": 8.16934552859e-05, "mean": 0.00346531555988}, "spectral_energyband_middle_low": {"min": 1.3583900798e-22, "max": 0.0970602855086, "dvar2": 0.000150464766193, "median": 0.0026058012154, "dmean2": 0.00499179773033, "dmean": 0.00322414911352, "var": 9.03461113921e-05, "dvar": 6.2999119109e-05, "mean": 0.0056120431982}, "melbands_kurtosis": {"min": -1.87017583847, "max": 270.90045166, "dvar2": 199.016937256, "median": 2.91956233978, "dmean2": 6.39241743088, "dmean": 3.9889318943, "var": 156.149612427, "dvar": 86.566619873, "mean": 5.78916597366}, "spectral_decrease": {"min": -3.47894264507e-08, "max": 4.08587816358e-11, "dvar2": 2.50259093727e-17, "median": -1.6082711829e-09, "dmean2": 2.55138621341e-09, "dmean": 1.68559177727e-09, "var": 2.42666601408e-17, "dvar": 1.19582837635e-17, "mean": -3.4816149963e-09}, "erbbands_kurtosis": {"min": -1.75464963913, "max": 27.5375003815, "dvar2": 3.50688743591, "median": -0.245494842529, "dmean2": 1.32153451443, "dmean": 0.83054035902, "var": 2.48356366158, "dvar": 1.48942065239, "mean": 0.122697211802}, "melbands_crest": {"min": 1.64564335346, "max": 33.2205543518, "dvar2": 21.033405304, "median": 9.82921218872, "dmean2": 5.10341262817, "dmean": 3.15033149719, "var": 24.8806781769, "dvar": 9.13516235352, "mean": 11.1207714081}, "gfcc": {"cov": [[19322.2597656, -3242.83276367, 1114.6307373, 196.884002686, -655.116699219, 328.538879395, -536.12097168, 121.580734253, -424.899383545, 183.977844238, -470.91619873, 136.080703735, -368.789825439], [-3242.83276367, 2600.33129883, -1196.58374023, 42.3668937683, 154.681838989, -240.540618896, 235.439147949, -138.323135376, 159.162826538, -135.802261353, 199.496627808, -146.45791626, 128.230880737], [1114.6307373, -1196.58374023, 1532.15893555, 33.756855011, 217.193191528, 217.229019165, -71.7620315552, 91.882232666, -68.3068161011, 133.667602539, -117.173469543, 106.416915894, -127.321853638], [196.884002686, 42.3668937683, 33.756855011, 504.590179443, 59.3434448242, 88.9091873169, -22.3011035919, -31.8697013855, 4.56767177582, -17.3126316071, 6.40699100494, -33.0542831421, -12.2224283218], [-655.116699219, 154.681838989, 217.193191528, 59.3434448242, 355.64956665, 73.3285903931, 117.527023315, 26.9217987061, 34.3181266785, 22.4461421967, -1.82882583141, 8.4176158905, -18.9445934296], [328.538879395, -240.540618896, 217.229019165, 88.9091873169, 73.3285903931, 274.783203125, 48.5880813599, 68.8332748413, -17.1154460907, 25.2159519196, -16.6670475006, 7.19921684265, -33.955657959], [-536.12097168, 235.439147949, -71.7620315552, -22.3011035919, 117.527023315, 48.5880813599, 202.979736328, 35.6185646057, 38.0440063477, -7.60318279266, 17.1368770599, -4.17435026169, -1.66208422184], [121.580734253, -138.323135376, 91.882232666, -31.8697013855, 26.9217987061, 68.8332748413, 35.6185646057, 149.165939331, 45.7827301025, 26.8728580475, -9.43888568878, 16.8502197266, -6.1624879837], [-424.899383545, 159.162826538, -68.3068161011, 4.56767177582, 34.3181266785, -17.1154460907, 38.0440063477, 45.7827301025, 136.918502808, 30.3030719757, 15.0066776276, -14.3018407822, 13.0400114059], [183.977844238, -135.802261353, 133.667602539, -17.3126316071, 22.4461421967, 25.2159519196, -7.60318279266, 26.8728580475, 30.3030719757, 101.414985657, 21.7326641083, 16.5230236053, -14.867600441], [-470.91619873, 199.496627808, -117.173469543, 6.40699100494, -1.82882583141, -16.6670475006, 17.1368770599, -9.43888568878, 15.0066776276, 21.7326641083, 100.081573486, 15.6276922226, 20.2450771332], [136.080703735, -146.45791626, 106.416915894, -33.0542831421, 8.4176158905, 7.19921684265, -4.17435026169, 16.8502197266, -14.3018407822, 16.5230236053, 15.6276922226, 89.0748901367, 13.4917478561], [-368.789825439, 128.230880737, -127.321853638, -12.2224283218, -18.9445934296, -33.955657959, -1.66208422184, -6.1624879837, 13.0400114059, -14.867600441, 20.2450771332, 13.4917478561, 89.1672592163]], "icov": [[8.41003420646e-05, 3.49745459971e-05, 5.336949107e-05, -7.47261219658e-05, 0.000128034720547, -1.88940830412e-05, 5.39028078492e-05, -7.03080149833e-05, 0.000197891364223, -0.000265317852609, 0.000382827682188, -0.000180785689736, 0.000246909243288], [3.49745459971e-05, 0.00106644642074, 0.000495073036291, 1.42561875691e-05, -0.000714467139915, 0.000364861538401, -0.00044723963947, 0.000537236512173, -0.000620585982688, 0.000884975364897, -0.00141800136771, 0.00105418474413, -0.000263430760242], [5.336949107e-05, 0.000495073036291, 0.00161611160729, -6.79101867718e-05, -0.00109952781349, -0.000316881691106, 0.000624197651632, -5.88268812862e-05, 0.000398844073061, -0.00120355759282, 0.00112805294339, -0.00113335205242, 0.00111675658263], [-7.47261219658e-05, 1.42561875691e-05, -6.79101867718e-05, 0.00253113615327, -0.000672924215905, -0.00117405597121, 0.00088275258895, 0.000982267665677, -0.000958064221777, 0.00127503846306, -0.00115287851077, 0.00100251566619, -0.000122527897474], [0.000128034720547, -0.000714467139915, -0.00109952781349, -0.000672924215905, 0.0051309405826, -0.000371780624846, -0.00236984761432, 3.0178898669e-05, -3.38323625328e-05, -0.00118538993411, 0.00155923620332, -0.000998586881906, 0.000405593717005], [-1.88940830412e-05, 0.000364861538401, -0.000316881691106, -0.00117405597121, -0.000371780624846, 0.00578920496628, -0.00175899697933, -0.00243672169745, 0.00178289273754, -0.000660836580209, -0.0004143883707, 0.000955550814979, 0.000286721857265], [5.39028078492e-05, -0.00044723963947, 0.000624197651632, 0.00088275258895, -0.00236984761432, -0.00175899697933, 0.00814295373857, -0.00114585435949, -0.000973631627858, 0.00117502978537, -0.000266504008323, -0.000795322004706, 0.00129681115504], [-7.03080149833e-05, 0.000537236512173, -5.88268812862e-05, 0.000982267665677, 3.0178898669e-05, -0.00243672169745, -0.00114585435949, 0.0103471204638, -0.00452425843105, 0.000326006847899, 9.42669430515e-05, -0.00113826582674, -0.000373686780222], [0.000197891364223, -0.000620585982688, 0.000398844073061, -0.000958064221777, -3.38323625328e-05, 0.00178289273754, -0.000973631627858, -0.00452425843105, 0.0121069736779, -0.00559468893334, 0.00211449270137, 0.001259209821, -0.000883978791535], [-0.000265317852609, 0.000884975364897, -0.00120355759282, 0.00127503846306, -0.00118538993411, -0.000660836580209, 0.00117502978537, 0.000326006847899, -0.00559468893334, 0.0171132776886, -0.00805182754993, 0.00112529564649, 0.000956619740464], [0.000382827682188, -0.00141800136771, 0.00112805294339, -0.00115287851077, 0.00155923620332, -0.0004143883707, -0.000266504008323, 9.42669430515e-05, 0.00211449270137, -0.00805182754993, 0.018363814801, -0.00628226203844, 0.000379657692974], [-0.000180785689736, 0.00105418474413, -0.00113335205242, 0.00100251566619, -0.000998586881906, 0.000955550814979, -0.000795322004706, -0.00113826582674, 0.001259209821, 0.00112529564649, -0.00628226203844, 0.0169838648289, -0.00482635665685], [0.000246909243288, -0.000263430760242, 0.00111675658263, -0.000122527897474, 0.000405593717005, 0.000286721857265, 0.00129681115504, -0.000373686780222, -0.000883978791535, 0.000956619740464, 0.000379657692974, -0.00482635665685, 0.0153192915022]], "mean": [-37.6838684082, 57.9590339661, -124.698059082, 12.9225149155, -56.1158218384, 4.45453739166, -31.8755779266, 6.35453939438, -23.9204139709, 4.99560213089, -16.0469417572, 2.30644249916, -13.4441270828]}, "melbands_spread": {"min": 1.40175998211, "max": 295.295593262, "dvar2": 607.315307617, "median": 31.2134170532, "dmean2": 18.2275466919, "dmean": 12.2013921738, "var": 776.52923584, "dvar": 298.480865479, "mean": 37.910446167}, "spectral_energy": {"min": 1.00328364912e-20, "max": 0.168872699142, "dvar2": 0.000467901700176, "median": 0.00738938385621, "dmean2": 0.0111969169229, "dmean": 0.00802456680685, "var": 0.000583905668464, "dvar": 0.00026136165252, "mean": 0.0165026970208}, "mfcc": {"cov": [[12496.5615234, -1426.9855957, 540.593017578, 76.6799697876, -119.790863037, 39.7895698547, -127.045959473, -74.4874801636, -26.2622184753, -56.6373252869, 55.3963012695, -161.938980103, -105.898918152], [-1426.9855957, 1720.55957031, -654.626159668, 68.326713562, -104.857810974, -49.9248199463, 38.3314971924, -5.87841415405, -7.44322013855, -8.15771484375, -26.1450691223, 58.3514328003, 20.6541919708], [540.593017578, -654.626159668, 862.278808594, 4.54957866669, 213.608917236, 93.291015625, 36.2392463684, 11.1737785339, 15.0401725769, 4.04489183426, 40.1693458557, 8.18545913696, 4.3454413414], [76.6799697876, 68.326713562, 4.54957866669, 352.229309082, 90.0413131714, 83.448425293, 1.9505815506, 1.41036975384, -18.7689990997, 6.37448358536, -19.5353012085, -3.07941961288, 0.290469110012], [-119.790863037, -104.857810974, 213.608917236, 90.0413131714, 257.709655762, 92.5564193726, 52.0302658081, 25.9153137207, 36.4811248779, 20.1432476044, 18.9578552246, 20.5138549805, 6.2217130661], [39.7895698547, -49.9248199463, 93.291015625, 83.448425293, 92.5564193726, 197.145141602, 88.8884963989, 39.2397193909, 11.7943782806, 15.8635587692, 25.9498710632, -0.68225646019, -13.1933689117], [-127.045959473, 38.3314971924, 36.2392463684, 1.9505815506, 52.0302658081, 88.8884963989, 170.251373291, 66.2380523682, 17.400188446, 5.63173484802, 26.3515796661, 10.1957044601, -6.12401580811], [-74.4874801636, -5.87841415405, 11.1737785339, 1.41036975384, 25.9153137207, 39.2397193909, 66.2380523682, 134.540679932, 57.4416160583, 11.5587081909, 20.8334236145, 12.7605419159, 3.68711161613], [-26.2622184753, -7.44322013855, 15.0401725769, -18.7689990997, 36.4811248779, 11.7943782806, 17.400188446, 57.4416160583, 121.655227661, 45.2009391785, 17.1250553131, 12.455124855, 3.48254299164], [-56.6373252869, -8.15771484375, 4.04489183426, 6.37448358536, 20.1432476044, 15.8635587692, 5.63173484802, 11.5587081909, 45.2009391785, 98.3106231689, 38.1330604553, 7.82321023941, 7.82073974609], [55.3963012695, -26.1450691223, 40.1693458557, -19.5353012085, 18.9578552246, 25.9498710632, 26.3515796661, 20.8334236145, 17.1250553131, 38.1330604553, 93.6091384888, 27.3547821045, 5.37811899185], [-161.938980103, 58.3514328003, 8.18545913696, -3.07941961288, 20.5138549805, -0.68225646019, 10.1957044601, 12.7605419159, 12.455124855, 7.82321023941, 27.3547821045, 85.0500946045, 34.9037132263], [-105.898918152, 20.6541919708, 4.3454413414, 0.290469110012, 6.2217130661, -13.1933689117, -6.12401580811, 3.68711161613, 3.48254299164, 7.82073974609, 5.37811899185, 34.9037132263, 80.5054321289]], "icov": [[9.46790532907e-05, 6.97314026183e-05, -2.89680720016e-05, -7.42976044421e-05, 0.000120440818137, -2.22778744501e-05, 3.53382893081e-05, 6.3493847847e-05, -9.03045001905e-05, 0.000123840829474, -0.000154290013597, 0.000122844518046, 4.42290838691e-05], [6.97314026183e-05, 0.000943492981605, 0.000678124895785, -0.000257728563156, 5.9325680013e-06, 0.000146878155647, -0.000458015856566, 0.000312202755595, -0.000159111295943, 0.000180944814929, 2.26320771617e-05, -0.000596210651565, 3.47507702827e-05], [-2.89680720016e-05, 0.000678124895785, 0.00210410170257, 0.000257263251115, -0.0014887113357, -0.000229441124247, -0.000100163597381, 0.000242170353886, 0.000124835467432, 0.00038913678145, -0.000407441955758, -0.000227765602176, -0.000185078344657], [-7.42976044421e-05, -0.000257728563156, 0.000257263251115, 0.0038512989413, -0.00147960428149, -0.00171037809923, 0.00116585777141, -0.000642789644189, 0.00143292360008, -0.000919170212001, 0.00139329384547, -6.39251520624e-05, -0.000145274359966], [0.000120440818137, 5.9325680013e-06, -0.0014887113357, -0.00147960428149, 0.00668516056612, -0.00148020742927, -0.000878855120391, 0.000731716339942, -0.00202304916456, 6.16521574557e-05, 4.26920814789e-05, -0.000992614659481, -0.000107963955088], [-2.22778744501e-05, 0.000146878155647, -0.000229441124247, -0.00171037809923, -0.00148020742927, 0.00866045150906, -0.00372919882648, -0.000377157732146, 0.000353389827069, -0.000513851933647, -0.00130275601987, 0.00074383802712, 0.00101801287383], [3.53382893081e-05, -0.000458015856566, -0.000100163597381, 0.00116585777141, -0.000878855120391, -0.00372919882648, 0.00981588102877, -0.00402971822768, 0.00130071979947, 0.000310159492074, -0.000876036821865, -0.000133228662889, 0.000583101995289], [6.3493847847e-05, 0.000312202755595, 0.000242170353886, -0.000642789644189, 0.000731716339942, -0.000377157732146, -0.00402971822768, 0.0120460884646, -0.00596329011023, 0.00221595470794, -0.00149378657807, -0.000180556206033, -0.000763165706303], [-9.03045001905e-05, -0.000159111295943, 0.000124835467432, 0.00143292360008, -0.00202304916456, 0.000353389827069, 0.00130071979947, -0.00596329011023, 0.01373327896, -0.00617937743664, 0.00182907830458, -0.00119276763871, 0.000897607125808], [0.000123840829474, 0.000180944814929, 0.00038913678145, -0.000919170212001, 6.16521574557e-05, -0.000513851933647, 0.000310159492074, 0.00221595470794, -0.00617937743664, 0.0154165634885, -0.00644151121378, 0.00190639321227, -0.00169462698977], [-0.000154290013597, 2.26320771617e-05, -0.000407441955758, 0.00139329384547, 4.26920814789e-05, -0.00130275601987, -0.000876036821865, -0.00149378657807, 0.00182907830458, -0.00644151121378, 0.0159281250089, -0.00526751438156, 0.00135952001438], [0.000122844518046, -0.000596210651565, -0.000227765602176, -6.39251520624e-05, -0.000992614659481, 0.00074383802712, -0.000133228662889, -0.000180556206033, -0.00119276763871, 0.00190639321227, -0.00526751438156, 0.0171490181237, -0.00669295992702], [4.42290838691e-05, 3.47507702827e-05, -0.000185078344657, -0.000145274359966, -0.000107963955088, 0.00101801287383, 0.000583101995289, -0.000763165706303, 0.000897607125808, -0.00169462698977, 0.00135952001438, -0.00669295992702, 0.0156725421548]], "mean": [-678.361328125, 101.016906738, -13.976691246, 11.7192659378, -6.01645851135, 0.406837195158, -0.74540412426, 0.432733267546, -2.47753214836, 0.497028976679, 2.03498125076, -2.61699676514, 1.26910305023]}, "spectral_contrast_valleys": {"min": [-28.3788433075, -28.2111053467, -27.6121768951, -27.6159477234, -27.5013809204, -27.4631843567], "max": [-5.42457151413, -4.69798088074, -5.05334281921, -5.46005010605, -5.49758720398, -7.34887981415], "dvar2": [0.430298656225, 0.377514481544, 0.343388140202, 0.393979221582, 0.368222504854, 0.465209335089], "median": [-8.29438972473, -7.12147903442, -7.52982139587, -7.79507303238, -7.67298460007, -10.2035484314], "dmean2": [0.734508633614, 0.635590672493, 0.569786369801, 0.524668455124, 0.468477427959, 0.559396386147], "dmean": [0.472958058119, 0.410367816687, 0.370795190334, 0.350830823183, 0.34936901927, 0.504704475403], "var": [2.65001988411, 2.68019986153, 2.65266156197, 2.6679623127, 2.93240666389, 3.79459810257], "dvar": [0.215413630009, 0.19702552259, 0.181019708514, 0.202668517828, 0.203891783953, 0.3358951509], "mean": [-8.48599720001, -7.27899122238, -7.64187145233, -7.99339532852, -7.91962099075, -10.4615259171]}, "barkbands_flatness_db": {"min": 0.0116928005591, "max": 0.290471941233, "dvar2": 0.000838309817482, "median": 0.0837666243315, "dmean2": 0.029457565397, "dmean": 0.0195798426867, "var": 0.0020723156631, "dvar": 0.000394619331928, "mean": 0.0935489088297}, "dynamic_complexity": 5.19296836853, "erbbands_flatness_db": {"min": 0.03595148772, "max": 0.390517324209, "dvar2": 0.000839771237224, "median": 0.145387127995, "dmean2": 0.0297033637762, "dmean": 0.0222681667656, "var": 0.00341388653032, "dvar": 0.000524173199665, "mean": 0