{"lowlevel": {"spectral_complexity": {"min": 0, "max": 58, "dvar2": 14.993396759, "median": 10, "dmean2": 2.9109556675, "dmean": 1.88019859791, "var": 50.3811340332, "dvar": 8.68176460266, "mean": 11.0104980469}, "silence_rate_20dB": {"min": 0, "max": 1, "dvar2": 0.000813348102383, "median": 1, "dmean2": 0.000651147624012, "dmean": 0.00032554732752, "var": 0.000244058130193, "dvar": 0.000325400702422, "mean": 0.999755859375}, "average_loudness": 0.399709045887, "erbbands_spread": {"min": 0.614497244358, "max": 147.142303467, "dvar2": 104.574356079, "median": 20.6090011597, "dmean2": 8.00815486908, "dmean": 5.35846853256, "var": 384.935424805, "dvar": 53.0602989197, "mean": 25.5034885406}, "spectral_kurtosis": {"min": -1.26097500324, "max": 96.1978988647, "dvar2": 59.9220619202, "median": 8.25777053833, "dmean2": 6.00497770309, "dmean": 3.63321495056, "var": 120.703430176, "dvar": 22.6686592102, "mean": 11.7880630493}, "barkbands_kurtosis": {"min": -1.91870200634, "max": 788.029663086, "dvar2": 332.817230225, "median": 5.28788137436, "dmean2": 7.30540370941, "dmean": 4.57325315475, "var": 722.588562012, "dvar": 156.175949097, "mean": 10.8893823624}, "spectral_strongpeak": {"min": 0, "max": 19.7242927551, "dvar2": 1.72774016857, "median": 0.632748246193, "dmean2": 0.788604021072, "dmean": 0.512828230858, "var": 2.96270346642, "dvar": 0.803470134735, "mean": 1.294942379}, "spectral_spread": {"min": 851360.5, "max": 42384012, "dvar2": 740779491328, "median": 3373787.75, "dmean2": 606497.8125, "dmean": 418027.28125, "var": 4175085436930.0, "dvar": 444666609664, "mean": 3737609.75}, "spectral_rms": {"min": 3.18255751613e-12, "max": 0.0236674919724, "dvar2": 2.15405248127e-06, "median": 0.00355640798807, "dmean2": 0.00103633711115, "dmean": 0.000691475870553, "var": 5.52112805963e-06, "dvar": 1.01877287761e-06, "mean": 0.0039207409136}, "erbbands": {"min": [2.10842842619e-22, 8.70657576939e-22, 5.20468301819e-21, 1.50895402097e-20, 1.84301478876e-20, 4.93152188819e-20, 1.41604467452e-19, 1.57358497034e-19, 2.6465969401e-19, 7.03925583103e-19, 8.58254014155e-19, 6.77432022058e-19, 1.16666473833e-18, 1.48742242562e-18, 8.90345778489e-19, 1.7179208528e-18, 2.28231249199e-18, 2.96687992911e-18, 3.67554437825e-18, 5.24668668424e-18, 4.81775424555e-18, 7.44620956385e-18, 7.09367428577e-18, 6.97808737569e-18, 8.26739890723e-18, 1.04439212027e-17, 1.64786818817e-17, 1.52670227573e-17, 1.73277629281e-17, 1.45327130209e-17, 1.26178957819e-17, 1.0778366868e-17, 1.34338970485e-17, 9.17309715788e-18, 6.39729987938e-18, 4.28434062369e-18, 2.80660479324e-18, 1.06561718188e-18, 2.96631051866e-19, 2.86934608081e-20], "max": [10.8102064133, 59.5223693848, 342.396911621, 386.408111572, 425.770141602, 991.123596191, 675.075561523, 1279.8046875, 1479.92553711, 1464.4041748, 2480.51928711, 2071.89892578, 1506.96838379, 2579.74414062, 728.73840332, 1609.6171875, 2862.95336914, 3953.42041016, 1743.83288574, 573.656860352, 722.425842285, 208.973022461, 316.331756592, 441.474945068, 390.531768799, 229.893661499, 342.443817139, 415.350189209, 228.554016113, 313.88659668, 239.489074707, 114.680984497, 323.791870117, 50.9011955261, 43.3018417358, 24.2579803467, 6.2145190239, 0.999709248543, 0.165187433362, 0.00454323040321], "dvar2": [0.638067305088, 14.3326587677, 77.442527771, 76.713180542, 204.340789795, 588.626953125, 1581.72387695, 5121.58740234, 5556.72558594, 5800.88964844, 9980.85644531, 12065.6240234, 4180.26953125, 12300.9326172, 927.406982422, 4143.17773438, 15583.3642578, 17246.5625, 3767.23388672, 422.643768311, 267.741241455, 140.437149048, 130.41192627, 146.405548096, 146.411361694, 105.21043396, 150.827163696, 191.65826416, 82.859916687, 57.1951522827, 55.3081550598, 8.45708656311, 14.4470043182, 1.00318872929, 0.523993968964, 0.286333143711, 0.0184904914349, 0.000314088800224, 6.38080746285e-06, 1.6811286585e-08], "median": [0.00412945821881, 0.128704488277, 0.706089615822, 1.094871521, 2.13820743561, 2.68314242363, 4.86510467529, 10.4799661636, 7.7970290184, 11.336687088, 5.95348119736, 5.94928359985, 5.35283756256, 3.46311855316, 3.34633827209, 3.28721833229, 3.48720645905, 2.49826073647, 3.16933393478, 1.69001889229, 1.09580636024, 0.916767954826, 0.937272906303, 0.749282836914, 0.611995100975, 0.338607847691, 0.302928030491, 0.230821728706, 0.196350261569, 0.151233315468, 0.0906765311956, 0.048153989017, 0.0269726570696, 0.0150922285393, 0.00693864934146, 0.00233851512894, 0.000698088668287, 0.000131455191877, 2.67687264568e-05, 1.90849241335e-05], "dmean2": [0.163195237517, 0.954114675522, 2.06471323967, 3.15306806564, 5.63161373138, 7.23401069641, 13.8643350601, 24.8002243042, 22.8686332703, 26.8742389679, 28.6981735229, 25.0185470581, 18.8905620575, 27.6708011627, 9.85846614838, 12.8623485565, 20.213104248, 19.0861339569, 14.3495979309, 5.35748052597, 4.06422233582, 3.02027273178, 3.16025471687, 3.69594073296, 3.19189357758, 2.44476556778, 2.43161654472, 2.7142727375, 1.77033388615, 1.41896045208, 1.04303395748, 0.613630890846, 0.377157390118, 0.171572014689, 0.095969453454, 0.0447259806097, 0.0131164854392, 0.00214197323658, 0.000285937770968, 3.05686407955e-05], "dmean": [0.0962106436491, 0.562446594238, 1.18025135994, 1.82276797295, 3.13863348961, 4.35624694824, 8.61091518402, 15.7731618881, 14.7086086273, 17.7683181763, 20.417427063, 17.2551841736, 13.3931188583, 21.3018131256, 6.96432733536, 8.65016460419, 13.8821077347, 12.4809856415, 9.66954040527, 3.62626242638, 2.77406787872, 1.97745001316, 2.11256074905, 2.5412311554, 2.12141108513, 1.63287699223, 1.59822976589, 1.7344032526, 1.18921029568, 0.971305072308, 0.707148253918, 0.400169938803, 0.271492391825, 0.125489234924, 0.0682902857661, 0.0298521667719, 0.00876920577139, 0.00145086471457, 0.000190008067875, 1.9630366296e-05], "var": [0.23483723402, 6.63813829422, 42.3635292053, 55.7052612305, 89.0958633423, 366.177276611, 1359.84680176, 4030.40649414, 5663.81689453, 8159.65283203, 23522.1425781, 18804.8378906, 9013.96972656, 33121.546875, 969.257568359, 3521.82836914, 15254.3818359, 18297.078125, 4184.18701172, 435.181671143, 412.626983643, 122.850532532, 136.469421387, 236.054077148, 162.009048462, 94.148475647, 104.34375, 164.164886475, 85.3825759888, 64.228477478, 44.0373687744, 8.41933345795, 15.9849748611, 1.42680776119, 0.700207948685, 0.183489918709, 0.0100454203784, 0.000204808035051, 4.67057907372e-06, 1.13296367843e-08], "dvar": [0.248333618045, 5.90797233582, 29.9721508026, 32.1258163452, 73.2598724365, 246.227127075, 609.659606934, 2018.1517334, 2229.3359375, 2446.91137695, 4712.38183594, 5038.68994141, 1915.85583496, 7912.78369141, 429.357208252, 1927.296875, 7821.54199219, 8569.51660156, 1975.88391113, 192.103057861, 119.14390564, 56.9953117371, 56.4898300171, 74.0864562988, 65.5390472412, 45.897605896, 60.0686531067, 84.0287322998, 38.1472396851, 28.84025383, 21.9776077271, 3.7478954792, 8.12570858002, 0.602127730846, 0.291581302881, 0.109869413078, 0.00689646415412, 0.000137993178214, 2.9721327337e-06, 7.38587546678e-09], "mean": [0.0917764604092, 0.663825392723, 1.91191709042, 2.97325587273, 4.70499181747, 7.56587743759, 16.6735057831, 31.4397678375, 29.3418502808, 39.7459449768, 48.3007202148, 40.4790344238, 33.3972511292, 45.5315818787, 14.037735939, 14.3975105286, 21.9831008911, 20.8594303131, 16.3838748932, 6.87141656876, 5.54953956604, 3.77264022827, 4.02682209015, 4.80656337738, 3.84657597542, 2.9634335041, 2.68920874596, 2.77367091179, 2.19855093956, 1.78119146824, 1.20606672764, 0.6588768363, 0.45261028409, 0.214655220509, 0.115589372814, 0.0467949807644, 0.0132017871365, 0.00222424534149, 0.000265533628408, 3.92314686906e-05]}, "zerocrossingrate": {"min": 0.00390625, "max": 0.51806640625, "dvar2": 0.000111294313683, "median": 0.02978515625, "dmean2": 0.00660972110927, "dmean": 0.00550660584122, "var": 0.000821588968392, "dvar": 8.36885519675e-05, "mean": 0.0363415069878}, "spectral_contrast_coeffs": {"min": [-0.999723136425, -0.999210476875, -0.997944355011, -0.993463695049, -0.994933187962, -0.961289405823], "max": [-0.286961525679, -0.288781702518, -0.403863549232, -0.421533375978, -0.557317137718, -0.543361246586], "dvar2": [0.00443655764684, 0.00313065177761, 0.00201796973124, 0.0012903403258, 0.000668068416417, 0.00044943287503], "median": [-0.645991325378, -0.678390860558, -0.748881697655, -0.7596321702, -0.797466516495, -0.784462213516], "dmean2": [0.0821766629815, 0.0674066022038, 0.0518702417612, 0.0422600395977, 0.0300897080451, 0.0235623605549], "dmean": [0.0481927618384, 0.0413640737534, 0.0333077348769, 0.0271119121462, 0.0193435940892, 0.0154562247917], "var": [0.00787062942982, 0.00882028136402, 0.0073210070841, 0.00478727091104, 0.00329620926641, 0.00349505525082], "dvar": [0.0016148018185, 0.00121157569811, 0.000850040349178, 0.000569212017581, 0.000299026229186, 0.000217033317313], "mean": [-0.638629615307, -0.672034263611, -0.734851300716, -0.753997027874, -0.791639983654, -0.779248714447]}, "dissonance": {"min": 0.166938304901, "max": 0.500000059605, "dvar2": 0.00215736124665, "median": 0.437382340431, "dmean2": 0.0488383993506, "dmean": 0.029121093452, "var": 0.00239382847212, "dvar": 0.000787273922469, "mean": 0.427019327879}, "spectral_energyband_high": {"min": 7.39108657095e-21, "max": 0.0299460664392, "dvar2": 7.4188835697e-07, "median": 3.23152853525e-05, "dmean2": 0.000180541348527, "dmean": 0.000126474522403, "var": 9.94993683889e-07, "dvar": 3.86570093269e-07, "mean": 0.000264602218522}, "spectral_skewness": {"min": -0.0385115332901, "max": 8.16503143311, "dvar2": 0.306565523148, "median": 2.30103135109, "dmean2": 0.530970394611, "dmean": 0.335577368736, "var": 1.11581671238, "dvar": 0.127687215805, "mean": 2.47977805138}, "spectral_flux": {"min": 6.43834846548e-11, "max": 0.54749584198, "dvar2": 0.00236346456222, "median": 0.046525452286, "dmean2": 0.0320825129747, "dmean": 0.0197513662279, "var": 0.00251613766886, "dvar": 0.000992190558463, "mean": 0.0588150881231}, "silence_rate_30dB": {"min": 0, "max": 1, "dvar2": 0.02741830796, "median": 1, "dmean2": 0.0240924637765, "dmean": 0.0120452512056, "var": 0.0149850649759, "dvar": 0.011902730912, "mean": 0.98478192091}, "spectral_energyband_middle_high": {"min": 1.32236715677e-21, "max": 0.106073491275, "dvar2": 3.09385504806e-05, "median": 0.000899161677808, "dmean2": 0.00192378170323, "dmean": 0.00139558734372, "var": 4.96672400914e-05, "dvar": 1.63140084624e-05, "mean": 0.00327186775394}, "barkbands_spread": {"min": 0.236132279038, "max": 108.602828979, "dvar2": 40.3279304504, "median": 7.59182071686, "dmean2": 4.28511381149, "dmean": 2.83862805367, "var": 96.1552505493, "dvar": 20.2663173676, "mean": 10.5247268677}, "spectral_centroid": {"min": 163.292358398, "max": 11628.1035156, "dvar2": 74121.25, "median": 613.839599609, "dmean2": 175.63243103, "dmean": 115.975097656, "var": 245966.796875, "dvar": 37749.3046875, "mean": 735.572021484}, "pitch_salience": {"min": 0.0323233269155, "max": 0.990752160549, "dvar2": 0.0107384258881, "median": 0.515650570393, "dmean2": 0.113750763237, "dmean": 0.0699135512114, "var": 0.0187486186624, "dvar": 0.00418109772727, "mean": 0.504187643528}, "erbbands_skewness": {"min": -6.65001392365, "max": 10.6437311172, "dvar2": 0.468650430441, "median": 0.998934984207, "dmean2": 0.641976594925, "dmean": 0.42919537425, "var": 1.68669521809, "dvar": 0.221209153533, "mean": 1.14291656017}, "erbbands_crest": {"min": 2.04464507103, "max": 34.6061592102, "dvar2": 18.2260818481, "median": 11.6184606552, "dmean2": 4.27108049393, "dmean": 2.7524702549, "var": 52.3603858948, "dvar": 7.99600505829, "mean": 13.7840166092}, "melbands": {"min": [2.35141883691e-24, 2.17372574864e-24, 3.26337931703e-24, 1.38832656229e-24, 4.68785010549e-24, 3.50899964012e-24, 4.17453437015e-24, 7.42419164895e-24, 7.20931303812e-24, 4.57907249754e-24, 5.4852930285e-24, 6.50343083379e-24, 3.38248962232e-24, 1.78764420542e-24, 7.90434682727e-24, 4.36581617916e-24, 5.21889864511e-24, 4.77895091827e-24, 6.28487928658e-24, 4.39293208949e-24, 6.25253875048e-24, 6.72767401243e-24, 5.93943788505e-24, 6.87773823357e-24, 5.04364333425e-24, 6.45933942565e-24, 4.74663878116e-24, 5.67674010386e-24, 9.98290932669e-24, 8.21009432578e-24, 7.62910300225e-24, 9.09363273912e-24, 7.99646527062e-24, 7.83390785932e-24, 6.59798488518e-24, 6.9992646226e-24, 6.30474714291e-24, 9.43413034936e-24, 9.07522309217e-24, 6.05721087389e-24], "max": [0.0878578647971, 0.130197122693, 0.0689570456743, 0.0406501740217, 0.0236679464579, 0.0276840236038, 0.0214697290212, 0.018287923187, 0.0183835383505, 0.0142400441691, 0.00734928669408, 0.0107748406008, 0.00241993530653, 0.00323907542042, 0.00415093032643, 0.0108486348763, 0.00954168196768, 0.00470174336806, 0.00159597327001, 0.00177399150562, 0.000519965891726, 0.000255401973845, 0.000337602861691, 0.000340036058333, 0.0004479198833, 0.000398582255002, 0.000202586641535, 0.000194707681658, 0.00019377587887, 0.000253965699812, 0.000269624521025, 0.000135871247039, 0.000150443505845, 0.000173445732798, 0.000197161687538, 9.08131041797e-05, 4.95652202517e-05, 0.000202762545086, 0.000153523738845, 3.47479581251e-05], "dvar2": [3.73787916033e-05, 1.80736096809e-05, 2.3639365736e-06, 1.47607215695e-06, 1.55320481099e-06, 2.18287550524e-06, 1.32907609895e-06, 7.51272864363e-07, 6.30640329291e-07, 4.27586286378e-07, 1.07441081809e-07, 2.16543313059e-07, 1.00153405569e-08, 2.2551795098e-08, 3.37556755881e-08, 7.58406102364e-08, 9.17218585528e-08, 2.19521805178e-08, 2.00307770371e-09, 1.28976074265e-09, 2.86373341707e-10, 1.79523049204e-10, 1.8791319889e-10, 1.04084317554e-10, 1.22558421745e-10, 1.63027202849e-10, 4.90620044591e-11, 5.93597601628e-11, 4.57809484766e-11, 1.0323029237e-10, 8.04460942305e-11, 2.9507209176e-11, 2.83251755384e-11, 1.70532893362e-11, 3.49868883864e-11, 4.96772675079e-12, 2.41335141975e-12, 5.78348089905e-12, 4.28215449211e-12, 8.16186961766e-13], "median": [7.62202398619e-05, 0.000314558856189, 0.000243089889409, 0.000182484058314, 0.0001740771404, 0.000219734472921, 0.000110460081487, 0.00012342055561, 3.55641604983e-05, 3.20830076816e-05, 2.25676631089e-05, 1.10408509499e-05, 9.26824395719e-06, 7.93642993813e-06, 6.90751903676e-06, 6.02617228651e-06, 3.19124887938e-06, 4.94795676786e-06, 2.22106950787e-06, 1.77875074314e-06, 9.44060502661e-07, 7.99400936558e-07, 8.85828058017e-07, 6.10301640336e-07, 5.31445948582e-07, 4.64636855213e-07, 2.67332211479e-07, 1.67859241174e-07, 1.64606205999e-07, 1.31959041028e-07, 1.14253907668e-07, 9.93831434926e-08, 8.96456668897e-08, 7.2714854582e-08, 5.34117994277e-08, 3.33591998469e-08, 2.47615545845e-08, 1.7293871224e-08, 1.44971732396e-08, 1.09782281044e-08], "dmean2": [0.00132949929684, 0.00105720141437, 0.000598300888669, 0.000436688336777, 0.000443350843852, 0.00051696045557, 0.000358202407369, 0.000307124661049, 0.000223145296331, 0.000154426408699, 9.15986311156e-05, 0.00011657095456, 3.37520796165e-05, 3.32780255121e-05, 3.70614689018e-05, 4.09150816267e-05, 4.03483390983e-05, 2.86162157863e-05, 1.02903104562e-05, 8.00875659479e-06, 4.23151413997e-06, 3.30189436681e-06, 3.67846269e-06, 2.78130573861e-06, 3.29860563397e-06, 2.96364942187e-06, 1.85613680515e-06, 1.77627771336e-06, 1.4651385527e-06, 1.81502650776e-06, 1.77081290076e-06, 1.03964998743e-06, 1.05851268017e-06, 7.55586086143e-07, 7.46098066884e-07, 4.4604098548e-07, 3.4460984466e-07, 2.80740920289e-07, 2.22144066697e-07, 1.43803831065e-07], "dmean": [0.000787401630078, 0.000623627624009, 0.000341138744261, 0.000252086785622, 0.000275019963738, 0.000330411829054, 0.000229349534493, 0.000205955206184, 0.000157560891239, 0.000107392937934, 6.48496643407e-05, 8.91262316145e-05, 2.41818088398e-05, 2.23715614993e-05, 2.50264583883e-05, 2.78058869299e-05, 2.60497981799e-05, 1.92194929696e-05, 6.90941578796e-06, 5.46211231267e-06, 2.83038502857e-06, 2.15141653825e-06, 2.37168205786e-06, 1.86403917724e-06, 2.25813982979e-06, 1.91325125343e-06, 1.23851191347e-06, 1.16181956855e-06, 9.59523276833e-07, 1.1498789263e-06, 1.10766700345e-06, 6.86957548623e-07, 7.02058400748e-07, 5.12849453571e-07, 4.90041600187e-07, 2.94077011631e-07, 2.21864937089e-07, 1.94787745045e-07, 1.58234442438e-07, 9.91227437908e-08], "var": [1.53869696078e-05, 9.6407457022e-06, 1.77522645117e-06, 9.03726004253e-07, 1.28515614506e-06, 1.74915169282e-06, 1.36479320645e-06, 1.20762126699e-06, 1.39688188483e-06, 7.81580183684e-07, 2.31346419355e-07, 5.82932500492e-07, 1.2219263823e-08, 1.74869274616e-08, 3.57150895525e-08, 7.65165069083e-08, 9.65260085195e-08, 2.52257734701e-08, 1.74915137929e-09, 2.01697836211e-09, 3.21234011613e-10, 1.35402453139e-10, 1.80796586036e-10, 1.04604547246e-10, 2.10227821262e-10, 1.19798712617e-10, 4.94815161067e-11, 4.78677791849e-11, 3.37549016516e-11, 6.34405791788e-11, 5.99156210757e-11, 3.04145701679e-11, 2.83926285261e-11, 1.82932783505e-11, 2.29357765419e-11, 5.83162381232e-12, 2.07021639415e-12, 6.83019743195e-12, 4.04393228973e-12, 7.65441963285e-13], "dvar": [1.50710493472e-05, 7.10449285179e-06, 1.00444935924e-06, 6.01719136739e-07, 6.00085286351e-07, 8.59974250034e-07, 5.25546397512e-07, 3.2835168895e-07, 2.90807776082e-07, 1.83122338626e-07, 4.95346661467e-08, 1.37830937774e-07, 4.96255259108e-09, 1.02005417446e-08, 1.76242043182e-08, 3.9409755459e-08, 4.55409612243e-08, 1.18075158539e-08, 9.41566380419e-10, 5.85176906931e-10, 1.20660342828e-10, 7.25762089315e-11, 7.55653872808e-11, 4.67234133328e-11, 6.28282842419e-11, 6.54075543727e-11, 2.19438443111e-11, 2.5160207251e-11, 1.8625503917e-11, 4.00654544264e-11, 3.37744693324e-11, 1.33021484452e-11, 1.29520430839e-11, 8.73002798524e-12, 1.29900456711e-11, 2.3518537378e-12, 1.04236411169e-12, 3.35972829418e-12, 2.20833204154e-12, 3.93855331378e-13], "mean": [0.000820641347673, 0.000979295582511, 0.000577097700443, 0.000424519414082, 0.000546916213352, 0.000663104234263, 0.000453594286228, 0.000464685930638, 0.000365045532817, 0.000254904734902, 0.000157705784659, 0.000187075813301, 4.63090691483e-05, 3.67435059161e-05, 3.9635302528e-05, 4.42363052571e-05, 4.14594142057e-05, 3.12950469379e-05, 1.11329909487e-05, 1.04713653855e-05, 5.24816596226e-06, 3.77441597266e-06, 4.17918181483e-06, 3.23591234519e-06, 4.03308149544e-06, 3.1970891996e-06, 2.07034213418e-06, 1.96203859559e-06, 1.58025295605e-06, 1.70195573901e-06, 1.61158448009e-06, 1.21620587379e-06, 1.19878927762e-06, 8.92374202976e-07, 7.8217334476e-07, 4.86488261231e-07, 3.42259255603e-07, 3.1588720617e-07, 2.5497863021e-07, 1.59214451401e-07]}, "spectral_entropy": {"min": 4.13243055344, "max": 9.81436252594, "dvar2": 0.0676384717226, "median": 6.78223609924, "dmean2": 0.260988563299, "dmean": 0.177725747228, "var": 0.367184519768, "dvar": 0.0357593260705, "mean": 6.80513048172}, "spectral_rolloff": {"min": 64.599609375, "max": 19099.9511719, "dvar2": 725225.9375, "median": 581.396484375, "dmean2": 309.561828613, "dmean": 182.853485107, "var": 932639.5, "dvar": 332996.0625, "mean": 787.458312988}, "barkbands": {"min": [2.32046945702e-24, 6.01939367096e-24, 4.27320982535e-24, 4.69441776695e-24, 1.6397228066e-23, 2.00029503362e-23, 2.67624028213e-23, 3.59275844557e-23, 2.86892302922e-23, 5.10876892957e-23, 2.26294879637e-23, 3.02658413865e-23, 4.35776419702e-23, 4.32888368373e-23, 9.78862534973e-23, 5.30629433599e-23, 1.27710421129e-22, 1.2854455634e-22, 1.9628005379e-22, 2.55418141199e-22, 4.12463181815e-22, 4.50837162777e-22, 5.18878170279e-22, 6.30947360303e-22, 1.01249481818e-21, 1.39759414438e-21, 2.22799623768e-21], "max": [0.0117152463645, 0.29782217741, 0.424697220325, 0.176530629396, 0.174291953444, 0.114079654217, 0.091016896069, 0.10020314157, 0.0775885879993, 0.0562786310911, 0.026103971526, 0.0313121192157, 0.091931425035, 0.103921689093, 0.0289611816406, 0.0205209515989, 0.00503733940423, 0.00504371291026, 0.00888295285404, 0.00498254876584, 0.0100244646892, 0.00638228422031, 0.00700572552159, 0.0110111925751, 0.00509838806465, 0.00420099915937, 0.000502758484799], "dvar2": [5.7903838524e-07, 0.000364642095519, 7.75398293626e-05, 1.79798298632e-05, 3.34572687279e-05, 4.86324897793e-05, 3.02186599583e-05, 2.23556926358e-05, 1.8258635464e-05, 8.28554311738e-06, 8.09015773484e-07, 1.94134622689e-06, 7.82024198998e-06, 9.98990435619e-06, 4.12512633829e-07, 1.72530292275e-07, 5.3158682789e-08, 4.61075373437e-08, 7.56490123877e-08, 4.46276864352e-08, 1.06199749439e-07, 6.39923598555e-08, 5.40783418046e-08, 2.33930954607e-08, 8.56909831981e-09, 9.06215280594e-09, 1.22794413526e-10], "median": [1.90556261259e-06, 0.000426691869507, 0.000590027368162, 0.000414303794969, 0.000854566460475, 0.00108775543049, 0.000449803250376, 0.00036601210013, 0.000184884396731, 0.000126068422105, 7.35814974178e-05, 5.73359284317e-05, 6.36218319414e-05, 3.19459795719e-05, 4.10652828577e-05, 2.08843302971e-05, 1.54199969984e-05, 1.42595199577e-05, 1.41749878821e-05, 6.70076951792e-06, 6.37941047898e-06, 5.17045464221e-06, 3.52324013875e-06, 1.96086512005e-06, 1.19300466395e-06, 4.20281708102e-07, 1.01079358217e-07], "dmean2": [0.000180054776138, 0.00451987842098, 0.00188130605966, 0.00130050501321, 0.00208483054303, 0.00252547115088, 0.00172683189157, 0.00148874986917, 0.00100594037212, 0.000821934198029, 0.00029574308428, 0.000287310918793, 0.0004338711733, 0.000418564130086, 0.00017169280909, 9.5665716799e-05, 6.08052650932e-05, 6.20084028924e-05, 7.25904465071e-05, 5.20300018252e-05, 6.51482041576e-05, 4.78401707369e-05, 3.67562643078e-05, 2.48705164267e-05, 1.4035798813e-05, 8.01620262791e-06, 1.68321139427e-06], "dmean": [0.000127905004774, 0.00268854293972, 0.00109222019091, 0.000739235780202, 0.00122043513693, 0.0016076132888, 0.00108716776595, 0.00105645263102, 0.000699130352587, 0.000600147875957, 0.000214899235289, 0.000189390731975, 0.000296273181448, 0.000273731246125, 0.000115965827717, 6.49474386591e-05, 3.95215283788e-05, 4.12538465753e-05, 4.87971919938e-05, 3.45199587173e-05, 4.23682431574e-05, 3.2454245229e-05, 2.50098128163e-05, 1.71352312464e-05, 1.01671830635e-05, 5.38330414201e-06, 1.10051951197e-06], "var": [4.82388713863e-07, 0.000168539656443, 4.28421662946e-05, 7.00608279658e-06, 2.0911304091e-05, 4.10526154155e-05, 2.98408103845e-05, 4.80980634165e-05, 3.41597369697e-05, 1.88923313544e-05, 1.0729178257e-06, 1.56667226747e-06, 7.84474104876e-06, 1.09598759082e-05, 3.72291538042e-07, 2.71172950761e-07, 5.44035181349e-08, 4.37774225759e-08, 8.82542039449e-08, 3.89787828681e-08, 9.38347213264e-08, 6.53980194443e-08, 5.13818925185e-08, 2.60804053909e-08, 1.13336264818e-08, 4.71480454678e-09, 8.67796598469e-11], "dvar": [3.14505143706e-07, 0.000151929314598, 3.09096794808e-05, 6.44930287308e-06, 1.3449483049e-05, 1.89611055248e-05, 1.16902583613e-05, 1.03690872493e-05, 7.6885053204e-06, 4.61722083855e-06, 4.19090412151e-07, 8.90014916877e-07, 4.04831234846e-06, 5.12988754053e-06, 1.98256472572e-07, 7.79084601277e-08, 2.17248139478e-08, 2.0439557602e-08, 3.36523306999e-08, 1.94547826737e-08, 4.6195779646e-08, 2.96396276411e-08, 2.34740706873e-08, 1.2683783801e-08, 4.86792073318e-09, 3.29398575083e-09, 5.65808823405e-11], "mean": [0.000149596919073, 0.0030326701235, 0.00172411976382, 0.00110163108911, 0.00218156375922, 0.00327879167162, 0.00207447377034, 0.00248771184124, 0.00169867032673, 0.00126714142971, 0.000393207767047, 0.000298356608255, 0.000458150490886, 0.000427078310167, 0.000193027372006, 0.000123033372802, 7.29621824576e-05, 7.1472102718e-05, 9.07769644982e-05, 6.03764310654e-05, 7.12884429959e-05, 6.03984408372e-05, 4.37148592027e-05, 2.83223289443e-05, 1.74252836587e-05, 8.13212591311e-06, 1.4906428305e-06]}, "melbands_flatness_db": {"min": 0.00481830397621, "max": 0.599418699741, "dvar2": 0.00123106117826, "median": 0.279266476631, "dmean2": 0.035945750773, "dmean": 0.0239216834307, "var": 0.00588931655511, "dvar": 0.000598231388722, "mean": 0.281999468803}, "melbands_skewness": {"min": -3.6566734314, "max": 19.8293323517, "dvar2": 1.08362114429, "median": 2.01582622528, "dmean2": 0.984916687012, "dmean": 0.630631089211, "var": 5.37251329422, "dvar": 0.472877293825, "mean": 2.35147166252}, "barkbands_skewness": {"min": -5.1877207756, "max": 26.5804519653, "dvar2": 0.918173372746, "median": 1.69294440746, "dmean2": 0.853008806705, "dmean": 0.546090126038, "var": 3.4523422718, "dvar": 0.4187759161, "mean": 1.89159476757}, "silence_rate_60dB": {"min": 0, "max": 1, "dvar2": 0.0684077516198, "median": 0, "dmean2": 0.0634868964553, "dmean": 0.0317408628762, "var": 0.131950169802, "dvar": 0.0307330843061, "mean": 0.156412765384}, "spectral_energyband_low": {"min": 2.33790004869e-23, "max": 0.47866910696, "dvar2": 0.000486986886244, "median": 0.00147971825209, "dmean2": 0.00582523271441, "dmean": 0.00357021181844, "var": 0.000302934815409, "dvar": 0.000212191182072, "mean": 0.00543669424951}, "spectral_energyband_middle_low": {"min": 2.66835293526e-22, "max": 0.340070217848, "dvar2": 0.000209980396903, "median": 0.00714875105768, "dmean2": 0.00688378466293, "dmean": 0.00443417718634, "var": 0.000280704436591, "dvar": 8.60272848513e-05, "mean": 0.0131047060713}, "melbands_kurtosis": {"min": -1.91025459766, "max": 659.368347168, "dvar2": 622.60736084, "median": 8.44316959381, "dmean2": 11.3681964874, "dmean": 7.06066179276, "var": 2932.42456055, "dvar": 244.397903442, "mean": 20.1907520294}, "spectral_decrease": {"min": -1.50085597284e-07, "max": 8.01622598515e-29, "dvar2": 4.65130044273e-17, "median": -3.26283000618e-09, "dmean2": 3.05104741471e-09, "dmean": 1.98562477571e-09, "var": 5.02727553783e-17, "dvar": 2.085989859e-17, "mean": -5.38649302939e-09}, "erbbands_kurtosis": {"min": -1.84339058399, "max": 150.475479126, "dvar2": 50.8840751648, "median": 1.53395152092, "dmean2": 3.73324465752, "dmean": 2.50415015221, "var": 98.1255264282, "dvar": 25.0487270355, "mean": 4.57702922821}, "melbands_crest": {"min": 1.59643554688, "max": 33.8440856934, "dvar2": 22.5736865997, "median": 14.8122463226, "dmean2": 5.20881795883, "dmean": 3.20627784729, "var": 36.3008079529, "dvar": 8.64148426056, "mean": 16.0253143311}, "gfcc": {"cov": [[15729.1923828, -140.51789856, -2193.85180664, 217.259872437, -1204.74291992, 82.6301193237, -243.534835815, -28.3381652832, -241.751022339, 11.261346817, -112.063064575, -113.233612061, -15.3560495377], [-140.51789856, 1673.65734863, -79.4372787476, -383.195495605, 409.48348999, -123.389533997, 131.670257568, -90.3524169922, 100.447044373, -178.191848755, 59.4898147583, -49.0349197388, 54.1220283508], [-2193.85180664, -79.4372787476, 1045.51464844, 95.6882858276, 231.24987793, 139.544769287, 19.6466598511, 69.680770874, -15.5219964981, 16.2911396027, -8.84346675873, 75.0593338013, -19.3988037109], [217.259872437, -383.195495605, 95.6882858276, 529.14251709, -58.8740844727, 89.5047836304, 25.7927856445, 16.8659858704, -5.41816473007, 43.1092147827, -5.92324924469, 8.54296112061, 4.09451532364], [-1204.74291992, 409.48348999, 231.24987793, -58.8740844727, 481.575378418, 58.5098991394, 71.3368377686, 15.3641242981, 44.2924041748, -23.8096294403, 14.3136320114, 25.2446231842, 9.09812164307], [82.6301193237, -123.389533997, 139.544769287, 89.5047836304, 58.5098991394, 265.457000732, 73.878288269, 4.42837619781, -31.2683849335, 24.3433322906, -22.7718200684, -3.20333576202, -11.8670911789], [-243.534835815, 131.670257568, 19.6466598511, 25.7927856445, 71.3368377686, 73.878288269, 206.048751831, 38.6889533997, 18.6047325134, -3.09419059753, 2.573595047, -13.7724657059, 1.5987688303], [-28.3381652832, -90.3524169922, 69.680770874, 16.8659858704, 15.3641242981, 4.42837619781, 38.6889533997, 157.9115448, 31.4188365936, -6.9334192276, -2.17667198181, 11.4104909897, 0.681463122368], [-241.751022339, 100.447044373, -15.5219964981, -5.41816473007, 44.2924041748, -31.2683849335, 18.6047325134, 31.4188365936, 135.354705811, 41.0813751221, 10.0177125931, -10.7982358932, 10.4381370544], [11.261346817, -178.191848755, 16.2911396027, 43.1092147827, -23.8096294403, 24.3433322906, -3.09419059753, -6.9334192276, 41.0813751221, 155.513000488, 38.2640533447, -9.9518699646, -22.1591091156], [-112.063064575, 59.4898147583, -8.84346675873, -5.92324924469, 14.3136320114, -22.7718200684, 2.573595047, -2.17667198181, 10.0177125931, 38.2640533447, 110.428878784, 33.7204246521, 5.58201313019], [-113.233612061, -49.0349197388, 75.0593338013, 8.54296112061, 25.2446231842, -3.20333576202, -13.7724657059, 11.4104909897, -10.7982358932, -9.9518699646, 33.7204246521, 114.310592651, 47.1218681335], [-15.3560495377, 54.1220283508, -19.3988037109, 4.09451532364, 9.09812164307, -11.8670911789, 1.5987688303, 0.681463122368, 10.4381370544, -22.1591091156, 5.58201313019, 47.1218681335, 112.839492798]], "icov": [[0.000160184732522, -0.000306784902932, 0.000365227169823, -0.000196597873583, 0.000406482868129, -0.000366932683391, 0.000375022413209, -0.000484809803311, 0.000455182685982, -0.00046929565724, 0.000435660535004, -0.00040433453978, 0.000178150599822], [-0.000306784902932, 0.00225824583322, -0.000748864200432, 0.00115934608039, -0.00182105985004, 0.00118961546104, -0.00168226321694, 0.00238894997165, -0.002236176515, 0.00318405916914, -0.00250559509732, 0.00228706211783, -0.00101334869396], [0.000365227169823, -0.000748864200432, 0.00212554680184, -0.000653486291412, 0.000335103308316, -0.00129299168475, 0.00115602021106, -0.00168591702823, 0.00134683691431, -0.00142413983122, 0.00145078310743, -0.00192869454622, 0.000958213757258], [-0.000196597873583, 0.00115934608039, -0.000653486291412, 0.00274466071278, -0.00054673460545, 4.60312803625e-05, -0.00107714359183, 0.00114427215885, -0.00122447253671, 0.00115800509229, -0.00117497798055, 0.0010580929229, -0.00078054406913], [0.000406482868129, -0.00182105985004, 0.000335103308316, -0.00054673460545, 0.0044775349088, -0.00178027746733, 0.000821771216579, -0.00166113360319, 0.000622856779955, -0.00164940126706, 0.00154980132356, -0.00226219114847, 0.000942860322539], [-0.000366932683391, 0.00118961546104, -0.00129299168475, 4.60312803625e-05, -0.00178027746733, 0.00634204596281, -0.00301090418361, 0.00173348817043, 0.000479013251606, 0.000121121789562, 7.66134180594e-05, 0.00129422056489, -0.000566544185858], [0.000375022413209, -0.00168226321694, 0.00115602021106, -0.00107714359183, 0.000821771216579, -0.00301090418361, 0.00765450904146, -0.00342070357874, 0.00116664462257, -0.00171028322075, 0.000969404412899, -0.000495835789479, 0.00034035713179], [-0.000484809803311, 0.00238894997165, -0.00168591702823, 0.00114427215885, -0.00166113360319, 0.00173348817043, -0.00342070357874, 0.0101896198466, -0.00474503031, 0.00439191097394, -0.00249330559745, 0.00138388120104, -0.000393152819015], [0.000455182685982, -0.002236176515, 0.00134683691431, -0.00122447253671, 0.000622856779955, 0.000479013251606, 0.00116664462257, -0.00474503031, 0.0126798860729, -0.00686027901247, 0.00310599454679, -0.000738179194741, -0.000942777085584], [-0.00046929565724, 0.00318405916914, -0.00142413983122, 0.00115800509229, -0.00164940126706, 0.000121121789562, -0.00171028322075, 0.00439191097394, -0.00686027901247, 0.0137275485322, -0.0072639384307, 0.00405457243323, 0.000262054032646], [0.000435660535004, -0.00250559509732, 0.00145078310743, -0.00117497798055, 0.00154980132356, 7.66134180594e-05, 0.000969404412899, -0.00249330559745, 0.00310599454679, -0.0072639384307, 0.0149237578735, -0.00701287062839, 0.00191406579688], [-0.00040433453978, 0.00228706211783, -0.00192869454622, 0.0010580929229, -0.00226219114847, 0.00129422056489, -0.000495835789479, 0.00138388120104, -0.000738179194741, 0.00405457243323, -0.00701287062839, 0.0159487165511, -0.00665354495868], [0.000178150599822, -0.00101334869396, 0.000958213757258, -0.00078054406913, 0.000942860322539, -0.000566544185858, 0.00034035713179, -0.000393152819015, -0.000942777085584, 0.000262054032646, 0.00191406579688, -0.00665354495868, 0.0122499438003]], "mean": [-89.206237793, 127.546348572, -101.955513, 10.2423524857, -60.5293617249, 0.622288048267, -34.486656189, -1.90922451019, -17.3994884491, 0.918223083019, -11.9700164795, -3.31578636169, -12.5833272934]}, "melbands_spread": {"min": 0.352356016636, "max": 191.50994873, "dvar2": 72.737701416, "median": 9.05572509766, "dmean2": 4.89873075485, "dmean": 3.15485858917, "var": 114.376441956, "dvar": 32.4427223206, "mean": 11.808886528}, "spectral_energy": {"min": 1.0381889746e-20, "max": 0.574153900146, "dvar2": 0.000693256733939, "median": 0.012964239344, "dmean2": 0.0119427507743, "dmean": 0.00780037464574, "var": 0.00077336182585, "dvar": 0.000311853946187, "mean": 0.0214155763388}, "mfcc": {"cov": [[11249.5009766, -404.74810791, -803.578063965, 50.8463973999, -778.497436523, -119.341827393, -274.675811768, -78.8298034668, -167.935302734, 100.076072693, -67.100692749, -214.05796814, -123.177970886], [-404.74810791, 2169.82714844, -194.464569092, -155.031173706, 174.555755615, -42.716468811, 24.9922981262, 74.2742919922, 19.3229732513, -91.0277099609, -22.8251743317, 32.5234031677, 0.62355786562], [-803.578063965, -194.464569092, 658.025939941, 48.2415657043, 104.002708435, 78.3782730103, 71.8146743774, 25.6760501862, 12.5744438171, 1.79177355766, 4.77247190475, 18.5782012939, 33.2838554382], [50.8463973999, -155.031173706, 48.2415657043, 307.451934814, 36.1638298035, 37.7957229614, 10.5080747604, 18.7281417847, 18.3046760559, 13.5404987335, 5.327876091, 21.6653804779, 6.03363323212], [-778.497436523, 174.555755615, 104.002708435, 36.1638298035, 316.828399658, 55.9137954712, 46.7260169983, 50.0698814392, 37.0938682556, -21.1805763245, -13.3473577499, 27.9574966431, 36.4935073853], [-119.341827393, -42.716468811, 78.3782730103, 37.7957229614, 55.9137954712, 250.167449951, 88.5802001953, 14.4507846832, 34.4068031311, 10.6596641541, 30.3611888885, 16.5831565857, -19.4589004517], [-274.675811768, 24.9922981262, 71.8146743774, 10.5080747604, 46.7260169983, 88.5802001953, 189.183135986, 65.9135437012, 25.2778148651, 14.2847089767, 18.0819835663, 2.57458734512, 11.161907196], [-78.8298034668, 74.2742919922, 25.6760501862, 18.7281417847, 50.0698814392, 14.4507846832, 65.9135437012, 167.397277832, 52.2288818359, -13.5988788605, -15.3105840683, -14.1586322784, -1.06555938721], [-167.935302734, 19.3229732513, 12.5744438171, 18.3046760559, 37.0938682556, 34.4068031311, 25.2778148651, 52.2288818359, 145.694869995, 27.2219295502, -7.13102245331, 24.6226024628, -9.10279560089], [100.076072693, -91.0277099609, 1.79177355766, 13.5404987335, -21.1805763245, 10.6596641541, 14.2847089767, -13.5988788605, 27.2219295502, 123.213172913, 56.8034973145, -12.5366277695, -1.51406812668], [-67.100692749, -22.8251743317, 4.77247190475, 5.327876091, -13.3473577499, 30.3611888885, 18.0819835663, -15.3105840683, -7.13102245331, 56.8034973145, 146.927398682, 35.2839202881, -5.92804050446], [-214.05796814, 32.5234031677, 18.5782012939, 21.6653804779, 27.9574966431, 16.5831565857, 2.57458734512, -14.1586322784, 24.6226024628, -12.5366277695, 35.2839202881, 138.399612427, 27.5707359314], [-123.177970886, 0.62355786562, 33.2838554382, 6.03363323212, 36.4935073853, -19.4589004517, 11.161907196, -1.06555938721, -9.10279560089, -1.51406812668, -5.92804050446, 27.5707359314, 123.282974243]], "icov": [[0.000121651704831, 4.48772510708e-07, 0.000108676926175, -6.07862602919e-05, 0.000260043569142, -0.000100646393548, 0.00014402087254, -0.000116448296467, 0.000134287562105, -0.00014646112686, 0.000116247734695, 6.35566248093e-05, -1.22355604617e-05], [4.48772510708e-07, 0.000552196172066, 0.000200831185794, 0.000281243119389, -0.000363438797649, 0.000130168482428, -9.81518969638e-05, -0.000150027917698, -3.60062076652e-05, 0.000336613768013, -9.57062511588e-05, -0.000111847250082, 8.72760356287e-05], [0.000108676926175, 0.000200831185794, 0.00185957434587, -0.000113694055472, -0.000298367900541, -0.000365587271517, -0.000291839620331, -0.000143385477713, 0.000223437062232, -7.20986790839e-05, 0.000128780695377, -3.47400164173e-05, -0.000303539185552], [-6.07862602919e-05, 0.000281243119389, -0.000113694055472, 0.00362058775499, -0.00052920676535, -0.000384505925467, 0.000232337828493, -0.000533829967026, 4.04023994633e-05, -0.000449556944659, 0.000184919103049, -0.000718342431355, 2.86569775199e-05], [0.000260043569142, -0.000363438797649, -0.000298367900541, -0.00052920676535, 0.00463372282684, -0.000931738759391, 0.000212614802876, -0.000870854826644, -0.000292622396955, 0.00014109753829, 0.00050762842875, -0.000144300560351, -0.00114056898747], [-0.000100646393548, 0.000130168482428, -0.000365587271517, -0.000384505925467, -0.000931738759391, 0.0056054322049, -0.00268397969194, 0.00118731311522, -0.00120292045176, 0.000792480655946, -0.00107847561594, -9.11544921109e-05, 0.00131957279518], [0.00014402087254, -9.81518969638e-05, -0.000291839620331, 0.000232337828493, 0.000212614802876, -0.00268397969194, 0.00800841022283, -0.00318134296685, 0.000651107227895, -0.00126101949718, -0.000234688239289, 8.68824645295e-05, -0.00102545635309], [-0.000116448296467, -0.000150027917698, -0.000143385477713, -0.000533829967026, -0.000870854826644, 0.00118731311522, -0.00318134296685, 0.00888521783054, -0.00353560806252, 0.00241374201141, -0.000631741364487, 0.00195656111464, 5.99175582465e-05], [0.000134287562105, -3.60062076652e-05, 0.000223437062232, 4.04023994633e-05, -0.000292622396955, -0.00120292045176, 0.000651107227895, -0.00353560806252, 0.0101018119603, -0.00440243817866, 0.00283693731762, -0.00319318217225, 0.00142164318822], [-0.00014646112686, 0.000336613768013, -7.20986790839e-05, -0.000449556944659, 0.00014109753829, 0.000792480655946, -0.00126101949718, 0.00241374201141, -0.00440243817866, 0.0129298949614, -0.00586268492043, 0.00359776127152, -0.00114098784979], [0.000116247734695, -9.57062511588e-05, 0.000128780695377, 0.000184919103049, 0.00050762842875, -0.00107847561594, -0.000234688239289, -0.000631741364487, 0.00283693731762, -0.00586268492043, 0.0104395728558, -0.00382646080106, 0.00126330670901], [6.35566248093e-05, -0.000111847250082, -3.47400164173e-05, -0.000718342431355, -0.000144300560351, -9.11544921109e-05, 8.68824645295e-05, 0.00195656111464, -0.00319318217225, 0.00359776127152, -0.00382646080106, 0.0100696431473, -0.00248156068847], [-1.22355604617e-05, 8.72760356287e-05, -0.000303539185552, 2.86569775199e-05, -0.00114056898747, 0.00131957279518, -0.00102545635309, 5.99175582465e-05, 0.00142164318822, -0.00114098784979, 0.00126330670901, -0.00248156068847, 0.00952524039894]], "mean": [-736.08203125, 162.303146362, 10.4330434799, 14.8705940247, -4.50901269913, 2.27424669266, -8.37009525299, -2.62032222748, -6.4216170311, 0.18042807281, 1.60516452789, -1.61290121078, -1.45304477215]}, "spectral_contrast_valleys": {"min": [-27.8673782349, -27.9518070221, -27.4600162506, -27.4362316132, -27.3315792084, -27.2806568146], "max": [-4.69181632996, -4.15501880646, -4.74176645279, -5.38116073608, -5.64964437485, -7.78562688828], "dvar2": [0.323181331158, 0.1827224195, 0.167197585106, 0.154223710299, 0.147602617741, 0.163782984018], "median": [-7.73728370667, -6.95785284042, -7.90331745148, -8.67401790619, -8.96388053894, -11.4985752106], "dmean2": [0.685103833675, 0.484070956707, 0.433411896229, 0.388345956802, 0.319179534912, 0.299682676792], "dmean": [0.410438597202, 0.297308772802, 0.273936927319, 0.250277161598, 0.220574751496, 0.230557247996], "var": [1.69500637054, 1.90251004696, 1.87978470325, 1.98070669174, 1.92206323147, 1.71638548374], "dvar": [0.140438228846, 0.0876214578748, 0.0860919877887, 0.0864381715655, 0.0901119858027, 0.105000928044], "mean": [-7.86747360229, -7.17057275772, -8.12147426605, -8.88700866699, -9.10385322571, -11.5550508499]}, "barkbands_flatness_db": {"min": 0.0163828916848, "max": 0.484982013702, "dvar2": 0.000945134146605, "median": 0.198618024588, "dmean2": 0.0325186140835, "dmean": 0.0215053521097, "var": 0.00363205675967, "dvar": 0.000443592842203, "mean": 0.199037611485}, "dynamic_complexity": 5.51006984711, "erbbands_flatness_db": {"min": 0.0256672091782, "max": 0.44359266758, "dvar2": 0.000735651818104, "medi