{"lowlevel": {"spectral_complexity": {"min": 0, "max": 63, "dvar2": 18.0483856201, "median": 9, "dmean2": 3.70135354996, "dmean": 2.39136219025, "var": 154.830581665, "dvar": 8.82373428345, "mean": 13.0938405991}, "silence_rate_20dB": {"min": 1, "max": 1, "dvar2": 0, "median": 1, "dmean2": 0, "dmean": 0, "var": 0, "dvar": 0, "mean": 1}, "average_loudness": 0.183691993356, "erbbands_spread": {"min": 2.34814167023, "max": 181.945877075, "dvar2": 209.952835083, "median": 33.2568092346, "dmean2": 12.4926700592, "dmean": 8.09205913544, "var": 309.377319336, "dvar": 92.0704498291, "mean": 36.2271118164}, "spectral_kurtosis": {"min": -1.34513807297, "max": 101.535552979, "dvar2": 18.5830230713, "median": 3.75870656967, "dmean2": 2.90385532379, "dmean": 1.74337399006, "var": 46.9507141113, "dvar": 7.82087421417, "mean": 5.47022676468}, "barkbands_kurtosis": {"min": -1.92600917816, "max": 712.773925781, "dvar2": 770.298522949, "median": 0.970036268234, "dmean2": 7.63414096832, "dmean": 4.71565628052, "var": 651.450866699, "dvar": 316.257537842, "mean": 6.31256532669}, "spectral_strongpeak": {"min": 0, "max": 24.9095783234, "dvar2": 2.59889268875, "median": 0.225644156337, "dmean2": 0.783051609993, "dmean": 0.455729871988, "var": 1.81410038471, "dvar": 0.959607541561, "mean": 0.714544475079}, "spectral_spread": {"min": 929171.0625, "max": 39912344, "dvar2": 1163763908610.0, "median": 3823257.25, "dmean2": 702314.25, "dmean": 477591.75, "var": 2257560272900.0, "dvar": 700444704768, "mean": 4052413}, "spectral_rms": {"min": 5.50627099472e-08, "max": 0.00976702477783, "dvar2": 7.06369235104e-07, "median": 0.00252529652789, "dmean2": 0.000690458342433, "dmean": 0.000471123232273, "var": 2.67748328042e-06, "dvar": 3.82696754286e-07, "mean": 0.00272741238587}, "erbbands": {"min": [2.234058072e-13, 2.74720242215e-12, 1.91031305358e-11, 8.86651724263e-11, 3.14089837472e-10, 8.93720542017e-10, 2.07502082183e-09, 3.89990573169e-09, 5.75558889437e-09, 6.27487084515e-09, 4.50217685355e-09, 1.69856262389e-09, 3.49398232569e-10, 3.17735726618e-10, 3.87990611861e-10, 1.45676970487e-09, 1.14478593272e-09, 2.73242317661e-09, 4.0749537078e-09, 4.23451940179e-09, 3.57381679805e-09, 1.61648372465e-09, 5.13683806602e-09, 9.49582301679e-10, 1.5549211918e-09, 2.29562369114e-09, 2.42570608044e-09, 3.44814332642e-09, 8.2501081522e-09, 5.12512388084e-09, 3.6375875645e-09, 3.55418894316e-09, 1.68105884768e-09, 3.2945879358e-09, 1.42778755485e-09, 8.69182392726e-10, 5.96144300591e-10, 9.8277844196e-11, 1.94208052418e-11, 2.00513759242e-12], "max": [1.09729015827, 10.927983284, 28.2782268524, 29.1920375824, 30.0645713806, 56.2284431458, 81.9656524658, 230.940505981, 355.401123047, 269.576690674, 532.438415527, 624.43359375, 542.842346191, 755.37890625, 770.433410645, 920.590637207, 580.085327148, 909.845031738, 2151.96240234, 1861.15673828, 1351.13562012, 1718.57751465, 4155.34765625, 1077.97424316, 1490.63244629, 1087.9309082, 1816.13562012, 342.524353027, 486.041290283, 733.323303223, 242.889877319, 134.614074707, 225.783782959, 163.439437866, 47.9978485107, 16.357749939, 5.43449354172, 1.67956471443, 0.204187944531, 0.00583245838061], "dvar2": [0.0208338163793, 1.79434740543, 10.9017181396, 4.67782926559, 10.588385582, 8.55037117004, 21.4722118378, 181.104949951, 237.671875, 170.852859497, 322.847717285, 1014.20947266, 616.635314941, 1071.37561035, 1752.05749512, 2033.26513672, 1239.32739258, 2172.75976562, 8243.33203125, 7680.30908203, 2735.24267578, 3341.02880859, 10067.3818359, 2742.58154297, 2557.97924805, 1246.06689453, 955.356750488, 173.245864868, 188.865539551, 224.245834351, 76.0732269287, 24.7603569031, 16.3180904388, 10.2277374268, 1.33358180523, 0.114254318178, 0.0150153264403, 0.000920100836083, 1.23281597553e-05, 2.47534224229e-08], "median": [0.0128755336627, 0.170921623707, 0.357451587915, 0.399526119232, 0.807254016399, 1.08419239521, 1.087495327, 1.88742542267, 2.45767378807, 1.72751605511, 1.62897229195, 1.96896445751, 3.13142490387, 3.07760095596, 2.74216866493, 2.76382899284, 2.39277148247, 4.11782693863, 3.51767969131, 3.10101914406, 2.97506928444, 2.55609512329, 2.43988823891, 3.6174595356, 2.23081493378, 1.85823476315, 1.47136437893, 1.0114389658, 0.802201628685, 0.741702377796, 0.377432644367, 0.215050801635, 0.108481414616, 0.0525081157684, 0.0192937701941, 0.00582532770932, 0.00137276703026, 0.000236421037698, 2.86992017209e-05, 1.03315242086e-05], "dmean2": [0.0598558709025, 0.651242673397, 1.43135738373, 1.03501915932, 1.83097529411, 1.6443400383, 2.07345962524, 5.43315505981, 6.15486907959, 4.89558935165, 5.29263114929, 10.5844984055, 10.3908824921, 10.3627443314, 14.286397934, 12.5877370834, 12.705830574, 16.5579795837, 23.7220821381, 21.6225528717, 15.3268089294, 14.2861719131, 21.0791358948, 16.6506214142, 12.657910347, 9.22581005096, 6.09752845764, 3.6797990799, 3.23797178268, 2.53221178055, 1.4303021431, 0.874128758907, 0.714046597481, 0.539048433304, 0.237404733896, 0.0744360983372, 0.0262369010597, 0.0054450375028, 0.000574901583605, 3.76429452444e-05], "dmean": [0.036875911057, 0.410712331533, 0.868319630623, 0.601301372051, 1.04429399967, 1.02870690823, 1.33972990513, 3.54055166245, 4.17000722885, 3.32511544228, 3.55605125427, 7.00706720352, 7.05913352966, 6.77085351944, 9.15851783752, 8.16896057129, 8.01150894165, 10.4689235687, 15.2740488052, 13.6482954025, 9.96552276611, 9.19280338287, 13.2779693604, 10.5055236816, 8.18378543854, 5.87726831436, 3.96921372414, 2.34621477127, 2.09918308258, 1.70945525169, 0.949158728123, 0.578743517399, 0.470504879951, 0.353700608015, 0.154024660587, 0.0496208555996, 0.0173124466091, 0.00359320593998, 0.000381167599699, 2.37965850829e-05], "var": [0.0105812270194, 0.9009141922, 4.72838830948, 2.14486861229, 6.42266798019, 10.4841394424, 21.4430446625, 180.359542847, 290.964202881, 213.569046021, 286.245605469, 1348.46289062, 1105.6348877, 892.366271973, 1413.09863281, 1731.94702148, 1034.54992676, 1905.21032715, 13427.9970703, 7662.91162109, 3143.50610352, 4151.13232422, 15661.7275391, 3568.25024414, 3074.43676758, 1408.79272461, 1065.09936523, 180.07371521, 146.995391846, 175.335189819, 40.120716095, 14.6740760803, 22.5604324341, 12.9112110138, 1.07959794998, 0.0810670182109, 0.0085077136755, 0.000480345159303, 5.87938529861e-06, 1.13105871336e-08], "dvar": [0.0092522893101, 0.766483366489, 4.41893196106, 1.78495240211, 3.44001793861, 3.4078233242, 9.09925556183, 80.4373626709, 115.676193237, 80.6569290161, 144.209213257, 431.020019531, 296.639038086, 442.614044189, 722.027160645, 888.377685547, 509.9375, 924.765930176, 3592.29394531, 3149.67260742, 1281.72106934, 1475.54553223, 4106.10449219, 1202.94763184, 1199.42785645, 596.889343262, 518.510742188, 83.4172821045, 88.4075393677, 116.768928528, 33.7747650146, 10.869392395, 8.52758026123, 5.30012845993, 0.647023737431, 0.057427585125, 0.00699474383146, 0.000427011837019, 5.34934952157e-06, 9.62222301837e-09], "mean": [0.0441470816731, 0.501222610474, 1.00957131386, 0.90226995945, 1.74930989742, 2.15066957474, 2.52359437943, 6.4285736084, 8.05268955231, 6.44068336487, 6.50925064087, 13.2281446457, 13.9521865845, 11.824420929, 15.2806367874, 13.838104248, 13.3473672867, 17.1935329437, 28.2056560516, 24.4965820312, 17.9836368561, 18.1730575562, 27.195980072, 20.2148513794, 16.0864505768, 10.5656528473, 7.41268873215, 4.59451150894, 3.78982567787, 3.00871253014, 1.60897755623, 0.952315747738, 0.744964301586, 0.507375478745, 0.206510856748, 0.0643715411425, 0.0188497658819, 0.00377558195032, 0.000483706884552, 3.84130507882e-05]}, "zerocrossingrate": {"min": 0, "max": 0.4892578125, "dvar2": 0.000300880376017, "median": 0.0546875, "dmean2": 0.0115143517032, "dmean": 0.00966339744627, "var": 0.00146240380127, "dvar": 0.000252022902714, "mean": 0.059698458761}, "spectral_contrast_coeffs": {"min": [-0.958319842815, -0.942029178143, -0.97321498394, -0.972018241882, -0.956627070904, -0.957118868828], "max": [-0.446762412786, -0.365923851728, -0.476657152176, -0.492124378681, -0.556808590889, -0.546364188194], "dvar2": [0.00351918232627, 0.00308466842398, 0.00223562214524, 0.00182199641131, 0.000858490995597, 0.00065541168442], "median": [-0.705670237541, -0.764711141586, -0.784107148647, -0.790008842945, -0.801769018173, -0.750581502914], "dmean2": [0.0744081288576, 0.0690079331398, 0.0583738125861, 0.0517829023302, 0.0356753990054, 0.0279963035136], "dmean": [0.0442903749645, 0.0428787916899, 0.0371778570116, 0.0323797240853, 0.021965932101, 0.018424578011], "var": [0.00418470101431, 0.00592135963961, 0.00458838138729, 0.00337622617371, 0.00217232713476, 0.00281799770892], "dvar": [0.00125749211293, 0.00125183933415, 0.000912591698579, 0.000736256013624, 0.000354667397914, 0.000341147999279], "mean": [-0.703012287617, -0.753967940807, -0.778201162815, -0.785790681839, -0.798863887787, -0.755684375763]}, "dissonance": {"min": 0.167272642255, "max": 0.500000119209, "dvar2": 0.000836097227875, "median": 0.476652145386, "dmean2": 0.0275676995516, "dmean": 0.0165429990739, "var": 0.000819934473839, "dvar": 0.000326961890096, "mean": 0.468281745911}, "spectral_energyband_high": {"min": 1.18286489544e-12, "max": 0.0520708635449, "dvar2": 1.78203993073e-06, "median": 0.000124893296743, "dmean2": 0.000352173810825, "dmean": 0.000238986554905, "var": 2.36564301304e-06, "dvar": 9.88820261227e-07, "mean": 0.000514688785188}, "spectral_skewness": {"min": -0.152507558465, "max": 8.41348457336, "dvar2": 0.16901627183, "median": 1.38698649406, "dmean2": 0.350738793612, "dmean": 0.218340992928, "var": 0.558305561543, "dvar": 0.0763003751636, "mean": 1.53457117081}, "spectral_flux": {"min": 0.000111793546239, "max": 0.240164533257, "dvar2": 0.000790273537859, "median": 0.0422258637846, "dmean2": 0.0223556570709, "dmean": 0.0139838578179, "var": 0.00144750566687, "dvar": 0.000363666011253, "mean": 0.0512532778084}, "silence_rate_30dB": {"min": 1, "max": 1, "dvar2": 0, "median": 1, "dmean2": 0, "dmean": 0, "var": 0, "dvar": 0, "mean": 1}, "spectral_energyband_middle_high": {"min": 4.37176038643e-13, "max": 0.0657339096069, "dvar2": 1.3268902876e-05, "median": 0.0010345451301, "dmean2": 0.00161959032994, "dmean": 0.00109622674063, "var": 5.96089339524e-05, "dvar": 6.71347061143e-06, "mean": 0.00386309600435}, "barkbands_spread": {"min": 0.110892936587, "max": 132.260269165, "dvar2": 157.320846558, "median": 22.2666912079, "dmean2": 9.9541387558, "dmean": 6.24957704544, "var": 182.371490479, "dvar": 66.4024276733, "mean": 23.3182983398}, "spectral_centroid": {"min": 82.1765136719, "max": 10943.1103516, "dvar2": 236654.984375, "median": 1472.80102539, "dmean2": 418.947570801, "dmean": 265.759979248, "var": 537660.8125, "dvar": 106831.609375, "mean": 1520.24267578}, "pitch_salience": {"min": 0.0278102662414, "max": 0.951120495796, "dvar2": 0.012529543601, "median": 0.54434800148, "dmean2": 0.123664319515, "dmean": 0.0753709599376, "var": 0.0168685466051, "dvar": 0.00496421381831, "mean": 0.533021986485}, "erbbands_skewness": {"min": -5.36049461365, "max": 7.96778106689, "dvar2": 0.375302731991, "median": 0.0813259631395, "dmean2": 0.590433657169, "dmean": 0.385055214167, "var": 0.698036253452, "dvar": 0.166365176439, "mean": 0.0914903581142}, "erbbands_crest": {"min": 2.24066209793, "max": 32.7191581726, "dvar2": 18.0902481079, "median": 8.29078483582, "dmean2": 4.66516017914, "dmean": 2.90427136421, "var": 23.9785499573, "dvar": 7.56151819229, "mean": 9.57504749298}, "melbands": {"min": [2.42933707954e-15, 7.76772919532e-15, 2.04019642164e-14, 4.1054595975e-14, 6.77136569472e-14, 8.7613591512e-14, 8.8721280214e-14, 6.61272116708e-14, 3.2946183352e-14, 8.67888423075e-15, 1.42662657048e-15, 1.27276621198e-15, 9.32622873717e-16, 3.00578471652e-15, 4.04206155309e-15, 1.77414894214e-15, 5.71289502792e-15, 7.28761482719e-15, 4.44975206313e-15, 6.74194053246e-15, 3.48784006065e-15, 1.00170751617e-15, 4.49192244544e-15, 3.59840687114e-15, 4.08463507014e-16, 6.02943092267e-16, 1.6898873751e-15, 1.51626467915e-15, 1.78549653666e-15, 1.17179596714e-15, 2.07705353568e-15, 4.89375275804e-15, 3.3958414829e-15, 2.57514384877e-15, 1.80226503616e-15, 2.33543056008e-15, 2.0936104887e-15, 8.60577215839e-16, 1.94746956497e-15, 3.00190170573e-15], "max": [0.010603222996, 0.0144566595554, 0.00544290523976, 0.00214458443224, 0.00232768338174, 0.00456848787144, 0.00454871822149, 0.00338844722137, 0.00442175287753, 0.00442003831267, 0.002686153166, 0.00311762024648, 0.00252943020314, 0.00283008418046, 0.00333615532145, 0.00143220811151, 0.00219415477477, 0.00344943464734, 0.00387766561471, 0.00154325901531, 0.00171103712637, 0.00176207977347, 0.00252445228398, 0.00369480904192, 0.000872664095368, 0.00138199701905, 0.00195043266285, 0.000790692749433, 0.00143463059794, 0.000534987018909, 0.000167425547261, 0.000178584014066, 0.000540560751688, 0.000344354280969, 0.000161637406563, 0.000132667992148, 7.68044119468e-05, 0.000123900710605, 0.000247569230851, 0.000102974649053], "dvar2": [1.67050120581e-06, 2.75630395663e-06, 1.40722150377e-07, 4.61415226027e-08, 2.00238581272e-08, 7.68128955997e-08, 4.51619399655e-08, 2.23375629105e-08, 2.33623058676e-08, 4.69778598244e-08, 1.59669557576e-08, 1.79882029272e-08, 1.86512725264e-08, 1.80582286902e-08, 1.38188012144e-08, 8.14273892757e-09, 1.05616440038e-08, 2.3345402056e-08, 3.25753113373e-08, 8.92449225631e-09, 4.39098801763e-09, 4.97897545415e-09, 9.7518535469e-09, 6.50565246119e-09, 2.23414398093e-09, 2.16301887512e-09, 1.61354185568e-09, 5.30238963847e-10, 4.972279255e-10, 1.60196342303e-10, 5.62346245958e-11, 6.70345168263e-11, 9.80500403092e-11, 6.95861840372e-11, 3.22306278888e-11, 1.73118550745e-11, 8.22997052452e-12, 7.02275520723e-12, 1.40354984579e-11, 6.457885008e-12], "median": [0.000168313679751, 0.000227841315791, 9.08695728867e-05, 7.63255811762e-05, 4.24580066465e-05, 4.33071581938e-05, 3.57528806489e-05, 1.53455894178e-05, 1.15704033306e-05, 1.13159712782e-05, 1.43669694808e-05, 1.04057271528e-05, 8.49022853799e-06, 7.38799872124e-06, 5.24591769135e-06, 3.87991713069e-06, 7.29988869352e-06, 5.04508989252e-06, 3.42635803463e-06, 3.80921937904e-06, 3.04021750708e-06, 2.49277536568e-06, 2.00089607461e-06, 2.07358471016e-06, 2.81147822534e-06, 1.54631607074e-06, 1.16334683753e-06, 1.19197886761e-06, 9.30435021473e-07, 6.39759150545e-07, 4.60613279074e-07, 4.35605329585e-07, 4.26624069405e-07, 3.58961699476e-07, 2.15977550511e-07, 1.40469779808e-07, 1.15289509495e-07, 7.41143040273e-08, 5.54860584145e-08, 3.52320164154e-08], "dmean2": [0.000619175145403, 0.000776137632784, 0.000199991700356, 0.000128451618366, 6.87444044161e-05, 0.000117595795018, 8.92357275006e-05, 5.30195138708e-05, 4.6093340643e-05, 7.02674151398e-05, 5.25918439962e-05, 4.29185492976e-05, 4.59029251942e-05, 4.0307353629e-05, 3.1887419027e-05, 3.17231970257e-05, 3.49124929926e-05, 4.02145087719e-05, 3.88464686694e-05, 2.84524139715e-05, 1.76694902621e-05, 1.62575233844e-05, 2.05157666642e-05, 1.83683987416e-05, 1.49553879965e-05, 1.13041205623e-05, 8.47393584991e-06, 6.41339602225e-06, 4.60771070721e-06, 2.87604530058e-06, 2.17349497689e-06, 2.06316781259e-06, 1.7075337837e-06, 1.36955338803e-06, 9.25652329897e-07, 6.8820679644e-07, 5.28404427769e-07, 5.03885416947e-07, 5.35272420166e-07, 4.60041832184e-07], "dmean": [0.000387671781937, 0.00048467531451, 0.000115757924505, 7.59137692512e-05, 4.47765014542e-05, 7.69623147789e-05, 6.07045476499e-05, 3.58131364919e-05, 3.09596434818e-05, 4.63265605504e-05, 3.58093639079e-05, 2.79271989712e-05, 2.92103959509e-05, 2.58972813754e-05, 2.03156141652e-05, 1.97932440642e-05, 2.19873909373e-05, 2.57645042439e-05, 2.48120086326e-05, 1.78559348569e-05, 1.1224516129e-05, 1.02433123175e-05, 1.26368886413e-05, 1.17606277854e-05, 9.22926301428e-06, 7.13369308869e-06, 5.53966810912e-06, 3.96726909457e-06, 2.94631513498e-06, 1.86121872048e-06, 1.35720131311e-06, 1.31127148961e-06, 1.1358026768e-06, 9.15858038297e-07, 6.05372235896e-07, 4.41908468929e-07, 3.46427725617e-07, 3.30383159053e-07, 3.52064063236e-07, 2.97313079045e-07], "var": [9.14489646675e-07, 1.40768452184e-06, 7.35935330454e-08, 3.78193938388e-08, 2.29982557443e-08, 8.06204099035e-08, 5.85969246458e-08, 2.6373601969e-08, 2.33608314915e-08, 6.1348949032e-08, 2.83385652722e-08, 1.57528425859e-08, 1.33552111592e-08, 1.52875507808e-08, 9.67327196122e-09, 5.87145132513e-09, 8.06345923365e-09, 3.40613972583e-08, 3.2123807614e-08, 8.14464939936e-09, 4.0617300634e-09, 4.51438975091e-09, 1.11556275328e-08, 1.08463380499e-08, 2.27580909673e-09, 1.98512695171e-09, 1.49594170384e-09, 5.50359646745e-10, 5.89432058717e-10, 1.43553779974e-10, 5.05643131532e-11, 4.60763892318e-11, 7.46738018642e-11, 4.94124810513e-11, 1.56786354732e-11, 8.15498363282e-12, 5.06429533725e-12, 8.81991528423e-12, 1.78915875171e-11, 7.36311012162e-12], "dvar": [7.53598328629e-07, 1.17941578992e-06, 5.38879731948e-08, 1.58305546449e-08, 8.63904592308e-09, 3.42975603473e-08, 2.22604583655e-08, 1.03096153836e-08, 1.07105622149e-08, 1.97061229557e-08, 7.71151942303e-09, 7.53931139741e-09, 7.53808571119e-09, 7.97082755355e-09, 5.69137537099e-09, 3.35498562265e-09, 4.49848069906e-09, 1.01472217295e-08, 1.38920812631e-08, 3.77592890288e-09, 1.97615390718e-09, 2.08379247191e-09, 4.07598399477e-09, 2.85417245394e-09, 9.39102351438e-10, 9.38807698248e-10, 7.31064875303e-10, 2.5170601714e-10, 2.80472617353e-10, 7.46608261326e-11, 2.57190553576e-11, 2.91030290145e-11, 5.00563653028e-11, 3.47328103778e-11, 1.39608541741e-11, 7.37574064325e-12, 3.60110487437e-12, 3.54898879382e-12, 7.08476593364e-12, 3.29114101423e-12], "mean": [0.000492454564665, 0.000607255205978, 0.000185558921658, 0.000146741818753, 9.04829794308e-05, 0.000142876902828, 0.000118942916743, 6.79721997585e-05, 5.49828328076e-05, 8.66685149958e-05, 6.8573448516e-05, 4.6704099077e-05, 4.68264297524e-05, 4.21368386014e-05, 3.116868902e-05, 2.97805654554e-05, 3.22404084727e-05, 4.37281159975e-05, 4.14809146605e-05, 2.84043035208e-05, 1.87096011359e-05, 1.75670702447e-05, 2.37532422034e-05, 2.21004047489e-05, 1.59175961016e-05, 1.26670302052e-05, 9.63526417763e-06, 6.43734028927e-06, 5.00954456584e-06, 3.39153734785e-06, 2.4077226044e-06, 2.20840138354e-06, 1.90230548469e-06, 1.52346876803e-06, 9.68182462202e-07, 6.83171379023e-07, 5.40610187727e-07, 5.05472030454e-07, 5.17822513757e-07, 4.04080026328e-07]}, "spectral_entropy": {"min": 4.69905138016, "max": 9.79712867737, "dvar2": 0.0668857544661, "median": 7.63659954071, "dmean2": 0.221261441708, "dmean": 0.148437947035, "var": 0.245635941625, "dvar": 0.0367254279554, "mean": 7.53962469101}, "spectral_rolloff": {"min": 21.533203125, "max": 14384.1796875, "dvar2": 2032693.125, "median": 1205.859375, "dmean2": 863.123718262, "dmean": 509.740386963, "var": 2180111, "dvar": 956138.4375, "mean": 1531.14916992}, "barkbands": {"min": [1.39123954565e-15, 1.00704568721e-14, 2.0768228039e-14, 4.11236020551e-14, 2.38391880021e-13, 4.24307914108e-13, 4.27372736809e-13, 2.40744273475e-13, 6.80480587785e-14, 8.53936858697e-15, 6.06973179739e-15, 3.2411261717e-14, 2.1563117638e-14, 7.65554611891e-14, 6.22352985661e-14, 8.47524090838e-14, 2.30733485839e-14, 8.4375188043e-14, 1.46722488082e-14, 5.45346645446e-14, 6.75059780211e-14, 1.92866556059e-13, 1.28649979667e-13, 1.27628634115e-13, 2.46525131038e-13, 2.51262362696e-13, 1.42362602826e-13], "max": [0.00803947821259, 0.038568649441, 0.0217433702201, 0.0151533670723, 0.0109273381531, 0.0196566153318, 0.0197915229946, 0.0181203484535, 0.0246473830193, 0.0179708115757, 0.0168333332986, 0.0229469574988, 0.011740969494, 0.0350970365107, 0.040109090507, 0.0202322248369, 0.0318128764629, 0.0584459491074, 0.028222585097, 0.0295894593, 0.0207616779953, 0.0182669237256, 0.011085037142, 0.00953071657568, 0.00918041635305, 0.00293658697046, 0.0012540705502], "dvar2": [7.41934798043e-08, 2.68430740107e-05, 7.20791740605e-06, 4.8395071417e-07, 7.29981650238e-07, 1.48568346958e-06, 9.00175507468e-07, 6.93103743288e-07, 1.62531887327e-06, 7.84885344274e-07, 1.06860375126e-06, 1.32801926611e-06, 7.23277935322e-07, 1.55852569605e-06, 4.44945953859e-06, 1.23784184325e-06, 1.17781246445e-06, 2.5512179036e-06, 1.16747821721e-06, 7.44469332403e-07, 2.72736201623e-07, 1.61275352184e-07, 1.08817133082e-07, 4.59603803904e-08, 4.78517243607e-08, 4.48304149359e-09, 4.69654259927e-10], "median": [6.05699242442e-05, 0.000708166509867, 0.000230707402807, 0.000125323000248, 0.000344661937561, 0.000203459901968, 0.000131871973281, 6.02555846854e-05, 7.05575585016e-05, 9.10004382604e-05, 6.47282795398e-05, 5.82436732657e-05, 4.02422847401e-05, 7.00585660525e-05, 4.79351401736e-05, 4.96955981362e-05, 4.44355682703e-05, 4.25586113124e-05, 5.99401646468e-05, 4.1134582716e-05, 2.72512679658e-05, 2.50786451943e-05, 1.38189298013e-05, 8.28058909974e-06, 3.61259571946e-06, 9.33749845444e-07, 1.31994767116e-07], "dmean2": [0.000113598180178, 0.00256673060358, 0.00112122215796, 0.000369315355783, 0.000524688861333, 0.000533443526365, 0.000401030236389, 0.000244825350819, 0.000440628675278, 0.000345680891769, 0.000347503722878, 0.000349043664755, 0.000300354411593, 0.000394170056097, 0.00049376685638, 0.000345775828464, 0.000269950804068, 0.000383461709134, 0.000301431573462, 0.000213346254895, 0.00011268536764, 8.73537646839e-05, 5.45949624211e-05, 4.00856406486e-05, 4.05423961638e-05, 1.48648632603e-05, 3.44761997439e-06], "dmean": [9.28053632379e-05, 0.00163028854877, 0.000655971525703, 0.000213994411752, 0.000314936070936, 0.000349473004462, 0.000270413351245, 0.000161114498042, 0.000291477423161, 0.000229351193411, 0.000221669368329, 0.000222053742618, 0.000187486875802, 0.000248456781264, 0.000315301207593, 0.000219981127884, 0.000170680214069, 0.000241714937147, 0.000190118022147, 0.000134542453452, 7.23888442735e-05, 5.79004190513e-05, 3.64814186469e-05, 2.70072705462e-05, 2.64103837253e-05, 9.8742211776e-06, 2.24903487833e-06], "var": [1.12830406351e-07, 1.47022501551e-05, 2.54879796557e-06, 2.98113121744e-07, 7.27360941255e-07, 1.57607303208e-06, 1.19145772715e-06, 5.90822821778e-07, 2.24339805754e-06, 1.12720954348e-06, 6.65606023631e-07, 1.14589681743e-06, 5.25582152022e-07, 1.38844870889e-06, 5.94848961555e-06, 1.23687505038e-06, 1.23413531128e-06, 4.42609007223e-06, 1.23143411201e-06, 6.95023061326e-07, 2.79192931885e-07, 1.35256257749e-07, 6.62389112449e-08, 5.10366220396e-08, 5.20496499234e-08, 2.79210454757e-09, 2.10803818845e-10], "dvar": [4.4065551208e-08, 1.19595397337e-05, 2.72811007562e-06, 1.86208865216e-07, 2.61601883267e-07, 6.62540401208e-07, 4.50827172926e-07, 3.07525567678e-07, 7.0615834602e-07, 3.64278804454e-07, 4.22291549285e-07, 5.78860294809e-07, 2.9266374213e-07, 6.85864733896e-07, 1.90795344679e-06, 5.51304992769e-07, 5.10658821895e-07, 1.09194547804e-06, 4.98708061514e-07, 3.31023642275e-07, 1.38942439776e-07, 8.10145337482e-08, 5.08299500268e-08, 2.31028618458e-08, 2.43534561406e-08, 2.167055424e-09, 2.01737945793e-10], "mean": [0.000181155191967, 0.0020533639472, 0.00071626418503, 0.000326099077938, 0.000638692465145, 0.000648204993922, 0.000510885205586, 0.000276294857031, 0.000553240592126, 0.000421333737904, 0.000334475480486, 0.000356528587872, 0.000286480935756, 0.000368395645637, 0.000565797265153, 0.000356392876711, 0.000301933323499, 0.000479668902699, 0.000356993405148, 0.000231464786339, 0.000142022399814, 0.000105460872874, 6.25288594165e-05, 4.42209566245e-05, 3.68795444956e-05, 1.16817464004e-05, 2.69271117759e-06]}, "melbands_flatness_db": {"min": 0.0189645048231, "max": 0.712459206581, "dvar2": 0.00215851399116, "median": 0.187453448772, "dmean2": 0.0434062927961, "dmean": 0.0280242357403, "var": 0.00854958686978, "dvar": 0.000974216556642, "mean": 0.203149050474}, "melbands_skewness": {"min": -1.43232882023, "max": 28.2159461975, "dvar2": 3.11129617691, "median": 2.00474953651, "dmean2": 1.32334983349, "dmean": 0.851978003979, "var": 5.15264368057, "dvar": 1.34868013859, "mean": 2.55149722099}, "barkbands_skewness": {"min": -4.32747077942, "max": 22.6146469116, "dvar2": 1.94129669666, "median": 1.10832476616, "dmean2": 0.980081379414, "dmean": 0.629509747028, "var": 3.33642530441, "dvar": 0.82165658474, "mean": 1.42333507538}, "silence_rate_60dB": {"min": 0, "max": 1, "dvar2": 0.115823328495, "median": 0, "dmean2": 0.117151096463, "dmean": 0.058571215719, "var": 0.21424549818, "dvar": 0.0551314242184, "mean": 0.310877770185}, "spectral_energyband_low": {"min": 4.91545450447e-14, "max": 0.0527580194175, "dvar2": 4.1147974116e-05, "median": 0.00128131115343, "dmean2": 0.00325812771916, "dmean": 0.00210217526183, "var": 2.54934093391e-05, "dvar": 1.88690464711e-05, "mean": 0.00299663236365}, "spectral_energyband_middle_low": {"min": 1.44190041851e-12, "max": 0.0290281511843, "dvar2": 5.57368684895e-06, "median": 0.00217969226651, "dmean2": 0.00159541645553, "dmean": 0.00103293545544, "var": 1.08759923023e-05, "dvar": 2.43347449214e-06, "mean": 0.00312968250364}, "melbands_kurtosis": {"min": -1.87547600269, "max": 1035.28527832, "dvar2": 1990.54272461, "median": 5.1941947937, "dmean2": 16.3284721375, "dmean": 10.1621198654, "var": 1607.11193848, "dvar": 827.464660645, "mean": 16.1338729858}, "spectral_decrease": {"min": -2.0529281386e-08, "max": -4.90912823492e-19, "dvar2": 3.54277734044e-18, "median": -1.59587254522e-09, "dmean2": 1.20586851615e-09, "dmean": 8.09945277513e-10, "var": 6.99952624281e-18, "dvar": 1.74717130342e-18, "mean": -2.45268738652e-09}, "erbbands_kurtosis": {"min": -1.80883431435, "max": 93.3650665283, "dvar2": 11.1757888794, "median": -0.164121389389, "dmean2": 1.61300444603, "dmean": 1.03035140038, "var": 10.394036293, "dvar": 5.08111143112, "mean": 0.570303082466}, "melbands_crest": {"min": 3.15821146965, "max": 39.0112915039, "dvar2": 23.4190635681, "median": 12.6117630005, "dmean2": 5.50059986115, "dmean": 3.38962674141, "var": 36.2976303101, "dvar": 9.61753463745, "mean": 13.847328186}, "gfcc": {"cov": [[14628.2998047, -2805.54492188, -1922.32714844, 496.364196777, -1168.28503418, 151.65953064, -487.433044434, 303.389221191, -296.732879639, 94.9154815674, -189.111724854, 31.0232009888, -194.314758301], [-2805.54492188, 1774.28662109, 131.822692871, -218.062652588, 298.139099121, -160.195236206, 176.113021851, -159.365997314, 135.030715942, -110.173690796, 108.638404846, -45.1081619263, 96.5902633667], [-1922.32714844, 131.822692871, 921.305969238, -15.6617240906, 212.852432251, 45.2205352783, 44.3813056946, 6.33084154129, 5.79223251343, 54.031879425, 28.0180130005, 7.36010980606, 31.9834537506], [496.364196777, -218.062652588, -15.6617240906, 430.949615479, 14.5737667084, 7.87196731567, 7.0217757225, -18.3654174805, 23.3512821198, -3.06727457047, 14.1131086349, -9.89798259735, 11.9130239487], [-1168.28503418, 298.139099121, 212.852432251, 14.5737667084, 409.019378662, 10.0753412247, 80.1939620972, -10.2986268997, 29.6758022308, 13.2573919296, 26.131111145, -13.7324314117, 27.8480377197], [151.65953064, -160.195236206, 45.2205352783, 7.87196731567, 10.0753412247, 186.410705566, 29.5196037292, 17.8460006714, -22.7335987091, 6.73273515701, -13.2713069916, -0.327879667282, -11.4792060852], [-487.433044434, 176.113021851, 44.3813056946, 7.0217757225, 80.1939620972, 29.5196037292, 177.75340271, 24.1427116394, 15.35679245, -22.0310440063, 19.892780304, -6.25426912308, 8.32310390472], [303.389221191, -159.365997314, 6.33084154129, -18.3654174805, -10.2986268997, 17.8460006714, 24.1427116394, 121.375259399, 14.3898506165, 13.5071525574, -13.6713562012, 3.2038834095, -12.7444782257], [-296.732879639, 135.030715942, 5.79223251343, 23.3512821198, 29.6758022308, -22.7335987091, 15.35679245, 14.3898506165, 120.358139038, 29.8070087433, 9.81575584412, -12.9065952301, 9.97563552856], [94.9154815674, -110.173690796, 54.031879425, -3.06727457047, 13.2573919296, 6.73273515701, -22.0310440063, 13.5071525574, 29.8070087433, 100.566474915, 26.7081356049, -0.390754520893, -15.6758365631], [-189.111724854, 108.638404846, 28.0180130005, 14.1131086349, 26.131111145, -13.2713069916, 19.892780304, -13.6713562012, 9.81575584412, 26.7081356049, 104.655181885, 36.4353713989, 6.41875696182], [31.0232009888, -45.1081619263, 7.36010980606, -9.89798259735, -13.7324314117, -0.327879667282, -6.25426912308, 3.2038834095, -12.9065952301, -0.390754520893, 36.4353713989, 88.0323638916, 23.3353843689], [-194.314758301, 96.5902633667, 31.9834537506, 11.9130239487, 27.8480377197, -11.4792060852, 8.32310390472, -12.7444782257, 9.97563552856, -15.6758365631, 6.41875696182, 23.3353843689, 82.1511993408]], "icov": [[0.000176283399924, 7.37283407943e-05, 0.000315455894452, -0.000204831274459, 0.000222199436394, -9.63965649134e-05, 0.000237346990616, -0.000421828823164, 0.000410345353885, -0.000320432533044, 4.7248089686e-05, 5.05411844642e-05, -7.01290409779e-05], [7.37283407943e-05, 0.00185482995585, -9.96680682874e-06, 0.0012336083455, -0.000627368804999, 0.000903944193851, -0.000950158166233, 0.00199747597799, -0.00213203486055, 0.00263461726718, -0.00225492380559, 0.00172359927092, -0.000988122541457], [0.000315455894452, -9.96680682874e-06, 0.00188449490815, -0.000404297548812, -0.000166499579791, -0.000480656279251, 0.000406551087508, -0.000982532510534, 0.00120058306493, -0.00156965665519, 0.000251490419032, -6.70356603223e-05, -0.000567423587199], [-0.000204831274459, 0.0012336083455, -0.000404297548812, 0.00360034080222, -0.000795989122707, 0.000508088560309, -0.000964068924077, 0.00237234169617, -0.00265208096243, 0.00264370627701, -0.00221706018783, 0.00166224699933, -0.00096552236937], [0.000222199436394, -0.000627368804999, -0.000166499579791, -0.000795989122707, 0.00373403937556, -0.000478954287246, -0.000518837070558, -0.000925273809116, 0.00105073372833, -0.00181718345266, 0.000527245050762, 0.000174482687726, -0.000545320741367], [-9.63965649134e-05, 0.000903944193851, -0.000480656279251, 0.000508088560309, -0.000478954287246, 0.00660799723119, -0.00205929158255, 0.000921651953831, 9.05347769731e-05, 0.000351277325535, 0.000226730524446, 0.00022326092585, 0.000234848426771], [0.000237346990616, -0.000950158166233, 0.000406551087508, -0.000964068924077, -0.000518837070558, -0.00205929158255, 0.00851117447019, -0.00383345992304, 0.000788575096522, 0.00124787865207, -0.00142902694643, 0.000609700276982, 0.000172034473508], [-0.000421828823164, 0.00199747597799, -0.000982532510534, 0.00237234169617, -0.000925273809116, 0.000921651953831, -0.00383345992304, 0.0132805835456, -0.00501964380965, 0.00225973571651, -0.000152002307004, -0.000223958442803, 0.000699505617376], [0.000410345353885, -0.00213203486055, 0.00120058306493, -0.00265208096243, 0.00105073372833, 9.05347769731e-05, 0.000788575096522, -0.00501964380965, 0.0142727140337, -0.00788225792348, 0.00266481144354, 5.85054622206e-05, -0.00126964272931], [-0.000320432533044, 0.00263461726718, -0.00156965665519, 0.00264370627701, -0.00181718345266, 0.000351277325535, 0.00124787865207, 0.00225973571651, -0.00788225792348, 0.0189759861678, -0.00810966733843, 0.00350941740908, 0.00147619319614], [4.7248089686e-05, -0.00225492380559, 0.000251490419032, -0.00221706018783, 0.000527245050762, 0.000226730524446, -0.00142902694643, -0.000152002307004, 0.00266481144354, -0.00810966733843, 0.0170978643, -0.00877242721617, 0.00224563572556], [5.05411844642e-05, 0.00172359927092, -6.70356603223e-05, 0.00166224699933, 0.000174482687726, 0.00022326092585, 0.000609700276982, -0.000223958442803, 5.85054622206e-05, 0.00350941740908, -0.00877242721617, 0.017724532634, -0.00593316508457], [-7.01290409779e-05, -0.000988122541457, -0.000567423587199, -0.00096552236937, -0.000545320741367, 0.000234848426771, 0.000172034473508, 0.000699505617376, -0.00126964272931, 0.00147619319614, 0.00224563572556, -0.00593316508457, 0.015784015879]], "mean": [-81.9422454834, 96.4251022339, -120.483650208, 37.4935722351, -47.9508514404, 12.5304641724, -28.4619483948, 6.19485044479, -18.45744133, 1.95147299767, -10.8141384125, 0.333175748587, -8.57883644104]}, "melbands_spread": {"min": 0.249089717865, "max": 251.02923584, "dvar2": 295.570770264, "median": 23.1728019714, "dmean2": 12.4975452423, "dmean": 7.9784579277, "var": 496.879516602, "dvar": 142.081512451, "mean": 27.580657959}, "spectral_energy": {"min": 3.10769942766e-12, "max": 0.0977796465158, "dvar2": 5.67340248381e-05, "median": 0.00653655128554, "dmean2": 0.00486581306905, "dmean": 0.00329413078725, "var": 0.000136115748319, "dvar": 2.86382055492e-05, "mean": 0.0103691332042}, "mfcc": {"cov": [[13737.2207031, -1938.27307129, -1635.44177246, -72.2743148804, -739.140808105, -353.573303223, -326.29083252, -33.0330467224, -194.753875732, -95.3035736084, 48.5090408325, -62.5194511414, -101.277923584], [-1938.27307129, 1366.26757812, 74.6726760864, -32.3253135681, 82.286895752, 12.0171003342, 27.8229866028, -0.376091837883, -3.06638216972, 5.67481660843, -46.4137191772, -11.2576503754, 16.5171604156], [-1635.44177246, 74.6726760864, 652.542541504, 22.6786460876, 112.099807739, 60.3886642456, 63.6541824341, -14.970044136, 32.4351615906, 11.1659412384, 1.82949817181, 14.2636499405, 12.9101877213], [-72.2743148804, -32.3253135681, 22.6786460876, 334.496368408, 72.5163726807, 39.2457847595, 3.73006367683, 3.73917341232, 3.89712095261, 18.8995914459, -1.30185961723, 8.37373638153, 16.3182792664], [-739.140808105, 82.286895752, 112.099807739, 72.5163726807, 265.872741699, 68.0297851562, 45.1508140564, -13.8138589859, 35.9544868469, 14.2797260284, -2.39652848244, 19.9052276611, 26.1099758148], [-353.573303223, 12.0171003342, 60.3886642456, 39.2457847595, 68.0297851562, 158.974060059, 51.5202407837, 11.3540039062, 9.94369983673, 14.878695488, 6.69927692413, 2.43721604347, 2.60738110542], [-326.29083252, 27.8229866028, 63.6541824341, 3.73006367683, 45.1508140564, 51.5202407837, 166.239639282, 47.5559616089, 13.5971336365, -1.25446248055, 6.50571107864, 9.60106658936, 14.2175111771], [-33.0330467224, -0.376091837883, -14.970044136, 3.73917341232, -13.8138589859, 11.3540039062, 47.5559616089, 117.035522461, 27.7548923492, -5.90746164322, 0.589005768299, 3.41037273407, -1.03932666779], [-194.753875732, -3.06638216972, 32.4351615906, 3.89712095261, 35.9544868469, 9.94369983673, 13.5971336365, 27.7548923492, 110.138587952, 39.7805213928, -8.33403491974, -3.34873771667, 5.32186889648], [-95.3035736084, 5.67481660843, 11.1659412384, 18.8995914459, 14.2797260284, 14.878695488, -1.25446248055, -5.90746164322, 39.7805213928, 106.568481445, 36.9565429688, -12.2393846512, -11.7324752808], [48.5090408325, -46.4137191772, 1.82949817181, -1.30185961723, -2.39652848244, 6.69927692413, 6.50571107864, 0.589005768299, -8.33403491974, 36.9565429688, 108.317504883, 24.9883918762, -18.6647586823], [-62.5194511414, -11.2576503754, 14.2636499405, 8.37373638153, 19.9052276611, 2.43721604347, 9.60106658936, 3.41037273407, -3.34873771667, -12.2393846512, 24.9883918762, 86.1157989502, 34.3486824036], [-101.277923584, 16.5171604156, 12.9101877213, 16.3182792664, 26.1099758148, 2.60738110542, 14.2175111771, -1.03932666779, 5.32186889648, -11.7324752808, -18.6647586823, 34.3486824036, 105.183578491]], "icov": [[0.00015096856805, 0.000182663017767, 0.000307928683469, -3.17623926094e-05, 0.000196478664293, 0.000103390513686, 3.57680364687e-05, 6.72537862556e-05, 6.94425834808e-05, 4.81900606246e-05, -1.72313484654e-05, 3.94485105062e-05, 1.42278395288e-05], [0.000182663017767, 0.000995563226752, 0.000314305274514, 0.000113796020742, -5.10044847033e-05, 0.000194951848243, -2.02297833312e-05, -3.54552212229e-05, 0.000391251844121, -0.000252313620877, 0.000423734105425, 7.54859138397e-05, -2.38731481659e-05], [0.000307928683469, 0.000314305274514, 0.00236219493672, -5.48384050489e-05, -5.69736948819e-05, -9.06500717974e-05, -0.000475381413708, 0.000677675881889, -0.00031940889312, 0.000221957496251, -7.81227063271e-05, -7.99598710728e-05, 0.000106221719761], [-3.17623926094e-05, 0.000113796020742, -5.48384050489e-05, 0.00333754066378, -0.000961199810263, -0.00053164199926, 0.000413304544054, -0.000556033628527, 0.00066822511144, -0.000907080247998, 0.000437420792878, -0.000195730070118, -0.000362541468348], [0.000196478664293, -5.10044847033e-05, -5.69736948819e-05, -0.000961199810263, 0.00552283367142, -0.00140927033499, -0.000872322416399, 0.00167738064192, -0.00175218633376, 0.000425344012911, -5.00853166159e-05, -0.000773270905484, -0.000468491693027], [0.000103390513686, 0.000194951848243, -9.06500717974e-05, -0.00053164199926, -0.00140927033499, 0.0079431636259, -0.00186563818716, -0.000342965213349, 0.000623529020231, -0.000940770318266, -3.15462489198e-06, 0.000242408437771, 0.000348050176399], [3.57680364687e-05, -2.02297833312e-05, -0.000475381413708, 0.000413304544054, -0.000872322416399, -0.00186563818716, 0.00811272580177, -0.00336993043311, 0.000384476967156, 0.000299015460769, -0.000676825409755, 0.000200786569621, -0.00100702478085], [6.72537862556e-05, -3.54552212229e-05, 0.000677675881889, -0.000556033628527, 0.00167738064192, -0.000342965213349, -0.00336993043311, 0.0113354325294, -0.0039350730367, 0.00226200558245, -0.000744379474781, -0.000346127693774, 0.00066539744148], [6.94425834808e-05, 0.000391251844121, -0.00031940889312, 0.00066822511144, -0.00175218633376, 0.000623529020231, 0.000384476967156, -0.0039350730367, 0.0132809923962, -0.00633717048913, 0.0033516578842, -0.000645886058919, -0.00030356037314], [4.81900606246e-05, -0.000252313620877, 0.000221957496251, -0.000907080247998, 0.000425344012911, -0.000940770318266, 0.000299015460769, 0.00226200558245, -0.00633717048913, 0.0148218143731, -0.00657243048772, 0.00375330611132, -0.000318873731885], [-1.72313484654e-05, 0.000423734105425, -7.81227063271e-05, 0.000437420792878, -5.00853166159e-05, -3.15462489198e-06, -0.000676825409755, -0.000744379474781, 0.0033516578842, -0.00657243048772, 0.0140021853149, -0.00615131203085, 0.00354599626735], [3.94485105062e-05, 7.54859138397e-05, -7.99598710728e-05, -0.000195730070118, -0.000773270905484, 0.000242408437771, 0.000200786569621, -0.000346127693774, -0.000645886058919, 0.00375330611132, -0.00615131203085, 0.0164489950985, -0.00579009437934], [1.42278395288e-05, -2.38731481659e-05, 0.000106221719761, -0.000362541468348, -0.000468491693027, 0.000348050176399, -0.00100702478085, 0.00066539744148, -0.00030356037314, -0.000318873731885, 0.00354599626735, -0.00579009437934, 0.0123180383816]], "mean": [-719.657836914, 119.623046875, -4.51474571228, 28.4204864502, 5.09192085266, 10.2242898941, 2.83857893944, 6.03457021713, -0.275741994381, 3.84072399139, 0.606908559799, -1.44053018093, 1.21633553505]}, "spectral_contrast_valleys": {"min": [-27.5372066498, -28.0543460846, -27.229265213, -27.0369510651, -27.3976917267, -27.2683258057], "max": [-5.7540307045, -5.05729150772, -5.18181276321, -5.22944164276, -5.07692193985, -7.2750210762], "dvar2": [0.307133406401, 0.24913726747, 0.24464969337, 0.271275401115, 0.269039005041, 0.310729295015], "median": [-7.69984579086, -7.42068576813, -7.91582107544, -8.27306556702, -8.05271720886, -10.9250402451], "dmean2": [0.661404311657, 0.558334350586, 0.500325202942, 0.445128321648, 0.379998296499, 0.407251864672], "dmean": [0.396521508694, 0.346357792616, 0.315156131983, 0.285445541143, 0.252504497766, 0.31306129694], "var": [0.772051393986, 1.16945230961, 1.42783975601, 1.6191688776, 2.13513994217, 2.45197081566], "dvar": [0.1352763623, 0.118956588209, 0.118226863444, 0.135279685259, 0.146684482694, 0.213510975242], "mean": [-7.82802867889, -7.58627080917, -8.04061412811, -8.34897422791, -8.23924541473, -11.193145752]}, "barkbands_flatness_db": {"min": 0.0164608284831, "max": 0.561938464642, "dvar2": 0.0014462597901, "median": 0.117130540311, "dmean2": 0.0347337983549, "dmean": 0.022418724373, "var": 0.00446784403175, "dvar": 0.000634893774986, "mean": 0.132901191711}, "dynamic_complexity": 6.05214357376, "erbbands_flatness_db": {"min": 0.0297845937312, "max": 0.37788194418, "dvar2": 0.000655130657833, "median": 0.158120542765, "dmean2": 0.0260934438556, "dmean": 0.0179584827274, "var": 0.0