{"lowlevel": {"spectral_complexity": {"min": 0, "max": 57, "dvar2": 45.9252700806, "median": 16, "dmean2": 5.95947599411, "dmean": 4.02731132507, "var": 136.780700684, "dvar": 25.3744754791, "mean": 17.4907665253}, "silence_rate_20dB": {"min": 1, "max": 1, "dvar2": 0, "median": 1, "dmean2": 0, "dmean": 0, "var": 0, "dvar": 0, "mean": 1}, "average_loudness": 0.585214912891, "erbbands_spread": {"min": 0.912396669388, "max": 114.737365723, "dvar2": 242.7943573, "median": 28.93268013, "dmean2": 13.3027687073, "dmean": 8.56567955017, "var": 318.326599121, "dvar": 108.717308044, "mean": 32.666721344}, "spectral_kurtosis": {"min": -1.25133252144, "max": 29.8835411072, "dvar2": 9.85527801514, "median": 3.02225351334, "dmean2": 2.41626477242, "dmean": 1.38981020451, "var": 4.86342763901, "dvar": 3.42005634308, "mean": 3.56106257439}, "barkbands_kurtosis": {"min": -1.93751454353, "max": 343.082733154, "dvar2": 93.8393859863, "median": -0.434640407562, "dmean2": 3.36972594261, "dmean": 2.00505542755, "var": 60.1388587952, "dvar": 39.1428070068, "mean": 1.19965875149}, "spectral_strongpeak": {"min": 0, "max": 19.562877655, "dvar2": 3.96076703072, "median": 0.416707754135, "dmean2": 1.29273355007, "dmean": 0.758237719536, "var": 3.24721479416, "dvar": 1.63542306423, "mean": 1.18331861496}, "spectral_spread": {"min": 1663946.125, "max": 43288192, "dvar2": 808151613440, "median": 3613372.25, "dmean2": 557042.25, "dmean": 366509.625, "var": 3831547035650.0, "dvar": 387428515840, "mean": 3975588.5}, "spectral_rms": {"min": 3.07739272433e-12, "max": 0.0126023655757, "dvar2": 2.96648954645e-06, "median": 0.0030540372245, "dmean2": 0.00117627403233, "dmean": 0.000795598491095, "var": 3.88127955375e-06, "dvar": 1.47279627072e-06, "mean": 0.00332512101158}, "erbbands": {"min": [1.32276537375e-22, 7.78000726559e-22, 3.84000141295e-21, 5.26281628613e-21, 9.18701927322e-21, 3.5431137703e-20, 9.14010730805e-20, 7.76495379013e-20, 1.5703717614e-19, 1.06989899185e-19, 2.58496474663e-19, 7.89976148251e-19, 9.42447610527e-19, 8.75683898734e-19, 8.18207305569e-19, 1.23203372021e-18, 1.37444103107e-18, 2.25474504372e-18, 3.63147467675e-18, 4.64581813778e-18, 4.26817916888e-18, 5.46729740796e-18, 6.79416087136e-18, 5.94940391156e-18, 7.62341067621e-18, 1.03465248215e-17, 1.28144487847e-17, 1.09632177467e-17, 1.26310826953e-17, 1.11830831807e-17, 1.20349369365e-17, 1.28929556695e-17, 8.87803852466e-18, 1.01346722861e-17, 5.48904853576e-18, 4.67106493085e-18, 2.55968951923e-18, 1.17627388871e-18, 2.92642619597e-19, 3.1506527588e-20], "max": [2.19755411148, 24.1339759827, 77.1022567749, 68.4872589111, 183.979721069, 417.745239258, 200.381225586, 159.837005615, 273.336669922, 334.636413574, 289.769104004, 486.094665527, 401.370025635, 483.592651367, 607.91217041, 3013.75048828, 1062.27307129, 935.501159668, 2518.94506836, 3001.36621094, 1046.55944824, 1605.0579834, 1267.28979492, 976.050415039, 459.350494385, 266.710327148, 329.330291748, 165.425354004, 207.108184814, 146.166046143, 137.835617065, 58.6124267578, 13.8517971039, 15.5946617126, 3.71291422844, 28.9540710449, 11.491900444, 0.456756591797, 0.0417756587267, 0.00238807499409], "dvar2": [0.0841097310185, 9.79484653473, 46.1824226379, 24.2646694183, 841.92401123, 4070.46826172, 808.776245117, 296.819000244, 1045.76257324, 607.73638916, 487.038238525, 675.316101074, 355.155609131, 536.227966309, 839.294006348, 4782.89599609, 3430.14013672, 3632.10571289, 8048.171875, 10513.5673828, 2879.34179688, 3123.90698242, 2645.90283203, 1663.68444824, 902.768371582, 648.536865234, 402.218414307, 234.084030151, 150.12387085, 129.113372803, 52.4901771545, 14.2623567581, 1.67115044594, 0.474660813808, 0.130122631788, 0.735711991787, 0.161203384399, 0.000904736923985, 7.6933292803e-06, 1.13585008066e-08], "median": [0.00917443819344, 0.116847775877, 0.285860806704, 0.425251066685, 0.909008741379, 1.0699467659, 0.586688280106, 0.763856768608, 2.02600431442, 2.79556059837, 2.79943156242, 3.20012879372, 3.40622544289, 3.95892071724, 5.43949747086, 5.84003639221, 7.17501497269, 8.73341274261, 12.1714048386, 12.8850297928, 10.0271444321, 11.9893379211, 13.0289096832, 11.855512619, 9.33694458008, 8.01809120178, 4.41994810104, 3.67895126343, 2.70008707047, 1.76487922668, 0.963389575481, 0.411579996347, 0.152247980237, 0.0418686494231, 0.0126217687503, 0.00523757049814, 0.00295655778609, 0.000680995930452, 5.85514681006e-05, 1.66795907717e-05], "dmean2": [0.118039503694, 1.21015799046, 2.35610198975, 1.99256837368, 8.33144950867, 16.6477622986, 6.97512722015, 5.21416759491, 11.4537420273, 11.4938879013, 9.33606910706, 10.689332962, 8.35855388641, 10.323964119, 13.9445228577, 21.0430870056, 24.3333644867, 25.654001236, 33.4195556641, 37.8881340027, 23.9371528625, 24.7198047638, 26.0688419342, 21.5299510956, 16.746509552, 15.1155424118, 10.5306272507, 8.61215782166, 5.91654157639, 5.09564304352, 3.22804069519, 1.63097190857, 0.562742829323, 0.270056962967, 0.14458784461, 0.135556206107, 0.05898681283, 0.00888335891068, 0.000795291154645, 3.57274002454e-05], "dmean": [0.0734543651342, 0.708558917046, 1.32809937, 1.14165592194, 4.8631978035, 9.75474452972, 3.98896384239, 3.20706319809, 7.01343727112, 7.2022228241, 5.84706878662, 6.70794773102, 5.28604459763, 6.58087873459, 8.97139167786, 13.849240303, 15.4482860565, 16.8060283661, 21.4906616211, 24.4657058716, 14.832942009, 15.4911766052, 16.3689441681, 13.733042717, 10.4405889511, 9.50358772278, 7.07387638092, 5.95002937317, 3.96704125404, 3.35014986992, 2.18221330643, 1.11522638798, 0.382057696581, 0.19975669682, 0.10299821198, 0.0983032211661, 0.0434207320213, 0.00625762343407, 0.000562143337447, 2.64115624304e-05], "var": [0.0458969399333, 3.49022054672, 12.4181680679, 6.63489770889, 242.531707764, 1239.61218262, 200.694290161, 113.850608826, 412.2940979, 500.619262695, 444.5418396, 630.533630371, 398.570892334, 615.864624023, 1277.31335449, 8623.04296875, 3465.8605957, 3870.11474609, 10964.9570312, 14297.2490234, 2903.28588867, 3054.63696289, 3041.35083008, 1581.91650391, 788.47467041, 536.024047852, 481.922729492, 344.576416016, 222.903518677, 155.52671814, 93.0395965576, 29.2500133514, 4.1032333374, 1.57418859005, 0.364392280579, 0.727530956268, 0.150961622596, 0.000900698592886, 6.96146707924e-06, 1.29245574243e-08], "dvar": [0.0370494313538, 3.71612429619, 16.5267601013, 8.69396209717, 324.815307617, 1614.3704834, 296.892944336, 121.026374817, 404.270050049, 248.378616333, 200.103530884, 274.432067871, 150.38822937, 234.675384521, 365.583465576, 2399.2890625, 1515.62841797, 1595.76635742, 3683.81811523, 4576.1484375, 1173.27697754, 1301.53259277, 1077.02758789, 739.558654785, 385.958343506, 273.853027344, 198.873626709, 118.196975708, 70.3009567261, 54.5386734009, 24.1365280151, 6.51059913635, 0.800491929054, 0.249174833298, 0.0668545365334, 0.384418427944, 0.0837553068995, 0.000440927833552, 3.71298847313e-06, 6.35548724759e-09], "mean": [0.0825134292245, 0.722052335739, 1.2904984951, 1.25199747086, 4.1969037056, 8.05275154114, 3.33956980705, 3.58554434776, 8.8032245636, 11.6485481262, 9.91111278534, 11.2934188843, 9.47393703461, 11.8678121567, 16.3545837402, 25.8235702515, 25.8067874908, 29.1367015839, 39.2401809692, 43.7897605896, 27.8108558655, 28.7912712097, 30.2120914459, 25.0029850006, 19.1818885803, 17.1579418182, 13.5088119507, 12.3983602524, 9.45548152924, 7.38087320328, 5.34595918655, 2.88723087311, 1.06647443771, 0.573934853077, 0.289540946484, 0.188994809985, 0.0778327286243, 0.0119059067219, 0.0010230652988, 5.51789780729e-05]}, "zerocrossingrate": {"min": 0.00341796875, "max": 0.52587890625, "dvar2": 0.0002321882057, "median": 0.0810546875, "dmean2": 0.0134958690032, "dmean": 0.0119121167809, "var": 0.00265837693587, "dvar": 0.00017786839453, "mean": 0.0939227417111}, "spectral_contrast_coeffs": {"min": [-0.967992663383, -0.979713857174, -0.98501932621, -0.981956660748, -0.976574540138, -0.963157892227], "max": [-0.305336534977, -0.399242281914, -0.450516223907, -0.429061233997, -0.543583154678, -0.561860561371], "dvar2": [0.00646887207404, 0.00347020174377, 0.00254022935405, 0.0019053806318, 0.00107913545799, 0.000888610258698], "median": [-0.69026863575, -0.757702946663, -0.773678183556, -0.756918728352, -0.781041800976, -0.703309476376], "dmean2": [0.0932554751635, 0.0736107379198, 0.063398912549, 0.0547002479434, 0.0393401458859, 0.0302123408765], "dmean": [0.0570465736091, 0.0454451628029, 0.039587020874, 0.0349895246327, 0.0251021757722, 0.0197552591562], "var": [0.00802228506655, 0.00642367871478, 0.00478141428903, 0.00468898098916, 0.0023614349775, 0.00223979516886], "dvar": [0.00272618769668, 0.00136360712349, 0.00107171502896, 0.000841399072669, 0.000480878952658, 0.000416481489083], "mean": [-0.68056845665, -0.749680221081, -0.76711499691, -0.751179099083, -0.776229500771, -0.705114006996]}, "dissonance": {"min": 0.311683982611, "max": 0.499999940395, "dvar2": 0.000537072890438, "median": 0.483063459396, "dmean2": 0.0220021363348, "dmean": 0.0130863599479, "var": 0.000373550312361, "dvar": 0.000200015754672, "mean": 0.477858155966}, "spectral_energyband_high": {"min": 7.13261120878e-21, "max": 0.0153550663963, "dvar2": 1.06274694645e-06, "median": 0.000330857932568, "dmean2": 0.000531996018253, "dmean": 0.000399166427087, "var": 2.89838862955e-06, "dvar": 6.24465940291e-07, "mean": 0.00111704249866}, "spectral_skewness": {"min": -0.0660337805748, "max": 3.49929499626, "dvar2": 0.127532288432, "median": 1.08975732327, "dmean2": 0.31874576211, "dmean": 0.191980049014, "var": 0.0947590172291, "dvar": 0.0465982444584, "mean": 1.12281608582}, "spectral_flux": {"min": 6.41020500569e-11, "max": 0.365880906582, "dvar2": 0.00293089123443, "median": 0.0573592893779, "dmean2": 0.0397236123681, "dmean": 0.0250246375799, "var": 0.00280165392905, "dvar": 0.00133088603616, "mean": 0.0707830786705}, "silence_rate_30dB": {"min": 1, "max": 1, "dvar2": 0, "median": 1, "dmean2": 0, "dmean": 0, "var": 0, "dvar": 0, "mean": 1}, "spectral_energyband_middle_high": {"min": 1.32243420363e-21, "max": 0.06404286623, "dvar2": 1.48066064867e-05, "median": 0.00346070644446, "dmean2": 0.00262938300148, "dmean": 0.00178236793727, "var": 3.89435881516e-05, "dvar": 6.93797437634e-06, "mean": 0.00542432256043}, "barkbands_spread": {"min": 0.692693352699, "max": 96.3881912231, "dvar2": 148.637176514, "median": 29.810125351, "dmean2": 11.9249362946, "dmean": 7.47075271606, "var": 196.142410278, "dvar": 58.7968444824, "mean": 31.3179073334}, "spectral_centroid": {"min": 193.812561035, "max": 11505.484375, "dvar2": 288240.96875, "median": 2176.02392578, "dmean2": 476.562194824, "dmean": 303.839813232, "var": 608946.375, "dvar": 126105.289062, "mean": 2210.77807617}, "pitch_salience": {"min": 0.0695250928402, "max": 0.86473596096, "dvar2": 0.0176574457437, "median": 0.560920417309, "dmean2": 0.130781933665, "dmean": 0.0795762389898, "var": 0.0159630384296, "dvar": 0.00662560202181, "mean": 0.553692519665}, "erbbands_skewness": {"min": -6.53745365143, "max": 3.69300723076, "dvar2": 0.318112820387, "median": -0.312891960144, "dmean2": 0.572474181652, "dmean": 0.36631450057, "var": 0.533400177956, "dvar": 0.133247494698, "mean": -0.326059907675}, "erbbands_crest": {"min": 2.45206332207, "max": 33.701839447, "dvar2": 15.6985740662, "median": 7.61859273911, "dmean2": 4.26322364807, "dmean": 2.63313531876, "var": 20.4006271362, "dvar": 6.68215990067, "mean": 8.85731697083}, "melbands": {"min": [1.74510685326e-24, 1.90499771748e-24, 7.7697730733e-25, 1.50041679439e-24, 3.09243769481e-24, 1.73506899267e-24, 2.01345366739e-24, 1.77099785982e-24, 2.5442533214e-24, 4.69655991874e-24, 3.32845698905e-24, 3.67588355905e-24, 2.17346818556e-24, 2.30758854173e-24, 3.18063687997e-24, 3.42752805798e-24, 3.34244862049e-24, 4.67111323809e-24, 4.36218071368e-24, 5.43944443268e-24, 5.10272033858e-24, 4.09237056257e-24, 4.90557887077e-24, 6.260135481e-24, 3.69978446676e-24, 5.6803582144e-24, 5.37658681246e-24, 6.16283382708e-24, 6.80138201997e-24, 7.27480269274e-24, 5.87996408368e-24, 5.77897529389e-24, 6.49070966284e-24, 5.1658331553e-24, 5.83546404559e-24, 7.42884829487e-24, 7.05348224376e-24, 5.0264524774e-24, 6.46800821814e-24, 7.83735439262e-24], "max": [0.0208081416786, 0.0333827100694, 0.0117385098711, 0.0265596266836, 0.00855633243918, 0.00370398093946, 0.00416444987059, 0.00313120125793, 0.00220486731268, 0.00288492278196, 0.00194787594955, 0.00211630365811, 0.00209786882624, 0.00557987112552, 0.00417508604005, 0.00176873710006, 0.00207899441011, 0.00337379006669, 0.00350177008659, 0.00285962806083, 0.00201474293135, 0.00259043835104, 0.00234564812854, 0.00132308446337, 0.00103213801049, 0.000451121653896, 0.000201761518838, 0.000182196119567, 0.000261808338109, 0.00020700643654, 0.000125186925288, 0.000143210039823, 0.000123351084767, 7.13001281838e-05, 7.83619689173e-05, 4.38986280642e-05, 3.00438605336e-05, 8.76835292729e-06, 2.34122471738e-05, 1.3115692127e-05], "dvar2": [8.76443846209e-06, 1.26252662085e-05, 8.74104671311e-07, 1.75855475391e-05, 1.36201742862e-06, 1.75043211925e-07, 2.15491567701e-07, 6.02095724389e-08, 3.28797185034e-08, 2.61451464922e-08, 9.20467080334e-09, 9.45325151491e-09, 1.24812702396e-08, 2.24962448669e-08, 1.92824174405e-08, 1.55433017568e-08, 1.6248057122e-08, 1.87706987731e-08, 2.21522213906e-08, 1.35990454453e-08, 5.39343236738e-09, 5.58654766891e-09, 4.91128382407e-09, 2.83546075508e-09, 1.40810330063e-09, 7.35109362271e-10, 3.07515846121e-10, 2.67921629327e-10, 1.71568703689e-10, 1.74951400589e-10, 1.16177054088e-10, 6.92921414691e-11, 5.79629330644e-11, 3.54728676988e-11, 2.23744026778e-11, 1.06648266607e-11, 4.09578274074e-12, 1.21471756265e-12, 9.24910213522e-13, 4.42238720687e-13], "median": [0.000113594935101, 0.000181061346666, 9.12835384952e-05, 8.67575436132e-05, 2.50107914326e-05, 1.60997115017e-05, 3.34961587214e-05, 2.84894995275e-05, 1.9364650143e-05, 1.82514359039e-05, 1.48318467836e-05, 1.4000263036e-05, 1.66192912729e-05, 1.15607308544e-05, 1.48506478581e-05, 1.24788102767e-05, 1.35098898681e-05, 1.65836827364e-05, 1.706439798e-05, 1.29884019771e-05, 9.95933351078e-06, 1.10408427645e-05, 1.05065646494e-05, 1.06465504359e-05, 8.42839108373e-06, 6.22775178272e-06, 6.41338829155e-06, 4.59282728116e-06, 2.45265346166e-06, 2.18222066906e-06, 2.00103249881e-06, 1.53194775976e-06, 1.18395428217e-06, 8.19769581994e-07, 6.14947680333e-07, 3.33785493467e-07, 1.95702298811e-07, 1.06298472247e-07, 5.97076734721e-08, 2.31405241635e-08], "dmean2": [0.00121924071573, 0.00131802668329, 0.00040497907321, 0.00110072444659, 0.000295274774544, 0.00012496963609, 0.000174313579919, 0.000117128700367, 7.74489162723e-05, 6.56408228679e-05, 4.21264921897e-05, 4.2163872422e-05, 5.14918247063e-05, 5.18587294209e-05, 5.44384711247e-05, 4.9644295359e-05, 5.28913151356e-05, 5.36868574272e-05, 5.29634526174e-05, 4.62400894321e-05, 2.9477308999e-05, 2.74061894743e-05, 2.99886287394e-05, 2.64484824584e-05, 1.83636748261e-05, 1.39186759043e-05, 1.15503980851e-05, 9.68881522567e-06, 6.6391303335e-06, 6.74310558679e-06, 5.63659432373e-06, 3.89038177673e-06, 3.52763049705e-06, 2.77792332781e-06, 2.21604250328e-06, 1.46997524553e-06, 8.63425555053e-07, 4.7239203127e-07, 3.6684667748e-07, 2.32806982581e-07], "dmean": [0.00073035096284, 0.000766838435084, 0.000236052437685, 0.000643102393951, 0.000171021602, 7.62837662478e-05, 0.00010842060874, 7.36785004847e-05, 4.84012525703e-05, 4.11960609199e-05, 2.65554117505e-05, 2.68241092272e-05, 3.27260568156e-05, 3.39658654411e-05, 3.53073482984e-05, 3.14581375278e-05, 3.43019855791e-05, 3.45444896084e-05, 3.39970429195e-05, 2.93490229524e-05, 1.81024806807e-05, 1.71554638655e-05, 1.8238552002e-05, 1.63511103892e-05, 1.15870170703e-05, 8.58877592691e-06, 7.2637762969e-06, 6.04311844654e-06, 4.36139907833e-06, 4.57338364868e-06, 3.75526110474e-06, 2.52980044024e-06, 2.29614215641e-06, 1.7922201323e-06, 1.46351885633e-06, 9.84417852123e-07, 5.81260451327e-07, 3.01796831081e-07, 2.55190514054e-07, 1.62485036981e-07], "var": [4.23769051849e-06, 4.09347421737e-06, 2.62176484966e-07, 5.11332382302e-06, 3.75619976012e-07, 6.36525854247e-08, 9.87995392165e-08, 4.84341420304e-08, 3.049572328e-08, 2.36461605851e-08, 1.02636041888e-08, 1.06125641608e-08, 1.58538995265e-08, 3.57850176158e-08, 3.00194074043e-08, 1.42979725837e-08, 1.61830904233e-08, 2.30147048086e-08, 3.01178211259e-08, 1.56771378101e-08, 4.73081129826e-09, 5.16693976493e-09, 4.99886798622e-09, 2.96634095065e-09, 1.19851295555e-09, 5.10919528907e-10, 3.04240826976e-10, 2.0998876249e-10, 1.88107224242e-10, 1.77906508969e-10, 1.32731159397e-10, 7.93014820477e-11, 6.53111661975e-11, 4.27232589584e-11, 3.40045804015e-11, 2.12209104455e-11, 7.25111594033e-12, 1.92101738163e-12, 1.9526071298e-12, 9.28873406143e-13], "dvar": [3.6759440718e-06, 4.65428365715e-06, 3.24665677454e-07, 6.84774704496e-06, 5.19117406839e-07, 6.98163304946e-08, 8.63644871174e-08, 2.44872495614e-08, 1.3537963639e-08, 1.06497122232e-08, 3.8887271181e-09, 4.12333722721e-09, 5.21872722814e-09, 1.11569642414e-08, 9.20306408858e-09, 6.63613253238e-09, 7.09549263789e-09, 8.50673842478e-09, 9.66988178419e-09, 5.84035175777e-09, 2.24398166715e-09, 2.38751618475e-09, 2.0048867011e-09, 1.14854037392e-09, 6.29296170729e-10, 2.97163016416e-10, 1.36076150348e-10, 1.10003062215e-10, 8.18922221701e-11, 8.17299977696e-11, 5.50779526154e-11, 3.03334232732e-11, 2.45238898633e-11, 1.48164917835e-11, 1.01124872365e-11, 4.68041187404e-12, 1.83836951738e-12, 5.24261135806e-13, 4.33196095098e-13, 1.94038443082e-13], "mean": [0.000817929103505, 0.000804227252956, 0.000259359891061, 0.000526797375642, 0.000147751328768, 8.37647239678e-05, 0.000143559402204, 0.000118229050713, 8.13016595202e-05, 6.81673700456e-05, 4.5751556172e-05, 4.62591815449e-05, 5.5429769418e-05, 6.01015817665e-05, 6.16244942648e-05, 5.0724735047e-05, 5.4776257457e-05, 5.89266855968e-05, 6.15356548224e-05, 4.87333090859e-05, 3.07952941512e-05, 2.97449751088e-05, 2.97975984722e-05, 2.7073911042e-05, 1.94267377083e-05, 1.41194614116e-05, 1.30764274218e-05, 1.04110631582e-05, 7.87181852502e-06, 8.10115761851e-06, 7.19015315553e-06, 5.53005656911e-06, 4.70018949272e-06, 3.79948664886e-06, 3.25814971802e-06, 2.43466615757e-06, 1.40788972658e-06, 7.29810324174e-07, 6.25642883278e-07, 4.30766277759e-07]}, "spectral_entropy": {"min": 5.26123905182, "max": 9.81282138824, "dvar2": 0.0329649597406, "median": 7.74554681778, "dmean2": 0.180700495839, "dmean": 0.122962884605, "var": 0.135148718953, "dvar": 0.0172673966736, "mean": 7.7554769516}, "spectral_rolloff": {"min": 64.599609375, "max": 19379.8828125, "dvar2": 1670832.75, "median": 2454.78515625, "dmean2": 1064.54943848, "dmean": 658.106201172, "var": 3665478.5, "dvar": 752178, "mean": 2798.34350586}, "barkbands": {"min": [5.93261413961e-25, 3.91805084075e-24, 3.41001968462e-24, 1.66784108304e-24, 1.24710839068e-23, 7.10916399075e-24, 6.10481665737e-24, 8.31205223119e-24, 2.68216872961e-23, 3.41180069589e-23, 1.77065399535e-23, 2.67460229135e-23, 3.61187854064e-23, 3.69104767446e-23, 5.13006533411e-23, 6.6785582703e-23, 6.40533282478e-23, 1.37441973339e-22, 1.53252235249e-22, 2.02895693777e-22, 3.31335741824e-22, 3.90964437607e-22, 3.89413473958e-22, 6.23097070958e-22, 8.83738884988e-22, 1.30584384033e-21, 2.15537599991e-21], "max": [0.00274581694975, 0.0926418825984, 0.0721560269594, 0.0146895572543, 0.0971063449979, 0.0214324146509, 0.0199562627822, 0.0111273759976, 0.0150954732671, 0.0124088292941, 0.0130856884643, 0.0580976456404, 0.0198019891977, 0.0191104449332, 0.0471631735563, 0.0206135287881, 0.0453021787107, 0.0277466196567, 0.01390340738, 0.00462796771899, 0.00577191077173, 0.00522703398019, 0.00313336704858, 0.00173319911119, 0.00117290357593, 0.00632806262001, 0.000233598562772], "dvar2": [4.0162682069e-08, 0.000146467442391, 3.22712839989e-05, 2.08255369216e-06, 0.000228488323046, 6.16004626863e-06, 4.27959457738e-06, 1.00001216197e-06, 1.05687968244e-06, 4.54944256489e-07, 5.87503336646e-07, 2.14788451558e-06, 1.484259883e-06, 1.64356072219e-06, 4.28237171946e-06, 1.52627728767e-06, 1.62109301982e-06, 1.11553333682e-06, 4.12879131773e-07, 1.98646716854e-07, 1.95638591549e-07, 1.30560763978e-07, 4.96555934149e-08, 1.55118744516e-08, 2.54930787591e-09, 3.40004895349e-08, 3.1516766974e-10], "median": [2.63183810603e-05, 0.000473144697025, 0.000204588286579, 0.000109516455268, 0.000346786371665, 7.9711782746e-05, 0.000179468421265, 9.23969855648e-05, 0.00012249473366, 9.58372402238e-05, 0.000104792808997, 0.000101106204966, 0.000121592856885, 0.000142114877235, 0.000235699291807, 0.000163548247656, 0.000205294883926, 0.000232155594858, 0.000191095095943, 0.000160594107001, 0.000101294375781, 7.4481642514e-05, 3.58849647455e-05, 1.36442868097e-05, 2.40325766754e-06, 1.53350515575e-06, 2.87001938659e-07], "dmean2": [8.82813619683e-05, 0.00486232247204, 0.00195166992489, 0.00057458417723, 0.00405305391178, 0.0007025130908, 0.000860468135215, 0.000452654145192, 0.000448101316579, 0.000297257152852, 0.000358276214683, 0.000477131921798, 0.000512531551067, 0.000547886476852, 0.0007685344317, 0.000538676104043, 0.000511093821842, 0.000534367456567, 0.000358588149538, 0.00028666711296, 0.000246727984631, 0.000175241890247, 0.000106976658572, 5.37117593922e-05, 2.0040635718e-05, 2.89486342808e-05, 5.13521854373e-06], "dmean": [6.26663604635e-05, 0.00289570656605, 0.00108205934521, 0.000330476730596, 0.00240020290948, 0.000421653094236, 0.000533595273737, 0.000281322660157, 0.000281068379991, 0.000188853329746, 0.000225735988352, 0.000311078707455, 0.000324069842463, 0.000351627648342, 0.000494165346026, 0.000335026881658, 0.000315047422191, 0.000331612012815, 0.000224497358431, 0.000182045230758, 0.00017091652262, 0.000118883777759, 7.27610022295e-05, 3.63336330338e-05, 1.5011675714e-05, 2.18903078348e-05, 3.58332317774e-06], "var": [4.78925095138e-08, 6.24294989393e-05, 7.78720823291e-06, 6.13304393937e-07, 7.32193875592e-05, 1.98527936845e-06, 2.33644300351e-06, 7.66455855228e-07, 1.03448815025e-06, 5.01143745169e-07, 7.39874622013e-07, 3.71236342289e-06, 1.51895005729e-06, 1.67859923295e-06, 6.00849080001e-06, 1.45934325246e-06, 1.41923590036e-06, 1.22253072732e-06, 3.7965733668e-07, 1.90730133909e-07, 2.71831595455e-07, 1.84265317671e-07, 1.06584877813e-07, 3.16781409992e-08, 9.63318846914e-09, 3.756606759e-08, 2.56912796592e-10], "dvar": [2.49445033518e-08, 5.84017507208e-05, 1.13302621685e-05, 7.46342152524e-07, 9.20811362448e-05, 2.39308860728e-06, 1.72685020061e-06, 4.02516633358e-07, 4.25958717187e-07, 1.93344263266e-07, 2.4967962986e-07, 1.0408136859e-06, 6.55748635836e-07, 7.07439028247e-07, 1.92355082618e-06, 6.40924099571e-07, 6.88283648742e-07, 4.54155951957e-07, 1.80995400001e-07, 8.54535713302e-08, 1.00133377146e-07, 6.09170811572e-08, 2.35385577696e-08, 7.13885217607e-09, 1.40203815224e-09, 1.86789659296e-08, 1.49664627913e-10], "mean": [9.52414193307e-05, 0.00314040319063, 0.000989335821941, 0.000365331245121, 0.0020594263915, 0.000430893123848, 0.000761313014664, 0.000423630117439, 0.000473843509099, 0.000314875709591, 0.000370530498913, 0.000559409207199, 0.000508120050654, 0.000574881094508, 0.00086755870143, 0.000550497614313, 0.000534268270712, 0.000571057666093, 0.000403014506446, 0.000336882803822, 0.000336668948876, 0.0002681146143, 0.000187275363714, 9.53052513069e-05, 4.54986693512e-05, 4.15530048485e-05, 6.13328029431e-06]}, "melbands_flatness_db": {"min": 0.00299718766473, "max": 0.50760191679, "dvar2": 0.00226910202764, "median": 0.140989258885, "dmean2": 0.0436489246786, "dmean": 0.0277789440006, "var": 0.00460722623393, "dvar": 0.000987128936686, "mean": 0.145612955093}, "melbands_skewness": {"min": -4.28841209412, "max": 17.6029853821, "dvar2": 2.89978075027, "median": 1.21640706062, "dmean2": 1.33844280243, "dmean": 0.851051092148, "var": 3.31418657303, "dvar": 1.22835040092, "mean": 1.69448316097}, "barkbands_skewness": {"min": -6.22581863403, "max": 17.4107456207, "dvar2": 1.31028103828, "median": 0.267725497484, "dmean2": 0.943022251129, "dmean": 0.59885185957, "var": 1.66394340992, "dvar": 0.549509704113, "mean": 0.486403375864}, "silence_rate_60dB": {"min": 0, "max": 1, "dvar2": 0.112657539546, "median": 0, "dmean2": 0.112840034068, "dmean": 0.0564136989415, "var": 0.157568454742, "dvar": 0.0532265044749, "mean": 0.195970907807}, "spectral_energyband_low": {"min": 4.07337100544e-23, "max": 0.125310778618, "dvar2": 0.000210280442843, "median": 0.00101066497155, "dmean2": 0.00604485860094, "dmean": 0.00365495611914, "var": 9.71622866928e-05, "dvar": 8.3700477262e-05, "mean": 0.00440030451864}, "spectral_energyband_middle_low": {"min": 1.40818992211e-22, "max": 0.113615423441, "dvar2": 0.000310010858811, "median": 0.00196862802841, "dmean2": 0.00574677437544, "dmean": 0.00351177109405, "var": 0.000125816266518, "dvar": 0.000133590889163, "mean": 0.00460656685755}, "melbands_kurtosis": {"min": -1.88085794449, "max": 553.715759277, "dvar2": 596.942993164, "median": 1.16663312912, "dmean2": 10.2267742157, "dmean": 6.11557006836, "var": 372.42855835, "dvar": 237.490066528, "mean": 6.86747455597}, "spectral_decrease": {"min": -4.20040535687e-08, "max": 7.68873423702e-29, "dvar2": 3.47385648636e-17, "median": -2.16245243934e-09, "dmean2": 3.05969849457e-09, "dmean": 1.9361734438e-09, "var": 2.01405194636e-17, "dvar": 1.50105504453e-17, "mean": -3.58368601461e-09}, "erbbands_kurtosis": {"min": -1.7534070015, "max": 71.2420196533, "dvar2": 7.88397836685, "median": 0.177362203598, "dmean2": 1.76496136189, "dmean": 1.10169458389, "var": 9.62735462189, "dvar": 3.40626168251, "mean": 0.873942732811}, "melbands_crest": {"min": 1.57632660866, "max": 33.0353546143, "dvar2": 38.033039093, "median": 11.3411617279, "dmean2": 6.52180147171, "dmean": 3.92772245407, "var": 33.6484069824, "dvar": 14.9922609329, "mean": 12.5533866882}, "gfcc": {"cov": [[13948.9609375, -278.149047852, -597.706665039, 52.6787414551, -674.502685547, 5.70291376114, -507.820404053, 39.3783912659, -239.886703491, 131.965209961, -227.738754272, 15.936753273, -83.5791091919], [-278.149047852, 1954.35083008, -173.794219971, 164.850326538, 369.301971436, 21.4450969696, 361.408538818, 8.53158187866, 275.074523926, -116.683441162, 128.043716431, -133.439834595, -10.2198009491], [-597.706665039, -173.794219971, 915.755004883, 194.482070923, -22.2721118927, -33.360004425, -44.5576934814, -27.3272247314, -104.323493958, 17.8360671997, -45.2263679504, 69.3504486084, -1.58534121513], [52.6787414551, 164.850326538, 194.482070923, 410.16506958, 201.273193359, 21.4194412231, 51.5252952576, 14.8394794464, 64.2514724731, -26.8583106995, -13.3823413849, 8.64968967438, 13.6428871155], [-674.502685547, 369.301971436, -22.2721118927, 201.273193359, 427.835662842, 133.692947388, 184.909515381, 20.2948532104, 127.033607483, -22.447309494, 23.7065658569, -18.9506111145, 3.87999272346], [5.70291376114, 21.4450969696, -33.360004425, 21.4194412231, 133.692947388, 267.33895874, 141.255767822, 42.2378005981, 5.0965514183, 23.917383194, 24.6301422119, -15.7682085037, -8.8344373703], [-507.820404053, 361.408538818, -44.5576934814, 51.5252952576, 184.909515381, 141.255767822, 316.402923584, 42.3081550598, 79.1772689819, -14.2792062759, 50.6596794128, -19.1351623535, -32.5733222961], [39.3783912659, 8.53158187866, -27.3272247314, 14.8394794464, 20.2948532104, 42.2378005981, 42.3081550598, 127.156799316, 71.3226776123, 21.8828372955, 3.29085183144, -15.085354805, 3.49203920364], [-239.886703491, 275.074523926, -104.323493958, 64.2514724731, 127.033607483, 5.0965514183, 79.1772689819, 71.3226776123, 196.800735474, 22.7878189087, 16.2464408875, -36.2769317627, 0.485845088959], [131.965209961, -116.683441162, 17.8360671997, -26.8583106995, -22.447309494, 23.917383194, -14.2792062759, 21.8828372955, 22.7878189087, 96.6936798096, 26.3621807098, 4.23547124863, -13.1389732361], [-227.738754272, 128.043716431, -45.2263679504, -13.3823413849, 23.7065658569, 24.6301422119, 50.6596794128, 3.29085183144, 16.2464408875, 26.3621807098, 97.6514663696, 19.2314510345, -1.52289736271], [15.936753273, -133.439834595, 69.3504486084, 8.64968967438, -18.9506111145, -15.7682085037, -19.1351623535, -15.085354805, -36.2769317627, 4.23547124863, 19.2314510345, 88.5394592285, 29.0166931152], [-83.5791091919, -10.2198009491, -1.58534121513, 13.6428871155, 3.87999272346, -8.8344373703, -32.5733222961, 3.49203920364, 0.485845088959, -13.1389732361, -1.52289736271, 29.0166931152, 78.2884674072]], "icov": [[0.000125225546071, -0.000185683587915, 0.00022450266988, -0.000259963097051, 0.000283067318378, -0.000221944254008, 0.000242801746936, -0.000177982336027, 0.000313068623655, -0.000495691492688, 0.000659727491438, -0.000514900195412, 0.00034772552317], [-0.000185683587915, 0.00151993182953, -0.000545898277778, 0.000369276211131, -0.000606940069702, 0.000773207226302, -0.0012020788854, 0.00106273696292, -0.00180489453487, 0.00251064123586, -0.0030420452822, 0.00283330492675, -0.00118219282012], [0.00022450266988, -0.000545898277778, 0.00199866807088, -0.00141877459828, 0.000598530983552, -8.44001988298e-05, 0.000251995254075, -0.000648183282465, 0.00196325522847, -0.00228815549053, 0.00247573852539, -0.00218916451558, 0.00101404660381], [-0.000259963097051, 0.000369276211131, -0.00141877459828, 0.00452486565337, -0.00246169231832, 0.000610770832282, 1.49473889905e-05, 2.76461214526e-05, -0.00154305866454, 0.00214220467024, -0.00114711164497, 0.000616925186478, -0.000732541142497], [0.000283067318378, -0.000606940069702, 0.000598530983552, -0.00246169231832, 0.00610120501369, -0.00285814958625, -0.000612231204286, 0.00160439941101, -0.00233060750179, -1.17726631288e-05, 0.0016288269544, -0.00168988923542, 0.000383383885492], [-0.000221944254008, 0.000773207226302, -8.44001988298e-05, 0.000610770832282, -0.00285814958625, 0.00754405232146, -0.00343956216238, -0.00188266171608, 0.00308081880212, -0.0019442171324, -0.00151606474537, 0.00328151904978, -0.00218947208486], [0.000242801746936, -0.0012020788854, 0.000251995254075, 1.49473889905e-05, -0.000612231204286, -0.00343956216238, 0.00754640623927, -0.00158234126866, -0.000595279678237, 0.00126124825329, -0.000141952637932, -0.0031288403552, 0.00432966509834], [-0.000177982336027, 0.00106273696292, -0.000648183282465, 2.76461214526e-05, 0.00160439941101, -0.00188266171608, -0.00158234126866, 0.012449494563, -0.00650469725952, 0.000914703181479, -0.00125496485271, 0.0022199107334, -0.00222817086615], [0.000313068623655, -0.00180489453487, 0.00196325522847, -0.00154305866454, -0.00233060750179, 0.00308081880212, -0.000595279678237, -0.00650469725952, 0.0141632435843, -0.00776125350967, 0.00381453474984, 0.000144923775224, -0.000457067450043], [-0.000495691492688, 0.00251064123586, -0.00228815549053, 0.00214220467024, -1.17726631288e-05, -0.0019442171324, 0.00126124825329, 0.000914703181479, -0.00776125350967, 0.0202255062759, -0.0101399691775, 0.00300925876945, 0.00177403143607], [0.000659727491438, -0.0030420452822, 0.00247573852539, -0.00114711164497, 0.0016288269544, -0.00151606474537, -0.000141952637932, -0.00125496485271, 0.00381453474984, -0.0101399691775, 0.0209953729063, -0.0101035619155, 0.00273008202203], [-0.000514900195412, 0.00283330492675, -0.00218916451558, 0.000616925186478, -0.00168988923542, 0.00328151904978, -0.0031288403552, 0.0022199107334, 0.000144923775224, 0.00300925876945, -0.0101035619155, 0.022383434698, -0.00926700606942], [0.00034772552317, -0.00118219282012, 0.00101404660381, -0.000732541142497, 0.000383383885492, -0.00218947208486, 0.00432966509834, -0.00222817086615, -0.000457067450043, 0.00177403143607, 0.00273008202203, -0.00926700606942, 0.018561495468]], "mean": [-42.0969009399, 64.4335250854, -142.796905518, 44.3426704407, -49.1872138977, 10.8179416656, -25.4996051788, 1.74675822258, -14.2281007767, 0.709368288517, -15.317489624, -0.292821377516, -17.0862865448]}, "melbands_spread": {"min": 0.495254009962, "max": 212.363433838, "dvar2": 498.264801025, "median": 42.4667778015, "dmean2": 20.7449111938, "dmean": 13.0363273621, "var": 827.476013184, "dvar": 211.810760498, "mean": 47.2035255432}, "spectral_energy": {"min": 9.7071042366e-21, "max": 0.162790104747, "dvar2": 0.000526376417838, "median": 0.00956032238901, "dmean2": 0.0120682222769, "dmean": 0.00773318484426, "var": 0.000331626157276, "dvar": 0.000230135367019, "mean": 0.0153111470863}, "mfcc": {"cov": [[10219.9082031, 57.3359909058, -268.519348145, -49.6948318481, -188.075042725, -143.700057983, -266.86541748, -158.618057251, -101.606910706, -115.826255798, -2.6845972538, -41.213684082, -87.0613479614], [57.3359909058, 1523.71899414, -191.46585083, 205.161575317, 30.1266746521, 131.402740479, 87.1253128052, 162.459365845, 68.9558258057, 135.805236816, 75.1634063721, 80.2664108276, 37.5515899658], [-268.519348145, -191.46585083, 716.264343262, 131.494354248, 21.4629478455, -30.0480232239, 8.63904571533, -62.3312988281, -52.8631973267, -69.1731719971, -62.1315345764, -47.9245223999, -6.97256708145], [-49.6948318481, 205.161575317, 131.494354248, 431.003967285, 148.441055298, 75.0122756958, -13.9580764771, 71.1661758423, 40.3656311035, 28.1580600739, -30.6452388763, 10.843038559, 15.583647728], [-188.075042725, 30.1266746521, 21.4629478455, 148.441055298, 248.997116089, 83.6689605713, 6.03277015686, 35.5292243958, 66.6082839966, 25.6707115173, -3.60641598701, 12.2879686356, 16.4318885803], [-143.700057983, 131.402740479, -30.0480232239, 75.0122756958, 83.6689605713, 237.834869385, 136.802932739, 87.8207855225, 37.8540382385, 56.7602043152, 25.8627719879, 26.0747795105, 1.82377123833], [-266.86541748, 87.1253128052, 8.63904571533, -13.9580764771, 6.03277015686, 136.802932739, 208.701599121, 91.3544464111, 11.9628400803, 28.2545032501, 41.5557899475, 16.6259326935, -0.354620039463], [-158.618057251, 162.459365845, -62.3312988281, 71.1661758423, 35.5292243958, 87.8207855225, 91.3544464111, 154.652191162, 73.9956436157, 49.0073928833, 24.3474998474, 34.9173736572, 16.228635788], [-101.606910706, 68.9558258057, -52.8631973267, 40.3656311035, 66.6082839966, 37.8540382385, 11.9628400803, 73.9956436157, 133.543273926, 73.0277938843, 21.0772953033, 19.6400356293, 16.8596363068], [-115.826255798, 135.805236816, -69.1731719971, 28.1580600739, 25.6707115173, 56.7602043152, 28.2545032501, 49.0073928833, 73.0277938843, 136.199371338, 66.2397689819, 22.7554740906, 7.79971170425], [-2.6845972538, 75.1634063721, -62.1315345764, -30.6452388763, -3.60641598701, 25.8627719879, 41.5557899475, 24.3474998474, 21.0772953033, 66.2397689819, 114.973091125, 50.3297805786, 3.52205944061], [-41.213684082, 80.2664108276, -47.9245223999, 10.843038559, 12.2879686356, 26.0747795105, 16.6259326935, 34.9173736572, 19.6400356293, 22.7554740906, 50.3297805786, 103.40537262, 47.0167236328], [-87.0613479614, 37.5515899658, -6.97256708145, 15.583647728, 16.4318885803, 1.82377123833, -0.354620039463, 16.228635788, 16.8596363068, 7.79971170425, 3.52205944061, 47.0167236328, 84.1121749878]], "icov": [[0.000107413252408, -1.43692823258e-05, 4.48539904028e-05, -4.01157412853e-05, 0.000107386731543, -9.56721487455e-05, 0.000177339330548, 5.54466205358e-05, -4.81247880089e-05, 0.00018475962861, -0.000148015227751, 5.19934001204e-05, 6.9538858952e-05], [-1.43692823258e-05, 0.000854860933032, 0.000200000198674, -0.000434860732639, 0.000200812137336, -2.36899759329e-05, -9.33837436605e-05, -0.000511950755026, 0.000357762939529, -0.000641466467641, -5.20900266565e-06, -0.000229012614, -0.000123707010061], [4.48539904028e-05, 0.000200000198674, 0.00188354274724, -0.00105432316195, 0.000144929406815, 0.000502283277456, -0.00121936108917, 0.00131210393738, -0.000157205940923, 0.000458326365333, 0.000285259884549, 0.00033624007483, -0.000199775065994], [-4.01157412853e-05, -0.000434860732639, -0.00105432316195, 0.00425621448085, -0.00209563993849, -0.000764070369769, 0.00209082150832, -0.0028325591702, 0.00158778205514, -0.00116170267574, 0.0013063957449, -0.00030815723585, 0.000164972327184], [0.000107386731543, 0.000200812137336, 0.000144929406815, -0.00209563993849, 0.00678552221507, -0.00266786338761, 0.000813265505712, 0.00177398044616, -0.0039225127548, 0.00203414401039, -0.00112922128756, 0.000540232285857, -0.000841898960061], [-9.56721487455e-05, -2.36899759329e-05, 0.000502283277456, -0.000764070369769, -0.00266786338761, 0.00976020283997, -0.00638461578637, -0.00024849010515, 0.00131252477877, -0.00367994676344, 0.00307064130902, -0.00247369403951, 0.00175764691085], [0.000177339330548, -9.33837436605e-05, -0.00121936108917, 0.00209082150832, 0.000813265505712, -0.00638461578637, 0.0126800332218, -0.00687898835167, 0.00246832286939, 0.0020102658309, -0.00456628669053, 0.00293829687871, -0.00103535177186], [5.54466205358e-05, -0.000511950755026, 0.00131210393738, -0.0028325591702, 0.00177398044616, -0.00024849010515, -0.00687898835167, 0.0166471973062, -0.00824697688222, 0.0011894031195, 0.00147434079554, -0.00296920677647, 0.000478152564028], [-4.81247880089e-05, 0.000357762939529, -0.000157205940923, 0.00158778205514, -0.0039225127548, 0.00131252477877, 0.00246832286939, -0.00824697688222, 0.0169583857059, -0.00829954165965, 0.00230731861666, -0.00016077994951, -0.000813630409539], [0.00018475962861, -0.000641466467641, 0.000458326365333, -0.00116170267574, 0.00203414401039, -0.00367994676344, 0.0020102658309, 0.0011894031195, -0.00829954165965, 0.0177399143577, -0.0102767832577, 0.00435761222616, -0.00179467885755], [-0.000148015227751, -5.20900266565e-06, 0.000285259884549, 0.0013063957449, -0.00112922128756, 0.00307064130902, -0.00456628669053, 0.00147434079554, 0.00230731861666, -0.0102767832577, 0.0197787322104, -0.0105618285015, 0.00504713086411], [5.19934001204e-05, -0.000229012614, 0.00033624007483, -0.00030815723585, 0.000540232285857, -0.00247369403951, 0.00293829687871, -0.00296920677647, -0.00016077994951, 0.00435761222616, -0.0105618285015, 0.0200782958418, -0.010378498584], [6.9538858952e-05, -0.000123707010061, -0.000199775065994, 0.000164972327184, -0.000841898960061, 0.00175764691085, -0.00103535177186, 0.000478152564028, -0.000813630409539, -0.00179467885755, 0.00504713086411, -0.010378498584, 0.017918208614]], "mean": [-672.427368164, 88.4078216553, -25.6840667725, 32.6085128784, -2.17471933365, 15.2405338287, -4.15604925156, 9.0773973465, -2.20310354233, 7.5767993927, 0.778279542923, 1.78997826576, -1.13441693783]}, "spectral_contrast_valleys": {"min": [-28.1431159973, -27.9002342224, -27.4962806702, -27.6600589752, -27.3839149475, -27.321308136], "max": [-5.37483358383, -4.67965841293, -5.58363246918, -5.98197984695, -5.63067483902, -8.18926143646], "dvar2": [0.436750769615, 0.522096812725, 0.320772945881, 0.323399364948, 0.41271007061, 0.22382299602], "median": [-7.84699058533, -7.44241666794, -7.7335100174, -7.75304269791, -7.39523887634, -10.7893972397], "dmean2": [0.74962502718, 0.676495850086, 0.577738940716, 0.516470134258, 0.46276807785, 0.310518234968], "dmean": [0.486692875624, 0.428469240665, 0.367070823908, 0.328195095062, 0.308716326952, 0.2608974576], "var": [2.17210388184, 2.10020780563, 1.92217838764, 1.88910341263, 1.9291434288, 2.26091909409], "dvar": [0.222955614328, 0.243380934, 0.157515212893, 0.155513912439, 0.201786756516, 0.150027289987], "mean": [-8.1227645874, -7.63961791992, -7.94990301132, -7.98468875885, -7.55110502243, -10.6940584183]}, "barkbands_flatness_db": {"min": 0.0202214233577, "max": 0.391179710627, "dvar2": 0.00125754566398, "median": 0.100918650627, "dmean2": 0.0333000272512, "dmean": 0.0209578555077, "var": 0.00211459817365, "dvar": 0.000523995200638, "mean": 0.106168940663}, "dynamic_complexity": 4.84771776199, "erbbands_flatness_db": {"min": 0.0332108810544, "max": 0.436751008034, "dvar2": 0.000624113774393, "median": 0.164187714458, "dmean2": 0.0259527992457, "dmean": 0.017976205796, "var": 0.00225634919479, "dvar": 0.0003458650026, "mean": 0.16893298924}, "hfc": {"min": 1.07326108761e-16, "max": 179.145080566, "dvar2": 171.040908813, "median":