{"lowlevel": {"spectral_complexity": {"min": 0, "max": 59, "dvar2": 28.846780777, "median": 20, "dmean2": 4.9115986824, "dmean": 3.27619719505, "var": 183.941589355, "dvar": 14.9017095566, "mean": 20.0850906372}, "silence_rate_20dB": {"min": 1, "max": 1, "dvar2": 0, "median": 1, "dmean2": 0, "dmean": 0, "var": 0, "dvar": 0, "mean": 1}, "average_loudness": 0.946615517139, "erbbands_spread": {"min": 1.54594004154, "max": 210.299041748, "dvar2": 345.186096191, "median": 45.3276519775, "dmean2": 14.5530557632, "dmean": 9.70236492157, "var": 656.790466309, "dvar": 158.639862061, "mean": 45.9174728394}, "spectral_kurtosis": {"min": -1.43206262589, "max": 120.221664429, "dvar2": 81.0078430176, "median": 3.05679750443, "dmean2": 3.82906746864, "dmean": 2.50531148911, "var": 228.866027832, "dvar": 38.1784477234, "mean": 7.84430837631}, "barkbands_kurtosis": {"min": -1.96980178356, "max": 1082.51782227, "dvar2": 4071.22485352, "median": 4.04111146927, "dmean2": 17.0139541626, "dmean": 10.4696025848, "var": 2178.79980469, "dvar": 1536.51647949, "mean": 15.975933075}, "spectral_strongpeak": {"min": 0, "max": 17.4653072357, "dvar2": 2.52576184273, "median": 0.388150274754, "dmean2": 0.694627940655, "dmean": 0.396182596684, "var": 1.30459535122, "dvar": 0.997242391109, "mean": 0.637842595577}, "spectral_spread": {"min": 765356.1875, "max": 17400134, "dvar2": 1592677629950.0, "median": 4832351.5, "dmean2": 874877.125, "dmean": 622773.3125, "var": 3831679680510.0, "dvar": 795686404096, "mean": 5077149}, "spectral_rms": {"min": 1.24252221667e-06, "max": 0.0136088980362, "dvar2": 4.01237139158e-06, "median": 0.00601352984086, "dmean2": 0.00157587125432, "dmean": 0.000984385842457, "var": 4.63370088255e-06, "dvar": 1.6611047613e-06, "mean": 0.0058673908934}, "erbbands": {"min": [5.5404361099e-09, 3.31888188043e-08, 1.64943642744e-07, 4.03628376944e-07, 6.38678784526e-07, 9.32964042022e-07, 9.51633353452e-07, 1.21803520869e-06, 9.2298915888e-07, 5.65121297313e-07, 2.76567163837e-07, 5.4218077139e-08, 2.89842834178e-08, 2.66897245638e-07, 8.51449613037e-07, 1.00341981124e-06, 4.39829932475e-07, 1.92731008042e-07, 2.20204000811e-07, 1.71950233607e-07, 3.87727624229e-07, 2.35009196103e-07, 3.1073417972e-07, 2.07870471058e-06, 8.31611089325e-07, 6.23142909717e-07, 1.13369833343e-06, 7.61037938446e-07, 5.13138786573e-07, 5.72364172058e-07, 6.48445734441e-07, 4.94792175232e-07, 5.95998187691e-07, 3.18065815463e-07, 1.36101448334e-07, 1.14287033171e-07, 9.82311902931e-08, 1.50012837707e-07, 3.12593009255e-08, 1.58691215724e-09], "max": [4.38818216324, 43.219039917, 83.841545105, 159.299545288, 275.769042969, 195.158782959, 194.782943726, 208.993560791, 301.764160156, 363.858978271, 617.172607422, 735.327514648, 694.375915527, 876.115234375, 905.630004883, 1022.08190918, 957.630004883, 858.022155762, 1798.12353516, 2339.88452148, 686.686401367, 351.334655762, 1744.65185547, 354.910614014, 899.638366699, 322.572387695, 497.700622559, 204.072097778, 178.283355713, 180.795822144, 220.306533813, 213.84475708, 135.887115479, 126.430732727, 96.9292755127, 28.7535095215, 8.46775150299, 1.13529217243, 0.194357454777, 0.0105140274391], "dvar2": [0.546496987343, 72.1521530151, 141.724655151, 202.539016724, 603.25958252, 392.701263428, 376.097473145, 217.194458008, 742.471008301, 884.826599121, 1663.86450195, 1460.7545166, 1407.96472168, 3612.56738281, 2509.12768555, 3560.42675781, 2028.57580566, 2118.02685547, 5125.98535156, 10805.0341797, 1555.26977539, 597.889770508, 1114.92419434, 643.370727539, 1381.3548584, 394.450164795, 341.707183838, 233.976882935, 176.215576172, 128.864059448, 117.99016571, 84.4280853271, 39.1618537903, 20.5179214478, 4.38152694702, 0.613292276859, 0.0764925181866, 0.00977993570268, 0.000292775046546, 8.21028038445e-07], "median": [0.227749571204, 2.19426178932, 4.69253349304, 9.22921848297, 8.75838279724, 7.60263061523, 6.2000837326, 4.76770448685, 6.34915351868, 6.54713249207, 6.64865064621, 8.28068065643, 7.11934185028, 7.09727144241, 6.69262170792, 6.24296236038, 6.48834991455, 6.6646156311, 8.19229316711, 10.6250696182, 10.4720468521, 8.8406791687, 9.96878910065, 11.649263382, 13.5548992157, 8.42295074463, 7.5983877182, 6.07522344589, 4.74315261841, 2.7292778492, 1.93696284294, 1.43359708786, 0.844147384167, 0.443374931812, 0.170082032681, 0.0517634600401, 0.0158875193447, 0.00349158816971, 0.00052670185687, 7.89978948887e-05], "dmean2": [0.397672325373, 3.97643971443, 6.99110603333, 9.67553424835, 12.6141433716, 10.2416114807, 10.7402629852, 7.81766700745, 13.7880067825, 14.7012853622, 17.6971988678, 16.1411819458, 15.7558231354, 23.625951767, 18.1160030365, 19.1845188141, 17.9886798859, 18.3148784637, 27.5230293274, 35.036113739, 17.5257282257, 12.5121212006, 10.7789096832, 14.8393917084, 18.8474750519, 10.9235248566, 9.92479515076, 8.31713485718, 7.33643484116, 5.58024597168, 4.94674873352, 4.06836032867, 2.50860261917, 1.58626234531, 0.57943469286, 0.219593062997, 0.0974599868059, 0.0332437306643, 0.00561158871278, 0.000310345320031], "dmean": [0.227411821485, 2.32291293144, 4.25325965881, 5.91933584213, 7.7980093956, 6.14958000183, 6.59878540039, 4.92516851425, 8.68041706085, 9.21346282959, 11.0963001251, 10.2762346268, 10.1325120926, 14.8630981445, 11.3735208511, 12.199180603, 11.8276329041, 11.6657686234, 18.3733901978, 22.6358280182, 11.004573822, 7.78650283813, 6.68191432953, 9.17405509949, 11.6707191467, 6.98078298569, 6.3094420433, 5.24278306961, 4.89347457886, 3.80055689812, 3.38062500954, 2.78863835335, 1.7663179636, 1.12469542027, 0.422147005796, 0.157493039966, 0.0655247196555, 0.020760178566, 0.00343872490339, 0.000193358413526], "var": [0.178346067667, 23.7135677338, 70.1011810303, 152.083892822, 431.423492432, 165.152145386, 236.920639038, 227.674316406, 599.44744873, 618.252868652, 1356.1463623, 1141.47180176, 1166.55187988, 3205.46508789, 2296.51513672, 3033.94262695, 3493.9765625, 2469.78686523, 14422.7392578, 14318.1914062, 1336.08764648, 591.789306641, 890.748718262, 757.185180664, 1688.99926758, 654.395507812, 531.777404785, 336.988647461, 323.941375732, 278.483703613, 279.019836426, 188.074493408, 76.8439025879, 32.5063552856, 6.67607784271, 0.981866359711, 0.0831737592816, 0.00525927916169, 0.000135748705361, 4.25753313493e-07], "dvar": [0.183429807425, 27.0973587036, 56.2212219238, 77.7763366699, 257.041931152, 143.206329346, 144.366073608, 90.2285919189, 309.5184021, 373.789245605, 725.592407227, 597.415222168, 602.807861328, 1483.39196777, 996.351867676, 1356.13659668, 931.587890625, 891.709655762, 2722.49194336, 4752.68457031, 642.186462402, 233.207061768, 543.159851074, 254.927474976, 552.249023438, 166.637283325, 142.439056396, 93.5071487427, 78.7345199585, 59.0158309937, 54.8884620667, 43.013092041, 19.8513813019, 10.684835434, 2.49453449249, 0.344747453928, 0.0381919778883, 0.00389794493094, 0.000114505193778, 3.3066393712e-07], "mean": [0.342508554459, 3.37670898438, 7.26415061951, 12.536687851, 14.5734176636, 10.9903488159, 11.2440128326, 9.40413570404, 14.5367832184, 14.5132408142, 17.3702869415, 17.5384426117, 17.4108028412, 25.4610366821, 20.7118339539, 21.7467041016, 23.8660736084, 22.5372829437, 39.4409408569, 43.3707962036, 21.9198799133, 16.0866527557, 15.4365320206, 21.1715202332, 26.5367927551, 17.5408096313, 15.5815258026, 13.318441391, 12.2003564835, 9.5348482132, 8.45732307434, 6.97633600235, 4.3171710968, 2.48177313805, 0.868750989437, 0.29870980978, 0.101536482573, 0.0280679501593, 0.00436084391549, 0.000281514163362]}, "zerocrossingrate": {"min": 0.001953125, "max": 0.400390625, "dvar2": 0.000227487398661, "median": 0.048828125, "dmean2": 0.0119515173137, "dmean": 0.0100674545392, "var": 0.00191105087288, "dvar": 0.000198540801648, "mean": 0.0552171170712}, "spectral_contrast_coeffs": {"min": [-0.974588990211, -0.974661946297, -0.969252228737, -0.937360644341, -0.918061316013, -0.911315143108], "max": [-0.29336592555, -0.355141073465, -0.443604886532, -0.501454174519, -0.493983864784, -0.594399333], "dvar2": [0.0043072104454, 0.0038534977939, 0.00227071414702, 0.00148621050175, 0.00075835629832, 0.000544405484106], "median": [-0.652027249336, -0.743400156498, -0.791113972664, -0.799826979637, -0.802394390106, -0.766406536102], "dmean2": [0.076687335968, 0.0740590393543, 0.0589523091912, 0.0469424948096, 0.0330901443958, 0.0263624060899], "dmean": [0.0467902943492, 0.0451174378395, 0.0365543439984, 0.0294166263193, 0.0205522980541, 0.0170817542821], "var": [0.00669820653275, 0.00549978064373, 0.00405388511717, 0.00373479514383, 0.00187468144577, 0.00251607596874], "dvar": [0.00169241602998, 0.00149113975931, 0.000949183595367, 0.000625141139608, 0.00032228580676, 0.000246376323048], "mean": [-0.643397629261, -0.736486256123, -0.783519566059, -0.790990948677, -0.80299025774, -0.773806631565]}, "dissonance": {"min": 0.165680870414, "max": 0.500000119209, "dvar2": 0.000985324615613, "median": 0.475337922573, "dmean2": 0.0278576910496, "dmean": 0.0169776100665, "var": 0.00211324775591, "dvar": 0.000411979737692, "mean": 0.457924634218}, "spectral_energyband_high": {"min": 3.63204910592e-10, "max": 0.0266334917396, "dvar2": 1.47300556819e-06, "median": 0.000743792275898, "dmean2": 0.000693482055794, "dmean": 0.000506730866618, "var": 5.9760673139e-06, "dvar": 8.47872684062e-07, "mean": 0.0017050326569}, "spectral_skewness": {"min": -0.59871083498, "max": 9.72760391235, "dvar2": 0.448881030083, "median": 1.31532979012, "dmean2": 0.399207770824, "dmean": 0.272596329451, "var": 2.09077548981, "dvar": 0.227933183312, "mean": 1.81982982159}, "spectral_flux": {"min": 0.000206595315831, "max": 0.370198369026, "dvar2": 0.0032078824006, "median": 0.0848308503628, "dmean2": 0.0464282035828, "dmean": 0.0288941431791, "var": 0.00346429110505, "dvar": 0.00140649476089, "mean": 0.0928700864315}, "silence_rate_30dB": {"min": 0, "max": 1, "dvar2": 0.094907514751, "median": 1, "dmean2": 0.0697492808104, "dmean": 0.0348716154695, "var": 0.0194698795676, "dvar": 0.0336582325399, "mean": 0.980137050152}, "spectral_energyband_middle_high": {"min": 1.15192980155e-10, "max": 0.0411586239934, "dvar2": 1.14326167022e-05, "median": 0.00290275528096, "dmean2": 0.00213062600233, "dmean": 0.00142514298204, "var": 4.10208922403e-05, "dvar": 5.06668720845e-06, "mean": 0.00528994016349}, "barkbands_spread": {"min": 0.125062569976, "max": 118.64490509, "dvar2": 146.534683228, "median": 20.7774524689, "dmean2": 9.06970691681, "dmean": 5.77073574066, "var": 364.965118408, "dvar": 67.0761413574, "mean": 23.2863235474}, "spectral_centroid": {"min": 100.410972595, "max": 7413.35839844, "dvar2": 179804.8125, "median": 1253.72485352, "dmean2": 343.849395752, "dmean": 227.850494385, "var": 706858.0625, "dvar": 93190.2265625, "mean": 1276.26989746}, "pitch_salience": {"min": 0.0437852367759, "max": 0.881575524807, "dvar2": 0.0190390385687, "median": 0.55093228817, "dmean2": 0.131972029805, "dmean": 0.0800627842546, "var": 0.0168158002198, "dvar": 0.00713068712503, "mean": 0.527006566525}, "erbbands_skewness": {"min": -7.55803251266, "max": 11.8259782791, "dvar2": 0.526765346527, "median": 0.182850658894, "dmean2": 0.59482896328, "dmean": 0.397467851639, "var": 2.03202414513, "dvar": 0.258190542459, "mean": 0.540510356426}, "erbbands_crest": {"min": 2.24735283852, "max": 31.7134094238, "dvar2": 13.7003335953, "median": 7.44455718994, "dmean2": 3.68332099915, "dmean": 2.29923987389, "var": 23.5039596558, "dvar": 5.49598169327, "mean": 8.8333864212}, "melbands": {"min": [5.27507343362e-11, 7.28790777726e-11, 7.60169704961e-11, 5.78159707609e-11, 3.57883341018e-11, 2.69415392773e-11, 1.34485990053e-11, 5.54230229419e-12, 1.82422111271e-12, 2.5121240808e-13, 1.11973201978e-13, 9.12726816869e-13, 2.38512746879e-12, 3.22294448074e-12, 1.78788201691e-12, 6.6330654077e-13, 2.95700096353e-13, 3.1963337142e-13, 3.4471633447e-13, 1.94078558563e-13, 4.94940026463e-13, 2.16790994878e-13, 2.14052788081e-13, 3.95634371618e-13, 1.98202608839e-12, 7.93724027476e-13, 2.64844624096e-13, 4.27015004302e-13, 8.85116903816e-13, 4.15274856603e-13, 4.47154276497e-13, 2.56817868837e-13, 3.27012559826e-13, 2.85114705283e-13, 3.57647098785e-13, 3.67681931993e-13, 2.81813553613e-13, 5.15870928874e-13, 2.20685178031e-13, 2.94732933805e-13], "max": [0.0462303720415, 0.0427633859217, 0.022679021582, 0.0185655783862, 0.00584626849741, 0.00453062867746, 0.0048598786816, 0.00425722356886, 0.00480374740437, 0.00395495165139, 0.00356218405068, 0.00379427918233, 0.00407661590725, 0.00342516740784, 0.00185017730109, 0.00198790756986, 0.00148998596705, 0.00239833840169, 0.00262268655933, 0.00229048356414, 0.000728343089577, 0.000398319738451, 0.00098349316977, 0.00130848505069, 0.000353725772584, 0.00127073551994, 0.000288999784971, 0.0002178910363, 0.000231047481066, 0.000258521962678, 0.000137691531563, 0.000106945524749, 0.000117085750389, 0.00010625768482, 0.000142328397487, 0.000186886856682, 0.000152875218191, 0.00011670836102, 0.000103597754787, 0.000116463379527], "dvar2": [6.52446979075e-05, 5.78896942898e-05, 6.60059913571e-06, 2.39263704316e-06, 3.9953937403e-07, 1.10483441063e-07, 1.8196138285e-07, 1.03632338266e-07, 1.0449314658e-07, 5.23442160727e-08, 3.91955872203e-08, 6.88980179575e-08, 5.00649903756e-08, 2.56699479451e-08, 1.38631213176e-08, 1.15927880628e-08, 7.99033106347e-09, 1.26894850183e-08, 1.71096417034e-08, 1.10659277297e-08, 2.25542495791e-09, 8.99862184767e-10, 1.13903397825e-09, 6.38641473039e-10, 5.7014171162e-10, 1.30578614588e-09, 4.87920814862e-10, 1.82369730428e-10, 1.57254292921e-10, 1.24525445511e-10, 1.14137692353e-10, 7.93256779708e-11, 5.28487566209e-11, 6.08188568951e-11, 5.15402096002e-11, 6.17935216884e-11, 3.94142253557e-11, 2.47404943754e-11, 2.16104946438e-11, 1.6728828392e-11], "median": [0.00247349753045, 0.00307906465605, 0.00168602808844, 0.000629987800494, 0.000235012121266, 0.000113591333502, 0.000100206969364, 6.92731555318e-05, 5.42191264685e-05, 4.91287755722e-05, 3.24182183249e-05, 2.71621884167e-05, 2.11657461477e-05, 1.48127001012e-05, 1.5010306015e-05, 1.24492762552e-05, 1.07748664959e-05, 1.14080548883e-05, 1.20473532661e-05, 1.35993795993e-05, 9.88001920632e-06, 7.35098637961e-06, 9.2311465778e-06, 7.03524710843e-06, 8.86166071723e-06, 1.03895290522e-05, 6.93120773576e-06, 4.81589313495e-06, 4.73541558677e-06, 3.59554769602e-06, 3.15074157697e-06, 2.73160458164e-06, 1.81410507594e-06, 1.28957697143e-06, 1.10561745714e-06, 9.24309347283e-07, 8.06373861906e-07, 5.8716705098e-07, 4.57278360955e-07, 3.30632076384e-07], "dmean2": [0.00407684082165, 0.00414628861472, 0.00171690445859, 0.00081108964514, 0.000361064594472, 0.000184169388376, 0.00021301554807, 0.000162580050528, 0.000142355420394, 9.90373519016e-05, 8.23467125883e-05, 0.000101354504295, 7.52206033212e-05, 5.16417967447e-05, 4.65714365419e-05, 4.14087517129e-05, 3.50507361873e-05, 4.47860147688e-05, 4.73328400403e-05, 3.92989168176e-05, 2.08644960367e-05, 1.44120285768e-05, 1.40751726576e-05, 9.88569900073e-06, 1.37181896207e-05, 1.64299144672e-05, 1.14794092951e-05, 7.50687377149e-06, 7.07890467311e-06, 5.78298022447e-06, 5.56190525458e-06, 4.82809900859e-06, 3.80436949854e-06, 3.52289839611e-06, 3.19612240673e-06, 3.15827787745e-06, 2.6756670195e-06, 1.97160193238e-06, 1.72955856215e-06, 1.37037193326e-06], "dmean": [0.00233660708182, 0.00250057829544, 0.00106190284714, 0.000494185602292, 0.000220549714868, 0.000115924143756, 0.000134038476972, 0.000101127865491, 8.95658740774e-05, 6.27188928775e-05, 5.29530298081e-05, 6.37197372271e-05, 4.69063779747e-05, 3.24982138409e-05, 2.97196293104e-05, 2.69708543783e-05, 2.21804257308e-05, 2.93815046462e-05, 3.11406474793e-05, 2.50658995355e-05, 1.2961457287e-05, 8.87175065145e-06, 8.5289539129e-06, 6.08157961324e-06, 8.3922432168e-06, 1.01349514807e-05, 7.14812358638e-06, 4.74833677799e-06, 4.44820352641e-06, 3.62952141586e-06, 3.45607963936e-06, 3.14266594614e-06, 2.5390565952e-06, 2.3173961381e-06, 2.12612417272e-06, 2.08981941796e-06, 1.79570417913e-06, 1.35096843223e-06, 1.1971449112e-06, 9.47183991684e-07], "var": [2.08315395867e-05, 2.45028859354e-05, 4.98681447425e-06, 1.28168198898e-06, 2.39846485783e-07, 1.14119650618e-07, 1.41139580023e-07, 6.94939643608e-08, 8.91146427762e-08, 3.99751733937e-08, 3.21201660824e-08, 5.98857141654e-08, 3.95806019071e-08, 2.02696313067e-08, 1.79274461942e-08, 1.4166653628e-08, 8.76508998715e-09, 3.02359097759e-08, 2.88653936309e-08, 1.31411823645e-08, 1.71515890379e-09, 7.68226426917e-10, 7.13003378561e-10, 6.49958198373e-10, 5.71746650024e-10, 1.4434994311e-09, 5.52761614259e-10, 2.57382615221e-10, 2.10027426006e-10, 1.62393168357e-10, 1.3470190241e-10, 1.18266674232e-10, 9.29303786701e-11, 9.52581347136e-11, 9.76621977733e-11, 9.30934496157e-11, 6.93852753031e-11, 3.91795484944e-11, 3.24247746708e-11, 2.30733106232e-11], "dvar": [2.28325061471e-05, 2.3310076358e-05, 2.68899043476e-06, 9.23173729461e-07, 1.51579484964e-07, 4.55894273443e-08, 7.60580292081e-08, 4.32366427106e-08, 4.60143425585e-08, 2.13240856084e-08, 1.68360880792e-08, 2.85075323347e-08, 1.9152299302e-08, 1.00571977413e-08, 5.82664982929e-09, 5.17560305724e-09, 3.36842242987e-09, 6.33466523681e-09, 7.86862575097e-09, 4.82822226644e-09, 9.25577725575e-10, 3.49220763418e-10, 4.71080952025e-10, 3.05579478388e-10, 2.25328769532e-10, 5.10324338343e-10, 1.92165325319e-10, 7.71264302424e-11, 6.39673938818e-11, 5.05695936515e-11, 4.36386170255e-11, 3.33668578878e-11, 2.41771585391e-11, 2.5257863509e-11, 2.29302098143e-11, 2.64172017594e-11, 1.90560813657e-11, 1.17673154207e-11, 1.04076157414e-11, 8.47855292918e-12], "mean": [0.00358669832349, 0.00421469705179, 0.00226314319298, 0.000940729514696, 0.000391244364437, 0.000221098816837, 0.000222302915063, 0.000155905116117, 0.000142290387885, 0.000104608086986, 8.75704499776e-05, 0.000105518294731, 7.75512307882e-05, 5.29594472027e-05, 5.54626458324e-05, 4.94381893077e-05, 3.91127978219e-05, 5.88130751566e-05, 6.1666345573e-05, 4.47860693384e-05, 2.25612257054e-05, 1.62160304171e-05, 1.58614457177e-05, 1.24779307953e-05, 1.71395495272e-05, 2.136139301e-05, 1.53474193212e-05, 1.05599692688e-05, 9.90117769106e-06, 8.136177712e-06, 7.79322272138e-06, 7.21926244296e-06, 5.72265935261e-06, 5.20761523148e-06, 4.92511799166e-06, 4.63842525278e-06, 4.12302233599e-06, 3.03220599562e-06, 2.62262756223e-06, 1.92841798707e-06]}, "spectral_entropy": {"min": 4.03105068207, "max": 8.90497493744, "dvar2": 0.144762337208, "median": 7.75088357925, "dmean2": 0.259091794491, "dmean": 0.179980173707, "var": 0.925465404987, "dvar": 0.075156070292, "mean": 7.395008564}, "spectral_rolloff": {"min": 43.06640625, "max": 16688.2324219, "dvar2": 2426779.25, "median": 559.86328125, "dmean2": 806.528259277, "dmean": 476.928741455, "var": 2718483, "dvar": 1040842.1875, "mean": 1244.6270752}, "barkbands": {"min": [1.44462858342e-10, 1.53939999636e-10, 1.71615249789e-10, 1.50931350751e-10, 2.58152721422e-10, 1.39211961403e-10, 5.33822569482e-11, 1.62526988395e-11, 2.00618102859e-12, 2.61033685986e-12, 1.47136053341e-11, 2.61147128228e-11, 9.25316247236e-12, 2.69870020428e-12, 4.82767385096e-12, 5.4464210919e-12, 4.24767165885e-12, 7.68521097455e-12, 3.51971611579e-11, 1.15908437362e-11, 2.47860655611e-11, 1.62531186426e-11, 2.09286980107e-11, 2.9818817554e-11, 2.24383810143e-11, 4.42143995028e-11, 2.02764430246e-10], "max": [0.0101188495755, 0.175275295973, 0.0898013561964, 0.0567690804601, 0.0697242766619, 0.0262328032404, 0.0243358537555, 0.0281819477677, 0.0305315367877, 0.025223236531, 0.0259515121579, 0.023534398526, 0.0195372868329, 0.0150117846206, 0.0337126776576, 0.0168994180858, 0.00690463231876, 0.0246622487903, 0.0182237979025, 0.00710181239992, 0.00833666697145, 0.00422006472945, 0.00825218576938, 0.00900538545102, 0.0133417239413, 0.00551093835384, 0.00105189741589], "dvar2": [1.17572164982e-06, 0.00113621517085, 9.57280353759e-05, 4.06930957979e-05, 3.75145973521e-05, 3.6948304114e-06, 4.58198155684e-06, 3.2165992252e-06, 2.59554008153e-06, 3.31485125571e-06, 2.61199897977e-06, 1.84068915132e-06, 1.29463148824e-06, 8.55296207192e-07, 3.47390437128e-06, 9.11714892027e-07, 2.17799424718e-07, 2.93493144454e-07, 4.78189122077e-07, 2.01797817567e-07, 1.49867389609e-07, 1.2050381315e-07, 1.45396626294e-07, 1.36905470072e-07, 1.10546778842e-07, 2.29104859528e-08, 9.84887726929e-09], "median": [0.000267588970019, 0.00963626988232, 0.0037027481012, 0.00296386145055, 0.00242752186023, 0.000678883923683, 0.000509604695253, 0.000246611511102, 0.000351095659425, 0.000188695034012, 0.000141910990351, 0.000130722473841, 0.000126268409076, 0.000125810416648, 0.000160497700563, 0.000185678800335, 0.000143615849083, 0.000169606588315, 0.000284815439954, 0.000165207864484, 0.000167394697201, 0.000125373189803, 6.91892419127e-05, 5.92804281041e-05, 3.11060794047e-05, 9.39451092563e-06, 2.96790335597e-06], "dmean2": [0.000623523606919, 0.0163749027997, 0.00599847733974, 0.00394838722423, 0.00325898756273, 0.00111275957897, 0.00106837018393, 0.000797108164988, 0.000716854585335, 0.000706691178493, 0.000551193370484, 0.000453415210359, 0.00044625508599, 0.000386346771847, 0.000705064623617, 0.000406688603107, 0.000241627392825, 0.000205823467695, 0.000377902237233, 0.000245195347816, 0.000216807660763, 0.000195455242647, 0.000173858890776, 0.000157852264238, 0.000108772263047, 5.05275820615e-05, 3.30313596351e-05], "dmean": [0.000377288670279, 0.00945100747049, 0.00359975127503, 0.00243816594593, 0.00197516381741, 0.000700601434801, 0.000671087298542, 0.000495126179885, 0.000452698819572, 0.000449699000455, 0.000341935170582, 0.000285963789793, 0.000286904454697, 0.000243670059717, 0.00046589737758, 0.000251667981502, 0.000148604041897, 0.000126238301164, 0.000234180057305, 0.000155162022565, 0.000137819908559, 0.000130620988784, 0.000118519070384, 0.000112377361802, 7.86358941696e-05, 3.47166242136e-05, 2.03223080462e-05], "var": [6.05856371294e-07, 0.000366647436749, 5.03746814502e-05, 2.98421255138e-05, 1.94467684196e-05, 3.33491038873e-06, 3.43949932358e-06, 2.28457452067e-06, 1.99871738005e-06, 2.81503184851e-06, 1.97521285372e-06, 1.48900880959e-06, 1.72031843704e-06, 9.75845523499e-07, 6.8826821007e-06, 7.2977002219e-07, 1.93264838799e-07, 2.46264505677e-07, 5.88831483128e-07, 2.92504978461e-07, 2.46346587573e-07, 2.50096604759e-07, 3.54749971621e-07, 3.2603912814e-07, 1.83317808933e-07, 3.12935704017e-08, 4.86021178858e-09], "dvar": [4.61119441297e-07, 0.000412884546677, 3.56779601134e-05, 1.64934081113e-05, 1.41814662129e-05, 1.481212621e-06, 1.93236041923e-06, 1.35307175242e-06, 1.04035450477e-06, 1.39976066293e-06, 9.82193910204e-07, 7.12918563295e-07, 5.65840082345e-07, 3.62011149946e-07, 1.65470407865e-06, 3.70682698758e-07, 8.4666091027e-08, 1.36370772452e-07, 1.86775807265e-07, 8.38105407297e-08, 6.13619235423e-08, 5.4382844894e-08, 6.8052806057e-08, 7.31826901301e-08, 6.19033428961e-08, 1.22394379076e-08, 3.90045995502e-09], "mean": [0.000541108194739, 0.0141781084239, 0.00608682073653, 0.00463831657544, 0.00368868582882, 0.00128491350915, 0.00110138393939, 0.00070696847979, 0.00075264374027, 0.000721658172552, 0.000545199203771, 0.000472168700071, 0.000518855114933, 0.000428732106229, 0.000926217937376, 0.000451803614851, 0.000281657121377, 0.000274275429547, 0.000534328748472, 0.000363848637789, 0.000352078786818, 0.000336649507517, 0.000302945089061, 0.000292027427349, 0.000169574414031, 5.8797901147e-05, 2.60100605374e-05]}, "melbands_flatness_db": {"min": 0.0298638772219, "max": 0.709163069725, "dvar2": 0.00315897911787, "median": 0.21173030138, "dmean2": 0.0496020168066, "dmean": 0.0321363024414, "var": 0.0195835214108, "dvar": 0.00141501589678, "mean": 0.259209543467}, "melbands_skewness": {"min": -3.37631011009, "max": 27.6935462952, "dvar2": 4.82283830643, "median": 3.37976884842, "dmean2": 1.70085370541, "dmean": 1.08048427105, "var": 5.74302482605, "dvar": 2.02929139137, "mean": 3.82026481628}, "barkbands_skewness": {"min": -6.60292959213, "max": 25.5425338745, "dvar2": 3.99610590935, "median": 1.94968557358, "dmean2": 1.28869903088, "dmean": 0.818158090115, "var": 4.69344949722, "dvar": 1.66841757298, "mean": 2.40553212166}, "silence_rate_60dB": {"min": 0, "max": 1, "dvar2": 0.0266061965376, "median": 0, "dmean2": 0.0251583233476, "dmean": 0.012578071095, "var": 0.0538994967937, "dvar": 0.0124190226197, "mean": 0.0571602061391}, "spectral_energyband_low": {"min": 4.75153472124e-10, "max": 0.185235872865, "dvar2": 0.00124260340817, "median": 0.0189819280058, "dmean2": 0.0200904235244, "dmean": 0.0118908919394, "var": 0.000517139036674, "dvar": 0.000473873398732, "mean": 0.0233636051416}, "spectral_energyband_middle_low": {"min": 6.20030859988e-10, "max": 0.111285254359, "dvar2": 0.000117799565487, "median": 0.0102293966338, "dmean2": 0.0071309893392, "dmean": 0.00449128076434, "var": 0.000105062310467, "dvar": 5.01170979987e-05, "mean": 0.0123099964112}, "melbands_kurtosis": {"min": -1.93200695515, "max": 1077.34033203, "dvar2": 5270.41650391, "median": 16.5302886963, "dmean2": 31.2222805023, "dmean": 19.2232723236, "var": 4327.97314453, "dvar": 2046.73242188, "mean": 34.7340316772}, "spectral_decrease": {"min": -4.96880367962e-08, "max": -2.84793493872e-16, "dvar2": 8.24383352419e-17, "median": -9.14792863682e-09, "dmean2": 5.91012971896e-09, "dmean": 3.57763307868e-09, "var": 4.43647899067e-17, "dvar": 3.2179284592e-17, "mean": -9.96100535389e-09}, "erbbands_kurtosis": {"min": -1.92751717567, "max": 198.624954224, "dvar2": 54.1204299927, "median": -0.182078838348, "dmean2": 2.8150036335, "dmean": 1.81576395035, "var": 86.7323455811, "dvar": 23.9005298615, "mean": 3.02980279922}, "melbands_crest": {"min": 3.67626976967, "max": 37.3443946838, "dvar2": 26.1496086121, "median": 15.1627016068, "dmean2": 5.26895523071, "dmean": 3.18656873703, "var": 27.7399635315, "dvar": 9.69974040985, "mean": 15.9655380249}, "gfcc": {"cov": [[15362.5996094, -3120.01489258, -3258.37719727, 648.696105957, -838.154663086, 425.965789795, -110.597114563, 559.769897461, -84.8580703735, 189.471054077, -111.990859985, 176.049591064, -15.790140152], [-3120.01489258, 2084.56518555, 624.430847168, -209.819717407, 374.084136963, -263.968200684, 92.3942871094, -164.540039062, 29.9252147675, -71.1748580933, 99.9622879028, -55.65259552, 86.8698883057], [-3258.37719727, 624.430847168, 1717.06542969, 13.1451253891, 232.828613281, -8.53798675537, -11.4936027527, -137.644546509, 34.913230896, -67.0536422729, 39.0396232605, -8.03842449188, -3.18746542931], [648.696105957, -209.819717407, 13.1451253891, 406.390014648, 60.9007377625, 36.7756004333, 11.6056804657, 73.2998428345, 51.8075485229, 6.40497398376, 7.51762962341, 28.1200580597, 22.4653282166], [-838.154663086, 374.084136963, 232.828613281, 60.9007377625, 371.191894531, 8.68902873993, 82.6937332153, -18.8014354706, 46.3499259949, -3.32295036316, 23.2916316986, 8.90318393707, 21.7798595428], [425.965789795, -263.968200684, -8.53798675537, 36.7756004333, 8.68902873993, 258.592132568, 59.5967216492, 15.9223031998, -0.320589125156, 28.0939121246, 14.5316066742, 2.2471075058, -2.58241176605], [-110.597114563, 92.3942871094, -11.4936027527, 11.6056804657, 82.6937332153, 59.5967216492, 155.501327515, 29.1876239777, 13.0302562714, 4.67325353622, 30.7263774872, 9.68867206573, -2.67553758621], [559.769897461, -164.540039062, -137.644546509, 73.2998428345, -18.8014354706, 15.9223031998, 29.1876239777, 151.974594116, 42.7065620422, 11.098739624, 3.60692381859, 19.6366863251, 7.31484413147], [-84.8580703735, 29.9252147675, 34.913230896, 51.8075485229, 46.3499259949, -0.320589125156, 13.0302562714, 42.7065620422, 109.130706787, 32.5041770935, 0.875439226627, 2.99017643929, 17.4251785278], [189.471054077, -71.1748580933, -67.0536422729, 6.40497398376, -3.32295036316, 28.0939121246, 4.67325353622, 11.098739624, 32.5041770935, 90.500213623, 21.5127887726, 1.69106245041, 3.42339754105], [-111.990859985, 99.9622879028, 39.0396232605, 7.51762962341, 23.2916316986, 14.5316066742, 30.7263774872, 3.60692381859, 0.875439226627, 21.5127887726, 86.5518417358, 29.1289749146, 7.13710927963], [176.049591064, -55.65259552, -8.03842449188, 28.1200580597, 8.90318393707, 2.2471075058, 9.68867206573, 19.6366863251, 2.99017643929, 1.69106245041, 29.1289749146, 69.8016967773, 21.3820571899], [-15.790140152, 86.8698883057, -3.18746542931, 22.4653282166, 21.7798595428, -2.58241176605, -2.67553758621, 7.31484413147, 17.4251785278, 3.42339754105, 7.13710927963, 21.3820571899, 68.4617614746]], "icov": [[0.000168408747413, 5.67986717215e-05, 0.000252040452324, -0.000219422494411, 0.000131108565256, -0.000196687120479, 0.000150896084961, -0.000225990268518, 0.000183023919817, -0.000115329843538, 0.000138055387652, -0.000315345474519, 7.47021986172e-05], [5.67986717215e-05, 0.00132717203815, -0.000118739022582, 0.000534058257472, -0.000796192500275, 0.00131307600532, -0.000777161330916, 0.000681713805534, -0.000366697146092, 0.000961406854913, -0.0019878516905, 0.00211443891749, -0.00205997982994], [0.000252040452324, -0.000118739022582, 0.00116685195826, -0.000452045031125, -6.46277621854e-05, -0.00064731988823, 0.000692014175002, 0.000264455477009, -0.000343118910678, 0.000539362954441, -9.79001633823e-05, -0.000728555081878, 0.00070450163912], [-0.000219422494411, 0.000534058257472, -0.000452045031125, 0.00352429761551, -0.0010758691933, 0.000406014791224, -1.12502175398e-05, -0.000622596882749, -0.00122290616855, 0.000944367086049, -0.00110136182047, 0.000702530611306, -0.00132268574089], [0.000131108565256, -0.000796192500275, -6.46277621854e-05, -0.0010758691933, 0.00445694336668, -0.000697449373547, -0.00161137152463, 0.000510344863869, -0.000965462764725, -0.00042343113455, 0.00131005060393, -0.00164542999119, 0.000473077059723], [-0.000196687120479, 0.00131307600532, -0.00064731988823, 0.000406014791224, -0.000697449373547, 0.00624366756529, -0.00303857517429, 0.00095298467204, 0.000298723054584, -0.000590169802308, -0.00197209324688, 0.00290162814781, -0.00238522025757], [0.000150896084961, -0.000777161330916, 0.000692014175002, -1.12502175398e-05, -0.00161137152463, -0.00303857517429, 0.00997488200665, -0.00251561054029, 4.18407216785e-05, 0.000548443349544, -0.00157387228683, -0.00147487560753, 0.00270009576343], [-0.000225990268518, 0.000681713805534, 0.000264455477009, -0.000622596882749, 0.000510344863869, 0.00095298467204, -0.00251561054029, 0.0103948824108, -0.00452348683029, 0.00176681717858, -0.00117740372662, -0.000412878609495, -0.000721210439224], [0.000183023919817, -0.000366697146092, -0.000343118910678, -0.00122290616855, -0.000965462764725, 0.000298723054584, 4.18407216785e-05, -0.00452348683029, 0.0144077986479, -0.0061936667189, 0.0028523223009, 2.42690948653e-05, -0.00196617073379], [-0.000115329843538, 0.000961406854913, 0.000539362954441, 0.000944367086049, -0.00042343113455, -0.000590169802308, 0.000548443349544, 0.00176681717858, -0.0061936667189, 0.0160680860281, -0.00655374443159, 0.00319544388913, -0.0011280043982], [0.000138055387652, -0.0019878516905, -9.79001633823e-05, -0.00110136182047, 0.00131005060393, -0.00197209324688, -0.00157387228683, -0.00117740372662, 0.0028523223009, -0.00655374443159, 0.0195026751608, -0.010143279098, 0.0032207199838], [-0.000315345474519, 0.00211443891749, -0.000728555081878, 0.000702530611306, -0.00164542999119, 0.00290162814781, -0.00147487560753, -0.000412878609495, 2.42690948653e-05, 0.00319544388913, -0.010143279098, 0.0237686634064, -0.00893275532871], [7.47021986172e-05, -0.00205997982994, 0.00070450163912, -0.00132268574089, 0.000473077059723, -0.00238522025757, 0.00270009576343, -0.000721210439224, -0.00196617073379, -0.0011280043982, 0.0032207199838, -0.00893275532871, 0.0206577070057]], "mean": [-6.53075265884, 88.7028503418, -78.887802124, 44.1728019714, -45.1542625427, 15.4236068726, -28.812871933, 4.64206409454, -20.5773887634, 0.145370587707, -15.8964977264, -5.69966363907, -10.5707712173]}, "melbands_spread": {"min": 0.178886950016, "max": 311.459381104, "dvar2": 315.132507324, "median": 13.7528839111, "dmean2": 10.0052442551, "dmean": 6.27333974838, "var": 411.624084473, "dvar": 135.526077271, "mean": 19.1586647034}, "spectral_energy": {"min": 1.58245794246e-09, "max": 0.189832150936, "dvar2": 0.0011885126587, "median": 0.0370666049421, "dmean2": 0.022660182789, "dmean": 0.0137590309605, "var": 0.000686037703417, "dvar": 0.000466440716991, "mean": 0.0400365777314}, "mfcc": {"cov": [[17363.234375, -3721.11376953, -2727.46972656, -392.55758667, -807.384887695, -302.039428711, -105.434463501, 195.006393433, 79.4444274902, 249.198348999, -35.4557991028, -22.8636035919, 125.477966309], [-3721.11376953, 2187.86572266, 438.522064209, 175.937286377, 190.40675354, 32.5619277954, 62.5844459534, -83.051574707, -40.4628982544, -94.2652893066, 5.85885858536, -4.45969057083, -30.968996048], [-2727.46972656, 438.522064209, 1185.64282227, 109.53137207, 231.252197266, 107.428382874, 16.1217098236, -4.55189752579, -29.2996234894, -52.1531829834, -5.16275310516, 33.2384529114, -17.9679317474], [-392.55758667, 175.937286377, 109.53137207, 391.522033691, 140.37097168, -3.22880864143, -5.75434923172, 44.9528808594, 40.1192703247, -7.71829319, -0.0434466265142, 41.9641227722, 30.3942432404], [-807.384887695, 190.40675354, 231.252197266, 140.37097168, 259.151794434, 83.1706466675, 22.1172599792, 26.4430160522, 39.2876853943, 0.621246337891, 1.13906145096, 29.1327590942, 14.4144496918], [-302.039428711, 32.5619277954, 107.428382874, -3.22880864143, 83.1706466675, 210.533981323, 81.0346450806, 14.4540100098, 9.65837287903, 15.9474010468, 27.5773200989, 0.868862688541, -3.75980424881], [-105.434463501, 62.5844459534, 16.1217098236, -5.75434923172, 22.1172599792, 81.0346450806, 148.748260498, 53.3959693909, -5.16290950775, 8.94496917725, 25.061876297, 13.5562286377, 3.96679615974], [195.006393433, -83.051574707, -4.55189752579, 44.9528808594, 26.4430160522, 14.4540100098, 53.3959693909, 128.79019165, 37.3857688904, 13.4457139969, 12.6610708237, 21.0300807953, 15.4719009399], [79.4444274902, -40.4628982544, -29.2996234894, 40.1192703247, 39.2876853943, 9.65837287903, -5.16290950775, 37.3857688904, 105.606964111, 39.3922119141, 9.95032978058, 6.17495965958, 9.7380695343], [249.198348999, -94.2652893066, -52.1531829834, -7.71829319, 0.621246337891, 15.9474010468, 8.94496917725, 13.4457139969, 39.3922119141, 93.5110473633, 31.4675388336, 2.63976216316, 6.16319417953], [-35.4557991028, 5.85885858536, -5.16275310516, -0.0434466265142, 1.13906145096, 27.5773200989, 25.061876297, 12.6610708237, 9.95032978058, 31.4675388336, 78.9740753174, 25.267370224, 3.30416917801], [-22.8636035919, -4.45969057083, 33.2384529114, 41.9641227722, 29.1327590942, 0.868862688541, 13.5562286377, 21.0300807953, 6.17495965958, 2.63976216316, 25.267370224, 77.9060897827, 29.7723579407], [125.477966309, -30.968996048, -17.9679317474, 30.3942432404, 14.4144496918, -3.75980424881, 3.96679615974, 15.4719009399, 9.7380695343, 6.16319417953, 3.30416917801, 29.7723579407, 66.9431762695]], "icov": [[0.000140232819831, 0.000171346633579, 0.000233918617596, -3.26579029206e-05, 0.000135002061143, -1.48240169437e-05, 2.68282165052e-05, -0.000121696248243, 8.05732706795e-05, -0.000133153254865, 0.000148998951772, -7.13133631507e-05, -8.44364622026e-05], [0.000171346633579, 0.000807042524684, 0.000148837789311, -0.000254113198025, -0.000181412600796, 0.000297947059153, -0.000584610330407, 0.000539912784006, -1.4037249457e-05, 0.000416615454014, -0.000215523032239, 0.000229983372265, 4.51978121419e-05], [0.000233918617596, 0.000148837789311, 0.00153078010771, -1.14350641525e-05, -0.000667379645165, -0.000404111313401, 0.000396381976316, -0.000370445952285, 0.00069459201768, 5.17174630659e-05, 0.000345225678757, -0.000595452438574, 0.000371576519683], [-3.26579029206e-05, -0.000254113198025, -1.14350641525e-05, 0.00360983144492, -0.00179067987483, 0.00058925151825, 0.000580249761697, -0.000993169378489, -0.000490954495035, 0.000393948575947, 6.7720293373e-06, -0.000854146259371, -0.000669869303238], [0.000135002061143, -0.000181412600796, -0.000667379645165, -0.00179067987483, 0.00730000436306, -0.00261620455422, 0.000491879414767, -0.000395080249291, -0.00188237533439, -0.000346127722878, 0.00165510806255, -0.00161789078265, -0.000416172464611], [-1.48240169437e-05, 0.000297947059153, -0.000404111313401, 0.00058925151825, -0.00261620455422, 0.00777943385765, -0.00429337471724, 0.0015188716352, -0.000591033895034, -5.69465701119e-05, -0.00209375843406, 0.00178897276055, 9.21738901525e-05], [2.68282165052e-05, -0.000584610330407, 0.000396381976316, 0.000580249761697, 0.000491879414767, -0.00429337471724, 0.0116094658151, -0.00550541840494, 0.00283672218211, -0.000836014689412, -0.000912191870157, -0.00105420791078, -6.21740837232e-05], [-0.000121696248243, 0.000539912784006, -0.000370445952285, -0.000993169378489, -0.000395080249291, 0.0015188716352, -0.00550541840494, 0.0122017757967, -0.00427763815969, 0.00111585925333, -0.000464489188744, -0.000844783673529, -0.000575927144382], [8.05732706795e-05, -1.4037249457e-05, 0.00069459201768, -0.000490954495035, -0.00188237533439, -0.000591033895034, 0.00283672218211, -0.00427763815969, 0.0142243364826, -0.00554161472246, 0.000397650786908, 0.000415837566834, -0.000319054001011], [-0.000133153254865, 0.000416615454014, 5.17174630659e-05, 0.000393948575947, -0.000346127722878, -5.69465701119e-05, -0.000836014689412, 0.00111585925333, -0.00554161472246, 0.0159106049687, -0.00623570894822, 0.00208168127574, -0.00113642390352], [0.000148998951772, -0.000215523032239, 0.000345225678757, 6.7720293373e-06, 0.00165510806255, -0.00209375843406, -0.000912191870157, -0.000464489188744, 0.000397650786908, -0.00623570894822, 0.0184394493699, -0.00704924529418, 0.00213923351839], [-7.13133631507e-05, 0.000229983372265, -0.000595452438574, -0.000854146259371, -0.00161789078265, 0.00178897276055, -0.00105420791078, -0.000844783673529, 0.000415837566834, 0.00208168127574, -0.00704924529418, 0.0195607319474, -0.00742905260995], [-8.44364622026e-05, 4.51978121419e-05, 0.000371576519683, -0.000669869303238, -0.000416172464611, 9.21738901525e-05, -6.21740837232e-05, -0.000575927144382, -0.000319054001011, -0.00113642390352, 0.00213923351839, -0.00742905260995, 0.0191021263599]], "mean": [-660.337036133, 119.138389587, 27.6232814789, 35.3347549438, 12.2434549332, 14.0951528549, 6.55016899109, 4.28183412552, 3.10152816772, 5.47035312653, -0.483937442303, -2.52604651451, -1.53741264343]}, "spectral_contrast_valleys": {"min": [-13.7854404449, -13.6174945831, -14.7286958694, -15.8837270737, -15.1820554733, -16.7558040619], "max": [-5.03515291214, -4.75224781036, -5.34154224396, -5.64575052261, -5.74520730972, -7.48024320602], "dvar2": [0.274249464273, 0.330971688032, 0.251677423716, 0.251952111721, 0.248114526272, 0.302811473608], "median": [-6.40329790115, -6.66374492645, -7.19755172729, -7.47366523743, -7.09787082672, -9.65901088715], "dmean2": [0.573486030102, 0.603428125381, 0.525669932365, 0.455485969782, 0.383613407612, 0.38716879487], "dmean": [0.348471462727, 0.371255815029, 0.330989807844, 0.299279928207, 0.265107899904, 0.306947261095], "var": [1.13013577461, 1.26241540909, 1.72005748749, 2.00561523438, 2.55651569366, 2.32414770126], "dvar": [0.112390577793, 0.138399645686, 0.114042907953, 0.122680269182, 0.131368637085, 0.178148716688], "mean": [-6.72484064102, -7.02660608292, -7.68549966812, -8.0233259201, -7.79898118973, -10.0251522064]}, "barkbands_flatness_db": {"min": 0.0201966110617, "max": 0.540270864964, "dvar2": 0.00238604331389, "median": 0.124489918351, "dmean2": 0.0408638231456, "dmean": 0.0262287966907, "var": 0.0130823915824, "dvar": 0.00103585561737, "mean": 0.167366951704}, "dynamic_complexity": 3.33994531631, "erbbands_flatness_db": {"min": 0.0242271497846, "max": 0.400947600603, "dvar2": 0.000915113661904, "median": 0.122847944498, "dmean2": 0.0247047096491, "dmean": 0.0171385537833, "var": 0.00399932963774, "dvar": 0.000464467564598, "mean