{"lowlevel": {"spectral_complexity": {"min": 0, "max": 65, "dvar2": 54.7845420837, "median": 18, "dmean2": 7.06110334396, "dmean": 5.00557136536, "var": 194.092132568, "dvar": 32.4240951538, "mean": 20.5798206329}, "silence_rate_20dB": {"min": 1, "max": 1, "dvar2": 0, "median": 1, "dmean2": 0, "dmean": 0, "var": 0, "dvar": 0, "mean": 1}, "average_loudness": 0.889164805412, "erbbands_spread": {"min": 1.06943809986, "max": 185.231201172, "dvar2": 467.455749512, "median": 34.7486114502, "dmean2": 18.1444206238, "dmean": 12.0056390762, "var": 544.58782959, "dvar": 203.935974121, "mean": 40.8428764343}, "spectral_kurtosis": {"min": -1.18908321857, "max": 112.992790222, "dvar2": 25.579252243, "median": 3.00360536575, "dmean2": 2.21983504295, "dmean": 1.37098002434, "var": 34.7731132507, "dvar": 8.76846313477, "mean": 3.90088796616}, "barkbands_kurtosis": {"min": -1.95186316967, "max": 275.724578857, "dvar2": 138.749343872, "median": -0.128169298172, "dmean2": 4.47513103485, "dmean": 2.77993011475, "var": 72.0309524536, "dvar": 57.9907722473, "mean": 2.04786849022}, "spectral_strongpeak": {"min": 0, "max": 13.3273620605, "dvar2": 2.72889351845, "median": 0.325411647558, "dmean2": 1.11347103119, "dmean": 0.656387507915, "var": 1.76836967468, "dvar": 1.10405695438, "mean": 0.903780221939}, "spectral_spread": {"min": 779290.0625, "max": 18393630, "dvar2": 1985819705340.0, "median": 4865782.5, "dmean2": 1258452.5, "dmean": 876947.6875, "var": 3962041794560.0, "dvar": 1031643922430.0, "mean": 5318196.5}, "spectral_rms": {"min": 7.505176427e-07, "max": 0.0143188871443, "dvar2": 3.80194774152e-06, "median": 0.00396789237857, "dmean2": 0.00150415976532, "dmean": 0.00102311267983, "var": 4.16626517108e-06, "dvar": 1.71694193796e-06, "mean": 0.00409619789571}, "erbbands": {"min": [6.4363703256e-10, 7.18027459712e-09, 6.77036249286e-09, 5.34961124288e-08, 1.33426539151e-07, 7.1381464295e-08, 1.27872098687e-07, 1.40269023063e-07, 1.06905545749e-07, 1.35842483928e-07, 8.20984311645e-08, 4.70121150897e-08, 6.74571438708e-08, 1.41321280012e-07, 1.29875175503e-07, 9.94698510226e-08, 1.08133797028e-07, 1.30697330292e-07, 1.85127532859e-07, 1.17333023297e-07, 1.07882542011e-07, 1.36255110306e-07, 1.6820550286e-07, 1.06282158185e-07, 1.35757943553e-07, 1.203711264e-07, 9.31062729137e-08, 9.52037026991e-08, 9.97078615228e-08, 9.51327976395e-08, 9.78644223437e-08, 9.08101114305e-08, 8.84806041768e-08, 6.15860571429e-08, 4.18491019616e-08, 2.85774905961e-08, 1.45760852277e-08, 4.54780657577e-09, 4.55219462125e-09, 3.7357015259e-09], "max": [5.4725317955, 45.0640029907, 58.8734512329, 128.880065918, 159.005386353, 490.997039795, 422.893157959, 507.925842285, 278.807952881, 600.696533203, 853.383483887, 968.662109375, 959.414428711, 1096.17333984, 895.206420898, 1748.52575684, 1097.36401367, 1314.94177246, 1338.32348633, 1146.19238281, 2110.53173828, 556.292541504, 500.31427002, 504.000030518, 499.61239624, 1146.75219727, 351.213989258, 318.171508789, 244.887924194, 256.88293457, 295.722015381, 192.814239502, 182.312255859, 86.6207275391, 49.2392921448, 27.2445468903, 22.8225669861, 2.88625860214, 0.127014115453, 0.00821907073259], "dvar2": [0.19778624177, 9.21018028259, 67.3092041016, 219.819885254, 591.812805176, 3316.5065918, 620.991760254, 281.86126709, 457.550506592, 2064.70996094, 4864.04589844, 3227.8996582, 5007.77197266, 2903.27636719, 3942.40722656, 8926.60351562, 6842.54150391, 8364.64746094, 4676.95458984, 2704.97387695, 3197.67260742, 1659.9197998, 1482.6751709, 1322.66345215, 883.367370605, 1273.80615234, 457.573944092, 259.751556396, 208.463272095, 140.255630493, 167.671905518, 101.066314697, 74.3120040894, 37.7169456482, 7.12948608398, 2.61525917053, 0.30829975009, 0.00914615765214, 0.000162952783285, 8.14901738977e-07], "median": [0.0378029420972, 0.345735937357, 0.883595168591, 1.5326384306, 1.59660732746, 1.40507721901, 1.89606773853, 2.72120189667, 3.2428457737, 4.31003808975, 5.77153873444, 7.31964111328, 8.64874076843, 7.20001840591, 8.45402431488, 10.9679031372, 11.6991157532, 13.2579641342, 12.3258113861, 11.1844329834, 12.8260135651, 12.5402622223, 15.3799734116, 14.8447446823, 14.8079862595, 11.6130971909, 8.02461242676, 5.74435901642, 5.50666618347, 3.62160968781, 2.82580041885, 1.88626265526, 1.45418691635, 0.809460878372, 0.261696904898, 0.0953183323145, 0.022899100557, 0.00447004241869, 0.000423916906584, 4.99400266563e-05], "dmean2": [0.194474086165, 1.33340132236, 3.23863005638, 5.83836746216, 9.83422088623, 16.7051849365, 10.1323890686, 8.30916976929, 9.85431575775, 18.4113445282, 27.7861557007, 25.8342933655, 33.5080795288, 23.5960350037, 26.2912998199, 38.844669342, 39.2481117249, 45.5456886292, 31.7645664215, 25.6837387085, 25.5024681091, 22.4090175629, 24.2154846191, 22.7615718842, 18.8190631866, 17.92735672, 11.8650369644, 9.51868152618, 8.93938159943, 7.06123781204, 7.12632989883, 5.59500265121, 4.51095342636, 3.36214566231, 1.38854682446, 0.697223186493, 0.182657435536, 0.042004160583, 0.00611101277173, 0.000445073790615], "dmean": [0.121069572866, 0.805293679237, 1.88006985188, 3.37828826904, 5.62746667862, 9.5102558136, 5.83141851425, 5.10162496567, 6.00846672058, 11.4182415009, 17.4339637756, 16.3814678192, 21.3094520569, 15.1291160583, 16.6067333221, 24.596244812, 24.8526287079, 28.9898834229, 20.3121433258, 16.3602085114, 16.2250919342, 14.4675264359, 15.6833086014, 14.7739486694, 12.2690439224, 11.4763679504, 7.69613695145, 6.27747821808, 6.02987861633, 4.83865642548, 4.90607595444, 3.73947381973, 3.02176690102, 2.20585274696, 0.916279017925, 0.454668611288, 0.120212726295, 0.0271162167192, 0.0038557567168, 0.000281950546196], "var": [0.112427480519, 3.6982011795, 18.0894851685, 55.8065948486, 160.663269043, 813.748046875, 215.858779907, 237.267990112, 218.923248291, 991.924133301, 2377.26977539, 2021.83996582, 3307.57348633, 1955.75158691, 2270.76416016, 5385.07470703, 4240.25292969, 6815.38916016, 3184.1105957, 2605.75, 3880.82006836, 1366.85827637, 1394.4173584, 1307.66064453, 1021.41900635, 1249.81323242, 460.787475586, 266.807342529, 217.662521362, 150.037536621, 144.289291382, 82.5286026001, 51.2489700317, 21.7796554565, 4.51764011383, 1.45303761959, 0.147764369845, 0.00512060057372, 7.43526397855e-05, 3.57630767667e-07], "dvar": [0.0822548866272, 3.68086028099, 23.8327770233, 77.6516113281, 222.617050171, 1221.15576172, 228.160079956, 115.647087097, 178.33543396, 847.038635254, 2006.83508301, 1380.1427002, 2191.00219727, 1252.66345215, 1627.18725586, 3678.22729492, 2834.98364258, 3509.34033203, 1920.46777344, 1160.92199707, 1395.70324707, 736.518188477, 652.978820801, 576.349121094, 382.67388916, 527.733703613, 196.634567261, 117.540565491, 97.3116455078, 66.8121948242, 78.782623291, 46.5856628418, 34.4229125977, 16.9110717773, 3.13488650322, 1.12596285343, 0.124802000821, 0.0040219547227, 6.91502427799e-05, 3.48935628836e-07], "mean": [0.146033585072, 0.920587360859, 2.10127806664, 3.63541603088, 4.99443006516, 7.44720935822, 6.04013299942, 6.98613786697, 8.13124465942, 14.1312303543, 20.9843730927, 21.8891868591, 28.3738307953, 21.097278595, 23.7134876251, 35.4608306885, 34.6891899109, 45.123249054, 32.6369438171, 29.8859119415, 28.4983329773, 24.7767295837, 28.3808994293, 27.7700157166, 25.4151229858, 23.0174865723, 15.2531366348, 11.2440319061, 10.3986740112, 7.85522842407, 7.05880784988, 5.07682085037, 3.95500826836, 2.5662446022, 1.06030011177, 0.500445723534, 0.136415883899, 0.0284979976714, 0.0036646137014, 0.000270517310128]}, "zerocrossingrate": {"min": 0.00537109375, "max": 0.54541015625, "dvar2": 0.000611581199337, "median": 0.08984375, "dmean2": 0.0218680649996, "dmean": 0.0185726732016, "var": 0.00291322241537, "dvar": 0.000489580270369, "mean": 0.0991912484169}, "spectral_contrast_coeffs": {"min": [-0.917156219482, -0.955169081688, -0.951413631439, -0.956266403198, -0.936993896961, -0.921810746193], "max": [-0.299639642239, -0.338690906763, -0.40079960227, -0.429252743721, -0.505133807659, -0.587817192078], "dvar2": [0.00663964310661, 0.00560460798442, 0.00396728608757, 0.00266383518465, 0.00156320887618, 0.000767971971072], "median": [-0.699415266514, -0.75107383728, -0.773584365845, -0.772866725922, -0.793375968933, -0.763523519039], "dmean2": [0.0922604650259, 0.0901937261224, 0.0771086588502, 0.06270198524, 0.0448286794126, 0.0329045318067], "dmean": [0.057210765779, 0.0563932098448, 0.0490994043648, 0.0396983660758, 0.0286498516798, 0.0215823780745], "var": [0.00760665582493, 0.0067050983198, 0.00608377344906, 0.00418270751834, 0.00286445091479, 0.00200710911304], "dvar": [0.00278449431062, 0.00238576135598, 0.00175247027073, 0.00118876819033, 0.000740480376408, 0.000368719018297], "mean": [-0.684378623962, -0.739232122898, -0.762710273266, -0.765939414501, -0.783021509647, -0.765345335007]}, "dissonance": {"min": 0.221920832992, "max": 0.500000178814, "dvar2": 0.00107636791654, "median": 0.480639636517, "dmean2": 0.0290260314941, "dmean": 0.0175031293184, "var": 0.000869971350767, "dvar": 0.000419517338742, "mean": 0.471301168203}, "spectral_energyband_high": {"min": 1.40349246114e-10, "max": 0.0331485122442, "dvar2": 3.71401233679e-06, "median": 0.000880860025063, "dmean2": 0.00127953942865, "dmean": 0.00091186404461, "var": 4.33249942944e-06, "dvar": 1.89115837657e-06, "mean": 0.00161155196838}, "spectral_skewness": {"min": -0.432030767202, "max": 8.10308265686, "dvar2": 0.165872633457, "median": 1.2846852541, "dmean2": 0.326339662075, "dmean": 0.208377286792, "var": 0.326421707869, "dvar": 0.0660759955645, "mean": 1.35045230389}, "spectral_flux": {"min": 2.01157345145e-05, "max": 0.35973238945, "dvar2": 0.0031798274722, "median": 0.0823438763618, "dmean2": 0.0459504313767, "dmean": 0.0297388583422, "var": 0.00298238103278, "dvar": 0.00146570638753, "mean": 0.0919376537204}, "silence_rate_30dB": {"min": 0, "max": 1, "dvar2": 0.00862540490925, "median": 1, "dmean2": 0.00643843226135, "dmean": 0.00321901706047, "var": 0.00216158735566, "dvar": 0.0032088777516, "mean": 0.997833490372}, "spectral_energyband_middle_high": {"min": 3.27561068547e-11, "max": 0.0533682890236, "dvar2": 2.05142769119e-05, "median": 0.00437299953774, "dmean2": 0.00343543966301, "dmean": 0.00246456987225, "var": 4.11612854805e-05, "dvar": 1.08117055788e-05, "mean": 0.00635812105611}, "barkbands_spread": {"min": 0.643079400063, "max": 130.263778687, "dvar2": 298.959197998, "median": 31.5231246948, "dmean2": 15.3250846863, "dmean": 9.90678215027, "var": 332.426574707, "dvar": 128.62979126, "mean": 33.842048645}, "spectral_centroid": {"min": 149.963699341, "max": 6594.47265625, "dvar2": 381430.78125, "median": 2007.93884277, "dmean2": 566.07043457, "dmean": 369.918701172, "var": 553924.4375, "dvar": 176936.328125, "mean": 1995.64111328}, "pitch_salience": {"min": 0.0937105193734, "max": 0.963796198368, "dvar2": 0.013219689019, "median": 0.589037656784, "dmean2": 0.129848048091, "dmean": 0.0792377889156, "var": 0.0122777465731, "dvar": 0.00508538074791, "mean": 0.578946828842}, "erbbands_skewness": {"min": -4.98878765106, "max": 5.88964653015, "dvar2": 0.438826858997, "median": -0.021935172379, "dmean2": 0.650841832161, "dmean": 0.428112059832, "var": 0.613935232162, "dvar": 0.206273257732, "mean": -0.01573256962}, "erbbands_crest": {"min": 2.29486227036, "max": 33.2641525269, "dvar2": 19.1024971008, "median": 7.35477304459, "dmean2": 4.69894123077, "dmean": 2.87624502182, "var": 19.2007904053, "dvar": 7.81206798553, "mean": 8.54228591919}, "melbands": {"min": [7.57878221985e-12, 4.73258975411e-12, 1.26599607533e-11, 7.01829479949e-12, 4.00095538297e-12, 3.24481739221e-12, 1.76869087952e-12, 1.05057412422e-12, 5.92841476865e-13, 3.02168609145e-13, 3.19775266379e-13, 5.26492098616e-13, 5.55824212611e-13, 3.23452148312e-13, 1.29481847336e-13, 1.93495515292e-13, 2.22071357614e-13, 3.02564424253e-13, 1.56157598246e-13, 1.13074399019e-13, 1.06522511081e-13, 1.2058043908e-13, 1.52381078133e-13, 1.19953079045e-13, 8.03525066037e-14, 7.94206416127e-14, 8.23459071655e-14, 5.78402140094e-14, 4.94800022081e-14, 6.08791649362e-14, 5.40851475476e-14, 4.58268507506e-14, 8.68741385253e-14, 3.7947743499e-14, 5.479281647e-14, 6.17611362985e-14, 5.01510725309e-14, 5.92688807646e-14, 5.65992260384e-14, 5.21353996758e-14], "max": [0.0529519468546, 0.031356010586, 0.0209376253188, 0.0250413436443, 0.0108960224316, 0.0104919951409, 0.00403833063319, 0.00716378400102, 0.0068571115844, 0.00523381633684, 0.00468612927943, 0.0043384321034, 0.0030560430605, 0.00375982001424, 0.00411310372874, 0.00287566450424, 0.00290119531564, 0.00287249544635, 0.00132405338809, 0.0031698171515, 0.00287825404666, 0.000687828520313, 0.00100341276266, 0.000383207778214, 0.000468475802336, 0.0003412598453, 0.00123017083388, 0.000562427099794, 0.000306223693769, 0.00018082796305, 0.000174518077984, 0.000160292242072, 0.000152042761329, 0.000153453016537, 0.000175571476575, 0.000154954774189, 0.000102055266325, 0.000122655095765, 0.00017401369405, 5.64848050999e-05], "dvar2": [1.43777106132e-05, 1.51215081132e-05, 6.18750755166e-06, 1.14446775115e-05, 1.30872808768e-06, 1.29122682324e-07, 1.04227588338e-07, 3.00337262615e-07, 2.99024776496e-07, 1.33467281671e-07, 1.27515590975e-07, 5.33460919883e-08, 4.2248341714e-08, 5.78713610366e-08, 5.12065376768e-08, 3.74434847572e-08, 3.94470518472e-08, 1.77757879527e-08, 5.60494761714e-09, 9.9903454398e-09, 5.55399015667e-09, 2.23362794927e-09, 2.36893660244e-09, 1.24527466117e-09, 1.1399825528e-09, 7.00721869418e-10, 1.1428976654e-09, 5.94487237215e-10, 2.6130350661e-10, 1.23996465873e-10, 1.04565640868e-10, 8.84941078749e-11, 5.55491416754e-11, 4.70159848553e-11, 6.31945815122e-11, 5.11581194074e-11, 3.70363600899e-11, 2.33454089393e-11, 1.22455989793e-10, 1.80853925585e-11], "median": [0.000424767087679, 0.000493690720759, 0.000282434164546, 0.000109081025585, 6.85055638314e-05, 6.32259398117e-05, 4.67245517939e-05, 4.86740282213e-05, 4.24598802056e-05, 4.35866641055e-05, 3.94294474972e-05, 2.52078152698e-05, 2.1716043193e-05, 2.86903305096e-05, 2.35935312958e-05, 1.97951358132e-05, 2.07363191294e-05, 1.73364005605e-05, 1.32331861096e-05, 1.39749645314e-05, 1.3691366803e-05, 1.18958651001e-05, 1.20712857097e-05, 1.25955393742e-05, 1.07172372736e-05, 1.0261067473e-05, 8.70760231919e-06, 6.91597824698e-06, 4.98448162034e-06, 3.58548095392e-06, 2.96526627608e-06, 3.12920042234e-06, 2.36000437326e-06, 1.69464942701e-06, 1.60431022778e-06, 1.33232185817e-06, 1.00216232113e-06, 8.12420182683e-07, 1.21691755339e-06, 4.47826778327e-07], "dmean2": [0.0016818640288, 0.0016537536867, 0.0010170819005, 0.00106736214366, 0.000412741326727, 0.000184107149835, 0.000150757303345, 0.000227642798563, 0.000220089787035, 0.000169813312823, 0.000168664613739, 0.000100032666523, 8.304748917e-05, 0.000101960853499, 9.79070173344e-05, 8.69573414093e-05, 9.37876684475e-05, 5.77388273086e-05, 3.66040294466e-05, 3.97387993871e-05, 3.15430879709e-05, 2.53918387898e-05, 2.61358145508e-05, 2.21818827413e-05, 2.03693525691e-05, 1.65350284078e-05, 1.44979321703e-05, 1.27955236167e-05, 8.71239171829e-06, 6.27896042715e-06, 6.01095143793e-06, 5.72261706111e-06, 4.53746679341e-06, 3.95174538426e-06, 4.29869214713e-06, 3.89115120925e-06, 3.35961271958e-06, 2.62709954768e-06, 4.65643006464e-06, 2.45052456194e-06], "dmean": [0.00103495083749, 0.000986107508652, 0.000589607283473, 0.000607686757576, 0.00023527101439, 0.000113170877739, 9.19522935874e-05, 0.000141647877172, 0.000137576309498, 0.000107386338641, 0.000107152634882, 6.35536198388e-05, 5.25804862264e-05, 6.35683099972e-05, 6.11590439803e-05, 5.51195080334e-05, 5.9017464082e-05, 3.66778913303e-05, 2.2997999622e-05, 2.51652909355e-05, 1.98133002414e-05, 1.6088166376e-05, 1.65888232004e-05, 1.42437838804e-05, 1.30422540678e-05, 1.05615908979e-05, 9.26232769416e-06, 8.07832293503e-06, 5.53760219191e-06, 4.04727506975e-06, 3.91304047298e-06, 3.77802666662e-06, 3.03134447677e-06, 2.65501353169e-06, 2.92026902571e-06, 2.6111670195e-06, 2.20662946049e-06, 1.76388311957e-06, 3.00461533698e-06, 1.57593729e-06], "var": [7.36137235435e-06, 5.02448392581e-06, 1.57038834914e-06, 2.95026234198e-06, 3.57419025931e-07, 1.14495080084e-07, 5.00803771786e-08, 1.5150411059e-07, 1.47674413142e-07, 8.47649630487e-08, 8.45488941081e-08, 3.43668560276e-08, 2.44408813188e-08, 3.23320819007e-08, 2.92213542252e-08, 2.40644215665e-08, 2.92090334142e-08, 1.07808819649e-08, 4.38236780198e-09, 7.50543360795e-09, 6.42916431204e-09, 1.63493718564e-09, 1.74225056604e-09, 1.06840825076e-09, 9.95752258426e-10, 6.75684008744e-10, 8.24550261402e-10, 5.44125633439e-10, 2.25107738006e-10, 1.22448967632e-10, 9.24814252956e-11, 7.83589651498e-11, 5.59165769243e-11, 4.70136464481e-11, 5.06950453838e-11, 4.25461471609e-11, 2.79948200038e-11, 1.82324728232e-11, 5.48122415511e-11, 1.03103385204e-11], "dvar": [5.95988512941e-06, 5.656889698e-06, 2.18721447709e-06, 4.28980820288e-06, 4.69519733315e-07, 5.28082324536e-08, 4.09377776123e-08, 1.24646930999e-07, 1.23218654835e-07, 5.75302117056e-08, 5.58267139183e-08, 2.27752483539e-08, 1.74442025269e-08, 2.36387887043e-08, 2.12452491155e-08, 1.57604880258e-08, 1.63444404677e-08, 7.28360927127e-09, 2.32417152191e-09, 4.21334345191e-09, 2.44049869202e-09, 9.6045427167e-10, 1.0367436909e-09, 5.32184019075e-10, 4.87300033658e-10, 2.9924265843e-10, 4.56564119844e-10, 2.43311260029e-10, 1.09712863794e-10, 5.37113790944e-11, 4.62256691258e-11, 3.91011216461e-11, 2.5774183135e-11, 2.1971140185e-11, 2.88266702175e-11, 2.38823544274e-11, 1.67302109666e-11, 1.09128539538e-11, 5.14275289021e-11, 8.01607565049e-12], "mean": [0.00127300131135, 0.00116552389227, 0.000636953627691, 0.000487946032081, 0.000229343684623, 0.000158072303748, 0.000121748365927, 0.000174346729182, 0.000163981036167, 0.000140173258842, 0.00014019862283, 8.4283950855e-05, 7.12092005415e-05, 8.83368338691e-05, 8.24162125355e-05, 7.41690309951e-05, 8.63712557475e-05, 5.40351829841e-05, 3.80243982363e-05, 4.07433435612e-05, 3.19765094901e-05, 2.50332959695e-05, 2.62470348389e-05, 2.4528693757e-05, 2.22652925004e-05, 1.92053921637e-05, 1.72238997038e-05, 1.47249620568e-05, 9.962900549e-06, 7.2606426329e-06, 6.32949877399e-06, 6.11705809206e-06, 4.98037024954e-06, 4.05696118833e-06, 4.10728989664e-06, 3.58132797373e-06, 2.87900070362e-06, 2.32811612477e-06, 3.49688480128e-06, 1.73532669123e-06]}, "spectral_entropy": {"min": 4.97147893906, "max": 9.07113361359, "dvar2": 0.0786725431681, "median": 7.92703914642, "dmean2": 0.270153492689, "dmean": 0.188934415579, "var": 0.208570882678, "dvar": 0.0411015637219, "mean": 7.85625553131}, "spectral_rolloff": {"min": 21.533203125, "max": 21317.8710938, "dvar2": 5327958, "median": 2304.05273438, "dmean2": 1666.34094238, "dmean": 1014.49743652, "var": 6200970.5, "dvar": 2443253.5, "mean": 2733.19116211}, "barkbands": {"min": [3.16818999421e-13, 2.99470101495e-11, 3.56086037392e-12, 2.41839187565e-11, 4.42189999894e-11, 1.43906640077e-11, 9.3641240595e-12, 3.51151681517e-12, 1.69733086093e-12, 2.10042855504e-12, 4.55859438739e-12, 2.41584508474e-12, 1.86276927043e-12, 2.25095658259e-12, 2.52271814549e-12, 1.97991276152e-12, 1.87437023368e-12, 2.65154348131e-12, 2.03679911479e-12, 2.86103671136e-12, 2.42748703083e-12, 3.27645137584e-12, 3.27896000282e-12, 4.80763952954e-12, 5.72191946602e-12, 7.27085232299e-12, 1.28608401706e-10], "max": [0.0165959689766, 0.194764763117, 0.0624540150166, 0.0429509319365, 0.0982248410583, 0.0518447868526, 0.0238303989172, 0.0361342504621, 0.0359786748886, 0.0300531182438, 0.0246998462826, 0.0389528721571, 0.0213685464114, 0.0271698366851, 0.0226469840854, 0.0306871626526, 0.0119557501748, 0.0103986281902, 0.00655695237219, 0.0267008189112, 0.00702779740095, 0.00613770540804, 0.00938967335969, 0.00994618050754, 0.00599315902218, 0.00910492613912, 0.000813846709207], "dvar2": [1.53728194618e-06, 0.000174351385795, 7.02900797478e-05, 2.26899082918e-05, 0.00017803456285, 3.72433692064e-06, 3.04256968775e-06, 1.05242916106e-05, 6.0892757574e-06, 4.28492239735e-06, 2.32676393352e-06, 4.87595298182e-06, 3.50901768797e-06, 3.67489542441e-06, 1.14933766326e-06, 1.51782523972e-06, 6.78854405578e-07, 5.26404335233e-07, 3.9145777464e-07, 5.93965353346e-07, 1.88631275932e-07, 1.50594573256e-07, 1.58507276637e-07, 2.45773179586e-07, 1.83085390404e-07, 8.45239469527e-08, 6.58956578192e-09], "median": [0.000137014503707, 0.00157789327204, 0.000719162460882, 0.000494133681059, 0.000497206812724, 0.000344732688973, 0.000201280854526, 0.000256231345702, 0.000281457439996, 0.000239031011006, 0.00014073260536, 0.000228980570682, 0.000188475096365, 0.000202970957616, 0.00019229883037, 0.000197308589122, 0.000213208302739, 0.000266337272478, 0.000288366223685, 0.000236279171077, 0.000165234770975, 0.000149917221279, 9.71278204815e-05, 9.13209805731e-05, 5.54998368898e-05, 1.60867566592e-05, 2.60841011368e-06], "dmean2": [0.000550988130271, 0.00589045509696, 0.00321344076656, 0.00194008031394, 0.00428074691445, 0.00100453896448, 0.000785504525993, 0.00137721246574, 0.00116357649677, 0.000997469993308, 0.000613396347035, 0.000913836644031, 0.000894165481441, 0.000903987907805, 0.000553135760128, 0.000534186139703, 0.000457196263596, 0.000462763768155, 0.000418604235165, 0.000371408183128, 0.000257727719145, 0.000243330941885, 0.000228574994253, 0.000269927666523, 0.000246948591666, 0.000119667965919, 3.96406903747e-05], "dmean": [0.000331647694111, 0.00361370481551, 0.00184634025209, 0.00110888201743, 0.00245576701127, 0.000608902075328, 0.00047307551722, 0.000863593711983, 0.000733325548936, 0.000633005634882, 0.000385555118555, 0.000573709199671, 0.000560254033189, 0.000569940719288, 0.000344585423591, 0.000336566008627, 0.00028915682924, 0.000297058955766, 0.000271201803116, 0.000237738102442, 0.000167683756445, 0.000165102523169, 0.000159164817887, 0.000181965209777, 0.000162482494488, 7.87339668022e-05, 2.49685017479e-05], "var": [6.65766833663e-07, 8.37846382638e-05, 1.73326643562e-05, 5.76647153139e-06, 4.65521079605e-05, 3.27202769768e-06, 1.31891181354e-06, 5.30898341822e-06, 3.61570164387e-06, 3.01623413179e-06, 1.35935283652e-06, 2.83723693428e-06, 2.20697506848e-06, 2.60568936028e-06, 9.03972306787e-07, 1.40694316997e-06, 5.17353043961e-07, 4.79014374832e-07, 4.24627387474e-07, 5.32478338755e-07, 2.02991571996e-07, 1.57107407972e-07, 1.58120187166e-07, 1.87655004424e-07, 1.15662629696e-07, 4.86868039218e-08, 3.01545877157e-09], "dvar": [5.4053674603e-07, 7.20095486031e-05, 2.45729697781e-05, 8.020651876e-06, 6.6763634095e-05, 1.50741971083e-06, 1.19760807138e-06, 4.369481303e-06, 2.59160697169e-06, 1.87135913166e-06, 9.70164705905e-07, 2.01720740733e-06, 1.46863715145e-06, 1.5230207282e-06, 4.75006601164e-07, 6.49630123917e-07, 2.94502711995e-07, 2.30707541959e-07, 1.71458708564e-07, 2.44056082011e-07, 8.42675831336e-08, 7.06669069928e-08, 7.71898527319e-08, 1.15128351297e-07, 8.27657018476e-08, 3.63929935077e-08, 2.81953305148e-09], "mean": [0.00040541915223, 0.00441642105579, 0.00192318495829, 0.00117062940262, 0.00204989383928, 0.000832851685118, 0.000568806775846, 0.00102309614886, 0.00092876330018, 0.000843617948703, 0.000498907116707, 0.0007934209425, 0.000725377292838, 0.000835983897559, 0.000560177431908, 0.000539221859071, 0.000456994166598, 0.000517424545251, 0.000521151523571, 0.000470166269224, 0.000317385187373, 0.000284400826786, 0.000237498345086, 0.000244847382419, 0.000189054408111, 8.89942020876e-05, 2.33570008277e-05]}, "melbands_flatness_db": {"min": 0.0150907402858, "max": 0.598408520222, "dvar2": 0.00215879036114, "median": 0.137797698379, "dmean2": 0.046812966466, "dmean": 0.0313220471144, "var": 0.00480521190912, "dvar": 0.00100289972033, "mean": 0.152466982603}, "melbands_skewness": {"min": -4.53098583221, "max": 22.3432064056, "dvar2": 3.75806117058, "median": 1.69412565231, "dmean2": 1.51884377003, "dmean": 1.01475775242, "var": 4.55900287628, "dvar": 1.6916475296, "mean": 2.25172257423}, "barkbands_skewness": {"min": -5.69147109985, "max": 15.1025466919, "dvar2": 1.39502465725, "median": 0.675808846951, "dmean2": 0.998397469521, "dmean": 0.66275036335, "var": 1.66165530682, "dvar": 0.633131325245, "mean": 0.908566534519}, "silence_rate_60dB": {"min": 0, "max": 1, "dvar2": 0.0961501449347, "median": 0, "dmean2": 0.0866712033749, "dmean": 0.0433329194784, "var": 0.0909278988838, "dvar": 0.0414649322629, "mean": 0.101145155728}, "spectral_energyband_low": {"min": 1.14667983442e-10, "max": 0.201901704073, "dvar2": 0.000351678347215, "median": 0.0033880956471, "dmean2": 0.00886288844049, "dmean": 0.00552237452939, "var": 0.000171689738636, "dvar": 0.000144731122418, "mean": 0.00741053977981}, "spectral_energyband_middle_low": {"min": 1.3025719392e-10, "max": 0.104483380914, "dvar2": 0.000268856907496, "median": 0.00422977888957, "dmean2": 0.00815443694592, "dmean": 0.00491382181644, "var": 9.5140952908e-05, "dvar": 0.000102706027974, "mean": 0.00694725615904}, "melbands_kurtosis": {"min": -1.89442408085, "max": 891.654907227, "dvar2": 1726.20446777, "median": 3.20035219193, "dmean2": 15.8120937347, "dmean": 9.95910358429, "var": 1017.75683594, "dvar": 718.897888184, "mean": 12.1805295944}, "spectral_decrease": {"min": -5.4816336359e-08, "max": 3.22107757134e-10, "dvar2": 4.54031530384e-17, "median": -3.72050124042e-09, "dmean2": 4.12207690204e-09, "dmean": 2.63434984937e-09, "var": 2.5752221927e-17, "dvar": 1.8705847483e-17, "mean": -5.05409447626e-09}, "erbbands_kurtosis": {"min": -1.92069733143, "max": 42.860824585, "dvar2": 9.38830852509, "median": -0.100624084473, "dmean2": 1.77069842815, "dmean": 1.10550045967, "var": 5.23433065414, "dvar": 3.83233451843, "mean": 0.460337609053}, "melbands_crest": {"min": 2.47213554382, "max": 38.6947021484, "dvar2": 34.8773460388, "median": 12.077287674, "dmean2": 6.41279029846, "dmean": 3.96006846428, "var": 31.2282028198, "dvar": 13.3172578812, "mean": 12.9725399017}, "gfcc": {"cov": [[15736.1972656, -1147.07849121, 153.823455811, 1227.36291504, -21.8191738129, 504.431732178, 83.4059371948, 743.002624512, 142.392990112, 417.292602539, -214.9974823, -149.254440308, -309.78326416], [-1147.07849121, 1505.2277832, -382.91784668, -109.421890259, 120.205406189, -75.2231216431, 71.3338546753, -43.2065200806, 18.9273281097, -123.415176392, 72.6360168457, -66.9790115356, 42.6361961365], [153.823455811, -382.91784668, 1594.93225098, 475.733184814, 145.106887817, 281.694335938, 40.4058532715, 121.281082153, 11.5500478745, 74.506477356, -46.3126983643, 15.390627861, -55.3834686279], [1227.36291504, -109.421890259, 475.733184814, 782.087341309, 155.395248413, 168.55696106, 53.0853118896, 126.23664856, 37.195766449, 70.6184768677, -35.9615974426, -33.7480354309, -13.7274494171], [-21.8191738129, 120.205406189, 145.106887817, 155.395248413, 317.105651855, 107.982185364, 71.5029296875, 16.9082832336, 11.0105934143, -12.8947343826, -11.7031345367, -18.095249176, -4.74367666245], [504.431732178, -75.2231216431, 281.694335938, 168.55696106, 107.982185364, 306.367736816, 125.039665222, 81.0668792725, 4.11147880554, 35.4134712219, -1.52227771282, -5.212413311, -32.1931838989], [83.4059371948, 71.3338546753, 40.4058532715, 53.0853118896, 71.5029296875, 125.039665222, 213.395935059, 74.8732452393, 2.45001888275, -3.0242972374, 8.35022544861, 0.620613515377, -6.26868915558], [743.002624512, -43.2065200806, 121.281082153, 126.23664856, 16.9082832336, 81.0668792725, 74.8732452393, 214.455718994, 82.5319519043, 44.5883522034, -7.48218774796, -7.8330206871, -15.9105644226], [142.392990112, 18.9273281097, 11.5500478745, 37.195766449, 11.0105934143, 4.11147880554, 2.45001888275, 82.5319519043, 134.708267212, 46.5496940613, -5.41239595413, -15.1949987411, -2.15427160263], [417.292602539, -123.415176392, 74.506477356, 70.6184768677, -12.8947343826, 35.4134712219, -3.0242972374, 44.5883522034, 46.5496940613, 130.600143433, 29.2883052826, -1.24832630157, -18.1419563293], [-214.9974823, 72.6360168457, -46.3126983643, -35.9615974426, -11.7031345367, -1.52227771282, 8.35022544861, -7.48218774796, -5.41239595413, 29.2883052826, 104.478988647, 39.6554374695, 2.43875074387], [-149.254440308, -66.9790115356, 15.390627861, -33.7480354309, -18.095249176, -5.212413311, 0.620613515377, -7.8330206871, -15.1949987411, -1.24832630157, 39.6554374695, 103.540756226, 32.2580871582], [-309.78326416, 42.6361961365, -55.3834686279, -13.7274494171, -4.74367666245, -32.1931838989, -6.26868915558, -15.9105644226, -2.15427160263, -18.1419563293, 2.43875074387, 32.2580871582, 94.4007415771]], "icov": [[0.000108261112473, 2.67651466856e-05, 0.0001057687914, -0.000138258503284, 3.47390341631e-05, -0.000109002990939, 0.000134640446049, -0.000364457082469, 0.000225548355957, -0.000250018376391, 0.000272588309599, -7.44886710891e-05, 0.000272723700618], [2.67651466856e-05, 0.00100215652492, 0.000137800670927, -4.00205317419e-05, -0.000339836144121, 0.000173572960193, -0.000300356739899, 3.20410290442e-05, -0.000482211413328, 0.00114382919855, -0.0014031897299, 0.00122286693659, -0.000435000198195], [0.0001057687914, 0.000137800670927, 0.00102657824755, -0.000511302205268, -0.00012299323862, -0.000727268750779, 0.000483938580146, -0.000522858288605, 0.000348022818798, -0.000320597726386, 0.000605205248576, -0.000557080842555, 0.000623646890745], [-0.000138258503284, -4.00205317419e-05, -0.000511302205268, 0.00208851927891, -0.00072579854168, -0.000164036784554, 7.30709070922e-05, -0.000365307205357, 0.000144053934491, -0.00051516428357, 4.79508053104e-05, 0.000644805026241, -0.000898323138244], [3.47390341631e-05, -0.000339836144121, -0.00012299323862, -0.00072579854168, 0.00427449168637, -0.00109769543633, -0.000773737730924, 0.000847121002153, -0.000804169278126, 0.000672496447805, 0.000312330317684, 0.000116558760055, 8.46225229907e-05], [-0.000109002990939, 0.000173572960193, -0.000727268750779, -0.000164036784554, -0.00109769543633, 0.00604090513662, -0.00288221403025, -0.000308126676828, 0.000603752676398, -0.000721352640539, -0.000377937743906, 0.000116314724437, 0.000720162934158], [0.000134640446049, -0.000300356739899, 0.000483938580146, 7.30709070922e-05, -0.000773737730924, -0.00288221403025, 0.00763526372612, -0.00304180220701, 0.00154065177776, 0.00037709553726, -0.000126474056742, -0.000348701112671, 7.46402802179e-05], [-0.000364457082469, 3.20410290442e-05, -0.000522858288605, -0.000365307205357, 0.000847121002153, -0.000308126676828, -0.00304180220701, 0.00954171177, -0.00558321597055, 0.000603276595939, -0.000467937265057, -0.00026391731808, -0.000135856476845], [0.000225548355957, -0.000482211413328, 0.000348022818798, 0.000144053934491, -0.000804169278126, 0.000603752676398, 0.00154065177776, -0.00558321597055, 0.0123851150274, -0.00469856197014, 0.00217609945685, 0.000499220332131, -0.000337289122399], [-0.000250018376391, 0.00114382919855, -0.000320597726386, -0.00051516428357, 0.000672496447805, -0.000721352640539, 0.00037709553726, 0.000603276595939, -0.00469856197014, 0.0132028795779, -0.00634964928031, 0.00224087620154, 0.000142848643009], [0.000272588309599, -0.0014031897299, 0.000605205248576, 4.79508053104e-05, 0.000312330317684, -0.000377937743906, -0.000126474056742, -0.000467937265057, 0.00217609945685, -0.00634964928031, 0.0159934591502, -0.00727871572599, 0.00259329960681], [-7.44886710891e-05, 0.00122286693659, -0.000557080842555, 0.000644805026241, 0.000116558760055, 0.000116314724437, -0.000348701112671, -0.00026391731808, 0.000499220332131, 0.00224087620154, -0.00727871572599, 0.015290257521, -0.00564674520865], [0.000272723700618, -0.000435000198195, 0.000623646890745, -0.000898323138244, 8.46225229907e-05, 0.000720162934158, 7.46402802179e-05, -0.000135856476845, -0.000337289122399, 0.000142848643009, 0.00259329960681, -0.00564674520865, 0.0140340616927]], "mean": [-3.0556101799, 52.3462486267, -117.990478516, 32.7052192688, -54.5407676697, 17.6244392395, -33.2376708984, 9.8728351593, -23.8200778961, 2.69621825218, -13.2220106125, -1.74862384796, -11.7727594376]}, "melbands_spread": {"min": 0.550832688808, "max": 272.58605957, "dvar2": 740.594604492, "median": 35.5659408569, "dmean2": 20.9288234711, "dmean": 13.5959272385, "var": 727.839538574, "dvar": 337.696380615, "mean": 39.4742355347}, "spectral_energy": {"min": 5.77358605369e-10, "max": 0.210156276822, "dvar2": 0.000694781076163, "median": 0.0161377731711, "dmean2": 0.0164706893265, "dmean": 0.0106676332653, "var": 0.000426469166996, "dvar": 0.000291153613944, "mean": 0.0214686840773}, "mfcc": {"cov": [[10475.4130859, 57.6644477844, -388.910217285, 542.616333008, 149.313735962, 100.305015564, 158.334411621, 154.832443237, 258.274810791, 379.410186768, 308.113891602, 147.780090332, 71.8473129272], [57.6644477844, 1048.2878418, -164.292327881, -69.8383636475, 8.30783557892, -62.8354721069, 45.247215271, 31.0719490051, 8.32309818268, -21.6527690887, 45.5358886719, -11.6555480957, 5.03928852081], [-388.910217285, -164.292327881, 1082.86352539, 269.278381348, 214.58732605, 172.422363281, 100.74143219, 89.9612503052, 49.0061645508, 63.6232948303, 8.46193122864, 58.5923347473, 16.2322826385], [542.616333008, -69.8383636475, 269.278381348, 545.719360352, 198.261383057, 113.062095642, 73.4233093262, 52.6114692688, 88.2213287354, 76.4230880737, 8.35146427155, 41.352306366, 58.4605789185], [149.313735962, 8.30783557892, 214.58732605, 198.261383057, 294.620849609, 109.150672913, 43.8163833618, 46.5391540527, 55.0669364929, 41.9458312988, 18.9683856964, 15.869977951, 1.4265743494], [100.305015564, -62.8354721069, 172.422363281, 113.062095642, 109.150672913, 250.050125122, 129.261566162, 56.9061813354, 29.0789966583, 32.8290405273, 8.14481735229, 23.1201229095, -2.95338726044], [158.334411621, 45.247215271, 100.74143219, 73.4233093262, 43.8163833618, 129.261566162, 226.063171387, 95.8830795288, 35.6899414062, 16.4081497192, 22.5400104523, 26.8093605042, 19.5053596497], [154.832443237, 31.0719490051, 89.9612503052, 52.6114692688, 46.5391540527, 56.9061813354, 95.8830795288, 183.02935791, 67.0776901245, 36.2887458801, 22.9504699707, 24.6452617645, 7.33035230637], [258.274810791, 8.32309818268, 49.0061645508, 88.2213287354, 55.0669364929, 29.0789966583, 35.6899414062, 67.0776901245, 159.583633423, 72.1969528198, 19.8503246307, 6.49433803558, 9.7969455719], [379.410186768, -21.6527690887, 63.6232948303, 76.4230880737, 41.9458312988, 32.8290405273, 16.4081497192, 36.2887458801, 72.1969528198, 163.293121338, 60.245552063, 15.8539056778, 4.89481115341], [308.113891602, 45.5358886719, 8.46193122864, 8.35146427155, 18.9683856964, 8.14481735229, 22.5400104523, 22.9504699707, 19.8503246307, 60.245552063, 127.531692505, 42.5974311829, 5.79286813736], [147.780090332, -11.6555480957, 58.5923347473, 41.352306366, 15.869977951, 23.1201229095, 26.8093605042, 24.6452617645, 6.49433803558, 15.8539056778, 42.5974311829, 107.314872742, 40.7144546509], [71.8473129272, 5.03928852081, 16.2322826385, 58.4605789185, 1.4265743494, -2.95338726044, 19.5053596497, 7.33035230637, 9.7969455719, 4.89481115341, 5.79286813736, 40.7144546509, 103.906188965]], "icov": [[0.000118932453915, 6.04368824497e-06, 9.36295109568e-05, -0.000127191786305, 9.04295302462e-06, 6.91275408826e-06, -4.25568250648e-05, -1.50157156895e-05, -4.57079186162e-05, -0.000157897055033, -0.000175067878445, -7.08329025656e-05, 3.27879060933e-05], [6.04368824497e-06, 0.00107174844015, 0.000154602428665, 0.000121616460092, -0.000324781227391, 0.000480119342683, -0.000471285311505, -0.000116969669762, -5.96181889705e-05, 0.000255632097833, -0.000490351812914, 0.000271816301392, -0.000119497926789], [9.36295109568e-05, 0.000154602428665, 0.00129918812308, -0.000378029799322, -0.000540658889804, -0.000284774811007, -0.000131429362227, -0.00029726503999, 0.000190114602447, -0.000336540833814, 0.000124461497762, -0.000510398880579, 0.00017344680964], [-0.000127191786305, 0.000121616460092, -0.000378029799322, 0.00310187670402, -0.00151781842578, -0.000195700820768, -0.000290865020361, 0.000313372322125, -0.000663213257212, -0.000547878036741, 0.000808985962067, -0.000186972640222, -0.00143982493319], [9.04295302462e-06, -0.000324781227391, -0.000540658889804, -0.00151781842578, 0.00551901198924, -0.00182261434384, 0.00100382196251, -0.000379756267648, -0.000745521509089, 0.000352327508153, -0.000763563206419, 0.000299528939649, 0.000637600314803], [6.91275408826e-06, 0.000480119342683, -0.000284774811007, -0.000195700820768, -0.00182261434384, 0.00732238730416, -0.00400540512055, 0.000362455466529, 0.000451752333902, -0.000913127616514, 0.000883625005372, -0.000885411223862, 0.00138410611544], [-4.25568250648e-05, -0.000471285311505, -0.000131429362227, -0.000290865020361, 0.00100382196251, -0.00400540512055, 0.00822495203465, -0.00306937191635, -0.000168045022292, 0.00109005172271, -0.00102986232378, 0.000314597389661, -0.00131998490542], [-1.50157156895e-05, -0.000116969669762, -0.00029726503999, 0.000313372322125, -0.000379756267648, 0.000362455466529, -0.00306937191635, 0.00829858798534, -0.00266204029322, -0.0002749247069, 6.60999285174e-05, -0.00116742600221, 0.000610139511991], [-4.57079186162e-05, -5.96181889705e-05, 0.000190114602447, -0.000663213257212, -0.000745521509089, 0.000451752333902, -0.000168045022292, -0.00266204029322, 0.0094538750127, -0.00344845815562, 0.000698187795933, 0.000693764712196, -0.000419328629505], [-0.000157897055033, 0.000255632097833, -0.000336540833814, -0.000547878036741, 0.000352327508153, -0.000913127616514, 0.00109005172271, -0.0002749247069, -0.00344845815562, 0.00997207686305, -0.00431024096906, 0.00105004117358, -7.41813491913e-05], [-0.000175067878445, -0.000490351812914, 0.000124461497762, 0.000808985962067, -0.000763563206419, 0.000883625005372, -0.00102986232378, 6.60999285174e-05, 0.000698187795933, -0.00431024096906, 0.0120354238898, -0.00466029671952, 0.00118680985179], [-7.08329025656e-05, 0.000271816301392, -0.000510398880579, -0.000186972640222, 0.000299528939649, -0.000885411223862, 0.000314597389661, -0.00116742600221, 0.000693764712196, 0.00105004117358, -0.00466029671952, 0.0136824455112, -0.0050016217865], [3.27879060933e-05, -0.000119497926789, 0.00017344680964, -0.00143982493319, 0.000637600314803, 0.00138410611544, -0.00131998490542, 0.000610139511991, -0.000419328629505, -7.41813491913e-05, 0.00118680985179, -0.0050016217865, 0.012562206015]], "mean": [-642.163879395, 83.176864624, -2.41877651215, 18.2784805298, 4.01949739456, 6.05572509766, 4.85959434509, 3.89449453354, -0.652171671391, 2.95688843727, 1.9687911272, -0.501424193382, -1.40022158623]}, "spectral_contrast_valleys": {"min": [-15.7932462692, -15.5966005325, -15.8349075317, -16.259803772, -15.848649025, -17.5481491089], "max": [-5.005838871, -4.61075496674, -5.17016887665, -5.53554391861, -5.42476558685, -7.49030780792], "dvar2": [0.573890268803, 0.486458748579, 0.339460402727, 0.333692222834, 0.289549469948, 0.324148476124], "median": [-7.21538877487, -7.04653644562, -7.35056686401, -7.54932069778, -7.08100557327, -9.529712677], "dmean2": [0.788710772991, 0.76049387455, 0.64357060194, 0.594838142395, 0.49618050456, 0.552206754684], "dmean": [0.511728107929, 0.489633560181, 0.428383409977, 0.403844892979, 0.353916198015, 0.446392923594], "var": [2.66776537895, 1.56196141243, 1.46620309353, 1.76351666451, 2.17687273026, 2.268045187], "dvar": [0.276086956263, 0.215999752283, 0.164647579193, 0.174479410052, 0.161370068789, 0.198155015707], "mean": [-7.68230438232, -7.27042913437, -7.54885292053, -7.78614234924, -7.43159341812, -9.75860786438]}, "barkbands_flatness_db": {"min": 0.0116412192583, "max": 0.450910896063, "dvar2": 0.00126642466057, "median": 0.0851447805762, "dmean2": 0.0361390784383, "dmean": 0.0238556768745, "var": 0.00291272602044, "dvar": 0.000573687779251, "mean": 0.0983752310276}, "dynamic_complexity": 3.45402216911, "erbbands_flatness_db": {"min": 0.0254355482757, "max": 0.494635552168, "dvar2": 0.000878622056916, "median": 0.135966941714, "dmean2": 0.0322259515524, "dmean": 0.0229098908603, "var": 0.00312759913504, "dvar": 0.00