{"lowlevel": {"spectral_complexity": {"min": 0, "max": 65, "dvar2": 61.2335739136, "median": 14, "dmean2": 5.98126935959, "dmean": 3.97566962242, "var": 127.425010681, "dvar": 31.8414421082, "mean": 17.2377700806}, "silence_rate_20dB": {"min": 1, "max": 1, "dvar2": 0, "median": 1, "dmean2": 0, "dmean": 0, "var": 0, "dvar": 0, "mean": 1}, "average_loudness": 0.840530395508, "erbbands_spread": {"min": 0.641103088856, "max": 156.779602051, "dvar2": 227.935470581, "median": 43.4784507751, "dmean2": 13.6822977066, "dmean": 9.2100276947, "var": 427.943481445, "dvar": 105.562065125, "mean": 45.445186615}, "spectral_kurtosis": {"min": -1.32852351665, "max": 38.6522903442, "dvar2": 4.94007062912, "median": 2.53174114227, "dmean2": 1.45980679989, "dmean": 0.939567923546, "var": 9.71432781219, "dvar": 2.13282775879, "mean": 3.34312605858}, "barkbands_kurtosis": {"min": -1.95713210106, "max": 375.336334229, "dvar2": 237.519195557, "median": 1.47991991043, "dmean2": 6.22684431076, "dmean": 3.94917535782, "var": 184.95501709, "dvar": 97.309753418, "mean": 5.67466259003}, "spectral_strongpeak": {"min": 0, "max": 19.7011966705, "dvar2": 3.05197381973, "median": 0.316092818975, "dmean2": 0.87029504776, "dmean": 0.507544338703, "var": 2.65486240387, "dvar": 1.23756313324, "mean": 0.869063556194}, "spectral_spread": {"min": 1462407.375, "max": 20786662, "dvar2": 1115435565060.0, "median": 5473806.5, "dmean2": 850682.375, "dmean": 602007.25, "var": 2370763227140.0, "dvar": 585158819840, "mean": 5690498}, "spectral_rms": {"min": 1.44086004639e-06, "max": 0.0126576023176, "dvar2": 2.33314381148e-06, "median": 0.00461987638846, "dmean2": 0.00119467405602, "dmean": 0.000811432371847, "var": 4.03053718401e-06, "dvar": 1.13612929908e-06, "mean": 0.0046841618605}, "erbbands": {"min": [4.86465268068e-09, 3.55674991681e-08, 1.77598792561e-07, 6.30973886473e-07, 1.58642410497e-06, 2.6894306302e-06, 3.032270115e-06, 2.80130484498e-06, 2.90641673928e-06, 1.80840436315e-06, 2.88805779292e-07, 1.78213738877e-07, 8.05140075499e-07, 1.42469821185e-06, 6.96999734373e-07, 3.01106013012e-07, 2.34412965483e-07, 3.98776109023e-07, 1.65587707102e-07, 3.49247955e-07, 2.9268252888e-07, 1.50489171347e-07, 1.02664316159e-07, 1.19705703128e-07, 1.08663385845e-07, 7.05456173478e-08, 6.0972510596e-08, 1.23034325838e-07, 7.27087297037e-08, 4.98833685469e-08, 4.02311464143e-08, 4.44600587457e-08, 3.05016563118e-08, 1.66581397565e-08, 7.35957028652e-09, 6.88021772888e-09, 2.57718912877e-09, 1.11269493619e-09, 1.99362151787e-10, 5.39298050661e-11], "max": [3.12200260162, 35.3544769287, 68.4833068848, 43.205116272, 162.639343262, 163.567596436, 71.5544128418, 445.906951904, 428.625762939, 570.125427246, 741.41583252, 984.79699707, 920.615600586, 1352.68054199, 748.980224609, 1216.17980957, 1873.01367188, 1947.83544922, 2469.89550781, 2038.65087891, 864.069824219, 1824.10949707, 2808.29101562, 816.857177734, 1140.79931641, 758.249938965, 2053.89306641, 1808.88964844, 1641.39904785, 1302.13098145, 1638.6184082, 524.160949707, 151.322250366, 74.5273666382, 27.6441421509, 14.319026947, 3.05599427223, 0.997774362564, 0.126126408577, 0.00468001607805], "dvar2": [0.116402357817, 25.9818840027, 87.6197814941, 30.761838913, 175.563827515, 193.375991821, 44.3522567749, 419.95324707, 1416.84802246, 1599.00427246, 1151.7322998, 1757.9329834, 3082.93261719, 3704.01953125, 1224.95776367, 2978.54174805, 3306.93359375, 5378.46533203, 5102.6171875, 2394.36230469, 2570.59790039, 2782.66357422, 2855.15844727, 1643.22631836, 2048.31665039, 1882.55847168, 3505.21875, 2520.26074219, 3502.07861328, 2523.51025391, 1480.15600586, 280.167785645, 84.1953735352, 24.6964473724, 3.18419694901, 0.627623081207, 0.155860260129, 0.0173199027777, 0.000272766075796, 3.95528104491e-07], "median": [0.145916298032, 1.26503002644, 3.36603736877, 2.54072570801, 0.869815945625, 1.53302037716, 2.49103927612, 4.0779800415, 6.31252527237, 5.71310091019, 5.22659397125, 5.97409677505, 7.86525201797, 6.44532394409, 5.00261163712, 4.93303442001, 6.09192705154, 7.52617168427, 6.19503498077, 5.1930103302, 6.91775798798, 5.44858694077, 7.31033802032, 7.24561166763, 6.30408763885, 6.62462472916, 5.80129718781, 5.5640130043, 4.90162372589, 4.51103115082, 2.69236278534, 2.05676937103, 1.48394870758, 0.624759972095, 0.251412570477, 0.107993587852, 0.038391571492, 0.00723943207413, 0.000745898112655, 5.70712400076e-05], "dmean2": [0.196454375982, 2.35448503494, 4.55041313171, 2.78400564194, 4.31400585175, 4.96121263504, 3.90791273117, 8.15991210938, 16.4759197235, 15.3106250763, 12.3123865128, 14.1672677994, 23.1825466156, 23.2987136841, 13.0756587982, 17.3443393707, 19.4638137817, 23.9235839844, 24.6907196045, 17.8613471985, 20.0006122589, 17.140838623, 21.9613571167, 19.011259079, 17.3997745514, 17.7042579651, 16.9419116974, 14.6042728424, 14.0124197006, 12.7207689285, 9.05792713165, 5.54913663864, 3.59505391121, 1.99344789982, 0.769792556763, 0.373107403517, 0.19201631844, 0.0568461939692, 0.00709381513298, 0.000280802982161], "dmean": [0.117401510477, 1.45758068562, 2.90516519547, 1.67175090313, 2.53742599487, 2.92469739914, 2.45044517517, 5.07604598999, 10.6362714767, 10.2140989304, 8.47074222565, 9.49804878235, 15.7920942307, 15.8032064438, 8.70024681091, 12.2420701981, 14.444026947, 16.1514511108, 16.6354427338, 11.9469175339, 12.9113998413, 11.040099144, 14.2779588699, 12.1011428833, 10.9875764847, 10.9382190704, 10.4599437714, 9.44813537598, 9.33006095886, 8.83635616302, 6.35058116913, 4.05009508133, 2.6216711998, 1.47704064846, 0.591615915298, 0.285586357117, 0.131184399128, 0.0370002649724, 0.00457264157012, 0.000183754120371], "var": [0.050752684474, 11.4006433487, 48.8229408264, 12.9895973206, 65.5284729004, 59.745929718, 32.1033172607, 268.268554688, 1312.54455566, 1578.02990723, 1466.40209961, 1383.17663574, 3690.30151367, 5879.08642578, 1066.86877441, 5973.48876953, 10738.0595703, 7463.24755859, 12927.1230469, 7586.02587891, 2326.35327148, 2710.81152344, 5886.18896484, 1770.17541504, 2062.47119141, 1278.65563965, 1443.8092041, 1697.8112793, 3053.58666992, 2955.64575195, 1956.55163574, 443.166564941, 107.350814819, 27.8081569672, 4.78950643539, 0.986900985241, 0.113703362644, 0.00871265213937, 0.000126448532683, 2.11502793945e-07], "dvar": [0.0419215038419, 10.4022455215, 38.132724762, 11.3781166077, 70.6431655884, 71.2450256348, 17.4505214691, 162.124588013, 604.770935059, 704.03503418, 552.907653809, 732.785217285, 1418.54650879, 1704.12011719, 548.041748047, 1725.15966797, 2397.78198242, 2805.24560547, 2620.26123047, 1139.17419434, 1074.66589355, 1225.20617676, 1560.88110352, 701.482116699, 879.772338867, 763.194274902, 1335.04699707, 1112.19677734, 1655.31835938, 1313.3581543, 766.046142578, 150.121444702, 42.0018005371, 12.2222204208, 1.70931613445, 0.345187395811, 0.0724067315459, 0.00769627420232, 0.000118614341773, 1.79006462986e-07], "mean": [0.200978368521, 2.12576270103, 5.06775331497, 3.34496831894, 2.79494690895, 3.63093543053, 4.38353061676, 8.60206794739, 19.8608436584, 18.846698761, 16.1234931946, 17.63256073, 28.4313526154, 30.3993148804, 14.6588401794, 21.8366889954, 28.9873847961, 27.236787796, 32.1748123169, 23.5664672852, 21.8060626984, 19.2253761292, 25.0490150452, 21.4713439941, 20.0402164459, 18.5781059265, 16.7836742401, 16.3768920898, 17.2536716461, 16.2144794464, 11.1778678894, 7.63300132751, 4.95184612274, 2.58404755592, 1.10976099968, 0.513984322548, 0.181721642613, 0.0418345034122, 0.00488732708618, 0.000227029522648]}, "zerocrossingrate": {"min": 0.00146484375, "max": 0.35546875, "dvar2": 0.000270348769845, "median": 0.06884765625, "dmean2": 0.0151079557836, "dmean": 0.0134590584785, "var": 0.00215068692341, "dvar": 0.000243740621954, "mean": 0.0768980383873}, "spectral_contrast_coeffs": {"min": [-0.972508609295, -0.943193852901, -0.958995103836, -0.920313835144, -0.928613185883, -0.945200443268], "max": [-0.379495561123, -0.378383994102, -0.454921752214, -0.480709373951, -0.552108407021, -0.580525457859], "dvar2": [0.00419029360637, 0.00327734556049, 0.00264977361076, 0.00185724603944, 0.000993106514215, 0.000732294691261], "median": [-0.690129160881, -0.733412563801, -0.74436801672, -0.760021269321, -0.785248816013, -0.765268743038], "dmean2": [0.0771437585354, 0.0693301185966, 0.0617262944579, 0.053067818284, 0.0382500067353, 0.0289247818291], "dmean": [0.0465347059071, 0.0433921515942, 0.0397342182696, 0.0336598344147, 0.0241970829666, 0.0184051971883], "var": [0.00511643895879, 0.00538644846529, 0.00534876389429, 0.00434197997674, 0.00237106462009, 0.00165962951723], "dvar": [0.00156283483375, 0.00135140737984, 0.00114924379159, 0.000822095782496, 0.000442271295469, 0.000313089432893], "mean": [-0.685495138168, -0.72619920969, -0.735842883587, -0.752450227737, -0.780068933964, -0.764398276806]}, "dissonance": {"min": 0.203987315297, "max": 0.499985009432, "dvar2": 0.00092818721896, "median": 0.470093637705, "dmean2": 0.0303101502359, "dmean": 0.0183132011443, "var": 0.000879572122358, "dvar": 0.000345736101735, "mean": 0.46224078536}, "spectral_energyband_high": {"min": 1.37270550829e-11, "max": 0.116087079048, "dvar2": 1.68301849044e-05, "median": 0.000814712082502, "dmean2": 0.00131313630845, "dmean": 0.000972622947302, "var": 2.19250505324e-05, "dvar": 8.89372677193e-06, "mean": 0.00217126612552}, "spectral_skewness": {"min": -0.340892255306, "max": 4.80175971985, "dvar2": 0.0802536830306, "median": 1.26538598537, "dmean2": 0.248580485582, "dmean": 0.164693072438, "var": 0.290501922369, "dvar": 0.0379845462739, "mean": 1.37668013573}, "spectral_flux": {"min": 0.000340959843015, "max": 0.339978456497, "dvar2": 0.00244838395156, "median": 0.0695644393563, "dmean2": 0.0404891297221, "dmean": 0.0257633924484, "var": 0.0028077266179, "dvar": 0.00105383282062, "mean": 0.0812171474099}, "silence_rate_30dB": {"min": 0, "max": 1, "dvar2": 0.0151163376868, "median": 1, "dmean2": 0.0105032818392, "dmean": 0.00525118131191, "var": 0.00287897046655, "dvar": 0.00522281974554, "mean": 0.997112095356}, "spectral_energyband_middle_high": {"min": 1.01625693971e-10, "max": 0.0671486705542, "dvar2": 1.96040982701e-05, "median": 0.00239438866265, "dmean2": 0.002654398093, "dmean": 0.00184351974167, "var": 5.44174326933e-05, "dvar": 9.80366621661e-06, "mean": 0.00535758491606}, "barkbands_spread": {"min": 0.69213026762, "max": 114.423210144, "dvar2": 181.64225769, "median": 27.0235309601, "dmean2": 11.4533786774, "dmean": 7.61346769333, "var": 354.802947998, "dvar": 83.2647018433, "mean": 30.0679397583}, "spectral_centroid": {"min": 117.820846558, "max": 6020.98486328, "dvar2": 242625.375, "median": 1643.5579834, "dmean2": 426.249755859, "dmean": 280.892913818, "var": 693398.3125, "dvar": 114276.578125, "mean": 1684.74560547}, "pitch_salience": {"min": 0.122093521059, "max": 0.900431752205, "dvar2": 0.0119015201926, "median": 0.476070463657, "dmean2": 0.113358914852, "dmean": 0.0702996850014, "var": 0.0153547627851, "dvar": 0.00481528323144, "mean": 0.48167681694}, "erbbands_skewness": {"min": -6.87304592133, "max": 7.35967826843, "dvar2": 0.31033077836, "median": 0.192077338696, "dmean2": 0.543617784977, "dmean": 0.363750994205, "var": 0.766965031624, "dvar": 0.147205755115, "mean": 0.17452827096}, "erbbands_crest": {"min": 2.1888999939, "max": 31.480255127, "dvar2": 14.1678981781, "median": 7.55397605896, "dmean2": 3.94139075279, "dmean": 2.50408887863, "var": 23.4412002563, "dvar": 6.1706571579, "mean": 8.88918018341}, "melbands": {"min": [4.65696370355e-11, 7.7705591961e-11, 1.27255359028e-10, 3.62595023451e-11, 1.12104180106e-10, 6.38358671479e-11, 4.32804486694e-11, 1.61474843913e-11, 1.60764186252e-12, 9.52358526242e-13, 4.28230020888e-12, 6.13653442297e-12, 2.63459588347e-12, 1.04627753943e-12, 4.54064276413e-13, 6.71763209295e-13, 7.65114046338e-13, 2.66735987681e-13, 3.62556230697e-13, 4.6367217791e-13, 3.36887906894e-13, 1.74673765578e-13, 9.94369517282e-14, 9.15704686556e-14, 9.57759194761e-14, 8.43661891649e-14, 6.81731011703e-14, 4.09841668795e-14, 3.49729129662e-14, 5.38610327942e-14, 7.49037130606e-14, 4.21464282203e-14, 3.19048884805e-14, 2.80034598076e-14, 2.42507464034e-14, 2.29551281954e-14, 2.79022292061e-14, 2.07993277007e-14, 1.86764429063e-14, 1.28517971276e-14], "max": [0.0294277854264, 0.0374049544334, 0.00682379305363, 0.0112406620756, 0.00272560981102, 0.00926859676838, 0.00616856850684, 0.00596935069188, 0.00527166249231, 0.00688088545576, 0.00443788757548, 0.00588880758733, 0.0023849052377, 0.00370393856429, 0.00504339626059, 0.00416611041874, 0.00420383503661, 0.00578707735986, 0.00448014587164, 0.00175347062759, 0.00136428466067, 0.00194948108401, 0.00259564979933, 0.00149317085743, 0.00076210469706, 0.00134923285805, 0.0011708617676, 0.000515242456459, 0.00121641217265, 0.00126291299239, 0.0011290863622, 0.00103757216129, 0.00103397981729, 0.000787005759776, 0.00103767053224, 0.000558076018933, 0.000257564504864, 0.000123133533634, 0.000103028680314, 4.82420291519e-05], "dvar2": [1.78486097866e-05, 2.91202395601e-05, 8.72370151228e-07, 1.24101018173e-06, 6.40854551648e-08, 1.95502479983e-07, 3.18114160791e-07, 1.64178601381e-07, 6.69265602937e-08, 8.82308484051e-08, 8.11284976976e-08, 6.76771634289e-08, 1.30106716512e-08, 3.10460137598e-08, 2.72983324834e-08, 2.08402717305e-08, 2.26917258317e-08, 1.90902156305e-08, 8.38094926792e-09, 4.20941370649e-09, 4.91840923544e-09, 3.64265972941e-09, 3.53246987217e-09, 2.46030129603e-09, 1.28471011607e-09, 1.85118076423e-09, 1.43599154789e-09, 9.35995281282e-10, 1.56618762404e-09, 1.0039663545e-09, 9.89778481397e-10, 1.14341747182e-09, 1.45731560153e-09, 8.04388500253e-10, 6.96803115208e-10, 2.83368412068e-10, 9.55585888196e-11, 5.33104949074e-11, 4.0022703901e-11, 1.47902801118e-11], "median": [0.00144593371078, 0.00187489180826, 0.000418766780058, 8.00565321697e-05, 8.63507812028e-05, 9.13724798011e-05, 9.99140975182e-05, 5.88390030316e-05, 3.71011992684e-05, 3.95949791709e-05, 3.72907343262e-05, 2.42766891461e-05, 1.45613721543e-05, 1.3769126781e-05, 9.11085589905e-06, 1.5274159523e-05, 1.12942843771e-05, 8.18009993964e-06, 7.1937561188e-06, 5.18626256962e-06, 6.86414887241e-06, 4.5909405344e-06, 4.58547265225e-06, 6.50300398775e-06, 5.00749001731e-06, 3.86649935535e-06, 4.62492562292e-06, 3.67869142792e-06, 3.53874952452e-06, 3.04091213366e-06, 3.02123748952e-06, 2.41701627601e-06, 2.92625759357e-06, 2.20731885747e-06, 1.50490109263e-06, 1.18303421459e-06, 1.2227917523e-06, 1.08493736661e-06, 7.14460554718e-07, 4.31129365097e-07], "dmean2": [0.00216802326031, 0.00261792144738, 0.000501378497574, 0.00036152228131, 0.000140383737744, 0.000179012975423, 0.000255643099081, 0.00015718958457, 9.76200099103e-05, 0.000103350612335, 0.000119993055705, 9.98438990791e-05, 4.68897960673e-05, 5.53287864022e-05, 4.73015788884e-05, 5.31523073732e-05, 4.63117721665e-05, 4.4571224862e-05, 3.50213085767e-05, 2.13286621147e-05, 2.53073048953e-05, 1.85075732588e-05, 2.00239082915e-05, 2.25783333008e-05, 1.61772077263e-05, 1.42955805131e-05, 1.47524315253e-05, 1.23094196169e-05, 1.19704227473e-05, 9.30158239498e-06, 8.95421817404e-06, 8.30914996186e-06, 8.90166847967e-06, 7.37151003705e-06, 5.89945193497e-06, 4.41294378106e-06, 3.67541770174e-06, 2.73722798738e-06, 2.50659513767e-06, 1.56709984367e-06], "dmean": [0.00131389976013, 0.00167155906092, 0.00030195756699, 0.000213532344787, 8.66352056619e-05, 0.000112153225928, 0.000164900236996, 0.000105479521153, 6.71894085826e-05, 6.89292210154e-05, 8.19306442281e-05, 6.77113857819e-05, 3.11365220114e-05, 3.73073635274e-05, 3.35979057127e-05, 3.69516965293e-05, 3.08831004077e-05, 2.98460236081e-05, 2.36534251599e-05, 1.41269529195e-05, 1.62420146808e-05, 1.18422512969e-05, 1.29505178847e-05, 1.43260849654e-05, 1.02513495222e-05, 9.0640360213e-06, 9.13784151635e-06, 7.49095215724e-06, 7.25658946976e-06, 5.81230915486e-06, 5.79335255679e-06, 5.46385399502e-06, 5.95296887695e-06, 4.99003590448e-06, 4.0237500798e-06, 3.03713818539e-06, 2.55519103121e-06, 1.92482502825e-06, 1.76824039499e-06, 1.1403623148e-06], "var": [7.69483631302e-06, 1.64164703165e-05, 3.87879424579e-07, 4.299492673e-07, 3.91954770862e-08, 1.23112016581e-07, 3.18445955827e-07, 1.58475572221e-07, 9.23346377135e-08, 6.75661269156e-08, 1.01308884837e-07, 1.04221285824e-07, 1.49143133399e-08, 3.55756739623e-08, 8.89900135803e-08, 4.02135960087e-08, 3.32181890883e-08, 5.2583168042e-08, 2.11989803489e-08, 6.52170584203e-09, 4.24118029585e-09, 2.88833867934e-09, 6.90450807639e-09, 3.93601018445e-09, 1.28967481139e-09, 1.28997412752e-09, 1.44908396393e-09, 5.43631084593e-10, 6.23155027579e-10, 4.93793339551e-10, 6.64136134976e-10, 9.3217289443e-10, 1.24362831144e-09, 8.93955187653e-10, 8.05320643504e-10, 3.4047248354e-10, 1.36847311261e-10, 5.69489212732e-11, 4.03614086597e-11, 1.55721720241e-11], "dvar": [6.74147440805e-06, 1.28926121761e-05, 3.33286436671e-07, 4.8657420848e-07, 2.42843523068e-08, 7.57076108471e-08, 1.34591772394e-07, 7.21078308175e-08, 3.18665733801e-08, 3.64900714089e-08, 3.76668651825e-08, 3.12229069266e-08, 6.21505469312e-09, 1.5732094738e-08, 1.60197988208e-08, 1.36163604836e-08, 1.23181660427e-08, 9.67718349898e-09, 4.52133308571e-09, 1.84556581129e-09, 2.02976568886e-09, 1.61015500932e-09, 1.79736481254e-09, 1.17352894069e-09, 5.51688250638e-10, 7.74061093001e-10, 6.34868324578e-10, 3.73718028746e-10, 5.87565829324e-10, 4.09035860738e-10, 4.37002739551e-10, 5.32054234004e-10, 6.76433464797e-10, 4.09021122527e-10, 3.44829470533e-10, 1.38854705511e-10, 4.88486959216e-11, 2.48335900455e-11, 1.90113324389e-11, 7.18834497135e-12], "mean": [0.00215292419307, 0.00283303088509, 0.000573790923227, 0.000240103443502, 0.000152906985022, 0.000191228187759, 0.000317564205034, 0.000191738901776, 0.000128546147607, 0.000122826822917, 0.000145794940181, 0.000127685590996, 5.14531093359e-05, 5.56341619813e-05, 6.80100856698e-05, 6.23146406724e-05, 4.81883980683e-05, 5.41484805581e-05, 4.16752845922e-05, 2.33525861404e-05, 2.53221569437e-05, 1.83381689567e-05, 2.16787630052e-05, 2.28127591981e-05, 1.67661601154e-05, 1.45039766721e-05, 1.52562979565e-05, 1.14940503408e-05, 1.07838322947e-05, 9.1394977062e-06, 9.53533435677e-06, 9.36553806241e-06, 1.04024466054e-05, 8.43234920467e-06, 6.62505135551e-06, 5.22323762198e-06, 4.52992344435e-06, 3.53114705831e-06, 2.94965298053e-06, 1.92127026821e-06]}, "spectral_entropy": {"min": 5.58289146423, "max": 8.83870792389, "dvar2": 0.0602866709232, "median": 7.79701709747, "dmean2": 0.219577401876, "dmean": 0.15309099853, "var": 0.225296005607, "dvar": 0.0315352678299, "mean": 7.73566150665}, "spectral_rolloff": {"min": 86.1328125, "max": 11541.796875, "dvar2": 2504783.75, "median": 1248.92578125, "dmean2": 1101.81433105, "dmean": 693.429321289, "var": 3699220.25, "dvar": 1224925.125, "mean": 1897.33398438}, "barkbands": {"min": [7.53935733289e-11, 1.55159302073e-10, 1.86178822359e-10, 1.26855692617e-10, 5.00121777325e-10, 3.52422369065e-10, 1.89113211202e-10, 2.25088159916e-11, 6.6648145336e-12, 4.45980474773e-11, 2.12721350951e-11, 8.05292204448e-12, 5.35679313407e-12, 6.91232618019e-12, 4.10194231013e-12, 5.6314432284e-12, 3.08216126232e-12, 2.20417130728e-12, 2.19495146885e-12, 1.55686422955e-12, 2.34749264298e-12, 1.93043129225e-12, 1.48395542816e-12, 2.05987982747e-12, 1.20801838584e-12, 1.51139907881e-12, 2.71535138124e-12], "max": [0.0147854182869, 0.132338374853, 0.0579995028675, 0.0137781249359, 0.0434925369918, 0.039974398911, 0.033237490803, 0.0285507328808, 0.0391647219658, 0.0339680276811, 0.017611278221, 0.0312495138496, 0.0343244671822, 0.0619663260877, 0.0506454482675, 0.0204360187054, 0.02675816603, 0.0439088642597, 0.0206586197019, 0.0192506778985, 0.0555280409753, 0.0452476218343, 0.0445558130741, 0.0121108936146, 0.00458287028596, 0.00185151188634, 0.000670592533424], "dvar2": [1.32825834953e-06, 0.000371676986106, 5.27737065568e-05, 2.12479039874e-06, 1.85700628208e-05, 3.8045443489e-06, 8.09024641057e-06, 2.85633632302e-06, 3.92931860915e-06, 3.46984006683e-06, 1.20964648431e-06, 3.17369267577e-06, 2.53948905993e-06, 2.88915089186e-06, 1.66178676864e-06, 8.94067284207e-07, 9.77074137154e-07, 1.06701736513e-06, 7.58848727855e-07, 8.50819617426e-07, 1.93835717255e-06, 2.7512401175e-06, 1.69727138655e-06, 3.50204715005e-07, 1.23162223531e-07, 3.6672631154e-08, 8.69253202751e-09], "median": [0.000167184072779, 0.00554318446666, 0.00289843929932, 0.000396826624637, 0.000455708941445, 0.000431726453826, 0.000428769970313, 0.000185608747415, 0.000313261640258, 0.000140058706165, 9.61572150118e-05, 0.000130037253257, 0.000124699843582, 0.000128306288389, 9.04053886188e-05, 0.000101836471003, 7.39728930057e-05, 0.000131304303068, 0.000110941822641, 0.000140125281177, 0.000150602747453, 0.000144829158671, 0.000102742851595, 9.66237348621e-05, 4.55523259006e-05, 2.30977766478e-05, 3.9740370994e-06], "dmean2": [0.000558237894438, 0.00924209039658, 0.00355260167271, 0.000701607961673, 0.00149223278277, 0.000810408382677, 0.00128064595629, 0.000572402437683, 0.000783955096267, 0.000723286881112, 0.000432887871284, 0.000548597832676, 0.000524966802914, 0.000566570670344, 0.000459608680103, 0.000363233644748, 0.000309075461701, 0.000447361409897, 0.000351460359525, 0.000395361072151, 0.000392140180338, 0.000390180852264, 0.00032896886114, 0.000224286777666, 0.000143402809044, 9.68424938037e-05, 3.9944134187e-05], "dmean": [0.000321767816786, 0.00568162277341, 0.00220784707926, 0.000409040600061, 0.000889012822881, 0.000507233839016, 0.000825225142762, 0.000385801453376, 0.000527372583747, 0.000491193146445, 0.0002860937675, 0.00036118546268, 0.000359394674888, 0.000373069517082, 0.000305445486447, 0.000235028011957, 0.000198787573026, 0.000283710542135, 0.000223913128139, 0.000245776405791, 0.000248877389822, 0.000263747235294, 0.000233093363931, 0.000165606921655, 0.000107897038106, 6.91223904141e-05, 2.58406107605e-05], "var": [4.96768677749e-07, 0.000162194046425, 2.55963641393e-05, 7.82103029451e-07, 6.80834727973e-06, 2.28860290008e-06, 8.32463592815e-06, 2.83918234345e-06, 3.62406126442e-06, 5.03273167851e-06, 1.64765867794e-06, 3.66911694982e-06, 5.17603757544e-06, 6.24257609161e-06, 3.53860741598e-06, 8.23117375148e-07, 8.1973990973e-07, 1.81192172022e-06, 6.87377109898e-07, 7.02631155036e-07, 9.66129505287e-07, 2.48926835411e-06, 2.42380610871e-06, 5.47826914499e-07, 1.506007834e-07, 3.71029891255e-08, 4.16255874214e-09], "dvar": [4.9156960813e-07, 0.000146187798236, 2.09505651583e-05, 7.96525569058e-07, 7.3150335993e-06, 1.45086903558e-06, 3.37164397024e-06, 1.268042638e-06, 1.6522868691e-06, 1.69337442912e-06, 5.92594346926e-07, 1.59416538281e-06, 1.61493858286e-06, 1.51694530359e-06, 8.84953863078e-07, 3.92576140484e-07, 4.43603966005e-07, 5.37393418654e-07, 3.2197712585e-07, 3.61502003443e-07, 7.86539146702e-07, 1.3080377812e-06, 9.10747587568e-07, 1.8567787663e-07, 6.25149496614e-08, 1.83719759406e-08, 3.82721410119e-09], "mean": [0.000394881208194, 0.00875615235418, 0.00407565711066, 0.000601775187533, 0.00113036239054, 0.000859945488628, 0.00157524761744, 0.000641965249088, 0.000968941953033, 0.000871774100233, 0.000470651924843, 0.000562038214412, 0.000634436379187, 0.000620552920736, 0.000533697777428, 0.000370989728253, 0.000304534944007, 0.000470019556815, 0.000384266983019, 0.0004153221671, 0.000416790222516, 0.000494989741128, 0.000414640235249, 0.000325081840856, 0.000192882784177, 0.000106049927126, 2.75424135907e-05]}, "melbands_flatness_db": {"min": 0.0239389520139, "max": 0.545183479786, "dvar2": 0.0020931174513, "median": 0.181722536683, "dmean2": 0.0422330386937, "dmean": 0.0281250812113, "var": 0.0063347411342, "dvar": 0.000951896654442, "mean": 0.194792747498}, "melbands_skewness": {"min": -4.18255233765, "max": 16.3813343048, "dvar2": 2.91667771339, "median": 2.66020917892, "dmean2": 1.36827504635, "dmean": 0.902957260609, "var": 4.51740932465, "dvar": 1.30196356773, "mean": 3.12535405159}, "barkbands_skewness": {"min": -7.94814348221, "max": 17.6218280792, "dvar2": 1.40210711956, "median": 1.38130223751, "dmean2": 0.937842667103, "dmean": 0.623942732811, "var": 2.49963283539, "dvar": 0.613136589527, "mean": 1.66800749302}, "silence_rate_60dB": {"min": 0, "max": 1, "dvar2": 0.0394640378654, "median": 0, "dmean2": 0.0339606143534, "dmean": 0.0169788207859, "var": 0.0687748044729, "dvar": 0.0166920460761, "mean": 0.0742977187037}, "spectral_energyband_low": {"min": 5.07696662488e-10, "max": 0.160020813346, "dvar2": 0.00049670948647, "median": 0.010086921975, "dmean2": 0.0114468140528, "dmean": 0.00724271405488, "var": 0.000281067303149, "dvar": 0.000212094979361, "mean": 0.0135710546747}, "spectral_energyband_middle_low": {"min": 1.60020385831e-09, "max": 0.0588794313371, "dvar2": 4.55025510746e-05, "median": 0.00387289654464, "dmean2": 0.00382899167016, "dmean": 0.00243782275356, "var": 4.09827589465e-05, "dvar": 1.90220525838e-05, "mean": 0.00595430564135}, "melbands_kurtosis": {"min": -1.91840362549, "max": 478.04901123, "dvar2": 1455.21447754, "median": 9.1563539505, "dmean2": 17.3803100586, "dmean": 11.0262699127, "var": 957.574157715, "dvar": 584.99395752, "mean": 19.3410663605}, "spectral_decrease": {"min": -4.29926032552e-08, "max": -5.45843171925e-16, "dvar2": 3.43540483015e-17, "median": -5.29949994998e-09, "dmean2": 3.63234753387e-09, "dmean": 2.36747532689e-09, "var": 2.7326837978e-17, "dvar": 1.52489703677e-17, "mean": -6.36700736578e-09}, "erbbands_kurtosis": {"min": -1.69942879677, "max": 137.995605469, "dvar2": 9.02574443817, "median": -0.193235397339, "dmean2": 1.47777283192, "dmean": 0.974516987801, "var": 13.292470932, "dvar": 4.53533315659, "mean": 0.648872613907}, "melbands_crest": {"min": 3.17547225952, "max": 33.2150688171, "dvar2": 20.2138309479, "median": 15.3773298264, "dmean2": 4.94379043579, "dmean": 3.0428481102, "var": 27.8674087524, "dvar": 8.14075088501, "mean": 15.4733686447}, "gfcc": {"cov": [[8387.82714844, -1587.83459473, 250.150619507, 783.602416992, -41.4801902771, 290.15927124, -21.2091522217, 247.83732605, -202.488449097, 8.6160364151, -218.369750977, -91.2213897705, -183.377731323], [-1587.83459473, 1616.54492188, 264.031463623, -31.2254295349, 207.726287842, -8.90591526031, 124.043029785, -33.5811500549, 106.433921814, -111.222999573, 55.7931594849, -75.6171417236, 31.4035453796], [250.150619507, 264.031463623, 897.146789551, 216.364730835, 204.131347656, 101.647010803, 52.4110412598, -4.23131227493, -27.5987186432, -69.3623352051, -58.4135017395, -38.8504333496, -62.7856788635], [783.602416992, -31.2254295349, 216.364730835, 543.434814453, 103.275924683, 105.554222107, 17.2643966675, 39.6776695251, -32.1317749023, -11.7449417114, -35.0789756775, -48.4133338928, -20.0137176514], [-41.4801902771, 207.726287842, 204.131347656, 103.275924683, 405.238922119, 116.667060852, 91.3472824097, 19.8909358978, 21.2118587494, -27.4269657135, -5.66382694244, -20.9775562286, -11.4483098984], [290.15927124, -8.90591526031, 101.647010803, 105.554222107, 116.667060852, 274.590637207, 102.389564514, 17.6364212036, -27.262714386, 2.10757923126, 7.05884313583, -25.8214607239, -32.3600273132], [-21.2091522217, 124.043029785, 52.4110412598, 17.2643966675, 91.3472824097, 102.389564514, 200.498703003, 49.3889579773, 9.69037246704, -9.69971752167, 27.4339332581, -7.46153736115, -18.8466625214], [247.83732605, -33.5811500549, -4.23131227493, 39.6776695251, 19.8909358978, 17.6364212036, 49.3889579773, 136.879440308, 34.6640396118, -9.59464740753, -5.88104295731, 4.35658311844, 4.11685419083], [-202.488449097, 106.433921814, -27.5987186432, -32.1317749023, 21.2118587494, -27.262714386, 9.69037246704, 34.6640396118, 138.857528687, 37.6690483093, 13.8154535294, 5.41387939453, 9.33819580078], [8.6160364151, -111.222999573, -69.3623352051, -11.7449417114, -27.4269657135, 2.10757923126, -9.69971752167, -9.59464740753, 37.6690483093, 124.607536316, 50.3983421326, 1.6970512867, -9.54430770874], [-218.369750977, 55.7931594849, -58.4135017395, -35.0789756775, -5.66382694244, 7.05884313583, 27.4339332581, -5.88104295731, 13.8154535294, 50.3983421326, 105.429664612, 27.6131820679, -9.93755149841], [-91.2213897705, -75.6171417236, -38.8504333496, -48.4133338928, -20.9775562286, -25.8214607239, -7.46153736115, 4.35658311844, 5.41387939453, 1.6970512867, 27.6131820679, 81.5964279175, 27.9249382019], [-183.377731323, 31.4035453796, -62.7856788635, -20.0137176514, -11.4483098984, -32.3600273132, -18.8466625214, 4.11685419083, 9.33819580078, -9.54430770874, -9.93755149841, 27.9249382019, 87.1128005981]], "icov": [[0.000196080669411, 0.000154554683832, -1.38587529364e-05, -0.000199987916858, 3.46872693626e-05, -8.23466398288e-05, 3.46278466168e-05, -0.000302063359413, 0.000132530534756, -3.06125366478e-05, 0.000243513481109, 4.9066155043e-05, 0.000291336735245], [0.000154554683832, 0.00130357290618, -0.000360932317562, -3.40035039699e-05, -0.000202344017453, 0.000243802496698, -0.000461339048343, 0.0005293416325, -0.00122481083963, 0.00193020433653, -0.00189105072059, 0.00218252977356, -0.00104596849997], [-1.38587529364e-05, -0.000360932317562, 0.00161435466725, -0.000472011364764, -0.000487499783048, -0.000142835386214, 3.28611508849e-06, 0.000176468471182, 0.000293994322419, -3.37616875186e-05, 0.0012653619051, -0.000986581668258, 0.00145666615572], [-0.000199987916858, -3.40035039699e-05, -0.000472011364764, 0.00259198038839, -0.000344553176546, -0.000524133618455, 0.000456560024759, -0.00059955456527, 0.000390954257455, -0.000192746854736, -0.000275948288618, 0.00120444910135, -0.000746909354348], [3.46872693626e-05, -0.000202344017453, -0.000487499783048, -0.000344553176546, 0.00343203428201, -0.00102245074231, -0.000774478714447, 0.000123737059766, -0.000777068198659, 0.00038847909309, 0.000158907423611, -3.49901529262e-05, -0.000231532700127], [-8.23466398288e-05, 0.000243802496698, -0.000142835386214, -0.000524133618455, -0.00102245074231, 0.00558177568018, -0.00248750252649, 0.000333250063704, 0.0010028842371, -0.000509677920491, -0.000422309269197, 0.000970788532868, 0.000377874996047], [3.46278466168e-05, -0.000461339048343, 3.28611508849e-06, 0.000456560024759, -0.000774478714447, -0.00248750252649, 0.00794278550893, -0.00286809052341, 0.000240599125391, 0.000673037196975, -0.00190655619372, 5.40065157111e-05, 0.000987732200883], [-0.000302063359413, 0.0005293416325, 0.000176468471182, -0.00059955456527, 0.000123737059766, 0.000333250063704, -0.00286809052341, 0.0102769518271, -0.00378356408328, 0.00235419836827, -0.000433142151451, -4.14459245803e-05, -0.00117597810458], [0.000132530534756, -0.00122481083963, 0.000293994322419, 0.000390954257455, -0.000777068198659, 0.0010028842371, 0.000240599125391, -0.00378356408328, 0.0110411942005, -0.00572013109922, 0.0027183315251, -0.00203849026002, 0.000676783383824], [-3.06125366478e-05, 0.00193020433653, -3.37616875186e-05, -0.000192746854736, 0.00038847909309, -0.000509677920491, 0.000673037196975, 0.00235419836827, -0.00572013109922, 0.015318707563, -0.00919899437577, 0.0051293685101, -0.0013349361252], [0.000243513481109, -0.00189105072059, 0.0012653619051, -0.000275948288618, 0.000158907423611, -0.000422309269197, -0.00190655619372, -0.000433142151451, 0.0027183315251, -0.00919899437577, 0.0191958807409, -0.00965284835547, 0.00549978483468], [4.9066155043e-05, 0.00218252977356, -0.000986581668258, 0.00120444910135, -3.49901529262e-05, 0.000970788532868, 5.40065157111e-05, -4.14459245803e-05, -0.00203849026002, 0.0051293685101, -0.00965284835547, 0.0208292454481, -0.00774588342756], [0.000291336735245, -0.00104596849997, 0.00145666615572, -0.000746909354348, -0.000231532700127, 0.000377874996047, 0.000987732200883, -0.00117597810458, 0.000676783383824, -0.0013349361252, 0.00549978483468, -0.00774588342756, 0.01661882177]], "mean": [5.87865352631, 61.1323356628, -98.3380355835, 34.6878471375, -54.1835441589, 21.0389728546, -26.4531841278, 14.0085144043, -13.8882541656, 9.19256782532, -11.5859451294, 3.47046470642, -12.4751958847]}, "melbands_spread": {"min": 0.450088858604, "max": 253.718429565, "dvar2": 396.420166016, "median": 22.845407486, "dmean2": 13.7407236099, "dmean": 9.00186443329, "var": 694.25592041, "dvar": 188.548843384, "mean": 29.1838436127}, "spectral_energy": {"min": 2.12797957033e-09, "max": 0.164220273495, "dvar2": 0.000514024286531, "median": 0.0218768380582, "dmean2": 0.0143732000142, "dmean": 0.00950813293457, "var": 0.000460746698081, "dvar": 0.000232127655181, "mean": 0.0266212336719}, "mfcc": {"cov": [[8028.39697266, -1556.95776367, 68.3166656494, 434.322509766, 27.5998268127, 86.2438354492, 112.861633301, 139.95866394, 49.8693389893, 128.443832397, 0.401551544666, -242.076583862, -61.7618408203], [-1556.95776367, 1489.70458984, 138.88734436, -9.42392730713, 120.202293396, 37.0723800659, 50.9640388489, 79.2617340088, 45.7326469421, 12.353017807, 19.6526622772, 37.9281387329, -15.2078180313], [68.3166656494, 138.88734436, 629.372192383, 178.447845459, 120.336547852, 110.048080444, 66.4271316528, 62.3540229797, 4.05420684814, 0.00067268544808, -3.59752726555, -44.5667533875, -29.0841388702], [434.322509766, -9.42392730713, 178.447845459, 377.997009277, 142.328674316, 62.0537261963, 49.0573539734, 34.6460494995, 39.6040802002, 9.12406635284, -12.8702316284, -17.7503204346, -6.52338504791], [27.5998268127, 120.202293396, 120.336547852, 142.328674316, 282.919036865, 115.32157135, 66.9464111328, 50.7384643555, 44.5073394775, 14.4932842255, -11.3738031387, -11.4381666183, -6.35753250122], [86.2438354492, 37.0723800659, 110.048080444, 62.0537261963, 115.32157135, 243.153930664, 131.932098389, 42.6730613708, 6.40922546387, 28.7886791229, 34.5341720581, -18.5270786285, -3.22954440117], [112.861633301, 50.9640388489, 66.4271316528, 49.0573539734, 66.9464111328, 131.932098389, 230.984771729, 89.3542938232, 8.14144897461, 22.9278011322, 29.1780853271, -20.732793808, -5.82005596161], [139.95866394, 79.2617340088, 62.3540229797, 34.6460494995, 50.7384643555, 42.6730613708, 89.3542938232, 165.33366394, 52.2803459167, 17.3572235107, 9.02020072937, -18.7271823883, -11.2260761261], [49.8693389893, 45.7326469421, 4.05420684814, 39.6040802002, 44.5073394775, 6.40922546387, 8.14144897461, 52.2803459167, 119.118171692, 32.5387840271, -11.954706192, -1.35440909863, -4.71887254715], [128.443832397, 12.353017807, 0.00067268544808, 9.12406635284, 14.4932842255, 28.7886791229, 22.9278011322, 17.3572235107, 32.5387840271, 115.969367981, 39.384601593, -7.80876588821, 5.00304412842], [0.401551544666, 19.6526622772, -3.59752726555, -12.8702316284, -11.3738031387, 34.5341720581, 29.1780853271, 9.02020072937, -11.954706192, 39.384601593, 104.978172302, 35.5311393738, 8.19213104248], [-242.076583862, 37.9281387329, -44.5667533875, -17.7503204346, -11.4381666183, -18.5270786285, -20.732793808, -18.7271823883, -1.35440909863, -7.80876588821, 35.5311393738, 124.877098083, 43.837928772], [-61.7618408203, -15.2078180313, -29.0841388702, -6.52338504791, -6.35753250122, -3.22954440117, -5.82005596161, -11.2260761261, -4.71887254715, 5.00304412842, 8.19213104248, 43.837928772, 97.707572937]], "icov": [[0.000186483128346, 0.000192991661606, 2.5261688279e-05, -0.000208208279219, 3.51334929292e-05, 5.31615933141e-06, 1.24260141092e-05, -0.000190859936993, 2.36095565924e-05, -0.000153483211761, -7.76881279307e-05, 0.000265827024123, 1.90535611182e-05], [0.000192991661606, 0.00094410503516, -0.0001506524859, 2.46559557127e-05, -0.000318144157063, 0.000145135316416, -6.17748155491e-05, -0.000404208345572, -0.000113065361802, -0.000174173401319, -0.000144525547512, -8.77189595485e-05, 0.000214647530811], [2.5261688279e-05, -0.0001506524859, 0.00208574905992, -0.000871016411111, -0.000140083182487, -0.000683392980136, 0.000290535914246, -0.000619471014943, 0.000589667353779, 0.000128507250338, 1.3348648281e-05, 0.000468697486212, 0.000280141917756], [-0.000208208279219, 2.46559557127e-05, -0.000871016411111, 0.00393328676, -0.00159890425857, 0.000324197259033, -0.000451674917713, 0.000526407675352, -0.000875888159499, 0.000229845914873, 0.000157919552294, -0.000248124008067, -0.000140170595841], [3.51334929292e-05, -0.000318144157063, -0.000140083182487, -0.00159890425857, 0.00576823670417, -0.00241727218963, 0.000188118981896, -0.000526605290361, -0.00097523117438, -0.000185468321433, 0.00137138995342, -0.000444003468147, 0.000116990748211], [5.31615933141e-06, 0.000145135316416, -0.000683392980136, 0.000324197259033, -0.00241727218963, 0.0076268161647, -0.00361109804362, 0.00106176536065, 7.95719188318e-06, -0.00031422052416, -0.00203631795011, 0.000933471368626, -0.000385739229387], [1.24260141092e-05, -6.17748155491e-05, 0.000290535914246, -0.000451674917713, 0.000188118981896, -0.00361109804362, 0.00789176858962, -0.0037090794649, 0.00137349916622, -0.000234054852626, -0.000629270623904, 0.000539038388524, -0.000119391726912], [-0.000190859936993, -0.000404208345572, -0.000619471014943, 0.000526407675352, -0.000526605290361, 0.00106176536065, -0.0037090794649, 0.00982749462128, -0.00421334803104, 0.00094948313199, -0.0012556517031, 0.000942441867664, 6.54670293443e-06], [2.36095565924e-05, -0.000113065361802, 0.000589667353779, -0.000875888159499, -0.00097523117438, 7.95719188318e-06, 0.00137349916622, -0.00421334803104, 0.0123143810779, -0.00419746898115, 0.00329313101247, -0.00172804074828, 0.000957767071668], [-0.000153483211761, -0.000174173401319, 0.000128507250338, 0.000229845914873, -0.000185468321433, -0.00031422052416, -0.000234054852626, 0.00094948313199, -0.00419746898115, 0.012178491801, -0.00573086831719, 0.00277873757295, -0.00159037206322], [-7.76881279307e-05, -0.000144525547512, 1.3348648281e-05, 0.000157919552294, 0.00137138995342, -0.00203631795011, -0.000629270623904, -0.0012556517031, 0.00329313101247, -0.00573086831719, 0.0150009887293, -0.00567456521094, 0.00152382196393], [0.000265827024123, -8.77189595485e-05, 0.000468697486212, -0.000248124008067, -0.000444003468147, 0.000933471368626, 0.000539038388524, 0.000942441867664, -0.00172804074828, 0.00277873757295, -0.00567456521094, 0.0125163318589, -0.00494591891766], [1.90535611182e-05, 0.000214647530811, 0.000280141917756, -0.000140170595841, 0.000116990748211, -0.000385739229387, -0.000119391726912, 6.54670293443e-06, 0.000957767071668, -0.00159037206322, 0.00152382196393, -0.00494591891766, 0.0125615932047]], "mean": [-644.549560547, 95.7061920166, 15.3742818832, 21.1082363129, 2.51417684555, 10.4161691666, 3.45684361458, 7.94317579269, 3.86820888519, 7.98756217957, 6.78192567825, 5.06882476807, 1.49883675575]}, "spectral_contrast_valleys": {"min": [-14.0265665054, -13.7302093506, -14.7989778519, -16.4201698303, -16.8072071075, -17.4749908447], "max": [-5.391913414, -4.71216964722, -5.13103628159, -5.49386835098, -5.12066173553, -7.15019845963], "dvar2": [0.280543833971, 0.234335526824, 0.227266505361, 0.213467374444, 0.323028594255, 0.204185709357], "median": [-7.00059652328, -6.9858546257, -7.73457336426, -8.065117836, -7.58497619629, -9.55842399597], "dmean2": [0.625926971436, 0.549198448658, 0.535800933838, 0.483222007751, 0.444844961166, 0.344161659479], "dmean": [0.384723752737, 0.347258627415, 0.344184368849, 0.317096978426, 0.299382388592, 0.275282561779], "var": [1.4901008606, 0.768097281456, 0.766814291477, 0.855891168118, 1.22027540207, 1.55034148693], "dvar": [0.127960965037, 0.105208352208, 0.105510212481, 0.10624923557, 0.151840865612, 0.12533698976], "mean": [-7.35512781143, -7.05976676941, -7.76818561554, -8.11708641052, -7.70408535004, -9.73228263855]}, "barkbands_flatness_db": {"min": 0.0140647916123, "max": 0.405600935221, "dvar2": 0.00133435742464, "median": 0.112109236419, "dmean2": 0.0332174599171, "dmean": 0.0219482798129, "var": 0.00321439909749, "dvar": 0.000585974252317, "mean": 0.120901174843}, "dynamic_complexity": 3.69155097008, "erbbands_flatness_db": {"min": 0.0357496067882, "max": 0.408975154161, "dvar2": 0.00059797760332, "median": 0.122151628137, "dmean2": 0.0233454443514, "dmean": 0.0165530089289, "var": 0.0020592