{"lowlevel": {"spectral_complexity": {"min": 0, "max": 36, "dvar2": 8.97279167175, "median": 2, "dmean2": 1.83708298206, "dmean": 1.22750771046, "var": 20.3695526123, "dvar": 4.53306102753, "mean": 3.5611269474}, "silence_rate_20dB": {"min": 0, "max": 1, "dvar2": 0.00103332079016, "median": 1, "dmean2": 0.00103439355735, "dmean": 0.000517063075677, "var": 0.000516661501024, "dvar": 0.00051679497119, "mean": 0.999483048916}, "average_loudness": 0.104073278606, "erbbands_spread": {"min": 0.858323156834, "max": 149.484771729, "dvar2": 649.940551758, "median": 20.4618415833, "dmean2": 16.650844574, "dmean": 10.3512487411, "var": 695.01776123, "dvar": 263.695556641, "mean": 30.7035579681}, "spectral_kurtosis": {"min": -0.983468770981, "max": 142.775360107, "dvar2": 83.9211425781, "median": 5.70748138428, "dmean2": 5.75984859467, "dmean": 3.8317284584, "var": 164.589599609, "dvar": 40.1245040894, "mean": 10.0587902069}, "barkbands_kurtosis": {"min": -1.94608950615, "max": 459.669891357, "dvar2": 1045.33825684, "median": 3.42126703262, "dmean2": 15.6199607849, "dmean": 10.1527643204, "var": 1076.31494141, "dvar": 485.650878906, "mean": 16.1781673431}, "spectral_strongpeak": {"min": 0, "max": 14.1025295258, "dvar2": 1.56263446808, "median": 0.298561453819, "dmean2": 0.588434100151, "dmean": 0.372070252895, "var": 1.3861079216, "dvar": 0.695911645889, "mean": 0.684046685696}, "spectral_spread": {"min": 933359, "max": 19097670, "dvar2": 1901804912640.0, "median": 4208712, "dmean2": 1117591.625, "dmean": 761095.9375, "var": 5917366026240.0, "dvar": 969682583552, "mean": 4837359}, "spectral_rms": {"min": 1.60074450832e-05, "max": 0.0202574320138, "dvar2": 2.85684541268e-06, "median": 0.00110230757855, "dmean2": 0.00089425011538, "dmean": 0.000668453983963, "var": 8.83541360963e-06, "dvar": 1.48773881392e-06, "mean": 0.00260863872245}, "erbbands": {"min": [2.75204058653e-07, 5.20333458098e-07, 7.74891191213e-07, 2.44467787525e-06, 4.2293977458e-06, 9.05545493879e-06, 8.62552496983e-06, 1.3322466657e-05, 1.7460930394e-05, 1.35704622153e-05, 1.62058040587e-05, 2.65069684247e-05, 1.38936484291e-05, 1.02605836219e-05, 1.58201073646e-05, 1.25774859043e-05, 1.87618388736e-05, 2.42529076786e-05, 1.70362145582e-05, 2.85470559902e-05, 2.77886374533e-05, 2.08492219826e-05, 2.56972580246e-05, 2.09929239645e-05, 2.08210585697e-05, 1.96522087208e-05, 4.04034799431e-05, 7.14762791176e-05, 2.25790281547e-05, 1.2430346942e-05, 1.17936269817e-05, 6.99272959537e-06, 4.1036487346e-06, 6.10832648817e-06, 4.01591933041e-06, 1.10462895009e-06, 4.64461436422e-07, 2.10484373042e-07, 1.80242398784e-08, 2.24565566143e-09], "max": [7.19886684418, 38.2600975037, 131.855010986, 243.567581177, 275.733428955, 571.24041748, 1147.47399902, 682.74822998, 2108.91699219, 1060.71533203, 1552.05456543, 8120.82763672, 1647.77172852, 1395.15673828, 877.161010742, 442.058258057, 299.563079834, 694.47253418, 275.230499268, 426.692565918, 614.127563477, 2505.89770508, 475.177520752, 523.256164551, 788.593383789, 311.795410156, 353.593078613, 1449.46008301, 1099.69665527, 414.265930176, 678.684692383, 400.165710449, 359.937133789, 296.447509766, 110.569259644, 10.6502113342, 1.02322280407, 0.223208487034, 0.0179857686162, 0.00225895480253], "dvar2": [0.154797896743, 8.64018440247, 48.9029388428, 207.755950928, 558.495361328, 1504.51318359, 1879.09912109, 1793.25488281, 15624.0097656, 10252.8076172, 10182.7929688, 62520.015625, 9456.33984375, 8965.43457031, 1776.17492676, 940.864379883, 441.499237061, 981.059814453, 272.433074951, 301.860046387, 548.021850586, 7792.85888672, 293.298522949, 189.559890747, 733.399291992, 173.257583618, 361.967834473, 4402.59326172, 4586.01855469, 702.513061523, 1099.35583496, 700.501403809, 351.791259766, 152.200515747, 6.72032117844, 0.108868919313, 0.00399248767644, 0.000215868771193, 2.46604986387e-06, 9.71934710492e-09], "median": [2.61873210547e-05, 0.00039827186265, 0.00280315359123, 0.0142785487697, 0.0419910550117, 0.0468824766576, 0.0961852893233, 0.136466830969, 0.177200838923, 0.221626982093, 0.220947578549, 0.19777546823, 0.175733357668, 0.171625778079, 0.109137490392, 0.0813026577234, 0.0655439198017, 0.0878218412399, 0.115767493844, 0.135735973716, 0.189884483814, 0.287928849459, 0.168531596661, 0.104652687907, 0.113023027778, 0.0955839976668, 0.0383264757693, 0.033105880022, 0.0154105015099, 0.0173892118037, 0.0308951903135, 0.023719958961, 0.0233573056757, 0.009272698313, 0.00248145870864, 0.000655517098494, 0.000190001577721, 8.35591636132e-05, 1.10288065116e-05, 3.33289085575e-06], "dmean2": [0.0418579764664, 0.331881821156, 1.02320563793, 3.81323623657, 7.78147172928, 11.0129089355, 10.7524366379, 11.9005002975, 21.528181076, 24.28632164, 24.0635509491, 34.1674003601, 18.5404281616, 17.3023319244, 6.44556045532, 5.87974834442, 4.69479560852, 5.64770555496, 3.65515780449, 3.03258347511, 4.16831588745, 7.915828228, 3.23438882828, 2.41283178329, 2.90533542633, 2.74534678459, 2.94692158699, 6.5115981102, 7.68233299255, 3.36328649521, 4.07755184174, 3.78200769424, 2.58339881897, 1.46926057339, 0.305435597897, 0.0474965460598, 0.0111636994407, 0.00290725054219, 0.000309582042973, 2.35128864006e-05], "dmean": [0.0259247291833, 0.198950633407, 0.632599771023, 2.69822072983, 5.62870359421, 7.94465398788, 7.89949893951, 8.20627307892, 14.0951728821, 15.7681379318, 17.5483131409, 23.8130207062, 12.7176971436, 12.1572771072, 4.39913606644, 3.91363739967, 3.13749504089, 3.75682401657, 2.31321597099, 1.9512001276, 2.70218634605, 5.07112360001, 2.13032245636, 1.64122283459, 1.84820640087, 1.71994924545, 1.84718096256, 3.7731719017, 4.4895863533, 1.95914900303, 2.50177931786, 2.36671161652, 1.60880315304, 0.908623039722, 0.205642089248, 0.0320504345, 0.00707890372723, 0.00180240522604, 0.000189372440218, 1.50442792801e-05], "var": [0.0638945624232, 4.23529958725, 24.3489341736, 217.616928101, 678.834411621, 1658.20629883, 2028.91674805, 1602.32666016, 5411.28613281, 5490.86181641, 9490.58300781, 40458.3007812, 5424.22802734, 6667.04833984, 746.713867188, 450.035827637, 279.553009033, 496.118621826, 115.293617249, 147.106445312, 424.078063965, 4063.64306641, 216.7996521, 166.888092041, 226.177474976, 98.7329940796, 122.826881409, 925.698608398, 1049.77502441, 180.940872192, 342.43069458, 275.590881348, 213.92086792, 120.56539917, 14.844373703, 0.163922846317, 0.0024014308583, 0.000120064483781, 9.98074483505e-07, 5.66820990144e-09], "dvar": [0.0580022856593, 3.11882209778, 16.9658050537, 90.9643707275, 275.76663208, 733.54675293, 1003.47827148, 864.456787109, 6180.03857422, 4111.35302734, 5123.14697266, 30611.3242188, 4131.55859375, 4550.7734375, 730.861816406, 401.036682129, 205.329742432, 439.835113525, 110.559432983, 120.151367188, 209.951568604, 2734.01293945, 137.831756592, 104.259819031, 272.907196045, 75.287940979, 136.941421509, 1515.50317383, 1586.3927002, 248.174072266, 405.420410156, 289.786682129, 150.96282959, 66.3446884155, 3.6850206852, 0.0518625378609, 0.00175390590448, 9.29155939957e-05, 9.56179860623e-07, 3.54166140859e-09], "mean": [0.0283745583147, 0.248214334249, 1.15141117573, 6.07932186127, 11.1865434647, 14.3591032028, 14.3784246445, 12.9915313721, 16.6632270813, 19.8684177399, 25.1924533844, 28.6965560913, 16.127828598, 15.4082040787, 5.5769071579, 4.33902692795, 3.62999176979, 3.97508001328, 2.50097513199, 2.33004522324, 3.53437304497, 6.62739372253, 2.68785834312, 1.94903934002, 2.08024573326, 1.9897390604, 1.84350275993, 3.32365012169, 3.72713088989, 1.77842879295, 2.32537961006, 2.18558979034, 1.8267056942, 1.16774952412, 0.343622207642, 0.0453218668699, 0.00788053497672, 0.00193859811407, 0.000205739939702, 2.85064434138e-05]}, "zerocrossingrate": {"min": 0.00341796875, "max": 0.40087890625, "dvar2": 0.000705922488123, "median": 0.0859375, "dmean2": 0.0192033294588, "dmean": 0.0172757897526, "var": 0.00546817993745, "dvar": 0.000671921938192, "mean": 0.0917648226023}, "spectral_contrast_coeffs": {"min": [-0.926809132099, -0.948618531227, -0.952700376511, -0.968298196793, -0.965073347092, -0.908371806145], "max": [-0.167216062546, -0.300491839647, -0.363663852215, -0.499547630548, -0.548039734364, -0.514643788338], "dvar2": [0.00509839737788, 0.00609500240535, 0.00317631242797, 0.00235176552087, 0.00129926542286, 0.000854399346281], "median": [-0.660900056362, -0.815854012966, -0.842909812927, -0.834881722927, -0.826480209827, -0.828199148178], "dmean2": [0.0771726593375, 0.0802628099918, 0.0630067586899, 0.0535718277097, 0.0383912064135, 0.028945364058], "dmean": [0.0518520176411, 0.0533909983933, 0.0420201607049, 0.0347508266568, 0.025207394734, 0.0189928729087], "var": [0.0446786992252, 0.0260183680803, 0.0115927523002, 0.00553791364655, 0.0035884429235, 0.00217882380821], "dvar": [0.00296303350478, 0.00322848558426, 0.00164921127725, 0.00111445609946, 0.000591620744672, 0.000409017608035], "mean": [-0.597386777401, -0.74525976181, -0.805311918259, -0.822097122669, -0.826396346092, -0.822519242764]}, "dissonance": {"min": 0.0727477893233, "max": 0.500000059605, "dvar2": 0.00433020899072, "median": 0.475308418274, "dmean2": 0.0502493493259, "dmean": 0.032554294914, "var": 0.00924960337579, "dvar": 0.00205600284971, "mean": 0.421187549829}, "spectral_energyband_high": {"min": 4.19955714648e-09, "max": 0.0529896989465, "dvar2": 1.72483032657e-05, "median": 1.11378594738e-05, "dmean2": 0.000651941110846, "dmean": 0.000406382721849, "var": 6.96513598086e-06, "dvar": 6.61884996589e-06, "mean": 0.000440028059529}, "spectral_skewness": {"min": -0.519589602947, "max": 10.2431793213, "dvar2": 0.564518749714, "median": 1.77799940109, "dmean2": 0.616072416306, "dmean": 0.433795839548, "var": 1.83813679218, "dvar": 0.3091185987, "mean": 2.22856760025}, "spectral_flux": {"min": 0.000228354081628, "max": 0.445569217205, "dvar2": 0.00335572916083, "median": 0.0239792931825, "dmean2": 0.0329297631979, "dmean": 0.0204777326435, "var": 0.00360022066161, "dvar": 0.00135210296139, "mean": 0.0468786098063}, "silence_rate_30dB": {"min": 0, "max": 1, "dvar2": 0.0398315228522, "median": 1, "dmean2": 0.0320661999285, "dmean": 0.0160289555788, "var": 0.0165180042386, "dvar": 0.015772305429, "mean": 0.983199775219}, "spectral_energyband_middle_high": {"min": 1.15184946026e-08, "max": 0.0517611801624, "dvar2": 1.8739458028e-05, "median": 0.000100892735645, "dmean2": 0.00112268025987, "dmean": 0.000789146055467, "var": 1.65213332366e-05, "dvar": 9.30821715883e-06, "mean": 0.00121017603669}, "barkbands_spread": {"min": 0.243149846792, "max": 110.959068298, "dvar2": 361.858764648, "median": 11.6295661926, "dmean2": 12.0549716949, "dmean": 7.456199646, "var": 552.601989746, "dvar": 149.003036499, "mean": 22.1586303711}, "spectral_centroid": {"min": 125.715263367, "max": 6899.14306641, "dvar2": 579493.125, "median": 1313.30432129, "dmean2": 480.444702148, "dmean": 327.644958496, "var": 1554285.125, "dvar": 339234.0625, "mean": 1528.64794922}, "pitch_salience": {"min": 0.0646802261472, "max": 0.969619691372, "dvar2": 0.0140136098489, "median": 0.621545732021, "dmean2": 0.12015645206, "dmean": 0.0765205398202, "var": 0.0272755529732, "dvar": 0.00623342627659, "mean": 0.601292133331}, "erbbands_skewness": {"min": -7.9933719635, "max": 7.45028495789, "dvar2": 1.3974339962, "median": 0.390427112579, "dmean2": 0.992326378822, "dmean": 0.665841758251, "var": 2.69467449188, "dvar": 0.700492799282, "mean": 0.628702700138}, "erbbands_crest": {"min": 2.10449147224, "max": 30.876285553, "dvar2": 20.6956272125, "median": 10.0023403168, "dmean2": 4.95044469833, "dmean": 3.06347322464, "var": 29.9863376617, "dvar": 8.50906848907, "mean": 10.8647212982}, "melbands": {"min": [4.38940617187e-09, 6.88508305924e-10, 4.75839867509e-10, 5.2084653257e-10, 3.06535991035e-10, 3.17022852414e-10, 2.68009614501e-10, 9.07019043206e-11, 1.11894077337e-10, 1.54877305425e-10, 5.12645897954e-11, 3.3565174945e-11, 4.44321315851e-11, 2.40249122679e-11, 4.60080688824e-11, 2.92594282136e-11, 3.47998053984e-11, 2.03908886304e-11, 2.44747260653e-11, 2.69771149863e-11, 3.16474485507e-11, 2.05320586921e-11, 2.09291195485e-11, 2.04737737181e-11, 1.61842449165e-11, 1.70255181481e-11, 1.27594037766e-11, 1.26577168885e-11, 1.79306933884e-11, 3.75457200052e-11, 4.11636627562e-11, 1.17686945258e-11, 7.484013409e-12, 6.65330941382e-12, 7.41274316235e-12, 3.81880811695e-12, 4.88002043289e-12, 2.52908978482e-12, 3.30047295917e-12, 5.61884783493e-12], "max": [0.0479665845633, 0.0501437038183, 0.0442296564579, 0.0303250681609, 0.0389869175851, 0.0134941237047, 0.0297384914011, 0.0109354471788, 0.0146419713274, 0.0519634000957, 0.00820895563811, 0.00606018444523, 0.00437057577074, 0.00116468023043, 0.00122720841318, 0.00108892703429, 0.00117717729881, 0.000558282597922, 0.000647582346573, 0.00100760930218, 0.000728751183487, 0.00333191640675, 0.000693557434715, 0.000814783154055, 0.000384039565688, 0.000746031641029, 0.000230949022807, 0.000266125192866, 0.000133384237415, 0.000561033200938, 0.000925478583667, 0.000679428339936, 0.000443984608864, 0.000145100595546, 0.000406356004532, 0.000254523940384, 0.000287488335744, 0.000244321883656, 0.00029876397457, 0.000193929008674], "dvar2": [1.22621895571e-05, 9.08230231289e-06, 5.74779278395e-06, 4.7610378715e-06, 2.28966678151e-06, 8.41765825044e-07, 3.47039667759e-06, 1.0419382761e-06, 8.37504842366e-07, 2.38099141825e-06, 2.32632245911e-07, 1.54575204192e-07, 3.6512243895e-08, 7.43177563933e-09, 6.45331388327e-09, 3.19129211945e-09, 3.7098406569e-09, 1.07734277055e-09, 6.81330325492e-10, 1.18117349235e-09, 8.63324189915e-10, 1.30460833248e-08, 8.49321002416e-10, 6.22486673318e-10, 1.40537928517e-10, 6.53245346705e-10, 9.28655624621e-11, 1.0464304423e-10, 7.1405027724e-11, 6.71961986054e-10, 1.88092008635e-09, 1.88635440601e-09, 7.18850479142e-10, 1.20936788361e-10, 3.76018743919e-10, 3.43835099281e-10, 2.93789631511e-10, 1.75867778673e-10, 1.94997323844e-10, 7.37401320561e-11], "median": [1.31626265443e-07, 5.06605147166e-07, 2.78070547211e-06, 3.02303442368e-06, 3.03728893414e-06, 2.56374437413e-06, 2.57571082329e-06, 2.16233274841e-06, 1.56694761699e-06, 1.11144777293e-06, 8.19931415208e-07, 6.8863243996e-07, 3.5763315509e-07, 2.14024652223e-07, 1.4314400687e-07, 1.23946875874e-07, 1.38993513588e-07, 1.58723224786e-07, 1.66038063298e-07, 1.59064029503e-07, 2.09793995509e-07, 2.92407264624e-07, 1.90484939822e-07, 8.71132570524e-08, 6.67570034807e-08, 6.46210978061e-08, 7.66761587556e-08, 4.96494827473e-08, 1.87908604232e-08, 1.69163989483e-08, 1.46589602679e-08, 7.30659177606e-09, 5.84317927377e-09, 8.38685743076e-09, 1.64343241238e-08, 1.37683002777e-08, 1.1310435255e-08, 1.61235504947e-08, 1.12854081635e-08, 5.96200422365e-09], "dmean2": [0.000390159577364, 0.000468739744974, 0.000725969613995, 0.000694311340339, 0.000385063351132, 0.000268363539362, 0.000332143594278, 0.000255128426943, 0.000213392326259, 0.000203946183319, 9.08231959329e-05, 7.35140129109e-05, 2.53129746852e-05, 1.65179171745e-05, 1.35331601996e-05, 1.17270328701e-05, 1.08677731987e-05, 6.3522520577e-06, 5.0150442803e-06, 4.2807337195e-06, 5.44714066564e-06, 9.69595566858e-06, 4.20919559474e-06, 2.89801369036e-06, 2.03146009881e-06, 2.35066204368e-06, 1.89110653537e-06, 1.90666912658e-06, 1.61169020885e-06, 2.67010341304e-06, 4.21814411311e-06, 4.91897071697e-06, 2.94508299703e-06, 1.48698120483e-06, 2.26027646022e-06, 2.70785676548e-06, 2.27875079872e-06, 1.81017651357e-06, 1.8013886347e-06, 9.86760710475e-07], "dmean": [0.000235412298935, 0.000290836032946, 0.000511378224473, 0.000505293195602, 0.000286871712888, 0.00018615105364, 0.000215347594349, 0.000166434139828, 0.00015760747192, 0.000141962373164, 6.20389328105e-05, 5.19752975379e-05, 1.72606141859e-05, 1.08768381324e-05, 8.65844958753e-06, 7.75788976171e-06, 7.06384253135e-06, 3.89395654565e-06, 3.11280200549e-06, 2.64519894699e-06, 3.54231701749e-06, 6.27162944511e-06, 2.62932462647e-06, 1.85126634733e-06, 1.3376205743e-06, 1.47207254031e-06, 1.20123866054e-06, 1.17776835395e-06, 1.01162163446e-06, 1.60771173796e-06, 2.42042733589e-06, 2.84027873931e-06, 1.72052057223e-06, 8.6622122808e-07, 1.38053667342e-06, 1.6536818066e-06, 1.41585076108e-06, 1.12282373266e-06, 1.09396285097e-06, 6.32113710708e-07], "var": [5.62329341847e-06, 6.38091614746e-06, 6.86171370035e-06, 5.6134681472e-06, 2.30788828048e-06, 7.85265285685e-07, 1.19607875604e-06, 6.02833267749e-07, 7.42234703921e-07, 1.59732098837e-06, 1.24741760033e-07, 1.18919039949e-07, 1.28233832442e-08, 3.44441009048e-09, 2.40871278478e-09, 1.7987440426e-09, 1.78202497203e-09, 3.52016443772e-10, 3.36746908136e-10, 4.0397804546e-10, 8.6707252489e-10, 7.51424167333e-09, 3.37144256957e-10, 2.53282339546e-10, 9.91319110133e-11, 1.98566968423e-10, 4.10677082618e-11, 5.50318922377e-11, 3.02279243303e-11, 1.58936905303e-10, 3.92470889121e-10, 4.25730978248e-10, 1.71415798222e-10, 3.17428097696e-11, 1.09727373021e-10, 1.27258592553e-10, 1.14018836039e-10, 9.77549083347e-11, 1.372099101e-10, 6.40317313061e-11], "dvar": [4.55756025985e-06, 3.37056258104e-06, 2.61803120338e-06, 2.40097506321e-06, 1.12611223813e-06, 4.13898391116e-07, 1.36825337904e-06, 4.20182942662e-07, 4.20641555365e-07, 1.19783078389e-06, 9.8917062985e-08, 7.98534784963e-08, 1.43211655868e-08, 3.14802561796e-09, 2.54684895395e-09, 1.45244261063e-09, 1.64467528485e-09, 4.1424985664e-10, 2.70787614554e-10, 4.21629897662e-10, 3.65507096811e-10, 4.68810279486e-09, 3.22547127896e-10, 2.58697785416e-10, 7.11360831351e-11, 2.42958597685e-10, 3.66730083801e-11, 4.50601986279e-11, 2.87794336973e-11, 2.37905944944e-10, 6.45858533321e-10, 6.49797604613e-10, 2.51614340474e-10, 4.29838317717e-11, 1.37598141214e-10, 1.33485070219e-10, 1.23043589206e-10, 7.49703632508e-11, 8.28267662789e-11, 3.32778145318e-11], "mean": [0.000273740879493, 0.000514964573085, 0.00117790466174, 0.000955004885327, 0.000539000029676, 0.000299715378787, 0.000254071259405, 0.000211399412365, 0.000216955595533, 0.000168747865246, 7.60570765124e-05, 6.46761254757e-05, 2.09496211028e-05, 1.20262029668e-05, 9.11751067179e-06, 8.32333535072e-06, 7.17376906323e-06, 3.89183151128e-06, 3.49263837052e-06, 2.98044506053e-06, 4.55450845038e-06, 8.26160066936e-06, 2.95160157293e-06, 2.02339242605e-06, 1.48004187395e-06, 1.55152349635e-06, 1.39809083066e-06, 1.30270984755e-06, 1.01249690942e-06, 1.42323813179e-06, 2.1036905764e-06, 2.31701210396e-06, 1.46681543356e-06, 7.85751069543e-07, 1.24849316308e-06, 1.50937739818e-06, 1.27696898744e-06, 1.22150368043e-06, 1.3460031596e-06, 8.19395950202e-07]}, "spectral_entropy": {"min": 4.13155412674, "max": 8.80354309082, "dvar2": 0.241414904594, "median": 7.58338880539, "dmean2": 0.390275031328, "dmean": 0.283982098103, "var": 1.24225902557, "dvar": 0.155462220311, "mean": 7.1489405632}, "spectral_rolloff": {"min": 21.533203125, "max": 15676.171875, "dvar2": 5667138, "median": 990.52734375, "dmean2": 1333.02685547, "dmean": 794.361450195, "var": 5245028, "dvar": 2528332.25, "mean": 2102.60717773}, "barkbands": {"min": [3.47967099579e-10, 1.10843956236e-09, 1.14969700427e-11, 1.69230990332e-10, 3.41348016519e-09, 1.44118805778e-09, 6.61063093155e-10, 4.54831866614e-10, 7.10586256503e-10, 2.28843666239e-10, 2.15695086792e-10, 2.20113288707e-10, 3.35386635131e-10, 3.8148825765e-10, 3.52950724203e-10, 3.66459279588e-10, 3.00982683221e-10, 4.58569321404e-10, 3.92763432888e-10, 4.25510932045e-10, 1.54901458327e-09, 5.00198438225e-10, 3.94567989392e-10, 2.6604413117e-10, 5.51605428001e-10, 2.37182190554e-10, 1.89469967493e-10], "max": [0.0331628955901, 0.169199094176, 0.125461623073, 0.131817519665, 0.123344451189, 0.0854852646589, 0.128664463758, 0.0676781460643, 0.259453207254, 0.0383961796761, 0.0323022566736, 0.00931543298066, 0.00704613886774, 0.0115897543728, 0.00684677064419, 0.0120817413554, 0.0420772433281, 0.0132362693548, 0.0131464349106, 0.00488260388374, 0.0273118019104, 0.026320900768, 0.0183020532131, 0.0192354936153, 0.0190443191677, 0.00101110932883, 0.000105599370727], "dvar2": [9.63940351539e-07, 0.000161211151863, 5.40299952263e-05, 3.98031043005e-05, 8.94908807823e-05, 2.14551910176e-05, 7.99597473815e-05, 1.89216352737e-05, 7.35832290957e-05, 9.62298327067e-06, 2.78935362985e-06, 5.72693124923e-07, 2.68713677087e-07, 3.36312467653e-07, 9.03835868371e-08, 1.88063353335e-07, 2.0246591248e-06, 1.48730777028e-07, 1.96412912601e-07, 5.97867213514e-08, 1.40822839967e-06, 2.7631112971e-06, 9.51170477492e-07, 1.3323605117e-06, 4.18137830138e-07, 2.4160504708e-09, 9.31987473307e-11], "median": [2.66343221256e-07, 5.01094575611e-07, 1.20827235151e-06, 4.34969069829e-06, 1.58994535013e-05, 1.23459212773e-05, 1.10852424768e-05, 8.03377133707e-06, 8.02356680651e-06, 5.31517616764e-06, 2.6312936825e-06, 1.79963660685e-06, 1.22714379813e-06, 1.63089475791e-06, 2.15236900658e-06, 2.72944225799e-06, 4.71544808534e-06, 2.34098752117e-06, 1.85008696008e-06, 1.97322492568e-06, 8.12219070667e-07, 3.95328498826e-07, 1.00266163372e-06, 1.3205618643e-06, 5.73892123157e-07, 1.13383279654e-07, 6.75465372524e-08], "dmean2": [5.30051111127e-05, 0.00141538819298, 0.0011891144095, 0.00174175086431, 0.00303913466632, 0.0013982730452, 0.00171916407999, 0.00109697133303, 0.0013664283324, 0.000635532196611, 0.000227603988606, 0.000147774466313, 0.000115075657959, 0.000104794955405, 6.41577935312e-05, 6.58353965264e-05, 0.00014052890765, 5.8813533542e-05, 5.41697118024e-05, 5.55910264666e-05, 0.000116954186524, 0.000189663725905, 0.000128549523652, 0.000162172320415, 7.80328919063e-05, 7.56554709369e-06, 1.82726728326e-06], "dmean": [3.31556911988e-05, 0.000859517080244, 0.000754538283218, 0.00123318040278, 0.00219202460721, 0.00097373285098, 0.00108576961793, 0.000761980714742, 0.000970311637502, 0.000431099993875, 0.000154243243742, 9.6955220215e-05, 7.38587405067e-05, 6.7031425715e-05, 4.00494936912e-05, 4.07645275118e-05, 9.03200270841e-05, 3.85483799619e-05, 3.40828009939e-05, 3.49694601027e-05, 6.99664233252e-05, 0.000111071414722, 7.7752287325e-05, 0.000102799640445, 5.26331714354e-05, 4.9179702728e-06, 1.12405552954e-06], "var": [3.36636020393e-07, 7.87316967035e-05, 2.6061625249e-05, 4.85306409246e-05, 9.61456171353e-05, 2.38333686866e-05, 2.76106147794e-05, 1.48921963046e-05, 5.06019277964e-05, 6.13765587332e-06, 9.85768792816e-07, 2.56799694398e-07, 1.62560297667e-07, 1.58022587016e-07, 4.58710296414e-08, 7.05938703049e-08, 1.32206571379e-06, 9.46558813553e-08, 7.82863196491e-08, 3.45460051676e-08, 3.05892712049e-07, 6.4399864641e-07, 2.99335823684e-07, 6.40094981463e-07, 5.69436224396e-07, 1.7573452693e-09, 3.63748822729e-11], "dvar": [3.88420346553e-07, 5.9275465901e-05, 1.83241718332e-05, 1.88962658285e-05, 4.25216567237e-05, 1.13250889626e-05, 3.12772062898e-05, 8.70712574397e-06, 3.66294880223e-05, 4.33872219219e-06, 1.09940856419e-06, 2.39498234578e-07, 1.21744108128e-07, 1.50274999555e-07, 3.65424810411e-08, 6.7470963927e-08, 7.45368026855e-07, 7.02493849758e-08, 7.71281349898e-08, 2.5795513281e-08, 4.88535135901e-07, 9.56887220127e-07, 3.50942713112e-07, 5.67882921132e-07, 1.94909688389e-07, 1.04904318565e-09, 3.55917066652e-11], "mean": [3.10469258693e-05, 0.0010322635062, 0.00135234836489, 0.00259898346849, 0.00421516317874, 0.00165041116998, 0.00124357058667, 0.00101895607077, 0.00116876407992, 0.000538086809684, 0.000177037116373, 0.000103670543467, 8.04914816399e-05, 6.66609994369e-05, 4.50836050732e-05, 4.58228169009e-05, 0.00012104477355, 4.44192846771e-05, 3.86260326195e-05, 4.07073421229e-05, 6.36777258478e-05, 9.37496952247e-05, 7.25314239389e-05, 0.000105541235826, 7.57699381211e-05, 5.78918752581e-06, 1.19748722227e-06]}, "melbands_flatness_db": {"min": 0.0215389113873, "max": 0.712413370609, "dvar2": 0.00369855412282, "median": 0.187083646655, "dmean2": 0.053063005209, "dmean": 0.0380586981773, "var": 0.0210082940757, "dvar": 0.00220615277067, "mean": 0.241184547544}, "melbands_skewness": {"min": -6.28805923462, "max": 16.7137069702, "dvar2": 5.31338500977, "median": 2.03017377853, "dmean2": 1.71620702744, "dmean": 1.13092195988, "var": 7.08007287979, "dvar": 2.28315901756, "mean": 2.31753921509}, "barkbands_skewness": {"min": -8.09341526031, "max": 17.8773269653, "dvar2": 3.62228417397, "median": 1.42553424835, "dmean2": 1.47115147114, "dmean": 1.01173233986, "var": 7.29182338715, "dvar": 1.80456626415, "mean": 1.66400921345}, "silence_rate_60dB": {"min": 0, "max": 1, "dvar2": 0.115555308759, "median": 1, "dmean2": 0.112748898566, "dmean": 0.0563598759472, "var": 0.248078554869, "dvar": 0.0531821288168, "mean": 0.543809771538}, "spectral_energyband_low": {"min": 2.59389292268e-08, "max": 0.190990746021, "dvar2": 0.000230731777265, "median": 4.23603751187e-06, "dmean2": 0.00290037458763, "dmean": 0.00193172576837, "var": 0.000191054394236, "dvar": 9.03489562916e-05, "mean": 0.00379737140611}, "spectral_energyband_middle_low": {"min": 1.6816622761e-08, "max": 0.377360492945, "dvar2": 0.000450610881671, "median": 0.000196726527065, "dmean2": 0.00741717033088, "dmean": 0.00534993829206, "var": 0.00053515471518, "dvar": 0.000219380337512, "mean": 0.0120554696769}, "melbands_kurtosis": {"min": -1.90850222111, "max": 533.544067383, "dvar2": 2914.74951172, "median": 7.87284755707, "dmean2": 24.2118682861, "dmean": 15.3056182861, "var": 2089.1340332, "dvar": 1212.17932129, "mean": 22.8278865814}, "spectral_decrease": {"min": -1.05246947157e-07, "max": -4.7285756582e-14, "dvar2": 4.4769307696e-17, "median": -2.4542912147e-10, "dmean2": 2.47253240104e-09, "dmean": 1.75406333902e-09, "var": 5.59573258362e-17, "dvar": 2.06908493426e-17, "mean": -4.02862010418e-09}, "erbbands_kurtosis": {"min": -1.82243716717, "max": 107.813980103, "dvar2": 90.8396835327, "median": 1.95528697968, "dmean2": 5.69185590744, "dmean": 3.6443400383, "var": 80.4512710571, "dvar": 38.0362319946, "mean": 5.28529644012}, "melbands_crest": {"min": 2.82058358192, "max": 33.7951889038, "dvar2": 29.8951854706, "median": 13.6792879105, "dmean2": 5.78185415268, "dmean": 3.66786599159, "var": 48.6181221008, "dvar": 12.2261486053, "mean": 14.560002327}, "gfcc": {"cov": [[29652.7011719, 4826.15576172, -1715.46618652, -437.989471436, -3114.07958984, -710.838195801, -2505.69580078, -359.58505249, -884.171936035, -1373.91027832, -156.858917236, -1188.68225098, 92.3440856934], [4826.15576172, 4174.35449219, 1245.29614258, -982.98260498, -204.247467041, -335.407714844, -453.51651001, -303.412414551, -384.74118042, -638.139343262, 59.2112770081, -325.965667725, -4.50208187103], [-1715.46618652, 1245.29614258, 3182.45703125, 217.665023804, 229.383728027, 59.0283317566, 9.84231090546, -334.613250732, -159.764480591, -89.0289459229, -64.9594802856, 60.5354003906, 1.12316954136], [-437.989471436, -982.98260498, 217.665023804, 1103.88195801, 141.441635132, -71.9788360596, 16.5365600586, 19.3256092072, 89.0944595337, 134.326507568, -45.9037780762, 120.135299683, 43.6522712708], [-3114.07958984, -204.247467041, 229.383728027, 141.441635132, 763.469726562, 84.4596786499, 248.284301758, 50.1301803589, 120.822746277, 156.931671143, 8.80887508392, 132.420852661, -0.585756838322], [-710.838195801, -335.407714844, 59.0283317566, -71.9788360596, 84.4596786499, 349.44720459, 157.162231445, -21.8732795715, 23.5146617889, 84.6688842773, -7.92070293427, 10.9385089874, -57.4847602844], [-2505.69580078, -453.51651001, 9.84231090546, 16.5365600586, 248.284301758, 157.162231445, 488.377563477, 103.145011902, 53.6495780945, 134.659194946, 20.0119285583, 131.835983276, -29.7614326477], [-359.58505249, -303.412414551, -334.613250732, 19.3256092072, 50.1301803589, -21.8732795715, 103.145011902, 225.022491455, 82.2857589722, 42.0171279907, 5.92389202118, 32.5533332825, 8.8245267868], [-884.171936035, -384.74118042, -159.764480591, 89.0944595337, 120.822746277, 23.5146617889, 53.6495780945, 82.2857589722, 205.572860718, 111.232559204, -20.1849727631, 41.4159736633, 4.66489887238], [-1373.91027832, -638.139343262, -89.0289459229, 134.326507568, 156.931671143, 84.6688842773, 134.659194946, 42.0171279907, 111.232559204, 253.289321899, 11.0830984116, 48.8401908875, 3.33792495728], [-156.858917236, 59.2112770081, -64.9594802856, -45.9037780762, 8.80887508392, -7.92070293427, 20.0119285583, 5.92389202118, -20.1849727631, 11.0830984116, 112.694152832, 11.5122108459, -19.1373958588], [-1188.68225098, -325.965667725, 60.5354003906, 120.135299683, 132.420852661, 10.9385089874, 131.835983276, 32.5533332825, 41.4159736633, 48.8401908875, 11.5122108459, 165.819030762, 22.9302692413], [92.3440856934, -4.50208187103, 1.12316954136, 43.6522712708, -0.585756838322, -57.4847602844, -29.7614326477, 8.8245267868, 4.66489887238, 3.33792495728, -19.1373958588, 22.9302692413, 97.1677246094]], "icov": [[0.000203156392672, -0.000348520785337, 0.000218161818339, -0.000379323028028, 0.00057099154219, -0.000475257926155, 0.000644620042294, -0.000374828261556, 0.000366255117115, -0.000156308087753, 0.000333801959641, 4.0238184738e-05, -4.35389483755e-05], [-0.000348520785337, 0.00148269557394, -0.000698275689501, 0.00124229805078, -0.00137438031379, 0.00149601418525, -0.00119027728215, 0.00105080427602, -0.00065359659493, 0.00185487209819, -0.00127321830951, 0.00125874439254, -0.000313498545438], [0.000218161818339, -0.000698275689501, 0.000772143306676, -0.000709991087206, 0.000590466719586, -0.000774217944127, 0.000629191228654, 6.6076994699e-05, 0.000593118194956, -0.000570886244532, 0.000846168433782, -0.000561528140679, 9.28980152821e-05], [-0.000379323028028, 0.00124229805078, -0.000709991087206, 0.00225548748858, -0.00135011028033, 0.00170644721948, -0.000959012832027, 0.000895568635315, -0.000706418533809, 0.000598336162511, -0.000507442338858, -5.97045036557e-05, -3.31710652972e-05], [0.00057099154219, -0.00137438031379, 0.000590466719586, -0.00135011028033, 0.00365031440742, -0.00162606802769, 0.00127950252499, -0.00118649029173, 0.000313472090056, -0.00161215069238, 0.00108507520054, -0.00112703954801, 7.30570609448e-05], [-0.000475257926155, 0.00149601418525, -0.000774217944127, 0.00170644721948, -0.00162606802769, 0.00584064377472, -0.00280775292777, 0.00222527561709, -0.00097117718542, 0.000379323522793, -0.000299171399092, 0.00118595524691, 0.00184158002958], [0.000644620042294, -0.00119027728215, 0.000629191228654, -0.000959012832027, 0.00127950252499, -0.00280775292777, 0.00621888134629, -0.00315953302197, 0.00239944178611, -0.00202186405659, 0.00135504535865, -0.00267069041729, 0.00114553328604], [-0.000374828261556, 0.00105080427602, 6.6076994699e-05, 0.000895568635315, -0.00118649029173, 0.00222527561709, -0.00315953302197, 0.00796375609934, -0.00315783452243, 0.00178855052218, -0.00124048546422, 0.000906503002625, -0.00074791390216], [0.000366255117115, -0.00065359659493, 0.000593118194956, -0.000706418533809, 0.000313472090056, -0.00097117718542, 0.00239944178611, -0.00315783452243, 0.00897966977209, -0.00351250451058, 0.0028094900772, -0.00137246411759, 0.000947969441768], [-0.000156308087753, 0.00185487209819, -0.000570886244532, 0.000598336162511, -0.00161215069238, 0.000379323522793, -0.00202186405659, 0.00178855052218, -0.00351250451058, 0.00998388323933, -0.00317352614366, 0.00327618839219, -0.00216723396443], [0.000333801959641, -0.00127321830951, 0.000846168433782, -0.000507442338858, 0.00108507520054, -0.000299171399092, 0.00135504535865, -0.00124048546422, 0.0028094900772, -0.00317352614366, 0.0116298645735, -0.00273629557341, 0.0031095999293], [4.0238184738e-05, 0.00125874439254, -0.000561528140679, -5.97045036557e-05, -0.00112703954801, 0.00118595524691, -0.00267069041729, 0.000906503002625, -0.00137246411759, 0.00327618839219, -0.00273629557341, 0.0118660423905, -0.00353791425005], [-4.35389483755e-05, -0.000313498545438, 9.28980152821e-05, -3.31710652972e-05, 7.30570609448e-05, 0.00184158002958, 0.00114553328604, -0.00074791390216, 0.000947969441768, -0.00216723396443, 0.0031095999293, -0.00353791425005, 0.0133171584457]], "mean": [-230.913345337, 61.8680877686, -94.5896835327, 12.7241201401, -63.8637809753, -6.02430582047, -44.3295593262, 3.77818799019, -23.6490974426, -11.4707489014, -17.8115158081, -8.93871116638, -10.3026561737]}, "melbands_spread": {"min": 0.36291500926, "max": 268.531036377, "dvar2": 1248.05041504, "median": 17.1509170532, "dmean2": 18.6610183716, "dmean": 11.678571701, "var": 961.77331543, "dvar": 551.389099121, "mean": 27.1329479218}, "spectral_energy": {"min": 2.6264424946e-07, "max": 0.420622676611, "dvar2": 0.000688596919645, "median": 0.0012454589596, "dmean2": 0.00994299072772, "dmean": 0.00699463533238, "var": 0.000858512183186, "dvar": 0.000316182267852, "mean": 0.0160313658416}, "mfcc": {"cov": [[23746.625, 4216.07714844, -250.733901978, -1073.49267578, -1055.75793457, -2106.88964844, -1433.84985352, -1017.41455078, -1049.51708984, -704.956481934, -1087.76269531, -630.327148438, -788.248535156], [4216.07714844, 4989.99267578, 980.967834473, -723.884887695, -15.8498544693, -721.165710449, -130.371826172, -304.644744873, -487.753173828, -523.723999023, -484.113189697, -337.376678467, -249.488372803], [-250.733901978, 980.967834473, 2220.13354492, 338.815490723, 221.918151855, 189.467651367, 7.01261854172, -129.65802002, -84.0070419312, -358.630615234, -147.343215942, -170.440811157, -27.4197311401], [-1073.49267578, -723.884887695, 338.815490723, 1050.68896484, 288.426574707, 190.082229614, 32.7723693848, 91.5653533936, 142.432922363, 14.7774085999, 37.4371604919, 45.6651611328, 93.5680465698], [-1055.75793457, -15.8498544693, 221.918151855, 288.426574707, 474.671386719, 181.707870483, 8.49340820312, -2.83274102211, 55.7563743591, 28.0665111542, 30.7632007599, -22.5566043854, 44.1451225281], [-2106.88964844, -721.165710449, 189.467651367, 190.082229614, 181.707870483, 579.489501953, 203.437835693, 103.847045898, 139.366333008, 106.095359802, 187.971862793, 70.9833297729, 58.4633140564], [-1433.84985352, -130.371826172, 7.01261854172, 32.7723693848, 8.49340820312, 203.437835693, 329.12210083, 123.60723114, 44.8643302917, 45.51039505, 101.543609619, 71.1482849121, 44.0612068176], [-1017.41455078, -304.644744873, -129.65802002, 91.5653533936, -2.83274102211, 103.847045898, 123.60723114, 283.2940979, 91.8019790649, 66.1475448608, 81.5975036621, 60.8959770203, 66.7076644897], [-1049.51708984, -487.753173828, -84.0070419312, 142.432922363, 55.7563743591, 139.366333008, 44.8643302917, 91.8019790649, 251.549026489, 105.297164917, 93.7529296875, 41.1273880005, 55.1030197144], [-704.956481934, -523.723999023, -358.630615234, 14.7774085999, 28.0665111542, 106.095359802, 45.51039505, 66.1475448608, 105.297164917, 319.899749756, 138.635818481, 43.4481925964, 43.9523468018], [-1087.76269531, -484.113189697, -147.343215942, 37.4371604919, 30.7632007599, 187.971862793, 101.543609619, 81.5975036621, 93.7529296875, 138.635818481, 212.655578613, 70.924118042, 38.470287323], [-630.327148438, -337.376678467, -170.440811157, 45.6651611328, -22.5566043854, 70.9833297729, 71.1482849121, 60.8959770203, 41.1273880005, 43.4481925964, 70.924118042, 162.490707397, 45.3535346985], [-788.248535156, -249.488372803, -27.4197311401, 93.5680465698, 44.1451225281, 58.4633140564, 44.0612068176, 66.7076644897, 55.1030197144, 43.9523468018, 38.470287323, 45.3535346985, 128.43057251]], "icov": [[9.9137017969e-05, -3.81501886295e-05, 3.32294439431e-05, -5.61156084586e-05, 0.000162762516993, 7.09536470822e-05, 0.000249601434916, 6.84289916535e-05, 0.000140553325764, -3.10422656185e-05, 0.00011042314145, 6.23331725365e-05, 0.0002681366459], [-3.81501886295e-05, 0.000449150160421, -0.000186499673873, 0.000313424505293, -0.000407371204346, 0.000494179083034, -0.000473725231132, -7.37148729968e-05, 0.000161497417139, 0.000172899919562, 0.000224004412303, 0.00021911287331, 0.000213146806345], [3.32294439431e-05, -0.000186499673873, 0.000811842735857, -0.000335896154866, 0.000127371327835, -0.000623407482635, 0.000124627098558, 0.000282666675048, 4.60559895146e-05, 0.00070643122308, 7.34002969693e-05, 0.000640237121843, -0.000199471760425], [-5.61156084586e-05, 0.000313424505293, -0.000335896154866, 0.0015660203062, -0.000983198639005, 0.000279914791463, -0.000220760106458, -0.00037897285074, -0.000445156940259, 0.000127643914311, 0.000354276649887, -0.000374083814677, -0.000291789940093], [0.000162762516993, -0.000407371204346, 0.000127371327835, -0.000983198639005, 0.00353751401417, -0.00122433737852, 0.00102228263859, 0.000555457023438, 0.000128976127598, -0.000387767649954, 8.0277925008e-05, 0.000758239999413, -0.00056116603082], [7.09536470822e-05, 0.000494179083034, -0.000623407482635, 0.000279914791463, -0.00122433737852, 0.00424905214459, -0.00160236214288, 7.0839955697e-06, -0.0004223609576, -4.19248644903e-05, -0.00170476431958, -0.000131781576783, 0.000843850488309], [0.000249601434916, -0.000473725231132, 0.000124627098558, -0.000220760106458, 0.00102228263859, -0.00160236214288, 0.00568173686042, -0.00123817112762, 0.000792004109826, -3.88008993468e-05, -0.000676141295116, -0.000919445184991, 7.170659228e-05], [6.84289916535e-05, -7.37148729968e-05, 0.000282666675048, -0.00037897285074, 0.000555457023438, 7.0839955697e-06, -0.00123817112762, 0.00522883236408, -0.000933369505219, 0.00010447097884, -0.000453852757346, -4.31117478001e-05, -0.00135613698512], [0.000140553325764, 0.000161497417139, 4.60559895146e-05, -0.000445156940259, 0.000128976127598, -0.0004223609576, 0.000792004109826, -0.000933369505219, 0.00619928585365, -0.000888956827112, -0.000658513803501, 0.000327774556354, -0.000402528588893], [-3.10422656185e-05, 0.000172899919562, 0.00070643122308, 0.000127643914311, -0.000387767649954, -4.19248644903e-05, -3.88008993468e-05, 0.00010447097884, -0.000888956827112, 0.00557514745742, -0.00266300002113, 0.000996484886855, -0.000766175508033], [0.00011042314145, 0.000224004412303, 7.34002969693e-05, 0.000354276649887, 8.0277925008e-05, -0.00170476431958, -0.000676141295116, -0.000453852757346, -0.000658513803501, -0.00266300002113, 0.010206294246, -0.00171455275267, 0.000828724121675], [6.23331725365e-05, 0.00021911287331, 0.000640237121843, -0.000374083814677, 0.000758239999413, -0.000131781576783, -0.000919445184991, -4.31117478001e-05, 0.000327774556354, 0.000996484886855, -0.00171455275267, 0.00912007596344, -0.00183406833094], [0.0002681366459, 0.000213146806345, -0.000199471760425, -0.000291789940093, -0.00056116603082, 0.000843850488309, 7.170659228e-05, -0.00135613698512, -0.000402528588893, -0.000766175508033, 0.000828724121675, -0.00183406833094, 0.0113389547914]], "mean": [-872.381408691, 94.5647583008, 13.7509002686, 9.88073348999, 1.45579504967, -16.2472896576, -9.25601196289, -3.78418827057, -4.62120294571, -4.41431331635, -11.3232831955, -5.2989449501, -8.04891681671]}, "spectral_contrast_valleys": {"min": [-13.6142311096, -12.7594804764, -13.4505624771, -13.4655504227, -13.1272468567, -14.9314641953], "max": [-5.00957775116, -4.62291049957, -5.0925617218, -6.29126214981, -6.04868936539, -7.03558635712], "dvar2": [0.43031051755, 0.746253073215, 0.477928638458, 0.481591403484, 0.476343631744, 0.470955967903], "median": [-10.5563135147, -8.61210536957, -9.2849445343, -9.80865764618, -9.50325965881, -11.840669632], "dmean2": [0.808552443981, 0.891171813011, 0.729144632816, 0.63819360733, 0.562952399254, 0.522413611412], "dmean": [0.502135872841, 0.56159311533, 0.475681781769, 0.442545622587, 0.412923306227, 0.402457147837], "var": [2.10522413254, 2.90929102898, 2.77035427094, 2.52616834641, 2.57208657265, 2.44469428062], "dvar": [0.184954106808, 0.334032028913, 0.242188036442, 0.236155629158, 0.247706666589, 0.271414428949], "mean": [-10.4810390472, -8.9780292511, -9.61377906799, -10.0862827301, -9.76047039032, -11.9117984772]}, "barkbands_flatness_db": {"min": 0.0161103643477, "max": 0.545137405396, "dvar2": 0.00260545988567, "median": 0.156973138452, "dmean2": 0.0454270876944, "dmean": 0.0318424031138, "var": 0.0131258601323, "dvar": 0.00143845251296, "mean": 0.187053695321}, "dynamic_complexity": 15.6529464722, "erbbands_flatness_db": {"min": 0.0273970421404, "ma