{"lowlevel": {"spectral_complexity": {"min": 0, "max": 60, "dvar2": 41.2506866455, "median": 24, "dmean2": 6.74796056747, "dmean": 4.46233081818, "var": 90.9727096558, "dvar": 20.6352844238, "mean": 24.1972103119}, "silence_rate_20dB": {"min": 1, "max": 1, "dvar2": 0, "median": 1, "dmean2": 0, "dmean": 0, "var": 0, "dvar": 0, "mean": 1}, "average_loudness": 0.976110458374, "erbbands_spread": {"min": 2.94555401802, "max": 154.647445679, "dvar2": 177.520858765, "median": 61.524520874, "dmean2": 14.3740587234, "dmean": 9.66473579407, "var": 460.616088867, "dvar": 82.9883270264, "mean": 60.8471565247}, "spectral_kurtosis": {"min": -0.577651262283, "max": 46.044506073, "dvar2": 2.63313269615, "median": 2.39107775688, "dmean2": 0.921440303326, "dmean": 0.593796432018, "var": 4.31739854813, "dvar": 1.08749949932, "mean": 2.74705719948}, "barkbands_kurtosis": {"min": -1.86373448372, "max": 199.783737183, "dvar2": 126.665336609, "median": 2.91032481194, "dmean2": 5.56381893158, "dmean": 3.39104294777, "var": 63.3564796448, "dvar": 46.9111175537, "mean": 4.70331907272}, "spectral_strongpeak": {"min": 0, "max": 9.00031089783, "dvar2": 1.60897934437, "median": 0.353330850601, "dmean2": 0.727273702621, "dmean": 0.425252050161, "var": 0.942899048328, "dvar": 0.618616461754, "mean": 0.668055951595}, "spectral_spread": {"min": 1436882.25, "max": 15668867, "dvar2": 456024227840, "median": 6072910.5, "dmean2": 667724.0625, "dmean": 489499.03125, "var": 1787224653820.0, "dvar": 277845770240, "mean": 6192092}, "spectral_rms": {"min": 4.58763471656e-09, "max": 0.0122938035056, "dvar2": 3.49385891241e-06, "median": 0.00585009343922, "dmean2": 0.00181722769048, "dmean": 0.00112446793355, "var": 3.25146834257e-06, "dvar": 1.438094273e-06, "mean": 0.00596933159977}, "erbbands": {"min": [1.34113613227e-13, 7.25883329139e-13, 2.34510588032e-12, 5.31875498505e-12, 9.6949939396e-12, 1.4882465052e-11, 1.95934657388e-11, 2.20617864255e-11, 2.06739660114e-11, 1.50878684546e-11, 7.33143580567e-12, 1.6814258319e-12, 2.05708735636e-12, 7.55922754947e-12, 1.1081702396e-11, 7.09446563996e-12, 2.42321353955e-12, 7.51699744117e-12, 1.24995673534e-11, 4.95704735939e-12, 2.38180785858e-12, 3.71653489234e-12, 1.10037424051e-12, 1.44331204974e-12, 4.99160738784e-12, 3.87694303744e-12, 9.27784932214e-12, 1.75596898133e-11, 9.75602931774e-12, 1.9747853526e-12, 3.82297448906e-12, 2.71724765084e-12, 1.9995886457e-12, 8.78446078899e-13, 3.12696212239e-13, 2.12623633435e-13, 2.66641987353e-13, 4.88038530758e-14, 1.25894862704e-14, 3.63751311177e-15], "max": [4.11404180527, 33.3100814819, 46.2944717407, 73.541809082, 249.418762207, 142.636398315, 168.619567871, 263.69342041, 809.553771973, 1735.90576172, 1854.83288574, 1217.22949219, 2058.96728516, 1644.35290527, 1480.47338867, 504.46282959, 673.687072754, 1180.92504883, 1050.9128418, 757.068115234, 635.06072998, 324.234680176, 208.961700439, 283.572601318, 229.372879028, 268.205413818, 348.614898682, 158.82321167, 115.136146545, 123.724456787, 207.572723389, 217.697616577, 101.583129883, 105.352622986, 41.4947280884, 8.30963802338, 2.28696322441, 0.666116058826, 0.115849591792, 0.00588627532125], "dvar2": [1.00746893883, 37.4860610962, 55.700843811, 126.960296631, 1531.16918945, 554.633300781, 268.335540771, 705.961486816, 2871.95043945, 14054.9648438, 5723.71533203, 1910.85095215, 11393.6962891, 3367.44702148, 7409.13720703, 655.81842041, 3648.14648438, 6330.99511719, 4377.1640625, 1662.41003418, 1623.23840332, 588.142272949, 284.875030518, 508.878387451, 407.009185791, 432.489379883, 413.525177002, 131.477752686, 64.046257019, 67.9984283447, 112.214866638, 76.9836196899, 25.2467899323, 19.3412837982, 3.97187519073, 0.242592155933, 0.0497787706554, 0.00932358484715, 0.00033533066744, 7.38276639822e-07], "median": [0.265283554792, 1.63647735119, 3.38227748871, 6.86644649506, 8.07068634033, 9.579205513, 7.32707309723, 5.73300933838, 14.0633602142, 10.4495754242, 9.85693073273, 10.9905929565, 6.427775383, 6.35558462143, 7.4130821228, 5.82121706009, 6.63435983658, 7.01567077637, 12.1152429581, 16.8661308289, 22.0666484833, 13.6683731079, 11.2837591171, 16.8788452148, 17.9611339569, 10.5615940094, 15.08385849, 11.2863044739, 8.57163047791, 7.14503574371, 7.1404914856, 5.05380964279, 3.3954372406, 2.26588106155, 0.826408267021, 0.276898115873, 0.124566100538, 0.0377649515867, 0.00590998120606, 0.000322893902194], "dmean2": [0.672133088112, 3.68293046951, 4.88144683838, 9.25615406036, 18.0389957428, 15.2530574799, 11.8883628845, 12.5463972092, 30.17993927, 46.4639282227, 30.2211685181, 21.4661617279, 33.1774482727, 18.9693927765, 25.0519123077, 12.4949245453, 20.5073509216, 24.1770877838, 25.723361969, 23.9952373505, 25.9190940857, 15.1516714096, 11.7944564819, 16.5198116302, 15.966668129, 13.4282445908, 13.8784427643, 8.88041400909, 6.24984025955, 5.38057184219, 5.65457582474, 4.28232336044, 2.618475914, 1.78977024555, 0.732581496239, 0.289860695601, 0.150264322758, 0.0598376654088, 0.0110889961943, 0.000517068896443], "dmean": [0.382757097483, 2.16103315353, 2.97208809853, 5.49972486496, 10.2097463608, 8.97764015198, 7.26501274109, 7.29058837891, 18.4172515869, 29.2918205261, 18.9765033722, 13.5902986526, 21.1841068268, 12.1152858734, 16.1536083221, 7.9115281105, 12.7479743958, 15.6755237579, 16.5843734741, 15.1920261383, 16.2861995697, 9.58927345276, 7.35374736786, 10.3159923553, 10.0897855759, 8.52162742615, 8.76365184784, 5.81482315063, 4.25185775757, 3.64904904366, 3.75478243828, 2.96673130989, 1.81590628624, 1.24769413471, 0.529088079929, 0.207928612828, 0.103499606252, 0.0404810979962, 0.00745849730447, 0.000349160487531], "var": [0.317952096462, 12.9602470398, 23.3144187927, 78.3803482056, 418.405975342, 208.841674805, 180.781356812, 218.928970337, 2624.16992188, 13747.3935547, 4666.8125, 1599.54077148, 8601.59472656, 2732.23925781, 6540.83300781, 836.970825195, 2553.57495117, 5555.32128906, 3247.81030273, 1690.14526367, 1455.70227051, 653.111083984, 314.183013916, 574.872497559, 479.98614502, 575.991882324, 536.470275879, 205.948913574, 117.595939636, 82.5071029663, 108.083190918, 77.8593978882, 29.9934406281, 16.9110355377, 3.68355679512, 0.370342731476, 0.0705925300717, 0.01318319235, 0.000478466739878, 1.04949936031e-06], "dvar": [0.341895639896, 13.648024559, 21.3752250671, 47.3051834106, 535.729064941, 205.313446045, 105.626899719, 253.863464355, 1184.10925293, 6323.85595703, 2535.49755859, 877.587280273, 5044.04638672, 1574.57763672, 3153.54003906, 288.419158936, 1401.68969727, 2638.9465332, 1864.87145996, 687.092163086, 638.182922363, 232.44519043, 117.608863831, 215.042510986, 171.787246704, 195.230300903, 191.084228516, 63.407169342, 30.773979187, 31.0188407898, 50.5820732117, 38.5264511108, 13.794459343, 9.2413444519, 1.90637493134, 0.12728343904, 0.0243462957442, 0.00422300305218, 0.000152073655045, 3.39006192007e-07], "mean": [0.45878225565, 2.88037371635, 4.73515224457, 9.50576591492, 13.3722066879, 13.5157260895, 11.4814691544, 10.1673488617, 27.0835380554, 42.6933479309, 27.5795001984, 21.9212398529, 30.6520080566, 19.6865272522, 25.3004283905, 14.2007665634, 19.6881446838, 24.4933872223, 26.9481582642, 29.0325584412, 32.728553772, 21.2958374023, 16.3196716309, 23.3309364319, 23.7397060394, 18.7358264923, 21.0548744202, 15.3623085022, 11.5197839737, 9.54649162292, 9.61780738831, 7.39411306381, 4.73690462112, 3.12937259674, 1.27231574059, 0.511822581291, 0.235720470548, 0.0937022119761, 0.0173659101129, 0.000848522468004]}, "zerocrossingrate": {"min": 0.00341796875, "max": 0.4677734375, "dvar2": 0.000216483764234, "median": 0.07373046875, "dmean2": 0.0156308710575, "dmean": 0.0125040458515, "var": 0.00102614157367, "dvar": 0.000158836774062, "mean": 0.0766761898994}, "spectral_contrast_coeffs": {"min": [-0.988739669323, -0.938592970371, -0.979558110237, -0.963844120502, -0.95549684763, -0.912538945675], "max": [-0.222759053111, -0.376390278339, -0.494770675898, -0.565958380699, -0.662046968937, -0.647103190422], "dvar2": [0.0053046378307, 0.0039654513821, 0.00229614623822, 0.00145729014184, 0.000659672543406, 0.000386626081308], "median": [-0.678068697453, -0.744072198868, -0.797352612019, -0.784357905388, -0.797387123108, -0.764420926571], "dmean2": [0.0848624333739, 0.0795132368803, 0.0611775182188, 0.0489131696522, 0.0336601324379, 0.0237313155085], "dmean": [0.0511237606406, 0.0484493523836, 0.0373682379723, 0.030312364921, 0.0203963965178, 0.0148693919182], "var": [0.00574143510312, 0.00494862580672, 0.00331605435349, 0.00202001002617, 0.00108524982352, 0.000818039115984], "dvar": [0.00192429427989, 0.00151593133342, 0.000919192796573, 0.000569134601392, 0.000264459929895, 0.000169959836057], "mean": [-0.67260414362, -0.735712110996, -0.788749575615, -0.780260682106, -0.795448303223, -0.766084492207]}, "dissonance": {"min": 0.10435603559, "max": 0.500000119209, "dvar2": 0.000387434236472, "median": 0.478962004185, "dmean2": 0.0220188982785, "dmean": 0.0130744492635, "var": 0.000306177622406, "dvar": 0.000163301563589, "mean": 0.475542664528}, "spectral_energyband_high": {"min": 1.16201104254e-15, "max": 0.0224012527615, "dvar2": 1.3939531982e-06, "median": 0.00166459800676, "dmean2": 0.000760364055168, "dmean": 0.000570402131416, "var": 2.76925879916e-06, "dvar": 7.71525776599e-07, "mean": 0.00208245636895}, "spectral_skewness": {"min": -0.236676812172, "max": 5.26553201675, "dvar2": 0.0356806702912, "median": 1.24429214001, "dmean2": 0.174683406949, "dmean": 0.115244753659, "var": 0.126539006829, "dvar": 0.0182191412896, "mean": 1.28912985325}, "spectral_flux": {"min": 8.55958114698e-06, "max": 0.330463439226, "dvar2": 0.00220178510062, "median": 0.09561188519, "dmean2": 0.0471031665802, "dmean": 0.0311161521822, "var": 0.0028367601335, "dvar": 0.00119529943913, "mean": 0.106621108949}, "silence_rate_30dB": {"min": 0, "max": 1, "dvar2": 0.0128065925092, "median": 1, "dmean2": 0.00858737621456, "dmean": 0.00429276656359, "var": 0.00214142096229, "dvar": 0.00427456293255, "mean": 0.997854053974}, "spectral_energyband_middle_high": {"min": 1.24800807421e-15, "max": 0.0612343177199, "dvar2": 1.39902513183e-05, "median": 0.00310708256438, "dmean2": 0.00238195690326, "dmean": 0.00162697199266, "var": 3.12915726681e-05, "dvar": 6.65544439471e-06, "mean": 0.00499443802983}, "barkbands_spread": {"min": 0.463784277439, "max": 105.782264709, "dvar2": 146.726806641, "median": 28.9681434631, "dmean2": 12.3522386551, "dmean": 7.74558734894, "var": 190.472946167, "dvar": 60.3346672058, "mean": 30.7950382233}, "spectral_centroid": {"min": 150.766052246, "max": 5523.16259766, "dvar2": 160175.609375, "median": 1538.89672852, "dmean2": 432.965606689, "dmean": 284.786560059, "var": 281972.09375, "dvar": 75016.546875, "mean": 1581.61340332}, "pitch_salience": {"min": 0.0599296204746, "max": 0.933739185333, "dvar2": 0.020336728543, "median": 0.566716134548, "dmean2": 0.150568574667, "dmean": 0.0895707979798, "var": 0.0143350642174, "dvar": 0.00744511419907, "mean": 0.545536100864}, "erbbands_skewness": {"min": -5.36074209213, "max": 3.91896295547, "dvar2": 0.235262200236, "median": -0.0270176324993, "dmean2": 0.4826387465, "dmean": 0.319614648819, "var": 0.446892291307, "dvar": 0.105878949165, "mean": 0.0283459573984}, "erbbands_crest": {"min": 2.0727891922, "max": 30.1787319183, "dvar2": 14.2622385025, "median": 5.57664775848, "dmean2": 3.64234495163, "dmean": 2.2277765274, "var": 16.9524497986, "dvar": 5.83330440521, "mean": 6.89515304565}, "melbands": {"min": [1.21370800441e-15, 1.15441199233e-15, 1.04304558273e-15, 8.90654402884e-16, 6.97252852345e-16, 4.98499588827e-16, 3.06023421783e-16, 1.49338128999e-16, 4.96392144384e-17, 7.55029121879e-18, 1.02166955156e-17, 2.9118567433e-17, 3.75855385523e-17, 2.64478659329e-17, 9.16041151601e-18, 4.91498022757e-18, 1.52406737461e-17, 2.14101010832e-17, 1.22378708106e-17, 2.04705508795e-18, 3.20583421011e-18, 4.65759512175e-18, 1.11056576278e-18, 1.26222095288e-18, 9.61091641148e-19, 2.53528541642e-18, 4.18014026833e-18, 2.04680858813e-18, 6.47642135933e-18, 4.47079126966e-18, 1.31516886661e-17, 7.3754335091e-18, 1.01738469395e-18, 8.4653865514e-19, 2.32084525326e-18, 1.63493178649e-18, 1.6427307555e-18, 1.6920779727e-18, 8.38630136399e-19, 6.79717263597e-19], "max": [0.0345915332437, 0.0281958822161, 0.0160791315138, 0.0148951485753, 0.00521263852715, 0.00510407146066, 0.0120717417449, 0.0202017966658, 0.0146920382977, 0.00678779976442, 0.0100537529215, 0.00742339435965, 0.00445056892931, 0.00177590106614, 0.00168556137942, 0.00104687060229, 0.00270628905855, 0.00179710367229, 0.00078631460201, 0.0015949663939, 0.000954707327764, 0.000385626335628, 0.000378062191885, 0.00020194206445, 0.000297001417493, 0.000200925875106, 0.000243502741796, 0.00021970437956, 0.000326839304762, 0.000246246461757, 0.000104885191831, 8.0361169239e-05, 6.10047354712e-05, 7.55484797992e-05, 0.000110078020953, 0.000139399242471, 0.000133843088406, 6.99618030922e-05, 0.000104799095425, 8.6494430434e-05], "dvar2": [7.57895832066e-05, 1.65061246662e-05, 6.8419544732e-06, 6.41321821604e-06, 3.1398380429e-07, 3.45907949395e-07, 6.8166730216e-07, 1.82776989277e-06, 3.07765986918e-07, 7.5279778855e-08, 2.8065630886e-07, 6.63670718382e-08, 8.49037391504e-08, 1.01028376776e-08, 1.90715088166e-08, 7.67219354714e-09, 3.18790895903e-08, 1.05787361093e-08, 4.84329731876e-09, 5.78480241487e-09, 2.73791056493e-09, 9.66726143581e-10, 7.15156434072e-10, 2.13446579855e-10, 4.93300733595e-10, 2.51373949434e-10, 2.9448610217e-10, 2.51391213402e-10, 2.40176267763e-10, 1.23591983869e-10, 4.97617919093e-11, 2.90013343202e-11, 1.83077563526e-11, 3.06458677879e-11, 4.79606562798e-11, 3.97464804125e-11, 3.10395632808e-11, 1.45565087761e-11, 1.63301819983e-11, 1.67049672706e-11], "median": [0.00243879063055, 0.00207169400528, 0.00129031622782, 0.000696216360666, 0.000291900185402, 0.000132594184834, 0.000207556426176, 0.000113055444672, 8.08362528915e-05, 6.12899602856e-05, 2.90877505904e-05, 2.45634510065e-05, 2.63851288764e-05, 1.53685505211e-05, 1.45526018969e-05, 1.20089680422e-05, 1.26328541228e-05, 1.81230388989e-05, 1.80579991138e-05, 2.64051304839e-05, 2.33697683143e-05, 1.3857007616e-05, 1.0986509551e-05, 8.39454060042e-06, 1.36885173561e-05, 1.41633190651e-05, 9.42137558013e-06, 6.08789514445e-06, 8.53061465023e-06, 8.55188409332e-06, 5.92033711655e-06, 4.89111153001e-06, 3.82438520319e-06, 3.88914304494e-06, 4.11561040892e-06, 3.55697488885e-06, 2.93764242087e-06, 2.30462296713e-06, 2.33040191233e-06, 1.70896407781e-06], "dmean2": [0.00556487077847, 0.00282008689828, 0.00181737774983, 0.00126801105216, 0.000433420820627, 0.00029196444666, 0.000459128816146, 0.000532256206498, 0.000212745580939, 0.000133658380946, 0.00016683213471, 8.00301204436e-05, 8.84324254002e-05, 4.17140363425e-05, 4.89753838337e-05, 3.43627216353e-05, 5.18177548656e-05, 4.09213644161e-05, 3.51840171788e-05, 4.20242613473e-05, 3.12690499413e-05, 1.87300483958e-05, 1.53526762006e-05, 1.00118468254e-05, 1.55728230311e-05, 1.301991324e-05, 1.15611273941e-05, 9.69354641711e-06, 9.25767835724e-06, 8.50675132824e-06, 5.34943956154e-06, 4.18274021285e-06, 3.31541309606e-06, 3.49134529642e-06, 3.76759999199e-06, 3.41997201758e-06, 2.7479622986e-06, 2.06966865335e-06, 1.93698542716e-06, 1.58365094194e-06], "dmean": [0.00318008195609, 0.0017192591913, 0.00106816552579, 0.000720437790733, 0.000265535723884, 0.000170016573975, 0.000280866195681, 0.000337382953148, 0.000133175475639, 8.49593780003e-05, 0.000106403662357, 5.08641605848e-05, 5.68124123674e-05, 2.63920082944e-05, 2.99670864479e-05, 2.15678683162e-05, 3.32344789058e-05, 2.61056684394e-05, 2.23654715228e-05, 2.60718134086e-05, 1.94547810679e-05, 1.15833381642e-05, 9.50757475948e-06, 6.24394806437e-06, 9.64626087807e-06, 8.04913634056e-06, 7.30145939087e-06, 6.07860283708e-06, 5.83811652177e-06, 5.35419758307e-06, 3.48479352397e-06, 2.76233186014e-06, 2.19367052523e-06, 2.2739745873e-06, 2.43281397161e-06, 2.26976590056e-06, 1.8559316004e-06, 1.38772850278e-06, 1.31310673623e-06, 1.0797214145e-06], "var": [2.37084368564e-05, 8.67775452207e-06, 2.94279220725e-06, 1.78398181561e-06, 2.21700844349e-07, 1.1339226802e-07, 6.1744043478e-07, 1.88219098618e-06, 2.48336249342e-07, 6.48622275889e-08, 2.12576054537e-07, 5.10271718213e-08, 7.41219068345e-08, 1.08985753755e-08, 1.38879121536e-08, 6.4073732986e-09, 2.63754245111e-08, 7.74002018034e-09, 4.23296198093e-09, 5.00505281664e-09, 2.16946882681e-09, 8.59642412809e-10, 5.75929692825e-10, 1.97205793362e-10, 5.02380526068e-10, 2.47452003332e-10, 3.1618507812e-10, 2.81465295515e-10, 2.54549270551e-10, 1.67516764349e-10, 7.17711376441e-11, 4.78998264664e-11, 2.38314888656e-11, 3.06182475207e-11, 4.12146497486e-11, 3.42452143032e-11, 2.97160698826e-11, 1.46752957009e-11, 1.49069402655e-11, 1.26634666295e-11], "dvar": [2.61694658548e-05, 6.98590110915e-06, 2.47285379373e-06, 2.2757253646e-06, 1.24986542005e-07, 1.24694423675e-07, 2.80815356746e-07, 8.36661797621e-07, 1.36829044095e-07, 3.44144801545e-08, 1.24215560504e-07, 3.12729575569e-08, 3.62214862548e-08, 4.52493509329e-09, 7.44976214051e-09, 3.09651393415e-09, 1.31239064061e-08, 4.48865167257e-09, 2.18035012267e-09, 2.32555619206e-09, 1.06259545607e-09, 3.70699193564e-10, 2.7813795711e-10, 8.49143186321e-11, 2.06918537859e-10, 1.00641245337e-10, 1.281385692e-10, 1.09992306929e-10, 1.06390507515e-10, 5.82119075165e-11, 2.29259181084e-11, 1.32567967021e-11, 8.73081294761e-12, 1.31159007266e-11, 2.07096163135e-11, 1.78357988101e-11, 1.55528142448e-11, 7.29541774214e-12, 8.06289236766e-12, 7.55785885265e-12], "mean": [0.00400492921472, 0.00298355729319, 0.00177138787694, 0.00101807527244, 0.000435308029409, 0.00023712485563, 0.000411495188018, 0.000487525423523, 0.000199626592803, 0.00013192780898, 0.000150988067617, 7.69335092627e-05, 8.69587966008e-05, 4.22477096436e-05, 4.51649211755e-05, 3.34326177835e-05, 4.86508106405e-05, 4.04935744882e-05, 3.71063833882e-05, 4.54280270787e-05, 3.62523678632e-05, 2.28698700084e-05, 1.78116242751e-05, 1.27456369228e-05, 1.97832523554e-05, 1.81481664185e-05, 1.47250257214e-05, 1.17907020467e-05, 1.27998764583e-05, 1.18220104923e-05, 8.21784306027e-06, 6.78333935866e-06, 5.23091375726e-06, 5.36220841241e-06, 5.66591415918e-06, 5.11227835887e-06, 4.28788553108e-06, 3.29710042024e-06, 3.11795770358e-06, 2.49367644756e-06]}, "spectral_entropy": {"min": 5.55736446381, "max": 8.83419036865, "dvar2": 0.0258907284588, "median": 7.98835468292, "dmean2": 0.164005875587, "dmean": 0.112437196076, "var": 0.0771568119526, "dvar": 0.0136871989816, "mean": 7.96128606796}, "spectral_rolloff": {"min": 64.599609375, "max": 10680.46875, "dvar2": 2254201.75, "median": 796.728515625, "dmean2": 1135.97937012, "dmean": 670.580200195, "var": 1800873.625, "dvar": 957344.1875, "mean": 1308.02185059}, "barkbands": {"min": [2.47236677677e-15, 3.60685136611e-15, 2.25547255569e-15, 2.0807203413e-15, 4.21986816828e-15, 2.67352227867e-15, 1.31834526663e-15, 4.34262807099e-16, 6.40893516731e-17, 1.31052315559e-16, 2.65302154025e-16, 1.99834143733e-16, 4.470157153e-17, 1.97959567177e-16, 1.889180728e-16, 2.65472301768e-17, 7.05738322532e-17, 2.24622516613e-17, 5.64411404678e-17, 1.05183505834e-16, 3.28954483019e-16, 2.46147695063e-16, 1.00344049264e-16, 1.23860449972e-16, 6.19363196527e-17, 1.03270428983e-16, 1.59511457917e-16], "max": [0.00631589815021, 0.13431969285, 0.0385068915784, 0.0397152900696, 0.0551357939839, 0.020857937634, 0.0564830265939, 0.0739684700966, 0.0412671528757, 0.0469531826675, 0.0312654078007, 0.0103573799133, 0.0141544183716, 0.0218838006258, 0.017571343109, 0.0165725983679, 0.0082124164328, 0.00343997986056, 0.00469155283645, 0.00629149843007, 0.00591504946351, 0.00308027351275, 0.00618134485558, 0.00803043879569, 0.00796259660274, 0.00131640327163, 0.000624248059466], "dvar2": [8.30346152725e-07, 0.000870463147294, 4.87386605528e-05, 3.42759740306e-05, 9.11033421289e-05, 7.27799124434e-06, 1.83714655577e-05, 3.14577919198e-05, 3.82956113754e-06, 8.93767446541e-06, 4.15065369452e-06, 4.93780817123e-07, 1.67955272445e-06, 2.19295384341e-06, 1.45339754454e-06, 7.78265757617e-07, 4.06995098956e-07, 7.78210491603e-08, 1.82777441182e-07, 2.01365111252e-07, 1.48585399984e-07, 4.52443096322e-08, 1.23156681298e-07, 1.17477945594e-07, 1.08105098207e-07, 1.1677853351e-08, 1.04741735285e-08], "median": [0.000240772060351, 0.00829178839922, 0.00281460559927, 0.00245656445622, 0.00293373689055, 0.000730148865841, 0.000927154440433, 0.000446085818112, 0.00039723268128, 0.000195548258489, 0.000181403447641, 0.000136769085657, 0.000123989681015, 0.000159236136824, 0.000250536599196, 0.000369655666873, 0.000260324508417, 0.000179653929081, 0.0003973673156, 0.000217976776185, 0.000362865801435, 0.000234514227486, 0.000242823502049, 0.000221325230086, 0.000164119206602, 6.68499196763e-05, 3.25127111864e-05], "dmean2": [0.000704239064362, 0.0184952244163, 0.00490081356838, 0.00407191552222, 0.00509375846013, 0.00145371304825, 0.00228719436564, 0.00224085454829, 0.000907489506062, 0.00101310340688, 0.000622770341579, 0.000310797040584, 0.000446554011432, 0.000487074634293, 0.000518346962053, 0.000528052507434, 0.000358182034688, 0.000205750708119, 0.000348173110979, 0.000290739175398, 0.000294147554087, 0.000163069082191, 0.000189181781025, 0.000170861007064, 0.000126259445096, 7.21309916116e-05, 6.13824959146e-05], "dmean": [0.000422179204179, 0.010717201978, 0.00284353806637, 0.00239204801619, 0.00292388442904, 0.000862244516611, 0.00140505575109, 0.00142219755799, 0.000578001374379, 0.000644057698082, 0.00040047816583, 0.000195641317987, 0.000276257429505, 0.000314147153404, 0.000333003234118, 0.000331016170094, 0.000222797767492, 0.000129657913931, 0.000216981148697, 0.00018482284213, 0.000187238605577, 0.000111910238047, 0.000127272141981, 0.000118395204481, 9.05895649339e-05, 5.11156540597e-05, 4.14856258431e-05], "var": [4.92106210004e-07, 0.00028602607199, 2.02659430215e-05, 1.54922017828e-05, 2.66269180429e-05, 2.74493527286e-06, 1.48672243085e-05, 3.16494151775e-05, 3.03007755065e-06, 6.84146743879e-06, 3.53052837454e-06, 3.91879041217e-07, 1.22699975691e-06, 1.93628920897e-06, 1.11913141154e-06, 7.09289452061e-07, 3.49136911382e-07, 8.67427445428e-08, 2.16895685412e-07, 2.52991299021e-07, 2.11371897763e-07, 7.65254810631e-08, 1.24448945371e-07, 1.32024524646e-07, 9.93625732804e-08, 1.99022558434e-08, 1.54494852467e-08], "dvar": [3.25966254877e-07, 0.000308011629386, 1.75528348336e-05, 1.25034603116e-05, 3.21127045027e-05, 2.65429184765e-06, 7.46324349166e-06, 1.45109215737e-05, 1.64707114436e-06, 4.00974386139e-06, 1.77016852376e-06, 2.08299610449e-07, 6.54608925288e-07, 9.135134178e-07, 6.27942540632e-07, 3.12167628636e-07, 1.55466125307e-07, 3.30009051197e-08, 7.581115824e-08, 9.05038461951e-08, 7.09400254095e-08, 2.1452855492e-08, 5.5135298993e-08, 6.28888088272e-08, 5.25162775489e-08, 6.07999117719e-09, 4.791083974e-09], "mean": [0.00052745413268, 0.0138579551131, 0.00417021475732, 0.00365616171621, 0.00420198170468, 0.00125633785501, 0.00199596793391, 0.00197641714476, 0.000882148509845, 0.00090778345475, 0.000597005826421, 0.000304648332531, 0.000405781494919, 0.000479430542327, 0.000538014923222, 0.000603631779086, 0.000434006273281, 0.000268620759016, 0.000519476423506, 0.000389447028283, 0.000475976790767, 0.000306920905132, 0.000333394651534, 0.000311824929668, 0.00023124695872, 0.00012602674542, 9.84175203484e-05]}, "melbands_flatness_db": {"min": 0.0649565979838, "max": 0.605620265007, "dvar2": 0.0018986791838, "median": 0.17768317461, "dmean2": 0.0448420718312, "dmean": 0.028272876516, "var": 0.0030157098081, "dvar": 0.000736930523999, "mean": 0.184066578746}, "melbands_skewness": {"min": -0.164086103439, "max": 25.4056720734, "dvar2": 3.62931966782, "median": 3.80384469032, "dmean2": 1.61850404739, "dmean": 1.03170490265, "var": 4.01030302048, "dvar": 1.40437829494, "mean": 4.00917816162}, "barkbands_skewness": {"min": -2.05918574333, "max": 12.3871870041, "dvar2": 1.14616322517, "median": 1.90547573566, "dmean2": 0.950905382633, "dmean": 0.599291682243, "var": 1.13469851017, "dvar": 0.438202559948, "mean": 1.99562585354}, "silence_rate_60dB": {"min": 0, "max": 1, "dvar2": 0.00513057922944, "median": 0, "dmean2": 0.00472305715084, "dmean": 0.00236102170311, "var": 0.0201771389693, "dvar": 0.00235556648113, "mean": 0.0206008590758}, "spectral_energyband_low": {"min": 8.16133693558e-15, "max": 0.148423984647, "dvar2": 0.000811013043858, "median": 0.0149575890973, "dmean2": 0.0199275910854, "dmean": 0.0119791226462, "var": 0.000343364838045, "dvar": 0.000296952115605, "mean": 0.0204362142831}, "spectral_energyband_middle_low": {"min": 1.08066809692e-14, "max": 0.0970038026571, "dvar2": 0.000287172355456, "median": 0.0114257931709, "dmean2": 0.0113318674266, "dmean": 0.00679119955748, "var": 0.00014040125825, "dvar": 0.000108761501906, "mean": 0.0144430939108}, "melbands_kurtosis": {"min": -1.64805436134, "max": 781.235168457, "dvar2": 2093.50488281, "median": 18.0699386597, "dmean2": 21.8794822693, "dmean": 13.4553718567, "var": 1030.71508789, "dvar": 746.049194336, "mean": 25.3753852844}, "spectral_decrease": {"min": -4.03547026906e-08, "max": -5.33171299945e-21, "dvar2": 5.89331643382e-17, "median": -8.53285708757e-09, "dmean2": 6.49589004809e-09, "dmean": 3.94167720685e-09, "var": 3.37237366748e-17, "dvar": 2.32490840579e-17, "mean": -9.80867742584e-09}, "erbbands_kurtosis": {"min": -1.79535901546, "max": 41.9323310852, "dvar2": 5.24130296707, "median": -0.848449587822, "dmean2": 0.994809091091, "dmean": 0.621664881706, "var": 3.24863505363, "dvar": 1.89323925972, "mean": -0.33797544241}, "melbands_crest": {"min": 3.71636414528, "max": 33.719997406, "dvar2": 36.9557762146, "median": 14.502073288, "dmean2": 6.73532056808, "dmean": 3.99130582809, "var": 29.1664505005, "dvar": 12.9631557465, "mean": 15.3715753555}, "gfcc": {"cov": [[9856.56445312, -780.862121582, -15.050037384, 254.518600464, -183.413848877, -337.149810791, -303.615081787, 29.2150440216, -101.62223053, -170.126724243, -347.302276611, -32.577129364, -23.4750156403], [-780.862121582, 619.872436523, -189.442779541, 57.8414039612, -2.68363380432, -3.26494073868, -10.8176288605, -9.89416790009, -6.56394004822, 3.24774765968, 46.4297981262, -18.1674613953, 31.897808075], [-15.050037384, -189.442779541, 439.894165039, 33.0056304932, 114.205543518, 5.04130029678, -6.14094257355, -27.073972702, 6.2865562439, -4.18566989899, 3.22723793983, 32.616268158, -18.9670829773], [254.518600464, 57.8414039612, 33.0056304932, 447.310943604, -41.9998855591, 8.69445610046, -109.6457901, 37.7107505798, 1.06184339523, -28.9927501678, -17.5384521484, 14.6496515274, 24.7972660065], [-183.413848877, -2.68363380432, 114.205543518, -41.9998855591, 212.700973511, 43.014125824, 66.900390625, -15.231554985, 14.9754610062, 9.66273880005, 20.4354038239, 24.1769142151, 12.652756691], [-337.149810791, -3.26494073868, 5.04130029678, 8.69445610046, 43.014125824, 210.708908081, 101.970870972, -2.38461971283, -10.1168766022, 14.2720537186, 25.1529808044, 7.18868494034, 7.74388933182], [-303.615081787, -10.8176288605, -6.14094257355, -109.6457901, 66.900390625, 101.970870972, 176.707977295, 21.3294658661, 22.5520935059, 28.1028156281, 32.7282447815, 2.75346064568, -0.123651564121], [29.2150440216, -9.89416790009, -27.073972702, 37.7107505798, -15.231554985, -2.38461971283, 21.3294658661, 94.2958450317, 58.3707199097, 17.7858028412, 6.58800268173, 0.549684762955, 13.4068155289], [-101.62223053, -6.56394004822, 6.2865562439, 1.06184339523, 14.9754610062, -10.1168766022, 22.5520935059, 58.3707199097, 95.4301452637, 41.7319107056, 17.5057792664, -0.655926406384, 8.8412694931], [-170.126724243, 3.24774765968, -4.18566989899, -28.9927501678, 9.66273880005, 14.2720537186, 28.1028156281, 17.7858028412, 41.7319107056, 67.6914367676, 42.773059845, 3.73102045059, -0.53748357296], [-347.302276611, 46.4297981262, 3.22723793983, -17.5384521484, 20.4354038239, 25.1529808044, 32.7282447815, 6.58800268173, 17.5057792664, 42.773059845, 80.1556777954, 29.9184398651, 5.41335535049], [-32.577129364, -18.1674613953, 32.616268158, 14.6496515274, 24.1769142151, 7.18868494034, 2.75346064568, 0.549684762955, -0.655926406384, 3.73102045059, 29.9184398651, 58.5573959351, 22.8840408325], [-23.4750156403, 31.897808075, -18.9670829773, 24.7972660065, 12.652756691, 7.74388933182, -0.123651564121, 13.4068155289, 8.8412694931, -0.53748357296, 5.41335535049, 22.8840408325, 55.2683448792]], "icov": [[0.000142476361361, 0.000168584607309, 9.0864727099e-05, -8.62492379383e-05, -3.59956538887e-05, 0.000187420839211, 2.30190125876e-05, -0.000117443451018, 0.000218842425966, -0.000173599313712, 0.000561923661735, -0.000191339451703, 3.11097064696e-05], [0.000168584607309, 0.0026079621166, 0.00117679289542, -0.000638665340375, -0.000675713818055, 0.000580621534027, 0.000152506589075, 0.000856155587826, -2.44229304371e-05, 0.0013046580134, -0.00262166885659, 0.00249555846676, -0.00163707870524], [9.0864727099e-05, 0.00117679289542, 0.00362825579941, -0.000651458918583, -0.00199139211327, 0.00017176210531, 0.000539974891581, 0.00124812778085, -0.00104360876139, 0.000671692076139, -0.000203181916731, -0.00131943658926, 0.00176682323217], [-8.62492379383e-05, -0.000638665340375, -0.000651458918583, 0.00358236115426, 0.000235691375565, -0.00193620414939, 0.00319347367622, -0.00252307159826, -3.10768155032e-05, 0.0011058584787, -5.25330469827e-05, -0.000666735868435, -0.000365448766388], [-3.59956538887e-05, -0.000675713818055, -0.00199139211327, 0.000235691375565, 0.00727143744007, -0.000186083198059, -0.00284815183841, 0.00255829212256, -0.00220756558701, 0.000604706234299, 0.000421997683588, -0.00167569995392, -0.00166849570815], [0.000187420839211, 0.000580621534027, 0.00017176210531, -0.00193620414939, -0.000186083198059, 0.00824017822742, -0.00573041010648, 0.00117249647155, 0.00266787991859, -0.00160653388593, -0.000173428736161, 0.000801670888904, -0.00149439251982], [2.30190125876e-05, 0.000152506589075, 0.000539974891581, 0.00319347367622, -0.00284815183841, -0.00573041010648, 0.0130311222747, -0.0045102708973, -0.000428739207564, 0.000580959545914, -0.00240827607922, 0.00101101596374, 0.00114394561388], [-0.000117443451018, 0.000856155587826, 0.00124812778085, -0.00252307159826, 0.00255829212256, 0.00117249647155, -0.0045102708973, 0.0219016894698, -0.0137168942019, 0.00345473410562, -0.00138773070648, 0.000393887719838, -0.00285581964999], [0.000218842425966, -2.44229304371e-05, -0.00104360876139, -3.10768155032e-05, -0.00220756558701, 0.00266787991859, -0.000428739207564, -0.0137168942019, 0.0256247054785, -0.0140909589827, 0.0034732313361, 0.0016417724546, -0.00203532679006], [-0.000173599313712, 0.0013046580134, 0.000671692076139, 0.0011058584787, 0.000604706234299, -0.00160653388593, 0.000580959545914, 0.00345473410562, -0.0140909589827, 0.0344881303608, -0.0194859895855, 0.00728712556884, -0.000361586018698], [0.000561923661735, -0.00262166885659, -0.000203181916731, -5.25330469827e-05, 0.000421997683588, -0.000173428736161, -0.00240827607922, -0.00138773070648, 0.0034732313361, -0.0194859895855, 0.033632196486, -0.0184843465686, 0.00557875772938], [-0.000191339451703, 0.00249555846676, -0.00131943658926, -0.000666735868435, -0.00167569995392, 0.000801670888904, 0.00101101596374, 0.000393887719838, 0.0016417724546, 0.00728712556884, -0.0184843465686, 0.0335720218718, -0.0137791102752], [3.11097064696e-05, -0.00163707870524, 0.00176682323217, -0.000365448766388, -0.00166849570815, -0.00149439251982, 0.00114394561388, -0.00285581964999, -0.00203532679006, -0.000361586018698, 0.00557875772938, -0.0137791102752, 0.0265895053744]], "mean": [53.2020721436, 56.0009841919, -81.9890518188, 41.7774887085, -47.67004776, 12.0327920914, -32.1754074097, 10.2389650345, -15.5530700684, 4.0176448822, -15.7347373962, -2.46739506721, -9.9961309433]}, "melbands_spread": {"min": 0.517579734325, "max": 279.033874512, "dvar2": 220.01008606, "median": 18.0541667938, "dmean2": 11.4134540558, "dmean": 7.17740869522, "var": 201.106658936, "dvar": 96.9118728638, "mean": 21.4443740845}, "spectral_energy": {"min": 2.1572551891e-14, "max": 0.15491604805, "dvar2": 0.000862557499204, "median": 0.0350791849196, "dmean2": 0.0250601936132, "dmean": 0.0152758471668, "var": 0.000523849681485, "dvar": 0.000344230182236, "mean": 0.0398565381765}, "mfcc": {"cov": [[5778.70849609, 104.174850464, -149.8412323, 78.2359237671, -77.0378723145, -86.6805343628, -128.762191772, -17.2855834961, 65.1911849976, 39.3409080505, -111.946037292, -84.731086731, -33.7244911194], [104.174850464, 499.009429932, -104.500167847, -14.4136867523, 2.36400866508, -16.4336071014, 12.2205638885, -40.1393890381, -14.3482494354, -14.8901634216, -9.15748119354, -1.54546868801, -12.5572710037], [-149.8412323, -104.500167847, 293.432159424, 84.9635772705, 72.6283035278, 38.6011734009, -5.72601175308, 16.6783218384, -16.1669273376, -11.7867898941, 4.28811836243, -0.587257444859, 20.3542098999], [78.2359237671, -14.4136867523, 84.9635772705, 261.752105713, 102.55632019, -29.9931144714, -55.4910469055, 3.6788892746, 5.1698474884, -17.4777774811, -16.2665977478, -1.47865962982, 37.6391677856], [-77.0378723145, 2.36400866508, 72.6283035278, 102.55632019, 158.311752319, 33.6778335571, -7.8904337883, 11.8210992813, 7.81728410721, -14.0047912598, -5.89784145355, -6.97270154953, 22.9614048004], [-86.6805343628, -16.4336071014, 38.6011734009, -29.9931144714, 33.6778335571, 162.739486694, 93.3188095093, 35.2792015076, -3.97766375542, 7.36441135406, 14.2766504288, -18.0165157318, -6.679210186], [-128.762191772, 12.2205638885, -5.72601175308, -55.4910469055, -7.8904337883, 93.3188095093, 126.707420349, 44.692489624, 1.71366119385, 10.6919994354, 20.844575882, 1.95033180714, -6.82237291336], [-17.2855834961, -40.1393890381, 16.6783218384, 3.6788892746, 11.8210992813, 35.2792015076, 44.692489624, 79.9152832031, 33.9698448181, 9.08320426941, 9.77680873871, 2.23923754692, 8.14347267151], [65.1911849976, -14.3482494354, -16.1669273376, 5.1698474884, 7.81728410721, -3.97766375542, 1.71366119385, 33.9698448181, 81.4002380371, 43.8342208862, 4.38221263885, 6.18617343903, 8.1841878891], [39.3409080505, -14.8901634216, -11.7867898941, -17.4777774811, -14.0047912598, 7.36441135406, 10.6919994354, 9.08320426941, 43.8342208862, 83.8305435181, 30.8861618042, 11.2675256729, 1.8224157095], [-111.946037292, -9.15748119354, 4.28811836243, -16.2665977478, -5.89784145355, 14.2766504288, 20.844575882, 9.77680873871, 4.38221263885, 30.8861618042, 68.8923492432, 35.1123580933, 6.3064661026], [-84.731086731, -1.54546868801, -0.587257444859, -1.47865962982, -6.97270154953, -18.0165157318, 1.95033180714, 2.23923754692, 6.18617343903, 11.2675256729, 35.1123580933, 78.8270874023, 30.615240097], [-33.7244911194, -12.5572710037, 20.3542098999, 37.6391677856, 22.9614048004, -6.679210186, -6.82237291336, 8.14347267151, 8.1841878891, 1.8224157095, 6.3064661026, 30.615240097, 58.2990112305]], "icov": [[0.000192200837773, -4.62261305074e-05, 7.99960398581e-05, -0.000106327999674, 0.00016028250684, -0.000102578807855, 0.00025439998717, -0.000121083583508, -3.66441490769e-05, -0.000195174259716, 0.000302232510876, 6.59140350763e-05, 5.76859929424e-05], [-4.62261305074e-05, 0.00237930985168, 0.000821028661449, -0.000113970883831, -0.000639387522824, 0.000484591524582, -0.00128410675097, 0.00163838104345, -0.000240680295974, 0.000514914630912, -1.85189874173e-05, -0.000115285183711, 0.000281134794932], [7.99960398581e-05, 0.000821028661449, 0.0046567376703, -0.000963926431723, -0.00119262631051, -0.00121255521663, 0.000970202672761, -0.000993843423203, 0.00179554335773, -0.000422620767495, -8.91520903679e-05, -0.000169443810591, -0.000337438250426], [-0.000106327999674, -0.000113970883831, -0.000963926431723, 0.00643513118848, -0.00348934344947, 0.00132340833079, 0.0017123806756, -0.00120464316569, 0.000480242189951, 5.80794767302e-05, 0.000229618584854, 0.000818355125375, -0.0025334302336], [0.00016028250684, -0.000639387522824, -0.00119262631051, -0.00348934344947, 0.0107348142192, -0.00370690017007, 0.00173236476257, 0.000396219518734, -0.00280565558933, 0.00241173128597, -0.000772709259763, 0.00116537010763, -0.00209101475775], [-0.000102578807855, 0.000484591524582, -0.00121255521663, 0.00132340833079, -0.00370690017007, 0.0135741215199, -0.00961291696876, -6.0263202613e-05, 0.00153080257587, -0.0011192195816, -0.00141056498978, 0.00379434763454, -0.00050730939256], [0.00025439998717, -0.00128410675097, 0.000970202672761, 0.0017123806756, 0.00173236476257, -0.00961291696876, 0.0197310261428, -0.00916178058833, 0.00336261070333, -0.00157537625637, -0.000400638673455, -0.00224473979324, 0.00103075278457], [-0.000121083583508, 0.00163838104345, -0.000993843423203, -0.00120464316569, 0.000396219518734, -6.0263202613e-05, -0.00916178058833, 0.0239905193448, -0.0127762909979, 0.00640961155295, -0.00368304690346, 0.00204318575561, -0.00225996505469], [-3.66441490769e-05, -0.000240680295974, 0.00179554335773, 0.000480242189951, -0.00280565558933, 0.00153080257587, 0.00336261070333, -0.0127762909979, 0.0261645037681, -0.0150569966063, 0.00643747719005, -0.00231850566342, -0.000232618069276], [-0.000195174259716, 0.000514914630912, -0.000422620767495, 5.80794767302e-05, 0.00241173128597, -0.0011192195816, -0.00157537625637, 0.00640961155295, -0.0150569966063, 0.0237211249769, -0.0111949425191, 0.00274235103279, -0.000906608765945], [0.000302232510876, -1.85189874173e-05, -8.91520903679e-05, 0.000229618584854, -0.000772709259763, -0.00141056498978, -0.000400638673455, -0.00368304690346, 0.00643747719005, -0.0111949425191, 0.0263077132404, -0.0119453240186, 0.00353743834421], [6.59140350763e-05, -0.000115285183711, -0.000169443810591, 0.000818355125375, 0.00116537010763, 0.00379434763454, -0.00224473979324, 0.00204318575561, -0.00231850566342, 0.00274235103279, -0.0119453240186, 0.0234305057675, -0.0118006607518], [5.76859929424e-05, 0.000281134794932, -0.000337438250426, -0.0025334302336, -0.00209101475775, -0.00050730939256, 0.00103075278457, -0.00225996505469, -0.000232618069276, -0.000906608765945, 0.00353743834421, -0.0118006607518, 0.0260774213821]], "mean": [-598.223876953, 90.7792663574, 23.2008457184, 32.6929931641, 12.7406759262, 6.88610649109, 0.549187839031, 3.22098946571, 5.90996265411, 6.97222518921, -1.11278426647, 1.65058207512, 1.73986446857]}, "spectral_contrast_valleys": {"min": [-19.5641479492, -21.255235672, -20.5788383484, -21.5886669159, -21.4770393372, -22.8740634918], "max": [-5.10442209244, -4.60682964325, -5.26589727402, -5.98628330231, -5.80948638916, -7.15475845337], "dvar2": [0.23270739615, 0.276733070612, 0.179627925158, 0.14581720531, 0.115145772696, 0.112875595689], "median": [-6.31914281845, -6.4915189743, -7.17557144165, -7.37347221375, -6.93074941635, -9.02049255371], "dmean2": [0.58383500576, 0.601119816303, 0.493533670902, 0.415580928326, 0.330375164747, 0.265485137701], "dmean": [0.350634008646, 0.369537621737, 0.313948333263, 0.268246412277, 0.218834802508, 0.203576952219], "var": [1.13640213013, 0.885751903057, 0.797548413277, 0.881120383739, 1.02628731728, 1.13250589371], "dvar": [0.0941902250051, 0.114806346595, 0.0810971260071, 0.0724265873432, 0.0621950663626, 0.0771008059382], "mean": [-6.51508522034, -6.589366436, -7.24611139297, -7.47702121735, -7.06440019608, -9.15884685516]}, "barkbands_flatness_db": {"min": 0.0182655453682, "max": 0.454718619585, "dvar2": 0.00124907842837, "median": 0.09219391644, "dmean2": 0.0351471565664, "dmean": 0.0217801555991, "var": 0.00203345133923, "dvar": 0.000475951848784, "mean": 0.100666120648}, "dynamic_complexity": 2.30250191689, "erbbands_flatness_db": {"min": 0.0333730056882, "max": 0.325482726097, "dvar2": 0.000332483177772, "median": 0.0884064435959, "dmean2": 0.0182168353349, "dmean": 0.0125020937994, "var": 0.00121608166955, "dvar": 0.000168881379068, "mean": 0.0945941060781}, "hfc": {"min": 1.59796568339e-11, "max"