{"lowlevel": {"spectral_complexity": {"min": 0, "max": 58, "dvar2": 13.0707025528, "median": 9, "dmean2": 2.9002187252, "dmean": 1.92219901085, "var": 73.1647872925, "dvar": 7.13564968109, "mean": 10.4759864807}, "silence_rate_20dB": {"min": 1, "max": 1, "dvar2": 0, "median": 1, "dmean2": 0, "dmean": 0, "var": 0, "dvar": 0, "mean": 1}, "average_loudness": 0.597447812557, "erbbands_spread": {"min": 0.559849858284, "max": 183.619476318, "dvar2": 332.557067871, "median": 22.8546485901, "dmean2": 11.3201055527, "dmean": 7.35640668869, "var": 415.417449951, "dvar": 141.699264526, "mean": 26.7768821716}, "spectral_kurtosis": {"min": -1.24820721149, "max": 154.66444397, "dvar2": 143.58807373, "median": 6.01637268066, "dmean2": 6.3517127037, "dmean": 3.84289765358, "var": 440.244567871, "dvar": 51.2388496399, "mean": 13.7034816742}, "barkbands_kurtosis": {"min": -1.95249891281, "max": 2832.34912109, "dvar2": 8964.90722656, "median": 5.87892246246, "dmean2": 19.3651027679, "dmean": 12.4364757538, "var": 6486.77978516, "dvar": 3547.49511719, "mean": 22.8893032074}, "spectral_strongpeak": {"min": 0, "max": 20.9044437408, "dvar2": 1.53425693512, "median": 0.414128541946, "dmean2": 0.691864967346, "dmean": 0.429877340794, "var": 2.09778189659, "dvar": 0.672292530537, "mean": 0.925575971603}, "spectral_spread": {"min": 571249.9375, "max": 40958896, "dvar2": 2487995858940.0, "median": 4297572, "dmean2": 963602.3125, "dmean": 638407.4375, "var": 5095636336640.0, "dvar": 1256218034180.0, "mean": 4505602.5}, "spectral_rms": {"min": 3.22218293713e-12, "max": 0.0112652890384, "dvar2": 1.46484251218e-06, "median": 0.00326645630412, "dmean2": 0.000895994831808, "dmean": 0.00060640036827, "var": 6.34766001895e-06, "dvar": 7.37327013667e-07, "mean": 0.00360985728912}, "erbbands": {"min": [5.02863208431e-22, 2.35834423102e-21, 2.10884301109e-20, 3.36821483083e-20, 5.90861444648e-20, 5.12370373258e-20, 2.75298477458e-19, 4.79453011587e-19, 2.20777297225e-19, 6.2644419551e-19, 4.52583548653e-19, 4.05724981874e-19, 1.05236719603e-18, 1.63526545047e-18, 3.8988206915e-18, 2.66976782002e-18, 5.07470839026e-18, 4.34606649536e-18, 5.9881126555e-18, 5.43082453321e-18, 6.41840291117e-18, 1.03603891958e-17, 1.52627346531e-17, 1.13337177333e-17, 1.58769873954e-17, 1.6905897507e-17, 2.01498864569e-17, 1.46318406911e-17, 1.36461019629e-17, 2.06279389483e-17, 2.1451790986e-17, 1.43163407706e-17, 1.17971671782e-17, 1.04175994885e-17, 8.56632626417e-18, 5.04090482735e-18, 3.34464607703e-18, 1.07664256887e-18, 3.31181300378e-19, 3.25080009717e-20], "max": [4.70038795471, 11.0591173172, 66.2621765137, 103.405128479, 117.131797791, 445.616577148, 323.781890869, 745.79876709, 1566.55212402, 2735.42138672, 2435.77978516, 2234.48632812, 3880.69287109, 2374.04931641, 4883.99755859, 3550.30712891, 2672.70532227, 4803.62353516, 5555.22216797, 3447.86083984, 745.166992188, 499.653381348, 335.681884766, 612.789123535, 594.20324707, 274.044311523, 242.18536377, 368.506439209, 380.172912598, 344.360748291, 398.556365967, 242.817001343, 216.772781372, 95.5681915283, 35.1874580383, 17.5055141449, 3.9175260067, 0.910587966442, 0.0699617788196, 0.00439247209579], "dvar2": [0.172449275851, 1.14446032047, 28.2369289398, 66.8878707886, 115.737731934, 817.787597656, 565.662353516, 1376.12683105, 9002.03222656, 13068.640625, 10074.0751953, 5019.17822266, 11391.7744141, 5043.49267578, 5796.67431641, 3630.50024414, 8937.48242188, 6814.1484375, 7575.69335938, 2934.4621582, 747.172973633, 287.723999023, 167.503814697, 411.282989502, 430.067687988, 185.770767212, 111.635726929, 136.030609131, 151.675598145, 151.881011963, 163.948699951, 118.780387878, 52.3754653931, 14.8498792648, 2.65930366516, 0.404961287975, 0.0214233472943, 0.00145785696805, 2.2772605007e-05, 1.72854910829e-07], "median": [0.0110722631216, 0.0593574903905, 0.236822277308, 0.33702519536, 1.04941618443, 2.547123909, 4.49113082886, 10.1278104782, 10.7090597153, 5.4829211235, 2.67778325081, 2.76286101341, 3.92146921158, 4.33185195923, 2.92634677887, 1.85407006741, 1.93214476109, 1.79874789715, 1.88303148746, 1.60989308357, 1.12266397476, 0.819638729095, 0.762341737747, 0.80336022377, 0.721878826618, 0.616179049015, 0.391949504614, 0.375287890434, 0.403688549995, 0.269987553358, 0.278447419405, 0.153537616134, 0.113451346755, 0.0634848475456, 0.0297079123557, 0.0114147365093, 0.00312084122561, 0.000438474264229, 4.80197595607e-05, 1.94476142497e-05], "dmean2": [0.163485258818, 0.422166854143, 1.49583482742, 2.22881650925, 4.07600212097, 9.26550674438, 11.242483139, 17.7679405212, 36.7121353149, 32.0596656799, 25.4917373657, 18.9776325226, 24.8096141815, 19.3297233582, 12.7932043076, 11.5714540482, 15.5581989288, 17.4448280334, 16.7259273529, 9.89697742462, 5.84759283066, 4.35197782516, 3.69002985954, 5.71711921692, 4.68193340302, 3.85008096695, 2.84170079231, 2.57892990112, 2.64666891098, 2.22705626488, 2.41346502304, 2.04190897942, 1.44959938526, 0.912876009941, 0.463959902525, 0.187331810594, 0.0445681028068, 0.0115500856191, 0.00116344774142, 0.000111205896246], "dmean": [0.101244598627, 0.256041675806, 0.921894848347, 1.33884549141, 2.49518227577, 5.60123348236, 6.97283172607, 11.7496891022, 23.1473960876, 21.2775402069, 16.5119838715, 12.3557338715, 16.7064704895, 13.5087785721, 8.68603801727, 7.84882974625, 10.0352144241, 12.1376991272, 11.9807872772, 6.84515523911, 3.90011501312, 2.84887623787, 2.47297668457, 3.79606628418, 3.20574092865, 2.51882195473, 1.86956179142, 1.69178628922, 1.74960446358, 1.47352194786, 1.5529280901, 1.34767913818, 0.960435569286, 0.585505962372, 0.301085680723, 0.126882538199, 0.0319474264979, 0.00786819681525, 0.000774091458879, 7.16007853043e-05], "var": [0.227819517255, 0.978840231895, 12.8916501999, 26.7935600281, 58.5082511902, 341.895812988, 389.293304443, 1499.10693359, 7552.61767578, 15117.5117188, 9556.08007812, 5752.32714844, 11100.1582031, 9449.69921875, 6756.56884766, 5947.28564453, 6612.07421875, 18439.5449219, 22259.4550781, 6323.06982422, 746.51940918, 259.281005859, 130.248291016, 454.718536377, 474.637573242, 206.824035645, 91.5991821289, 81.7314758301, 72.6038208008, 68.72265625, 75.6952438354, 78.0203552246, 31.9000835419, 9.11402702332, 2.12507009506, 0.388257414103, 0.0226361863315, 0.000953159586061, 1.20552758744e-05, 6.98405386856e-08], "dvar": [0.0724353268743, 0.466935127974, 10.4533624649, 25.0409240723, 44.7618637085, 306.977752686, 214.178909302, 583.396911621, 3867.18359375, 6475.43457031, 4746.19042969, 2522.66967773, 5316.36474609, 2683.09448242, 3020.32348633, 2090.94775391, 3863.39233398, 4506.52050781, 5297.30273438, 1844.87573242, 361.724365234, 139.189529419, 73.9030914307, 201.101699829, 212.963241577, 91.7120285034, 49.7566833496, 56.5463066101, 61.8822746277, 63.8733901978, 69.7546539307, 54.7685279846, 23.6085834503, 6.59446048737, 1.21113920212, 0.199778452516, 0.0111315222457, 0.000673612870742, 9.79418473435e-06, 6.95519304372e-08], "mean": [0.186896920204, 0.476074874401, 1.49269914627, 1.99028801918, 3.72115921974, 8.00907802582, 11.569729805, 23.4988651276, 38.5895729065, 35.0054969788, 24.5772800446, 20.7979297638, 30.6865615845, 28.6620788574, 14.7415904999, 13.1825752258, 16.3862571716, 23.0166549683, 22.9681816101, 11.8367843628, 6.25154018402, 4.72596120834, 4.1463727951, 6.56726837158, 5.87272548676, 4.47632360458, 2.98517394066, 2.78109145164, 2.84498047829, 2.14527010918, 2.130818367, 1.91911292076, 1.38398766518, 0.848689198494, 0.452751755714, 0.208150282502, 0.0546229630709, 0.0104277143255, 0.000979318283498, 9.50231333263e-05]}, "zerocrossingrate": {"min": 0.00146484375, "max": 0.515625, "dvar2": 0.000367333122995, "median": 0.0341796875, "dmean2": 0.0110943373293, "dmean": 0.00951962638646, "var": 0.00215597031638, "dvar": 0.00035849964479, "mean": 0.0460462905467}, "spectral_contrast_coeffs": {"min": [-0.964619457722, -0.97813051939, -0.957898318768, -0.965693533421, -0.963034152985, -0.960577666759], "max": [-0.232284709811, -0.294868439436, -0.400482594967, -0.460391581059, -0.577170073986, -0.624247968197], "dvar2": [0.00387473520823, 0.00435604713857, 0.0023388681002, 0.00149134639651, 0.000797756656539, 0.000648625777103], "median": [-0.690720975399, -0.679175794125, -0.735507726669, -0.768855035305, -0.800951063633, -0.802464306355], "dmean2": [0.0739473551512, 0.0760988295078, 0.0576035380363, 0.0470310859382, 0.0331843718886, 0.0264036096632], "dmean": [0.0457062274218, 0.0475753098726, 0.0367005169392, 0.0295483618975, 0.0209467299283, 0.017060842365], "var": [0.011868792586, 0.00902191363275, 0.00559080578387, 0.00370195088908, 0.00210788985714, 0.00190155371092], "dvar": [0.00156687491108, 0.00183774670586, 0.00100106745958, 0.000637807243038, 0.000350957154296, 0.000294287776342], "mean": [-0.689502596855, -0.66818356514, -0.728591680527, -0.764229238033, -0.796159625053, -0.803917646408]}, "dissonance": {"min": 0.132823824883, "max": 0.499999850988, "dvar2": 0.00207144999877, "median": 0.436586380005, "dmean2": 0.0489416383207, "dmean": 0.0293811801821, "var": 0.00399707211182, "dvar": 0.000774982850999, "mean": 0.419658213854}, "spectral_energyband_high": {"min": 7.57832988859e-21, "max": 0.0316383950412, "dvar2": 2.01910324904e-06, "median": 6.27701592748e-05, "dmean2": 0.000356092059519, "dmean": 0.000251007993938, "var": 1.55510679178e-06, "dvar": 9.447222169e-07, "mean": 0.000460039649624}, "spectral_skewness": {"min": -0.822185277939, "max": 9.80662631989, "dvar2": 0.573597550392, "median": 2.06992387772, "dmean2": 0.569597065449, "dmean": 0.362896889448, "var": 2.31493163109, "dvar": 0.22022549808, "mean": 2.52683138847}, "spectral_flux": {"min": 1.07723635567e-10, "max": 0.323887616396, "dvar2": 0.0020215655677, "median": 0.0474452860653, "dmean2": 0.0320220962167, "dmean": 0.0198857933283, "var": 0.00282008433715, "dvar": 0.000850103213452, "mean": 0.0598526597023}, "silence_rate_30dB": {"min": 0, "max": 1, "dvar2": 0.00984076876193, "median": 1, "dmean2": 0.00722914468497, "dmean": 0.00361422868446, "var": 0.00246631959453, "dvar": 0.00360097549856, "mean": 0.997527360916}, "spectral_energyband_middle_high": {"min": 1.62733740009e-21, "max": 0.115963742137, "dvar2": 2.15037762246e-05, "median": 0.000665153900627, "dmean2": 0.00160380860325, "dmean": 0.00118970288895, "var": 6.33250892861e-05, "dvar": 1.24191601572e-05, "mean": 0.00336570478976}, "barkbands_spread": {"min": 0.0564209744334, "max": 130.882965088, "dvar2": 171.011413574, "median": 8.98624134064, "dmean2": 6.80413389206, "dmean": 4.36046600342, "var": 168.493026733, "dvar": 74.0425109863, "mean": 12.5553436279}, "spectral_centroid": {"min": 139.305038452, "max": 11166.7548828, "dvar2": 256829.84375, "median": 659.907592773, "dmean2": 255.463027954, "dmean": 172.250732422, "var": 493645.40625, "dvar": 148059.78125, "mean": 840.510131836}, "pitch_salience": {"min": 0.0486668348312, "max": 0.925910234451, "dvar2": 0.0110085075721, "median": 0.526984453201, "dmean2": 0.112264283001, "dmean": 0.0701458826661, "var": 0.0212109144777, "dvar": 0.00452587613836, "mean": 0.511141896248}, "erbbands_skewness": {"min": -6.98670101166, "max": 10.6661472321, "dvar2": 0.793437182903, "median": 1.17862141132, "dmean2": 0.775685727596, "dmean": 0.520440280437, "var": 2.23498988152, "dvar": 0.384486198425, "mean": 1.43841218948}, "erbbands_crest": {"min": 2.59533977509, "max": 34.1327095032, "dvar2": 19.3766613007, "median": 11.5380134583, "dmean2": 4.62314891815, "dmean": 2.98941922188, "var": 38.8507881165, "dvar": 8.47258472443, "mean": 12.8438243866}, "melbands": {"min": [8.16761811033e-24, 1.02998554946e-23, 6.32937222493e-24, 4.55519407237e-24, 9.21601267565e-24, 1.05754211749e-23, 3.08720577208e-24, 6.76536894193e-24, 3.29430167843e-24, 2.67385981546e-24, 5.12727639527e-24, 5.49976349851e-24, 1.2666014592e-23, 9.23185931352e-24, 6.05190420658e-24, 1.20120315466e-23, 6.75235825902e-24, 1.03771441418e-23, 7.7572392568e-24, 8.37822503937e-24, 6.71075689032e-24, 9.53541930073e-24, 1.3177528569e-23, 1.25635171057e-23, 7.89036978975e-24, 1.08799475167e-23, 1.16017276348e-23, 1.12819920548e-23, 1.20619766971e-23, 9.68409118237e-24, 6.70335264186e-24, 5.36601410418e-24, 7.50454580962e-24, 1.32714661256e-23, 1.23634667133e-23, 9.74951536155e-24, 7.81674303488e-24, 8.52394263692e-24, 7.4511990909e-24, 9.06900607938e-24], "max": [0.0297288428992, 0.0259102284908, 0.014774014242, 0.0221250727773, 0.00889826007187, 0.0172410234809, 0.0203980840743, 0.0283657293767, 0.0208249129355, 0.0125941988081, 0.0200445987284, 0.011034136638, 0.0140413800254, 0.00842613819987, 0.00913092494011, 0.00746740167961, 0.0105722555891, 0.00880895089358, 0.00495162606239, 0.00245078466833, 0.00114208564628, 0.000575349782594, 0.00035861847573, 0.000361048121704, 0.000627279165201, 0.000559530570172, 0.000511701393407, 0.000257990555838, 0.000152860709932, 0.00026868461282, 0.000271185679594, 0.000203711300856, 0.000244232738623, 0.000213832187001, 0.000276692269836, 0.00020740601758, 0.000184238087968, 0.000163005926879, 0.000125289065181, 6.09252092545e-05], "dvar2": [6.89122498443e-06, 4.57942451249e-06, 1.74103956851e-06, 2.25753228733e-06, 6.00119903993e-07, 6.70915881074e-07, 2.01952570933e-06, 1.37460619953e-06, 7.04715148458e-07, 1.856185321e-07, 3.00954951626e-07, 1.01142305198e-07, 5.76383420992e-08, 3.37638752512e-08, 3.0342569346e-08, 5.22966345784e-08, 2.72293565473e-08, 3.06593257449e-08, 1.10853104474e-08, 3.12180414852e-09, 1.58155422092e-09, 4.66452931835e-10, 1.58138072082e-10, 2.3509050262e-10, 3.78157533065e-10, 3.82100323604e-10, 2.40529707263e-10, 1.05004498152e-10, 5.09224364065e-11, 4.45556751216e-11, 6.90563370376e-11, 4.68940476728e-11, 7.59918170057e-11, 4.67621913414e-11, 5.8453929197e-11, 6.20415177566e-11, 4.15126023834e-11, 2.89810675458e-11, 2.20834461828e-11, 9.48842306808e-12], "median": [9.41680555115e-05, 0.000115595990792, 8.36798208184e-05, 0.000142675184179, 0.000162656899192, 0.000228540273383, 0.000154634748469, 4.52905587736e-05, 1.83726406249e-05, 1.60491345014e-05, 1.90670161828e-05, 1.69551622093e-05, 9.64716036833e-06, 4.42077362095e-06, 4.31688113167e-06, 3.43363444699e-06, 3.02480884784e-06, 2.79311939266e-06, 2.34805065702e-06, 1.50230084728e-06, 9.84791654446e-07, 7.26067639789e-07, 5.49176263576e-07, 7.16200304396e-07, 5.77711830374e-07, 5.23556877852e-07, 4.43681727802e-07, 3.68217939695e-07, 2.4619822625e-07, 1.75580183281e-07, 2.20538439066e-07, 2.44477121214e-07, 1.51121412273e-07, 1.35198632734e-07, 1.62103404477e-07, 9.84386971936e-08, 9.44002849224e-08, 8.42002307877e-08, 5.05950552565e-08, 5.14861930867e-08], "dmean2": [0.0010596413631, 0.000629689253401, 0.000393049791455, 0.000497785629705, 0.000378569209715, 0.000400318735046, 0.000550258962903, 0.000327806075802, 0.000210897254874, 0.000119902106235, 0.000129734500661, 8.84589753696e-05, 5.00694550283e-05, 3.26966473949e-05, 3.67637985619e-05, 3.5974993807e-05, 3.46357701346e-05, 3.29550712195e-05, 1.63244458236e-05, 1.03361053334e-05, 7.10851145413e-06, 5.21919537277e-06, 3.50234086e-06, 4.11899054598e-06, 5.21777155882e-06, 4.43949193141e-06, 3.39578082276e-06, 2.67183372671e-06, 1.94284484678e-06, 1.68066264905e-06, 1.66684367287e-06, 1.60946592587e-06, 1.5045058035e-06, 1.2587048559e-06, 1.35304787818e-06, 1.61303921686e-06, 1.1954709862e-06, 1.08833864942e-06, 9.11533845738e-07, 8.15828627765e-07], "dmean": [0.00065806665225, 0.000386722153053, 0.00023946489091, 0.00030091786175, 0.000234764069319, 0.000263258814812, 0.000349139183527, 0.000218905101065, 0.000134458430693, 7.81505077612e-05, 8.71401061886e-05, 6.1848309997e-05, 3.30249749823e-05, 2.11464266613e-05, 2.49124423135e-05, 2.3644304747e-05, 2.43073118327e-05, 2.30731075135e-05, 1.13082960524e-05, 6.98920848663e-06, 4.585086117e-06, 3.36174389304e-06, 2.24857853937e-06, 2.74586250271e-06, 3.40456836057e-06, 2.91353217108e-06, 2.24973973673e-06, 1.70897226326e-06, 1.25644328364e-06, 1.09971097118e-06, 1.073037879e-06, 1.04226853637e-06, 9.69009306573e-07, 8.18494243049e-07, 8.59825263433e-07, 1.01493264992e-06, 7.94049071828e-07, 7.15923079042e-07, 5.86682347148e-07, 5.08467053351e-07], "var": [9.33099181566e-06, 2.42866076405e-06, 8.03002023986e-07, 9.58815462582e-07, 4.20197949325e-07, 7.36510855859e-07, 1.64814332493e-06, 1.59914009146e-06, 6.3996407107e-07, 2.31592039768e-07, 3.02079712355e-07, 1.95763362854e-07, 8.52469241863e-08, 5.24489891518e-08, 3.75020547949e-08, 5.5286083267e-08, 7.62077334571e-08, 7.49990434201e-08, 1.89639486337e-08, 4.10121003824e-09, 1.06949782364e-09, 3.79277748097e-10, 1.00026618932e-10, 1.81032286384e-10, 3.75149439291e-10, 3.5425634648e-10, 2.05732764158e-10, 9.5227957464e-11, 4.01363109415e-11, 3.73040001667e-11, 3.30095187295e-11, 2.40099173182e-11, 2.71094136722e-11, 2.17024835603e-11, 2.49419183224e-11, 3.19595114262e-11, 2.86964636081e-11, 1.71548348443e-11, 1.22446861678e-11, 5.44382811399e-12], "dvar": [2.86720887743e-06, 1.73548448856e-06, 6.69778103202e-07, 8.52670098084e-07, 2.32693011526e-07, 2.82646936967e-07, 8.68919016739e-07, 6.91145658038e-07, 3.29073145622e-07, 9.34822566023e-08, 1.40825846984e-07, 5.41089804074e-08, 3.29025020562e-08, 1.62465205733e-08, 1.77310361948e-08, 2.43396325317e-08, 1.95721430174e-08, 1.94963192257e-08, 6.48435927175e-09, 1.72650382879e-09, 6.95060287104e-10, 2.21683366108e-10, 6.75634895253e-11, 1.06898594143e-10, 1.8129127366e-10, 1.78268344531e-10, 1.13983475436e-10, 5.01582178569e-11, 2.20037790072e-11, 2.20389002187e-11, 2.70815505438e-11, 1.95316506024e-11, 2.94731496153e-11, 1.9963627973e-11, 2.42268826528e-11, 2.72255915729e-11, 1.93645915275e-11, 1.30172027671e-11, 9.68267306611e-12, 4.07882191564e-12], "mean": [0.00127729133237, 0.000708202132955, 0.000383525766665, 0.000441232812591, 0.000398448930355, 0.00052979006432, 0.000581233005505, 0.000349258596543, 0.000196318869712, 0.000130518426886, 0.000160009920364, 0.00012771038746, 5.32166523044e-05, 3.33995558321e-05, 3.84666964237e-05, 3.73613511329e-05, 4.34579960711e-05, 4.11723813158e-05, 1.90385653696e-05, 1.04801529233e-05, 6.49590310786e-06, 5.04165473103e-06, 3.39513894687e-06, 4.27236773248e-06, 5.45481680092e-06, 4.90505772177e-06, 3.62914170182e-06, 2.76304081126e-06, 1.87504417681e-06, 1.6065220052e-06, 1.62173705576e-06, 1.65539609043e-06, 1.38502605296e-06, 1.11135852876e-06, 1.16801015793e-06, 1.27870532651e-06, 1.12802035801e-06, 9.87003318187e-07, 8.31008094337e-07, 6.88319346409e-07]}, "spectral_entropy": {"min": 3.48825979233, "max": 9.7985868454, "dvar2": 0.136484533548, "median": 7.1211938858, "dmean2": 0.310063809156, "dmean": 0.211224094033, "var": 0.908898353577, "dvar": 0.0680140927434, "mean": 6.8875875473}, "spectral_rolloff": {"min": 64.599609375, "max": 21102.5390625, "dvar2": 3058967, "median": 581.396484375, "dmean2": 625.216369629, "dmean": 364.147735596, "var": 2584754.25, "dvar": 1377952.375, "mean": 1012.23754883}, "barkbands": {"min": [2.22165287461e-23, 2.04404021071e-23, 2.24882124419e-23, 9.24651319369e-24, 2.14643593393e-23, 4.76625688412e-23, 1.91200887655e-23, 2.83349938804e-23, 1.82911884362e-23, 2.72263098316e-23, 8.43741769071e-23, 6.06848353846e-23, 1.0086879143e-22, 8.29727181773e-23, 1.1330155484e-22, 1.16648887299e-22, 1.62267009508e-22, 2.26308340759e-22, 2.47362495583e-22, 4.73145391871e-22, 4.10811471163e-22, 4.22819877893e-22, 7.51480055962e-22, 7.04145170475e-22, 1.14949923247e-21, 1.62965294035e-21, 2.21298097086e-21], "max": [0.0162340309471, 0.0791381374002, 0.0719737559557, 0.0323975086212, 0.0840623527765, 0.0760397017002, 0.0961563289165, 0.115680798888, 0.0998869761825, 0.112300157547, 0.0994865298271, 0.0696711018682, 0.0646946653724, 0.0825250297785, 0.0878707543015, 0.0222590900958, 0.0085629299283, 0.00579708768055, 0.0105346143246, 0.00819925125688, 0.00715965079144, 0.0119310282171, 0.0136544201523, 0.0116585800424, 0.00517848972231, 0.00227717356756, 0.000438720016973], "dvar2": [1.41741156767e-06, 5.34231112397e-05, 3.22517080349e-05, 7.09433834345e-06, 3.29002832586e-05, 1.71252431755e-05, 5.28821001353e-05, 2.46883028012e-05, 1.54301251314e-05, 1.14162412501e-05, 2.75276420325e-06, 2.50705852523e-06, 4.86091221319e-06, 4.21515233029e-06, 2.5845674827e-06, 3.27159057179e-07, 1.27385376913e-07, 7.81521336535e-08, 2.14359417328e-07, 1.07711912278e-07, 7.06257949901e-08, 1.38363688507e-07, 1.86526008861e-07, 2.00169168352e-07, 7.0480112413e-08, 1.00209778253e-08, 1.39737588167e-09], "median": [2.55714458035e-05, 0.000315214274451, 0.000202291237656, 8.86344787432e-05, 0.000697931274772, 0.00102208636235, 0.000580551160965, 9.53364215093e-05, 0.000129453896079, 0.000103270940599, 5.83953078603e-05, 4.58904469269e-05, 3.59444966307e-05, 3.45366279362e-05, 3.61564234481e-05, 1.81893756235e-05, 1.14912882054e-05, 1.39206549647e-05, 1.38238865475e-05, 1.2844734556e-05, 8.93362812349e-06, 1.05236076706e-05, 8.94828917808e-06, 7.06820082996e-06, 4.96236862091e-06, 1.92012635125e-06, 2.56142413946e-07], "dmean2": [0.000476713117678, 0.0029827831313, 0.00154727720656, 0.000774307176471, 0.0020928918384, 0.00204988289624, 0.00272321770899, 0.0012551023392, 0.00102598161902, 0.000835744256619, 0.000359751982614, 0.000325794215314, 0.000376101175789, 0.000420819938881, 0.000261511886492, 0.000116131843242, 7.88940087659e-05, 8.1722959294e-05, 0.00011575055396, 8.17865875433e-05, 6.8551649747e-05, 7.26655489416e-05, 8.26858595246e-05, 8.75504338183e-05, 7.17911534593e-05, 3.06269830617e-05, 9.93461526377e-06], "dmean": [0.000311309529934, 0.00185068778228, 0.000947178399656, 0.000466793775558, 0.00128086749464, 0.00131901551504, 0.00174356193747, 0.000824539805762, 0.000661864876747, 0.000567171198782, 0.00023426086409, 0.000209791905945, 0.000242098743911, 0.000293116900139, 0.000180303293746, 7.72401181166e-05, 5.05469324708e-05, 5.38130225323e-05, 7.59794784244e-05, 5.34326100023e-05, 4.51192572655e-05, 4.76439017802e-05, 5.32873127668e-05, 5.86015812587e-05, 4.62788302684e-05, 2.16394200834e-05, 6.47311526336e-06], "var": [4.30270802099e-06, 6.43662569928e-05, 1.32505047077e-05, 3.03686510961e-06, 1.59568626259e-05, 1.69320246641e-05, 4.56556153949e-05, 2.2922993594e-05, 1.56691621669e-05, 1.46262755152e-05, 4.22925586463e-06, 3.55212432623e-06, 4.35410174759e-06, 9.372389286e-06, 5.58589590582e-06, 3.26258373207e-07, 8.4649066423e-08, 6.11745036849e-08, 2.07098594274e-07, 9.30331012228e-08, 5.14489499892e-08, 5.81427208601e-08, 8.68710685609e-08, 1.34661178208e-07, 5.14508293747e-08, 1.02513117994e-08, 6.24950813322e-10], "dvar": [6.77308321428e-07, 2.17404704017e-05, 1.17633808259e-05, 2.68608778242e-06, 1.26719633045e-05, 6.92586536388e-06, 2.33062401094e-05, 1.20240747492e-05, 7.15788792149e-06, 5.32698004463e-06, 1.55306497618e-06, 1.18621346701e-06, 2.30392538469e-06, 2.55860277321e-06, 1.70538544353e-06, 1.63309010759e-07, 5.68384841415e-08, 3.51616726846e-08, 1.00418986904e-07, 4.84206914564e-08, 3.1082777241e-08, 5.48387184551e-08, 7.98365960009e-08, 9.28685182089e-08, 3.22655537843e-08, 5.1056212591e-09, 5.80151926499e-10], "mean": [0.000833353376947, 0.00353048765101, 0.00144562090281, 0.00062941404758, 0.00197001639754, 0.00251470273361, 0.00283235940151, 0.00111342547461, 0.00107613776345, 0.00111535855103, 0.000372460257495, 0.000328688154696, 0.000359773810487, 0.000509827106725, 0.000315473938826, 0.000112981142593, 7.69630350987e-05, 8.51691584103e-05, 0.000129298961838, 9.16920980671e-05, 7.05424317857e-05, 7.67153323977e-05, 7.21163742128e-05, 8.67175622261e-05, 6.98765434208e-05, 3.62056016456e-05, 7.24367964722e-06]}, "melbands_flatness_db": {"min": 0.00526955770329, "max": 0.693521499634, "dvar2": 0.00184519425966, "median": 0.251282066107, "dmean2": 0.038470428437, "dmean": 0.0257015153766, "var": 0.0117604229599, "dvar": 0.000862766290084, "mean": 0.276315838099}, "melbands_skewness": {"min": -5.13117361069, "max": 17.5593490601, "dvar2": 1.67993426323, "median": 2.2707297802, "dmean2": 1.13521540165, "dmean": 0.746383666992, "var": 4.24211883545, "dvar": 0.784650683403, "mean": 2.71282792091}, "barkbands_skewness": {"min": -8.84352111816, "max": 42.7765960693, "dvar2": 3.883497715, "median": 1.90043413639, "dmean2": 1.20844805241, "dmean": 0.80105471611, "var": 7.9098906517, "dvar": 1.67885935307, "mean": 2.49902486801}, "silence_rate_60dB": {"min": 0, "max": 1, "dvar2": 0.084381505847, "median": 0, "dmean2": 0.0821839645505, "dmean": 0.0410880744457, "var": 0.201948523521, "dvar": 0.0393954440951, "mean": 0.280741810799}, "spectral_energyband_low": {"min": 6.31964801544e-23, "max": 0.099695943296, "dvar2": 0.000106486564619, "median": 0.000769451609813, "dmean2": 0.00416365358979, "dmean": 0.00253419904038, "var": 0.000152253182023, "dvar": 4.26751357736e-05, "mean": 0.00607536220923}, "spectral_energyband_middle_low": {"min": 1.92600453119e-22, "max": 0.128675609827, "dvar2": 0.000144720033859, "median": 0.00579172791913, "dmean2": 0.00657082581893, "dmean": 0.00431939261034, "var": 0.000182825315278, "dvar": 6.52241578791e-05, "mean": 0.0103318141773}, "melbands_kurtosis": {"min": -1.93559515476, "max": 423.272949219, "dvar2": 692.955810547, "median": 10.1116800308, "dmean2": 14.559844017, "dmean": 9.4865026474, "var": 1333.83422852, "dvar": 317.874206543, "mean": 22.3634471893}, "spectral_decrease": {"min": -3.28318563447e-08, "max": 6.50383099706e-20, "dvar2": 1.56612355306e-17, "median": -2.73722311483e-09, "dmean2": 2.34677566269e-09, "dmean": 1.54654078433e-09, "var": 3.32794281893e-17, "dvar": 7.17977965163e-18, "mean": -4.95331153871e-09}, "erbbands_kurtosis": {"min": -1.89413702488, "max": 185.117431641, "dvar2": 122.142974854, "median": 1.62814998627, "dmean2": 4.83969259262, "dmean": 3.10984563828, "var": 181.322463989, "dvar": 51.9096603394, "mean": 5.69156980515}, "melbands_crest": {"min": 2.17231369019, "max": 35.7888259888, "dvar2": 25.1097297668, "median": 15.424413681, "dmean2": 5.28981542587, "dmean": 3.30327868462, "var": 35.7155036926, "dvar": 9.62257575989, "mean": 16.1261005402}, "gfcc": {"cov": [[32504.4648438, -3861.96582031, 216.88444519, 3811.46630859, -1076.44165039, 1307.31408691, 18.7577075958, 3.25464034081, -1039.07946777, 229.690155029, -1634.01318359, -834.027954102, -818.131530762], [-3861.96582031, 2262.45361328, -148.528930664, -446.676849365, 601.988769531, -175.088699341, 81.7984695435, -7.82391834259, 174.9871521, -169.983062744, 238.048431396, 0.17604586482, 123.644935608], [216.88444519, -148.528930664, 1211.20959473, 633.000976562, 149.227020264, 221.239517212, 58.7625350952, -145.222137451, -195.790908813, -112.12097168, -195.797393799, -31.3770980835, -17.6182422638], [3811.46630859, -446.676849365, 633.000976562, 1272.06237793, 93.6450805664, 300.296875, 93.4387130737, -126.780342102, -258.324737549, -106.209342957, -379.2527771, -178.920318604, -116.415016174], [-1076.44165039, 601.988769531, 149.227020264, 93.6450805664, 617.453735352, 208.100341797, 112.558113098, 139.179489136, 53.8994026184, -39.4862251282, -17.6786384583, -55.6171073914, -18.1622695923], [1307.31408691, -175.088699341, 221.239517212, 300.296875, 208.100341797, 457.667541504, 130.930740356, 111.237716675, -46.1823921204, 25.35795784, -114.076721191, -97.3112640381, -80.8365097046], [18.7577075958, 81.7984695435, 58.7625350952, 93.4387130737, 112.558113098, 130.930740356, 196.363479614, 57.5115509033, 5.94875240326, 7.51986265182, -15.4746160507, -29.1805458069, -28.4986038208], [3.25464034081, -7.82391834259, -145.222137451, -126.780342102, 139.179489136, 111.237716675, 57.5115509033, 284.936065674, 117.00819397, 81.299079895, 52.0579414368, -5.87510728836, -41.7782554626], [-1039.07946777, 174.9871521, -195.790908813, -258.324737549, 53.8994026184, -46.1823921204, 5.94875240326, 117.00819397, 209.896606445, 68.6585006714, 118.430625916, 43.9311218262, 13.3340082169], [229.690155029, -169.983062744, -112.12097168, -106.209342957, -39.4862251282, 25.35795784, 7.51986265182, 81.299079895, 68.6585006714, 155.012435913, 67.5538864136, 19.4142608643, -18.2754325867], [-1634.01318359, 238.048431396, -195.797393799, -379.2527771, -17.6786384583, -114.076721191, -15.4746160507, 52.0579414368, 118.430625916, 67.5538864136, 256.397979736, 105.711074829, 52.3556747437], [-834.027954102, 0.17604586482, -31.3770980835, -178.920318604, -55.6171073914, -97.3112640381, -29.1805458069, -5.87510728836, 43.9311218262, 19.4142608643, 105.711074829, 137.881454468, 67.6465454102], [-818.131530762, 123.644935608, -17.6182422638, -116.415016174, -18.1622695923, -80.8365097046, -28.4986038208, -41.7782554626, 13.3340082169, -18.2754325867, 52.3556747437, 67.6465454102, 132.104522705]], "icov": [[0.000106889790914, -6.84334372636e-05, 0.000166627884028, -0.000284918933176, 0.000295197591186, -0.000199902788154, 0.000176904461114, -0.000205461721634, 0.000281756656477, -0.000362512626452, 0.00041337122093, -0.000141375057865, 0.000218592846068], [-6.84334372636e-05, 0.00124613987282, -6.91571040079e-05, 0.000386957952287, -0.00146012892947, 0.00072843185626, -0.000604669330642, 0.000794925552327, -0.0007363439654, 0.00154357624706, -0.00157888873946, 0.00149480719119, -0.000744266435504], [0.000166627884028, -6.91571040079e-05, 0.00161650497466, -0.000916902266908, 9.3512928288e-05, -0.000771470367908, 0.00027108436916, 0.00024670973653, 0.000816655519884, -0.000262583198491, 0.000762169831432, -0.00125937757548, 0.000405601604143], [-0.000284918933176, 0.000386957952287, -0.000916902266908, 0.00266595720313, -0.00106389715802, 0.000331826944603, -0.000938362907618, 0.00105384166818, -0.000239137516473, 0.000982776866294, 0.000385329592973, 0.000902413448785, -0.000166737328982], [0.000295197591186, -0.00146012892947, 9.3512928288e-05, -0.00106389715802, 0.00469642924145, -0.0019659397658, 0.000485149794258, -0.00230586132966, 0.000410175387515, -0.000848648080137, 0.00194688374177, -0.000856803904753, 0.000596209720243], [-0.000199902788154, 0.00072843185626, -0.000771470367908, 0.000331826944603, -0.0019659397658, 0.0050817579031, -0.00205579563044, -0.000775797874667, 0.000270768359769, -0.000162217969773, -0.000745848519728, 0.00207261787727, -0.000395294453483], [0.000176904461114, -0.000604669330642, 0.00027108436916, -0.000938362907618, 0.000485149794258, -0.00205579563044, 0.00718580977991, -0.00106080435216, 0.00043545931112, -0.000879625207745, 0.000372823298676, -0.000601556967013, 0.000888833019417], [-0.000205461721634, 0.000794925552327, 0.00024670973653, 0.00105384166818, -0.00230586132966, -0.000775797874667, -0.00106080435216, 0.00755145633593, -0.00331832305528, -0.000275076017715, -0.00110399303958, 0.000304663844872, 0.000891107716598], [0.000281756656477, -0.0007363439654, 0.000816655519884, -0.000239137516473, 0.000410175387515, 0.000270768359769, 0.00043545931112, -0.00331832305528, 0.0102949431166, -0.00338473566808, 0.000161553543876, -0.00140603398904, 0.000747489219066], [-0.000362512626452, 0.00154357624706, -0.000262583198491, 0.000982776866294, -0.000848648080137, -0.000162217969773, -0.000879625207745, -0.000275076017715, -0.00338473566808, 0.0126427253708, -0.00500460946932, 0.00153154099826, -6.16318066022e-05], [0.00041337122093, -0.00157888873946, 0.000762169831432, 0.000385329592973, 0.00194688374177, -0.000745848519728, 0.000372823298676, -0.00110399303958, 0.000161553543876, -0.00500460946932, 0.0127853015438, -0.00643954984844, 0.00154335808475], [-0.000141375057865, 0.00149480719119, -0.00125937757548, 0.000902413448785, -0.000856803904753, 0.00207261787727, -0.000601556967013, 0.000304663844872, -0.00140603398904, 0.00153154099826, -0.00643954984844, 0.0164091251791, -0.00602698419243], [0.000218592846068, -0.000744266435504, 0.000405601604143, -0.000166737328982, 0.000596209720243, -0.000395294453483, 0.000888833019417, 0.000891107716598, 0.000747489219066, -6.16318066022e-05, 0.00154335808475, -0.00602698419243, 0.0122315203771]], "mean": [-110.566146851, 101.425094604, -99.1970748901, 1.18130779266, -65.2240753174, 2.93536424637, -39.8413581848, 5.24093389511, -18.3933601379, 7.90552425385, -4.16802501678, 7.06459951401, -4.39996337891]}, "melbands_spread": {"min": 0.27934896946, "max": 282.482208252, "dvar2": 454.525115967, "median": 9.3944196701, "dmean2": 8.12682628632, "dmean": 5.32247924805, "var": 492.643463135, "dvar": 218.821502686, "mean": 14.5045900345}, "spectral_energy": {"min": 1.06420251239e-20, "max": 0.13007940352, "dvar2": 0.000236760490225, "median": 0.0109364809468, "dmean2": 0.00921366177499, "dmean": 0.00610683020204, "var": 0.000529919168912, "dvar": 0.000110147877422, "mean": 0.01986319758}, "mfcc": {"cov": [[21389.1875, 229.639190674, -121.684387207, 1405.79833984, 799.666992188, 812.807983398, 649.213012695, 324.004699707, 126.716163635, 457.932891846, 180.493865967, -606.061096191, -1030.42260742], [229.639190674, 1762.37915039, -134.455566406, 128.823989868, 195.380706787, 20.1987476349, 16.6185874939, 17.4993724823, -55.6522445679, -79.8098678589, -71.3107299805, -83.7657318115, -86.9496231079], [-121.684387207, -134.455566406, 680.21887207, 213.606994629, 168.414916992, 146.865325928, 104.856132507, 60.6590843201, 5.00284719467, -42.1151847839, -65.8024673462, -41.2450828552, -61.7766494751], [1405.79833984, 128.823989868, 213.606994629, 671.129333496, 309.704193115, 186.158050537, 134.372924805, 101.41192627, 38.0804328918, -21.7730846405, -93.9386672974, -106.016944885, -137.638366699], [799.666992188, 195.380706787, 168.414916992, 309.704193115, 466.755462646, 229.700637817, 165.411315918, 122.667572021, 109.659584045, 33.2106018066, -42.4139175415, -57.2435722351, -101.759132385], [812.807983398, 20.1987476349, 146.865325928, 186.158050537, 229.700637817, 297.374420166, 188.932327271, 95.0447387695, 73.4385223389, 50.426574707, -4.81112909317, -58.0189437866, -81.2393798828], [649.213012695, 16.6185874939, 104.856132507, 134.372924805, 165.411315918, 188.932327271, 258.450836182, 109.339401245, 68.1136398315, 54.2680397034, 23.8000793457, -35.4454078674, -64.6662979126], [324.004699707, 17.4993724823, 60.6590843201, 101.41192627, 122.667572021, 95.0447387695, 109.339401245, 155.143432617, 81.8177261353, 36.8232421875, 15.5032148361, -9.14937019348, -27.8756122589], [126.716163635, -55.6522445679, 5.00284719467, 38.0804328918, 109.659584045, 73.4385223389, 68.1136398315, 81.8177261353, 160.26159668, 73.5880661011, 13.6172761917, 4.08207798004, -6.28302049637], [457.932891846, -79.8098678589, -42.1151847839, -21.7730846405, 33.2106018066, 50.426574707, 54.2680397034, 36.8232421875, 73.5880661011, 143.587997437, 80.0754165649, 11.210436821, -4.15527009964], [180.493865967, -71.3107299805, -65.8024673462, -93.9386672974, -42.4139175415, -4.81112909317, 23.8000793457, 15.5032148361, 13.6172761917, 80.0754165649, 154.056472778, 66.4305648804, 18.9829063416], [-606.061096191, -83.7657318115, -41.2450828552, -106.016944885, -57.2435722351, -58.0189437866, -35.4454078674, -9.14937019348, 4.08207798004, 11.210436821, 66.4305648804, 151.051895142, 96.1195907593], [-1030.42260742, -86.9496231079, -61.7766494751, -137.638366699, -101.759132385, -81.2393798828, -64.6662979126, -27.8756122589, -6.28302049637, -4.15527009964, 18.9829063416, 96.1195907593, 186.923400879]], "icov": [[8.12832440715e-05, 1.53939945449e-05, 8.35874598124e-05, -0.00012872114894, 8.84186192707e-06, -7.44183780625e-05, 2.4137696073e-06, -2.55707564065e-05, 0.000129818552523, -0.000221531357965, -0.000106717045128, 9.91721099126e-05, 0.00031685308204], [1.53939945449e-05, 0.000692136061843, 0.000291847711196, 3.07069021801e-05, -0.000525838637259, 0.000159944655024, -3.3556309063e-05, -0.000175594890607, 0.000469296093797, 0.00028787649353, 1.11999515866e-05, 0.000245931645622, 0.000165910736541], [8.35874598124e-05, 0.000291847711196, 0.00203249813057, -0.00033215424628, -0.000348405446857, -0.000628664332908, -0.000238573862589, -0.000368201697711, 0.000687505467795, 0.000364413164789, 0.000431014428614, -0.000192171733943, 0.00050960102817], [-0.00012872114894, 3.07069021801e-05, -0.00033215424628, 0.00279569160193, -0.00123163673561, -7.12527762516e-05, -6.27463159617e-05, -0.000782776449341, 0.000488992780447, 0.000395726965507, 0.00115287047811, 9.13366748136e-05, 0.000274784717476], [8.84186192707e-06, -0.000525838637259, -0.000348405446857, -0.00123163673561, 0.00522077037022, -0.00224731513299, -8.34691236378e-05, -0.000592414464336, -0.00200152536854, -0.000228705233894, 0.000934530980885, -0.00108028505929, 0.000918531790376], [-7.44183780625e-05, 0.000159944655024, -0.000628664332908, -7.12527762516e-05, -0.00224731513299, 0.00858602300286, -0.00407818472013, 0.000202073497348, -0.000241912028287, -0.00090855138842, 0.000114540467621, 0.00116056541447, -0.000105345949123], [2.4137696073e-06, -3.3556309063e-05, -0.000238573862589, -6.27463159617e-05, -8.34691236378e-05, -0.00407818472013, 0.00875037349761, -0.00320834992453, 0.000216223779717, -0.000523219059687, -0.00133760611061, 0.000440534407971, 0.000508462835569], [-2.55707564065e-05, -0.000175594890607, -0.000368201697711, -0.000782776449341, -0.000592414464336, 0.000202073497348, -0.00320834992453, 0.0121259950101, -0.0048930500634, 0.00147038185969, -0.00190316291992, 0.000143562472658, -0.000469324178994], [0.000129818552523, 0.000469296093797, 0.000687505467795, 0.000488992780447, -0.00200152536854, -0.000241912028287, 0.000216223779717, -0.0048930500634, 0.0127606568858, -0.00641791662201, 0.00328035629354, -0.00127439352218, 0.000280003354419], [-0.000221531357965, 0.00028787649353, 0.000364413164789, 0.000395726965507, -0.000228705233894, -0.00090855138842, -0.000523219059687, 0.00147038185969, -0.00641791662201, 0.015615735203, -0.00787439383566, 0.00267503969371, -0.00160103931557], [-0.000106717045128, 1.11999515866e-05, 0.000431014428614, 0.00115287047811, 0.000934530980885, 0.000114540467621, -0.00133760611061, -0.00190316291992, 0.00328035629354, -0.00787439383566, 0.0146673806012, -0.00688477372751, 0.00220620213076], [9.91721099126e-05, 0.000245931645622, -0.000192171733943, 9.13366748136e-05, -0.00108028505929, 0.00116056541447, 0.000440534407971, 0.000143562472658, -0.00127439352218, 0.00267503969371, -0.00688477372751, 0.0137376226485, -0.0055933939293], [0.00031685308204, 0.000165910736541, 0.00050960102817, 0.000274784717476, 0.000918531790376, -0.000105345949123, 0.000508462835569, -0.000469324178994, 0.000280003354419, -0.00160103931557, 0.00220620213076, -0.0055933939293, 0.0107305468991]], "mean": [-750.097961426, 130.42086792, 16.6635131836, 4.32351589203, -7.8672709465, -3.83660030365, -7.01714086533, -5.63622665405, -7.27907466888, 0.855123460293, -0.131710156798, -1.26683831215, 4.30120515823]}, "spectral_contrast_valleys": {"min": [-27.2672348022, -27.2853088379, -27.4323444366, -27.6464233398, -27.4813537598, -27.2554149628], "max": [-5.25155353546, -4.3065495491, -5.31227445602, -5.25918006897, -5.55507850647, -7.3042216301], "dvar2": [0.305358737707, 0.266057163477, 0.2323859483, 0.195279762149, 0.183589071035, 0.327392876148], "median": [-7.86346149445, -7.09036588669, -8.07732868195, -8.6213350296, -8.68764305115, -10.8045825958], "dmean2": [0.594561040401, 0.559371292591, 0.509077906609, 0.443399548531, 0.369883090258, 0.397429645061], "dmean": [0.364033043385, 0.360535889864, 0.329944193363, 0.295797437429, 0.263347774744, 0.29167303443], "var": [4.10142946243, 3.34975886345, 3.58918166161, 4.24857330322, 4.64331817627, 5.13350200653], "dvar": [0.149998024106, 0.139077723026, 0.124394707382, 0.114527866244, 0.120031297207, 0.189844936132], "mean": [-8.44257545471, -7.55778217316, -8.58148002625, -9.19925880432, -9.26777648926, -11.3650035858]}, "barkbands_flatness_db": {"min": 0.0211079549044, "max": 0.537334442139, "dvar2": 0.00137774611358, "median": 0.168118149042, "dmean2": 0.0345216728747, "dmean": 0.022800732404, "var": 0.00878846272826, "dvar": 0.000622031569947, "mean": 0.193036884069}, "dynamic_complexity": 7.07114553452, "erbbands_flatness_db": {"min": 0.0377213582397, "max": 0.477923333645, "dvar2": 0.00106120493729, "median": 0.182687923312, "dmean2": 0