{"lowlevel": {"spectral_complexity": {"min": 0, "max": 60, "dvar2": 38.9288215637, "median": 12, "dmean2": 4.61033773422, "dmean": 2.97786092758, "var": 138.498336792, "dvar": 18.5687389374, "mean": 15.3114671707}, "silence_rate_20dB": {"min": 1, "max": 1, "dvar2": 0, "median": 1, "dmean2": 0, "dmean": 0, "var": 0, "dvar": 0, "mean": 1}, "average_loudness": 0.752047479153, "erbbands_spread": {"min": 1.44964253902, "max": 174.005844116, "dvar2": 255.682235718, "median": 40.283493042, "dmean2": 13.2830696106, "dmean": 8.60917949677, "var": 388.032440186, "dvar": 106.709365845, "mean": 42.672416687}, "spectral_kurtosis": {"min": -0.85574555397, "max": 228.035171509, "dvar2": 31.4442367554, "median": 3.05428600311, "dmean2": 2.6316113472, "dmean": 1.58579647541, "var": 173.231018066, "dvar": 13.5624856949, "mean": 5.24415254593}, "barkbands_kurtosis": {"min": -1.94165217876, "max": 829.788696289, "dvar2": 2159.17578125, "median": 0.604556560516, "dmean2": 8.91479873657, "dmean": 5.33661651611, "var": 715.194519043, "dvar": 772.251098633, "mean": 7.00924634933}, "spectral_strongpeak": {"min": 0, "max": 14.1863384247, "dvar2": 3.32995390892, "median": 0.268107742071, "dmean2": 0.783584296703, "dmean": 0.457140028477, "var": 1.68456053734, "dvar": 1.28394293785, "mean": 0.673233389854}, "spectral_spread": {"min": 517211.46875, "max": 14478155, "dvar2": 886383181824, "median": 4424549.5, "dmean2": 696416.1875, "dmean": 491075.8125, "var": 2423405936640.0, "dvar": 496975380480, "mean": 4598152}, "spectral_rms": {"min": 2.79830373984e-07, "max": 0.0140068950132, "dvar2": 4.48076525572e-06, "median": 0.00331460288726, "dmean2": 0.00108310149517, "dmean": 0.00069824885577, "var": 3.91964204027e-06, "dvar": 1.80401377747e-06, "mean": 0.0034810132347}, "erbbands": {"min": [1.11749574871e-10, 1.4909572188e-10, 1.16671017292e-09, 7.76344855069e-09, 2.0960836622e-08, 3.56454776806e-08, 3.80508247133e-08, 3.21188480257e-08, 3.49595623561e-08, 4.27708464201e-08, 1.76138215124e-08, 8.4954114854e-09, 1.78712635801e-08, 1.07526084037e-07, 3.50177771224e-07, 2.42325654654e-07, 5.62435040763e-08, 1.09862583031e-07, 1.07395862869e-07, 6.39564774474e-08, 1.41631616657e-07, 1.89002108186e-07, 2.2828457702e-07, 2.02422199891e-07, 9.37725346262e-08, 1.0993746713e-07, 8.67281642059e-08, 5.70579992143e-08, 2.41644944055e-08, 2.91797093155e-08, 4.143516108e-08, 3.40448949032e-08, 2.37465247466e-08, 1.69509970505e-08, 1.95802893899e-08, 1.48202454753e-08, 4.34234248559e-09, 1.81795334342e-09, 1.18658927128e-09, 7.10011216487e-11], "max": [3.25334978104, 39.7398071289, 81.4708023071, 114.931388855, 208.580154419, 241.567016602, 143.604522705, 140.73840332, 236.818649292, 269.686126709, 691.667114258, 534.657775879, 438.387054443, 501.693023682, 493.118438721, 504.355163574, 712.215942383, 591.254394531, 859.494384766, 1334.40820312, 1107.51538086, 964.903381348, 1084.95263672, 1064.90161133, 918.238769531, 698.398925781, 463.84854126, 512.70123291, 325.182922363, 336.337799072, 226.044937134, 140.973922729, 128.484436035, 43.5706863403, 15.2220926285, 5.69953250885, 1.39395272732, 0.353769034147, 0.0925501212478, 0.00703174015507], "dvar2": [0.18871319294, 36.7601127625, 156.693939209, 121.669403076, 368.078582764, 801.134887695, 117.553329468, 78.0494537354, 180.290603638, 319.055114746, 481.152832031, 493.625976562, 652.310852051, 545.144348145, 463.991699219, 1267.4329834, 1408.19042969, 1571.96337891, 3267.84887695, 4657.95214844, 1224.42919922, 1813.36633301, 1973.19140625, 2657.73388672, 2186.12817383, 2662.76733398, 1008.88244629, 532.185852051, 396.278991699, 378.313598633, 156.571563721, 52.7631721497, 23.1381072998, 4.61522626877, 0.669438004494, 0.0725784674287, 0.00561662856489, 0.000483686424559, 2.15196268982e-05, 1.77218780095e-07], "median": [0.0310476608574, 0.365291386843, 0.902548670769, 1.14818704128, 2.1310839653, 2.37516403198, 2.26999926567, 2.27232193947, 2.52512812614, 2.48798155785, 3.2169148922, 2.27980661392, 2.43385601044, 2.88125371933, 2.76505589485, 3.91252589226, 3.55268073082, 6.07260799408, 7.04356431961, 5.64398336411, 3.71733117104, 5.0577173233, 5.49664211273, 5.46878671646, 6.13969802856, 7.47952985764, 4.52843427658, 2.2313876152, 1.6064658165, 1.44208884239, 0.963481903076, 0.524660229683, 0.317226111889, 0.169260665774, 0.0678004622459, 0.0206065084785, 0.00639968272299, 0.00121632567607, 0.000123051533592, 2.36215728364e-05], "dmean2": [0.125290900469, 1.69162964821, 3.70583939552, 4.11202812195, 6.52875375748, 7.55702018738, 4.99331998825, 4.31966733932, 5.74810218811, 6.60957098007, 8.47641658783, 7.92029857635, 8.41362476349, 8.09843826294, 7.7723608017, 12.4095048904, 12.5230169296, 18.1115150452, 21.6836967468, 22.4574127197, 11.7417507172, 15.5376548767, 17.8349609375, 18.6605968475, 19.4215164185, 22.5287094116, 13.3825654984, 8.08557224274, 6.93209695816, 6.03230047226, 3.78723597527, 1.88069784641, 1.21172332764, 0.621891319752, 0.238663852215, 0.0849914029241, 0.0260481834412, 0.0065767490305, 0.00119830947369, 0.000108658328827], "dmean": [0.0735529512167, 0.963752806187, 2.08684420586, 2.36893248558, 3.9910261631, 4.46702528, 3.13336348534, 2.70371317863, 3.75895762444, 4.21896028519, 5.65686178207, 5.2095990181, 5.44830560684, 5.18413734436, 4.95339107513, 7.58483362198, 7.75165700912, 11.2686910629, 13.7388734818, 14.13002491, 7.57572221756, 9.96521854401, 11.3288230896, 11.9420995712, 12.2413339615, 13.9733181, 8.14646148682, 4.95222949982, 4.24997472763, 3.69417142868, 2.37284588814, 1.20042109489, 0.781938493252, 0.405563563108, 0.1558894068, 0.0559936463833, 0.0174732580781, 0.00434032734483, 0.00076919212006, 6.8567947892e-05], "var": [0.0597138702869, 8.85988521576, 36.9192886353, 37.8366508484, 140.176330566, 213.621078491, 75.6883850098, 60.4401283264, 189.359588623, 260.911102295, 483.94152832, 484.87689209, 505.837341309, 472.104858398, 432.426055908, 869.756164551, 1156.72949219, 1263.47436523, 3037.50512695, 4027.53149414, 1393.89306641, 1767.62084961, 2207.37353516, 2603.44726562, 2733.91357422, 2883.80834961, 815.382202148, 333.670532227, 271.500640869, 186.45765686, 90.3501663208, 32.3364562988, 16.0524196625, 3.48777914047, 0.48884922266, 0.0521564371884, 0.00416885176674, 0.000291812350042, 1.01902778624e-05, 7.37786507443e-08], "dvar": [0.0691544190049, 13.1037101746, 55.5015830994, 43.1154937744, 136.738296509, 279.262634277, 45.2937049866, 31.7141723633, 78.8975830078, 125.98046875, 221.150085449, 213.454772949, 265.016662598, 217.287643433, 197.590591431, 474.229736328, 547.522705078, 611.280151367, 1351.00231934, 1899.96923828, 579.041137695, 775.709655762, 874.796447754, 1154.34594727, 946.196105957, 1103.71887207, 390.2918396, 206.042785645, 156.923538208, 143.493026733, 62.7641220093, 22.0140132904, 9.96452903748, 1.97233784199, 0.281990915537, 0.031386859715, 0.00249107298441, 0.000211580423638, 9.41053713177e-06, 7.56296714144e-08], "mean": [0.114988058805, 1.0730701685, 2.37463450432, 3.12272977829, 5.69045591354, 6.12855195999, 5.22803497314, 4.89672756195, 7.3462266922, 7.68302965164, 10.259018898, 9.27471351624, 9.2907705307, 9.35353469849, 8.89971637726, 12.5310754776, 13.1137580872, 19.1856861115, 24.1738681793, 24.168466568, 14.1023206711, 18.7587203979, 21.1135158539, 22.8327026367, 25.8623771667, 27.8995132446, 16.0019187927, 9.12100887299, 7.7728562355, 6.37566757202, 4.2441740036, 2.16096282005, 1.33599936962, 0.696844995022, 0.269737392664, 0.0860457196832, 0.0264300778508, 0.00601354707032, 0.000894063676242, 8.36176186567e-05]}, "zerocrossingrate": {"min": 0.0029296875, "max": 0.43505859375, "dvar2": 0.000232715305174, "median": 0.06787109375, "dmean2": 0.0125674093142, "dmean": 0.0106810228899, "var": 0.00177341932431, "dvar": 0.000185217446415, "mean": 0.0711877644062}, "spectral_contrast_coeffs": {"min": [-0.955144822598, -0.967266976833, -0.9509947896, -0.94351452589, -0.941712200642, -0.908453881741], "max": [-0.263894438744, -0.390658199787, -0.457953840494, -0.473332852125, -0.524006664753, -0.522307693958], "dvar2": [0.00455370778218, 0.00304721365683, 0.00202765711583, 0.00170978717506, 0.000942254497204, 0.000859187508468], "median": [-0.669375300407, -0.728959202766, -0.760482668877, -0.759206175804, -0.782520651817, -0.749153017998], "dmean2": [0.0755349174142, 0.0663364604115, 0.0555044673383, 0.0495491400361, 0.0367319993675, 0.0302888359874], "dmean": [0.0465518943965, 0.0408025719225, 0.0349100939929, 0.0311362557113, 0.0230372212827, 0.0194780696183], "var": [0.0130514353514, 0.00563935656101, 0.00385780120268, 0.00415656482801, 0.00322681572288, 0.00275356508791], "dvar": [0.00178574782331, 0.00118191645015, 0.000811650126707, 0.000700953358319, 0.000414379319409, 0.000378472759621], "mean": [-0.648244321346, -0.724313080311, -0.757076919079, -0.754385828972, -0.775453090668, -0.751079559326]}, "dissonance": {"min": 0.0989365652204, "max": 0.5, "dvar2": 0.000933693663683, "median": 0.474048614502, "dmean2": 0.0253960546106, "dmean": 0.0153106004, "var": 0.00162712985184, "dvar": 0.000343388528563, "mean": 0.461541712284}, "spectral_energyband_high": {"min": 1.70033969543e-11, "max": 0.0335984192789, "dvar2": 3.94362268707e-06, "median": 0.000333999691065, "dmean2": 0.000759413756896, "dmean": 0.000481124647195, "var": 3.30963825945e-06, "dvar": 1.60094270996e-06, "mean": 0.00107226707041}, "spectral_skewness": {"min": -0.021696222946, "max": 13.0369567871, "dvar2": 0.162897601724, "median": 1.19967210293, "dmean2": 0.333204388618, "dmean": 0.206713184714, "var": 1.03250670433, "dvar": 0.0697688311338, "mean": 1.4028429985}, "spectral_flux": {"min": 5.74877849431e-05, "max": 0.397349745035, "dvar2": 0.00313689303584, "median": 0.0474234037101, "dmean2": 0.0333552025259, "dmean": 0.0212905444205, "var": 0.00319861550815, "dvar": 0.00157330557704, "mean": 0.0616418682039}, "silence_rate_30dB": {"min": 0, "max": 1, "dvar2": 0.00487406225875, "median": 1, "dmean2": 0.00325600337237, "dmean": 0.00162786908913, "var": 0.000813355727587, "dvar": 0.00162482680753, "mean": 0.99918615818}, "spectral_energyband_middle_high": {"min": 3.29396197818e-11, "max": 0.0382142961025, "dvar2": 1.19998412629e-05, "median": 0.00156089744996, "dmean2": 0.00183716160245, "dmean": 0.00121717376169, "var": 2.4946008125e-05, "dvar": 5.23864400748e-06, "mean": 0.00370892020874}, "barkbands_spread": {"min": 0.103746585548, "max": 114.625228882, "dvar2": 142.021789551, "median": 28.6194152832, "dmean2": 9.57480621338, "dmean": 6.17920541763, "var": 280.606811523, "dvar": 60.1531677246, "mean": 28.2362117767}, "spectral_centroid": {"min": 98.7496643066, "max": 5099.93212891, "dvar2": 256540.734375, "median": 1802.00830078, "dmean2": 426.691467285, "dmean": 275.220733643, "var": 804465.3125, "dvar": 111733.796875, "mean": 1742.83276367}, "pitch_salience": {"min": 0.0623911619186, "max": 0.851681470871, "dvar2": 0.0115192979574, "median": 0.511010348797, "dmean2": 0.108107164502, "dmean": 0.06744594872, "var": 0.0148236369714, "dvar": 0.00439421692863, "mean": 0.497694700956}, "erbbands_skewness": {"min": -3.92877912521, "max": 5.65614557266, "dvar2": 0.325667053461, "median": -0.180084004998, "dmean2": 0.516774713993, "dmean": 0.338575035334, "var": 0.792086184025, "dvar": 0.132576003671, "mean": -0.057692553848}, "erbbands_crest": {"min": 2.61559224129, "max": 30.987859726, "dvar2": 13.3309259415, "median": 7.7593755722, "dmean2": 3.83000254631, "dmean": 2.40088915825, "var": 17.9609642029, "dvar": 5.43017530441, "mean": 8.82211017609}, "melbands": {"min": [9.1640540642e-13, 4.42168979382e-13, 1.6879421038e-12, 2.08782015114e-12, 1.42980820326e-12, 7.28715698894e-13, 5.49000515188e-13, 4.35139961173e-13, 1.12016664932e-13, 5.70524733685e-14, 7.9768717944e-14, 3.62607242409e-13, 1.0496553713e-12, 9.45398056715e-13, 3.12477745502e-13, 9.94964066648e-14, 2.0657763423e-13, 1.57627518893e-13, 1.26772412555e-13, 1.11314616921e-13, 1.56806777849e-13, 1.38982141767e-13, 2.96268435132e-13, 1.54597634607e-13, 1.75239217668e-13, 7.51825020968e-14, 6.95471512411e-14, 7.371065699e-14, 4.75873951789e-14, 5.58590954253e-14, 2.29675897441e-14, 1.01575725167e-14, 1.99045322596e-14, 1.38823101167e-14, 2.46618402918e-14, 1.9100936856e-14, 2.38649974348e-14, 1.55346316865e-14, 1.34535039223e-14, 1.39196261532e-14], "max": [0.0375082530081, 0.0443653576076, 0.0183208882809, 0.0192673355341, 0.00560851441696, 0.0035376152955, 0.0035070697777, 0.00275872368366, 0.0051749991253, 0.00287832459435, 0.00212252163328, 0.00189841433894, 0.00189321557991, 0.00114772224333, 0.00144679367077, 0.00126778229605, 0.00104518758599, 0.0012956581777, 0.00141885236371, 0.00110826967284, 0.00165447499603, 0.00119654368609, 0.00104435055982, 0.000809538003523, 0.00106762768701, 0.000735312758479, 0.000623918836936, 0.000532261095941, 0.000343790045008, 0.00029578700196, 0.000456877925899, 0.000188239981071, 0.000191355211427, 0.000219110297621, 0.000131380802486, 0.000115939081297, 8.84955807123e-05, 9.77051895461e-05, 6.07975925959e-05, 3.88617518183e-05], "dvar2": [2.81410702883e-05, 5.07228214701e-05, 3.18665297527e-06, 3.99500004278e-06, 2.04693918704e-07, 4.26569570777e-08, 3.85213603238e-08, 3.56136311552e-08, 3.08093319745e-08, 1.74144965115e-08, 1.62107181012e-08, 9.34920851847e-09, 7.61535812188e-09, 6.27192209279e-09, 9.71496572078e-09, 5.71772007518e-09, 6.97902668989e-09, 8.22739210093e-09, 9.54044132584e-09, 3.95813914977e-09, 2.7410540504e-09, 2.52157539293e-09, 2.76783884701e-09, 2.07313077816e-09, 2.4064732429e-09, 1.66145042169e-09, 1.62440627616e-09, 1.28317978465e-09, 5.85975157286e-10, 3.36700001213e-10, 2.19459075912e-10, 1.40102499047e-10, 1.32134678199e-10, 1.29612404143e-10, 6.33830973817e-11, 3.06405074924e-11, 1.75284578519e-11, 1.33059995314e-11, 7.26244845511e-12, 3.02985219379e-12], "median": [0.000389143475331, 0.000574156583752, 0.000273462705081, 0.000177363341209, 8.81896994542e-05, 5.57661805942e-05, 3.87645814044e-05, 2.63097645075e-05, 2.48614232987e-05, 1.17953431982e-05, 1.07484156615e-05, 1.05126591734e-05, 9.12896666705e-06, 7.87361204857e-06, 9.13086751098e-06, 6.03812486588e-06, 1.00731103885e-05, 8.97420795809e-06, 8.90307728696e-06, 4.33560126112e-06, 3.36331640938e-06, 4.77279854749e-06, 4.43040607934e-06, 4.34153480455e-06, 3.80973347092e-06, 3.84780378226e-06, 4.60082446807e-06, 4.5159599722e-06, 2.70381542578e-06, 1.63198183145e-06, 1.02047999917e-06, 8.07339063158e-07, 8.12557686913e-07, 7.53429446831e-07, 5.65073264625e-07, 3.64484861848e-07, 2.76436679769e-07, 2.09934214013e-07, 1.65649709061e-07, 1.16698480213e-07], "dmean2": [0.00149644468911, 0.00208008033223, 0.000737976224627, 0.000557004939765, 0.000190867955098, 0.000102801008325, 8.59431020217e-05, 7.07480940036e-05, 7.0670263085e-05, 4.77231551486e-05, 4.19581338065e-05, 3.29479880747e-05, 3.04994882754e-05, 2.85878650175e-05, 3.15508186759e-05, 2.70986874966e-05, 3.74695118808e-05, 3.42042803823e-05, 3.55704723916e-05, 2.14940228034e-05, 1.55508187163e-05, 1.7850436052e-05, 1.83577376447e-05, 1.82113399205e-05, 1.64360189956e-05, 1.55465531861e-05, 1.69060040207e-05, 1.54923855007e-05, 1.00802271845e-05, 6.65513471176e-06, 4.6606764954e-06, 4.1038379095e-06, 3.95396773456e-06, 3.41979944096e-06, 2.52762970376e-06, 1.55662371526e-06, 1.07527216642e-06, 9.23625520954e-07, 7.54024767957e-07, 4.98897748002e-07], "dmean": [0.000865965906996, 0.00118076556828, 0.000432336993981, 0.000333102885634, 0.000118055366329, 6.48946879664e-05, 5.61949782423e-05, 4.50998704764e-05, 4.71531166113e-05, 3.12585652864e-05, 2.70985510724e-05, 2.11244732782e-05, 1.93772393686e-05, 1.77978909051e-05, 1.95682550839e-05, 1.6545129256e-05, 2.32902530115e-05, 2.15952786675e-05, 2.27397631534e-05, 1.361986142e-05, 9.92621062323e-06, 1.13371734187e-05, 1.16764267659e-05, 1.13951909952e-05, 1.04441696749e-05, 9.74231807049e-06, 1.06352135845e-05, 9.51816855377e-06, 6.09617336522e-06, 4.01940314987e-06, 2.83634608422e-06, 2.49749064096e-06, 2.41939710577e-06, 2.07046446121e-06, 1.55943030222e-06, 9.79860146799e-07, 6.81411108872e-07, 5.87631404869e-07, 4.87862166665e-07, 3.2015353213e-07], "var": [7.5767038652e-06, 1.23283562061e-05, 1.04534638012e-06, 1.15438808734e-06, 1.05072714973e-07, 3.48353026425e-08, 4.19631476234e-08, 2.83497225695e-08, 3.20499182749e-08, 1.68264815414e-08, 1.25052128652e-08, 8.01824118213e-09, 6.66495658663e-09, 4.92162977039e-09, 6.26492324685e-09, 4.26658175456e-09, 5.32434807354e-09, 7.38782457432e-09, 8.23042967113e-09, 3.26585469779e-09, 2.75200084943e-09, 2.14986672908e-09, 2.89255042141e-09, 1.92132532106e-09, 2.08015027425e-09, 1.79749315432e-09, 1.85429149813e-09, 1.20792920111e-09, 4.51611970043e-10, 1.95428312422e-10, 1.19106086105e-10, 9.27847659815e-11, 7.90920731686e-11, 5.75849749829e-11, 3.55154794462e-11, 1.80646695519e-11, 1.04929693406e-11, 8.88063581006e-12, 5.11707516637e-12, 2.05620351475e-12], "dvar": [1.01611276477e-05, 1.8178807295e-05, 1.14266686069e-06, 1.42063959174e-06, 7.62882308436e-08, 1.73563865502e-08, 1.68299703063e-08, 1.40966109896e-08, 1.40830591633e-08, 7.50007878025e-09, 6.59470700271e-09, 3.75557318577e-09, 3.07824765677e-09, 2.42944175888e-09, 3.66702113119e-09, 2.19794005218e-09, 2.71060485169e-09, 3.39478045674e-09, 3.89229315445e-09, 1.71411329575e-09, 1.28143085032e-09, 1.08932418641e-09, 1.23413357311e-09, 8.85213735646e-10, 1.03912478622e-09, 7.14948211744e-10, 6.94244661759e-10, 5.28503241171e-10, 2.23981722058e-10, 1.27759233748e-10, 8.38445493589e-11, 5.53136252079e-11, 5.08923701792e-11, 4.86790399656e-11, 2.50688636516e-11, 1.27722494039e-11, 7.20572213009e-12, 5.68620584646e-12, 3.10778898276e-12, 1.24128864739e-12], "mean": [0.00115811824799, 0.0013544568792, 0.000602827291004, 0.000460081908386, 0.000194158579689, 0.000118549600302, 0.000111613706395, 8.10503916e-05, 8.45253453008e-05, 5.40627224836e-05, 4.47131569672e-05, 3.64825573342e-05, 3.25301953126e-05, 2.84919497062e-05, 3.15252109431e-05, 2.60956676357e-05, 3.71526148228e-05, 3.58079087164e-05, 3.79188277293e-05, 2.13011735468e-05, 1.67729594978e-05, 1.94221156562e-05, 2.0354256776e-05, 1.89163001778e-05, 1.7955489966e-05, 1.84103482752e-05, 2.03604868148e-05, 1.75290624611e-05, 1.10260853035e-05, 6.80813036524e-06, 4.77120602227e-06, 4.32840261055e-06, 4.13278166889e-06, 3.34048763762e-06, 2.65455241788e-06, 1.68291967384e-06, 1.15861678296e-06, 9.64402374848e-07, 7.70335816469e-07, 5.29977739916e-07]}, "spectral_entropy": {"min": 3.30562376976, "max": 8.74242591858, "dvar2": 0.06574293226, "median": 7.65667915344, "dmean2": 0.218103066087, "dmean": 0.146081000566, "var": 0.355980366468, "dvar": 0.0303517282009, "mean": 7.51007461548}, "spectral_rolloff": {"min": 64.599609375, "max": 14082.7148438, "dvar2": 2267479.25, "median": 1658.05664062, "dmean2": 957.473937988, "dmean": 578.218811035, "var": 2964791.5, "dvar": 1010046.125, "mean": 1981.57104492}, "barkbands": {"min": [4.49318837345e-12, 1.51551611972e-12, 1.47083669029e-12, 3.62967685422e-12, 9.84177669916e-12, 4.10107798415e-12, 2.75211038854e-12, 1.18827777479e-12, 4.18049465488e-13, 1.14685593921e-12, 6.54135513117e-12, 7.20347739791e-12, 9.91798982351e-13, 1.93806559343e-12, 1.96857157311e-12, 2.34474223891e-12, 3.22919642415e-12, 3.46553753576e-12, 3.11034054415e-12, 2.15169960842e-12, 1.94430496009e-12, 8.27031531366e-13, 1.17729068681e-12, 1.53056679743e-12, 1.95903991813e-12, 2.98661637955e-12, 5.86053081064e-12], "max": [0.00402958551422, 0.15700006485, 0.0619486272335, 0.0505357384682, 0.0736115798354, 0.0171961113811, 0.0146652758121, 0.0253258235753, 0.0196820423007, 0.0109569663182, 0.0125175435096, 0.00993761047721, 0.014835132286, 0.0105772931129, 0.019741397351, 0.0167836304754, 0.0168342515826, 0.0155651448295, 0.0157858487219, 0.0114389499649, 0.00994306523353, 0.00970601011068, 0.00923578254879, 0.00747917592525, 0.00250424281694, 0.000810217345133, 0.0005881167599], "dvar2": [7.68597132605e-08, 0.000543238420505, 9.75637231022e-05, 1.10890123324e-05, 5.91940734012e-05, 1.31144338411e-06, 8.82489075593e-07, 9.00229963463e-07, 7.99217957592e-07, 5.65416485188e-07, 4.43987687504e-07, 5.95504502598e-07, 6.76088689033e-07, 6.50247841349e-07, 1.81806160526e-06, 4.37165539324e-07, 9.15660507417e-07, 7.28120824078e-07, 9.52808363763e-07, 1.02602689367e-06, 4.33224641938e-07, 2.9167446769e-07, 2.32310952697e-07, 9.12856066293e-08, 2.07919725881e-08, 2.12655248966e-09, 9.62748103461e-10], "median": [1.04050568552e-05, 0.00160720781423, 0.000673802103847, 0.000305859837681, 0.000832459481899, 0.000323981803376, 0.000167599995621, 0.00012599110778, 7.85118099884e-05, 7.66317461967e-05, 6.33330637356e-05, 7.28712329874e-05, 5.85798334214e-05, 9.80444383458e-05, 0.000145011916175, 4.14689129684e-05, 9.31295217015e-05, 9.16747958399e-05, 0.000106863473775, 0.00015093604452, 7.68483441789e-05, 4.52254025731e-05, 3.52656534233e-05, 2.14835436054e-05, 1.24434782265e-05, 3.83367660106e-06, 6.99022052686e-07], "dmean2": [9.63819984463e-05, 0.00653884187341, 0.00301838759333, 0.00133622460999, 0.00223173387349, 0.000580953026656, 0.00039585219929, 0.000370620051399, 0.000337005301844, 0.000278154999251, 0.000236100982875, 0.000271307129879, 0.000283440283965, 0.000354678661097, 0.000530995544977, 0.000217882901779, 0.000339021295076, 0.000363054336049, 0.000379290868295, 0.000474332133308, 0.000256662955508, 0.000187856028788, 0.000143726254464, 7.63681600802e-05, 4.25023172284e-05, 1.53863020387e-05, 7.97084612714e-06], "dmean": [6.40393482172e-05, 0.0037555526942, 0.0016882752534, 0.000786947202869, 0.0013515597675, 0.000365011946997, 0.000259256950812, 0.000243056681938, 0.000218169268919, 0.000179545895662, 0.000150532985572, 0.000165760298842, 0.000174100059667, 0.000220969173824, 0.000336381228408, 0.000136772650876, 0.000213324514334, 0.000228851189604, 0.000239657660131, 0.000293423247058, 0.000156010952196, 0.00011659404845, 8.92419120646e-05, 4.94864834764e-05, 2.79216128547e-05, 1.02357298601e-05, 5.08077209815e-06], "var": [6.67734951776e-08, 0.000137799521326, 2.2246294975e-05, 4.50645893579e-06, 1.82005351235e-05, 9.87699195321e-07, 9.0153025667e-07, 8.22723791316e-07, 7.78806395374e-07, 4.76364220958e-07, 3.85214292464e-07, 3.96987758222e-07, 5.5606898286e-07, 5.12662325036e-07, 1.69894792634e-06, 3.69987020576e-07, 7.9244631479e-07, 7.48759021008e-07, 1.00301792827e-06, 1.1960920574e-06, 2.95686135132e-07, 1.94207316895e-07, 1.24033874727e-07, 6.1999607226e-08, 1.61025184298e-08, 1.57942325885e-09, 4.40856295914e-10], "dvar": [3.485093103e-08, 0.000195115309907, 3.40142723871e-05, 4.09028734794e-06, 2.11859387491e-05, 5.15341298524e-07, 3.71395913135e-07, 3.98828234438e-07, 3.43793288948e-07, 2.33668316696e-07, 1.78223686476e-07, 2.23361965368e-07, 2.63207226681e-07, 2.55738910937e-07, 7.38865992389e-07, 2.00956549179e-07, 3.89894154296e-07, 3.16855704341e-07, 4.02968510116e-07, 4.3062962618e-07, 1.65615048786e-07, 1.15531015865e-07, 9.14107758376e-08, 3.90699028685e-08, 8.86466455796e-09, 9.35832744631e-10, 4.18073076158e-10], "mean": [0.000122032943182, 0.00458118924871, 0.00190824491438, 0.00104693009052, 0.00197689631023, 0.000666346750222, 0.000507312652189, 0.000418555515353, 0.000372478010831, 0.000293920980766, 0.000246328098001, 0.00025781308068, 0.00027394053177, 0.000357221666491, 0.000574868870899, 0.000203325485927, 0.000371117581381, 0.000397928117309, 0.000459116825368, 0.000584185647313, 0.000290948315524, 0.000211219536141, 0.000157492220751, 8.78600767464e-05, 4.91382706969e-05, 1.57726753969e-05, 5.68952600588e-06]}, "melbands_flatness_db": {"min": 0.0174061246216, "max": 0.879406750202, "dvar2": 0.00249517103657, "median": 0.176003023982, "dmean2": 0.0391031242907, "dmean": 0.0259269699454, "var": 0.0109161930159, "dvar": 0.00106584455352, "mean": 0.199404031038}, "melbands_skewness": {"min": -1.64817976952, "max": 23.6554603577, "dvar2": 3.49777698517, "median": 2.54850625992, "dmean2": 1.29490435123, "dmean": 0.842106878757, "var": 4.70641040802, "dvar": 1.47173130512, "mean": 2.98673677444}, "barkbands_skewness": {"min": -3.5071978569, "max": 22.9931907654, "dvar2": 2.53725504875, "median": 1.19413673878, "dmean2": 0.973202347755, "dmean": 0.634585082531, "var": 3.50509047508, "dvar": 1.05074155331, "mean": 1.61034715176}, "silence_rate_60dB": {"min": 0, "max": 1, "dvar2": 0.0743345916271, "median": 0, "dmean2": 0.0703296735883, "dmean": 0.0351619720459, "var": 0.145307064056, "dvar": 0.0339339151978, "mean": 0.176446646452}, "spectral_energyband_low": {"min": 6.67842690871e-12, "max": 0.192543596029, "dvar2": 0.00095542462077, "median": 0.00365261407569, "dmean2": 0.00933221261948, "dmean": 0.00540622510016, "var": 0.000254635087913, "dvar": 0.000348232046235, "mean": 0.00722357118502}, "spectral_energyband_middle_low": {"min": 2.20915907095e-11, "max": 0.0900032371283, "dvar2": 9.08957517822e-05, "median": 0.00328343594447, "dmean2": 0.0038560112007, "dmean": 0.00238274969161, "var": 4.0994003939e-05, "dvar": 3.35454096785e-05, "mean": 0.00512599991634}, "melbands_kurtosis": {"min": -1.88047277927, "max": 702.016723633, "dvar2": 1945.41992188, "median": 7.44766712189, "dmean2": 16.7247257233, "dmean": 10.489109993, "var": 1388.23046875, "dvar": 799.40435791, "mean": 19.1384105682}, "spectral_decrease": {"min": -5.15459745998e-08, "max": -1.44397495006e-17, "dvar2": 7.24985624246e-17, "median": -2.73316769217e-09, "dmean2": 3.23588844608e-09, "dmean": 1.93441684893e-09, "var": 2.49074422197e-17, "dvar": 2.68372727868e-17, "mean": -3.95624510929e-09}, "erbbands_kurtosis": {"min": -1.89076626301, "max": 46.6824951172, "dvar2": 5.35712814331, "median": -0.233453989029, "dmean2": 1.378926754, "dmean": 0.885850071907, "var": 5.28246831894, "dvar": 2.2144613266, "mean": 0.413928687572}, "melbands_crest": {"min": 3.17044663429, "max": 34.2418212891, "dvar2": 21.9763450623, "median": 14.4464702606, "dmean2": 4.62684488297, "dmean": 2.9172501564, "var": 32.9138526917, "dvar": 8.6260881424, "mean": 15.0290079117}, "gfcc": {"cov": [[14783.5771484, -1835.65734863, -1013.69207764, 1123.8203125, -362.322814941, 107.922035217, -350.901184082, 216.233917236, -428.973724365, 34.1811904907, -379.438598633, -87.9830474854, -44.1512069702], [-1835.65734863, 1842.94726562, 498.938720703, -115.418869019, 301.062194824, -33.1804122925, 200.313522339, -116.559844971, 186.898712158, -43.0300254822, 185.492538452, -54.630821228, 4.83968782425], [-1013.69207764, 498.938720703, 1497.17138672, -3.6283352375, 62.3249702454, 94.1283187866, -76.114151001, -59.5229225159, -18.7540531158, 35.6647872925, 93.1204528809, 28.9980602264, -73.8792190552], [1123.8203125, -115.418869019, -3.6283352375, 495.832275391, 65.5573043823, 57.7138442993, 51.9040641785, 37.3862609863, -17.0208435059, -26.0946903229, -17.516872406, -10.989982605, 25.3539657593], [-362.322814941, 301.062194824, 62.3249702454, 65.5573043823, 353.764892578, 78.8238830566, 145.849151611, 50.825252533, 62.9940567017, 13.2997055054, 37.688167572, 24.7072429657, 53.177646637], [107.922035217, -33.1804122925, 94.1283187866, 57.7138442993, 78.8238830566, 248.42868042, 79.1819000244, 51.4741134644, 30.0547885895, 24.6022777557, 22.2869701385, 19.1812705994, 15.1449918747], [-350.901184082, 200.313522339, -76.114151001, 51.9040641785, 145.849151611, 79.1819000244, 298.282836914, 98.9189529419, 102.73614502, 47.627658844, 65.0271759033, 11.7437400818, 27.5589923859], [216.233917236, -116.559844971, -59.5229225159, 37.3862609863, 50.825252533, 51.4741134644, 98.9189529419, 225.271896362, 76.283531189, 68.0232696533, 25.7594585419, 24.2775497437, 19.3747673035], [-428.973724365, 186.898712158, -18.7540531158, -17.0208435059, 62.9940567017, 30.0547885895, 102.73614502, 76.283531189, 195.537887573, 56.4008102417, 53.1995162964, 6.9420580864, 12.8054876328], [34.1811904907, -43.0300254822, 35.6647872925, -26.0946903229, 13.2997055054, 24.6022777557, 47.627658844, 68.0232696533, 56.4008102417, 140.897491455, 53.1103553772, 22.6274471283, 0.625535070896], [-379.438598633, 185.492538452, 93.1204528809, -17.516872406, 37.688167572, 22.2869701385, 65.0271759033, 25.7594585419, 53.1995162964, 53.1103553772, 133.886474609, 33.6182136536, 1.41659283638], [-87.9830474854, -54.630821228, 28.9980602264, -10.989982605, 24.7072429657, 19.1812705994, 11.7437400818, 24.2775497437, 6.9420580864, 22.6274471283, 33.6182136536, 103.488800049, 34.4449195862], [-44.1512069702, 4.83968782425, -73.8792190552, 25.3539657593, 53.177646637, 15.1449918747, 27.5589923859, 19.3747673035, 12.8054876328, 0.625535070896, 1.41659283638, 34.4449195862, 95.3378753662]], "icov": [[0.00011286316294, -1.90522951016e-05, 8.97979552974e-05, -0.000268625793979, 7.14175621397e-05, -9.36894430197e-05, 0.000160661817063, -0.000149698113091, 0.00022215397621, -0.000241922651185, 0.00020706783107, -2.32531401707e-05, 0.000130358923343], [-1.90522951016e-05, 0.00123779755086, -0.000410218985053, 0.000377782795113, -0.000807102012914, 0.000582772132475, -0.00057840149384, 0.000888457696419, -0.00101893150713, 0.00108627730515, -0.00151678198017, 0.00119985896163, -0.000426991347922], [8.97979552974e-05, -0.000410218985053, 0.0010212645866, -0.000368224515114, -1.41408963827e-05, -0.000618377351202, 0.000774066837039, -0.000169643099071, 0.000558933708817, -0.000679679971654, 2.37548028963e-05, -0.000633818039205, 0.00102659827098], [-0.000268625793979, 0.000377782795113, -0.000368224515114, 0.00296958792023, -0.000595835852437, 2.70705481853e-06, -0.00083210557932, 0.000127955383505, -0.000315357086947, 0.00135989452247, -0.000714585999958, 0.000864753441419, -0.000940579862799], [7.14175621397e-05, -0.000807102012914, -1.41408963827e-05, -0.000595835852437, 0.00460824556649, -0.00088961905567, -0.00120896974113, -0.000610182469245, 0.000339919002727, -0.000327100075083, 0.00103845098056, -0.000876920181327, -0.00147616793402], [-9.36894430197e-05, 0.000582772132475, -0.000618377351202, 2.70705481853e-06, -0.00088961905567, 0.00517791649327, -0.00129643874243, -2.1996189389e-05, -0.000580655236263, 0.000423273886554, -0.000574830395635, 8.88687136467e-05, -0.000448339356808], [0.000160661817063, -0.00057840149384, 0.000774066837039, -0.00083210557932, -0.00120896974113, -0.00129643874243, 0.00633866991848, -0.00177246239036, -0.000636406824924, -0.000909414782654, -0.00101242237724, 0.000199519490707, 0.000367491564248], [-0.000149698113091, 0.000888457696419, -0.000169643099071, 0.000127955383505, -0.000610182469245, -2.1996189389e-05, -0.00177246239036, 0.00719708716497, -0.00233959429897, -0.00133462541271, -0.000351636466803, -0.000211293969187, -0.000481752620544], [0.00022215397621, -0.00101893150713, 0.000558933708817, -0.000315357086947, 0.000339919002727, -0.000580655236263, -0.000636406824924, -0.00233959429897, 0.00857556052506, -0.00258561153896, -3.27996931446e-05, 8.65150868776e-05, 6.80127122905e-05], [-0.000241922651185, 0.00108627730515, -0.000679679971654, 0.00135989452247, -0.000327100075083, 0.000423273886554, -0.000909414782654, -0.00133462541271, -0.00258561153896, 0.0114752333611, -0.0044108517468, 0.000271322933258, -0.000166694328072], [0.00020706783107, -0.00151678198017, 2.37548028963e-05, -0.000714585999958, 0.00103845098056, -0.000574830395635, -0.00101242237724, -0.000351636466803, -3.27996931446e-05, -0.0044108517468, 0.0133068049327, -0.00459027662873, 0.00175159971695], [-2.32531401707e-05, 0.00119985896163, -0.000633818039205, 0.000864753441419, -0.000876920181327, 8.88687136467e-05, 0.000199519490707, -0.000211293969187, 8.65150868776e-05, 0.000271322933258, -0.00459027662873, 0.0139633221552, -0.0053225774318], [0.000130358923343, -0.000426991347922, 0.00102659827098, -0.000940579862799, -0.00147616793402, -0.000448339356808, 0.000367491564248, -0.000481752620544, 6.80127122905e-05, -0.000166694328072, 0.00175159971695, -0.0053225774318, 0.0143919391558]], "mean": [-49.5240592957, 77.8850631714, -113.579177856, 42.4278450012, -52.0703239441, 11.6797885895, -31.0285015106, 2.41475749016, -20.9441547394, 2.63881325722, -11.7009391785, -4.77625274658, -12.2164964676]}, "melbands_spread": {"min": 0.28816267848, "max": 224.854476929, "dvar2": 438.507720947, "median": 26.0291099548, "dmean2": 13.8021240234, "dmean": 8.93580913544, "var": 677.335693359, "dvar": 190.377990723, "mean": 31.6874599457}, "spectral_energy": {"min": 8.02626715091e-11, "max": 0.201097920537, "dvar2": 0.00106929824688, "median": 0.011261257343, "dmean2": 0.0127342352644, "dmean": 0.00766213284805, "var": 0.000396128656575, "dvar": 0.000397204683395, "mean": 0.0164379719645}, "mfcc": {"cov": [[13380.8886719, -1432.19287109, -919.88659668, 740.316040039, -305.027984619, 40.1862068176, 44.684841156, -51.6191711426, -10.6711349487, 110.857940674, -37.9069976807, -363.951965332, -193.583770752], [-1432.19287109, 1535.81201172, 314.205505371, -8.61157798767, 185.75579834, 76.9659194946, 27.0679454803, 29.0393352509, -26.4407634735, 71.2143707275, 43.1027832031, 102.301361084, 65.4751281738], [-919.88659668, 314.205505371, 1066.51916504, 66.2025909424, 199.045150757, 75.3560028076, -6.53713655472, -35.1420249939, -103.230079651, -16.2570972443, 21.4592113495, 59.2454376221, 48.6900787354], [740.316040039, -8.61157798767, 66.2025909424, 415.521850586, 69.4827270508, 58.1240196228, 65.257774353, 39.180305481, 21.2384357452, 17.4721641541, 6.79779005051, -10.9600715637, 4.06115579605], [-305.027984619, 185.75579834, 199.045150757, 69.4827270508, 259.961578369, 65.8317871094, 40.8097000122, 31.1141643524, 23.8134899139, -3.87640619278, -2.65287327766, 20.0217227936, 25.5180130005], [40.1862068176, 76.9659194946, 75.3560028076, 58.1240196228, 65.8317871094, 219.130661011, 74.1431121826, 46.4841117859, 24.1774425507, 11.0611171722, 5.45277929306, 13.7436666489, -2.68131780624], [44.684841156, 27.0679454803, -6.53713655472, 65.257774353, 40.8097000122, 74.1431121826, 204.213317871, 82.7847213745, 53.7253723145, 43.0169143677, 45.0606575012, 24.9917240143, 9.6356420517], [-51.6191711426, 29.0393352509, -35.1420249939, 39.180305481, 31.1141643524, 46.4841117859, 82.7847213745, 164.145004272, 76.2713623047, 40.8016052246, 44.1013412476, 37.6469764709, 16.0993671417], [-10.6711349487, -26.4407634735, -103.230079651, 21.2384357452, 23.8134899139, 24.1774425507, 53.7253723145, 76.2713623047, 171.299514771, 59.2439651489, 43.7892227173, 25.33344841, 14.1291828156], [110.857940674, 71.2143707275, -16.2570972443, 17.4721641541, -3.87640619278, 11.0611171722, 43.0169143677, 40.8016052246, 59.2439651489, 170.399612427, 90.3430862427, 24.4249687195, 8.88004493713], [-37.9069976807, 43.1027832031, 21.4592113495, 6.79779005051, -2.65287327766, 5.45277929306, 45.0606575012, 44.1013412476, 43.7892227173, 90.3430862427, 162.947402954, 68.4085464478, 28.906867981], [-363.951965332, 102.301361084, 59.2454376221, -10.9600715637, 20.0217227936, 13.7436666489, 24.9917240143, 37.6469764709, 25.33344841, 24.4249687195, 68.4085464478, 138.014938354, 53.6151008606], [-193.583770752, 65.4751281738, 48.6900787354, 4.06115579605, 25.5180130005, -2.68131780624, 9.6356420517, 16.0993671417, 14.1291828156, 8.88004493713, 28.906867981, 53.6151008606, 117.783500671]], "icov": [[0.000106537881948, 7.39458118915e-05, 7.63229545555e-05, -0.000200876544113, 4.91891623824e-05, -6.22061488684e-05, 1.80751030712e-05, 3.94226590288e-05, 9.12098257686e-05, -0.000112821158837, -5.17513726663e-05, 0.000184906937648, 1.65258006746e-05], [7.39458118915e-05, 0.000849044590723, -3.4246892028e-05, -2.33586888498e-05, -0.00045667969971, -0.00017445377307, 6.94040718372e-05, -2.89658237307e-05, 0.000421182514401, -0.000593574950472, 0.000170597864781, -0.000348354747985, -0.000131302294903], [7.63229545555e-05, -3.4246892028e-05, 0.00135615165345, -0.000255980005022, -0.000892453943379, -0.000334468961228, 0.000168984261109, 0.000281059852568, 0.00102126726415, -0.000118308547826, -0.000339610443916, -0.000243441842031, -0.000193240382941], [-0.000200876544113, -2.33586888498e-05, -0.000255980005022, 0.00308238971047, -0.000638881523628, -0.000216981658014, -0.000599295774009, -0.000364562787581, -0.000126920960611, 8.65767196956e-06, 0.00010060112254, 0.000210742291529, -0.000191342667677], [4.91891623824e-05, -0.00045667969971, -0.000892453943379, -0.000638881523628, 0.005545925349, -0.000766926328652, -0.000414284382714, -0.00028728946927, -0.00128692539874, 0.000625803368166, 0.000561321794521, 0.000301450199913, -0.000587951217312], [-6.22061488684e-05, -0.00017445377307, -0.000334468961228, -0.000216981658014, -0.000766926328652, 0.00578681798652, -0.00162480690051, -0.0007129960577, -0.000269885727903, 9.57317461143e-05, 0.000590455485508, -0.000434926361777, 0.000746980193071], [1.80751030712e-05, 6.94040718372e-05, 0.000168984261109, -0.000599295774009, -0.000414284382714, -0.00162480690051, 0.00709752738476, -0.00236930442043, -0.000291843927698, -0.000486916542286, -0.000970594061073, 7.44640055927e-05, 1.39470812428e-05], [3.94226590288e-05, -2.89658237307e-05, 0.000281059852568, -0.000364562787581, -0.00028728946927, -0.0007129960577, -0.00236930442043, 0.00945165008307, -0.00273214676417, -0.000160602707183, -0.000533269019797, -0.00125336041674, -3.35304357577e-05], [9.12098257686e-05, 0.000421182514401, 0.00102126726415, -0.000126920960611, -0.00128692539874, -0.000269885727903, -0.000291843927698, -0.00273214676417, 0.00904147233814, -0.00230877124704, -0.000296992191579, -0.000427778228186, -0.000474959902931], [-0.000112821158837, -0.000593574950472, -0.000118308547826, 8.65767196956e-06, 0.000625803368166, 9.57317461143e-05, -0.000486916542286, -0.000160602707183, -0.00230877124704, 0.00957525987178, -0.00495365587994, 0.00129197083879, 0.000304218876408], [-5.17513726663e-05, 0.000170597864781, -0.000339610443916, 0.00010060112254, 0.000561321794521, 0.000590455485508, -0.000970594061073, -0.000533269019797, -0.000296992191579, -0.00495365587994, 0.011279406026, -0.00446048658341, -0.000327566842316], [0.000184906937648, -0.000348354747985, -0.000243441842031, 0.000210742291529, 0.000301450199913, -0.000434926361777, 7.44640055927e-05, -0.00125336041674, -0.000427778228186, 0.00129197083879, -0.00446048658341, 0.0119410883635, -0.00370603241026], [1.65258006746e-05, -0.000131302294903, -0.000193240382941, -0.000191342667677, -0.000587951217312, 0.000746980193071, 1.39470812428e-05, -3.35304357577e-05, -0.000474959902931, 0.000304218876408, -0.000327566842316, -0.00370603241026, 0.0106260329485]], "mean": [-690.417358398, 102.45652771, 1.95476651192, 31.2235908508, 4.01933670044, 10.5467481613, 2.42514228821, 1.10415804386, -4.43711519241, 6.23858976364, -1.28194582462, -0.762301027775, -0.324420958757]}, "spectral_contrast_valleys": {"min": [-15.2722320557, -15.350935936, -16.3207492828, -16.1778659821, -15.7321062088, -18.1978034973], "max": [-5.16525840759, -5.11275434494, -5.71368598938, -5.6147518158, -5.44910144806, -7.35518932343], "dvar2": [0.349706470966, 0.224431842566, 0.198881924152, 0.220132663846, 0.251163989305, 0.275896787643], "median": [-7.43779420853, -7.39868116379, -8.0675945282, -8.22508049011, -7.64799118042, -10.291800499], "dmean2": [0.645675599575, 0.544489920139, 0.491806685925, 0.460728287697, 0.399280965328, 0.39619410038], "dmean": [0.399806171656, 0.336551517248, 0.310397237539, 0.294143378735, 0.264887690544, 0.293498903513], "var": [2.12643837929, 1.53143298626, 1.54187214375, 1.76821732521, 2.21969604492, 2.2702088356], "dvar": [0.157790675759, 0.0948448106647, 0.0872777625918, 0.100861944258, 0.120465256274, 0.150659680367], "mean": [-7.92077636719, -7.62996912003, -8.28181552887, -8.50533103943, -8.03818511963, -10.6217985153]}, "barkbands_flatness_db": {"min": 0.0159547869116, "max": 0.702571094036, "dvar2": 0.00150135788135, "median": 0.115891367197, "dmean2": 0.0308685544878, "dmean": 0.0203578025103, "var": 0.00626830989495, "dvar": 0.000630747526884, "mean": 0.136274397373}, "dynamic_complexity": 5.14030361176, "erbbands_flatness_db": {"min": 0.0446939282119, "max": 0.469749748707, "dvar2": 0.000466891477117, "median": 0.139993473