{"lowlevel": {"spectral_complexity": {"min": 0, "max": 59, "dvar2": 28.9917392731, "median": 16, "dmean2": 4.16094207764, "dmean": 2.85066843033, "var": 112.984100342, "dvar": 17.9868431091, "mean": 16.5274391174}, "silence_rate_20dB": {"min": 1, "max": 1, "dvar2": 0, "median": 1, "dmean2": 0, "dmean": 0, "var": 0, "dvar": 0, "mean": 1}, "average_loudness": 0.585651040077, "erbbands_spread": {"min": 3.157548666, "max": 123.992362976, "dvar2": 115.863899231, "median": 27.4748840332, "dmean2": 8.74251651764, "dmean": 5.82365751266, "var": 248.109115601, "dvar": 56.1170959473, "mean": 31.0528736115}, "spectral_kurtosis": {"min": -1.14223194122, "max": 53.7311553955, "dvar2": 21.521648407, "median": 5.00638771057, "dmean2": 3.63859128952, "dmean": 2.13875961304, "var": 19.3235874176, "dvar": 7.40488481522, "mean": 5.95759153366}, "barkbands_kurtosis": {"min": -1.92682027817, "max": 211.053741455, "dvar2": 44.7926635742, "median": 1.05847096443, "dmean2": 2.82206344604, "dmean": 1.81656622887, "var": 66.0877761841, "dvar": 20.3047542572, "mean": 2.93118810654}, "spectral_strongpeak": {"min": 0, "max": 15.4341745377, "dvar2": 1.75814175606, "median": 0.612205505371, "dmean2": 0.784025192261, "dmean": 0.463697880507, "var": 1.34273838997, "dvar": 0.65789026022, "mean": 1.04605007172}, "spectral_spread": {"min": 1330727.625, "max": 13640381, "dvar2": 957516218368, "median": 3557325, "dmean2": 678905.125, "dmean": 481882.875, "var": 1973379661820.0, "dvar": 513316782080, "mean": 3897020.5}, "spectral_rms": {"min": 2.13231714952e-06, "max": 0.0132279992104, "dvar2": 1.42742601383e-06, "median": 0.0035596836824, "dmean2": 0.000816086772829, "dmean": 0.000568897521589, "var": 4.27866780228e-06, "dvar": 7.23657421986e-07, "mean": 0.00383811281063}, "erbbands": {"min": [6.64270416451e-08, 2.25168435009e-07, 2.96432688174e-07, 2.10143014101e-07, 2.03862683179e-07, 6.16126158093e-07, 9.26922666622e-07, 3.38117075671e-07, 3.7034021716e-07, 1.97016660763e-07, 5.29500027824e-07, 1.17880938433e-06, 6.13714291831e-07, 2.166223112e-06, 5.73209035792e-06, 3.52631877831e-06, 4.39348286818e-06, 2.05585229196e-06, 5.69878193346e-06, 4.46285366706e-06, 2.88438559437e-06, 6.89076341587e-06, 4.24982636105e-06, 2.50895163845e-06, 5.26623125552e-06, 3.84538998333e-06, 3.32723402607e-06, 2.00489967028e-06, 1.29431930418e-06, 9.90275566437e-07, 1.43082922932e-06, 5.49484127532e-07, 2.09587639688e-07, 1.19624175454e-07, 1.57190612526e-07, 1.22368518873e-07, 5.06348349916e-08, 1.89450624077e-08, 6.84226320047e-09, 7.61497032098e-10], "max": [1.97100186348, 23.0754795074, 59.6836891174, 37.6596183777, 167.094711304, 136.461730957, 187.898605347, 536.766235352, 1314.65063477, 1088.05493164, 1881.79638672, 1059.64074707, 1532.20129395, 625.91583252, 698.621887207, 448.430755615, 643.30645752, 896.287658691, 593.297058105, 509.318023682, 503.723236084, 413.97744751, 508.998779297, 269.571563721, 456.866333008, 848.53692627, 332.986968994, 491.241699219, 258.672790527, 274.835571289, 350.289306641, 78.8024368286, 37.4691390991, 22.798740387, 41.0516738892, 23.318561554, 15.6824398041, 2.65245485306, 0.329724609852, 0.0101584689692], "dvar2": [0.073197580874, 8.72096633911, 16.2444152832, 13.7910776138, 245.384963989, 133.637710571, 90.5496749878, 1030.43273926, 3160.51806641, 5042.29052734, 4338.23632812, 4659.85351562, 4371.51708984, 1970.82543945, 2266.39453125, 750.000061035, 1565.42895508, 3747.58886719, 1639.78149414, 864.895812988, 702.601379395, 538.808959961, 452.818328857, 187.10319519, 332.754394531, 786.540710449, 270.620666504, 165.363388062, 50.2694664001, 87.1711578369, 102.951454163, 17.258731842, 5.24993944168, 1.41068565845, 1.30702984333, 0.657843351364, 0.550229012966, 0.0186456777155, 8.71308438946e-05, 1.08696852408e-07], "median": [0.00884930137545, 0.111694678664, 0.389315545559, 0.534203410149, 1.13215816021, 2.39843201637, 2.92201089859, 6.07260417938, 10.4901618958, 15.2772884369, 11.4230527878, 12.7739648819, 10.2653694153, 9.4373550415, 7.08187627792, 6.00979757309, 8.36580085754, 8.92023658752, 10.528213501, 6.5493645668, 6.04836654663, 6.17092180252, 6.59738397598, 3.79660463333, 3.97238683701, 4.22464561462, 1.84025931358, 0.996387124062, 0.959558606148, 0.900837779045, 0.559424638748, 0.267199873924, 0.121550232172, 0.0419838950038, 0.0203362442553, 0.00584629038349, 0.00163318542764, 0.000276490754914, 3.76900679839e-05, 2.26541487791e-05], "dmean2": [0.0758834332228, 0.844832181931, 1.49543261528, 1.50398421288, 4.19260931015, 5.36691617966, 4.82369184494, 12.4371871948, 22.2691478729, 32.7237014771, 24.6464595795, 28.1419715881, 24.7291908264, 20.3018875122, 19.574716568, 11.8214817047, 18.8300533295, 24.346912384, 20.4150314331, 13.8268442154, 12.9818658829, 11.59724617, 10.6439628601, 6.2762966156, 8.09259700775, 8.89916419983, 5.63238525391, 3.55546522141, 2.52300643921, 3.08579778671, 2.79876685143, 1.33517920971, 0.755058050156, 0.379843562841, 0.240548655391, 0.184148594737, 0.164816841483, 0.0294707957655, 0.00171378883533, 7.99765912234e-05], "dmean": [0.0431921668351, 0.485430777073, 0.926868975163, 0.911903738976, 2.4397714138, 3.3009865284, 3.13455080986, 7.93275547028, 14.5047359467, 21.767791748, 16.5283737183, 18.322933197, 16.1552791595, 13.2554483414, 12.3410253525, 7.60265159607, 12.0683412552, 15.1183357239, 13.055929184, 9.03173446655, 8.43444442749, 7.58709096909, 6.92517709732, 4.1308555603, 5.22887945175, 6.05296468735, 3.79590845108, 2.51382088661, 1.76750636101, 2.10327672958, 1.95174884796, 0.927889347076, 0.521544039249, 0.268186897039, 0.170776486397, 0.127325996757, 0.109953299165, 0.0197037532926, 0.00116783683188, 5.69864678255e-05], "var": [0.021490091458, 2.54219937325, 9.11509227753, 6.5382027626, 82.643119812, 98.2671508789, 99.1499786377, 1134.66625977, 3290.66137695, 9514.4296875, 6567.34570312, 5593.09912109, 4621.57275391, 2378.76464844, 1814.34008789, 728.153442383, 2367.30908203, 4052.25708008, 2054.76660156, 1416.23901367, 1290.68066406, 1073.49560547, 643.186889648, 213.016845703, 497.852142334, 1699.32629395, 417.499816895, 218.489120483, 75.1612930298, 112.912399292, 196.7159729, 24.1870002747, 5.9997086525, 1.57094657421, 1.03873217106, 0.446779966354, 0.298739880323, 0.00981293804944, 3.83348960895e-05, 7.11626668704e-08], "dvar": [0.0263524651527, 3.13089966774, 6.64076137543, 5.40850353241, 89.9216537476, 51.5928230286, 39.100982666, 403.762237549, 1296.58959961, 2244.73828125, 1846.20336914, 1850.68847656, 1850.79016113, 811.558288574, 846.250244141, 306.738433838, 640.20880127, 1399.34057617, 705.794067383, 387.383789062, 321.870330811, 241.983734131, 197.772689819, 80.9767532349, 147.059387207, 382.183044434, 121.499687195, 77.8279571533, 25.5953407288, 40.894695282, 51.770275116, 7.92059850693, 2.41581678391, 0.676649689674, 0.616018354893, 0.306963890791, 0.245501846075, 0.00814569555223, 3.44537656929e-05, 5.06146697887e-08], "mean": [0.0445899926126, 0.527623176575, 1.32293045521, 1.38586509228, 3.1035284996, 5.96126365662, 6.5274605751, 16.8460674286, 31.1297016144, 54.0572319031, 38.6156730652, 39.3342628479, 32.8374938965, 27.1337413788, 22.7031936646, 15.7372112274, 26.3450584412, 31.1535263062, 27.5246925354, 22.1035423279, 20.0214004517, 18.7811775208, 16.2495193481, 9.1105632782, 12.0963373184, 14.6911783218, 7.93373537064, 5.00034379959, 3.71884775162, 4.08805084229, 3.88827180862, 1.7517157793, 0.921908736229, 0.430307388306, 0.252255827188, 0.161569163203, 0.120174951851, 0.0219997763634, 0.00138288282324, 8.64866742631e-05]}, "zerocrossingrate": {"min": 0, "max": 0.38134765625, "dvar2": 0.000193591797142, "median": 0.04931640625, "dmean2": 0.0102423653007, "dmean": 0.00891168415546, "var": 0.00131546496414, "dvar": 0.000160701965797, "mean": 0.0582908317447}, "spectral_contrast_coeffs": {"min": [-0.948310792446, -0.938697755337, -0.935022592545, -0.980783760548, -0.96333783865, -0.894734919071], "max": [-0.285534292459, -0.340903550386, -0.423509657383, -0.487149357796, -0.566639780998, -0.578669667244], "dvar2": [0.00387368840165, 0.00304039334878, 0.00214894372039, 0.00144524930511, 0.000893991731573, 0.000595632649492], "median": [-0.66085588932, -0.711024999619, -0.732924938202, -0.746402561665, -0.767636179924, -0.750033378601], "dmean2": [0.0734028369188, 0.066065505147, 0.057088419795, 0.0466797426343, 0.0347929261625, 0.025356516242], "dmean": [0.0441820807755, 0.0412008240819, 0.0356427691877, 0.0291435327381, 0.022167308256, 0.016396086663], "var": [0.00828579068184, 0.00917071476579, 0.00533061148599, 0.00486696744338, 0.0036374013871, 0.00163573457394], "dvar": [0.00148816057481, 0.00123106408864, 0.000869713257998, 0.00061890570214, 0.000413307279814, 0.000260532950051], "mean": [-0.648076236248, -0.696109890938, -0.729841589928, -0.742079377174, -0.762512743473, -0.750013113022]}, "dissonance": {"min": 0.220926016569, "max": 0.500000059605, "dvar2": 0.000960395787843, "median": 0.463375508785, "dmean2": 0.0320691913366, "dmean": 0.0192688796669, "var": 0.00121538934764, "dvar": 0.00036019840627, "mean": 0.454146772623}, "spectral_energyband_high": {"min": 2.92303126148e-10, "max": 0.0237537641078, "dvar2": 1.18353068501e-06, "median": 0.000169087405084, "dmean2": 0.000412540626712, "dmean": 0.000310195755446, "var": 3.05330513584e-06, "dvar": 6.79331378706e-07, "mean": 0.00071279227268}, "spectral_skewness": {"min": -0.138284146786, "max": 5.89761781693, "dvar2": 0.166401401162, "median": 1.64030539989, "dmean2": 0.386674791574, "dmean": 0.23779681325, "var": 0.339379698038, "dvar": 0.0634162202477, "mean": 1.69044661522}, "spectral_flux": {"min": 0.00010680394189, "max": 0.361083805561, "dvar2": 0.00129172869492, "median": 0.0480289570987, "dmean2": 0.0263145957142, "dmean": 0.0170957203954, "var": 0.00205804756843, "dvar": 0.000648799934424, "mean": 0.0594809316099}, "silence_rate_30dB": {"min": 0, "max": 1, "dvar2": 0.0035327449441, "median": 1, "dmean2": 0.00283286115155, "dmean": 0.00141630519647, "var": 0.00132596620824, "dvar": 0.00141422299203, "mean": 0.998672306538}, "spectral_energyband_middle_high": {"min": 8.40291169979e-10, "max": 0.0437298491597, "dvar2": 1.03501197373e-05, "median": 0.00267306482419, "dmean2": 0.00190456071869, "dmean": 0.00130251748487, "var": 3.12043121085e-05, "dvar": 5.12432779942e-06, "mean": 0.0046934899874}, "barkbands_spread": {"min": 0.778942406178, "max": 115.826461792, "dvar2": 101.39780426, "median": 17.9534797668, "dmean2": 7.05850934982, "dmean": 4.67769479752, "var": 206.111663818, "dvar": 45.3619804382, "mean": 21.6577701569}, "spectral_centroid": {"min": 157.384460449, "max": 5495.75244141, "dvar2": 121986.9375, "median": 1192.3828125, "dmean2": 286.930847168, "dmean": 191.141693115, "var": 454823.8125, "dvar": 61147.1523438, "mean": 1338.3848877}, "pitch_salience": {"min": 0.0403595194221, "max": 0.857149600983, "dvar2": 0.00899996422231, "median": 0.581114053726, "dmean2": 0.096404530108, "dmean": 0.0595924407244, "var": 0.0123406331986, "dvar": 0.00354561652057, "mean": 0.569818735123}, "erbbands_skewness": {"min": -3.97581672668, "max": 5.74865293503, "dvar2": 0.197238221765, "median": 0.405702710152, "dmean2": 0.468704968691, "dmean": 0.306810051203, "var": 0.69795525074, "dvar": 0.0910317674279, "mean": 0.468124508858}, "erbbands_crest": {"min": 2.18685340881, "max": 30.8445415497, "dvar2": 11.2400474548, "median": 8.28377532959, "dmean2": 3.52107596397, "dmean": 2.21599936485, "var": 19.7421455383, "dvar": 4.69491291046, "mean": 9.40873146057}, "melbands": {"min": [5.62982271912e-10, 2.05916797502e-10, 3.65998446827e-11, 2.62448344307e-11, 3.4063928761e-11, 8.55767713637e-12, 5.03230573531e-12, 2.03308810759e-12, 5.40681128341e-12, 7.41689175354e-12, 2.56116352085e-12, 7.22654271493e-12, 1.8620792408e-11, 1.21133866826e-11, 1.22506718311e-11, 5.55110167902e-12, 3.56175592492e-12, 8.14544612315e-12, 7.70036898828e-12, 5.97219452711e-12, 2.6373267719e-12, 6.13535654573e-12, 8.2364974216e-12, 1.47954771264e-12, 2.02610389403e-12, 2.77592488926e-12, 3.37196525042e-12, 2.45368699317e-12, 2.71422728043e-12, 7.16278869984e-13, 1.27820855029e-12, 8.04822734065e-13, 3.52659362216e-13, 6.29335884621e-13, 1.09977706195e-12, 3.53752861422e-13, 2.90020720113e-13, 1.43829880731e-13, 1.10709943817e-13, 8.86490249155e-14], "max": [0.0182827115059, 0.0322845615447, 0.0106786023825, 0.00922383368015, 0.00528258411214, 0.0113567942753, 0.0176529251039, 0.0103523116559, 0.0146467387676, 0.00730444025248, 0.00742471497506, 0.00280543346889, 0.00187232194003, 0.0012492320966, 0.00128744530957, 0.00144751567859, 0.00205780658871, 0.00123567471746, 0.00156986853108, 0.000963538768701, 0.000605557987001, 0.000512969098054, 0.000592480995692, 0.000434822984971, 0.00027082519955, 0.000236045059864, 0.000452250300441, 0.000682723824866, 0.000309789407765, 0.000240735447733, 0.00025504041696, 0.000155163259478, 0.000157353570103, 0.000165342382388, 0.000277875864413, 9.83693753369e-05, 4.22129305662e-05, 2.99065577565e-05, 2.10124526347e-05, 2.00901504286e-05], "dvar2": [8.34704133013e-06, 7.67609890318e-06, 9.8401028481e-07, 9.1455257234e-07, 1.34338847602e-07, 4.81401286834e-07, 6.89193313974e-07, 6.30235433619e-07, 2.65633929075e-07, 2.13196912568e-07, 1.09983666619e-07, 3.71072346184e-08, 2.00608809564e-08, 8.03728372745e-09, 4.68779859375e-09, 1.01471284708e-08, 1.88754345487e-08, 4.85141926632e-09, 3.48002182626e-09, 3.12753334342e-09, 1.01187580537e-09, 7.33649918594e-10, 7.88999643397e-10, 2.8791963258e-10, 1.53979648476e-10, 1.70069250349e-10, 2.84245516013e-10, 5.07346942236e-10, 1.38558386986e-10, 1.00896416222e-10, 4.63925078908e-11, 1.8542965774e-11, 2.0099351003e-11, 3.9942524982e-11, 6.77190872822e-11, 1.23495788248e-11, 6.51488325093e-12, 3.46715061175e-12, 1.66551191241e-12, 9.56038742096e-13], "median": [0.00012032721861, 0.000217083637835, 0.000115290640679, 0.000137455062941, 0.00011651427485, 0.000129423686303, 0.000159481773153, 0.00016364408657, 7.89790792624e-05, 7.53651984269e-05, 4.69684528071e-05, 3.45967491739e-05, 2.16326734517e-05, 1.76393878064e-05, 1.24244379549e-05, 1.80356328201e-05, 1.35709196911e-05, 1.48223834913e-05, 9.73815986072e-06, 7.2134871516e-06, 5.95726532993e-06, 5.9018407228e-06, 6.64894287183e-06, 3.58649435839e-06, 2.55336794908e-06, 2.39196538132e-06, 2.73550313068e-06, 2.4678038244e-06, 1.12936641017e-06, 6.58845465296e-07, 4.63683363705e-07, 4.94508299198e-07, 5.21519723407e-07, 4.40100563992e-07, 3.19035962093e-07, 2.02890561241e-07, 1.36134048034e-07, 9.08141970513e-08, 4.57700437551e-08, 2.96966025104e-08], "dmean2": [0.000814614293631, 0.000914546835702, 0.000338801648468, 0.000335525197443, 0.000186982724699, 0.00026917559444, 0.000348284636857, 0.000365120358765, 0.000187262878171, 0.00018437707331, 0.000123552657897, 8.55963226059e-05, 6.04441593168e-05, 4.00266799261e-05, 3.04746336042e-05, 4.68120088044e-05, 5.10725003551e-05, 3.35843433277e-05, 2.48961860052e-05, 2.41394354816e-05, 1.46686143125e-05, 1.2725509805e-05, 1.4189855392e-05, 7.86636610428e-06, 5.41242798135e-06, 5.95918800173e-06, 6.28216594123e-06, 6.67045333103e-06, 3.98199199481e-06, 2.99296084449e-06, 1.91907201952e-06, 1.48494109453e-06, 1.62815183558e-06, 1.89601121292e-06, 1.94164181266e-06, 1.14846307042e-06, 7.97396751295e-07, 5.97550524617e-07, 4.23027103125e-07, 3.10236060841e-07], "dmean": [0.000471070088679, 0.000552716373932, 0.000203614443308, 0.000199660251383, 0.000121429453429, 0.000171360516106, 0.000227514217841, 0.000243411486736, 0.000125585560454, 0.000119849442854, 8.05501549621e-05, 5.58440660825e-05, 3.80979690817e-05, 2.55148061115e-05, 1.95437896764e-05, 2.98822014884e-05, 3.16226105497e-05, 2.16228854697e-05, 1.60309482453e-05, 1.53518849402e-05, 9.57633528742e-06, 8.32736714074e-06, 9.04486660147e-06, 5.09060555487e-06, 3.49795004695e-06, 3.79449488719e-06, 4.13366205976e-06, 4.44126044385e-06, 2.62954108621e-06, 2.00049953492e-06, 1.32701006805e-06, 1.01552961951e-06, 1.09901225187e-06, 1.26945963075e-06, 1.31867943765e-06, 7.96151880422e-07, 5.29212059064e-07, 4.03747122846e-07, 2.89438361278e-07, 2.12981191794e-07], "var": [2.51020310316e-06, 3.15805232276e-06, 4.3390386395e-07, 3.90621039514e-07, 1.44964232618e-07, 4.98360975598e-07, 7.92802381966e-07, 1.28199803839e-06, 3.87534214497e-07, 2.43441490966e-07, 1.1446866921e-07, 4.27411528392e-08, 1.64072204711e-08, 6.77891920375e-09, 7.60520979526e-09, 1.10024753752e-08, 1.90951929824e-08, 5.89448978516e-09, 3.92436350083e-09, 5.57104895549e-09, 1.49025014551e-09, 1.30928423658e-09, 1.13427067738e-09, 4.16536583003e-10, 1.38817735085e-10, 1.81226936236e-10, 4.5257694814e-10, 9.56851708978e-10, 1.80128800764e-10, 1.16460771582e-10, 5.45637354743e-11, 2.31033959325e-11, 2.62260109463e-11, 4.43581595067e-11, 1.02824297687e-10, 2.03975135393e-11, 6.70840509878e-12, 3.40490352926e-12, 1.71737461491e-12, 9.59378301628e-13], "dvar": [3.02200351143e-06, 2.95224663205e-06, 3.87570423754e-07, 3.29881032712e-07, 5.78119454531e-08, 1.87442935839e-07, 2.85176497528e-07, 2.79668228131e-07, 1.13098096222e-07, 8.40735410179e-08, 4.63697524822e-08, 1.52226924399e-08, 7.51581907821e-09, 3.17371284808e-09, 1.93148164129e-09, 4.23925028414e-09, 6.95086210811e-09, 2.14393036657e-09, 1.46876732998e-09, 1.33001576419e-09, 4.51360393505e-10, 3.1993771521e-10, 3.33834820898e-10, 1.28112645492e-10, 6.34435975977e-11, 7.00824814848e-11, 1.28417929068e-10, 2.37821401461e-10, 6.04036126672e-11, 4.42996368755e-11, 2.15114454027e-11, 8.89939857918e-12, 9.86272695458e-12, 1.76252328704e-11, 3.10636967538e-11, 6.33076013487e-12, 2.74427962993e-12, 1.53204445658e-12, 7.71574698664e-13, 4.43759016078e-13], "mean": [0.000519913970493, 0.000722913304344, 0.000296179787256, 0.000326742650941, 0.000250856915955, 0.00036161908065, 0.000489974685479, 0.000612706935499, 0.000280108797597, 0.000246510229772, 0.000158380426001, 0.000109269407403, 6.99476440786e-05, 4.7535966587e-05, 4.3657815695e-05, 5.76199163334e-05, 6.04596098128e-05, 4.27134327765e-05, 3.27458692482e-05, 3.51471098838e-05, 2.02657538466e-05, 1.90052269318e-05, 1.97699482669e-05, 1.09896782305e-05, 6.75483352097e-06, 7.62376794228e-06, 9.64211722021e-06, 9.89905038296e-06, 5.09311894348e-06, 3.73904435946e-06, 2.49622689807e-06, 2.01386660592e-06, 2.11094788938e-06, 2.31849344345e-06, 2.5331685265e-06, 1.4425545487e-06, 9.28264171307e-07, 6.87003250732e-07, 4.61960524945e-07, 3.24243927707e-07]}, "spectral_entropy": {"min": 5.58662414551, "max": 8.74471664429, "dvar2": 0.0723527818918, "median": 7.3259806633, "dmean2": 0.21715798974, "dmean": 0.154264301062, "var": 0.236074179411, "dvar": 0.0388621911407, "mean": 7.33998823166}, "spectral_rolloff": {"min": 21.533203125, "max": 14190.3808594, "dvar2": 1672196.75, "median": 1227.39257812, "dmean2": 646.313415527, "dmean": 394.193450928, "var": 1827906.75, "dvar": 731776.4375, "mean": 1562.74902344}, "barkbands": {"min": [1.54447443723e-09, 1.2089113044e-09, 9.06575023385e-11, 5.11953569815e-11, 1.59594698568e-10, 6.06904526634e-11, 2.05885690441e-11, 1.43448768489e-11, 5.29941437954e-11, 1.6460988822e-11, 1.25976937215e-10, 9.49430464803e-11, 8.98849605857e-11, 3.67047052474e-11, 1.17709966774e-10, 6.44825096097e-11, 1.2780777825e-10, 5.5449950187e-11, 8.36377148095e-11, 7.38039004911e-11, 6.29636065508e-11, 3.02345926073e-11, 4.57018971278e-11, 1.8354652867e-11, 1.57131755524e-11, 2.95884150514e-11, 5.08059323778e-11], "max": [0.012458242476, 0.0862841382623, 0.0417021848261, 0.026173690334, 0.0352697782218, 0.0444286987185, 0.0674563124776, 0.0689732134342, 0.0378879234195, 0.0370249338448, 0.013906577602, 0.0104458555579, 0.0136371795088, 0.0191198196262, 0.0149942133576, 0.0122778350487, 0.00926027167588, 0.00836342480034, 0.00627822754905, 0.0166213419288, 0.00971972383559, 0.00828925333917, 0.0100203054026, 0.00217431108467, 0.00298751471564, 0.00736523699015, 0.00269056484103], "dvar2": [2.07230314686e-07, 0.000141724129207, 7.73883130023e-06, 4.8236861403e-06, 1.48753497342e-05, 8.19653814688e-06, 1.63729691849e-05, 1.36763837872e-05, 7.03317937223e-06, 3.82073403671e-06, 1.13771636734e-06, 4.3549002271e-07, 8.117843322e-07, 1.57578972448e-06, 6.26176358764e-07, 4.03223225476e-07, 2.63055483174e-07, 1.28716067138e-07, 1.01424966203e-07, 2.36222646777e-07, 1.21635991945e-07, 4.39383391893e-08, 1.10143005827e-07, 2.32311787585e-08, 1.45448986189e-08, 9.14258109219e-08, 4.69240024614e-09], "median": [0.000205803953577, 0.000407297979109, 0.000332580297254, 0.000126330181956, 0.000714764697477, 0.000607200490776, 0.000717130955309, 0.00060968415346, 0.000433364504715, 0.000296262325719, 0.000171043793671, 0.000116065428301, 0.000163142540259, 0.000121238277643, 0.000151503452798, 8.88063732418e-05, 0.000120279277326, 8.48500640132e-05, 7.08759835106e-05, 8.14778468339e-05, 3.15409924951e-05, 2.93334414891e-05, 2.0068968297e-05, 9.48643082666e-06, 3.30298507834e-06, 1.01296950561e-06, 1.51667308046e-07], "dmean2": [0.000204753610888, 0.00337410066277, 0.00112761394121, 0.000692085304763, 0.00147440435831, 0.0011660894379, 0.00174878258258, 0.00159393658396, 0.00109768821858, 0.000811698671896, 0.000482803268824, 0.000282236287603, 0.000432944914792, 0.000473166030133, 0.000376705691451, 0.000288676324999, 0.000257374806097, 0.000172732878127, 0.00014845583064, 0.000170133571373, 0.000112473011541, 7.2636124969e-05, 9.50726898736e-05, 5.08113080286e-05, 3.28888054355e-05, 6.83270918671e-05, 1.12173738671e-05], "dmean": [0.000212562386878, 0.00194734265096, 0.000700284785125, 0.000413631467381, 0.00089124229271, 0.00074170139851, 0.0011455041822, 0.00107182073407, 0.00071241625119, 0.000526659132447, 0.000306713220198, 0.000179725466296, 0.000276790175121, 0.000295986246783, 0.000240476976614, 0.000183497424587, 0.000165266479598, 0.000112127963803, 9.5183524536e-05, 0.000116792267363, 7.7092074207e-05, 5.15409010404e-05, 6.65626648697e-05, 3.51042690454e-05, 2.36488613155e-05, 4.63752694486e-05, 7.52802452553e-06], "var": [1.10724704427e-06, 4.19457792304e-05, 5.04370063936e-06, 2.06728827834e-06, 7.60741932027e-06, 8.61840362631e-06, 2.07762750506e-05, 2.62951834884e-05, 8.12711186882e-06, 4.18583067585e-06, 1.02663159396e-06, 3.55393126483e-07, 1.12125076157e-06, 1.6661782638e-06, 7.20225784789e-07, 7.30207432298e-07, 4.6125398967e-07, 1.79487216201e-07, 1.19247047792e-07, 5.90811964685e-07, 1.71632535739e-07, 6.45601403448e-08, 2.03396851362e-07, 2.8152296494e-08, 1.55022625847e-08, 5.38149080853e-08, 1.87640614158e-09], "dvar": [1.94349098592e-07, 5.1132421504e-05, 3.23164499605e-06, 1.90561274849e-06, 5.46635374121e-06, 3.18571869684e-06, 6.9686570896e-06, 5.92387186771e-06, 2.78821676147e-06, 1.59375485964e-06, 4.36455877662e-07, 1.75347338427e-07, 3.38339248174e-07, 5.94764117068e-07, 2.61184425199e-07, 1.74474180881e-07, 1.11031191352e-07, 5.69922775639e-08, 4.31224975728e-08, 1.22583372786e-07, 5.62658897252e-08, 2.25180301072e-08, 5.44572529293e-08, 1.05296145136e-08, 7.2831509712e-09, 4.16868779496e-08, 1.80780590497e-09], "mean": [0.000580995401833, 0.00209327274933, 0.00107722776011, 0.000494776759297, 0.00158812839072, 0.00157632050104, 0.00242851441726, 0.0025835193228, 0.00146474933717, 0.00102896534372, 0.000550528871827, 0.000325326138409, 0.000567696988583, 0.000564092304558, 0.000481947179651, 0.000416075024987, 0.000377910590032, 0.000244135095272, 0.000197832996491, 0.000286222842988, 0.000152590087964, 0.000106607752969, 0.000134754620376, 6.41166043351e-05, 3.68261971744e-05, 5.3114759794e-05, 8.73818498803e-06]}, "melbands_flatness_db": {"min": 0.0222399178892, "max": 0.524363994598, "dvar2": 0.00149457901716, "median": 0.185756653547, "dmean2": 0.0318953096867, "dmean": 0.0214217826724, "var": 0.00487550767139, "dvar": 0.000659340119455, "mean": 0.192692562938}, "melbands_skewness": {"min": -2.39829206467, "max": 14.0263023376, "dvar2": 0.936151504517, "median": 1.69879198074, "dmean2": 0.777433216572, "dmean": 0.50613617897, "var": 1.73349833488, "dvar": 0.415837407112, "mean": 1.9457025528}, "barkbands_skewness": {"min": -5.07684183121, "max": 14.0798254013, "dvar2": 0.497844696045, "median": 0.991914153099, "dmean2": 0.587247252464, "dmean": 0.390194863081, "var": 1.13785731792, "dvar": 0.229640454054, "mean": 1.13583528996}, "silence_rate_60dB": {"min": 0, "max": 1, "dvar2": 0.0610371083021, "median": 0, "dmean2": 0.0584277622402, "dmean": 0.0292112957686, "var": 0.13286793232, "dvar": 0.0283591132611, "mean": 0.1577270329}, "spectral_energyband_low": {"min": 2.39581421368e-09, "max": 0.129650309682, "dvar2": 0.000175144028617, "median": 0.00128166808281, "dmean2": 0.00421757949516, "dmean": 0.00257684243843, "var": 6.99825541233e-05, "dvar": 6.76521667629e-05, "mean": 0.00352750578895}, "spectral_energyband_middle_low": {"min": 3.69551111934e-10, "max": 0.157027885318, "dvar2": 8.02238282631e-05, "median": 0.00636114366353, "dmean2": 0.00502068269998, "dmean": 0.00327883171849, "var": 0.000131733191665, "dvar": 3.39840444212e-05, "mean": 0.0105810677633}, "melbands_kurtosis": {"min": -1.86282622814, "max": 313.108764648, "dvar2": 202.970565796, "median": 4.37057304382, "dmean2": 6.23589324951, "dmean": 3.95976018906, "var": 257.562713623, "dvar": 86.2508468628, "mean": 8.09055995941}, "spectral_decrease": {"min": -4.46228263229e-08, "max": -1.12453512858e-15, "dvar2": 1.66150177903e-17, "median": -3.14675974167e-09, "dmean2": 2.19330664741e-09, "dmean": 1.45835421517e-09, "var": 2.2101549629e-17, "dvar": 7.27692705149e-18, "mean": -4.73937822321e-09}, "erbbands_kurtosis": {"min": -1.7915469408, "max": 46.1632575989, "dvar2": 3.66212081909, "median": -0.0235278606415, "dmean2": 1.28405714035, "dmean": 0.820719540119, "var": 5.95004987717, "dvar": 1.58091270924, "mean": 0.694334745407}, "melbands_crest": {"min": 3.03779602051, "max": 38.1168365479, "dvar2": 17.5506324768, "median": 11.8541584015, "dmean2": 4.49914455414, "dmean": 2.79459190369, "var": 30.6127338409, "dvar": 7.18168973923, "mean": 13.0437850952}, "gfcc": {"cov": [[11387.9677734, -1485.01501465, -195.555740356, 9.48240184784, -472.740325928, 170.640029907, -279.400512695, 190.90032959, -156.293106079, 130.933639526, -195.067459106, 35.5361251831, -170.247406006], [-1485.01501465, 1894.11279297, -97.4815216064, -75.6507568359, 279.131469727, -93.5086746216, 184.13319397, -102.680702209, 108.723609924, -154.227752686, 174.25227356, -115.414321899, 81.8976516724], [-195.555740356, -97.4815216064, 975.522644043, 173.972351074, 205.148956299, 136.533355713, 72.8225784302, 22.4998435974, -83.8506240845, 69.2700958252, -103.146873474, 84.7604141235, -64.3349761963], [9.48240184784, -75.6507568359, 173.972351074, 542.580932617, 107.270523071, 71.4556274414, 0.169555306435, 15.0560436249, 37.4860458374, -68.6881484985, -18.0526638031, -23.6634178162, 21.6567764282], [-472.740325928, 279.131469727, 205.148956299, 107.270523071, 472.571746826, 75.373298645, 136.559936523, 14.7734212875, -11.435051918, 31.1157360077, -27.1483860016, 39.9018707275, 9.12333679199], [170.640029907, -93.5086746216, 136.533355713, 71.4556274414, 75.373298645, 204.910308838, 86.158493042, 31.6556243896, -18.6567459106, 22.1760311127, -17.6205234528, -5.01614665985, -23.1058635712], [-279.400512695, 184.13319397, 72.8225784302, 0.169555306435, 136.559936523, 86.158493042, 193.16986084, 30.9795742035, 2.99769425392, 26.542301178, 7.20589828491, -10.8922405243, -14.2260608673], [190.90032959, -102.680702209, 22.4998435974, 15.0560436249, 14.7734212875, 31.6556243896, 30.9795742035, 108.915748596, 40.9523658752, 31.6622600555, -13.2456760406, 4.37347221375, -13.7822599411], [-156.293106079, 108.723609924, -83.8506240845, 37.4860458374, -11.435051918, -18.6567459106, 2.99769425392, 40.9523658752, 117.589645386, 2.46625065804, 25.9691390991, -13.8435993195, 10.74979496], [130.933639526, -154.227752686, 69.2700958252, -68.6881484985, 31.1157360077, 22.1760311127, 26.542301178, 31.6622600555, 2.46625065804, 121.874084473, 5.31299591064, 25.7580165863, -22.4253387451], [-195.067459106, 174.25227356, -103.146873474, -18.0526638031, -27.1483860016, -17.6205234528, 7.20589828491, -13.2456760406, 25.9691390991, 5.31299591064, 102.838882446, -6.03319406509, 14.542093277], [35.5361251831, -115.414321899, 84.7604141235, -23.6634178162, 39.9018707275, -5.01614665985, -10.8922405243, 4.37347221375, -13.8435993195, 25.7580165863, -6.03319406509, 96.9372634888, 15.439119339], [-170.247406006, 81.8976516724, -64.3349761963, 21.6567764282, 9.12333679199, -23.1058635712, -14.2260608673, -13.7822599411, 10.74979496, -22.4253387451, 14.542093277, 15.439119339, 80.93775177]], "icov": [[0.000117302777653, -5.84312620049e-05, 0.00012737052748, -0.000111635534267, 0.000145435536979, -0.000172571555595, 0.000222316841246, -0.000278108549537, 0.000314284261549, -0.000251097750152, 0.000275690166745, -0.000191724990145, 0.000238762353547], [-5.84312620049e-05, 0.00187095534056, -0.000876730948221, 0.00128297286574, -0.00152402871754, 0.00106734898873, -0.00139755266719, 0.00142315332778, -0.00221863528714, 0.00315039791167, -0.00312753231265, 0.00265819346532, -0.0013606257271], [0.00012737052748, -0.000876730948221, 0.00220255553722, -0.00134853657801, 0.000586539332289, -0.0010023128707, 0.000506867421791, -0.000618928228505, 0.00201540160924, -0.00237623555586, 0.00273334188387, -0.00278516346589, 0.00201218738221], [-0.000111635534267, 0.00128297286574, -0.00134853657801, 0.00365757429972, -0.00179508223664, -0.000208122088225, -2.78052302747e-05, 0.000736331858207, -0.00292490795255, 0.00406914157793, -0.00253450847231, 0.00298092607409, -0.00191750063095], [0.000145435536979, -0.00152402871754, 0.000586539332289, -0.00179508223664, 0.00456479238346, -0.00083119753981, -0.00115401798394, -0.000756215595175, 0.00201719184406, -0.00334595469758, 0.00355641590431, -0.0035254873801, 0.000549657386728], [-0.000172571555595, 0.00106734898873, -0.0010023128707, -0.000208122088225, -0.00083119753981, 0.00795792788267, -0.00380667252466, -0.0003337363014, 0.000171635663719, 0.00122933962848, -0.0017456614878, 0.00214132131077, -0.000321438303217], [0.000222316841246, -0.00139755266719, 0.000506867421791, -2.78052302747e-05, -0.00115401798394, -0.00380667252466, 0.0100563792512, -0.0030932854861, 0.00183657486923, -0.00252246181481, 0.000694225193001, 9.03554682736e-05, 0.00149149796925], [-0.000278108549537, 0.00142315332778, -0.000618928228505, 0.000736331858207, -0.000756215595175, -0.0003337363014, -0.0030932854861, 0.0150718316436, -0.00767295109108, -0.000131873035571, 0.000450306484709, 0.000741656054743, 5.89037445025e-05], [0.000314284261549, -0.00221863528714, 0.00201540160924, -0.00292490795255, 0.00201719184406, 0.000171635663719, 0.00183657486923, -0.00767295109108, 0.0156632810831, -0.00465743336827, 0.00134165235795, -0.0020897204522, 0.000915299868211], [-0.000251097750152, 0.00315039791167, -0.00237623555586, 0.00406914157793, -0.00334595469758, 0.00122933962848, -0.00252246181481, -0.000131873035571, -0.00465743336827, 0.0172110740095, -0.00754869682714, 0.00239210948348, -0.000144024641486], [0.000275690166745, -0.00312753231265, 0.00273334188387, -0.00253450847231, 0.00355641590431, -0.0017456614878, 0.000694225193001, 0.000450306484709, 0.00134165235795, -0.00754869682714, 0.0180410258472, -0.00522970035672, 0.00138125801459], [-0.000191724990145, 0.00265819346532, -0.00278516346589, 0.00298092607409, -0.0035254873801, 0.00214132131077, 9.03554682736e-05, 0.000741656054743, -0.0020897204522, 0.00239210948348, -0.00522970035672, 0.0180305372924, -0.00651302561164], [0.000238762353547, -0.0013606257271, 0.00201218738221, -0.00191750063095, 0.000549657386728, -0.000321438303217, 0.00149149796925, 5.89037445025e-05, 0.000915299868211, -0.000144024641486, 0.00138125801459, -0.00651302561164, 0.0172978583723]], "mean": [-42.9588699341, 98.2618789673, -133.540405273, 18.6544475555, -63.0717926025, 0.560849785805, -33.399433136, 4.51081371307, -13.1345062256, 2.89458322525, -11.2440652847, -2.33677911758, -12.1846523285]}, "melbands_spread": {"min": 0.727336347103, "max": 246.369247437, "dvar2": 164.752441406, "median": 19.7570018768, "dmean2": 8.9288225174, "dmean": 5.86394691467, "var": 414.973449707, "dvar": 80.9628219604, "mean": 25.1423282623}, "spectral_energy": {"min": 4.66044580705e-09, "max": 0.179354473948, "dvar2": 0.000250957440585, "median": 0.0129881314933, "dmean2": 0.00868169777095, "dmean": 0.0058347126469, "var": 0.000369313376723, "dvar": 0.000112757137686, "mean": 0.0194849893451}, "mfcc": {"cov": [[10635.6904297, -946.863037109, -470.404449463, -162.714828491, -375.390777588, -130.713012695, -259.42086792, -0.260006159544, -121.26651001, 118.227287292, -77.0289535522, -62.8518753052, -71.9176559448], [-946.863037109, 1721.17993164, -176.115921021, -3.98066830635, 59.168712616, 24.7983722687, 113.194519043, 14.8097991943, -23.8450889587, -26.0228271484, 60.2343101501, -23.7567882538, -3.82304620743], [-470.404449463, -176.115921021, 691.813781738, 118.100852966, 96.2364883423, 90.7117843628, 53.9947776794, 21.9455070496, 24.4521522522, -25.8730831146, 3.69524335861, 8.5246515274, -24.8505516052], [-162.714828491, -3.98066830635, 118.100852966, 378.586120605, 180.038024902, 74.2503585815, 24.5312385559, 55.1764564514, 43.0069923401, 1.77912688255, -51.4652824402, 11.734254837, 15.9883985519], [-375.390777588, 59.168712616, 96.2364883423, 180.038024902, 260.71295166, 92.0266189575, 63.3194694519, 36.7648353577, 60.9623451233, -18.1257305145, -21.8746204376, 4.69634103775, 14.9622659683], [-130.713012695, 24.7983722687, 90.7117843628, 74.2503585815, 92.0266189575, 190.375457764, 120.306121826, 40.2991485596, 36.2579116821, 14.4698352814, 1.92144334316, -4.96887493134, -5.21039962769], [-259.42086792, 113.194519043, 53.9947776794, 24.5312385559, 63.3194694519, 120.306121826, 204.172546387, 31.9060840607, 33.0851249695, 21.8299865723, 17.4631271362, 5.97507429123, -2.86628961563], [-0.260006159544, 14.8097991943, 21.9455070496, 55.1764564514, 36.7648353577, 40.2991485596, 31.9060840607, 108.782188416, 36.232170105, 15.0633411407, -3.16601228714, 4.89125490189, 3.75517416], [-121.26651001, -23.8450889587, 24.4521522522, 43.0069923401, 60.9623451233, 36.2579116821, 33.0851249695, 36.232170105, 119.485870361, 21.1413555145, 12.8841600418, 3.51513648033, 3.98203277588], [118.227287292, -26.0228271484, -25.8730831146, 1.77912688255, -18.1257305145, 14.4698352814, 21.8299865723, 15.0633411407, 21.1413555145, 109.332191467, 28.6935634613, 11.4550485611, -3.83979463577], [-77.0289535522, 60.2343101501, 3.69524335861, -51.4652824402, -21.8746204376, 1.92144334316, 17.4631271362, -3.16601228714, 12.8841600418, 28.6935634613, 105.77444458, 29.6954879761, -5.16512727737], [-62.8518753052, -23.7567882538, 8.5246515274, 11.734254837, 4.69634103775, -4.96887493134, 5.97507429123, 4.89125490189, 3.51513648033, 11.4550485611, 29.6954879761, 90.9705352783, 34.8667640686], [-71.9176559448, -3.82304620743, -24.8505516052, 15.9883985519, 14.9622659683, -5.21039962769, -2.86628961563, 3.75517416, 3.98203277588, -3.83979463577, -5.16512727737, 34.8667640686, 79.7776031494]], "icov": [[0.00011123886361, 5.84008448641e-05, 7.74091240601e-05, -1.84768396139e-05, 0.000114536211186, -6.95449343766e-05, 0.000100868819572, -7.21459437045e-05, 7.96039312263e-05, -9.96490052785e-05, 5.55973929295e-05, 3.02688113152e-05, 9.34913841775e-05], [5.84008448641e-05, 0.00071465189103, 0.000273570040008, -9.53847411438e-05, -0.00017760413175, 0.000193625033717, -0.000466146855615, -0.000190669656149, 0.000405576312914, 0.000280514592305, -0.000637314922642, 0.000434573128587, -8.52553421282e-06], [7.74091240601e-05, 0.000273570040008, 0.00180293433368, -0.000439406197984, -0.000142445234815, -0.000566164322663, -0.000124503858387, -4.68851503683e-05, 0.000129964959342, 0.000648111046758, -0.000455958739622, -0.000254824990407, 0.000826594769023], [-1.84768396139e-05, -9.53847411438e-05, -0.000439406197984, 0.00463772844523, -0.00280013796873, -0.00056762812892, 0.00092005339684, -0.00112781208009, 5.79371153435e-05, -0.00105956802145, 0.00213831779547, -0.00106121145654, 3.50319714926e-05], [0.000114536211186, -0.00017760413175, -0.000142445234815, -0.00280013796873, 0.00749835185707, -0.00179307570215, -0.000534587423317, 0.000366020598449, -0.00244493922219, 0.00175246817525, 0.000300199142657, -1.15313632705e-05, -0.000717445625924], [-6.95449343766e-05, 0.000193625033717, -0.000566164322663, -0.00056762812892, -0.00179307570215, 0.0101372851059, -0.00515100639313, -0.0012817280367, 2.51354431384e-05, -0.000471007631859, -0.00040009143413, 0.00132129166741, 0.000130324391648], [0.000100868819572, -0.000466146855615, -0.000124503858387, 0.00092005339684, -0.000534587423317, -0.00515100639313, 0.00872209854424, -0.000493959407322, -0.000504754891153, -0.00113028718624, -4.49712060799e-05, -0.000900390383322, 0.000307280191919], [-7.21459437045e-05, -0.000190669656149, -4.68851503683e-05, -0.00112781208009, 0.000366020598449, -0.0012817280367, -0.000493959407322, 0.011366603896, -0.00271688611247, -0.000809607969131, 0.000736885587685, -0.000586992944591, -0.000166992816958], [7.96039312263e-05, 0.000405576312914, 0.000129964959342, 5.79371153435e-05, -0.00244493922219, 2.51354431384e-05, -0.000504754891153, -0.00271688611247, 0.0111748836935, -0.00168990704697, -0.00187459180597, 0.00104267522693, -0.000526182993781], [-9.96490052785e-05, 0.000280514592305, 0.000648111046758, -0.00105956802145, 0.00175246817525, -0.000471007631859, -0.00113028718624, -0.000809607969131, -0.00168990704697, 0.0113588199019, -0.00291352695785, -0.000591438321862, 0.000676827447023], [5.55973929295e-05, -0.000637314922642, -0.000455958739622, 0.00213831779547, 0.000300199142657, -0.00040009143413, -4.49712060799e-05, 0.000736885587685, -0.00187459180597, -0.00291352695785, 0.0136823896319, -0.00543804233894, 0.00254615419544], [3.02688113152e-05, 0.000434573128587, -0.000254824990407, -0.00106121145654, -1.15313632705e-05, 0.00132129166741, -0.000900390383322, -0.000586992944591, 0.00104267522693, -0.000591438321862, -0.00543804233894, 0.0160058438778, -0.00716278562322], [9.34913841775e-05, -8.52553421282e-06, 0.000826594769023, 3.50319714926e-05, -0.000717445625924, 0.000130324391648, 0.000307280191919, -0.000166992816958, -0.000526182993781, 0.000676827447023, 0.00254615419544, -0.00716278562322, 0.0163853298873]], "mean": [-680.966308594, 129.797149658, -13.7737598419, 17.013092041, -7.9206662178, -0.95583999157, -10.3213949203, 0.855881631374, -4.2170882225, 7.91229486465, -0.402537614107, 2.44478058815, 1.47887778282]}, "spectral_contrast_valleys": {"min": [-14.3751478195, -15.2832288742, -14.2657060623, -14.4702854156, -14.3499097824, -16.8713474274], "max": [-4.93498897552, -4.28366470337, -4.73869276047, -5.6868391037, -5.62252569199, -7.96291923523], "dvar2": [0.351272940636, 0.220608055592, 0.181527286768, 0.182770445943, 0.221118941903, 0.452867627144], "median": [-7.75118350983, -6.81489849091, -7.58381223679, -8.11135673523, -8.1092414856, -10.9029045105], "dmean2": [0.669578611851, 0.522848308086, 0.47772693634, 0.423903048038, 0.380604565144, 0.432657122612], "dmean": [0.409404277802, 0.330681830645, 0.307722270489, 0.283022552729, 0.267973393202, 0.338523566723], "var": [1.58240139484, 1.238971591, 1.20462346077, 1.09533917904, 1.243268013, 1.85615682602], "dvar": [0.165914997458, 0.106205157936, 0.0986380875111, 0.104015238583, 0.129554346204, 0.259752511978], "mean": [-8.09019374847, -7.01197862625, -7.73067760468, -8.19890880585, -8.19165039062, -10.9980373383]}, "barkbands_flatness_db": {"min": 0.014711366035, "max": 0.391283333302, "dvar2": 0.000985526130535, "median": 0.127515882254, "dmean2": 0.0269354954362, "dmean": 0.0182938333601, "var": 0.00322003732435, "dvar": 0.000454043358332, "mean": 0.132526636124}, "dynamic_complexity": 5.10156488419, "erbbands_flatness_db": {"min": 0.0382976345718, "max": 0.332638531923, "dvar2": 0.000749858445488, "median": 0.182924717665, "dmean2": 0.0243905521929, "dmean": 0.0175612904131, "va