{"lowlevel": {"spectral_complexity": {"min": 0, "max": 57, "dvar2": 33.4468154907, "median": 10, "dmean2": 3.9710085392, "dmean": 2.53117823601, "var": 72.1800079346, "dvar": 14.7060947418, "mean": 11.5520801544}, "silence_rate_20dB": {"min": 1, "max": 1, "dvar2": 0, "median": 1, "dmean2": 0, "dmean": 0, "var": 0, "dvar": 0, "mean": 1}, "average_loudness": 0.924286603928, "erbbands_spread": {"min": 0.435663431883, "max": 210.529891968, "dvar2": 412.191619873, "median": 33.5772476196, "dmean2": 14.1649827957, "dmean": 9.56816673279, "var": 846.499084473, "dvar": 191.329421997, "mean": 40.5180931091}, "spectral_kurtosis": {"min": -1.46748483181, "max": 142.046936035, "dvar2": 118.480705261, "median": 4.48728752136, "dmean2": 5.49948501587, "dmean": 3.37529611588, "var": 195.296340942, "dvar": 46.7970962524, "mean": 9.49455356598}, "barkbands_kurtosis": {"min": -1.94740462303, "max": 1219.91162109, "dvar2": 4027.23291016, "median": 9.18737602234, "dmean2": 21.3249988556, "dmean": 13.1523742676, "var": 4118.91699219, "dvar": 1508.82714844, "mean": 26.6231937408}, "spectral_strongpeak": {"min": 0, "max": 6.29945707321, "dvar2": 0.765606284142, "median": 0.499008327723, "dmean2": 0.584243655205, "dmean": 0.346788048744, "var": 0.544893205166, "dvar": 0.304089456797, "mean": 0.73671656847}, "spectral_spread": {"min": 720280.4375, "max": 39904480, "dvar2": 1803295522820.0, "median": 4424463, "dmean2": 890048.0625, "dmean": 627196.5, "var": 5730942320640.0, "dvar": 1030528237570.0, "mean": 4689723.5}, "spectral_rms": {"min": 3.34030416174e-12, "max": 0.0164560358971, "dvar2": 4.49883964393e-06, "median": 0.00575550366193, "dmean2": 0.00166089821141, "dmean": 0.00104212597944, "var": 7.01006638337e-06, "dvar": 2.17057254304e-06, "mean": 0.00560794444755}, "erbbands": {"min": [3.83144869661e-22, 1.31222238028e-21, 2.23415505778e-20, 7.53109496756e-20, 1.68228567936e-19, 2.16724370717e-19, 4.01555681394e-19, 2.96340272031e-19, 6.02403173283e-19, 1.25726820897e-18, 2.30849110402e-18, 1.87014721112e-18, 7.52779593863e-19, 1.31702373642e-18, 1.68810988391e-18, 6.46563037465e-18, 6.87632803033e-18, 6.72371610244e-18, 6.94828240386e-18, 9.28540677837e-18, 7.45652119737e-18, 1.23675950645e-17, 1.53872369158e-17, 1.47019459024e-17, 2.376608683e-17, 1.82727886538e-17, 1.72250254417e-17, 1.25814121538e-17, 1.45241483928e-17, 2.36826838632e-17, 2.22132785687e-17, 2.59632357013e-17, 2.15575046683e-17, 1.20097699664e-17, 1.01515203008e-17, 6.0808085829e-18, 3.03608971737e-18, 1.18860260215e-18, 2.69465716767e-19, 3.46645674574e-20], "max": [9.74881458282, 57.1439704895, 130.557510376, 141.543289185, 466.673095703, 529.504516602, 348.472595215, 580.788452148, 527.363586426, 986.00592041, 1565.78894043, 790.15826416, 1393.03283691, 820.248474121, 631.97076416, 951.72454834, 628.061035156, 359.803344727, 979.05682373, 508.091278076, 519.773071289, 321.275939941, 437.705688477, 232.986663818, 275.659790039, 383.240020752, 238.15411377, 343.96383667, 272.800323486, 317.481536865, 287.802185059, 271.340057373, 232.965576172, 134.258605957, 87.5130310059, 33.475189209, 11.3627672195, 2.1401848793, 0.171411320567, 0.00658878032118], "dvar2": [2.36822414398, 47.7749290466, 358.856414795, 522.468322754, 3183.59155273, 2686.31640625, 1138.00085449, 969.806335449, 818.744262695, 3929.79589844, 7107.39306641, 1377.21606445, 3668.18310547, 1634.43481445, 769.285644531, 924.636047363, 661.777770996, 485.198150635, 633.939147949, 341.376373291, 646.402099609, 323.781463623, 286.47543335, 255.814346313, 311.207702637, 396.038238525, 192.921508789, 285.620758057, 153.385910034, 176.255325317, 132.66519165, 108.009185791, 59.6123352051, 29.1880435944, 14.0528144836, 3.36984729767, 0.368098437786, 0.00832365173846, 6.67851491016e-05, 8.09645825939e-08], "median": [0.125571146607, 1.26930499077, 2.596398592, 4.59064817429, 7.16434335709, 9.66919136047, 11.7107963562, 6.4876537323, 4.10769844055, 5.96541595459, 6.23038911819, 6.90404415131, 4.06187391281, 2.45426225662, 1.61156404018, 1.9119477272, 1.57194423676, 1.31803977489, 1.57600164413, 1.64402925968, 1.87505853176, 1.51825129986, 1.8064892292, 2.12759613991, 2.45182037354, 2.75345039368, 1.971093297, 1.02505815029, 0.475220501423, 0.370289832354, 0.387722909451, 0.456392645836, 0.203752696514, 0.098682127893, 0.0354781858623, 0.0186502877623, 0.00791735667735, 0.00130731984973, 0.000119181087939, 4.70426057291e-05], "dmean2": [0.504721522331, 2.70094776154, 7.02043581009, 11.4092750549, 20.5705051422, 22.1182231903, 19.2632236481, 13.454208374, 11.0087165833, 21.028717041, 28.0059280396, 14.7116355896, 18.2974262238, 12.0142526627, 8.09614467621, 7.99165868759, 7.67826080322, 6.20093011856, 7.10510969162, 7.0687122345, 8.43008136749, 6.54309034348, 6.16637277603, 7.29956531525, 7.63369560242, 8.28805160522, 5.71591997147, 4.88208913803, 3.61925983429, 3.44251990318, 2.77290153503, 2.66310381889, 1.6992880106, 1.20605516434, 0.785016894341, 0.401790648699, 0.136540457606, 0.0230244919658, 0.0020623228047, 8.78572027432e-05], "dmean": [0.292710244656, 1.77596962452, 4.18802404404, 6.69536161423, 11.8212432861, 12.9441213608, 12.0297727585, 8.50379753113, 6.99956560135, 13.7096719742, 19.2204303741, 10.1791658401, 11.9338703156, 8.24487304688, 5.20946407318, 5.03640031815, 4.84673213959, 3.94661879539, 4.6499671936, 4.5467042923, 5.45001459122, 4.17224836349, 3.93721032143, 4.56699895859, 4.7442483902, 5.22874546051, 3.59398388863, 3.01543855667, 2.31411647797, 2.3336493969, 1.94565308094, 1.88568377495, 1.22092521191, 0.89376616478, 0.542448163033, 0.267556726933, 0.0897491946816, 0.0152735542506, 0.0013687517494, 5.91701027588e-05], "var": [0.77341401577, 30.0414905548, 136.739105225, 217.244842529, 1361.5357666, 1074.76257324, 934.808898926, 1050.72900391, 1010.09686279, 4458.40527344, 9303.33203125, 2381.74462891, 3394.9465332, 2592.56958008, 780.128295898, 715.324401855, 531.474243164, 289.715606689, 786.19342041, 348.084777832, 657.98046875, 324.639038086, 370.442810059, 280.541168213, 377.071014404, 479.287353516, 183.343048096, 224.744476318, 113.655952454, 161.582092285, 159.133087158, 155.570510864, 90.7083206177, 45.3031654358, 14.7338275909, 2.6334733963, 0.224661961198, 0.00595750613138, 4.5419739763e-05, 5.03010362252e-08], "dvar": [0.833902239799, 21.0679454803, 134.797943115, 184.129135132, 1122.84838867, 942.587585449, 452.354125977, 428.530883789, 354.878326416, 1686.54309082, 3103.07739258, 640.627319336, 1482.26281738, 810.583862305, 325.095336914, 364.282989502, 286.234710693, 189.081192017, 290.872039795, 156.806594849, 269.288085938, 136.187988281, 123.055931091, 104.106651306, 122.308105469, 159.022277832, 76.0820083618, 105.287574768, 66.1235656738, 81.0922088623, 68.6556625366, 57.9277572632, 32.4023017883, 17.321105957, 7.28300714493, 1.55018901825, 0.156004816294, 0.00375810125843, 3.03559936583e-05, 3.59587737364e-08], "mean": [0.384106069803, 3.02793955803, 6.38003587723, 10.1131248474, 18.9177474976, 20.1459236145, 22.6539001465, 16.8937473297, 14.8502025604, 28.1940288544, 43.0030059814, 23.068189621, 22.5822124481, 16.7167377472, 8.85375404358, 8.54722595215, 7.75929164886, 5.99243450165, 8.07806491852, 7.59054803848, 10.2708711624, 7.62478923798, 8.01649665833, 8.77234077454, 9.803565979, 11.1825828552, 7.20463037491, 5.39184570312, 3.78894305229, 3.72663736343, 3.34221029282, 3.4421942234, 2.10651659966, 1.38362777233, 0.761080563068, 0.346752524376, 0.113344341516, 0.0193801671267, 0.00167376094032, 0.000100360615761]}, "zerocrossingrate": {"min": 0.001953125, "max": 0.4833984375, "dvar2": 0.000260161643382, "median": 0.02783203125, "dmean2": 0.00972814671695, "dmean": 0.00841009709984, "var": 0.00316763506271, "dvar": 0.000249050935963, "mean": 0.0446091331542}, "spectral_contrast_coeffs": {"min": [-0.956736922264, -0.959063053131, -0.977277874947, -0.96768540144, -0.952327251434, -0.962525486946], "max": [-0.230885818601, -0.354865670204, -0.445295810699, -0.529820740223, -0.544437468052, -0.608290970325], "dvar2": [0.00552355451509, 0.00379105517641, 0.00254987878725, 0.00158553791698, 0.000855374964885, 0.000814542814624], "median": [-0.638104438782, -0.697811126709, -0.749499022961, -0.789715409279, -0.797044634819, -0.783513247967], "dmean2": [0.0817940011621, 0.0714160427451, 0.0578687638044, 0.046048913151, 0.0337747000158, 0.0287671592087], "dmean": [0.0502568483353, 0.0442236848176, 0.0373896360397, 0.0294423531741, 0.0216686259955, 0.018048202619], "var": [0.0132726300508, 0.00886934436858, 0.00870798435062, 0.00493426062167, 0.00383967673406, 0.00255673774518], "dvar": [0.00217548198998, 0.0015832450008, 0.0011761081405, 0.000727652630303, 0.00039797151112, 0.000351429160219], "mean": [-0.621490180492, -0.695678055286, -0.74685305357, -0.785303115845, -0.792964041233, -0.781977951527]}, "dissonance": {"min": 0.249032378197, "max": 0.500000119209, "dvar2": 0.00118496152572, "median": 0.454282432795, "dmean2": 0.035156916827, "dmean": 0.0214034114033, "var": 0.00163767708, "dvar": 0.000476017798064, "mean": 0.445076674223}, "spectral_energyband_high": {"min": 8.02162114874e-21, "max": 0.0335303582251, "dvar2": 2.50989251072e-06, "median": 0.0001694849052, "dmean2": 0.000558166007977, "dmean": 0.000399774929974, "var": 4.50595598522e-06, "dvar": 1.43656825458e-06, "mean": 0.000828406424262}, "spectral_skewness": {"min": -0.241466701031, "max": 10.0937862396, "dvar2": 0.621163129807, "median": 1.68296217918, "dmean2": 0.546810209751, "dmean": 0.351615786552, "var": 1.8376635313, "dvar": 0.264641553164, "mean": 2.08763217926}, "spectral_flux": {"min": 1.06941913658e-10, "max": 0.444500416517, "dvar2": 0.0040982705541, "median": 0.0675051808357, "dmean2": 0.0502098798752, "dmean": 0.0322885774076, "var": 0.00490290764719, "dvar": 0.00199386267923, "mean": 0.0842807739973}, "silence_rate_30dB": {"min": 0, "max": 1, "dvar2": 0.0819672197104, "median": 1, "dmean2": 0.0817603468895, "dmean": 0.0408759117126, "var": 0.0440579615533, "dvar": 0.0392099358141, "mean": 0.953810870647}, "spectral_energyband_middle_high": {"min": 1.90560158419e-21, "max": 0.0294381361455, "dvar2": 5.81791482546e-06, "median": 0.000837009109091, "dmean2": 0.00121719855815, "dmean": 0.000807851669379, "var": 1.04459231807e-05, "dvar": 2.65649782705e-06, "mean": 0.00216704839841}, "barkbands_spread": {"min": 0.053475998342, "max": 134.472396851, "dvar2": 136.438598633, "median": 8.75092887878, "dmean2": 6.6659693718, "dmean": 4.35930395126, "var": 317.802825928, "dvar": 67.0877761841, "mean": 13.8511180878}, "spectral_centroid": {"min": 82.2380981445, "max": 11046.9511719, "dvar2": 164830.234375, "median": 662.560913086, "dmean2": 279.237701416, "dmean": 182.896728516, "var": 767229.5625, "dvar": 84485.3828125, "mean": 922.527038574}, "pitch_salience": {"min": 0.0679870247841, "max": 0.856825888157, "dvar2": 0.0143134333193, "median": 0.486789613962, "dmean2": 0.121296353638, "dmean": 0.0743063986301, "var": 0.0212838165462, "dvar": 0.00567289441824, "mean": 0.468639284372}, "erbbands_skewness": {"min": -3.94089508057, "max": 13.4374599457, "dvar2": 0.653539001942, "median": 0.9441447258, "dmean2": 0.672227740288, "dmean": 0.448727399111, "var": 3.63776516914, "dvar": 0.289975494146, "mean": 1.23895287514}, "erbbands_crest": {"min": 2.21115732193, "max": 29.8875713348, "dvar2": 17.652015686, "median": 10.4150285721, "dmean2": 4.16796255112, "dmean": 2.64501714706, "var": 29.4049472809, "dvar": 7.19868993759, "mean": 11.6614360809}, "melbands": {"min": [4.82210594852e-24, 8.19903686247e-24, 1.47088416924e-23, 1.5440759462e-23, 1.2166954362e-23, 6.69332621976e-24, 1.13907483635e-23, 1.33851252048e-23, 2.04743878126e-23, 9.81891697741e-24, 3.47773826574e-24, 5.10728468778e-24, 4.83729388752e-24, 9.34737616017e-24, 2.07380393267e-23, 1.46306292891e-23, 1.15716262804e-23, 9.54787699215e-24, 1.53311551278e-23, 1.08481698329e-23, 8.10456761362e-24, 1.22919477948e-23, 1.39677021388e-23, 1.66068426081e-23, 1.15402043729e-23, 1.01724244817e-23, 2.26778230491e-23, 9.90995389245e-24, 1.06498186468e-23, 8.36239338986e-24, 7.50321657899e-24, 6.61890508196e-24, 1.43064295451e-23, 1.25198765315e-23, 1.30935290821e-23, 1.2772562879e-23, 1.62832802637e-23, 1.95044454643e-23, 7.31883690847e-24, 1.13522322298e-23], "max": [0.0736029222608, 0.0578168444335, 0.0260633900762, 0.0312839001417, 0.0128878587857, 0.0112358871847, 0.00703043583781, 0.0105720786378, 0.0109708672389, 0.00455897860229, 0.00690332613885, 0.00356766092591, 0.00220346776769, 0.00216009677388, 0.00221592374146, 0.000931279500946, 0.000846800161526, 0.00141954177525, 0.000661616155412, 0.000477943132864, 0.000625254237093, 0.000444094155682, 0.000515272375196, 0.000294996949378, 0.000230573728913, 0.000200566486456, 0.000366647553165, 0.000283161294647, 0.000158875613124, 0.000179915921763, 0.000177152236574, 0.000153793705977, 0.000148613064084, 0.000182280564331, 0.000170960105606, 0.000173097258084, 0.000196341134142, 0.000212110942812, 9.55071518547e-05, 0.000134199057356], "dvar2": [0.0001275606337, 5.49646683794e-05, 1.72580039361e-05, 1.76887624548e-05, 1.61274306265e-06, 4.29255635481e-07, 1.93802137005e-07, 4.97196253946e-07, 4.4146938194e-07, 5.43335296754e-08, 9.08700954483e-08, 3.13376737893e-08, 8.94996166068e-09, 6.78864431336e-09, 6.84567158515e-09, 2.19024731685e-09, 2.02787053816e-09, 1.68596947514e-09, 7.97115262685e-10, 9.35949762138e-10, 1.0152904073e-09, 4.39865310842e-10, 4.69752403642e-10, 2.29839119958e-10, 2.28629226662e-10, 1.48012088697e-10, 3.33457039758e-10, 2.20512538784e-10, 1.05235396786e-10, 8.95426441327e-11, 9.53714815455e-11, 5.63195046155e-11, 5.60662558047e-11, 5.8782770318e-11, 4.7659924618e-11, 5.00158074679e-11, 5.5804236232e-11, 4.60549688663e-11, 2.1194979799e-11, 2.81103057498e-11], "median": [0.00144446850754, 0.00175558356568, 0.000941285688896, 0.000668574823067, 0.000452258478617, 0.000147928847582, 6.15446333541e-05, 6.51009686408e-05, 4.87940342282e-05, 3.3314787288e-05, 1.57854101417e-05, 8.72217879078e-06, 4.42392456534e-06, 3.96359928345e-06, 4.35535002907e-06, 2.57438568951e-06, 1.94439553525e-06, 2.34687490774e-06, 1.83934332654e-06, 1.91636854652e-06, 2.02919409276e-06, 1.43917088735e-06, 1.34337028612e-06, 1.6510897467e-06, 1.4900477936e-06, 1.40161751006e-06, 1.8905992647e-06, 1.62442256624e-06, 1.31726028485e-06, 6.75306637277e-07, 4.96053132792e-07, 2.48110865186e-07, 1.93822756955e-07, 1.94620255911e-07, 2.01036939984e-07, 2.45804613996e-07, 2.72591790917e-07, 1.29026943796e-07, 9.48003844314e-08, 6.88269778948e-08], "dmean2": [0.00393779482692, 0.00315511762165, 0.00220175413415, 0.00155198352877, 0.000729831459466, 0.000302306638332, 0.000173721942701, 0.000241699031903, 0.000216641637962, 8.9523200586e-05, 9.23731859075e-05, 5.10270001541e-05, 2.75057318504e-05, 2.35566603806e-05, 2.02615319722e-05, 1.49406350829e-05, 1.18537509479e-05, 1.15641396405e-05, 1.01963705674e-05, 1.03964002847e-05, 1.04822374851e-05, 7.31492491468e-06, 6.72270562063e-06, 6.25023903922e-06, 6.53384677207e-06, 5.3271987781e-06, 6.94414939062e-06, 5.80389678362e-06, 4.30054114986e-06, 3.03848059957e-06, 2.95182780974e-06, 2.19180765271e-06, 2.09229415304e-06, 1.97762415155e-06, 1.65790959272e-06, 1.76721994194e-06, 1.73936905412e-06, 1.35317782224e-06, 1.02752210296e-06, 1.12694829113e-06], "dmean": [0.00240555335768, 0.00199344102293, 0.00129084463697, 0.000895485049114, 0.000452417269116, 0.000191385450307, 0.000110632972792, 0.000158484632266, 0.000148850609548, 6.09992675891e-05, 6.03447879257e-05, 3.5266384657e-05, 1.79600301635e-05, 1.48261196955e-05, 1.25830247271e-05, 9.28810004552e-06, 7.5743519119e-06, 7.49770561015e-06, 6.52790049571e-06, 6.61601688989e-06, 6.73845579513e-06, 4.62333537143e-06, 4.24563222623e-06, 3.97019675802e-06, 4.04392994824e-06, 3.30007378579e-06, 4.28059593105e-06, 3.63131857739e-06, 2.69105066764e-06, 1.84904627076e-06, 1.79979804216e-06, 1.36464996103e-06, 1.36643973292e-06, 1.33196590468e-06, 1.1363018757e-06, 1.20877371046e-06, 1.20375864299e-06, 9.39038784509e-07, 7.27260839994e-07, 8.12177688658e-07], "var": [5.56616396352e-05, 3.56451455445e-05, 8.81911910255e-06, 6.06410912951e-06, 1.27591431465e-06, 4.81938627672e-07, 2.38768279814e-07, 5.51626612832e-07, 5.4184607734e-07, 7.73939987653e-08, 8.57643769336e-08, 5.10911526419e-08, 1.05532587114e-08, 5.15915710153e-09, 4.34248947911e-09, 1.34667366147e-09, 1.19651566433e-09, 1.90613258511e-09, 7.03824554193e-10, 8.21403056683e-10, 1.01894304105e-09, 3.79278025653e-10, 5.22584919782e-10, 2.63812860446e-10, 2.17075760145e-10, 1.42718933893e-10, 3.70573932651e-10, 2.334021032e-10, 1.00547278836e-10, 6.4987126791e-11, 7.22126594632e-11, 3.42132433495e-11, 4.74913615378e-11, 5.27109779436e-11, 5.01659339069e-11, 6.02039459952e-11, 6.38594802038e-11, 5.51418043171e-11, 2.67547650701e-11, 3.77908260241e-11], "dvar": [4.92190119985e-05, 2.45559094765e-05, 6.29757050774e-06, 6.1209912019e-06, 6.27060671832e-07, 1.87310249089e-07, 8.25834121088e-08, 2.11300118735e-07, 1.91927895798e-07, 2.41502462472e-08, 3.7022640953e-08, 1.57270356738e-08, 4.02654976028e-09, 2.71745936864e-09, 2.61774313337e-09, 9.10557851341e-10, 7.98159816018e-10, 7.47926109934e-10, 3.50292073126e-10, 3.92341270583e-10, 4.27780560974e-10, 1.82776155322e-10, 2.04618030852e-10, 9.62589452591e-11, 9.16474396373e-11, 5.98905369742e-11, 1.26602173189e-10, 8.79991288172e-11, 4.17040499356e-11, 3.28500109059e-11, 3.55359665305e-11, 2.3162123261e-11, 2.58177333678e-11, 2.64767756331e-11, 2.37353366128e-11, 2.56070598753e-11, 2.71807125418e-11, 2.23210581962e-11, 1.12383019557e-11, 1.58983954474e-11], "mean": [0.00362875987776, 0.00365947629325, 0.00210427283309, 0.00139854906593, 0.000846013252158, 0.000378428667318, 0.000234267296037, 0.000331372430082, 0.000330887269229, 0.000126694547362, 0.000111131608719, 7.03817204339e-05, 2.90060779662e-05, 2.2750466087e-05, 2.08709843719e-05, 1.31973392854e-05, 1.08962749437e-05, 1.2638559383e-05, 9.83900645224e-06, 1.07879341158e-05, 1.21964958453e-05, 7.77230889071e-06, 7.3397873166e-06, 7.49519540477e-06, 7.0822534326e-06, 5.98938140683e-06, 8.59183182911e-06, 7.15457235856e-06, 5.10243989993e-06, 3.207685495e-06, 2.99799194181e-06, 2.06934964808e-06, 2.09199242818e-06, 2.05822379939e-06, 1.84483690191e-06, 2.0746856535e-06, 2.10847611015e-06, 1.55264342538e-06, 1.13636713195e-06, 1.19576827728e-06]}, "spectral_entropy": {"min": 3.01363396645, "max": 9.79737854004, "dvar2": 0.198637709022, "median": 7.10142469406, "dmean2": 0.351541668177, "dmean": 0.234509110451, "var": 0.924155890942, "dvar": 0.0943423956633, "mean": 6.91209220886}, "spectral_rolloff": {"min": 64.599609375, "max": 18841.5527344, "dvar2": 2322276.25, "median": 366.064453125, "dmean2": 538.851989746, "dmean": 319.237579346, "var": 4517295.5, "dvar": 1117930.875, "mean": 1043.9552002}, "barkbands": {"min": [5.75098027697e-23, 5.43813334586e-24, 2.60210849851e-23, 2.86497651588e-23, 6.94358902872e-23, 4.44952607523e-23, 7.14717951332e-23, 7.48678981282e-23, 7.71612051321e-23, 3.04195241126e-23, 4.03944493781e-23, 1.41627189675e-22, 1.34626724406e-22, 1.17537081569e-22, 1.80471003571e-22, 1.33657839131e-22, 2.55928868682e-22, 2.82363812186e-22, 2.99346535971e-22, 4.50389897577e-22, 3.45538065395e-22, 5.62443790009e-22, 7.80637162813e-22, 1.29567422419e-21, 1.37764335984e-21, 1.48817355166e-21, 2.21024578184e-21], "max": [0.0164130404592, 0.263697266579, 0.120874032378, 0.0654265284538, 0.125187188387, 0.0459571927786, 0.0392104387283, 0.0588584803045, 0.0249083768576, 0.0345012806356, 0.0166699197143, 0.0191221050918, 0.0141336554661, 0.00977563299239, 0.0162730328739, 0.00758093222976, 0.0077683958225, 0.0082784909755, 0.00442911218852, 0.00722398236394, 0.00673139095306, 0.00728875398636, 0.0103374542668, 0.0146303074434, 0.0098668159917, 0.00604818109423, 0.00092357757967], "dvar2": [2.14468718696e-06, 0.00129598029889, 0.000365681655239, 7.34976347303e-05, 0.000280164735159, 1.13828091344e-05, 6.01338251727e-06, 1.45476733451e-05, 3.2256753002e-06, 3.05709454551e-06, 4.61458427026e-07, 5.29234853275e-07, 3.44868425373e-07, 1.8017587422e-07, 2.10123474176e-07, 2.02879178346e-07, 1.61283310263e-07, 8.13481619844e-08, 9.43279587773e-08, 1.9774816451e-07, 1.35931429668e-07, 1.18703525231e-07, 1.5164160061e-07, 2.18337717683e-07, 2.05016689847e-07, 1.2185704179e-07, 2.12408046707e-09], "median": [6.77775824443e-05, 0.00554018188268, 0.0018739385996, 0.00136024854146, 0.0032311801333, 0.000972346286289, 0.000274647318292, 0.000209739751881, 0.000214193205466, 7.51360566937e-05, 2.42920468736e-05, 3.89797096432e-05, 2.52992558671e-05, 2.22216440307e-05, 2.95859026664e-05, 2.8488386306e-05, 2.66094048129e-05, 3.38798490702e-05, 4.04789388995e-05, 5.97382313572e-05, 3.37077799486e-05, 1.24061198221e-05, 1.34752108352e-05, 1.78709760803e-05, 7.00066129866e-06, 4.51083133157e-06, 5.30805891685e-07], "dmean2": [0.000561975059099, 0.0132497996092, 0.00686834473163, 0.00441577658057, 0.00670882500708, 0.00176572345663, 0.00091894401703, 0.00135923188645, 0.000676168943755, 0.000561109976843, 0.000199196365429, 0.000198719630134, 0.000169880018802, 0.000118800991913, 0.000149739251356, 0.000153382876306, 0.000139575044159, 0.000120252501802, 0.000144706093124, 0.000186095756362, 0.000127710402012, 0.000102804217022, 9.95791269816e-05, 0.000111587600259, 0.00010379016021, 7.78037938289e-05, 1.18482548714e-05], "dmean": [0.000386339233955, 0.00835845712572, 0.00393398292363, 0.00264451419935, 0.00391793251038, 0.00111806415953, 0.000591579650063, 0.000911639654078, 0.000451913132565, 0.000379168253858, 0.000128611005493, 0.000124980069813, 0.000106353880255, 7.62988129281e-05, 9.80662371148e-05, 9.79882970569e-05, 8.79826257005e-05, 7.61150586186e-05, 9.00052546058e-05, 0.000117326875625, 7.87830940681e-05, 6.7188491812e-05, 6.90581437084e-05, 8.02412469056e-05, 7.56513982196e-05, 5.16941654496e-05, 7.84903113527e-06], "var": [2.1637631562e-06, 0.000669130648021, 0.000107313433546, 4.70186387247e-05, 0.000103692822449, 1.19590331451e-05, 7.45182205719e-06, 1.83959800779e-05, 3.86088140658e-06, 3.70762722923e-06, 5.05418825014e-07, 3.91710926806e-07, 2.43393969868e-07, 1.13834886406e-07, 2.39872775865e-07, 1.87188504697e-07, 1.48990991988e-07, 1.03855711586e-07, 1.02208765895e-07, 2.27604076031e-07, 1.19464502291e-07, 9.80306182896e-08, 1.86398992241e-07, 3.33324692292e-07, 2.99604408838e-07, 8.58002948689e-08, 1.40295897122e-09], "dvar": [1.1452597164e-06, 0.000530019693542, 0.000130678105052, 2.71543067356e-05, 9.64019782259e-05, 4.7598191486e-06, 2.55077588918e-06, 6.28527095614e-06, 1.3629651221e-06, 1.35906248033e-06, 2.08856079098e-07, 2.08682436664e-07, 1.43519912399e-07, 7.13425549748e-08, 9.6686427753e-08, 8.35316456005e-08, 6.73260061035e-08, 3.64513290663e-08, 3.83683378402e-08, 7.71632286956e-08, 5.10805975296e-08, 5.3504919606e-08, 7.82138016575e-08, 1.18165615959e-07, 1.1963807367e-07, 5.40159561524e-08, 9.56882018066e-10], "mean": [0.000623564759735, 0.0135384928435, 0.00512602971867, 0.00431170547381, 0.00641751708463, 0.00220496580005, 0.00120969279669, 0.00194894359447, 0.000890178082045, 0.000744207645766, 0.000196002962184, 0.000194589403691, 0.000154648165335, 0.000113299647637, 0.000156789639732, 0.000169797611306, 0.000147233266034, 0.000147302111145, 0.00016812440299, 0.000244409282459, 0.0001498752099, 0.00010814354755, 0.000118542498967, 0.000145746220369, 0.000114403017506, 6.7153647251e-05, 9.32507282414e-06]}, "melbands_flatness_db": {"min": 0.00583559740335, "max": 0.836404204369, "dvar2": 0.00357917579822, "median": 0.290354371071, "dmean2": 0.0493083111942, "dmean": 0.0325780287385, "var": 0.022591214627, "dvar": 0.00159366824664, "mean": 0.317209273577}, "melbands_skewness": {"min": -1.95186114311, "max": 34.6525535583, "dvar2": 3.61434364319, "median": 3.171251297, "dmean2": 1.53329873085, "dmean": 1.01962161064, "var": 8.74344158173, "dvar": 1.68165934086, "mean": 3.81030321121}, "barkbands_skewness": {"min": -3.80102467537, "max": 25.2247219086, "dvar2": 3.54699444771, "median": 2.45713424683, "dmean2": 1.34391033649, "dmean": 0.879777014256, "var": 6.6739449501, "dvar": 1.54210317135, "mean": 2.93641972542}, "silence_rate_60dB": {"min": 0, "max": 1, "dvar2": 0.0167026687413, "median": 0, "dmean2": 0.0137657737359, "dmean": 0.00688216881827, "var": 0.071898393333, "dvar": 0.00683392398059, "mean": 0.0779897794127}, "spectral_energyband_low": {"min": 6.56136572531e-23, "max": 0.272895604372, "dvar2": 0.00126834050752, "median": 0.0130331013352, "dmean2": 0.017114719376, "dmean": 0.0109054306522, "var": 0.00103540660348, "dvar": 0.000627829926088, "mean": 0.0211216714233}, "spectral_energyband_middle_low": {"min": 3.73394397411e-22, "max": 0.155332133174, "dvar2": 0.000486572971568, "median": 0.0138368690386, "dmean2": 0.0119872586802, "dmean": 0.0071041341871, "var": 0.000295574631309, "dvar": 0.000176400440978, "mean": 0.0172824878246}, "melbands_kurtosis": {"min": -1.88701450825, "max": 1739.33813477, "dvar2": 4120.90576172, "median": 18.4391021729, "dmean2": 30.0865802765, "dmean": 19.1780509949, "var": 6906.53369141, "dvar": 1657.26159668, "mean": 42.5520210266}, "spectral_decrease": {"min": -7.30617770728e-08, "max": -1.26947876914e-28, "dvar2": 1.08287292633e-16, "median": -8.61657856177e-09, "dmean2": 6.38435571076e-09, "dmean": 3.94511001645e-09, "var": 8.65074484333e-17, "dvar": 5.07128088467e-17, "mean": -1.00406865045e-08}, "erbbands_kurtosis": {"min": -1.91292619705, "max": 255.206207275, "dvar2": 140.675491333, "median": 0.855000495911, "dmean2": 4.16925668716, "dmean": 2.64839220047, "var": 813.087158203, "dvar": 61.0070266724, "mean": 8.3059720993}, "melbands_crest": {"min": 1.93788480759, "max": 36.979221344, "dvar2": 27.7273826599, "median": 16.4027042389, "dmean2": 5.2361125946, "dmean": 3.1559305191, "var": 33.325466156, "dvar": 10.3292789459, "mean": 16.8463859558}, "gfcc": {"cov": [[22333.25, -905.322937012, -2670.74316406, -548.292053223, -2446.91699219, -520.427368164, -1212.68713379, 449.688842773, -582.283508301, 47.8970756531, -378.629547119, 129.114059448, -94.2152633667], [-905.322937012, 3158.87207031, 421.485931396, -187.770278931, 753.682312012, -175.375946045, 215.643371582, -261.649353027, 179.219833374, -313.612060547, 71.6886978149, -291.609069824, 187.244232178], [-2670.74316406, 421.485931396, 1913.38977051, 361.374359131, 693.518432617, 281.07019043, 122.604637146, -52.664150238, 40.9091377258, -85.1821212769, -19.4356441498, 60.9729423523, 20.1615314484], [-548.292053223, -187.770278931, 361.374359131, 675.916931152, 181.347747803, 88.9537124634, 140.685119629, 20.9964447021, 68.8868865967, 9.63565444946, 43.8375320435, 21.2449111938, 5.52118444443], [-2446.91699219, 753.682312012, 693.518432617, 181.347747803, 749.705932617, 120.411468506, 215.708679199, -59.5955734253, 130.69821167, -50.733127594, 33.9921302795, -34.0132598877, 48.2475318909], [-520.427368164, -175.375946045, 281.07019043, 88.9537124634, 120.411468506, 271.679595947, 129.8699646, 5.50086212158, 5.61879253387, 51.4776115417, 20.2533245087, 25.2685470581, -6.33198547363], [-1212.68713379, 215.643371582, 122.604637146, 140.685119629, 215.708679199, 129.8699646, 332.668701172, 13.3624267578, 66.9842453003, 35.9597015381, 74.2331848145, -27.4675941467, 8.76861286163], [449.688842773, -261.649353027, -52.664150238, 20.9964447021, -59.5955734253, 5.50086212158, 13.3624267578, 204.375320435, 35.5903205872, 45.8881340027, 9.38890647888, 38.8396492004, -3.36837720871], [-582.283508301, 179.219833374, 40.9091377258, 68.8868865967, 130.69821167, 5.61879253387, 66.9842453003, 35.5903205872, 185.982299805, 28.1604213715, 22.3962478638, -17.466632843, 18.7703304291], [47.8970756531, -313.612060547, -85.1821212769, 9.63565444946, -50.733127594, 51.4776115417, 35.9597015381, 45.8881340027, 28.1604213715, 157.100631714, 42.0311737061, 54.4569206238, -13.0083141327], [-378.629547119, 71.6886978149, -19.4356441498, 43.8375320435, 33.9921302795, 20.2533245087, 74.2331848145, 9.38890647888, 22.3962478638, 42.0311737061, 119.685379028, 25.042131424, 15.2262582779], [129.114059448, -291.609069824, 60.9729423523, 21.2449111938, -34.0132598877, 25.2685470581, -27.4675941467, 38.8396492004, -17.466632843, 54.4569206238, 25.042131424, 131.6144104, 12.2626075745], [-94.2152633667, 187.244232178, 20.1615314484, 5.52118444443, 48.2475318909, -6.33198547363, 8.76861286163, -3.36837720871, 18.7703304291, -13.0083141327, 15.2262582779, 12.2626075745, 91.0673904419]], "icov": [[0.00013594419579, -0.000287642935291, 0.000153760513058, -0.000246502982918, 0.000411387096392, -0.000326950044837, 0.000419715186581, -0.000442474847659, 0.000334270589519, -0.000289475370664, 0.000513442035299, -0.000373546674382, 0.000269711745204], [-0.000287642935291, 0.00163326784968, -0.000500090362038, 0.00108751154039, -0.00147064379416, 0.0015134596033, -0.00131566845812, 0.00155475083739, -0.00119164283387, 0.00170963851269, -0.0021105541382, 0.00227598077618, -0.00200617336668], [0.000153760513058, -0.000500090362038, 0.0012899794383, -0.000701750454027, -0.00041096995119, -0.00139118882362, 0.00102083419915, -0.000631162663922, 0.000656867632642, 0.000141372656799, 0.00104006880429, -0.00143115292303, 0.00084725022316], [-0.000246502982918, 0.00108751154039, -0.000701750454027, 0.00258780596778, -0.000961007957812, 0.00105974951293, -0.00161535746884, 0.00106572324876, -0.00136895827018, 0.00134040764533, -0.00179957819637, 0.00116362038534, -0.00109698052984], [0.000411387096392, -0.00147064379416, -0.00041096995119, -0.000961007957812, 0.00464858487248, -0.00130307883956, 8.40837747091e-05, -0.000917937548365, -0.000284640613245, -0.000868879724294, 0.00199830811471, -0.00171272375155, 0.000834249833133], [-0.000326950044837, 0.0015134596033, -0.00139118882362, 0.00105974951293, -0.00130307883956, 0.00742077734321, -0.0036532881204, 0.00174467125908, -0.000347117078491, -0.000554932805244, -0.00119555043057, 0.00167031236924, -0.00161644164473], [0.000419715186581, -0.00131566845812, 0.00102083419915, -0.00161535746884, 8.40837747091e-05, -0.0036532881204, 0.00727745704353, -0.00229624588974, 0.001058200025, -0.0018536375137, -0.000663282466121, 0.000272714096354, 0.00151837489102], [-0.000442474847659, 0.00155475083739, -0.000631162663922, 0.00106572324876, -0.000917937548365, 0.00174467125908, -0.00229624588974, 0.00770393339917, -0.00295710121281, 0.000988499843515, -0.00171530025546, 0.000336564844474, -0.00147352239583], [0.000334270589519, -0.00119164283387, 0.000656867632642, -0.00136895827018, -0.000284640613245, -0.000347117078491, 0.001058200025, -0.00295710121281, 0.00868947897106, -0.00349741918035, 0.00162377103698, 0.000322360254359, 4.34325629612e-05], [-0.000289475370664, 0.00170963851269, 0.000141372656799, 0.00134040764533, -0.000868879724294, -0.000554932805244, -0.0018536375137, 0.000988499843515, -0.00349741918035, 0.0122970966622, -0.00431072711945, -0.00175190367736, 0.000143612720422], [0.000513442035299, -0.0021105541382, 0.00104006880429, -0.00179957819637, 0.00199830811471, -0.00119555043057, -0.000663282466121, -0.00171530025546, 0.00162377103698, -0.00431072711945, 0.0144079988822, -0.00508680939674, 0.000933680683374], [-0.000373546674382, 0.00227598077618, -0.00143115292303, 0.00116362038534, -0.00171272375155, 0.00167031236924, 0.000272714096354, 0.000336564844474, 0.000322360254359, -0.00175190367736, -0.00508680939674, 0.0149043612182, -0.00528321228921], [0.000269711745204, -0.00200617336668, 0.00084725022316, -0.00109698052984, 0.000834249833133, -0.00161644164473, 0.00151837489102, -0.00147352239583, 4.34325629612e-05, 0.000143612720422, 0.000933680683374, -0.00528321228921, 0.0150755317882]], "mean": [-63.7122154236, 105.244819641, -73.5785980225, 40.5271339417, -50.1300926208, 2.93930721283, -28.634475708, 7.90352535248, -21.1761932373, -0.395803511143, -14.1256532669, -6.10709238052, -8.75491428375]}, "melbands_spread": {"min": 0.222430124879, "max": 272.050231934, "dvar2": 213.559432983, "median": 7.45577859879, "dmean2": 6.6136932373, "dmean": 4.33125638962, "var": 433.851470947, "dvar": 103.934005737, "mean": 13.4490461349}, "spectral_energy": {"min": 1.1436572492e-20, "max": 0.27757114172, "dvar2": 0.00158657238353, "median": 0.0339539684355, "dmean2": 0.0245830640197, "dmean": 0.015193188563, "var": 0.00127999763936, "dvar": 0.000741601746995, "mean": 0.0394206307828}, "mfcc": {"cov": [[17375.1054688, -224.948257446, -1211.11730957, -506.115753174, -1311.23144531, -1213.99291992, -778.427612305, -442.065795898, -460.047241211, -53.6657752991, -502.211669922, -39.6797485352, -164.902145386], [-224.948257446, 2912.4909668, 124.459617615, 47.7346839905, 370.732330322, 21.0625953674, 32.179649353, -11.8445081711, 40.3456611633, 22.1932983398, -104.723960876, -96.3966903687, -102.423164368], [-1211.11730957, 124.459617615, 1024.88391113, 271.427978516, 392.02230835, 256.163818359, 146.626312256, 142.9427948, 63.665348053, -45.8936843872, 42.2097816467, -7.64123344421, -15.7462120056], [-506.115753174, 47.7346839905, 271.427978516, 565.913330078, 227.846450806, 160.038772583, 99.2490081787, 107.072952271, 83.1107406616, 3.9824821949, 43.513053894, 52.7874259949, 18.6986637115], [-1311.23144531, 370.732330322, 392.02230835, 227.846450806, 510.839630127, 179.489303589, 78.7862091064, 115.831230164, 100.48374176, 1.58222365379, 21.6999492645, 2.63781237602, -4.88338422775], [-1213.99291992, 21.0625953674, 256.163818359, 160.038772583, 179.489303589, 414.478912354, 171.011123657, 82.7920303345, 74.2769927979, 11.6643981934, 111.305679321, -27.3275375366, 47.5738945007], [-778.427612305, 32.179649353, 146.626312256, 99.2490081787, 78.7862091064, 171.011123657, 279.526153564, 91.509262085, 45.73387146, 26.0177211761, 58.7504615784, 24.4680404663, 22.9446048737], [-442.065795898, -11.8445081711, 142.9427948, 107.072952271, 115.831230164, 82.7920303345, 91.509262085, 157.604125977, 65.2739715576, 33.9131126404, 24.4296112061, 34.5636482239, 14.2300739288], [-460.047241211, 40.3456611633, 63.665348053, 83.1107406616, 100.48374176, 74.2769927979, 45.73387146, 65.2739715576, 145.188369751, 50.4875831604, 44.2336196899, 3.65617346764, 27.3445129395], [-53.6657752991, 22.1932983398, -45.8936843872, 3.9824821949, 1.58222365379, 11.6643981934, 26.0177211761, 33.9131126404, 50.4875831604, 152.691833496, 24.1644668579, 29.4015674591, 10.3523759842], [-502.211669922, -104.723960876, 42.2097816467, 43.513053894, 21.6999492645, 111.305679321, 58.7504615784, 24.4296112061, 44.2336196899, 24.1644668579, 159.917663574, 29.7927627563, 39.7278404236], [-39.6797485352, -96.3966903687, -7.64123344421, 52.7874259949, 2.63781237602, -27.3275375366, 24.4680404663, 34.5636482239, 3.65617346764, 29.4015674591, 29.7927627563, 130.079086304, 26.1944122314], [-164.902145386, -102.423164368, -15.7462120056, 18.6986637115, -4.88338422775, 47.5738945007, 22.9446048737, 14.2300739288, 27.3445129395, 10.3523759842, 39.7278404236, 26.1944122314, 101.856567383]], "icov": [[8.82356034708e-05, -1.48758208525e-05, -5.39990969628e-06, -6.9236564741e-05, 0.00019807703211, 0.000115916111099, 0.00012019949645, -2.72824072454e-05, 8.18932676339e-05, -4.3402214942e-05, 0.000118431365991, 2.88968494715e-05, 6.60210446313e-07], [-1.48758208525e-05, 0.000425770384027, 6.89978405717e-05, 3.52865208697e-05, -0.000463774660602, 4.66142919322e-05, -0.000187604193343, 0.000278975901892, -4.57426576759e-05, -0.000151230793563, 0.000189915052033, 0.000219768058741, 0.000264581671217], [-5.39990969628e-06, 6.89978405717e-05, 0.00161430041771, -0.000208499186556, -0.000954109244049, -0.000411912798882, -0.000217721477384, -0.000605536159128, 0.000330684619257, 0.000531563302502, -7.0824076829e-05, 0.000154969777213, 0.000473731430247], [-6.9236564741e-05, 3.52865208697e-05, -0.000208499186556, 0.00256748939864, -0.000703975500073, -0.000639342877548, -0.000145790778333, -0.000353864015779, -0.00079513451783, 0.000459703151137, 0.000137207112857, -0.00119865324814, 0.00018844830629], [0.00019807703211, -0.000463774660602, -0.000954109244049, -0.000703975500073, 0.00444174138829, -0.000655042123981, 0.000918362988159, -0.00116353516933, -0.00135553139262, 0.000360550358891, 0.000744802993722, -0.00045225568465, 0.000463712407509], [0.000115916111099, 4.66142919322e-05, -0.000411912798882, -0.000639342877548, -0.000655042123981, 0.00530404178426, -0.00185254041571, -0.000301133550238, 0.000420226395363, -0.000276211707387, -0.00238745170645, 0.00278718140908, -0.00163146585692], [0.00012019949645, -0.000187604193343, -0.000217721477384, -0.000145790778333, 0.000918362988159, -0.00185254041571, 0.0058095343411, -0.00230265338905, 0.00025446456857, -0.000234420673223, -0.00017826196563, -0.000893556280062, 0.000176202956936], [-2.72824072454e-05, 0.000278975901892, -0.000605536159128, -0.000353864015779, -0.00116353516933, -0.000301133550238, -0.00230265338905, 0.0112069854513, -0.00305182789452, -0.00104560807813, 0.00121209176723, -0.00229134992696, 0.000287658942398], [8.18932676339e-05, -4.57426576759e-05, 0.000330684619257, -0.00079513451783, -0.00135553139262, 0.000420226395363, 0.00025446456857, -0.00305182789452, 0.0115169156343, -0.00304493959993, -0.00201062927954, 0.00248950440437, -0.00224691675976], [-4.3402214942e-05, -0.000151230793563, 0.000531563302502, 0.000459703151137, 0.000360550358891, -0.000276211707387, -0.000234420673223, -0.00104560807813, -0.00304493959993, 0.00837284885347, -0.000359285244485, -0.0018924374599, 0.000713895831723], [0.000118431365991, 0.000189915052033, -7.0824076829e-05, 0.000137207112857, 0.000744802993722, -0.00238745170645, -0.00017826196563, 0.00121209176723, -0.00201062927954, -0.000359285244485, 0.0095293186605, -0.00250589335337, -0.00112785759848], [2.88968494715e-05, 0.000219768058741, 0.000154969777213, -0.00119865324814, -0.00045225568465, 0.00278718140908, -0.000893556280062, -0.00229134992696, 0.00248950440437, -0.0018924374599, -0.00250589335337, 0.0111954500899, -0.00266803544946], [6.60210446313e-07, 0.000264581671217, 0.000473731430247, 0.00018844830629, 0.000463712407509, -0.00163146585692, 0.000176202956936, 0.000287658942398, -0.00224691675976, 0.000713895831723, -0.00112785759848, -0.00266803544946, 0.0124845411628]], "mean": [-714.067871094, 132.347625732, 32.5804824829, 40.5383644104, 7.91190719604, 2.25986337662, 4.6100268364, 1.98359143734, 0.765070140362, 7.46084403992, -4.246301651, 1.29557657242, -3.49155306816]}, "spectral_contrast_valleys": {"min": [-27.0311698914, -27.2137336731, -26.9163417816, -27.4924259186, -27.4684715271, -27.2117767334], "max": [-4.72397708893, -4.56536102295, -5.28794002533, -5.92936849594, -5.78197860718, -7.03789615631], "dvar2": [0.321384906769, 0.340799063444, 0.448228299618, 0.429173856974, 0.406435489655, 0.433698385954], "median": [-6.75208854675, -7.06303787231, -8.26161193848, -8.75588798523, -8.17064857483, -10.5915708542], "dmean2": [0.622569680214, 0.606943905354, 0.614316165447, 0.553644657135, 0.457889407873, 0.471914023161], "dmean": [0.386746227741, 0.376599311829, 0.394943505526, 0.366840273142, 0.317755281925, 0.348917245865], "var": [2.30970573425, 2.51131701469, 2.18999099731, 2.04791331291, 2.45352268219, 2.74563121796], "dvar": [0.155703142285, 0.156407907605, 0.208015054464, 0.207551047206, 0.209065109491, 0.23313075304], "mean": [-7.17837667465, -7.42588424683, -8.50823783875, -8.98057460785, -8.49178695679, -10.8758392334]}, "barkbands_flatness_db": {"min": 0.0366188548505, "max": 0.667541623116, "dvar2": 0.0027065128088, "median": 0.195023939013, "dmean2": 0.0436694398522, "dmean": 0.0283013042063, "var": 0.0144979320467, "dvar": 0.00116197951138, "mean": 0.225138023496}, "dynamic_complexity": 4.56844997406, "erbbands_flatness_db": {"min": 0.0283691938967, "max": 0.485603868961, "dvar2": 0.00107205216773, "median": 0.166697487235, "dmean2": 0.0287344790995, "dmean": 0.0199044216424, "var": 0.00496651465073, "dvar": 0.000533347891178, "mean": 0.178476259112}, "hfc": {"min": 1.20805718292e-1