{"lowlevel": {"spectral_complexity": {"min": 0, "max": 58, "dvar2": 27.3268184662, "median": 8, "dmean2": 3.67186737061, "dmean": 2.42635655403, "var": 64.1397247314, "dvar": 13.5719871521, "mean": 9.72735214233}, "silence_rate_20dB": {"min": 1, "max": 1, "dvar2": 0, "median": 1, "dmean2": 0, "dmean": 0, "var": 0, "dvar": 0, "mean": 1}, "average_loudness": 0.566349625587, "erbbands_spread": {"min": 0.515606760979, "max": 154.379867554, "dvar2": 479.424407959, "median": 30.1745986938, "dmean2": 16.6482372284, "dmean": 10.8351669312, "var": 555.45703125, "dvar": 207.999511719, "mean": 35.4365882874}, "spectral_kurtosis": {"min": -1.26954698563, "max": 137.873901367, "dvar2": 70.6152572632, "median": 4.27619361877, "dmean2": 5.17586088181, "dmean": 3.22336244583, "var": 100.253623962, "dvar": 32.7583465576, "mean": 7.21187210083}, "barkbands_kurtosis": {"min": -1.92793643475, "max": 2013.18005371, "dvar2": 854.614990234, "median": 5.02711963654, "dmean2": 10.2034063339, "dmean": 6.39740514755, "var": 2163.85791016, "dvar": 472.035186768, "mean": 10.8396139145}, "spectral_strongpeak": {"min": 0, "max": 9.26750183105, "dvar2": 0.908552408218, "median": 0.294199734926, "dmean2": 0.569834291935, "dmean": 0.347872406244, "var": 0.816902697086, "dvar": 0.366808027029, "mean": 0.687724590302}, "spectral_spread": {"min": 673507.75, "max": 40162456, "dvar2": 2264530944000.0, "median": 3901356, "dmean2": 1061663, "dmean": 715818.625, "var": 3991809032190.0, "dvar": 1186494808060.0, "mean": 4380264}, "spectral_rms": {"min": 1.08420124434e-06, "max": 0.0167488586158, "dvar2": 3.01764566757e-06, "median": 0.00300547992811, "dmean2": 0.00109818624333, "dmean": 0.000734134053346, "var": 5.19296781931e-06, "dvar": 1.40018414641e-06, "mean": 0.00338212144561}, "erbbands": {"min": [5.56862822521e-09, 1.0414897389e-07, 3.53607916281e-08, 2.19782805289e-08, 1.76274745911e-08, 3.98792145972e-08, 1.10795824071e-07, 9.88290125292e-08, 2.98581745994e-08, 3.75981024092e-08, 7.33987448598e-08, 8.8961094491e-08, 7.72949277916e-08, 7.95721533109e-08, 6.63287877956e-08, 1.27702591612e-07, 1.88865115547e-07, 2.42559650587e-07, 2.01966386726e-07, 1.12738312907e-07, 1.46883593288e-07, 1.33610782882e-07, 2.74599329941e-07, 1.22642319411e-07, 2.43127146859e-07, 2.20705828724e-07, 2.46190722919e-07, 2.5688302685e-07, 2.18205769897e-07, 1.53751486209e-07, 1.37916870813e-07, 7.11990324476e-08, 6.57178631513e-08, 7.58596101491e-08, 3.92488814782e-08, 3.64122456631e-08, 3.14698063164e-08, 6.55470522304e-09, 2.5363500189e-09, 2.04443004193e-10], "max": [3.17771434784, 24.6395378113, 48.1792488098, 39.2123260498, 99.9734420776, 458.615356445, 1031.89416504, 1025.77307129, 2777.32641602, 1603.45544434, 1996.02539062, 1741.8145752, 1790.68737793, 1217.60253906, 799.287963867, 781.19909668, 1504.22192383, 660.737243652, 779.273498535, 341.757781982, 595.608093262, 312.892089844, 196.830459595, 634.269104004, 468.733459473, 661.377258301, 579.532165527, 683.62487793, 497.669067383, 350.770843506, 131.037109375, 112.189399719, 69.8798751831, 29.4948978424, 10.2146339417, 3.47521471977, 1.60350751877, 0.307205349207, 0.0522169694304, 0.00365114351735], "dvar2": [0.0730348154902, 10.827706337, 43.6359939575, 22.9355449677, 22.0680141449, 2730.50463867, 9506.13183594, 5900.50732422, 18942.9179688, 7102.23779297, 4678.73925781, 5205.26074219, 5155.765625, 3692.75244141, 597.525512695, 575.749755859, 2363.48022461, 638.117126465, 722.434631348, 292.750335693, 505.803527832, 624.14263916, 300.551116943, 392.514678955, 375.293792725, 369.634399414, 254.649551392, 384.456787109, 506.043212891, 220.253555298, 64.696723938, 44.8297119141, 24.1108913422, 4.87475299835, 1.66341722012, 0.208648741245, 0.0264240372926, 0.00146846403368, 5.20348075952e-05, 2.82059460233e-07], "median": [0.028189625591, 0.191478431225, 0.3487213552, 0.506268680096, 0.770309329033, 1.52810370922, 4.29099702835, 5.59152650833, 5.29746675491, 2.56718158722, 3.29817962646, 2.89413547516, 1.94445133209, 1.27481687069, 1.20970869064, 1.08775782585, 1.16272199154, 1.0104984045, 0.864774346352, 0.706562042236, 0.796612381935, 0.7882848382, 1.01219844818, 1.12453389168, 0.949577689171, 0.922012925148, 0.708859980106, 0.490507483482, 0.383036375046, 0.280632168055, 0.154535785317, 0.0941216871142, 0.0497481413186, 0.0207196697593, 0.0072367368266, 0.00229083327577, 0.000686559767928, 0.000210732832784, 3.27511515934e-05, 1.79416438186e-05], "dmean2": [0.0924022570252, 0.930849194527, 2.06487083435, 1.87290585041, 2.22108697891, 13.3418273926, 29.0011291504, 29.2479286194, 36.5388679504, 21.0351924896, 17.1753311157, 19.3501739502, 18.6110630035, 12.571928978, 7.23329591751, 6.42213106155, 8.36432170868, 6.29844236374, 7.13512706757, 5.16514158249, 6.31824111938, 7.24268579483, 6.82940912247, 6.16826343536, 6.28590250015, 4.87731409073, 4.19517040253, 3.92433738708, 4.61254262924, 3.38832163811, 2.15830016136, 1.72849535942, 1.25599968433, 0.590892970562, 0.348749369383, 0.133695825934, 0.0508239492774, 0.0123779457062, 0.00231220619753, 0.000180757197086], "dmean": [0.0596799738705, 0.54477006197, 1.18392395973, 1.05793440342, 1.38996767998, 7.73096847534, 17.2423667908, 18.286026001, 23.4358539581, 13.3634004593, 11.4859371185, 12.7977561951, 12.2075567245, 8.31219387054, 4.80934906006, 4.22699785233, 5.55618190765, 4.20431423187, 4.75772333145, 3.36927723885, 3.90301418304, 4.21118974686, 4.23890590668, 3.99699497223, 4.04035186768, 3.2764878273, 2.93121051788, 2.74156427383, 3.18609690666, 2.37470650673, 1.49541413784, 1.15546035767, 0.812546908855, 0.395904093981, 0.230112433434, 0.0946452319622, 0.0342985130847, 0.00797090120614, 0.00148214492947, 0.00011248379451], "var": [0.0445350334048, 3.274974823, 10.7940912247, 6.20188617706, 27.1713371277, 766.439575195, 3143.83203125, 4124.76074219, 10464.7333984, 3831.65087891, 4445.97607422, 4572.70068359, 4927.21337891, 3151.32788086, 620.178405762, 590.947692871, 1710.64697266, 771.856628418, 746.43951416, 261.172912598, 446.51953125, 226.922241211, 197.607437134, 314.105621338, 294.69934082, 305.768707275, 333.489898682, 410.958526611, 482.556091309, 187.673461914, 47.4295921326, 23.2115497589, 11.7764186859, 2.82328557968, 0.839933812618, 0.144409164786, 0.0162543337792, 0.000755189626943, 2.3279349989e-05, 1.13632140142e-07], "dvar": [0.0301468428224, 4.0374174118, 15.3625469208, 7.85896539688, 10.0047855377, 1001.69854736, 3466.70727539, 2313.6081543, 7719.96972656, 2772.24902344, 2209.06079102, 2314.73608398, 2404.92504883, 1593.71520996, 296.091003418, 263.603088379, 1011.12817383, 299.815246582, 332.946868896, 134.718902588, 207.325485229, 219.891540527, 118.098449707, 174.029052734, 161.505050659, 165.732208252, 141.526992798, 200.311721802, 252.957077026, 106.950134277, 31.1721076965, 19.7201786041, 10.3090047836, 2.23918676376, 0.756808936596, 0.107162214816, 0.0130657339469, 0.000683679943904, 2.28247554332e-05, 1.20611403531e-07], "mean": [0.101738162339, 0.647439837456, 1.24459445477, 1.22247731686, 2.30110788345, 8.4028711319, 22.221830368, 30.9420146942, 35.2613372803, 20.0213603973, 19.7368240356, 21.4371795654, 18.3502998352, 13.1542892456, 7.90190792084, 7.17318582535, 8.51364517212, 7.0149140358, 7.37455701828, 5.29499197006, 6.35494470596, 5.50668382645, 6.46680259705, 6.47341871262, 5.8073964119, 5.00818014145, 4.35870456696, 3.91846871376, 4.25145292282, 3.05618572235, 1.83119881153, 1.26739478111, 0.852764368057, 0.428699076176, 0.228016197681, 0.0993375331163, 0.0338002964854, 0.00718428380787, 0.00126670184545, 0.000104582977656]}, "zerocrossingrate": {"min": 0, "max": 0.375, "dvar2": 0.000468881800771, "median": 0.03515625, "dmean2": 0.0147888790816, "dmean": 0.012208734639, "var": 0.00165755825583, "dvar": 0.000385721999919, "mean": 0.0458627194166}, "spectral_contrast_coeffs": {"min": [-0.957873940468, -0.968441009521, -0.961585402489, -0.962723553181, -0.959486722946, -0.960643827915], "max": [-0.297137975693, -0.342454642057, -0.424950569868, -0.458427518606, -0.615222632885, -0.544806480408], "dvar2": [0.00557812070474, 0.00366091006435, 0.0025730188936, 0.00146365526598, 0.000865787675139, 0.00072125083534], "median": [-0.691649913788, -0.711718440056, -0.78084474802, -0.800771951675, -0.811847865582, -0.769770085812], "dmean2": [0.0856360346079, 0.070001244545, 0.0598965883255, 0.0459980554879, 0.0341244786978, 0.0288246516138], "dmean": [0.0526571571827, 0.0437436401844, 0.0378193669021, 0.0290866140276, 0.0216267220676, 0.019040318206], "var": [0.00986483134329, 0.00896726176143, 0.00609447481111, 0.00379583775066, 0.00212008086964, 0.0024641614873], "dvar": [0.00231204670854, 0.0015756963985, 0.00110296951607, 0.000624644744676, 0.000378016848117, 0.000363538216334], "mean": [-0.67585426569, -0.701857030392, -0.770839095116, -0.793915331364, -0.807651638985, -0.767461955547]}, "dissonance": {"min": 0.153335630894, "max": 0.499969959259, "dvar2": 0.00162111490499, "median": 0.456793367863, "dmean2": 0.0406254120171, "dmean": 0.0247822962701, "var": 0.00200459198095, "dvar": 0.000633975665551, "mean": 0.445445299149}, "spectral_energyband_high": {"min": 5.49794272608e-11, "max": 0.0307402014732, "dvar2": 2.50020116255e-06, "median": 5.96900063101e-05, "dmean2": 0.000460911920527, "dmean": 0.000333935517119, "var": 2.75632896773e-06, "dvar": 1.34789308959e-06, "mean": 0.000460706272861}, "spectral_skewness": {"min": -0.140861973166, "max": 9.46175479889, "dvar2": 0.453703314066, "median": 1.56792545319, "dmean2": 0.562829971313, "dmean": 0.367645919323, "var": 1.01535797119, "dvar": 0.226499453187, "mean": 1.79918408394}, "spectral_flux": {"min": 1.39924650284e-05, "max": 0.436746060848, "dvar2": 0.00271645141765, "median": 0.0426465012133, "dmean2": 0.0356575921178, "dmean": 0.0228945445269, "var": 0.00329802441411, "dvar": 0.00133097823709, "mean": 0.0600690804422}, "silence_rate_30dB": {"min": 0, "max": 1, "dvar2": 0.0142082264647, "median": 1, "dmean2": 0.0116290338337, "dmean": 0.00581395346671, "var": 0.0049166479148, "dvar": 0.00578046217561, "mean": 0.995058596134}, "spectral_energyband_middle_high": {"min": 5.9105199901e-11, "max": 0.0575932003558, "dvar2": 1.17387935461e-05, "median": 0.000392664747778, "dmean2": 0.00125042628497, "dmean": 0.000856962229591, "var": 1.79331855179e-05, "dvar": 5.52478468308e-06, "mean": 0.00183103804011}, "barkbands_spread": {"min": 0.253554522991, "max": 116.538703918, "dvar2": 310.094909668, "median": 11.6781873703, "dmean2": 10.9766016006, "dmean": 6.89312028885, "var": 266.474151611, "dvar": 134.077865601, "mean": 16.6677036285}, "spectral_centroid": {"min": 151.562088013, "max": 11052.6025391, "dvar2": 363581.4375, "median": 784.329467773, "dmean2": 417.498687744, "dmean": 270.174682617, "var": 572581.3125, "dvar": 183301.671875, "mean": 1017.53326416}, "pitch_salience": {"min": 0.0183190163225, "max": 0.885298192501, "dvar2": 0.0177714973688, "median": 0.530925869942, "dmean2": 0.130881384015, "dmean": 0.078702673316, "var": 0.0157168880105, "dvar": 0.00652621500194, "mean": 0.521822810173}, "erbbands_skewness": {"min": -7.20370483398, "max": 10.0188007355, "dvar2": 0.95271217823, "median": 0.978556334972, "dmean2": 0.869322896004, "dmean": 0.579794168472, "var": 2.13406562805, "dvar": 0.453195720911, "mean": 1.03227770329}, "erbbands_crest": {"min": 2.03884840012, "max": 32.2716941833, "dvar2": 20.4899768829, "median": 10.1178436279, "dmean2": 4.66417741776, "dmean": 2.93689250946, "var": 33.2958145142, "dvar": 8.46235656738, "mean": 11.4898080826}, "melbands": {"min": [9.68030516857e-11, 7.30844551544e-11, 3.98264711141e-12, 1.5007635976e-12, 3.8299918792e-12, 2.19836150152e-12, 4.24826054326e-13, 3.86565237286e-13, 6.4946285112e-13, 4.94184229129e-13, 3.42609783859e-13, 3.58966925195e-13, 2.16568096464e-13, 2.37888186797e-13, 2.78817008544e-13, 2.91722185687e-13, 4.13293070557e-13, 3.56235440452e-13, 1.23014256117e-13, 1.81276746543e-13, 1.42526737482e-13, 1.34950617304e-13, 1.44042086201e-13, 1.74451571895e-13, 7.64692942214e-14, 1.0843985486e-13, 1.84638938795e-13, 1.16469971146e-13, 1.34567040128e-13, 1.53978555167e-13, 1.19483483979e-13, 1.29449822714e-13, 7.89757528038e-14, 9.06902794507e-14, 8.57866701938e-14, 5.39308079802e-14, 4.24313701037e-14, 4.89994668646e-14, 4.86952498994e-14, 6.85715048111e-14], "max": [0.0309295188636, 0.0253887716681, 0.00602007098496, 0.0150492526591, 0.0354625657201, 0.0238921232522, 0.042034894228, 0.0153307979926, 0.0159290768206, 0.0094282515347, 0.00931989494711, 0.00496859755367, 0.00247424724512, 0.0034637004137, 0.00453154277056, 0.00470994459465, 0.0012717108475, 0.00185042899102, 0.000571682932787, 0.000463038857561, 0.000960950332228, 0.000352639704943, 0.000184269913007, 0.000195255066501, 0.000607384718023, 0.000342769548297, 0.000302313361317, 0.000515493855346, 0.000350836926373, 0.000317844358506, 0.000413977802964, 0.000301006890368, 0.000266225542873, 0.000204351250432, 8.58007333591e-05, 8.02892172942e-05, 6.804507575e-05, 6.06264948146e-05, 3.09129354719e-05, 2.50778139161e-05], "dvar2": [9.30712576519e-06, 1.23782656374e-05, 5.97917505729e-07, 2.06582012652e-06, 1.26393051687e-05, 2.87096258944e-06, 4.14491205447e-06, 7.53616518523e-07, 2.60714614342e-07, 2.06796229918e-07, 1.43782088458e-07, 7.6869397958e-08, 7.49107886833e-09, 8.10784062111e-09, 9.99493821041e-09, 1.5093045036e-08, 2.47572562451e-09, 3.0923799077e-09, 8.92544094189e-10, 5.75736514019e-10, 1.00021224636e-09, 8.38887459498e-10, 3.5847697033e-10, 2.25859206338e-10, 3.14404197121e-10, 2.71919320394e-10, 1.78830755759e-10, 2.0975526871e-10, 1.23120486029e-10, 1.0619562868e-10, 1.53377990864e-10, 2.17277612569e-10, 1.16941872852e-10, 6.78479286642e-11, 2.2824863527e-11, 1.81489146628e-11, 2.23981822672e-11, 1.69000508032e-11, 5.27479145432e-12, 3.05230363554e-12], "median": [0.000282401830191, 0.000233602870139, 0.000102054596937, 8.07257092674e-05, 0.000141345197335, 0.000128616258735, 7.04050326021e-05, 2.40732424572e-05, 2.43919021159e-05, 1.63391068781e-05, 8.60432010086e-06, 4.60163619209e-06, 3.66744393432e-06, 3.00383135254e-06, 2.19350090447e-06, 1.91929279936e-06, 1.53616201715e-06, 1.22466610719e-06, 8.06386140084e-07, 8.07858441476e-07, 8.4604806716e-07, 7.39060169508e-07, 8.32845159948e-07, 8.42888596253e-07, 8.59868976022e-07, 7.06529704075e-07, 5.62861259823e-07, 5.80937410177e-07, 4.48629009497e-07, 3.28749422351e-07, 2.48249904189e-07, 2.20310738541e-07, 1.7590620871e-07, 1.37536460443e-07, 8.74437802167e-08, 6.74059634775e-08, 5.0965109466e-08, 3.77652256134e-08, 2.05491552663e-08, 1.49138195127e-08], "dmean2": [0.000938546843827, 0.00108762201853, 0.000318763806717, 0.000436909816926, 0.0010054060258, 0.000649452442303, 0.000529039825778, 0.000221702794079, 0.000134995134431, 0.000124793878058, 9.68526655925e-05, 5.76806887693e-05, 2.31715403061e-05, 2.16690896195e-05, 1.86310298886e-05, 1.94610311155e-05, 1.2470510228e-05, 1.35904638228e-05, 8.70857638802e-06, 7.51768357077e-06, 7.88925990491e-06, 8.33670401335e-06, 6.65526295052e-06, 5.83070232096e-06, 5.20379126101e-06, 5.33943284609e-06, 4.09235099141e-06, 3.38896029461e-06, 2.82263476947e-06, 2.50040352512e-06, 2.37447193285e-06, 2.8511601613e-06, 2.29520310313e-06, 1.85415706255e-06, 1.27475971112e-06, 1.14417400709e-06, 1.16171929676e-06, 1.02241756395e-06, 6.06886374044e-07, 4.7439584705e-07], "dmean": [0.000571816170122, 0.000637609569822, 0.000183265670785, 0.000259432883468, 0.00059404381318, 0.000403446232667, 0.000339511374477, 0.000140368385473, 9.01479797903e-05, 8.25667884783e-05, 6.30600043223e-05, 3.79223347409e-05, 1.5319817976e-05, 1.43739125633e-05, 1.22044220916e-05, 1.29671379909e-05, 8.06619846117e-06, 8.91522722668e-06, 5.5977784541e-06, 4.72624105896e-06, 4.82805262436e-06, 4.81564347865e-06, 3.93849040847e-06, 3.71756254935e-06, 3.35748040925e-06, 3.33560910803e-06, 2.62225808001e-06, 2.23249003284e-06, 1.93065056919e-06, 1.71629324086e-06, 1.60769400281e-06, 1.94117751562e-06, 1.5789612462e-06, 1.2858511127e-06, 8.75489888585e-07, 7.70736505729e-07, 7.39893266655e-07, 6.47323872727e-07, 4.04008630994e-07, 3.14641312116e-07], "var": [3.9957944864e-06, 3.67775305676e-06, 1.91100838265e-07, 7.6218606182e-07, 3.93180471292e-06, 1.92267316379e-06, 2.19542835111e-06, 4.33352312257e-07, 2.68402175152e-07, 1.83936180065e-07, 1.33181274009e-07, 6.26620746402e-08, 6.55852039344e-09, 7.41333305854e-09, 6.76887301765e-09, 1.08782414188e-08, 2.91503221561e-09, 3.34344396613e-09, 6.69763910999e-10, 4.51822884662e-10, 8.87120044091e-10, 2.96279778489e-10, 1.62750382615e-10, 1.72333522452e-10, 2.35077485256e-10, 1.86156187687e-10, 1.45776932192e-10, 1.46514481103e-10, 1.34555977471e-10, 1.25481625091e-10, 1.47168513487e-10, 1.78655368277e-10, 1.06195635619e-10, 4.67932324832e-11, 1.67154502045e-11, 1.10216592797e-11, 9.05614559038e-12, 7.12057669772e-12, 3.27145407118e-12, 1.75601156879e-12], "dvar": [3.58402894562e-06, 4.60878027297e-06, 2.07436585242e-07, 7.73416104494e-07, 4.63887135993e-06, 1.1118349903e-06, 1.67804182638e-06, 2.95198219646e-07, 1.22221393895e-07, 9.34515185236e-08, 6.66996200493e-08, 3.32137979342e-08, 3.51909945628e-09, 3.85794729496e-09, 4.24450030678e-09, 6.8887526794e-09, 1.11161746474e-09, 1.41357381356e-09, 3.93481525141e-10, 2.52238646636e-10, 4.09559025583e-10, 2.95740654188e-10, 1.30207650217e-10, 9.6583609166e-11, 1.3864223658e-10, 1.12264086916e-10, 7.77409941977e-11, 9.02174238093e-11, 6.26885834909e-11, 5.82819764672e-11, 7.60683252499e-11, 1.01626353166e-10, 5.81952715184e-11, 3.08275696637e-11, 1.09076090174e-11, 8.45122149346e-12, 9.10756799838e-12, 6.93258905143e-12, 2.41532987187e-12, 1.42509821218e-12], "mean": [0.000891076109838, 0.000740007380955, 0.000233679849771, 0.000333423900884, 0.000740049930755, 0.00069009658182, 0.000506793381646, 0.000210457699723, 0.000155708272359, 0.000134632908157, 9.2075955763e-05, 5.77984537813e-05, 2.42278092628e-05, 2.3188891646e-05, 1.83549109352e-05, 1.86081997526e-05, 1.26914246721e-05, 1.34148476718e-05, 7.83531322668e-06, 6.91936747899e-06, 7.45356419429e-06, 5.83486280448e-06, 5.27267411599e-06, 5.76609681957e-06, 5.21877564097e-06, 4.60384217149e-06, 3.66294648302e-06, 3.2742559597e-06, 2.79141795545e-06, 2.38113034357e-06, 2.22748985834e-06, 2.51873484558e-06, 2.06392314794e-06, 1.54895110427e-06, 1.07035361907e-06, 8.75408090906e-07, 7.46290140796e-07, 6.47598028536e-07, 4.46972848067e-07, 3.35839246191e-07]}, "spectral_entropy": {"min": 3.96785712242, "max": 9.80348682404, "dvar2": 0.182618528605, "median": 7.27472686768, "dmean2": 0.374544352293, "dmean": 0.25695091486, "var": 0.47663000226, "dvar": 0.0977526977658, "mean": 7.18268871307}, "spectral_rolloff": {"min": 21.533203125, "max": 15202.4414062, "dvar2": 4253415, "median": 516.796875, "dmean2": 852.372924805, "dmean": 486.637878418, "var": 2338701.5, "dvar": 1751198.75, "mean": 1000.60498047}, "barkbands": {"min": [3.58497259656e-10, 3.68845065601e-10, 8.3764037373e-12, 1.22145999912e-12, 1.42775825884e-11, 1.21429845346e-11, 2.10207806023e-12, 2.42313114018e-12, 4.05178928603e-12, 2.97804337614e-12, 1.75654608046e-12, 2.79272265036e-12, 4.2952846141e-12, 4.49655894116e-12, 1.40217514249e-12, 2.57670057166e-12, 2.01934757978e-12, 4.88592716633e-12, 3.12192134123e-12, 5.91884614237e-12, 6.1547368764e-12, 5.02314899745e-12, 5.07858295348e-12, 3.48956540747e-12, 5.97260088608e-12, 1.25705435644e-11, 1.44527913942e-11], "max": [0.0113203879446, 0.111706726253, 0.0427394397557, 0.0126903103665, 0.113518632948, 0.111105978489, 0.192785859108, 0.0683771520853, 0.0651692152023, 0.050880022347, 0.0261553432792, 0.0230800844729, 0.037392411381, 0.0213138926774, 0.00687445932999, 0.0101473834366, 0.00518309511244, 0.00391825009137, 0.0108894603327, 0.0118692182004, 0.0146831590682, 0.0145930657163, 0.0059244222939, 0.00470877904445, 0.00200339965522, 0.000736834364943, 0.000327936693793], "dvar2": [2.25345786475e-07, 0.000158306254889, 3.0621598853e-05, 1.55980490035e-06, 0.000187360739801, 7.71553386585e-05, 8.50616706884e-05, 1.17866875371e-05, 8.14346094558e-06, 6.96271536071e-06, 8.18800231173e-07, 4.94385176353e-07, 1.37126539812e-06, 4.26568533385e-07, 1.68727822825e-07, 1.35981096605e-07, 2.3779307412e-07, 8.91554350346e-08, 1.57574106652e-07, 1.48570222791e-07, 1.7482680903e-07, 3.33422235599e-07, 1.04097253484e-07, 9.66870388197e-08, 3.4409026739e-08, 7.52892415079e-09, 2.20588747268e-09], "median": [0.000232796737691, 0.000972147099674, 0.000257190869888, 0.000126566912513, 0.000485165452119, 0.000663914193865, 0.000241565576289, 0.000109490218165, 0.000124946454889, 3.95321258111e-05, 2.42728292505e-05, 2.64944228547e-05, 2.15246127482e-05, 1.73285261553e-05, 1.04221280708e-05, 1.27582770801e-05, 1.2039050489e-05, 1.83450993063e-05, 2.03836316359e-05, 1.97093522729e-05, 1.43294619193e-05, 1.05878671093e-05, 6.27260942565e-06, 3.65916230294e-06, 1.3653922224e-06, 4.31946091339e-07, 1.62894096434e-07], "dmean2": [0.000246429641265, 0.00371541967615, 0.00178484944627, 0.000541971181519, 0.00357238878496, 0.00342152174562, 0.00233028712682, 0.000860872620251, 0.000827604730148, 0.000601557141636, 0.00019645827706, 0.000188453836017, 0.000191635481315, 0.000160800409503, 0.000113329908345, 0.000109514243377, 0.000136055270559, 0.000119135744171, 0.000129183201352, 0.000103396589111, 9.85556398518e-05, 0.000120737386169, 8.4681683802e-05, 7.89497717051e-05, 5.00227070006e-05, 2.68575622613e-05, 1.51702961375e-05], "dmean": [0.000195123779122, 0.00221296050586, 0.000999577227049, 0.000311291194521, 0.00208489922807, 0.00209293700755, 0.00148905103561, 0.000543395988643, 0.000546786235645, 0.000390283967135, 0.000127613937366, 0.000123021920444, 0.000126501530758, 0.000103136757389, 7.34730929253e-05, 6.91686655045e-05, 7.8814511653e-05, 7.52307969378e-05, 8.3070321125e-05, 6.94033005857e-05, 6.88075160724e-05, 8.54270547279e-05, 5.87186768826e-05, 5.18346751051e-05, 3.32858726324e-05, 1.87265050045e-05, 9.51039783104e-06], "var": [3.64152981547e-07, 5.79999796173e-05, 6.92198045726e-06, 5.81249992138e-07, 5.33040511073e-05, 4.60274713987e-05, 4.41963056801e-05, 9.57742850005e-06, 7.9869887486e-06, 5.60076068723e-06, 6.24333551968e-07, 4.70185852919e-07, 9.35653815759e-07, 4.91398964186e-07, 1.13718286343e-07, 1.30767347173e-07, 8.05333044696e-08, 6.86231018676e-08, 1.29836067231e-07, 1.33880277531e-07, 2.23178403758e-07, 3.37931112426e-07, 7.44231556382e-08, 4.67432847984e-08, 1.84900112998e-08, 5.12437692279e-09, 9.17064202355e-10], "dvar": [1.35941974122e-07, 6.0034548369e-05, 1.04570090116e-05, 5.56637075988e-07, 6.85210543452e-05, 2.92020686175e-05, 3.42145758623e-05, 5.20263256476e-06, 3.73457351088e-06, 3.05305979964e-06, 3.70917263126e-07, 2.28179246164e-07, 5.91691105001e-07, 1.84603237585e-07, 7.26226687675e-08, 5.85779602602e-08, 8.46136813948e-08, 3.69745407625e-08, 6.92856829687e-08, 6.78791138853e-08, 9.802505474e-08, 1.72055749204e-07, 4.91940177483e-08, 4.12896099533e-08, 1.56834172316e-08, 3.83860543351e-09, 9.51141498895e-10], "mean": [0.000436957983766, 0.00311770313419, 0.000997298862785, 0.000359456171282, 0.00237978156656, 0.00342851434834, 0.00218337425031, 0.000872925156727, 0.000927409389988, 0.000548817741219, 0.000193237370695, 0.000201178962016, 0.000182676987606, 0.000160515890457, 9.97569368337e-05, 0.000111610897875, 9.31264803512e-05, 0.000118622330774, 0.000124508122099, 0.000105713901576, 0.000100666889921, 0.000115993549116, 7.07567014615e-05, 5.51349767193e-05, 3.46632950823e-05, 1.92394891201e-05, 7.84677013144e-06]}, "melbands_flatness_db": {"min": 0.0350468233228, "max": 0.581340909004, "dvar2": 0.00322655658238, "median": 0.248733788729, "dmean2": 0.0525741241872, "dmean": 0.0349722392857, "var": 0.00723261712119, "dvar": 0.00147881207522, "mean": 0.25916159153}, "melbands_skewness": {"min": -5.24145507812, "max": 39.9691925049, "dvar2": 3.96627664566, "median": 2.48225188255, "dmean2": 1.51889371872, "dmean": 0.98130428791, "var": 5.69033718109, "dvar": 1.68924319744, "mean": 2.92907595634}, "barkbands_skewness": {"min": -4.82265281677, "max": 43.4001159668, "dvar2": 2.36460518837, "median": 1.72710895538, "dmean2": 1.15551972389, "dmean": 0.743824183941, "var": 3.76342105865, "dvar": 1.03301024437, "mean": 1.91976177692}, "silence_rate_60dB": {"min": 0, "max": 1, "dvar2": 0.0898174270988, "median": 0, "dmean2": 0.0876053869724, "dmean": 0.0437984503806, "var": 0.194340407848, "dvar": 0.041882738471, "mean": 0.264121681452}, "spectral_energyband_low": {"min": 7.31185667568e-10, "max": 0.119334176183, "dvar2": 0.000207915625651, "median": 0.00185498269275, "dmean2": 0.00476568797603, "dmean": 0.00290412874892, "var": 9.0414287115e-05, "dvar": 8.2389509771e-05, "mean": 0.0045427409932}, "spectral_energyband_middle_low": {"min": 7.5760668572e-11, "max": 0.208623245358, "dvar2": 0.000458852417069, "median": 0.00356952520087, "dmean2": 0.00840053148568, "dmean": 0.00533064315096, "var": 0.000276481587207, "dvar": 0.000185385652003, "mean": 0.0102817071602}, "melbands_kurtosis": {"min": -1.89377593994, "max": 1953.10046387, "dvar2": 3076.81176758, "median": 11.899810791, "dmean2": 22.1781654358, "dmean": 13.4995288849, "var": 2637.58789062, "dvar": 1230.91699219, "mean": 23.6090259552}, "spectral_decrease": {"min": -7.33093727945e-08, "max": -2.95971628858e-16, "dvar2": 4.28425889824e-17, "median": -2.32052399518e-09, "dmean2": 3.08574188423e-09, "dmean": 1.9607375723e-09, "var": 3.11121918233e-17, "dvar": 1.77577446454e-17, "mean": -4.26838742129e-09}, "erbbands_kurtosis": {"min": -1.85761618614, "max": 129.385818481, "dvar2": 55.1338729858, "median": 0.997678518295, "dmean2": 4.00223684311, "dmean": 2.62343287468, "var": 80.1657867432, "dvar": 26.5675964355, "mean": 3.72592401505}, "melbands_crest": {"min": 3.55980324745, "max": 39.6814727783, "dvar2": 25.8223400116, "median": 15.13123703, "dmean2": 5.81107091904, "dmean": 3.57532978058, "var": 32.3807563782, "dvar": 10.0162191391, "mean": 15.8812732697}, "gfcc": {"cov": [[16942.8066406, -1471.42321777, -1116.86352539, 490.836639404, -924.525756836, 203.019195557, -282.012664795, 388.1378479, 38.8067207336, 129.003646851, 143.306564331, 274.787811279, 172.43460083], [-1471.42321777, 2501.13574219, -480.900878906, -344.260864258, 405.236694336, -297.446014404, 336.565734863, -77.1391677856, 162.803283691, -112.947502136, 187.433013916, -130.236114502, 54.6418418884], [-1116.86352539, -480.900878906, 1167.73388672, -39.2914619446, -130.818374634, 40.1860198975, -164.039245605, -28.7062282562, -96.1871185303, 19.1501426697, -75.5475463867, 48.4532470703, -26.8267269135], [490.836639404, -344.260864258, -39.2914619446, 662.708312988, 127.086181641, 96.1328964233, 41.2796554565, 50.668258667, 71.3116607666, -27.1109867096, -6.36383771896, 5.61728668213, 20.9528369904], [-924.525756836, 405.236694336, -130.818374634, 127.086181641, 526.298034668, 55.5001945496, 170.418380737, 29.5714836121, 87.6262588501, -31.1319770813, 16.2406845093, -45.0107345581, -13.0139160156], [203.019195557, -297.446014404, 40.1860198975, 96.1328964233, 55.5001945496, 286.534179688, 53.1366233826, 40.4054489136, 20.1751232147, 37.0733985901, -17.7856445312, -9.28609275818, -15.862657547], [-282.012664795, 336.565734863, -164.039245605, 41.2796554565, 170.418380737, 53.1366233826, 256.656097412, 50.6083030701, 76.4481658936, 5.52143335342, 36.186340332, -38.1001434326, -12.2769050598], [388.1378479, -77.1391677856, -28.7062282562, 50.668258667, 29.5714836121, 40.4054489136, 50.6083030701, 157.390136719, 57.6920776367, 21.0028305054, 5.34568786621, 24.4251174927, 6.6988825798], [38.8067207336, 162.803283691, -96.1871185303, 71.3116607666, 87.6262588501, 20.1751232147, 76.4481658936, 57.6920776367, 163.774383545, 24.9097213745, 20.072353363, -13.5495624542, 20.1334571838], [129.003646851, -112.947502136, 19.1501426697, -27.1109867096, -31.1319770813, 37.0733985901, 5.52143335342, 21.0028305054, 24.9097213745, 114.687606812, 23.5964927673, 6.29311275482, -7.52131652832], [143.306564331, 187.433013916, -75.5475463867, -6.36383771896, 16.2406845093, -17.7856445312, 36.186340332, 5.34568786621, 20.072353363, 23.5964927673, 117.555557251, 34.175365448, 23.6924228668], [274.787811279, -130.236114502, 48.4532470703, 5.61728668213, -45.0107345581, -9.28609275818, -38.1001434326, 24.4251174927, -13.5495624542, 6.29311275482, 34.175365448, 108.932136536, 37.6926040649], [172.43460083, 54.6418418884, -26.8267269135, 20.9528369904, -13.0139160156, -15.862657547, -12.2769050598, 6.6988825798, 20.1334571838, -7.52131652832, 23.6924228668, 37.6926040649, 91.9664611816]], "icov": [[8.85640256456e-05, 8.34758156998e-06, 0.000116560215247, -6.75766204949e-05, 0.000171250241692, -8.20591376396e-05, 0.000110385255539, -0.000208558034501, 1.87595196621e-05, -5.96991367274e-06, -8.4811130364e-05, -7.1193484473e-05, -3.51788039552e-05], [8.34758156998e-06, 0.0011797453044, 3.09920687869e-05, 0.000721530464943, -0.000521841808222, 0.000979634700343, -0.000971262634266, 0.000495827582199, -0.000795715430286, 0.00120534503367, -0.0016842414625, 0.00139462249354, -0.000807508011349], [0.000116560215247, 3.09920687869e-05, 0.00117887288798, -6.09708731645e-05, 0.00021840952104, -0.000282305380097, 0.000573956232984, -0.000179570604814, 0.000268718460575, -0.000256769912085, 0.000465859047836, -0.000660042511299, 0.000263398484094], [-6.75766204949e-05, 0.000721530464943, -6.09708731645e-05, 0.0022668375168, -0.000756661989726, 7.03646073816e-05, -0.000471601873869, 0.000235940082348, -0.00115345674567, 0.00143235293217, -0.000891526113264, 0.000716464710422, -0.000705622427631], [0.000171250241692, -0.000521841808222, 0.00021840952104, -0.000756661989726, 0.00325892982073, -0.000855768448673, -0.000728358223569, -0.00042332088924, -0.000445640878752, 0.000443744123913, 0.000360178353731, -0.000433340668678, 0.000690892047714], [-8.20591376396e-05, 0.000979634700343, -0.000282305380097, 7.03646073816e-05, -0.000855768448673, 0.00518043711782, -0.00180460931733, 3.0550025258e-05, -0.000208316472708, -0.000698087911587, -0.000269246986136, 0.00119794660714, -0.000430363084888], [0.000110385255539, -0.000971262634266, 0.000573956232984, -0.000471601873869, -0.000728358223569, -0.00180460931733, 0.00751067418605, -0.0021783253178, -0.000564651214518, -0.000499441928696, -0.00093416380696, 0.000755169137847, 0.00140585843474], [-0.000208558034501, 0.000495827582199, -0.000179570604814, 0.000235940082348, -0.00042332088924, 3.0550025258e-05, -0.0021783253178, 0.00927726179361, -0.00302533130161, -0.000267740339041, 0.000917423458304, -0.00263294833712, 0.000452309031971], [1.87595196621e-05, -0.000795715430286, 0.000268718460575, -0.00115345674567, -0.000445640878752, -0.000208316472708, -0.000564651214518, -0.00302533130161, 0.00990635063499, -0.0031140265055, 0.000745060271583, 0.00118643743917, -0.00227682013065], [-5.96991367274e-06, 0.00120534503367, -0.000256769912085, 0.00143235293217, 0.000443744123913, -0.000698087911587, -0.000499441928696, -0.000267740339041, -0.0031140265055, 0.0123217748478, -0.00458752876148, 0.00148132920731, 0.00105317600537], [-8.4811130364e-05, -0.0016842414625, 0.000465859047836, -0.000891526113264, 0.000360178353731, -0.000269246986136, -0.00093416380696, 0.000917423458304, 0.000745060271583, -0.00458752876148, 0.0144266812131, -0.00642927270383, -0.000308133923681], [-7.1193484473e-05, 0.00139462249354, -0.000660042511299, 0.000716464710422, -0.000433340668678, 0.00119794660714, 0.000755169137847, -0.00263294833712, 0.00118643743917, 0.00148132920731, -0.00642927270383, 0.0161121692508, -0.00569887412712], [-3.51788039552e-05, -0.000807508011349, 0.000263398484094, -0.000705622427631, 0.000690892047714, -0.000430363084888, 0.00140585843474, 0.000452309031971, -0.00227682013065, 0.00105317600537, -0.000308133923681, -0.00569887412712, 0.0148347793147]], "mean": [-101.728210449, 109.332183838, -96.6851959229, 30.9443588257, -60.0492668152, -5.08514165878, -27.54114151, 1.37088620663, -14.2703285217, 3.44925165176, -5.78334236145, 1.6211823225, -7.14203834534]}, "melbands_spread": {"min": 0.350696593523, "max": 259.471923828, "dvar2": 500.022186279, "median": 10.3795213699, "dmean2": 11.0045337677, "dmean": 7.02246189117, "var": 583.538818359, "dvar": 258.037414551, "mean": 16.727684021}, "spectral_energy": {"min": 1.2048796405e-09, "max": 0.287537366152, "dvar2": 0.000643836858217, "median": 0.00925873219967, "dmean2": 0.012056902051, "dmean": 0.00772610027343, "var": 0.000491860962939, "dvar": 0.000270178657956, "mean": 0.0170475039631}, "mfcc": {"cov": [[13728.2578125, -433.88482666, -1097.18762207, 146.776397705, -516.361022949, -187.798400879, -321.223297119, 155.489395142, -72.1710891724, 19.4290752411, -6.7416062355, 36.5235328674, 94.8321685791], [-433.88482666, 2217.89892578, -330.442169189, -69.7371063232, -72.5612640381, -161.419250488, 93.17628479, -23.2706050873, -32.0797080994, 21.378490448, 66.9442367554, 14.3743658066, 0.452805906534], [-1097.18762207, -330.442169189, 1000.63684082, -85.2295303345, 14.6041851044, -8.20922660828, -75.953704834, -85.7365036011, -60.5055847168, -56.3461723328, -52.9104003906, -35.0318908691, -43.306438446], [146.776397705, -69.7371063232, -85.2295303345, 445.059448242, 125.293891907, 48.0282592773, 11.8106565475, 69.574798584, 45.4868659973, 10.6713991165, -20.8458461761, 30.1073741913, 28.4006328583], [-516.361022949, -72.5612640381, 14.6041851044, 125.293891907, 291.004974365, 87.0045700073, 41.837474823, 62.4301643372, 52.086555481, 5.79478740692, -1.05851554871, 11.8910694122, 3.24967646599], [-187.798400879, -161.419250488, -8.20922660828, 48.0282592773, 87.0045700073, 221.609375, 76.64037323, 38.3327293396, 45.0594367981, 45.9885063171, 23.6176166534, 3.7768599987, 3.43949818611], [-321.223297119, 93.17628479, -75.953704834, 11.8106565475, 41.837474823, 76.64037323, 178.849472046, 49.379863739, 19.8411750793, 28.3638267517, 35.1865959167, 15.9527893066, 12.5639200211], [155.489395142, -23.2706050873, -85.7365036011, 69.574798584, 62.4301643372, 38.3327293396, 49.379863739, 151.681304932, 71.7204284668, 17.0678291321, 10.3374614716, 28.7845649719, 28.7681770325], [-72.1710891724, -32.0797080994, -60.5055847168, 45.4868659973, 52.086555481, 45.0594367981, 19.8411750793, 71.7204284668, 141.684143066, 67.6086807251, 17.7872600555, 16.2086143494, 19.1101741791], [19.4290752411, 21.378490448, -56.3461723328, 10.6713991165, 5.79478740692, 45.9885063171, 28.3638267517, 17.0678291321, 67.6086807251, 120.543807983, 54.4781608582, 4.95534849167, 5.40483427048], [-6.7416062355, 66.9442367554, -52.9104003906, -20.8458461761, -1.05851554871, 23.6176166534, 35.1865959167, 10.3374614716, 17.7872600555, 54.4781608582, 102.25377655, 28.2472476959, 2.300563097], [36.5235328674, 14.3743658066, -35.0318908691, 30.1073741913, 11.8910694122, 3.7768599987, 15.9527893066, 28.7845649719, 16.2086143494, 4.95534849167, 28.2472476959, 84.7872467041, 45.3763237], [94.8321685791, 0.452805906534, -43.306438446, 28.4006328583, 3.24967646599, 3.43949818611, 12.5639200211, 28.7681770325, 19.1101741791, 5.40483427048, 2.300563097, 45.3763237, 98.6698608398]], "icov": [[0.000100152756204, 3.2088275475e-05, 0.000116682153021, -4.14624737459e-05, 0.000185008801054, -1.09218090074e-05, 0.000238826614805, -0.000241080124397, 0.00019639293896, -9.92938948912e-05, -3.25917199007e-07, 1.47542496052e-05, -3.84674640372e-05], [3.2088275475e-05, 0.000554707716219, 0.000193453481188, 1.90117825696e-05, 2.28512180911e-05, 0.000564268091694, -0.000373982737074, 8.56286351336e-05, 0.000119466494652, -0.000119667718536, -0.000231988873566, 2.63355668721e-05, 2.49961103691e-05], [0.000116682153021, 0.000193453481188, 0.00131530337967, 0.000187683588592, -5.55005863134e-05, -7.00218151906e-05, 0.000515773543157, 0.000198028588784, 0.00038648780901, 4.56122797914e-05, 0.00034321466228, -8.04172523203e-05, 0.000242720227106], [-4.14624737459e-05, 1.90117825696e-05, 0.000187683588592, 0.0028532044962, -0.00112472579349, -0.000189875310753, 0.000250162935117, -0.000619421422016, 0.000155987800099, -0.000607029011007, 0.00123146432452, -0.000943443155847, -9.85104270512e-05], [0.000185008801054, 2.28512180911e-05, -5.55005863134e-05, -0.00112472579349, 0.00506864674389, -0.00140862329863, 6.15843455307e-05, -0.00120656914078, -0.00092800706625, 0.0010780072771, -0.000194798456505, -4.10237771575e-05, 0.000491663697176], [-1.09218090074e-05, 0.000564268091694, -7.00218151906e-05, -0.000189875310753, -0.00140862329863, 0.00686287833378, -0.00265992595814, 0.00016386093921, -0.000443786324468, -0.0016960731009, -0.000314784439979, 0.00053573329933, 6.97340583429e-05], [0.000238826614805, -0.000373982737074, 0.000515773543157, 0.000250162935117, 6.15843455307e-05, -0.00265992595814, 0.00855213589966, -0.00285750208423, 0.00184721266851, -0.000742986740079, -0.00136786419898, -2.39176551986e-05, -0.00051276863087], [-0.000241080124397, 8.56286351336e-05, 0.000198028588784, -0.000619421422016, -0.00120656914078, 0.00016386093921, -0.00285750208423, 0.0115378517658, -0.00588299846277, 0.00279080704786, -0.000430508574937, -0.00123767415062, -0.000903823296539], [0.00019639293896, 0.000119466494652, 0.00038648780901, 0.000155987800099, -0.00092800706625, -0.000443786324468, 0.00184721266851, -0.00588299846277, 0.014377376996, -0.00840261392295, 0.00249608536251, -0.00105726078618, -0.0004347973736], [-9.92938948912e-05, -0.000119667718536, 4.56122797914e-05, -0.000607029011007, 0.0010780072771, -0.0016960731009, -0.000742986740079, 0.00279080704786, -0.00840261392295, 0.0171114820987, -0.0081981215626, 0.00331170181744, -0.0010464922525], [-3.25917199007e-07, -0.000231988873566, 0.00034321466228, 0.00123146432452, -0.000194798456505, -0.000314784439979, -0.00136786419898, -0.000430508574937, 0.00249608536251, -0.0081981215626, 0.0167250521481, -0.0069181532599, 0.00287183537148], [1.47542496052e-05, 2.63355668721e-05, -8.04172523203e-05, -0.000943443155847, -4.10237771575e-05, 0.00053573329933, -2.39176551986e-05, -0.00123767415062, -0.00105726078618, 0.00331170181744, -0.0069181532599, 0.0191038399935, -0.00803227722645], [-3.84674640372e-05, 2.49961103691e-05, 0.000242720227106, -9.85104270512e-05, 0.000491663697176, 6.97340583429e-05, -0.00051276863087, -0.000903823296539, -0.0004347973736, -0.0010464922525, 0.00287183537148, -0.00803227722645, 0.0143851973116]], "mean": [-745.617919922, 135.134048462, 18.5357990265, 34.125038147, -5.56064605713, 0.345813840628, -4.03671312332, -0.384761154652, -4.91441917419, 2.10532426834, 1.62217509747, 1.78821885586, 0.171853482723]}, "spectral_contrast_valleys": {"min": [-27.203289032, -26.7692394257, -27.5833816528, -27.2680625916, -27.215045929, -27.2073841095], "max": [-5.45520496368, -4.28772974014, -5.20753097534, -5.82045602798, -5.51326751709, -7.64268159866], "dvar2": [0.312521308661, 0.392521470785, 0.425063371658, 0.46239310503, 0.513318240643, 0.600538909435], "median": [-7.52949571609, -7.08892154694, -8.3107252121, -8.89755535126, -8.50094223022, -11.1640062332], "dmean2": [0.619238376617, 0.577778041363, 0.592733800411, 0.578401684761, 0.537961900234, 0.602026104927], "dmean": [0.392607629299, 0.373859614134, 0.390121042728, 0.398236453533, 0.388388425112, 0.458678245544], "var": [1.7231991291, 1.7172743082, 1.76083505154, 1.79192888737, 2.09649610519, 2.55603098869], "dvar": [0.155488565564, 0.19169151783, 0.208854407072, 0.235127866268, 0.28232434392, 0.394392728806], "mean": [-7.89741802216, -7.33964967728, -8.47195148468, -9.00843048096, -8.69342327118, -11.3853435516]}, "barkbands_flatness_db": {"min": 0.0149741619825, "max": 0.476996809244, "dvar2": 0.00230658566579, "median": 0.167302444577, "dmean2": 0.0447373092175, "dmean": 0.0293974019587, "var": 0.00466668372974, "dvar": 0.00103811384179, "mean": 0.176523074508}, "dynamic_complexity": 6.8313741684, "erbbands_flatness_db": {"min": 0.0249857921153, "max": 0.503264605999, "dvar2": 0.00135738810059, "median": 0.176840946078, "dmean2": 0.0351713821292, "dmean": 0.0242947265506, "var": 0.003744