{"lowlevel": {"spectral_complexity": {"min": 0, "max": 63, "dvar2": 107.996086121, "median": 17, "dmean2": 9.2266998291, "dmean": 6.51821231842, "var": 200.277404785, "dvar": 58.5157814026, "mean": 19.9712562561}, "silence_rate_20dB": {"min": 1, "max": 1, "dvar2": 0, "median": 1, "dmean2": 0, "dmean": 0, "var": 0, "dvar": 0, "mean": 1}, "average_loudness": 0.954427838326, "erbbands_spread": {"min": 1.88326585293, "max": 166.169525146, "dvar2": 471.040466309, "median": 41.8497848511, "dmean2": 20.0279064178, "dmean": 12.9683132172, "var": 602.894165039, "dvar": 200.78012085, "mean": 46.1616363525}, "spectral_kurtosis": {"min": -1.20182061195, "max": 24.1667480469, "dvar2": 2.96049141884, "median": 2.22790575027, "dmean2": 1.56029570103, "dmean": 0.963007211685, "var": 2.923412323, "dvar": 1.1543200016, "mean": 2.59750676155}, "barkbands_kurtosis": {"min": -1.95264661312, "max": 1659.72973633, "dvar2": 3974.24951172, "median": 0.185685396194, "dmean2": 16.0378265381, "dmean": 10.2124433517, "var": 1924.93530273, "dvar": 1713.67260742, "mean": 9.80410671234}, "spectral_strongpeak": {"min": 0, "max": 14.9674386978, "dvar2": 2.42223906517, "median": 0.314320355654, "dmean2": 0.939359605312, "dmean": 0.555994749069, "var": 1.40038454533, "dvar": 0.961013019085, "mean": 0.752244830132}, "spectral_spread": {"min": 1677308.875, "max": 40013824, "dvar2": 978551111680, "median": 4873664, "dmean2": 909110.25, "dmean": 620714.1875, "var": 1685914124290.0, "dvar": 513055096832, "mean": 4952208}, "spectral_rms": {"min": 3.2235835095e-12, "max": 0.0131056020036, "dvar2": 2.96983057524e-06, "median": 0.00449376320466, "dmean2": 0.00175744772423, "dmean": 0.00123049586546, "var": 4.78667561765e-06, "dvar": 1.52028781031e-06, "mean": 0.00470732199028}, "erbbands": {"min": [3.30071782181e-21, 1.09604500779e-20, 2.43969473816e-20, 4.9048966891e-20, 6.38239442078e-20, 1.82079746068e-19, 3.24425664616e-19, 2.7325130884e-19, 3.57662970701e-19, 1.93473140539e-18, 1.38967831834e-18, 1.07272255994e-18, 8.69528847796e-19, 1.74801647522e-18, 1.0526973445e-17, 5.7804882538e-18, 5.46653846975e-18, 3.19556807152e-18, 1.0371652087e-17, 5.62333841308e-18, 6.1282486318e-18, 8.75548427229e-18, 1.07305169511e-17, 1.76446144618e-17, 1.25818762022e-17, 2.05151429456e-17, 1.28521632576e-17, 1.62011909103e-17, 1.71219256502e-17, 1.48400569406e-17, 1.15935881033e-17, 1.91431927621e-17, 1.82335836015e-17, 1.21607130574e-17, 8.29623194184e-18, 6.88689898496e-18, 2.95748894762e-18, 1.25541635837e-18, 3.48083857316e-19, 4.16608707719e-20], "max": [6.91883420944, 29.5542984009, 79.4253158569, 73.5451202393, 90.0448532104, 198.061126709, 205.321960449, 442.232879639, 559.998779297, 1157.7980957, 1104.17077637, 1062.27124023, 1524.4699707, 1119.53234863, 1211.44750977, 1922.00219727, 2139.24194336, 1716.45410156, 1106.34301758, 1472.30224609, 965.701843262, 815.459289551, 893.836425781, 675.985717773, 1380.88684082, 593.427307129, 590.18963623, 679.479614258, 337.468017578, 440.295196533, 216.162261963, 225.638137817, 171.867599487, 121.669090271, 61.8022537231, 10.4261817932, 3.32065725327, 0.583916068077, 0.0727055445313, 0.00324271060526], "dvar2": [0.757059574127, 18.5757350922, 119.262626648, 61.3972854614, 78.8377685547, 374.029571533, 311.549957275, 951.031982422, 2490.58764648, 5145.12402344, 6922.55566406, 6318.79492188, 6217.71191406, 5441.81884766, 5105.23583984, 9033.93554688, 5742.80908203, 3904.85791016, 5149.08105469, 3670.02075195, 3185.73217773, 2784.31738281, 2628.70239258, 2115.91748047, 2056.0300293, 1655.66479492, 2863.84082031, 1665.39916992, 1714.20483398, 1053.80102539, 290.643920898, 166.805252075, 91.0597000122, 17.1626968384, 2.55175185204, 0.264239817858, 0.0351464562118, 0.00167611299548, 4.49844737886e-05, 1.28901348262e-07], "median": [0.153892144561, 0.730451822281, 0.773555397987, 0.617491841316, 1.14507865906, 1.49585795403, 1.66809225082, 1.97635686398, 2.4638068676, 3.91506242752, 3.69702005386, 5.03558397293, 6.61234807968, 6.45118761063, 5.07047224045, 5.12062549591, 5.68997812271, 5.30510425568, 5.67123126984, 8.63606929779, 9.87363243103, 9.23929214478, 13.4766921997, 13.7898845673, 16.194852829, 12.6643333435, 10.2310600281, 8.15097236633, 6.31392621994, 4.97902679443, 2.72693157196, 1.565782547, 0.908066153526, 0.419330239296, 0.140264958143, 0.0446316376328, 0.0119933336973, 0.00229973089881, 0.000218328495976, 4.12240988226e-05], "dmean2": [0.518874168396, 2.63892626762, 4.63546895981, 3.31757736206, 4.60706567764, 8.44240570068, 7.71279621124, 10.5245761871, 16.352689743, 23.9315319061, 29.0874118805, 27.2352924347, 28.9611339569, 28.0753383636, 24.086566925, 27.9580020905, 26.5451374054, 23.3023910522, 23.3481349945, 25.986448288, 27.9674682617, 25.9956092834, 30.5424385071, 27.281496048, 27.6261882782, 24.7480068207, 27.7151489258, 21.8100337982, 19.9934463501, 16.8488178253, 8.71714019775, 5.60148525238, 3.47337532043, 1.5545746088, 0.569497823715, 0.216092824936, 0.0734648481011, 0.0164477769285, 0.00233252602629, 0.000144033416291], "dmean": [0.353108257055, 1.66089308262, 2.76758885384, 1.95613312721, 2.80812120438, 5.1061501503, 4.60241222382, 6.41910219193, 9.91775798798, 14.6941576004, 18.2417049408, 17.3311252594, 18.2563228607, 18.0981884003, 15.653550148, 18.1058158875, 18.1886672974, 15.9943256378, 15.5956497192, 16.8991374969, 18.5552406311, 17.1203708649, 19.8112983704, 17.5279006958, 17.9414253235, 15.6215219498, 17.453496933, 14.2620744705, 12.8239955902, 11.1155815125, 6.00014066696, 3.78791570663, 2.39330339432, 1.09539282322, 0.408845156431, 0.156501725316, 0.0515942201018, 0.0115758189932, 0.00158180878498, 9.58629825618e-05], "var": [0.596151053905, 11.7158813477, 39.7998580933, 18.6217403412, 38.0439071655, 166.021087646, 130.873077393, 420.881652832, 939.262817383, 1941.59082031, 3242.25732422, 3340.04125977, 3143.94311523, 2688.48901367, 2482.06030273, 4690.01708984, 5279.36035156, 4358.02246094, 3604.97631836, 2447.32617188, 2826.77929688, 3208.70947266, 2102.74243164, 1446.23242188, 1481.49023438, 956.667358398, 1349.82409668, 1303.0546875, 927.677490234, 684.314331055, 262.102172852, 107.680953979, 54.2583885193, 10.5732498169, 1.60298371315, 0.217250406742, 0.0261672697961, 0.00124401447829, 2.42596797762e-05, 6.78510474472e-08], "dvar": [0.374111682177, 8.00760173798, 46.6633262634, 23.1913928986, 32.906867981, 152.834014893, 121.370018005, 386.308135986, 973.756835938, 2004.83703613, 2805.73291016, 2657.88183594, 2574.83056641, 2207.3359375, 2079.80541992, 3818.42651367, 2547.23120117, 1822.07739258, 2111.65625, 1560.01220703, 1495.57531738, 1249.5012207, 1139.00842285, 875.678588867, 900.036437988, 673.820800781, 1119.97509766, 712.247070312, 691.675048828, 473.615234375, 144.857223511, 74.0966186523, 39.5669784546, 7.54914426804, 1.15885305405, 0.137014821172, 0.0177787635475, 0.000862513436005, 2.06919085031e-05, 5.94281353017e-08], "mean": [0.454747438431, 2.11522340775, 2.70408511162, 1.93260121346, 3.23943805695, 5.60783147812, 5.54915189743, 7.34100246429, 10.5352458954, 16.4406414032, 21.4030952454, 21.4136600494, 22.761510849, 22.7908763885, 20.0041065216, 22.6762828827, 27.8087005615, 24.6088085175, 22.6511173248, 25.4193286896, 28.077671051, 28.3003921509, 31.3984870911, 27.452955246, 28.9400234222, 23.9146709442, 24.5953464508, 22.361497879, 18.8192119598, 15.5728054047, 9.12598991394, 5.44833374023, 3.44522476196, 1.58868598938, 0.591980397701, 0.209722772241, 0.065811894834, 0.0140461288393, 0.00172488891985, 0.000119507858471]}, "zerocrossingrate": {"min": 0.00244140625, "max": 0.484375, "dvar2": 0.000355157884769, "median": 0.07470703125, "dmean2": 0.0198326595128, "dmean": 0.0173940230161, "var": 0.00225602788851, "dvar": 0.000290930707706, "mean": 0.0821655094624}, "spectral_contrast_coeffs": {"min": [-0.969668567181, -0.952376961708, -0.95882999897, -0.966496229172, -0.961167514324, -0.961096525192], "max": [-0.335040271282, -0.337673217058, -0.325928062201, -0.463503718376, -0.512435317039, -0.554000735283], "dvar2": [0.00620926218107, 0.00612926110625, 0.00378316524439, 0.00234757550061, 0.00128609698731, 0.00123255688231], "median": [-0.71959322691, -0.751425623894, -0.788315057755, -0.791222631931, -0.789200186729, -0.734520733356], "dmean2": [0.0954887494445, 0.0935155823827, 0.0739611312747, 0.0578460581601, 0.0428452864289, 0.0372687913477], "dmean": [0.0587423890829, 0.0592936240137, 0.047488451004, 0.03735204041, 0.027710095048, 0.024038143456], "var": [0.00698559684679, 0.00779214408249, 0.00619038986042, 0.00450966972858, 0.00238702562638, 0.00154060358182], "dvar": [0.00251097348519, 0.00261167786084, 0.00174825359136, 0.00108739302959, 0.0006006101612, 0.000533715938218], "mean": [-0.704811692238, -0.74024605751, -0.773604869843, -0.778252959251, -0.782727658749, -0.737884104252]}, "dissonance": {"min": 0.208902567625, "max": 0.500000119209, "dvar2": 0.000840055348817, "median": 0.482795357704, "dmean2": 0.0259788129479, "dmean": 0.015704812482, "var": 0.000614267890342, "dvar": 0.000333423406119, "mean": 0.475056439638}, "spectral_energyband_high": {"min": 7.71773324782e-21, "max": 0.0351227521896, "dvar2": 1.2815629816e-05, "median": 0.000863455468789, "dmean2": 0.00192057329696, "dmean": 0.0013226083247, "var": 9.70433575276e-06, "dvar": 5.71065993427e-06, "mean": 0.00212959665805}, "spectral_skewness": {"min": -0.0546289198101, "max": 3.72403001785, "dvar2": 0.0809435322881, "median": 1.04125976562, "dmean2": 0.295774430037, "dmean": 0.189942777157, "var": 0.110562331975, "dvar": 0.0352703593671, "mean": 1.05884122849}, "spectral_flux": {"min": 1.03205027857e-10, "max": 0.343913525343, "dvar2": 0.0028877989389, "median": 0.0966581255198, "dmean2": 0.0552674718201, "dmean": 0.034500554204, "var": 0.00265022739768, "dvar": 0.0011855175253, "mean": 0.102439396083}, "silence_rate_30dB": {"min": 0, "max": 1, "dvar2": 0.0248814746737, "median": 1, "dmean2": 0.0178524553776, "dmean": 0.00892564188689, "var": 0.00522272288799, "dvar": 0.00884485337883, "mean": 0.994749963284}, "spectral_energyband_middle_high": {"min": 1.74360928761e-21, "max": 0.0794508159161, "dvar2": 3.16975383612e-05, "median": 0.00326614594087, "dmean2": 0.00368900457397, "dmean": 0.00261400314048, "var": 4.01843972213e-05, "dvar": 1.48641256601e-05, "mean": 0.00558562856168}, "barkbands_spread": {"min": 0.159232750535, "max": 114.856208801, "dvar2": 311.293884277, "median": 31.3586864471, "dmean2": 17.230682373, "dmean": 11.105638504, "var": 378.783111572, "dvar": 141.740325928, "mean": 33.2102546692}, "spectral_centroid": {"min": 129.45425415, "max": 11448.7177734, "dvar2": 438218.875, "median": 2221.04003906, "dmean2": 650.433166504, "dmean": 427.35333252, "var": 632466.75, "dvar": 199346.578125, "mean": 2165.69946289}, "pitch_salience": {"min": 0.0334189422429, "max": 0.922302007675, "dvar2": 0.0205988697708, "median": 0.507950901985, "dmean2": 0.165212184191, "dmean": 0.106606572866, "var": 0.0282821692526, "dvar": 0.009108341299, "mean": 0.494060844183}, "erbbands_skewness": {"min": -4.48944807053, "max": 4.19904899597, "dvar2": 0.518595218658, "median": -0.260583281517, "dmean2": 0.740813910961, "dmean": 0.496460944414, "var": 0.83161085844, "dvar": 0.242227733135, "mean": -0.249494969845}, "erbbands_crest": {"min": 2.35236811638, "max": 31.2141704559, "dvar2": 18.8981761932, "median": 7.2241563797, "dmean2": 4.64497995377, "dmean": 2.90670514107, "var": 19.6054000854, "dvar": 8.04532527924, "mean": 8.4105758667}, "melbands": {"min": [2.45642655748e-23, 1.20121222656e-23, 8.7193119287e-24, 8.0602628186e-24, 1.16947359133e-23, 6.2867899077e-24, 5.18673915258e-24, 2.31343526321e-23, 9.49975647693e-24, 6.15601412455e-24, 4.16171577488e-24, 4.94576462857e-24, 3.07221784875e-23, 2.05820247277e-23, 1.36880572587e-23, 9.12295785441e-24, 4.98273932806e-24, 1.82720380488e-23, 8.76447973756e-24, 7.30220219857e-24, 6.92425657229e-24, 9.37966029272e-24, 8.62605200363e-24, 1.00289922142e-23, 1.5257000625e-23, 9.57154124158e-24, 1.09541990494e-23, 1.34187843219e-23, 6.78639602936e-24, 8.2463882383e-24, 1.00967309113e-23, 1.0254822581e-23, 8.41589551417e-24, 8.09585622265e-24, 5.73686708206e-24, 9.14261784589e-24, 1.28346399213e-23, 1.13179609566e-23, 1.49982084942e-23, 8.15355903128e-24], "max": [0.0493873767555, 0.0407867506146, 0.0110693033785, 0.0123836565763, 0.00686553912237, 0.00921837612987, 0.00901035033166, 0.0103269321844, 0.00803657341748, 0.00755141023546, 0.00743427081034, 0.00475225364789, 0.0040286895819, 0.00572420842946, 0.00401336094365, 0.00464868312702, 0.00392659381032, 0.00233078701422, 0.00162102573086, 0.00279491022229, 0.00123865250498, 0.00119427358732, 0.000632148585282, 0.000834200007375, 0.000626432127319, 0.00102286518086, 0.00106171786319, 0.000287636008579, 0.000356177595677, 0.000335207558237, 0.000528036558535, 0.000243821297772, 0.000217201086343, 0.000233790648053, 0.000133291148813, 0.0001606966689, 0.000164795594173, 0.00013011675037, 9.17814395507e-05, 0.000103070939076], "dvar2": [4.47121492471e-05, 2.42005862674e-05, 1.60628292178e-06, 1.04592243133e-06, 3.98717645567e-07, 4.41411600605e-07, 6.16131842435e-07, 5.89558794672e-07, 4.41751808467e-07, 2.60076006953e-07, 1.65188467349e-07, 1.0407283213e-07, 6.76093918628e-08, 8.33165003655e-08, 4.92455249912e-08, 2.92176451921e-08, 1.6051878049e-08, 1.82726029863e-08, 1.04494493058e-08, 7.12373449119e-09, 5.82084469514e-09, 4.39098135629e-09, 1.86987003659e-09, 2.52339482643e-09, 1.73005865189e-09, 1.57357227248e-09, 1.26690802293e-09, 7.99898258741e-10, 1.42564926531e-09, 1.06981468129e-09, 5.07508257641e-10, 4.5754447453e-10, 5.85241577422e-10, 3.56837559501e-10, 1.13915689381e-10, 6.89622386973e-11, 7.32622157384e-11, 5.64184601815e-11, 2.6401471287e-11, 1.02794986065e-11], "median": [0.00127644999884, 0.000660555146169, 0.000124713784317, 0.000102505306131, 6.26089604339e-05, 4.55212575616e-05, 3.88243279303e-05, 4.06456347264e-05, 2.66918923444e-05, 2.84717025352e-05, 3.01066393149e-05, 2.45038827416e-05, 1.59809151228e-05, 1.13528185466e-05, 1.16997889563e-05, 1.08249096229e-05, 8.09849552752e-06, 7.21561309547e-06, 9.050697372e-06, 1.02193553175e-05, 1.09904885903e-05, 9.00324994291e-06, 9.05702017917e-06, 1.17754570965e-05, 9.38989251154e-06, 1.16278733913e-05, 9.69558004726e-06, 7.36230367693e-06, 6.14536975263e-06, 5.77651644562e-06, 4.16216334997e-06, 3.44459522239e-06, 3.17311196341e-06, 2.4760956876e-06, 1.63976790191e-06, 1.05637809611e-06, 8.41766905069e-07, 6.70468011776e-07, 4.63704765252e-07, 3.05695323277e-07], "dmean2": [0.00401864573359, 0.00252056750469, 0.000584856257774, 0.000480100570712, 0.000284388806904, 0.000234635474044, 0.00025806989288, 0.000270974356681, 0.000233485785429, 0.000172124477103, 0.000149570056237, 0.000119850599731, 8.70641088113e-05, 7.98964174464e-05, 7.28415689082e-05, 6.19690108579e-05, 4.54646542494e-05, 4.19977259298e-05, 3.88488551835e-05, 3.54822550435e-05, 3.59575169568e-05, 3.01301515719e-05, 2.53831003647e-05, 2.8693346394e-05, 2.37216590904e-05, 2.31033009186e-05, 2.05913547688e-05, 1.67815342138e-05, 1.88824342331e-05, 1.72009185917e-05, 1.16621340567e-05, 1.09670354504e-05, 1.19642700156e-05, 9.30298210733e-06, 5.64011907045e-06, 3.58855322702e-06, 3.58969896297e-06, 2.70548684966e-06, 1.84469354281e-06, 1.19773505958e-06], "dmean": [0.00269966432825, 0.00154124072287, 0.000348694768036, 0.000299230916426, 0.00016977461928, 0.000143749086419, 0.000157055546879, 0.000166725076269, 0.000146430975292, 0.000109530883492, 9.38243319979e-05, 7.66357115936e-05, 5.60642802157e-05, 5.09031815454e-05, 4.74174012197e-05, 4.19888965553e-05, 3.05985486193e-05, 2.750305066e-05, 2.49691183853e-05, 2.29466950259e-05, 2.37090844166e-05, 1.96469973162e-05, 1.64772354765e-05, 1.8308417566e-05, 1.49911666085e-05, 1.49445186253e-05, 1.29791624204e-05, 1.04260980152e-05, 1.1554970115e-05, 1.08625508801e-05, 7.6535725384e-06, 7.01940643921e-06, 7.4031972872e-06, 6.18209378445e-06, 3.84909344575e-06, 2.3390541628e-06, 2.41433212977e-06, 1.8436389837e-06, 1.26899351471e-06, 8.36355127376e-07], "var": [3.40334045177e-05, 1.09696711661e-05, 5.31655189207e-07, 5.5050196579e-07, 1.67225451264e-07, 1.96820863607e-07, 2.3099485702e-07, 2.31540525419e-07, 2.04850181262e-07, 1.36563869546e-07, 8.27130506309e-08, 4.93813701041e-08, 3.37153771568e-08, 4.07329459051e-08, 2.74058624683e-08, 3.21577040552e-08, 1.63820299548e-08, 1.25739179069e-08, 5.51409096161e-09, 4.89518869884e-09, 4.63161509145e-09, 4.54675008754e-09, 1.73137426618e-09, 1.7427665977e-09, 1.07104214386e-09, 1.16585863186e-09, 7.03262947876e-10, 4.18768048016e-10, 5.6178872665e-10, 6.00784810789e-10, 4.13280604183e-10, 2.88315510355e-10, 2.70892752674e-10, 2.3299076557e-10, 1.04918962407e-10, 4.59879634374e-11, 4.22313260751e-11, 3.29553433154e-11, 1.47399314976e-11, 6.09800491352e-12], "dvar": [2.12815157283e-05, 9.6377925729e-06, 6.17456123564e-07, 4.56441796359e-07, 1.55747017061e-07, 1.7950117126e-07, 2.40416738961e-07, 2.30104745924e-07, 1.79027708214e-07, 1.10185403912e-07, 6.81547547288e-08, 4.19513170868e-08, 2.80766982996e-08, 3.40327730441e-08, 2.06989305696e-08, 1.37487408125e-08, 7.4784818338e-09, 7.49052642135e-09, 4.27261603875e-09, 3.05922798205e-09, 2.72578759564e-09, 1.96187399659e-09, 8.54965986896e-10, 1.05266828587e-09, 7.08835323771e-10, 6.93277657504e-10, 5.13529219148e-10, 3.20349885508e-10, 5.4373894276e-10, 4.29986490857e-10, 2.17763959642e-10, 1.90490234697e-10, 2.3341872879e-10, 1.65960328813e-10, 5.75445767426e-11, 3.0573692883e-11, 3.17100928848e-11, 2.45351863826e-11, 1.11773836714e-11, 4.49610184153e-12], "mean": [0.00356645206921, 0.00187723746058, 0.000363567523891, 0.000347566732671, 0.000202004535822, 0.000166094891028, 0.000167655671248, 0.00018884826568, 0.000169996870682, 0.000132290981128, 0.000113899754069, 9.39500168897e-05, 6.95053313393e-05, 6.04081033089e-05, 5.85617672186e-05, 6.28440830042e-05, 4.29778992839e-05, 3.72558060917e-05, 3.31728770107e-05, 3.2880991057e-05, 3.31610390276e-05, 3.04260738631e-05, 2.51534165727e-05, 2.7191832487e-05, 2.13792318391e-05, 2.3179274649e-05, 1.88454632735e-05, 1.49091738422e-05, 1.50489204316e-05, 1.52726661327e-05, 1.20249669635e-05, 1.04709661173e-05, 9.81264474831e-06, 8.4107832663e-06, 5.68694667891e-06, 3.54315238837e-06, 3.24657867168e-06, 2.60246383732e-06, 1.7839913653e-06, 1.18753030165e-06]}, "spectral_entropy": {"min": 5.74291324615, "max": 9.80277442932, "dvar2": 0.0638887360692, "median": 7.92710208893, "dmean2": 0.2467867136, "dmean": 0.169326454401, "var": 0.119319401681, "dvar": 0.0338906683028, "mean": 7.89607191086}, "spectral_rolloff": {"min": 21.533203125, "max": 18518.5546875, "dvar2": 3866494.5, "median": 2153.3203125, "dmean2": 1645.22998047, "dmean": 998.73638916, "var": 4317176, "dvar": 1813375.875, "mean": 2446.26464844}, "barkbands": {"min": [3.93067900501e-23, 6.79985667853e-23, 2.07130308582e-23, 2.21799539991e-23, 4.98453564323e-23, 3.11510600736e-23, 3.87656882671e-23, 1.06367025721e-22, 3.34937119048e-23, 3.39660092397e-23, 1.92823442008e-22, 1.49817345541e-22, 1.02443143226e-22, 1.16104358704e-22, 1.34412103753e-22, 9.85495403682e-23, 1.59046753075e-22, 2.0991752771e-22, 3.00323259368e-22, 3.78028128503e-22, 3.4939828366e-22, 4.85383111e-22, 4.56902531262e-22, 9.8348271028e-22, 1.15187596309e-21, 1.70388745259e-21, 2.67454351174e-21], "max": [0.0109384050593, 0.146670490503, 0.0672091320157, 0.0250461939722, 0.0477250255644, 0.04612217471, 0.0658186003566, 0.041747957468, 0.0497831180692, 0.0316763408482, 0.0262004435062, 0.0394701510668, 0.0402587540448, 0.0330456420779, 0.0182111039758, 0.029261784628, 0.0131283765659, 0.0141271278262, 0.0181136652827, 0.016496559605, 0.0136165367439, 0.0110971275717, 0.00853512529284, 0.0099308071658, 0.00938693620265, 0.00163738732226, 0.000432700122474], "dvar2": [8.48155650601e-07, 0.000457576621557, 9.08458241611e-05, 4.91050514029e-06, 1.86440865946e-05, 9.55643645284e-06, 1.75374261744e-05, 1.42542930917e-05, 1.2328372577e-05, 6.91713557899e-06, 3.46274237017e-06, 5.36695279152e-06, 2.96020311907e-06, 1.955531161e-06, 1.76928415385e-06, 1.22077449305e-06, 9.25732877022e-07, 7.97045288436e-07, 8.5261433469e-07, 9.80270442597e-07, 1.33771436595e-06, 1.09661925762e-06, 4.61378846239e-07, 3.53372428208e-07, 7.37820826657e-08, 1.07142703598e-08, 1.41764711081e-09], "median": [0.000222743634367, 0.00421084277332, 0.000446512334747, 0.000156154303113, 0.00048400144442, 0.000239831540966, 0.000198953202926, 0.00012884066382, 0.000191326544154, 0.000178363305167, 0.000107142623165, 0.000102941208752, 0.000110714063339, 8.61844164319e-05, 0.00010969392315, 0.000151454209117, 0.0001564642007, 0.000239832457737, 0.000297765393043, 0.000270854739938, 0.000233646365814, 0.000173491775058, 0.000106078470708, 6.2492894358e-05, 2.81217435258e-05, 7.81218295742e-06, 1.23196480217e-06], "dmean2": [0.000600686005782, 0.0130766788498, 0.00383897218853, 0.000946933461819, 0.00203093839809, 0.00118917413056, 0.0013522360241, 0.00133321888279, 0.00120583467651, 0.000973765680101, 0.000660223246086, 0.000693524954841, 0.000636521726847, 0.000502995564602, 0.000499485933688, 0.000523098744452, 0.000483814656036, 0.000548762385733, 0.000562216038816, 0.000571744458284, 0.000622310326435, 0.000536354549695, 0.000351432827301, 0.00023519883689, 0.00010343358008, 4.28698185715e-05, 1.37678680403e-05], "dmean": [0.000428644707426, 0.00863392278552, 0.00226916070096, 0.000549332937226, 0.00127110641915, 0.00072578759864, 0.000819476612378, 0.000819448323455, 0.000761067320127, 0.000614409567788, 0.000422062497819, 0.000440877716755, 0.000431082182331, 0.000327658024617, 0.000322827196214, 0.000340554834111, 0.000313662720146, 0.000352124363417, 0.000363026018022, 0.000356253032805, 0.000401870027417, 0.000345130014466, 0.000240539346123, 0.000161268719239, 7.46450168663e-05, 3.06836773234e-05, 9.38394805416e-06], "var": [9.57379825195e-07, 0.000342354964232, 2.81253323919e-05, 1.51996698605e-06, 9.61821933743e-06, 4.33147761214e-06, 6.45228828944e-06, 6.428416782e-06, 6.19050297246e-06, 3.3232813621e-06, 1.85699354915e-06, 2.74288754554e-06, 2.88842215923e-06, 1.72660941189e-06, 9.93360345092e-07, 9.88810029412e-07, 9.5438815606e-07, 5.99880365826e-07, 6.35625838186e-07, 4.87057775445e-07, 8.52562322962e-07, 6.67659946885e-07, 3.93753481376e-07, 2.17178182993e-07, 4.97571441826e-08, 8.87417961337e-09, 8.04897870577e-10], "dvar": [4.65382385073e-07, 0.000211893420783, 3.54685071215e-05, 1.81804296062e-06, 8.04383580544e-06, 3.87001227864e-06, 6.81221035848e-06, 5.66493736187e-06, 5.13915301781e-06, 2.80362087324e-06, 1.46821844282e-06, 2.23251731768e-06, 1.34526715101e-06, 8.78662319792e-07, 7.33374122319e-07, 5.55430517579e-07, 4.04532471521e-07, 3.37283154295e-07, 3.64868895986e-07, 3.86013823572e-07, 5.51329947029e-07, 4.5520064873e-07, 2.30519802358e-07, 1.54867848323e-07, 3.38817827128e-08, 5.68611957519e-09, 6.62748078639e-10], "mean": [0.000621805898845, 0.011581139639, 0.00198615761474, 0.000534803373739, 0.00150664744433, 0.000857706938405, 0.000875301135238, 0.000934564741328, 0.000920178019442, 0.000741888361517, 0.000514701823704, 0.000526284507941, 0.000638800614979, 0.000462210387923, 0.000425791164162, 0.000485903176013, 0.000495728920214, 0.000542887311894, 0.000576216727495, 0.000522811780684, 0.000602141488343, 0.000516531174071, 0.000358965422492, 0.000230310834013, 0.000109340879135, 4.00657772843e-05, 1.01752166302e-05]}, "melbands_flatness_db": {"min": 0.00770132988691, "max": 0.625535845757, "dvar2": 0.00357568566687, "median": 0.166322112083, "dmean2": 0.0637366324663, "dmean": 0.0436083376408, "var": 0.00815507769585, "dvar": 0.00180847488809, "mean": 0.18055075407}, "melbands_skewness": {"min": -3.69311761856, "max": 34.0993347168, "dvar2": 8.44528579712, "median": 2.33475327492, "dmean2": 2.31287527084, "dmean": 1.55388820171, "var": 13.0579185486, "dvar": 4.04468917847, "mean": 3.51558494568}, "barkbands_skewness": {"min": -6.19327640533, "max": 36.0440101624, "dvar2": 4.76833581924, "median": 0.95856821537, "dmean2": 1.59792685509, "dmean": 1.09094452858, "var": 6.43426322937, "dvar": 2.3631529808, "mean": 1.66898405552}, "silence_rate_60dB": {"min": 0, "max": 1, "dvar2": 0.0837140902877, "median": 0, "dmean2": 0.0761354714632, "dmean": 0.0380652360618, "var": 0.0584650859237, "dvar": 0.0366090685129, "mean": 0.0623441413045}, "spectral_energyband_low": {"min": 1.13407804938e-22, "max": 0.163979306817, "dvar2": 0.000576155667659, "median": 0.00598965026438, "dmean2": 0.0151552492753, "dmean": 0.00986707769334, "var": 0.000464825279778, "dvar": 0.000262686400674, "mean": 0.0144784897566}, "spectral_energyband_middle_low": {"min": 2.89893028831e-22, "max": 0.0758116021752, "dvar2": 7.88655961514e-05, "median": 0.00312775047496, "dmean2": 0.00573666486889, "dmean": 0.0037194036413, "var": 5.26946350874e-05, "dvar": 3.45496046066e-05, "mean": 0.00584071828052}, "melbands_kurtosis": {"min": -1.8850029707, "max": 1922.80517578, "dvar2": 11031.4208984, "median": 5.99273395538, "dmean2": 41.4952468872, "dmean": 27.1838970184, "var": 8583.79589844, "dvar": 5037.26123047, "mean": 34.2741889954}, "spectral_decrease": {"min": -4.53522943644e-08, "max": -1.51189472865e-29, "dvar2": 4.06700354995e-17, "median": -4.87816453898e-09, "dmean2": 5.04938935109e-09, "dmean": 3.39405281657e-09, "var": 3.80717784774e-17, "dvar": 1.89896465337e-17, "mean": -6.65804122946e-09}, "erbbands_kurtosis": {"min": -1.88675355911, "max": 28.9373645782, "dvar2": 8.03802871704, "median": -0.278132915497, "dmean2": 1.98988938332, "dmean": 1.24586725235, "var": 6.23902320862, "dvar": 3.37390995026, "mean": 0.519080579281}, "melbands_crest": {"min": 2.60879707336, "max": 36.7889480591, "dvar2": 40.2396392822, "median": 16.500333786, "dmean2": 8.06279659271, "dmean": 5.06132316589, "var": 55.5340156555, "dvar": 17.34973526, "mean": 17.2625331879}, "gfcc": {"cov": [[6708.51367188, -434.709503174, -508.961761475, -197.023284912, -325.803771973, -4.5019903183, -218.658874512, -23.5568351746, -127.028450012, 40.5220870972, -110.540786743, 5.73883104324, -15.9645767212], [-434.709503174, 1158.21240234, 91.3662643433, 18.6836738586, 166.674713135, -0.250955075026, 175.39276123, 124.037124634, 144.63104248, 0.523703694344, 100.478553772, -40.3544235229, 27.6466083527], [-508.961761475, 91.3662643433, 1105.09887695, 416.638519287, 141.078994751, 179.252243042, 91.0526809692, -4.25902223587, 27.8456687927, 10.816447258, -28.6161842346, -3.83009529114, -10.9102745056], [-197.023284912, 18.6836738586, 416.638519287, 581.646179199, 154.733291626, 107.345329285, 49.0974082947, 32.7152442932, 62.6965866089, -1.917542696, 10.9996185303, -10.0089893341, 7.7944984436], [-325.803771973, 166.674713135, 141.078994751, 154.733291626, 407.74822998, 150.820037842, 121.656654358, 65.2665557861, 62.725151062, 20.7198524475, 16.4333286285, -13.920003891, 17.0262145996], [-4.5019903183, -0.250955075026, 179.252243042, 107.345329285, 150.820037842, 322.070220947, 146.361724854, 7.48968410492, -2.39547801018, 21.0593299866, 19.9495429993, -17.0745162964, -8.04135704041], [-218.658874512, 175.39276123, 91.0526809692, 49.0974082947, 121.656654358, 146.361724854, 271.129669189, 108.781730652, 39.4219207764, 24.9057292938, 41.8395462036, -23.6552848816, -13.6137266159], [-23.5568351746, 124.037124634, -4.25902223587, 32.7152442932, 65.2665557861, 7.48968410492, 108.781730652, 206.427185059, 97.6800537109, 36.6956214905, 25.7528171539, -8.80634784698, 12.7088241577], [-127.028450012, 144.63104248, 27.8456687927, 62.6965866089, 62.725151062, -2.39547801018, 39.4219207764, 97.6800537109, 159.223907471, 50.1073112488, 25.6190490723, -6.73215198517, 13.9584875107], [40.5220870972, 0.523703694344, 10.816447258, -1.917542696, 20.7198524475, 21.0593299866, 24.9057292938, 36.6956214905, 50.1073112488, 107.968833923, 44.7711601257, -7.29273986816, -8.96401977539], [-110.540786743, 100.478553772, -28.6161842346, 10.9996185303, 16.4333286285, 19.9495429993, 41.8395462036, 25.7528171539, 25.6190490723, 44.7711601257, 111.188285828, 28.6716518402, 3.83813405037], [5.73883104324, -40.3544235229, -3.83009529114, -10.0089893341, -13.920003891, -17.0745162964, -23.6552848816, -8.80634784698, -6.73215198517, -7.29273986816, 28.6716518402, 97.6319122314, 40.0823249817], [-15.9645767212, 27.6466083527, -10.9102745056, 7.7944984436, 17.0262145996, -8.04135704041, -13.6137266159, 12.7088241577, 13.9584875107, -8.96401977539, 3.83813405037, 40.0823249817, 94.1639328003]], "icov": [[0.00017716086586, -2.97458609566e-05, 0.00010809962987, -5.72201133764e-05, 0.000146672857227, -0.000193155821762, 0.00018613388238, -0.00018358163652, 0.000205168209504, -0.000281722022919, 0.000319900369504, -0.000129922715132, 4.97347245982e-05], [-2.97458609566e-05, 0.00139542599209, -0.000306241912767, 0.000419024232542, -0.000436538946815, 0.000620029051788, -0.00071247870801, 0.000230485544307, -0.00123436085414, 0.00148055364843, -0.00188082724344, 0.00135375792161, -0.00066280720057], [0.00010809962987, -0.000306241912767, 0.00150260725059, -0.00106606993359, 0.000210344005609, -0.000592657190282, -0.000121427015983, 0.000173259119038, 0.000339774938766, -0.000969419139437, 0.00149617937859, -0.00093843031209, 0.000436821457697], [-5.72201133764e-05, 0.000419024232542, -0.00106606993359, 0.002838189248, -0.000733294058591, -0.000113826878078, 0.00029226456536, -6.90835222485e-05, -0.00127396790776, 0.00156090431847, -0.00153254671022, 0.000982123194262, -0.000334882031893], [0.000146672857227, -0.000436538946815, 0.000210344005609, -0.000733294058591, 0.00372811965644, -0.00150206289254, -0.000347088440321, -0.000375800824258, -0.000344699976267, -0.000624877284281, 0.00102121348027, -0.000270829477813, -0.000498456298374], [-0.000193155821762, 0.000620029051788, -0.000592657190282, -0.000113826878078, -0.00150206289254, 0.005722199101, -0.00324594811536, 0.00175962573849, 0.000152992055519, -0.000159008253831, -0.00108284747694, 0.000964765553363, -0.000624894630164], [0.00018613388238, -0.00071247870801, -0.000121427015983, 0.00029226456536, -0.000347088440321, -0.00324594811536, 0.00795256532729, -0.00417640665546, 0.0014168334892, 0.000244224327616, -0.00124658655841, 0.000596249301452, 0.00131168309599], [-0.00018358163652, 0.000230485544307, 0.000173259119038, -6.90835222485e-05, -0.000375800824258, 0.00175962573849, -0.00417640665546, 0.00929445400834, -0.00462108291686, -0.000338340731105, -2.72276211035e-05, 0.000345674838172, -0.00120624201372], [0.000205168209504, -0.00123436085414, 0.000339774938766, -0.00127396790776, -0.000344699976267, 0.000152992055519, 0.0014168334892, -0.00462108291686, 0.012050637044, -0.00516735203564, 0.00153906305786, -0.000454429158708, -0.000701617449522], [-0.000281722022919, 0.00148055364843, -0.000969419139437, 0.00156090431847, -0.000624877284281, -0.000159008253831, 0.000244224327616, -0.000338340731105, -0.00516735203564, 0.0156940929592, -0.00799417309463, 0.00362009415403, 0.000501294969581], [0.000319900369504, -0.00188082724344, 0.00149617937859, -0.00153254671022, 0.00102121348027, -0.00108284747694, -0.00124658655841, -2.72276211035e-05, 0.00153906305786, -0.00799417309463, 0.0167894810438, -0.00746858399361, 0.00195860676467], [-0.000129922715132, 0.00135375792161, -0.00093843031209, 0.000982123194262, -0.000270829477813, 0.000964765553363, 0.000596249301452, 0.000345674838172, -0.000454429158708, 0.00362009415403, -0.00746858399361, 0.0163559913635, -0.00668438896537], [4.97347245982e-05, -0.00066280720057, 0.000436821457697, -0.000334882031893, -0.000498456298374, -0.000624894630164, 0.00131168309599, -0.00120624201372, -0.000701617449522, 0.000501294969581, 0.00195860676467, -0.00668438896537, 0.0142075484619]], "mean": [1.89052808285, 56.11743927, -114.846939087, 51.9444885254, -56.0521430969, 19.2250270844, -23.2086963654, 14.2085294724, -15.659245491, 5.13901472092, -11.5490045547, 3.74304032326, -7.16442537308]}, "melbands_spread": {"min": 0.214732170105, "max": 259.347259521, "dvar2": 863.371948242, "median": 32.1903152466, "dmean2": 24.5153827667, "dmean": 15.5966281891, "var": 891.82019043, "dvar": 371.625457764, "mean": 37.7609138489}, "spectral_energy": {"min": 1.06512775915e-20, "max": 0.176050707698, "dvar2": 0.000605291919783, "median": 0.0206987559795, "dmean2": 0.0200555417687, "dmean": 0.0136005850509, "var": 0.000590662588365, "dvar": 0.000284156936686, "mean": 0.027619259432}, "mfcc": {"cov": [[6418.69970703, -431.607299805, -498.480072021, -328.714385986, -265.61151123, -186.829818726, -184.852874756, -166.028961182, -80.3567886353, -81.512550354, -35.0933113098, -122.272277832, -93.2903823853], [-431.607299805, 1059.46008301, -42.8534660339, 1.30162286758, 24.1161975861, -44.3607826233, 75.488861084, 81.455039978, 75.6006622314, 77.685836792, 63.0491676331, 64.2012252808, 69.0000305176], [-498.480072021, -42.8534660339, 901.274291992, 265.660095215, 129.163589478, 196.933609009, 73.2439041138, 53.7167739868, 43.617641449, 13.1123695374, 2.20901322365, 44.49949646, 18.3572788239], [-328.714385986, 1.30162286758, 265.660095215, 444.251617432, 173.205383301, 48.1199302673, 26.6309452057, 68.4562149048, 75.8974075317, 30.6664562225, 24.0184211731, 54.4223022461, 30.0032901764], [-265.61151123, 24.1161975861, 129.163589478, 173.205383301, 306.897857666, 132.729171753, 43.6592674255, 48.8789672852, 65.870010376, 35.3151016235, 7.46156549454, 21.884935379, 13.2363414764], [-186.829818726, -44.3607826233, 196.933609009, 48.1199302673, 132.729171753, 308.516906738, 143.423202515, 52.0804481506, 17.0810413361, 34.1279373169, 24.2104091644, -5.4840760231, -9.4393901825], [-184.852874756, 75.488861084, 73.2439041138, 26.6309452057, 43.6592674255, 143.423202515, 254.085250854, 98.4700164795, 47.3942184448, 61.2151298523, 57.8081169128, 23.5972270966, 8.61421203613], [-166.028961182, 81.455039978, 53.7167739868, 68.4562149048, 48.8789672852, 52.0804481506, 98.4700164795, 161.695175171, 75.3214645386, 33.8917732239, 27.5290641785, 29.2728233337, 21.2705307007], [-80.3567886353, 75.6006622314, 43.617641449, 75.8974075317, 65.870010376, 17.0810413361, 47.3942184448, 75.3214645386, 161.239776611, 80.585319519, 22.8969497681, 28.7502613068, 26.4322738647], [-81.512550354, 77.685836792, 13.1123695374, 30.6664562225, 35.3151016235, 34.1279373169, 61.2151298523, 33.8917732239, 80.585319519, 140.216278076, 72.6689682007, 24.2867355347, 17.2961235046], [-35.0933113098, 63.0491676331, 2.20901322365, 24.0184211731, 7.46156549454, 24.2104091644, 57.8081169128, 27.5290641785, 22.8969497681, 72.6689682007, 126.190414429, 60.6641731262, 15.5293502808], [-122.272277832, 64.2012252808, 44.49949646, 54.4223022461, 21.884935379, -5.4840760231, 23.5972270966, 29.2728233337, 28.7502613068, 24.2867355347, 60.6641731262, 114.013664246, 51.344455719], [-93.2903823853, 69.0000305176, 18.3572788239, 30.0032901764, 13.2363414764, -9.4393901825, 8.61421203613, 21.2705307007, 26.4322738647, 17.2961235046, 15.5293502808, 51.344455719, 91.1512298584]], "icov": [[0.000176546483999, 6.20850114501e-05, 6.18123594904e-05, 5.08707926201e-05, 7.85197189543e-05, 4.11902738051e-06, 5.70941665501e-05, 8.44643218443e-05, -0.000135819849675, 0.000114455178846, -0.000151614673086, 0.000130947199068, 3.81545069104e-05], [6.20850114501e-05, 0.00110997655429, 1.87326677406e-05, 0.000202318638912, -0.000177708992851, 0.000434787216363, -0.000257085921476, -0.000307330163196, -8.2917016698e-05, -0.000270036864094, -0.000207012024475, -4.02958066843e-05, -0.000546965457033], [6.18123594904e-05, 1.87326677406e-05, 0.00163090066053, -0.000927007291466, 0.000406216626288, -0.00117445131764, 0.000153077708092, 0.000129162479425, -0.00013377450523, 5.00457899761e-05, 0.000558050349355, -0.000659261713736, 0.000106120678538], [5.08707926201e-05, 0.000202318638912, -0.000927007291466, 0.00375003949739, -0.00187587190885, 0.00097288104007, 0.000135708920425, -0.000758919457439, -0.000540419190656, 0.000240117966314, -0.000553234072868, -0.000471162900794, -0.000140528863994], [7.85197189543e-05, -0.000177708992851, 0.000406216626288, -0.00187587190885, 0.00561915477738, -0.00277895131148, 0.000920473015867, 7.6950978837e-05, -0.0013178413501, -0.000272219942417, 0.000930019537918, -0.000701576122083, 0.000212384402403], [4.11902738051e-06, 0.000434787216363, -0.00117445131764, 0.00097288104007, -0.00277895131148, 0.00668765930459, -0.00321250408888, -0.000202244526008, 0.00114118761849, -0.000385817460483, -0.000670593930408, 0.00143872306217, 8.43877714942e-05], [5.70941665501e-05, -0.000257085921476, 0.000153077708092, 0.000135708920425, 0.000920473015867, -0.00321250408888, 0.00751094846055, -0.00332409469411, 0.000104510836536, -0.00116009928752, -0.00136053061578, -0.00012811041961, 0.000270854565315], [8.44643218443e-05, -0.000307330163196, 0.000129162479425, -0.000758919457439, 7.6950978837e-05, -0.000202244526008, -0.00332409469411, 0.0105752553791, -0.00440428406, 0.00236813304946, -0.000848586088978, -0.000156222886289, -0.000582494016271], [-0.000135819849675, -8.2917016698e-05, -0.00013377450523, -0.000540419190656, -0.0013178413501, 0.00114118761849, 0.000104510836536, -0.00440428406, 0.0126317525283, -0.00781044643372, 0.00403423560783, -0.00188102398533, -0.00035267797648], [0.000114455178846, -0.000270036864094, 5.00457899761e-05, 0.000240117966314, -0.000272219942417, -0.000385817460483, -0.00116009928752, 0.00236813304946, -0.00781044643372, 0.0163171384484, -0.00954321585596, 0.00417385203764, -0.00176749448292], [-0.000151614673086, -0.000207012024475, 0.000558050349355, -0.000553234072868, 0.000930019537918, -0.000670593930408, -0.00136053061578, -0.000848586088978, 0.00403423560783, -0.00954321585596, 0.0180109925568, -0.00974451191723, 0.00325479079038], [0.000130947199068, -4.02958066843e-05, -0.000659261713736, -0.000471162900794, -0.000701576122083, 0.00143872306217, -0.00012811041961, -0.000156222886289, -0.00188102398533, 0.00417385203764, -0.00974451191723, 0.0180638413876, -0.00800971314311], [3.81545069104e-05, -0.000546965457033, 0.000106120678538, -0.000140528863994, 0.000212384402403, 8.43877714942e-05, 0.000270854565315, -0.000582494016271, -0.00035267797648, -0.00176749448292, 0.00325479079038, -0.00800971314311, 0.0159319061786]], "mean": [-638.167236328, 79.7497406006, 4.09521436691, 34.4452514648, -0.112630598247, 11.2405519485, 4.85917758942, 11.1064271927, 5.33347415924, 6.41104698181, 2.66445827484, 3.15165114403, 2.42045092583]}, "spectral_contrast_valleys": {"min": [-27.1381721497, -27.6096973419, -27.6439323425, -27.1275272369, -27.2533531189, -27.1862850189], "max": [-5.17536878586, -4.81618976593, -4.71220445633, -5.48918819427, -5.29816627502, -6.99200105667], "dvar2": [0.340071558952, 0.492647111416, 0.401762247086, 0.345096677542, 0.358594655991, 0.354484587908], "median": [-7.11832952499, -7.13727664948, -7.51135015488, -7.81690597534, -7.14449739456, -9.62112140656], "dmean2": [0.719215154648, 0.777689754963, 0.677478075027, 0.598782420158, 0.564003825188, 0.512777268887], "dmean": [0.471890419722, 0.500776946545, 0.463126152754, 0.425897479057, 0.407544612885, 0.402023583651], "var": [1.14790689945, 0.939003169537, 0.992942035198, 0.935066044331, 0.835851669312, 0.980899572372], "dvar": [0.176099702716, 0.241170451045, 0.216029390693, 0.191358417273, 0.204160094261, 0.207337900996], "mean": [-7.36369800568, -7.24677801132, -7.58258199692, -7.85652780533, -7.23804473877, -9.63517284393]}, "barkbands_flatness_db": {"min": 0.0127058215439, "max": 0.498465925455, "dvar2": 0.00226723309606, "median": 0.112722143531, "dmean2": 0.049400921911, "dmean": 0.0333792120218, "var": 0.0041860230267, "dvar": 0.00113105296623, "mean": 0.125050738454}, "dynamic_complexity": 3.00294756889, "erbbands_flatness_db": {"min": 0.0333798415959, "max": 0.399482697248, "dvar2": 0.000759751885198, "median": 0.133575022221, "dmean2": 0.0291983261704, "dmean": 0.0202406272292, "var": 0.00181900605094, "dvar": 0.000402928504627, "mean": 0.140360534191}, "hfc