{"lowlevel": {"spectral_complexity": {"min": 0, "max": 63, "dvar2": 59.4856300354, "median": 16, "dmean2": 6.98292732239, "dmean": 5.03645133972, "var": 192.279586792, "dvar": 35.5859413147, "mean": 19.4867782593}, "silence_rate_20dB": {"min": 1, "max": 1, "dvar2": 0, "median": 1, "dmean2": 0, "dmean": 0, "var": 0, "dvar": 0, "mean": 1}, "average_loudness": 0.944280683994, "erbbands_spread": {"min": 2.44958162308, "max": 171.014602661, "dvar2": 452.250762939, "median": 43.0525894165, "dmean2": 19.5809631348, "dmean": 12.9794301987, "var": 603.221862793, "dvar": 197.254745483, "mean": 47.658706665}, "spectral_kurtosis": {"min": -1.21779561043, "max": 106.556266785, "dvar2": 11.1971445084, "median": 2.15846204758, "dmean2": 1.64950585365, "dmean": 1.04811728001, "var": 11.0856981277, "dvar": 5.20576047897, "mean": 2.78043437004}, "barkbands_kurtosis": {"min": -1.95578563213, "max": 327.110717773, "dvar2": 348.339660645, "median": -0.0540864467621, "dmean2": 6.67268848419, "dmean": 4.28954744339, "var": 320.195892334, "dvar": 154.492477417, "mean": 4.78509950638}, "spectral_strongpeak": {"min": 0, "max": 15.1310539246, "dvar2": 2.0490219593, "median": 0.276959806681, "dmean2": 0.784894526005, "dmean": 0.45923152566, "var": 0.994773328304, "dvar": 0.802476584911, "mean": 0.612720429897}, "spectral_spread": {"min": 623163.875, "max": 40758504, "dvar2": 1417908977660.0, "median": 5297223, "dmean2": 979890.875, "dmean": 699965.0625, "var": 2976977518590.0, "dvar": 748437635072, "mean": 5515284}, "spectral_rms": {"min": 2.344218899e-07, "max": 0.00980688072741, "dvar2": 2.32278830481e-06, "median": 0.003851627931, "dmean2": 0.00123051507398, "dmean": 0.000879737897776, "var": 2.96880625683e-06, "dvar": 1.11159818061e-06, "mean": 0.00396765815094}, "erbbands": {"min": [1.20356419275e-10, 8.69970706585e-10, 4.22671675437e-09, 1.33130484414e-08, 2.63976023263e-08, 3.31818554855e-08, 2.9966688686e-08, 1.99260892231e-08, 1.16052492061e-08, 8.57798543308e-09, 1.21387895291e-08, 1.45411069852e-08, 1.24130608015e-08, 2.9293001802e-08, 3.65700678628e-08, 2.58514898377e-08, 1.94390068486e-08, 1.60433355489e-08, 6.9467387398e-09, 4.1240211246e-09, 3.55235907357e-09, 3.74810298354e-08, 2.21104752285e-08, 5.578089457e-08, 4.07736919783e-08, 5.88181769956e-08, 7.88259342244e-08, 4.34081037781e-08, 4.73213326302e-08, 1.5725601088e-07, 4.11982910009e-08, 7.00897686556e-08, 6.91631356631e-08, 3.52966686989e-08, 2.32691501623e-08, 1.08234248231e-08, 3.68117847316e-09, 1.00274855086e-09, 5.15630038667e-10, 7.08069852751e-11], "max": [2.26735663414, 15.8669843674, 41.6120223999, 49.6926956177, 153.802688599, 258.702789307, 135.124740601, 123.811775208, 201.597747803, 327.938262939, 518.804077148, 594.103210449, 785.775756836, 768.289428711, 488.323913574, 545.604187012, 443.793487549, 779.483276367, 1023.72851562, 1137.99719238, 963.29119873, 1325.91772461, 798.62298584, 842.251342773, 334.496582031, 316.645080566, 482.025238037, 542.171081543, 523.331604004, 550.490234375, 313.896697998, 295.285552979, 76.417137146, 47.8580360413, 27.1651382446, 8.0591173172, 1.25828671455, 0.200243458152, 0.0241216346622, 0.00147454813123], "dvar2": [0.111758641899, 7.3355255127, 45.8994598389, 39.6256866455, 667.918395996, 2709.12988281, 312.014587402, 265.304473877, 246.136642456, 360.16583252, 813.070251465, 1070.85998535, 558.461181641, 748.626464844, 384.324188232, 485.809448242, 1073.11962891, 2903.47485352, 4311.47167969, 5297.27050781, 2655.0612793, 2085.48071289, 1406.56945801, 565.106262207, 771.518188477, 888.959350586, 463.852386475, 713.66027832, 844.723999023, 845.515441895, 262.544128418, 109.92363739, 23.5396537781, 12.3486804962, 6.80191516876, 0.807641267776, 0.0307297799736, 0.000754285720177, 1.11845938591e-05, 4.31047126881e-08], "median": [0.0476650483906, 0.434675991535, 1.54611551762, 2.05965781212, 1.85852479935, 2.49227142334, 2.32836151123, 2.21015167236, 2.34782218933, 2.95468854904, 4.57966709137, 4.75052261353, 3.98030567169, 4.16369724274, 4.79264545441, 4.4133234024, 5.66320419312, 6.58725738525, 11.4563522339, 11.3797197342, 9.47335529327, 9.48895072937, 10.2483091354, 8.71792030334, 10.0389461517, 11.3272361755, 8.2425699234, 6.82093524933, 6.7419052124, 5.20007658005, 3.55695843697, 2.4200026989, 1.40993475914, 0.63899576664, 0.322558164597, 0.0969745665789, 0.0187477059662, 0.0025722971186, 0.000226231044508, 3.21951156366e-05], "dmean2": [0.161211654544, 1.25077426434, 3.17443466187, 3.64197254181, 10.0007419586, 18.8095970154, 9.41215801239, 7.49511241913, 8.48583698273, 8.31625938416, 13.3416013718, 16.003993988, 10.6752758026, 11.1823291779, 10.8507471085, 11.9044380188, 17.6251354218, 26.9134407043, 34.9999504089, 38.4943199158, 26.9744815826, 19.5917282104, 19.096452713, 13.488368988, 16.5053672791, 18.0299186707, 12.9597120285, 12.7220897675, 13.000670433, 10.625292778, 6.21667766571, 4.60333395004, 2.59781646729, 1.79863739014, 1.31362950802, 0.452599108219, 0.0920362323523, 0.0138077745214, 0.00156900216825, 0.000104181803181], "dmean": [0.103678710759, 0.763462483883, 1.85588383675, 2.15415382385, 6.04591464996, 10.9423360825, 5.70751571655, 4.33419084549, 5.04225444794, 5.12522745132, 8.46478939056, 10.3526563644, 6.83464050293, 7.26963329315, 6.83752918243, 7.54612731934, 11.049955368, 16.8159694672, 21.0163326263, 23.6774215698, 17.2505588531, 12.5427532196, 13.1842193604, 8.7653503418, 10.4044570923, 11.6523618698, 8.92014789581, 9.05974006653, 9.34770202637, 7.59400463104, 4.48515176773, 3.22375655174, 1.85346710682, 1.26421093941, 0.899589300156, 0.31552863121, 0.065762847662, 0.0100082410499, 0.0011001934763, 7.42797346902e-05], "var": [0.0683303996921, 2.78045034409, 14.0197534561, 14.8425378799, 236.454330444, 716.125549316, 125.778892517, 82.2485275269, 130.045013428, 182.933776855, 645.404602051, 1109.23413086, 702.035217285, 774.921386719, 289.898620605, 482.757659912, 1026.81396484, 2429.84741211, 3075.46435547, 3767.77929688, 2266.87426758, 1638.53942871, 2710.16918945, 693.864257812, 611.189941406, 782.306640625, 531.317199707, 804.047424316, 890.829223633, 685.995422363, 233.432266235, 111.981750488, 30.0785675049, 11.7365236282, 5.17602729797, 0.571470141411, 0.0235282741487, 0.000599290360697, 7.32782518753e-06, 3.03362845955e-08], "dvar": [0.0528227388859, 2.9158449173, 16.2887630463, 14.2023677826, 265.877990723, 999.106140137, 124.173233032, 95.6113204956, 94.939163208, 138.887710571, 349.56817627, 471.205322266, 235.520126343, 346.628967285, 159.343215942, 206.640945435, 439.209197998, 1149.66223145, 1609.99084473, 2116.55395508, 1064.83618164, 852.161193848, 822.954284668, 270.591552734, 321.853210449, 385.259399414, 229.727294922, 353.080780029, 402.408874512, 371.749389648, 119.081100464, 53.0606765747, 11.7142009735, 5.8897395134, 3.2137067318, 0.377338975668, 0.0147028341889, 0.000372749753296, 5.26878511664e-06, 2.07703809707e-08], "mean": [0.133079946041, 0.915092527866, 2.63399887085, 3.14695048332, 6.17538166046, 9.58338546753, 6.2570567131, 5.03012418747, 6.40326595306, 7.35997200012, 12.6492834091, 15.6458425522, 11.3949174881, 11.8126115799, 10.6385345459, 12.344420433, 18.3855705261, 26.6058559418, 34.348361969, 38.1739234924, 29.7894687653, 22.6732501984, 24.4676265717, 16.6910400391, 18.5442428589, 21.2095336914, 16.5464496613, 16.5243873596, 17.4578819275, 14.1177558899, 8.71386814117, 6.31144857407, 3.74175000191, 2.12226176262, 1.28223621845, 0.417898446321, 0.0859664157033, 0.012889334932, 0.00132167828269, 0.000100719516922]}, "zerocrossingrate": {"min": 0, "max": 0.482421875, "dvar2": 0.000327309506247, "median": 0.0830078125, "dmean2": 0.016783317551, "dmean": 0.0151575580239, "var": 0.0023180230055, "dvar": 0.000278485793388, "mean": 0.0878835916519}, "spectral_contrast_coeffs": {"min": [-0.987510323524, -0.954158365726, -0.973422944546, -0.964759290218, -0.957437753677, -0.95894908905], "max": [-0.291149526834, -0.407368659973, -0.438515692949, -0.457200497389, -0.581276059151, -0.550102651119], "dvar2": [0.00722256535664, 0.00464660860598, 0.002871631179, 0.00235269009136, 0.0013936473988, 0.000680713390466], "median": [-0.680460989475, -0.755068302155, -0.790513217449, -0.793291568756, -0.793136954308, -0.754056572914], "dmean2": [0.0994914993644, 0.0847368165851, 0.0665260851383, 0.0562928207219, 0.0425693280995, 0.0293205603957], "dmean": [0.0621295012534, 0.0516665950418, 0.0423393957317, 0.035517141223, 0.0269090309739, 0.019445605576], "var": [0.00899456813931, 0.00486444821581, 0.00516044441611, 0.00421403162181, 0.00255587138236, 0.00164481776301], "dvar": [0.00306663312949, 0.00175700522959, 0.00124267989304, 0.00096136983484, 0.00059387733927, 0.000335760152666], "mean": [-0.666775226593, -0.74871557951, -0.779885947704, -0.782138586044, -0.786398231983, -0.75744086504]}, "dissonance": {"min": 0.193277359009, "max": 0.500000178814, "dvar2": 0.000672025198583, "median": 0.481594741344, "dmean2": 0.0238110981882, "dmean": 0.014469509013, "var": 0.000616890552919, "dvar": 0.000273535086308, "mean": 0.474387347698}, "spectral_energyband_high": {"min": 2.02047285153e-11, "max": 0.0366812907159, "dvar2": 4.93726565765e-06, "median": 0.000919957528822, "dmean2": 0.00116954813711, "dmean": 0.000917694007512, "var": 7.49006039769e-06, "dvar": 2.67055793302e-06, "mean": 0.00197021197528}, "spectral_skewness": {"min": -0.576861083508, "max": 8.54503250122, "dvar2": 0.131651952863, "median": 1.14011764526, "dmean2": 0.278182387352, "dmean": 0.184738427401, "var": 0.21395675838, "dvar": 0.0634766444564, "mean": 1.1887973547}, "spectral_flux": {"min": 2.44355287577e-05, "max": 0.274576932192, "dvar2": 0.00213780347258, "median": 0.0713321566582, "dmean2": 0.039183691144, "dmean": 0.0262414738536, "var": 0.00216501392424, "dvar": 0.0010082507506, "mean": 0.0809834450483}, "silence_rate_30dB": {"min": 1, "max": 1, "dvar2": 0, "median": 1, "dmean2": 0, "dmean": 0, "var": 0, "dvar": 0, "mean": 1}, "spectral_energyband_middle_high": {"min": 5.24889853804e-12, "max": 0.034055467695, "dvar2": 1.18366233437e-05, "median": 0.00253956019878, "dmean2": 0.00248227198608, "dmean": 0.00168639235198, "var": 2.60135911958e-05, "dvar": 6.18482908976e-06, "mean": 0.00453075580299}, "barkbands_spread": {"min": 0.531604111195, "max": 125.457290649, "dvar2": 209.02696228, "median": 35.0488433838, "dmean2": 13.8386802673, "dmean": 8.95967769623, "var": 351.24911499, "dvar": 93.9848251343, "mean": 35.6753845215}, "spectral_centroid": {"min": 147.043655396, "max": 10537.0996094, "dvar2": 325230.65625, "median": 2025.31152344, "dmean2": 546.663818359, "dmean": 359.523956299, "var": 652098.375, "dvar": 161706.078125, "mean": 1962.9407959}, "pitch_salience": {"min": 0.0632515847683, "max": 0.929967284203, "dvar2": 0.0161068439484, "median": 0.563507318497, "dmean2": 0.143283352256, "dmean": 0.0881807506084, "var": 0.0168299246579, "dvar": 0.00626897951588, "mean": 0.556824147701}, "erbbands_skewness": {"min": -8.58030033112, "max": 6.94460535049, "dvar2": 0.4842274189, "median": -0.253183662891, "dmean2": 0.624688744545, "dmean": 0.415803551674, "var": 0.850224614143, "dvar": 0.234390318394, "mean": -0.185329064727}, "erbbands_crest": {"min": 2.3536195755, "max": 32.1436233521, "dvar2": 14.6583833694, "median": 6.62732076645, "dmean2": 3.99842572212, "dmean": 2.45856165886, "var": 14.6774435043, "dvar": 6.18970012665, "mean": 7.65708351135}, "melbands": {"min": [1.15275486639e-12, 1.86883234582e-12, 2.68708839901e-12, 2.22586228962e-12, 1.14879601058e-12, 4.5458675344e-13, 1.71153957435e-13, 8.42082344609e-14, 1.11391507184e-13, 8.62219163796e-14, 5.97118925486e-14, 1.13892239823e-13, 1.20596105801e-13, 9.46861065574e-14, 4.11813425971e-14, 4.67692494433e-14, 2.62895072736e-14, 8.86060329112e-15, 1.02547915702e-14, 2.5042050512e-15, 2.75329880626e-15, 3.5559811931e-14, 3.42614391718e-14, 1.42272041451e-14, 5.12964575873e-14, 3.08950964584e-14, 2.4466046932e-14, 4.56378912526e-14, 4.74403502593e-14, 5.19447088424e-14, 1.42063222419e-14, 2.12377705889e-14, 4.2294015241e-14, 1.03709101311e-13, 1.80471922942e-14, 2.22071337285e-14, 4.88464113992e-14, 3.56122873161e-14, 6.85551265821e-14, 1.60934481209e-14], "max": [0.0195951443166, 0.0202633533627, 0.00788437295705, 0.0166565105319, 0.00428772065789, 0.00250875740312, 0.00264621130191, 0.00311167002656, 0.00345860654488, 0.00386540801264, 0.00392430182546, 0.00313118100166, 0.00120838207658, 0.00168377300724, 0.000935505726375, 0.00150100165047, 0.00179142982233, 0.00194084912073, 0.00196606991813, 0.00149248656817, 0.00107791484334, 0.00125491025392, 0.000800713896751, 0.000982264406048, 0.000809957098681, 0.000390149070881, 0.00048081993009, 0.000231343496125, 0.0002073043579, 0.000494794803672, 0.000293336226605, 0.00027341322857, 0.000349586713128, 0.00029010741855, 0.000191636165255, 0.000134329689899, 0.000204584051971, 6.30558206467e-05, 5.75240919716e-05, 3.46185188391e-05], "dvar2": [9.09984282771e-06, 1.1054225979e-05, 1.16649403026e-06, 1.13333671834e-05, 8.16422527805e-07, 1.08607025595e-07, 5.17527105615e-08, 4.27833022343e-08, 5.39478008932e-08, 4.16773140444e-08, 1.44934411139e-08, 1.47827661223e-08, 3.93526944364e-09, 3.82607678873e-09, 4.40225988996e-09, 6.4622192042e-09, 1.34352591274e-08, 1.29688739747e-08, 1.29207373689e-08, 1.01492663163e-08, 4.00163990832e-09, 2.60460963908e-09, 1.67512759219e-09, 1.03137764995e-09, 4.48399206654e-10, 4.91224838584e-10, 6.54006071521e-10, 4.53613924201e-10, 2.16807211073e-10, 2.89134605147e-10, 2.93888358094e-10, 2.74790273869e-10, 4.94036922483e-10, 2.31334576495e-10, 1.04911759835e-10, 6.65689794954e-11, 4.77712487623e-11, 1.38921287668e-11, 1.21821138246e-11, 1.00235774542e-11], "median": [0.000483893440105, 0.00085398851661, 0.000397475610953, 0.00017324424698, 8.68835195433e-05, 5.03663650306e-05, 3.49580950569e-05, 3.24503707816e-05, 3.4983833757e-05, 2.6863104722e-05, 1.78446316568e-05, 1.53516048158e-05, 1.35488917294e-05, 1.28016254166e-05, 1.01318901216e-05, 1.17216050057e-05, 9.90526768874e-06, 1.65054952959e-05, 1.32831019073e-05, 1.4660724446e-05, 8.68083407113e-06, 8.41937344376e-06, 9.65883191384e-06, 7.39757160773e-06, 5.99335180596e-06, 5.95543224335e-06, 7.8544671851e-06, 7.01806811776e-06, 5.43598707736e-06, 3.48429966834e-06, 3.86032752431e-06, 3.72141403204e-06, 3.36025914294e-06, 2.62277512775e-06, 2.13894873013e-06, 1.56087139658e-06, 1.43499994465e-06, 1.06476136352e-06, 6.89402895659e-07, 4.5235702828e-07], "dmean2": [0.00143819593359, 0.00154942250811, 0.000678393931594, 0.00117514340673, 0.0004284872266, 0.000160491617862, 0.000123450430692, 9.48188680923e-05, 0.000113537775178, 9.78816970019e-05, 5.37319720024e-05, 4.87684119435e-05, 3.42753010045e-05, 3.44121581293e-05, 3.44948311977e-05, 4.34901812696e-05, 5.51772063773e-05, 6.01556748734e-05, 5.67125534872e-05, 5.15178908245e-05, 3.09647912218e-05, 2.16672615352e-05, 2.20877464017e-05, 1.5160509065e-05, 1.16054443424e-05, 1.24954985949e-05, 1.38139976116e-05, 1.28216133817e-05, 9.35738262342e-06, 7.72392832005e-06, 8.29310556583e-06, 7.74091040512e-06, 8.1173820945e-06, 5.85495354244e-06, 4.10936945627e-06, 3.13105351779e-06, 3.14223120768e-06, 2.02336468647e-06, 1.76872129032e-06, 1.57833096637e-06], "dmean": [0.000916505348869, 0.000933845585678, 0.00040520253242, 0.00070018437691, 0.00025386485504, 9.30781898205e-05, 7.34116329113e-05, 5.91001880821e-05, 7.1760834544e-05, 6.34558527963e-05, 3.43537467415e-05, 3.15993347613e-05, 2.156928349e-05, 2.15975360334e-05, 2.16044554691e-05, 2.73464320344e-05, 3.41711711371e-05, 3.54527983291e-05, 3.51937851519e-05, 3.20132639899e-05, 1.95084121515e-05, 1.36665303216e-05, 1.45176873048e-05, 1.01406167232e-05, 7.41414623917e-06, 7.8177317846e-06, 8.63446166477e-06, 8.1805519585e-06, 6.17219393462e-06, 5.30840043211e-06, 5.72112094233e-06, 5.42566476724e-06, 5.58633155379e-06, 4.06470917369e-06, 2.86526801574e-06, 2.13902467294e-06, 2.1234839096e-06, 1.39535359267e-06, 1.21939990549e-06, 1.08689698664e-06], "var": [4.90435104439e-06, 3.6797255234e-06, 4.61040826849e-07, 3.43139322467e-06, 2.59563790905e-07, 3.62216141525e-08, 2.75688947227e-08, 2.49970977251e-08, 4.23477715117e-08, 4.523442243e-08, 1.87968698384e-08, 1.57294799408e-08, 2.71153588471e-09, 3.83481513211e-09, 3.42917405582e-09, 7.35788230344e-09, 1.03016235542e-08, 8.28522850327e-09, 9.4681507079e-09, 7.12723702279e-09, 2.99012725691e-09, 1.83159420963e-09, 2.14922502018e-09, 1.39377775987e-09, 4.99745411719e-10, 3.71713715364e-10, 4.24146051614e-10, 3.63903046585e-10, 2.10208697671e-10, 2.42680764373e-10, 3.11952574883e-10, 2.76445755176e-10, 3.84140247389e-10, 1.76297754173e-10, 8.96080223911e-11, 5.0128325102e-11, 4.46648447394e-11, 1.60301268787e-11, 1.13013730318e-11, 8.29766810817e-12], "dvar": [4.08924961448e-06, 4.09323092754e-06, 4.27007194048e-07, 4.3459290282e-06, 3.08564210627e-07, 3.94508177237e-08, 2.00168237541e-08, 1.6799239333e-08, 2.30168684112e-08, 1.857050691e-08, 6.23360740803e-09, 6.94633328635e-09, 1.61586033443e-09, 1.61689450717e-09, 1.78789905103e-09, 2.7483040288e-09, 5.26747401253e-09, 4.6047832214e-09, 5.36728661515e-09, 3.93127574938e-09, 1.56848445343e-09, 1.05057240685e-09, 7.86755438575e-10, 5.29186638953e-10, 2.10977124659e-10, 2.03561612011e-10, 2.59430865679e-10, 1.9415101471e-10, 9.92893267604e-11, 1.32670499586e-10, 1.40666756021e-10, 1.28439592295e-10, 2.14736464721e-10, 1.00119544599e-10, 4.71751734898e-11, 2.88602110959e-11, 2.25413507304e-11, 6.60161682264e-12, 5.57542640528e-12, 4.59902472008e-12], "mean": [0.00117318890989, 0.00133635522798, 0.000594250159338, 0.000647118140478, 0.00025788001949, 0.000111998742796, 9.37216391321e-05, 8.55728794704e-05, 0.000104738777736, 9.46941509028e-05, 5.60449589102e-05, 4.98468107253e-05, 3.16890946124e-05, 3.33291027346e-05, 3.36508055625e-05, 4.36159061792e-05, 5.03757582919e-05, 5.33442762389e-05, 5.31716395926e-05, 4.97988439747e-05, 3.13015007123e-05, 2.22124690481e-05, 2.49711829383e-05, 1.81721861736e-05, 1.27241573864e-05, 1.26804343381e-05, 1.45240755955e-05, 1.38944906212e-05, 1.07655605461e-05, 8.88756312634e-06, 9.96774815576e-06, 9.73246642388e-06, 9.70182554738e-06, 7.17490274837e-06, 5.28007649336e-06, 3.92137735616e-06, 3.90266723116e-06, 2.71856242762e-06, 2.12037593883e-06, 1.68081965057e-06]}, "spectral_entropy": {"min": 4.73141765594, "max": 9.79377651215, "dvar2": 0.0894535332918, "median": 7.99496173859, "dmean2": 0.243344455957, "dmean": 0.172407016158, "var": 0.188156962395, "dvar": 0.0477695316076, "mean": 7.8815407753}, "spectral_rolloff": {"min": 21.533203125, "max": 10874.2675781, "dvar2": 3096372, "median": 2196.38671875, "dmean2": 1395.70581055, "dmean": 868.920227051, "var": 4131763, "dvar": 1428579.5, "mean": 2526.83666992}, "barkbands": {"min": [1.93310601901e-12, 3.81593151175e-12, 4.41277786881e-12, 5.59192536026e-12, 9.74732447534e-12, 2.77509699248e-12, 7.30982386166e-13, 3.90825663932e-13, 6.47641879362e-13, 5.75001472217e-13, 8.62294393875e-13, 7.29055813116e-13, 4.26042854424e-13, 1.94344621776e-13, 1.45039416675e-13, 3.14073243866e-14, 6.37070637129e-13, 3.03378334824e-13, 1.08032062029e-12, 1.32117526554e-12, 1.60572065627e-12, 1.67952945388e-12, 2.7382571037e-12, 4.00112104906e-12, 3.41749133333e-12, 1.99676364852e-12, 3.92100067692e-12], "max": [0.00334747391753, 0.0717145353556, 0.0395229607821, 0.014531372115, 0.0636707171798, 0.0144365699962, 0.0153064560145, 0.0209738109261, 0.019786613062, 0.0207990054041, 0.00838007032871, 0.0117603270337, 0.0113855022937, 0.0141632631421, 0.0194490719587, 0.0169189460576, 0.0203689448535, 0.0157002378255, 0.0131685687229, 0.00859951879829, 0.0133070545271, 0.0136525956914, 0.0109199071303, 0.00799915101379, 0.00343172997236, 0.00113963673357, 0.000138587012771], "dvar2": [1.0369706871e-07, 0.000122980462038, 3.45148437191e-05, 3.54346366294e-06, 0.000168300946825, 2.11148312701e-06, 1.17328113447e-06, 1.39507210406e-06, 1.61790876518e-06, 7.94016330019e-07, 2.24935149618e-07, 2.86625066792e-07, 5.93709501118e-07, 1.65593189649e-06, 2.28956378123e-06, 1.43710246903e-06, 6.7112165425e-07, 3.99934066309e-07, 2.29843237776e-07, 3.95800725528e-07, 3.42150258348e-07, 7.4180405818e-07, 3.73899951001e-07, 1.32541828179e-07, 1.01915418327e-07, 1.60826587603e-08, 3.91614046746e-10], "median": [0.000103675294667, 0.00187960348558, 0.00144835270476, 0.000421046599513, 0.000771545921452, 0.000283541303361, 0.000163929478731, 0.000169306324096, 0.00017756424495, 0.000126505095977, 8.43407615321e-05, 9.2793488875e-05, 0.000119729054859, 0.000109347747639, 0.000203592237085, 0.000177779671503, 0.000160666560987, 0.000174681830686, 0.000165320467204, 0.00024062259763, 0.000182024072274, 0.000184098491445, 0.000133647103212, 9.89425971056e-05, 5.18391789228e-05, 1.36718954309e-05, 1.21611901704e-06], "dmean2": [0.000202413575607, 0.00525912409648, 0.00290814298205, 0.00114563910756, 0.00489438511431, 0.000782450137194, 0.000569520983845, 0.000574177945964, 0.00064751697937, 0.00039415966603, 0.000248752185144, 0.000294969067909, 0.000417770614149, 0.000618432124611, 0.000778318906669, 0.000623894331511, 0.0003900785523, 0.000333689851686, 0.000287448696326, 0.000377285177819, 0.00030304963002, 0.00036136599374, 0.000241151530645, 0.000181887648068, 0.000166348429048, 6.59091892885e-05, 9.39400888456e-06], "dmean": [0.000132697547087, 0.00332053378224, 0.00171034340747, 0.000669201777782, 0.00294879870489, 0.000459117552964, 0.000339702586643, 0.000364214123692, 0.000415462214733, 0.000256403873209, 0.000154702400323, 0.000186096658581, 0.000261324632447, 0.00037547579268, 0.000476970046293, 0.000391652720282, 0.000246993731707, 0.000226452248171, 0.000182532559847, 0.000243505375693, 0.000215578445932, 0.00026153284125, 0.000174254659214, 0.000130154701765, 0.000116793999041, 4.6673550969e-05, 6.63269383949e-06], "var": [7.72810082594e-08, 5.92942524236e-05, 1.13944142868e-05, 1.35920970479e-06, 5.20038884133e-05, 8.17362035832e-07, 6.02515456194e-07, 1.09873178644e-06, 1.5746986719e-06, 1.07873631805e-06, 1.51038250351e-07, 2.73391151495e-07, 5.7228123751e-07, 1.13189139483e-06, 1.52933057507e-06, 1.05936169348e-06, 5.27877944023e-07, 6.53328413591e-07, 2.15899135014e-07, 3.51972119006e-07, 3.84114144936e-07, 7.55146118081e-07, 3.41087684319e-07, 1.63037128686e-07, 9.07037218667e-08, 1.20398384595e-08, 2.67486227612e-10], "dvar": [5.01481522974e-08, 5.28331875103e-05, 1.22097408166e-05, 1.28819829115e-06, 6.46450716886e-05, 7.78282696956e-07, 4.54881671885e-07, 5.91192701904e-07, 6.93808601682e-07, 3.76199466245e-07, 9.44579454654e-08, 1.20851552765e-07, 2.41596609385e-07, 6.12415703927e-07, 9.19471744965e-07, 5.57645648769e-07, 2.78635980067e-07, 2.15068041598e-07, 1.00899534061e-07, 1.70198134697e-07, 1.71622161815e-07, 3.48893280488e-07, 1.68650359456e-07, 6.63349268848e-08, 4.94760286074e-08, 7.65415020254e-09, 1.88705467918e-10], "mean": [0.000193453990505, 0.0042015700601, 0.00246473867446, 0.000831611338072, 0.00279772235081, 0.00057981396094, 0.000431377411587, 0.00053115101764, 0.000608379836194, 0.000418016454205, 0.000217943685129, 0.000284376612399, 0.000417999573983, 0.000539962085895, 0.000720664043911, 0.000618200050667, 0.000405322294682, 0.000410186796216, 0.000320706720231, 0.000447636761237, 0.000395303213736, 0.00049204507377, 0.000335695425747, 0.000264113681624, 0.00018161337357, 6.13718948443e-05, 7.87404587754e-06]}, "melbands_flatness_db": {"min": 0.0146694770083, "max": 0.575390100479, "dvar2": 0.00254798075184, "median": 0.153251796961, "dmean2": 0.0491093657911, "dmean": 0.0329876504838, "var": 0.00670880079269, "dvar": 0.00123198016081, "mean": 0.169270738959}, "melbands_skewness": {"min": -4.74987030029, "max": 21.0366649628, "dvar2": 4.33793497086, "median": 2.53232693672, "dmean2": 1.71444785595, "dmean": 1.13476133347, "var": 5.73564863205, "dvar": 1.9201644659, "mean": 3.00969624519}, "barkbands_skewness": {"min": -8.42828655243, "max": 16.8088951111, "dvar2": 1.63602292538, "median": 0.997175693512, "dmean2": 1.0895332098, "dmean": 0.729537546635, "var": 2.89169716835, "dvar": 0.765492558479, "mean": 1.32034742832}, "silence_rate_60dB": {"min": 0, "max": 1, "dvar2": 0.0817191228271, "median": 0, "dmean2": 0.0794850289822, "dmean": 0.0397397316992, "var": 0.0766264945269, "dvar": 0.0381631031632, "mean": 0.0836015120149}, "spectral_energyband_low": {"min": 1.19509211555e-11, "max": 0.0802482888103, "dvar2": 0.000184407719644, "median": 0.00499056838453, "dmean2": 0.00699826935306, "dmean": 0.0045097633265, "var": 9.96919698082e-05, "dvar": 7.98780019977e-05, "mean": 0.00733278971165}, "spectral_energyband_middle_low": {"min": 1.9993952674e-11, "max": 0.0728072151542, "dvar2": 0.000216010696022, "median": 0.00348847312853, "dmean2": 0.00680702924728, "dmean": 0.00418820558116, "var": 7.77378227212e-05, "dvar": 8.38454216137e-05, "mean": 0.00588985346258}, "melbands_kurtosis": {"min": -1.93293642998, "max": 715.872375488, "dvar2": 2477.84472656, "median": 6.99339008331, "dmean2": 21.6931972504, "dmean": 13.8231725693, "var": 1900.9407959, "dvar": 1049.6463623, "mean": 19.8879299164}, "spectral_decrease": {"min": -2.34170869362e-08, "max": -9.15464275842e-18, "dvar2": 2.39623784437e-17, "median": -3.58249829802e-09, "dmean2": 3.17960724416e-09, "dmean": 2.11638928604e-09, "var": 1.48110907299e-17, "dvar": 1.02285192353e-17, "mean": -4.48736381387e-09}, "erbbands_kurtosis": {"min": -1.88277065754, "max": 105.689414978, "dvar2": 15.7039365768, "median": -0.0995160341263, "dmean2": 1.94569909573, "dmean": 1.23612689972, "var": 11.0309581757, "dvar": 7.31376743317, "mean": 0.649600982666}, "melbands_crest": {"min": 2.62292981148, "max": 37.7391662598, "dvar2": 33.496761322, "median": 14.3874073029, "dmean2": 6.67770338058, "dmean": 4.16526460648, "var": 34.805267334, "dvar": 13.3366289139, "mean": 14.9498376846}, "gfcc": {"cov": [[9284.13085938, -1112.87866211, -653.28112793, -56.3843078613, -182.514434814, 244.791610718, -325.327026367, -33.6742515564, -130.876190186, 134.427658081, -281.706939697, -69.7984466553, -122.303108215], [-1112.87866211, 1570.78637695, 7.95940160751, -23.3072528839, 249.051208496, -19.7820587158, 186.871871948, 33.9754066467, 116.152542114, -108.205299377, 79.6534729004, -55.9113578796, 39.8962860107], [-653.28112793, 7.95940160751, 1405.98376465, 346.461639404, -96.9912261963, 79.4907531738, 85.6052017212, 33.5285797119, -113.507003784, 45.7472686768, 74.191619873, 29.4084300995, -45.3072052002], [-56.3843078613, -23.3072528839, 346.461639404, 455.586639404, 95.035369873, 67.4307861328, 60.3554611206, 44.8535118103, 40.301322937, 14.9581022263, 35.5011940002, -2.55939674377, -3.54802036285], [-182.514434814, 249.051208496, -96.9912261963, 95.035369873, 489.112121582, 99.180557251, 25.3954639435, -4.4845495224, 51.4282417297, 9.0962638855, -30.2855739594, -4.08284902573, 29.3171138763], [244.791610718, -19.7820587158, 79.4907531738, 67.4307861328, 99.180557251, 209.208984375, 92.6094665527, 45.7347602844, 15.6579179764, 30.1751155853, 9.02717590332, -4.80243730545, -12.2701444626], [-325.327026367, 186.871871948, 85.6052017212, 60.3554611206, 25.3954639435, 92.6094665527, 236.484344482, 118.143005371, 39.1098365784, -12.4649066925, 34.3464164734, -7.91232585907, -13.5711183548], [-33.6742515564, 33.9754066467, 33.5285797119, 44.8535118103, -4.4845495224, 45.7347602844, 118.143005371, 205.383804321, 90.1509399414, -2.29310846329, 6.89605331421, -5.30622720718, -6.23648452759], [-130.876190186, 116.152542114, -113.507003784, 40.301322937, 51.4282417297, 15.6579179764, 39.1098365784, 90.1509399414, 152.784515381, 23.0316867828, 2.57550907135, -16.7153339386, 7.28886222839], [134.427658081, -108.205299377, 45.7472686768, 14.9581022263, 9.0962638855, 30.1751155853, -12.4649066925, -2.29310846329, 23.0316867828, 111.678062439, 31.2879333496, 2.81032013893, -12.378452301], [-281.706939697, 79.6534729004, 74.191619873, 35.5011940002, -30.2855739594, 9.02717590332, 34.3464164734, 6.89605331421, 2.57550907135, 31.2879333496, 99.6464996338, 28.696346283, 0.780278086662], [-69.7984466553, -55.9113578796, 29.4084300995, -2.55939674377, -4.08284902573, -4.80243730545, -7.91232585907, -5.30622720718, -16.7153339386, 2.81032013893, 28.696346283, 80.4688186646, 34.3316078186], [-122.303108215, 39.8962860107, -45.3072052002, -3.54802036285, 29.3171138763, -12.2701444626, -13.5711183548, -6.23648452759, 7.28886222839, -12.378452301, 0.780278086662, 34.3316078186, 80.5580062866]], "icov": [[0.000172614949406, -7.15882415534e-05, 0.00018209296104, -0.000204072493943, 0.000221441703616, -0.000407897605328, 0.000373677816242, -0.000287673174171, 0.000452984677395, -0.000441077834694, 0.000661955971736, -0.000206647528103, 0.000261800305452], [-7.15882415534e-05, 0.00139359675813, -0.000474073865917, 0.000854739628267, -0.00102765439078, 0.000825658906251, -0.00119904952589, 0.0010408333037, -0.00177812995389, 0.00217695324682, -0.00249056238681, 0.00189783098176, -0.000938802026212], [0.00018209296104, -0.000474073865917, 0.00144536606967, -0.00137243815698, 0.000772924220655, -0.00070522754686, 0.000528626609594, -0.0010314543033, 0.0023079761304, -0.0016226740554, 0.00123443175107, -0.00103036791552, 0.000853185309097], [-0.000204072493943, 0.000854739628267, -0.00137243815698, 0.00393131142482, -0.00144056091085, 0.000456447160104, -0.00095030060038, 0.000997511669993, -0.00284593482502, 0.00230006990023, -0.00301108649001, 0.00177155551501, -0.000935852935072], [0.000221441703616, -0.00102765439078, 0.000772924220655, -0.00144056091085, 0.00364763475955, -0.00225952267647, 0.000938905228395, -0.000106569765194, 0.000816590734757, -0.00207810732536, 0.00351067679003, -0.00172574818134, 2.95081486001e-06], [-0.000407897605328, 0.000825658906251, -0.00070522754686, 0.000456447160104, -0.00225952267647, 0.00838262680918, -0.00407300470397, 0.00067818100797, -0.000840916647576, -0.000422957964474, -0.00171117193531, 0.00114229694009, -0.000398411706556], [0.000373677816242, -0.00119904952589, 0.000528626609594, -0.00095030060038, 0.000938905228395, -0.00407300470397, 0.00956500694156, -0.00524192163721, 0.0024996267166, 3.8991929614e-05, -0.000294806435704, -0.000397901982069, 0.00161233753897], [-0.000287673174171, 0.0010408333037, -0.0010314543033, 0.000997511669993, -0.000106569765194, 0.00067818100797, -0.00524192163721, 0.0108500113711, -0.00759274465963, 0.00292185158469, -0.000948334462009, -0.000145905010868, -0.000182096788194], [0.000452984677395, -0.00177812995389, 0.0023079761304, -0.00284593482502, 0.000816590734757, -0.000840916647576, 0.0024996267166, -0.00759274465963, 0.0154205160215, -0.00680708605796, 0.0036431835033, 0.000294829602353, -0.000453073589597], [-0.000441077834694, 0.00217695324682, -0.0016226740554, 0.00230006990023, -0.00207810732536, -0.000422957964474, 3.8991929614e-05, 0.00292185158469, -0.00680708605796, 0.0162357781082, -0.00921047851443, 0.0030527706258, 0.000264404079644], [0.000661955971736, -0.00249056238681, 0.00123443175107, -0.00301108649001, 0.00351067679003, -0.00171117193531, -0.000294806435704, -0.000948334462009, 0.0036431835033, -0.00921047851443, 0.0209462195635, -0.00949043687433, 0.00323551078327], [-0.000206647528103, 0.00189783098176, -0.00103036791552, 0.00177155551501, -0.00172574818134, 0.00114229694009, -0.000397901982069, -0.000145905010868, 0.000294829602353, 0.0030527706258, -0.00949043687433, 0.0213676337153, -0.00960336439312], [0.000261800305452, -0.000938802026212, 0.000853185309097, -0.000935852935072, 2.95081486001e-06, -0.000398411706556, 0.00161233753897, -0.000182096788194, -0.000453073589597, 0.000264404079644, 0.00323551078327, -0.00960336439312, 0.01805318892]], "mean": [-5.71764850616, 56.7357711792, -107.330963135, 50.1016387939, -56.7431755066, 20.6007766724, -35.932346344, 8.76428508759, -21.73005867, 4.19296741486, -18.1360855103, -1.77531218529, -10.7518110275]}, "melbands_spread": {"min": 0.427121758461, "max": 309.082519531, "dvar2": 631.459472656, "median": 33.6475563049, "dmean2": 20.0910053253, "dmean": 12.9816017151, "var": 772.542175293, "dvar": 280.800140381, "mean": 37.8402786255}, "spectral_energy": {"min": 5.63274635268e-11, "max": 0.0985792726278, "dvar2": 0.000373078655684, "median": 0.0152059141546, "dmean2": 0.0126392254606, "dmean": 0.00861123297364, "var": 0.00026012089802, "dvar": 0.000162293508765, "mean": 0.0191788673401}, "mfcc": {"cov": [[9225.77441406, -1069.6496582, -817.048828125, -396.418518066, -51.2861747742, 95.5599441528, -207.88760376, -188.859115601, 5.8717045784, 34.3182868958, -57.4943771362, -92.313079834, -120.877883911], [-1069.6496582, 1380.87133789, -102.491188049, 24.951089859, 72.0945968628, 10.782752037, 69.8707199097, 95.4113006592, 53.1341781616, -4.42529201508, 22.3028049469, 18.2207889557, -5.50204277039], [-817.048828125, -102.491188049, 1324.10888672, 271.323791504, -64.3113098145, 0.674260914326, 163.419021606, 33.3971748352, -81.2163314819, 3.04369854927, 2.77314591408, 45.0793037415, 75.2394638062], [-396.418518066, 24.951089859, 271.323791504, 371.661193848, 131.76322937, 49.3854293823, 52.5331306458, 48.499622345, 27.696138382, 17.216999054, 7.89154291153, 24.7680683136, 29.647819519], [-51.2861747742, 72.0945968628, -64.3113098145, 131.76322937, 321.571716309, 127.785217285, 11.581823349, -5.44254016876, 44.9081268311, 10.9656801224, -11.0787582397, -5.15225839615, -0.0982237383723], [95.5599441528, 10.782752037, 0.674260914326, 49.3854293823, 127.785217285, 215.037506104, 75.677772522, -14.4955377579, 6.64408254623, 5.2777428627, 11.4151706696, 2.48312163353, 2.01170420647], [-207.88760376, 69.8707199097, 163.419021606, 52.5331306458, 11.581823349, 75.677772522, 193.755844116, 75.9402999878, 15.117638588, 14.1566295624, 34.5139083862, 17.4626350403, 11.7418899536], [-188.859115601, 95.4113006592, 33.3971748352, 48.499622345, -5.44254016876, -14.4955377579, 75.9402999878, 192.084060669, 83.9236450195, 43.8776473999, 33.2954788208, 19.1966972351, 3.37345075607], [5.8717045784, 53.1341781616, -81.2163314819, 27.696138382, 44.9081268311, 6.64408254623, 15.117638588, 83.9236450195, 139.795639038, 65.7260131836, 24.4696178436, 6.60678720474, -1.25598144531], [34.3182868958, -4.42529201508, 3.04369854927, 17.216999054, 10.9656801224, 5.2777428627, 14.1566295624, 43.8776473999, 65.7260131836, 131.144668579, 57.5924835205, 27.2308597565, 1.39380657673], [-57.4943771362, 22.3028049469, 2.77314591408, 7.89154291153, -11.0787582397, 11.4151706696, 34.5139083862, 33.2954788208, 24.4696178436, 57.5924835205, 100.628990173, 44.9213104248, 4.53372430801], [-92.313079834, 18.2207889557, 45.0793037415, 24.7680683136, -5.15225839615, 2.48312163353, 17.4626350403, 19.1966972351, 6.60678720474, 27.2308597565, 44.9213104248, 87.4288787842, 38.2457084656], [-120.877883911, -5.50204277039, 75.2394638062, 29.647819519, -0.0982237383723, 2.01170420647, 11.7418899536, 3.37345075607, -1.25598144531, 1.39380657673, 4.53372430801, 38.2457084656, 78.6340713501]], "icov": [[0.000134747446282, 0.000101452911622, 6.03687403782e-05, 7.92139471741e-05, 3.72029935534e-05, -0.000123687539599, 5.21633446624e-05, 4.14425740018e-05, -3.79884913855e-05, -7.94111256255e-05, 9.13797848625e-05, -2.06352633541e-05, 0.000125818478409], [0.000101452911622, 0.000860286818352, 0.000125627673697, 8.67694325279e-05, -0.00021186369122, 9.02046085685e-05, -0.000253666628851, -0.000244577095145, -0.000128650237457, 0.000227552518481, -2.17983888433e-05, -0.000213072707993, 0.000207830817089], [6.03687403782e-05, 0.000125627673697, 0.00121850788128, -0.00089854496764, 0.000453782849945, 0.000222235059482, -0.00100102182478, 9.65713188634e-05, 0.000896452693269, -0.000558039289899, 0.000532271806151, -5.78425351705e-05, -0.000563663255889], [7.92139471741e-05, 8.67694325279e-05, -0.00089854496764, 0.00427386071533, -0.00193907646462, 3.77203978132e-05, 0.000171813822817, -0.000825303257443, -0.000356706703315, 0.000172453132109, -7.40369505365e-05, -0.000466199562652, -0.000395174924051], [3.72029935534e-05, -0.00021186369122, 0.000453782849945, -0.00193907646462, 0.00550821516663, -0.00308215292171, 0.00079532887321, 0.000652166607324, -0.0014925180003, -0.000160145791597, 0.0011129322229, 1.93660616787e-05, 0.000183677242603], [-0.000123687539599, 9.02046085685e-05, 0.000222235059482, 3.77203978132e-05, -0.00308215292171, 0.00809883885086, -0.00400182232261, 0.00197826838121, 6.83716571075e-05, -2.74577596429e-05, -0.000667267944664, 6.98925578035e-05, -0.000102977413917], [5.21633446624e-05, -0.000253666628851, -0.00100102182478, 0.000171813822817, 0.00079532887321, -0.00400182232261, 0.00937210675329, -0.00383234187029, 0.000652536866255, 0.000864256115165, -0.00226459163241, 0.000727401115, -0.000404344376875], [4.14425740018e-05, -0.000244577095145, 9.65713188634e-05, -0.000825303257443, 0.000652166607324, 0.00197826838121, -0.00383234187029, 0.00967912469059, -0.0053418870084, 0.000116094524856, -0.000299118401017, -0.00090176431695, 0.00074104196392], [-3.79884913855e-05, -0.000128650237457, 0.000896452693269, -0.000356706703315, -0.0014925180003, 6.83716571075e-05, 0.000652536866255, -0.0053418870084, 0.0138750858605, -0.00565632851794, 0.00065890600672, 0.0014208444627, -0.00106971745845], [-7.94111256255e-05, 0.000227552518481, -0.000558039289899, 0.000172453132109, -0.000160145791597, -2.74577596429e-05, 0.000864256115165, 0.000116094524856, -0.00565632851794, 0.013314569369, -0.00633222656325, -0.000866873830091, 0.000689613691065], [9.13797848625e-05, -2.17983888433e-05, 0.000532271806151, -7.40369505365e-05, 0.0011129322229, -0.000667267944664, -0.00226459163241, -0.000299118401017, 0.00065890600672, -0.00633222656325, 0.0180839467794, -0.00829290691763, 0.00314060156234], [-2.06352633541e-05, -0.000213072707993, -5.78425351705e-05, -0.000466199562652, 1.93660616787e-05, 6.98925578035e-05, 0.000727401115, -0.00090176431695, 0.0014208444627, -0.000866873830091, -0.00829290691763, 0.0200990214944, -0.00914668757468], [0.000125818478409, 0.000207830817089, -0.000563663255889, -0.000395174924051, 0.000183677242603, -0.000102977413917, -0.000404344376875, 0.00074104196392, -0.00106971745845, 0.000689613691065, 0.00314060156234, -0.00914668757468, 0.0178832057863]], "mean": [-648.661193848, 82.2638015747, 10.5260887146, 30.7787742615, 7.11123943329, 13.4769611359, 0.351211965084, 4.69848585129, 1.96889972687, 5.27747917175, -0.609895586967, -1.23329389095, -1.41269028187]}, "spectral_contrast_valleys": {"min": [-27.6577358246, -27.5738010406, -27.0047683716, -27.3626689911, -27.2067184448, -27.1887207031], "max": [-5.56592750549, -4.88335227966, -5.46527385712, -5.37872076035, -5.53861951828, -7.55265951157], "dvar2": [0.336952894926, 0.430125296116, 0.372757852077, 0.531055271626, 0.432098597288, 0.373950481415], "median": [-7.08686685562, -7.14582920074, -7.65695476532, -7.76963615417, -7.3451795578, -9.44210338593], "dmean2": [0.683383405209, 0.708773434162, 0.650462031364, 0.670759856701, 0.53940987587, 0.453363329172], "dmean": [0.427182495594, 0.455925643444, 0.444611996412, 0.459020078182, 0.388813227415, 0.386336326599], "var": [1.39190244675, 1.07085335255, 1.1857458353, 1.60542201996, 1.1572445631, 1.36770033836], "dvar": [0.166282564402, 0.203731581569, 0.197606176138, 0.274131447077, 0.226647809148, 0.229485213757], "mean": [-7.43293571472, -7.29877376556, -7.80004739761, -7.84814977646, -7.48234462738, -9.66481876373]}, "barkbands_flatness_db": {"min": 0.0198430661112, "max": 0.437641113997, "dvar2": 0.00161556107923, "median": 0.0961811840534, "dmean2": 0.0373722240329, "dmean": 0.0248363371938, "var": 0.00345875392668, "dvar": 0.000762322044466, "mean": 0.110285788774}, "dynamic_complexity": 3.32610678673, "erbbands_flatness_db": {"min": 0.0273756142706, "max": 0.424924880266, "dvar2": 0.000755597138777, "median": 0.12566998601, "dmean2": 0.0267485994846, "dmean": 0.0189412701875, "var": 0.00175529380795, "dvar": 0.000408767780755, "mean": 0.133779868484}, "hfc": {"min": 2.40077383751e-07, "max": 241.300018311, "dvar2": 342.080078125, 