{"lowlevel": {"spectral_complexity": {"min": 0, "max": 58, "dvar2": 40.3378181458, "median": 7, "dmean2": 4.49175786972, "dmean": 3.04994535446, "var": 74.3401870728, "dvar": 21.7139015198, "mean": 9.7233915329}, "silence_rate_20dB": {"min": 1, "max": 1, "dvar2": 0, "median": 1, "dmean2": 0, "dmean": 0, "var": 0, "dvar": 0, "mean": 1}, "average_loudness": 0.915437102318, "erbbands_spread": {"min": 0.503424823284, "max": 217.553314209, "dvar2": 925.99810791, "median": 25.7584533691, "dmean2": 20.4337882996, "dmean": 12.9614458084, "var": 1130.69543457, "dvar": 378.574920654, "mean": 37.2010231018}, "spectral_kurtosis": {"min": -1.598716259, "max": 1122.12915039, "dvar2": 1455.61047363, "median": 5.30188655853, "dmean2": 9.64001178741, "dmean": 6.07943725586, "var": 1343.33483887, "dvar": 566.022338867, "mean": 13.2101774216}, "barkbands_kurtosis": {"min": -1.95034968853, "max": 4013.27490234, "dvar2": 4142.08740234, "median": 6.89487791061, "dmean2": 18.9537944794, "dmean": 12.7455472946, "var": 7394.84179688, "dvar": 2501.10522461, "mean": 19.5391464233}, "spectral_strongpeak": {"min": 0, "max": 18.5883140564, "dvar2": 3.51202249527, "median": 0.390486180782, "dmean2": 0.856419205666, "dmean": 0.504064083099, "var": 1.72333180904, "dvar": 1.29416310787, "mean": 0.871991693974}, "spectral_spread": {"min": 106537.132812, "max": 40057184, "dvar2": 4252871163900.0, "median": 4785140.5, "dmean2": 1368413.75, "dmean": 900956, "var": 7642793639940.0, "dvar": 2069479686140.0, "mean": 5045748}, "spectral_rms": {"min": 3.24555139708e-12, "max": 0.0139828398824, "dvar2": 4.54124847238e-06, "median": 0.0044986512512, "dmean2": 0.00171175180003, "dmean": 0.00111342116725, "var": 6.88158479534e-06, "dvar": 2.05153583011e-06, "mean": 0.0047142826952}, "erbbands": {"min": [1.49949836308e-22, 2.94434444265e-22, 7.47702510321e-22, 9.76014880896e-21, 4.91269835937e-20, 1.44602312163e-19, 1.43034119893e-19, 1.36060832233e-19, 2.8289375324e-19, 7.70751333442e-19, 9.13427219506e-19, 4.0240959028e-19, 3.82647702609e-19, 4.02206284795e-19, 1.16070459182e-18, 2.32639418761e-18, 3.82270684025e-18, 3.77524859338e-18, 6.41504538506e-18, 1.05892204404e-17, 6.73606880412e-18, 8.7746153055e-18, 1.08479360662e-17, 9.245496141e-18, 1.26842687543e-17, 1.95572826855e-17, 1.4394956016e-17, 1.5661617688e-17, 1.33853349291e-17, 1.87115748816e-17, 1.77695617477e-17, 1.76865822973e-17, 1.24036766828e-17, 1.23755318625e-17, 9.21231958099e-18, 5.69652321777e-18, 2.81783314967e-18, 1.07161300055e-18, 2.93874265679e-19, 4.20314153746e-20], "max": [7.69687843323, 34.8923835754, 73.2857971191, 121.45275116, 161.333236694, 821.627502441, 614.492797852, 722.471679688, 1269.86657715, 2827.60131836, 1016.56365967, 1796.95800781, 1836.12805176, 2992.71630859, 4863.43847656, 2798.07885742, 1147.36987305, 654.324035645, 489.935546875, 669.245727539, 792.618103027, 326.304046631, 215.583297729, 294.927276611, 470.709564209, 559.719177246, 273.808349609, 238.3462677, 194.702575684, 274.04776001, 1585.04467773, 1788.34472656, 196.783843994, 72.2130050659, 39.7490272522, 16.6650333405, 4.22660970688, 1.475446105, 0.233703017235, 0.0172399673611], "dvar2": [0.740801155567, 19.4772758484, 70.6707763672, 183.461700439, 419.101745605, 14377.5634766, 9185.58496094, 2186.59936523, 2429.82763672, 5716.58056641, 4653.77734375, 4539.06787109, 7459.46386719, 4060.85791016, 11965.3691406, 9765.74414062, 3176.00244141, 1765.80322266, 2532.73364258, 4294.70361328, 7150.71386719, 2831.04150391, 260.566864014, 147.552810669, 187.396286011, 306.619110107, 156.750366211, 110.907089233, 100.936683655, 673.571411133, 22546.6796875, 25647.5976562, 335.175476074, 33.4578208923, 4.30244016647, 0.689538598061, 0.107968889177, 0.0138387857005, 0.000430554791819, 3.0106793929e-06], "median": [0.0825100019574, 0.381411314011, 0.765023052692, 1.60438716412, 3.01535797119, 5.80075263977, 6.95895528793, 5.68003845215, 5.61665725708, 4.37805557251, 2.25676941872, 2.21648406982, 1.98063898087, 1.89517307281, 2.13829898834, 1.41426944733, 2.34977388382, 1.1370036602, 0.767727017403, 0.674331903458, 0.756918549538, 0.589022099972, 0.62388586998, 0.587235927582, 0.60181415081, 0.605022192001, 0.477412223816, 0.358165442944, 0.310760378838, 0.226735949516, 0.286753177643, 0.253417491913, 0.148602217436, 0.0990315377712, 0.0504271835089, 0.0155327040702, 0.00538590177894, 0.000945512787439, 5.19430177519e-05, 3.2122778066e-05], "dmean2": [0.379628062248, 1.94983935356, 3.70915770531, 6.36957502365, 10.478307724, 37.3237266541, 32.9878768921, 22.660528183, 21.9532375336, 25.7513179779, 23.7263946533, 21.4216861725, 27.2714290619, 18.5095844269, 24.4429912567, 26.8391475677, 18.0297241211, 15.3376913071, 16.4599304199, 18.7279510498, 20.1956176758, 13.6491346359, 5.65989923477, 3.90166711807, 3.86311912537, 5.48421812057, 4.18592166901, 3.69135427475, 3.47579479218, 5.46515274048, 22.6891479492, 20.1739749908, 3.51767706871, 1.60744154453, 0.578672289848, 0.215997725725, 0.0832758396864, 0.0247286371887, 0.00397113244981, 0.000299763662042], "dmean": [0.24552449584, 1.15463531017, 2.26937532425, 3.61331772804, 5.9235033989, 20.9978923798, 19.0250320435, 14.4767522812, 14.7333040237, 17.3853225708, 15.5083684921, 14.4296569824, 17.892168045, 12.2773189545, 16.4265041351, 17.1853733063, 11.2520170212, 9.34804344177, 9.58932781219, 10.6717157364, 11.0990028381, 7.56322002411, 3.39637994766, 2.58888030052, 2.6013879776, 3.4823615551, 2.72835206985, 2.46319270134, 2.3538043499, 3.39415764809, 13.1476287842, 11.4033136368, 2.17757415771, 1.04643428326, 0.378129392862, 0.1448777318, 0.0534191727638, 0.0153570491821, 0.00238873716444, 0.000179201015271], "var": [0.593986392021, 9.48460483551, 38.3459510803, 65.7413711548, 153.514266968, 3421.01977539, 2486.98364258, 2030.46459961, 3316.36230469, 7119.96484375, 4198.86279297, 5714.15820312, 8660.74414062, 5665.27636719, 12247.28125, 8512.79101562, 2571.08618164, 1302.48864746, 904.962768555, 1115.09155273, 1546.53100586, 610.095092773, 120.869537354, 111.264457703, 152.60546875, 260.598724365, 123.09651947, 102.875465393, 99.563079834, 227.981582642, 5489.39501953, 5219.76660156, 107.594558716, 26.6799640656, 3.28699350357, 0.526244699955, 0.0523437745869, 0.00418679555878, 0.000115747141535, 8.02466274763e-07], "dvar": [0.350042581558, 7.85499811172, 31.2091426849, 66.9950942993, 148.924911499, 5107.40283203, 3233.35986328, 941.440856934, 1141.5703125, 2925.0300293, 2100.40722656, 2368.95092773, 3442.49536133, 2127.74511719, 5882.63720703, 4300.73388672, 1338.87219238, 694.960205078, 933.35736084, 1532.82141113, 2512.09838867, 984.899719238, 98.1786727905, 61.425113678, 76.0963973999, 133.212509155, 71.499458313, 53.249622345, 48.8780670166, 256.244934082, 8189.36816406, 8978.16113281, 124.344711304, 15.0224885941, 1.97242581844, 0.318299531937, 0.0436181873083, 0.00513094151393, 0.00015855190577, 1.11861834284e-06], "mean": [0.360095918179, 1.5516654253, 2.81896901131, 4.3339509964, 6.92345952988, 20.6035251617, 21.517665863, 22.9086723328, 25.8944778442, 28.3083114624, 21.8052806854, 22.5579853058, 28.1836433411, 17.311920166, 25.3819942474, 21.8735275269, 15.7911548615, 12.671795845, 10.2409477234, 10.0741329193, 9.29025840759, 6.73715639114, 4.48627758026, 3.89372968674, 3.83530426025, 4.42200183868, 3.6968421936, 3.59090566635, 3.5798740387, 3.84598469734, 10.930390358, 8.79669094086, 2.50242257118, 1.4795986414, 0.509121179581, 0.192786589265, 0.0655816718936, 0.0166079681367, 0.0022478303872, 0.000178402391612]}, "zerocrossingrate": {"min": 0.0009765625, "max": 0.50537109375, "dvar2": 0.000682274636347, "median": 0.0322265625, "dmean2": 0.0156982187182, "dmean": 0.0136488452554, "var": 0.00248015765101, "dvar": 0.000552293786313, "mean": 0.0475464351475}, "spectral_contrast_coeffs": {"min": [-0.969670474529, -0.984419226646, -0.972548425198, -0.962433934212, -0.962490439415, -0.966161131859], "max": [-0.23048658669, -0.313340932131, -0.362985998392, -0.443654865026, -0.514448225498, -0.617356300354], "dvar2": [0.00689284363762, 0.00616737548262, 0.00338594126515, 0.00263934675604, 0.00178676994983, 0.000804779992905], "median": [-0.635724067688, -0.698551893234, -0.777012944221, -0.800518512726, -0.814572572708, -0.795560240746], "dmean2": [0.0961543768644, 0.0906169116497, 0.0678103789687, 0.0550550855696, 0.0423989482224, 0.0296596493572], "dmean": [0.0598362460732, 0.0572630725801, 0.043631143868, 0.0352942273021, 0.0271218214184, 0.0195112638175], "var": [0.015102006495, 0.0129451649264, 0.0092214718461, 0.00553409848362, 0.00339248008095, 0.00212357984856], "dvar": [0.00278518535197, 0.0026951439213, 0.00156585965306, 0.00114023906644, 0.00078670703806, 0.000383189297281], "mean": [-0.623240828514, -0.687846183777, -0.759149193764, -0.786756277084, -0.80424708128, -0.795540869236]}, "dissonance": {"min": 0.0179098118097, "max": 0.500000119209, "dvar2": 0.00410830881447, "median": 0.439900517464, "dmean2": 0.0599831044674, "dmean": 0.0361046455801, "var": 0.00332718458958, "dvar": 0.00149522395805, "mean": 0.426914304495}, "spectral_energyband_high": {"min": 8.00026874138e-21, "max": 0.0801621749997, "dvar2": 6.63527316647e-05, "median": 9.7937634564e-05, "dmean2": 0.00147944490891, "dmean": 0.00090021896176, "var": 1.6855310605e-05, "dvar": 2.40729968937e-05, "mean": 0.000970368622802}, "spectral_skewness": {"min": -0.4269926548, "max": 29.4037742615, "dvar2": 1.71819233894, "median": 1.95313954353, "dmean2": 0.78230702877, "dmean": 0.524270117283, "var": 3.23931527138, "dvar": 0.771382927895, "mean": 2.40737771988}, "spectral_flux": {"min": 6.92494117605e-11, "max": 0.397212982178, "dvar2": 0.00468136183918, "median": 0.0758800655603, "dmean2": 0.0558723472059, "dmean": 0.0348609723151, "var": 0.00467105396092, "dvar": 0.00211227615364, "mean": 0.0896860510111}, "silence_rate_30dB": {"min": 0, "max": 1, "dvar2": 0.080201856792, "median": 1, "dmean2": 0.067924529314, "dmean": 0.0339588932693, "var": 0.027400476858, "dvar": 0.0328097380698, "mean": 0.97180300951}, "spectral_energyband_middle_high": {"min": 1.48108546603e-21, "max": 0.131230309606, "dvar2": 5.07023323735e-05, "median": 0.000511483056471, "dmean2": 0.00281297159381, "dmean": 0.00182674231473, "var": 4.76783825434e-05, "dvar": 2.15305917663e-05, "mean": 0.00292620412074}, "barkbands_spread": {"min": 0.0328341722488, "max": 120.711257935, "dvar2": 288.359588623, "median": 9.30940628052, "dmean2": 10.3213834763, "dmean": 6.63362836838, "var": 279.635437012, "dvar": 132.866348267, "mean": 14.5829820633}, "spectral_centroid": {"min": 38.4546089172, "max": 11419.9814453, "dvar2": 639869.5625, "median": 612.682739258, "dmean2": 425.324035645, "dmean": 274.470275879, "var": 593792.6875, "dvar": 286975.40625, "mean": 842.133117676}, "pitch_salience": {"min": 0.0108853951097, "max": 0.966945588589, "dvar2": 0.0203340146691, "median": 0.515003442764, "dmean2": 0.151453375816, "dmean": 0.0930801928043, "var": 0.0234226547182, "dvar": 0.00850866455585, "mean": 0.508240938187}, "erbbands_skewness": {"min": -7.99032402039, "max": 13.4274549484, "dvar2": 1.85227572918, "median": 0.987856984138, "dmean2": 1.09785914421, "dmean": 0.726245582104, "var": 2.60612392426, "dvar": 0.85032081604, "mean": 1.02399301529}, "erbbands_crest": {"min": 2.06008839607, "max": 32.9118080139, "dvar2": 24.1179428101, "median": 11.4630088806, "dmean2": 5.47551631927, "dmean": 3.37275028229, "var": 33.1832809448, "dvar": 9.66980552673, "mean": 12.5564928055}, "melbands": {"min": [1.80812204845e-24, 3.19149135951e-25, 2.22823702327e-24, 7.4152435997e-24, 5.88435015032e-24, 2.98883501441e-24, 4.54817794348e-24, 9.34248601142e-24, 6.44346754423e-24, 2.6350009217e-24, 1.78703047164e-24, 1.40159480829e-24, 2.24853717538e-24, 4.6426961017e-24, 1.1778220274e-23, 5.07476863013e-24, 7.46978307611e-24, 9.6042395261e-24, 1.21630944656e-23, 1.15262935996e-23, 7.44216821126e-24, 8.38107046065e-24, 1.04193300564e-23, 8.67649255877e-24, 6.9394807989e-24, 9.24532516917e-24, 1.02282900333e-23, 1.41937944074e-23, 1.00381690331e-23, 7.43604586177e-24, 6.29910402643e-24, 5.90006307626e-24, 7.94973946148e-24, 1.1318701697e-23, 9.07509924101e-24, 9.16493708748e-24, 1.14217860958e-23, 8.95219707856e-24, 6.97814681617e-24, 9.06361973712e-24], "max": [0.0521089397371, 0.0318819507957, 0.0206117350608, 0.0271030850708, 0.0265248343349, 0.015417710878, 0.0192652139813, 0.027294671163, 0.00667828135192, 0.0109040103853, 0.00890912115574, 0.0132793905213, 0.0202227588743, 0.00863602384925, 0.00943634938449, 0.00210235919803, 0.00139978597872, 0.00121712812688, 0.000996941584162, 0.00138870952651, 0.000760299735703, 0.000420924654463, 0.000343515857821, 0.000274056044873, 0.000252743513556, 0.000410087843193, 0.000388734129956, 0.000431461259723, 0.000164468568983, 0.000197632485651, 0.000157962538651, 9.73180649453e-05, 0.000134635585709, 0.000153055487317, 0.00104144401848, 0.00143659976311, 0.000872089294717, 0.00011824323883, 8.33313242765e-05, 6.13387455815e-05], "dvar2": [4.29954452557e-05, 1.99999121833e-05, 5.32284775545e-06, 1.89168131328e-05, 1.8384627765e-05, 1.001507826e-06, 5.85241195949e-07, 6.70855172302e-07, 2.53307575804e-07, 1.91361138491e-07, 1.89183992916e-07, 7.33000504738e-08, 1.82307914542e-07, 1.31269374037e-07, 4.05644868806e-08, 1.02003419045e-08, 6.07441297262e-09, 5.30272359356e-09, 1.07938653571e-08, 1.28430075463e-08, 9.05591690525e-09, 4.20507628718e-09, 5.24775334299e-10, 2.08397479828e-10, 1.02700910276e-10, 1.06908010222e-10, 1.42246395218e-10, 1.55639973132e-10, 6.43678027545e-11, 7.05252939381e-11, 4.00658256572e-11, 3.14010137337e-11, 4.67870464593e-11, 2.15347392696e-10, 7.5360313545e-09, 1.72197012205e-08, 5.86801407465e-09, 1.22675578029e-10, 4.40729328033e-11, 1.99127277167e-11], "median": [0.000712557230145, 0.000523781403899, 0.000340034603141, 0.000338823097991, 0.000292840588372, 0.000120879747556, 7.91048514657e-05, 4.03757803724e-05, 1.28586671053e-05, 1.13902915473e-05, 8.56334190757e-06, 6.09036123933e-06, 7.04984540789e-06, 2.64566051555e-06, 4.46143576482e-06, 4.19048774347e-06, 1.64217453857e-06, 1.01375553641e-06, 7.97817506282e-07, 7.38610083317e-07, 8.30217913972e-07, 4.947181651e-07, 6.07075435255e-07, 4.21182903665e-07, 4.05794196467e-07, 4.11613712004e-07, 3.94646662016e-07, 3.61090002343e-07, 2.74672345313e-07, 2.17733003183e-07, 1.76775841965e-07, 1.64232574207e-07, 1.26763609387e-07, 1.04937029732e-07, 1.46886748098e-07, 1.67776107673e-07, 1.33189146823e-07, 9.21249636576e-08, 8.63889937364e-08, 7.712714023e-08], "dmean2": [0.00297932326794, 0.00202157441527, 0.00111524993554, 0.00161237653811, 0.00136963138357, 0.000498088542372, 0.000340313650668, 0.000287535891403, 0.000182139527169, 0.000140934542287, 0.000138326780871, 8.00972338766e-05, 8.10048586573e-05, 9.00332161109e-05, 5.32378981006e-05, 3.63520266546e-05, 2.81706525129e-05, 2.55704053416e-05, 2.98860995827e-05, 2.56191306107e-05, 2.35156821873e-05, 1.63894619618e-05, 7.20294747225e-06, 4.73118325317e-06, 3.19359787682e-06, 2.84371276393e-06, 3.45528405887e-06, 3.88271473639e-06, 2.71138992503e-06, 2.63242895926e-06, 2.20062565859e-06, 2.03570994017e-06, 2.06220147447e-06, 3.04282366415e-06, 1.16937098937e-05, 1.79845901584e-05, 9.66557945503e-06, 2.26900078815e-06, 1.77933225132e-06, 1.25055441913e-06], "dmean": [0.0018881080905, 0.00125685485546, 0.000633215764537, 0.000916400167625, 0.000779239286203, 0.00031667179428, 0.000229517521802, 0.000192090243218, 0.000118791387649, 9.5220260846e-05, 9.12191608222e-05, 5.28245000169e-05, 5.47279305465e-05, 5.98082624492e-05, 3.27049674524e-05, 2.26154061238e-05, 1.70912862814e-05, 1.49626002894e-05, 1.7113494323e-05, 1.42645230881e-05, 1.29007348733e-05, 9.02081319509e-06, 4.16002376369e-06, 2.90070011033e-06, 2.10789062294e-06, 1.8922645495e-06, 2.18219656745e-06, 2.42563237407e-06, 1.73950013505e-06, 1.70073906247e-06, 1.43319095969e-06, 1.36670576012e-06, 1.34579954647e-06, 1.87127795925e-06, 6.77743219057e-06, 1.02397270894e-05, 5.45616194358e-06, 1.41229418205e-06, 1.13667022106e-06, 8.1068333202e-07], "var": [3.15394572681e-05, 1.14575450425e-05, 1.87968657883e-06, 5.04693525727e-06, 4.50461857326e-06, 9.35227717491e-07, 7.93650485775e-07, 8.68738823101e-07, 2.23860652682e-07, 2.47282315513e-07, 2.28009142234e-07, 1.11398861691e-07, 1.69462083477e-07, 1.55081394837e-07, 4.04519830965e-08, 7.06908043213e-09, 4.45388925741e-09, 2.29412644437e-09, 3.05948089085e-09, 2.90928547919e-09, 1.92913462982e-09, 8.67415916872e-10, 1.89706653164e-10, 1.02753902609e-10, 7.71570793368e-11, 8.50797349239e-11, 1.00760198796e-10, 1.28301522184e-10, 4.91367502242e-11, 4.50803283591e-11, 3.56723019179e-11, 3.21164865535e-11, 3.41613612398e-11, 6.98878871441e-11, 1.80667614202e-09, 3.69285757529e-09, 1.1875107564e-09, 4.43348656398e-11, 3.00858990498e-11, 1.6298629113e-11], "dvar": [1.97183180717e-05, 8.70134772413e-06, 1.91957951756e-06, 6.78266860632e-06, 6.46535818305e-06, 4.28605261504e-07, 2.78624384009e-07, 3.33581965606e-07, 1.14873344614e-07, 9.69065538925e-08, 8.89693225758e-08, 3.91311765213e-08, 9.34857951052e-08, 5.92652895648e-08, 2.09596482392e-08, 4.11705025627e-09, 2.39680963965e-09, 2.00506766745e-09, 3.92257470949e-09, 4.54591653209e-09, 3.16300963199e-09, 1.45659395656e-09, 1.95055860353e-10, 8.07199446173e-11, 4.23760471158e-11, 4.42802600142e-11, 5.87455015189e-11, 6.80554779198e-11, 2.8801492441e-11, 3.06204610279e-11, 1.90327510696e-11, 1.54007674669e-11, 2.10468552309e-11, 8.12443792797e-11, 2.72386802003e-09, 6.10359141007e-09, 2.04837302675e-09, 4.63846634713e-11, 1.88039583904e-11, 9.08091830898e-12], "mean": [0.00282197864726, 0.00171534274705, 0.000790727266576, 0.000960443983786, 0.00085385562852, 0.000499168992974, 0.00039800920058, 0.000309344613925, 0.000162644442753, 0.000150982654304, 0.000142002187204, 7.05770216882e-05, 7.97148168203e-05, 8.27562907944e-05, 3.88378975913e-05, 3.04796030832e-05, 2.2252484996e-05, 1.58486182045e-05, 1.58281600307e-05, 1.22727797134e-05, 1.05430926851e-05, 7.46556543163e-06, 4.72067858936e-06, 3.82042708225e-06, 3.0372996207e-06, 2.78985476143e-06, 2.82074711322e-06, 2.9528171126e-06, 2.28854696616e-06, 2.17844944927e-06, 2.05514652407e-06, 2.0404568204e-06, 1.84096211342e-06, 2.03257786779e-06, 5.70082329432e-06, 7.8687835412e-06, 4.23255278292e-06, 1.60389174653e-06, 1.54070812641e-06, 1.1244316056e-06]}, "spectral_entropy": {"min": 3.07919573784, "max": 9.79290676117, "dvar2": 0.265816271305, "median": 6.95602560043, "dmean2": 0.459861963987, "dmean": 0.31700438261, "var": 0.767478585243, "dvar": 0.145014405251, "mean": 6.92913389206}, "spectral_rolloff": {"min": 43.06640625, "max": 19250.6835938, "dvar2": 4686750, "median": 452.197265625, "dmean2": 968.766540527, "dmean": 554.437072754, "var": 3398036.75, "dvar": 2185204, "mean": 1054.97912598}, "barkbands": {"min": [3.81954972382e-24, 2.07063306681e-24, 2.89861097122e-25, 2.57335696399e-24, 3.95554326965e-23, 1.51516340516e-23, 2.55732738928e-23, 3.98083257255e-23, 2.35367300695e-23, 8.89272801036e-24, 8.4722809251e-24, 3.76156016425e-23, 9.52148359952e-23, 8.53171244352e-23, 1.33310336436e-22, 1.45312836176e-22, 1.70416699965e-22, 1.97955884654e-22, 2.19159670614e-22, 4.00910623092e-22, 4.28532720217e-22, 4.0655109216e-22, 6.39291413465e-22, 8.05741518851e-22, 1.26070181146e-21, 1.52617811852e-21, 2.55866956353e-21], "max": [0.0379872955382, 0.168778002262, 0.0688889175653, 0.0388734042645, 0.162353351712, 0.0767123997211, 0.0834031105042, 0.0795030593872, 0.0611668564379, 0.0844663828611, 0.122960820794, 0.0735175013542, 0.0272340513766, 0.0159651320428, 0.011627946049, 0.0167972426862, 0.00655819196254, 0.00696587609127, 0.00804014224559, 0.0104794027284, 0.00570434238762, 0.00574296433479, 0.0415936894715, 0.0544206872582, 0.00527547532693, 0.00242372788489, 0.00144201028161], "dvar2": [1.31904689624e-05, 0.000459039612906, 6.24651147518e-05, 2.28576136578e-05, 0.00061489501968, 3.11623625748e-05, 1.50638707055e-05, 1.35634927574e-05, 1.04520540845e-05, 4.721471214e-06, 7.64957439969e-06, 8.40604388941e-06, 1.53279086135e-06, 6.66315941089e-07, 1.6065851014e-06, 2.43930003307e-06, 1.05078686374e-06, 9.21715184177e-08, 5.2538858597e-08, 1.19558009715e-07, 7.7902612361e-08, 8.21716525934e-08, 1.54887875397e-05, 2.18398236029e-05, 1.52400176034e-07, 3.20644026885e-08, 1.89213213986e-08], "median": [0.000100530254713, 0.0023745521903, 0.00055950274691, 0.000529176555574, 0.00177595485002, 0.00067804439459, 0.000275759550277, 6.54285904602e-05, 8.25833267299e-05, 4.23463861807e-05, 3.84276208933e-05, 2.20622459892e-05, 4.47201236966e-05, 1.8118906155e-05, 1.16956498459e-05, 1.24588113977e-05, 8.9912864496e-06, 1.07037149064e-05, 1.1302456187e-05, 1.25123260659e-05, 9.74814429355e-06, 8.02136582934e-06, 9.11383176572e-06, 1.09230168164e-05, 9.05192609935e-06, 3.10454583996e-06, 2.15329663433e-07], "dmean2": [0.00131960771978, 0.0098801581189, 0.00352166756056, 0.00230160960928, 0.00831936113536, 0.00281653064303, 0.00166988221463, 0.00124921638053, 0.00104559422471, 0.000739086361136, 0.000512689643074, 0.000754892942496, 0.000392985617509, 0.000307498092297, 0.000374805240426, 0.000373112648958, 0.000262271467363, 9.96419694275e-05, 7.25093559595e-05, 0.000111373272375, 9.4475246442e-05, 9.6918491181e-05, 0.00060536590172, 0.000588711234741, 0.0001122698377, 4.61560193799e-05, 2.51535893767e-05], "dmean": [0.000900101440493, 0.00605156878009, 0.00208176090382, 0.00127661251463, 0.0046861032024, 0.00175620347727, 0.00112901465036, 0.000809667515568, 0.000699618714862, 0.000484970514663, 0.000338412733981, 0.000489673984703, 0.000243401344051, 0.000184019270819, 0.000215146428673, 0.000205915697734, 0.000145231839269, 6.07619440416e-05, 4.83234980493e-05, 7.05364655005e-05, 6.3274987042e-05, 6.56475822325e-05, 0.000353550596628, 0.000335496937623, 7.35244902899e-05, 3.01948330161e-05, 1.52477050506e-05], "var": [1.59021856234e-05, 0.000291046570055, 3.20512954204e-05, 6.96604729455e-06, 0.000148131599417, 2.48115793511e-05, 2.03042527573e-05, 1.59826649906e-05, 1.33560442919e-05, 7.97070515546e-06, 6.85872328177e-06, 9.23659263208e-06, 1.0697824564e-06, 4.53224345165e-07, 4.59725811197e-07, 5.41373253782e-07, 2.2722880999e-07, 4.8452498902e-08, 4.32327560418e-08, 1.01797787977e-07, 6.64531256689e-08, 8.11405982404e-08, 3.77934588869e-06, 4.40615758635e-06, 1.20677015047e-07, 1.84205877218e-08, 5.16101383852e-09], "dvar": [6.82181780576e-06, 0.000202833907679, 2.73751811619e-05, 7.8477378338e-06, 0.000217485969188, 1.27536259242e-05, 7.60155580792e-06, 6.29589749224e-06, 5.14081693836e-06, 2.53355256064e-06, 3.91276398659e-06, 3.91842149838e-06, 6.20283742592e-07, 2.60317733591e-07, 5.83012251809e-07, 8.61741398239e-07, 3.66168052324e-07, 3.58725564809e-08, 2.21494964592e-08, 5.22557286331e-08, 3.67855044203e-08, 4.06847462386e-08, 5.61621345696e-06, 7.60388138588e-06, 6.93385686645e-08, 1.35339792706e-08, 7.02736979719e-09], "mean": [0.00145993113983, 0.00882790610194, 0.00245295185596, 0.00141248491127, 0.00488019408658, 0.00263123912737, 0.00187210796867, 0.00115904374979, 0.00113244995009, 0.000664395221975, 0.000466925936053, 0.000650391564704, 0.000325717905071, 0.000231790385442, 0.000203344112379, 0.000169272971107, 0.000124903192045, 8.18591215648e-05, 7.22538898117e-05, 9.04705739231e-05, 8.95209159353e-05, 9.88290194073e-05, 0.000303748005535, 0.00027584185591, 0.000102541860542, 3.81837053283e-05, 1.44600562635e-05]}, "melbands_flatness_db": {"min": 0.0106692137197, "max": 1, "dvar2": 0.00446653738618, "median": 0.290338456631, "dmean2": 0.062157317996, "dmean": 0.0438343472779, "var": 0.0150826964527, "dvar": 0.00247090240009, "mean": 0.308545857668}, "melbands_skewness": {"min": -3.89110827446, "max": 56.0903549194, "dvar2": 10.3552875519, "median": 2.82190322876, "dmean2": 2.15408825874, "dmean": 1.38262939453, "var": 12.2103185654, "dvar": 4.34828090668, "mean": 3.50968766212}, "barkbands_skewness": {"min": -9.37051010132, "max": 37.5036849976, "dvar2": 4.08904886246, "median": 2.11490440369, "dmean2": 1.66176021099, "dmean": 1.08559429646, "var": 6.80765533447, "dvar": 1.91248333454, "mean": 2.4495434761}, "silence_rate_60dB": {"min": 0, "max": 1, "dvar2": 0.0595757253468, "median": 0, "dmean2": 0.0564051643014, "dmean": 0.0281997807324, "var": 0.109972760081, "dvar": 0.027403043583, "mean": 0.125794276595}, "spectral_energyband_low": {"min": 1.248042402e-23, "max": 0.195331141353, "dvar2": 0.000610615999904, "median": 0.00485673546791, "dmean2": 0.0127011062577, "dmean": 0.00797855388373, "var": 0.000530370511115, "dvar": 0.000294677214697, "mean": 0.013442796655}, "spectral_energyband_middle_low": {"min": 1.74735871194e-22, "max": 0.178892463446, "dvar2": 0.000853890785947, "median": 0.00860792398453, "dmean2": 0.0135651966557, "dmean": 0.00799578800797, "var": 0.000301877298625, "dvar": 0.000306247675326, "mean": 0.013285166584}, "melbands_kurtosis": {"min": -1.96186375618, "max": 7290.14160156, "dvar2": 52191.4804688, "median": 14.5733251572, "dmean2": 44.485294342, "dmean": 27.7593402863, "var": 25927.3300781, "dvar": 20134.2070312, "mean": 41.7155647278}, "spectral_decrease": {"min": -5.27503516423e-08, "max": 1.00831695108e-28, "dvar2": 8.30087325226e-17, "median": -5.16020293162e-09, "dmean2": 5.56846302402e-09, "dmean": 3.51764373185e-09, "var": 6.24094471107e-17, "dvar": 3.45227137371e-17, "mean": -7.49126805033e-09}, "erbbands_kurtosis": {"min": -1.97627699375, "max": 405.979309082, "dvar2": 373.733154297, "median": 1.94317173958, "dmean2": 6.52967739105, "dmean": 4.03850317001, "var": 237.426956177, "dvar": 143.975479126, "mean": 5.17759418488}, "melbands_crest": {"min": 1.98290431499, "max": 39.8094749451, "dvar2": 32.8740768433, "median": 15.8044509888, "dmean2": 6.6183218956, "dmean": 4.08546733856, "var": 39.9379425049, "dvar": 13.1148328781, "mean": 16.7799930573}, "gfcc": {"cov": [[18257.3496094, -2138.02075195, -1337.76635742, 226.133743286, -1204.0559082, -51.5384941101, -682.428405762, -56.0826759338, -254.014297485, -41.1187438965, -416.778564453, -126.578590393, -204.680908203], [-2138.02075195, 3246.80200195, 210.370666504, -512.068237305, 591.435424805, -204.679550171, 432.980834961, -37.9620170593, 118.621856689, -95.8482055664, 171.217056274, -124.376144409, 119.89541626], [-1337.76635742, 210.370666504, 1980.52685547, 721.62109375, 188.441635132, 365.968505859, 221.259231567, 94.2391586304, 172.933013916, -54.9294509888, 55.6043701172, -36.2099113464, 0.943200051785], [226.133743286, -512.068237305, 721.62109375, 1080.02404785, 208.130432129, 202.555175781, 73.7434005737, 61.8721656799, 84.3891372681, -53.2419013977, -53.6126251221, -28.8671531677, -10.8340673447], [-1204.0559082, 591.435424805, 188.441635132, 208.130432129, 753.155944824, 150.506134033, 241.457122803, 12.6161670685, 53.8890609741, -50.4599609375, 25.3471088409, -13.7439804077, 25.5178508759], [-51.5384941101, -204.679550171, 365.968505859, 202.555175781, 150.506134033, 505.621337891, 187.16317749, 73.258392334, 72.3477935791, 2.93384313583, 25.9592208862, -8.63140487671, -28.544916153], [-682.428405762, 432.980834961, 221.259231567, 73.7434005737, 241.457122803, 187.16317749, 410.652404785, 70.0492782593, 94.298614502, -2.67240762711, 39.1059532166, 1.84680974483, 13.0588245392], [-56.0826759338, -37.9620170593, 94.2391586304, 61.8721656799, 12.6161670685, 73.258392334, 70.0492782593, 257.681610107, 83.0020523071, 38.7439689636, 27.6401138306, 17.9463844299, 36.6920433044], [-254.014297485, 118.621856689, 172.933013916, 84.3891372681, 53.8890609741, 72.3477935791, 94.298614502, 83.0020523071, 281.999664307, 60.9881401062, 80.7981796265, 37.8116149902, 39.0574760437], [-41.1187438965, -95.8482055664, -54.9294509888, -53.2419013977, -50.4599609375, 2.93384313583, -2.67240762711, 38.7439689636, 60.9881401062, 197.271438599, 74.9192199707, 45.6503601074, 23.1749286652], [-416.778564453, 171.217056274, 55.6043701172, -53.6126251221, 25.3471088409, 25.9592208862, 39.1059532166, 27.6401138306, 80.7981796265, 74.9192199707, 220.8228302, 80.3047637939, 54.5892181396], [-126.578590393, -124.376144409, -36.2099113464, -28.8671531677, -13.7439804077, -8.63140487671, 1.84680974483, 17.9463844299, 37.8116149902, 45.6503601074, 80.3047637939, 169.520767212, 67.0192718506], [-204.680908203, 119.89541626, 0.943200051785, -10.8340673447, 25.5178508759, -28.544916153, 13.0588245392, 36.6920433044, 39.0574760437, 23.1749286652, 54.5892181396, 67.0192718506, 152.905578613]], "icov": [[7.18742376193e-05, -7.80183472671e-06, 7.07820945536e-05, -7.25002901163e-05, 0.000116035669635, -7.6611606346e-05, 6.32287556073e-05, -8.11520294519e-06, -5.1476081353e-06, 1.08920285129e-05, 8.1193211372e-05, 5.03449928146e-06, 2.81063639704e-05], [-7.80183472671e-06, 0.000738964707125, -0.00022110012651, 0.000535233062692, -0.000503894407302, 0.000668046879582, -0.000684396538418, 0.000161921067047, -0.000204178795684, 0.00038559816312, -0.000609287526459, 0.00101356988307, -0.000555204867851], [7.07820945536e-05, -0.00022110012651, 0.000904680171516, -0.000673141155858, 0.000353614217602, -0.000565453839954, 8.24960443424e-05, -4.44533179689e-05, -0.000155865694978, 0.000161276228027, -7.99535919214e-05, -4.41781994596e-05, 0.000117167139251], [-7.25002901163e-05, 0.000535233062692, -0.000673141155858, 0.00181375129614, -0.00078646914335, 0.000334690936143, -0.000237212574575, -3.92703332182e-05, -0.000382509548217, 0.000351778784534, 6.27269619144e-05, 0.000579818384722, -0.000392795744119], [0.000116035669635, -0.000503894407302, 0.000353614217602, -0.00078646914335, 0.00230464874767, -0.000721075106412, -0.000424846599344, 0.00015242837253, 0.000118927680887, 0.000193409243366, 0.000240693625528, -0.000395801034756, 8.68921006258e-07], [-7.6611606346e-05, 0.000668046879582, -0.000565453839954, 0.000334690936143, -0.000721075106412, 0.00345870666206, -0.00158050050959, -0.000290293915896, -0.000200900569325, 0.000189079190022, -0.000803097034805, 0.000774024694692, 0.000341603532434], [6.32287556073e-05, -0.000684396538418, 8.24960443424e-05, -0.000237212574575, -0.000424846599344, -0.00158050050959, 0.00439276453108, -0.000670185138006, -0.000491922080982, -0.000165268720593, 0.000540036067832, -0.00087078625802, 0.000505047733895], [-8.11520294519e-06, 0.000161921067047, -4.44533179689e-05, -3.92703332182e-05, 0.00015242837253, -0.000290293915896, -0.000670185138006, 0.00470124976709, -0.000950845773332, -0.000523489841726, 8.36963517941e-05, 0.000377285789, -0.00116389279719], [-5.1476081353e-06, -0.000204178795684, -0.000155865694978, -0.000382509548217, 0.000118927680887, -0.000200900569325, -0.000491922080982, -0.000950845773332, 0.00489140395075, -0.00107737677172, -0.000898790312931, -0.000427721417509, -0.000237896078033], [1.08920285129e-05, 0.00038559816312, 0.000161276228027, 0.000351778784534, 0.000193409243366, 0.000189079190022, -0.000165268720593, -0.000523489841726, -0.00107737677172, 0.00667061284184, -0.0019887406379, -0.000106353247247, -0.000100289609691], [8.1193211372e-05, -0.000609287526459, -7.99535919214e-05, 6.27269619144e-05, 0.000240693625528, -0.000803097034805, 0.000540036067832, 8.36963517941e-05, -0.000898790312931, -0.0019887406379, 0.00735515495762, -0.00300153507851, -0.000444216100732], [5.03449928146e-06, 0.00101356988307, -4.41781994596e-05, 0.000579818384722, -0.000395801034756, 0.000774024694692, -0.00087078625802, 0.000377285789, -0.000427721417509, -0.000106353247247, -0.00300153507851, 0.00968117360026, -0.00359862088226], [2.81063639704e-05, -0.000555204867851, 0.000117167139251, -0.000392795744119, 8.68921006258e-07, 0.000341603532434, 0.000505047733895, -0.00116389279719, -0.000237896078033, -0.000100289609691, -0.000444216100732, -0.00359862088226, 0.00909603573382]], "mean": [-82.3081130981, 101.465431213, -75.9786911011, 21.7036762238, -58.3865623474, 10.0098590851, -36.7940559387, 1.79500842094, -23.7077083588, 2.86644077301, -8.75244522095, 2.91851997375, -7.03567457199]}, "melbands_spread": {"min": 0.0189844574779, "max": 308.256225586, "dvar2": 1267.91259766, "median": 8.51225185394, "dmean2": 13.4046640396, "dmean": 8.33148956299, "var": 653.407531738, "dvar": 517.62322998, "mean": 15.2621765137}, "spectral_energy": {"min": 1.0796944582e-20, "max": 0.20040781796, "dvar2": 0.00126461405307, "median": 0.0207438096404, "dmean2": 0.0220922920853, "dmean": 0.0139480372891, "var": 0.000948855828028, "dvar": 0.000523216906004, "mean": 0.029833804816}, "mfcc": {"cov": [[14008.8603516, -1295.39575195, -1011.46661377, -364.805175781, -506.40826416, -235.209609985, -511.885772705, -246.642486572, -190.040435791, 39.1808166504, -211.748733521, -174.953338623, -244.17086792], [-1295.39575195, 3249.94555664, -220.537658691, -78.2253036499, 13.9655103683, -73.9055557251, 205.15423584, 17.0335998535, 37.2649002075, -28.8542137146, 71.2021865845, 22.416841507, 19.615940094], [-1011.46661377, -220.537658691, 1790.60668945, 388.057556152, 244.64390564, 260.42590332, 130.391448975, 203.133056641, 131.441696167, 111.703681946, 86.6255874634, 96.1910095215, 47.5434379578], [-364.805175781, -78.2253036499, 388.057556152, 757.252990723, 281.44229126, 154.355560303, 104.70098877, 119.318649292, 126.631629944, 21.5569114685, 3.91593122482, 20.144071579, 32.8693656921], [-506.40826416, 13.9655103683, 244.64390564, 281.44229126, 509.06552124, 179.479812622, 134.689544678, 132.748260498, 96.7071914673, 31.1143474579, 9.0802822113, 51.0522575378, 20.6811828613], [-235.209609985, -73.9055557251, 260.42590332, 154.355560303, 179.479812622, 455.522583008, 174.395431519, 166.404785156, 77.8589019775, 93.6417388916, 50.7154083252, 11.1558408737, 8.30456924438], [-511.885772705, 205.15423584, 130.391448975, 104.70098877, 134.689544678, 174.395431519, 343.34274292, 143.801147461, 69.7989120483, 49.4671897888, 38.1155128479, 7.98005247116, 5.51999187469], [-246.642486572, 17.0335998535, 203.133056641, 119.318649292, 132.748260498, 166.404785156, 143.801147461, 304.297668457, 111.836647034, 89.3383255005, 25.0842647552, 40.7702331543, 21.9389629364], [-190.040435791, 37.2649002075, 131.441696167, 126.631629944, 96.7071914673, 77.8589019775, 69.7989120483, 111.836647034, 223.929946899, 79.4924697876, 35.2466964722, 14.3285341263, 26.8735046387], [39.1808166504, -28.8542137146, 111.703681946, 21.5569114685, 31.1143474579, 93.6417388916, 49.4671897888, 89.3383255005, 79.4924697876, 202.395217896, 61.7240333557, 21.9201602936, 21.1391181946], [-211.748733521, 71.2021865845, 86.6255874634, 3.91593122482, 9.0802822113, 50.7154083252, 38.1155128479, 25.0842647552, 35.2466964722, 61.7240333557, 172.21295166, 64.2819519043, 22.0469665527], [-174.953338623, 22.416841507, 96.1910095215, 20.144071579, 51.0522575378, 11.1558408737, 7.98005247116, 40.7702331543, 14.3285341263, 21.9201602936, 64.2819519043, 154.422790527, 68.5935668945], [-244.17086792, 19.615940094, 47.5434379578, 32.8693656921, 20.6811828613, 8.30456924438, 5.51999187469, 21.9389629364, 26.8735046387, 21.1391181946, 22.0469665527, 68.5935668945, 158.900497437]], "icov": [[8.48215131555e-05, 2.68843814411e-05, 4.19626630901e-05, -9.82867732091e-06, 5.25150426256e-05, -2.05976266443e-05, 8.71624724823e-05, 1.74797696673e-06, 1.31651650008e-05, -9.50693138293e-05, 8.28428310342e-05, -2.84226662188e-05, 0.000118666437629], [2.68843814411e-05, 0.000346199172782, 5.49820179003e-05, 3.70533562091e-05, -1.12428426746e-06, 0.000128862287966, -0.000252639933024, 1.53464789037e-05, -6.53673632769e-05, 7.24978235667e-05, -0.000132569883135, -6.60191290081e-06, -2.81862708107e-06], [4.19626630901e-05, 5.49820179003e-05, 0.000721461547073, -0.000265134847723, -2.3011572921e-05, -0.000191431303392, 5.52290002815e-05, -0.000161312316777, -2.84395555354e-05, -0.00015691871522, -0.000101322264527, -0.000288977200398, 9.4515940873e-05], [-9.82867732091e-06, 3.70533562091e-05, -0.000265134847723, 0.00188440224156, -0.000774017418735, -0.000123414822156, -6.55047842884e-05, -3.69574663637e-05, -0.000642488535959, 0.000387539097574, 8.59167994349e-05, 0.000278751394944, -0.00029072642792], [5.25150426256e-05, -1.12428426746e-06, -2.3011572921e-05, -0.000774017418735, 0.00301993708126, -0.000660213874653, -0.000421226286562, -0.000202819108381, -0.000492041755933, 0.00019396810967, 0.000654219824355, -0.00112535618246, 0.000384348328225], [-2.05976266443e-05, 0.000128862287966, -0.000191431303392, -0.000123414822156, -0.000660213874653, 0.00350337824784, -0.00102692167275, -0.000940864381846, 0.00031991963624, -0.000697178533301, -0.000700016389601, 0.000760003109463, -8.86516500032e-05], [8.71624724823e-05, -0.000252639933024, 5.52290002815e-05, -6.55047842884e-05, -0.000421226286562, -0.00102692167275, 0.00449025491253, -0.00134874496143, -5.88999719184e-05, 7.27552251192e-05, -0.000547431176528, 0.000621798972134, 0.000108695574454], [1.74797696673e-06, 1.53464789037e-05, -0.000161312316777, -3.69574663637e-05, -0.000202819108381, -0.000940864381846, -0.00134874496143, 0.00566096883267, -0.0015667618718, -0.00120017724112, 0.00109642453026, -0.00145860447083, 0.000299686216749], [1.31651650008e-05, -6.53673632769e-05, -2.84395555354e-05, -0.000642488535959, -0.000492041755933, 0.00031991963624, -5.88999719184e-05, -0.0015667618718, 0.00650119641796, -0.00164105976, -0.000760479946621, 0.000964563398156, -0.000756645633373], [-9.50693138293e-05, 7.24978235667e-05, -0.00015691871522, 0.000387539097574, 0.00019396810967, -0.000697178533301, 7.27552251192e-05, -0.00120017724112, -0.00164105976, 0.00709543516859, -0.00203566020355, 0.000491789891385, -0.000610126240645], [8.28428310342e-05, -0.000132569883135, -0.000101322264527, 8.59167994349e-05, 0.000654219824355, -0.000700016389601, -0.000547431176528, 0.00109642453026, -0.000760479946621, -0.00203566020355, 0.0083183767274, -0.00373504194431, 0.000832885038108], [-2.84226662188e-05, -6.60191290081e-06, -0.000288977200398, 0.000278751394944, -0.00112535618246, 0.000760003109463, 0.000621798972134, -0.00145860447083, 0.000964563398156, 0.000491789891385, -0.00373504194431, 0.0103977629915, -0.00392632046714], [0.000118666437629, -2.81862708107e-06, 9.4515940873e-05, -0.00029072642792, 0.000384348328225, -8.86516500032e-05, 0.000108695574454, 0.000299686216749, -0.000756645633373, -0.000610126240645, 0.000832885038108, -0.00392632046714, 0.00820572767407]], "mean": [-736.679382324, 135.535552979, 33.609588623, 19.3149147034, 4.96157455444, 4.95262861252, 0.826886832714, -1.56929576397, -6.18715763092, -2.08263254166, -3.90706086159, 1.5697876215, -0.0890479385853]}, "spectral_contrast_valleys": {"min": [-28.0123767853, -27.2307128906, -27.4148368835, -27.2301654816, -27.5327205658, -27.2770309448], "max": [-5.01089334488, -4.50463104248, -5.02977848053, -5.38539552689, -5.67111682892, -7.30206680298], "dvar2": [0.461588740349, 0.748603343964, 0.609255433083, 1.03626406193, 0.690937817097, 0.517866194248], "median": [-7.3001241684, -7.37275743484, -8.34334278107, -8.98219871521, -8.78973197937, -10.6956253052], "dmean2": [0.738529920578, 0.822470128536, 0.761556267738, 0.784549355507, 0.631210744381, 0.51365083456], "dmean": [0.486743867397, 0.531378030777, 0.507722437382, 0.527572989464, 0.450494468212, 0.390818148851], "var": [2.61056303978, 2.06093430519, 2.07700848579, 2.45157504082, 2.50729990005, 2.92329263687], "dvar": [0.271225184202, 0.365717411041, 0.322830140591, 0.491673618555, 0.359690278769, 0.319502532482], "mean": [-7.73926019669, -7.5034866333, -8.38004970551, -8.99157428741, -8.96665287018, -10.9701318741]}, "barkbands_flatness_db": {"min": 0.0146358124912, "max": 1, "dvar2": 0.00314175197855, "median": 0.202989056706, "dmean2": 0.0527943074703, "dmean": 0.0364473089576, "var": 0.00996362045407, "dvar": 0.00166433642153, "mean": 0.220156639814}, "dynamic_complexity": 4.70311641693, "erbbands_flatness_db": {"min": 0.029336148873, "max": 0.523483932018, "dvar2": 0.0017184180906, "median": 0.185402676463, "dmean2": 0.0379292070866, "dmean": 0.0252349860966, "var": 0.00494202738628, "dvar": 0.000803666654974