{"lowlevel": {"spectral_complexity": {"min": 0, "max": 60, "dvar2": 38.0924491882, "median": 13, "dmean2": 4.63494348526, "dmean": 3.01303339005, "var": 153.448455811, "dvar": 18.5177288055, "mean": 15.5953760147}, "silence_rate_20dB": {"min": 1, "max": 1, "dvar2": 0, "median": 1, "dmean2": 0, "dmean": 0, "var": 0, "dvar": 0, "mean": 1}, "average_loudness": 0.748490154743, "erbbands_spread": {"min": 1.56186366081, "max": 177.722839355, "dvar2": 230.464004517, "median": 39.4824943542, "dmean2": 12.7316761017, "dmean": 8.18688869476, "var": 390.90725708, "dvar": 96.5276184082, "mean": 41.7797470093}, "spectral_kurtosis": {"min": -1.26081502438, "max": 167.818450928, "dvar2": 27.3439254761, "median": 3.00983285904, "dmean2": 2.33486962318, "dmean": 1.41100978851, "var": 154.241271973, "dvar": 11.4626979828, "mean": 5.01930332184}, "barkbands_kurtosis": {"min": -1.90724825859, "max": 15111.7890625, "dvar2": 122633.976562, "median": 0.438443183899, "dmean2": 13.467634201, "dmean": 7.49559211731, "var": 22888.8925781, "dvar": 40931.03125, "mean": 12.8089332581}, "spectral_strongpeak": {"min": 0, "max": 15.5436449051, "dvar2": 3.73153352737, "median": 0.24526424706, "dmean2": 0.808098375797, "dmean": 0.463242918253, "var": 1.79615950584, "dvar": 1.44518876076, "mean": 0.664450526237}, "spectral_spread": {"min": 606024.25, "max": 42911832, "dvar2": 3236311334910.0, "median": 4532181, "dmean2": 795633.9375, "dmean": 539210.8125, "var": 46429611491300.0, "dvar": 1775718760450.0, "mean": 5941227.5}, "spectral_rms": {"min": 3.10634851175e-12, "max": 0.0121646039188, "dvar2": 3.20746130456e-06, "median": 0.00345381908119, "dmean2": 0.000959324475843, "dmean": 0.000628000183497, "var": 3.90172817788e-06, "dvar": 1.33086098231e-06, "mean": 0.00343918334693}, "erbbands": {"min": [4.6167301928e-23, 2.52922589192e-22, 1.28081395276e-21, 2.37663287933e-21, 6.77528614782e-21, 1.40536968253e-20, 3.18429025228e-20, 3.75075387551e-20, 5.88146676652e-20, 1.07392083446e-19, 1.83730204034e-19, 2.82892253976e-19, 3.67942344173e-19, 5.09599815807e-19, 5.95436037779e-19, 1.00166309244e-18, 1.139765135e-18, 1.28064381609e-18, 2.14652314302e-18, 2.63102309372e-18, 3.26450799211e-18, 4.29940937291e-18, 4.50598490959e-18, 4.98783581438e-18, 6.9542025355e-18, 7.11461849888e-18, 9.23580075704e-18, 9.65759917653e-18, 9.50561549232e-18, 8.79005049573e-18, 1.10682291526e-17, 9.41634202471e-18, 8.12948556524e-18, 7.34374091111e-18, 5.94514227704e-18, 3.78401753505e-18, 2.1271238965e-18, 8.74634930319e-19, 2.18387546586e-19, 2.57420319149e-20], "max": [3.0808160305, 28.2395496368, 59.0114402771, 131.889205933, 223.126419067, 273.0027771, 147.124786377, 141.582687378, 273.571960449, 324.389312744, 640.892028809, 500.826599121, 450.217590332, 513.293823242, 515.863220215, 496.710845947, 756.059082031, 426.377044678, 916.044128418, 1499.94116211, 1323.29223633, 842.474243164, 1070.95361328, 788.310058594, 982.393249512, 692.305114746, 338.20324707, 407.619598389, 303.738464355, 311.716552734, 195.695755005, 158.123092651, 138.286804199, 37.3089447021, 19.8265094757, 8.02031517029, 3.72556781769, 1.91536331177, 0.432882040739, 0.0409111082554], "dvar2": [0.133404001594, 21.7296104431, 100.227043152, 105.981742859, 334.995330811, 734.370422363, 103.299423218, 73.9066009521, 188.90776062, 322.750976562, 478.23034668, 473.280609131, 654.880126953, 540.302856445, 445.814605713, 1218.45446777, 1375.61975098, 1355.63269043, 3847.50537109, 5492.67919922, 1581.71447754, 1820.71240234, 2110.54296875, 2334.32958984, 2306.4453125, 2548.54980469, 1017.98327637, 537.267578125, 410.862884521, 323.713470459, 140.796966553, 43.0359916687, 22.4264678955, 4.21818113327, 0.74532610178, 0.127606615424, 0.0177957452834, 0.00342308101244, 0.000170267870999, 1.67637369941e-06], "median": [0.0332254432142, 0.336463153362, 0.782873392105, 0.993356287479, 1.86743581295, 2.14061784744, 2.09722518921, 2.1903963089, 2.41119170189, 2.32111406326, 3.23065567017, 2.46079802513, 2.4763405323, 2.91217684746, 2.72678017616, 3.90830373764, 3.56545472145, 6.23591184616, 7.46241188049, 5.96604681015, 4.00162887573, 5.87924480438, 6.42341041565, 6.52746295929, 7.31370162964, 8.69755458832, 5.04539203644, 2.44584774971, 1.73058748245, 1.60643053055, 1.08579540253, 0.581076025963, 0.350730866194, 0.197404637933, 0.0803444162011, 0.026175249368, 0.00862862449139, 0.00176487024873, 0.000177837413503, 2.82586079265e-05], "dmean2": [0.111895941198, 1.34522747993, 3.01770663261, 3.80383062363, 6.26702070236, 7.36438369751, 4.70305013657, 4.17381381989, 5.64633798599, 6.69162607193, 8.72064113617, 8.31269168854, 8.64895248413, 8.25398254395, 7.81964969635, 12.6597070694, 12.2248210907, 17.9610424042, 22.971622467, 23.3486804962, 12.2845096588, 16.3304080963, 18.6296062469, 18.9233894348, 20.058172226, 22.7594528198, 13.6920576096, 8.10642433167, 6.89637422562, 5.81468296051, 3.75052452087, 1.79561567307, 1.21696388721, 0.632959604263, 0.262460708618, 0.102527849376, 0.035419344902, 0.00992166809738, 0.00189176667482, 0.000178365648026], "dmean": [0.0683288425207, 0.774287223816, 1.70925962925, 2.1897778511, 3.77519607544, 4.29764413834, 2.93783903122, 2.6292412281, 3.71431851387, 4.20757293701, 5.75926303864, 5.4003162384, 5.59597158432, 5.34082984924, 5.00586366653, 7.76201295853, 7.61716461182, 11.1648635864, 14.2769832611, 14.6546821594, 7.94018554688, 10.5230607986, 11.8680944443, 12.177028656, 12.7086496353, 14.1898641586, 8.39253902435, 5.00708246231, 4.25744009018, 3.5848338604, 2.34820628166, 1.16358673573, 0.783563673496, 0.413153231144, 0.171306401491, 0.0678229406476, 0.0234246551991, 0.00638783816248, 0.00118293170817, 0.000109748500108], "var": [0.0568433478475, 5.5819940567, 24.6348018646, 34.9358787537, 120.424079895, 192.491790771, 69.4359207153, 60.9365196228, 192.535415649, 252.320251465, 470.270294189, 479.095947266, 523.665466309, 470.390472412, 438.013336182, 941.549682617, 1268.30712891, 1269.79492188, 3185.54345703, 4224.66308594, 1567.16027832, 1936.23278809, 2320.41821289, 2355.59594727, 2798.45678711, 2847.29956055, 854.160583496, 338.302185059, 271.944000244, 175.083114624, 84.9146347046, 29.973279953, 16.2397270203, 3.57375907898, 0.592857837677, 0.0795333683491, 0.00859632156789, 0.00100676948205, 4.38383358414e-05, 4.23778658387e-07], "dvar": [0.0507674217224, 7.80999708176, 35.743309021, 37.9827766418, 123.709281921, 255.101135254, 40.3618621826, 30.9835357666, 82.7367858887, 126.04901886, 217.600021362, 208.624984741, 268.937286377, 218.717666626, 195.72819519, 460.806030273, 546.208190918, 547.741088867, 1505.79858398, 2127.18530273, 716.849121094, 807.776184082, 929.030334473, 1020.00793457, 974.292114258, 1055.29553223, 394.402862549, 208.51675415, 162.250320435, 125.353935242, 57.1564750671, 18.5773544312, 9.82002067566, 1.85348272324, 0.326698154211, 0.0535385422409, 0.00714422110468, 0.00126126466785, 6.24634267297e-05, 6.19784316314e-07], "mean": [0.124043256044, 0.944149017334, 2.01910376549, 2.85001039505, 5.20635223389, 5.74494791031, 4.91267633438, 4.76569128036, 7.18963623047, 7.52691936493, 10.3579835892, 9.61901855469, 9.6115398407, 9.51174736023, 9.06522274017, 12.9755802155, 13.3807516098, 19.6827754974, 25.1887950897, 24.997543335, 14.7018890381, 20.0338783264, 22.6057891846, 23.6433601379, 27.4124011993, 29.1718463898, 16.8664398193, 9.43490123749, 7.85999822617, 6.41300535202, 4.30525302887, 2.18463134766, 1.36868131161, 0.739726901054, 0.303417623043, 0.104390755296, 0.0348255112767, 0.00842633564025, 0.00130609364714, 0.000120187462016]}, "zerocrossingrate": {"min": 0, "max": 0.52734375, "dvar2": 0.000825091497973, "median": 0.07470703125, "dmean2": 0.0143398018554, "dmean": 0.0115843219683, "var": 0.00803664140403, "dvar": 0.000469627120765, "mean": 0.089325658977}, "spectral_contrast_coeffs": {"min": [-0.98922085762, -0.987309455872, -0.983838498592, -0.988419413567, -0.981667757034, -0.980057418346], "max": [-0.288543075323, -0.426329314709, -0.491271108389, -0.474649429321, -0.530307948589, -0.525303483009], "dvar2": [0.00482067512348, 0.00303817493841, 0.00210293731652, 0.00169864541385, 0.000933055649512, 0.000829873839393], "median": [-0.682671487331, -0.736448764801, -0.766712248325, -0.762908816338, -0.782012045383, -0.751167714596], "dmean2": [0.0740984976292, 0.0633240863681, 0.0545514523983, 0.0482575893402, 0.0351378768682, 0.0288933049887], "dmean": [0.0457060709596, 0.0390744097531, 0.0340828336775, 0.0303099043667, 0.0221328157932, 0.0184355601668], "var": [0.0156709514558, 0.00744283711538, 0.00542624061927, 0.00550933508202, 0.00441909395158, 0.00428271619603], "dvar": [0.00189786334522, 0.00117702013813, 0.000843135931063, 0.000700665055774, 0.000416045368183, 0.00036944396561], "mean": [-0.671386361122, -0.739433884621, -0.768373906612, -0.763736665249, -0.781145632267, -0.760031044483]}, "dissonance": {"min": 0, "max": 0.500000119209, "dvar2": 0.00160170905292, "median": 0.477556675673, "dmean2": 0.0247037708759, "dmean": 0.0146626029164, "var": 0.00162770971656, "dvar": 0.000577937054913, "mean": 0.465738892555}, "spectral_energyband_high": {"min": 6.82577082237e-21, "max": 0.0325192399323, "dvar2": 3.88382295569e-06, "median": 0.000371495843865, "dmean2": 0.000748120830394, "dmean": 0.000481301103719, "var": 3.36435618919e-06, "dvar": 1.58638135872e-06, "mean": 0.00111325830221}, "spectral_skewness": {"min": -0.104109443724, "max": 11.2093334198, "dvar2": 0.149640411139, "median": 1.18088674545, "dmean2": 0.305235385895, "dmean": 0.190199971199, "var": 1.04449474812, "dvar": 0.0651932507753, "mean": 1.34283196926}, "spectral_flux": {"min": 0, "max": 0.338598012924, "dvar2": 0.00235992390662, "median": 0.0486450865865, "dmean2": 0.0306824911386, "dmean": 0.0196676291525, "var": 0.00286817620508, "dvar": 0.00119082222227, "mean": 0.0598859600723}, "silence_rate_30dB": {"min": 1, "max": 1, "dvar2": 0, "median": 1, "dmean2": 0, "dmean": 0, "var": 0, "dvar": 0, "mean": 1}, "spectral_energyband_middle_high": {"min": 1.12600415268e-21, "max": 0.0383673198521, "dvar2": 1.07132382254e-05, "median": 0.00169651815668, "dmean2": 0.00181684142444, "dmean": 0.00121706665959, "var": 2.55103041127e-05, "dvar": 4.83890516989e-06, "mean": 0.00386030995287}, "barkbands_spread": {"min": 0.00306499190629, "max": 114.926361084, "dvar2": 151.700088501, "median": 29.8293590546, "dmean2": 9.62732696533, "dmean": 6.16225147247, "var": 279.674865723, "dvar": 63.7836418152, "mean": 29.4434947968}, "spectral_centroid": {"min": 99.3144454956, "max": 11940.7382812, "dvar2": 529484, "median": 1982.06665039, "dmean2": 464.497406006, "dmean": 293.334960938, "var": 3611534.25, "dvar": 246063.03125, "mean": 2154.2019043}, "pitch_salience": {"min": 1.64770863194e-05, "max": 0.884663879871, "dvar2": 0.011379705742, "median": 0.517555058002, "dmean2": 0.102583654225, "dmean": 0.0640432164073, "var": 0.0210993494838, "dvar": 0.00442563695833, "mean": 0.503983855247}, "erbbands_skewness": {"min": -4.13756799698, "max": 16.6858940125, "dvar2": 0.472418963909, "median": -0.253521203995, "dmean2": 0.497621446848, "dmean": 0.322560191154, "var": 5.49314260483, "dvar": 0.216122403741, "mean": 0.132201403379}, "erbbands_crest": {"min": 2.18748211861, "max": 35.7931404114, "dvar2": 13.6608543396, "median": 7.47258138657, "dmean2": 3.64889717102, "dmean": 2.27713799477, "var": 30.0725917816, "dvar": 5.58568477631, "mean": 8.93584632874}, "melbands": {"min": [4.95072340822e-25, 1.04264416375e-24, 5.77028776595e-25, 7.39207288137e-25, 1.19154185682e-24, 7.74656379939e-25, 1.01682819759e-24, 8.89836876026e-25, 1.31036274877e-24, 1.99719189148e-24, 1.61925020951e-24, 1.77798913959e-24, 1.62710894045e-24, 1.48339593707e-24, 2.06871475431e-24, 2.0523145333e-24, 1.95513002522e-24, 2.80688345776e-24, 2.88129946796e-24, 2.46958231191e-24, 2.87815467396e-24, 3.62101473322e-24, 3.02065569117e-24, 3.81764896347e-24, 3.16146322124e-24, 3.41979564339e-24, 4.01696808181e-24, 3.59857716249e-24, 4.18219657613e-24, 4.3346936443e-24, 4.26173032145e-24, 4.49194833259e-24, 4.84056963243e-24, 4.37353084438e-24, 5.20766368809e-24, 5.58238563428e-24, 4.43054142757e-24, 4.82447174237e-24, 4.85529096022e-24, 5.42099100396e-24], "max": [0.0317159742117, 0.0338796563447, 0.018962783739, 0.019488973543, 0.00531475245953, 0.00354429031722, 0.00371612468734, 0.00335421552882, 0.00478890771046, 0.00269136950374, 0.00221061869524, 0.00192602036987, 0.00157151266467, 0.0011567742331, 0.00157116679475, 0.00174570456147, 0.000959734199569, 0.0014152029762, 0.00152354827151, 0.00130804989021, 0.00191010499839, 0.00096114288317, 0.00128777895588, 0.000843293906655, 0.000809841614682, 0.000710621650796, 0.000683663005475, 0.000527343247086, 0.000323248154018, 0.000290236697765, 0.0003720796376, 0.000182253992534, 0.000176816407475, 0.000179715570994, 0.00012587873789, 0.000113737754873, 9.67892920016e-05, 0.000110681059596, 5.85138404858e-05, 2.77663639281e-05], "dvar2": [1.76131015905e-05, 3.01924774249e-05, 2.77672484117e-06, 3.67749817087e-06, 1.76172605393e-07, 4.01439663733e-08, 3.86678529196e-08, 3.6154343519e-08, 3.00471221237e-08, 1.71195342347e-08, 1.62216160504e-08, 9.16981601762e-09, 7.02953517617e-09, 6.52114007238e-09, 8.56225224055e-09, 5.60427126928e-09, 6.20434548182e-09, 9.32718879909e-09, 9.62193880127e-09, 5.47758904901e-09, 3.26129834249e-09, 2.30730101691e-09, 3.57470852919e-09, 2.16446860435e-09, 2.01748484585e-09, 1.64703339856e-09, 1.70563463353e-09, 1.18362009083e-09, 5.66325264462e-10, 3.66746438774e-10, 2.04109534829e-10, 1.4702558615e-10, 1.26199758976e-10, 1.07230967161e-10, 5.97980831518e-11, 2.65276810935e-11, 1.42078310922e-11, 1.40967021042e-11, 6.26273729057e-12, 2.85927358179e-12], "median": [0.000412770634284, 0.00053671101341, 0.000235666913795, 0.000164196069818, 8.12918151496e-05, 5.31764562766e-05, 3.72269932996e-05, 2.47784046223e-05, 2.51372002822e-05, 1.29730324261e-05, 1.08565864139e-05, 1.04668888525e-05, 8.77215825312e-06, 7.77754939918e-06, 9.04356420506e-06, 6.13545080341e-06, 1.02651820271e-05, 9.37602453632e-06, 9.43566465139e-06, 4.46925560027e-06, 3.60712397196e-06, 5.45685270481e-06, 5.15512829224e-06, 5.14644261784e-06, 4.54732844446e-06, 4.57487612948e-06, 5.5652494666e-06, 5.14311659572e-06, 2.99036719298e-06, 1.82625853995e-06, 1.11558608751e-06, 8.6695445134e-07, 8.87068779321e-07, 8.57153906964e-07, 6.51802110951e-07, 4.11175221871e-07, 2.96709060876e-07, 2.35729174847e-07, 1.88575612015e-07, 1.36564352715e-07], "dmean2": [0.00124764291104, 0.0016511187423, 0.000683882215526, 0.000542010995559, 0.000179422291694, 9.94848523987e-05, 8.45548493089e-05, 7.21703036106e-05, 7.25371428416e-05, 5.00395290146e-05, 4.2986295739e-05, 3.36981829605e-05, 3.08174894599e-05, 2.94247638521e-05, 3.13503624056e-05, 2.61852474068e-05, 3.73617876903e-05, 3.6070785427e-05, 3.69385452359e-05, 2.27212440223e-05, 1.6149269868e-05, 1.85265580512e-05, 1.96849359781e-05, 1.88582143892e-05, 1.66073950822e-05, 1.61706848303e-05, 1.73401549546e-05, 1.5474301108e-05, 1.03097472675e-05, 6.83530470269e-06, 4.72688407172e-06, 4.13855968873e-06, 3.87741283703e-06, 3.32685294779e-06, 2.51377559835e-06, 1.52787686147e-06, 1.02393823909e-06, 9.34373701966e-07, 7.6068835142e-07, 5.13578868322e-07], "dmean": [0.000742481439374, 0.000949763401877, 0.000399124284741, 0.000319952378049, 0.000110698310891, 6.28714260529e-05, 5.54146172362e-05, 4.52431595477e-05, 4.79310110677e-05, 3.24275060848e-05, 2.78370098385e-05, 2.17796223296e-05, 1.95731663553e-05, 1.83220108738e-05, 1.96223772946e-05, 1.61270745593e-05, 2.31628691836e-05, 2.24448231165e-05, 2.32066740864e-05, 1.43608776852e-05, 1.03420279629e-05, 1.18765710795e-05, 1.248724584e-05, 1.19224159789e-05, 1.0609801393e-05, 1.01922987596e-05, 1.09274233182e-05, 9.60412580753e-06, 6.25226357442e-06, 4.15878093918e-06, 2.89193508252e-06, 2.52627205555e-06, 2.37667381953e-06, 2.0165098249e-06, 1.54877136538e-06, 9.67160758591e-07, 6.60006662656e-07, 5.93794311499e-07, 4.87689760575e-07, 3.29617364514e-07], "var": [5.67503457205e-06, 7.79097808845e-06, 9.55133941716e-07, 1.01931732388e-06, 9.55328189889e-08, 3.51074298521e-08, 4.2017301638e-08, 2.75451306209e-08, 3.07898133656e-08, 1.67273483953e-08, 1.29483366251e-08, 7.97220689464e-09, 6.71094291249e-09, 5.38257749483e-09, 6.80645717566e-09, 4.35722258274e-09, 5.41264588705e-09, 7.74041986062e-09, 8.32060020883e-09, 3.61070218169e-09, 3.04535219264e-09, 2.26740248799e-09, 3.29004867794e-09, 1.99540162171e-09, 1.80752002255e-09, 1.87976301191e-09, 1.8309668226e-09, 1.19165843859e-09, 4.73226902109e-10, 2.0674978396e-10, 1.18124537929e-10, 9.48331482786e-11, 7.29274904354e-11, 5.42039468865e-11, 3.40527675502e-11, 1.63026710187e-11, 9.90777945797e-12, 9.12564815381e-12, 5.15339073498e-12, 2.11583008058e-12], "dvar": [6.50318088447e-06, 1.09308321043e-05, 1.00564989225e-06, 1.30008049837e-06, 6.64403643214e-08, 1.68952443147e-08, 1.70725122928e-08, 1.41203395643e-08, 1.36750069046e-08, 7.44942596498e-09, 6.6689911371e-09, 3.75220876592e-09, 2.98023605794e-09, 2.53288345853e-09, 3.31926530706e-09, 2.17508078215e-09, 2.50634113463e-09, 3.67626196152e-09, 3.87043774808e-09, 2.19724438644e-09, 1.49195911181e-09, 1.04681430191e-09, 1.53586232621e-09, 9.26319965178e-10, 8.81687500787e-10, 7.1418132519e-10, 7.07708835979e-10, 4.89897011846e-10, 2.1744259171e-10, 1.39038489055e-10, 7.92165222308e-11, 5.81176426429e-11, 4.8360083299e-11, 4.16086713695e-11, 2.38239046546e-11, 1.10453382551e-11, 6.11447394452e-12, 6.00504845502e-12, 2.79879266464e-12, 1.1907495389e-12], "mean": [0.0011544682784, 0.00115678249858, 0.000549236894585, 0.000426407641498, 0.000182522664545, 0.000115167400509, 0.000109043183329, 7.9879660916e-05, 8.56200858834e-05, 5.6317254348e-05, 4.62880307168e-05, 3.71055830328e-05, 3.30707043759e-05, 2.95606296277e-05, 3.24772227032e-05, 2.64133268502e-05, 3.81313693651e-05, 3.74047667719e-05, 3.91090470657e-05, 2.19930243475e-05, 1.74783381226e-05, 2.06154527405e-05, 2.19339744945e-05, 2.0325935111e-05, 1.83599786396e-05, 1.96884684556e-05, 2.13033472392e-05, 1.82982566912e-05, 1.16360979519e-05, 7.11627126293e-06, 4.923772849e-06, 4.40649955635e-06, 4.09474705521e-06, 3.38344739248e-06, 2.69057750302e-06, 1.70745454398e-06, 1.17136357858e-06, 9.84657731351e-07, 8.02070303507e-07, 5.67579888866e-07]}, "spectral_entropy": {"min": 3.42504858971, "max": 9.82354450226, "dvar2": 0.0649858936667, "median": 7.71445226669, "dmean2": 0.203730612993, "dmean": 0.136102125049, "var": 0.498550534248, "dvar": 0.0307778660208, "mean": 7.64113044739}, "spectral_rolloff": {"min": 21.533203125, "max": 19659.8144531, "dvar2": 3112697.75, "median": 1959.52148438, "dmean2": 1027.91589355, "dmean": 615.817871094, "var": 12614940, "dvar": 1440799.375, "mean": 2701.78710938}, "barkbands": {"min": [2.29574695068e-25, 1.45967124117e-24, 5.11387759279e-25, 3.53195411196e-25, 4.05532683775e-24, 3.90178374002e-24, 4.16980396574e-24, 3.81136331977e-24, 1.20123676013e-23, 1.11899714302e-23, 9.49307955823e-24, 1.6861307048e-23, 2.10618146634e-23, 2.25781899167e-23, 3.10449267274e-23, 4.44413941743e-23, 6.33508318345e-23, 7.93821136375e-23, 1.01355405012e-22, 1.4912610144e-22, 2.28888534386e-22, 2.57513784904e-22, 3.9523577231e-22, 3.8683426483e-22, 8.19329616389e-22, 1.22936275321e-21, 1.84800630677e-21], "max": [0.0192266926169, 0.122309416533, 0.0563393831253, 0.0497725233436, 0.0738930702209, 0.0169362612069, 0.0150382360443, 0.023475907743, 0.0187308155, 0.0105579355732, 0.011639627628, 0.00980487186462, 0.0159006677568, 0.0101697426289, 0.0215611811727, 0.0196620821953, 0.0203054957092, 0.0151313021779, 0.0163288675249, 0.0120062241331, 0.00831928662956, 0.00907746329904, 0.00750546623021, 0.00825085584074, 0.00251000421122, 0.00202096765861, 0.00325051764958], "dvar2": [3.73542093257e-07, 0.000324216031004, 6.89729422447e-05, 1.03467527879e-05, 5.40372057003e-05, 1.21078437587e-06, 8.96180324617e-07, 9.16410272112e-07, 7.62052593473e-07, 5.43069177183e-07, 4.27646483558e-07, 5.74194189085e-07, 6.64100923586e-07, 5.67101267279e-07, 2.06263985092e-06, 6.08167169958e-07, 9.22057154185e-07, 7.67348865338e-07, 8.91225624855e-07, 1.00527245195e-06, 4.4018150902e-07, 3.1095746067e-07, 1.96017083454e-07, 7.97950860942e-08, 2.00018437368e-08, 5.72844394142e-09, 8.97785845666e-09], "median": [1.11785820991e-05, 0.00145323295146, 0.000564739981201, 0.000253591279034, 0.000765838427469, 0.000311266107019, 0.000159508330398, 0.000120443160995, 8.56461629155e-05, 7.50480176066e-05, 6.07304464211e-05, 7.19154340914e-05, 5.88670409343e-05, 9.9744022009e-05, 0.000156660389621, 4.30175750807e-05, 0.000105421480839, 0.000110206245154, 0.000128010186017, 0.000175528082764, 8.46408074722e-05, 4.80036396766e-05, 4.06327344535e-05, 2.36050400417e-05, 1.47587006722e-05, 5.1657966651e-06, 1.05838194031e-06], "dmean2": [0.000116222021461, 0.00527563830838, 0.00256776879542, 0.00125645566732, 0.0021557265427, 0.00056206464069, 0.00039645031211, 0.000384229817428, 0.000349629786797, 0.000280098203802, 0.000238750566496, 0.00027493329253, 0.000279514817521, 0.00035223129089, 0.00055876292754, 0.000229521421716, 0.000348342029611, 0.000381205318263, 0.000384238228435, 0.000474169792142, 0.000260228931438, 0.000186529490747, 0.000140079006087, 7.56738591008e-05, 4.43941535195e-05, 2.01320235647e-05, 1.30147736854e-05], "dmean": [7.7861121099e-05, 0.00309506081976, 0.00144814874511, 0.000739275361411, 0.00129122205544, 0.00035188390757, 0.000256980827544, 0.000247374206083, 0.000225944357226, 0.000181677169167, 0.00015217634791, 0.000169052000274, 0.000171799227246, 0.000219206282054, 0.000350417336449, 0.000143415963976, 0.000221582318773, 0.000241525194724, 0.000243379399762, 0.000296496262308, 0.000159374147188, 0.00011624419858, 8.72760210768e-05, 4.88447949465e-05, 2.92302684102e-05, 1.33482717501e-05, 8.10051551525e-06], "var": [3.9927385842e-06, 9.29513771553e-05, 1.64006487466e-05, 4.30829686593e-06, 1.60363360919e-05, 9.67734308688e-07, 8.84738255991e-07, 8.07483331755e-07, 7.77411116815e-07, 4.7965329486e-07, 3.90322156818e-07, 4.2626817276e-07, 6.06459025221e-07, 5.22772381828e-07, 1.77071797225e-06, 4.32771201986e-07, 8.63071250023e-07, 7.91634818142e-07, 9.67332994151e-07, 1.18362083867e-06, 3.05313449189e-07, 1.93910437929e-07, 1.15511461729e-07, 6.08935195601e-08, 1.76861050249e-08, 2.96561752933e-09, 2.27021001997e-09], "dvar": [1.52819666255e-07, 0.000118283518532, 2.4178685635e-05, 3.85226394428e-06, 1.92210154637e-05, 4.88058674364e-07, 3.76385855816e-07, 3.98656140987e-07, 3.33565793653e-07, 2.29850400046e-07, 1.77327891038e-07, 2.17158159899e-07, 2.64030603603e-07, 2.33920701476e-07, 8.03600016752e-07, 2.65141238742e-07, 4.08286751963e-07, 3.3457163795e-07, 3.7688954535e-07, 4.18596187046e-07, 1.69175535802e-07, 1.2185536491e-07, 7.91842964531e-08, 3.56741907126e-08, 8.909153415e-09, 2.31705810094e-09, 3.29465588145e-09], "mean": [0.000412342546042, 0.00427178759128, 0.00167068163864, 0.000957345997449, 0.00183271535207, 0.000641958438791, 0.000493446248583, 0.00042035014485, 0.000388696207665, 0.000300709769363, 0.000250203185715, 0.00026584326406, 0.000280900450889, 0.000365707412129, 0.000598110666033, 0.000210947022424, 0.000393724563764, 0.000429720850661, 0.000478070782265, 0.000610002782196, 0.000304193643387, 0.000212594051845, 0.000159730523592, 8.94007825991e-05, 5.35261824552e-05, 2.02525461646e-05, 8.5818246589e-06]}, "melbands_flatness_db": {"min": 0.0028396458365, "max": 1, "dvar2": 0.0025983536616, "median": 0.163597300649, "dmean2": 0.0372900739312, "dmean": 0.0244965124875, "var": 0.0227112732828, "dvar": 0.00118492462207, "mean": 0.198082864285}, "melbands_skewness": {"min": -1.63124394417, "max": 33316.4257812, "dvar2": 786978.6875, "median": 2.34031152725, "dmean2": 24.9374866486, "dmean": 12.6610679626, "var": 18724706, "dvar": 394108.5625, "mean": 575.697998047}, "barkbands_skewness": {"min": -3.88162231445, "max": 69.9461288452, "dvar2": 4.80524158478, "median": 1.01090228558, "dmean2": 0.934944748878, "dmean": 0.601764678955, "var": 8.67421627045, "dvar": 1.80959415436, "mean": 1.63406813145}, "silence_rate_60dB": {"min": 0, "max": 1, "dvar2": 0.0650594681501, "median": 0, "dmean2": 0.0621373094618, "dmean": 0.0310658812523, "var": 0.157889544964, "dvar": 0.0301032587886, "mean": 0.196554496884}, "spectral_energyband_low": {"min": 7.99697171932e-24, "max": 0.147734418511, "dvar2": 0.000559581269044, "median": 0.00353331933729, "dmean2": 0.00755584333092, "dmean": 0.00446173222736, "var": 0.000171801744727, "dvar": 0.000209042118513, "mean": 0.00670889299363}, "spectral_energyband_middle_low": {"min": 1.29170369162e-22, "max": 0.0917204096913, "dvar2": 8.18972475827e-05, "median": 0.00314644863829, "dmean2": 0.00370510062203, "dmean": 0.00227286596783, "var": 3.81323770853e-05, "dvar": 3.03196920868e-05, "mean": 0.00487558171153}, "melbands_kurtosis": {"min": -1.86097669601, "max": 2035414784, "dvar2": 2928464394980000.0, "median": 5.85421085358, "dmean2": 1446730.75, "dmean": 723306.9375, "var": 6.8820472892e+16, "dvar": 1464395272030000.0, "mean": 34734088}, "spectral_decrease": {"min": -3.91994561255e-08, "max": 2.29795412802e-28, "dvar2": 4.41405544775e-17, "median": -2.9610973673e-09, "dmean2": 2.70848832251e-09, "dmean": 1.65480018577e-09, "var": 1.8906862298e-17, "dvar": 1.67662644565e-17, "mean": -3.8582625983e-09}, "erbbands_kurtosis": {"min": -1.88701868057, "max": 321.821655273, "dvar2": 77.376953125, "median": -0.198978424072, "dmean2": 1.50128471851, "dmean": 0.930202364922, "var": 1754.82104492, "dvar": 38.5666427612, "mean": 5.87469339371}, "melbands_crest": {"min": 1.55408513546, "max": 40, "dvar2": 23.2992095947, "median": 14.0050935745, "dmean2": 4.47566080093, "dmean": 2.81979823112, "var": 49.6333198547, "dvar": 9.23707866669, "mean": 14.8872251511}, "gfcc": {"cov": [[61128.4882812, 915.305480957, -6831.72949219, 2817.90454102, -2879.31591797, 251.253326416, -1797.0369873, 260.392181396, -1618.78967285, 153.768035889, -1035.94665527, -344.204620361, -723.83013916], [915.305480957, 1877.68615723, 220.688964844, 5.62740945816, 169.375320435, -19.0445156097, 109.832298279, -71.44947052, 100.414321899, -1.26569414139, 143.874099731, -46.987033844, -28.2591190338], [-6831.72949219, 220.688964844, 2407.95141602, -213.061187744, 462.438323975, 115.43636322, 138.745864868, -75.4036407471, 188.620025635, 14.1754779816, 203.175369263, 85.0189285278, 53.34375], [2817.90454102, 5.62740945816, -213.061187744, 511.434295654, -48.2064628601, 59.1946258545, -37.4878730774, 25.5646533966, -74.1341781616, -31.1319694519, -47.7779083252, -23.8302402496, -5.10124778748], [-2879.31591797, 169.375320435, 462.438323975, -48.2064628601, 498.02545166, 89.7588043213, 223.85748291, 54.0989990234, 147.762908936, 9.85756206512, 85.6853103638, 46.7515258789, 103.426773071], [251.253326416, -19.0445156097, 115.43636322, 59.1946258545, 89.7588043213, 248.982833862, 73.1761474609, 47.7620239258, 30.6926422119, 17.1517276764, 23.5943279266, 24.5176086426, 24.2456359863], [-1797.0369873, 109.832298279, 138.745864868, -37.4878730774, 223.85748291, 73.1761474609, 308.857269287, 82.2151184082, 128.257369995, 36.196395874, 82.7845611572, 21.2192020416, 53.3018112183], [260.392181396, -71.44947052, -75.4036407471, 25.5646533966, 54.0989990234, 47.7620239258, 82.2151184082, 191.89994812, 72.5491638184, 54.1632614136, 22.9665718079, 24.682308197, 25.2874126434], [-1618.78967285, 100.414321899, 188.620025635, -74.1341781616, 147.762908936, 30.6926422119, 128.257369995, 72.5491638184, 221.191345215, 50.9990119934, 72.4868240356, 19.4824523926, 40.2709655762], [153.768035889, -1.26569414139, 14.1754779816, -31.1319694519, 9.85756206512, 17.1517276764, 36.196395874, 54.1632614136, 50.9990119934, 129.494338989, 50.7566795349, 23.3128643036, -0.487271696329], [-1035.94665527, 143.874099731, 203.175369263, -47.7779083252, 85.6853103638, 23.5943279266, 82.7845611572, 22.9665718079, 72.4868240356, 50.7566795349, 137.87727356, 39.7018623352, 15.7731428146], [-344.204620361, -46.987033844, 85.0189285278, -23.8302402496, 46.7515258789, 24.5176086426, 21.2192020416, 24.682308197, 19.4824523926, 23.3128643036, 39.7018623352, 102.31930542, 42.5317420959], [-723.83013916, -28.2591190338, 53.34375, -5.10124778748, 103.426773071, 24.2456359863, 53.3018112183, 25.2874126434, 40.2709655762, -0.487271696329, 15.7731428146, 42.5317420959, 108.916969299]], "icov": [[6.43066741759e-05, -0.000103911974293, 0.000105227569293, -0.000223625829676, 0.000143700905028, -0.000173873442691, 0.000193335436052, -0.000164780663908, 0.000198830020963, -0.000259999826085, 0.000219704539631, -0.000109172317025, 0.000120418626466], [-0.000103911974293, 0.000820359564386, -0.000126875893329, 0.000248248077696, -0.000456806999864, 0.000375388219254, -0.00032562573324, 0.00062288728077, -0.000520824396517, 0.000576927908696, -0.00117803760804, 0.00061532552354, 8.64688190632e-05], [0.000105227569293, -0.000126875893329, 0.000788794422988, -0.000236724838032, -0.000346189597622, -0.000491201062687, 0.000620922888629, 0.000169916645973, 5.75920421397e-05, -0.000254694459727, -0.000317106139846, -0.000357613927918, 0.00052688427968], [-0.000223625829676, 0.000248248077696, -0.000236724838032, 0.00308986194432, -0.000511953548994, -0.000105569408333, -0.000459886825411, -8.74522665981e-05, 7.98103792476e-05, 0.0012945740018, -0.000578484439757, 0.000849811069202, -0.000677865173202], [0.000143700905028, -0.000456806999864, -0.000346189597622, -0.000511953548994, 0.00465485686436, -0.000786189455539, -0.00161410565488, -0.000500731635839, -0.000324687804095, 6.45582331344e-05, 0.000680920435116, -0.000342967017787, -0.00220133713447], [-0.000173873442691, 0.000375388219254, -0.000491201062687, -0.000105569408333, -0.000786189455539, 0.00529066473246, -0.00128886697348, -0.00020876104827, -0.000318329402944, 0.000421688164352, -0.000472239946248, -0.000371763686417, -0.000241301895585], [0.000193335436052, -0.00032562573324, 0.000620922888629, -0.000459886825411, -0.00161410565488, -0.00128886697348, 0.00677754310891, -0.00170022714883, -0.000662885489874, -0.000598228129093, -0.00149868684821, 0.000807535194326, -8.35626851767e-05], [-0.000164780663908, 0.00062288728077, 0.000169916645973, -8.74522665981e-05, -0.000500731635839, -0.00020876104827, -0.00170022714883, 0.00821482297033, -0.00250777462497, -0.00160668324679, 9.42869064602e-06, -0.000797137443442, -0.000344063621014], [0.000198830020963, -0.000520824396517, 5.75920421397e-05, 7.98103792476e-05, -0.000324687804095, -0.000318329402944, -0.000662885489874, -0.00250777462497, 0.00850237160921, -0.00213838368654, -0.000792077276856, 0.00094159739092, -0.000958630989771], [-0.000259999826085, 0.000576927908696, -0.000254694459727, 0.0012945740018, 6.45582331344e-05, 0.000421688164352, -0.000598228129093, -0.00160668324679, -0.00213838368654, 0.0118255633861, -0.00435116654262, -0.000668773951475, 0.000852623314131], [0.000219704539631, -0.00117803760804, -0.000317106139846, -0.000578484439757, 0.000680920435116, -0.000472239946248, -0.00149868684821, 9.42869064602e-06, -0.000792077276856, -0.00435116654262, 0.0141023620963, -0.00449947593734, 0.00146057351958], [-0.000109172317025, 0.00061532552354, -0.000357613927918, 0.000849811069202, -0.000342967017787, -0.000371763686417, 0.000807535194326, -0.000797137443442, 0.00094159739092, -0.000668773951475, -0.00449947593734, 0.0144587885588, -0.00549825746566], [0.000120418626466, 8.64688190632e-05, 0.00052688427968, -0.000677865173202, -0.00220133713447, -0.000241301895585, -8.35626851767e-05, -0.000344063621014, -0.000958630989771, 0.000852623314131, 0.00146057351958, -0.00549825746566, 0.0142728686333]], "mean": [-89.1703491211, 69.6811904907, -106.196166992, 40.0826721191, -47.4068222046, 10.7471599579, -28.0840263367, 4.06422948837, -19.3343887329, 3.68804812431, -11.1036911011, -3.60979938507, -11.5041761398]}, "melbands_spread": {"min": 8.61273541375e-09, "max": 226.222869873, "dvar2": 464.198059082, "median": 30.2435073853, "dmean2": 15.0063514709, "dmean": 9.55593109131, "var": 1008.73803711, "dvar": 203.260894775, "mean": 37.0196800232}, "spectral_energy": {"min": 9.8906357428e-21, "max": 0.151677027345, "dvar2": 0.000655176816508, "median": 0.012227088213, "dmean2": 0.0107090426609, "dmean": 0.00659301318228, "var": 0.000308910995955, "dvar": 0.000250065466389, "mean": 0.0161228664219}, "mfcc": {"cov": [[22721.7988281, 808.220031738, -985.045349121, 1185.03027344, -354.084136963, 64.1207122803, -90.7237091064, -198.272445679, -287.801300049, 57.0103607178, -249.563201904, -534.693969727, -353.462158203], [808.220031738, 1772.02355957, 253.090515137, 147.153930664, 159.957382202, 71.0667953491, 25.6557617188, 0.720462083817, -62.891368866, 75.5054931641, 23.4678573608, 68.0355987549, 48.0012779236], [-985.045349121, 253.090515137, 1023.32440186, 89.6009750366, 199.757095337, 92.3341445923, -6.9849357605, -34.0500717163, -96.2958297729, -23.7366676331, 21.5096702576, 58.6259384155, 56.8213996887], [1185.03027344, 147.153930664, 89.6009750366, 408.238433838, 80.6063613892, 58.8770256042, 49.7383728027, 23.7024936676, 3.71794819832, 11.6776771545, -9.42376995087, -14.5857515335, 0.730541646481], [-354.084136963, 159.957382202, 199.757095337, 80.6063613892, 253.304382324, 72.327583313, 45.4679260254, 39.2401123047, 33.9370689392, 4.95543527603, 7.14708566666, 28.2242736816, 38.1489105225], [64.1207122803, 71.0667953491, 92.3341445923, 58.8770256042, 72.327583313, 203.043579102, 80.3772735596, 46.5313224792, 25.8059139252, 12.9570789337, 7.56220912933, 16.8158569336, 5.6081404686], [-90.7237091064, 25.6557617188, -6.9849357605, 49.7383728027, 45.4679260254, 80.3772735596, 195.892410278, 82.9988861084, 56.3593788147, 40.4408683777, 42.1250076294, 26.9357624054, 13.5734624863], [-198.272445679, 0.720462083817, -34.0500717163, 23.7024936676, 39.2401123047, 46.5313224792, 82.9988861084, 152.365737915, 77.8014526367, 35.1846809387, 40.6213645935, 37.0745887756, 19.4173660278], [-287.801300049, -62.891368866, -96.2958297729, 3.71794819832, 33.9370689392, 25.8059139252, 56.3593788147, 77.8014526367, 171.08253479, 54.0619430542, 43.8484992981, 31.4563770294, 23.2268638611], [57.0103607178, 75.5054931641, -23.7366676331, 11.6776771545, 4.95543527603, 12.9570789337, 40.4408683777, 35.1846809387, 54.0619430542, 154.242706299, 80.4592514038, 23.3947238922, 12.9003763199], [-249.563201904, 23.4678573608, 21.5096702576, -9.42376995087, 7.14708566666, 7.56220912933, 42.1250076294, 40.6213645935, 43.8484992981, 80.4592514038, 156.364044189, 70.947479248, 35.658996582], [-534.693969727, 68.0355987549, 58.6259384155, -14.5857515335, 28.2242736816, 16.8158569336, 26.9357624054, 37.0745887756, 31.4563770294, 23.3947238922, 70.947479248, 135.973068237, 58.3745918274], [-353.462158203, 48.0012779236, 56.8213996887, 0.730541646481, 38.1489105225, 5.6081404686, 13.5734624863, 19.4173660278, 23.2268638611, 12.9003763199, 35.658996582, 58.3745918274, 119.400810242]], "icov": [[6.74415350659e-05, -3.26784102072e-05, 7.6661730418e-05, -0.000210114027141, 8.85983245098e-05, -6.40120342723e-05, 4.48421305919e-05, 2.99006969726e-05, 9.53818744165e-05, -4.8893627536e-05, -2.434227099e-05, 0.000175892651896, 5.03312694491e-05], [-3.26784102072e-05, 0.00068462867057, -5.74691184738e-05, -5.73003235331e-05, -0.000395946379285, -4.37428534497e-05, 9.9490471257e-06, 1.68403257703e-05, 0.000440958479885, -0.000518404238392, 0.000239971152041, -0.000470328552183, -9.10752642085e-05], [7.6661730418e-05, -5.74691184738e-05, 0.00148026191164, -0.000341722246958, -0.000949084816966, -0.000533385027666, 0.000271616765531, 0.000337976875016, 0.00112795399036, 2.93817574857e-05, -0.000373557762941, -0.000203750067158, -0.000221273177885], [-0.000210114027141, -5.73003235331e-05, -0.000341722246958, 0.00344651774503, -0.000865638372488, -0.000135149864946, -0.00061022664886, -0.000260421307757, -0.000186263991054, -2.36579271586e-05, 0.000268498115474, 7.53703425289e-05, -0.000141032825923], [8.85983245098e-05, -0.000395946379285, -0.000949084816966, -0.000865638372488, 0.00603677798063, -0.00100121286232, -0.000249712524237, -0.000536657636985, -0.00142634031363, 0.000423098623287, 0.000508868950419, 0.000339076766977, -0.000973668182269], [-6.40120342723e-05, -4.37428534497e-05, -0.000533385027666, -0.000135149864946, -0.00100121286232, 0.00669231312349, -0.00224146014079, -0.000704607286025, -0.00032386960811, -2.22062844841e-05, 0.000688058964442, -0.000524799339473, 0.000574187375605], [4.48421305919e-05, 9.9490471257e-06, 0.000271616765531, -0.00061022664886, -0.000249712524237, -0.00224146014079, 0.00784453283995, -0.00282792653888, -0.000275153724942, -0.000568157527596, -0.000993492780253, 0.00018044639728, 7.98030232545e-05], [2.99006969726e-05, 1.68403257703e-05, 0.000337976875016, -0.000260421307757, -0.000536657636985, -0.000704607286025, -0.00282792653888, 0.0106199197471, -0.00307382503524, -9.45778174355e-06, -0.000545267015696, -0.00124329421669, 9.11422321224e-05], [9.53818744165e-05, 0.000440958479885, 0.00112795399036, -0.000186263991054, -0.00142634031363, -0.00032386960811, -0.000275153724942, -0.00307382503524, 0.00961466133595, -0.00233162869699, -0.000222350252443, -0.000518027809449, -0.000727211299818], [-4.8893627536e-05, -0.000518404238392, 2.93817574857e-05, -2.36579271586e-05, 0.000423098623287, -2.22062844841e-05, -0.000568157527596, -9.45778174355e-06, -0.00233162869699, 0.0101715028286, -0.00516358902678, 0.00150408700574, 0.000143191893585], [-2.434227099e-05, 0.000239971152041, -0.000373557762941, 0.000268498115474, 0.000508868950419, 0.000688058964442, -0.000993492780253, -0.000545267015696, -0.000222350252443, -0.00516358902678, 0.0117823816836, -0.00485075311735, -0.000531841127668], [0.000175892651896, -0.000470328552183, -0.000203750067158, 7.53703425289e-05, 0.000339076766977, -0.000524799339473, 0.00018044639728, -0.00124329421669, -0.000518027809449, 0.00150408700574, -0.00485075311735, 0.0127621581778, -0.00394816324115], [5.03312694491e-05, -9.10752642085e-05, -0.000221273177885, -0.000141032825923, -0.000973668182269, 0.000574187375605, 7.98030232545e-05, 9.11422321224e-05, -0.000727211299818, 0.000143191893585, -0.000531841127668, -0.00394816324115, 0.0111422212794]], "mean": [-704.890197754, 93.8601074219, 0.743417978287, 30.9994449615, 4.1213889122, 9.64411354065, 3.46582698822, 1.92326378822, -3.02273988724, 7.1605463028, 0.101171933115, -0.226615741849, 0.300741642714]}, "spectral_contrast_valleys": {"min": [-28.9644813538, -28.3194313049, -27.9667015076, -27.9745769501, -27.6589012146, -27.4573497772], "max": [-5.24725866318, -5.21651649475, -5.72389268875, -5.81632137299, -5.4047908783, -7.32338857651], "dvar2": [0.862041711807, 0.80264878273, 0.721067368984, 0.729102790356, 0.746079862118, 0.64799541235], "median": [-7.44910764694, -7.37754058838, -8.0255613327, -8.15760040283, -7.54525279999, -10.2109909058], "dmean2": [0.65967130661, 0.581403315067, 0.532562553883, 0.492087572813, 0.422721475363, 0.412753850222], "dmean": [0.41250538826, 0.36068585515, 0.336495667696, 0.315430641174, 0.27980658412, 0.300099819899], "var": [16.1462535858, 16.4025802612, 15.6511449814, 15.8234062195, 17.0203380585, 13.5817136765], "dvar": [0.510339975357, 0.477189391851, 0.437765181065, 0.442643374205, 0.459386438131, 0.407458156347], "mean": [-8.7062292099, -8.44849872589, -9.06525421143, -9.27471446991, -8.78953075409, -11.2783651352]}, "barkbands_flatness_db": {"min": 0.0241082776338, "max": 1, "dvar2": 0.00163323397283, "median": 0.10568805784, "dmean2": 0.0292187482119, "dmean": 0.0191427636892, "var": 0.018960641697, "dvar": 0.00075223314343, "mean": 0.141886755824}, "dynamic_complexity": 7.60721445084, "erbbands_flatness_db": {"min": 0.0394692756236, "max": 0.450146585703, "dvar2": 0.000470342027256, "median": 0.134609162807, "dmean2": 0.0209577698261, "dmean": 0.0142656844109, "var": 0.0035166288726, "dvar": 0.000233733400819, "mean": 0.149311453104}, "hfc": {"min": 1.04339781609