{"lowlevel": {"spectral_complexity": {"min": 0, "max": 60, "dvar2": 41.2216949463, "median": 10, "dmean2": 4.30856323242, "dmean": 2.79161810875, "var": 130.991256714, "dvar": 19.6756668091, "mean": 12.9727430344}, "silence_rate_20dB": {"min": 1, "max": 1, "dvar2": 0, "median": 1, "dmean2": 0, "dmean": 0, "var": 0, "dvar": 0, "mean": 1}, "average_loudness": 0.12413418293, "erbbands_spread": {"min": 1.64451503754, "max": 175.843719482, "dvar2": 225.528289795, "median": 28.0056037903, "dmean2": 11.7500896454, "dmean": 7.91220283508, "var": 383.20401001, "dvar": 108.810096741, "mean": 32.4146614075}, "spectral_kurtosis": {"min": -1.28510844707, "max": 43.4473457336, "dvar2": 15.0278892517, "median": 4.70717668533, "dmean2": 3.01656007767, "dmean": 1.828348279, "var": 15.481803894, "dvar": 5.62873125076, "mean": 5.45705461502}, "barkbands_kurtosis": {"min": -1.92749762535, "max": 659.593688965, "dvar2": 568.704406738, "median": 1.02930736542, "dmean2": 6.00048065186, "dmean": 3.76317429543, "var": 280.067321777, "dvar": 235.964294434, "mean": 4.44507980347}, "spectral_strongpeak": {"min": 0, "max": 15.4314250946, "dvar2": 1.80903959274, "median": 0.433184027672, "dmean2": 0.768241941929, "dmean": 0.464272260666, "var": 1.74932074547, "dvar": 0.730304658413, "mean": 0.911670088768}, "spectral_spread": {"min": 1416099.375, "max": 41757912, "dvar2": 2389227864060.0, "median": 4007959.25, "dmean2": 1101957.625, "dmean": 776828.4375, "var": 4509107486720.0, "dvar": 1228009635840.0, "mean": 4521494}, "spectral_rms": {"min": 3.17984831175e-12, "max": 0.0149448513985, "dvar2": 3.10105565404e-06, "median": 0.00262043671682, "dmean2": 0.000964350590948, "dmean": 0.000672237481922, "var": 5.86670012126e-06, "dvar": 1.61256753017e-06, "mean": 0.00314614572562}, "erbbands": {"min": [2.13156956618e-22, 8.49405638909e-22, 1.4096718699e-21, 1.08742019587e-20, 2.31614675106e-20, 6.40531830974e-20, 9.41966204335e-20, 1.70849089042e-19, 1.82232360891e-19, 1.87021439369e-19, 3.46581542227e-19, 5.76865316039e-19, 5.47065772581e-19, 1.45732576922e-18, 1.857600122e-18, 1.73851092921e-18, 2.10979032677e-18, 2.13733068487e-18, 3.58154812293e-18, 4.28381867272e-18, 5.21849388742e-18, 5.59957971793e-18, 6.04585854766e-18, 8.4513365785e-18, 8.63204907256e-18, 1.07102005681e-17, 1.36480838876e-17, 9.20279873214e-18, 1.28188808185e-17, 1.23233673715e-17, 1.55936714182e-17, 1.38353484793e-17, 1.18339237759e-17, 8.70627529765e-18, 6.55169644944e-18, 4.26526914748e-18, 2.66585174021e-18, 1.00113059492e-18, 2.76403720004e-19, 3.22424242963e-20], "max": [2.89513516426, 38.5464324951, 77.0285720825, 342.108886719, 292.121856689, 282.609130859, 121.015129089, 278.198883057, 392.028015137, 693.5703125, 642.217346191, 957.825256348, 1060.06359863, 1240.9173584, 1698.76513672, 2208.67895508, 2783.32446289, 2145.76049805, 3821.87402344, 3290.60327148, 5060.19580078, 2701.29516602, 3095.86181641, 1433.31799316, 2198.74511719, 656.903198242, 400.121307373, 289.687591553, 569.403259277, 509.602844238, 234.815536499, 125.270645142, 198.234695435, 117.192314148, 97.6210403442, 21.5102882385, 6.238697052, 2.02481389046, 0.192884385586, 0.0127968871966], "dvar2": [0.163512155414, 24.8355236053, 116.798027039, 757.280883789, 592.953125, 157.746490479, 85.4637832642, 295.967346191, 535.768066406, 1203.2130127, 1467.9407959, 1721.57006836, 2194.20556641, 2497.97143555, 3707.65209961, 2194.38232422, 3410.26904297, 8577.38183594, 11020.78125, 6404.73925781, 11094.8574219, 4031.9453125, 2842.02319336, 925.829589844, 2864.66186523, 662.470581055, 387.028106689, 649.57598877, 322.884613037, 235.700241089, 105.195274353, 30.0326652527, 39.5710487366, 17.2660808563, 9.08916282654, 2.2271797657, 0.160341799259, 0.0116694280878, 0.000126750121126, 2.69800693786e-07], "median": [0.00432286644354, 0.0899602770805, 0.272914856672, 0.625022232533, 1.03315162659, 1.08696651459, 1.48461198807, 1.9590883255, 2.08192706108, 3.80761671066, 3.4145154953, 2.90346431732, 2.92031979561, 3.91153359413, 4.28585672379, 3.86669015884, 4.14966344833, 5.06213235855, 6.63639640808, 4.93283700943, 2.80076050758, 2.26536202431, 2.04572796822, 1.76466464996, 1.5138655901, 1.10645377636, 0.823506116867, 0.723105669022, 0.768927633762, 0.605087399483, 0.354788124561, 0.205822303891, 0.119067639112, 0.0611086785793, 0.0307978373021, 0.0123586300761, 0.00308235501871, 0.000469932507258, 5.99129198235e-05, 1.51096655827e-05], "dmean2": [0.105817168951, 1.29915857315, 2.89774990082, 5.78938770294, 5.70843172073, 4.05436992645, 3.97676682472, 6.35468912125, 7.73720407486, 12.3540716171, 13.1467971802, 12.6202707291, 13.5370855331, 15.5345649719, 16.8010196686, 14.2520179749, 16.1909885406, 25.9098567963, 29.2340202332, 24.8321151733, 15.972287178, 15.228386879, 12.6073360443, 9.71841335297, 10.3444271088, 7.54562997818, 6.11956071854, 6.33893299103, 4.76862096786, 3.56336355209, 2.63121581078, 1.69794929028, 1.26760661602, 0.972485482693, 0.787926018238, 0.448876738548, 0.123073838651, 0.032859865576, 0.00342349102721, 0.000153767250595], "dmean": [0.0681720301509, 0.768041372299, 1.66330432892, 3.6590218544, 3.41749095917, 2.43859291077, 2.46031332016, 4.03436517715, 5.07606935501, 8.06280136108, 8.62710475922, 8.42940711975, 9.12120914459, 10.561384201, 11.0622777939, 9.30502605438, 10.5287160873, 17.0634593964, 19.2823581696, 15.9896593094, 10.0834541321, 9.39667224884, 7.96152687073, 6.26197862625, 6.40744400024, 4.6867890358, 3.80156683922, 3.83356428146, 3.03257417679, 2.31479525566, 1.69465696812, 1.11613500118, 0.842340409756, 0.645012557507, 0.493748158216, 0.271165788174, 0.0742171108723, 0.0194919425994, 0.0020352397114, 9.3007380201e-05], "var": [0.0751709267497, 8.02521514893, 29.935634613, 421.513763428, 217.571502686, 79.5893936157, 88.2538528442, 330.817504883, 524.283691406, 1016.07946777, 2047.57250977, 1949.01062012, 2846.92553711, 2985.97851562, 3831.1784668, 2873.9387207, 7145.80175781, 11747.2744141, 18955.9433594, 7528.81347656, 5180.61767578, 5304.87646484, 3314.99536133, 1189.94775391, 1130.61645508, 435.853088379, 360.91192627, 267.66973877, 215.748886108, 142.03855896, 65.4228134155, 29.8075809479, 24.5571079254, 13.2944364548, 5.38102531433, 0.891815662384, 0.0588036812842, 0.00412118202075, 4.64068762085e-05, 1.0149298646e-07], "dvar": [0.0705251470208, 9.69588851929, 42.3437080383, 363.104431152, 232.682617188, 57.1504325867, 32.8279876709, 120.146080017, 217.06578064, 506.205352783, 636.598022461, 758.506774902, 980.796508789, 1167.09436035, 1702.0090332, 1005.98736572, 1548.84594727, 3716.9296875, 5333.42773438, 3020.0769043, 4205.3828125, 1658.27990723, 1174.82226562, 446.778564453, 1070.03320312, 266.565460205, 156.87890625, 239.754425049, 129.745117188, 98.2923431396, 43.4935150146, 13.4905939102, 15.7118492126, 7.64719581604, 3.78585076332, 0.887579143047, 0.0639565140009, 0.00464084930718, 5.08223092766e-05, 1.078037144e-07], "mean": [0.071160055697, 0.767598688602, 1.63758850098, 4.14591693878, 4.57243204117, 4.18047046661, 5.01356172562, 8.7465429306, 9.8751745224, 14.969748497, 18.4782962799, 16.8916015625, 17.8731842041, 19.6780281067, 19.8807830811, 17.7545852661, 21.9905109406, 32.8903694153, 37.3105812073, 28.9063014984, 17.7462825775, 18.2672634125, 14.046081543, 11.1619138718, 9.76815986633, 7.41114282608, 6.52269029617, 5.55818033218, 5.15518569946, 3.82467269897, 2.78532075882, 2.03538823128, 1.42685341835, 0.916937232018, 0.55685377121, 0.258140683174, 0.0661583393812, 0.0162528865039, 0.00170617422555, 9.2004025646e-05]}, "zerocrossingrate": {"min": 0.00439453125, "max": 0.51953125, "dvar2": 0.000503343297169, "median": 0.0576171875, "dmean2": 0.0152710527182, "dmean": 0.0131455734372, "var": 0.00255183433183, "dvar": 0.000420515367296, "mean": 0.0705374181271}, "spectral_contrast_coeffs": {"min": [-0.985065281391, -0.973085701466, -0.982663810253, -0.972511768341, -0.963351130486, -0.962647676468], "max": [-0.29181098938, -0.34368082881, -0.462131857872, -0.443890154362, -0.585200667381, -0.565363287926], "dvar2": [0.00421839486808, 0.00332768587396, 0.00218147481792, 0.00160499813501, 0.000872088305186, 0.000964709441178], "median": [-0.674229264259, -0.744970262051, -0.767475187778, -0.779619514942, -0.80733191967, -0.766676485538], "dmean2": [0.0762430876493, 0.0674453154206, 0.0561262667179, 0.0480210632086, 0.0340553149581, 0.0311176646501], "dmean": [0.0462829917669, 0.0416997559369, 0.0351243056357, 0.0295838154852, 0.0212785974145, 0.0204937756062], "var": [0.0083071347326, 0.0080636581406, 0.00559975020587, 0.00383938313462, 0.00212156702764, 0.00243990821764], "dvar": [0.00173057930078, 0.00138544803485, 0.000917559897061, 0.000641531019937, 0.000360137957614, 0.000435049150838], "mean": [-0.66858869791, -0.735611379147, -0.761559844017, -0.773727834225, -0.801515519619, -0.766663074493]}, "dissonance": {"min": 0.26704081893, "max": 0.500000119209, "dvar2": 0.00111870805267, "median": 0.471073448658, "dmean2": 0.03118657507, "dmean": 0.0186340361834, "var": 0.00104736175854, "dvar": 0.000413667294197, "mean": 0.462283819914}, "spectral_energyband_high": {"min": 7.01293012948e-21, "max": 0.0299161393195, "dvar2": 3.1811930512e-06, "median": 0.000111412497063, "dmean2": 0.0005693770363, "dmean": 0.000383650360163, "var": 2.76174887404e-06, "dvar": 1.37803829148e-06, "mean": 0.000693936191965}, "spectral_skewness": {"min": -0.610286593437, "max": 5.08103990555, "dvar2": 0.151961669326, "median": 1.65402662754, "dmean2": 0.368196308613, "dmean": 0.231075465679, "var": 0.300581932068, "dvar": 0.0623021088541, "mean": 1.68536484241}, "spectral_flux": {"min": 6.48515616208e-11, "max": 0.414421617985, "dvar2": 0.00340677145869, "median": 0.0397891625762, "dmean2": 0.033734370023, "dmean": 0.0216517224908, "var": 0.00367267616093, "dvar": 0.00156803021673, "mean": 0.0586649663746}, "silence_rate_30dB": {"min": 0, "max": 1, "dvar2": 0.0512028709054, "median": 1, "dmean2": 0.0424960590899, "dmean": 0.0212467890233, "var": 0.0172573905438, "dvar": 0.0207986887544, "mean": 0.982431590557}, "spectral_energyband_middle_high": {"min": 1.19345461259e-21, "max": 0.104983642697, "dvar2": 2.77857070614e-05, "median": 0.00154481467325, "dmean2": 0.00225016428158, "dmean": 0.00151722400915, "var": 7.74435975472e-05, "dvar": 1.26845370687e-05, "mean": 0.00452360790223}, "barkbands_spread": {"min": 0.532382190228, "max": 114.282928467, "dvar2": 163.43598938, "median": 18.3298473358, "dmean2": 9.59956073761, "dmean": 6.17810249329, "var": 228.721130371, "dvar": 75.90284729, "mean": 22.0581531525}, "spectral_centroid": {"min": 176.193283081, "max": 11754.1992188, "dvar2": 290261.78125, "median": 1246.41149902, "dmean2": 376.983123779, "dmean": 247.781555176, "var": 694088.375, "dvar": 141911.4375, "mean": 1426.24804688}, "pitch_salience": {"min": 0.0365218482912, "max": 0.922341942787, "dvar2": 0.012945077382, "median": 0.56618398428, "dmean2": 0.11287227273, "dmean": 0.0706177577376, "var": 0.0167692452669, "dvar": 0.00541500607505, "mean": 0.552405655384}, "erbbands_skewness": {"min": -5.35918617249, "max": 6.54095983505, "dvar2": 0.343534320593, "median": 0.297275811434, "dmean2": 0.572173476219, "dmean": 0.376397579908, "var": 0.810483634472, "dvar": 0.158996716142, "mean": 0.32439494133}, "erbbands_crest": {"min": 2.21677708626, "max": 33.9037704468, "dvar2": 15.7910585403, "median": 8.83938980103, "dmean2": 4.21102380753, "dmean": 2.64365530014, "var": 28.8795757294, "dvar": 6.68659973145, "mean": 10.2257118225}, "melbands": {"min": [2.99410854956e-24, 7.07128505945e-25, 1.41561730391e-24, 3.9569744211e-24, 4.10171107012e-24, 4.09442199536e-24, 3.12001370826e-24, 1.94739583569e-24, 3.44483842726e-24, 3.38367922457e-24, 2.51243580008e-24, 5.18731502104e-24, 5.51513997527e-24, 3.382811872e-24, 3.61413823271e-24, 4.3494307493e-24, 3.02314218075e-24, 6.53221045177e-24, 3.83373147074e-24, 5.13652815597e-24, 4.54272888678e-24, 4.11411354127e-24, 5.94458599132e-24, 5.57740397766e-24, 6.83847031543e-24, 5.2127021427e-24, 7.79640462303e-24, 6.81163642288e-24, 7.93127696085e-24, 6.56102083532e-24, 4.27789171482e-24, 7.59452328447e-24, 3.91692395295e-24, 6.74434658766e-24, 8.17968294902e-24, 7.06994813743e-24, 6.74749808698e-24, 7.91806354069e-24, 7.90693350218e-24, 6.72537053859e-24], "max": [0.0350789502263, 0.0403573364019, 0.049985319376, 0.0214554443955, 0.00416865432635, 0.00547833507881, 0.00560952862725, 0.00726837432012, 0.00649557821453, 0.00542032858357, 0.00519297132269, 0.00453010806814, 0.00676466524601, 0.00943529978395, 0.00558931566775, 0.00681183766574, 0.00420086272061, 0.00546257104725, 0.00557084055617, 0.00343678076752, 0.00646861456335, 0.00346100190654, 0.00261275772937, 0.00165198685136, 0.00134401163086, 0.00193146709353, 0.000608048809227, 0.000573155819438, 0.000273872865364, 0.000211962469621, 0.000219804787776, 0.000370270689018, 0.000231654921663, 0.00033908765181, 0.000168523940374, 0.000116949682706, 7.47674785089e-05, 0.000143172190292, 0.000127620063722, 0.000114372458484], "dvar2": [2.17655542656e-05, 3.17016529152e-05, 1.79138860403e-05, 1.62944536442e-06, 9.84458665698e-08, 1.32378119133e-07, 1.29312397235e-07, 1.26611709561e-07, 1.08426192469e-07, 7.58459961503e-08, 5.75136276382e-08, 4.14031084972e-08, 6.78025031675e-08, 2.83333978501e-08, 2.38220199122e-08, 2.30920136346e-08, 3.79558606767e-08, 3.87046767969e-08, 2.05945607235e-08, 8.4363058761e-09, 1.99954754976e-08, 6.08400396729e-09, 3.21120618985e-09, 1.82019710415e-09, 7.0997807633e-10, 2.09000039497e-09, 7.08164304974e-10, 2.96010382872e-10, 2.01501731967e-10, 2.14297593559e-10, 2.037927882e-10, 1.31806884851e-10, 7.66780805517e-11, 8.65030894137e-11, 4.73920798438e-11, 2.08766701842e-11, 1.16682158727e-11, 2.09722673256e-11, 1.65297185661e-11, 1.35633154014e-11], "median": [6.97777722962e-05, 0.000150455598487, 0.000126971048303, 8.30807111925e-05, 5.86046626267e-05, 4.40291551058e-05, 3.42799903592e-05, 3.94469025196e-05, 2.3977156161e-05, 1.68009373738e-05, 1.17823956316e-05, 1.43353745443e-05, 1.36139351525e-05, 1.01000423456e-05, 7.13403142072e-06, 8.36755680211e-06, 8.16158262751e-06, 8.45949853101e-06, 8.03045713837e-06, 3.56958639713e-06, 2.41994848693e-06, 2.17681372305e-06, 1.67950452123e-06, 1.5942449636e-06, 1.24940731894e-06, 1.09386166969e-06, 9.46922000367e-07, 6.13221629919e-07, 4.85088662572e-07, 4.08218113535e-07, 3.71236467345e-07, 3.97596096491e-07, 3.60523358722e-07, 2.78322318081e-07, 1.93531022319e-07, 1.40436313245e-07, 1.05988739563e-07, 8.0896001009e-08, 6.00143508223e-08, 4.21627426306e-08], "dmean2": [0.00121973082423, 0.00151574017946, 0.000969297194388, 0.000337298290106, 0.000137304508826, 0.000139367606607, 0.00012809348118, 0.000131398148369, 0.000110267887067, 8.37850602693e-05, 6.93373804097e-05, 6.32556329947e-05, 6.54377945466e-05, 4.54816763522e-05, 4.05735663662e-05, 4.38722745457e-05, 5.31540354132e-05, 5.35317776666e-05, 4.44302786491e-05, 2.45627088589e-05, 2.01990296773e-05, 1.79672442755e-05, 1.35384570967e-05, 1.14726371976e-05, 8.20429522719e-06, 8.7722828539e-06, 6.85592294758e-06, 4.98236977364e-06, 4.28945531894e-06, 4.17542378273e-06, 3.60528883903e-06, 2.98501458929e-06, 2.22215476242e-06, 2.12044665204e-06, 1.69115276094e-06, 1.32741706693e-06, 1.05154072116e-06, 9.13428834792e-07, 9.04619071207e-07, 8.36139747662e-07], "dmean": [0.00075144978473, 0.000905106309801, 0.000606046873145, 0.000198784138774, 8.4966988652e-05, 8.85180706973e-05, 8.37152329041e-05, 8.58150742715e-05, 7.31068284949e-05, 5.57798230147e-05, 4.64806871605e-05, 4.2877116357e-05, 4.2593874241e-05, 2.99008861475e-05, 2.54805727309e-05, 2.88270039164e-05, 3.47723034793e-05, 3.50072368747e-05, 2.84053930955e-05, 1.55831858137e-05, 1.26827608256e-05, 1.10639739432e-05, 8.56145925354e-06, 7.02793340679e-06, 5.26771691511e-06, 5.44448221262e-06, 4.20310971094e-06, 3.05297544401e-06, 2.59761554844e-06, 2.54836322711e-06, 2.16420744437e-06, 1.86793192825e-06, 1.44113766964e-06, 1.34205629365e-06, 1.07643484171e-06, 8.41682549435e-07, 6.78146705013e-07, 6.04497472523e-07, 5.8694507743e-07, 5.48914442788e-07], "var": [8.36313938635e-06, 9.79364813247e-06, 1.02153071566e-05, 5.51917310077e-07, 9.20543925531e-08, 1.52845260004e-07, 1.21907092421e-07, 1.11582437512e-07, 1.62621446975e-07, 8.07282916071e-08, 7.61550040806e-08, 4.82240984923e-08, 6.44943867201e-08, 2.80389880203e-08, 3.12154497806e-08, 4.72831160891e-08, 4.87173537067e-08, 6.31623038316e-08, 2.04092085454e-08, 7.96959653826e-09, 8.69865690589e-09, 7.35095628812e-09, 3.85272214132e-09, 1.73232073131e-09, 8.58626836298e-10, 8.19066592328e-10, 3.57107204918e-10, 1.8093940235e-10, 1.50745305127e-10, 1.47385062488e-10, 7.66194538371e-11, 7.76038330819e-11, 5.68656406685e-11, 4.46770190288e-11, 2.62742761575e-11, 1.45735958024e-11, 1.11011148191e-11, 1.22393111271e-11, 1.14649956195e-11, 9.56329807011e-12], "dvar": [8.83599750523e-06, 1.21793418657e-05, 8.59177362145e-06, 5.9273855868e-07, 3.73922581787e-08, 5.38229549818e-08, 5.18436884533e-08, 5.39079572093e-08, 4.77463792947e-08, 3.27021965063e-08, 2.56582595171e-08, 1.94484162108e-08, 2.96123889854e-08, 1.35255691092e-08, 1.02115924605e-08, 1.11087432586e-08, 1.66977116578e-08, 1.8368453425e-08, 9.21338472182e-09, 3.70865871346e-09, 7.60049090331e-09, 2.49258857998e-09, 1.37266553679e-09, 7.45716211004e-10, 3.48931383787e-10, 7.81799125438e-10, 2.73939204654e-10, 1.1815483314e-10, 7.8080604482e-11, 8.43885794577e-11, 7.49637366071e-11, 5.16409692786e-11, 3.26404077378e-11, 3.51919951513e-11, 1.90441742237e-11, 8.70676794551e-12, 5.11946865109e-12, 8.2593931694e-12, 6.78676993077e-12, 5.95765103917e-12], "mean": [0.000772176019382, 0.000951912777964, 0.000734651868697, 0.000304810557282, 0.000173914246261, 0.00019563556998, 0.000161804709933, 0.000161192248925, 0.000155730478582, 0.000107857486, 8.91897580004e-05, 7.78649337008e-05, 7.42780175642e-05, 5.16464679094e-05, 4.61131021439e-05, 5.44689646631e-05, 6.21608778602e-05, 6.37523335172e-05, 4.80554335809e-05, 2.5936991733e-05, 1.97981644305e-05, 1.99781879928e-05, 1.4029965314e-05, 1.14119893624e-05, 8.7212138169e-06, 7.82034385338e-06, 6.1085534071e-06, 4.54852897747e-06, 4.07839388572e-06, 3.8470243453e-06, 2.91745845971e-06, 2.97196538668e-06, 2.45483624894e-06, 2.02601927413e-06, 1.660898306e-06, 1.37192682814e-06, 1.20353456623e-06, 9.95387040348e-07, 9.10512198971e-07, 7.20852312952e-07]}, "spectral_entropy": {"min": 5.18453931808, "max": 9.81410217285, "dvar2": 0.0772271379828, "median": 7.57014656067, "dmean2": 0.245414987206, "dmean": 0.172592580318, "var": 0.257067382336, "dvar": 0.0417017303407, "mean": 7.53354644775}, "spectral_rolloff": {"min": 21.533203125, "max": 19401.4160156, "dvar2": 4140559.75, "median": 1421.19140625, "dmean2": 1032.46484375, "dmean": 621.680725098, "var": 4026237.25, "dvar": 1898126.125, "mean": 1885.6607666}, "barkbands": {"min": [1.08919504298e-24, 6.05802379506e-24, 1.2688225168e-24, 3.49461397265e-24, 1.59628970288e-23, 2.36757794258e-23, 1.59420679455e-23, 1.2815046983e-23, 2.61547905977e-23, 1.67921917886e-23, 2.5339793153e-23, 2.98020858375e-23, 3.66994312089e-23, 5.18086608314e-23, 4.21407034323e-23, 9.84653152671e-23, 9.02184245244e-23, 1.25762376456e-22, 1.45823361711e-22, 2.51122698907e-22, 2.4962154078e-22, 3.51634710637e-22, 5.08922770899e-22, 6.83081044449e-22, 9.68767538767e-22, 1.23566424985e-21, 2.13744480026e-21], "max": [0.00279052043334, 0.148045837879, 0.0645280256867, 0.134247332811, 0.0788231790066, 0.0267229601741, 0.0351264066994, 0.0259006209671, 0.0326515957713, 0.0321326069534, 0.045742880553, 0.0722331032157, 0.0556708574295, 0.0486785769463, 0.0689405426383, 0.0774321034551, 0.0473844222724, 0.0458498634398, 0.0326960422099, 0.0113865043968, 0.00706648873165, 0.0123713649809, 0.0114069879055, 0.00876297149807, 0.012717959471, 0.00400780886412, 0.00147367222235], "dvar2": [3.98975359417e-08, 0.000365032115951, 8.51747245179e-05, 0.000140576055855, 2.21255959332e-05, 3.01200111608e-06, 3.99648251914e-06, 2.69021120403e-06, 4.11218479712e-06, 2.1978132736e-06, 3.78064578399e-06, 2.10504526876e-06, 2.07144216802e-06, 5.01470094605e-06, 3.76815887648e-06, 3.15363058689e-06, 1.54562167154e-06, 8.89822558747e-07, 7.7473868032e-07, 3.44713981804e-07, 2.73311201227e-07, 2.3010683492e-07, 1.52896845407e-07, 8.75576731119e-08, 1.41645443819e-07, 7.07570606551e-08, 5.60854473974e-09], "median": [2.33612763623e-06, 0.000334483542247, 0.00018243145314, 0.000243217917159, 0.000362374761607, 0.000231975602219, 0.000164313431014, 0.000125000020489, 0.000131734850584, 6.19876882411e-05, 8.14127051854e-05, 9.45063802646e-05, 8.4386956587e-05, 8.98038706509e-05, 0.000107108309749, 4.20713877247e-05, 3.55166084773e-05, 3.49867987097e-05, 3.12903030135e-05, 2.33582322835e-05, 1.94441872736e-05, 2.04316511372e-05, 1.36201806527e-05, 8.50062133395e-06, 5.11813732373e-06, 2.0476577447e-06, 3.0576802601e-07], "dmean2": [5.79672232561e-05, 0.00501928525046, 0.00258085131645, 0.00231312448159, 0.00130718643777, 0.000706794729922, 0.00072726351209, 0.000570208532736, 0.000651708687656, 0.000403743353672, 0.000494124600664, 0.000429569277912, 0.000419508869527, 0.000634647498373, 0.000584539375268, 0.000313688535243, 0.000285486632492, 0.00023707067885, 0.000211362435948, 0.000170007784618, 0.00015123168123, 0.000122512239614, 9.91802080534e-05, 7.49575119698e-05, 9.66494480963e-05, 8.20015047793e-05, 2.22560775001e-05], "dmean": [4.17971605202e-05, 0.00305046746507, 0.00144806702156, 0.00144603918307, 0.000757353613153, 0.000444853998488, 0.000470842904178, 0.000369720160961, 0.00043214877951, 0.000268258008873, 0.000324203574564, 0.00027869726182, 0.000270716933301, 0.00040642922977, 0.000378836150048, 0.000194493230083, 0.000175764827873, 0.000146428545122, 0.000131937544211, 0.000104521532194, 9.25519125303e-05, 7.87318858784e-05, 6.39842328383e-05, 5.01195063407e-05, 6.24799940852e-05, 4.94019805046e-05, 1.31556835186e-05], "var": [3.43487407406e-08, 0.000132965738885, 2.29615488934e-05, 7.15799760655e-05, 7.05553884472e-06, 3.581152896e-06, 3.55839074473e-06, 2.9247553357e-06, 4.84618431074e-06, 2.6933528261e-06, 3.76440402761e-06, 2.33476475842e-06, 4.05801029046e-06, 6.79121330904e-06, 4.76200330013e-06, 1.48116748733e-06, 1.77604169949e-06, 8.94376455562e-07, 4.35112411878e-07, 2.12956962287e-07, 1.77184347194e-07, 1.5143875487e-07, 9.40777695746e-08, 7.2359746639e-08, 9.86852555229e-08, 2.71025477616e-08, 1.97258143153e-09], "dvar": [2.33680150785e-08, 0.000146435209899, 3.11538569804e-05, 6.51265581837e-05, 7.69717098592e-06, 1.20906213397e-06, 1.59619821716e-06, 1.14846420729e-06, 1.76761841431e-06, 9.94313154479e-07, 1.61419518463e-06, 9.88476585917e-07, 9.35175478389e-07, 2.17800834434e-06, 1.79974824732e-06, 1.20194386e-06, 6.20444779997e-07, 3.56429438853e-07, 3.04490242797e-07, 1.35766015319e-07, 1.06772617414e-07, 9.35955455361e-08, 6.37257784319e-08, 3.71623443129e-08, 6.12854123005e-08, 2.82930656681e-08, 2.22538965033e-09], "mean": [4.79611881019e-05, 0.00315979984589, 0.00136635161471, 0.00169075920712, 0.00119930284563, 0.000985944643617, 0.000864673114847, 0.000708946899977, 0.000862782530021, 0.000475790468045, 0.000553831574507, 0.00049237057101, 0.00051581725711, 0.000732501444872, 0.00065280450508, 0.000305163877783, 0.000318077014526, 0.000243571616011, 0.000208033728995, 0.000161467556609, 0.000148332430399, 0.00013552478049, 0.000104264669062, 9.02826359379e-05, 7.88645411376e-05, 4.49745675724e-05, 1.08087542685e-05]}, "melbands_flatness_db": {"min": 0.00386764714494, "max": 0.536429822445, "dvar2": 0.00209083314985, "median": 0.182404726744, "dmean2": 0.0398386530578, "dmean": 0.0264797937125, "var": 0.00604896433651, "dvar": 0.000970746157691, "mean": 0.190675228834}, "melbands_skewness": {"min": -5.9997959137, "max": 25.9201374054, "dvar2": 2.93276691437, "median": 1.65220713615, "dmean2": 1.1438126564, "dmean": 0.757541894913, "var": 4.38569355011, "dvar": 1.42776536942, "mean": 2.04416966438}, "barkbands_skewness": {"min": -10.2947912216, "max": 24.5849075317, "dvar2": 1.7600954771, "median": 0.93565928936, "dmean2": 0.928908884525, "dmean": 0.610291957855, "var": 2.54163622856, "dvar": 0.836948215961, "mean": 1.15093374252}, "silence_rate_60dB": {"min": 0, "max": 1, "dvar2": 0.109388381243, "median": 0, "dmean2": 0.110676549375, "dmean": 0.0553350448608, "var": 0.214948371053, "dvar": 0.0522663220763, "mean": 0.312788188457}, "spectral_energyband_low": {"min": 2.44522773029e-23, "max": 0.176684454083, "dvar2": 0.000625997781754, "median": 0.00087487581186, "dmean2": 0.00761537393555, "dmean": 0.00481305131689, "var": 0.00028101078351, "dvar": 0.000269038951956, "mean": 0.00555060338229}, "spectral_energyband_middle_low": {"min": 1.995012821e-22, "max": 0.162478506565, "dvar2": 0.000192619016161, "median": 0.00297145405784, "dmean2": 0.00428866175935, "dmean": 0.00280423858203, "var": 0.000147816579556, "dvar": 9.10761009436e-05, "mean": 0.00643546693027}, "melbands_kurtosis": {"min": -1.93274283409, "max": 1099.03222656, "dvar2": 2696.38378906, "median": 3.78052854538, "dmean2": 13.9457883835, "dmean": 8.85115528107, "var": 1617.52819824, "dvar": 1197.61645508, "mean": 12.3550453186}, "spectral_decrease": {"min": -5.65945050823e-08, "max": 1.22475169434e-28, "dvar2": 5.3496450279e-17, "median": -1.67664460093e-09, "dmean2": 2.80803513775e-09, "dmean": 1.85603254987e-09, "var": 4.11791651665e-17, "dvar": 2.45642615272e-17, "mean": -3.91188947901e-09}, "erbbands_kurtosis": {"min": -1.81125795841, "max": 63.4588928223, "dvar2": 9.68750286102, "median": 0.274460792542, "dmean2": 1.81744754314, "dmean": 1.15850269794, "var": 13.7496976852, "dvar": 4.19029712677, "mean": 1.2773103714}, "melbands_crest": {"min": 1.81976652145, "max": 39.1745071411, "dvar2": 22.9686908722, "median": 11.8970355988, "dmean2": 4.9752407074, "dmean": 3.12207460403, "var": 33.1523513794, "dvar": 9.93254470825, "mean": 13.1584863663}, "gfcc": {"cov": [[15713.3164062, -770.473327637, 123.853355408, 358.292907715, -880.257385254, 140.935119629, -658.274902344, 120.356086731, 7.87045431137, -1.66950619221, -349.417449951, -247.651123047, -332.512817383], [-770.473327637, 2386.82128906, -93.8134994507, -81.0661087036, 125.881584167, -235.599319458, 137.378829956, -190.845428467, 197.604660034, -133.211029053, 114.557159424, -88.1691818237, 35.5974807739], [123.853355408, -93.8134994507, 1109.01379395, 207.694564819, 214.889465332, 80.1125488281, -9.94968509674, 82.8311309814, -63.1410217285, 54.0234222412, -53.5273857117, 37.0483436584, -27.7610015869], [358.292907715, -81.0661087036, 207.694564819, 496.53314209, 96.3276062012, 69.8370437622, -0.925755500793, 21.1553707123, -6.69737195969, -22.3874568939, -30.70337677, -31.0558929443, 2.29203677177], [-880.257385254, 125.881584167, 214.889465332, 96.3276062012, 440.550048828, 75.6301193237, 130.395889282, 42.7908172607, 2.85140872002, 30.2949066162, -23.935344696, 21.0862483978, -0.448460608721], [140.935119629, -235.599319458, 80.1125488281, 69.8370437622, 75.6301193237, 294.610931396, 71.4415817261, 49.5184211731, 2.25294733047, 4.27235126495, -16.2864112854, -3.2937040329, -6.90665102005], [-658.274902344, 137.378829956, -9.94968509674, -0.925755500793, 130.395889282, 71.4415817261, 230.659866333, 45.4301681519, 26.5015239716, 7.48791027069, 16.3784866333, 13.2762041092, 6.27819633484], [120.356086731, -190.845428467, 82.8311309814, 21.1553707123, 42.7908172607, 49.5184211731, 45.4301681519, 150.128128052, 35.4409790039, 40.4420547485, -5.85498332977, 8.67269039154, -1.78762352467], [7.87045431137, 197.604660034, -63.1410217285, -6.69737195969, 2.85140872002, 2.25294733047, 26.5015239716, 35.4409790039, 168.434692383, 37.3517036438, 19.8537139893, -5.27681159973, 2.56257891655], [-1.66950619221, -133.211029053, 54.0234222412, -22.3874568939, 30.2949066162, 4.27235126495, 7.48791027069, 40.4420547485, 37.3517036438, 135.136993408, 41.7122421265, 12.2517576218, -18.6600589752], [-349.417449951, 114.557159424, -53.5273857117, -30.70337677, -23.935344696, -16.2864112854, 16.3784866333, -5.85498332977, 19.8537139893, 41.7122421265, 127.207275391, 30.9594402313, 12.5910253525], [-247.651123047, -88.1691818237, 37.0483436584, -31.0558929443, 21.0862483978, -3.2937040329, 13.2762041092, 8.67269039154, -5.27681159973, 12.2517576218, 30.9594402313, 105.311637878, 38.5422668457], [-332.512817383, 35.5974807739, -27.7610015869, 2.29203677177, -0.448460608721, -6.90665102005, 6.27819633484, -1.78762352467, 2.56257891655, -18.6600589752, 12.5910253525, 38.5422668457, 91.3090438843]], "icov": [[0.000103368758573, -7.36868678359e-05, 2.88736373477e-05, -0.000110212000436, 0.000246067647822, -0.000150417414261, 0.000260357686784, -0.000221777707338, 7.66736266087e-05, -0.000170256826095, 0.000362571532605, -0.00014377500338, 0.000358035700629], [-7.36868678359e-05, 0.00107783894055, -0.000355016207322, 0.000365933985449, -0.000684143276885, 0.000942112295888, -0.000879833474755, 0.00148801610339, -0.00168307300191, 0.00174010777846, -0.00168415706139, 0.00157282559667, -0.000676955794916], [2.88736373477e-05, -0.000355016207322, 0.00134568614885, -0.000543084461242, -0.000239723245613, -0.000409314438002, 0.000699388096109, -0.0010023425566, 0.00107515137643, -0.00105138297658, 0.00100223207846, -0.00120497099124, 0.000691857596394], [-0.000110212000436, 0.000365933985449, -0.000543084461242, 0.00262879836373, -0.000858661369421, -3.33158859576e-05, -9.65918370639e-05, 0.000441757787485, -0.000686848186888, 0.00127278093714, -0.000966202060226, 0.00164543814026, -0.00104849773925], [0.000246067647822, -0.000684143276885, -0.000239723245613, -0.000858661369421, 0.0041421558708, -0.00091121182777, -0.000955372524913, -0.000880534178577, 0.00104019686114, -0.00208960101008, 0.00255446322262, -0.00164929789025, 0.000999050796963], [-0.000150417414261, 0.000942112295888, -0.000409314438002, -3.33158859576e-05, -0.00091121182777, 0.00488330703229, -0.00198819837533, 0.000506856944412, -0.00124565605074, 0.00163935113233, -0.00135214487091, 0.00147475977428, -0.000593209057115], [0.000260357686784, -0.000879833474755, 0.000699388096109, -9.65918370639e-05, -0.000955372524913, -0.00198819837533, 0.00730082392693, -0.00290679745376, 0.000765988486819, -0.000499702349771, 0.000549952383153, -0.0014581392752, 0.00120825797785], [-0.000221777707338, 0.00148801610339, -0.0010023425566, 0.000441757787485, -0.000880534178577, 0.000506856944412, -0.00290679745376, 0.0108967777342, -0.00371347158216, 2.02040300792e-05, -0.00114735437091, 0.00163157063071, -0.00167850323487], [7.66736266087e-05, -0.00168307300191, 0.00107515137643, -0.000686848186888, 0.00104019686114, -0.00124565605074, 0.000765988486819, -0.00371347158216, 0.00963361281902, -0.00445968005806, 0.00209151697345, -0.00155244336929, 0.000250151584623], [-0.000170256826095, 0.00174010777846, -0.00105138297658, 0.00127278093714, -0.00208960101008, 0.00163935113233, -0.000499702349771, 2.02040300792e-05, -0.00445968005806, 0.0134896989912, -0.00663606449962, 0.00195219961461, 0.00147145835217], [0.000362571532605, -0.00168415706139, 0.00100223207846, -0.000966202060226, 0.00255446322262, -0.00135214487091, 0.000549952383153, -0.00114735437091, 0.00209151697345, -0.00663606449962, 0.0137769393623, -0.0052899508737, 0.00107419665437], [-0.00014377500338, 0.00157282559667, -0.00120497099124, 0.00164543814026, -0.00164929789025, 0.00147475977428, -0.0014581392752, 0.00163157063071, -0.00155244336929, 0.00195219961461, -0.0052899508737, 0.0155048239976, -0.0066814837046], [0.000358035700629, -0.000676955794916, 0.000691857596394, -0.00104849773925, 0.000999050796963, -0.000593209057115, 0.00120825797785, -0.00167850323487, 0.000250151584623, 0.00147145835217, 0.00107419665437, -0.0066814837046, 0.0155661990866]], "mean": [-73.1236495972, 80.9259567261, -122.787445068, 22.0230789185, -52.6414680481, 13.5108385086, -35.1536026001, 2.36039757729, -20.0877151489, 3.13809013367, -16.9085235596, -2.07670235634, -12.6592035294]}, "melbands_spread": {"min": 0.34530749917, "max": 310.14755249, "dvar2": 495.298278809, "median": 22.6394824982, "dmean2": 13.5094642639, "dmean": 8.6638917923, "var": 646.505126953, "dvar": 227.114654541, "mean": 28.9411945343}, "spectral_energy": {"min": 1.03642208773e-20, "max": 0.22893230617, "dvar2": 0.000811507226899, "median": 0.00703835580498, "dmean2": 0.0111988987774, "dmean": 0.00744724227116, "var": 0.000670416979119, "dvar": 0.00037490754039, "mean": 0.0161590091884}, "mfcc": {"cov": [[13933.8242188, -513.360595703, 149.768615723, -27.8179168701, -245.095779419, -70.7360076904, -545.22857666, -26.1846179962, -140.373199463, 79.7373123169, 83.8559188843, -26.2676620483, -348.792816162], [-513.360595703, 2062.70117188, -42.3395957947, 88.2841873169, -6.4112944603, 0.858491897583, -83.3254776001, -15.6105003357, -33.0771408081, -21.9335002899, 34.1052513123, 34.150188446, 3.25213241577], [149.768615723, -42.3395957947, 728.794494629, 151.264373779, 160.112304688, 49.9486885071, 54.1718139648, 26.8903846741, 25.2030105591, -2.33331131935, -18.5052604675, 16.3016757965, -11.981303215], [-27.8179168701, 88.2841873169, 151.264373779, 419.181671143, 143.859176636, 41.2697372437, 43.5453262329, 14.2700996399, 40.0631866455, -0.355663001537, -14.3583011627, 2.88051199913, 10.6996088028], [-245.095779419, -6.4112944603, 160.112304688, 143.859176636, 289.975952148, 82.9992599487, 68.0756378174, 33.7753868103, 60.6294174194, 15.9188508987, 6.33185625076, 8.95407581329, 3.41334867477], [-70.7360076904, 0.858491897583, 49.9486885071, 41.2697372437, 82.9992599487, 203.599258423, 83.6012496948, 56.7715148926, 37.4881057739, 33.0573616028, 13.0338058472, 2.58135128021, -11.6139192581], [-545.22857666, -83.3254776001, 54.1718139648, 43.5453262329, 68.0756378174, 83.6012496948, 226.430252075, 57.816368103, 35.2767753601, 17.5332870483, 17.2484111786, -5.4211139679, 10.3273429871], [-26.1846179962, -15.6105003357, 26.8903846741, 14.2700996399, 33.7753868103, 56.7715148926, 57.816368103, 147.525344849, 66.2467803955, 20.9295024872, 0.886854588985, -0.653199315071, -6.64595222473], [-140.373199463, -33.0771408081, 25.2030105591, 40.0631866455, 60.6294174194, 37.4881057739, 35.2767753601, 66.2467803955, 136.486465454, 49.1683883667, 9.94310379028, 0.962641298771, 4.76417779922], [79.7373123169, -21.9335002899, -2.33331131935, -0.355663001537, 15.9188508987, 33.0573616028, 17.5332870483, 20.9295024872, 49.1683883667, 127.0991745, 58.1006507874, -2.84968852997, -10.7843942642], [83.8559188843, 34.1052513123, -18.5052604675, -14.3583011627, 6.33185625076, 13.0338058472, 17.2484111786, 0.886854588985, 9.94310379028, 58.1006507874, 130.716964722, 44.9244499207, -2.68289971352], [-26.2676620483, 34.150188446, 16.3016757965, 2.88051199913, 8.95407581329, 2.58135128021, -5.4211139679, -0.653199315071, 0.962641298771, -2.84968852997, 44.9244499207, 117.516891479, 47.329246521], [-348.792816162, 3.25213241577, -11.981303215, 10.6996088028, 3.41334867477, -11.6139192581, 10.3273429871, -6.64595222473, 4.76417779922, -10.7843942642, -2.68289971352, 47.329246521, 133.914031982]], "icov": [[9.12103205337e-05, 3.65427986253e-05, -3.51677335857e-05, -4.86244825879e-05, 6.77323478158e-05, -4.93844672746e-05, 0.000256544357399, -9.56991279963e-05, 0.000105605962744, -5.54449252377e-05, -7.74338259362e-05, -3.3724711102e-05, 0.000209020276088], [3.65427986253e-05, 0.000524566916283, 2.70948639809e-05, -0.000180733622983, 4.90452948725e-05, -0.000118924617709, 0.000347154797055, -0.000111720255518, 0.000160179406521, 0.000123358273413, -0.000256728235399, -6.00056991971e-05, 7.572411414e-05], [-3.51677335857e-05, 2.70948639809e-05, 0.00165564613417, -0.000325421191519, -0.000758799375035, 6.24376552878e-05, -0.000266472896328, -7.80989939813e-05, 0.00017810735153, -9.30792084546e-05, 0.000487272744067, -0.000503371120431, 0.000297142541967], [-4.86244825879e-05, -0.000180733622983, -0.000325421191519, 0.00306370505132, -0.00125488569029, 3.80552046408e-05, -0.000368061155314, 0.00035703839967, -0.000530702352989, 0.000124737009173, 0.000432741013356, 5.25344621565e-05, -0.000295742502203], [6.77323478158e-05, 4.90452948725e-05, -0.000758799375035, -0.00125488569029, 0.0053120139055, -0.00141903606709, -0.000332598137902, 0.000412914319895, -0.00163294409867, 0.000458579830592, -0.00041312497342, -0.000116973671538, 0.000123364341562], [-4.93844672746e-05, -0.000118924617709, 6.24376552878e-05, 3.80552046408e-05, -0.00141903606709, 0.0068474044092, -0.00193429633509, -0.00151003547944, 0.000331233051838, -0.00142406264786, 0.000578650215175, -0.000667153508402, 0.000701978220604], [0.000256544357399, 0.000347154797055, -0.000266472896328, -0.000368061155314, -0.000332598137902, -0.00193429633509, 0.00667641172186, -0.00184828322381, 0.000333556206897, 0.000420968630351, -0.00163527729455, 0.00121892231982, -0.000542083813343], [-9.56991279963e-05, -0.000111720255518, -7.80989939813e-05, 0.00035703839967, 0.000412914319895, -0.00151003547944, -0.00184828322381, 0.00994960125536, -0.00457598082721, 0.000465548975626, 0.000749601807911, -0.000495870772284, 0.000603339169174], [0.000105605962744, 0.000160179406521, 0.00017810735153, -0.000530702352989, -0.00163294409867, 0.000331233051838, 0.000333556206897, -0.00457598082721, 0.0118641359732, -0.00430631032214, 0.000999790383503, -0.00031361845322, -0.000490971491672], [-5.54449252377e-05, 0.000123358273413, -9.30792084546e-05, 0.000124737009173, 0.000458579830592, -0.00142406264786, 0.000420968630351, 0.000465548975626, -0.00430631032214, 0.0126362908632, -0.0061868368648, 0.00278676580638, -0.000248300668318], [-7.74338259362e-05, -0.000256728235399, 0.000487272744067, 0.000432741013356, -0.00041312497342, 0.000578650215175, -0.00163527729455, 0.000749601807911, 0.000999790383503, -0.0061868368648, 0.0127793522552, -0.00585337122902, 0.00182857515756], [-3.3724711102e-05, -6.00056991971e-05, -0.000503371120431, 5.25344621565e-05, -0.000116973671538, -0.000667153508402, 0.00121892231982, -0.000495870772284, -0.00031361845322, 0.00278676580638, -0.00585337122902, 0.0128833530471, -0.00474415812641], [0.000209020276088, 7.572411414e-05, 0.000297142541967, -0.000295742502203, 0.000123364341562, 0.000701978220604, -0.000542083813343, 0.000603339169174, -0.000490971491672, -0.000248300668318, 0.00182857515756, -0.00474415812641, 0.00990058574826]], "mean": [-715.179443359, 115.570976257, -8.7312335968, 13.6953315735, 2.18905615807, 9.53604412079, -2.70677661896, 0.492446213961, -1.68163621426, 3.37257838249, 0.406331628561, -3.04778695107, -0.846787273884]}, "spectral_contrast_valleys": {"min": [-28.0948581696, -27.9522190094, -27.7765369415, -27.6088523865, -27.3851985931, -27.3725376129], "max": [-5.11786746979, -4.76255369186, -5.05624580383, -4.9993391037, -5.19146585464, -7.35321569443], "dvar2": [0.399825006723, 0.316816449165, 0.277167856693, 0.252969801426, 0.337748110294, 0.538006007671], "median": [-8.01167106628, -7.34545373917, -7.9283118248, -8.06604003906, -8.21093273163, -10.7970809937], "dmean2": [0.683660149574, 0.57040476799, 0.515206456184, 0.445496618748, 0.420773565769, 0.539838016033], "dmean": [0.420712143183, 0.356557935476, 0.328916281462, 0.287348181009, 0.293537676334, 0.440041720867], "var": [2.14743447304, 2.03333616257, 1.64553570747, 1.64553117752, 1.7249045372, 2.48648786545], "dvar": [0.192630022764, 0.145965009928, 0.132814183831, 0.125271260738, 0.177328303456, 0.319141507149], "mean": [-8.27229785919, -7.57460546494, -8.08143424988, -8.18786048889, -8.28603553772, -10.9555034637]}, "barkbands_flatness_db": {"min": 0.0151387462392, "max": 0.409286111593, "dvar2": 0.00134555017576, "median": 0.124915368855, "dmean2": 0.0341791585088, "dmean": 0.0224157851189, "var": 0.00310544203967, "dvar": 0.000591326039284, "mean": 0.132129713893}, "dynamic_complexity": 6.55972385406, "erbbands_flatness_db": {"min": 0.03162009269, "max": 0.376520246267, "dvar2": 0.000914303294849, "median": 0.1669447124, "dmean2": 0.0298246089369, "dmean": 0.021607