{"lowlevel": {"spectral_complexity": {"min": 0, "max": 54, "dvar2": 35.83335495, "median": 11, "dmean2": 4.40036201477, "dmean": 3.10839557648, "var": 90.1363983154, "dvar": 21.1502475739, "mean": 12.7508764267}, "silence_rate_20dB": {"min": 1, "max": 1, "dvar2": 0, "median": 1, "dmean2": 0, "dmean": 0, "var": 0, "dvar": 0, "mean": 1}, "average_loudness": 0.62104767561, "erbbands_spread": {"min": 2.81621551514, "max": 197.395065308, "dvar2": 321.146331787, "median": 26.8294143677, "dmean2": 12.9208917618, "dmean": 8.90036392212, "var": 483.740478516, "dvar": 151.612640381, "mean": 33.153137207}, "spectral_kurtosis": {"min": -1.43074071407, "max": 89.5375671387, "dvar2": 52.3085708618, "median": 5.42765808105, "dmean2": 4.24913692474, "dmean": 2.66315627098, "var": 57.8640518188, "dvar": 22.1926288605, "mean": 7.32011699677}, "barkbands_kurtosis": {"min": -1.94275212288, "max": 273.652557373, "dvar2": 385.251647949, "median": 3.37827348709, "dmean2": 8.9893579483, "dmean": 5.56675767899, "var": 266.246582031, "dvar": 161.981735229, "mean": 7.94476461411}, "spectral_strongpeak": {"min": 0, "max": 10.7605113983, "dvar2": 1.37526965141, "median": 0.384408384562, "dmean2": 0.717924714088, "dmean": 0.438105076551, "var": 1.22731947899, "dvar": 0.569086134434, "mean": 0.872369647026}, "spectral_spread": {"min": 917557.625, "max": 41852540, "dvar2": 2136040800260.0, "median": 4309631, "dmean2": 1026309.3125, "dmean": 771535.875, "var": 11880526512100.0, "dvar": 1227896127490.0, "mean": 5052468.5}, "spectral_rms": {"min": 3.11672454338e-12, "max": 0.0182160045952, "dvar2": 1.1010808521e-05, "median": 0.00415061274543, "dmean2": 0.00182291097008, "dmean": 0.00121789809782, "var": 9.13111307455e-06, "dvar": 4.77686126032e-06, "mean": 0.00434813695028}, "erbbands": {"min": [1.33081844453e-22, 2.19292199246e-22, 3.50549530857e-21, 5.67302032177e-21, 1.26039416328e-20, 3.70995674609e-20, 6.22282223333e-20, 1.46264854721e-19, 9.07271535258e-20, 9.93464465945e-20, 3.76283504223e-19, 3.64094610156e-19, 3.52107108719e-19, 5.53387086822e-19, 9.51062696607e-19, 8.45494960002e-19, 1.13482541918e-18, 2.29474997968e-18, 3.25528968457e-18, 3.86578392501e-18, 4.60618584668e-18, 5.0257818978e-18, 6.23746501039e-18, 6.93034499228e-18, 4.89492730157e-18, 8.25627829107e-18, 9.12577663658e-18, 1.23749925407e-17, 1.0654797665e-17, 1.07719049331e-17, 1.19916795264e-17, 1.18352398202e-17, 9.37039131451e-18, 8.36469354524e-18, 6.52182902547e-18, 4.5335808956e-18, 2.2774610777e-18, 8.86582416894e-19, 2.5112779467e-19, 2.82503149508e-20], "max": [6.12832117081, 56.2681121826, 141.68977356, 203.715072632, 401.593200684, 221.937179565, 255.567596436, 503.478149414, 1132.80566406, 1370.95776367, 972.27935791, 1718.58398438, 1545.96044922, 2654.19873047, 941.602111816, 1215.78076172, 829.562561035, 1498.359375, 2150.79907227, 1196.23986816, 455.983032227, 218.340194702, 137.571594238, 248.851013184, 236.775924683, 104.700881958, 132.847518921, 168.724868774, 330.916992188, 225.644683838, 107.376228333, 221.809387207, 160.428085327, 70.9350509644, 35.1882171631, 16.2199382782, 7.52214384079, 3.00179553032, 0.761890828609, 0.0446964502335], "dvar2": [0.946531414986, 113.108085632, 853.140686035, 700.784545898, 1286.48339844, 658.531799316, 238.254364014, 1286.43457031, 7614.06445312, 5378.82177734, 1323.27111816, 2386.47143555, 13316.5273438, 10688.5742188, 2608.94311523, 2232.52758789, 1965.36633301, 3507.58325195, 2878.6340332, 1194.55529785, 499.452758789, 196.904708862, 164.33531189, 169.488693237, 168.489105225, 88.8912734985, 90.8970947266, 116.122612, 288.382171631, 216.957458496, 72.9419174194, 39.5204963684, 22.1778202057, 8.06593608856, 6.68296098709, 1.7086648941, 0.398830026388, 0.0634935498238, 0.00303834979422, 1.14736931209e-05], "median": [0.0480603277683, 0.436475783587, 1.08332419395, 1.11812901497, 0.931687533855, 1.64287030697, 2.9431347847, 6.94632291794, 13.3421506882, 10.0419435501, 7.28161144257, 7.52247858047, 10.431892395, 11.3623485565, 6.07844543457, 4.85317373276, 4.92883300781, 4.19642543793, 3.41460728645, 2.74834513664, 2.38274502754, 1.92280721664, 1.77128505707, 1.45826923847, 1.06384122372, 1.01829004288, 1.09651398659, 0.73484647274, 0.740301966667, 0.582800805569, 0.371023029089, 0.219503447413, 0.155056566, 0.0911646038294, 0.0415887758136, 0.0146331917495, 0.00417518103495, 0.00104138394818, 0.000149933097418, 3.53991599695e-05], "dmean2": [0.363094270229, 3.76455760002, 10.0122938156, 9.93323135376, 10.8258771896, 8.4520483017, 6.3357591629, 15.8392715454, 37.5260505676, 29.0943641663, 16.4962596893, 20.0108318329, 37.8236503601, 35.8106040955, 17.5332336426, 17.0482902527, 16.0882072449, 15.6807613373, 13.594534874, 11.4171257019, 9.26253032684, 6.60099029541, 5.55396032333, 5.2909412384, 4.65338516235, 3.78511428833, 4.08207702637, 3.81802487373, 4.89731693268, 4.5993309021, 2.81374502182, 1.85846400261, 1.24200904369, 0.848963439465, 0.766063690186, 0.378901213408, 0.166128277779, 0.064957857132, 0.013834762387, 0.000878149061464], "dmean": [0.218161165714, 2.13341355324, 5.39616250992, 5.60791397095, 6.14190578461, 4.7769536972, 3.89916324615, 9.94102573395, 24.0454177856, 18.8634796143, 10.9552869797, 13.2766332626, 24.9997005463, 24.0365695953, 11.9373893738, 11.9052762985, 11.0172348022, 10.5707197189, 9.28637313843, 7.91180944443, 6.29123783112, 4.35164165497, 3.60001802444, 3.40438175201, 3.00982451439, 2.46796274185, 2.72493004799, 2.53260946274, 3.29954981804, 3.14595651627, 2.0089867115, 1.39542794228, 0.922316074371, 0.638521969318, 0.555133163929, 0.277802377939, 0.120237313211, 0.0464644953609, 0.00980158150196, 0.00061003229348], "var": [0.324438154697, 28.7851200104, 180.140228271, 190.838043213, 334.695251465, 192.426467896, 290.191894531, 1040.53991699, 7758.76367188, 6090.08837891, 1960.58532715, 2558.88989258, 8814.94921875, 9735.62207031, 2809.73632812, 2300.13061523, 1847.21166992, 3184.12231445, 2815.73364258, 1277.04516602, 493.57635498, 156.299545288, 104.605354309, 130.215133667, 113.964660645, 52.4809989929, 67.8592758179, 73.7315063477, 186.161346436, 182.042098999, 67.9747009277, 48.3347434998, 30.4689064026, 9.63254070282, 6.45739030838, 1.57429242134, 0.309787988663, 0.0468451790512, 0.00226683053188, 8.29682903714e-06], "dvar": [0.385224282742, 41.3840103149, 298.696105957, 257.95513916, 473.498443604, 234.435058594, 95.0405807495, 511.054748535, 3146.56835938, 2383.03369141, 601.159118652, 1131.4888916, 5391.76318359, 4614.53662109, 1144.45129395, 1026.06262207, 878.620544434, 1362.7454834, 1323.78063965, 571.782958984, 237.347671509, 84.6739425659, 66.1499938965, 68.3832626343, 67.9487457275, 36.3675727844, 39.8107032776, 49.4726448059, 126.625068665, 99.3645782471, 35.583316803, 22.2109489441, 12.6608772278, 4.3911690712, 3.53077793121, 0.902191460133, 0.202020987868, 0.0319813080132, 0.00152830209117, 5.66292510484e-06], "mean": [0.219035372138, 2.05191969872, 4.52206420898, 5.62958812714, 5.28509807587, 5.92902517319, 7.57765817642, 18.1473712921, 46.1885147095, 37.5913352966, 22.947052002, 23.6238918304, 42.2425003052, 42.9457092285, 22.6979351044, 20.94490242, 18.7653522491, 17.8719444275, 15.1034898758, 12.9552316666, 10.4254360199, 7.13452959061, 5.89864397049, 5.40598297119, 4.5262556076, 3.78172850609, 4.3080868721, 3.89262604713, 4.81420898438, 4.79248523712, 3.10294508934, 2.15482354164, 1.4292345047, 0.944755971432, 0.733062267303, 0.353428214788, 0.140543982387, 0.0512676090002, 0.0108032645658, 0.000684237398673]}, "zerocrossingrate": {"min": 0.0029296875, "max": 0.5224609375, "dvar2": 0.000341207836755, "median": 0.03857421875, "dmean2": 0.0123602515087, "dmean": 0.0111426245421, "var": 0.00285321637057, "dvar": 0.000300539657474, "mean": 0.0523866303265}, "spectral_contrast_coeffs": {"min": [-0.974617183208, -0.976288318634, -0.97737044096, -0.980374634266, -0.98050069809, -0.977826416492], "max": [-0.292663991451, -0.369853287935, -0.414755880833, -0.489240556955, -0.56676274538, -0.614176332951], "dvar2": [0.00456080911681, 0.00409627752379, 0.00305315665901, 0.00178101833444, 0.00121420295909, 0.000849643780384], "median": [-0.697457551956, -0.728094637394, -0.75161677599, -0.780620157719, -0.792122364044, -0.773851931095], "dmean2": [0.0774017423391, 0.0723846331239, 0.0636306479573, 0.0499952733517, 0.0376954488456, 0.0306464787573], "dmean": [0.0465695895255, 0.0457088127732, 0.040960945189, 0.032777685672, 0.0251020155847, 0.0200477018952], "var": [0.005963627249, 0.0101687153801, 0.00820495188236, 0.00512484647334, 0.0037566900719, 0.00252705160528], "dvar": [0.00174882099964, 0.00171789934393, 0.00138608354609, 0.000868563132826, 0.000600555795245, 0.00038675207179], "mean": [-0.694402575493, -0.717469096184, -0.745992839336, -0.773607671261, -0.788675308228, -0.775506317616]}, "dissonance": {"min": 0.208724498749, "max": 0.500000059605, "dvar2": 0.0016540104989, "median": 0.453622072935, "dmean2": 0.0436002016068, "dmean": 0.0264744274318, "var": 0.00175241788384, "dvar": 0.000627115252428, "mean": 0.443537265062}, "spectral_energyband_high": {"min": 7.02271089399e-21, "max": 0.0178021322936, "dvar2": 2.19875164476e-06, "median": 0.000111128603749, "dmean2": 0.000563727226108, "dmean": 0.000445295416284, "var": 3.17193962474e-06, "dvar": 1.35954974212e-06, "mean": 0.000731399748474}, "spectral_skewness": {"min": -0.85540753603, "max": 8.01665306091, "dvar2": 0.351971894503, "median": 1.92127227783, "dmean2": 0.463298946619, "dmean": 0.300843834877, "var": 0.63595354557, "dvar": 0.160440698266, "mean": 2.03046822548}, "spectral_flux": {"min": 6.48926329339e-11, "max": 0.529326140881, "dvar2": 0.0080582909286, "median": 0.0518061779439, "dmean2": 0.0582266077399, "dmean": 0.0384386591613, "var": 0.00788174383342, "dvar": 0.00429787440225, "mean": 0.0807611048222}, "silence_rate_30dB": {"min": 0, "max": 1, "dvar2": 0.144423544407, "median": 1, "dmean2": 0.148014038801, "dmean": 0.073998644948, "var": 0.0626867339015, "dvar": 0.068524107337, "mean": 0.932797849178}, "spectral_energyband_middle_high": {"min": 1.16277824799e-21, "max": 0.106517538428, "dvar2": 2.42106561927e-05, "median": 0.0017188587226, "dmean2": 0.00235855299979, "dmean": 0.00170241983142, "var": 4.13811358158e-05, "dvar": 1.13826745292e-05, "mean": 0.00403911713511}, "barkbands_spread": {"min": 0.271811455488, "max": 118.48474884, "dvar2": 161.595062256, "median": 12.6160888672, "dmean2": 8.39412212372, "dmean": 5.5670633316, "var": 228.048904419, "dvar": 74.4878005981, "mean": 16.9862327576}, "spectral_centroid": {"min": 94.7225952148, "max": 11569.2177734, "dvar2": 241994.25, "median": 821.103881836, "dmean2": 311.999084473, "dmean": 202.224441528, "var": 839334.5, "dvar": 109759.257812, "mean": 986.326416016}, "pitch_salience": {"min": 0.0682669058442, "max": 0.935823440552, "dvar2": 0.0131551008672, "median": 0.523201525211, "dmean2": 0.116840779781, "dmean": 0.0717051848769, "var": 0.0121840154752, "dvar": 0.00510672433302, "mean": 0.520701467991}, "erbbands_skewness": {"min": -7.68905925751, "max": 6.71959781647, "dvar2": 0.302139222622, "median": 0.800659000874, "dmean2": 0.547457695007, "dmean": 0.361382186413, "var": 0.55314719677, "dvar": 0.141788586974, "mean": 0.835782647133}, "erbbands_crest": {"min": 2.17160081863, "max": 29.9175720215, "dvar2": 17.3145713806, "median": 8.84005641937, "dmean2": 4.14488315582, "dmean": 2.62360668182, "var": 22.8347988129, "dvar": 7.24146461487, "mean": 9.94576263428}, "melbands": {"min": [1.93928042913e-24, 1.90888502681e-24, 1.46517857497e-24, 1.86117846635e-24, 2.4032225437e-24, 3.43255270752e-24, 1.00942769622e-24, 1.31347233985e-24, 3.11883791108e-24, 1.87049806908e-24, 1.43203813391e-24, 1.84169222148e-24, 2.89335661525e-24, 2.34880021314e-24, 2.76779303332e-24, 1.97673317833e-24, 3.73632568718e-24, 4.48967877976e-24, 5.15027563496e-24, 4.51417488302e-24, 5.16103451442e-24, 3.61026334794e-24, 4.97583718957e-24, 4.63094759624e-24, 5.18070909982e-24, 3.11200617843e-24, 4.17285212427e-24, 5.25383966118e-24, 4.75991373247e-24, 6.10242246452e-24, 6.40981118814e-24, 5.2962728837e-24, 5.66091910398e-24, 6.18653988614e-24, 5.82867747522e-24, 4.26501711041e-24, 6.41068011843e-24, 6.1814154457e-24, 6.66463140433e-24, 6.90106879484e-24], "max": [0.0534477904439, 0.0735911950469, 0.0379180088639, 0.0197090301663, 0.0084277652204, 0.00988063495606, 0.0157658327371, 0.0124123059213, 0.010919040069, 0.00921409763396, 0.00795912276953, 0.0100135002285, 0.00540807470679, 0.00373113481328, 0.00344437919557, 0.00217297533527, 0.00322078168392, 0.00488657597452, 0.00125681934878, 0.000952909467742, 0.000567504495848, 0.00027679183404, 0.000157873568241, 0.000227103271754, 0.000233508588281, 0.000300750136375, 0.000132770233904, 7.53116546548e-05, 7.31794498279e-05, 0.000104049751826, 0.000104249345895, 0.000256616040133, 0.000185366006917, 0.000127641891595, 7.62937706895e-05, 0.000128422645503, 0.00013087647676, 0.000120326083561, 9.31887916522e-05, 5.45741022506e-05], "dvar2": [9.59498865996e-05, 0.000227582830121, 2.49096756306e-05, 4.72626970804e-06, 3.49837620206e-07, 5.62964601158e-07, 1.65353480952e-06, 5.09351480105e-07, 8.63407620955e-08, 1.34809525321e-07, 3.54115314849e-07, 2.05395792818e-07, 6.08159211879e-08, 2.12144861678e-08, 2.63634785114e-08, 9.29958421381e-09, 1.36802329465e-08, 1.2277317829e-08, 3.07555780843e-09, 1.42823253224e-09, 7.28358540147e-10, 2.71841771315e-10, 1.63530633479e-10, 1.8769513721e-10, 1.31434613193e-10, 1.34601357837e-10, 7.94142598903e-11, 4.00088434604e-11, 4.11941349088e-11, 3.83420656336e-11, 4.66978435087e-11, 1.12486533976e-10, 1.03664937745e-10, 7.0247870021e-11, 2.99863987807e-11, 2.02785514075e-11, 1.62411698673e-11, 1.41008585017e-11, 8.99516225394e-12, 5.74448127955e-12], "median": [0.000499626388773, 0.000698855728842, 0.000198660971364, 9.04106418602e-05, 0.000103093443613, 0.000157188493176, 0.000207368153497, 9.14070842555e-05, 4.94886626257e-05, 4.41976662842e-05, 4.87802135467e-05, 4.34838111687e-05, 1.9260953195e-05, 1.11054223453e-05, 9.08445599634e-06, 9.53814560489e-06, 6.24684162176e-06, 4.0602694753e-06, 3.52916481461e-06, 2.58121644947e-06, 2.17850333684e-06, 1.70622718088e-06, 1.42239741763e-06, 1.44202556385e-06, 1.03647801097e-06, 7.07404808509e-07, 6.82808718011e-07, 5.67877691537e-07, 6.9538259595e-07, 5.00009662119e-07, 3.62618720828e-07, 3.96012808324e-07, 3.76219674081e-07, 2.86022526552e-07, 2.06108438761e-07, 1.5955046706e-07, 1.16084301283e-07, 1.0913416304e-07, 8.4665742861e-08, 6.80409968368e-08], "dmean2": [0.00360283977352, 0.00525058340281, 0.00182630890049, 0.000681600533426, 0.000240394481807, 0.000343821768183, 0.000568762538023, 0.000287570117507, 0.000132958724862, 0.000146664795466, 0.000198791734874, 0.000157950737048, 7.12932524038e-05, 5.06499745825e-05, 5.09874989802e-05, 3.38055251632e-05, 2.9268743674e-05, 2.49678705586e-05, 1.94686290342e-05, 1.37667602758e-05, 1.09005859485e-05, 7.36285983294e-06, 5.60978560316e-06, 5.66060589335e-06, 4.4770945351e-06, 4.0286327021e-06, 3.26656981997e-06, 2.51798155659e-06, 2.79729465547e-06, 2.41939369516e-06, 2.32261868405e-06, 2.90942898573e-06, 3.04501804749e-06, 2.571684945e-06, 1.7828987211e-06, 1.38348116252e-06, 1.17219030926e-06, 9.4199930345e-07, 7.92404136973e-07, 7.41573842333e-07], "dmean": [0.0021537640132, 0.00287783425301, 0.00103545165621, 0.00038592366036, 0.000144793346408, 0.000217397973756, 0.000364488427294, 0.000187636280316, 8.80236548255e-05, 9.6696188848e-05, 0.000131312350277, 0.000105232575152, 4.79238005937e-05, 3.54946387233e-05, 3.49202091456e-05, 2.24134146265e-05, 1.9557581254e-05, 1.67781854543e-05, 1.30866155814e-05, 9.39328128879e-06, 7.30187321096e-06, 4.81313691125e-06, 3.61095112567e-06, 3.5778741676e-06, 2.8520792057e-06, 2.5570152502e-06, 2.06279628401e-06, 1.62086098499e-06, 1.82112762559e-06, 1.59247224474e-06, 1.51055701281e-06, 1.91783396986e-06, 2.0232218958e-06, 1.74438594058e-06, 1.24453595163e-06, 9.82840219876e-07, 8.56273572936e-07, 6.84342865043e-07, 5.75528019908e-07, 5.42087377653e-07], "var": [3.12239280902e-05, 5.08775519847e-05, 6.79326467434e-06, 1.2159915741e-06, 3.18051149861e-07, 4.76490043866e-07, 1.68579390447e-06, 5.84850170071e-07, 1.38506678127e-07, 1.25894288772e-07, 2.3714663655e-07, 1.79485297735e-07, 5.33651771661e-08, 3.10836654194e-08, 2.29237588911e-08, 7.51325046622e-09, 1.28567050339e-08, 1.26470638406e-08, 2.59887067422e-09, 1.50041401525e-09, 6.48869291631e-10, 1.95999050323e-10, 1.0518511756e-10, 1.05458253241e-10, 9.53262815906e-11, 1.0167099801e-10, 3.96227668731e-11, 2.20068702844e-11, 2.775583062e-11, 2.59626903309e-11, 2.59619426651e-11, 6.27093446615e-11, 6.84748646673e-11, 5.30273186472e-11, 2.53077298701e-11, 1.84453320673e-11, 1.88146685731e-11, 1.71723486125e-11, 9.88278296005e-12, 6.29998093624e-12], "dvar": [3.80990131816e-05, 8.06490788818e-05, 9.24285268411e-06, 1.71255953774e-06, 1.32991701207e-07, 2.25326559189e-07, 6.7636779022e-07, 2.27001734743e-07, 4.12205523048e-08, 6.00171716769e-08, 1.42909200918e-07, 8.69600640385e-08, 2.56077097305e-08, 1.0838771658e-08, 1.15437881476e-08, 3.91693966151e-09, 5.44834088956e-09, 5.71293412577e-09, 1.38760869461e-09, 6.81613876452e-10, 3.40255601472e-10, 1.15683317092e-10, 6.74581640547e-11, 7.44317385504e-11, 5.25335955293e-11, 5.47965943454e-11, 3.07858079307e-11, 1.62733611309e-11, 1.73489035638e-11, 1.65798676871e-11, 1.91440509278e-11, 4.78793185654e-11, 4.42380507226e-11, 3.10458429797e-11, 1.41721747185e-11, 9.99909443439e-12, 8.91217048077e-12, 7.62831377926e-12, 4.64087795971e-12, 3.04153880901e-12], "mean": [0.00222260295413, 0.00258253118955, 0.000992982299067, 0.000382855272619, 0.000266472168732, 0.000403628102504, 0.000709811574779, 0.0003700973175, 0.000177159454324, 0.000165375691722, 0.000219126101001, 0.000183690557606, 8.61137741595e-05, 6.12656076555e-05, 5.51513767277e-05, 3.62337013939e-05, 3.16625664709e-05, 2.54341721302e-05, 1.97850004042e-05, 1.43351535371e-05, 1.13417700049e-05, 7.24995925339e-06, 5.47959825781e-06, 5.4301262935e-06, 4.25504731538e-06, 3.68586643162e-06, 2.9210516459e-06, 2.33467062571e-06, 2.73687965091e-06, 2.4041744382e-06, 2.17289721149e-06, 2.64423829321e-06, 2.88051296593e-06, 2.58255681729e-06, 1.85464432434e-06, 1.43528677654e-06, 1.27391751903e-06, 1.01583123069e-06, 8.56907320212e-07, 7.75131979935e-07]}, "spectral_entropy": {"min": 5.07832813263, "max": 9.82036590576, "dvar2": 0.139674887061, "median": 7.28603076935, "dmean2": 0.312074005604, "dmean": 0.220868557692, "var": 0.414667278528, "dvar": 0.0726468265057, "mean": 7.29016494751}, "spectral_rolloff": {"min": 21.533203125, "max": 19573.6816406, "dvar2": 2632123.75, "median": 753.662109375, "dmean2": 694.952697754, "dmean": 409.923187256, "var": 3818568, "dvar": 1198748.75, "mean": 1136.61230469}, "barkbands": {"min": [1.13868561238e-24, 2.86184379146e-24, 2.29750058847e-24, 1.34978262125e-24, 9.60486982597e-24, 1.53047929741e-23, 2.6827520528e-24, 1.28767430056e-23, 1.13385028946e-23, 9.49619003678e-24, 2.00951949973e-23, 1.67452482539e-23, 1.91362919685e-23, 3.21452172962e-23, 5.60431778182e-23, 7.49081363452e-23, 7.1750414494e-23, 1.20309113546e-22, 8.77314048366e-23, 1.73756522468e-22, 3.30379768624e-22, 3.65320424979e-22, 4.18161963482e-22, 6.41412527911e-22, 8.86970463153e-22, 1.30091842003e-21, 1.98507130557e-21], "max": [0.00694991182536, 0.217370063066, 0.12233556062, 0.0822981446981, 0.0758026018739, 0.0418745875359, 0.0710559636354, 0.0713333413005, 0.0820393040776, 0.0620898976922, 0.0606260225177, 0.025909466669, 0.0167661681771, 0.0521394386888, 0.0186097919941, 0.00789173599333, 0.00320054916665, 0.00345126609318, 0.00717769935727, 0.00236346269958, 0.0036575475242, 0.00807297043502, 0.00389453070238, 0.00887807365507, 0.0047971457243, 0.00370424729772, 0.00419499212876], "dvar2": [8.82371068656e-07, 0.0016415262362, 0.000572911696509, 0.000102217592939, 6.67612985126e-05, 1.08423755592e-05, 3.7201334635e-05, 4.90523643748e-06, 9.60048510024e-06, 1.32645945996e-05, 5.77402988711e-06, 1.55552891101e-06, 1.01911871297e-06, 1.90287971691e-06, 6.09473488566e-07, 2.05571623724e-07, 6.40645154704e-08, 6.23195290927e-08, 6.81543284031e-08, 3.9655002837e-08, 6.10124857303e-08, 2.06798176805e-07, 1.08520964659e-07, 7.17859407473e-08, 8.21098922188e-08, 1.04759884323e-07, 1.04937861067e-07], "median": [6.59123033984e-05, 0.00198301929049, 0.000702436140273, 0.000265777256573, 0.000496171822306, 0.000616660632659, 0.000816325948108, 0.000230318793911, 0.000356789503712, 0.000237849861151, 0.00012962979963, 0.000104528859083, 9.16861754376e-05, 7.75505614001e-05, 4.41548982053e-05, 3.93109548895e-05, 2.86136073555e-05, 2.99083458231e-05, 2.00752383535e-05, 2.21278132813e-05, 2.39491328102e-05, 2.00656431844e-05, 1.45253243318e-05, 9.53930521064e-06, 7.11127404429e-06, 2.69060410574e-06, 8.54069867273e-07], "dmean2": [0.000355283351382, 0.014600452967, 0.00825392734259, 0.00348252896219, 0.00261923205107, 0.00149081414565, 0.00272903009318, 0.000852342462167, 0.00120141531806, 0.00123449251987, 0.000621585408226, 0.000470101542305, 0.000360483885743, 0.000356906384695, 0.000245844217716, 0.000187840880244, 0.000118386575195, 0.000108255582745, 0.000100152406958, 8.21278590593e-05, 9.93503635982e-05, 0.000136533708428, 0.000106961262645, 7.88309844211e-05, 8.86796478881e-05, 8.96849378478e-05, 8.30947101349e-05], "dmean": [0.000225935786148, 0.00858135055751, 0.00445742486045, 0.00199446524493, 0.00148198113311, 0.000940745754633, 0.0017495250795, 0.000563249050174, 0.000795675790869, 0.00082152755931, 0.000420874392148, 0.000329887785483, 0.000240604407736, 0.000240822788328, 0.00016472749121, 0.000126718587126, 7.73274150561e-05, 6.92635512678e-05, 6.42381128273e-05, 5.33273378096e-05, 6.61640442559e-05, 9.333165508e-05, 7.53388376324e-05, 5.97623511567e-05, 6.61105441395e-05, 6.60686127958e-05, 5.90312993154e-05], "var": [3.55912959549e-07, 0.000482760951854, 0.0001225584856, 2.91688302241e-05, 1.84732361959e-05, 9.85053702607e-06, 3.93518494093e-05, 5.4302722674e-06, 9.15522923606e-06, 9.94137099042e-06, 4.57788428321e-06, 2.07848552236e-06, 8.69407131177e-07, 2.19227649723e-06, 4.38698492644e-07, 1.96833909172e-07, 4.85169628917e-08, 3.72550310601e-08, 5.95242646284e-08, 2.38634942917e-08, 4.37566178846e-08, 1.56562805387e-07, 9.332701012e-08, 1.11653591262e-07, 9.33061201636e-08, 9.15712377036e-08, 7.95843178025e-08], "dvar": [3.73599647219e-07, 0.000627967703622, 0.000201196249691, 3.83699189115e-05, 2.3924458219e-05, 4.40656549472e-06, 1.5432771761e-05, 2.22826997742e-06, 4.32207070844e-06, 5.42052384844e-06, 2.41345219365e-06, 7.71242071096e-07, 4.53627706065e-07, 8.37831237277e-07, 2.69042999435e-07, 9.58038555154e-08, 2.77334439858e-08, 2.48686653492e-08, 2.81182650497e-08, 1.61572675239e-08, 2.65553641299e-08, 9.32325079361e-08, 5.07873281208e-08, 4.40742020658e-08, 4.5451937325e-08, 5.53412462523e-08, 5.31351105337e-08], "mean": [0.00025455353898, 0.00871123280376, 0.00374945346266, 0.00186515063979, 0.00168721494265, 0.00172415864654, 0.00340957101434, 0.00104551750701, 0.00137804821134, 0.00131644599605, 0.000720409210771, 0.000567289069295, 0.000378272961825, 0.000392103451304, 0.000243529269937, 0.000198811729206, 0.000119305885164, 0.000107265412225, 9.52269692789e-05, 8.09535995359e-05, 0.000105572922621, 0.000140574498801, 0.000115796930913, 9.34652998694e-05, 9.30544701987e-05, 8.02510912763e-05, 6.48418354103e-05]}, "melbands_flatness_db": {"min": 0.00334436562844, "max": 0.594575643539, "dvar2": 0.00311471987516, "median": 0.231341019273, "dmean2": 0.0481994859874, "dmean": 0.0322453230619, "var": 0.00694358022884, "dvar": 0.00135450519156, "mean": 0.240606844425}, "melbands_skewness": {"min": -1.25468289852, "max": 17.8157081604, "dvar2": 3.72081518173, "median": 2.03302812576, "dmean2": 1.44916009903, "dmean": 0.946299314499, "var": 4.33907794952, "dvar": 1.63824522495, "mean": 2.57726383209}, "barkbands_skewness": {"min": -4.52934122086, "max": 14.4699220657, "dvar2": 2.05226254463, "median": 1.49988484383, "dmean2": 1.09643912315, "dmean": 0.714819073677, "var": 2.47634768486, "dvar": 0.907117724419, "mean": 1.81899344921}, "silence_rate_60dB": {"min": 0, "max": 1, "dvar2": 0.0880919992924, "median": 0, "dmean2": 0.088717892766, "dmean": 0.0443539246917, "var": 0.151253864169, "dvar": 0.0423848368227, "mean": 0.185767620802}, "spectral_energyband_low": {"min": 1.53326665853e-23, "max": 0.301080882549, "dvar2": 0.00389936217107, "median": 0.00404763501137, "dmean2": 0.0229262057692, "dmean": 0.0134027991444, "var": 0.001114271814, "dvar": 0.00147477095015, "mean": 0.0137356854975}, "spectral_energyband_middle_low": {"min": 1.40853916661e-22, "max": 0.170445755124, "dvar2": 0.000383149570553, "median": 0.00702701229602, "dmean2": 0.00935856066644, "dmean": 0.00573642691597, "var": 0.00020653087995, "dvar": 0.000147461832967, "mean": 0.011329382658}, "melbands_kurtosis": {"min": -1.90893495083, "max": 448.669647217, "dvar2": 1727.23803711, "median": 7.27463340759, "dmean2": 19.4447879791, "dmean": 11.99858284, "var": 1044.25842285, "dvar": 709.33770752, "mean": 17.6532516479}, "spectral_decrease": {"min": -8.71262315627e-08, "max": 1.53318239344e-28, "dvar2": 3.34241980313e-16, "median": -4.41098135795e-09, "dmean2": 7.63966756523e-09, "dmean": 4.66888661066e-09, "var": 1.21152287116e-16, "dvar": 1.29594545387e-16, "mean": -7.19874382327e-09}, "erbbands_kurtosis": {"min": -1.80217862129, "max": 94.7504959106, "dvar2": 9.99991512299, "median": 0.850835561752, "dmean2": 2.01639676094, "dmean": 1.3033028841, "var": 10.195145607, "dvar": 4.6849770546, "mean": 1.65999925137}, "melbands_crest": {"min": 1.54808664322, "max": 35.6683654785, "dvar2": 24.2098884583, "median": 13.8987579346, "dmean2": 5.10415315628, "dmean": 3.19952178001, "var": 27.1238498688, "dvar": 9.93497848511, "mean": 14.485616684}, "gfcc": {"cov": [[24177.4628906, -1295.98083496, -1258.72058105, 256.400634766, -780.145141602, 219.11706543, -330.933013916, 229.348480225, -134.252731323, 197.098205566, -182.177566528, 161.848968506, -217.828994751], [-1295.98083496, 2244.88891602, -291.031677246, 27.9572811127, 153.625061035, -220.798278809, 130.584762573, -78.3931655884, 141.887527466, -81.2824401855, 100.460792542, -105.818313599, 137.779754639], [-1258.72058105, -291.031677246, 1157.32910156, 204.531677246, 267.733276367, 169.761825562, 65.0076141357, 2.74474787712, -16.3506031036, -22.3319416046, -67.1335601807, -16.1388053894, -80.0694503784], [256.400634766, 27.9572811127, 204.531677246, 395.015594482, 78.1416625977, 83.542175293, 25.8131980896, 24.9983348846, 29.4197864532, -13.335398674, -23.6636390686, -28.0007266998, -29.6866893768], [-780.145141602, 153.625061035, 267.733276367, 78.1416625977, 379.613983154, 73.209777832, 99.7705612183, -31.484046936, 26.7099246979, -24.3040390015, -45.0461387634, -29.4517498016, 6.61449241638], [219.11706543, -220.798278809, 169.761825562, 83.542175293, 73.209777832, 237.391067505, 58.4961013794, 20.8692798615, -17.6837863922, 15.6799545288, -20.2647724152, -8.72874450684, -38.8937301636], [-330.933013916, 130.584762573, 65.0076141357, 25.8131980896, 99.7705612183, 58.4961013794, 155.875030518, 26.1541099548, 26.7917804718, -1.84327495098, 6.74659061432, -17.6732749939, 0.949431538582], [229.348480225, -78.3931655884, 2.74474787712, 24.9983348846, -31.484046936, 20.8692798615, 26.1541099548, 129.506484985, 41.7418365479, 18.2423686981, 13.5134878159, 10.2244253159, -5.68882703781], [-134.252731323, 141.887527466, -16.3506031036, 29.4197864532, 26.7099246979, -17.6837863922, 26.7917804718, 41.7418365479, 99.6436462402, 24.9721679688, 18.6167068481, -4.67881202698, 15.3609132767], [197.098205566, -81.2824401855, -22.3319416046, -13.335398674, -24.3040390015, 15.6799545288, -1.84327495098, 18.2423686981, 24.9721679688, 92.8021087646, 39.6076049805, 12.1359434128, -10.9860019684], [-182.177566528, 100.460792542, -67.1335601807, -23.6636390686, -45.0461387634, -20.2647724152, 6.74659061432, 13.5134878159, 18.6167068481, 39.6076049805, 98.7297286987, 24.5543403625, 4.42297458649], [161.848968506, -105.818313599, -16.1388053894, -28.0007266998, -29.4517498016, -8.72874450684, -17.6732749939, 10.2244253159, -4.67881202698, 12.1359434128, 24.5543403625, 78.552154541, 22.0493850708], [-217.828994751, 137.779754639, -80.0694503784, -29.6866893768, 6.61449241638, -38.8937301636, 0.949431538582, -5.68882703781, 15.3609132767, -10.9860019684, 4.42297458649, 22.0493850708, 88.975112915]], "icov": [[5.736437015e-05, -1.94351378013e-05, 8.65992187755e-05, -7.3953618994e-05, 6.78297656123e-05, -6.79860604578e-05, 5.59847940167e-05, -9.19803278521e-05, 8.44464666443e-05, -0.000177577763679, 0.000294853845844, -0.000222564311116, 0.000186544653843], [-1.94351378013e-05, 0.000884578330442, 9.52144473558e-05, -0.000135612295708, -0.00025806055055, 0.000580353836995, -0.000547146482859, 0.000698164221831, -0.000957763462793, 0.00110402470455, -0.00155091763008, 0.00150815793313, -0.00104855955578], [8.65992187755e-05, 9.52144473558e-05, 0.00139527360443, -0.000504424853716, -0.000733212160412, -0.000361644051736, 9.15268465178e-05, -0.000196229433641, 0.000235274681472, -1.60010877153e-05, 0.000587426766288, -0.000698284129612, 0.0011360362405], [-7.3953618994e-05, -0.000135612295708, -0.000504424853716, 0.00328349252231, -0.000201417831704, -0.000965557352174, 0.000487457145937, -0.000294291472528, -0.00132190063596, 0.0009489650256, -0.000164453245816, 0.000710697786417, 0.000416874041548], [6.78297656123e-05, -0.00025806055055, -0.000733212160412, -0.000201417831704, 0.00461415573955, -0.000757941801567, -0.00214745267294, 0.0017180161085, -0.00141567760147, -0.000166717974935, 0.00214814953506, -0.000361564394552, -0.000496296561323], [-6.79860604578e-05, 0.000580353836995, -0.000361644051736, -0.000965557352174, -0.000757941801567, 0.00667942874134, -0.00253384956159, -0.00051408080617, 0.00185419165064, -0.00140056828968, 0.000116846167657, 0.000575640413444, 0.00061605166411], [5.59847940167e-05, -0.000547146482859, 9.15268465178e-05, 0.000487457145937, -0.00214745267294, -0.00253384956159, 0.00991825107485, -0.00247356342152, -0.000630764872767, 0.000678292009979, -0.00142935779877, 0.00110960553866, 6.09293238085e-06], [-9.19803278521e-05, 0.000698164221831, -0.000196229433641, -0.000294291472528, 0.0017180161085, -0.00051408080617, -0.00247356342152, 0.0112547045574, -0.00581880565733, 0.00107415753882, -0.000940370548051, -0.000717096205335, 0.000174121174496], [8.44464666443e-05, -0.000957763462793, 0.000235274681472, -0.00132190063596, -0.00141567760147, 0.00185419165064, -0.000630764872767, -0.00581880565733, 0.0169081185013, -0.00581384589896, 0.000617733923718, 0.000624308013357, -0.00181134953164], [-0.000177577763679, 0.00110402470455, -1.60010877153e-05, 0.0009489650256, -0.000166717974935, -0.00140056828968, 0.000678292009979, 0.00107415753882, -0.00581384589896, 0.0171237997711, -0.00790787115693, 0.00123108678963, 0.000825538882054], [0.000294853845844, -0.00155091763008, 0.000587426766288, -0.000164453245816, 0.00214814953506, 0.000116846167657, -0.00142935779877, -0.000940370548051, 0.000617733923718, -0.00790787115693, 0.018615078181, -0.00750043150038, 0.00329406512901], [-0.000222564311116, 0.00150815793313, -0.000698284129612, 0.000710697786417, -0.000361564394552, 0.000575640413444, 0.00110960553866, -0.000717096205335, 0.000624308013357, 0.00123108678963, -0.00750043150038, 0.0199181977659, -0.00756970234215], [0.000186544653843, -0.00104855955578, 0.0011360362405, 0.000416874041548, -0.000496296561323, 0.00061605166411, 6.09293238085e-06, 0.000174121174496, -0.00181134953164, 0.000825538882054, 0.00329406512901, -0.00756970234215, 0.0169249754399]], "mean": [-60.82787323, 99.3413772583, -95.5715026855, 13.54920578, -55.5734901428, 13.4186916351, -24.5024147034, 7.54797029495, -12.6009092331, 5.97944974899, -11.1925420761, 2.91597914696, -8.05291557312]}, "melbands_spread": {"min": 0.408142924309, "max": 315.551208496, "dvar2": 201.387969971, "median": 13.1486368179, "dmean2": 8.27455234528, "dmean": 5.38869285583, "var": 306.306732178, "dvar": 98.1507110596, "mean": 16.6041278839}, "spectral_energy": {"min": 9.95682150091e-21, "max": 0.340118378401, "dvar2": 0.00489814393222, "median": 0.0176582746208, "dmean2": 0.0295181982219, "dmean": 0.0181982554495, "var": 0.00185403134674, "dvar": 0.00191209174227, "mean": 0.028738187626}, "mfcc": {"cov": [[16101.2900391, -441.099731445, -590.506652832, -110.8748703, -479.562408447, -53.7481918335, -243.102142334, 15.0451211929, -66.5088348389, 10.4547624588, 57.9950485229, -10.9732847214, 77.3453063965], [-441.099731445, 1854.88391113, -139.913604736, 125.762924194, 15.2973222733, -34.1691703796, 4.86596488953, -29.9978103638, 80.9189376831, -26.1979045868, -40.1063079834, 61.377658844, 5.52462720871], [-590.506652832, -139.913604736, 705.304077148, 140.51159668, 170.049835205, 117.251182556, 78.6321411133, 79.6603317261, 11.8610877991, 35.7824363708, 38.7592582703, -9.16312980652, -0.710703909397], [-110.8748703, 125.762924194, 140.51159668, 301.21206665, 115.676887512, 48.4769973755, 10.5932970047, 39.6700553894, 46.3618392944, 14.1706933975, 4.88697385788, 20.2995948792, 3.52580785751], [-479.562408447, 15.2973222733, 170.049835205, 115.676887512, 257.220184326, 124.256576538, 53.9092750549, 45.2663040161, 58.2664909363, 11.5415849686, -9.45006656647, 11.802819252, -2.31306123734], [-53.7481918335, -34.1691703796, 117.251182556, 48.4769973755, 124.256576538, 234.109710693, 96.2529449463, 36.0991706848, 37.6855163574, 14.2102804184, 7.96743822098, 4.80619668961, -4.94323587418], [-243.102142334, 4.86596488953, 78.6321411133, 10.5932970047, 53.9092750549, 96.2529449463, 142.529220581, 49.8068618774, 19.9054431915, 24.4086074829, 19.0445308685, 5.14497280121, 1.7667709589], [15.0451211929, -29.9978103638, 79.6603317261, 39.6700553894, 45.2663040161, 36.0991706848, 49.8068618774, 116.55480957, 44.9318161011, 18.437292099, 11.3487024307, 2.26911735535, 11.9671840668], [-66.5088348389, 80.9189376831, 11.8610877991, 46.3618392944, 58.2664909363, 37.6855163574, 19.9054431915, 44.9318161011, 115.835601807, 31.827167511, -10.7424468994, 7.86160421371, -2.91009187698], [10.4547624588, -26.1979045868, 35.7824363708, 14.1706933975, 11.5415849686, 14.2102804184, 24.4086074829, 18.437292099, 31.827167511, 101.428535461, 43.5633964539, -11.3723621368, 4.65614938736], [57.9950485229, -40.1063079834, 38.7592582703, 4.88697385788, -9.45006656647, 7.96743822098, 19.0445308685, 11.3487024307, -10.7424468994, 43.5633964539, 95.1722793579, 23.4388847351, 7.57539367676], [-10.9732847214, 61.377658844, -9.16312980652, 20.2995948792, 11.802819252, 4.80619668961, 5.14497280121, 2.26911735535, 7.86160421371, -11.3723621368, 23.4388847351, 92.4122161865, 30.8513450623], [77.3453063965, 5.52462720871, -0.710703909397, 3.52580785751, -2.31306123734, -4.94323587418, 1.7667709589, 11.9671840668, -2.91009187698, 4.65614938736, 7.57539367676, 30.8513450623, 89.4984588623]], "icov": [[7.17855946277e-05, 1.45805861393e-05, 5.13648119522e-05, -3.48703761119e-05, 0.00016086375399, -0.000142946402775, 0.000179839727934, -0.000119902426377, 2.20888341573e-05, -2.43115300691e-05, -3.59212281182e-05, 1.29657937578e-05, -5.1857510698e-05], [1.45805861393e-05, 0.000623816042207, 0.000124442449305, -0.00032787816599, 8.97255740711e-05, 0.00019504998636, -0.000310483039357, 0.000388296903111, -0.000531974888872, 0.000192570951185, 0.000157461574418, -0.000312072748784, -2.97063661492e-06], [5.13648119522e-05, 0.000124442449305, 0.00202235742472, -0.000616847770289, -0.000860222207848, -0.000310057599563, -0.000157197428052, -0.000896943442058, 0.000859679887071, -0.000210878104554, -0.000614796124864, 0.00047314708354, -1.70178225289e-07], [-3.48703761119e-05, -0.00032787816599, -0.000616847770289, 0.00454949913546, -0.00159826350864, -1.11785620902e-05, 0.000990096479654, -0.00075667956844, -0.000500789610669, -0.000286394002615, -0.000132970701088, -0.000688812579028, 0.000153271539602], [0.00016086375399, 8.97255740711e-05, -0.000860222207848, -0.00159826350864, 0.0073560657911, -0.00289160222746, 0.000267351279035, -0.000407955580158, -0.00169834762346, -3.17343874485e-05, 0.00135285337456, -0.000804841227364, 0.000100609446235], [-0.000142946402775, 0.00019504998636, -0.000310057599563, -1.11785620902e-05, -0.00289160222746, 0.007847241126, -0.00467940140516, 0.00136638339609, -0.00134264177177, 0.000973843678366, -0.000567579991184, 0.000317188329063, 0.00022221688414], [0.000179839727934, -0.000310483039357, -0.000157197428052, 0.000990096479654, 0.000267351279035, -0.00467940140516, 0.0121792200953, -0.00444483524188, 0.00155724864453, -0.00209177657962, -0.000422218261519, -0.000777958077379, 0.000389225693652], [-0.000119902426377, 0.000388296903111, -0.000896943442058, -0.00075667956844, -0.000407955580158, 0.00136638339609, -0.00444483524188, 0.0133958104998, -0.00546332774684, 0.00183777441271, -0.00190188852139, 0.00161412451416, -0.00220487988554], [2.20888341573e-05, -0.000531974888872, 0.000859679887071, -0.000500789610669, -0.00169834762346, -0.00134264177177, 0.00155724864453, -0.00546332774684, 0.0148410033435, -0.00665889726952, 0.00506114028394, -0.00318864081055, 0.00212180591188], [-2.43115300691e-05, 0.000192570951185, -0.000210878104554, -0.000286394002615, -3.17343874485e-05, 0.000973843678366, -0.00209177657962, 0.00183777441271, -0.00665889726952, 0.0169684384018, -0.00944143999368, 0.00579688930884, -0.00243116100319], [-3.59212281182e-05, 0.000157461574418, -0.000614796124864, -0.000132970701088, 0.00135285337456, -0.000567579991184, -0.000422218261519, -0.00190188852139, 0.00506114028394, -0.00944143999368, 0.0178002268076, -0.00693045416847, 0.00182605732698], [1.29657937578e-05, -0.000312072748784, 0.00047314708354, -0.000688812579028, -0.000804841227364, 0.000317188329063, -0.000777958077379, 0.00161412451416, -0.00318864081055, 0.00579688930884, -0.00693045416847, 0.0158828031272, -0.00545847369358], [-5.1857510698e-05, -2.97063661492e-06, -1.70178225289e-07, 0.000153271539602, 0.000100609446235, 0.00022221688414, 0.000389225693652, -0.00220487988554, 0.00212180591188, -0.00243116100319, 0.00182605732698, -0.00545847369358, 0.0134368706495]], "mean": [-708.051574707, 136.717987061, 14.6258125305, 11.5651531219, -3.74877047539, 7.01356744766, -0.760536074638, 5.14412212372, 3.5712916851, 3.51078152657, 3.51843476295, 2.92416644096, 2.88516259193]}, "spectral_contrast_valleys": {"min": [-28.5933189392, -27.9900169373, -27.6487445831, -27.7538833618, -27.4862918854, -27.384437561], "max": [-4.61715936661, -4.38729429245, -5.26744699478, -5.73298072815, -5.66417312622, -7.56870079041], "dvar2": [0.616862237453, 0.431274443865, 0.375506728888, 0.413316786289, 0.521545827389, 0.58224350214], "median": [-7.35009717941, -6.8329000473, -7.6309967041, -8.41999530792, -8.60605430603, -10.7555122375], "dmean2": [0.789404332638, 0.640699088573, 0.592684388161, 0.576252877712, 0.546235620975, 0.556519150734], "dmean": [0.513079464436, 0.413362175226, 0.392774105072, 0.400330960751, 0.407990127802, 0.464171826839], "var": [3.78178691864, 3.6994869709, 3.52608942986, 3.57968044281, 3.81967520714, 3.9367017746], "dvar": [0.314886033535, 0.226748198271, 0.209362939, 0.243052959442, 0.308367550373, 0.381243944168], "mean": [-7.65297460556, -7.15537643433, -7.87096166611, -8.60097312927, -8.84976577759, -11.0360841751]}, "barkbands_flatness_db": {"min": 0.0107112070546, "max": 0.44792920351, "dvar2": 0.00192742270883, "median": 0.145921394229, "dmean2": 0.039460670203, "dmean": 0.0265535749495, "var": 0.00413478212431, "dvar": 0.000860273197759, "mean": 0.153313949704}, "dynamic_complexity": 5.88143539429, "erbbands_flatness_db": {"min": 0.0266428533942, "max": 0.389593452215, "dvar2": 0.00107436790131, "median": 0.161100938916, "dmean2": 0.0309989899397, "dmean": 0.0233759563416, "var": 0.00345956999809, "dvar": 0.000633426418062, "mean": 0.158860