{"lowlevel": {"spectral_complexity": {"min": 0, "max": 63, "dvar2": 52.2055587769, "median": 25, "dmean2": 7.37577199936, "dmean": 5.19196224213, "var": 201.399917603, "dvar": 29.2808685303, "mean": 24.9197444916}, "silence_rate_20dB": {"min": 1, "max": 1, "dvar2": 0, "median": 1, "dmean2": 0, "dmean": 0, "var": 0, "dvar": 0, "mean": 1}, "average_loudness": 0.971067726612, "erbbands_spread": {"min": 2.28967142105, "max": 229.938949585, "dvar2": 445.678161621, "median": 44.2331428528, "dmean2": 17.8615207672, "dmean": 11.6065444946, "var": 648.057006836, "dvar": 196.544128418, "mean": 48.9366722107}, "spectral_kurtosis": {"min": -0.932289838791, "max": 53.5765991211, "dvar2": 5.67082643509, "median": 2.46320438385, "dmean2": 1.37073290348, "dmean": 0.856079399586, "var": 4.02414512634, "dvar": 2.14059495926, "mean": 2.81236839294}, "barkbands_kurtosis": {"min": -1.89636254311, "max": 918.226318359, "dvar2": 2277.48657227, "median": -0.391674280167, "dmean2": 8.22402191162, "dmean": 5.15451812744, "var": 1031.10949707, "dvar": 956.901794434, "mean": 4.41928100586}, "spectral_strongpeak": {"min": 0, "max": 11.176240921, "dvar2": 1.56626152992, "median": 0.229090094566, "dmean2": 0.705547094345, "dmean": 0.409286171198, "var": 0.740398108959, "dvar": 0.602853536606, "mean": 0.526412129402}, "spectral_spread": {"min": 1177581.375, "max": 23197754, "dvar2": 2980799315970.0, "median": 5818718.5, "dmean2": 1343696.125, "dmean": 882001.5625, "var": 4362020061180.0, "dvar": 1310689460220.0, "mean": 6114057.5}, "spectral_rms": {"min": 5.93928405124e-07, "max": 0.0117589747533, "dvar2": 2.75451816378e-06, "median": 0.00423987861723, "dmean2": 0.00137198367156, "dmean": 0.000904806831386, "var": 3.5333030155e-06, "dvar": 1.25818985452e-06, "mean": 0.00457138055936}, "erbbands": {"min": [3.01188540774e-09, 9.09553055095e-09, 6.79911060786e-09, 7.89793759282e-08, 2.44792033754e-07, 8.75635066677e-08, 1.69741340983e-07, 7.08732557086e-08, 5.36121085304e-08, 8.55479882489e-08, 8.3420090391e-08, 7.40624557238e-08, 5.63457938085e-08, 1.09023083894e-07, 4.18188363938e-08, 6.01690004487e-08, 8.85330706524e-08, 6.71628583859e-08, 1.38964495022e-07, 1.33535223767e-07, 1.08866601067e-07, 6.0122900436e-08, 5.16123144223e-08, 1.41442995982e-07, 8.01050603627e-08, 1.01887764004e-07, 2.11171652609e-07, 2.27533618613e-07, 3.49822357748e-07, 1.88707517168e-07, 1.43265978636e-07, 1.57538238454e-07, 1.2150803741e-07, 1.17471024907e-07, 7.93048116066e-08, 3.65981520645e-08, 3.25989262251e-08, 1.02755750575e-08, 3.26421223384e-09, 2.81116796508e-10], "max": [3.42482161522, 15.0635356903, 75.5849456787, 98.2221221924, 125.463096619, 400.895507812, 297.134307861, 267.710510254, 219.051864624, 577.458740234, 715.480651855, 702.578613281, 676.259765625, 806.121948242, 567.462768555, 827.708984375, 651.527770996, 894.399658203, 1227.47290039, 644.551025391, 1044.64257812, 474.955078125, 367.606506348, 1182.52856445, 439.101379395, 329.536102295, 526.757324219, 342.389190674, 338.81640625, 507.936096191, 347.01373291, 147.591445923, 165.223678589, 87.0532302856, 44.4241981506, 15.9903173447, 3.84415721893, 1.34488689899, 0.343899726868, 0.0303935669363], "dvar2": [0.180209577084, 3.11839342117, 131.422546387, 293.203979492, 264.130859375, 3650.82202148, 1453.4387207, 315.848144531, 202.264511108, 594.693908691, 2438.97949219, 2681.87524414, 989.188842773, 855.710021973, 644.817016602, 2121.66064453, 1967.02868652, 3274.89550781, 3146.11962891, 1443.0369873, 2693.92163086, 1835.56188965, 1292.54748535, 1172.01733398, 574.150024414, 573.949035645, 1095.7331543, 1264.65881348, 765.619628906, 468.599822998, 301.469970703, 137.970169067, 83.0934143066, 39.0635986328, 15.1108207703, 1.84101843834, 0.258261501789, 0.0556594580412, 0.00377718289383, 3.45496591763e-05], "median": [0.177677288651, 0.532103359699, 0.64083468914, 1.09794139862, 1.83380305767, 3.05056166649, 3.52809309959, 2.79476475716, 2.13019680977, 2.4295232296, 5.86155843735, 6.38054418564, 4.17095661163, 4.85526943207, 5.95082902908, 8.65921401978, 11.2191915512, 11.9738540649, 13.1872291565, 14.7734060287, 19.3480472565, 20.8472251892, 17.4753437042, 17.3804740906, 16.6336097717, 15.8918981552, 14.3102674484, 10.7558898926, 9.65836429596, 7.43513250351, 6.04353570938, 5.55876207352, 3.52844071388, 2.14581012726, 0.847160995007, 0.33112898469, 0.120133779943, 0.0232826173306, 0.00325429625809, 0.000296093261568], "dmean2": [0.286191612482, 1.20502793789, 4.91055297852, 7.32894182205, 7.51135015488, 20.7710533142, 16.2491950989, 9.12798881531, 7.0005569458, 9.29595851898, 20.3019580841, 23.360496521, 11.7835531235, 10.5062322617, 11.4712429047, 21.3492259979, 23.7582550049, 25.8629608154, 26.65143013, 21.9621391296, 29.8765964508, 25.5965080261, 22.4299449921, 18.2569160461, 16.9223842621, 16.4055805206, 18.1915092468, 17.3135814667, 14.8272180557, 10.8546943665, 9.31266403198, 7.39983224869, 4.847032547, 4.22089338303, 2.07745099068, 0.783983469009, 0.38240686059, 0.193079903722, 0.0471426174045, 0.00480672111735], "dmean": [0.190328925848, 0.897876024246, 3.11920976639, 4.22654151917, 4.5318775177, 12.1389322281, 9.18184280396, 5.41463899612, 4.26750898361, 5.70870637894, 12.5578422546, 14.5620193481, 7.20218276978, 6.51841878891, 7.07271242142, 13.4599351883, 14.874874115, 16.097240448, 16.7705516815, 13.7402067184, 18.2984409332, 15.6736764908, 13.821472168, 11.3687534332, 11.1800994873, 11.3885765076, 12.3100938797, 11.7047758102, 10.052728653, 8.35295009613, 6.61669969559, 5.35892724991, 3.43744158745, 2.83287072182, 1.45143020153, 0.552574038506, 0.244269877672, 0.115323752165, 0.0283136833459, 0.00288689276204], "var": [0.12476157397, 4.47886133194, 54.8041038513, 80.6663818359, 93.2528762817, 991.385803223, 359.698883057, 121.970649719, 127.235748291, 315.096069336, 1500.55993652, 2182.60375977, 620.076293945, 542.830078125, 436.760467529, 1831.66870117, 1459.05847168, 2344.6015625, 3229.2019043, 1122.01464844, 1990.34143066, 1291.12390137, 794.634887695, 814.765930176, 651.065673828, 780.817138672, 1035.4744873, 940.780822754, 715.647399902, 600.995361328, 307.500183105, 160.958709717, 85.6895370483, 37.6425209045, 16.0250492096, 1.91276574135, 0.223908528686, 0.0321462415159, 0.00183218554594, 1.60369309015e-05], "dvar": [0.0782012715936, 1.78663289547, 56.16456604, 110.652030945, 107.014007568, 1363.46105957, 513.489685059, 120.061195374, 78.3881835938, 230.30241394, 965.820373535, 1223.38354492, 390.657318115, 347.508911133, 260.693389893, 878.739257812, 798.668579102, 1331.38195801, 1431.39318848, 566.077575684, 1135.17114258, 710.389160156, 506.365509033, 476.868041992, 249.747360229, 285.19317627, 499.544677734, 562.389770508, 349.349395752, 252.069152832, 160.082382202, 75.8793640137, 44.1468429565, 20.6689376831, 8.42387580872, 0.948927819729, 0.133778989315, 0.0262200757861, 0.00166422280017, 1.50232890519e-05], "mean": [0.285538166761, 1.40704619884, 3.06228208542, 3.65384531021, 4.65048789978, 10.5315275192, 9.1167678833, 6.53913354874, 6.10531902313, 7.83793497086, 19.0822544098, 21.5227031708, 10.5064239502, 10.1778421402, 11.525976181, 21.5020637512, 23.749671936, 26.469587326, 28.5146980286, 24.902885437, 32.2822914124, 30.4818134308, 25.3894023895, 24.1404647827, 24.6486778259, 24.5045223236, 24.3453330994, 20.9914989471, 18.8283233643, 15.5060310364, 11.7185640335, 9.72874259949, 6.34712696075, 4.03799343109, 2.04160881042, 0.774480521679, 0.290572017431, 0.103918731213, 0.0228569619358, 0.00230079842731]}, "zerocrossingrate": {"min": 0.00146484375, "max": 0.5322265625, "dvar2": 0.000643657287583, "median": 0.10888671875, "dmean2": 0.0288622621447, "dmean": 0.0235754121095, "var": 0.00261224247515, "dvar": 0.000465677730972, "mean": 0.112113624811}, "spectral_contrast_coeffs": {"min": [-0.92179018259, -0.949502706528, -0.958169996738, -0.946687340736, -0.940659999847, -0.91016459465], "max": [-0.381899088621, -0.465956240892, -0.525994122028, -0.586296200752, -0.640073478222, -0.536303341389], "dvar2": [0.00703537557274, 0.00403027189896, 0.00236958614551, 0.00153604871593, 0.000777751905844, 0.00100399961229], "median": [-0.726855993271, -0.770450115204, -0.812146484852, -0.811917483807, -0.80543589592, -0.7641903162], "dmean2": [0.0991975367069, 0.0832588449121, 0.061900138855, 0.0487955398858, 0.0348252691329, 0.0344972759485], "dmean": [0.0632687956095, 0.0503081046045, 0.038188688457, 0.029545918107, 0.021402573213, 0.0215093810111], "var": [0.00708085112274, 0.00437394669279, 0.00301421131007, 0.00214923615567, 0.00102286494803, 0.00200416985899], "dvar": [0.00321523123421, 0.00153499795124, 0.000934398616664, 0.000593777629547, 0.000314602657454, 0.000445690006018], "mean": [-0.712433278561, -0.764776587486, -0.804001867771, -0.804926753044, -0.803075253963, -0.766410827637]}, "dissonance": {"min": 0.26941883564, "max": 0.500000119209, "dvar2": 0.000342517916579, "median": 0.48864236474, "dmean2": 0.0164706651121, "dmean": 0.00962196663022, "var": 0.000201547372853, "dvar": 0.000126142447698, "mean": 0.485002428293}, "spectral_energyband_high": {"min": 7.05013269986e-11, "max": 0.040865380317, "dvar2": 1.14960630526e-05, "median": 0.00165772729088, "dmean2": 0.00202425173484, "dmean": 0.00149041658733, "var": 1.37150018418e-05, "dvar": 6.31313150734e-06, "mean": 0.00286403973587}, "spectral_skewness": {"min": -0.191888093948, "max": 5.52211380005, "dvar2": 0.10013384372, "median": 1.17920303345, "dmean2": 0.271328896284, "dmean": 0.17568397522, "var": 0.133174657822, "dvar": 0.0431796349585, "mean": 1.21321570873}, "spectral_flux": {"min": 1.2071229321e-05, "max": 0.346772938967, "dvar2": 0.00251925247721, "median": 0.0829363837838, "dmean2": 0.0413469597697, "dmean": 0.0266657844186, "var": 0.00256860768422, "dvar": 0.00120930897538, "mean": 0.0940013080835}, "silence_rate_30dB": {"min": 0, "max": 1, "dvar2": 0.00403484189883, "median": 1, "dmean2": 0.00269450992346, "dmean": 0.00134710373823, "var": 0.000673044356517, "dvar": 0.00134537403937, "mean": 0.999326527119}, "spectral_energyband_middle_high": {"min": 2.63944335138e-11, "max": 0.0692837685347, "dvar2": 1.25520928123e-05, "median": 0.00381501461379, "dmean2": 0.00244525889866, "dmean": 0.00161156989634, "var": 1.86984016182e-05, "dvar": 5.44152135262e-06, "mean": 0.00479276990518}, "barkbands_spread": {"min": 0.0817630812526, "max": 125.780792236, "dvar2": 395.708862305, "median": 45.1196861267, "dmean2": 18.4310207367, "dmean": 11.8482179642, "var": 411.953613281, "dvar": 172.292526245, "mean": 45.535533905}, "spectral_centroid": {"min": 90.9750976562, "max": 8355.82324219, "dvar2": 360399.1875, "median": 2352.69921875, "dmean2": 548.792663574, "dmean": 359.434539795, "var": 608348.1875, "dvar": 176620.03125, "mean": 2276.35595703}, "pitch_salience": {"min": 0.0428340397775, "max": 0.871084213257, "dvar2": 0.0150189548731, "median": 0.582299113274, "dmean2": 0.141995251179, "dmean": 0.0933552011847, "var": 0.0196968670934, "dvar": 0.00656699994579, "mean": 0.558947503567}, "erbbands_skewness": {"min": -5.43446493149, "max": 5.29299497604, "dvar2": 0.356441050768, "median": -0.355090051889, "dmean2": 0.564490139484, "dmean": 0.373176306486, "var": 0.551091611385, "dvar": 0.16153781116, "mean": -0.305496752262}, "erbbands_crest": {"min": 2.3758122921, "max": 29.9362735748, "dvar2": 12.5161180496, "median": 5.68510866165, "dmean2": 3.53525328636, "dmean": 2.1371011734, "var": 11.6224517822, "dvar": 5.29186630249, "mean": 6.6816534996}, "melbands": {"min": [2.38860233676e-11, 6.08710651329e-12, 1.95927250118e-11, 1.49152860202e-11, 5.46276912594e-12, 1.8942833413e-12, 6.41424522003e-13, 1.10290075683e-12, 7.31237336307e-13, 4.32741624652e-13, 2.29387228613e-13, 4.04646449811e-13, 1.4355991439e-13, 1.14805612391e-13, 2.654704798e-13, 1.41669933163e-13, 1.036029918e-13, 1.98621446981e-13, 1.23280075384e-13, 1.50302703226e-13, 1.32545653598e-13, 7.17418610413e-14, 3.64398351175e-14, 6.30273218056e-14, 1.26724938052e-13, 7.1959196143e-14, 5.14771127742e-14, 6.89222306614e-14, 1.17893203338e-13, 1.1167880043e-13, 1.50822347775e-13, 2.20385694286e-13, 1.51291170347e-13, 9.08572127039e-14, 8.9167429408e-14, 9.06039091951e-14, 8.80799339714e-14, 7.49734814704e-14, 1.05128938595e-13, 9.36805971338e-14], "max": [0.0259242933244, 0.028187520802, 0.0152358198538, 0.0205122642219, 0.0128218820319, 0.00563987577334, 0.00330973672681, 0.0070852888748, 0.00570731563494, 0.00412900280207, 0.00345563562587, 0.00361831719056, 0.00290590315126, 0.00256856763735, 0.00139873032458, 0.00250602187589, 0.00170369062107, 0.00190753443167, 0.00155587214977, 0.000719161471352, 0.00137609720696, 0.0006601557252, 0.00037001966848, 0.000505165371578, 0.0010621228721, 0.000395777518861, 0.000191093189642, 0.0002433675254, 0.000433170382166, 0.00017834090977, 0.000187226964044, 0.000231097670621, 0.000269340816885, 0.000317703408655, 0.000204169176868, 0.000139178999234, 7.71861741669e-05, 0.000112009074655, 0.000101735378848, 7.22702243365e-05], "dvar2": [8.82917902345e-06, 1.49354118548e-05, 7.07851586412e-06, 8.0840454757e-06, 2.59195303443e-06, 1.70207570704e-07, 4.54770550107e-08, 8.20127610268e-08, 1.73404316683e-07, 8.99761189999e-08, 2.49225848847e-08, 1.58707251785e-08, 7.77117836748e-09, 1.60584399111e-08, 1.13408393787e-08, 1.41600260406e-08, 1.32409168074e-08, 8.9747329568e-09, 5.76707925859e-09, 2.01904626351e-09, 4.62370186582e-09, 2.49206011382e-09, 1.71649128244e-09, 9.89580084543e-10, 9.27632026748e-10, 4.59396687358e-10, 3.29599708637e-10, 3.56975088378e-10, 4.74742800627e-10, 5.8178706297e-10, 4.43182823773e-10, 3.54104162659e-10, 1.79296175129e-10, 1.67312858013e-10, 1.19019752387e-10, 8.06617411753e-11, 4.7623720939e-11, 4.1696802261e-11, 4.31026811465e-11, 3.20859623593e-11], "median": [0.00134181871545, 0.00047642737627, 0.000212469502003, 0.000183075666428, 0.000134510119096, 6.71537782182e-05, 3.1254854548e-05, 2.52690333582e-05, 5.34633254574e-05, 3.52788665623e-05, 1.7733018467e-05, 1.8180195184e-05, 1.68117621797e-05, 1.97689951165e-05, 2.28619228437e-05, 2.18915374717e-05, 2.03973067983e-05, 1.92549832718e-05, 1.87738096429e-05, 1.8652079234e-05, 2.25987932936e-05, 2.09473164432e-05, 1.76521807589e-05, 1.30708212964e-05, 1.34681758936e-05, 1.24517709992e-05, 1.09360480565e-05, 1.00241632026e-05, 8.80624520505e-06, 7.58945725465e-06, 5.39118718734e-06, 5.35360914e-06, 4.88472051074e-06, 3.66885569747e-06, 3.46551109942e-06, 3.2525495044e-06, 3.42163411915e-06, 2.46138233706e-06, 2.03653667086e-06, 1.62783817359e-06], "dmean2": [0.00205291179009, 0.00189416506328, 0.00118649355136, 0.00103656901047, 0.000641078455374, 0.000215115098399, 0.000105999228253, 0.000105236496893, 0.000182867326657, 0.000135998328915, 5.74593723286e-05, 4.41604897787e-05, 3.65153318853e-05, 5.6948789279e-05, 5.5930839153e-05, 5.20558678545e-05, 5.20637331647e-05, 4.62479365524e-05, 3.66965905414e-05, 2.81315788015e-05, 3.99638884119e-05, 2.92914264719e-05, 2.53726320807e-05, 1.95761931536e-05, 1.60840572789e-05, 1.45982794493e-05, 1.28094834508e-05, 1.23394966067e-05, 1.22099490909e-05, 1.3004984794e-05, 1.01840705611e-05, 9.50968751567e-06, 7.50496155888e-06, 6.09783501204e-06, 5.76922820983e-06, 5.43443229617e-06, 4.43184217147e-06, 3.53691780219e-06, 3.46545130014e-06, 3.8535395106e-06], "dmean": [0.00141076557338, 0.00126373802777, 0.000697571143974, 0.00062013900606, 0.000364598090528, 0.000127572231577, 6.5122549131e-05, 6.46512999083e-05, 0.000113476926344, 8.48110430525e-05, 3.49225883838e-05, 2.72699689958e-05, 2.2332138542e-05, 3.57721182809e-05, 3.48970825144e-05, 3.21222796629e-05, 3.21132538375e-05, 2.88111550617e-05, 2.25832591241e-05, 1.76183657459e-05, 2.41795223701e-05, 1.7638258214e-05, 1.56941205205e-05, 1.18659572763e-05, 9.89712498267e-06, 9.18147179618e-06, 8.36080562294e-06, 8.25080496725e-06, 7.95712730906e-06, 8.03893181001e-06, 6.96746110407e-06, 6.20837226961e-06, 5.21510355611e-06, 4.57227542938e-06, 4.03039030061e-06, 3.75717354473e-06, 3.1780698464e-06, 2.47898560701e-06, 2.37050585383e-06, 2.52577433457e-06], "var": [7.9650508269e-06, 9.57453357842e-06, 2.13486237044e-06, 2.44701800511e-06, 6.26838243534e-07, 6.52419771541e-08, 3.08351566503e-08, 4.1724643296e-08, 1.10701691369e-07, 7.30590343778e-08, 1.51989869579e-08, 9.34337407443e-09, 4.93616081343e-09, 1.40688500849e-08, 9.5898560204e-09, 8.05847388818e-09, 9.1091392207e-09, 8.75887096186e-09, 3.82716969227e-09, 1.65322500134e-09, 3.22838933364e-09, 1.68049796301e-09, 1.02655706158e-09, 6.09672534679e-10, 6.03514016539e-10, 4.03245520308e-10, 3.15742321177e-10, 4.0956105174e-10, 4.56021914674e-10, 3.70225711199e-10, 3.35520472516e-10, 2.50819198744e-10, 2.14804576903e-10, 1.79696243996e-10, 1.13797346546e-10, 7.46886441583e-11, 5.68291282088e-11, 4.18225072629e-11, 3.73361792871e-11, 2.58489635946e-11], "dvar": [4.06900062444e-06, 6.78462811265e-06, 2.74453987004e-06, 3.12160500471e-06, 9.21834441669e-07, 6.42077111479e-08, 1.79376868914e-08, 3.14597556894e-08, 6.91660346774e-08, 4.13701890523e-08, 9.82834436059e-09, 6.34962349366e-09, 3.15295545228e-09, 6.78232803253e-09, 4.69525884839e-09, 5.54778312178e-09, 5.32957233901e-09, 4.00379507326e-09, 2.23137597288e-09, 8.40269742675e-10, 1.9135348861e-09, 9.55001300262e-10, 6.86364742819e-10, 3.85015491711e-10, 3.7512115636e-10, 1.87360599258e-10, 1.40540690197e-10, 1.70546618494e-10, 2.18432008592e-10, 2.35314628894e-10, 2.05779129847e-10, 1.49368226121e-10, 8.91181156648e-11, 8.55505249975e-11, 6.23086096607e-11, 3.98337196561e-11, 2.67784006774e-11, 2.19548702135e-11, 2.11319208659e-11, 1.57260437311e-11], "mean": [0.00227164244279, 0.00171109091025, 0.000641835911665, 0.000572730903514, 0.000351610389771, 0.000155346744577, 9.40889804042e-05, 8.84282490006e-05, 0.000172302563442, 0.000122913246742, 4.81681563542e-05, 4.0654453187e-05, 3.37728233717e-05, 5.39585489605e-05, 5.55650985916e-05, 4.88925652462e-05, 4.95068998134e-05, 4.60006522189e-05, 3.66659587598e-05, 3.10360082949e-05, 3.95648676204e-05, 3.20952785842e-05, 2.66607748927e-05, 2.06263739528e-05, 1.92320167116e-05, 1.85184890142e-05, 1.64094417414e-05, 1.62612905115e-05, 1.52654210979e-05, 1.40237380037e-05, 1.14907488751e-05, 1.06974939627e-05, 9.95711798168e-06, 7.97939082986e-06, 6.82458903611e-06, 6.29692158327e-06, 5.73101397094e-06, 4.45610021416e-06, 3.91220146412e-06, 3.25462724504e-06]}, "spectral_entropy": {"min": 5.10516023636, "max": 9.08277225494, "dvar2": 0.0622192882001, "median": 8.17207527161, "dmean2": 0.205294832587, "dmean": 0.134612932801, "var": 0.0924250632524, "dvar": 0.0293131172657, "mean": 8.13347148895}, "spectral_rolloff": {"min": 43.06640625, "max": 19422.9492188, "dvar2": 8866422, "median": 2842.3828125, "dmean2": 2239.2265625, "dmean": 1391.77441406, "var": 6093511, "dvar": 3681889.5, "mean": 3227.33618164}, "barkbands": {"min": [9.46881570547e-13, 6.07553521381e-11, 8.92945548232e-13, 4.53823853497e-11, 6.09726574785e-11, 1.50783985992e-11, 2.77404726794e-12, 4.07635297045e-12, 2.8994337313e-12, 1.26217807907e-12, 1.22503179475e-12, 1.13966887143e-12, 1.42743314998e-12, 1.42191022411e-12, 1.57050978125e-12, 1.96180983784e-12, 1.0185910275e-12, 1.39051563233e-12, 2.24323424419e-12, 2.04605126244e-12, 5.05780617041e-12, 9.32245079743e-12, 4.7852229991e-12, 7.82037976044e-12, 1.09409434637e-11, 1.29897802584e-11, 2.14209691651e-11], "max": [0.00570845557377, 0.0789808556437, 0.0887717008591, 0.0284390430897, 0.0818065926433, 0.0292899701744, 0.0141084119678, 0.0311053209007, 0.0235051866621, 0.0248019434512, 0.0221516285092, 0.0185813084245, 0.0241976007819, 0.0158029403538, 0.0247076507658, 0.0150837879628, 0.0114555554464, 0.00917753949761, 0.0165480021387, 0.00677949143574, 0.00864321365952, 0.0106042735279, 0.0134303290397, 0.00628964416683, 0.00566325988621, 0.00238267937675, 0.00233478983864], "dvar2": [3.65083593579e-07, 8.6165353423e-05, 0.000195803877432, 1.73993212229e-05, 0.000146664242493, 7.53031599743e-06, 1.26125326005e-06, 3.94222388422e-06, 4.25181497121e-06, 1.05749290924e-06, 3.90179451415e-07, 1.14890144687e-06, 1.44411490055e-06, 1.35555046654e-06, 1.2146605286e-06, 6.56648978747e-07, 6.93704180321e-07, 4.10689153796e-07, 3.01830823446e-07, 2.42226349201e-07, 7.44080466575e-07, 5.07143681716e-07, 3.86276326481e-07, 2.56258857689e-07, 2.79320914842e-07, 6.80822438426e-08, 1.96916616346e-07], "median": [0.000438656075858, 0.00393668096513, 0.000475033477414, 0.000368985463865, 0.000872157572303, 0.000418187410105, 0.000142398435855, 0.00018707770505, 0.000266101502348, 0.000133846508106, 9.86956729321e-05, 0.000183347365237, 0.000224139017519, 0.000216439788346, 0.000248212716542, 0.000301795080304, 0.000369197397958, 0.000291682605166, 0.000347212335328, 0.000334889162332, 0.000308596499963, 0.000270842661848, 0.000207896795473, 0.000248961441685, 0.000153157743625, 6.72692840453e-05, 2.35627339862e-05], "dmean2": [0.000481701310491, 0.00648514553905, 0.00562950456515, 0.00191031978466, 0.00446486705914, 0.00139071524609, 0.000534425547812, 0.000741197320167, 0.000964779232163, 0.00037838469143, 0.000254142243648, 0.000508364813868, 0.000554713536985, 0.000542155408766, 0.000520925794262, 0.000484747783048, 0.000502440263517, 0.000402084435336, 0.000352198054316, 0.000350541376974, 0.000443262746558, 0.000391010573367, 0.00031027267687, 0.000308450456942, 0.000326100096572, 0.000182666350156, 0.000356989708962], "dmean": [0.000342962797731, 0.00454183900729, 0.00337897008285, 0.00111263687722, 0.00266732089221, 0.000810545752756, 0.000330168637447, 0.00045567122288, 0.00059622572735, 0.000233226208366, 0.000154370573, 0.000320420251228, 0.000342777580954, 0.000333291623974, 0.000324072956573, 0.000299464561976, 0.000305425201077, 0.000248476630077, 0.000221964612138, 0.000235892250203, 0.000299188599456, 0.000279615574982, 0.000228049728321, 0.000223757349886, 0.000224242583499, 0.000122015764646, 0.000213242630707], "var": [4.36745381194e-07, 9.25538333831e-05, 6.08561495028e-05, 5.07091772306e-06, 4.28641360486e-05, 2.53339158007e-06, 8.68285781053e-07, 2.13111593439e-06, 3.2290092804e-06, 6.09078540492e-07, 2.90881786214e-07, 1.03965226117e-06, 8.43140526285e-07, 9.65245249063e-07, 1.02244439404e-06, 5.02129410052e-07, 4.75665046906e-07, 2.65905669039e-07, 2.70045717343e-07, 3.4986163655e-07, 5.65328491575e-07, 5.92123683418e-07, 3.96503708089e-07, 3.34621972797e-07, 3.00155875266e-07, 7.02133959862e-08, 9.23959220245e-08], "dvar": [1.64976043493e-07, 4.13149064116e-05, 7.73692372604e-05, 6.56704787616e-06, 5.5888609495e-05, 2.77381855085e-06, 5.07308470787e-07, 1.54293331889e-06, 1.85758835869e-06, 4.13599764215e-07, 1.70629760987e-07, 4.84147108182e-07, 5.64556557947e-07, 5.32839123935e-07, 5.10981635671e-07, 2.79471151998e-07, 2.66109594804e-07, 1.61699617252e-07, 1.27360806346e-07, 1.23724248624e-07, 3.22006570741e-07, 2.55004891869e-07, 1.97544565594e-07, 1.50828000756e-07, 1.56319856615e-07, 3.68245878235e-08, 8.60731717012e-08], "mean": [0.000630439899396, 0.00747519312426, 0.00275460444391, 0.00103683210909, 0.00251074368134, 0.000944905215874, 0.000462165626232, 0.000626103894319, 0.000871999363881, 0.00033656207961, 0.000216544358409, 0.000494743406307, 0.000513544655405, 0.000524386297911, 0.000528254080564, 0.000513273349497, 0.000560881337151, 0.000446107675089, 0.000485259777633, 0.00051842367975, 0.000558000581805, 0.000532738224138, 0.000412168184994, 0.000427878228948, 0.000319538783515, 0.000157795351697, 0.0001697705884]}, "melbands_flatness_db": {"min": 0.0167666599154, "max": 0.731462657452, "dvar2": 0.00220552226529, "median": 0.134694963694, "dmean2": 0.0477631688118, "dmean": 0.031816393137, "var": 0.00547892320901, "dvar": 0.00112359016202, "mean": 0.150373145938}, "melbands_skewness": {"min": -7.11653709412, "max": 31.1936340332, "dvar2": 5.12923669815, "median": 2.47565841675, "dmean2": 1.632573843, "dmean": 1.05666029453, "var": 7.46671819687, "dvar": 2.31089901924, "mean": 3.10779714584}, "barkbands_skewness": {"min": -7.65367126465, "max": 23.6502513885, "dvar2": 2.74065160751, "median": 0.875700235367, "dmean2": 1.05319845676, "dmean": 0.68984746933, "var": 3.17153739929, "dvar": 1.28315341473, "mean": 1.18039035797}, "silence_rate_60dB": {"min": 0, "max": 1, "dvar2": 0.022866692394, "median": 0, "dmean2": 0.0220051649958, "dmean": 0.0110013475642, "var": 0.0392912216485, "dvar": 0.0108813112602, "mean": 0.0409698076546}, "spectral_energyband_low": {"min": 1.06776441855e-10, "max": 0.106599502265, "dvar2": 0.000245868723141, "median": 0.00605787103996, "dmean2": 0.0102868704125, "dmean": 0.00639984477311, "var": 0.000183466836461, "dvar": 0.000100882985862, "mean": 0.0114536378533}, "spectral_energyband_middle_low": {"min": 1.47676232354e-10, "max": 0.102775134146, "dvar2": 0.00027998330188, "median": 0.00341178616509, "dmean2": 0.00792409945279, "dmean": 0.00478986185044, "var": 9.78300740826e-05, "dvar": 0.00010793277761, "mean": 0.0065747173503}, "melbands_kurtosis": {"min": -1.95075488091, "max": 1570.26745605, "dvar2": 7888.68457031, "median": 6.77022647858, "dmean2": 24.3483543396, "dmean": 15.2176990509, "var": 4631.66357422, "dvar": 3187.17651367, "mean": 21.8716926575}, "spectral_decrease": {"min": -3.35417027486e-08, "max": 1.32164404421e-10, "dvar2": 3.52417586826e-17, "median": -4.20075085827e-09, "dmean2": 3.90260224137e-09, "dmean": 2.46733944387e-09, "var": 2.45926139699e-17, "dvar": 1.46523779314e-17, "mean": -5.78800474216e-09}, "erbbands_kurtosis": {"min": -1.89942097664, "max": 56.4275627136, "dvar2": 4.87192153931, "median": 0.0634551048279, "dmean2": 1.44864070415, "dmean": 0.926507115364, "var": 5.15185499191, "dvar": 2.28016161919, "mean": 0.408577382565}, "melbands_crest": {"min": 2.35744905472, "max": 37.3628578186, "dvar2": 39.3708686829, "median": 16.1189193726, "dmean2": 7.74391651154, "dmean": 4.82992601395, "var": 49.9004325867, "dvar": 16.524471283, "mean": 16.6882953644}, "gfcc": {"cov": [[8672.94921875, -538.579650879, -221.09803772, 3.80198001862, -55.2753715515, -55.9448547363, -83.8297042847, -23.6670036316, 28.562379837, 26.2256240845, -116.59601593, -11.2065229416, -38.1263961792], [-538.579650879, 1363.43676758, -441.369720459, 66.0524978638, -12.2568302155, -63.0648727417, 41.8530006409, -8.69208717346, 24.663105011, 32.6047515869, 5.08974838257, -55.6903800964, -25.0812931061], [-221.09803772, -441.369720459, 1336.49304199, 135.226913452, 84.4797897339, 17.5458221436, -23.3859539032, 23.8973903656, -4.05033111572, -69.5645065308, 11.9143190384, 14.3219976425, 1.25494003296], [3.80198001862, 66.0524978638, 135.226913452, 444.339172363, 8.36341953278, 92.5536422729, 17.4159259796, 20.1608543396, -3.56114697456, -19.9130554199, -15.1959190369, 10.9232559204, 16.131816864], [-55.2753715515, -12.2568302155, 84.4797897339, 8.36341953278, 389.981964111, 70.5653839111, 44.1173973083, 10.4380502701, -5.760242939, 11.4536542892, 30.2848987579, 5.38212203979, 24.9456729889], [-55.9448547363, -63.0648727417, 17.5458221436, 92.5536422729, 70.5653839111, 209.249176025, 34.4988899231, 49.76953125, -18.994474411, 7.66645860672, 11.2297239304, 19.9920902252, 1.51514148712], [-83.8297042847, 41.8530006409, -23.3859539032, 17.4159259796, 44.1173973083, 34.4988899231, 175.91204834, 42.2267570496, 28.5287075043, 11.7082138062, 13.5902910233, -2.60914087296, -0.0913468971848], [-23.6670036316, -8.69208717346, 23.8973903656, 20.1608543396, 10.4380502701, 49.76953125, 42.2267570496, 131.665344238, 45.7465629578, 29.0142726898, -0.0480571612716, 21.9579849243, 2.80818009377], [28.562379837, 24.663105011, -4.05033111572, -3.56114697456, -5.760242939, -18.994474411, 28.5287075043, 45.7465629578, 100.16683197, 37.5226020813, 8.46430206299, 2.26830506325, 6.33053255081], [26.2256240845, 32.6047515869, -69.5645065308, -19.9130554199, 11.4536542892, 7.66645860672, 11.7082138062, 29.0142726898, 37.5226020813, 89.3286590576, 29.9413757324, 13.8996744156, -0.66495090723], [-116.59601593, 5.08974838257, 11.9143190384, -15.1959190369, 30.2848987579, 11.2297239304, 13.5902910233, -0.0480571612716, 8.46430206299, 29.9413757324, 75.2972335815, 26.89179039, 13.1889238358], [-11.2065229416, -55.6903800964, 14.3219976425, 10.9232559204, 5.38212203979, 19.9920902252, -2.60914087296, 21.9579849243, 2.26830506325, 13.8996744156, 26.89179039, 71.1407165527, 23.1652526855], [-38.1263961792, -25.0812931061, 1.25494003296, 16.131816864, 24.9456729889, 1.51514148712, -0.0913468971848, 2.80818009377, 6.33053255081, -0.66495090723, 13.1889238358, 23.1652526855, 58.9926834106]], "icov": [[0.000125007936731, 6.80567827658e-05, 4.079608334e-05, -3.65454870916e-05, -2.28623121075e-05, 4.72404790344e-05, 3.71989954147e-05, 4.63791802758e-05, -6.367117021e-05, -9.62128615356e-05, 0.000215290638153, -4.77406465507e-05, 0.00010151880997], [6.80567827658e-05, 0.000960090139415, 0.000360264151823, -0.000392713496694, -0.0001079254871, 0.000493228319101, -8.41074725031e-05, -0.000172427331563, -3.65563973901e-05, -9.94669971988e-05, -0.000390337372664, 0.000705746468157, 0.000405884842621], [4.079608334e-05, 0.000360264151823, 0.000995647045784, -0.000417443079641, -0.000283553119516, 0.000342789600836, 0.000244267837843, -0.000432320957771, -0.000241282439674, 0.000969495682511, -0.000680425320752, 0.000116765775601, 0.000547654635739], [-3.65454870916e-05, -0.000392713496694, -0.000417443079641, 0.00284032453783, 0.00028246891452, -0.00155075197108, -0.000169724051375, 0.000373072020011, -0.00033907071338, 0.000325610017171, 0.00101810717024, -0.00046428584028, -0.00106128735933], [-2.28623121075e-05, -0.0001079254871, -0.000283553119516, 0.00028246891452, 0.00304143386893, -0.00109193555545, -0.000620827137027, 0.000238224223722, 0.000381104706321, -0.000449578423286, -0.000738153874408, 0.000778132351115, -0.00158872327302], [4.72404790344e-05, 0.000493228319101, 0.000342789600836, -0.00155075197108, -0.00109193555545, 0.00717002013698, -0.000661735830363, -0.00305098854005, 0.00290042534471, -0.000466801167931, -0.00102563446853, -0.000445687328465, 0.00116659840569], [3.71989954147e-05, -8.41074725031e-05, 0.000244267837843, -0.000169724051375, -0.000620827137027, -0.000661735830363, 0.00682635232806, -0.00181541312486, -0.00156118988525, 0.00101936247665, -0.00166524748784, 0.00129440485034, 0.000449037033832], [4.63791802758e-05, -0.000172427331563, -0.000432320957771, 0.000373072020011, 0.000238224223722, -0.00305098854005, -0.00181541312486, 0.0122421868145, -0.005046967417, -0.00220003095455, 0.0037331613712, -0.00410299748182, 0.000549243879505], [-6.367117021e-05, -3.65563973901e-05, -0.000241282439674, -0.00033907071338, 0.000381104706321, 0.00290042534471, -0.00156118988525, -0.005046967417, 0.0154806980863, -0.00542625784874, -0.000381166842999, 0.00223391666077, -0.00247105932795], [-9.62128615356e-05, -9.94669971988e-05, 0.000969495682511, 0.000325610017171, -0.000449578423286, -0.000466801167931, 0.00101936247665, -0.00220003095455, -0.00542625784874, 0.0174443032593, -0.00658244546503, -0.00110898073763, 0.0027802947443], [0.000215290638153, -0.000390337372664, -0.000680425320752, 0.00101810717024, -0.000738153874408, -0.00102563446853, -0.00166524748784, 0.0037331613712, -0.000381166842999, -0.00658244546503, 0.0201555099338, -0.0068334043026, -0.00198864773847], [-4.77406465507e-05, 0.000705746468157, 0.000116765775601, -0.00046428584028, 0.000778132351115, -0.000445687328465, 0.00129440485034, -0.00410299748182, 0.00223391666077, -0.00110898073763, -0.0068334043026, 0.0209300741553, -0.00666991155595], [0.00010151880997, 0.000405884842621, 0.000547654635739, -0.00106128735933, -0.00158872327302, 0.00116659840569, 0.000449037033832, 0.000549243879505, -0.00247105932795, 0.0027802947443, -0.00198864773847, -0.00666991155595, 0.0214446410537]], "mean": [31.4701385498, 32.3706436157, -94.9306182861, 41.3720016479, -43.543762207, 16.7991523743, -29.904460907, 8.63903617859, -17.6418800354, 3.99584126472, -11.6391019821, 1.20483052731, -7.59526777267]}, "melbands_spread": {"min": 0.172830209136, "max": 325.19354248, "dvar2": 604.575378418, "median": 38.6624031067, "dmean2": 21.5254402161, "dmean": 13.6073513031, "var": 778.854492188, "dvar": 265.341186523, "mean": 42.4358673096}, "spectral_energy": {"min": 3.61569746365e-10, "max": 0.141730308533, "dvar2": 0.000593915290665, "median": 0.0184259843081, "dmean2": 0.01586057432, "dmean": 0.010208139196, "var": 0.000439376424765, "dvar": 0.000253980688285, "mean": 0.0250414740294}, "mfcc": {"cov": [[6997.59179688, -91.9425201416, -506.918457031, 70.5439453125, -185.165588379, 34.5340957642, -162.53012085, -42.2442474365, 25.6324062347, -24.2156906128, 17.479932785, 1.8277630806, -74.6806640625], [-91.9425201416, 991.188476562, -231.944320679, 21.8269309998, -15.329703331, -33.1295776367, 6.40844392776, -48.3131332397, 0.25978499651, 20.6547698975, 35.9822883606, 34.5704841614, 26.3814868927], [-506.918457031, -231.944320679, 1022.08184814, 164.883987427, 106.923042297, -7.92437887192, 1.4967559576, 62.3424453735, -8.16117763519, -18.4646587372, -2.92670583725, -23.5504417419, -18.7560329437], [70.5439453125, 21.8269309998, 164.883987427, 307.459259033, 63.7331733704, 57.4374427795, 22.705411911, 38.1776618958, 32.6644439697, 2.71778702736, 0.921960413456, 4.45708227158, 2.01280808449], [-185.165588379, -15.329703331, 106.923042297, 63.7331733704, 302.018188477, 69.9105377197, 72.0394287109, 23.3760147095, 17.0462722778, -7.48286294937, -12.9035539627, -1.63380169868, 4.69202375412], [34.5340957642, -33.1295776367, -7.92437887192, 57.4374427795, 69.9105377197, 148.585494995, 79.7990570068, 32.0295257568, 8.99669647217, 7.820104599, 2.44305443764, -3.12049531937, 3.02572369576], [-162.53012085, 6.40844392776, 1.4967559576, 22.705411911, 72.0394287109, 79.7990570068, 158.720932007, 57.5980682373, 16.6907997131, 11.2096643448, 6.22547960281, 2.94716382027, 14.4712305069], [-42.2442474365, -48.3131332397, 62.3424453735, 38.1776618958, 23.3760147095, 32.0295257568, 57.5980682373, 117.794776917, 43.6542930603, 17.9178714752, 7.20711374283, 3.83023071289, 9.14771652222], [25.6324062347, 0.25978499651, -8.16117763519, 32.6644439697, 17.0462722778, 8.99669647217, 16.6907997131, 43.6542930603, 86.26612854, 39.0491218567, 14.9185667038, 4.67879295349, 7.16903591156], [-24.2156906128, 20.6547698975, -18.4646587372, 2.71778702736, -7.48286294937, 7.820104599, 11.2096643448, 17.9178714752, 39.0491218567, 84.0002059937, 39.1814117432, 9.21975898743, 4.56537055969], [17.479932785, 35.9822883606, -2.92670583725, 0.921960413456, -12.9035539627, 2.44305443764, 6.22547960281, 7.20711374283, 14.9185667038, 39.1814117432, 73.5504074097, 30.4910163879, 9.41870212555], [1.8277630806, 34.5704841614, -23.5504417419, 4.45708227158, -1.63380169868, -3.12049531937, 2.94716382027, 3.83023071289, 4.67879295349, 9.21975898743, 30.4910163879, 65.1248550415, 30.1533737183], [-74.6806640625, 26.3814868927, -18.7560329437, 2.01280808449, 4.69202375412, 3.02572369576, 14.4712305069, 9.14771652222, 7.16903591156, 4.56537055969, 9.41870212555, 30.1533737183, 61.6812400818]], "icov": [[0.000161949166795, 3.07570153382e-05, 9.83884019661e-05, -8.39559797896e-05, 6.86121056788e-05, -0.000137364360853, 0.000208931844099, -2.787041376e-05, -9.72213092609e-05, 0.000153053159011, -0.000114273345389, -5.32648773515e-05, 0.000215677020606], [3.07570153382e-05, 0.00116880156565, 0.000311054842314, -0.000387014704756, -5.41954104847e-05, 0.000533429498319, -0.000357431039447, 0.000531678029802, 7.3476228863e-05, -9.54049173743e-05, -0.00049320270773, -0.000123834848637, -0.000238117019762], [9.83884019661e-05, 0.000311054842314, 0.00135366618633, -0.000804789247923, -0.000449312414275, 0.000630866445135, 0.00027663417859, -0.00081693608081, 0.000763419433497, 0.00020292121917, -0.000680933357216, 0.000571935321204, 0.000204089155886], [-8.39559797896e-05, -0.000387014704756, -0.000804789247923, 0.00431535765529, -0.000268259696895, -0.00186407600995, 0.000643891864456, -0.000400396122131, -0.00164888252039, 0.000530053046532, 0.0004517637135, -0.00070746144047, 0.00012777770462], [6.86121056788e-05, -5.41954104847e-05, -0.000449312414275, -0.000268259696895, 0.00427599344403, -0.00138493906707, -0.00139399513137, 0.000855154416058, -0.00126843235921, 0.0006553347921, 0.000957430398557, -0.000588303373661, 0.000161589734489], [-0.000137364360853, 0.000533429498319, 0.000630866445135, -0.00186407600995, -0.00138493906707, 0.0108818048611, -0.00470545515418, -0.000359248631867, 0.00150406733155, -0.000938941841014, -0.000612611242104, 0.00108897930477, 4.2862691771e-05], [0.000208931844099, -0.000357431039447, 0.00027663417859, 0.000643891864456, -0.00139399513137, -0.00470545515418, 0.0111215775833, -0.00447470322251, 0.000847561692353, -0.000100953875517, -0.00067904649768, 0.000688294647262, -0.00146365805995], [-2.787041376e-05, 0.000531678029802, -0.00081693608081, -0.000400396122131, 0.000855154416058, -0.000359248631867, -0.00447470322251, 0.0136788627133, -0.0062293317169, 0.000314601667924, 0.000357653916581, -0.000653772673104, -0.000557039107662], [-9.72213092609e-05, 7.3476228863e-05, 0.000763419433497, -0.00164888252039, -0.00126843235921, 0.00150406733155, 0.000847561692353, -0.0062293317169, 0.0189601071179, -0.00793589279056, 0.000508213415742, 0.000800152425654, -0.00120054720901], [0.000153053159011, -9.54049173743e-05, 0.00020292121917, 0.000530053046532, 0.0006553347921, -0.000938941841014, -0.000100953875517, 0.000314601667924, -0.00793589279056, 0.0201873648912, -0.0100220451131, 0.00244133500382, 8.84187465999e-06], [-0.000114273345389, -0.00049320270773, -0.000680933357216, 0.0004517637135, 0.000957430398557, -0.000612611242104, -0.00067904649768, 0.000357653916581, 0.000508213415742, -0.0100220451131, 0.0233891829848, -0.0105976192281, 0.00220621190965], [-5.32648773515e-05, -0.000123834848637, 0.000571935321204, -0.00070746144047, -0.000588303373661, 0.00108897930477, 0.000688294647262, -0.000653772673104, 0.000800152425654, 0.00244133500382, -0.0105976192281, 0.0253425966948, -0.0109320944175], [0.000215677020606, -0.000238117019762, 0.000204089155886, 0.00012777770462, 0.000161589734489, 4.2862691771e-05, -0.00146365805995, -0.000557039107662, -0.00120054720901, 8.84187465999e-06, 0.00220621190965, -0.0109320944175, 0.0221910979599]], "mean": [-618.063171387, 70.3303527832, 9.56778049469, 28.6866950989, 13.1932945251, 11.7540178299, 4.95260095596, 5.56473112106, 2.60547971725, 4.6286740303, 1.51178777218, 3.58259391785, -0.657850861549]}, "spectral_contrast_valleys": {"min": [-15.933218956, -15.7103471756, -16.050037384, -16.2592029572, -16.1181468964, -17.2373485565], "max": [-5.38534736633, -4.8118019104, -5.16484451294, -5.52340459824, -5.52013444901, -7.07690382004], "dvar2": [0.25729355216, 0.367431819439, 0.26564759016, 0.196903601289, 0.188123121858, 0.353099048138], "median": [-6.8375711441, -6.94247627258, -7.28692245483, -7.19090461731, -6.74307441711, -8.95061969757], "dmean2": [0.627536416054, 0.678568840027, 0.573945105076, 0.462648868561, 0.367541015148, 0.467405259609], "dmean": [0.384589493275, 0.430323541164, 0.363925635815, 0.302068829536, 0.247179284692, 0.345245838165], "var": [1.03733074665, 1.02033948898, 0.928328692913, 1.07036375999, 0.978437662125, 1.16685259342], "dvar": [0.109306015074, 0.160356327891, 0.122755266726, 0.100083515048, 0.107085488737, 0.184942275286], "mean": [-7.06617212296, -7.02504014969, -7.44164800644, -7.4129486084, -6.96281433105, -9.13983631134]}, "barkbands_flatness_db": {"min": 0.0136482669041, "max": 0.582617938519, "dvar2": 0.0013932507718, "median": 0.0717857778072, "dmean2": 0.0355653725564, "dmean": 0.0238089486957, "var": 0.00307150301524, "dvar": 0.000690776272677, "mean": 0.0870678424835}, "dynamic_complexity": 2.8182926178, "erbbands_flatness_db": {"min": 0.0302562229335, "max": 0.414401471615, "dvar2": 0.000644077954348, "median": 0.100446410477, "dmean2": 0.0261245034635, "dmean": 0.0173651576042, "var": 0.00165782787371, "dvar": 0.000304355809931, "mean": 0.108501590788}, "hfc": {"