{"lowlevel": {"spectral_complexity": {"min": 0, "max": 67, "dvar2": 39.6501159668, "median": 9, "dmean2": 4.00557756424, "dmean": 2.58246684074, "var": 91.6542205811, "dvar": 18.8071269989, "mean": 11.2923784256}, "silence_rate_20dB": {"min": 1, "max": 1, "dvar2": 0, "median": 1, "dmean2": 0, "dmean": 0, "var": 0, "dvar": 0, "mean": 1}, "average_loudness": 0.460328310728, "erbbands_spread": {"min": 0.886094808578, "max": 227.267425537, "dvar2": 483.497772217, "median": 30.010723114, "dmean2": 15.5884160995, "dmean": 10.4544868469, "var": 693.967590332, "dvar": 238.593948364, "mean": 36.9899520874}, "spectral_kurtosis": {"min": -1.26806020737, "max": 111.772880554, "dvar2": 13.4502325058, "median": 4.40711402893, "dmean2": 2.56849575043, "dmean": 1.60835134983, "var": 21.6924743652, "dvar": 6.02949094772, "mean": 5.26699066162}, "barkbands_kurtosis": {"min": -1.94254851341, "max": 2058.22021484, "dvar2": 5846.46826172, "median": 4.55886077881, "dmean2": 17.9370880127, "dmean": 11.1179895401, "var": 2826.61108398, "dvar": 2190.32324219, "mean": 15.2643728256}, "spectral_strongpeak": {"min": 0, "max": 16.0972671509, "dvar2": 1.68571269512, "median": 0.377406716347, "dmean2": 0.713185071945, "dmean": 0.432618111372, "var": 2.45687818527, "dvar": 0.690081179142, "mean": 0.96159863472}, "spectral_spread": {"min": 948668.4375, "max": 41809112, "dvar2": 4328495513600.0, "median": 4617751, "dmean2": 1457955.375, "dmean": 1020795.75, "var": 7570222219260.0, "dvar": 2540365414400.0, "mean": 5562308}, "spectral_rms": {"min": 3.17947447884e-12, "max": 0.0153646804392, "dvar2": 3.08301127916e-06, "median": 0.00338548701257, "dmean2": 0.00115352962166, "dmean": 0.000788137956988, "var": 6.10171309745e-06, "dvar": 1.39865846904e-06, "mean": 0.00374892726541}, "erbbands": {"min": [4.39580155525e-22, 3.6447225688e-21, 6.769775784e-21, 1.60823362749e-20, 1.5789847149e-20, 5.49329093833e-20, 9.66249706804e-20, 2.0465005409e-19, 2.76253922765e-19, 2.03102605959e-19, 5.40234759986e-19, 1.07040035377e-18, 1.07107016327e-18, 1.12691157546e-18, 1.71296676471e-18, 2.2436016801e-18, 1.8678780479e-18, 2.82844980604e-18, 2.18425581384e-18, 3.29472200475e-18, 5.92378488722e-18, 6.74406226397e-18, 6.81131949239e-18, 8.74948804003e-18, 1.25116874457e-17, 1.03706917303e-17, 9.54185841086e-18, 1.18495012412e-17, 1.46632603195e-17, 1.27955857581e-17, 1.42946967627e-17, 1.21644130363e-17, 1.17206058222e-17, 7.97594760866e-18, 5.85566325505e-18, 5.32658695473e-18, 2.50164398091e-18, 1.07873636979e-18, 2.69340088711e-19, 3.36019925682e-20], "max": [10.5115385056, 29.654964447, 74.6569366455, 104.80368042, 159.492446899, 245.117492676, 200.211791992, 419.260925293, 750.941467285, 1617.99719238, 1679.4041748, 2520.48925781, 3357.01025391, 1971.94238281, 1218.20935059, 4445.85888672, 4240.59814453, 3854.58081055, 2232.98193359, 1931.56958008, 827.672180176, 1537.01806641, 538.630126953, 786.360046387, 507.774993896, 563.766479492, 383.839111328, 348.730712891, 349.357269287, 197.042129517, 160.020797729, 157.345825195, 62.4260673523, 51.135471344, 24.1956424713, 10.4123106003, 10.6266145706, 2.12808036804, 0.125305309892, 0.00467120483518], "dvar2": [1.93531763554, 9.82288455963, 46.7834777832, 29.9407863617, 42.8636779785, 232.702148438, 137.021728516, 343.828948975, 1822.20349121, 5329.65722656, 4360.99316406, 7089.10595703, 13671.3056641, 6009.50537109, 3697.65258789, 19958.25, 9573.63867188, 14943.0205078, 4935.6640625, 3187.20532227, 2527.75952148, 7465.31005859, 1272.10705566, 1666.44543457, 1737.8762207, 1510.09362793, 408.937469482, 429.859039307, 161.373001099, 67.5098724365, 41.4502029419, 30.6247272491, 9.15727996826, 2.92247080803, 1.32048988342, 2.07890176773, 1.36862909794, 0.0954270362854, 0.000305470195599, 2.40791962369e-07], "median": [0.00368077587336, 0.0322353839874, 0.101022571325, 0.179736703634, 0.430454969406, 1.40079081059, 2.72777795792, 3.32714700699, 4.90592765808, 5.62483501434, 4.22060680389, 4.50953578949, 2.5676305294, 2.56595849991, 2.86762022972, 2.89239501953, 2.35462832451, 1.20069694519, 1.15659618378, 0.950649142265, 0.914657771587, 1.36676156521, 1.23919034004, 1.26567459106, 1.80723166466, 1.23657035828, 0.979640543461, 0.804364860058, 0.646474957466, 0.525464475155, 0.369863033295, 0.235764339566, 0.182500854135, 0.101889923215, 0.0468992032111, 0.0203953422606, 0.00714891590178, 0.00150114123244, 0.000221269525355, 3.85144739994e-05], "dmean2": [0.433046579361, 1.13552892208, 1.48841047287, 1.44390153885, 1.86897361279, 4.53680562973, 4.61374998093, 7.25236368179, 14.6198768616, 20.7870330811, 17.0320529938, 20.3407020569, 26.2066764832, 19.6421871185, 19.3744487762, 36.7040481567, 24.9894638062, 23.2322006226, 14.9355344772, 11.964225769, 12.8632125854, 19.1067905426, 11.6003723145, 13.8301820755, 14.0960845947, 10.6584177017, 6.54584264755, 5.869764328, 4.13195180893, 2.77220225334, 2.00686955452, 1.57142007351, 1.11382389069, 0.589135408401, 0.468003183603, 0.59734326601, 0.436142891645, 0.123342096806, 0.00730187864974, 0.000205010757782], "dmean": [0.275204390287, 0.741278648376, 0.862166702747, 0.8345656991, 1.15524303913, 2.76322007179, 3.04903531075, 4.66766023636, 9.64429092407, 13.9233016968, 11.2287378311, 13.3742227554, 17.397108078, 13.048169136, 12.2034540176, 22.678812027, 16.3755569458, 14.7454891205, 9.41284561157, 7.69427633286, 7.84220314026, 11.2692947388, 6.98277425766, 8.58922958374, 8.47252178192, 6.41591596603, 3.9997844696, 3.63091635704, 2.62851667404, 1.79056632519, 1.3093354702, 1.08625352383, 0.740284979343, 0.409518241882, 0.32337847352, 0.380987614393, 0.285006135702, 0.0796949788928, 0.00478810118511, 0.000137197275762], "var": [0.984992206097, 7.43920564651, 12.3436765671, 9.49534225464, 30.7266788483, 124.788032532, 160.040557861, 326.561706543, 1768.68383789, 6490.85253906, 4832.29882812, 8362.03417969, 21759.4453125, 7435.92138672, 4106.9375, 17356.3085938, 21381.5488281, 29638.0527344, 7939.0625, 2592.94458008, 1574.88928223, 2740.04370117, 737.760803223, 1451.0201416, 996.311584473, 677.584960938, 268.379425049, 227.934661865, 120.084777832, 52.5686950684, 36.9341011047, 35.3686103821, 9.3918094635, 3.14892506599, 1.5599193573, 1.28910243511, 0.725825369358, 0.0432934686542, 0.000158602168085, 1.38220329404e-07], "dvar": [0.804534673691, 4.7410235405, 16.6648254395, 10.696308136, 17.1323184967, 86.4683456421, 62.3034477234, 146.598815918, 795.537475586, 2317.16259766, 1889.53918457, 3245.76928711, 6010.54833984, 2564.13891602, 1589.76098633, 8217.99414062, 4788.046875, 5808.61035156, 2112.09545898, 1367.6217041, 975.104309082, 2763.63208008, 483.347320557, 670.623962402, 657.552978516, 562.643554688, 157.29309082, 166.088806152, 68.7159423828, 29.2560806274, 18.0674953461, 13.4789943695, 4.22644758224, 1.37345302105, 0.650695443153, 0.937968254089, 0.635576605797, 0.0438012070954, 0.000147754864884, 1.21123363783e-07], "mean": [0.37548404932, 0.998195052147, 0.912186801434, 1.06453609467, 1.90616464615, 4.62725877762, 6.33894681931, 9.04638671875, 18.0510120392, 28.1116523743, 20.7533435822, 22.9045028687, 33.23670578, 24.707025528, 20.2948875427, 31.6129245758, 28.1612319946, 30.2491168976, 17.895324707, 12.3181152344, 11.4124937057, 13.9062490463, 10.3785009384, 14.0389814377, 12.6642856598, 9.21970176697, 6.30105257034, 5.38656139374, 4.39089155197, 3.19785714149, 2.43724036217, 2.13879776001, 1.3119263649, 0.753766536713, 0.507512390614, 0.420315951109, 0.278800517321, 0.0687003657222, 0.00444234907627, 0.00015559559688]}, "zerocrossingrate": {"min": 0.00146484375, "max": 0.6103515625, "dvar2": 0.00111642933916, "median": 0.0498046875, "dmean2": 0.022028002888, "dmean": 0.0190069135278, "var": 0.00498915556818, "dvar": 0.000914734846447, "mean": 0.0714352875948}, "spectral_contrast_coeffs": {"min": [-0.972383022308, -0.992711365223, -0.989502429962, -0.983336091042, -0.983066439629, -0.962057769299], "max": [-0.240322932601, -0.3520373106, -0.38551980257, -0.439228981733, -0.537940144539, -0.591141879559], "dvar2": [0.00363217480481, 0.00319971772842, 0.00296428170986, 0.00160984054673, 0.000783171853982, 0.0011111209169], "median": [-0.657627224922, -0.710134744644, -0.748887896538, -0.781807541847, -0.804515898228, -0.782198190689], "dmean2": [0.0700666829944, 0.0659993812442, 0.0633503124118, 0.0489035435021, 0.0336904376745, 0.0310028847307], "dmean": [0.0429589040577, 0.0415502041578, 0.0397932380438, 0.0308326743543, 0.0211876407266, 0.0199085474014], "var": [0.0143467057496, 0.00770064117387, 0.00600304920226, 0.00456679100171, 0.00290914927609, 0.00208327849396], "dvar": [0.00141174730379, 0.0013253944926, 0.00118847901467, 0.00068042986095, 0.000340403115842, 0.000485094904434], "mean": [-0.649455189705, -0.70167273283, -0.739849984646, -0.771943569183, -0.797151386738, -0.779849171638]}, "dissonance": {"min": 0.11372372508, "max": 0.5, "dvar2": 0.00174747908022, "median": 0.453489482403, "dmean2": 0.0426552183926, "dmean": 0.0258754882962, "var": 0.00186767720152, "dvar": 0.000661609752569, "mean": 0.443210244179}, "spectral_energyband_high": {"min": 7.35523750024e-21, "max": 0.0229824688286, "dvar2": 2.2974274998e-06, "median": 0.000144114106661, "dmean2": 0.000610760005657, "dmean": 0.000422781013185, "var": 2.20981587518e-06, "dvar": 1.0987071164e-06, "mean": 0.000760632217862}, "spectral_skewness": {"min": -0.306664705276, "max": 8.79911518097, "dvar2": 0.180919349194, "median": 1.64729964733, "dmean2": 0.37869143486, "dmean": 0.246496453881, "var": 0.430825024843, "dvar": 0.085354924202, "mean": 1.73342192173}, "spectral_flux": {"min": 6.57689180894e-11, "max": 0.361505538225, "dvar2": 0.00274327024817, "median": 0.0472149550915, "dmean2": 0.0360826551914, "dmean": 0.022955397144, "var": 0.00329159386456, "dvar": 0.00117351033259, "mean": 0.0639360547066}, "silence_rate_30dB": {"min": 0, "max": 1, "dvar2": 0.0565618686378, "median": 1, "dmean2": 0.0485707633197, "dmean": 0.0242839716375, "var": 0.0195282697678, "dvar": 0.0236918516457, "mean": 0.980074346066}, "spectral_energyband_middle_high": {"min": 1.3380221961e-21, "max": 0.152413263917, "dvar2": 7.51182378735e-05, "median": 0.000714387046173, "dmean2": 0.00300082983449, "dmean": 0.00190688704606, "var": 9.53219496296e-05, "dvar": 2.95239533443e-05, "mean": 0.00440848758444}, "barkbands_spread": {"min": 0.0664470344782, "max": 129.85723877, "dvar2": 264.204681396, "median": 13.5118961334, "dmean2": 11.141327858, "dmean": 7.46932172775, "var": 340.158660889, "dvar": 131.448944092, "mean": 19.5369338989}, "spectral_centroid": {"min": 47.5415229797, "max": 11297.0869141, "dvar2": 304546.65625, "median": 1003.68640137, "dmean2": 381.648742676, "dmean": 256.047149658, "var": 735820.0625, "dvar": 150666.046875, "mean": 1248.79016113}, "pitch_salience": {"min": 0.00676066009328, "max": 0.993834614754, "dvar2": 0.013549936004, "median": 0.50953567028, "dmean2": 0.118441365659, "dmean": 0.0754719823599, "var": 0.0281981788576, "dvar": 0.00572762591764, "mean": 0.484856873751}, "erbbands_skewness": {"min": -4.47871255875, "max": 16.3742713928, "dvar2": 0.765551924706, "median": 0.859299838543, "dmean2": 0.737314224243, "dmean": 0.488663077354, "var": 1.48320412636, "dvar": 0.347133725882, "mean": 0.925723016262}, "erbbands_crest": {"min": 2.36440038681, "max": 34.151676178, "dvar2": 18.9760131836, "median": 9.74328613281, "dmean2": 4.62219905853, "dmean": 2.93536400795, "var": 35.1155319214, "dvar": 8.11635684967, "mean": 11.3364992142}, "melbands": {"min": [4.0618747777e-24, 4.98954680324e-24, 5.53469583712e-24, 2.46853115475e-24, 2.8385173717e-24, 5.3554283797e-24, 3.85126784867e-24, 2.38315273898e-24, 4.4503457806e-24, 7.59850939862e-24, 4.14826135771e-24, 3.88331690066e-24, 3.62161426751e-24, 6.9236712375e-24, 4.32994549051e-24, 4.96123182434e-24, 3.63771728516e-24, 2.94160216493e-24, 4.13180966353e-24, 2.73907573536e-24, 7.46951249682e-24, 6.68031474799e-24, 6.71419316842e-24, 5.18933489939e-24, 5.94866913536e-24, 7.02461072349e-24, 6.3272399339e-24, 6.58541675324e-24, 5.13557678971e-24, 6.84824587977e-24, 5.98866872199e-24, 7.75313008035e-24, 7.85340771204e-24, 6.15885284052e-24, 7.39759599239e-24, 6.95576131026e-24, 8.12200617279e-24, 8.78134558371e-24, 6.85192670475e-24, 6.15799692644e-24], "max": [0.0711956173182, 0.0315825007856, 0.0153408031911, 0.0122640673071, 0.00567901413888, 0.0113408612087, 0.00969338044524, 0.0157111715525, 0.0129809509963, 0.0161907207221, 0.0171491336077, 0.00959659554064, 0.00422233343124, 0.00769652193412, 0.00810625776649, 0.00680055981502, 0.00773448031396, 0.00490019703284, 0.00299452710897, 0.00163712108042, 0.00103324430529, 0.00215244130231, 0.000681760080624, 0.000502150447574, 0.000755171407945, 0.000501259521116, 0.000370151305106, 0.000466628698632, 0.000282198219793, 0.000179403607035, 0.000255653867498, 0.000225506155402, 0.000147028127685, 0.000111164205009, 9.74782306002e-05, 8.58262574184e-05, 9.46130094235e-05, 4.82757968712e-05, 5.35643084731e-05, 4.22440607508e-05], "dvar2": [7.7045733633e-05, 8.45679369377e-06, 7.97999234692e-07, 6.20624746261e-07, 1.55621876274e-07, 1.89007835161e-07, 4.00070376827e-07, 5.46758315068e-07, 2.98045989666e-07, 2.91576469635e-07, 3.61613075484e-07, 1.23830105281e-07, 5.59931869759e-08, 1.20706928897e-07, 6.71555753229e-08, 6.25959017952e-08, 6.03913932196e-08, 1.8723486761e-08, 7.79883624347e-09, 3.31577187929e-09, 4.63419613794e-09, 9.31162169593e-09, 3.60311269709e-09, 9.24200271868e-10, 1.39362055229e-09, 1.0799007244e-09, 1.13720344252e-09, 6.90528412228e-10, 1.52591481117e-10, 2.17161039151e-10, 1.33283079018e-10, 5.74724469404e-11, 3.7628636318e-11, 2.12079815515e-11, 1.86269055735e-11, 1.172183791e-11, 1.13247172057e-11, 5.28209203807e-12, 3.27890882848e-12, 2.2494046556e-12], "median": [3.80218552891e-05, 6.59624784021e-05, 3.72003923985e-05, 6.63458195049e-05, 0.000100025514257, 7.58535388741e-05, 7.58601381676e-05, 5.69998337596e-05, 3.28437236021e-05, 2.33353639487e-05, 1.07058012873e-05, 9.14311294764e-06, 7.68559493736e-06, 7.03925206835e-06, 6.17991554464e-06, 3.05663206746e-06, 1.63028744282e-06, 1.56067994794e-06, 1.39638825658e-06, 8.06535979336e-07, 1.01004252429e-06, 1.26327938688e-06, 1.0751012951e-06, 8.95920948096e-07, 7.90715205312e-07, 1.24064149531e-06, 1.0127787391e-06, 7.07825790869e-07, 5.30415377398e-07, 4.88246143959e-07, 4.40229655396e-07, 3.41492693678e-07, 3.29703539137e-07, 2.5564318662e-07, 2.21256215127e-07, 1.47926243699e-07, 1.32348503712e-07, 1.29854811348e-07, 1.00530868963e-07, 7.39035783681e-08], "dmean2": [0.00285471766256, 0.000856014376041, 0.000251919904258, 0.00022688502213, 0.000168370839674, 0.000169214748894, 0.00022889416141, 0.000212246683077, 0.000141149401315, 0.000127049017465, 0.000132240806124, 8.36585604702e-05, 6.31329094176e-05, 0.000103605118056, 6.65134648443e-05, 5.65540140087e-05, 4.46369340352e-05, 2.60380584223e-05, 1.93928153749e-05, 1.32505156216e-05, 1.78372411028e-05, 2.1658890546e-05, 1.51051926878e-05, 1.05636008811e-05, 1.20907443488e-05, 1.16234314191e-05, 9.64921673585e-06, 7.0350047281e-06, 4.16620787291e-06, 4.37386233898e-06, 3.21395805258e-06, 2.4378236958e-06, 2.15430577555e-06, 1.50127902998e-06, 1.33723176532e-06, 1.02379590317e-06, 9.5700215752e-07, 8.59125862007e-07, 6.50690708426e-07, 5.04502622789e-07], "dmean": [0.00185757130384, 0.0005374433822, 0.000147045429912, 0.000138572024298, 0.000109515698568, 0.000109059372335, 0.000151481333887, 0.000141898708534, 9.25364438444e-05, 8.38121050037e-05, 8.76443446032e-05, 5.53829559067e-05, 4.11835826526e-05, 6.18721533101e-05, 4.34704452346e-05, 3.62995779142e-05, 2.82146138488e-05, 1.64957582456e-05, 1.23643076222e-05, 8.40955453896e-06, 1.07748173832e-05, 1.2884818716e-05, 8.79837989487e-06, 6.40875259705e-06, 7.49135051592e-06, 7.03978912497e-06, 5.72000590182e-06, 4.20370406573e-06, 2.52662061939e-06, 2.6250229439e-06, 2.00082149604e-06, 1.52995039571e-06, 1.35606182994e-06, 9.58787268246e-07, 8.40089455778e-07, 7.19882450539e-07, 6.37891446331e-07, 5.62490185985e-07, 4.37096787209e-07, 3.42804582942e-07], "var": [4.52121275885e-05, 4.44020133727e-06, 2.91103248173e-07, 3.39688966733e-07, 1.71680639482e-07, 1.8535367019e-07, 4.38830511484e-07, 6.37254458979e-07, 3.19797436532e-07, 3.22701339428e-07, 5.53025984118e-07, 1.32094285732e-07, 7.65907799405e-08, 8.6204501315e-08, 1.14016941666e-07, 8.3528860273e-08, 1.25012135754e-07, 2.7071088482e-08, 8.08380207218e-09, 2.77335798771e-09, 2.86711454578e-09, 3.83529563663e-09, 1.26715871129e-09, 6.84641732196e-10, 1.19389720332e-09, 7.63573593243e-10, 4.76507056035e-10, 3.01377811596e-10, 1.11397689684e-10, 1.02475562758e-10, 7.30388388659e-11, 4.41861026934e-11, 2.57986271235e-11, 1.497507153e-11, 1.25818661045e-11, 1.88591503525e-11, 1.07157494683e-11, 5.1246663163e-12, 3.17661131774e-12, 2.10280729461e-12], "dvar": [3.32740819431e-05, 3.49989636561e-06, 2.87175112135e-07, 2.34899616203e-07, 6.59944134895e-08, 8.12386318216e-08, 1.75237062194e-07, 2.38537836594e-07, 1.29296736873e-07, 1.32135028252e-07, 1.5853042612e-07, 5.15829050585e-08, 2.53968739372e-08, 4.8685585341e-08, 3.42531976116e-08, 2.74539182499e-08, 2.34312107494e-08, 8.18238188316e-09, 3.70802077931e-09, 1.41081679672e-09, 1.78943182494e-09, 3.49410811396e-09, 1.32275945752e-09, 3.61967095186e-10, 5.65044400158e-10, 4.15511763885e-10, 4.27540836068e-10, 2.55579807318e-10, 6.01027907998e-11, 7.97928112473e-11, 5.22083903887e-11, 2.47950653065e-11, 1.56989837796e-11, 8.86619336976e-12, 7.71371421598e-12, 5.75573052761e-12, 4.72583777666e-12, 2.35891449603e-12, 1.52054974514e-12, 1.00529209523e-12], "mean": [0.002590138698, 0.000731407606509, 0.000204282434424, 0.000229992481763, 0.000226840245887, 0.000211265738471, 0.000295981473755, 0.000281648040982, 0.000164881770615, 0.000138947623782, 0.000163508797414, 9.82768469839e-05, 7.3604976933e-05, 7.61448027333e-05, 6.89419248374e-05, 5.7523506257e-05, 5.64209876757e-05, 2.90716616291e-05, 1.90157315956e-05, 1.26629138322e-05, 1.45646190504e-05, 1.57341364684e-05, 1.02983094621e-05, 9.69367829384e-06, 1.1487417396e-05, 1.03088459582e-05, 7.39051029086e-06, 5.75628700972e-06, 3.8361931729e-06, 3.67751385966e-06, 2.90248021884e-06, 2.46517606683e-06, 2.21404980039e-06, 1.60940282967e-06, 1.37076369811e-06, 1.47084745095e-06, 1.20339291243e-06, 9.57722136263e-07, 7.54253676405e-07, 5.9519112483e-07]}, "spectral_entropy": {"min": 3.96618127823, "max": 9.81536579132, "dvar2": 0.114700309932, "median": 7.4456319809, "dmean2": 0.295570403337, "dmean": 0.209995031357, "var": 0.391635745764, "dvar": 0.0670797601342, "mean": 7.39289569855}, "spectral_rolloff": {"min": 21.533203125, "max": 19164.5507812, "dvar2": 10329607, "median": 775.1953125, "dmean2": 1440.33361816, "dmean": 852.247070312, "var": 8554382, "dvar": 4761875.5, "mean": 1860.88806152}, "barkbands": {"min": [9.19748312185e-25, 1.59371770079e-23, 8.52237043713e-24, 5.64859512449e-24, 1.22665283298e-23, 2.84081149755e-23, 9.97315427273e-24, 1.7140436013e-23, 6.70120930678e-23, 2.22167654044e-23, 2.10292047313e-23, 5.02754023771e-23, 3.59095510954e-23, 2.67220825627e-23, 5.20743239408e-23, 7.08811465745e-23, 1.28985826197e-22, 1.0433521033e-22, 1.90301005621e-22, 2.04194158827e-22, 3.27446922618e-22, 3.93878048028e-22, 4.80450218609e-22, 7.20933645151e-22, 7.96652932455e-22, 1.48882190697e-21, 2.18746438766e-21], "max": [0.0336617976427, 0.199247509241, 0.08614346385, 0.02315287292, 0.0535449497402, 0.0589578598738, 0.054629214108, 0.074257209897, 0.0904089435935, 0.120043061674, 0.0411412231624, 0.093386374414, 0.0790109857917, 0.0647793486714, 0.0339585989714, 0.0220818258822, 0.0255012940615, 0.00910453870893, 0.0114651294425, 0.00986653380096, 0.00754556525499, 0.00840753968805, 0.00559292454273, 0.00542747741565, 0.00356152909808, 0.00377925019711, 0.00104418955743], "dvar2": [1.28582787511e-05, 0.00055343209533, 4.09202039009e-05, 1.56976466315e-06, 9.77984655037e-06, 4.17277033193e-06, 1.16558749141e-05, 8.44136866363e-06, 1.1713396816e-05, 1.48945109686e-05, 3.24586653733e-06, 1.02263011286e-05, 6.32345381746e-06, 5.38374524695e-06, 1.58766522418e-06, 6.50825938919e-07, 2.57011674876e-06, 3.40826431966e-07, 6.22058678346e-07, 7.40584994219e-07, 2.5790888003e-07, 9.29292340857e-08, 5.34442108346e-08, 4.26368060857e-08, 2.23118856724e-08, 2.38499893612e-07, 1.86354167653e-08], "median": [2.22590642807e-06, 0.000143125289469, 7.3451345088e-05, 4.60187075078e-05, 0.000418900861405, 0.000430432381108, 0.000332562136464, 0.000193699204829, 0.000157937625772, 7.64356300351e-05, 4.80746202811e-05, 5.48888056073e-05, 3.71996939066e-05, 1.58114635269e-05, 2.08593628486e-05, 1.13553578558e-05, 2.51466954069e-05, 2.0279245291e-05, 3.21203551721e-05, 2.41554935201e-05, 2.21068967221e-05, 1.78646969289e-05, 1.35880800372e-05, 1.12558409455e-05, 8.20054629003e-06, 4.21205641032e-06, 1.42716862683e-06], "dmean2": [0.0009768193122, 0.00793528184295, 0.001357771107, 0.000386738858651, 0.00104390596971, 0.000829216383863, 0.00121947028674, 0.000829281983897, 0.000864651286975, 0.000862866989337, 0.000437514507212, 0.000884970708285, 0.000580021820497, 0.000395489681978, 0.000297870399663, 0.000198884430574, 0.000384855055017, 0.000211039980059, 0.000288892653771, 0.000230584439123, 0.000156530746608, 0.000102819991298, 7.31013060431e-05, 6.77036950947e-05, 5.58415886189e-05, 0.000199089961825, 5.44481445104e-05], "dmean": [0.000678501673974, 0.00524695497006, 0.000762734678574, 0.00022978267225, 0.000645798631012, 0.000539308646694, 0.000821018300485, 0.000543967005797, 0.000564023270272, 0.000573510536924, 0.000289659947157, 0.000534627237357, 0.000366506341379, 0.000251401244896, 0.000186347984709, 0.000122669065604, 0.000227402648306, 0.000128050451167, 0.000176880144863, 0.000137784518301, 9.55751311267e-05, 6.69560904498e-05, 4.80672024423e-05, 4.66517776658e-05, 3.88175030821e-05, 0.000130126689328, 3.53293617081e-05], "var": [9.31110207603e-06, 0.000355197524186, 9.55537416303e-06, 8.96597498468e-07, 6.39995687379e-06, 4.49634489996e-06, 1.51985559569e-05, 9.23973493627e-06, 1.29802310767e-05, 1.78184709512e-05, 4.72064857604e-06, 8.55474900163e-06, 9.7921329143e-06, 1.09081975097e-05, 1.70636906205e-06, 4.39538609953e-07, 1.0649032447e-06, 2.36619726479e-07, 5.00120449942e-07, 3.08045486008e-07, 1.48528499722e-07, 7.77216939696e-08, 5.07921100734e-08, 4.63082905355e-08, 2.49112499517e-08, 1.36713808274e-07, 8.85120599037e-09], "dvar": [5.96446079726e-06, 0.000245152710704, 1.41987611642e-05, 5.83732969517e-07, 3.72071508536e-06, 1.85257329122e-06, 5.16509635418e-06, 3.74375940737e-06, 5.20676121596e-06, 6.42727172817e-06, 1.51974450091e-06, 4.18074887421e-06, 2.82961468656e-06, 2.10344637708e-06, 6.99727991105e-07, 2.62442966914e-07, 9.53810854298e-07, 1.32865821456e-07, 2.44396204607e-07, 2.74340862916e-07, 9.7942503885e-08, 4.11437142134e-08, 2.34621921891e-08, 1.92551663503e-08, 1.06797628519e-08, 1.13062050389e-07, 8.73936745194e-09], "mean": [0.00109671102837, 0.00733484933153, 0.000733527587727, 0.000333897041855, 0.00116683694068, 0.00107716594357, 0.00163624912966, 0.000945381761994, 0.000931309477892, 0.00100596365519, 0.000539143802598, 0.000692825473379, 0.00057633157121, 0.000515325053129, 0.000295163335977, 0.000166566780536, 0.000283719768049, 0.000189079903066, 0.000279272004263, 0.000188055768376, 0.000146597274579, 0.00011770164565, 9.07443027245e-05, 8.83022948983e-05, 6.66134583298e-05, 0.000131208158564, 3.13468954118e-05]}, "melbands_flatness_db": {"min": 0.000705475860741, "max": 0.946123123169, "dvar2": 0.00269431644119, "median": 0.224527880549, "dmean2": 0.0458102114499, "dmean": 0.0320542752743, "var": 0.012156075798, "dvar": 0.00135703780688, "mean": 0.238556310534}, "melbands_skewness": {"min": -3.39298534393, "max": 52.7453689575, "dvar2": 5.62607431412, "median": 2.53228855133, "dmean2": 1.61014795303, "dmean": 1.07504153252, "var": 9.91981697083, "dvar": 2.74239253998, "mean": 3.25283932686}, "barkbands_skewness": {"min": -6.56904649734, "max": 38.7650184631, "dvar2": 4.53684997559, "median": 1.82727360725, "dmean2": 1.36545729637, "dmean": 0.907563269138, "var": 5.42149591446, "dvar": 1.91012334824, "mean": 2.26362156868}, "silence_rate_60dB": {"min": 0, "max": 1, "dvar2": 0.0982976704836, "median": 0, "dmean2": 0.094585172832, "dmean": 0.0472898408771, "var": 0.176938936114, "dvar": 0.0450595840812, "mean": 0.229754850268}, "spectral_energyband_low": {"min": 3.11628551218e-23, "max": 0.220503106713, "dvar2": 0.000685220875312, "median": 0.000519032357261, "dmean2": 0.00907075684518, "dmean": 0.00601566582918, "var": 0.0004918318009, "dvar": 0.000298505561659, "mean": 0.00929446611553}, "spectral_energyband_middle_low": {"min": 2.30198220194e-22, "max": 0.100366972387, "dvar2": 6.10252318438e-05, "median": 0.00312909856439, "dmean2": 0.00373410643078, "dmean": 0.00244862190448, "var": 8.31543438835e-05, "dvar": 2.61738368863e-05, "mean": 0.00660428730771}, "melbands_kurtosis": {"min": -1.9164005518, "max": 4175.85839844, "dvar2": 14717.7626953, "median": 10.4710512161, "dmean2": 31.4676971436, "dmean": 20.7819805145, "var": 14915.1611328, "dvar": 7413.89453125, "mean": 33.5588493347}, "spectral_decrease": {"min": -6.11903132608e-08, "max": 6.90216633847e-11, "dvar2": 5.39240794946e-17, "median": -2.78359491013e-09, "dmean2": 3.45814266112e-09, "dmean": 2.27456697921e-09, "var": 4.59708570189e-17, "dvar": 2.29989479494e-17, "mean": -5.07581487952e-09}, "erbbands_kurtosis": {"min": -1.91983759403, "max": 377.556213379, "dvar2": 114.052909851, "median": 0.864866614342, "dmean2": 3.24663639069, "dmean": 2.05545735359, "var": 101.898536682, "dvar": 48.4067153931, "mean": 2.77184057236}, "melbands_crest": {"min": 1.11454236507, "max": 38.2719802856, "dvar2": 29.4560108185, "median": 16.4731254578, "dmean2": 5.4813079834, "dmean": 3.48458623886, "var": 71.3676605225, "dvar": 12.3979358673, "mean": 18.1236038208}, "gfcc": {"cov": [[14219.2646484, -973.880554199, -1086.28161621, 413.300964355, -594.066772461, 90.2376174927, -551.406433105, 110.058265686, -378.87612915, -1.21349024773, -251.291778564, 61.7116508484, -94.1469497681], [-973.880554199, 2435.66870117, 270.49798584, 146.743392944, 327.636901855, -38.9438858032, 309.924865723, -10.1111106873, 265.775756836, -55.0903396606, 218.411148071, -71.4462509155, 174.496383667], [-1086.28161621, 270.49798584, 2096.96557617, 388.482727051, 430.462310791, 297.766082764, 205.637069702, 168.823730469, 70.9999694824, 97.4040603638, 25.6639442444, 163.440109253, 39.2437705994], [413.300964355, 146.743392944, 388.482727051, 746.689147949, 282.811462402, 221.864257812, 103.470985413, 139.312042236, 109.216918945, 5.1137008667, 22.3134479523, 20.9764900208, 82.4105987549], [-594.066772461, 327.636901855, 430.462310791, 282.811462402, 644.258850098, 208.98135376, 270.315002441, 131.694549561, 150.852005005, 91.2896194458, 35.8829803467, 70.2586975098, 47.9302635193], [90.2376174927, -38.9438858032, 297.766082764, 221.864257812, 208.98135376, 414.073822021, 205.074035645, 142.065933228, 79.2024765015, 74.1560211182, 38.6220207214, 19.6117744446, 17.7384185791], [-551.406433105, 309.924865723, 205.637069702, 103.470985413, 270.315002441, 205.074035645, 400.077850342, 170.882965088, 146.829940796, 81.6717376709, 85.0299911499, 29.994222641, 14.4684305191], [110.058265686, -10.1111106873, 168.823730469, 139.312042236, 131.694549561, 142.065933228, 170.882965088, 255.969268799, 140.414703369, 87.7047271729, 44.5723342896, 24.8831977844, 15.2399272919], [-378.87612915, 265.775756836, 70.9999694824, 109.216918945, 150.852005005, 79.2024765015, 146.829940796, 140.414703369, 228.833389282, 96.8124771118, 73.2574386597, 13.5583677292, 45.7351837158], [-1.21349024773, -55.0903396606, 97.4040603638, 5.1137008667, 91.2896194458, 74.1560211182, 81.6717376709, 87.7047271729, 96.8124771118, 170.313034058, 79.1256790161, 38.1942176819, 0.183255493641], [-251.291778564, 218.411148071, 25.6639442444, 22.3134479523, 35.8829803467, 38.6220207214, 85.0299911499, 44.5723342896, 73.2574386597, 79.1256790161, 165.06703186, 47.0598640442, 45.5260238647], [61.7116508484, -71.4462509155, 163.440109253, 20.9764900208, 70.2586975098, 19.6117744446, 29.994222641, 24.8831977844, 13.5583677292, 38.1942176819, 47.0598640442, 144.245056152, 56.7963180542], [-94.1469497681, 174.496383667, 39.2437705994, 82.4105987549, 47.9302635193, 17.7384185791, 14.4684305191, 15.2399272919, 45.7351837158, 0.183255493641, 45.5260238647, 56.7963180542, 151.605392456]], "icov": [[0.000114289985504, -0.000117222385597, 0.00012676519691, -0.000163880526088, 0.000143725017551, -0.000138890682138, 0.000202723938855, -0.000313147698762, 0.000411423738115, -0.00038164050784, 0.000381968304282, -0.000388169486541, 0.000152173699462], [-0.000117222385597, 0.00107206730172, -0.000370532012312, 0.000287209142698, -0.000533583806828, 0.000646976055577, -0.000801901565865, 0.00109172589146, -0.00152874272317, 0.00172328716144, -0.00189056317322, 0.00178788567428, -0.000950144662056], [0.00012676519691, -0.000370532012312, 0.000846422335599, -0.000412295077695, 2.85132628051e-05, -0.000483186857309, 0.000364097155398, -0.000663798127789, 0.000936711672693, -0.000892576004844, 0.000974326336291, -0.00143343803938, 0.000552645709831], [-0.000163880526088, 0.000287209142698, -0.000412295077695, 0.00240906421095, -0.00102610408794, -0.00057837908389, 0.000496775086503, -0.000299720384646, -0.00119127368089, 0.00191700702999, -0.00117177178618, 0.00124320946634, -0.00101717282087], [0.000143725017551, -0.000533583806828, 2.85132628051e-05, -0.00102610408794, 0.0033382109832, -0.000514783430845, -0.00122955115512, 0.0002310059499, 7.71769773564e-05, -0.00197218335234, 0.00239773676731, -0.00195134384558, 0.000342885556165], [-0.000138890682138, 0.000646976055577, -0.000483186857309, -0.00057837908389, -0.000514783430845, 0.00456976052374, -0.00216332427226, -5.24403367308e-05, 8.24613380246e-05, -0.000159474016982, -0.00095597980544, 0.00182998541277, -0.000974824419245], [0.000202723938855, -0.000801901565865, 0.000364097155398, 0.000496775086503, -0.00122955115512, -0.00216332427226, 0.00644615991041, -0.00306430947967, 0.000103761063656, 0.000174212662387, -0.000677885720506, -0.00139743532054, 0.00171485019382], [-0.000313147698762, 0.00109172589146, -0.000663798127789, -0.000299720384646, 0.0002310059499, -5.24403367308e-05, -0.00306430947967, 0.00947087723762, -0.00527412258089, 0.000345440639649, -0.000842857873067, 0.0012285526609, -0.000459293602034], [0.000411423738115, -0.00152874272317, 0.000936711672693, -0.00119127368089, 7.71769773564e-05, 8.24613380246e-05, 0.000103761063656, -0.00527412258089, 0.0124940499663, -0.00627500982955, 0.00198405771516, -0.000669490953442, -0.00120013812557], [-0.00038164050784, 0.00172328716144, -0.000892576004844, 0.00191700702999, -0.00197218335234, -0.000159474016982, 0.000174212662387, 0.000345440639649, -0.00627500982955, 0.0145326275378, -0.00760611053556, 0.00138696352951, 0.00119921052828], [0.000381968304282, -0.00189056317322, 0.000974326336291, -0.00117177178618, 0.00239773676731, -0.00095597980544, -0.000677885720506, -0.000842857873067, 0.00198405771516, -0.00760611053556, 0.0138269858435, -0.00528762908652, -0.000459370319732], [-0.000388169486541, 0.00178788567428, -0.00143343803938, 0.00124320946634, -0.00195134384558, 0.00182998541277, -0.00139743532054, 0.0012285526609, -0.000669490953442, 0.00138696352951, -0.00528762908652, 0.0138269886374, -0.00558287417516], [0.000152173699462, -0.000950144662056, 0.000552645709831, -0.00101717282087, 0.000342885556165, -0.000974824419245, 0.00171485019382, -0.000459293602034, -0.00120013812557, 0.00119921052828, -0.000459370319732, -0.00558287417516, 0.0106722842902]], "mean": [-68.1982192993, 65.6054611206, -98.5270004272, 10.0124893188, -64.5563201904, 0.293318688869, -28.2162590027, 7.1856508255, -21.7425022125, 7.20699882507, -8.4271402359, 5.85108089447, -12.3201217651]}, "melbands_spread": {"min": 0.0510710701346, "max": 285.341583252, "dvar2": 293.25302124, "median": 12.7713260651, "dmean2": 10.5547628403, "dmean": 7.0463476181, "var": 610.457763672, "dvar": 147.795150757, "mean": 20.3398799896}, "spectral_energy": {"min": 1.03617837641e-20, "max": 0.24197524786, "dvar2": 0.000809493823908, "median": 0.0117480615154, "dmean2": 0.0136139467359, "dmean": 0.00898956507444, "var": 0.000712450186256, "dvar": 0.000345124630257, "mean": 0.0206600986421}, "mfcc": {"cov": [[12421.0595703, -856.342773438, -1110.63012695, 32.3214225769, -381.349914551, -238.914215088, -273.944244385, -116.686035156, -218.122924805, -52.1839103699, -136.047637939, -275.886047363, -334.091705322], [-856.342773438, 2111.59814453, 262.975189209, 226.188873291, 101.514030457, 80.2482910156, 114.60912323, 66.973777771, 74.5592193604, 34.3219261169, 92.5080566406, 42.5097579956, 80.2717437744], [-1110.63012695, 262.975189209, 1337.07446289, 293.350646973, 316.934082031, 193.66368103, 191.736129761, 167.061096191, 113.016204834, 68.7922592163, 43.7594490051, 66.2500152588, 54.1433601379], [32.3214225769, 226.188873291, 293.350646973, 552.998840332, 293.41897583, 141.827941895, 111.40146637, 141.498962402, 136.327835083, 58.3981246948, 31.7842502594, 33.9496498108, 45.2048683167], [-381.349914551, 101.514030457, 316.934082031, 293.41897583, 427.196868896, 206.125991821, 126.696563721, 123.213226318, 151.926879883, 80.9688491821, 44.7814025879, 46.033241272, 50.0819892883], [-238.914215088, 80.2482910156, 193.66368103, 141.827941895, 206.125991821, 310.36038208, 185.420928955, 129.957199097, 118.395721436, 76.0983276367, 73.2322387695, 41.088760376, 53.3026924133], [-273.944244385, 114.60912323, 191.736129761, 111.40146637, 126.696563721, 185.420928955, 285.440002441, 160.343734741, 114.926193237, 98.392288208, 93.5898666382, 72.4087142944, 68.0752716064], [-116.686035156, 66.973777771, 167.061096191, 141.498962402, 123.213226318, 129.957199097, 160.343734741, 234.844406128, 153.129745483, 88.346496582, 63.385181427, 54.5884094238, 65.8855056763], [-218.122924805, 74.5592193604, 113.016204834, 136.327835083, 151.926879883, 118.395721436, 114.926193237, 153.129745483, 223.552459717, 128.692214966, 72.4562301636, 53.9423294067, 61.086265564], [-52.1839103699, 34.3219261169, 68.7922592163, 58.3981246948, 80.9688491821, 76.0983276367, 98.392288208, 88.346496582, 128.692214966, 211.897750854, 118.062438965, 41.0499687195, 36.656211853], [-136.047637939, 92.5080566406, 43.7594490051, 31.7842502594, 44.7814025879, 73.2322387695, 93.5898666382, 63.385181427, 72.4562301636, 118.062438965, 182.796875, 86.7132644653, 56.2079429626], [-275.886047363, 42.5097579956, 66.2500152588, 33.9496498108, 46.033241272, 41.088760376, 72.4087142944, 54.5884094238, 53.9423294067, 41.0499687195, 86.7132644653, 174.57131958, 115.634185791], [-334.091705322, 80.2717437744, 54.1433601379, 45.2048683167, 50.0819892883, 53.3026924133, 68.0752716064, 65.8855056763, 61.086265564, 36.656211853, 56.2079429626, 115.634185791, 180.927963257]], "icov": [[9.80522454483e-05, 3.08486669383e-05, 7.75127991801e-05, -0.00011387392442, 8.0825855548e-05, -2.36071464315e-05, 5.03061673953e-05, -0.000103572288936, 0.000121394718008, -8.62796005094e-05, 1.38804907692e-05, 2.3706781576e-05, 0.000133027278935], [3.08486669383e-05, 0.000534420425538, -5.24097558809e-05, -0.000252060825005, 0.00012010140199, 6.16269098828e-05, -0.00015149830142, 0.000152164197061, -0.000114686590678, 0.000207264456549, -0.000370701134671, 0.000266255199676, -0.000209564590477], [7.75127991801e-05, -5.24097558809e-05, 0.00104635534808, -0.000228356118896, -0.000496184336953, -2.69556858257e-05, -0.00024623356876, -0.000453095388366, 0.000510072743054, -0.000191084051039, 0.000245684786933, -0.00024215655867, 0.00025818386348], [-0.00011387392442, -0.000252060825005, -0.000228356118896, 0.00327305449173, -0.00197505811229, 0.000333781907102, 1.07988198579e-05, -0.000834930222481, -0.000402661593398, 0.000370590685634, 6.49859794066e-05, 0.000128988234792, -0.000141285549034], [8.0825855548e-05, 0.00012010140199, -0.000496184336953, -0.00197505811229, 0.00556080043316, -0.00245787971653, 0.000500707013998, 0.000789288431406, -0.00172870780807, -0.000342835788615, 0.000639857782517, -0.000536013627425, 0.000243858579779], [-2.36071464315e-05, 6.16269098828e-05, -2.69556858257e-05, 0.000333781907102, -0.00245787971653, 0.00704641081393, -0.00332385883667, -0.000236183986999, -0.000714308465831, 0.000983974896371, -0.00137135165278, 0.00144226604607, -0.000659130746499], [5.03061673953e-05, -0.00015149830142, -0.00024623356876, 1.07988198579e-05, 0.000500707013998, -0.00332385883667, 0.00823624245822, -0.00362002663314, 0.00108615448698, -0.00129301100969, -0.000633261690382, -0.00127379922196, 0.000197125642444], [-0.000103572288936, 0.000152164197061, -0.000453095388366, -0.000834930222481, 0.000789288431406, -0.000236183986999, -0.00362002663314, 0.0107307471335, -0.00557440053672, 0.000852821278386, -6.45262334729e-05, 0.000457405170891, -0.00117204128765], [0.000121394718008, -0.000114686590678, 0.000510072743054, -0.000402661593398, -0.00172870780807, -0.000714308465831, 0.00108615448698, -0.00557440053672, 0.012359472923, -0.00519718974829, 0.0011921125697, -0.000926161010284, -0.000365135114407], [-8.62796005094e-05, 0.000207264456549, -0.000191084051039, 0.000370590685634, -0.000342835788615, 0.000983974896371, -0.00129301100969, 0.000852821278386, -0.00519718974829, 0.0107482420281, -0.00595349352807, 0.00214219884947, -0.000248193682637], [1.38804907692e-05, -0.000370701134671, 0.000245684786933, 6.49859794066e-05, 0.000639857782517, -0.00137135165278, -0.000633261690382, -6.45262334729e-05, 0.0011921125697, -0.00595349352807, 0.0117964148521, -0.00499388249591, 0.000919640180655], [2.3706781576e-05, 0.000266255199676, -0.00024215655867, 0.000128988234792, -0.000536013627425, 0.00144226604607, -0.00127379922196, 0.000457405170891, -0.000926161010284, 0.00214219884947, -0.00499388249591, 0.0126059940085, -0.00662453472614], [0.000133027278935, -0.000209564590477, 0.00025818386348, -0.000141285549034, 0.000243858579779, -0.000659130746499, 0.000197125642444, -0.00117204128765, -0.000365135114407, -0.000248193682637, 0.000919640180655, -0.00662453472614, 0.0104247517884]], "mean": [-721.740844727, 110.791145325, 11.7307024002, 14.3420877457, -12.0042695999, -4.49645996094, -1.06849741936, -0.649705946445, -5.75733327866, -1.26328766346, 2.54820966721, 3.71486639977, 4.3730134964]}, "spectral_contrast_valleys": {"min": [-27.9436302185, -27.5592727661, -27.474571228, -27.5028018951, -27.4711055756, -27.3886985779], "max": [-5.40509557724, -4.71466636658, -4.92821073532, -5.2971868515, -5.2112865448, -7.44966936111], "dvar2": [0.307287216187, 0.273026376963, 0.305702835321, 0.391126543283, 0.457227379084, 0.344013303518], "median": [-8.40084838867, -7.21271419525, -8.03945159912, -8.79919910431, -8.3418636322, -10.5504331589], "dmean2": [0.607506632805, 0.533292651176, 0.538408100605, 0.51113563776, 0.448678523302, 0.45379653573], "dmean": [0.375901550055, 0.33352792263, 0.342809677124, 0.332604318857, 0.309885859489, 0.34353095293], "var": [2.69393920898, 1.99830150604, 1.87715709209, 1.90198206902, 2.00357294083, 2.01728534698], "dvar": [0.152662143111, 0.124076642096, 0.151204541326, 0.192590206861, 0.233237817883, 0.228740021586], "mean": [-8.5349149704, -7.46531295776, -8.22897148132, -8.93228530884, -8.45150566101, -10.6887311935]}, "barkbands_flatness_db": {"min": 0.0113948946819, "max": 0.786808729172, "dvar2": 0.00180269847624, "median": 0.15555781126, "dmean2": 0.0393429584801, "dmean": 0.0273802466691, "var": 0.00676134601235, "dvar": 0.000895366596524, "mean": 0.170384123921}, "dynamic_complexity": 5.58129024506, "erbbands_flatness_db": {"min": 0.0305789001286, "max": 0.483796924353, "dvar2": 0.000908761285245, "median": 0.159292548895, "dmean2": 0.0310129914433, "dmean": 0.0221365895122, "var": 0.00341462111101, "dvar": 0.000513438077178, "mean": 0.165954962373}, "hfc": {"min": 1.1265007479