{"lowlevel": {"spectral_complexity": {"min": 0, "max": 46, "dvar2": 91.8600387573, "median": 4, "dmean2": 6.2908654213, "dmean": 4.0287771225, "var": 77.8332519531, "dvar": 38.4308624268, "mean": 7.52153110504}, "silence_rate_20dB": {"min": 1, "max": 1, "dvar2": 0, "median": 1, "dmean2": 0, "dmean": 0, "var": 0, "dvar": 0, "mean": 1}, "average_loudness": 0.936694085598, "erbbands_spread": {"min": 0.881302714348, "max": 129.327651978, "dvar2": 796.833740234, "median": 23.4956092834, "dmean2": 20.2162914276, "dmean": 12.697385788, "var": 727.072143555, "dvar": 317.488616943, "mean": 33.2596664429}, "spectral_kurtosis": {"min": -1.03043484688, "max": 33.6688728333, "dvar2": 42.9897117615, "median": 3.77146935463, "dmean2": 4.26165533066, "dmean": 2.60511493683, "var": 33.8889465332, "dvar": 16.3248558044, "mean": 5.40991163254}, "barkbands_kurtosis": {"min": -1.90806114674, "max": 718.707458496, "dvar2": 11165.5625, "median": 4.03550052643, "dmean2": 27.91954422, "dmean": 17.0115528107, "var": 3061.37011719, "dvar": 3926.95800781, "mean": 20.0289402008}, "spectral_strongpeak": {"min": 0, "max": 16.10704422, "dvar2": 5.55912828445, "median": 0.438363850117, "dmean2": 1.24176764488, "dmean": 0.739464581013, "var": 4.90059089661, "dvar": 2.10291171074, "mean": 1.28315854073}, "spectral_spread": {"min": 1405533.125, "max": 23266178, "dvar2": 4078658912260.0, "median": 5327021.5, "dmean2": 1554120.125, "dmean": 1033446.0625, "var": 7494592626690.0, "dvar": 2164280000510.0, "mean": 5604608.5}, "spectral_rms": {"min": 2.57489682554e-05, "max": 0.00999654363841, "dvar2": 2.67308723778e-06, "median": 0.00248479144648, "dmean2": 0.00108542584348, "dmean": 0.000752268009819, "var": 3.65182268069e-06, "dvar": 1.12969928523e-06, "mean": 0.0026104922872}, "erbbands": {"min": [5.27308657183e-07, 1.74152290811e-07, 1.79831104674e-07, 2.10509753629e-07, 5.34650098416e-07, 3.82021369205e-07, 9.05877982404e-07, 3.39831160545e-07, 3.59918004733e-07, 5.68024915992e-07, 5.02355248955e-07, 6.5935097382e-07, 2.83971985482e-07, 1.92837191548e-07, 7.46211242131e-07, 1.46771117215e-06, 1.31184538077e-06, 1.41926523156e-06, 1.02525461898e-06, 1.1549360579e-06, 9.07191747501e-07, 1.08603308036e-06, 1.14416479846e-06, 1.16548642382e-06, 1.25575900256e-06, 1.14839826892e-06, 1.26458655814e-06, 1.13109069844e-06, 1.0273170119e-06, 1.83009979082e-06, 1.62254502811e-06, 2.02289857043e-06, 1.15272803214e-06, 9.90838316284e-07, 5.91802802319e-07, 3.89143849588e-07, 2.60255291096e-07, 1.51831102357e-07, 1.02386124468e-07, 6.35804440208e-08], "max": [0.351254761219, 1.70234203339, 10.3605899811, 11.3473806381, 28.2192993164, 32.0256996155, 97.3600234985, 52.0524635315, 72.8817062378, 98.2874145508, 90.4350128174, 71.7788772583, 489.474853516, 411.999633789, 1073.47668457, 496.592407227, 291.447570801, 545.014770508, 514.66003418, 510.044616699, 343.46307373, 412.323822021, 674.802062988, 328.271820068, 189.353713989, 276.911956787, 348.349456787, 1827.25585938, 1003.32226562, 666.155151367, 595.420532227, 549.396362305, 449.496520996, 293.31350708, 150.666107178, 53.3557357788, 20.8725452423, 8.13720417023, 0.894070148468, 0.0462977550924], "dvar2": [0.0027872028295, 0.0832038372755, 1.2860519886, 3.95178174973, 8.37522983551, 34.8685760498, 78.7335968018, 66.4096832275, 135.100250244, 197.413925171, 157.097183228, 196.182342529, 1104.73547363, 4365.96679688, 6653.47216797, 4094.87084961, 1903.3059082, 5672.625, 5828.546875, 5352.46826172, 3451.03491211, 4507.02636719, 6762.5078125, 3339.74755859, 1911.53540039, 2989.77490234, 1725.45446777, 16091.0292969, 5364.53027344, 4562.27246094, 3061.66943359, 2850.40844727, 1059.81994629, 650.259155273, 101.141197205, 21.9392566681, 3.76394510269, 0.565541625023, 0.00384075543843, 1.06362431325e-05], "median": [0.000500895141158, 0.00257217604667, 0.0100178197026, 0.0435731485486, 0.0931527912617, 0.198969751596, 0.250564038754, 0.258506268263, 0.478056073189, 0.592610657215, 0.79835999012, 0.803405463696, 0.909589648247, 0.838734030724, 0.907492756844, 0.820040106773, 1.13674378395, 0.887910246849, 0.884203076363, 0.936741232872, 0.853958010674, 0.75117880106, 0.964979767799, 1.36891138554, 1.11293029785, 0.82033854723, 1.8648815155, 1.46209836006, 0.798558592796, 0.582086145878, 0.414490938187, 0.257690578699, 0.180276066065, 0.137414127588, 0.0675100237131, 0.0316467434168, 0.00792262423784, 0.00118378875777, 0.000127970270114, 2.1191619453e-05], "dmean2": [0.0130884936079, 0.077853731811, 0.436881542206, 0.760062277317, 1.43763875961, 2.96054697037, 3.44166660309, 3.82526898384, 5.84610509872, 4.80442523956, 5.20825529099, 6.70754003525, 9.76352882385, 16.1075267792, 24.9325237274, 14.9577798843, 12.9106407166, 17.3404350281, 18.3723087311, 19.1066303253, 16.082244873, 18.4171924591, 24.3289699554, 18.7567405701, 16.9358177185, 18.2089366913, 14.1132564545, 27.4817295074, 23.505771637, 21.9940624237, 17.5075702667, 18.2735843658, 10.5389900208, 6.77171897888, 3.05171728134, 1.29888892174, 0.491409778595, 0.169521003962, 0.0145611520857, 0.000718467868865], "dmean": [0.00865237694234, 0.045168902725, 0.282348811626, 0.500387370586, 1.05831515789, 1.92478728294, 2.54517745972, 2.63112783432, 3.91061258316, 2.97584176064, 3.19744682312, 4.10888910294, 6.20312547684, 9.65145111084, 16.4908294678, 8.43312549591, 7.42012786865, 9.75012207031, 10.2308225632, 10.3958368301, 9.04532527924, 10.2544260025, 14.6226673126, 10.9100694656, 9.71768283844, 10.3180027008, 8.41092395782, 17.3502540588, 15.9581537247, 14.0218219757, 11.2570009232, 11.8833694458, 7.17192935944, 4.176674366, 1.91743993759, 0.853363454342, 0.307837843895, 0.0982215851545, 0.00973601918668, 0.000495503540151], "var": [0.00126190204173, 0.0232156068087, 1.20679831505, 2.44475221634, 29.4430408478, 41.335357666, 235.820343018, 61.2350578308, 146.353790283, 99.4546203613, 73.6063537598, 104.931419373, 1486.5703125, 4861.15039062, 29846.7792969, 1035.64343262, 860.317932129, 1382.34020996, 1233.5447998, 1076.19921875, 719.71887207, 928.496398926, 12529.3984375, 3274.31201172, 667.976135254, 1142.86340332, 1702.95666504, 17985.1914062, 10430.5048828, 4637.47021484, 3394.47973633, 3422.50024414, 2008.5012207, 883.389587402, 235.600219727, 45.3113174438, 6.29417562485, 0.532856285572, 0.00484301242977, 9.67541018326e-06], "dvar": [0.00125143816695, 0.0302695184946, 0.618723869324, 1.52947294712, 5.49299764633, 15.7075471878, 46.6977348328, 31.2940273285, 63.5264816284, 84.4887008667, 61.203994751, 75.1347503662, 607.345581055, 1719.61975098, 4253.13818359, 1419.97131348, 723.222351074, 1957.29052734, 2010.7701416, 1828.61328125, 1180.70776367, 1541.77294922, 2956.56591797, 1290.39355469, 733.387939453, 1150.4864502, 825.049316406, 7591.06152344, 3235.38208008, 1985.5958252, 1274.78710938, 1339.56762695, 511.718261719, 263.795623779, 46.2311820984, 10.636929512, 1.69062197208, 0.248001515865, 0.0021997669246, 5.37415280633e-06], "mean": [0.00843989476562, 0.0445337034762, 0.336766630411, 0.780884683132, 2.56397938728, 3.5728263855, 5.31747531891, 3.78384160995, 6.16096830368, 3.59669566154, 4.41429662704, 4.9788684845, 8.08416843414, 18.6458377838, 41.4161148071, 9.11651802063, 7.93965578079, 8.9002161026, 8.19137859344, 8.44752216339, 7.62618494034, 8.36694812775, 28.0802574158, 17.1060771942, 9.84534645081, 10.4614944458, 11.9305868149, 24.9983177185, 24.9751987457, 20.8767528534, 17.9466381073, 18.2255096436, 12.6290140152, 8.03020954132, 4.15963935852, 1.8427785635, 0.67198574543, 0.178787454963, 0.0187104251236, 0.000938839628361]}, "zerocrossingrate": {"min": 0, "max": 0.48681640625, "dvar2": 0.00164290936664, "median": 0.09130859375, "dmean2": 0.0317476727068, "dmean": 0.029958454892, "var": 0.0132726961747, "dvar": 0.00155812792946, "mean": 0.129965752363}, "spectral_contrast_coeffs": {"min": [-0.92673689127, -0.964736759663, -0.96351736784, -0.942404091358, -0.925833404064, -0.917966961861], "max": [-0.322614967823, -0.385348141193, -0.362516731024, -0.632343232632, -0.457926869392, -0.541282236576], "dvar2": [0.00651073129848, 0.00568528659642, 0.00299456715584, 0.00178867811337, 0.00223582447506, 0.0016890517436], "median": [-0.644273877144, -0.786712408066, -0.82431614399, -0.824490427971, -0.802539467812, -0.77736055851], "dmean2": [0.089819945395, 0.0919027402997, 0.0661701858044, 0.0519660897553, 0.0518600270152, 0.0409718491137], "dmean": [0.0617571361363, 0.0591586455703, 0.0434366948903, 0.0329295694828, 0.0333179347217, 0.0279060825706], "var": [0.0254920423031, 0.0157148595899, 0.0108987828717, 0.00267770793289, 0.00537936436012, 0.00557170063257], "dvar": [0.00339040602557, 0.00302671641111, 0.00173303531483, 0.000737113296054, 0.00114133779425, 0.000858301646076], "mean": [-0.650200366974, -0.759176671505, -0.803942799568, -0.821573019028, -0.795258581638, -0.772559523582]}, "dissonance": {"min": 0.1450009197, "max": 0.499958962202, "dvar2": 0.00344201922417, "median": 0.474228620529, "dmean2": 0.0399358421564, "dmean": 0.0245401244611, "var": 0.00298679666594, "dvar": 0.00131706451066, "mean": 0.454452723265}, "spectral_energyband_high": {"min": 2.7612971909e-09, "max": 0.0980378985405, "dvar2": 3.28416135744e-05, "median": 0.000201402785024, "dmean2": 0.00249872519635, "dmean": 0.00175261602271, "var": 0.000126938772155, "dvar": 1.74486776814e-05, "mean": 0.00390443229116}, "spectral_skewness": {"min": -0.636240661144, "max": 4.52088975906, "dvar2": 0.566444516182, "median": 1.46597063541, "dmean2": 0.634930849075, "dmean": 0.415497809649, "var": 0.807627975941, "dvar": 0.241087719798, "mean": 1.53188288212}, "spectral_flux": {"min": 0.000344797066646, "max": 0.292084813118, "dvar2": 0.0018782139523, "median": 0.0505118966103, "dmean2": 0.0317203775048, "dmean": 0.0205284934491, "var": 0.00199906039052, "dvar": 0.000834286445752, "mean": 0.058415427804}, "silence_rate_30dB": {"min": 1, "max": 1, "dvar2": 0, "median": 1, "dmean2": 0, "dmean": 0, "var": 0, "dvar": 0, "mean": 1}, "spectral_energyband_middle_high": {"min": 2.19835274984e-10, "max": 0.0800712704659, "dvar2": 0.000133752953843, "median": 0.000450821476988, "dmean2": 0.00333054107614, "dmean": 0.00203910586424, "var": 9.5345225418e-05, "dvar": 5.00637652294e-05, "mean": 0.00337727949955}, "barkbands_spread": {"min": 0.369988828897, "max": 130.712387085, "dvar2": 523.324829102, "median": 15.8843564987, "dmean2": 16.8311500549, "dmean": 10.1170377731, "var": 471.865356445, "dvar": 227.060089111, "mean": 22.3584537506}, "spectral_centroid": {"min": 176.849945068, "max": 8270.64355469, "dvar2": 1451834.25, "median": 1737.14013672, "dmean2": 835.695251465, "dmean": 586.386657715, "var": 3222969, "dvar": 768290.4375, "mean": 2308.52490234}, "pitch_salience": {"min": 0.0116202328354, "max": 0.931240916252, "dvar2": 0.0283583085984, "median": 0.674455404282, "dmean2": 0.153143510222, "dmean": 0.0971516519785, "var": 0.0333740897477, "dvar": 0.0136615512893, "mean": 0.624301314354}, "erbbands_skewness": {"min": -7.90631532669, "max": 5.06175661087, "dvar2": 2.10353899002, "median": 0.163276344538, "dmean2": 1.13351035118, "dmean": 0.745409965515, "var": 2.24757885933, "dvar": 0.905246973038, "mean": 0.068522632122}, "erbbands_crest": {"min": 2.29107499123, "max": 28.3290863037, "dvar2": 26.965801239, "median": 9.34875488281, "dmean2": 5.27672290802, "dmean": 3.15799403191, "var": 26.0255775452, "dvar": 11.3816814423, "mean": 10.200963974}, "melbands": {"min": [4.86457940596e-09, 1.26808476913e-11, 1.52818036003e-11, 3.36749482466e-11, 2.67156678724e-11, 9.86841164341e-12, 4.83302720761e-12, 7.14894810017e-12, 3.95071865847e-12, 3.82282747124e-12, 1.22255460963e-12, 5.91967935174e-13, 2.06551485984e-12, 4.27917467086e-12, 3.05348736747e-12, 2.37388646067e-12, 2.86936013144e-12, 1.84875422263e-12, 1.30089526391e-12, 1.611275024e-12, 9.40803099488e-13, 9.97120897135e-13, 1.62225278783e-12, 5.78478996476e-13, 1.0013036407e-12, 9.07314859095e-13, 8.72016597386e-13, 7.44966263157e-13, 7.50644555195e-13, 8.32197321037e-13, 5.61417394778e-13, 5.19943571704e-13, 7.28380788843e-13, 1.11075547631e-12, 1.07139926271e-12, 6.51447591617e-13, 1.31688355966e-12, 7.38177314413e-13, 7.62190169919e-13, 9.07017191389e-13], "max": [0.00284442910925, 0.00385192362592, 0.00175513816066, 0.00220078974962, 0.00250524585135, 0.00148235901725, 0.00101440306753, 0.00104323332198, 0.000813471560832, 0.000499425106682, 0.00252158287913, 0.00171008205507, 0.00524362921715, 0.00116416381206, 0.00107974023558, 0.000710929976776, 0.00104412715882, 0.00074315990787, 0.000698913936503, 0.000568965275306, 0.000432831759099, 0.000387847889215, 0.000435178750195, 0.00125463539734, 0.000211169928662, 0.000184412128874, 0.000155339686899, 0.000205045478651, 0.000272467557807, 0.000392806425225, 0.00146112614311, 0.000679332355503, 0.000292834476568, 0.000418033829192, 0.000358626566594, 0.000359456491424, 0.000324734544847, 0.000363427738193, 0.000262766698143, 0.000228934397455], "dvar2": [1.56446859023e-07, 2.10358251707e-07, 9.72523039877e-08, 7.71502044472e-08, 6.87036205704e-08, 3.77686681929e-08, 2.69257007801e-08, 2.29622312276e-08, 1.22600019026e-08, 7.43267181136e-09, 2.95674862372e-08, 7.21242585655e-08, 1.05305495879e-07, 3.11031129741e-08, 2.14985860225e-08, 7.36756344821e-09, 2.08563868398e-08, 1.50178145475e-08, 9.29958687834e-09, 8.111787686e-09, 4.95082685958e-09, 4.66562699586e-09, 4.66443816904e-09, 8.79131434317e-09, 1.89972260145e-09, 1.40560996176e-09, 1.10537101694e-09, 1.61394442255e-09, 9.63446988855e-10, 1.1921323928e-09, 1.26922410359e-08, 2.54687915202e-09, 1.11537634684e-09, 2.04713401786e-09, 1.44202338959e-09, 8.98312924047e-10, 1.51232559809e-09, 9.53056189523e-10, 4.72072381186e-10, 4.44573766689e-10], "median": [5.92474134464e-06, 3.65837809113e-06, 6.85793747834e-06, 9.89922227745e-06, 7.84324492997e-06, 5.11604775966e-06, 6.74167040415e-06, 5.22420123161e-06, 6.13377687841e-06, 4.03283502237e-06, 2.82654309558e-06, 3.14329236062e-06, 2.86477825284e-06, 2.04461866815e-06, 1.88586454897e-06, 1.84178236395e-06, 1.60477168265e-06, 1.15779926091e-06, 1.20353729471e-06, 1.1248937426e-06, 8.48545255394e-07, 6.27375129625e-07, 6.58758267491e-07, 9.01855628399e-07, 1.0487885902e-06, 5.0417975217e-07, 5.45441082522e-07, 3.95985239265e-07, 6.47095021122e-07, 9.51592710408e-07, 7.0720597023e-07, 3.6443236695e-07, 4.27214899901e-07, 2.49303468536e-07, 2.07855947565e-07, 1.9134598972e-07, 1.40827424389e-07, 1.31549427351e-07, 1.18884358358e-07, 9.63132293919e-08], "dmean2": [0.000101354547951, 0.000184783144505, 0.000137438808451, 0.000148901686771, 0.000116368515592, 9.0529290901e-05, 8.30118005979e-05, 5.45503316971e-05, 4.34499197581e-05, 4.09165659221e-05, 5.06387004862e-05, 6.47024644422e-05, 8.7920067017e-05, 5.20811372553e-05, 3.63019207725e-05, 2.56844286923e-05, 3.29997419612e-05, 3.08015696646e-05, 2.32350121223e-05, 2.5439005185e-05, 1.84623531823e-05, 1.89843885892e-05, 1.88490957953e-05, 2.66143160843e-05, 1.40191350511e-05, 1.2903688912e-05, 1.23833633552e-05, 1.24969874378e-05, 9.04399439605e-06, 1.00822808236e-05, 2.12114173337e-05, 1.39233206937e-05, 1.35246964419e-05, 1.28651927298e-05, 1.00823008324e-05, 1.06681836769e-05, 1.26237491713e-05, 8.94443019206e-06, 6.77068328514e-06, 5.44646491107e-06], "dmean": [6.48388231639e-05, 0.000117618750664, 9.48094893829e-05, 0.000103148573544, 8.37783227325e-05, 6.2819912273e-05, 5.61796514376e-05, 3.39782200172e-05, 2.69946394837e-05, 2.46332874667e-05, 3.21747393173e-05, 3.84088962164e-05, 5.95036690356e-05, 2.98656614177e-05, 2.09614154301e-05, 1.50759124153e-05, 1.84559557965e-05, 1.71501687873e-05, 1.27649036585e-05, 1.41311174957e-05, 1.03180336737e-05, 1.04584478322e-05, 1.03827351268e-05, 1.67903526744e-05, 7.82680126576e-06, 7.43173450246e-06, 7.1899012255e-06, 7.18951923773e-06, 5.3804392337e-06, 6.00593330091e-06, 1.29954160002e-05, 9.24563300941e-06, 8.77855745784e-06, 8.01605438028e-06, 6.36356207906e-06, 6.95029029885e-06, 8.24670314614e-06, 5.70258316657e-06, 4.17703631683e-06, 3.24793768414e-06], "var": [7.06735718836e-08, 1.75790106027e-07, 9.53539895931e-08, 1.98821723529e-07, 2.22276000272e-07, 3.90371539538e-08, 3.15572457055e-08, 1.08856434977e-08, 5.11886533161e-09, 3.77647513261e-09, 3.89626357844e-08, 5.73342759935e-08, 6.79996105646e-07, 1.13994049755e-08, 6.64137189688e-09, 4.43268577399e-09, 4.88302553947e-09, 3.33891025939e-09, 1.87364390669e-09, 1.70709713032e-09, 1.01472108494e-09, 9.6632490898e-10, 9.69884950131e-10, 4.03278477279e-08, 7.57800544537e-10, 3.89207360785e-10, 4.2250641874e-10, 5.97170535244e-10, 5.32155597366e-10, 1.49710144282e-09, 1.03082093972e-08, 4.48865122848e-09, 1.36384725735e-09, 1.54212032033e-09, 1.11849063344e-09, 1.20961829442e-09, 1.39731026749e-09, 1.15770149023e-09, 8.10466249668e-10, 5.41791278508e-10], "dvar": [7.00618727478e-08, 9.71949205564e-08, 4.10801774819e-08, 4.22096846364e-08, 4.12913969683e-08, 1.89238065218e-08, 1.30403829957e-08, 9.47783185268e-09, 4.70527306007e-09, 2.84214318746e-09, 1.60780260217e-08, 2.70278501802e-08, 7.7625699646e-08, 1.1489534657e-08, 7.72524710868e-09, 2.95346547219e-09, 7.19783388448e-09, 5.23848209255e-09, 3.17021364715e-09, 2.79747736087e-09, 1.68760738717e-09, 1.59883073447e-09, 1.60039492769e-09, 5.28521093557e-09, 6.67687405365e-10, 5.09727926534e-10, 4.31733371276e-10, 6.16164508305e-10, 4.04338618143e-10, 5.72309699631e-10, 5.43030553857e-09, 1.52533163877e-09, 5.14731035572e-10, 8.34149305184e-10, 5.52922096997e-10, 4.21500945258e-10, 6.61433074978e-10, 4.10722317268e-10, 2.15608558785e-10, 1.7159278165e-10], "mean": [6.79287331877e-05, 0.000135902504553, 0.000180374190677, 0.000233286467846, 0.000182914707693, 9.18164223549e-05, 8.8975779363e-05, 3.90556306229e-05, 3.64327752322e-05, 2.89323907054e-05, 4.02188234148e-05, 6.71393354423e-05, 0.000178788992343, 3.01710933854e-05, 2.03875788429e-05, 1.6902000425e-05, 1.62379456015e-05, 1.35551790663e-05, 1.0523884157e-05, 1.14518097689e-05, 8.37134848553e-06, 8.10001438367e-06, 8.16387364466e-06, 4.3063886551e-05, 9.53679864324e-06, 6.79574714013e-06, 7.18064256944e-06, 6.97639370628e-06, 6.55303620078e-06, 9.27702421905e-06, 1.72195323103e-05, 1.47267001012e-05, 1.22365663628e-05, 1.11055951493e-05, 9.70170640358e-06, 1.07201258288e-05, 1.14671829579e-05, 8.99758288142e-06, 8.0793925008e-06, 6.1647806433e-06]}, "spectral_entropy": {"min": 3.80025315285, "max": 9.12587547302, "dvar2": 0.311985552311, "median": 7.79399299622, "dmean2": 0.408218443394, "dmean": 0.286501646042, "var": 0.973544597626, "dvar": 0.177948713303, "mean": 7.60317564011}, "spectral_rolloff": {"min": 21.533203125, "max": 16042.2363281, "dvar2": 7583869, "median": 1593.45703125, "dmean2": 1896.78601074, "dmean": 1135.9921875, "var": 15364669, "dvar": 3954736, "mean": 3528.56274414}, "barkbands": {"min": [1.78620371827e-08, 3.32982263984e-09, 3.36102777554e-11, 1.9885976546e-11, 1.63482283266e-10, 8.35775476604e-11, 2.29907481941e-11, 3.32729642449e-11, 2.5340646248e-11, 5.1470928214e-12, 1.1257232993e-11, 3.68614236357e-11, 2.36285869343e-11, 3.00655368657e-11, 2.00864568034e-11, 1.55030831922e-11, 2.2647102943e-11, 1.7474870509e-11, 2.45154140044e-11, 2.66959492706e-11, 3.06168666808e-11, 3.30707648766e-11, 5.68806321488e-11, 8.30755811365e-11, 9.03724109436e-11, 1.2776812941e-10, 2.50008591607e-09], "max": [0.00317157525569, 0.00920457951725, 0.0102849956602, 0.00382343493402, 0.00844457000494, 0.0118521861732, 0.00564028508961, 0.00427367025986, 0.00345675088465, 0.0140883279964, 0.0356032475829, 0.0117028309032, 0.00799190253019, 0.0100354189053, 0.0104785300791, 0.00662311632186, 0.00696989241987, 0.0161234401166, 0.00475276634097, 0.00789653323591, 0.0318370312452, 0.0228537991643, 0.0232086591423, 0.0263717714697, 0.0208038184792, 0.0115090943873, 0.00589388795197], "dvar2": [1.71393239157e-07, 1.77205356522e-06, 1.78778259396e-06, 4.28981962841e-07, 1.67349435287e-06, 1.32590446356e-06, 6.3866355049e-07, 4.12910083014e-07, 3.83518738545e-07, 2.37201516029e-06, 5.16584350407e-06, 2.65531798505e-06, 6.00614271207e-07, 2.42357305069e-06, 1.94601830117e-06, 1.48186529714e-06, 1.30838861878e-06, 2.47373782258e-06, 8.65128356509e-07, 1.49436993979e-06, 4.56567022411e-06, 2.67095788331e-06, 4.23438086727e-06, 4.88870091431e-06, 3.1509987366e-06, 1.10655537355e-06, 1.79528484523e-07], "median": [1.68755614141e-05, 1.18387652037e-05, 5.96377412876e-06, 1.25095102703e-05, 5.87905815337e-05, 2.34927720157e-05, 3.19018945447e-05, 1.89954989764e-05, 2.69745360129e-05, 1.89474394574e-05, 1.72293257492e-05, 1.39414569276e-05, 1.55804336828e-05, 1.85439566849e-05, 1.45926114783e-05, 1.61378884513e-05, 1.02858039099e-05, 1.88807716768e-05, 1.89010788745e-05, 1.51127169374e-05, 4.30408945249e-05, 2.28526259889e-05, 1.35245572892e-05, 1.07682744783e-05, 1.10441505967e-05, 5.08832135893e-06, 4.93580728289e-07], "dmean2": [0.000113706606498, 0.000342598359566, 0.000501107540913, 0.000286854308797, 0.000723992590792, 0.000501362723298, 0.000394570990466, 0.000259564199951, 0.000274742924375, 0.000421908509452, 0.00061163387727, 0.000445820187451, 0.000255535793258, 0.000385467486922, 0.000316224555718, 0.000336905650329, 0.000312943913741, 0.000481325929286, 0.000315009470796, 0.000400890799938, 0.000540176813956, 0.000612601579633, 0.000655100448057, 0.000743891810998, 0.00051133352099, 0.000274197780527, 9.80655750027e-05], "dmean": [7.4745315942e-05, 0.000209009158425, 0.000322942360071, 0.000185873868759, 0.000523314171005, 0.000357198558049, 0.000258715910604, 0.000157380985911, 0.000165756879142, 0.000257568608504, 0.000414253998315, 0.000251129473327, 0.000159077826538, 0.000212665472645, 0.000172033032868, 0.000190338992979, 0.000173677894054, 0.000292821554467, 0.000180225179065, 0.000224841365707, 0.000343789084582, 0.000422428041929, 0.000424606987508, 0.000495572108775, 0.000310698116664, 0.000171207313542, 6.53502793284e-05], "var": [7.00905431472e-08, 6.2754662622e-07, 1.40031602314e-06, 3.58718153848e-07, 4.12837789554e-06, 2.04529942494e-06, 6.55741530409e-07, 1.91201394273e-07, 1.56381432248e-07, 1.51622782596e-06, 3.15686374961e-05, 7.12410496817e-07, 5.51116954739e-07, 5.48295361114e-07, 3.82806206289e-07, 3.04778524196e-07, 2.67972723123e-07, 6.86017165208e-06, 2.2452684334e-07, 5.71850989672e-07, 5.39137226951e-06, 6.50288075121e-06, 4.34410776506e-06, 7.29825524104e-06, 5.90994022787e-06, 2.01209491024e-06, 2.07954045095e-07], "dvar": [7.12113035206e-08, 7.18248259091e-07, 8.05775812296e-07, 1.79727081218e-07, 9.40431675645e-07, 7.77229615778e-07, 3.10991680408e-07, 1.59349596629e-07, 1.42112185131e-07, 9.82363758339e-07, 3.7035222249e-06, 9.31171882712e-07, 2.69390483254e-07, 8.44516591769e-07, 6.6293813461e-07, 5.07159768404e-07, 4.47950498028e-07, 1.21543769183e-06, 3.07113168674e-07, 5.81757319651e-07, 2.25843405133e-06, 1.68299811776e-06, 1.74284207333e-06, 2.26496399591e-06, 1.36540643325e-06, 5.16483453339e-07, 9.98391982421e-08], "mean": [7.81544367783e-05, 0.000212011975236, 0.000369704823243, 0.000287285423838, 0.00119202618953, 0.000538425229024, 0.000356020405889, 0.000192441948457, 0.000191193917999, 0.000287384405965, 0.00121875246987, 0.000227754266234, 0.000184206233826, 0.000174569649971, 0.000140827396535, 0.000153229266289, 0.000133547087898, 0.000619207334239, 0.000166959653143, 0.000229802288231, 0.000470148224849, 0.000693428039085, 0.000633244228084, 0.000811793317553, 0.000662133854348, 0.000381375983125, 0.000122377794469]}, "melbands_flatness_db": {"min": 0.0205100178719, "max": 0.525098443031, "dvar2": 0.00624126475304, "median": 0.179500132799, "dmean2": 0.0672108978033, "dmean": 0.0444983504713, "var": 0.0111680068076, "dvar": 0.00277793942951, "mean": 0.202732563019}, "melbands_skewness": {"min": -8.50530529022, "max": 56.2316627502, "dvar2": 43.8596000671, "median": 1.66053879261, "dmean2": 2.61960339546, "dmean": 1.69001340866, "var": 19.5430011749, "dvar": 15.7070932388, "mean": 2.00906944275}, "barkbands_skewness": {"min": -13.3702125549, "max": 26.7152404785, "dvar2": 12.6834278107, "median": 0.679199397564, "dmean2": 2.06060647964, "dmean": 1.43819403648, "var": 13.8498649597, "dvar": 5.32919883728, "mean": 0.735153317451}, "silence_rate_60dB": {"min": 0, "max": 1, "dvar2": 0.264954268932, "median": 0, "dmean2": 0.293269217014, "dmean": 0.146282970905, "var": 0.219499900937, "dvar": 0.124884545803, "mean": 0.325358837843}, "spectral_energyband_low": {"min": 2.13020854289e-08, "max": 0.0140054421499, "dvar2": 4.55982171843e-06, "median": 5.04821146023e-05, "dmean2": 0.0008785945829, "dmean": 0.000584348279517, "var": 3.28665441884e-06, "dvar": 2.0846332518e-06, "mean": 0.000760553462896}, "spectral_energyband_middle_low": {"min": 4.7378867496e-10, "max": 0.0200376696885, "dvar2": 6.53900679026e-06, "median": 0.000503820832819, "dmean2": 0.00163083255757, "dmean": 0.00113158603199, "var": 1.598070412e-05, "dvar": 3.71054466086e-06, "mean": 0.00286283995956}, "melbands_kurtosis": {"min": -1.89325082302, "max": 3728.26806641, "dvar2": 199899.71875, "median": 8.47953414917, "dmean2": 69.471282959, "dmean": 38.1577682495, "var": 36122.4335938, "dvar": 66304.4453125, "mean": 32.2416000366}, "spectral_decrease": {"min": -2.09275583529e-08, "max": 3.02004032893e-10, "dvar2": 8.76422757136e-18, "median": -9.81743686346e-10, "dmean2": 1.32625999072e-09, "dmean": 8.6904705654e-10, "var": 6.47895666791e-18, "dvar": 3.38163656005e-18, "mean": -1.8961376913e-09}, "erbbands_kurtosis": {"min": -1.73231935501, "max": 168.189025879, "dvar2": 339.760955811, "median": 1.23580002785, "dmean2": 6.67453289032, "dmean": 3.98987627029, "var": 116.279945374, "dvar": 128.488220215, "mean": 4.0420460701}, "melbands_crest": {"min": 3.35971879959, "max": 39.879486084, "dvar2": 51.3251800537, "median": 12.5734882355, "dmean2": 6.96774339676, "dmean": 4.4037604332, "var": 62.217212677, "dvar": 22.9698886871, "mean": 15.0360279083}, "gfcc": {"cov": [[22278.7753906, -2161.72265625, 467.54196167, -440.416595459, -992.23260498, -699.132568359, -686.707214355, 234.888626099, -1054.7277832, -26.6485290527, -797.22833252, -133.187194824, -139.746536255], [-2161.72265625, 6317.0078125, -487.331695557, -1385.0222168, 245.566925049, -1071.95410156, -548.154052734, -498.396484375, -71.1762695312, -501.937194824, -99.7634887695, -359.554718018, -22.964050293], [467.54196167, -487.331695557, 3846.78955078, 227.048843384, 42.6174926758, -391.369354248, -413.995361328, 190.673919678, -113.634628296, 230.063751221, -451.944946289, -142.67137146, -131.332824707], [-440.416595459, -1385.0222168, 227.048843384, 1124.05041504, -73.5635223389, 402.463348389, 170.974243164, 14.0595960617, 161.44229126, 203.695388794, 55.4290351868, 39.4275016785, -11.3117332458], [-992.23260498, 245.566925049, 42.6174926758, -73.5635223389, 401.739318848, 26.2036361694, 155.95539856, 67.6054000854, -12.4641685486, 27.2167949677, 28.6785068512, 52.7046089172, -14.0400190353], [-699.132568359, -1071.95410156, -391.369354248, 402.463348389, 26.2036361694, 742.320678711, 223.309402466, 4.37487983704, 215.265060425, 107.783729553, 92.8438796997, 42.2833633423, -29.1916046143], [-686.707214355, -548.154052734, -413.995361328, 170.974243164, 155.95539856, 223.309402466, 749.324035645, -48.6082878113, 78.7795181274, 27.0794219971, 206.09866333, 168.828292847, -14.2888240814], [234.888626099, -498.396484375, 190.673919678, 14.0595960617, 67.6054000854, 4.37487983704, -48.6082878113, 522.481018066, -127.701072693, 60.3498153687, -57.1948623657, 78.5323104858, 80.2161178589], [-1054.7277832, -71.1762695312, -113.634628296, 161.44229126, -12.4641685486, 215.265060425, 78.7795181274, -127.701072693, 303.108856201, 78.7096710205, 76.2010803223, -42.0468292236, -20.3338813782], [-26.6485290527, -501.937194824, 230.063751221, 203.695388794, 27.2167949677, 107.783729553, 27.0794219971, 60.3498153687, 78.7096710205, 223.432144165, 0.128525555134, -0.128855481744, -1.06397712231], [-797.22833252, -99.7634887695, -451.944946289, 55.4290351868, 28.6785068512, 92.8438796997, 206.09866333, -57.1948623657, 76.2010803223, 0.128525555134, 214.845092773, 104.778549194, 37.4371452332], [-133.187194824, -359.554718018, -142.67137146, 39.4275016785, 52.7046089172, 42.2833633423, 168.828292847, 78.5323104858, -42.0468292236, -0.128855481744, 104.778549194, 220.536346436, 61.2250404358], [-139.746536255, -22.964050293, -131.332824707, -11.3117332458, -14.0400190353, -29.1916046143, -14.2888240814, 80.2161178589, -20.3338813782, -1.06397712231, 37.4371452332, 61.2250404358, 90.559715271]], "icov": [[7.9614103015e-05, 3.73597649741e-05, 4.53925968031e-05, 4.32155502494e-05, 0.000183936499525, 5.35305698577e-05, -1.75821005541e-05, 4.43242206529e-05, 0.000233596991166, -0.000132409055368, 0.000299768173136, -7.52816122258e-05, 0.000185161654372], [3.73597649741e-05, 0.000418574898504, 7.96396707301e-05, 0.000213258623262, -0.000388025102438, 0.000482954812469, 0.00016138976207, 0.0002695848234, -0.000241725181695, 0.000474596832646, 0.000102077923657, 0.000464941753307, -0.00021711383306], [4.53925968031e-05, 7.96396707301e-05, 0.00048550372594, -0.000105498394987, -4.61933050246e-05, 0.000452017062344, 0.000102701400465, -3.29085196427e-05, -0.000114347771159, -0.000392323592678, 0.00105418858584, -0.000386224855902, 0.0007600907702], [4.32155502494e-05, 0.000213258623262, -0.000105498394987, 0.0014861462405, 0.000322907406371, -0.000392456015106, -0.000133307636133, 0.000201069880859, -3.01638738165e-05, -0.000640430313069, -6.38682031422e-05, 0.000151605039719, -0.000212571234442], [0.000183936499525, -0.000388025102438, -4.61933050246e-05, 0.000322907406371, 0.0040326542221, -0.000475108681712, -0.000852799043059, -0.00069749285467, 0.000997550203465, -0.00141019758303, 0.000501705857459, -0.00115581229329, 0.00189554167446], [5.35305698577e-05, 0.000482954812469, 0.000452017062344, -0.000392456015106, -0.000475108681712, 0.00302686542273, -1.15930663469e-06, -0.000261725886958, -0.00177765788976, 0.000284805457341, 0.000659300945699, -0.000242388079641, 0.00144078896847], [-1.75821005541e-05, 0.00016138976207, 0.000102701400465, -0.000133307636133, -0.000852799043059, -1.15930663469e-06, 0.00244996440597, 0.00011558951519, -0.000238262917264, 0.000244677823503, -0.00160762981977, -0.0011134451488, 0.00166440871544], [4.43242206529e-05, 0.0002695848234, -3.29085196427e-05, 0.000201069880859, -0.00069749285467, -0.000261725886958, 0.00011558951519, 0.00329138874076, 0.00121653673705, -0.000674757815432, 0.00133817992173, -0.000163522490766, -0.00315298466012], [0.000233596991166, -0.000241725181695, -0.000114347771159, -3.01638738165e-05, 0.000997550203465, -0.00177765788976, -0.000238262917264, 0.00121653673705, 0.00718167750165, -0.00246319663711, -0.00164142635185, 0.0017720090691, -0.000339811900631], [-0.000132409055368, 0.000474596832646, -0.000392323592678, -0.000640430313069, -0.00141019758303, 0.000284805457341, 0.000244677823503, -0.000674757815432, -0.00246319663711, 0.00756430299953, -0.000748217164073, 0.00108971679583, -0.00111508730333], [0.000299768173136, 0.000102077923657, 0.00105418858584, -6.38682031422e-05, 0.000501705857459, 0.000659300945699, -0.00160762981977, 0.00133817992173, -0.00164142635185, -0.000748217164073, 0.0125567121431, -0.00421455036849, -0.00185828784015], [-7.52816122258e-05, 0.000464941753307, -0.000386224855902, 0.000151605039719, -0.00115581229329, -0.000242388079641, -0.0011134451488, -0.000163522490766, 0.0017720090691, 0.00108971679583, -0.00421455036849, 0.0100653870031, -0.00547959143296], [0.000185161654372, -0.00021711383306, 0.0007600907702, -0.000212571234442, 0.00189554167446, 0.00144078896847, 0.00166440871544, -0.00315298466012, -0.000339811900631, -0.00111508730333, -0.00185828784015, -0.00547959143296, 0.0205460712314]], "mean": [-128.191268921, 22.6485767365, -109.78238678, 22.1546936035, -63.3571434021, 9.96839237213, -34.1913795471, 1.75271344185, -19.9372062683, -1.84816217422, -12.7612009048, 0.754327237606, -9.07795524597]}, "melbands_spread": {"min": 0.204627543688, "max": 265.626342773, "dvar2": 4439.30566406, "median": 21.3795776367, "dmean2": 38.5921325684, "dmean": 23.5622558594, "var": 2825.34448242, "dvar": 1895.12976074, "mean": 40.5623550415}, "spectral_energy": {"min": 6.79584616137e-07, "max": 0.102429158986, "dvar2": 0.000219907786231, "median": 0.00632971106097, "dmean2": 0.00693841697648, "dmean": 0.00455104513094, "var": 0.000220648144023, "dvar": 8.55227044667e-05, "mean": 0.0107281506062}, "mfcc": {"cov": [[17922.2304688, -659.751525879, -719.11340332, -73.172744751, -773.324584961, -316.47567749, -270.808166504, -336.520690918, -234.968231201, -90.8410263062, -469.660491943, -440.500427246, -277.915435791], [-659.751525879, 6164.9609375, -464.312835693, -380.46963501, 10.6238555908, -971.810241699, -444.443450928, -497.447967529, -279.708618164, -457.358032227, -399.131347656, -266.889373779, -334.39743042], [-719.11340332, -464.312835693, 2323.29101562, 593.761474609, 368.097045898, -77.5981292725, -117.022819519, -191.460586548, 121.585090637, 125.505065918, -134.883789062, -31.1972122192, -19.925989151], [-73.172744751, -380.46963501, 593.761474609, 742.378601074, 38.1514663696, 12.1445865631, 81.7597045898, -44.9585800171, 57.9940872192, 45.1647071838, 7.9761505127, 27.1564178467, 7.67690992355], [-773.324584961, 10.6238555908, 368.097045898, 38.1514663696, 458.926513672, -96.5595397949, -58.2083625793, -82.6934509277, 84.210319519, 61.0394859314, -42.1922111511, 6.71115398407, -2.0876595974], [-316.47567749, -971.810241699, -77.5981292725, 12.1445865631, -96.5595397949, 757.442810059, 110.414260864, 162.385498047, -28.149061203, 135.757385254, 207.180282593, 88.2141342163, 142.678756714], [-270.808166504, -444.443450928, -117.022819519, 81.7597045898, -58.2083625793, 110.414260864, 326.322265625, 183.293746948, 71.045211792, 9.84827327728, 93.1421508789, 43.3384933472, 19.6846618652], [-336.520690918, -497.447967529, -191.460586548, -44.9585800171, -82.6934509277, 162.385498047, 183.293746948, 313.85458374, 65.2625732422, -36.6488952637, 128.076904297, 47.6129264832, 25.5200519562], [-234.968231201, -279.708618164, 121.585090637, 57.9940872192, 84.210319519, -28.149061203, 71.045211792, 65.2625732422, 170.074172974, 70.0641479492, 36.2103843689, 32.9955635071, 22.2565689087], [-90.8410263062, -457.358032227, 125.505065918, 45.1647071838, 61.0394859314, 135.757385254, 9.84827327728, -36.6488952637, 70.0641479492, 279.732208252, 44.8155403137, 45.7509460449, 61.3504676819], [-469.660491943, -399.131347656, -134.883789062, 7.9761505127, -42.1922111511, 207.180282593, 93.1421508789, 128.076904297, 36.2103843689, 44.8155403137, 198.552444458, 72.9709396362, 64.0628509521], [-440.500427246, -266.889373779, -31.1972122192, 27.1564178467, 6.71115398407, 88.2141342163, 43.3384933472, 47.6129264832, 32.9955635071, 45.7509460449, 72.9709396362, 140.827972412, 45.1428489685], [-277.915435791, -334.39743042, -19.925989151, 7.67690992355, -2.0876595974, 142.678756714, 19.6846618652, 25.5200519562, 22.2565689087, 61.3504676819, 64.0628509521, 45.1428489685, 110.893547058]], "icov": [[7.76789092924e-05, 4.33041423094e-05, 3.97083058488e-05, -1.31270726342e-05, 0.000146261168993, -1.40783195093e-05, 5.4695061408e-05, 0.000100864264823, -6.63728569634e-05, -8.83772463567e-06, 0.000144421719597, 0.000171135863638, 0.000186359582585], [4.33041423094e-05, 0.000297595543088, 7.7250348113e-05, 6.83127800585e-05, 7.26630169083e-05, 0.00015879982675, 0.000114697948447, 0.000397774507292, 5.49807300558e-05, 0.000263651716523, 2.76564037449e-06, 0.000180610266398, 0.000468205515062], [3.97083058488e-05, 7.7250348113e-05, 0.000725012505427, -0.000530691584572, -0.000313097494654, -0.000152430613525, 0.000343424646417, 0.000141829848872, -0.000400611810619, -3.87171785405e-05, 0.000495440501254, 0.00023929089366, 0.000314299220918], [-1.31270726342e-05, 6.83127800585e-05, -0.000530691584572, 0.00196304172277, 0.000287757255137, 2.90984426101e-05, -0.000862595683429, 0.000921008351725, -0.000302116764942, 0.000268923671683, -0.000421908771386, -0.000328515918227, 0.000140312942676], [0.000146261168993, 7.26630169083e-05, -0.000313097494654, 0.000287757255137, 0.00323468144052, 6.15857643425e-05, 0.000327680754708, 0.000932853494305, -0.00173193402588, -7.40021059755e-05, 0.000340065947967, -1.90161354112e-05, 0.000418128009187], [-1.40783195093e-05, 0.00015879982675, -0.000152430613525, 2.90984426101e-05, 6.15857643425e-05, 0.00281108403578, -0.000119847092719, -0.00101490842644, 0.00223546102643, -0.00108925160021, -0.00161659053992, 0.000111968307465, -0.0019043807406], [5.4695061408e-05, 0.000114697948447, 0.000343424646417, -0.000862595683429, 0.000327680754708, -0.000119847092719, 0.00530751794577, -0.00243246182799, -0.00115590170026, -0.000195292159333, -9.88368119579e-05, 1.72366144398e-05, 0.000772500701714], [0.000100864264823, 0.000397774507292, 0.000141829848872, 0.000921008351725, 0.000932853494305, -0.00101490842644, -0.00243246182799, 0.00812768004835, -0.00320230331272, 0.00268919649534, -0.00236674584448, 3.95424176531e-05, 0.00180482165888], [-6.63728569634e-05, 5.49807300558e-05, -0.000400611810619, -0.000302116764942, -0.00173193402588, 0.00223546102643, -0.00115590170026, -0.00320230331272, 0.0109459431842, -0.00288266106509, -0.000942632264923, -0.000560689193662, -0.00184757006355], [-8.83772463567e-06, 0.000263651716523, -3.87171785405e-05, 0.000268923671683, -7.40021059755e-05, -0.00108925160021, -0.000195292159333, 0.00268919649534, -0.00288266106509, 0.00590633694082, -0.000445424288046, -0.000558790692594, -0.000641075195745], [0.000144421719597, 2.76564037449e-06, 0.000495440501254, -0.000421908771386, 0.000340065947967, -0.00161659053992, -9.88368119579e-05, -0.00236674584448, -0.000942632264923, -0.000445424288046, 0.010687045753, -0.00214267312549, -0.00172894145362], [0.000171135863638, 0.000180610266398, 0.00023929089366, -0.000328515918227, -1.90161354112e-05, 0.000111968307465, 1.72366144398e-05, 3.95424176531e-05, -0.000560689193662, -0.000558790692594, -0.00214267312549, 0.00990806240588, -0.001491231611], [0.000186359582585, 0.000468205515062, 0.000314299220918, 0.000140312942676, 0.000418128009187, -0.0019043807406, 0.000772500701714, 0.00180482165888, -0.00184757006355, -0.000641075195745, -0.00172894145362, -0.001491231611, 0.0151802944019]], "mean": [-772.661315918, 62.9376678467, 6.51120662689, 9.32002067566, -2.56991624832, 3.85219454765, -3.31478905678, 2.02755331993, -2.22254610062, -2.20693492889, -1.30116677284, -0.933852553368, -2.39910125732]}, "spectral_contrast_valleys": {"min": [-14.6957921982, -14.4340085983, -15.2029733658, -15.1013174057, -14.8522109985, -16.3660888672], "max": [-6.14262628555, -5.67916250229, -5.06436014175, -4.95628356934, -5.23503828049, -6.63019943237], "dvar2": [0.835254251957, 1.64759933949, 1.84078359604, 1.86302578449, 1.66935563087, 1.46525216103], "median": [-9.57323265076, -8.48415184021, -8.60503387451, -8.71893692017, -8.47448253632, -10.5064029694], "dmean2": [0.997243463993, 1.24540400505, 1.21241462231, 1.11199486256, 0.969067215919, 0.906171441078], "dmean": [0.627940833569, 0.755432009697, 0.76836425066, 0.736725747585, 0.665112733841, 0.636322975159], "var": [2.64409589767, 2.24479675293, 2.3520462513, 2.27898025513, 2.58932995796, 3.83311963081], "dvar": [0.377843946218, 0.677545726299, 0.844024062157, 0.810674369335, 0.7629083395, 0.80256664753], "mean": [-9.77533721924, -8.57412624359, -8.75107097626, -8.88032150269, -8.7227640152, -10.6551532745]}, "barkbands_flatness_db": {"min": 0.0344252362847, "max": 0.513826608658, "dvar2": 0.00549444602802, "median": 0.153345495462, "dmean2": 0.0615833736956, "dmean": 0.0400986336172, "var": 0.00947924237698, "dvar": 0.00232313363813, "mean": 0.17604534328}, "dynamic_complexity": 4.98964548111, "erbbands_flatness_db": {"min": 0.0232459399849, "max": 0.512565732002, "dvar2": 0.00260002329014, "median": 0.190815806389, "dmean2": 0.047615006566, "dmean": 0.0337012372911, "var": 0.0104386471212, "dva