{"lowlevel": {"spectral_complexity": {"min": 0, "max": 65, "dvar2": 64.1598510742, "median": 7, "dmean2": 4.43995380402, "dmean": 3.27067995071, "var": 106.106826782, "dvar": 37.0127639771, "mean": 9.5455121994}, "silence_rate_20dB": {"min": 1, "max": 1, "dvar2": 0, "median": 1, "dmean2": 0, "dmean": 0, "var": 0, "dvar": 0, "mean": 1}, "average_loudness": 0.91153460741, "erbbands_spread": {"min": 0.633754611015, "max": 207.552825928, "dvar2": 1177.4230957, "median": 32.7177467346, "dmean2": 24.1784343719, "dmean": 15.5265026093, "var": 785.808105469, "dvar": 477.601715088, "mean": 38.6769142151}, "spectral_kurtosis": {"min": -1.629535079, "max": 388.707885742, "dvar2": 609.229431152, "median": 4.59022045135, "dmean2": 10.5435180664, "dmean": 7.03260755539, "var": 843.303833008, "dvar": 318.783966064, "mean": 12.5608110428}, "barkbands_kurtosis": {"min": -1.95709240437, "max": 3961.12817383, "dvar2": 20450.6953125, "median": 4.92447423935, "dmean2": 32.4508018494, "dmean": 20.41847229, "var": 12120.9355469, "dvar": 7765.78320312, "mean": 25.5651016235}, "spectral_strongpeak": {"min": 0, "max": 12.9944467545, "dvar2": 1.12108099461, "median": 0.447530180216, "dmean2": 0.558610737324, "dmean": 0.338107287884, "var": 0.705545902252, "dvar": 0.437522053719, "mean": 0.650773286819}, "spectral_spread": {"min": 197473.25, "max": 42244580, "dvar2": 10372672127000.0, "median": 4563146.5, "dmean2": 2356291.25, "dmean": 1624378, "var": 13244908437500.0, "dvar": 4940761661440.0, "mean": 5367044.5}, "spectral_rms": {"min": 3.14552594041e-12, "max": 0.0176388714463, "dvar2": 8.08046115708e-06, "median": 0.00387105625123, "dmean2": 0.00197231280617, "dmean": 0.00136971450411, "var": 1.45766016431e-05, "dvar": 3.89419074054e-06, "mean": 0.00463281385601}, "erbbands": {"min": [1.18056884108e-22, 1.61881719744e-21, 5.88690103618e-21, 1.41304178271e-20, 2.48715567983e-20, 2.72303527879e-20, 5.76357414218e-20, 4.49330551035e-20, 1.29797885924e-19, 2.78181382839e-19, 3.85014473136e-19, 3.99827184106e-19, 2.74967114075e-19, 6.15929437455e-19, 1.55358291595e-18, 1.60506229457e-18, 2.0376667948e-18, 2.38087375032e-18, 3.20678939692e-18, 4.1473148465e-18, 4.42796895653e-18, 4.8165018941e-18, 5.65541937236e-18, 6.88403652645e-18, 8.24537191469e-18, 8.82796597346e-18, 9.74993817549e-18, 1.05195404e-17, 1.24761559024e-17, 1.40192985583e-17, 1.2021501869e-17, 1.23581321183e-17, 1.07430487374e-17, 8.0714232765e-18, 6.1791061774e-18, 4.42279121948e-18, 2.60646058582e-18, 1.03539148531e-18, 2.79651101842e-19, 2.89553797942e-20], "max": [12.4759292603, 48.9354400635, 98.8205718994, 113.509002686, 200.981582642, 237.592483521, 457.608215332, 570.937255859, 637.852478027, 648.927001953, 760.57824707, 856.687316895, 985.502563477, 889.114868164, 834.772583008, 952.781799316, 901.06072998, 1276.37634277, 578.243469238, 585.491882324, 982.324951172, 960.116577148, 301.727783203, 336.223999023, 426.962432861, 553.760986328, 481.153564453, 256.528656006, 219.10168457, 206.459091187, 227.419815063, 225.196716309, 264.317993164, 222.799606323, 124.479408264, 37.6096878052, 12.9934053421, 2.72732543945, 0.276147156954, 0.0266177169979], "dvar2": [3.38220119476, 107.471252441, 98.2671279907, 472.368652344, 1419.27404785, 1823.26660156, 4162.03076172, 6174.67724609, 5191.18701172, 6326.40234375, 11582.1572266, 11605.5371094, 10148.6044922, 5159.79394531, 5977.08496094, 2783.1550293, 1920.1920166, 15723.3183594, 2544.90600586, 3228.94970703, 2075.55273438, 1682.23339844, 764.87109375, 1095.71936035, 875.03338623, 913.236206055, 609.070251465, 1087.875, 742.52722168, 545.991088867, 844.153686523, 1010.934021, 1342.2421875, 1070.42956543, 237.142272949, 24.1049404144, 2.09201478958, 0.149137720466, 0.00144670088775, 1.03065822259e-05], "median": [0.0106800375506, 0.104093290865, 0.212616875768, 0.571710407734, 1.26274371147, 1.3489689827, 3.0769329071, 5.19583845139, 2.63978624344, 2.00350356102, 1.70495450497, 1.71834540367, 1.99551928043, 1.49137294292, 1.97776293755, 1.28478002548, 1.09626209736, 0.906418204308, 0.740612208843, 0.833383917809, 0.599404096603, 0.558593571186, 0.612437427044, 0.717117607594, 0.800733149052, 0.764932632446, 0.568522453308, 0.339222162962, 0.284766256809, 0.249750316143, 0.26872086525, 0.199472621083, 0.115162432194, 0.061590269208, 0.0296328775585, 0.0113695105538, 0.00335119711235, 0.000517858890817, 5.43237329111e-05, 2.96451744362e-05], "dmean2": [0.879118323326, 4.66077566147, 3.4197704792, 6.80559825897, 13.7362642288, 16.1429920197, 20.7645397186, 24.9462814331, 23.553560257, 23.6199703217, 26.2102184296, 31.2349052429, 30.0437088013, 22.3527317047, 27.7058372498, 17.4924144745, 15.6507606506, 29.1100578308, 15.1214046478, 18.4233837128, 15.1782217026, 12.3172292709, 9.06730937958, 11.8776359558, 10.0262184143, 9.95513820648, 8.10887050629, 8.45966434479, 7.60985994339, 7.54442691803, 9.19256877899, 8.90008640289, 8.96545219421, 8.310338974, 4.22216844559, 1.53723633289, 0.477296441793, 0.108851321042, 0.00895562209189, 0.0006264532567], "dmean": [0.538885593414, 2.82721161842, 2.00343489647, 3.69521379471, 7.7926030159, 9.14685440063, 11.9538764954, 14.2847232819, 13.457444191, 13.8299484253, 15.2451429367, 18.7452793121, 18.1445465088, 14.4523487091, 18.8755302429, 11.5649137497, 10.0175361633, 19.2028808594, 9.92928123474, 12.1234550476, 10.7510442734, 8.09780311584, 6.11350154877, 7.75800180435, 6.75177192688, 6.56113815308, 5.37142944336, 5.65438652039, 5.0905251503, 4.89863014221, 5.93039274216, 5.71625900269, 5.52582788467, 4.9679236412, 2.57483100891, 0.945771515369, 0.299810051918, 0.0696588903666, 0.00570994243026, 0.000434788875282], "var": [2.07902860641, 53.9373550415, 31.4415416718, 100.312240601, 354.915100098, 610.183349609, 1468.57446289, 1789.48693848, 1717.23120117, 2210.14111328, 2799.88671875, 3845.94091797, 3838.4921875, 3300.87890625, 5875.34814453, 2718.91772461, 2072.49829102, 6406.55419922, 1248.65905762, 1835.73547363, 1778.38134766, 962.593994141, 510.111175537, 739.786071777, 630.285461426, 683.679016113, 471.557861328, 510.509307861, 448.389251709, 374.036590576, 479.482635498, 446.616394043, 484.333740234, 382.564666748, 101.080505371, 11.4465999603, 1.06428825855, 0.0827943533659, 0.000911307113711, 4.82121913592e-06], "dvar": [1.2305533886, 40.9314727783, 36.3487663269, 164.792663574, 510.171844482, 646.755615234, 1471.14038086, 2154.22558594, 1845.33544922, 2304.61303711, 4106.67333984, 4269.76367188, 3632.26733398, 2292.57055664, 2949.94262695, 1266.89575195, 886.290344238, 6599.64453125, 1087.46191406, 1505.77478027, 1045.03662109, 721.756469727, 334.13949585, 505.178161621, 376.485870361, 379.423553467, 279.982452393, 470.137451172, 356.403900146, 272.429901123, 390.322052002, 435.423065186, 550.879211426, 444.933288574, 105.448028564, 11.0724630356, 0.968534588814, 0.0722130462527, 0.000752918072976, 4.55011377198e-06], "mean": [0.750932097435, 3.78894495964, 2.35570192337, 3.27619576454, 7.52271986008, 10.7583007812, 15.3732223511, 17.8620986938, 15.5612487793, 17.4681510925, 14.820763588, 22.0772476196, 23.4539852142, 19.9118766785, 28.3797225952, 17.3872699738, 14.4922800064, 19.4727172852, 11.4705848694, 13.683224678, 13.55377388, 10.3798789978, 8.17846870422, 9.78483486176, 9.26195430756, 8.71207237244, 6.87616348267, 6.11329507828, 5.87748670578, 5.61342859268, 6.35685062408, 5.60901069641, 4.78747177124, 4.04761695862, 2.18183135986, 0.830644071102, 0.271103084087, 0.0636635422707, 0.00578065216541, 0.000437156821135]}, "zerocrossingrate": {"min": 0, "max": 0.521484375, "dvar2": 0.000918268924579, "median": 0.041015625, "dmean2": 0.021330403164, "dmean": 0.0190580766648, "var": 0.00597878685221, "dvar": 0.000824522227049, "mean": 0.0668395534158}, "spectral_contrast_coeffs": {"min": [-0.976393938065, -0.975269913673, -0.983695030212, -0.983837127686, -0.981350839138, -0.979542434216], "max": [-0.213498368859, -0.315622121096, -0.406493216753, -0.43248000741, -0.496803283691, -0.489942699671], "dvar2": [0.00726587511599, 0.00515704974532, 0.00416681077331, 0.00237915292382, 0.00170407781843, 0.00154497427866], "median": [-0.659679055214, -0.703582584858, -0.762212693691, -0.778539657593, -0.797466635704, -0.807202517986], "dmean2": [0.0931521058083, 0.0819959789515, 0.0704871416092, 0.0543339774013, 0.0446440391243, 0.0398286618292], "dmean": [0.0578958801925, 0.0546256378293, 0.0462854243815, 0.036579515785, 0.0313792712986, 0.0271710306406], "var": [0.0147490380332, 0.0140224853531, 0.010889487341, 0.00744090275839, 0.00675077363849, 0.00353008904494], "dvar": [0.00312222004868, 0.00249844393693, 0.00192795693874, 0.00116273027379, 0.0009773618076, 0.000756885914598], "mean": [-0.648229837418, -0.696808159351, -0.74940520525, -0.767859101295, -0.779354453087, -0.801583766937]}, "dissonance": {"min": 0.0247103311121, "max": 0.500000119209, "dvar2": 0.00303096743301, "median": 0.446554332972, "dmean2": 0.0520688965917, "dmean": 0.0318048037589, "var": 0.00327166030183, "dvar": 0.00118224706966, "mean": 0.432313889265}, "spectral_energyband_high": {"min": 7.12919666537e-21, "max": 0.0506354607642, "dvar2": 5.69968287891e-05, "median": 9.32098773774e-05, "dmean2": 0.00216859555803, "dmean": 0.00139109010343, "var": 2.84584148176e-05, "dvar": 2.62430894509e-05, "mean": 0.00144762429409}, "spectral_skewness": {"min": -0.708696246147, "max": 16.2941608429, "dvar2": 1.73417782784, "median": 1.70510172844, "dmean2": 0.89471000433, "dmean": 0.610316991806, "var": 3.25185155869, "dvar": 0.92631483078, "mean": 2.15919804573}, "spectral_flux": {"min": 6.29975863142e-11, "max": 0.494115561247, "dvar2": 0.00680486205965, "median": 0.0609425678849, "dmean2": 0.0575076192617, "dmean": 0.0385991483927, "var": 0.00816430803388, "dvar": 0.00348725239746, "mean": 0.0869211181998}, "silence_rate_30dB": {"min": 0, "max": 1, "dvar2": 0.204497024417, "median": 1, "dmean2": 0.210083141923, "dmean": 0.10503052175, "var": 0.1011492908, "dvar": 0.0940030515194, "mean": 0.885825514793}, "spectral_energyband_middle_high": {"min": 1.18537869641e-21, "max": 0.065094217658, "dvar2": 6.24621388852e-05, "median": 0.000590518466197, "dmean2": 0.00305553129874, "dmean": 0.00206987303682, "var": 5.40212022315e-05, "dvar": 3.22906780639e-05, "mean": 0.0034617043566}, "barkbands_spread": {"min": 0.0196147914976, "max": 123.084877014, "dvar2": 379.035095215, "median": 11.8623008728, "dmean2": 13.0361461639, "dmean": 8.53061008453, "var": 379.961090088, "dvar": 168.041442871, "mean": 18.9063873291}, "spectral_centroid": {"min": 43.9222831726, "max": 11705.7255859, "dvar2": 708059, "median": 963.925537109, "dmean2": 520.360107422, "dmean": 351.790161133, "var": 1521670.375, "dvar": 352952.03125, "mean": 1292.35620117}, "pitch_salience": {"min": 0.0110138067976, "max": 0.94992852211, "dvar2": 0.0276339929551, "median": 0.480709016323, "dmean2": 0.156147927046, "dmean": 0.0987479314208, "var": 0.0384958274662, "dvar": 0.0122659727931, "mean": 0.471418201923}, "erbbands_skewness": {"min": -14.4073667526, "max": 12.7640628815, "dvar2": 1.38225591183, "median": 0.514660894871, "dmean2": 0.955075562, "dmean": 0.643164873123, "var": 2.35677480698, "dvar": 0.665812671185, "mean": 0.553367435932}, "erbbands_crest": {"min": 2.50182056427, "max": 32.8711929321, "dvar2": 19.3096637726, "median": 9.44842815399, "dmean2": 4.5217871666, "dmean": 2.92163157463, "var": 30.7681350708, "dvar": 9.24198246002, "mean": 10.8009691238}, "melbands": {"min": [1.69419554538e-24, 2.7090658888e-24, 3.13605677249e-24, 2.05749695502e-24, 1.77449744401e-24, 1.18180632718e-24, 1.83230359342e-24, 3.09040046153e-24, 2.69866396891e-24, 2.10003687098e-24, 1.05305298618e-24, 1.79789446681e-24, 4.8757267964e-24, 3.71971345981e-24, 2.08605490308e-24, 4.1363684907e-24, 4.14509644775e-24, 4.62470336775e-24, 3.91779524982e-24, 4.16022206675e-24, 4.84200102055e-24, 4.59105608356e-24, 5.12852989525e-24, 4.45354973917e-24, 5.35734452283e-24, 5.45141421363e-24, 6.87941614072e-24, 5.44860862982e-24, 5.76448589121e-24, 4.34459029878e-24, 5.32883903402e-24, 5.00171971587e-24, 5.65981627643e-24, 7.20304553822e-24, 6.7527077244e-24, 6.16495152418e-24, 7.18865277101e-24, 6.37086196981e-24, 5.34403328392e-24, 5.83286356561e-24], "max": [0.0925115421414, 0.0541205331683, 0.0221433509141, 0.0123660909012, 0.0156552288681, 0.0125616407022, 0.00815873406827, 0.00645468151197, 0.00621370272711, 0.00492227450013, 0.004793651402, 0.00367932976224, 0.00377902644686, 0.00365707743913, 0.00231387163512, 0.0015560798347, 0.00253928243183, 0.000997453695163, 0.00109376420733, 0.000896265788469, 0.00126799056306, 0.00114517076872, 0.000444640754722, 0.000442311458755, 0.000306773668854, 0.00032318502781, 0.000537774292752, 0.000405942875659, 0.000302001950331, 0.0001443271467, 0.000166749086929, 0.000146607475472, 0.000104985614598, 0.000135736700031, 0.000132728731842, 0.000143177108839, 0.000209994250326, 0.000205524178455, 0.000150187843246, 0.000214344865526], "dvar2": [0.000233087979723, 4.86879544042e-05, 1.89806833077e-05, 6.51631125947e-06, 5.05901243741e-06, 3.00109081763e-06, 1.14983913591e-06, 7.41947417282e-07, 7.51141726596e-07, 4.46729160331e-07, 2.44216323608e-07, 8.06832005651e-08, 1.0855723076e-07, 3.11105345929e-08, 1.79471069117e-08, 1.28617658746e-08, 6.17812219161e-08, 7.12538739123e-09, 4.44859349358e-09, 9.01895358396e-09, 3.39400285654e-09, 2.59830690297e-09, 8.08730415969e-10, 9.34543553655e-10, 8.04695254875e-10, 1.03351371905e-09, 3.42359945948e-10, 4.78404371673e-10, 2.45698267287e-10, 2.91710683387e-10, 4.69457528407e-10, 2.93974566912e-10, 1.86130583169e-10, 1.92176066727e-10, 3.02363106774e-10, 2.98339880578e-10, 4.41919612015e-10, 7.24414972453e-10, 5.75394731861e-10, 9.30233223784e-10], "median": [0.000131820997922, 0.000142328150105, 0.000138730189065, 0.000113840222184, 0.000114728980407, 0.000115137620014, 3.87398358725e-05, 1.53257497004e-05, 1.0778723663e-05, 9.27519431571e-06, 7.25300651538e-06, 4.85308601128e-06, 5.98713359068e-06, 3.12774113809e-06, 1.83380677754e-06, 2.13690850615e-06, 1.33918877054e-06, 7.62255808695e-07, 9.68425752035e-07, 7.02298564192e-07, 5.38823087481e-07, 4.83082772007e-07, 4.75170566006e-07, 4.41133437334e-07, 4.73809393498e-07, 5.17380613019e-07, 4.64283118617e-07, 4.59956453369e-07, 3.11042384737e-07, 1.77828297865e-07, 1.65621955261e-07, 1.45712348854e-07, 1.13072452734e-07, 1.22577532125e-07, 1.64700722394e-07, 1.03627783687e-07, 1.19916720109e-07, 7.89715528526e-08, 5.2935622108e-08, 4.1703934528e-08], "dmean2": [0.00715146912262, 0.0029876306653, 0.00143924879376, 0.0010005076183, 0.000743623299059, 0.000555977283511, 0.000348530476913, 0.000250671495451, 0.000216340034967, 0.000197166358703, 0.000150089603267, 9.07947760425e-05, 0.000109137130494, 6.2205195718e-05, 4.00771896238e-05, 3.65358937415e-05, 5.68365321669e-05, 2.51900164585e-05, 2.10922753467e-05, 2.70619366347e-05, 1.80261849891e-05, 1.42062817758e-05, 9.50888079387e-06, 9.70377823251e-06, 1.00238194136e-05, 1.03888878584e-05, 5.84797817282e-06, 6.93271613272e-06, 5.17373973707e-06, 4.97743485539e-06, 5.18221486345e-06, 4.51831328974e-06, 4.11021301261e-06, 4.61159379483e-06, 5.78464641876e-06, 4.88039131596e-06, 5.81792073717e-06, 6.70286954119e-06, 5.64175297768e-06, 7.82034567237e-06], "dmean": [0.0043745781295, 0.00183550268412, 0.000790950900409, 0.000576582737267, 0.000427188177127, 0.00031897178269, 0.000199561050977, 0.000146592836245, 0.000126910439576, 0.00011855707271, 9.06521090656e-05, 5.84844747209e-05, 7.29829916963e-05, 4.26957267337e-05, 2.49540480581e-05, 2.39107976086e-05, 3.7143483496e-05, 1.62021187862e-05, 1.40865649882e-05, 1.71653009602e-05, 1.26229315356e-05, 9.0521234597e-06, 6.35758397038e-06, 6.39022528048e-06, 6.43669727651e-06, 6.80011225995e-06, 3.85812700188e-06, 4.5626247811e-06, 3.38420477419e-06, 3.28585656462e-06, 3.4050940485e-06, 3.02803050545e-06, 2.65008225142e-06, 2.95352629109e-06, 3.71199303117e-06, 3.08442440655e-06, 3.74314367946e-06, 4.1010730456e-06, 3.4324009448e-06, 4.62649222754e-06], "var": [0.000132363231387, 2.51714900514e-05, 4.11769997299e-06, 1.90682919765e-06, 1.82581402441e-06, 8.66499476615e-07, 3.66710878552e-07, 2.39474729824e-07, 1.89374517845e-07, 1.49658177406e-07, 9.50738581196e-08, 5.25851113764e-08, 9.76091314442e-08, 5.96515761231e-08, 1.24332597551e-08, 9.72672875577e-09, 2.40282620467e-08, 3.23036219996e-09, 2.93270252527e-09, 3.90350018975e-09, 3.14442694105e-09, 1.22747823017e-09, 6.06386107993e-10, 6.31924568228e-10, 5.11517772583e-10, 5.4827925533e-10, 3.32356725474e-10, 3.27396332267e-10, 1.90189142213e-10, 1.71036379504e-10, 1.93059290776e-10, 1.52377221951e-10, 1.2636930391e-10, 1.23160107113e-10, 1.79344886164e-10, 1.32971078592e-10, 1.88280974145e-10, 2.55622911727e-10, 1.96380314788e-10, 3.31423499755e-10], "dvar": [8.48660274642e-05, 1.95331285795e-05, 6.63730270389e-06, 2.36131586462e-06, 1.78625589342e-06, 1.04471223494e-06, 4.0685233671e-07, 2.69064855729e-07, 2.6830554134e-07, 1.63464534353e-07, 8.75080061746e-08, 3.56588998329e-08, 5.22942791292e-08, 1.77509384969e-08, 7.29627158691e-09, 5.91967319608e-09, 2.57072620968e-08, 2.9586177952e-09, 2.10142059309e-09, 3.86021214993e-09, 1.73530689818e-09, 1.08014885924e-09, 3.65858870977e-10, 4.14981882191e-10, 3.65831503979e-10, 4.26989665847e-10, 1.54842971778e-10, 1.94956120692e-10, 1.11681476567e-10, 1.27070368117e-10, 1.95722368868e-10, 1.32572189337e-10, 9.39218425255e-11, 9.29174653885e-11, 1.4353065958e-10, 1.25916249649e-10, 1.88464660544e-10, 2.95088481428e-10, 2.32347904805e-10, 3.88082482816e-10], "mean": [0.00616644928232, 0.002542123897, 0.00072137900861, 0.000624489213806, 0.000562174711376, 0.000401112745749, 0.000235079744016, 0.000178498026798, 0.000125485501485, 0.000142413016874, 0.000116413910291, 7.80398258939e-05, 0.000103687911178, 6.86387720634e-05, 3.16102523357e-05, 3.18574275298e-05, 3.61442689609e-05, 1.8045098841e-05, 1.73238240677e-05, 1.70004404936e-05, 1.60391355166e-05, 1.06080378828e-05, 8.44260739541e-06, 7.98640576249e-06, 7.69438611314e-06, 8.3957793322e-06, 5.28589089299e-06, 5.77450964556e-06, 4.2024398681e-06, 3.75302670363e-06, 3.45672242474e-06, 3.32308900397e-06, 3.11454505209e-06, 3.20794310937e-06, 3.90958166463e-06, 3.15282045449e-06, 3.55253496309e-06, 3.48693060914e-06, 2.89560898636e-06, 3.69545546164e-06]}, "spectral_entropy": {"min": 2.89745998383, "max": 9.82076263428, "dvar2": 0.418444335461, "median": 7.05088853836, "dmean2": 0.524869978428, "dmean": 0.385345190763, "var": 0.990230381489, "dvar": 0.231505721807, "mean": 7.04228210449}, "spectral_rolloff": {"min": 21.533203125, "max": 19315.2832031, "dvar2": 8648420, "median": 689.0625, "dmean2": 1501.20593262, "dmean": 899.840270996, "var": 8562491, "dvar": 3993533.25, "mean": 1878.90332031}, "barkbands": {"min": [9.62270281559e-25, 1.01773556512e-23, 3.91365570222e-24, 6.16001266326e-25, 8.47879849389e-24, 8.8600668023e-24, 9.68774360836e-24, 1.05247187179e-23, 1.30762869493e-23, 9.94555597396e-24, 2.6820434585e-23, 3.46712256454e-23, 2.57925803799e-23, 3.81765543213e-23, 5.64973345077e-23, 4.18333947781e-23, 7.56685288381e-23, 1.01766382611e-22, 1.36238726956e-22, 2.16041435985e-22, 2.57691852898e-22, 3.39755904287e-22, 4.51754058963e-22, 6.67650824168e-22, 8.19771731905e-22, 1.39302556689e-21, 2.06188702118e-21], "max": [0.0309305004776, 0.279524207115, 0.0827954560518, 0.0532272607088, 0.0592112243176, 0.0677604228258, 0.0351425968111, 0.0324859321117, 0.0355471856892, 0.0202662013471, 0.0259445570409, 0.0246156845242, 0.0181220714003, 0.0232778303325, 0.0103223212063, 0.0142237236723, 0.0135813942179, 0.00764890387654, 0.00650023948401, 0.0100423339754, 0.00750985229388, 0.0064918063581, 0.00832821056247, 0.0136682735756, 0.0175492595881, 0.00780577398837, 0.00212349696085], "dvar2": [6.12444773651e-06, 0.00253671128303, 8.56744663906e-05, 9.15783675737e-05, 0.000129269552417, 7.82749484642e-05, 2.31638550758e-05, 2.03712934308e-05, 2.13422918023e-05, 6.1526366153e-06, 6.7884479904e-06, 1.98169823307e-06, 1.11661768187e-06, 5.59627096663e-06, 5.85424629662e-07, 1.33432183702e-06, 6.4215777229e-07, 3.09518497943e-07, 4.68517953323e-07, 3.09765113116e-07, 4.06142845577e-07, 6.55212772926e-07, 9.22865012853e-07, 3.44759450854e-06, 6.11505765846e-06, 9.07252399429e-07, 7.6172717911e-08], "median": [2.47428579314e-05, 0.000519210181665, 9.57353331614e-05, 0.000214365398278, 0.000590542738792, 0.000591399963014, 0.000114567104902, 4.17299524997e-05, 7.12603796273e-05, 2.60450597125e-05, 2.69706542895e-05, 2.55399827438e-05, 2.16203970922e-05, 1.51019494297e-05, 1.23139716379e-05, 1.00889783425e-05, 8.88466274773e-06, 8.59914962348e-06, 1.35772352223e-05, 1.55322359205e-05, 9.32019702304e-06, 7.22883578419e-06, 8.85252575245e-06, 8.37481820781e-06, 5.18736851518e-06, 2.06723802876e-06, 1.63582797086e-07], "dmean2": [0.00122488848865, 0.0233473069966, 0.00286511075683, 0.00313604576513, 0.00465558469296, 0.00287122139707, 0.00159766513389, 0.00113803613931, 0.00137628905941, 0.000777892244514, 0.000796044361778, 0.000494703825098, 0.000371891073883, 0.000567145994864, 0.00026012113085, 0.00036506075412, 0.000245736853685, 0.000181909228559, 0.000240465451498, 0.000191099417862, 0.000193121741177, 0.000215927226236, 0.000310351984808, 0.000486505043227, 0.000657624041196, 0.000298248720355, 5.9856371081e-05], "dmean": [0.000763986783568, 0.0142647996545, 0.00153914629482, 0.00169717054814, 0.00272072292864, 0.00164710148238, 0.000921782338992, 0.000654390489217, 0.000841507746372, 0.000473000167403, 0.00051875639474, 0.00033606114448, 0.000235137544223, 0.000364650739357, 0.00017097183445, 0.00024468745687, 0.000156924477778, 0.000119416843518, 0.000159849325428, 0.000126853192342, 0.000129895313876, 0.000145572514157, 0.000199537738808, 0.000305538182147, 0.000398296164349, 0.000186226185178, 4.00140706915e-05], "var": [4.51863934359e-06, 0.00139076251071, 1.85886838153e-05, 1.91275667021e-05, 4.62770258309e-05, 2.1964264306e-05, 8.05317085906e-06, 5.09298524776e-06, 7.66240009398e-06, 2.80280391962e-06, 5.12489214088e-06, 3.19149762618e-06, 1.02303818039e-06, 2.06431514016e-06, 3.93550408262e-07, 7.62279569244e-07, 3.26840876141e-07, 2.04288539862e-07, 2.88406567961e-07, 2.46882535748e-07, 2.7196020369e-07, 3.71647132624e-07, 5.51028676909e-07, 1.40517431646e-06, 2.42420924224e-06, 4.34610115008e-07, 4.53119888277e-08], "dvar": [2.49323443313e-06, 0.000934439129196, 2.96475718642e-05, 3.16910227411e-05, 4.75731503684e-05, 2.72300767392e-05, 8.30262160889e-06, 7.25643121768e-06, 7.89800651546e-06, 2.27988812185e-06, 3.14852218253e-06, 1.03490822312e-06, 4.96556140206e-07, 2.28602584684e-06, 2.70694272331e-07, 6.03621970185e-07, 2.64771898628e-07, 1.40273414218e-07, 2.00332706868e-07, 1.33213617914e-07, 1.88508238352e-07, 3.04665292106e-07, 4.35459554637e-07, 1.47030448261e-06, 2.64523532678e-06, 4.13581432213e-07, 3.78852682559e-08], "mean": [0.00100068713073, 0.0200317446142, 0.00137833296321, 0.00141762220301, 0.00321729108691, 0.00207446748391, 0.00113702623639, 0.000618645863142, 0.00105794041883, 0.000571543409023, 0.000688771426212, 0.000529179349542, 0.000316954829032, 0.000351818162017, 0.000216248605284, 0.000271446479019, 0.000185688812053, 0.000146541875438, 0.000200013964786, 0.00016792138922, 0.000156320951646, 0.000165337216458, 0.000216673142859, 0.000281662563793, 0.000332090683514, 0.000164928089362, 4.02407167712e-05]}, "melbands_flatness_db": {"min": 0.00331516074948, "max": 1, "dvar2": 0.00675487192348, "median": 0.280129313469, "dmean2": 0.0713675096631, "dmean": 0.0529842562973, "var": 0.0242346264422, "dvar": 0.00398657890037, "mean": 0.298007488251}, "melbands_skewness": {"min": -5.25134706497, "max": 55.7403450012, "dvar2": 12.4316320419, "median": 2.81442737579, "dmean2": 2.35443329811, "dmean": 1.54767811298, "var": 12.4495258331, "dvar": 5.27625894547, "mean": 3.64040517807}, "barkbands_skewness": {"min": -14.6578807831, "max": 51.6759338379, "dvar2": 8.62962341309, "median": 1.88582396507, "dmean2": 1.96518027782, "dmean": 1.31519591808, "var": 11.0348215103, "dvar": 3.83792710304, "mean": 2.49838018417}, "silence_rate_60dB": {"min": 0, "max": 1, "dvar2": 0.107737205923, "median": 0, "dmean2": 0.113988004625, "dmean": 0.0570406243205, "var": 0.204085990787, "dvar": 0.0537916235626, "mean": 0.285699248314}, "spectral_energyband_low": {"min": 3.25537620481e-23, "max": 0.29930305481, "dvar2": 0.00262091355398, "median": 0.00134446215816, "dmean2": 0.0243893489242, "dmean": 0.0151848411188, "var": 0.00166957313195, "dvar": 0.00100048736203, "mean": 0.0228918641806}, "spectral_energyband_middle_low": {"min": 1.34228053037e-22, "max": 0.151584982872, "dvar2": 0.000872269214597, "median": 0.00454874197021, "dmean2": 0.0118224816397, "dmean": 0.00690747564659, "var": 0.000282434339169, "dvar": 0.000316558900522, "mean": 0.00970765110105}, "melbands_kurtosis": {"min": -1.96022379398, "max": 6342.79541016, "dvar2": 39022.3710938, "median": 12.1626329422, "dmean2": 51.8465690613, "dmean": 32.2231559753, "var": 15817.4121094, "dvar": 15428.3935547, "mean": 42.0500984192}, "spectral_decrease": {"min": -8.36541502736e-08, "max": 2.65511865966e-11, "dvar2": 1.94928393601e-16, "median": -3.70863029175e-09, "dmean2": 8.02883359796e-09, "dmean": 5.20001508519e-09, "var": 1.55240519273e-16, "dvar": 8.0747743506e-17, "mean": -9.23884169168e-09}, "erbbands_kurtosis": {"min": -1.95232248306, "max": 361.086639404, "dvar2": 262.792663574, "median": 0.542960882187, "dmean2": 4.98699378967, "dmean": 3.16456341743, "var": 209.09765625, "dvar": 112.325889587, "mean": 3.67147469521}, "melbands_crest": {"min": 1.73549556732, "max": 39.2955284119, "dvar2": 34.1368904114, "median": 16.2714767456, "dmean2": 6.13931465149, "dmean": 3.87707233429, "var": 63.8981056213, "dvar": 15.7859516144, "mean": 17.7459125519}, "gfcc": {"cov": [[39407.1953125, -2565.65307617, -404.229034424, 924.852111816, -1705.25915527, 793.062011719, -678.33795166, 664.525878906, -800.558898926, 309.705932617, -582.020263672, 137.944534302, -289.557067871], [-2565.65307617, 5228.27929688, -132.794677734, -465.283477783, 1179.0255127, -610.235778809, 664.519592285, -353.522613525, 335.451049805, -202.854949951, 372.208953857, -334.264923096, 400.728729248], [-404.229034424, -132.794677734, 2545.96191406, 591.736450195, 318.369842529, 768.970031738, 9.98032283783, 40.2249412537, 58.5448074341, 106.548561096, 3.62982177734, 106.502380371, -131.882415771], [924.852111816, -465.283477783, 591.736450195, 1394.78137207, 298.571075439, 223.678985596, 157.271621704, 213.977340698, 207.128723145, 4.98232746124, 12.4016618729, 89.008354187, 54.4014205933], [-1705.25915527, 1179.0255127, 318.369842529, 298.571075439, 1116.13916016, 127.879318237, 384.153594971, 71.7202301025, 251.645385742, -14.1320772171, 140.324264526, -22.4248657227, 70.1525039673], [793.062011719, -610.235778809, 768.970031738, 223.678985596, 127.879318237, 850.38873291, 81.779838562, 73.0046768188, -11.9526920319, 91.5507965088, 37.6115722656, 61.0020980835, -147.185913086], [-678.33795166, 664.519592285, 9.98032283783, 157.271621704, 384.153594971, 81.779838562, 481.552978516, 64.9663085938, 159.203475952, 33.2666816711, 121.291290283, -18.7027931213, 90.8573608398], [664.525878906, -353.522613525, 40.2249412537, 213.977340698, 71.7202301025, 73.0046768188, 64.9663085938, 332.403198242, 86.0880050659, 49.5779495239, -16.5129833221, 91.5395431519, 18.0665454865], [-800.558898926, 335.451049805, 58.5448074341, 207.128723145, 251.645385742, -11.9526920319, 159.203475952, 86.0880050659, 340.72756958, 35.8616485596, 57.2487449646, 62.3296890259, 96.8763580322], [309.705932617, -202.854949951, 106.548561096, 4.98232746124, -14.1320772171, 91.5507965088, 33.2666816711, 49.5779495239, 35.8616485596, 197.667709351, 17.0893192291, 36.7677574158, -13.9132862091], [-582.020263672, 372.208953857, 3.62982177734, 12.4016618729, 140.324264526, 37.6115722656, 121.291290283, -16.5129833221, 57.2487449646, 17.0893192291, 211.868911743, 14.7774581909, 16.2387123108], [137.944534302, -334.264923096, 106.502380371, 89.008354187, -22.4248657227, 61.0020980835, -18.7027931213, 91.5395431519, 62.3296890259, 36.7677574158, 14.7774581909, 215.257019043, -11.7068777084], [-289.557067871, 400.728729248, -131.882415771, 54.4014205933, 70.1525039673, -147.185913086, 90.8573608398, 18.0665454865, 96.8763580322, -13.9132862091, 16.2387123108, -11.7068777084, 218.48248291]], "icov": [[3.52794922946e-05, -4.1749997763e-05, 3.61008787877e-05, -6.01220308454e-05, 6.6958127718e-05, -7.43835626054e-05, 4.23937308369e-05, -8.8422333647e-05, 9.74010981736e-05, -8.01418282208e-05, 9.15050986805e-05, -3.07319205604e-05, 2.14262290683e-05], [-4.1749997763e-05, 0.000602155807428, -0.000210804064409, 0.000355230673449, -0.000477623572806, 0.000487632059958, -0.000415574177168, 0.000462212279672, -0.000315175449941, 0.000459931819933, -0.000635280623101, 0.000526949763298, -0.000514516257681], [3.61008787877e-05, -0.000210804064409, 0.000709623913281, -0.000343659950886, 1.0175926036e-05, -0.00069573125802, 0.000378895929316, 3.61932943633e-05, 0.000148143037222, -0.000380921090255, 0.000380650744773, -0.000337926467182, 0.000179543756531], [-6.01220308454e-05, 0.000355230673449, -0.000343659950886, 0.00121666397899, -0.000369659130229, 0.000246901181526, -0.000356108997948, -0.000143091776408, -0.000617460522335, 0.000631338218227, -0.000328096357407, 0.000247802527156, -0.000445012788987], [6.6958127718e-05, -0.000477623572806, 1.0175926036e-05, -0.000369659130229, 0.00188851531129, -0.000419444811996, -0.00052418874111, -0.000548794167116, -0.000378411263227, 6.16897959844e-05, 0.000178119589691, -1.41618265843e-05, 0.000595094170421], [-7.43835626054e-05, 0.000487632059958, -0.00069573125802, 0.000246901181526, -0.000419444811996, 0.00243083806708, -0.000860627915245, 0.000179030495929, -6.66433043079e-05, 9.73529131443e-06, -0.00076947855996, 0.000274408783298, 0.000743018870708], [4.23937308369e-05, -0.000415574177168, 0.000378895929316, -0.000356108997948, -0.00052418874111, -0.000860627915245, 0.00398956425488, -0.00072438683128, -0.000311275478452, -0.000810865662061, -0.00080198852811, 0.000376409734599, -0.000708704639692], [-8.8422333647e-05, 0.000462212279672, 3.61932943633e-05, -0.000143091776408, -0.000548794167116, 0.000179030495929, -0.00072438683128, 0.00454987538978, -0.000673450995237, -0.000284754816676, 0.000373119750293, -0.00109875237104, -0.000491775514092], [9.74010981736e-05, -0.000315175449941, 0.000148143037222, -0.000617460522335, -0.000378411263227, -6.66433043079e-05, -0.000311275478452, -0.000673450995237, 0.00512813962996, -0.00106285198126, 0.000142039047205, -0.00151052174624, -0.00122094876133], [-8.01418282208e-05, 0.000459931819933, -0.000380921090255, 0.000631338218227, 6.16897959844e-05, 9.73529131443e-06, -0.000810865662061, -0.000284754816676, -0.00106285198126, 0.00631279498339, -0.000879817700479, 3.45079060935e-05, -4.89060948894e-05], [9.15050986805e-05, -0.000635280623101, 0.000380650744773, -0.000328096357407, 0.000178119589691, -0.00076947855996, -0.00080198852811, 0.000373119750293, 0.000142039047205, -0.000879817700479, 0.0066888728179, -0.00140512839425, 0.000633575255051], [-3.07319205604e-05, 0.000526949763298, -0.000337926467182, 0.000247802527156, -1.41618265843e-05, 0.000274408783298, 0.000376409734599, -0.00109875237104, -0.00151052174624, 3.45079060935e-05, -0.00140512839425, 0.00649564014748, -2.47212865361e-05], [2.14262290683e-05, -0.000514516257681, 0.000179543756531, -0.000445012788987, 0.000595094170421, 0.000743018870708, -0.000708704639692, -0.000491775514092, -0.00122094876133, -4.89060948894e-05, 0.000633575255051, -2.47212865361e-05, 0.00690300948918]], "mean": [-126.047088623, 90.2807922363, -89.1301040649, 21.2688732147, -54.5132789612, 9.61491394043, -32.3857040405, 5.19288444519, -22.0773925781, 2.63262820244, -7.12779998779, 3.76225304604, -4.65431022644]}, "melbands_spread": {"min": 0.0224935077131, "max": 298.587036133, "dvar2": 1579.01525879, "median": 11.4899864197, "dmean2": 18.1128635406, "dmean": 11.393078804, "var": 1211.00793457, "dvar": 648.682250977, "mean": 22.938615799}, "spectral_energy": {"min": 1.01416923289e-20, "max": 0.318908065557, "dvar2": 0.00318315438926, "median": 0.0153597034514, "dmean2": 0.0322583094239, "dmean": 0.0209466125816, "var": 0.00245528179221, "dvar": 0.00134205573704, "mean": 0.0369404293597}, "mfcc": {"cov": [[23910.2109375, 730.157287598, -820.446533203, 210.484191895, -520.534729004, -423.344512939, -92.0602493286, -106.246406555, -53.6773033142, 392.640197754, -343.665130615, -487.719360352, -158.717788696], [730.157287598, 4119.23535156, -44.105594635, 180.738296509, 144.409164429, 118.405952454, 227.485214233, -65.962097168, 17.4023609161, 124.910568237, -16.1501216888, 29.7451877594, 47.6971740723], [-820.446533203, -44.105594635, 1688.88269043, 153.99029541, 419.261932373, 501.189605713, 170.434112549, 150.309204102, 5.05746841431, 13.6791305542, 111.311698914, 59.1071739197, -9.79571151733], [210.484191895, 180.738296509, 153.99029541, 1084.56787109, 396.62802124, 91.3929901123, 86.7867660522, 197.785507202, 255.647079468, 60.8986129761, 34.9683113098, 154.164001465, 93.5582885742], [-520.534729004, 144.409164429, 419.261932373, 396.62802124, 661.285400391, 348.935668945, 173.890228271, 213.508392334, 160.077865601, 62.6499671936, 78.8359985352, 120.265258789, 20.7293949127], [-423.344512939, 118.405952454, 501.189605713, 91.3929901123, 348.935668945, 610.979919434, 252.666656494, 175.516647339, 72.6026992798, 85.8910980225, 155.726638794, 81.8717041016, 19.4135322571], [-92.0602493286, 227.485214233, 170.434112549, 86.7867660522, 173.890228271, 252.666656494, 398.430847168, 137.19178772, 27.2069396973, 100.862998962, 69.1169586182, 55.231716156, 26.4432296753], [-106.246406555, -65.962097168, 150.309204102, 197.785507202, 213.508392334, 175.516647339, 137.19178772, 304.849334717, 151.310424805, 34.0540809631, 78.2568740845, 133.530395508, 60.2256889343], [-53.6773033142, 17.4023609161, 5.05746841431, 255.647079468, 160.077865601, 72.6026992798, 27.2069396973, 151.310424805, 300.442962646, 84.3226013184, 19.3419551849, 79.5993041992, 93.2139282227], [392.640197754, 124.910568237, 13.6791305542, 60.8986129761, 62.6499671936, 85.8910980225, 100.862998962, 34.0540809631, 84.3226013184, 234.789306641, 40.6213302612, -43.2607688904, 26.5896129608], [-343.665130615, -16.1501216888, 111.311698914, 34.9683113098, 78.8359985352, 155.726638794, 69.1169586182, 78.2568740845, 19.3419551849, 40.6213302612, 218.61769104, 106.740577698, 9.0862865448], [-487.719360352, 29.7451877594, 59.1071739197, 154.164001465, 120.265258789, 81.8717041016, 55.231716156, 133.530395508, 79.5993041992, -43.2607688904, 106.740577698, 281.064208984, 75.1711502075], [-158.717788696, 47.6971740723, -9.79571151733, 93.5582885742, 20.7293949127, 19.4135322571, 26.4432296753, 60.2256889343, 93.2139282227, 26.5896129608, 9.0862865448, 75.1711502075, 172.61416626]], "icov": [[4.76577006339e-05, -8.51592631079e-06, 1.36030539579e-05, -3.45715452568e-05, 5.40575965715e-05, -8.04605497251e-06, 2.57093561231e-05, -6.83848993503e-05, 4.24062636739e-05, -0.000106631319795, 7.15670030331e-05, 3.63178696716e-05, 5.39609463885e-05], [-8.51592631079e-06, 0.000266549672233, 2.42066162173e-05, -3.12013944495e-05, -6.1481812736e-05, -3.0558083381e-05, -0.000169316335814, 0.000244395458139, 7.70205497247e-06, -8.56948172441e-05, 7.94942679931e-05, -0.000108173095214, -5.97464058956e-05], [1.36030539579e-05, 2.42066162173e-05, 0.000846132286824, -6.07753245276e-05, -0.000282469030935, -0.000618539517745, 0.000122144148918, -9.5012372185e-05, 0.000327282701619, 9.57784577622e-05, 3.77209107683e-05, 0.000116965769848, -3.97099574911e-05], [-3.45715452568e-05, -3.12013944495e-05, -6.07753245276e-05, 0.00145661958959, -0.000825087772682, 0.000482586707221, -0.000115765862574, -2.38251559495e-05, -0.000764033000451, 4.75283668493e-05, -4.60576957266e-05, -0.000299766630633, -0.000207022734685], [5.40575965715e-05, -6.1481812736e-05, -0.000282469030935, -0.000825087772682, 0.00329233449884, -0.0012849177001, -3.16000769089e-05, -0.000754590146244, -0.000499386398587, -0.000239780769334, 0.000636032433249, -0.00045877636876, 0.000988043146208], [-8.04605497251e-06, -3.0558083381e-05, -0.000618539517745, 0.000482586707221, -0.0012849177001, 0.00387470936403, -0.00135500892065, -0.000305058929371, -0.00034222038812, 3.79644407076e-05, -0.00175498903263, 0.000513893435709, -0.000215538224438], [2.57093561231e-05, -0.000169316335814, 0.000122144148918, -0.000115765862574, -3.16000769089e-05, -0.00135500892065, 0.00433576060459, -0.00164214044344, 0.00151843414642, -0.00175844214391, 0.00059272244107, -0.000439949828433, -0.000183676398592], [-6.83848993503e-05, 0.000244395458139, -9.5012372185e-05, -2.38251559495e-05, -0.000754590146244, -0.000305058929371, -0.00164214044344, 0.00685565872118, -0.00256392266601, 0.000810427998658, -0.000679901277181, -0.00147091387771, -0.000202294788323], [4.24062636739e-05, 7.70205497247e-06, 0.000327282701619, -0.000764033000451, -0.000499386398587, -0.00034222038812, 0.00151843414642, -0.00256392266601, 0.00683865975589, -0.00245154113509, 0.00108923309017, -0.000564317509998, -0.00189695484005], [-0.000106631319795, -8.56948172441e-05, 9.57784577622e-05, 4.75283668493e-05, -0.000239780769334, 3.79644407076e-05, -0.00175844214391, 0.000810427998658, -0.00245154113509, 0.00703137367964, -0.00228289910592, 0.00271551939659, -0.00090520340018], [7.15670030331e-05, 7.94942679931e-05, 3.77209107683e-05, -4.60576957266e-05, 0.000636032433249, -0.00175498903263, 0.00059272244107, -0.000679901277181, 0.00108923309017, -0.00228289910592, 0.0076427096501, -0.00328600988723, 0.00113052641973], [3.63178696716e-05, -0.000108173095214, 0.000116965769848, -0.000299766630633, -0.00045877636876, 0.000513893435709, -0.000439949828433, -0.00147091387771, -0.000564317509998, 0.00271551939659, -0.00328600988723, 0.00701414840296, -0.00218485482037], [5.39609463885e-05, -5.97464058956e-05, -3.97099574911e-05, -0.000207022734685, 0.000988043146208, -0.000215538224438, -0.000183676398592, -0.000202294788323, -0.00189695484005, -0.00090520340018, 0.00113052641973, -0.00218485482037, 0.0080294366926]], "mean": [-765.29901123, 116.89717865, 25.6257228851, 17.3377151489, 3.75847053528, 3.43679690361, 3.01595139503, 1.87410569191, -4.90350389481, 0.443893581629, -4.23307418823, 1.31884229183, 2.32457852364]}, "spectral_contrast_valleys": {"min": [-27.8583011627, -27.9982433319, -27.6117973328, -27.5214614868, -27.5086860657, -27.4376602173], "max": [-4.90899658203, -3.61190772057, -4.44064188004, -5.2771897316, -5.53739881516, -6.8055062294], "dvar2": [0.604721128941, 1.16046905518, 1.0591468811, 0.848818838596, 0.951708734035, 1.82728767395], "median": [-8.10827350616, -8.01006698608, -8.62558460236, -9.2676115036, -8.97079944611, -10.8375282288], "dmean2": [0.840569615364, 0.949858188629, 0.896644294262, 0.790553450584, 0.770238101482, 1.03925836086], "dmean": [0.577169597149, 0.642090320587, 0.618596374989, 0.584594070911, 0.588465511799, 0.869974851608], "var": [5.70229625702, 4.60243415833, 4.61079406738, 4.56140375137, 4.97396707535, 6.62033653259], "dvar": [0.373346865177, 0.602774441242, 0.57638579607, 0.515013515949, 0.601463735104, 1.07057642937], "mean": [-8.53703975677, -8.22027111053, -8.87108230591, -9.53345298767, -9.42426204681, -11.4286241531]}, "barkbands_flatness_db": {"min": 0.0114477220923, "max": 0.899280309677, "dvar2": 0.00480282027274, "median": 0.204002484679, "dmean2": 0.0617029778659, "dmean": 0.0456956848502, "var": 0.0152775244787, "dvar": 0.00286841229536, "mean": 0.221887528896}, "dynamic_complexity": 7.33828830719, "erbbands_flatness_db": {"min": 0.0478762127459, "max": 0.525018751621, "dvar2": 0.00248522963375, "median": 0.180828645825, "dmean2": 0.0448200255632, "dmean": 0.0339844599366, "var": 0.00648595299572, "dvar": 0.00147668120917, "mean": 0.19