{"lowlevel": {"spectral_complexity": {"min": 0, "max": 63, "dvar2": 39.5313987732, "median": 23, "dmean2": 6.20201301575, "dmean": 4.08618021011, "var": 159.123123169, "dvar": 20.8048992157, "mean": 23.8752841949}, "silence_rate_20dB": {"min": 1, "max": 1, "dvar2": 0, "median": 1, "dmean2": 0, "dmean": 0, "var": 0, "dvar": 0, "mean": 1}, "average_loudness": 0.951090157032, "erbbands_spread": {"min": 2.3930785656, "max": 155.76121521, "dvar2": 230.325256348, "median": 43.4921264648, "dmean2": 13.4422359467, "dmean": 8.6605424881, "var": 350.398345947, "dvar": 97.0866241455, "mean": 45.5857620239}, "spectral_kurtosis": {"min": -1.09397864342, "max": 69.7453155518, "dvar2": 11.45291996, "median": 3.03175640106, "dmean2": 1.91658806801, "dmean": 1.15636718273, "var": 15.2259635925, "dvar": 4.1292757988, "mean": 3.72202181816}, "barkbands_kurtosis": {"min": -1.9545570612, "max": 212.322479248, "dvar2": 131.384963989, "median": 0.390501618385, "dmean2": 4.82390022278, "dmean": 2.9569644928, "var": 159.900482178, "dvar": 55.4410972595, "mean": 4.00172519684}, "spectral_strongpeak": {"min": 0, "max": 10.6638689041, "dvar2": 1.89715194702, "median": 0.321634292603, "dmean2": 0.767325043678, "dmean": 0.448055386543, "var": 1.3290630579, "dvar": 0.764940202236, "mean": 0.739799916744}, "spectral_spread": {"min": 1284393.5, "max": 14319438, "dvar2": 754357567488, "median": 4709395, "dmean2": 678003.0625, "dmean": 453373.96875, "var": 2008124358660.0, "dvar": 360808185856, "mean": 4754153}, "spectral_rms": {"min": 5.64931667668e-07, "max": 0.0117924334481, "dvar2": 3.28283203999e-06, "median": 0.00469056097791, "dmean2": 0.00132870627567, "dmean": 0.000807476579212, "var": 2.3114605483e-06, "dvar": 1.25473661683e-06, "mean": 0.0047625428997}, "erbbands": {"min": [1.79652570598e-09, 9.37995014993e-09, 2.56400376486e-08, 3.68729935474e-08, 2.55394212445e-08, 2.20380886873e-08, 9.19855054349e-08, 1.69630212099e-07, 1.23612224456e-07, 1.62159963679e-07, 3.07029324631e-07, 1.83042047297e-07, 1.96739790681e-07, 1.78239318416e-07, 5.39168354408e-08, 1.7777450978e-07, 1.66570885085e-07, 3.13462834356e-07, 5.12928977514e-07, 5.15239662491e-07, 6.44495628421e-07, 1.46949716395e-07, 2.04158581596e-07, 1.48598260807e-07, 9.61912363096e-08, 7.85685330129e-08, 1.02480079534e-07, 1.91300543406e-07, 1.39473186778e-07, 1.27837765262e-07, 7.86877336623e-08, 3.32199512343e-08, 2.14603055326e-08, 2.47462033087e-08, 1.85882438331e-08, 2.82350072212e-08, 2.15258193492e-08, 1.03929146178e-07, 5.46820855263e-09, 2.00817723561e-10], "max": [2.9541721344, 22.0303440094, 56.9261665344, 160.626235962, 121.931564331, 248.393875122, 159.903030396, 183.878845215, 396.032348633, 487.47088623, 1206.04406738, 797.908935547, 598.153137207, 1514.49804688, 1287.40588379, 1485.34326172, 549.192932129, 678.591186523, 1844.49060059, 995.74029541, 657.588806152, 1322.60229492, 757.39050293, 484.669891357, 321.878112793, 480.493255615, 403.079223633, 535.782226562, 840.065673828, 824.509216309, 558.44329834, 212.06590271, 96.3062591553, 56.6117706299, 24.2829093933, 15.1484441757, 5.84002494812, 1.82087087631, 0.283676475286, 0.00773509545252], "dvar2": [0.255695909262, 14.9988002777, 90.8998031616, 121.103691101, 196.10194397, 1432.5501709, 193.19593811, 297.222076416, 1463.5333252, 2914.11279297, 5750.77783203, 2276.79833984, 1253.39831543, 5662.18554688, 2144.30053711, 6521.75244141, 1273.16015625, 1033.12927246, 3891.96630859, 4077.98779297, 2182.47290039, 2842.87402344, 953.919616699, 1072.75891113, 963.515563965, 1195.54931641, 1046.73339844, 1076.19128418, 1210.74169922, 1062.65344238, 452.857208252, 141.809829712, 37.2213592529, 6.5211763382, 1.81707632542, 0.600792884827, 0.0474064387381, 0.00246203644201, 6.87277497491e-05, 1.92961039147e-07], "median": [0.0760549455881, 0.861674308777, 2.27073526382, 3.66586494446, 4.56352710724, 5.19519519806, 5.07194519043, 6.86355304718, 6.88442564011, 4.38993263245, 3.05356264114, 6.28420782089, 7.1034116745, 8.88245391846, 11.0233650208, 12.3870925903, 7.86632728577, 4.95678377151, 8.67741584778, 18.0767288208, 20.950176239, 18.21043396, 17.4821949005, 22.36835289, 21.2031269073, 15.3125839233, 9.85101413727, 7.55378675461, 6.3416185379, 4.47215652466, 2.19751834869, 1.99188876152, 1.06611204147, 0.530728459358, 0.252371549606, 0.121400877833, 0.0297425016761, 0.00511230528355, 0.000531765399501, 6.06957619311e-05], "dmean2": [0.212726607919, 1.69538879395, 4.83405399323, 6.20037126541, 8.39258480072, 14.4991941452, 7.77914810181, 10.6918869019, 17.6118278503, 18.7571716309, 21.3071327209, 19.8733158112, 16.6102619171, 24.4438533783, 21.0701179504, 27.5111541748, 16.5155715942, 12.6265077591, 20.0243301392, 31.6086654663, 27.0872859955, 23.8926200867, 18.3864517212, 22.5724830627, 20.4501361847, 18.4130878448, 15.2080287933, 14.1271629333, 13.5189332962, 10.8084545135, 5.44376134872, 3.91392469406, 2.00251436234, 1.00275468826, 0.558681964874, 0.298160791397, 0.0849690586329, 0.0163574498147, 0.00190418458078, 0.000148870705743], "dmean": [0.12353117764, 0.948526918888, 2.70506167412, 3.60612845421, 4.88623189926, 8.28535461426, 4.77176094055, 6.68114757538, 10.5953912735, 11.1024417877, 13.37474823, 12.8691825867, 10.4184446335, 16.0272216797, 13.5045146942, 17.9294376373, 10.457274437, 7.84572410583, 12.6305456161, 20.0539493561, 16.9032707214, 14.6558628082, 11.4262685776, 14.0202827454, 12.7543430328, 11.5138025284, 9.75589752197, 9.06119155884, 9.05058670044, 7.20918273926, 3.64591813087, 2.61840033531, 1.33434522152, 0.684122145176, 0.38011687994, 0.202211648226, 0.0594511404634, 0.0112954098731, 0.00127761135809, 9.96643138933e-05], "var": [0.0785813704133, 3.7753264904, 23.1240692139, 49.5934562683, 93.8045959473, 397.743377686, 132.400939941, 272.227844238, 734.209838867, 1083.0982666, 5068.80908203, 2065.01269531, 1281.45739746, 6354.76806641, 1960.73181152, 5728.22167969, 1306.58117676, 657.349182129, 2973.46142578, 3824.33520508, 2312.10009766, 2233.07910156, 811.65826416, 1228.89257812, 1018.57403564, 978.215087891, 919.266601562, 838.125793457, 1038.69616699, 778.547241211, 275.671081543, 162.755630493, 39.5773620605, 8.34722423553, 2.26916718483, 0.600381493568, 0.0708167403936, 0.00315553322434, 3.4981425415e-05, 1.35871161433e-07], "dvar": [0.095970466733, 5.27633428574, 31.3726387024, 44.0857162476, 69.883682251, 499.610351562, 74.2630386353, 120.739562988, 555.994445801, 1067.69274902, 2431.39257812, 1041.29736328, 532.297851562, 2533.46826172, 942.193603516, 2747.04370117, 539.012817383, 416.672851562, 1569.24450684, 1765.42419434, 897.611083984, 1104.28833008, 388.472869873, 447.84765625, 390.949493408, 492.571289062, 454.359100342, 486.53314209, 604.386291504, 496.252349854, 198.983276367, 74.0633392334, 18.2007980347, 3.3000421524, 0.922604501247, 0.287372797728, 0.0257077813148, 0.00122534413822, 2.79942505585e-05, 8.53717949667e-08], "mean": [0.15516255796, 1.26535010338, 3.4694340229, 5.62556123734, 7.6857047081, 10.5994653702, 8.57902908325, 12.4269018173, 16.0246582031, 13.7529067993, 18.8817768097, 19.4709377289, 17.8362827301, 29.5945186615, 25.0671787262, 33.9579429626, 19.2412967682, 13.0287265778, 22.0089874268, 36.5835494995, 34.9452819824, 30.6021404266, 25.1812038422, 32.1224594116, 30.2988967896, 24.4993438721, 19.6827411652, 16.7645072937, 15.8965902328, 12.2643165588, 6.3829574585, 5.07202577591, 2.71145367622, 1.40441536903, 0.752324521542, 0.388000547886, 0.115898959339, 0.0206615645438, 0.0021399226971, 0.00017816403124]}, "zerocrossingrate": {"min": 0.005859375, "max": 0.3251953125, "dvar2": 0.000182083094842, "median": 0.07373046875, "dmean2": 0.0134679516777, "dmean": 0.0114443292841, "var": 0.00137549324427, "dvar": 0.00016180104285, "mean": 0.0778468102217}, "spectral_contrast_coeffs": {"min": [-0.90430867672, -0.942802071571, -0.96385371685, -0.926648616791, -0.9237819314, -0.899271070957], "max": [-0.320444911718, -0.356842547655, -0.404946058989, -0.427188247442, -0.51003575325, -0.481219232082], "dvar2": [0.00577576085925, 0.00436945399269, 0.00234946398996, 0.00166986440308, 0.00085910607595, 0.000941059552133], "median": [-0.665605783463, -0.71663248539, -0.777915358543, -0.780946016312, -0.789232671261, -0.727211117744], "dmean2": [0.0888124108315, 0.0794732570648, 0.060417752713, 0.0507535114884, 0.0345950312912, 0.0316149555147], "dmean": [0.0533565990627, 0.0490691997111, 0.0380136407912, 0.0315036177635, 0.0213694404811, 0.0201044008136], "var": [0.00798443518579, 0.00630809459835, 0.00460023386404, 0.00320098898374, 0.00171596242581, 0.00280686933547], "dvar": [0.00214349827729, 0.00178163475357, 0.000998854171485, 0.000682391284499, 0.000362117571058, 0.000392657937482], "mean": [-0.648459911346, -0.711453437805, -0.767891764641, -0.773521304131, -0.783972084522, -0.725832164288]}, "dissonance": {"min": 0.291085720062, "max": 0.500000059605, "dvar2": 0.000472361425636, "median": 0.481486678123, "dmean2": 0.0208141710609, "dmean": 0.0126092592254, "var": 0.00060715933796, "dvar": 0.00018523207109, "mean": 0.474095135927}, "spectral_energyband_high": {"min": 9.89140019891e-11, "max": 0.0465041808784, "dvar2": 7.91933871369e-06, "median": 0.000849020900205, "dmean2": 0.00109251844697, "dmean": 0.000772112514824, "var": 8.38883624965e-06, "dvar": 4.00784301746e-06, "mean": 0.00177944567986}, "spectral_skewness": {"min": -0.286838024855, "max": 6.99179983139, "dvar2": 0.111260771751, "median": 1.19925701618, "dmean2": 0.278204798698, "dmean": 0.17523932457, "var": 0.278740823269, "dvar": 0.0445570498705, "mean": 1.26517903805}, "spectral_flux": {"min": 0.000361030339263, "max": 0.311796784401, "dvar2": 0.00204953108914, "median": 0.0749651938677, "dmean2": 0.0378904119134, "dmean": 0.0245834030211, "var": 0.00248221470974, "dvar": 0.0011248101946, "mean": 0.0859300792217}, "silence_rate_30dB": {"min": 1, "max": 1, "dvar2": 0, "median": 1, "dmean2": 0, "dmean": 0, "var": 0, "dvar": 0, "mean": 1}, "spectral_energyband_middle_high": {"min": 5.35257393963e-11, "max": 0.0628853514791, "dvar2": 1.40503070725e-05, "median": 0.0042791753076, "dmean2": 0.00243995408528, "dmean": 0.00162717525382, "var": 3.44843392668e-05, "dvar": 6.36234835838e-06, "mean": 0.00592272635549}, "barkbands_spread": {"min": 0.473000019789, "max": 114.313529968, "dvar2": 144.806304932, "median": 31.207321167, "dmean2": 10.5859050751, "dmean": 6.76316070557, "var": 297.063201904, "dvar": 64.3583221436, "mean": 32.1082267761}, "spectral_centroid": {"min": 119.260276794, "max": 5970.64892578, "dvar2": 183538.859375, "median": 1894.6027832, "dmean2": 410.754089355, "dmean": 267.478240967, "var": 586697.5625, "dvar": 84855.4453125, "mean": 1808.51525879}, "pitch_salience": {"min": 0.123880662024, "max": 0.875979959965, "dvar2": 0.0119907669723, "median": 0.564443588257, "dmean2": 0.117535956204, "dmean": 0.0708304047585, "var": 0.0102919451892, "dvar": 0.00440387567505, "mean": 0.560846865177}, "erbbands_skewness": {"min": -5.66656112671, "max": 8.9825220108, "dvar2": 0.300359338522, "median": -0.180396288633, "dmean2": 0.509161531925, "dmean": 0.333839684725, "var": 0.836984694004, "dvar": 0.14050295949, "mean": -0.0321395546198}, "erbbands_crest": {"min": 2.34468770027, "max": 30.5947952271, "dvar2": 12.5103502274, "median": 6.75689029694, "dmean2": 3.59715437889, "dmean": 2.22875237465, "var": 16.8217811584, "dvar": 5.1882853508, "mean": 7.89285039902}, "melbands": {"min": [1.61580158975e-11, 1.33732651689e-11, 6.20102320187e-12, 1.40653645415e-12, 2.78648870471e-12, 3.77651165548e-12, 1.78875035443e-12, 2.03382991872e-12, 2.44423947228e-12, 1.06823621129e-12, 9.81491363877e-13, 7.56386977791e-13, 2.15492120675e-13, 2.55856344141e-13, 6.32570276542e-13, 2.25707161836e-13, 6.31413920715e-13, 9.18621732501e-13, 4.52300279478e-13, 9.18167234951e-13, 6.94126776456e-13, 1.13708074532e-13, 1.83640103991e-13, 1.75001357264e-13, 1.14711503642e-13, 7.27590256382e-14, 7.79824880885e-14, 4.17384361665e-14, 3.36746079697e-14, 1.51517321367e-13, 7.87424867064e-14, 6.31894303592e-14, 8.61501489721e-14, 7.45693925445e-14, 4.79598999403e-14, 3.26239720189e-14, 1.54695592273e-14, 1.36185076345e-14, 1.36727702592e-14, 2.52973674181e-14], "max": [0.0227434411645, 0.0280419774354, 0.0255971197039, 0.0133837535977, 0.0048161377199, 0.00488034868613, 0.00651305681095, 0.00830818712711, 0.00799415167421, 0.00442115264013, 0.0030949159991, 0.00672105746344, 0.00238300743513, 0.00707863969728, 0.00161727180239, 0.00171916978434, 0.00108703807928, 0.00277662696317, 0.00172668439336, 0.00172956974711, 0.00101727072615, 0.00152805121616, 0.000558680330869, 0.000434073503129, 0.000479827838717, 0.000291781529086, 0.000363414146705, 0.000326574285282, 0.000306432048092, 0.000240441848291, 0.000388188200304, 0.000419615971623, 0.000552061537746, 0.000464668642962, 0.000352245086106, 0.000221215173951, 0.000146398146171, 8.05706804385e-05, 8.40327411424e-05, 4.77091853099e-05], "dvar2": [1.93312462216e-05, 2.51964902418e-05, 2.89844570034e-06, 4.11997916672e-06, 3.93944389998e-07, 1.48951997403e-07, 3.56092130005e-07, 3.81008987915e-07, 3.40482955608e-07, 7.68240937532e-08, 3.47787754151e-08, 1.00519407908e-07, 2.5921641722e-08, 6.34628420926e-08, 1.42590499408e-08, 5.51884982158e-09, 3.84496967598e-09, 1.09986668662e-08, 7.30378246772e-09, 8.48553050048e-09, 4.13598622018e-09, 4.39642011685e-09, 9.71178248932e-10, 1.17997023263e-09, 9.22953324878e-10, 8.09739331142e-10, 5.56252988115e-10, 6.38290142962e-10, 5.12105691186e-10, 3.69840297276e-10, 4.4940440258e-10, 4.14883405409e-10, 4.44771053321e-10, 3.47172846027e-10, 1.78834877462e-10, 1.09389129699e-10, 4.87953462358e-11, 2.27080090842e-11, 1.37939243361e-11, 3.85747250115e-12], "median": [0.000983105855994, 0.00134688708931, 0.000713589659426, 0.00037367612822, 0.00020180689171, 0.000157987597049, 0.000103823811514, 3.93580485252e-05, 2.7132093237e-05, 3.70050765923e-05, 3.23780768667e-05, 3.37504679919e-05, 3.29578542733e-05, 2.73991754511e-05, 2.6721481845e-05, 1.01039740912e-05, 7.76669548941e-06, 1.18651059893e-05, 1.7193306121e-05, 2.54436672549e-05, 2.15236505028e-05, 1.82494113687e-05, 1.30134649226e-05, 1.60009967658e-05, 1.69012437254e-05, 1.56857004185e-05, 1.37704628287e-05, 8.19347042125e-06, 5.44698650629e-06, 5.52330857317e-06, 3.81762401958e-06, 3.36990092364e-06, 3.44900126947e-06, 1.92041670743e-06, 1.24757229969e-06, 1.04268383438e-06, 1.18613650102e-06, 6.85027430336e-07, 6.03188141213e-07, 3.72855993191e-07], "dmean2": [0.00189208704978, 0.00238857232034, 0.0010559608927, 0.000862680491991, 0.000328223599354, 0.000240424982621, 0.000267644209089, 0.000207329474506, 0.00017633580137, 0.000116153751151, 8.52688099258e-05, 0.000104088772787, 7.77156528784e-05, 7.38527669455e-05, 5.62500063097e-05, 2.86827744276e-05, 2.47977204708e-05, 3.36741941283e-05, 3.68397304555e-05, 4.32489796367e-05, 3.45976986864e-05, 2.88279425149e-05, 1.77396577783e-05, 2.11758870137e-05, 2.02741121029e-05, 1.85606477316e-05, 1.53324708663e-05, 1.27666153276e-05, 1.02630738184e-05, 9.57917018241e-06, 8.87530404725e-06, 8.04841147328e-06, 8.3312534116e-06, 5.63755384064e-06, 3.37321171173e-06, 2.88927208203e-06, 2.44821990236e-06, 1.55149234615e-06, 1.21855021007e-06, 8.27163262329e-07], "dmean": [0.00109309051186, 0.0013370628003, 0.000618857098743, 0.000492687860969, 0.000196726658032, 0.000150516469148, 0.000160981304361, 0.000123164849356, 0.000110768742161, 7.48079328332e-05, 5.32491976628e-05, 6.84706974425e-05, 4.96848697367e-05, 4.81725146528e-05, 3.56320451829e-05, 1.82608036994e-05, 1.52686297952e-05, 2.09538120544e-05, 2.30324912991e-05, 2.74739322776e-05, 2.14448755287e-05, 1.75316345121e-05, 1.07722371467e-05, 1.31456426971e-05, 1.25325304907e-05, 1.15370621643e-05, 9.41977668845e-06, 7.94986317487e-06, 6.52753669783e-06, 6.00809516982e-06, 5.61947808819e-06, 5.30106080987e-06, 5.47516947336e-06, 3.66739755009e-06, 2.22838752961e-06, 1.89967931874e-06, 1.61224465955e-06, 1.01327634638e-06, 7.99173619725e-07, 5.55974111194e-07], "var": [5.779069852e-06, 6.17746036369e-06, 1.37782672027e-06, 1.26303552861e-06, 1.89773075476e-07, 1.40503289003e-07, 1.69639505998e-07, 1.54470484404e-07, 2.83326130557e-07, 6.74163729286e-08, 3.48687514418e-08, 1.14750243085e-07, 2.43827820157e-08, 4.95842726878e-08, 1.45604017732e-08, 4.10642186921e-09, 2.2442985248e-09, 8.8923988173e-09, 5.79894976482e-09, 7.07069869321e-09, 4.27089830168e-09, 3.48105100301e-09, 7.19661219506e-10, 9.6594687804e-10, 9.490422892e-10, 8.484218883e-10, 5.29844612629e-10, 4.50215947856e-10, 3.83878595578e-10, 3.0645885829e-10, 3.0727445588e-10, 3.21353943455e-10, 3.80013520651e-10, 2.09582212696e-10, 9.85913017892e-11, 7.77375941396e-11, 6.05933428433e-11, 2.29801663809e-11, 1.1544434679e-11, 4.83139613386e-12], "dvar": [7.17965531294e-06, 8.71608244779e-06, 1.05768504e-06, 1.4435850062e-06, 1.43868277291e-07, 6.05982037882e-08, 1.34450104383e-07, 1.39581899816e-07, 1.43165777899e-07, 3.48156454777e-08, 1.48034615677e-08, 4.56921114278e-08, 1.13505187471e-08, 2.73072267021e-08, 6.17459416929e-09, 2.15943662951e-09, 1.55185075901e-09, 4.40619807307e-09, 3.0390672201e-09, 3.74829367544e-09, 1.72331726667e-09, 1.71041547592e-09, 3.89491494612e-10, 4.80249950918e-10, 3.81033676833e-10, 3.32276317572e-10, 2.27799223929e-10, 2.60416216369e-10, 2.1429451269e-10, 1.62356975086e-10, 1.97453220441e-10, 1.99077893059e-10, 2.215791578e-10, 1.51743409504e-10, 7.69013810964e-11, 4.9552591197e-11, 2.58057134689e-11, 1.09308360974e-11, 6.1061797979e-12, 1.93759331496e-12], "mean": [0.00146840524394, 0.00181865273044, 0.00104193890002, 0.000689131964464, 0.000334062468028, 0.000284443231067, 0.000240225897869, 0.000149539468111, 0.000156769965542, 0.000112288689706, 8.76990015968e-05, 0.000121614983073, 8.65416586748e-05, 8.65319962031e-05, 6.66670457576e-05, 3.07411755784e-05, 2.28633180086e-05, 3.39458310918e-05, 3.98094962293e-05, 4.83053336211e-05, 4.02718105761e-05, 3.35561890097e-05, 2.08386391023e-05, 2.51749188465e-05, 2.59395474131e-05, 2.44055008807e-05, 2.00241211132e-05, 1.47962273331e-05, 1.18451171147e-05, 1.12150064524e-05, 9.374363799e-06, 8.72237797012e-06, 9.1761812655e-06, 5.8028440435e-06, 3.65108985534e-06, 3.25073506247e-06, 3.00408100884e-06, 1.90170101178e-06, 1.54615349857e-06, 1.05721437649e-06]}, "spectral_entropy": {"min": 4.55419111252, "max": 8.78847789764, "dvar2": 0.0528787225485, "median": 7.82671546936, "dmean2": 0.189269945025, "dmean": 0.129653796554, "var": 0.231565415859, "dvar": 0.0259178057313, "mean": 7.74363946915}, "spectral_rolloff": {"min": 64.599609375, "max": 15719.2382812, "dvar2": 1922100.375, "median": 1959.52148438, "dmean2": 1022.26104736, "dmean": 630.921875, "var": 2631486.5, "dvar": 887095.125, "mean": 2031.32299805}, "barkbands": {"min": [3.28697312424e-11, 4.75824518675e-11, 2.3386043102e-11, 1.15109519139e-11, 7.63071203447e-12, 1.92234977936e-11, 7.46560365611e-12, 1.35066584653e-11, 8.17141840304e-12, 6.57489427486e-12, 2.07533989993e-12, 3.54007600144e-12, 3.13137948731e-12, 8.59491557786e-12, 7.35057240769e-12, 1.40562587611e-11, 1.95937363556e-12, 4.09194119561e-12, 1.87149774844e-12, 1.85634298731e-12, 4.4953975438e-12, 3.47218803189e-12, 3.27535871689e-12, 1.24214310712e-12, 2.28415984044e-12, 1.30000021165e-11, 7.11617847982e-11], "max": [0.0146473180503, 0.0874853730202, 0.0503622367978, 0.0717088580132, 0.0506350323558, 0.0214797519147, 0.0302096493542, 0.0646404922009, 0.026226868853, 0.0406603179872, 0.0139231933281, 0.0541748516262, 0.0154689503834, 0.0131257846951, 0.0300098136067, 0.0178673211485, 0.0186602342874, 0.0109150223434, 0.00777630321681, 0.00903198681772, 0.0101296957582, 0.0230906866491, 0.0186207015067, 0.00803539529443, 0.00336597883143, 0.00295366463251, 0.00137744809035], "dvar2": [1.54240740358e-06, 0.00026264184271, 6.95433991496e-05, 1.5210984202e-05, 6.32480150671e-05, 3.46502429238e-06, 9.63778256846e-06, 1.15567618195e-05, 3.88772241422e-06, 3.46200090462e-06, 1.33771368382e-06, 3.89931119571e-06, 7.20226978501e-07, 5.07881395606e-07, 1.43266629493e-06, 1.19821356748e-06, 8.95818004665e-07, 3.53559812538e-07, 4.24253698839e-07, 5.33798527158e-07, 5.98155679654e-07, 9.19928481835e-07, 6.18455771928e-07, 1.80594255994e-07, 3.51190756476e-08, 1.85934627694e-08, 2.19613016661e-09], "median": [8.58837811393e-05, 0.00395262567326, 0.00179153622594, 0.0011685709469, 0.00150521332398, 0.000842420908157, 0.000440203060862, 8.20946152089e-05, 0.000254648679402, 0.000224999559578, 0.000194486085093, 0.000263897149125, 0.000121665332699, 0.0001031588763, 0.000221064095967, 0.00037246797001, 0.000300648389384, 0.000320838182233, 0.000425822101533, 0.000315362471156, 0.000222510338062, 0.000184484786587, 8.11076242826e-05, 8.12665966805e-05, 4.12859371863e-05, 2.07330704143e-05, 3.1335789572e-06], "dmean2": [0.000480561138829, 0.00711694173515, 0.00442146416754, 0.00222186930478, 0.00344565929845, 0.00118792394642, 0.00129705306608, 0.000964415667113, 0.000829589786008, 0.000745790370274, 0.000538047985174, 0.000652182905469, 0.000348681467585, 0.000309272611048, 0.000481958297314, 0.000574427831452, 0.000444339762907, 0.00037888798397, 0.000448155187769, 0.0003944861528, 0.000360041332897, 0.000377741002012, 0.000218252534978, 0.000142890683492, 7.91463098722e-05, 5.18565029779e-05, 1.28817982841e-05], "dmean": [0.000281130895019, 0.00407957285643, 0.00248844060116, 0.00131512328517, 0.0019769766368, 0.000750857987441, 0.000777979381382, 0.000587613030802, 0.000529819459189, 0.000480066199088, 0.00034251215402, 0.000425150035881, 0.000220426445594, 0.000192126026377, 0.000304569286527, 0.000360793754226, 0.000271401542705, 0.000237038562773, 0.000277854618616, 0.000246611773036, 0.000231140278629, 0.000253261532634, 0.000144279591041, 9.5937102742e-05, 5.49397373106e-05, 3.62885439245e-05, 8.68571169121e-06], "var": [4.8444951517e-07, 7.44278222555e-05, 1.95314642042e-05, 8.41801738716e-06, 1.9606333808e-05, 3.36352536578e-06, 3.98418069381e-06, 8.61044554767e-06, 2.96732150673e-06, 4.38453525931e-06, 1.20418076222e-06, 3.29063095705e-06, 5.80703272135e-07, 4.56200069721e-07, 1.04904256659e-06, 9.95812456495e-07, 7.42438771795e-07, 3.15060020739e-07, 4.8020677923e-07, 4.36101402101e-07, 5.13346719799e-07, 8.39564904709e-07, 3.91473037098e-07, 2.26051355412e-07, 5.10102076134e-08, 2.31030821141e-08, 1.45587442102e-09], "dvar": [5.71829559703e-07, 9.57102965913e-05, 2.4213537472e-05, 5.609469099e-06, 2.22256512643e-05, 1.3944878674e-06, 3.58570855497e-06, 4.62967227577e-06, 1.68909559761e-06, 1.60732622589e-06, 5.68722896332e-07, 1.70018699919e-06, 2.92589817263e-07, 2.16733155867e-07, 5.88101102039e-07, 5.11707241913e-07, 3.51580780489e-07, 1.47320037058e-07, 1.75245787659e-07, 2.21364842901e-07, 2.68405216275e-07, 4.68466481607e-07, 2.75211533562e-07, 9.45548563891e-08, 1.85144433118e-08, 9.45747302694e-09, 9.4552521368e-10], "mean": [0.00031552586006, 0.00557442335412, 0.00307462876663, 0.0020789289847, 0.00276672956534, 0.00144050631206, 0.00108122022357, 0.00074834888801, 0.000780248374213, 0.000839144573547, 0.000578568084165, 0.000774305488449, 0.000361452606739, 0.000295861420454, 0.000521115143783, 0.00066560000414, 0.000538134656381, 0.000481414113892, 0.00063005409902, 0.000512049533427, 0.000456843350548, 0.000458298018202, 0.00024545006454, 0.000197725748876, 0.000114876551379, 7.1456641308e-05, 1.42155413414e-05]}, "melbands_flatness_db": {"min": 0.0280230045319, "max": 0.651014566422, "dvar2": 0.00203470676206, "median": 0.163577154279, "dmean2": 0.0413891933858, "dmean": 0.0263148378581, "var": 0.00563313579187, "dvar": 0.000827225274406, "mean": 0.17768189311}, "melbands_skewness": {"min": -1.1728310585, "max": 14.938252449, "dvar2": 2.89862442017, "median": 2.53831958771, "dmean2": 1.32927834988, "dmean": 0.83142966032, "var": 3.34476613998, "dvar": 1.13026833534, "mean": 2.92414069176}, "barkbands_skewness": {"min": -4.1526055336, "max": 12.1994104385, "dvar2": 1.18346571922, "median": 1.16672718525, "dmean2": 0.875907480717, "dmean": 0.553283035755, "var": 1.89788448811, "dvar": 0.472234994173, "mean": 1.45391821861}, "silence_rate_60dB": {"min": 0, "max": 1, "dvar2": 0.00942792743444, "median": 0, "dmean2": 0.00836404878646, "dmean": 0.0042523033917, "var": 0.0224319007248, "dvar": 0.0042341593653, "mean": 0.0229591839015}, "spectral_energyband_low": {"min": 9.4643001769e-11, "max": 0.123672306538, "dvar2": 0.000534595164936, "median": 0.00776982866228, "dmean2": 0.0110509404913, "dmean": 0.00638043647632, "var": 0.000157648071763, "dvar": 0.000195224725758, "mean": 0.0100115071982}, "spectral_energyband_middle_low": {"min": 6.96032884107e-11, "max": 0.0796383172274, "dvar2": 0.000173346197698, "median": 0.00674835219979, "dmean2": 0.00687722954899, "dmean": 0.00409284885973, "var": 7.19436648069e-05, "dvar": 6.32955343463e-05, "mean": 0.00906040053815}, "melbands_kurtosis": {"min": -1.84913635254, "max": 380.021514893, "dvar2": 935.788085938, "median": 7.38746643066, "dmean2": 14.5549592972, "dmean": 8.78779506683, "var": 803.401977539, "dvar": 357.051483154, "mean": 15.8525409698}, "spectral_decrease": {"min": -3.69798769384e-08, "max": -4.79818555108e-17, "dvar2": 4.54763552139e-17, "median": -5.40953770667e-09, "dmean2": 4.07652311907e-09, "dmean": 2.39063391305e-09, "var": 1.72995395256e-17, "dvar": 1.6745158116e-17, "mean": -6.14353190542e-09}, "erbbands_kurtosis": {"min": -1.87494456768, "max": 125.698303223, "dvar2": 12.8961420059, "median": -0.396188735962, "dmean2": 1.30549907684, "dmean": 0.845533490181, "var": 21.3666915894, "dvar": 6.26063728333, "mean": 0.43284881115}, "melbands_crest": {"min": 3.57052159309, "max": 33.6413230896, "dvar2": 29.1844921112, "median": 13.5314979553, "dmean2": 5.79316425323, "dmean": 3.47264027596, "var": 22.3433837891, "dvar": 10.4342432022, "mean": 14.1492471695}, "gfcc": {"cov": [[6081.28515625, -1397.41333008, -291.945770264, 57.8584785461, -219.135742188, 566.727050781, -13.6021175385, 350.219604492, -112.73601532, 231.442749023, -46.8513069153, 194.254104614, -25.8017482758], [-1397.41333008, 1336.22839355, -248.896774292, 27.4207191467, 146.664474487, -271.093536377, 108.996284485, -123.754623413, 60.0715255737, -115.158752441, 86.6937637329, -59.8911018372, 59.9037246704], [-291.945770264, -248.896774292, 1265.85913086, -26.9902820587, 18.4237995148, 73.2241134644, -167.241165161, 76.5987625122, -63.2689208984, 34.9783821106, -52.8549385071, 12.4768648148, -45.7745475769], [57.8584785461, 27.4207191467, -26.9902820587, 350.558898926, 73.230506897, 65.6637496948, 70.6262054443, -1.97597384453, 23.6362419128, -10.2020483017, 34.6831626892, 31.7845535278, 30.653678894], [-219.135742188, 146.664474487, 18.4237995148, 73.230506897, 293.116973877, 40.4220848083, 79.5145111084, 9.57917881012, -15.4014520645, 16.3835945129, 16.8431148529, 37.1231193542, 17.6867866516], [566.727050781, -271.093536377, 73.2241134644, 65.6637496948, 40.4220848083, 268.907867432, 59.1602325439, 75.5969238281, -25.7179069519, 34.2737808228, 5.25459194183, 37.0485877991, 4.24583101273], [-13.6021175385, 108.996284485, -167.241165161, 70.6262054443, 79.5145111084, 59.1602325439, 198.723983765, 18.392572403, 27.4407253265, -0.0153459291905, 19.4525356293, 22.3432598114, 13.0719842911], [350.219604492, -123.754623413, 76.5987625122, -1.97597384453, 9.57917881012, 75.5969238281, 18.392572403, 148.336303711, 26.3113861084, 31.062789917, -15.5599164963, 17.2846183777, 0.546801626682], [-112.73601532, 60.0715255737, -63.2689208984, 23.6362419128, -15.4014520645, -25.7179069519, 27.4407253265, 26.3113861084, 121.027519226, 33.5596656799, 13.0547437668, -21.649023056, -6.36702489853], [231.442749023, -115.158752441, 34.9783821106, -10.2020483017, 16.3835945129, 34.2737808228, -0.0153459291905, 31.062789917, 33.5596656799, 114.876327515, 24.6375923157, 16.3847026825, -22.2133483887], [-46.8513069153, 86.6937637329, -52.8549385071, 34.6831626892, 16.8431148529, 5.25459194183, 19.4525356293, -15.5599164963, 13.0547437668, 24.6375923157, 93.8046798706, 32.5403785706, 18.0016517639], [194.254104614, -59.8911018372, 12.4768648148, 31.7845535278, 37.1231193542, 37.0485877991, 22.3432598114, 17.2846183777, -21.649023056, 16.3847026825, 32.5403785706, 96.0810699463, 32.4334526062], [-25.8017482758, 59.9037246704, -45.7745475769, 30.653678894, 17.6867866516, 4.24583101273, 13.0719842911, 0.546801626682, -6.36702489853, -22.2133483887, 18.0016517639, 32.4334526062, 78.5124893188]], "icov": [[0.000323151645716, 8.82177337189e-05, 0.000226450225455, -0.000126150436699, 0.000320165447192, -0.000394367787521, 0.000196464985493, -0.000541047891602, 0.000471499952255, -0.000530005490873, 0.000292119802907, -0.000459484901512, 0.000151545522385], [8.82177337189e-05, 0.00164856982883, -2.50298471656e-05, 0.000148208811879, -0.000850850483403, 0.00141958915628, -0.000930022157263, 4.89388621645e-05, -0.000336128985509, 0.00132405443583, -0.00190719158854, 0.00141788308974, -0.000832974910736], [0.000226450225455, -2.50298471656e-05, 0.00119393598288, -0.000216565720621, 6.09786502537e-06, -0.000596264493652, 0.00123895192519, -0.000882132328115, 0.000669926812407, -0.000546248629689, 0.000665912928525, -0.000688739935867, 0.000736510788556], [-0.000126150436699, 0.000148208811879, -0.000216565720621, 0.00365406996571, -0.000847641262226, -0.000700338452589, -0.000691944442224, 0.000993286841549, -0.00171790260356, 0.00149057921953, -0.00108942296356, -0.000282201275695, -0.00072157336399], [0.000320165447192, -0.000850850483403, 6.09786502537e-06, -0.000847641262226, 0.00512589048594, -0.000949061883148, -0.00113065773621, -0.000642165890895, 0.00193881662562, -0.00248089921661, 0.0015247091651, -0.0017998854164, 2.74749654636e-05], [-0.000394367787521, 0.00141958915628, -0.000596264493652, -0.000700338452589, -0.000949061883148, 0.00755552435294, -0.00292987120338, -0.00184152275324, 0.00179290259257, 0.000203418763704, -0.00231955875643, 0.00196994328871, -0.00106007838622], [0.000196464985493, -0.000930022157263, 0.00123895192519, -0.000691944442224, -0.00113065773621, -0.00292987120338, 0.00855296291411, -0.000756051565986, -0.00171672715805, 0.000397743075155, 0.00110130477697, -0.00253968057223, 0.00153097638395], [-0.000541047891602, 4.89388621645e-05, -0.000882132328115, 0.000993286841549, -0.000642165890895, -0.00184152275324, -0.000756051565986, 0.0107633545995, -0.00433515710756, -4.80174676341e-05, 0.00224935798906, -0.00121721206233, -0.00120015093125], [0.000471499952255, -0.000336128985509, 0.000669926812407, -0.00171790260356, 0.00193881662562, 0.00179290259257, -0.00171672715805, -0.00433515710756, 0.0138193583116, -0.00577333662659, -0.000806598109193, 0.00362053490244, -0.000568432617001], [-0.000530005490873, 0.00132405443583, -0.000546248629689, 0.00149057921953, -0.00248089921661, 0.000203418763704, 0.000397743075155, -4.80174676341e-05, -0.00577333662659, 0.0155683811754, -0.00567954219878, -0.00114875601139, 0.00411045039073], [0.000292119802907, -0.00190719158854, 0.000665912928525, -0.00108942296356, 0.0015247091651, -0.00231955875643, 0.00110130477697, 0.00224935798906, -0.000806598109193, -0.00567954219878, 0.0174473188818, -0.00665354495868, -0.000976450799499], [-0.000459484901512, 0.00141788308974, -0.000688739935867, -0.000282201275695, -0.0017998854164, 0.00196994328871, -0.00253968057223, -0.00121721206233, 0.00362053490244, -0.00114875601139, -0.00665354495868, 0.0187990367413, -0.00706565799192], [0.000151545522385, -0.000832974910736, 0.000736510788556, -0.00072157336399, 2.74749654636e-05, -0.00106007838622, 0.00153097638395, -0.00120015093125, -0.000568432617001, 0.00411045039073, -0.000976450799499, -0.00706565799192, 0.0181974638253]], "mean": [21.7282714844, 71.0666351318, -109.953460693, 46.5779838562, -49.339679718, 8.62465858459, -31.7814044952, 7.0715675354, -25.6762256622, -1.50134801865, -16.9160614014, 4.23424005508, -9.22898960114]}, "melbands_spread": {"min": 0.413432985544, "max": 229.912902832, "dvar2": 316.367370605, "median": 27.8156890869, "dmean2": 14.196472168, "dmean": 9.12669944763, "var": 493.685760498, "dvar": 140.858428955, "mean": 31.5770549774}, "spectral_energy": {"min": 3.27126492561e-10, "max": 0.142538011074, "dvar2": 0.000700219417922, "median": 0.0225513987243, "dmean2": 0.0160471126437, "dmean": 0.0094807734713, "var": 0.000286912341835, "dvar": 0.000259617634583, "mean": 0.0256181918085}, "mfcc": {"cov": [[6212.18945312, -1181.0012207, -500.881622314, -306.9168396, -219.30267334, 160.176712036, 139.78175354, 187.467773438, 91.5554428101, 75.2561416626, 71.8057479858, 119.474998474, 78.7714767456], [-1181.0012207, 1091.31555176, -129.472229004, 119.008918762, 21.3184013367, -96.663520813, -11.1466646194, -52.624332428, -25.0254821777, -49.7189064026, -9.07101631165, -28.6843013763, 3.3489844799], [-500.881622314, -129.472229004, 957.412353516, -52.694229126, 176.323989868, -43.0853996277, -11.3414812088, -19.0525150299, -26.4122676849, 41.1939048767, -39.2844276428, 5.11716938019, -48.2187576294], [-306.9168396, 119.008918762, -52.694229126, 296.016143799, 43.9069671631, 47.9037055969, 17.8060722351, 27.9120197296, 14.4236888885, -25.4931716919, -6.09429693222, 10.4878282547, 37.9938087463], [-219.30267334, 21.3184013367, 176.323989868, 43.9069671631, 216.587936401, 29.364074707, 50.2639656067, 10.929394722, 8.75347518921, 3.27209615707, -15.3224840164, 5.89868831635, 4.81501626968], [160.176712036, -96.663520813, -43.0853996277, 47.9037055969, 29.364074707, 177.927597046, 91.2024154663, 43.0011062622, 15.1720142365, 4.18994474411, 15.0862379074, 14.9953165054, 23.2987766266], [139.78175354, -11.1466646194, -11.3414812088, 17.8060722351, 50.2639656067, 91.2024154663, 167.232177734, 73.157661438, 27.7599754333, -10.6733236313, -3.92350125313, 12.8236942291, 19.5500774384], [187.467773438, -52.624332428, -19.0525150299, 27.9120197296, 10.929394722, 43.0011062622, 73.157661438, 132.345733643, 51.5572814941, 9.43210124969, -12.550195694, 9.42170143127, 18.8085956573], [91.5554428101, -25.0254821777, -26.4122676849, 14.4236888885, 8.75347518921, 15.1720142365, 27.7599754333, 51.5572814941, 100.147216797, 38.9720001221, 13.9656972885, 1.62662649155, 5.69807815552], [75.2561416626, -49.7189064026, 41.1939048767, -25.4931716919, 3.27209615707, 4.18994474411, -10.6733236313, 9.43210124969, 38.9720001221, 101.18775177, 45.1112861633, 12.6096343994, -7.99715471268], [71.8057479858, -9.07101631165, -39.2844276428, -6.09429693222, -15.3224840164, 15.0862379074, -3.92350125313, -12.550195694, 13.9656972885, 45.1112861633, 97.4650497437, 37.1257095337, 9.49409484863], [119.474998474, -28.6843013763, 5.11716938019, 10.4878282547, 5.89868831635, 14.9953165054, 12.8236942291, 9.42170143127, 1.62662649155, 12.6096343994, 37.1257095337, 77.9427947998, 34.5449485779], [78.7714767456, 3.3489844799, -48.2187576294, 37.9938087463, 4.81501626968, 23.2987766266, 19.5500774384, 18.8085956573, 5.69807815552, -7.99715471268, 9.49409484863, 34.5449485779, 77.670135498]], "icov": [[0.000248497148277, 0.000244269846007, 0.000149188184878, 0.000208097801078, 0.000117694129585, 1.88167377928e-05, -0.00014585936151, -0.000164506913279, -1.46239008245e-05, -6.74034527037e-05, 4.43564567831e-05, -0.0002617193677, -0.000103005520941], [0.000244269846007, 0.00137607846409, 0.000333027623128, -0.00036553418613, -9.62231497397e-05, 0.00103836576454, -0.00075085577555, 0.000334387819748, 0.000138599178172, 0.00013320700964, -0.000254185521044, 0.000229140525335, -0.000186300938367], [0.000149188184878, 0.000333027623128, 0.00155848602299, 0.000243162779952, -0.00118503754493, 0.000465284101665, -6.40958242002e-05, -6.19676648057e-05, 0.000632195908111, -0.000985097605735, 0.00091008405434, -0.000850239535794, 0.000767055549659], [0.000208097801078, -0.00036553418613, 0.000243162779952, 0.00453400285915, -0.000853908306453, -0.00157105457038, 0.00132185325492, -0.00105882063508, -0.000781765556894, 0.00125530653168, 2.71800472547e-05, -0.00034748975304, -0.00147649785504], [0.000117694129585, -9.62231497397e-05, -0.00118503754493, -0.000853908306453, 0.00650959089398, -0.000391440669773, -0.00212064851075, 0.001066531986, -0.00069040938979, -0.000576500082389, 0.00108829396777, -0.000462898460682, -0.000379672797862], [1.88167377928e-05, 0.00103836576454, 0.000465284101665, -0.00157105457038, -0.000391440669773, 0.00944415386766, -0.00506895268336, 9.48481174419e-05, 0.00117920117918, -0.000981683959253, -0.00148010952398, 0.00082292361185, -0.000934945011977], [-0.00014585936151, -0.00075085577555, -6.40958242002e-05, 0.00132185325492, -0.00212064851075, -0.00506895268336, 0.0118385599926, -0.00488848937675, -0.00109339086339, 0.00281901657581, -0.000505700765643, -0.000676768017001, 8.3145670942e-05], [-0.000164506913279, 0.000334387819748, -6.19676648057e-05, -0.00105882063508, 0.001066531986, 9.48481174419e-05, -0.00488848937675, 0.0134614920244, -0.00523147033527, -0.00133491319139, 0.00374901178293, -0.00137692992575, -0.00109155324753], [-1.46239008245e-05, 0.000138599178172, 0.000632195908111, -0.000781765556894, -0.00069040938979, 0.00117920117918, -0.00109339086339, -0.00523147033527, 0.0156277827919, -0.00589036662132, -0.00105860782787, 0.00215771282092, -0.000568371033296], [-6.74034527037e-05, 0.00013320700964, -0.000985097605735, 0.00125530653168, -0.000576500082389, -0.000981683959253, 0.00281901657581, -0.00133491319139, -0.00589036662132, 0.0169212464243, -0.00746117485687, 0.000111907036626, 0.00181755714584], [4.43564567831e-05, -0.000254185521044, 0.00091008405434, 2.71800472547e-05, 0.00108829396777, -0.00148010952398, -0.000505700765643, 0.00374901178293, -0.00105860782787, -0.00746117485687, 0.0180569253862, -0.0081336023286, 0.00083339214325], [-0.0002617193677, 0.000229140525335, -0.000850239535794, -0.00034748975304, -0.000462898460682, 0.00082292361185, -0.000676768017001, -0.00137692992575, 0.00215771282092, 0.000111907036626, -0.0081336023286, 0.0210826080292, -0.00834603887051], [-0.000103005520941, -0.000186300938367, 0.000767055549659, -0.00147649785504, -0.000379672797862, -0.000934945011977, 8.3145670942e-05, -0.00109155324753, -0.000568371033296, 0.00181755714584, 0.00083339214325, -0.00834603887051, 0.0185723043978]], "mean": [-622.95703125, 99.6487579346, 0.821140289307, 39.0029335022, 5.4129691124, 7.46248722076, 2.87419915199, 7.55741977692, 0.493415772915, -2.85910439491, -5.78336381912, -3.36509037018, 3.46891689301]}, "spectral_contrast_valleys": {"min": [-15.9023017883, -15.4646892548, -15.9921188354, -15.7263641357, -16.2386341095, -17.7862606049], "max": [-5.24320411682, -4.12251520157, -5.07909202576, -5.46208143234, -5.40438842773, -7.20449256897], "dvar2": [0.318201094866, 0.407124370337, 0.204162210226, 0.156559690833, 0.135692566633, 0.264425218105], "median": [-6.80585670471, -6.9820151329, -7.22097063065, -7.55360603333, -6.87700080872, -9.6893491745], "dmean2": [0.646050870419, 0.636896967888, 0.500941812992, 0.424485176802, 0.349426865578, 0.389590322971], "dmean": [0.396085351706, 0.39208894968, 0.314254701138, 0.27241024375, 0.227858185768, 0.284171879292], "var": [0.898435354233, 0.664406955242, 0.766708135605, 0.790320277214, 0.838971734047, 1.39922177792], "dvar": [0.128396630287, 0.163957536221, 0.0879642888904, 0.0738588199019, 0.0657411590219, 0.139131873846], "mean": [-7.08147001266, -7.03539276123, -7.34582567215, -7.68306970596, -7.09032583237, -9.93498897552]}, "barkbands_flatness_db": {"min": 0.0126636121422, "max": 0.492519021034, "dvar2": 0.00122935336549, "median": 0.0989266932011, "dmean2": 0.0314964838326, "dmean": 0.0199397578835, "var": 0.00359472655691, "dvar": 0.000496408552863, "mean": 0.111410610378}, "dynamic_complexity": 2.24890875816, "erbbands_flatness_db": {"min": 0.0454181320965, "max": 0.443782746792, "dvar2": 0.000471662613563, "median": 0.121716707945, "dmean2": 0.0208275858313, "dmean": 0.014177178964, "var": 0.00236359611154, "dvar": 0.000229578261496, "mean": 0.134605526924}, "hfc": {"min": 1.60999923082e-06, "max": 312.20230102