{"lowlevel": {"spectral_complexity": {"min": 0, "max": 41, "dvar2": 8.64958381653, "median": 10, "dmean2": 2.84248685837, "dmean": 1.79133939743, "var": 25.6753807068, "dvar": 3.85594987869, "mean": 10.6727981567}, "silence_rate_20dB": {"min": 1, "max": 1, "dvar2": 0, "median": 1, "dmean2": 0, "dmean": 0, "var": 0, "dvar": 0, "mean": 1}, "average_loudness": 0.833772599697, "erbbands_spread": {"min": 1.93946766853, "max": 172.454406738, "dvar2": 328.25894165, "median": 26.7536392212, "dmean2": 12.2646541595, "dmean": 8.08249187469, "var": 536.198974609, "dvar": 143.735443115, "mean": 34.0109100342}, "spectral_kurtosis": {"min": -1.42046654224, "max": 43.2786140442, "dvar2": 11.60384655, "median": 4.9756603241, "dmean2": 3.00327420235, "dmean": 1.83564209938, "var": 23.5061798096, "dvar": 4.50852394104, "mean": 6.10359334946}, "barkbands_kurtosis": {"min": -1.97797191143, "max": 1274.3425293, "dvar2": 859.937316895, "median": 5.64950847626, "dmean2": 9.0284204483, "dmean": 5.9900765419, "var": 1193.10974121, "dvar": 425.28225708, "mean": 13.5113897324}, "spectral_strongpeak": {"min": 0, "max": 29.545507431, "dvar2": 5.97298336029, "median": 0.413839042187, "dmean2": 0.812426686287, "dmean": 0.478271991014, "var": 4.96054410934, "dvar": 2.37819170952, "mean": 1.14769077301}, "spectral_spread": {"min": 1564229.625, "max": 26276992, "dvar2": 1166790361090.0, "median": 4208993.5, "dmean2": 747653.5625, "dmean": 515535.59375, "var": 3208704163840.0, "dvar": 713751724032, "mean": 4607059.5}, "spectral_rms": {"min": 2.17040359018e-08, "max": 0.0111602777615, "dvar2": 1.034392767e-06, "median": 0.0046502398327, "dmean2": 0.000779270136263, "dmean": 0.000530146062374, "var": 3.52114193447e-06, "dvar": 4.88223918182e-07, "mean": 0.0045616789721}, "erbbands": {"min": [6.67482237017e-13, 3.85137147868e-12, 1.37466800096e-11, 3.5644862062e-11, 7.62190935366e-11, 1.39273412247e-10, 2.1858728716e-10, 2.89499119122e-10, 3.09991782244e-10, 2.48499887334e-10, 1.36894828806e-10, 8.75961594926e-11, 1.77182116201e-10, 2.68484040555e-10, 1.59249974319e-10, 4.15810198773e-11, 1.54771195859e-10, 1.17362675134e-10, 5.71629896196e-11, 8.85427078878e-11, 1.48348375251e-10, 1.56469046053e-10, 4.92915819272e-10, 6.08579686645e-10, 8.82676709502e-10, 8.48329573255e-10, 2.83041701188e-10, 1.12281717257e-09, 9.95767579504e-10, 1.75686454273e-09, 1.57190516159e-09, 1.37942268719e-09, 3.04933828188e-10, 2.33985858467e-10, 1.42855144381e-10, 5.27940954842e-11, 3.06059899646e-11, 1.03348198055e-11, 5.36010298646e-12, 1.04438441402e-12], "max": [4.70309114456, 21.2781066895, 49.5746498108, 94.3166503906, 174.488998413, 222.368789673, 671.763977051, 964.808044434, 1049.20983887, 1890.95666504, 1787.78588867, 2136.27709961, 1077.45141602, 840.817993164, 772.33581543, 895.483459473, 653.619750977, 162.816741943, 215.027679443, 87.1807327271, 1537.8548584, 1345.55871582, 789.59753418, 842.430358887, 930.813598633, 828.713623047, 851.703125, 263.495880127, 567.516235352, 685.832397461, 716.135070801, 256.286895752, 151.11289978, 301.185882568, 132.191802979, 44.600856781, 12.2278318405, 1.93169879913, 0.182764753699, 0.0159489307553], "dvar2": [0.14839206636, 4.53518295288, 10.8058853149, 50.7726593018, 184.273971558, 253.656539917, 948.188964844, 1614.65820312, 2684.96948242, 7444.26904297, 6246.18652344, 3367.09277344, 1523.42236328, 904.350830078, 1271.13256836, 648.620422363, 474.890594482, 73.5582885742, 21.0597991943, 23.8901233673, 617.639709473, 1246.75109863, 475.507293701, 879.484619141, 1388.9732666, 581.700073242, 768.458557129, 112.028259277, 298.233276367, 664.33392334, 811.918273926, 147.446304321, 20.6805400848, 44.0544624329, 8.00495433807, 1.09965479374, 0.0833520367742, 0.00394047331065, 4.88207988383e-05, 2.5991218422e-07], "median": [0.213101744652, 0.836773455143, 0.525224208832, 0.607365310192, 1.499325037, 3.44087600708, 7.15031814575, 7.4513630867, 11.0635585785, 11.7577600479, 12.352640152, 7.43965625763, 6.73904705048, 4.06507921219, 2.75703215599, 2.83825182915, 1.56413769722, 1.31407046318, 0.845196247101, 0.825664520264, 1.12294876575, 1.16920876503, 1.51753735542, 2.02294969559, 1.85725319386, 1.29723787308, 0.779914915562, 0.363877534866, 0.344453632832, 0.467285662889, 0.296413660049, 0.112481921911, 0.0442142821848, 0.041179575026, 0.0171968396753, 0.00675537530333, 0.00238640513271, 0.000650562287774, 0.000107498504804, 3.58834149665e-05], "dmean2": [0.141734644771, 0.773973703384, 0.928010165691, 2.02629804611, 5.23588848114, 7.79132795334, 11.395242691, 14.2212572098, 18.562166214, 29.1730194092, 24.01653862, 14.636092186, 13.9759902954, 9.80024051666, 8.81464767456, 7.18142175674, 5.16170930862, 3.43637871742, 1.75050091743, 1.83569085598, 2.80992984772, 4.26710748672, 5.88674545288, 8.71191501617, 11.6880950928, 6.76257181168, 7.52913999557, 3.33296298981, 4.49173164368, 7.13794898987, 5.4710226059, 2.28470110893, 0.862412452698, 1.05739724636, 0.3906057477, 0.145348414779, 0.0421700142324, 0.00961013510823, 0.00121378083713, 8.26929390314e-05], "dmean": [0.0985754579306, 0.519070625305, 0.560402691364, 1.18118798733, 3.07788515091, 4.77788114548, 7.87669706345, 9.56149291992, 13.2674942017, 20.0243282318, 17.9873428345, 10.885181427, 10.0871772766, 7.24591970444, 6.09329175949, 5.08464384079, 3.49797987938, 2.2445306778, 1.11470806599, 1.12410962582, 1.92625200748, 2.98279285431, 3.9046959877, 5.76160240173, 7.88829469681, 4.55058765411, 5.35633850098, 2.2742831707, 3.14984512329, 5.01422357559, 3.90718770027, 1.602435112, 0.587062180042, 0.722029328346, 0.264173060656, 0.0976277366281, 0.0288288053125, 0.00647639855742, 0.000807778793387, 5.49886790395e-05], "var": [0.163384228945, 3.29138803482, 6.09418487549, 29.1193389893, 168.121734619, 387.641723633, 1915.33483887, 2292.76123047, 4651.16601562, 17641.7792969, 11790.3398438, 10366.9462891, 2686.04345703, 1546.91625977, 1712.96813965, 1230.6661377, 624.919250488, 97.5429458618, 25.8400707245, 15.4826192856, 580.734741211, 1157.26806641, 684.597351074, 1275.00622559, 2236.36865234, 642.490722656, 2502.60571289, 362.550750732, 1286.03405762, 2243.66064453, 980.265441895, 186.66368103, 26.6864738464, 68.9037017822, 8.16011238098, 1.13444757462, 0.0719114691019, 0.00225605000742, 2.31077410717e-05, 9.57534780355e-08], "dvar": [0.0699246749282, 1.89945781231, 4.10235881805, 18.5029602051, 68.4873046875, 105.845214844, 473.72277832, 723.781311035, 1336.23693848, 3647.3046875, 3497.88574219, 1732.63647461, 755.810852051, 468.120330811, 576.964172363, 309.439819336, 222.301528931, 34.3970298767, 10.2428846359, 8.92991447449, 308.685211182, 608.762451172, 228.963226318, 392.862243652, 651.590332031, 286.511901855, 433.227264404, 58.9067649841, 161.670074463, 336.95916748, 423.567901611, 80.1298141479, 10.3731393814, 23.9456443787, 3.81245207787, 0.540489315987, 0.0386818945408, 0.00170076999348, 2.07674347621e-05, 1.03260774154e-07], "mean": [0.296354144812, 1.26773023605, 1.15485227108, 2.08823823929, 6.02510595322, 10.555308342, 19.7236270905, 23.5144233704, 34.4370346069, 53.30834198, 44.0914115906, 28.5376529694, 22.636510849, 16.2338352203, 12.6448402405, 11.0077161789, 6.72061300278, 4.10461997986, 1.97522389889, 1.91999638081, 3.42819166183, 5.50139570236, 9.23323440552, 12.5739183426, 19.1896629333, 9.62951946259, 14.3254289627, 6.14382791519, 9.86844444275, 14.2512168884, 7.94831228256, 2.87216114998, 0.931577324867, 1.13300228119, 0.380615144968, 0.136718794703, 0.0385212413967, 0.00829461589456, 0.000971557805315, 8.60459258547e-05]}, "zerocrossingrate": {"min": 0.001953125, "max": 0.47900390625, "dvar2": 0.000301813270198, "median": 0.03125, "dmean2": 0.0108872884884, "dmean": 0.00953920278698, "var": 0.00234612543136, "dvar": 0.000285768153844, "mean": 0.0478854887187}, "spectral_contrast_coeffs": {"min": [-0.960119664669, -0.975302934647, -0.989526331425, -0.981597781181, -0.960116565228, -0.934352695942], "max": [-0.222376823425, -0.30891084671, -0.446067750454, -0.537302851677, -0.510038852692, -0.499951958656], "dvar2": [0.00372288562357, 0.0026980319526, 0.00184963201173, 0.00121800228953, 0.000988906947896, 0.000559960841201], "median": [-0.684647023678, -0.702738463879, -0.734656274319, -0.776335954666, -0.784798502922, -0.786637544632], "dmean2": [0.0721888020635, 0.061408303678, 0.0517556518316, 0.0438909307122, 0.0360845401883, 0.02509480156], "dmean": [0.0435767173767, 0.0387993901968, 0.0336014926434, 0.0273725893348, 0.0229818914086, 0.0164018943906], "var": [0.0176783241332, 0.00853630993515, 0.00574303697795, 0.00297034112737, 0.00473990710452, 0.00438139634207], "dvar": [0.00144647865091, 0.00115274300333, 0.000811646634247, 0.000482568546431, 0.000478388101328, 0.000293724588118], "mean": [-0.649638712406, -0.690441787243, -0.729708790779, -0.775926291943, -0.771764099598, -0.76875346899]}, "dissonance": {"min": 0.00327077228576, "max": 0.500000059605, "dvar2": 0.00122729735449, "median": 0.44796448946, "dmean2": 0.0372516028583, "dmean": 0.0228036567569, "var": 0.00149581977166, "dvar": 0.000481104216306, "mean": 0.440985441208}, "spectral_energyband_high": {"min": 2.42375482748e-13, "max": 0.0337028279901, "dvar2": 4.17454975832e-06, "median": 7.35207649996e-05, "dmean2": 0.000610851158854, "dmean": 0.00044134966447, "var": 1.11068939077e-05, "dvar": 2.36783557739e-06, "mean": 0.00120085163508}, "spectral_skewness": {"min": -0.484477221966, "max": 5.11735725403, "dvar2": 0.135287076235, "median": 1.7738493681, "dmean2": 0.381425738335, "dmean": 0.247495636344, "var": 0.627193570137, "dvar": 0.065081961453, "mean": 1.81532609463}, "spectral_flux": {"min": 0.000122971687233, "max": 0.33164986968, "dvar2": 0.00149767356925, "median": 0.0466751344502, "dmean2": 0.0318508185446, "dmean": 0.0195657964796, "var": 0.00159795710351, "dvar": 0.000621793966275, "mean": 0.0569899640977}, "silence_rate_30dB": {"min": 1, "max": 1, "dvar2": 0, "median": 1, "dmean2": 0, "dmean": 0, "var": 0, "dvar": 0, "mean": 1}, "spectral_energyband_middle_high": {"min": 5.69165618499e-14, "max": 0.0473275892437, "dvar2": 4.67344125354e-06, "median": 0.000827594194561, "dmean2": 0.000934733543545, "dmean": 0.000671472982503, "var": 9.66768493527e-06, "dvar": 2.27311215895e-06, "mean": 0.00205721869133}, "barkbands_spread": {"min": 0.116616629064, "max": 120.845901489, "dvar2": 170.465896606, "median": 9.42840385437, "dmean2": 7.07029247284, "dmean": 4.66813564301, "var": 350.205993652, "dvar": 81.9427337646, "mean": 16.6028823853}, "spectral_centroid": {"min": 107.471748352, "max": 6616.72314453, "dvar2": 233888.0625, "median": 726.350219727, "dmean2": 303.940795898, "dmean": 204.753601074, "var": 788626, "dvar": 125127.59375, "mean": 1071.80322266}, "pitch_salience": {"min": 0.0547411851585, "max": 0.95821595192, "dvar2": 0.0111079355702, "median": 0.478297293186, "dmean2": 0.0968254357576, "dmean": 0.0613133348525, "var": 0.0197614636272, "dvar": 0.00453290389851, "mean": 0.475681334734}, "erbbands_skewness": {"min": -7.9655790329, "max": 8.27299213409, "dvar2": 0.508966743946, "median": 1.15916132927, "dmean2": 0.627597153187, "dmean": 0.429623007774, "var": 1.61058783531, "dvar": 0.262087345123, "mean": 1.05131244659}, "erbbands_crest": {"min": 2.54492282867, "max": 32.2302703857, "dvar2": 14.2781476974, "median": 10.5512475967, "dmean2": 3.84251523018, "dmean": 2.48184347153, "var": 28.0728721619, "dvar": 6.225274086, "mean": 11.896853447}, "melbands": {"min": [6.10525805326e-15, 6.56663562908e-15, 7.22876636615e-15, 7.70344447682e-15, 7.55683577915e-15, 6.52658198211e-15, 4.63791704423e-15, 2.49210306796e-15, 9.70187090862e-16, 5.4410225452e-16, 9.03864728729e-16, 1.1067169435e-15, 6.59888376157e-16, 1.30431797751e-16, 1.84463169189e-16, 3.95075489539e-16, 1.86096156067e-16, 6.00908598537e-17, 1.59488640967e-16, 6.86943720223e-17, 2.16305930238e-16, 1.63975295079e-16, 2.68746481156e-16, 4.72953022198e-16, 4.47529751803e-16, 9.16984210291e-16, 3.2499833623e-16, 6.48965886302e-16, 1.95592070385e-16, 1.30657373213e-16, 9.34248329943e-16, 6.63186563635e-16, 5.37681215384e-16, 1.04396736634e-15, 8.17279220916e-16, 1.13046573564e-15, 7.53835500255e-16, 2.20003877562e-16, 1.06216561775e-16, 2.47633840838e-16], "max": [0.0349803827703, 0.02490840666, 0.0153244920075, 0.0122764259577, 0.0189487654716, 0.0201956853271, 0.0157469697297, 0.0171666108072, 0.0133330412209, 0.0125052938238, 0.00530940061435, 0.00404038280249, 0.00333127216436, 0.00174422888085, 0.00266430410556, 0.000792559294496, 0.000290152383968, 0.00031567615224, 0.000135290945764, 0.000151462430949, 0.0027671221178, 0.0019576146733, 0.00241940282285, 0.000443709635874, 0.000807364354841, 0.000773854029831, 0.000735929817893, 0.000633142422885, 0.000401912024245, 0.000638572499156, 0.000222333750571, 0.000186474528164, 0.000523636932485, 0.000459195027361, 0.000452091946499, 0.000285026093479, 0.000135099020554, 9.31166578084e-05, 0.000203149291337, 0.000316393561661], "dvar2": [9.90113312582e-06, 3.17706940223e-06, 1.97497911358e-06, 9.76475917014e-07, 8.04345745564e-07, 7.69068321915e-07, 5.90871479744e-07, 8.21717094368e-07, 3.4252704495e-07, 1.21995768154e-07, 3.88159371312e-08, 1.77758519015e-08, 2.00377172632e-08, 4.23352197743e-09, 4.55542714661e-09, 1.1500063124e-09, 2.6566779332e-10, 4.92783140682e-11, 3.00708138945e-11, 6.10365369358e-11, 1.98365124326e-09, 1.49373746705e-09, 2.63331623174e-09, 4.05165151429e-10, 7.62942098387e-10, 1.06920128307e-09, 7.29173998959e-10, 2.86806300931e-10, 2.07050321333e-10, 5.03024955023e-10, 1.89060746225e-11, 3.80917901388e-11, 2.83555651182e-10, 2.83428946979e-10, 3.33995081592e-10, 1.99421215652e-10, 3.09896344697e-11, 7.52221809147e-12, 2.74638384951e-11, 4.00557711999e-11], "median": [0.00175048143137, 0.0005828817375, 0.000132499044412, 0.000173637614353, 0.000246933050221, 0.000169627805008, 0.000168180820765, 0.000121008029964, 9.11715178518e-05, 3.4903147025e-05, 2.9465303669e-05, 1.35840637085e-05, 7.90032754594e-06, 7.13701592758e-06, 4.75575870951e-06, 2.47211983151e-06, 2.1606701921e-06, 1.17647346087e-06, 9.26070811147e-07, 1.04747994101e-06, 1.21782682072e-06, 1.051943741e-06, 9.31036197471e-07, 1.52307120516e-06, 1.3268066823e-06, 1.28967690216e-06, 1.03306274468e-06, 6.68547784244e-07, 4.44423307044e-07, 2.9227285836e-07, 1.51917561197e-07, 1.52773282025e-07, 2.52334018569e-07, 2.44542604833e-07, 1.80758362944e-07, 1.01577967371e-07, 4.61624338755e-08, 2.65333639504e-08, 3.01326998908e-08, 3.52705953333e-08], "dmean2": [0.0011592367664, 0.000608746369835, 0.000425373087637, 0.00046835289686, 0.000372104725102, 0.000329789094394, 0.0002865990391, 0.00031465551001, 0.000179465248948, 8.99452788872e-05, 6.98896838003e-05, 4.16651237174e-05, 3.39974030794e-05, 1.965080628e-05, 1.50053583639e-05, 8.93824926607e-06, 6.56973861624e-06, 2.74850822279e-06, 2.16684679799e-06, 2.69822953669e-06, 4.15979866375e-06, 4.58500699096e-06, 5.45497641724e-06, 7.27435826775e-06, 7.35342609914e-06, 9.89946420304e-06, 6.96882216289e-06, 4.33853756476e-06, 3.9235337681e-06, 5.50259164811e-06, 1.14373119686e-06, 1.69807788097e-06, 4.37945345766e-06, 4.39874838776e-06, 3.56698888027e-06, 2.58521117757e-06, 1.02133856217e-06, 5.31274054083e-07, 8.34125501115e-07, 9.69713255472e-07], "dmean": [0.000797329994384, 0.000395512237446, 0.00024913722882, 0.00027730371221, 0.000251986901276, 0.00022274517687, 0.000203995135962, 0.000213389532291, 0.000135910740937, 6.64424369461e-05, 5.02752882312e-05, 3.07028276438e-05, 2.3634869649e-05, 1.40490674312e-05, 1.03759348349e-05, 5.92822243561e-06, 4.27513077739e-06, 1.74324691216e-06, 1.34048741529e-06, 1.6564837324e-06, 2.90047273666e-06, 3.2100408589e-06, 3.64433299183e-06, 4.7389539759e-06, 4.8085630624e-06, 6.64870321998e-06, 4.60900537291e-06, 2.86789736492e-06, 2.74946296486e-06, 3.8493762986e-06, 7.35503249416e-07, 1.18091691093e-06, 3.05053640659e-06, 3.04426271214e-06, 2.49068489211e-06, 1.8284035832e-06, 6.86566352215e-07, 3.53644196593e-07, 5.51817493033e-07, 6.65126151489e-07], "var": [9.52251411945e-06, 2.05906599149e-06, 1.17520141885e-06, 1.2786475736e-06, 1.65287474374e-06, 1.14672570817e-06, 1.06877541839e-06, 1.97828217097e-06, 6.80897130678e-07, 3.46507704307e-07, 6.73156677067e-08, 2.81952665659e-08, 2.70665641011e-08, 6.92531632041e-09, 6.88486689882e-09, 1.18628451506e-09, 3.70902003555e-10, 5.9070019709e-11, 2.3989229006e-11, 3.97348369485e-11, 1.86201021268e-09, 1.31257216207e-09, 2.53195286959e-09, 9.83825354517e-10, 1.0177002574e-09, 1.62100188827e-09, 1.0476953749e-09, 2.83695067438e-10, 4.90668283781e-10, 1.59013402445e-09, 7.32351609911e-11, 1.6125617508e-10, 9.58004231499e-10, 8.10305489374e-10, 3.77966907772e-10, 2.3124081816e-10, 3.41277076044e-11, 7.2066740596e-12, 3.45629219689e-11, 6.05524588804e-11], "dvar": [4.48153969046e-06, 1.27760972646e-06, 7.16914883014e-07, 3.75600734515e-07, 3.88239101312e-07, 3.46675307128e-07, 2.87528081344e-07, 4.00947840262e-07, 1.90613548057e-07, 6.3592501931e-08, 1.92773281782e-08, 9.04354902076e-09, 9.37014732472e-09, 2.13618922551e-09, 2.06493599997e-09, 5.21435228329e-10, 1.26893759389e-10, 2.36567380268e-11, 1.25090727707e-11, 2.39832285975e-11, 9.93348181488e-10, 7.20321247094e-10, 1.29795263426e-09, 1.85735191116e-10, 3.36732364214e-10, 4.87486606637e-10, 3.33711280831e-10, 1.38738853739e-10, 1.10577373647e-10, 2.78649603391e-10, 8.9098485534e-12, 2.04042841651e-11, 1.50867277005e-10, 1.37244021703e-10, 1.69082303714e-10, 1.04305543369e-10, 1.60421710638e-11, 3.43343799572e-12, 1.36457295116e-11, 2.16105154605e-11], "mean": [0.00227573164739, 0.000938674493227, 0.000467835110612, 0.000600012601353, 0.000644638494123, 0.000547900795937, 0.000543410365935, 0.000566239410546, 0.000331108429236, 0.000163491509738, 0.000109256783617, 6.49882131256e-05, 4.56869674963e-05, 2.83606896119e-05, 2.16028583964e-05, 1.03515740193e-05, 7.42168504075e-06, 2.91048081635e-06, 2.19856747208e-06, 2.65462972493e-06, 4.77622597828e-06, 5.53068275622e-06, 6.13494921708e-06, 1.18050484161e-05, 8.91278432391e-06, 1.5354658899e-05, 9.93002231553e-06, 5.43110445506e-06, 6.63706441628e-06, 1.03548645711e-05, 1.6780122678e-06, 3.51515609509e-06, 8.90046521818e-06, 7.97547909315e-06, 4.8074289225e-06, 3.30998818754e-06, 1.04228502096e-06, 5.0050863365e-07, 8.5672854766e-07, 1.01693206034e-06]}, "spectral_entropy": {"min": 4.9244093895, "max": 9.28796195984, "dvar2": 0.0803491920233, "median": 6.99407958984, "dmean2": 0.251053065062, "dmean": 0.171238675714, "var": 0.276238322258, "dvar": 0.0423192642629, "mean": 7.03083181381}, "spectral_rolloff": {"min": 64.599609375, "max": 16085.3027344, "dvar2": 2472137.25, "median": 581.396484375, "dmean2": 630.702575684, "dmean": 371.326019287, "var": 3440546, "dvar": 1183957.625, "mean": 1220.83056641}, "barkbands": {"min": [1.18231145767e-14, 1.86027188526e-14, 1.35181655705e-14, 1.45274824071e-14, 3.85998877176e-14, 3.38715126368e-14, 2.05676269202e-14, 7.64100120795e-15, 3.90930311465e-15, 7.48064262444e-15, 5.4457624357e-15, 8.79089120901e-16, 3.68951204088e-15, 1.32750275158e-15, 1.87655723717e-15, 1.71924140777e-15, 2.63039707847e-15, 8.86192550955e-15, 1.89993776056e-14, 1.51344543587e-14, 1.34810960206e-14, 3.64811398321e-14, 6.12663403083e-14, 3.80813138185e-14, 2.14674622073e-14, 1.49677091468e-14, 5.15209856928e-14], "max": [0.00389838358387, 0.1054982692, 0.0447846204042, 0.0454156659544, 0.0525755137205, 0.0875103473663, 0.0746958628297, 0.0797300562263, 0.0691893473268, 0.0311865136027, 0.0244143474847, 0.01878304407, 0.01699058339, 0.00226426753215, 0.00351925962605, 0.00396759342402, 0.044169858098, 0.0067365388386, 0.0157353635877, 0.0161942467093, 0.0138617344201, 0.0150326788425, 0.0215679183602, 0.00920778792351, 0.0220746919513, 0.00868722982705, 0.00130730704404], "dvar2": [7.06161316089e-08, 0.000108290965727, 8.80922470969e-06, 1.09028869701e-05, 1.72672371264e-05, 2.01897528314e-05, 1.67813614098e-05, 1.69114173332e-05, 5.44711747352e-06, 1.2396224065e-06, 9.81308403425e-07, 3.8883695197e-07, 2.49501965754e-07, 1.63979567702e-08, 8.58779891644e-09, 1.4432798956e-08, 1.05374078885e-06, 1.17621574702e-07, 5.18284309692e-07, 3.02202124658e-07, 3.14025328407e-07, 2.56738985627e-07, 9.99563098958e-07, 1.10319803071e-07, 2.43462153549e-07, 3.89820584701e-08, 2.14509299212e-09], "median": [6.61371595925e-05, 0.00555396266282, 0.000231360434555, 0.000169767183252, 0.00108205201104, 0.00102605926804, 0.000744589255191, 0.000537182437256, 0.000207374614547, 0.000161955947988, 4.75789311167e-05, 5.62724162592e-05, 2.59213047684e-05, 1.98736524908e-05, 1.5029961105e-05, 1.35611235237e-05, 2.30325713346e-05, 2.78747429547e-05, 3.59791956726e-05, 2.34027538681e-05, 1.32587592816e-05, 1.10802993731e-05, 1.1434881344e-05, 3.38069685313e-06, 3.07037271341e-06, 1.46761567521e-06, 5.67638835491e-07], "dmean2": [0.00011372759036, 0.00385252875276, 0.000833485741168, 0.000942885002587, 0.00212641386315, 0.00178501487244, 0.00148805347271, 0.00136271095835, 0.000664934224915, 0.000398467731429, 0.000245718401857, 0.000164795332239, 0.000112853129394, 5.45941475139e-05, 3.7960424379e-05, 3.54627918568e-05, 0.000108587111754, 0.000126877290313, 0.000226289805141, 0.000145913436427, 0.000157168018632, 0.000139778057928, 0.000216584361624, 6.63891914883e-05, 7.36127403798e-05, 2.74507510767e-05, 7.32976013751e-06], "dmean": [7.72440762375e-05, 0.00263249059208, 0.000489676021971, 0.000554572907276, 0.00130225834437, 0.00122030207422, 0.00106476270594, 0.0009668066632, 0.000474368978757, 0.000293358811177, 0.000167940219399, 0.000115585455205, 7.56128138164e-05, 3.54113653884e-05, 2.37081039813e-05, 2.19760659093e-05, 7.62779163779e-05, 8.22198344395e-05, 0.000151426080265, 9.72292255028e-05, 0.000110143279016, 9.75215079961e-05, 0.00015460155555, 4.56039088021e-05, 5.06949145347e-05, 1.86915949598e-05, 4.85077771373e-06], "var": [1.5546235943e-07, 9.52549526119e-05, 4.92230674354e-06, 6.93799165674e-06, 2.4506902264e-05, 3.21954357787e-05, 3.3108964999e-05, 3.3650034311e-05, 1.58698258019e-05, 1.93729374587e-06, 1.3275262063e-06, 5.62771333534e-07, 2.77562151041e-07, 2.39157209592e-08, 8.48444425827e-09, 7.8705548745e-09, 9.92084324025e-07, 2.02662832294e-07, 7.60445686865e-07, 3.45491770304e-07, 1.0622101172e-06, 8.52911057336e-07, 1.80254767201e-06, 1.46907780163e-07, 3.34421144998e-07, 3.64955390353e-08, 8.61140880826e-10], "dvar": [3.64242715989e-08, 4.76765089843e-05, 3.29340286953e-06, 4.08828782383e-06, 7.02437682776e-06, 9.43208669923e-06, 8.30444332678e-06, 9.00300892681e-06, 2.79250775748e-06, 6.22870572897e-07, 4.57959004052e-07, 1.72151217726e-07, 1.18023919526e-07, 7.8977802076e-09, 3.83845355501e-09, 5.7651319274e-09, 5.21743231729e-07, 5.40591749143e-08, 2.38599909608e-07, 1.45897104176e-07, 1.75212605313e-07, 1.3880617189e-07, 5.15341810114e-07, 5.94665365838e-08, 1.26732260242e-07, 1.86320363582e-08, 8.76074268685e-10], "mean": [0.000266237417236, 0.00718121370301, 0.000857595878188, 0.000930825190153, 0.00302971131168, 0.00303483940661, 0.00280208047479, 0.00226906407624, 0.00115444825497, 0.000637161079794, 0.000312963384204, 0.000227231750614, 0.000131162567413, 6.21295766905e-05, 3.77367796318e-05, 3.48532375938e-05, 0.000130640226416, 0.000184925302165, 0.000334364740411, 0.000193912084796, 0.000303404376609, 0.000272898818366, 0.000368741486454, 7.13443514542e-05, 7.73770952947e-05, 2.57845076703e-05, 5.68669202039e-06]}, "melbands_flatness_db": {"min": 0.0293841417879, "max": 0.638772785664, "dvar2": 0.00139632425271, "median": 0.270564615726, "dmean2": 0.0327669978142, "dmean": 0.0227999333292, "var": 0.00639055576175, "dvar": 0.000704463920556, "mean": 0.270514130592}, "melbands_skewness": {"min": -2.53031396866, "max": 25.1279163361, "dvar2": 2.0676548481, "median": 2.41945123672, "dmean2": 1.07192957401, "dmean": 0.722852945328, "var": 5.48751306534, "dvar": 0.929519593716, "mean": 3.01264166832}, "barkbands_skewness": {"min": -5.75454950333, "max": 25.3894386292, "dvar2": 1.50053703785, "median": 1.90217781067, "dmean2": 0.894281506538, "dmean": 0.612918555737, "var": 4.26740789413, "dvar": 0.726056933403, "mean": 2.28741717339}, "silence_rate_60dB": {"min": 0, "max": 1, "dvar2": 0.0366190075874, "median": 0, "dmean2": 0.0333020016551, "dmean": 0.0166498832405, "var": 0.0887861102819, "dvar": 0.0163706447929, "mean": 0.0984828174114}, "spectral_energyband_low": {"min": 4.51956587389e-14, "max": 0.109777450562, "dvar2": 0.000119356613141, "median": 0.00704550184309, "dmean2": 0.00430053193122, "dmean": 0.00296485703439, "var": 0.000118267569633, "dvar": 5.4038107919e-05, "mean": 0.00869831629097}, "spectral_energyband_middle_low": {"min": 1.2089877439e-13, "max": 0.0971877723932, "dvar2": 7.77324676164e-05, "median": 0.00914812181145, "dmean2": 0.00561022944748, "dmean": 0.00364267942496, "var": 0.000170745042851, "dvar": 3.34827091137e-05, "mean": 0.0135086234659}, "melbands_kurtosis": {"min": -1.92983388901, "max": 828.070739746, "dvar2": 1262.02783203, "median": 10.460185051, "dmean2": 15.0224723816, "dmean": 9.94817256927, "var": 2130.9934082, "dvar": 565.065185547, "mean": 24.3426780701}, "spectral_decrease": {"min": -3.3448003478e-08, "max": -5.68222932999e-20, "dvar2": 1.08740054904e-17, "median": -5.48935030764e-09, "dmean2": 2.12833195512e-09, "dmean": 1.42985390195e-09, "var": 1.90630290346e-17, "dvar": 4.90117747827e-18, "mean": -6.18644468986e-09}, "erbbands_kurtosis": {"min": -1.90008985996, "max": 83.6031341553, "dvar2": 19.6347332001, "median": 2.00230312347, "dmean2": 2.81027793884, "dmean": 1.83504951, "var": 27.8313770294, "dvar": 8.65179920197, "mean": 3.20904445648}, "melbands_crest": {"min": 3.84950351715, "max": 34.548286438, "dvar2": 19.4874191284, "median": 17.1198539734, "dmean2": 4.28007125854, "dmean": 2.75980782509, "var": 41.4508323669, "dvar": 8.30188560486, "mean": 17.8482437134}, "gfcc": {"cov": [[5868.58740234, -492.298858643, -644.915344238, 430.436798096, -415.924377441, 101.803245544, 333.744262695, 305.634887695, 96.7098083496, 190.660568237, 139.112609863, 94.3890762329, -150.260604858], [-492.298858643, 1929.01721191, 106.974533081, -431.1065979, 539.241699219, -13.6719150543, 96.3946151733, -50.8676223755, 125.126655579, 90.0259170532, 89.381072998, -5.01817893982, 157.412063599], [-644.915344238, 106.974533081, 826.566162109, 159.208190918, 227.33430481, 230.187026978, -29.2548351288, 0.677418231964, 38.4527778625, 40.805305481, 11.622625351, 20.2084026337, 69.2917480469], [430.436798096, -431.1065979, 159.208190918, 790.815124512, 40.4799804688, 107.280006409, 178.042877197, 106.602157593, 95.424949646, 26.899433136, 35.529209137, 55.9644165039, -24.445274353], [-415.924377441, 539.241699219, 227.33430481, 40.4799804688, 564.807556152, 222.638458252, 120.440200806, 85.5668792725, 122.015159607, 107.06703949, 50.1597366333, 18.5642757416, 80.2599639893], [101.803245544, -13.6719150543, 230.187026978, 107.280006409, 222.638458252, 386.238098145, 160.398071289, 94.4734649658, 116.854019165, 112.338005066, 56.4733695984, 24.4421977997, 27.488155365], [333.744262695, 96.3946151733, -29.2548351288, 178.042877197, 120.440200806, 160.398071289, 282.098388672, 149.148101807, 121.812431335, 99.3626861572, 74.0878067017, 40.3369636536, 15.5768766403], [305.634887695, -50.8676223755, 0.677418231964, 106.602157593, 85.5668792725, 94.4734649658, 149.148101807, 212.822174072, 124.957115173, 77.1019973755, 56.2286453247, 35.3121185303, 12.938170433], [96.7098083496, 125.126655579, 38.4527778625, 95.424949646, 122.015159607, 116.854019165, 121.812431335, 124.957115173, 212.935913086, 119.644813538, 67.0716400146, 48.0554428101, 40.2535018921], [190.660568237, 90.0259170532, 40.805305481, 26.899433136, 107.06703949, 112.338005066, 99.3626861572, 77.1019973755, 119.644813538, 164.330963135, 87.6739501953, 40.4918289185, 34.6115608215], [139.112609863, 89.381072998, 11.622625351, 35.529209137, 50.1597366333, 56.4733695984, 74.0878067017, 56.2286453247, 67.0716400146, 87.6739501953, 124.780227661, 62.7768592834, 24.7730770111], [94.3890762329, -5.01817893982, 20.2084026337, 55.9644165039, 18.5642757416, 24.4421977997, 40.3369636536, 35.3121185303, 48.0554428101, 40.4918289185, 62.7768592834, 103.737678528, 55.2324867249], [-150.260604858, 157.412063599, 69.2917480469, -24.445274353, 80.2599639893, 27.488155365, 15.5768766403, 12.938170433, 40.2535018921, 34.6115608215, 24.7730770111, 55.2324867249, 115.686500549]], "icov": [[0.000287596485578, -0.000242907743086, 0.000296424666885, -0.000308683491312, 0.000487869372591, -0.000448463804787, 0.000309121183818, -0.000662532693241, 0.000583807355724, -0.000708315405063, 0.000382901576813, -0.000492188555654, 0.000423627963755], [-0.000242907743086, 0.00182559364475, -0.000674142094795, 0.00137108901981, -0.00200596870854, 0.00203217985108, -0.00226654810831, 0.00249480828643, -0.00211755838245, 0.00182432518341, -0.00207151495852, 0.00190570426639, -0.00144630356226], [0.000296424666885, -0.000674142094795, 0.00236269738525, -0.00120994984172, 0.000510845333338, -0.00225780555047, 0.00237768073566, -0.00130460201763, 0.00132072204724, -0.00108249089681, 0.0006674855249, -0.000539746542927, -0.000381637102691], [-0.000308683491312, 0.00137108901981, -0.00120994984172, 0.00292010977864, -0.00150574627332, 0.00188915175386, -0.00312692765146, 0.00209511560388, -0.00235481397249, 0.00227161264047, -0.00112112925854, 0.000121687291539, 0.000179401497007], [0.000487869372591, -0.00200596870854, 0.000510845333338, -0.00150574627332, 0.0051558855921, -0.00324153597467, 0.00203872751445, -0.00314708682708, 0.00207767868415, -0.00265655689873, 0.00208144425415, -0.000938223383855, 8.37527186377e-05], [-0.000448463804787, 0.00203217985108, -0.00225780555047, 0.00188915175386, -0.00324153597467, 0.00760577945039, -0.00505895307288, 0.00331952143461, -0.00308615202084, 0.000908706977498, -0.00180297927, 0.00205858773552, -0.000639279256575], [0.000309121183818, -0.00226654810831, 0.00237768073566, -0.00312692765146, 0.00203872751445, -0.00505895307288, 0.0115434406325, -0.00655145896599, 0.0027473452501, -0.00331177352928, 0.00104620552156, -0.00175126013346, 0.00101367780007], [-0.000662532693241, 0.00249480828643, -0.00130460201763, 0.00209511560388, -0.00314708682708, 0.00331952143461, -0.00655145896599, 0.0129784187302, -0.0070275249891, 0.00368170649745, -0.00345171429217, 0.00232049939223, -0.00123077700846], [0.000583807355724, -0.00211755838245, 0.00132072204724, -0.00235481397249, 0.00207767868415, -0.00308615202084, 0.0027473452501, -0.0070275249891, 0.0137298079208, -0.00824675615877, 0.00362215633504, -0.00365751748905, 0.000719373929314], [-0.000708315405063, 0.00182432518341, -0.00108249089681, 0.00227161264047, -0.00265655689873, 0.000908706977498, -0.00331177352928, 0.00368170649745, -0.00824675615877, 0.0180973242968, -0.0100309951231, 0.00452933553606, -0.0031720160041], [0.000382901576813, -0.00207151495852, 0.0006674855249, -0.00112112925854, 0.00208144425415, -0.00180297927, 0.00104620552156, -0.00345171429217, 0.00362215633504, -0.0100309951231, 0.0203216560185, -0.0118526006117, 0.00495673809201], [-0.000492188555654, 0.00190570426639, -0.000539746542927, 0.000121687291539, -0.000938223383855, 0.00205858773552, -0.00175126013346, 0.00232049939223, -0.00365751748905, 0.00452933553606, -0.0118526006117, 0.0228563230485, -0.0112019749358], [0.000423627963755, -0.00144630356226, -0.000381637102691, 0.000179401497007, 8.37527186377e-05, -0.000639279256575, 0.00101367780007, -0.00123077700846, 0.000719373929314, -0.0031720160041, 0.00495673809201, -0.0112019749358, 0.0165091436356]], "mean": [-48.1495780945, 99.0927505493, -90.2558059692, 25.3723888397, -71.9740600586, -5.20089483261, -24.3173446655, 10.2722797394, -17.612279892, 1.3078070879, -4.98398351669, 5.16613674164, -12.0411138535]}, "melbands_spread": {"min": 0.216271728277, "max": 245.051330566, "dvar2": 436.896270752, "median": 9.76861572266, "dmean2": 8.63095474243, "dmean": 5.78025150299, "var": 727.001647949, "dvar": 208.11038208, "mean": 18.3958759308}, "spectral_energy": {"min": 4.82841793891e-13, "max": 0.12766559422, "dvar2": 0.000160680036061, "median": 0.0221653487533, "dmean2": 0.0084016835317, "dmean": 0.00565267261118, "var": 0.000299858365906, "dvar": 7.23274497432e-05, "mean": 0.0249383319169}, "mfcc": {"cov": [[6042.08935547, -939.313476562, -286.739074707, 268.171203613, -555.214355469, -75.8725967407, 47.4825401306, 233.343734741, -46.0816802979, 188.816726685, 261.421966553, 137.432952881, 204.838928223], [-939.313476562, 2207.29150391, -254.996170044, -233.289123535, 295.849761963, 50.2607078552, 67.5078430176, -124.683296204, 126.664924622, -23.4476203918, -12.5000219345, 58.1899871826, 2.95662426949], [-286.739074707, -254.996170044, 637.507751465, 104.081169128, 129.601531982, 139.222824097, 33.7930908203, 39.8486099243, 15.3094444275, 21.5051498413, -2.86880803108, 7.76231336594, -3.71549081802], [268.171203613, -233.289123535, 104.081169128, 511.766326904, 56.4070854187, 74.3342971802, 50.8282241821, 111.240203857, 38.470489502, 42.4479637146, 51.862449646, 39.0457344055, 44.4959602356], [-555.214355469, 295.849761963, 129.601531982, 56.4070854187, 404.396087646, 178.678771973, 97.8771209717, 39.699596405, 119.858634949, 59.383392334, 13.9708299637, 67.637008667, 23.6017475128], [-75.8725967407, 50.2607078552, 139.222824097, 74.3342971802, 178.678771973, 303.151306152, 130.533599854, 69.8071060181, 113.980941772, 70.2395935059, 80.7871704102, 69.994178772, 42.1691017151], [47.4825401306, 67.5078430176, 33.7930908203, 50.8282241821, 97.8771209717, 130.533599854, 196.119400024, 88.7525787354, 71.5000839233, 74.1217956543, 56.948059082, 45.0635108948, 46.8546447754], [233.343734741, -124.683296204, 39.8486099243, 111.240203857, 39.699596405, 69.8071060181, 88.7525787354, 175.113937378, 81.7530212402, 72.8179244995, 65.4440231323, 46.5430717468, 56.4686126709], [-46.0816802979, 126.664924622, 15.3094444275, 38.470489502, 119.858634949, 113.980941772, 71.5000839233, 81.7530212402, 199.624557495, 81.9296340942, 76.5031890869, 67.0418014526, 39.5007324219], [188.816726685, -23.4476203918, 21.5051498413, 42.4479637146, 59.383392334, 70.2395935059, 74.1217956543, 72.8179244995, 81.9296340942, 174.874191284, 86.7446517944, 41.134437561, 59.7204017639], [261.421966553, -12.5000219345, -2.86880803108, 51.862449646, 13.9708299637, 80.7871704102, 56.948059082, 65.4440231323, 76.5031890869, 86.7446517944, 180.022216797, 80.1311569214, 47.2108955383], [137.432952881, 58.1899871826, 7.76231336594, 39.0457344055, 67.637008667, 69.994178772, 45.0635108948, 46.5430717468, 67.0418014526, 41.134437561, 80.1311569214, 144.160354614, 61.6403236389], [204.838928223, 2.95662426949, -3.71549081802, 44.4959602356, 23.6017475128, 42.1691017151, 46.8546447754, 56.4686126709, 39.5007324219, 59.7204017639, 47.2108955383, 61.6403236389, 130.125289917]], "icov": [[0.000238897599047, 4.49774306617e-05, 9.25248605199e-05, -7.49165119487e-05, 0.000349540583557, -5.13011109433e-05, -3.13481427838e-06, -0.000162228869158, 0.000135779104312, -0.000190168488189, -0.000100868383015, -0.000208057943382, -0.00014285898942], [4.49774306617e-05, 0.000663854996674, 0.000293527991744, 0.000180945164175, -0.000483877432998, 0.000184335804079, -0.00037047470687, 0.000662497826852, -0.000429294654168, 0.000261597713688, -9.56066869549e-05, -7.99914923846e-05, -0.000182610994671], [9.25248605199e-05, 0.000293527991744, 0.00206133374013, -0.000183659489267, -0.000492376857437, -0.000957575568464, 0.000337204372045, -0.000252569909208, 0.000467952602776, -0.000168687882251, 0.000250769400736, 1.14022677735e-05, 0.000196133405552], [-7.49165119487e-05, 0.000180945164175, -0.000183659489267, 0.00244977581315, -0.000485314725665, -0.000129024570924, 0.000188150981558, -0.00129052321427, 0.00025372687378, 0.000306650646962, -0.000299748062389, 5.82021966693e-05, -0.000243574293563], [0.000349540583557, -0.000483877432998, -0.000492376857437, -0.000485314725665, 0.00514153251424, -0.00176538736559, -0.000492649385706, 5.97294711042e-05, -0.00110071792733, -0.001272908994, 0.00185795594007, -0.001764969551, 0.00048397431965], [-5.13011109433e-05, 0.000184335804079, -0.000957575568464, -0.000129024570924, -0.00176538736559, 0.00685724103823, -0.00302537414245, 0.000967831059825, -0.00174897792749, 0.000743704673368, -0.00170806434471, -0.000144450401422, -0.000261557637714], [-3.13481427838e-06, -0.00037047470687, 0.000337204372045, 0.000188150981558, -0.000492649385706, -0.00302537414245, 0.00928104203194, -0.00357411196455, 0.000985224032775, -0.00158288539387, 6.9348658144e-05, 0.000182015603059, -0.000446429097792], [-0.000162228869158, 0.000662497826852, -0.000252569909208, -0.00129052321427, 5.97294711042e-05, 0.000967831059825, -0.00357411196455, 0.0112508926541, -0.00331486272626, -0.000489601166919, -0.000655676063616, 5.35140861757e-05, -0.0018020250136], [0.000135779104312, -0.000429294654168, 0.000467952602776, 0.00025372687378, -0.00110071792733, -0.00174897792749, 0.000985224032775, -0.00331486272626, 0.00952280592173, -0.00210666982457, -0.00110939051956, -0.00144837074913, 0.000737497466616], [-0.000190168488189, 0.000261597713688, -0.000168687882251, 0.000306650646962, -0.001272908994, 0.000743704673368, -0.00158288539387, -0.000489601166919, -0.00210666982457, 0.0101052327082, -0.00355691788718, 0.00214826222509, -0.0027693673037], [-0.000100868383015, -9.56066869549e-05, 0.000250769400736, -0.000299748062389, 0.00185795594007, -0.00170806434471, 6.9348658144e-05, -0.000655676063616, -0.00110939051956, -0.00355691788718, 0.0104993050918, -0.00437343446538, 0.000978339812718], [-0.000208057943382, -7.99914923846e-05, 1.14022677735e-05, 5.82021966693e-05, -0.001764969551, -0.000144450401422, 0.000182015603059, 5.35140861757e-05, -0.00144837074913, 0.00214826222509, -0.00437343446538, 0.0122518576682, -0.00417530722916], [-0.00014285898942, -0.000182610994671, 0.000196133405552, -0.000243574293563, 0.00048397431965, -0.000261557637714, -0.000446429097792, -0.0018020250136, 0.000737497466616, -0.0027693673037, 0.000978339812718, -0.00417530722916, 0.0116125540808]], "mean": [-702.899963379, 134.211135864, 25.2537288666, 29.9303894043, -16.077173233, -8.32712364197, -3.45934438705, 7.05247354507, -9.51483726501, 3.45526885986, 3.90416574478, -1.01712083817, 7.81015634537]}, "spectral_contrast_valleys": {"min": [-18.1502285004, -18.028799057, -18.8077697754, -19.8037052155, -18.9667682648, -19.6013965607], "max": [-5.17531633377, -4.69795846939, -5.6719956398, -6.53736257553, -5.7653927803, -7.22254943848], "dvar2": [0.280878812075, 0.158838003874, 0.158220842481, 0.151903629303, 0.163480624557, 0.214475870132], "median": [-7.23016691208, -6.68944263458, -7.94166660309, -9.0350818634, -8.49420547485, -10.9642572403], "dmean2": [0.597128391266, 0.461455374956, 0.44428357482, 0.400494098663, 0.361859917641, 0.344143390656], "dmean": [0.35932263732, 0.283819437027, 0.279103785753, 0.24704541266, 0.235135033727, 0.242574647069], "var": [1.59370875359, 0.799604535103, 0.614863097668, 0.541057527065, 0.574236690998, 0.698414921761], "dvar": [0.115360245109, 0.0620007477701, 0.0652702376246, 0.061690621078, 0.0733918994665, 0.117966063321], "mean": [-7.65206480026, -6.81592178345, -8.04726028442, -9.09728527069, -8.4730052948, -10.7952051163]}, "barkbands_flatness_db": {"min": 0.0337555669248, "max": 0.509670972824, "dvar2": 0.000932305643801, "median": 0.1869366467, "dmean2": 0.027772879228, "dmean": 0.0190074536949, "var": 0.00353955407627, "dvar": 0.000456591456896, "mean": 0.190187007189}, "dynamic_complexity": 4.08481931686, "erbbands_flatness_db": {"min": 0.0329596288502, "max": 0.387838512659, "dvar2": 0.000569028605241, "median": 0.181414544582, "dmean2": 0.0225813928992, "dmean": 0.0154601410031, "var": 0.00223860144615, "dvar": 0.000291669071885, "mean": 0.181710794568}, "hfc": {"min": 2.95890090207e-09, "max": 354.828735352, "dvar2": 279.006958008, "median": 8.04023551941, "dmean2": 6.69727039337, "dmean": 4.79285097122, 