{"lowlevel": {"spectral_complexity": {"min": 0, "max": 56, "dvar2": 57.7292976379, "median": 9, "dmean2": 4.40710449219, "dmean": 2.74545264244, "var": 51.2576255798, "dvar": 24.8243999481, "mean": 10.3752689362}, "silence_rate_20dB": {"min": 1, "max": 1, "dvar2": 0, "median": 1, "dmean2": 0, "dmean": 0, "var": 0, "dvar": 0, "mean": 1}, "average_loudness": 0.906138598919, "erbbands_spread": {"min": 1.39614629745, "max": 197.416992188, "dvar2": 809.760192871, "median": 34.7999572754, "dmean2": 20.0048828125, "dmean": 12.8701763153, "var": 801.85949707, "dvar": 341.231323242, "mean": 42.4215354919}, "spectral_kurtosis": {"min": -1.39912652969, "max": 71.6161270142, "dvar2": 26.5354137421, "median": 4.64486265182, "dmean2": 3.81628632545, "dmean": 2.4550204277, "var": 32.6196479797, "dvar": 11.4335050583, "mean": 6.32694482803}, "barkbands_kurtosis": {"min": -1.93254339695, "max": 751.23638916, "dvar2": 2090.65625, "median": 9.37246322632, "dmean2": 18.7927265167, "dmean": 11.4798946381, "var": 1361.66088867, "dvar": 784.718078613, "mean": 20.3930091858}, "spectral_strongpeak": {"min": 0, "max": 11.5204000473, "dvar2": 0.784295499325, "median": 0.370854705572, "dmean2": 0.499916315079, "dmean": 0.29544582963, "var": 0.732315063477, "dvar": 0.33758610487, "mean": 0.638617992401}, "spectral_spread": {"min": 1367643, "max": 42926552, "dvar2": 6197293350910.0, "median": 4920323, "dmean2": 1625624.625, "dmean": 1074122.625, "var": 11782958612500.0, "dvar": 2531147644930.0, "mean": 5588177.5}, "spectral_rms": {"min": 3.16583803443e-12, "max": 0.0201484300196, "dvar2": 9.52112077357e-06, "median": 0.00513593945652, "dmean2": 0.00173600320704, "dmean": 0.00115150306374, "var": 9.2835371106e-06, "dvar": 4.36359914602e-06, "mean": 0.00548229319975}, "erbbands": {"min": [6.99345765971e-23, 1.16907954269e-21, 2.78068354747e-21, 2.43595219017e-21, 1.43512912065e-20, 2.1841584521e-20, 6.43475430732e-20, 9.12303701439e-20, 1.22848418481e-19, 1.35119087106e-19, 1.96746084843e-19, 2.67739261581e-19, 5.35984861095e-19, 8.25387440081e-19, 1.00664034158e-18, 1.62972323697e-18, 1.07952684427e-18, 2.06185004039e-18, 2.68919601786e-18, 3.41144566779e-18, 4.46152601962e-18, 5.40733963485e-18, 6.51919031931e-18, 7.45553685244e-18, 7.61597101378e-18, 9.99665554654e-18, 9.98817115499e-18, 1.0792335467e-17, 1.26452274837e-17, 1.08656294595e-17, 1.25600907464e-17, 1.17688585761e-17, 1.03383274616e-17, 8.70557963875e-18, 6.89282407969e-18, 4.73174814136e-18, 2.00772120226e-18, 1.00384188617e-18, 2.43252647498e-19, 2.81435311036e-20], "max": [11.5252256393, 82.5213851929, 166.593307495, 235.785171509, 362.798248291, 384.320556641, 674.029968262, 431.448516846, 1676.61962891, 1441.93981934, 2039.29394531, 1776.56359863, 1062.56054688, 1650.75244141, 764.754394531, 1268.41442871, 2718.74902344, 849.011474609, 449.268951416, 244.146057129, 202.225585938, 164.425003052, 408.637512207, 159.31022644, 640.851074219, 461.790985107, 205.192764282, 320.698425293, 294.582885742, 249.570037842, 313.281066895, 259.879943848, 112.997200012, 62.5704879761, 19.5011978149, 8.30260467529, 5.85931587219, 1.33615267277, 0.423664391041, 0.0350207462907], "dvar2": [4.53167247772, 170.224975586, 661.336303711, 441.83694458, 602.840637207, 938.221191406, 1590.24475098, 1094.12988281, 4247.36962891, 5083.43603516, 4505.71337891, 2713.48901367, 2739.66210938, 4490.61376953, 1384.39904785, 1467.08776855, 2603.5546875, 798.091003418, 932.73425293, 875.411865234, 171.756240845, 81.2692642212, 462.784606934, 380.038513184, 1154.29455566, 3066.96411133, 357.231903076, 674.100891113, 563.138671875, 242.866653442, 111.972869873, 64.8565368652, 32.0354270935, 18.7706317902, 6.63142681122, 0.886986792088, 0.161990731955, 0.01797205396, 0.00237634917721, 1.40375495903e-05], "median": [0.249893769622, 2.51167058945, 3.27755498886, 2.41517972946, 4.20685720444, 6.18878650665, 5.53687000275, 5.60727977753, 6.37984085083, 6.03261375427, 5.31838083267, 3.53825640678, 3.00625514984, 2.72754335403, 2.29221439362, 2.38850784302, 2.0688624382, 2.30287599564, 2.20029187202, 1.81072163582, 1.55661010742, 1.06067693233, 1.00379157066, 1.06413936615, 0.957584023476, 0.891249299049, 0.898573458195, 0.714502573013, 0.616885125637, 0.495794713497, 0.345290362835, 0.224677875638, 0.166219726205, 0.091564655304, 0.0441627949476, 0.0158105008304, 0.00592321017757, 0.00110420258716, 0.000160473326105, 5.35782892257e-05], "dmean2": [0.769817769527, 4.54560709, 8.42119026184, 7.72334480286, 10.573890686, 15.6793222427, 14.0712251663, 14.0730400085, 20.1800079346, 21.0714759827, 20.5257492065, 14.165517807, 17.3962211609, 19.9851646423, 11.4326725006, 10.1308412552, 9.82921695709, 9.09714984894, 11.5635471344, 9.60362911224, 5.62327384949, 3.68991017342, 6.79546117783, 6.5288772583, 9.44366168976, 13.7450380325, 6.76349973679, 7.5039229393, 7.1796002388, 5.08718824387, 3.07081675529, 2.61542677879, 2.06100893021, 1.66172587872, 0.997840225697, 0.361859679222, 0.13599807024, 0.0411409884691, 0.0129409423098, 0.000990775763057], "dmean": [0.459591805935, 2.59307169914, 4.8325138092, 4.53014755249, 6.25465631485, 9.89049911499, 8.94389724731, 8.81499004364, 13.169629097, 14.7999782562, 15.6543426514, 10.3644399643, 11.555847168, 12.8098306656, 7.41919517517, 6.61392211914, 6.50328063965, 5.86554718018, 7.06196260452, 5.63251399994, 3.40714454651, 2.25374102592, 4.04732704163, 3.82892847061, 5.53755521774, 7.67547893524, 3.9965634346, 4.36274719238, 4.26718521118, 3.10137104988, 1.97268593311, 1.6647053957, 1.27911734581, 0.989913284779, 0.582805454731, 0.213072299957, 0.0802176594734, 0.0238772854209, 0.0072229905054, 0.000553691992536], "var": [1.48449087143, 43.9714355469, 181.141921997, 194.764450073, 285.79284668, 992.950500488, 1236.40795898, 1151.91040039, 3620.43920898, 5925.73144531, 10915.9794922, 4102.76025391, 4260.24072266, 5565.38330078, 1151.67736816, 1171.75952148, 3147.61376953, 684.255615234, 492.732299805, 285.090759277, 91.4108276367, 39.7198371887, 176.972518921, 115.687583923, 396.454803467, 651.891479492, 125.976791382, 195.204330444, 232.366821289, 163.055526733, 125.95173645, 92.1400527954, 31.3324356079, 9.15649795532, 2.28964614868, 0.328962177038, 0.0581084229052, 0.00523768458515, 0.000543829111848, 3.22756613969e-06], "dvar": [1.76128315926, 61.7951965332, 238.890518188, 168.645019531, 229.775756836, 400.863616943, 615.313903809, 446.410522461, 1792.48083496, 2405.10791016, 2582.04858398, 1360.08813477, 1261.33813477, 2085.11669922, 577.693786621, 657.947387695, 1414.52770996, 367.352539062, 362.725402832, 323.458343506, 67.2171707153, 31.1384468079, 178.865615845, 139.504608154, 438.424591064, 1069.25610352, 135.830810547, 247.638793945, 217.955459595, 103.010070801, 54.8643951416, 33.6408233643, 14.564286232, 7.50602054596, 2.54748511314, 0.350162953138, 0.06222916767, 0.00675957929343, 0.000856309954543, 5.0571270549e-06], "mean": [0.55283677578, 3.68819737434, 7.00223350525, 6.33119010925, 9.88999176025, 18.3522529602, 16.5379314423, 17.5932369232, 25.1554527283, 31.3141613007, 39.0910873413, 22.9269256592, 21.3154087067, 20.0580596924, 11.5684661865, 10.2961435318, 10.1985616684, 9.24425029755, 9.54924678802, 6.65123033524, 4.82493877411, 3.15411305428, 4.63157653809, 4.26838588715, 5.83764266968, 6.44665431976, 4.59993505478, 4.5222401619, 4.789103508, 3.72086548805, 2.53335189819, 2.11038446426, 1.5164475441, 1.00567317009, 0.525579154491, 0.197122305632, 0.0748539343476, 0.0197001118213, 0.00501173269004, 0.000413747067796]}, "zerocrossingrate": {"min": 0.00244140625, "max": 0.52734375, "dvar2": 0.000300838844851, "median": 0.02783203125, "dmean2": 0.012809577398, "dmean": 0.0100102126598, "var": 0.00246981345117, "dvar": 0.000236187494011, "mean": 0.0400592423975}, "spectral_contrast_coeffs": {"min": [-0.973623156548, -0.975004792213, -0.972056031227, -0.967364430428, -0.967663049698, -0.964991033077], "max": [-0.286083191633, -0.368181407452, -0.461249142885, -0.525142431259, -0.563271462917, -0.529096066952], "dvar2": [0.0046038213186, 0.00413871044293, 0.00251660635695, 0.0017591099022, 0.00114370451774, 0.00136418861803], "median": [-0.680542349815, -0.685450792313, -0.761386632919, -0.777246057987, -0.797079324722, -0.7857016325], "dmean2": [0.0756494775414, 0.0731862932444, 0.0581601709127, 0.0494582280517, 0.0374489240348, 0.0349068827927], "dmean": [0.0457734167576, 0.0457458905876, 0.0375365018845, 0.0316385738552, 0.023919923231, 0.0224571209401], "var": [0.00712970271707, 0.00926094036549, 0.00730479555205, 0.00490714143962, 0.00279640080407, 0.00326564838178], "dvar": [0.00178597320337, 0.00173118046951, 0.00113510864321, 0.000786587886978, 0.000500452413689, 0.000580421299674], "mean": [-0.670510113239, -0.683542907238, -0.753259956837, -0.774055838585, -0.79716771841, -0.78395396471]}, "dissonance": {"min": 0.203275889158, "max": 0.5, "dvar2": 0.00154006970115, "median": 0.443154573441, "dmean2": 0.0418604388833, "dmean": 0.0258823037148, "var": 0.00203317310661, "dvar": 0.000625276763458, "mean": 0.433767586946}, "spectral_energyband_high": {"min": 7.34391304222e-21, "max": 0.0290385019034, "dvar2": 5.78899425818e-06, "median": 0.000131437409436, "dmean2": 0.000933858507778, "dmean": 0.000570479081944, "var": 3.09619190375e-06, "dvar": 2.36250116359e-06, "mean": 0.000658275443129}, "spectral_skewness": {"min": -0.403414726257, "max": 7.25796604156, "dvar2": 0.37913274765, "median": 1.84552955627, "dmean2": 0.521314442158, "dmean": 0.344752371311, "var": 0.649380803108, "dvar": 0.171645388007, "mean": 1.95557570457}, "spectral_flux": {"min": 6.52254777966e-11, "max": 0.583363592625, "dvar2": 0.00830208975822, "median": 0.0536829642951, "dmean2": 0.0574522539973, "dmean": 0.0372385531664, "var": 0.00784896686673, "dvar": 0.00422553671524, "mean": 0.082771718502}, "silence_rate_30dB": {"min": 0, "max": 1, "dvar2": 0.121262140572, "median": 1, "dmean2": 0.133476853371, "dmean": 0.0667312443256, "var": 0.0723038241267, "dvar": 0.0622803233564, "mean": 0.921545386314}, "spectral_energyband_middle_high": {"min": 1.32493250719e-21, "max": 0.0594528503716, "dvar2": 2.29989582294e-05, "median": 0.00073209538823, "dmean2": 0.00180173222907, "dmean": 0.00115086766891, "var": 1.74249380507e-05, "dvar": 9.22841900319e-06, "mean": 0.00208692974411}, "barkbands_spread": {"min": 0.148032918572, "max": 127.386688232, "dvar2": 309.413757324, "median": 8.94598007202, "dmean2": 9.41230869293, "dmean": 5.77526426315, "var": 204.322341919, "dvar": 119.650268555, "mean": 13.3643035889}, "spectral_centroid": {"min": 101.555107117, "max": 11719.3916016, "dvar2": 449737.25, "median": 587.772766113, "dmean2": 371.126739502, "dmean": 230.125015259, "var": 946574.9375, "dvar": 184597.765625, "mean": 834.011657715}, "pitch_salience": {"min": 0.043248899281, "max": 0.906952142715, "dvar2": 0.0167079046369, "median": 0.459611833096, "dmean2": 0.11978995055, "dmean": 0.0722638219595, "var": 0.0138572221622, "dvar": 0.00603194069117, "mean": 0.458150535822}, "erbbands_skewness": {"min": -5.53447628021, "max": 13.4751672745, "dvar2": 0.767857909203, "median": 0.975044369698, "dmean2": 0.736305713654, "dmean": 0.481583476067, "var": 1.44210648537, "dvar": 0.342345327139, "mean": 1.04976797104}, "erbbands_crest": {"min": 2.222042799, "max": 30.4898281097, "dvar2": 15.8234157562, "median": 9.80451393127, "dmean2": 4.13889741898, "dmean": 2.6410651207, "var": 24.6767158508, "dvar": 6.84284973145, "mean": 10.8226213455}, "melbands": {"min": [1.62779179817e-24, 2.99784617253e-24, 6.9064446847e-25, 1.91124312927e-24, 1.76350328679e-24, 2.28608517953e-24, 1.7315100467e-24, 1.24849860026e-24, 2.05661027536e-24, 1.62591716884e-24, 2.46607306417e-24, 3.34310258618e-24, 2.33832354867e-24, 3.60677816046e-24, 2.93123160225e-24, 2.78161111537e-24, 2.86360314849e-24, 3.45905291191e-24, 4.68216478494e-24, 2.69250612068e-24, 4.37393829104e-24, 4.65052870163e-24, 4.95990377701e-24, 5.57959267224e-24, 5.02602846467e-24, 4.73251146564e-24, 4.64746673803e-24, 5.13374860457e-24, 5.26163281806e-24, 6.10730393581e-24, 4.37445262835e-24, 5.19156224816e-24, 5.63168944086e-24, 5.97053517636e-24, 6.18073386988e-24, 5.54915092434e-24, 6.36754835958e-24, 5.62941239385e-24, 4.91332942916e-24, 7.23125993736e-24], "max": [0.0865778476, 0.0796302855015, 0.0512358359993, 0.0190962422639, 0.018579415977, 0.0117125585675, 0.026722855866, 0.0156625490636, 0.0231357105076, 0.00956992153078, 0.00526152038947, 0.0064681218937, 0.00261292397045, 0.00336725451052, 0.00475115980953, 0.00519225234166, 0.00167563441209, 0.00108907895628, 0.000811054836959, 0.000426964485087, 0.000199236732442, 0.000152616339619, 0.000314579345286, 0.000274555612123, 0.000149049621541, 0.000527076481376, 0.000297873950331, 0.000315761164529, 0.000155526780873, 0.000111014298454, 0.000271915778285, 0.000163607983268, 0.000188136968063, 0.000162298776559, 0.000165609613759, 0.000194225562154, 0.000171444669832, 9.17136640055e-05, 5.38980821148e-05, 7.68285972299e-05], "dvar2": [0.000289402203634, 0.000203531861189, 1.24409361888e-05, 3.96148243453e-06, 1.47123967054e-06, 5.71999805743e-07, 1.06855031845e-06, 5.8281591464e-07, 3.46558977071e-07, 9.44768530076e-08, 7.48716431076e-08, 7.90163738884e-08, 1.79969887881e-08, 1.7100818539e-08, 1.84285138261e-08, 7.21234449941e-09, 4.03550792782e-09, 2.39945152636e-09, 2.78295964051e-09, 9.11126396552e-10, 2.30831367909e-10, 1.0814644319e-10, 2.04767119927e-10, 4.99640717688e-10, 2.44939041272e-10, 4.88328044668e-10, 1.32981503587e-09, 1.44977196914e-09, 1.54403767549e-10, 1.1804215938e-10, 3.84966974964e-10, 2.0030074821e-10, 1.96202540326e-10, 6.08234781985e-11, 4.43120505567e-11, 3.63300292627e-11, 2.73127093858e-11, 1.85068974035e-11, 1.5818757762e-11, 1.48192447896e-11], "median": [0.00280114053749, 0.00254693534225, 0.000499128946103, 0.000397715251893, 0.000235596497077, 0.000119698001072, 9.31699105422e-05, 6.33004528936e-05, 3.47068416886e-05, 1.66221689142e-05, 1.30589260152e-05, 9.56990061241e-06, 6.41307724436e-06, 7.27044334781e-06, 3.88718399336e-06, 3.64708694178e-06, 3.35684489983e-06, 2.87785587716e-06, 2.29720149036e-06, 1.74746276116e-06, 1.56213047831e-06, 1.00288821159e-06, 8.67079506861e-07, 7.79657568728e-07, 7.73176338953e-07, 6.26104338153e-07, 5.814731594e-07, 5.09620292632e-07, 5.3840756209e-07, 4.31512631849e-07, 3.00126430375e-07, 3.19018482742e-07, 2.99890473343e-07, 2.41100735821e-07, 1.98991543243e-07, 1.29246103597e-07, 1.25492391589e-07, 1.11096355226e-07, 9.28005761125e-08, 6.76901379393e-08], "dmean2": [0.00615832954645, 0.00483071245253, 0.00136947934516, 0.000996608054265, 0.000504399300553, 0.000322692649206, 0.000319083686918, 0.000230236793868, 0.000162453579833, 8.77397469594e-05, 8.96255151019e-05, 8.439982048e-05, 4.20067372033e-05, 3.10295217787e-05, 2.44229377131e-05, 2.0976023734e-05, 1.84963973879e-05, 1.80080733116e-05, 1.76434696186e-05, 1.02667190731e-05, 6.40082544123e-06, 4.11389510191e-06, 4.87759689349e-06, 6.76095896779e-06, 5.24883034814e-06, 5.54733560421e-06, 9.4411734608e-06, 9.40683548833e-06, 4.2572064558e-06, 4.07428888138e-06, 5.01160138811e-06, 4.16120110458e-06, 4.17140381614e-06, 2.46688523475e-06, 1.83663030384e-06, 1.6543149286e-06, 1.68224869412e-06, 1.47878256485e-06, 1.44690181969e-06, 1.4576560261e-06], "dmean": [0.00368497380987, 0.00278337695636, 0.00080347713083, 0.000605100474786, 0.000322408945067, 0.000203263829462, 0.000208811776247, 0.000165838500834, 0.000124577345559, 6.34870011709e-05, 5.88063812756e-05, 5.36255429324e-05, 2.73528712569e-05, 1.98911784537e-05, 1.58564016601e-05, 1.39742405736e-05, 1.17428980957e-05, 1.09902903205e-05, 1.04678683783e-05, 6.06805087955e-06, 3.85838302464e-06, 2.49965182775e-06, 2.96606572192e-06, 3.93899699702e-06, 3.05238700093e-06, 3.34525680046e-06, 5.28145073986e-06, 5.23452854395e-06, 2.52222662311e-06, 2.38493748839e-06, 2.87689795186e-06, 2.46802324e-06, 2.47015259447e-06, 1.52328652803e-06, 1.16669843919e-06, 1.0552406593e-06, 1.05338244794e-06, 9.19113347209e-07, 8.68367635576e-07, 8.6188589421e-07], "var": [9.39938545343e-05, 5.46323572053e-05, 5.5276727835e-06, 2.88528303827e-06, 1.32131174269e-06, 6.05129912401e-07, 8.93047058526e-07, 8.87033422714e-07, 7.76650836087e-07, 1.43804101072e-07, 1.05918310567e-07, 9.08971955482e-08, 1.72118674868e-08, 9.12448694379e-09, 1.45468659341e-08, 1.22766818933e-08, 2.66763056089e-09, 1.29212918143e-09, 1.09954201299e-09, 3.26185911614e-10, 1.34053851353e-10, 5.52972251322e-11, 9.6146590689e-11, 1.5106366158e-10, 7.15793049832e-11, 2.13672912697e-10, 3.02415981146e-10, 3.06125930161e-10, 5.16937603834e-11, 5.2685675267e-11, 9.8437751006e-11, 7.73211356053e-11, 8.45611289324e-11, 4.56648573122e-11, 4.21578570664e-11, 4.26453386493e-11, 3.33662923679e-11, 1.79855314669e-11, 9.67902407528e-12, 6.36489255398e-12], "dvar": [0.000111984751129, 7.39921815693e-05, 4.8090009841e-06, 1.54342262704e-06, 5.84782526403e-07, 2.36495139916e-07, 4.40871673391e-07, 2.94885410312e-07, 1.95560005523e-07, 4.70155541166e-08, 3.37565388975e-08, 3.59195304611e-08, 8.13861777971e-09, 6.43302389136e-09, 8.85809470219e-09, 4.14397005599e-09, 1.71577496655e-09, 9.51756451428e-10, 1.06206721195e-09, 3.38695987923e-10, 8.86740611494e-11, 4.05171833584e-11, 8.20609760699e-11, 1.85550436127e-10, 8.91458296071e-11, 1.97831223625e-10, 4.65803062788e-10, 5.05559871744e-10, 5.89221310632e-11, 4.46784935437e-11, 1.37984818016e-10, 7.692024101e-11, 7.53860029956e-11, 2.65754571127e-11, 2.08595189732e-11, 1.71250947451e-11, 1.38126281246e-11, 8.41742908014e-12, 6.47139026394e-12, 5.87227488857e-12], "mean": [0.00491645885631, 0.00416026962921, 0.00116152642295, 0.00108645285945, 0.000621050887275, 0.000403184996685, 0.000394698581658, 0.000365944608347, 0.00030471154605, 0.000133645400638, 0.000102696707472, 8.01345522632e-05, 4.00285935029e-05, 3.01508443954e-05, 2.2786520276e-05, 2.1106658096e-05, 1.70880284713e-05, 1.45396752487e-05, 1.2310441889e-05, 7.06239598003e-06, 5.47546960661e-06, 3.38898416885e-06, 3.62878063243e-06, 4.0417216951e-06, 3.28214218825e-06, 3.82143070965e-06, 4.63263086203e-06, 4.24214158556e-06, 2.6824861834e-06, 2.94188339467e-06, 2.6634072583e-06, 2.69850170298e-06, 2.6963309665e-06, 1.83629049388e-06, 1.45731257817e-06, 1.32462196234e-06, 1.28357373796e-06, 1.07982373265e-06, 9.36654430461e-07, 8.34028242025e-07]}, "spectral_entropy": {"min": 3.95943593979, "max": 9.82832145691, "dvar2": 0.221403613687, "median": 7.03862476349, "dmean2": 0.401481509209, "dmean": 0.278322279453, "var": 0.483802437782, "dvar": 0.11401578784, "mean": 7.07483243942}, "spectral_rolloff": {"min": 21.533203125, "max": 20047.4121094, "dvar2": 3474934.5, "median": 387.59765625, "dmean2": 645.582946777, "dmean": 361.931976318, "var": 3440011.25, "dvar": 1315515.25, "mean": 776.206542969}, "barkbands": {"min": [8.5144834058e-25, 6.45102364842e-24, 1.04307764282e-24, 2.71485987494e-25, 7.1621044461e-24, 9.8627965764e-24, 1.05550362202e-23, 7.08037451202e-24, 1.49992056144e-23, 1.320925971e-23, 1.83647181611e-23, 3.40911730663e-23, 1.34833683642e-23, 2.10634113179e-23, 5.69354804762e-23, 7.37835614823e-23, 8.10364243755e-23, 1.23498585471e-22, 1.69042706217e-22, 2.07816494508e-22, 3.10039097468e-22, 3.69765511029e-22, 4.45767601813e-22, 6.15619224934e-22, 8.86924721842e-22, 1.24993543782e-21, 2.15864675606e-21], "max": [0.0323948785663, 0.314219921827, 0.151860103011, 0.15223684907, 0.0732477456331, 0.0613209418952, 0.1276845783, 0.0901320055127, 0.115014709532, 0.0309011582285, 0.0403175279498, 0.0254072304815, 0.0533712655306, 0.0194643214345, 0.00808145012707, 0.00520835164934, 0.00306603242643, 0.0068672276102, 0.00953532382846, 0.00899898353964, 0.00490407366306, 0.00762626156211, 0.0103503642604, 0.00938067119569, 0.00373152154498, 0.00218044756912, 0.00248606922105], "dvar2": [2.06406821235e-05, 0.00342866382562, 0.000453630374977, 4.31187872891e-05, 6.21413055342e-05, 1.99027417693e-05, 2.79468367808e-05, 1.15655166155e-05, 7.92528408056e-06, 4.20708192905e-06, 1.79065364136e-06, 1.14309295896e-06, 1.2735256405e-06, 3.44510965533e-07, 5.13776001299e-07, 8.72804690744e-08, 4.36826326222e-08, 1.68036095261e-07, 2.08304200555e-07, 1.30274725052e-06, 2.43238304165e-07, 4.63307657128e-07, 1.44171579564e-07, 1.24343074503e-07, 1.32695618049e-07, 4.33742286532e-08, 7.88377221284e-08], "median": [0.000133606125019, 0.0110341627151, 0.00217504263856, 0.000475495879073, 0.00199689762667, 0.000645682332106, 0.000351878465153, 0.000218403831241, 9.68592139543e-05, 8.74824327184e-05, 4.42065793322e-05, 4.88740406581e-05, 3.77489450329e-05, 2.80332933471e-05, 3.43630053976e-05, 2.16399130295e-05, 1.93506803043e-05, 1.75752247742e-05, 1.95721513592e-05, 1.87821606232e-05, 1.8776367142e-05, 1.72746185854e-05, 1.23355157484e-05, 1.07717996798e-05, 7.03435580363e-06, 3.36008315571e-06, 8.78634864421e-07], "dmean2": [0.00163481396157, 0.0211237668991, 0.00699008721858, 0.00241180788726, 0.00409663794562, 0.00178667297587, 0.00153607549146, 0.00100015359931, 0.000646579603199, 0.000675572955515, 0.000381211633794, 0.000262275338173, 0.00022002197511, 0.000177884430741, 0.00025161987287, 0.00011032774637, 8.15186722321e-05, 0.000131670400151, 0.000136344780913, 0.00028983753873, 0.00016573339235, 0.000206127078854, 0.000114230344479, 0.000125602047774, 0.000143368000863, 7.47575613786e-05, 7.56175577408e-05], "dmean": [0.00105153687764, 0.0124638425186, 0.00402173679322, 0.00141604035161, 0.00251294136979, 0.0011235261336, 0.0010106266709, 0.000771245919168, 0.000469862949103, 0.000433522567619, 0.000252670084592, 0.000166763333254, 0.000144694931805, 0.000111964451207, 0.000150160252815, 6.62643651594e-05, 4.9324153224e-05, 7.78002649895e-05, 8.16035462776e-05, 0.000161848991411, 9.74522627075e-05, 0.000122905097669, 7.23495686543e-05, 7.82882707426e-05, 8.47672126838e-05, 4.43157332484e-05, 4.22463308496e-05], "var": [1.04656228359e-05, 0.001044955221, 0.000127510385937, 2.83401714114e-05, 4.9117650633e-05, 1.84461569006e-05, 2.15861127799e-05, 2.62393095909e-05, 1.09689462988e-05, 4.49593562735e-06, 2.32175239034e-06, 7.06238097337e-07, 1.50022742673e-06, 2.24891707035e-07, 2.12664602373e-07, 3.70862629495e-08, 2.26112728541e-08, 5.88480837393e-08, 8.66278355716e-08, 2.81038239791e-07, 8.08317466294e-08, 1.95660064151e-07, 1.51192423914e-07, 1.54913365691e-07, 5.43598339675e-08, 1.60004827165e-08, 1.83600974424e-08], "dvar": [9.50205230765e-06, 0.00130253087264, 0.000164238867001, 1.81875602721e-05, 2.42937312578e-05, 7.92551600171e-06, 1.15383627417e-05, 6.63337550577e-06, 4.10662050854e-06, 1.81111761322e-06, 9.219676258e-07, 4.72509441352e-07, 6.59135366732e-07, 1.45541420693e-07, 1.93140706983e-07, 3.34387522116e-08, 1.61630957507e-08, 6.39830091131e-08, 8.26060073678e-08, 4.54849526932e-07, 9.09407091854e-08, 1.79754522378e-07, 6.86816861162e-08, 6.13839006292e-08, 5.19129805809e-08, 1.70117502307e-08, 2.84941794604e-08], "mean": [0.00104509165976, 0.0174172203988, 0.00549661740661, 0.00183552189264, 0.0047947820276, 0.00219808449037, 0.00179004343227, 0.00186026433948, 0.000966409977991, 0.000698395189829, 0.000362571707228, 0.000243561647949, 0.000213377468754, 0.000161823831149, 0.000182137577212, 8.14496306702e-05, 6.71959205647e-05, 8.48489289638e-05, 9.44251733017e-05, 0.000136944683618, 0.000110366403533, 0.000137761016958, 9.23409388633e-05, 9.70367764239e-05, 8.1197162217e-05, 4.11839027947e-05, 2.96198577416e-05]}, "melbands_flatness_db": {"min": 0.00383102451451, "max": 0.662813067436, "dvar2": 0.00381986121647, "median": 0.298547565937, "dmean2": 0.0512358918786, "dmean": 0.0341305024922, "var": 0.00807929318398, "dvar": 0.00176829611883, "mean": 0.30410438776}, "melbands_skewness": {"min": -3.57674193382, "max": 34.3543205261, "dvar2": 7.81808996201, "median": 3.39598083496, "dmean2": 1.88668954372, "dmean": 1.22272109985, "var": 8.52007102966, "dvar": 3.22352147102, "mean": 4.07606458664}, "barkbands_skewness": {"min": -7.19677448273, "max": 21.3759384155, "dvar2": 4.36836719513, "median": 2.53899765015, "dmean2": 1.46287119389, "dmean": 0.934441566467, "var": 4.64590740204, "dvar": 1.74580419064, "mean": 2.9734454155}, "silence_rate_60dB": {"min": 0, "max": 1, "dvar2": 0.0345111489296, "median": 0, "dmean2": 0.0334768556058, "dmean": 0.0167904421687, "var": 0.08583368361, "dvar": 0.0165052302182, "mean": 0.0948127433658}, "spectral_energyband_low": {"min": 2.28865146238e-23, "max": 0.363548278809, "dvar2": 0.00497886678204, "median": 0.0154956066981, "dmean2": 0.0262768510729, "dmean": 0.016076033935, "var": 0.0018405088922, "dvar": 0.00198895670474, "mean": 0.0249865725636}, "spectral_energyband_middle_low": {"min": 1.77349373684e-22, "max": 0.188111409545, "dvar2": 0.000216619082494, "median": 0.00817216187716, "dmean2": 0.00824079103768, "dmean": 0.00530242500827, "var": 0.000250939716352, "dvar": 9.06874483917e-05, "mean": 0.0137749053538}, "melbands_kurtosis": {"min": -1.919085145, "max": 1964.4465332, "dvar2": 10505.9472656, "median": 20.3903064728, "dmean2": 41.4183120728, "dmean": 25.5374279022, "var": 6286.17431641, "dvar": 4052.08447266, "mean": 45.3034934998}, "spectral_decrease": {"min": -1.08808002608e-07, "max": 1.98414731586e-28, "dvar2": 3.445445744e-16, "median": -6.92270951674e-09, "dmean2": 7.99922883488e-09, "dmean": 5.0335682289e-09, "var": 1.58999730903e-16, "dvar": 1.40894004608e-16, "mean": -1.03286250663e-08}, "erbbands_kurtosis": {"min": -1.89988791943, "max": 244.083282471, "dvar2": 46.9043045044, "median": 1.03915143013, "dmean2": 3.17062211037, "dmean": 2.04597449303, "var": 88.5457763672, "dvar": 23.1362037659, "mean": 2.92917180061}, "melbands_crest": {"min": 1.68464028835, "max": 38.3970832825, "dvar2": 26.7614994049, "median": 17.1376724243, "dmean2": 4.90760803223, "dmean": 3.01985359192, "var": 29.3770923615, "dvar": 10.1813659668, "mean": 17.2517585754}, "gfcc": {"cov": [[20374.25, 231.804870605, -1896.95666504, 142.713989258, -853.052124023, 449.471221924, -21.9601020813, 330.928161621, -38.9294891357, 389.84475708, -38.6751747131, 76.6723251343, -132.59916687], [231.804870605, 1971.61767578, -535.915893555, -178.069351196, 120.915657043, -165.993789673, 84.7205734253, -12.5561847687, 80.65209198, -43.3248901367, 126.919395447, -106.681686401, 24.2096061707], [-1896.95666504, -535.915893555, 1144.22424316, 190.76953125, 156.884414673, 149.106048584, -55.5649299622, 18.9265861511, -19.893913269, -52.8816833496, -50.385345459, 24.433719635, -5.21115779877], [142.713989258, -178.069351196, 190.76953125, 483.852050781, 87.1227340698, 18.3837337494, 33.0497016907, -13.2821750641, -45.2133598328, -32.7443504333, -17.0230674744, 14.0238580704, 28.369726181], [-853.052124023, 120.915657043, 156.884414673, 87.1227340698, 365.187316895, 42.8031578064, 22.3400650024, 34.6335487366, -3.07407832146, -29.8363075256, 14.7544193268, -13.5069856644, 23.3914604187], [449.471221924, -165.993789673, 149.106048584, 18.3837337494, 42.8031578064, 254.434310913, 39.5370483398, 27.2616729736, -6.37216901779, 3.89824104309, -14.6702651978, 2.3796415329, -29.0762729645], [-21.9601020813, 84.7205734253, -55.5649299622, 33.0497016907, 22.3400650024, 39.5370483398, 166.19569397, 24.3579235077, -1.00958895683, -16.9826755524, 3.30356550217, -9.69849967957, 11.9709224701], [330.928161621, -12.5561847687, 18.9265861511, -13.2821750641, 34.6335487366, 27.2616729736, 24.3579235077, 139.250701904, 44.3773078918, 15.4585838318, 6.37882232666, 0.164102315903, -2.9263677597], [-38.9294891357, 80.65209198, -19.893913269, -45.2133598328, -3.07407832146, -6.37216901779, -1.00958895683, 44.3773078918, 124.065238953, 53.1687393188, 9.28446006775, -14.5086040497, -12.0760641098], [389.84475708, -43.3248901367, -52.8816833496, -32.7443504333, -29.8363075256, 3.89824104309, -16.9826755524, 15.4585838318, 53.1687393188, 122.150909424, 34.0334243774, 4.16232442856, -8.23098564148], [-38.6751747131, 126.919395447, -50.385345459, -17.0230674744, 14.7544193268, -14.6702651978, 3.30356550217, 6.37882232666, 9.28446006775, 34.0334243774, 106.551551819, 24.1981124878, 0.982834219933], [76.6723251343, -106.681686401, 24.433719635, 14.0238580704, -13.5069856644, 2.3796415329, -9.69849967957, 0.164102315903, -14.5086040497, 4.16232442856, 24.1981124878, 90.0964355469, 38.0465660095], [-132.59916687, 24.2096061707, -5.21115779877, 28.369726181, 23.3914604187, -29.0762729645, 11.9709224701, -2.9263677597, -12.0760641098, -8.23098564148, 0.982834219933, 38.0465660095, 94.8450927734]], "icov": [[0.00010155315249, -7.61448463891e-05, 0.000191189566976, -0.000175052657141, 0.000231043493841, -0.000311939948006, 0.000190375983948, -0.000386112078559, 0.000303052540403, -0.000364851322956, 0.000264923961367, -0.000191981031094, 0.000116915653052], [-7.61448463891e-05, 0.000934408861212, 0.000172287764144, 0.000343294173945, -0.000479762849864, 0.000462889904156, -0.000344266154571, 0.000598908809479, -0.00100684375502, 0.00125475542154, -0.00153149047401, 0.001433211728, -0.000694383867085], [0.000191189566976, 0.000172287764144, 0.00162577372976, -0.000637616845779, -4.69927072118e-05, -0.00114925857633, 0.00095936836442, -0.000702529854607, 7.45156939956e-05, 0.000102662983409, 0.00043153759907, -0.000355657452019, 0.000176463683601], [-0.000175052657141, 0.000343294173945, -0.000637616845779, 0.00278641399927, -0.000905589025933, 0.000799057714175, -0.00102625135332, 0.000971493544057, 1.34827860165e-05, 0.00069355283631, -0.00042483661673, 0.000389806751627, -0.000663106620777], [0.000231043493841, -0.000479762849864, -4.69927072118e-05, -0.000905589025933, 0.00406337715685, -0.00133696920238, 0.000584151886869, -0.00176780787297, 0.000808769662399, -0.0001821959886, -0.000348930887412, 0.000773718813434, -0.00104610924609], [-0.000311939948006, 0.000462889904156, -0.00114925857633, 0.000799057714175, -0.00133696920238, 0.00612451834604, -0.00233312463388, 0.000641727121547, -0.000206220647669, 0.000168766608112, 2.76006048807e-05, -0.000433692941442, 0.0018272344023], [0.000190375983948, -0.000344266154571, 0.00095936836442, -0.00102625135332, 0.000584151886869, -0.00233312463388, 0.00775878177956, -0.0019935707096, 0.000428517640103, 0.000703182944562, -0.000240596215008, 0.00104769796599, -0.00148860039189], [-0.000386112078559, 0.000598908809479, -0.000702529854607, 0.000971493544057, -0.00176780787297, 0.000641727121547, -0.0019935707096, 0.0103479819372, -0.00464369822294, 0.00176025368273, -0.00147229409777, 0.000276806589682, -0.000352527014911], [0.000303052540403, -0.00100684375502, 7.45156939956e-05, 1.34827860165e-05, 0.000808769662399, -0.000206220647669, 0.000428517640103, -0.00464369822294, 0.0133791491389, -0.00686557032168, 0.00249690609053, -4.82518844365e-05, 0.00132185104303], [-0.000364851322956, 0.00125475542154, 0.000102662983409, 0.00069355283631, -0.0001821959886, 0.000168766608112, 0.000703182944562, 0.00176025368273, -0.00686557032168, 0.0143456114456, -0.00600179145113, 0.00213280739263, -0.00139250711072], [0.000264923961367, -0.00153149047401, 0.00043153759907, -0.00042483661673, -0.000348930887412, 2.76006048807e-05, -0.000240596215008, -0.00147229409777, 0.00249690609053, -0.00600179145113, 0.0148260183632, -0.00690676877275, 0.00340557913296], [-0.000191981031094, 0.001433211728, -0.000355657452019, 0.000389806751627, 0.000773718813434, -0.000433692941442, 0.00104769796599, 0.000276806589682, -4.82518844365e-05, 0.00213280739263, -0.00690676877275, 0.0185315553099, -0.00840115174651], [0.000116915653052, -0.000694383867085, 0.000176463683601, -0.000663106620777, -0.00104610924609, 0.0018272344023, -0.00148860039189, -0.000352527014911, 0.00132185104303, -0.00139250711072, 0.00340557913296, -0.00840115174651, 0.0154696647078]], "mean": [-55.4460067749, 103.995117188, -65.5808410645, 32.7554702759, -48.40990448, 12.6305713654, -27.9982395172, 5.52911758423, -15.5864639282, 6.13488435745, -11.7090167999, -0.904736101627, -6.92887926102]}, "melbands_spread": {"min": 0.154307797551, "max": 278.466094971, "dvar2": 254.282592773, "median": 7.09302997589, "dmean2": 6.81161928177, "dmean": 4.29619121552, "var": 357.608123779, "dvar": 117.320968628, "mean": 11.3283338547}, "spectral_energy": {"min": 1.02730928772e-20, "max": 0.416108250618, "dvar2": 0.00502248620614, "median": 0.0270373225212, "dmean2": 0.0309354122728, "dmean": 0.0195002648979, "var": 0.0023544812575, "dvar": 0.00205843546428, "mean": 0.0403223596513}, "mfcc": {"cov": [[13266.2783203, 227.805297852, -686.505371094, -194.711349487, -714.935791016, -52.4381446838, -85.6848907471, -22.4834003448, 36.0085754395, 236.320007324, 287.153900146, -98.4548950195, 12.6246585846], [227.805297852, 1928.39135742, -347.204772949, -23.9245567322, -23.6603736877, -99.9777908325, -16.7144470215, -21.6303863525, -26.2619781494, 69.1391906738, 43.8143043518, 46.1059494019, 48.8561401367], [-686.505371094, -347.204772949, 797.465637207, 64.6177139282, 171.380737305, 106.376564026, 33.2554664612, 57.0189247131, 25.481294632, -12.2133455276, -16.2090644836, 9.18732452393, -5.82951498032], [-194.711349487, -23.9245567322, 64.6177139282, 422.828796387, 95.3193283081, 25.492225647, 52.3593292236, 22.2004489899, 19.8390464783, -21.5725345612, -42.1122055054, -16.2829780579, 3.7506415844], [-714.935791016, -23.6603736877, 171.380737305, 95.3193283081, 340.815856934, 58.5364265442, 62.3937225342, 30.2477359772, 32.6936988831, -8.06778526306, -20.0513687134, 39.0571708679, 19.1961421967], [-52.4381446838, -99.9777908325, 106.376564026, 25.492225647, 58.5364265442, 185.576187134, 65.4212036133, 28.4507350922, 10.22270298, -4.26733493805, 3.62692093849, -10.0436296463, -15.5373010635], [-85.6848907471, -16.7144470215, 33.2554664612, 52.3593292236, 62.3937225342, 65.4212036133, 168.226226807, 67.4688034058, 14.141541481, -3.71047711372, -10.3691740036, -21.3572654724, 0.934172809124], [-22.4834003448, -21.6303863525, 57.0189247131, 22.2004489899, 30.2477359772, 28.4507350922, 67.4688034058, 133.650939941, 37.2041320801, 5.23676919937, -7.04929542542, -26.64960289, 1.51437485218], [36.0085754395, -26.2619781494, 25.481294632, 19.8390464783, 32.6936988831, 10.22270298, 14.141541481, 37.2041320801, 125.85067749, 24.2226753235, -9.50464916229, 21.6227455139, -9.26279449463], [236.320007324, 69.1391906738, -12.2133455276, -21.5725345612, -8.06778526306, -4.26733493805, -3.71047711372, 5.23676919937, 24.2226753235, 121.238311768, 63.7241897583, -18.9920158386, -7.37586355209], [287.153900146, 43.8143043518, -16.2090644836, -42.1122055054, -20.0513687134, 3.62692093849, -10.3691740036, -7.04929542542, -9.50464916229, 63.7241897583, 121.679718018, 22.1321239471, -1.3444173336], [-98.4548950195, 46.1059494019, 9.18732452393, -16.2829780579, 39.0571708679, -10.0436296463, -21.3572654724, -26.64960289, 21.6227455139, -18.9920158386, 22.1321239471, 140.846618652, 40.5021858215], [12.6246585846, 48.8561401367, -5.82951498032, 3.7506415844, 19.1961421967, -15.5373010635, 0.934172809124, 1.51437485218, -9.26279449463, -7.37586355209, -1.3444173336, 40.5021858215, 99.0731887817]], "icov": [[9.27362198127e-05, 2.19642402044e-06, 4.73407344543e-05, -1.4056477994e-05, 0.000177848894964, -5.08211705892e-05, 4.37632849071e-07, 4.73587260785e-06, -0.000101915320556, -4.6548917453e-05, -0.000185193275684, 7.402295887e-05, -9.78571770247e-05], [2.19642402044e-06, 0.000599536753725, 0.000256117375102, -2.29361467063e-05, -8.0332334619e-05, 0.000184052623808, -4.17455485149e-05, -0.000112858469947, 0.000259637337876, -0.000475520064356, 9.69179454842e-05, -0.000289674411761, -0.000124834128655], [4.73407344543e-05, 0.000256117375102, 0.00165653636213, -8.17352338345e-05, -0.000600888743065, -0.000677637697663, 0.000464395678136, -0.000665401981678, 0.000148869236, -0.000190136212041, 5.50897784706e-05, -0.000179246024345, 5.7968954934e-05], [-1.4056477994e-05, -2.29361467063e-05, -8.17352338345e-05, 0.00267574307509, -0.000640831363853, 6.03389707976e-05, -0.000565407972317, 0.000224916599109, -0.000367636006558, 0.000306319619995, 0.00052925455384, 0.000515379477292, -0.000172559768544], [0.000177848894964, -8.0332334619e-05, -0.000600888743065, -0.000640831363853, 0.00431160302833, -0.000659066135995, -0.00104533729609, 1.61388416018e-05, -0.000478791393107, -0.000602242012974, 0.000442284799647, -0.00121254811529, -0.000511193997227], [-5.08211705892e-05, 0.000184052623808, -0.000677637697663, 6.03389707976e-05, -0.000659066135995, 0.00704682758078, -0.00247269915417, 0.000216463551624, -0.000186589328223, 0.000702074205037, -0.000954896677285, 0.000283127184957, 0.00103251182009], [4.37632849071e-07, -4.17455485149e-05, 0.000464395678136, -0.000565407972317, -0.00104533729609, -0.00247269915417, 0.00899048522115, -0.00385214108974, 0.000403886166168, 0.000203893112484, 0.000113405942102, 0.000724206853192, -0.000383457489079], [4.73587260785e-06, -0.000112858469947, -0.000665401981678, 0.000224916599109, 1.61388416018e-05, 0.000216463551624, -0.00385214108974, 0.0111710242927, -0.00376605568454, 0.00116330746096, -0.00113833427895, 0.00302856788039, -0.00161528494209], [-0.000101915320556, 0.000259637337876, 0.000148869236, -0.000367636006558, -0.000478791393107, -0.000186589328223, 0.000403886166168, -0.00376605568454, 0.0114883007482, -0.00485863536596, 0.00408418849111, -0.0045655881986, 0.0026591506321], [-4.6548917453e-05, -0.000475520064356, -0.000190136212041, 0.000306319619995, -0.000602242012974, 0.000702074205037, 0.000203893112484, 0.00116330746096, -0.00485863536596, 0.0149160781875, -0.00880543887615, 0.00510335620493, -0.00112484022975], [-0.000185193275684, 9.69179454842e-05, 5.50897784706e-05, 0.00052925455384, 0.000442284799647, -0.000954896677285, 0.000113405942102, -0.00113833427895, 0.00408418849111, -0.00880543887615, 0.0147390486673, -0.0051299855113, 0.00176338979509], [7.402295887e-05, -0.000289674411761, -0.000179246024345, 0.000515379477292, -0.00121254811529, 0.000283127184957, 0.000724206853192, 0.00302856788039, -0.0045655881986, 0.00510335620493, -0.0051299855113, 0.0118885459378, -0.0046471208334], [-9.78571770247e-05, -0.000124834128655, 5.7968954934e-05, -0.000172559768544, -0.000511193997227, 0.00103251182009, -0.000383457489079, -0.00161528494209, 0.0026591506321, -0.00112484022975, 0.00176338979509, -0.0046471208334, 0.012555395253]], "mean": [-712.159057617, 139.130126953, 37.3702430725, 30.6020030975, 9.64515209198, 12.0219545364, 2.82622933388, 1.8928591013, 3.27355718613, 4.67483139038, 2.00870943069, 1.23870682716, 2.41979670525]}, "spectral_contrast_valleys": {"min": [-28.1763553619, -27.9252300262, -27.9390525818, -27.9210147858, -27.5291862488, -27.4260749817], "max": [-4.68986606598, -4.43056535721, -5.14230012894, -5.92570638657, -5.54755926132, -7.25156497955], "dvar2": [0.328739225864, 0.408210515976, 0.450533479452, 0.426486551762, 0.574651658535, 0.660216927528], "median": [-6.57526683807, -7.2165646553, -8.15303230286, -8.77452850342, -8.65066146851, -10.6834383011], "dmean2": [0.587445855141, 0.628864109516, 0.62054091692, 0.569776415825, 0.55825316906, 0.633637368679], "dmean": [0.375689923763, 0.396261662245, 0.404191970825, 0.390444636345, 0.412024259567, 0.48514482379], "var": [3.60294103622, 3.47891402245, 3.32791447639, 3.20378017426, 3.35474014282, 3.10208177567], "dvar": [0.173146918416, 0.188520103693, 0.220502242446, 0.223579525948, 0.302790105343, 0.340859085321], "mean": [-6.98819971085, -7.46157073975, -8.37867832184, -8.97255134583, -8.85677909851, -10.7946271896]}, "barkbands_flatness_db": {"min": 0.030513972044, "max": 0.505184054375, "dvar2": 0.00254629808478, "median": 0.195794671774, "dmean2": 0.044148016721, "dmean": 0.0292273908854, "var": 0.00514572346583, "dvar": 0.00118405814283, "mean": 0.202819988132}, "dynamic_complexity": 4.887362957, "erbbands_flatness_db": {"min": 0.0352433100343, "max": 0.369456857443, "dvar2": 0.00123356305994, "median": 0.15044388175, "dmean2": 0.0330292619765, "dmean": 0.0235755573958, "var": 0.00288277189247, "dvar": 0.000652053626254, "mean": 0.151114210486}, "hfc": {"min":