{"lowlevel": {"spectral_complexity": {"min": 0, "max": 62, "dvar2": 183.668533325, "median": 13, "dmean2": 10.5946836472, "dmean": 7.17985534668, "var": 193.837524414, "dvar": 91.8654785156, "mean": 15.9885206223}, "silence_rate_20dB": {"min": 1, "max": 1, "dvar2": 0, "median": 1, "dmean2": 0, "dmean": 0, "var": 0, "dvar": 0, "mean": 1}, "average_loudness": 0.924385547638, "erbbands_spread": {"min": 1.5478733778, "max": 128.620666504, "dvar2": 187.931640625, "median": 25.4292049408, "dmean2": 12.2190980911, "dmean": 8.00058174133, "var": 242.9034729, "dvar": 83.5219116211, "mean": 28.7132720947}, "spectral_kurtosis": {"min": -1.23668825626, "max": 79.8173751831, "dvar2": 25.6500892639, "median": 3.69831132889, "dmean2": 3.74384331703, "dmean": 2.19879674911, "var": 16.2796649933, "dvar": 9.98465538025, "mean": 4.53451156616}, "barkbands_kurtosis": {"min": -1.90151393414, "max": 3544.92626953, "dvar2": 3154.06054688, "median": -0.160566806793, "dmean2": 9.23994922638, "dmean": 5.77134990692, "var": 5060.13769531, "dvar": 1365.88928223, "mean": 6.15796995163}, "spectral_strongpeak": {"min": 0, "max": 16.9371013641, "dvar2": 2.08362054825, "median": 0.374779433012, "dmean2": 0.86876809597, "dmean": 0.515416324139, "var": 1.12015807629, "dvar": 0.789923965931, "mean": 0.743754923344}, "spectral_spread": {"min": 1012927.9375, "max": 41895844, "dvar2": 949381496832, "median": 3447919, "dmean2": 705510.3125, "dmean": 465345.90625, "var": 4726714269700.0, "dvar": 446816124928, "mean": 3631869}, "spectral_rms": {"min": 3.14155017105e-12, "max": 0.011580221355, "dvar2": 3.75301897293e-06, "median": 0.00226173433475, "dmean2": 0.00140525936149, "dmean": 0.00102729082573, "var": 3.86788815376e-06, "dvar": 1.9583123958e-06, "mean": 0.00274569238536}, "erbbands": {"min": [5.5087198308e-23, 7.55596521492e-22, 2.44000852557e-21, 8.6044425917e-21, 1.55853364361e-20, 4.81420538223e-20, 4.45523743071e-20, 6.98086734878e-20, 1.71874508658e-19, 3.64863035096e-19, 2.2968099179e-19, 4.46629192412e-19, 5.59474774239e-19, 7.83022764624e-19, 1.04349661454e-18, 1.77486489674e-18, 1.29850347269e-18, 2.00814947502e-18, 2.52348092869e-18, 2.1713852971e-18, 2.95360099194e-18, 5.09974342509e-18, 5.04697136996e-18, 6.76411436279e-18, 8.06119849695e-18, 7.84081359353e-18, 1.01997846352e-17, 1.09783576334e-17, 1.16083805741e-17, 1.13934244571e-17, 1.26490242428e-17, 1.09574680142e-17, 9.18246663268e-18, 8.20210209685e-18, 6.36675582167e-18, 4.1927750386e-18, 2.14630414696e-18, 1.00685096244e-18, 2.52535578525e-19, 2.69879662502e-20], "max": [2.71449112892, 18.3764057159, 42.0110626221, 49.5803985596, 38.7221221924, 47.1384353638, 84.261138916, 170.803314209, 487.165710449, 458.192596436, 620.298156738, 1437.06530762, 1339.97094727, 981.834228516, 1257.2824707, 1062.71496582, 1936.81616211, 4989.37744141, 1497.28125, 916.005493164, 1083.59729004, 1150.00268555, 1679.65429688, 2191.47290039, 3324.9050293, 1915.62976074, 1930.39685059, 1519.13000488, 1020.63684082, 427.48550415, 506.359191895, 382.955505371, 57.8518791199, 12.0907993317, 4.05360412598, 1.44550693035, 0.670936405659, 0.137315481901, 0.0207042414695, 0.00152015651111], "dvar2": [0.277014493942, 12.2800254822, 53.1871032715, 28.0377655029, 14.0170793533, 23.9497203827, 79.6172866821, 231.739532471, 1576.07397461, 608.590759277, 925.31640625, 1932.02636719, 5242.30175781, 3346.42626953, 3622.9387207, 6270.32177734, 7139.23779297, 17501.6425781, 6703.25244141, 4765.98193359, 4363.59863281, 5781.87548828, 7611.56494141, 11460.9121094, 23477.1875, 6935.81738281, 7675.99951172, 5502.94726562, 2595.48217773, 343.480773926, 201.818267822, 95.1879730225, 8.46359539032, 1.84519195557, 0.243362173438, 0.0482373610139, 0.0138269253075, 0.00057485117577, 1.08321555672e-05, 6.61137846691e-08], "median": [0.00360140530393, 0.0231533572078, 0.0737174525857, 0.122617349029, 0.194203972816, 0.384263157845, 0.670483589172, 1.11239171028, 1.54299116135, 1.95419871807, 2.2253985405, 3.09791731834, 5.15380764008, 5.37082576752, 5.24954557419, 7.85186958313, 6.60754489899, 8.00837516785, 7.95289134979, 8.51371955872, 8.9434595108, 6.12481451035, 5.36881828308, 5.43497848511, 4.02153396606, 3.52465343475, 2.64602518082, 1.68830895424, 1.46063911915, 0.819327175617, 0.467678487301, 0.21085652709, 0.0861936733127, 0.0293453782797, 0.0089901201427, 0.00222751009278, 0.000543819565792, 0.000102214544313, 1.54743684107e-05, 9.52930167841e-06], "dmean2": [0.166417717934, 1.06235575676, 2.20492815971, 1.83776807785, 1.48641133308, 2.3151743412, 3.92780399323, 7.11383962631, 16.7526454926, 10.4130973816, 9.57914447784, 14.1696090698, 24.4368782043, 22.54022789, 23.1115894318, 33.8770599365, 27.4256076813, 35.4604568481, 33.5997085571, 35.2112770081, 31.1745300293, 28.1634216309, 35.4168281555, 36.9193649292, 49.2356719971, 34.8759689331, 36.6774673462, 29.3657016754, 22.0622711182, 8.18174552917, 5.1683011055, 3.06970858574, 1.2215950489, 0.649261832237, 0.231778666377, 0.085759729147, 0.0375954136252, 0.00831448752433, 0.00119096203707, 9.70039982349e-05], "dmean": [0.102610304952, 0.620443582535, 1.18581569195, 0.993937134743, 0.834428071976, 1.34754788876, 2.30796408653, 4.23373126984, 10.1604175568, 6.32362985611, 5.7942814827, 8.58000946045, 14.9566249847, 14.0528364182, 14.3925476074, 20.9525775909, 17.0575008392, 21.944978714, 20.6864299774, 21.6176204681, 19.4655570984, 17.1529045105, 21.1354675293, 21.6817359924, 27.6186637878, 19.8265419006, 20.7752819061, 16.4590969086, 12.2851171494, 4.81024646759, 3.04133272171, 1.80388140678, 0.716575086117, 0.37317353487, 0.135851621628, 0.050990793854, 0.0217485520989, 0.00502528995275, 0.000718104769476, 6.06973299e-05], "var": [0.102567106485, 3.49108695984, 10.9210338593, 5.85278224945, 3.47539758682, 7.41817808151, 26.1104869843, 74.3736495972, 529.306518555, 210.624023438, 307.386627197, 709.250976562, 2185.90600586, 1801.23876953, 1857.60693359, 2951.60473633, 3107.71484375, 5074.53027344, 2990.17236328, 2277.6237793, 2077.52783203, 1947.671875, 2421.00415039, 3439.88867188, 5722.29150391, 1961.50061035, 2199.87060547, 1461.60168457, 830.075073242, 152.935562134, 86.0981369019, 33.8805122375, 3.4991607666, 0.604125320911, 0.0853510275483, 0.0165077913553, 0.00392363360152, 0.000208317826036, 4.02368823416e-06, 2.55306229491e-08], "dvar": [0.117686778307, 4.76110553741, 18.7133808136, 9.8844203949, 5.07741498947, 9.03862285614, 29.7703800201, 88.5846710205, 627.927246094, 232.466110229, 345.064849854, 737.839355469, 2056.47827148, 1351.53820801, 1432.40637207, 2466.24462891, 2813.9699707, 6369.77539062, 2679.70263672, 1944.69641113, 1774.10632324, 2195.15551758, 2881.85498047, 4339.25292969, 8464.41992188, 2626.08251953, 2900.90356445, 2010.87231445, 971.868652344, 142.517120361, 82.4538421631, 36.4170761108, 3.32835102081, 0.704423427582, 0.0941307321191, 0.0191381312907, 0.00524030998349, 0.000228730918025, 4.40055737272e-06, 2.69150675081e-08], "mean": [0.0817612782121, 0.444610893726, 0.762500405312, 0.702622294426, 0.730904996395, 1.30994653702, 2.44836354256, 4.02404689789, 8.88184928894, 6.89417886734, 7.25022697449, 10.7931127548, 19.2153358459, 19.3999500275, 19.2280483246, 26.8615226746, 22.3098773956, 26.9614887238, 25.5420036316, 26.0227069855, 24.555316925, 20.0827236176, 21.0385513306, 20.9829006195, 22.5412044525, 16.5508823395, 16.2654953003, 12.7175149918, 9.62544631958, 4.42897796631, 2.8566198349, 1.63136231899, 0.650511026382, 0.308509916067, 0.113890051842, 0.0408121049404, 0.016226099804, 0.00422444101423, 0.000590939424001, 5.70572046854e-05]}, "zerocrossingrate": {"min": 0, "max": 0.5283203125, "dvar2": 0.000329092465108, "median": 0.072265625, "dmean2": 0.0158710591495, "dmean": 0.0135388104245, "var": 0.0020846708212, "dvar": 0.000267587194685, "mean": 0.0770740360022}, "spectral_contrast_coeffs": {"min": [-0.974914193153, -0.996046960354, -0.996820032597, -0.985962450504, -0.987131297588, -0.965052485466], "max": [-0.327657431364, -0.353916108608, -0.397147595882, -0.477098912001, -0.538020372391, -0.468252390623], "dvar2": [0.00467135990039, 0.00500334333628, 0.00289717921987, 0.00202555558644, 0.00107910495717, 0.00128419161774], "median": [-0.713629543781, -0.773107469082, -0.800730288029, -0.805906772614, -0.808998942375, -0.720464468002], "dmean2": [0.0847260504961, 0.0841660350561, 0.0655415132642, 0.0541494786739, 0.0381934568286, 0.0381026417017], "dmean": [0.0524658747017, 0.0519654005766, 0.0416191034019, 0.0340541042387, 0.0237671379, 0.0251776278019], "var": [0.00904350634664, 0.00581617839634, 0.005412759725, 0.00353071372956, 0.00184280204121, 0.00247901957482], "dvar": [0.0019745118916, 0.00204000947997, 0.00126469612587, 0.000874656194355, 0.000459652481368, 0.000606329587754], "mean": [-0.70019608736, -0.766496181488, -0.790351986885, -0.796979188919, -0.805085837841, -0.720002532005]}, "dissonance": {"min": 0.251611948013, "max": 0.500000238419, "dvar2": 0.000760953116696, "median": 0.48401466012, "dmean2": 0.0247772857547, "dmean": 0.0150185553357, "var": 0.000593398290221, "dvar": 0.000306857400574, "mean": 0.476674377918}, "spectral_energyband_high": {"min": 6.85105476102e-21, "max": 0.0537587627769, "dvar2": 1.8319062292e-05, "median": 0.000175231878529, "dmean2": 0.00198872946203, "dmean": 0.00113621214405, "var": 5.90218633079e-06, "dvar": 7.0017363214e-06, "mean": 0.000960667559411}, "spectral_skewness": {"min": -0.223235428333, "max": 6.52733516693, "dvar2": 0.283704191446, "median": 1.22685134411, "dmean2": 0.485400140285, "dmean": 0.29876190424, "var": 0.274901688099, "dvar": 0.114208750427, "mean": 1.26957571507}, "spectral_flux": {"min": 6.43108691301e-11, "max": 0.364986240864, "dvar2": 0.0027004594449, "median": 0.0506522990763, "dmean2": 0.0405324473977, "dmean": 0.0305382013321, "var": 0.00360611197539, "dvar": 0.0015820855042, "mean": 0.0698145255446}, "silence_rate_30dB": {"min": 1, "max": 1, "dvar2": 0, "median": 1, "dmean2": 0, "dmean": 0, "var": 0, "dvar": 0, "mean": 1}, "spectral_energyband_middle_high": {"min": 1.26057842099e-21, "max": 0.128936007619, "dvar2": 0.000108443062345, "median": 0.00230336119421, "dmean2": 0.0053246030584, "dmean": 0.00338862813078, "var": 5.58857391297e-05, "dvar": 4.5256841986e-05, "mean": 0.0049278200604}, "barkbands_spread": {"min": 0.0946407467127, "max": 117.042663574, "dvar2": 291.062255859, "median": 25.1451835632, "dmean2": 14.3833827972, "dmean": 9.05819129944, "var": 230.721984863, "dvar": 116.542015076, "mean": 27.4557762146}, "spectral_centroid": {"min": 165.648101807, "max": 11683.0996094, "dvar2": 475658.0625, "median": 1994.42443848, "dmean2": 620.856262207, "dmean": 401.203369141, "var": 797221, "dvar": 224581.296875, "mean": 2076.23535156}, "pitch_salience": {"min": 0.0107653327286, "max": 0.996099770069, "dvar2": 0.0239142924547, "median": 0.627877056599, "dmean2": 0.150889247656, "dmean": 0.0952834933996, "var": 0.0248449929059, "dvar": 0.0108567913994, "mean": 0.595102906227}, "erbbands_skewness": {"min": -4.88099718094, "max": 6.19192838669, "dvar2": 0.483846217394, "median": -0.108062453568, "dmean2": 0.679196834564, "dmean": 0.444032907486, "var": 0.611888468266, "dvar": 0.211782261729, "mean": -0.0941646397114}, "erbbands_crest": {"min": 2.56287288666, "max": 32.9174194336, "dvar2": 18.3961410522, "median": 7.20139074326, "dmean2": 4.36943912506, "dmean": 2.66983747482, "var": 16.7264709473, "dvar": 7.53300523758, "mean": 8.34390449524}, "melbands": {"min": [9.77704147954e-25, 1.76705710517e-24, 1.30594739568e-24, 2.09502168778e-24, 1.57948284381e-24, 1.86962480006e-24, 2.67841726213e-24, 4.21844118485e-24, 1.58599143931e-24, 2.59393163969e-24, 2.6717827447e-24, 2.98202024227e-24, 3.26950107487e-24, 2.38460227089e-24, 3.57836339066e-24, 3.28113953423e-24, 3.00250695997e-24, 3.82433455964e-24, 2.55045159874e-24, 3.63170340405e-24, 3.26019310783e-24, 4.00935754622e-24, 4.52534357572e-24, 3.01252825448e-24, 5.1030508713e-24, 4.69929056076e-24, 5.03836664366e-24, 4.94665840798e-24, 6.68394035271e-24, 5.4575065864e-24, 4.61522757055e-24, 4.7879234222e-24, 6.01429171305e-24, 5.78769181246e-24, 5.97661689951e-24, 5.67316538067e-24, 5.93110278072e-24, 6.11372802459e-24, 6.81318101253e-24, 6.20634502803e-24], "max": [0.0221135951579, 0.0226542800665, 0.00804839935154, 0.0031734588556, 0.00255978293717, 0.00451404461637, 0.00794976949692, 0.00413942709565, 0.00473915738985, 0.0087091177702, 0.00717336544767, 0.00487510766834, 0.00547629361972, 0.00366217573173, 0.00396314542741, 0.00475149275735, 0.0103009492159, 0.00334139098413, 0.0012031897204, 0.00167228933424, 0.00135413068347, 0.00165404716972, 0.00170945888385, 0.00139317370486, 0.00212165736593, 0.00306658982299, 0.00123822619207, 0.00122636056039, 0.00106125557795, 0.000902898609638, 0.000799023313448, 0.00063318311004, 0.000343078718288, 0.000280437379843, 0.000251546240179, 0.000435900641605, 0.00014673032274, 4.04360580433e-05, 2.04459156521e-05, 9.06310378923e-06], "dvar2": [1.90664977708e-05, 1.55256038852e-05, 7.84637109064e-07, 7.45134798308e-08, 8.34271673966e-08, 1.23737805779e-07, 3.60999649729e-07, 5.85003476772e-08, 6.5817083339e-08, 7.88531764329e-08, 1.41027328482e-07, 6.35135961602e-08, 4.36788774039e-08, 6.07115637763e-08, 3.68875632262e-08, 3.91928054455e-08, 7.46798392015e-08, 2.37648052348e-08, 1.02244559486e-08, 8.28088886351e-09, 7.95014454269e-09, 9.69513713756e-09, 7.96628274458e-09, 5.42879874388e-09, 8.87004958372e-09, 1.73113896551e-08, 7.34936245195e-09, 2.4197133186e-09, 1.96049376733e-09, 4.80473705267e-09, 1.32562794075e-09, 1.08299980095e-09, 2.68006505877e-10, 9.19307616143e-11, 6.64585331211e-11, 9.34214025583e-11, 2.2804619304e-11, 5.11727292485e-12, 2.52269212464e-12, 1.01454782075e-12], "median": [4.10162792832e-05, 4.10649554397e-05, 2.58797117567e-05, 2.01216789719e-05, 2.34473736782e-05, 2.64788923232e-05, 2.4905146347e-05, 2.21393711399e-05, 1.6818748918e-05, 1.91603139683e-05, 2.45285355049e-05, 1.95566808543e-05, 1.46323800436e-05, 1.8082511815e-05, 1.635371882e-05, 1.23799227367e-05, 1.3788007891e-05, 1.13800506369e-05, 1.00135312096e-05, 1.0331280464e-05, 9.7469855973e-06, 6.11857922195e-06, 4.48461923952e-06, 4.16111242885e-06, 4.17048295276e-06, 2.78602328763e-06, 2.60803926722e-06, 2.09366385207e-06, 1.64697075888e-06, 1.18595994536e-06, 7.98735129592e-07, 8.47076250921e-07, 5.90633476349e-07, 3.69879046502e-07, 2.64599890443e-07, 1.80186887633e-07, 9.5989015847e-08, 6.02359477853e-08, 3.73028896661e-08, 1.92349052242e-08], "dmean2": [0.00138145452365, 0.00119270326104, 0.000317076948704, 0.000123175908811, 0.000130985325086, 0.00016491059796, 0.000249658914981, 0.000104873754026, 7.83361465437e-05, 9.56842341111e-05, 0.000125416147057, 9.5183684607e-05, 7.51415936975e-05, 9.7521704447e-05, 7.72549028625e-05, 5.98639344389e-05, 7.06004793756e-05, 5.87912581977e-05, 4.88699879497e-05, 4.38698370999e-05, 3.95336101064e-05, 3.03432225337e-05, 3.4364144085e-05, 2.98107461276e-05, 3.04168625007e-05, 3.245957123e-05, 3.58088145731e-05, 2.01856164495e-05, 1.89663169294e-05, 2.83450262941e-05, 1.33229004859e-05, 1.39754665724e-05, 7.07622439222e-06, 3.88250464312e-06, 2.92727872875e-06, 2.7427608984e-06, 1.65707308497e-06, 9.15637485832e-07, 7.14141094704e-07, 4.75538655564e-07], "dmean": [0.000848038936965, 0.000672952388413, 0.000172314044903, 7.11694228812e-05, 7.74694781285e-05, 9.77605232038e-05, 0.000152033302584, 6.31675429759e-05, 4.72544270451e-05, 5.79129773541e-05, 7.67731908127e-05, 5.9102436353e-05, 4.69465958304e-05, 5.87010399613e-05, 4.78596302855e-05, 3.71164533135e-05, 4.3287560402e-05, 3.57434655598e-05, 2.9895651096e-05, 2.69058891718e-05, 2.42424539465e-05, 1.83763004316e-05, 2.0369028789e-05, 1.77059991984e-05, 1.77953352249e-05, 1.83062347787e-05, 2.01004531846e-05, 1.14597869469e-05, 1.08808362711e-05, 1.56930454978e-05, 7.51963671064e-06, 7.73785268393e-06, 4.04686761613e-06, 2.2984743282e-06, 1.71768749624e-06, 1.59946694112e-06, 9.65104163697e-07, 5.35037145255e-07, 4.09301406989e-07, 2.73916697324e-07], "var": [7.0017526923e-06, 3.78547770197e-06, 1.67076720459e-07, 2.09398685058e-08, 2.82753838121e-08, 3.9277050945e-08, 1.20239633361e-07, 2.06106491873e-08, 2.14826343381e-08, 3.08959684503e-08, 5.7561400979e-08, 3.21038804429e-08, 2.19118749811e-08, 2.43883153672e-08, 1.84032362682e-08, 1.42425680139e-08, 2.05951184995e-08, 9.60852641896e-09, 4.66626381979e-09, 3.87227006016e-09, 3.37678773832e-09, 2.92271606916e-09, 2.39342012875e-09, 1.69599090327e-09, 2.62168597942e-09, 4.04455358094e-09, 1.93780214097e-09, 6.86884771284e-10, 6.21609208551e-10, 1.17625664764e-09, 3.76137121449e-10, 3.46198930634e-10, 9.45605191371e-11, 4.12378325931e-11, 2.79595617492e-11, 3.02117324213e-11, 8.52142922197e-12, 2.0545407823e-12, 8.25077528001e-13, 3.32441810625e-13], "dvar": [8.0639429143e-06, 5.72536782784e-06, 2.77813256844e-07, 2.76064699989e-08, 3.17362207625e-08, 4.71564298721e-08, 1.43063928704e-07, 2.22348965906e-08, 2.45870097615e-08, 3.06254896998e-08, 5.51331105214e-08, 2.54383714093e-08, 1.73324750108e-08, 2.31166001896e-08, 1.50377275077e-08, 1.48909933273e-08, 2.69385704854e-08, 9.28711685333e-09, 4.09669809187e-09, 3.3626839091e-09, 3.13605186264e-09, 3.59419627394e-09, 2.96773694508e-09, 2.03792427378e-09, 3.35150840414e-09, 6.12983930282e-09, 2.74527556243e-09, 9.1433621785e-10, 7.59942442308e-10, 1.75671321934e-09, 4.76361006196e-10, 4.02022914958e-10, 1.05650328763e-10, 3.82301516832e-11, 2.70863314417e-11, 3.52237683465e-11, 8.78133243204e-12, 1.99334190647e-12, 9.56769711201e-13, 3.88207722262e-13], "mean": [0.000684646889567, 0.000469042832265, 0.000126012862893, 6.78194410284e-05, 8.22612055345e-05, 9.3168229796e-05, 0.000135143782245, 7.0975140261e-05, 5.81887616136e-05, 7.15717033017e-05, 9.65322105912e-05, 7.84505027696e-05, 6.21249928372e-05, 7.05038037268e-05, 5.97825019213e-05, 4.55782246718e-05, 5.11016078235e-05, 4.17884330091e-05, 3.4616823541e-05, 3.21957486449e-05, 2.8982938602e-05, 2.12378436117e-05, 1.96819855773e-05, 1.74573742697e-05, 1.69104932866e-05, 1.54645840666e-05, 1.5618681573e-05, 9.6229960036e-06, 8.95737775863e-06, 1.12098314275e-05, 6.01026613367e-06, 5.93055710851e-06, 3.46484716829e-06, 2.11096221392e-06, 1.63102970419e-06, 1.41812893162e-06, 8.52554137509e-07, 4.82189875584e-07, 3.37661134608e-07, 2.25896570782e-07]}, "spectral_entropy": {"min": 5.27110004425, "max": 9.82331085205, "dvar2": 0.0795658528805, "median": 7.80250597, "dmean2": 0.253189563751, "dmean": 0.176178470254, "var": 0.142646625638, "dvar": 0.0410969294608, "mean": 7.7570142746}, "spectral_rolloff": {"min": 21.533203125, "max": 19530.6152344, "dvar2": 2951959.75, "median": 2131.78710938, "dmean2": 1354.23522949, "dmean": 811.707946777, "var": 3119438.75, "dvar": 1315477, "mean": 2370.20166016}, "barkbands": {"min": [9.6877700352e-25, 2.98260498541e-24, 6.75312513043e-25, 5.70881035649e-25, 1.354550536e-23, 9.17058769815e-24, 1.52609054865e-23, 8.87667705752e-24, 2.03311496049e-23, 1.44506790725e-23, 1.31293733439e-23, 3.23527886885e-23, 3.26843784814e-23, 3.23533156476e-23, 4.55481660243e-23, 5.09624560493e-23, 7.55144990132e-23, 4.99598548595e-23, 1.3568942733e-22, 1.61595114587e-22, 2.72532055708e-22, 3.22773735859e-22, 4.42708336113e-22, 6.62793864373e-22, 9.51721276969e-22, 1.21942870987e-21, 2.15236939225e-21], "max": [0.0105670997873, 0.0775023475289, 0.0352475494146, 0.0138000622392, 0.0125718833879, 0.0185826458037, 0.0426312536001, 0.0260369293392, 0.0468388907611, 0.049812939018, 0.0401400886476, 0.026936493814, 0.0425970815122, 0.0866281837225, 0.0200038086623, 0.0181784089655, 0.0205662995577, 0.0319665372372, 0.047617521137, 0.0342250689864, 0.0353648327291, 0.0217875093222, 0.0167898610234, 0.00980121642351, 0.000844306719955, 0.00032690219814, 0.000128128624056], "dvar2": [1.12082341275e-06, 0.000230938472669, 3.46593769791e-05, 2.05589867619e-06, 1.63420713761e-06, 2.69014390142e-06, 7.58907663112e-06, 1.41140651522e-06, 3.18328466165e-06, 6.155563824e-06, 2.30714204008e-06, 4.1345306272e-06, 3.68573296328e-06, 6.82890049575e-06, 1.87899365756e-06, 1.6751317844e-06, 1.90212438156e-06, 3.04059244627e-06, 6.58973294776e-06, 2.86185695586e-06, 4.67066138299e-06, 1.23105542116e-06, 2.49152492415e-07, 8.48448138413e-08, 9.33626154165e-09, 3.28689564455e-09, 4.5509662705e-10], "median": [0.000180996357813, 0.000115325761726, 6.33056406514e-05, 3.53059840563e-05, 0.000124530371977, 0.000147585262312, 0.000106647406938, 8.60932996147e-05, 0.000125324368128, 0.000165965291671, 0.000103874677734, 0.000158142749569, 0.000130360174808, 0.000138717092341, 0.000146542311995, 0.000134085159516, 0.000107311745523, 9.19598387554e-05, 9.03119580471e-05, 7.30055908207e-05, 5.48959142179e-05, 3.71045753127e-05, 1.77536803676e-05, 6.85717714077e-06, 1.84392126812e-06, 3.46932040429e-07, 6.55585736808e-08], "dmean2": [0.000433486420661, 0.00476854294538, 0.00183071359061, 0.000509493169375, 0.00061533274129, 0.000783639552537, 0.0010909801349, 0.00042190682143, 0.000654668605421, 0.000820316723548, 0.000536568055395, 0.000847407092806, 0.000617171579506, 0.000759767601267, 0.000650846690405, 0.00061753729824, 0.000516160042025, 0.000678787298966, 0.000851195130963, 0.000733158842195, 0.000906091241632, 0.000497463275678, 0.000195103071746, 0.000100548604678, 4.60511473648e-05, 1.97350473172e-05, 7.62123499953e-06], "dmean": [0.000309604423819, 0.00290163932368, 0.000976705690846, 0.000274201360298, 0.000361331418389, 0.000462115334813, 0.000663314887788, 0.000251912599197, 0.000394251343096, 0.000507553806528, 0.000334750511684, 0.00051629106747, 0.000380156707251, 0.00046379872947, 0.000399066979298, 0.000379783305107, 0.000311853102176, 0.000402361998567, 0.000484662508825, 0.000417624658439, 0.000510466401465, 0.000280861917417, 0.000114564478281, 5.89139781368e-05, 2.65083781414e-05, 1.15789262054e-05, 4.66378696728e-06], "var": [6.7375560775e-07, 8.05074596428e-05, 6.94512527843e-06, 4.24017997602e-07, 5.12427050126e-07, 8.49459411256e-07, 2.45383807851e-06, 4.78810079585e-07, 1.29709371777e-06, 2.52085624197e-06, 1.19221419936e-06, 1.77224387699e-06, 1.52210475335e-06, 2.07326547752e-06, 8.56811027461e-07, 7.71143959355e-07, 6.51304389976e-07, 9.18994260246e-07, 1.68709550508e-06, 8.19558863441e-07, 1.29732131882e-06, 4.47426202754e-07, 1.1328103966e-07, 3.1457762617e-08, 2.99638847068e-09, 1.01245545281e-09, 1.8364759713e-10], "dvar": [5.45365821836e-07, 9.59619646892e-05, 1.21207585835e-05, 7.19975616903e-07, 6.20095647719e-07, 1.01251464457e-06, 2.9664261092e-06, 5.25924463091e-07, 1.24992766359e-06, 2.39450764639e-06, 9.23694869925e-07, 1.60157992468e-06, 1.43523084262e-06, 2.51990513789e-06, 7.49174034809e-07, 6.85957047608e-07, 7.15263070106e-07, 1.13663111279e-06, 2.39697828874e-06, 1.08691790501e-06, 1.74907688688e-06, 4.75110226716e-07, 1.04057662043e-07, 3.25702913528e-08, 3.5500897777e-09, 1.27399391037e-09, 1.86786253131e-10], "mean": [0.000397880474338, 0.00226290803403, 0.000623054103926, 0.000197221670533, 0.000366405234672, 0.000459237693576, 0.000602308369707, 0.000300225656247, 0.000480584712932, 0.000652596936561, 0.000449766055681, 0.000619287544396, 0.000474070460768, 0.000539591885172, 0.000479650567286, 0.000442927965196, 0.000367156986613, 0.000390420260374, 0.000424178317189, 0.000348397617927, 0.000388710119296, 0.000230449804803, 0.000106795174361, 5.34764149052e-05, 2.16580101551e-05, 8.87058376975e-06, 4.04724642067e-06]}, "melbands_flatness_db": {"min": 6.47149533961e-08, "max": 0.619603931904, "dvar2": 0.00417958386242, "median": 0.13382807374, "dmean2": 0.0556276701391, "dmean": 0.0368265062571, "var": 0.00545896776021, "dvar": 0.00199454533868, "mean": 0.149782851338}, "melbands_skewness": {"min": -4.38461732864, "max": 38.0234184265, "dvar2": 4.90388202667, "median": 0.952105939388, "dmean2": 1.39699947834, "dmean": 0.928499877453, "var": 5.50609016418, "dvar": 2.34410333633, "mean": 1.54839420319}, "barkbands_skewness": {"min": -6.32327508926, "max": 55.8929672241, "dvar2": 4.66711139679, "median": 0.264772295952, "dmean2": 1.19730532169, "dmean": 0.790049731731, "var": 5.39407157898, "dvar": 2.05894207954, "mean": 0.708718836308}, "silence_rate_60dB": {"min": 0, "max": 1, "dvar2": 0.222669139504, "median": 0, "dmean2": 0.270894557238, "dmean": 0.135438024998, "var": 0.221005797386, "dvar": 0.11709126085, "mean": 0.329757422209}, "spectral_energyband_low": {"min": 1.7906232203e-23, "max": 0.101532958448, "dvar2": 0.000321945408359, "median": 0.00033224732033, "dmean2": 0.00591521756724, "dmean": 0.00371623109095, "var": 0.00012755858188, "dvar": 0.000138969466207, "mean": 0.00319633423351}, "spectral_energyband_middle_low": {"min": 1.73919267628e-22, "max": 0.0506035685539, "dvar2": 3.56951022695e-05, "median": 0.00128056481481, "dmean2": 0.00341395800933, "dmean": 0.00212320545688, "var": 1.55266316142e-05, "dvar": 1.45853682625e-05, "mean": 0.0026437707711}, "melbands_kurtosis": {"min": -1.88978290558, "max": 1744.76989746, "dvar2": 3191.41088867, "median": 1.00188684464, "dmean2": 14.6621370316, "dmean": 9.13610935211, "var": 2276.3972168, "dvar": 1393.23864746, "mean": 9.51122760773}, "spectral_decrease": {"min": -3.19702522233e-08, "max": 1.1248074858e-28, "dvar2": 3.23373488809e-17, "median": -1.19410792365e-09, "dmean2": 3.12371351008e-09, "dmean": 2.09109929372e-09, "var": 1.79702258381e-17, "dvar": 1.49051461286e-17, "mean": -2.71347944114e-09}, "erbbands_kurtosis": {"min": -1.82061231136, "max": 47.026222229, "dvar2": 8.62947177887, "median": 0.0984179973602, "dmean2": 1.7931252718, "dmean": 1.11839473248, "var": 5.71566724777, "dvar": 3.5323176384, "mean": 0.661427140236}, "melbands_crest": {"min": 1.00038290024, "max": 39.8507614136, "dvar2": 45.7267189026, "median": 9.95730209351, "dmean2": 7.0082154274, "dmean": 4.45502758026, "var": 53.1870727539, "dvar": 20.8525295258, "mean": 12.1503858566}, "gfcc": {"cov": [[18381.96875, -929.48236084, -1307.29077148, 28.205739975, -924.208435059, 105.516281128, -401.518127441, 161.38180542, -389.962463379, -72.6670532227, -396.281616211, -128.772384644, -273.408203125], [-929.48236084, 2115.08081055, -18.5073471069, -8.63838386536, 307.787322998, -51.4883651733, 146.196914673, -104.313140869, 125.712997437, -131.290908813, 41.0465202332, -139.884521484, 51.9491271973], [-1307.29077148, -18.5073471069, 981.881469727, 334.773254395, 170.322036743, 49.1472244263, 13.0950632095, 28.2464447021, -41.1378936768, 62.600402832, -13.2220087051, 22.4155502319, -41.2811088562], [28.205739975, -8.63838386536, 334.773254395, 720.206787109, 89.3295593262, 105.402648926, 83.043296814, 38.6105079651, -2.16018104553, 3.75515079498, 13.4155378342, -26.7681446075, -19.9293251038], [-924.208435059, 307.787322998, 170.322036743, 89.3295593262, 487.926055908, 102.18522644, 157.207839966, 33.6846160889, 61.3612518311, 36.0481872559, -2.33026432991, -14.108877182, 15.4150724411], [105.516281128, -51.4883651733, 49.1472244263, 105.402648926, 102.18522644, 298.492889404, 127.471488953, 73.2789993286, 8.32738685608, 0.927453160286, -7.76347017288, -36.0517807007, -15.7499103546], [-401.518127441, 146.196914673, 13.0950632095, 83.043296814, 157.207839966, 127.471488953, 252.447387695, 79.484336853, 55.6847381592, 7.39531612396, 17.2217922211, -23.621679306, 5.50101709366], [161.38180542, -104.313140869, 28.2464447021, 38.6105079651, 33.6846160889, 73.2789993286, 79.484336853, 157.747177124, 40.6281280518, 16.4111156464, -14.964802742, -5.18129634857, -1.43864440918], [-389.962463379, 125.712997437, -41.1378936768, -2.16018104553, 61.3612518311, 8.32738685608, 55.6847381592, 40.6281280518, 133.205825806, 32.6554870605, 27.4216766357, 5.09956121445, 27.632270813], [-72.6670532227, -131.290908813, 62.600402832, 3.75515079498, 36.0481872559, 0.927453160286, 7.39531612396, 16.4111156464, 32.6554870605, 115.066246033, 43.4951477051, 30.4111537933, 4.38082170486], [-396.281616211, 41.0465202332, -13.2220087051, 13.4155378342, -2.33026432991, -7.76347017288, 17.2217922211, -14.964802742, 27.4216766357, 43.4951477051, 112.011909485, 43.6575126648, 22.4004459381], [-128.772384644, -139.884521484, 22.4155502319, -26.7681446075, -14.108877182, -36.0517807007, -23.621679306, -5.18129634857, 5.09956121445, 30.4111537933, 43.6575126648, 101.821342468, 37.9442825317], [-273.408203125, 51.9491271973, -41.2811088562, -19.9293251038, 15.4150724411, -15.7499103546, 5.50101709366, -1.43864440918, 27.632270813, 4.38082170486, 22.4004459381, 37.9442825317, 82.6278533936]], "icov": [[9.60842007771e-05, -7.44382778066e-05, 0.000212110026041, -0.000117337054689, 0.000143555895193, -0.000108242420538, 0.00013338853023, -0.000207201068406, 0.000303703040117, -0.000359985540854, 0.000466533761937, -0.000275945145404, 0.000300265703117], [-7.44382778066e-05, 0.000953388691414, -0.00035647067125, 0.000243326561758, -0.000618871243205, 0.000505743606482, -0.00037214771146, 0.000806129013654, -0.00105607777368, 0.00170483824331, -0.00146363605745, 0.00192768906709, -0.000940107624047], [0.000212110026041, -0.00035647067125, 0.00197307718918, -0.000945745734498, -0.000113956964924, -0.000284651468974, 0.000636713462882, -0.000793450628407, 0.00144375709351, -0.00187182752416, 0.00174896488898, -0.00175104150549, 0.001540804049], [-0.000117337054689, 0.000243326561758, -0.000945745734498, 0.00197678618133, -0.000203837145818, -0.000138805116876, -0.000502276350744, 0.000242083013291, -0.000496052554809, 0.00108841923065, -0.00143525551539, 0.00125927350018, -0.00056872604182], [0.000143555895193, -0.000618871243205, -0.000113956964924, -0.000203837145818, 0.00353048718534, -0.000804889830761, -0.00141545280349, 0.000254171085544, -1.46253523781e-05, -0.00214604893699, 0.00229582749307, -0.00118229491636, 8.38018968352e-05], [-0.000108242420538, 0.000505743606482, -0.000284651468974, -0.000138805116876, -0.000804889830761, 0.00511817028746, -0.00200080033392, -0.000900566694327, 0.000303692300804, 0.00097449083114, -0.0012756899232, 0.00216897716746, -0.00041197205428], [0.00013338853023, -0.00037214771146, 0.000636713462882, -0.000502276350744, -0.00141545280349, -0.00200080033392, 0.00753817055374, -0.00293308147229, -0.000470571685582, 0.000184818651178, -0.00117452174891, 0.00036581227323, 0.000500058114994], [-0.000207201068406, 0.000806129013654, -0.000793450628407, 0.000242083013291, 0.000254171085544, -0.000900566694327, -0.00293308147229, 0.0100725470111, -0.00375714711845, 0.000372265960323, 0.00135042809416, 0.000385568651836, -0.000685325241648], [0.000303703040117, -0.00105607777368, 0.00144375709351, -0.000496052554809, -1.46253523781e-05, 0.000303692300804, -0.000470571685582, -0.00375714711845, 0.0125520629808, -0.00479092216119, 0.00060975382803, -0.00059581908863, -0.00153824093286], [-0.000359985540854, 0.00170483824331, -0.00187182752416, 0.00108841923065, -0.00214604893699, 0.00097449083114, 0.000184818651178, 0.000372265960323, -0.00479092216119, 0.0158734470606, -0.00778000382707, 0.00161387259141, -0.00022674392676], [0.000466533761937, -0.00146363605745, 0.00174896488898, -0.00143525551539, 0.00229582749307, -0.0012756899232, -0.00117452174891, 0.00135042809416, 0.00060975382803, -0.00778000382707, 0.0176246538758, -0.00842568278313, 0.00172152731102], [-0.000275945145404, 0.00192768906709, -0.00175104150549, 0.00125927350018, -0.00118229491636, 0.00216897716746, 0.00036581227323, 0.000385568651836, -0.00059581908863, 0.00161387259141, -0.00842568278313, 0.0200122315437, -0.00887187663466], [0.000300265703117, -0.000940107624047, 0.001540804049, -0.00056872604182, 8.38018968352e-05, -0.00041197205428, 0.000500058114994, -0.000685325241648, -0.00153824093286, -0.00022674392676, 0.00172152731102, -0.00887187663466, 0.0183141622692]], "mean": [-84.4195861816, 75.7161026001, -158.875808716, 32.3519248962, -57.249332428, 10.1851940155, -25.4398365021, 0.592762291431, -13.2463340759, 1.14084041119, -7.83502006531, 1.06535899639, -5.00917863846]}, "melbands_spread": {"min": 0.239790782332, "max": 255.784606934, "dvar2": 862.125732422, "median": 36.1701545715, "dmean2": 23.5806846619, "dmean": 14.7175979614, "var": 763.991333008, "dvar": 367.744506836, "mean": 40.9568977356}, "spectral_energy": {"min": 1.01160707325e-20, "max": 0.137454047799, "dvar2": 0.000577613478526, "median": 0.00524332793429, "dmean2": 0.0134538402781, "dmean": 0.00899798609316, "var": 0.000318186619552, "dvar": 0.0002636158315, "mean": 0.0116919223219}, "mfcc": {"cov": [[13354.5175781, -318.764282227, -956.812011719, -59.0041694641, -699.809692383, -183.959686279, -272.767181396, -25.2668762207, -128.511917114, -41.0019226074, -135.507598877, -125.262336731, -246.023849487], [-318.764282227, 1790.78869629, -189.138458252, -32.749961853, 111.7811203, 26.2386283875, 5.9580206871, 3.21139216423, 61.0543212891, -18.7024974823, -17.9524822235, 13.8376684189, -23.3775253296], [-956.812011719, -189.138458252, 770.562316895, 251.135467529, 134.477798462, 57.2357177734, 59.1331710815, 2.27564072609, -24.3014678955, -9.17559623718, 11.4060239792, 0.43239569664, 12.2728328705], [-59.0041694641, -32.749961853, 251.135467529, 538.23248291, 130.703842163, 101.697219849, 68.9585494995, 24.3573703766, 26.7566127777, 6.80645799637, 12.7392683029, 11.1393699646, 9.18483638763], [-699.809692383, 111.7811203, 134.477798462, 130.703842163, 295.712585449, 102.640594482, 76.4332275391, 12.675784111, 61.4864845276, 12.0383052826, 14.5328407288, 20.6307754517, 17.1068954468], [-183.959686279, 26.2386283875, 57.2357177734, 101.697219849, 102.640594482, 222.803771973, 119.905830383, 53.9035720825, 43.1766319275, 36.0794906616, 32.8320159912, 14.0518569946, 3.32331681252], [-272.767181396, 5.9580206871, 59.1331710815, 68.9585494995, 76.4332275391, 119.905830383, 214.94418335, 83.7129516602, 60.9422798157, 45.7027778625, 45.7354354858, 11.6055431366, -0.103901699185], [-25.2668762207, 3.21139216423, 2.27564072609, 24.3573703766, 12.675784111, 53.9035720825, 83.7129516602, 153.239044189, 74.7707290649, 46.9750976562, 17.4887161255, 4.94926834106, 1.66164386272], [-128.511917114, 61.0543212891, -24.3014678955, 26.7566127777, 61.4864845276, 43.1766319275, 60.9422798157, 74.7707290649, 155.119750977, 58.4932746887, 24.9244709015, 13.9995412827, 7.13743162155], [-41.0019226074, -18.7024974823, -9.17559623718, 6.80645799637, 12.0383052826, 36.0794906616, 45.7027778625, 46.9750976562, 58.4932746887, 104.589920044, 47.4535713196, 10.0241012573, -2.21901059151], [-135.507598877, -17.9524822235, 11.4060239792, 12.7392683029, 14.5328407288, 32.8320159912, 45.7354354858, 17.4887161255, 24.9244709015, 47.4535713196, 92.1422195435, 30.5759391785, 2.63283014297], [-125.262336731, 13.8376684189, 0.43239569664, 11.1393699646, 20.6307754517, 14.0518569946, 11.6055431366, 4.94926834106, 13.9995412827, 10.0241012573, 30.5759391785, 83.4744873047, 35.5593338013], [-246.023849487, -23.3775253296, 12.2728328705, 9.18483638763, 17.1068954468, 3.32331681252, -0.103901699185, 1.66164386272, 7.13743162155, -2.21901059151, 2.63283014297, 35.5593338013, 86.6800231934]], "icov": [[0.000100199555163, 2.12696395465e-05, 0.00011902226106, -9.69309694483e-05, 0.000199024929316, -4.6003391617e-05, 6.62132006255e-05, -2.01519596885e-05, 6.06856201557e-06, -1.48865001393e-05, 0.000119333446492, -4.40262374468e-05, 0.000260057946434], [2.12696395465e-05, 0.00061840203125, 0.000208096651477, 8.03354942036e-06, -0.00026164096198, -2.96935759252e-05, 4.60448827653e-05, 1.33872163133e-05, -0.000215888110688, 0.00023123480787, 0.000149288156535, -0.000207128672628, 0.000353544164682], [0.00011902226106, 0.000208096651477, 0.00185024156235, -0.000762296200264, -0.000464623939479, 0.000145703772432, -0.00017942606064, -0.000166990372236, 0.000686943065375, 8.13923252281e-05, -5.98313527007e-05, 0.00018441559223, 0.000173526481376], [-9.69309694483e-05, 8.03354942036e-06, -0.000762296200264, 0.00252088508569, -0.000705810671207, -0.000644549378194, -7.50103208702e-05, -4.53293869214e-05, -0.000184633390745, 0.00021176901646, -3.74192313757e-05, -7.18834999134e-05, -0.000216102111153], [0.000199024929316, -0.00026164096198, -0.000464623939479, -0.000705810671207, 0.00559166818857, -0.00169348123018, -0.000605483481195, 0.00144273950718, -0.00214545126073, 0.000562925997656, 0.000632232811768, -0.000591523945332, -1.75724908331e-05], [-4.6003391617e-05, -2.96935759252e-05, 0.000145703772432, -0.000644549378194, -0.00169348123018, 0.00737882731482, -0.00303977890871, -0.00071564753307, 0.0006636637263, -0.000839879503474, -0.00040174566675, -0.000194921245566, -1.35028767545e-05], [6.62132006255e-05, 4.60448827653e-05, -0.00017942606064, -7.50103208702e-05, -0.000605483481195, -0.00303977890871, 0.00851165130734, -0.00305013707839, -0.000493139436003, 0.000141526412335, -0.00246056448668, 0.000543394533452, 0.00043446541531], [-2.01519596885e-05, 1.33872163133e-05, -0.000166990372236, -4.53293869214e-05, 0.00144273950718, -0.00071564753307, -0.00305013707839, 0.0106246192008, -0.00383908883668, -0.0019523644587, 0.00159940274898, -7.16278445907e-05, -0.000242822177825], [6.06856201557e-06, -0.000215888110688, 0.000686943065375, -0.000184633390745, -0.00214545126073, 0.0006636637263, -0.000493139436003, -0.00383908883668, 0.0110132927075, -0.00431003095582, 0.000400531542255, -0.000493261788506, -0.000474729022244], [-1.48865001393e-05, 0.00023123480787, 8.13923252281e-05, 0.00021176901646, 0.000562925997656, -0.000839879503474, 0.000141526412335, -0.0019523644587, -0.00431003095582, 0.0161381997168, -0.00705916713923, 0.00119302980602, 0.000437875074567], [0.000119333446492, 0.000149288156535, -5.98313527007e-05, -3.74192313757e-05, 0.000632232811768, -0.00040174566675, -0.00246056448668, 0.00159940274898, 0.000400531542255, -0.00705916713923, 0.0175587404519, -0.00620472570881, 0.00204680091701], [-4.40262374468e-05, -0.000207128672628, 0.00018441559223, -7.18834999134e-05, -0.000591523945332, -0.000194921245566, 0.000543394533452, -7.16278445907e-05, -0.000493261788506, 0.00119302980602, -0.00620472570881, 0.01720347628, -0.00687095476314], [0.000260057946434, 0.000353544164682, 0.000173526481376, -0.000216102111153, -1.75724908331e-05, -1.35028767545e-05, 0.00043446541531, -0.000242822177825, -0.000474729022244, 0.000437875074567, 0.00204680091701, -0.00687095476314, 0.0151844955981]], "mean": [-705.62512207, 98.0966873169, -34.148021698, 19.0625514984, -8.580119133, 10.5963726044, -3.12975335121, 4.62251520157, -0.695894479752, 3.2201294899, -0.527116715908, 2.7789721489, 2.46095514297]}, "spectral_contrast_valleys": {"min": [-28.1466751099, -28.017375946, -27.6487197876, -27.654838562, -27.4727706909, -27.3949661255], "max": [-5.22982549667, -4.65988636017, -4.68571090698, -5.24614620209, -4.82101726532, -7.66506147385], "dvar2": [0.797778069973, 0.805145561695, 0.658965647221, 0.66515392065, 0.888677299023, 1.18657004833], "median": [-8.45955276489, -7.43389081955, -7.48906946182, -7.63569068909, -7.56175851822, -10.9024381638], "dmean2": [0.924946665764, 0.90908151865, 0.795975744724, 0.755656540394, 0.783119916916, 0.885553896427], "dmean": [0.616682708263, 0.614383041859, 0.556528806686, 0.534653186798, 0.57761323452, 0.654804825783], "var": [3.18187856674, 2.77553772926, 2.75281500816, 2.66287207603, 2.77747321129, 2.80896615982], "dvar": [0.394663006067, 0.414018422365, 0.348710745573, 0.369013637304, 0.487245023251, 0.636420726776], "mean": [-8.82273101807, -7.69256210327, -7.75228214264, -7.87971353531, -7.7877869606, -11.0756092072]}, "barkbands_flatness_db": {"min": 0.0218827780336, "max": 0.514777123928, "dvar2": 0.00291780056432, "median": 0.106080427766, "dmean2": 0.0454060696065, "dmean": 0.0305635780096, "var": 0.00398264778778, "dvar": 0.00139251095243, "mean": 0.120403409004}, "dynamic_complexity": 4.95617294312, "erbbands_flatness_db": {"min": 0.0375153757632, "max": 0.52195417881, "dvar2": 0.00122816569638, "median": 0.182593524456, "dmean2": 0.0351603776217, "dmean": 0.0240588262677, "var": 0.00238366262056, "dvar": 0.000612314557657, "mean": 0.187310993671}, "hfc": {"mi