{"lowlevel": {"spectral_complexity": {"min": 0, "max": 66, "dvar2": 90.9383163452, "median": 7, "dmean2": 6.55762147903, "dmean": 4.52850294113, "var": 150.327148438, "dvar": 47.7752456665, "mean": 11.2462844849}, "silence_rate_20dB": {"min": 1, "max": 1, "dvar2": 0, "median": 1, "dmean2": 0, "dmean": 0, "var": 0, "dvar": 0, "mean": 1}, "average_loudness": 0.919891476631, "erbbands_spread": {"min": 1.03829419613, "max": 178.925964355, "dvar2": 942.967468262, "median": 47.938835144, "dmean2": 27.3978595734, "dmean": 18.2908973694, "var": 996.041748047, "dvar": 442.435760498, "mean": 54.9059448242}, "spectral_kurtosis": {"min": -1.25201928616, "max": 60.7998580933, "dvar2": 20.6566104889, "median": 2.33955955505, "dmean2": 3.14638185501, "dmean": 1.96184968948, "var": 23.9392738342, "dvar": 9.33765792847, "mean": 3.65564823151}, "barkbands_kurtosis": {"min": -1.97100400925, "max": 808.731262207, "dvar2": 1768.77099609, "median": 2.80982065201, "dmean2": 18.5716190338, "dmean": 11.7164525986, "var": 1170.38415527, "dvar": 772.064819336, "mean": 14.6939630508}, "spectral_strongpeak": {"min": 0, "max": 15.5871553421, "dvar2": 1.10567510128, "median": 0.178713425994, "dmean2": 0.465773314238, "dmean": 0.278552263975, "var": 0.515213489532, "dvar": 0.415159910917, "mean": 0.390642106533}, "spectral_spread": {"min": 1117032.5, "max": 42163248, "dvar2": 1485108674560.0, "median": 4545307, "dmean2": 1033203.1875, "dmean": 744952.75, "var": 5192842477570.0, "dvar": 808025194496, "mean": 4906978.5}, "spectral_rms": {"min": 3.13228284456e-12, "max": 0.0188449136913, "dvar2": 1.74446795427e-05, "median": 0.00254352088086, "dmean2": 0.00213735620491, "dmean": 0.00147818785626, "var": 1.10918108476e-05, "dvar": 8.17526870378e-06, "mean": 0.00339800468646}, "erbbands": {"min": [6.90717079172e-23, 8.30215139574e-22, 3.45307677621e-21, 9.89641792915e-21, 2.23701141583e-20, 5.6513431814e-20, 2.77810612054e-20, 6.18761600475e-20, 1.65026435463e-19, 1.97101901754e-19, 3.44605847183e-19, 3.68991002394e-19, 6.18975219868e-19, 8.59213698762e-19, 1.04007539553e-18, 1.53617365918e-18, 1.57934845465e-18, 1.96682518598e-18, 3.7166974409e-18, 4.67563593091e-18, 4.29721155402e-18, 4.56529582746e-18, 6.38993714475e-18, 7.55763989135e-18, 8.27545647357e-18, 7.98428724359e-18, 6.85072182728e-18, 1.05562854171e-17, 1.02822636413e-17, 1.0285124859e-17, 1.1999871096e-17, 1.27707455243e-17, 1.14056410876e-17, 8.5481878477e-18, 6.88701768538e-18, 4.51916065598e-18, 2.35377882897e-18, 9.58252860684e-19, 2.63263645781e-19, 2.76664643788e-20], "max": [4.08172512054, 57.9378814697, 188.506835938, 347.21963501, 166.563858032, 105.009460449, 212.741989136, 245.402481079, 765.802001953, 468.43850708, 611.023132324, 362.790985107, 422.905090332, 881.383850098, 347.165771484, 920.635864258, 1112.7010498, 1063.50195312, 2159.14379883, 818.873901367, 1110.8503418, 1362.9876709, 648.21295166, 473.709747314, 419.529022217, 342.704711914, 1218.18249512, 376.281463623, 382.518707275, 415.035583496, 257.840484619, 120.951248169, 184.686737061, 71.4075546265, 14.8398981094, 3.13665628433, 0.645787417889, 0.0851753428578, 0.00871702283621, 0.000552499375772], "dvar2": [0.466344773769, 188.747512817, 2298.9453125, 2988.88769531, 480.953979492, 108.016166687, 290.177703857, 192.629379272, 645.979248047, 226.167114258, 325.4793396, 117.95703125, 321.576385498, 376.652130127, 94.9644775391, 582.363708496, 499.915985107, 1443.89575195, 2676.87573242, 1165.90588379, 2181.32714844, 1310.45532227, 748.161437988, 627.714050293, 717.21270752, 604.460144043, 962.25201416, 985.723693848, 1073.64331055, 822.953491211, 405.36050415, 141.923843384, 28.9862766266, 6.27414703369, 0.598315536976, 0.051086012274, 0.00291741732508, 5.56880440854e-05, 3.53755439164e-07, 1.21068035597e-08], "median": [0.0265129152685, 0.226257160306, 0.8860912323, 1.74494731426, 1.15060579777, 0.670579910278, 0.881785571575, 1.3645195961, 1.01686787605, 0.784854471684, 0.900369644165, 1.31940901279, 1.35611212254, 0.932967245579, 1.02735352516, 1.1542006731, 1.21653687954, 1.6385705471, 1.81031274796, 2.03181862831, 2.23160123825, 2.41966485977, 2.53344917297, 2.35768485069, 2.02838420868, 1.77338135242, 1.64080381393, 1.14023399353, 0.822664439678, 0.474316954613, 0.259112030268, 0.202725932002, 0.0922671034932, 0.0357701890171, 0.0100171128288, 0.0025276041124, 0.000622677442152, 9.6746480267e-05, 1.13010228233e-05, 8.56723636389e-06], "dmean2": [0.267998844385, 5.09934997559, 17.5037631989, 20.5746212006, 8.60470581055, 4.27034759521, 6.80222415924, 5.94387102127, 6.57531261444, 4.47348022461, 4.65577983856, 4.50851202011, 6.25223302841, 4.40660047531, 3.50665211678, 5.88199520111, 5.96357584, 10.3385648727, 12.7466487885, 11.2583169937, 14.624792099, 12.1755275726, 10.6276950836, 10.8691635132, 11.8657674789, 11.3892030716, 12.2965898514, 13.865272522, 14.0177574158, 11.8535470963, 8.23074150085, 5.19738769531, 2.19217181206, 0.998340249062, 0.301998317242, 0.0868867263198, 0.0194820016623, 0.00270712585188, 0.000226871721679, 4.73738291475e-05], "dmean": [0.157573893666, 2.87634444237, 9.87117671967, 12.0172939301, 5.03645324707, 2.4573841095, 3.853703022, 3.69826340675, 4.22071027756, 2.83116316795, 3.00858187675, 2.95495176315, 3.96056342125, 2.79514122009, 2.21087360382, 3.67724227905, 3.77677845955, 6.5218539238, 7.85618257523, 6.92249822617, 8.97070217133, 7.73832416534, 7.00470924377, 7.18195486069, 7.77304553986, 7.4925737381, 8.32638835907, 9.44654655457, 9.70784282684, 8.23066329956, 5.65643024445, 3.75362730026, 1.65076375008, 0.740904569626, 0.223273172975, 0.0611680150032, 0.0134045947343, 0.00185809249524, 0.000153604880325, 3.09573842969e-05], "var": [0.136734306812, 46.6833267212, 548.813842773, 906.951904297, 145.829559326, 33.3711471558, 78.1730499268, 107.606826782, 436.303375244, 146.08203125, 188.944488525, 108.338088989, 250.152862549, 306.182983398, 97.2190475464, 433.68951416, 465.565704346, 1201.62634277, 1902.81542969, 766.411193848, 1511.14916992, 845.067749023, 678.73059082, 534.052856445, 499.021209717, 471.709228516, 782.563049316, 790.307312012, 890.379150391, 696.935546875, 322.552429199, 132.577560425, 32.8858032227, 6.75965118408, 0.594445705414, 0.0399679541588, 0.00188078009523, 3.62204409612e-05, 2.0448037219e-07, 5.64589885954e-09], "dvar": [0.175319746137, 69.7936630249, 841.727111816, 1172.11499023, 184.116439819, 38.9752960205, 103.975502014, 78.0137176514, 276.474365234, 97.6390991211, 134.207717896, 55.1464653015, 137.20111084, 165.083892822, 42.4601325989, 242.83430481, 211.758239746, 658.447814941, 1010.38208008, 426.145324707, 826.178955078, 521.353759766, 302.929748535, 264.654968262, 304.898803711, 266.422790527, 420.08102417, 461.701538086, 513.069519043, 392.581237793, 185.624343872, 71.740234375, 16.1433067322, 3.40719532967, 0.31523373723, 0.0244360547513, 0.00128975335974, 2.52647550951e-05, 1.59860775284e-07, 5.29879695677e-09], "mean": [0.144938841462, 2.12475705147, 7.24336719513, 10.3185405731, 4.90716791153, 2.7060136795, 3.6323530674, 4.76634836197, 5.64454889297, 3.6542930603, 4.04097890854, 4.33359003067, 5.33230113983, 3.92915320396, 3.22000908852, 5.13617420197, 5.57459163666, 9.33191204071, 11.8587207794, 10.4202899933, 12.7433128357, 11.6717681885, 11.2246246338, 11.1018486023, 11.2937641144, 11.0534238815, 11.9929533005, 12.52759552, 12.5596065521, 10.5007009506, 7.21877336502, 4.84302759171, 2.21590662003, 0.996496021748, 0.30218115449, 0.0785287246108, 0.0165887214243, 0.00226333248429, 0.000176118468517, 3.51885755663e-05]}, "zerocrossingrate": {"min": 0, "max": 0.52001953125, "dvar2": 0.00036058810656, "median": 0.05029296875, "dmean2": 0.0172883663327, "dmean": 0.015393528156, "var": 0.00241742120124, "dvar": 0.000306834583171, "mean": 0.061771415174}, "spectral_contrast_coeffs": {"min": [-0.983890652657, -0.976184725761, -0.977382898331, -0.976083159447, -0.965678632259, -0.962378263474], "max": [-0.305308580399, -0.35441288352, -0.476433455944, -0.449099600315, -0.562403261662, -0.534394145012], "dvar2": [0.00565900932997, 0.00464673154056, 0.00284950481728, 0.00168060103897, 0.0011534539517, 0.00123900326435], "median": [-0.655176877975, -0.764286994934, -0.816359519958, -0.828544139862, -0.821127057076, -0.755066931248], "dmean2": [0.0844378918409, 0.0831925049424, 0.0641488805413, 0.0490329042077, 0.0386960692704, 0.0361625626683], "dmean": [0.0554748103023, 0.0526733733714, 0.0413497276604, 0.0312259923667, 0.0253516603261, 0.0248494595289], "var": [0.00939317792654, 0.00703173130751, 0.00503699341789, 0.00327941752039, 0.00218374957331, 0.00301283295266], "dvar": [0.00257593393326, 0.00197572959587, 0.00127633986995, 0.000716871814802, 0.000537755258847, 0.000603826658335], "mean": [-0.656235635281, -0.755919516087, -0.806923031807, -0.82034766674, -0.817795276642, -0.760137498379]}, "dissonance": {"min": 0.206351310015, "max": 0.500000119209, "dvar2": 0.000760296883527, "median": 0.481767565012, "dmean2": 0.0234704911709, "dmean": 0.0142800202593, "var": 0.000491639657412, "dvar": 0.00029368000105, "mean": 0.475597321987}, "spectral_energyband_high": {"min": 6.94694470418e-21, "max": 0.034484654665, "dvar2": 7.23688071957e-06, "median": 0.000119561227621, "dmean2": 0.00123067537788, "dmean": 0.000909960595891, "var": 7.97413485998e-06, "dvar": 3.81698691854e-06, "mean": 0.00130558444653}, "spectral_skewness": {"min": -0.481705009937, "max": 6.81561422348, "dvar2": 0.319052159786, "median": 1.02169775963, "dmean2": 0.463842839003, "dmean": 0.310127526522, "var": 0.559443354607, "dvar": 0.157550767064, "mean": 1.17837965488}, "spectral_flux": {"min": 6.35805644245e-11, "max": 0.551137268543, "dvar2": 0.0136217791587, "median": 0.0376326702535, "dmean2": 0.0660759806633, "dmean": 0.044005997479, "var": 0.0115416422486, "dvar": 0.00688812462613, "mean": 0.0797456949949}, "silence_rate_30dB": {"min": 0, "max": 1, "dvar2": 0.15937320888, "median": 1, "dmean2": 0.179871067405, "dmean": 0.089930742979, "var": 0.0777791887522, "dvar": 0.0818446651101, "mean": 0.914975225925}, "spectral_energyband_middle_high": {"min": 1.26459254917e-21, "max": 0.0588677376509, "dvar2": 6.89943681209e-06, "median": 0.000517040141858, "dmean2": 0.00124612124637, "dmean": 0.000871340045705, "var": 1.32306895466e-05, "dvar": 3.29640852215e-06, "mean": 0.00182842253707}, "barkbands_spread": {"min": 0.246526613832, "max": 114.893112183, "dvar2": 358.563781738, "median": 22.2643966675, "dmean2": 16.2008991241, "dmean": 10.5496025085, "var": 430.787567139, "dvar": 153.381210327, "mean": 26.6038799286}, "spectral_centroid": {"min": 100.292694092, "max": 11773.4072266, "dvar2": 542795.6875, "median": 1477.56835938, "dmean2": 683.819580078, "dmean": 459.891479492, "var": 1041633.8125, "dvar": 250337.046875, "mean": 1604.47473145}, "pitch_salience": {"min": 0.0437187999487, "max": 0.912408649921, "dvar2": 0.0250958502293, "median": 0.518375694752, "dmean2": 0.152630701661, "dmean": 0.0948940142989, "var": 0.019617240876, "dvar": 0.00975063163787, "mean": 0.510203182697}, "erbbands_skewness": {"min": -5.72033500671, "max": 12.6486034393, "dvar2": 1.48694729805, "median": -0.187147662044, "dmean2": 0.961388409138, "dmean": 0.670018970966, "var": 3.23332357407, "dvar": 0.841677427292, "mean": 0.0961663872004}, "erbbands_crest": {"min": 2.12301707268, "max": 33.8817939758, "dvar2": 18.2388305664, "median": 6.719810009, "dmean2": 4.27267980576, "dmean": 2.65094447136, "var": 20.4170913696, "dvar": 7.91400671005, "mean": 8.11580753326}, "melbands": {"min": [9.99634283904e-25, 1.43059441985e-24, 2.09383642427e-24, 2.06500750248e-24, 1.36920960294e-24, 1.74683505029e-24, 2.55531315129e-24, 2.09598764795e-24, 3.15761397445e-24, 2.58016148094e-24, 2.65261993281e-24, 3.06888822464e-24, 4.12646789191e-24, 2.23147194463e-24, 3.83788521784e-24, 4.01530042985e-24, 2.70319262215e-24, 4.96867788243e-24, 4.71046832536e-24, 6.65032462295e-24, 4.1402204985e-24, 4.18513232199e-24, 4.41840756356e-24, 4.63529816413e-24, 5.35331344361e-24, 5.13248248281e-24, 5.83147280384e-24, 4.89747805814e-24, 4.52040530645e-24, 3.62296006421e-24, 5.06243202886e-24, 5.20993836851e-24, 5.61216552788e-24, 5.0581141987e-24, 5.94128263628e-24, 6.01950332262e-24, 7.42308251052e-24, 7.68986659119e-24, 7.90718199336e-24, 6.36667390726e-24], "max": [0.0409424677491, 0.0869737640023, 0.051211219281, 0.00839807838202, 0.00627671089023, 0.00565922865644, 0.0108827510849, 0.00418577343225, 0.00488707143813, 0.00198513572104, 0.00208593765274, 0.00410201633349, 0.000924469553865, 0.00201163231395, 0.00312080373988, 0.00204181112349, 0.00186539534479, 0.00468395836651, 0.00175887567457, 0.00109554152004, 0.00183699058834, 0.00196672556922, 0.00100642757025, 0.000689059845172, 0.000396241026465, 0.000318941834848, 0.000267751602223, 0.000256664032349, 0.000802272057626, 0.00029085794813, 0.000223473791266, 0.000220502595766, 0.000383256032364, 0.000250216806307, 0.000162223703228, 0.000104639897472, 7.9769975855e-05, 0.000123311692732, 0.000123135163449, 4.26072801929e-05], "dvar2": [0.000102585254353, 0.000505447795149, 6.82438112563e-05, 9.71944245975e-07, 3.028070239e-07, 9.53536059001e-08, 1.35505885623e-07, 2.15823892091e-08, 2.03298959889e-08, 5.30917265706e-09, 8.60913385026e-09, 7.78641240373e-09, 9.1390128798e-10, 3.65173180583e-09, 6.37962838113e-09, 2.76696554558e-09, 5.52224355133e-09, 1.21134871023e-08, 3.63260110881e-09, 4.08805256313e-09, 3.65416696901e-09, 1.98487426495e-09, 8.64839588832e-10, 6.89742651883e-10, 4.78374506674e-10, 5.03562025411e-10, 3.83292481088e-10, 2.95403035366e-10, 4.16490814059e-10, 3.18299830937e-10, 4.15543710552e-10, 3.74703518213e-10, 4.06531197594e-10, 2.35263503123e-10, 1.60518515147e-10, 9.15038739224e-11, 5.05410852059e-11, 1.93676272936e-11, 8.32771178405e-12, 4.03473695426e-12], "median": [0.000285679212539, 0.000456464738818, 0.000304241693811, 5.8209807321e-05, 3.1230487366e-05, 3.08122143906e-05, 1.50287114593e-05, 8.36812796479e-06, 7.6177993833e-06, 8.30933640827e-06, 6.40455073153e-06, 3.27892280438e-06, 3.04011746266e-06, 3.14274211632e-06, 2.30291061598e-06, 2.53413213613e-06, 2.83809026769e-06, 2.68213739218e-06, 2.52169616033e-06, 2.46433273787e-06, 2.53596681432e-06, 2.27662712859e-06, 2.36345658777e-06, 2.02372893909e-06, 1.79711980763e-06, 1.55481791353e-06, 1.27823773255e-06, 1.05808294393e-06, 1.03278716779e-06, 7.77453863066e-07, 5.8768262079e-07, 4.66518400799e-07, 3.34850284389e-07, 2.17621661136e-07, 1.39178141012e-07, 1.20544754623e-07, 1.22728039287e-07, 7.01415316939e-08, 3.79370739267e-08, 2.62632351422e-08], "dmean2": [0.00382696953602, 0.00839956011623, 0.00317278155126, 0.00039210455725, 0.000221678055823, 0.000135331225465, 9.71663976088e-05, 4.70918603241e-05, 3.70872476196e-05, 3.07413210976e-05, 3.18041566061e-05, 1.89865186258e-05, 1.12153056762e-05, 1.62413725775e-05, 1.72638447111e-05, 1.43233237395e-05, 2.06361528399e-05, 2.41596480919e-05, 1.6585465346e-05, 1.89607890206e-05, 1.75692130142e-05, 1.33523471959e-05, 1.1385965081e-05, 1.02815201899e-05, 9.23971492739e-06, 9.8188438642e-06, 8.91930085345e-06, 7.86103100836e-06, 7.99677127361e-06, 7.8248203863e-06, 8.86267207534e-06, 8.27883195598e-06, 8.10980600363e-06, 6.27380040896e-06, 5.09851952302e-06, 3.98064594265e-06, 3.064413022e-06, 1.76060746071e-06, 1.0920313116e-06, 7.94537925231e-07], "dmean": [0.00219151400961, 0.00480171246454, 0.00185238919221, 0.000226950156502, 0.000126155951875, 8.37990519358e-05, 6.2327584601e-05, 2.99872554024e-05, 2.39305099967e-05, 2.00390677492e-05, 2.0119610781e-05, 1.2021114344e-05, 7.08459401721e-06, 1.00226716313e-05, 1.07971181933e-05, 9.08483070816e-06, 1.29160134748e-05, 1.47195351019e-05, 1.0253176697e-05, 1.15634120448e-05, 1.07233736344e-05, 8.29837244964e-06, 7.3813707786e-06, 6.70299095873e-06, 5.98008000452e-06, 6.35213018541e-06, 5.6783474065e-06, 5.10451081936e-06, 5.32622016181e-06, 5.1731167332e-06, 5.95160008743e-06, 5.58306874154e-06, 5.61205615668e-06, 4.22932544097e-06, 3.41739905707e-06, 2.73212936008e-06, 2.21928030442e-06, 1.29955139982e-06, 7.95927178388e-07, 5.73918214286e-07], "var": [2.64733334916e-05, 0.000129536347231, 2.08440687857e-05, 2.88029440298e-07, 8.26646626706e-08, 5.36156825603e-08, 9.22862284369e-08, 1.42898874955e-08, 1.18106955327e-08, 4.78601780429e-09, 6.72762556775e-09, 6.12244921427e-09, 8.48329628766e-10, 2.47362308414e-09, 5.14157472153e-09, 2.4131447951e-09, 4.34215730039e-09, 7.31055704861e-09, 2.30979768645e-09, 2.26419860638e-09, 2.32824159951e-09, 1.00992947338e-09, 7.77223174708e-10, 5.62009216942e-10, 3.61977281482e-10, 3.28061633414e-10, 2.52149523483e-10, 2.12702355729e-10, 3.16716736171e-10, 2.43376319098e-10, 3.06220521162e-10, 2.78244122187e-10, 3.32101901535e-10, 1.73989100904e-10, 1.18465293131e-10, 6.73842717736e-11, 4.67894646639e-11, 1.97548175734e-11, 8.50806577968e-12, 3.91222557822e-12], "dvar": [3.78890945285e-05, 0.0001891249849, 2.67986270046e-05, 3.58472050266e-07, 1.08539282451e-07, 3.86095067029e-08, 5.79208716545e-08, 9.34407307085e-09, 8.44860803539e-09, 2.48102360878e-09, 3.64818109055e-09, 3.38279360079e-09, 4.00860816763e-10, 1.50916446007e-09, 2.67054711678e-09, 1.26873589412e-09, 2.44645126379e-09, 4.50585879719e-09, 1.38762557e-09, 1.53546986237e-09, 1.37801769995e-09, 7.69488806007e-10, 3.66865454682e-10, 2.83333301265e-10, 1.95909774514e-10, 2.11679632156e-10, 1.58864588151e-10, 1.28546465139e-10, 1.7977419553e-10, 1.40628952927e-10, 1.9172141652e-10, 1.72257139108e-10, 1.94021243516e-10, 1.06944127165e-10, 7.13060444024e-11, 4.1671978368e-11, 2.57538608495e-11, 1.02962551679e-11, 4.4582293586e-12, 2.09273939324e-12], "mean": [0.00177751015872, 0.00364636722952, 0.00161815038882, 0.000240134395426, 0.000123489269754, 0.000107842373836, 8.37536499603e-05, 3.87756190321e-05, 3.18590828101e-05, 2.87862276309e-05, 2.66293191089e-05, 1.62855467352e-05, 9.72789257503e-06, 1.33521389216e-05, 1.43860152093e-05, 1.23652962429e-05, 1.7585382011e-05, 2.01483708224e-05, 1.47912751345e-05, 1.48109093061e-05, 1.45373778651e-05, 1.14698450489e-05, 1.11665540317e-05, 9.88790088741e-06, 8.79046456248e-06, 8.71435258887e-06, 7.83159248385e-06, 7.14410225555e-06, 7.41535313864e-06, 7.03564455762e-06, 7.49402352085e-06, 7.02150555298e-06, 7.05201455276e-06, 5.22136497239e-06, 4.26568158218e-06, 3.38715949511e-06, 2.82719543065e-06, 1.69718657617e-06, 1.04654429833e-06, 7.57744885505e-07]}, "spectral_entropy": {"min": 3.93422913551, "max": 9.81412220001, "dvar2": 0.211821570992, "median": 7.76432037354, "dmean2": 0.383085697889, "dmean": 0.270716130733, "var": 0.531690061092, "dvar": 0.119526036084, "mean": 7.61835002899}, "spectral_rolloff": {"min": 21.533203125, "max": 19401.4160156, "dvar2": 4181493.75, "median": 753.662109375, "dmean2": 1462.67419434, "dmean": 874.480529785, "var": 4169440.75, "dvar": 1907721.25, "mean": 1695.76074219}, "barkbands": {"min": [2.63631225505e-25, 4.2015248516e-24, 2.96162424356e-24, 1.81185730483e-24, 1.33732496927e-23, 3.38508024153e-24, 1.23524518485e-23, 4.90801092894e-24, 1.90982010308e-23, 2.40060533987e-23, 1.50350877415e-23, 3.62903500316e-23, 3.70020982056e-23, 3.52823467223e-23, 5.42146865924e-23, 8.09540862297e-23, 6.67447638843e-23, 1.10000455942e-22, 1.21478823875e-22, 1.8608039783e-22, 2.17638090457e-22, 3.20724666503e-22, 4.25928090834e-22, 6.45428827039e-22, 8.63039679706e-22, 1.30750850092e-21, 1.92847627853e-21], "max": [0.0174056664109, 0.210061788559, 0.204687327147, 0.110553815961, 0.03416704759, 0.0324147641659, 0.0463688597083, 0.0242756586522, 0.0212521012872, 0.0283543802798, 0.00707238633186, 0.0225950926542, 0.0211223252118, 0.0412857159972, 0.0176419615746, 0.0163552388549, 0.0224515665323, 0.0116439396515, 0.00723740225658, 0.00778684671968, 0.0179315600544, 0.0116978287697, 0.00833608023822, 0.00790306832641, 0.0039764563553, 0.000438728544395, 5.18683809787e-05], "dvar2": [3.74133662717e-07, 0.00245512230322, 0.00204090517946, 0.000214035942918, 1.6011952539e-05, 2.87738612315e-06, 2.73096361525e-06, 5.33782440471e-07, 3.344733841e-07, 4.85113616833e-07, 6.26115124192e-08, 4.00719386562e-07, 2.3157828366e-07, 1.32044419843e-06, 4.11178831428e-07, 9.22129061109e-07, 4.49719891549e-07, 2.770773051e-07, 2.74645373111e-07, 2.7593523555e-07, 5.46280830349e-07, 8.43069472012e-07, 5.11631071731e-07, 1.69076528778e-07, 2.47683136223e-08, 1.26940413736e-09, 1.23234590935e-11], "median": [3.10706382152e-05, 0.00112439366058, 0.000882409862243, 0.000521595589817, 0.00025296403328, 0.000161065428983, 4.86117751279e-05, 3.13794153044e-05, 6.26330875093e-05, 3.0540057196e-05, 1.89989477803e-05, 2.77869894489e-05, 2.41625784838e-05, 3.38134414051e-05, 3.13349773933e-05, 3.69090375898e-05, 4.1863280785e-05, 4.67763529741e-05, 4.17040173488e-05, 3.83517908631e-05, 3.55298507202e-05, 2.16416428884e-05, 9.70474775386e-06, 7.64848300605e-06, 2.21760774366e-06, 4.07079767228e-07, 4.17548804421e-08], "dmean2": [0.000214867584873, 0.0184910073876, 0.0163515582681, 0.00528256455436, 0.00162939040456, 0.000780935573857, 0.000427831604611, 0.000204818599741, 0.000230785706663, 0.000173429580173, 8.60991494847e-05, 0.000153369779582, 0.000135820417199, 0.0002832840255, 0.000199846239411, 0.000289772142423, 0.000219602428842, 0.0002113692899, 0.000233185011894, 0.000245527247898, 0.000321214960422, 0.000395722134272, 0.000294735451462, 0.000179866736289, 6.33937888779e-05, 1.33549610837e-05, 1.29290094719e-06], "dmean": [0.000144951278344, 0.0105057517067, 0.00916399341077, 0.00310450023971, 0.000931101036258, 0.000470069673611, 0.000271018478088, 0.000130717002321, 0.000151611995534, 0.000109228458314, 5.36728039151e-05, 9.58604578045e-05, 8.42240842758e-05, 0.000174575703568, 0.000123692545458, 0.000177047928446, 0.000137696755701, 0.000138901930768, 0.000151383515913, 0.000161473057233, 0.000218719593249, 0.000277318322333, 0.000202470633667, 0.000134105197503, 4.73956388305e-05, 9.24563755689e-06, 8.56685460349e-07], "var": [3.30854618369e-07, 0.000616328965407, 0.000478986796224, 6.69855289743e-05, 4.44935085397e-06, 1.36106029913e-06, 1.86895181287e-06, 3.19157351214e-07, 2.96792848076e-07, 3.78964529091e-07, 4.95529377531e-08, 2.86488869961e-07, 1.89899438396e-07, 8.67743153776e-07, 3.29244556951e-07, 5.38624533419e-07, 2.52763186381e-07, 2.48740093411e-07, 1.94941037535e-07, 2.16979628931e-07, 4.59456828139e-07, 7.52696223572e-07, 3.98224671017e-07, 1.84145875437e-07, 2.73222440228e-08, 8.82578787831e-10, 6.5029305725e-12], "dvar": [1.97204272467e-07, 0.00090680149151, 0.00074306933675, 8.43249290483e-05, 5.79206925977e-06, 1.12035058919e-06, 1.17067247629e-06, 2.22364732849e-07, 1.58145041951e-07, 2.01880439477e-07, 2.67549609134e-08, 1.66190190498e-07, 9.59190558092e-08, 5.29813803496e-07, 1.64699216043e-07, 3.33888209525e-07, 1.75089084564e-07, 1.15837984538e-07, 1.16438371833e-07, 1.22204895092e-07, 2.50396283263e-07, 4.14576533103e-07, 2.34119411857e-07, 9.20693352668e-08, 1.36106796944e-08, 5.79796932687e-10, 5.39010893211e-12], "mean": [0.000187019206351, 0.00811367109418, 0.00668947771192, 0.00280090980232, 0.000966332270764, 0.000559580337722, 0.000348734582076, 0.000165882054716, 0.000215967651457, 0.000141665557749, 6.93142428645e-05, 0.000129241438117, 0.000115627815831, 0.000237141750404, 0.000184751595953, 0.000236235486227, 0.000195245156647, 0.000213452396565, 0.000217947992496, 0.000237542437389, 0.000306218600599, 0.000361117912689, 0.000257154402789, 0.000177096575499, 6.43207531539e-05, 1.15921948236e-05, 9.37413801694e-07]}, "melbands_flatness_db": {"min": 0.00364307453856, "max": 0.755634009838, "dvar2": 0.00535690551624, "median": 0.212135329843, "dmean2": 0.0699689462781, "dmean": 0.0494939349592, "var": 0.0146933430806, "dvar": 0.00262318714522, "mean": 0.237259224057}, "melbands_skewness": {"min": -5.04373598099, "max": 34.8653297424, "dvar2": 13.7853755951, "median": 3.47126173973, "dmean2": 2.92153906822, "dmean": 1.93424260616, "var": 12.9547901154, "dvar": 6.1233420372, "mean": 4.52389907837}, "barkbands_skewness": {"min": -8.49960803986, "max": 22.2096157074, "dvar2": 4.69342803955, "median": 1.81247663498, "dmean2": 1.77323746681, "dmean": 1.17253518105, "var": 5.17363405228, "dvar": 2.05234885216, "mean": 2.35931324959}, "silence_rate_60dB": {"min": 0, "max": 1, "dvar2": 0.166641309857, "median": 0, "dmean2": 0.184346526861, "dmean": 0.092168353498, "var": 0.189347833395, "dvar": 0.0836869329214, "mean": 0.253635913134}, "spectral_energyband_low": {"min": 1.4013514447e-23, "max": 0.335035979748, "dvar2": 0.00766954524443, "median": 0.00328657217324, "dmean2": 0.0344177484512, "dmean": 0.0202767830342, "var": 0.00225183088332, "dvar": 0.00297547550872, "mean": 0.0170760173351}, "spectral_energyband_middle_low": {"min": 1.8384836323e-22, "max": 0.129992291331, "dvar2": 0.000312507210765, "median": 0.00175610277802, "dmean2": 0.00724888080731, "dmean": 0.00439466210082, "var": 0.00011441110837, "dvar": 0.000125737453345, "mean": 0.0051023629494}, "melbands_kurtosis": {"min": -1.87778997421, "max": 1724.97253418, "dvar2": 15487.3388672, "median": 15.9966545105, "dmean2": 61.2722511292, "dmean": 38.1373901367, "var": 8629.04394531, "dvar": 6340.19775391, "mean": 49.5394325256}, "spectral_decrease": {"min": -9.39595707905e-08, "max": 1.81396047002e-28, "dvar2": 5.54973869459e-16, "median": -1.64313251894e-09, "dmean2": 9.64928137392e-09, "dmean": 5.85574477796e-09, "var": 1.83991438011e-16, "dvar": 2.21432372158e-16, "mean": -5.79064662887e-09}, "erbbands_kurtosis": {"min": -1.96317708492, "max": 266.514282227, "dvar2": 223.027770996, "median": -0.466582536697, "dmean2": 4.88196802139, "dmean": 3.23883056641, "var": 411.578094482, "dvar": 126.392944336, "mean": 3.60766243935}, "melbands_crest": {"min": 1.6359167099, "max": 37.5797042847, "dvar2": 32.5531311035, "median": 16.9265403748, "dmean2": 5.92938137054, "dmean": 3.72752189636, "var": 35.0481643677, "dvar": 13.2199039459, "mean": 17.0233612061}, "gfcc": {"cov": [[18807.4023438, -848.512390137, -2326.74975586, 867.89855957, -1261.29785156, 567.883056641, -662.142211914, -86.2545547485, -14.1713085175, -3.09515690804, -252.264755249, -305.097961426, -252.411193848], [-848.512390137, 1823.84533691, -396.260955811, -512.802062988, 349.887329102, -425.635894775, 191.464126587, -83.4290161133, 41.7081031799, -144.301132202, 62.750087738, -125.921684265, 37.86120224], [-2326.74975586, -396.260955811, 2152.05249023, 665.097595215, 402.180633545, 493.228515625, 183.786819458, 121.41116333, 28.2955055237, 27.8148555756, -18.184425354, 20.2120075226, -41.0593223572], [867.89855957, -512.802062988, 665.097595215, 750.048278809, 134.767913818, 323.115142822, 38.7236862183, 26.396900177, 45.6814994812, 14.330368042, -42.4378852844, -38.8365516663, -45.0229949951], [-1261.29785156, 349.887329102, 402.180633545, 134.767913818, 514.479064941, 89.1404724121, 166.045761108, 17.3524017334, 52.0584373474, -12.1352491379, 4.18986558914, -35.4959831238, -0.865963041782], [567.883056641, -425.635894775, 493.228515625, 323.115142822, 89.1404724121, 462.868988037, 65.7663650513, 44.8418579102, 25.0793609619, 44.4561386108, -32.5241508484, -16.439863205, -47.1078605652], [-662.142211914, 191.464126587, 183.786819458, 38.7236862183, 166.045761108, 65.7663650513, 237.027175903, 75.253112793, 16.9369812012, -16.6406440735, 31.0001773834, 8.46997451782, 9.70794296265], [-86.2545547485, -83.4290161133, 121.41116333, 26.396900177, 17.3524017334, 44.8418579102, 75.253112793, 162.561126709, 47.1732635498, 27.0881557465, 35.2784538269, 49.2983131409, 25.5344429016], [-14.1713085175, 41.7081031799, 28.2955055237, 45.6814994812, 52.0584373474, 25.0793609619, 16.9369812012, 47.1732635498, 118.199684143, 43.7388648987, 13.0493268967, -2.03049325943, 12.6471920013], [-3.09515690804, -144.301132202, 27.8148555756, 14.330368042, -12.1352491379, 44.4561386108, -16.6406440735, 27.0881557465, 43.7388648987, 107.015274048, 36.599029541, 20.8145294189, 5.1408572197], [-252.264755249, 62.750087738, -18.184425354, -42.4378852844, 4.18986558914, -32.5241508484, 31.0001773834, 35.2784538269, 13.0493268967, 36.599029541, 99.4914855957, 46.3230438232, 21.3894500732], [-305.097961426, -125.921684265, 20.2120075226, -38.8365516663, -35.4959831238, -16.439863205, 8.46997451782, 49.2983131409, -2.03049325943, 20.8145294189, 46.3230438232, 118.444152832, 50.379825592], [-252.411193848, 37.86120224, -41.0593223572, -45.0229949951, -0.865963041782, -47.1078605652, 9.70794296265, 25.5344429016, 12.6471920013, 5.1408572197, 21.3894500732, 50.379825592, 78.6892776489]], "icov": [[0.00017986529565, -0.00038150898763, 0.000352668139385, -0.000613772193901, 0.000467735488201, -0.0005713297287, 0.000538691238035, -0.000550868047867, 0.00038506204146, -0.000273519282928, 0.0003873972164, -0.000195506101591, 0.000344619009411], [-0.00038150898763, 0.00284383026883, -0.000850453798193, 0.00255575124174, -0.00201089121401, 0.00225465535186, -0.00230839755386, 0.00231480086222, -0.00259945029393, 0.00315215112641, -0.00307760597207, 0.00329521088861, -0.00177354598418], [0.000352668139385, -0.000850453798193, 0.00153082655743, -0.00175021984614, 0.000449551211204, -0.00158340472262, 0.00110840739217, -0.00154960539658, 0.00129647110589, -0.0007486945251, 0.000992467976175, -0.000997154507786, 0.000970118504483], [-0.000613772193901, 0.00255575124174, -0.00175021984614, 0.00516790477559, -0.00224727555178, 0.00146826426499, -0.00220168754458, 0.00272005493753, -0.00325559545308, 0.00305946078151, -0.00264766672626, 0.00284607335925, -0.00169072893914], [0.000467735488201, -0.00201089121401, 0.000449551211204, -0.00224727555178, 0.00492630852386, -0.00187018234283, -0.000126865546918, -0.000784562435001, 0.000389312714105, -0.00166486459784, 0.00192709441762, -0.000975476054009, 0.000768418016378], [-0.0005713297287, 0.00225465535186, -0.00158340472262, 0.00146826426499, -0.00187018234283, 0.0063808336854, -0.00337749300525, 0.001946358243, -0.00178650894668, -4.80822200188e-05, -0.000505958974827, 0.00156345625874, 0.000107669475256], [0.000538691238035, -0.00230839755386, 0.00110840739217, -0.00220168754458, -0.000126865546918, -0.00337749300525, 0.00972325075418, -0.00553866475821, 0.00281135784462, 0.000332556985086, -0.000217240594793, -0.00128434656654, 0.00113939691801], [-0.000550868047867, 0.00231480086222, -0.00154960539658, 0.00272005493753, -0.000784562435001, 0.001946358243, -0.00553866475821, 0.0125903794542, -0.0060654124245, 0.00202682055533, -0.00309833488427, -0.000980424694717, -0.00206636684015], [0.00038506204146, -0.00259945029393, 0.00129647110589, -0.00325559545308, 0.000389312714105, -0.00178650894668, 0.00281135784462, -0.0060654124245, 0.0152637055144, -0.00793883483857, 0.00330714997835, -0.000122255733004, -0.000899470702279], [-0.000273519282928, 0.00315215112641, -0.0007486945251, 0.00305946078151, -0.00166486459784, -4.80822200188e-05, 0.000332556985086, 0.00202682055533, -0.00793883483857, 0.0186101291329, -0.00929084327072, 0.00314561463892, -0.00120835809503], [0.0003873972164, -0.00307760597207, 0.000992467976175, -0.00264766672626, 0.00192709441762, -0.000505958974827, -0.000217240594793, -0.00309833488427, 0.00330714997835, -0.00929084327072, 0.0193110741675, -0.00854103080928, 0.0027714818716], [-0.000195506101591, 0.00329521088861, -0.000997154507786, 0.00284607335925, -0.000975476054009, 0.00156345625874, -0.00128434656654, -0.000980424694717, -0.000122255733004, 0.00314561463892, -0.00854103080928, 0.0202300436795, -0.0105189187452], [0.000344619009411, -0.00177354598418, 0.000970118504483, -0.00169072893914, 0.000768418016378, 0.000107669475256, 0.00113939691801, -0.00206636684015, -0.000899470702279, -0.00120835809503, 0.0027714818716, -0.0105189187452, 0.0210134536028]], "mean": [-99.8596725464, 81.4429168701, -101.951179504, 64.3224105835, -50.1124725342, 13.4936704636, -31.0380001068, 5.69529533386, -19.8198471069, -1.55940783024, -15.8966274261, -4.019510746, -9.94762039185]}, "melbands_spread": {"min": 0.184428602457, "max": 308.397094727, "dvar2": 608.852844238, "median": 16.9726867676, "dmean2": 18.1459617615, "dmean": 12.035451889, "var": 763.327087402, "dvar": 289.611785889, "mean": 25.338388443}, "spectral_energy": {"min": 1.00564757621e-20, "max": 0.364009022713, "dvar2": 0.00809969566762, "median": 0.00663123605773, "dmean2": 0.0371282026172, "dmean": 0.0227590352297, "var": 0.00279748020694, "dvar": 0.00326056685299, "mean": 0.0232042167336}, "mfcc": {"cov": [[18684.0566406, -1746.31176758, -1217.70263672, -312.719604492, -667.93536377, 148.586959839, -681.66394043, -194.986984253, -193.412948608, 83.6921463013, 6.96921300888, -79.2179107666, -245.563964844], [-1746.31176758, 2058.96313477, -659.961791992, -49.6764335632, -73.9023742676, -268.789550781, 51.6770248413, -50.3511390686, -15.3402051926, -51.3112373352, -8.37750530243, -37.67420578, -9.09801197052], [-1217.70263672, -659.961791992, 1590.34411621, 320.026916504, 436.270751953, 376.952728271, 238.52696228, 200.404296875, 123.794769287, 102.794281006, 56.8115463257, 64.5823287964, 32.6514701843], [-312.719604492, -49.6764335632, 320.026916504, 436.918212891, 207.088851929, 121.228515625, 93.6151504517, 84.2069473267, 62.5032577515, 39.2659912109, 13.4223089218, 13.9613389969, 21.7779483795], [-667.93536377, -73.9023742676, 436.270751953, 207.088851929, 398.536407471, 228.313323975, 116.021362305, 84.4177017212, 93.7763900757, 69.7099838257, 43.4778938293, 29.9933662415, 13.5728654861], [148.586959839, -268.789550781, 376.952728271, 121.228515625, 228.313323975, 371.71383667, 126.949417114, 79.9217605591, 74.1537017822, 74.4432373047, 49.941947937, 12.9753255844, -11.9474048615], [-681.66394043, 51.6770248413, 238.52696228, 93.6151504517, 116.021362305, 126.949417114, 237.986434937, 121.223464966, 51.8828353882, 38.0274772644, 42.1578826904, 17.0313014984, 18.3996086121], [-194.986984253, -50.3511390686, 200.404296875, 84.2069473267, 84.4177017212, 79.9217605591, 121.223464966, 175.260681152, 71.6609344482, 30.7683010101, 28.0545291901, 19.0545940399, 18.6687736511], [-193.412948608, -15.3402051926, 123.794769287, 62.5032577515, 93.7763900757, 74.1537017822, 51.8828353882, 71.6609344482, 125.80922699, 51.1007575989, 21.6943531036, 20.7442035675, 5.14275503159], [83.6921463013, -51.3112373352, 102.794281006, 39.2659912109, 69.7099838257, 74.4432373047, 38.0274772644, 30.7683010101, 51.1007575989, 107.257095337, 56.2994880676, 14.1960439682, 3.87052440643], [6.96921300888, -8.37750530243, 56.8115463257, 13.4223089218, 43.4778938293, 49.941947937, 42.1578826904, 28.0545291901, 21.6943531036, 56.2994880676, 91.3998794556, 30.6157302856, 9.8715171814], [-79.2179107666, -37.67420578, 64.5823287964, 13.9613389969, 29.9933662415, 12.9753255844, 17.0313014984, 19.0545940399, 20.7442035675, 14.1960439682, 30.6157302856, 73.4123764038, 31.3690433502], [-245.563964844, -9.09801197052, 32.6514701843, 21.7779483795, 13.5728654861, -11.9474048615, 18.3996086121, 18.6687736511, 5.14275503159, 3.87052440643, 9.8715171814, 31.3690433502, 75.0218811035]], "icov": [[8.31189972814e-05, 6.39122154098e-05, 8.51950171636e-05, -4.9192149163e-05, 0.000144096935401, -0.000180811985047, 0.000257045699982, -0.000167844511452, 0.000139232899528, -0.000167862555827, -8.65959646035e-06, -8.12761718407e-05, 0.000215119231143], [6.39122154098e-05, 0.000744458695408, 0.000389260763768, -7.82956703915e-05, -0.000299563776935, 0.000521640235092, -0.000544612819795, 0.000195741813513, -0.000176433008164, 0.000106708561361, -0.000253031495959, 0.000227305034059, 0.000319762708386], [8.51950171636e-05, 0.000389260763768, 0.00129725039005, -0.000278306630207, -0.0006811923231, -0.000358354591299, -0.000290952826617, -0.000569021736737, 0.0003724367416, -0.000386785308365, 0.000399034761358, -0.000564528163522, 0.000299354782328], [-4.9192149163e-05, -7.82956703915e-05, -0.000278306630207, 0.00327055738308, -0.00141987297684, 0.000211661375943, -0.000324717693729, -0.000487666227855, -0.000162320167874, -0.000188103280379, 0.000648035551421, 0.000402318401029, -0.000739868264645], [0.000144096935401, -0.000299563776935, -0.0006811923231, -0.00141987297684, 0.00593121862039, -0.00257494370453, 0.000565841794014, 0.000223170718527, -0.00131928978954, -0.000558376661502, -0.000264249450993, -0.000649177760351, -0.00010800932796], [-0.000180811985047, 0.000521640235092, -0.000358354591299, 0.000211661375943, -0.00257494370453, 0.00610616058111, -0.00249783298932, 0.000812566082459, -0.00090708618518, -0.000548921001609, -0.00082568905782, 0.000859809166286, 0.00125425891019], [0.000257045699982, -0.000544612819795, -0.000290952826617, -0.000324717693729, 0.000565841794014, -0.00249783298932, 0.00917516648769, -0.0050653363578, 0.00130066485144, -0.000305302295601, -0.00158072204795, 0.000263269903371, -0.000469227001304], [-0.000167844511452, 0.000195741813513, -0.000569021736737, -0.000487666227855, 0.000223170718527, 0.000812566082459, -0.0050653363578, 0.0115636540577, -0.00514587806538, 0.00179639633279, -0.00127810321283, 0.000763766467571, -0.00157376483548], [0.000139232899528, -0.000176433008164, 0.0003724367416, -0.000162320167874, -0.00131928978954, -0.00090708618518, 0.00130066485144, -0.00514587806538, 0.0141497403383, -0.00599954696372, 0.00315607269295, -0.00339220627211, 0.00171779619996], [-0.000167862555827, 0.000106708561361, -0.000386785308365, -0.000188103280379, -0.000558376661502, -0.000548921001609, -0.000305302295601, 0.00179639633279, -0.00599954696372, 0.0181339494884, -0.0102223549038, 0.00312616140582, -0.00115847890265], [-8.65959646035e-06, -0.000253031495959, 0.000399034761358, 0.000648035551421, -0.000264249450993, -0.00082568905782, -0.00158072204795, -0.00127810321283, 0.00315607269295, -0.0102223549038, 0.0201991964132, -0.00740652531385, 0.000951327732764], [-8.12761718407e-05, 0.000227305034059, -0.000564528163522, 0.000402318401029, -0.000649177760351, 0.000859809166286, 0.000263269903371, 0.000763766467571, -0.00339220627211, 0.00312616140582, -0.00740652531385, 0.0206585656852, -0.00770200416446], [0.000215119231143, 0.000319762708386, 0.000299354782328, -0.000739868264645, -0.00010800932796, 0.00125425891019, -0.000469227001304, -0.00157376483548, 0.00171779619996, -0.00115847890265, 0.000951327732764, -0.00770200416446, 0.0179201234132]], "mean": [-738.985961914, 97.7357025146, 13.5400753021, 47.9308052063, 10.7201414108, 13.4118928909, 2.76627874374, 6.78738880157, 2.14702105522, 3.32113480568, -1.56297338009, 0.223093450069, -3.61335301399]}, "spectral_contrast_valleys": {"min": [-27.9395751953, -28.0310134888, -27.763917923, -27.5899429321, -27.438419342, -27.4539337158], "max": [-5.00506973267, -4.92261838913, -5.50693464279, -5.77562856674, -5.18704128265, -7.44324398041], "dvar2": [0.940974473953, 0.847729563713, 0.834163606167, 0.779457569122, 0.725913167, 0.871216356754], "median": [-7.68992757797, -7.77310752869, -8.33022785187, -8.34111404419, -7.89740419388, -10.7790670395], "dmean2": [0.838881313801, 0.914680421352, 0.887500345707, 0.7550740242, 0.673612117767, 0.682177484035], "dmean": [0.591351389885, 0.635291993618, 0.635589361191, 0.555676937103, 0.525315821171, 0.579439997673], "var": [2.40189290047, 2.52123522758, 2.45982694626, 2.72060203552, 2.6906003952, 2.96492958069], "dvar": [0.556582689285, 0.453579038382, 0.450416326523, 0.432034522295, 0.423913627863, 0.52348870039], "mean": [-7.97006416321, -8.10138893127, -8.65704441071, -8.73267745972, -8.15459156036, -10.7675027847]}, "barkbands_flatness_db": {"min": 0.0279307328165, "max": 0.591375172138, "dvar2": 0.00356879318133, "median": 0.141063481569, "dmean2": 0.0566084124148, "dmean": 0.0392310172319, "var": 0.00862262863666, "dvar": 0.00172922504134, "mean": 0.165703773499}, "dynamic_complexity": 5.9860906601, "erbbands_flatness_db": {"min": 0.0375226326287, "max": 0.392712324858, "dvar2": 0.00116688746493, "median": 0.145937532187, "dmean2": 0.0325743034482, "dmean": 0.0232117623091, "var": 0.00264756381512, "dvar": 0.000660482328385, "mean": 0.152857631