{"lowlevel": {"spectral_complexity": {"min": 0, "max": 63, "dvar2": 79.9275512695, "median": 19, "dmean2": 7.93648433685, "dmean": 5.42586421967, "var": 185.00189209, "dvar": 43.553440094, "mean": 20.753200531}, "silence_rate_20dB": {"min": 1, "max": 1, "dvar2": 0, "median": 1, "dmean2": 0, "dmean": 0, "var": 0, "dvar": 0, "mean": 1}, "average_loudness": 0.851247012615, "erbbands_spread": {"min": 1.92797076702, "max": 129.842071533, "dvar2": 148.996536255, "median": 29.0049724579, "dmean2": 11.3299303055, "dmean": 7.25152826309, "var": 221.807113647, "dvar": 64.6972198486, "mean": 30.8875331879}, "spectral_kurtosis": {"min": -1.24152362347, "max": 143.524536133, "dvar2": 29.6170711517, "median": 4.07304286957, "dmean2": 3.47621679306, "dmean": 2.02673506737, "var": 45.7970428467, "dvar": 10.7001361847, "mean": 5.19946861267}, "barkbands_kurtosis": {"min": -1.95365667343, "max": 1742.05786133, "dvar2": 1180.57580566, "median": 0.0211253166199, "dmean2": 5.98934459686, "dmean": 3.7533326149, "var": 1435.78173828, "dvar": 555.874084473, "mean": 4.21165847778}, "spectral_strongpeak": {"min": 0, "max": 13.7283496857, "dvar2": 1.87405276299, "median": 0.280118405819, "dmean2": 0.886413276196, "dmean": 0.523002147675, "var": 1.27471649647, "dvar": 0.735757350922, "mean": 0.761118173599}, "spectral_spread": {"min": 623973.875, "max": 41584220, "dvar2": 646681329664, "median": 3348621.25, "dmean2": 593486.375, "dmean": 403894.53125, "var": 1978988232700.0, "dvar": 331527815168, "mean": 3579750}, "spectral_rms": {"min": 3.18816435925e-12, "max": 0.010683413595, "dvar2": 2.00932845473e-06, "median": 0.00328592769802, "dmean2": 0.00109735957813, "dmean": 0.000779173336923, "var": 3.03046772387e-06, "dvar": 1.0059336546e-06, "mean": 0.00356654170901}, "erbbands": {"min": [7.56347403478e-23, 1.50478734097e-21, 1.59806800994e-21, 4.48832966353e-21, 2.37921781874e-20, 3.53442481958e-20, 8.83234248269e-20, 1.17671443993e-19, 1.64039544369e-19, 5.17773911223e-19, 6.28649562421e-19, 7.6323370924e-19, 4.41508892721e-19, 1.28920472184e-18, 1.75167054557e-18, 2.91507443453e-18, 2.80277143148e-18, 3.49197935184e-18, 2.45802674721e-18, 5.64179570768e-18, 5.9400414678e-18, 8.83555618276e-18, 5.44786362665e-18, 3.98705025717e-18, 9.67358030597e-18, 8.73019239788e-18, 1.02004314904e-17, 1.22819636731e-17, 1.03035933205e-17, 1.42590882917e-17, 1.14309594317e-17, 1.33734822581e-17, 1.07471250834e-17, 9.50775458139e-18, 7.17780020842e-18, 4.63948731096e-18, 2.20832635608e-18, 9.47886736645e-19, 2.26547735028e-19, 2.97411141345e-20], "max": [1.54378962517, 12.0862140656, 28.3194351196, 62.0966491699, 138.562438965, 114.288673401, 133.434585571, 277.234802246, 176.100524902, 517.073669434, 458.433929443, 876.423217773, 1023.32312012, 1079.24157715, 713.30480957, 1903.86352539, 1786.8059082, 2430.94970703, 3005.68896484, 1827.01379395, 781.580200195, 627.648132324, 657.527038574, 808.917602539, 584.305908203, 456.465148926, 221.841369629, 265.956695557, 327.933288574, 220.613433838, 155.968200684, 93.1169128418, 79.879447937, 32.7598800659, 17.2546348572, 6.80676031113, 1.25729393959, 0.451429218054, 0.0392495207489, 0.00136739027221], "dvar2": [0.0370729826391, 2.33534145355, 14.0963535309, 69.2623062134, 406.452026367, 52.9529762268, 247.937667847, 724.049743652, 518.030944824, 818.995239258, 911.643249512, 2233.6809082, 3689.18554688, 2459.91967773, 2957.11474609, 7247.85498047, 5615.36816406, 7442.11523438, 12058.9589844, 5422.265625, 2714.41137695, 1936.21435547, 3407.40576172, 2628.71533203, 1054.29162598, 551.735534668, 365.743103027, 292.841827393, 189.192687988, 111.325637817, 41.3447723389, 11.2434253693, 4.39790534973, 1.07945799828, 0.135908186436, 0.0299021862447, 0.00210870383307, 0.000123722915305, 1.44255488976e-06, 6.62500232451e-09], "median": [0.0103278132156, 0.139174595475, 0.533478617668, 0.878979921341, 1.1749638319, 1.93581604958, 2.49694609642, 3.03128957748, 2.97978186607, 3.33070921898, 4.6987528801, 7.53719711304, 9.39404010773, 8.3796453476, 8.03672504425, 11.9954843521, 12.9357271194, 14.6797456741, 13.841424942, 11.0790100098, 10.3573980331, 10.0670394897, 9.34478282928, 8.09838199615, 8.16858959198, 6.09048461914, 4.05521154404, 2.45781850815, 1.47174692154, 0.785966813564, 0.449086934328, 0.241117715836, 0.146872982383, 0.0600459463894, 0.0211285483092, 0.00776726379991, 0.0022395553533, 0.000364577630535, 4.25022371928e-05, 1.77947767952e-05], "dmean2": [0.0844731256366, 0.672479748726, 1.83715796471, 3.63866519928, 7.08667325974, 4.61206626892, 7.38743066788, 11.6124601364, 13.4687919617, 14.3180389404, 13.4411821365, 23.4200820923, 30.399023056, 20.8857192993, 24.0566425323, 33.8052139282, 32.2127189636, 40.1999168396, 43.3398551941, 32.9051933289, 28.6632652283, 24.2766895294, 29.9869594574, 25.0960254669, 16.562494278, 11.3640651703, 9.21061038971, 6.77453184128, 4.73599290848, 3.81839084625, 2.29526114464, 1.26660966873, 0.754474520683, 0.366478919983, 0.127609208226, 0.0558951459825, 0.015119147487, 0.00352038163692, 0.000421652832301, 3.05855792249e-05], "dmean": [0.053353626281, 0.402770906687, 1.04711103439, 2.22470879555, 4.47903299332, 2.77554416656, 4.22896289825, 6.70733833313, 8.18949508667, 8.68181610107, 8.38329696655, 14.3305139542, 18.4670143127, 12.8065690994, 15.041932106, 20.9735469818, 20.1739349365, 25.5968132019, 27.9575691223, 21.0559310913, 17.7369880676, 15.1276254654, 18.2663536072, 15.9445543289, 10.7184085846, 7.60521364212, 6.01713895798, 4.48754167557, 3.22267770767, 2.72877311707, 1.57828783989, 0.924913227558, 0.528301596642, 0.253585457802, 0.0930066183209, 0.0395810976624, 0.0107933273539, 0.00251711625606, 0.000295491772704, 2.14423289435e-05], "var": [0.0179030299187, 0.876981198788, 4.12310791016, 26.194480896, 184.659179688, 30.2322559357, 75.8656311035, 222.120071411, 278.891479492, 410.940124512, 541.440429688, 1495.65368652, 2421.31201172, 1432.68237305, 2103.36962891, 4637.46630859, 4134.45654297, 6575.76318359, 11366.7138672, 4366.32373047, 2362.71679688, 1415.3828125, 1996.78869629, 2287.44018555, 989.654785156, 501.02734375, 269.246612549, 186.934646606, 119.631507874, 94.8776168823, 33.6036300659, 10.8875522614, 4.06310224533, 0.973489522934, 0.131614953279, 0.0210039336234, 0.0014628705103, 7.97719476395e-05, 1.09963434625e-06, 3.61442875629e-09], "dvar": [0.0160681698471, 0.933781504631, 5.11396551132, 28.0964050293, 181.165542603, 20.763633728, 89.3090057373, 262.994903564, 211.382919312, 310.750244141, 370.239685059, 876.996459961, 1427.09936523, 935.388183594, 1195.01452637, 2791.18554688, 2149.86157227, 3088.46069336, 4974.75830078, 2251.78222656, 1135.26391602, 798.182067871, 1352.81286621, 1186.84277344, 475.647857666, 252.969970703, 160.741363525, 125.307426453, 81.7972946167, 54.7575492859, 19.466337204, 5.76375246048, 2.20887541771, 0.5208812356, 0.0716701596975, 0.0139105562121, 0.000979777076282, 5.86359310546e-05, 7.23428456695e-07, 2.80626188953e-09], "mean": [0.06107532233, 0.467718452215, 1.14789557457, 2.42648744583, 4.64269733429, 3.89922738075, 5.04305267334, 7.53679323196, 9.89263439178, 11.3246583939, 12.3857040405, 21.7292098999, 27.6961421967, 19.8814220428, 23.7873954773, 33.8146972656, 34.5015487671, 42.199005127, 47.3760986328, 35.2060813904, 28.2558193207, 23.9186382294, 25.8840084076, 24.4731788635, 19.1083335876, 13.8460063934, 9.97375869751, 7.21862649918, 5.07506132126, 4.06299352646, 2.4014108181, 1.35985195637, 0.782698333263, 0.368304729462, 0.139598071575, 0.0546451061964, 0.0148515710607, 0.00324264355004, 0.000398422707804, 3.67768952856e-05]}, "zerocrossingrate": {"min": 0, "max": 0.5107421875, "dvar2": 0.000155848727445, "median": 0.06201171875, "dmean2": 0.0109707228839, "dmean": 0.00977440178394, "var": 0.00105849921238, "dvar": 0.000131133157993, "mean": 0.0636455193162}, "spectral_contrast_coeffs": {"min": [-0.969822466373, -0.962741374969, -0.977449774742, -0.967009067535, -0.963967502117, -0.962528169155], "max": [-0.297690421343, -0.409487426281, -0.489015609026, -0.529053688049, -0.554465889931, -0.572763442993], "dvar2": [0.00599216343835, 0.004038376268, 0.002807775978, 0.00175959430635, 0.00109094195068, 0.00117197551299], "median": [-0.666980266571, -0.775739789009, -0.79346871376, -0.798595547676, -0.799935400486, -0.736192047596], "dmean2": [0.092035792768, 0.0813470482826, 0.0666131600738, 0.0509238950908, 0.0387526750565, 0.0344613902271], "dmean": [0.056937225163, 0.0493933148682, 0.0411187745631, 0.0317338891327, 0.0240757185966, 0.02186219953], "var": [0.00849192775786, 0.00426150253043, 0.00411066785455, 0.00342867802829, 0.00186612235848, 0.00194174109492], "dvar": [0.00247420766391, 0.00157482828945, 0.00113834731746, 0.000736897694878, 0.000454719382105, 0.000500944850501], "mean": [-0.657406628132, -0.769048929214, -0.785897791386, -0.78896933794, -0.795167505741, -0.739553570747]}, "dissonance": {"min": 0.191187396646, "max": 0.500000178814, "dvar2": 0.00070291722659, "median": 0.48456454277, "dmean2": 0.0240644365549, "dmean": 0.0140734994784, "var": 0.000380383891752, "dvar": 0.000257844134467, "mean": 0.479596763849}, "spectral_energyband_high": {"min": 7.43461614289e-21, "max": 0.0170365367085, "dvar2": 1.27212774714e-06, "median": 0.000239514614805, "dmean2": 0.000512138183694, "dmean": 0.000370842521079, "var": 1.34428512411e-06, "dvar": 6.47095362183e-07, "mean": 0.000675247632898}, "spectral_skewness": {"min": -0.227353677154, "max": 10.0924434662, "dvar2": 0.215205222368, "median": 1.32687985897, "dmean2": 0.402263790369, "dmean": 0.243948191404, "var": 0.372499495745, "dvar": 0.0831511542201, "mean": 1.42312300205}, "spectral_flux": {"min": 6.52765549947e-11, "max": 0.287369459867, "dvar2": 0.00195214594714, "median": 0.0674187168479, "dmean2": 0.0340583845973, "dmean": 0.0229605846107, "var": 0.002118261531, "dvar": 0.000905873312149, "mean": 0.0763166919351}, "silence_rate_30dB": {"min": 1, "max": 1, "dvar2": 0, "median": 1, "dmean2": 0, "dmean": 0, "var": 0, "dvar": 0, "mean": 1}, "spectral_energyband_middle_high": {"min": 1.51335722292e-21, "max": 0.0675627663732, "dvar2": 3.10179857479e-05, "median": 0.00324268150143, "dmean2": 0.00365937524475, "dmean": 0.00247985613532, "var": 5.67058705201e-05, "dvar": 1.42699273056e-05, "mean": 0.00632781721652}, "barkbands_spread": {"min": 0.198511734605, "max": 127.960105896, "dvar2": 129.67930603, "median": 24.7029590607, "dmean2": 10.3404178619, "dmean": 6.62065410614, "var": 158.418121338, "dvar": 54.9968299866, "mean": 25.5398101807}, "spectral_centroid": {"min": 128.714065552, "max": 11526.6328125, "dvar2": 249628.859375, "median": 1726.89465332, "dmean2": 482.480377197, "dmean": 309.641143799, "var": 448502.8125, "dvar": 111848.6875, "mean": 1724.41394043}, "pitch_salience": {"min": 0.0112708527595, "max": 0.944614946842, "dvar2": 0.0171206798404, "median": 0.620640397072, "dmean2": 0.135088607669, "dmean": 0.0815107226372, "var": 0.0169517677277, "dvar": 0.00675867637619, "mean": 0.600081086159}, "erbbands_skewness": {"min": -4.25527191162, "max": 7.78079509735, "dvar2": 0.383279889822, "median": -0.0751674994826, "dmean2": 0.604352653027, "dmean": 0.38779130578, "var": 0.497940510511, "dvar": 0.161273926497, "mean": -0.0728334113955}, "erbbands_crest": {"min": 2.35709142685, "max": 31.8162689209, "dvar2": 14.3997974396, "median": 7.30914449692, "dmean2": 4.1293053627, "dmean": 2.5139529705, "var": 14.536231041, "dvar": 5.8991651535, "mean": 8.16429519653}, "melbands": {"min": [1.18736976871e-24, 1.39043005989e-24, 7.33398461558e-25, 3.76569931741e-24, 4.13443499262e-24, 2.42005328554e-24, 2.3026534279e-24, 6.24482250754e-24, 5.46953119318e-24, 4.79018271983e-24, 2.084015106e-24, 4.48765495711e-24, 4.65886222823e-24, 5.56747616317e-24, 6.92345351189e-24, 5.26539213471e-24, 5.75319768609e-24, 2.8047856794e-24, 6.59790442137e-24, 7.347043419e-24, 6.51131194867e-24, 9.08924272818e-24, 6.17272259295e-24, 3.79236597145e-24, 2.39361954268e-24, 6.28149310115e-24, 5.05101366169e-24, 6.34613670246e-24, 6.612144544e-24, 5.5684945826e-24, 6.54655825391e-24, 4.76238760027e-24, 6.81317391278e-24, 6.38471002857e-24, 5.32776697205e-24, 7.77675488674e-24, 6.65850747712e-24, 6.76931797962e-24, 7.51961068632e-24, 7.84302235822e-24], "max": [0.012658813037, 0.0142648294568, 0.0139081450179, 0.00696218432859, 0.00409746309742, 0.00568041438237, 0.00286378222518, 0.00597851537168, 0.00338081642985, 0.00571589311585, 0.00499815167859, 0.00470957392827, 0.0026187307667, 0.0048644375056, 0.00388977699913, 0.00360126933083, 0.00434479815885, 0.00541087426245, 0.00203511654399, 0.00187390076462, 0.000961063546129, 0.000714714580681, 0.00060894631315, 0.000989305437542, 0.000711499014869, 0.000617667217739, 0.000418993702624, 0.000349385780282, 0.00018697262567, 0.00025129923597, 0.000144430116052, 0.000178594404133, 0.00018594431458, 0.00013433129061, 9.49186069192e-05, 8.13967271824e-05, 5.7645720517e-05, 6.93380425218e-05, 3.16363039019e-05, 2.78484876617e-05], "dvar2": [2.97888573186e-06, 3.44697014043e-06, 4.18944227931e-06, 7.22470019809e-07, 2.02598357646e-07, 3.5433961898e-07, 1.23164767274e-07, 9.22503886613e-08, 5.87817083897e-08, 1.16495641578e-07, 9.49794483063e-08, 4.43846772669e-08, 3.5899294204e-08, 5.98856715328e-08, 3.6621113253e-08, 3.75796034291e-08, 2.94718969229e-08, 3.89592500483e-08, 1.57079877994e-08, 7.84945619614e-09, 4.5488466327e-09, 2.70766897792e-09, 2.69324162971e-09, 3.79243703108e-09, 2.0103934073e-09, 9.67755320325e-10, 4.78851236441e-10, 2.43620096319e-10, 1.55894713805e-10, 1.59973229108e-10, 9.37846328375e-11, 6.34018670898e-11, 7.37365654646e-11, 3.16912433795e-11, 1.70176598507e-11, 1.01463811311e-11, 3.36317193712e-12, 2.64414987301e-12, 1.5885423402e-12, 6.51252706277e-13], "median": [0.000135934416903, 0.000297219783533, 0.000178544025403, 0.000119527743664, 9.63828206295e-05, 6.93669207976e-05, 4.63826581836e-05, 3.63908475265e-05, 3.66399763152e-05, 4.77409921587e-05, 4.529769285e-05, 3.13154414471e-05, 2.41569778154e-05, 2.62724024651e-05, 3.09944371111e-05, 2.61536079051e-05, 2.48284359259e-05, 2.12418708543e-05, 1.51776830535e-05, 1.26597105918e-05, 1.07871364889e-05, 9.99378607958e-06, 8.14138093119e-06, 7.82905590313e-06, 5.90576200921e-06, 5.81577296543e-06, 5.08913217345e-06, 3.50883283318e-06, 2.43762133323e-06, 1.92774655261e-06, 1.14204965485e-06, 8.22370679998e-07, 5.66426763271e-07, 3.59115432502e-07, 2.66212566657e-07, 1.68600152506e-07, 1.30225487283e-07, 1.0770030201e-07, 7.11693672883e-08, 4.24951593914e-08], "dmean2": [0.000756240915507, 0.000887402624357, 0.000794082181528, 0.000388763233786, 0.000232439153478, 0.000258015585132, 0.000207764649531, 0.000151170577738, 0.000108157546492, 0.000173284453922, 0.000155196481501, 8.72851378517e-05, 8.0966616224e-05, 9.71975969151e-05, 8.20461136755e-05, 8.20137720439e-05, 7.8074313933e-05, 7.68349054852e-05, 5.54139405722e-05, 4.14801506849e-05, 3.61133279512e-05, 2.73760688287e-05, 2.74284957413e-05, 2.97366495943e-05, 2.13096063817e-05, 1.46984721141e-05, 1.07160476546e-05, 7.53080439608e-06, 6.32719093119e-06, 5.442271231e-06, 3.70482302969e-06, 2.86554882223e-06, 2.83937379209e-06, 2.00970885089e-06, 1.49821835294e-06, 1.07391213078e-06, 7.15991518518e-07, 5.7294846556e-07, 4.54286777085e-07, 2.7169616601e-07], "dmean": [0.000474163825857, 0.000521804671735, 0.000496644701343, 0.000243117625359, 0.000135123700602, 0.000148531704326, 0.000126253478811, 9.22437830013e-05, 6.79510412738e-05, 0.000104805520095, 9.40163154155e-05, 5.34333266842e-05, 5.04337549501e-05, 5.97920698056e-05, 5.13140803378e-05, 5.09292513016e-05, 4.96641732752e-05, 4.90905767947e-05, 3.54479670932e-05, 2.60134493146e-05, 2.20155397983e-05, 1.69433533301e-05, 1.6693953512e-05, 1.79561502591e-05, 1.33910752993e-05, 9.37936965784e-06, 6.8023705353e-06, 5.00517899127e-06, 4.06302115152e-06, 3.45280454894e-06, 2.46027843787e-06, 1.8625296434e-06, 1.95947541215e-06, 1.39850158121e-06, 9.7137535704e-07, 7.46588511902e-07, 5.08994446591e-07, 3.99218407665e-07, 3.07088527052e-07, 1.83655600949e-07], "var": [1.37493009333e-06, 1.15109776289e-06, 1.7193505073e-06, 3.62371309848e-07, 7.19410593319e-08, 1.07426174623e-07, 6.40970725385e-08, 4.88131313148e-08, 3.62222465355e-08, 7.31325613401e-08, 6.15769764067e-08, 2.52227341235e-08, 2.36348114413e-08, 3.72745851962e-08, 2.45715021663e-08, 2.76921916509e-08, 2.36660255837e-08, 3.58528886579e-08, 1.23378498529e-08, 5.93118931747e-09, 3.32988325802e-09, 1.80119730242e-09, 1.46835954506e-09, 2.20137641449e-09, 1.63157787281e-09, 8.0329909391e-10, 3.47769535392e-10, 2.11447998e-10, 1.15841933268e-10, 9.4984659027e-11, 5.49651157922e-11, 3.68975787424e-11, 4.55186825732e-11, 2.57227954215e-11, 1.2370835259e-11, 7.27288368418e-12, 3.24318133113e-12, 2.36265802929e-12, 1.21630960512e-12, 5.82189569991e-13], "dvar": [1.26956649638e-06, 1.31118702029e-06, 1.78029540621e-06, 3.2028239616e-07, 7.44096695371e-08, 1.28508460762e-07, 4.93433027771e-08, 3.56269218571e-08, 2.41052333649e-08, 4.48376518136e-08, 3.66930841267e-08, 1.68913363296e-08, 1.42514178236e-08, 2.3013726036e-08, 1.42934037939e-08, 1.47356447044e-08, 1.22702950023e-08, 1.60023532203e-08, 6.65908439501e-09, 3.28727933763e-09, 1.84963644401e-09, 1.10339015702e-09, 1.06480901874e-09, 1.52042534118e-09, 8.94823493081e-10, 4.13892697892e-10, 2.05556779931e-10, 1.10608439075e-10, 6.93658325224e-11, 6.60806756536e-11, 3.95219967864e-11, 2.66015976608e-11, 3.25953743163e-11, 1.52508370516e-11, 7.63983147578e-12, 4.63859940042e-12, 1.72580808151e-12, 1.32706183282e-12, 7.29281815059e-13, 3.12142970976e-13], "mean": [0.000575928715989, 0.000618289748672, 0.000530706834979, 0.00030020927079, 0.000176615998498, 0.000167526435689, 0.000152190026711, 0.000122734098113, 9.99054755084e-05, 0.000151650849148, 0.000138102855999, 7.91357379057e-05, 7.48742750147e-05, 8.89278380782e-05, 8.232719847e-05, 8.00525740488e-05, 7.58276510169e-05, 7.82757633715e-05, 5.51148987142e-05, 3.99947093683e-05, 3.15608485835e-05, 2.50701523328e-05, 2.24414943659e-05, 2.4188289899e-05, 1.93411397049e-05, 1.55473608174e-05, 1.13573605631e-05, 8.5821338871e-06, 6.37331959297e-06, 5.30942043042e-06, 3.68691735275e-06, 2.79431560557e-06, 2.76544210465e-06, 2.01583657145e-06, 1.44666000779e-06, 1.02830711057e-06, 7.47729586692e-07, 5.72864394144e-07, 4.27961595051e-07, 2.67402157306e-07]}, "spectral_entropy": {"min": 4.27060508728, "max": 9.80488586426, "dvar2": 0.060647521168, "median": 7.72474241257, "dmean2": 0.219121083617, "dmean": 0.147866517305, "var": 0.139802321792, "dvar": 0.0298345480114, "mean": 7.68749094009}, "spectral_rolloff": {"min": 21.533203125, "max": 19552.1484375, "dvar2": 1290027.125, "median": 1701.12304688, "dmean2": 880.729431152, "dmean": 537.302612305, "var": 1520043.5, "dvar": 581475.5, "mean": 1801.71203613}, "barkbands": {"min": [6.71263437927e-26, 4.85418694938e-24, 1.40977292929e-24, 9.28479621899e-25, 1.16279091394e-23, 1.13169196602e-23, 1.02144597239e-23, 2.81417071814e-23, 3.46029639335e-23, 1.34988647478e-23, 3.44695801762e-23, 5.54961879775e-23, 6.17293945082e-23, 4.98001105262e-23, 7.34295396407e-23, 1.11497701318e-22, 1.64173515922e-22, 8.21636182567e-23, 1.89557381156e-22, 1.91653365648e-22, 3.42140839062e-22, 2.88849511004e-22, 4.22277318295e-22, 6.44074460149e-22, 9.52194643999e-22, 1.3885379707e-21, 1.91704014305e-21], "max": [0.00493814842775, 0.0484625175595, 0.0241447463632, 0.0382616296411, 0.0304690040648, 0.0246008560061, 0.0196731425822, 0.0214126016945, 0.0305453799665, 0.0282699763775, 0.0175697356462, 0.0388899296522, 0.0336139500141, 0.0433693081141, 0.0470417030156, 0.0190641861409, 0.0119301686063, 0.0141023397446, 0.0136729599908, 0.0083506917581, 0.00660002697259, 0.00893024541438, 0.00562808196992, 0.00466564018279, 0.00255541270599, 0.0010447720997, 0.000257458188571], "dvar2": [1.07704877905e-07, 3.91009089071e-05, 1.04211849248e-05, 2.95227910101e-05, 9.22244180401e-06, 1.03224147097e-05, 3.09434699375e-06, 1.99880878426e-06, 5.38794392924e-06, 2.78139577858e-06, 1.78756079094e-06, 4.17586852564e-06, 3.26537656292e-06, 3.36254515787e-06, 3.55521615347e-06, 1.08364633888e-06, 8.24649646347e-07, 1.38276141115e-06, 6.12367671238e-07, 2.45022363288e-07, 2.00638766046e-07, 1.45170830024e-07, 5.69554643448e-08, 1.71812040151e-08, 4.75012429391e-09, 1.0986086485e-09, 5.14308387545e-11], "median": [0.00021739899239, 0.000554131809622, 0.000427267135819, 0.000250951939961, 0.000582755950745, 0.000367699190974, 0.000204566778848, 0.000164180120919, 0.000353848532541, 0.000252301630098, 0.000155811212608, 0.000272995879641, 0.000256428291323, 0.000281571090454, 0.000211082980968, 0.000181594441528, 0.000168560829479, 0.000166343321325, 0.000153291970491, 0.000131111359224, 8.21698995424e-05, 3.69353292626e-05, 1.68419883266e-05, 1.0040320376e-05, 4.08431515098e-06, 1.40371196267e-06, 1.87103751159e-07], "dmean2": [0.000225236391998, 0.00278027565219, 0.00167535641231, 0.00187694677152, 0.00151365261991, 0.00137215689756, 0.00101713824552, 0.000681716075633, 0.00124291947577, 0.000758622889407, 0.000574281148147, 0.000860919652041, 0.000798924535047, 0.000852556957398, 0.000801787420642, 0.000549403659534, 0.000479544571135, 0.000595693592913, 0.000389963446651, 0.000246292416705, 0.000201232949621, 0.000131818640511, 8.12285361462e-05, 5.02932125528e-05, 2.43952381425e-05, 1.05509707282e-05, 2.38760389948e-06], "dmean": [0.000166504498338, 0.00172410462983, 0.000952968082856, 0.00117432733532, 0.000940880156122, 0.000781187787652, 0.000611672236118, 0.000414575013565, 0.000749837316107, 0.000464110024041, 0.000356806005584, 0.000530569581315, 0.000494968902785, 0.000544606242329, 0.000514357408974, 0.000341093633324, 0.000294834433589, 0.000361674814485, 0.000250957527896, 0.000161051866598, 0.000131851382321, 9.2315414804e-05, 5.75515732635e-05, 3.68377295672e-05, 1.74756623892e-05, 7.44417320675e-06, 1.70016812717e-06], "var": [1.22083932297e-07, 1.74504730239e-05, 3.31165620082e-06, 1.15627181003e-05, 4.72125475426e-06, 2.91592323265e-06, 1.46662318912e-06, 1.09789448288e-06, 3.36078664986e-06, 1.66789482137e-06, 1.14819749797e-06, 2.79924847746e-06, 2.36812456933e-06, 2.78557081401e-06, 3.0174510357e-06, 9.18969874419e-07, 5.20867388332e-07, 8.31733927953e-07, 5.75323781504e-07, 2.12485502971e-07, 1.38928328397e-07, 9.86737944686e-08, 4.84719571148e-08, 1.75187704343e-08, 4.58908333556e-09, 6.70014599358e-10, 3.64561748845e-11], "dvar": [5.34360822257e-08, 1.64846569533e-05, 3.78240747523e-06, 1.23735344459e-05, 4.03417152484e-06, 3.69089025298e-06, 1.18203320199e-06, 7.99615008873e-07, 2.06950744541e-06, 1.07464109078e-06, 7.09446737801e-07, 1.62630806244e-06, 1.26205623019e-06, 1.39682049394e-06, 1.49045706621e-06, 4.61210589719e-07, 3.35590215172e-07, 5.57443740945e-07, 2.77950277905e-07, 1.11094742294e-07, 8.6848309877e-08, 6.47957918432e-08, 2.74899392139e-08, 8.98739038746e-09, 2.41493824937e-09, 4.8646736639e-10, 2.52016844893e-11], "mean": [0.000319663668051, 0.00208332994953, 0.00103705993388, 0.00113950949162, 0.00124298676383, 0.000863689172547, 0.000717397546396, 0.000544458744116, 0.00107925350312, 0.000669991655741, 0.000504864088725, 0.000824243470561, 0.000771992374212, 0.000843114801683, 0.000808125711046, 0.000526088871993, 0.000428141327575, 0.000496916356497, 0.000415509828599, 0.000289917807095, 0.000215446620132, 0.000141408920172, 8.94590993994e-05, 5.40245237062e-05, 2.59225344053e-05, 9.76046339929e-06, 2.21266918743e-06]}, "melbands_flatness_db": {"min": 0.00284560024738, "max": 0.677200973034, "dvar2": 0.00290112197399, "median": 0.15394037962, "dmean2": 0.0478172972798, "dmean": 0.0311818420887, "var": 0.00569838006049, "dvar": 0.00129141588695, "mean": 0.171517521143}, "melbands_skewness": {"min": -2.41757488251, "max": 32.9633750916, "dvar2": 2.88971447945, "median": 1.48522162437, "dmean2": 1.21897435188, "dmean": 0.780751228333, "var": 3.91724085808, "dvar": 1.26306796074, "mean": 1.8743005991}, "barkbands_skewness": {"min": -3.88601183891, "max": 40.2164077759, "dvar2": 2.39273834229, "median": 0.65506285429, "dmean2": 0.972356677055, "dmean": 0.628832399845, "var": 3.35050368309, "dvar": 1.05926167965, "mean": 0.928629815578}, "silence_rate_60dB": {"min": 0, "max": 1, "dvar2": 0.10338550061, "median": 0, "dmean2": 0.0987767726183, "dmean": 0.0493855513632, "var": 0.101893104613, "dvar": 0.0469490848482, "mean": 0.115130633116}, "spectral_energyband_low": {"min": 1.76925850041e-23, "max": 0.0585889779031, "dvar2": 6.08018599451e-05, "median": 0.00194247206673, "dmean2": 0.00424194196239, "dmean": 0.00265022437088, "var": 3.04448240058e-05, "dvar": 2.62601552095e-05, "mean": 0.0036543100141}, "spectral_energyband_middle_low": {"min": 2.27801168514e-22, "max": 0.0867581441998, "dvar2": 0.00015316378267, "median": 0.00334739917889, "dmean2": 0.00547973299399, "dmean": 0.00354067841545, "var": 7.52633204684e-05, "dvar": 6.34811221971e-05, "mean": 0.00581856397912}, "melbands_kurtosis": {"min": -1.87922334671, "max": 1352.75402832, "dvar2": 1387.74438477, "median": 2.31042528152, "dmean2": 10.8162221909, "dmean": 6.64261627197, "var": 1017.84106445, "dvar": 580.913085938, "mean": 8.98003292084}, "spectral_decrease": {"min": -2.84211107981e-08, "max": 1.08099823699e-28, "dvar2": 1.71154455172e-17, "median": -2.64303667841e-09, "dmean2": 2.51940290852e-09, "dmean": 1.71169733942e-09, "var": 1.39136957182e-17, "dvar": 7.70656135293e-18, "mean": -3.84759024641e-09}, "erbbands_kurtosis": {"min": -1.83019351959, "max": 96.7907485962, "dvar2": 6.57316827774, "median": -0.00932121276855, "dmean2": 1.67295324802, "dmean": 1.02621769905, "var": 5.4093837738, "dvar": 2.77147507668, "mean": 0.629395842552}, "melbands_crest": {"min": 1.73939752579, "max": 39.7589836121, "dvar2": 31.3220901489, "median": 11.1440124512, "dmean2": 6.35274934769, "dmean": 3.91072058678, "var": 36.6030082703, "dvar": 13.1803159714, "mean": 12.5500507355}, "gfcc": {"cov": [[9869.13183594, -1489.10461426, -874.034423828, 122.5727005, -847.34173584, 109.248077393, -441.676635742, 88.1720809937, -250.0625, 70.7832336426, -313.810882568, -66.5983200073, -175.59967041], [-1489.10461426, 1293.71740723, 145.358047485, -43.6800041199, 298.799957275, -83.832649231, 214.510101318, -56.963722229, 66.7717437744, -74.9640884399, 81.6294021606, -34.7780952454, 74.8772277832], [-874.034423828, 145.358047485, 839.211791992, 178.342895508, 119.320175171, 27.372297287, -11.3600912094, 26.9580764771, 30.9030780792, 16.4760723114, -28.7825622559, 38.0664176941, -27.1919670105], [122.5727005, -43.6800041199, 178.342895508, 438.508483887, 208.412139893, 65.8171539307, 18.0333614349, 21.9394874573, 29.632850647, 28.0875759125, 22.2090263367, 24.6954097748, -0.923784017563], [-847.34173584, 298.799957275, 119.320175171, 208.412139893, 496.560577393, 107.103797913, 123.592399597, 40.9358940125, 42.4470214844, 11.1889591217, 64.8704528809, 2.83307719231, 21.2382774353], [109.248077393, -83.832649231, 27.372297287, 65.8171539307, 107.103797913, 204.26725769, 93.2389984131, 54.8023109436, 2.17492485046, 25.7783584595, 29.9223766327, 6.50724458694, 6.38122415543], [-441.676635742, 214.510101318, -11.3600912094, 18.0333614349, 123.592399597, 93.2389984131, 215.476089478, 55.1616210938, 17.4331989288, -4.61409330368, 46.6499099731, 3.21715569496, 27.4083881378], [88.1720809937, -56.963722229, 26.9580764771, 21.9394874573, 40.9358940125, 54.8023109436, 55.1616210938, 158.908966064, 56.1189804077, 23.2932376862, 21.9158535004, 0.0525861233473, 10.1454963684], [-250.0625, 66.7717437744, 30.9030780792, 29.632850647, 42.4470214844, 2.17492485046, 17.4331989288, 56.1189804077, 127.131660461, 46.5370483398, 32.8775367737, 4.64076042175, 13.6843471527], [70.7832336426, -74.9640884399, 16.4760723114, 28.0875759125, 11.1889591217, 25.7783584595, -4.61409330368, 23.2932376862, 46.5370483398, 104.476051331, 33.4756965637, 16.9885482788, -3.26138973236], [-313.810882568, 81.6294021606, -28.7825622559, 22.2090263367, 64.8704528809, 29.9223766327, 46.6499099731, 21.9158535004, 32.8775367737, 33.4756965637, 116.787971497, 25.7147960663, 19.6901760101], [-66.5983200073, -34.7780952454, 38.0664176941, 24.6954097748, 2.83307719231, 6.50724458694, 3.21715569496, 0.0525861233473, 4.64076042175, 16.9885482788, 25.7147960663, 69.5663223267, 22.0039558411], [-175.59967041, 74.8772277832, -27.1919670105, -0.923784017563, 21.2382774353, 6.38122415543, 27.4083881378, 10.1454963684, 13.6843471527, -3.26138973236, 19.6901760101, 22.0039558411, 72.0413589478]], "icov": [[0.000226955540711, -0.000154031295097, 0.000353616604116, -0.000382381724194, 0.000444434990641, -0.000493641477078, 0.000545858580153, -0.000554054393433, 0.000504589639604, -0.00035904487595, 0.000578772684094, -0.000206252574571, 0.000417626433773], [-0.000154031295097, 0.00206313584931, -0.000852472323459, 0.000885983114131, -0.0013126602862, 0.00211377185769, -0.00248037138954, 0.00196898682043, -0.00148743856698, 0.00133118208032, -0.00150534976274, 0.00190186453983, -0.00179073074833], [0.000353616604116, -0.000852472323459, 0.00218810932711, -0.0011838854989, 0.000718062918168, -0.0013520658249, 0.00161757902242, -0.00154758919962, 0.000760987051763, -0.000800032925326, 0.00204268819652, -0.00207254569978, 0.00196324451827], [-0.000382381724194, 0.000885983114131, -0.0011838854989, 0.00403390498832, -0.00236151297577, 0.000836684601381, -0.000961768208072, 0.00145710306242, -0.0014695841819, 0.000670878682286, -0.00112825084943, -2.96227826766e-05, -0.000838314706925], [0.000444434990641, -0.0013126602862, 0.000718062918168, -0.00236151297577, 0.00464581279084, -0.00259390752763, 0.00095897144638, -0.0015357673401, 0.00100664573256, -0.000741137715522, 0.000514966726769, -0.000197960689547, 0.00109491578769], [-0.000493641477078, 0.00211377185769, -0.0013520658249, 0.000836684601381, -0.00259390752763, 0.0100436294451, -0.00559842539951, 0.000782754970714, 9.13829280762e-05, -0.00047327336506, -0.00234201923013, 0.00207069260068, -0.00203619035892], [0.000545858580153, -0.00248037138954, 0.00161757902242, -0.000961768208072, 0.00095897144638, -0.00559842539951, 0.0108964089304, -0.00437613623217, 0.00227262731642, -0.000335873191943, 0.000864431029186, -0.00202212296426, 0.0011251126416], [-0.000554054393433, 0.00196898682043, -0.00154758919962, 0.00145710306242, -0.0015357673401, 0.000782754970714, -0.00437613623217, 0.0112913781777, -0.00585535587743, 0.00173349585384, -0.00223225541413, 0.00254363776185, -0.00248035206459], [0.000504589639604, -0.00148743856698, 0.000760987051763, -0.0014695841819, 0.00100664573256, 9.13829280762e-05, 0.00227262731642, -0.00585535587743, 0.0139676071703, -0.00624907342717, 0.000335242337314, 0.000297449703794, -0.000419123127358], [-0.00035904487595, 0.00133118208032, -0.000800032925326, 0.000670878682286, -0.000741137715522, -0.00047327336506, -0.000335873191943, 0.00173349585384, -0.00624907342717, 0.0149165159091, -0.00426879106089, -0.0013662542915, 0.00103829684667], [0.000578772684094, -0.00150534976274, 0.00204268819652, -0.00112825084943, 0.000514966726769, -0.00234201923013, 0.000864431029186, -0.00223225541413, 0.000335242337314, -0.00426879106089, 0.014394717291, -0.00545106455684, 0.00124670704827], [-0.000206252574571, 0.00190186453983, -0.00207254569978, -2.96227826766e-05, -0.000197960689547, 0.00207069260068, -0.00202212296426, 0.00254363776185, 0.000297449703794, -0.0013662542915, -0.00545106455684, 0.0210484471172, -0.00803349260241], [0.000417626433773, -0.00179073074833, 0.00196324451827, -0.000838314706925, 0.00109491578769, -0.00203619035892, 0.0011251126416, -0.00248035206459, -0.000419123127358, 0.00103829684667, 0.00124670704827, -0.00803349260241, 0.0195087753236]], "mean": [-34.3618736267, 92.6227722168, -142.971038818, 32.827545166, -48.9365768433, 10.1019306183, -29.6594524384, 1.80524659157, -21.5411186218, 0.64819586277, -12.8725605011, -3.47863674164, -9.9704875946]}, "melbands_spread": {"min": 0.298376768827, "max": 235.713821411, "dvar2": 389.841339111, "median": 30.945930481, "dmean2": 16.3225669861, "dmean": 10.2751750946, "var": 430.609588623, "dvar": 167.813461304, "mean": 33.3793144226}, "spectral_energy": {"min": 1.04185013738e-20, "max": 0.116988711059, "dvar2": 0.000278517749393, "median": 0.0110672535375, "dmean2": 0.0101846037433, "dmean": 0.00699320295826, "var": 0.000244352704613, "dvar": 0.000126892875414, "mean": 0.0161444582045}, "mfcc": {"cov": [[9117.36425781, -1261.75109863, -605.576904297, -296.554779053, -506.196685791, -237.25213623, -332.33102417, -177.837036133, -135.13609314, 10.4734373093, -143.608230591, -153.753509521, -129.978302002], [-1261.75109863, 1128.79138184, -31.7618503571, 68.4967803955, 32.4832115173, 25.5552482605, 103.096702576, 34.2737541199, 36.5399551392, -16.1380119324, 7.73900032043, -9.83559417725, -16.059967041], [-605.576904297, -31.7618503571, 665.219604492, 96.0486755371, 65.9805984497, 10.607591629, -53.1375846863, 6.11661338806, 13.6499471664, -13.7779912949, -6.61506986618, 14.8986120224, 8.5635137558], [-296.554779053, 68.4967803955, 96.0486755371, 371.285064697, 189.44052124, 87.6677474976, 35.3932952881, 31.2974224091, 26.7308330536, -4.69955444336, 20.0929069519, 19.0682048798, 16.8998947144], [-506.196685791, 32.4832115173, 65.9805984497, 189.44052124, 339.662536621, 97.6031570435, 67.045211792, 42.690788269, 38.2084999084, 23.0393695831, 35.9102020264, 38.3413314819, 25.0961227417], [-237.25213623, 25.5552482605, 10.607591629, 87.6677474976, 97.6031570435, 196.41973877, 96.7329330444, 29.4207782745, 14.643406868, 4.21986675262, 18.5621471405, 13.2134904861, 17.775812149], [-332.33102417, 103.096702576, -53.1375846863, 35.3932952881, 67.045211792, 96.7329330444, 225.696075439, 91.0889434814, 25.0467128754, 20.4054698944, 36.4229736328, 8.87778663635, -0.308045446873], [-177.837036133, 34.2737541199, 6.11661338806, 31.2974224091, 42.690788269, 29.4207782745, 91.0889434814, 124.374465942, 47.9509391785, 18.8216381073, 26.557477951, 7.36678171158, -0.753375768661], [-135.13609314, 36.5399551392, 13.6499471664, 26.7308330536, 38.2084999084, 14.643406868, 25.0467128754, 47.9509391785, 101.014083862, 42.5393943787, 17.0304031372, 10.5290794373, 1.72676444054], [10.4734373093, -16.1380119324, -13.7779912949, -4.69955444336, 23.0393695831, 4.21986675262, 20.4054698944, 18.8216381073, 42.5393943787, 99.8773574829, 43.3546485901, 16.0772857666, 9.29025650024], [-143.608230591, 7.73900032043, -6.61506986618, 20.0929069519, 35.9102020264, 18.5621471405, 36.4229736328, 26.557477951, 17.0304031372, 43.3546485901, 90.85887146, 44.7133674622, 16.9934177399], [-153.753509521, -9.83559417725, 14.8986120224, 19.0682048798, 38.3413314819, 13.2134904861, 8.87778663635, 7.36678171158, 10.5290794373, 16.0772857666, 44.7133674622, 84.7227554321, 38.7418212891], [-129.978302002, -16.059967041, 8.5635137558, 16.8998947144, 25.0961227417, 17.775812149, -0.308045446873, -0.753375768661, 1.72676444054, 9.29025650024, 16.9934177399, 38.7418212891, 75.8400192261]], "icov": [[0.000163872420671, 0.000171231527929, 0.000153592452989, -7.24645142327e-05, 0.000173356253072, 5.41345707461e-06, 0.00014055671636, -1.03167976704e-05, 9.77426170721e-05, -0.000171842169948, 0.00014232454123, 6.11981740803e-05, 0.000213423991227], [0.000171231527929, 0.00114350870717, 0.000189345781109, -0.000262413814198, 0.000228565608268, 0.000211187187233, -0.000448141625384, 0.000303841428831, -0.000434583838796, 0.000281071406789, -1.68504629983e-05, 0.000218254557694, 0.000316522666253], [0.000153592452989, 0.000189345781109, 0.00178798381239, -0.000393880647607, -1.33058429128e-05, -0.000125039878185, 0.000809209072031, -0.00043031014502, -2.92720778816e-05, 5.11417492817e-05, 0.000330048264004, -0.000250869314186, 0.000270533986622], [-7.24645142327e-05, -0.000262413814198, -0.000393880647607, 0.00411505717784, -0.0020486745052, -0.000960445904639, 0.000478093017591, -0.000338729500072, -0.000435867463239, 0.00102067110129, -0.000654840900097, 0.000388726650272, -0.000317606463796], [0.000173356253072, 0.000228565608268, -1.33058429128e-05, -0.0020486745052, 0.0049244123511, -0.00105854868889, -0.000330274371663, -0.000178245463758, -0.000432653294411, -0.00077661650721, 0.000149807645357, -0.00111387122888, 5.94174525759e-05], [5.41345707461e-06, 0.000211187187233, -0.000125039878185, -0.000960445904639, -0.00105854868889, 0.00769933499396, -0.00353089370765, 0.00145934999455, -0.000640294805635, 0.000741611002013, -0.000175143708475, 0.000493197119795, -0.0014610014623], [0.00014055671636, -0.000448141625384, 0.000809209072031, 0.000478093017591, -0.000330274371663, -0.00353089370765, 0.00894481502473, -0.00577507354319, 0.00179182342254, -0.000911149720196, -0.00104900787119, 0.000244103721343, 0.00104510085657], [-1.03167976704e-05, 0.000303841428831, -0.00043031014502, -0.000338729500072, -0.000178245463758, 0.00145934999455, -0.00577507354319, 0.0144999632612, -0.00606137700379, 0.00186856579967, -0.00242165150121, 0.00108597020153, -9.47778753471e-05], [9.77426170721e-05, -0.000434583838796, -2.92720778816e-05, -0.000435867463239, -0.000432653294411, -0.000640294805635, 0.00179182342254, -0.00606137700379, 0.015577621758, -0.00678990874439, 0.00256457692012, -0.00167213869281, 0.00117284827866], [-0.000171842169948, 0.000281071406789, 5.11417492817e-05, 0.00102067110129, -0.00077661650721, 0.000741611002013, -0.000911149720196, 0.00186856579967, -0.00678990874439, 0.0161782838404, -0.00781330186874, 0.00228658108972, -0.00161474116612], [0.00014232454123, -1.68504629983e-05, 0.000330048264004, -0.000654840900097, 0.000149807645357, -0.000175143708475, -0.00104900787119, -0.00242165150121, 0.00256457692012, -0.00781330186874, 0.0201725456864, -0.00958165153861, 0.00158549961634], [6.11981740803e-05, 0.000218254557694, -0.000250869314186, 0.000388726650272, -0.00111387122888, 0.000493197119795, 0.000244103721343, 0.00108597020153, -0.00167213869281, 0.00228658108972, -0.00958165153861, 0.020876031369, -0.00840172916651], [0.000213423991227, 0.000316522666253, 0.000270533986622, -0.000317606463796, 5.94174525759e-05, -0.0014610014623, 0.00104510085657, -9.47778753471e-05, 0.00117284827866, -0.00161474116612, 0.00158549961634, -0.00840172916651, 0.0180925037712]], "mean": [-666.008728027, 118.692298889, -26.525560379, 24.3960838318, 0.25524109602, 10.3010196686, 2.61968994141, 2.23000073433, -2.05362057686, 2.8246088028, -0.0580187141895, -0.784936547279, -3.02549362183]}, "spectral_contrast_valleys": {"min": [-28.0548915863, -27.7865333557, -27.7412815094, -27.5363540649, -27.4899368286, -27.3473930359], "max": [-5.42952346802, -4.59459066391, -4.99786138535, -5.18607759476, -5.24806022644, -7.7949590683], "dvar2": [0.43818372488, 0.49065515399, 0.390130460262, 0.407520383596, 0.459705203772, 0.690610468388], "median": [-7.6710600853, -6.91483545303, -7.10036802292, -7.3138551712, -7.31442975998, -10.5898132324], "dmean2": [0.766526937485, 0.752690792084, 0.629565954208, 0.573025107384, 0.547243595123, 0.624098837376], "dmean": [0.489322245121, 0.485110521317, 0.409800052643, 0.380699574947, 0.384927719831, 0.471593618393], "var": [1.46515488625, 1.32396769524, 1.2942661047, 1.23218345642, 1.41365170479, 1.76922225952], "dvar": [0.220997780561, 0.244538709521, 0.192248925567, 0.201040372252, 0.232835844159, 0.352168112993], "mean": [-7.92149734497, -7.05078125, -7.29654741287, -7.43994569778, -7.486784935, -10.6957740784]}, "barkbands_flatness_db": {"min": 0.0226994790137, "max": 0.521415770054, "dvar2": 0.00186182488687, "median": 0.105656929314, "dmean2": 0.0373954437673, "dmean": 0.024255272001, "var": 0.00347775453702, "dvar": 0.000823178794235, "mean": 0.117277674377}, "dynamic_complexity": 4.0001950264, "erbbands_flatness_db": {"min": 0.0349179729819, "max": 0.417520910501, "dvar2": 0.000824937422294, "median": 0.167396306992, "dmean2": 0.0280434172601, "dmean": 0.0190879665315, "var": 0.0020960685797, "dvar": 0.000418035138864, "mean": 0.171779572964}, "hfc": {"min": 1.06021472881e-16, "max":