{"lowlevel": {"spectral_complexity": {"min": 0, "max": 62, "dvar2": 54.8812408447, "median": 19, "dmean2": 6.74750995636, "dmean": 4.99371051788, "var": 248.702270508, "dvar": 34.86120224, "mean": 21.8434925079}, "silence_rate_20dB": {"min": 1, "max": 1, "dvar2": 0, "median": 1, "dmean2": 0, "dmean": 0, "var": 0, "dvar": 0, "mean": 1}, "average_loudness": 0.896420538425, "erbbands_spread": {"min": 3.26895499229, "max": 126.205917358, "dvar2": 230.901260376, "median": 31.2791461945, "dmean2": 13.1051263809, "dmean": 8.58247852325, "var": 304.37411499, "dvar": 104.062194824, "mean": 34.7407302856}, "spectral_kurtosis": {"min": -1.24214339256, "max": 47.2776870728, "dvar2": 7.66730928421, "median": 4.79180049896, "dmean2": 2.06036520004, "dmean": 1.28480696678, "var": 9.72449207306, "dvar": 3.22726774216, "mean": 5.1473903656}, "barkbands_kurtosis": {"min": -1.88373184204, "max": 233.669403076, "dvar2": 616.10546875, "median": 0.357466220856, "dmean2": 8.16035270691, "dmean": 4.75751066208, "var": 251.82824707, "dvar": 199.375701904, "mean": 4.47746610641}, "spectral_strongpeak": {"min": 0, "max": 11.6703586578, "dvar2": 1.67890131474, "median": 0.374055713415, "dmean2": 0.798619627953, "dmean": 0.474185854197, "var": 1.08948421478, "dvar": 0.685480773449, "mean": 0.708715438843}, "spectral_spread": {"min": 1471581, "max": 41833252, "dvar2": 1190078054400.0, "median": 4203818, "dmean2": 746747.375, "dmean": 501590.40625, "var": 5331482574850.0, "dvar": 621471662080, "mean": 4604349.5}, "spectral_rms": {"min": 3.16325633222e-12, "max": 0.0100268898532, "dvar2": 1.35128993861e-06, "median": 0.00397062720731, "dmean2": 0.0011404203251, "dmean": 0.000883933214936, "var": 5.43573469258e-06, "dvar": 8.92470609415e-07, "mean": 0.00407033739612}, "erbbands": {"min": [2.37981109263e-22, 1.8080968617e-21, 1.35457085706e-21, 8.16326532732e-21, 2.67057215623e-20, 6.75661997719e-20, 8.06487590931e-20, 1.49156406724e-19, 2.54772042257e-19, 2.40397142475e-19, 1.89757041977e-19, 7.92399735747e-19, 6.57570226479e-19, 9.74430445514e-19, 1.3397865061e-18, 1.80290073604e-18, 1.45047278464e-18, 3.0352695678e-18, 3.20553084162e-18, 4.63121881356e-18, 5.42165440894e-18, 5.19378848406e-18, 7.73467970349e-18, 8.10158228163e-18, 8.18776953838e-18, 1.01911223998e-17, 1.0051881433e-17, 1.18298102067e-17, 1.0640403068e-17, 1.02607825879e-17, 1.2910384365e-17, 1.17932877011e-17, 9.7887850586e-18, 7.87747092955e-18, 6.68334017597e-18, 4.31842294647e-18, 2.19252741317e-18, 9.39140128848e-19, 2.43668745196e-19, 2.64617323622e-20], "max": [1.78241276741, 12.5133428574, 37.8255500793, 39.1063346863, 44.2752914429, 66.1919174194, 144.151672363, 287.398284912, 462.434661865, 576.901000977, 578.548278809, 717.884887695, 927.729370117, 1022.87384033, 659.805480957, 1590.79663086, 810.383728027, 1095.97912598, 2484.61474609, 1308.27514648, 1027.39868164, 676.651855469, 882.901794434, 632.342407227, 364.587219238, 380.753479004, 516.36315918, 186.498550415, 140.035003662, 125.028251648, 143.669082642, 99.040512085, 77.7703552246, 50.7319869995, 20.5765037537, 3.88213300705, 0.729988515377, 0.169693872333, 0.0180628094822, 0.00138577609323], "dvar2": [0.20323728025, 7.93974637985, 47.8179512024, 53.1769790649, 31.0323314667, 52.1217498779, 98.5286026001, 457.492034912, 1655.9675293, 2246.74267578, 2565.96899414, 1991.52294922, 3037.56591797, 4992.33544922, 2400.20336914, 3743.94262695, 3539.48828125, 6883.63916016, 10105.6533203, 6714.10449219, 4243.54931641, 3065.00048828, 1521.2623291, 1519.70263672, 610.825073242, 583.433105469, 298.323303223, 88.6964416504, 81.4368057251, 52.4951057434, 52.3237915039, 26.5558490753, 11.5819768906, 5.10129451752, 0.902682065964, 0.0342512950301, 0.0014021017123, 7.73096762714e-05, 1.34018318931e-06, 1.19240919361e-08], "median": [0.0127729978412, 0.223289743066, 0.734091162682, 1.92229139805, 3.31800270081, 3.89310383797, 2.63410973549, 3.19117069244, 4.54978466034, 4.21285057068, 4.96286582947, 6.07037162781, 9.41795921326, 8.07954216003, 8.95938491821, 11.8498668671, 13.1531991959, 19.1849746704, 18.7003822327, 15.6998872757, 12.5414953232, 11.348241806, 10.8321084976, 9.76967430115, 7.8262386322, 5.02980661392, 3.64578604698, 2.24977684021, 1.76005864143, 1.48367381096, 1.10106873512, 0.797244668007, 0.482162922621, 0.293197393417, 0.147835463285, 0.0639845728874, 0.0213138666004, 0.00494837388396, 0.000696526200045, 6.16031684331e-05], "dmean2": [0.22115688026, 1.69721961021, 3.56168460846, 3.70553922653, 4.02762413025, 5.09722185135, 5.17858362198, 9.55802249908, 19.5655384064, 18.8778324127, 17.6834106445, 17.6707401276, 24.9069194794, 27.7629585266, 21.7337532043, 27.6794509888, 29.1620159149, 40.3023605347, 41.7343025208, 34.2730674744, 30.0452442169, 25.8566455841, 20.9779815674, 20.9268722534, 13.9286155701, 13.3686647415, 7.67547750473, 4.46996116638, 3.64126896858, 2.82087850571, 2.26527094841, 1.6570237875, 0.92666643858, 0.542665600777, 0.294119745493, 0.0786883383989, 0.0228198822588, 0.00564886676148, 0.000719790230505, 6.73680115142e-05], "dmean": [0.13383166492, 1.18948304653, 2.35854744911, 2.05003166199, 2.41812419891, 3.04453730583, 3.24674010277, 6.1172952652, 12.7300100327, 12.1580886841, 10.9876003265, 11.2805814743, 16.025177002, 18.3483505249, 13.4672365189, 18.2659435272, 18.8714294434, 26.3237419128, 26.5785827637, 21.956823349, 19.7142505646, 17.8860645294, 14.0407905579, 13.1297540665, 9.16813755035, 8.55321502686, 5.10082435608, 3.0527203083, 2.48848080635, 1.89116954803, 1.48982334137, 1.10479032993, 0.622867465019, 0.356844633818, 0.195697650313, 0.0536684505641, 0.0150923179463, 0.0036581386812, 0.000520852219779, 4.99185262015e-05], "var": [0.0843341127038, 6.52794218063, 36.0009155273, 14.9385738373, 20.963060379, 40.167678833, 69.5028686523, 302.461761475, 1278.28527832, 1796.28942871, 1533.1973877, 1497.828125, 2792.07836914, 4217.65380859, 1516.33032227, 3648.80834961, 3105.03222656, 5491.98388672, 7238.24707031, 4872.37011719, 3758.54394531, 3141.93115234, 1961.55297852, 1570.15454102, 715.397705078, 505.262786865, 299.228179932, 107.188850403, 77.1618881226, 46.4769058228, 31.5724391937, 19.0456638336, 7.52290725708, 2.72645759583, 0.724262177944, 0.0289879199117, 0.00132052018307, 7.55652363296e-05, 2.52975291914e-06, 2.32490986463e-08], "dvar": [0.0762606486678, 4.09588241577, 22.5901184082, 18.4040184021, 12.0584287643, 19.3947105408, 39.1156082153, 186.348190308, 716.678588867, 964.252380371, 966.18536377, 840.187011719, 1350.15930176, 2176.06542969, 938.827819824, 1747.0189209, 1549.16601562, 2786.47143555, 3969.95556641, 2697.42260742, 1738.37390137, 1248.73388672, 674.393005371, 612.995605469, 268.373565674, 230.328659058, 137.656463623, 42.3947486877, 37.068069458, 24.3441944122, 22.1233787537, 11.8100786209, 5.04803943634, 2.09512877464, 0.414543241262, 0.014696742408, 0.00057832186576, 3.18235943269e-05, 6.31498778603e-07, 5.71822189599e-09], "mean": [0.133721217513, 1.50051057339, 3.20303535461, 2.82618021965, 4.49184179306, 5.62970209122, 5.38804006577, 8.9191160202, 18.1763858795, 17.5942344666, 16.797990799, 17.8698062897, 25.8345470428, 27.7941837311, 20.9145393372, 30.016998291, 31.9144973755, 44.6111068726, 45.6995544434, 38.3491134644, 33.2899246216, 31.0782566071, 27.7223529816, 23.5133152008, 18.4150161743, 14.1048746109, 9.50866508484, 5.94105291367, 4.65172576904, 3.49709129333, 2.56331801414, 1.81788396835, 1.04688978195, 0.608043670654, 0.326339244843, 0.112068533897, 0.032016068697, 0.00770947523415, 0.00132946961094, 0.000129924577777]}, "zerocrossingrate": {"min": 0.00537109375, "max": 0.51611328125, "dvar2": 0.000383416365366, "median": 0.060546875, "dmean2": 0.015739839524, "dmean": 0.0135864000767, "var": 0.00234234845266, "dvar": 0.000296505109873, "mean": 0.0709324702621}, "spectral_contrast_coeffs": {"min": [-0.980362594128, -0.998706102371, -0.990736484528, -0.982533991337, -0.966412007809, -0.963236391544], "max": [-0.36263909936, -0.370875418186, -0.475925683975, -0.536410629749, -0.630206882954, -0.620472073555], "dvar2": [0.00390206207521, 0.00420217448846, 0.00281932135113, 0.00196985364892, 0.000810376775917, 0.000483104784507], "median": [-0.663730561733, -0.773963689804, -0.805103123188, -0.800978124142, -0.810237169266, -0.780125081539], "dmean2": [0.0779130905867, 0.0797258615494, 0.0651617646217, 0.0532046221197, 0.0349703505635, 0.0248429086059], "dmean": [0.0477809943259, 0.0496760010719, 0.0408186614513, 0.0331005267799, 0.0219617541879, 0.016105690971], "var": [0.00796345435083, 0.00754600344226, 0.00512920552865, 0.00349052366801, 0.00203811656684, 0.00190567271784], "dvar": [0.00156437256373, 0.00170597969554, 0.00114695203956, 0.000832680962048, 0.000355538824806, 0.000223837021622], "mean": [-0.671322584152, -0.761099636555, -0.795153260231, -0.794236660004, -0.808156907558, -0.782299757004]}, "dissonance": {"min": 0.233613476157, "max": 0.500000119209, "dvar2": 0.000792431063019, "median": 0.483003675938, "dmean2": 0.024738965556, "dmean": 0.0148617736995, "var": 0.000607975176536, "dvar": 0.000301542866509, "mean": 0.475042611361}, "spectral_energyband_high": {"min": 7.09661431185e-21, "max": 0.0126488953829, "dvar2": 1.02229330423e-06, "median": 0.000317880767398, "dmean2": 0.000477750058053, "dmean": 0.000338315701811, "var": 1.19716446534e-06, "dvar": 4.7922748081e-07, "mean": 0.000694567803293}, "spectral_skewness": {"min": -0.0522251203656, "max": 5.2287569046, "dvar2": 0.100236013532, "median": 1.57837307453, "dmean2": 0.298728615046, "dmean": 0.191348478198, "var": 0.209558665752, "dvar": 0.0449368879199, "mean": 1.63075327873}, "spectral_flux": {"min": 6.549307624e-11, "max": 0.23966242373, "dvar2": 0.00170170655474, "median": 0.0760814249516, "dmean2": 0.0401596687734, "dmean": 0.0259065665305, "var": 0.00257739797235, "dvar": 0.000810209312476, "mean": 0.0804779157043}, "silence_rate_30dB": {"min": 1, "max": 1, "dvar2": 0, "median": 1, "dmean2": 0, "dmean": 0, "var": 0, "dvar": 0, "mean": 1}, "spectral_energyband_middle_high": {"min": 1.31531087801e-21, "max": 0.0563814453781, "dvar2": 3.05615540128e-05, "median": 0.00390775501728, "dmean2": 0.0034193508327, "dmean": 0.00250893109478, "var": 6.08697555435e-05, "dvar": 1.46857400978e-05, "mean": 0.00670745782554}, "barkbands_spread": {"min": 1.8041870594, "max": 103.644088745, "dvar2": 170.114425659, "median": 24.9117355347, "dmean2": 11.7089967728, "dmean": 7.64471626282, "var": 219.149993896, "dvar": 75.5559997559, "mean": 26.5821800232}, "spectral_centroid": {"min": 231.244781494, "max": 11547.1699219, "dvar2": 262006.421875, "median": 1603.96252441, "dmean2": 461.226196289, "dmean": 307.44619751, "var": 788640.5, "dvar": 122893.695312, "mean": 1684.04345703}, "pitch_salience": {"min": 0.0299298446625, "max": 0.992227256298, "dvar2": 0.0201299693435, "median": 0.582572460175, "dmean2": 0.152281045914, "dmean": 0.0947930142283, "var": 0.0221355967224, "dvar": 0.00886841583997, "mean": 0.564088284969}, "erbbands_skewness": {"min": -2.40617775917, "max": 4.71334075928, "dvar2": 0.306160569191, "median": -0.156896516681, "dmean2": 0.55944776535, "dmean": 0.376466214657, "var": 0.534233272076, "dvar": 0.13024289906, "mean": -0.0530542582273}, "erbbands_crest": {"min": 1.91156589985, "max": 29.1539745331, "dvar2": 15.2007665634, "median": 6.57329320908, "dmean2": 4.00668525696, "dmean": 2.44004774094, "var": 15.025062561, "dvar": 6.22121143341, "mean": 7.66597557068}, "melbands": {"min": [3.44245015087e-24, 1.55905538927e-24, 2.27892567517e-24, 2.79240687407e-24, 3.07188254342e-24, 3.6662010803e-24, 3.74457520009e-24, 2.07341360429e-24, 1.67858024097e-24, 5.10264145249e-24, 2.56192222795e-24, 3.47283312863e-24, 3.68176648925e-24, 4.82056372545e-24, 3.26721988634e-24, 3.70572971697e-24, 5.84850273306e-24, 3.88431835958e-24, 4.80231895043e-24, 6.37994215326e-24, 6.17963695879e-24, 5.75130284219e-24, 4.56144540062e-24, 5.41753500433e-24, 6.32986210755e-24, 4.5988681731e-24, 6.36394957613e-24, 6.17175111075e-24, 5.59329203072e-24, 5.38586776101e-24, 5.91894643417e-24, 5.74881240831e-24, 5.73297878666e-24, 4.79054559585e-24, 7.53545180216e-24, 5.98749489696e-24, 5.67910865873e-24, 5.9969233625e-24, 5.16785934454e-24, 5.8961183773e-24], "max": [0.0151754552498, 0.0181681346148, 0.00613551354036, 0.00360408890992, 0.00403124745935, 0.0058256695047, 0.00587584497407, 0.00539760896936, 0.00537423696369, 0.00483982497826, 0.00507551245391, 0.00406852830201, 0.00298922136426, 0.00295191816986, 0.00232188939117, 0.00264337426051, 0.0025761523284, 0.00361806433648, 0.00234570493922, 0.00187757355161, 0.00108925753739, 0.000969813379925, 0.000756543595344, 0.000943429244217, 0.000580438005272, 0.000338520127116, 0.000440214324044, 0.000275642290944, 0.000302382948576, 0.00029794924194, 8.94656550372e-05, 8.79781146068e-05, 8.9381224825e-05, 6.79817603668e-05, 9.0661138529e-05, 5.97584948991e-05, 6.30728609394e-05, 5.77705723117e-05, 5.14579842275e-05, 4.39100731455e-05], "dvar2": [1.15758175525e-05, 1.12590741992e-05, 1.39317057801e-06, 1.66501692433e-07, 9.28131953515e-08, 2.21014744284e-07, 3.53026422317e-07, 2.13402429949e-07, 1.93958257455e-07, 7.58144764745e-08, 8.37032274603e-08, 8.34080111645e-08, 4.46683898758e-08, 1.8604158214e-08, 1.81114039322e-08, 2.64892889845e-08, 3.15703445608e-08, 2.84710477416e-08, 2.00002983064e-08, 1.30139294896e-08, 6.85382506305e-09, 5.33941379999e-09, 1.89145410445e-09, 1.3874682514e-09, 1.28568522495e-09, 5.04111696831e-10, 4.34647484671e-10, 2.91035862077e-10, 1.56490986836e-10, 7.15301984311e-11, 2.96444431502e-11, 3.13396218699e-11, 2.31178479138e-11, 1.62174735446e-11, 1.97716634731e-11, 1.43189834989e-11, 9.17267910933e-12, 6.56482940925e-12, 4.62885719338e-12, 4.05289994274e-12], "median": [0.000176882997039, 0.000377649150323, 0.000415078131482, 0.000288852519589, 0.000109667867946, 7.40962568671e-05, 6.71602028888e-05, 3.849616769e-05, 3.74125411327e-05, 3.43274987245e-05, 4.40690309915e-05, 3.06270485453e-05, 2.63068959612e-05, 2.62281646428e-05, 2.88153751171e-05, 2.66264851234e-05, 3.54638432327e-05, 3.05983994622e-05, 1.97972512979e-05, 1.78036625584e-05, 1.28693945953e-05, 1.13383603093e-05, 9.79693322734e-06, 7.96570475359e-06, 7.69839698478e-06, 5.61347496841e-06, 4.88806063004e-06, 2.82752102976e-06, 2.04478328669e-06, 1.85417195553e-06, 1.10384269192e-06, 1.05608353351e-06, 7.8633178191e-07, 7.9337888792e-07, 6.64889853397e-07, 4.80172104744e-07, 4.46173686441e-07, 3.29402098487e-07, 2.99596820241e-07, 2.19624084252e-07], "dmean2": [0.00198198808357, 0.00188048626296, 0.000626924855169, 0.000317745521897, 0.000179685157491, 0.000222627131734, 0.000294008088531, 0.000186998862773, 0.000151362808538, 0.000108648579044, 0.000129528270918, 0.000116539587907, 8.81390005816e-05, 6.25408720225e-05, 6.99564916431e-05, 7.00333839632e-05, 8.55093894643e-05, 7.4284056609e-05, 5.8763915149e-05, 4.47294514743e-05, 3.75114104827e-05, 3.27588350046e-05, 2.34344515775e-05, 1.73046828422e-05, 1.90243063116e-05, 1.23845420603e-05, 1.05051822175e-05, 9.24546839087e-06, 5.6455696722e-06, 3.70503653357e-06, 2.62747084889e-06, 2.32486809182e-06, 1.89600518752e-06, 1.57719352956e-06, 1.45948013142e-06, 1.13715361749e-06, 1.00161855698e-06, 6.8485474003e-07, 5.7387455854e-07, 4.53532237543e-07], "dmean": [0.00126877892762, 0.00133290549275, 0.000357211392839, 0.000190586535609, 0.000112623820314, 0.000142284028698, 0.000191153463675, 0.000119905227621, 9.42609840422e-05, 6.93854162819e-05, 8.30495773698e-05, 7.65227960073e-05, 5.48580792383e-05, 4.07002153224e-05, 4.50412917417e-05, 4.54309556517e-05, 5.46740229765e-05, 4.61165582237e-05, 3.79828125006e-05, 2.80150816252e-05, 2.43962440436e-05, 2.17764336412e-05, 1.49121560753e-05, 1.20055656225e-05, 1.16457495096e-05, 7.97803022579e-06, 6.8254580583e-06, 5.73816487304e-06, 3.67732650375e-06, 2.41505290433e-06, 1.73685543814e-06, 1.54115366513e-06, 1.24283542391e-06, 1.03615047919e-06, 9.3774144716e-07, 7.4226960578e-07, 6.58658393604e-07, 4.57204578197e-07, 3.70253530946e-07, 2.9257446954e-07], "var": [6.71422685627e-06, 1.07146588562e-05, 4.57655090713e-07, 1.38243336778e-07, 7.39546663908e-08, 1.50824277512e-07, 2.69783271278e-07, 1.80333842081e-07, 1.16756964985e-07, 5.8813544257e-08, 7.47552135749e-08, 6.97617608125e-08, 2.91712360934e-08, 1.54704924427e-08, 1.67852807209e-08, 2.16390265706e-08, 2.30617782648e-08, 2.10948449819e-08, 1.53330574904e-08, 7.81203013389e-09, 5.52935475184e-09, 4.88234741525e-09, 1.69948621842e-09, 1.89099069736e-09, 1.08798337006e-09, 4.7882181553e-10, 3.50812601191e-10, 2.14355505568e-10, 1.38266870175e-10, 7.50337153521e-11, 3.08723810405e-11, 2.74372382453e-11, 1.85749523401e-11, 1.36274984353e-11, 1.12220710155e-11, 9.19075406058e-12, 6.53774647266e-12, 4.01728303401e-12, 2.57017193986e-12, 1.91494866839e-12], "dvar": [5.0681205721e-06, 5.9113849602e-06, 4.92657363793e-07, 6.30715106809e-08, 3.71348214401e-08, 8.88590179215e-08, 1.50259396037e-07, 9.231346354e-08, 7.46022976728e-08, 3.19592281528e-08, 3.7136125286e-08, 3.62524978925e-08, 1.81326385018e-08, 8.17075562765e-09, 8.26681478827e-09, 1.14787166439e-08, 1.2541586436e-08, 1.13370690613e-08, 8.32645685733e-09, 4.97951546663e-09, 2.72517941546e-09, 2.14003859078e-09, 7.58023810388e-10, 6.291332455e-10, 5.00572472362e-10, 2.09606942914e-10, 1.73174918849e-10, 1.12670789365e-10, 6.65554139578e-11, 3.63895233391e-11, 1.31955297383e-11, 1.3867451458e-11, 1.03652711414e-11, 7.50109262898e-12, 8.19878279851e-12, 6.23544618716e-12, 4.06476892076e-12, 2.8335259486e-12, 1.90902632244e-12, 1.61781579886e-12], "mean": [0.00145930889994, 0.00187910103705, 0.000541862857062, 0.00038181868149, 0.000198505164008, 0.000210650992813, 0.000275140133454, 0.000175768363988, 0.000138811083161, 0.000108850792458, 0.000129098916659, 0.000112594119855, 7.87450844655e-05, 6.48754939903e-05, 7.15015776223e-05, 7.37451409805e-05, 8.65598121891e-05, 7.49257160351e-05, 6.19389102212e-05, 4.3336654926e-05, 3.87913496525e-05, 3.45765292877e-05, 2.61964632955e-05, 2.24578197958e-05, 1.89444726857e-05, 1.41739183164e-05, 1.18510315588e-05, 8.70258554642e-06, 6.15556609773e-06, 4.53531811218e-06, 3.1475265132e-06, 2.7675439469e-06, 2.13954945139e-06, 1.84164275652e-06, 1.5577729755e-06, 1.20179754504e-06, 1.04268497125e-06, 7.42079123484e-07, 6.23170933522e-07, 4.73428031e-07]}, "spectral_entropy": {"min": 5.56229448318, "max": 9.82031440735, "dvar2": 0.0688027963042, "median": 7.86297798157, "dmean2": 0.234090924263, "dmean": 0.159087494016, "var": 0.16466461122, "dvar": 0.0330320671201, "mean": 7.79090595245}, "spectral_rolloff": {"min": 21.533203125, "max": 19767.4804688, "dvar2": 2027605, "median": 1614.99023438, "dmean2": 993.126342773, "dmean": 624.394165039, "var": 3568888.5, "dvar": 1043398.1875, "mean": 1922.36315918}, "barkbands": {"min": [1.61219069327e-24, 7.51161005902e-24, 1.56910084265e-24, 3.27776163183e-24, 1.70327612326e-23, 1.9804889451e-23, 1.21696562106e-23, 3.20433662814e-24, 3.99825503896e-23, 2.84271139015e-23, 2.0324133476e-23, 3.93802992646e-23, 4.07260517927e-23, 6.20298747824e-23, 5.82234315881e-23, 6.82941308783e-23, 1.06571208167e-22, 1.31614399086e-22, 1.65624515117e-22, 2.1338109409e-22, 2.80176029527e-22, 2.75009659552e-22, 4.70821369779e-22, 5.43936280136e-22, 8.05403255295e-22, 1.13432806149e-21, 2.00677631482e-21], "max": [0.00233850395307, 0.0508094616234, 0.0308191552758, 0.0127617847174, 0.0151727981865, 0.0246974304318, 0.0259050298482, 0.0240092594177, 0.0249200779945, 0.0356662943959, 0.0307210553437, 0.0309093631804, 0.0209825634956, 0.0335172452033, 0.0412939153612, 0.0228080209345, 0.0146030792966, 0.0180538725108, 0.00806532613933, 0.00870999507606, 0.00876259151846, 0.00386002380401, 0.00433976761997, 0.00443754345179, 0.00377169181593, 0.000517511856742, 0.000124381753267], "dvar2": [2.14661284303e-07, 0.00014118195395, 3.65103078366e-05, 5.22070649822e-06, 2.79530672742e-06, 4.31285297964e-06, 9.54423285293e-06, 3.92555830331e-06, 3.8121563648e-06, 4.06422259402e-06, 3.87365207644e-06, 1.84967939276e-06, 1.97132681024e-06, 3.57589487976e-06, 3.72071076526e-06, 1.93005826077e-06, 1.25204303458e-06, 5.81282392886e-07, 3.86116653317e-07, 2.73030480002e-07, 9.51980965169e-08, 5.74456109348e-08, 5.51454029107e-08, 4.42270504664e-08, 2.7360954391e-08, 6.49552189813e-10, 6.00837088416e-11], "median": [1.78681002581e-05, 0.000828097923659, 0.000609034439549, 0.000664100982249, 0.00122797093354, 0.000380715093343, 0.000321978819557, 0.000189168873476, 0.000234043764067, 0.000285098562017, 0.000175197608769, 0.000244139475399, 0.000250417389907, 0.000389157183236, 0.000257201492786, 0.000233563492657, 0.000199951799004, 0.000180723596714, 0.000182986972504, 0.000101444129541, 7.26851430954e-05, 4.93217012263e-05, 3.95263814426e-05, 3.3484040614e-05, 2.40444260271e-05, 1.32949453473e-05, 4.46305330115e-06], "dmean2": [0.000214641506318, 0.00753809697926, 0.00299036549404, 0.00123466202058, 0.00130373542197, 0.00100104091689, 0.00150093005504, 0.000743829878047, 0.000773315376136, 0.000901533348951, 0.00072908209404, 0.000636387674604, 0.000658007687889, 0.000916268443689, 0.000772455474362, 0.000611627183389, 0.000510328507517, 0.000392131536501, 0.000357294338755, 0.000285343528958, 0.000139927622513, 9.73690766841e-05, 7.89725163486e-05, 6.49982321193e-05, 4.27724589827e-05, 1.36798325912e-05, 4.88861405756e-06], "dmean": [0.000142394637805, 0.00505149457604, 0.00182181736454, 0.00070151820546, 0.000790921738371, 0.000637774297502, 0.000980919809081, 0.000468636921141, 0.000492420222145, 0.000578173028771, 0.000461939867819, 0.000415673624957, 0.000424597674282, 0.000577303871978, 0.000494908250403, 0.000386403291486, 0.000341830018442, 0.000258807616774, 0.000225603042054, 0.000184354255907, 9.36160722631e-05, 6.67376880301e-05, 5.23680682818e-05, 4.40507938038e-05, 2.87329421553e-05, 9.19190006243e-06, 3.41930194736e-06], "var": [2.24276362815e-07, 0.000106074781797, 1.80122078746e-05, 1.67407790741e-06, 2.51588471656e-06, 2.92546064884e-06, 7.20937305232e-06, 2.71461863122e-06, 2.72188844974e-06, 3.56619079867e-06, 2.6858676847e-06, 1.75057118668e-06, 1.67405016782e-06, 2.79826963379e-06, 2.64965251517e-06, 1.35185462113e-06, 1.28818419398e-06, 7.41956569072e-07, 3.78857350825e-07, 2.39774664124e-07, 1.09480311039e-07, 5.5673812227e-08, 3.88554539654e-08, 3.34026246662e-08, 1.68179656868e-08, 5.74723824087e-10, 1.00785380042e-10], "dvar": [1.18250412129e-07, 6.98655858287e-05, 1.49303468788e-05, 1.80601443844e-06, 1.07349899281e-06, 1.73443197582e-06, 4.04783759222e-06, 1.52027553213e-06, 1.58525676852e-06, 1.77826962044e-06, 1.66740358054e-06, 8.55795292409e-07, 8.54577535847e-07, 1.43365946315e-06, 1.49625952872e-06, 7.62994375236e-07, 5.13044824402e-07, 2.56855628322e-07, 1.55902412757e-07, 1.09475614352e-07, 4.66456704373e-08, 2.64335362488e-08, 2.44510740544e-08, 2.00118446259e-08, 1.15919744914e-08, 2.66308253227e-10, 2.64546214795e-11], "mean": [0.000195941407583, 0.00619185622782, 0.00223576743156, 0.000995077309199, 0.00163279369008, 0.000960128207225, 0.00138053984847, 0.000694189162459, 0.000753469590563, 0.00087656697724, 0.000641761056613, 0.000652819697279, 0.000685100152623, 0.000924758263864, 0.000804274866823, 0.000592477677856, 0.00058121868642, 0.000489581841975, 0.000409146014135, 0.000300149025861, 0.000184034259291, 0.000126607934362, 9.20817765291e-05, 7.39801325835e-05, 5.00417336298e-05, 1.99610458367e-05, 8.48490799399e-06]}, "melbands_flatness_db": {"min": 0.00566230900586, "max": 0.435928612947, "dvar2": 0.00329973874614, "median": 0.164861604571, "dmean2": 0.0553652532399, "dmean": 0.035914182663, "var": 0.0049295485951, "dvar": 0.00145372468978, "mean": 0.172448843718}, "melbands_skewness": {"min": -1.701597929, "max": 27.5523834229, "dvar2": 7.85798072815, "median": 1.9778881073, "dmean2": 1.71971273422, "dmean": 1.10109782219, "var": 7.18916606903, "dvar": 3.25035071373, "mean": 2.5164744854}, "barkbands_skewness": {"min": -2.71772146225, "max": 14.4079093933, "dvar2": 2.73638129234, "median": 0.977761864662, "dmean2": 1.17408108711, "dmean": 0.757180631161, "var": 2.80246186256, "dvar": 1.09408938885, "mean": 1.28673064709}, "silence_rate_60dB": {"min": 0, "max": 1, "dvar2": 0.0647942647338, "median": 0, "dmean2": 0.0608072690666, "dmean": 0.0303983222693, "var": 0.128517910838, "dvar": 0.0294765122235, "mean": 0.151441052556}, "spectral_energyband_low": {"min": 2.03180308481e-23, "max": 0.0641463920474, "dvar2": 0.000178455389687, "median": 0.00243552192114, "dmean2": 0.00910278875381, "dmean": 0.00620375480503, "var": 0.000177165973582, "dvar": 9.64020073297e-05, "mean": 0.00914587639272}, "spectral_energyband_middle_low": {"min": 2.09238337403e-22, "max": 0.0389240160584, "dvar2": 2.80527983705e-05, "median": 0.0053611616604, "dmean2": 0.00414536800236, "dmean": 0.00265841837972, "var": 3.52907009074e-05, "dvar": 1.19498263302e-05, "mean": 0.0067211734131}, "melbands_kurtosis": {"min": -1.76408135891, "max": 951.279724121, "dvar2": 8219.41894531, "median": 4.22460317612, "dmean2": 25.2060928345, "dmean": 14.7534885406, "var": 3240.30834961, "dvar": 2797.63598633, "mean": 16.7164783478}, "spectral_decrease": {"min": -2.56529038012e-08, "max": 1.32838393835e-28, "dvar2": 1.2772489221e-17, "median": -3.86457088553e-09, "dmean2": 3.02798208729e-09, "dmean": 2.27159402399e-09, "var": 2.65080582117e-17, "dvar": 7.82957965363e-18, "mean": -5.50335688132e-09}, "erbbands_kurtosis": {"min": -1.62558400631, "max": 39.1519203186, "dvar2": 4.56576871872, "median": 0.22372841835, "dmean2": 1.47793698311, "dmean": 0.938806355, "var": 3.1682164669, "dvar": 1.83187365532, "mean": 0.588194429874}, "melbands_crest": {"min": 1.6361593008, "max": 38.9774055481, "dvar2": 43.2852592468, "median": 12.9555616379, "dmean2": 7.04058933258, "dmean": 4.40008831024, "var": 46.1039733887, "dvar": 17.5865154266, "mean": 14.3157081604}, "gfcc": {"cov": [[32332.8222656, 1472.24182129, -2594.59228516, 258.737182617, -300.01272583, -127.95463562, -431.703430176, -75.5843200684, -424.812164307, -303.500274658, -371.259552002, -247.025131226, -203.877593994], [1472.24182129, 1515.20507812, 86.7978897095, -252.547424316, -24.3057193756, -158.360961914, -44.2160415649, -112.712730408, -70.7412948608, -137.0496521, -27.8167495728, -33.6908531189, 36.3361473083], [-2594.59228516, 86.7978897095, 707.748962402, 139.651092529, 60.0819854736, 75.7023162842, 30.5694084167, 14.3321018219, 30.4784069061, 38.3999099731, 39.6484413147, 39.027557373, 24.4165878296], [258.737182617, -252.547424316, 139.651092529, 414.813934326, 159.472640991, 110.528686523, 30.8706512451, 54.6995391846, 24.1865062714, 35.6885261536, 2.08981513977, 9.08426952362, 9.32888698578], [-300.01272583, -24.3057193756, 60.0819854736, 159.472640991, 269.540252686, 88.9818115234, 69.3051757812, 43.8206710815, 33.8335838318, 15.5639820099, 8.04581642151, 13.4210395813, 32.2747573853], [-127.95463562, -158.360961914, 75.7023162842, 110.528686523, 88.9818115234, 198.463180542, 85.957572937, 55.5592575073, 24.8011226654, 42.1556587219, 19.8313465118, 14.5473690033, 0.171872869134], [-431.703430176, -44.2160415649, 30.5694084167, 30.8706512451, 69.3051757812, 85.957572937, 146.027191162, 67.0374755859, 38.9050483704, 25.4990196228, 26.4484920502, 14.084777832, 9.62275695801], [-75.5843200684, -112.712730408, 14.3321018219, 54.6995391846, 43.8206710815, 55.5592575073, 67.0374755859, 117.100364685, 74.6136474609, 38.995262146, 19.8717479706, 20.0934677124, 6.82072734833], [-424.812164307, -70.7412948608, 30.4784069061, 24.1865062714, 33.8335838318, 24.8011226654, 38.9050483704, 74.6136474609, 115.071342468, 64.0143280029, 25.6109752655, 18.7449588776, 10.2825708389], [-303.500274658, -137.0496521, 38.3999099731, 35.6885261536, 15.5639820099, 42.1556587219, 25.4990196228, 38.995262146, 64.0143280029, 96.8987808228, 50.3487281799, 14.3001966476, -7.01069307327], [-371.259552002, -27.8167495728, 39.6484413147, 2.08981513977, 8.04581642151, 19.8313465118, 26.4484920502, 19.8717479706, 25.6109752655, 50.3487281799, 70.9511108398, 36.0051727295, 5.34451293945], [-247.025131226, -33.6908531189, 39.027557373, 9.08426952362, 13.4210395813, 14.5473690033, 14.084777832, 20.0934677124, 18.7449588776, 14.3001966476, 36.0051727295, 62.7190704346, 31.4964561462], [-203.877593994, 36.3361473083, 24.4165878296, 9.32888698578, 32.2747573853, 0.171872869134, 9.62275695801, 6.82072734833, 10.2825708389, -7.01069307327, 5.34451293945, 31.4964561462, 57.2370376587]], "icov": [[7.97156681074e-05, -0.000196398308617, 0.000357524113497, -0.000265225098701, 0.000138394796522, -0.000144174468005, 0.000220033005462, -0.000338394427672, 0.00043204773101, -0.000423688587034, 0.000487666082336, -0.000345966516761, 0.00024039845448], [-0.000196398308617, 0.00149449473247, -0.00117708777543, 0.00119219894987, -0.000653884140775, 0.000666795531288, -0.000559080392122, 0.00139409024268, -0.00177100556903, 0.00307685183361, -0.00274944957346, 0.0023583911825, -0.00139195588417], [0.000357524113497, -0.00117708777543, 0.00332047743723, -0.00189765612595, 0.000860188738443, -0.00117648264859, 0.000906482629944, -0.000896095472854, 0.00151449337136, -0.00225529889576, 0.00194486288819, -0.0023845450487, 0.000968700449448], [-0.000265225098701, 0.00119219894987, -0.00189765612595, 0.00502925924957, -0.00264824740589, -0.000372154579964, 0.00060593476519, -0.000505456002429, -0.000138061339385, 0.00057686510263, -0.000762466806918, 0.00154890690465, -0.000944674422499], [0.000138394796522, -0.000653884140775, 0.000860188738443, -0.00264824740589, 0.00640119658783, -0.00165837677196, -0.00130204006564, 0.000163648073794, -0.000812924175989, 0.000248377327807, 0.000202892129892, 0.000703707220964, -0.00266208522953], [-0.000144174468005, 0.000666795531288, -0.00117648264859, -0.000372154579964, -0.00165837677196, 0.00952243711799, -0.00463647348806, -0.00097383215325, 0.00264585507102, -0.00368933565915, 0.00215598917566, -0.00174368277658, 0.00125872762874], [0.000220033005462, -0.000559080392122, 0.000906482629944, 0.00060593476519, -0.00130204006564, -0.00463647348806, 0.0134145598859, -0.00657484587282, 0.000780935108196, 0.001829842804, -0.00413055019453, 0.00260149431415, -0.00103245768696], [-0.000338394427672, 0.00139409024268, -0.000896095472854, -0.000505456002429, 0.000163648073794, -0.00097383215325, -0.00657484587282, 0.0221238732338, -0.0146007807925, 0.0058880909346, -0.00240111141466, -0.00156955781858, 0.00118598679546], [0.00043204773101, -0.00177100556903, 0.00151449337136, -0.000138061339385, -0.000812924175989, 0.00264585507102, 0.000780935108196, -0.0146007807925, 0.0275598000735, -0.020425343886, 0.0113073047251, -0.00548032205552, -0.00139423308428], [-0.000423688587034, 0.00307685183361, -0.00225529889576, 0.00057686510263, 0.000248377327807, -0.00368933565915, 0.001829842804, 0.0058880909346, -0.020425343886, 0.0388038828969, -0.0278607346117, 0.0129879349843, 0.000144093952258], [0.000487666082336, -0.00274944957346, 0.00194486288819, -0.000762466806918, 0.000202892129892, 0.00215598917566, -0.00413055019453, -0.00240111141466, 0.0113073047251, -0.0278607346117, 0.0445253774524, -0.026386866346, 0.00855557061732], [-0.000345966516761, 0.0023583911825, -0.0023845450487, 0.00154890690465, 0.000703707220964, -0.00174368277658, 0.00260149431415, -0.00156955781858, -0.00548032205552, 0.0129879349843, -0.026386866346, 0.0412946715951, -0.020291088149], [0.00024039845448, -0.00139195588417, 0.000968700449448, -0.000944674422499, -0.00266208522953, 0.00125872762874, -0.00103245768696, 0.00118598679546, -0.00139423308428, 0.000144093952258, 0.00855557061732, -0.020291088149, 0.0311165060848]], "mean": [-36.7723999023, 69.4443664551, -113.788101196, 26.4640827179, -41.3271331787, 13.3484716415, -33.2813415527, 6.32743263245, -21.9698619843, 3.19789123535, -14.4632549286, -2.47179961205, -13.5670833588]}, "melbands_spread": {"min": 0.679812192917, "max": 231.97744751, "dvar2": 419.206634521, "median": 26.6388244629, "dmean2": 16.4549121857, "dmean": 10.7487487793, "var": 618.017333984, "dvar": 198.845413208, "mean": 31.7225513458}, "spectral_energy": {"min": 1.02563448932e-20, "max": 0.103051975369, "dvar2": 0.000190691425814, "median": 0.0161600280553, "dmean2": 0.0118161235005, "dmean": 0.00896568223834, "var": 0.000434556684922, "dvar": 0.000119553122204, "mean": 0.022553499788}, "mfcc": {"cov": [[20495.21875, 2202.46826172, -1529.22497559, 415.966888428, -48.9693832397, 43.7113494873, -70.7316513062, 48.9045639038, -48.6797485352, -76.6873931885, -88.0840454102, -108.283180237, -166.183898926], [2202.46826172, 1650.89538574, -15.1479024887, -56.8992462158, -44.0196609497, -88.6409759521, -46.1853103638, -44.158290863, -89.5541381836, -74.7579650879, -73.4783172607, -96.3937835693, -73.2695617676], [-1529.22497559, -15.1479024887, 568.827392578, 48.8510437012, 45.9983787537, 39.5749092102, 15.4764289856, -2.47602844238, -20.0100574493, 22.4054985046, -5.94603586197, 7.9245018959, 7.34535932541], [415.966888428, -56.8992462158, 48.8510437012, 275.897735596, 136.975524902, 61.2144813538, 35.3733940125, 29.6051254272, 37.9672698975, 6.73391628265, 8.3582649231, 12.9223604202, 9.53492546082], [-48.9693832397, -44.0196609497, 45.9983787537, 136.975524902, 199.997070312, 87.3761291504, 38.8296356201, 32.9398269653, 45.160861969, 18.1137485504, 5.48111724854, 17.0942459106, 12.8561182022], [43.7113494873, -88.6409759521, 39.5749092102, 61.2144813538, 87.3761291504, 147.319854736, 84.1662826538, 33.1259384155, 26.9730091095, 31.5067863464, 19.0919418335, 13.0464258194, 7.62119293213], [-70.7316513062, -46.1853103638, 15.4764289856, 35.3733940125, 38.8296356201, 84.1662826538, 126.953117371, 59.1656570435, 21.6498889923, 18.1771678925, 24.216386795, 13.1714954376, 9.10310459137], [48.9045639038, -44.158290863, -2.47602844238, 29.6051254272, 32.9398269653, 33.1259384155, 59.1656570435, 96.1179656982, 57.490146637, 17.6602058411, 15.3896627426, 22.6142196655, 14.5898780823], [-48.6797485352, -89.5541381836, -20.0100574493, 37.9672698975, 45.160861969, 26.9730091095, 21.6498889923, 57.490146637, 98.6303482056, 41.6243896484, 21.0466461182, 28.084569931, 21.3487262726], [-76.6873931885, -74.7579650879, 22.4054985046, 6.73391628265, 18.1137485504, 31.5067863464, 18.1771678925, 17.6602058411, 41.6243896484, 86.2459564209, 49.1371765137, 22.2984771729, 16.5046672821], [-88.0840454102, -73.4783172607, -5.94603586197, 8.3582649231, 5.48111724854, 19.0919418335, 24.216386795, 15.3896627426, 21.0466461182, 49.1371765137, 77.2883300781, 42.2214698792, 19.5189533234], [-108.283180237, -96.3937835693, 7.9245018959, 12.9223604202, 17.0942459106, 13.0464258194, 13.1714954376, 22.6142196655, 28.084569931, 22.2984771729, 42.2214698792, 74.4571075439, 44.1382598877], [-166.183898926, -73.2695617676, 7.34535932541, 9.53492546082, 12.8561182022, 7.62119293213, 9.10310459137, 14.5898780823, 21.3487262726, 16.5046672821, 19.5189533234, 44.1382598877, 69.5927276611]], "icov": [[9.58810487646e-05, -0.000138912073453, 0.000299096369417, -0.000310227245791, 0.000227235184866, -0.000300668150885, 0.000264667498413, -0.000266741524683, 0.000271393975709, -0.000272403296549, 0.00025562258088, -0.000254217826296, 0.00017678081349], [-0.000138912073453, 0.000894128635991, -0.000430276879342, 0.000537509971764, -0.000549893477, 0.000859534775373, -0.000457215937786, 0.000189129146747, 5.72727949475e-05, 0.000482358154841, -0.000284083740553, 0.000916816352401, -2.47311363637e-05], [0.000299096369417, -0.000430276879342, 0.0028908723034, -0.00127565360162, 0.000458331836853, -0.00116728292778, 0.000852583325468, -0.00116269348655, 0.0023306675721, -0.00241476576775, 0.00215867348015, -0.00164264673367, 0.000600354804192], [-0.000310227245791, 0.000537509971764, -0.00127565360162, 0.00667248899117, -0.00446476973593, 0.00113015365787, -0.00127015262842, 0.00104234472383, -0.00198140437715, 0.00249937479384, -0.00218752538785, 0.00161132786889, -0.000699152878951], [0.000227235184866, -0.000549893477, 0.000458331836853, -0.00446476973593, 0.0106013836339, -0.00575575465336, 0.00222390540875, -0.000893764197826, -0.00163773470558, -0.000394608883653, 0.00199041073211, -0.00173319340684, 0.000232372025494], [-0.000300668150885, 0.000859534775373, -0.00116728292778, 0.00113015365787, -0.00575575465336, 0.0165401939303, -0.0107249775901, 0.00388685869984, -0.000944897998124, -0.00303762638941, 0.00124779890757, -0.000138620584039, 0.000743501354009], [0.000264667498413, -0.000457215937786, 0.000852583325468, -0.00127015262842, 0.00222390540875, -0.0107249775901, 0.0198194999248, -0.0120937423781, 0.00501916510984, 0.00111104245298, -0.00431172130629, 0.00235814903863, -0.00114823982585], [-0.000266741524683, 0.000189129146747, -0.00116269348655, 0.00104234472383, -0.000893764197826, 0.00388685869984, -0.0120937423781, 0.0248879231513, -0.0140842720866, 0.00343599985354, 0.000419408577727, -0.00236744480208, 0.000535363040399], [0.000271393975709, 5.72727949475e-05, 0.0023306675721, -0.00198140437715, -0.00163773470558, -0.000944897998124, 0.00501916510984, -0.0140842720866, 0.0246038138866, -0.0113625805825, 0.00521975476295, -0.00422032969072, -0.000204130541533], [-0.000272403296549, 0.000482358154841, -0.00241476576775, 0.00249937479384, -0.000394608883653, -0.00303762638941, 0.00111104245298, 0.00343599985354, -0.0113625805825, 0.0268012732267, -0.0179824791849, 0.00803141761571, -0.00361108547077], [0.00025562258088, -0.000284083740553, 0.00215867348015, -0.00218752538785, 0.00199041073211, 0.00124779890757, -0.00431172130629, 0.000419408577727, 0.00521975476295, -0.0179824791849, 0.0328140929341, -0.0182857755572, 0.0054124169983], [-0.000254217826296, 0.000916816352401, -0.00164264673367, 0.00161132786889, -0.00173319340684, -0.000138620584039, 0.00235814903863, -0.00236744480208, -0.00422032969072, 0.00803141761571, -0.0182857755572, 0.034052696079, -0.0162448324263], [0.00017678081349, -2.47311363637e-05, 0.000600354804192, -0.000699152878951, 0.000232372025494, 0.000743501354009, -0.00114823982585, 0.000535363040399, -0.000204130541533, -0.00361108547077, 0.0054124169983, -0.0162448324263, 0.0244155135006]], "mean": [-672.599609375, 105.193832397, -9.85638904572, 19.9386444092, 10.5275707245, 9.2174539566, 3.75518631935, 2.59458708763, -1.52154290676, 5.3454208374, 0.709428668022, -1.42798304558, -2.02131271362]}, "spectral_contrast_valleys": {"min": [-28.2677268982, -27.6713905334, -27.4793720245, -27.5595874786, -27.4939594269, -27.4109783173], "max": [-5.46957540512, -4.70545053482, -5.23011398315, -5.10705518723, -5.42610645294, -7.51735162735], "dvar2": [0.444250971079, 0.377368628979, 0.378329336643, 0.365682005882, 0.348983079195, 0.266817927361], "median": [-7.36550664902, -6.83771276474, -7.15895032883, -7.25275325775, -7.3201918602, -9.89408588409], "dmean2": [0.756911456585, 0.663776993752, 0.633002817631, 0.570378601551, 0.49876961112, 0.429497569799], "dmean": [0.491819888353, 0.427098333836, 0.411252498627, 0.390618085861, 0.368981063366, 0.3139282763], "var": [3.79012560844, 3.93805170059, 4.09930896759, 4.24491786957, 4.09057235718, 3.08136844635], "dvar": [0.236241310835, 0.186958760023, 0.18930336833, 0.195579633117, 0.175133913755, 0.136907428503], "mean": [-7.80465459824, -7.3370013237, -7.6692404747, -7.73525714874, -7.72481775284, -10.3487215042]}, "barkbands_flatness_db": {"min": 0.00931041967124, "max": 0.341863662004, "dvar2": 0.00214559654705, "median": 0.0931033939123, "dmean2": 0.0433141998947, "dmean": 0.0271196980029, "var": 0.00254720170051, "dvar": 0.000881838030182, "mean": 0.104583084583}, "dynamic_complexity": 5.93824958801, "erbbands_flatness_db": {"min": 0.0274576358497, "max": 0.367616057396, "dvar2": 0.000657626485918, "median": 0.129308909178, "dmean2": 0.0260221604258, "dmean": 0.0178364720196, "var": 0.00163369707298, "dvar": 0.000336675759172, "mean": 0.135796159506}, "hfc": {"min": 1.03989334962e-16, "max": 137.037963867, "dvar2": 168.166320801, "median": 13.2512140274, "dmean2"