{"lowlevel": {"spectral_complexity": {"min": 0, "max": 57, "dvar2": 38.8758659363, "median": 16, "dmean2": 5.29783201218, "dmean": 3.65253067017, "var": 131.070770264, "dvar": 23.1827888489, "mean": 17.3643722534}, "silence_rate_20dB": {"min": 1, "max": 1, "dvar2": 0, "median": 1, "dmean2": 0, "dmean": 0, "var": 0, "dvar": 0, "mean": 1}, "average_loudness": 0.894987046719, "erbbands_spread": {"min": 3.94189667702, "max": 177.805099487, "dvar2": 227.501556396, "median": 44.0138549805, "dmean2": 13.2456188202, "dmean": 8.70373630524, "var": 438.7605896, "dvar": 101.609405518, "mean": 46.5972557068}, "spectral_kurtosis": {"min": -1.21156549454, "max": 71.8446273804, "dvar2": 11.8947486877, "median": 3.92964148521, "dmean2": 2.19310522079, "dmean": 1.34142267704, "var": 33.7683639526, "dvar": 4.49830389023, "mean": 5.1777639389}, "barkbands_kurtosis": {"min": -1.94995462894, "max": 149.001968384, "dvar2": 124.238143921, "median": 2.97883915901, "dmean2": 6.13784265518, "dmean": 3.84163832664, "var": 141.976287842, "dvar": 52.250667572, "mean": 6.75062131882}, "spectral_strongpeak": {"min": 0, "max": 10.7088050842, "dvar2": 1.9951967001, "median": 0.43108895421, "dmean2": 0.813720464706, "dmean": 0.469031274319, "var": 0.920440971851, "dvar": 0.752572059631, "mean": 0.72711712122}, "spectral_spread": {"min": 1068298.375, "max": 40850764, "dvar2": 1138170789890.0, "median": 4646150, "dmean2": 772169.4375, "dmean": 545875.3125, "var": 4812730531840.0, "dvar": 653594525696, "mean": 4991412}, "spectral_rms": {"min": 2.94085396035e-07, "max": 0.0128156542778, "dvar2": 3.22784103446e-06, "median": 0.00460217613727, "dmean2": 0.00128559698351, "dmean": 0.000849753501825, "var": 5.35495701115e-06, "dvar": 1.4225142877e-06, "mean": 0.0045117624104}, "erbbands": {"min": [2.05776826134e-10, 2.70526812757e-11, 5.50580067649e-12, 7.4314009807e-12, 1.30639839224e-11, 5.12531891927e-11, 6.9397314284e-11, 1.08343570226e-10, 1.40216310784e-10, 2.74496758657e-10, 4.57610283e-10, 7.30635718593e-10, 3.27417259971e-10, 4.61113036643e-10, 4.86842899328e-10, 3.49612561124e-10, 1.18840737251e-09, 1.64165947503e-09, 3.00478331106e-09, 3.14559533976e-09, 1.22862353624e-09, 1.04072939155e-09, 1.61980762137e-09, 2.86480594802e-09, 2.68957900396e-09, 3.51675111254e-09, 4.44279946166e-09, 5.66053692808e-09, 1.06949729073e-08, 4.34280789108e-09, 3.22632476291e-09, 2.06380423862e-09, 2.14442241742e-09, 1.75571857053e-09, 1.44805911706e-09, 1.63022351174e-09, 8.14693645879e-10, 5.31007626758e-10, 1.89475324319e-09, 1.45835954424e-09], "max": [1.6126742363, 19.5633773804, 107.546569824, 187.209564209, 154.212463379, 351.455993652, 227.002120972, 484.302856445, 557.421936035, 1125.36767578, 1340.27172852, 1330.72387695, 853.568786621, 1038.91442871, 897.872253418, 1115.94665527, 1050.54199219, 816.401367188, 995.389099121, 1299.32189941, 812.50567627, 551.621704102, 377.858673096, 396.17199707, 459.786468506, 341.557006836, 198.098129272, 273.480499268, 395.899078369, 357.539031982, 244.70098877, 221.290496826, 140.383255005, 143.894485474, 89.422203064, 51.7740516663, 9.95373821259, 1.2868142128, 0.125769928098, 0.00588674284518], "dvar2": [0.0318200960755, 9.52166461945, 218.412124634, 413.996643066, 358.318603516, 2786.89233398, 982.131225586, 1885.31787109, 1578.76013184, 4356.70605469, 7087.12353516, 3504.45507812, 3943.28051758, 3565.6784668, 2554.60375977, 2494.21704102, 2163.44848633, 3097.58837891, 3921.23461914, 4129.12255859, 2326.87402344, 949.736877441, 358.698455811, 644.850769043, 1170.33752441, 459.314453125, 137.580032349, 195.804244995, 170.880966187, 202.395278931, 152.308792114, 96.8478164673, 40.3399505615, 19.7454833984, 5.30131292343, 1.3212198019, 0.0796368867159, 0.00352663267404, 5.82751563343e-05, 1.61127729825e-07], "median": [0.00785845145583, 0.169417992234, 1.75050973892, 4.44448757172, 5.605676651, 7.60695505142, 8.29570198059, 7.33979892731, 5.92585802078, 7.24304294586, 5.66081571579, 7.88154411316, 7.38227176666, 4.01621675491, 4.09034633636, 4.16937923431, 4.86936092377, 6.65968227386, 6.95831251144, 7.03448390961, 9.33039474487, 6.57797765732, 5.30961370468, 8.87307262421, 11.7727775574, 6.76671457291, 3.44795012474, 2.6413629055, 2.18583011627, 1.49948704243, 1.1486825943, 0.680848658085, 0.417790234089, 0.227860897779, 0.163188233972, 0.0548521801829, 0.0136536499485, 0.00264968699776, 0.000283016037429, 4.98556619277e-05], "dmean2": [0.0687101408839, 1.14920926094, 6.32141447067, 9.56588840485, 10.8657894135, 21.0717468262, 16.0160140991, 21.0162200928, 17.2719135284, 22.9690246582, 26.845998764, 24.5945854187, 24.7851352692, 18.8425006866, 18.4944114685, 15.754445076, 17.4001655579, 21.8467941284, 22.1584644318, 19.5235881805, 21.130115509, 14.9340829849, 9.46456813812, 13.1809234619, 17.6804180145, 10.4132375717, 5.57409858704, 5.41584587097, 4.46918392181, 3.96177744865, 3.01509189606, 2.26940751076, 1.40435707569, 0.881158053875, 0.532424688339, 0.304436594248, 0.0953547656536, 0.0210474431515, 0.00266257929616, 0.000144582794746], "dmean": [0.0383793860674, 0.639294445515, 3.70067381859, 5.78247594833, 6.48883485794, 12.4361801147, 9.7076177597, 13.1850194931, 10.8238019943, 14.493686676, 17.2439498901, 15.5260229111, 15.5649642944, 11.937210083, 11.5665559769, 10.2181034088, 11.0824661255, 13.7803859711, 13.7665948868, 12.6760215759, 13.5566272736, 9.59087085724, 6.14050722122, 8.33746623993, 11.3571615219, 6.78628110886, 3.88143181801, 3.77566051483, 3.09196901321, 2.77540135384, 2.06265997887, 1.58921599388, 0.969123780727, 0.609534859657, 0.367871046066, 0.206072628498, 0.0642326697707, 0.0138596836478, 0.00171776826028, 9.40371464822e-05], "var": [0.00957102980465, 2.67591309547, 90.027305603, 210.592941284, 190.699966431, 880.429321289, 456.939025879, 1078.57434082, 997.966674805, 2209.93505859, 4341.22167969, 2265.4987793, 3012.29663086, 3010.3059082, 1714.07116699, 1976.52526855, 1763.34082031, 2378.56445312, 2265.78735352, 2518.11035156, 2000.0078125, 926.978942871, 491.599334717, 667.099975586, 1153.89123535, 399.911682129, 169.060897827, 223.525177002, 211.8618927, 264.870880127, 140.762084961, 93.686882019, 35.4178123474, 16.8812675476, 5.37158107758, 1.1023696661, 0.0716966539621, 0.00202512135729, 2.80847634713e-05, 7.24325914803e-08], "dvar": [0.0106787811965, 3.22656440735, 83.296585083, 157.746704102, 131.733520508, 1041.38208008, 368.178222656, 775.637573242, 613.656311035, 1766.86035156, 2903.23657227, 1378.73999023, 1584.15222168, 1415.19934082, 1020.47564697, 1110.72119141, 964.188903809, 1297.25219727, 1576.38024902, 1732.11193848, 953.097961426, 389.84487915, 163.668579102, 263.623657227, 493.331939697, 200.733978271, 71.5344314575, 102.385253906, 81.9989242554, 100.468643188, 70.1068572998, 47.2754440308, 19.1326141357, 9.5084810257, 2.80622291565, 0.676198840141, 0.041401732713, 0.0015834699152, 2.51733163168e-05, 6.80435334743e-08], "mean": [0.0417083092034, 0.749652028084, 5.17327690125, 9.73983097076, 10.5147829056, 15.71575737, 15.0676898956, 19.3847732544, 17.3450756073, 21.6848983765, 26.2509555817, 25.6045608521, 25.4654407501, 19.704000473, 18.1458644867, 15.946387291, 17.5249443054, 21.5009899139, 21.6287689209, 20.9801139832, 24.8178329468, 18.5461273193, 12.7766504288, 17.6868591309, 23.3815345764, 13.5233745575, 7.71658706665, 7.0547952652, 6.10192489624, 5.67189311981, 3.89900183678, 2.75894761086, 1.63188111782, 0.941137969494, 0.544998109341, 0.255822211504, 0.0763351023197, 0.0155133400112, 0.00188074365724, 0.000127057777718]}, "zerocrossingrate": {"min": 0.0048828125, "max": 0.79296875, "dvar2": 0.00026073429035, "median": 0.0537109375, "dmean2": 0.0130286095664, "dmean": 0.0111688105389, "var": 0.00970482546836, "dvar": 0.000231079058722, "mean": 0.0712381452322}, "spectral_contrast_coeffs": {"min": [-0.992135345936, -0.970032215118, -0.975990772247, -0.962210655212, -0.957543075085, -0.961878418922], "max": [-0.293936520815, -0.409583032131, -0.474629282951, -0.541271150112, -0.578829705715, -0.601187646389], "dvar2": [0.00529321096838, 0.00417869072407, 0.00237598316744, 0.00169093662407, 0.00083938339958, 0.000600727216806], "median": [-0.589104056358, -0.722417712212, -0.772276878357, -0.773744106293, -0.78545832634, -0.763960599899], "dmean2": [0.086692251265, 0.0757434442639, 0.0594342723489, 0.0487830787897, 0.0349142402411, 0.0265290141106], "dmean": [0.0519737713039, 0.0467401631176, 0.0374510958791, 0.0315208137035, 0.0220920518041, 0.0172194242477], "var": [0.00837094988674, 0.00607508094981, 0.0050259847194, 0.00417125783861, 0.0028969491832, 0.00210461136885], "dvar": [0.00195232697297, 0.00159831054043, 0.00101686373819, 0.000745683675632, 0.000371859176084, 0.00027758514625], "mean": [-0.59173387289, -0.720276415348, -0.768357515335, -0.771524190903, -0.783720612526, -0.769610702991]}, "dissonance": {"min": 0.264117747545, "max": 0.500000059605, "dvar2": 0.000768101133872, "median": 0.471167266369, "dmean2": 0.0280546955764, "dmean": 0.0168408676982, "var": 0.000788047385868, "dvar": 0.000291725125862, "mean": 0.464109063148}, "spectral_energyband_high": {"min": 4.64051228e-11, "max": 0.0259572621435, "dvar2": 2.10928646993e-06, "median": 0.000348536064848, "dmean2": 0.000555228325538, "dmean": 0.000411511486163, "var": 3.09832876155e-06, "dvar": 1.13047610739e-06, "mean": 0.000879435916431}, "spectral_skewness": {"min": -0.243110954762, "max": 6.55854558945, "dvar2": 0.104996755719, "median": 1.49168610573, "dmean2": 0.293035686016, "dmean": 0.188703209162, "var": 0.478241473436, "dvar": 0.0448999218643, "mean": 1.60456204414}, "spectral_flux": {"min": 1.34257361424e-05, "max": 0.377312988043, "dvar2": 0.0028464323841, "median": 0.0720030069351, "dmean2": 0.0400824844837, "dmean": 0.0260532405227, "var": 0.00331796426326, "dvar": 0.00131663924549, "mean": 0.0805282667279}, "silence_rate_30dB": {"min": 0, "max": 1, "dvar2": 0.00984763354063, "median": 1, "dmean2": 0.00673542404547, "dmean": 0.0033673576545, "var": 0.0017854757607, "dvar": 0.00335610937327, "mean": 0.99821126461}, "spectral_energyband_middle_high": {"min": 3.2520560138e-13, "max": 0.0479939952493, "dvar2": 1.43516135722e-05, "median": 0.00246110884473, "dmean2": 0.00225342158228, "dmean": 0.00152935786173, "var": 2.47097559622e-05, "dvar": 6.3941447479e-06, "mean": 0.00424991454929}, "barkbands_spread": {"min": 0.565760076046, "max": 157.223907471, "dvar2": 143.319793701, "median": 18.9445972443, "dmean2": 9.08921813965, "dmean": 5.94418907166, "var": 403.24786377, "dvar": 65.5378189087, "mean": 23.177822113}, "spectral_centroid": {"min": 167.69758606, "max": 10807.1298828, "dvar2": 232346.078125, "median": 1152.17773438, "dmean2": 392.57635498, "dmean": 256.415435791, "var": 573540, "dvar": 113899.125, "mean": 1265.5279541}, "pitch_salience": {"min": 0.157673329115, "max": 0.846843004227, "dvar2": 0.011015557684, "median": 0.567171037197, "dmean2": 0.112291522324, "dmean": 0.0691660866141, "var": 0.0106750857085, "dvar": 0.00412636436522, "mean": 0.562314808369}, "erbbands_skewness": {"min": -4.83013439178, "max": 5.70857286453, "dvar2": 0.335498869419, "median": 0.311630368233, "dmean2": 0.548692286015, "dmean": 0.359863936901, "var": 0.698566973209, "dvar": 0.15796071291, "mean": 0.304204076529}, "erbbands_crest": {"min": 2.2576174736, "max": 28.2331619263, "dvar2": 14.2202348709, "median": 7.38336849213, "dmean2": 3.89711427689, "dmean": 2.39552402496, "var": 12.8636751175, "dvar": 5.65842342377, "mean": 8.17397975922}, "melbands": {"min": [1.770008402e-12, 1.04039564016e-15, 1.49258132031e-15, 3.04291694686e-15, 3.29133032271e-15, 3.0473386706e-15, 2.12352388074e-15, 2.55897610739e-15, 4.45864845017e-15, 4.80128344173e-15, 1.51944221738e-15, 1.7954455739e-15, 1.83811803499e-15, 7.38059299854e-16, 1.53740556273e-15, 2.51227198123e-15, 3.28537589285e-15, 5.05213860181e-15, 3.84198432413e-15, 3.06369381802e-15, 1.16445896775e-15, 9.43449754728e-16, 1.42359419253e-15, 1.40152654903e-15, 2.30433809817e-15, 2.90188892576e-15, 9.05369165123e-16, 2.90190353707e-15, 3.14881469999e-15, 2.75742872715e-15, 3.13364730452e-15, 6.38522700629e-15, 3.74923082828e-15, 2.10602121544e-15, 1.50093041819e-15, 2.03263533968e-15, 1.15522832033e-15, 1.72740775829e-15, 1.18644190796e-15, 1.62820590649e-15], "max": [0.014629073441, 0.0423558540642, 0.0270441342145, 0.0171905364841, 0.0086483694613, 0.00966196786612, 0.00821131467819, 0.0135321719572, 0.0117937289178, 0.00812943466008, 0.00411877641454, 0.00472202850506, 0.00301002082415, 0.00238350266591, 0.00344393285923, 0.00159984698985, 0.0018801499391, 0.00180784938857, 0.00313436309807, 0.00120527856052, 0.00118198664859, 0.000767534482293, 0.000534440972842, 0.000390709348721, 0.000372759794118, 0.000367752771126, 0.000273026351351, 0.000301978638163, 0.000106298575702, 0.000315312150633, 0.000159809045726, 0.000242779686232, 0.00020099314861, 0.000239002707531, 0.000174288885319, 0.000150833802763, 0.000139356750879, 0.000107301231765, 0.000114314403618, 0.000140229531098], "dvar2": [5.20452113051e-06, 3.88990047213e-05, 9.99351232167e-06, 6.42861141387e-06, 1.56041585342e-06, 7.87675787706e-07, 3.32495744715e-07, 6.20032437837e-07, 4.29451006312e-07, 1.24313572769e-07, 1.01587374957e-07, 7.0589265988e-08, 3.18831467894e-08, 1.56212802693e-08, 1.53227865951e-08, 7.33611260628e-09, 1.43396716723e-08, 9.70785318799e-09, 1.66942211166e-08, 5.66088953491e-09, 4.23715151854e-09, 1.67629155001e-09, 9.03230379379e-10, 3.52254198033e-10, 5.63222135597e-10, 8.56813398009e-10, 3.48264389549e-10, 2.66949101713e-10, 5.79791492594e-11, 1.4764206524e-10, 5.61616378403e-11, 6.28453747376e-11, 7.01726177166e-11, 7.21997531206e-11, 5.98970179011e-11, 4.47457904063e-11, 3.87466829455e-11, 2.44250834835e-11, 1.57390125238e-11, 1.48835718056e-11], "median": [0.000105736442492, 0.000746248930227, 0.00087016983889, 0.000491740414873, 0.0003374859225, 0.000169837570866, 8.64959583851e-05, 7.6766264101e-05, 4.59399125248e-05, 4.47445818281e-05, 3.30013426719e-05, 1.31782453536e-05, 1.24505731947e-05, 9.93644971459e-06, 1.15410975923e-05, 7.67539677327e-06, 1.18118095997e-05, 1.02764770418e-05, 8.25075039756e-06, 9.38380799198e-06, 9.61237128649e-06, 6.24999893262e-06, 4.6222430683e-06, 4.2225656216e-06, 6.4151654442e-06, 8.66416849021e-06, 6.61070953356e-06, 3.64293509847e-06, 2.10806183532e-06, 1.50297773871e-06, 1.42597400554e-06, 1.24233088172e-06, 9.51791548687e-07, 7.50022252305e-07, 7.19729428056e-07, 4.33686295764e-07, 3.78566937798e-07, 2.96207986139e-07, 2.27466458114e-07, 1.60789369374e-07], "dmean2": [0.000862667395268, 0.00263446266763, 0.00157004222274, 0.00113815465011, 0.000632448238321, 0.000451903935755, 0.000254466343904, 0.00026940763928, 0.000220949412324, 0.000146408856381, 0.000124933954794, 8.04084920674e-05, 6.45094041829e-05, 4.43876160716e-05, 4.26214974141e-05, 3.31880182785e-05, 4.61262388853e-05, 3.59159785148e-05, 3.27142442984e-05, 2.81147767964e-05, 2.69014253718e-05, 1.77029542101e-05, 1.38311943374e-05, 8.40026768856e-06, 1.17498948384e-05, 1.53674318426e-05, 1.01709620139e-05, 7.02099441696e-06, 3.90286004404e-06, 4.00626458941e-06, 3.17122317028e-06, 2.76259697785e-06, 2.49058803092e-06, 2.33945684158e-06, 1.98262273443e-06, 1.52542554588e-06, 1.45328090184e-06, 1.08389485831e-06, 8.58014288951e-07, 7.49102014197e-07], "dmean": [0.000475872308016, 0.00153327011503, 0.000948472530581, 0.000669155269861, 0.000384117098292, 0.0002839815279, 0.000159192626597, 0.000171108564246, 0.000141171214636, 9.21865357668e-05, 7.80288537499e-05, 5.06144315295e-05, 4.0190450818e-05, 2.88088849629e-05, 2.71637672995e-05, 2.12310260395e-05, 2.88268547592e-05, 2.22699109145e-05, 2.07558314287e-05, 1.83307238331e-05, 1.71458250406e-05, 1.13066707854e-05, 8.80101197254e-06, 5.40075052413e-06, 7.33873002901e-06, 9.72265934251e-06, 6.48870036457e-06, 4.50249353889e-06, 2.60025308307e-06, 2.77584922515e-06, 2.14650140151e-06, 1.87193722923e-06, 1.68327142092e-06, 1.60953015893e-06, 1.3119470168e-06, 1.05426317987e-06, 9.93324306364e-07, 7.37551204111e-07, 5.87918350448e-07, 5.04047818595e-07], "var": [1.44037881e-06, 1.55896195793e-05, 5.35038498128e-06, 2.2091428491e-06, 6.8824454047e-07, 4.9761581522e-07, 2.14911381136e-07, 3.26066128764e-07, 2.72939132628e-07, 8.12832539054e-08, 7.49236619413e-08, 5.57267796353e-08, 2.15506705814e-08, 1.15897051955e-08, 1.28349668671e-08, 5.67626790016e-09, 1.04006572244e-08, 5.50008927291e-09, 7.98658739143e-09, 4.01018773744e-09, 3.54299967142e-09, 1.39986466863e-09, 1.09550668537e-09, 3.65507873967e-10, 5.08120767684e-10, 8.28851098866e-10, 3.23483129172e-10, 1.90539140021e-10, 5.68181127147e-11, 1.50154694234e-10, 6.25941451449e-11, 6.75702549469e-11, 7.75818298493e-11, 8.6986196024e-11, 5.1378873378e-11, 4.1538231188e-11, 3.37650012117e-11, 1.97438333044e-11, 1.32553360649e-11, 1.24805643251e-11], "dvar": [1.70810949385e-06, 1.461730335e-05, 3.8342964217e-06, 2.391956059e-06, 5.95582491769e-07, 3.29708171876e-07, 1.3038605573e-07, 2.55404330574e-07, 1.74647055928e-07, 4.92773111205e-08, 4.05447977414e-08, 2.75615565926e-08, 1.28060460014e-08, 6.82709710986e-09, 6.84250966998e-09, 3.24029492127e-09, 5.96632032668e-09, 3.93223364981e-09, 6.78936640242e-09, 2.4001496346e-09, 1.69975133968e-09, 6.82473966229e-10, 3.97741145575e-10, 1.52753046323e-10, 2.25518964614e-10, 3.55844881339e-10, 1.4991050068e-10, 1.1527587912e-10, 2.67046385005e-11, 7.85485496091e-11, 2.81236128136e-11, 2.9161204701e-11, 3.18582694947e-11, 3.53678683562e-11, 2.66595460985e-11, 2.15061874559e-11, 1.83636075096e-11, 1.12668355548e-11, 7.55939408292e-12, 7.19727099099e-12], "mean": [0.000530115736183, 0.00217887177132, 0.00170055823401, 0.000939934747294, 0.000591121031903, 0.000434919697, 0.000253122416325, 0.000251796853263, 0.000215621083044, 0.000149446874275, 0.000123091391288, 7.86872842582e-05, 6.09878006799e-05, 4.20272517658e-05, 4.23754172516e-05, 3.11274015985e-05, 4.24294667027e-05, 3.32355812134e-05, 2.97892802337e-05, 2.91820997518e-05, 2.99610837828e-05, 2.00018203032e-05, 1.56955338753e-05, 1.00706374724e-05, 1.41429763971e-05, 1.87689438462e-05, 1.27587181851e-05, 8.14852955955e-06, 4.75846991321e-06, 4.77245521324e-06, 3.79322159461e-06, 3.45169928551e-06, 3.23655717693e-06, 3.12866131935e-06, 2.38242273554e-06, 1.77377637556e-06, 1.63387744578e-06, 1.18955824746e-06, 9.13893700272e-07, 7.47760338982e-07]}, "spectral_entropy": {"min": 4.69986724854, "max": 9.80699825287, "dvar2": 0.0694552287459, "median": 7.55851507187, "dmean2": 0.229752972722, "dmean": 0.164511322975, "var": 0.278437554836, "dvar": 0.0361596606672, "mean": 7.49119615555}, "spectral_rolloff": {"min": 107.666015625, "max": 21447.0703125, "dvar2": 2154732.75, "median": 818.26171875, "dmean2": 826.643859863, "dmean": 504.00479126, "var": 9579000, "dvar": 1055181.75, "mean": 1716.21923828}, "barkbands": {"min": [7.77944549057e-12, 2.18010532587e-13, 5.8106423124e-16, 9.51911613871e-16, 1.57084987514e-14, 1.36599063698e-14, 1.16503808418e-14, 9.9641381436e-15, 3.14146834089e-14, 8.51756341781e-15, 1.26914139801e-14, 5.90671564801e-15, 2.45364556987e-14, 4.34607319751e-14, 5.25814912715e-14, 3.16304125361e-14, 1.79014297824e-14, 3.02461709649e-14, 6.50046897278e-14, 8.97199049538e-14, 1.02861282317e-13, 2.41537258944e-13, 1.26345304661e-13, 1.0885771993e-13, 1.72138182614e-13, 4.10611323588e-13, 4.70430534805e-11], "max": [0.00597278727219, 0.0699932128191, 0.111895024776, 0.0620145946741, 0.0663889348507, 0.0415669009089, 0.0348845049739, 0.0650924667716, 0.0434199757874, 0.0371202491224, 0.0181815642864, 0.0277974195778, 0.0192936137319, 0.0173429269344, 0.0283931251615, 0.0125420121476, 0.0125354323536, 0.0093593923375, 0.00687658414245, 0.00652391090989, 0.00678433571011, 0.010824884288, 0.00943115353584, 0.00756076397374, 0.0127018615603, 0.00772452866659, 0.00068299297709], "dvar2": [1.30517264552e-07, 0.000121789234981, 0.000225190189667, 4.27904706157e-05, 9.98265823e-05, 1.76400717464e-05, 7.43367445466e-06, 1.82181356649e-05, 5.30521174369e-06, 4.84832435177e-06, 1.57715794558e-06, 1.3483119119e-06, 9.55758196142e-07, 1.29513944103e-06, 2.34505387198e-06, 8.6935199306e-07, 6.49815547149e-07, 1.36828745667e-07, 3.97538201469e-07, 1.85300706335e-07, 1.14879291857e-07, 1.46601763618e-07, 1.97347461039e-07, 1.54150242793e-07, 1.19394272247e-07, 3.63567416173e-08, 1.89019400132e-09], "median": [8.90101182449e-06, 0.000501768081449, 0.00189523794688, 0.00137422303669, 0.00233862036839, 0.00096796755679, 0.000380286306608, 0.000288525479846, 0.000281800050288, 0.000203444840736, 8.48045019666e-05, 7.65807926655e-05, 8.86308116606e-05, 0.000117373449029, 0.000123484991491, 0.000149452360347, 0.000115103881399, 8.65830443217e-05, 0.000234735693084, 0.000135402544402, 6.60097430227e-05, 5.9518875787e-05, 4.13856578234e-05, 2.82487180812e-05, 2.31375488511e-05, 8.61312219058e-06, 1.77948300006e-06], "dmean2": [0.000140401738463, 0.0041203587316, 0.006499981042, 0.00326335709542, 0.00473611243069, 0.00225587794557, 0.00117813260294, 0.00142107182182, 0.00101739156526, 0.000830908014905, 0.000468056357931, 0.000381783145713, 0.000372436101316, 0.000448673352366, 0.000463155505713, 0.000388769287383, 0.000344006170053, 0.000176521542016, 0.000347059918568, 0.000219671055675, 0.000133571200422, 0.000123518591863, 0.000111224515422, 9.1782421805e-05, 7.42563570384e-05, 5.82101711188e-05, 1.5543655536e-05], "dmean": [8.55060934555e-05, 0.00227426667698, 0.00384367094375, 0.00195630663075, 0.0028265255969, 0.00141303054988, 0.000728752464056, 0.000910605245735, 0.00063896807842, 0.000518914137501, 0.000290276046144, 0.000248025782639, 0.00023608909396, 0.000279456347926, 0.000290366995614, 0.000249144126428, 0.000220792921027, 0.000114267451863, 0.000220273854211, 0.000142450502608, 9.37722215895e-05, 8.53796518641e-05, 7.70264305174e-05, 6.47036868031e-05, 5.21014299011e-05, 3.94027956645e-05, 1.00428387668e-05], "var": [6.12188699733e-08, 3.33283023792e-05, 9.46543150349e-05, 2.10469861486e-05, 3.78082695534e-05, 1.18717734949e-05, 4.31310309068e-06, 1.02935637187e-05, 3.56323380402e-06, 3.52027700501e-06, 1.07864639176e-06, 1.03607328583e-06, 7.43343775866e-07, 9.49070397382e-07, 1.2482727243e-06, 6.52968140002e-07, 6.15815508809e-07, 1.78784702598e-07, 4.02430572422e-07, 1.64884369269e-07, 1.36294900699e-07, 1.78345999302e-07, 1.98579968469e-07, 1.5712465995e-07, 1.19337997262e-07, 3.10622638722e-08, 9.06217767493e-10], "dvar": [5.47724177125e-08, 4.04745405831e-05, 8.49052739795e-05, 1.61751559062e-05, 3.76043644792e-05, 7.45342413211e-06, 2.93612583846e-06, 7.54770871936e-06, 2.11470387512e-06, 1.89105332993e-06, 6.38935603092e-07, 6.13515283021e-07, 4.22069490469e-07, 5.3802034472e-07, 9.50750006723e-07, 3.61137153959e-07, 2.67700414724e-07, 6.25802201171e-08, 1.63622530636e-07, 8.13004845668e-08, 6.19701197024e-08, 6.95389061889e-08, 9.32750054972e-08, 7.67765016008e-08, 6.18736564206e-08, 1.87290734033e-08, 8.18694056992e-10], "mean": [8.92975076567e-05, 0.00256362347864, 0.00551556283608, 0.00301401782781, 0.00420728744939, 0.00223876000382, 0.00109101587441, 0.00131459860131, 0.00100845715497, 0.000823159818538, 0.000428205094067, 0.000348984962329, 0.000346928165527, 0.000418288254878, 0.000429173262091, 0.000410627224483, 0.000404076592531, 0.000216356260353, 0.000459822098492, 0.000276235601632, 0.000177424008143, 0.000170226820046, 0.000149790255819, 0.000113074216642, 8.04289156804e-05, 4.73823856737e-05, 1.09892016553e-05]}, "melbands_flatness_db": {"min": 0.0367194004357, "max": 0.513230264187, "dvar2": 0.00163330172654, "median": 0.198661983013, "dmean2": 0.0380804762244, "dmean": 0.0253710728139, "var": 0.00574283674359, "dvar": 0.000729366787709, "mean": 0.212761163712}, "melbands_skewness": {"min": -3.22535824776, "max": 14.4781179428, "dvar2": 2.43016767502, "median": 2.98185920715, "dmean2": 1.25816595554, "dmean": 0.809377253056, "var": 3.70380926132, "dvar": 0.99156832695, "mean": 3.35229158401}, "barkbands_skewness": {"min": -6.71055603027, "max": 10.4579238892, "dvar2": 1.15743041039, "median": 1.75072312355, "dmean2": 0.909329533577, "dmean": 0.589221179485, "var": 2.02549052238, "dvar": 0.486061453819, "mean": 1.9458373785}, "silence_rate_60dB": {"min": 0, "max": 1, "dvar2": 0.0371960029006, "median": 0, "dmean2": 0.0332561582327, "dmean": 0.0166263282299, "var": 0.113453887403, "dvar": 0.0163482539356, "mean": 0.130471378565}, "spectral_energyband_low": {"min": 7.58044755439e-12, "max": 0.153571605682, "dvar2": 0.000562712841202, "median": 0.00386779941618, "dmean2": 0.010420050472, "dmean": 0.00617113662884, "var": 0.00025979737984, "dvar": 0.000212778235436, "mean": 0.0100105870515}, "spectral_energyband_middle_low": {"min": 2.08902881972e-13, "max": 0.086809553206, "dvar2": 0.00023307777883, "median": 0.0107664652169, "dmean2": 0.00928336847574, "dmean": 0.00584713323042, "var": 0.000151941494551, "dvar": 9.51812471612e-05, "mean": 0.0132600665092}, "melbands_kurtosis": {"min": -1.8891671896, "max": 344.642303467, "dvar2": 908.753417969, "median": 11.6758155823, "dmean2": 15.9216938019, "dmean": 9.91187095642, "var": 868.612976074, "dvar": 355.079681396, "mean": 21.0320415497}, "spectral_decrease": {"min": -4.38851905926e-08, "max": 2.34328038498e-16, "dvar2": 4.93316389082e-17, "median": -5.29674482053e-09, "dmean2": 4.16982226525e-09, "dmean": 2.62046473409e-09, "var": 3.42763661158e-17, "dvar": 1.98712258521e-17, "mean": -6.52299858572e-09}, "erbbands_kurtosis": {"min": -1.82647800446, "max": 50.8007469177, "dvar2": 5.48506402969, "median": -0.480318427086, "dmean2": 1.31118631363, "dmean": 0.83758187294, "var": 5.31284570694, "dvar": 2.5552957058, "mean": 0.185431852937}, "melbands_crest": {"min": 2.98035883904, "max": 37.4577445984, "dvar2": 22.6223468781, "median": 13.327457428, "dmean2": 5.08372545242, "dmean": 3.07345747948, "var": 30.1166687012, "dvar": 8.51211166382, "mean": 14.2508420944}, "gfcc": {"cov": [[33732.1328125, -29.0744113922, -2546.42919922, 1162.49963379, -1870.90686035, 272.233795166, -980.168395996, 441.584350586, -738.531555176, 220.599655151, -585.883239746, 102.331893921, -510.575775146], [-29.0744113922, 1823.92553711, -303.667663574, -143.110015869, 169.781280518, -158.346542358, 44.3167152405, -70.7367782593, -13.8012752533, -48.1622695923, 2.90411090851, -98.2856216431, 11.2580423355], [-2546.42919922, -303.667663574, 978.275268555, 1.8202174902, 211.462219238, 152.828994751, 101.220817566, -18.2224826813, 69.70362854, 7.66286230087, 26.0277385712, 50.7255172729, 4.10625314713], [1162.49963379, -143.110015869, 1.8202174902, 536.37310791, 16.2990665436, 19.2656536102, -17.0368213654, 17.3660354614, -13.8985996246, -7.45700931549, -7.60853385925, 10.2636222839, 3.76542162895], [-1870.90686035, 169.781280518, 211.462219238, 16.2990665436, 369.597930908, -14.5255842209, 77.6749954224, -4.03629493713, 46.6640510559, -2.92091488838, 11.5895519257, -20.8924598694, 40.7422943115], [272.233795166, -158.346542358, 152.828994751, 19.2656536102, -14.5255842209, 237.961425781, 89.8362808228, 31.0449237823, 10.5655136108, 4.56097602844, 5.4970998764, 12.6164903641, -23.3601779938], [-980.168395996, 44.3167152405, 101.220817566, -17.0368213654, 77.6749954224, 89.8362808228, 207.639221191, 33.9815864563, 30.3477134705, -8.49802494049, 31.7076187134, -4.71853685379, 7.95139360428], [441.584350586, -70.7367782593, -18.2224826813, 17.3660354614, -4.03629493713, 31.0449237823, 33.9815864563, 126.762802124, 37.237159729, 12.8183403015, -6.0334239006, 6.2111992836, -6.08987522125], [-738.531555176, -13.8012752533, 69.70362854, -13.8985996246, 46.6640510559, 10.5655136108, 30.3477134705, 37.237159729, 111.023544312, 22.5387458801, 9.89935779572, -11.1207323074, 9.53724002838], [220.599655151, -48.1622695923, 7.66286230087, -7.45700931549, -2.92091488838, 4.56097602844, -8.49802494049, 12.8183403015, 22.5387458801, 73.3367538452, 19.5535926819, 3.86032414436, -9.66914463043], [-585.883239746, 2.90411090851, 26.0277385712, -7.60853385925, 11.5895519257, 5.4970998764, 31.7076187134, -6.0334239006, 9.89935779572, 19.5535926819, 85.9167785645, 26.8541679382, 10.6994867325], [102.331893921, -98.2856216431, 50.7255172729, 10.2636222839, -20.8924598694, 12.6164903641, -4.71853685379, 6.2111992836, -11.1207323074, 3.86032414436, 26.8541679382, 80.8421478271, 21.6632900238], [-510.575775146, 11.2580423355, 4.10625314713, 3.76542162895, 40.7422943115, -23.3601779938, 7.95139360428, -6.08987522125, 9.53724002838, -9.66914463043, 10.6994867325, 21.6632900238, 70.0952453613]], "icov": [[0.000137027542223, -0.000121688644867, 0.000211534497794, -0.000273041543551, 0.000348465371644, -0.000374481780455, 0.000382068828912, -0.000519559020177, 0.000675307528581, -0.000716248527169, 0.000828851363622, -0.000473034480819, 0.000433100300143], [-0.000121688644867, 0.000836572377011, 8.63849927555e-05, 0.000410094769904, -0.000722709984984, 0.00064692471642, -0.000601453299168, 0.000795605650637, -0.000584894267377, 0.00102787895594, -0.000942926388234, 0.000916193064768, -0.000192675142898], [0.000211534497794, 8.63849927555e-05, 0.00197380990721, -0.000327782327076, -0.000574144010898, -0.00138232042082, 0.000395335577196, 0.000187760640983, 1.76747562364e-05, -0.000826614093967, 0.00151180347893, -0.00217199302278, 0.00159750599414], [-0.000273041543551, 0.000410094769904, -0.000327782327076, 0.0025064360816, -0.00102708209306, 0.000513339182362, -0.00043315286166, 0.000700857723132, -0.00100916915108, 0.00172105187085, -0.00167802360374, 0.000894663913641, -0.000937709701248], [0.000348465371644, -0.000722709984984, -0.000574144010898, -0.00102708209306, 0.0051293130964, -7.43993950891e-05, -0.000199041867745, -0.00146571104415, 0.00130705104675, -0.0023054506164, 0.0021375794895, 0.000553658639546, -0.00136106950231], [-0.000374481780455, 0.00064692471642, -0.00138232042082, 0.000513339182362, -7.43993950891e-05, 0.007415688131, -0.0040080617182, 0.000880473002326, -0.00155026826542, 0.00160917127505, -0.00150061992463, 0.000593003351241, 0.000746234378312], [0.000382068828912, -0.000601453299168, 0.000395335577196, -0.00043315286166, -0.000199041867745, -0.0040080617182, 0.00885624997318, -0.00346083007753, 0.0014825516846, 8.66911359481e-05, -0.00112182216253, 0.000470368657261, 0.000190465667401], [-0.000519559020177, 0.000795605650637, 0.000187760640983, 0.000700857723132, -0.00146571104415, 0.000880473002326, -0.00346083007753, 0.0125239491463, -0.00652867835015, 0.00168101827148, -0.000577958940994, -0.00110639014747, 0.000215455715079], [0.000675307528581, -0.000584894267377, 1.76747562364e-05, -0.00100916915108, 0.00130705104675, -0.00155026826542, 0.0014825516846, -0.00652867835015, 0.0160848516971, -0.00696887727827, 0.00280518061481, 0.00160590989981, -0.00102000706829], [-0.000716248527169, 0.00102787895594, -0.000826614093967, 0.00172105187085, -0.0023054506164, 0.00160917127505, 8.66911359481e-05, 0.00168101827148, -0.00696887727827, 0.0208156649023, -0.00898811221123, 0.00222649984062, 0.00108964473475], [0.000828851363622, -0.000942926388234, 0.00151180347893, -0.00167802360374, 0.0021375794895, -0.00150061992463, -0.00112182216253, -0.000577958940994, 0.00280518061481, -0.00898811221123, 0.0211359206587, -0.00903301127255, 0.00246883323416], [-0.000473034480819, 0.000916193064768, -0.00217199302278, 0.000894663913641, 0.000553658639546, 0.000593003351241, 0.000470368657261, -0.00110639014747, 0.00160590989981, 0.00222649984062, -0.00903301127255, 0.0209680423141, -0.00880006700754], [0.000433100300143, -0.000192675142898, 0.00159750599414, -0.000937709701248, -0.00136106950231, 0.000746234378312, 0.000190465667401, 0.000215455715079, -0.00102000706829, 0.00108964473475, 0.00246883323416, -0.00880006700754, 0.0210776180029]], "mean": [-34.7709960938, 85.3050231934, -99.3138046265, 31.3338565826, -52.226726532, 0.304257363081, -39.1905479431, 1.63668417931, -27.6590023041, -2.38172841072, -20.9425983429, -6.72409200668, -15.209104538]}, "melbands_spread": {"min": 0.626859784126, "max": 277.515960693, "dvar2": 304.636230469, "median": 16.4405975342, "dmean2": 10.1956062317, "dmean": 6.6338763237, "var": 344.768707275, "dvar": 136.503723145, "mean": 20.5248680115}, "spectral_energy": {"min": 8.86483733642e-11, "max": 0.168347030878, "dvar2": 0.000724837649614, "median": 0.0217095278203, "dmean2": 0.0161700490862, "dmean": 0.0102330520749, "var": 0.000532399746589, "dvar": 0.000294322147965, "mean": 0.0263540092856}, "mfcc": {"cov": [[15593.0097656, -262.671478271, -779.841247559, 390.272613525, -485.621551514, -112.094703674, -121.142860413, 49.7490539551, -78.3341674805, 110.361778259, 6.83496046066, -85.4354934692, -16.8116168976], [-262.671478271, 1416.30029297, -156.027099609, 3.6016023159, 63.1987609863, -28.7967643738, 36.3726119995, -31.8039360046, 7.24729204178, 45.7170829773, -15.1116542816, -21.9761047363, 3.14069461823], [-779.841247559, -156.027099609, 659.97052002, -5.49524450302, 83.7688140869, 140.854110718, 51.6772575378, 70.7442321777, 17.5743255615, -24.0773086548, 41.2352104187, 27.9626655579, -5.55200719833], [390.272613525, 3.6016023159, -5.49524450302, 436.608978271, 120.477310181, 22.9316062927, 7.61748170853, 2.24257683754, 10.9641218185, 3.8885114193, -34.6473350525, -18.0751037598, 47.3175735474], [-485.621551514, 63.1987609863, 83.7688140869, 120.477310181, 234.61618042, 46.0994110107, 4.04259443283, -2.28986644745, 33.976978302, 15.0758571625, -18.8706665039, -3.66682815552, 26.1734981537], [-112.094703674, -28.7967643738, 140.854110718, 22.9316062927, 46.0994110107, 172.686645508, 76.0747299194, 37.5209655762, 15.2735204697, 4.13986158371, 22.2938709259, 1.49836277962, -3.3825469017], [-121.142860413, 36.3726119995, 51.6772575378, 7.61748170853, 4.04259443283, 76.0747299194, 152.947219849, 64.1135253906, 16.8880901337, 11.2251148224, 19.045665741, 9.79917240143, 3.17382764816], [49.7490539551, -31.8039360046, 70.7442321777, 2.24257683754, -2.28986644745, 37.5209655762, 64.1135253906, 123.169471741, 45.9343605042, 11.2095012665, 21.3896713257, 12.8530483246, 7.5070848465], [-78.3341674805, 7.24729204178, 17.5743255615, 10.9641218185, 33.976978302, 15.2735204697, 16.8880901337, 45.9343605042, 105.839256287, 41.6281967163, 5.54726648331, 0.543649733067, 8.62340545654], [110.361778259, 45.7170829773, -24.0773086548, 3.8885114193, 15.0758571625, 4.13986158371, 11.2251148224, 11.2095012665, 41.6281967163, 107.049346924, 33.653629303, -12.3024559021, 6.52303791046], [6.83496046066, -15.1116542816, 41.2352104187, -34.6473350525, -18.8706665039, 22.2938709259, 19.045665741, 21.3896713257, 5.54726648331, 33.653629303, 85.0831069946, 29.0615596771, -3.15101003647], [-85.4354934692, -21.9761047363, 27.9626655579, -18.0751037598, -3.66682815552, 1.49836277962, 9.79917240143, 12.8530483246, 0.543649733067, -12.3024559021, 29.0615596771, 73.7126922607, 20.0470790863], [-16.8116168976, 3.14069461823, -5.55200719833, 47.3175735474, 26.1734981537, -3.3825469017, 3.17382764816, 7.5070848465, 8.62340545654, 6.52303791046, -3.15101003647, 20.0470790863, 68.7185058594]], "icov": [[8.05586169008e-05, 1.12465568236e-05, 8.59944339027e-05, -0.000127846491523, 0.000204338750336, -8.76564226928e-05, 0.000132922505145, -0.000145868005347, 9.47123335209e-05, -0.000132775079692, 2.13719540625e-05, 1.01466021079e-05, 4.05643586419e-05], [1.12465568236e-05, 0.00077242217958, 0.000183767828275, 7.19400995877e-05, -0.000302834552713, 0.000186182223842, -0.000420245662099, 0.000220388494199, 6.36314071016e-05, -0.000286567315925, 7.6424665167e-05, 9.87594903563e-05, 4.6512184781e-05], [8.59944339027e-05, 0.000183767828275, 0.00220825197175, 7.1674148785e-05, -0.000605101580732, -0.00147993478458, 0.000517707376275, -0.0010969893774, 0.000243446425884, 0.000634910014924, -0.000780690927058, -0.000221928581595, 0.000333378353389], [-0.000127846491523, 7.19400995877e-05, 7.1674148785e-05, 0.00315216323361, -0.00169499160256, -7.50280087232e-05, -0.000327006535372, -3.56952878064e-05, 0.000197242377908, 0.00027167587541, 0.000489206810016, 0.000937329663429, -0.00183991785161], [0.000204338750336, -0.000302834552713, -0.000605101580732, -0.00169499160256, 0.0067187519744, -0.0016542825615, 0.000894663273357, 0.000877606216818, -0.00153628748376, -0.00116840517148, 0.00173773837741, -0.000524353061337, -0.00105924904346], [-8.76564226928e-05, 0.000186182223842, -0.00147993478458, -7.50280087232e-05, -0.0016542825615, 0.0095432261005, -0.00441345339641, 0.000588674913161, -0.000551071076188, 0.000992425018921, -0.00217702798545, 0.00158171949442, 0.000555192760658], [0.000132922505145, -0.000420245662099, 0.000517707376275, -0.000327006535372, 0.000894663273357, -0.00441345339641, 0.0108434902504, -0.0051149064675, 0.00136077136267, -0.00121231318917, 0.000518050976098, -0.00110989238601, 0.000110529595986], [-0.000145868005347, 0.000220388494199, -0.0010969893774, -3.56952878064e-05, 0.000877606216818, 0.000588674913161, -0.0051149064675, 0.0138851068914, -0.00603515654802, 0.00187623628881, -0.00218662945554, 0.000157737464178, -0.00126276025549], [9.47123335209e-05, 6.36314071016e-05, 0.000243446425884, 0.000197242377908, -0.00153628748376, -0.000551071076188, 0.00136077136267, -0.00603515654802, 0.0146909719333, -0.00621997984126, 0.00303221470676, -0.00155958009418, 0.000399471668061], [-0.000132775079692, -0.000286567315925, 0.000634910014924, 0.00027167587541, -0.00116840517148, 0.000992425018921, -0.00121231318917, 0.00187623628881, -0.00621997984126, 0.0160198435187, -0.00920268334448, 0.00646746670827, -0.00285910721868], [2.13719540625e-05, 7.6424665167e-05, -0.000780690927058, 0.000489206810016, 0.00173773837741, -0.00217702798545, 0.000518050976098, -0.00218662945554, 0.00303221470676, -0.00920268334448, 0.0206010192633, -0.00967300031334, 0.00330729060806], [1.01466021079e-05, 9.87594903563e-05, -0.000221928581595, 0.000937329663429, -0.000524353061337, 0.00158171949442, -0.00110989238601, 0.000157737464178, -0.00155958009418, 0.00646746670827, -0.00967300031334, 0.0208744928241, -0.00730519415811], [4.05643586419e-05, 4.6512184781e-05, 0.000333378353389, -0.00183991785161, -0.00105924904346, 0.000555192760658, 0.000110529595986, -0.00126276025549, 0.000399471668061, -0.00285910721868, 0.00330729060806, -0.00730519415811, 0.0189214348793]], "mean": [-670.747924805, 117.462753296, 8.1624917984, 31.1218795776, 4.69439840317, 1.97748374939, -3.280575037, -1.80561292171, -5.14994621277, 2.12362599373, -5.17807769775, -8.14844608307, -2.90515804291]}, "spectral_contrast_valleys": {"min": [-27.3312263489, -27.4541397095, -26.8436832428, -27.1454696655, -27.2663345337, -27.2078208923], "max": [-5.16776943207, -4.56553792953, -5.3514289856, -5.9477558136, -5.71084833145, -7.22780990601], "dvar2": [0.390413373709, 0.297230601311, 0.268495112658, 0.215969488025, 0.190087661147, 0.264341235161], "median": [-7.34865570068, -6.83992671967, -7.63697814941, -7.97593545914, -7.51210594177, -10.014503479], "dmean2": [0.733546614647, 0.582186937332, 0.546033978462, 0.470950305462, 0.380167722702, 0.387245506048], "dmean": [0.448507785797, 0.371329545975, 0.361151307821, 0.330890476704, 0.279735267162, 0.323327481747], "var": [3.62354874611, 3.2342813015, 3.08065891266, 2.97384667397, 3.45737242699, 3.60186100006], "dvar": [0.179093673825, 0.152961179614, 0.143877312541, 0.131262645125, 0.123873785138, 0.17642070353], "mean": [-7.67816495895, -7.15933322906, -7.90899133682, -8.28769016266, -7.99014663696, -10.5062179565]}, "barkbands_flatness_db": {"min": 0.0238345209509, "max": 0.406307518482, "dvar2": 0.00109157455154, "median": 0.125862360001, "dmean2": 0.0315381363034, "dmean": 0.0210167914629, "var": 0.00367377093062, "dvar": 0.000484999589389, "mean": 0.138923317194}, "dynamic_complexity": 4.23828268051, "erbbands_flatness_db": {"min": 0.0255544092506, "max": 0.315051883459, "dvar2": 0.000655650161207, "median": 0.137533277273, "dmean2": 0.0240618865937, "dmean": 0.0170501787215, "var": 0.00164532486815, "dvar": 0.000334857963026, "mean": 0.140853464603}, "h