{"lowlevel": {"spectral_complexity": {"min": 0, "max": 64, "dvar2": 76.6628646851, "median": 19, "dmean2": 7.31361722946, "dmean": 5.02657318115, "var": 199.071166992, "dvar": 41.235874176, "mean": 21.2070884705}, "silence_rate_20dB": {"min": 1, "max": 1, "dvar2": 0, "median": 1, "dmean2": 0, "dmean": 0, "var": 0, "dvar": 0, "mean": 1}, "average_loudness": 0.917655706406, "erbbands_spread": {"min": 3.4036667347, "max": 120.607650757, "dvar2": 106.39276886, "median": 27.5769920349, "dmean2": 10.1319332123, "dmean": 6.7547917366, "var": 167.458511353, "dvar": 50.1924705505, "mean": 29.8749542236}, "spectral_kurtosis": {"min": -1.25366294384, "max": 26.5541858673, "dvar2": 5.12468576431, "median": 3.98323583603, "dmean2": 2.11353898048, "dmean": 1.25364422798, "var": 3.94264149666, "dvar": 1.84855175018, "mean": 4.35519123077}, "barkbands_kurtosis": {"min": -1.84899199009, "max": 103.930618286, "dvar2": 25.0320930481, "median": -0.376242399216, "dmean2": 2.33447360992, "dmean": 1.54187738895, "var": 23.392375946, "dvar": 13.2988367081, "mean": 0.80915415287}, "spectral_strongpeak": {"min": 0, "max": 21.3576469421, "dvar2": 2.28209614754, "median": 0.365160167217, "dmean2": 1.03080821037, "dmean": 0.617332696915, "var": 1.73764657974, "dvar": 0.939197480679, "mean": 0.881191968918}, "spectral_spread": {"min": 1381190, "max": 41771028, "dvar2": 1042868076540.0, "median": 3776994.25, "dmean2": 844113.4375, "dmean": 579026.625, "var": 1679342829570.0, "dvar": 489763078144, "mean": 4028755.25}, "spectral_rms": {"min": 3.19435602102e-12, "max": 0.0120273251086, "dvar2": 1.54963151999e-06, "median": 0.00323738227598, "dmean2": 0.00104495009873, "dmean": 0.000849556236062, "var": 5.44048862139e-06, "dvar": 1.18440254937e-06, "mean": 0.00377557892352}, "erbbands": {"min": [1.62881588951e-22, 7.45267971971e-22, 3.31947559623e-21, 1.4107702672e-20, 2.49738977809e-20, 5.38753622013e-20, 7.79664967099e-20, 2.99878304457e-19, 2.19802671668e-19, 4.11877706366e-19, 3.16161303116e-19, 7.48608070335e-19, 9.06048044659e-19, 1.53451619603e-18, 2.1265095081e-18, 2.64358507209e-18, 2.13675041768e-18, 2.71895508117e-18, 2.60337354777e-18, 5.03820821855e-18, 5.58677578923e-18, 7.47802458457e-18, 6.76761623191e-18, 7.97553732707e-18, 9.98082661833e-18, 9.86310392792e-18, 1.59142055599e-17, 1.36628639508e-17, 1.65248716471e-17, 1.45892954835e-17, 1.08679364663e-17, 1.52464491212e-17, 1.25098577221e-17, 1.18426894088e-17, 7.24091574352e-18, 4.91266039954e-18, 2.48287649358e-18, 1.25723925764e-18, 2.54413175118e-19, 2.95520161228e-20], "max": [2.31907939911, 22.2181186676, 20.7680473328, 28.197593689, 40.2537879944, 61.1051902771, 96.8299865723, 184.538040161, 309.723052979, 462.042358398, 839.785339355, 626.955444336, 2474.875, 1915.28222656, 1767.52746582, 2550.79467773, 2145.60327148, 1981.74511719, 2369.00952148, 3248.63671875, 2708.67578125, 1147.70019531, 889.756896973, 757.401977539, 906.103027344, 315.917358398, 476.484710693, 227.793395996, 208.86769104, 260.239257812, 113.271057129, 118.290969849, 65.1120910645, 33.0813903809, 13.8321743011, 8.49997615814, 4.51999807358, 1.52087199688, 0.173980355263, 0.00743681238964], "dvar2": [0.116939507425, 12.6124105453, 6.21767377853, 10.2964468002, 21.3252277374, 33.6994895935, 39.0639877319, 79.5053863525, 394.789031982, 637.101379395, 2100.06323242, 1658.71777344, 17219.0820312, 3261.13623047, 3829.50708008, 7497.15673828, 8842.84277344, 7399.13134766, 8654.91894531, 6709.91748047, 5665.03222656, 3655.12841797, 2511.06640625, 2800.11962891, 3624.26708984, 1282.62438965, 598.868225098, 215.951950073, 124.404449463, 78.0270233154, 46.0124359131, 28.4833755493, 8.91037464142, 4.57343387604, 0.831002771854, 0.232198402286, 0.0415052510798, 0.00570791726932, 0.000111714427476, 2.91168987587e-07], "median": [0.0127529352903, 0.102754443884, 0.278563588858, 0.549080431461, 0.753345310688, 1.08470094204, 1.09807491302, 1.75339686871, 3.32042121887, 5.00150585175, 6.38952827454, 6.03793811798, 8.74057388306, 9.32803726196, 9.90451908112, 13.0091619492, 15.6005134583, 15.0919551849, 15.5041704178, 19.5670413971, 18.2442398071, 12.3575353622, 11.0276565552, 9.07203865051, 9.36695671082, 6.87404632568, 5.76239395142, 3.17784667015, 1.8564748764, 1.2274941206, 0.870804846287, 0.59163159132, 0.397538155317, 0.166407778859, 0.0616716556251, 0.0206605009735, 0.00612271018326, 0.00124773243442, 0.00011356309551, 2.1116089556e-05], "dmean2": [0.167205572128, 1.74206340313, 1.33708167076, 1.76278722286, 2.30948185921, 3.10935354233, 3.17516303062, 4.60485935211, 10.4274120331, 13.4897909164, 21.099401474, 19.4568424225, 46.6247367859, 24.2311763763, 24.2642936707, 32.1696472168, 43.0470733643, 35.3880958557, 40.4662590027, 40.2083244324, 39.062587738, 28.8468704224, 27.1960163116, 26.5709648132, 29.9835033417, 18.4476013184, 12.9966020584, 7.60840368271, 5.19340515137, 3.70514416695, 3.14780974388, 2.32263231277, 1.39660942554, 0.944845378399, 0.403888255358, 0.203852176666, 0.0837199538946, 0.0296023823321, 0.004075425677, 0.000208341647522], "dmean": [0.120336741209, 1.31122756004, 0.88720536232, 1.04365849495, 1.35095119476, 1.82391571999, 1.87772142887, 2.76505422592, 6.24020051956, 8.17831325531, 13.2512607574, 11.9788780212, 28.021478653, 15.2445249557, 15.3781633377, 20.1107959747, 26.856678009, 21.9672470093, 25.3388309479, 25.4255123138, 24.9049263, 18.1247444153, 16.322933197, 15.6568555832, 17.5397033691, 11.1976099014, 8.26972389221, 4.93895673752, 3.43039131165, 2.50014090538, 2.10263156891, 1.56012010574, 0.939560174942, 0.620659351349, 0.263737589121, 0.131700471044, 0.0535460487008, 0.0185744464397, 0.00252981926315, 0.000132163870148], "var": [0.134903341532, 13.8078575134, 4.86808538437, 4.66905593872, 7.79756546021, 14.81661129, 20.3291168213, 51.4082679749, 229.618637085, 369.234130859, 1746.90209961, 1030.83251953, 8021.96044922, 2585.85083008, 2936.078125, 5688.78173828, 6167.73144531, 5473.05029297, 6851.79003906, 6660.62402344, 4231.95410156, 2842.76123047, 1553.72705078, 1252.95129395, 1576.11950684, 767.528747559, 467.524536133, 178.335617065, 96.2773666382, 58.0712928772, 35.6771850586, 20.665014267, 7.30251169205, 2.84445357323, 0.54782128334, 0.143108338118, 0.0237867683172, 0.00289938598871, 5.42015004612e-05, 1.36238654136e-07], "dvar": [0.0662781149149, 7.9670290947, 3.3086233139, 3.82205629349, 7.74003696442, 12.3661050797, 14.7983226776, 32.0643768311, 155.510421753, 253.828735352, 903.940368652, 680.118164062, 6740.11914062, 1438.2220459, 1628.34338379, 3068.13623047, 3537.7722168, 2965.78808594, 3633.69238281, 3033.65429688, 2457.87329102, 1581.50158691, 976.249023438, 1051.15087891, 1342.00927734, 498.135620117, 246.745330811, 92.8959503174, 53.543132782, 33.9576797485, 20.5869922638, 12.4401388168, 4.01767683029, 2.01204872131, 0.370775908232, 0.103076063097, 0.0180936269462, 0.00245560170151, 4.82602808916e-05, 1.26108133713e-07], "mean": [0.180705577135, 1.57824146748, 1.13291013241, 1.3886692524, 1.69752418995, 2.45289874077, 2.5613079071, 4.01376199722, 8.48923683167, 11.3623781204, 19.5173358917, 16.7673091888, 33.7641410828, 23.3240642548, 24.187871933, 32.1068115234, 41.3636360168, 36.1963386536, 40.8585586548, 42.4600143433, 40.1657562256, 30.2522506714, 25.4511451721, 22.5178337097, 24.8654460907, 18.0074520111, 14.3766326904, 8.50474452972, 5.76787424088, 4.08574151993, 3.09833407402, 2.22740602493, 1.37954926491, 0.763451874256, 0.322971075773, 0.145752355456, 0.0552610345185, 0.0171859506518, 0.00221793795936, 0.000129635285703]}, "zerocrossingrate": {"min": 0, "max": 0.5107421875, "dvar2": 0.000169369290234, "median": 0.0751953125, "dmean2": 0.0130138220266, "dmean": 0.0107547650114, "var": 0.000881344836671, "dvar": 0.000133347377414, "mean": 0.0784568339586}, "spectral_contrast_coeffs": {"min": [-0.980480313301, -0.981297552586, -0.97060918808, -0.968805789948, -0.961045980453, -0.961823821068], "max": [-0.422549962997, -0.405122727156, -0.457945555449, -0.451954185963, -0.59404283762, -0.606392085552], "dvar2": [0.00423503573984, 0.00415966799483, 0.00277713057585, 0.00179541192483, 0.000920907419641, 0.000823804701213], "median": [-0.704574406147, -0.768941104412, -0.797575831413, -0.792616844177, -0.794747412205, -0.746425509453], "dmean2": [0.0826893150806, 0.0806900337338, 0.0657358542085, 0.0518992580473, 0.0374902114272, 0.0325537398458], "dmean": [0.0504518859088, 0.0492018945515, 0.0402672663331, 0.0325597189367, 0.0234191156924, 0.0204244013876], "var": [0.00523145496845, 0.00478130020201, 0.00398673862219, 0.0035689198412, 0.00185938773211, 0.00133391981944], "dvar": [0.0016183052212, 0.00162034842651, 0.00112224766053, 0.000756198831368, 0.000396981980884, 0.000341928272974], "mean": [-0.702831864357, -0.762692570686, -0.787327170372, -0.783022761345, -0.789260745049, -0.747213244438]}, "dissonance": {"min": 0.28328794241, "max": 0.500000119209, "dvar2": 0.000456743728137, "median": 0.485248535872, "dmean2": 0.0214381758124, "dmean": 0.0125869009644, "var": 0.000281988148345, "dvar": 0.00016799934383, "mean": 0.480905562639}, "spectral_energyband_high": {"min": 7.16959684503e-21, "max": 0.0185745917261, "dvar2": 2.13325574805e-06, "median": 0.000372747512301, "dmean2": 0.000744600314647, "dmean": 0.000516964006238, "var": 2.04832144846e-06, "dvar": 9.82901838142e-07, "mean": 0.000935426913202}, "spectral_skewness": {"min": -0.0144250513986, "max": 3.9113907814, "dvar2": 0.0740823596716, "median": 1.38672351837, "dmean2": 0.29016149044, "dmean": 0.175232872367, "var": 0.0830271989107, "dvar": 0.0278638079762, "mean": 1.40848231316}, "spectral_flux": {"min": 6.49557421739e-11, "max": 0.312732309103, "dvar2": 0.00278727337718, "median": 0.0651563405991, "dmean2": 0.04031445086, "dmean": 0.0255713630468, "var": 0.00269270362332, "dvar": 0.00130777806044, "mean": 0.0762550607324}, "silence_rate_30dB": {"min": 0, "max": 1, "dvar2": 0.0159703567624, "median": 1, "dmean2": 0.0121726458892, "dmean": 0.00608606217429, "var": 0.00418196013197, "dvar": 0.00604929355904, "mean": 0.995799958706}, "spectral_energyband_middle_high": {"min": 1.29230764353e-21, "max": 0.0971185788512, "dvar2": 5.63399516977e-05, "median": 0.00423373095691, "dmean2": 0.00461719138548, "dmean": 0.00297528598458, "var": 6.18536578258e-05, "dvar": 2.39330129261e-05, "mean": 0.00681904796511}, "barkbands_spread": {"min": 2.10052466393, "max": 106.942726135, "dvar2": 117.975334167, "median": 29.5697536469, "dmean2": 10.8367986679, "dmean": 6.99615621567, "var": 143.57913208, "dvar": 49.6820297241, "mean": 30.4910793304}, "spectral_centroid": {"min": 375.922302246, "max": 11164.8740234, "dvar2": 159549.578125, "median": 2063.27636719, "dmean2": 405.015594482, "dmean": 262.934875488, "var": 309311.6875, "dvar": 71815.03125, "mean": 2029.32775879}, "pitch_salience": {"min": 0.0677453503013, "max": 0.914739906788, "dvar2": 0.0166830979288, "median": 0.58978253603, "dmean2": 0.128602951765, "dmean": 0.0810832679272, "var": 0.0171011947095, "dvar": 0.00734145380557, "mean": 0.568277180195}, "erbbands_skewness": {"min": -2.89023137093, "max": 5.7712635994, "dvar2": 0.195880502462, "median": -0.0802020207047, "dmean2": 0.501912891865, "dmean": 0.319616049528, "var": 0.322598278522, "dvar": 0.0833835229278, "mean": -0.0503864437342}, "erbbands_crest": {"min": 2.16827011108, "max": 31.2878684998, "dvar2": 15.1509056091, "median": 6.98470783234, "dmean2": 4.16229152679, "dmean": 2.53266382217, "var": 15.1430883408, "dvar": 6.06019973755, "mean": 8.05547428131}, "melbands": {"min": [1.59649936239e-24, 3.1248803884e-24, 2.5995297911e-24, 2.89224609631e-24, 3.12290488348e-24, 7.1240403297e-24, 3.94895880545e-24, 4.50133341078e-24, 2.16291480437e-24, 4.13511577958e-24, 4.3365238016e-24, 5.02413953723e-24, 7.18734483963e-24, 5.79586993346e-24, 7.53012225789e-24, 3.64289970688e-24, 4.7203578801e-24, 3.94610786213e-24, 5.11761087703e-24, 7.57061922132e-24, 5.74999293866e-24, 7.09964875052e-24, 5.08126213867e-24, 7.45826412917e-24, 5.30702269126e-24, 7.44142668201e-24, 4.40094652185e-24, 4.42105143088e-24, 8.25504914218e-24, 1.01021282976e-23, 6.7123756329e-24, 8.50453665865e-24, 9.65664197831e-24, 6.28695280747e-24, 5.9704255247e-24, 6.98489631008e-24, 9.21064999922e-24, 7.22448677763e-24, 8.80972564364e-24, 8.86105366729e-24], "max": [0.0252824686468, 0.0162967331707, 0.00466591166332, 0.00310911796987, 0.00291511206888, 0.00394008262083, 0.00419092085212, 0.00517437979579, 0.00697679026052, 0.00339092779905, 0.0127940680832, 0.00805174466223, 0.00533284572884, 0.00532895885408, 0.007170105353, 0.00471654813737, 0.00429540872574, 0.00377672957256, 0.00282782362774, 0.00660390174016, 0.00196463917382, 0.00149411486927, 0.00118789065164, 0.000848576426506, 0.00065740122227, 0.000773044361267, 0.000282471417449, 0.000281249522232, 0.000309782190016, 0.000232459467952, 0.000127232327941, 0.00012495314877, 0.000121698307339, 0.000153549059178, 7.38216331229e-05, 8.67940034368e-05, 6.50972433505e-05, 4.45415389549e-05, 4.59705443063e-05, 2.90839761874e-05], "dvar2": [1.4247713807e-05, 5.29889439349e-06, 2.95171588505e-07, 1.33615117193e-07, 4.31245084087e-08, 3.81342530886e-08, 8.8250182273e-08, 9.19191336379e-08, 1.32574200506e-07, 8.13797811361e-08, 4.26337294357e-07, 5.77763401566e-08, 4.16937382397e-08, 4.49387442814e-08, 4.85677382756e-08, 4.13133456334e-08, 3.31086589256e-08, 2.40113706695e-08, 1.77067569496e-08, 1.9310466115e-08, 6.92354129583e-09, 5.25441157251e-09, 3.15598458478e-09, 3.40217032324e-09, 1.66184233041e-09, 3.16678661072e-09, 1.11087383736e-09, 5.61602098159e-10, 2.85182932824e-10, 1.70675015787e-10, 7.07753092244e-11, 4.65018058782e-11, 3.37839096975e-11, 2.44270211697e-11, 1.55962395776e-11, 1.83200711545e-11, 9.36523775197e-12, 4.94054840441e-12, 5.007775878e-12, 2.89115606456e-12], "median": [0.000136582952109, 0.000181026480277, 9.4912815257e-05, 7.14775524102e-05, 4.31426342402e-05, 4.0505456127e-05, 5.20955545653e-05, 5.66440648981e-05, 5.05835378135e-05, 3.55938173016e-05, 4.14378046116e-05, 3.45674270648e-05, 2.9226011975e-05, 3.01040727209e-05, 3.50462396455e-05, 2.85610403807e-05, 2.41277975874e-05, 2.1682064471e-05, 2.25590301852e-05, 2.63456440734e-05, 1.81363939191e-05, 1.13655805762e-05, 1.09140728455e-05, 7.76504020905e-06, 6.09989319855e-06, 6.75939963912e-06, 5.23133167007e-06, 4.05989931096e-06, 3.64232187167e-06, 2.42734517997e-06, 1.42670103287e-06, 1.02980607153e-06, 7.73893361838e-07, 6.06236653766e-07, 4.87294869345e-07, 4.27227831779e-07, 3.1918472132e-07, 2.78006581311e-07, 2.2627961016e-07, 1.03409561802e-07], "dmean2": [0.00181470601819, 0.00124584441073, 0.000300999381579, 0.00019948494446, 0.000111732078949, 0.000104496582935, 0.000158671216923, 0.000159935749252, 0.000167746547959, 0.000132290457259, 0.000233635859331, 0.000100654506241, 8.24100134196e-05, 8.12051002868e-05, 9.99447875074e-05, 8.2441190898e-05, 7.07744038664e-05, 6.80809971527e-05, 5.79407824262e-05, 6.45299005555e-05, 4.28790553997e-05, 3.29440663336e-05, 2.93540906569e-05, 2.80269487121e-05, 2.10778925975e-05, 2.73091209237e-05, 1.68092246895e-05, 1.23102754515e-05, 9.14758857107e-06, 6.90123806635e-06, 4.22116681875e-06, 3.23998642671e-06, 2.61559125647e-06, 1.96099790628e-06, 1.8270691271e-06, 1.8953523977e-06, 1.31318074637e-06, 1.03564900655e-06, 9.99506482913e-07, 7.33495369332e-07], "dmean": [0.00138966937084, 0.000923479383346, 0.000177896785317, 0.000118122559797, 6.58507051412e-05, 6.29298665444e-05, 9.50399553403e-05, 9.71018744167e-05, 0.000105860570329, 8.09521588963e-05, 0.000140290067066, 6.29453788861e-05, 5.21459514857e-05, 5.11938233103e-05, 6.1476159317e-05, 5.11712059961e-05, 4.36441914644e-05, 4.20375763497e-05, 3.63295766874e-05, 4.10075954278e-05, 2.69468637271e-05, 2.05534379347e-05, 1.79010839929e-05, 1.62481283041e-05, 1.24583721117e-05, 1.58124621521e-05, 9.8429609352e-06, 7.50453227738e-06, 5.71839973418e-06, 4.36170194007e-06, 2.70106465905e-06, 2.0700283585e-06, 1.74253420937e-06, 1.30341663862e-06, 1.20186666663e-06, 1.24455596051e-06, 8.69645589319e-07, 6.83606231178e-07, 6.50876074815e-07, 4.76613422506e-07], "var": [1.67230155057e-05, 6.4195669438e-06, 1.27782001869e-07, 6.18327504753e-08, 2.20702531806e-08, 2.53918468474e-08, 5.17591445259e-08, 5.23497405425e-08, 1.126386735e-07, 4.77377604113e-08, 2.01951934287e-07, 4.38698180005e-08, 3.58189495842e-08, 3.45417916492e-08, 3.62026675305e-08, 3.01164320149e-08, 2.18607230096e-08, 1.72604721627e-08, 1.25328165623e-08, 1.77876451346e-08, 4.65550931139e-09, 3.84888521054e-09, 2.27976926226e-09, 1.3680863109e-09, 8.03252075965e-10, 1.23704257948e-09, 4.85204321166e-10, 3.52213230803e-10, 2.19954457426e-10, 1.1738647554e-10, 5.41580114088e-11, 3.34885764952e-11, 2.64003315736e-11, 1.5790766264e-11, 1.1898864706e-11, 1.16305342093e-11, 6.83310135904e-12, 3.78692433314e-12, 3.23556828032e-12, 1.69034415371e-12], "dvar": [8.69000905368e-06, 3.57257226824e-06, 1.09915809787e-07, 4.97058962878e-08, 1.62413673621e-08, 1.54478563275e-08, 3.44907249428e-08, 3.66803902807e-08, 5.80642520731e-08, 3.31511529339e-08, 1.67341383417e-07, 2.51717668931e-08, 1.84053394747e-08, 1.96178948642e-08, 1.97445935157e-08, 1.59277746548e-08, 1.31221007393e-08, 9.96003546305e-09, 7.37998417932e-09, 8.87461037991e-09, 2.90389667867e-09, 2.28316165973e-09, 1.30033528389e-09, 1.25362942249e-09, 6.35871078014e-10, 1.16042009335e-09, 4.10593753442e-10, 2.21409529599e-10, 1.16139445283e-10, 7.01160379757e-11, 2.9646715638e-11, 1.94370596007e-11, 1.4905224624e-11, 1.03216471828e-11, 6.77651294453e-12, 8.00723810174e-12, 4.02998381194e-12, 2.17548591988e-12, 2.15755018018e-12, 1.26528496881e-12], "mean": [0.00188751134556, 0.00116215727758, 0.000233786646277, 0.000159805626026, 9.13457843126e-05, 9.21779574128e-05, 0.000129531064886, 0.000134407935548, 0.000154894049047, 0.000107163657958, 0.000167214151588, 9.2221693194e-05, 7.83389041317e-05, 7.79673209763e-05, 9.2217065685e-05, 7.89917176007e-05, 6.63152386551e-05, 6.3047016738e-05, 5.61430497328e-05, 6.36342156213e-05, 4.1296127165e-05, 3.16133773595e-05, 2.74976682704e-05, 2.11355181818e-05, 1.70740222529e-05, 2.04391653824e-05, 1.37974766403e-05, 1.15863376777e-05, 9.52739355853e-06, 6.85515169607e-06, 4.35641368313e-06, 3.31668002218e-06, 2.78381162389e-06, 2.00966110242e-06, 1.76568300958e-06, 1.64245341239e-06, 1.2338941815e-06, 9.88467945717e-07, 8.60670979819e-07, 5.55229576094e-07]}, "spectral_entropy": {"min": 6.27369213104, "max": 9.80785751343, "dvar2": 0.0337822921574, "median": 7.8450345993, "dmean2": 0.187055706978, "dmean": 0.131494835019, "var": 0.0752728953958, "dvar": 0.0175869688392, "mean": 7.82877969742}, "spectral_rolloff": {"min": 21.533203125, "max": 19379.8828125, "dvar2": 1495644.75, "median": 2110.25390625, "dmean2": 963.551513672, "dmean": 587.385070801, "var": 1455151.5, "dvar": 667674.4375, "mean": 2198.17114258}, "barkbands": {"min": [2.04634798385e-24, 3.66799416114e-24, 3.09697187008e-24, 5.29950208582e-24, 1.61944087719e-23, 2.84546388362e-23, 2.34902062087e-23, 1.50637628354e-23, 2.69657301419e-23, 2.94874565541e-23, 5.06541124096e-23, 5.55491931194e-23, 2.98430214076e-23, 5.84163869655e-23, 4.79492408942e-23, 1.2153427133e-22, 1.24766821371e-22, 1.57096083072e-22, 2.06433602408e-22, 2.40117723247e-22, 3.72343155058e-22, 4.51641119325e-22, 4.46846006224e-22, 7.11616857072e-22, 1.09109747414e-21, 1.39501395075e-21, 1.99929937756e-21], "max": [0.0143147530034, 0.0935206562281, 0.0178414992988, 0.0128244385123, 0.0129722142592, 0.0206324774772, 0.018402799964, 0.0295095425099, 0.0288215950131, 0.0720288008451, 0.0340143069625, 0.061344973743, 0.0468056723475, 0.0412185452878, 0.0397968478501, 0.0767186433077, 0.0210313126445, 0.0156592987478, 0.0155923962593, 0.00572482775897, 0.00763631099835, 0.00661847321317, 0.00433400180191, 0.00447342451662, 0.00248798541725, 0.00225434266031, 0.000986377708614], "dvar2": [7.25413542568e-07, 0.000208521829336, 4.6685399866e-06, 1.45118406181e-06, 2.23517213271e-06, 8.99626002138e-07, 2.14681199395e-06, 3.97479880121e-06, 3.82389680453e-06, 1.12417537821e-05, 2.21990285354e-06, 3.9888250285e-06, 4.42461396233e-06, 3.00379838336e-06, 3.36785888067e-06, 2.8558977192e-06, 1.34887011427e-06, 1.20329173114e-06, 1.16712442377e-06, 6.22406616912e-07, 2.21839258074e-07, 8.79903154782e-08, 5.5261651255e-08, 4.09236342591e-08, 2.53130707506e-08, 1.31725093055e-08, 4.37934044584e-09], "median": [0.00021382435807, 0.000463914999273, 0.000191700630239, 0.000159030038049, 0.000320878403727, 0.000193950749235, 0.000252364465268, 0.000255793624092, 0.000242048728978, 0.000310924020596, 0.000192691601114, 0.000256255560089, 0.000301349908113, 0.000253907142906, 0.000311919429805, 0.000323275802657, 0.000210182115552, 0.00018512114184, 0.000179127062438, 0.000143427678267, 0.000107592677523, 4.79405352962e-05, 3.17454178003e-05, 2.55673439824e-05, 1.20929653349e-05, 3.74164824279e-06, 6.27291967703e-07], "dmean2": [0.000451177591458, 0.0069928583689, 0.00104905350599, 0.000626615597866, 0.000834099890199, 0.00051018880913, 0.000789220794104, 0.000966819003224, 0.000924568041228, 0.00132269330788, 0.000606845715083, 0.000755807268433, 0.000937780539971, 0.000745107419789, 0.000825942202937, 0.000817328284029, 0.000567975861486, 0.000564314424992, 0.000562321511097, 0.000405979692005, 0.000252262805589, 0.000137804367114, 0.00010670870688, 9.06796849449e-05, 7.12075488991e-05, 4.775483103e-05, 2.55214290519e-05], "dmean": [0.000474069034681, 0.00533474935219, 0.000602134154178, 0.000369248853531, 0.000493099214509, 0.000305625348119, 0.000474005268188, 0.000599730061367, 0.000567341165151, 0.000799422035925, 0.000383640726795, 0.00047101083328, 0.000579161918722, 0.000456898735138, 0.000517245673109, 0.000520056171808, 0.000352691946318, 0.00033209079993, 0.000330943177687, 0.000244264723733, 0.000162307565915, 9.16234857868e-05, 7.19896997907e-05, 6.12757794443e-05, 4.67562422273e-05, 3.06064830511e-05, 1.58223829203e-05], "var": [2.66242977887e-06, 0.000236105974182, 1.33443813866e-06, 6.38895869542e-07, 1.02849048744e-06, 5.81930748922e-07, 1.26411680412e-06, 2.88183082375e-06, 2.26755264521e-06, 5.8306709434e-06, 1.95638335754e-06, 3.07573100145e-06, 3.06668266603e-06, 1.88734065887e-06, 2.63135802925e-06, 2.42561850428e-06, 9.95230834633e-07, 5.6805447457e-07, 5.43890109839e-07, 3.30821677608e-07, 1.82512835067e-07, 7.13910779382e-08, 4.26430020184e-08, 3.21496891331e-08, 1.67119811323e-08, 7.76697017812e-09, 2.06015093873e-09], "dvar": [6.43238195153e-07, 0.00012899376452, 1.69950499185e-06, 5.31575551577e-07, 8.30042267808e-07, 3.59440264219e-07, 8.37750121718e-07, 1.64545519965e-06, 1.58386990279e-06, 4.45861769549e-06, 1.01739226466e-06, 1.69304348674e-06, 1.73950684257e-06, 1.18774948987e-06, 1.40640963764e-06, 1.30951855226e-06, 5.70873396555e-07, 4.53239238141e-07, 4.36947402704e-07, 2.36375313989e-07, 9.37554105462e-08, 3.82522564735e-08, 2.49373641736e-08, 1.81204367067e-08, 1.13004103852e-08, 5.80200998357e-09, 1.88823912062e-09], "mean": [0.000920261314604, 0.00682922964916, 0.000592150550801, 0.000479512615129, 0.000675444724038, 0.000443519529654, 0.000641836144496, 0.000846831477247, 0.000738196249586, 0.00100831862073, 0.000551473000087, 0.000708678970113, 0.000852047523949, 0.000677062605973, 0.000813819875475, 0.000796003791038, 0.00055765354773, 0.000463144184323, 0.000476723420434, 0.000376034120563, 0.000280786101939, 0.000156836526003, 0.000107702457171, 9.07623179955e-05, 5.80561245442e-05, 3.19529062835e-05, 1.37201677717e-05]}, "melbands_flatness_db": {"min": 0.00351412920281, "max": 0.388171494007, "dvar2": 0.00155479204841, "median": 0.13267351687, "dmean2": 0.0398549325764, "dmean": 0.0266766380519, "var": 0.00249184365384, "dvar": 0.000742953736335, "mean": 0.139847934246}, "melbands_skewness": {"min": -2.55367207527, "max": 15.9220838547, "dvar2": 1.55671644211, "median": 1.19267392159, "dmean2": 1.07215964794, "dmean": 0.747190713882, "var": 2.65458369255, "dvar": 0.869038522243, "mean": 1.57872533798}, "barkbands_skewness": {"min": -3.88816785812, "max": 9.66601276398, "dvar2": 0.595381855965, "median": 0.403755962849, "dmean2": 0.745744228363, "dmean": 0.51507550478, "var": 1.13249981403, "dvar": 0.316130906343, "mean": 0.586029648781}, "silence_rate_60dB": {"min": 0, "max": 1, "dvar2": 0.113334432244, "median": 0, "dmean2": 0.114525735378, "dmean": 0.0572604164481, "var": 0.143995627761, "dvar": 0.0539876148105, "mean": 0.174345344305}, "spectral_energyband_low": {"min": 3.37643827032e-23, "max": 0.0980856344104, "dvar2": 0.000193328829482, "median": 0.00142413692083, "dmean2": 0.00736444117501, "dmean": 0.0057244990021, "var": 0.000258399668382, "dvar": 0.000127710911329, "mean": 0.00800214987248}, "spectral_energyband_middle_low": {"min": 2.14563274731e-22, "max": 0.0696224421263, "dvar2": 4.01341931138e-05, "median": 0.00285795354284, "dmean2": 0.00371402525343, "dmean": 0.00230852491222, "var": 2.47769348789e-05, "dvar": 1.59733099281e-05, "mean": 0.00433220528066}, "melbands_kurtosis": {"min": -1.76588797569, "max": 337.100891113, "dvar2": 346.397155762, "median": 1.30173826218, "dmean2": 7.35422229767, "dmean": 4.98912811279, "var": 319.011138916, "dvar": 187.997650146, "mean": 5.76024150848}, "spectral_decrease": {"min": -3.49560629331e-08, "max": 5.60822554418e-29, "dvar2": 1.42430972361e-17, "median": -2.51861886902e-09, "dmean2": 2.5605955134e-09, "dmean": 2.12491779727e-09, "var": 3.51765437631e-17, "dvar": 1.09365568883e-17, "mean": -4.85032636277e-09}, "erbbands_kurtosis": {"min": -1.6573677063, "max": 37.6009368896, "dvar2": 2.28276348114, "median": -0.00178360939026, "dmean2": 1.19935321808, "dmean": 0.743745207787, "var": 2.01833128929, "dvar": 0.929836511612, "mean": 0.307998806238}, "melbands_crest": {"min": 2.04784107208, "max": 36.603187561, "dvar2": 25.4531974792, "median": 10.7835540771, "dmean2": 5.96530056, "dmean": 3.70839262009, "var": 37.8124885559, "dvar": 11.6171150208, "mean": 12.4701137543}, "gfcc": {"cov": [[8659.42480469, 79.2015151978, 640.771057129, 372.675994873, 64.3038024902, 130.17225647, -31.5892772675, 71.1322784424, 56.9562301636, 230.015701294, -6.59006881714, 0.481866449118, -12.2392034531], [79.2015151978, 1096.53759766, -43.2204093933, 76.5216903687, 42.9325485229, -100.379692078, -57.6008605957, -130.666091919, -33.7037773132, -85.5497665405, -13.0567073822, -121.736404419, -1.15458858013], [640.771057129, -43.2204093933, 855.666748047, 160.032318115, 85.2842941284, 64.4684906006, -6.8306517601, 30.774433136, -0.917901337147, 62.1619720459, 0.419298052788, 29.6394519806, -42.4577903748], [372.675994873, 76.5216903687, 160.032318115, 261.424255371, 97.6131744385, 45.2414245605, 23.1003818512, -0.515175163746, 7.30325174332, 18.001625061, -0.395152240992, -14.3218765259, 14.5368738174], [64.3038024902, 42.9325485229, 85.2842941284, 97.6131744385, 253.446655273, 87.0667037964, 83.7390670776, 30.2533912659, 30.9121246338, 11.0801544189, -6.16006708145, -2.47257614136, 15.1404333115], [130.17225647, -100.379692078, 64.4684906006, 45.2414245605, 87.0667037964, 186.286651611, 90.5903167725, 53.0865974426, 14.960351944, 22.8561019897, 10.3148021698, 14.2620620728, 10.0520868301], [-31.5892772675, -57.6008605957, -6.8306517601, 23.1003818512, 83.7390670776, 90.5903167725, 194.487228394, 73.2464904785, 43.8772277832, 8.72762966156, 18.0518054962, 11.3442802429, 10.053155899], [71.1322784424, -130.666091919, 30.774433136, -0.515175163746, 30.2533912659, 53.0865974426, 73.2464904785, 131.597213745, 65.5691070557, 38.7476043701, 21.0752754211, 35.9809455872, 8.80173110962], [56.9562301636, -33.7037773132, -0.917901337147, 7.30325174332, 30.9121246338, 14.960351944, 43.8772277832, 65.5691070557, 126.641525269, 54.2573509216, 33.7866592407, 26.6656074524, 11.0003700256], [230.015701294, -85.5497665405, 62.1619720459, 18.001625061, 11.0801544189, 22.8561019897, 8.72762966156, 38.7476043701, 54.2573509216, 115.696685791, 51.9254302979, 33.998916626, 11.1578979492], [-6.59006881714, -13.0567073822, 0.419298052788, -0.395152240992, -6.16006708145, 10.3148021698, 18.0518054962, 21.0752754211, 33.7866592407, 51.9254302979, 96.5205688477, 56.6357421875, 15.3167285919], [0.481866449118, -121.736404419, 29.6394519806, -14.3218765259, -2.47257614136, 14.2620620728, 11.3442802429, 35.9809455872, 26.6656074524, 33.998916626, 56.6357421875, 111.955169678, 37.8589935303], [-12.2392034531, -1.15458858013, -42.4577903748, 14.5368738174, 15.1404333115, 10.0520868301, 10.053155899, 8.80173110962, 11.0003700256, 11.1578979492, 15.3167285919, 37.8589935303, 75.1578216553]], "icov": [[0.000136039525387, -4.56395391666e-05, -4.5434677304e-05, -0.000158276277944, 8.27073381515e-05, -7.72680577938e-05, 3.48400717485e-05, -5.51911907678e-05, 3.41079830832e-05, -0.000331724993885, 0.000220816145884, -7.08607258275e-05, 5.68244322494e-05], [-4.56395391666e-05, 0.00140140694566, -0.000115678369184, -0.000135923794005, -0.000461225776235, 0.00062515377067, 0.000152262829943, 0.000851183023769, -0.000519653141964, 0.0013353752438, -0.00172479369212, 0.00207023508847, -0.000949229986873], [-4.5434677304e-05, -0.000115678369184, 0.00164112553466, -0.000917616707738, -0.000263975845883, -0.000273198093055, 0.000320946244756, -0.000330201379256, 0.000537878600881, -0.000968103064224, 0.000908839341719, -0.00147943582851, 0.0018058741698], [-0.000158276277944, -0.000135923794005, -0.000917616707738, 0.00551121449098, -0.0015520111192, -0.000381906342227, -3.29696763401e-06, 0.000540098291822, -0.000116282819363, 7.42714610169e-06, -0.000872314034496, 0.00179184693843, -0.00202019885182], [8.27073381515e-05, -0.000461225776235, -0.000263975845883, -0.0015520111192, 0.00605236273259, -0.001855372102, -0.00168818759266, 0.000422055687523, -0.00109574967064, -0.000412449211581, 0.00176000059582, -0.000563299399801, -0.000490577309392], [-7.72680577938e-05, 0.00062515377067, -0.000273198093055, -0.000381906342227, -0.001855372102, 0.00851154420525, -0.00270038447343, -0.00149616901763, 0.00174342631362, -0.000621807062998, -0.000686201674398, 0.000683017016854, -0.000678721058648], [3.48400717485e-05, 0.000152262829943, 0.000320946244756, -3.29696763401e-06, -0.00168818759266, -0.00270038447343, 0.00879128091037, -0.0034724897705, -0.00110774894711, 0.002216828987, -0.00230379146524, 0.00147588411346, -0.000318974547554], [-5.51911907678e-05, 0.000851183023769, -0.000330201379256, 0.000540098291822, 0.000422055687523, -0.00149616901763, -0.0034724897705, 0.014364794828, -0.00550287915394, -0.000928610388655, 0.00152453919873, -0.00229628430679, 0.000399683543947], [3.41079830832e-05, -0.000519653141964, 0.000537878600881, -0.000116282819363, -0.00109574967064, 0.00174342631362, -0.00110774894711, -0.00550287915394, 0.0134166516364, -0.0048728804104, -0.000726076657884, -0.000530856079422, 0.000279186439002], [-0.000331724993885, 0.0013353752438, -0.000968103064224, 7.42714610169e-06, -0.000412449211581, -0.000621807062998, 0.002216828987, -0.000928610388655, -0.0048728804104, 0.0166084580123, -0.00872289761901, 0.00310946558602, -0.0021444784943], [0.000220816145884, -0.00172479369212, 0.000908839341719, -0.000872314034496, 0.00176000059582, -0.000686201674398, -0.00230379146524, 0.00152453919873, -0.000726076657884, -0.00872289761901, 0.0216579977423, -0.0116474293172, 0.00341305998154], [-7.08607258275e-05, 0.00207023508847, -0.00147943582851, 0.00179184693843, -0.000563299399801, 0.000683017016854, 0.00147588411346, -0.00229628430679, -0.000530856079422, 0.00310946558602, -0.0116474293172, 0.0205581281334, -0.00943436846137], [5.68244322494e-05, -0.000949229986873, 0.0018058741698, -0.00202019885182, -0.000490577309392, -0.000678721058648, -0.000318974547554, 0.000399683543947, 0.000279186439002, -0.0021444784943, 0.00341305998154, -0.00943436846137, 0.0192306637764]], "mean": [-15.3604297638, 65.2461395264, -141.981124878, 28.280254364, -48.6492996216, 16.976600647, -27.1332263947, 12.2949876785, -17.2252120972, 5.81712722778, -12.7250728607, -1.20823395252, -9.77999019623]}, "melbands_spread": {"min": 1.29758477211, "max": 214.544174194, "dvar2": 269.226776123, "median": 38.4962806702, "dmean2": 16.6940059662, "dmean": 10.713889122, "var": 342.232025146, "dvar": 117.402259827, "mean": 39.5235404968}, "spectral_energy": {"min": 1.045900899e-20, "max": 0.148272976279, "dvar2": 0.000238152759266, "median": 0.0107426606119, "dmean2": 0.0104259541258, "dmean": 0.00857040472329, "var": 0.000580872816499, "dvar": 0.000178264890565, "mean": 0.0201878249645}, "mfcc": {"cov": [[7019.74560547, 70.15599823, 312.472442627, 307.782287598, 134.704208374, 126.998390198, 34.8096160889, -61.2236099243, 102.73966217, 106.678977966, 31.2598609924, 101.591117859, 87.6209945679], [70.15599823, 836.343566895, -9.38441085815, 92.0858764648, 37.578250885, -7.07877111435, -24.9322757721, -64.5549468994, -30.6838512421, -49.7894363403, -56.3696708679, 4.9908208847, -27.6399307251], [312.472442627, -9.38441085815, 623.932434082, 115.147171021, 96.6766281128, 30.1559467316, 16.2812347412, -21.6626834869, -18.9051380157, -4.33335781097, 10.186542511, 26.0196037292, 23.0137462616], [307.782287598, 92.0858764648, 115.147171021, 235.670883179, 83.7007217407, 42.3345985413, 18.981836319, -17.1377315521, 17.8147792816, 11.2281427383, -18.223033905, 11.2337284088, 10.8045454025], [134.704208374, 37.578250885, 96.6766281128, 83.7007217407, 183.801467896, 65.9006118774, 24.9607887268, 3.83779025078, 29.9692783356, 7.85607147217, 1.09662473202, 13.4704647064, 11.4537906647], [126.998390198, -7.07877111435, 30.1559467316, 42.3345985413, 65.9006118774, 144.279663086, 77.0988235474, 25.8102416992, 31.6620941162, 26.0766220093, 4.9621591568, 0.234225675464, 3.16210460663], [34.8096160889, -24.9322757721, 16.2812347412, 18.981836319, 24.9607887268, 77.0988235474, 146.846481323, 60.3649215698, 33.2549095154, 26.9164943695, 13.3203544617, -3.49834752083, 3.31970977783], [-61.2236099243, -64.5549468994, -21.6626834869, -17.1377315521, 3.83779025078, 25.8102416992, 60.3649215698, 139.924667358, 50.8888473511, 23.1182308197, 37.0069580078, -2.83557415009, 1.18597149849], [102.73966217, -30.6838512421, -18.9051380157, 17.8147792816, 29.9692783356, 31.6620941162, 33.2549095154, 50.8888473511, 108.401885986, 52.3610534668, 14.7733707428, 8.57553577423, 10.641462326], [106.678977966, -49.7894363403, -4.33335781097, 11.2281427383, 7.85607147217, 26.0766220093, 26.9164943695, 23.1182308197, 52.3610534668, 100.197120667, 40.3678703308, 8.28792762756, 8.41141986847], [31.2598609924, -56.3696708679, 10.186542511, -18.223033905, 1.09662473202, 4.9621591568, 13.3203544617, 37.0069580078, 14.7733707428, 40.3678703308, 107.559661865, 34.2949867249, 12.328956604], [101.591117859, 4.9908208847, 26.0196037292, 11.2337284088, 13.4704647064, 0.234225675464, -3.49834752083, -2.83557415009, 8.57553577423, 8.28792762756, 34.2949867249, 92.2807769775, 46.6062507629], [87.6209945679, -27.6399307251, 23.0137462616, 10.8045454025, 11.4537906647, 3.16210460663, 3.31970977783, 1.18597149849, 10.641462326, 8.41141986847, 12.328956604, 46.6062507629, 84.3315353394]], "icov": [[0.000158285329235, -2.54996825788e-06, -4.72804495075e-05, -0.00015726753918, 4.20688083977e-05, -9.41272592172e-05, 2.94140700134e-05, 0.000108576256025, -0.00012268727005, -7.89644400356e-05, -2.6508976589e-05, -8.2193990238e-05, -6.44546453259e-05], [-2.54996825788e-06, 0.00137692992575, 0.000155786634423, -0.000529476208612, -0.000199751462787, 0.00012698287901, -6.79074364598e-05, 0.000377917691367, 6.95775306667e-05, 0.000451794476248, 0.000414009642554, -0.000566548143979, 0.000697728886735], [-4.72804495075e-05, 0.000155786634423, 0.00193455535918, -0.00072073325282, -0.000816930900328, 0.000172226369614, -0.000259268650552, 0.000149863961269, 0.000752749154344, 0.000101421101135, -0.000292858370813, -0.000175829176442, -0.000187927667866], [-0.00015726753918, -0.000529476208612, -0.00072073325282, 0.00597401754931, -0.00183006492443, -0.000379909470212, -0.000319448183291, 0.000495658605359, -0.000332872470608, -0.000868691829965, 0.00124568946194, -0.000306894304231, -0.000194293432287], [4.20688083977e-05, -0.000199751462787, -0.000816930900328, -0.00183006492443, 0.00810432247818, -0.0032602197025, 0.000771896447986, 0.000328231864842, -0.00214337650687, 0.00135854643304, -0.000584387104027, -0.000275705999229, -0.000292482611258], [-9.41272592172e-05, 0.00012698287901, 0.000172226369614, -0.000379909470212, -0.0032602197025, 0.0116893639788, -0.00544913858175, 0.000503061397467, -0.000360463454854, -0.00125920260325, 0.000443124532467, 0.000138011469971, 0.000383040576708], [2.94140700134e-05, -6.79074364598e-05, -0.000259268650552, -0.000319448183291, 0.000771896447986, -0.00544913858175, 0.0113783180714, -0.00402412377298, 0.00021879975975, -0.00110092386603, 0.000441264011897, 0.000437541661086, -0.000457090471173], [0.000108576256025, 0.000377917691367, 0.000149863961269, 0.000495658605359, 0.000328231864842, 0.000503061397467, -0.00402412377298, 0.0117405001074, -0.00537360459566, 0.00256506330334, -0.00410739332438, 0.00177275913302, -0.000120501077618], [-0.00012268727005, 6.95775306667e-05, 0.000752749154344, -0.000332872470608, -0.00214337650687, -0.000360463454854, 0.00021879975975, -0.00537360459566, 0.0162663627416, -0.00789884664118, 0.00309865339659, -0.00159671122674, -0.000476234039525], [-7.89644400356e-05, 0.000451794476248, 0.000101421101135, -0.000868691829965, 0.00135854643304, -0.00125920260325, -0.00110092386603, 0.00256506330334, -0.00789884664118, 0.0169144589454, -0.00639181258157, 0.00188089034054, -0.000611681956798], [-2.6508976589e-05, 0.000414009642554, -0.000292858370813, 0.00124568946194, -0.000584387104027, 0.000443124532467, 0.000441264011897, -0.00410739332438, 0.00309865339659, -0.00639181258157, 0.014851981774, -0.00616357335821, 0.00166825915221], [-8.2193990238e-05, -0.000566548143979, -0.000175829176442, -0.000306894304231, -0.000275705999229, 0.000138011469971, 0.000437541661086, 0.00177275913302, -0.00159671122674, 0.00188089034054, -0.00616357335821, 0.0179988089949, -0.00905503239483], [-6.44546453259e-05, 0.000697728886735, -0.000187927667866, -0.000194293432287, -0.000292482611258, 0.000383040576708, -0.000457090471173, -0.000120501077618, -0.000476234039525, -0.000611681956798, 0.00166825915221, -0.00905503239483, 0.0171563606709]], "mean": [-649.819152832, 98.0312957764, -27.5451374054, 16.0473251343, 1.04128849506, 7.55783510208, 4.11065101624, 5.35191059113, 4.3397269249, 8.31328201294, 1.28801035881, 4.78074645996, 1.40788125992]}, "spectral_contrast_valleys": {"min": [-27.569065094, -27.8068809509, -27.1901607513, -27.4577865601, -27.3757400513, -27.3465423584], "max": [-5.37255811691, -4.72406339645, -4.97539186478, -5.01723384857, -5.14474010468, -7.5849146843], "dvar2": [0.545552432537, 0.43266376853, 0.319945424795, 0.279307514429, 0.321397960186, 0.364558398724], "median": [-7.71864938736, -7.00283432007, -7.12590026855, -7.26450109482, -7.31328821182, -10.2326049805], "dmean2": [0.798655092716, 0.705046117306, 0.592582166195, 0.504967570305, 0.448398530483, 0.515418946743], "dmean": [0.497620254755, 0.437844961882, 0.364190578461, 0.318877756596, 0.303421616554, 0.402858108282], "var": [1.591760993, 1.13511359692, 0.796330809593, 0.823689222336, 0.854254841805, 1.04531526566], "dvar": [0.253104716539, 0.186720758677, 0.137054473162, 0.12698443234, 0.156749427319, 0.199698284268], "mean": [-7.92534446716, -7.1388297081, -7.19929456711, -7.31192588806, -7.32802057266, -10.2336330414]}, "barkbands_flatness_db": {"min": 0.0109358988702, "max": 0.295400410891, "dvar2": 0.00098663487006, "median": 0.0879032835364, "dmean2": 0.0313092805445, "dmean": 0.0205700397491, "var": 0.00132201227825, "dvar": 0.000446392630693, "mean": 0.0922687724233}, "dynamic_complexity": 4.1968870163, "erbbands_flatness_db": {"min": 0.0433092601597, "max": 0.379781365395, "dvar2": 0.000761419942137, "median": 0.155337393284, "dmean2": 0.0299285296351, "dmean": 0.021519582718