{"lowlevel": {"spectral_complexity": {"min": 0, "max": 55, "dvar2": 39.7101631165, "median": 13, "dmean2": 5.4226360321, "dmean": 3.82071089745, "var": 115.073455811, "dvar": 22.4406585693, "mean": 14.838429451}, "silence_rate_20dB": {"min": 1, "max": 1, "dvar2": 0, "median": 1, "dmean2": 0, "dmean": 0, "var": 0, "dvar": 0, "mean": 1}, "average_loudness": 0.840705573559, "erbbands_spread": {"min": 1.54556310177, "max": 185.527572632, "dvar2": 529.40838623, "median": 47.1655845642, "dmean2": 20.6374530792, "dmean": 13.5858879089, "var": 614.492675781, "dvar": 238.461532593, "mean": 50.7616004944}, "spectral_kurtosis": {"min": -1.44281852245, "max": 60.291519165, "dvar2": 6.57205820084, "median": 2.17486286163, "dmean2": 1.63841116428, "dmean": 1.03935849667, "var": 6.11999988556, "dvar": 2.78291010857, "mean": 2.61267876625}, "barkbands_kurtosis": {"min": -1.96782898903, "max": 640.981323242, "dvar2": 508.812103271, "median": 1.45475292206, "dmean2": 9.16857624054, "dmean": 5.92576026917, "var": 511.505279541, "dvar": 238.240264893, "mean": 7.49719619751}, "spectral_strongpeak": {"min": 0, "max": 18.9398403168, "dvar2": 2.3968102932, "median": 0.322596222162, "dmean2": 0.939902842045, "dmean": 0.561930060387, "var": 1.61650466919, "dvar": 0.997954487801, "mean": 0.823079526424}, "spectral_spread": {"min": 1669909.25, "max": 43459804, "dvar2": 1808757424130.0, "median": 5692149, "dmean2": 1178826.875, "dmean": 834137.875, "var": 25400119918600.0, "dvar": 920821497856, "mean": 6632944.5}, "spectral_rms": {"min": 3.11739804977e-12, "max": 0.0102388337255, "dvar2": 3.30299076268e-06, "median": 0.00382696278393, "dmean2": 0.00146596576087, "dmean": 0.00102605344728, "var": 4.72276497021e-06, "dvar": 1.53894495725e-06, "mean": 0.00400335388258}, "erbbands": {"min": [4.79412039793e-23, 2.6374525594e-22, 1.09759011493e-21, 5.45909356313e-21, 6.01840821329e-21, 8.44184667137e-21, 3.28261294654e-20, 5.77374264761e-20, 8.66092804155e-20, 1.13002823691e-19, 1.76830651771e-19, 1.8598272024e-19, 4.87018146976e-19, 6.55263633341e-19, 9.80015465612e-19, 7.5751561646e-19, 1.22993299165e-18, 1.59826607526e-18, 2.25251413761e-18, 2.66340059726e-18, 3.30068184107e-18, 3.97201294082e-18, 4.51086899752e-18, 5.70318987992e-18, 6.3870378767e-18, 6.49588781428e-18, 8.45543443125e-18, 7.75036635663e-18, 1.06343820203e-17, 1.04393750181e-17, 1.05834955234e-17, 8.84075501291e-18, 9.52469358597e-18, 7.04188368043e-18, 6.44136337702e-18, 4.18328065953e-18, 2.12181381056e-18, 9.37231099391e-19, 2.43797216684e-19, 2.65654530562e-20], "max": [3.89096498489, 15.8332481384, 46.2324295044, 110.694480896, 284.479705811, 180.311935425, 210.656906128, 188.422698975, 238.597488403, 740.364929199, 1933.39892578, 2438.24414062, 2126.0637207, 2375.87353516, 3742.17431641, 1764.20935059, 1723.87475586, 1506.68395996, 1307.24829102, 1540.21899414, 1082.80725098, 713.370361328, 522.237304688, 715.813476562, 711.53125, 1518.75976562, 236.024414062, 953.094177246, 1143.22473145, 691.844116211, 581.830383301, 371.530487061, 104.545944214, 26.190946579, 21.0706348419, 9.72112083435, 3.69858717918, 1.3236130476, 0.124237820506, 0.00510203000158], "dvar2": [0.216780811548, 4.31154870987, 46.9450302124, 306.43661499, 2599.11132812, 828.872131348, 467.528198242, 633.536987305, 438.255096436, 2113.41308594, 5578.62255859, 4937.81835938, 16553.1875, 11638.2646484, 10707.6572266, 5628.84033203, 3862.79345703, 3888.51171875, 1542.9354248, 2650.59277344, 1890.69116211, 871.821228027, 444.831665039, 1479.69445801, 854.088439941, 1457.24414062, 298.560058594, 613.533996582, 623.188110352, 399.605407715, 455.982757568, 81.3754196167, 14.6755685806, 5.53715372086, 3.60762071609, 0.86771696806, 0.138094261289, 0.0125885875896, 0.000105985229311, 1.86242715472e-07], "median": [0.0262885764241, 0.358467429876, 0.941152572632, 1.74550890923, 3.41033053398, 4.11636924744, 3.18715858459, 2.87574958801, 4.06041002274, 5.06337738037, 5.45598173141, 4.52622318268, 6.18841934204, 5.5529589653, 5.55679368973, 4.64068174362, 4.11752414703, 4.63531398773, 3.48485374451, 4.66741132736, 5.10932779312, 4.7443151474, 5.40278720856, 6.74438333511, 5.65365839005, 6.06552457809, 7.27924871445, 8.5778055191, 7.105717659, 4.80831384659, 2.58444023132, 1.54264044762, 0.953570961952, 0.540032565594, 0.269182890654, 0.109049804509, 0.0308402478695, 0.00516051566228, 0.000487800047267, 4.85859527544e-05], "dmean2": [0.172522112727, 1.00144100189, 3.24290204048, 8.30514144897, 20.3101596832, 13.9471635818, 9.80296993256, 11.4174203873, 11.3719482422, 17.9506111145, 24.8240909576, 23.8226013184, 39.7258262634, 28.5868587494, 31.9651355743, 21.6630706787, 18.236284256, 20.3267498016, 12.2350988388, 18.5049362183, 17.8277378082, 11.6779279709, 10.3195228577, 19.0323352814, 12.0092821121, 11.9259605408, 10.660982132, 12.9979419708, 11.4478673935, 8.39609241486, 6.21119832993, 3.29753541946, 2.03583860397, 1.37160849571, 0.970494449139, 0.461949557066, 0.177439808846, 0.050143186003, 0.00486501213163, 0.000217662498471], "dmean": [0.111953034997, 0.601824581623, 1.86160671711, 4.73796987534, 11.674405098, 8.18199634552, 5.72985172272, 6.6730928421, 6.97168731689, 11.4416627884, 16.4029159546, 15.9732208252, 25.7993946075, 18.7721481323, 20.4428386688, 14.3718881607, 12.0013771057, 13.4953613281, 7.89999294281, 11.8025970459, 11.5315113068, 7.64209508896, 6.78273439407, 12.1222267151, 7.92267656326, 7.64606761932, 6.83708333969, 8.50637722015, 7.76705026627, 5.48308992386, 3.93180704117, 2.1508743763, 1.33603107929, 0.909873127937, 0.634346306324, 0.299637287855, 0.114063262939, 0.0323193445802, 0.00317602232099, 0.00014438983635], "var": [0.119235098362, 1.54119348526, 13.0076560974, 77.1913452148, 682.628417969, 292.626220703, 152.466873169, 210.067932129, 255.150299072, 1688.61413574, 7578.41162109, 6076.08203125, 11501.4072266, 8658.72363281, 8678.86230469, 4271.46142578, 3243.9699707, 3678.37988281, 1104.1282959, 1720.42480469, 1686.83789062, 748.904174805, 526.913208008, 1241.12512207, 810.570739746, 773.296081543, 306.459625244, 834.708435059, 982.166625977, 325.285217285, 176.686340332, 36.3194885254, 9.58997535706, 4.2973241806, 1.8632516861, 0.413846731186, 0.0640683025122, 0.00558334263042, 4.88329897053e-05, 9.07277311057e-08], "dvar": [0.0996313244104, 1.63661134243, 16.942199707, 109.983680725, 955.343444824, 302.930847168, 170.042999268, 233.81463623, 175.302520752, 933.899169922, 2854.20214844, 2490.97119141, 7016.32958984, 5336.984375, 4785.49755859, 2524.1484375, 1824.8762207, 1825.34106445, 646.124389648, 1095.03210449, 849.117370605, 396.145141602, 220.245864868, 617.709777832, 396.835876465, 574.206665039, 124.200630188, 284.347961426, 326.710876465, 171.07850647, 171.150054932, 30.8004264832, 6.02897548676, 2.43307161331, 1.51757705212, 0.365055888891, 0.0582360439003, 0.00536205479875, 4.57736205135e-05, 8.1396471785e-08], "mean": [0.125490769744, 0.731591820717, 2.02075099945, 4.46791124344, 10.6661396027, 10.3876199722, 6.85128355026, 7.72976064682, 9.98858737946, 17.2924804688, 25.5984077454, 25.6368579865, 36.8184509277, 27.6365032196, 31.3003330231, 21.6699314117, 17.8980751038, 20.3811798096, 12.2266492844, 18.6055660248, 18.6004695892, 12.8519439697, 12.1786870956, 20.2137622833, 14.3148212433, 14.5352964401, 13.3250818253, 16.6203384399, 14.6174650192, 9.78908061981, 5.92181444168, 3.50272059441, 2.15135455132, 1.37716424465, 0.805867433548, 0.360272020102, 0.127095550299, 0.0332397557795, 0.00329891080037, 0.000168378770468]}, "zerocrossingrate": {"min": 0.00244140625, "max": 0.52490234375, "dvar2": 0.000547244329937, "median": 0.07763671875, "dmean2": 0.0211902819574, "dmean": 0.0184383615851, "var": 0.00564036844298, "dvar": 0.000425114674727, "mean": 0.0924884453416}, "spectral_contrast_coeffs": {"min": [-0.981299638748, -0.980785489082, -0.975774824619, -0.987409412861, -0.986700475216, -0.965662300587], "max": [-0.280672639608, -0.373508840799, -0.378424733877, -0.462858885527, -0.459444850683, -0.563248574734], "dvar2": [0.00804522447288, 0.00458685867488, 0.00377583899535, 0.00247290218249, 0.00132919556927, 0.000854922749568], "median": [-0.657487690449, -0.744087934494, -0.767917096615, -0.785077631474, -0.796591460705, -0.752450704575], "dmean2": [0.0997445806861, 0.081669986248, 0.071850605309, 0.0573618002236, 0.0413278974593, 0.0325291454792], "dmean": [0.0615554004908, 0.0511465519667, 0.0467666611075, 0.0376438163221, 0.027450826019, 0.0219990555197], "var": [0.00935828872025, 0.00725597003475, 0.0089866835624, 0.0066587170586, 0.00400206027552, 0.00291000190191], "dvar": [0.00322875427082, 0.00193498050794, 0.00178393418901, 0.00119708757848, 0.000661580299493, 0.000432754575741], "mean": [-0.656083643436, -0.738446116447, -0.75834441185, -0.77653414011, -0.79055917263, -0.754810452461]}, "dissonance": {"min": 0, "max": 0.500000059605, "dvar2": 0.00114975846373, "median": 0.471649467945, "dmean2": 0.0319766998291, "dmean": 0.0195417050272, "var": 0.00112981640268, "dvar": 0.000465004326543, "mean": 0.462547123432}, "spectral_energyband_high": {"min": 6.91396168504e-21, "max": 0.0377534814179, "dvar2": 3.17506101055e-06, "median": 0.000881867308635, "dmean2": 0.00105824810453, "dmean": 0.000726384285372, "var": 4.02117984777e-06, "dvar": 1.45394824358e-06, "mean": 0.00151610316243}, "spectral_skewness": {"min": -0.280032336712, "max": 6.7588262558, "dvar2": 0.131977260113, "median": 1.16939532757, "dmean2": 0.314983516932, "dmean": 0.209584131837, "var": 0.240915328264, "dvar": 0.0625487864017, "mean": 1.22267985344}, "spectral_flux": {"min": 6.28205890085e-11, "max": 0.330023616552, "dvar2": 0.00310977431946, "median": 0.0727657750249, "dmean2": 0.0493969134986, "dmean": 0.032712623477, "var": 0.00339375343174, "dvar": 0.00153572310228, "mean": 0.0855755209923}, "silence_rate_30dB": {"min": 1, "max": 1, "dvar2": 0, "median": 1, "dmean2": 0, "dmean": 0, "var": 0, "dvar": 0, "mean": 1}, "spectral_energyband_middle_high": {"min": 1.0847110582e-21, "max": 0.0948200821877, "dvar2": 2.70183372777e-05, "median": 0.00206648441963, "dmean2": 0.0027219443582, "dmean": 0.00190308387391, "var": 4.70422201033e-05, "dvar": 1.37837105285e-05, "mean": 0.00443270849064}, "barkbands_spread": {"min": 0.227648898959, "max": 122.097297668, "dvar2": 310.4296875, "median": 27.1873340607, "dmean2": 15.2388143539, "dmean": 10.0283737183, "var": 362.050445557, "dvar": 140.648651123, "mean": 29.7658672333}, "spectral_centroid": {"min": 118.858421326, "max": 11693.2255859, "dvar2": 467239.8125, "median": 1609.64147949, "dmean2": 623.80456543, "dmean": 410.123657227, "var": 2409572.75, "dvar": 226926.75, "mean": 1811.4329834}, "pitch_salience": {"min": 0.0714087486267, "max": 0.983820915222, "dvar2": 0.0173118151724, "median": 0.559871077538, "dmean2": 0.143128931522, "dmean": 0.0872349515557, "var": 0.0141042191535, "dvar": 0.00656373752281, "mean": 0.555548906326}, "erbbands_skewness": {"min": -6.09864044189, "max": 8.33133411407, "dvar2": 0.686252892017, "median": 0.237471327186, "dmean2": 0.75684440136, "dmean": 0.508257627487, "var": 1.23496377468, "dvar": 0.343990474939, "mean": 0.353495359421}, "erbbands_crest": {"min": 2.16610360146, "max": 32.7358283997, "dvar2": 18.4511852264, "median": 7.18691825867, "dmean2": 4.44940900803, "dmean": 2.76216435432, "var": 20.3138160706, "dvar": 7.79661035538, "mean": 8.41846752167}, "melbands": {"min": [9.23128186733e-25, 5.31717296453e-25, 1.23418629685e-24, 6.54057099686e-25, 1.02089625467e-24, 9.61780793367e-25, 1.33649899246e-24, 9.43837560432e-25, 1.4663977595e-24, 1.05373781605e-24, 2.23819994207e-24, 2.20214860427e-24, 1.84455065897e-24, 1.77606175518e-24, 1.99620739307e-24, 2.33322514064e-24, 2.78920173222e-24, 2.49915572117e-24, 3.00850131678e-24, 3.50383378448e-24, 3.02419412676e-24, 3.40148499849e-24, 2.38741791268e-24, 3.2988954127e-24, 3.84944952428e-24, 3.30688085443e-24, 4.29725470017e-24, 3.28747645388e-24, 4.94605059065e-24, 4.54331303828e-24, 3.84570322384e-24, 5.2314506054e-24, 4.80601239719e-24, 5.2650462192e-24, 5.07781639423e-24, 5.04225612235e-24, 4.76664429371e-24, 5.88767125473e-24, 5.45136017666e-24, 5.61956859305e-24], "max": [0.0260854996741, 0.0224942974746, 0.0164065826684, 0.0156077379361, 0.00629851548001, 0.00397642841563, 0.00348889664747, 0.0096106370911, 0.0156315211207, 0.0160351358354, 0.0118833137676, 0.0104469871148, 0.0126838441938, 0.00592720601708, 0.00664744386449, 0.00509211886674, 0.00262602278963, 0.00261314189993, 0.00236082682386, 0.00213837344199, 0.00117399811279, 0.000861099222675, 0.00105443014763, 0.000817463500425, 0.000690607703291, 0.000522175861988, 0.000772773113567, 0.000914567615837, 0.000224214061745, 0.000358990160748, 0.000542463152669, 0.000846325594466, 0.00039830969763, 0.000422316195909, 0.000443681434263, 0.000233733124333, 0.000216145825107, 8.08963159216e-05, 3.63669823855e-05, 2.16179923882e-05], "dvar2": [1.07333780761e-05, 9.12171071832e-06, 1.3024542568e-05, 8.91680156201e-06, 6.20054720457e-07, 2.93894743209e-07, 1.00678676063e-07, 3.17137477168e-07, 3.69502458852e-07, 2.50019724035e-07, 4.2499925712e-07, 2.06707667871e-07, 1.10757746086e-07, 5.73947573912e-08, 3.98735515716e-08, 3.28433493735e-08, 1.45878233937e-08, 5.64806823533e-09, 3.49488660234e-09, 1.23928938223e-08, 2.04481653832e-09, 1.15066378648e-09, 1.04672648327e-09, 4.69638272715e-10, 1.38650257941e-09, 6.01375171883e-10, 6.28379293044e-10, 6.88291590389e-10, 1.4114949487e-10, 2.14828363432e-10, 3.09176101387e-10, 2.98761765327e-10, 1.4003008475e-10, 1.55531823531e-10, 2.48416259785e-10, 5.41764480499e-11, 2.66589042508e-11, 8.04683750188e-12, 5.69198594508e-12, 4.04302025886e-12], "median": [0.000342670362443, 0.000605429639108, 0.000377819960704, 0.0003103466006, 0.000130225729663, 6.86986313667e-05, 6.21365470579e-05, 5.32309386472e-05, 3.76760872314e-05, 2.61319237325e-05, 2.71417502518e-05, 1.64145239978e-05, 1.82426065294e-05, 1.13329515443e-05, 9.08635774977e-06, 5.79129891776e-06, 7.66183075029e-06, 4.38516644863e-06, 4.32464685218e-06, 5.97627104071e-06, 4.86281169287e-06, 4.22413177148e-06, 4.46023614131e-06, 4.36927757619e-06, 5.13115128342e-06, 3.35518257089e-06, 3.32683225679e-06, 3.73028296963e-06, 4.13074712924e-06, 4.1009616325e-06, 4.79602704218e-06, 4.06726712754e-06, 2.8563563319e-06, 2.36908908846e-06, 1.44483669828e-06, 1.13156909265e-06, 8.40741392949e-07, 6.51669779472e-07, 5.58101135084e-07, 4.09823201153e-07], "dmean2": [0.00138067675289, 0.00144521158654, 0.00182981521357, 0.00126200565137, 0.000368380249711, 0.000251216028119, 0.000173766136868, 0.000217703141971, 0.000195823362446, 0.000165553996339, 0.000201156843104, 0.000117165443953, 0.000106891478936, 7.17388174962e-05, 5.33383499715e-05, 4.33948152931e-05, 4.05471328122e-05, 2.1179090254e-05, 2.01634102268e-05, 4.02083751396e-05, 1.69930845004e-05, 1.30923481265e-05, 1.15323127829e-05, 9.95447499008e-06, 1.78517439053e-05, 9.27426572161e-06, 9.24313280848e-06, 8.58565454109e-06, 7.04577314536e-06, 8.18821354187e-06, 8.69898940437e-06, 7.47139711166e-06, 5.27490828972e-06, 4.89865533382e-06, 4.06097615269e-06, 2.57823126049e-06, 1.96509995476e-06, 1.49732215959e-06, 1.33351636578e-06, 1.15873547202e-06], "dmean": [0.000880910083652, 0.000854994752444, 0.00105403072666, 0.000735329929739, 0.000214944870095, 0.000147709186422, 0.000106963816506, 0.000140027594171, 0.000130261309096, 0.000110616267193, 0.000130324086058, 7.66901212046e-05, 6.791564374e-05, 4.65788834845e-05, 3.51164562744e-05, 2.80356434814e-05, 2.65954240604e-05, 1.33589664983e-05, 1.30418466142e-05, 2.52442187048e-05, 1.09272386908e-05, 8.42304689286e-06, 7.49706987335e-06, 6.43506700726e-06, 1.12672196337e-05, 6.02835280006e-06, 5.94323228142e-06, 5.41056442671e-06, 4.46697049483e-06, 5.19624745721e-06, 5.64973151995e-06, 5.0241169447e-06, 3.46032902598e-06, 3.14657927447e-06, 2.52744462159e-06, 1.64782250067e-06, 1.26930001443e-06, 9.6988696896e-07, 8.68090864969e-07, 7.63573609674e-07], "var": [5.83240307606e-06, 2.85562327917e-06, 3.64693460142e-06, 2.49682875619e-06, 2.01692529345e-07, 1.00107740764e-07, 6.22200033717e-08, 2.55768298985e-07, 5.8215749732e-07, 2.8720063483e-07, 2.91964568078e-07, 1.43451813983e-07, 8.98766501223e-08, 4.07383531353e-08, 2.80166183586e-08, 2.68197304365e-08, 1.29494823753e-08, 3.24059135082e-09, 3.03995140172e-09, 8.4849371973e-09, 1.61042168489e-09, 8.99773811014e-10, 7.99693922193e-10, 4.90376739215e-10, 1.05434083686e-09, 4.51594789341e-10, 4.5881889954e-10, 3.62568336465e-10, 1.28835275781e-10, 1.81348616679e-10, 4.04188821301e-10, 4.48113907092e-10, 1.38980785214e-10, 1.05053132859e-10, 8.39220706816e-11, 2.32179102333e-11, 1.17378372647e-11, 4.99373719459e-12, 3.80026392299e-12, 3.06086102644e-12], "dvar": [4.80217477161e-06, 3.36423613589e-06, 4.81794950247e-06, 3.29070326188e-06, 2.22159727059e-07, 1.0880487622e-07, 4.10201010936e-08, 1.42594785757e-07, 1.93469489318e-07, 1.24520227018e-07, 1.80480498102e-07, 9.31057826392e-08, 4.83140141228e-08, 2.56432670653e-08, 1.7991158785e-08, 1.53047370333e-08, 6.75605305034e-09, 2.2796748933e-09, 1.62622038058e-09, 5.11099695899e-09, 9.09900266244e-10, 5.05488872982e-10, 4.81816586628e-10, 2.22734691802e-10, 5.66080682329e-10, 2.66128646897e-10, 2.63942173673e-10, 2.74099659636e-10, 5.74631071892e-11, 8.74161298903e-11, 1.46260753509e-10, 1.57242829868e-10, 6.52282047819e-11, 6.23664522803e-11, 9.13647213441e-11, 2.06891188209e-11, 1.00407711659e-11, 3.2646257659e-12, 2.36777936667e-12, 1.76967728666e-12], "mean": [0.00105144851841, 0.00104550737888, 0.00098542124033, 0.000799941713922, 0.000273223849945, 0.000175604436663, 0.000154252717039, 0.000205504504265, 0.00020722062618, 0.00016973997117, 0.000181301918929, 0.000106259009044, 0.000101851204818, 6.68750071782e-05, 4.92289727845e-05, 3.81545542041e-05, 3.81446880056e-05, 1.83830688911e-05, 1.85634871741e-05, 3.78494623874e-05, 1.67507205333e-05, 1.3061791833e-05, 1.20828763102e-05, 1.07270898297e-05, 1.77305792022e-05, 9.62860030995e-06, 1.01007462945e-05, 9.68436233961e-06, 8.19412161945e-06, 8.6821091827e-06, 1.0381759239e-05, 8.99362203199e-06, 5.97210237174e-06, 5.19040304425e-06, 3.52916731572e-06, 2.5333438316e-06, 1.9967769731e-06, 1.51568167439e-06, 1.31234276068e-06, 1.11405142889e-06]}, "spectral_entropy": {"min": 4.55515146255, "max": 9.82816314697, "dvar2": 0.132756099105, "median": 7.83143949509, "dmean2": 0.335234880447, "dmean": 0.236757189035, "var": 0.339043319225, "dvar": 0.0685128346086, "mean": 7.76442432404}, "spectral_rolloff": {"min": 64.599609375, "max": 19638.28125, "dvar2": 5679953.5, "median": 1442.72460938, "dmean2": 1647.39160156, "dmean": 1003.9430542, "var": 9920115, "dvar": 2545238.5, "mean": 2502.3840332}, "barkbands": {"min": [1.5440712229e-25, 2.56888589759e-24, 8.95861628627e-26, 2.527013851e-25, 4.58674219769e-24, 5.17574795359e-24, 5.26398717344e-24, 4.72406631521e-24, 7.47719836861e-24, 1.26266709432e-23, 1.57046397457e-23, 1.38540399041e-23, 2.13020890734e-23, 2.64473917292e-23, 3.44621017748e-23, 5.52628618544e-23, 6.17699987567e-23, 7.59036724967e-23, 8.11260263526e-23, 1.51232095e-22, 2.2319480143e-22, 3.26252473612e-22, 3.28154019668e-22, 4.39745551258e-22, 8.03527861555e-22, 1.27953238827e-21, 1.81744989951e-21], "max": [0.0094321295619, 0.0727922320366, 0.0485377758741, 0.036795899272, 0.0660286173224, 0.0270201917738, 0.0270754024386, 0.069167919457, 0.0816803947091, 0.0891909748316, 0.0825277939439, 0.0492257773876, 0.0439180955291, 0.0258316602558, 0.0217420142144, 0.0237349998206, 0.0144592160359, 0.0116162635386, 0.0118792317808, 0.0251073669642, 0.0153672415763, 0.0235242173076, 0.0219738166779, 0.0116962464526, 0.00219854596071, 0.0021764927078, 0.00086746661691], "dvar2": [1.1948447991e-06, 0.000107017476694, 5.25309696968e-05, 5.54909420316e-05, 0.000145014055306, 8.24545895739e-06, 2.82166820398e-06, 1.19440455819e-05, 1.21609964481e-05, 1.45998419612e-05, 7.17297007213e-06, 4.03687363359e-06, 2.86503495772e-06, 1.38510119996e-06, 5.99031636739e-07, 1.39222822781e-06, 3.35783880701e-07, 1.75458566787e-07, 4.35823494627e-07, 4.956881412e-07, 2.84803746808e-07, 3.79922653337e-07, 4.71862932727e-07, 8.86693385382e-08, 5.38538067474e-08, 3.94850303564e-08, 5.58740875789e-09], "median": [1.12269235615e-05, 0.0014402148081, 0.000577079947107, 0.000564790680073, 0.00133764359634, 0.000395494804252, 0.000275113416137, 0.00020352237334, 0.00016813230468, 0.000146722362842, 0.000141557655297, 9.13645562832e-05, 7.18661249266e-05, 6.81102101225e-05, 5.49871438125e-05, 8.09310076875e-05, 7.65009317547e-05, 8.68641582201e-05, 0.000127584164147, 0.000131737469928, 0.000204843221582, 0.000189413782209, 9.72334164544e-05, 6.36634649709e-05, 4.30647269241e-05, 1.90922510228e-05, 2.78888114735e-06], "dmean2": [0.000395757087972, 0.00476985471323, 0.00333991250955, 0.00369653292, 0.00505600124598, 0.00132348726038, 0.000848055176903, 0.0012543577468, 0.00120211369358, 0.00114181998651, 0.000871584925335, 0.000586736190598, 0.000445784855401, 0.000376802869141, 0.00026046577841, 0.000456608744571, 0.000228832461289, 0.000209685822483, 0.000323839834891, 0.000263209367404, 0.000304576329654, 0.000300545914797, 0.000227134485613, 0.000130009953864, 0.000127790597617, 9.70771798166e-05, 3.38929712598e-05], "dmean": [0.000301242602291, 0.00298069417477, 0.00189568998758, 0.00213203974999, 0.00295313331299, 0.000777549867053, 0.000524767092429, 0.000826776085887, 0.000803218747023, 0.000733730208594, 0.000553717312869, 0.00038389643305, 0.000286125898128, 0.000244335882599, 0.000166664016433, 0.000291304109851, 0.000148366991198, 0.000136524933623, 0.000207263525226, 0.000168194572325, 0.000196946552023, 0.000203855481232, 0.000145800499013, 8.56338010635e-05, 8.46113762236e-05, 6.29802598269e-05, 2.19332960114e-05], "var": [1.16534135941e-06, 5.19736859133e-05, 1.37204524435e-05, 1.58061611728e-05, 4.09258973377e-05, 2.72992338068e-06, 1.84971406725e-06, 1.17079043775e-05, 1.52657667059e-05, 8.66233858687e-06, 5.93579352426e-06, 2.94566075354e-06, 2.18418517761e-06, 1.02707224414e-06, 4.63234783865e-07, 1.08017911771e-06, 3.09770598506e-07, 1.84615004173e-07, 3.8960791926e-07, 3.18817342304e-07, 3.03560454995e-07, 5.8524136648e-07, 2.23786585707e-07, 4.7402433978e-08, 3.44846000644e-08, 1.88627247155e-08, 2.44440112596e-09], "dvar": [6.97318000675e-07, 4.51567429991e-05, 1.87925452337e-05, 2.06588229048e-05, 5.36478073627e-05, 3.03114188682e-06, 1.18380205549e-06, 5.88730017625e-06, 6.12621488472e-06, 6.10528923062e-06, 3.22415530718e-06, 1.79822586688e-06, 1.30709508994e-06, 5.97598386776e-07, 2.62609717083e-07, 5.96501479322e-07, 1.62785070756e-07, 8.38649043544e-08, 1.91369196045e-07, 2.00117341365e-07, 1.21872275827e-07, 1.96191962232e-07, 1.79299419756e-07, 3.45386013123e-08, 2.33618724366e-08, 1.67838081211e-08, 2.38391684171e-09], "mean": [0.000353242037818, 0.00362522481009, 0.00187085638754, 0.00191000243649, 0.00326229422353, 0.00092916470021, 0.000750049308408, 0.00115811254364, 0.00122773251496, 0.000978031079285, 0.000799282977823, 0.000532917212695, 0.000385827268474, 0.000340584694641, 0.000238409615122, 0.000441336451331, 0.000235304352827, 0.000222488422878, 0.000349542271579, 0.000316914898576, 0.000373579474399, 0.000384438870242, 0.000226893520448, 0.000142162811244, 0.000119107076898, 7.24837809685e-05, 2.21310310735e-05]}, "melbands_flatness_db": {"min": 0.00331161520444, "max": 0.624681890011, "dvar2": 0.0028719836846, "median": 0.163292378187, "dmean2": 0.0518496781588, "dmean": 0.0351680479944, "var": 0.00768832443282, "dvar": 0.00139573833439, "mean": 0.178496494889}, "melbands_skewness": {"min": -5.05223464966, "max": 20.2922229767, "dvar2": 3.95353651047, "median": 2.60689640045, "dmean2": 1.74696576595, "dmean": 1.15747475624, "var": 5.44651460648, "dvar": 1.81512880325, "mean": 3.13881134987}, "barkbands_skewness": {"min": -9.05109977722, "max": 21.0106315613, "dvar2": 2.09257054329, "median": 1.30160975456, "dmean2": 1.23205685616, "dmean": 0.821136951447, "var": 3.29283070564, "dvar": 0.977003514767, "mean": 1.65177416801}, "silence_rate_60dB": {"min": 0, "max": 1, "dvar2": 0.124050922692, "median": 0, "dmean2": 0.11667381227, "dmean": 0.0583333335817, "var": 0.115183509886, "dvar": 0.054941829294, "mean": 0.132835000753}, "spectral_energyband_low": {"min": 8.64809987707e-24, "max": 0.0963050276041, "dvar2": 0.000181070427061, "median": 0.00356387789361, "dmean2": 0.0070871738717, "dmean": 0.00452967640013, "var": 0.000118423929962, "dvar": 8.25469032861e-05, "mean": 0.00662746652961}, "spectral_energyband_middle_low": {"min": 1.30869878475e-22, "max": 0.095271602273, "dvar2": 0.00038703676546, "median": 0.00547645194456, "dmean2": 0.010545887053, "dmean": 0.0064792111516, "var": 0.000173185631866, "dvar": 0.000150962907355, "mean": 0.00972431525588}, "melbands_kurtosis": {"min": -1.90843296051, "max": 634.334899902, "dvar2": 1934.25866699, "median": 8.84949684143, "dmean2": 23.3633117676, "dmean": 15.0698623657, "var": 1764.7520752, "dvar": 870.35736084, "mean": 23.3573970795}, "spectral_decrease": {"min": -2.73987659227e-08, "max": 2.7677202193e-28, "dvar2": 3.48592836022e-17, "median": -3.56076745867e-09, "dmean2": 3.86780962813e-09, "dmean": 2.5425521688e-09, "var": 2.58743915404e-17, "dvar": 1.48765670384e-17, "mean": -5.11991871122e-09}, "erbbands_kurtosis": {"min": -1.88363564014, "max": 101.850273132, "dvar2": 31.02501297, "median": -0.444461107254, "dmean2": 2.43208122253, "dmean": 1.5571539402, "var": 27.6215953827, "dvar": 14.5059432983, "mean": 0.934819042683}, "melbands_crest": {"min": 1.56006062031, "max": 35.4602546692, "dvar2": 29.3040046692, "median": 12.8162174225, "dmean2": 6.24660873413, "dmean": 3.87398338318, "var": 33.488243103, "dvar": 12.2504911423, "mean": 13.736076355}, "gfcc": {"cov": [[35084.671875, 421.457000732, -3100.85742188, 548.359069824, -1268.45837402, 607.706237793, -448.879547119, 386.187988281, -549.164978027, 101.863006592, -656.988525391, 142.957199097, -356.672119141], [421.457000732, 1469.76904297, -105.097717285, 3.76587080956, 0.0414778776467, -51.61170578, 23.9367027283, -79.3929138184, -35.3510475159, -85.5141830444, 28.2035045624, -60.9220581055, 21.0240306854], [-3100.85742188, -105.097717285, 1508.93701172, 195.666519165, 302.726928711, 35.6702194214, 24.6970729828, -59.1622657776, -11.6887178421, -4.83585643768, 31.3984355927, -2.79584097862, 17.9345607758], [548.359069824, 3.76587080956, 195.666519165, 501.461578369, 96.7673797607, 38.0514831543, -65.8795776367, 1.85508012772, -6.62316036224, -19.0420913696, -36.3375473022, 3.31847715378, 21.1595230103], [-1268.45837402, 0.0414778776467, 302.726928711, 96.7673797607, 402.409179688, 83.8636550903, 75.8493652344, 33.4108009338, 40.6372413635, -0.45058965683, 8.22708797455, 19.1841926575, 50.2649154663], [607.706237793, -51.61170578, 35.6702194214, 38.0514831543, 83.8636550903, 217.308822632, 106.365348816, 47.5198478699, -9.74982643127, 16.5199394226, 1.66445684433, 16.5304069519, 4.09391736984], [-448.879547119, 23.9367027283, 24.6970729828, -65.8795776367, 75.8493652344, 106.365348816, 182.68951416, 59.6452217102, 23.9104251862, 3.86293983459, 30.6392917633, 11.4031734467, 11.5319499969], [386.187988281, -79.3929138184, -59.1622657776, 1.85508012772, 33.4108009338, 47.5198478699, 59.6452217102, 125.104766846, 45.5090026855, 22.8148727417, -3.16562151909, 19.9023017883, 8.32248210907], [-549.164978027, -35.3510475159, -11.6887178421, -6.62316036224, 40.6372413635, -9.74982643127, 23.9104251862, 45.5090026855, 111.771133423, 40.9595108032, 18.4328708649, 1.06313467026, 7.65710830688], [101.863006592, -85.5141830444, -4.83585643768, -19.0420913696, -0.45058965683, 16.5199394226, 3.86293983459, 22.8148727417, 40.9595108032, 89.4167709351, 36.9547080994, 11.1319646835, -9.53221511841], [-656.988525391, 28.2035045624, 31.3984355927, -36.3375473022, 8.22708797455, 1.66445684433, 30.6392917633, -3.16562151909, 18.4328708649, 36.9547080994, 95.084526062, 27.0879383087, 6.39289665222], [142.957199097, -60.9220581055, -2.79584097862, 3.31847715378, 19.1841926575, 16.5304069519, 11.4031734467, 19.9023017883, 1.06313467026, 11.1319646835, 27.0879383087, 77.6595840454, 34.0080566406], [-356.672119141, 21.0240306854, 17.9345607758, 21.1595230103, 50.2649154663, 4.09391736984, 11.5319499969, 8.32248210907, 7.65710830688, -9.53221511841, 6.39289665222, 34.0080566406, 79.6504898071]], "icov": [[8.55797043187e-05, -0.000101251505839, 0.000121709730593, -9.48580200202e-05, 0.00016464201326, -0.000295936100883, 0.000229132187087, -0.000311222334858, 0.000419980933657, -0.000444463745225, 0.000659829878714, -0.000501276401337, 0.000385901221307], [-0.000101251505839, 0.000946909945924, -1.91657163668e-05, 5.72241287955e-06, -0.000255740684224, 0.000510886020493, -0.00054697523592, 0.000728273065761, -0.000419475429226, 0.00131639430765, -0.00156438502017, 0.00152972608339, -0.00089203263633], [0.000121709730593, -1.91657163668e-05, 0.00105005048681, -0.000432360568084, -0.000442308810307, -0.000226237272727, 6.95253183949e-05, 0.000140683812788, 0.000860690837726, -0.000678089563735, 0.000545968883671, -0.000479476701003, 0.000691491237376], [-9.48580200202e-05, 5.72241287955e-06, -0.000432360568084, 0.00273086014204, -0.000595138524659, -0.000902479805518, 0.0018500162987, -0.000298486527754, -0.000808545271866, 0.00122009031475, -0.000425452773925, 0.000544928188901, -0.000843870453537], [0.00016464201326, -0.000255740684224, -0.000442308810307, -0.000595138524659, 0.00413491111249, -0.00153952627443, -0.00036623867345, -0.000627703615464, -0.000679143355228, -0.000415260525187, 0.00154286401812, -0.000989380176179, -0.00103502103593], [-0.000295936100883, 0.000510886020493, -0.000226237272727, -0.000902479805518, -0.00153952627443, 0.00953241344541, -0.00636397302151, 0.000540317734703, 0.00194180349354, -0.0019536043983, -0.000206024138606, 0.000673814152833, -0.000514458282851], [0.000229132187087, -0.00054697523592, 6.95253183949e-05, 0.0018500162987, -0.00036623867345, -0.00636397302151, 0.0127359330654, -0.00506387464702, -0.000685075297952, 0.0030324223917, -0.00286983884871, 0.000336106459145, 0.000422299635829], [-0.000311222334858, 0.000728273065761, 0.000140683812788, -0.000298486527754, -0.000627703615464, 0.000540317734703, -0.00506387464702, 0.0144352568313, -0.00586353894323, -0.000351832568413, 0.00146731454879, -0.00179569097236, -0.000774541636929], [0.000419980933657, -0.000419475429226, 0.000860690837726, -0.000808545271866, -0.000679143355228, 0.00194180349354, -0.000685075297952, -0.00586353894323, 0.0165691487491, -0.00848813541234, 0.00244327425025, 0.000430542160757, 6.44041792839e-05], [-0.000444463745225, 0.00131639430765, -0.000678089563735, 0.00122009031475, -0.000415260525187, -0.0019536043983, 0.0030324223917, -0.000351832568413, -0.00848813541234, 0.0217990446836, -0.0112945623696, 0.00256838905625, 0.000685709354002], [0.000659829878714, -0.00156438502017, 0.000545968883671, -0.000425452773925, 0.00154286401812, -0.000206024138606, -0.00286983884871, 0.00146731454879, 0.00244327425025, -0.0112945623696, 0.0227540787309, -0.0107204634696, 0.00382125657052], [-0.000501276401337, 0.00152972608339, -0.000479476701003, 0.000544928188901, -0.000989380176179, 0.000673814152833, 0.000336106459145, -0.00179569097236, 0.000430542160757, 0.00256838905625, -0.0107204634696, 0.0236149616539, -0.0109129361808], [0.000385901221307, -0.00089203263633, 0.000691491237376, -0.000843870453537, -0.00103502103593, -0.000514458282851, 0.000422299635829, -0.000774541636929, 6.44041792839e-05, 0.000685709354002, 0.00382125657052, -0.0109129361808, 0.0197148602456]], "mean": [-31.2154273987, 57.3986320496, -92.6310348511, 37.5847816467, -62.48072052, 12.1154699326, -29.7774181366, 4.55986690521, -25.0672683716, 1.77672803402, -20.6362953186, 1.71994495392, -12.2722625732]}, "melbands_spread": {"min": 0.360385298729, "max": 255.852172852, "dvar2": 710.880554199, "median": 24.2494831085, "dmean2": 18.6190910339, "dmean": 12.0143194199, "var": 910.687133789, "dvar": 316.988372803, "mean": 31.9994373322}, "spectral_energy": {"min": 9.96112542504e-21, "max": 0.107454553246, "dvar2": 0.000522318761796, "median": 0.0150117855519, "dmean2": 0.0152619024739, "dmean": 0.0101337721571, "var": 0.000420217751525, "dvar": 0.00022510351846, "mean": 0.0212684907019}, "mfcc": {"cov": [[14574.0839844, 367.696594238, -1033.7800293, -188.842391968, -359.749786377, 101.504089355, 25.0227432251, 292.256530762, 220.334777832, 93.4688873291, 51.4109115601, -37.0175514221, -10.7502212524], [367.696594238, 1385.25488281, 87.4280395508, 31.7019634247, -7.92910242081, 26.6175613403, 68.4851913452, 8.96436214447, -24.1888504028, -30.2629871368, 11.9584569931, -58.8112640381, -28.9332885742], [-1033.7800293, 87.4280395508, 897.264831543, 243.219116211, 188.64112854, 108.384246826, 71.5234832764, -18.8621616364, -29.500743866, -18.1728725433, -13.8057126999, -4.15237140656, -2.80440568924], [-188.842391968, 31.7019634247, 243.219116211, 395.262573242, 208.678817749, 58.4714851379, -8.87675094604, 8.44411182404, 28.5957641602, -19.6248645782, -33.4898071289, -2.93466567993, 5.11732578278], [-359.749786377, -7.92910242081, 188.64112854, 208.678817749, 291.174713135, 91.6776657104, 37.7314109802, 16.6180324554, 52.9920845032, -6.62327957153, -18.1695327759, 7.52800321579, 16.1997146606], [101.504089355, 26.6175613403, 108.384246826, 58.4714851379, 91.6776657104, 164.78527832, 91.5223999023, 40.9094810486, 28.2129077911, 7.78377008438, 10.8938550949, 0.785867273808, 1.78854882717], [25.0227432251, 68.4851913452, 71.5234832764, -8.87675094604, 37.7314109802, 91.5223999023, 167.737304688, 74.4597091675, 25.4730224609, 18.539855957, 11.1101846695, -1.94214785099, 9.53514289856], [292.256530762, 8.96436214447, -18.8621616364, 8.44411182404, 16.6180324554, 40.9094810486, 74.4597091675, 128.44430542, 65.3456420898, 10.281206131, 5.62559938431, 6.4751830101, 12.0115213394], [220.334777832, -24.1888504028, -29.500743866, 28.5957641602, 52.9920845032, 28.2129077911, 25.4730224609, 65.3456420898, 118.457580566, 31.8778533936, 4.51740217209, 4.74202919006, 6.92049360275], [93.4688873291, -30.2629871368, -18.1728725433, -19.6248645782, -6.62327957153, 7.78377008438, 18.539855957, 10.281206131, 31.8778533936, 94.1911239624, 39.0250053406, -1.67165017128, -5.96946907043], [51.4109115601, 11.9584569931, -13.8057126999, -33.4898071289, -18.1695327759, 10.8938550949, 11.1101846695, 5.62559938431, 4.51740217209, 39.0250053406, 101.847198486, 40.2489280701, -6.94713926315], [-37.0175514221, -58.8112640381, -4.15237140656, -2.93466567993, 7.52800321579, 0.785867273808, -1.94214785099, 6.4751830101, 4.74202919006, -1.67165017128, 40.2489280701, 86.4078826904, 33.9021263123], [-10.7502212524, -28.9332885742, -2.80440568924, 5.11732578278, 16.1997146606, 1.78854882717, 9.53514289856, 12.0115213394, 6.92049360275, -5.96946907043, -6.94713926315, 33.9021263123, 88.8614959717]], "icov": [[8.42835725052e-05, -2.8139394999e-05, 8.97336212802e-05, -5.52663150302e-05, 0.000148492355947, -0.000174513275851, 0.000105798731965, -0.000155149435159, -7.82104325481e-05, -4.1297844291e-05, 3.52585152541e-06, 2.96241942124e-05, -1.4599872884e-05], [-2.8139394999e-05, 0.000811610021628, -6.04455453868e-05, -0.00014891869796, 8.50462747621e-05, 0.000188430160051, -0.000523322145455, 0.000184577875189, -1.69475504208e-06, 0.00060643046163, -0.000663679442368, 0.00083889340749, -5.16354630236e-05], [8.97336212802e-05, -6.04455453868e-05, 0.00164151797071, -0.000818599073682, -0.000260238826741, -0.000528285745531, -0.000633434101474, 0.000339214893756, 0.000626844412182, -5.28876189492e-05, -1.83607255622e-06, -5.24324896105e-05, 0.000137802984682], [-5.52663150302e-05, -0.00014891869796, -0.000818599073682, 0.00481210462749, -0.00310412119143, -0.000283880450297, 0.00191372563131, -0.00115742057096, 0.00037222384708, -0.000102227386378, 0.000957647047471, -0.000172325409949, 0.000269336131169], [0.000148492355947, 8.50462747621e-05, -0.000260238826741, -0.00310412119143, 0.00750579172745, -0.00248997239396, -0.000826551346108, 0.00182879925705, -0.00332905096002, 0.000757068919484, 0.000469984748634, -0.000525020353962, -0.000713349611033], [-0.000174513275851, 0.000188430160051, -0.000528285745531, -0.000283880450297, -0.00248997239396, 0.011040312238, -0.00545502034947, 0.000496811699122, -0.000560512649827, 0.000940979458392, -0.00169442640617, 0.000603932945523, 0.000533806160092], [0.000105798731965, -0.000523322145455, -0.000633434101474, 0.00191372563131, -0.000826551346108, -0.00545502034947, 0.0127252070233, -0.00701993284747, 0.00256085023284, -0.00246943254024, 0.000500683498103, 0.00063270307146, -0.00101145019289], [-0.000155149435159, 0.000184577875189, 0.000339214893756, -0.00115742057096, 0.00182879925705, 0.000496811699122, -0.00701993284747, 0.0160118937492, -0.00823912583292, 0.00280445767567, -0.000746942241676, -0.000343382824212, -0.000733126827981], [-7.82104325481e-05, -1.69475504208e-06, 0.000626844412182, 0.00037222384708, -0.00332905096002, -0.000560512649827, 0.00256085023284, -0.00823912583292, 0.0157112814486, -0.00553086679429, 0.0016928332625, -0.000908751564566, 0.000329328875523], [-4.1297844291e-05, 0.00060643046163, -5.28876189492e-05, -0.000102227386378, 0.000757068919484, 0.000940979458392, -0.00246943254024, 0.00280445767567, -0.00553086679429, 0.0160874761641, -0.00776328146458, 0.00465014064685, -0.000943964056205], [3.52585152541e-06, -0.000663679442368, -1.83607255622e-06, 0.000957647047471, 0.000469984748634, -0.00169442640617, 0.000500683498103, -0.000746942241676, 0.0016928332625, -0.00776328146458, 0.0179285053164, -0.0107677010819, 0.00458113336936], [2.96241942124e-05, 0.00083889340749, -5.24324896105e-05, -0.000172325409949, -0.000525020353962, 0.000603932945523, 0.00063270307146, -0.000343382824212, -0.000908751564566, 0.00465014064685, -0.0107677010819, 0.0204956904054, -0.00793102197349], [-1.4599872884e-05, -5.16354630236e-05, 0.000137802984682, 0.000269336131169, -0.000713349611033, 0.000533806160092, -0.00101145019289, -0.000733126827981, 0.000329328875523, -0.000943964056205, 0.00458113336936, -0.00793102197349, 0.0148455640301]], "mean": [-668.212463379, 89.4047317505, 20.6640052795, 27.9818897247, -4.63490486145, 9.5175819397, 0.209276258945, 4.06098461151, 1.65994632244, -2.30464410782, -1.42748963833, -2.13693094254, -2.27535891533]}, "spectral_contrast_valleys": {"min": [-28.6684684753, -28.0064888, -27.9875183105, -27.7815113068, -27.5641784668, -27.4140529633], "max": [-5.28029823303, -4.76709079742, -5.40004491806, -5.16298246384, -5.35582876205, -7.46622896194], "dvar2": [0.461318045855, 0.533249437809, 0.402855336666, 0.350968360901, 0.311813056469, 0.42530798912], "median": [-7.19350624084, -7.09570407867, -7.73581171036, -8.14713573456, -7.66121339798, -9.61909103394], "dmean2": [0.788018882275, 0.783988714218, 0.69838643074, 0.623266994953, 0.542782008648, 0.556363403797], "dmean": [0.519027411938, 0.509022772312, 0.476186037064, 0.444125026464, 0.410135954618, 0.451429665089], "var": [8.81539058685, 8.73339080811, 8.34246444702, 7.97873544693, 8.2095785141, 6.95503044128], "dvar": [0.231415554881, 0.260081589222, 0.214341744781, 0.189330786467, 0.17291970551, 0.234780669212], "mean": [-7.84315395355, -7.58424186707, -8.21611022949, -8.64910888672, -8.19854450226, -10.1417675018]}, "barkbands_flatness_db": {"min": 0.017636699602, "max": 0.475049674511, "dvar2": 0.00173001678195, "median": 0.100050196052, "dmean2": 0.0401078239083, "dmean": 0.0269726067781, "var": 0.00403142301366, "dvar": 0.000836957711726, "mean": 0.116369649768}, "dynamic_complexity": 3.81380653381, "erbbands_flatness_db": {"min": 0.027647735551, "max": 0.421573072672, "dvar2": 0.000957547104917, "median": 0.119532823563, "dmean2": 0.0312072746456, "dmean": 0.0222483836114, "var": 0.00208727549762, "dvar": 0.000512950296979, "mean": 0.128131166101}, "hfc": {"min": 1.07788284348e-16, "max": 247.376876831, "dvar2":