{"lowlevel": {"spectral_complexity": {"min": 0, "max": 61, "dvar2": 54.8588485718, "median": 21, "dmean2": 6.88603448868, "dmean": 4.64908218384, "var": 123.969024658, "dvar": 28.7199840546, "mean": 21.1457500458}, "silence_rate_20dB": {"min": 1, "max": 1, "dvar2": 0, "median": 1, "dmean2": 0, "dmean": 0, "var": 0, "dvar": 0, "mean": 1}, "average_loudness": 0.963607609272, "erbbands_spread": {"min": 4.30488109589, "max": 179.728637695, "dvar2": 261.184265137, "median": 46.8966674805, "dmean2": 15.2981452942, "dmean": 10.1011991501, "var": 475.691314697, "dvar": 118.463592529, "mean": 50.7733306885}, "spectral_kurtosis": {"min": -1.17705142498, "max": 26.59441185, "dvar2": 3.61421608925, "median": 3.66811442375, "dmean2": 1.36857962608, "dmean": 0.894834280014, "var": 4.67657470703, "dvar": 1.49553263187, "mean": 3.94837546349}, "barkbands_kurtosis": {"min": -1.96632671356, "max": 455.864990234, "dvar2": 192.126449585, "median": 1.2633368969, "dmean2": 4.89025735855, "dmean": 3.08113622665, "var": 151.91343689, "dvar": 79.2241744995, "mean": 4.17543983459}, "spectral_strongpeak": {"min": 0, "max": 17.1091861725, "dvar2": 3.29104495049, "median": 0.531160950661, "dmean2": 1.02704501152, "dmean": 0.59928894043, "var": 2.0337138176, "dvar": 1.28501343727, "mean": 0.986227035522}, "spectral_spread": {"min": 1867885.125, "max": 21080154, "dvar2": 877311885312, "median": 5372014, "dmean2": 801624.4375, "dmean": 601271.4375, "var": 3239762198530.0, "dvar": 501783953408, "mean": 5663636}, "spectral_rms": {"min": 4.555915325e-07, "max": 0.00988685898483, "dvar2": 1.98945735974e-06, "median": 0.00486353412271, "dmean2": 0.00118853838649, "dmean": 0.000763023330364, "var": 2.49613958658e-06, "dvar": 8.92064235813e-07, "mean": 0.00471905851737}, "erbbands": {"min": [1.54369725336e-10, 1.9794185388e-11, 4.66075312025e-12, 1.04761633396e-11, 2.94134369638e-11, 6.08720504558e-11, 7.5817241374e-11, 6.1573211807e-11, 1.41726505531e-10, 2.34908620333e-10, 4.43945685769e-10, 3.4712815955e-10, 8.75213013174e-10, 7.9183504198e-10, 1.07358066881e-09, 1.43005474129e-09, 1.70978320391e-09, 1.37088673746e-09, 2.38530439844e-09, 1.45814893493e-09, 3.80254627785e-09, 3.49375772757e-09, 3.15688009067e-09, 7.35557437181e-09, 8.24431189983e-09, 9.85843673362e-09, 5.74811309662e-09, 7.72947483796e-09, 7.12301995165e-09, 1.13508491495e-08, 6.89861678893e-09, 9.03422581189e-09, 8.27962320926e-09, 4.86314055692e-09, 4.01696276242e-09, 3.02152325382e-09, 2.18951279329e-09, 1.13672748991e-09, 3.40634698226e-09, 3.06248404414e-09], "max": [0.90052574873, 18.4639987946, 57.5752716064, 92.9995956421, 145.531082153, 265.312988281, 273.18536377, 324.548553467, 634.02545166, 972.46673584, 1312.84155273, 1215.88342285, 723.726501465, 543.046875, 957.877502441, 553.939453125, 1123.08422852, 419.688598633, 555.483825684, 503.534698486, 1708.67675781, 578.778808594, 561.208435059, 1051.95446777, 847.1640625, 484.116821289, 201.058517456, 222.837173462, 202.037765503, 270.33984375, 192.822433472, 168.788757324, 92.7922286987, 84.5453109741, 47.2944221497, 16.3844585419, 5.40978717804, 1.12740778923, 0.121551692486, 0.0115366987884], "dvar2": [0.0164658240974, 7.14368391037, 69.579574585, 211.340606689, 286.886047363, 1041.34143066, 587.977050781, 855.835021973, 1776.1697998, 4923.59667969, 6372.99804688, 6803.4765625, 1830.21740723, 1832.2734375, 3459.89111328, 1419.76745605, 1912.47546387, 519.448120117, 1077.24377441, 1503.67382812, 6785.94970703, 1510.76135254, 1336.21655273, 4328.64501953, 2301.33422852, 1232.38256836, 276.745452881, 316.218139648, 126.412757874, 83.504119873, 70.9910202026, 38.0729026794, 13.5349674225, 11.9297780991, 2.15859460831, 0.468148708344, 0.0416121520102, 0.00373087031767, 0.000181431954843, 7.8794886349e-07], "median": [0.0195306278765, 0.214187920094, 1.07439506054, 3.79875946045, 6.01484584808, 8.69368934631, 10.1663913727, 11.7989025116, 9.84858703613, 11.2673892975, 10.4490747452, 10.4776763916, 7.89523077011, 9.62426185608, 10.7759113312, 8.07430839539, 6.15829896927, 5.10941982269, 6.34630775452, 7.86155033112, 14.3770685196, 12.4413051605, 12.6225757599, 17.7293586731, 18.808391571, 12.3397693634, 6.37936306, 4.92165279388, 5.28777647018, 4.1982626915, 3.20616960526, 2.62879896164, 1.53392958641, 1.03936958313, 0.655600667, 0.27937412262, 0.0957140922546, 0.0268169976771, 0.00507817510515, 0.000326666951878], "dmean2": [0.0741415172815, 1.19459497929, 4.01836156845, 8.11137008667, 9.89451122284, 18.6839046478, 16.5605316162, 17.7441978455, 19.7235679626, 27.7327613831, 30.2462940216, 33.6338577271, 18.7679481506, 22.0361804962, 26.5908699036, 19.4318828583, 17.5023174286, 10.7434902191, 15.7551660538, 18.4787559509, 34.6235275269, 20.3893032074, 20.3669338226, 32.02135849, 27.7732753754, 19.0549526215, 8.98358440399, 8.36503887177, 6.22102689743, 4.26089000702, 3.68931412697, 2.63062405586, 1.42208564281, 1.12075746059, 0.669393062592, 0.325653463602, 0.10400006175, 0.0341675952077, 0.00728188175708, 0.000468337995699], "dmean": [0.0433828867972, 0.696411430836, 2.31806921959, 4.58324337006, 5.81482076645, 11.0714387894, 9.99556255341, 10.8278570175, 12.0144491196, 17.176607132, 19.1825084686, 21.3758068085, 11.8045558929, 13.7984485626, 16.8604030609, 12.1743469238, 11.1249876022, 6.77810239792, 9.82727050781, 11.673997879, 21.7798023224, 13.4663696289, 13.2698097229, 20.7713279724, 17.9569721222, 12.3607435226, 5.76657772064, 5.29233551025, 4.0318479538, 2.87526130676, 2.51725077629, 1.8160803318, 1.00672543049, 0.788892269135, 0.478886216879, 0.229935899377, 0.0736715048552, 0.0240332987159, 0.0051275389269, 0.000335111224558], "var": [0.00741571839899, 2.22656559944, 21.0455207825, 64.1413726807, 136.781219482, 506.038513184, 432.371673584, 606.250671387, 1333.17736816, 3080.17626953, 3777.57397461, 6340.39306641, 1490.02160645, 1570.17895508, 2487.19628906, 1000.43768311, 1247.67419434, 420.622558594, 842.913452148, 1291.8482666, 5741.96826172, 1981.84472656, 1675.05517578, 5536.96142578, 2957.17114258, 900.803405762, 185.493988037, 158.430664062, 97.614364624, 97.2536087036, 90.965133667, 55.4883918762, 25.4127120972, 18.5967998505, 3.80400276184, 0.670963227749, 0.0543557405472, 0.00358916423284, 0.000145879530464, 6.1164945464e-07], "dvar": [0.00608954997733, 2.66952466965, 26.0922908783, 74.9870300293, 105.349395752, 381.659423828, 231.039001465, 339.621490479, 714.102355957, 2009.40710449, 2714.51025391, 3038.34179688, 781.195556641, 767.589782715, 1493.13061523, 592.087890625, 772.955444336, 215.372207642, 445.151245117, 632.277709961, 2644.03833008, 680.284118652, 617.282287598, 1885.98413086, 1068.50854492, 531.545654297, 123.194038391, 131.766387939, 57.2523155212, 39.4620094299, 34.7856559753, 20.5160675049, 7.92148637772, 6.27613782883, 1.18331468105, 0.242970719934, 0.0212491843849, 0.00177557452116, 8.29733980936e-05, 3.65471976238e-07], "mean": [0.0552583448589, 0.709470629692, 2.62646770477, 6.1839838028, 9.65548038483, 16.7922801971, 17.1631278992, 19.2782554626, 20.4377784729, 26.5720653534, 28.682100296, 34.3715782166, 19.1373195648, 22.7012996674, 26.5368976593, 19.0518360138, 17.8743743896, 12.0219774246, 16.2361869812, 19.7036933899, 38.3001976013, 27.3393268585, 26.9487876892, 42.2874145508, 37.0477485657, 22.1224269867, 10.2334899902, 8.42290782928, 7.9712023735, 6.6827082634, 5.77344894409, 4.21609401703, 2.44132971764, 1.76746368408, 1.06587314606, 0.48250669241, 0.157817319036, 0.0475286692381, 0.00953397341073, 0.000615037628449]}, "zerocrossingrate": {"min": 0.001953125, "max": 0.755859375, "dvar2": 0.000262237386778, "median": 0.08056640625, "dmean2": 0.0161315500736, "dmean": 0.014103166759, "var": 0.00268948893063, "dvar": 0.000235705054365, "mean": 0.0867841467261}, "spectral_contrast_coeffs": {"min": [-0.960216939449, -0.95339089632, -0.96678340435, -0.951094448566, -0.944615483284, -0.936154067516], "max": [-0.300338178873, -0.348261326551, -0.473469644785, -0.522987186909, -0.520702064037, -0.598460912704], "dvar2": [0.00513739930466, 0.00447954889387, 0.00276643759571, 0.00168018671684, 0.00100797507912, 0.000952432630584], "median": [-0.611150383949, -0.728498101234, -0.782044112682, -0.79149055481, -0.78435832262, -0.780115962029], "dmean2": [0.0878393426538, 0.0830306485295, 0.0660829469562, 0.0515647828579, 0.0378186628222, 0.0305260643363], "dmean": [0.0530874542892, 0.0509337559342, 0.0410446859896, 0.032216720283, 0.0242178943008, 0.0197368748486], "var": [0.00654508406296, 0.00552054215223, 0.00442988239229, 0.00289122806862, 0.00274785538204, 0.00138885725755], "dvar": [0.00195217865985, 0.00170206162147, 0.00114529300481, 0.000688985164743, 0.000465160352178, 0.000412080145907], "mean": [-0.609440386295, -0.723329782486, -0.772655308247, -0.786185860634, -0.778066694736, -0.778761565685]}, "dissonance": {"min": 0.245638474822, "max": 0.500000119209, "dvar2": 0.000630184076726, "median": 0.474532008171, "dmean2": 0.0262812338769, "dmean": 0.0158607922494, "var": 0.000584483146667, "dvar": 0.000244959985139, "mean": 0.468723863363}, "spectral_energyband_high": {"min": 9.03691635412e-11, "max": 0.0203290823847, "dvar2": 1.57935130574e-06, "median": 0.000972079636995, "dmean2": 0.000716078851838, "dmean": 0.000512688013259, "var": 2.13218754652e-06, "dvar": 8.11409449852e-07, "mean": 0.00131796894129}, "spectral_skewness": {"min": -0.150236085057, "max": 4.03334474564, "dvar2": 0.0799752622843, "median": 1.44457912445, "dmean2": 0.245073333383, "dmean": 0.163728669286, "var": 0.147236287594, "dvar": 0.036411575973, "mean": 1.47432637215}, "spectral_flux": {"min": 1.13421665446e-05, "max": 0.284510910511, "dvar2": 0.00180287833791, "median": 0.0833936929703, "dmean2": 0.0393694899976, "dmean": 0.025820877403, "var": 0.00206625577994, "dvar": 0.000927913410123, "mean": 0.0903425142169}, "silence_rate_30dB": {"min": 1, "max": 1, "dvar2": 0, "median": 1, "dmean2": 0, "dmean": 0, "var": 0, "dvar": 0, "mean": 1}, "spectral_energyband_middle_high": {"min": 9.35640237162e-13, "max": 0.041399307549, "dvar2": 1.09385264295e-05, "median": 0.00391077063978, "dmean2": 0.00260788807645, "dmean": 0.00178417318966, "var": 2.49497115874e-05, "dvar": 5.36596553502e-06, "mean": 0.00539545249194}, "barkbands_spread": {"min": 0.348883390427, "max": 151.742828369, "dvar2": 132.380523682, "median": 27.7425918579, "dmean2": 10.5889625549, "dmean": 7.0239982605, "var": 242.460494995, "dvar": 62.936126709, "mean": 29.3240871429}, "spectral_centroid": {"min": 176.82371521, "max": 5814.13623047, "dvar2": 206958.703125, "median": 1508.12841797, "dmean2": 444.552185059, "dmean": 294.68170166, "var": 491889.5625, "dvar": 98386.875, "mean": 1569.05090332}, "pitch_salience": {"min": 0.103926986456, "max": 0.899469256401, "dvar2": 0.0115059111267, "median": 0.61961209774, "dmean2": 0.11913151294, "dmean": 0.0716538876295, "var": 0.0104921767488, "dvar": 0.00425044959411, "mean": 0.608768224716}, "erbbands_skewness": {"min": -4.46814870834, "max": 6.00869512558, "dvar2": 0.342727184296, "median": 0.173346847296, "dmean2": 0.584560096264, "dmean": 0.39152354002, "var": 0.720076858997, "dvar": 0.16084523499, "mean": 0.184860110283}, "erbbands_crest": {"min": 2.09063220024, "max": 30.8391494751, "dvar2": 16.7275562286, "median": 7.27007102966, "dmean2": 4.23315048218, "dmean": 2.59046626091, "var": 17.4182796478, "dvar": 6.69619941711, "mean": 8.32874774933}, "melbands": {"min": [2.61296453224e-12, 1.57680879428e-15, 2.58881792515e-15, 4.36706640088e-15, 2.59381478427e-15, 1.47027068424e-15, 2.11342767153e-15, 2.06604761308e-15, 3.49576384211e-15, 1.97071871354e-15, 4.51552078335e-15, 2.60156195936e-15, 3.38867664296e-15, 2.60493230346e-15, 4.49279912454e-15, 2.66444505009e-15, 2.46150548505e-15, 3.37353677606e-15, 1.38292305853e-15, 2.23880527662e-15, 3.84963303165e-15, 3.56511085302e-15, 2.24826705816e-15, 3.51448962299e-15, 5.02994633859e-15, 4.04364381063e-15, 6.10833617099e-15, 6.53977790839e-15, 2.52634861002e-15, 3.90456820047e-15, 4.07459651211e-15, 3.6014472959e-15, 5.49645481649e-15, 5.85916152428e-15, 3.65544945794e-15, 4.53274816295e-15, 5.73305229448e-15, 6.5515271024e-15, 3.82874181104e-15, 4.23686007272e-15], "max": [0.0139425527304, 0.0242737680674, 0.0145655255765, 0.0152800763026, 0.00734331598505, 0.00697778537869, 0.00939665548503, 0.00906442664564, 0.0116210421547, 0.0070145316422, 0.00361719308421, 0.00263613415882, 0.0034695409704, 0.00180958013516, 0.0023562903516, 0.00153490633238, 0.000870856340043, 0.000990274245851, 0.000624289677944, 0.00132234685589, 0.002193471184, 0.000871886033565, 0.000958918302786, 0.000714168127161, 0.0010060495697, 0.000882230990101, 0.00042235062574, 0.000412156165112, 0.000153968678205, 0.000199895701371, 0.000184956501471, 0.000178691348992, 0.000131141889142, 0.00015575242287, 0.000124303915072, 9.41788894124e-05, 0.000111346576887, 7.59858085075e-05, 7.21291580703e-05, 7.62022900744e-05], "dvar2": [3.64112884199e-06, 1.57047197717e-05, 5.53817335458e-06, 3.13380155603e-06, 7.12859844043e-07, 4.07162815463e-07, 4.44257040044e-07, 5.72244914565e-07, 4.14646933677e-07, 2.31929945471e-07, 4.99158225864e-08, 3.52280906668e-08, 4.84987623395e-08, 1.54123771523e-08, 1.20429728412e-08, 5.10600095538e-09, 2.59298671423e-09, 4.36657332514e-09, 1.95074179032e-09, 3.97696808818e-09, 1.22311032413e-08, 2.22245932768e-09, 2.13646833558e-09, 2.46479636701e-09, 4.05912725654e-09, 1.92450144709e-09, 8.10026490328e-10, 7.57964413456e-10, 1.13611418884e-10, 1.86979973171e-10, 1.03382753747e-10, 7.05491151609e-11, 2.07954591047e-11, 3.36902172826e-11, 2.90225100896e-11, 2.25378691404e-11, 1.54821867132e-11, 8.55332124572e-12, 8.50217465875e-12, 1.03574371302e-11], "median": [0.000209759367863, 0.00052264938131, 0.000758080161177, 0.000547474308405, 0.000398211996071, 0.000275893718936, 0.000152876309585, 0.000118089730677, 8.73702229001e-05, 5.70969496039e-05, 3.43932442775e-05, 3.61070779036e-05, 3.4694930946e-05, 2.16404805542e-05, 1.6426343791e-05, 1.00673951238e-05, 8.43544694362e-06, 9.63301590673e-06, 7.6640444604e-06, 1.16391456686e-05, 1.62224387168e-05, 1.12710094982e-05, 1.01138366517e-05, 9.75754664978e-06, 1.33718413053e-05, 1.42259850691e-05, 1.04951132016e-05, 6.77996558807e-06, 3.86543888453e-06, 2.95901236314e-06, 2.53249845628e-06, 2.9375100894e-06, 2.45254796027e-06, 2.2139952307e-06, 1.87238060789e-06, 1.49512175085e-06, 1.58299940267e-06, 1.03446177491e-06, 9.33808507853e-07, 8.30067961033e-07], "dmean2": [0.000943223712966, 0.00190606119577, 0.00137573352549, 0.00101905211341, 0.000591048155911, 0.000397635827539, 0.000310157920467, 0.000307703448925, 0.000258309213677, 0.000198091351194, 9.69950924627e-05, 9.43732084124e-05, 9.80857221293e-05, 6.28075795248e-05, 5.02740149386e-05, 3.04891400447e-05, 2.23682764044e-05, 3.0568910006e-05, 2.09927602555e-05, 3.07922564389e-05, 4.57304704469e-05, 2.27782256843e-05, 2.20519577852e-05, 2.33970422414e-05, 2.94307319564e-05, 2.49678250839e-05, 1.67717789736e-05, 1.33491848828e-05, 6.05156856182e-06, 6.3405432229e-06, 4.55544704892e-06, 4.21502772951e-06, 2.55674603977e-06, 2.67941595666e-06, 2.47877915172e-06, 1.90012201529e-06, 1.70920793607e-06, 1.09201687337e-06, 1.03886702618e-06, 1.01521902707e-06], "dmean": [0.000551353557967, 0.00111020321492, 0.000785231706686, 0.000605264329351, 0.000357343436917, 0.00024384947028, 0.000189164842595, 0.000191006271052, 0.00016353240062, 0.000125499020214, 6.06299363426e-05, 5.88929688092e-05, 6.18356280029e-05, 3.90652785427e-05, 3.15951874654e-05, 1.93165142264e-05, 1.39335334097e-05, 1.88828289538e-05, 1.31001488626e-05, 1.93337618839e-05, 2.86266149487e-05, 1.48503486344e-05, 1.41975724546e-05, 1.49543857333e-05, 1.89425791177e-05, 1.60560048243e-05, 1.06470288301e-05, 8.54492100189e-06, 3.847849257e-06, 3.86715419154e-06, 2.88344176624e-06, 2.69616225523e-06, 1.66290510606e-06, 1.7592791437e-06, 1.64830737504e-06, 1.28213935113e-06, 1.1499212178e-06, 7.52920811919e-07, 7.11418465471e-07, 6.99665861248e-07], "var": [1.34104152494e-06, 5.00293890582e-06, 1.91666686078e-06, 1.59021362833e-06, 4.97224277751e-07, 2.92099656463e-07, 3.21763849342e-07, 3.58794721933e-07, 2.65827083012e-07, 2.13518305259e-07, 4.06707023615e-08, 3.04749967484e-08, 3.37280141594e-08, 1.08534576881e-08, 7.68063834755e-09, 3.59915541814e-09, 1.73814962423e-09, 3.18675086319e-09, 1.45406897634e-09, 3.19410031757e-09, 9.46092271192e-09, 2.35240071866e-09, 2.10286166258e-09, 2.32674168821e-09, 4.8322079671e-09, 2.70478706099e-09, 7.4076683676e-10, 4.78460215891e-10, 8.33657101684e-11, 8.50438816591e-11, 5.37935321288e-11, 4.64327049032e-11, 2.11850207515e-11, 3.70752838152e-11, 3.39209771383e-11, 2.48584954704e-11, 2.08778983685e-11, 1.29005963898e-11, 1.24815218924e-11, 1.43931437949e-11], "dvar": [1.36639653192e-06, 5.97591497353e-06, 1.9879021238e-06, 1.15482396268e-06, 2.75830274177e-07, 1.61277583288e-07, 1.79372037223e-07, 2.34480481254e-07, 1.80038156827e-07, 1.03491345271e-07, 2.1362996705e-08, 1.49039021125e-08, 2.06186445695e-08, 6.47356035444e-09, 4.87711515618e-09, 2.15527173886e-09, 1.03943442742e-09, 1.78303560805e-09, 8.05170208285e-10, 1.63826230359e-09, 4.76132422378e-09, 9.54156642585e-10, 9.55568846273e-10, 1.06441944148e-09, 1.76293268872e-09, 9.33184862717e-10, 3.53282819665e-10, 3.25487692354e-10, 5.01568474254e-11, 7.704163002e-11, 4.35822489209e-11, 3.15703990728e-11, 9.37640243226e-12, 1.57486506475e-11, 1.36421507771e-11, 1.07810618072e-11, 8.17327629188e-12, 4.52200776824e-12, 4.40143971617e-12, 5.25780504204e-12], "mean": [0.000636674230918, 0.00124945840798, 0.00116558372974, 0.00098270480521, 0.000636886514258, 0.000434546353063, 0.000317800499033, 0.000291236501653, 0.000245302857365, 0.000199284186237, 9.28987938096e-05, 9.30058522499e-05, 9.28665249376e-05, 5.82232460147e-05, 4.65323028038e-05, 2.98546474369e-05, 2.22427170229e-05, 2.88022729364e-05, 2.03208019229e-05, 3.14923308906e-05, 4.74712833238e-05, 2.71281023743e-05, 2.49960776273e-05, 2.62470912276e-05, 3.53830437234e-05, 3.16122095683e-05, 1.94928306883e-05, 1.3703796867e-05, 6.56253723719e-06, 5.42393127034e-06, 4.54081236967e-06, 4.81150027554e-06, 3.57898943548e-06, 3.80331630367e-06, 3.53406494469e-06, 2.68411122306e-06, 2.52538757195e-06, 1.68975520864e-06, 1.53663131641e-06, 1.46925435729e-06]}, "spectral_entropy": {"min": 5.72464895248, "max": 9.3313331604, "dvar2": 0.0506377443671, "median": 7.80853462219, "dmean2": 0.21210886538, "dmean": 0.149241954088, "var": 0.128376290202, "dvar": 0.0262776650488, "mean": 7.75419330597}, "spectral_rolloff": {"min": 64.599609375, "max": 21231.7382812, "dvar2": 2521829.5, "median": 1636.5234375, "dmean2": 1109.3963623, "dmean": 679.245910645, "var": 4092747.75, "dvar": 1200109.875, "mean": 2033.70458984}, "barkbands": {"min": [2.34802160354e-11, 1.78496296519e-13, 2.42863107758e-15, 2.44879893205e-15, 1.85288304746e-14, 9.79501446315e-15, 1.10535970026e-14, 2.42491323821e-15, 1.63885984454e-14, 1.31255073542e-14, 2.09979467624e-14, 2.48521448782e-14, 3.23955475618e-14, 2.55256241626e-14, 3.7834061513e-14, 6.30550096186e-14, 5.6522603438e-14, 6.11892264288e-14, 1.43908593809e-13, 1.94590180015e-13, 1.81865468323e-13, 2.68500716452e-13, 2.40480107615e-13, 4.81241403064e-13, 5.29312975828e-13, 1.12217310097e-12, 1.05177061505e-10], "max": [0.00299174385145, 0.0690190717578, 0.0527643933892, 0.032511651516, 0.0554596222937, 0.0423069745302, 0.0502879954875, 0.0465175323188, 0.0458923950791, 0.0250642765313, 0.0219496041536, 0.013856722042, 0.0232010111213, 0.0108892824501, 0.00867399852723, 0.024760523811, 0.0133963301778, 0.0116166323423, 0.0204708855599, 0.00762546621263, 0.00487498380244, 0.00665738526732, 0.00763161294162, 0.00642314134166, 0.0068538133055, 0.00304834870622, 0.000718149647582], "dvar2": [4.31381685928e-08, 9.38206430874e-05, 6.18056656094e-05, 2.64273658104e-05, 4.76028544654e-05, 1.10664914246e-05, 1.36979106173e-05, 1.44641253428e-05, 1.11388017103e-05, 2.36924756791e-06, 2.29631268667e-06, 1.07790879156e-06, 8.42386668864e-07, 5.15857550454e-07, 3.94068564447e-07, 1.74323542979e-06, 7.40025313917e-07, 8.12435814623e-07, 1.40989118336e-06, 4.55980796232e-07, 1.83835666689e-07, 8.73093242149e-08, 8.7673910798e-08, 5.69759883717e-08, 5.65822304566e-08, 1.63104694195e-08, 6.0848965866e-09], "median": [4.5003296691e-05, 0.000847228453495, 0.00100205559283, 0.00156204705127, 0.00244269380346, 0.0015393551439, 0.000704127014615, 0.000366722466424, 0.000431484688306, 0.000230419318541, 0.000217033943045, 0.000179592665518, 0.00011190296209, 0.000106195089757, 0.000103361890069, 0.00022864001221, 0.000200464361114, 0.000214712054003, 0.000396710587665, 0.000236667227, 0.0001330813393, 0.000145912868902, 0.0001138808002, 0.000107920561277, 9.69638495008e-05, 5.69866679143e-05, 2.92712866212e-05], "dmean2": [0.00011057730444, 0.00443062046543, 0.00388031243347, 0.0031092716381, 0.00419959099963, 0.0022230562754, 0.00160089356359, 0.00140244304202, 0.0014241571771, 0.000716978858691, 0.000694956106599, 0.000535322236829, 0.000369779154425, 0.000319478305755, 0.000288213544991, 0.000598265614826, 0.000411061511841, 0.00045683758799, 0.000657525204588, 0.000384200742701, 0.000212745522731, 0.000157793023391, 0.000129541556817, 9.84838843578e-05, 9.14811753319e-05, 6.12382500549e-05, 4.19842108386e-05], "dmean": [6.52119269944e-05, 0.00257257651538, 0.00221306830645, 0.00177261128556, 0.00250278483145, 0.00136154494248, 0.000987414969131, 0.000879034923855, 0.000888323993422, 0.000442957563791, 0.000435314344941, 0.000331716437358, 0.000233958300669, 0.000197357439902, 0.000177812718903, 0.000374901574105, 0.000266060465947, 0.000292721932055, 0.00042340537766, 0.00024851562921, 0.000133001143695, 0.000103672718978, 8.78474747878e-05, 6.96781207807e-05, 6.62299644318e-05, 4.40359217464e-05, 3.01111376757e-05], "var": [1.449851883e-08, 2.99470539176e-05, 1.79651233339e-05, 1.03787469925e-05, 2.57114643318e-05, 7.88177476352e-06, 9.01575822354e-06, 8.28563315736e-06, 9.88883311948e-06, 2.06340746445e-06, 1.61744719662e-06, 7.23652817669e-07, 5.42585439689e-07, 3.36506474241e-07, 2.64577579401e-07, 1.45146520936e-06, 7.63888976962e-07, 7.82338986483e-07, 2.06361369237e-06, 3.38237697406e-07, 9.57227470622e-08, 7.41851096109e-08, 1.14283963626e-07, 1.02042385208e-07, 1.07045245556e-07, 2.22333493838e-08, 5.17602272154e-09], "dvar": [1.55703698823e-08, 3.4805481846e-05, 2.28004773817e-05, 9.3706385087e-06, 1.76670091605e-05, 4.38309143647e-06, 5.54689222554e-06, 6.00719022259e-06, 4.84031215819e-06, 1.02046578832e-06, 9.79775450105e-07, 4.458304943e-07, 3.41120312441e-07, 2.01200293759e-07, 1.55028175186e-07, 6.85340921791e-07, 3.16905016007e-07, 3.5445967228e-07, 6.33383024251e-07, 1.99102416332e-07, 7.71617436612e-08, 4.0978864746e-08, 4.35148592715e-08, 3.31872733739e-08, 3.2015570639e-08, 8.44213321471e-09, 2.86021495377e-09], "mean": [8.34180464153e-05, 0.00272589875385, 0.002434394788, 0.0026105302386, 0.00418122299016, 0.00237372820266, 0.00157130614389, 0.00122274097521, 0.0014202586608, 0.000662678736262, 0.000622270279564, 0.000482441537315, 0.000355858821422, 0.000305328023387, 0.000271785422228, 0.000626372115221, 0.000487062818138, 0.000524852366652, 0.000880812294781, 0.000429531239206, 0.000215532971197, 0.000214373038034, 0.000204750409466, 0.00017012139142, 0.000155281464686, 9.50296962401e-05, 5.61855631531e-05]}, "melbands_flatness_db": {"min": 0.0379450842738, "max": 0.541073024273, "dvar2": 0.00142843276262, "median": 0.160059005022, "dmean2": 0.0382489524782, "dmean": 0.0251205600798, "var": 0.00316286832094, "dvar": 0.000639540143311, "mean": 0.168698057532}, "melbands_skewness": {"min": -1.19892251492, "max": 17.1933460236, "dvar2": 2.13241171837, "median": 2.54906105995, "dmean2": 1.26205182076, "dmean": 0.80887812376, "var": 3.21495580673, "dvar": 0.913855314255, "mean": 2.93790030479}, "barkbands_skewness": {"min": -4.39664077759, "max": 18.72174263, "dvar2": 0.957892477512, "median": 1.38251936436, "dmean2": 0.863192021847, "dmean": 0.562603294849, "var": 1.7075111866, "dvar": 0.426517575979, "mean": 1.56463682652}, "silence_rate_60dB": {"min": 0, "max": 1, "dvar2": 0.0208625737578, "median": 0, "dmean2": 0.0186206903309, "dmean": 0.00930954236537, "var": 0.0443779565394, "dvar": 0.00922178477049, "mean": 0.0465436987579}, "spectral_energyband_low": {"min": 1.60265672261e-11, "max": 0.0878955647349, "dvar2": 0.000236719002714, "median": 0.00357893528417, "dmean2": 0.00830639246851, "dmean": 0.00486405938864, "var": 8.90440278454e-05, "dvar": 9.24969135667e-05, "mean": 0.00652803387493}, "spectral_energyband_middle_low": {"min": 1.79739036155e-13, "max": 0.0659816935658, "dvar2": 0.000118185344036, "median": 0.0119430515915, "dmean2": 0.00865362491459, "dmean": 0.0052225724794, "var": 8.26345567475e-05, "dvar": 4.54201071989e-05, "mean": 0.0135105689988}, "melbands_kurtosis": {"min": -1.93487775326, "max": 586.535827637, "dvar2": 733.647216797, "median": 8.49496078491, "dmean2": 13.8951425552, "dmean": 8.64768123627, "var": 755.832458496, "dvar": 310.42956543, "mean": 16.5192337036}, "spectral_decrease": {"min": -2.58630699079e-08, "max": 2.10210321372e-11, "dvar2": 2.09304041567e-17, "median": -5.75474734532e-09, "dmean2": 3.38007843936e-09, "dmean": 2.09961892317e-09, "var": 1.36909889188e-17, "dvar": 8.74912573492e-18, "mean": -6.09701400478e-09}, "erbbands_kurtosis": {"min": -1.89482629299, "max": 39.9611968994, "dvar2": 5.38269996643, "median": -0.589892029762, "dmean2": 1.36185491085, "dmean": 0.859490931034, "var": 4.1124124527, "dvar": 2.32950377464, "mean": -0.0233887434006}, "melbands_crest": {"min": 2.53584170341, "max": 37.1111488342, "dvar2": 22.1613960266, "median": 11.9077835083, "dmean2": 5.36430263519, "dmean": 3.23719859123, "var": 21.9460372925, "dvar": 8.32697486877, "mean": 12.7243299484}, "gfcc": {"cov": [[11011.859375, -155.55406189, -617.048583984, -145.266525269, -202.215606689, 92.172203064, -94.4060211182, 57.8926544189, -82.6952209473, 38.5014457703, -38.6523017883, 61.2577590942, -96.7782745361], [-155.55406189, 907.857421875, -164.318389893, -0.614463448524, 54.7686080933, 3.13099694252, 70.5182876587, 53.6961364746, 38.2591438293, 26.2298355103, 55.7445678711, -5.82009220123, 33.8579788208], [-617.048583984, -164.318389893, 887.809082031, 103.24130249, 100.500541687, 90.1164321899, -10.1120986938, -76.069694519, 16.9428462982, 33.7495002747, -35.343837738, 31.4434986115, 19.0671520233], [-145.266525269, -0.614463448524, 103.24130249, 369.239990234, 48.7157745361, 26.1054973602, 17.1661949158, 3.00473022461, 19.092502594, -5.53084945679, -3.79844117165, -5.16679382324, 7.20126438141], [-202.215606689, 54.7686080933, 100.500541687, 48.7157745361, 280.453979492, 34.5697364807, 52.9672813416, 0.812804698944, 17.4541168213, 18.7539348602, -3.14784693718, 15.80854702, 24.7617225647], [92.172203064, 3.13099694252, 90.1164321899, 26.1054973602, 34.5697364807, 234.944854736, 62.614025116, -20.090461731, -4.07832193375, 9.69679641724, 8.87815570831, -0.895874083042, -11.782286644], [-94.4060211182, 70.5182876587, -10.1120986938, 17.1661949158, 52.9672813416, 62.614025116, 164.766143799, 49.1333351135, 3.81183791161, 8.41564559937, 18.5079784393, -10.2871875763, -10.3594369888], [57.8926544189, 53.6961364746, -76.069694519, 3.00473022461, 0.812804698944, -20.090461731, 49.1333351135, 142.225616455, 55.3562469482, -5.68665599823, 7.19861507416, -3.39488005638, -0.0863540992141], [-82.6952209473, 38.2591438293, 16.9428462982, 19.092502594, 17.4541168213, -4.07832193375, 3.81183791161, 55.3562469482, 105.775291443, 33.3402252197, -3.0242600441, -4.23900604248, 8.47541046143], [38.5014457703, 26.2298355103, 33.7495002747, -5.53084945679, 18.7539348602, 9.69679641724, 8.41564559937, -5.68665599823, 33.3402252197, 71.7566070557, 31.1433467865, 1.18137717247, -0.655958712101], [-38.6523017883, 55.7445678711, -35.343837738, -3.79844117165, -3.14784693718, 8.87815570831, 18.5079784393, 7.19861507416, -3.0242600441, 31.1433467865, 84.6929016113, 33.6453170776, -0.0627934485674], [61.2577590942, -5.82009220123, 31.4434986115, -5.16679382324, 15.80854702, -0.895874083042, -10.2871875763, -3.39488005638, -4.23900604248, 1.18137717247, 33.6453170776, 75.5087356567, 39.2806777954], [-96.7782745361, 33.8579788208, 19.0671520233, 7.20126438141, 24.7617225647, -11.782286644, -10.3594369888, -0.0863540992141, 8.47541046143, -0.655958712101, -0.0627934485674, 39.2806777954, 73.0980987549]], "icov": [[0.000112623187306, -5.6944836615e-06, 0.000113435569801, -2.11822189158e-05, 5.86453970755e-05, -0.000121054850752, 0.000114810027299, -0.000207339617191, 0.000282881519524, -0.000482437142637, 0.000508742348757, -0.000533751328476, 0.000351021270035], [-5.6944836615e-06, 0.00132471881807, 0.000182297764695, 5.35963481525e-05, -0.000241307701799, 9.17972829484e-06, -0.000345495063812, 1.36722464958e-05, -0.000464110722532, 0.000321346975397, -0.00137751724105, 0.00128428265452, -0.00127430865541], [0.000113435569801, 0.000182297764695, 0.00158571684733, -0.000380563578801, -0.000237907923292, -0.00054111762438, 7.32262342353e-05, 0.000424235768151, 4.20132710133e-05, -0.00153910694644, 0.00187520298641, -0.00185006426182, 0.000670958368573], [-2.11822189158e-05, 5.35963481525e-05, -0.000380563578801, 0.00296866730787, -0.000421070086304, -0.000107949745143, -0.000172606567503, 0.000307192036416, -0.00100279122125, 0.0015074131079, -0.00115105335135, 0.0012512790272, -0.000688514381181], [5.86453970755e-05, -0.000241307701799, -0.000237907923292, -0.000421070086304, 0.00437861401588, -0.000139068390126, -0.00151784403715, 0.000272239325568, -6.6428554419e-05, -0.00147814245429, 0.00170235265978, -0.00153130572289, -0.000608713366091], [-0.000121054850752, 9.17972829484e-06, -0.00054111762438, -0.000107949745143, -0.000139068390126, 0.00538633391261, -0.00252969400026, 0.0018771297764, -0.00101114355493, 0.000935511663556, -0.000926439533941, 0.000196988839889, 0.000565253256354], [0.000114810027299, -0.000345495063812, 7.32262342353e-05, -0.000172606567503, -0.00151784403715, -0.00252969400026, 0.0093926731497, -0.00459128199145, 0.00295917177573, -0.00163902284112, -0.00107678188942, 0.00159739505034, 0.000524926523212], [-0.000207339617191, 1.36722464958e-05, 0.000424235768151, 0.000307192036416, 0.000272239325568, 0.0018771297764, -0.00459128199145, 0.0132950209081, -0.0093182567507, 0.00705727795139, -0.00357086118311, 0.00104880577419, -0.000269308948191], [0.000282881519524, -0.000464110722532, 4.20132710133e-05, -0.00100279122125, -6.6428554419e-05, -0.00101114355493, 0.00295917177573, -0.0093182567507, 0.018904177472, -0.0127120036632, 0.00679197907448, -0.00198022741824, -0.000290775526082], [-0.000482437142637, 0.000321346975397, -0.00153910694644, 0.0015074131079, -0.00147814245429, 0.000935511663556, -0.00163902284112, 0.00705727795139, -0.0127120036632, 0.0286441147327, -0.0161161124706, 0.00937806628644, -0.0034294265788], [0.000508742348757, -0.00137751724105, 0.00187520298641, -0.00115105335135, 0.00170235265978, -0.000926439533941, -0.00107678188942, -0.00357086118311, 0.00679197907448, -0.0161161124706, 0.0279589146376, -0.018645087257, 0.0091642383486], [-0.000533751328476, 0.00128428265452, -0.00185006426182, 0.0012512790272, -0.00153130572289, 0.000196988839889, 0.00159739505034, 0.00104880577419, -0.00198022741824, 0.00937806628644, -0.018645087257, 0.0322016142309, -0.0171705391258], [0.000351021270035, -0.00127430865541, 0.000670958368573, -0.000688514381181, -0.000608713366091, 0.000565253256354, 0.000524926523212, -0.000269308948191, -0.000290775526082, -0.0034294265788, 0.0091642383486, -0.0171705391258, 0.0242371540517]], "mean": [27.2210159302, 55.5740013123, -92.6619262695, 26.2968215942, -55.1506729126, -4.01093816757, -37.05519104, 6.59805297852, -27.5544185638, -4.97720098495, -16.3488941193, 0.206484511495, -13.8130130768]}, "melbands_spread": {"min": 0.396983653307, "max": 268.214569092, "dvar2": 274.492614746, "median": 23.6209983826, "dmean2": 13.0512962341, "dmean": 8.56055545807, "var": 477.752288818, "dvar": 131.518157959, "mean": 28.5313663483}, "spectral_energy": {"min": 2.12752745976e-10, "max": 0.100193724036, "dvar2": 0.000308523653075, "median": 0.0242453143001, "dmean2": 0.0131772058085, "dmean": 0.0082594640553, "var": 0.00021611127886, "dvar": 0.000130205691676, "mean": 0.0253848489374}, "mfcc": {"cov": [[7315.38916016, -39.1240882874, -445.553314209, -33.2213592529, -139.920837402, -38.0303611755, -17.9757328033, 53.0666542053, -75.6812210083, 0.0841686427593, 9.25476360321, 29.3887271881, 7.52132844925], [-39.1240882874, 827.462463379, -93.8446807861, -13.9459257126, 13.0920763016, -19.5744838715, 48.9379997253, 4.3346991539, 39.8211669922, 9.35615730286, 26.8776245117, 28.9733486176, 39.3172454834], [-445.553314209, -93.8446807861, 642.278015137, 59.5554428101, 85.9061965942, 123.312278748, -6.0060710907, -6.72420406342, 12.0958576202, -10.4362840652, -10.5268068314, 3.63499641418, -8.01391887665], [-33.2213592529, -13.9459257126, 59.5554428101, 324.095397949, 79.1257629395, -0.963558733463, 2.45583868027, 12.645989418, 34.9894981384, 10.5516796112, -9.76358032227, 17.1495780945, 13.8089199066], [-139.920837402, 13.0920763016, 85.9061965942, 79.1257629395, 192.890441895, 72.2971420288, -2.37920045853, 4.51904630661, 37.9027557373, -5.65158319473, -18.1095371246, 17.2365531921, 19.9792385101], [-38.0303611755, -19.5744838715, 123.312278748, -0.963558733463, 72.2971420288, 230.436553955, 79.7159500122, -0.208010479808, 8.96021461487, -3.08374929428, 8.59980106354, 11.7595968246, -16.5211849213], [-17.9757328033, 48.9379997253, -6.0060710907, 2.45583868027, -2.37920045853, 79.7159500122, 150.820632935, 49.329120636, -1.02544152737, 4.73637056351, 32.6696090698, 4.71553754807, -12.3984413147], [53.0666542053, 4.3346991539, -6.72420406342, 12.645989418, 4.51904630661, -0.208010479808, 49.329120636, 108.922660828, 36.7765426636, 17.7643718719, 18.3749084473, 0.154804229736, 5.16475439072], [-75.6812210083, 39.8211669922, 12.0958576202, 34.9894981384, 37.9027557373, 8.96021461487, -1.02544152737, 36.7765426636, 109.181945801, 36.2619934082, -4.34529066086, 6.19493484497, 6.01152658463], [0.0841686427593, 9.35615730286, -10.4362840652, 10.5516796112, -5.65158319473, -3.08374929428, 4.73637056351, 17.7643718719, 36.2619934082, 95.3352584839, 46.479763031, -3.67140436172, -4.55230236053], [9.25476360321, 26.8776245117, -10.5268068314, -9.76358032227, -18.1095371246, 8.59980106354, 32.6696090698, 18.3749084473, -4.34529066086, 46.479763031, 96.3280563354, 23.866733551, -16.5040645599], [29.3887271881, 28.9733486176, 3.63499641418, 17.1495780945, 17.2365531921, 11.7595968246, 4.71553754807, 0.154804229736, 6.19493484497, -3.67140436172, 23.866733551, 72.5221557617, 29.1075992584], [7.52132844925, 39.3172454834, -8.01391887665, 13.8089199066, 19.9792385101, -16.5211849213, -12.3984413147, 5.16475439072, 6.01152658463, -4.55230236053, -16.5040645599, 29.1075992584, 85.6618804932]], "icov": [[0.000148743900354, -1.98170255317e-07, 0.000112922971311, -3.24973007082e-05, 0.000102870821138, -0.000119012249343, 0.000141312368214, -0.000195697139134, 0.000174884713488, -6.9157598773e-05, 9.57431766437e-05, -0.000136965551064, 3.71783098672e-05], [-1.98170255317e-07, 0.00137829687446, 0.000138874689583, 0.000155201385496, -0.000197143963305, 0.000401848490583, -0.000829791708384, 0.000703689060174, -0.000898222730029, 0.000400396471377, -0.000652446120512, 4.93826119055e-05, -0.000741838652175], [0.000112922971311, 0.000138874689583, 0.00195580627769, -0.000313842319883, -0.000237539803493, -0.00122778688092, 0.000830748293083, -0.000330120965373, 0.000122283978271, 0.00023107593006, -0.000142046977999, 0.000100797275081, 6.07369256613e-05], [-3.24973007082e-05, 0.000155201385496, -0.000313842319883, 0.00368091650307, -0.00159007380717, 0.00103097362444, -0.000848738942295, 0.000166398662259, -0.00051171623636, -0.000709820480552, 0.000760811206419, -0.000968730542809, 0.00021964777261], [0.000102870821138, -0.000197143963305, -0.000237539803493, -0.00159007380717, 0.00775115564466, -0.00290443864651, 0.00168428686447, -0.00053070607828, -0.00175973004662, 0.000906244793441, 0.000472406769404, -0.000470443075756, -0.00135413999669], [-0.000119012249343, 0.000401848490583, -0.00122778688092, 0.00103097362444, -0.00290443864651, 0.00790978875011, -0.00523138185963, 0.00251765898429, -0.000812730751932, -0.000390845903894, 0.000626684166491, -0.00128343247343, 0.00143202545587], [0.000141312368214, -0.000829791708384, 0.000830748293083, -0.000848738942295, 0.00168428686447, -0.00523138185963, 0.0122732659802, -0.00597984483466, 0.00196026661433, 0.00127959123347, -0.00261310464703, 0.000641764490865, 0.000527051335666], [-0.000195697139134, 0.000703689060174, -0.000330120965373, 0.000166398662259, -0.00053070607828, 0.00251765898429, -0.00597984483466, 0.014361104928, -0.00588408811018, 0.00129528634716, -0.00314276665449, 0.00243139266968, -0.00243544299155], [0.000174884713488, -0.000898222730029, 0.000122283978271, -0.00051171623636, -0.00175973004662, -0.000812730751932, 0.00196026661433, -0.00588408811018, 0.015420156531, -0.00795706175268, 0.00632313685492, -0.00394035130739, 0.00243517174385], [-6.9157598773e-05, 0.000400396471377, 0.00023107593006, -0.000709820480552, 0.000906244793441, -0.000390845903894, 0.00127959123347, 0.00129528634716, -0.00795706175268, 0.0196834523231, -0.012841636315, 0.00709402794018, -0.0035015232861], [9.57431766437e-05, -0.000652446120512, -0.000142046977999, 0.000760811206419, 0.000472406769404, 0.000626684166491, -0.00261310464703, -0.00314276665449, 0.00632313685492, -0.012841636315, 0.0226891171187, -0.0115081360564, 0.00713272346184], [-0.000136965551064, 4.93826119055e-05, 0.000100797275081, -0.000968730542809, -0.000470443075756, -0.00128343247343, 0.000641764490865, 0.00243139266968, -0.00394035130739, 0.00709402794018, -0.0115081360564, 0.02251801081, -0.0092517985031], [3.71783098672e-05, -0.000741838652175, 6.07369256613e-05, 0.00021964777261, -0.00135413999669, 0.00143202545587, 0.000527051335666, -0.00243544299155, 0.00243517174385, -0.0035015232861, 0.00713272346184, -0.0092517985031, 0.0169574264437]], "mean": [-625.305114746, 99.2233352661, 11.3854942322, 28.7604312897, 1.75547337532, -6.41145181656, -1.71223604679, 3.44158673286, -6.7396941185, -1.91146945953, -5.5889081955, -5.30984449387, 1.00419569016]}, "spectral_contrast_valleys": {"min": [-20.024023056, -18.7551422119, -18.2915973663, -18.1775684357, -17.6194915771, -18.9675140381], "max": [-5.30101394653, -4.43633556366, -5.41007328033, -5.82735967636, -5.50932168961, -7.30771350861], "dvar2": [0.381914019585, 0.246450841427, 0.216793000698, 0.174911335111, 0.188505768776, 0.166821077466], "median": [-7.1627163887, -6.45175409317, -7.18624973297, -7.65785884857, -7.05463218689, -9.31107330322], "dmean2": [0.727863967419, 0.600524604321, 0.560420930386, 0.47217258811, 0.394420742989, 0.314139306545], "dmean": [0.454222619534, 0.369230031967, 0.356957256794, 0.312880784273, 0.274660438299, 0.24579513073], "var": [1.41015267372, 1.2242847681, 1.27201557159, 1.17686533928, 1.11994802952, 1.15668213367], "dvar": [0.176857545972, 0.103462569416, 0.0987777784467, 0.0889176502824, 0.0979686155915, 0.0971211194992], "mean": [-7.34674453735, -6.63358736038, -7.34911298752, -7.80912017822, -7.25048494339, -9.57345676422]}, "barkbands_flatness_db": {"min": 0.019435018301, "max": 0.410417169333, "dvar2": 0.000851356890053, "median": 0.0899943858385, "dmean2": 0.0295489653945, "dmean": 0.0194072965533, "var": 0.00173957808875, "dvar": 0.000377528253011, "mean": 0.0986090525985}, "dynamic_complexity": 2.59432649612, "erbbands_flatness_db": {"min": 0.0249596405774, "max": 0.312960892916, "dvar2": 0.000654316216242, "median": 0.114340081811, "dmean2": 0.0247038118541, "dmean": 0.0174130890518, "var": 0.00157428963576, "dvar": 0.000334300100803, "mean": 0.119772270322}, "hfc": {"min": 3.61083539246e-06, "max": 158.695053101, 