{"lowlevel": {"spectral_complexity": {"min": 0, "max": 59, "dvar2": 7.71927785873, "median": 10, "dmean2": 2.82145237923, "dmean": 1.74427485466, "var": 75.0303497314, "dvar": 3.56120991707, "mean": 11.7918138504}, "silence_rate_20dB": {"min": 1, "max": 1, "dvar2": 0, "median": 1, "dmean2": 0, "dmean": 0, "var": 0, "dvar": 0, "mean": 1}, "average_loudness": 0.251866400242, "erbbands_spread": {"min": 0.613627374172, "max": 131.106964111, "dvar2": 53.4366531372, "median": 15.0604324341, "dmean2": 6.49396276474, "dmean": 4.0989613533, "var": 138.836914062, "dvar": 23.9850845337, "mean": 17.7815742493}, "spectral_kurtosis": {"min": -1.25983941555, "max": 141.779541016, "dvar2": 135.695709229, "median": 10.5208072662, "dmean2": 9.33478832245, "dmean": 5.38618803024, "var": 268.542114258, "dvar": 46.9034690857, "mean": 16.674407959}, "barkbands_kurtosis": {"min": -1.82189512253, "max": 501.881896973, "dvar2": 555.81451416, "median": 2.85183906555, "dmean2": 8.04147911072, "dmean": 5.08104228973, "var": 532.712890625, "dvar": 218.147369385, "mean": 8.87797260284}, "spectral_strongpeak": {"min": 0, "max": 19.1153964996, "dvar2": 2.23122882843, "median": 0.719484806061, "dmean2": 0.9712459445, "dmean": 0.59560829401, "var": 2.63250017166, "dvar": 0.870415449142, "mean": 1.29090452194}, "spectral_spread": {"min": 566778.75, "max": 42207048, "dvar2": 684207243264, "median": 2527007, "dmean2": 481276.34375, "dmean": 302643.3125, "var": 11418871005200.0, "dvar": 337842831360, "mean": 3016365}, "spectral_rms": {"min": 3.13567141003e-12, "max": 0.0123554505408, "dvar2": 1.05689935026e-06, "median": 0.0030565704219, "dmean2": 0.000857476145029, "dmean": 0.000557098828722, "var": 3.9068568185e-06, "dvar": 4.60961786075e-07, "mean": 0.00327941123396}, "erbbands": {"min": [6.18914959579e-23, 6.54715676268e-22, 2.05439291831e-21, 1.02097723629e-20, 1.63019284938e-20, 2.97664013043e-20, 6.18405072706e-20, 8.0827533503e-20, 1.00391330804e-19, 2.37822646216e-19, 3.74748308705e-19, 2.88884763923e-19, 4.58232933743e-19, 8.99471441802e-19, 7.06328852975e-19, 1.08363079748e-18, 1.46317517692e-18, 1.30721885442e-18, 1.36447536585e-18, 2.72305458829e-18, 3.56944357543e-18, 4.77048004636e-18, 6.53992111983e-18, 7.50688408896e-18, 6.71537729469e-18, 7.94626671392e-18, 1.06376808166e-17, 8.8890573976e-18, 1.10886166732e-17, 1.28490447867e-17, 1.10872691959e-17, 1.12622501555e-17, 9.42059621461e-18, 8.93159681497e-18, 6.35121888823e-18, 4.22930705676e-18, 2.21610433538e-18, 8.56277724575e-19, 2.50059542608e-19, 2.57114456193e-20], "max": [0.0501279421151, 0.72415882349, 11.8184328079, 29.8637123108, 87.1526794434, 177.762191772, 1112.66772461, 599.163085938, 1109.92370605, 1416.24743652, 1568.30847168, 4792.77880859, 2003.86987305, 2309.84814453, 1760.22839355, 3043.29785156, 1259.34228516, 3800.40087891, 2335.69775391, 2591.38427734, 1704.80407715, 3137.48046875, 1302.29223633, 785.742797852, 540.844970703, 466.813781738, 594.832580566, 636.760009766, 426.720092773, 435.766113281, 224.45463562, 139.131881714, 70.0553207397, 32.3075218201, 15.9667406082, 3.383644104, 0.880041718483, 0.187842130661, 0.0122572695836, 0.000532501901034], "dvar2": [4.4698513193e-06, 0.00111775030382, 0.064075358212, 1.82483065128, 16.864025116, 131.174057007, 4073.22998047, 2219.95068359, 2813.66918945, 4507.671875, 8283.97265625, 28818.9824219, 13550.2763672, 6372.81591797, 6379.88037109, 10670.6523438, 3386.08081055, 33702.6289062, 8984.70605469, 5579.359375, 4925.76367188, 5800.3984375, 1384.43664551, 1400.47570801, 241.76121521, 259.813323975, 191.949020386, 177.294235229, 86.0476074219, 65.5465240479, 26.0450572968, 11.9481401443, 5.53115177155, 1.04704248905, 0.169356167316, 0.0131301917136, 0.000839482643642, 2.87917700916e-05, 2.0027937353e-07, 5.24135124191e-10], "median": [0.000203854448046, 0.00397060113028, 0.0394712276757, 0.370748996735, 1.27478742599, 2.69660711288, 4.50417613983, 5.70837306976, 4.87166213989, 4.81002235413, 5.46282625198, 5.25182390213, 5.30308294296, 4.28980064392, 3.46056485176, 2.90565514565, 2.75023007393, 2.78218960762, 2.45980620384, 1.37899124622, 0.988620519638, 0.837688088417, 0.900039315224, 1.0804669857, 0.672588586807, 0.479034334421, 0.252271860838, 0.129839152098, 0.0810080245137, 0.050354603678, 0.0347316525877, 0.0186441093683, 0.0112922759727, 0.00531068723649, 0.0017153021181, 0.000519024673849, 0.000214995772694, 6.11406576354e-05, 1.53366272571e-05, 1.27612956931e-05], "dmean2": [0.000689245411195, 0.0129219638184, 0.0689557790756, 0.528203308582, 2.08267617226, 5.09004211426, 20.1541404724, 19.8707256317, 16.7043647766, 20.0534381866, 25.4765968323, 42.1767921448, 31.3508472443, 23.2397270203, 21.0102386475, 21.1960906982, 17.2582378387, 43.6924705505, 23.172744751, 14.8957471848, 12.3009786606, 9.52218723297, 6.84971046448, 8.606300354, 3.79515838623, 3.32990193367, 1.93821382523, 1.98763751984, 1.46468710899, 0.814454257488, 0.559681177139, 0.372169047594, 0.271551251411, 0.155393242836, 0.0608049295843, 0.0164305549115, 0.00448650168255, 0.000914049451239, 9.04395346879e-05, 1.15972188723e-05], "dmean": [0.00045727021643, 0.00877135898918, 0.0456928946078, 0.340302109718, 1.27675557137, 3.08982205391, 13.5003576279, 12.4721078873, 11.0566902161, 12.7623176575, 16.7231845856, 26.202287674, 19.349313736, 14.3516950607, 13.4127368927, 13.4705371857, 10.8119258881, 27.46600914, 14.0843658447, 9.13614463806, 7.61157464981, 6.09624004364, 4.29102325439, 5.32918119431, 2.46766352654, 2.18381929398, 1.30686116219, 1.35991823673, 0.991145312786, 0.568902373314, 0.364914745092, 0.24891538918, 0.18292401731, 0.10160844028, 0.0396196693182, 0.0110809989274, 0.00312067242339, 0.000635044067167, 6.20506325504e-05, 7.70056612964e-06], "var": [1.3772204511e-05, 0.00650404952466, 0.149011388421, 1.81703162193, 15.9708461761, 75.7725982666, 4708.67822266, 2221.65527344, 3582.12451172, 4099.20166016, 7467.73779297, 27628.0957031, 10497.75, 7234.80712891, 6649.95263672, 10307.1835938, 3118.32983398, 33876.9609375, 8782.24121094, 6734.81396484, 6369.56542969, 7007.57080078, 2235.64135742, 1444.16992188, 364.976531982, 288.844146729, 160.792404175, 314.467376709, 95.577911377, 51.7781295776, 23.7966690063, 9.52144432068, 3.84241342545, 1.05654227734, 0.153298050165, 0.0110868513584, 0.000898418889847, 3.47268105543e-05, 3.08400927906e-07, 1.34773803229e-09], "dvar": [2.23514211939e-06, 0.000563210516702, 0.0339628346264, 0.777842223644, 6.86238145828, 46.2153205872, 1991.95129395, 871.430236816, 1163.72131348, 1898.76635742, 3438.21679688, 11482.4619141, 4831.66162109, 2539.03735352, 2491.44873047, 4142.90478516, 1391.65454102, 13821.8476562, 3217.07397461, 2014.67980957, 1761.49047852, 2259.71826172, 545.80065918, 515.812866211, 116.366928101, 112.731956482, 93.2997207642, 91.5867385864, 41.6525268555, 32.1920967102, 13.7376003265, 5.82781744003, 2.47823858261, 0.508899271488, 0.0815151929855, 0.00609263684601, 0.000391533219954, 1.43433871926e-05, 1.0227285685e-07, 2.58418925148e-10], "mean": [0.00154655415099, 0.0359969250858, 0.131088122725, 0.74295425415, 2.33639621735, 5.32964658737, 21.8806724548, 23.5726623535, 22.8611354828, 21.6608486176, 29.1857795715, 43.501209259, 34.6055030823, 25.9654941559, 26.2877101898, 23.7780170441, 19.5716590881, 47.5883903503, 27.5707168579, 19.040687561, 16.1611862183, 13.649055481, 10.0559167862, 10.9351215363, 5.68402099609, 4.73110580444, 2.82300114632, 2.94204425812, 2.08269882202, 1.0503360033, 0.629103660583, 0.42627325654, 0.310647875071, 0.177034720778, 0.0690992996097, 0.0192542541772, 0.00573628721759, 0.0012059782166, 0.000126330109197, 2.28178887482e-05]}, "zerocrossingrate": {"min": 0.00927734375, "max": 0.52783203125, "dvar2": 0.000103388891148, "median": 0.03369140625, "dmean2": 0.00572443241253, "dmean": 0.00452051544562, "var": 0.00229432247579, "dvar": 6.84389960952e-05, "mean": 0.0439666509628}, "spectral_contrast_coeffs": {"min": [-0.980646908283, -0.976785302162, -0.980960190296, -0.970216035843, -0.967126786709, -0.963974177837], "max": [-0.21955576539, -0.338689029217, -0.353493005037, -0.370942950249, -0.484988152981, -0.5298807621], "dvar2": [0.00365719711408, 0.00341821741313, 0.00237303343602, 0.0013990245061, 0.000640807149466, 0.000346591841662], "median": [-0.539155364037, -0.725049138069, -0.754822134972, -0.774760603905, -0.795267283916, -0.783393442631], "dmean2": [0.073826611042, 0.0695425122976, 0.0592840388417, 0.0456297397614, 0.0306460317224, 0.0209986642003], "dmean": [0.0439826324582, 0.0431272983551, 0.0361321792006, 0.0278012901545, 0.0186114050448, 0.013166190125], "var": [0.00945339165628, 0.0098436884582, 0.00632889196277, 0.00592885212973, 0.00356509257108, 0.00381350773387], "dvar": [0.0012870420469, 0.00133695721161, 0.000906082801521, 0.00053574499907, 0.000249200878898, 0.00015012914082], "mean": [-0.542468190193, -0.710387587547, -0.742710292339, -0.763192415237, -0.789586961269, -0.781654834747]}, "dissonance": {"min": 0.173781394958, "max": 0.500000119209, "dvar2": 0.00289657409303, "median": 0.449816405773, "dmean2": 0.0529493540525, "dmean": 0.031135128811, "var": 0.00220247078687, "dvar": 0.00102308485657, "mean": 0.438969701529}, "spectral_energyband_high": {"min": 6.98997990645e-21, "max": 0.0454382672906, "dvar2": 7.83613756994e-07, "median": 1.74728938873e-05, "dmean2": 0.00012853955559, "dmean": 9.13696276257e-05, "var": 9.21534137888e-07, "dvar": 4.11854443882e-07, "mean": 0.000227686512517}, "spectral_skewness": {"min": -0.0714479312301, "max": 9.74192905426, "dvar2": 0.495141416788, "median": 2.38216328621, "dmean2": 0.693680763245, "dmean": 0.408172547817, "var": 1.86236512661, "dvar": 0.177419438958, "mean": 2.74749302864}, "spectral_flux": {"min": 6.36248484454e-11, "max": 0.265868335962, "dvar2": 0.000975363189355, "median": 0.0467810146511, "dmean2": 0.0246321875602, "dmean": 0.0148460390046, "var": 0.00148656987585, "dvar": 0.000357191311195, "mean": 0.0537135340273}, "silence_rate_30dB": {"min": 0, "max": 1, "dvar2": 0.00475934660062, "median": 1, "dmean2": 0.00343544222414, "dmean": 0.0017175571993, "var": 0.00104835501406, "dvar": 0.00171460013371, "mean": 0.998950481415}, "spectral_energyband_middle_high": {"min": 1.24030633655e-21, "max": 0.0928736701608, "dvar2": 3.51472954208e-05, "median": 0.00109225546475, "dmean2": 0.00249926396646, "dmean": 0.00158393231686, "var": 8.14547747723e-05, "dvar": 1.38098075695e-05, "mean": 0.00466830888763}, "barkbands_spread": {"min": 0.178355768323, "max": 110.605857849, "dvar2": 24.0878372192, "median": 7.37754917145, "dmean2": 3.66250014305, "dmean": 2.31932687759, "var": 66.1234741211, "dvar": 11.0190172195, "mean": 9.62962150574}, "spectral_centroid": {"min": 232.868438721, "max": 11778.2871094, "dvar2": 87436.9609375, "median": 701.903503418, "dmean2": 191.291183472, "dmean": 120.755889893, "var": 1033555.125, "dvar": 41963.1953125, "mean": 939.823303223}, "pitch_salience": {"min": 0.0418602824211, "max": 0.966092944145, "dvar2": 0.0108287949115, "median": 0.583770573139, "dmean2": 0.117943137884, "dmean": 0.0723865702748, "var": 0.0203682612628, "dvar": 0.00419003237039, "mean": 0.559876322746}, "erbbands_skewness": {"min": -3.12216329575, "max": 10.9204273224, "dvar2": 0.663519024849, "median": 0.668707370758, "dmean2": 0.733584702015, "dmean": 0.464745074511, "var": 1.57303488255, "dvar": 0.26405197382, "mean": 0.855479717255}, "erbbands_crest": {"min": 2.41939902306, "max": 33.9570388794, "dvar2": 23.8403434753, "median": 11.705160141, "dmean2": 5.22955846786, "dmean": 3.21363973618, "var": 37.6678543091, "dvar": 9.18932151794, "mean": 13.1487407684}, "melbands": {"min": [7.64645735052e-25, 1.15850653148e-24, 2.41714554424e-24, 2.73166458437e-24, 2.63930652452e-24, 1.74495026437e-24, 1.42168887048e-24, 2.96333074691e-24, 2.50231017871e-24, 1.73226912811e-24, 1.89281139422e-24, 3.13968395493e-24, 1.79435741173e-24, 1.95639279432e-24, 3.020544659e-24, 2.80099756933e-24, 2.19976742763e-24, 1.56033275229e-24, 2.14585430679e-24, 3.48465894246e-24, 4.10641307555e-24, 3.46822973082e-24, 4.42864973912e-24, 5.52742530058e-24, 5.16500011819e-24, 4.45552583573e-24, 4.29862140169e-24, 5.18522493408e-24, 5.23808255903e-24, 5.17637746459e-24, 4.1790967472e-24, 5.55436923923e-24, 5.85095727377e-24, 5.78534219025e-24, 5.40313987053e-24, 6.24117994231e-24, 6.34250084254e-24, 5.79944938982e-24, 5.99698883796e-24, 6.87857521499e-24], "max": [0.000620633014478, 0.00427654664963, 0.00566976238042, 0.0065995217301, 0.029204621911, 0.0127324173227, 0.0159592796117, 0.0124126318842, 0.0140292365104, 0.0300532914698, 0.00970844738185, 0.00884095672518, 0.00496187014505, 0.00596405891702, 0.00407049059868, 0.00708630913869, 0.00659672636539, 0.00330003094859, 0.00406099902466, 0.00235357275233, 0.00215981155634, 0.00455485470593, 0.00133993604686, 0.00106925121509, 0.000699587340932, 0.000300521875033, 0.000482802832266, 0.000308302522171, 0.000430816435255, 0.0003447101044, 0.000570420408621, 0.000193958549062, 0.000395349168684, 0.000168392478372, 0.000142530858284, 0.000126380822621, 6.99801530573e-05, 4.9702670367e-05, 3.8371024857e-05, 3.41490922438e-05], "dvar2": [6.82006728869e-10, 9.3375271959e-09, 7.59158922392e-08, 2.09004952012e-07, 2.97422161566e-06, 1.27553823859e-06, 6.44005183403e-07, 5.98034318955e-07, 5.95764674927e-07, 1.06650668386e-06, 3.39133805483e-07, 1.13494799336e-07, 5.75944518744e-08, 5.83873998039e-08, 2.92873796326e-08, 3.64049057566e-08, 1.55791340717e-07, 2.42248070492e-08, 2.46783731228e-08, 8.85239614945e-09, 9.48441147841e-09, 1.20689049865e-08, 1.9595234324e-09, 1.23737253777e-09, 1.22655641199e-09, 1.46851697469e-10, 2.06440781136e-10, 1.18456799925e-10, 8.97957194712e-11, 8.37344846238e-11, 9.59702942116e-11, 3.30273725035e-11, 5.81026581015e-11, 1.29049644235e-11, 9.89300568549e-12, 9.24626000764e-12, 3.49826894883e-12, 2.80221310565e-12, 2.21014677913e-12, 6.85106702272e-13], "median": [2.69932411356e-06, 1.49140678332e-05, 9.22326435102e-05, 0.000136618196848, 0.000159114875714, 0.000133906054543, 6.63393002469e-05, 4.56068664789e-05, 4.18573617935e-05, 2.83440749627e-05, 2.19511712203e-05, 1.37777806231e-05, 1.08192425614e-05, 7.54503707867e-06, 5.30922125108e-06, 4.54222117696e-06, 4.05632545153e-06, 3.56447571903e-06, 1.68563281022e-06, 1.22857602491e-06, 9.59731323746e-07, 7.72777468683e-07, 6.2173819515e-07, 7.16753788765e-07, 7.90422234331e-07, 4.40142542857e-07, 3.33603054514e-07, 2.60242131844e-07, 1.49165643393e-07, 8.76302053143e-08, 6.09216783687e-08, 4.45050645226e-08, 3.14260333312e-08, 2.29683436714e-08, 1.9664135209e-08, 1.25144463681e-08, 9.90142456914e-09, 8.11553402258e-09, 5.30009636179e-09, 3.71770680907e-09], "dmean2": [9.71037752606e-06, 2.8249951356e-05, 0.000132395565743, 0.000227385316975, 0.000584415451158, 0.000472569750855, 0.000250682351179, 0.000232782665989, 0.000218414745177, 0.000258787214989, 0.000155055982759, 9.74957583821e-05, 6.80384546285e-05, 6.24219028396e-05, 4.37933522335e-05, 4.35107758676e-05, 9.4130213256e-05, 4.10284119425e-05, 2.90796888294e-05, 1.82860676432e-05, 1.58865095727e-05, 1.24180833154e-05, 7.36087986297e-06, 6.94695881975e-06, 7.99242479843e-06, 3.19484934153e-06, 2.99903990708e-06, 2.27772102335e-06, 1.33144862957e-06, 1.31601723297e-06, 1.2663981579e-06, 9.97201937025e-07, 6.93945992225e-07, 3.93555211531e-07, 3.56221107722e-07, 2.87704096991e-07, 2.18252139916e-07, 2.00691189889e-07, 1.91270302707e-07, 1.26069778617e-07], "dmean": [6.57642931401e-06, 1.89312886505e-05, 8.26608666102e-05, 0.00013717537513, 0.000385549676139, 0.00030103159952, 0.000166103054653, 0.000148190592881, 0.000142666292959, 0.000160048657563, 9.58539967542e-05, 6.04769265919e-05, 4.26030346716e-05, 4.0742008423e-05, 2.7351819881e-05, 2.75393194897e-05, 5.8845464082e-05, 2.49519343924e-05, 1.78645477718e-05, 1.11605086204e-05, 9.79227570497e-06, 7.90058766142e-06, 4.60158116766e-06, 4.27216218668e-06, 4.9403038247e-06, 2.04331649911e-06, 1.96057067114e-06, 1.45619753766e-06, 8.83466100277e-07, 9.00400266346e-07, 8.61742478264e-07, 6.63316313876e-07, 4.6682583843e-07, 2.67874980864e-07, 2.31408179729e-07, 1.91289771578e-07, 1.45331696899e-07, 1.33291564453e-07, 1.23027902532e-07, 8.27780795021e-08], "var": [3.38401417999e-09, 2.54659120458e-08, 8.12734413103e-08, 1.4814207816e-07, 3.30969146489e-06, 1.37934387112e-06, 8.01959345154e-07, 5.30907527718e-07, 5.33468437425e-07, 1.04663251932e-06, 2.61522103528e-07, 1.25586382183e-07, 5.83689256928e-08, 6.14011383959e-08, 2.72336304619e-08, 3.02440099631e-08, 1.50093413254e-07, 2.26548557691e-08, 2.21073399587e-08, 1.00595007879e-08, 1.12517160034e-08, 1.20612080323e-08, 2.96341307049e-09, 1.4459954345e-09, 1.13974285565e-09, 1.99132377254e-10, 2.38424974208e-10, 1.1487325674e-10, 6.73528802175e-11, 7.65940297298e-11, 1.62480320864e-10, 3.71795753906e-11, 3.26737734091e-11, 1.18293248461e-11, 9.10406038751e-12, 5.80700071362e-12, 2.85593207069e-12, 1.97544649909e-12, 1.32686147226e-12, 7.54764198189e-13], "dvar": [3.57477686341e-10, 4.87592410892e-09, 3.27585141235e-08, 7.76769439881e-08, 1.4118056697e-06, 5.18525951065e-07, 2.71676071861e-07, 2.47221151994e-07, 2.43763508934e-07, 4.27522564905e-07, 1.21595718383e-07, 4.5368963697e-08, 2.18642490779e-08, 2.43092461716e-08, 1.14042926214e-08, 1.60879878308e-08, 6.32002894463e-08, 8.89368578783e-09, 8.74881589397e-09, 3.46232353898e-09, 3.46559736464e-09, 4.63764004976e-09, 7.90532972417e-10, 4.69083272225e-10, 4.53202975148e-10, 6.63207058715e-11, 9.87863957302e-11, 4.92717394662e-11, 4.26001768583e-11, 4.00803314149e-11, 4.96408365802e-11, 1.6470179387e-11, 2.47032221068e-11, 6.78267338128e-12, 5.2554982935e-12, 4.11313864912e-12, 1.73371343323e-12, 1.26245108117e-12, 9.39709681597e-13, 3.42164041241e-13], "mean": [2.56612675003e-05, 6.25330721959e-05, 0.000172511689016, 0.000249660864938, 0.000641627178993, 0.000571577460505, 0.000334851880325, 0.000245245784754, 0.000243964896072, 0.000263175810687, 0.000165717647178, 0.000104735503555, 7.98444307293e-05, 7.06417049514e-05, 4.66718847747e-05, 4.42671771452e-05, 9.80366457952e-05, 4.46092926722e-05, 3.2129806641e-05, 2.09785084735e-05, 1.90511291294e-05, 1.55992911459e-05, 9.68509357335e-06, 8.74294164532e-06, 9.2685349955e-06, 4.14215355704e-06, 3.86806732422e-06, 2.90198931907e-06, 1.69380609805e-06, 1.73092803379e-06, 1.73196212927e-06, 1.28390183818e-06, 8.2426163317e-07, 4.69473690146e-07, 3.76846742256e-07, 2.9834450288e-07, 2.3795401205e-07, 2.18800096263e-07, 1.93034026097e-07, 1.37525518085e-07]}, "spectral_entropy": {"min": 4.11647605896, "max": 9.81984233856, "dvar2": 0.0767280608416, "median": 6.79106426239, "dmean2": 0.263562679291, "dmean": 0.16818086803, "var": 0.443352282047, "dvar": 0.0332397148013, "mean": 6.77714967728}, "spectral_rolloff": {"min": 64.599609375, "max": 19595.2148438, "dvar2": 570655.3125, "median": 839.794921875, "dmean2": 339.452850342, "dmean": 196.738830566, "var": 3008508.75, "dvar": 255229.4375, "mean": 1174.4967041}, "barkbands": {"min": [6.19694959604e-25, 2.20766037542e-24, 7.14974615116e-25, 2.80226428273e-24, 1.20992748295e-23, 8.32829408837e-24, 7.51008992406e-24, 1.33394911792e-23, 1.18704097149e-23, 1.60167920059e-23, 1.10979444947e-23, 1.71281282051e-23, 2.87675389365e-23, 2.00519417538e-23, 3.06837609614e-23, 4.5086051306e-23, 6.65893141097e-23, 1.1758346659e-22, 1.17612837459e-22, 1.4116481621e-22, 2.70856313197e-22, 2.97644136272e-22, 3.9624730656e-22, 5.15090880628e-22, 9.72652218031e-22, 1.34903928866e-21, 1.97451808846e-21], "max": [7.51968254917e-05, 0.00256655178964, 0.0133296120912, 0.0165854524821, 0.0533061511815, 0.120507642627, 0.0978507995605, 0.0555697903037, 0.151204302907, 0.0504797324538, 0.0429817587137, 0.058937754482, 0.053051173687, 0.0658866837621, 0.0506077259779, 0.0409268587828, 0.0532148182392, 0.0204879622906, 0.00944330357015, 0.013659494929, 0.0134243695065, 0.014989101328, 0.00772796245292, 0.0046670739539, 0.00218335608952, 0.00043937828741, 8.23046211735e-05], "dvar2": [3.13304625299e-11, 1.4300273854e-08, 9.22740852616e-08, 4.98079941735e-07, 9.29744419409e-06, 5.63804424019e-05, 1.46736920215e-05, 1.90083701455e-05, 3.58965844498e-05, 1.07678770291e-05, 4.21667618866e-06, 5.01771546624e-06, 2.45185037784e-06, 1.12189109132e-05, 3.78260301659e-06, 1.75314914941e-06, 2.02214641831e-06, 5.1335621265e-07, 2.22744020562e-07, 1.20749518828e-07, 1.21621283711e-07, 9.89996848944e-08, 3.17675343808e-08, 2.07361257054e-08, 4.45801973115e-09, 3.17645743042e-10, 7.84445772228e-12], "median": [1.09638549475e-05, 1.00594143078e-05, 2.94923884212e-05, 0.000181520212209, 0.000755680317525, 0.000760046998039, 0.000284588371869, 0.000200740672881, 0.000174099201104, 0.000141029595397, 7.73859283072e-05, 5.72342869418e-05, 4.15961476392e-05, 4.0507689846e-05, 2.51832825597e-05, 1.59814262588e-05, 1.43725965245e-05, 1.61428761203e-05, 1.6163519831e-05, 9.17216220842e-06, 4.12083500123e-06, 2.20955166697e-06, 1.19777780583e-06, 7.803254789e-07, 3.55227570026e-07, 1.15095126318e-07, 4.31895088582e-08], "dmean2": [4.35437914348e-06, 4.60303235741e-05, 7.73213614593e-05, 0.000306485104375, 0.00140010879841, 0.00290228030644, 0.00111796753481, 0.00125431001652, 0.00157675868832, 0.000970719149336, 0.000562908826396, 0.000539739674423, 0.000395850889618, 0.000845657952596, 0.000381228222977, 0.000248324533459, 0.000200083100935, 0.000143545214087, 0.00012246616825, 7.1435366408e-05, 5.07238983118e-05, 4.07985571655e-05, 1.9751558284e-05, 1.65004239534e-05, 1.03117072285e-05, 2.68487997346e-06, 5.42751990906e-07], "dmean": [2.37497124544e-06, 3.1227220461e-05, 5.12246624567e-05, 0.000193955624127, 0.000851224758662, 0.00189590675291, 0.000741183466744, 0.000816470419522, 0.000966421037447, 0.000603994820267, 0.000346257875208, 0.000346554414136, 0.00024880055571, 0.000524399103597, 0.000235742802033, 0.000153437940753, 0.000128206476802, 8.85040353751e-05, 7.73118736106e-05, 4.62303687527e-05, 3.3616895962e-05, 2.73012356047e-05, 1.27524308482e-05, 1.10276450869e-05, 6.92197681929e-06, 1.84206078302e-06, 3.71513294795e-07], "var": [1.32163108582e-11, 8.39516403062e-08, 1.90311965298e-07, 5.28480995854e-07, 5.8887767409e-06, 6.56913616695e-05, 1.60741619766e-05, 1.61725674843e-05, 3.31464907504e-05, 9.48342949414e-06, 3.4246602354e-06, 5.01008753417e-06, 2.05457035918e-06, 1.13702526505e-05, 3.6922738218e-06, 2.10233201869e-06, 2.71218686976e-06, 6.79669085457e-07, 2.51448284416e-07, 1.30272297838e-07, 1.37235531383e-07, 7.74243389401e-08, 2.95902395919e-08, 1.58783635129e-08, 4.91356022536e-09, 3.10785480684e-10, 1.17348492035e-11], "dvar": [9.51494525531e-12, 7.26323223788e-09, 4.75434553948e-08, 2.242488506e-07, 3.42260977959e-06, 2.56208259088e-05, 6.54219047647e-06, 7.89706882642e-06, 1.38411623993e-05, 3.97389840145e-06, 1.56705345944e-06, 2.06627964872e-06, 1.08669530618e-06, 4.45619389211e-06, 1.35077129926e-06, 6.57402608795e-07, 8.09206369468e-07, 1.92637230612e-07, 9.04846331196e-08, 5.49612941825e-08, 5.86243515954e-08, 4.39654250783e-08, 1.70370508812e-08, 9.67289981446e-09, 2.23008944644e-09, 1.48552461998e-10, 4.00300842821e-12], "mean": [1.09098173198e-05, 0.000126605969854, 0.000122747733258, 0.000387933570892, 0.00152002752293, 0.00342671433464, 0.00136961252429, 0.00133203587029, 0.00160509604029, 0.00106371869333, 0.000579239916988, 0.000563191017136, 0.000402975681936, 0.000908215588424, 0.000433752429672, 0.000288516195724, 0.000262317975285, 0.000187100566109, 0.000155096073286, 9.74662398221e-05, 7.15103087714e-05, 5.48240059288e-05, 2.23523493332e-05, 1.93563191715e-05, 1.25064279928e-05, 3.38937479682e-06, 7.1359784215e-07]}, "melbands_flatness_db": {"min": 0.00364684476517, "max": 0.578218340874, "dvar2": 0.00122472771909, "median": 0.27469047904, "dmean2": 0.036050580442, "dmean": 0.0229106005281, "var": 0.00785424280912, "dvar": 0.000527192663867, "mean": 0.273322492838}, "melbands_skewness": {"min": -4.83699989319, "max": 14.672162056, "dvar2": 0.967712700367, "median": 1.4623619318, "dmean2": 0.943588972092, "dmean": 0.594881415367, "var": 3.08252573013, "dvar": 0.401904016733, "mean": 1.75944638252}, "barkbands_skewness": {"min": -3.6667945385, "max": 19.9567337036, "dvar2": 1.20272910595, "median": 1.15605521202, "dmean2": 0.910189986229, "dmean": 0.573316752911, "var": 3.23151230812, "dvar": 0.479734897614, "mean": 1.47403562069}, "silence_rate_60dB": {"min": 0, "max": 1, "dvar2": 0.0645731166005, "median": 0, "dmean2": 0.0580208040774, "dmean": 0.029007634148, "var": 0.197474598885, "dvar": 0.0281698908657, "mean": 0.270775675774}, "spectral_energyband_low": {"min": 1.54233508796e-23, "max": 0.0157161597162, "dvar2": 3.26404688167e-07, "median": 0.000164484314155, "dmean2": 0.00020382690127, "dmean": 0.000135329202749, "var": 5.58916838145e-07, "dvar": 1.44021328197e-07, "mean": 0.000402250880143}, "spectral_energyband_middle_low": {"min": 1.88125705898e-22, "max": 0.154632821679, "dvar2": 0.000131875305669, "median": 0.00564845977351, "dmean2": 0.00654075527564, "dmean": 0.00419803708792, "var": 0.000167530481122, "dvar": 5.62361165066e-05, "mean": 0.0101040909067}, "melbands_kurtosis": {"min": -1.72043585777, "max": 449.283111572, "dvar2": 421.578735352, "median": 3.87644433975, "dmean2": 9.22854137421, "dmean": 5.7916636467, "var": 643.456848145, "dvar": 181.840057373, "mean": 11.4294195175}, "spectral_decrease": {"min": -3.88657959149e-08, "max": 2.11533552477e-28, "dvar2": 9.47240915381e-18, "median": -2.35918817815e-09, "dmean2": 1.9458059608e-09, "dmean": 1.25483889946e-09, "var": 1.6164894225e-17, "dvar": 4.05684693008e-18, "mean": -3.6731098163e-09}, "erbbands_kurtosis": {"min": -1.79506003857, "max": 199.539031982, "dvar2": 99.5332183838, "median": 1.34793710709, "dmean2": 4.27377843857, "dmean": 2.63300848007, "var": 78.7873764038, "dvar": 39.7604484558, "mean": 3.71622943878}, "melbands_crest": {"min": 1.44649338722, "max": 34.7341651917, "dvar2": 22.0265846252, "median": 12.9797706604, "dmean2": 5.27527666092, "dmean": 3.22039031982, "var": 35.9200515747, "dvar": 8.48003578186, "mean": 14.2415351868}, "gfcc": {"cov": [[21652.2773438, -1603.52648926, -3292.22216797, 1465.69152832, -1040.17211914, 245.917388916, -684.471435547, 64.2868652344, -52.3513908386, 234.955322266, -4.20425701141, -234.344680786, -194.435394287], [-1603.52648926, 2246.91894531, 490.575714111, -599.486999512, 318.477996826, -277.493377686, 153.581069946, -70.7745285034, 35.9498596191, -195.89680481, -14.346578598, 45.9674987793, 110.624404907], [-3292.22216797, 490.575714111, 1082.82629395, -212.646942139, 133.174942017, -54.7666397095, -12.5905323029, 6.88111877441, -26.517080307, -55.4013252258, -5.81807851791, 76.5442047119, 54.2565727234], [1465.69152832, -599.486999512, -212.646942139, 611.797729492, 13.0639152527, 67.9229660034, -90.489364624, 11.746922493, 52.4055480957, 67.155418396, -2.53931450844, -10.2519655228, -11.5906934738], [-1040.17211914, 318.477996826, 133.174942017, 13.0639152527, 385.093475342, 43.2606620789, 45.1101951599, 8.48752117157, 51.270401001, -1.7075933218, -50.4973716736, 50.3735580444, 35.3336143494], [245.917388916, -277.493377686, -54.7666397095, 67.9229660034, 43.2606620789, 307.748657227, 82.3325958252, 25.6537342072, -20.0383758545, 51.2500228882, -33.114276886, -24.3572750092, -33.5115966797], [-684.471435547, 153.581069946, -12.5905323029, -90.489364624, 45.1101951599, 82.3325958252, 248.396896362, 56.4443626404, 12.1307601929, -7.47451400757, 13.8132724762, 1.20892131329, -8.07925128937], [64.2868652344, -70.7745285034, 6.88111877441, 11.746922493, 8.48752117157, 25.6537342072, 56.4443626404, 175.609954834, 49.5904922485, -12.7567167282, -6.6410036087, 27.5808029175, 13.8992452621], [-52.3513908386, 35.9498596191, -26.517080307, 52.4055480957, 51.270401001, -20.0383758545, 12.1307601929, 49.5904922485, 139.39100647, 23.285358429, 1.78396499157, -0.902846097946, 23.7025547028], [234.955322266, -195.89680481, -55.4013252258, 67.155418396, -1.7075933218, 51.2500228882, -7.47451400757, -12.7567167282, 23.285358429, 146.300918579, 41.7130126953, -23.2601127625, -39.907207489], [-4.20425701141, -14.346578598, -5.81807851791, -2.53931450844, -50.4973716736, -33.114276886, 13.8132724762, -6.6410036087, 1.78396499157, 41.7130126953, 139.977600098, 22.4046382904, -7.57789039612], [-234.344680786, 45.9674987793, 76.5442047119, -10.2519655228, 50.3735580444, -24.3572750092, 1.20892131329, 27.5808029175, -0.902846097946, -23.2601127625, 22.4046382904, 134.736999512, 71.13646698], [-194.435394287, 110.624404907, 54.2565727234, -11.5906934738, 35.3336143494, -33.5115966797, -8.07925128937, 13.8992452621, 23.7025547028, -39.907207489, -7.57789039612, 71.13646698, 134.764160156]], "icov": [[0.000212817976717, -0.000362641207175, 0.000633774965536, -0.000474516709801, 0.000642057799269, -0.000462249678094, 0.000795474916231, -0.000506059906911, 0.000303797714878, -0.000299348961562, 0.000143462501001, -0.00027500919532, 0.000136512462632], [-0.000362641207175, 0.00166619813535, -0.00125832494814, 0.00154781038873, -0.00198027607985, 0.00156826677267, -0.00193035369739, 0.00145746557973, -0.000895764329471, 0.00137503200676, -0.000543171016034, 0.00102174456697, -0.000613232085016], [0.000633774965536, -0.00125832494814, 0.00301591586322, -0.00115193729289, 0.00163014908321, -0.00145778548904, 0.0027587194927, -0.00177184818313, 0.00122723565437, -0.000901829975192, 0.000346425309544, -0.00120105396491, 0.000362814927939], [-0.000474516709801, 0.00154781038873, -0.00115193729289, 0.00370036321692, -0.00221988745034, 0.000930383452214, -0.00105808628723, 0.00132442812901, -0.00166434375569, 0.000855489633977, -0.000640126061626, 0.000815662438981, -0.000480283924844], [0.000642057799269, -0.00198027607985, 0.00163014908321, -0.00221988745034, 0.00621719891205, -0.00244298670441, 0.00206875498407, -0.00107301701792, -0.000432805216406, -0.00194740481675, 0.00239302543923, -0.00312482798472, 0.000985271879472], [-0.000462249678094, 0.00156826677267, -0.00145778548904, 0.000930383452214, -0.00244298670441, 0.00628368556499, -0.00395879335701, 0.000819971086457, 0.000874119345099, -0.000871868222021, 0.00113474787213, 0.00140554655809, -0.000496218912303], [0.000795474916231, -0.00193035369739, 0.0027587194927, -0.00105808628723, 0.00206875498407, -0.00395879335701, 0.0089988829568, -0.00378717924468, 0.000869016163051, -0.000498347857501, -0.00100621022284, -0.000856322934851, 0.0010288823396], [-0.000506059906911, 0.00145746557973, -0.00177184818313, 0.00132442812901, -0.00107301701792, 0.000819971086457, -0.00378717924468, 0.00918781291693, -0.00429566437379, 0.00226198602468, 0.000346021144651, -0.00149964459706, 0.000447733240435], [0.000303797714878, -0.000895764329471, 0.00122723565437, -0.00166434375569, -0.000432805216406, 0.000874119345099, 0.000869016163051, -0.00429566437379, 0.0111332098022, -0.00328163662925, 5.11714461027e-05, 0.00211723032407, -0.00268225511536], [-0.000299348961562, 0.00137503200676, -0.000901829975192, 0.000855489633977, -0.00194740481675, -0.000871868222021, -0.000498347857501, 0.00226198602468, -0.00328163662925, 0.0112871713936, -0.00406688451767, 0.00129063078202, 0.00191629666369], [0.000143462501001, -0.000543171016034, 0.000346425309544, -0.000640126061626, 0.00239302543923, 0.00113474787213, -0.00100621022284, 0.000346021144651, 5.11714461027e-05, -0.00406688451767, 0.0102090016007, -0.00365011766553, 0.00130456930492], [-0.00027500919532, 0.00102174456697, -0.00120105396491, 0.000815662438981, -0.00312482798472, 0.00140554655809, -0.000856322934851, -0.00149964459706, 0.00211723032407, 0.00129063078202, -0.00365011766553, 0.0134641705081, -0.0067122830078], [0.000136512462632, -0.000613232085016, 0.000362814927939, -0.000480283924844, 0.000985271879472, -0.000496218912303, 0.0010288823396, 0.000447733240435, -0.00268225511536, 0.00191629666369, 0.00130456930492, -0.0067122830078, 0.0122228404507]], "mean": [-125.451461792, 128.065246582, -133.134689331, -10.2622623444, -68.7350082397, -14.8916625977, -40.764995575, -10.8423213959, -28.317855835, -7.57150363922, -12.7127017975, -8.69765949249, -8.589635849]}, "melbands_spread": {"min": 0.232544630766, "max": 164.692169189, "dvar2": 87.2254562378, "median": 10.8526973724, "dmean2": 5.88694143295, "dmean": 3.67106509209, "var": 279.114074707, "dvar": 36.5389900208, "mean": 15.1853876114}, "spectral_energy": {"min": 1.00782466065e-20, "max": 0.156473591924, "dvar2": 0.000151574859046, "median": 0.00957618933171, "dmean2": 0.00782392080873, "dmean": 0.00505178701133, "var": 0.000273312383797, "dvar": 6.47810666123e-05, "mean": 0.0150279216468}, "mfcc": {"cov": [[12573.0419922, -1694.97351074, -2001.45153809, 698.91027832, -230.813858032, 169.192169189, -168.217025757, -122.226989746, -28.3441696167, 198.622283936, 275.169403076, 34.1490440369, -92.8713302612], [-1694.97351074, 2445.73217773, 293.315093994, -163.855651855, 101.488922119, -122.317832947, -8.20877742767, 83.2704315186, 52.6859092712, -105.150169373, -199.628890991, 20.5834960938, 91.217414856], [-2001.45153809, 293.315093994, 803.563842773, -133.402130127, 52.0839157104, -46.4794006348, 5.64565706253, -13.998208046, -47.9784889221, -39.267490387, -55.004322052, -25.0031433105, -5.32520961761], [698.91027832, -163.855651855, -133.402130127, 403.467712402, 96.1840667725, -14.0747842789, -64.9286575317, -8.7720375061, 16.7450428009, -7.965695858, -10.9364156723, 41.7677764893, 20.382101059], [-230.813858032, 101.488922119, 52.0839157104, 96.1840667725, 295.101593018, 49.7341690063, -51.9318466187, 13.7116575241, 67.6469726562, -28.6143875122, -55.7498855591, 23.5645637512, 7.19694900513], [169.192169189, -122.317832947, -46.4794006348, -14.0747842789, 49.7341690063, 259.316101074, 76.023979187, -15.5559358597, 27.9339733124, 28.796037674, 69.014793396, -25.5450744629, -40.6865272522], [-168.217025757, -8.20877742767, 5.64565706253, -64.9286575317, -51.9318466187, 76.023979187, 181.387054443, 49.0159988403, -4.88119316101, 21.4481220245, 40.5910835266, 0.958667457104, 5.87570571899], [-122.226989746, 83.2704315186, -13.998208046, -8.7720375061, 13.7116575241, -15.5559358597, 49.0159988403, 181.915176392, 93.7341690063, -14.8783655167, -39.9336967468, 20.1813411713, 33.9829597473], [-28.3441696167, 52.6859092712, -47.9784889221, 16.7450428009, 67.6469726562, 27.9339733124, -4.88119316101, 93.7341690063, 186.022537231, 13.304227829, -34.1293907166, 3.66351938248, 13.8767967224], [198.622283936, -105.150169373, -39.267490387, -7.965695858, -28.6143875122, 28.796037674, 21.4481220245, -14.8783655167, 13.304227829, 147.057876587, 73.2155609131, -13.40275383, -24.5462226868], [275.169403076, -199.628890991, -55.004322052, -10.9364156723, -55.7498855591, 69.014793396, 40.5910835266, -39.9336967468, -34.1293907166, 73.2155609131, 182.451446533, 23.8630256653, -39.0629119873], [34.1490440369, 20.5834960938, -25.0031433105, 41.7677764893, 23.5645637512, -25.5450744629, 0.958667457104, 20.1813411713, 3.66351938248, -13.40275383, 23.8630256653, 133.325424194, 52.9720649719], [-92.8713302612, 91.217414856, -5.32520961761, 20.382101059, 7.19694900513, -40.6865272522, 5.87570571899, 33.9829597473, 13.8767967224, -24.5462226868, -39.0629119873, 52.9720649719, 156.289337158]], "icov": [[0.000153235785547, 4.05646387662e-05, 0.000329248228809, -0.000151152489707, 0.000109652304673, -9.6882613434e-05, 0.000174462955329, -3.39837497449e-05, 0.000107723994006, -8.42258086777e-05, -9.94305082713e-06, 2.96473763228e-06, 4.25888574682e-05], [4.05646387662e-05, 0.000502292532474, -1.42575290738e-05, 0.000187172336155, -0.000128511455841, 0.000124714060803, -4.41371848865e-05, -1.99581918423e-05, -4.40798321506e-05, 5.32330595888e-05, 0.000378575408831, -0.000119965232443, -0.000102011792478], [0.000329248228809, -1.42575290738e-05, 0.00219302391633, 0.000200328431674, -0.000366471445886, 0.000164987650351, 0.000122919591377, 6.49733328828e-06, 0.000718485622201, -5.37585219718e-05, 0.000124534126371, 0.000240452907747, 0.000183750205906], [-0.000151152489707, 0.000187172336155, 0.000200328431674, 0.00335308304057, -0.00121008430142, 0.000324137188727, 0.000546197406948, 6.26789187663e-05, 0.000104207967524, 1.98242541956e-05, 0.000132643050165, -0.000656173680909, -0.000274162885034], [0.000109652304673, -0.000128511455841, -0.000366471445886, -0.00121008430142, 0.00534717272967, -0.0021565859206, 0.00166017806623, 0.000121176162793, -0.00127559993416, 6.00559869781e-05, 0.00164642056916, -0.00151334574912, 0.000436197471572], [-9.6882613434e-05, 0.000124714060803, 0.000164987650351, 0.000324137188727, -0.0021565859206, 0.00653397291899, -0.00342163373716, 0.00171342375688, -0.00176677294075, 0.000867262948304, -0.00243899924681, 0.00170949962921, 0.000493419065606], [0.000174462955329, -4.41371848865e-05, 0.000122919591377, 0.000546197406948, 0.00166017806623, -0.00342163373716, 0.00915994122624, -0.00384295429103, 0.00212213327177, -0.000962748832535, -0.000664386549033, -0.000335181131959, -0.000805659976322], [-3.39837497449e-05, -1.99581918423e-05, 6.49733328828e-06, 6.26789187663e-05, 0.000121176162793, 0.00171342375688, -0.00384295429103, 0.00983177032322, -0.00519188912585, 0.00106331380084, 0.001086859731, -0.000969849352259, -0.000340982718626], [0.000107723994006, -4.40798321506e-05, 0.000718485622201, 0.000104207967524, -0.00127559993416, -0.00176677294075, 0.00212213327177, -0.00519188912585, 0.00938592851162, -0.00222356431186, 0.00128961482551, 8.20675704745e-05, -0.000139530777233], [-8.42258086777e-05, 5.32330595888e-05, -5.37585219718e-05, 1.98242541956e-05, 6.00559869781e-05, 0.000867262948304, -0.000962748832535, 0.00106331380084, -0.00222356431186, 0.00944336783141, -0.00412678206339, 0.00174796103965, -8.61053365497e-07], [-9.94305082713e-06, 0.000378575408831, 0.000124534126371, 0.000132643050165, 0.00164642056916, -0.00243899924681, -0.000664386549033, 0.001086859731, 0.00128961482551, -0.00412678206339, 0.0106816021726, -0.0042183608748, 0.0021748514846], [2.96473763228e-06, -0.000119965232443, 0.000240452907747, -0.000656173680909, -0.00151334574912, 0.00170949962921, -0.000335181131959, -0.000969849352259, 8.20675704745e-05, 0.00174796103965, -0.0042183608748, 0.0108573138714, -0.00356328231283], [4.25888574682e-05, -0.000102011792478, 0.000183750205906, -0.000274162885034, 0.000436197471572, 0.000493419065606, -0.000805659976322, -0.000340982718626, -0.000139530777233, -8.61053365497e-07, 0.0021748514846, -0.00356328231283, 0.00850160513073]], "mean": [-757.584289551, 162.085067749, -12.8537425995, 0.49417746067, -15.7923994064, -11.7727022171, -10.3827152252, -12.5119247437, -14.4040899277, -5.60763835907, -7.47470808029, -10.1022586823, -8.03467464447]}, "spectral_contrast_valleys": {"min": [-28.2594833374, -27.9765357971, -27.9045677185, -27.6459503174, -27.5190944672, -27.5160160065], "max": [-6.58819437027, -4.90931224823, -5.29310131073, -5.22169208527, -5.40142297745, -7.43714475632], "dvar2": [0.312184721231, 0.172543525696, 0.144528388977, 0.129133239388, 0.110439032316, 0.126635834575], "median": [-9.19154834747, -6.93407297134, -7.80927085876, -8.60891914368, -8.83304214478, -12.0094032288], "dmean2": [0.61733853817, 0.460793763399, 0.423853904009, 0.354266285896, 0.26825094223, 0.246228903532], "dmean": [0.366969972849, 0.282439261675, 0.258876115084, 0.215684592724, 0.171450659633, 0.173344358802], "var": [3.75915503502, 3.859333992, 3.80832576752, 4.08092927933, 4.35958099365, 3.57559514046], "dvar": [0.123081117868, 0.0754286646843, 0.0669800564647, 0.0614796169102, 0.0593455433846, 0.0731648951769], "mean": [-9.38444137573, -7.15746641159, -7.97013139725, -8.79695510864, -9.17140960693, -12.1166944504]}, "barkbands_flatness_db": {"min": 0.0354126803577, "max": 0.479789346457, "dvar2": 0.00107714859769, "median": 0.203422740102, "dmean2": 0.0340506024659, "dmean": 0.0214415621012, "var": 0.00438460428268, "dvar": 0.000445754616521, "mean": 0.203376784921}, "dynamic_complexity": 5.59570360184, "erbbands_flatness_db": {"min": 0.03409