{"lowlevel": {"spectral_complexity": {"min": 0, "max": 60, "dvar2": 30.7154197693, "median": 15, "dmean2": 5.03494548798, "dmean": 3.24432086945, "var": 186.683319092, "dvar": 14.5639858246, "mean": 18.2600803375}, "silence_rate_20dB": {"min": 1, "max": 1, "dvar2": 0, "median": 1, "dmean2": 0, "dmean": 0, "var": 0, "dvar": 0, "mean": 1}, "average_loudness": 0.475143522024, "erbbands_spread": {"min": 1.10123503208, "max": 153.786148071, "dvar2": 118.835525513, "median": 29.206741333, "dmean2": 9.23393344879, "dmean": 5.90517568588, "var": 218.550445557, "dvar": 51.8258666992, "mean": 30.3371524811}, "spectral_kurtosis": {"min": -1.31813168526, "max": 54.8330230713, "dvar2": 14.1302595139, "median": 3.94695258141, "dmean2": 2.94596409798, "dmean": 1.70044100285, "var": 12.9058990479, "dvar": 4.85840272903, "mean": 4.84718799591}, "barkbands_kurtosis": {"min": -1.92458927631, "max": 104.093414307, "dvar2": 23.9867191315, "median": 0.367917537689, "dmean2": 2.74900484085, "dmean": 1.73268806934, "var": 31.8583774567, "dvar": 10.417386055, "mean": 2.09653449059}, "spectral_strongpeak": {"min": 0, "max": 10.9316015244, "dvar2": 2.05187773705, "median": 0.482846170664, "dmean2": 0.947414696217, "dmean": 0.559619605541, "var": 1.61263000965, "dvar": 0.804517745972, "mean": 0.96397036314}, "spectral_spread": {"min": 1064961.875, "max": 42597688, "dvar2": 693139144704, "median": 3467866, "dmean2": 524526.6875, "dmean": 346024.59375, "var": 5291583209470.0, "dvar": 391022739456, "mean": 3812458.25}, "spectral_rms": {"min": 3.14855520128e-12, "max": 0.0122445886955, "dvar2": 1.05768333469e-06, "median": 0.00330380373634, "dmean2": 0.000826757051982, "dmean": 0.00054581114091, "var": 3.8221005525e-06, "dvar": 4.66148350142e-07, "mean": 0.00349906506017}, "erbbands": {"min": [9.52217274841e-23, 2.76414564026e-22, 9.51169452989e-22, 7.50467769454e-21, 1.62631140129e-20, 7.04309201036e-20, 1.32274064012e-19, 8.64076099047e-20, 1.56430917374e-19, 3.03504095575e-19, 2.83267018492e-19, 4.06572557658e-19, 2.65502125765e-19, 8.45140978398e-19, 1.03012348218e-18, 5.89931512694e-19, 1.7891087401e-18, 1.78381250943e-18, 3.28158513586e-18, 3.61091055313e-18, 3.71647244777e-18, 7.30039002957e-18, 5.86548437046e-18, 8.60087098091e-18, 8.79386048963e-18, 9.96822783042e-18, 1.13555511656e-17, 9.28554822626e-18, 1.40537291241e-17, 1.27337316734e-17, 1.15342999328e-17, 1.23980907321e-17, 1.06310683348e-17, 8.2331949889e-18, 6.58943242898e-18, 4.61565375598e-18, 2.47857701555e-18, 9.99258995382e-19, 2.67362971951e-19, 3.07164667054e-20], "max": [2.62162923813, 30.2787418365, 44.7928352356, 45.2643585205, 124.598579407, 106.208892822, 206.652114868, 176.730880737, 533.857421875, 484.004150391, 851.380249023, 1614.50744629, 577.432373047, 817.508972168, 940.263122559, 1067.21459961, 2503.12207031, 2273.34570312, 1687.63220215, 1282.58654785, 1378.32910156, 777.910888672, 866.941345215, 1535.07971191, 692.164550781, 1298.8807373, 534.557128906, 398.681396484, 449.204956055, 690.824890137, 552.944213867, 290.81552124, 187.918716431, 110.834236145, 47.3377761841, 10.8150558472, 3.15725874901, 0.832360982895, 0.0486566387117, 0.00301887327805], "dvar2": [0.0174676124007, 1.67592716217, 15.9826040268, 29.4541225433, 124.929107666, 104.94153595, 193.472930908, 247.530181885, 856.595825195, 1539.97155762, 2182.0144043, 2969.31030273, 2781.93237305, 2745.35864258, 2473.93725586, 3649.74682617, 9499.42382812, 11633.3242188, 7334.81103516, 4655.81494141, 3773.10449219, 1355.51464844, 802.975524902, 1621.2434082, 1587.10571289, 1343.74414062, 595.993041992, 283.658172607, 307.199401855, 290.009918213, 257.794372559, 80.3531341553, 38.1867370605, 11.4208440781, 2.63799738884, 0.388504892588, 0.0625024586916, 0.00091133674141, 5.33349066245e-06, 1.38795321902e-08], "median": [0.00340024475008, 0.0344732329249, 0.176469922066, 0.422144502401, 0.861078262329, 1.57980155945, 2.05816602707, 2.33885622025, 4.09771728516, 6.47360515594, 6.9505982399, 8.2930316925, 8.33499908447, 6.75731468201, 7.0549659729, 10.0874385834, 10.1765174866, 10.5698766708, 9.96249294281, 8.91371154785, 7.27805995941, 6.09690141678, 5.19594573975, 5.98362112045, 6.72514486313, 4.44236278534, 2.44657611847, 1.70544993877, 1.3068434, 0.867143988609, 0.470841169357, 0.220350056887, 0.118290409446, 0.0642114281654, 0.0226408094168, 0.00697687547654, 0.00193678005598, 0.000355463649612, 4.54969231214e-05, 1.81857831194e-05], "dmean2": [0.0540690347552, 0.538731813431, 1.4341776371, 2.38473677635, 4.45527696609, 5.31958293915, 6.54109048843, 7.63077545166, 12.3930768967, 17.9241676331, 21.6925430298, 25.1584377289, 25.9252643585, 22.6020450592, 21.0700187683, 26.9285678864, 33.0923461914, 33.385887146, 31.3922138214, 26.4877033234, 20.4938488007, 14.3158855438, 11.232465744, 11.5927419662, 15.5786752701, 10.8693189621, 8.31596183777, 6.09015035629, 4.05217790604, 3.33237814903, 2.08022356033, 1.39680099487, 1.04622423649, 0.60007250309, 0.267339736223, 0.112463399768, 0.0389798618853, 0.00514586875215, 0.000401336175855, 2.61824225163e-05], "dmean": [0.0318381153047, 0.311709433794, 0.825575053692, 1.36145043373, 2.57656049728, 3.27382206917, 4.27057027817, 4.82256603241, 7.78547286987, 11.2295713425, 14.1734733582, 15.9266605377, 16.4369564056, 14.6935367584, 13.3168945312, 16.8354892731, 21.0217418671, 21.144701004, 19.6526889801, 16.5852336884, 12.8769168854, 8.87335777283, 7.04095983505, 7.23627948761, 9.72035217285, 6.7179646492, 5.03677368164, 3.8132417202, 2.58651018143, 2.21195101738, 1.37382519245, 0.925714313984, 0.691906452179, 0.421437591314, 0.182687729597, 0.0726330801845, 0.0236251056194, 0.00321441655979, 0.000263241672656, 1.73456810444e-05], "var": [0.00849516130984, 0.792708814144, 5.17243623734, 10.2790603638, 50.2555236816, 87.0373382568, 234.493499756, 233.788604736, 697.651733398, 1160.54785156, 3432.24072266, 3537.54785156, 2864.8059082, 3071.3527832, 2247.94091797, 3340.6940918, 10061.5634766, 13625.5371094, 6898.54492188, 5005.79785156, 4081.02539062, 1410.42358398, 707.277526855, 1013.56829834, 1323.13427734, 943.40222168, 517.876586914, 311.927185059, 249.913650513, 243.283889771, 124.089355469, 39.2350845337, 23.3686923981, 13.4735021591, 2.53564310074, 0.199529841542, 0.0187710952014, 0.000443706492661, 2.94161600323e-06, 8.90683971022e-09], "dvar": [0.00641330145299, 0.603306770325, 5.82999706268, 10.6277523041, 44.6307067871, 40.3182067871, 83.1114730835, 101.868614197, 338.80380249, 605.545471191, 982.910217285, 1291.71704102, 1138.39379883, 1178.30041504, 992.248901367, 1430.57543945, 3847.046875, 4858.27734375, 2935.54541016, 1852.88513184, 1631.45788574, 588.079406738, 337.079406738, 666.05291748, 629.350402832, 571.958007812, 247.012954712, 125.495529175, 139.693191528, 142.978973389, 107.372001648, 33.1861686707, 16.6672115326, 6.20491552353, 1.3335916996, 0.161349326372, 0.0230992082506, 0.000369962392142, 2.28291651183e-06, 6.02623817514e-09], "mean": [0.0402176864445, 0.398148626089, 0.947792470455, 1.55816829205, 3.2858607769, 5.4529337883, 7.79720592499, 8.40050792694, 13.3974599838, 18.7864456177, 26.7192115784, 29.0135688782, 30.2383060455, 27.5447616577, 24.6585540771, 30.9193115234, 39.8049049377, 40.7899665833, 37.7687339783, 32.7868614197, 25.8143367767, 18.2538223267, 13.9103736877, 14.830906868, 20.4336853027, 12.9677324295, 10.5555925369, 8.19230747223, 4.88957166672, 4.07196474075, 2.47516298294, 1.78984200954, 1.16060173512, 0.720008671284, 0.308231890202, 0.102964550257, 0.0286085028201, 0.0043534184806, 0.000404139893362, 4.07700790674e-05]}, "zerocrossingrate": {"min": 0, "max": 0.51953125, "dvar2": 0.000206352153327, "median": 0.0634765625, "dmean2": 0.0106982151046, "dmean": 0.00941468216479, "var": 0.0022432054393, "dvar": 0.000216469547013, "mean": 0.0721973404288}, "spectral_contrast_coeffs": {"min": [-0.978561937809, -0.979000985622, -0.97527128458, -0.968524873257, -0.969624340534, -0.961944103241], "max": [-0.278482407331, -0.369231492281, -0.517687320709, -0.490736991167, -0.559814989567, -0.569451272488], "dvar2": [0.00484397867694, 0.00390493357554, 0.00247902912088, 0.00152666773647, 0.000778536137659, 0.000566486443859], "median": [-0.649270892143, -0.758138775826, -0.79388064146, -0.796271502972, -0.796747982502, -0.724853217602], "dmean2": [0.086175262928, 0.0773435309529, 0.0614186525345, 0.0487600676715, 0.0332951657474, 0.0269742123783], "dmean": [0.0520017594099, 0.0468943603337, 0.0373467952013, 0.0297841653228, 0.0206341035664, 0.0170335136354], "var": [0.00908894557506, 0.00821441877633, 0.00482656341046, 0.00377346528694, 0.00199656304903, 0.00265814200975], "dvar": [0.00184039061423, 0.00152973993681, 0.000957216951065, 0.000612063799053, 0.000327161484165, 0.000257029867498], "mean": [-0.645672380924, -0.74553668499, -0.784711420536, -0.787116587162, -0.794166266918, -0.729813575745]}, "dissonance": {"min": 0.18297073245, "max": 0.499999940395, "dvar2": 0.000888126087375, "median": 0.480472534895, "dmean2": 0.0263940859586, "dmean": 0.0156403500587, "var": 0.000959022261668, "dvar": 0.000327415647916, "mean": 0.470724403858}, "spectral_energyband_high": {"min": 7.00282301638e-21, "max": 0.0450643710792, "dvar2": 2.99906150758e-06, "median": 0.000181410898222, "dmean2": 0.000470160302939, "dmean": 0.000314064644044, "var": 3.08472499455e-06, "dvar": 1.44553484915e-06, "mean": 0.000748432416003}, "spectral_skewness": {"min": -0.457446604967, "max": 5.45456886292, "dvar2": 0.137381538749, "median": 1.34998750687, "dmean2": 0.349107146263, "dmean": 0.212276101112, "var": 0.293517917395, "dvar": 0.0542684271932, "mean": 1.4209895134}, "spectral_flux": {"min": 6.5089940382e-11, "max": 0.294180303812, "dvar2": 0.000932612107135, "median": 0.0587592869997, "dmean2": 0.0255125109106, "dmean": 0.0162781160325, "var": 0.0017750634579, "dvar": 0.000417998264311, "mean": 0.0659568011761}, "silence_rate_30dB": {"min": 0, "max": 1, "dvar2": 0.000729376100935, "median": 1, "dmean2": 0.000729926978238, "dmean": 0.000364930194337, "var": 0.000364789215382, "dvar": 0.000364822451957, "mean": 0.999635100365}, "spectral_energyband_middle_high": {"min": 1.323414966e-21, "max": 0.0656319633126, "dvar2": 2.24069408432e-05, "median": 0.00267244037241, "dmean2": 0.00263279746287, "dmean": 0.00174284528475, "var": 6.40209327685e-05, "dvar": 9.67483265413e-06, "mean": 0.00602414691821}, "barkbands_spread": {"min": 0.845194876194, "max": 109.778274536, "dvar2": 113.108299255, "median": 22.1474914551, "dmean2": 8.42276668549, "dmean": 5.35678434372, "var": 195.646591187, "dvar": 49.8358955383, "mean": 24.0916633606}, "spectral_centroid": {"min": 210.202865601, "max": 11760.9228516, "dvar2": 211469.71875, "median": 1646.12817383, "dmean2": 388.657989502, "dmean": 253.648254395, "var": 836591.4375, "dvar": 107516.484375, "mean": 1744.63110352}, "pitch_salience": {"min": 0.0543826445937, "max": 0.913952112198, "dvar2": 0.0102487262338, "median": 0.627507925034, "dmean2": 0.112232111394, "dmean": 0.0680768713355, "var": 0.0142185995355, "dvar": 0.00386812980287, "mean": 0.610139071941}, "erbbands_skewness": {"min": -5.12602710724, "max": 4.40446710587, "dvar2": 0.273192733526, "median": 0.162048906088, "dmean2": 0.547612965107, "dmean": 0.355285227299, "var": 0.685913264751, "dvar": 0.127803489566, "mean": 0.19277343154}, "erbbands_crest": {"min": 2.50846290588, "max": 29.1994304657, "dvar2": 14.6865787506, "median": 7.56379795074, "dmean2": 4.1016125679, "dmean": 2.50660943985, "var": 19.3616504669, "dvar": 5.87663698196, "mean": 8.80666542053}, "melbands": {"min": [6.14191027764e-25, 5.29003713546e-25, 2.03156788593e-24, 3.49432801058e-24, 5.50723913888e-24, 1.72647750855e-24, 2.06417052106e-24, 3.79951265683e-24, 2.51887901873e-24, 2.38000281738e-24, 1.07141204742e-24, 3.229827485e-24, 3.30997831677e-24, 8.3045270898e-25, 2.90833885878e-24, 2.48899440385e-24, 3.14522629444e-24, 3.26910309454e-24, 5.2368089431e-24, 4.14825268024e-24, 4.03011957639e-24, 6.70538948072e-24, 4.8877478533e-24, 4.77310664225e-24, 6.47605972696e-24, 6.35312167134e-24, 4.53961959152e-24, 5.99577438659e-24, 5.75753760436e-24, 6.11008585379e-24, 4.04245065563e-24, 6.05263035305e-24, 6.54192369609e-24, 6.46160385088e-24, 5.78409894547e-24, 7.07295921951e-24, 7.21059335936e-24, 7.54338379856e-24, 6.96267883154e-24, 6.45897576077e-24], "max": [0.0311668720096, 0.0220819693059, 0.0105138001963, 0.00725224986672, 0.00576504133642, 0.0039657689631, 0.00842868350446, 0.00595970498398, 0.00950272940099, 0.00871501583606, 0.00332566024736, 0.00387441669591, 0.00318962335587, 0.00218865228817, 0.00473946146667, 0.00466366996989, 0.00413038115948, 0.00244073267095, 0.00208095298149, 0.00207604258321, 0.00193774059881, 0.000944484258071, 0.000584846711718, 0.00110136985313, 0.00136779283639, 0.000643336039502, 0.000704675039742, 0.000824952381663, 0.000378737051506, 0.000332282419549, 0.00025112266303, 0.000284478679532, 0.00028169027064, 0.000422948563937, 0.000373878632672, 0.000215869702515, 0.00016438862076, 0.000146958860569, 0.00011996201647, 8.49052303238e-05], "dvar2": [1.77759159214e-06, 3.23468680108e-06, 1.14446208954e-06, 6.08603386354e-07, 1.79192596761e-07, 1.20781919577e-07, 1.95261108615e-07, 1.73766963485e-07, 1.59191586135e-07, 1.32558426458e-07, 7.45984252148e-08, 5.07634005942e-08, 3.68145407492e-08, 2.78096319306e-08, 3.30991341002e-08, 5.25778212079e-08, 4.67442582419e-08, 2.20178080212e-08, 1.37819542445e-08, 8.74344241453e-09, 6.74038691528e-09, 2.40458186695e-09, 7.98555832571e-10, 1.14547427099e-09, 1.33475108743e-09, 9.51773992952e-10, 9.70059033101e-10, 6.22245865944e-10, 2.42695447072e-10, 2.90276108705e-10, 8.2645730537e-11, 1.19692644684e-10, 9.41722255732e-11, 9.95290794226e-11, 1.20749577004e-10, 3.76165522342e-11, 3.20675951071e-11, 2.41981712445e-11, 1.35125478515e-11, 8.92418257348e-12], "median": [4.82600007672e-05, 9.3001552159e-05, 9.15144191822e-05, 8.83122629602e-05, 8.01010901341e-05, 5.26919102413e-05, 6.7927830969e-05, 7.08273582859e-05, 5.17970038345e-05, 4.99995949212e-05, 3.73857546947e-05, 2.51869132626e-05, 2.17896667891e-05, 2.23703173106e-05, 2.5658400773e-05, 1.89921993297e-05, 1.79888520506e-05, 1.42649369081e-05, 1.20130353025e-05, 9.63763432082e-06, 7.31321142666e-06, 6.07609126746e-06, 4.45439127361e-06, 4.00614771934e-06, 4.20635478804e-06, 5.01076010551e-06, 4.17793580709e-06, 2.30445334637e-06, 1.47160369579e-06, 1.13373789645e-06, 8.63201080392e-07, 7.11304380729e-07, 6.15741100773e-07, 4.11463702221e-07, 2.73785417448e-07, 1.84522860991e-07, 1.1073396422e-07, 8.53537756029e-08, 6.09952834907e-08, 4.94096319414e-08], "dmean2": [0.000549425079953, 0.000704671139829, 0.000457986869151, 0.00035933588515, 0.000217623251956, 0.000170386381797, 0.000195281812921, 0.000199583941139, 0.000177750000148, 0.000173699314473, 0.000134363814141, 9.71902700257e-05, 8.02080903668e-05, 6.97722425684e-05, 7.73089195718e-05, 7.75441876613e-05, 6.60749428789e-05, 5.70221745875e-05, 4.15668691858e-05, 3.23307431245e-05, 2.54391998169e-05, 1.79556082003e-05, 1.04490582089e-05, 1.25945889522e-05, 1.01642044683e-05, 1.23096888274e-05, 1.08415251816e-05, 7.3139608503e-06, 5.34762193638e-06, 6.23987534709e-06, 2.95993731925e-06, 2.45391015596e-06, 2.11433075492e-06, 1.90329228644e-06, 1.34556159992e-06, 1.11986707907e-06, 8.47790659009e-07, 8.58814871663e-07, 6.02252214321e-07, 5.32292972366e-07], "dmean": [0.00031927760574, 0.000410889100749, 0.000261729524937, 0.000217133259866, 0.000141189259011, 0.000107847867184, 0.000123706631712, 0.0001253970986, 0.000116717572382, 0.000109671396785, 8.52755474625e-05, 6.33660310996e-05, 5.10302052135e-05, 4.29444116889e-05, 4.84840857098e-05, 4.84979245812e-05, 4.19969874201e-05, 3.53810646629e-05, 2.61386485363e-05, 2.01227103389e-05, 1.58547827596e-05, 1.09733191493e-05, 6.50059882901e-06, 7.80300888437e-06, 6.23423466095e-06, 7.61197816246e-06, 6.724445484e-06, 4.47133152193e-06, 3.22300070366e-06, 3.82873258786e-06, 1.83056874903e-06, 1.54371548433e-06, 1.38849077302e-06, 1.24117912037e-06, 8.68521738084e-07, 7.19249101166e-07, 5.51370305857e-07, 5.54494022253e-07, 4.08590778989e-07, 3.62673404197e-07], "var": [8.61776698002e-07, 1.28497254082e-06, 3.97527855966e-07, 3.79415808993e-07, 2.15683613192e-07, 1.14071276869e-07, 1.65791163909e-07, 1.369784286e-07, 3.00167158684e-07, 1.39323205417e-07, 7.79715705335e-08, 5.61263959753e-08, 3.3237785857e-08, 1.92394953302e-08, 3.72169317586e-08, 6.33457233334e-08, 4.95365775066e-08, 1.9010698793e-08, 1.35758586595e-08, 8.44655279053e-09, 6.17030426753e-09, 1.94187199654e-09, 7.1887207298e-10, 7.6834422158e-10, 7.40274619382e-10, 7.66336660796e-10, 6.7855815411e-10, 4.08550221431e-10, 1.93598748144e-10, 2.83465723117e-10, 7.49859271898e-11, 8.26004195598e-11, 8.62232438226e-11, 7.3594422223e-11, 5.19028535428e-11, 2.13718834297e-11, 1.32048434687e-11, 1.18175321959e-11, 1.35324130374e-11, 9.25749320951e-12], "dvar": [6.35311323549e-07, 1.18891193779e-06, 4.1140216922e-07, 2.23098766128e-07, 7.67531886936e-08, 4.96034218145e-08, 7.7710694768e-08, 6.88833878826e-08, 7.35630578674e-08, 5.55789050338e-08, 3.07215834994e-08, 2.17525144564e-08, 1.50426693324e-08, 1.07611057842e-08, 1.35149855751e-08, 2.1250627924e-08, 2.03926990849e-08, 8.85972628595e-09, 5.53650725266e-09, 3.50643380997e-09, 2.92446067363e-09, 9.92994242388e-10, 3.41731448694e-10, 4.70828154242e-10, 5.37447530924e-10, 3.83989229302e-10, 4.0052364203e-10, 2.59801680169e-10, 1.00489998267e-10, 1.18943133121e-10, 3.65846485051e-11, 5.16678089202e-11, 4.61947181896e-11, 4.7602529557e-11, 4.86372053743e-11, 1.62646285329e-11, 1.26367466838e-11, 9.83354543627e-12, 7.13047546355e-12, 4.55925444967e-12], "mean": [0.000427191029303, 0.0005283303326, 0.00030839786632, 0.000331137358444, 0.000261477456661, 0.000190038685105, 0.000215116437175, 0.000209076999454, 0.000220117130084, 0.000190105260117, 0.000153381581185, 0.000114745147584, 8.82176827872e-05, 7.12900946382e-05, 8.8477958343e-05, 8.91728777788e-05, 7.29934181436e-05, 6.17373807472e-05, 4.76705827168e-05, 3.79031916964e-05, 2.82862638414e-05, 2.01754919544e-05, 1.21851480799e-05, 1.31737924676e-05, 1.1287424968e-05, 1.51999438458e-05, 1.27203948068e-05, 7.66205175751e-06, 5.98763426751e-06, 7.52218011257e-06, 3.64292304766e-06, 2.67271661869e-06, 2.49403160524e-06, 2.13666498894e-06, 1.4018849015e-06, 1.31003696424e-06, 9.9408771348e-07, 8.69389282343e-07, 6.56691724998e-07, 5.93519246195e-07]}, "spectral_entropy": {"min": 5.25992059708, "max": 9.81270122528, "dvar2": 0.0459466911852, "median": 7.72133731842, "dmean2": 0.183714032173, "dmean": 0.121390938759, "var": 0.196958124638, "dvar": 0.0225980766118, "mean": 7.62394285202}, "spectral_rolloff": {"min": 21.533203125, "max": 19681.3476562, "dvar2": 1513637, "median": 1658.05664062, "dmean2": 801.405639648, "dmean": 484.145385742, "var": 3014833, "dvar": 741442.0625, "mean": 2027.7322998}, "barkbands": {"min": [1.0211660451e-24, 1.55253072073e-24, 7.6698140428e-25, 2.9724152691e-24, 2.1502126844e-23, 8.84287515659e-24, 1.02371860177e-23, 1.31290175676e-23, 1.91497262697e-23, 1.83930082909e-23, 2.47571136671e-23, 1.02601608027e-23, 2.85557676488e-23, 3.42457172285e-23, 5.61017049865e-23, 5.71121726972e-23, 1.15006983765e-22, 9.06001953372e-23, 1.59340739446e-22, 2.14695879094e-22, 3.1363241569e-22, 3.96334043395e-22, 4.03474206463e-22, 6.2277622545e-22, 7.71924351887e-22, 1.36192541359e-21, 2.051744971e-21], "max": [0.00741636753082, 0.123535141349, 0.0483588352799, 0.0258222986013, 0.0262768305838, 0.0268984697759, 0.0390585400164, 0.032985419035, 0.0635980144143, 0.0308788567781, 0.0259561594576, 0.0293478183448, 0.0513015463948, 0.0390297323465, 0.0291129201651, 0.0232541039586, 0.0175657365471, 0.0189701411873, 0.0150069519877, 0.022435773164, 0.0113523090258, 0.013031180948, 0.0193649251014, 0.0110933938995, 0.00779579905793, 0.00163945753593, 0.000343161547789], "dvar2": [5.44643867784e-08, 2.68523035629e-05, 1.54993285832e-05, 5.26426583747e-06, 9.29550515139e-06, 2.98707755064e-06, 5.16142608831e-06, 4.17980982093e-06, 7.1280087468e-06, 2.66020560957e-06, 2.15704562834e-06, 2.24611380872e-06, 4.73016370961e-06, 4.3469776756e-06, 2.79484197563e-06, 1.4881907191e-06, 5.60369528557e-07, 3.33937123287e-07, 5.72519184061e-07, 5.17038472481e-07, 2.75676825368e-07, 2.2158346269e-07, 3.00319868529e-07, 1.33389860935e-07, 6.04588734632e-08, 1.67429003994e-08, 1.80792381066e-10], "median": [0.000131554203108, 0.000113577880256, 0.000140431846376, 0.000132823595777, 0.000501500559039, 0.000285915302811, 0.000344644940924, 0.000253903795965, 0.000373212620616, 0.000184048214578, 0.000150397449033, 0.000230814010138, 0.000188862439245, 0.000188013655134, 0.000173610809725, 0.000121401775687, 0.0001013028741, 9.06214554561e-05, 0.000133938869112, 9.03694017325e-05, 5.03357659909e-05, 3.45537846442e-05, 1.85574717761e-05, 8.29336659081e-06, 4.55333611171e-06, 1.17405102174e-06, 2.06356276067e-07], "dmean2": [0.000133104345878, 0.00214407802559, 0.00135970965493, 0.000951244437601, 0.0015243855305, 0.000881257874426, 0.00104275043122, 0.000979204312898, 0.00128523504827, 0.000757575442549, 0.00060967792524, 0.000674155540764, 0.000768496945966, 0.000714516558219, 0.000606170506217, 0.000411575456383, 0.00027658516774, 0.000220446992898, 0.000294462690363, 0.00023474128102, 0.000188072081073, 0.000103653030237, 8.38376145111e-05, 6.20816863375e-05, 4.32948218076e-05, 2.14804313146e-05, 2.3561267426e-06], "dmean": [0.000123737918329, 0.0012475856347, 0.000778317858931, 0.000533832120709, 0.000936980941333, 0.000564142363146, 0.000657375494484, 0.000627095112577, 0.00081503810361, 0.000488236750243, 0.000385537685361, 0.000419527728809, 0.000475833716337, 0.00044512146269, 0.000381290679798, 0.000258637213847, 0.000169987164554, 0.000137812516186, 0.00018035506946, 0.000145981073729, 0.000115521666885, 6.71040033922e-05, 5.51374832867e-05, 4.12258195865e-05, 3.04913482978e-05, 1.34885240186e-05, 1.55055636242e-06], "var": [3.3778269426e-07, 1.32287168526e-05, 4.67585323349e-06, 1.76193316292e-06, 6.79725553709e-06, 3.13172836286e-06, 4.40173835159e-06, 4.28594603363e-06, 9.57148313319e-06, 2.91793980978e-06, 1.89612467238e-06, 2.08883034247e-06, 5.10798417963e-06, 4.28941120845e-06, 2.45987280323e-06, 1.56914347826e-06, 5.11219184318e-07, 2.56158898537e-07, 4.40801898094e-07, 3.85072951303e-07, 2.81521636225e-07, 2.04982868013e-07, 1.6531384972e-07, 7.62189529269e-08, 7.55255769036e-08, 6.21084161878e-09, 1.09837042239e-10], "dvar": [4.16937915304e-08, 9.62208741839e-06, 5.64765105082e-06, 1.86632996702e-06, 3.50809341398e-06, 1.23571589938e-06, 2.06519530366e-06, 1.76560047294e-06, 3.07477489514e-06, 1.1481022284e-06, 8.83448649347e-07, 8.88498107088e-07, 1.94831409317e-06, 1.88804494883e-06, 1.08735412141e-06, 6.28242162293e-07, 2.44374859903e-07, 1.41367706874e-07, 2.27038341905e-07, 2.23379998943e-07, 1.16539382589e-07, 1.06369327568e-07, 1.30007677512e-07, 5.75555141324e-08, 3.41702346418e-08, 6.44622089041e-09, 7.90009863083e-11], "mean": [0.000371051341062, 0.00165823521093, 0.00081841845531, 0.000565403606743, 0.00157802703325, 0.00103320612106, 0.00111111730803, 0.00103285978548, 0.00144680053927, 0.000847899354994, 0.000640602142084, 0.000729148392566, 0.000849287840538, 0.000764439755585, 0.000685809412971, 0.000484780495754, 0.000324306602124, 0.000251933612162, 0.000373608083464, 0.000273451005341, 0.000251492368989, 0.000126605475089, 0.000100437413494, 7.50545295887e-05, 5.33009842911e-05, 1.75333279913e-05, 2.36572213907e-06]}, "melbands_flatness_db": {"min": 0.00354374549352, "max": 0.474553644657, "dvar2": 0.00128682202194, "median": 0.155845105648, "dmean2": 0.0345694050193, "dmean": 0.0220678839833, "var": 0.00423667579889, "dvar": 0.000538073014468, "mean": 0.16523167491}, "melbands_skewness": {"min": -4.06825304031, "max": 15.2640333176, "dvar2": 0.961295604706, "median": 1.42411565781, "dmean2": 0.883624136448, "dmean": 0.558677792549, "var": 1.84383070469, "dvar": 0.392154127359, "mean": 1.6369240284}, "barkbands_skewness": {"min": -7.04671001434, "max": 9.62504482269, "dvar2": 0.530750572681, "median": 0.694624900818, "dmean2": 0.681091725826, "dmean": 0.44232827425, "var": 1.37305998802, "dvar": 0.237922593951, "mean": 0.772471249104}, "silence_rate_60dB": {"min": 0, "max": 1, "dvar2": 0.0780129283667, "median": 0, "dmean2": 0.0776459872723, "dmean": 0.0388650670648, "var": 0.158000901341, "dvar": 0.0373484827578, "mean": 0.196679443121}, "spectral_energyband_low": {"min": 1.43339781457e-23, "max": 0.130617782474, "dvar2": 5.66037633689e-05, "median": 0.000696513860021, "dmean2": 0.00331193301827, "dmean": 0.00194639223628, "var": 2.76150840364e-05, "dvar": 2.07585817407e-05, "mean": 0.00287818489596}, "spectral_energyband_middle_low": {"min": 1.7099871523e-22, "max": 0.0663327127695, "dvar2": 4.11324217566e-05, "median": 0.00427995342761, "dmean2": 0.00418998254463, "dmean": 0.00266423053108, "var": 6.18996273261e-05, "dvar": 1.69158120116e-05, "mean": 0.00693494081497}, "melbands_kurtosis": {"min": -1.89133417606, "max": 271.877349854, "dvar2": 103.480506897, "median": 2.73821687698, "dmean2": 5.80907487869, "dmean": 3.60350513458, "var": 118.799125671, "dvar": 45.1926422119, "mean": 6.06504058838}, "spectral_decrease": {"min": -3.98759461007e-08, "max": 1.37447457155e-28, "dvar2": 8.37923455322e-18, "median": -2.67658295527e-09, "dmean2": 1.86003668023e-09, "dmean": 1.18928222825e-09, "var": 1.52712744657e-17, "dvar": 3.40887603121e-18, "mean": -3.92989907283e-09}, "erbbands_kurtosis": {"min": -1.83296537399, "max": 45.5544700623, "dvar2": 5.4671831131, "median": -0.142421245575, "dmean2": 1.49046838284, "dmean": 0.943109631538, "var": 7.24433708191, "dvar": 2.44778895378, "mean": 0.686601698399}, "melbands_crest": {"min": 1.71109962463, "max": 37.4466629028, "dvar2": 21.5055885315, "median": 10.95175457, "dmean2": 5.30327892303, "dmean": 3.23516154289, "var": 29.8187026978, "dvar": 8.19373416901, "mean": 11.9608879089}, "gfcc": {"cov": [[15086.4599609, -95.0322036743, 75.4147796631, 189.794799805, -461.939971924, 675.860046387, -508.976654053, 358.495361328, -407.27557373, 213.65776062, -271.049530029, -127.313774109, 91.7097244263], [-95.0322036743, 1689.91601562, 125.586372375, -144.375305176, 148.157501221, -234.359222412, 10.3778743744, -127.334915161, -23.3479957581, -144.648986816, 52.82421875, -113.288970947, 19.9612865448], [75.4147796631, 125.586372375, 1115.74597168, 178.565750122, 120.001998901, 152.589050293, -147.726150513, 77.0000534058, -116.274276733, 12.602514267, -74.5371932983, -16.4714946747, 8.21396923065], [189.794799805, -144.375305176, 178.565750122, 456.020629883, 114.372550964, 61.603805542, 16.8010482788, 47.228302002, 45.8568611145, 18.4671268463, -14.3327732086, 36.7763023376, 30.2799491882], [-461.939971924, 148.157501221, 120.001998901, 114.372550964, 436.808776855, 136.293533325, 47.9179458618, 41.8449935913, 23.1243000031, 54.5721549988, -20.224603653, -16.4937477112, 27.7869911194], [675.860046387, -234.359222412, 152.589050293, 61.603805542, 136.293533325, 335.765045166, 55.2393379211, 78.5252685547, -32.2130851746, 66.5481185913, -25.8890705109, -12.0158548355, 2.3075170517], [-508.976654053, 10.3778743744, -147.726150513, 16.8010482788, 47.9179458618, 55.2393379211, 225.577667236, 31.4641819, 47.8696403503, 1.35520756245, 33.2267341614, 29.2749061584, -4.83478403091], [358.495361328, -127.334915161, 77.0000534058, 47.228302002, 41.8449935913, 78.5252685547, 31.4641819, 167.219802856, 43.8131713867, 50.3412628174, -8.53124046326, 12.8970241547, 21.3388137817], [-407.27557373, -23.3479957581, -116.274276733, 45.8568611145, 23.1243000031, -32.2130851746, 47.8696403503, 43.8131713867, 150.763412476, 29.5294189453, 21.8591594696, 14.4573106766, 6.95744371414], [213.65776062, -144.648986816, 12.602514267, 18.4671268463, 54.5721549988, 66.5481185913, 1.35520756245, 50.3412628174, 29.5294189453, 112.159812927, 22.79180336, 10.0195903778, 6.92921066284], [-271.049530029, 52.82421875, -74.5371932983, -14.3327732086, -20.224603653, -25.8890705109, 33.2267341614, -8.53124046326, 21.8591594696, 22.79180336, 104.661880493, 42.0187072754, 9.09693241119], [-127.313774109, -113.288970947, -16.4714946747, 36.7763023376, -16.4937477112, -12.0158548355, 29.2749061584, 12.8970241547, 14.4573106766, 10.0195903778, 42.0187072754, 107.478172302, 34.2154998779], [91.7097244263, 19.9612865448, 8.21396923065, 30.2799491882, 27.7869911194, 2.3075170517, -4.83478403091, 21.3388137817, 6.95744371414, 6.92921066284, 9.09693241119, 34.2154998779, 83.2887954712]], "icov": [[0.000176158602699, -0.000304905785015, 0.000318991282256, -0.000295449252008, 0.000524486997165, -0.000625654298346, 0.000586485839449, -0.000527255237103, 0.00057508883765, -0.000628754554782, 0.000663842540234, -0.000338893209118, 3.75233976229e-05], [-0.000304905785015, 0.00172869605012, -0.000983454170637, 0.000920984486584, -0.00168217183091, 0.00202948204242, -0.00153488130309, 0.00124483637046, -0.001069893362, 0.00251818192191, -0.00272656744346, 0.00255513750017, -0.00109144800808], [0.000318991282256, -0.000983454170637, 0.00207074987702, -0.00115481379908, 0.000944018480368, -0.00181758683175, 0.00222099060193, -0.00188827572856, 0.00205959193408, -0.00132336607203, 0.00192104605958, -0.00154602190014, 0.000811537262052], [-0.000295449252008, 0.000920984486584, -0.00115481379908, 0.00340285035782, -0.00161718938034, 0.00109464977868, -0.00121347035747, 0.00108627858572, -0.00220795930363, 0.00181996647734, -0.00108255934902, 0.000148915147292, -0.00076808972517], [0.000524486997165, -0.00168217183091, 0.000944018480368, -0.00161718938034, 0.00515193445608, -0.0032481411472, 0.00124982115813, -0.0011651822133, 0.00124811450951, -0.00397500954568, 0.00349762034602, -0.0012007728219, -0.000599551829509], [-0.000625654298346, 0.00202948204242, -0.00181758683175, 0.00109464977868, -0.0032481411472, 0.00794566702098, -0.00426654657349, 0.000787713972386, 0.000166552999872, 0.000604952452704, -0.00247089494951, 0.0033334440086, -0.000765922362916], [0.000586485839449, -0.00153488130309, 0.00222099060193, -0.00121347035747, 0.00124982115813, -0.00426654657349, 0.0088579589501, -0.00316621176898, 0.000547330419067, -7.2020724474e-05, 0.00100431882311, -0.00368901994079, 0.00233686622232], [-0.000527255237103, 0.00124483637046, -0.00188827572856, 0.00108627858572, -0.0011651822133, 0.000787713972386, -0.00316621176898, 0.0107486741617, -0.00458166189492, -0.000689553911798, -0.000485314172693, 0.00116963637993, -0.00248459703289], [0.00057508883765, -0.001069893362, 0.00205959193408, -0.00220795930363, 0.00124811450951, 0.000166552999872, 0.000547330419067, -0.00458166189492, 0.0119632827118, -0.00445025553927, 0.00166532141156, -0.000773606763687, 0.000514179409947], [-0.000628754554782, 0.00251818192191, -0.00132336607203, 0.00181996647734, -0.00397500954568, 0.000604952452704, -7.2020724474e-05, -0.000689553911798, -0.00445025553927, 0.0177184883505, -0.00833202060312, 0.00296642817557, -0.000371390837245], [0.000663842540234, -0.00272656744346, 0.00192104605958, -0.00108255934902, 0.00349762034602, -0.00247089494951, 0.00100431882311, -0.000485314172693, 0.00166532141156, -0.00833202060312, 0.0182943213731, -0.00835932418704, 0.00120081682689], [-0.000338893209118, 0.00255513750017, -0.00154602190014, 0.000148915147292, -0.0012007728219, 0.0033334440086, -0.00368901994079, 0.00116963637993, -0.000773606763687, 0.00296642817557, -0.00835932418704, 0.0176413878798, -0.00686277123168], [3.75233976229e-05, -0.00109144800808, 0.000811537262052, -0.00076808972517, -0.000599551829509, -0.000765922362916, 0.00233686622232, -0.00248459703289, 0.000514179409947, -0.000371390837245, 0.00120081682689, -0.00686277123168, 0.0160953998566]], "mean": [-48.8953666687, 84.1624908447, -146.137466431, 23.548784256, -60.8166236877, 5.3003282547, -29.8397674561, 2.698543787, -20.2495326996, 2.05303287506, -13.2950363159, -4.03735780716, -11.1086807251]}, "melbands_spread": {"min": 0.787947893143, "max": 297.592407227, "dvar2": 356.98727417, "median": 27.8638496399, "dmean2": 13.2644300461, "dmean": 8.48954772949, "var": 633.340332031, "dvar": 171.747497559, "mean": 32.5528411865}, "spectral_energy": {"min": 1.01612352786e-20, "max": 0.15367820859, "dvar2": 0.000132425950142, "median": 0.0111879967153, "dmean2": 0.0074860160239, "dmean": 0.00479952525347, "var": 0.000263626017841, "dvar": 5.45874536328e-05, "mean": 0.0164671391249}, "mfcc": {"cov": [[10908.796875, -121.525291443, 219.563171387, -101.663887024, 51.2512245178, 134.257064819, 121.893157959, -67.5353775024, 188.332183838, 19.2748031616, -106.395240784, 55.9197044373, -174.539031982], [-121.525291443, 1703.64953613, 5.25048589706, 43.4185562134, 53.8203239441, -81.1160430908, 20.4758777618, -69.2929534912, -79.1411743164, -92.9377059937, -35.5140800476, -66.1047515869, -4.11702442169], [219.563171387, 5.25048589706, 852.797119141, 75.4242858887, 169.946716309, -6.00523376465, 32.1648483276, -10.0070161819, 6.00010204315, -64.1285018921, -64.2643203735, -2.07962536812, -9.39760875702], [-101.663887024, 43.4185562134, 75.4242858887, 366.840209961, 92.1328353882, 9.9041519165, -39.6075363159, 23.9757270813, 28.0236625671, -4.81538152695, -45.104927063, 31.4856929779, 37.6738166809], [51.2512245178, 53.8203239441, 169.946716309, 92.1328353882, 394.433502197, 98.2143173218, 74.0821685791, -31.4355640411, 95.6024246216, 13.2644691467, -3.12264800072, 10.2973232269, 1.96332883835], [134.257064819, -81.1160430908, -6.00523376465, 9.9041519165, 98.2143173218, 211.572525024, 101.884933472, 27.289773941, 40.9643325806, 24.579668045, 23.3898563385, 15.1992864609, -23.1647758484], [121.893157959, 20.4758777618, 32.1648483276, -39.6075363159, 74.0821685791, 101.884933472, 197.638214111, 39.0306549072, 44.5499687195, 11.7194747925, 20.1733779907, 18.7701358795, -7.17451238632], [-67.5353775024, -69.2929534912, -10.0070161819, 23.9757270813, -31.4355640411, 27.289773941, 39.0306549072, 133.749694824, 39.5044784546, 22.8981819153, 12.1225996017, 15.9553775787, 6.95128059387], [188.332183838, -79.1411743164, 6.00010204315, 28.0236625671, 95.6024246216, 40.9643325806, 44.5499687195, 39.5044784546, 146.854812622, 57.7839431763, 9.70599555969, 18.3211231232, 0.893910348415], [19.2748031616, -92.9377059937, -64.1285018921, -4.81538152695, 13.2644691467, 24.579668045, 11.7194747925, 22.8981819153, 57.7839431763, 114.298339844, 50.388759613, 7.3549323082, 0.814525187016], [-106.395240784, -35.5140800476, -64.2643203735, -45.104927063, -3.12264800072, 23.3898563385, 20.1733779907, 12.1225996017, 9.70599555969, 50.388759613, 106.978607178, 18.7840042114, 1.51415371895], [55.9197044373, -66.1047515869, -2.07962536812, 31.4856929779, 10.2973232269, 15.1992864609, 18.7701358795, 15.9553775787, 18.3211231232, 7.3549323082, 18.7840042114, 92.7592086792, 31.7091159821], [-174.539031982, -4.11702442169, -9.39760875702, 37.6738166809, 1.96332883835, -23.1647758484, -7.17451238632, 6.95128059387, 0.893910348415, 0.814525187016, 1.51415371895, 31.7091159821, 88.4320678711]], "icov": [[0.000102706195321, -4.2513711378e-06, -2.72489287454e-05, 3.11128787871e-05, 6.67358763167e-05, -4.68577018182e-05, -2.94262099487e-05, 0.00012596702436, -0.000175962093635, -2.46229192271e-05, 0.000153565444634, -0.00016017537564, 0.000217128763325], [-4.2513711378e-06, 0.000683571677655, 9.41769249039e-05, -0.000202452865778, -0.000190714024939, 0.000425243895734, -0.0004266181204, 0.000187960817129, 0.00026494282065, 0.000445333687821, -0.000169390899828, 0.000513386446983, -2.03418676392e-06], [-2.72489287454e-05, 9.41769249039e-05, 0.00143880466931, -0.000133723835461, -0.00078605057206, 0.000500089488924, -0.000305080204271, -0.000283862609649, 0.000337774486979, 0.00057730107801, 0.000468553596875, -3.34469368681e-05, 0.00030172339757], [3.11128787871e-05, -0.000202452865778, -0.000133723835461, 0.00374772888608, -0.000982694793493, -0.000613976560999, 0.00162069802172, -0.00123204127885, 4.89573467348e-05, -0.000527998723555, 0.00189879082609, -0.00135034741834, -0.00101346441079], [6.67358763167e-05, -0.000190714024939, -0.00078605057206, -0.000982694793493, 0.00463920133188, -0.00166364805773, -0.000791895436123, 0.00258657638915, -0.00323787378147, 0.000606696819887, -0.000599606661126, 0.000492201943416, -0.00048748467816], [-4.68577018182e-05, 0.000425243895734, 0.000500089488924, -0.000613976560999, -0.00166364805773, 0.00771417887881, -0.00337716192007, -0.000801351154223, 0.000825512048323, -0.000453020562418, -0.000682408630382, -0.000470376340672, 0.00226486520842], [-2.94262099487e-05, -0.0004266181204, -0.000305080204271, 0.00162069802172, -0.000791895436123, -0.00337716192007, 0.0082746502012, -0.00207131472416, -0.00109474197961, 0.000705171609297, -0.000304876506561, -0.00115836330224, -0.000408589054132], [0.00012596702436, 0.000187960817129, -0.000283862609649, -0.00123204127885, 0.00258657638915, -0.000801351154223, -0.00207131472416, 0.0103027643636, -0.00332986353897, -7.11205502739e-05, -0.000669607659802, -9.93265130091e-05, -0.00041176751256], [-0.000175962093635, 0.00026494282065, 0.000337774486979, 4.89573467348e-05, -0.00323787378147, 0.000825512048323, -0.00109474197961, -0.00332986353897, 0.0125888623297, -0.00588257843629, 0.00230519822799, -0.00135886482894, 0.00051584164612], [-2.46229192271e-05, 0.000445333687821, 0.00057730107801, -0.000527998723555, 0.000606696819887, -0.000453020562418, 0.000705171609297, -7.11205502739e-05, -0.00588257843629, 0.0152001474053, -0.00670821499079, 0.00186855113134, -0.000446603808086], [0.000153565444634, -0.000169390899828, 0.000468553596875, 0.00189879082609, -0.000599606661126, -0.000682408630382, -0.000304876506561, -0.000669607659802, 0.00230519822799, -0.00670821499079, 0.0143447872251, -0.00346913514659, 0.000435333058704], [-0.00016017537564, 0.000513386446983, -3.34469368681e-05, -0.00135034741834, 0.000492201943416, -0.000470376340672, -0.00115836330224, -9.93265130091e-05, -0.00135886482894, 0.00186855113134, -0.00346913514659, 0.0145402150229, -0.00509859621525], [0.000217128763325, -2.03418676392e-06, 0.00030172339757, -0.00101346441079, -0.00048748467816, 0.00226486520842, -0.000408589054132, -0.00041176751256, 0.00051584164612, -0.000446603808086, 0.000435333058704, -0.00509859621525, 0.014623362571]], "mean": [-678.925292969, 114.343505859, -25.7784786224, 16.7812690735, -10.3100986481, 3.61253714561, -1.89299190044, -0.0493795089424, -3.21155261993, 5.33809566498, 0.143898010254, -1.98198032379, -0.0171421226114]}, "spectral_contrast_valleys": {"min": [-28.0535831451, -27.6152839661, -27.7156982422, -27.7198829651, -27.4730243683, -27.4165229797], "max": [-5.49971675873, -4.59749031067, -4.78978061676, -5.22152757645, -5.23633909225, -7.00529718399], "dvar2": [0.395565986633, 0.302301764488, 0.20543192327, 0.167808964849, 0.172703132033, 0.226237237453], "median": [-8.17543792725, -6.93774604797, -7.27267837524, -7.54615926743, -7.54281330109, -10.7294254303], "dmean2": [0.749029219151, 0.626071512699, 0.512621641159, 0.427911996841, 0.342550605536, 0.335965454578], "dmean": [0.453794419765, 0.384351432323, 0.323185175657, 0.267129331827, 0.225194588304, 0.24735045433], "var": [3.11025762558, 2.26680254936, 2.21609210968, 2.13900303841, 2.03466296196, 2.56393384933], "dvar": [0.169428259134, 0.133288741112, 0.0968543216586, 0.0801786631346, 0.0886171609163, 0.123006813228], "mean": [-8.45879364014, -7.15387010574, -7.41946315765, -7.68106460571, -7.71014022827, -10.9117870331]}, "barkbands_flatness_db": {"min": 0.0184082500637, "max": 0.353240758181, "dvar2": 0.000763320829719, "median": 0.110416702926, "dmean2": 0.0272412933409, "dmean": 0.0173586159945, "var": 0.00254091294482, "dvar": 0.000324770662701, "mean": 0.117876961827}, "dynamic_complexity": 5.19640254974, "erbbands_flatness_db": {"min": 0.0297811888158, "max": 0.448990046978, "dvar2": 0.000544100184925, "median": 0.177602648735, "dmean2": 0.023552570492, "dmean": 0.015388686