{"lowlevel": {"spectral_complexity": {"min": 0, "max": 62, "dvar2": 116.182571411, "median": 10, "dmean2": 6.9900970459, "dmean": 4.98332834244, "var": 182.591156006, "dvar": 60.3068733215, "mean": 13.8946247101}, "silence_rate_20dB": {"min": 1, "max": 1, "dvar2": 0, "median": 1, "dmean2": 0, "dmean": 0, "var": 0, "dvar": 0, "mean": 1}, "average_loudness": 0.926116704941, "erbbands_spread": {"min": 3.42693042755, "max": 175.969406128, "dvar2": 710.921142578, "median": 36.6162490845, "dmean2": 19.951789856, "dmean": 13.1321563721, "var": 507.505706787, "dvar": 301.581970215, "mean": 40.993938446}, "spectral_kurtosis": {"min": -1.2522970438, "max": 68.2808685303, "dvar2": 30.3282756805, "median": 3.28272104263, "dmean2": 3.59680867195, "dmean": 2.31834626198, "var": 50.8939437866, "dvar": 14.7755441666, "mean": 5.38535928726}, "barkbands_kurtosis": {"min": -1.90889942646, "max": 775.802001953, "dvar2": 3423.89892578, "median": 1.84167909622, "dmean2": 16.6105365753, "dmean": 10.34237957, "var": 1103.82971191, "dvar": 1218.26843262, "mean": 12.3337364197}, "spectral_strongpeak": {"min": 0, "max": 12.3470430374, "dvar2": 0.860450744629, "median": 0.207733735442, "dmean2": 0.382465302944, "dmean": 0.228612467647, "var": 0.346272975206, "dvar": 0.319602221251, "mean": 0.346268802881}, "spectral_spread": {"min": 1214593.25, "max": 41760144, "dvar2": 2153053290500.0, "median": 3999146, "dmean2": 1023445.1875, "dmean": 709306.3125, "var": 6362288881660.0, "dvar": 1164249268220.0, "mean": 4500772.5}, "spectral_rms": {"min": 3.12362592389e-12, "max": 0.0190988909453, "dvar2": 1.52272323248e-05, "median": 0.0027411733754, "dmean2": 0.00205254042521, "dmean": 0.00153146917, "var": 1.04789778561e-05, "dvar": 7.18018327461e-06, "mean": 0.00358864036389}, "erbbands": {"min": [2.00757009821e-22, 1.06426307672e-21, 2.3807358648e-21, 2.47695256046e-21, 1.44392259986e-20, 1.74552767616e-20, 4.92154143711e-20, 1.32197950471e-19, 1.54141527008e-19, 3.20488439997e-19, 3.81827165291e-19, 5.23705985287e-19, 6.88356389613e-19, 8.56574372223e-19, 1.13558652874e-18, 1.32557326843e-18, 1.39379250791e-18, 2.91139017208e-18, 3.05886613554e-18, 2.66230375576e-18, 3.80309893742e-18, 4.15332886314e-18, 5.25694248306e-18, 8.75754643356e-18, 7.14875789712e-18, 9.85606710244e-18, 1.01877243419e-17, 9.57743958491e-18, 1.22366283853e-17, 1.35694305919e-17, 1.1830557978e-17, 1.29466479631e-17, 1.06131176883e-17, 9.41746120008e-18, 7.37433005016e-18, 5.07437751801e-18, 2.62457398007e-18, 1.02595976517e-18, 2.74670621524e-19, 3.07184021788e-20], "max": [4.94566965103, 63.9092292786, 193.719467163, 300.990692139, 209.022003174, 129.720977783, 78.2811584473, 108.378387451, 250.427764893, 315.332824707, 467.040405273, 669.227233887, 581.977661133, 793.410705566, 510.819122314, 410.903717041, 615.525817871, 770.678466797, 892.389770508, 718.361022949, 985.865478516, 771.979309082, 541.135864258, 507.160949707, 393.289337158, 408.287658691, 454.952514648, 382.97756958, 328.842834473, 257.033843994, 146.512649536, 176.022506714, 83.7905578613, 68.6259078979, 43.2208366394, 26.5677127838, 4.99182939529, 0.787139832973, 0.0723468586802, 0.00242243288085], "dvar2": [1.43265068531, 296.195495605, 1305.09277344, 1559.87585449, 708.781860352, 273.57421875, 104.166786194, 107.948745728, 151.613418579, 149.234298706, 188.950134277, 455.55557251, 616.807312012, 1011.10467529, 764.446411133, 740.718200684, 568.168762207, 1176.34533691, 1130.21289062, 1406.97058105, 2261.61352539, 869.675048828, 839.750549316, 1335.11242676, 2311.65454102, 1839.25439453, 1507.43945312, 1474.17871094, 1545.65527344, 969.403320312, 588.397521973, 473.732421875, 176.233383179, 105.262496948, 36.8306312561, 7.00315952301, 0.349570244551, 0.0126349152997, 0.000103678015876, 1.5868805292e-07], "median": [0.068695127964, 0.700044870377, 0.745066463947, 1.18355512619, 0.924975812435, 0.910847902298, 0.809304714203, 0.646380901337, 1.25367903709, 1.51364350319, 1.62150275707, 0.714849591255, 2.13909053802, 1.93296599388, 3.43625307083, 3.07271361351, 2.29376173019, 3.62088346481, 3.6156539917, 3.26722359657, 3.22473430634, 2.01513242722, 2.07429218292, 2.84254932404, 2.36361813545, 1.97087156773, 1.20987403393, 0.990452408791, 0.749097645283, 0.540850877762, 0.284446895123, 0.161892324686, 0.0715263187885, 0.0285038985312, 0.00904701277614, 0.00247777858749, 0.000585821573623, 7.50367471483e-05, 9.63774982665e-06, 9.92690456769e-06], "dmean2": [0.487246960402, 6.7800617218, 13.1329574585, 12.3564968109, 8.51627540588, 5.10349464417, 3.49320363998, 3.77304363251, 4.74405241013, 4.32307195663, 3.94924879074, 4.56939744949, 7.43102073669, 8.60846328735, 10.4521112442, 11.3312082291, 8.64068984985, 12.198132515, 13.9820051193, 15.1533222198, 15.769569397, 13.4864635468, 12.9208526611, 18.0818004608, 22.7579555511, 19.2045326233, 16.5008525848, 16.2539215088, 16.0398330688, 12.1426181793, 9.22163581848, 8.0389919281, 4.92278814316, 3.69512295723, 2.09070706367, 0.887524962425, 0.215062275529, 0.0422102212906, 0.0038123796694, 0.000159400253324], "dmean": [0.289334774017, 3.8822915554, 7.3037147522, 6.74269199371, 4.68717622757, 2.84998011589, 2.01667523384, 2.17940998077, 3.01449680328, 2.77202987671, 2.62369275093, 2.95445132256, 4.97659349442, 5.74748373032, 6.82789134979, 7.73005056381, 5.61330842972, 7.83520269394, 9.23051738739, 9.74511814117, 10.280714035, 8.70152187347, 8.1780500412, 11.4853134155, 14.2226467133, 11.8975534439, 10.3711519241, 10.3414793015, 10.185303688, 7.56672811508, 5.7447552681, 5.02471399307, 3.05650925636, 2.32756567001, 1.31813645363, 0.566261470318, 0.139478236437, 0.0272745471448, 0.00245313276537, 0.000105574501504], "var": [0.413728058338, 74.3107147217, 296.218475342, 317.958740234, 151.837295532, 57.9768943787, 25.894733429, 37.2028579712, 148.134048462, 154.025344849, 147.697463989, 378.849761963, 485.078765869, 684.521972656, 583.630126953, 653.688293457, 609.752563477, 1045.34057617, 1334.53320312, 1171.07568359, 1925.84375, 793.771850586, 678.126037598, 1074.84106445, 1269.14904785, 964.789733887, 847.718200684, 841.227416992, 843.360961914, 425.03616333, 230.667755127, 179.99798584, 63.3386039734, 39.7631950378, 13.3296203613, 2.56274223328, 0.146080970764, 0.00549533637241, 4.49056751677e-05, 7.64213297089e-08], "dvar": [0.547816812992, 109.307861328, 470.96862793, 547.046020508, 251.551376343, 96.0892333984, 37.332233429, 40.1568069458, 71.2225570679, 62.8471679688, 80.8407592773, 189.607376099, 276.913116455, 423.517456055, 317.477661133, 325.485870361, 260.660186768, 477.127105713, 559.469421387, 611.646240234, 956.895202637, 392.800109863, 355.446380615, 567.788024902, 930.193481445, 725.574523926, 595.973754883, 597.698669434, 607.11151123, 374.198822021, 233.216888428, 191.809616089, 69.9326477051, 43.3316764832, 15.0717124939, 2.88583779335, 0.149774715304, 0.00552674382925, 4.5522734581e-05, 7.21051094388e-08], "mean": [0.255352556705, 3.08791208267, 5.33512926102, 4.94584131241, 3.60467004776, 2.57748031616, 2.13664293289, 2.51719808578, 4.44755315781, 4.26911878586, 4.16791915894, 4.19851922989, 7.80237722397, 8.77240467072, 10.5916690826, 11.8783063889, 8.61293697357, 11.836566925, 14.1292591095, 14.4492177963, 15.1643686295, 11.8308944702, 11.284901619, 15.8949728012, 17.5939254761, 14.9670200348, 13.1605796814, 13.220908165, 12.840511322, 8.9254026413, 5.94993686676, 4.80717849731, 2.81313061714, 2.08663153648, 1.14868211746, 0.499541014433, 0.127813622355, 0.024189343676, 0.00213789544068, 0.000102391786641]}, "zerocrossingrate": {"min": 0, "max": 0.5185546875, "dvar2": 0.000545857008547, "median": 0.044921875, "dmean2": 0.0159743353724, "dmean": 0.0134964352474, "var": 0.00226119160652, "dvar": 0.000348397006746, "mean": 0.0533998534083}, "spectral_contrast_coeffs": {"min": [-0.998743355274, -0.994744539261, -0.985594928265, -0.984159469604, -0.980876982212, -0.97913646698], "max": [-0.383945941925, -0.406147271395, -0.483430922031, -0.53247833252, -0.585662722588, -0.515078306198], "dvar2": [0.00537435524166, 0.00336385518312, 0.00281452736817, 0.00246484647505, 0.00128765974659, 0.00120686914306], "median": [-0.740441381931, -0.753068327904, -0.767532706261, -0.768625020981, -0.789798438549, -0.738516807556], "dmean2": [0.0785676017404, 0.0660625472665, 0.061703119427, 0.0579357668757, 0.0408158749342, 0.0335394255817], "dmean": [0.0506190732121, 0.0421412028372, 0.0421641133726, 0.0382455736399, 0.0266581177711, 0.0225105434656], "var": [0.00530601711944, 0.00525639019907, 0.00612058583647, 0.00539012951776, 0.00341173959896, 0.00277553685009], "dvar": [0.0025166044943, 0.00141798704863, 0.00138298212551, 0.0011411117157, 0.000594812619966, 0.00054592610104], "mean": [-0.728456556797, -0.750364005566, -0.770588099957, -0.76567196846, -0.786333978176, -0.748757123947]}, "dissonance": {"min": 0, "max": 0.5, "dvar2": 0.00101169117261, "median": 0.47287940979, "dmean2": 0.0274099651724, "dmean": 0.0170129276812, "var": 0.000756322348025, "dvar": 0.000389002001612, "mean": 0.46635633707}, "spectral_energyband_high": {"min": 7.25300556979e-21, "max": 0.0327382087708, "dvar2": 2.31591657212e-05, "median": 0.00010722852312, "dmean2": 0.00198538135737, "dmean": 0.00128679035697, "var": 1.17431736726e-05, "dvar": 9.62985996011e-06, "mean": 0.0015318559017}, "spectral_skewness": {"min": -0.0967663377523, "max": 7.1752872467, "dvar2": 0.330599993467, "median": 1.27649843693, "dmean2": 0.457192897797, "dmean": 0.308541715145, "var": 0.823083221912, "dvar": 0.169789642096, "mean": 1.50274121761}, "spectral_flux": {"min": 6.41034933468e-11, "max": 0.555097520351, "dvar2": 0.0102508859709, "median": 0.0346920341253, "dmean2": 0.0622258111835, "dmean": 0.0435621216893, "var": 0.0118694705889, "dvar": 0.00620799232274, "mean": 0.0808949545026}, "silence_rate_30dB": {"min": 0, "max": 1, "dvar2": 0.186282068491, "median": 1, "dmean2": 0.1956346035, "dmean": 0.0978074148297, "var": 0.0779951438308, "dvar": 0.0882449522614, "mean": 0.914730250835}, "spectral_energyband_middle_high": {"min": 1.15166957183e-21, "max": 0.0478337295353, "dvar2": 1.16631790661e-05, "median": 0.00098284939304, "dmean2": 0.0019322426524, "dmean": 0.00135832780506, "var": 2.16855696635e-05, "dvar": 5.99557188252e-06, "mean": 0.00273586413823}, "barkbands_spread": {"min": 0.109156534076, "max": 112.804420471, "dvar2": 492.744384766, "median": 25.1676063538, "dmean2": 15.305314064, "dmean": 9.74031829834, "var": 410.332305908, "dvar": 186.557327271, "mean": 27.1227207184}, "spectral_centroid": {"min": 96.6706848145, "max": 11592.9345703, "dvar2": 817219.3125, "median": 1646.32446289, "dmean2": 615.491577148, "dmean": 404.126403809, "var": 1170486.625, "dvar": 326797.40625, "mean": 1676.13378906}, "pitch_salience": {"min": 0.0696343779564, "max": 0.96645128727, "dvar2": 0.0361661203206, "median": 0.430826425552, "dmean2": 0.165930241346, "dmean": 0.105518519878, "var": 0.0172276161611, "dvar": 0.013326741755, "mean": 0.44228336215}, "erbbands_skewness": {"min": -4.48470115662, "max": 5.8557100296, "dvar2": 0.842993319035, "median": -0.201176911592, "dmean2": 0.708780646324, "dmean": 0.476751357317, "var": 1.31641221046, "dvar": 0.358018696308, "mean": 0.00173008011188}, "erbbands_crest": {"min": 2.295763731, "max": 28.9242935181, "dvar2": 10.9722776413, "median": 6.6158323288, "dmean2": 3.39457941055, "dmean": 2.12619543076, "var": 11.0846977234, "dvar": 4.75128698349, "mean": 7.39392280579}, "melbands": {"min": [2.1522515743e-24, 1.07256338991e-24, 6.9921563942e-25, 2.10977772544e-24, 2.08296099061e-24, 2.97420953323e-24, 2.68511824109e-24, 3.51493897388e-24, 2.8261012927e-24, 3.23811939919e-24, 3.389342457e-24, 3.12763509068e-24, 2.49470457351e-24, 3.84110771464e-24, 2.28343539575e-24, 3.04201212803e-24, 4.75913867663e-24, 4.51995013371e-24, 3.49431459994e-24, 3.05972422472e-24, 3.33746144185e-24, 3.90867483446e-24, 5.04087206589e-24, 3.82252806817e-24, 6.06419899822e-24, 4.13559580144e-24, 5.73457346898e-24, 5.75931924671e-24, 6.41282424237e-24, 5.88121758366e-24, 4.85480620519e-24, 5.06345873133e-24, 5.31689962422e-24, 7.03520275886e-24, 6.22140596043e-24, 5.6236777695e-24, 6.41384502838e-24, 7.47865618357e-24, 5.98987646804e-24, 7.47832407313e-24], "max": [0.0593689382076, 0.0874992907047, 0.0493974611163, 0.01093903929, 0.00277034682222, 0.0022472764831, 0.00478607276455, 0.00283210095949, 0.00410563359037, 0.00361681589857, 0.00305632548407, 0.00345347868279, 0.00201832549646, 0.00173711008392, 0.00161506352015, 0.00137600244489, 0.00177075550891, 0.00126327632461, 0.00150139571633, 0.000979506759904, 0.00117171264719, 0.000948817061726, 0.000546369177755, 0.000511933641974, 0.00043026910862, 0.00038154196227, 0.000316730089253, 0.000241379239014, 0.000290657568257, 0.000283713714452, 0.00024248547561, 0.000204181153094, 0.000231108104344, 0.000139116164064, 8.45571776154e-05, 0.000121522396512, 0.000115337512398, 7.74203435867e-05, 6.13423981122e-05, 5.76042621105e-05], "dvar2": [0.000228135832003, 0.000386360334232, 4.17241935793e-05, 2.1107205157e-06, 1.69379049453e-07, 5.28912238451e-08, 3.23602549201e-08, 1.70742602279e-08, 1.51151962058e-08, 1.65488796e-08, 1.65164291133e-08, 1.81970811752e-08, 8.63338822654e-09, 7.13454317847e-09, 5.29597699028e-09, 3.49650752796e-09, 5.35348965158e-09, 3.66314512057e-09, 3.57020524255e-09, 4.22892343366e-09, 2.77724732101e-09, 1.25339438828e-09, 1.07124853432e-09, 6.73170186261e-10, 1.05104391857e-09, 1.27792243454e-09, 1.26731014571e-09, 8.26964330347e-10, 6.50245191025e-10, 6.83089917963e-10, 4.9375903366e-10, 5.7835869427e-10, 5.02255792512e-10, 2.61213189967e-10, 1.68866809425e-10, 2.45408637856e-10, 1.94541369125e-10, 1.04516895139e-10, 6.92560661597e-11, 7.85373849288e-11], "median": [0.000750451756176, 0.000704531441443, 0.000192140752915, 6.90961896908e-05, 3.0751543818e-05, 1.62843971339e-05, 1.74040105776e-05, 1.71612900886e-05, 1.15439361252e-05, 2.89830450129e-06, 1.04934397314e-05, 7.22147433407e-06, 9.4666993391e-06, 1.03137790575e-05, 5.11974985784e-06, 3.35018785336e-06, 6.9961565714e-06, 6.00909970672e-06, 3.92598030885e-06, 5.10228892381e-06, 2.94913661492e-06, 1.70049327153e-06, 2.13391513171e-06, 1.38418977258e-06, 2.353718628e-06, 1.46065713125e-06, 1.44599835039e-06, 1.24629286802e-06, 6.99246470504e-07, 6.73475199164e-07, 4.91721152684e-07, 4.15635980744e-07, 3.54015355697e-07, 2.33962111906e-07, 1.51238864987e-07, 1.02507641486e-07, 9.36117316996e-08, 5.19983203162e-08, 2.88605939147e-08, 2.16288391641e-08], "dmean2": [0.00605684798211, 0.00759839033708, 0.00206702877767, 0.000475241482491, 0.000134243717184, 8.64229295985e-05, 6.93838810548e-05, 4.90067177452e-05, 3.1972733268e-05, 2.94984965876e-05, 3.83619590139e-05, 3.57300850737e-05, 3.38111531164e-05, 3.19389509968e-05, 2.67507075478e-05, 1.98870457098e-05, 2.59802745859e-05, 2.48896176345e-05, 2.25017884077e-05, 2.47559182753e-05, 1.73206008185e-05, 1.53032342496e-05, 1.36224489324e-05, 1.20123968372e-05, 1.57660851983e-05, 1.70106359292e-05, 1.61342813954e-05, 1.28093306557e-05, 1.07723126348e-05, 1.09657239591e-05, 9.17734723771e-06, 9.61957357504e-06, 8.6632953753e-06, 6.16331681158e-06, 5.0290600484e-06, 5.54592270419e-06, 5.07793856741e-06, 3.72704948859e-06, 2.98723193737e-06, 3.16033106174e-06], "dmean": [0.0035386858508, 0.00436970870942, 0.00113030918874, 0.000263351132162, 7.71160630393e-05, 5.03089540871e-05, 4.40618605353e-05, 3.17420963256e-05, 2.11301994568e-05, 1.89257589227e-05, 2.56973380601e-05, 2.37945387198e-05, 2.21691134357e-05, 2.13435705518e-05, 1.79455892066e-05, 1.25211854538e-05, 1.65195669979e-05, 1.60972758749e-05, 1.45099475048e-05, 1.54772806127e-05, 1.12641673695e-05, 9.82948131423e-06, 8.46564398671e-06, 7.38977905712e-06, 9.92765671981e-06, 1.06825245894e-05, 9.78254320216e-06, 7.86955752119e-06, 6.66793221171e-06, 6.85258055455e-06, 5.8459486354e-06, 6.05457216807e-06, 5.40453856956e-06, 3.81269774152e-06, 3.12442330141e-06, 3.40409883393e-06, 3.15090187542e-06, 2.28451358453e-06, 1.86471731922e-06, 1.9849844648e-06], "var": [6.16241595708e-05, 9.74966824288e-05, 8.66533264343e-06, 4.60292113758e-07, 3.95549122345e-08, 1.99799483624e-08, 3.14815764568e-08, 1.70210796568e-08, 1.36639091153e-08, 1.34469697599e-08, 1.30143238408e-08, 1.17682112943e-08, 7.31917726426e-09, 5.24750864983e-09, 4.71482231035e-09, 3.10708814233e-09, 4.16697742978e-09, 4.01374444792e-09, 3.04899949732e-09, 2.75242717507e-09, 2.42019515539e-09, 9.90057702488e-10, 7.11085301752e-10, 5.29456423148e-10, 8.03339339495e-10, 7.52682416394e-10, 6.09883032965e-10, 4.17889750581e-10, 3.53865603486e-10, 3.46136924678e-10, 2.73441019827e-10, 3.01582675499e-10, 2.2346804962e-10, 1.06737972627e-10, 6.82581699496e-11, 8.43483824453e-11, 7.22195150904e-11, 3.5832534856e-11, 2.48877897457e-11, 2.93486207559e-11], "dvar": [8.57016275404e-05, 0.000143164594192, 1.47118453242e-05, 7.50175502162e-07, 6.00830745157e-08, 1.99493186415e-08, 1.52057282321e-08, 7.18193549076e-09, 6.68807631499e-09, 6.90437040873e-09, 7.4032304731e-09, 7.51933448839e-09, 3.70657882165e-09, 2.97551805417e-09, 2.26667795644e-09, 1.48105427922e-09, 2.1373789405e-09, 1.75193581864e-09, 1.60534097127e-09, 1.71130620785e-09, 1.21656995589e-09, 5.52933199227e-10, 4.4270218047e-10, 2.8405150454e-10, 4.4519801734e-10, 5.27041188469e-10, 4.92002494301e-10, 3.25271143353e-10, 2.53548126938e-10, 2.71298622456e-10, 1.98412231089e-10, 2.24459742459e-10, 1.92762750206e-10, 9.98569976707e-11, 6.68908192725e-11, 9.61612178774e-11, 7.85605538955e-11, 4.08215440617e-11, 2.78067291415e-11, 3.22922209806e-11], "mean": [0.00299413944595, 0.00341388047673, 0.000827505195048, 0.000222360977205, 8.09631237644e-05, 5.96926802245e-05, 6.4245708927e-05, 4.93614170409e-05, 3.28638780047e-05, 2.6061110475e-05, 3.9610422391e-05, 3.55040901923e-05, 3.31724877469e-05, 3.26536246575e-05, 2.61985624093e-05, 1.76746052603e-05, 2.35409825109e-05, 2.36971063714e-05, 2.05191736313e-05, 2.14580832107e-05, 1.59567989613e-05, 1.24376483654e-05, 1.08737831397e-05, 9.61572004599e-06, 1.33258745336e-05, 1.29946301968e-05, 1.16156534204e-05, 9.62046215136e-06, 8.23191658128e-06, 8.18570697447e-06, 7.38535845812e-06, 7.50830622565e-06, 6.33672925687e-06, 4.36206164522e-06, 3.28069017996e-06, 3.20227650263e-06, 2.96140069622e-06, 2.09122799788e-06, 1.67569021414e-06, 1.75843388206e-06]}, "spectral_entropy": {"min": 4.62358236313, "max": 9.82240009308, "dvar2": 0.213888153434, "median": 7.54190540314, "dmean2": 0.329384118319, "dmean": 0.243555575609, "var": 0.568914830685, "dvar": 0.113632805645, "mean": 7.45678758621}, "spectral_rolloff": {"min": 64.599609375, "max": 19379.8828125, "dvar2": 8312947, "median": 1033.59375, "dmean2": 1675.87158203, "dmean": 982.143859863, "var": 4294386, "dvar": 3182825.75, "mean": 1629.03686523}, "barkbands": {"min": [1.427744931e-25, 8.22642926854e-24, 4.66550926883e-25, 8.75945528523e-25, 7.74703297441e-24, 1.17995463397e-23, 1.22283064412e-23, 1.17587290988e-23, 1.92119831723e-23, 2.59164567856e-23, 1.28889537835e-23, 2.51988331755e-23, 1.86757849487e-23, 4.90112843309e-23, 3.57312464427e-23, 4.0777949374e-23, 6.37025817567e-23, 9.07035866029e-23, 1.2088571407e-22, 1.88913418222e-22, 2.39743235198e-22, 3.41938209095e-22, 4.45634820745e-22, 6.55519178432e-22, 9.48653983821e-22, 1.44640567651e-21, 2.11298925391e-21], "max": [0.00285321939737, 0.250241279602, 0.181677222252, 0.103860080242, 0.0406507402658, 0.0105114420876, 0.0281656868756, 0.0147829577327, 0.024944068864, 0.0199263002723, 0.0150405382738, 0.0137133002281, 0.0132173616439, 0.01690713875, 0.0188520811498, 0.016734585166, 0.0119727356359, 0.0104241864756, 0.00766054168344, 0.0083669917658, 0.00970847345889, 0.00773281883448, 0.0056992159225, 0.0056623024866, 0.00534717179835, 0.00389628927223, 0.000409354193835], "dvar2": [1.18787710335e-07, 0.00437744054943, 0.000940494297538, 0.000155659465236, 2.69401152764e-05, 1.46481056618e-06, 7.97175232492e-07, 4.1176062382e-07, 7.06372816239e-07, 9.88437932392e-07, 5.21995843883e-07, 5.25559130438e-07, 3.46902879755e-07, 5.54625103177e-07, 4.96875145473e-07, 8.3118720795e-07, 3.01471374087e-07, 3.20165895573e-07, 7.13422991794e-07, 8.58564987993e-07, 8.69027019235e-07, 1.105169531e-06, 7.58400688028e-07, 7.66890877912e-07, 7.62164404478e-07, 1.76126988549e-07, 4.12210487966e-09], "median": [1.71662704815e-05, 0.00284676998854, 0.000606700545177, 0.00023691583192, 0.000359346799087, 7.83285649959e-05, 6.97912837495e-05, 9.05043125385e-05, 2.02759110834e-05, 6.62456004648e-05, 5.00844762428e-05, 9.80507029453e-05, 2.930651317e-05, 7.20163661754e-05, 4.12966728618e-05, 6.58690623823e-05, 3.08552916977e-05, 3.85321436625e-05, 5.69023832213e-05, 4.33103341493e-05, 2.20875808736e-05, 2.16823118535e-05, 1.16659939522e-05, 5.71417831452e-06, 1.90439595826e-06, 3.86211411296e-07, 2.72678040147e-08], "dmean2": [0.000145020414493, 0.0262357704341, 0.0104294680059, 0.0036518923007, 0.00170198257547, 0.000449749903055, 0.000324831606122, 0.00021773656772, 0.00019745840109, 0.00028412239044, 0.000233324521105, 0.000304312998196, 0.000203173462069, 0.000301311200019, 0.000278856023215, 0.000329754868289, 0.000247616146225, 0.000257608829997, 0.000423677382059, 0.000418713170802, 0.000397987227188, 0.000436481728684, 0.000332640542183, 0.000328170193825, 0.000309026363539, 0.000147115031723, 2.39071869146e-05], "dmean": [9.29021916818e-05, 0.0151353785768, 0.00568418670446, 0.00196011643857, 0.000955915951636, 0.000259278604062, 0.000205107935471, 0.00014450562594, 0.000126114857267, 0.000189670026884, 0.000152275373694, 0.000207563018193, 0.000127808190882, 0.000192454230273, 0.000180482806172, 0.000209634657949, 0.000157956572366, 0.000160870753461, 0.000270240125246, 0.000258229847532, 0.0002511003986, 0.000278795021586, 0.000208010707865, 0.000205238859053, 0.000195871849428, 9.48236775002e-05, 1.53162945935e-05], "var": [5.26577430549e-08, 0.0011329210829, 0.00019657399389, 3.08123453578e-05, 5.9562912611e-06, 4.68712642032e-07, 7.54097754907e-07, 2.80175498801e-07, 6.58866042613e-07, 6.88356067258e-07, 4.27368235023e-07, 4.33955165136e-07, 3.59232075198e-07, 4.94152970987e-07, 4.80084395349e-07, 6.50972140193e-07, 2.44642507141e-07, 2.45337389515e-07, 4.92174990541e-07, 4.39192831436e-07, 4.99448617575e-07, 6.19288243797e-07, 3.01819653714e-07, 2.91339461e-07, 2.86910164959e-07, 6.90098858058e-08, 1.7531328611e-09], "dvar": [5.28616723727e-08, 0.00162838993128, 0.000332038791385, 5.42751586181e-05, 9.57820248004e-06, 5.42304064766e-07, 3.65845011174e-07, 1.6911148748e-07, 3.04478447788e-07, 4.20446781391e-07, 2.27056290214e-07, 2.2643141051e-07, 1.5286546784e-07, 2.35830597717e-07, 2.34148998857e-07, 3.44391054341e-07, 1.32894641069e-07, 1.3217689343e-07, 2.99678617921e-07, 3.36651055477e-07, 3.49161922486e-07, 4.41729440581e-07, 2.99342758581e-07, 3.09769035312e-07, 3.14758494824e-07, 7.40798924426e-08, 1.79888914875e-09], "mean": [9.02408210095e-05, 0.0123036168516, 0.00406915694475, 0.00131559791043, 0.000902768631931, 0.000281999789877, 0.000291437085252, 0.000228984878049, 0.000178126661922, 0.000284533074591, 0.00021526114142, 0.000320382416248, 0.000182725838386, 0.000268577161478, 0.000254504528129, 0.000298327533528, 0.000205471966183, 0.000215028310777, 0.000355302850949, 0.000322247535223, 0.000316492398269, 0.000351734546712, 0.000221627153223, 0.000194064516108, 0.000174314453034, 8.51960503496e-05, 1.32654904519e-05]}, "melbands_flatness_db": {"min": 0.004242783878, "max": 0.69992852211, "dvar2": 0.00853275228292, "median": 0.214344397187, "dmean2": 0.0647537261248, "dmean": 0.0465601868927, "var": 0.0170267913491, "dvar": 0.0034119465854, "mean": 0.246573403478}, "melbands_skewness": {"min": -1.6815226078, "max": 21.0970649719, "dvar2": 11.079252243, "median": 3.16543507576, "dmean2": 2.22443246841, "dmean": 1.46274459362, "var": 6.50694990158, "dvar": 4.31516456604, "mean": 3.71055388451}, "barkbands_skewness": {"min": -3.63066363335, "max": 22.4387111664, "dvar2": 5.55516719818, "median": 1.65287125111, "dmean2": 1.56876897812, "dmean": 1.04565656185, "var": 4.3458943367, "dvar": 2.15784859657, "mean": 2.15274167061}, "silence_rate_60dB": {"min": 0, "max": 1, "dvar2": 0.233386918902, "median": 0, "dmean2": 0.276071131229, "dmean": 0.138021618128, "var": 0.16808116436, "dvar": 0.118965491652, "mean": 0.21378056705}, "spectral_energyband_low": {"min": 2.75047020005e-23, "max": 0.347467064857, "dvar2": 0.00670096138492, "median": 0.00435464829206, "dmean2": 0.0332976803184, "dmean": 0.0199858304113, "var": 0.00199959147722, "dvar": 0.0026000959333, "mean": 0.01732853055}, "spectral_energyband_middle_low": {"min": 2.10445471293e-22, "max": 0.124022074044, "dvar2": 0.000325596047333, "median": 0.00126876728609, "dmean2": 0.0060791564174, "dmean": 0.00339472549967, "var": 7.34453424229e-05, "dvar": 0.000115659233415, "mean": 0.00328929116949}, "melbands_kurtosis": {"min": -1.841817379, "max": 713.397094727, "dvar2": 6774.05224609, "median": 12.4339942932, "dmean2": 36.7763442993, "dmean": 22.5679550171, "var": 2617.84936523, "dvar": 2569.06469727, "mean": 29.3900127411}, "spectral_decrease": {"min": -9.64518349633e-08, "max": 1.40307089974e-28, "dvar2": 4.67254608045e-16, "median": -1.92395099852e-09, "dmean2": 9.1457152962e-09, "dmean": 5.74665914854e-09, "var": 1.65380827141e-16, "dvar": 1.89003755477e-16, "mean": -5.90004933798e-09}, "erbbands_kurtosis": {"min": -1.82220137119, "max": 47.4801139832, "dvar2": 21.7934455872, "median": 0.133753299713, "dmean2": 2.43283200264, "dmean": 1.61207473278, "var": 24.6641712189, "dvar": 9.99600219727, "mean": 1.52956295013}, "melbands_crest": {"min": 1.75526666641, "max": 31.6249694824, "dvar2": 22.6836509705, "median": 17.8488540649, "dmean2": 4.68774747849, "dmean": 3.13880467415, "var": 21.8616371155, "dvar": 8.98547744751, "mean": 17.3091259003}, "gfcc": {"cov": [[21900.2695312, -3987.57006836, -2461.67163086, 487.620849609, -1456.48193359, 851.839416504, -404.987976074, 685.715698242, -364.863830566, 240.709564209, -543.675170898, 84.9881515503, -327.194335938], [-3987.57006836, 2716.55249023, 35.4092140198, -283.660095215, 438.090789795, -255.388198853, 205.440444946, -282.746063232, 221.642120361, -208.205795288, 269.384155273, -136.305953979, 168.857254028], [-2461.67163086, 35.4092140198, 1665.10791016, 116.633117676, 390.909606934, -170.225402832, -5.35788249969, -60.7887802124, -61.847442627, 47.2235374451, -19.8627700806, 28.8872356415, -6.04976272583], [487.620849609, -283.660095215, 116.633117676, 318.967529297, -8.67052841187, 21.131778717, -27.3454399109, 1.23185527325, 1.23241603374, 10.6685886383, -30.6598014832, -1.22572910786, -13.2682313919], [-1456.48193359, 438.090789795, 390.909606934, -8.67052841187, 358.533905029, -60.6140174866, 65.7982559204, -65.8789672852, 9.06191444397, -32.2595672607, 28.6758670807, -19.0182437897, 15.2816228867], [851.839416504, -255.388198853, -170.225402832, 21.131778717, -60.6140174866, 199.169509888, 24.9461727142, 45.8808021545, -9.38826751709, 8.30025959015, -14.3783931732, 8.34915447235, -0.700445175171], [-404.987976074, 205.440444946, -5.35788249969, -27.3454399109, 65.7982559204, 24.9461727142, 126.123649597, -4.52797555923, 13.0959653854, -24.6163845062, 25.3462486267, -5.76470756531, 15.7410392761], [685.715698242, -282.746063232, -60.7887802124, 1.23185527325, -65.8789672852, 45.8808021545, -4.52797555923, 114.306762695, 4.50195980072, 22.3649349213, -34.487575531, 14.6819505692, -14.6778287888], [-364.863830566, 221.642120361, -61.847442627, 1.23241603374, 9.06191444397, -9.38826751709, 13.0959653854, 4.50195980072, 112.851646423, -0.45940771699, 28.7086963654, -15.7034254074, 24.6759700775], [240.709564209, -208.205795288, 47.2235374451, 10.6685886383, -32.2595672607, 8.30025959015, -24.6163845062, 22.3649349213, -0.45940771699, 91.3199768066, 3.12561988831, 21.6892623901, -16.6343650818], [-543.675170898, 269.384155273, -19.8627700806, -30.6598014832, 28.6758670807, -14.3783931732, 25.3462486267, -34.487575531, 28.7086963654, 3.12561988831, 94.7687072754, 9.87362766266, 20.566865921], [84.9881515503, -136.305953979, 28.8872356415, -1.22572910786, -19.0182437897, 8.34915447235, -5.76470756531, 14.6819505692, -15.7034254074, 21.6892623901, 9.87362766266, 63.725818634, 8.84694576263], [-327.194335938, 168.857254028, -6.04976272583, -13.2682313919, 15.2816228867, -0.700445175171, 15.7410392761, -14.6778287888, 24.6759700775, -16.6343650818, 20.566865921, 8.84694576263, 61.4462509155]], "icov": [[0.000107994841528, -5.73194811295e-05, 0.000120676486404, -0.000173504944541, 0.000164112541825, -0.000253447215073, 0.000184074116987, -0.000348666653736, 0.000332779251039, -0.00018621244817, 0.000348819972714, -8.8146145572e-05, 0.000244733673753], [-5.73194811295e-05, 0.00185313809197, 2.62455978373e-05, 0.00107412273064, -0.00101584778167, 0.00140257854946, -0.00103489041794, 0.00187464011833, -0.00195292464923, 0.00208483054303, -0.00303850066848, 0.00262097618543, -0.00219334568828], [0.000120676486404, 2.62455978373e-05, 0.00117786461487, -0.000534168444574, -0.00107801519334, 0.000459709495772, 0.000308309972752, -0.000411571003497, 0.000877832237165, -0.000977381481789, 0.00069420656655, -0.000450526771601, -0.000117474701256], [-0.000173504944541, 0.00107412273064, -0.000534168444574, 0.00432831048965, -0.000456835870864, 0.000279234314803, -0.000237745509367, 0.00222046556883, -0.0023937842343, 0.0014440191444, -0.000997516675852, 0.00133129011374, -0.000791062484495], [0.000164112541825, -0.00101584778167, -0.00107801519334, -0.000456835870864, 0.00579046690837, -0.000821364053991, -0.00145045737736, 0.000284986163024, 0.000725314137526, -9.08005386009e-05, 0.00154134421609, -0.000537691405043, 0.00169654819183], [-0.000253447215073, 0.00140257854946, 0.000459709495772, 0.000279234314803, -0.000821364053991, 0.00808536726981, -0.0030133118853, -9.17203142308e-05, -0.000703848141711, 0.00085687963292, -0.00236404477619, 0.00189951760694, -0.00301949400455], [0.000184074116987, -0.00103489041794, 0.000308309972752, -0.000237745509367, -0.00145045737736, -0.0030133118853, 0.0114735849202, -0.00291393068619, 0.00137496099342, 0.000927269808017, -0.000632318668067, -0.000884889799636, 0.000532095960807], [-0.000348666653736, 0.00187464011833, -0.000411571003497, 0.00222046556883, 0.000284986163024, -9.17203142308e-05, -0.00291393068619, 0.0161138977855, -0.00604144576937, 0.000754608423449, 0.00173967285082, -0.00121478841174, 0.000177520239959], [0.000332779251039, -0.00195292464923, 0.000877832237165, -0.0023937842343, 0.000725314137526, -0.000703848141711, 0.00137496099342, -0.00604144576937, 0.0152196064591, -0.00434785615653, -0.000117317293189, 0.00240709725767, -0.00287181418389], [-0.00018621244817, 0.00208483054303, -0.000977381481789, 0.0014440191444, -9.08005386009e-05, 0.00085687963292, 0.000927269808017, 0.000754608423449, -0.00434785615653, 0.0174041260034, -0.00613271724433, -0.00139843730722, 0.00218149460852], [0.000348819972714, -0.00303850066848, 0.00069420656655, -0.000997516675852, 0.00154134421609, -0.00236404477619, -0.000632318668067, 0.00173967285082, -0.000117317293189, -0.00613271724433, 0.0215538926423, -0.00863467622548, 0.00264332978986], [-8.8146145572e-05, 0.00262097618543, -0.000450526771601, 0.00133129011374, -0.000537691405043, 0.00189951760694, -0.000884889799636, -0.00121478841174, 0.00240709725767, -0.00139843730722, -0.00863467622548, 0.0251500084996, -0.00941309891641], [0.000244733673753, -0.00219334568828, -0.000117474701256, -0.000791062484495, 0.00169654819183, -0.00301949400455, 0.000532095960807, 0.000177520239959, -0.00287181418389, 0.00218149460852, 0.00264332978986, -0.00941309891641, 0.0250867176801]], "mean": [-85.1492538452, 93.7183914185, -103.203987122, 55.7756729126, -38.3581962585, 22.6567935944, -22.5736694336, 6.17788505554, -17.3741226196, 4.22686290741, -10.3886442184, -0.0413069799542, -9.11944293976]}, "melbands_spread": {"min": 0.269744217396, "max": 245.928283691, "dvar2": 1625.1229248, "median": 18.6993465424, "dmean2": 21.1309814453, "dmean": 13.2487306595, "var": 775.534606934, "dvar": 610.774108887, "mean": 25.9030036926}, "spectral_energy": {"min": 1.0000964996e-20, "max": 0.373886823654, "dvar2": 0.00683444738388, "median": 0.00770188122988, "dmean2": 0.0353681966662, "dmean": 0.0225779358298, "var": 0.00258115399629, "dvar": 0.00280972314067, "mean": 0.0239412579685}, "mfcc": {"cov": [[18223.6582031, -3185.86914062, -1859.35168457, -454.783782959, -1076.14160156, -130.177154541, -228.925125122, 224.841537476, 165.252868652, 146.184417725, 21.2767944336, -48.398651123, -101.436508179], [-3185.86914062, 2223.20092773, -25.99766922, -15.0392665863, 179.090667725, 32.6939239502, 67.2743988037, -16.284658432, -55.7605209351, 4.9211025238, -27.050611496, 18.3255233765, 31.539308548], [-1859.35168457, -25.99766922, 986.733154297, 271.763061523, 302.171142578, 38.2086677551, 73.4561386108, -54.059589386, 8.51815891266, -41.4104232788, 0.412983328104, 15.5953178406, 3.72098398209], [-454.783782959, -15.0392665863, 271.763061523, 309.476135254, 130.032196045, 28.3342552185, 4.14828014374, -22.7201690674, 1.4234598875, -10.4394598007, 2.94758176804, 4.99669122696, 1.22083580494], [-1076.14160156, 179.090667725, 302.171142578, 130.032196045, 269.639251709, 49.0669937134, 41.9037437439, -13.431596756, 7.66813707352, -8.52548313141, 0.511786460876, 6.2713432312, 6.34877157211], [-130.177154541, 32.6939239502, 38.2086677551, 28.3342552185, 49.0669937134, 127.801048279, 46.8232345581, 12.2189483643, 4.23720216751, -2.49463248253, 8.95086193085, 3.429708004, 8.76759338379], [-228.925125122, 67.2743988037, 73.4561386108, 4.14828014374, 41.9037437439, 46.8232345581, 128.860427856, 28.8143062592, -3.08683943748, -8.62844944, -2.93418216705, -1.46839594841, 3.92871379852], [224.841537476, -16.284658432, -54.059589386, -22.7201690674, -13.431596756, 12.2189483643, 28.8143062592, 90.6815032959, 35.3983192444, 2.10439062119, -2.70988321304, 0.400973826647, 2.45589995384], [165.252868652, -55.7605209351, 8.51815891266, 1.4234598875, 7.66813707352, 4.23720216751, -3.08683943748, 35.3983192444, 82.2233200073, 24.6109619141, -4.88360595703, -1.30716943741, -3.50134277344], [146.184417725, 4.9211025238, -41.4104232788, -10.4394598007, -8.52548313141, -2.49463248253, -8.62844944, 2.10439062119, 24.6109619141, 69.7998046875, 20.0095996857, -8.84609127045, -8.91223239899], [21.2767944336, -27.050611496, 0.412983328104, 2.94758176804, 0.511786460876, 8.95086193085, -2.93418216705, -2.70988321304, -4.88360595703, 20.0095996857, 67.2152938843, 18.6593608856, -9.1798286438], [-48.398651123, 18.3255233765, 15.5953178406, 4.99669122696, 6.2713432312, 3.429708004, -1.46839594841, 0.400973826647, -1.30716943741, -8.84609127045, 18.6593608856, 62.2356758118, 20.5224189758], [-101.436508179, 31.539308548, 3.72098398209, 1.22083580494, 6.34877157211, 8.76759338379, 3.92871379852, 2.45589995384, -3.50134277344, -8.91223239899, -9.1798286438, 20.5224189758, 69.5384368896]], "icov": [[0.000107835607196, 0.000139998010127, 0.000158588547492, -6.17042242084e-05, 0.000188845369848, -3.01983473037e-05, -1.01835212263e-05, -9.950214735e-05, -6.33358795312e-05, -0.000130819957121, 9.41471516853e-05, -8.88384602149e-05, 9.57489828579e-05], [0.000139998010127, 0.000708032515831, 0.00036472408101, 3.46939959854e-05, -0.000330815120833, 9.10334074433e-06, -0.000221464841161, -0.000106873005279, 0.000414426292991, -0.000529792276211, 0.00053272995865, -0.000409068539739, 5.23224880453e-05], [0.000158588547492, 0.00036472408101, 0.00219989218749, -0.00100215279963, -0.00139900122304, 0.000518194981851, -0.00110195216257, 0.00116040289868, -0.000979468459263, 0.000848849653266, -0.000153126340592, -0.000287129892968, 0.000173456268385], [-6.17042242084e-05, 3.46939959854e-05, -0.00100215279963, 0.00468633603305, -0.00143584341276, -0.000637635530438, 0.000957110780291, 0.000197418368771, 0.000267570692813, 6.80309094605e-05, -2.6801813874e-05, 3.28935566358e-05, 2.49912409345e-05], [0.000188845369848, -0.000330815120833, -0.00139900122304, -0.00143584341276, 0.00734571367502, -0.00159979378805, -0.000536995881703, 0.000165609366377, -0.00103642826434, -0.000298824917991, 4.33121713286e-05, -3.51139860868e-05, 6.71982843414e-06], [-3.01983473037e-05, 9.10334074433e-06, 0.000518194981851, -0.000637635530438, -0.00159979378805, 0.00989739503711, -0.00338156986982, 3.3245771192e-05, -0.000898411788512, 0.000829326279927, -0.00208130804822, 0.000605426321272, -0.00136904825922], [-1.01835212263e-05, -0.000221464841161, -0.00110195216257, 0.000957110780291, -0.000536995881703, -0.00338156986982, 0.010945414193, -0.00457073701546, 0.00271356734447, -0.000263607333181, 0.00079221726628, 0.000498673180118, 0.000206437514862], [-9.950214735e-05, -0.000106873005279, 0.00116040289868, 0.000197418368771, 0.000165609366377, 3.3245771192e-05, -0.00457073701546, 0.0166610907763, -0.00841629505157, 0.0031772875227, -0.00132627726998, 0.000352480798028, -0.000807401374914], [-6.33358795312e-05, 0.000414426292991, -0.000979468459263, 0.000267570692813, -0.00103642826434, -0.000898411788512, 0.00271356734447, -0.00841629505157, 0.0193327832967, -0.00832489132881, 0.00480404123664, -0.00233779894188, 0.00134980375879], [-0.000130819957121, -0.000529792276211, 0.000848849653266, 6.80309094605e-05, -0.000298824917991, 0.000829326279927, -0.000263607333181, 0.0031772875227, -0.00832489132881, 0.021027341485, -0.0086207324639, 0.00539932725951, -0.000627502915449], [9.41471516853e-05, 0.00053272995865, -0.000153126340592, -2.6801813874e-05, 4.33121713286e-05, -0.00208130804822, 0.00079221726628, -0.00132627726998, 0.00480404123664, -0.0086207324639, 0.0213971212506, -0.00902475602925, 0.00479002390057], [-8.88384602149e-05, -0.000409068539739, -0.000287129892968, 3.28935566358e-05, -3.51139860868e-05, 0.000605426321272, 0.000498673180118, 0.000352480798028, -0.00233779894188, 0.00539932725951, -0.00902475602925, 0.021945822984, -0.00713682966307], [9.57489828579e-05, 5.23224880453e-05, 0.000173456268385, 2.49912409345e-05, 6.71982843414e-06, -0.00136904825922, 0.000206437514862, -0.000807401374914, 0.00134980375879, -0.000627502915449, 0.00479002390057, -0.00713682966307, 0.0174017287791]], "mean": [-724.066345215, 111.756454468, 8.72197818756, 39.0232200623, 14.4769382477, 23.5066261292, 10.5009365082, 8.67519283295, 3.41106343269, 6.49789810181, 1.25307393074, 1.08682048321, 5.28506278992]}, "spectral_contrast_valleys": {"min": [-27.9720935822, -27.7073574066, -27.7986297607, -27.4646911621, -27.5879936218, -27.3948040009], "max": [-4.80074739456, -4.96563625336, -5.13217401505, -5.38069534302, -5.34191608429, -7.33398962021], "dvar2": [0.447120755911, 0.785915493965, 0.670231819153, 0.736391067505, 1.03461587429, 1.17332339287], "median": [-7.21306371689, -7.96586894989, -8.47089767456, -8.60638523102, -8.44491195679, -11.2774085999], "dmean2": [0.739351630211, 0.799780845642, 0.762618362904, 0.734621286392, 0.707094192505, 0.668549180031], "dmean": [0.511211395264, 0.548499047756, 0.587260246277, 0.562516212463, 0.571849882603, 0.573176443577], "var": [1.9486502409, 2.33679366112, 2.81546974182, 2.97884488106, 3.66361379623, 4.1379199028], "dvar": [0.236362889409, 0.388636499643, 0.384395331144, 0.418084681034, 0.581050932407, 0.723640978336], "mean": [-7.34791135788, -8.11671543121, -8.64033603668, -8.76419830322, -8.54531764984, -11.152256012]}, "barkbands_flatness_db": {"min": 0.0137784928083, "max": 0.538320243359, "dvar2": 0.00482479529455, "median": 0.139115840197, "dmean2": 0.0492896996439, "dmean": 0.0351070351899, "var": 0.0100386561826, "dvar": 0.00192963611335, "mean": 0.167395278811}, "dynamic_complexity": 5.80843305588, "erbbands_flatness_db": {"min": 0.0398394688964, "max": 0.334875762463, "dvar2": 0.000853505858686, "median": 0.143697589636, "dmean2": 0.0272772312164, "dmean": 0.0195251777768, "var": 0.00190661731176, "dvar": 0.000445893150754, "mean": 0.1460275352}, "hfc": {"min": 1.10546991248e-16, "ma