{"lowlevel": {"spectral_complexity": {"min": 0, "max": 63, "dvar2": 34.1123275757, "median": 19, "dmean2": 5.15884256363, "dmean": 3.30808544159, "var": 152.111114502, "dvar": 16.090259552, "mean": 19.6246891022}, "silence_rate_20dB": {"min": 1, "max": 1, "dvar2": 0, "median": 1, "dmean2": 0, "dmean": 0, "var": 0, "dvar": 0, "mean": 1}, "average_loudness": 0.7511972785, "erbbands_spread": {"min": 0.948332548141, "max": 131.5234375, "dvar2": 160.945922852, "median": 32.3276481628, "dmean2": 11.2162942886, "dmean": 7.15581846237, "var": 291.731140137, "dvar": 66.6754226685, "mean": 34.5823745728}, "spectral_kurtosis": {"min": -1.24122929573, "max": 36.3666877747, "dvar2": 10.5357589722, "median": 3.61610221863, "dmean2": 2.55903291702, "dmean": 1.47912061214, "var": 8.5164270401, "dvar": 3.42293858528, "mean": 4.32793712616}, "barkbands_kurtosis": {"min": -1.94859015942, "max": 872.325866699, "dvar2": 533.588134766, "median": 0.0666766166687, "dmean2": 4.79161071777, "dmean": 2.93244361877, "var": 516.528747559, "dvar": 220.563934326, "mean": 3.76306438446}, "spectral_strongpeak": {"min": 0, "max": 15.6093063354, "dvar2": 4.36921215057, "median": 0.395101547241, "dmean2": 1.14736831188, "dmean": 0.671676516533, "var": 3.98598718643, "dvar": 1.74537467957, "mean": 1.21783864498}, "spectral_spread": {"min": 1306882.875, "max": 41939604, "dvar2": 608277561344, "median": 3987809.75, "dmean2": 589798.375, "dmean": 399192.96875, "var": 1894107185150.0, "dvar": 337768054784, "mean": 4141338.75}, "spectral_rms": {"min": 3.77741821467e-06, "max": 0.0120957829058, "dvar2": 1.53201835928e-06, "median": 0.00403196131811, "dmean2": 0.000929858710151, "dmean": 0.000602911866736, "var": 3.43997771779e-06, "dvar": 6.58103260776e-07, "mean": 0.00400779908523}, "erbbands": {"min": [6.43255901878e-08, 7.867406282e-09, 1.38508982062e-09, 5.52776713292e-10, 5.07649089432e-10, 1.4613068533e-09, 3.02010105813e-09, 1.16558140917e-09, 1.26620836038e-09, 3.3347526962e-09, 2.61901100806e-09, 5.74161207467e-09, 4.39787362083e-09, 1.15413483215e-08, 1.57670640988e-08, 1.84589659113e-08, 2.81639067623e-08, 2.13031086105e-08, 2.79729981401e-08, 2.53095535641e-08, 3.25324727157e-08, 3.56580116545e-08, 4.83082516212e-08, 3.45973028004e-08, 4.09734468576e-08, 7.64149206134e-08, 7.23942719105e-08, 5.795172342e-08, 6.57429595208e-08, 5.26229015918e-08, 4.76883812439e-08, 5.64159279293e-08, 4.94400396178e-08, 4.29781366051e-08, 3.20274970989e-08, 1.98236627114e-08, 1.28873107741e-08, 8.9954967919e-09, 1.08442255176e-09, 1.15927295541e-10], "max": [4.39315080643, 32.9183120728, 52.6412467957, 121.698242188, 91.489654541, 226.570953369, 263.690093994, 471.91897583, 641.836425781, 404.955474854, 277.617858887, 782.180786133, 589.975708008, 970.821044922, 1225.05322266, 799.348510742, 1041.34216309, 1089.19177246, 2485.95605469, 2142.09570312, 2073.16137695, 1522.88342285, 1339.7713623, 489.0753479, 460.129058838, 1631.27478027, 801.67791748, 821.215332031, 385.318511963, 274.19152832, 192.532775879, 192.506271362, 85.6368026733, 66.8436889648, 25.8931732178, 7.68289613724, 2.38892912865, 0.521002590656, 0.13237041235, 0.00813961960375], "dvar2": [0.240426644683, 13.7445430756, 26.4415016174, 76.7797241211, 69.1614303589, 441.589019775, 183.503097534, 449.86126709, 489.932617188, 469.020202637, 308.581787109, 1050.30285645, 912.158569336, 2134.16625977, 1770.97631836, 963.995605469, 1216.61254883, 2651.87182617, 7695.65820312, 5399.33056641, 10725.8808594, 5568.30322266, 4980.39941406, 642.035827637, 790.759033203, 1260.09619141, 704.463317871, 595.98248291, 423.559814453, 134.489196777, 70.9307556152, 52.7532615662, 8.17698192596, 2.61307120323, 0.713010549545, 0.1137066558, 0.0127137908712, 0.00273060309701, 0.000100926394225, 3.63928506886e-07], "median": [0.0254556965083, 0.30736514926, 1.13396012783, 1.74625980854, 1.63148581982, 2.32737565041, 3.15638899803, 4.12650537491, 4.52876424789, 4.09379768372, 3.98236846924, 5.10629272461, 6.57452535629, 7.04121160507, 7.23687744141, 7.15596961975, 8.02660083771, 11.5264415741, 15.0991506577, 15.1944828033, 16.2422027588, 17.1253108978, 13.8305206299, 9.30191898346, 10.466178894, 9.52700519562, 6.04003620148, 3.27759814262, 2.1663248539, 1.30623555183, 0.891756951809, 0.552493810654, 0.282879710197, 0.125164955854, 0.0492021888494, 0.0178427882493, 0.00505167618394, 0.000908158777747, 9.91499473457e-05, 2.91834039672e-05], "dmean2": [0.145739063621, 1.3110216856, 2.41216564178, 3.65924620628, 3.66171360016, 6.98259305954, 6.24627351761, 9.47750663757, 9.7951259613, 10.0631446838, 8.74747848511, 12.7739896774, 13.6844987869, 18.0863723755, 14.6000862122, 14.0176753998, 16.3962039948, 22.8048801422, 33.2767181396, 28.6355705261, 37.3352279663, 34.0040512085, 29.2467136383, 12.4785699844, 14.4510526657, 13.8097324371, 11.0461425781, 7.57669258118, 6.22982025146, 3.76901888847, 2.75547575951, 1.97072064877, 0.899084925652, 0.442647844553, 0.217655673623, 0.103579387069, 0.0397868305445, 0.0149666052312, 0.00261757313274, 0.000161750242114], "dmean": [0.0852035358548, 0.803946077824, 1.49826407433, 2.18992137909, 2.13125872612, 4.09640550613, 3.8443672657, 5.85499668121, 6.19677734375, 6.32310295105, 5.51657867432, 7.9714512825, 8.65500640869, 11.4115791321, 9.05613327026, 8.91248130798, 10.4720277786, 14.4104824066, 20.8333358765, 18.0971870422, 23.281124115, 21.1317157745, 18.2247962952, 7.65714693069, 9.02124881744, 8.59403705597, 6.82422971725, 4.59573745728, 3.81003403664, 2.4131462574, 1.82378351688, 1.31592261791, 0.614115655422, 0.308548748493, 0.153132557869, 0.072628185153, 0.0267859678715, 0.00959509145468, 0.0016503338702, 0.000103069498437], "var": [0.077892780304, 6.28990077972, 17.5789451599, 41.2228927612, 25.8136501312, 139.014266968, 132.983047485, 375.954864502, 494.028747559, 455.253967285, 250.286239624, 846.442871094, 890.341430664, 2447.10717773, 1453.00537109, 1310.87768555, 2013.42736816, 3795.74169922, 11406.1748047, 8955.88183594, 13876.4443359, 7320.87158203, 7876.15771484, 617.145935059, 905.69909668, 1161.54931641, 650.456054688, 343.549468994, 214.980895996, 105.785636902, 73.4167861938, 55.7632637024, 11.5468969345, 3.60297846794, 0.740561425686, 0.135141655803, 0.010755601339, 0.00123641709797, 4.05550090363e-05, 1.53716015916e-07], "dvar": [0.0865925475955, 5.33887147903, 10.2269048691, 27.9664344788, 24.6498527527, 155.715316772, 70.1287155151, 181.084075928, 208.903945923, 199.346374512, 126.978897095, 412.23550415, 388.101104736, 833.846008301, 674.286560059, 425.329162598, 581.30267334, 1169.04858398, 3168.57397461, 2146.20800781, 4303.75927734, 2156.01489258, 1947.33129883, 248.703155518, 318.944061279, 572.763061523, 309.250305176, 241.439056396, 168.214981079, 58.5242233276, 33.0840682983, 25.5013027191, 4.10833311081, 1.33453142643, 0.337037920952, 0.0564538277686, 0.00593899004161, 0.00112701521721, 4.10695538449e-05, 1.49820436945e-07], "mean": [0.115734830499, 1.19799530506, 2.59833955765, 3.80212593079, 3.21239376068, 5.72755289078, 6.53915309906, 9.82449150085, 10.8370218277, 10.7355422974, 9.43290042877, 14.3464040756, 15.7229824066, 21.6807365417, 17.1962070465, 17.1148204803, 20.8793048859, 28.4670772552, 41.1740837097, 41.0281867981, 50.5235671997, 47.8053474426, 41.0423851013, 17.2406387329, 20.4265117645, 18.6878623962, 14.0850248337, 8.33568286896, 6.47148799896, 4.6378736496, 3.66645383835, 2.60442018509, 1.35640788078, 0.65280175209, 0.288166850805, 0.130838572979, 0.0415745042264, 0.0114220883697, 0.00178395060357, 0.000128432497149]}, "zerocrossingrate": {"min": 0, "max": 0.4365234375, "dvar2": 0.000167012578459, "median": 0.068359375, "dmean2": 0.0113103054464, "dmean": 0.00954378116876, "var": 0.00160320731811, "dvar": 0.000145240643178, "mean": 0.0724438950419}, "spectral_contrast_coeffs": {"min": [-0.960675239563, -0.955551564693, -0.957356154919, -0.954255878925, -0.953016102314, -0.958082199097], "max": [-0.248653784394, -0.343388855457, -0.442546278238, -0.390793442726, -0.584358930588, -0.505802869797], "dvar2": [0.00440389802679, 0.00349032250233, 0.00224146130495, 0.00164591625798, 0.000871116120834, 0.000762811338063], "median": [-0.665676176548, -0.742298901081, -0.77094745636, -0.764605820179, -0.776357114315, -0.744456470013], "dmean2": [0.079328879714, 0.0735233798623, 0.060179989785, 0.0506955720484, 0.0359360277653, 0.0292127411813], "dmean": [0.0478392504156, 0.044844225049, 0.037162579596, 0.03111484088, 0.0223044082522, 0.0182291399688], "var": [0.00799231417477, 0.00639482727274, 0.0046134898439, 0.00433832639828, 0.00285912281834, 0.00207949918695], "dvar": [0.00163895485457, 0.001338928123, 0.000903133361135, 0.000648445507977, 0.000368856504792, 0.000317931029713], "mean": [-0.658601462841, -0.731524705887, -0.763282716274, -0.757108747959, -0.769526720047, -0.742729961872]}, "dissonance": {"min": 0.261618375778, "max": 0.499999463558, "dvar2": 0.000764341617469, "median": 0.478701204062, "dmean2": 0.0248526837677, "dmean": 0.0147389508784, "var": 0.000802100170404, "dvar": 0.000277872662991, "mean": 0.469888210297}, "spectral_energyband_high": {"min": 3.73713039681e-11, "max": 0.0499640628695, "dvar2": 2.7672529086e-06, "median": 0.000406396720791, "dmean2": 0.000596899306402, "dmean": 0.000392376125092, "var": 2.77135200122e-06, "dvar": 1.2530750837e-06, "mean": 0.00094561255537}, "spectral_skewness": {"min": -0.0737318173051, "max": 4.62490177155, "dvar2": 0.123660475016, "median": 1.28832352161, "dmean2": 0.337249308825, "dmean": 0.202821671963, "var": 0.187378197908, "dvar": 0.0446028858423, "mean": 1.34097206593}, "spectral_flux": {"min": 4.59444618173e-06, "max": 0.323137551546, "dvar2": 0.00135626795236, "median": 0.0640290156007, "dmean2": 0.0297339539975, "dmean": 0.0188160426915, "var": 0.00187383557204, "dvar": 0.000605679524597, "mean": 0.0693058297038}, "silence_rate_30dB": {"min": 0, "max": 1, "dvar2": 0.00153207208496, "median": 1, "dmean2": 0.00102190708276, "dmean": 0.000510920945089, "var": 0.000255360238953, "dvar": 0.000510723853949, "mean": 0.999744534492}, "spectral_energyband_middle_high": {"min": 8.01152894025e-12, "max": 0.0558612309396, "dvar2": 1.30066073325e-05, "median": 0.00442313682288, "dmean2": 0.00243403064087, "dmean": 0.00157087133266, "var": 3.9146932977e-05, "dvar": 5.25416771779e-06, "mean": 0.0061643794179}, "barkbands_spread": {"min": 0.293287932873, "max": 127.392189026, "dvar2": 110.893753052, "median": 27.5900001526, "dmean2": 8.85388088226, "dmean": 5.60238981247, "var": 217.010528564, "dvar": 45.966960907, "mean": 27.9368724823}, "spectral_centroid": {"min": 159.231887817, "max": 10598.9892578, "dvar2": 185056.671875, "median": 1838.36535645, "dmean2": 369.966552734, "dmean": 236.362472534, "var": 517999.15625, "dvar": 83298.828125, "mean": 1792.78674316}, "pitch_salience": {"min": 0.0061305584386, "max": 0.880425393581, "dvar2": 0.0123730488122, "median": 0.513451755047, "dmean2": 0.113420665264, "dmean": 0.070228099823, "var": 0.0157990623266, "dvar": 0.00486967014149, "mean": 0.509784638882}, "erbbands_skewness": {"min": -4.79968976974, "max": 6.9339632988, "dvar2": 0.302730739117, "median": -0.265675544739, "dmean2": 0.532813191414, "dmean": 0.342306882143, "var": 1.13844001293, "dvar": 0.130689769983, "mean": -0.186814382672}, "erbbands_crest": {"min": 2.31623888016, "max": 33.5932731628, "dvar2": 15.8896923065, "median": 8.56372642517, "dmean2": 4.28650903702, "dmean": 2.65004730225, "var": 30.1078453064, "dvar": 6.53616380692, "mean": 10.0875730515}, "melbands": {"min": [6.11130923645e-10, 2.10624947388e-13, 3.60877133569e-14, 4.87314046537e-14, 1.02381671934e-13, 2.55550771923e-14, 1.69961277447e-14, 3.81330505909e-14, 1.85293912104e-14, 3.2769126361e-14, 2.13953966441e-14, 4.65577656452e-14, 4.22657548337e-14, 4.8961014957e-14, 5.11486977718e-14, 5.26341733327e-14, 3.4054797014e-14, 3.40343157574e-14, 3.10378621676e-14, 3.553531235e-14, 3.37107898291e-14, 3.22112569094e-14, 3.83709042187e-14, 3.97674582609e-14, 2.46198867499e-14, 2.166579836e-14, 2.35261893381e-14, 6.28513828981e-14, 4.57541245017e-14, 3.19560526586e-14, 3.01450691124e-14, 3.37001680359e-14, 3.18014013831e-14, 2.98209434848e-14, 2.79127290265e-14, 3.03538525695e-14, 3.6028637891e-14, 3.24079481241e-14, 2.97102566073e-14, 3.41221632384e-14], "max": [0.0394714288414, 0.028747908771, 0.0172031056136, 0.0127133950591, 0.0120348762721, 0.0095628388226, 0.00986379478127, 0.00409471802413, 0.0019423509948, 0.0057487799786, 0.00288044521585, 0.00358686828986, 0.00462746061385, 0.00173136452213, 0.00540581159294, 0.00184398610145, 0.00202425685711, 0.00448987307027, 0.00580472638831, 0.00203407160006, 0.00301558896899, 0.00165769411251, 0.00163895264268, 0.00135110376868, 0.000401935918489, 0.00033059186535, 0.000580977648497, 0.00127884186804, 0.000566391565371, 0.000634885102045, 0.000365458399756, 0.000281178799924, 0.000235706145759, 0.000157721966389, 0.000116409668408, 0.000124570826301, 0.000138439310831, 6.8971858127e-05, 5.6584685808e-05, 5.58984647796e-05], "dvar2": [2.08361998375e-05, 9.55531959335e-06, 1.73599596565e-06, 1.32232673877e-06, 2.48092760557e-07, 1.94168848111e-07, 1.11468594355e-07, 4.54357014235e-08, 2.40473170265e-08, 4.64491485275e-08, 2.37772148637e-08, 3.45273925006e-08, 3.02533820218e-08, 7.45158512672e-09, 1.68808771406e-08, 7.75694442012e-09, 1.0478835577e-08, 2.25404388488e-08, 3.12194217145e-08, 6.22633411496e-09, 2.26079581722e-08, 8.27673307668e-09, 5.14032238996e-09, 3.30529026371e-09, 4.78230177681e-10, 4.75759598384e-10, 7.39216909906e-10, 8.02414024115e-10, 4.08280992348e-10, 2.59180066298e-10, 2.07678776953e-10, 2.1991114485e-10, 5.8613121301e-11, 4.03193416154e-11, 2.62403449663e-11, 2.97452999731e-11, 1.96316816969e-11, 5.28814535564e-12, 2.83403227101e-12, 1.89448868919e-12], "median": [0.000300703395624, 0.000666912819725, 0.000319738028338, 0.000148171093315, 0.000123091362184, 9.64532227954e-05, 7.25311692804e-05, 4.02716214012e-05, 3.0134435292e-05, 3.30468465108e-05, 3.03884135064e-05, 2.580601722e-05, 2.38478096435e-05, 1.63285094459e-05, 1.6188580048e-05, 1.62122632901e-05, 1.79102280526e-05, 1.78155532922e-05, 2.13972944039e-05, 1.39580442919e-05, 1.59035789693e-05, 1.58739567269e-05, 1.31039814733e-05, 9.78256684903e-06, 6.24964877716e-06, 6.15500448475e-06, 7.70333463151e-06, 5.2209338719e-06, 3.72992781195e-06, 2.60749038716e-06, 1.46261186273e-06, 1.1774371842e-06, 9.4399763384e-07, 5.80453672683e-07, 5.05560592501e-07, 4.33379739206e-07, 2.82746981384e-07, 2.02364091706e-07, 1.37229136499e-07, 8.98098093671e-08], "dmean2": [0.00145466066897, 0.00139117974322, 0.000582413980737, 0.000392771326005, 0.000223317139898, 0.000204207986826, 0.000151808184455, 0.000100418801594, 7.82796851126e-05, 8.63394234329e-05, 7.03714904375e-05, 7.39509632695e-05, 6.06231624261e-05, 3.74764713342e-05, 4.83099029225e-05, 4.01362231059e-05, 4.40709845861e-05, 5.3115611081e-05, 5.89687915635e-05, 3.14825556416e-05, 5.1980077842e-05, 3.99829950766e-05, 3.11642652377e-05, 2.26591819228e-05, 1.06945153675e-05, 1.08623426058e-05, 1.34711417559e-05, 9.38089033298e-06, 8.25566166895e-06, 5.57063867745e-06, 4.57332589576e-06, 4.21608501711e-06, 2.60380033978e-06, 2.08824167203e-06, 1.68238818787e-06, 1.67541543306e-06, 1.14559293252e-06, 7.19622391898e-07, 5.25830785136e-07, 3.70352978507e-07], "dmean": [0.00086593470769, 0.000872934935614, 0.000347836903529, 0.000228220291319, 0.000135817506816, 0.000126552316942, 9.60099641816e-05, 6.30372669548e-05, 4.92693834531e-05, 5.37455161975e-05, 4.44619654445e-05, 4.65984521725e-05, 3.76290190616e-05, 2.33531536651e-05, 3.06571819237e-05, 2.5424244086e-05, 2.77728722722e-05, 3.3162683394e-05, 3.70320012735e-05, 2.00611084438e-05, 3.24337488564e-05, 2.47888820013e-05, 1.95799802896e-05, 1.40323672895e-05, 6.50996207696e-06, 6.74402463119e-06, 8.28629072203e-06, 5.78555136599e-06, 5.08644461661e-06, 3.38964673574e-06, 2.7458124805e-06, 2.51564256359e-06, 1.66705945048e-06, 1.3078442862e-06, 1.09763789169e-06, 1.08555116185e-06, 7.51704419599e-07, 4.78446509078e-07, 3.53015224164e-07, 2.53476201806e-07], "var": [7.87331828178e-06, 5.80741561862e-06, 9.6256519555e-07, 4.0911768906e-07, 1.47225094338e-07, 1.69458786559e-07, 1.14227809433e-07, 4.21939851947e-08, 2.06000461134e-08, 3.75672684072e-08, 2.3479490352e-08, 3.9347280989e-08, 3.10738954568e-08, 6.89987933455e-09, 3.39479875322e-08, 9.50716394499e-09, 1.35700650716e-08, 3.34582068717e-08, 3.8781283962e-08, 7.27953297641e-09, 2.73728275602e-08, 9.3058361017e-09, 8.11015876678e-09, 3.71298791713e-09, 3.55241724925e-10, 4.24963508827e-10, 8.75165218073e-10, 5.6805671278e-10, 3.43584577456e-10, 1.68423747171e-10, 1.09351590283e-10, 8.7574683616e-11, 4.47531352255e-11, 2.9510414945e-11, 2.40450419992e-11, 2.8803305227e-11, 1.95662600705e-11, 6.47302654186e-12, 3.74126554389e-12, 2.29844463774e-12], "dvar": [7.74509953771e-06, 3.81245672543e-06, 6.32433341252e-07, 4.69250721835e-07, 9.15792668366e-08, 7.80556845825e-08, 4.70244216899e-08, 1.92746245631e-08, 9.93153737028e-09, 1.8194267426e-08, 1.01181854006e-08, 1.36016193863e-08, 1.18219407597e-08, 3.09384562414e-09, 8.77843842062e-09, 3.2749396528e-09, 4.56241044944e-09, 9.21103371354e-09, 1.35097089071e-08, 2.87236612273e-09, 9.06922181798e-09, 3.25348281649e-09, 2.10959316682e-09, 1.29068922217e-09, 1.85237838957e-10, 1.87340434832e-10, 3.03836539262e-10, 3.5059341541e-10, 1.72775779794e-10, 1.07129617677e-10, 8.26441345914e-11, 8.38398586667e-11, 2.53222338931e-11, 1.71121380954e-11, 1.17523378182e-11, 1.38639551228e-11, 9.34939625719e-12, 2.55306431378e-12, 1.38739226271e-12, 9.26952633575e-13], "mean": [0.001243548817, 0.00150310434401, 0.000626464607194, 0.000324730470311, 0.000232748061535, 0.000218634071643, 0.000170392551809, 0.000105556828203, 8.13822698547e-05, 9.53639901127e-05, 7.79822148615e-05, 8.59742649482e-05, 6.84275000822e-05, 4.0149767301e-05, 5.42941088497e-05, 4.72414722026e-05, 5.04120544065e-05, 6.00470484642e-05, 7.30557585484e-05, 3.94384696847e-05, 6.47453780402e-05, 4.96895263495e-05, 4.17878509325e-05, 2.81995253317e-05, 1.20982031149e-05, 1.33559678943e-05, 1.69636186911e-05, 1.10957134893e-05, 9.65365143202e-06, 6.16667603026e-06, 4.36238497059e-06, 3.7237093693e-06, 3.13656255457e-06, 2.32224306274e-06, 2.06563572647e-06, 2.03651666197e-06, 1.4098769725e-06, 9.82298274721e-07, 7.25457937278e-07, 4.94994253586e-07]}, "spectral_entropy": {"min": 4.66586399078, "max": 9.77304935455, "dvar2": 0.0533601008356, "median": 7.63886356354, "dmean2": 0.201850101352, "dmean": 0.134580522776, "var": 0.22926017642, "dvar": 0.0249418672174, "mean": 7.57955884933}, "spectral_rolloff": {"min": 21.533203125, "max": 14944.0429688, "dvar2": 1672181.25, "median": 1894.921875, "dmean2": 815.994934082, "dmean": 483.71685791, "var": 2255897, "dvar": 716896.8125, "mean": 1986.37768555}, "barkbands": {"min": [4.0370390364e-10, 9.79348616093e-11, 8.08190591273e-14, 2.18681816362e-14, 2.76962670463e-13, 2.24152415921e-13, 8.52957434501e-14, 1.56329173239e-13, 2.09971986629e-13, 2.4359133417e-13, 2.44572699766e-13, 4.20488811955e-13, 5.77914235564e-13, 4.92820411216e-13, 4.49998409846e-13, 4.21300825173e-13, 6.16952886348e-13, 8.86300093646e-13, 4.99827393016e-13, 1.54248011933e-12, 1.37701720686e-12, 1.66029343052e-12, 1.71265172183e-12, 2.82285002665e-12, 4.65928250842e-12, 6.64545198384e-12, 9.7980382488e-12], "max": [0.00376951531507, 0.133139744401, 0.0645283162594, 0.0340497307479, 0.056149981916, 0.0430635884404, 0.0429456755519, 0.0203657951206, 0.0332913920283, 0.0162897408009, 0.0307730752975, 0.0161757543683, 0.0317781344056, 0.0326349586248, 0.0519364401698, 0.0311594195664, 0.0276987962425, 0.0245066583157, 0.00840510707349, 0.0293093547225, 0.0193252731115, 0.0101250642911, 0.00779326912016, 0.00754723278806, 0.00494134891778, 0.00128776172642, 0.000782898394391], "dvar2": [1.11505023881e-07, 0.000271344819339, 2.41541165451e-05, 9.42057067732e-06, 2.03581312235e-05, 4.64903450847e-06, 2.65951484835e-06, 6.36535162357e-07, 2.00913564186e-06, 1.06121410681e-06, 2.18805530494e-06, 5.74973739731e-07, 9.3040404181e-07, 1.49010679706e-06, 3.81165295948e-06, 2.91758237836e-06, 2.16175249079e-06, 1.259052965e-06, 2.69362203653e-07, 5.77360935949e-07, 3.6311354279e-07, 2.97000042337e-07, 8.66871943117e-08, 6.2108910015e-08, 1.57216266672e-08, 3.74324260477e-09, 3.92352994538e-09], "median": [5.88422426517e-06, 0.00124861800577, 0.000842637149617, 0.000391967478208, 0.000658542499878, 0.000519465480465, 0.000309901079163, 0.000126243132399, 0.000252216064837, 0.000146643287735, 0.000172399377334, 0.000155688438099, 0.000159984600032, 0.000194711188669, 0.000282727618469, 0.000220752568566, 0.000268248724751, 0.000216408268898, 0.000173027976416, 0.000206677621463, 0.000112877874926, 5.66368180444e-05, 3.28846945195e-05, 2.06241966225e-05, 9.07232879399e-06, 3.14252156386e-06, 5.12165229338e-07], "dmean2": [9.11554234335e-05, 0.00555128138512, 0.00223549525253, 0.00122948235366, 0.00159607001115, 0.0010413172422, 0.000754529610276, 0.000364375649951, 0.00063479563687, 0.000431292748544, 0.000520130735822, 0.000351596623659, 0.000426801852882, 0.000522072310559, 0.000737707945518, 0.000633256393485, 0.000655698822811, 0.00047851819545, 0.000263525522314, 0.00032578810351, 0.000225814859732, 0.000163521632203, 9.88692627288e-05, 6.84101760271e-05, 3.42515013472e-05, 2.18152545131e-05, 1.64133271028e-05], "dmean": [5.96640275035e-05, 0.00335940695368, 0.00137169880327, 0.000721723423339, 0.00093495787587, 0.000644508341793, 0.000475712033221, 0.00022664151038, 0.000395359180402, 0.000274805934168, 0.000323915039189, 0.000221071750275, 0.000270304648438, 0.000324996130075, 0.000465393939521, 0.00039442096022, 0.00040613321471, 0.000297818536637, 0.000162915675901, 0.000200432521524, 0.000137652023113, 0.00010065047536, 6.47920605843e-05, 4.64791337436e-05, 2.42927471845e-05, 1.50512478285e-05, 1.03724187284e-05], "var": [5.15659657196e-08, 0.000113538277219, 1.7510887119e-05, 3.97290477849e-06, 6.72162059345e-06, 4.11649216403e-06, 2.75777188108e-06, 4.48634665418e-07, 1.72668728737e-06, 1.1319193618e-06, 2.41964630732e-06, 5.81739129757e-07, 1.51016820382e-06, 2.0914774268e-06, 5.2943787523e-06, 3.38707741321e-06, 2.39604196395e-06, 2.0039701667e-06, 2.35679252114e-07, 5.65724690205e-07, 2.68679059445e-07, 1.5754415017e-07, 9.06310120286e-08, 7.35984713174e-08, 2.04498391554e-08, 3.8362393262e-09, 1.6040329065e-09], "dvar": [4.92877916258e-08, 0.000103387814306, 9.49770856096e-06, 3.25548853652e-06, 7.23484890841e-06, 1.85118244644e-06, 1.10922803742e-06, 2.63149132707e-07, 7.78862442985e-07, 4.54009580153e-07, 8.62463423346e-07, 2.4061307613e-07, 4.38451536411e-07, 6.50838956062e-07, 1.65238759564e-06, 1.20687877825e-06, 8.44628573304e-07, 4.91788796353e-07, 1.05027929465e-07, 2.53443374731e-07, 1.5051034552e-07, 1.19240155527e-07, 4.02567614799e-08, 3.07690655177e-08, 7.92976795339e-09, 1.79701087344e-09, 1.6023617988e-09], "mean": [6.98165313224e-05, 0.00491913873702, 0.00233462848701, 0.00110475055408, 0.00138940988109, 0.00113569223322, 0.000814674713183, 0.000346859014826, 0.000707776925992, 0.000470304628834, 0.000571040378418, 0.000383841310395, 0.000490685808472, 0.00058671971783, 0.000922163890209, 0.000763712392654, 0.000818323576823, 0.000642819853965, 0.000332735595293, 0.000425555888796, 0.00027016401873, 0.000174201428308, 0.000132361572469, 9.72050111159e-05, 4.93744373671e-05, 2.48910328082e-05, 1.10573828351e-05]}, "melbands_flatness_db": {"min": 0.0256798602641, "max": 0.538098752499, "dvar2": 0.00190236454364, "median": 0.168172895908, "dmean2": 0.0377261675894, "dmean": 0.0244173649698, "var": 0.00561667932197, "dvar": 0.000789666431956, "mean": 0.18262258172}, "melbands_skewness": {"min": -4.00183010101, "max": 37.582660675, "dvar2": 2.04942297935, "median": 1.90058255196, "dmean2": 1.1232136488, "dmean": 0.719604492188, "var": 4.14070177078, "dvar": 0.903087973595, "mean": 2.32125020027}, "barkbands_skewness": {"min": -4.85246706009, "max": 29.2271175385, "dvar2": 1.36666071415, "median": 0.879349827766, "dmean2": 0.834886431694, "dmean": 0.534262239933, "var": 2.63046503067, "dvar": 0.572342634201, "mean": 1.11555695534}, "silence_rate_60dB": {"min": 0, "max": 1, "dvar2": 0.0379873104393, "median": 0, "dmean2": 0.035000320524, "dmean": 0.0174990426749, "var": 0.101328007877, "dvar": 0.017191791907, "mean": 0.114438980818}, "spectral_energyband_low": {"min": 6.58495125094e-09, "max": 0.141906261444, "dvar2": 0.000317619153066, "median": 0.00372368423268, "dmean2": 0.00741085130721, "dmean": 0.00454479176551, "var": 0.000164440323715, "dvar": 0.00012394139776, "mean": 0.00805847067386}, "spectral_energyband_middle_low": {"min": 1.93379145162e-12, "max": 0.0618931353092, "dvar2": 4.60942319478e-05, "median": 0.00433416757733, "dmean2": 0.0037053511478, "dmean": 0.00224914681166, "var": 2.90647731163e-05, "dvar": 1.68482383742e-05, "mean": 0.00562474550679}, "melbands_kurtosis": {"min": -1.88557934761, "max": 1538.74780273, "dvar2": 930.215576172, "median": 3.93572378159, "dmean2": 11.028678894, "dmean": 6.8004155159, "var": 1527.33410645, "dvar": 446.275177002, "mean": 12.1713314056}, "spectral_decrease": {"min": -3.91149583834e-08, "max": -3.85213813159e-15, "dvar2": 2.14794552144e-17, "median": -3.94497945422e-09, "dmean2": 2.55474841282e-09, "dmean": 1.59187218962e-09, "var": 1.74938756844e-17, "dvar": 8.61506457304e-18, "mean": -4.79856732127e-09}, "erbbands_kurtosis": {"min": -1.84308135509, "max": 60.8723945618, "dvar2": 8.75675487518, "median": 0.205014467239, "dmean2": 1.78385138512, "dmean": 1.12662744522, "var": 13.6635084152, "dvar": 3.63713431358, "mean": 1.25343739986}, "melbands_crest": {"min": 2.67602777481, "max": 39.9374961853, "dvar2": 23.3542881012, "median": 13.2349596024, "dmean2": 5.01488208771, "dmean": 3.0774128437, "var": 30.7948989868, "dvar": 9.0722618103, "mean": 13.9547109604}, "gfcc": {"cov": [[11653.6933594, -432.771484375, 8.33983898163, 598.815429688, 57.2856483459, 445.13092041, -167.520950317, 209.811752319, -253.137115479, -106.113113403, -146.851348877, 25.5983428955, -187.482086182], [-432.771484375, 1670.29663086, -67.2054443359, 101.884971619, 214.548706055, -196.384567261, 159.519729614, -57.1345481873, -10.85800457, -131.210754395, 113.483650208, -69.9251327515, 62.1713523865], [8.33983898163, -67.2054443359, 1127.12854004, 103.063674927, 13.9740381241, 265.949371338, 64.8902587891, 150.567581177, -17.8031921387, 53.1828842163, 27.276599884, 115.367134094, -12.3699474335], [598.815429688, 101.884971619, 103.063674927, 547.360656738, 220.484619141, 89.9648666382, 25.5541973114, 25.1039772034, 32.7087516785, -34.8206710815, -23.8973884583, -32.1954650879, 22.7958583832], [57.2856483459, 214.548706055, 13.9740381241, 220.484619141, 431.151092529, 12.1827306747, 72.4125900269, -6.75991439819, 37.4757728577, -14.9188699722, -28.89594841, -38.1951370239, 25.4804897308], [445.13092041, -196.384567261, 265.949371338, 89.9648666382, 12.1827306747, 395.915252686, 96.2258911133, 79.0042114258, 4.99690818787, 57.3534927368, -8.92358970642, 0.776442289352, -15.6617097855], [-167.520950317, 159.519729614, 64.8902587891, 25.5541973114, 72.4125900269, 96.2258911133, 194.869140625, 52.4372749329, 26.6097793579, 11.2388534546, 23.508348465, -6.96154499054, 11.0697059631], [209.811752319, -57.1345481873, 150.567581177, 25.1039772034, -6.75991439819, 79.0042114258, 52.4372749329, 183.541427612, 47.845451355, 16.9094486237, 8.83431911469, 38.5161056519, -3.41668128967], [-253.137115479, -10.85800457, -17.8031921387, 32.7087516785, 37.4757728577, 4.99690818787, 26.6097793579, 47.845451355, 143.92616272, 54.6321487427, 23.6331939697, 3.53146505356, 12.7865915298], [-106.113113403, -131.210754395, 53.1828842163, -34.8206710815, -14.9188699722, 57.3534927368, 11.2388534546, 16.9094486237, 54.6321487427, 128.103607178, 47.7802391052, 18.7232666016, 1.94375431538], [-146.851348877, 113.483650208, 27.276599884, -23.8973884583, -28.89594841, -8.92358970642, 23.508348465, 8.83431911469, 23.6331939697, 47.7802391052, 120.853744507, 47.0369987488, 10.1647424698], [25.5983428955, -69.9251327515, 115.367134094, -32.1954650879, -38.1951370239, 0.776442289352, -6.96154499054, 38.5161056519, 3.53146505356, 18.7232666016, 47.0369987488, 105.494895935, 26.7114315033], [-187.482086182, 62.1713523865, -12.3699474335, 22.7958583832, 25.4804897308, -15.6617097855, 11.0697059631, -3.41668128967, 12.7865915298, 1.94375431538, 10.1647424698, 26.7114315033, 85.4862365723]], "icov": [[0.000117131865409, -3.25448672811e-05, 9.98623872874e-05, -0.000152523090946, -1.08284730231e-05, -0.000159627568792, 0.000173762135091, -0.000198734225705, 0.000278028950561, -7.43959535612e-05, 0.000136607181048, -0.000258410786046, 0.000303821405396], [-3.25448672811e-05, 0.00116817897651, -0.000277862563962, 0.000106898900412, -0.000366974971257, 0.000631870352663, -0.000814956671093, 0.000132061191835, -6.49796056678e-05, 0.00164210237563, -0.00220848643221, 0.00182502367534, -0.00098898622673], [9.98623872874e-05, -0.000277862563962, 0.00146009784658, -0.000373750983272, -4.79663976876e-05, -0.000888923183084, 0.000236506850342, -0.000738288625143, 0.000793076062109, -0.000784659991041, 0.00081736658467, -0.00214900402352, 0.000996856368147], [-0.000152523090946, 0.000106898900412, -0.000373750983272, 0.00290058157407, -0.00129733618814, -0.00058603513753, 0.000598162587266, -6.39415645765e-07, -0.00109633256216, 0.00162781949621, -0.00100022635888, 0.00148816895671, -0.00125705555547], [-1.08284730231e-05, -0.000366974971257, -4.79663976876e-05, -0.00129733618814, 0.00351592362858, 0.000377040967578, -0.00124075682834, 0.000610182003584, -0.000607880589087, -0.000782423303463, 0.00165162968915, -0.000130255182739, -0.000258667743765], [-0.000159627568792, 0.000631870352663, -0.000888923183084, -0.00058603513753, 0.000377040967578, 0.00466860411689, -0.00254572462291, -0.000482300209114, 0.000750247854739, -0.00164785480592, 0.000155973932124, 0.00164383952506, -0.000335603050189], [0.000173762135091, -0.000814956671093, 0.000236506850342, 0.000598162587266, -0.00124075682834, -0.00254572462291, 0.00832248665392, -0.00218879012391, -0.000157322545419, 0.000363926315913, -0.00133200280834, 0.000928076042328, -0.000529600249138], [-0.000198734225705, 0.000132061191835, -0.000738288625143, -6.39415645765e-07, 0.000610182003584, -0.000482300209114, -0.00218879012391, 0.00860767625272, -0.00367972394451, 0.00123082392383, 0.000989545951597, -0.0029182927683, 0.00103527808096], [0.000278028950561, -6.49796056678e-05, 0.000793076062109, -0.00109633256216, -0.000607880589087, 0.000750247854739, -0.000157322545419, -0.00367972394451, 0.0111653301865, -0.00516678299755, -7.98280743766e-05, 0.000484936666908, -0.000438546383521], [-7.43959535612e-05, 0.00164210237563, -0.000784659991041, 0.00162781949621, -0.000782423303463, -0.00164785480592, 0.000363926315913, 0.00123082392383, -0.00516678299755, 0.0152986496687, -0.00769696431234, 0.00305612292141, -0.00158639962319], [0.000136607181048, -0.00220848643221, 0.00081736658467, -0.00100022635888, 0.00165162968915, 0.000155973932124, -0.00133200280834, 0.000989545951597, -7.98280743766e-05, -0.00769696431234, 0.0172895547003, -0.00969906430691, 0.00320081785321], [-0.000258410786046, 0.00182502367534, -0.00214900402352, 0.00148816895671, -0.000130255182739, 0.00164383952506, 0.000928076042328, -0.0029182927683, 0.000484936666908, 0.00305612292141, -0.00969906430691, 0.0203779675066, -0.00785478577018], [0.000303821405396, -0.00098898622673, 0.000996856368147, -0.00125705555547, -0.000258667743765, -0.000335603050189, -0.000529600249138, 0.00103527808096, -0.000438546383521, -0.00158639962319, 0.00320081785321, -0.00785478577018, 0.0158638078719]], "mean": [-23.8143520355, 79.8385925293, -130.202285767, 38.7685394287, -47.3091011047, 6.99965143204, -31.8620433807, 4.45260715485, -18.3724575043, 0.920644164085, -14.8189582825, -2.06489872932, -8.20183563232]}, "melbands_spread": {"min": 0.355564057827, "max": 295.319458008, "dvar2": 325.50894165, "median": 30.7615528107, "dmean2": 13.7009553909, "dmean": 8.70865058899, "var": 608.679077148, "dvar": 142.309585571, "mean": 34.760219574}, "spectral_energy": {"min": 1.46256109446e-08, "max": 0.149965673685, "dvar2": 0.000313304481097, "median": 0.0166631303728, "dmean2": 0.0100493421778, "dmean": 0.00630054622889, "var": 0.000285369344056, "dvar": 0.000126804545289, "mean": 0.0199899859726}, "mfcc": {"cov": [[10590.7910156, -387.479034424, -113.754096985, 258.639312744, 247.249237061, 221.043304443, 143.135787964, 225.16583252, -35.9996757507, -23.9567165375, -107.435409546, 90.5535430908, -110.724700928], [-387.479034424, 1372.38354492, -91.200302124, 189.172485352, 13.5495166779, -39.728427887, 97.9968490601, 14.0988435745, -51.6888198853, -21.4270706177, -36.3486251831, 19.1897277832, -48.5910606384], [-113.754096985, -91.200302124, 929.714416504, -96.8317871094, 72.18724823, 112.471481323, 103.816139221, 135.488998413, -16.4524688721, 90.5579071045, 16.3665904999, 40.7055702209, 3.03601837158], [258.639312744, 189.172485352, -96.8317871094, 498.946533203, 200.290054321, 49.8688087463, 23.0918464661, 34.4497070312, 49.7465934753, -18.4745731354, -8.48392772675, -5.32895946503, 0.975863933563], [247.249237061, 13.5495166779, 72.18724823, 200.290054321, 283.429107666, 98.1927032471, 46.5959358215, 50.6339683533, 64.9336547852, 15.8327131271, 5.82509183884, 10.3584709167, 8.44996547699], [221.043304443, -39.728427887, 112.471481323, 49.8688087463, 98.1927032471, 249.210708618, 114.84500885, 36.8860282898, 50.7850418091, 45.9643745422, 24.2443313599, -3.30052423477, -0.655590057373], [143.135787964, 97.9968490601, 103.816139221, 23.0918464661, 46.5959358215, 114.84500885, 186.081161499, 75.489944458, 32.8686256409, 32.3307685852, 14.3801736832, 14.8425445557, -14.7181873322], [225.16583252, 14.0988435745, 135.488998413, 34.4497070312, 50.6339683533, 36.8860282898, 75.489944458, 164.830673218, 56.0086708069, 35.5547561646, 10.9574604034, 19.7550735474, 7.62860822678], [-35.9996757507, -51.6888198853, -16.4524688721, 49.7465934753, 64.9336547852, 50.7850418091, 32.8686256409, 56.0086708069, 148.593063354, 54.5389442444, 17.7688713074, -2.50837278366, 15.164056778], [-23.9567165375, -21.4270706177, 90.5579071045, -18.4745731354, 15.8327131271, 45.9643745422, 32.3307685852, 35.5547561646, 54.5389442444, 117.87424469, 47.0423927307, 17.3647289276, 13.864030838], [-107.435409546, -36.3486251831, 16.3665904999, -8.48392772675, 5.82509183884, 24.2443313599, 14.3801736832, 10.9574604034, 17.7688713074, 47.0423927307, 104.076248169, 36.5893440247, 14.4804878235], [90.5535430908, 19.1897277832, 40.7055702209, -5.32895946503, 10.3584709167, -3.30052423477, 14.8425445557, 19.7550735474, -2.50837278366, 17.3647289276, 36.5893440247, 98.7604827881, 33.5188941956], [-110.724700928, -48.5910606384, 3.03601837158, 0.975863933563, 8.44996547699, -0.655590057373, -14.7181873322, 7.62860822678, 15.164056778, 13.864030838, 14.4804878235, 33.5188941956, 105.087966919]], "icov": [[0.000114517526526, 6.49624998914e-05, 8.69031355251e-05, -3.82489961339e-05, -6.07813854003e-05, -0.00012257679191, 1.55927027663e-05, -0.000232020160183, 0.000207034099731, -9.70049513853e-05, 0.00024539680453, -0.000245317030931, 0.000199046786292], [6.49624998914e-05, 0.000938754121307, 0.000158753304277, -0.000454024324426, 7.99878616817e-05, 0.000350602727849, -0.000795783184003, -5.74220794078e-05, 0.000580975960474, -0.000388788292184, 0.000541551387869, -0.000461131741758, 0.000430530169979], [8.69031355251e-05, 0.000158753304277, 0.00164350331761, 0.000427568185842, -0.000627315137535, -0.000512180209626, -8.59144056449e-05, -0.00144528655801, 0.00149934273213, -0.00135004124604, 0.000733040214982, -0.000503630784806, 0.00027503297315], [-3.82489961339e-05, -0.000454024324426, 0.000427568185842, 0.00327579118311, -0.00228153239004, -0.000127340303152, 0.000362595921615, -0.000457750429632, -0.000276499282336, 0.000663398648612, -0.000215801148443, 0.000411802990129, -0.000175568391569], [-6.07813854003e-05, 7.99878616817e-05, -0.000627315137535, -0.00228153239004, 0.00626757321879, -0.0015905915061, 0.000332225259626, -0.000112910638563, -0.00181992619764, 0.000767709163483, 0.000103218895674, -0.000762474082876, -5.66020971746e-05], [-0.00012257679191, 0.000350602727849, -0.000512180209626, -0.000127340303152, -0.0015905915061, 0.00731045287102, -0.00445794919506, 0.00187098106835, -0.000885682122316, -0.000897232675925, -0.00108284782618, 0.00172708311584, -0.000693225185387], [1.55927027663e-05, -0.000795783184003, -8.59144056449e-05, 0.000362595921615, 0.000332225259626, -0.00445794919506, 0.0101793520153, -0.00359698571265, -0.000133973560878, 1.60040090122e-05, 4.31171611126e-05, -0.0014121189015, 0.00174154364504], [-0.000232020160183, -5.74220794078e-05, -0.00144528655801, -0.000457750429632, -0.000112910638563, 0.00187098106835, -0.00359698571265, 0.0102639514953, -0.00368536473252, 0.000115008646389, -0.00025758848642, -0.000399041862693, -0.000773732666858], [0.000207034099731, 0.000580975960474, 0.00149934273213, -0.000276499282336, -0.00181992619764, -0.000885682122316, -0.000133973560878, -0.00368536473252, 0.0116120530292, -0.00513392919675, 0.000929397065192, 0.0010484540835, -0.000625173153821], [-9.70049513853e-05, -0.000388788292184, -0.00135004124604, 0.000663398648612, 0.000767709163483, -0.000897232675925, 1.60040090122e-05, 0.000115008646389, -0.00513392919675, 0.0143279107288, -0.00539036793634, 0.000241928180913, -0.000806406838819], [0.00024539680453, 0.000541551387869, 0.000733040214982, -0.000215801148443, 0.000103218895674, -0.00108284782618, 4.31171611126e-05, -0.00025758848642, 0.000929397065192, -0.00539036793634, 0.0141804944724, -0.00519257271662, 0.000778740737587], [-0.000245317030931, -0.000461131741758, -0.000503630784806, 0.000411802990129, -0.000762474082876, 0.00172708311584, -0.0014121189015, -0.000399041862693, 0.0010484540835, 0.000241928180913, -0.00519257271662, 0.0145961474627, -0.00468098837882], [0.000199046786292, 0.000430530169979, 0.00027503297315, -0.000175568391569, -5.66020971746e-05, -0.000693225185387, 0.00174154364504, -0.000773732666858, -0.000625173153821, -0.000806406838819, 0.000778740737587, -0.00468098837882, 0.0118009662256]], "mean": [-662.358520508, 107.669654846, -16.396572113, 31.3840789795, 3.85941338539, 7.05929517746, -1.14339971542, 2.62282919884, 1.20603096485, 3.69877386093, -4.42588043213, 0.531273365021, -1.10368287563]}, "spectral_contrast_valleys": {"min": [-27.20246315, -27.6045684814, -27.4851264954, -27.0687999725, -27.3145160675, -27.4152393341], "max": [-5.19483470917, -4.95991611481, -5.54413223267, -5.65423202515, -5.30794668198, -7.26498365402], "dvar2": [0.301577657461, 0.224304229021, 0.165097951889, 0.151613071561, 0.156703546643, 0.2153929919], "median": [-7.40380382538, -6.99267673492, -7.4078783989, -7.58795833588, -7.31914710999, -10.2598171234], "dmean2": [0.649071335793, 0.563793897629, 0.480667591095, 0.424609273672, 0.357931405306, 0.358154207468], "dmean": [0.394745290279, 0.344050556421, 0.297193199396, 0.27049523592, 0.237272694707, 0.263564914465], "var": [1.91894352436, 1.39538109303, 1.3717404604, 1.49739325047, 1.46541702747, 1.79028224945], "dvar": [0.125040590763, 0.0964447557926, 0.0764544457197, 0.0734567269683, 0.0810411348939, 0.122176297009], "mean": [-7.78432035446, -7.25633573532, -7.71497821808, -7.89983272552, -7.59921455383, -10.4900064468]}, "barkbands_flatness_db": {"min": 0.0176187455654, "max": 0.522456884384, "dvar2": 0.00114017515443, "median": 0.115273334086, "dmean2": 0.0305337775499, "dmean": 0.0197520889342, "var": 0.00408393656835, "dvar": 0.000469000893645, "mean": 0.129006758332}, "dynamic_complexity": 3.90365552902, "erbbands_flatness_db": {"min": 0.0221709534526, "max": 0.583957493305, "dvar2": 0.000521777896211, "median": 0.155901059508, "dmean2": 0.0237498115748, "dmean": 0.01