{"lowlevel": {"spectral_complexity": {"min": 0, "max": 54, "dvar2": 25.2902793884, "median": 17, "dmean2": 4.84532356262, "dmean": 3.09866833687, "var": 130.443832397, "dvar": 11.9536952972, "mean": 18.6780986786}, "silence_rate_20dB": {"min": 1, "max": 1, "dvar2": 0, "median": 1, "dmean2": 0, "dmean": 0, "var": 0, "dvar": 0, "mean": 1}, "average_loudness": 0.919286072254, "erbbands_spread": {"min": 1.7841347456, "max": 168.946166992, "dvar2": 202.971603394, "median": 39.67029953, "dmean2": 12.0576543808, "dmean": 7.97118473053, "var": 399.919799805, "dvar": 91.9400405884, "mean": 41.1281852722}, "spectral_kurtosis": {"min": -1.16545069218, "max": 70.6090621948, "dvar2": 34.6141700745, "median": 3.7600684166, "dmean2": 3.22752666473, "dmean": 1.97262370586, "var": 59.3324928284, "dvar": 13.3968725204, "mean": 6.15194654465}, "barkbands_kurtosis": {"min": -1.92720544338, "max": 152.023010254, "dvar2": 113.166717529, "median": 2.96777629852, "dmean2": 5.67849111557, "dmean": 3.4624838829, "var": 87.6844711304, "dvar": 40.5770187378, "mean": 5.96814823151}, "spectral_strongpeak": {"min": 0, "max": 14.4171495438, "dvar2": 1.51147150993, "median": 0.533857166767, "dmean2": 0.85777848959, "dmean": 0.515489935875, "var": 1.17177546024, "dvar": 0.61826479435, "mean": 0.928330600262}, "spectral_spread": {"min": 896014.5625, "max": 18658132, "dvar2": 876494782464, "median": 4483010.5, "dmean2": 707240, "dmean": 495088.3125, "var": 2829658095620.0, "dvar": 497284153344, "mean": 4616960}, "spectral_rms": {"min": 9.58304653409e-08, "max": 0.00953503698111, "dvar2": 1.72283489519e-06, "median": 0.00463177263737, "dmean2": 0.00116358220112, "dmean": 0.000734731263947, "var": 3.00446777146e-06, "dvar": 7.29701241653e-07, "mean": 0.00458718650043}, "erbbands": {"min": [1.68462275379e-11, 1.10885640947e-10, 4.76281680761e-10, 1.63226887562e-09, 3.14943737756e-09, 2.08509187694e-09, 4.80644080092e-10, 3.56645935007e-10, 1.70430378144e-10, 4.44249442788e-10, 1.4164562856e-09, 6.84638346016e-10, 4.52847370713e-10, 6.00917426929e-10, 7.00310698321e-10, 1.49373347025e-09, 4.0682079927e-09, 1.6815119297e-09, 1.9659893713e-09, 5.682176063e-09, 4.91362106558e-09, 2.8655435802e-09, 4.69984007267e-09, 5.33860600171e-09, 4.22819423918e-09, 6.56878018646e-09, 4.08792288908e-09, 1.67713709587e-09, 1.58326474153e-09, 3.51204909599e-09, 4.15021084166e-09, 2.55158272289e-09, 4.89971085926e-09, 6.16129369746e-09, 3.06450576026e-09, 7.8605549847e-10, 5.00941010895e-10, 4.33071606354e-10, 2.7602523045e-10, 6.29478899561e-11], "max": [2.06828117371, 12.8164329529, 47.100933075, 124.774757385, 100.77293396, 394.758911133, 261.138122559, 650.278320312, 738.722961426, 799.944763184, 1213.51708984, 1214.25085449, 2575.06469727, 1304.9588623, 2369.89819336, 1634.12731934, 1912.76391602, 1226.51708984, 1549.39001465, 909.34588623, 684.298828125, 909.899536133, 513.997253418, 432.477844238, 422.079223633, 319.929626465, 307.364227295, 299.920623779, 209.953140259, 280.277435303, 188.460266113, 105.96622467, 138.739547729, 50.9657325745, 34.4423828125, 14.192191124, 4.98850917816, 0.919546306133, 0.137022614479, 0.00499363336712], "dvar2": [0.0580208897591, 3.92417669296, 50.2534599304, 124.00604248, 175.736801147, 2314.54199219, 420.2684021, 2558.30859375, 3388.7800293, 4857.48828125, 4875.40429688, 6876.18603516, 6494.95654297, 4511.04785156, 5356.38623047, 5818.4375, 5119.34472656, 3309.87768555, 6231.29785156, 1887.92993164, 1362.06347656, 1361.01745605, 1139.95666504, 720.460388184, 608.112976074, 425.236206055, 282.189758301, 191.986877441, 96.3062973022, 74.316696167, 53.9904823303, 18.3368587494, 12.614859581, 4.38748121262, 3.12939429283, 0.521454691887, 0.0829873234034, 0.00296717649326, 7.25457211956e-05, 1.39702095225e-07], "median": [0.03243996948, 0.359394550323, 1.10130000114, 2.32972550392, 3.98595261574, 5.65464258194, 10.0059509277, 16.2447929382, 12.7127065659, 10.3244810104, 9.84239864349, 11.4447841644, 8.8775062561, 6.77827644348, 5.92491817474, 5.05618810654, 5.95806837082, 5.26679754257, 6.48464775085, 5.91920900345, 7.92422771454, 8.70575618744, 9.85017299652, 8.32362556458, 9.06390571594, 8.78747844696, 6.29721689224, 4.75876235962, 3.05436491966, 2.04631638527, 1.3119032383, 0.822681963444, 0.526679992676, 0.281684190035, 0.130219191313, 0.0559139735997, 0.0179033037275, 0.00351145607419, 0.000440195668489, 5.11430371262e-05], "dmean2": [0.120771937072, 0.972663521767, 3.36210083961, 5.67466878891, 8.12206077576, 17.1668338776, 13.8764247894, 28.1798095703, 26.3850727081, 29.0148391724, 28.7078304291, 32.8824920654, 27.288225174, 22.374458313, 19.251033783, 20.2658729553, 22.4721431732, 16.4968452454, 19.4511432648, 15.9175567627, 16.1983699799, 15.4428653717, 15.8422660828, 12.4786262512, 12.4844141006, 10.6208734512, 7.93540382385, 6.22529697418, 4.04960536957, 3.21959137917, 2.36391711235, 1.44529414177, 1.07689130306, 0.682847559452, 0.439583033323, 0.201166659594, 0.0772110000253, 0.0190687123686, 0.00300152297132, 0.000136404065415], "dmean": [0.0742691904306, 0.554887652397, 1.90767765045, 3.31877660751, 4.94469594955, 10.7496299744, 8.76672363281, 17.7712039948, 16.4846458435, 18.0514183044, 18.7529277802, 21.0098514557, 17.9904747009, 14.7849464417, 13.0241441727, 13.1229906082, 14.2317485809, 10.469250679, 12.0737133026, 10.1339883804, 10.0890579224, 9.61006832123, 9.65171909332, 7.78618955612, 7.78051137924, 6.60248947144, 4.8930311203, 3.91802620888, 2.60787081718, 2.08144402504, 1.55492806435, 0.966023087502, 0.725086271763, 0.44998845458, 0.285261660814, 0.134617984295, 0.0525837950408, 0.012986259535, 0.00206032744609, 9.4541857834e-05], "var": [0.0327774845064, 1.3455145359, 15.6546583176, 48.0621261597, 106.094810486, 1026.52612305, 432.86920166, 1961.29309082, 2383.18359375, 3104.06616211, 4757.99462891, 5893.23193359, 6179.72509766, 3789.26660156, 5459.70703125, 4469.55615234, 5078.03027344, 2477.02734375, 2892.46777344, 1823.43603516, 1269.61584473, 1091.39685059, 886.924255371, 685.074645996, 701.710510254, 484.760253906, 260.386688232, 178.533248901, 101.577095032, 72.5365524292, 45.0085144043, 20.261680603, 13.3453826904, 4.98887300491, 1.53623104095, 0.324211657047, 0.0521019026637, 0.00284221000038, 6.10836505075e-05, 1.20464321185e-07], "dvar": [0.0238798782229, 1.38839435577, 18.0906143188, 47.2852020264, 74.1475982666, 952.171936035, 169.727416992, 1002.87731934, 1313.16430664, 1854.31481934, 2150.86279297, 2946.99023438, 3063.19360352, 1974.16125488, 2579.90039062, 2305.54077148, 2152.48388672, 1379.2421875, 2333.05395508, 833.009460449, 574.797851562, 539.015197754, 430.79119873, 283.909423828, 252.360473633, 172.158157349, 110.487594604, 77.9096832275, 40.7878990173, 33.359752655, 24.1150932312, 8.21456813812, 5.68640518188, 1.96201002598, 1.19454395771, 0.212052464485, 0.0343010500073, 0.00137388159055, 3.27240668412e-05, 6.35952233097e-08], "mean": [0.0979590043426, 0.725415527821, 2.28140377998, 4.47171163559, 7.35587120056, 13.9987783432, 17.1749820709, 31.5647792816, 28.8255825043, 29.4480552673, 32.1469535828, 35.09740448, 30.3112926483, 24.3753414154, 22.8191165924, 22.7431602478, 24.7328071594, 17.7877998352, 19.5198364258, 18.072101593, 19.6441249847, 19.4953670502, 19.4434051514, 16.9696712494, 17.7541484833, 15.5720348358, 11.6372013092, 9.31090259552, 6.68830442429, 4.72908973694, 3.31385946274, 2.1607029438, 1.53268110752, 0.92906165123, 0.489157319069, 0.22659856081, 0.0847516432405, 0.0211297608912, 0.00311803910881, 0.000164118086104]}, "zerocrossingrate": {"min": 0.0029296875, "max": 0.57666015625, "dvar2": 0.000203583360417, "median": 0.05517578125, "dmean2": 0.011431180872, "dmean": 0.00962931849062, "var": 0.00162250583526, "dvar": 0.000180944756721, "mean": 0.0591550804675}, "spectral_contrast_coeffs": {"min": [-0.94636040926, -0.945900022984, -0.951723217964, -0.943802237511, -0.952210605145, -0.935674071312], "max": [-0.272931575775, -0.447043806314, -0.442470639944, -0.535604953766, -0.552030861378, -0.582779467106], "dvar2": [0.0053064157255, 0.00423973845318, 0.00251433998346, 0.00155046058353, 0.000916815944947, 0.000570488162339], "median": [-0.646514415741, -0.713101029396, -0.761244535446, -0.791691541672, -0.794347643852, -0.745983481407], "dmean2": [0.0884459167719, 0.0787348300219, 0.0615785606205, 0.0486881695688, 0.0356617420912, 0.0264640301466], "dmean": [0.053522977978, 0.0487806908786, 0.0390045270324, 0.0303697660565, 0.022287638858, 0.0169559828937], "var": [0.00760134728625, 0.00543568842113, 0.00482708355412, 0.00314644654281, 0.00232549197972, 0.00236570392735], "dvar": [0.00205302378163, 0.00162550213281, 0.00106694060378, 0.000650409783702, 0.000386282801628, 0.000255266670138], "mean": [-0.632792174816, -0.70761680603, -0.753081560135, -0.782573580742, -0.788320481777, -0.753617584705]}, "dissonance": {"min": 0.212013587356, "max": 0.500000119209, "dvar2": 0.00108197517693, "median": 0.467499315739, "dmean2": 0.032814450562, "dmean": 0.0197679530829, "var": 0.00114657345694, "dvar": 0.000413227564422, "mean": 0.458107203245}, "spectral_energyband_high": {"min": 3.72028406345e-12, "max": 0.0154653517529, "dvar2": 9.87900421023e-07, "median": 0.000511141028255, "dmean2": 0.000460822280729, "dmean": 0.000312661373755, "var": 1.55808982072e-06, "dvar": 4.53144707535e-07, "mean": 0.000957013573498}, "spectral_skewness": {"min": -0.252835661173, "max": 6.77028608322, "dvar2": 0.214096516371, "median": 1.44177818298, "dmean2": 0.359558552504, "dmean": 0.231864228845, "var": 0.756786704063, "dvar": 0.0935117676854, "mean": 1.7059751749}, "spectral_flux": {"min": 7.36634910936e-06, "max": 0.29109531641, "dvar2": 0.00163682422135, "median": 0.0774129554629, "dmean2": 0.0368209369481, "dmean": 0.0229770839214, "var": 0.00209987093695, "dvar": 0.000727370032109, "mean": 0.0824729651213}, "silence_rate_30dB": {"min": 1, "max": 1, "dvar2": 0, "median": 1, "dmean2": 0, "dmean": 0, "var": 0, "dvar": 0, "mean": 1}, "spectral_energyband_middle_high": {"min": 6.35280402502e-13, "max": 0.0559791699052, "dvar2": 1.82563107956e-05, "median": 0.00254738656804, "dmean2": 0.00216607516631, "dmean": 0.00146021554247, "var": 3.52749812009e-05, "dvar": 8.14189115772e-06, "mean": 0.00455755367875}, "barkbands_spread": {"min": 0.40460985899, "max": 117.189826965, "dvar2": 105.070770264, "median": 18.1698741913, "dmean2": 8.08744525909, "dmean": 5.26021432877, "var": 210.076446533, "dvar": 48.9411659241, "mean": 20.4535503387}, "spectral_centroid": {"min": 125.412742615, "max": 5762.16943359, "dvar2": 168886.296875, "median": 1129.20129395, "dmean2": 354.482421875, "dmean": 230.936950684, "var": 485156.4375, "dvar": 78869.578125, "mean": 1215.60925293}, "pitch_salience": {"min": 0.131768763065, "max": 0.869975924492, "dvar2": 0.0126806134358, "median": 0.589215755463, "dmean2": 0.125737085938, "dmean": 0.0751557722688, "var": 0.0106738740578, "dvar": 0.00453273532912, "mean": 0.579757034779}, "erbbands_skewness": {"min": -4.86266994476, "max": 5.80766773224, "dvar2": 0.325148940086, "median": 0.56131708622, "dmean2": 0.571939647198, "dmean": 0.374844789505, "var": 0.802763342857, "dvar": 0.149887889624, "mean": 0.641234219074}, "erbbands_crest": {"min": 2.12532043457, "max": 31.9207134247, "dvar2": 17.1558971405, "median": 8.1981420517, "dmean2": 4.39176464081, "dmean": 2.73041558266, "var": 20.3841514587, "dvar": 7.23976325989, "mean": 9.29769992828}, "melbands": {"min": [1.56997610984e-13, 2.15901569626e-13, 3.34697195089e-13, 2.05032524162e-13, 2.59403958681e-14, 7.43593876659e-15, 2.42113928292e-15, 6.50692065333e-15, 1.12604475305e-14, 3.78754085793e-15, 2.21174723264e-15, 2.40727652994e-15, 2.30689656119e-15, 2.3852238154e-15, 7.40971632061e-15, 7.36550204779e-15, 2.56488500923e-15, 2.84244373e-15, 4.57040385965e-15, 9.50450757323e-15, 4.96365161091e-15, 3.13412566638e-15, 2.89378599682e-15, 4.76848929063e-15, 4.42888794757e-15, 2.23613585229e-15, 4.19018813381e-15, 4.42986118843e-15, 2.51761104165e-15, 2.20998328653e-15, 5.77508175169e-16, 7.04997221642e-16, 1.53391239885e-15, 2.09540153986e-15, 2.62783670963e-15, 2.06650014043e-15, 1.28284908043e-15, 2.13450206302e-15, 7.17099871915e-15, 4.59767620297e-15], "max": [0.0162728186697, 0.0185007303953, 0.0176756586879, 0.0207038130611, 0.00710866739973, 0.0130279511213, 0.0136351017281, 0.0088314730674, 0.0103989169002, 0.0083571607247, 0.012688129209, 0.00568045349792, 0.0068922676146, 0.0059923552908, 0.00380336353555, 0.0037206208799, 0.00240018847398, 0.00278697162867, 0.00187143974472, 0.00154217216186, 0.000648680201266, 0.000621269980911, 0.00156086927745, 0.000526155170519, 0.000421650969656, 0.000343524618074, 0.000321868079482, 0.00021778800874, 0.000165267774719, 0.000201818882488, 0.000155056011863, 0.000100908197055, 0.000115164322779, 0.000177378256922, 0.000142980163218, 6.31994189462e-05, 5.9636124206e-05, 0.000103032980405, 6.54419491184e-05, 4.01751240133e-05], "dvar2": [4.65426637675e-06, 9.90967782855e-06, 2.90163802674e-06, 5.81468884775e-06, 5.96280074205e-07, 1.07147604922e-06, 7.43895611777e-07, 5.75600950015e-07, 3.38089023444e-07, 2.64735547262e-07, 1.66631139109e-07, 8.11527485212e-08, 5.03625194881e-08, 5.54320997992e-08, 2.82628764836e-08, 2.83484560271e-08, 1.27763088997e-08, 1.90912512466e-08, 6.3584337795e-09, 5.22644105772e-09, 2.18631157622e-09, 1.64140967485e-09, 2.43577757963e-09, 8.78325745468e-10, 6.37583985608e-10, 4.00402683232e-10, 3.77464032253e-10, 2.03189631787e-10, 9.68208915819e-11, 1.42505729439e-10, 7.22816112519e-11, 4.72494716963e-11, 2.68995312136e-11, 2.73243979526e-11, 2.54564425095e-11, 1.10662451425e-11, 6.89103591897e-12, 7.1394036516e-12, 6.08623134529e-12, 2.84259746818e-12], "median": [0.000371682515834, 0.000615139957517, 0.000479137495859, 0.000356390315574, 0.000364630337572, 0.000371312082279, 0.000186084012967, 0.000104574333818, 7.37387890695e-05, 6.65428451612e-05, 3.97982621507e-05, 2.48521791946e-05, 1.70975999936e-05, 1.43999250213e-05, 1.0905147974e-05, 1.16622786663e-05, 7.74196450948e-06, 9.63278853305e-06, 7.0892738222e-06, 7.84309759183e-06, 8.69546147442e-06, 8.24752532935e-06, 8.42457211547e-06, 7.48495631342e-06, 5.86756186749e-06, 6.09054768574e-06, 6.00268276685e-06, 5.25703308085e-06, 3.59215641765e-06, 3.44048908119e-06, 2.36162213696e-06, 1.72373768237e-06, 1.3018404843e-06, 9.82308506536e-07, 7.98952612513e-07, 5.11230609845e-07, 4.77786045394e-07, 3.66813083019e-07, 3.11248811613e-07, 2.04413282745e-07], "dmean2": [0.00109293742571, 0.00152366561815, 0.000954131653998, 0.00096028536791, 0.000500546593685, 0.000596035912167, 0.00039781111991, 0.00031540391501, 0.000237199477851, 0.000203276242246, 0.000136975475471, 9.50212706812e-05, 6.30153590464e-05, 5.85650559515e-05, 4.96734428452e-05, 4.99918205605e-05, 3.23378480971e-05, 3.32227864419e-05, 2.39728469751e-05, 2.59340522462e-05, 2.07778539334e-05, 1.77375604835e-05, 1.85726767086e-05, 1.37487850225e-05, 1.12472926048e-05, 9.96425387711e-06, 8.93677406566e-06, 7.44189401303e-06, 5.05950674778e-06, 5.13460190632e-06, 3.97428357246e-06, 2.76053469861e-06, 2.17279284698e-06, 1.83877841664e-06, 1.59635055752e-06, 1.14184069844e-06, 9.21003390886e-07, 8.097329669e-07, 8.0881170561e-07, 5.43220778582e-07], "dmean": [0.000651697162539, 0.000869973795488, 0.000560045067687, 0.000608942995314, 0.000313200551318, 0.000375622708816, 0.000248066644417, 0.000198784880922, 0.000155049259774, 0.000129994383315, 8.98593789316e-05, 6.27430272289e-05, 4.22056727984e-05, 3.84468185075e-05, 3.22325104207e-05, 3.12778502121e-05, 2.02514165721e-05, 2.04144289455e-05, 1.50667137859e-05, 1.62331652973e-05, 1.2751783288e-05, 1.0988230315e-05, 1.12965590233e-05, 8.40650318423e-06, 6.99196789355e-06, 6.14615055383e-06, 5.54536472919e-06, 4.58697695649e-06, 3.11630924443e-06, 3.12433007821e-06, 2.47641401074e-06, 1.74841329681e-06, 1.39835242408e-06, 1.17545539524e-06, 1.03205593405e-06, 7.4131276051e-07, 6.02943487138e-07, 5.34374862582e-07, 5.26402061496e-07, 3.52139807092e-07], "var": [2.23533220378e-06, 3.27104999087e-06, 1.20458616948e-06, 3.04410332319e-06, 4.85423925056e-07, 8.42449878746e-07, 5.14287535225e-07, 3.94893163502e-07, 3.21238786682e-07, 2.32300649827e-07, 1.54647082695e-07, 6.97079229894e-08, 5.21111758189e-08, 3.83127591874e-08, 2.55543373129e-08, 2.30431744797e-08, 9.13304454286e-09, 8.14705813923e-09, 4.56637438973e-09, 4.36691616201e-09, 1.83825921152e-09, 1.29656818615e-09, 1.48259782229e-09, 6.43469610928e-10, 5.21063914238e-10, 3.90813992279e-10, 3.57714746713e-10, 2.13612114108e-10, 9.65520996488e-11, 9.99772833965e-11, 6.61049201489e-11, 3.98208618857e-11, 2.68256632185e-11, 2.36502172013e-11, 1.84927611419e-11, 1.00781978249e-11, 7.08456904253e-12, 6.54148436807e-12, 6.37589417027e-12, 2.89891071217e-12], "dvar": [1.78241634785e-06, 3.57932663064e-06, 1.1074213262e-06, 2.52912900578e-06, 2.33483589795e-07, 4.19397906626e-07, 2.87634946972e-07, 2.24590479547e-07, 1.50014429323e-07, 1.14900231551e-07, 7.7914300789e-08, 3.56020457559e-08, 2.45461482251e-08, 2.23545342237e-08, 1.17947775991e-08, 1.1380904219e-08, 5.34859756485e-09, 7.12669701031e-09, 2.6371411721e-09, 2.32611729878e-09, 8.92875606784e-10, 6.42210007396e-10, 9.51591916376e-10, 3.37790850846e-10, 2.49844256395e-10, 1.60184018827e-10, 1.55300147742e-10, 8.08836470023e-11, 3.86183654499e-11, 5.45309561395e-11, 2.99696170658e-11, 1.8950204253e-11, 1.14867637971e-11, 1.23755840645e-11, 1.11051471838e-11, 4.83873488152e-12, 2.99613003678e-12, 3.07656764648e-12, 2.73144115832e-12, 1.2359254245e-12], "mean": [0.000887668458745, 0.00113627454266, 0.000811654201243, 0.000826672650874, 0.000596948026214, 0.000684081926011, 0.00042971142102, 0.000320250459481, 0.000258676882368, 0.000211981678149, 0.000146866601426, 9.87409148365e-05, 7.0262576628e-05, 6.31552247796e-05, 5.4266420193e-05, 5.09060773766e-05, 3.04729655909e-05, 3.07387526846e-05, 2.41375910264e-05, 2.58688869508e-05, 2.30099813052e-05, 2.06219501706e-05, 1.96204691747e-05, 1.56963833433e-05, 1.34127267302e-05, 1.27728817461e-05, 1.19116239148e-05, 9.85376573226e-06, 6.88478985467e-06, 6.52051039651e-06, 5.26350913788e-06, 3.93560640077e-06, 3.10884934152e-06, 2.41262182499e-06, 2.04333264264e-06, 1.47604725953e-06, 1.25483461488e-06, 1.06494326246e-06, 1.00926206414e-06, 6.93482661518e-07]}, "spectral_entropy": {"min": 5.34508657455, "max": 8.97254753113, "dvar2": 0.0758972764015, "median": 7.60849714279, "dmean2": 0.241662248969, "dmean": 0.161895170808, "var": 0.369995355606, "dvar": 0.036607850343, "mean": 7.41839551926}, "spectral_rolloff": {"min": 64.599609375, "max": 21425.5371094, "dvar2": 1800353.625, "median": 796.728515625, "dmean2": 781.934753418, "dmean": 467.009796143, "var": 2283151, "dvar": 828997, "mean": 1360.27685547}, "barkbands": {"min": [1.00652538875e-13, 5.06711805761e-13, 5.60426610175e-14, 7.17014121687e-13, 7.51572090153e-13, 3.75986608926e-14, 9.43881000377e-15, 5.87078264691e-14, 2.91704391219e-14, 1.73457778631e-14, 1.5657146532e-14, 2.43282600825e-14, 8.54095711256e-14, 2.5720584042e-14, 5.82306961981e-14, 1.14409824388e-13, 4.61115148072e-14, 1.07470435817e-13, 7.19682017973e-14, 1.36544421603e-13, 6.61038267852e-14, 5.43618325539e-14, 1.53016474816e-13, 1.8732854623e-13, 5.49101833881e-13, 2.3895791487e-13, 3.14915389772e-12], "max": [0.00438391510397, 0.0590664222836, 0.0562062934041, 0.040470328182, 0.0763619244099, 0.0574061013758, 0.076635286212, 0.0421049743891, 0.0435956455767, 0.065473549068, 0.0492446869612, 0.0416453294456, 0.035455390811, 0.0242260117084, 0.0254124160856, 0.0167252197862, 0.0231203697622, 0.00814852770418, 0.00744870537892, 0.00604621786624, 0.00588030880317, 0.00483693554997, 0.00732043152675, 0.007293689996, 0.00329937436618, 0.00288924644701, 0.000704491569195], "dvar2": [2.63657142341e-07, 6.7150896939e-05, 5.57739695068e-05, 1.31397191581e-05, 8.01039714133e-05, 2.17491233343e-05, 1.71894698724e-05, 1.17390864034e-05, 1.01220712168e-05, 6.34756634099e-06, 3.25901487486e-06, 3.62996638614e-06, 2.5529393497e-06, 1.46277534441e-06, 1.63154106758e-06, 7.24897006421e-07, 6.59411227844e-07, 3.20652446817e-07, 2.34365671758e-07, 1.78314408572e-07, 1.43594547808e-07, 6.52208171914e-08, 6.67188686521e-08, 3.90496701641e-08, 3.63010812521e-08, 1.91751894363e-08, 1.94298355183e-09], "median": [2.99157836707e-05, 0.00155660137534, 0.000934824231081, 0.000778726534918, 0.00176601787098, 0.00196531973779, 0.00073355215136, 0.000414198788349, 0.000411702261772, 0.000239546454395, 0.000120126009278, 0.000102677964605, 0.000114201917313, 7.96136373538e-05, 0.000109936838271, 0.000117979296192, 0.00015456287656, 0.000166132915183, 0.000168720915099, 0.000174101980519, 0.000141788550536, 8.30940844025e-05, 4.91949685966e-05, 3.51752860297e-05, 2.17122506001e-05, 1.09983811853e-05, 2.30539671975e-06], "dmean2": [0.000242286128923, 0.00412079505622, 0.00347570027225, 0.00195439625531, 0.00382585451007, 0.00283887982368, 0.00190215196926, 0.00147755607031, 0.00130667060148, 0.000889168179128, 0.000489954079967, 0.000489108206239, 0.000508528843056, 0.000340163445799, 0.00035776704317, 0.000336040538969, 0.00033929842175, 0.000283995090285, 0.000248642929364, 0.000216248081415, 0.000177993337275, 0.000111784451292, 8.56078258948e-05, 6.30673457636e-05, 5.87822360103e-05, 4.16061993747e-05, 1.60061754286e-05], "dmean": [0.000152052321937, 0.00240312493406, 0.00198371894658, 0.00115070084576, 0.00241901050322, 0.00179053854663, 0.00117541255895, 0.00095961795887, 0.000839284213725, 0.000588598835748, 0.000323555141222, 0.000315632962156, 0.00031853892142, 0.000212991551962, 0.000222895207116, 0.000210706944927, 0.000209161356906, 0.000173146196175, 0.000155361878569, 0.000134703965159, 0.000111090259452, 7.20198804629e-05, 5.66057642573e-05, 4.26237784268e-05, 3.89971974073e-05, 2.85060268652e-05, 1.10610362754e-05], "var": [1.45345467217e-07, 2.79320520349e-05, 1.7402229787e-05, 5.60073885936e-06, 4.2695330194e-05, 1.8116681531e-05, 1.08111498776e-05, 1.03281381598e-05, 8.91468971531e-06, 6.18849026068e-06, 2.95532436212e-06, 2.54765745922e-06, 2.30730370276e-06, 9.32941702558e-07, 9.20353556921e-07, 6.33039917375e-07, 5.14323687639e-07, 2.59725453589e-07, 2.64622173063e-07, 1.97584029138e-07, 1.31686604732e-07, 7.64662146935e-08, 5.98852452072e-08, 4.53449686688e-08, 3.16435304626e-08, 1.44805225588e-08, 1.7963222021e-09], "dvar": [1.10418149291e-07, 2.46653216891e-05, 2.03033578146e-05, 4.93556399306e-06, 3.43354040524e-05, 8.50249216455e-06, 6.57042983221e-06, 4.99113775732e-06, 4.36811387772e-06, 2.91858373203e-06, 1.55373561483e-06, 1.41707255352e-06, 1.03188915546e-06, 6.00956411745e-07, 6.33126774119e-07, 3.24104860283e-07, 2.64351569967e-07, 1.24024197135e-07, 9.58871169132e-08, 7.22843722656e-08, 5.68778446564e-08, 2.82774976768e-08, 3.07300673796e-08, 1.78191559286e-08, 1.53204062769e-08, 8.22292101077e-09, 8.97294127888e-10], "mean": [0.00017625966575, 0.00326211727224, 0.00219331728294, 0.00156705663539, 0.00354221556336, 0.00338992406614, 0.00191448780242, 0.00152984901797, 0.00135904341005, 0.00097403570544, 0.000510726706125, 0.000508323428221, 0.00052162684733, 0.000313165306579, 0.000353230570909, 0.000352321454557, 0.000389056280255, 0.000334267446306, 0.000341792678228, 0.000311852258164, 0.000261263601715, 0.000184308795724, 0.000121445569675, 9.53700873652e-05, 7.58926253184e-05, 4.81449751533e-05, 1.69379236468e-05]}, "melbands_flatness_db": {"min": 0.0440600588918, "max": 0.612519681454, "dvar2": 0.00171079358552, "median": 0.19003097713, "dmean2": 0.040720205754, "dmean": 0.0259562954307, "var": 0.00908637139946, "dvar": 0.000717292074114, "mean": 0.214227646589}, "melbands_skewness": {"min": -1.14772605896, "max": 13.2118377686, "dvar2": 1.74777925014, "median": 2.56234741211, "dmean2": 1.14167225361, "dmean": 0.725529491901, "var": 2.19836807251, "dvar": 0.699787914753, "mean": 2.72237014771}, "barkbands_skewness": {"min": -2.57205104828, "max": 8.58805561066, "dvar2": 0.937386572361, "median": 1.62826621532, "dmean2": 0.876428544521, "dmean": 0.555505812168, "var": 1.33909928799, "dvar": 0.3696167171, "mean": 1.76258158684}, "silence_rate_60dB": {"min": 0, "max": 1, "dvar2": 0.0253044459969, "median": 0, "dmean2": 0.0230047423393, "dmean": 0.0115012107417, "var": 0.0526740215719, "dvar": 0.0113671571016, "mean": 0.0557853318751}, "spectral_energyband_low": {"min": 1.46859152443e-12, "max": 0.0751403272152, "dvar2": 0.000178762027645, "median": 0.00354320416227, "dmean2": 0.00715629896149, "dmean": 0.00419214041904, "var": 8.1772916019e-05, "dvar": 6.81402889313e-05, "mean": 0.00652612559497}, "spectral_energyband_middle_low": {"min": 1.60753918857e-12, "max": 0.0843942016363, "dvar2": 0.000120694719953, "median": 0.011112335138, "dmean2": 0.00794342812151, "dmean": 0.00510535342619, "var": 0.000130028376589, "dvar": 5.055530346e-05, "mean": 0.0137258926407}, "melbands_kurtosis": {"min": -1.88707315922, "max": 286.977325439, "dvar2": 488.814453125, "median": 9.76418304443, "dmean2": 12.1892232895, "dmean": 7.48674201965, "var": 340.089416504, "dvar": 183.527511597, "mean": 15.1830615997}, "spectral_decrease": {"min": -2.36020820665e-08, "max": 1.11644782343e-17, "dvar2": 1.69909779961e-17, "median": -5.38395639182e-09, "dmean2": 3.22604520875e-09, "dmean": 2.00580307919e-09, "var": 1.66217708928e-17, "dvar": 6.90733696354e-18, "mean": -6.05145800137e-09}, "erbbands_kurtosis": {"min": -1.88291478157, "max": 52.0021095276, "dvar2": 10.7219572067, "median": -0.293262004852, "dmean2": 1.79417026043, "dmean": 1.14507508278, "var": 12.4853134155, "dvar": 4.44653701782, "mean": 0.967751085758}, "melbands_crest": {"min": 3.30479884148, "max": 33.6340332031, "dvar2": 26.9079494476, "median": 12.5399856567, "dmean2": 5.89290952682, "dmean": 3.53012251854, "var": 25.2090110779, "dvar": 10.1189994812, "mean": 13.3950176239}, "gfcc": {"cov": [[10187.3916016, -2948.25390625, -1402.28405762, 282.881469727, -863.438537598, -76.1418151855, -204.328826904, 231.858352661, -261.052398682, 221.406509399, -96.0446014404, 269.184082031, 27.4928684235], [-2948.25390625, 1980.67614746, 226.823242188, -71.4711685181, 446.208679199, -82.0986404419, 192.363113403, -68.9256286621, 152.973312378, -109.448410034, 84.0258712769, -139.578201294, 35.2609481812], [-1402.28405762, 226.823242188, 1027.57763672, -33.3304176331, 172.738342285, 177.554855347, 30.6662197113, 14.0166940689, 69.5378189087, -12.3041286469, -19.9366226196, -14.3259162903, -44.2516288757], [282.881469727, -71.4711685181, -33.3304176331, 351.590301514, 32.6337738037, -16.3341522217, -7.43642807007, -1.08558940887, 23.1604423523, 30.8929195404, 10.3605070114, 17.5695419312, 39.6108932495], [-863.438537598, 446.208679199, 172.738342285, 32.6337738037, 386.499328613, 33.5129699707, 89.925453186, -6.21889209747, 51.4046859741, -11.2613639832, 9.63445663452, -37.1619262695, 16.0455036163], [-76.1418151855, -82.0986404419, 177.554855347, -16.3341522217, 33.5129699707, 257.355773926, 83.7052841187, 33.3199958801, 6.88442659378, 12.9069986343, 19.4912376404, -0.841766119003, -22.0712432861], [-204.328826904, 192.363113403, 30.6662197113, -7.43642807007, 89.925453186, 83.7052841187, 181.881896973, 42.3596153259, 19.5700359344, -9.36968421936, 14.9935293198, -9.1600818634, 5.0414891243], [231.858352661, -68.9256286621, 14.0166940689, -1.08558940887, -6.21889209747, 33.3199958801, 42.3596153259, 125.979293823, 46.4365005493, 18.3335075378, -4.82749795914, 4.02547550201, -4.16732168198], [-261.052398682, 152.973312378, 69.5378189087, 23.1604423523, 51.4046859741, 6.88442659378, 19.5700359344, 46.4365005493, 124.3567276, 28.9217071533, 7.7895154953, -15.3480081558, -0.859544336796], [221.406509399, -109.448410034, -12.3041286469, 30.8929195404, -11.2613639832, 12.9069986343, -9.36968421936, 18.3335075378, 28.9217071533, 98.9968185425, 32.8887443542, 14.0379610062, -7.16136598587], [-96.0446014404, 84.0258712769, -19.9366226196, 10.3605070114, 9.63445663452, 19.4912376404, 14.9935293198, -4.82749795914, 7.7895154953, 32.8887443542, 91.5311355591, 27.85505867, 4.05054140091], [269.184082031, -139.578201294, -14.3259162903, 17.5695419312, -37.1619262695, -0.841766119003, -9.1600818634, 4.02547550201, -15.3480081558, 14.0379610062, 27.85505867, 80.0294876099, 25.9365711212], [27.4928684235, 35.2609481812, -44.2516288757, 39.6108932495, 16.0455036163, -22.0712432861, 5.0414891243, -4.16732168198, -0.859544336796, -7.16136598587, 4.05054140091, 25.9365711212, 78.8867874146]], "icov": [[0.000237362895859, 0.000239873741521, 0.00023957338999, -0.000120795739349, 0.000104453181848, 2.07411976589e-05, -8.24407034088e-05, -0.000323938322254, 0.000186728473636, -0.000223879033001, 0.000220369998715, -0.000268484698609, 3.64826883015e-05], [0.000239873741521, 0.00167377723847, -2.44723723881e-05, 0.000245571922278, -0.000668403110467, 0.001118412707, -0.00128074013628, 0.000683521211613, -0.00139569875319, 0.0015733364271, -0.00228872080334, 0.0021023012232, -0.000848018971737], [0.00023957338999, -2.44723723881e-05, 0.00162337638903, -8.86034831638e-05, -0.000372330163373, -0.00118851149455, 0.000635895237792, -0.000273307960015, -0.000349970709067, -0.00016505374515, 0.00129508436657, -0.00143664050847, 0.000957745418418], [-0.000120795739349, 0.000245571922278, -8.86034831638e-05, 0.00334213371389, -0.000555834791157, 0.000259884400293, -4.85028467665e-05, 0.000649243360385, -0.000965873652603, -0.000470488768769, -0.000506784999743, 0.000429266568972, -0.00174071709625], [0.000104453181848, -0.000668403110467, -0.000372330163373, -0.000555834791157, 0.00414742249995, -0.000218185421545, -0.00120894773863, 0.000286981317913, -6.6531538323e-05, -0.000853959238157, 0.000743589189369, 0.000425813050242, -0.00073603366036], [2.07411976589e-05, 0.001118412707, -0.00118851149455, 0.000259884400293, -0.000218185421545, 0.00646670581773, -0.0034382971935, -5.11519610882e-05, -0.000115899500088, 0.00050847424427, -0.00287456298247, 0.00197562691756, 0.000309304625262], [-8.24407034088e-05, -0.00128074013628, 0.000635895237792, -4.85028467665e-05, -0.00120894773863, -0.0034382971935, 0.00940553657711, -0.00340410810895, 0.00129773491062, 0.000297208403936, 0.000500766676851, -0.00111639825627, -0.000132277025841], [-0.000323938322254, 0.000683521211613, -0.000273307960015, 0.000649243360385, 0.000286981317913, -5.11519610882e-05, -0.00340410810895, 0.0122253857553, -0.0057349158451, 0.000222709626541, 0.000527486670762, -0.000134431524202, 9.35983553063e-05], [0.000186728473636, -0.00139569875319, -0.000349970709067, -0.000965873652603, -6.6531538323e-05, -0.000115899500088, 0.00129773491062, -0.0057349158451, 0.0136447828263, -0.00508993817493, 0.00154749688227, 0.000500141060911, -0.000114629110612], [-0.000223879033001, 0.0015733364271, -0.00016505374515, -0.000470488768769, -0.000853959238157, 0.00050847424427, 0.000297208403936, 0.000222709626541, -0.00508993817493, 0.0161569714546, -0.00765760615468, 0.0017110304907, 0.00106906448491], [0.000220369998715, -0.00228872080334, 0.00129508436657, -0.000506784999743, 0.000743589189369, -0.00287456298247, 0.000500766676851, 0.000527486670762, 0.00154749688227, -0.00765760615468, 0.0196506585926, -0.0100849634036, 0.00259599369019], [-0.000268484698609, 0.0021023012232, -0.00143664050847, 0.000429266568972, 0.000425813050242, 0.00197562691756, -0.00111639825627, -0.000134431524202, 0.000500141060911, 0.0017110304907, -0.0100849634036, 0.0227551776916, -0.00814006105065], [3.64826883015e-05, -0.000848018971737, 0.000957745418418, -0.00174071709625, -0.00073603366036, 0.000309304625262, -0.000132277025841, 9.35983553063e-05, -0.000114629110612, 0.00106906448491, 0.00259599369019, -0.00814006105065, 0.0173424892128]], "mean": [-7.12391853333, 92.5236587524, -100.043899536, 28.6260585785, -57.7245521545, -1.64569675922, -34.1564598083, 4.71728420258, -22.1101207733, 2.75268483162, -14.9670906067, 0.300525933504, -10.5973081589]}, "melbands_spread": {"min": 0.41959643364, "max": 274.281555176, "dvar2": 213.743438721, "median": 16.358915329, "dmean2": 9.48673725128, "dmean": 6.08787536621, "var": 323.489440918, "dvar": 101.16985321, "mean": 20.4828891754}, "spectral_energy": {"min": 9.41306494556e-12, "max": 0.0931898504496, "dvar2": 0.000252284284215, "median": 0.021989652887, "dmean2": 0.0125244501978, "dmean": 0.00780914770439, "var": 0.000270038872259, "dvar": 0.000103445352579, "mean": 0.0246480442584}, "mfcc": {"cov": [[10064.6865234, -2752.09814453, -1198.47094727, -74.2113265991, -804.831359863, -354.700531006, -191.214324951, -135.212173462, -110.040229797, -152.300720215, -66.4903793335, -12.1729421616, 12.94576931], [-2752.09814453, 1724.4822998, 141.809951782, 69.8782348633, 241.178848267, 70.2797317505, 107.663398743, 78.5776443481, 56.5467224121, 93.4769058228, 41.2333106995, 5.2857298851, -28.6737155914], [-1198.47094727, 141.809951782, 767.146972656, -65.6836853027, 153.655166626, 116.490531921, 20.9364280701, 73.1603469849, 21.6146354675, 56.6430854797, 24.3964500427, 1.06187140942, 21.0616836548], [-74.2113265991, 69.8782348633, -65.6836853027, 342.578857422, 72.7764129639, 2.27601909637, -25.469789505, -25.7570724487, 30.2294750214, -11.1027488708, -18.9295063019, 10.718588829, 18.5078582764], [-804.831359863, 241.178848267, 153.655166626, 72.7764129639, 267.108642578, 85.0213623047, 26.2245502472, 16.9027919769, 43.7738571167, 33.3157920837, 16.4466438293, 11.7304801941, 11.9372329712], [-354.700531006, 70.2797317505, 116.490531921, 2.27601909637, 85.0213623047, 181.825042725, 84.7812347412, 32.5510597229, 15.3481750488, 23.0531406403, 26.7569713593, 5.58004617691, 6.89733171463], [-191.214324951, 107.663398743, 20.9364280701, -25.469789505, 26.2245502472, 84.7812347412, 170.078735352, 61.7756996155, 20.0707530975, 10.4834003448, 20.574005127, 13.3976535797, -1.11773347855], [-135.212173462, 78.5776443481, 73.1603469849, -25.7570724487, 16.9027919769, 32.5510597229, 61.7756996155, 124.655822754, 45.4820785522, 29.0645751953, 14.0583667755, 3.36261796951, 3.55320620537], [-110.040229797, 56.5467224121, 21.6146354675, 30.2294750214, 43.7738571167, 15.3481750488, 20.0707530975, 45.4820785522, 115.53011322, 46.6282424927, 13.1825447083, -2.01149439812, 1.13571989536], [-152.300720215, 93.4769058228, 56.6430854797, -11.1027488708, 33.3157920837, 23.0531406403, 10.4834003448, 29.0645751953, 46.6282424927, 108.14630127, 46.5360069275, 7.39436340332, 0.60689330101], [-66.4903793335, 41.2333106995, 24.3964500427, -18.9295063019, 16.4466438293, 26.7569713593, 20.574005127, 14.0583667755, 13.1825447083, 46.5360069275, 86.8435821533, 36.1797790527, 8.91657352448], [-12.1729421616, 5.2857298851, 1.06187140942, 10.718588829, 11.7304801941, 5.58004617691, 13.3976535797, 3.36261796951, -2.01149439812, 7.39436340332, 36.1797790527, 85.8280639648, 35.6789474487], [12.94576931, -28.6737155914, 21.0616836548, 18.5078582764, 11.9372329712, 6.89733171463, -1.11773347855, 3.55320620537, 1.13571989536, 0.60689330101, 8.91657352448, 35.6789474487, 78.8358306885]], "icov": [[0.000248927739449, 0.000348321773345, 0.000276207807474, -4.86517128593e-05, 0.000286657101242, 9.72756242845e-05, -1.08921567517e-05, -0.000151373431436, 4.10231295973e-05, -0.000167925230926, -4.34657704318e-05, 2.35512889049e-05, -2.68455314654e-05], [0.000348321773345, 0.00121562834829, 0.000381259102141, -0.000191323604668, -0.000255356106209, 0.000445099023636, -0.000456595502328, -0.000452018255601, 0.000315069133649, -0.000739111332223, -7.5276264397e-05, 5.59460495424e-05, 0.000325970730046], [0.000276207807474, 0.000381259102141, 0.00206752913073, 0.00043007262866, -0.000563916866668, -0.000769299513195, 0.000723145378288, -0.00117821991444, 0.000499444024172, -0.000695006689057, 0.000173703083419, 0.00018112892576, -0.000447426922619], [-4.86517128593e-05, -0.000191323604668, 0.00043007262866, 0.00360261532478, -0.00106900278479, -0.00034634428448, 0.000670972280204, 0.00072029477451, -0.00126618985087, 0.000559739943128, 0.000973049784079, -0.000625952903647, -0.000665878294967], [0.000286657101242, -0.000255356106209, -0.000563916866668, -0.00106900278479, 0.00636035297066, -0.00209502270445, 0.000433434790466, 0.000711425498594, -0.00162473658565, -0.000258310174104, 0.000152226057253, -0.00060231203679, -0.000263266090769], [9.72756242845e-05, 0.000445099023636, -0.000769299513195, -0.00034634428448, -0.00209502270445, 0.0092904297635, -0.0045127319172, 0.000320231862133, 0.000771857914515, -0.000494128384162, -0.00186640140601, 0.00152093742508, -0.000625811750069], [-1.08921567517e-05, -0.000456595502328, 0.000723145378288, 0.000670972280204, 0.000433434790466, -0.0045127319172, 0.00991390179843, -0.00392731605098, -0.000411641638493, 0.00144729705062, -0.000409809406847, -0.00155094289221, 0.000874811841641], [-0.000151373431436, -0.000452018255601, -0.00117821991444, 0.00072029477451, 0.000711425498594, 0.000320231862133, -0.00392731605098, 0.0124125666916, -0.00414013443515, -0.000738279428333, 0.000345107895555, 7.32175103622e-05, -0.000751586281694], [4.10231295973e-05, 0.000315069133649, 0.000499444024172, -0.00126618985087, -0.00162473658565, 0.000771857914515, -0.000411641638493, -0.00414013443515, 0.0129790185019, -0.00504643050954, 0.000608443107922, 0.00104336510412, -5.82105603826e-05], [-0.000167925230926, -0.000739111332223, -0.000695006689057, 0.000559739943128, -0.000258310174104, -0.000494128384162, 0.00144729705062, -0.000738279428333, -0.00504643050954, 0.0157539285719, -0.00784853100777, 0.00164568668697, 4.34817120549e-05], [-4.34657704318e-05, -7.5276264397e-05, 0.000173703083419, 0.000973049784079, 0.000152226057253, -0.00186640140601, -0.000409809406847, 0.000345107895555, 0.000608443107922, -0.00784853100777, 0.0196225754917, -0.00810610223562, 0.00132467295043], [2.35512889049e-05, 5.59460495424e-05, 0.00018112892576, -0.000625952903647, -0.00060231203679, 0.00152093742508, -0.00155094289221, 7.32175103622e-05, 0.00104336510412, 0.00164568668697, -0.00810610223562, 0.0183033999056, -0.00734660634771], [-2.68455314654e-05, 0.000325970730046, -0.000447426922619, -0.000665878294967, -0.000263266090769, -0.000625811750069, 0.000874811841641, -0.000751586281694, -5.82105603826e-05, 4.34817120549e-05, 0.00132467295043, -0.00734660634771, 0.0163998603821]], "mean": [-656.028564453, 126.48135376, 10.0997781754, 30.8340587616, -1.55274808407, -0.97148835659, -4.13188648224, -1.48064982891, -2.18245482445, -0.370910912752, -2.04427433014, -0.0830142498016, -1.90185987949]}, "spectral_contrast_valleys": {"min": [-17.6022815704, -18.1019039154, -18.444978714, -17.9458732605, -17.37241745, -19.0341091156], "max": [-5.36785650253, -4.55360651016, -5.14827728271, -5.37038373947, -5.68075656891, -7.39112043381], "dvar2": [0.319567352533, 0.209749117494, 0.185148060322, 0.16084626317, 0.159816533327, 0.205792680383], "median": [-7.11546230316, -6.46145868301, -7.39421844482, -7.82376766205, -7.36091947556, -9.95581626892], "dmean2": [0.651222348213, 0.542828977108, 0.499167978764, 0.439998209476, 0.367654770613, 0.334270894527], "dmean": [0.398472070694, 0.336760699749, 0.316031455994, 0.285987317562, 0.251484811306, 0.251480638981], "var": [0.789367377758, 0.80024176836, 1.03081560135, 1.17528963089, 1.77742469311, 2.00426483154], "dvar": [0.138520523906, 0.0840182751417, 0.0830874741077, 0.0746173933148, 0.0813931003213, 0.118768259883], "mean": [-7.27235460281, -6.61473798752, -7.57857561111, -8.03321075439, -7.76584196091, -10.3829698563]}, "barkbands_flatness_db": {"min": 0.0178066585213, "max": 0.458523720503, "dvar2": 0.00115994014777, "median": 0.1175211519, "dmean2": 0.0334423594177, "dmean": 0.021309453994, "var": 0.00524202687666, "dvar": 0.000472119601909, "mean": 0.138284921646}, "dynamic_complexity": 3.45279049873, "erbbands_flatness_db": {"min": 0.0252614915371, "max": 0.407226651907, "dvar2": 0.00065829284722, "median": 0.143879815936, "dmean2": 0.0248059593141, "dmean": 0.017180012539, "var": 0.00212861271575, "dvar": 0.000328251771862, "mean": 0.149592772126}, "hfc": 