{"lowlevel": {"spectral_complexity": {"min": 0, "max": 59, "dvar2": 54.0675849915, "median": 9, "dmean2": 5.21927785873, "dmean": 3.72152757645, "var": 119.372779846, "dvar": 32.8881072998, "mean": 12.3604354858}, "silence_rate_20dB": {"min": 1, "max": 1, "dvar2": 0, "median": 1, "dmean2": 0, "dmean": 0, "var": 0, "dvar": 0, "mean": 1}, "average_loudness": 0.860466241837, "erbbands_spread": {"min": 0.743001878262, "max": 231.105667114, "dvar2": 532.815979004, "median": 28.974193573, "dmean2": 17.8192672729, "dmean": 12.0162467957, "var": 673.905395508, "dvar": 240.952941895, "mean": 36.1080513}, "spectral_kurtosis": {"min": -1.5169262886, "max": 138.841430664, "dvar2": 49.2738380432, "median": 4.40295505524, "dmean2": 3.6175737381, "dmean": 2.35424017906, "var": 53.6756858826, "dvar": 21.3693180084, "mean": 6.0130314827}, "barkbands_kurtosis": {"min": -1.97216510773, "max": 1707.38464355, "dvar2": 5933.80517578, "median": 4.05387639999, "dmean2": 18.766746521, "dmean": 11.7200813293, "var": 2932.2121582, "dvar": 2420.89306641, "mean": 15.0580663681}, "spectral_strongpeak": {"min": 0, "max": 12.9392900467, "dvar2": 1.50341653824, "median": 0.393649727106, "dmean2": 0.758136928082, "dmean": 0.458393633366, "var": 1.1470400095, "dvar": 0.618355929852, "mean": 0.837012529373}, "spectral_spread": {"min": 746375.1875, "max": 24140988, "dvar2": 2205331226620.0, "median": 4889104, "dmean2": 1151679, "dmean": 835175.9375, "var": 4789323694080.0, "dvar": 1199956164610.0, "mean": 5258241.5}, "spectral_rms": {"min": 4.01244142267e-06, "max": 0.0135342776775, "dvar2": 3.50217487721e-06, "median": 0.00381211889908, "dmean2": 0.00146004988346, "dmean": 0.00103951327037, "var": 6.2932081164e-06, "dvar": 1.76351045411e-06, "mean": 0.00413679750636}, "erbbands": {"min": [2.53447041132e-07, 7.04071183577e-08, 1.69872240718e-08, 6.79649829749e-08, 1.1869709482e-07, 3.95646857498e-08, 5.21731919889e-08, 3.95843962053e-08, 4.77181245628e-08, 5.14482678682e-08, 1.06226920593e-07, 1.09307187302e-07, 4.79342681103e-08, 5.53897478994e-08, 5.64612747667e-08, 7.58809832746e-08, 1.06238481123e-07, 8.538756191e-08, 9.3257462197e-08, 7.64160006383e-08, 1.13800645352e-07, 1.43499036653e-07, 9.68872768681e-08, 2.16015891397e-07, 1.45826234643e-07, 1.48846069692e-07, 1.4198448639e-07, 1.86385463508e-07, 1.3217622552e-07, 1.18061933563e-07, 1.10961885014e-07, 7.01518203527e-08, 7.39749523859e-08, 5.71786245018e-08, 4.72657859518e-08, 6.02317768994e-08, 4.4482426631e-08, 2.00668210937e-08, 6.30388807821e-09, 6.63445187676e-10], "max": [8.04172992706, 28.9833621979, 60.2636184692, 101.306724548, 122.107818604, 142.158447266, 261.902679443, 620.734375, 948.077209473, 2333.33642578, 3613.51586914, 1983.95043945, 1947.53747559, 2506.3293457, 1457.52905273, 935.423461914, 1129.82788086, 1088.06237793, 1417.87548828, 1084.90991211, 1416.99780273, 800.510742188, 744.60559082, 839.965332031, 439.0703125, 257.907165527, 163.554489136, 272.319641113, 258.415100098, 228.976593018, 231.889083862, 208.628936768, 194.486175537, 298.519439697, 58.5205612183, 24.6194419861, 6.93592166901, 0.590253591537, 0.0760411992669, 0.00280373380519], "dvar2": [0.411077648401, 25.0546073914, 98.9213562012, 58.3133430481, 108.32624054, 307.446350098, 319.508178711, 1052.18017578, 2422.38964844, 11263.0214844, 15887.3789062, 10539.9990234, 14687.0214844, 12870.5371094, 4923.61328125, 12909.4863281, 8105.42773438, 6062.47753906, 5540.13574219, 1862.85681152, 3875.32788086, 1803.66687012, 2315.33764648, 1772.59643555, 435.746612549, 237.591506958, 124.985404968, 94.7169876099, 101.633934021, 90.5404434204, 85.7926635742, 87.1602783203, 74.8189239502, 58.5533103943, 6.70837450027, 1.04062485695, 0.0691731646657, 0.000723408651538, 4.22963967139e-06, 1.70349849782e-08], "median": [0.0146222785115, 0.155085384846, 0.392051041126, 0.657263100147, 1.38692259789, 2.23069024086, 2.8895111084, 4.14566040039, 6.00158882141, 5.43780612946, 4.2390422821, 5.24218463898, 5.26155090332, 3.61335992813, 3.20998215675, 2.86275839806, 2.50177812576, 2.78725099564, 2.45074653625, 2.2917175293, 2.11161422729, 1.8059155941, 1.81597411633, 1.7462990284, 1.68521571159, 1.537956357, 0.873425424099, 0.632231354713, 0.641106963158, 0.500557780266, 0.460043817759, 0.357502043247, 0.269491702318, 0.142012119293, 0.0610356815159, 0.0336485207081, 0.010088223964, 0.00138552044518, 0.000122354336781, 3.51087583113e-05], "dmean2": [0.267703592777, 2.10708355904, 3.79838395119, 3.36328601837, 4.73359012604, 7.63006877899, 8.34000873566, 12.411356926, 19.014629364, 28.4581317902, 30.3703632355, 36.6800460815, 42.413608551, 35.1245422363, 26.4057254791, 33.5097389221, 29.6090126038, 26.4876689911, 23.4192142487, 14.355137825, 18.118314743, 13.980764389, 15.7734174728, 14.3113927841, 8.93788146973, 6.52463245392, 5.03417444229, 4.0419549942, 4.13709688187, 3.63793063164, 3.2112724781, 2.82560443878, 2.02042388916, 1.33774268627, 0.676302790642, 0.30608227849, 0.105528466403, 0.0114386305213, 0.000952512957156, 5.70825905015e-05], "dmean": [0.191800251603, 1.2775593996, 2.1767373085, 1.89716315269, 2.81136345863, 4.67633056641, 5.25707912445, 7.96492004395, 12.1136856079, 18.5142631531, 19.6134414673, 23.7381210327, 27.298746109, 23.081413269, 17.2259635925, 20.3789806366, 18.4917373657, 16.3841667175, 14.7128286362, 9.41905593872, 11.3599357605, 9.02724838257, 9.61892127991, 8.93094539642, 5.85346460342, 4.25496482849, 3.38877129555, 2.61824202538, 2.80414772034, 2.58705544472, 2.20329761505, 1.89732289314, 1.35674226284, 0.886843323708, 0.455407470465, 0.206466034055, 0.0691872537136, 0.00769399758428, 0.000642718048766, 3.8532914914e-05], "var": [0.433871120214, 9.98054599762, 26.7867031097, 17.6358566284, 45.1886024475, 135.269515991, 207.636169434, 985.015869141, 1738.10559082, 6605.56347656, 6691.14453125, 7525.46923828, 10050.5654297, 9123.25, 3608.55981445, 4305.27539062, 4302.69628906, 2989.04760742, 2924.25439453, 1470.50610352, 2116.20214844, 1442.66381836, 1182.59375, 1069.11157227, 426.325653076, 161.915283203, 105.220954895, 74.1699981689, 112.41771698, 99.7766799927, 71.4845657349, 62.5933227539, 59.1085395813, 30.0826835632, 5.65577316284, 0.891011357307, 0.0485573783517, 0.00061449711211, 4.21625099989e-06, 1.26849561966e-08], "dvar": [0.198112204671, 9.76621341705, 36.3880500793, 20.6896152496, 40.9021453857, 116.57900238, 125.599105835, 449.636322021, 1045.13500977, 4870.18652344, 6189.34375, 4636.93701172, 6090.56152344, 5521.55566406, 2124.98510742, 4795.32324219, 3300.98608398, 2405.32861328, 2263.46508789, 879.178344727, 1532.92626953, 783.832092285, 904.376953125, 715.573181152, 196.261123657, 98.9116897583, 63.2391967773, 44.9539718628, 52.8444633484, 46.2542381287, 39.948135376, 39.105091095, 34.5430603027, 23.6121387482, 3.19634056091, 0.505676627159, 0.0320154316723, 0.000345375097822, 2.03368381335e-06, 7.26969417997e-09], "mean": [0.315862059593, 1.42697322369, 2.01544594765, 2.14425826073, 3.6851272583, 6.51377248764, 8.14866065979, 13.7229347229, 19.0871124268, 27.6387214661, 27.5679969788, 36.3927536011, 40.7188415527, 34.1772842407, 24.9267864227, 23.0533771515, 22.7984485626, 19.8453445435, 17.9947910309, 12.9951725006, 14.2274742126, 12.4542264938, 11.0902700424, 11.4483423233, 9.22505092621, 6.34140825272, 4.66263246536, 3.79026889801, 4.24765396118, 4.00152635574, 3.21605062485, 2.66382932663, 1.91875219345, 1.20068383217, 0.587367713451, 0.251006692648, 0.0745924338698, 0.00895832106471, 0.000787911762018, 6.52786766295e-05]}, "zerocrossingrate": {"min": 0, "max": 0.48974609375, "dvar2": 0.000503691961057, "median": 0.04345703125, "dmean2": 0.0168450437486, "dmean": 0.0159815661609, "var": 0.0035408991389, "dvar": 0.000522081158124, "mean": 0.0620582811534}, "spectral_contrast_coeffs": {"min": [-0.962677061558, -0.988037347794, -0.988654434681, -0.96158349514, -0.97515296936, -0.933459222317], "max": [-0.281476050615, -0.301002949476, -0.378550082445, -0.478820025921, -0.523400843143, -0.633478999138], "dvar2": [0.00595936877653, 0.00484589720145, 0.0033324949909, 0.0019021484768, 0.00110126007348, 0.000969357322901], "median": [-0.668812394142, -0.7135835886, -0.777582526207, -0.805265545845, -0.81639122963, -0.80538392067], "dmean2": [0.0900552868843, 0.0809263810515, 0.0665400698781, 0.0514621585608, 0.0375952348113, 0.0310869403183], "dmean": [0.0573430731893, 0.0512088499963, 0.0435967743397, 0.033135779202, 0.024199962616, 0.0201575309038], "var": [0.0107693979517, 0.00976000074297, 0.0105023924261, 0.00485570216551, 0.00249288999476, 0.00146010937169], "dvar": [0.00258425390348, 0.00210874690674, 0.00162777362857, 0.000886032124981, 0.00049572106218, 0.000418337644078], "mean": [-0.657199144363, -0.707863092422, -0.7557117939, -0.794115126133, -0.80955439806, -0.801022529602]}, "dissonance": {"min": 0.123475693166, "max": 0.500000178814, "dvar2": 0.00208734627813, "median": 0.457293450832, "dmean2": 0.0438347049057, "dmean": 0.0272136256099, "var": 0.00237732497044, "dvar": 0.000838152482174, "mean": 0.443739593029}, "spectral_energyband_high": {"min": 8.64532195832e-11, "max": 0.0306559745222, "dvar2": 1.96588416657e-06, "median": 0.00012189381232, "dmean2": 0.000578412378673, "dmean": 0.000414576381445, "var": 2.19236585508e-06, "dvar": 9.89314685285e-07, "mean": 0.000668879773002}, "spectral_skewness": {"min": -0.813902974129, "max": 9.92995834351, "dvar2": 0.4096134305, "median": 1.7209751606, "dmean2": 0.476846307516, "dmean": 0.32785063982, "var": 0.711165487766, "dvar": 0.189946651459, "mean": 1.82715284824}, "spectral_flux": {"min": 3.50928567059e-05, "max": 0.358767062426, "dvar2": 0.00363358086906, "median": 0.0651657730341, "dmean2": 0.0520418137312, "dmean": 0.0340349413455, "var": 0.00400908803567, "dvar": 0.00171516393311, "mean": 0.0818440243602}, "silence_rate_30dB": {"min": 0, "max": 1, "dvar2": 0.0183081869036, "median": 1, "dmean2": 0.014600513503, "dmean": 0.00729976361617, "var": 0.00624535931274, "dvar": 0.00724656227976, "mean": 0.993714511395}, "spectral_energyband_middle_high": {"min": 2.32040064246e-11, "max": 0.0879846960306, "dvar2": 8.75563782756e-05, "median": 0.00108233792707, "dmean2": 0.00383170507848, "dmean": 0.00254477816634, "var": 6.79127624608e-05, "dvar": 3.75966301362e-05, "mean": 0.00439004320651}, "barkbands_spread": {"min": 0.0700332447886, "max": 134.769485474, "dvar2": 309.008178711, "median": 13.0015439987, "dmean2": 11.9419994354, "dmean": 7.78378820419, "var": 347.093414307, "dvar": 139.388793945, "mean": 19.1649055481}, "spectral_centroid": {"min": 74.2390670776, "max": 8382.01367188, "dvar2": 490502.90625, "median": 930.381896973, "dmean2": 482.318572998, "dmean": 322.741851807, "var": 798240.625, "dvar": 237705.359375, "mean": 1218.8449707}, "pitch_salience": {"min": 0.00915156304836, "max": 0.969914853573, "dvar2": 0.019289419055, "median": 0.535952806473, "dmean2": 0.140326529741, "dmean": 0.0892071798444, "var": 0.0255854297429, "dvar": 0.00851197913289, "mean": 0.516535937786}, "erbbands_skewness": {"min": -6.47145175934, "max": 10.1818323135, "dvar2": 0.95493543148, "median": 0.774800181389, "dmean2": 0.849892139435, "dmean": 0.569102585316, "var": 1.45625412464, "dvar": 0.436191469431, "mean": 0.771246910095}, "erbbands_crest": {"min": 2.17562770844, "max": 33.0183181763, "dvar2": 23.125289917, "median": 9.62414169312, "dmean2": 5.00051403046, "dmean": 3.17568635941, "var": 28.2460918427, "dvar": 9.68562316895, "mean": 10.7226114273}, "melbands": {"min": [2.20606044543e-09, 5.20288326311e-12, 1.31654149388e-11, 5.31160011807e-12, 1.83471987603e-12, 8.48434549613e-13, 7.16454781786e-13, 6.11680899074e-13, 9.55333251743e-13, 6.22075687403e-13, 2.09342688583e-13, 2.19508534071e-13, 1.79423167404e-13, 2.83794147037e-13, 1.34262365765e-13, 2.61823033957e-13, 1.38690789539e-13, 1.34717540942e-13, 1.59529155294e-13, 9.04127304708e-14, 1.27701262108e-13, 1.62654788184e-13, 7.60236871285e-14, 1.01804720524e-13, 1.88920724225e-13, 1.25654017356e-13, 1.22966876482e-13, 8.57710170249e-14, 6.8648679677e-14, 1.08286331833e-13, 1.07117487352e-13, 6.43068836571e-14, 8.47171115269e-14, 5.82175095892e-14, 6.4040075055e-14, 5.46394391321e-14, 4.02349425207e-14, 5.76177424999e-14, 4.1938308837e-14, 5.17510804988e-14], "max": [0.0521494671702, 0.0298314988613, 0.0186979919672, 0.00886626914144, 0.00704868556932, 0.0125582022592, 0.0144025469199, 0.021966509521, 0.0270649585873, 0.0119277024642, 0.010262420401, 0.00985615327954, 0.00530983926728, 0.00407693069428, 0.00336187449284, 0.00277542509139, 0.00184629310388, 0.00187915284187, 0.00210203672759, 0.00128844031133, 0.00160526006948, 0.00095271790633, 0.00119292433374, 0.000606281799264, 0.000827386276796, 0.000494185951538, 0.000200212773052, 0.000188850390259, 8.81498490344e-05, 0.000190739854588, 0.000149771847646, 0.00015998838353, 0.000173497959622, 0.000119619020552, 0.000171253908775, 0.000106435079942, 0.000154442896019, 0.000167045989656, 0.000215298525291, 0.000273962476058], "dvar2": [2.70650343737e-05, 2.92140466627e-05, 1.62213245858e-06, 1.23711572542e-06, 3.39732252996e-07, 4.51115681699e-07, 5.97401026425e-07, 1.40038480367e-06, 9.93492790258e-07, 4.27418200388e-07, 3.96878760967e-07, 2.54842746017e-07, 6.646827444e-08, 8.65395080041e-08, 7.18601640415e-08, 2.678651434e-08, 2.32955219559e-08, 1.62967115358e-08, 6.10628436704e-09, 4.02707867053e-09, 6.28410568027e-09, 2.50532661283e-09, 2.25792895492e-09, 2.83994072703e-09, 1.19838383661e-09, 3.71632918883e-10, 1.51559043093e-10, 1.13412418346e-10, 6.87115225828e-11, 4.34878036359e-11, 3.74705405592e-11, 3.68852379196e-11, 4.17669926422e-11, 2.99897676137e-11, 3.34424640758e-11, 3.51536057208e-11, 4.11954567681e-11, 4.14829420814e-11, 5.08408211364e-11, 4.85961791641e-11], "median": [0.000178408809006, 0.000248963566264, 0.000140239135362, 0.000145366735524, 0.000112705769425, 9.36019350775e-05, 9.11861279747e-05, 5.24071801919e-05, 2.85371679638e-05, 3.07047375827e-05, 2.25746007345e-05, 1.16844967124e-05, 8.96816800378e-06, 6.55284702589e-06, 5.94866924075e-06, 4.17740375269e-06, 4.87630677526e-06, 3.64532888852e-06, 2.6277393772e-06, 2.43677391154e-06, 2.09840050047e-06, 1.7095126168e-06, 1.53816768034e-06, 1.4161701074e-06, 1.2414984667e-06, 1.20832805806e-06, 1.1400876474e-06, 9.14674217256e-07, 5.4814881878e-07, 3.90526793126e-07, 3.31919920882e-07, 3.53760668759e-07, 3.20900596762e-07, 2.47296298994e-07, 2.57980474316e-07, 2.42267446993e-07, 1.97936230961e-07, 1.88790323818e-07, 1.59718453574e-07, 1.02102127642e-07], "dmean2": [0.00233079888858, 0.00220808852464, 0.000591704680119, 0.000466838449938, 0.0002887036826, 0.000269165291684, 0.000296766753308, 0.000317596219247, 0.000247279996984, 0.000240944893449, 0.000219685767661, 0.000155261906912, 9.19453668757e-05, 9.32838302106e-05, 8.5451938503e-05, 5.40690016351e-05, 5.14911007485e-05, 4.11224209529e-05, 2.37197073147e-05, 2.00982522074e-05, 2.28928274737e-05, 1.57501908689e-05, 1.48489589264e-05, 1.60354320542e-05, 1.18246280181e-05, 7.71914983488e-06, 5.72261478737e-06, 4.2619622036e-06, 3.52542360815e-06, 2.85616192741e-06, 2.52851623372e-06, 2.51556139119e-06, 2.23067127081e-06, 2.18870150093e-06, 1.90314301562e-06, 2.04386947189e-06, 1.69924294369e-06, 1.44953173731e-06, 1.40229917633e-06, 1.14503313853e-06], "dmean": [0.00160233478528, 0.00130935187917, 0.000337525474606, 0.000280556763755, 0.000181348033948, 0.00017297094746, 0.000189847225556, 0.000205312142498, 0.000159681832884, 0.000155201603775, 0.000140917196404, 0.000101373043435, 6.04834749538e-05, 5.82161701459e-05, 5.27343690919e-05, 3.38436002494e-05, 3.15957913699e-05, 2.57148294622e-05, 1.51983367687e-05, 1.26907225422e-05, 1.41381651702e-05, 9.97238021228e-06, 9.11449569685e-06, 9.5729219538e-06, 7.33596152713e-06, 5.04063973494e-06, 3.61736329069e-06, 2.73591740552e-06, 2.32702950598e-06, 1.87030559573e-06, 1.5896231389e-06, 1.65265464602e-06, 1.52804307163e-06, 1.49342736222e-06, 1.28112208131e-06, 1.34278798214e-06, 1.12077384529e-06, 9.69298298514e-07, 9.12357279503e-07, 7.46218290715e-07], "var": [2.3461649107e-05, 9.98907398753e-06, 5.48449520466e-07, 4.78880224364e-07, 2.28389382073e-07, 4.25015684868e-07, 4.24590155035e-07, 7.58131989187e-07, 4.21240400783e-07, 3.01764771393e-07, 2.71209501079e-07, 1.78079218927e-07, 4.89492286704e-08, 3.50443229991e-08, 3.23327391527e-08, 1.47693821617e-08, 1.1051064952e-08, 8.75512018439e-09, 3.73561359623e-09, 2.82439649446e-09, 3.14914405664e-09, 1.6989798457e-09, 1.38353339896e-09, 1.13188403095e-09, 7.34990623918e-10, 3.80202647143e-10, 1.23515614403e-10, 6.77727249321e-11, 4.80151335358e-11, 3.00454661151e-11, 2.59889193499e-11, 3.7342077347e-11, 3.6758884131e-11, 3.16760853658e-11, 2.53135377243e-11, 2.50661349316e-11, 2.52032353321e-11, 3.11921009855e-11, 3.04054767475e-11, 2.2271236938e-11], "dvar": [1.23200688904e-05, 1.12571960926e-05, 5.82472125643e-07, 4.66844880975e-07, 1.33136339286e-07, 1.92447927816e-07, 2.5989257324e-07, 5.89221428982e-07, 3.88140421137e-07, 1.85218297588e-07, 1.64418963777e-07, 1.07858383558e-07, 2.85840151548e-08, 3.33829461852e-08, 2.87100778706e-08, 1.11083835463e-08, 9.16157905095e-09, 6.68517463609e-09, 2.61380650457e-09, 1.82339388033e-09, 2.43681785861e-09, 1.06735842387e-09, 9.03573216249e-10, 1.09375597468e-09, 4.82849926708e-10, 1.68244237986e-10, 6.56695878232e-11, 4.62334337481e-11, 3.16717728432e-11, 2.08330765833e-11, 1.65591863138e-11, 1.86693664e-11, 1.97064101148e-11, 1.50473106197e-11, 1.51148191185e-11, 1.57598847167e-11, 1.77404254481e-11, 1.87348955794e-11, 2.19129523554e-11, 1.91132457084e-11], "mean": [0.00247503025457, 0.0013649876928, 0.000406861188821, 0.000380591431167, 0.000291600445053, 0.000299606792396, 0.000299024308333, 0.000303559063468, 0.000223037539399, 0.000233607221162, 0.000206231939956, 0.000146366743138, 8.49459247547e-05, 6.76544732414e-05, 6.05721797911e-05, 4.13355701312e-05, 3.64542029274e-05, 3.06182155327e-05, 1.87454024854e-05, 1.62214982993e-05, 1.67134112417e-05, 1.30847502078e-05, 1.07868854684e-05, 1.00610905065e-05, 9.17340639717e-06, 7.72210569266e-06, 5.30418492417e-06, 3.90285276808e-06, 3.08420385409e-06, 2.29811939789e-06, 2.19351636588e-06, 2.38969141719e-06, 2.2680553684e-06, 2.26264160119e-06, 1.85546014109e-06, 1.78730567768e-06, 1.54038571054e-06, 1.34612446345e-06, 1.20947800042e-06, 9.62892386269e-07]}, "spectral_entropy": {"min": 4.31497192383, "max": 9.06435012817, "dvar2": 0.220695495605, "median": 7.47303390503, "dmean2": 0.382936894894, "dmean": 0.272904008627, "var": 0.462380379438, "dvar": 0.10975804925, "mean": 7.42405366898}, "spectral_rolloff": {"min": 21.533203125, "max": 15913.0371094, "dvar2": 4255657, "median": 753.662109375, "dmean2": 1071.1998291, "dmean": 665.992553711, "var": 5146764, "dvar": 2109733, "mean": 1569.35095215}, "barkbands": {"min": [2.84358536717e-09, 1.116741144e-09, 1.14978165877e-11, 2.76530777443e-11, 2.64855706811e-11, 5.74471763562e-12, 3.05970917006e-12, 4.08909971855e-12, 4.18301938226e-12, 1.53141540248e-12, 1.22244814098e-12, 2.22304574922e-12, 2.31054910448e-12, 1.39649804307e-12, 2.0402603218e-12, 1.79949642427e-12, 2.24769291721e-12, 1.87396691047e-12, 3.8607650063e-12, 3.20276986356e-12, 4.7255355011e-12, 4.04569173301e-12, 3.73945622731e-12, 3.86358089619e-12, 5.63278720542e-12, 2.14269175319e-11, 4.41438413601e-11], "max": [0.0377561561763, 0.144831493497, 0.049857839942, 0.0483312532306, 0.0330675020814, 0.0530506037176, 0.0841480046511, 0.137257799506, 0.0689443945885, 0.0628558471799, 0.0424191206694, 0.0323219448328, 0.0235154628754, 0.0234950631857, 0.0284355450422, 0.0214556194842, 0.0151520753279, 0.013833639212, 0.0121515989304, 0.00547334738076, 0.00543977413327, 0.00746730202809, 0.0075884857215, 0.00975232385099, 0.017260633409, 0.00399339105934, 0.000453165906947], "dvar2": [4.88643490826e-06, 0.000389622466173, 6.43628518446e-05, 5.94270341026e-06, 1.94246858882e-05, 9.89081308944e-06, 1.96982255147e-05, 3.64174156857e-05, 2.04028201551e-05, 1.88337726286e-05, 3.95825736632e-06, 7.83292216511e-06, 3.28733290189e-06, 2.37191602537e-06, 1.57158478942e-06, 1.0670487427e-06, 6.45845602776e-07, 1.34436697863e-06, 2.2944277589e-07, 1.01169753464e-07, 6.14588344661e-08, 7.78870230533e-08, 9.59440455972e-08, 2.09144445762e-07, 2.41929370759e-07, 2.58107650808e-08, 1.59961280333e-10], "median": [2.38163411268e-05, 0.000733240856789, 0.000258019485045, 0.000216431624722, 0.000745615572669, 0.000439354829723, 0.000378203199944, 0.000132594315801, 0.000226683958317, 9.45690553635e-05, 4.60867304355e-05, 6.19932834525e-05, 4.60878145532e-05, 5.45000766579e-05, 3.44184045389e-05, 3.25917862938e-05, 3.04231416521e-05, 2.97853184748e-05, 3.09783317789e-05, 3.21029656334e-05, 1.74095366674e-05, 1.75908244273e-05, 1.61085736181e-05, 1.6629415768e-05, 1.06694878923e-05, 6.34640218777e-06, 6.31993259503e-07], "dmean2": [0.000692311383318, 0.0088412091136, 0.00299883424304, 0.00108375295531, 0.00198938045651, 0.00132513931021, 0.00158840056974, 0.00149376573972, 0.00171202316415, 0.00138451717794, 0.000659717537928, 0.000869958603289, 0.000617603654973, 0.000538845313713, 0.000368457811419, 0.000318468082696, 0.000267690891633, 0.00034532850259, 0.000190746126464, 0.000142278557178, 0.000112306603114, 0.000112377172627, 0.000112963047286, 0.000123377089039, 0.000105548220745, 5.72360149818e-05, 5.3006260714e-06], "dmean": [0.000502995913848, 0.00573770329356, 0.00166357390117, 0.000620119622909, 0.00121426326223, 0.000847343646456, 0.00101473147515, 0.000951315741986, 0.00109697238076, 0.000881433137693, 0.000433628563769, 0.000531177676748, 0.000390485685784, 0.000332475727191, 0.000231280442677, 0.000202090974199, 0.000169434584677, 0.000205226082471, 0.000125707723782, 9.052191308e-05, 7.54998618504e-05, 7.6874239312e-05, 7.85839292803e-05, 8.43686502776e-05, 7.03498517396e-05, 3.83456026611e-05, 3.54266103386e-06], "var": [6.49500816507e-06, 0.000242525478825, 1.50630576172e-05, 2.23775373343e-06, 8.57320901559e-06, 8.92881416803e-06, 1.37890056067e-05, 1.55346169777e-05, 1.40765396281e-05, 1.24283496916e-05, 2.77563754025e-06, 2.80825202026e-06, 1.98733846446e-06, 1.20334027542e-06, 8.32401894968e-07, 6.73688589359e-07, 4.36284494754e-07, 5.29152657691e-07, 2.43771580699e-07, 7.09424128331e-08, 5.00449459651e-08, 9.07164903197e-08, 8.99095056184e-08, 1.72461099623e-07, 1.62561207162e-07, 2.17544133818e-08, 1.39977501812e-10], "dvar": [2.40314261646e-06, 0.000163297721883, 2.27964937949e-05, 2.12123222809e-06, 7.40177847547e-06, 4.16247621615e-06, 8.76393824001e-06, 1.42734170367e-05, 8.53800338518e-06, 7.69311191107e-06, 1.71517228864e-06, 2.93584525934e-06, 1.40975646445e-06, 9.38382925142e-07, 6.42947668439e-07, 4.45674942284e-07, 2.67751744332e-07, 5.09892288392e-07, 1.04338660378e-07, 4.20060999318e-08, 3.0407488083e-08, 4.14057481635e-08, 4.62309763805e-08, 9.75803047254e-08, 1.04524119138e-07, 1.25868258039e-08, 7.37073457824e-11], "mean": [0.000884074193891, 0.00798958912492, 0.00145613006316, 0.000746645731851, 0.00177828234155, 0.00144517491572, 0.0015426814789, 0.00126954796724, 0.00167234241962, 0.00124525628053, 0.000585894333199, 0.000598814804107, 0.000477835274069, 0.000399616052164, 0.000273309851764, 0.000250612938544, 0.000223857583478, 0.000213824518141, 0.000199706846615, 0.000134706264362, 0.000100523364381, 0.000119277370686, 0.000117501615023, 0.000122395023936, 9.53715789365e-05, 4.40663898189e-05, 4.34672301708e-06]}, "melbands_flatness_db": {"min": 0.0141059076414, "max": 0.755956590176, "dvar2": 0.00529187452048, "median": 0.231318637729, "dmean2": 0.0603237748146, "dmean": 0.0419515781105, "var": 0.0108273364604, "dvar": 0.0025007869117, "mean": 0.238010540605}, "melbands_skewness": {"min": -3.6243724823, "max": 54.6120185852, "dvar2": 6.57290410995, "median": 2.25193452835, "dmean2": 1.80880463123, "dmean": 1.21390461922, "var": 10.0969352722, "dvar": 3.20400309563, "mean": 3.03329014778}, "barkbands_skewness": {"min": -9.40069961548, "max": 31.7655239105, "dvar2": 5.36211490631, "median": 1.61691498756, "dmean2": 1.49520611763, "dmean": 1.00415194035, "var": 6.06718635559, "dvar": 2.46847438812, "mean": 2.11580467224}, "silence_rate_60dB": {"min": 0, "max": 1, "dvar2": 0.120458446443, "median": 0, "dmean2": 0.12031904608, "dmean": 0.0601554587483, "var": 0.143004760146, "dvar": 0.0565350055695, "mean": 0.172884568572}, "spectral_energyband_low": {"min": 9.27184551358e-09, "max": 0.170764371753, "dvar2": 0.000501929782331, "median": 0.00183880212717, "dmean2": 0.0106113422662, "dmean": 0.00700465356931, "var": 0.000363090483006, "dvar": 0.000216726519284, "mean": 0.0106735061854}, "spectral_energyband_middle_low": {"min": 7.27427423852e-11, "max": 0.147654280066, "dvar2": 0.000126679529785, "median": 0.00522448448464, "dmean2": 0.00632068049163, "dmean": 0.00410737190396, "var": 0.000107855368697, "dvar": 5.3810839745e-05, "mean": 0.00873542577028}, "melbands_kurtosis": {"min": -1.9774928093, "max": 5476.94140625, "dvar2": 16280.5087891, "median": 8.73844909668, "dmean2": 32.2186775208, "dmean": 21.0146083832, "var": 15646.4111328, "dvar": 7432.64501953, "mean": 31.6380157471}, "spectral_decrease": {"min": -4.90246101492e-08, "max": 3.23367617405e-11, "dvar2": 4.27960253314e-17, "median": -3.63333940712e-09, "dmean2": 4.24669677201e-09, "dmean": 2.85904988573e-09, "var": 4.18968039049e-17, "dvar": 1.92375227848e-17, "mean": -5.97159877103e-09}, "erbbands_kurtosis": {"min": -1.88101696968, "max": 149.648651123, "dvar2": 44.4393920898, "median": 1.09525251389, "dmean2": 3.62042880058, "dmean": 2.32402920723, "var": 34.0526390076, "dvar": 18.6857738495, "mean": 2.84864974022}, "melbands_crest": {"min": 2.5762295723, "max": 39.8881416321, "dvar2": 30.9593410492, "median": 15.2289867401, "dmean2": 6.29617547989, "dmean": 4.00142002106, "var": 51.6255149841, "dvar": 14.0623550415, "mean": 16.5588970184}, "gfcc": {"cov": [[13166.7939453, -724.251037598, -1812.08776855, -212.76713562, -364.444915771, 401.158905029, -244.734542847, 250.609649658, -129.952697754, 95.5420150757, -18.8028888702, 174.969177246, -15.3908643723], [-724.251037598, 2463.29321289, 150.823638916, -342.149658203, 309.442077637, -204.915039062, 139.346252441, -49.7269363403, 222.585220337, -74.4079284668, 147.572860718, -59.9670257568, 102.500228882], [-1812.08776855, 150.823638916, 1555.28552246, 481.741149902, 225.767089844, 29.4218902588, 47.7428665161, 52.5256385803, 47.6499328613, 132.731033325, -5.51471138, 49.6030273438, -27.9658184052], [-212.76713562, -342.149658203, 481.741149902, 835.207580566, 258.003417969, 70.2453460693, 48.2438659668, 57.2317428589, 51.7639465332, 67.0077438354, 19.9751491547, 53.3957366943, 4.38427209854], [-364.444915771, 309.442077637, 225.767089844, 258.003417969, 504.675506592, 126.915847778, 173.044113159, 81.4097595215, 83.8272171021, 53.9636650085, 31.6514282227, 38.6296195984, 38.4388847351], [401.158905029, -204.915039062, 29.4218902588, 70.2453460693, 126.915847778, 353.990783691, 157.614059448, 24.5438594818, 9.23373508453, 68.3563308716, 8.71331119537, 22.0624065399, 15.9566907883], [-244.734542847, 139.346252441, 47.7428665161, 48.2438659668, 173.044113159, 157.614059448, 282.734191895, 91.1827926636, 68.6315231323, 51.210105896, 21.1319408417, 6.5651845932, 27.9365329742], [250.609649658, -49.7269363403, 52.5256385803, 57.2317428589, 81.4097595215, 24.5438594818, 91.1827926636, 223.338241577, 84.8118667603, 24.8450279236, 1.55564773083, 15.4581212997, 29.4282169342], [-129.952697754, 222.585220337, 47.6499328613, 51.7639465332, 83.8272171021, 9.23373508453, 68.6315231323, 84.8118667603, 180.864135742, 50.7598381042, 45.0099029541, 6.35022544861, 36.7847862244], [95.5420150757, -74.4079284668, 132.731033325, 67.0077438354, 53.9636650085, 68.3563308716, 51.210105896, 24.8450279236, 50.7598381042, 153.745605469, 49.0379219055, 22.1061019897, 1.08856928349], [-18.8028888702, 147.572860718, -5.51471138, 19.9751491547, 31.6514282227, 8.71331119537, 21.1319408417, 1.55564773083, 45.0099029541, 49.0379219055, 143.09185791, 42.6982841492, 37.4561271667], [174.969177246, -59.9670257568, 49.6030273438, 53.3957366943, 38.6296195984, 22.0624065399, 6.5651845932, 15.4581212997, 6.35022544861, 22.1061019897, 42.6982841492, 103.706436157, 41.658405304], [-15.3908643723, 102.500228882, -27.9658184052, 4.38427209854, 38.4388847351, 15.9566907883, 27.9365329742, 29.4282169342, 36.7847862244, 1.08856928349, 37.4561271667, 41.658405304, 110.59916687]], "icov": [[0.000149360770592, -0.00016716758546, 0.000270711694611, -0.000170331826666, 0.000207651988603, -0.000397827883717, 0.000416358292568, -0.000498855428305, 0.000301860825857, -0.000405208178563, 0.000268571166089, -0.0004813359119, 0.000257643405348], [-0.00016716758546, 0.0011744875228, -0.000617572164629, 0.000907394045498, -0.00109901884571, 0.00121935794596, -0.00100860989187, 0.00145799352322, -0.0014731005067, 0.00146137364209, -0.00133003399242, 0.00145479454659, -0.000852970581036], [0.000270711694611, -0.000617572164629, 0.00145145494025, -0.000931947957724, 0.000469849735964, -0.00076410046313, 0.000920505495742, -0.00119442213327, 0.000931762973778, -0.0017328527756, 0.00117697461974, -0.00145600771066, 0.000903193838894], [-0.000170331826666, 0.000907394045498, -0.000931947957724, 0.0024028327316, -0.0015704324469, 0.000834248610772, -0.00047540749074, 0.00105132849421, -0.00130100152455, 0.00113558291923, -0.00106551335193, 0.000750614970457, -0.000430104468251], [0.000207651988603, -0.00109901884571, 0.000469849735964, -0.0015704324469, 0.00418207980692, -0.00155605212785, -0.000378923985409, -0.00150768971071, 0.000801828573458, -0.00117079727352, 0.00121268804651, -0.00189793272875, 0.000545407528989], [-0.000397827883717, 0.00121935794596, -0.00076410046313, 0.000834248610772, -0.00155605212785, 0.00593422260135, -0.00381195591763, 0.00251408410259, -0.00075333530549, 0.000222604183364, -0.000821019988507, 0.00141028198414, -0.00143791665323], [0.000416358292568, -0.00100860989187, 0.000920505495742, -0.00047540749074, -0.000378923985409, -0.00381195591763, 0.00789356697351, -0.0035337288864, 0.000692997477017, -0.00197778316215, 0.000902059429791, -0.000750861305278, 0.00063865899574], [-0.000498855428305, 0.00145799352322, -0.00119442213327, 0.00105132849421, -0.00150768971071, 0.00251408410259, -0.0035337288864, 0.00870718620718, -0.00447329413146, 0.00218564691022, -0.00041023461381, 0.00143215048593, -0.00196149339899], [0.000301860825857, -0.0014731005067, 0.000931762973778, -0.00130100152455, 0.000801828573458, -0.00075333530549, 0.000692997477017, -0.00447329413146, 0.0105177676305, -0.00402032351121, -9.72136913333e-05, -5.12828519277e-05, -0.000866723246872], [-0.000405208178563, 0.00146137364209, -0.0017328527756, 0.00113558291923, -0.00117079727352, 0.000222604183364, -0.00197778316215, 0.00218564691022, -0.00402032351121, 0.0116738332435, -0.00458202091977, 0.00133633299265, 0.000669553410262], [0.000268571166089, -0.00133003399242, 0.00117697461974, -0.00106551335193, 0.00121268804651, -0.000821019988507, 0.000902059429791, -0.00041023461381, -9.72136913333e-05, -0.00458202091977, 0.0115256709978, -0.00496371556073, -0.000768137280829], [-0.0004813359119, 0.00145479454659, -0.00145600771066, 0.000750614970457, -0.00189793272875, 0.00141028198414, -0.000750861305278, 0.00143215048593, -5.12828519277e-05, 0.00133633299265, -0.00496371556073, 0.0159703250974, -0.00587886432186], [0.000257643405348, -0.000852970581036, 0.000903193838894, -0.000430104468251, 0.000545407528989, -0.00143791665323, 0.00063865899574, -0.00196149339899, -0.000866723246872, 0.000669553410262, -0.000768137280829, -0.00587886432186, 0.0132481027395]], "mean": [-56.2165870667, 80.6441802979, -94.6986999512, 20.7645835876, -61.2740516663, 10.866194725, -34.6974983215, 11.7512140274, -21.6558933258, 4.19014358521, -12.8207473755, 0.984049856663, -10.5079250336]}, "melbands_spread": {"min": 0.103936471045, "max": 323.606811523, "dvar2": 765.520385742, "median": 13.0715065002, "dmean2": 14.2594547272, "dmean": 9.36745357513, "var": 785.110717773, "dvar": 359.235015869, "mean": 21.6089878082}, "spectral_energy": {"min": 1.65021791787e-08, "max": 0.187756091356, "dvar2": 0.000659461482428, "median": 0.0148955564946, "dmean2": 0.0167908053845, "dmean": 0.0113269072026, "var": 0.000648452958558, "dvar": 0.0002959620615, "mean": 0.0239914655685}, "mfcc": {"cov": [[13315.8349609, -574.905639648, -1695.20751953, -653.256164551, -391.178863525, -77.3807601929, -147.873855591, 149.782577515, -124.852706909, 25.5704460144, -8.83586120605, -11.7310628891, -22.9713058472], [-574.905639648, 2410.31982422, -20.8843765259, -105.74559021, 53.2134819031, -103.047431946, -20.6212177277, 9.88729190826, 31.6313724518, 61.2293434143, 0.663640320301, 32.3090057373, 38.2666091919], [-1695.20751953, -20.8843765259, 1110.92614746, 371.973327637, 181.377822876, 111.950881958, 20.0844402313, -30.2134742737, 49.9680519104, -15.640007019, 55.5948944092, 53.3106880188, 58.7510910034], [-653.256164551, -105.74559021, 371.973327637, 699.625671387, 286.303375244, 79.8891906738, 45.7489433289, 57.4236602783, 99.4694137573, -15.0355062485, 77.3403549194, 88.7467269897, 55.8822059631], [-391.178863525, 53.2134819031, 181.377822876, 286.303375244, 345.403533936, 110.109199524, 64.2895507812, 64.008102417, 82.0562362671, 10.8621549606, 37.2743110657, 59.6785011292, 47.9391517639], [-77.3807601929, -103.047431946, 111.950881958, 79.8891906738, 110.109199524, 364.950653076, 157.338745117, 36.4898490906, 67.1728668213, 11.732465744, 65.9321212769, 40.3895874023, 31.9689254761], [-147.873855591, -20.6212177277, 20.0844402313, 45.7489433289, 64.2895507812, 157.338745117, 232.458480835, 86.1466064453, 69.8130111694, 44.4553031921, 43.2438964844, 25.1704216003, 18.6056613922], [149.782577515, 9.88729190826, -30.2134742737, 57.4236602783, 64.008102417, 36.4898490906, 86.1466064453, 172.702346802, 97.6317901611, 32.8682937622, 23.4975299835, 29.6316719055, 12.5274219513], [-124.852706909, 31.6313724518, 49.9680519104, 99.4694137573, 82.0562362671, 67.1728668213, 69.8130111694, 97.6317901611, 192.532867432, 76.6380844116, 48.5417709351, 29.356218338, 23.0835838318], [25.5704460144, 61.2293434143, -15.640007019, -15.0355062485, 10.8621549606, 11.732465744, 44.4553031921, 32.8682937622, 76.6380844116, 149.161209106, 54.2832260132, 3.98670744896, 8.93304920197], [-8.83586120605, 0.663640320301, 55.5948944092, 77.3403549194, 37.2743110657, 65.9321212769, 43.2438964844, 23.4975299835, 48.5417709351, 54.2832260132, 144.895706177, 64.8859939575, 17.3584423065], [-11.7310628891, 32.3090057373, 53.3106880188, 88.7467269897, 59.6785011292, 40.3895874023, 25.1704216003, 29.6316719055, 29.356218338, 3.98670744896, 64.8859939575, 113.080711365, 54.3841171265], [-22.9713058472, 38.2666091919, 58.7510910034, 55.8822059631, 47.9391517639, 31.9689254761, 18.6056613922, 12.5274219513, 23.0835838318, 8.93304920197, 17.3584423065, 54.3841171265, 104.773681641]], "icov": [[0.000100831464806, 2.45557821472e-05, 0.000144666657434, 1.26344793898e-05, 5.16612817592e-05, -8.27010371722e-05, 0.000155220739543, -0.000180286224349, 0.000101321660622, -4.36484151578e-05, -4.90065285703e-05, -1.76613866643e-05, -8.04474766483e-05], [2.45557821472e-05, 0.000449198560091, 1.57351587404e-05, 0.000171881416463, -0.000194344727788, 0.000179687864147, 1.25573924379e-05, 1.93248943106e-05, -5.12865190103e-05, -0.000151011423441, 3.18329730362e-05, -0.000181067662197, -0.000116734772746], [0.000144666657434, 1.57351587404e-05, 0.00137311546132, -0.000523839145899, -5.37412961421e-05, -0.000330929469783, 0.000269888725597, 0.000292468292173, -4.0939754399e-05, 7.03210462234e-05, -0.000222101836698, 0.000137925497256, -0.000453701853985], [1.26344793898e-05, 0.000171881416463, -0.000523839145899, 0.002728136722, -0.00181940267794, 0.000520511937793, -6.16045726929e-05, 3.37960700563e-05, -0.000788066827226, 0.00100733269937, -0.000924672291148, -0.000424997560913, -7.92679857113e-05], [5.16612817592e-05, -0.000194344727788, -5.37412961421e-05, -0.00181940267794, 0.00522072147578, -0.00116007553879, 0.00017933989875, -0.000925987842493, -0.000288957962766, -0.000408033869462, 0.000968130945694, -0.000853586825542, -0.000491940008942], [-8.27010371722e-05, 0.000179687864147, -0.000330929469783, 0.000520511937793, -0.00116007553879, 0.00481832725927, -0.00321278814226, 0.00143854203634, -0.00121699250303, 0.00152075244114, -0.00156858866103, 0.000309838564135, -0.000479166192235], [0.000155220739543, 1.25573924379e-05, 0.000269888725597, -6.16045726929e-05, 0.00017933989875, -0.00321278814226, 0.00794217269868, -0.00349017651752, 0.000689752341714, -0.00166710373014, -0.000120695636724, 0.000220875328523, -0.000288332928903], [-0.000180286224349, 1.93248943106e-05, 0.000292468292173, 3.37960700563e-05, -0.000925987842493, 0.00143854203634, -0.00349017651752, 0.0104038985446, -0.00470706447959, 0.000895826087799, 0.000757018337026, -0.00185421446804, 0.000929677393287], [0.000101321660622, -5.12865190103e-05, -4.0939754399e-05, -0.000788066827226, -0.000288957962766, -0.00121699250303, 0.000689752341714, -0.00470706447959, 0.0101407170296, -0.00423636473715, -0.000219976427616, 0.000225859868806, -0.000525690440554], [-4.36484151578e-05, -0.000151011423441, 7.03210462234e-05, 0.00100733269937, -0.000408033869462, 0.00152075244114, -0.00166710373014, 0.000895826087799, -0.00423636473715, 0.0110000194982, -0.00474605336785, 0.00317261507735, -0.0014845066471], [-4.90065285703e-05, 3.18329730362e-05, -0.000222101836698, -0.000924672291148, 0.000968130945694, -0.00156858866103, -0.000120695636724, 0.000757018337026, -0.000219976427616, -0.00474605336785, 0.0128944637254, -0.00791766773909, 0.00298850401305], [-1.76613866643e-05, -0.000181067662197, 0.000137925497256, -0.000424997560913, -0.000853586825542, 0.000309838564135, 0.000220875328523, -0.00185421446804, 0.000225859868806, 0.00317261507735, -0.00791766773909, 0.0179940778762, -0.00765845738351], [-8.04474766483e-05, -0.000116734772746, -0.000453701853985, -7.92679857113e-05, -0.000491940008942, -0.000479166192235, -0.000288332928903, 0.000929677393287, -0.000525690440554, -0.0014845066471, 0.00298850401305, -0.00765845738351, 0.0138998897746]], "mean": [-707.886474609, 117.811386108, 17.5455665588, 15.897236824, 0.650013446808, -0.682640910149, 0.469342529774, 2.57212543488, -2.27748012543, 4.60821533203, -0.283480703831, -1.04722321033, 0.827347576618]}, "spectral_contrast_valleys": {"min": [-16.2541656494, -16.7919864655, -17.2747516632, -17.5622615814, -16.9044589996, -18.2509918213], "max": [-4.90908956528, -4.71675491333, -4.76646757126, -5.24525499344, -5.49251365662, -7.35787057877], "dvar2": [0.508736908436, 0.441948205233, 0.543603360653, 0.553374111652, 0.72875982523, 0.565634131432], "median": [-7.73044872284, -7.20622158051, -7.89024877548, -8.36849212646, -8.11819934845, -10.3242149353], "dmean2": [0.762668669224, 0.703590750694, 0.705381155014, 0.667241156101, 0.633628249168, 0.574480295181], "dmean": [0.514613211155, 0.463857620955, 0.484532922506, 0.480465352535, 0.472534865141, 0.463390916586], "var": [1.84825968742, 1.59631812572, 1.73542797565, 1.72222936153, 1.61280155182, 1.7543605566], "dvar": [0.269102454185, 0.221076980233, 0.278086036444, 0.286716461182, 0.353027701378, 0.315045982599], "mean": [-7.92258787155, -7.38439941406, -7.9782371521, -8.47259140015, -8.26570224762, -10.424082756]}, "barkbands_flatness_db": {"min": 0.0184263400733, "max": 0.602416813374, "dvar2": 0.00371674005874, "median": 0.15565764904, "dmean2": 0.0515226498246, "dmean": 0.0350424610078, "var": 0.00624322425574, "dvar": 0.00172482966445, "mean": 0.164252534509}, "dynamic_complexity": 4.96377468109, "erbbands_flatness_db": {"min": 0.0233296751976, "max": 0.488865822554, "dvar2": 0.00154307915363, "median": 0.156472057104, "dmean2": 0.0366034023464, "dmean": 0.0259680207819, "var": 0.00352158281021, "dvar": 0.000801226648036, "mean": 0.163166329265}, "hfc": {"min": 2.16545231