{"lowlevel": {"spectral_complexity": {"min": 0, "max": 64, "dvar2": 79.6252288818, "median": 9, "dmean2": 6.51651668549, "dmean": 4.56790876389, "var": 177.447814941, "dvar": 54.7630691528, "mean": 13.3000135422}, "silence_rate_20dB": {"min": 1, "max": 1, "dvar2": 0, "median": 1, "dmean2": 0, "dmean": 0, "var": 0, "dvar": 0, "mean": 1}, "average_loudness": 0.923052847385, "erbbands_spread": {"min": 1.96967792511, "max": 193.842269897, "dvar2": 465.23815918, "median": 44.3789291382, "dmean2": 19.0911407471, "dmean": 12.3948287964, "var": 602.737731934, "dvar": 203.576568604, "mean": 45.8095855713}, "spectral_kurtosis": {"min": -1.43295896053, "max": 82.9868392944, "dvar2": 19.2507553101, "median": 3.14182543755, "dmean2": 2.4203441143, "dmean": 1.5051445961, "var": 13.922326088, "dvar": 7.60922145844, "mean": 3.75349760056}, "barkbands_kurtosis": {"min": -1.94834291935, "max": 3087.26293945, "dvar2": 19794.3984375, "median": 6.38470888138, "dmean2": 29.5576553345, "dmean": 19.2271442413, "var": 12589.9169922, "dvar": 8846.06347656, "mean": 27.0983428955}, "spectral_strongpeak": {"min": 0, "max": 8.89771175385, "dvar2": 0.909027636051, "median": 0.272293806076, "dmean2": 0.549815297127, "dmean": 0.328133761883, "var": 0.600870907307, "dvar": 0.363513469696, "mean": 0.540658712387}, "spectral_spread": {"min": 1277010, "max": 35178284, "dvar2": 2283720933380.0, "median": 5308982, "dmean2": 1153981.25, "dmean": 777631.1875, "var": 3807723126780.0, "dvar": 1110595600380.0, "mean": 5553601}, "spectral_rms": {"min": 3.29992667503e-06, "max": 0.0115633839741, "dvar2": 2.56969929069e-06, "median": 0.00446265470237, "dmean2": 0.00144186010584, "dmean": 0.00101083854679, "var": 5.84570670981e-06, "dvar": 1.42574913298e-06, "mean": 0.00453841406852}, "erbbands": {"min": [1.44524918255e-07, 3.39387383974e-07, 6.68369466439e-07, 1.10783878426e-06, 7.06661239747e-07, 1.44604746311e-06, 4.53316488347e-06, 3.24693360199e-06, 1.21321170354e-06, 3.04006050555e-07, 1.24771145238e-06, 9.30852195324e-07, 3.82877800575e-07, 1.85463727576e-06, 1.47373089021e-06, 5.62389004699e-07, 1.34277831876e-06, 9.52237314777e-07, 7.16385500255e-07, 7.37970822229e-07, 1.12088559945e-06, 9.40666893712e-07, 1.51171548168e-06, 1.78619427516e-06, 2.15551085603e-06, 1.40884503708e-06, 4.78972253859e-07, 8.32570151488e-07, 1.41686086863e-06, 1.54290512455e-06, 1.0768607126e-06, 1.31859223984e-06, 1.12853024348e-06, 7.75380328832e-07, 6.83626240061e-07, 2.78010446664e-07, 1.94612283622e-07, 1.86841035088e-07, 4.97566112756e-08, 2.84742673884e-09], "max": [4.80891036987, 26.3295440674, 67.4946212769, 233.342071533, 255.761627197, 249.178924561, 156.64390564, 286.259918213, 511.662689209, 649.897277832, 777.512023926, 1216.77929688, 1673.64904785, 1286.53955078, 1143.25488281, 973.057861328, 1158.08874512, 1176.01965332, 795.547424316, 632.860412598, 393.570251465, 312.774017334, 226.060577393, 455.936462402, 289.008270264, 262.132446289, 304.570709229, 449.001190186, 384.365478516, 276.888793945, 235.528076172, 250.019165039, 157.928756714, 65.9780807495, 37.1968078613, 16.9367580414, 5.13062047958, 0.682819604874, 0.114725828171, 0.00593892671168], "dvar2": [0.47704204917, 9.88648509979, 89.208366394, 467.679840088, 822.603393555, 1107.20678711, 321.805053711, 832.180969238, 2500.84277344, 3050.82495117, 3113.47827148, 5745.19921875, 3984.83032227, 4097.28466797, 2403.98022461, 2304.37231445, 1664.38867188, 1895.32128906, 1480.19555664, 643.724243164, 381.729858398, 473.701690674, 434.168029785, 478.109130859, 442.059020996, 695.346374512, 1785.42578125, 2216.60400391, 2260.10229492, 706.147277832, 244.128173828, 335.229614258, 76.9181289673, 13.927646637, 2.71517562866, 0.380328536034, 0.0466405637562, 0.00383225316182, 5.31286241312e-05, 7.41444665664e-08], "median": [0.13568213582, 0.468020260334, 0.329601973295, 0.707508683205, 2.20444178581, 3.39166164398, 3.61781048775, 5.61563968658, 3.9751958847, 3.87221956253, 4.58398199081, 5.11096906662, 4.13667011261, 3.294069767, 3.50865268707, 2.71986746788, 2.32997846603, 2.01449680328, 2.45934247971, 2.09191966057, 1.79626989365, 1.90727591515, 1.76299309731, 1.72200775146, 1.73724722862, 1.61796689034, 1.26961171627, 1.16512799263, 1.28558278084, 1.03841125965, 0.768869042397, 0.540841937065, 0.348931580782, 0.167391121387, 0.0798805058002, 0.0276571400464, 0.00699245743454, 0.00131845287979, 0.000185789773241, 4.36610389443e-05], "dmean2": [0.365116417408, 1.56924843788, 3.78252506256, 7.66055870056, 12.1267328262, 15.4734354019, 10.0715579987, 15.0939064026, 21.2708244324, 23.5571041107, 22.8420581818, 28.2452163696, 23.6119842529, 23.5096225739, 18.9084968567, 19.1296272278, 13.7319011688, 14.9843101501, 14.7037439346, 11.5094661713, 9.33089447021, 9.91727161407, 9.54043197632, 9.60982704163, 9.47129154205, 11.0432682037, 14.9664287567, 15.9699382782, 15.3693504333, 9.28820037842, 6.08260774612, 5.92994213104, 3.13131546974, 1.35505843163, 0.551264405251, 0.20527638495, 0.0747304260731, 0.0212199762464, 0.00259039085358, 0.000108445310616], "dmean": [0.230609968305, 0.995653748512, 2.3232691288, 4.77513170242, 7.13922595978, 8.81533622742, 5.94245672226, 9.49384403229, 13.1827402115, 14.8656625748, 14.7886886597, 17.7665100098, 15.3496656418, 15.3827095032, 12.5796861649, 12.0686674118, 8.84354877472, 9.7172870636, 9.58645057678, 7.68813943863, 6.08925533295, 6.6149096489, 6.0608458519, 6.55855607986, 6.85208702087, 7.00579929352, 9.47689056396, 9.77651691437, 10.0851516724, 7.26731491089, 5.02044916153, 4.92911672592, 2.57778668404, 1.00294005871, 0.392571538687, 0.147455304861, 0.0507236607373, 0.0131762418896, 0.00166065222584, 7.73049105192e-05], "var": [0.330994963646, 6.6795873642, 38.6743621826, 202.369247437, 272.292388916, 332.661407471, 161.126235962, 560.876281738, 1157.41149902, 1849.77880859, 2339.09130859, 4493.703125, 4107.75390625, 4066.59399414, 2170.21411133, 1888.12341309, 1164.57385254, 1499.22473145, 1270.78686523, 535.003540039, 279.191009521, 315.831970215, 274.631774902, 388.252502441, 480.227478027, 633.962158203, 1330.61816406, 1354.05151367, 1532.93005371, 794.255126953, 409.897583008, 346.073455811, 86.246421814, 14.748208046, 3.0009469986, 0.440303742886, 0.032897926867, 0.0014590456849, 2.40212375502e-05, 5.22926661972e-08], "dvar": [0.185070723295, 4.2094836235, 34.427280426, 192.487228394, 313.694335938, 397.553588867, 119.78843689, 347.455108643, 994.412780762, 1267.31518555, 1371.57141113, 2422.34057617, 1793.02404785, 1841.1451416, 1046.44384766, 977.879150391, 651.787231445, 803.384155273, 637.194274902, 291.59677124, 168.253982544, 207.702087402, 186.994567871, 232.659637451, 244.129516602, 339.649230957, 802.965087891, 941.189208984, 1040.24035645, 416.445281982, 179.317352295, 196.833709717, 45.1774749756, 7.27798461914, 1.42308211327, 0.202435150743, 0.0211565997452, 0.00149936100934, 2.19738467422e-05, 3.41894477174e-08], "mean": [0.410147577524, 1.410836339, 2.62204837799, 5.03700208664, 7.33321666718, 9.45164203644, 8.24830150604, 13.956454277, 16.41563797, 19.9956512451, 20.9777851105, 25.3076972961, 22.6375312805, 23.1980838776, 18.7532939911, 17.416727066, 13.4166650772, 14.0885219574, 14.1291179657, 11.0191488266, 8.41513442993, 8.95314407349, 8.35226535797, 9.21341705322, 10.0496892929, 10.5170783997, 12.5799455643, 12.1045207977, 12.8371248245, 9.67138195038, 7.25152349472, 6.15895414352, 3.39487290382, 1.44957828522, 0.5670966506, 0.203513905406, 0.0612955093384, 0.0132529353723, 0.00169645692222, 0.000116594725114]}, "zerocrossingrate": {"min": 0.00146484375, "max": 0.46630859375, "dvar2": 0.000428570696386, "median": 0.03857421875, "dmean2": 0.0161138381809, "dmean": 0.0152250323445, "var": 0.00284752203152, "dvar": 0.000470156403026, "mean": 0.053343873471}, "spectral_contrast_coeffs": {"min": [-0.933569669724, -0.963083982468, -0.978324055672, -0.963123559952, -0.958465695381, -0.958073377609], "max": [-0.313854455948, -0.389789372683, -0.41914999485, -0.492534726858, -0.563848853111, -0.58157902956], "dvar2": [0.00646224664524, 0.00512561341748, 0.00307913869619, 0.00189733144362, 0.0012188248802, 0.000942352053244], "median": [-0.684011459351, -0.743935585022, -0.804387331009, -0.822289943695, -0.823879957199, -0.778667449951], "dmean2": [0.0957030653954, 0.0878137648106, 0.0673376172781, 0.0516174472868, 0.0391239821911, 0.0338561534882], "dmean": [0.0603822879493, 0.0547498911619, 0.0424139797688, 0.0325599126518, 0.0249742232263, 0.0219352655113], "var": [0.0112396096811, 0.00775893451646, 0.00643390184268, 0.00379052688368, 0.00241393991746, 0.00179224263411], "dvar": [0.00278801820241, 0.00214994163252, 0.00135536585003, 0.000830488861538, 0.000560219225008, 0.000417780538555], "mean": [-0.674527049065, -0.735096216202, -0.787178039551, -0.810180366039, -0.818339824677, -0.776507377625]}, "dissonance": {"min": 0.0989506989717, "max": 0.500000119209, "dvar2": 0.00178562267683, "median": 0.464642167091, "dmean2": 0.0401112921536, "dmean": 0.0241463072598, "var": 0.00154966465198, "dvar": 0.000683512538671, "mean": 0.454562067986}, "spectral_energyband_high": {"min": 6.39040043104e-10, "max": 0.0337090231478, "dvar2": 8.0608369899e-06, "median": 0.000201464863494, "dmean2": 0.0011669062078, "dmean": 0.000896993209608, "var": 1.38830346259e-05, "dvar": 5.87096064919e-06, "mean": 0.00143346749246}, "spectral_skewness": {"min": -0.860051870346, "max": 7.51080274582, "dvar2": 0.238799527287, "median": 1.50963103771, "dmean2": 0.415114462376, "dmean": 0.272997438908, "var": 0.364001452923, "dvar": 0.107299625874, "mean": 1.51155698299}, "spectral_flux": {"min": 0.000119631302368, "max": 0.330989569426, "dvar2": 0.00270900642499, "median": 0.0755468159914, "dmean2": 0.0479386076331, "dmean": 0.0307743642479, "var": 0.00359191629104, "dvar": 0.00131808035076, "mean": 0.0887128412724}, "silence_rate_30dB": {"min": 0, "max": 1, "dvar2": 0.00815681833774, "median": 1, "dmean2": 0.0059084193781, "dmean": 0.00295401131734, "var": 0.00187618297059, "dvar": 0.00294528552331, "mean": 0.998120307922}, "spectral_energyband_middle_high": {"min": 2.70202832331e-10, "max": 0.0554826408625, "dvar2": 1.449352294e-05, "median": 0.000777278793976, "dmean2": 0.00213927775621, "dmean": 0.00153114367276, "var": 2.80750937236e-05, "dvar": 7.98030941951e-06, "mean": 0.00314074009657}, "barkbands_spread": {"min": 0.0323266983032, "max": 127.284469604, "dvar2": 229.138427734, "median": 13.29047966, "dmean2": 11.0580253601, "dmean": 7.59597635269, "var": 355.848052979, "dvar": 123.259162903, "mean": 19.4674263}, "spectral_centroid": {"min": 72.9863128662, "max": 8543.16210938, "dvar2": 394495.28125, "median": 977.937438965, "dmean2": 492.117797852, "dmean": 341.950378418, "var": 774857.875, "dvar": 225791.375, "mean": 1196.61132812}, "pitch_salience": {"min": 0.0193535350263, "max": 0.946915030479, "dvar2": 0.0183981265873, "median": 0.526744008064, "dmean2": 0.152607232332, "dmean": 0.0972750335932, "var": 0.0314931683242, "dvar": 0.00825207307935, "mean": 0.504989564419}, "erbbands_skewness": {"min": -6.49583673477, "max": 9.68334197998, "dvar2": 0.649305284023, "median": 0.724810481071, "dmean2": 0.78177934885, "dmean": 0.536037623882, "var": 1.3266094923, "dvar": 0.341815024614, "mean": 0.766398131847}, "erbbands_crest": {"min": 2.25945115089, "max": 30.4913215637, "dvar2": 18.5493450165, "median": 7.85406112671, "dmean2": 4.63793992996, "dmean": 2.88391876221, "var": 21.0275173187, "dvar": 8.03562450409, "mean": 8.96673488617}, "melbands": {"min": [1.26257426736e-09, 3.80906750586e-10, 1.81574422164e-10, 5.95651444835e-11, 1.44718306783e-10, 7.6673348226e-11, 1.62626370703e-11, 2.90310700826e-12, 1.13816187378e-11, 5.16038210427e-12, 1.73855157701e-12, 6.4213061951e-12, 4.5965375603e-12, 1.18093002825e-12, 2.15284669432e-12, 3.31781065295e-12, 1.52193427132e-12, 1.24005905371e-12, 6.79948827277e-13, 1.73055786281e-12, 1.03315153741e-12, 9.29099028615e-13, 5.20244437807e-13, 2.50064031981e-12, 1.17780058709e-12, 1.82882897194e-12, 9.54090972893e-13, 9.72392630826e-13, 2.17636740335e-13, 3.46633393647e-13, 5.00613764852e-13, 7.30611263763e-13, 1.16950383839e-12, 6.02638707166e-13, 5.98031552664e-13, 5.42325516092e-13, 1.00586596344e-12, 8.54981287591e-13, 5.711600355e-13, 7.27656324952e-13], "max": [0.0339110419154, 0.0272062961012, 0.0346409790218, 0.0149954315275, 0.00527229625732, 0.00600204849616, 0.0070859035477, 0.00816673785448, 0.00693206209689, 0.00814538728446, 0.00824584066868, 0.00473591824993, 0.00357119971886, 0.00264537800103, 0.00302699184977, 0.00276504969224, 0.00285487575457, 0.00198113336228, 0.00108275446109, 0.000607698049862, 0.00051415694179, 0.000384647486499, 0.000223876675591, 0.000216037355131, 0.000445702666184, 0.000209967009141, 0.00027070302167, 0.000249331380473, 0.000189056969248, 0.000210609199712, 0.000246408599196, 0.000278963125311, 0.000175669774762, 0.000144010075019, 0.00014052374172, 0.00011549989722, 0.000174397355295, 0.000128124345792, 7.33795386623e-05, 6.42859813524e-05], "dvar2": [2.40549561568e-05, 1.64922130352e-05, 1.28862202473e-05, 5.21499987371e-06, 5.14269629548e-07, 4.07153521564e-07, 5.68705104342e-07, 3.5014144828e-07, 2.11533347283e-07, 2.37825744875e-07, 1.0677479878e-07, 7.25792475009e-08, 3.74706168316e-08, 1.61613940008e-08, 1.36680764484e-08, 8.81498074534e-09, 8.95184726346e-09, 5.54482193493e-09, 3.06431990893e-09, 1.07738751254e-09, 5.57943635737e-10, 6.71849798017e-10, 4.53843629344e-10, 3.32684824134e-10, 4.06194550218e-10, 2.84918061366e-10, 3.10529574277e-10, 3.41234485113e-10, 6.31621421832e-10, 7.35565219845e-10, 6.62384869177e-10, 1.30220589867e-09, 3.02323721613e-10, 1.9012259822e-10, 9.84446135721e-11, 7.51519887987e-11, 1.8651807876e-10, 4.53666791633e-11, 1.75034379352e-11, 1.08326125847e-11], "median": [0.00127849902492, 0.000335535820341, 0.000192942447029, 0.000227746932069, 0.000145893165609, 0.000129065680085, 5.79075604037e-05, 3.80358178518e-05, 3.45648732036e-05, 3.03689575958e-05, 1.92062943825e-05, 1.31349643198e-05, 1.06689949462e-05, 8.0116387835e-06, 5.32902322448e-06, 4.54616883871e-06, 3.31433943757e-06, 3.50196114596e-06, 2.93470020551e-06, 2.34299068325e-06, 1.72172644852e-06, 1.99522082767e-06, 1.48318224547e-06, 1.43972829392e-06, 1.28538488298e-06, 1.2523175883e-06, 1.17361173579e-06, 9.73922283265e-07, 7.69251641941e-07, 6.47130718789e-07, 6.27014969723e-07, 6.97600853528e-07, 6.97235464031e-07, 4.95724350458e-07, 4.3157433538e-07, 3.74235952449e-07, 3.02943305996e-07, 2.54926078469e-07, 1.69711071862e-07, 1.25278376117e-07], "dmean2": [0.00265092006885, 0.00182065716945, 0.00134489638731, 0.00102062290534, 0.000392971094698, 0.000335656368406, 0.00032239157008, 0.000253290170804, 0.000184552118299, 0.000182835501619, 0.000121055651107, 9.92604691419e-05, 7.05338679836e-05, 5.47010204173e-05, 4.02429286623e-05, 3.16991026921e-05, 2.9815480957e-05, 2.60162905761e-05, 2.21615537157e-05, 1.47537821249e-05, 1.08195054054e-05, 1.15073034976e-05, 9.39614164963e-06, 8.33008107293e-06, 8.42182726046e-06, 7.38350627216e-06, 7.70269434724e-06, 7.55279279474e-06, 9.07840876607e-06, 9.59939006862e-06, 8.74302713783e-06, 1.08482772703e-05, 6.29116402706e-06, 4.87157558382e-06, 3.81148561246e-06, 3.28036526298e-06, 4.19225625592e-06, 2.42883447754e-06, 1.55916723088e-06, 1.10151029276e-06], "dmean": [0.00171121186577, 0.00115333229769, 0.000843512010761, 0.000592922151554, 0.000229554992984, 0.000212338141864, 0.000199535657885, 0.000161975433002, 0.000118625306641, 0.000114545771794, 7.82585411798e-05, 6.42832237645e-05, 4.68573452963e-05, 3.52875176759e-05, 2.52813770203e-05, 2.04554617085e-05, 1.91060735233e-05, 1.65664750966e-05, 1.45135700222e-05, 9.40655536397e-06, 6.98873145666e-06, 7.57275893193e-06, 5.87236263527e-06, 5.31112027602e-06, 5.64047832086e-06, 5.12843917022e-06, 5.22072195963e-06, 4.71810017189e-06, 5.70343399886e-06, 6.03271973887e-06, 5.32970898348e-06, 6.66519918013e-06, 4.70823215437e-06, 3.73898865291e-06, 3.09306233248e-06, 2.52701761383e-06, 3.24366965287e-06, 1.95707070816e-06, 1.16185924526e-06, 7.82471090588e-07], "var": [1.78227073775e-05, 9.37134973356e-06, 5.69271151107e-06, 1.61203900007e-06, 2.13391174952e-07, 2.71098997473e-07, 2.67221707873e-07, 2.32762673136e-07, 1.64666701608e-07, 1.90750085949e-07, 1.06763444307e-07, 6.83442706872e-08, 3.19978106234e-08, 1.42175426987e-08, 9.29473564781e-09, 6.62844001909e-09, 6.08797590118e-09, 4.04043376534e-09, 2.34922015174e-09, 7.48279049834e-10, 3.66745356306e-10, 4.18837825533e-10, 2.42558029218e-10, 1.95834404249e-10, 2.87581680691e-10, 2.27461355307e-10, 3.19626852763e-10, 2.70443251127e-10, 4.58787147162e-10, 5.49957857032e-10, 3.89620558039e-10, 6.03472993799e-10, 3.38229305674e-10, 2.07884265357e-10, 1.54700335875e-10, 1.02094471766e-10, 1.43559414356e-10, 4.84945555934e-11, 1.9053984085e-11, 9.08044212738e-12], "dvar": [9.7252886917e-06, 6.4696841946e-06, 5.32978356205e-06, 1.92517518371e-06, 1.87017377584e-07, 1.71436667529e-07, 2.25982915936e-07, 1.4948982141e-07, 9.22124314684e-08, 1.01015679377e-07, 4.76834571828e-08, 3.2378682846e-08, 1.63731090908e-08, 7.22098336681e-09, 5.46086598163e-09, 3.56833584902e-09, 3.70729180688e-09, 2.28646901412e-09, 1.36714539689e-09, 4.5186354658e-10, 2.42296155362e-10, 2.91033447342e-10, 1.85401125008e-10, 1.39440528568e-10, 1.88829951675e-10, 1.36736413858e-10, 1.65358129967e-10, 1.57221791142e-10, 2.80250017637e-10, 3.37330774425e-10, 2.78931655551e-10, 5.22577758844e-10, 1.73847589102e-10, 1.12728638924e-10, 7.0673633612e-11, 4.74265765549e-11, 9.7920095643e-11, 2.62020873748e-11, 9.40835690605e-12, 5.16379387167e-12], "mean": [0.00303857563995, 0.00155046826694, 0.000925783882849, 0.000635180214886, 0.00030934685492, 0.00031457139994, 0.000250045646681, 0.000221696216613, 0.000167724196217, 0.00016001786571, 0.000110828601464, 9.34550334932e-05, 6.72303431202e-05, 4.95588501508e-05, 3.55196352757e-05, 2.83035424218e-05, 2.62805788225e-05, 2.2968471967e-05, 1.90698137885e-05, 1.24518774101e-05, 9.03610180103e-06, 9.82351684797e-06, 7.55277505959e-06, 6.96354436514e-06, 7.52080040911e-06, 6.99851034369e-06, 7.63234947954e-06, 6.71600719215e-06, 7.51886273065e-06, 7.73976898927e-06, 6.48390368951e-06, 7.53316362534e-06, 6.43658222543e-06, 4.8852857617e-06, 4.322361292e-06, 3.72391332348e-06, 3.72961289941e-06, 2.53212783718e-06, 1.63307197454e-06, 1.08740334781e-06]}, "spectral_entropy": {"min": 4.24910020828, "max": 9.01607513428, "dvar2": 0.128570258617, "median": 7.58607816696, "dmean2": 0.33861348033, "dmean": 0.23393933475, "var": 0.322097063065, "dvar": 0.0696101561189, "mean": 7.5741891861}, "spectral_rolloff": {"min": 21.533203125, "max": 13049.1210938, "dvar2": 3379567.5, "median": 538.330078125, "dmean2": 998.950561523, "dmean": 632.233276367, "var": 4393882.5, "dvar": 1811254.125, "mean": 1347.58911133}, "barkbands": {"min": [3.49520279386e-09, 2.49401521657e-09, 5.99467253615e-10, 3.68696517761e-10, 4.12090556123e-10, 4.92514085071e-10, 5.36678930463e-11, 3.54369901479e-11, 4.34328371879e-11, 2.64798218075e-11, 2.03101077623e-11, 1.06621673296e-11, 3.10377903934e-11, 1.71399214266e-11, 7.93311336761e-12, 2.44370843006e-11, 1.41768333184e-11, 3.93767761453e-11, 3.61482441202e-11, 2.37889707932e-11, 1.45016273295e-11, 5.1536754031e-11, 2.97312834074e-11, 7.24296317367e-11, 8.07852257312e-11, 8.67718605302e-11, 3.07852882075e-10], "max": [0.0301214978099, 0.106675907969, 0.0767552554607, 0.0940786004066, 0.0604741759598, 0.026896096766, 0.0421161949635, 0.0496628843248, 0.040973033756, 0.050514511764, 0.0347615666687, 0.0207357779145, 0.0259346682578, 0.0351567715406, 0.0118431570008, 0.00778025947511, 0.00442542042583, 0.00375798996538, 0.00966490991414, 0.0057153175585, 0.00847541261464, 0.00987704005092, 0.00830801296979, 0.0113007519394, 0.00543247163296, 0.00242688995786, 0.000512247905135], "dvar2": [8.75876958162e-06, 0.00023758278985, 9.93433131953e-05, 9.59114549914e-05, 8.45456015668e-05, 8.86454381543e-06, 1.2963950212e-05, 7.4025711001e-06, 8.60302407091e-06, 4.64243066745e-06, 2.95373865811e-06, 1.22579444906e-06, 9.31249189762e-07, 1.09990730834e-06, 4.94255857575e-07, 1.60799871196e-07, 1.56071493507e-07, 1.44960793591e-07, 1.95504711087e-07, 3.29818277578e-07, 1.24961684378e-06, 9.278673474e-07, 3.25297008885e-07, 5.03529122398e-07, 6.87276155986e-08, 1.50585091063e-08, 1.25556076647e-09], "median": [0.000554583675694, 0.00378348026425, 0.000193151907297, 0.000250563491136, 0.00103058107197, 0.000649978115689, 0.000229593657423, 0.000172803134774, 0.000215042964555, 0.000104648366687, 8.01905771368e-05, 6.45887048449e-05, 4.57950882264e-05, 3.32185445586e-05, 4.32715642091e-05, 3.15950092045e-05, 3.0469864214e-05, 3.16129990097e-05, 3.28306123265e-05, 3.4800676076e-05, 2.93915400107e-05, 3.66634267266e-05, 2.69794600172e-05, 2.35717798205e-05, 1.31483702717e-05, 4.64865115646e-06, 1.03322167888e-06], "dmean2": [0.00174078717828, 0.00822253804654, 0.00383008550853, 0.00318080722354, 0.00418614223599, 0.00163267005701, 0.00155789183918, 0.00113762763795, 0.00120170926675, 0.000770352489781, 0.000608821574133, 0.000467431120342, 0.000310357252602, 0.000319996644976, 0.000281147047644, 0.000187678640941, 0.000180182571057, 0.000176692337845, 0.000191378610907, 0.000241601912421, 0.000389843538869, 0.000343028135831, 0.000217868480831, 0.000237878062762, 9.53996204771e-05, 4.50882471341e-05, 1.32856694108e-05], "dmean": [0.00111131556332, 0.00528109818697, 0.00233100214973, 0.00189071183559, 0.00240523600951, 0.00102642946877, 0.000950856076088, 0.000739204755519, 0.00075686594937, 0.000491894665174, 0.000397422612878, 0.00029722522595, 0.000196813052753, 0.000206336757401, 0.000184875781997, 0.000119143740449, 0.000118400334031, 0.000112076355435, 0.000138541436172, 0.000154238732648, 0.000243814574787, 0.000245713774348, 0.000176306348294, 0.000196878667339, 6.81175224599e-05, 3.08291564579e-05, 8.60915497469e-06], "var": [9.16217868507e-06, 0.000172770480276, 3.94863563997e-05, 3.08743510686e-05, 2.51268374996e-05, 6.17860996499e-06, 6.30358954368e-06, 5.25320319866e-06, 7.2918846854e-06, 4.29673718827e-06, 2.50000493907e-06, 1.05791627902e-06, 5.83753148931e-07, 6.89990201863e-07, 3.89847286897e-07, 1.11786278012e-07, 9.91263675587e-08, 8.81910438011e-08, 1.78079503144e-07, 2.89657577923e-07, 8.88564898105e-07, 1.01045543488e-06, 5.06307628712e-07, 5.27272391082e-07, 7.92727234966e-08, 1.27820616314e-08, 6.34181596126e-10], "dvar": [3.71395663024e-06, 9.83944337349e-05, 3.79472767236e-05, 3.6667301174e-05, 3.07669251924e-05, 3.75099739358e-06, 5.13968552696e-06, 3.27002408085e-06, 3.7270183384e-06, 2.06722938856e-06, 1.28682052036e-06, 5.31053842678e-07, 3.59767199143e-07, 4.46278278332e-07, 2.18677399744e-07, 6.76990907778e-08, 6.78190588133e-08, 6.10898354125e-08, 1.01120427587e-07, 1.58686447094e-07, 5.5580113667e-07, 5.29578187525e-07, 2.28122331691e-07, 2.96904772767e-07, 3.68857691058e-08, 7.19924964088e-09, 5.28070975836e-10], "mean": [0.0019222125411, 0.00894300173968, 0.00241184257902, 0.00176421378274, 0.00262743979692, 0.00154739164282, 0.00116726267152, 0.000983291771263, 0.00106832757592, 0.000689174630679, 0.000561079592444, 0.00041592301568, 0.000276174367173, 0.000284266163362, 0.000248218973866, 0.000157973263413, 0.000155381130753, 0.000150071791722, 0.000189742699149, 0.000225670446525, 0.000316531164572, 0.000344870582921, 0.000255651568295, 0.000248833996011, 0.000101464502222, 3.81206518796e-05, 9.34365471039e-06]}, "melbands_flatness_db": {"min": 0.0163957253098, "max": 0.765311062336, "dvar2": 0.00317071704194, "median": 0.2301209867, "dmean2": 0.0571394301951, "dmean": 0.0407686494291, "var": 0.0118900705129, "dvar": 0.0018634586595, "mean": 0.241025656462}, "melbands_skewness": {"min": -4.80924797058, "max": 31.0368041992, "dvar2": 6.58857154846, "median": 3.29605078697, "dmean2": 2.17261052132, "dmean": 1.42115318775, "var": 10.2568683624, "dvar": 3.02556967735, "mean": 4.07245016098}, "barkbands_skewness": {"min": -7.79822826385, "max": 45.0868644714, "dvar2": 6.63263130188, "median": 2.20123052597, "dmean2": 1.7270604372, "dmean": 1.17278194427, "var": 9.54280090332, "dvar": 3.10214948654, "mean": 2.88947844505}, "silence_rate_60dB": {"min": 0, "max": 1, "dvar2": 0.115317113698, "median": 0, "dmean2": 0.116691283882, "dmean": 0.0583417266607, "var": 0.11496873945, "dvar": 0.0549476258457, "mean": 0.132518798113}, "spectral_energyband_low": {"min": 5.86444537376e-09, "max": 0.122760437429, "dvar2": 0.000327406422002, "median": 0.00779470754787, "dmean2": 0.0110058188438, "dmean": 0.00718057062477, "var": 0.000334679963998, "dvar": 0.000141233598697, "mean": 0.0140191251412}, "spectral_energyband_middle_low": {"min": 1.40656752912e-09, "max": 0.111637718976, "dvar2": 0.000235159386648, "median": 0.00500529166311, "dmean2": 0.00880101229995, "dmean": 0.00565844587982, "var": 0.000143806639244, "dvar": 0.000100859702798, "mean": 0.00937677826732}, "melbands_kurtosis": {"min": -1.94647824764, "max": 1667.50549316, "dvar2": 9278.13085938, "median": 16.7913455963, "dmean2": 44.1833877563, "dmean": 28.3145923615, "var": 8015.63623047, "dvar": 4023.43334961, "mean": 46.8846473694}, "spectral_decrease": {"min": -3.56880285324e-08, "max": -2.68311175042e-15, "dvar2": 3.06641742599e-17, "median": -5.12465625491e-09, "dmean2": 4.14039647012e-09, "dmean": 2.74103317821e-09, "var": 3.79565522181e-17, "dvar": 1.41568256069e-17, "mean": -6.72885835939e-09}, "erbbands_kurtosis": {"min": -1.89510297775, "max": 128.005325317, "dvar2": 29.6271686554, "median": 0.259832143784, "dmean2": 2.88627362251, "dmean": 1.87973237038, "var": 34.9495925903, "dvar": 14.6577377319, "mean": 1.93877565861}, "melbands_crest": {"min": 2.4498269558, "max": 38.6712989807, "dvar2": 37.998588562, "median": 17.8513946533, "dmean2": 7.13949155807, "dmean": 4.46405267715, "var": 66.0551223755, "dvar": 16.76171875, "mean": 18.9832229614}, "gfcc": {"cov": [[13220.8544922, -1218.14746094, -1233.17089844, -296.781982422, -826.441467285, 7.21909618378, -517.039672852, 126.959259033, -207.986633301, 174.777053833, -94.5318374634, 65.4043121338, -152.115005493], [-1218.14746094, 1698.96618652, 180.237747192, 145.300445557, 309.358551025, -100.322875977, 210.556564331, -17.3769226074, 104.9270401, -88.8234481812, 59.7314071655, -130.410415649, 35.153377533], [-1233.17089844, 180.237747192, 1338.91418457, 376.822265625, 357.817932129, 79.0837020874, 16.8878269196, 58.4592971802, 54.869430542, 21.6864109039, -12.7105607986, 12.3475522995, -3.95663166046], [-296.781982422, 145.300445557, 376.822265625, 688.40814209, 263.323425293, 75.4493484497, 41.9833526611, 13.0241804123, 95.7982025146, 3.81368637085, 82.0097351074, 20.0515174866, 69.3280029297], [-826.441467285, 309.358551025, 357.817932129, 263.323425293, 526.584716797, 92.6802368164, 126.824043274, 53.2270278931, 84.4498062134, 28.8371162415, 35.4733200073, 31.427406311, 51.1164283752], [7.21909618378, -100.322875977, 79.0837020874, 75.4493484497, 92.6802368164, 267.488616943, 104.64818573, 35.6783447266, 28.4162483215, 37.9310417175, 33.8898963928, 4.45694112778, 22.0007362366], [-517.039672852, 210.556564331, 16.8878269196, 41.9833526611, 126.824043274, 104.64818573, 228.71673584, 47.4016952515, 60.023235321, 14.1229457855, 43.2169570923, 2.28730463982, 22.5418624878], [126.959259033, -17.3769226074, 58.4592971802, 13.0241804123, 53.2270278931, 35.6783447266, 47.4016952515, 159.261260986, 69.9966888428, 47.6151504517, 23.2614555359, 38.6238212585, 19.3076972961], [-207.986633301, 104.9270401, 54.869430542, 95.7982025146, 84.4498062134, 28.4162483215, 60.023235321, 69.9966888428, 152.968826294, 55.2692108154, 45.7121124268, 23.2620601654, 42.4837493896], [174.777053833, -88.8234481812, 21.6864109039, 3.81368637085, 28.8371162415, 37.9310417175, 14.1229457855, 47.6151504517, 55.2692108154, 113.275657654, 49.3130187988, 43.2338485718, 21.6059474945], [-94.5318374634, 59.7314071655, -12.7105607986, 82.0097351074, 35.4733200073, 33.8898963928, 43.2169570923, 23.2614555359, 45.7121124268, 49.3130187988, 130.814453125, 59.0689697266, 50.3655548096], [65.4043121338, -130.410415649, 12.3475522995, 20.0515174866, 31.427406311, 4.45694112778, 2.28730463982, 38.6238212585, 23.2620601654, 43.2338485718, 59.0689697266, 116.933944702, 52.4032516479], [-152.115005493, 35.153377533, -3.95663166046, 69.3280029297, 51.1164283752, 22.0007362366, 22.5418624878, 19.3076972961, 42.4837493896, 21.6059474945, 50.3655548096, 52.4032516479, 104.438743591]], "icov": [[0.000112595924293, -4.0597627958e-05, 0.000125228049001, -0.000114611022582, 0.000122825367725, -0.000157371105161, 0.000269469950581, -0.000220648711547, 0.000184314572834, -0.000288133713184, 0.000189538201084, -0.000174456232344, 0.0001949139114], [-4.0597627958e-05, 0.00122299126815, -0.000196405468159, 0.000308308575768, -0.000706355727743, 0.00117249670438, -0.0010013456922, 0.000175907232915, -0.00060488685267, 0.00113400653936, -0.00156634522136, 0.00230836379342, -0.000791968777776], [0.000125228049001, -0.000196405468159, 0.00121585465968, -0.000629199377727, -0.000357817363692, -0.000460566458059, 0.000717273680493, -0.000534538121428, 0.000345252396073, -0.000622498162556, 0.000866985996254, -0.000687962572556, 0.000843821559101], [-0.000114611022582, 0.000308308575768, -0.000629199377727, 0.00257077603601, -0.00103371054865, -5.5478685681e-06, 0.000242445123149, 0.000675482209772, -0.00149177061394, 0.00177487765905, -0.00213570240885, 0.00126826483756, -0.00103794061579], [0.000122825367725, -0.000706355727743, -0.000357817363692, -0.00103371054865, 0.00365758361295, -0.000864208792336, -0.000731140724383, -0.000267534924205, 0.000166931626154, -0.00119626068044, 0.00185149873141, -0.00200704508461, -1.78144709935e-05], [-0.000157371105161, 0.00117249670438, -0.000460566458059, -5.5478685681e-06, -0.000864208792336, 0.00630867807195, -0.00343820382841, -7.1236572694e-05, 0.000553611200303, -0.000631449336652, -0.00172644923441, 0.00328435585834, -0.00169830198865], [0.000269469950581, -0.0010013456922, 0.000717273680493, 0.000242445123149, -0.000731140724383, -0.00343820382841, 0.00839237123728, -0.00162524776533, -0.00106433581095, 0.000569476629607, -0.000770895101596, -0.000872910837643, 0.00129185861442], [-0.000220648711547, 0.000175907232915, -0.000534538121428, 0.000675482209772, -0.000267534924205, -7.1236572694e-05, -0.00162524776533, 0.00956472381949, -0.00394554017112, -0.000777471752372, 0.000753218773752, -0.00229500746354, 0.000433387263911], [0.000184314572834, -0.00060488685267, 0.000345252396073, -0.00149177061394, 0.000166931626154, 0.000553611200303, -0.00106433581095, -0.00394554017112, 0.0123772853985, -0.00537906307727, 0.000372027367121, 0.00112786353566, -0.0024311656598], [-0.000288133713184, 0.00113400653936, -0.000622498162556, 0.00177487765905, -0.00119626068044, -0.000631449336652, 0.000569476629607, -0.000777471752372, -0.00537906307727, 0.0161743797362, -0.005660536699, -0.00052918313304, 0.000573509954847], [0.000189538201084, -0.00156634522136, 0.000866985996254, -0.00213570240885, 0.00185149873141, -0.00172644923441, -0.000770895101596, 0.000753218773752, 0.000372027367121, -0.005660536699, 0.015897905454, -0.00781267974526, -0.000988492858596], [-0.000174456232344, 0.00230836379342, -0.000687962572556, 0.00126826483756, -0.00200704508461, 0.00328435585834, -0.000872910837643, -0.00229500746354, 0.00112786353566, -0.00052918313304, -0.00781267974526, 0.0194811224937, -0.00735240615904], [0.0001949139114, -0.000791968777776, 0.000843821559101, -0.00103794061579, -1.78144709935e-05, -0.00169830198865, 0.00129185861442, 0.000433387263911, -0.0024311656598, 0.000573509954847, -0.000988492858596, -0.00735240615904, 0.0158901028335]], "mean": [-43.8871459961, 80.8860549927, -90.5767211914, 32.7805633545, -61.4752197266, 15.1246643066, -30.1164245605, 6.93054246902, -16.8783664703, 2.98269200325, -9.70610523224, 2.60277366638, -5.2625617981]}, "melbands_spread": {"min": 0.0892836749554, "max": 303.777923584, "dvar2": 602.319030762, "median": 11.2241048813, "dmean2": 13.1595153809, "dmean": 9.1403503418, "var": 753.76550293, "dvar": 311.595367432, "mean": 20.0456581116}, "spectral_energy": {"min": 1.11617541876e-08, "max": 0.137054651976, "dvar2": 0.00045866338769, "median": 0.020413165912, "dmean2": 0.0161980483681, "dmean": 0.0108838798478, "var": 0.000599578313995, "dvar": 0.000218646368012, "mean": 0.0271037649363}, "mfcc": {"cov": [[12737.6474609, -774.104553223, -1010.85882568, -606.524597168, -591.994689941, -325.625701904, -381.329193115, -224.645675659, -272.725921631, -4.1304473877, -83.0654907227, 10.3212099075, -30.2247257233], [-774.104553223, 1482.2220459, 39.1000404358, 178.913101196, 63.0616149902, -9.02234840393, 77.7958374023, 44.6747322083, 62.4819869995, 50.9901275635, 60.0672302246, -23.7616043091, -3.94338536263], [-1010.85882568, 39.1000404358, 863.133850098, 279.436462402, 259.603424072, 99.6153335571, 53.5392379761, 38.9772224426, 50.8532409668, 9.34984874725, 29.1599502563, 37.6608467102, 23.620803833], [-606.524597168, 178.913101196, 279.436462402, 596.702209473, 313.820831299, 105.545143127, 48.7226028442, 62.3352966309, 65.0367584229, 1.50799834728, 12.3502750397, 70.5848388672, 51.882598877], [-591.994689941, 63.0616149902, 259.603424072, 313.820831299, 416.353271484, 141.023681641, 81.0113830566, 60.4772224426, 86.0283279419, 21.4711589813, 23.3460350037, 46.5501060486, 41.8554954529], [-325.625701904, -9.02234840393, 99.6153335571, 105.545143127, 141.023681641, 242.217071533, 121.000816345, 47.3570709229, 54.4836006165, 31.6914043427, 34.5667610168, 24.6200084686, 12.7595663071], [-381.329193115, 77.7958374023, 53.5392379761, 48.7226028442, 81.0113830566, 121.000816345, 186.764175415, 75.3605575562, 43.1954689026, 21.286895752, 36.7479934692, 16.7230415344, 18.5117092133], [-224.645675659, 44.6747322083, 38.9772224426, 62.3352966309, 60.4772224426, 47.3570709229, 75.3605575562, 125.824760437, 62.3819236755, 25.9876403809, 27.9451560974, 26.4662151337, 25.6855392456], [-272.725921631, 62.4819869995, 50.8532409668, 65.0367584229, 86.0283279419, 54.4836006165, 43.1954689026, 62.3819236755, 133.612701416, 53.9209289551, 33.4675941467, 13.5783157349, 19.7640686035], [-4.1304473877, 50.9901275635, 9.34984874725, 1.50799834728, 21.4711589813, 31.6914043427, 21.286895752, 25.9876403809, 53.9209289551, 106.323623657, 47.5684547424, 14.8682117462, 16.6440448761], [-83.0654907227, 60.0672302246, 29.1599502563, 12.3502750397, 23.3460350037, 34.5667610168, 36.7479934692, 27.9451560974, 33.4675941467, 47.5684547424, 89.8274307251, 33.5783348083, 19.8804130554], [10.3212099075, -23.7616043091, 37.6608467102, 70.5848388672, 46.5501060486, 24.6200084686, 16.7230415344, 26.4662151337, 13.5783157349, 14.8682117462, 33.5783348083, 91.9493713379, 48.1582489014], [-30.2247257233, -3.94338536263, 23.620803833, 51.882598877, 41.8554954529, 12.7595663071, 18.5117092133, 25.6855392456, 19.7640686035, 16.6440448761, 19.8804130554, 48.1582489014, 80.1482543945]], "icov": [[9.6427022072e-05, 3.35517906933e-05, 8.58458370203e-05, 2.00753638637e-05, 2.74251360679e-05, -4.63871607792e-08, 0.000123712248751, 1.40246893352e-05, 0.000124449448776, -0.00011469200399, 2.67760406132e-05, -0.000103170510556, 8.15046291791e-07], [3.35517906933e-05, 0.000803793198429, 7.63739953982e-05, -0.000396597693907, 9.28251174628e-05, 0.000442374672275, -0.000443005788838, 9.40194076975e-05, -0.000112731548143, -0.000249974429607, -0.000585581525229, 0.000573071825784, 0.000120332711958], [8.58458370203e-05, 7.63739953982e-05, 0.00155840802472, -0.000364504812751, -0.00062317593256, -4.56719244539e-05, 9.19217418414e-05, 6.44041065243e-05, 0.000153673943714, 1.76519442903e-05, -0.000401025259634, -2.86535396299e-05, 0.000178769783815], [2.00753638637e-05, -0.000396597693907, -0.000364504812751, 0.00327725871466, -0.00194021803327, -0.000408297433751, 0.000745997938793, -0.000599618360866, -1.90020200534e-05, 0.000585138215683, 0.000851689372212, -0.00158727250528, -0.000302250380628], [2.74251360679e-05, 9.28251174628e-05, -0.00062317593256, -0.00194021803327, 0.00516979582608, -0.0013973765308, -0.000395052717067, 0.000291186617687, -0.00163565354887, 0.000200611859327, 0.000375566538423, -3.12455485982e-05, -0.000737579597626], [-4.63871607792e-08, 0.000442374672275, -4.56719244539e-05, -0.000408297433751, -0.0013973765308, 0.0075702755712, -0.00450650183484, 0.00118732405826, -0.000881761661731, -0.00102731783409, -0.000495629443321, -0.000673632777762, 0.00144290167373], [0.000123712248751, -0.000443005788838, 9.19217418414e-05, 0.000745997938793, -0.000395052717067, -0.00450650183484, 0.010615170002, -0.00482866633683, 0.00110051443335, 0.000943231512792, -0.00177883694414, 0.00104964198545, -0.00112241995521], [1.40246893352e-05, 9.40194076975e-05, 6.44041065243e-05, -0.000599618360866, 0.000291186617687, 0.00118732405826, -0.00482866633683, 0.0134959062561, -0.00486565986648, 0.000129580221255, -0.000128703803057, -0.00180988258217, -0.000879484927282], [0.000124449448776, -0.000112731548143, 0.000153673943714, -1.90020200534e-05, -0.00163565354887, -0.000881761661731, 0.00110051443335, -0.00486565986648, 0.0131625970826, -0.00480237742886, -0.000864497502334, 0.00171903159935, -0.000758905080147], [-0.00011469200399, -0.000249974429607, 1.76519442903e-05, 0.000585138215683, 0.000200611859327, -0.00102731783409, 0.000943231512792, 0.000129580221255, -0.00480237742886, 0.0148697793484, -0.00615896796808, 0.000791783386376, -0.00149188900832], [2.67760406132e-05, -0.000585581525229, -0.000401025259634, 0.000851689372212, 0.000375566538423, -0.000495629443321, -0.00177883694414, -0.000128703803057, -0.000864497502334, -0.00615896796808, 0.0181812923402, -0.00615051295608, 0.000561046472285], [-0.000103170510556, 0.000573071825784, -2.86535396299e-05, -0.00158727250528, -3.12455485982e-05, -0.000673632777762, 0.00104964198545, -0.00180988258217, 0.00171903159935, 0.000791783386376, -0.00615051295608, 0.0195337571204, -0.00931349024177], [8.15046291791e-07, 0.000120332711958, 0.000178769783815, -0.000302250380628, -0.000737579597626, 0.00144290167373, -0.00112241995521, -0.000879484927282, -0.000758905080147, -0.00149188900832, 0.000561046472285, -0.00931349024177, 0.0192765835673]], "mean": [-692.413452148, 112.145492554, 24.9053192139, 22.2622509003, 0.38858923316, 8.1046705246, 0.561580002308, 5.28887987137, -0.0772373825312, 3.41044616699, 0.0100213121623, -0.0980049371719, 0.735895574093]}, "spectral_contrast_valleys": {"min": [-14.8544397354, -14.0564460754, -14.6247797012, -15.1883649826, -15.0468845367, -16.2420692444], "max": [-5.10008764267, -4.55982208252, -5.10051488876, -5.48075437546, -5.47120952606, -7.25864458084], "dvar2": [0.40764644742, 0.586932241917, 0.56079441309, 0.525644183159, 0.472984015942, 0.493477940559], "median": [-7.17288970947, -6.97655725479, -7.70260620117, -8.24284172058, -8.09833049774, -10.2248878479], "dmean2": [0.715585052967, 0.79937684536, 0.758592665195, 0.685752511024, 0.624208629131, 0.594910264015], "dmean": [0.466809719801, 0.523389697075, 0.510649323463, 0.479426503181, 0.442032635212, 0.448286116123], "var": [1.65816771984, 1.49446380138, 1.51118135452, 1.53253149986, 1.54634726048, 1.86535668373], "dvar": [0.227541014552, 0.294683068991, 0.290622323751, 0.288242220879, 0.282135426998, 0.315401256084], "mean": [-7.52642869949, -7.16827726364, -7.77992773056, -8.30829906464, -8.1403169632, -10.3053636551]}, "barkbands_flatness_db": {"min": 0.0227012801915, "max": 0.634245932102, "dvar2": 0.00218597566709, "median": 0.147996753454, "dmean2": 0.0475153289735, "dmean": 0.0330862998962, "var": 0.00717988982797, "dvar": 0.00122524972539, "mean": 0.162039443851}, "dynamic_complexity": 4.58209609985, "erbbands_flatness_db": {"min": 0.0262635145336, "max": 0.377045720816, "dvar2": 0.000886850699317, "median": 0.128881558776, "dmean2": 0.0300575401634, "dmean": 0.0208474807441, "var": 0.00228243856691, "dvar": 0.000462363677