{"lowlevel": {"spectral_complexity": {"min": 0, "max": 63, "dvar2": 49.463684082, "median": 14, "dmean2": 5.96309566498, "dmean": 4.24105215073, "var": 169.175323486, "dvar": 29.6419296265, "mean": 16.2060985565}, "silence_rate_20dB": {"min": 1, "max": 1, "dvar2": 0, "median": 1, "dmean2": 0, "dmean": 0, "var": 0, "dvar": 0, "mean": 1}, "average_loudness": 0.698869943619, "erbbands_spread": {"min": 1.0225520134, "max": 164.19128418, "dvar2": 286.869628906, "median": 30.7227802277, "dmean2": 13.4160270691, "dmean": 8.95240402222, "var": 397.912872314, "dvar": 128.359512329, "mean": 34.788318634}, "spectral_kurtosis": {"min": -1.25973403454, "max": 32.7735786438, "dvar2": 5.78809356689, "median": 3.47317504883, "dmean2": 2.04256224632, "dmean": 1.26796936989, "var": 6.20057249069, "dvar": 2.28432440758, "mean": 3.96603608131}, "barkbands_kurtosis": {"min": -1.95904290676, "max": 4043.25512695, "dvar2": 3814.05981445, "median": 0.320345282555, "dmean2": 6.65940523148, "dmean": 4.1300983429, "var": 4688.47412109, "dvar": 1667.30078125, "mean": 4.99558544159}, "spectral_strongpeak": {"min": 0, "max": 11.694103241, "dvar2": 1.75883829594, "median": 0.484977304935, "dmean2": 0.925286114216, "dmean": 0.558988153934, "var": 1.6514787674, "dvar": 0.70908421278, "mean": 0.972498416901}, "spectral_spread": {"min": 1654147.75, "max": 44002200, "dvar2": 1195798298620.0, "median": 4340198, "dmean2": 844582.375, "dmean": 613961.1875, "var": 3446732488700.0, "dvar": 617927081984, "mean": 4667458}, "spectral_rms": {"min": 3.20855603371e-12, "max": 0.0146475275978, "dvar2": 3.05764547193e-06, "median": 0.00290445238352, "dmean2": 0.00112493743654, "dmean": 0.000797122251242, "var": 4.74900298286e-06, "dvar": 1.5062064449e-06, "mean": 0.00328729767352}, "erbbands": {"min": [3.07422654105e-22, 6.76201470536e-22, 8.1032204159e-21, 2.82573944536e-20, 3.12173762651e-20, 3.59197978811e-20, 1.57120695532e-19, 1.70030555051e-19, 2.86941277225e-19, 1.89233229854e-19, 3.480696143e-19, 7.94149171043e-19, 1.33276994656e-18, 1.34573186676e-18, 1.22303409854e-18, 1.38586315456e-18, 2.39896998058e-18, 3.5686259074e-18, 3.59719176267e-18, 3.24030220584e-18, 5.48349484513e-18, 6.29902461875e-18, 8.11170200925e-18, 8.60571329622e-18, 1.13694643435e-17, 1.37069435785e-17, 8.71230048123e-18, 1.04696250131e-17, 1.15606282646e-17, 1.45864747976e-17, 1.37304123468e-17, 1.11336475585e-17, 1.13114525127e-17, 9.76410447066e-18, 8.11541439584e-18, 5.77974213689e-18, 2.40587631831e-18, 1.21836383681e-18, 2.7141411485e-19, 3.04013561285e-20], "max": [6.43369102478, 26.8142261505, 39.3845024109, 51.5554618835, 99.0156478882, 62.6239433289, 166.726989746, 549.171447754, 637.258911133, 1341.10217285, 1449.27685547, 1078.78845215, 1134.80358887, 1151.85388184, 1212.57910156, 1248.35559082, 1975.91394043, 2363.31420898, 3821.68286133, 1095.5369873, 851.595947266, 705.909484863, 539.639038086, 919.484863281, 1061.03552246, 338.021820068, 365.092559814, 171.540756226, 139.699615479, 104.65725708, 140.147140503, 83.7114715576, 59.9395675659, 47.4861488342, 17.6847419739, 11.1939611435, 3.33796787262, 0.576115012169, 0.0487703159451, 0.00145810609683], "dvar2": [0.757993042469, 12.1237897873, 21.521490097, 53.5235977173, 84.5461807251, 53.5834503174, 135.482055664, 2661.01855469, 1496.55761719, 3399.60302734, 5353.76171875, 7040.69433594, 5551.52880859, 4045.16894531, 4964.95068359, 5680.69677734, 11715.0751953, 13556.7861328, 11277.9892578, 3929.0144043, 1920.71862793, 901.956787109, 824.369995117, 952.234863281, 1177.43664551, 368.154876709, 444.889343262, 113.161582947, 90.4546051025, 55.3440742493, 44.2880058289, 17.9316692352, 9.33708763123, 5.79330444336, 1.35443925858, 0.640955388546, 0.0560660995543, 0.00156035262626, 1.48841045302e-05, 1.5581553825e-08], "median": [0.00216386234388, 0.0158037468791, 0.093496888876, 0.346647799015, 0.618242263794, 0.680084824562, 1.63799285889, 2.24261593819, 3.23384714127, 4.32276439667, 5.2071223259, 5.85547733307, 4.55969810486, 4.66074180603, 5.14170265198, 5.62035751343, 7.86560153961, 10.1181507111, 11.0400676727, 10.6569480896, 8.27316951752, 5.93792057037, 5.64426136017, 6.04820823669, 7.13782310486, 4.77154159546, 2.8724656105, 1.682543993, 1.56677532196, 1.01290071011, 0.714997768402, 0.462059855461, 0.273984134197, 0.151736602187, 0.0524694211781, 0.0162515137345, 0.00434092665091, 0.000713814748451, 8.59313076944e-05, 1.88265330507e-05], "dmean2": [0.1992649436, 0.883980929852, 1.40386903286, 2.52415370941, 3.84726023674, 3.39907407761, 6.07308673859, 17.8413181305, 15.1085004807, 20.1409645081, 25.1361293793, 31.1651077271, 26.4152126312, 22.8793907166, 24.0409297943, 26.1751232147, 36.6594161987, 41.0741424561, 35.0618247986, 27.6052188873, 17.5002155304, 12.7920045853, 13.1531839371, 12.0204544067, 13.5849666595, 10.1022195816, 9.5219078064, 5.25865364075, 4.68925476074, 3.3500893116, 2.57646369934, 1.68552601337, 1.22236120701, 0.884979009628, 0.410507470369, 0.273831188679, 0.0789063796401, 0.0127763524652, 0.00122910470236, 4.8490062909e-05], "dmean": [0.119416184723, 0.510457873344, 0.816933274269, 1.44194996357, 2.19876456261, 2.04849147797, 3.85718607903, 10.9912862778, 9.08498859406, 12.4086551666, 16.0006809235, 19.4532089233, 16.922990799, 14.9991550446, 15.7209739685, 16.8503437042, 23.5689220428, 26.3106155396, 22.5875873566, 17.6523265839, 11.137714386, 8.1652765274, 8.26598548889, 7.76328516006, 8.87940597534, 6.71915721893, 6.47257900238, 3.63404107094, 3.22063755989, 2.35924816132, 1.82258021832, 1.22101247311, 0.883141756058, 0.634598195553, 0.301934808493, 0.199938103557, 0.0584313906729, 0.00943442527205, 0.000905358116142, 3.6370496673e-05], "var": [0.231197372079, 3.37114286423, 6.40402173996, 14.038444519, 26.5977058411, 24.1769294739, 99.5709686279, 1180.90600586, 574.632629395, 1610.40515137, 3086.17016602, 4114.89404297, 5694.42675781, 4784.55908203, 4165.33886719, 5056.65283203, 10659.9765625, 12385.3144531, 9128.01953125, 3516.77563477, 1347.40686035, 787.554382324, 648.770080566, 980.328552246, 1173.74133301, 581.591125488, 589.773010254, 196.936050415, 147.144485474, 85.3736801147, 51.5989723206, 18.4131088257, 10.4362859726, 4.97689676285, 1.29281449318, 0.566981732845, 0.0509096421301, 0.00129167619161, 1.13437154141e-05, 1.44249154843e-08], "dvar": [0.297329068184, 4.59939575195, 8.14360618591, 19.2524032593, 29.9792194366, 20.1112365723, 54.9254150391, 1031.06030273, 557.885437012, 1318.65075684, 2183.56445312, 2860.08666992, 2417.73461914, 1869.26818848, 2114.36547852, 2473.01879883, 4792.67871094, 5437.35498047, 4672.02099609, 1650.99682617, 774.153442383, 403.411376953, 332.544708252, 398.698394775, 501.443756104, 171.814407349, 194.811859131, 55.0190811157, 40.215763092, 26.1020774841, 20.7068004608, 8.50920009613, 4.6347193718, 2.70008325577, 0.679754972458, 0.331823498011, 0.0299737155437, 0.000802541093435, 7.33098113415e-06, 7.88215004377e-09], "mean": [0.0905425176024, 0.404008567333, 0.800215423107, 1.46940147877, 2.41242933273, 2.72566986084, 5.98311376572, 13.8789920807, 11.5246667862, 17.029253006, 22.2956638336, 25.593208313, 26.4366321564, 24.9646816254, 24.181098938, 26.0690155029, 38.2327690125, 44.6610946655, 37.764289856, 30.1277866364, 18.5886726379, 13.9961032867, 14.2037153244, 14.6192626953, 17.919719696, 14.2769565582, 12.9576787949, 7.86121749878, 6.61146402359, 5.0573143959, 3.62231230736, 2.18161296844, 1.48115265369, 0.97466468811, 0.449103504419, 0.262846648693, 0.0776401981711, 0.013230486773, 0.00130269106012, 6.44415049464e-05]}, "zerocrossingrate": {"min": 0, "max": 0.51708984375, "dvar2": 0.000307291717036, "median": 0.07470703125, "dmean2": 0.015245212242, "dmean": 0.0136725008488, "var": 0.00239155557938, "dvar": 0.000288672948955, "mean": 0.0836534500122}, "spectral_contrast_coeffs": {"min": [-0.971970677376, -0.968277335167, -0.975567042828, -0.965443491936, -0.964208602905, -0.960230827332], "max": [-0.310300976038, -0.295087873936, -0.353738158941, -0.414562195539, -0.516736149788, -0.565845072269], "dvar2": [0.00552882347256, 0.00561786955222, 0.00354647217318, 0.00260326871648, 0.00104883569293, 0.000692829256877], "median": [-0.665556013584, -0.746289610863, -0.779246926308, -0.787335216999, -0.800151467323, -0.769054055214], "dmean2": [0.0906008034945, 0.0881626158953, 0.0713108181953, 0.0586834736168, 0.0374079458416, 0.029995014891], "dmean": [0.0554468147457, 0.0551583245397, 0.0460074432194, 0.0379159189761, 0.0243763010949, 0.0203284639865], "var": [0.0102518377826, 0.00913972966373, 0.00798052549362, 0.0060438234359, 0.00271686818451, 0.00292731449008], "dvar": [0.0022063285578, 0.0023990245536, 0.0016716363607, 0.00119821785484, 0.000501878734212, 0.000341651728377], "mean": [-0.656993508339, -0.734878778458, -0.762161850929, -0.773891329765, -0.797034740448, -0.765404880047]}, "dissonance": {"min": 0.196164771914, "max": 0.500000119209, "dvar2": 0.00108256959356, "median": 0.477068305016, "dmean2": 0.031073378399, "dmean": 0.018823530525, "var": 0.000978226657026, "dvar": 0.000434120942373, "mean": 0.467932790518}, "spectral_energyband_high": {"min": 7.43161680538e-21, "max": 0.0180567465723, "dvar2": 1.05997355604e-06, "median": 0.000252044002991, "dmean2": 0.000529363809619, "dmean": 0.000403092853958, "var": 2.29840316024e-06, "dvar": 6.06091703048e-07, "mean": 0.000945826875977}, "spectral_skewness": {"min": -0.194639533758, "max": 4.2763800621, "dvar2": 0.0890989005566, "median": 1.38897514343, "dmean2": 0.304619878531, "dmean": 0.200509145856, "var": 0.192471712828, "dvar": 0.0399868562818, "mean": 1.40138053894}, "spectral_flux": {"min": 6.80517517337e-11, "max": 0.371399074793, "dvar2": 0.00252998480573, "median": 0.0575697124004, "dmean2": 0.0356657616794, "dmean": 0.0237258654088, "var": 0.00330176809803, "dvar": 0.00123389053624, "mean": 0.0720604211092}, "silence_rate_30dB": {"min": 0, "max": 1, "dvar2": 0.0234186518937, "median": 1, "dmean2": 0.0181103702635, "dmean": 0.00905441213399, "var": 0.006195649039, "dvar": 0.00897266622633, "mean": 0.993764936924}, "spectral_energyband_middle_high": {"min": 1.34790009778e-21, "max": 0.0875391587615, "dvar2": 3.27150482917e-05, "median": 0.00261519895867, "dmean2": 0.0030478851404, "dmean": 0.00208771927282, "var": 8.08959885035e-05, "dvar": 1.50253654283e-05, "mean": 0.00564256682992}, "barkbands_spread": {"min": 0.0476638190448, "max": 135.396148682, "dvar2": 181.591598511, "median": 24.5533409119, "dmean2": 11.4132099152, "dmean": 7.6279463768, "var": 328.372680664, "dvar": 88.835609436, "mean": 28.3280696869}, "spectral_centroid": {"min": 151.072662354, "max": 11465.7148438, "dvar2": 296375.0625, "median": 1790.16088867, "dmean2": 480.483764648, "dmean": 319.313110352, "var": 687748.875, "dvar": 148557.0625, "mean": 1834.71655273}, "pitch_salience": {"min": 0.0105485189706, "max": 0.910511851311, "dvar2": 0.013776618056, "median": 0.6112216115, "dmean2": 0.121336005628, "dmean": 0.0760142877698, "var": 0.0167566705495, "dvar": 0.00547410408035, "mean": 0.589753031731}, "erbbands_skewness": {"min": -6.39725828171, "max": 7.15460205078, "dvar2": 0.449598968029, "median": 0.193561464548, "dmean2": 0.635179638863, "dmean": 0.417302757502, "var": 0.736224353313, "dvar": 0.20369438827, "mean": 0.21722522378}, "erbbands_crest": {"min": 2.02296161652, "max": 32.204044342, "dvar2": 20.0545253754, "median": 7.76470899582, "dmean2": 4.50890111923, "dmean": 2.79008126259, "var": 23.3967609406, "dvar": 8.19861221313, "mean": 9.13687419891}, "melbands": {"min": [3.33246282472e-24, 3.60189392817e-24, 7.18896752651e-24, 1.64257100862e-24, 5.7285043676e-24, 4.76776684278e-24, 4.62156212362e-24, 1.83716218774e-24, 2.52310159394e-24, 4.71713420001e-24, 7.41840298763e-24, 5.05604817199e-24, 3.47940907314e-24, 3.65983063406e-24, 5.64657406285e-24, 5.64778220332e-24, 5.73171897579e-24, 5.00668559527e-24, 3.35852836675e-24, 4.90606875339e-24, 6.11689727327e-24, 5.37167497004e-24, 6.70793513486e-24, 6.41728603965e-24, 5.83519149415e-24, 8.28064294539e-24, 7.32401499146e-24, 9.2985141157e-24, 4.65281797598e-24, 5.19244301136e-24, 6.92537202161e-24, 5.36711850945e-24, 7.46204908379e-24, 7.46411353278e-24, 5.48223185375e-24, 7.20733536383e-24, 6.89715998906e-24, 6.6393144913e-24, 8.05208548646e-24, 8.07674922266e-24], "max": [0.0479060560465, 0.0202059540898, 0.00815726164728, 0.0060142558068, 0.00509070046246, 0.0109696025029, 0.0107717514038, 0.0203383751214, 0.0102081224322, 0.00868292525411, 0.00570222828537, 0.00487164454535, 0.00529632298276, 0.00510150659829, 0.00347740435973, 0.00529782567173, 0.00520031154156, 0.00692787999287, 0.00267632282339, 0.00118822441436, 0.00124112644698, 0.000995401409455, 0.000723549921531, 0.000371344824089, 0.000887325382791, 0.000815746898297, 0.000576686987188, 0.000251416786341, 0.000260066997726, 0.000181122508366, 0.000113497240818, 0.000122389537864, 6.77290954627e-05, 7.50489343773e-05, 0.000105631392216, 5.50356089661e-05, 5.56619779672e-05, 4.99928537465e-05, 4.5978846174e-05, 4.19103525928e-05], "dvar2": [4.31237531302e-05, 7.80351547292e-06, 1.31977458295e-06, 3.45142979086e-07, 1.27855415144e-07, 1.14189435862e-06, 3.36424022862e-07, 4.92098081395e-07, 3.43035395645e-07, 2.71793624051e-07, 1.39111904218e-07, 7.13973307143e-08, 6.56972289903e-08, 5.45041949351e-08, 4.2220261065e-08, 8.94723086731e-08, 5.81040033865e-08, 3.883761579e-08, 1.59365516339e-08, 6.48294928851e-09, 3.11299364064e-09, 1.39942968325e-09, 9.60911239467e-10, 7.83845488517e-10, 8.60773952116e-10, 7.32473026677e-10, 4.66424732171e-10, 1.95948673953e-10, 2.7459937102e-10, 9.32342605897e-11, 4.20554702174e-11, 4.20452006544e-11, 2.19266358542e-11, 2.07892245085e-11, 1.93087126149e-11, 1.30519189206e-11, 6.16243774759e-12, 4.67694589654e-12, 6.62625726858e-12, 4.18966033741e-12], "median": [3.27440502588e-05, 4.01055876864e-05, 7.62973941164e-05, 4.77578505524e-05, 5.86822206969e-05, 5.19286986673e-05, 4.89686353831e-05, 4.76041968795e-05, 3.82852704206e-05, 3.21650732076e-05, 1.87933983398e-05, 1.6730005882e-05, 1.50163359649e-05, 1.41844993777e-05, 1.26995437313e-05, 1.66648169397e-05, 1.58556758834e-05, 1.54487606778e-05, 1.3811441022e-05, 1.11917925096e-05, 7.59731983635e-06, 5.7482475313e-06, 4.64173808723e-06, 4.47525781055e-06, 4.28793237006e-06, 5.17440003023e-06, 3.93883237848e-06, 2.70917007583e-06, 1.85825138033e-06, 1.15364434805e-06, 8.46572561386e-07, 8.85925942384e-07, 7.0256953677e-07, 4.73478650065e-07, 4.05067964948e-07, 3.30633127987e-07, 2.48128401381e-07, 1.85033655953e-07, 1.62643630119e-07, 1.11807828773e-07], "dmean2": [0.00153561739717, 0.000829357886687, 0.000465534074465, 0.000255497929174, 0.000192844847334, 0.000378591706976, 0.000230410107179, 0.000230225501582, 0.000206124721444, 0.000193344487343, 0.000130724947667, 9.48424567468e-05, 8.67941707838e-05, 7.42094562156e-05, 7.18219234841e-05, 9.74901340669e-05, 8.16157335066e-05, 6.35173055343e-05, 4.76331661048e-05, 3.485662819e-05, 2.05223459488e-05, 1.53018409037e-05, 1.26168752104e-05, 1.24065409182e-05, 1.04929431473e-05, 1.14999083962e-05, 9.18407477002e-06, 7.14644647815e-06, 7.3505157161e-06, 4.44549959866e-06, 3.14713861371e-06, 3.04968511955e-06, 2.28373687605e-06, 1.95107713807e-06, 1.6445288793e-06, 1.44403406921e-06, 9.77670651992e-07, 8.74587897215e-07, 9.84381358649e-07, 7.03699413407e-07], "dmean": [0.000914715637919, 0.000487234385218, 0.000267447700026, 0.000149704981595, 0.000122302910313, 0.000233504979406, 0.00013933100854, 0.00014244466729, 0.000131286346004, 0.000120789569337, 8.39270578581e-05, 6.20103091933e-05, 5.67609167774e-05, 4.79074151372e-05, 4.59576149296e-05, 6.20671125944e-05, 5.22300542798e-05, 4.07488078054e-05, 3.03834895021e-05, 2.21486479859e-05, 1.27900384541e-05, 9.64487026067e-06, 7.87044609751e-06, 7.68821610109e-06, 6.72997066431e-06, 7.39804318073e-06, 5.87948034081e-06, 4.72099054605e-06, 4.87700526719e-06, 2.96657367471e-06, 2.11195015254e-06, 2.03002173293e-06, 1.56982275712e-06, 1.33997070861e-06, 1.13329201668e-06, 9.94922856989e-07, 6.94754646702e-07, 6.14227587903e-07, 6.95426308539e-07, 4.96625091273e-07], "var": [1.28676056192e-05, 2.58073964687e-06, 3.82340658689e-07, 1.26262136746e-07, 9.40656477155e-08, 5.09318340391e-07, 1.39087745765e-07, 2.22846765041e-07, 2.07956361464e-07, 1.73558674987e-07, 1.47323277133e-07, 8.19109544636e-08, 5.3718810733e-08, 4.62540761248e-08, 3.16601287409e-08, 7.75591928459e-08, 4.84889461916e-08, 2.97775244462e-08, 1.36488615965e-08, 5.05979169674e-09, 1.884920664e-09, 1.08980313662e-09, 6.73381683747e-10, 5.14640607907e-10, 7.61611718136e-10, 7.65843943817e-10, 5.00684771421e-10, 2.4855154046e-10, 3.17581488884e-10, 1.09283887495e-10, 6.1909637139e-11, 5.3003330891e-11, 3.46410192198e-11, 2.58021052441e-11, 1.99085244817e-11, 1.18173856117e-11, 5.78810480448e-12, 4.95502987599e-12, 5.82500670962e-12, 3.1158671563e-12], "dvar": [1.67595790117e-05, 3.09842380375e-06, 4.79790855934e-07, 1.27320817001e-07, 5.13606792651e-08, 4.39995034185e-07, 1.26425689473e-07, 1.89710192444e-07, 1.40867413734e-07, 1.12905887306e-07, 6.12373796116e-08, 3.3000628008e-08, 2.81786434186e-08, 2.2912438169e-08, 1.785989312e-08, 3.61762282353e-08, 2.35410766436e-08, 1.62838968976e-08, 6.69964306255e-09, 2.72760258824e-09, 1.25812649188e-09, 6.21420526148e-10, 4.02892830209e-10, 3.04146707819e-10, 3.47524037325e-10, 3.25119570155e-10, 1.96683808129e-10, 8.82166839578e-11, 1.17362786156e-10, 4.19719710376e-11, 1.91011078482e-11, 1.7615398723e-11, 9.90684444202e-12, 9.47591224237e-12, 8.74704302045e-12, 5.85628941174e-12, 2.83384101775e-12, 2.26702315774e-12, 3.07414206938e-12, 1.87672143451e-12], "mean": [0.00071039784234, 0.000461738265585, 0.000287895527435, 0.000182452320587, 0.0001921755902, 0.000301585969282, 0.000180241186172, 0.000194474603632, 0.000178901464096, 0.000158488473971, 0.000129159729113, 9.88871834124e-05, 8.42350782477e-05, 6.92992834956e-05, 6.46411863272e-05, 9.61471087066e-05, 8.1434918684e-05, 6.21821091045e-05, 4.64897493657e-05, 3.46918568539e-05, 1.91235412785e-05, 1.51191870827e-05, 1.24074049381e-05, 1.21954026326e-05, 1.14788645078e-05, 1.37975421239e-05, 1.12560646812e-05, 9.03187628865e-06, 9.08100355446e-06, 5.61754040973e-06, 4.20318201577e-06, 3.80566189051e-06, 3.2254999951e-06, 2.6382501801e-06, 2.14623673855e-06, 1.70458088178e-06, 1.18466857657e-06, 1.00503859812e-06, 1.05028402686e-06, 7.35645414807e-07]}, "spectral_entropy": {"min": 5.35915136337, "max": 9.8116312027, "dvar2": 0.0699633210897, "median": 7.78647708893, "dmean2": 0.24220405519, "dmean": 0.171143934131, "var": 0.1873511374, "dvar": 0.0353431031108, "mean": 7.72524261475}, "spectral_rolloff": {"min": 21.533203125, "max": 19509.0820312, "dvar2": 2146209.25, "median": 1916.45507812, "dmean2": 1050.56762695, "dmean": 659.744873047, "var": 3771686.25, "dvar": 1096900.125, "mean": 2300.48779297}, "barkbands": {"min": [5.66050199377e-25, 6.37556515853e-24, 5.31257272216e-24, 1.34930445321e-23, 1.50973272892e-23, 9.895511427e-24, 2.21322326475e-23, 1.09945327186e-23, 3.21176197863e-23, 3.92144680806e-23, 1.39275743622e-23, 2.36374060759e-23, 5.06921102616e-23, 7.81853106701e-23, 6.07654885235e-23, 9.02571544394e-23, 1.12593990784e-22, 1.65317212773e-22, 1.77894205201e-22, 2.86273684511e-22, 2.96488436113e-22, 3.50995594464e-22, 5.25315325753e-22, 5.76247416968e-22, 1.02779806341e-21, 1.59764846215e-21, 2.12960455784e-21], "max": [0.0170184187591, 0.150020077825, 0.0406440421939, 0.0170056521893, 0.0232298839837, 0.0468075424433, 0.0583062469959, 0.115472219884, 0.0572157390416, 0.0442371591926, 0.0462573505938, 0.0368020310998, 0.0385758765042, 0.0455153770745, 0.047313965857, 0.0121820215136, 0.0166738983244, 0.0100545557216, 0.0165320206434, 0.00672208052129, 0.00672446098179, 0.00403238646686, 0.00469121290371, 0.00397317158058, 0.00309404032305, 0.00185250374489, 0.000247500371188], "dvar2": [2.50333528129e-06, 0.000396635266952, 2.43674803642e-05, 3.76675757252e-06, 5.92733613303e-06, 2.11035876418e-05, 7.12242172085e-06, 1.44912610267e-05, 1.10840928755e-05, 4.77872845295e-06, 3.52833012585e-06, 4.00349199481e-06, 6.65883089823e-06, 5.85295038036e-06, 3.24413599628e-06, 8.69010989391e-07, 4.58615517118e-07, 3.14845408411e-07, 4.61936309648e-07, 1.91203724853e-07, 1.43572663092e-07, 5.80743773071e-08, 5.22965635241e-08, 3.32777290168e-08, 3.30814877714e-08, 2.09971560139e-08, 4.37558878019e-10], "median": [0.000186414457858, 6.15296157775e-05, 8.32190562505e-05, 0.000137456809171, 0.000234886887483, 0.000281685555819, 0.000218349101488, 0.000204299911275, 0.000210436846828, 0.000109484841232, 9.7241376352e-05, 0.000117547097034, 0.000147463957546, 0.000163863252965, 0.000190494727576, 0.000133147579618, 9.9405158835e-05, 9.5227980637e-05, 0.000141874406836, 9.42014739849e-05, 5.06838478032e-05, 4.29619976785e-05, 2.64074205916e-05, 1.88536341739e-05, 1.08172826003e-05, 2.96237067232e-06, 4.30856005096e-07], "dmean2": [0.000423738907557, 0.00481583969668, 0.00142065749969, 0.000857868522871, 0.00112511403859, 0.00173388270196, 0.0010214651702, 0.00119143433403, 0.00126419961452, 0.000802316062618, 0.000646812550258, 0.000688987434842, 0.000874634366482, 0.000836455379613, 0.00066313915886, 0.000401273253374, 0.000257797859376, 0.000248185911914, 0.000273179117357, 0.000231139885727, 0.00017707706138, 0.00012298108777, 9.03373074834e-05, 7.30738684069e-05, 6.77089992678e-05, 4.88392579427e-05, 6.69089013172e-06], "dmean": [0.000321379193338, 0.00285471393727, 0.000808357726783, 0.000490972772241, 0.000672279682476, 0.00107376719825, 0.000624168314971, 0.000746729841921, 0.000789157405961, 0.000510328449309, 0.000420349620981, 0.000440211530076, 0.000556378974579, 0.00053679337725, 0.000419436779339, 0.0002540241112, 0.000163045828231, 0.000154715235112, 0.000175383131136, 0.000152259439346, 0.000121410899737, 8.53779565659e-05, 6.41760343569e-05, 5.35294675501e-05, 4.96446809848e-05, 3.64207480743e-05, 4.8981864893e-06], "var": [1.53232167577e-06, 0.00011802771769, 6.27805638942e-06, 1.15955685942e-06, 2.49007825914e-06, 9.96112612484e-06, 3.51019548361e-06, 6.83253165334e-06, 7.59850581744e-06, 5.6082408264e-06, 3.29518047693e-06, 3.25105679622e-06, 5.89303772358e-06, 5.13518898515e-06, 2.48433366323e-06, 6.52967685255e-07, 3.25439714288e-07, 2.16359325123e-07, 4.88154796585e-07, 2.81988633333e-07, 2.15384432067e-07, 1.06157060031e-07, 6.42263060513e-08, 3.73911710483e-08, 3.08250136527e-08, 1.92232647578e-08, 3.2684965845e-10], "dvar": [1.19722255931e-06, 0.000153842149302, 8.87434453034e-06, 1.36097980885e-06, 2.2052793156e-06, 8.11887002783e-06, 2.771454092e-06, 5.67398137719e-06, 4.67963945994e-06, 2.13667385651e-06, 1.58707246101e-06, 1.70253326814e-06, 2.72939610113e-06, 2.39963833337e-06, 1.32939135256e-06, 3.58746603979e-07, 1.99044748683e-07, 1.23833800103e-07, 1.98824380959e-07, 8.72011938213e-08, 6.5372127267e-08, 2.68086299826e-08, 2.41898643338e-08, 1.64810671777e-08, 1.61355071526e-08, 1.11163602767e-08, 2.12747958139e-10], "mean": [0.000481168244733, 0.002237820765, 0.000751075160224, 0.000533838407136, 0.000879093015101, 0.00145766849164, 0.000836941995658, 0.0010010584956, 0.00104403414298, 0.000792544393335, 0.000629339832813, 0.00062455405714, 0.000855749589391, 0.000829075579531, 0.000649642432109, 0.000394362083171, 0.000253916921793, 0.000254313548794, 0.000343087769579, 0.000306054280372, 0.000250558136031, 0.000181014969712, 0.000132421890157, 9.37227378017e-05, 7.55219225539e-05, 4.85176606162e-05, 7.06799710315e-06]}, "melbands_flatness_db": {"min": 0.00328112323768, "max": 0.563197255135, "dvar2": 0.00207044812851, "median": 0.142643228173, "dmean2": 0.0423720814288, "dmean": 0.0283289793879, "var": 0.00446586217731, "dvar": 0.000942079932429, "mean": 0.155879706144}, "melbands_skewness": {"min": -3.17655873299, "max": 32.9034042358, "dvar2": 3.52751922607, "median": 1.548620224, "dmean2": 1.24615764618, "dmean": 0.820212483406, "var": 4.26301288605, "dvar": 1.57180845737, "mean": 1.87991988659}, "barkbands_skewness": {"min": -4.78266763687, "max": 54.3275985718, "dvar2": 1.85911607742, "median": 0.666172206402, "dmean2": 0.90611332655, "dmean": 0.607470870018, "var": 3.55818367004, "dvar": 0.876960039139, "mean": 0.926012098789}, "silence_rate_60dB": {"min": 0, "max": 1, "dvar2": 0.135212793946, "median": 0, "dmean2": 0.135656923056, "dmean": 0.0678226724267, "var": 0.174699664116, "dvar": 0.0632158517838, "mean": 0.225572258234}, "spectral_energyband_low": {"min": 3.77263829571e-23, "max": 0.179171398282, "dvar2": 0.000547508243471, "median": 0.000347721215803, "dmean2": 0.00619027065113, "dmean": 0.00381317664869, "var": 0.000195247339434, "dvar": 0.000224293704377, "mean": 0.0035076434724}, "spectral_energyband_middle_low": {"min": 2.42906403345e-22, "max": 0.117394536734, "dvar2": 0.000112902642286, "median": 0.00313599547371, "dmean2": 0.00527121312916, "dmean": 0.00335231330246, "var": 6.95013222867e-05, "dvar": 4.51209816674e-05, "mean": 0.00606676004827}, "melbands_kurtosis": {"min": -1.94342064857, "max": 1417.77526855, "dvar2": 3137.68603516, "median": 2.88230323792, "dmean2": 14.2082862854, "dmean": 8.64921569824, "var": 1647.41027832, "dvar": 1166.78869629, "mean": 10.7171134949}, "spectral_decrease": {"min": -5.62536861537e-08, "max": 8.60481485213e-29, "dvar2": 4.48884117781e-17, "median": -2.02375183278e-09, "dmean2": 3.01439917472e-09, "dmean": 1.98196858925e-09, "var": 2.85698819891e-17, "dvar": 1.935647632e-17, "mean": -3.77943853991e-09}, "erbbands_kurtosis": {"min": -1.84534215927, "max": 94.9728240967, "dvar2": 16.7319393158, "median": -0.0206761360168, "dmean2": 1.94161581993, "dmean": 1.22336113453, "var": 14.8066043854, "dvar": 7.16593885422, "mean": 0.832820832729}, "melbands_crest": {"min": 1.52428364754, "max": 39.8525695801, "dvar2": 28.3706645966, "median": 11.0285606384, "dmean2": 5.86323833466, "dmean": 3.64215731621, "var": 34.6168060303, "dvar": 11.8930616379, "mean": 12.4944906235}, "gfcc": {"cov": [[18050.7070312, -260.893066406, -781.372192383, -344.562347412, -646.79699707, -67.9426803589, -293.649383545, -292.302642822, -292.33694458, 37.9262580872, -392.644012451, -126.568267822, -315.995178223], [-260.893066406, 1726.82800293, -183.805221558, -104.123748779, 98.8349685669, -78.4954910278, 59.8961143494, -90.6920928955, 8.52137565613, -131.907531738, 79.0491714478, -119.14566803, 69.1425704956], [-781.372192383, -183.805221558, 1498.94177246, 418.103179932, 70.1165771484, 56.706199646, -28.3858375549, 146.367263794, 19.5256671906, 16.0283069611, -78.5209197998, 90.9413528442, -38.7084732056], [-344.562347412, -104.123748779, 418.103179932, 609.587280273, 229.368789673, 59.4367828369, 55.1704368591, 63.8158149719, 76.7469100952, -38.5308189392, -50.4725494385, 0.735498130322, -13.962225914], [-646.79699707, 98.8349685669, 70.1165771484, 229.368789673, 464.767578125, 198.72505188, 130.371994019, 70.0159301758, 53.7518157959, 1.70552885532, 5.99977445602, -9.20168876648, -1.30890870094], [-67.9426803589, -78.4954910278, 56.706199646, 59.4367828369, 198.72505188, 308.21572876, 149.796386719, 58.9978370667, -6.1951956749, 23.4085903168, 12.5645656586, -18.3265571594, -7.24866485596], [-293.649383545, 59.8961143494, -28.3858375549, 55.1704368591, 130.371994019, 149.796386719, 286.044769287, 50.8077697754, 45.8045310974, -13.2273159027, 10.1069355011, -20.9400272369, -24.3649654388], [-292.302642822, -90.6920928955, 146.367263794, 63.8158149719, 70.0159301758, 58.9978370667, 50.8077697754, 186.589675903, 73.3570327759, 28.2800064087, -8.13456249237, 0.0537786446512, -0.130906865001], [-292.33694458, 8.52137565613, 19.5256671906, 76.7469100952, 53.7518157959, -6.1951956749, 45.8045310974, 73.3570327759, 150.281036377, 43.9228630066, 6.10762834549, -16.739118576, -16.6947841644], [37.9262580872, -131.907531738, 16.0283069611, -38.5308189392, 1.70552885532, 23.4085903168, -13.2273159027, 28.2800064087, 43.9228630066, 127.110198975, 44.6040611267, 9.45718669891, -18.0632076263], [-392.644012451, 79.0491714478, -78.5209197998, -50.4725494385, 5.99977445602, 12.5645656586, 10.1069355011, -8.13456249237, 6.10762834549, 44.6040611267, 123.022079468, 36.3700790405, 24.9332790375], [-126.568267822, -119.14566803, 90.9413528442, 0.735498130322, -9.20168876648, -18.3265571594, -20.9400272369, 0.0537786446512, -16.739118576, 9.45718669891, 36.3700790405, 113.452194214, 37.6219100952], [-315.995178223, 69.1425704956, -38.7084732056, -13.962225914, -1.30890870094, -7.24866485596, -24.3649654388, -0.130906865001, -16.6947841644, -18.0632076263, 24.9332790375, 37.6219100952, 101.102577209]], "icov": [[8.00502093625e-05, -7.16421927791e-05, 0.000104226412077, -8.68984207045e-05, 0.000170844257809, -0.000158068796736, 8.63442401169e-05, -6.04508431934e-06, 0.000158370967256, -0.000240529043367, 0.000425794511102, -0.000262008688878, 0.000314443313982], [-7.16421927791e-05, 0.00109849637374, -0.000397649302613, 0.000597780046519, -0.000783331284765, 0.000828116200864, -0.000343161256751, 0.000563034438528, -0.000602049287409, 0.00161734770518, -0.00187504605856, 0.00218319916166, -0.00123804132454], [0.000104226412077, -0.000397649302613, 0.00130175589584, -0.00104406930041, 0.000705546990503, -0.000667241984047, 0.000448275444796, -0.000953755632509, 0.000798734428827, -0.00104765000287, 0.00160215457436, -0.00205648154952, 0.00133486022241], [-8.68984207045e-05, 0.000597780046519, -0.00104406930041, 0.00324919144623, -0.0018050360959, 0.000674163806252, -0.000137471506605, 0.000748689577449, -0.00193562160712, 0.00222776061855, -0.000857955776155, 0.00137213722337, -0.000859248975758], [0.000170844257809, -0.000783331284765, 0.000705546990503, -0.0018050360959, 0.00462567945942, -0.00300278840587, 0.000207362929359, -0.000584605790209, -0.000222534057684, -0.000999079784378, 0.00153751519974, -0.00208644382656, 0.00116633065045], [-0.000158068796736, 0.000828116200864, -0.000667241984047, 0.000674163806252, -0.00300278840587, 0.00748368399218, -0.00327395577915, -0.000903587846551, 0.00275953509845, -0.00110517768189, -0.00191511178855, 0.00337522802874, -0.00204069609754], [8.63442401169e-05, -0.000343161256751, 0.000448275444796, -0.000137471506605, 0.000207362929359, -0.00327395577915, 0.00599356880412, -0.00053462741198, -0.00204490777105, 0.00209925044328, -0.000267440860625, -0.00122405786533, 0.00242769531906], [-6.04508431934e-06, 0.000563034438528, -0.000953755632509, 0.000748689577449, -0.000584605790209, -0.000903587846551, -0.00053462741198, 0.00842120405287, -0.00425818143412, 0.000199263799004, 0.000290545838652, 0.000957245996688, -0.00195139891002], [0.000158370967256, -0.000602049287409, 0.000798734428827, -0.00193562160712, -0.000222534057684, 0.00275953509845, -0.00204490777105, -0.00425818143412, 0.0126104606315, -0.0058228536509, 0.00132267712615, 0.000502792361658, 0.00117058202159], [-0.000240529043367, 0.00161734770518, -0.00104765000287, 0.00222776061855, -0.000999079784378, -0.00110517768189, 0.00209925044328, 0.000199263799004, -0.0058228536509, 0.0156243424863, -0.00789389852434, 0.00229268055409, 0.00138625199907], [0.000425794511102, -0.00187504605856, 0.00160215457436, -0.000857955776155, 0.00153751519974, -0.00191511178855, -0.000267440860625, 0.000290545838652, 0.00132267712615, -0.00789389852434, 0.0164661072195, -0.00759874749929, 0.00050149904564], [-0.000262008688878, 0.00218319916166, -0.00205648154952, 0.00137213722337, -0.00208644382656, 0.00337522802874, -0.00122405786533, 0.000957245996688, 0.000502792361658, 0.00229268055409, -0.00759874749929, 0.0172589253634, -0.00704432511702], [0.000314443313982, -0.00123804132454, 0.00133486022241, -0.000859248975758, 0.00116633065045, -0.00204069609754, 0.00242769531906, -0.00195139891002, 0.00117058202159, 0.00138625199907, 0.00050149904564, -0.00704432511702, 0.0155027359724]], "mean": [-55.550907135, 58.8463287354, -133.6118927, 24.4008979797, -62.766330719, 8.20345115662, -36.9889335632, 5.50898075104, -21.5591716766, 5.71378993988, -13.9466753006, -4.22678756714, -11.0033550262]}, "melbands_spread": {"min": 0.167033687234, "max": 331.706115723, "dvar2": 625.896789551, "median": 30.3948554993, "dmean2": 17.6485061646, "dmean": 11.5110015869, "var": 851.579589844, "dvar": 294.607391357, "mean": 36.3020858765}, "spectral_energy": {"min": 1.05522017105e-20, "max": 0.219913825393, "dvar2": 0.000671443354804, "median": 0.00864674057811, "dmean2": 0.0119910594076, "dmean": 0.00796636100858, "var": 0.00046976323938, "dvar": 0.000291887787171, "mean": 0.015944108367}, "mfcc": {"cov": [[14529.1484375, 671.531433105, -966.873596191, -384.544128418, -662.715942383, 6.47526741028, -294.225646973, -302.071807861, -254.614883423, -30.7329902649, -192.737426758, -209.691192627, -195.438690186], [671.531433105, 1455.79089355, -161.716278076, -94.376914978, -43.5094909668, -62.3095970154, 12.224354744, -63.4896469116, -73.6151733398, -51.2974700928, -29.7570781708, -73.6777648926, -19.1498146057], [-966.873596191, -161.716278076, 1143.30322266, 301.948547363, 148.110229492, -34.2183647156, -17.3698539734, 57.4092521667, 54.6782150269, -24.0499725342, -37.2553062439, 97.6383972168, -56.8305625916], [-384.544128418, -94.376914978, 301.948547363, 507.314941406, 192.563552856, 57.0555763245, -21.2181396484, 97.0394134521, 77.8833312988, 12.0257377625, 2.50845909119, 38.2121009827, -22.0302562714], [-662.715942383, -43.5094909668, 148.110229492, 192.563552856, 374.465484619, 88.5615768433, 67.5349273682, 62.5432548523, 89.7314605713, 24.7786197662, 21.5558700562, 32.6228027344, 25.0770587921], [6.47526741028, -62.3095970154, -34.2183647156, 57.0555763245, 88.5615768433, 259.246124268, 143.612701416, 80.5640411377, 26.9985389709, 58.0450592041, 24.3638076782, -16.7026824951, 0.598500549793], [-294.225646973, 12.224354744, -17.3698539734, -21.2181396484, 67.5349273682, 143.612701416, 234.140640259, 103.65032959, 34.7012062073, 43.7592468262, 31.3751487732, -17.8579864502, 13.6079492569], [-302.071807861, -63.4896469116, 57.4092521667, 97.0394134521, 62.5432548523, 80.5640411377, 103.65032959, 181.337356567, 84.2286529541, 41.9942550659, 15.9879169464, 1.08965301514, 3.52616119385], [-254.614883423, -73.6151733398, 54.6782150269, 77.8833312988, 89.7314605713, 26.9985389709, 34.7012062073, 84.2286529541, 149.122421265, 73.111618042, 26.4934539795, 12.1092815399, 6.76110935211], [-30.7329902649, -51.2974700928, -24.0499725342, 12.0257377625, 24.7786197662, 58.0450592041, 43.7592468262, 41.9942550659, 73.111618042, 149.117538452, 72.1159210205, 9.72306537628, 5.68790626526], [-192.737426758, -29.7570781708, -37.2553062439, 2.50845909119, 21.5558700562, 24.3638076782, 31.3751487732, 15.9879169464, 26.4934539795, 72.1159210205, 121.231666565, 51.7643165588, 19.4942569733], [-209.691192627, -73.6777648926, 97.6383972168, 38.2121009827, 32.6228027344, -16.7026824951, -17.8579864502, 1.08965301514, 12.1092815399, 9.72306537628, 51.7643165588, 118.48412323, 42.8167915344], [-195.438690186, -19.1498146057, -56.8305625916, -22.0302562714, 25.0770587921, 0.598500549793, 13.6079492569, 3.52616119385, 6.76110935211, 5.68790626526, 19.4942569733, 42.8167915344, 102.693817139]], "icov": [[8.69387440616e-05, -3.36570883519e-05, 6.94487825967e-05, -8.16432293504e-06, 0.000113235175377, -0.000116397190141, 9.98114555841e-05, 6.64936233079e-05, 2.09993086173e-05, -0.000106431543827, 0.000191418643226, -8.92282478162e-05, 0.000158756171004], [-3.36570883519e-05, 0.000764397613239, 4.63551768917e-05, -2.37718086282e-05, -0.000125968363136, 0.000372861366486, -0.00034324004082, 0.000150578052853, 0.000249181757681, 0.000123183737742, -0.000155143716256, 0.000457567890408, -1.66136906046e-05], [6.94487825967e-05, 4.63551768917e-05, 0.0013784985058, -0.000589880917687, -0.00013789361401, 0.000426101207267, -0.000460040260805, 5.89238115936e-05, 2.99130897474e-05, -0.000329081056407, 0.0013580834493, -0.00183831120376, 0.00139216717798], [-8.16432293504e-06, -2.37718086282e-05, -0.000589880917687, 0.00346479658037, -0.00138785806485, -0.000951407419052, 0.00205876561813, -0.00198354013264, -0.000106390136352, 0.000365226762369, -0.000318850507028, -0.000205834090593, 0.000669744447805], [0.000113235175377, -0.000125968363136, -0.00013789361401, -0.00138785806485, 0.00447976775467, -0.00115624442697, -0.000972014153376, 0.00145033933222, -0.00259646819904, 0.00105436099693, -0.000154643668793, -0.00029169023037, -0.000926694250666], [-0.000116397190141, 0.000372861366486, 0.000426101207267, -0.000951407419052, -0.00115624442697, 0.00733979046345, -0.0040299477987, -0.000714886467904, 0.00205568922684, -0.00243544555269, 0.000753074069507, 0.000237138752709, 0.000435563852079], [9.98114555841e-05, -0.00034324004082, -0.000460040260805, 0.00205876561813, -0.000972014153376, -0.0040299477987, 0.0096639143303, -0.00457957712933, 0.000815860868897, 0.000394123897422, -0.00215676450171, 0.0020969202742, -0.00108986569103], [6.64936233079e-05, 0.000150578052853, 5.89238115936e-05, -0.00198354013264, 0.00145033933222, -0.000714886467904, -0.00457957712933, 0.0114331841469, -0.00539397634566, 0.000768786703702, 0.000601185427513, -0.000240229725023, -7.54335778765e-05], [2.09993086173e-05, 0.000249181757681, 2.99130897474e-05, -0.000106390136352, -0.00259646819904, 0.00205568922684, 0.000815860868897, -0.00539397634566, 0.0139084402472, -0.00657160766423, 0.00161309028044, -0.000211322098039, 9.50078447204e-06], [-0.000106431543827, 0.000123183737742, -0.000329081056407, 0.000365226762369, 0.00105436099693, -0.00243544555269, 0.000394123897422, 0.000768786703702, -0.00657160766423, 0.0141108091921, -0.00819377787411, 0.0027509725187, -0.000545702350792], [0.000191418643226, -0.000155143716256, 0.0013580834493, -0.000318850507028, -0.000154643668793, 0.000753074069507, -0.00215676450171, 0.000601185427513, 0.00161309028044, -0.00819377787411, 0.0172029435635, -0.00869574584067, 0.0020246298518], [-8.92282478162e-05, 0.000457567890408, -0.00183831120376, -0.000205834090593, -0.00029169023037, 0.000237138752709, 0.0020969202742, -0.000240229725023, -0.000211322098039, 0.0027509725187, -0.00869574584067, 0.0166184604168, -0.00676232157275], [0.000158756171004, -1.66136906046e-05, 0.00139216717798, 0.000669744447805, -0.000926694250666, 0.000435563852079, -0.00108986569103, -7.54335778765e-05, 9.50078447204e-06, -0.000545702350792, 0.0020246298518, -0.00676232157275, 0.0137863028795]], "mean": [-690.319885254, 90.7665481567, -13.0812826157, 15.4382896423, -3.69024944305, 2.10158038139, -2.83235359192, -3.76256608963, -2.29789352417, 5.12092876434, 0.780916631222, -1.24839270115, 0.121524527669]}, "spectral_contrast_valleys": {"min": [-27.7386341095, -27.4711647034, -27.4037227631, -27.5097522736, -27.4253425598, -27.3704662323], "max": [-5.0878572464, -4.43866586685, -4.8692779541, -5.22605895996, -5.27395439148, -7.54760408401], "dvar2": [0.625593006611, 0.599369764328, 0.487365663052, 0.400294810534, 0.229253932834, 0.221367031336], "median": [-8.58039951324, -7.1778960228, -7.65040683746, -7.75458621979, -7.62051105499, -10.2579040527], "dmean2": [0.875651299953, 0.782954275608, 0.702058196068, 0.611864387989, 0.437283426523, 0.440534412861], "dmean": [0.576996147633, 0.506590008736, 0.466815441847, 0.415645450354, 0.314791172743, 0.355576783419], "var": [2.60672402382, 2.40904831886, 2.17810940742, 2.1410036087, 1.86040723324, 1.88998878002], "dvar": [0.346319824457, 0.296820521355, 0.252377957106, 0.201303169131, 0.118596822023, 0.1321220994], "mean": [-8.73421382904, -7.4740524292, -7.95418787003, -8.04251861572, -7.81309509277, -10.3868379593]}, "barkbands_flatness_db": {"min": 0.0150551060215, "max": 0.550360321999, "dvar2": 0.00142981146928, "median": 0.102286502719, "dmean2": 0.0349029041827, "dmean": 0.0233394037932, "var": 0.00315892067738, "dvar": 0.000620963808615, "mean": 0.113478608429}, "dynamic_complexity": 5.98377752304, "erbbands_flatness_db": {"min": 0.0332542471588, "max": 0.41080275178, "dvar2": 0.00103791127913, "median": 0.160474717617, "dmean2": 0.0312148705125, 