{"lowlevel": {"spectral_complexity": {"min": 0, "max": 59, "dvar2": 30.6708068848, "median": 18, "dmean2": 4.53052091599, "dmean": 3.00865912437, "var": 138.595031738, "dvar": 16.258392334, "mean": 18.9790534973}, "silence_rate_20dB": {"min": 1, "max": 1, "dvar2": 0, "median": 1, "dmean2": 0, "dmean": 0, "var": 0, "dvar": 0, "mean": 1}, "average_loudness": 0.802252352238, "erbbands_spread": {"min": 0.923668324947, "max": 153.719329834, "dvar2": 180.964111328, "median": 30.5337047577, "dmean2": 9.79205989838, "dmean": 6.3443775177, "var": 407.708099365, "dvar": 81.2772140503, "mean": 33.4710845947}, "spectral_kurtosis": {"min": -1.35111916065, "max": 232.729797363, "dvar2": 367.595275879, "median": 3.57537031174, "dmean2": 8.07433700562, "dmean": 4.82993745804, "var": 945.967468262, "dvar": 136.65171814, "mean": 15.2154912949}, "barkbands_kurtosis": {"min": -1.91240525246, "max": 161.006759644, "dvar2": 69.812789917, "median": 1.34266233444, "dmean2": 3.3490986824, "dmean": 2.15120220184, "var": 53.9278182983, "dvar": 30.1565055847, "mean": 3.44777178764}, "spectral_strongpeak": {"min": 0, "max": 13.9171762466, "dvar2": 2.07046127319, "median": 0.524966180325, "dmean2": 0.868534803391, "dmean": 0.517434358597, "var": 2.06798195839, "dvar": 0.819615960121, "mean": 1.08092606068}, "spectral_spread": {"min": 394101.71875, "max": 41187100, "dvar2": 1428533673980.0, "median": 4057574.75, "dmean2": 638540.625, "dmean": 445997.5625, "var": 4153489752060.0, "dvar": 759045554176, "mean": 4105008.5}, "spectral_rms": {"min": 3.29394996522e-12, "max": 0.0122674480081, "dvar2": 2.30324326367e-06, "median": 0.00412550987676, "dmean2": 0.00102460256312, "dmean": 0.000683473073877, "var": 4.13820089307e-06, "dvar": 1.07311268494e-06, "mean": 0.00423211185262}, "erbbands": {"min": [2.3742037431e-22, 1.95075441731e-21, 2.01639685347e-20, 8.42302378879e-20, 5.98013907384e-20, 1.52918456462e-20, 1.98829029023e-19, 4.14279011685e-19, 2.42992059756e-19, 8.94751032239e-19, 1.62356756565e-18, 9.46872613214e-19, 2.0144265351e-18, 1.92069146206e-18, 1.87658908693e-18, 6.65552581428e-18, 4.40694946998e-18, 4.42068149533e-18, 6.77664614907e-18, 9.51199388203e-18, 8.51090599031e-18, 9.53488693266e-18, 1.6589438057e-17, 1.67745792761e-17, 1.29968834688e-17, 1.01402681629e-17, 1.70732890845e-17, 1.85140276077e-17, 1.63602279636e-17, 1.95165556209e-17, 1.48756290156e-17, 1.6125608109e-17, 2.43155531324e-17, 1.45552172966e-17, 1.06278812079e-17, 5.92658530718e-18, 3.0166970883e-18, 1.14702023276e-18, 4.2797492543e-19, 4.3248576103e-20], "max": [1.52533376217, 27.2718009949, 71.8953323364, 102.478691101, 85.2377929688, 171.831665039, 174.217575073, 280.21182251, 417.952178955, 547.813964844, 952.701171875, 807.089660645, 738.71270752, 952.598327637, 747.867858887, 1395.09399414, 1407.79736328, 2290.24389648, 1096.68994141, 457.120849609, 1223.40722656, 613.077941895, 332.767425537, 450.014953613, 392.683105469, 225.847213745, 185.782180786, 258.520019531, 456.557403564, 574.23046875, 319.976715088, 228.359954834, 184.186035156, 104.054771423, 66.5495605469, 34.2713508606, 15.8982534409, 2.6775829792, 0.384497135878, 0.0273368302733], "dvar2": [0.0365330241621, 17.6031970978, 111.045982361, 44.451171875, 77.7878265381, 284.050994873, 296.413818359, 900.102050781, 507.157592773, 1981.04174805, 4363.84082031, 4000.86157227, 3233.74633789, 2702.45092773, 2125.87670898, 5515.65966797, 5723.11669922, 6800.03613281, 2185.94213867, 1213.62304688, 2863.71655273, 1383.08044434, 1021.94598389, 1144.98840332, 750.846069336, 509.663360596, 372.118682861, 308.335113525, 469.370758057, 484.342498779, 337.398925781, 179.018920898, 83.032333374, 17.4430599213, 6.17300653458, 1.22564458847, 0.16530802846, 0.00665036030114, 0.0001338928123, 6.32778380805e-07], "median": [0.0324446074665, 0.330147325993, 1.30226457119, 1.90415155888, 2.5045106411, 3.78696322441, 6.94275951385, 7.0956568718, 9.60299777985, 11.6622648239, 11.8272228241, 9.81419086456, 7.34517860413, 6.42012834549, 8.60880374908, 8.83923625946, 8.24071407318, 11.1749486923, 8.43220806122, 8.75227832794, 8.97692584991, 7.14564943314, 9.90218734741, 9.06314277649, 8.38873767853, 6.93582296371, 4.41376686096, 2.88950276375, 2.9329559803, 1.65991711617, 1.08983027935, 0.760889291763, 0.379804104567, 0.14769898355, 0.0610838346183, 0.0198934972286, 0.00507517065853, 0.000835973478388, 8.17569743958e-05, 2.7536520065e-05], "dmean2": [0.0734192281961, 1.39866173267, 4.07624816895, 3.36600065231, 4.68506145477, 8.10219860077, 9.46603298187, 11.8675613403, 10.6693696976, 21.035577774, 24.9323291779, 21.7252597809, 22.8986263275, 18.2392997742, 18.1763038635, 28.1026420593, 26.6700248718, 32.5072059631, 21.1264858246, 16.8528270721, 20.8759975433, 14.9158191681, 15.7393074036, 15.7194061279, 12.5051307678, 10.9215927124, 7.91053199768, 6.3419046402, 7.14353132248, 6.25648355484, 4.49821567535, 3.36001181602, 2.1727874279, 0.992770016193, 0.482640981674, 0.217382669449, 0.0714401528239, 0.0146611956879, 0.00165620853659, 0.000101095094578], "dmean": [0.0452863238752, 0.867008447647, 2.48021149635, 1.96293663979, 2.78093123436, 4.83984470367, 6.06776046753, 7.4723277092, 7.00978088379, 13.481092453, 16.6062984467, 14.5543117523, 15.5145511627, 11.8421831131, 12.0911531448, 17.6621894836, 17.1138687134, 20.7019634247, 13.7576436996, 10.3674478531, 12.6185808182, 8.99119091034, 9.6270980835, 9.62882137299, 7.62402105331, 6.7542591095, 4.95222949982, 4.03895044327, 4.61694383621, 4.01746940613, 2.93173837662, 2.17107319832, 1.43669950962, 0.663626670837, 0.327622294426, 0.145627439022, 0.0501717329025, 0.00985349342227, 0.00106157246046, 6.30969516351e-05], "var": [0.020160663873, 7.20097541809, 45.9528884888, 25.6502532959, 42.1889648438, 127.027656555, 270.647369385, 443.712005615, 454.39553833, 2138.95410156, 4458.03369141, 3872.88696289, 5069.21386719, 3639.99389648, 3209.78100586, 10091.7431641, 6127.08691406, 12569.0068359, 4247.66113281, 1116.67858887, 1785.7401123, 1182.73901367, 1102.89978027, 1106.46105957, 656.875366211, 514.821533203, 338.378753662, 256.690002441, 429.512817383, 449.0234375, 200.382064819, 139.689544678, 82.3999099731, 24.5504550934, 8.32300758362, 1.71774709225, 0.249280005693, 0.0064087100327, 6.69377841405e-05, 2.12999381688e-07], "dvar": [0.0150710400194, 7.37896060944, 46.7323875427, 15.9876928329, 28.8822574615, 109.094642639, 122.279083252, 377.686950684, 203.991668701, 779.515991211, 1843.63830566, 1572.3815918, 1516.48278809, 1180.32470703, 980.59942627, 2235.19360352, 2496.62255859, 2829.53686523, 977.203491211, 491.101196289, 1060.7244873, 529.922424316, 399.984985352, 448.882019043, 285.118041992, 207.557067871, 145.31803894, 127.394569397, 205.369155884, 226.557281494, 139.959136963, 78.4064712524, 37.8038482666, 8.7615814209, 3.12878489494, 0.649954676628, 0.0942551419139, 0.00322025013156, 5.6021646742e-05, 2.44365253366e-07], "mean": [0.0717605426908, 0.979850649834, 3.0843539238, 3.42804288864, 4.47426795959, 7.25518369675, 12.8234882355, 13.0483875275, 16.3477249146, 28.4578170776, 33.9303970337, 30.192445755, 32.0189170837, 23.8654537201, 26.0997104645, 39.1542854309, 31.9589557648, 42.4575996399, 30.5799388885, 20.0508213043, 23.3840446472, 17.6056060791, 21.4068717957, 20.5448551178, 17.0283126831, 14.9474811554, 10.7716503143, 8.43483066559, 9.51364994049, 8.02206707001, 5.36316776276, 4.16802120209, 2.89595580101, 1.34261977673, 0.622228980064, 0.259833455086, 0.079861998558, 0.0136634251103, 0.00133061094675, 9.02532920009e-05]}, "zerocrossingrate": {"min": 0.00439453125, "max": 0.50439453125, "dvar2": 0.000229623445193, "median": 0.05419921875, "dmean2": 0.0102805066854, "dmean": 0.00901151727885, "var": 0.0018543935148, "dvar": 0.000220570407691, "mean": 0.0608842596412}, "spectral_contrast_coeffs": {"min": [-0.958061099052, -0.949696958065, -0.950508117676, -0.965297162533, -0.966138243675, -0.960026741028], "max": [-0.337457209826, -0.422933518887, -0.503281712532, -0.480590850115, -0.572709083557, -0.586431860924], "dvar2": [0.00431196158752, 0.00306934909895, 0.00207460974343, 0.00155993131921, 0.000794922932982, 0.000583463406656], "median": [-0.652828216553, -0.706753015518, -0.737217187881, -0.741853773594, -0.77980953455, -0.753901124001], "dmean2": [0.0762224942446, 0.0645976662636, 0.0535105802119, 0.0483171716332, 0.0332771651447, 0.026382304728], "dmean": [0.0455990470946, 0.0400149151683, 0.0344525240362, 0.0307433493435, 0.0213322713971, 0.0165424924344], "var": [0.00544705381617, 0.00483606429771, 0.00514008896425, 0.00354952877387, 0.00211819214746, 0.00307348743081], "dvar": [0.00158087036107, 0.00117641349789, 0.000870028685313, 0.00066672504181, 0.000355492549716, 0.000255907914834], "mean": [-0.646075308323, -0.703416645527, -0.729248940945, -0.738923251629, -0.774711787701, -0.764226078987]}, "dissonance": {"min": 0.201044082642, "max": 0.499999910593, "dvar2": 0.00124225299805, "median": 0.463678896427, "dmean2": 0.0336932241917, "dmean": 0.0202105119824, "var": 0.00239734677598, "dvar": 0.000495071290061, "mean": 0.446812689304}, "spectral_energyband_high": {"min": 8.43311765409e-21, "max": 0.0334847830236, "dvar2": 5.20903904544e-06, "median": 0.000381504418328, "dmean2": 0.000714210036676, "dmean": 0.000482492527226, "var": 6.07823221799e-06, "dvar": 2.43004251388e-06, "mean": 0.00118066952564}, "spectral_skewness": {"min": -0.0272290147841, "max": 12.1230764389, "dvar2": 1.19200575352, "median": 1.3949662447, "dmean2": 0.619483947754, "dmean": 0.380989730358, "var": 3.8201622963, "dvar": 0.44607809186, "mean": 2.18023204803}, "spectral_flux": {"min": 1.05457850785e-10, "max": 0.341794222593, "dvar2": 0.00260399235412, "median": 0.0591363124549, "dmean2": 0.034774877131, "dmean": 0.0216770302504, "var": 0.00263056322001, "dvar": 0.0010434613796, "mean": 0.0683270841837}, "silence_rate_30dB": {"min": 0, "max": 1, "dvar2": 0.0193768925965, "median": 1, "dmean2": 0.0134096937254, "dmean": 0.00670391041785, "var": 0.00361769623123, "dvar": 0.00665923813358, "mean": 0.996369242668}, "spectral_energyband_middle_high": {"min": 1.57046540083e-21, "max": 0.0577361918986, "dvar2": 2.36939667957e-05, "median": 0.0026905995328, "dmean2": 0.0025478368625, "dmean": 0.00165748689324, "var": 5.25163195562e-05, "dvar": 9.63855109148e-06, "mean": 0.00565094826743}, "barkbands_spread": {"min": 0.630362987518, "max": 118.503295898, "dvar2": 98.8847961426, "median": 19.3700218201, "dmean2": 7.00459909439, "dmean": 4.53881502151, "var": 260.946075439, "dvar": 49.7424049377, "mean": 21.8936214447}, "spectral_centroid": {"min": 209.252639771, "max": 11210.0839844, "dvar2": 151150.875, "median": 1281.5625, "dmean2": 291.475280762, "dmean": 188.566268921, "var": 504091.46875, "dvar": 77238.9375, "mean": 1302.66015625}, "pitch_salience": {"min": 0.154348537326, "max": 0.846396744251, "dvar2": 0.00892174802721, "median": 0.561269581318, "dmean2": 0.0941589847207, "dmean": 0.0599065721035, "var": 0.0132026961073, "dvar": 0.00380519637838, "mean": 0.55415648222}, "erbbands_skewness": {"min": -3.33425736427, "max": 4.51429414749, "dvar2": 0.222531020641, "median": 0.430182367563, "dmean2": 0.432427942753, "dmean": 0.29155933857, "var": 0.753210425377, "dvar": 0.103825412691, "mean": 0.511367976665}, "erbbands_crest": {"min": 2.39856958389, "max": 32.1062850952, "dvar2": 11.7059144974, "median": 8.70298957825, "dmean2": 3.36852288246, "dmean": 2.19068026543, "var": 36.3271102905, "dvar": 4.99409914017, "mean": 10.4139823914}, "melbands": {"min": [2.23915899972e-24, 7.45188303331e-24, 1.40295977431e-23, 2.02246107842e-24, 5.06273061271e-24, 9.73188826462e-24, 3.35530034793e-24, 1.25004334768e-23, 1.32165550957e-23, 6.59505347806e-24, 1.03529750214e-23, 7.50742988509e-24, 6.56035976988e-24, 1.23144326971e-23, 1.39896577155e-23, 7.00992844432e-24, 9.01991053208e-24, 1.03779251141e-23, 1.28444146968e-23, 1.02635726261e-23, 1.03361967388e-23, 8.13026475761e-24, 1.4979425716e-23, 1.44677105795e-23, 1.3929543359e-23, 7.79840832972e-24, 8.40623354581e-24, 6.30680646431e-24, 1.15795503882e-23, 9.10179429404e-24, 1.15603416252e-23, 9.27795955596e-24, 8.96189296795e-24, 1.12017641118e-23, 7.1808864354e-24, 1.04356389668e-23, 9.86877456434e-24, 1.87496743943e-23, 1.17239837202e-23, 1.36861781921e-23], "max": [0.0217296071351, 0.0377313308418, 0.0149868009612, 0.00916531030089, 0.00538271199912, 0.00565455714241, 0.00700688082725, 0.00636330619454, 0.00786320865154, 0.00490301288664, 0.003574261209, 0.00396107835695, 0.00227607088163, 0.00298875686713, 0.00314306630753, 0.00277364812791, 0.00526594696566, 0.00196760613471, 0.00126378564164, 0.00128834554926, 0.00146603770554, 0.000558769854251, 0.000655257666949, 0.000414618698414, 0.000404121732572, 0.000382138037821, 0.000302448141156, 0.000196466542548, 0.000126934217406, 0.000169765771716, 0.000143783501699, 0.000269697542535, 0.000410903827287, 0.000342692364939, 0.000225330906687, 0.000204390002182, 0.000120356453408, 0.000140407937579, 0.000102034115116, 9.71048866631e-05], "dvar2": [7.90156354924e-06, 3.27609559463e-05, 1.13739429253e-06, 8.06045591162e-07, 3.62667151421e-07, 3.79320539423e-07, 1.20052334296e-07, 2.77056216191e-07, 2.7295595828e-07, 1.61270122589e-07, 7.97186814339e-08, 5.29733377164e-08, 2.25914575935e-08, 3.024599593e-08, 3.51223441442e-08, 1.4942663995e-08, 3.37361107938e-08, 6.1457181566e-09, 3.52294859951e-09, 3.60036400693e-09, 4.06530631381e-09, 1.57114254939e-09, 1.51757872935e-09, 9.58395141026e-10, 8.49174786044e-10, 6.13402273419e-10, 3.68518632277e-10, 2.69744365733e-10, 1.77392961431e-10, 1.70408825939e-10, 9.66451640938e-11, 1.717539444e-10, 2.26671292847e-10, 1.37389724597e-10, 1.33951696957e-10, 9.52913789543e-11, 6.68438360218e-11, 4.88121036646e-11, 2.92510946021e-11, 1.01982962006e-11], "median": [0.000360150588676, 0.000632772920653, 0.000384704355383, 0.000230981226196, 0.000242094189161, 0.000174861517735, 0.000145345256897, 0.000126264465507, 8.97235076991e-05, 5.23044764122e-05, 3.173722871e-05, 2.25478033826e-05, 2.63792589976e-05, 2.10289163078e-05, 2.21589598368e-05, 1.30976632136e-05, 1.95246448129e-05, 1.32198074425e-05, 8.19722299639e-06, 1.12951565825e-05, 8.95390166988e-06, 6.34087609797e-06, 7.90516151028e-06, 8.04692626843e-06, 6.48400418868e-06, 5.50478398509e-06, 5.64659148949e-06, 3.94149901695e-06, 2.7604639854e-06, 1.91937238014e-06, 1.47852233567e-06, 1.68313022186e-06, 1.32650734486e-06, 7.35119385809e-07, 6.20220589553e-07, 4.98843917285e-07, 4.26029231448e-07, 2.78674662013e-07, 1.65826065768e-07, 1.01821811427e-07], "dmean2": [0.00100587599445, 0.00210585561581, 0.000579556683078, 0.000441193406004, 0.000329017115291, 0.000258493702859, 0.000160825642524, 0.000246716110269, 0.000195549699129, 0.000134283458465, 0.00011363944941, 7.73907304392e-05, 6.01942592766e-05, 6.78013966535e-05, 7.41632247809e-05, 4.51588857686e-05, 7.02066754457e-05, 3.5463803215e-05, 2.38093434746e-05, 2.84274647129e-05, 2.48619453487e-05, 1.57165541168e-05, 1.7781245333e-05, 1.54614917847e-05, 1.35929722092e-05, 1.04094197013e-05, 9.32732109504e-06, 7.56855661166e-06, 5.48695106772e-06, 4.90397587782e-06, 3.70794941773e-06, 4.46000103693e-06, 4.44831857749e-06, 3.32709009854e-06, 2.95211634693e-06, 2.27983832701e-06, 2.04069851861e-06, 1.6882285081e-06, 1.28627448248e-06, 7.6046688946e-07], "dmean": [0.000623533327598, 0.00129308877513, 0.000341419072356, 0.000261576642515, 0.000208664816455, 0.000164652563399, 0.000106021543615, 0.000158672002726, 0.00013109104475, 8.92447060323e-05, 7.70477490732e-05, 5.03020164615e-05, 3.97953517677e-05, 4.29860592703e-05, 4.77688226965e-05, 2.89095842163e-05, 4.46157573606e-05, 2.31734575209e-05, 1.47752634803e-05, 1.76350222318e-05, 1.50758023665e-05, 9.45294777921e-06, 1.07315017885e-05, 9.57528118306e-06, 8.30702720123e-06, 6.20795526629e-06, 5.80697951591e-06, 4.65604989586e-06, 3.37143887919e-06, 3.05996786665e-06, 2.37060930885e-06, 2.8065103379e-06, 2.79949495052e-06, 2.10799043998e-06, 1.87743557944e-06, 1.47140883655e-06, 1.31441549911e-06, 1.10297798983e-06, 8.35846321934e-07, 5.14850057698e-07], "var": [3.78762274522e-06, 1.39616995511e-05, 7.02612851455e-07, 3.64961778132e-07, 2.89739375603e-07, 2.03903894658e-07, 1.06032437941e-07, 3.15678022389e-07, 2.8372838301e-07, 1.49473621036e-07, 1.23929993379e-07, 7.06652443228e-08, 3.02287546106e-08, 6.12840480585e-08, 4.61687221787e-08, 1.77623231679e-08, 6.15312316654e-08, 1.10696110056e-08, 3.29876481686e-09, 4.26595914149e-09, 2.44259013016e-09, 1.09426312456e-09, 1.66214619846e-09, 1.26714316817e-09, 7.93849819214e-10, 3.5767361295e-10, 3.91981669345e-10, 2.1556204044e-10, 1.29476693256e-10, 1.50633505669e-10, 8.2469600593e-11, 1.31102004253e-10, 2.28674829073e-10, 1.11099476841e-10, 7.53514056706e-11, 5.61672514054e-11, 5.35120767142e-11, 4.52899974468e-11, 2.80254049134e-11, 1.54307400191e-11], "dvar": [3.29469298777e-06, 1.40294014273e-05, 4.13901545926e-07, 3.0249594829e-07, 1.49087739487e-07, 1.60287058293e-07, 4.81280579834e-08, 1.1108070197e-07, 1.15509308785e-07, 6.22432096975e-08, 3.74966653283e-08, 2.32124399702e-08, 1.02088666409e-08, 1.24645778143e-08, 1.54598556179e-08, 6.76770506303e-09, 1.41614240334e-08, 2.85395240773e-09, 1.45522049966e-09, 1.55016932624e-09, 1.51102697021e-09, 5.96254268181e-10, 5.89788939909e-10, 3.92041649144e-10, 3.35573929755e-10, 2.21740958928e-10, 1.54029067279e-10, 1.06966581426e-10, 6.72149558234e-11, 6.67952082534e-11, 4.11503157938e-11, 7.13550468712e-11, 1.06893188745e-10, 6.41083366948e-11, 5.45150244391e-11, 4.00883423679e-11, 2.91356487547e-11, 2.17392753105e-11, 1.31632101052e-11, 5.25617873878e-12], "mean": [0.000841666769702, 0.00156797165982, 0.000628760550171, 0.000406413775636, 0.000429234380135, 0.000305667810608, 0.000247738469625, 0.000329373462591, 0.000267795025138, 0.00017842980742, 0.000155188201461, 9.50830144575e-05, 7.77247696533e-05, 9.50753092184e-05, 9.06699206098e-05, 5.18464512425e-05, 8.62558954395e-05, 4.8883328418e-05, 2.71922344837e-05, 3.12854899676e-05, 2.62785633822e-05, 1.68409915204e-05, 2.06461445487e-05, 2.02765386348e-05, 1.60638901434e-05, 1.19594978969e-05, 1.22733954413e-05, 9.14554675546e-06, 6.70206554787e-06, 5.9311350924e-06, 4.63077549284e-06, 5.34840410182e-06, 5.54421831112e-06, 3.88439821108e-06, 3.23527365254e-06, 2.62475009549e-06, 2.43383101406e-06, 2.14020064959e-06, 1.52111317675e-06, 1.0060304021e-06]}, "spectral_entropy": {"min": 4.39298772812, "max": 9.8001832962, "dvar2": 0.0697632953525, "median": 7.59378862381, "dmean2": 0.20102570951, "dmean": 0.13973583281, "var": 0.756290197372, "dvar": 0.0371142141521, "mean": 7.27782201767}, "spectral_rolloff": {"min": 86.1328125, "max": 20951.8066406, "dvar2": 1810839.25, "median": 1098.19335938, "dmean2": 727.711425781, "dmean": 441.643127441, "var": 2800607, "dvar": 909020.3125, "mean": 1594.21789551}, "barkbands": {"min": [3.18884320275e-24, 7.1404352259e-24, 2.21245996294e-23, 3.49850345135e-23, 7.13940102925e-24, 5.47959066856e-23, 5.45360843024e-24, 9.03122043088e-23, 5.29433836011e-23, 5.80778015541e-23, 5.24440882906e-23, 1.29085689677e-22, 7.71376907662e-23, 1.04174573006e-22, 1.82498906211e-22, 1.41604596699e-22, 1.49560946814e-22, 3.21004087346e-22, 2.68060489175e-22, 2.45090500446e-22, 4.21887330707e-22, 5.2011212544e-22, 5.88042768146e-22, 1.16221834608e-21, 1.42496047387e-21, 1.45731361597e-21, 2.94319646701e-21], "max": [0.00467676483095, 0.104231394827, 0.0543288514018, 0.0363542586565, 0.0352598205209, 0.0261052958667, 0.0352472960949, 0.0335305072367, 0.0407281666994, 0.0243774056435, 0.0157310590148, 0.0272546075284, 0.0274122487754, 0.0450154356658, 0.0160894095898, 0.0183628033847, 0.0114340921864, 0.00767690315843, 0.00779384560883, 0.00546271027997, 0.00558764766902, 0.0128387361765, 0.0117887509987, 0.0100789992139, 0.00823315791786, 0.00754643790424, 0.00211886991747], "dvar2": [2.29709883115e-07, 0.000224104442168, 5.57347229915e-05, 5.09157416673e-06, 1.52815155161e-05, 8.22251695354e-06, 3.17741660183e-06, 9.25053427636e-06, 6.24582480668e-06, 3.66994709111e-06, 1.19004812404e-06, 2.46555441663e-06, 2.77505250779e-06, 2.33800778915e-06, 7.98335179297e-07, 8.48238812523e-07, 5.29861381438e-07, 3.95229079686e-07, 3.53148436716e-07, 2.27889842108e-07, 2.00937677164e-07, 4.06782277196e-07, 3.44654722539e-07, 3.13947197128e-07, 1.08733907211e-07, 4.24310151459e-08, 4.91729457153e-09], "median": [1.96840665012e-05, 0.00140629848465, 0.00114225898869, 0.000556922750548, 0.00121676560957, 0.00105595903005, 0.000651898037177, 0.000514607818332, 0.000339296326274, 0.000225944633712, 0.000167746387888, 0.000159165239893, 0.000135557507747, 0.000194594744244, 0.000123694742797, 0.000145632671774, 0.000123460995383, 0.000165043835295, 0.000154621113325, 0.00014531853958, 8.44367896207e-05, 8.05215822766e-05, 3.87640357076e-05, 2.9352011552e-05, 1.02896065073e-05, 3.35198205903e-06, 3.88492964021e-07], "dmean2": [0.000173854496097, 0.00506394309923, 0.00315567175858, 0.00115471764002, 0.0020167180337, 0.00134185736533, 0.000828556600027, 0.00132873421535, 0.000897468591575, 0.000796420499682, 0.000433957437053, 0.000585794623476, 0.000589723873418, 0.000634779105894, 0.000386244035326, 0.000397431082092, 0.000322515028529, 0.000308517424855, 0.000263728987193, 0.000232408245211, 0.0001759751176, 0.000206688855542, 0.000151538464706, 0.000139158786624, 7.32178959879e-05, 4.03947233281e-05, 1.01522846307e-05], "dmean": [0.000103752303403, 0.00315917120315, 0.00189896242227, 0.00068145658588, 0.00121241086163, 0.000866755202878, 0.000538339896593, 0.000867132330313, 0.000589823874179, 0.000536878011189, 0.000284865353024, 0.000364326464478, 0.000373803661205, 0.000403393438319, 0.000244201684836, 0.000242566151428, 0.000196427499759, 0.000190030623344, 0.000159771268955, 0.000143903511344, 0.000110786044388, 0.000133363617351, 9.88348256215e-05, 9.19735975913e-05, 5.00168571307e-05, 2.80497697531e-05, 6.40056123302e-06], "var": [8.76105374914e-08, 9.77724048425e-05, 2.21882710321e-05, 3.34268452207e-06, 7.51529478293e-06, 5.3603644119e-06, 2.63484321295e-06, 1.01676459963e-05, 5.84735062148e-06, 5.32313015356e-06, 1.44982652728e-06, 4.51782079836e-06, 3.01181808027e-06, 4.47088405053e-06, 1.1526566368e-06, 6.97426287388e-07, 5.52046685698e-07, 4.13132568156e-07, 2.7417550541e-07, 2.30246314459e-07, 1.86449128137e-07, 4.22164561087e-07, 2.27188124313e-07, 3.05207464635e-07, 1.71439253904e-07, 7.20314332625e-08, 2.14644035879e-09], "dvar": [8.4860637628e-08, 9.40586032812e-05, 2.23018287215e-05, 1.83334827852e-06, 5.85788257013e-06, 3.57428143616e-06, 1.25820383801e-06, 3.90916420656e-06, 2.49141021413e-06, 1.66913457633e-06, 5.23217750015e-07, 9.61356818152e-07, 1.21013363241e-06, 1.02635101484e-06, 3.33598563884e-07, 3.30814259542e-07, 2.08687140457e-07, 1.56822750341e-07, 1.34530267815e-07, 9.29863830379e-08, 8.08515707718e-08, 1.8510858979e-07, 1.51452709929e-07, 1.42676213954e-07, 5.79225378772e-08, 2.50409524227e-08, 1.98870209189e-09], "mean": [0.000114911956189, 0.00382314017043, 0.00248676678166, 0.00115253368858, 0.00205463008024, 0.00175421405584, 0.0011868145084, 0.00173210189678, 0.00114930735435, 0.00106129422784, 0.000526923162397, 0.000772560306359, 0.000644072017167, 0.000777531357016, 0.000476439483464, 0.000428407249274, 0.000369180052076, 0.000400158925913, 0.000328057620209, 0.000314387638355, 0.00023550716287, 0.000283482600935, 0.000182516829227, 0.000188824997167, 0.000101213998278, 4.74596017739e-05, 7.59425938668e-06]}, "melbands_flatness_db": {"min": 0.0062857195735, "max": 0.594677209854, "dvar2": 0.00138759543188, "median": 0.179421827197, "dmean2": 0.0328474007547, "dmean": 0.0220237579197, "var": 0.0133238583803, "dvar": 0.000659657584038, "mean": 0.21771492064}, "melbands_skewness": {"min": -2.31459259987, "max": 16.5601005554, "dvar2": 1.47922122478, "median": 1.90692973137, "dmean2": 0.858870625496, "dmean": 0.566179931164, "var": 2.06436872482, "dvar": 0.684422135353, "mean": 2.05380487442}, "barkbands_skewness": {"min": -4.33509349823, "max": 11.6537818909, "dvar2": 0.652954936028, "median": 1.12343430519, "dmean2": 0.637284576893, "dmean": 0.423388391733, "var": 1.12300312519, "dvar": 0.314343363047, "mean": 1.24512767792}, "silence_rate_60dB": {"min": 0, "max": 1, "dvar2": 0.0421532168984, "median": 0, "dmean2": 0.0395306609571, "dmean": 0.0198324024677, "var": 0.0908581241965, "dvar": 0.0194420218468, "mean": 0.101103201509}, "spectral_energyband_low": {"min": 5.24572433351e-23, "max": 0.138933330774, "dvar2": 0.000423589168349, "median": 0.00333429593593, "dmean2": 0.00797431264073, "dmean": 0.00494695128873, "var": 0.000206956159673, "dvar": 0.000182915886398, "mean": 0.00707026291639}, "spectral_energyband_middle_low": {"min": 2.71274422099e-22, "max": 0.0705283507705, "dvar2": 6.97240029695e-05, "median": 0.00741489930078, "dmean2": 0.0049886922352, "dmean": 0.00321108987555, "var": 6.95622948115e-05, "dvar": 2.86524518742e-05, "mean": 0.00955454818904}, "melbands_kurtosis": {"min": -1.71521830559, "max": 472.232666016, "dvar2": 404.856384277, "median": 5.34090042114, "dmean2": 7.84798049927, "dmean": 5.01934719086, "var": 281.957122803, "dvar": 183.182540894, "mean": 9.08931064606}, "spectral_decrease": {"min": -4.0242490229e-08, "max": 5.62546743201e-29, "dvar2": 3.4492852517e-17, "median": -4.14947542993e-09, "dmean2": 3.12453485307e-09, "dmean": 2.01397942767e-09, "var": 2.75494140828e-17, "dvar": 1.49871445427e-17, "mean": -5.45259659646e-09}, "erbbands_kurtosis": {"min": -1.80486404896, "max": 43.084980011, "dvar2": 5.17420816422, "median": 0.0853462219238, "dmean2": 1.36521375179, "dmean": 0.913085639477, "var": 13.8351573944, "dvar": 2.46129870415, "mean": 1.29408991337}, "melbands_crest": {"min": 1.90289902687, "max": 31.4923839569, "dvar2": 18.6547775269, "median": 11.6526432037, "dmean2": 4.29719400406, "dmean": 2.69776391983, "var": 26.6562690735, "dvar": 7.61068630219, "mean": 12.7744054794}, "gfcc": {"cov": [[15585.4277344, -5871.49853516, -26.2707767487, 3451.47460938, -792.736450195, 2206.60400391, -20.2487125397, 812.14276123, -306.068603516, 291.838134766, -530.543518066, 402.548980713, -506.687988281], [-5871.49853516, 3165.63769531, -255.395614624, -1325.00756836, 551.432556152, -919.419189453, 141.002624512, -310.662261963, 185.559829712, -142.993087769, 273.350830078, -162.787811279, 255.231536865], [-26.2707767487, -255.395614624, 800.856018066, 104.00176239, -89.062538147, 195.765365601, -41.4650535583, 56.3310661316, 14.5304403305, 37.4922561646, -1.88746762276, 37.4828643799, -58.2780952454], [3451.47460938, -1325.00756836, 104.00176239, 1293.18981934, -113.83531189, 587.235412598, 23.1574287415, 205.135452271, -33.5548744202, 62.2400970459, -120.754592896, 78.5190505981, -111.210105896], [-792.736450195, 551.432556152, -89.062538147, -113.83531189, 342.516967773, -119.577690125, 73.9892425537, -34.0595436096, 37.8182106018, -20.4549999237, 44.7660751343, -11.5557203293, 51.6539459229], [2206.60400391, -919.419189453, 195.765365601, 587.235412598, -119.577690125, 552.716247559, 46.6403198242, 148.224639893, -52.5204658508, 46.0607528687, -73.3027267456, 57.602519989, -106.335334778], [-20.2487125397, 141.002624512, -41.4650535583, 23.1574287415, 73.9892425537, 46.6403198242, 175.478973389, 47.0008125305, 30.5073337555, 11.0107192993, 7.15104293823, -13.3804597855, -0.876106262207], [812.14276123, -310.662261963, 56.3310661316, 205.135452271, -34.0595436096, 148.224639893, 47.0008125305, 145.360321045, 24.2912921906, 29.7599773407, -35.1590156555, 8.2937002182, -43.2750701904], [-306.068603516, 185.559829712, 14.5304403305, -33.5548744202, 37.8182106018, -52.5204658508, 30.5073337555, 24.2912921906, 120.220405579, 31.7444610596, 21.4619312286, -22.7295761108, 6.24612379074], [291.838134766, -142.993087769, 37.4922561646, 62.2400970459, -20.4549999237, 46.0607528687, 11.0107192993, 29.7599773407, 31.7444610596, 83.645904541, 21.3915920258, 8.31670665741, -16.5981521606], [-530.543518066, 273.350830078, -1.88746762276, -120.754592896, 44.7660751343, -73.3027267456, 7.15104293823, -35.1590156555, 21.4619312286, 21.3915920258, 106.292999268, 18.8444137573, 22.5893554688], [402.548980713, -162.787811279, 37.4828643799, 78.5190505981, -11.5557203293, 57.602519989, -13.3804597855, 8.2937002182, -22.7295761108, 8.31670665741, 18.8444137573, 96.7339248657, 17.9563083649], [-506.687988281, 255.231536865, -58.2780952454, -111.210105896, 51.6539459229, -106.335334778, -0.876106262207, -43.2750701904, 6.24612379074, -16.5981521606, 22.5893554688, 17.9563083649, 98.775138855]], "icov": [[0.000447105674539, 0.00033185686334, 0.000441244366812, -0.000399074604502, 1.48485269165e-05, -0.000563014531508, 0.000148664112203, -0.000526009942405, 0.000127348306705, -0.00042855340871, 0.00048628798686, -0.000842356472276, 0.000365885003703], [0.00033185686334, 0.00202491949312, 5.93072109041e-05, 0.000273742276477, -0.00112754071597, 0.000467527366709, -0.00109152379446, 0.000424277212005, -0.00131761247758, 0.00229037972167, -0.00242075067945, 0.00135818053968, -0.00114273640793], [0.000441244366812, 5.93072109041e-05, 0.00200042384677, -0.000188256599358, 0.000264590635197, -0.00149888265878, 0.000966514926404, -0.000783942465205, -0.000334500276949, -0.000855164485984, 0.000707809173036, -0.00156056240667, 0.000990931759588], [-0.000399074604502, 0.000273742276477, -0.000188256599358, 0.0022511894349, -0.000629304326139, -0.000865865440574, 5.56566155865e-05, 6.18966805632e-05, -0.000959129130933, 0.000806131516583, -0.000395455310354, 0.00073196622543, -0.000752902822569], [1.48485269165e-05, -0.00112754071597, 0.000264590635197, -0.000629304326139, 0.00469277985394, -1.5891961084e-05, -0.00103631289676, 1.81336799869e-05, 0.00013399659656, -0.000450279738288, 0.000633787538391, -0.0011695085559, -5.16210311616e-05], [-0.000563014531508, 0.000467527366709, -0.00149888265878, -0.000865865440574, -1.5891961084e-05, 0.00676860148087, -0.00259553338401, -0.000398309290176, 0.00145074387547, 0.000811650766991, -0.00110724044498, 0.000285163027002, 0.00138808076736], [0.000148664112203, -0.00109152379446, 0.000966514926404, 5.56566155865e-05, -0.00103631289676, -0.00259553338401, 0.00898175872862, -0.00352753698826, -7.78398898547e-05, -0.00181447819341, 0.000877959304489, 6.06506473559e-05, -1.38824880196e-05], [-0.000526009942405, 0.000424277212005, -0.000783942465205, 6.18966805632e-05, 1.81336799869e-05, -0.000398309290176, -0.00352753698826, 0.0139379696921, -0.00431515555829, 0.000128050887724, 0.00142843299545, 0.000151709886268, 0.00138959055766], [0.000127348306705, -0.00131761247758, -0.000334500276949, -0.000959129130933, 0.00013399659656, 0.00145074387547, -7.78398898547e-05, -0.00431515555829, 0.0137989334762, -0.00662387348711, 0.000764779048041, 0.00133927294519, -2.28591961786e-05], [-0.00042855340871, 0.00229037972167, -0.000855164485984, 0.000806131516583, -0.000450279738288, 0.000811650766991, -0.00181447819341, 0.000128050887724, -0.00662387348711, 0.021218849346, -0.00950036104769, 0.00316820130683, -0.000983088510111], [0.00048628798686, -0.00242075067945, 0.000707809173036, -0.000395455310354, 0.000633787538391, -0.00110724044498, 0.000877959304489, 0.00142843299545, 0.000764779048041, -0.00950036104769, 0.0196163672954, -0.00875269621611, 0.00329240038991], [-0.000842356472276, 0.00135818053968, -0.00156056240667, 0.00073196622543, -0.0011695085559, 0.000285163027002, 6.06506473559e-05, 0.000151709886268, 0.00133927294519, 0.00316820130683, -0.00875269621611, 0.0190491080284, -0.00795512739569], [0.000365885003703, -0.00114273640793, 0.000990931759588, -0.000752902822569, -5.16210311616e-05, 0.00138808076736, -1.38824880196e-05, 0.00138959055766, -2.28591961786e-05, -0.000983088510111, 0.00329240038991, -0.00795512739569, 0.0173501037061]], "mean": [-30.1010837555, 109.533912659, -118.907188416, 21.1800003052, -58.9709815979, 4.72688341141, -35.3203163147, 3.29244613647, -20.2873935699, 2.30416274071, -10.1549253464, -4.91302347183, -12.7565793991]}, "melbands_spread": {"min": 0.689404964447, "max": 226.721099854, "dvar2": 262.451477051, "median": 20.1641159058, "dmean2": 9.40389728546, "dmean": 6.1213965416, "var": 386.850067139, "dvar": 119.510101318, "mean": 24.4175434113}, "spectral_energy": {"min": 1.11213585175e-20, "max": 0.154252529144, "dvar2": 0.000525817682501, "median": 0.0174453258514, "dmean2": 0.0124126495793, "dmean": 0.00801873765886, "var": 0.000452377018519, "dvar": 0.000228511824389, "mean": 0.0226001925766}, "mfcc": {"cov": [[13493.1445312, -4430.66210938, -771.105163574, 1505.82543945, 175.425628662, 884.739929199, 652.149536133, 782.674377441, 391.432067871, 171.074234009, 60.9434165955, 131.353973389, 67.6443634033], [-4430.66210938, 2361.75634766, -41.5712776184, -442.368225098, 1.06121385098, -295.310516357, -135.972702026, -196.849960327, -90.4368972778, -47.8966941833, 2.33157348633, -14.2182474136, 23.463262558], [-771.105163574, -41.5712776184, 652.541992188, -95.4689712524, 6.5222568512, 5.09796619415, -33.7094154358, -26.9048786163, -33.9633331299, 26.7394485474, 19.2223834991, 9.86894130707, -35.8524589539], [1505.82543945, -442.368225098, -95.4689712524, 572.090698242, 138.837539673, 168.352523804, 123.480400085, 133.768218994, 98.2631378174, 41.1991271973, 8.01538181305, 43.0760421753, 49.4257278442], [175.425628662, 1.06121385098, 6.5222568512, 138.837539673, 183.388671875, 63.5711402893, 34.6622238159, 29.6259841919, 35.1075897217, -2.75181508064, 1.25655055046, 24.5148696899, 23.3621253967], [884.739929199, -295.310516357, 5.09796619415, 168.352523804, 63.5711402893, 211.674926758, 115.792625427, 90.055229187, 42.7050552368, 15.2865190506, 18.1241645813, 16.0923461914, -4.15870332718], [652.149536133, -135.972702026, -33.7094154358, 123.480400085, 34.6622238159, 115.792625427, 186.132415771, 101.743797302, 40.441368103, 30.3223152161, 22.1026096344, 10.5373735428, 0.199822708964], [782.674377441, -196.849960327, -26.9048786163, 133.768218994, 29.6259841919, 90.055229187, 101.743797302, 155.317092896, 61.5794296265, 32.6914672852, 13.2512187958, 13.6035633087, 0.888191699982], [391.432067871, -90.4368972778, -33.9633331299, 98.2631378174, 35.1075897217, 42.7050552368, 40.441368103, 61.5794296265, 108.628761292, 45.2998390198, 4.26258897781, 1.92615497112, 2.4489505291], [171.074234009, -47.8966941833, 26.7394485474, 41.1991271973, -2.75181508064, 15.2865190506, 30.3223152161, 32.6914672852, 45.2998390198, 136.17024231, 55.9859085083, 0.146352931857, -14.5295591354], [60.9434165955, 2.33157348633, 19.2223834991, 8.01538181305, 1.25655055046, 18.1241645813, 22.1026096344, 13.2512187958, 4.26258897781, 55.9859085083, 100.932395935, 32.1496009827, -4.98853063583], [131.353973389, -14.2182474136, 9.86894130707, 43.0760421753, 24.5148696899, 16.0923461914, 10.5373735428, 13.6035633087, 1.92615497112, 0.146352931857, 32.1496009827, 79.383895874, 38.1903991699], [67.6443634033, 23.463262558, -35.8524589539, 49.4257278442, 23.3621253967, -4.15870332718, 0.199822708964, 0.888191699982, 2.4489505291, -14.5295591354, -4.98853063583, 38.1903991699, 80.5299835205]], "icov": [[0.000370914844098, 0.000575458980165, 0.000415839545894, -0.000181505020009, 2.71406097454e-05, -0.000235497296671, -0.000168515442056, -0.000619954545982, -3.19484715874e-05, -6.12745716353e-05, -3.69464760297e-05, -0.000233297105297, -9.72100388026e-05], [0.000575458980165, 0.00149719126057, 0.000728178711142, 0.000127238847199, -0.000488728517666, 0.000355425581802, -0.000592722906731, -0.000618352612946, -8.067033923e-05, -4.70458398922e-05, -0.000281227519736, -0.000271918164799, -0.000399579992518], [0.000415839545894, 0.000728178711142, 0.00220928853378, 0.00019996901392, -0.00043457193533, -0.000627450877801, 0.000196494584088, -0.000656425021589, 0.000640050158836, -0.000827108800877, 0.000271126977168, -0.0010832346743, 0.000761626637541], [-0.000181505020009, 0.000127238847199, 0.00019996901392, 0.00351408706047, -0.00171815708745, -0.000869674549904, -0.000181414638064, -0.000514366198331, -0.000787988305092, -0.000707926985342, 0.000524445611518, -0.000296729907859, -0.00142327183858], [2.71406097454e-05, -0.000488728517666, -0.00043457193533, -0.00171815708745, 0.00779734877869, -0.00180270511191, 0.000182394214789, 0.000638312369119, -0.00172639987431, 0.00102491513826, 0.000110586042865, -0.00101008615457, -0.000658690230921], [-0.000235497296671, 0.000355425581802, -0.000627450877801, -0.000869674549904, -0.00180270511191, 0.0100371567532, -0.0040411548689, -0.000604031956755, -0.000385267863749, 0.00147245021071, -0.00115320668556, -0.00017743287026, 0.00169676961377], [-0.000168515442056, -0.000592722906731, 0.000196494584088, -0.000181414638064, 0.000182394214789, -0.0040411548689, 0.0106455935165, -0.00454634008929, 0.000835549028125, -0.000787092314567, -0.000804383133072, 0.000848122872412, -0.000344266270986], [-0.000619954545982, -0.000618352612946, -0.000656425021589, -0.000514366198331, 0.000638312369119, -0.000604031956755, -0.00454634008929, 0.0140855545178, -0.00425856979564, -0.00010811464017, 0.000484374468215, -0.00122334784828, 0.00108408776578], [-3.19484715874e-05, -8.067033923e-05, 0.000640050158836, -0.000787988305092, -0.00172639987431, -0.000385267863749, 0.000835549028125, -0.00425856979564, 0.0149815930054, -0.0050511281006, 0.00252719200216, 0.000225686468184, 2.73424175248e-05], [-6.12745716353e-05, -4.70458398922e-05, -0.000827108800877, -0.000707926985342, 0.00102491513826, 0.00147245021071, -0.000787092314567, -0.00010811464017, -0.0050511281006, 0.0126944091171, -0.00762251624838, 0.00306696654297, 0.000430616608355], [-3.69464760297e-05, -0.000281227519736, 0.000271126977168, 0.000524445611518, 0.000110586042865, -0.00115320668556, -0.000804383133072, 0.000484374468215, 0.00252719200216, -0.00762251624838, 0.017296411097, -0.00889417808503, 0.00365408603102], [-0.000233297105297, -0.000271918164799, -0.0010832346743, -0.000296729907859, -0.00101008615457, -0.00017743287026, 0.000848122872412, -0.00122334784828, 0.000225686468184, 0.00306696654297, -0.00889417808503, 0.0222037658095, -0.0102640381083], [-9.72100388026e-05, -0.000399579992518, 0.000761626637541, -0.00142327183858, -0.000658690230921, 0.00169676961377, -0.000344266270986, 0.00108408776578, 2.73424175248e-05, 0.000430616608355, 0.00365408603102, -0.0102640381083, 0.0192668642849]], "mean": [-666.955322266, 131.76991272, 3.42832922935, 16.2046737671, -1.81966233253, 1.70181775093, -4.32728004456, -1.67659413815, -6.78095149994, 3.25034356117, 2.22001123428, 0.571450531483, -1.7066334486]}, "spectral_contrast_valleys": {"min": [-27.171792984, -27.520368576, -27.4484996796, -27.226026535, -27.0525741577, -27.2920265198], "max": [-5.28751564026, -4.68633460999, -5.40470075607, -5.55970525742, -5.32762384415, -7.21317720413], "dvar2": [0.300016909838, 0.213872730732, 0.19218096137, 0.22433578968, 0.241728544235, 0.3265619874], "median": [-7.09672880173, -6.66066741943, -7.47530031204, -7.8026304245, -7.40842342377, -10.210688591], "dmean2": [0.610754132271, 0.499356985092, 0.458511590958, 0.455120295286, 0.382705897093, 0.401972651482], "dmean": [0.372314274311, 0.311538428068, 0.29169523716, 0.300116240978, 0.265175223351, 0.290791839361], "var": [1.52464342117, 0.67655813694, 1.12880814075, 1.93923532963, 3.57802510262, 3.72854232788], "dvar": [0.135140821338, 0.107061445713, 0.101353034377, 0.119891159236, 0.134956091642, 0.180666327477], "mean": [-7.49200630188, -6.76309108734, -7.72020101547, -8.27140140533, -8.18551921844, -10.7383937836]}, "barkbands_flatness_db": {"min": 0.01507791318, "max": 0.482404798269, "dvar2": 0.000845573144034, "median": 0.116928324103, "dmean2": 0.025993520394, "dmean": 0.0172614250332, "var": 0.00908075831831, "dvar": 0.000393915630411, "mean": 0.150198891759}, "dynamic_complexity": 3.73469662666, "erbbands_flatness_db": {"min": 0.036230020225, "max": 0.517831027508, "dvar2": 0.000529400771484, "median": 0.158076971769, "dmean2": 0.020310183987, "dmea