{"lowlevel": {"spectral_complexity": {"min": 0, "max": 51, "dvar2": 34.8534088135, "median": 7, "dmean2": 3.98927164078, "dmean": 2.57999992371, "var": 42.9407997131, "dvar": 15.859292984, "mean": 8.46095848083}, "silence_rate_20dB": {"min": 1, "max": 1, "dvar2": 0, "median": 1, "dmean2": 0, "dmean": 0, "var": 0, "dvar": 0, "mean": 1}, "average_loudness": 0.866035580635, "erbbands_spread": {"min": 0.531627058983, "max": 178.877655029, "dvar2": 642.760314941, "median": 28.3289337158, "dmean2": 19.6577243805, "dmean": 13.1639490128, "var": 821.256896973, "dvar": 307.933380127, "mean": 37.8710250854}, "spectral_kurtosis": {"min": -1.2153595686, "max": 242.244430542, "dvar2": 298.5625, "median": 5.32785987854, "dmean2": 8.80937957764, "dmean": 5.74797105789, "var": 334.954772949, "dvar": 141.710571289, "mean": 11.2612638474}, "barkbands_kurtosis": {"min": -1.9390707016, "max": 1087.55578613, "dvar2": 1017.45892334, "median": 8.09436702728, "dmean2": 15.0350828171, "dmean": 9.63170623779, "var": 1148.74487305, "dvar": 522.798400879, "mean": 15.9812479019}, "spectral_strongpeak": {"min": 0, "max": 10.0710191727, "dvar2": 0.599609375, "median": 0.367444366217, "dmean2": 0.510601878166, "dmean": 0.303790390491, "var": 0.398477941751, "dvar": 0.238401174545, "mean": 0.56470233202}, "spectral_spread": {"min": 531589.125, "max": 23695432, "dvar2": 3013295210500.0, "median": 4349725.5, "dmean2": 1456765.875, "dmean": 1054028.75, "var": 7611189559300.0, "dvar": 1802792861700.0, "mean": 5066324}, "spectral_rms": {"min": 2.9266900583e-06, "max": 0.0150658832863, "dvar2": 6.27334429737e-06, "median": 0.00377554865554, "dmean2": 0.00161806459073, "dmean": 0.00107439840212, "var": 7.42441397961e-06, "dvar": 2.81103643829e-06, "mean": 0.00404939986765}, "erbbands": {"min": [4.61988802769e-09, 6.29165342048e-09, 4.1802534767e-09, 7.71264794253e-08, 3.78627618147e-07, 4.37036717926e-08, 4.80441597617e-09, 6.92666324298e-09, 3.31993135205e-08, 3.86433605115e-08, 2.89950126131e-08, 1.6994443186e-08, 9.89812249941e-08, 6.55650538306e-08, 2.43642990227e-08, 3.13208481373e-08, 9.73463514242e-08, 8.77948309608e-08, 1.34158568699e-07, 1.51977985752e-07, 1.34699163823e-07, 1.72579959212e-07, 1.71888018485e-07, 1.74121097984e-07, 1.0805860029e-07, 1.30969269208e-07, 1.64284188031e-07, 1.9831013276e-07, 1.33529809432e-07, 1.2753295664e-07, 1.59637394859e-07, 1.43039500244e-07, 1.29147352368e-07, 1.0334218814e-07, 1.23316254985e-07, 7.63300889162e-08, 3.26799423078e-08, 1.5579189494e-08, 7.74233832601e-09, 1.40912581603e-09], "max": [4.59945440292, 32.2634391785, 115.664642334, 293.385314941, 397.511932373, 567.962402344, 1041.484375, 447.624969482, 760.875244141, 1325.62878418, 2012.67004395, 498.889038086, 901.050476074, 675.670593262, 897.068664551, 1165.53613281, 939.777038574, 992.359436035, 476.289825439, 326.823455811, 295.073303223, 117.530059814, 212.978012085, 178.692001343, 345.231536865, 246.691116333, 337.487792969, 418.117553711, 410.184753418, 551.789794922, 318.610687256, 156.143722534, 119.952987671, 70.5027999878, 19.4958438873, 11.7270078659, 3.86804437637, 0.680767059326, 0.0639746412635, 0.00310386018828], "dvar2": [0.206300452352, 8.38160037994, 150.894561768, 1091.72668457, 1338.45117188, 7591.91064453, 25327.2617188, 2983.18188477, 2516.52197266, 6456.8984375, 4558.59765625, 906.293579102, 3154.49560547, 888.171813965, 1348.84790039, 1220.98059082, 1151.03759766, 1452.3404541, 381.91708374, 197.730560303, 104.041152954, 42.0585250854, 123.821708679, 87.9721221924, 199.127624512, 150.946395874, 282.12890625, 436.728973389, 221.827209473, 428.805755615, 170.816696167, 87.4354934692, 46.5479774475, 12.0302963257, 3.63767433167, 0.615913450718, 0.0802360996604, 0.0024685272947, 3.74330084014e-05, 6.4795123933e-08], "median": [0.0154555533081, 0.1411768049, 0.6563975811, 1.44495379925, 3.56578207016, 6.88493919373, 5.27626466751, 2.94826436043, 3.31938147545, 4.10080242157, 3.37106275558, 2.66020321846, 2.83233308792, 2.07694983482, 1.49612867832, 1.1911534071, 1.23760259151, 1.02658891678, 0.830256164074, 0.751195430756, 0.534950852394, 0.35967117548, 0.421294301748, 0.466693788767, 0.585776925087, 0.543745875359, 0.40155184269, 0.290566891432, 0.254412561655, 0.223142385483, 0.132122084498, 0.099644869566, 0.0747853443027, 0.0321813859046, 0.0128353908658, 0.0047582401894, 0.00182248651981, 0.000924312393181, 7.62117706472e-05, 2.800636139e-05], "dmean2": [0.167477697134, 1.09634900093, 4.43144655228, 11.1130695343, 13.5733232498, 33.0370903015, 47.5214614868, 20.7795715332, 18.3227577209, 26.5303230286, 16.9512863159, 11.5304117203, 18.2887535095, 10.7497148514, 11.081785202, 9.01394271851, 9.08955574036, 8.5283498764, 6.08983278275, 5.48897981644, 3.61763572693, 2.67118835449, 3.42344093323, 3.1591553688, 4.52458047867, 3.9922170639, 4.79048633575, 4.78973293304, 4.16468954086, 5.02701663971, 4.15194892883, 3.47848820686, 2.3343129158, 1.37327241898, 0.755751430988, 0.297122865915, 0.110012255609, 0.0196612328291, 0.00234846002422, 9.63221973507e-05], "dmean": [0.10181851685, 0.659507393837, 2.59283351898, 6.50812292099, 7.97379255295, 19.1710128784, 26.4941196442, 12.0336532593, 11.3253183365, 16.7444095612, 10.6550998688, 7.29970598221, 10.8827848434, 6.80713701248, 6.95385026932, 5.80273675919, 6.01114702225, 5.60285902023, 3.98088097572, 3.49683594704, 2.30256962776, 1.70304048061, 2.14248752594, 2.00301361084, 2.94489359856, 2.64285063744, 3.03583979607, 3.05698895454, 2.67246794701, 3.20544791222, 2.67704343796, 2.18845295906, 1.52105557919, 0.914818704128, 0.507087886333, 0.196942552924, 0.0733161866665, 0.0130175156519, 0.00155222974718, 6.48187415209e-05], "var": [0.112834781408, 4.75931739807, 54.0477752686, 350.944335938, 447.219940186, 2201.74511719, 5632.88574219, 1171.77758789, 1631.16333008, 3706.30859375, 2064.69213867, 725.056945801, 1516.35668945, 756.989685059, 734.710632324, 837.809936523, 1079.8815918, 842.767272949, 369.377258301, 165.528198242, 81.634437561, 33.400970459, 61.6379470825, 47.3601455688, 108.109092712, 82.1730728149, 118.841743469, 176.537261963, 105.058815002, 176.308242798, 92.8500671387, 57.5552864075, 29.7173442841, 7.89084148407, 2.3771314621, 0.457726597786, 0.0595455020666, 0.00169169495348, 2.21705431613e-05, 3.53242448625e-08], "dvar": [0.080264210701, 3.19275045395, 56.648311615, 408.770233154, 480.968780518, 2790.13134766, 8988.71582031, 1091.40783691, 1015.30780029, 2660.7644043, 1785.07434082, 390.100921631, 1192.46765137, 385.992645264, 530.44708252, 513.516906738, 589.602966309, 614.555053711, 176.176330566, 90.5235137939, 45.1768875122, 18.7217578888, 49.7943916321, 37.0853271484, 85.0638656616, 66.6295928955, 118.117195129, 185.829620361, 100.134910583, 183.481109619, 81.2894058228, 43.6283760071, 21.0367355347, 5.63732767105, 1.82331681252, 0.330194681883, 0.0432353653014, 0.00124445592519, 1.77615766006e-05, 3.00721936242e-08], "mean": [0.164652258158, 1.16456484795, 3.44688487053, 7.75897073746, 10.6352701187, 21.5963344574, 23.7115154266, 14.3836402893, 16.1250495911, 23.7826824188, 15.8744516373, 11.5819978714, 14.3159503937, 10.4554758072, 9.82834720612, 8.77028179169, 8.6761932373, 8.07706642151, 6.08162879944, 4.76077461243, 3.1813287735, 2.33876609802, 2.788585186, 2.66110396385, 3.79000520706, 3.30546998978, 3.4623632431, 3.15153241158, 2.97073411942, 3.39891934395, 2.78886723518, 2.47869992256, 1.79111552238, 1.09846556187, 0.577987909317, 0.235469117761, 0.0834008380771, 0.0152427162975, 0.00173867505509, 8.60502332216e-05]}, "zerocrossingrate": {"min": 0, "max": 0.47802734375, "dvar2": 0.000701231008861, "median": 0.0302734375, "dmean2": 0.0181840043515, "dmean": 0.0161152780056, "var": 0.00389513978735, "dvar": 0.000651998561807, "mean": 0.0514195971191}, "spectral_contrast_coeffs": {"min": [-0.93054908514, -0.938595294952, -0.950875639915, -0.950578153133, -0.94140625, -0.962406158447], "max": [-0.253759711981, -0.2752135396, -0.392753839493, -0.465482801199, -0.549929559231, -0.599501788616], "dvar2": [0.00776499090716, 0.0051462627016, 0.00329430238344, 0.0020894811023, 0.00119215750601, 0.000860751781147], "median": [-0.613657593727, -0.728979945183, -0.77059596777, -0.803065001965, -0.819631874561, -0.803660988808], "dmean2": [0.0970109030604, 0.0829316526651, 0.0660708472133, 0.0533794648945, 0.0394821316004, 0.0313546620309], "dmean": [0.0610362105072, 0.0529453679919, 0.0423545576632, 0.0347793996334, 0.0255717709661, 0.0209469087422], "var": [0.0157464351505, 0.0104910014197, 0.00673264125362, 0.00457764975727, 0.00257110805251, 0.00169328192715], "dvar": [0.00336536020041, 0.0023627562914, 0.00156032096129, 0.00103483349085, 0.000576745602302, 0.000412340683397], "mean": [-0.599453628063, -0.714598238468, -0.761152386665, -0.79201489687, -0.812793672085, -0.798541665077]}, "dissonance": {"min": 0.0716015398502, "max": 0.5, "dvar2": 0.00250647612847, "median": 0.440607845783, "dmean2": 0.0519250072539, "dmean": 0.0321306809783, "var": 0.00278676231392, "dvar": 0.00100864132401, "mean": 0.429100424051}, "spectral_energyband_high": {"min": 1.35941854995e-10, "max": 0.0323441065848, "dvar2": 3.81286963602e-06, "median": 5.13436061738e-05, "dmean2": 0.000713383662514, "dmean": 0.000463765871245, "var": 2.32249362853e-06, "dvar": 1.874528607e-06, "mean": 0.000572023040149}, "spectral_skewness": {"min": -0.344312399626, "max": 13.279173851, "dvar2": 1.21728992462, "median": 1.91811168194, "dmean2": 0.811861455441, "dmean": 0.556910455227, "var": 2.20755434036, "dvar": 0.62381964922, "mean": 2.2968044281}, "spectral_flux": {"min": 1.08219328467e-05, "max": 0.432533591986, "dvar2": 0.00528996111825, "median": 0.0524859502912, "dmean2": 0.0537692755461, "dmean": 0.0352070443332, "var": 0.0053683067672, "dvar": 0.00277726026252, "mean": 0.0750799700618}, "silence_rate_30dB": {"min": 0, "max": 1, "dvar2": 0.0699078291655, "median": 1, "dmean2": 0.0530957356095, "dmean": 0.0265454538167, "var": 0.0167102236301, "dvar": 0.0258387364447, "mean": 0.98300153017}, "spectral_energyband_middle_high": {"min": 2.95649373039e-11, "max": 0.077030017972, "dvar2": 9.700431292e-06, "median": 0.000479692651425, "dmean2": 0.00126471510157, "dmean": 0.000835359911434, "var": 8.14753639133e-06, "dvar": 4.30356885772e-06, "mean": 0.00148078636266}, "barkbands_spread": {"min": 0.157393053174, "max": 132.354431152, "dvar2": 357.625091553, "median": 8.30880260468, "dmean2": 11.4335136414, "dmean": 7.30551719666, "var": 323.583343506, "dvar": 157.92338562, "mean": 14.9505710602}, "spectral_centroid": {"min": 110.077407837, "max": 7308.5390625, "dvar2": 482102.40625, "median": 552.803344727, "dmean2": 430.297943115, "dmean": 278.227355957, "var": 721243.4375, "dvar": 242305.578125, "mean": 844.205444336}, "pitch_salience": {"min": 0.047824062407, "max": 0.923337996006, "dvar2": 0.0211710426956, "median": 0.537112295628, "dmean2": 0.146971285343, "dmean": 0.0897024124861, "var": 0.0188197344542, "dvar": 0.00806833058596, "mean": 0.529546320438}, "erbbands_skewness": {"min": -5.17816066742, "max": 11.129904747, "dvar2": 1.12333142757, "median": 1.00128877163, "dmean2": 0.926159322262, "dmean": 0.608705341816, "var": 1.55471789837, "dvar": 0.516643285751, "mean": 1.02794492245}, "erbbands_crest": {"min": 2.1840262413, "max": 34.1580276489, "dvar2": 20.7178173065, "median": 9.67357540131, "dmean2": 4.85780096054, "dmean": 3.00662207603, "var": 27.457277298, "dvar": 8.5970621109, "mean": 10.7883825302}, "melbands": {"min": [8.79896433492e-11, 3.03940466545e-12, 2.27626684862e-11, 1.6293020752e-11, 1.31437978448e-13, 1.65433720325e-13, 4.47616011097e-13, 4.16415003607e-13, 2.3128965106e-13, 1.14288000721e-13, 4.61396979651e-13, 2.55592964328e-13, 6.56938560625e-14, 7.44701744932e-14, 8.27703384347e-14, 2.13833887663e-13, 1.17674289367e-13, 2.32196423547e-13, 1.00167920833e-13, 1.96360546638e-13, 1.4455781407e-13, 2.02693967838e-13, 1.46883847858e-13, 1.15829722658e-13, 1.38050988284e-13, 8.04781249779e-14, 6.22445210608e-14, 7.6808303912e-14, 9.73020695592e-14, 9.77835095338e-14, 1.08807711105e-13, 6.98815124148e-14, 6.35755215291e-14, 7.58566319026e-14, 8.5944015034e-14, 6.59057837059e-14, 8.67043727939e-14, 5.32818113361e-14, 9.65962403923e-14, 7.32528322939e-14], "max": [0.0383812636137, 0.0440666005015, 0.0419321209192, 0.0292037986219, 0.039699729532, 0.00868618674576, 0.012654947117, 0.0139700984582, 0.014260597527, 0.00267547322437, 0.00442534964532, 0.00275510712527, 0.00352699053474, 0.00280147069134, 0.00198926404119, 0.00378259038553, 0.00212719570845, 0.000885574205313, 0.000571745855268, 0.000549504300579, 0.000480219518067, 0.000153875953401, 0.00021593060228, 0.000177606416401, 0.000150289852172, 0.000240190842305, 0.000514417188242, 0.000190298320376, 0.000178892762051, 0.000356828066288, 0.000215224004933, 0.000275119731668, 0.000375088100554, 0.000399493204895, 0.000181943993084, 0.000123105404782, 0.00010616662621, 9.42313636187e-05, 8.49737989483e-05, 5.18521119375e-05], "dvar2": [1.28794126795e-05, 2.70019954769e-05, 2.8288392059e-05, 9.49025707087e-06, 3.50100817741e-05, 1.61702575951e-06, 5.8698083194e-07, 7.44539249808e-07, 2.62899050085e-07, 3.10084153909e-08, 8.20264531853e-08, 1.70302527636e-08, 1.83649380148e-08, 9.60698720576e-09, 7.00445568214e-09, 8.86363427099e-09, 6.2625957753e-09, 1.15812015533e-09, 5.6134658033e-10, 3.86941423347e-10, 1.68075858786e-10, 5.64618733712e-11, 9.53143744487e-11, 9.02073554743e-11, 5.9939865571e-11, 1.36078481816e-10, 1.6536337577e-10, 7.24068097147e-11, 8.26441970414e-11, 2.77521894354e-10, 1.16386573989e-10, 8.3694710884e-11, 9.78183783973e-11, 1.55707807759e-10, 6.01823035851e-11, 4.42457147309e-11, 4.11692450963e-11, 2.78719321928e-11, 1.82747462996e-11, 7.30906481172e-12], "median": [0.000160869007232, 0.000348625821061, 0.000327954330714, 0.000467205391033, 0.000234624938457, 6.67292333674e-05, 5.04721974721e-05, 4.19926363975e-05, 2.30578098126e-05, 1.44874948091e-05, 1.24391144709e-05, 7.14702309779e-06, 4.41041675003e-06, 2.77251456282e-06, 2.87878128802e-06, 2.19206208385e-06, 1.58687112162e-06, 1.13083910946e-06, 1.00869453945e-06, 8.07613218967e-07, 5.04404169988e-07, 3.51137089183e-07, 3.12307605554e-07, 3.59487557944e-07, 3.12273726877e-07, 3.83374270996e-07, 4.06067044878e-07, 3.07786734766e-07, 2.48798841085e-07, 1.7206001246e-07, 1.43127437013e-07, 1.31897252231e-07, 1.38029733421e-07, 9.94974485025e-08, 7.02370144268e-08, 5.94173066304e-08, 5.71617029266e-08, 4.92210823211e-08, 3.93580990021e-08, 2.1299571884e-08], "dmean2": [0.00137729442213, 0.00195757369511, 0.00190092565026, 0.00142886885442, 0.00179472833406, 0.000479290058138, 0.000283561152173, 0.000274441874353, 0.000131932349177, 6.87244828441e-05, 9.29222078412e-05, 4.59705879621e-05, 3.89654123865e-05, 2.66665992967e-05, 2.2546200853e-05, 1.92798070202e-05, 1.68366550497e-05, 1.01177802208e-05, 8.80607785803e-06, 6.0839724938e-06, 4.26528549724e-06, 2.93591892842e-06, 3.05248568111e-06, 3.16073965223e-06, 2.51147230301e-06, 3.79518678528e-06, 3.05387197841e-06, 2.72732268058e-06, 2.90997331831e-06, 3.62506716556e-06, 2.59986427409e-06, 2.58670343101e-06, 2.33864534493e-06, 2.95065888167e-06, 2.41756924879e-06, 2.27133614317e-06, 2.22288440455e-06, 1.70354587681e-06, 1.58595184985e-06, 1.07551682049e-06], "dmean": [0.000845965812914, 0.00115849915892, 0.00111839745659, 0.000843868532684, 0.00100891757756, 0.000276908947853, 0.000176814195584, 0.000172909407411, 8.24271628517e-05, 4.35515175923e-05, 5.51273551537e-05, 2.88403334707e-05, 2.4571449103e-05, 1.67492416949e-05, 1.45059120769e-05, 1.28368765218e-05, 1.0805070815e-05, 6.59685520077e-06, 5.59510817766e-06, 3.89538354284e-06, 2.69247175311e-06, 1.85954399967e-06, 1.88096714737e-06, 1.97734016183e-06, 1.57834745096e-06, 2.3934503588e-06, 1.98669977181e-06, 1.7583730596e-06, 1.83789290986e-06, 2.29524539463e-06, 1.64732307439e-06, 1.64832295013e-06, 1.5129556914e-06, 1.86442059658e-06, 1.55195368734e-06, 1.45991498357e-06, 1.40550844208e-06, 1.1102405324e-06, 1.01779937722e-06, 7.1570025284e-07], "var": [7.69955659052e-06, 1.11322688099e-05, 9.56378517003e-06, 3.56267878487e-06, 7.95267260401e-06, 6.10475865415e-07, 3.79794300898e-07, 3.94034998408e-07, 1.26676525269e-07, 2.45388651621e-08, 3.85316738516e-08, 1.36092825898e-08, 1.01550190479e-08, 5.70724711935e-09, 4.34614966238e-09, 6.03721739267e-09, 3.11424219746e-09, 1.03663144735e-09, 4.97285823631e-10, 2.68538219439e-10, 1.28933044796e-10, 4.58890564436e-11, 4.55226550899e-11, 5.07358634272e-11, 3.10215290955e-11, 6.52149931279e-11, 8.00742458451e-11, 3.45440516469e-11, 3.43142458892e-11, 1.1105406178e-10, 4.50378206951e-11, 3.5863988862e-11, 4.07351548326e-11, 6.29935062446e-11, 3.23395997481e-11, 2.37567725908e-11, 2.32433933212e-11, 1.71296640067e-11, 1.05483044174e-11, 4.6354578162e-12], "dvar": [5.05045909449e-06, 1.01757705124e-05, 1.06480256363e-05, 3.53879136128e-06, 1.24981033878e-05, 5.85311795476e-07, 2.3806124716e-07, 3.03901060761e-07, 1.02915400646e-07, 1.33369217892e-08, 3.0964887543e-08, 7.2776979998e-09, 7.35050642575e-09, 3.89727139449e-09, 2.98945312949e-09, 4.09858724737e-09, 2.52367660103e-09, 5.26329368977e-10, 2.61642402188e-10, 1.72306433011e-10, 7.07053096627e-11, 2.5668113468e-11, 3.77919466554e-11, 3.74530371994e-11, 2.5182815902e-11, 5.60216699419e-11, 6.95717372601e-11, 3.09527889431e-11, 3.37755726165e-11, 1.17056003779e-10, 4.87204269983e-11, 3.61864947729e-11, 4.21456272659e-11, 6.60813279096e-11, 2.85592677979e-11, 2.0546600879e-11, 1.89625884439e-11, 1.24704916532e-11, 7.88085742498e-12, 3.43830281087e-12], "mean": [0.00148163968697, 0.00175970920827, 0.00140803598333, 0.00111066154204, 0.000933962641284, 0.000331629009452, 0.00025486832601, 0.00024204782676, 0.000123289020848, 6.72420064802e-05, 7.07738436176e-05, 4.2280935304e-05, 3.42411804013e-05, 2.32582187891e-05, 2.06836339203e-05, 1.74566030182e-05, 1.48179997268e-05, 9.55925952439e-06, 7.5769612522e-06, 5.05909656567e-06, 3.52190386366e-06, 2.43411477641e-06, 2.33608420785e-06, 2.50858283835e-06, 2.00095996661e-06, 2.87011789624e-06, 2.59282137449e-06, 2.06321283258e-06, 2.07639686778e-06, 2.30688215197e-06, 1.65903384186e-06, 1.76721562184e-06, 1.62976778029e-06, 1.95287475435e-06, 1.60027559559e-06, 1.49429979501e-06, 1.54203939928e-06, 1.25091594327e-06, 1.20988249819e-06, 8.31918953281e-07]}, "spectral_entropy": {"min": 4.00945472717, "max": 8.9748878479, "dvar2": 0.345174282789, "median": 7.00019311905, "dmean2": 0.524663984776, "dmean": 0.366108894348, "var": 0.813568174839, "dvar": 0.191362306476, "mean": 6.97853040695}, "spectral_rolloff": {"min": 21.533203125, "max": 16085.3027344, "dvar2": 5864663, "median": 452.197265625, "dmean2": 1056.65930176, "dmean": 615.35144043, "var": 5239411.5, "dvar": 2648036.75, "mean": 1210.18469238}, "barkbands": {"min": [5.40616787448e-11, 3.13390181861e-11, 8.6561102253e-13, 3.26904961434e-11, 5.4583830511e-11, 4.85842323403e-13, 2.06921849447e-12, 2.03264943939e-12, 5.25196964911e-13, 3.84353139593e-12, 2.81903894759e-13, 6.48490592822e-13, 1.78774193799e-12, 1.07664777701e-12, 2.38618261435e-12, 1.7952627232e-12, 3.17054672447e-12, 3.0966394813e-12, 3.3747800561e-12, 2.75472743574e-12, 4.66451356707e-12, 3.16091402185e-12, 6.08597157045e-12, 6.73625825259e-12, 1.91804020583e-11, 1.84552182564e-11, 7.70099956027e-11], "max": [0.0283220410347, 0.124446757138, 0.128483429551, 0.0908720120788, 0.152903661132, 0.0527712702751, 0.0679344832897, 0.0776856765151, 0.0317488089204, 0.0227896440774, 0.02579603903, 0.0238193646073, 0.0325007177889, 0.0172079391778, 0.00730016315356, 0.00616379175335, 0.00249111489393, 0.00338598922826, 0.00521388370544, 0.00799940992147, 0.00975973811001, 0.0149726318195, 0.0105608729646, 0.00700022187084, 0.0048569845967, 0.00223945500329, 0.000426297308877], "dvar2": [2.5668557555e-06, 0.000158991781063, 0.00018261790683, 0.000148390652612, 0.000542519323062, 7.43073833291e-05, 1.56491696544e-05, 1.32114437292e-05, 1.84492728295e-06, 3.07049913317e-06, 9.17207103157e-07, 6.80509799622e-07, 7.57324585265e-07, 5.06967069214e-07, 1.11723259977e-07, 5.43649179008e-08, 1.59315547421e-08, 3.81531677363e-08, 6.70549482606e-08, 8.13937930388e-08, 2.53668332562e-07, 2.541478068e-07, 2.41424515934e-07, 1.77741540597e-07, 7.59924816407e-08, 2.25499086071e-08, 1.15208342866e-09], "median": [2.2826176064e-05, 0.000594296841882, 0.000511925667524, 0.000426231359597, 0.0021339210216, 0.000368142034858, 0.000236178049818, 0.00014786599786, 9.82763594948e-05, 6.48898130748e-05, 3.04966924887e-05, 2.18298082473e-05, 2.28933513426e-05, 1.50828118421e-05, 1.46005031638e-05, 9.2210029834e-06, 6.16597071712e-06, 7.4775352914e-06, 9.93601497612e-06, 1.19586393339e-05, 7.83055020293e-06, 7.32844091544e-06, 4.71577914141e-06, 4.70605709779e-06, 2.28539101954e-06, 1.04223761355e-06, 5.94292146161e-07], "dmean2": [0.000548400974367, 0.00489579606801, 0.00471901427954, 0.00424693431705, 0.00880458950996, 0.00306075671688, 0.00148357124999, 0.000955140218139, 0.000505918986164, 0.000586524722166, 0.000277216982795, 0.00022681421251, 0.000209739329875, 0.000158996670507, 0.000122051853396, 7.54831344238e-05, 5.27497541043e-05, 6.18692793068e-05, 8.60092695802e-05, 8.70491421665e-05, 0.000120865886856, 0.000131625420181, 0.000150586318341, 0.000152733453433, 0.000111715395178, 5.83319524594e-05, 1.28438323372e-05], "dmean": [0.00035418238258, 0.00299150845967, 0.0027551506646, 0.00247081043199, 0.00506491493434, 0.00174936291296, 0.000933700997848, 0.000594370241743, 0.000319677434163, 0.00034897387377, 0.000175562556251, 0.000142775097629, 0.000137448689202, 0.000100374803878, 7.82213392085e-05, 4.80349590362e-05, 3.29167196469e-05, 3.86438296118e-05, 5.4398253269e-05, 5.73765137233e-05, 7.63588905102e-05, 8.55159305502e-05, 9.72329944489e-05, 9.77051022346e-05, 7.55494838813e-05, 3.87951549783e-05, 8.46765215101e-06], "var": [1.44755938436e-06, 9.42679907894e-05, 6.17520636297e-05, 4.73173713544e-05, 0.00014703341003, 2.2206642825e-05, 9.92739023786e-06, 5.66928565604e-06, 1.40767497214e-06, 1.45341277857e-06, 5.31377168045e-07, 4.23617336764e-07, 5.77018454351e-07, 2.37675550352e-07, 1.06556029777e-07, 3.96237282985e-08, 1.23396670659e-08, 1.91285032258e-08, 3.34467245011e-08, 4.2782623666e-08, 1.07201877597e-07, 1.05932628003e-07, 1.26229409148e-07, 1.1816587886e-07, 5.18675022931e-08, 1.76042398436e-08, 6.83078538177e-10], "dvar": [1.13998521556e-06, 6.16369652562e-05, 6.84754850226e-05, 5.51525445189e-05, 0.000196788139874, 2.64451555267e-05, 6.42307441012e-06, 5.23734843227e-06, 7.96111805812e-07, 1.16527564842e-06, 3.73030502487e-07, 2.81535307067e-07, 3.63147904636e-07, 1.98198947032e-07, 5.2673698292e-08, 2.41459900963e-08, 7.0763173099e-09, 1.53715173923e-08, 2.78399170384e-08, 3.54770008926e-08, 1.08983741143e-07, 1.08874559146e-07, 1.12720428547e-07, 8.46338394922e-08, 3.7606319836e-08, 1.23849366318e-08, 5.4920940018e-10], "mean": [0.000414079724578, 0.00534089049324, 0.00337051856332, 0.00282957102172, 0.00571402022615, 0.00195294292644, 0.00135005114134, 0.000800529378466, 0.000487927551148, 0.000453765678685, 0.000246192736086, 0.000196772671188, 0.000184461576282, 0.000135380250867, 0.000111529312562, 6.19162383373e-05, 4.27784398198e-05, 4.96414249938e-05, 6.74948678352e-05, 7.18810188118e-05, 8.21323992568e-05, 9.06796340132e-05, 0.000102302801679, 0.000114628222946, 8.96751444088e-05, 4.61960989924e-05, 9.53375820245e-06]}, "melbands_flatness_db": {"min": 0.0157453604043, "max": 0.73104596138, "dvar2": 0.00505141168833, "median": 0.286633104086, "dmean2": 0.0645868480206, "dmean": 0.0453415289521, "var": 0.0127032920718, "dvar": 0.00266903568991, "mean": 0.292358338833}, "melbands_skewness": {"min": -5.73715400696, "max": 20.8108100891, "dvar2": 4.1891541481, "median": 3.0605711937, "dmean2": 1.81040644646, "dmean": 1.18772482872, "var": 5.69444894791, "dvar": 1.89212691784, "mean": 3.5537006855}, "barkbands_skewness": {"min": -8.1440410614, "max": 31.2373142242, "dvar2": 2.841340065, "median": 2.31615924835, "dmean2": 1.47288286686, "dmean": 0.968718230724, "var": 4.36404895782, "dvar": 1.38119852543, "mean": 2.54486584663}, "silence_rate_60dB": {"min": 0, "max": 1, "dvar2": 0.102690801024, "median": 0, "dmean2": 0.101100102067, "dmean": 0.0505454540253, "var": 0.171506687999, "dvar": 0.0479920692742, "mean": 0.219798207283}, "spectral_energyband_low": {"min": 3.79265674422e-10, "max": 0.196868345141, "dvar2": 0.000605540757533, "median": 0.00306216930039, "dmean2": 0.0101019749418, "dmean": 0.00617813458666, "var": 0.000322583364323, "dvar": 0.000239510452957, "mean": 0.0106914741918}, "spectral_energyband_middle_low": {"min": 1.45478379343e-10, "max": 0.201131552458, "dvar2": 0.00116624834482, "median": 0.00690103089437, "dmean2": 0.0153281092644, "dmean": 0.00915231369436, "var": 0.000407828105381, "dvar": 0.000439540395746, "mean": 0.0133461514488}, "melbands_kurtosis": {"min": -1.8638228178, "max": 838.59197998, "dvar2": 2359.93310547, "median": 16.7794532776, "dmean2": 28.3852996826, "dmean": 18.0915317535, "var": 2208.86572266, "dvar": 1056.12194824, "mean": 31.5548191071}, "spectral_decrease": {"min": -6.10194703654e-08, "max": -2.12624857398e-15, "dvar2": 1.11153579334e-16, "median": -3.65196650698e-09, "dmean2": 5.37596633876e-09, "dmean": 3.33429950317e-09, "var": 5.97627073785e-17, "dvar": 4.49012363863e-17, "mean": -6.19564799464e-09}, "erbbands_kurtosis": {"min": -1.91514229774, "max": 212.634368896, "dvar2": 93.9406661987, "median": 1.10509347916, "dmean2": 4.17648744583, "dmean": 2.6305205822, "var": 56.9979019165, "dvar": 38.220489502, "mean": 3.11089038849}, "melbands_crest": {"min": 2.6664712429, "max": 37.8793678284, "dvar2": 31.012878418, "median": 16.1961898804, "dmean2": 6.10604429245, "dmean": 3.73259162903, "var": 34.2621154785, "dvar": 12.534239769, "mean": 16.8171920776}, "gfcc": {"cov": [[17162.0429688, -1844.82092285, 335.073852539, 760.155456543, -238.496643066, 684.476867676, -184.589767456, 525.671569824, -203.461654663, 473.46963501, -77.6720504761, 125.914146423, -220.256820679], [-1844.82092285, 3842.1262207, 55.1432914734, -485.632446289, 693.992858887, -237.292617798, 439.596130371, -252.379653931, 262.142211914, -290.049163818, 204.267379761, -249.138641357, 34.0676078796], [335.073852539, 55.1432914734, 1489.88708496, 310.894622803, 169.081207275, 313.72442627, 75.8857803345, 91.0525054932, -17.6356525421, 16.6406917572, -50.4041862488, 32.6072425842, -10.9640388489], [760.155456543, -485.632446289, 310.894622803, 703.427978516, 83.2549362183, 100.981285095, 23.7767486572, 96.3867492676, 25.2197780609, 17.7203216553, -34.3168678284, 10.119055748, -15.3413991928], [-238.496643066, 693.992858887, 169.081207275, 83.2549362183, 549.046875, 129.213348389, 184.181976318, 46.1092567444, 115.371116638, -1.72825360298, 11.8725776672, -27.8062648773, 3.24015116692], [684.476867676, -237.292617798, 313.72442627, 100.981285095, 129.213348389, 423.214538574, 136.18522644, 115.212760925, 21.9863815308, 76.97605896, -23.110080719, 31.1176166534, -7.92123222351], [-184.589767456, 439.596130371, 75.8857803345, 23.7767486572, 184.181976318, 136.18522644, 299.276062012, 59.3933296204, 75.1371078491, 5.93814897537, 35.1598739624, -7.42524862289, 21.5877151489], [525.671569824, -252.379653931, 91.0525054932, 96.3867492676, 46.1092567444, 115.212760925, 59.3933296204, 204.494476318, 57.8946990967, 65.8312301636, -14.1032867432, 35.9242095947, 16.4286270142], [-203.461654663, 262.142211914, -17.6356525421, 25.2197780609, 115.371116638, 21.9863815308, 75.1371078491, 57.8946990967, 173.984329224, 18.2737503052, 18.1458091736, -4.97439527512, 20.5928516388], [473.46963501, -290.049163818, 16.6406917572, 17.7203216553, -1.72825360298, 76.97605896, 5.93814897537, 65.8312301636, 18.2737503052, 146.982803345, 21.9439315796, 36.773109436, 8.53697395325], [-77.6720504761, 204.267379761, -50.4041862488, -34.3168678284, 11.8725776672, -23.110080719, 35.1598739624, -14.1032867432, 18.1458091736, 21.9439315796, 132.086334229, 18.2167720795, 10.5293064117], [125.914146423, -249.138641357, 32.6072425842, 10.119055748, -27.8062648773, 31.1176166534, -7.42524862289, 35.9242095947, -4.97439527512, 36.773109436, 18.2167720795, 122.857261658, 40.3250465393], [-220.256820679, 34.0676078796, -10.9640388489, -15.3413991928, 3.24015116692, -7.92123222351, 21.5877151489, 16.4286270142, 20.5928516388, 8.53697395325, 10.5293064117, 40.3250465393, 102.173042297]], "icov": [[8.30999997561e-05, -8.0775906099e-05, 4.81754359498e-05, -0.00012221596262, 9.40076351981e-05, -0.00014916685177, 0.000150017440319, -0.000219973866479, 0.000199684523977, -0.000267169758445, 7.84629301052e-05, -0.00010802615725, 0.000198646463105], [-8.0775906099e-05, 0.00114270031918, -0.000375775241992, 0.000847945804708, -0.00103383825626, 0.000830017903354, -0.00113673019223, 0.000972627138253, -0.00113685254473, 0.00162214168813, -0.00136375613511, 0.00151722691953, -0.000651901878882], [4.81754359498e-05, -0.000375775241992, 0.00101084180642, -0.000587940507103, 0.000163256408996, -0.000897601130418, 0.000502421811689, -0.000386306346627, 0.000660295714624, -0.000326926790876, 0.000531187630259, -0.00065249891486, 0.000227551980061], [-0.00012221596262, 0.000847945804708, -0.000587940507103, 0.00235239113681, -0.000929692934733, 0.000702329911292, -0.000771264953073, 0.000162353579071, -0.00101659831125, 0.00142295577098, -0.000788441975601, 0.00106977997348, -0.000290248834062], [9.40076351981e-05, -0.00103383825626, 0.000163256408996, -0.000929692934733, 0.00358192203566, -0.00112888228614, -8.70108779054e-05, -0.000610668037552, -0.000281525222817, -0.00129647797439, 0.00123759789858, -0.000942812184803, 0.000750387553126], [-0.00014916685177, 0.000830017903354, -0.000897601130418, 0.000702329911292, -0.00112888228614, 0.00482969544828, -0.00254982779734, -0.000133915702463, -0.000335114804329, -0.000333937263349, 0.000102209101897, 0.000391633686377, 0.000311672105454], [0.000150017440319, -0.00113673019223, 0.000502421811689, -0.000771264953073, -8.70108779054e-05, -0.00254982779734, 0.00662114750594, -0.00192509160843, 0.000347401801264, -0.000579886196647, -0.000411080371123, -0.000558813451789, -0.000402467208914], [-0.000219973866479, 0.000972627138253, -0.000386306346627, 0.000162353579071, -0.000610668037552, -0.000133915702463, -0.00192509160843, 0.00883610732853, -0.00331857148558, -0.000716911396012, 0.000429860228905, -0.000147056562128, -0.00107813591603], [0.000199684523977, -0.00113685254473, 0.000660295714624, -0.00101659831125, -0.000281525222817, -0.000335114804329, 0.000347401801264, -0.00331857148558, 0.00930273160338, -0.0022940414492, 0.000583907414693, -0.000487531506224, -0.00038015114842], [-0.000267169758445, 0.00162214168813, -0.000326926790876, 0.00142295577098, -0.00129647797439, -0.000333937263349, -0.000579886196647, -0.000716911396012, -0.0022940414492, 0.0119849015027, -0.00397849874571, 0.000776177505031, -0.00112058292143], [7.84629301052e-05, -0.00136375613511, 0.000531187630259, -0.000788441975601, 0.00123759789858, 0.000102209101897, -0.000411080371123, 0.000429860228905, 0.000583907414693, -0.00397849874571, 0.0107717020437, -0.00354676041752, 0.00105337658897], [-0.00010802615725, 0.00151722691953, -0.00065249891486, 0.00106977997348, -0.000942812184803, 0.000391633686377, -0.000558813451789, -0.000147056562128, -0.000487531506224, 0.000776177505031, -0.00354676041752, 0.0130943153054, -0.00521524902433], [0.000198646463105, -0.000651901878882, 0.000227551980061, -0.000290248834062, 0.000750387553126, 0.000311672105454, -0.000402467208914, -0.00107813591603, -0.00038015114842, -0.00112058292143, 0.00105337658897, -0.00521524902433, 0.0127925211564]], "mean": [-96.0454940796, 102.40813446, -77.9835968018, 18.0801639557, -61.5655441284, 3.57002997398, -34.5736961365, -2.51347136497, -24.2798213959, -1.20003759861, -14.7720460892, -3.58985829353, -9.07025909424]}, "melbands_spread": {"min": 0.26883661747, "max": 274.952423096, "dvar2": 770.81854248, "median": 7.44770669937, "dmean2": 12.2543544769, "dmean": 7.72872781754, "var": 714.59765625, "dvar": 350.012207031, "mean": 15.07076931}, "spectral_energy": {"min": 8.77965256052e-09, "max": 0.232655361295, "dvar2": 0.00169630197342, "median": 0.0146111361682, "dmean2": 0.0210356768221, "dmean": 0.0131096150726, "var": 0.000914608710445, "dvar": 0.000688075786456, "mean": 0.0244175903499}, "mfcc": {"cov": [[14975.6582031, -1035.56774902, -164.02192688, 256.226898193, -0.0800384879112, 218.648971558, 151.908233643, 74.4272689819, 44.4160423279, 260.538818359, 200.873565674, 107.721328735, 11.8853435516], [-1035.56774902, 3571.5, -115.211624146, -2.95797228813, 177.799438477, 135.880828857, 159.225769043, 113.167953491, 6.9248290062, 95.6113967896, 72.3249969482, -22.9707508087, 11.9404602051], [-164.02192688, -115.211624146, 1149.34643555, 185.83807373, 175.681884766, 175.988983154, 139.911239624, 108.033950806, 102.317863464, -9.17909812927, 30.0507678986, 2.51551961899, 22.3783969879], [256.226898193, -2.95797228813, 185.83807373, 527.293273926, 167.731109619, 59.9533538818, 41.1914291382, 64.9711303711, 43.8787727356, 35.0196037292, 1.87775659561, 27.9940853119, 13.8929109573], [-0.0800384879112, 177.799438477, 175.681884766, 167.731109619, 355.955871582, 139.72694397, 82.5018234253, 85.00050354, 119.242202759, 40.1215629578, 46.7658653259, 37.4392127991, 32.6369094849], [218.648971558, 135.880828857, 175.988983154, 59.9533538818, 139.72694397, 290.582519531, 151.021438599, 95.0366973877, 88.8091583252, 57.4106521606, 50.3307151794, 24.9558639526, 10.4003763199], [151.908233643, 159.225769043, 139.911239624, 41.1914291382, 82.5018234253, 151.021438599, 247.371139526, 96.6684112549, 67.8608932495, 49.0113334656, 61.7899093628, 26.8289489746, 21.7027015686], [74.4272689819, 113.167953491, 108.033950806, 64.9711303711, 85.00050354, 95.0366973877, 96.6684112549, 186.454483032, 103.241577148, 44.0164337158, 37.8534965515, 25.5678691864, 12.9686012268], [44.4160423279, 6.9248290062, 102.317863464, 43.8787727356, 119.242202759, 88.8091583252, 67.8608932495, 103.241577148, 217.797302246, 75.6265029907, 39.8359107971, 24.2872962952, 35.5426750183], [260.538818359, 95.6113967896, -9.17909812927, 35.0196037292, 40.1215629578, 57.4106521606, 49.0113334656, 44.0164337158, 75.6265029907, 138.493972778, 63.0586585999, 16.064743042, 4.54663038254], [200.873565674, 72.3249969482, 30.0507678986, 1.87775659561, 46.7658653259, 50.3307151794, 61.7899093628, 37.8534965515, 39.8359107971, 63.0586585999, 135.930221558, 40.7933502197, 10.3103628159], [107.721328735, -22.9707508087, 2.51551961899, 27.9940853119, 37.4392127991, 24.9558639526, 26.8289489746, 25.5678691864, 24.2872962952, 16.064743042, 40.7933502197, 101.983932495, 35.2856712341], [11.8853435516, 11.9404602051, 22.3783969879, 13.8929109573, 32.6369094849, 10.4003763199, 21.7027015686, 12.9686012268, 35.5426750183, 4.54663038254, 10.3103628159, 35.2856712341, 107.089248657]], "icov": [[7.35736175557e-05, 2.8105921956e-05, 2.25370749831e-05, -3.84109807783e-05, 2.66757106147e-05, -5.80332962272e-05, -1.25705491882e-05, -8.58314160723e-06, 5.62257009733e-05, -0.000123770048958, -6.07732617937e-05, -1.69992763404e-05, -1.18865054901e-05], [2.8105921956e-05, 0.000323955930071, 7.61483752285e-05, 4.94516461913e-05, -0.000204573152587, -3.85984312743e-05, -0.000139405863592, -0.000199024216272, 0.000292954326142, -0.00025328467018, -5.65990558243e-05, 0.000225812909775, -9.85524311545e-05], [2.25370749831e-05, 7.61483752285e-05, 0.00110337988008, -0.000298142898828, -0.000164449578733, -0.000409757922171, -0.000298074068269, -0.000166785946931, -0.000240366105572, 0.000637035467662, -0.000269167590886, 0.000425947830081, -9.40701502259e-05], [-3.84109807783e-05, 4.94516461913e-05, -0.000298142898828, 0.00247013452463, -0.00121510203462, 0.000304636836518, 2.20858528337e-05, -0.000582463166211, 0.000661263242364, -0.000916336954106, 0.000895823177416, -0.000493650441058, 4.32312881458e-05], [2.66757106147e-05, -0.000204573152587, -0.000164449578733, -0.00121510203462, 0.00476712780073, -0.00146961235441, 0.000288922019536, 0.000158492199262, -0.00192440266255, 0.00097589509096, -0.00086994463345, -0.000472947926028, -0.000339151039952], [-5.80332962272e-05, -3.85984312743e-05, -0.000409757922171, 0.000304636836518, -0.00146961235441, 0.0061943246983, -0.00265390961431, -0.000641658960376, -0.00025278981775, -0.000979381147772, 0.000358275079634, -0.000313686323352, 0.000713042449206], [-1.25705491882e-05, -0.000139405863592, -0.000298074068269, 2.20858528337e-05, 0.000288922019536, -0.00265390961431, 0.00698705390096, -0.00188288954087, 0.000267873634584, -0.000178755668458, -0.00155469146557, 5.52696146769e-05, -0.000891768373549], [-8.58314160723e-06, -0.000199024216272, -0.000166785946931, -0.000582463166211, 0.000158492199262, -0.000641658960376, -0.00188288954087, 0.00892751198262, -0.00339482072741, 0.000387040345231, -0.000241359317442, -0.00098526768852, 0.000906214409042], [5.62257009733e-05, 0.000292954326142, -0.000240366105572, 0.000661263242364, -0.00192440266255, -0.00025278981775, 0.000267873634584, -0.00339482072741, 0.00875869207084, -0.00391189055517, 0.000684701371938, 0.000336860248353, -0.00202441681176], [-0.000123770048958, -0.00025328467018, 0.000637035467662, -0.000916336954106, 0.00097589509096, -0.000979381147772, -0.000178755668458, 0.000387040345231, -0.00391189055517, 0.0120558347553, -0.00452965730801, 0.000706955906935, 0.000804456183687], [-6.07732617937e-05, -5.65990558243e-05, -0.000269167590886, 0.000895823177416, -0.00086994463345, 0.000358275079634, -0.00155469146557, -0.000241359317442, 0.000684701371938, -0.00452965730801, 0.0114358440042, -0.00372464815155, 0.000619024387561], [-1.69992763404e-05, 0.000225812909775, 0.000425947830081, -0.000493650441058, -0.000472947926028, -0.000313686323352, 5.52696146769e-05, -0.00098526768852, 0.000336860248353, 0.000706955906935, -0.00372464815155, 0.0131200077012, -0.00387177034281], [-1.18865054901e-05, -9.85524311545e-05, -9.40701502259e-05, 4.32312881458e-05, -0.000339151039952, 0.000713042449206, -0.000891768373549, 0.000906214409042, -0.00202441681176, 0.000804456183687, 0.000619024387561, -0.00387177034281, 0.0113233420998]], "mean": [-751.919799805, 137.460083008, 32.5672798157, 18.5054359436, -1.30380737782, 2.988301754, -1.33612120152, -4.15742397308, -4.89776086807, 0.105079382658, -4.78023910522, -5.23124361038, -2.88355255127]}, "spectral_contrast_valleys": {"min": [-16.2519359589, -16.257724762, -16.8598136902, -16.6746768951, -15.9063529968, -17.4423789978], "max": [-5.03110218048, -4.4950633049, -5.20425033569, -5.86153268814, -5.95926570892, -7.33745574951], "dvar2": [0.466960787773, 0.71582531929, 0.68937420845, 0.65333533287, 0.726375222206, 0.917777955532], "median": [-7.58940076828, -7.33781862259, -8.36939620972, -9.03421974182, -8.9012336731, -11.1302251816], "dmean2": [0.76526248455, 0.809032976627, 0.783690452576, 0.735033810139, 0.7037281394, 0.746031582355], "dmean": [0.507859289646, 0.533790826797, 0.531928539276, 0.517391443253, 0.524165987968, 0.590456962585], "var": [3.07347154617, 1.81773102283, 1.6564412117, 1.61339759827, 1.84057986736, 2.89502167702], "dvar": [0.240851014853, 0.350076138973, 0.348100662231, 0.33727401495, 0.403868973255, 0.581760585308], "mean": [-7.97247695923, -7.51505279541, -8.46213436127, -9.08099651337, -9.0173368454, -11.101140976]}, "barkbands_flatness_db": {"min": 0.0129956705496, "max": 0.563508450985, "dvar2": 0.00346235954203, "median": 0.197485387325, "dmean2": 0.0547934882343, "dmean": 0.0379862822592, "var": 0.00816826988012, "dvar": 0.00181276875082, "mean": 0.203992128372}, "dynamic_complexity": 5.52525854111, "erbbands_flatness_db": {"min": 0.0297716315836, "max": 0.48995167017, "dvar2": 0.00208550156094, "median": 0.174396723509, "dmean2": 0.041754335165, "dmean": 0.0295908395201, "var": 0.00546648073941, "dvar": 0.00116006028838, "mean": 0.179977461696}, "hfc": 