{"lowlevel": {"spectral_complexity": {"min": 0, "max": 43, "dvar2": 5.5224738121, "median": 10, "dmean2": 2.53908109665, "dmean": 1.61864793301, "var": 26.1038379669, "dvar": 2.71491408348, "mean": 10.4574117661}, "silence_rate_20dB": {"min": 1, "max": 1, "dvar2": 0, "median": 1, "dmean2": 0, "dmean": 0, "var": 0, "dvar": 0, "mean": 1}, "average_loudness": 0.597368299961, "erbbands_spread": {"min": 1.12632501125, "max": 134.455505371, "dvar2": 60.3712768555, "median": 13.8500709534, "dmean2": 5.52566432953, "dmean": 3.7659599781, "var": 145.859512329, "dvar": 32.464515686, "mean": 16.6287517548}, "spectral_kurtosis": {"min": -1.25401258469, "max": 186.54473877, "dvar2": 245.443252563, "median": 14.2846431732, "dmean2": 13.273399353, "dmean": 7.98335838318, "var": 619.333984375, "dvar": 96.8225021362, "mean": 22.5561580658}, "barkbands_kurtosis": {"min": -1.8735691309, "max": 111.023880005, "dvar2": 41.7883682251, "median": 4.12428236008, "dmean2": 4.50800085068, "dmean": 2.90640354156, "var": 55.4068908691, "dvar": 17.3293266296, "mean": 6.251039505}, "spectral_strongpeak": {"min": 0, "max": 10.6018333435, "dvar2": 0.709982872009, "median": 0.608076751232, "dmean2": 0.627947688103, "dmean": 0.394245445728, "var": 1.35271930695, "dvar": 0.305671095848, "mean": 1.04715752602}, "spectral_spread": {"min": 467713.34375, "max": 42191288, "dvar2": 797015408640, "median": 2228138.75, "dmean2": 538101.875, "dmean": 362489.25, "var": 8740281516030.0, "dvar": 448411631616, "mean": 2681264.5}, "spectral_rms": {"min": 3.13309187622e-12, "max": 0.0117289284244, "dvar2": 7.55801920604e-07, "median": 0.0035224610474, "dmean2": 0.000783458410297, "dmean": 0.00055232224986, "var": 4.21364029535e-06, "dvar": 3.70660217186e-07, "mean": 0.00373945734464}, "erbbands": {"min": [6.23366785657e-23, 3.10749804346e-22, 2.48031803041e-21, 6.57903108514e-21, 2.1807023881e-20, 3.54070492989e-20, 4.0610668049e-20, 1.16011434676e-19, 2.86986642911e-19, 1.92372431978e-19, 2.53782372353e-19, 3.95501443093e-19, 5.30409456971e-19, 8.75138683312e-19, 9.52984960953e-19, 9.40704430783e-19, 2.42760655979e-18, 2.01581061506e-18, 2.50519858279e-18, 3.44844214786e-18, 3.14115840558e-18, 3.12322616387e-18, 6.67743948307e-18, 7.40416810922e-18, 6.83954289489e-18, 7.43643311619e-18, 8.49118435015e-18, 1.11519249413e-17, 1.31000452989e-17, 1.31409278735e-17, 1.08280349279e-17, 1.15329483197e-17, 8.78307240008e-18, 8.0986441361e-18, 5.93414118849e-18, 4.91011392402e-18, 2.71560665405e-18, 1.05769547995e-18, 2.57959324253e-19, 2.8694830826e-20], "max": [1.82655060291, 7.4051656723, 18.4449558258, 43.9021987915, 61.6821250916, 113.624511719, 346.912078857, 899.00958252, 1028.0546875, 1567.74475098, 2688.25219727, 2008.47924805, 1224.83239746, 1526.7833252, 635.418762207, 1130.23925781, 2134.65771484, 330.394470215, 705.711120605, 302.764892578, 374.286071777, 139.345535278, 181.896850586, 97.0134658813, 73.6732788086, 68.1793441772, 62.9679450989, 57.6178817749, 49.1954421997, 76.3977584839, 198.681167603, 223.877914429, 51.2446632385, 10.4767951965, 2.00637698174, 0.630639672279, 0.0995807573199, 0.00625623110682, 0.00139739690349, 0.000189281025087], "dvar2": [0.00647828541696, 0.36618578434, 1.91617798805, 14.2288513184, 28.745470047, 84.7462387085, 1150.8885498, 4007.02246094, 4124.48583984, 4933.99804688, 21516.1230469, 3853.21337891, 2448.0769043, 7417.56347656, 596.29296875, 1287.86853027, 1034.01953125, 244.383743286, 1101.25720215, 156.840087891, 109.605934143, 17.7046909332, 35.6706542969, 13.8698244095, 8.75594806671, 6.42829561234, 3.97196531296, 3.25561332703, 3.86724233627, 4.04895830154, 14.9272260666, 16.1041202545, 0.814595520496, 0.0573245324194, 0.0026955853682, 0.000224014205742, 7.36789206712e-06, 8.21025096798e-08, 2.5867754605e-09, 1.79635584185e-10], "median": [0.00354532385245, 0.0510446429253, 0.26498195529, 0.90354591608, 1.71602380276, 4.13618707657, 9.93027687073, 6.80552196503, 14.8449516296, 11.1679162979, 11.603187561, 9.76868247986, 6.8447561264, 8.77635669708, 3.93774318695, 3.913002491, 2.68500518799, 2.15736675262, 1.75030374527, 1.2483458519, 0.98241096735, 0.768353700638, 0.683044433594, 0.550651311874, 0.358595579863, 0.257560700178, 0.141959324479, 0.0820091366768, 0.0586957074702, 0.0393247269094, 0.026456028223, 0.0138295376673, 0.00610622065142, 0.00201624049805, 0.000506673648488, 0.000153694534674, 5.08525990881e-05, 1.35270702231e-05, 8.87512669578e-06, 1.45730782606e-05], "dmean2": [0.0258193146437, 0.243626445532, 0.587265789509, 1.89158034325, 2.95702433586, 5.79285144806, 18.3748626709, 25.5023269653, 30.274515152, 25.9896297455, 47.0668182373, 23.1133728027, 17.5640125275, 30.2373828888, 9.46200656891, 10.8184347153, 9.29834079742, 5.41598367691, 8.38673591614, 4.00069904327, 2.77427577972, 1.41987287998, 1.64007127285, 1.28908610344, 0.818614661694, 0.775348186493, 0.413670003414, 0.337649136782, 0.441770374775, 0.329662084579, 0.357422858477, 0.294262498617, 0.115216679871, 0.030168261379, 0.00684755202383, 0.00158059888054, 0.000312086805934, 4.40819821961e-05, 9.3296457635e-06, 8.90238516149e-06], "dmean": [0.0150245316327, 0.148537755013, 0.363031834364, 1.1711922884, 1.76706087589, 3.62880682945, 12.161564827, 16.1543388367, 20.2974681854, 18.2296772003, 32.6582756042, 16.3397407532, 11.6711206436, 19.208940506, 6.48907089233, 7.60598516464, 6.30143451691, 3.53904819489, 5.32678508759, 2.66204309464, 1.91587245464, 0.974465370178, 1.11464548111, 0.878230333328, 0.551482617855, 0.512684822083, 0.280145525932, 0.236358314753, 0.321533471346, 0.238557234406, 0.254610359669, 0.207074776292, 0.0851633548737, 0.0223721414804, 0.00484374817461, 0.00106883887202, 0.000203817180591, 2.74033282039e-05, 5.87870272284e-06, 6.08138770986e-06], "var": [0.00521566811949, 0.668477714062, 2.10779309273, 24.8888092041, 26.1874771118, 81.2323760986, 1229.0045166, 3492.35742188, 4091.01611328, 10374.6748047, 50896.8125, 7741.62011719, 2516.47265625, 6240.08496094, 670.501220703, 2660.93823242, 2588.71240234, 396.953063965, 1394.14233398, 229.828460693, 191.169372559, 38.9925994873, 47.4842414856, 21.9336280823, 8.81823825836, 7.79902553558, 3.69998121262, 2.65063595772, 4.57955503464, 3.79154753685, 9.53094673157, 8.4646062851, 0.76359307766, 0.0435269474983, 0.00174276763573, 0.000110006192699, 3.45147964254e-06, 4.37783818086e-08, 1.44324541207e-09, 5.01997943214e-10], "dvar": [0.00225545745343, 0.153060466051, 0.763134658337, 5.77542448044, 10.463719368, 33.9041213989, 482.416809082, 1619.11157227, 1738.17028809, 2554.90722656, 10234.3476562, 1948.03515625, 1131.38977051, 2753.1159668, 281.752044678, 741.250244141, 659.763183594, 118.281730652, 435.186126709, 78.8104782104, 59.4316596985, 9.65728664398, 16.9843273163, 6.94549274445, 3.93757176399, 2.78140544891, 1.65553224087, 1.50963962078, 1.92417883873, 2.07922792435, 6.91744995117, 7.26438188553, 0.453679203987, 0.0282173082232, 0.00127447093837, 9.89986510831e-05, 3.21971697304e-06, 3.40592798409e-08, 1.02062469587e-09, 8.25638862834e-11], "mean": [0.0293894559145, 0.36337891221, 0.828661978245, 2.85737252235, 3.53332662582, 7.06897926331, 23.2807884216, 27.7625198364, 37.8373756409, 40.6656150818, 78.2334747314, 32.6398506165, 22.3874092102, 32.6824684143, 12.5086202621, 15.4040174484, 11.8181467056, 7.43281412125, 9.93120479584, 5.06883716583, 3.80431842804, 2.28685426712, 2.39088511467, 1.87424600124, 1.17269289494, 1.11629140377, 0.613682091236, 0.473061561584, 0.623642265797, 0.430201172829, 0.412240028381, 0.308819890022, 0.13952922821, 0.0363484956324, 0.00748736597598, 0.0015213531442, 0.000280585489236, 4.18947383878e-05, 1.4879936316e-05, 2.1638277758e-05]}, "zerocrossingrate": {"min": 0.00146484375, "max": 0.52099609375, "dvar2": 9.64429345913e-05, "median": 0.0244140625, "dmean2": 0.00437735952437, "dmean": 0.00353865441866, "var": 0.00146400008816, "dvar": 6.15712269791e-05, "mean": 0.0290225800127}, "spectral_contrast_coeffs": {"min": [-0.983074247837, -0.997061252594, -0.998031556606, -0.988803625107, -0.989467799664, -0.965955555439], "max": [-0.365365177393, -0.391233474016, -0.483226358891, -0.487549215555, -0.58059579134, -0.625292301178], "dvar2": [0.0035811078269, 0.0035192258656, 0.00220158859156, 0.00132251041941, 0.000812535639852, 0.000433104345575], "median": [-0.609980642796, -0.690905988216, -0.727738797665, -0.771166145802, -0.787412405014, -0.772227525711], "dmean2": [0.0745599865913, 0.0710406526923, 0.0569997578859, 0.0448607504368, 0.0331614799798, 0.0229334309697], "dmean": [0.044658601284, 0.0448219031096, 0.0367832668126, 0.0288894064724, 0.0218698848039, 0.0153048904613], "var": [0.00654151244089, 0.00676816795021, 0.00487130461261, 0.00427410937846, 0.00320353894494, 0.0029281838797], "dvar": [0.00131318229251, 0.00141025963239, 0.000947806227487, 0.000602825137321, 0.000403083307901, 0.000210976941162], "mean": [-0.613973855972, -0.685782790184, -0.726842820644, -0.768219530582, -0.787294685841, -0.77926337719]}, "dissonance": {"min": 0.111420497298, "max": 0.499999940395, "dvar2": 0.00264632073231, "median": 0.416590720415, "dmean2": 0.0588250756264, "dmean": 0.0357666648924, "var": 0.00328522641212, "dvar": 0.000998530769721, "mean": 0.405514508486}, "spectral_energyband_high": {"min": 7.16104877351e-21, "max": 0.0160929635167, "dvar2": 8.82622757103e-08, "median": 9.9738344943e-06, "dmean2": 4.14906971855e-05, "dmean": 3.11494113703e-05, "var": 7.68438113141e-08, "dvar": 4.37803393538e-08, "mean": 6.68220236548e-05}, "spectral_skewness": {"min": -0.0917871892452, "max": 11.7473373413, "dvar2": 0.82004648447, "median": 2.81340122223, "dmean2": 0.919362723827, "dmean": 0.564264476299, "var": 2.86464834213, "dvar": 0.331898063421, "mean": 3.26561117172}, "spectral_flux": {"min": 6.31545093999e-11, "max": 0.255930870771, "dvar2": 0.000822948291898, "median": 0.0472602322698, "dmean2": 0.0252631697804, "dmean": 0.0158676505089, "var": 0.00131122907624, "dvar": 0.000335996301146, "mean": 0.0538983345032}, "silence_rate_30dB": {"min": 0, "max": 1, "dvar2": 0.00475053209811, "median": 1, "dmean2": 0.0036301757209, "dmean": 0.00181488203816, "var": 0.00124623265583, "dvar": 0.0018113568658, "mean": 0.99875241518}, "spectral_energyband_middle_high": {"min": 1.21522798137e-21, "max": 0.0567259304225, "dvar2": 7.49350920159e-06, "median": 0.000881259795278, "dmean2": 0.00125635531731, "dmean": 0.000864941219334, "var": 1.72473519342e-05, "dvar": 3.2412112887e-06, "mean": 0.0023276230786}, "barkbands_spread": {"min": 0.510946810246, "max": 93.4097976685, "dvar2": 16.5479240417, "median": 5.75828409195, "dmean2": 2.58120369911, "dmean": 1.72198355198, "var": 28.3556118011, "dvar": 8.70935344696, "mean": 6.83818435669}, "spectral_centroid": {"min": 144.683105469, "max": 11627.3300781, "dvar2": 55892.125, "median": 520.727722168, "dmean2": 110.100364685, "dmean": 72.9015731812, "var": 597613.625, "dvar": 28344.7089844, "mean": 604.990539551}, "pitch_salience": {"min": 0.128080189228, "max": 0.996034860611, "dvar2": 0.00860937964171, "median": 0.569464981556, "dmean2": 0.105842851102, "dmean": 0.0668580234051, "var": 0.0113136032596, "dvar": 0.0034220952075, "mean": 0.56261575222}, "erbbands_skewness": {"min": -2.48149180412, "max": 6.53099918365, "dvar2": 0.292580574751, "median": 1.00212419033, "dmean2": 0.577455043793, "dmean": 0.387333899736, "var": 0.653985917568, "dvar": 0.12557412684, "mean": 1.09020781517}, "erbbands_crest": {"min": 2.65226960182, "max": 31.1212329865, "dvar2": 17.283996582, "median": 11.5353527069, "dmean2": 4.64514017105, "dmean": 2.96813225746, "var": 25.1397972107, "dvar": 6.9273982048, "mean": 12.5383272171}, "melbands": {"min": [8.49996540692e-25, 7.00826789212e-25, 2.25866693826e-24, 2.07089122155e-24, 1.99992864717e-24, 2.87622018981e-24, 4.15298545124e-24, 2.15461381828e-24, 2.3480265378e-24, 1.81627689805e-24, 2.21228586134e-24, 3.06599211904e-24, 2.81763188481e-24, 3.19841918528e-24, 2.45561513515e-24, 5.35738712132e-24, 3.05941558289e-24, 2.61541567479e-24, 3.98558088411e-24, 3.77056777249e-24, 2.96757107149e-24, 2.89502347835e-24, 3.46816938296e-24, 6.2144127085e-24, 5.37237547852e-24, 4.54014221187e-24, 4.5499824628e-24, 4.08297759577e-24, 4.76817152843e-24, 4.85341465455e-24, 5.6619387067e-24, 6.97700060128e-24, 6.10010281903e-24, 6.72017588953e-24, 5.83371395767e-24, 6.72185379667e-24, 6.37532613367e-24, 6.141881287e-24, 5.64183064222e-24, 6.26497750924e-24], "max": [0.0130191985518, 0.0089659281075, 0.00823744479567, 0.00503775058314, 0.00959019828588, 0.019217774272, 0.0159415155649, 0.0193867385387, 0.020105689764, 0.0113203767687, 0.00591248553246, 0.00701053394005, 0.00163314049132, 0.00286463764496, 0.00484222825617, 0.00276457192376, 0.0005536727258, 0.00131824729033, 0.000449429528089, 0.000809466990177, 0.000524608767591, 0.000121369776025, 0.000138554576552, 0.000237881962676, 8.24943126645e-05, 5.78956496611e-05, 4.62205716758e-05, 4.35853471572e-05, 3.97219300794e-05, 3.44840591424e-05, 3.39207217621e-05, 3.25276341755e-05, 2.96118614642e-05, 5.21739202668e-05, 9.85168517218e-05, 0.000139828305691, 0.000140582880704, 3.4367738408e-05, 1.48565759446e-05, 5.94067978454e-06], "dvar2": [4.95318431604e-07, 5.02119632984e-07, 4.12673728079e-07, 2.57778992818e-07, 9.2642716254e-07, 1.84357895705e-06, 9.00434372397e-07, 6.66794392146e-07, 1.19330104553e-06, 1.29885521005e-07, 6.29788345918e-08, 1.47372645642e-07, 9.3727861028e-09, 8.49190762153e-09, 8.45875369748e-09, 3.49475381967e-09, 9.52691370237e-10, 3.32196203878e-09, 4.65505273217e-10, 4.73512562493e-10, 1.57704335702e-10, 2.14321199676e-11, 2.67132496679e-11, 4.2426489405e-11, 1.08732302675e-11, 7.05981323748e-12, 4.61874071975e-12, 3.00869659048e-12, 1.66739397896e-12, 1.52281442664e-12, 1.18523604559e-12, 1.30866216301e-12, 1.47053679997e-12, 1.73534786801e-12, 4.5794223448e-12, 5.83358144776e-12, 7.04034660431e-12, 4.08399740892e-13, 1.19628346942e-13, 2.77687300373e-14], "median": [4.23620695074e-05, 0.000125828155433, 0.000170929575688, 0.00018917673151, 0.000330391398165, 0.000161703195772, 0.000222608374315, 0.000111240398837, 9.45666761254e-05, 4.74697772006e-05, 3.0167388104e-05, 3.50316404365e-05, 1.12916814032e-05, 8.69468931342e-06, 7.62092713558e-06, 4.69297037853e-06, 3.51039693669e-06, 2.71548037745e-06, 1.63130323472e-06, 1.27706243802e-06, 1.0179343235e-06, 7.2482765745e-07, 6.56561041978e-07, 5.51085349798e-07, 3.89091241004e-07, 2.65796728627e-07, 1.99792310696e-07, 1.48625431962e-07, 8.95165470638e-08, 5.57716006711e-08, 3.84027458722e-08, 3.28657954185e-08, 2.58787888896e-08, 1.89810762663e-08, 1.57731303574e-08, 1.01716581824e-08, 7.19395920612e-09, 4.34028768481e-09, 2.51267562312e-09, 1.24207211183e-09], "dmean2": [0.000254663173109, 0.000303883396555, 0.000332522933604, 0.0003044627083, 0.000540822453331, 0.000571974436752, 0.000455555389635, 0.00030700705247, 0.00035707411007, 0.000131500724819, 9.18060541153e-05, 0.000134488596814, 3.71078931494e-05, 2.90354546451e-05, 2.56823168456e-05, 1.70180355781e-05, 1.04989303509e-05, 1.47974360516e-05, 6.59180795992e-06, 5.47683748664e-06, 3.24522011397e-06, 1.59847411396e-06, 1.67896303083e-06, 1.89408490314e-06, 1.10902635697e-06, 6.81213464304e-07, 6.06195840192e-07, 5.29120598003e-07, 3.01319062146e-07, 2.19982041472e-07, 2.09441793686e-07, 2.56264172549e-07, 2.5424358796e-07, 1.80587221621e-07, 2.11989998888e-07, 2.0666291789e-07, 1.83667538067e-07, 9.50609972961e-08, 4.66636969065e-08, 2.05798151853e-08], "dmean": [0.000151714761159, 0.000187895144336, 0.000203520918149, 0.000186823774129, 0.000357180193532, 0.00036290922435, 0.000306977482978, 0.000215270702029, 0.00025237275986, 9.16521094041e-05, 6.10304705333e-05, 8.54673126014e-05, 2.54494425462e-05, 1.95929969777e-05, 1.80683709914e-05, 1.17991930892e-05, 6.71657335261e-06, 9.38737139222e-06, 4.21887216362e-06, 3.67222355635e-06, 2.23025290325e-06, 1.06642437459e-06, 1.10598386982e-06, 1.27355644963e-06, 7.40274003874e-07, 4.51445771432e-07, 3.98747147301e-07, 3.47587160832e-07, 1.9910172e-07, 1.46627527897e-07, 1.4625680933e-07, 1.84891604249e-07, 1.80729799126e-07, 1.27916976567e-07, 1.49243973624e-07, 1.4674063209e-07, 1.26332096784e-07, 6.81265177604e-08, 3.36878116514e-08, 1.46394842915e-08], "var": [6.40548080355e-07, 6.87321687565e-07, 6.48740410725e-07, 2.31390913541e-07, 1.03417198716e-06, 1.7028696675e-06, 9.38953803598e-07, 1.47304751863e-06, 2.99587190966e-06, 2.23946429401e-07, 6.59422596527e-08, 1.24549458747e-07, 1.00605195286e-08, 1.48876999617e-08, 2.03181969027e-08, 6.35326768972e-09, 1.15106890686e-09, 4.49585346729e-09, 4.6241194207e-10, 5.92481619321e-10, 2.89048535107e-10, 3.57689884656e-11, 3.44341152814e-11, 5.50469635152e-11, 1.3845475981e-11, 5.53610109144e-12, 4.6704406835e-12, 3.43707614453e-12, 1.66698588527e-12, 9.68477685201e-13, 9.50111083559e-13, 1.58305172356e-12, 1.33107793451e-12, 1.34382554997e-12, 2.80072774868e-12, 4.05694054739e-12, 3.07054078344e-12, 4.32684107727e-13, 1.12136645455e-13, 1.68759507101e-14], "dvar": [1.88873968909e-07, 2.04194307685e-07, 1.64350197451e-07, 9.87439889855e-08, 3.90896161662e-07, 7.46962257381e-07, 3.82583522196e-07, 3.48049212562e-07, 5.95138999415e-07, 6.36779233787e-08, 2.89567960721e-08, 5.47538725471e-08, 4.49264181412e-09, 4.46020953504e-09, 4.91447327278e-09, 2.12584638781e-09, 4.36494895784e-10, 1.35853650551e-09, 1.99916125321e-10, 2.48876946829e-10, 9.23270210285e-11, 1.04335316428e-11, 1.23836375182e-11, 2.10174759541e-11, 5.16781105755e-12, 3.06254305769e-12, 2.04664605576e-12, 1.28212317065e-12, 7.0952477834e-13, 6.22726154496e-13, 5.52619310989e-13, 6.61345598511e-13, 6.79902694475e-13, 8.48759051323e-13, 2.05951727027e-12, 2.87498952596e-12, 2.99361533826e-12, 2.40037888654e-13, 6.07227484441e-14, 1.27728273989e-14], "mean": [0.000347092340235, 0.000463136471808, 0.000488789577503, 0.000355323136318, 0.000709434621967, 0.000636860029772, 0.000575083773583, 0.000481230264995, 0.000596387544647, 0.000168583515915, 0.000111464119982, 0.000141804601299, 4.31983680755e-05, 3.85941020795e-05, 3.31950250256e-05, 2.12648010347e-05, 1.23505087686e-05, 1.70144576259e-05, 7.19161789675e-06, 6.37498078504e-06, 4.09298036175e-06, 2.25907706408e-06, 2.1707464839e-06, 2.36242203755e-06, 1.42114902246e-06, 8.59117335494e-07, 8.07838034689e-07, 7.14979364602e-07, 4.07837006833e-07, 2.81340135189e-07, 2.66587022679e-07, 3.51055518877e-07, 3.23227737908e-07, 2.09034951126e-07, 2.35629940448e-07, 2.26802185921e-07, 1.75896403221e-07, 1.07575871766e-07, 5.62216477817e-08, 2.15835829209e-08]}, "spectral_entropy": {"min": 4.30432462692, "max": 9.81745243073, "dvar2": 0.074516646564, "median": 6.53935575485, "dmean2": 0.270768731833, "dmean": 0.187838867307, "var": 0.401347488165, "dvar": 0.0388622693717, "mean": 6.49135780334}, "spectral_rolloff": {"min": 43.06640625, "max": 19422.9492188, "dvar2": 399217.53125, "median": 581.396484375, "dmean2": 215.123703003, "dmean": 124.769554138, "var": 1913983.75, "dvar": 190640.3125, "mean": 744.236450195}, "barkbands": {"min": [3.7896621507e-25, 1.16529300324e-24, 1.60188807124e-24, 1.41442178521e-24, 8.6598428605e-24, 1.2054496718e-23, 1.6348312379e-23, 8.14253785557e-24, 1.30631689813e-23, 2.41773718992e-23, 1.85602957122e-23, 2.48257019674e-23, 4.43032330753e-23, 3.28613767804e-23, 4.94324287692e-23, 5.48083706879e-23, 5.16379166217e-23, 1.30930563966e-22, 1.12322332332e-22, 1.416158427e-22, 2.29703471877e-22, 3.94771720149e-22, 4.28867146753e-22, 6.32392301045e-22, 8.73673070324e-22, 1.4963392339e-21, 1.95471038436e-21], "max": [0.0370418652892, 0.0310339964926, 0.0166173372418, 0.0235007293522, 0.0267090480775, 0.0892305597663, 0.0743259266019, 0.0973526909947, 0.0843584388494, 0.0460413955152, 0.010955972597, 0.0229773055762, 0.0422049798071, 0.0106741739437, 0.0101567991078, 0.00822921283543, 0.002363786567, 0.00296695297584, 0.00146228203084, 0.00134764891118, 0.00115606375039, 0.00155804445967, 0.00627417955548, 0.00621660938486, 0.000619863334578, 8.88705835678e-05, 9.248621609e-06], "dvar2": [5.87380782235e-07, 6.8096051109e-06, 1.72301304247e-06, 3.05160710923e-06, 5.34436458111e-06, 4.52102358395e-05, 1.88473804883e-05, 3.69020781363e-05, 7.29061684979e-06, 6.70751842335e-06, 4.39169639321e-07, 7.63125797221e-07, 6.48920661206e-07, 1.64851002182e-07, 2.94690295277e-07, 6.55470131505e-08, 7.62736629412e-09, 1.15965947955e-08, 3.94163635065e-09, 2.73965317099e-09, 1.91499438529e-09, 3.02102609595e-09, 1.54598875923e-08, 1.13635376664e-08, 2.15172796247e-10, 4.58744110407e-12, 1.15855364039e-13], "median": [1.94580070456e-06, 0.000186455261428, 0.000225379131734, 0.000328848371282, 0.0012280496303, 0.00114009121899, 0.000985764083453, 0.000380954646971, 0.000307722599246, 0.000267800642177, 5.83714645472e-05, 8.00141351647e-05, 4.71241000923e-05, 3.7023670302e-05, 2.57160809269e-05, 1.61506613949e-05, 1.47077189467e-05, 1.18514135465e-05, 7.36602351026e-06, 4.95403946843e-06, 2.62182402366e-06, 1.62739002008e-06, 9.49933280481e-07, 4.93719710448e-07, 1.11507702627e-07, 2.66234536639e-08, 1.46679193236e-08], "dmean2": [4.37793496531e-05, 0.00100113940425, 0.000563297129702, 0.000881411018781, 0.00153937085997, 0.00311601464637, 0.00208430667408, 0.00205180724151, 0.00094742688816, 0.000983818783425, 0.000257025356404, 0.000262142450083, 0.000204314885195, 0.000126944170916, 0.000136553222546, 6.69227665639e-05, 3.10548093694e-05, 3.38027311955e-05, 1.87738369277e-05, 1.57600316015e-05, 9.00038230611e-06, 1.16846458695e-05, 1.19854767036e-05, 9.9026647149e-06, 1.73471835296e-06, 2.21749857587e-07, 4.30351150271e-08], "dmean": [2.6556863304e-05, 0.000603663153015, 0.000354271091055, 0.000533125770744, 0.00096672354266, 0.00200800597668, 0.00141383614391, 0.00141278537922, 0.000656712334603, 0.000633133924566, 0.000175076114829, 0.000179562295671, 0.000138795090606, 8.20627610665e-05, 8.60586369527e-05, 4.57088863186e-05, 2.09528643609e-05, 2.25826515816e-05, 1.26819941215e-05, 1.03467937151e-05, 6.12786834608e-06, 8.54996778799e-06, 8.5091269284e-06, 7.11441771273e-06, 1.23935888041e-06, 1.46636651266e-07, 2.48015830095e-08], "var": [2.42822522978e-07, 1.04549462776e-05, 1.73069599896e-06, 4.75675187772e-06, 5.25211817148e-06, 4.36815826106e-05, 2.28909357247e-05, 8.37839324959e-05, 1.1733750398e-05, 6.08020536674e-06, 4.60313060557e-07, 1.27479938783e-06, 1.31328033603e-06, 1.70118596543e-07, 2.73775413007e-07, 9.6932964766e-08, 1.21096537242e-08, 1.46569671955e-08, 4.61936133789e-09, 3.31917426877e-09, 1.5552621413e-09, 3.2884903689e-09, 9.97780968959e-09, 7.4526065319e-09, 1.32300698175e-10, 2.05252806938e-12, 5.49835344084e-14], "dvar": [2.16282089127e-07, 2.7063822472e-06, 6.88089187406e-07, 1.18583614039e-06, 2.1285859475e-06, 1.84238670045e-05, 8.27412350191e-06, 1.76435987669e-05, 3.66836593457e-06, 2.55249369729e-06, 2.091749991e-07, 4.04960331934e-07, 3.88934665807e-07, 7.47073798379e-08, 1.14418881481e-07, 3.39353078971e-08, 3.89936882783e-09, 5.51874901333e-09, 1.89249949045e-09, 1.181087117e-09, 8.2974477289e-10, 1.48797874022e-09, 7.172891614e-09, 5.58917578886e-09, 9.90136792001e-11, 1.97397003257e-12, 4.49733363072e-14], "mean": [3.40249571309e-05, 0.00143297656905, 0.000713088084012, 0.00118786084931, 0.00199858937413, 0.00359127344564, 0.00271282694302, 0.00330209312961, 0.00118508946616, 0.00107074761763, 0.000279766099993, 0.000344941683579, 0.000244483613642, 0.000138886098284, 0.000141240117955, 8.28959236969e-05, 4.3063188059e-05, 4.45455734734e-05, 2.52166719292e-05, 2.2529544367e-05, 1.23178378999e-05, 1.65714573086e-05, 1.3834780475e-05, 1.11658191599e-05, 1.90983405446e-06, 1.98525981432e-07, 3.61034651064e-08]}, "melbands_flatness_db": {"min": 2.37288432459e-07, "max": 0.691661417484, "dvar2": 0.00108140218072, "median": 0.302498310804, "dmean2": 0.0321376472712, "dmean": 0.0225228071213, "var": 0.00746728666127, "dvar": 0.000573112163693, "mean": 0.314243376255}, "melbands_skewness": {"min": -1.63122260571, "max": 16.2975234985, "dvar2": 0.596834003925, "median": 1.52763533592, "dmean2": 0.766693472862, "dmean": 0.504123449326, "var": 1.39431023598, "dvar": 0.2613542974, "mean": 1.69393420219}, "barkbands_skewness": {"min": -2.10094070435, "max": 9.62312793732, "dvar2": 0.498051762581, "median": 1.39301395416, "dmean2": 0.705837965012, "dmean": 0.462530791759, "var": 1.13286554813, "dvar": 0.205992788076, "mean": 1.48857784271}, "silence_rate_60dB": {"min": 0, "max": 1, "dvar2": 0.067356839776, "median": 0, "dmean2": 0.0676120221615, "dmean": 0.033802177757, "var": 0.141487777233, "dvar": 0.0326599739492, "mean": 0.170579567552}, "spectral_energyband_low": {"min": 1.17624122904e-23, "max": 0.0489232204854, "dvar2": 1.44033774632e-05, "median": 0.000939829857089, "dmean2": 0.00166617229115, "dmean": 0.00103936006781, "var": 2.03369072551e-05, "dvar": 5.83502287554e-06, "mean": 0.00290565891191}, "spectral_energyband_middle_low": {"min": 1.92948435441e-22, "max": 0.13195207715, "dvar2": 0.000101993071439, "median": 0.00889297947288, "dmean2": 0.00674514425918, "dmean": 0.00455157691613, "var": 0.000252898782492, "dvar": 4.63454052806e-05, "mean": 0.0141614442691}, "melbands_kurtosis": {"min": -1.37976551056, "max": 454.920257568, "dvar2": 156.09588623, "median": 5.19114685059, "dmean2": 6.04647159576, "dmean": 3.90249657631, "var": 148.82850647, "dvar": 63.4413337708, "mean": 8.48971176147}, "spectral_decrease": {"min": -3.54353097975e-08, "max": 3.80807411223e-28, "dvar2": 7.51326826893e-18, "median": -3.22874771364e-09, "dmean2": 1.94031346545e-09, "dmean": 1.32285726817e-09, "var": 2.2606167853e-17, "dvar": 3.50126362703e-18, "mean": -4.71786520961e-09}, "erbbands_kurtosis": {"min": -1.88452029228, "max": 55.7110443115, "dvar2": 11.4673852921, "median": 1.88068532944, "dmean2": 2.59796977043, "dmean": 1.71038711071, "var": 17.4046440125, "dvar": 4.8642539978, "mean": 3.09791207314}, "melbands_crest": {"min": 1.00229990482, "max": 34.70154953, "dvar2": 18.9031791687, "median": 13.8968458176, "dmean2": 4.80870723724, "dmean": 3.03191184998, "var": 25.6940441132, "dvar": 7.32893896103, "mean": 14.6544675827}, "gfcc": {"cov": [[20834.4101562, 28.5158882141, -4166.15332031, 791.312133789, -1392.6751709, 345.768951416, -182.994430542, -97.7874679565, 72.0902938843, -322.207977295, 239.065216064, -202.222061157, 258.4921875], [28.5158882141, 1165.56970215, 240.295944214, -337.828094482, 382.538269043, -204.353759766, 157.361679077, -31.6637783051, 9.58607673645, -16.7020587921, 13.5029859543, -9.79007148743, -0.775598227978], [-4166.15332031, 240.295944214, 1568.82434082, -16.540266037, 312.494812012, 84.0261077881, 24.6735916138, 98.6915969849, -6.57609128952, 99.0100631714, -61.4945411682, 74.9657211304, -65.8786392212], [791.312133789, -337.828094482, -16.540266037, 504.397735596, -73.212928772, 135.899261475, -33.9522743225, 29.8886184692, 55.5023536682, -4.26593112946, 3.18598031998, 12.3900470734, 28.7781009674], [-1392.6751709, 382.538269043, 312.494812012, -73.212928772, 432.181762695, -49.7253837585, 112.242935181, 22.8688011169, 0.088277220726, 21.1926631927, -29.0331859589, 18.7803783417, -1.36192429066], [345.768951416, -204.353759766, 84.0261077881, 135.899261475, -49.7253837585, 258.481628418, 28.9542713165, 42.4577178955, -17.9263076782, 9.68507385254, -1.09941017628, -3.16094732285, -11.8792486191], [-182.994430542, 157.361679077, 24.6735916138, -33.9522743225, 112.242935181, 28.9542713165, 167.928390503, 26.6339511871, 6.803855896, 2.34988164902, 27.0107212067, -1.19770109653, -9.72267436981], [-97.7874679565, -31.6637783051, 98.6915969849, 29.8886184692, 22.8688011169, 42.4577178955, 26.6339511871, 112.152259827, 37.7365112305, 16.9371299744, 0.565632462502, 6.5749464035, -1.01578867435], [72.0902938843, 9.58607673645, -6.57609128952, 55.5023536682, 0.088277220726, -17.9263076782, 6.803855896, 37.7365112305, 131.58996582, 31.0118293762, 19.7776374817, -2.17162060738, 15.7863893509], [-322.207977295, -16.7020587921, 99.0100631714, -4.26593112946, 21.1926631927, 9.68507385254, 2.34988164902, 16.9371299744, 31.0118293762, 87.2319641113, 24.3263759613, 11.4014415741, -2.45287871361], [239.065216064, 13.5029859543, -61.4945411682, 3.18598031998, -29.0331859589, -1.09941017628, 27.0107212067, 0.565632462502, 19.7776374817, 24.3263759613, 104.784629822, 17.6532878876, 12.251832962], [-202.222061157, -9.79007148743, 74.9657211304, 12.3900470734, 18.7803783417, -3.16094732285, -1.19770109653, 6.5749464035, -2.17162060738, 11.4014415741, 17.6532878876, 85.150642395, 29.1061306], [258.4921875, -0.775598227978, -65.8786392212, 28.7781009674, -1.36192429066, -11.8792486191, -9.72267436981, -1.01578867435, 15.7863893509, -2.45287871361, 12.251832962, 29.1061306, 88.3110046387]], "icov": [[0.00038834483712, -0.00114932563156, 0.00109959871043, -0.000835462415125, 0.00108945393004, -0.00105793820694, 0.000719921372365, -0.000809142191429, 0.000381418329198, -0.000217026332393, 6.86743660481e-05, -0.000194537977222, -0.000129443084006], [-0.00114932563156, 0.00524057867005, -0.00351997162215, 0.00331676914357, -0.0043659270741, 0.00389274931513, -0.00302079925314, 0.00308903842233, -0.00177141430322, 0.00174214271829, -0.00089946720982, 0.00124336301815, -5.72115131945e-05], [0.00109959871043, -0.00351997162215, 0.00413843616843, -0.00244549079798, 0.00252410024405, -0.00347978342324, 0.00264366692863, -0.00294343964197, 0.00128301652148, -0.00159821042325, 0.000776068482082, -0.00162762019318, 0.000617685494944], [-0.000835462415125, 0.00331676914357, -0.00244549079798, 0.00491248071194, -0.00290299346671, 0.000877220241819, -0.00107537978329, 0.00218592351303, -0.00272387522273, 0.00184946728405, -0.000544569105841, 0.000272789329756, -0.000446645921329], [0.00108945393004, -0.0043659270741, 0.00252410024405, -0.00290299346671, 0.00773136457428, -0.00206315540709, -0.000566278933547, -0.00263502425514, 0.00181519484613, -0.00213262508623, 0.00238530500792, -0.00112378189806, -0.000993511755951], [-0.00105793820694, 0.00389274931513, -0.00347978342324, 0.000877220241819, -0.00206315540709, 0.00915144011378, -0.00443412223831, 0.000597004836891, 0.00111011788249, -0.000290140364086, 7.96022577561e-05, 0.00152340950444, 0.000247362884693], [0.000719921372365, -0.00302079925314, 0.00264366692863, -0.00107537978329, -0.000566278933547, -0.00443412223831, 0.0111740101129, -0.00329762627371, 0.000280431500869, 0.000835724640638, -0.00307468045503, -0.000344407075318, 0.00128903135192], [-0.000809142191429, 0.00308903842233, -0.00294343964197, 0.00218592351303, -0.00263502425514, 0.000597004836891, -0.00329762627371, 0.0137021867558, -0.00477305380628, 0.000646620290354, 0.000462957454147, -0.000160570489243, 0.000181553565199], [0.000381418329198, -0.00177141430322, 0.00128301652148, -0.00272387522273, 0.00181519484613, 0.00111011788249, 0.000280431500869, -0.00477305380628, 0.0115948347375, -0.00438590813428, -0.000568754039705, 0.00158935890067, -0.00177338102367], [-0.000217026332393, 0.00174214271829, -0.00159821042325, 0.00184946728405, -0.00213262508623, -0.000290140364086, 0.000835724640638, 0.000646620290354, -0.00438590813428, 0.0161942578852, -0.00450274534523, -0.000401190947741, 0.000873890181538], [6.86743660481e-05, -0.00089946720982, 0.000776068482082, -0.000544569105841, 0.00238530500792, 7.96022577561e-05, -0.00307468045503, 0.000462957454147, -0.000568754039705, -0.00450274534523, 0.013166770339, -0.00309335137717, -0.000568771094549], [-0.000194537977222, 0.00124336301815, -0.00162762019318, 0.000272789329756, -0.00112378189806, 0.00152340950444, -0.000344407075318, -0.000160570489243, 0.00158935890067, -0.000401190947741, -0.00309335137717, 0.0157959070057, -0.00564712053165], [-0.000129443084006, -5.72115131945e-05, 0.000617685494944, -0.000446645921329, -0.000993511755951, 0.000247362884693, 0.00128903135192, 0.000181553565199, -0.00177338102367, 0.000873890181538, -0.000568771094549, -0.00564712053165, 0.0147516988218]], "mean": [-129.968765259, 168.291748047, -115.043624878, 3.58632612228, -66.9620056152, -7.71935081482, -30.9163837433, -7.15308141708, -12.2960720062, -10.3763217926, -4.35282802582, -9.11852741241, -5.50980091095]}, "melbands_spread": {"min": 0.524777889252, "max": 189.20954895, "dvar2": 28.2412414551, "median": 7.73201847076, "dmean2": 3.30779671669, "dmean": 2.18011426926, "var": 113.021095276, "dvar": 13.9333763123, "mean": 9.32159328461}, "spectral_energy": {"min": 1.00616714903e-20, "max": 0.141006961465, "dvar2": 0.000115998154797, "median": 0.0127179259434, "dmean2": 0.00761381303892, "dmean": 0.00520450668409, "var": 0.000357313925633, "dvar": 5.4221796745e-05, "mean": 0.018652126193}, "mfcc": {"cov": [[10994.5917969, 115.307853699, -1830.17114258, 15.1001567841, -714.060424805, -7.27856206894, -349.449645996, 127.560951233, -230.954299927, 224.649337769, -106.934234619, -40.7832946777, -106.181503296], [115.307853699, 1801.58032227, -140.587738037, -13.6493787766, 50.0372085571, -87.2792282104, 118.379768372, -13.3793268204, 40.2080993652, -21.4599533081, 25.80443573, -2.44397735596, 30.7528915405], [-1830.17114258, -140.587738037, 1065.32299805, 43.8264579773, 197.317108154, 99.9451522827, 62.8797149658, 42.756187439, 59.8239555359, -21.0153541565, 39.4569816589, 54.991443634, 22.1573505402], [15.1001567841, -13.6493787766, 43.8264579773, 296.67098999, 101.754508972, 37.1449127197, -9.69918441772, 26.5707683563, 38.6538696289, 9.51770496368, -13.4598140717, 28.0812740326, 28.8141784668], [-714.060424805, 50.0372085571, 197.317108154, 101.754508972, 240.3097229, 47.2818069458, 41.2203903198, 17.4662494659, 73.824760437, -5.0163564682, 7.95626926422, 16.4759788513, 17.1497364044], [-7.27856206894, -87.2792282104, 99.9451522827, 37.1449127197, 47.2818069458, 157.927398682, 57.2991676331, 31.0925807953, 19.2803668976, 10.3688840866, 17.9819755554, -2.18298792839, -1.02495872974], [-349.449645996, 118.379768372, 62.8797149658, -9.69918441772, 41.2203903198, 57.2991676331, 179.284637451, 43.4142799377, 9.31849098206, 6.26280736923, 24.8681755066, -2.30658864975, 3.42171001434], [127.560951233, -13.3793268204, 42.756187439, 26.5707683563, 17.4662494659, 31.0925807953, 43.4142799377, 117.559310913, 29.2594871521, 10.8967618942, 13.2924556732, 15.0296726227, 6.34454298019], [-230.954299927, 40.2080993652, 59.8239555359, 38.6538696289, 73.824760437, 19.2803668976, 9.31849098206, 29.2594871521, 117.892700195, 18.6762924194, 8.32583904266, 3.50579118729, 8.20757579803], [224.649337769, -21.4599533081, -21.0153541565, 9.51770496368, -5.0163564682, 10.3688840866, 6.26280736923, 10.8967618942, 18.6762924194, 93.352722168, 26.5278682709, 4.71362638474, 1.73003149033], [-106.934234619, 25.80443573, 39.4569816589, -13.4598140717, 7.95626926422, 17.9819755554, 24.8681755066, 13.2924556732, 8.32583904266, 26.5278682709, 99.2567367554, 28.5169010162, 6.35490226746], [-40.7832946777, -2.44397735596, 54.991443634, 28.0812740326, 16.4759788513, -2.18298792839, -2.30658864975, 15.0296726227, 3.50579118729, 4.71362638474, 28.5169010162, 84.9012908936, 31.8052825928], [-106.181503296, 30.7528915405, 22.1573505402, 28.8141784668, 17.1497364044, -1.02495872974, 3.42171001434, 6.34454298019, 8.20757579803, 1.73003149033, 6.35490226746, 31.8052825928, 66.4303359985]], "icov": [[0.000197936562472, -7.3991373938e-05, 0.000270318880212, -8.24694143375e-05, 0.000342570361681, -0.000392457994167, 0.000452497071819, -0.000458472612081, 0.000272590114037, -0.00045842374675, 0.000248050549999, -0.000211191276321, 0.000277871149592], [-7.3991373938e-05, 0.000683983322233, 1.58267685038e-05, 1.24179377963e-05, -0.000252797850408, 0.000711126660462, -0.000801899004728, 0.000389853375964, -0.000404455960961, 0.000426322716521, -0.000333765899995, 0.000197140107048, -0.000388854765333], [0.000270318880212, 1.58267685038e-05, 0.00159083399922, 0.000144577541505, -0.000476684450405, -0.000966230640188, 0.000518354645465, -0.000738007598557, 0.000295765581541, -0.000227959462791, 0.000133375564474, -0.000922935607377, 0.000381880090572], [-8.24694143375e-05, 1.24179377963e-05, 0.000144577541505, 0.00454791402444, -0.00208521261811, -0.000808941374999, 0.00078322464833, -0.000623825704679, -9.27147484617e-05, -0.000473032036098, 0.00117692665663, -0.00103470019531, -0.00120679568499], [0.000342570361681, -0.000252797850408, -0.000476684450405, -0.00208521261811, 0.00777973467484, -0.00123593362514, -0.000503868912347, 0.00036672555143, -0.00311722629704, 0.00031887559453, 0.000343704858096, -0.000587474845815, 0.000316702644341], [-0.000392457994167, 0.000711126660462, -0.000966230640188, -0.000808941374999, -0.00123593362514, 0.00935557484627, -0.003394957399, 0.000122239434859, -0.000789820216596, 0.000633851974271, -0.00168458931148, 0.00174958235584, -0.00025216647191], [0.000452497071819, -0.000801899004728, 0.000518354645465, 0.00078322464833, -0.000503868912347, -0.003394957399, 0.00896057952195, -0.00367140909657, 0.00193582440261, -0.00133972149342, -0.000492734834552, 0.000629527959973, 9.01234670891e-05], [-0.000458472612081, 0.000389853375964, -0.000738007598557, -0.000623825704679, 0.00036672555143, 0.000122239434859, -0.00367140909657, 0.0117415804416, -0.00336042023264, 0.000901014485862, -0.000642386556137, -0.00134490220807, -0.000324552267557], [0.000272590114037, -0.000404455960961, 0.000295765581541, -9.27147484617e-05, -0.00311722629704, -0.000789820216596, 0.00193582440261, -0.00336042023264, 0.0122595764697, -0.0030304423999, 0.000165759280208, 0.000913157535251, -0.000310525967507], [-0.00045842374675, 0.000426322716521, -0.000227959462791, -0.000473032036098, 0.00031887559453, 0.000633851974271, -0.00133972149342, 0.000901014485862, -0.0030304423999, 0.0135775087401, -0.00408239522949, 0.000877075770404, -0.000747045327444], [0.000248050549999, -0.000333765899995, 0.000133375564474, 0.00117692665663, 0.000343704858096, -0.00168458931148, -0.000492734834552, -0.000642386556137, 0.000165759280208, -0.00408239522949, 0.0135010061786, -0.00515095284209, 0.0012284736149], [-0.000211191276321, 0.000197140107048, -0.000922935607377, -0.00103470019531, -0.000587474845815, 0.00174958235584, 0.000629527959973, -0.00134490220807, 0.000913157535251, 0.000877075770404, -0.00515095284209, 0.0174510106444, -0.0073955534026], [0.000277871149592, -0.000388854765333, 0.000381880090572, -0.00120679568499, 0.000316702644341, -0.00025216647191, 9.01234670891e-05, -0.000324552267557, -0.000310525967507, -0.000747045327444, 0.0012284736149, -0.0073955534026, 0.0194954220206]], "mean": [-759.573547363, 188.490142822, 5.42961072922, 10.8560714722, -12.0241317749, -5.80500745773, -10.9884567261, -1.80930733681, -9.18194389343, -0.11586381495, -3.01792430878, -1.17618906498, -3.15184235573]}, "spectral_contrast_valleys": {"min": [-27.9971942902, -27.9015312195, -27.5994758606, -27.6645050049, -27.571346283, -27.3457565308], "max": [-5.47281455994, -4.61982679367, -5.15337753296, -5.73386001587, -6.18966197968, -7.83760309219], "dvar2": [0.318606048822, 0.194639399648, 0.184037968516, 0.179783627391, 0.162350788713, 0.135854646564], "median": [-7.89298915863, -6.63105821609, -7.78281641006, -8.72042560577, -9.17410564423, -12.3932104111], "dmean2": [0.676304757595, 0.508552193642, 0.472589612007, 0.447079479694, 0.384229242802, 0.34135556221], "dmean": [0.41158208251, 0.324789941311, 0.315313398838, 0.30099272728, 0.267652899027, 0.252857893705], "var": [3.06331253052, 3.62535834312, 3.7183008194, 3.64946269989, 3.71952581406, 2.8311445713], "dvar": [0.137058109045, 0.0970279499888, 0.102492175996, 0.107350498438, 0.101495884359, 0.0926758721471], "mean": [-8.05648422241, -6.94726133347, -8.14772701263, -9.15232276917, -9.6261920929, -12.4433231354]}, "barkbands_flatness_db": {"min": 0.0413104370236, "max": 0.571701943874, "dvar2": 0.000806165975519, "median": 0.230014517903, "dmean2": 0.0293225049973, "dmean": 0.0202119238675, "var": 0.00392315536737, "dvar": 0.000402571429731, "mean": 0.237107098103}, "dynamic_complexity": 4.96469640732, "erbbands_flatness_db": {"min": 0.0688267052174, "ma