{"lowlevel": {"spectral_complexity": {"min": 0, "max": 57, "dvar2": 22.6772842407, "median": 16, "dmean2": 4.43121433258, "dmean": 2.85021471977, "var": 177.205200195, "dvar": 10.8303146362, "mean": 18.1884918213}, "silence_rate_20dB": {"min": 1, "max": 1, "dvar2": 0, "median": 1, "dmean2": 0, "dmean": 0, "var": 0, "dvar": 0, "mean": 1}, "average_loudness": 0.771729052067, "erbbands_spread": {"min": 0.646310329437, "max": 164.444778442, "dvar2": 210.088546753, "median": 40.4103736877, "dmean2": 11.6107769012, "dmean": 7.5956287384, "var": 463.403076172, "dvar": 97.2783279419, "mean": 42.2344322205}, "spectral_kurtosis": {"min": -1.27854204178, "max": 102.710510254, "dvar2": 25.9052238464, "median": 3.59879827499, "dmean2": 2.84650754929, "dmean": 1.72633445263, "var": 51.1161880493, "dvar": 10.2860279083, "mean": 5.59404420853}, "barkbands_kurtosis": {"min": -1.93381237984, "max": 334.766662598, "dvar2": 126.164703369, "median": 2.71421313286, "dmean2": 5.39092350006, "dmean": 3.50219678879, "var": 202.970016479, "dvar": 58.537979126, "mean": 7.06212806702}, "spectral_strongpeak": {"min": 0, "max": 17.6012001038, "dvar2": 1.42263495922, "median": 0.323586463928, "dmean2": 0.623281300068, "dmean": 0.361995369196, "var": 0.838626742363, "dvar": 0.547649979591, "mean": 0.612493216991}, "spectral_spread": {"min": 990633.25, "max": 41019812, "dvar2": 985203998720, "median": 4272454.5, "dmean2": 682343.875, "dmean": 476181.96875, "var": 3505102520320.0, "dvar": 578667675648, "mean": 4661169}, "spectral_rms": {"min": 3.23506130738e-12, "max": 0.0111592998728, "dvar2": 1.85715600765e-06, "median": 0.0041147172451, "dmean2": 0.000926560140215, "dmean": 0.000593471340835, "var": 4.33752802564e-06, "dvar": 7.8210035781e-07, "mean": 0.00399481970817}, "erbbands": {"min": [1.20411981008e-22, 8.92221525234e-22, 1.20425978051e-20, 3.61266059589e-20, 3.43118589367e-20, 2.60712026235e-19, 3.87912991551e-19, 1.00296828004e-18, 1.01441118645e-18, 4.70343426598e-19, 4.31322990658e-19, 1.34199518174e-18, 1.10734161954e-18, 3.36865023803e-18, 2.51684528582e-18, 3.65480365157e-18, 3.06756807558e-18, 4.77332141176e-18, 8.18250536096e-18, 1.09041835207e-17, 4.23069175711e-18, 8.21919164831e-18, 6.93779375369e-18, 7.71077335661e-18, 2.05449810046e-17, 1.53285947734e-17, 1.72586486792e-17, 1.25162286672e-17, 1.1524948656e-17, 1.91790444242e-17, 1.62449487647e-17, 1.21265438806e-17, 1.34080038138e-17, 1.46613032102e-17, 1.24522230858e-17, 7.93534544829e-18, 2.64738720778e-18, 1.47890029396e-18, 4.02676898865e-19, 3.94883164359e-20], "max": [1.44155991077, 18.2700843811, 58.9424591064, 83.0128173828, 314.111236572, 231.337005615, 496.035095215, 386.203552246, 610.905517578, 634.384155273, 567.025268555, 618.515075684, 1060.94628906, 1004.20080566, 596.629272461, 608.853820801, 777.51385498, 719.206787109, 875.477172852, 828.880065918, 581.705383301, 631.640686035, 590.379394531, 1159.66906738, 1326.6907959, 322.553924561, 493.524841309, 180.190490723, 225.739562988, 249.026916504, 219.623413086, 181.440231323, 104.922767639, 61.3476982117, 29.4579524994, 13.837395668, 5.03122520447, 0.667843818665, 0.102986812592, 0.00432785414159], "dvar2": [0.0264440923929, 6.66037225723, 60.8338470459, 58.6763916016, 1198.89770508, 613.112670898, 406.95791626, 518.763061523, 761.153076172, 1428.43811035, 2340.00195312, 1151.73254395, 2446.19262695, 4095.14770508, 1152.58129883, 1415.11486816, 1033.20996094, 704.830688477, 1357.86914062, 639.956176758, 886.618225098, 1634.3260498, 1104.99023438, 2139.20288086, 951.199462891, 194.034957886, 157.547729492, 74.0259017944, 114.272186279, 119.78237915, 137.884979248, 51.8190956116, 15.4318389893, 7.46253061295, 1.53130400181, 0.288124769926, 0.030848486349, 0.00103805854451, 1.65344263223e-05, 7.47345225705e-08], "median": [0.0228696316481, 0.462453275919, 1.46234440804, 2.41300749779, 3.69251871109, 5.06911277771, 6.81914615631, 6.9591178894, 8.10646438599, 8.1640291214, 10.2229499817, 7.33029699326, 8.76670646667, 8.75840187073, 5.15439319611, 5.8141374588, 4.36308288574, 4.92544031143, 5.02175807953, 4.4914264679, 6.23729848862, 6.68395185471, 7.30630540848, 10.4750442505, 9.30992221832, 4.85161018372, 3.47847390175, 3.06313371658, 2.38774394989, 1.49678039551, 0.972046375275, 0.524278640747, 0.297326177359, 0.174837708473, 0.0743184313178, 0.0325915291905, 0.0100214406848, 0.00156051083468, 0.000169786595507, 3.92200126953e-05], "dmean2": [0.0629143640399, 1.01304888725, 3.32362747192, 4.47531795502, 11.5690288544, 10.5079803467, 11.1042871475, 12.2286634445, 14.0284490585, 16.788187027, 23.2648544312, 15.1853818893, 20.6471385956, 25.6251411438, 14.8098573685, 16.1177520752, 12.7889213562, 11.3376083374, 13.1748895645, 10.3296642303, 13.2947015762, 15.4444503784, 13.9964122772, 19.4384059906, 14.1006736755, 7.01520776749, 5.22573471069, 4.45336484909, 4.27549743652, 3.50388789177, 3.08152794838, 1.75528538227, 1.01301753521, 0.678988099098, 0.302070170641, 0.135597646236, 0.0464929044247, 0.0106377117336, 0.0013025875669, 9.12042814889e-05], "dmean": [0.0379547849298, 0.598936140537, 1.95587658882, 2.66170883179, 6.82359075546, 6.24888277054, 6.94109487534, 7.43596839905, 8.74511623383, 10.3967494965, 14.6020393372, 9.5880947113, 13.0590209961, 16.3076171875, 9.31179523468, 10.0596761703, 7.82393789291, 7.08580112457, 8.20597553253, 6.50279664993, 8.31058692932, 9.65260028839, 8.80790901184, 12.3320064545, 8.84686183929, 4.38738107681, 3.21923160553, 2.80205154419, 2.74389314651, 2.2579433918, 2.04652118683, 1.18239021301, 0.687886893749, 0.464136183262, 0.2094976753, 0.0969094485044, 0.0328681543469, 0.00712017854676, 0.000870591960847, 5.92608485022e-05], "var": [0.0119406729937, 2.29347443581, 27.6436767578, 41.0822296143, 415.628051758, 233.101119995, 471.725097656, 424.62310791, 632.264648438, 909.685119629, 1862.00024414, 921.311828613, 2266.46557617, 3059.66967773, 1131.80603027, 1263.48168945, 931.527770996, 720.983764648, 2085.09277344, 843.730895996, 1033.58691406, 2131.58300781, 1431.52368164, 3000.03222656, 1447.05541992, 283.827331543, 149.087692261, 114.403312683, 133.643325806, 129.188613892, 153.423538208, 61.4324645996, 24.9530982971, 9.93729114532, 1.79145646095, 0.378859013319, 0.0349736958742, 0.00102392421104, 1.33940257001e-05, 4.15894056971e-08], "dvar": [0.0101610142738, 2.41045618057, 21.1720085144, 21.4288730621, 468.438659668, 230.440093994, 169.465652466, 198.106918335, 304.85269165, 550.414794922, 937.285644531, 473.694122314, 969.058410645, 1641.2421875, 461.575256348, 567.775878906, 405.485748291, 294.127075195, 547.895202637, 282.734344482, 371.973632812, 643.851074219, 442.871887207, 939.865966797, 440.040893555, 82.8723831177, 66.6356124878, 32.0743789673, 49.8501472473, 54.9952354431, 66.3593444824, 24.3620967865, 7.70029306412, 3.65612435341, 0.739995479584, 0.142971366644, 0.0148398047313, 0.000477587862406, 7.2360262493e-06, 3.01312290674e-08], "mean": [0.0573150590062, 0.894268095493, 3.21633148193, 4.70161151886, 8.35941982269, 9.23540115356, 13.4481287003, 13.5928001404, 15.9489526749, 17.9384403229, 25.7220592499, 17.7041435242, 24.5677623749, 27.7833023071, 17.2276554108, 17.9172744751, 14.1292982101, 13.8412036896, 16.5461063385, 13.3273668289, 17.6223125458, 22.0745429993, 20.5511207581, 27.8771305084, 21.2522544861, 11.0603284836, 7.65449237823, 7.24664735794, 6.41630315781, 4.88377285004, 4.11281061172, 2.41648840904, 1.45965266228, 0.940129935741, 0.407967299223, 0.184025421739, 0.0587639473379, 0.0118681807071, 0.00142273691017, 0.000104944061604]}, "zerocrossingrate": {"min": 0.00244140625, "max": 0.75390625, "dvar2": 0.000249586824793, "median": 0.05126953125, "dmean2": 0.0114901280031, "dmean": 0.0100348172709, "var": 0.00210157316178, "dvar": 0.000238098829868, "mean": 0.0597051903605}, "spectral_contrast_coeffs": {"min": [-0.962329268456, -0.983229517937, -0.988049268723, -0.972905755043, -0.971748054028, -0.960508882999], "max": [-0.283390671015, -0.455326139927, -0.424383461475, -0.550202608109, -0.575760602951, -0.588770806789], "dvar2": [0.00436608400196, 0.0033781749662, 0.00223740260117, 0.00128012441564, 0.000846143171657, 0.000569104449823], "median": [-0.64824795723, -0.735710561275, -0.77316826582, -0.80405819416, -0.792625665665, -0.752235889435], "dmean2": [0.0782099068165, 0.0706564560533, 0.0574633590877, 0.0434823855758, 0.0340250767767, 0.0260890126228], "dmean": [0.047601621598, 0.0429925844073, 0.0356961786747, 0.0267932172865, 0.0211357641965, 0.0167629308999], "var": [0.00711739715189, 0.00433239713311, 0.00510120438412, 0.00233046337962, 0.00201544561423, 0.00274707004428], "dvar": [0.00169625564013, 0.00127251376398, 0.000933520554099, 0.000516225642059, 0.000361013546353, 0.000264577218331], "mean": [-0.640014469624, -0.72868925333, -0.76232033968, -0.798908174038, -0.791089892387, -0.759222328663]}, "dissonance": {"min": 0.13825635612, "max": 0.500000059605, "dvar2": 0.00136239256244, "median": 0.471603155136, "dmean2": 0.0325464494526, "dmean": 0.0195279270411, "var": 0.00221833284013, "dvar": 0.00051602057647, "mean": 0.456204175949}, "spectral_energyband_high": {"min": 8.07185056052e-21, "max": 0.0166330318898, "dvar2": 1.00468662367e-06, "median": 0.000319089449476, "dmean2": 0.000397182884626, "dmean": 0.000274322897894, "var": 2.07359380511e-06, "dvar": 5.2454163324e-07, "mean": 0.000819419510663}, "spectral_skewness": {"min": -0.360473155975, "max": 8.26882171631, "dvar2": 0.209886446595, "median": 1.37296533585, "dmean2": 0.347221076488, "dmean": 0.221420973539, "var": 0.737279117107, "dvar": 0.0931260064244, "mean": 1.61191177368}, "spectral_flux": {"min": 1.035724978e-10, "max": 0.303346812725, "dvar2": 0.00166889128741, "median": 0.063617348671, "dmean2": 0.0299071352929, "dmean": 0.0187014583498, "var": 0.00228900182992, "dvar": 0.00074724847218, "mean": 0.0686674639583}, "silence_rate_30dB": {"min": 1, "max": 1, "dvar2": 0, "median": 1, "dmean2": 0, "dmean": 0, "var": 0, "dvar": 0, "mean": 1}, "spectral_energyband_middle_high": {"min": 1.34576964322e-21, "max": 0.0390146709979, "dvar2": 7.98175460659e-06, "median": 0.0020860764198, "dmean2": 0.00168152560946, "dmean": 0.0011247121729, "var": 2.93634693662e-05, "dvar": 3.42325961356e-06, "mean": 0.00425401469693}, "barkbands_spread": {"min": 0.385023802519, "max": 144.764480591, "dvar2": 125.085601807, "median": 19.6933860779, "dmean2": 7.91650152206, "dmean": 5.20469665527, "var": 281.493896484, "dvar": 64.401763916, "mean": 22.1692066193}, "spectral_centroid": {"min": 130.656646729, "max": 11578.1220703, "dvar2": 192430.46875, "median": 1213.59301758, "dmean2": 352.285247803, "dmean": 230.335266113, "var": 502540.40625, "dvar": 96547.015625, "mean": 1285.65600586}, "pitch_salience": {"min": 0.0705954581499, "max": 0.950402498245, "dvar2": 0.0121492771432, "median": 0.583352088928, "dmean2": 0.111201569438, "dmean": 0.0678243860602, "var": 0.0149586172774, "dvar": 0.0044774855487, "mean": 0.565297484398}, "erbbands_skewness": {"min": -5.04418849945, "max": 7.28985309601, "dvar2": 0.294054239988, "median": 0.418376296759, "dmean2": 0.507880032063, "dmean": 0.339685797691, "var": 0.927198886871, "dvar": 0.151510089636, "mean": 0.53134483099}, "erbbands_crest": {"min": 2.2761220932, "max": 33.9739456177, "dvar2": 14.1207666397, "median": 7.53411960602, "dmean2": 3.71781229973, "dmean": 2.31740117073, "var": 25.601108551, "dvar": 5.66927099228, "mean": 9.0012588501}, "melbands": {"min": [1.50917906689e-24, 4.98543447135e-24, 5.36977973171e-24, 9.74092861059e-24, 1.45669193046e-23, 2.29401256109e-23, 1.39672950865e-23, 5.02563482308e-24, 3.76858812605e-24, 8.37381846235e-24, 4.82572918665e-24, 1.28262985061e-23, 9.9843174434e-24, 6.15955926546e-24, 1.06953319768e-23, 6.30361670524e-24, 9.15345758359e-24, 1.09891179774e-23, 1.89534592542e-23, 8.70244292711e-24, 4.26575430093e-24, 8.89465519755e-24, 6.71707408845e-24, 5.23224735491e-24, 5.55956152171e-24, 1.43105947307e-23, 1.03425636352e-23, 1.05424830766e-23, 1.40919966407e-23, 5.08891330059e-24, 7.77772597451e-24, 5.84542302009e-24, 7.35439796922e-24, 1.25999419691e-23, 1.02660622711e-23, 7.80527378618e-24, 7.22613155261e-24, 9.0822707755e-24, 1.02796409339e-23, 1.27448470399e-23], "max": [0.0157745722681, 0.0269324705005, 0.0141194723547, 0.0241226088256, 0.0137547124177, 0.0075775985606, 0.0093694338575, 0.0067520798184, 0.00426965299994, 0.0035431268625, 0.00541594484821, 0.00431397464126, 0.00158898869995, 0.00201831618324, 0.00145334121771, 0.00160700210836, 0.00142257788684, 0.00156906933989, 0.0014374370221, 0.000678522628732, 0.000925273168832, 0.000919901183806, 0.000819898443297, 0.000797960266937, 0.00107452087104, 0.000887356931344, 0.000530694669578, 0.000278016552329, 0.000325623113895, 0.000268842763035, 8.29053169582e-05, 0.000108098960482, 0.000173521868419, 0.000140341959195, 0.00014428247232, 0.000198505091248, 0.000108980028017, 6.76244671922e-05, 6.90854503773e-05, 5.73110337427e-05], "dvar2": [4.23774281444e-06, 1.40213933264e-05, 2.91603896585e-06, 5.96967356614e-06, 4.43224877245e-07, 2.24593364351e-07, 1.75234006861e-07, 1.71473502064e-07, 1.44306127936e-07, 4.38411191794e-08, 6.58577619106e-08, 7.97761714466e-08, 1.31589485974e-08, 1.18450165232e-08, 5.95984817053e-09, 5.72702374413e-09, 3.03700287141e-09, 3.8441703154e-09, 1.93786453551e-09, 1.3807598398e-09, 2.05859151947e-09, 2.67609090443e-09, 1.65323965629e-09, 1.3994458925e-09, 1.94504834461e-09, 7.85577547457e-10, 4.04514810537e-10, 9.71827063267e-11, 7.97731325441e-11, 5.10148485955e-11, 3.30408374272e-11, 4.69492257571e-11, 4.65383981352e-11, 4.75667179256e-11, 5.2281848989e-11, 5.05216216085e-11, 1.54432022725e-11, 8.7779783442e-12, 8.06360447164e-12, 6.03469140978e-12], "median": [0.000341142585967, 0.000816336250864, 0.000486674980493, 0.000320536957588, 0.00023915838392, 0.000164226599736, 0.000123707664898, 9.24150226638e-05, 7.47892772779e-05, 4.05109749408e-05, 4.15285976487e-05, 3.31503651978e-05, 1.47439750435e-05, 1.5717208953e-05, 1.05145190901e-05, 8.72299642651e-06, 8.39674976305e-06, 7.56692406867e-06, 5.79552124691e-06, 5.6299741118e-06, 7.309547982e-06, 6.48035529593e-06, 6.59472971165e-06, 5.85382804275e-06, 8.22462607175e-06, 7.63753541833e-06, 4.56289399153e-06, 2.64122536464e-06, 2.00085059987e-06, 1.98021893993e-06, 1.631534019e-06, 1.42909857459e-06, 8.95122070688e-07, 7.54472580411e-07, 5.65261416341e-07, 4.01297000963e-07, 2.72250758826e-07, 1.97854276962e-07, 1.76316035549e-07, 1.32794383489e-07], "dmean2": [0.000809860706795, 0.001561031444, 0.000917840050533, 0.000847264775075, 0.000368969485862, 0.000262856803602, 0.000217561915633, 0.000190381935681, 0.000178183050593, 9.57983356784e-05, 0.000106735715235, 0.000111892106361, 4.9911061069e-05, 4.74215667055e-05, 3.14259195875e-05, 2.98297200061e-05, 2.22977014346e-05, 2.23891565838e-05, 1.56709847943e-05, 1.59884639288e-05, 1.91208109754e-05, 1.86785928236e-05, 1.67601956491e-05, 1.49259603859e-05, 1.80178376468e-05, 1.35525342557e-05, 8.19899560156e-06, 4.78165020468e-06, 3.75467334379e-06, 3.13519103656e-06, 2.92550134873e-06, 2.93455491374e-06, 2.10537700696e-06, 2.17967817662e-06, 1.94145968635e-06, 1.68630617736e-06, 9.90725652628e-07, 7.54122879698e-07, 7.11705467893e-07, 6.05477339377e-07], "dmean": [0.000483149546199, 0.000929224654101, 0.000545908580534, 0.00050439988263, 0.00022717891261, 0.000160592418979, 0.000135673573823, 0.000118409538118, 0.000111717869004, 6.07688816672e-05, 6.74253315083e-05, 7.10132080712e-05, 3.12732081511e-05, 2.93466291623e-05, 1.96856581169e-05, 1.81630057341e-05, 1.39967160067e-05, 1.38774985317e-05, 9.66442166828e-06, 1.00507877505e-05, 1.17918716569e-05, 1.16084947877e-05, 1.03624915937e-05, 9.37883578445e-06, 1.13137130029e-05, 8.42482677399e-06, 5.08081302542e-06, 2.94848041449e-06, 2.29539750762e-06, 1.92093762053e-06, 1.83248801022e-06, 1.86266015589e-06, 1.32832315103e-06, 1.3834130641e-06, 1.26603254103e-06, 1.10409109766e-06, 6.57049952224e-07, 5.05859418354e-07, 4.74097646475e-07, 4.05861698027e-07], "var": [1.72302384271e-06, 5.64035326533e-06, 1.5855730453e-06, 2.04650359592e-06, 4.26597807746e-07, 1.90117432908e-07, 1.4578395735e-07, 1.17842468228e-07, 1.13905578303e-07, 3.58432039604e-08, 5.9977203648e-08, 5.86357415955e-08, 1.23806973562e-08, 1.089954349e-08, 4.80967132788e-09, 5.59346213791e-09, 2.93706903243e-09, 6.33892272006e-09, 2.73852895916e-09, 1.31468358422e-09, 2.04292316397e-09, 2.91960589038e-09, 1.89088766867e-09, 1.38623157397e-09, 2.42732167699e-09, 1.18296350493e-09, 3.83517967384e-10, 1.14573489585e-10, 6.51300888221e-11, 4.74560807318e-11, 4.50508658156e-11, 5.23471092861e-11, 3.87554849324e-11, 4.48930372043e-11, 5.42120168201e-11, 4.52553897135e-11, 1.78650098187e-11, 1.24938592458e-11, 1.06171278366e-11, 6.84973388773e-12], "dvar": [1.58632042258e-06, 4.95777703691e-06, 1.12219709081e-06, 2.2970025384e-06, 1.7599781188e-07, 8.56434567709e-08, 7.01745719311e-08, 6.69918449603e-08, 5.76518175421e-08, 1.82413533167e-08, 2.59989771934e-08, 3.17589012866e-08, 5.45971268195e-09, 4.65205385325e-09, 2.48158005256e-09, 2.23573515257e-09, 1.30358634998e-09, 1.55643531397e-09, 7.31352367556e-10, 6.09824801767e-10, 8.63634885828e-10, 1.07150188722e-09, 6.77296441154e-10, 5.82624781753e-10, 8.49367243205e-10, 3.58995805305e-10, 1.65123761886e-10, 4.12901067504e-11, 3.27871133021e-11, 2.06747379633e-11, 1.39315477557e-11, 1.99522828814e-11, 1.98118934452e-11, 2.07764465354e-11, 2.47136616727e-11, 2.2581402026e-11, 7.10764259948e-12, 4.25116539193e-12, 3.74539548681e-12, 2.86348332199e-12], "mean": [0.000736252171919, 0.00155518052634, 0.000907945854124, 0.000671723973937, 0.000435495312558, 0.00030472286744, 0.000244832161115, 0.000206027529202, 0.000195896151126, 0.000106449937448, 0.00012348315795, 0.000117077353934, 5.38418971701e-05, 5.19527129654e-05, 3.36202137987e-05, 3.06801957777e-05, 2.48171036219e-05, 2.67836603598e-05, 1.87357527466e-05, 1.79948965524e-05, 2.22866547119e-05, 2.36731248151e-05, 2.07471839531e-05, 1.83817046491e-05, 2.32334350585e-05, 1.83981064765e-05, 1.06709821921e-05, 6.56473594063e-06, 4.81482675241e-06, 4.28954490417e-06, 4.26142605647e-06, 4.03471221944e-06, 2.63410515799e-06, 2.76573086921e-06, 2.42494434133e-06, 2.00279487217e-06, 1.28014551137e-06, 1.00817362636e-06, 9.26481050101e-07, 7.66452274092e-07]}, "spectral_entropy": {"min": 4.46326398849, "max": 9.79105854034, "dvar2": 0.0745513886213, "median": 7.65794563293, "dmean2": 0.216120496392, "dmean": 0.146355420351, "var": 0.471809118986, "dvar": 0.0386249795556, "mean": 7.45751905441}, "spectral_rolloff": {"min": 64.599609375, "max": 21188.671875, "dvar2": 2497428.25, "median": 861.328125, "dmean2": 797.718200684, "dmean": 481.181518555, "var": 3235575, "dvar": 1166354.75, "mean": 1467.60852051}, "barkbands": {"min": [1.39244252295e-23, 3.23723883321e-24, 1.7146379291e-23, 8.78041078354e-24, 5.78022871498e-23, 1.04751892971e-22, 4.53182509358e-23, 2.05969468206e-23, 5.05363354764e-23, 5.02085732366e-23, 8.98765574516e-23, 9.24085359001e-23, 5.43249125489e-23, 8.43985684863e-23, 2.38657712106e-22, 7.76503241369e-23, 1.46878605167e-22, 1.14998678637e-22, 3.229852768e-22, 2.78716598987e-22, 3.95691317394e-22, 3.1340615776e-22, 6.88960166029e-22, 6.71140542865e-22, 1.49814041161e-21, 1.74451664173e-21, 2.81611216163e-21], "max": [0.00176814838778, 0.064190492034, 0.0547709390521, 0.0365756452084, 0.0908811986446, 0.0313058421016, 0.0404539108276, 0.0250820945948, 0.0228489413857, 0.0293480809778, 0.0109818987548, 0.0148744890466, 0.014471209608, 0.0135288266465, 0.0156504847109, 0.00834677089006, 0.0132593205199, 0.0128070050851, 0.0193215869367, 0.00846532452852, 0.00769151514396, 0.00605216762051, 0.00723955687135, 0.00592578295618, 0.00412826379761, 0.00285109574907, 0.000478961650515], "dvar2": [2.22762750468e-08, 8.85170229594e-05, 4.66878846055e-05, 9.17188026506e-06, 8.82112362888e-05, 5.30121997144e-06, 4.35583115177e-06, 4.64801996714e-06, 1.94870017367e-06, 4.46997819381e-06, 7.77211710101e-07, 8.25572954e-07, 5.00448379626e-07, 3.32952595272e-07, 4.71825217119e-07, 2.81583453443e-07, 7.32648686608e-07, 5.17126125033e-07, 5.27828092345e-07, 1.2159516416e-07, 6.0900568144e-08, 8.63629807668e-08, 1.53865357788e-07, 5.88377311317e-08, 3.90841421449e-08, 9.86198589459e-09, 6.43205044781e-10], "median": [8.07710603112e-06, 0.00158763211221, 0.00114427623339, 0.000750737730414, 0.00163843948394, 0.00101394671947, 0.000516191357747, 0.000458159920527, 0.000257917214185, 0.000308506772853, 0.000100592238596, 0.000124585581943, 8.50769647514e-05, 8.70739313541e-05, 8.44995374791e-05, 8.80725856405e-05, 0.000127617182443, 0.000130376880406, 0.000215727792238, 0.000101533820271, 8.16349056549e-05, 6.47457418381e-05, 3.67389729945e-05, 2.08133169508e-05, 1.27797320602e-05, 6.21172421233e-06, 9.19252101994e-07], "dmean2": [6.12640214968e-05, 0.00371752120554, 0.00308066280559, 0.00174274109304, 0.0034809068311, 0.00137449626345, 0.00106028222945, 0.00108873180579, 0.000646648055408, 0.000896359444596, 0.000385825376725, 0.000393326568883, 0.000290937285172, 0.000231707119383, 0.000246631971095, 0.000226112984819, 0.000354322663043, 0.000296164274914, 0.000344390020473, 0.000165218123584, 0.000115099370305, 0.000116964343761, 0.000110186876555, 6.53835959383e-05, 4.90231650474e-05, 2.65164890152e-05, 8.30923454487e-06], "dmean": [3.70815359929e-05, 0.00220471434295, 0.00180404144339, 0.00103255873546, 0.00208493042737, 0.000849725620355, 0.000657276075799, 0.000681471196003, 0.000410122767789, 0.000564718968235, 0.000240598456003, 0.000243980204687, 0.000176845293026, 0.000145624144352, 0.00015276731574, 0.00014008062135, 0.000218039742322, 0.00018566462677, 0.000216282423935, 0.000102415026049, 7.14125853847e-05, 7.5498050137e-05, 7.25929930923e-05, 4.44870311185e-05, 3.41943887179e-05, 1.90981554624e-05, 5.47471927348e-06], "var": [9.83429693235e-09, 3.30584698531e-05, 2.60917822743e-05, 5.14250268679e-06, 3.31498886226e-05, 5.40939663551e-06, 3.18253296427e-06, 3.7715549297e-06, 1.56057933509e-06, 3.70210818801e-06, 6.55632504731e-07, 7.2933357842e-07, 4.50556171927e-07, 3.75537467789e-07, 6.32361263797e-07, 2.50367151011e-07, 8.96007747997e-07, 5.63508933737e-07, 8.35098489915e-07, 1.43251540408e-07, 7.10497118916e-08, 1.02844140315e-07, 1.75515793899e-07, 9.99771998522e-08, 5.28464205729e-08, 1.29808883642e-08, 4.46823272826e-10], "dvar": [8.71349925546e-09, 3.26249646605e-05, 1.63254171639e-05, 3.40362566931e-06, 3.44400250469e-05, 2.07957714338e-06, 1.71543342731e-06, 1.86271051916e-06, 8.19021011012e-07, 1.7357821207e-06, 3.17517844906e-07, 3.28418394702e-07, 1.96901098093e-07, 1.44418791592e-07, 1.87176382838e-07, 1.14531985673e-07, 2.91309333988e-07, 2.16129038222e-07, 2.30513734323e-07, 4.96479550804e-08, 2.57180534646e-08, 3.86217529069e-08, 7.36286978054e-08, 3.0529633932e-08, 1.9517148786e-08, 4.9061132934e-09, 2.71875105762e-10], "mean": [4.06846156693e-05, 0.0032910015434, 0.0029346391093, 0.00153098313604, 0.00305948709138, 0.00174972589593, 0.00109970616177, 0.00118329166435, 0.000702306919266, 0.000992287648842, 0.000389838038245, 0.000417745817685, 0.000296456069918, 0.000262821180513, 0.000290665397188, 0.000261954264715, 0.00045209217933, 0.000382946949685, 0.000512803788297, 0.000239069777308, 0.000177413414349, 0.000173597523826, 0.000151395885041, 9.6385832876e-05, 6.9696099672e-05, 3.57898206857e-05, 8.54300833453e-06]}, "melbands_flatness_db": {"min": 0.00803222879767, "max": 0.644844293594, "dvar2": 0.00162272143643, "median": 0.190450698137, "dmean2": 0.0360746867955, "dmean": 0.0238184295595, "var": 0.00827064644545, "dvar": 0.000742743373848, "mean": 0.213240846992}, "melbands_skewness": {"min": -2.59469008446, "max": 17.4994049072, "dvar2": 1.51454842091, "median": 2.54848885536, "dmean2": 1.05020844936, "dmean": 0.683967769146, "var": 2.80709552765, "dvar": 0.672324419022, "mean": 2.84511733055}, "barkbands_skewness": {"min": -4.73435735703, "max": 13.9955883026, "dvar2": 0.851925671101, "median": 1.59592723846, "dmean2": 0.788205802441, "dmean": 0.5218796134, "var": 1.81853652, "dvar": 0.393199086189, "mean": 1.83209729195}, "silence_rate_60dB": {"min": 0, "max": 1, "dvar2": 0.0384552851319, "median": 0, "dmean2": 0.0364741645753, "dmean": 0.0182358771563, "var": 0.142621383071, "dvar": 0.0179060008377, "mean": 0.172370508313}, "spectral_energyband_low": {"min": 3.15718447913e-23, "max": 0.102526217699, "dvar2": 0.000194430584088, "median": 0.00431590620428, "dmean2": 0.00622824113816, "dmean": 0.00374077958986, "var": 9.1562178568e-05, "dvar": 7.13418776286e-05, "mean": 0.00713955890387}, "spectral_energyband_middle_low": {"min": 2.97992572979e-22, "max": 0.111068479717, "dvar2": 0.000137538649142, "median": 0.00752572249621, "dmean2": 0.00591477798298, "dmean": 0.0036670579575, "var": 9.50653629843e-05, "dvar": 5.53554818907e-05, "mean": 0.00961660034955}, "melbands_kurtosis": {"min": -1.85997521877, "max": 494.62713623, "dvar2": 512.042663574, "median": 9.50591659546, "dmean2": 11.7580299377, "dmean": 7.58260774612, "var": 634.602478027, "dvar": 231.595870972, "mean": 16.7467403412}, "spectral_decrease": {"min": -3.32079750365e-08, "max": 2.21277351893e-16, "dvar2": 2.08045899855e-17, "median": -4.24070378813e-09, "dmean2": 2.56896770523e-09, "dmean": 1.58791657601e-09, "var": 1.88284406129e-17, "dvar": 8.17428153131e-18, "mean": -5.09343411892e-09}, "erbbands_kurtosis": {"min": -1.8661339283, "max": 82.0650024414, "dvar2": 8.88564491272, "median": -0.380184412003, "dmean2": 1.55073153973, "dmean": 1.01673603058, "var": 22.5607662201, "dvar": 4.46995306015, "mean": 1.15581309795}, "melbands_crest": {"min": 2.51489114761, "max": 37.2713470459, "dvar2": 20.9200019836, "median": 12.6927986145, "dmean2": 4.74117469788, "dmean": 2.92587828636, "var": 29.8761672974, "dvar": 7.91719055176, "mean": 13.7912006378}, "gfcc": {"cov": [[20860.1425781, -1953.42785645, -1745.08691406, 1963.87353516, 238.417480469, 800.643981934, -171.783493042, 539.857971191, 2.97749900818, 81.2248077393, -251.625350952, 11.467625618, -430.049743652], [-1953.42785645, 1514.54162598, -214.13508606, -131.604660034, 219.6459198, -187.856246948, 117.444496155, -101.878883362, 74.9952163696, -45.0306587219, 84.6686630249, -44.1264190674, 92.7884902954], [-1745.08691406, -214.13508606, 1233.19152832, 61.8839187622, 30.2034912109, 114.00579071, -13.6867628098, 21.2720012665, 3.44078469276, 83.5098953247, 2.16290140152, 14.2805109024, -31.3726482391], [1963.87353516, -131.604660034, 61.8839187622, 641.03515625, 125.727928162, 141.353027344, 0.22823689878, 60.5320549011, 47.4946136475, 24.9189834595, -1.27429687977, -17.7395744324, -49.3639221191], [238.417480469, 219.6459198, 30.2034912109, 125.727928162, 297.374450684, 39.2688484192, 58.2966079712, 15.3583116531, 46.7662582397, 29.5793819427, 25.0120410919, 15.2418165207, 23.436624527], [800.643981934, -187.856246948, 114.00579071, 141.353027344, 39.2688484192, 239.241363525, 53.61277771, 56.3246612549, 9.73806762695, 25.8642597198, 6.74019289017, 3.30235338211, -20.6190681458], [-171.783493042, 117.444496155, -13.6867628098, 0.22823689878, 58.2966079712, 53.61277771, 151.507141113, 32.9194793701, 30.9990978241, -3.65654826164, 21.6945037842, 3.2756960392, 13.9602336884], [539.857971191, -101.878883362, 21.2720012665, 60.5320549011, 15.3583116531, 56.3246612549, 32.9194793701, 125.17073822, 42.9418869019, 22.7660770416, -5.97982311249, 8.36761283875, -17.6602497101], [2.97749900818, 74.9952163696, 3.44078469276, 47.4946136475, 46.7662582397, 9.73806762695, 30.9990978241, 42.9418869019, 109.492286682, 33.1487197876, 21.6293716431, 5.92730331421, 7.96551132202], [81.2248077393, -45.0306587219, 83.5098953247, 24.9189834595, 29.5793819427, 25.8642597198, -3.65654826164, 22.7660770416, 33.1487197876, 100.79599762, 39.0168800354, 14.4697465897, -7.73700809479], [-251.625350952, 84.6686630249, 2.16290140152, -1.27429687977, 25.0120410919, 6.74019289017, 21.6945037842, -5.97982311249, 21.6293716431, 39.0168800354, 88.2126922607, 34.4171257019, 19.6164340973], [11.467625618, -44.1264190674, 14.2805109024, -17.7395744324, 15.2418165207, 3.30235338211, 3.2756960392, 8.36761283875, 5.92730331421, 14.4697465897, 34.4171257019, 75.2867279053, 28.8449230194], [-430.049743652, 92.7884902954, -31.3726482391, -49.3639221191, 23.436624527, -20.6190681458, 13.9602336884, -17.6602497101, 7.96551132202, -7.73700809479, 19.6164340973, 28.8449230194, 93.3605957031]], "icov": [[0.000149881539983, 6.9165333116e-05, 0.000308533199131, -0.000341682607541, -0.000101650046417, -0.000310649396852, 0.000224875984713, -0.000303391716443, 0.000184390737559, -0.000218105502427, 0.000439352559624, -0.000392017303966, 0.00040556883323], [6.9165333116e-05, 0.00128710956778, 0.000180424627615, 3.81406898669e-05, -0.000975261384156, 0.000771283230279, -0.000560472020879, 0.000466376106488, -0.000612693256699, 0.000813316204585, -0.00137557333801, 0.00150979193859, -0.000350400165189], [0.000308533199131, 0.000180424627615, 0.00154506857507, -0.000668812775984, -0.000283413857687, -0.00102726242039, 0.000543599075172, -0.000424735946581, 0.000439492694568, -0.00123275176156, 0.00127193413209, -0.00102855765726, 0.00100097456016], [-0.000341682607541, 3.81406898669e-05, -0.000668812775984, 0.00297465454787, -0.000851927092299, -0.000358196586603, 0.000380222423701, 0.000366201275028, -0.00126502185594, 0.001168165938, -0.00158905400895, 0.00167067616712, -9.41062899074e-05], [-0.000101650046417, -0.000975261384156, -0.000283413857687, -0.000851927092299, 0.00513316318393, -0.000345009553712, -0.00133045052644, 0.000481826806208, -0.000516188272741, -0.00165347591974, 0.00125885382295, -0.0015585689107, -0.00099529500585], [-0.000310649396852, 0.000771283230279, -0.00102726242039, -0.000358196586603, -0.000345009553712, 0.00739228585735, -0.00318561820313, -0.000706163293216, 0.000696119153872, 1.53795208462e-05, -0.00201336713508, 0.00176048162393, -0.000849114148878], [0.000224875984713, -0.000560472020879, 0.000543599075172, 0.000380222423701, -0.00133045052644, -0.00318561820313, 0.0101170213893, -0.00292189326137, -0.00102141255047, 0.00224400754087, -0.00179261201993, 0.000354684452759, 8.17031323095e-05], [-0.000303391716443, 0.000466376106488, -0.000424735946581, 0.000366201275028, 0.000481826806208, -0.000706163293216, -0.00292189326137, 0.0129155265167, -0.00492807570845, -0.00123445561621, 0.00241753063165, -0.00181429204531, 0.00116372993216], [0.000184390737559, -0.000612693256699, 0.000439492694568, -0.00126502185594, -0.000516188272741, 0.000696119153872, -0.00102141255047, -0.00492807570845, 0.0137888211757, -0.00390903418884, -0.000379703153158, 0.000127188381157, -0.0010189601453], [-0.000218105502427, 0.000813316204585, -0.00123275176156, 0.001168165938, -0.00165347591974, 1.53795208462e-05, 0.00224400754087, -0.00123445561621, -0.00390903418884, 0.0165840350091, -0.00901262462139, 0.0021864362061, 0.00116586196236], [0.000439352559624, -0.00137557333801, 0.00127193413209, -0.00158905400895, 0.00125885382295, -0.00201336713508, -0.00179261201993, 0.00241753063165, -0.000379703153158, -0.00901262462139, 0.0222847405821, -0.0105840833858, 0.000816072046291], [-0.000392017303966, 0.00150979193859, -0.00102855765726, 0.00167067616712, -0.0015585689107, 0.00176048162393, 0.000354684452759, -0.00181429204531, 0.000127188381157, 0.0021864362061, -0.0105840833858, 0.0222827754915, -0.00687506934628], [0.00040556883323, -0.000350400165189, 0.00100097456016, -9.41062899074e-05, -0.00099529500585, -0.000849114148878, 8.17031323095e-05, 0.00116372993216, -0.0010189601453, 0.00116586196236, 0.000816072046291, -0.00687506934628, 0.0156206637621]], "mean": [-39.2290649414, 92.1258850098, -102.093269348, 30.5195407867, -60.8269805908, -0.0187676213682, -31.6811828613, 6.39146137238, -24.8678436279, -2.17018771172, -15.7759151459, -0.097924798727, -13.5086421967]}, "melbands_spread": {"min": 0.323266804218, "max": 227.653091431, "dvar2": 227.586532593, "median": 16.9317073822, "dmean2": 9.23899078369, "dmean": 6.0199432373, "var": 374.778930664, "dvar": 108.328048706, "mean": 21.552400589}, "spectral_energy": {"min": 1.07272618855e-20, "max": 0.127643212676, "dvar2": 0.000304244487779, "median": 0.0173541735858, "dmean2": 0.0099302502349, "dmean": 0.00615942524746, "var": 0.000305865920382, "dvar": 0.000120060380141, "mean": 0.0208035074174}, "mfcc": {"cov": [[17831.5917969, -863.473876953, -1882.20129395, 866.302307129, 400.240844727, 522.140441895, 251.000137329, 438.288604736, 198.901504517, 23.7700595856, 196.804580688, 402.612731934, 121.271278381], [-863.473876953, 1224.63598633, -195.236328125, 97.677154541, 51.7508010864, -7.34836244583, 30.4466247559, -14.1421813965, 8.19243717194, -16.4423217773, -1.38329160213, 6.74188995361, 0.514291226864], [-1882.20129395, -195.236328125, 918.791992188, -5.58782863617, 63.6650924683, 30.2372817993, 13.4254989624, -15.0399389267, -8.63875007629, 51.0602073669, 27.0933265686, -32.6225509644, 13.4535531998], [866.302307129, 97.677154541, -5.58782863617, 415.747344971, 169.857574463, 99.553855896, 29.7851734161, 39.0502319336, 27.8769874573, 12.1790361404, 29.5168495178, 55.9854393005, 43.6073722839], [400.240844727, 51.7508010864, 63.6650924683, 169.857574463, 238.713912964, 98.9792251587, 42.8113632202, 24.2351016998, 44.9328155518, 7.82071828842, 25.4722805023, 53.522026062, 34.6935195923], [522.140441895, -7.34836244583, 30.2372817993, 99.553855896, 98.9792251587, 177.104736328, 83.6434249878, 34.6392555237, 25.5944423676, 15.1795339584, 25.2454490662, 37.905921936, 19.0020961761], [251.000137329, 30.4466247559, 13.4254989624, 29.7851734161, 42.8113632202, 83.6434249878, 136.342208862, 49.3918952942, 28.9763526917, 6.6893954277, 23.336566925, 17.3198280334, 6.36108255386], [438.288604736, -14.1421813965, -15.0399389267, 39.0502319336, 24.2351016998, 34.6392555237, 49.3918952942, 121.381576538, 46.1736564636, 21.4032287598, 17.7343235016, 2.55793714523, 3.97246551514], [198.901504517, 8.19243717194, -8.63875007629, 27.8769874573, 44.9328155518, 25.5944423676, 28.9763526917, 46.1736564636, 105.589759827, 36.8525695801, 16.5286273956, 17.061132431, 6.51154136658], [23.7700595856, -16.4423217773, 51.0602073669, 12.1790361404, 7.82071828842, 15.1795339584, 6.6893954277, 21.4032287598, 36.8525695801, 82.7402191162, 34.044593811, 3.19905591011, 0.99908208847], [196.804580688, -1.38329160213, 27.0933265686, 29.5168495178, 25.4722805023, 25.2454490662, 23.336566925, 17.7343235016, 16.5286273956, 34.044593811, 90.4643630981, 45.2017669678, 13.0299539566], [402.612731934, 6.74188995361, -32.6225509644, 55.9854393005, 53.522026062, 37.905921936, 17.3198280334, 2.55793714523, 17.061132431, 3.19905591011, 45.2017669678, 111.79070282, 48.6492805481], [121.271278381, 0.514291226864, 13.4535531998, 43.6073722839, 34.6935195923, 19.0020961761, 6.36108255386, 3.97246551514, 6.51154136658, 0.99908208847, 13.0299539566, 48.6492805481, 82.1407012939]], "icov": [[0.000114746988402, 0.000133832756546, 0.000265073467745, -0.000159769217134, -5.15845022164e-05, -0.0001753646211, 8.41863220558e-06, -0.000262073735939, 6.22302177362e-05, -2.97319329547e-05, -8.3058293967e-05, -0.000175433131517, 5.80405940127e-05], [0.000133832756546, 0.00105117517523, 0.000521597277839, -0.000408914173022, -0.000292302313028, 0.000173187043401, -0.000453522457974, 4.00711433031e-05, 3.52484530595e-05, -1.97324025066e-05, -0.000159331393661, -9.8049040389e-06, 7.25915815565e-05], [0.000265073467745, 0.000521597277839, 0.00191298057325, -0.000201332411962, -0.000790313933976, -0.000387145846616, -0.000216129541514, -0.000207676697755, 0.000603547552601, -0.000924689345993, -0.000653632509056, 0.000614293850958, -0.000447646918474], [-0.000159769217134, -0.000408914173022, -0.000201332411962, 0.00394546752796, -0.00214079907164, -0.000789688958321, 0.000852918659803, -0.000582094478887, 0.000544421549421, -0.000266109302174, -7.67525707488e-05, 5.90704439674e-05, -0.000836923310999], [-5.15845022164e-05, -0.000292302313028, -0.000790313933976, -0.00214079907164, 0.00785740092397, -0.00257755443454, 0.000303073204122, 0.000597811595071, -0.00275766663253, 0.00160252628848, -1.67977668752e-05, -0.00132966297679, -0.000441556854639], [-0.0001753646211, 0.000173187043401, -0.000387145846616, -0.000789688958321, -0.00257755443454, 0.0108021870255, -0.00559111218899, 0.000382152851671, 0.000978391384706, -0.00169776403345, 0.000879296043422, -0.00124933302868, 0.000288254086627], [8.41863220558e-06, -0.000453522457974, -0.000216129541514, 0.000852918659803, 0.000303073204122, -0.00559111218899, 0.0123261362314, -0.00344057451002, -0.00140816741623, 0.00226396368816, -0.00205590482801, 0.000338302314049, 0.000160118885105], [-0.000262073735939, 4.00711433031e-05, -0.000207676697755, -0.000582094478887, 0.000597811595071, 0.000382152851671, -0.00344057451002, 0.0123434420675, -0.00417057750747, -0.000492587685585, -0.00116880063433, 0.00252988422289, -0.000918054021895], [6.22302177362e-05, 3.52484530595e-05, 0.000603547552601, 0.000544421549421, -0.00275766663253, 0.000978391384706, -0.00140816741623, -0.00417057750747, 0.0146497199312, -0.00642100861296, 0.00189704797231, -0.00211802287959, 0.00063946127193], [-2.97319329547e-05, -1.97324025066e-05, -0.000924689345993, -0.000266109302174, 0.00160252628848, -0.00169776403345, 0.00226396368816, -0.000492587685585, -0.00642100861296, 0.0185565855354, -0.00730044720694, 0.00304102548398, -0.000458582770079], [-8.3058293967e-05, -0.000159331393661, -0.000653632509056, -7.67525707488e-05, -1.67977668752e-05, 0.000879296043422, -0.00205590482801, -0.00116880063433, 0.00189704797231, -0.00730044720694, 0.0181302092969, -0.00814816262573, 0.00217916048132], [-0.000175433131517, -9.8049040389e-06, 0.000614293850958, 5.90704439674e-05, -0.00132966297679, -0.00124933302868, 0.000338302314049, 0.00252988422289, -0.00211802287959, 0.00304102548398, -0.00814816262573, 0.0178211797029, -0.00830228533596], [5.80405940127e-05, 7.25915815565e-05, -0.000447646918474, -0.000836923310999, -0.000441556854639, 0.000288254086627, 0.000160118885105, -0.000918054021895, 0.00063946127193, -0.000458582770079, 0.00217916048132, -0.00830228533596, 0.0172839127481]], "mean": [-682.276123047, 120.112487793, 11.5901117325, 30.3576259613, -4.41333293915, -2.09578108788, -1.73984897137, 4.28743743896, -4.35648155212, 0.0566274635494, 0.106483593583, -5.37127256393, -2.60745358467]}, "spectral_contrast_valleys": {"min": [-27.2336578369, -27.0954532623, -27.5026988983, -27.0882701874, -27.4112472534, -27.2182712555], "max": [-5.2852101326, -4.7447514534, -5.19205188751, -5.88581800461, -5.56068372726, -7.4052977562], "dvar2": [0.304469197989, 0.256055235863, 0.258715867996, 0.207232892513, 0.180105194449, 0.246016904712], "median": [-7.05830287933, -6.56139278412, -7.33704280853, -7.77753734589, -7.33825969696, -10.165148735], "dmean2": [0.635524451733, 0.56381714344, 0.511774778366, 0.435015797615, 0.347982347012, 0.352372765541], "dmean": [0.389187276363, 0.349243342876, 0.323256611824, 0.279230356216, 0.234023943543, 0.258856207132], "var": [2.53996729851, 2.0935280323, 2.59329366684, 3.03193426132, 3.15636253357, 2.68025827408], "dvar": [0.128870710731, 0.113613076508, 0.118174344301, 0.102910451591, 0.0970023646951, 0.137834072113], "mean": [-7.57951068878, -6.98173475266, -7.80605363846, -8.3742275238, -7.97751283646, -10.609828949]}, "barkbands_flatness_db": {"min": 0.0238420292735, "max": 0.496482789516, "dvar2": 0.000984283396974, "median": 0.117816142738, "dmean2": 0.0289031602442, "dmean": 0.0187860243022, "var": 0.00541544519365, "dvar": 0.000446699355962, "mean": 0.139836639166}, "dynamic_complexity": 5.1819562912, "erbbands_flatness_db": {"min": 0.0169780682772, "max": 0.488388240337, "dvar2": 0.000530320219696, "median": 0.140368670225, "dmean2": 0.0213014781475, "dmean": 0.0143648134544, "var": 0.00324349850416, "dvar": 0.000263942260062, "mean": 0.150105491281}, "hfc": {"min": 1.2424575731