{"lowlevel": {"spectral_complexity": {"min": 0, "max": 61, "dvar2": 46.2910003662, "median": 18, "dmean2": 6.20761919022, "dmean": 4.28181600571, "var": 174.554748535, "dvar": 31.0610122681, "mean": 20.1738510132}, "silence_rate_20dB": {"min": 1, "max": 1, "dvar2": 0, "median": 1, "dmean2": 0, "dmean": 0, "var": 0, "dvar": 0, "mean": 1}, "average_loudness": 0.861840605736, "erbbands_spread": {"min": 4.07534074783, "max": 120.744041443, "dvar2": 127.675079346, "median": 32.4054260254, "dmean2": 11.422208786, "dmean": 7.59485769272, "var": 200.962005615, "dvar": 63.7392082214, "mean": 34.8916549683}, "spectral_kurtosis": {"min": -1.24902153015, "max": 15.2082653046, "dvar2": 2.26568865776, "median": 4.26072072983, "dmean2": 1.49303436279, "dmean": 0.924820661545, "var": 3.09730482101, "dvar": 0.84477776289, "mean": 4.31410694122}, "barkbands_kurtosis": {"min": -1.8076570034, "max": 3117.97290039, "dvar2": 6630.50244141, "median": -0.271778821945, "dmean2": 5.70308256149, "dmean": 3.61230659485, "var": 2050.5, "dvar": 2581.38427734, "mean": 2.77129554749}, "spectral_strongpeak": {"min": 0, "max": 11.642124176, "dvar2": 2.38813900948, "median": 0.420245707035, "dmean2": 1.01294982433, "dmean": 0.592694938183, "var": 1.40121781826, "dvar": 0.896710455418, "mean": 0.880462110043}, "spectral_spread": {"min": 1950071.875, "max": 42307876, "dvar2": 1194540793860.0, "median": 4608375, "dmean2": 845648.6875, "dmean": 598697.3125, "var": 8669708681220.0, "dvar": 655092547584, "mean": 5070645.5}, "spectral_rms": {"min": 3.16677001462e-12, "max": 0.0154841914773, "dvar2": 2.73073669632e-06, "median": 0.00318257790059, "dmean2": 0.0010977841448, "dmean": 0.000805143034086, "var": 4.84578686155e-06, "dvar": 1.66975576121e-06, "mean": 0.00350570841692}, "erbbands": {"min": [5.10267923893e-23, 1.68982613949e-22, 5.59802809916e-22, 3.57811554634e-21, 9.53613068918e-21, 4.62901386024e-20, 5.41186179249e-20, 7.61424600616e-20, 7.24792519449e-20, 2.8533768421e-19, 3.11065172609e-19, 5.69427928357e-19, 6.63740011571e-19, 5.79632907272e-19, 9.03998291101e-19, 1.10116320075e-18, 1.25464097994e-18, 1.67476694364e-18, 2.82295422484e-18, 2.95451089062e-18, 4.0190315412e-18, 4.47450820574e-18, 6.4786712906e-18, 7.07934669038e-18, 7.0969921072e-18, 8.85396756884e-18, 9.48447358305e-18, 1.13419415629e-17, 1.25197292956e-17, 1.25477649281e-17, 1.163379818e-17, 1.15178340756e-17, 9.99771847362e-18, 9.25908010102e-18, 5.65399786248e-18, 4.19122366136e-18, 2.48026901349e-18, 9.98312287171e-19, 2.60367738155e-19, 2.76338747552e-20], "max": [3.90888571739, 54.2066497803, 99.066696167, 73.3056106567, 126.374450684, 175.947143555, 139.67098999, 102.342185974, 306.880401611, 461.577087402, 590.449768066, 536.155151367, 486.512451172, 675.702575684, 755.164855957, 661.829711914, 914.959533691, 995.401123047, 1133.05297852, 1283.24645996, 748.327453613, 878.096130371, 1075.48742676, 811.337524414, 746.803771973, 786.412597656, 530.456726074, 276.33605957, 203.934936523, 172.167617798, 94.5378952026, 27.5397548676, 38.5592689514, 28.5503921509, 31.904340744, 17.0484333038, 8.40468788147, 2.2386136055, 0.278615891933, 0.0127439498901], "dvar2": [0.320456296206, 42.6675376892, 144.707000732, 135.535232544, 113.402336121, 92.7572402954, 91.9011917114, 61.6941375732, 534.77557373, 1768.96191406, 1321.06286621, 1447.74816895, 1317.09240723, 1324.4810791, 1833.53149414, 1351.44616699, 2652.79492188, 2757.65942383, 4240.88427734, 4845.24316406, 2782.49853516, 1638.25170898, 2273.18481445, 1771.37658691, 1914.40283203, 1308.0045166, 599.778503418, 378.037811279, 170.58782959, 88.6567306519, 22.3584899902, 4.20162582397, 2.14347267151, 2.62439036369, 7.21887302399, 3.69484591484, 1.00368118286, 0.0760325863957, 0.000912318821065, 1.00232489331e-06], "median": [0.00728441122919, 0.126932933927, 0.477869063616, 0.645657896996, 1.44256949425, 1.57752907276, 1.42137420177, 1.44989287853, 3.51405215263, 5.83627271652, 5.13041257858, 4.55828285217, 5.68793106079, 7.25130367279, 8.02393817902, 9.19496250153, 11.0688018799, 12.5776128769, 12.0983314514, 12.9320192337, 9.82799911499, 9.76853847504, 11.0669107437, 9.06329727173, 7.86069917679, 5.77144956589, 3.53321790695, 2.55001711845, 2.24883294106, 1.6556340456, 1.38184177876, 0.931235849857, 0.496726304293, 0.339547127485, 0.210818782449, 0.0831152275205, 0.0294178072363, 0.00573308672756, 0.000391762150684, 3.03887482005e-05], "dmean2": [0.15448987484, 1.85999119282, 3.6997179985, 4.40124702454, 5.25073385239, 4.51331710815, 4.44003915787, 3.66182303429, 10.0018339157, 18.6029491425, 14.8213233948, 15.8549098969, 16.2780475616, 16.8703804016, 18.4666385651, 17.6622238159, 23.0247879028, 27.001127243, 29.2043094635, 31.4312133789, 24.0690937042, 19.8890209198, 21.4105014801, 20.8677062988, 19.5538711548, 15.9059476852, 10.8277206421, 8.84690570831, 6.06809663773, 4.27653169632, 2.39091777802, 1.1396228075, 0.692830204964, 0.737378299236, 0.967535912991, 0.64809602499, 0.351913362741, 0.100184984505, 0.0107476552948, 0.00035430281423], "dmean": [0.0957436263561, 1.21187198162, 2.18959617615, 2.52986001968, 3.116294384, 2.63603854179, 2.66600131989, 2.26471114159, 6.31348466873, 11.5325994492, 9.31814289093, 10.0392551422, 10.3789768219, 10.5847387314, 11.6533546448, 11.0597028732, 14.5243463516, 16.8972682953, 18.3020496368, 19.6266517639, 15.5935897827, 12.7706184387, 14.1639719009, 14.2518424988, 12.9558076859, 11.0749158859, 7.81489801407, 6.20187473297, 4.41735172272, 3.13931393623, 1.67521607876, 0.825155496597, 0.491489440203, 0.516910135746, 0.663773953915, 0.452864348888, 0.246995002031, 0.0711818188429, 0.00773424096406, 0.000260806962615], "var": [0.12103895843, 20.1689186096, 50.6111946106, 35.5419921875, 44.5440216064, 34.6494369507, 35.7555274963, 39.8794212341, 386.869842529, 1016.20111084, 825.949035645, 1397.61743164, 1427.59545898, 1025.49902344, 1467.05883789, 1235.49536133, 1886.70300293, 2476.78344727, 4127.18115234, 4384.203125, 2584.52490234, 1784.83349609, 1822.2911377, 2247.0534668, 2298.70556641, 1499.77148438, 734.998352051, 431.881561279, 246.502624512, 129.347396851, 43.0600242615, 9.77068805695, 3.66255545616, 3.64073252678, 5.52558946609, 2.53457784653, 0.65697157383, 0.052038025111, 0.000619621656369, 7.32061494091e-07], "dvar": [0.137374177575, 19.8884792328, 56.5521507263, 49.8831596375, 42.0494346619, 33.53125, 34.6880874634, 25.0760402679, 226.047622681, 693.779968262, 521.993103027, 641.339904785, 561.608642578, 525.491638184, 745.17401123, 561.804077148, 1076.0489502, 1187.17907715, 1768.18835449, 1959.83435059, 1125.40087891, 712.603088379, 944.146911621, 791.213806152, 832.69732666, 585.26348877, 325.872253418, 189.372802734, 94.6857376099, 46.3004341125, 11.0134382248, 2.05685281754, 0.985249876976, 1.29568707943, 3.31704711914, 1.69943249226, 0.463777810335, 0.0360895693302, 0.000435381749412, 4.90447973789e-07], "mean": [0.0814474001527, 1.14451992512, 2.39165186882, 2.32658934593, 3.77703547478, 3.46292161942, 3.32807564735, 3.36983990669, 9.63088798523, 16.5818824768, 13.9592142105, 15.8470458984, 18.1954879761, 17.1529922485, 19.5001449585, 19.0750732422, 23.8685665131, 28.1420497894, 31.2779045105, 33.6851005554, 28.0661754608, 24.0551147461, 26.5764102936, 28.024641037, 24.7064990997, 20.377035141, 13.4131412506, 10.6892023087, 8.45422077179, 6.12013578415, 3.89775252342, 2.16892242432, 1.26242303848, 1.09611403942, 1.04953598976, 0.618392109871, 0.304047733545, 0.0851332247257, 0.00895404536277, 0.000321420811815]}, "zerocrossingrate": {"min": 0.00244140625, "max": 0.53857421875, "dvar2": 0.000435347814346, "median": 0.0869140625, "dmean2": 0.0173644460738, "dmean": 0.0153453657404, "var": 0.00334158539772, "dvar": 0.000355992815457, "mean": 0.100380085409}, "spectral_contrast_coeffs": {"min": [-0.993552386761, -0.977654695511, -0.981266319752, -0.968543231487, -0.9699639678, -0.965511202812], "max": [-0.375407159328, -0.455300062895, -0.507274270058, -0.533604025841, -0.588786363602, -0.551004171371], "dvar2": [0.00494644371793, 0.00413393741474, 0.00230575562455, 0.00168017321266, 0.000854323618114, 0.000958501594141], "median": [-0.673530340195, -0.760537624359, -0.787273108959, -0.785716891289, -0.789076507092, -0.768891751766], "dmean2": [0.0856403708458, 0.0788321644068, 0.061232086271, 0.0517292842269, 0.0360565036535, 0.0318328887224], "dmean": [0.0518621839583, 0.0486595891416, 0.037946138531, 0.0318449214101, 0.0223421305418, 0.0209073200822], "var": [0.00655480474234, 0.00546970171854, 0.00397448288277, 0.00267661362886, 0.00214180164039, 0.00258301547728], "dvar": [0.00190043938346, 0.0016123233363, 0.000934037496336, 0.000651548092719, 0.000371100613847, 0.000484939751914], "mean": [-0.670916140079, -0.75459754467, -0.779629349709, -0.782095551491, -0.786225676537, -0.763531565666]}, "dissonance": {"min": 0.0269456394017, "max": 0.500000059605, "dvar2": 0.000520416593645, "median": 0.48302963376, "dmean2": 0.0209857169539, "dmean": 0.0125483460724, "var": 0.000314469798468, "dvar": 0.000192786232219, "mean": 0.478614151478}, "spectral_energyband_high": {"min": 7.22963690969e-21, "max": 0.0209912694991, "dvar2": 2.09488030123e-06, "median": 0.000407276878832, "dmean2": 0.000750979001168, "dmean": 0.000601802254096, "var": 4.46402418675e-06, "dvar": 1.37736037686e-06, "mean": 0.00129705946892}, "spectral_skewness": {"min": -0.0795093923807, "max": 3.06506347656, "dvar2": 0.0526186749339, "median": 1.5350716114, "dmean2": 0.23660595715, "dmean": 0.15271987021, "var": 0.12379348278, "dvar": 0.0235033780336, "mean": 1.51252126694}, "spectral_flux": {"min": 6.51019446685e-11, "max": 0.400579810143, "dvar2": 0.00380080961622, "median": 0.0612090528011, "dmean2": 0.03913538903, "dmean": 0.0248689297587, "var": 0.00337045500055, "dvar": 0.00161222880706, "mean": 0.0753133147955}, "silence_rate_30dB": {"min": 0, "max": 1, "dvar2": 0.0700067430735, "median": 1, "dmean2": 0.0558890961111, "dmean": 0.0279414970428, "var": 0.0192576628178, "dvar": 0.0271591376513, "mean": 0.980355799198}, "spectral_energyband_middle_high": {"min": 1.2902557469e-21, "max": 0.0429269857705, "dvar2": 1.4401354747e-05, "median": 0.00295800226741, "dmean2": 0.00260465824977, "dmean": 0.00177708698902, "var": 3.36678422173e-05, "dvar": 6.72398800816e-06, "mean": 0.00529465824366}, "barkbands_spread": {"min": 0.0640112012625, "max": 104.211372375, "dvar2": 128.930084229, "median": 29.4786930084, "dmean2": 10.9335079193, "dmean": 7.03558206558, "var": 194.755523682, "dvar": 59.7211914062, "mean": 31.4078674316}, "spectral_centroid": {"min": 94.0901794434, "max": 11833.5097656, "dvar2": 178291.34375, "median": 1957.42736816, "dmean2": 415.822601318, "dmean": 281.822052002, "var": 916528.75, "dvar": 94990.390625, "mean": 2005.66149902}, "pitch_salience": {"min": 0.021009972319, "max": 0.898022115231, "dvar2": 0.0134202465415, "median": 0.606032073498, "dmean2": 0.125761076808, "dmean": 0.0783641338348, "var": 0.0154191954061, "dvar": 0.0062331808731, "mean": 0.58968514204}, "erbbands_skewness": {"min": -3.47437596321, "max": 6.0792517662, "dvar2": 0.194780409336, "median": -0.0678795054555, "dmean2": 0.488520503044, "dmean": 0.324385166168, "var": 0.417349338531, "dvar": 0.0915465354919, "mean": -0.0787486433983}, "erbbands_crest": {"min": 2.38186621666, "max": 28.1127510071, "dvar2": 13.4441156387, "median": 6.92063951492, "dmean2": 4.05925416946, "dmean": 2.46573877335, "var": 13.0402469635, "dvar": 5.44166707993, "mean": 7.80290365219}, "melbands": {"min": [4.07127267488e-25, 2.08428637554e-25, 5.61616258748e-25, 1.93996575204e-24, 1.71667610902e-24, 1.68345283757e-24, 1.15733438278e-24, 3.69811957582e-24, 2.28858429087e-24, 4.04685052733e-24, 2.77947271067e-24, 1.78623017225e-24, 2.57514748103e-24, 2.90032482084e-24, 1.41212481947e-24, 3.92371525648e-24, 2.63406986862e-24, 3.81209064953e-24, 4.22473945032e-24, 2.48412654042e-24, 3.17696315473e-24, 4.2028252888e-24, 4.38485573154e-24, 3.50408582554e-24, 5.05084326773e-24, 4.76745050956e-24, 3.29224985122e-24, 5.0727373133e-24, 5.92354273224e-24, 5.61793367882e-24, 5.67495372834e-24, 6.55557730064e-24, 5.80784208099e-24, 6.27773023463e-24, 6.38162597686e-24, 5.16017268388e-24, 6.86205252333e-24, 6.5944050344e-24, 6.81091382629e-24, 5.8289180778e-24], "max": [0.0493662953377, 0.0522972941399, 0.011682880111, 0.0126283783466, 0.00494001526386, 0.00206074444577, 0.00533371930942, 0.00454826885834, 0.00419533578679, 0.00315439188853, 0.00254024541937, 0.00299830315635, 0.00318671227433, 0.00224272836931, 0.00310215633363, 0.00155353336595, 0.00210740882903, 0.0021024865564, 0.00292534590699, 0.00136502564419, 0.00086027639918, 0.000993582769297, 0.00110143632628, 0.000859379651956, 0.000763643241953, 0.000742323580198, 0.000543808273505, 0.000623875181191, 0.000488867226522, 0.000209057572647, 0.000153946893988, 0.000141781769344, 0.000135047957883, 9.07420690055e-05, 7.33732013032e-05, 3.38194804499e-05, 1.61365605891e-05, 2.47168190981e-05, 2.85315054498e-05, 2.39493601839e-05], "dvar2": [4.36561313109e-05, 3.81449463021e-05, 3.75217177861e-06, 5.10544907684e-07, 1.04589069849e-07, 3.18888666584e-08, 1.54789844942e-07, 1.9276738783e-07, 7.87547307368e-08, 5.59247261833e-08, 3.46651702898e-08, 2.41185116323e-08, 2.62092445524e-08, 1.52213655014e-08, 1.25968711018e-08, 1.21456178448e-08, 1.13968674498e-08, 1.40770088919e-08, 8.25024759621e-09, 7.57647189431e-09, 4.31272084711e-09, 2.34291186452e-09, 2.60734411839e-09, 2.23213825201e-09, 1.47618550717e-09, 1.52357493288e-09, 9.4121199723e-10, 8.14579848019e-10, 3.63364505152e-10, 3.74998671004e-10, 8.15075298921e-11, 6.4888636131e-11, 7.65185970142e-11, 2.89157586764e-11, 1.0305203739e-11, 5.70664392477e-12, 1.3821790934e-12, 1.21657707779e-12, 1.25764665609e-12, 2.65084048462e-12], "median": [0.000102938232885, 0.000241823057877, 0.000150183215737, 0.000125481223222, 5.55048427486e-05, 3.13266027661e-05, 5.86838468735e-05, 6.1322680267e-05, 3.59077239409e-05, 2.54901115113e-05, 2.61843779299e-05, 2.72115648841e-05, 2.38793400058e-05, 2.3688256988e-05, 2.14858719119e-05, 2.3937493097e-05, 2.14618521568e-05, 1.78109203262e-05, 1.54759181896e-05, 1.40679412652e-05, 9.85070710158e-06, 8.74595207279e-06, 9.02259853319e-06, 9.7430202004e-06, 6.36337654214e-06, 5.71314831177e-06, 4.50982906841e-06, 3.40365863849e-06, 2.18727996071e-06, 1.67907512605e-06, 1.31021749894e-06, 1.2387120023e-06, 1.12419991183e-06, 7.57593113576e-07, 8.20818513603e-07, 6.48141394777e-07, 5.04128934153e-07, 3.4095785395e-07, 2.74916175158e-07, 2.70576606454e-07], "dmean2": [0.0018214925658, 0.00194212188944, 0.000780243310146, 0.000344231870258, 0.000156274836627, 8.45953181852e-05, 0.000169141116203, 0.000201733666472, 0.000117183277325, 0.00010330168152, 8.354804595e-05, 7.12980618118e-05, 6.76538911648e-05, 5.63610665267e-05, 5.02875700477e-05, 5.06951691932e-05, 5.35986073373e-05, 5.21311521879e-05, 4.12045083067e-05, 3.99156961066e-05, 2.90515708912e-05, 2.25936273637e-05, 2.2859472665e-05, 2.16698190343e-05, 1.82171988854e-05, 1.58215989359e-05, 1.41978753163e-05, 1.15361090138e-05, 7.58068790674e-06, 7.91647471488e-06, 4.33888499174e-06, 3.54912162948e-06, 3.71944270228e-06, 2.332926897e-06, 1.60657009474e-06, 1.12896725568e-06, 6.46327464437e-07, 5.375571277e-07, 5.05725438416e-07, 7.2946659202e-07], "dmean": [0.00115682429168, 0.00125334388576, 0.00045491088531, 0.000203226096346, 9.40172394621e-05, 5.22617265233e-05, 0.000106611289084, 0.000125071193906, 7.40530304029e-05, 6.51634909445e-05, 5.30263205292e-05, 4.48234713986e-05, 4.21290606027e-05, 3.56884265784e-05, 3.14522367262e-05, 3.17073645419e-05, 3.36174343829e-05, 3.24049142364e-05, 2.6459179935e-05, 2.50402990787e-05, 1.84980654012e-05, 1.4020942217e-05, 1.45677095134e-05, 1.42320532177e-05, 1.21764878713e-05, 1.0362788089e-05, 9.17626221053e-06, 7.83211180533e-06, 5.49377591597e-06, 5.12987935508e-06, 3.11081589643e-06, 2.53652137872e-06, 2.60477281699e-06, 1.62721698871e-06, 1.08406482013e-06, 7.74638806433e-07, 4.50131778962e-07, 3.64887853266e-07, 3.50768743829e-07, 4.95537051393e-07], "var": [1.8166118025e-05, 1.97415301955e-05, 1.06637924091e-06, 1.87092894066e-07, 4.31542268586e-08, 2.04403676207e-08, 1.04656656674e-07, 1.19306250213e-07, 5.19537692867e-08, 5.46027507653e-08, 3.73498032502e-08, 1.85279489529e-08, 1.97314822259e-08, 1.20871330722e-08, 1.17539249445e-08, 8.17292189481e-09, 9.60738510969e-09, 1.21247074603e-08, 9.58854506905e-09, 6.52195186746e-09, 3.5766773987e-09, 2.19940199386e-09, 1.68779168419e-09, 1.94265914466e-09, 1.63690871968e-09, 1.59255286736e-09, 1.04054209693e-09, 6.95471957801e-10, 3.76149000836e-10, 2.49559178878e-10, 1.15735122874e-10, 7.78991732231e-11, 8.68290231382e-11, 3.25393739731e-11, 1.61594036763e-11, 9.54147351406e-12, 2.48737792516e-12, 1.81111159056e-12, 1.85004854318e-12, 3.09036888961e-12], "dvar": [1.94248095795e-05, 1.77109304786e-05, 1.3927077589e-06, 1.83938553278e-07, 3.98363759757e-08, 1.31047581675e-08, 6.49380567097e-08, 7.5960464585e-08, 3.14894599285e-08, 2.47509355233e-08, 1.48125520738e-08, 9.66383506551e-09, 1.04568282921e-08, 6.40837827248e-09, 5.43663869479e-09, 4.89450924235e-09, 4.95171592618e-09, 5.82348747002e-09, 3.84685705512e-09, 3.11887093929e-09, 1.72007152965e-09, 9.75511338375e-10, 1.05056807698e-09, 9.22767917633e-10, 6.36865227222e-10, 6.48572362483e-10, 4.04613509364e-10, 3.41263795001e-10, 1.76227532567e-10, 1.68604560868e-10, 4.33707167402e-11, 3.38567784919e-11, 3.48360923441e-11, 1.36787204827e-11, 4.8390506012e-12, 2.49995098407e-12, 6.40202734575e-13, 5.28508985707e-13, 5.69318030219e-13, 1.28008899054e-12], "mean": [0.00102053268347, 0.00140310428105, 0.000460569892311, 0.00026839657221, 0.00012251213775, 7.56539448048e-05, 0.000159484930919, 0.000181866213097, 0.000108323765744, 0.000100573881355, 9.02543906705e-05, 6.95109192748e-05, 6.56558695482e-05, 5.61811866646e-05, 4.97783985338e-05, 5.01907161379e-05, 5.19527529832e-05, 5.04887466377e-05, 4.35126275988e-05, 4.11571454606e-05, 3.0644099752e-05, 2.39590826823e-05, 2.35873940255e-05, 2.53031575994e-05, 2.23145289056e-05, 1.91226845345e-05, 1.60983563546e-05, 1.28532083181e-05, 8.76982994669e-06, 7.3517335295e-06, 5.59994305149e-06, 4.57951136923e-06, 4.69955648441e-06, 2.95199788525e-06, 2.32311322179e-06, 1.8135189066e-06, 1.10748624138e-06, 8.80105915257e-07, 8.10406902474e-07, 9.60347506407e-07]}, "spectral_entropy": {"min": 5.45199203491, "max": 9.81616687775, "dvar2": 0.0355645082891, "median": 7.86402511597, "dmean2": 0.177454337478, "dmean": 0.118582889438, "var": 0.103859163821, "dvar": 0.0183758269995, "mean": 7.88070726395}, "spectral_rolloff": {"min": 64.599609375, "max": 19487.5488281, "dvar2": 3728067, "median": 2260.98632812, "dmean2": 1195.90917969, "dmean": 754.328796387, "var": 5512965, "dvar": 1668950.625, "mean": 2810.76635742}, "barkbands": {"min": [1.14247421548e-25, 1.18759134002e-24, 5.53209368081e-25, 1.33620238076e-24, 1.68586643639e-23, 1.02644932268e-23, 8.55556097086e-24, 1.26070401395e-23, 2.50986762396e-23, 2.60557522665e-23, 1.45848895561e-23, 2.91574255503e-23, 2.77654173742e-23, 2.43178427829e-23, 5.33660678959e-23, 5.70429170207e-23, 6.86039765093e-23, 1.04598563655e-22, 1.25132108147e-22, 1.8411324379e-22, 3.22511884526e-22, 3.49965809128e-22, 4.10148146426e-22, 6.71010134691e-22, 8.37221890487e-22, 1.30629862811e-21, 2.0897857876e-21], "max": [0.000830620119814, 0.210733011365, 0.0698608905077, 0.0221960544586, 0.0481761060655, 0.011645716615, 0.0280913449824, 0.0275084637105, 0.017020734027, 0.0180434249341, 0.0219064466655, 0.0171859283, 0.0175217892975, 0.0204933211207, 0.0278941951692, 0.0140669113025, 0.012537850067, 0.0171989668161, 0.0179107319564, 0.0153950992972, 0.00733006279916, 0.00526329223067, 0.00352672068402, 0.00193814025261, 0.0030595283024, 0.00403986824676, 0.00159733532928], "dvar2": [7.7009882915e-09, 0.000690901943017, 0.000114836439025, 1.54927583935e-05, 7.98086966824e-06, 9.76850060397e-07, 5.18989827469e-06, 3.42430712408e-06, 2.40821282205e-06, 1.47396406192e-06, 1.3184492218e-06, 1.06213428808e-06, 1.21342748116e-06, 1.34481774694e-06, 1.74687022536e-06, 1.14234728699e-06, 5.67762697301e-07, 7.86168698141e-07, 8.54288543906e-07, 5.71449561448e-07, 3.40605112115e-07, 1.21568376699e-07, 3.5318691971e-08, 6.87734225124e-09, 6.21508462473e-08, 2.48003971137e-07, 3.20144444288e-08], "median": [2.1548501536e-05, 0.000486982462462, 0.000377977907192, 0.000203369228984, 0.00057053740602, 0.00017042485706, 0.000317277386785, 0.000204362324439, 0.000179183189175, 0.000193488129298, 0.000135616312036, 0.000213561201235, 0.000221498281462, 0.000247277552262, 0.000211564518395, 0.000184226562851, 0.000154809880769, 0.000202380557312, 0.000153990084073, 0.000120629643789, 7.16908034519e-05, 6.28675625194e-05, 4.63348333142e-05, 3.68136425095e-05, 3.07418158627e-05, 1.7085159925e-05, 2.20744709623e-06], "dmean2": [3.54494331987e-05, 0.00739705841988, 0.0031679586973, 0.00161680742167, 0.0014241685858, 0.000488609774038, 0.000989414169453, 0.000779396796133, 0.000731527165044, 0.000546005961951, 0.00048125378089, 0.000493053055834, 0.000505273230374, 0.000614970806055, 0.000599179184064, 0.000524325820152, 0.000358427118044, 0.000426173588494, 0.000417425791966, 0.000340898841387, 0.000255216495134, 0.000166412457475, 8.98374782992e-05, 4.3063711928e-05, 9.80123368208e-05, 0.000174600747414, 6.40377329546e-05], "dmean": [2.28429580602e-05, 0.00477284891531, 0.00181017315481, 0.000926012638956, 0.000839869491756, 0.000297410791973, 0.000620757520664, 0.000487604964292, 0.000459823932033, 0.000348572910298, 0.000299509818433, 0.000307760230498, 0.000316338991979, 0.000384473532904, 0.000376826326828, 0.000336493569193, 0.000228792676353, 0.000281273329165, 0.000274877937045, 0.00023894351034, 0.00017651914095, 0.000122081415611, 6.32517403574e-05, 3.13823184115e-05, 6.82239842718e-05, 0.000124754325952, 4.57585738332e-05], "var": [3.38706218628e-09, 0.00031301935087, 3.04623281409e-05, 4.21785944127e-06, 3.05601361106e-06, 5.117811952e-07, 3.10025234285e-06, 2.27090640692e-06, 2.38763414018e-06, 1.35906680043e-06, 9.68601852946e-07, 9.00342570276e-07, 8.30449209843e-07, 1.2647017229e-06, 1.70942814748e-06, 1.02192166196e-06, 5.23479798176e-07, 6.97829534602e-07, 9.80937670647e-07, 6.82340044023e-07, 3.34400397151e-07, 1.88287287983e-07, 6.22964293484e-08, 1.48606167372e-08, 5.78813477148e-08, 1.7330333435e-07, 2.20041105337e-08], "dvar": [3.28245763903e-09, 0.000317368510878, 4.14979040215e-05, 5.75058629693e-06, 2.89320678348e-06, 3.86473743674e-07, 2.12809959521e-06, 1.37925428589e-06, 1.05360572888e-06, 6.30474858099e-07, 5.27345491719e-07, 4.40791296796e-07, 4.90402555897e-07, 5.84985400565e-07, 7.42886129501e-07, 4.76377124414e-07, 2.44533737259e-07, 3.30335922172e-07, 3.67281188574e-07, 2.62264620687e-07, 1.67449812238e-07, 6.84451677557e-08, 1.72696985601e-08, 3.33960414878e-09, 2.92786417333e-08, 1.16664836014e-07, 1.53167043493e-08], "mean": [3.80510209652e-05, 0.00441451882944, 0.0017672656104, 0.000828477728646, 0.00115681614261, 0.000399429496611, 0.000892038398888, 0.000695135793649, 0.000707060331479, 0.000561609340366, 0.000431972614024, 0.000485259894049, 0.00048739038175, 0.000594692886807, 0.00060293066781, 0.000552022596821, 0.000401307042921, 0.000520995585248, 0.000509116332978, 0.000426809652708, 0.000292135227937, 0.000235852407059, 0.000142237491673, 8.49578500492e-05, 0.000122854136862, 0.000159483170137, 5.33456914127e-05]}, "melbands_flatness_db": {"min": 0.00382227753289, "max": 0.658391535282, "dvar2": 0.0016489061527, "median": 0.124957613647, "dmean2": 0.037635076791, "dmean": 0.0254025924951, "var": 0.00428273528814, "dvar": 0.000964844657574, "mean": 0.134107023478}, "melbands_skewness": {"min": -1.73955368996, "max": 14.6699676514, "dvar2": 1.90745484829, "median": 1.40239202976, "dmean2": 1.06173455715, "dmean": 0.717278122902, "var": 2.81853938103, "dvar": 1.06179785728, "mean": 1.78538095951}, "barkbands_skewness": {"min": -3.40442585945, "max": 44.3483924866, "dvar2": 1.79826247692, "median": 0.532325446606, "dmean2": 0.796458482742, "dmean": 0.546598613262, "var": 2.19283699989, "dvar": 0.896679639816, "mean": 0.766986012459}, "silence_rate_60dB": {"min": 0, "max": 1, "dvar2": 0.10336227715, "median": 0, "dmean2": 0.10086235404, "dmean": 0.050425671041, "var": 0.134329870343, "dvar": 0.0478783622384, "mean": 0.159882128239}, "spectral_energyband_low": {"min": 1.72984385414e-23, "max": 0.226470708847, "dvar2": 0.00076275417814, "median": 0.00120065663941, "dmean2": 0.00890276115388, "dmean": 0.00604974199086, "var": 0.000447649916168, "dvar": 0.000377397314878, "mean": 0.00662360945717}, "spectral_energyband_middle_low": {"min": 2.16664118607e-22, "max": 0.0708599612117, "dvar2": 5.11619618919e-05, "median": 0.00316768069752, "dmean2": 0.00430532265455, "dmean": 0.00265137455426, "var": 2.77720791928e-05, "dvar": 1.99455771508e-05, "mean": 0.00484068924561}, "melbands_kurtosis": {"min": -1.85532188416, "max": 534.929382324, "dvar2": 791.665771484, "median": 1.87841844559, "dmean2": 9.39292526245, "dmean": 6.14886236191, "var": 539.80255127, "dvar": 361.007354736, "mean": 7.6025686264}, "spectral_decrease": {"min": -6.31007850416e-08, "max": 1.37226721509e-28, "dvar2": 5.32026621952e-17, "median": -2.38532571473e-09, "dmean2": 3.10200065634e-09, "dmean": 2.17736872976e-09, "var": 3.94340754631e-17, "dvar": 2.6930327297e-17, "mean": -4.11144940315e-09}, "erbbands_kurtosis": {"min": -1.70336210728, "max": 40.8303718567, "dvar2": 3.80811142921, "median": 0.0293672084808, "dmean2": 1.27448034286, "dmean": 0.791555285454, "var": 2.68599224091, "dvar": 1.70627653599, "mean": 0.369511365891}, "melbands_crest": {"min": 1.67070555687, "max": 30.3754405975, "dvar2": 26.0738658905, "median": 10.6932201385, "dmean2": 5.77096176147, "dmean": 3.52615070343, "var": 28.3427600861, "dvar": 10.5869531631, "mean": 11.7428894043}, "gfcc": {"cov": [[18737.7207031, -380.614868164, -902.403930664, 55.9280128479, -464.265380859, -139.838272095, -320.764190674, 68.3736114502, -397.036376953, 42.9948806763, -418.813018799, -22.1534633636, -287.102142334], [-380.614868164, 1168.06689453, -100.462257385, 54.1567306519, 71.223487854, 79.1312713623, 28.8275718689, 26.6525249481, 69.158241272, -27.3463687897, 98.5576324463, -42.5766448975, 15.0241641998], [-902.403930664, -100.462257385, 883.912109375, -14.6510858536, 316.058898926, 1.26001763344, 91.1105194092, -8.28886604309, 39.4307518005, 51.5811309814, -12.2137231827, 70.7042922974, -21.1973400116], [55.9280128479, 54.1567306519, -14.6510858536, 302.602142334, 28.6558742523, 23.162361145, 12.153799057, -11.2133712769, 34.6925773621, -6.08815908432, 9.6187620163, 4.1597738266, 20.1366958618], [-464.265380859, 71.223487854, 316.058898926, 28.6558742523, 333.759063721, 24.1062088013, 80.3077392578, 15.3259401321, 36.1361961365, 29.3147239685, 7.00680351257, 26.9302768707, 2.7886402607], [-139.838272095, 79.1312713623, 1.26001763344, 23.162361145, 24.1062088013, 215.803741455, 23.100320816, 50.9631690979, 6.14717960358, 9.99507236481, 41.5849266052, -1.69135844707, 14.1948318481], [-320.764190674, 28.8275718689, 91.1105194092, 12.153799057, 80.3077392578, 23.100320816, 167.363555908, 25.1592578888, 23.7778186798, 7.13075494766, 13.0152778625, 9.34119129181, -4.2256360054], [68.3736114502, 26.6525249481, -8.28886604309, -11.2133712769, 15.3259401321, 50.9631690979, 25.1592578888, 121.725738525, 38.429851532, 17.8594608307, 17.839756012, -4.24932527542, 8.93210601807], [-397.036376953, 69.158241272, 39.4307518005, 34.6925773621, 36.1361961365, 6.14717960358, 23.7778186798, 38.429851532, 109.32837677, 30.7411251068, 21.8019256592, 4.1459145546, 10.7243299484], [42.9948806763, -27.3463687897, 51.5811309814, -6.08815908432, 29.3147239685, 9.99507236481, 7.13075494766, 17.8594608307, 30.7411251068, 74.3894348145, 30.1861419678, 9.56663703918, -6.25200510025], [-418.813018799, 98.5576324463, -12.2137231827, 9.6187620163, 7.00680351257, 41.5849266052, 13.0152778625, 17.839756012, 21.8019256592, 30.1861419678, 87.2652282715, 17.6507968903, 11.133646965], [-22.1534633636, -42.5766448975, 70.7042922974, 4.1597738266, 26.9302768707, -1.69135844707, 9.34119129181, -4.24932527542, 4.1459145546, 9.56663703918, 17.6507968903, 65.7781600952, 14.7837963104], [-287.102142334, 15.0241641998, -21.1973400116, 20.1366958618, 2.7886402607, 14.1948318481, -4.2256360054, 8.93210601807, 10.7243299484, -6.25200510025, 11.133646965, 14.7837963104, 59.6956253052]], "icov": [[9.35948555707e-05, -6.7185232183e-05, 0.000123131889268, -0.000119141899631, 4.28984385508e-05, -1.0285614735e-05, 9.80434415396e-05, -0.000267857132712, 0.000406828214182, -0.000491656886879, 0.000694493995979, -0.000427515624324, 0.000450189254479], [-6.7185232183e-05, 0.00121851579752, 6.33814634057e-05, 9.81469856924e-05, -0.000532227335498, -0.000123115154565, 1.0064345588e-05, 0.000384503888199, -0.00110192236025, 0.0017676805146, -0.00227416632697, 0.00139315798879, -0.000180861316039], [0.000123131889268, 6.33814634057e-05, 0.00216286815703, 9.17890574783e-05, -0.00164424988907, -0.000178308677278, -8.92094976734e-05, 9.27025976125e-05, 7.35786306905e-05, -0.00117994146422, 0.00166161824018, -0.00217807246372, 0.00150502508041], [-0.000119141899631, 9.81469856924e-05, 9.17890574783e-05, 0.00384411029518, -0.000474740460049, -0.000518120941706, -0.000242174268351, 0.00145099323709, -0.00209667929448, 0.00135561870411, -0.000936781405471, 0.000486861739773, -0.0013779028086], [4.28984385508e-05, -0.000532227335498, -0.00164424988907, -0.000474740460049, 0.00526532670483, -0.000213126433664, -0.00138924981002, -0.000340414175298, 0.0001899406343, -0.00152271846309, 0.00124570203479, -0.000502207374666, -0.000627698842436], [-1.0285614735e-05, -0.000123115154565, -0.000178308677278, -0.000518120941706, -0.000213126433664, 0.00588268274441, -0.00030651682755, -0.00238632876426, 0.00144226604607, 0.000198325156816, -0.0026542476844, 0.00107994710561, -0.000971278233919], [9.80434415396e-05, 1.0064345588e-05, -8.92094976734e-05, -0.000242174268351, -0.00138924981002, -0.00030651682755, 0.00729091465473, -0.00137223966885, -0.000475281558465, 0.000780012924224, -0.000290528783808, -0.000823238689918, 0.00180335878395], [-0.000267857132712, 0.000384503888199, 9.27025976125e-05, 0.00145099323709, -0.000340414175298, -0.00238632876426, -0.00137223966885, 0.0117733795196, -0.00488076684996, 0.000439551396994, -0.00200065923855, 0.00231964886189, -0.00239543104544], [0.000406828214182, -0.00110192236025, 7.35786306905e-05, -0.00209667929448, 0.0001899406343, 0.00144226604607, -0.000475281558465, -0.00488076684996, 0.0151782687753, -0.0071812197566, 0.00282459519804, -0.00140366342384, -0.000345904991264], [-0.000491656886879, 0.0017676805146, -0.00117994146422, 0.00135561870411, -0.00152271846309, 0.000198325156816, 0.000780012924224, 0.000439551396994, -0.0071812197566, 0.0232729166746, -0.0118354270235, 0.00258651887998, 0.00162201409694], [0.000694493995979, -0.00227416632697, 0.00166161824018, -0.000936781405471, 0.00124570203479, -0.0026542476844, -0.000290528783808, -0.00200065923855, 0.00282459519804, -0.0118354270235, 0.0243116784841, -0.00897379033267, 0.00161135650706], [-0.000427515624324, 0.00139315798879, -0.00217807246372, 0.000486861739773, -0.000502207374666, 0.00107994710561, -0.000823238689918, 0.00231964886189, -0.00140366342384, 0.00258651887998, -0.00897379033267, 0.0225477349013, -0.00737035414204], [0.000450189254479, -0.000180861316039, 0.00150502508041, -0.0013779028086, -0.000627698842436, -0.000971278233919, 0.00180335878395, -0.00239543104544, -0.000345904991264, 0.00162201409694, 0.00161135650706, -0.00737035414204, 0.0224646721035]], "mean": [-17.4329414368, 52.725894928, -121.02331543, 24.5692253113, -47.5416984558, 12.0043010712, -34.7180976868, 9.39928531647, -24.7894172668, 5.09545087814, -19.6339454651, 0.194591537118, -18.9448299408]}, "melbands_spread": {"min": 0.264209657907, "max": 179.679733276, "dvar2": 288.102020264, "median": 38.2246513367, "dmean2": 16.4067058563, "dmean": 10.9782104492, "var": 673.732666016, "dvar": 149.174804688, "mean": 42.4963951111}, "spectral_energy": {"min": 1.02791440588e-20, "max": 0.245754182339, "dvar2": 0.0007804420311, "median": 0.0103820227087, "dmean2": 0.0123784160241, "dmean": 0.00878805853426, "var": 0.000617028214037, "dvar": 0.000399234471843, "mean": 0.0175641681999}, "mfcc": {"cov": [[11278.0908203, 158.013595581, -485.341247559, 141.907241821, -285.963653564, -123.635871887, -109.902793884, -65.6984176636, -29.0472221375, -40.9367218018, -33.9449195862, -184.164230347, -43.1276473999], [158.013595581, 1032.18701172, 12.7940788269, 13.0228443146, 112.729545593, 26.4599075317, 57.7049484253, 41.3492202759, -14.6608533859, 44.5583496094, 47.2490959167, 28.9804935455, -13.0925626755], [-485.341247559, 12.7940788269, 397.870758057, 50.3772583008, 107.975944519, 69.6559066772, 31.1264057159, 27.4295558929, 26.389875412, -9.17809677124, 19.464553833, 38.8925628662, 24.8187198639], [141.907241821, 13.0228443146, 50.3772583008, 299.750915527, 52.4957923889, 51.2480888367, -15.3133611679, 11.1707706451, 21.0440006256, -3.72613239288, -1.90150785446, -1.0617275238, 17.7949256897], [-285.963653564, 112.729545593, 107.975944519, 52.4957923889, 232.771697998, 60.3722572327, 32.7802238464, 18.094751358, 36.7995986938, 13.8787899017, 10.6124839783, 37.0157089233, 17.0954494476], [-123.635871887, 26.4599075317, 69.6559066772, 51.2480888367, 60.3722572327, 140.631027222, 50.1664733887, 23.3994693756, 6.46990585327, 1.82166719437, 16.215965271, 4.26383495331, 3.94513630867], [-109.902793884, 57.7049484253, 31.1264057159, -15.3133611679, 32.7802238464, 50.1664733887, 138.945327759, 44.9605407715, 9.78421401978, 19.5389556885, 22.8928642273, 3.95391798019, 5.84389162064], [-65.6984176636, 41.3492202759, 27.4295558929, 11.1707706451, 18.094751358, 23.3994693756, 44.9605407715, 91.2472229004, 35.0989570618, 12.3820638657, 13.4328622818, 10.8242311478, 4.22933530807], [-29.0472221375, -14.6608533859, 26.389875412, 21.0440006256, 36.7995986938, 6.46990585327, 9.78421401978, 35.0989570618, 85.4197387695, 28.5615901947, 8.76375961304, 3.22688817978, 5.78520298004], [-40.9367218018, 44.5583496094, -9.17809677124, -3.72613239288, 13.8787899017, 1.82166719437, 19.5389556885, 12.3820638657, 28.5615901947, 83.3836135864, 36.030380249, 1.9246994257, 3.4586520195], [-33.9449195862, 47.2490959167, 19.464553833, -1.90150785446, 10.6124839783, 16.215965271, 22.8928642273, 13.4328622818, 8.76375961304, 36.030380249, 81.2552947998, 21.4919013977, 4.22689294815], [-184.164230347, 28.9804935455, 38.8925628662, -1.0617275238, 37.0157089233, 4.26383495331, 3.95391798019, 10.8242311478, 3.22688817978, 1.9246994257, 21.4919013977, 81.2709503174, 31.0455627441], [-43.1276473999, -13.0925626755, 24.8187198639, 17.7949256897, 17.0954494476, 3.94513630867, 5.84389162064, 4.22933530807, 5.78520298004, 3.4586520195, 4.22689294815, 31.0455627441, 64.9371185303]], "icov": [[9.99576077447e-05, -3.63416183973e-05, 9.70619876171e-05, -7.05364946043e-05, 7.92237260612e-05, 3.10820250888e-05, 2.33294285863e-05, 3.64639308827e-05, -6.93667316227e-05, 0.000108270607598, -8.02931608632e-05, 0.000198545472813, -7.52097912482e-05], [-3.63416183973e-05, 0.00114539742935, 6.82530153426e-05, -4.89630001539e-05, -0.000689589593094, 0.000191123079276, -0.000183701471542, -0.00060862256214, 0.000931123213377, -0.000590614916291, -0.000287117087282, -0.000275387690635, 0.00051908387104], [9.70619876171e-05, 6.82530153426e-05, 0.00326786143705, -0.000192248844542, -0.000960851728451, -0.000884112610947, -5.19522545801e-05, -0.000216609885683, -0.000593156728428, 0.00113391561899, -0.000722330471035, -0.000464837503387, -0.00053090590518], [-7.05364946043e-05, -4.89630001539e-05, -0.000192248844542, 0.00397306866944, -0.000593009928707, -0.00150970532559, 0.00130844325759, -0.000452568317996, -0.000582237029448, 0.000270016462309, 7.32052058083e-06, 0.000852296710946, -0.00128289184067], [7.92237260612e-05, -0.000689589593094, -0.000960851728451, -0.000593009928707, 0.0065570352599, -0.00183883740101, -0.000762996613048, 0.00150161213242, -0.00279334909283, -0.000338801706675, 0.00121559691615, -0.00243599317037, 0.000152076769155], [3.10820250888e-05, 0.000191123079276, -0.000884112610947, -0.00150970532559, -0.00183883740101, 0.0101550482213, -0.00296187517233, -0.000907874549739, 0.00122003129218, 0.00088171166135, -0.00157703564037, 0.00117449031677, 0.000389104010537], [2.33294285863e-05, -0.000183701471542, -5.19522545801e-05, 0.00130844325759, -0.000762996613048, -0.00296187517233, 0.01050996501, -0.00466760667041, 0.00156343041454, -0.00139553891495, -0.00123957078904, 0.00159495079424, -0.00136805244256], [3.64639308827e-05, -0.00060862256214, -0.000216609885683, -0.000452568317996, 0.00150161213242, -0.000907874549739, -0.00466760667041, 0.0164272151887, -0.00707704946399, 0.0012887296034, -0.000281775282929, -0.00215267087333, 0.00072765967343], [-6.93667316227e-05, 0.000931123213377, -0.000593156728428, -0.000582237029448, -0.00279334909283, 0.00122003129218, 0.00156343041454, -0.00707704946399, 0.0179145000875, -0.00601009326056, 0.00083843403263, 0.00122679502238, -0.000407566985814], [0.000108270607598, -0.000590614916291, 0.00113391561899, 0.000270016462309, -0.000338801706675, 0.00088171166135, -0.00139553891495, 0.0012887296034, -0.00601009326056, 0.0180855616927, -0.00774534093216, 0.0023647302296, -0.00153147790115], [-8.02931608632e-05, -0.000287117087282, -0.000722330471035, 7.32052058083e-06, 0.00121559691615, -0.00157703564037, -0.00123957078904, -0.000281775282929, 0.00083843403263, -0.00774534093216, 0.0178340189159, -0.00536438636482, 0.00181016675197], [0.000198545472813, -0.000275387690635, -0.000464837503387, 0.000852296710946, -0.00243599317037, 0.00117449031677, 0.00159495079424, -0.00215267087333, 0.00122679502238, 0.0023647302296, -0.00536438636482, 0.0188278313726, -0.00830033887178], [-7.52097912482e-05, 0.00051908387104, -0.00053090590518, -0.00128289184067, 0.000152076769155, 0.000389104010537, -0.00136805244256, 0.00072765967343, -0.000407566985814, -0.00153147790115, 0.00181016675197, -0.00830033887178, 0.0199890639633]], "mean": [-657.907043457, 93.247253418, -14.8522586823, 18.2607402802, 3.96873641014, 6.21190309525, 1.05558025837, 3.87794065475, -1.79460406303, 3.746976614, 1.82910740376, -0.687496364117, -0.579848229885]}, "spectral_contrast_valleys": {"min": [-28.0687599182, -27.9452438354, -27.6971683502, -27.5416507721, -27.4939804077, -27.3933525085], "max": [-5.31612205505, -5.11124324799, -5.45142507553, -5.4790096283, -5.37455177307, -7.89999675751], "dvar2": [0.386951953173, 0.350028336048, 0.235416457057, 0.225578770041, 0.2115252316, 0.144306868315], "median": [-7.69850301743, -7.03182172775, -7.34233093262, -7.44179725647, -7.3830075264, -9.89465808868], "dmean2": [0.730590164661, 0.630632698536, 0.523691594601, 0.461159080267, 0.388834565878, 0.303533345461], "dmean": [0.465179115534, 0.394225567579, 0.328283160925, 0.289218336344, 0.271088331938, 0.24818713963], "var": [3.27290558815, 3.23958802223, 3.20348548889, 3.16444420815, 3.34042525291, 2.86527228355], "dvar": [0.200428396463, 0.163455069065, 0.116370633245, 0.117332048714, 0.128660514951, 0.101169474423], "mean": [-7.98590373993, -7.32359075546, -7.61958265305, -7.70431947708, -7.58217763901, -10.1587457657]}, "barkbands_flatness_db": {"min": 0.0121663035825, "max": 0.519739210606, "dvar2": 0.00101103901397, "median": 0.074221804738, "dmean2": 0.028450012207, "dmean": 0.0189815424383, "var": 0.00173483928666, "dvar": 0.000537658692338, "mean": 0.0804115533829}, "dynamic_complexity": 4.62930965424, "erbbands_flatness_db": {"min": 0.0313791893423, "max": 0.292441099882, "dvar2": 0.000488211546326, "median": 0.132433339953, "dmean2": 0.024835050106, "dmean": 0.0178776606917, "var": 0.00138782022987, "dvar": 0.000302247091895, "mean": 0.133770361543}, "hfc": {"min": 1