{"lowlevel": {"spectral_complexity": {"min": 0, "max": 60, "dvar2": 26.3900680542, "median": 7, "dmean2": 3.9556350708, "dmean": 2.73315882683, "var": 150.995925903, "dvar": 15.8794536591, "mean": 12.5042695999}, "silence_rate_20dB": {"min": 1, "max": 1, "dvar2": 0, "median": 1, "dmean2": 0, "dmean": 0, "var": 0, "dvar": 0, "mean": 1}, "average_loudness": 0.837179005146, "erbbands_spread": {"min": 0.432538717985, "max": 179.620620728, "dvar2": 626.888793945, "median": 27.3874816895, "dmean2": 18.9865550995, "dmean": 12.1082868576, "var": 670.70123291, "dvar": 278.55871582, "mean": 32.7794113159}, "spectral_kurtosis": {"min": -1.20440721512, "max": 155.406402588, "dvar2": 125.810302734, "median": 5.67775154114, "dmean2": 7.28716611862, "dmean": 4.8089799881, "var": 366.517608643, "dvar": 57.2887535095, "mean": 13.2196826935}, "barkbands_kurtosis": {"min": -1.9302406311, "max": 4194.81884766, "dvar2": 3571.41723633, "median": 9.13172721863, "dmean2": 21.7331905365, "dmean": 13.6008644104, "var": 16074.5244141, "dvar": 2003.18469238, "mean": 24.1363563538}, "spectral_strongpeak": {"min": 0, "max": 15.8673601151, "dvar2": 1.20956194401, "median": 0.283945977688, "dmean2": 0.523767352104, "dmean": 0.310292959213, "var": 0.908874928951, "dvar": 0.453295409679, "mean": 0.599286019802}, "spectral_spread": {"min": 558870.0625, "max": 38042348, "dvar2": 4573982883840.0, "median": 4437119, "dmean2": 1672519.875, "dmean": 1195623.75, "var": 6113447116800.0, "dvar": 2422377283580.0, "mean": 4793077.5}, "spectral_rms": {"min": 3.23353865385e-12, "max": 0.01371475216, "dvar2": 4.48412947662e-06, "median": 0.00403053406626, "dmean2": 0.00155134382658, "dmean": 0.000973250600509, "var": 4.93170227855e-06, "dvar": 1.80332574473e-06, "mean": 0.00415922608227}, "erbbands": {"min": [8.84024944885e-22, 4.55996277757e-21, 3.47212745658e-20, 7.16591993027e-20, 1.1883934547e-19, 1.77531338373e-19, 1.88395774108e-19, 1.33648321203e-19, 1.84491119725e-19, 1.06902134029e-18, 8.30355590238e-19, 1.26317965521e-18, 1.49866649848e-18, 3.55225972539e-18, 3.40692822767e-18, 4.13058594579e-18, 4.67119479821e-18, 8.91171883767e-18, 6.05689685934e-18, 6.94123813376e-18, 5.20424611496e-18, 1.13355722722e-17, 1.3603780094e-17, 1.12571299076e-17, 1.0935538629e-17, 1.35593505689e-17, 2.72430545081e-17, 2.63967709865e-17, 1.82351469729e-17, 1.4205427431e-17, 2.07359555014e-17, 1.91258550565e-17, 1.62099805315e-17, 1.23335334212e-17, 8.43071744737e-18, 6.6894145768e-18, 3.09582849442e-18, 1.18156794803e-18, 2.87806197953e-19, 2.97532698121e-20], "max": [3.51321291924, 30.0107250214, 78.4949951172, 216.821166992, 206.417816162, 325.597137451, 413.894683838, 412.408355713, 549.548950195, 835.315612793, 1927.46850586, 1956.18811035, 802.423950195, 637.930297852, 894.848205566, 798.425476074, 2418.70678711, 2476.44750977, 1799.13134766, 1975.64599609, 906.452636719, 1751.0402832, 1147.92541504, 1378.38305664, 1081.48327637, 836.002868652, 1023.43731689, 371.450561523, 311.778656006, 174.944595337, 347.821960449, 352.051818848, 91.0465927124, 118.98575592, 40.8140907288, 20.3113288879, 4.58719015121, 0.782970964909, 0.133358582854, 0.00450302753597], "dvar2": [0.200923457742, 12.6880569458, 158.108810425, 398.592010498, 408.994445801, 1300.02355957, 2477.02856445, 3337.26782227, 1420.71325684, 2525.38378906, 4362.55517578, 4423.50341797, 1146.79992676, 1035.72949219, 1072.16052246, 2373.32519531, 7608.22607422, 6112.59521484, 7047.80322266, 5579.0859375, 1791.73657227, 2272.74121094, 1658.01599121, 2332.36181641, 1663.84375, 949.137084961, 900.516784668, 440.587432861, 213.710876465, 63.338218689, 96.7563400269, 66.5441894531, 20.1420707703, 17.2190570831, 4.19827032089, 1.32389867306, 0.088429749012, 0.00338895083405, 5.16264408361e-05, 9.35171442507e-08], "median": [0.0721262097359, 0.362966001034, 1.03929686546, 2.24044919014, 4.05790519714, 5.65843772888, 4.36035013199, 3.3196849823, 5.40591621399, 4.38949203491, 3.43823933601, 2.50640153885, 1.15640115738, 0.98842716217, 0.802889823914, 0.801904022694, 1.05152344704, 1.44090282917, 1.01088833809, 0.730863928795, 0.568829655647, 0.355257332325, 0.397618591785, 0.429388016462, 0.374889552593, 0.421595275402, 0.32545658946, 0.250960052013, 0.180657237768, 0.163971483707, 0.152916818857, 0.115408673882, 0.0975324958563, 0.0820417478681, 0.0461800172925, 0.0188398417085, 0.0053206756711, 0.00112600065768, 0.000108868684038, 3.19889149978e-05], "dmean2": [0.221920415759, 1.63480651379, 5.49730205536, 8.67922115326, 11.3198680878, 14.8427381516, 16.2671947479, 15.7982225418, 16.4331626892, 17.6850032806, 23.5662689209, 16.5608654022, 9.20273303986, 9.38950920105, 9.83937454224, 15.4440069199, 27.2643585205, 22.4941101074, 18.1289482117, 14.0614442825, 11.2981567383, 8.82246017456, 8.42498207092, 10.0544290543, 10.086555481, 9.06506538391, 6.71435976028, 5.99324417114, 4.39859342575, 2.83297276497, 2.33544278145, 1.96680819988, 1.26445090771, 0.93974083662, 0.565983951092, 0.316037148237, 0.089039735496, 0.0187177844346, 0.00229802867398, 0.000114485977974], "dmean": [0.129800260067, 0.953762531281, 3.12897515297, 5.00126123428, 6.66090202332, 8.53938484192, 9.1733083725, 9.01319694519, 9.86781024933, 10.9173059464, 15.6098470688, 10.6001901627, 5.7774014473, 5.81419038773, 6.07612609863, 9.78011035919, 16.7229137421, 13.9388504028, 11.8997917175, 9.31829929352, 7.33370542526, 5.58159589767, 5.20057868958, 6.43155956268, 6.52038526535, 6.04234027863, 4.41483211517, 3.85693621635, 2.85766744614, 1.90885972977, 1.56993544102, 1.31771457195, 0.84351426363, 0.60917365551, 0.365164726973, 0.202501580119, 0.0568820163608, 0.0117920916528, 0.00143941363785, 7.29383755242e-05], "var": [0.0802947506309, 4.59988021851, 46.2783317566, 137.780471802, 179.803115845, 387.393188477, 587.316955566, 773.035888672, 991.879821777, 1562.85925293, 12154.3007812, 5896.30517578, 883.381652832, 652.428344727, 894.842834473, 1949.90563965, 5262.56494141, 5346.47558594, 4922.86669922, 3904.58935547, 1700.78173828, 1352.52905273, 977.082824707, 1444.28710938, 1492.97241211, 1273.84082031, 930.177490234, 337.421234131, 223.931411743, 96.5779495239, 79.1953887939, 54.5755691528, 15.8180017471, 7.77317285538, 2.2057955265, 0.582255423069, 0.0420984402299, 0.00163299054839, 2.17699907807e-05, 4.57324098591e-08], "dvar": [0.0703890994191, 4.62490272522, 55.7425727844, 144.838012695, 149.765686035, 470.791381836, 864.400512695, 1177.71252441, 527.081726074, 1050.80786133, 2081.41162109, 1989.22167969, 484.836120605, 402.346496582, 452.477111816, 1051.23046875, 3048.24047852, 2492.52954102, 2883.02856445, 2348.35620117, 751.285583496, 889.650512695, 632.240112305, 925.660705566, 724.934692383, 460.136077881, 396.274475098, 181.645751953, 94.4274520874, 31.8344841003, 40.886554718, 30.4717788696, 8.86665821075, 6.84712696075, 1.78772521019, 0.533719718456, 0.0361339710653, 0.00141275906935, 2.08206292882e-05, 3.93176513569e-08], "mean": [0.178402304649, 1.17294800282, 3.61031150818, 6.18006229401, 8.99236106873, 11.0714950562, 10.5000619888, 9.41954421997, 14.6314191818, 16.1363067627, 37.2143974304, 18.4223442078, 8.58322238922, 8.59296035767, 8.78585147858, 14.2727394104, 21.7515563965, 20.0552425385, 17.6186561584, 14.7126617432, 12.6545009613, 9.60454177856, 9.12376117706, 11.262386322, 11.9117774963, 11.428565979, 8.37125015259, 6.56049489975, 5.09481143951, 3.56658840179, 2.84126091003, 2.25106620789, 1.34297668934, 0.845492124557, 0.458049029112, 0.233708545566, 0.0666151493788, 0.0136800939217, 0.00155221705791, 9.3599774118e-05]}, "zerocrossingrate": {"min": 0.001953125, "max": 0.4921875, "dvar2": 0.000312951015076, "median": 0.0283203125, "dmean2": 0.0135489637032, "dmean": 0.011368968524, "var": 0.00170924898703, "dvar": 0.000264966161922, "mean": 0.0444572009146}, "spectral_contrast_coeffs": {"min": [-0.962469756603, -0.958433330059, -0.976062893867, -0.959448635578, -0.961718261242, -0.962050437927], "max": [-0.28296199441, -0.263924777508, -0.423504710197, -0.529215276241, -0.573400557041, -0.55073928833], "dvar2": [0.00566859450191, 0.00418916996568, 0.00212737102993, 0.00152883690316, 0.000799099449068, 0.00102307694033], "median": [-0.646241486073, -0.738729715347, -0.819577097893, -0.822636187077, -0.833374261856, -0.820783019066], "dmean2": [0.0917226597667, 0.0787845104933, 0.0569710470736, 0.0466363355517, 0.0326732434332, 0.0309518426657], "dmean": [0.0552347153425, 0.0481536984444, 0.0349263139069, 0.0289482884109, 0.0207950454205, 0.0198951549828], "var": [0.00875291973352, 0.0071666399017, 0.0042996481061, 0.00325595634058, 0.00240705464967, 0.00349087547511], "dvar": [0.00212376867421, 0.00160285178572, 0.000848086667247, 0.000622199557256, 0.000366704043699, 0.000454266526503], "mean": [-0.638784408569, -0.727608144283, -0.806806504726, -0.812262058258, -0.827121794224, -0.808053135872]}, "dissonance": {"min": 0.021049529314, "max": 0.499999970198, "dvar2": 0.00292260409333, "median": 0.455173224211, "dmean2": 0.0500891171396, "dmean": 0.0303096845746, "var": 0.0048825154081, "dvar": 0.00111499638297, "mean": 0.429785966873}, "spectral_energyband_high": {"min": 7.57686535885e-21, "max": 0.0456224791706, "dvar2": 2.43543763645e-06, "median": 6.2757768319e-05, "dmean2": 0.000528469332494, "dmean": 0.000363994156942, "var": 3.20391109199e-06, "dvar": 1.10965936528e-06, "mean": 0.000754235195927}, "spectral_skewness": {"min": -0.03119119443, "max": 10.9420251846, "dvar2": 0.797903478146, "median": 2.03137636185, "dmean2": 0.737278461456, "dmean": 0.498401135206, "var": 2.92259502411, "dvar": 0.377718180418, "mean": 2.57815408707}, "spectral_flux": {"min": 1.03523752071e-10, "max": 0.395764291286, "dvar2": 0.00314136222005, "median": 0.0650054514408, "dmean2": 0.0412727184594, "dmean": 0.0264110378921, "var": 0.00357320811599, "dvar": 0.00152060284745, "mean": 0.077578291297}, "silence_rate_30dB": {"min": 0, "max": 1, "dvar2": 0.00850644148886, "median": 1, "dmean2": 0.00606227619573, "dmean": 0.00303072039969, "var": 0.00178724271245, "dvar": 0.00302177877165, "mean": 0.998209357262}, "spectral_energyband_middle_high": {"min": 1.54579841452e-21, "max": 0.102760784328, "dvar2": 2.2520960556e-05, "median": 0.000240857742028, "dmean2": 0.00182174658403, "dmean": 0.00119920179714, "var": 4.16131661041e-05, "dvar": 1.04465771074e-05, "mean": 0.0028408060316}, "barkbands_spread": {"min": 0.0239596795291, "max": 111.106056213, "dvar2": 185.532409668, "median": 7.48416137695, "dmean2": 8.85889720917, "dmean": 5.70800256729, "var": 283.722564697, "dvar": 84.4250488281, "mean": 14.9567623138}, "spectral_centroid": {"min": 140.528594971, "max": 11112.125, "dvar2": 230915.875, "median": 495.414398193, "dmean2": 322.471710205, "dmean": 209.889587402, "var": 616728.25, "dvar": 115879.757812, "mean": 864.340576172}, "pitch_salience": {"min": 0.0409456640482, "max": 0.878796517849, "dvar2": 0.0152828218415, "median": 0.556038379669, "dmean2": 0.141109883785, "dmean": 0.0843975767493, "var": 0.0162823870778, "dvar": 0.00563627993688, "mean": 0.544278860092}, "erbbands_skewness": {"min": -3.72036099434, "max": 12.1805114746, "dvar2": 1.12102389336, "median": 1.13158464432, "dmean2": 0.990905821323, "dmean": 0.646252036095, "var": 2.4331073761, "dvar": 0.493966162205, "mean": 1.31628441811}, "erbbands_crest": {"min": 2.07190275192, "max": 33.0078544617, "dvar2": 18.9422111511, "median": 9.87467384338, "dmean2": 5.13660669327, "dmean": 3.11498451233, "var": 42.0257835388, "dvar": 7.83609199524, "mean": 11.7441205978}, "melbands": {"min": [8.73615410903e-24, 1.45389888954e-23, 1.33884620864e-23, 1.07317702508e-23, 7.49068946782e-24, 3.32881473747e-24, 2.92627420311e-24, 1.21498029482e-23, 7.8741697422e-24, 7.64495673986e-24, 8.72257229083e-24, 1.55523690806e-23, 1.0135133449e-23, 1.21571149e-23, 1.15646219844e-23, 7.66692730493e-24, 1.882456096e-23, 9.51168089837e-24, 9.97695184913e-24, 7.00456497903e-24, 5.9826564186e-24, 1.1317930191e-23, 1.50189744687e-23, 9.36118201487e-24, 8.90754755133e-24, 9.72525946643e-24, 7.09912573573e-24, 8.85106511051e-24, 1.5271973205e-23, 1.7817288136e-23, 1.49450834454e-23, 1.02842423596e-23, 9.03027537552e-24, 7.89560940388e-24, 1.1668649072e-23, 1.13257596355e-23, 1.27325297658e-23, 1.23776614764e-23, 8.99629440316e-24, 1.08446949006e-23], "max": [0.0281337760389, 0.0367103330791, 0.0336833968759, 0.0129800867289, 0.0140635725111, 0.00970454700291, 0.00835994631052, 0.011406804435, 0.0143226999789, 0.012551962398, 0.00423266366124, 0.00278715020977, 0.00246204365976, 0.00318155135028, 0.00329660251737, 0.00405116658658, 0.00524677708745, 0.00347823649645, 0.00479043135419, 0.00179150409531, 0.000989380874671, 0.00212196004577, 0.000682830810547, 0.00140217924491, 0.0011373028392, 0.000967536645476, 0.00101441540755, 0.000595433579292, 0.00087128195446, 0.000313739408739, 0.000209026678931, 0.000227917873417, 0.000160152747412, 9.04294793145e-05, 0.00017288592062, 0.000255625054706, 0.000209906604141, 6.15448734607e-05, 7.15323330951e-05, 0.000107124891656], "dvar2": [1.46187794599e-05, 3.45871485479e-05, 1.08657068267e-05, 2.73860132438e-06, 2.9702791835e-06, 1.70067198724e-06, 3.14314974048e-07, 3.13291906195e-07, 2.68574780193e-07, 1.55727335027e-07, 3.33951533094e-08, 1.91425808538e-08, 9.84391057557e-09, 2.17097735344e-08, 2.90359345456e-08, 4.45661108017e-08, 2.683924194e-08, 2.56848213809e-08, 1.4496951195e-08, 7.15528036821e-09, 2.70556110848e-09, 3.45580830619e-09, 1.00314734297e-09, 2.23303686653e-09, 1.84003323689e-09, 1.42982603535e-09, 9.70581615078e-10, 5.42189459996e-10, 5.87022708221e-10, 1.68494287967e-10, 1.51694309891e-10, 9.47745701363e-11, 4.21453427712e-11, 2.4193827497e-11, 3.20460429026e-11, 4.70621701332e-11, 2.26643894624e-11, 1.02773093855e-11, 1.21459309624e-11, 1.32308148812e-11], "median": [0.000659629586153, 0.000576599733904, 0.000463314994704, 0.000388620654121, 0.000178845133632, 8.06980096968e-05, 8.29225464258e-05, 4.23047458753e-05, 2.61707573372e-05, 1.26943459691e-05, 4.41824386144e-06, 3.85061139241e-06, 2.67353425443e-06, 2.03450144909e-06, 2.05168362299e-06, 2.50526363743e-06, 2.58134741671e-06, 1.70486873685e-06, 8.99690689948e-07, 8.43116367832e-07, 5.7698019873e-07, 3.17128979077e-07, 3.18142213018e-07, 3.47140087342e-07, 3.23402076674e-07, 2.57576914464e-07, 2.49063873525e-07, 2.73173981213e-07, 2.13510631397e-07, 1.27073192857e-07, 1.35524743428e-07, 9.43788194263e-08, 8.86639881514e-08, 9.26745542529e-08, 9.02348347154e-08, 7.05094151954e-08, 6.46673754545e-08, 6.1755464742e-08, 6.48592788366e-08, 6.60624408511e-08], "dmean2": [0.0019031673437, 0.00257130316459, 0.00151854555588, 0.000938370532822, 0.000564018904697, 0.000361013284419, 0.000252030760748, 0.000196522334591, 0.000186786608538, 9.69106986304e-05, 4.69558362965e-05, 3.98171869165e-05, 3.20566359733e-05, 3.79729826818e-05, 5.25268551428e-05, 6.06935900578e-05, 4.44765064458e-05, 3.47711866198e-05, 2.3521215553e-05, 1.89970523934e-05, 1.39844096338e-05, 1.00249790194e-05, 8.53694746183e-06, 8.15743533167e-06, 9.0724988695e-06, 8.38692085381e-06, 7.87034696259e-06, 6.43686553303e-06, 4.80925154989e-06, 3.84623172067e-06, 3.63816047866e-06, 2.82495307147e-06, 2.00967110686e-06, 1.66427628301e-06, 1.4654132201e-06, 1.44884745623e-06, 1.18674893201e-06, 8.98898406376e-07, 9.78301613941e-07, 7.90482374668e-07], "dmean": [0.001109150704, 0.00148155621719, 0.000879658327904, 0.00054713524878, 0.000321171857649, 0.000205770542379, 0.000151743894094, 0.000122154058772, 0.000122835946968, 6.15862227278e-05, 2.9176231692e-05, 2.45249611908e-05, 1.97279714484e-05, 2.3666971174e-05, 3.26651388605e-05, 3.63489598385e-05, 2.75984530163e-05, 2.24319792324e-05, 1.50226496771e-05, 1.22178089441e-05, 8.79843355506e-06, 6.30534668744e-06, 5.19481909578e-06, 5.04526315126e-06, 5.70988413529e-06, 5.328847692e-06, 4.99458565173e-06, 4.17931187258e-06, 3.14213093588e-06, 2.40296526499e-06, 2.32298452829e-06, 1.7989218577e-06, 1.32078196202e-06, 1.1158841744e-06, 9.63413185673e-07, 9.53025391937e-07, 7.86888506354e-07, 5.92635046814e-07, 6.28834754934e-07, 5.05213790802e-07], "var": [6.02862974119e-06, 1.08276290121e-05, 4.0309760152e-06, 1.06204379335e-06, 7.25401548607e-07, 3.89337259321e-07, 2.38570208921e-07, 2.2725774329e-07, 7.00986447555e-07, 2.31064134937e-07, 2.16663043062e-08, 1.1411608547e-08, 8.28265989128e-09, 1.10075202286e-08, 2.49920351081e-08, 2.42688429353e-08, 2.22212950263e-08, 1.68062594952e-08, 1.25706760556e-08, 4.97313923375e-09, 2.14582240865e-09, 1.81986548053e-09, 6.75356937041e-10, 1.00909502976e-09, 1.07062547716e-09, 8.98491114842e-10, 8.94202545343e-10, 5.66155400339e-10, 5.11906017575e-10, 1.5373678719e-10, 1.12106546268e-10, 8.4747944773e-11, 4.84787106292e-11, 2.97321611775e-11, 2.87700436391e-11, 2.78299154555e-11, 1.91766290347e-11, 7.38638750858e-12, 7.88027715998e-12, 5.23209817485e-12], "dvar": [5.27559313923e-06, 1.23329900816e-05, 3.98634347221e-06, 9.95608729681e-07, 1.05057085875e-06, 5.97998734975e-07, 1.19278453781e-07, 1.32156785071e-07, 1.27506581293e-07, 7.10038392526e-08, 1.37877833595e-08, 7.40050243309e-09, 4.11281941837e-09, 8.42519831679e-09, 1.26939898593e-08, 1.6930131963e-08, 1.09285815952e-08, 1.07199422672e-08, 6.82457601542e-09, 2.90560464578e-09, 1.0876763934e-09, 1.34173194777e-09, 3.83357595668e-10, 8.21320844668e-10, 7.25884186092e-10, 5.7395971309e-10, 4.279693544e-10, 2.47343950877e-10, 2.53483484203e-10, 6.88354720446e-11, 6.41065742157e-11, 4.04557359834e-11, 1.97846738992e-11, 1.12746964542e-11, 1.36197615686e-11, 1.93279142691e-11, 1.0716604687e-11, 4.36439166057e-12, 5.29001842331e-12, 5.10708402651e-12], "mean": [0.00155070936307, 0.00181159225758, 0.00115227408241, 0.000749676139094, 0.000384707556805, 0.000218241009861, 0.000226521340664, 0.000192067018361, 0.000285929098027, 0.000100745179225, 4.00812350563e-05, 3.45030966855e-05, 2.72355173365e-05, 3.26518857037e-05, 4.49098479294e-05, 4.55233639514e-05, 3.71420283045e-05, 2.97632104775e-05, 2.20949332288e-05, 1.82178846444e-05, 1.38781879286e-05, 9.99961321213e-06, 8.43663747219e-06, 7.97038319433e-06, 9.23959123611e-06, 8.72608325153e-06, 8.75866771821e-06, 7.28801796868e-06, 5.50219647266e-06, 4.1823641368e-06, 3.64876723324e-06, 3.02457874568e-06, 2.24275936489e-06, 1.93320420294e-06, 1.64826769833e-06, 1.55170539529e-06, 1.27842940856e-06, 9.04259252366e-07, 8.77977697655e-07, 6.62950583319e-07]}, "spectral_entropy": {"min": 2.93558454514, "max": 9.8056344986, "dvar2": 0.283593356609, "median": 7.12924814224, "dmean2": 0.481825739145, "dmean": 0.323716044426, "var": 1.0496212244, "dvar": 0.133209168911, "mean": 6.93334579468}, "spectral_rolloff": {"min": 21.533203125, "max": 19207.6171875, "dvar2": 2767592.75, "median": 409.130859375, "dmean2": 689.170837402, "dmean": 407.583099365, "var": 2297641.75, "dvar": 1169197.375, "mean": 990.85534668}, "barkbands": {"min": [2.05164404098e-23, 2.04901965852e-23, 4.44324832015e-23, 1.54238194629e-23, 5.14275274183e-23, 2.16415706308e-23, 2.14882807574e-23, 4.7805188582e-23, 6.02737694332e-23, 9.9420474362e-23, 6.07319524687e-23, 1.10176870484e-22, 9.78448793206e-23, 1.69339166456e-22, 1.41013152968e-22, 7.60562634393e-23, 1.89944301653e-22, 2.54112166193e-22, 2.23749427444e-22, 2.65684036232e-22, 7.57218419513e-22, 4.60691486988e-22, 6.73265191407e-22, 9.33964964626e-22, 1.0657630484e-21, 1.7522114813e-21, 2.21216106039e-21], "max": [0.00635593337938, 0.117124810815, 0.0733357220888, 0.0829419419169, 0.0673166885972, 0.0563135966659, 0.0369440466166, 0.0702795013785, 0.0717285498977, 0.0184838008136, 0.0150933060795, 0.0211751051247, 0.0454402081668, 0.0430634729564, 0.0436408929527, 0.0145698972046, 0.0249687302858, 0.0269730370492, 0.0163880437613, 0.0175041798502, 0.0168674383312, 0.00657649012282, 0.0102802189067, 0.0101189846173, 0.00730012124404, 0.00382866477594, 0.000637073942926], "dvar2": [3.58031485348e-07, 0.000206715529202, 0.000152508800966, 5.52712372155e-05, 6.60357763991e-05, 5.1130191423e-05, 6.76978925185e-06, 8.84681321622e-06, 6.84486849423e-06, 1.19366245599e-06, 5.19272020938e-07, 1.61349021255e-06, 4.36504933532e-06, 3.18324123327e-06, 2.41932798417e-06, 8.79449487456e-07, 5.24213646713e-07, 8.24610310701e-07, 6.28056113783e-07, 4.36897039435e-07, 3.6598925135e-07, 1.19613716265e-07, 1.04941655366e-07, 8.0131535185e-08, 8.93645761835e-08, 4.35282636602e-08, 1.53434287498e-09], "median": [0.000154410270625, 0.00226717349142, 0.000881096522789, 0.00058764271671, 0.00172715855297, 0.000453783432022, 0.000394069560571, 0.000121070363093, 9.0493071184e-05, 2.62599896814e-05, 2.13605599129e-05, 1.71495630639e-05, 2.41991292569e-05, 2.64521258941e-05, 1.21903085528e-05, 1.09058091766e-05, 5.24677489011e-06, 7.69208600104e-06, 7.24469100533e-06, 8.64327193995e-06, 6.85749637341e-06, 4.94924643135e-06, 5.49651940673e-06, 5.85627822147e-06, 7.41638450563e-06, 3.3672047266e-06, 6.36941308585e-07], "dmean2": [0.000275020574918, 0.00703848479316, 0.00535786617547, 0.00319484784268, 0.00402523763478, 0.0020314459689, 0.00118173542432, 0.00102747872006, 0.000663445331156, 0.00030192322447, 0.000241590299993, 0.000362580554793, 0.000625802669674, 0.000470039842185, 0.000307570153382, 0.000241158311837, 0.000156328489538, 0.000169930164702, 0.000202274255571, 0.000196916633286, 0.000157669579494, 0.000112289591925, 8.54554018588e-05, 8.08262775536e-05, 7.89574551163e-05, 5.73129618715e-05, 1.33834337248e-05], "dmean": [0.000203072166187, 0.00409867800772, 0.00303150014952, 0.00184685608838, 0.00233763922006, 0.0011489847675, 0.000715284550097, 0.000669709465001, 0.000417280127294, 0.000182702118764, 0.00014969529002, 0.000228046235861, 0.000378534488846, 0.0002918409009, 0.000195328946575, 0.000154686669703, 9.95446534944e-05, 0.000104811697383, 0.000130834407173, 0.000129461477627, 0.000101255391201, 7.31905311113e-05, 5.76176571485e-05, 5.51340963284e-05, 5.13842205692e-05, 3.67700013157e-05, 8.39779750095e-06], "var": [4.9690885362e-07, 8.23228838271e-05, 4.35623078374e-05, 1.98187171918e-05, 2.20250949496e-05, 1.13844607768e-05, 5.6429171309e-06, 1.86190227396e-05, 8.33037847769e-06, 7.30584019948e-07, 4.087712e-07, 1.07185644538e-06, 2.56298380918e-06, 2.77880326394e-06, 1.76798857865e-06, 7.72179021169e-07, 3.69516698129e-07, 3.99170204446e-07, 5.63975447676e-07, 5.64979984574e-07, 3.32340079012e-07, 1.37488896712e-07, 9.57989669814e-08, 7.89047902572e-08, 4.62538487511e-08, 1.89446378585e-08, 7.00905777862e-10], "dvar": [1.76412797259e-07, 7.54673019401e-05, 5.35108738404e-05, 2.03510589927e-05, 2.39084620262e-05, 1.78419722943e-05, 2.74929652733e-06, 4.06744356951e-06, 2.92135268865e-06, 4.51788793043e-07, 2.12962561363e-07, 6.91296179411e-07, 1.68987241977e-06, 1.30808803078e-06, 1.02775572941e-06, 3.72875945231e-07, 2.12948080502e-07, 3.09816670097e-07, 2.71912227845e-07, 2.07748058756e-07, 1.52376188112e-07, 5.37830011638e-08, 4.52929960204e-08, 3.76567292903e-08, 3.72450763564e-08, 1.75007741632e-08, 6.32536578671e-10], "mean": [0.000456341949757, 0.00552761927247, 0.00337893282995, 0.0021533598192, 0.00321365660056, 0.00120684376452, 0.00109660951421, 0.00147581822239, 0.000656544230878, 0.000249365984928, 0.000204622745514, 0.000310748000629, 0.000470452359878, 0.000403248384828, 0.000284207955701, 0.000251880090218, 0.00016614064225, 0.000171142819454, 0.000230438337894, 0.000243907474214, 0.000182226358447, 0.000132200628286, 0.000105030856503, 9.46866348386e-05, 6.84815095155e-05, 4.28019593528e-05, 9.15172677196e-06]}, "melbands_flatness_db": {"min": 0.00445130979642, "max": 0.710682213306, "dvar2": 0.00337407574989, "median": 0.304061114788, "dmean2": 0.0606909655035, "dmean": 0.0404077023268, "var": 0.0169575903565, "dvar": 0.00152264465578, "mean": 0.303347021341}, "melbands_skewness": {"min": -2.65229105949, "max": 17.9414196014, "dvar2": 4.20194005966, "median": 2.58270430565, "dmean2": 1.84064793587, "dmean": 1.17464637756, "var": 4.62573623657, "dvar": 1.80173683167, "mean": 3.00899386406}, "barkbands_skewness": {"min": -3.70548248291, "max": 49.3191757202, "dvar2": 3.12433576584, "median": 2.10321092606, "dmean2": 1.60058569908, "dmean": 1.03482401371, "var": 6.37170505524, "dvar": 1.37677109241, "mean": 2.48322439194}, "silence_rate_60dB": {"min": 0, "max": 1, "dvar2": 0.0908946543932, "median": 0, "dmean2": 0.084871865809, "dmean": 0.042430087924, "var": 0.127592518926, "dvar": 0.0406300388277, "mean": 0.150137737393}, "spectral_energyband_low": {"min": 9.09213059018e-23, "max": 0.152424275875, "dvar2": 0.000650254543871, "median": 0.00530151836574, "dmean2": 0.0120839336887, "dmean": 0.00710063893348, "var": 0.000252301542787, "dvar": 0.000237360989559, "mean": 0.0105375135317}, "spectral_energyband_middle_low": {"min": 2.25302663012e-22, "max": 0.133449211717, "dvar2": 0.000348067726009, "median": 0.00581827852875, "dmean2": 0.00890670903027, "dmean": 0.00534071633592, "var": 0.000153391170898, "dvar": 0.000129883395857, "mean": 0.0098720099777}, "melbands_kurtosis": {"min": -1.81045365334, "max": 691.217529297, "dvar2": 2185.63110352, "median": 14.0963659286, "dmean2": 28.5125656128, "dmean": 17.7751522064, "var": 1598.67175293, "dvar": 930.106140137, "mean": 27.1780014038}, "spectral_decrease": {"min": -4.94763874315e-08, "max": -3.8358096701e-29, "dvar2": 7.05929368166e-17, "median": -4.18097112487e-09, "dmean2": 4.6622794514e-09, "dmean": 2.81504308752e-09, "var": 3.47579639034e-17, "dvar": 2.65492121016e-17, "mean": -5.68999292128e-09}, "erbbands_kurtosis": {"min": -1.86725711823, "max": 208.536315918, "dvar2": 146.365203857, "median": 2.11479043961, "dmean2": 6.55041790009, "dmean": 4.14076662064, "var": 201.806335449, "dvar": 63.685218811, "mean": 6.76444482803}, "melbands_crest": {"min": 1.79546415806, "max": 37.7355995178, "dvar2": 29.8671569824, "median": 15.9953632355, "dmean2": 6.46890211105, "dmean": 3.85134959221, "var": 34.4324264526, "dvar": 10.9311828613, "mean": 16.7702941895}, "gfcc": {"cov": [[14513.6474609, -3360.61547852, -3319.30249023, 1125.57385254, -387.122894287, 922.059143066, 599.460693359, 772.659729004, -226.633972168, 382.480194092, -123.820381165, 3.30932021141, -369.567230225], [-3360.61547852, 2464.94873047, 796.44152832, -475.60244751, 309.013427734, -346.525695801, -47.9418907166, -229.880065918, 239.989471436, -200.548599243, 90.3229064941, -112.921508789, 82.4965057373], [-3319.30249023, 796.44152832, 2053.72192383, -163.508117676, 62.3880386353, -156.196502686, -157.06803894, -100.901725769, 12.9131059647, -41.2625732422, -20.0811443329, 6.66125392914, 70.5559463501], [1125.57385254, -475.60244751, -163.508117676, 654.160339355, 83.5177078247, 161.030258179, 132.963531494, 99.4730300903, -39.4432296753, 7.86614990234, 9.8924407959, 1.89815580845, -19.308511734], [-387.122894287, 309.013427734, 62.3880386353, 83.5177078247, 401.36529541, 67.6879959106, 46.7753219604, -15.9094247818, 30.4306602478, -27.285692215, 17.4171066284, 2.38836598396, 12.6299886703], [922.059143066, -346.525695801, -156.196502686, 161.030258179, 67.6879959106, 305.847747803, 135.278991699, 68.8824920654, -23.2846374512, 61.5742797852, 4.95806932449, 18.86369133, -27.6213321686], [599.460693359, -47.9418907166, -157.06803894, 132.963531494, 46.7753219604, 135.278991699, 227.57875061, 86.2132415771, 10.1024169922, 19.4972267151, 21.2605171204, -6.71929073334, -30.0246639252], [772.659729004, -229.880065918, -100.901725769, 99.4730300903, -15.9094247818, 68.8824920654, 86.2132415771, 189.81187439, 44.5697097778, 45.0033721924, -9.88020896912, -12.1320476532, -27.5788841248], [-226.633972168, 239.989471436, 12.9131059647, -39.4432296753, 30.4306602478, -23.2846374512, 10.1024169922, 44.5697097778, 157.8412323, 39.3349494934, 17.0907325745, -26.7215595245, 6.04350280762], [382.480194092, -200.548599243, -41.2625732422, 7.86614990234, -27.285692215, 61.5742797852, 19.4972267151, 45.0033721924, 39.3349494934, 145.482467651, 32.7172737122, 7.34222698212, -15.8404693604], [-123.820381165, 90.3229064941, -20.0811443329, 9.8924407959, 17.4171066284, 4.95806932449, 21.2605171204, -9.88020896912, 17.0907325745, 32.7172737122, 100.872413635, 24.3129348755, -0.993259489536], [3.30932021141, -112.921508789, 6.66125392914, 1.89815580845, 2.38836598396, 18.86369133, -6.71929073334, -12.1320476532, -26.7215595245, 7.34222698212, 24.3129348755, 90.2562713623, 31.0768013], [-369.567230225, 82.4965057373, 70.5559463501, -19.308511734, 12.6299886703, -27.6213321686, -30.0246639252, -27.5788841248, 6.04350280762, -15.8404693604, -0.993259489536, 31.0768013, 74.978187561]], "icov": [[0.000216766347876, -6.05698660365e-05, 0.000290062947897, -0.000201042479603, 0.000172684842255, -0.000259713997366, 9.72616471699e-05, -0.000548008305486, 0.000391827808926, -0.000395247276174, 0.000438170478446, -0.000268208415946, 0.000524853239767], [-6.05698660365e-05, 0.00164288736414, -0.00051790883299, 0.000923254119698, -0.000943758408539, 0.000921805796679, -0.00130656175315, 0.00153826200403, -0.00228082761168, 0.0022118256893, -0.00203929119743, 0.00208416231908, -0.00107961206231], [0.000290062947897, -0.00051790883299, 0.00104236719199, -0.000448063190561, 0.000334039243171, -0.00043337509851, 0.000685474020429, -0.00104186555836, 0.00112045335118, -0.00113887526095, 0.00117527472321, -0.00083549664123, 0.000609580660239], [-0.000201042479603, 0.000923254119698, -0.000448063190561, 0.00264979177155, -0.00096863968065, 9.16542630875e-05, -0.0011747413082, 0.000287889764877, -0.000685616221745, 0.00174487906042, -0.0018652920844, 0.00173356290907, -0.00138968403917], [0.000172684842255, -0.000943758408539, 0.000334039243171, -0.00096863968065, 0.00363881117664, -0.00163010833785, 0.000501307309605, -0.000434348272393, 0.000299490027828, -0.000317671045195, 0.000895434000995, -0.00130664277822, 0.000615465221927], [-0.000259713997366, 0.000921805796679, -0.00043337509851, 9.16542630875e-05, -0.00163010833785, 0.00665472773835, -0.00348549126647, 0.00122229079716, -0.000275490776403, -0.00115707307123, 2.82780056295e-05, -0.000163442615303, -0.000237102736719], [9.72616471699e-05, -0.00130656175315, 0.000685474020429, -0.0011747413082, 0.000501307309605, -0.00348549126647, 0.00862047635019, -0.00372162088752, 0.0015942028258, -0.000311353447614, -0.000515253981575, -0.000795409083366, 0.00181264057755], [-0.000548008305486, 0.00153826200403, -0.00104186555836, 0.000287889764877, -0.000434348272393, 0.00122229079716, -0.00372162088752, 0.0109536517411, -0.00563266593963, 0.00124940834939, -0.000172580970684, 0.00127491506282, -8.96511701285e-05], [0.000391827808926, -0.00228082761168, 0.00112045335118, -0.000685616221745, 0.000299490027828, -0.000275490776403, 0.0015942028258, -0.00563266593963, 0.0130337681621, -0.00612315861508, 0.00146448332816, 0.0007914667367, -0.00102829944808], [-0.000395247276174, 0.0022118256893, -0.00113887526095, 0.00174487906042, -0.000317671045195, -0.00115707307123, -0.000311353447614, 0.00124940834939, -0.00612315861508, 0.0135676143691, -0.00647268071771, 0.00224174791947, -0.000553551770281], [0.000438170478446, -0.00203929119743, 0.00117527472321, -0.0018652920844, 0.000895434000995, 2.82780056295e-05, -0.000515253981575, -0.000172580970684, 0.00146448332816, -0.00647268071771, 0.0163639970124, -0.00763572240248, 0.0043030870147], [-0.000268208415946, 0.00208416231908, -0.00083549664123, 0.00173356290907, -0.00130664277822, -0.000163442615303, -0.000795409083366, 0.00127491506282, 0.0007914667367, 0.00224174791947, -0.00763572240248, 0.0193856526166, -0.00979844108224], [0.000524853239767, -0.00107961206231, 0.000609580660239, -0.00138968403917, 0.000615465221927, -0.000237102736719, 0.00181264057755, -8.96511701285e-05, -0.00102829944808, -0.000553551770281, 0.0043030870147, -0.00979844108224, 0.0207666251808]], "mean": [-75.2411270142, 104.397460938, -64.8588638306, 23.7787284851, -50.8841934204, 6.08499765396, -38.7226600647, 1.01152455807, -20.3511199951, 7.29295301437, -14.3023233414, -3.69722962379, -11.9233570099]}, "melbands_spread": {"min": 0.172394305468, "max": 263.067626953, "dvar2": 235.97668457, "median": 6.36953544617, "dmean2": 8.38311100006, "dmean": 5.45413303375, "var": 372.64553833, "dvar": 110.031593323, "mean": 14.2933235168}, "spectral_energy": {"min": 1.07171668893e-20, "max": 0.192796781659, "dvar2": 0.00105237576645, "median": 0.0166513361037, "dmean2": 0.0180948507041, "dmean": 0.0109652467072, "var": 0.000547353643924, "dvar": 0.000397895841161, "mean": 0.0227866899222}, "mfcc": {"cov": [[15918.3466797, -3838.63696289, -3068.83520508, -142.968154907, -780.706542969, 275.574920654, 543.40447998, 515.094787598, 283.793792725, 418.038787842, 436.92880249, 330.417114258, -1.40322387218], [-3838.63696289, 2536.08740234, 651.70916748, -42.6316795349, 266.830535889, -104.060440063, -178.549560547, -98.3745727539, -37.0178451538, -50.219959259, -35.9279060364, -26.6671485901, 40.549659729], [-3068.83520508, 651.70916748, 1505.06103516, 134.634765625, 160.937316895, -71.913734436, -71.9932327271, -97.1452865601, -17.4137763977, -70.100227356, -73.1513137817, -76.016746521, 19.3249149323], [-142.968154907, -42.6316795349, 134.634765625, 384.097015381, 116.286827087, 22.7002754211, 53.2581291199, 56.204284668, 28.86860466, 6.49460220337, -23.7497463226, 6.53666830063, -2.96887373924], [-780.706542969, 266.830535889, 160.937316895, 116.286827087, 307.238098145, 64.3152008057, 13.4952545166, 6.81464719772, 34.0407142639, -13.3176898956, -26.7895717621, 19.5623607635, 22.0800361633], [275.574920654, -104.060440063, -71.913734436, 22.7002754211, 64.3152008057, 234.529586792, 116.727020264, 46.0230140686, 25.9746284485, 7.21445274353, 23.210395813, 23.5051860809, 8.59485816956], [543.40447998, -178.549560547, -71.9932327271, 53.2581291199, 13.4952545166, 116.727020264, 215.061737061, 100.93031311, 25.605140686, 25.7303352356, 31.102394104, 20.0744361877, 3.48471403122], [515.094787598, -98.3745727539, -97.1452865601, 56.204284668, 6.81464719772, 46.0230140686, 100.93031311, 165.883728027, 60.0882530212, 22.0095176697, 4.40479564667, 17.3871898651, 7.70707988739], [283.793792725, -37.0178451538, -17.4137763977, 28.86860466, 34.0407142639, 25.9746284485, 25.605140686, 60.0882530212, 141.131088257, 51.4519042969, 15.7496328354, 23.3256149292, 18.3923740387], [418.038787842, -50.219959259, -70.100227356, 6.49460220337, -13.3176898956, 7.21445274353, 25.7303352356, 22.0095176697, 51.4519042969, 136.906661987, 83.9637527466, 39.5149726868, 3.52010130882], [436.92880249, -35.9279060364, -73.1513137817, -23.7497463226, -26.7895717621, 23.210395813, 31.102394104, 4.40479564667, 15.7496328354, 83.9637527466, 145.956848145, 61.040802002, 8.86516666412], [330.417114258, -26.6671485901, -76.016746521, 6.53666830063, 19.5623607635, 23.5051860809, 20.0744361877, 17.3871898651, 23.3256149292, 39.5149726868, 61.040802002, 105.52986145, 35.7036895752], [-1.40322387218, 40.549659729, 19.3249149323, -2.96887373924, 22.0800361633, 8.59485816956, 3.48471403122, 7.70707988739, 18.3923740387, 3.52010130882, 8.86516666412, 35.7036895752, 78.7253952026]], "icov": [[0.000183793148608, 0.000172438361915, 0.000241325775278, -1.83992124221e-05, 0.000213609164348, 2.33977661992e-05, -0.000106481238618, -0.000175570443389, -0.000171198611497, -7.43859418435e-05, -0.000196682143724, -0.000156264490215, -4.96994907735e-05], [0.000172438361915, 0.000688954256475, 5.05072493979e-05, 0.00019976812473, -0.00032495445339, 0.000172977088368, 0.000248357158853, -0.000335107499268, 4.23934907303e-05, -7.67032033764e-05, -0.0003626748221, -6.83031066728e-06, -0.000225124153076], [0.000241325775278, 5.05072493979e-05, 0.00119644007646, -0.000365826679626, 5.89108967688e-05, 0.000279422762105, -0.00035333604319, 0.000359510537237, -0.000444702658569, 0.000174973363755, -0.000363981700502, 0.000481158756884, -0.000476944434922], [-1.83992124221e-05, 0.00019976812473, -0.000365826679626, 0.00339090172201, -0.00135781127028, 0.000406292470871, -0.00046439821017, -0.000967492698692, 0.000200750742806, -0.000534340273589, 0.000716053764336, -0.000438812567154, 0.000661561032757], [0.000213609164348, -0.00032495445339, 5.89108967688e-05, -0.00135781127028, 0.00523998169228, -0.00156124564819, -1.01103942143e-05, 0.000452615320683, -0.00126424792688, 0.000163021541084, 0.00100617867429, -0.00156477442943, -0.00035312041291], [2.33977661992e-05, 0.000172977088368, 0.000279422762105, 0.000406292470871, -0.00156124564819, 0.00661700777709, -0.00362548441626, 0.000674486800563, -0.000778934743721, 0.00105872855056, -0.000855418737046, -0.000182634787052, -1.82350195246e-05], [-0.000106481238618, 0.000248357158853, -0.00035333604319, -0.00046439821017, -1.01103942143e-05, -0.00362548441626, 0.00933133531362, -0.00477142259479, 0.00158822652884, -0.000541166868061, -0.00124437292106, 0.000590059033129, -8.22137517389e-05], [-0.000175570443389, -0.000335107499268, 0.000359510537237, -0.000967492698692, 0.000452615320683, 0.000674486800563, -0.00477142259479, 0.0109266312793, -0.00373643520288, 0.000420288939495, 0.0015118077863, -0.00051621068269, -9.63265920291e-05], [-0.000171198611497, 4.23934907303e-05, -0.000444702658569, 0.000200750742806, -0.00126424792688, -0.000778934743721, 0.00158822652884, -0.00373643520288, 0.0107476906851, -0.00435715215281, 0.00149946880993, -0.000136007976835, -0.00159633927979], [-7.43859418435e-05, -7.67032033764e-05, 0.000174973363755, -0.000534340273589, 0.000163021541084, 0.00105872855056, -0.000541166868061, 0.000420288939495, -0.00435715215281, 0.0137184849009, -0.0072227017954, -0.000234895211179, 0.00112099328544], [-0.000196682143724, -0.0003626748221, -0.000363981700502, 0.000716053764336, 0.00100617867429, -0.000855418737046, -0.00124437292106, 0.0015118077863, 0.00149946880993, -0.0072227017954, 0.0142854927108, -0.00606366572902, 0.00113188836258], [-0.000156264490215, -6.83031066728e-06, 0.000481158756884, -0.000438812567154, -0.00156477442943, -0.000182634787052, 0.000590059033129, -0.00051621068269, -0.000136007976835, -0.000234895211179, -0.00606366572902, 0.0164226070046, -0.00637361127883], [-4.96994907735e-05, -0.000225124153076, -0.000476944434922, 0.000661561032757, -0.00035312041291, -1.82350195246e-05, -8.22137517389e-05, -9.63265920291e-05, -0.00159633927979, 0.00112099328544, 0.00113188836258, -0.00637361127883, 0.0161595121026]], "mean": [-736.666687012, 143.826858521, 37.0674362183, 26.2984275818, 10.4942941666, 7.55501794815, -2.0105547905, -6.88038635254, -3.70008635521, 3.83117675781, 0.685535252094, -0.322219371796, -1.15797698498]}, "spectral_contrast_valleys": {"min": [-27.3821411133, -27.394203186, -27.38422966, -27.4681587219, -27.3414306641, -27.1047668457], "max": [-4.97991228104, -4.34432506561, -5.0771946907, -5.27314710617, -5.35483884811, -7.62937355042], "dvar2": [0.350913614035, 0.340081274509, 0.346783727407, 0.318041026592, 0.486488372087, 0.49457141757], "median": [-7.02825260162, -6.98740577698, -8.20877838135, -8.59498214722, -8.75491523743, -10.7270832062], "dmean2": [0.645951151848, 0.637317955494, 0.610226094723, 0.528951108456, 0.554300427437, 0.581894338131], "dmean": [0.392624258995, 0.40047070384, 0.391488224268, 0.366670161486, 0.385356754065, 0.451209306717], "var": [1.29170382023, 1.15277159214, 1.99599599838, 2.3500688076, 2.64511179924, 2.11286187172], "dvar": [0.170328393579, 0.161580428481, 0.180018514395, 0.183232784271, 0.251707494259, 0.27114585042], "mean": [-7.29051733017, -7.13950443268, -8.31616592407, -8.64426612854, -8.73280239105, -10.8309307098]}, "barkbands_flatness_db": {"min": 0.0197647865862, "max": 0.608778834343, "dvar2": 0.00243220664561, "median": 0.19537641108, "dmean2": 0.0519183464348, "dmean": 0.0346793532372, "var": 0.010872926563, "dvar": 0.00110305577982, "mean": 0.202632635832}, "dynamic_complexity": 4.39640474319, "erbbands_flatness_db": {"min": 0.0267492588609, "max": 0.498896807432, "dvar2": 0.00168114621192, "median": 0.160162270069, "dmean2": 0.0414298884571, "dmean": 0.0286966320127, "var": 0.00602160487324, "dvar": 0.000843020388857, "mean