{"lowlevel": {"spectral_complexity": {"min": 0, "max": 60, "dvar2": 52.2075309753, "median": 10, "dmean2": 5.78897714615, "dmean": 4.47428512573, "var": 164.427337646, "dvar": 37.9641342163, "mean": 13.5374603271}, "silence_rate_20dB": {"min": 1, "max": 1, "dvar2": 0, "median": 1, "dmean2": 0, "dmean": 0, "var": 0, "dvar": 0, "mean": 1}, "average_loudness": 0.914469122887, "erbbands_spread": {"min": 3.04625630379, "max": 187.835067749, "dvar2": 514.153625488, "median": 47.9251365662, "dmean2": 20.816318512, "dmean": 13.4588222504, "var": 766.613098145, "dvar": 223.225860596, "mean": 51.9495735168}, "spectral_kurtosis": {"min": -1.35488939285, "max": 55.974319458, "dvar2": 5.70956516266, "median": 2.59266591072, "dmean2": 1.60138368607, "dmean": 1.04908275604, "var": 6.76967716217, "dvar": 2.5183134079, "mean": 3.09030795097}, "barkbands_kurtosis": {"min": -1.96733343601, "max": 708.49609375, "dvar2": 1350.29846191, "median": 2.75774145126, "dmean2": 14.5469322205, "dmean": 9.33652973175, "var": 1212.13439941, "dvar": 618.679321289, "mean": 12.5617656708}, "spectral_strongpeak": {"min": 0, "max": 13.9799776077, "dvar2": 1.31036627293, "median": 0.288286983967, "dmean2": 0.62274980545, "dmean": 0.377097517252, "var": 0.835971415043, "dvar": 0.546748280525, "mean": 0.570598781109}, "spectral_spread": {"min": 1463121, "max": 17609260, "dvar2": 1789048651780.0, "median": 6328735, "dmean2": 1197857.5, "dmean": 811680.5625, "var": 4225988034560.0, "dvar": 889640779776, "mean": 6538023}, "spectral_rms": {"min": 8.44231848873e-08, "max": 0.0117585705593, "dvar2": 3.18656998388e-06, "median": 0.00379099696875, "dmean2": 0.00143083941657, "dmean": 0.00108728604391, "var": 7.29389921617e-06, "dvar": 1.9425069695e-06, "mean": 0.00397580815479}, "erbbands": {"min": [3.93987377445e-11, 2.13223522172e-10, 6.8873234893e-10, 1.56130086637e-09, 2.84357937197e-09, 4.35632552254e-09, 5.71296521201e-09, 6.38205799319e-09, 5.8864708663e-09, 4.17442835854e-09, 2.02163841223e-09, 1.08114717179e-09, 3.03727332174e-09, 7.74520891866e-09, 1.17944543021e-08, 1.05821653662e-08, 4.56797177861e-09, 1.51512558055e-09, 5.06970154746e-09, 6.09199934942e-09, 1.93145544003e-09, 1.50782575314e-09, 8.15083056604e-10, 1.48602008476e-09, 9.46861034024e-10, 1.61238067342e-09, 1.53323642671e-09, 1.41152534106e-09, 1.43160738819e-09, 1.22859522556e-09, 1.07774034142e-09, 2.24958787709e-10, 2.69570060718e-10, 1.05598896294e-09, 1.85043619316e-10, 6.73511316163e-11, 3.61313826081e-11, 4.85930913563e-11, 3.35345536062e-11, 4.73581633978e-12], "max": [4.73007774353, 26.5828266144, 71.3195877075, 116.494056702, 215.983444214, 271.971374512, 151.610549927, 588.786254883, 604.575256348, 640.634643555, 1137.29504395, 2081.18066406, 685.50982666, 1145.12084961, 1035, 1115.17834473, 636.953735352, 858.686340332, 640.800170898, 887.449951172, 714.714233398, 694.986450195, 474.926483154, 607.926757812, 347.432281494, 457.404174805, 217.294692993, 268.948455811, 603.846008301, 558.735168457, 419.371490479, 522.078186035, 291.305908203, 167.070892334, 76.0271148682, 33.5041351318, 6.07859897614, 0.924626350403, 0.115688227117, 0.00464184954762], "dvar2": [0.48189419508, 18.2242927551, 102.59690094, 138.844223022, 505.727722168, 664.21661377, 346.078369141, 2227.60449219, 2434.24194336, 4754.69433594, 6194.30175781, 8421.9375, 3311.72094727, 4723.90087891, 3967.45825195, 5605.79638672, 2384.83081055, 2635.59179688, 2242.09033203, 2574.16992188, 1274.46948242, 939.402954102, 741.791503906, 883.268432617, 443.697753906, 439.572113037, 211.877883911, 155.492919922, 333.602478027, 558.659301758, 419.364654541, 380.474639893, 138.92767334, 45.7905349731, 12.5446586609, 2.31798410416, 0.0767955482006, 0.00309703382663, 5.65850095882e-05, 1.59891513363e-07], "median": [0.0148314405233, 0.100744046271, 0.253674864769, 0.732115030289, 1.70118927956, 2.17750549316, 2.2808432579, 2.42113733292, 2.91094279289, 3.75771307945, 3.87913274765, 3.50099229813, 3.50318360329, 4.06923770905, 3.35193300247, 3.42245721817, 3.36537146568, 2.88836669922, 2.71045541763, 2.5760102272, 2.33977508545, 2.59117412567, 2.83323049545, 3.17811012268, 3.10875844955, 3.33027839661, 2.87022161484, 2.65559434891, 2.70844364166, 2.26312541962, 1.64734792709, 1.17612266541, 0.814039349556, 0.461275547743, 0.211509555578, 0.0817035734653, 0.0262625068426, 0.00654912460595, 0.000911198207177, 7.26159341866e-05], "dmean2": [0.311684757471, 1.87497437, 4.27861833572, 5.32253551483, 9.54326534271, 10.286646843, 9.92436408997, 17.6775245667, 18.6566543579, 26.3809242249, 28.3663654327, 29.6986160278, 23.261341095, 27.1000347137, 24.7959289551, 28.9375152588, 21.7231006622, 20.1350097656, 18.7915935516, 18.0108242035, 13.5790891647, 12.4750204086, 11.9329004288, 11.2378311157, 9.23762321472, 9.00953197479, 7.16331100464, 5.84959316254, 6.10151195526, 6.23909235001, 5.28919649124, 4.28726148605, 2.84822535515, 1.78259396553, 0.955929160118, 0.420472413301, 0.116499789059, 0.0279737524688, 0.00370789552107, 0.000204422220122], "dmean": [0.206830531359, 1.184471488, 2.46652436256, 3.15370845795, 5.6255235672, 6.06889247894, 6.08244895935, 11.0903310776, 11.7026786804, 16.4907341003, 18.0175056458, 18.5547523499, 14.6527643204, 16.8222961426, 17.0537910461, 18.0551185608, 13.9328889847, 13.4673805237, 12.8772335052, 11.9039955139, 8.8996219635, 8.85280990601, 8.20904159546, 7.93182086945, 6.42201519012, 6.25004196167, 5.02072429657, 4.13423013687, 4.32896089554, 4.42819499969, 3.64286994934, 2.90799069405, 1.93223941326, 1.20496988297, 0.649731874466, 0.285200357437, 0.0797378048301, 0.019361006096, 0.00255284830928, 0.000142757533467], "var": [0.339147001505, 10.3105745316, 38.210319519, 71.0631942749, 192.66394043, 212.698577881, 169.524291992, 988.240356445, 952.708984375, 1905.59204102, 2788.71606445, 3575.63085938, 1845.08459473, 2629.9597168, 3011.63623047, 3344.45629883, 1829.99816895, 1977.0612793, 1776.79772949, 1527.37731934, 826.453979492, 989.969238281, 814.334777832, 916.209594727, 399.752075195, 444.91317749, 223.879180908, 155.967559814, 279.491546631, 402.43270874, 244.505065918, 173.484390259, 84.6446533203, 29.6659545898, 8.74136161804, 1.63746511936, 0.0877772122622, 0.00443966127932, 9.11444803933e-05, 3.20857623137e-07], "dvar": [0.214303165674, 7.92171478271, 37.1123733521, 53.1875114441, 192.992431641, 242.720443726, 136.763885498, 902.213623047, 967.1484375, 1891.09729004, 2451.03076172, 3360.63671875, 1338.67443848, 1884.71264648, 1778.05737305, 2238.28271484, 1071.33325195, 1143.05883789, 1045.65673828, 1126.64257812, 541.773742676, 459.937713623, 360.890563965, 417.901245117, 199.40397644, 204.227020264, 103.077667236, 78.2426986694, 163.435028076, 273.122406006, 189.670852661, 159.58833313, 63.1303672791, 20.9909267426, 5.82041072845, 1.06920218468, 0.0371205732226, 0.00146779650822, 2.69957145065e-05, 8.12808949036e-08], "mean": [0.283752441406, 1.48133313656, 2.99090766907, 3.89689397812, 6.40158081055, 7.09983730316, 7.77708816528, 12.7425680161, 13.1200332642, 18.8276958466, 21.7206821442, 21.3374538422, 19.1142082214, 21.7948265076, 23.2728919983, 23.8646888733, 19.3309860229, 18.6079864502, 17.2898807526, 15.7825603485, 12.7227458954, 13.0968818665, 12.8340044022, 12.8485841751, 10.2036848068, 10.2280130386, 8.27915477753, 6.90394210815, 7.10387659073, 6.75852680206, 5.52850627899, 4.38849925995, 3.15067100525, 1.98802065849, 1.11585938931, 0.514569401741, 0.163919582963, 0.0411580093205, 0.00582054303959, 0.000352263392415]}, "zerocrossingrate": {"min": 0, "max": 0.4736328125, "dvar2": 0.000666267704219, "median": 0.07421875, "dmean2": 0.0221819598228, "dmean": 0.0203429944813, "var": 0.00433626957238, "dvar": 0.000641852326225, "mean": 0.0884606838226}, "spectral_contrast_coeffs": {"min": [-0.946306765079, -0.988139033318, -0.976992607117, -0.95179361105, -0.940692484379, -0.928774356842], "max": [-0.261839359999, -0.365209966898, -0.448798805475, -0.498755395412, -0.577747404575, -0.589509427547], "dvar2": [0.00576363503933, 0.00458466773853, 0.00294098979793, 0.00182226870675, 0.000995275913738, 0.000756132940296], "median": [-0.684534430504, -0.764059662819, -0.809232354164, -0.818396449089, -0.825376808643, -0.802232027054], "dmean2": [0.0936075076461, 0.0829585343599, 0.0653393566608, 0.0520497299731, 0.0363606326282, 0.0295889843255], "dmean": [0.0588788948953, 0.0521457418799, 0.0419031046331, 0.0333020053804, 0.0237862356007, 0.0197693351656], "var": [0.0104846637696, 0.00646582618356, 0.00510465074331, 0.00380671955645, 0.00238906871527, 0.00178359157871], "dvar": [0.00245593418367, 0.00192255561706, 0.00128919957206, 0.000842014036607, 0.000473681255244, 0.000367398926755], "mean": [-0.666218996048, -0.757755041122, -0.798050403595, -0.807103395462, -0.817345678806, -0.796354115009]}, "dissonance": {"min": 0, "max": 0.500000178814, "dvar2": 0.00128341652453, "median": 0.475577354431, "dmean2": 0.0327759683132, "dmean": 0.0197666529566, "var": 0.00114939315245, "dvar": 0.000523209804669, "mean": 0.466592222452}, "spectral_energyband_high": {"min": 4.48793671497e-13, "max": 0.0448999293149, "dvar2": 5.8737218751e-06, "median": 0.000450378574897, "dmean2": 0.000842648383696, "dmean": 0.000624325301033, "var": 5.05783327753e-06, "dvar": 2.89420881927e-06, "mean": 0.00120051740669}, "spectral_skewness": {"min": -0.53323751688, "max": 5.8842048645, "dvar2": 0.112999372184, "median": 1.37868392467, "dmean2": 0.309750914574, "dmean": 0.210583850741, "var": 0.235767006874, "dvar": 0.0580751113594, "mean": 1.4095531702}, "spectral_flux": {"min": 0.000123075165902, "max": 0.364911317825, "dvar2": 0.00385430920869, "median": 0.0723560452461, "dmean2": 0.0489459559321, "dmean": 0.0325200632215, "var": 0.00400665868074, "dvar": 0.00179292820394, "mean": 0.0849593877792}, "silence_rate_30dB": {"min": 0, "max": 1, "dvar2": 0.0222065374255, "median": 1, "dmean2": 0.0158550404012, "dmean": 0.00792677141726, "var": 0.00460266927257, "dvar": 0.00786304660141, "mean": 0.995376467705}, "spectral_energyband_middle_high": {"min": 1.06689006588e-12, "max": 0.0641741603613, "dvar2": 2.56216917478e-05, "median": 0.00115849147551, "dmean2": 0.0027126041241, "dmean": 0.00199868204072, "var": 4.00980898121e-05, "dvar": 1.49165698531e-05, "mean": 0.00380768580362}, "barkbands_spread": {"min": 0.209440976381, "max": 126.695022583, "dvar2": 307.03326416, "median": 23.5194377899, "dmean2": 14.301820755, "dmean": 9.39411449432, "var": 357.857635498, "dvar": 142.55317688, "mean": 26.5673809052}, "spectral_centroid": {"min": 114.833267212, "max": 8533.00390625, "dvar2": 499443.4375, "median": 1326.75439453, "dmean2": 583.754455566, "dmean": 394.906524658, "var": 978063.75, "dvar": 276875.8125, "mean": 1509.90515137}, "pitch_salience": {"min": 0.0642356574535, "max": 0.94114202261, "dvar2": 0.0167976915836, "median": 0.599822402, "dmean2": 0.142982378602, "dmean": 0.0897955521941, "var": 0.0219732690603, "dvar": 0.00696284603328, "mean": 0.579308331013}, "erbbands_skewness": {"min": -6.08530855179, "max": 5.87067651749, "dvar2": 0.63103890419, "median": 0.417651712894, "dmean2": 0.744580030441, "dmean": 0.496207803488, "var": 1.06209003925, "dvar": 0.318093925714, "mean": 0.394568651915}, "erbbands_crest": {"min": 1.98423457146, "max": 28.1681938171, "dvar2": 16.3120231628, "median": 6.74903392792, "dmean2": 4.25573158264, "dmean": 2.62380337715, "var": 16.6842403412, "dvar": 6.65892934799, "mean": 7.79254627228}, "melbands": {"min": [3.56550319868e-13, 3.39063521183e-13, 3.06139689337e-13, 2.60976570216e-13, 2.03464198614e-13, 1.44222253497e-13, 8.6944469365e-14, 4.10693546771e-14, 1.3865222074e-14, 6.59697634925e-15, 1.54265079308e-14, 2.99699636852e-14, 3.84733579359e-14, 3.38328405005e-14, 1.92367179315e-14, 5.6126304674e-15, 2.3076089159e-15, 7.29482815977e-15, 1.00021902517e-14, 5.84485471429e-15, 1.43518636781e-15, 1.45046504223e-15, 1.38408359955e-15, 3.44496584689e-16, 1.34504872145e-15, 1.0073218623e-15, 5.52616470887e-16, 1.18306499935e-15, 6.35762495539e-16, 1.48837124893e-15, 5.23186734651e-16, 9.46715913773e-16, 5.17940371395e-16, 7.14291767112e-16, 7.32382749739e-16, 2.51964111493e-16, 8.27920773765e-17, 1.3176142772e-16, 3.67209482002e-16, 1.1163796836e-15], "max": [0.0373244136572, 0.0329074338078, 0.0169348232448, 0.021158169955, 0.00497397407889, 0.0115828616545, 0.00967827439308, 0.00641471333802, 0.00897003151476, 0.0114935869351, 0.00348974647932, 0.00424354383722, 0.00372432288714, 0.00615232344717, 0.00219592358917, 0.0015708602732, 0.0016631342005, 0.00117046025116, 0.001710809418, 0.00122340105008, 0.000763221061788, 0.000698192918207, 0.000684295548126, 0.000564447720535, 0.000568540126551, 0.000379194068955, 0.00026402133517, 0.000338385842042, 0.000162013777299, 0.00015434139641, 0.000180128816282, 0.000321316998452, 0.000396193674533, 0.00033160878229, 0.000228438642807, 0.000209005025681, 0.000360384059604, 0.000197610730538, 0.000167810067069, 0.0001403609931], "dvar2": [3.06592555717e-05, 2.25699932344e-05, 3.73775333173e-06, 4.31998887507e-06, 3.7151804122e-07, 9.88423494164e-07, 5.9605304159e-07, 5.44776753486e-07, 4.08901030369e-07, 2.89761572958e-07, 8.69231087108e-08, 7.99120201123e-08, 4.51865496132e-08, 7.48660440308e-08, 2.49043008438e-08, 1.0972183162e-08, 1.11269011782e-08, 7.26086391012e-09, 6.91630175353e-09, 4.24426005452e-09, 1.91079241318e-09, 1.21515231211e-09, 1.10569642331e-09, 6.96265711753e-10, 7.62644503105e-10, 4.62101884535e-10, 2.12319592463e-10, 2.44559816842e-10, 1.22462318064e-10, 6.41129094259e-11, 5.95842611362e-11, 1.00249669677e-10, 1.63887292626e-10, 2.11551456908e-10, 1.49821252626e-10, 1.58530563676e-10, 1.51059803555e-10, 7.23281920467e-11, 5.44809891645e-11, 2.98905518392e-11], "median": [0.000137592534884, 0.000145989935845, 0.000181816518307, 0.000153278961079, 8.80356819835e-05, 5.62472741876e-05, 4.44562574557e-05, 4.07288971473e-05, 3.00198971672e-05, 1.93825253518e-05, 1.58590119099e-05, 1.48295539475e-05, 1.00857532743e-05, 8.93176911632e-06, 7.85773681855e-06, 6.24199265076e-06, 4.67397148896e-06, 3.95875304093e-06, 3.29929343934e-06, 2.99511020785e-06, 2.45424689638e-06, 2.48476044362e-06, 2.39172231886e-06, 2.24908944801e-06, 2.38022767007e-06, 2.22020889851e-06, 1.97415920411e-06, 2.08035930882e-06, 1.76358776116e-06, 1.47702371578e-06, 1.43318754908e-06, 1.48011417878e-06, 1.37618201279e-06, 1.14585202482e-06, 9.6154133189e-07, 8.01944906925e-07, 6.53723986943e-07, 5.63750290894e-07, 4.58139140846e-07, 3.54540816261e-07], "dmean2": [0.00250570219941, 0.00209899409674, 0.000971952802502, 0.000795065367129, 0.000328049820382, 0.00038686345215, 0.000287965172902, 0.000291280710371, 0.000227279087994, 0.000180254457518, 0.000117880765174, 0.000113076843263, 8.72675591381e-05, 8.73707031133e-05, 6.19391576038e-05, 4.51155065093e-05, 3.97923176934e-05, 3.29282484017e-05, 2.84034304059e-05, 2.20524580072e-05, 1.63877011801e-05, 1.37882898343e-05, 1.33970679599e-05, 1.06304023575e-05, 9.9855587905e-06, 8.43287216412e-06, 6.18068133917e-06, 6.45712407277e-06, 5.17405078426e-06, 3.99712735089e-06, 3.53361565431e-06, 3.60478475159e-06, 3.70784732695e-06, 3.67241932508e-06, 3.25029895976e-06, 3.03605361296e-06, 2.60568367594e-06, 2.12818486034e-06, 1.84281998372e-06, 1.49979848629e-06], "dmean": [0.00166475912556, 0.00126518809702, 0.000575730518904, 0.000467770092655, 0.000201679125894, 0.000243705799221, 0.000180982460734, 0.000184237316716, 0.000144224672113, 0.000112579611596, 7.36820948077e-05, 6.96675197105e-05, 5.85429697821e-05, 5.66523995076e-05, 3.83107981179e-05, 2.91761498374e-05, 2.61398436123e-05, 2.20510592044e-05, 1.89776765183e-05, 1.42294193211e-05, 1.05271392385e-05, 9.55010364123e-06, 9.14764495974e-06, 7.19636364011e-06, 6.86799739924e-06, 5.68763380215e-06, 4.17251203544e-06, 4.38078086518e-06, 3.5012283206e-06, 2.72785223387e-06, 2.4364926503e-06, 2.49711274591e-06, 2.58204977399e-06, 2.54727865467e-06, 2.2222232019e-06, 2.02717478714e-06, 1.75187483364e-06, 1.42286853588e-06, 1.22843141526e-06, 9.98156906462e-07], "var": [2.19317480514e-05, 1.12679272206e-05, 1.94388007912e-06, 1.41777081808e-06, 1.8676675495e-07, 4.61051740785e-07, 2.26126388725e-07, 2.36138362197e-07, 1.87211199432e-07, 1.26029732428e-07, 4.61215314829e-08, 4.25573318807e-08, 3.45742456886e-08, 3.86824829945e-08, 1.4791018188e-08, 8.082755798e-09, 7.45698081062e-09, 5.39709255065e-09, 3.79589781829e-09, 2.18459916823e-09, 1.20791088243e-09, 1.09507769519e-09, 9.51561385243e-10, 7.75319863866e-10, 6.73577027488e-10, 3.24098831106e-10, 1.8102497279e-10, 2.20630735903e-10, 1.1338177619e-10, 5.95950302995e-11, 5.41831128575e-11, 8.38464020436e-11, 1.21357743299e-10, 1.34062427826e-10, 8.56075280109e-11, 7.49499975972e-11, 6.65749469442e-11, 4.48605909364e-11, 3.17390905225e-11, 1.89093116165e-11], "dvar": [1.40374831972e-05, 8.91823037819e-06, 1.4396584902e-06, 1.59980095304e-06, 1.4732322029e-07, 4.05654702718e-07, 2.34244524222e-07, 2.19947878577e-07, 1.62154080385e-07, 1.16325864497e-07, 3.47898563291e-08, 3.1538093026e-08, 2.0329348871e-08, 2.9354948694e-08, 1.01798391938e-08, 4.89721374564e-09, 4.68036054357e-09, 3.30467453402e-09, 2.9593689721e-09, 1.75809833358e-09, 8.12118872151e-10, 5.63238455875e-10, 5.1550963498e-10, 3.39549444117e-10, 3.50102669078e-10, 1.94393889874e-10, 9.32846508372e-11, 1.10300851786e-10, 5.65269567265e-11, 3.11302476852e-11, 2.87712475372e-11, 4.87261342386e-11, 7.92600846067e-11, 9.89855974964e-11, 6.66997151955e-11, 6.73242225857e-11, 6.28207416642e-11, 3.29985830327e-11, 2.4376067137e-11, 1.35065326978e-11], "mean": [0.00229790713638, 0.00171302782837, 0.000733615830541, 0.000536126259249, 0.000267524708761, 0.000285571062705, 0.00020210481307, 0.000215197651414, 0.0001741671731, 0.000127995837829, 9.30739042815e-05, 8.64606699906e-05, 7.82429560786e-05, 7.17587536201e-05, 4.99888665217e-05, 3.81409554393e-05, 3.43751962646e-05, 2.83133485937e-05, 2.30668720178e-05, 1.8394595827e-05, 1.43093493534e-05, 1.33770518005e-05, 1.27607818285e-05, 1.09963339128e-05, 1.04221444417e-05, 8.25409642857e-06, 6.47947626931e-06, 6.87467627358e-06, 5.47467561773e-06, 4.2567521632e-06, 3.89710612581e-06, 3.99162445319e-06, 3.91393086829e-06, 3.69654594579e-06, 3.23259018842e-06, 2.89924537356e-06, 2.5744643608e-06, 2.24236191571e-06, 1.92999732462e-06, 1.60141325978e-06]}, "spectral_entropy": {"min": 5.28206300735, "max": 9.04680252075, "dvar2": 0.100908197463, "median": 7.98273849487, "dmean2": 0.296180665493, "dmean": 0.204391047359, "var": 0.23329089582, "dvar": 0.0521068237722, "mean": 7.87594652176}, "spectral_rolloff": {"min": 21.533203125, "max": 13845.8496094, "dvar2": 5289076, "median": 1119.7265625, "dmean2": 1456.41760254, "dmean": 903.572265625, "var": 6573706, "dvar": 2631597.75, "mean": 2044.38476562}, "barkbands": {"min": [7.26350295015e-13, 1.0595362478e-12, 6.6240323773e-13, 6.1062580773e-13, 1.23557034829e-12, 7.75104210416e-13, 3.72051185433e-13, 1.17412834013e-13, 4.79535438051e-14, 1.54895586917e-13, 2.66223403999e-13, 2.78319712112e-13, 8.38378438938e-14, 3.61998232497e-14, 1.28096169197e-13, 5.33585728499e-14, 2.52659086144e-14, 1.18871824547e-14, 2.93504912215e-14, 2.85261723097e-14, 3.96574727267e-14, 3.68380998449e-14, 3.6801236971e-14, 9.63048424238e-15, 5.95618525204e-14, 1.93641421799e-14, 2.55700544289e-13], "max": [0.0182762183249, 0.116566166282, 0.0707889050245, 0.0446059964597, 0.0770504027605, 0.0519622638822, 0.0483990758657, 0.0441129207611, 0.0811940208077, 0.0259581319988, 0.0305621977895, 0.0434560105205, 0.0152589511126, 0.0149188674986, 0.0174251496792, 0.0121096642688, 0.0114706289023, 0.00924423988909, 0.0106436889619, 0.00706678256392, 0.00514660729095, 0.0160710122436, 0.0161554813385, 0.0225565843284, 0.012680712156, 0.0045786020346, 0.000593615695834], "dvar2": [1.46795514411e-06, 0.000349263224052, 9.38813973335e-05, 1.51949461724e-05, 6.24027379672e-05, 2.1026833565e-05, 1.51307285705e-05, 1.32112563733e-05, 1.29165391627e-05, 3.8876482904e-06, 3.20245931107e-06, 4.71370913147e-06, 1.40192230447e-06, 1.15621401164e-06, 9.99753638098e-07, 6.09345306657e-07, 3.78435970561e-07, 3.24090052573e-07, 2.72829396408e-07, 1.65643257333e-07, 1.00548426474e-07, 2.61380677102e-07, 5.55567112315e-07, 6.60677983433e-07, 2.91265365604e-07, 4.63893812253e-08, 1.97869631791e-09], "median": [4.51274318038e-05, 0.000491024169605, 0.0002292295394, 0.000239837710978, 0.000717840157449, 0.000311198993586, 0.000200474998564, 0.000156667418196, 0.000136231479701, 0.000115689676022, 6.47590277367e-05, 7.49063765397e-05, 6.65557090542e-05, 4.8270845582e-05, 4.68519210699e-05, 4.06373001169e-05, 4.49848048447e-05, 4.92408798891e-05, 6.31659931969e-05, 6.9843721576e-05, 6.67218118906e-05, 7.64902506489e-05, 5.91394964431e-05, 5.45689472347e-05, 3.52379138349e-05, 1.55670295499e-05, 5.55762380827e-06], "dmean2": [0.000533472630195, 0.00849336758256, 0.00406065257266, 0.00181389146019, 0.00317943142727, 0.00192145002075, 0.00143805693369, 0.00139084155671, 0.00121374288574, 0.000817567983177, 0.000690420216415, 0.000745289027691, 0.000496765307616, 0.000413459085394, 0.000372599635739, 0.000280254636891, 0.000248074939009, 0.000225589115871, 0.000212565282709, 0.000187139026821, 0.000156167210662, 0.000170014929608, 0.000187728175661, 0.000182895033504, 0.000141590178828, 7.30127794668e-05, 2.25086550927e-05], "dmean": [0.000344279047567, 0.00559074478224, 0.00231697969139, 0.00105477997568, 0.00188822671771, 0.00120596552733, 0.000885960122105, 0.000882190244738, 0.000764821714256, 0.000504473748151, 0.000451854575658, 0.000469835707918, 0.000312614109134, 0.000274690421065, 0.000249500793871, 0.000180465780431, 0.000170455328771, 0.000154656736413, 0.000147505561472, 0.000128817759105, 0.000110765264253, 0.000122025325254, 0.000130551183247, 0.000125339938677, 9.672055603e-05, 5.01773465658e-05, 1.55595644173e-05], "var": [1.74599426828e-06, 0.00024344099802, 3.29183312715e-05, 7.25030076865e-06, 2.19085868594e-05, 1.02146777863e-05, 5.31409568794e-06, 5.84704821449e-06, 5.71199961996e-06, 1.93769574253e-06, 2.09914037441e-06, 2.41929251388e-06, 9.21522939734e-07, 8.55431210312e-07, 6.18308263256e-07, 3.29198428517e-07, 3.44400120866e-07, 2.853356591e-07, 2.55015009998e-07, 1.84912366308e-07, 1.02331661367e-07, 2.36821520616e-07, 3.41059319453e-07, 3.45649908695e-07, 1.99633717557e-07, 4.13739158489e-08, 3.43568107297e-09], "dvar": [6.69200119319e-07, 0.000160261159181, 3.3128191717e-05, 5.7353477132e-06, 2.33691498579e-05, 8.6665395429e-06, 5.85014186072e-06, 5.25982068211e-06, 5.15433248438e-06, 1.52843210799e-06, 1.36677886076e-06, 1.80620452284e-06, 5.99390602929e-07, 5.09137862537e-07, 4.39970875732e-07, 2.50529609502e-07, 1.72724625713e-07, 1.48268370026e-07, 1.26271771705e-07, 7.95953809529e-08, 5.01519608065e-08, 1.3494351947e-07, 2.57351757682e-07, 2.87290959022e-07, 1.35449582217e-07, 2.19252669353e-08, 9.61837054447e-10], "mean": [0.000484701333335, 0.00766412401572, 0.00266230641864, 0.00118013191968, 0.00227166363038, 0.0014556646347, 0.000947249995079, 0.0010177915683, 0.000887750764377, 0.000623367610388, 0.000575150421355, 0.000589295115788, 0.000409376050811, 0.000363510916941, 0.00031282909913, 0.000237306390773, 0.000241773290327, 0.000227328229812, 0.000230944933719, 0.000213056991925, 0.000182035539183, 0.0002000638342, 0.000198555833776, 0.000199541362235, 0.000166700439877, 9.96686867438e-05, 3.57610078936e-05]}, "melbands_flatness_db": {"min": 0.0116490172222, "max": 0.58232986927, "dvar2": 0.00264957500622, "median": 0.173099935055, "dmean2": 0.0533710457385, "dmean": 0.0371766611934, "var": 0.00770360510796, "dvar": 0.00144678552169, "mean": 0.189953610301}, "melbands_skewness": {"min": -4.97756719589, "max": 29.0487480164, "dvar2": 5.69496393204, "median": 2.93002176285, "dmean2": 1.99643349648, "dmean": 1.32569861412, "var": 9.41599178314, "dvar": 2.70253682137, "mean": 3.67071056366}, "barkbands_skewness": {"min": -7.73136138916, "max": 20.4856357574, "dvar2": 3.08605957031, "median": 1.642547369, "dmean2": 1.44882798195, "dmean": 0.988912403584, "var": 5.63367033005, "dvar": 1.58656346798, "mean": 2.08305859566}, "silence_rate_60dB": {"min": 0, "max": 1, "dvar2": 0.14687807858, "median": 0, "dmean2": 0.163363531232, "dmean": 0.0817212387919, "var": 0.18652421236, "dvar": 0.0750366076827, "mean": 0.248065665364}, "spectral_energyband_low": {"min": 2.39711505853e-12, "max": 0.128739148378, "dvar2": 0.000417311908677, "median": 0.00123270461336, "dmean2": 0.0103525370359, "dmean": 0.00689579965547, "var": 0.000405824102927, "dvar": 0.00020859738288, "mean": 0.0114665087312}, "spectral_energyband_middle_low": {"min": 3.18697130318e-12, "max": 0.0924481973052, "dvar2": 0.000212787475903, "median": 0.0041684396565, "dmean2": 0.00774564500898, "dmean": 0.00505594303831, "var": 0.000131408189191, "dvar": 9.21079481486e-05, "mean": 0.00796965882182}, "melbands_kurtosis": {"min": -1.91197896004, "max": 1477.57739258, "dvar2": 5928.90917969, "median": 11.887093544, "dmean2": 35.1109848022, "dmean": 22.6192169189, "var": 5522.03417969, "dvar": 2695.80175781, "mean": 36.0123138428}, "spectral_decrease": {"min": -3.69819161961e-08, "max": -1.64719701382e-18, "dvar2": 3.70811602107e-17, "median": -3.48107764836e-09, "dmean2": 4.08819911257e-09, "dmean": 2.88798118753e-09, "var": 4.50409637354e-17, "dvar": 1.9818053028e-17, "mean": -5.80838221964e-09}, "erbbands_kurtosis": {"min": -1.87251293659, "max": 65.8796081543, "dvar2": 20.0665569305, "median": -0.239583134651, "dmean2": 2.38630962372, "dmean": 1.50650668144, "var": 16.5363273621, "dvar": 9.09421443939, "mean": 1.0088173151}, "melbands_crest": {"min": 2.33937358856, "max": 37.6690406799, "dvar2": 28.7731952667, "median": 14.2290229797, "dmean2": 6.50964450836, "dmean": 4.07598686218, "var": 42.4554977417, "dvar": 12.055437088, "mean": 15.145860672}, "gfcc": {"cov": [[13215.4716797, -75.6698074341, -546.168212891, -103.871353149, 125.51789093, 42.3489151001, 163.495605469, 150.989013672, 74.587852478, 113.475204468, -17.9085540771, 105.94291687, -33.997341156], [-75.6698074341, 1821.06054688, -3.40921878815, 29.3450126648, 174.145782471, -4.04119253159, 139.260726929, 35.4180755615, 74.5384979248, -26.2847118378, 79.174911499, -85.6472930908, -11.9808635712], [-546.168212891, -3.40921878815, 1567.74914551, 501.116973877, 411.972106934, 249.50012207, 84.906578064, 39.4535980225, 38.9161453247, 74.3056945801, 0.323842525482, 31.9865608215, 1.5287296772], [-103.871353149, 29.3450126648, 501.116973877, 642.670776367, 232.948928833, 110.152000427, 60.2072219849, 62.9046592712, 70.364982605, 17.384180069, 14.3452396393, 17.9577026367, 23.3764038086], [125.51789093, 174.145782471, 411.972106934, 232.948928833, 478.112213135, 208.982192993, 136.70892334, 69.4792098999, 62.2961463928, 50.7426147461, 3.51841616631, 15.5386590958, 22.9753856659], [42.3489151001, -4.04119253159, 249.50012207, 110.152000427, 208.982192993, 334.594024658, 181.577346802, 58.1399803162, 40.6185874939, 46.9196128845, 19.431936264, -6.19262695312, -3.39258384705], [163.495605469, 139.260726929, 84.906578064, 60.2072219849, 136.70892334, 181.577346802, 239.141662598, 99.2071456909, 42.259311676, 34.3446655273, 30.1558570862, 1.54100358486, -7.17838096619], [150.989013672, 35.4180755615, 39.4535980225, 62.9046592712, 69.4792098999, 58.1399803162, 99.2071456909, 157.750289917, 85.3530044556, 30.4834594727, 14.4752483368, 7.87288045883, 3.96230149269], [74.587852478, 74.5384979248, 38.9161453247, 70.364982605, 62.2961463928, 40.6185874939, 42.259311676, 85.3530044556, 138.71333313, 54.0499610901, 9.50110721588, 0.0293132960796, 7.45378684998], [113.475204468, -26.2847118378, 74.3056945801, 17.384180069, 50.7426147461, 46.9196128845, 34.3446655273, 30.4834594727, 54.0499610901, 92.5082473755, 31.8938522339, 7.38649225235, -1.70306825638], [-17.9085540771, 79.174911499, 0.323842525482, 14.3452396393, 3.51841616631, 19.431936264, 30.1558570862, 14.4752483368, 9.50110721588, 31.8938522339, 81.6331939697, 29.5155086517, 5.46079397202], [105.94291687, -85.6472930908, 31.9865608215, 17.9577026367, 15.5386590958, -6.19262695312, 1.54100358486, 7.87288045883, 0.0293132960796, 7.38649225235, 29.5155086517, 78.7821121216, 33.4453659058], [-33.997341156, -11.9808635712, 1.5287296772, 23.3764038086, 22.9753856659, -3.39258384705, -7.17838096619, 3.96230149269, 7.45378684998, -1.70306825638, 5.46079397202, 33.4453659058, 70.0469207764]], "icov": [[8.31668367027e-05, -1.66666904988e-05, 5.7844157709e-05, -1.65061046573e-05, -2.88403534796e-05, -4.51562345916e-06, -2.09110730793e-05, -6.76256895531e-05, 7.13448098395e-05, -0.000192642226466, 0.000210551806958, -0.000261149631115, 0.000148685096065], [-1.66666904988e-05, 0.000896711077075, -9.71813278738e-05, 0.000206569660804, -0.00058221508516, 0.000817390391603, -0.000891235889867, 0.000673959613778, -0.0010947935516, 0.00149211566895, -0.00198382441886, 0.00190116732847, -0.000420751835918], [5.7844157709e-05, -9.71813278738e-05, 0.00111987174023, -0.00068966881372, -0.000469495891593, -0.000564620830119, 0.000507982331328, -0.000164823766681, 0.000704220728949, -0.00107637466863, 0.000850632262882, -0.000934573239647, 0.000684011378326], [-1.65061046573e-05, 0.000206569660804, -0.00068966881372, 0.00245485897176, -0.000732754357159, 0.000232476144447, -8.13485457911e-05, -2.06984113902e-05, -0.00139591656625, 0.00170492369216, -0.00135064998176, 0.000728759216145, -0.000585110625252], [-2.88403534796e-05, -0.00058221508516, -0.000469495891593, -0.000732754357159, 0.0042036655359, -0.00178444932681, -0.000293673132546, -0.000429534586146, 0.000360897945939, -0.00167632871307, 0.00233208783902, -0.00150328455493, -0.000873015262187], [-4.51562345916e-06, 0.000817390391603, -0.000564620830119, 0.000232476144447, -0.00178444932681, 0.00720962323248, -0.00523311831057, 0.00197297940031, -0.00133606733289, 0.000456216017483, -0.00189944938757, 0.00286447117105, -0.000707412022166], [-2.09110730793e-05, -0.000891235889867, 0.000507982331328, -8.13485457911e-05, -0.000293673132546, -0.00523311831057, 0.01091456227, -0.00587554834783, 0.0027883972507, -0.00132561172359, -0.000199332105694, -0.00158571952488, 0.00159095029812], [-6.76256895531e-05, 0.000673959613778, -0.000164823766681, -2.06984113902e-05, -0.000429534586146, 0.00197297940031, -0.00587554834783, 0.0134267872199, -0.0080207940191, 0.00257869600318, -0.00149444653653, 0.000287379283691, -0.000136736722197], [7.13448098395e-05, -0.0010947935516, 0.000704220728949, -0.00139591656625, 0.000360897945939, -0.00133606733289, 0.0027883972507, -0.0080207940191, 0.0159886851907, -0.00935234036297, 0.00423316704109, -0.00100569787901, -0.000924352614675], [-0.000192642226466, 0.00149211566895, -0.00107637466863, 0.00170492369216, -0.00167632871307, 0.000456216017483, -0.00132561172359, 0.00257869600318, -0.00935234036297, 0.0210762806237, -0.0103317406029, 0.00378807308152, 0.000410831155023], [0.000210551806958, -0.00198382441886, 0.000850632262882, -0.00135064998176, 0.00233208783902, -0.00189944938757, -0.000199332105694, -0.00149444653653, 0.00423316704109, -0.0103317406029, 0.0226810500026, -0.0114904949442, 0.00241877324879], [-0.000261149631115, 0.00190116732847, -0.000934573239647, 0.000728759216145, -0.00150328455493, 0.00286447117105, -0.00158571952488, 0.000287379283691, -0.00100569787901, 0.00378807308152, -0.0114904949442, 0.0240208934993, -0.00994569994509], [0.000148685096065, -0.000420751835918, 0.000684011378326, -0.000585110625252, -0.000873015262187, -0.000707412022166, 0.00159095029812, -0.000136736722197, -0.000924352614675, 0.000410831155023, 0.00241877324879, -0.00994569994509, 0.0195481106639]], "mean": [-33.7172889709, 49.8005943298, -87.9444656372, 24.6162757874, -59.2210845947, 13.3987178802, -33.5312805176, 6.13634634018, -23.6148605347, 2.71715974808, -14.5476236343, 1.2781919241, -11.681810379]}, "melbands_spread": {"min": 0.218934699893, "max": 296.503723145, "dvar2": 1120.82336426, "median": 18.7193908691, "dmean2": 18.6125240326, "dmean": 12.2250862122, "var": 1076.58728027, "dvar": 517.44128418, "mean": 27.5022525787}, "spectral_energy": {"min": 7.30545571953e-12, "max": 0.141720578074, "dvar2": 0.000548518088181, "median": 0.0147309489548, "dmean2": 0.0159920416772, "dmean": 0.0114171830937, "var": 0.000701468787156, "dvar": 0.000297281338135, "mean": 0.0236784145236}, "mfcc": {"cov": [[13109.6074219, 95.2034072876, -962.854187012, -168.562103271, -267.066894531, -98.3451690674, -47.926486969, 68.5861129761, 65.0827255249, 25.0848712921, 43.1711387634, 77.2837219238, 54.4851951599], [95.2034072876, 1515.80432129, -29.7972812653, 18.8696651459, 49.2447280884, 22.0921363831, 96.1679458618, 31.2096633911, 25.1345462799, 32.7443199158, 68.3431777954, 29.3933162689, 6.48896360397], [-962.854187012, -29.7972812653, 1020.7668457, 351.391479492, 312.189575195, 215.306777954, 128.716171265, 57.1122550964, 68.4531326294, 31.564912796, 27.8232288361, 50.733505249, 51.9150352478], [-168.562103271, 18.8696651459, 351.391479492, 517.583984375, 257.929718018, 91.4684371948, 46.107635498, 65.3187255859, 66.8820800781, 25.9686641693, -3.20483088493, 49.034942627, 51.9873390198], [-267.066894531, 49.2447280884, 312.189575195, 257.929718018, 389.307403564, 189.783874512, 96.5319366455, 63.1177330017, 100.518615723, 49.1159934998, 17.2176818848, 39.0597419739, 36.371887207], [-98.3451690674, 22.0921363831, 215.306777954, 91.4684371948, 189.783874512, 291.900878906, 169.549972534, 74.9218978882, 79.0094451904, 53.8135566711, 52.1222801208, 26.4626197815, 17.9351291656], [-47.926486969, 96.1679458618, 128.716171265, 46.107635498, 96.5319366455, 169.549972534, 242.526992798, 107.844543457, 62.3219070435, 43.0014190674, 58.0392608643, 27.1510334015, 15.3046045303], [68.5861129761, 31.2096633911, 57.1122550964, 65.3187255859, 63.1177330017, 74.9218978882, 107.844543457, 153.623260498, 85.0775604248, 46.2817382812, 43.0303497314, 31.3091468811, 21.7425060272], [65.0827255249, 25.1345462799, 68.4531326294, 66.8820800781, 100.518615723, 79.0094451904, 62.3219070435, 85.0775604248, 152.256561279, 76.8853607178, 39.397277832, 30.9248275757, 22.1947994232], [25.0848712921, 32.7443199158, 31.564912796, 25.9686641693, 49.1159934998, 53.8135566711, 43.0014190674, 46.2817382812, 76.8853607178, 118.234939575, 66.9414215088, 23.8715724945, 13.6985998154], [43.1711387634, 68.3431777954, 27.8232288361, -3.20483088493, 17.2176818848, 52.1222801208, 58.0392608643, 43.0303497314, 39.397277832, 66.9414215088, 117.635742188, 42.2098770142, 11.163228035], [77.2837219238, 29.3933162689, 50.733505249, 49.034942627, 39.0597419739, 26.4626197815, 27.1510334015, 31.3091468811, 30.9248275757, 23.8715724945, 42.2098770142, 84.1728057861, 38.6634902954], [54.4851951599, 6.48896360397, 51.9150352478, 51.9873390198, 36.371887207, 17.9351291656, 15.3046045303, 21.7425060272, 22.1947994232, 13.6985998154, 11.163228035, 38.6634902954, 76.345741272]], "icov": [[8.46371622174e-05, -2.54239648712e-06, 9.43358099903e-05, -3.32786476065e-05, 5.18986780662e-05, -4.84035226691e-05, 1.97480821953e-05, -2.0514080461e-05, -5.82031534577e-05, 2.95363061014e-05, -4.51670121038e-06, -7.85766242188e-05, -6.10698480159e-05], [-2.54239648712e-06, 0.000704879697878, 7.75650405558e-05, -2.71855005849e-05, -0.000182244184543, 0.000287039234536, -0.000436059403, 0.000188436169992, -1.98067737074e-05, 6.48163913866e-05, -0.000403392361477, -3.26363515342e-05, 3.04525910906e-05], [9.43358099903e-05, 7.75650405558e-05, 0.0016161169624, -0.000734806293622, -0.000470805360237, -0.000543105416, -0.000281018059468, 0.000334235781338, 6.95299677318e-05, 0.000263949943474, -0.0002524771553, -0.000128710875288, -0.000324955239194], [-3.32786476065e-05, -2.71855005849e-05, -0.000734806293622, 0.00348636345007, -0.00194590969477, 0.000650433590636, 0.000423247343861, -0.00112882023677, 0.000379376375349, -0.000254468963249, 0.00085104664322, -0.000767125282437, -0.000637993856799], [5.18986780662e-05, -0.000182244184543, -0.000470805360237, -0.00194590969477, 0.00607209466398, -0.00291193579324, 0.000380363781005, 0.000663961749524, -0.00200704322197, -0.00020278248121, 0.00111122860108, -0.000547798001207, -0.000115619390272], [-4.84035226691e-05, 0.000287039234536, -0.000543105416, 0.000650433590636, -0.00291193579324, 0.00830436125398, -0.00457542994991, 0.000962094869465, -0.000815452309325, -0.000321485102177, -0.00114004779607, 0.000644032668788, 0.000151469910634], [1.97480821953e-05, -0.000436059403, -0.000281018059468, 0.000423247343861, 0.000380363781005, -0.00457542994991, 0.00960076507181, -0.00508946692571, 0.00106670253444, 0.000530338787939, -0.00132187013514, 0.000227935059229, 1.69074137375e-05], [-2.0514080461e-05, 0.000188436169992, 0.000334235781338, -0.00112882023677, 0.000663961749524, 0.000962094869465, -0.00508946692571, 0.0131912874058, -0.00570958480239, 0.00071521702921, -0.0012562222546, -0.000614319520537, -0.00071249413304], [-5.82031534577e-05, -1.98067737074e-05, 6.95299677318e-05, 0.000379376375349, -0.00200704322197, -0.000815452309325, 0.00106670253444, -0.00570958480239, 0.0143159404397, -0.00721383281052, 0.00207896996289, -0.0014204835752, -0.000154552995809], [2.95363061014e-05, 6.48163913866e-05, 0.000263949943474, -0.000254468963249, -0.00020278248121, -0.000321485102177, 0.000530338787939, 0.00071521702921, -0.00721383281052, 0.0174603369087, -0.00869408994913, 0.00224924040958, -0.00107421097346], [-4.51670121038e-06, -0.000403392361477, -0.0002524771553, 0.00085104664322, 0.00111122860108, -0.00114004779607, -0.00132187013514, -0.0012562222546, 0.00207896996289, -0.00869408994913, 0.016913773492, -0.00722034974024, 0.00212987791747], [-7.85766242188e-05, -3.26363515342e-05, -0.000128710875288, -0.000767125282437, -0.000547798001207, 0.000644032668788, 0.000227935059229, -0.000614319520537, -0.0014204835752, 0.00224924040958, -0.00722034974024, 0.0199296288192, -0.00812007021159], [-6.10698480159e-05, 3.04525910906e-05, -0.000324955239194, -0.000637993856799, -0.000115619390272, 0.000151469910634, 1.69074137375e-05, -0.00071249413304, -0.000154552995809, -0.00107421097346, 0.00212987791747, -0.00812007021159, 0.0180521942675]], "mean": [-687.956848145, 92.3821334839, 20.9416351318, 16.2425746918, 0.944345355034, 5.60248994827, 1.49387991428, 2.5383913517, -2.24330258369, 0.632402122021, -0.253859519958, -0.591151356697, -1.02543127537]}, "spectral_contrast_valleys": {"min": [-18.2877483368, -17.0228157043, -17.2794017792, -18.3743476868, -19.3301448822, -20.0484237671], "max": [-5.10839223862, -4.36524295807, -4.91834640503, -5.45402812958, -5.5139169693, -6.96716070175], "dvar2": [0.512221634388, 0.523413360119, 0.453967154026, 0.367662489414, 0.323140710592, 0.315125524998], "median": [-7.73519992828, -7.06307697296, -7.73016834259, -8.14274787903, -7.73433351517, -9.70540237427], "dmean2": [0.774563014507, 0.772446572781, 0.705636978149, 0.606563210487, 0.509802699089, 0.481713593006], "dmean": [0.53003680706, 0.528208553791, 0.49371856451, 0.449605345726, 0.401083707809, 0.392849564552], "var": [2.41866087914, 1.4692376852, 1.61435461044, 1.47076308727, 1.38388705254, 1.35724258423], "dvar": [0.285092651844, 0.292033940554, 0.265739828348, 0.23365278542, 0.20659250021, 0.2076613307], "mean": [-7.85950708389, -7.23963975906, -7.78925180435, -8.23356246948, -7.94374799728, -9.82187747955]}, "barkbands_flatness_db": {"min": 0.0171510353684, "max": 0.442492455244, "dvar2": 0.00178808439523, "median": 0.103212460876, "dmean2": 0.0426729284227, "dmean": 0.029391432181, "var": 0.00432316539809, "dvar": 0.000942932616454, "mean": 0.119377657771}, "dynamic_complexity": 5.2905831337, "erbbands_flatness_db": {"min": 0.0323848575354, "max": 0.357752591372, "dvar2": 0.00103682267945, "median": 0.108121827245, "dmean2": 0.0307826232165, "dmean": 0.0212504044175, "var": 0.00313565484248, "dvar": 0.000539010448847, "mean": 0.119416967034}, "hfc": {"min": 1.20011156568e-08, "max": 403.441986084, "dvar2": 509.133026123, "median": 11.3