{"lowlevel": {"spectral_complexity": {"min": 0, "max": 64, "dvar2": 74.3681564331, "median": 19, "dmean2": 8.35916900635, "dmean": 5.84522914886, "var": 210.304107666, "dvar": 42.172870636, "mean": 20.927520752}, "silence_rate_20dB": {"min": 1, "max": 1, "dvar2": 0, "median": 1, "dmean2": 0, "dmean": 0, "var": 0, "dvar": 0, "mean": 1}, "average_loudness": 0.921994686127, "erbbands_spread": {"min": 0.432779014111, "max": 198.908294678, "dvar2": 427.268066406, "median": 38.5685844421, "dmean2": 18.5456733704, "dmean": 12.0786762238, "var": 643.566833496, "dvar": 197.429733276, "mean": 44.3412971497}, "spectral_kurtosis": {"min": -1.16772794724, "max": 112.397827148, "dvar2": 3.01811599731, "median": 2.81655168533, "dmean2": 1.40909481049, "dmean": 0.881903707981, "var": 4.29128837585, "dvar": 1.43637275696, "mean": 3.0675444603}, "barkbands_kurtosis": {"min": -1.96507549286, "max": 2136.27416992, "dvar2": 2332.50830078, "median": 0.21865773201, "dmean2": 13.0749759674, "dmean": 8.33001232147, "var": 2593.54516602, "dvar": 1263.12219238, "mean": 9.08507442474}, "spectral_strongpeak": {"min": 0, "max": 27.4118709564, "dvar2": 2.51340460777, "median": 0.255723237991, "dmean2": 0.651458919048, "dmean": 0.371221512556, "var": 0.923414945602, "dvar": 0.870491325855, "mean": 0.507557690144}, "spectral_spread": {"min": 607493.5, "max": 39806980, "dvar2": 1098501455870.0, "median": 4853900, "dmean2": 994300.8125, "dmean": 681601.0625, "var": 2291934953470.0, "dvar": 576652247040, "mean": 5123462}, "spectral_rms": {"min": 5.22779509993e-06, "max": 0.011307134293, "dvar2": 1.5719252815e-06, "median": 0.00439959904179, "dmean2": 0.00127050944138, "dmean": 0.00085036654491, "var": 3.37922870131e-06, "dvar": 7.6929967463e-07, "mean": 0.00434271851555}, "erbbands": {"min": [2.61358898968e-08, 1.65371876193e-08, 2.79957834692e-09, 1.52235779538e-09, 3.2175648812e-09, 2.91356783144e-09, 1.69783065385e-09, 2.45629072637e-09, 1.99951144531e-09, 2.79437806228e-09, 2.66637179003e-09, 9.03427377352e-09, 5.38013322782e-09, 1.33674822322e-08, 1.73559264738e-08, 1.55681494363e-08, 3.67972887716e-08, 1.97646770062e-08, 1.51832288964e-08, 2.37444428564e-08, 2.55022456486e-08, 3.24574038757e-08, 4.1973624576e-08, 5.87879540603e-08, 4.09235845211e-08, 9.46681737446e-08, 6.84274112928e-08, 3.34398784219e-08, 5.55898971299e-08, 6.50599645269e-08, 6.20700859599e-08, 4.65064111665e-08, 3.47456676764e-08, 3.79179425636e-08, 2.93283939357e-08, 2.33274288775e-08, 1.19072645077e-08, 9.31590893316e-09, 1.3948705524e-09, 1.68626099195e-10], "max": [3.77191710472, 24.5384654999, 76.4544525146, 88.4924316406, 181.253829956, 222.32484436, 284.54699707, 340.981567383, 244.561935425, 379.335906982, 692.045776367, 980.321105957, 761.791564941, 513.478942871, 574.36541748, 803.155700684, 570.811279297, 489.48248291, 704.799682617, 563.24786377, 780.746032715, 726.698486328, 529.086791992, 783.399291992, 618.474243164, 869.31842041, 430.079711914, 330.041442871, 453.522125244, 433.352050781, 148.847854614, 91.6393585205, 55.1141548157, 50.6227607727, 23.3275051117, 26.0923233032, 2.49220299721, 0.369424134493, 0.070454724133, 0.0431260839105], "dvar2": [0.179729521275, 7.63741970062, 64.0124130249, 74.1088180542, 380.079162598, 430.690368652, 547.001831055, 288.224914551, 528.733215332, 1193.68395996, 1496.12426758, 3189.9152832, 1284.78808594, 1122.32006836, 1520.15576172, 2095.98803711, 1785.30993652, 1751.22802734, 2185.38134766, 1490.36218262, 2145.92773438, 2274.41821289, 2335.03710938, 3763.79370117, 2693.7734375, 2252.41333008, 841.238952637, 661.784240723, 476.162109375, 281.044403076, 97.017616272, 31.5416355133, 12.328909874, 6.08117961884, 2.18824887276, 0.812195777893, 0.0193670541048, 0.000452651409432, 5.80801452088e-06, 1.84410237125e-06], "median": [0.252953082323, 1.10982906818, 1.10960578918, 1.2181224823, 1.19105553627, 1.38778376579, 1.7889726162, 1.66624498367, 1.80004620552, 2.42414808273, 3.13682436943, 5.22469520569, 4.57183074951, 6.56217861176, 5.51044654846, 6.15596389771, 9.0034122467, 9.94070625305, 8.46293258667, 8.21418380737, 9.07430362701, 10.7585945129, 12.7807559967, 14.9276332855, 16.4998893738, 13.982093811, 8.32765579224, 7.11659240723, 5.20554924011, 3.03286957741, 1.77516520023, 1.47442245483, 0.890933156013, 0.84539103508, 0.502284765244, 0.105624765158, 0.0175412725657, 0.00261862715706, 0.000284191570245, 4.29434185207e-05], "dmean2": [0.319035083055, 1.85108208656, 3.28330659866, 3.58009576797, 5.8666973114, 8.75257396698, 11.0043544769, 7.38339614868, 9.25215053558, 14.116517067, 14.7482662201, 23.1964378357, 14.7171020508, 17.0495471954, 16.6458702087, 20.9659042358, 21.9056453705, 23.346446991, 24.0618667603, 20.4014511108, 24.101984024, 25.3447380066, 28.2829265594, 33.5869140625, 31.934709549, 27.0161933899, 16.6235656738, 15.4785938263, 11.9983854294, 8.14481925964, 4.74221038818, 2.93691778183, 1.75616145134, 1.38885867596, 1.07363927364, 0.239544048905, 0.0465311966836, 0.00823964830488, 0.000933032191824, 0.000153364439029], "dmean": [0.200625017285, 1.14898955822, 2.05329990387, 2.15536832809, 3.33711528778, 4.90294027328, 6.38478946686, 4.44557619095, 5.65453624725, 8.76165676117, 9.34502220154, 14.9534769058, 9.13342857361, 10.6306066513, 10.3376979828, 12.9658517838, 13.5184431076, 14.3280162811, 15.1930837631, 12.8240146637, 14.5340366364, 15.5357933044, 17.3678207397, 21.5226650238, 20.5401287079, 17.5345726013, 10.9897470474, 10.0710420609, 7.81939554214, 5.38390016556, 3.07679128647, 1.9231044054, 1.15930366516, 0.931326806545, 0.696867763996, 0.157794937491, 0.0301907919347, 0.00537611730397, 0.000600176455919, 9.60971738095e-05], "var": [0.163788095117, 4.55612754822, 29.9760437012, 25.3478717804, 84.9218673706, 106.642791748, 176.436248779, 135.382049561, 230.76335144, 521.034362793, 742.510314941, 1929.57214355, 691.954162598, 789.562927246, 988.535339355, 1244.95812988, 1332.27697754, 1151.94750977, 1309.43774414, 1084.28295898, 1272.2902832, 1432.20239258, 1571.1282959, 2744.7487793, 2326.24804688, 2338.44946289, 769.371643066, 534.513977051, 342.48840332, 187.351821899, 62.0480117798, 21.2012004852, 8.98333072662, 5.25110912323, 1.48442947865, 0.952830433846, 0.0166823472828, 0.00040378011181, 7.57371935833e-06, 1.53607629727e-06], "dvar": [0.0716995894909, 2.9185500145, 27.7846031189, 29.2023353577, 135.507736206, 153.959030151, 200.110397339, 117.09135437, 218.356887817, 493.860046387, 636.295715332, 1396.14526367, 535.559326172, 482.10168457, 615.158081055, 853.553161621, 726.995910645, 693.690551758, 923.767028809, 629.747192383, 823.440063477, 863.555480957, 936.854187012, 1663.5769043, 1157.40539551, 1006.89300537, 390.739105225, 303.329559326, 210.193130493, 122.982009888, 42.5412216187, 13.7548294067, 5.4451379776, 2.81258893013, 0.963275671005, 0.29251241684, 0.007376157213, 0.000184792326763, 2.19763956011e-06, 6.89975991008e-07], "mean": [0.369264543056, 1.7495149374, 2.40396952629, 2.44227218628, 3.09452676773, 4.36105585098, 6.49758481979, 5.46191215515, 6.1987490654, 9.35334682465, 11.2936859131, 19.3629665375, 12.194226265, 15.9639558792, 15.2450017929, 18.1131896973, 21.5356388092, 22.3725681305, 21.6283874512, 19.572977066, 22.2226715088, 23.8805141449, 26.794298172, 33.1991729736, 33.8208580017, 31.4724197388, 18.8310241699, 16.1956539154, 12.176776886, 8.15933609009, 4.63744878769, 2.98160147667, 1.92686450481, 1.58861529827, 0.919816792011, 0.278375715017, 0.0479559339583, 0.00814812630415, 0.000996496411972, 0.000174618253368]}, "zerocrossingrate": {"min": 0, "max": 0.54052734375, "dvar2": 0.000334961921908, "median": 0.07958984375, "dmean2": 0.0198275987059, "dmean": 0.0165861453861, "var": 0.00344629958272, "dvar": 0.000267686787993, "mean": 0.0897604301572}, "spectral_contrast_coeffs": {"min": [-0.950170814991, -0.954866945744, -0.96153652668, -0.971517324448, -0.959472477436, -0.96199285984], "max": [-0.297608911991, -0.313395053148, -0.438745856285, -0.476057678461, -0.561978340149, -0.547892510891], "dvar2": [0.0062027880922, 0.00502347806469, 0.00307191349566, 0.00194557046052, 0.00111874041613, 0.000929788337089], "median": [-0.74203068018, -0.771017491817, -0.795912742615, -0.793223440647, -0.79413318634, -0.751680791378], "dmean2": [0.0940769910812, 0.0887773483992, 0.0697382763028, 0.0545410998166, 0.0404848083854, 0.0348467454314], "dmean": [0.0571607239544, 0.0546725727618, 0.0430293381214, 0.0338784866035, 0.0251817442477, 0.0226694662124], "var": [0.00603440217674, 0.00673779984936, 0.00395424524322, 0.0025940828491, 0.00161285779905, 0.00165904697496], "dvar": [0.00245139515027, 0.0020751603879, 0.0012831359636, 0.000796166830696, 0.000468642800115, 0.000421969947638], "mean": [-0.729487717152, -0.757636010647, -0.789269983768, -0.789632201195, -0.788899898529, -0.74903345108]}, "dissonance": {"min": 0.0746884271502, "max": 0.500000119209, "dvar2": 0.000528879754711, "median": 0.487349003553, "dmean2": 0.0201001297683, "dmean": 0.0120825124905, "var": 0.000773712061346, "dvar": 0.0002128353226, "mean": 0.480309069157}, "spectral_energyband_high": {"min": 3.17826702456e-11, "max": 0.0262559913099, "dvar2": 3.34312289851e-06, "median": 0.000829040247481, "dmean2": 0.00114378670696, "dmean": 0.000794838008005, "var": 3.42389648722e-06, "dvar": 1.60210333888e-06, "mean": 0.00153945875354}, "spectral_skewness": {"min": -0.233883172274, "max": 7.76777362823, "dvar2": 0.0574138984084, "median": 1.19134116173, "dmean2": 0.265097945929, "dmean": 0.168259620667, "var": 0.113191328943, "dvar": 0.0252952408046, "mean": 1.20264828205}, "spectral_flux": {"min": 1.09285674625e-05, "max": 0.318545311689, "dvar2": 0.00154297973495, "median": 0.0832512900233, "dmean2": 0.0378207527101, "dmean": 0.0241556093097, "var": 0.0018801803235, "dvar": 0.00069552147761, "mean": 0.0878287106752}, "silence_rate_30dB": {"min": 0, "max": 1, "dvar2": 0.00105004990473, "median": 1, "dmean2": 0.000700361852068, "dmean": 0.000350160495145, "var": 0.000175038003363, "dvar": 0.0003500378225, "mean": 0.999824941158}, "spectral_energyband_middle_high": {"min": 7.57412188523e-12, "max": 0.034254770726, "dvar2": 1.69781596924e-05, "median": 0.00346527807415, "dmean2": 0.00300787342712, "dmean": 0.00199396139942, "var": 2.24832565436e-05, "dvar": 7.82511961006e-06, "mean": 0.00480280350894}, "barkbands_spread": {"min": 0.110602110624, "max": 119.083259583, "dvar2": 248.426727295, "median": 35.0413780212, "dmean2": 15.9292612076, "dmean": 10.0653238297, "var": 326.621154785, "dvar": 108.905502319, "mean": 34.9351997375}, "spectral_centroid": {"min": 116.056816101, "max": 10530.7558594, "dvar2": 360691.625, "median": 2331.07348633, "dmean2": 590.657653809, "dmean": 384.323059082, "var": 625920.5625, "dvar": 170871.203125, "mean": 2268.19018555}, "pitch_salience": {"min": 0.00512076355517, "max": 0.889056026936, "dvar2": 0.019206058234, "median": 0.509744644165, "dmean2": 0.161732241511, "dmean": 0.101399131119, "var": 0.0230138413608, "dvar": 0.0079993121326, "mean": 0.501132190228}, "erbbands_skewness": {"min": -5.43331766129, "max": 16.2564048767, "dvar2": 0.476674973965, "median": -0.335960894823, "dmean2": 0.695144057274, "dmean": 0.45660379529, "var": 1.36768865585, "dvar": 0.224472478032, "mean": -0.283060848713}, "erbbands_crest": {"min": 2.16355204582, "max": 32.965385437, "dvar2": 17.5569438934, "median": 6.92902755737, "dmean2": 4.42302703857, "dmean": 2.66640686989, "var": 17.779335022, "dvar": 6.91229915619, "mean": 8.0808467865}, "melbands": {"min": [4.18568402161e-10, 3.76714935288e-13, 1.36863854668e-13, 2.58674266902e-13, 4.95237463777e-14, 5.12710161057e-14, 2.63538834717e-14, 3.18129820176e-14, 2.34832329092e-14, 4.91480567724e-14, 2.44961098254e-14, 5.21510223515e-14, 4.6517629836e-14, 5.05541179123e-14, 4.96130948011e-14, 8.65849750296e-14, 3.2528569004e-14, 2.38589225145e-14, 2.68991219679e-14, 3.36344958775e-14, 3.04958322321e-14, 2.28984023989e-14, 4.19724781461e-14, 4.00237365494e-14, 4.43868676352e-14, 2.00350346258e-14, 4.01220093119e-14, 7.14156042788e-14, 5.52455691328e-14, 1.90666489623e-14, 1.66387272748e-14, 2.91440997854e-14, 3.48330102284e-14, 3.4393843974e-14, 3.94513862225e-14, 3.11666348925e-14, 2.61389319206e-14, 2.23708939963e-14, 2.51950627787e-14, 3.46021463164e-14], "max": [0.0287503227592, 0.0331207104027, 0.0143819106743, 0.0149901770055, 0.00909321662039, 0.00683703226969, 0.00352344918065, 0.0040705348365, 0.00508835026994, 0.00556612992659, 0.00395544013008, 0.00221180100925, 0.00273769837804, 0.0019701612182, 0.00163041974884, 0.00104582752101, 0.000943162827753, 0.00127091503236, 0.00114501849748, 0.000903850421309, 0.000886897789314, 0.000829875178169, 0.000552468292881, 0.000471763545647, 0.000681645527948, 0.000480438146042, 0.000675818067975, 0.000483208103105, 0.000454413384432, 0.000200732290978, 0.000237393716816, 0.000249495933531, 0.000222253482207, 0.000270816584816, 0.000100588047644, 7.57959351176e-05, 4.88818586746e-05, 3.70013076463e-05, 5.29300123162e-05, 4.62328680442e-05], "dvar2": [1.33231706059e-05, 1.01049645309e-05, 2.40717554334e-06, 2.31490776059e-06, 5.89106434745e-07, 1.35894353548e-07, 1.21571602563e-07, 1.31616673116e-07, 1.09581435481e-07, 1.14789557415e-07, 3.36717533855e-08, 1.971093333e-08, 2.02117593773e-08, 1.56261759088e-08, 1.38076909906e-08, 8.84066952977e-09, 7.65418572968e-09, 6.83535272827e-09, 4.34151026241e-09, 3.49827922186e-09, 3.22417315068e-09, 3.39610561895e-09, 1.96292826438e-09, 2.26172702789e-09, 3.13534043173e-09, 1.60817426043e-09, 1.83443371604e-09, 1.07857223153e-09, 4.90048057689e-10, 3.03145036851e-10, 2.50553633396e-10, 1.92428947776e-10, 1.26180843552e-10, 9.42840319706e-11, 3.85217760468e-11, 2.05440716522e-11, 1.13298710691e-11, 6.70296370492e-12, 6.44843683659e-12, 4.79422361185e-12], "median": [0.00206894241273, 0.00095690973103, 0.00022356363479, 9.24803462112e-05, 6.79346703691e-05, 3.78114345949e-05, 2.76805058093e-05, 2.47097432293e-05, 2.47599473369e-05, 3.1491741538e-05, 2.04643074539e-05, 2.4852455681e-05, 1.80615061254e-05, 1.48837661982e-05, 1.43561028381e-05, 1.8797818484e-05, 1.63618824445e-05, 1.24935777421e-05, 9.42662882153e-06, 1.04846239992e-05, 9.40403697314e-06, 9.84612779575e-06, 1.0985299923e-05, 1.06576608232e-05, 1.13115811473e-05, 1.04863711385e-05, 1.16207866085e-05, 8.09381981526e-06, 4.99132693221e-06, 4.16986358687e-06, 3.90234527003e-06, 2.93968605547e-06, 2.2545336833e-06, 1.37770268793e-06, 9.93748926703e-07, 8.55863731886e-07, 8.56767201185e-07, 5.69510007153e-07, 6.07867036706e-07, 7.30309693608e-07], "dmean2": [0.00264848023653, 0.00173406931572, 0.000638781872112, 0.000514305778779, 0.000385002611438, 0.000168711791048, 0.000149357321789, 0.000148490376887, 0.000133908120915, 0.000143079640111, 7.49809551053e-05, 7.01784301782e-05, 6.2013103161e-05, 5.56138329557e-05, 5.44250106032e-05, 5.1327428082e-05, 4.72595711472e-05, 4.27793529525e-05, 3.20889230352e-05, 2.92584918498e-05, 2.99236889987e-05, 2.86286121991e-05, 2.60133765551e-05, 2.7063082598e-05, 2.99645562336e-05, 2.41554571403e-05, 2.47402385867e-05, 1.80828137673e-05, 1.18181378639e-05, 1.01993009594e-05, 9.20774346014e-06, 7.66559514886e-06, 5.88213697483e-06, 4.42943110102e-06, 2.98030954582e-06, 2.18841114474e-06, 1.80147310402e-06, 1.29129659854e-06, 1.22985341022e-06, 1.27466512367e-06], "dmean": [0.00165145052597, 0.00109422090463, 0.000388195650885, 0.000288035487756, 0.000222475864575, 0.000101657846244, 9.14568663575e-05, 9.22388135223e-05, 8.5370222223e-05, 9.20402962947e-05, 4.6180535719e-05, 4.3610965804e-05, 3.81962199754e-05, 3.43273386534e-05, 3.35122676915e-05, 3.15843535645e-05, 2.86400045297e-05, 2.67325940513e-05, 1.99808200705e-05, 1.80126044143e-05, 1.79311700776e-05, 1.7327376554e-05, 1.59979717864e-05, 1.64408647834e-05, 1.90682112589e-05, 1.52243655975e-05, 1.59651808644e-05, 1.15588445624e-05, 7.61299679652e-06, 6.59813895254e-06, 5.89714454691e-06, 4.87868237542e-06, 3.77650439987e-06, 2.85106193587e-06, 1.90528521671e-06, 1.41111115681e-06, 1.14432282317e-06, 8.31465683859e-07, 8.16529222902e-07, 8.39299445943e-07], "var": [1.00204761111e-05, 6.49501362204e-06, 8.86148086465e-07, 5.12701774369e-07, 1.93114900071e-07, 6.54909442233e-08, 5.57007773239e-08, 6.01744076789e-08, 5.853668128e-08, 7.24380839756e-08, 1.78555410457e-08, 1.32215953741e-08, 1.32755388904e-08, 8.99214835925e-09, 8.80562112116e-09, 6.39603303654e-09, 4.47310677387e-09, 3.96217902932e-09, 2.69072608639e-09, 2.27523155871e-09, 1.74834313693e-09, 1.92256632836e-09, 1.17957454915e-09, 1.40748546151e-09, 2.21063811701e-09, 1.1648363385e-09, 1.66525870871e-09, 1.00240671319e-09, 3.81644826852e-10, 2.43042475034e-10, 1.78107986692e-10, 1.25063626122e-10, 8.52506329418e-11, 5.36161913478e-11, 2.35722760755e-11, 1.23443191433e-11, 7.14443651809e-12, 4.48009207857e-12, 4.58336493758e-12, 3.97899681953e-12], "dvar": [5.09338315169e-06, 4.53030679637e-06, 9.81446078185e-07, 8.17782506601e-07, 2.18839758759e-07, 5.5690687617e-08, 5.08615194406e-08, 5.49069127942e-08, 4.71314614003e-08, 5.10503355144e-08, 1.40185481001e-08, 8.46688053002e-09, 8.1102280447e-09, 6.4342446926e-09, 5.81105252806e-09, 3.51951756627e-09, 3.02520941631e-09, 2.87958701328e-09, 1.81616410799e-09, 1.41001754717e-09, 1.2367494806e-09, 1.26976307246e-09, 7.89636411813e-10, 9.04983477046e-10, 1.38282985063e-09, 6.70747513087e-10, 7.93146270883e-10, 4.75872841132e-10, 2.1526223859e-10, 1.40693276474e-10, 1.09679362814e-10, 8.21331891387e-11, 5.53578814733e-11, 3.95845162204e-11, 1.666460199e-11, 8.88059851351e-12, 4.80273720099e-12, 2.89301677232e-12, 2.85145778517e-12, 2.17755956496e-12], "mean": [0.00290953717194, 0.00160782597959, 0.00045314282761, 0.000262039888185, 0.000225909170695, 0.000124937214423, 9.99831027002e-05, 9.95820737444e-05, 0.000103846541606, 0.000119062671729, 5.85458074056e-05, 6.32685914752e-05, 5.39228458365e-05, 4.62728385173e-05, 4.61404633825e-05, 4.8158748541e-05, 4.07181651099e-05, 3.57340613846e-05, 2.71485878329e-05, 2.66380939138e-05, 2.51532583206e-05, 2.46958625212e-05, 2.3118509489e-05, 2.39276832872e-05, 2.7761920137e-05, 2.2917498427e-05, 2.61871573457e-05, 1.95030388568e-05, 1.20712184071e-05, 1.0276959074e-05, 8.97691734281e-06, 7.15599117029e-06, 5.59185309612e-06, 4.09434505855e-06, 2.75013417195e-06, 2.03778972718e-06, 1.73357716449e-06, 1.30884916416e-06, 1.28722081172e-06, 1.38888697165e-06]}, "spectral_entropy": {"min": 2.93926930428, "max": 9.79851531982, "dvar2": 0.0471807681024, "median": 7.96893548965, "dmean2": 0.216523975134, "dmean": 0.141507163644, "var": 0.148457497358, "dvar": 0.0222878083587, "mean": 7.92460584641}, "spectral_rolloff": {"min": 21.533203125, "max": 19487.5488281, "dvar2": 3387248.25, "median": 2110.25390625, "dmean2": 1516.05712891, "dmean": 909.371643066, "var": 5949382, "dvar": 1511849.875, "mean": 2490.28051758}, "barkbands": {"min": [7.56421314474e-10, 1.93757232481e-10, 5.07915107542e-13, 2.76138188921e-13, 9.41086726776e-13, 2.32885406922e-13, 1.13858914159e-13, 6.84842942989e-14, 3.31974248438e-13, 2.69121801667e-13, 2.67575349898e-13, 3.58549697094e-13, 8.61830843236e-13, 4.26323093581e-13, 3.00994092931e-13, 4.70490074851e-13, 4.37634303796e-13, 9.22020597892e-13, 5.63461007453e-13, 2.16108359506e-12, 1.11471183846e-12, 1.69288237942e-12, 2.18224158362e-12, 2.02484513531e-12, 3.8994497735e-12, 6.43655094501e-12, 1.17905615826e-11], "max": [0.00476159481332, 0.0996112674475, 0.0790945887566, 0.0302799586207, 0.0583590194583, 0.0301308594644, 0.0221210755408, 0.0258223377168, 0.0364537388086, 0.0225548725575, 0.0181833766401, 0.0167207811028, 0.0131682278588, 0.0134727554396, 0.0152359893546, 0.0117300180718, 0.011018560268, 0.0116498470306, 0.0108657162637, 0.0177512839437, 0.00663097528741, 0.0107517540455, 0.00856012571603, 0.00308462837711, 0.00365696079098, 0.00336505239829, 0.00145918910857], "dvar2": [7.06027947217e-07, 0.000156122332555, 6.36944241705e-05, 1.11701465357e-05, 3.92993424612e-05, 4.12516965298e-06, 3.51415587829e-06, 2.97449923892e-06, 5.07901495439e-06, 1.25627150283e-06, 1.09076904664e-06, 1.17790375498e-06, 9.09033417429e-07, 7.48314391785e-07, 8.04960961887e-07, 7.31439001811e-07, 7.29192947801e-07, 9.54949655352e-07, 1.10507517093e-06, 9.72746988737e-07, 4.03937747251e-07, 3.2864431887e-07, 1.50802577537e-07, 4.86242903719e-08, 4.131993947e-08, 1.48557104396e-08, 1.98197791512e-09], "median": [0.000359742087312, 0.00662947865203, 0.000692622736096, 0.000373582530301, 0.000411079090554, 0.000214167317608, 0.000134283560328, 8.84617838892e-05, 0.000217069755308, 0.000135932714329, 0.000128584186314, 0.000134115834953, 0.000186146353371, 0.000173840890056, 0.00012749331654, 0.000152814522153, 0.000171439198311, 0.000231009835261, 0.000296984653687, 0.00030010487535, 0.000185678291018, 0.000138319039252, 6.43579987809e-05, 6.43973326078e-05, 7.64872602304e-05, 1.31937176775e-05, 1.55503971655e-06], "dmean2": [0.000525391660631, 0.00882685463876, 0.00310082035139, 0.00135720986873, 0.00245791953057, 0.00102638744283, 0.000831665180158, 0.000611123861745, 0.000988008338027, 0.000482309231302, 0.000490867241751, 0.000511637015734, 0.000507813878357, 0.000485075142933, 0.000457305315649, 0.000441339623649, 0.000457322486909, 0.00055838591652, 0.000653065391816, 0.000574410252739, 0.000387694715755, 0.000316461111652, 0.000182163988939, 0.000116048773634, 0.000134330141009, 3.39987818734e-05, 8.47550654726e-06], "dmean": [0.000304272922222, 0.00553695764393, 0.00188670447096, 0.000788019795436, 0.00138834072277, 0.0006117351586, 0.000507311779074, 0.000377648684662, 0.000635054893792, 0.000292526616249, 0.000301830063108, 0.000315685174428, 0.00031247062725, 0.000294714060146, 0.000288640294457, 0.000266415532678, 0.000279148807749, 0.000340167665854, 0.000419428222813, 0.000375057337806, 0.000256376952166, 0.00020815784228, 0.000118270683743, 7.71676786826e-05, 8.91833406058e-05, 2.224407217e-05, 5.32986905455e-06], "var": [2.75252091342e-07, 0.000110850211058, 2.36733758356e-05, 3.19426203532e-06, 9.25637596083e-06, 1.8677000071e-06, 1.62137769166e-06, 1.404448426e-06, 3.28686064677e-06, 6.7308889129e-07, 7.29444366243e-07, 7.0474925451e-07, 6.59159240968e-07, 4.67394045245e-07, 4.92448066325e-07, 4.54017424545e-07, 4.28198774216e-07, 5.76176205414e-07, 9.00757981981e-07, 1.03092304471e-06, 3.6240808754e-07, 2.509355852e-07, 9.15674078783e-08, 3.62779886132e-08, 3.36156418257e-08, 1.7305087141e-08, 2.06170569506e-09], "dvar": [2.0919246424e-07, 5.99159939156e-05, 2.60798551608e-05, 4.19978323407e-06, 1.39792236951e-05, 1.6232378357e-06, 1.47367347836e-06, 1.25425901842e-06, 2.25403687182e-06, 5.2107651527e-07, 4.43636508862e-07, 4.81842448607e-07, 3.70100991631e-07, 3.00487954519e-07, 3.39975201769e-07, 2.84328706357e-07, 2.79416781268e-07, 3.81169087404e-07, 4.86473425099e-07, 4.32682298879e-07, 1.92768425222e-07, 1.48526325461e-07, 6.46189093345e-08, 2.15702904427e-08, 1.87864692691e-08, 5.43914913109e-09, 7.43098971245e-10], "mean": [0.000479485926917, 0.00947745982558, 0.00187822664157, 0.000812495534774, 0.00126683025155, 0.000724690966308, 0.000541997316759, 0.000405980361393, 0.000840532127768, 0.000379742850782, 0.000412048015278, 0.000425120466389, 0.00047296815319, 0.000422661920311, 0.00038193401997, 0.000397401949158, 0.000406714447308, 0.000499840127304, 0.000656507036183, 0.000672306690831, 0.000424217490945, 0.000327170826495, 0.000176485496922, 0.000128078609123, 0.000136221846333, 3.82725884265e-05, 8.8687547759e-06]}, "melbands_flatness_db": {"min": 0.0148674650118, "max": 0.681176006794, "dvar2": 0.00344657199457, "median": 0.165130287409, "dmean2": 0.061287175864, "dmean": 0.0408111549914, "var": 0.00749962730333, "dvar": 0.00165582634509, "mean": 0.17893718183}, "melbands_skewness": {"min": -2.97558069229, "max": 63.0443687439, "dvar2": 8.28895664215, "median": 2.51760625839, "dmean2": 2.21436095238, "dmean": 1.46142363548, "var": 12.9526290894, "dvar": 3.99189114571, "mean": 3.52454471588}, "barkbands_skewness": {"min": -5.4001326561, "max": 45.5808906555, "dvar2": 3.76431703568, "median": 1.0512342453, "dmean2": 1.47721743584, "dmean": 0.975077986717, "var": 5.79645681381, "dvar": 1.83623337746, "mean": 1.60811829567}, "silence_rate_60dB": {"min": 0, "max": 1, "dvar2": 0.0589101612568, "median": 0, "dmean2": 0.0520602315664, "dmean": 0.0260285958648, "var": 0.0780932828784, "dvar": 0.0253466367722, "mean": 0.08537581563}, "spectral_energyband_low": {"min": 3.19009307859e-09, "max": 0.124119251966, "dvar2": 0.000210580255953, "median": 0.00902718305588, "dmean2": 0.010527071543, "dmean": 0.00658314535394, "var": 0.000169684208231, "dvar": 8.64962712512e-05, "mean": 0.0122356303036}, "spectral_energyband_middle_low": {"min": 2.28971464185e-12, "max": 0.0744270458817, "dvar2": 8.60478321556e-05, "median": 0.00257317116484, "dmean2": 0.00511694140732, "dmean": 0.00322391558439, "var": 3.88131193176e-05, "dvar": 3.49864421878e-05, "mean": 0.00468453206122}, "melbands_kurtosis": {"min": -1.8958542347, "max": 4306.58642578, "dvar2": 14843.96875, "median": 6.61219358444, "dmean2": 39.5662612915, "dmean": 25.4606342316, "var": 13195.8300781, "dvar": 6735.92236328, "mean": 34.3629798889}, "spectral_decrease": {"min": -3.41974342177e-08, "max": 1.4405623916e-10, "dvar2": 1.46068929239e-17, "median": -4.76949768569e-09, "dmean2": 3.23891180543e-09, "dmean": 2.11118345028e-09, "var": 1.77960149837e-17, "dvar": 6.61960839132e-18, "mean": -5.50231993302e-09}, "erbbands_kurtosis": {"min": -1.88830447197, "max": 423.686248779, "dvar2": 64.6497497559, "median": -0.060333609581, "dmean2": 2.36378264427, "dmean": 1.51393926144, "var": 230.786621094, "dvar": 34.4637145996, "mean": 1.58366322517}, "melbands_crest": {"min": 2.63584065437, "max": 39.9660797119, "dvar2": 37.4417648315, "median": 17.9875926971, "dmean2": 7.36553049088, "dmean": 4.59151315689, "var": 50.8563537598, "dvar": 15.2762031555, "mean": 17.816368103}, "gfcc": {"cov": [[8388.70605469, 1154.73022461, -492.996551514, 704.269348145, 104.242591858, 177.97543335, -45.2846336365, -146.148101807, -232.335876465, -264.392333984, -119.073036194, 136.814285278, 113.885566711], [1154.73022461, 1476.76965332, 236.737625122, 326.842926025, 218.45501709, 123.565307617, 12.6519765854, -45.3520240784, -14.090180397, -69.0485534668, 74.7239456177, 12.6617927551, 46.4765739441], [-492.996551514, 236.737625122, 1169.57165527, 444.221252441, 111.101097107, 44.2015914917, -70.8968658447, -2.79283690453, -18.2671375275, -43.2676200867, -4.50372934341, 50.7045898438, -40.1499176025], [704.269348145, 326.842926025, 444.221252441, 775.745239258, 243.817810059, 70.342628479, -22.0584392548, 6.90023469925, 10.6869277954, -67.0891418457, -25.7883586884, 39.1300125122, 57.0590324402], [104.242591858, 218.45501709, 111.101097107, 243.817810059, 411.308776855, 120.598594666, 49.4258041382, -3.14677453041, -4.14876508713, -17.8844604492, -9.09536266327, 2.42244005203, 15.721616745], [177.97543335, 123.565307617, 44.2015914917, 70.342628479, 120.598594666, 269.313476562, 102.050186157, 12.6972436905, -22.808052063, 3.3691880703, 25.071647644, -0.703435480595, -2.26138567924], [-45.2846336365, 12.6519765854, -70.8968658447, -22.0584392548, 49.4258041382, 102.050186157, 249.319412231, 40.1436386108, -3.91457462311, -7.4931769371, 16.9388237, -3.11239910126, 3.65639019012], [-146.148101807, -45.3520240784, -2.79283690453, 6.90023469925, -3.14677453041, 12.6972436905, 40.1436386108, 144.992050171, 55.6651382446, 29.1937866211, -13.6353111267, -3.95209503174, 9.83045482635], [-232.335876465, -14.090180397, -18.2671375275, 10.6869277954, -4.14876508713, -22.808052063, -3.91457462311, 55.6651382446, 139.557022095, 65.7934341431, 11.7701692581, -14.2769994736, 13.2131958008], [-264.392333984, -69.0485534668, -43.2676200867, -67.0891418457, -17.8844604492, 3.3691880703, -7.4931769371, 29.1937866211, 65.7934341431, 136.971557617, 33.3539276123, -16.4120960236, -9.88539981842], [-119.073036194, 74.7239456177, -4.50372934341, -25.7883586884, -9.09536266327, 25.071647644, 16.9388237, -13.6353111267, 11.7701692581, 33.3539276123, 122.858345032, 34.8837089539, 5.03155374527], [136.814285278, 12.6617927551, 50.7045898438, 39.1300125122, 2.42244005203, -0.703435480595, -3.11239910126, -3.95209503174, -14.2769994736, -16.4120960236, 34.8837089539, 90.4677886963, 22.353471756], [113.885566711, 46.4765739441, -40.1499176025, 57.0590324402, 15.721616745, -2.26138567924, 3.65639019012, 9.83045482635, 13.2131958008, -9.88539981842, 5.03155374527, 22.353471756, 86.7372283936]], "icov": [[0.00019822329341, -0.000162030919455, 0.000239004642935, -0.000263362337137, 0.000174209941179, -0.000155436922796, 7.35540888854e-05, 9.38568191486e-05, 0.000211824211874, 1.95550746867e-05, 0.000382515368983, -0.000436905887909, 0.000121438948554], [-0.000162030919455, 0.000997321330942, -0.00027652058634, 2.17185679503e-05, -0.000400393444579, -8.14765880932e-05, 4.84305819555e-05, 7.93257495388e-05, -0.000285836984403, 0.000529913697392, -0.00112297525629, 0.000863455235958, -0.000457964895759], [0.000239004642935, -0.00027652058634, 0.00153042597231, -0.0010613995837, 0.000312362099066, -0.000307732232613, 0.00041046392289, -6.23153100605e-05, 0.00032636008109, 5.06336473336e-05, 0.000492859689984, -0.00119653437287, 0.00140195421409], [-0.000263362337137, 2.17185679503e-05, -0.0010613995837, 0.0026855871547, -0.00119660980999, 1.28843366838e-05, 0.000176897301571, -0.000164986849995, -0.000919275626075, 0.0007248352631, 1.43492961797e-05, 0.00021844523144, -0.00152984866872], [0.000174209941179, -0.000400393444579, 0.000312362099066, -0.00119660980999, 0.00365118635818, -0.00128930027131, -0.000324072723743, 0.000497146334965, 5.55482911295e-05, -0.000273795099929, 0.000989813823253, -0.000432617700426, 0.0001938832429], [-0.000155436922796, -8.14765880932e-05, -0.000307732232613, 1.28843366838e-05, -0.00128930027131, 0.00547921750695, -0.00191229430493, -0.000605760491453, 0.00136370502878, -0.000940715137403, -0.00126152648591, 0.000891924719326, 0.000150999359903], [7.35540888854e-05, 4.84305819555e-05, 0.00041046392289, 0.000176897301571, -0.000324072723743, -0.00191229430493, 0.00536269228905, -0.00161953037605, 0.000184222401003, 0.0011814837344, -0.000871553667821, 0.000260604603682, 7.46077466829e-06], [9.38568191486e-05, 7.93257495388e-05, -6.23153100605e-05, -0.000164986849995, 0.000497146334965, -0.000605760491453, -0.00161953037605, 0.00929830223322, -0.00348565960303, -0.000964335515164, 0.00238621956669, -0.00121574057266, -0.000581537024118], [0.000211824211874, -0.000285836984403, 0.00032636008109, -0.000919275626075, 5.55482911295e-05, 0.00136370502878, 0.000184222401003, -0.00348565960303, 0.0118646938354, -0.00484024779871, -0.00065577524947, 0.00145287183113, -0.00165183481295], [1.95550746867e-05, 0.000529913697392, 5.06336473336e-05, 0.0007248352631, -0.000273795099929, -0.000940715137403, 0.0011814837344, -0.000964335515164, -0.00484024779871, 0.0117589356378, -0.00360071146861, 0.00204351078719, 0.00108131812885], [0.000382515368983, -0.00112297525629, 0.000492859689984, 1.43492961797e-05, 0.000989813823253, -0.00126152648591, -0.000871553667821, 0.00238621956669, -0.00065577524947, -0.00360071146861, 0.0127886412665, -0.0064743924886, 0.000488397723529], [-0.000436905887909, 0.000863455235958, -0.00119653437287, 0.00021844523144, -0.000432617700426, 0.000891924719326, 0.000260604603682, -0.00121574057266, 0.00145287183113, 0.00204351078719, -0.0064743924886, 0.0162693653256, -0.00416381796822], [0.000121438948554, -0.000457964895759, 0.00140195421409, -0.00152984866872, 0.0001938832429, 0.000150999359903, 7.46077466829e-06, -0.000581537024118, -0.00165183481295, 0.00108131812885, 0.000488397723529, -0.00416381796822, 0.0147243691608]], "mean": [-2.30512809753, 49.4601745605, -111.742767334, 51.0057067871, -50.1677703857, 21.687833786, -26.0361328125, 19.2412033081, -22.660358429, 11.0121822357, -11.4581861496, 1.45185124874, -7.01681995392]}, "melbands_spread": {"min": 0.134529218078, "max": 276.704528809, "dvar2": 588.970581055, "median": 32.1140518188, "dmean2": 22.427072525, "dmean": 14.2515563965, "var": 819.964477539, "dvar": 265.080383301, "mean": 37.4190711975}, "spectral_energy": {"min": 2.80130851849e-08, "max": 0.131047561765, "dvar2": 0.000221252703341, "median": 0.0198403839022, "dmean2": 0.0128010269254, "dmean": 0.00843434873968, "var": 0.000287026341539, "dvar": 0.000102068472188, "mean": 0.0227942373604}, "mfcc": {"cov": [[8234.37402344, 795.263122559, -461.291625977, 208.246841431, 9.77082157135, 190.191467285, 80.6877975464, 178.913970947, -118.81136322, -129.667617798, -148.103210449, -265.193847656, -79.1129989624], [795.263122559, 1035.70605469, 79.9631347656, 93.4730682373, 129.269882202, 111.256797791, 101.609458923, 63.7622032166, -26.8621711731, -26.4395809174, 35.4424057007, -24.9767341614, -3.35000753403], [-461.291625977, 79.9631347656, 956.303955078, 346.795684814, 188.973892212, 61.3417930603, 0.156430497766, 64.5819396973, -14.080078125, -51.1471557617, 25.1554546356, -17.8217430115, 11.5244150162], [208.246841431, 93.4730682373, 346.795684814, 571.864501953, 265.969146729, 77.5785369873, -1.3439668417, 69.2797393799, 35.5190429688, -13.8337173462, -14.9282083511, -37.4118499756, 27.9638633728], [9.77082157135, 129.269882202, 188.973892212, 265.969146729, 390.775604248, 125.080329895, 20.7239055634, 31.2055110931, 31.9806613922, -11.1468238831, 0.533038437366, 6.7649140358, 10.7530632019], [190.191467285, 111.256797791, 61.3417930603, 77.5785369873, 125.080329895, 241.68258667, 130.648162842, 53.2410240173, 9.74874782562, 6.01814603806, 21.6373844147, 1.29905724525, 3.75312900543], [80.6877975464, 101.609458923, 0.156430497766, -1.3439668417, 20.7239055634, 130.648162842, 230.291534424, 93.9914779663, 11.6967287064, -5.31305456161, 17.9111785889, 3.16883802414, -8.84178829193], [178.913970947, 63.7622032166, 64.5819396973, 69.2797393799, 31.2055110931, 53.2410240173, 93.9914779663, 163.708480835, 30.6507472992, -13.9875888824, 2.83401036263, -13.3393630981, 0.285400718451], [-118.81136322, -26.8621711731, -14.080078125, 35.5190429688, 31.9806613922, 9.74874782562, 11.6967287064, 30.6507472992, 140.607711792, 50.0764389038, 0.34164634347, 19.8977718353, 9.66927719116], [-129.667617798, -26.4395809174, -51.1471557617, -13.8337173462, -11.1468238831, 6.01814603806, -5.31305456161, -13.9875888824, 50.0764389038, 128.708145142, 34.1509933472, 19.4210777283, 10.0290431976], [-148.103210449, 35.4424057007, 25.1554546356, -14.9282083511, 0.533038437366, 21.6373844147, 17.9111785889, 2.83401036263, 0.34164634347, 34.1509933472, 105.037895203, 32.5543136597, 0.0524837598205], [-265.193847656, -24.9767341614, -17.8217430115, -37.4118499756, 6.7649140358, 1.29905724525, 3.16883802414, -13.3393630981, 19.8977718353, 19.4210777283, 32.5543136597, 104.921913147, 35.8000564575], [-79.1129989624, -3.35000753403, 11.5244150162, 27.9638633728, 10.7530632019, 3.75312900543, -8.84178829193, 0.285400718451, 9.66927719116, 10.0290431976, 0.0524837598205, 35.8000564575, 83.1981735229]], "icov": [[0.000163429125678, -0.00011560520943, 0.000139262687298, -0.000110046144982, 9.40452664508e-05, -0.000184511722182, 0.0001475775789, -0.000183691940038, 0.000115815775644, 6.38494893792e-05, 0.000141727126902, 0.000241610963712, 5.57181956538e-05], [-0.00011560520943, 0.00117381301243, -7.44900244172e-05, 8.06342068245e-05, -0.000395647657569, 2.24465093197e-05, -0.000418768351665, -1.91449344129e-05, 0.000167331643752, 0.000116407041787, -0.000571104406845, 0.000233434402617, -0.000207329285331], [0.000139262687298, -7.44900244172e-05, 0.00154543237295, -0.000874820747413, -5.72080498387e-05, -0.000219193039811, 0.000332649651682, -0.000461344025098, 0.000341675011441, 0.000585490954109, -0.000520888541359, 0.000185834054719, 7.36869769753e-05], [-0.000110046144982, 8.06342068245e-05, -0.000874820747413, 0.00345155969262, -0.00191518617794, 0.000163003249327, 0.000335698743584, -0.000716729671694, -0.000504145165905, -0.000244940805715, 9.51072070166e-05, 0.00142864801455, -0.0013887018431], [9.40452664508e-05, -0.000395647657569, -5.72080498387e-05, -0.00191518617794, 0.00477736024186, -0.0023725037463, 0.00101430749055, 0.00023343306384, -0.000685504986905, 0.00063956330996, 0.000477483263239, -0.00126089784317, 0.00086653442122], [-0.000184511722182, 2.24465093197e-05, -0.000219193039811, 0.000163003249327, -0.0023725037463, 0.00787988863885, -0.0044393632561, 0.000582259963267, 0.000302178843413, -0.000817767810076, -0.000955875264481, 0.000513819861226, -0.000878623628523], [0.0001475775789, -0.000418768351665, 0.000332649651682, 0.000335698743584, 0.00101430749055, -0.0044393632561, 0.00861119944602, -0.00402108253911, 0.000110498331196, 0.000435419642599, -7.76767410571e-06, -0.000864450295921, 0.00126931280829], [-0.000183691940038, -1.91449344129e-05, -0.000461344025098, -0.000716729671694, 0.00023343306384, 0.000582259963267, -0.00402108253911, 0.00959274359047, -0.00252270908095, 0.00148908235133, -0.000798711262178, 0.00124216894619, -0.000807627802715], [0.000115815775644, 0.000167331643752, 0.000341675011441, -0.000504145165905, -0.000685504986905, 0.000302178843413, 0.000110498331196, -0.00252270908095, 0.00979314837605, -0.00416581518948, 0.00185912451707, -0.00191331200767, 0.000520480971318], [6.38494893792e-05, 0.000116407041787, 0.000585490954109, -0.000244940805715, 0.00063956330996, -0.000817767810076, 0.000435419642599, 0.00148908235133, -0.00416581518948, 0.0109564643353, -0.00382452039048, 0.000654420466162, -0.00105374702252], [0.000141727126902, -0.000571104406845, -0.000520888541359, 9.51072070166e-05, 0.000477483263239, -0.000955875264481, -7.76767410571e-06, -0.000798711262178, 0.00185912451707, -0.00382452039048, 0.012853346765, -0.00435103476048, 0.00224437145516], [0.000241610963712, 0.000233434402617, 0.000185834054719, 0.00142864801455, -0.00126089784317, 0.000513819861226, -0.000864450295921, 0.00124216894619, -0.00191331200767, 0.000654420466162, -0.00435103476048, 0.0147859277204, -0.00643926206976], [5.57181956538e-05, -0.000207329285331, 7.36869769753e-05, -0.0013887018431, 0.00086653442122, -0.000878623628523, 0.00126931280829, -0.000807627802715, 0.000520480971318, -0.00105374702252, 0.00224437145516, -0.00643926206976, 0.0154219064862]], "mean": [-644.699462891, 77.7526473999, 1.03742444515, 34.6619338989, 5.25046873093, 10.3567495346, 12.0605258942, 6.77808666229, 5.99604654312, 6.05386161804, 7.04939985275, 1.65368545055, 2.00339508057]}, "spectral_contrast_valleys": {"min": [-27.5333709717, -27.3656730652, -27.2221984863, -26.8028450012, -27.3099136353, -27.2121047974], "max": [-5.48659563065, -4.73021221161, -5.33685302734, -5.69778585434, -5.15808391571, -7.44719457626], "dvar2": [0.308719366789, 0.521186828613, 0.391010612249, 0.339912086725, 0.284556686878, 0.286721676588], "median": [-6.84576702118, -7.15162420273, -7.41808605194, -7.51079368591, -6.97292423248, -9.57906913757], "dmean2": [0.669218719006, 0.808970212936, 0.669475495815, 0.577780067921, 0.508462846279, 0.474167227745], "dmean": [0.416213810444, 0.517415821552, 0.442877113819, 0.389383763075, 0.355909347534, 0.355210781097], "var": [2.1177740097, 1.44161057472, 1.36535036564, 1.25636935234, 1.15157103539, 0.858869314194], "dvar": [0.147149696946, 0.242279678583, 0.197461590171, 0.17898157239, 0.152949005365, 0.150549933314], "mean": [-7.33080434799, -7.35770559311, -7.63746356964, -7.74918556213, -7.16736030579, -9.65626049042]}, "barkbands_flatness_db": {"min": 0.015271098353, "max": 0.599891722202, "dvar2": 0.00218379474245, "median": 0.101787567139, "dmean2": 0.0468319877982, "dmean": 0.0307545848191, "var": 0.00444922875613, "dvar": 0.00103411683813, "mean": 0.119002893567}, "dynamic_complexity": 3.14940214157, "erbbands_flatness_db": {"min": 0.0162605773658, "max": 0.538163304329, "dvar2": 0.000612172705587, "median": 0.126578301191, "dmean2": 0.0277864523232, "dmean": 0.0184831432998, "var": 0.00237656501122, "d