{"lowlevel": {"spectral_complexity": {"min": 0, "max": 61, "dvar2": 36.9873695374, "median": 7, "dmean2": 3.95544433594, "dmean": 2.62034440041, "var": 126.75328064, "dvar": 18.7278232574, "mean": 10.8731536865}, "silence_rate_20dB": {"min": 1, "max": 1, "dvar2": 0, "median": 1, "dmean2": 0, "dmean": 0, "var": 0, "dvar": 0, "mean": 1}, "average_loudness": 0.081009760499, "erbbands_spread": {"min": 1.40939712524, "max": 167.099349976, "dvar2": 221.987731934, "median": 33.3172836304, "dmean2": 12.3144435883, "dmean": 8.35351371765, "var": 434.500671387, "dvar": 107.14667511, "mean": 36.7202224731}, "spectral_kurtosis": {"min": -1.30484640598, "max": 86.9864730835, "dvar2": 13.9060840607, "median": 3.45955181122, "dmean2": 2.73737692833, "dmean": 1.62762248516, "var": 21.4441871643, "dvar": 4.86071777344, "mean": 4.50557136536}, "barkbands_kurtosis": {"min": -1.96164000034, "max": 590.386474609, "dvar2": 582.895690918, "median": 1.02641582489, "dmean2": 7.08168411255, "dmean": 4.47735261917, "var": 548.928344727, "dvar": 218.112335205, "mean": 7.36323261261}, "spectral_strongpeak": {"min": 0, "max": 25.614648819, "dvar2": 2.6326212883, "median": 0.21349285543, "dmean2": 0.742409527302, "dmean": 0.450960487127, "var": 2.70378160477, "dvar": 1.03227424622, "mean": 0.851716399193}, "spectral_spread": {"min": 1123082.625, "max": 42459768, "dvar2": 1282810839040.0, "median": 3834168, "dmean2": 772636.4375, "dmean": 559705.0625, "var": 8859584299010.0, "dvar": 702632951808, "mean": 4476390}, "spectral_rms": {"min": 3.11522834438e-12, "max": 0.0152362184599, "dvar2": 2.29904253501e-06, "median": 0.00203490792774, "dmean2": 0.000801918504294, "dmean": 0.000579139392357, "var": 4.58505473944e-06, "dvar": 1.15397574518e-06, "mean": 0.00258513330482}, "erbbands": {"min": [4.46854109404e-23, 2.45418161711e-22, 2.46992919929e-21, 7.50879663394e-21, 5.89631990917e-21, 2.07377055312e-20, 7.40802277087e-20, 9.30329194833e-20, 5.40928816218e-20, 1.80130482029e-19, 2.44410752054e-19, 4.54081004056e-19, 5.19139017727e-19, 2.38116915719e-19, 7.19028556919e-19, 1.0817524771e-18, 1.33585977634e-18, 1.46445999521e-18, 2.79913059602e-18, 3.76445471357e-18, 3.84214972055e-18, 3.99236489261e-18, 5.31267708555e-18, 5.54851992667e-18, 5.69778756334e-18, 6.97545776852e-18, 9.17165041899e-18, 9.1935417539e-18, 1.21676580658e-17, 1.02681842001e-17, 9.95760683136e-18, 8.33463793768e-18, 9.73534257358e-18, 7.98100829965e-18, 6.6084646141e-18, 4.30182143157e-18, 2.36335902803e-18, 8.99150185531e-19, 2.45921106305e-19, 2.73936434107e-20], "max": [2.98957753181, 15.7089414597, 30.4571876526, 333.866577148, 350.060150146, 68.2513809204, 104.851043701, 224.48298645, 375.424194336, 889.139648438, 1355.3269043, 1048.91699219, 1221.49084473, 3415.12329102, 2893.77929688, 2234.36645508, 3145.09399414, 4198.36279297, 4389.97265625, 2447.29370117, 1807.47680664, 4095.55004883, 2736.85375977, 4893.84472656, 1097.35119629, 637.141784668, 468.421936035, 1082.12988281, 738.164550781, 1000.09204102, 229.424804688, 264.701019287, 86.5745849609, 35.1959342957, 14.931391716, 9.95494174957, 3.90796947479, 1.16717386246, 0.202631101012, 0.00851693097502], "dvar2": [0.0716288089752, 2.77248620987, 15.8520994186, 624.437927246, 448.185821533, 23.7986507416, 40.2551498413, 471.865081787, 443.949798584, 1707.79614258, 3353.46899414, 2548.18017578, 4013.4284668, 7354.35839844, 10424.8134766, 3601.6003418, 8574.04394531, 12735.3544922, 13534.6669922, 6194.56542969, 4972.25439453, 12628.3447266, 6925.23193359, 8493.36425781, 2225.48608398, 904.090942383, 537.494995117, 1056.74804688, 488.071838379, 693.59954834, 96.6346130371, 76.1980438232, 7.8022685051, 1.18232738972, 0.509820222855, 0.285037428141, 0.0421871095896, 0.00337603664957, 0.00019227003213, 5.08126959176e-07], "median": [0.00474177720025, 0.101730115712, 0.31079223752, 0.194473549724, 0.195186138153, 0.241358757019, 0.35369592905, 0.702086031437, 0.823473572731, 1.30687987804, 0.999746978283, 1.08598208427, 1.61822891235, 1.28620529175, 1.7937374115, 1.90026533604, 1.74004781246, 2.41015028954, 2.45819187164, 2.46673107147, 2.13726782799, 2.3665292263, 2.52763772011, 2.69033050537, 2.11922073364, 1.66845035553, 1.31487262249, 0.924747407436, 0.703586101532, 0.465429246426, 0.298637598753, 0.154174953699, 0.062541693449, 0.0175826996565, 0.00519375642762, 0.00151167216245, 0.000351650203811, 5.1320563216e-05, 1.00636489151e-05, 7.30511828806e-06], "dmean2": [0.0636108443141, 0.436581283808, 1.25096404552, 4.86366176605, 3.96571445465, 1.50380444527, 2.10024142265, 6.30568218231, 6.07026720047, 10.3722257614, 12.4842510223, 11.296037674, 14.6766643524, 16.0832271576, 17.7359447479, 12.5529146194, 15.822227478, 23.3905181885, 21.9463710785, 18.2512168884, 16.4594917297, 23.840051651, 18.1599597931, 18.8095645905, 13.3385562897, 9.45061779022, 7.08528232574, 6.83021736145, 5.33013629913, 4.3375878334, 2.39402389526, 1.67242062092, 0.712119996548, 0.329363614321, 0.212757885456, 0.150351583958, 0.0543309338391, 0.015569136478, 0.00368837290443, 0.000189793485333], "dmean": [0.0416044071317, 0.268015742302, 0.757837831974, 3.07210087776, 2.36531734467, 0.917225837708, 1.28645336628, 3.80201053619, 3.83688306808, 6.76555919647, 8.06658649445, 7.32604885101, 9.77400112152, 10.6189365387, 11.7814245224, 8.31669139862, 10.6879072189, 15.3586397171, 13.9756679535, 11.2347488403, 10.4106454849, 14.8722391129, 11.749502182, 11.8424329758, 8.49357891083, 5.9092669487, 4.52251243591, 4.32933712006, 3.47814917564, 2.85218715668, 1.64959812164, 1.13246428967, 0.50468224287, 0.242070898414, 0.157747969031, 0.109077692032, 0.0395458303392, 0.0112600559369, 0.00262556388043, 0.000134569403599], "var": [0.0380554199219, 1.04899477959, 5.608730793, 245.200531006, 136.617630005, 11.0595798492, 18.74451828, 180.486221313, 285.841918945, 1351.20373535, 2603.95532227, 2256.32006836, 3516.14306641, 8632.70019531, 9343.78417969, 3902.32641602, 6591.89404297, 11761.0039062, 14753.7539062, 3594.08959961, 5801.72119141, 23302.7558594, 11631.5878906, 5496.54101562, 1633.15869141, 625.767211914, 356.645355225, 523.752258301, 355.325836182, 347.332794189, 90.274017334, 53.4820556641, 11.3832817078, 1.85727846622, 0.652416229248, 0.291447967291, 0.0406943969429, 0.00314439786598, 0.000154643406859, 3.72516552716e-07], "dvar": [0.0343908444047, 1.09895634651, 6.03707170486, 255.816253662, 171.419342041, 9.16598510742, 15.903298378, 174.627349854, 181.898910522, 740.25402832, 1324.46582031, 1084.1784668, 1623.78076172, 3384.00610352, 4420.23095703, 1614.51843262, 3779.37353516, 5623.09082031, 5451.99804688, 2400.51025391, 2154.16577148, 5257.89404297, 3097.03833008, 3557.81176758, 966.135864258, 391.694030762, 226.617416382, 434.927154541, 212.175292969, 286.477813721, 45.5101776123, 32.8982391357, 4.07724189758, 0.651360273361, 0.2848995924, 0.150747224689, 0.0223766230047, 0.00180865684524, 0.000100449033198, 2.55618544998e-07], "mean": [0.050466530025, 0.41285187006, 0.99372190237, 3.01198840141, 2.2642121315, 1.30029881001, 1.71977484226, 4.97371482849, 5.90570402145, 10.9846925735, 13.5282649994, 11.7174043655, 15.7887964249, 17.6942462921, 18.668504715, 13.5984458923, 16.5758609772, 25.3621578217, 24.261100769, 17.0430469513, 18.0800361633, 30.1736679077, 23.6397209167, 19.5417289734, 13.8538675308, 9.85698986053, 7.46934461594, 6.505610466, 5.74917936325, 4.48533248901, 2.71646595001, 1.79861211777, 0.840155720711, 0.385208278894, 0.230921953917, 0.148761793971, 0.0525903664529, 0.0143420277163, 0.00301631190814, 0.000158214985277]}, "zerocrossingrate": {"min": 0.001953125, "max": 0.52490234375, "dvar2": 0.000369852263248, "median": 0.06298828125, "dmean2": 0.013461724855, "dmean": 0.011912195012, "var": 0.00330508570187, "dvar": 0.000348309287801, "mean": 0.072671584785}, "spectral_contrast_coeffs": {"min": [-0.983250975609, -0.982117712498, -0.976788341999, -0.992321372032, -0.977449178696, -0.964420676231], "max": [-0.335794150829, -0.347420245409, -0.383417576551, -0.466475576162, -0.510693132877, -0.54178237915], "dvar2": [0.00392504734918, 0.00329629192129, 0.00224964646623, 0.00164170796052, 0.000935593794566, 0.000901525898371], "median": [-0.703916966915, -0.750473320484, -0.778914093971, -0.776473581791, -0.785397231579, -0.74330329895], "dmean2": [0.0672738105059, 0.066028252244, 0.0564831532538, 0.0489588715136, 0.0360406674445, 0.0292956717312], "dmean": [0.0415382944047, 0.0418720804155, 0.0363923758268, 0.0307754222304, 0.0224896091968, 0.0193073023111], "var": [0.00859410874546, 0.00922553054988, 0.00716998241842, 0.00450687669218, 0.00361253158189, 0.00396423041821], "dvar": [0.00164482847322, 0.0013983042445, 0.000985730672255, 0.000694861751981, 0.000401171011617, 0.000427997641964], "mean": [-0.692871391773, -0.735251605511, -0.767233908176, -0.771750330925, -0.783729434013, -0.75020211935]}, "dissonance": {"min": 0.132573187351, "max": 0.500000119209, "dvar2": 0.0010055641178, "median": 0.475160002708, "dmean2": 0.0276703573763, "dmean": 0.016835488379, "var": 0.00133828923572, "dvar": 0.000382790400181, "mean": 0.463335484266}, "spectral_energyband_high": {"min": 7.14041449463e-21, "max": 0.0346565693617, "dvar2": 3.18261322718e-06, "median": 0.000106283347122, "dmean2": 0.000500793103129, "dmean": 0.00035742262844, "var": 3.13096848004e-06, "dvar": 1.49841139319e-06, "mean": 0.000674101058394}, "spectral_skewness": {"min": -0.506612598896, "max": 7.90074586868, "dvar2": 0.147060796618, "median": 1.27162742615, "dmean2": 0.361537009478, "dmean": 0.227382913232, "var": 0.390829324722, "dvar": 0.0593259222806, "mean": 1.38352644444}, "spectral_flux": {"min": 6.37290012429e-11, "max": 0.44448363781, "dvar2": 0.00256320904009, "median": 0.0294074993581, "dmean2": 0.0283697508276, "dmean": 0.0184710714966, "var": 0.00293211336248, "dvar": 0.0011248246301, "mean": 0.0489662699401}, "silence_rate_30dB": {"min": 0, "max": 1, "dvar2": 0.00825951900333, "median": 1, "dmean2": 0.00700876116753, "dmean": 0.00350420502946, "var": 0.00294426921755, "dvar": 0.00349181867205, "mean": 0.997046589851}, "spectral_energyband_middle_high": {"min": 1.10835406519e-21, "max": 0.120224945247, "dvar2": 4.42086166004e-05, "median": 0.00074317981489, "dmean2": 0.00235245004296, "dmean": 0.00157208170276, "var": 0.000102669720945, "dvar": 1.98097168322e-05, "mean": 0.00420980667695}, "barkbands_spread": {"min": 0.287058353424, "max": 118.614967346, "dvar2": 176.888381958, "median": 22.2447738647, "dmean2": 10.1722278595, "dmean": 6.56938076019, "var": 281.786315918, "dvar": 77.8980636597, "mean": 24.8498668671}, "spectral_centroid": {"min": 139.722549438, "max": 11860.5458984, "dvar2": 272074.78125, "median": 1664.46240234, "dmean2": 426.04385376, "dmean": 280.102874756, "var": 1150625.5, "dvar": 131756.015625, "mean": 1744.62548828}, "pitch_salience": {"min": 0.0408343113959, "max": 0.910437047482, "dvar2": 0.0143466824666, "median": 0.496322393417, "dmean2": 0.112373612821, "dmean": 0.070102609694, "var": 0.0201036594808, "dvar": 0.00567633938044, "mean": 0.490496009588}, "erbbands_skewness": {"min": -8.54942703247, "max": 7.72857522964, "dvar2": 0.435892999172, "median": 0.0300745032728, "dmean2": 0.621523082256, "dmean": 0.409524291754, "var": 1.0745292902, "dvar": 0.200521469116, "mean": 0.130291074514}, "erbbands_crest": {"min": 2.24522042274, "max": 33.5157546997, "dvar2": 18.1296920776, "median": 8.33995914459, "dmean2": 4.40560626984, "dmean": 2.74169039726, "var": 27.5136947632, "dvar": 7.43928480148, "mean": 9.83209228516}, "melbands": {"min": [6.63245948725e-25, 9.03098712527e-25, 2.01781429326e-24, 1.31848101496e-24, 2.95213168307e-24, 2.14779845449e-24, 9.08075734586e-25, 1.9479722958e-24, 1.87530696516e-24, 2.59002579213e-24, 2.66034524765e-24, 7.78484130266e-25, 2.6783819606e-24, 2.46031280184e-24, 2.42939418752e-24, 1.19380292939e-24, 2.402058185e-24, 3.50410396934e-24, 3.42553421204e-24, 4.99397152406e-24, 4.40574831818e-24, 3.41847942897e-24, 3.829351715e-24, 4.16794028185e-24, 3.96121139303e-24, 4.69538057169e-24, 3.84587913982e-24, 3.95883928828e-24, 4.54628743832e-24, 5.42540586401e-24, 4.18481717205e-24, 6.01267730921e-24, 5.28626342211e-24, 5.83647181539e-24, 3.91580416489e-24, 5.61309165058e-24, 4.71538647867e-24, 5.83289748663e-24, 6.24047627838e-24, 5.6641794661e-24], "max": [0.0216502118856, 0.0168584957719, 0.0594192147255, 0.0117103029042, 0.00370880635455, 0.00451701274142, 0.00532300164923, 0.00832670554519, 0.0117470510304, 0.00601567327976, 0.00656680529937, 0.0142142381519, 0.0127976099029, 0.00351714156568, 0.00750094745308, 0.00516945170239, 0.00957532785833, 0.00779861491174, 0.00239375815727, 0.00427997298539, 0.00280609494075, 0.00599975092337, 0.00337193789892, 0.00428161071613, 0.00506659178063, 0.00145125633571, 0.000980309676379, 0.000463171862066, 0.000320172955981, 0.000576625927351, 0.000717854418326, 0.000583545595873, 0.00097017979715, 0.0003354838409, 0.000164251003298, 0.000152709282702, 0.000126090235426, 7.03028417774e-05, 5.11814214406e-05, 2.14561787288e-05], "dvar2": [4.39312134404e-06, 3.88933040085e-06, 1.66455556609e-05, 6.76964532431e-07, 4.18188719209e-08, 2.08474745023e-07, 1.00531444502e-07, 2.00084159019e-07, 2.39176273453e-07, 9.64790203284e-08, 1.09741996823e-07, 1.23322593026e-07, 2.16159733668e-07, 2.17414442005e-08, 5.54348673631e-08, 4.37732836644e-08, 5.54885666304e-08, 5.12049673773e-08, 1.02819965875e-08, 1.06843378589e-08, 1.15841896076e-08, 2.07533332741e-08, 1.23592931445e-08, 7.14063741469e-09, 8.51073078678e-09, 2.66559596618e-09, 1.19777254781e-09, 3.29897942297e-10, 2.20693796571e-10, 2.71412059494e-10, 4.21977536247e-10, 1.95589072716e-10, 5.09059183695e-10, 1.37869909933e-10, 4.63277020912e-11, 3.26784189986e-11, 2.37274488252e-11, 5.35929590637e-12, 1.89818039759e-12, 8.55445705591e-13], "median": [7.55224755267e-05, 0.000191885774257, 3.82942562283e-05, 1.69390150404e-05, 1.18663401736e-05, 1.58480452228e-05, 1.33632220241e-05, 1.2398074432e-05, 6.52102244203e-06, 6.77025127516e-06, 7.20622529116e-06, 4.04790444009e-06, 4.967417226e-06, 4.60192950413e-06, 3.69735494132e-06, 3.59906812264e-06, 3.83287533623e-06, 3.02673129227e-06, 3.25204632645e-06, 2.31840886045e-06, 1.88236288068e-06, 2.06667937164e-06, 1.6538770069e-06, 2.56079374594e-06, 1.93377627511e-06, 1.43513534567e-06, 1.31861827413e-06, 8.58025259731e-07, 6.86241946823e-07, 6.20943353624e-07, 4.59950371123e-07, 3.39222452794e-07, 3.40644959351e-07, 1.73143533289e-07, 1.73794802549e-07, 1.06654276522e-07, 6.70552253723e-08, 4.34618812051e-08, 2.04903276568e-08, 1.17397966903e-08], "dmean2": [0.000527294585481, 0.000621004321147, 0.00078485236736, 0.000179546856089, 6.90523302183e-05, 0.000136323156767, 9.51011752477e-05, 0.000115260314487, 0.000104651800939, 7.41481344448e-05, 7.55320434109e-05, 6.66350242682e-05, 7.20384705346e-05, 3.66478489013e-05, 3.90909044654e-05, 3.97997282562e-05, 4.5583841711e-05, 4.02833429689e-05, 2.57307838183e-05, 2.21943610086e-05, 2.30197929341e-05, 2.74626418104e-05, 2.02433839149e-05, 2.05099368031e-05, 1.64253415278e-05, 1.29674117488e-05, 9.08861056814e-06, 5.96544714426e-06, 4.69322685603e-06, 4.23100118496e-06, 4.19566458731e-06, 3.23274821312e-06, 3.29578551828e-06, 2.37789868152e-06, 1.58975058184e-06, 1.13865257845e-06, 1.01122259366e-06, 5.68151961033e-07, 3.70933918248e-07, 2.76931928056e-07], "dmean": [0.000342204555636, 0.000379362027161, 0.000493395549711, 0.000105820101453, 4.23819765274e-05, 8.26861505629e-05, 6.02075124334e-05, 7.52392006689e-05, 6.73068934702e-05, 4.82213290525e-05, 5.01243084727e-05, 4.40912008344e-05, 4.68913312943e-05, 2.4223822038e-05, 2.54319074884e-05, 2.65144353762e-05, 3.00693463942e-05, 2.54320511885e-05, 1.60557756317e-05, 1.36827466122e-05, 1.43927463796e-05, 1.73426087713e-05, 1.29042082335e-05, 1.28741658045e-05, 1.01910691228e-05, 8.0817280832e-06, 5.69331359657e-06, 3.68014457308e-06, 2.94792744171e-06, 2.68219878308e-06, 2.61747845798e-06, 2.09559334508e-06, 2.06362960853e-06, 1.56284693276e-06, 1.07152652618e-06, 7.60237753639e-07, 6.80272592035e-07, 3.91409002987e-07, 2.59976360439e-07, 1.9800521045e-07], "var": [2.3345662612e-06, 1.37211134188e-06, 6.33884747003e-06, 2.07066634061e-07, 2.01226022511e-08, 8.3577425869e-08, 6.73489779501e-08, 1.60961022289e-07, 1.97406677671e-07, 8.87314826059e-08, 9.54881329562e-08, 1.43930918739e-07, 1.84520558832e-07, 1.87840178967e-08, 5.41907532181e-08, 3.54418503434e-08, 4.61968561183e-08, 5.51914673963e-08, 8.41850500422e-09, 5.61129143151e-09, 1.18556915396e-08, 3.19858735054e-08, 1.88265936174e-08, 8.56307913466e-09, 4.12153289275e-09, 1.54723234225e-09, 7.47093553688e-10, 2.13051062903e-10, 1.40343681121e-10, 1.53573709305e-10, 1.97739130625e-10, 1.2924060433e-10, 1.90096077768e-10, 8.62720173078e-11, 3.58794799427e-11, 2.13812908351e-11, 1.8841242802e-11, 6.77120642542e-12, 2.6996913819e-12, 1.10803499622e-12], "dvar": [2.06953131965e-06, 1.47788284721e-06, 6.75549699736e-06, 2.56285943578e-07, 1.64535229885e-08, 7.79600668466e-08, 4.16590673069e-08, 8.6088597584e-08, 9.61558654922e-08, 4.15927523534e-08, 4.41912320071e-08, 5.73220120259e-08, 8.82255335455e-08, 1.00472368203e-08, 2.29999077561e-08, 2.046550307e-08, 2.40841533383e-08, 2.06273522707e-08, 4.22138723977e-09, 4.41431913245e-09, 4.99420371725e-09, 8.98786289838e-09, 5.15078957264e-09, 3.23564819382e-09, 3.4248515135e-09, 1.11193099173e-09, 5.23331433744e-10, 1.38787495385e-10, 9.13129849511e-11, 1.1386607629e-10, 1.73004555126e-10, 8.36387417658e-11, 1.97251215361e-10, 5.91668727901e-11, 2.02694198231e-11, 1.40911561933e-11, 1.05012370327e-11, 2.69094924295e-12, 9.63879909048e-13, 4.4651232039e-13], "mean": [0.00047879939666, 0.00055135571165, 0.000490689068101, 0.000117815987323, 5.85607012908e-05, 0.000109873071779, 9.37386357691e-05, 0.000121743258205, 0.000111617802759, 7.56391018513e-05, 7.94511579443e-05, 7.04414778738e-05, 7.34923305572e-05, 3.42399434885e-05, 3.99848868256e-05, 3.83911428798e-05, 4.66116762254e-05, 4.15496760979e-05, 2.43932481681e-05, 1.8370908947e-05, 2.2541556973e-05, 3.23713757098e-05, 2.38415032072e-05, 2.17073047679e-05, 1.51492467921e-05, 1.15952416309e-05, 8.64073444973e-06, 5.74892737859e-06, 4.65607490696e-06, 4.01212264478e-06, 3.66899530491e-06, 3.20457752423e-06, 3.18880597661e-06, 2.28024896387e-06, 1.66683253155e-06, 1.19267519949e-06, 1.04002197077e-06, 6.20775665539e-07, 4.07641664424e-07, 2.9717432426e-07]}, "spectral_entropy": {"min": 4.27146673203, "max": 9.82388210297, "dvar2": 0.0706007406116, "median": 7.58614397049, "dmean2": 0.231370702386, "dmean": 0.161170676351, "var": 0.332925289869, "dvar": 0.0368707887828, "mean": 7.51654005051}, "spectral_rolloff": {"min": 21.533203125, "max": 19745.9472656, "dvar2": 2796786, "median": 1507.32421875, "dmean2": 997.460998535, "dmean": 602.128723145, "var": 5045493, "dvar": 1387054, "mean": 2017.34277344}, "barkbands": {"min": [6.48582109181e-25, 8.60371737925e-25, 1.85622264493e-24, 1.69601485584e-24, 7.69136621577e-24, 7.46767602863e-24, 6.47210082851e-24, 1.79954377775e-24, 1.94980967118e-23, 9.9126951841e-24, 1.81078224519e-23, 1.9410285449e-23, 2.22542457637e-23, 2.45287904998e-23, 5.1269654263e-23, 6.28712296477e-23, 5.74895889979e-23, 9.47762735081e-23, 1.3887651374e-22, 1.58381434099e-22, 2.38541061666e-22, 3.39340395471e-22, 3.9688882087e-22, 4.97090463166e-22, 8.57218315366e-22, 1.3332845878e-21, 1.99702786205e-21], "max": [0.00445236964151, 0.0717737972736, 0.0381837598979, 0.170332968235, 0.0303021688014, 0.0213747620583, 0.0383001863956, 0.04805579409, 0.0493680164218, 0.073543600738, 0.0985858142376, 0.0585721507668, 0.0721366256475, 0.0834494903684, 0.0650211796165, 0.0425055623055, 0.0716099739075, 0.0599942952394, 0.0693324357271, 0.0171799007803, 0.0169869121164, 0.027892915532, 0.00896084401757, 0.00758323725313, 0.00230639171787, 0.00219941860996, 0.00105758209247], "dvar2": [1.55894227305e-07, 5.28771415702e-05, 1.94096737687e-05, 0.000113897433039, 6.50016454529e-06, 4.1338007577e-06, 3.33669072461e-06, 6.11292534813e-06, 5.71980126551e-06, 5.20296680406e-06, 1.2928247088e-05, 2.05011042453e-06, 5.64271113035e-06, 6.17061277808e-06, 2.98624536299e-06, 1.83238739737e-06, 4.54867677036e-06, 2.40469762502e-06, 2.50240486821e-06, 4.90088723382e-07, 4.44975796654e-07, 6.43299756575e-07, 1.48109478459e-07, 7.80259696853e-08, 8.69185434738e-09, 1.32022730526e-08, 5.41383604613e-09], "median": [1.22522578749e-06, 0.000367893197108, 0.000178413305548, 4.16320326622e-05, 6.88717482262e-05, 7.65025542933e-05, 6.38632045593e-05, 3.93911832361e-05, 5.89610353927e-05, 2.68510157184e-05, 3.11715630232e-05, 4.04897473345e-05, 3.00172923744e-05, 4.87478500872e-05, 4.02527330152e-05, 4.14230707975e-05, 3.58768229489e-05, 4.94729392813e-05, 3.50700356648e-05, 3.46404376614e-05, 3.11946787406e-05, 1.92454281205e-05, 1.05658682514e-05, 4.96651682624e-06, 1.01750731574e-06, 2.40455847234e-07, 2.37750903409e-08], "dmean2": [9.38034718274e-05, 0.00189146329649, 0.00126784294844, 0.00192815007176, 0.000624876702204, 0.000627890287433, 0.000513300066814, 0.000564302608836, 0.000604264612775, 0.000465637189336, 0.000548838695977, 0.000313197670039, 0.000418554991484, 0.000538634776603, 0.000366286491044, 0.000338362093316, 0.000442416756414, 0.000385910156183, 0.00032472339808, 0.000207600503927, 0.000171778388903, 0.000155840665684, 9.33802875807e-05, 5.82268839935e-05, 2.86809190584e-05, 3.13130949507e-05, 1.96094006242e-05], "dmean": [6.60586447339e-05, 0.0012149347458, 0.000787444412708, 0.00119873590302, 0.000368304317817, 0.000381800899049, 0.000329009693814, 0.000366015534382, 0.000396840361645, 0.00030695242458, 0.000352601113264, 0.000204871001188, 0.000271134747891, 0.00034806173062, 0.000229768702411, 0.000207635341212, 0.000276632228633, 0.000246638781391, 0.000202389797778, 0.000129303836729, 0.000109921660624, 0.000100795179605, 6.38101046206e-05, 4.04925995099e-05, 2.14386200241e-05, 2.30442437896e-05, 1.40640568134e-05], "var": [1.01850240242e-07, 2.61238419625e-05, 7.79281526775e-06, 4.16816110373e-05, 2.01685406864e-06, 1.72149339051e-06, 2.38084294324e-06, 4.36358322986e-06, 5.51516814085e-06, 5.39160782864e-06, 1.15847451525e-05, 2.14080660044e-06, 3.86792044083e-06, 5.8781261032e-06, 2.47599768954e-06, 1.2203094002e-06, 7.88237684901e-06, 3.42144812748e-06, 1.16975490982e-06, 3.16535306411e-07, 2.54259958865e-07, 3.5107120766e-07, 1.36484757718e-07, 7.16637060805e-08, 1.30325608083e-08, 1.3590939929e-08, 4.40904779353e-09], "dvar": [8.16626624101e-08, 2.36626256083e-05, 7.75016815169e-06, 4.5936787501e-05, 2.42934902417e-06, 1.56564817644e-06, 1.40818622185e-06, 2.45171963797e-06, 2.46936019721e-06, 2.28308363148e-06, 5.24528013557e-06, 9.61880573414e-07, 2.47964544542e-06, 2.67097561846e-06, 1.21762877825e-06, 7.62085846873e-07, 1.84864450148e-06, 1.10559631139e-06, 9.79171204563e-07, 2.12588503246e-07, 1.85728211477e-07, 2.67282899813e-07, 6.97041500075e-08, 3.56433176307e-08, 4.98325025688e-09, 7.13497971816e-09, 2.82852652411e-09], "mean": [7.18004230293e-05, 0.00183933787048, 0.000920019461773, 0.00112700846512, 0.00043917100993, 0.000508184311911, 0.00050295208348, 0.000562023255043, 0.000627333123703, 0.00046587685938, 0.000556795974262, 0.00030318822246, 0.000375415431336, 0.000534973631147, 0.000348793371813, 0.000293054763461, 0.000540121400263, 0.000436533533502, 0.000302617612761, 0.000207456600037, 0.000173875247128, 0.000162771408213, 0.000103791913716, 6.60357545712e-05, 3.29834110744e-05, 3.12733682222e-05, 1.62477190315e-05]}, "melbands_flatness_db": {"min": 0.00294175092131, "max": 0.563976824284, "dvar2": 0.00213858834468, "median": 0.180718228221, "dmean2": 0.0386391803622, "dmean": 0.0261615235358, "var": 0.00912051089108, "dvar": 0.000948489352595, "mean": 0.199948072433}, "melbands_skewness": {"min": -5.44918203354, "max": 22.8659801483, "dvar2": 2.99024629593, "median": 2.01399374008, "dmean2": 1.24919688702, "dmean": 0.851582229137, "var": 6.72305250168, "dvar": 1.36675989628, "mean": 2.66098880768}, "barkbands_skewness": {"min": -9.15044879913, "max": 21.3078842163, "dvar2": 1.71361815929, "median": 1.02194166183, "dmean2": 0.95060056448, "dmean": 0.637535393238, "var": 4.23574876785, "dvar": 0.751993954182, "mean": 1.41930341721}, "silence_rate_60dB": {"min": 0, "max": 1, "dvar2": 0.122577816248, "median": 0, "dmean2": 0.128360450268, "dmean": 0.0641770139337, "var": 0.243614703417, "dvar": 0.0600530281663, "mean": 0.420233279467}, "spectral_energyband_low": {"min": 1.16090301202e-23, "max": 0.132979378104, "dvar2": 0.000181264811545, "median": 0.000952579663135, "dmean2": 0.00410304125398, "dmean": 0.00268243392929, "var": 8.59998981468e-05, "dvar": 7.84214935265e-05, "mean": 0.00358499540016}, "spectral_energyband_middle_low": {"min": 1.54728844024e-22, "max": 0.202430933714, "dvar2": 0.000204964861041, "median": 0.000994167057797, "dmean2": 0.00400023628026, "dmean": 0.00255199545063, "var": 9.40980971791e-05, "dvar": 8.31150609883e-05, "mean": 0.00389343313873}, "melbands_kurtosis": {"min": -1.89507162571, "max": 721.988891602, "dvar2": 1912.14599609, "median": 5.14455986023, "dmean2": 15.8902702332, "dmean": 10.2584438324, "var": 2084.59472656, "dvar": 795.22064209, "mean": 19.5575180054}, "spectral_decrease": {"min": -6.12104003039e-08, "max": 9.88840519883e-12, "dvar2": 2.80613181136e-17, "median": -1.02447073047e-09, "dmean2": 1.98036853583e-09, "dmean": 1.32582655965e-09, "var": 2.09435464023e-17, "dvar": 1.22161639369e-17, "mean": -2.71952460551e-09}, "erbbands_kurtosis": {"min": -1.83849465847, "max": 131.505325317, "dvar2": 19.4142665863, "median": -0.0480909347534, "dmean2": 2.01856303215, "dmean": 1.2727483511, "var": 27.4910335541, "dvar": 7.70583772659, "mean": 1.15387451649}, "melbands_crest": {"min": 1.41469180584, "max": 35.4066009521, "dvar2": 24.7878303528, "median": 14.8985834122, "dmean2": 4.93703937531, "dmean": 3.15666055679, "var": 39.8957710266, "dvar": 10.5715484619, "mean": 15.4349365234}, "gfcc": {"cov": [[22025.2773438, -1131.54870605, -2142.33959961, 611.740112305, -739.495666504, -135.071609497, 2.32405161858, 126.349853516, 105.886474609, -84.5763244629, -177.84236145, -218.813858032, -315.986083984], [-1131.54870605, 2061.04858398, -178.752532959, 58.1055145264, 172.471618652, -49.1864356995, 71.6408004761, -124.665214539, 109.489738464, -91.3388061523, 173.587463379, -104.166740417, 99.2587661743], [-2142.33959961, -178.752532959, 2039.6628418, 35.2959747314, 401.50012207, 40.0347671509, -49.3080711365, 0.27137106657, -178.044372559, 66.312210083, -120.141197205, 100.326881409, -33.8588066101], [611.740112305, 58.1055145264, 35.2959747314, 571.387084961, 65.2146148682, 118.261497498, 37.6633071899, -6.97445774078, 32.2529525757, -50.7567634583, 0.384470105171, -27.2108535767, 2.02620053291], [-739.495666504, 172.471618652, 401.50012207, 65.2146148682, 502.945281982, 108.174118042, 99.7866973877, 19.4328689575, -35.2584609985, -2.38210463524, -41.3946151733, 9.61814880371, -12.6813602448], [-135.071609497, -49.1864356995, 40.0347671509, 118.261497498, 108.174118042, 314.179199219, 137.523284912, 35.9434967041, 6.632127285, -0.459019184113, 7.62075424194, -15.5443439484, -11.3210248947], [2.32405161858, 71.6408004761, -49.3080711365, 37.6633071899, 99.7866973877, 137.523284912, 249.291519165, 80.4981765747, 40.9667129517, -1.83956563473, 22.6159973145, -14.5497751236, -2.05955243111], [126.349853516, -124.665214539, 0.27137106657, -6.97445774078, 19.4328689575, 35.9434967041, 80.4981765747, 169.477905273, 79.9255218506, 31.2791156769, -3.49289488792, 19.9941482544, 3.59349298477], [105.886474609, 109.489738464, -178.044372559, 32.2529525757, -35.2584609985, 6.632127285, 40.9667129517, 79.9255218506, 200.240264893, 60.7761764526, 64.8879852295, -17.0740623474, 28.6423931122], [-84.5763244629, -91.3388061523, 66.312210083, -50.7567634583, -2.38210463524, -0.459019184113, -1.83956563473, 31.2791156769, 60.7761764526, 139.546951294, 50.8462409973, 19.7114295959, -16.517375946], [-177.84236145, 173.587463379, -120.141197205, 0.384470105171, -41.3946151733, 7.62075424194, 22.6159973145, -3.49289488792, 64.8879852295, 50.8462409973, 156.595321655, 26.5550041199, 33.2376174927], [-218.813858032, -104.166740417, 100.326881409, -27.2108535767, 9.61814880371, -15.5443439484, -14.5497751236, 19.9941482544, -17.0740623474, 19.7114295959, 26.5550041199, 116.317909241, 52.2817878723], [-315.986083984, 99.2587661743, -33.8588066101, 2.02620053291, -12.6813602448, -11.3210248947, -2.05955243111, 3.59349298477, 28.6423931122, -16.517375946, 33.2376174927, 52.2817878723, 125.21622467]], "icov": [[5.98652222834e-05, 2.07042048714e-05, 6.53224051348e-05, -9.02713145479e-05, 4.66499113827e-05, 5.70210686419e-05, -2.65234357357e-05, -4.16886541643e-05, 1.69721442944e-05, -2.16323587665e-05, 8.00746493042e-05, -1.4940960682e-05, 0.00014267055667], [2.07042048714e-05, 0.000826810486615, -3.16610203299e-05, 5.04533127241e-05, -0.000454827299109, 0.000381249876227, -0.000229787241551, 0.000624422566034, -0.000518840446603, 0.000862871704157, -0.0011360833887, 0.00105646112934, -0.000552873651031], [6.53224051348e-05, -3.16610203299e-05, 0.000802486320026, -0.000229826982832, -0.000441339070676, 3.43971405528e-05, 0.000242569338297, -0.000266699382337, 0.000703164550941, -0.000822609639727, 0.000592128140852, -0.00049990916159, 0.000162907439517], [-9.02713145479e-05, 5.04533127241e-05, -0.000229826982832, 0.0022519712802, -0.000243992879405, -0.000897182908375, 0.000257303239778, 0.000535098894034, -0.00110901670996, 0.00139537057839, -0.000403530866606, 0.000130632266519, 6.98237045071e-06], [4.66499113827e-05, -0.000454827299109, -0.000441339070676, -0.000243992879405, 0.00307765998878, -0.000566993083339, -0.00104257767089, -1.48798171722e-05, 0.000235473460634, -0.000512784696184, 0.00132010655943, -0.000854978337884, 0.000491644779686], [5.70210686419e-05, 0.000381249876227, 3.43971405528e-05, -0.000897182908375, -0.000566993083339, 0.00490244757384, -0.00244588125497, 6.45146647003e-05, 0.000532795675099, -0.000256364583038, -0.000622726744041, 0.000935074116569, -0.000171584630152], [-2.65234357357e-05, -0.000229787241551, 0.000242569338297, 0.000257303239778, -0.00104257767089, -0.00244588125497, 0.00707556540146, -0.00337099516764, 0.000418521172833, 0.000843815854751, -0.00147689378355, 0.00106263754424, 2.6962152333e-05], [-4.16886541643e-05, 0.000624422566034, -0.000266699382337, 0.000535098894034, -1.48798171722e-05, 6.45146647003e-05, -0.00337099516764, 0.0110453888774, -0.00571214267984, 0.000432838249253, 0.00235013314523, -0.00342697277665, 0.00112169841304], [1.69721442944e-05, -0.000518840446603, 0.000703164550941, -0.00110901670996, 0.000235473460634, 0.000532795675099, 0.000418521172833, -0.00571214267984, 0.0113971773535, -0.00504491664469, -0.0020730572287, 0.00443816091865, -0.00367027893662], [-2.16323587665e-05, 0.000862871704157, -0.000822609639727, 0.00139537057839, -0.000512784696184, -0.000256364583038, 0.000843815854751, 0.000432838249253, -0.00504491664469, 0.0130571722984, -0.00449240906164, -0.00181450380478, 0.00376920448616], [8.00746493042e-05, -0.0011360833887, 0.000592128140852, -0.000403530866606, 0.00132010655943, -0.000622726744041, -0.00147689378355, 0.00235013314523, -0.0020730572287, -0.00449240906164, 0.0119455559179, -0.00444246735424, -0.000179434864549], [-1.4940960682e-05, 0.00105646112934, -0.00049990916159, 0.000130632266519, -0.000854978337884, 0.000935074116569, 0.00106263754424, -0.00342697277665, 0.00443816091865, -0.00181450380478, -0.00444246735424, 0.0163793656975, -0.00781291723251], [0.00014267055667, -0.000552873651031, 0.000162907439517, 6.98237045071e-06, 0.000491644779686, -0.000171584630152, 2.6962152333e-05, 0.00112169841304, -0.00367027893662, 0.00376920448616, -0.000179434864549, -0.00781291723251, 0.0134774735197]], "mean": [-114.358947754, 79.205947876, -127.860473633, 38.5124778748, -51.1529960632, 13.0400390625, -24.8772640228, 6.20785522461, -14.4644498825, 1.76712846756, -10.2026367188, -1.81996536255, -12.5218200684]}, "melbands_spread": {"min": 0.325511902571, "max": 253.268096924, "dvar2": 489.492523193, "median": 24.4602680206, "dmean2": 14.5263957977, "dmean": 9.47475528717, "var": 790.784179688, "dvar": 230.402084351, "mean": 31.1414966583}, "spectral_energy": {"min": 9.94726449522e-21, "max": 0.237945914268, "dvar2": 0.000440077332314, "median": 0.00424437131733, "dmean2": 0.008031507954, "dmean": 0.0054290140979, "var": 0.000370496331016, "dvar": 0.000194250285858, "mean": 0.0115497065708}, "mfcc": {"cov": [[17814.8925781, -1147.25415039, -1506.45129395, 459.284301758, -867.270446777, -104.160842896, -460.103271484, 164.974258423, -59.3303794861, 208.117095947, 95.607093811, 132.519134521, -72.052154541], [-1147.25415039, 1645.56933594, 62.6785392761, 65.4709777832, 169.107086182, 32.0025558472, 89.1565856934, -27.0404262543, -20.9605960846, -9.1332321167, 25.8444499969, 6.50727939606, -1.43728673458], [-1506.45129395, 62.6785392761, 1079.34057617, 131.466156006, 261.087738037, 85.6195983887, 101.748825073, -21.6755867004, 19.6111679077, -46.9659309387, -45.5300140381, -24.0707073212, -13.8045330048], [459.284301758, 65.4709777832, 131.466156006, 385.207275391, 130.333145142, 69.9112243652, 22.660200119, 41.8073501587, 30.0308094025, -16.662317276, -12.9197130203, 17.1200962067, -2.84623026848], [-867.270446777, 169.107086182, 261.087738037, 130.333145142, 358.057403564, 112.397979736, 91.4591217041, 22.2677459717, 47.8429756165, -28.1350364685, -5.22813510895, 3.92168879509, -6.82573127747], [-104.160842896, 32.0025558472, 85.6195983887, 69.9112243652, 112.397979736, 260.184356689, 142.579162598, 64.1205596924, 22.5352611542, 25.9336948395, 23.7222595215, -0.17502874136, -7.87313699722], [-460.103271484, 89.1565856934, 101.748825073, 22.660200119, 91.4591217041, 142.579162598, 234.625350952, 93.7931747437, 36.7772865295, 12.0206623077, 26.5332183838, -14.3365869522, 0.51929807663], [164.974258423, -27.0404262543, -21.6755867004, 41.8073501587, 22.2677459717, 64.1205596924, 93.7931747437, 171.110321045, 82.0206375122, 29.1232471466, 15.6628751755, 6.33235645294, 2.42877840996], [-59.3303794861, -20.9605960846, 19.6111679077, 30.0308094025, 47.8429756165, 22.5352611542, 36.7772865295, 82.0206375122, 155.34928894, 46.3490486145, 19.2392692566, 15.10115242, 10.6461791992], [208.117095947, -9.1332321167, -46.9659309387, -16.662317276, -28.1350364685, 25.9336948395, 12.0206623077, 29.1232471466, 46.3490486145, 139.925384521, 74.8786621094, 25.4462413788, 18.1436576843], [95.607093811, 25.8444499969, -45.5300140381, -12.9197130203, -5.22813510895, 23.7222595215, 26.5332183838, 15.6628751755, 19.2392692566, 74.8786621094, 132.894882202, 59.7387809753, 20.5418720245], [132.519134521, 6.50727939606, -24.0707073212, 17.1200962067, 3.92168879509, -0.17502874136, -14.3365869522, 6.33235645294, 15.10115242, 25.4462413788, 59.7387809753, 125.280052185, 52.3091773987], [-72.052154541, -1.43728673458, -13.8045330048, -2.84623026848, -6.82573127747, -7.87313699722, 0.51929807663, 2.42877840996, 10.6461791992, 18.1436576843, 20.5418720245, 52.3091773987, 118.968223572]], "icov": [[8.5198385932e-05, 3.81572972401e-05, 8.11201316537e-05, -0.000183882235433, 0.00017478231166, -6.85641280143e-05, 0.000144344478031, -0.000115482660476, 7.02241086401e-05, -8.07956967037e-05, -5.38737913303e-06, -6.59465949866e-05, 0.000100256525911], [3.81572972401e-05, 0.000685718900058, 0.000106101062556, -0.000163409655215, -0.000274122518022, 0.000191717874259, -0.000324345659465, 0.000200210415642, 0.000199601301574, -0.000115790382551, -9.27471264731e-05, -5.97735306656e-05, 7.61777992011e-05], [8.11201316537e-05, 0.000106101062556, 0.00127970555332, -0.000377423129976, -0.000578710751142, 5.34212122147e-05, -0.000443452154286, 0.000498191744555, -4.50468396593e-05, -0.000131283173687, 0.000412601715652, -7.34970381018e-05, 0.000137096518301], [-0.000183882235433, -0.000163409655215, -0.000377423129976, 0.00361218303442, -0.00127083959524, -0.000553632329684, 0.000576198857743, -0.000746086298022, -0.000147698025103, 0.00045437910012, 0.00038487763959, -0.000437739305198, -9.76176452241e-05], [0.00017478231166, -0.000274122518022, -0.000578710751142, -0.00127083959524, 0.00506301457062, -0.00149203685578, -0.000331486924551, 0.000701710290741, -0.00161492719781, 0.00127737747971, -0.000300433253869, -0.000417809089413, 0.000369143410353], [-6.85641280143e-05, 0.000191717874259, 5.34212122147e-05, -0.000553632329684, -0.00149203685578, 0.00674009136856, -0.00371863273904, -0.000315702025546, 0.00107589946128, -0.00165290862788, 0.000369056710042, -0.000433627166785, 0.000619606405962], [0.000144344478031, -0.000324345659465, -0.000443452154286, 0.000576198857743, -0.000331486924551, -0.00371863273904, 0.00917754787952, -0.00425594625995, 0.000439354917035, 0.00129684293643, -0.00246563740075, 0.00223337928765, -0.000965811894275], [-0.000115482660476, 0.000200210415642, 0.000498191744555, -0.000746086298022, 0.000701710290741, -0.000315702025546, -0.00425594625995, 0.0108970385045, -0.00485234241933, -0.0002266010124, 0.000877710059285, -0.000713259971235, 0.00041875889292], [7.02241086401e-05, 0.000199601301574, -4.50468396593e-05, -0.000147698025103, -0.00161492719781, 0.00107589946128, 0.000439354917035, -0.00485234241933, 0.0103069990873, -0.00340394419618, 0.000832309131511, -0.00060233543627, -0.000170217521372], [-8.07956967037e-05, -0.000115790382551, -0.000131283173687, 0.00045437910012, 0.00127737747971, -0.00165290862788, 0.00129684293643, -0.0002266010124, -0.00340394419618, 0.012455618009, -0.00697189988568, 0.00187193683814, -0.00130606023595], [-5.38737913303e-06, -9.27471264731e-05, 0.000412601715652, 0.00038487763959, -0.000300433253869, 0.000369056710042, -0.00246563740075, 0.000877710059285, 0.000832309131511, -0.00697189988568, 0.014540896751, -0.00647208932787, 0.00137650710531], [-6.59465949866e-05, -5.97735306656e-05, -7.34970381018e-05, -0.000437739305198, -0.000417809089413, -0.000433627166785, 0.00223337928765, -0.000713259971235, -0.00060233543627, 0.00187193683814, -0.00647208932787, 0.0133000332862, -0.00506948400289], [0.000100256525911, 7.61777992011e-05, 0.000137096518301, -9.76176452241e-05, 0.000369143410353, 0.000619606405962, -0.000965811894275, 0.00041875889292, -0.000170217521372, -0.00130606023595, 0.00137650710531, -0.00506948400289, 0.0107444124296]], "mean": [-748.513244629, 104.0625, -10.7245492935, 27.4495601654, -0.0909892916679, 10.7402906418, 1.53384435177, 8.10529327393, -1.53173351288, 6.94398498535, 3.44503879547, 2.1867184639, 0.0603986680508]}, "spectral_contrast_valleys": {"min": [-28.1359844208, -28.1618766785, -27.8791236877, -27.6033248901, -27.5999221802, -27.3957881927], "max": [-5.31475973129, -4.7756934166, -5.25785160065, -5.14129018784, -5.12661027908, -7.56764936447], "dvar2": [0.406799912453, 0.297542780638, 0.253906279802, 0.208421200514, 0.321570575237, 0.379896074533], "median": [-8.46040344238, -7.96881532669, -8.3602399826, -8.63240718842, -8.2991733551, -11.2961912155], "dmean2": [0.670519471169, 0.580469846725, 0.525166749954, 0.4504545331, 0.411800354719, 0.43790641427], "dmean": [0.426409840584, 0.376043111086, 0.341777026653, 0.303071826696, 0.299294024706, 0.36092120409], "var": [3.29452466965, 3.5823969841, 3.50089240074, 3.49878454208, 3.77347779274, 3.13985466957], "dvar": [0.19603857398, 0.146716117859, 0.125909879804, 0.114065505564, 0.178333893418, 0.243322476745], "mean": [-8.72667598724, -8.22515678406, -8.66012096405, -8.89231014252, -8.59512424469, -11.3595304489]}, "barkbands_flatness_db": {"min": 0.0145056275651, "max": 0.44384983182, "dvar2": 0.001389251207, "median": 0.129417747259, "dmean2": 0.0328923948109, "dmean": 0.0222892649472, "var": 0.00509261479601, "dvar": 0.000613849842921, "mean": 0.145370408893}, "dynamic_complexity": 8.08181667328, "erbbands_flatness_db": {"min": 0.0272474810481, "max": 0.450995117426, "dvar2": 0.000893008022103, "median": 0.16