{"lowlevel": {"spectral_complexity": {"min": 0, "max": 59, "dvar2": 53.8753051758, "median": 21, "dmean2": 7.05719995499, "dmean": 4.54116153717, "var": 131.205825806, "dvar": 25.4237155914, "mean": 21.7717151642}, "silence_rate_20dB": {"min": 1, "max": 1, "dvar2": 0, "median": 1, "dmean2": 0, "dmean": 0, "var": 0, "dvar": 0, "mean": 1}, "average_loudness": 0.947377800941, "erbbands_spread": {"min": 1.09599733353, "max": 156.794662476, "dvar2": 223.496429443, "median": 49.0718078613, "dmean2": 14.6251592636, "dmean": 9.65041065216, "var": 371.976470947, "dvar": 101.267929077, "mean": 49.6002922058}, "spectral_kurtosis": {"min": -1.24276304245, "max": 126.938415527, "dvar2": 21.1849918365, "median": 2.93012857437, "dmean2": 2.38260507584, "dmean": 1.41143012047, "var": 21.8662528992, "dvar": 8.34482192993, "mean": 3.87316823006}, "barkbands_kurtosis": {"min": -1.91081500053, "max": 1196.50048828, "dvar2": 2223.41845703, "median": 2.80510854721, "dmean2": 14.1742238998, "dmean": 8.50109767914, "var": 1254.23999023, "dvar": 841.225341797, "mean": 10.4391231537}, "spectral_strongpeak": {"min": 6.59141363712e-09, "max": 17.6246356964, "dvar2": 2.73391723633, "median": 0.469075232744, "dmean2": 0.910853743553, "dmean": 0.528494358063, "var": 1.64333593845, "dvar": 1.1195268631, "mean": 0.828330338001}, "spectral_spread": {"min": 828901.8125, "max": 42141640, "dvar2": 789419524096, "median": 4776635, "dmean2": 713231.5625, "dmean": 500817.6875, "var": 2034836701180.0, "dvar": 453016092672, "mean": 4808959}, "spectral_rms": {"min": 3.17518559188e-12, "max": 0.0141798369586, "dvar2": 5.8901164266e-06, "median": 0.00575408246368, "dmean2": 0.00204344373196, "dmean": 0.00128492235672, "var": 5.53770087208e-06, "dvar": 2.8227295843e-06, "mean": 0.00574766471982}, "erbbands": {"min": [8.28834872804e-22, 3.57798670326e-21, 9.68888202931e-21, 3.25473502119e-20, 7.35867886239e-20, 7.34094876295e-20, 4.54247060564e-19, 6.24682249107e-19, 3.51379758466e-19, 1.12965595394e-18, 1.1023687131e-18, 7.63676457662e-19, 1.33882625281e-18, 3.24060019766e-18, 4.22147903304e-18, 4.93620278695e-18, 3.25837920416e-18, 4.70031734603e-18, 7.52507213627e-18, 8.02499280154e-18, 9.03025381944e-18, 5.90688021063e-18, 1.12444401298e-17, 2.00630440731e-17, 1.47788621188e-17, 1.52635006223e-17, 1.57450438159e-17, 1.78060404127e-17, 1.12753799934e-17, 1.5897878669e-17, 1.86185269888e-17, 2.07069810189e-17, 1.21752879798e-17, 8.78784688657e-18, 9.7418657199e-18, 5.9796435668e-18, 3.5486114453e-18, 1.23743179749e-18, 3.1387807783e-19, 3.56891825112e-20], "max": [4.08399152756, 48.7557868958, 80.5350646973, 167.872879028, 240.931930542, 351.664154053, 781.58807373, 1170.6204834, 1093.75317383, 683.678710938, 619.18536377, 964.589233398, 409.887908936, 641.191223145, 651.01574707, 633.986755371, 519.822998047, 1062.67590332, 1043.10974121, 1284.68701172, 1493.88049316, 1129.93310547, 955.107971191, 1025.96728516, 873.429626465, 538.454345703, 443.836486816, 230.170135498, 152.20350647, 127.221839905, 85.9651641846, 53.1663856506, 56.5178527832, 27.7640132904, 8.50423622131, 6.82565641403, 5.35604429245, 1.31150853634, 0.167320817709, 0.0043683196418], "dvar2": [0.838262379169, 128.923278809, 127.018440247, 175.93347168, 2029.4440918, 3048.92773438, 851.182678223, 2163.81469727, 1964.25769043, 984.388671875, 973.535766602, 1057.23339844, 550.419616699, 688.413452148, 749.89276123, 786.43536377, 441.04699707, 2008.75170898, 1591.39672852, 2077.0546875, 3661.17602539, 1464.83105469, 1895.32189941, 3609.2800293, 852.231811523, 459.403045654, 553.018127441, 260.168395996, 121.202445984, 51.6304512024, 22.4513530731, 11.1922569275, 9.26659488678, 3.1326956749, 0.340117543936, 0.151642099023, 0.127591192722, 0.00921358261257, 0.000108373737021, 7.61436851349e-08], "median": [0.106904692948, 1.06230425835, 3.32627177238, 5.86119842529, 7.06572294235, 8.40036964417, 10.1861772537, 14.0968208313, 12.6600942612, 8.16660404205, 9.3038482666, 8.73856163025, 8.1384267807, 6.88989019394, 6.85240221024, 8.21353054047, 6.41738319397, 10.7041578293, 12.2982444763, 11.7735090256, 14.7954568863, 12.5094518661, 15.9828767776, 20.7798233032, 14.3689422607, 11.227517128, 12.2734146118, 9.88139343262, 7.08415222168, 3.32958221436, 1.63077330589, 1.0299063921, 0.704285085201, 0.465227425098, 0.192587673664, 0.0892377123237, 0.0326813496649, 0.0069228336215, 0.000726601399947, 6.87210849719e-05], "dmean2": [0.453085720539, 5.23646593094, 7.13884353638, 9.51091194153, 20.9271183014, 23.1819076538, 17.403629303, 24.9564990997, 24.2101631165, 15.8416194916, 16.691028595, 15.7612838745, 13.5857839584, 12.2656993866, 13.1172113419, 15.9737586975, 11.5225429535, 22.7666683197, 21.9204330444, 21.6459236145, 27.6743545532, 17.4603404999, 20.7395515442, 28.9898986816, 17.2162399292, 12.5830974579, 13.4598398209, 9.96788787842, 7.13033390045, 3.94285416603, 2.46329522133, 1.71268880367, 1.36627161503, 0.797440826893, 0.302391111851, 0.197380572557, 0.150245681405, 0.0393052510917, 0.004210033454, 0.000129397507408], "dmean": [0.269255340099, 3.13743638992, 4.34445047379, 5.62836551666, 12.0776367188, 13.3543148041, 10.872584343, 15.7629737854, 15.1146421432, 9.64995670319, 10.5758581161, 10.0926742554, 8.50256156921, 7.85916233063, 8.55156803131, 10.1073074341, 7.17823123932, 14.6093177795, 14.0305948257, 13.7046146393, 17.3348674774, 10.6682443619, 12.9296417236, 18.1167182922, 10.6152381897, 7.56996059418, 8.18171215057, 6.07843017578, 4.51734924316, 2.61451888084, 1.67037463188, 1.18290567398, 0.969962835312, 0.569196343422, 0.223277837038, 0.145110249519, 0.101543538272, 0.026789303869, 0.0029410913121, 9.13192052394e-05], "var": [0.31488737464, 49.7499847412, 64.9298095703, 126.000457764, 631.06829834, 919.228393555, 948.826843262, 3106.39355469, 2072.93798828, 909.741333008, 1084.90856934, 1449.21655273, 541.635681152, 755.855285645, 1171.56518555, 733.580444336, 348.868347168, 2839.6328125, 2039.27099609, 2108.52001953, 3984.66723633, 872.252197266, 1885.68811035, 3804.19750977, 1190.75634766, 456.714477539, 527.577270508, 246.684173584, 152.718231201, 73.6436309814, 34.3432998657, 18.8948764801, 14.2245206833, 4.40671157837, 0.594736456871, 0.206528604031, 0.0968779474497, 0.00743839191273, 0.000101531950349, 7.76062663022e-08], "dvar": [0.336506605148, 54.4609832764, 52.5572967529, 67.3273239136, 739.404052734, 1094.22668457, 383.876281738, 940.048583984, 862.624938965, 399.122131348, 458.097076416, 520.896911621, 239.929748535, 275.197052002, 396.952362061, 354.186767578, 190.869934082, 960.314758301, 746.951965332, 975.477600098, 1617.90600586, 597.734069824, 749.450561523, 1458.9786377, 372.177886963, 170.414978027, 210.548187256, 95.8078155518, 50.6781387329, 24.7887859344, 11.4885702133, 5.60897493362, 4.87435007095, 1.52328455448, 0.176938384771, 0.0828588157892, 0.0595373548567, 0.00447116745636, 5.63647445233e-05, 4.05977296225e-08], "mean": [0.293330520391, 3.24157500267, 5.96548032761, 9.26140213013, 15.1508102417, 17.6298351288, 20.1837215424, 30.6493148804, 27.0620536804, 16.7247467041, 18.4912281036, 18.3526878357, 14.7169294357, 14.351316452, 15.0181274414, 16.1998958588, 11.6425333023, 24.4941272736, 25.4053955078, 24.2184925079, 30.5014781952, 19.1217212677, 26.8397140503, 37.211643219, 23.0895252228, 16.805267334, 18.6330299377, 14.5754165649, 10.8519773483, 6.10696983337, 3.72537565231, 2.65321493149, 2.0369143486, 1.22065377235, 0.488213896751, 0.258483827114, 0.137377813458, 0.0353917405009, 0.00404529366642, 0.00015769294987]}, "zerocrossingrate": {"min": 0.00244140625, "max": 0.49169921875, "dvar2": 0.00027957954444, "median": 0.05517578125, "dmean2": 0.0146203525364, "dmean": 0.0123224025592, "var": 0.00161316536833, "dvar": 0.000222587797907, "mean": 0.0631842240691}, "spectral_contrast_coeffs": {"min": [-0.986727416515, -0.982344269753, -0.969583928585, -0.964705348015, -0.958443760872, -0.963500618935], "max": [-0.292904436588, -0.351910442114, -0.465443491936, -0.487921744585, -0.560360014439, -0.540198385715], "dvar2": [0.00672670034692, 0.00439262203872, 0.00230513000861, 0.00155147071928, 0.000848347437568, 0.000677238858771], "median": [-0.647293686867, -0.725894391537, -0.789545416832, -0.79001969099, -0.790023088455, -0.733256995678], "dmean2": [0.0965056344867, 0.0827724635601, 0.060017645359, 0.0489809773862, 0.0358029976487, 0.0284228529781], "dmean": [0.0582664683461, 0.0508757419884, 0.0375778079033, 0.0311662219465, 0.0222744625062, 0.0179490447044], "var": [0.00725567061454, 0.00699400482699, 0.00438416050747, 0.00390274566598, 0.00209099985659, 0.00216000201181], "dvar": [0.00259471288882, 0.00171625323128, 0.000952614529524, 0.00067180080805, 0.000355778523954, 0.00029968097806], "mean": [-0.64094632864, -0.719087123871, -0.781250715256, -0.779709339142, -0.785959601402, -0.730279386044]}, "dissonance": {"min": 0.19901047647, "max": 0.5, "dvar2": 0.000564247893635, "median": 0.476470500231, "dmean2": 0.0234562698752, "dmean": 0.0141450949013, "var": 0.000549200165551, "dvar": 0.000218390821829, "mean": 0.470349103212}, "spectral_energyband_high": {"min": 7.44662076309e-21, "max": 0.0134369255975, "dvar2": 1.07019388906e-06, "median": 0.000893922639079, "dmean2": 0.000642222876195, "dmean": 0.000447063008323, "var": 2.10305756809e-06, "dvar": 5.12285907917e-07, "mean": 0.00133055599872}, "spectral_skewness": {"min": 0.0040257726796, "max": 9.64986228943, "dvar2": 0.177007526159, "median": 1.23823022842, "dmean2": 0.316696465015, "dmean": 0.194294393063, "var": 0.277904957533, "dvar": 0.0726091638207, "mean": 1.31628072262}, "spectral_flux": {"min": 1.01655545093e-10, "max": 0.377751976252, "dvar2": 0.00653396826237, "median": 0.0916748568416, "dmean2": 0.0631382539868, "dmean": 0.0382131300867, "var": 0.00416354183108, "dvar": 0.00258989096619, "mean": 0.105722516775}, "silence_rate_30dB": {"min": 0, "max": 1, "dvar2": 0.148092135787, "median": 1, "dmean2": 0.132429197431, "dmean": 0.0662093162537, "var": 0.0471520461142, "dvar": 0.0618318654597, "mean": 0.950386881828}, "spectral_energyband_middle_high": {"min": 1.64579487725e-21, "max": 0.0418515726924, "dvar2": 9.3585358627e-06, "median": 0.00371743715368, "dmean2": 0.00222948263399, "dmean": 0.00143095850945, "var": 1.53265573317e-05, "dvar": 3.92234278479e-06, "mean": 0.0045638740994}, "barkbands_spread": {"min": 0.105207532644, "max": 113.747596741, "dvar2": 166.067169189, "median": 22.406047821, "dmean2": 11.4989280701, "dmean": 7.26734685898, "var": 265.196655273, "dvar": 72.9270706177, "mean": 25.3378067017}, "spectral_centroid": {"min": 97.1885528564, "max": 11093.5078125, "dvar2": 231025.859375, "median": 1391.16223145, "dmean2": 453.780059814, "dmean": 292.089263916, "var": 574927.6875, "dvar": 105865.90625, "mean": 1482.06188965}, "pitch_salience": {"min": 0.0476189181209, "max": 0.92223316431, "dvar2": 0.0217751506716, "median": 0.551838755608, "dmean2": 0.153759032488, "dmean": 0.0933455079794, "var": 0.0212470218539, "dvar": 0.00899036414921, "mean": 0.529557704926}, "erbbands_skewness": {"min": -3.52212333679, "max": 9.99844646454, "dvar2": 0.469870388508, "median": 0.034345317632, "dmean2": 0.56599855423, "dmean": 0.377002388239, "var": 1.06032288074, "dvar": 0.209856942296, "mean": 0.148103028536}, "erbbands_crest": {"min": 2.12287402153, "max": 30.7107048035, "dvar2": 14.7765359879, "median": 6.91154718399, "dmean2": 3.89168143272, "dmean": 2.43290615082, "var": 22.542388916, "dvar": 6.20141983032, "mean": 8.35901165009}, "melbands": {"min": [6.19218536921e-24, 5.17563632977e-24, 6.93361640693e-24, 5.21251202722e-24, 1.25892655256e-23, 1.44216584576e-23, 7.54534411791e-24, 1.09728832199e-23, 9.44089088732e-24, 4.32335929081e-24, 6.87922760296e-24, 1.27339094835e-23, 1.317204993e-23, 1.7375429788e-23, 6.66775923782e-24, 9.81519197621e-24, 7.64603353499e-24, 1.15111593032e-23, 1.41600169611e-23, 6.20100996172e-24, 1.2010288164e-23, 5.21001725461e-24, 8.42394899515e-24, 1.20777515486e-23, 1.72340895796e-23, 1.27642467073e-23, 8.58646223024e-24, 1.02579038717e-23, 9.24637672075e-24, 1.20283735891e-23, 8.79537074174e-24, 5.62691683238e-24, 7.89728021128e-24, 8.49455993478e-24, 1.01068874954e-23, 1.31053186083e-23, 1.2477230711e-23, 9.35863714959e-24, 5.65903175426e-24, 7.87398514875e-24], "max": [0.0471393950284, 0.0404790975153, 0.0245842244476, 0.0241355746984, 0.0218843482435, 0.0224999878556, 0.0149894002825, 0.00742818741128, 0.00692433957011, 0.00628051301464, 0.00205797911622, 0.00274958065711, 0.00166414061096, 0.00158147537149, 0.00153649877757, 0.00199145427905, 0.00244756927714, 0.00157212954946, 0.000873538025189, 0.00366831547581, 0.00247867614962, 0.00170829182025, 0.000890527328011, 0.0017504816642, 0.000947748951148, 0.00100212777033, 0.000200916678295, 0.000420174299506, 0.000452679523733, 0.000371187721612, 8.99827427929e-05, 8.96241763257e-05, 9.38428856898e-05, 6.66546766297e-05, 5.17797998327e-05, 3.60331687261e-05, 3.612828732e-05, 4.24728241342e-05, 3.47440909536e-05, 2.37729382206e-05], "dvar2": [0.000121805140225, 7.37271184335e-05, 5.85527595831e-06, 1.92362549569e-05, 9.71060330812e-07, 9.28731878957e-07, 3.75438162337e-07, 1.05400474126e-07, 7.13751049375e-08, 4.01511712766e-08, 1.46577043836e-08, 1.42110234691e-08, 6.24479667977e-09, 4.85303663922e-09, 5.48026113378e-09, 2.8150315412e-09, 1.01183941226e-08, 5.49745760026e-09, 1.90149207491e-09, 1.25699086695e-08, 5.16149167851e-09, 2.79239431578e-09, 1.32555277865e-09, 4.48692327737e-09, 3.07788217135e-09, 1.02050867756e-09, 2.58891519334e-10, 2.41205277973e-10, 3.83758691491e-10, 2.67179084412e-10, 7.75037742318e-11, 4.94992900835e-11, 3.1970641412e-11, 1.62220237243e-11, 9.9412700294e-12, 6.45446369962e-12, 4.88093072903e-12, 5.93239520008e-12, 4.46511144031e-12, 2.14114620131e-12], "median": [0.0011344095692, 0.00184156186879, 0.0011739450274, 0.000596910424065, 0.000390848144889, 0.000326431705616, 0.000185657801921, 8.17859327071e-05, 7.48843303882e-05, 5.15897954756e-05, 3.77613796445e-05, 2.51540877798e-05, 1.83149004442e-05, 2.33702212427e-05, 1.52131560753e-05, 1.10085002234e-05, 1.89113889064e-05, 1.90286646102e-05, 1.1893131159e-05, 1.73910575541e-05, 1.5198024812e-05, 1.04432519947e-05, 1.25250362544e-05, 1.41697619256e-05, 1.59779046953e-05, 1.10375494842e-05, 7.77212426328e-06, 6.62795719109e-06, 7.58491842134e-06, 6.50686479275e-06, 5.09695428264e-06, 4.1399807742e-06, 2.59054013441e-06, 1.45665296714e-06, 9.48327169681e-07, 7.70074905176e-07, 5.47895979253e-07, 5.11379539603e-07, 4.17253971818e-07, 3.72264764792e-07], "dmean2": [0.00517254555598, 0.00478025432676, 0.00181730627082, 0.00175658578519, 0.00062432512641, 0.000548163079657, 0.000347791035892, 0.000165347984876, 0.000138470786624, 9.72258858383e-05, 6.90565502737e-05, 5.25067625858e-05, 3.96062205255e-05, 4.29090105172e-05, 3.53993236786e-05, 2.59999433183e-05, 4.85699129058e-05, 3.96397335862e-05, 2.39216788032e-05, 4.38696806668e-05, 3.08196431433e-05, 1.97558147192e-05, 1.9045013687e-05, 2.51849360211e-05, 2.59291482507e-05, 1.68425613083e-05, 1.05293975139e-05, 8.74701163411e-06, 9.96037942969e-06, 8.33474678075e-06, 5.76799084229e-06, 4.65043012809e-06, 3.2957420899e-06, 2.26359748012e-06, 1.63811716902e-06, 1.38582197451e-06, 1.06035702174e-06, 1.103335876e-06, 9.21894582007e-07, 6.65934067001e-07], "dmean": [0.00308714620769, 0.00292215193622, 0.0010725700995, 0.00100677693263, 0.000385130289942, 0.0003477918508, 0.000217245542444, 0.000101206802356, 8.83301254362e-05, 6.21224389761e-05, 4.32014530816e-05, 3.35706026817e-05, 2.56165767496e-05, 2.74002941296e-05, 2.261588088e-05, 1.59115479619e-05, 3.13438540616e-05, 2.52484205703e-05, 1.50218256749e-05, 2.84474735963e-05, 1.91796279978e-05, 1.20264612633e-05, 1.18191028378e-05, 1.5585366782e-05, 1.61968982866e-05, 1.04784521682e-05, 6.30421482128e-06, 5.26260600964e-06, 6.02775253356e-06, 5.0194639698e-06, 3.50678692485e-06, 2.89938884634e-06, 2.1020141503e-06, 1.46076774854e-06, 1.08456140424e-06, 9.09585025965e-07, 7.18208411854e-07, 7.60480077133e-07, 6.33228751212e-07, 4.62189490236e-07], "var": [4.59345756099e-05, 3.57790195267e-05, 3.7429040276e-06, 5.22609070686e-06, 9.94571564661e-07, 1.35939410484e-06, 4.06841337508e-07, 1.0191855182e-07, 9.57798107493e-08, 5.39294688906e-08, 1.41251241814e-08, 1.49161962781e-08, 9.25594623169e-09, 5.7380180607e-09, 5.70062619332e-09, 2.30009211677e-09, 1.47047529708e-08, 6.36879438076e-09, 1.80892556489e-09, 1.41407721088e-08, 5.41178035718e-09, 1.41412326293e-09, 1.38263533955e-09, 3.36611094554e-09, 3.078462818e-09, 1.4027229378e-09, 2.03773151131e-10, 2.35176156327e-10, 3.20854315339e-10, 1.71748587574e-10, 7.49165451897e-11, 5.46385367506e-11, 3.7143777637e-11, 1.96924976326e-11, 1.26762402658e-11, 8.53343784524e-12, 6.70635682404e-12, 8.31792100475e-12, 5.2262734071e-12, 2.69415349405e-12], "dvar": [5.03198534716e-05, 3.30068942276e-05, 2.18265222429e-06, 6.94152822689e-06, 4.16819602833e-07, 4.04602332083e-07, 1.6537802594e-07, 4.30325570733e-08, 3.55292826271e-08, 1.95220977162e-08, 6.36310337754e-09, 5.56924417694e-09, 3.16875503614e-09, 2.2641011288e-09, 2.67949529231e-09, 1.28360000407e-09, 4.90567586553e-09, 2.56367682638e-09, 8.85133633055e-10, 6.26186524855e-09, 2.2594999205e-09, 1.13044185124e-09, 5.90063775618e-10, 1.73720071661e-09, 1.25060972689e-09, 4.58051707675e-10, 9.65344817971e-11, 9.00793536984e-11, 1.4696047157e-10, 9.15651235389e-11, 2.93517779526e-11, 2.01200722749e-11, 1.37963590205e-11, 7.51280634925e-12, 4.83466391921e-12, 3.03027308107e-12, 2.24213876632e-12, 3.03127423336e-12, 2.11071980206e-12, 9.89597726681e-13], "mean": [0.00327180814929, 0.00370760611258, 0.00176149059553, 0.00124778191093, 0.000712199660484, 0.000690352695528, 0.000390159722883, 0.000172374362592, 0.000154037727043, 0.000110504908662, 7.18789087841e-05, 5.87297290622e-05, 4.33853638242e-05, 4.58530266769e-05, 3.43747087754e-05, 2.27457167057e-05, 5.04995259689e-05, 4.3122927309e-05, 2.46103572863e-05, 4.64629010821e-05, 3.15074285027e-05, 1.8491238734e-05, 2.12925460801e-05, 2.86911254079e-05, 3.0718085327e-05, 2.02814426302e-05, 1.20305212477e-05, 1.05939516288e-05, 1.20921549751e-05, 1.03285274236e-05, 7.75417720433e-06, 6.43130715616e-06, 4.5401538955e-06, 2.99254861602e-06, 2.20399260797e-06, 1.82855865205e-06, 1.51744370669e-06, 1.50448749991e-06, 1.2335278825e-06, 9.59784074439e-07]}, "spectral_entropy": {"min": 3.76943397522, "max": 9.81478023529, "dvar2": 0.112351812422, "median": 7.72667121887, "dmean2": 0.256725907326, "dmean": 0.171562954783, "var": 0.24045586586, "dvar": 0.0511899851263, "mean": 7.63328361511}, "spectral_rolloff": {"min": 64.599609375, "max": 19035.3515625, "dvar2": 2326840.5, "median": 775.1953125, "dmean2": 1028.80627441, "dmean": 609.571899414, "var": 2501213, "dvar": 1032181.125, "mean": 1444.23071289}, "barkbands": {"min": [3.08181173842e-24, 2.09037127385e-23, 8.58552821893e-24, 1.49692257445e-23, 2.39988542541e-23, 8.58650987744e-23, 5.45489995331e-23, 3.65459504312e-23, 3.52407863744e-23, 5.80904233286e-23, 9.97900462298e-23, 1.35046751817e-22, 8.11741026916e-23, 9.97135014784e-23, 1.71077714917e-22, 1.48994153409e-22, 7.9367201011e-23, 2.72136186373e-22, 3.50149582164e-22, 3.14433115819e-22, 4.48440944135e-22, 3.79690163767e-22, 5.80705377229e-22, 8.54844714943e-22, 1.14148026573e-21, 1.75515124404e-21, 2.33255198827e-21], "max": [0.00558987772092, 0.193082213402, 0.0808881819248, 0.0684842765331, 0.093138679862, 0.0913950130343, 0.0623235851526, 0.0283069070429, 0.0316570028663, 0.0189452711493, 0.0123764891177, 0.0125465616584, 0.0150365969166, 0.021185092628, 0.0168172679842, 0.0410540476441, 0.0301716998219, 0.0247609671205, 0.0146438926458, 0.00758234737441, 0.00775227881968, 0.00390304950997, 0.00280864886008, 0.00294771883637, 0.00176796200685, 0.00226917373948, 0.000741520721931], "dvar2": [1.75690587412e-07, 0.0020342823118, 8.7855165475e-05, 2.96854668704e-05, 0.000270614254987, 2.07841130759e-05, 6.40769803795e-06, 1.85597809832e-06, 1.94983476831e-06, 8.22512674858e-07, 3.3724799664e-07, 4.38313833229e-07, 2.486803794e-07, 9.56194071478e-07, 4.46011114263e-07, 1.86679835679e-06, 7.54532834435e-07, 1.1341400068e-06, 6.7185720809e-07, 1.93163117501e-07, 2.46740853527e-07, 7.45000079405e-08, 2.96800468647e-08, 2.54419258994e-08, 1.25848478305e-08, 2.39880897368e-08, 2.77287681705e-09], "median": [9.81415942078e-05, 0.00444350391626, 0.00273316865787, 0.00181246164721, 0.00281430617906, 0.00173997797538, 0.000679669959936, 0.000362016202416, 0.000363079248928, 0.000233696657233, 0.000112326102681, 0.000197921384824, 0.000105293627712, 0.000210686252103, 0.000172389234649, 0.00025985846878, 0.000201979026315, 0.000290410011075, 0.000348640227458, 0.000236044637859, 0.000286466325633, 0.000171094128746, 6.66167834424e-05, 4.40340918431e-05, 3.38880672643e-05, 1.89331967704e-05, 3.72817044081e-06], "dmean2": [0.000251365330769, 0.0210278779268, 0.00582544971257, 0.00377581990324, 0.00698188971728, 0.00276678800583, 0.00142843229696, 0.000747356272768, 0.00069641234586, 0.000446188554633, 0.000287933013169, 0.000394109432818, 0.000252058089245, 0.000506565673277, 0.000361422338756, 0.00058601598721, 0.00035857030889, 0.00046154280426, 0.000464830227429, 0.000278415885987, 0.000293614866678, 0.000173398759216, 9.46625150391e-05, 7.68848694861e-05, 5.37660671398e-05, 6.78640863043e-05, 2.18975146709e-05], "dmean": [0.000154276291141, 0.0125886276364, 0.0034370245412, 0.00222366093658, 0.00405179709196, 0.00175432756077, 0.000878009595908, 0.000466439669253, 0.00044718675781, 0.000284205976641, 0.000186227596714, 0.00025159760844, 0.000154904060764, 0.000325451983372, 0.000230190678849, 0.000374506926164, 0.000220182017074, 0.000286247697659, 0.000289356103167, 0.000167276361026, 0.000178985661478, 0.000112075198558, 6.32690280327e-05, 5.50474469492e-05, 3.93606969737e-05, 4.75178458146e-05, 1.53371947818e-05], "var": [1.3650458186e-07, 0.000785307609476, 4.084585089e-05, 2.13169787457e-05, 8.01108180895e-05, 2.92438962788e-05, 6.17871546638e-06, 1.855324399e-06, 2.968540457e-06, 8.31687430036e-07, 5.05746356794e-07, 4.48273510756e-07, 1.84739050724e-07, 1.29820466555e-06, 5.25756661318e-07, 2.09925565287e-06, 5.18817557804e-07, 1.01387411178e-06, 7.72622342993e-07, 1.80608125788e-07, 2.34590714854e-07, 1.07868302734e-07, 4.46944383725e-08, 4.5831153983e-08, 2.06668655522e-08, 2.20657359051e-08, 2.6489102023e-09], "dvar": [7.11268270948e-08, 0.000854457262903, 3.1876948924e-05, 1.13814367069e-05, 9.83809295576e-05, 8.95828452485e-06, 2.71745761893e-06, 8.05587774266e-07, 9.7120528153e-07, 3.28461084109e-07, 1.71443417685e-07, 2.03487431349e-07, 1.086286332e-07, 4.53964531744e-07, 2.08475626096e-07, 8.72964449172e-07, 3.3566598745e-07, 4.37008708332e-07, 2.86431571794e-07, 7.16911898735e-08, 9.07490473878e-08, 3.30431859652e-08, 1.48826995172e-08, 1.35975586346e-08, 6.40958397469e-09, 1.18494787316e-08, 1.45036027632e-09], "mean": [0.00023767312814, 0.0132210245356, 0.00476838648319, 0.00336054107174, 0.0053900773637, 0.0035267486237, 0.00148161116522, 0.000777363253292, 0.000805517716799, 0.000495385902468, 0.000300152780255, 0.000397556868847, 0.000222966409638, 0.000531400670297, 0.000385887979064, 0.000631341303233, 0.000353617593646, 0.000552889192477, 0.000595649587922, 0.000355720432708, 0.000428585830377, 0.000274455436738, 0.000141774275107, 0.000123054007418, 8.70374642545e-05, 7.03219338902e-05, 2.09434874705e-05]}, "melbands_flatness_db": {"min": 0.00431543588638, "max": 0.79848408699, "dvar2": 0.00412737391889, "median": 0.195923820138, "dmean2": 0.0586408562958, "dmean": 0.0368087999523, "var": 0.00724948989227, "dvar": 0.00172891840339, "mean": 0.209907442331}, "melbands_skewness": {"min": -3.00690031052, "max": 19.7284221649, "dvar2": 5.43364524841, "median": 3.17268514633, "dmean2": 1.87146306038, "dmean": 1.17305469513, "var": 4.84986066818, "dvar": 2.37905740738, "mean": 3.6253926754}, "barkbands_skewness": {"min": -4.62981748581, "max": 26.0588855743, "dvar2": 3.98822855949, "median": 1.81093859673, "dmean2": 1.39313852787, "dmean": 0.87203836441, "var": 3.83261847496, "dvar": 1.64975345135, "mean": 2.14347147942}, "silence_rate_60dB": {"min": 0, "max": 1, "dvar2": 0.0415852963924, "median": 0, "dmean2": 0.0375747904181, "dmean": 0.018825782463, "var": 0.0509408079088, "dvar": 0.0184697955847, "mean": 0.0538406334817}, "spectral_energyband_low": {"min": 3.90830343875e-23, "max": 0.199960783124, "dvar2": 0.00196946109645, "median": 0.0111919920892, "dmean2": 0.0240534357727, "dmean": 0.0147496843711, "var": 0.000938740791753, "dvar": 0.000879325438291, "mean": 0.0200266037136}, "spectral_energyband_middle_low": {"min": 2.61217139755e-22, "max": 0.10776603967, "dvar2": 0.000370954046957, "median": 0.0130126150325, "dmean2": 0.0114317107946, "dmean": 0.00683663086966, "var": 0.000183144205948, "dvar": 0.00013769439829, "mean": 0.015499250032}, "melbands_kurtosis": {"min": -1.88396549225, "max": 689.610595703, "dvar2": 3939.6262207, "median": 13.6723022461, "dmean2": 29.6034793854, "dmean": 17.8782329559, "var": 2230.20922852, "dvar": 1577.12634277, "mean": 26.7574748993}, "spectral_decrease": {"min": -5.40817453043e-08, "max": 3.51939894046e-29, "dvar2": 1.35061772485e-16, "median": -8.35409696975e-09, "dmean2": 7.85749776355e-09, "dmean": 4.80764095201e-09, "var": 7.13173418924e-17, "dvar": 6.0508347835e-17, "mean": -9.89053550171e-09}, "erbbands_kurtosis": {"min": -1.89996182919, "max": 130.514480591, "dvar2": 32.7628898621, "median": -0.600440263748, "dmean2": 1.72404360771, "dmean": 1.08822071552, "var": 24.0935649872, "dvar": 13.3556785583, "mean": 0.423471838236}, "melbands_crest": {"min": 1.79961240292, "max": 33.9599876404, "dvar2": 31.4490184784, "median": 13.6318130493, "dmean2": 6.37827396393, "dmean": 3.79000258446, "var": 26.251039505, "dvar": 11.515873909, "mean": 14.5946521759}, "gfcc": {"cov": [[10488.0244141, -1974.29003906, -75.3816375732, 328.76940918, -526.220153809, 152.949264526, -451.858795166, 127.234924316, -387.250091553, 163.595657349, -127.689575195, 284.700500488, -188.368499756], [-1974.29003906, 1884.12438965, -499.39654541, 38.0262565613, 233.286132812, -187.56703186, 254.42024231, -111.538635254, 186.086715698, -179.018203735, 117.216041565, -120.930160522, 179.315689087], [-75.3816375732, -499.39654541, 963.220275879, -48.5512313843, -13.5464029312, 128.31451416, -56.0643386841, 79.601524353, -43.125541687, 82.4021377563, -41.5065002441, 59.0468711853, -103.087974548], [328.76940918, 38.0262565613, -48.5512313843, 296.226531982, 39.8521652222, 50.8589019775, 65.4395904541, 21.9247913361, 39.8815841675, 4.52035617828, 24.4011688232, -22.1432628632, 25.6976356506], [-526.220153809, 233.286132812, -13.5464029312, 39.8521652222, 280.000732422, 55.7497024536, 120.933135986, 6.09292793274, 69.3458709717, 6.56133460999, 6.60286569595, -12.1141338348, 14.8817596436], [152.949264526, -187.56703186, 128.31451416, 50.8589019775, 55.7497024536, 199.412872314, 32.4904823303, 42.064868927, 2.68409132957, 26.9382572174, -9.79497528076, 4.64251804352, -15.9424524307], [-451.858795166, 254.42024231, -56.0643386841, 65.4395904541, 120.933135986, 32.4904823303, 203.220230103, 43.1751022339, 68.4465408325, -14.2667179108, 24.7419376373, -17.6055030823, 31.7698936462], [127.234924316, -111.538635254, 79.601524353, 21.9247913361, 6.09292793274, 42.064868927, 43.1751022339, 110.743560791, 34.2926483154, 28.9974918365, -1.44585192204, 20.6465644836, -14.1348104477], [-387.250091553, 186.086715698, -43.125541687, 39.8815841675, 69.3458709717, 2.68409132957, 68.4465408325, 34.2926483154, 116.049415588, 25.1381664276, 26.3928279877, -15.942152977, 29.4413967133], [163.595657349, -179.018203735, 82.4021377563, 4.52035617828, 6.56133460999, 26.9382572174, -14.2667179108, 28.9974918365, 25.1381664276, 100.091056824, 21.0567893982, 26.3045635223, -21.4411315918], [-127.689575195, 117.216041565, -41.5065002441, 24.4011688232, 6.60286569595, -9.79497528076, 24.7419376373, -1.44585192204, 26.3928279877, 21.0567893982, 83.8631820679, 23.920999527, 21.590795517], [284.700500488, -120.930160522, 59.0468711853, -22.1432628632, -12.1141338348, 4.64251804352, -17.6055030823, 20.6465644836, -15.942152977, 26.3045635223, 23.920999527, 79.2920761108, 7.90895700455], [-188.368499756, 179.315689087, -103.087974548, 25.6976356506, 14.8817596436, -15.9424524307, 31.7698936462, -14.1348104477, 29.4413967133, -21.4411315918, 21.590795517, 7.90895700455, 82.8267364502]], "icov": [[0.000181679730304, 3.91298181057e-06, 0.000181750729098, -0.000384142942494, 0.000199251197046, -0.00011077747331, 0.000181537514436, -0.000148105173139, 0.000364027655451, -0.000239761240664, 0.000468474259833, -0.000797757529654, 0.000360671983799], [3.91298181057e-06, 0.001643029158, -1.54300432769e-05, 0.0004142098187, -0.000811240170151, 0.00103915249929, -0.000696196861099, 0.000817148131318, -0.0015947658103, 0.00251733092591, -0.00230724876747, 0.00173572287895, -0.00128940120339], [0.000181750729098, -1.54300432769e-05, 0.00162855442613, -0.000278450723272, 0.000231074140174, -0.00080831249943, 0.000313885888318, -0.000516511208843, 0.000393562455429, -0.00073460029671, 0.0011241119355, -0.00186662445776, 0.0017095876392], [-0.000384142942494, 0.0004142098187, -0.000278450723272, 0.00500105367973, -0.000596381083596, -0.000529318931513, -0.00110331212636, -0.00022007386724, -0.00106465397403, 0.000777940906119, -0.00284575182013, 0.00398661894724, -0.0023366860114], [0.000199251197046, -0.000811240170151, 0.000231074140174, -0.000596381083596, 0.00655442802235, -0.0021337911021, -0.00288455351256, 0.00265109725296, -0.00225254194811, -0.00161436200142, 0.00337551767007, -0.00368147157133, 0.00250696158037], [-0.00011077747331, 0.00103915249929, -0.00080831249943, -0.000529318931513, -0.0021337911021, 0.00751446373761, -0.000868546136189, -0.00158216070849, 0.000943246064708, 0.000175010092789, -0.00123538356274, 0.00256000761874, -0.00166295235977], [0.000181537514436, -0.000696196861099, 0.000313885888318, -0.00110331212636, -0.00288455351256, -0.000868546136189, 0.0101432576776, -0.00508626643568, -6.68217035127e-05, 0.00145462632645, -0.00159745232668, 0.0010204159189, -0.00103519472759], [-0.000148105173139, 0.000817148131318, -0.000516511208843, -0.00022007386724, 0.00265109725296, -0.00158216070849, -0.00508626643568, 0.0169783532619, -0.0082642044872, 0.000772717001382, 0.00288568926044, -0.00617494573817, 0.004362040665], [0.000364027655451, -0.0015947658103, 0.000393562455429, -0.00106465397403, -0.00225254194811, 0.000943246064708, -6.68217035127e-05, -0.0082642044872, 0.0212377756834, -0.0093377828598, -0.000969203363638, 0.00566183356568, -0.00595215847716], [-0.000239761240664, 0.00251733092591, -0.00073460029671, 0.000777940906119, -0.00161436200142, 0.000175010092789, 0.00145462632645, 0.000772717001382, -0.0093377828598, 0.0205303560942, -0.00743098976091, -0.00146198400762, 0.00345732085407], [0.000468474259833, -0.00230724876747, 0.0011241119355, -0.00284575182013, 0.00337551767007, -0.00123538356274, -0.00159745232668, 0.00288568926044, -0.000969203363638, -0.00743098976091, 0.0223649386317, -0.0120615586638, 0.00234607188031], [-0.000797757529654, 0.00173572287895, -0.00186662445776, 0.00398661894724, -0.00368147157133, 0.00256000761874, 0.0010204159189, -0.00617494573817, 0.00566183356568, -0.00146198400762, -0.0120615586638, 0.0281435456127, -0.0113573819399], [0.000360671983799, -0.00128940120339, 0.0017095876392, -0.0023366860114, 0.00250696158037, -0.00166295235977, -0.00103519472759, 0.004362040665, -0.00595215847716, 0.00345732085407, 0.00234607188031, -0.0113573819399, 0.0223925244063]], "mean": [18.2374629974, 85.8836669922, -101.486000061, 46.6973342896, -48.073513031, 2.34756159782, -30.7379779816, 3.92348527908, -20.6519050598, 5.02179574966, -16.1123638153, 0.480341911316, -10.1016492844]}, "melbands_spread": {"min": 0.18768504262, "max": 194.089401245, "dvar2": 287.787963867, "median": 17.0366649628, "dmean2": 13.5007476807, "dmean": 8.39879894257, "var": 415.141784668, "dvar": 125.428359985, "mean": 22.94282341}, "spectral_energy": {"min": 1.03338494548e-20, "max": 0.206094458699, "dvar2": 0.00195165292826, "median": 0.0339372009039, "dmean2": 0.03010446392, "dmean": 0.0184516385198, "var": 0.0010490086861, "dvar": 0.000876168487594, "mean": 0.0395376496017}, "mfcc": {"cov": [[7854.87304688, -922.533081055, -273.831604004, 45.4597702026, -197.441375732, -81.0481719971, -91.1338043213, -41.5294380188, -160.027053833, -118.852043152, -66.683555603, -36.0508728027, -25.6021728516], [-922.533081055, 1328.09545898, -313.749816895, 127.106185913, -25.5150547028, -14.4227848053, 1.25300574303, 43.8094596863, 48.291683197, -36.713142395, -1.1320887804, -13.7210264206, 2.31925034523], [-273.831604004, -313.749816895, 713.305175781, -56.6748809814, 86.1803283691, 10.3130483627, 23.8359184265, 7.53416728973, -20.0984420776, 32.0668182373, -1.0882216692, 31.6092796326, 20.6067447662], [45.4597702026, 127.106185913, -56.6748809814, 232.233520508, -4.41040658951, 23.578622818, 24.24243927, 30.0850219727, 38.2935295105, 16.7516593933, 31.2644939423, 11.6809434891, 2.17558503151], [-197.441375732, -25.5150547028, 86.1803283691, -4.41040658951, 149.389968872, 69.3335113525, 28.6676006317, 19.3780345917, 21.6999568939, 25.1438598633, 11.033244133, 13.1008958817, 15.0245170593], [-81.0481719971, -14.4227848053, 10.3130483627, 23.578622818, 69.3335113525, 138.371170044, 62.4383735657, 31.6551914215, 38.0148506165, 33.2127151489, 14.9771909714, 11.3172254562, 7.10276603699], [-91.1338043213, 1.25300574303, 23.8359184265, 24.24243927, 28.6676006317, 62.4383735657, 106.116775513, 59.4375648499, 30.0650444031, 23.9306030273, 17.6408786774, 11.4881324768, 6.77144432068], [-41.5294380188, 43.8094596863, 7.53416728973, 30.0850219727, 19.3780345917, 31.6551914215, 59.4375648499, 103.23525238, 53.8941764832, 21.6191673279, 16.195514679, 14.8140201569, 10.8507623672], [-160.027053833, 48.291683197, -20.0984420776, 38.2935295105, 21.6999568939, 38.0148506165, 30.0650444031, 53.8941764832, 101.629745483, 51.8486557007, 18.7432441711, 8.22347354889, 4.28383779526], [-118.852043152, -36.713142395, 32.0668182373, 16.7516593933, 25.1438598633, 33.2127151489, 23.9306030273, 21.6191673279, 51.8486557007, 82.0654602051, 37.6500015259, 9.57916355133, 3.89196205139], [-66.683555603, -1.1320887804, -1.0882216692, 31.2644939423, 11.033244133, 14.9771909714, 17.6408786774, 16.195514679, 18.7432441711, 37.6500015259, 73.9729156494, 36.2678642273, 5.76556015015], [-36.0508728027, -13.7210264206, 31.6092796326, 11.6809434891, 13.1008958817, 11.3172254562, 11.4881324768, 14.8140201569, 8.22347354889, 9.57916355133, 36.2678642273, 74.7652664185, 38.8241653442], [-25.6021728516, 2.31925034523, 20.6067447662, 2.17558503151, 15.0245170593, 7.10276603699, 6.77144432068, 10.8507623672, 4.28383779526, 3.89196205139, 5.76556015015, 38.8241653442, 72.1295013428]], "icov": [[0.000160344716278, 0.000149690036778, 0.000101982986962, -0.000128107421915, 0.000150850784848, -7.61971023167e-05, 0.000176063986146, -0.00024802662665, 0.000274302263279, 6.22421721346e-05, 0.0001058360358, 2.33926471083e-06, -5.67504957871e-06], [0.000149690036778, 0.00105886650272, 0.000432962842751, -0.000495991727803, -3.19309183396e-05, 0.00015975619317, 0.000196775610675, -0.000464825425297, -0.000277340062894, 0.000818589527626, -7.1257527452e-05, 0.000278128194623, -0.000218982153456], [0.000101982986962, 0.000432962842751, 0.00190379074775, 3.8170442167e-06, -0.00104507443029, 0.000683027785271, -0.000311148178298, -0.000522467016708, 0.00120357121341, -0.0013443446951, 0.0012520266464, -0.00114507204853, 0.000253822770901], [-0.000128107421915, -0.000495991727803, 3.8170442167e-06, 0.0052438126877, 0.000511985039338, -0.000572278979234, -0.000468612706754, 4.77446446894e-05, -0.00176297617145, 0.000893775373697, -0.00240052421577, 0.000424303958425, -0.000182284333277], [0.000150850784848, -3.19309183396e-05, -0.00104507443029, 0.000511985039338, 0.00993737857789, -0.00508807785809, 0.00118500157259, -0.000723004166503, -4.1430012061e-05, -0.000297269813018, -0.000659838144202, 0.000534563150723, -0.00145018647891], [-7.61971023167e-05, 0.00015975619317, 0.000683027785271, -0.000572278979234, -0.00508807785809, 0.0133668538183, -0.00699654733762, 0.00231633591466, -0.00221213395707, -0.00174830423202, 0.00142846698873, -0.00128230359405, 0.000643633247819], [0.000176063986146, 0.000196775610675, -0.000311148178298, -0.000468612706754, 0.00118500157259, -0.00699654733762, 0.0186616331339, -0.0100474646315, 0.00337041448802, -0.00147663801908, -0.0010771319503, 0.000655077688862, -2.6121873816e-05], [-0.00024802662665, -0.000464825425297, -0.000522467016708, 4.77446446894e-05, -0.000723004166503, 0.00231633591466, -0.0100474646315, 0.0200126431882, -0.0102385338396, 0.00390466209501, -0.00161203846801, -0.000593093282077, -0.00122462539002], [0.000274302263279, -0.000277340062894, 0.00120357121341, -0.00176297617145, -4.1430012061e-05, -0.00221213395707, 0.00337041448802, -0.0102385338396, 0.0227717570961, -0.0137664834037, 0.0051524178125, -0.00231275218539, 0.00148926652037], [6.22421721346e-05, 0.000818589527626, -0.0013443446951, 0.000893775373697, -0.000297269813018, -0.00174830423202, -0.00147663801908, 0.00390466209501, -0.0137664834037, 0.0277272872627, -0.0141518041492, 0.00679901894182, -0.00306872604415], [0.0001058360358, -7.1257527452e-05, 0.0012520266464, -0.00240052421577, -0.000659838144202, 0.00142846698873, -0.0010771319503, -0.00161203846801, 0.0051524178125, -0.0141518041492, 0.0280812103301, -0.0155848897994, 0.00669660978019], [2.33926471083e-06, 0.000278128194623, -0.00114507204853, 0.000424303958425, 0.000534563150723, -0.00128230359405, 0.000655077688862, -0.000593093282077, -0.00231275218539, 0.00679901894182, -0.0155848897994, 0.0280320774764, -0.0137233231217], [-5.67504957871e-06, -0.000218982153456, 0.000253822770901, -0.000182284333277, -0.00145018647891, 0.000643633247819, -2.6121873816e-05, -0.00122462539002, 0.00148926652037, -0.00306872604415, 0.00669660978019, -0.0137233231217, 0.0211558509618]], "mean": [-627.138366699, 112.632705688, 7.93840122223, 44.1559867859, 5.0532169342, 7.99784755707, -0.0823388472199, -0.459287256002, 1.84450185299, -0.281167149544, 1.97309911251, -1.75360810757, -2.24221396446]}, "spectral_contrast_valleys": {"min": [-26.9968585968, -26.7722816467, -27.0404052734, -27.2771282196, -27.2195892334, -27.1668357849], "max": [-5.24381351471, -4.59063386917, -5.58958148956, -5.76116228104, -5.63839101791, -7.669485569], "dvar2": [0.335693150759, 0.362552672625, 0.334472566843, 0.340704232454, 0.274445712566, 0.413255184889], "median": [-6.59566450119, -6.49545764923, -7.28171062469, -7.52793550491, -7.03391981125, -9.75486087799], "dmean2": [0.687620699406, 0.650256991386, 0.579674899578, 0.530144631863, 0.417785912752, 0.397073298693], "dmean": [0.415407299995, 0.397816896439, 0.369949072599, 0.345420241356, 0.276139885187, 0.297134101391], "var": [0.984775006771, 0.8535348773, 0.891342401505, 0.986279428005, 1.19717180729, 1.88609850407], "dvar": [0.148195236921, 0.16694432497, 0.164061248302, 0.170529261231, 0.151473149657, 0.23054997623], "mean": [-6.81443595886, -6.66332101822, -7.45209121704, -7.69637393951, -7.27730798721, -10.0320320129]}, "barkbands_flatness_db": {"min": 0.0171922054142, "max": 0.640306472778, "dvar2": 0.00309854699299, "median": 0.118940100074, "dmean2": 0.0483021363616, "dmean": 0.0301751419902, "var": 0.0048407856375, "dvar": 0.00126183172688, "mean": 0.133058682084}, "dynamic_complexity": 2.33422279358, "erbbands_flatness_db": {"min": 0.0387005284429, "max": 0.429894655943, "dvar2": 0.000807037635241, "median": 0.119550995529, "dmean2": 0.0253358986229, "dmean": 0.0176159832627, "var": 0.00264692213386, "dvar": 0.000419722055085, "mean": 0.13302308321}, "hfc": {"min": 1.15395202697e-16, "max": 137.179702759, "dvar2": 165.340805054, "median": 21.6616897583, "dmea